146
0 0.0  0.808105  0.752590  0.262085  0.326605  0.287341  0.165349  0.449402  0.395752  0.293668  0.491415  0.367680  0.369476  0.562229  0.372713  0.341728  0.443026  0.516632  0.368692  0.264958  0.383565  0.480888  0.426464  0.759187  0.466960  0.222100  0.275146  0.243336  0.385874  0.531958  0.356246  0.316661  0.276008  0.333521  0.774843  0.404821  0.735214  0.306764  0.334626  0.718113  0.257253  0.363137  0.234733  0.343848  0.375451  0.313134  0.303862  0.287816  0.309849  0.277145  0.303442  0.264988  0.422981  0.061423  0.153444  0.284557  0.310602  0.366190  0.142913  0.665020  0.320729  0.341680  0.271764  0.384131  0.292935  0.461164  0.268684  0.676641  0.343712  0.245252  0.192473  0.294527  0.343049  0.376460  0.294670  0.351546  0.353763  0.351131  0.710764  0.851449  0.289708  0.068613  0.249161  0.373244  0.441671  0.306315  0.399272  0.311875  0.271378  0.306155  0.351505  0.505213  0.338631  0.762612  0.358524  0.333216  0.248662  0.804602  0.284817  0.245333  0.411157  0.266575  0.289130  0.278986  0.334901  0.177076  0.245192  0.837472  0.371970  0.782423  0.363026  0.434443  0.218222  0.299694  0.748185  0.377737  0.307323  0.299653  0.260786  0.751152  0.278123  0.391587  0.280680  0.338049  0.319766  0.340699  0.288194  0.297869  0.338844  0.707290  0.490519  0.297956  0.250709  0.382883  0.403120  0.196288  0.270260  0.394740  0.273131  0.330000  0.092279  0.299839  0.313866  0.281521  0.653515  0.358520 
1  0.808105 0.0  0.069852  0.796242  0.446733  0.752781  0.664703  0.467372  0.782661  0.463788  0.498487  0.609217  0.681106  0.390061  0.686843  0.498168  0.554700  0.424785  0.713797  0.611798  0.337367  0.416985  0.522895  0.071672  0.728580  0.635394  0.599398  0.726695  0.517578  0.277266  0.503774  0.512038  0.493564  0.523065  0.464411  0.502172  0.090947  0.352052  0.386398  0.246421  0.456000  0.702574  0.761821  0.719840  0.371545  0.759416  0.491195  0.660809  0.460818  0.464427  0.732900  0.468780  0.614767  0.694988  0.689458  0.756274  0.345396  0.790648  0.848378  0.476138  0.742315  0.520092  0.426702  0.369788  0.393622  0.715975  0.787812  0.550704  0.471674  0.662752  0.466769  0.634257  0.459629  0.918612  0.467641  0.706855  0.418119  0.439779  0.136641  0.170236  0.516417  0.711025  0.691407  0.612533  0.462731  0.503037  0.461896  0.509930  0.500583  0.483357  0.518892  0.357497  0.680785  0.034027  0.789296  0.515420  0.748432  0.513325  0.460180  0.714379  0.476110  0.545367  0.490437  0.462022  0.444361  0.771893  0.637980  0.570675  0.683323  0.062876  0.530665  0.429908  0.347189  0.479024  0.503373  0.515452  0.401648  0.672807  0.604279  0.404392  0.464102  0.435741  0.462347  0.440612  0.457677  0.488283  0.540610  0.617684  0.442049  0.557221  0.491895  0.622065  0.624175  0.522028  0.600542  0.683577  0.550579  0.427490  0.735120  0.517149  0.746316  0.454485  0.601595  0.486670  0.076919  0.490997 
2  0.752590  0.069852 0.0  0.918588  0.500363  0.859121  0.659592  0.430349  0.892143  0.507973  0.375397  0.545719  0.622289  0.485106  0.833020  0.657934  0.588093  0.426171  0.862957  0.700267  0.484727  0.474019  0.510006  0.180847  0.799549  0.717477  0.508553  0.655178  0.484568  0.395110  0.445651  0.625829  0.444910  0.660151  0.554555  0.581207  0.189427  0.508158  0.546596  0.193645  0.531751  0.914225  0.795489  0.792943  0.586068  0.845378  0.425015  0.835482  0.494586  0.473413  0.862202  0.538963  0.816912  0.766866  0.585631  0.812262  0.508871  0.716895  0.785604  0.610783  0.855937  0.476156  0.311880  0.659797  0.445820  0.767547  0.748236  0.642164  0.530781  0.594891  0.637825  0.630576  0.571395  0.720222  0.436111  0.866755  0.520778  0.572673  0.161214  0.134513  0.493980  0.631768  0.719100  0.466602  0.542788  0.604892  0.474319  0.602293  0.427234  0.472926  0.411883  0.401631  0.842545  0.202723  0.755433  0.580298  0.727806  0.605813  0.521792  0.704361  0.595620  0.528634  0.593309  0.467098  0.619615  0.754070  0.644814  0.480584  0.869326  0.000000  0.540088  0.607621  0.569947  0.577060  0.566292  0.484736  0.427551  0.863588  0.551221  0.749442  0.502764  0.634650  0.545255  0.613713  0.494265  0.449338  0.529512  0.634785  0.476117  0.333255  0.574320  0.642794  0.649806  0.616982  0.575205  0.639964  0.549318  0.518859  0.709301  0.509838  0.707272  0.520584  0.603337  0.527939  0.000000  0.473876 
3  0.262085  0.796242  0.918588 0.0  0.580706  0.168646  0.338791  0.283656  0.171331  0.369461  0.400617  0.356469  0.272119  0.430869  0.109347  0.526964  0.501914  0.635032  0.245143  0.243607  0.372645  0.476013  0.313094  0.892934  0.108682  0.331695  0.312184  0.403684  0.434436  0.570506  0.424775  0.537186  0.380157  0.528151  0.784174  0.372241  0.739067  0.289837  0.273938  0.555844  0.360711  0.214973  0.262547  0.300802  0.515020  0.198255  0.412963  0.197049  0.393616  0.383581  0.224098  0.425525  0.230743  0.289745  0.325703  0.248416  0.325844  0.153706  0.354353  0.730360  0.083162  0.357976  0.325675  0.487665  0.355371  0.228257  0.047013  0.846749  0.425339  0.269225  0.410241  0.366377  0.473263  0.126698  0.376643  0.260247  0.363107  0.460944  0.858292  0.717015  0.350009  0.378309  0.200761  0.313741  0.441897  0.474135  0.308992  0.547961  0.335224  0.430575  0.269839  0.517387  0.193612  0.849506  0.141328  0.485870  0.296726  0.725284  0.534996  0.193795  0.513471  0.378076  0.396371  0.392932  0.573377  0.343046  0.259418  0.699839  0.166194  0.782351  0.372141  0.438590  0.520816  0.419560  0.811006  0.391491  0.291183  0.203150  0.292443  0.827654  0.445382  0.390974  0.437054  0.552360  0.428707  0.364913  0.322873  0.271138  0.445644  0.682928  0.403315  0.284640  0.257203  0.486787  0.344372  0.289446  0.324635  0.268063  0.236058  0.320005  0.369566  0.378187  0.398341  0.249706  0.756128  0.489818 
4  0.326605  0.446733  0.500363  0.580706 0.0  0.445367  0.338843  0.018003  0.521836  0.206087  0.421150  0.159165  0.250763  0.438547  0.518741  0.298801  0.135057  0.411293  0.457244  0.222868  0.000000  0.452015  0.182050  0.609598  0.394434  0.289446  0.028170  0.316030  0.111189  0.439183  0.115237  0.153659  0.053948  0.180857  0.547613  0.012851  0.459730  0.063881  0.110978  0.630647  0.059832  0.486075  0.488755  0.448083  0.289393  0.514415  0.034583  0.360843  0.224967  0.039160  0.492245  0.062492  0.461295  0.349284  0.329946  0.477621  0.212663  0.433622  0.347193  0.586856  0.486331  0.123213  0.078124  0.154481  0.000000  0.473488  0.262275  0.579238  0.265795  0.253938  0.198501  0.201549  0.254214  0.332843  0.001250  0.485858  0.074502  0.221722  0.622572  0.534290  0.057732  0.401708  0.289308  0.048038  0.104193  0.249018  0.104996  0.195411  0.000000  0.114410  0.029580  0.419291  0.376390  0.577062  0.422372  0.273041  0.336731  0.519963  0.160616  0.417042  0.229089  0.008121  0.114776  0.051204  0.198880  0.362586  0.233985  0.534984  0.503058  0.552695  0.065274  0.152558  0.194605  0.243499  0.631562  0.107043  0.102653  0.395354  0.145087  0.590595  0.160712  0.280020  0.136026  0.211782  0.288318  0.232868  0.073093  0.232393  0.197757  0.464738  0.152632  0.235048  0.322512  0.209762  0.084969  0.155265  0.114647  0.013185  0.328567  0.104989  0.340693  0.048586  0.305309  0.001636  0.381211  0.153394 
5  0.287341  0.752781  0.859121  0.168646  0.445367 0.0  0.327713  0.314421  0.194834  0.378501  0.441553  0.311867  0.261348  0.445788  0.146670  0.418764  0.395867  0.614985  0.211223  0.337196  0.328306  0.377530  0.436550  0.985993  0.129727  0.297461  0.305921  0.340527  0.304557  0.696194  0.260312  0.486650  0.395967  0.405667  0.765832  0.310789  0.729453  0.363189  0.429651  0.691719  0.362925  0.224078  0.230697  0.277878  0.536191  0.200260  0.386944  0.247332  0.431872  0.323752  0.096862  0.494638  0.273092  0.293512  0.360315  0.051241  0.297565  0.032881  0.437958  0.729594  0.232808  0.367257  0.270422  0.388522  0.295166  0.199594  0.051717  0.900858  0.512227  0.249474  0.524974  0.358757  0.379614  0.169895  0.283631  0.269371  0.265212  0.459572  0.808898  0.893336  0.258874  0.364292  0.278203  0.303112  0.444019  0.392177  0.424315  0.406799  0.269415  0.384565  0.391993  0.580752  0.153849  0.778393  0.099966  0.536689  0.346861  0.824785  0.399911  0.312569  0.417342  0.323984  0.384836  0.276750  0.512424  0.215904  0.214142  0.835076  0.180621  0.900061  0.392139  0.328654  0.388805  0.428604  0.815692  0.312512  0.404412  0.191125  0.457945  0.844874  0.381733  0.387515  0.437204  0.459444  0.471889  0.380122  0.302907  0.266430  0.432769  0.742437  0.359032  0.177760  0.183167  0.382826  0.409289  0.248562  0.439959  0.366216  0.315636  0.297031  0.277276  0.385899  0.216137  0.331006  0.760912  0.550668 
6  0.165349  0.664703  0.659592  0.338791  0.338843  0.327713 0.0  0.235446  0.296447  0.315358  0.319831  0.341679  0.180732  0.573717  0.267207  0.279331  0.286352  0.475867  0.336372  0.139610  0.180591  0.489427  0.219295  0.662452  0.321885  0.183570  0.353949  0.265840  0.398472  0.426081  0.224468  0.228387  0.302377  0.346486  0.692188  0.327579  0.627142  0.214721  0.175018  0.720438  0.264699  0.179936  0.210217  0.317021  0.228514  0.256400  0.305101  0.251184  0.302861  0.252697  0.172513  0.284095  0.243540  0.106669  0.151498  0.292136  0.107347  0.292478  0.214231  0.609194  0.395330  0.276003  0.215644  0.232807  0.231397  0.188424  0.307116  0.522151  0.226448  0.235788  0.187235  0.137822  0.186926  0.248498  0.229295  0.222466  0.342631  0.287454  0.682172  0.633911  0.197206  0.287395  0.227999  0.205425  0.277861  0.291843  0.286523  0.245722  0.143864  0.210883  0.279639  0.414431  0.117489  0.628760  0.133143  0.369295  0.350340  0.679834  0.282760  0.207433  0.296175  0.268033  0.293196  0.325734  0.341087  0.280037  0.208254  0.613918  0.064381  0.671816  0.202677  0.314775  0.266691  0.250292  0.498716  0.229642  0.320664  0.223203  0.260240  0.661898  0.212065  0.207120  0.159558  0.220623  0.253040  0.245127  0.242439  0.158789  0.240274  0.696803  0.290615  0.199514  0.264799  0.366348  0.305291  0.232477  0.169291  0.282598  0.201761  0.333402  0.231346  0.314982  0.262580  0.345033  0.659985  0.373631 
7  0.449402  0.467372  0.430349  0.283656  0.018003  0.314421  0.235446 0.0  0.347200  0.011805  0.499219  0.119200  0.294363  0.456703  0.358830  0.000000  0.034492  0.297697  0.301561  0.326920  0.066350  0.390448  0.108446  0.518024  0.374081  0.358547  0.198393  0.409105  0.006988  0.250245  0.129103  0.082289  0.312532  0.019604  0.564778  0.168848  0.492513  0.070712  0.137778  0.701034  0.091053  0.429077  0.338327  0.293199  0.162785  0.317032  0.127826  0.366647  0.057174  0.145434  0.319441  0.133111  0.328495  0.421488  0.288680  0.459931  0.102071  0.358777  0.308574  0.637307  0.376088  0.203701  0.064857  0.000000  0.080259  0.379666  0.371711  0.453236  0.140286  0.253309  0.053977  0.277306  0.138233  0.381811  0.124651  0.475162  0.172387  0.024659  0.413003  0.610318  0.132617  0.467979  0.290946  0.099662  0.189505  0.000000  0.000000  0.097330  0.184088  0.165384  0.148453  0.306710  0.314055  0.472622  0.408846  0.149403  0.250759  0.480856  0.141311  0.390551  0.071141  0.116781  0.063057  0.178062  0.065677  0.235484  0.195874  0.509927  0.291915  0.433217  0.180195  0.179481  0.000000  0.000000  0.449573  0.189786  0.000000  0.441422  0.000000  0.588437  0.186391  0.079219  0.000000  0.060087  0.000000  0.135488  0.093919  0.279173  0.108532  0.373294  0.137835  0.229114  0.339496  0.080495  0.085803  0.242907  0.157821  0.000000  0.234822  0.188895  0.500422  0.027361  0.259319  0.054027  0.422384  0.048341 
8  0.395752  0.782661  0.892143  0.171331  0.521836  0.194834  0.296447  0.347200 0.0  0.508013  0.389382  0.413216  0.309240  0.537443  0.231280  0.536050  0.507142  0.556647  0.230697  0.210069  0.330015  0.493664  0.349060  0.866304  0.029928  0.382866  0.311585  0.289925  0.393471  0.642183  0.426079  0.454113  0.379710  0.454012  1.000000  0.409105  0.683832  0.365188  0.285133  0.674564  0.243860  0.061688  0.285992  0.155268  0.407457  0.137593  0.279819  0.265967  0.424219  0.335065  0.206536  0.451977  0.191747  0.265254  0.244932  0.164293  0.319916  0.112721  0.312959  0.709753  0.281585  0.291998  0.256704  0.525577  0.274752  0.226886  0.219915  0.964163  0.508022  0.237228  0.453203  0.290758  0.421510  0.118078  0.326956  0.286061  0.359031  0.549751  0.916399  0.853400  0.303135  0.286657  0.326806  0.416716  0.385840  0.417828  0.302046  0.415633  0.245005  0.395712  0.333986  0.603207  0.203264  0.779190  0.146191  0.467591  0.289014  0.777224  0.556682  0.199231  0.379881  0.289014  0.316631  0.341436  0.432647  0.254196  0.257287  0.795068  0.109205  0.841415  0.314258  0.508046  0.394631  0.510137  0.803440  0.435075  0.410610  0.118974  0.360632  0.836636  0.513976  0.403415  0.436591  0.483138  0.538518  0.196797  0.325213  0.360627  0.532798  0.793618  0.300622  0.339050  0.284843  0.413779  0.519457  0.289617  0.417442  0.381693  0.279928  0.280435  0.292649  0.375214  0.283791  0.418222  0.712808  0.518545 
9  0.293668  0.463788  0.507973  0.369461  0.206087  0.378501  0.315358  0.011805  0.508013 0.0  0.436552  0.145685  0.230766  0.408877  0.496339  0.186258  0.227084  0.242287  0.551701  0.224501  0.062040  0.506300  0.119002  0.551352  0.350030  0.111421  0.068078  0.437036  0.037863  0.351660  0.112709  0.187377  0.073736  0.173789  0.541398  0.080422  0.464643  0.080115  0.099096  0.676252  0.055465  0.441597  0.463796  0.392688  0.203488  0.491779  0.063887  0.374643  0.086219  0.084045  0.494767  0.215122  0.460801  0.494715  0.349805  0.411595  0.040566  0.429455  0.252635  0.444671  0.466622  0.174975  0.124458  0.267831  0.006683  0.445447  0.374285  0.616104  0.252845  0.253309  0.194186  0.322533  0.193223  0.397237  0.085548  0.481562  0.043097  0.126955  0.666863  0.428577  0.000000  0.459849  0.295354  0.131768  0.130559  0.220792  0.007156  0.119270  0.065451  0.213270  0.017675  0.263062  0.410130  0.613841  0.358898  0.245475  0.106377  0.533523  0.183865  0.320881  0.249520  0.035919  0.022135  0.110351  0.099849  0.369145  0.324052  0.524111  0.473981  0.395904  0.019636  0.177509  0.210062  0.277056  0.584426  0.145451  0.145444  0.399776  0.104323  0.655211  0.129560  0.252845  0.247117  0.083042  0.210723  0.112466  0.079540  0.309036  0.134276  0.650435  0.152078  0.252165  0.303849  0.292917  0.200737  0.252700  0.082971  0.087614  0.232597  0.165825  0.437188  0.140045  0.285711  0.105830  0.357839  0.239772 
10  0.491415  0.498487  0.375397  0.400617  0.421150  0.441553  0.319831  0.499219  0.389382  0.436552 0.0  0.414953  0.551758  0.537705  0.433908  0.464718  0.427569  0.521576  0.456908  0.503867  0.470218  0.503131  0.503110  0.445528  0.402017  0.570674  0.431393  0.548531  0.457201  0.469668  0.410661  0.521699  0.505023  0.452999  0.466904  0.530149  0.520074  0.363958  0.433354  0.490458  0.459153  0.488480  0.501791  0.378698  0.431506  0.501927  0.499783  0.472712  0.474902  0.431948  0.464035  0.449056  0.464331  0.466844  0.300615  0.413043  0.435847  0.508475  0.517637  0.454152  0.410435  0.417142  0.467604  0.375417  0.577792  0.483576  0.427024  0.471644  0.372053  0.427217  0.431105  0.426474  0.505703  0.411571  0.420817  0.447777  0.449703  0.452803  0.490890  0.337489  0.459763  0.449537  0.499870  0.459309  0.471245  0.428728  0.435686  0.491061  0.389142  0.446918  0.459526  0.384814  0.491535  0.531856  0.506849  0.391462  0.526011  0.551698  0.390009  0.457077  0.464564  0.522149  0.480708  0.423427  0.419736  0.466739  0.495141  0.501720  0.506560  0.560492  0.376152  0.428959  0.496232  0.496296  0.439429  0.482767  0.526861  0.512010  0.468197  0.447503  0.423368  0.512046  0.542503  0.357099  0.454615  0.441121  0.521785  0.371135  0.444436  0.464701  0.601829  0.540062  0.499169  0.519432  0.480538  0.417621  0.440525  0.522138  0.510325  0.455760  0.504253  0.535324  0.451356  0.427049  0.511021  0.507643 
11  0.367680  0.609217  0.545719  0.356469  0.159165  0.311867  0.341679  0.119200  0.413216  0.145685  0.414953 0.0  0.324709  0.445241  0.310465  0.116862  0.132717  0.422861  0.465602  0.210060  0.161578  0.335230  0.192603  0.570747  0.345448  0.271192  0.103329  0.469755  0.126837  0.286252  0.125470  0.154113  0.132244  0.140432  0.447625  0.086515  0.618785  0.122076  0.037644  0.608568  0.109246  0.323735  0.427615  0.235219  0.077707  0.385916  0.098172  0.407508  0.127294  0.187885  0.378157  0.091046  0.322053  0.376576  0.391177  0.343906  0.132643  0.409799  0.505804  0.514725  0.345891  0.143592  0.169007  0.067328  0.165808  0.343414  0.466080  0.420476  0.107531  0.197812  0.106742  0.211152  0.142287  0.365391  0.139431  0.495626  0.179906  0.173740  0.425203  0.465608  0.153754  0.391363  0.223481  0.136598  0.081970  0.231375  0.073842  0.249763  0.160868  0.088605  0.216445  0.383098  0.348201  0.511702  0.334336  0.043523  0.376741  0.539806  0.074090  0.424984  0.174767  0.148324  0.131843  0.192196  0.021706  0.393716  0.253239  0.617252  0.350931  0.590974  0.248147  0.200327  0.154666  0.107029  0.465278  0.130129  0.159749  0.365328  0.014011  0.524651  0.160539  0.174495  0.107386  0.121419  0.179017  0.094788  0.125281  0.318327  0.115885  0.506791  0.112843  0.273897  0.240731  0.068893  0.183363  0.275994  0.124396  0.109294  0.309842  0.114069  0.355246  0.101555  0.351612  0.105285  0.471082  0.230430 
12  0.369476  0.681106  0.622289  0.272119  0.250763  0.261348  0.180732  0.294363  0.309240  0.230766  0.551758  0.324709 0.0  0.480645  0.240455  0.172126  0.232911  0.455699  0.209757  0.225902  0.270369  0.374930  0.216560  0.772303  0.304307  0.297864  0.283551  0.186635  0.260987  0.416572  0.307540  0.225405  0.327311  0.306706  0.596244  0.176247  0.676529  0.335252  0.162774  0.708325  0.257863  0.288648  0.236705  0.303165  0.286723  0.348644  0.346402  0.197574  0.164754  0.202231  0.322822  0.352219  0.384640  0.259732  0.166638  0.278527  0.386605  0.270536  0.308876  0.686166  0.255638  0.214522  0.222449  0.252722  0.331995  0.255860  0.403698  0.597121  0.301553  0.216438  0.287182  0.323942  0.347938  0.263517  0.343098  0.219303  0.157524  0.245477  0.630847  0.680509  0.264509  0.196135  0.304086  0.322027  0.282575  0.286503  0.269404  0.344927  0.190980  0.380899  0.234732  0.285755  0.301248  0.723280  0.356198  0.342889  0.192402  0.662868  0.240394  0.339267  0.243134  0.163530  0.325151  0.076271  0.247021  0.201469  0.275973  0.737715  0.323746  0.751367  0.201347  0.235773  0.237605  0.236088  0.648498  0.382073  0.278908  0.194910  0.354137  0.595869  0.191884  0.195741  0.222281  0.239421  0.286097  0.211133  0.262820  0.235020  0.224759  0.701128  0.312088  0.387080  0.393315  0.173425  0.237935  0.276395  0.193437  0.384372  0.290545  0.184915  0.187093  0.289247  0.166992  0.298762  0.577054  0.285782 
13  0.562229  0.390061  0.485106  0.430869  0.438547  0.445788  0.573717  0.456703  0.537443  0.408877  0.537705  0.445241  0.480645 0.0  0.457419  0.487480  0.398340  0.379361  0.455054  0.361690  0.415060  0.469262  0.478509  0.551733  0.465538  0.552478  0.475123  0.534775  0.399156  0.412915  0.410944  0.440378  0.519794  0.452763  0.548971  0.415863  0.580169  0.356768  0.446795  0.440337  0.525622  0.481380  0.495082  0.490824  0.474084  0.466354  0.407026  0.399856  0.383279  0.546348  0.472296  0.452824  0.426253  0.359915  0.422816  0.368307  0.414387  0.424145  0.500610  0.444319  0.558343  0.514736  0.477585  0.450012  0.401491  0.505879  0.424502  0.417661  0.434504  0.450538  0.554349  0.484916  0.383126  0.465176  0.449444  0.516081  0.374198  0.495966  0.441597  0.464958  0.484739  0.449525  0.625940  0.390625  0.516467  0.463133  0.338731  0.420252  0.599874  0.407839  0.451594  0.572521  0.439831  0.481674  0.449187  0.426712  0.520983  0.461246  0.483503  0.413964  0.421755  0.515272  0.452514  0.435431  0.452655  0.467413  0.479181  0.424197  0.454842  0.373076  0.481426  0.498828  0.434296  0.534392  0.398253  0.548730  0.391093  0.380748  0.498613  0.491984  0.342173  0.467615  0.567277  0.418226  0.455625  0.432589  0.416202  0.533688  0.512116  0.540867  0.417253  0.375110  0.335723  0.468131  0.468397  0.448568  0.494921  0.385272  0.514467  0.484104  0.525160  0.408637  0.456810  0.464721  0.502607  0.507081 
14  0.372713  0.686843  0.833020  0.109347  0.518741  0.146670  0.267207  0.358830  0.231280  0.496339  0.433908  0.310465  0.240455  0.457419 0.0  0.399116  0.501248  0.491111  0.227421  0.282797  0.345450  0.462584  0.451980  0.824656  0.092550  0.269462  0.306796  0.277869  0.325816  0.705302  0.350540  0.502247  0.292303  0.472315  0.805490  0.404473  0.755482  0.326839  0.400713  0.621082  0.394137  0.159770  0.182509  0.182673  0.453381  0.157270  0.343727  0.227464  0.517407  0.259472  0.249396  0.404366  0.300175  0.387417  0.334409  0.066286  0.308008  0.235287  0.331619  0.635233  0.289792  0.364033  0.245363  0.394282  0.335068  0.153570  0.085312  0.963627  0.411364  0.233220  0.448641  0.260783  0.487867  0.059415  0.353212  0.119819  0.389834  0.378816  0.834611  0.758105  0.293010  0.385619  0.192954  0.344766  0.305034  0.383988  0.297234  0.459784  0.347196  0.383138  0.361803  0.663891  0.050497  0.861105  0.044424  0.476061  0.265968  0.730211  0.495995  0.362301  0.527226  0.358605  0.245616  0.344566  0.492309  0.305047  0.196547  0.780761  0.147666  0.749980  0.331697  0.535012  0.447624  0.415171  0.746885  0.457465  0.359834  0.279252  0.385808  0.862918  0.453860  0.448583  0.436642  0.451374  0.452952  0.347805  0.305201  0.209555  0.532001  0.737649  0.471380  0.298973  0.193419  0.370469  0.448486  0.259333  0.436117  0.281391  0.399476  0.345313  0.333762  0.360343  0.215579  0.259597  0.686814  0.373224 
15  0.341728  0.498168  0.657934  0.526964  0.298801  0.418764  0.279331  0.000000  0.536050  0.186258  0.464718  0.116862  0.172126  0.487480  0.399116 0.0  0.218992  0.368146  0.493345  0.229915  0.080916  0.447275  0.166871  0.607903  0.358397  0.322854  0.116037  0.313667  0.064646  0.436038  0.158357  0.226741  0.000000  0.125091  0.627617  0.119404  0.492234  0.073146  0.062167  0.641881  0.008454  0.453845  0.493483  0.427650  0.231408  0.418334  0.000000  0.525273  0.089607  0.097045  0.445211  0.174475  0.521117  0.290503  0.428193  0.404686  0.074916  0.308984  0.324114  0.450003  0.380755  0.008612  0.020923  0.196065  0.076746  0.433097  0.297670  0.622276  0.162271  0.292219  0.259704  0.264427  0.260364  0.309738  0.015549  0.515043  0.087789  0.116991  0.611432  0.529846  0.000000  0.317106  0.378300  0.083519  0.007941  0.200863  0.055885  0.176329  0.022483  0.126363  0.006757  0.351382  0.481966  0.596912  0.411163  0.193002  0.334278  0.554403  0.182219  0.377084  0.191113  0.014910  0.194880  0.075643  0.278142  0.342690  0.234161  0.530470  0.548447  0.528073  0.000000  0.122555  0.162570  0.195949  0.601909  0.077536  0.002729  0.451817  0.115771  0.529032  0.236859  0.179180  0.295656  0.099763  0.138578  0.060689  0.055950  0.322221  0.203433  0.452404  0.148560  0.283884  0.292502  0.123967  0.166914  0.235941  0.128452  0.059861  0.196701  0.000000  0.356554  0.169742  0.226625  0.000000  0.392721  0.226277 
16  0.443026  0.554700  0.588093  0.501914  0.135057  0.395867  0.286352  0.034492  0.507142  0.227084  0.427569  0.132717  0.232911  0.398340  0.501248  0.218992 0.0  0.335531  0.508413  0.240371  0.043982  0.399851  0.175897  0.506929  0.463422  0.234508  0.093838  0.466332  0.028581  0.520580  0.160309  0.106750  0.145843  0.211648  0.604790  0.033362  0.413523  0.118042  0.168781  0.707014  0.066053  0.494033  0.354109  0.460105  0.126835  0.571968  0.035744  0.499249  0.161084  0.074493  0.465735  0.137752  0.508390  0.321459  0.344000  0.489638  0.043287  0.434268  0.379873  0.372987  0.446000  0.055848  0.087553  0.175067  0.000000  0.402769  0.313776  0.727779  0.206928  0.328600  0.298287  0.245139  0.214914  0.333395  0.058157  0.397596  0.000000  0.117414  0.726995  0.554712  0.059540  0.411791  0.260979  0.064369  0.180506  0.148185  0.009280  0.197196  0.166059  0.162694  0.074242  0.417267  0.423729  0.671856  0.394658  0.205968  0.333412  0.503643  0.238835  0.375123  0.233437  0.082053  0.000000  0.094627  0.153439  0.453516  0.353678  0.510122  0.403005  0.464437  0.000000  0.170401  0.161335  0.192308  0.448289  0.206308  0.081555  0.435970  0.032207  0.642498  0.193284  0.242574  0.100597  0.189452  0.281081  0.139151  0.056227  0.309764  0.267460  0.536183  0.045344  0.265254  0.303025  0.154446  0.165215  0.292779  0.195382  0.104241  0.359371  0.079702  0.329060  0.161655  0.215490  0.020661  0.457814  0.155925 
17  0.516632  0.424785  0.426171  0.635032  0.411293  0.614985  0.475867  0.297697  0.556647  0.242287  0.521576  0.422861  0.455699  0.379361  0.491111  0.368146  0.335531 0.0  0.535780  0.476919  0.304645  0.459683  0.356729  0.399637  0.608806  0.333560  0.341386  0.623002  0.317864  0.287082  0.268420  0.329785  0.244652  0.365725  0.366358  0.411802  0.308714  0.391758  0.256834  0.420022  0.233730  0.522204  0.580348  0.696037  0.329304  0.600157  0.371685  0.565521  0.353350  0.260968  0.618858  0.318595  0.585883  0.555400  0.571956  0.552680  0.292650  0.583729  0.608243  0.360654  0.578104  0.491039  0.416674  0.294732  0.464805  0.487161  0.536901  0.342823  0.294154  0.451852  0.321038  0.434492  0.277207  0.601103  0.429212  0.634698  0.331786  0.418775  0.323215  0.325065  0.323270  0.577452  0.524609  0.457452  0.380184  0.372596  0.436029  0.308727  0.310289  0.405126  0.378231  0.258479  0.631869  0.314237  0.745600  0.284732  0.568903  0.310763  0.345674  0.560161  0.354297  0.357586  0.338622  0.233677  0.358369  0.645631  0.534960  0.278876  0.568572  0.274703  0.353466  0.265170  0.219561  0.336538  0.421847  0.418731  0.385832  0.597661  0.326133  0.373105  0.458669  0.336092  0.358563  0.325816  0.270117  0.333273  0.325708  0.413369  0.260086  0.316685  0.302181  0.445163  0.524484  0.338483  0.301289  0.423176  0.247067  0.262985  0.451473  0.246622  0.557413  0.302824  0.370074  0.385023  0.321318  0.333757 
18  0.368692  0.713797  0.862957  0.245143  0.457244  0.211223  0.336372  0.301561  0.230697  0.551701  0.456908  0.465602  0.209757  0.455054  0.227421  0.493345  0.508413  0.535780 0.0  0.262727  0.367817  0.491584  0.399386  0.874614  0.171119  0.201210  0.328126  0.351487  0.399553  0.628469  0.426908  0.419725  0.303817  0.435375  0.840058  0.492873  0.618789  0.318439  0.433467  0.659405  0.332310  0.242359  0.060901  0.211292  0.464242  0.057392  0.274411  0.128134  0.528085  0.349607  0.235168  0.411351  0.223521  0.416683  0.301609  0.073025  0.255560  0.097517  0.308809  0.719028  0.225719  0.315010  0.183984  0.596210  0.410535  0.173556  0.013965  0.833775  0.518731  0.244039  0.375258  0.283195  0.477765  0.121431  0.283345  0.159782  0.269620  0.494881  0.864933  0.800445  0.336821  0.453450  0.316421  0.219858  0.365063  0.419493  0.306752  0.432178  0.308479  0.410987  0.291958  0.498289  0.146640  0.842555  0.113372  0.468529  0.342787  0.768902  0.450103  0.321098  0.472006  0.363158  0.311950  0.374782  0.540388  0.388311  0.198231  0.780441  0.178741  0.741662  0.287365  0.288299  0.459174  0.576750  0.763144  0.303628  0.351268  0.265006  0.123336  0.894386  0.469310  0.465598  0.364313  0.462313  0.409629  0.301551  0.342107  0.270343  0.459928  0.970780  0.377236  0.380776  0.257435  0.368633  0.405111  0.249601  0.408534  0.298718  0.320440  0.311991  0.282393  0.315826  0.239783  0.268686  0.743968  0.631081 
19  0.264958  0.611798  0.700267  0.243607  0.222868  0.337196  0.139610  0.326920  0.210069  0.224501  0.503867  0.210060  0.225902  0.361690  0.282797  0.229915  0.240371  0.476919  0.262727 0.0  0.228106  0.476070  0.358700  0.631027  0.224049  0.247572  0.233732  0.338481  0.244252  0.531660  0.198683  0.251385  0.198949  0.300567  0.568424  0.270442  0.687031  0.359626  0.215522  0.660766  0.256609  0.114866  0.264355  0.243363  0.319616  0.310222  0.346721  0.236231  0.190824  0.314987  0.357944  0.227271  0.138299  0.292444  0.313180  0.283740  0.180190  0.347878  0.290084  0.633659  0.169934  0.383010  0.301229  0.308218  0.214090  0.228619  0.202035  0.682259  0.363152  0.244933  0.321895  0.256585  0.220890  0.159926  0.205328  0.362225  0.251765  0.244179  0.719570  0.640128  0.277191  0.259468  0.170692  0.223571  0.224627  0.261909  0.319077  0.438421  0.250513  0.217172  0.304545  0.567977  0.265237  0.717565  0.325082  0.252927  0.279297  0.629609  0.271738  0.228673  0.245655  0.272786  0.249191  0.322200  0.224965  0.229252  0.288127  0.643782  0.262849  0.653013  0.239251  0.218188  0.206024  0.293174  0.706727  0.330265  0.345034  0.147673  0.183945  0.590566  0.286123  0.285986  0.290504  0.299938  0.229885  0.224523  0.202111  0.217705  0.300355  0.632045  0.182467  0.204659  0.324035  0.218535  0.347154  0.276899  0.332509  0.251395  0.138896  0.288624  0.194139  0.253122  0.226757  0.224981  0.597458  0.332845 
20  0.383565  0.337367  0.484727  0.372645  0.000000  0.328306  0.180591  0.066350  0.330015  0.062040  0.470218  0.161578  0.270369  0.415060  0.345450  0.080916  0.043982  0.304645  0.367817  0.228106 0.0  0.447265  0.187721  0.513098  0.260993  0.210512  0.020608  0.256442  0.020398  0.296700  0.208734  0.069240  0.047997  0.051110  0.467173  0.045762  0.537437  0.228284  0.119528  0.682672  0.251382  0.353656  0.326025  0.277511  0.000000  0.398948  0.160190  0.335100  0.111785  0.221079  0.346772  0.066529  0.268387  0.349324  0.388893  0.431943  0.158128  0.373645  0.347953  0.557275  0.326320  0.137038  0.278597  0.000000  0.117150  0.254679  0.398262  0.529077  0.104964  0.289751  0.150691  0.272534  0.186387  0.423582  0.253175  0.318230  0.000000  0.116524  0.356586  0.490424  0.000000  0.411550  0.207862  0.112789  0.131373  0.148644  0.168007  0.154639  0.258213  0.177026  0.253667  0.287617  0.307982  0.477423  0.524403  0.067920  0.402516  0.554815  0.046421  0.315077  0.073883  0.074820  0.256846  0.037929  0.048447  0.348024  0.214818  0.578033  0.227551  0.486994  0.231584  0.079800  0.249037  0.064324  0.550296  0.148851  0.168595  0.244601  0.084401  0.476767  0.035467  0.043493  0.073765  0.059181  0.081498  0.113635  0.151891  0.338006  0.005056  0.594750  0.136699  0.262887  0.222949  0.149022  0.084847  0.347828  0.080545  0.132753  0.222032  0.148515  0.435064  0.235492  0.273681  0.181771  0.597453  0.085140 
21  0.480888  0.416985  0.474019  0.476013  0.452015  0.377530  0.489427  0.390448  0.493664  0.506300  0.503131  0.335230  0.374930  0.469262  0.462584  0.447275  0.399851  0.459683  0.491584  0.476070  0.447265 0.0  0.415594  0.456128  0.439039  0.444753  0.482487  0.539489  0.411509  0.455103  0.348762  0.435485  0.454080  0.398156  0.402509  0.423813  0.433450  0.452616  0.549359  0.387820  0.431871  0.520706  0.470262  0.505729  0.437616  0.422002  0.527350  0.502903  0.524886  0.546754  0.381055  0.482593  0.469902  0.476837  0.493259  0.540166  0.507697  0.408583  0.353327  0.424458  0.424942  0.457177  0.473286  0.404601  0.540344  0.448488  0.494001  0.422485  0.464912  0.413985  0.445030  0.456226  0.451258  0.458324  0.466653  0.435089  0.549653  0.402459  0.498738  0.492396  0.605730  0.549378  0.377425  0.521749  0.409985  0.329108  0.406466  0.554758  0.427720  0.349264  0.536893  0.400617  0.363256  0.319240  0.502286  0.470362  0.474314  0.426454  0.492729  0.414287  0.467512  0.464966  0.370838  0.492788  0.469989  0.447844  0.405230  0.556903  0.487498  0.451282  0.479909  0.555739  0.406521  0.545637  0.512025  0.565967  0.445811  0.465373  0.450855  0.418211  0.420290  0.377106  0.516435  0.426671  0.559451  0.482109  0.545244  0.507693  0.515762  0.524096  0.551028  0.437973  0.404216  0.414153  0.554400  0.573713  0.377126  0.423744  0.535554  0.440971  0.438063  0.464870  0.376867  0.396764  0.422447  0.468844 
22  0.426464  0.522895  0.510006  0.313094  0.182050  0.436550  0.219295  0.108446  0.349060  0.119002  0.503110  0.192603  0.216560  0.478509  0.451980  0.166871  0.175897  0.356729  0.399386  0.358700  0.187721  0.415594 0.0  0.550325  0.435818  0.319460  0.135815  0.388837  0.201548  0.376628  0.094005  0.022715  0.152563  0.000000  0.537215  0.136185  0.547149  0.102073  0.149084  0.699129  0.140442  0.386845  0.406257  0.319055  0.101290  0.309253  0.082149  0.401567  0.171658  0.105909  0.375849  0.033574  0.282419  0.438688  0.334784  0.320248  0.074387  0.284889  0.304617  0.584160  0.438112  0.186158  0.107429  0.065642  0.175834  0.413909  0.343313  0.509190  0.089614  0.317446  0.000000  0.323255  0.223224  0.399774  0.347825  0.377265  0.125980  0.054010  0.507513  0.479254  0.189906  0.367618  0.262710  0.120710  0.113197  0.114262  0.127623  0.174531  0.202244  0.152588  0.126377  0.334721  0.439290  0.506829  0.350553  0.166798  0.365162  0.498972  0.077465  0.415357  0.180836  0.136268  0.156067  0.172928  0.107718  0.471069  0.262527  0.609787  0.408258  0.515694  0.174416  0.173552  0.146530  0.166200  0.542162  0.097133  0.188909  0.362892  0.223903  0.614884  0.099021  0.158067  0.085629  0.062566  0.207553  0.166361  0.171080  0.192911  0.071490  0.514933  0.057809  0.287043  0.308312  0.100346  0.137429  0.122981  0.203622  0.137025  0.252992  0.165964  0.399708  0.086877  0.222935  0.192725  0.401836  0.183567 
23  0.759187  0.071672  0.180847  0.892934  0.609598  0.985993  0.662452  0.518024  0.866304  0.551352  0.445528  0.570747  0.772303  0.551733  0.824656  0.607903  0.506929  0.399637  0.874614  0.631027  0.513098  0.456128  0.550325 0.0  0.717538  0.588551  0.497804  0.625800  0.455293  0.382550  0.659730  0.564877  0.401606  0.568880  0.565157  0.534166  0.036202  0.490585  0.528712  0.204427  0.496995  0.882633  0.802007  0.852898  0.668511  0.857559  0.410696  0.860515  0.573179  0.429162  0.934116  0.594388  0.902804  0.743637  0.803501  0.827398  0.534341  0.745124  0.759074  0.500588  0.961936  0.370084  0.441649  0.531908  0.491564  0.899462  0.773693  0.603972  0.615285  0.634283  0.641017  0.734833  0.539311  0.776554  0.509000  0.921727  0.502176  0.620404  0.299410  0.152321  0.451217  0.835285  0.724614  0.507448  0.510336  0.474019  0.454883  0.488702  0.374408  0.453197  0.531267  0.318664  0.817655  0.240478  0.722204  0.606886  0.739707  0.519973  0.657972  0.739283  0.561872  0.539142  0.398433  0.449832  0.628743  0.666568  0.728990  0.588477  0.722569  0.056201  0.447113  0.608603  0.529256  0.432196  0.585646  0.476537  0.476367  0.823732  0.546954  0.581298  0.558424  0.609250  0.621478  0.492962  0.568825  0.521836  0.483748  0.701683  0.597489  0.462668  0.562478  0.640495  0.679141  0.516091  0.510539  0.563388  0.485896  0.402075  0.625693  0.396376  0.737878  0.572808  0.589732  0.409818  0.051960  0.704144 
24  0.466960  0.728580  0.799549  0.108682  0.394434  0.129727  0.321885  0.374081  0.029928  0.350030  0.402017  0.345448  0.304307  0.465538  0.092550  0.358397  0.463422  0.608806  0.171119  0.224049  0.260993  0.439039  0.435818  0.717538 0.0  0.348071  0.347963  0.411470  0.346439  0.638335  0.412416  0.304289  0.410263  0.354124  0.835612  0.360878  0.819270  0.431853  0.376356  0.745072  0.512975  0.119477  0.135808  0.133670  0.307001  0.095339  0.386340  0.085702  0.349222  0.337614  0.179220  0.322623  0.000000  0.441746  0.387264  0.125400  0.286351  0.170145  0.332579  0.792958  0.151386  0.474938  0.364420  0.374821  0.365593  0.036691  0.087142  0.732860  0.432008  0.215925  0.397289  0.381270  0.338282  0.102026  0.326395  0.155174  0.489371  0.307200  0.844884  0.743595  0.338670  0.363402  0.293900  0.355944  0.448780  0.340279  0.316783  0.397395  0.463187  0.394464  0.488049  0.546387  0.060568  0.779449  0.115392  0.449829  0.442711  0.830970  0.411140  0.392760  0.398903  0.465084  0.374126  0.425081  0.341555  0.361190  0.283932  0.792901  0.115308  0.767382  0.420499  0.485550  0.339823  0.269662  0.799706  0.314610  0.390196  0.150346  0.381444  0.889927  0.394224  0.422191  0.378335  0.331119  0.383035  0.445903  0.392101  0.263026  0.324300  0.826943  0.462418  0.240254  0.229053  0.332454  0.385849  0.329473  0.294046  0.479120  0.221001  0.478935  0.366464  0.345173  0.309374  0.402883  0.710238  0.413782 
25  0.222100  0.635394  0.717477  0.331695  0.289446  0.297461  0.183570  0.358547  0.382866  0.111421  0.570674  0.271192  0.297864  0.552478  0.269462  0.322854  0.234508  0.333560  0.201210  0.247572  0.210512  0.444753  0.319460  0.588551  0.348071 0.0  0.240257  0.229864  0.193775  0.630695  0.182754  0.131371  0.346573  0.173344  0.638996  0.252274  0.675227  0.217017  0.217404  0.721420  0.284853  0.283797  0.190067  0.358965  0.273393  0.232003  0.334447  0.200944  0.292927  0.232066  0.227923  0.215257  0.193114  0.314738  0.289021  0.270771  0.302586  0.252959  0.203020  0.889562  0.241689  0.179026  0.287263  0.222097  0.338796  0.303253  0.314872  0.682721  0.391915  0.197039  0.173327  0.249272  0.197297  0.269096  0.235564  0.343958  0.259749  0.166275  0.628488  0.805359  0.264997  0.217716  0.244544  0.399212  0.271489  0.307711  0.231869  0.295233  0.163387  0.378152  0.199272  0.449563  0.295743  0.727122  0.285213  0.208699  0.213673  0.623109  0.211958  0.251866  0.306715  0.269223  0.274884  0.201781  0.262466  0.079924  0.249909  0.759920  0.342677  0.730601  0.233426  0.328503  0.322709  0.324198  0.686251  0.286031  0.202952  0.304559  0.354136  0.606478  0.288354  0.100497  0.183785  0.251232  0.291073  0.263352  0.294771  0.286964  0.191684  0.610443  0.258064  0.368169  0.305689  0.280981  0.242671  0.240717  0.330589  0.179466  0.221056  0.255859  0.194056  0.221898  0.238597  0.232620  0.612737  0.286016 
26  0.275146  0.599398  0.508553  0.312184  0.028170  0.305921  0.353949  0.198393  0.311585  0.068078  0.431393  0.103329  0.283551  0.475123  0.306796  0.116037  0.093838  0.341386  0.328126  0.233732  0.020608  0.482487  0.135815  0.497804  0.347963  0.240257 0.0  0.467239  0.058277  0.250915  0.128831  0.137716  0.287112  0.119641  0.518063  0.091195  0.428350  0.000000  0.106667  0.748820  0.018755  0.274929  0.300533  0.321136  0.083659  0.383060  0.077054  0.297955  0.119940  0.079530  0.299965  0.091984  0.299052  0.515926  0.384495  0.369982  0.115899  0.254064  0.381466  0.580617  0.303136  0.236495  0.000000  0.043224  0.041883  0.256118  0.372148  0.381590  0.016814  0.288847  0.085624  0.253609  0.081256  0.446306  0.095607  0.329379  0.225604  0.200785  0.449480  0.598289  0.198421  0.278364  0.232204  0.000000  0.177535  0.166459  0.000000  0.101668  0.007512  0.182029  0.066875  0.261697  0.295482  0.537202  0.398674  0.140416  0.258745  0.576610  0.020753  0.256320  0.064088  0.210673  0.067990  0.170773  0.086311  0.331703  0.346494  0.493532  0.267176  0.540919  0.107000  0.125071  0.000000  0.015862  0.484088  0.158069  0.091780  0.311709  0.060122  0.447866  0.060191  0.047249  0.066346  0.134390  0.051724  0.167631  0.076992  0.297618  0.129850  0.410673  0.100164  0.169773  0.305598  0.000000  0.143605  0.299592  0.110305  0.000000  0.296344  0.000000  0.464952  0.131984  0.148256  0.093047  0.371673  0.127726 
