146
0 0.0  0.694703  0.716117  0.334850  0.403347  0.345685  0.245492  0.378256  0.317408  0.336749  0.436757  0.416106  0.258445  0.434686  0.403494  0.262231  0.344770  0.596901  0.385605  0.338342  0.330928  0.452628  0.405265  0.800461  0.284119  0.226918  0.448502  0.161977  0.304531  0.492715  0.383936  0.304973  0.337700  0.311947  0.746137  0.393542  0.726746  0.412955  0.328867  0.628342  0.344832  0.248387  0.260331  0.192460  0.285990  0.345505  0.307408  0.324129  0.405258  0.349833  0.360168  0.335653  0.363778  0.104941  0.224993  0.403718  0.336114  0.337596  0.154732  0.731130  0.379706  0.353069  0.429255  0.266160  0.392243  0.271953  0.361424  0.726570  0.354469  0.300700  0.330470  0.195247  0.446075  0.355701  0.372316  0.397341  0.377552  0.198926  0.731526  0.795368  0.299051  0.194903  0.352777  0.480224  0.412759  0.291697  0.186005  0.388309  0.226412  0.333341  0.384561  0.587552  0.424562  0.697030  0.320827  0.269713  0.197943  0.702933  0.496454  0.188434  0.294160  0.346168  0.341290  0.348975  0.431510  0.151882  0.178896  0.859638  0.357456  0.855109  0.278483  0.385532  0.296820  0.251697  0.710247  0.258097  0.245490  0.392362  0.258074  0.797430  0.277642  0.285102  0.254663  0.350646  0.372272  0.308229  0.346818  0.240130  0.325711  0.801907  0.350078  0.232246  0.312720  0.343790  0.400202  0.277180  0.457829  0.372284  0.308069  0.241284  0.051749  0.371920  0.418883  0.272644  0.702634  0.258579 
1  0.694703 0.0  0.052280  0.703634  0.498701  0.717003  0.718298  0.490953  0.700926  0.469686  0.446859  0.521958  0.706216  0.521942  0.719067  0.486046  0.390939  0.302452  0.785229  0.692306  0.519990  0.432273  0.610011  0.068961  0.802649  0.703041  0.516558  0.744797  0.635902  0.186353  0.537817  0.448683  0.409829  0.371158  0.551446  0.501582  0.146154  0.468919  0.526128  0.224871  0.513044  0.669240  0.790155  0.756463  0.570783  0.795827  0.545648  0.807515  0.485446  0.492936  0.645968  0.369815  0.738188  0.775336  0.715094  0.761921  0.419320  0.689193  0.838065  0.497418  0.709782  0.503962  0.514323  0.574851  0.540732  0.689860  0.660677  0.438856  0.463391  0.584103  0.454416  0.556980  0.427067  0.895300  0.433951  0.689276  0.409410  0.394572  0.060760  0.155071  0.525477  0.739179  0.675986  0.538485  0.521328  0.494450  0.538546  0.470329  0.423490  0.541862  0.559913  0.314086  0.695981  0.000000  0.769940  0.475049  0.724875  0.515986  0.383230  0.716206  0.450817  0.439591  0.378251  0.421218  0.462777  0.689263  0.680907  0.510010  0.763521  0.251008  0.482770  0.508126  0.439065  0.419800  0.549826  0.587102  0.504521  0.788246  0.589263  0.471722  0.473133  0.600641  0.512486  0.526627  0.475353  0.466310  0.265983  0.603463  0.462989  0.491557  0.521145  0.651405  0.658098  0.424523  0.578176  0.646721  0.500507  0.456600  0.704374  0.495591  0.675374  0.645622  0.798903  0.452205  0.182388  0.482227 
2  0.716117  0.052280 0.0  0.905953  0.652921  0.836720  0.706695  0.435635  0.738706  0.629038  0.490813  0.509944  0.649833  0.438691  0.709615  0.451690  0.545989  0.294972  0.843442  0.584275  0.451655  0.441586  0.480423  0.261378  0.901882  0.613646  0.454229  0.647204  0.436486  0.383216  0.593870  0.612846  0.392573  0.614699  0.657480  0.523956  0.037304  0.581180  0.409530  0.314086  0.414192  0.778877  0.801130  0.807364  0.646012  0.843216  0.511424  0.854092  0.600377  0.474215  0.854025  0.566006  0.778305  0.667389  0.724556  0.790847  0.489926  0.897048  0.790398  0.451804  0.871442  0.474878  0.527372  0.599062  0.426952  0.807188  0.664343  0.605781  0.454691  0.659757  0.646955  0.622011  0.591555  0.759902  0.334111  0.807028  0.544305  0.575675  0.142175  0.127278  0.371729  0.840397  0.707266  0.573936  0.582637  0.603442  0.538888  0.601142  0.540858  0.628458  0.327477  0.296972  0.795395  0.227201  0.819846  0.584381  0.697526  0.504942  0.597703  0.762144  0.587951  0.342337  0.486918  0.467648  0.667018  0.730159  0.561662  0.520020  0.888130  0.103882  0.420675  0.564959  0.563588  0.495302  0.474004  0.473536  0.551884  0.904264  0.351518  0.543757  0.561648  0.611179  0.462924  0.539953  0.705673  0.589344  0.481348  0.744215  0.654492  0.452580  0.579507  0.575264  0.834413  0.586588  0.450466  0.547959  0.513474  0.492221  0.687315  0.458078  0.674991  0.481659  0.634774  0.444628  0.030515  0.605298 
3  0.334850  0.703634  0.905953 0.0  0.447488  0.180442  0.208140  0.319230  0.226836  0.366448  0.463465  0.323413  0.366146  0.545583  0.172754  0.441994  0.500904  0.477763  0.232687  0.218497  0.264835  0.528099  0.317175  0.831895  0.227129  0.361279  0.274039  0.240052  0.404443  0.685348  0.293731  0.540687  0.392962  0.442900  0.822203  0.402078  0.738286  0.342099  0.274773  0.699344  0.200298  0.205258  0.215955  0.175687  0.480479  0.120951  0.316403  0.240583  0.465429  0.306719  0.226758  0.494199  0.292471  0.313374  0.435134  0.180472  0.310176  0.159432  0.289240  0.751845  0.193684  0.424753  0.263784  0.443563  0.289900  0.174744  0.080400  0.933648  0.393739  0.336847  0.406286  0.351202  0.547287  0.119722  0.304589  0.234491  0.320056  0.396355  0.783241  0.845468  0.356365  0.398782  0.150352  0.298453  0.451864  0.394108  0.164665  0.445037  0.281580  0.396162  0.405807  0.577084  0.195498  0.992367  0.211380  0.475033  0.218064  0.782785  0.410360  0.311886  0.482117  0.331124  0.355787  0.322388  0.495672  0.358517  0.329793  0.777012  0.157851  0.736724  0.326884  0.568010  0.472031  0.302325  0.787090  0.393004  0.458071  0.298225  0.400220  0.913099  0.430917  0.514257  0.492765  0.446792  0.457586  0.396308  0.380142  0.254310  0.498814  0.757289  0.388106  0.289453  0.279685  0.423980  0.376937  0.264402  0.418532  0.350894  0.332986  0.365173  0.309894  0.402941  0.351729  0.297638  0.659791  0.379517 
4  0.403347  0.498701  0.652921  0.447488 0.0  0.538487  0.292811  0.090593  0.478474  0.213963  0.413681  0.106935  0.227961  0.467811  0.387160  0.120298  0.182067  0.324790  0.444817  0.208164  0.066354  0.418500  0.134744  0.445057  0.406288  0.252506  0.096435  0.309250  0.030760  0.379248  0.041247  0.168798  0.059445  0.177559  0.690868  0.188505  0.366352  0.097245  0.122058  0.709001  0.027732  0.523845  0.380699  0.446645  0.156716  0.417479  0.078888  0.502253  0.212759  0.160438  0.437855  0.135164  0.451117  0.239545  0.332306  0.367980  0.035692  0.475133  0.299069  0.469256  0.448413  0.010041  0.000000  0.172618  0.193888  0.407566  0.268979  0.673902  0.235266  0.275824  0.152047  0.289966  0.215593  0.384387  0.044725  0.475463  0.051014  0.232338  0.710042  0.486532  0.066875  0.375859  0.243797  0.000000  0.136119  0.146558  0.102124  0.102269  0.114971  0.086549  0.059569  0.299365  0.494858  0.637747  0.389334  0.182079  0.287607  0.468942  0.282641  0.289663  0.154342  0.000000  0.001519  0.010597  0.259135  0.298732  0.234571  0.517604  0.499521  0.650130  0.136504  0.166327  0.204208  0.205022  0.540449  0.150282  0.007707  0.459843  0.079867  0.599619  0.126183  0.175780  0.128358  0.197672  0.191974  0.033203  0.101706  0.351750  0.142785  0.445868  0.185276  0.227142  0.183741  0.298827  0.000000  0.253888  0.070822  0.066118  0.277830  0.110866  0.318910  0.110526  0.256922  0.035950  0.473524  0.134850 
5  0.345685  0.717003  0.836720  0.180442  0.538487 0.0  0.239584  0.370603  0.210652  0.461330  0.370544  0.339727  0.178163  0.526544  0.253130  0.471677  0.442121  0.589174  0.163689  0.134986  0.356450  0.491242  0.347398  0.965706  0.117054  0.285243  0.306180  0.257303  0.315326  0.656241  0.520811  0.483709  0.247755  0.529701  0.834821  0.387342  0.690438  0.318916  0.340106  0.629143  0.325647  0.200661  0.149870  0.204011  0.528679  0.220097  0.341216  0.202322  0.402401  0.328602  0.248140  0.486923  0.199049  0.435278  0.262289  0.234302  0.365599  0.168413  0.316873  0.751934  0.224832  0.281027  0.408674  0.512020  0.369422  0.231341  0.060529  0.871789  0.354101  0.280308  0.400463  0.246287  0.579340  0.102559  0.397130  0.230553  0.454204  0.419114  0.859866  0.747754  0.254168  0.470497  0.239345  0.256730  0.490398  0.427610  0.280573  0.548470  0.292367  0.375969  0.295214  0.596532  0.139925  0.751867  0.150480  0.330471  0.366696  0.777775  0.381447  0.388992  0.464973  0.418568  0.295661  0.329527  0.421370  0.360501  0.292046  0.756137  0.000000  0.759911  0.285616  0.353600  0.533240  0.539290  0.749132  0.465589  0.239312  0.156658  0.363541  0.871522  0.486395  0.396693  0.444652  0.334895  0.471872  0.393182  0.179253  0.281213  0.361260  0.725092  0.429503  0.258575  0.233274  0.443749  0.303295  0.320674  0.460121  0.399163  0.201390  0.380486  0.350491  0.480441  0.285695  0.320028  0.709371  0.445232 
6  0.245492  0.718298  0.706695  0.208140  0.292811  0.239584 0.0  0.138956  0.282879  0.293947  0.444543  0.300481  0.244439  0.513632  0.381695  0.263855  0.239044  0.519045  0.202624  0.348073  0.296450  0.425328  0.396454  0.670501  0.281909  0.232180  0.293519  0.190784  0.242668  0.432683  0.330063  0.282180  0.255818  0.248005  0.637132  0.260890  0.705036  0.266239  0.247901  0.626394  0.332275  0.278602  0.308355  0.316357  0.284433  0.299760  0.307264  0.253271  0.255988  0.333796  0.332241  0.364843  0.331138  0.257789  0.260065  0.280274  0.257432  0.337996  0.262725  0.567871  0.272539  0.362172  0.348654  0.257133  0.357035  0.271109  0.290021  0.666693  0.231279  0.324982  0.313653  0.243946  0.256663  0.308156  0.285728  0.374226  0.168900  0.264406  0.562356  0.638094  0.214391  0.233226  0.265682  0.359878  0.258973  0.273610  0.112818  0.151017  0.092144  0.261702  0.206367  0.478815  0.303145  0.665219  0.163098  0.345343  0.304290  0.598783  0.170656  0.259564  0.231447  0.165995  0.296852  0.296198  0.297298  0.284611  0.246696  0.691196  0.282862  0.624569  0.296542  0.200641  0.366290  0.313511  0.667639  0.278676  0.341904  0.213145  0.361122  0.617316  0.294608  0.264467  0.216159  0.228004  0.249452  0.291386  0.186187  0.231788  0.302192  0.692560  0.266058  0.184430  0.266754  0.273613  0.260479  0.226411  0.313458  0.191126  0.268427  0.248587  0.336666  0.322462  0.269495  0.247494  0.694214  0.100932 
7  0.378256  0.490953  0.435635  0.319230  0.090593  0.370603  0.138956 0.0  0.319682  0.095205  0.372327  0.116087  0.248665  0.415392  0.279606  0.000000  0.085138  0.336266  0.364866  0.229590  0.061167  0.432834  0.147563  0.472440  0.388434  0.215518  0.170951  0.268343  0.037489  0.347980  0.154829  0.058727  0.180382  0.061179  0.487778  0.153500  0.548188  0.062694  0.141863  0.665151  0.074970  0.280058  0.314546  0.261769  0.000000  0.333358  0.039910  0.291819  0.000000  0.013406  0.452911  0.100025  0.329181  0.486750  0.242101  0.374268  0.087675  0.307947  0.316450  0.591725  0.315237  0.230403  0.032055  0.213553  0.059741  0.284421  0.467047  0.495519  0.000000  0.203337  0.133050  0.330756  0.097844  0.352328  0.080322  0.184637  0.234515  0.097166  0.353065  0.570022  0.257072  0.352654  0.290670  0.056593  0.079286  0.112234  0.136687  0.000000  0.044163  0.091315  0.083448  0.288070  0.370362  0.547403  0.360650  0.062670  0.361072  0.541120  0.006384  0.333258  0.017704  0.185532  0.050773  0.265945  0.034255  0.381767  0.295677  0.480057  0.295892  0.585081  0.151056  0.000000  0.014562  0.058404  0.529995  0.168040  0.153780  0.365704  0.084835  0.484618  0.106495  0.140849  0.082033  0.102075  0.017462  0.245826  0.103190  0.239459  0.036604  0.499821  0.000000  0.192767  0.280808  0.024826  0.104850  0.281891  0.126389  0.060440  0.131209  0.100757  0.414302  0.000000  0.273109  0.141997  0.471874  0.015370 
8  0.317408  0.700926  0.738706  0.226836  0.478474  0.210652  0.282879  0.319682 0.0  0.490326  0.393780  0.432100  0.283144  0.457687  0.206033  0.480077  0.486048  0.557601  0.263216  0.234502  0.405929  0.547687  0.489732  0.860098  0.146204  0.370576  0.331207  0.225464  0.274126  0.564119  0.414236  0.368961  0.313668  0.485310  0.797702  0.458873  0.711260  0.381904  0.428947  0.695877  0.295820  0.200708  0.158772  0.150760  0.497868  0.236336  0.420792  0.202081  0.406040  0.355609  0.127162  0.330760  0.196249  0.295701  0.326160  0.118714  0.250522  0.176036  0.354311  0.800386  0.261036  0.450302  0.315740  0.383915  0.306613  0.210806  0.053231  0.827805  0.374376  0.228931  0.386133  0.277773  0.346223  0.182513  0.365923  0.053196  0.403039  0.404899  0.918652  0.873614  0.391656  0.411318  0.376648  0.323649  0.337796  0.486373  0.444141  0.412903  0.352525  0.320740  0.412385  0.457726  0.240758  0.752065  0.063485  0.445430  0.432285  0.722718  0.358094  0.449221  0.468818  0.329360  0.210974  0.403809  0.379065  0.317890  0.257437  0.816924  0.197930  0.701918  0.266846  0.379150  0.525072  0.462180  0.778229  0.443172  0.314308  0.199833  0.347523  0.849604  0.417267  0.418577  0.345403  0.452090  0.474296  0.432713  0.347099  0.186313  0.559931  0.721169  0.412590  0.223425  0.291401  0.466834  0.362640  0.186634  0.482124  0.376543  0.376664  0.456809  0.365271  0.371161  0.315183  0.232577  0.715119  0.524946 
9  0.336749  0.469686  0.629038  0.366448  0.213963  0.461330  0.293947  0.095205  0.490326 0.0  0.514993  0.078685  0.288008  0.365207  0.504697  0.280231  0.206672  0.410817  0.526390  0.293304  0.119409  0.466250  0.118183  0.555198  0.382644  0.376807  0.028733  0.340261  0.000000  0.467240  0.147136  0.213725  0.030912  0.130893  0.557425  0.159580  0.408232  0.137691  0.118311  0.749432  0.052479  0.474758  0.562698  0.410997  0.174708  0.472154  0.023539  0.487994  0.194967  0.057503  0.492955  0.214569  0.426904  0.324001  0.316406  0.313117  0.054552  0.355512  0.336581  0.466840  0.430277  0.136656  0.054651  0.288456  0.048785  0.444006  0.311680  0.523409  0.218787  0.356124  0.210667  0.186839  0.262232  0.329353  0.146058  0.466328  0.002701  0.153094  0.573735  0.510497  0.035476  0.347063  0.323444  0.130090  0.178352  0.195765  0.012592  0.193996  0.118423  0.167865  0.191182  0.359036  0.453935  0.623180  0.371636  0.104371  0.278461  0.707007  0.203470  0.268528  0.205427  0.000000  0.000000  0.167387  0.132963  0.344965  0.257205  0.410180  0.506587  0.497169  0.114093  0.143570  0.162442  0.169369  0.453337  0.105719  0.051598  0.410884  0.101331  0.634574  0.164082  0.271751  0.206933  0.169748  0.296090  0.095671  0.003230  0.322986  0.151540  0.432521  0.124980  0.278699  0.309170  0.287130  0.111608  0.233523  0.190566  0.135947  0.294528  0.028418  0.395979  0.133884  0.325918  0.016457  0.434178  0.162483 
10  0.436757  0.446859  0.490813  0.463465  0.413681  0.370544  0.444543  0.372327  0.393780  0.514993 0.0  0.462977  0.392493  0.440217  0.387017  0.390085  0.392730  0.439990  0.409027  0.459138  0.481395  0.427221  0.508331  0.456980  0.443648  0.511460  0.440308  0.450003  0.464406  0.410163  0.401360  0.419691  0.427290  0.367277  0.487904  0.434297  0.447280  0.477575  0.415678  0.512739  0.410891  0.377117  0.537359  0.318217  0.379239  0.502110  0.441152  0.444844  0.409299  0.412190  0.512261  0.412725  0.359414  0.539156  0.412943  0.456628  0.318028  0.525908  0.483868  0.479549  0.493125  0.466642  0.519809  0.478754  0.412399  0.474448  0.513533  0.411327  0.324496  0.445050  0.454739  0.426955  0.500824  0.390281  0.552977  0.408247  0.461883  0.395591  0.441993  0.501723  0.572485  0.492622  0.446239  0.510885  0.432731  0.450021  0.498903  0.445294  0.504915  0.506810  0.423467  0.548528  0.463401  0.607442  0.494936  0.506652  0.410173  0.556763  0.442898  0.480992  0.479450  0.315570  0.531076  0.425404  0.498943  0.528031  0.512968  0.454410  0.508527  0.462550  0.416206  0.461233  0.510452  0.412883  0.400169  0.511013  0.381904  0.455568  0.478852  0.469098  0.512269  0.478073  0.478257  0.390993  0.519597  0.431665  0.384289  0.463445  0.418350  0.348587  0.540459  0.392886  0.419943  0.394261  0.522138  0.453980  0.404272  0.455331  0.509676  0.468153  0.411265  0.494200  0.497726  0.474654  0.478481  0.429237 
11  0.416106  0.521958  0.509944  0.323413  0.106935  0.339727  0.300481  0.116087  0.432100  0.078685  0.462977 0.0  0.302730  0.384780  0.450080  0.246179  0.197942  0.360886  0.443492  0.237184  0.034491  0.663822  0.081668  0.538430  0.421951  0.215757  0.063536  0.350120  0.103739  0.379718  0.206966  0.168836  0.099845  0.127837  0.596158  0.111818  0.604140  0.093960  0.081689  0.723668  0.071596  0.507134  0.379794  0.344716  0.070004  0.360199  0.120953  0.420333  0.197243  0.188093  0.405994  0.193164  0.487145  0.348869  0.337662  0.375985  0.163324  0.400066  0.451000  0.612703  0.318213  0.058924  0.092293  0.087483  0.134376  0.312817  0.393555  0.664834  0.098296  0.249855  0.210296  0.197546  0.091202  0.289910  0.241499  0.363367  0.108514  0.094923  0.510341  0.519061  0.137355  0.364322  0.183011  0.139083  0.120256  0.139442  0.076886  0.097073  0.133804  0.244779  0.087642  0.287231  0.450539  0.533163  0.359767  0.162560  0.436441  0.504031  0.091896  0.492019  0.090166  0.092751  0.067968  0.156730  0.162861  0.380236  0.264431  0.541762  0.358044  0.631307  0.230296  0.043139  0.153268  0.078595  0.564840  0.035532  0.162676  0.346993  0.199784  0.585404  0.185342  0.113120  0.135027  0.065298  0.074152  0.227731  0.136863  0.328357  0.091563  0.630582  0.130937  0.214391  0.082168  0.158475  0.110179  0.307015  0.127291  0.164568  0.262223  0.035761  0.471855  0.103809  0.242530  0.051404  0.557114  0.146010 
12  0.258445  0.706216  0.649833  0.366146  0.227961  0.178163  0.244439  0.248665  0.283144  0.288008  0.392493  0.302730 0.0  0.463037  0.234461  0.224218  0.202099  0.322477  0.225661  0.258218  0.267311  0.522438  0.243885  0.626873  0.314628  0.276744  0.232118  0.293591  0.232883  0.413340  0.268812  0.279946  0.277942  0.242881  0.596505  0.221604  0.682873  0.291080  0.209050  0.623987  0.372317  0.210767  0.296888  0.321998  0.244403  0.154597  0.227035  0.342014  0.335599  0.318015  0.119063  0.348021  0.210669  0.200020  0.354764  0.295659  0.228518  0.258131  0.327676  0.650060  0.185149  0.224265  0.299078  0.245872  0.290119  0.197928  0.306448  0.612997  0.172746  0.207129  0.259631  0.186562  0.240851  0.319732  0.219179  0.317012  0.258228  0.280681  0.704338  0.638988  0.259036  0.186804  0.246409  0.226625  0.243445  0.381300  0.267821  0.277111  0.270674  0.205063  0.228149  0.372804  0.252394  0.610372  0.206002  0.242584  0.278902  0.745354  0.255140  0.307006  0.219983  0.319689  0.222546  0.208269  0.288032  0.286852  0.276804  0.596665  0.147339  0.740216  0.296282  0.117985  0.257427  0.225989  0.640525  0.295419  0.338242  0.169332  0.271247  0.704043  0.272834  0.267642  0.317977  0.241380  0.219075  0.296110  0.254065  0.258900  0.189291  0.655162  0.218317  0.268721  0.301952  0.277412  0.220379  0.255737  0.291187  0.236768  0.170144  0.313232  0.247158  0.288952  0.239493  0.301807  0.719345  0.251879 
13  0.434686  0.521942  0.438691  0.545583  0.467811  0.526544  0.513632  0.415392  0.457687  0.365207  0.440217  0.384780  0.463037 0.0  0.452113  0.462879  0.492219  0.494653  0.403565  0.437433  0.440514  0.414057  0.401848  0.511349  0.413576  0.506006  0.476573  0.477592  0.461738  0.404712  0.438340  0.523082  0.444958  0.480467  0.458188  0.398519  0.416152  0.497123  0.492876  0.445786  0.320968  0.437641  0.429440  0.538183  0.463457  0.404031  0.428179  0.428951  0.453513  0.425416  0.453635  0.520936  0.408864  0.466148  0.502333  0.336099  0.449347  0.459269  0.494242  0.452250  0.502028  0.372834  0.430045  0.499922  0.466470  0.434284  0.439053  0.431495  0.493745  0.508913  0.477669  0.403715  0.487413  0.387381  0.382288  0.380635  0.410598  0.451574  0.420510  0.395019  0.552014  0.386843  0.503142  0.443023  0.475387  0.443102  0.557357  0.519913  0.513741  0.528488  0.390037  0.537566  0.321446  0.553620  0.366685  0.415681  0.391564  0.389431  0.472919  0.550633  0.491928  0.403760  0.415213  0.461274  0.407003  0.400153  0.438779  0.470919  0.478770  0.439892  0.460599  0.488844  0.533965  0.465041  0.516869  0.447620  0.458361  0.532906  0.440451  0.382467  0.415947  0.421078  0.471832  0.455144  0.424158  0.445272  0.485514  0.420273  0.349639  0.435728  0.427053  0.457483  0.368625  0.344848  0.442851  0.453045  0.430774  0.416061  0.471699  0.483158  0.423728  0.466164  0.351421  0.473417  0.484272  0.465670 
14  0.403494  0.719067  0.709615  0.172754  0.387160  0.253130  0.381695  0.279606  0.206033  0.504697  0.387017  0.450080  0.234461  0.452113 0.0  0.438330  0.420277  0.565580  0.210183  0.237213  0.260931  0.569072  0.400819  0.802957  0.078457  0.271620  0.361684  0.278378  0.407852  0.665658  0.423136  0.436915  0.283121  0.468849  0.836419  0.423597  0.636455  0.225285  0.425255  0.634581  0.276940  0.263221  0.175789  0.212776  0.380957  0.230543  0.334221  0.189997  0.413015  0.236083  0.160663  0.417545  0.118526  0.288206  0.402541  0.126878  0.346081  0.203772  0.290151  0.673585  0.092073  0.393605  0.346204  0.533959  0.218007  0.230564  0.116656  0.799586  0.479289  0.317484  0.505161  0.278314  0.429613  0.060279  0.350489  0.127297  0.270817  0.385150  0.876036  0.937760  0.384292  0.335551  0.248085  0.206360  0.319983  0.478095  0.312726  0.430778  0.343338  0.305935  0.316312  0.599344  0.147655  0.836634  0.133880  0.415004  0.351283  0.870283  0.561980  0.285610  0.402393  0.245541  0.283858  0.324652  0.370490  0.317264  0.304479  0.728526  0.128570  0.832141  0.303637  0.454396  0.395666  0.461602  0.730825  0.286224  0.364544  0.186444  0.340847  0.851293  0.484729  0.422524  0.376630  0.457929  0.370106  0.300720  0.326799  0.220329  0.332147  0.612472  0.416051  0.209294  0.122947  0.586788  0.396154  0.321224  0.416730  0.260519  0.234759  0.341219  0.289724  0.314215  0.225085  0.241594  0.715470  0.492325 
15  0.262231  0.486046  0.451690  0.441994  0.120298  0.471677  0.263855  0.000000  0.480077  0.280231  0.390085  0.246179  0.224218  0.462879  0.438330 0.0  0.163871  0.380968  0.440588  0.146527  0.095583  0.382938  0.185828  0.592289  0.355344  0.252884  0.118034  0.306926  0.117127  0.395999  0.089491  0.283266  0.148157  0.164672  0.647841  0.129791  0.503690  0.054922  0.183596  0.674675  0.076624  0.392226  0.517922  0.432887  0.193305  0.370190  0.011827  0.439396  0.247227  0.000000  0.429640  0.219896  0.465235  0.361301  0.421092  0.418015  0.046479  0.324455  0.352105  0.449536  0.496394  0.131032  0.107737  0.137074  0.050848  0.486766  0.311945  0.571962  0.154917  0.174011  0.274572  0.338944  0.170797  0.384140  0.124741  0.408137  0.114139  0.250559  0.753782  0.628329  0.000000  0.326948  0.249823  0.101092  0.206223  0.154647  0.100845  0.134864  0.022284  0.163770  0.121898  0.280989  0.323187  0.623764  0.485352  0.159263  0.304457  0.599876  0.182601  0.469420  0.246537  0.130989  0.076408  0.000000  0.262855  0.365330  0.239815  0.495536  0.449554  0.484514  0.071048  0.244416  0.318263  0.175915  0.518078  0.122673  0.037140  0.328617  0.029145  0.397055  0.276900  0.105397  0.247326  0.304427  0.229436  0.074267  0.038197  0.211737  0.240454  0.496799  0.083205  0.293613  0.330484  0.253369  0.093910  0.161424  0.169246  0.014319  0.361932  0.115940  0.381769  0.089165  0.251327  0.139788  0.450590  0.285434 
16  0.344770  0.390939  0.545989  0.500904  0.182067  0.442121  0.239044  0.085138  0.486048  0.206672  0.392730  0.197942  0.202099  0.492219  0.420277  0.163871 0.0  0.348370  0.488198  0.333388  0.116031  0.577472  0.181968  0.575173  0.416250  0.265727  0.069414  0.379548  0.063288  0.412280  0.191060  0.155659  0.187688  0.220716  0.574794  0.145267  0.419577  0.000000  0.021841  0.622070  0.136311  0.542050  0.467858  0.456762  0.184453  0.375457  0.086791  0.415272  0.310352  0.000000  0.405773  0.276627  0.418353  0.335461  0.305560  0.418731  0.114755  0.426564  0.350792  0.436572  0.516367  0.070939  0.000000  0.184141  0.179568  0.611174  0.304739  0.652383  0.188580  0.295401  0.252170  0.189187  0.203801  0.487811  0.123811  0.432164  0.028645  0.146449  0.601168  0.540586  0.018209  0.371057  0.165404  0.119631  0.165244  0.114595  0.061749  0.171911  0.098458  0.170803  0.108439  0.291533  0.482549  0.631233  0.422880  0.173151  0.333177  0.532091  0.264685  0.402068  0.219654  0.051256  0.110129  0.138021  0.211313  0.371467  0.265934  0.393290  0.506609  0.472524  0.100650  0.107337  0.203134  0.149678  0.427746  0.142872  0.004010  0.435814  0.029002  0.541423  0.181020  0.155190  0.261555  0.252922  0.248118  0.068840  0.024347  0.182212  0.193980  0.485612  0.182426  0.232578  0.345056  0.146496  0.174811  0.202454  0.177632  0.134830  0.229787  0.000000  0.328030  0.106539  0.242020  0.000000  0.399699  0.263114 
17  0.596901  0.302452  0.294972  0.477763  0.324790  0.589174  0.519045  0.336266  0.557601  0.410817  0.439990  0.360886  0.322477  0.494653  0.565580  0.380968  0.348370 0.0  0.598023  0.467269  0.398345  0.478571  0.371927  0.318132  0.630560  0.478997  0.302582  0.507832  0.303041  0.293297  0.314375  0.203275  0.322979  0.376058  0.237001  0.264063  0.366255  0.404183  0.313066  0.488698  0.293144  0.576809  0.689909  0.574154  0.279175  0.526855  0.396642  0.611349  0.357409  0.349454  0.679172  0.281095  0.532402  0.605892  0.656114  0.508226  0.367316  0.624964  0.636367  0.334470  0.545204  0.255774  0.431274  0.354235  0.263834  0.584578  0.589777  0.386771  0.234537  0.354722  0.261150  0.545366  0.339170  0.607260  0.314727  0.548665  0.218356  0.376538  0.278154  0.477778  0.370224  0.520394  0.402223  0.278551  0.363123  0.267355  0.298816  0.340113  0.379667  0.403751  0.248659  0.315247  0.596177  0.365278  0.654278  0.300477  0.663374  0.389435  0.276293  0.468129  0.310387  0.434714  0.239059  0.377710  0.323694  0.618834  0.478655  0.337458  0.641166  0.227858  0.357034  0.260175  0.271018  0.266915  0.397755  0.351513  0.241277  0.449043  0.344238  0.356451  0.237292  0.274889  0.313829  0.312174  0.346231  0.364622  0.370696  0.495417  0.391221  0.387960  0.375834  0.375204  0.503913  0.335130  0.322924  0.510107  0.223805  0.382166  0.478761  0.262694  0.553457  0.366861  0.463545  0.355321  0.256429  0.413034 
18  0.385605  0.785229  0.843442  0.232687  0.444817  0.163689  0.202624  0.364866  0.263216  0.526390  0.409027  0.443492  0.225661  0.403565  0.210183  0.440588  0.488198  0.598023 0.0  0.281109  0.402531  0.491047  0.404952  0.846047  0.163422  0.189312  0.221552  0.343363  0.331799  0.652145  0.363652  0.401755  0.314110  0.400977  0.822635  0.352378  0.622084  0.362366  0.371292  0.672526  0.304897  0.126286  0.241458  0.233213  0.579551  0.185792  0.282223  0.164493  0.460034  0.321426  0.102878  0.409025  0.147449  0.358483  0.361291  0.120825  0.360337  0.211793  0.389085  0.652396  0.178050  0.382102  0.365307  0.489453  0.321290  0.238329  0.023032  0.826131  0.372571  0.328152  0.526417  0.241662  0.433971  0.158790  0.308408  0.215686  0.252624  0.478335  0.716476  0.847622  0.278459  0.358490  0.379790  0.347998  0.393067  0.489265  0.404742  0.433705  0.314740  0.361278  0.242256  0.582207  0.211767  0.973670  0.160309  0.380400  0.403846  0.791628  0.565278  0.206510  0.451400  0.281470  0.232013  0.323018  0.452606  0.357807  0.252262  0.764013  0.218266  0.808489  0.314814  0.400334  0.427755  0.448714  0.814536  0.406273  0.318892  0.188664  0.318534  0.869719  0.553957  0.398517  0.490395  0.499647  0.404642  0.357477  0.276369  0.294419  0.449917  0.710959  0.638509  0.165101  0.347645  0.479391  0.491715  0.230486  0.410431  0.370781  0.222930  0.450267  0.273370  0.319934  0.206637  0.324435  0.761289  0.528120 
19  0.338342  0.692306  0.584275  0.218497  0.208164  0.134986  0.348073  0.229590  0.234502  0.293304  0.459138  0.237184  0.258218  0.437433  0.237213  0.146527  0.333388  0.467269  0.281109 0.0  0.176418  0.384434  0.267825  0.625719  0.350388  0.187218  0.279151  0.288110  0.218357  0.427717  0.237346  0.263479  0.215753  0.197910  0.638098  0.218145  0.675822  0.165538  0.256626  0.652319  0.335535  0.195714  0.273437  0.174830  0.229095  0.201181  0.251808  0.305929  0.228286  0.350408  0.238774  0.307552  0.252971  0.290807  0.164404  0.285364  0.341579  0.257868  0.108203  0.595685  0.293829  0.188658  0.317337  0.170740  0.231364  0.263042  0.199755  0.614596  0.244686  0.315054  0.214803  0.298949  0.231272  0.329717  0.280690  0.356646  0.280663  0.380248  0.574044  0.642296  0.271212  0.253550  0.320989  0.292309  0.193531  0.289589  0.152072  0.136906  0.310002  0.266873  0.187924  0.416149  0.289390  0.678308  0.208625  0.292693  0.325564  0.688168  0.258901  0.295912  0.336244  0.292489  0.165395  0.268360  0.228610  0.225725  0.213569  0.700110  0.240448  0.688077  0.246111  0.247193  0.244167  0.291967  0.574944  0.217866  0.277263  0.215076  0.225692  0.712915  0.347289  0.133974  0.339838  0.160230  0.251727  0.263496  0.317524  0.210046  0.297033  0.655030  0.282154  0.162395  0.305032  0.251985  0.202187  0.278092  0.307395  0.284853  0.313469  0.248816  0.261639  0.301050  0.288950  0.328626  0.716391  0.285131 
20  0.330928  0.519990  0.451655  0.264835  0.066354  0.356450  0.296450  0.061167  0.405929  0.119409  0.481395  0.034491  0.267311  0.440514  0.260931  0.095583  0.116031  0.398345  0.402531  0.176418 0.0  0.418796  0.129660  0.413576  0.446733  0.151615  0.178866  0.391286  0.062340  0.281402  0.034469  0.127191  0.018585  0.045897  0.501352  0.112877  0.595456  0.162708  0.185560  0.730244  0.161798  0.322492  0.288510  0.314282  0.040532  0.383284  0.143974  0.293335  0.000000  0.304771  0.307871  0.064107  0.306590  0.317167  0.267060  0.397519  0.141267  0.430692  0.258389  0.490749  0.316682  0.000000  0.169745  0.134912  0.216325  0.314271  0.412677  0.541290  0.112595  0.250152  0.015659  0.226946  0.115784  0.406866  0.219101  0.240809  0.102359  0.080371  0.583307  0.605097  0.004951  0.325325  0.294793  0.035753  0.101710  0.115013  0.234112  0.037084  0.210963  0.182077  0.197805  0.334565  0.360189  0.473958  0.475739  0.000000  0.375406  0.627049  0.047084  0.315603  0.062513  0.174127  0.148885  0.056377  0.197988  0.373263  0.268693  0.547752  0.323799  0.516325  0.226853  0.000000  0.089380  0.151859  0.575227  0.035085  0.222509  0.288608  0.001415  0.544565  0.034838  0.110090  0.030498  0.156442  0.109481  0.096546  0.245821  0.201984  0.089708  0.573739  0.130545  0.231305  0.214624  0.134352  0.129460  0.203825  0.104463  0.237966  0.180511  0.236854  0.433491  0.134379  0.259454  0.152542  0.494573  0.118747 
21  0.452628  0.432273  0.441586  0.528099  0.418500  0.491242  0.425328  0.432834  0.547687  0.466250  0.427221  0.663822  0.522438  0.414057  0.569072  0.382938  0.577472  0.478571  0.491047  0.384434  0.418796 0.0  0.499444  0.425762  0.443384  0.550746  0.519958  0.424562  0.418950  0.504856  0.425806  0.451528  0.420009  0.387131  0.404679  0.396618  0.529384  0.393402  0.550779  0.468331  0.402456  0.453835  0.515880  0.439185  0.498118  0.497796  0.410690  0.364697  0.558337  0.517648  0.418363  0.407399  0.503885  0.429777  0.429516  0.425780  0.413083  0.511764  0.458897  0.483482  0.414173  0.452105  0.453411  0.448241  0.402902  0.358683  0.464793  0.477102  0.476633  0.462587  0.468887  0.437959  0.420624  0.482485  0.440450  0.541551  0.559984  0.458133  0.384076  0.468652  0.535563  0.466397  0.420346  0.459606  0.473018  0.460427  0.475640  0.376568  0.337530  0.396979  0.444926  0.533129  0.328941  0.439242  0.379797  0.349216  0.390963  0.361209  0.346183  0.508506  0.414232  0.472373  0.554836  0.423405  0.410996  0.434608  0.454239  0.431850  0.523215  0.427439  0.433529  0.567329  0.458408  0.418737  0.451683  0.434653  0.393231  0.452123  0.424271  0.554322  0.504444  0.441826  0.550935  0.438841  0.477255  0.432388  0.589608  0.435619  0.509762  0.459122  0.517205  0.552745  0.522781  0.476494  0.436568  0.449746  0.525223  0.469064  0.395861  0.427389  0.488311  0.369356  0.603123  0.374642  0.455945  0.506168 
22  0.405265  0.610011  0.480423  0.317175  0.134744  0.347398  0.396454  0.147563  0.489732  0.118183  0.508331  0.081668  0.243885  0.401848  0.400819  0.185828  0.181968  0.371927  0.404952  0.267825  0.129660  0.499444 0.0  0.491655  0.479233  0.176863  0.108477  0.380286  0.184440  0.365669  0.092854  0.195788  0.140390  0.131519  0.514464  0.115545  0.545949  0.102551  0.037251  0.567549  0.219681  0.336402  0.443636  0.326975  0.170801  0.378218  0.115437  0.385784  0.151517  0.131105  0.371441  0.114982  0.296933  0.323738  0.513191  0.307598  0.020401  0.358521  0.237891  0.544913  0.456383  0.125332  0.116898  0.063111  0.128866  0.386821  0.387069  0.542957  0.121002  0.258867  0.164001  0.219385  0.076948  0.350816  0.070123  0.443552  0.174607  0.000000  0.583562  0.542604  0.117452  0.330635  0.180994  0.106273  0.022256  0.101167  0.085008  0.211434  0.197513  0.235555  0.073077  0.331557  0.395738  0.546258  0.515840  0.063606  0.298068  0.603183  0.021843  0.455165  0.106164  0.155544  0.111723  0.155381  0.165323  0.476755  0.203476  0.474055  0.373955  0.583267  0.054734  0.136597  0.120829  0.148468  0.472016  0.111959  0.087483  0.336194  0.152453  0.527339  0.145041  0.147675  0.154428  0.136538  0.172418  0.226044  0.029262  0.254973  0.129967  0.416368  0.189358  0.090056  0.286047  0.122290  0.116022  0.335850  0.054759  0.077620  0.313040  0.177442  0.408633  0.165126  0.308839  0.129896  0.531365  0.145551 
23  0.800461  0.068961  0.261378  0.831895  0.445057  0.965706  0.670501  0.472440  0.860098  0.555198  0.456980  0.538430  0.626873  0.511349  0.802957  0.592289  0.575173  0.318132  0.846047  0.625719  0.413576  0.425762  0.491655 0.0  0.831015  0.641617  0.444698  0.752777  0.442524  0.399453  0.508476  0.566000  0.404663  0.585002  0.513553  0.622020  0.094106  0.629080  0.409593  0.312916  0.455675  0.913574  0.799008  0.886265  0.581005  0.890559  0.413863  0.914012  0.473235  0.501433  0.749003  0.547808  0.821590  0.746545  0.690196  0.752185  0.459102  0.776732  0.675855  0.411237  0.887118  0.541764  0.483333  0.565888  0.416332  0.889705  0.752478  0.685552  0.495745  0.665703  0.658725  0.733254  0.503714  0.842625  0.533596  0.773052  0.589692  0.558211  0.213510  0.127366  0.418576  0.882496  0.697351  0.449311  0.542905  0.597339  0.506744  0.675396  0.462368  0.584160  0.408393  0.413967  0.863927  0.142962  0.795062  0.604162  0.702358  0.582653  0.517688  0.756833  0.658161  0.550181  0.534771  0.441543  0.522192  0.779841  0.735264  0.575045  0.817103  0.124544  0.372100  0.596209  0.570296  0.653239  0.624733  0.441840  0.545031  0.835432  0.433279  0.455539  0.570808  0.524670  0.487513  0.508968  0.655716  0.418551  0.440397  0.706786  0.598666  0.454050  0.524108  0.577240  0.663293  0.467235  0.434380  0.581437  0.533068  0.487159  0.631427  0.474061  0.665071  0.523741  0.629073  0.452706  0.072209  0.674940 
24  0.284119  0.802649  0.901882  0.227129  0.406288  0.117054  0.281909  0.388434  0.146204  0.382644  0.443648  0.421951  0.314628  0.413576  0.078457  0.355344  0.416250  0.630560  0.163422  0.350388  0.446733  0.443384  0.479233  0.831015 0.0  0.252207  0.435988  0.344306  0.432695  0.627867  0.345267  0.479051  0.456476  0.427372  0.843542  0.334116  0.847355  0.352411  0.302903  0.646077  0.454454  0.182669  0.064291  0.117068  0.454718  0.148537  0.387495  0.121744  0.322855  0.463915  0.081362  0.383431  0.199111  0.430554  0.376310  0.161917  0.429068  0.159823  0.321331  0.845769  0.114108  0.422711  0.407665  0.416520  0.382796  0.164648  0.058187  0.768894  0.403795  0.192874  0.412248  0.222200  0.503711  0.154544  0.454151  0.000000  0.340359  0.338478  0.849666  0.645856  0.453743  0.508282  0.215624  0.454719  0.368887  0.461884  0.355618  0.334558  0.432288  0.460999  0.319705  0.593270  0.180206  0.805994  0.109326  0.419364  0.487738  0.793781  0.373531  0.497669  0.396213  0.360679  0.463356  0.334210  0.351579  0.348601  0.311503  0.820081  0.156465  0.830006  0.370112  0.386457  0.426097  0.350502  0.734108  0.378966  0.459846  0.137795  0.363359  0.750648  0.316527  0.493195  0.284551  0.359596  0.360292  0.315351  0.349595  0.203583  0.399099  0.862069  0.388063  0.316516  0.226834  0.309778  0.342054  0.137124  0.323094  0.351062  0.271077  0.462373  0.429214  0.376365  0.265989  0.353880  0.779689  0.451842 
25  0.226918  0.703041  0.613646  0.361279  0.252506  0.285243  0.232180  0.215518  0.370576  0.376807  0.511460  0.215757  0.276744  0.506006  0.271620  0.252884  0.265727  0.478997  0.189312  0.187218  0.151615  0.550746  0.176863  0.641617  0.252207 0.0  0.324155  0.377249  0.290667  0.471974  0.153765  0.260065  0.319260  0.332470  0.688473  0.233970  0.662993  0.252350  0.259480  0.657282  0.264834  0.204680  0.268093  0.225872  0.279732  0.225546  0.335179  0.306803  0.224367  0.314205  0.329637  0.245798  0.172513  0.306383  0.230943  0.233983  0.280655  0.283216  0.260634  0.676413  0.334254  0.288700  0.207935  0.144733  0.124403  0.367468  0.352164  0.624793  0.312997  0.181281  0.310298  0.208940  0.261720  0.268140  0.277958  0.278664  0.228111  0.166573  0.704094  0.599906  0.319300  0.209034  0.307452  0.252569  0.293945  0.189914  0.228361  0.239937  0.226890  0.331862  0.234732  0.417655  0.238024  0.499748  0.231487  0.295479  0.312588  0.576008  0.326975  0.259473  0.188460  0.254552  0.224975  0.197562  0.243967  0.246752  0.273524  0.589639  0.297370  0.683127  0.281300  0.305496  0.168592  0.287706  0.776380  0.217435  0.274796  0.210024  0.238885  0.678488  0.230632  0.191370  0.278978  0.296470  0.200895  0.235178  0.189917  0.209003  0.337609  0.673454  0.278884  0.315235  0.240144  0.298277  0.305160  0.331361  0.292638  0.221798  0.272110  0.272334  0.236097  0.310470  0.279201  0.202883  0.697900  0.187476 
26  0.448502  0.516558  0.454229  0.274039  0.096435  0.306180  0.293519  0.170951  0.331207  0.028733  0.440308  0.063536  0.232118  0.476573  0.361684  0.118034  0.069414  0.302582  0.221552  0.279151  0.178866  0.519958  0.108477  0.444698  0.435988  0.324155 0.0  0.320119  0.057306  0.325134  0.018003  0.112634  0.194803  0.105559  0.452796  0.168764  0.448694  0.034149  0.105797  0.656593  0.000000  0.339875  0.281283  0.240478  0.104676  0.262532  0.034111  0.264837  0.042050  0.029708  0.341397  0.122398  0.330777  0.448436  0.292722  0.427889  0.130979  0.433008  0.295404  0.612006  0.333187  0.137987  0.005073  0.134731  0.025188  0.291648  0.271024  0.589513  0.061800  0.336513  0.056082  0.305652  0.053845  0.294248  0.049038  0.306547  0.179816  0.004895  0.513585  0.564827  0.131841  0.460181  0.279226  0.069746  0.173731  0.089112  0.065391  0.001107  0.163530  0.091948  0.053272  0.351997  0.397449  0.480729  0.433694  0.104314  0.300920  0.602969  0.074407  0.316889  0.139887  0.281245  0.005507  0.221497  0.052597  0.241329  0.323870  0.624085  0.403949  0.593712  0.104413  0.068260  0.100196  0.128190  0.607499  0.095691  0.000000  0.376283  0.000000  0.518274  0.056092  0.088402  0.027964  0.000000  0.141554  0.195992  0.043643  0.248901  0.000000  0.518267  0.156415  0.332844  0.214519  0.169038  0.076989  0.280069  0.067435  0.048963  0.251612  0.108411  0.468076  0.161113  0.285225  0.095213  0.443038  0.152073 
