146
0 0.0  0.771215  0.783740  0.167808  0.329547  0.296129  0.311281  0.322133  0.324929  0.272803  0.496668  0.407181  0.256473  0.350580  0.300761  0.343161  0.362322  0.549269  0.341638  0.266752  0.236491  0.451090  0.376365  0.721000  0.437611  0.357999  0.337321  0.185181  0.337146  0.476161  0.307530  0.316525  0.328539  0.358170  0.755832  0.318688  0.808648  0.370334  0.418922  0.677934  0.268823  0.386978  0.377024  0.431282  0.272044  0.276838  0.326483  0.358070  0.365367  0.255063  0.209547  0.349758  0.351812  0.015152  0.204354  0.398104  0.330998  0.359387  0.199994  0.741442  0.344490  0.316020  0.375008  0.308400  0.327408  0.306003  0.229998  0.763473  0.243993  0.280247  0.416268  0.286873  0.266846  0.243680  0.406169  0.352294  0.295589  0.357221  0.654010  0.789536  0.266056  0.161157  0.303155  0.412543  0.435606  0.324231  0.395678  0.314777  0.388948  0.387652  0.231506  0.572903  0.416375  0.644766  0.388312  0.338447  0.126792  0.787012  0.362360  0.191212  0.332165  0.395212  0.354666  0.361564  0.329530  0.110861  0.245984  0.744865  0.324219  0.738999  0.291329  0.310520  0.332999  0.339489  0.921359  0.338746  0.385832  0.238075  0.287358  0.716999  0.322502  0.294686  0.313398  0.403856  0.274255  0.328619  0.276799  0.190369  0.365747  0.652469  0.320477  0.269643  0.212295  0.362793  0.295520  0.227531  0.322295  0.401389  0.243863  0.340471  0.040017  0.290132  0.270846  0.347668  0.612353  0.429589 
1  0.771215 0.0  0.001220  0.673806  0.449195  0.836600  0.627574  0.472978  0.685993  0.518548  0.475897  0.543596  0.611453  0.472731  0.736596  0.439185  0.401346  0.342184  0.770104  0.713927  0.515540  0.438620  0.539558  0.101517  0.750097  0.564189  0.440002  0.775649  0.669030  0.262740  0.542872  0.456689  0.489956  0.449270  0.417206  0.572323  0.035777  0.499193  0.551998  0.315359  0.564658  0.716228  0.763384  0.712501  0.435613  0.741469  0.453361  0.703423  0.530696  0.414499  0.737772  0.389027  0.752772  0.793078  0.734926  0.731314  0.402935  0.769193  0.737370  0.514470  0.703407  0.405631  0.489435  0.500823  0.428550  0.796017  0.755165  0.522149  0.432449  0.671577  0.411754  0.591691  0.462130  0.809500  0.408384  0.663912  0.365471  0.304501  0.125656  0.076636  0.398685  0.825766  0.585766  0.496810  0.643051  0.541316  0.410169  0.444172  0.528426  0.624511  0.419520  0.350838  0.691074  0.017916  0.656450  0.410198  0.622138  0.469305  0.359656  0.714938  0.474154  0.533576  0.470092  0.439329  0.501463  0.675083  0.689738  0.504997  0.766093  0.188955  0.493171  0.439557  0.395810  0.514348  0.557130  0.579914  0.476536  0.822432  0.588262  0.508447  0.395122  0.447198  0.455529  0.409286  0.499787  0.448576  0.499789  0.671065  0.444376  0.442723  0.545963  0.682428  0.636116  0.408149  0.417063  0.669449  0.579799  0.522522  0.636472  0.478787  0.716209  0.603632  0.631856  0.408258  0.055273  0.495808 
2  0.783740  0.001220 0.0  0.925755  0.575032  0.817379  0.674362  0.541060  0.860199  0.575305  0.528791  0.562492  0.648388  0.401370  0.892105  0.613541  0.498963  0.335249  0.830900  0.693220  0.410679  0.407955  0.492576  0.240962  0.837003  0.698516  0.456116  0.740141  0.452030  0.355484  0.420192  0.479226  0.476065  0.608596  0.644305  0.505980  0.053557  0.443173  0.515835  0.254958  0.596759  0.825202  0.779472  0.880894  0.555174  0.886575  0.354214  0.988353  0.594093  0.453902  0.872513  0.603798  0.864256  0.721089  0.756903  0.755830  0.386367  0.786096  0.764616  0.466315  0.953696  0.570918  0.575824  0.549276  0.435399  0.903264  0.709936  0.617145  0.672984  0.636784  0.530272  0.636073  0.642252  0.695028  0.514990  0.886531  0.394530  0.555915  0.278698  0.183801  0.458920  0.848453  0.774718  0.402318  0.509572  0.625437  0.475906  0.613289  0.510269  0.546632  0.426652  0.369652  0.850647  0.273688  0.790481  0.551009  0.738953  0.547273  0.644096  0.656227  0.686087  0.499513  0.408714  0.460087  0.529434  0.745400  0.612509  0.527825  0.798117  0.136022  0.426420  0.559605  0.510706  0.641530  0.573103  0.510503  0.470952  0.841456  0.495749  0.559359  0.664981  0.523855  0.593515  0.640452  0.642156  0.500959  0.457382  0.743862  0.558891  0.509462  0.468066  0.686044  0.730333  0.605232  0.502280  0.649367  0.532947  0.480416  0.719420  0.436078  0.775626  0.391111  0.656744  0.472724  0.095885  0.672289 
3  0.167808  0.673806  0.925755 0.0  0.494491  0.309236  0.274505  0.295666  0.233836  0.556714  0.503267  0.255077  0.297494  0.469733  0.267818  0.484188  0.483506  0.524268  0.247503  0.293454  0.301817  0.472609  0.410438  0.775749  0.040110  0.285964  0.319485  0.291021  0.278493  0.767239  0.368036  0.427241  0.338557  0.454731  0.889928  0.472152  0.709465  0.273156  0.355685  0.717115  0.277601  0.233387  0.194169  0.100033  0.539978  0.200754  0.335394  0.207972  0.503073  0.258648  0.270880  0.449293  0.124619  0.261887  0.368779  0.062469  0.308206  0.057359  0.343367  0.840703  0.181406  0.368559  0.493476  0.494806  0.202764  0.096366  0.090971  0.819923  0.453077  0.309298  0.383755  0.187879  0.365901  0.121687  0.292951  0.212328  0.354522  0.411135  0.816818  0.739435  0.338618  0.392354  0.273721  0.312345  0.359678  0.332264  0.391230  0.438485  0.213935  0.366998  0.398924  0.551561  0.245391  0.915838  0.125186  0.436730  0.211577  0.769234  0.391969  0.244260  0.487419  0.408286  0.320610  0.301184  0.388591  0.324455  0.220513  0.787700  0.131200  0.607880  0.357357  0.480019  0.506267  0.425760  0.797582  0.354394  0.211287  0.204126  0.332221  0.786555  0.477001  0.419637  0.442324  0.403213  0.511278  0.422322  0.364182  0.359120  0.502066  0.806888  0.380740  0.197823  0.302342  0.549131  0.287711  0.261006  0.487689  0.378513  0.242062  0.254388  0.218850  0.382623  0.354131  0.337047  0.760149  0.386546 
4  0.329547  0.449195  0.575032  0.494491 0.0  0.392490  0.256230  0.006971  0.460367  0.261851  0.404291  0.212314  0.293622  0.385676  0.434334  0.110396  0.136173  0.318121  0.514320  0.222595  0.106358  0.584563  0.195130  0.569140  0.409194  0.255944  0.006124  0.301246  0.023523  0.340081  0.150041  0.186484  0.089570  0.180706  0.516284  0.277481  0.461108  0.108836  0.225784  0.628789  0.060730  0.491363  0.476590  0.442959  0.203754  0.451872  0.012514  0.327755  0.137223  0.075760  0.411655  0.326337  0.410496  0.277731  0.236298  0.357410  0.025735  0.419539  0.458566  0.429611  0.468048  0.065140  0.057787  0.227377  0.085276  0.479881  0.329159  0.556573  0.156693  0.279570  0.170580  0.184247  0.055492  0.439296  0.071963  0.501473  0.111425  0.311463  0.571417  0.600006  0.007126  0.418288  0.218685  0.026081  0.067816  0.150083  0.045412  0.134296  0.024968  0.096998  0.059736  0.332959  0.397885  0.551446  0.413478  0.180683  0.230785  0.522932  0.240636  0.303815  0.213387  0.076446  0.094174  0.097025  0.184444  0.327007  0.284639  0.644332  0.449614  0.485242  0.131781  0.142611  0.150583  0.196783  0.487390  0.244330  0.092359  0.454913  0.097698  0.613754  0.086979  0.138601  0.308245  0.140894  0.191542  0.122300  0.107172  0.229701  0.271446  0.415075  0.104231  0.216368  0.356774  0.144711  0.211521  0.274927  0.114643  0.021477  0.148222  0.022196  0.303709  0.117775  0.333282  0.030251  0.477520  0.168541 
5  0.296129  0.836600  0.817379  0.309236  0.392490 0.0  0.278757  0.314556  0.218538  0.397157  0.376569  0.456861  0.204571  0.418249  0.086504  0.455878  0.447729  0.522301  0.201843  0.271480  0.434605  0.433333  0.393026  0.872402  0.107773  0.257918  0.374039  0.318548  0.230095  0.665801  0.348988  0.438055  0.325190  0.496320  0.879070  0.442136  0.747330  0.314178  0.457868  0.667582  0.388375  0.181389  0.124046  0.120569  0.349931  0.181805  0.286049  0.221690  0.446717  0.304857  0.244030  0.511177  0.187771  0.315486  0.378706  0.175231  0.255891  0.171509  0.284516  0.735924  0.199721  0.219176  0.439152  0.414864  0.371355  0.272546  0.104787  0.838720  0.434952  0.286302  0.425752  0.187978  0.441097  0.096038  0.381027  0.283782  0.303942  0.498098  0.855507  0.839878  0.354559  0.384416  0.133745  0.239781  0.371911  0.450721  0.322580  0.456227  0.303956  0.358587  0.431183  0.556627  0.249600  0.855687  0.047831  0.443713  0.324679  0.817402  0.481418  0.246085  0.553506  0.322276  0.315089  0.347530  0.482549  0.285805  0.216124  0.677759  0.165041  0.749890  0.315321  0.427791  0.497525  0.493120  0.788910  0.417774  0.274576  0.262557  0.261509  0.825718  0.489496  0.471327  0.370770  0.494908  0.384282  0.399740  0.347281  0.259763  0.449102  0.675293  0.336906  0.271432  0.213075  0.508897  0.248036  0.238233  0.375001  0.229806  0.262581  0.360507  0.298052  0.399490  0.322041  0.252239  0.698653  0.498265 
6  0.311281  0.627574  0.674362  0.274505  0.256230  0.278757 0.0  0.276330  0.337670  0.237061  0.362776  0.256170  0.292823  0.470926  0.349290  0.204880  0.227699  0.478196  0.332144  0.333906  0.242507  0.426756  0.278160  0.613262  0.335122  0.226632  0.280777  0.212142  0.250154  0.491525  0.201088  0.235362  0.231572  0.302072  0.632161  0.307179  0.697784  0.195455  0.226885  0.649927  0.198518  0.221617  0.236137  0.290781  0.212029  0.271724  0.230901  0.302498  0.276064  0.319531  0.291236  0.236945  0.294062  0.207321  0.157163  0.294796  0.315810  0.344951  0.226603  0.719512  0.249215  0.173597  0.295806  0.255462  0.204931  0.368877  0.311719  0.565047  0.291105  0.234000  0.325691  0.302370  0.296827  0.233730  0.301617  0.268206  0.287594  0.328916  0.631265  0.652162  0.272497  0.207158  0.176337  0.315847  0.245891  0.293155  0.239494  0.200896  0.318214  0.198260  0.299832  0.471849  0.300241  0.615894  0.153553  0.299328  0.241422  0.506856  0.247969  0.312770  0.195436  0.308006  0.238150  0.210565  0.265424  0.379346  0.283297  0.599068  0.304341  0.658039  0.341055  0.192886  0.266831  0.399420  0.726964  0.191112  0.299529  0.318151  0.150294  0.621291  0.337182  0.349116  0.258218  0.116010  0.246009  0.311498  0.284014  0.249112  0.282983  0.664075  0.214145  0.238243  0.298209  0.237418  0.272665  0.223406  0.260441  0.199653  0.216957  0.219688  0.302084  0.353677  0.249264  0.319674  0.643422  0.155989 
7  0.322133  0.472978  0.541060  0.295666  0.006971  0.314556  0.276330 0.0  0.331004  0.138005  0.411743  0.000000  0.117998  0.378098  0.332044  0.044257  0.031514  0.261265  0.241609  0.273608  0.084661  0.419979  0.054364  0.505144  0.326499  0.241985  0.273162  0.315061  0.015233  0.253916  0.114543  0.000000  0.115026  0.088300  0.467164  0.034912  0.469731  0.047983  0.124631  0.631123  0.015681  0.380302  0.270516  0.294611  0.079144  0.256159  0.093020  0.312963  0.044281  0.058222  0.397486  0.082128  0.334545  0.346625  0.323097  0.410015  0.065528  0.427407  0.390841  0.633270  0.351304  0.204041  0.134352  0.022625  0.056680  0.429364  0.258157  0.415541  0.170795  0.322253  0.113450  0.274035  0.021109  0.471365  0.005490  0.316316  0.178390  0.015306  0.539377  0.595070  0.143446  0.368266  0.223773  0.065793  0.043487  0.063603  0.093448  0.054827  0.093447  0.128078  0.086663  0.303205  0.350315  0.538598  0.318530  0.000000  0.335093  0.571858  0.097343  0.308932  0.067524  0.161517  0.111658  0.142449  0.063079  0.214939  0.335900  0.620371  0.337673  0.610226  0.031663  0.126424  0.058343  0.023234  0.399047  0.102250  0.042352  0.246452  0.000000  0.502707  0.129091  0.004316  0.000000  0.000000  0.148973  0.192975  0.000000  0.188757  0.000000  0.390817  0.153742  0.230539  0.229097  0.157705  0.112352  0.313305  0.173488  0.038925  0.209172  0.122814  0.462266  0.207908  0.291829  0.121856  0.445158  0.127276 
8  0.324929  0.685993  0.860199  0.233836  0.460367  0.218538  0.337670  0.331004 0.0  0.500029  0.459331  0.399847  0.253296  0.399437  0.182411  0.490971  0.499590  0.609827  0.242668  0.270845  0.294338  0.513724  0.392875  0.909959  0.169269  0.296351  0.335372  0.432144  0.399846  0.576392  0.339710  0.342340  0.298784  0.438408  0.885813  0.420114  0.767250  0.360119  0.337181  0.633535  0.383335  0.193847  0.199146  0.058894  0.455446  0.219954  0.281100  0.234282  0.468368  0.366169  0.221256  0.502977  0.158156  0.389806  0.256338  0.113666  0.225835  0.087519  0.369822  0.734787  0.149896  0.285594  0.390656  0.471833  0.321785  0.162661  0.119526  0.825477  0.523923  0.160211  0.423215  0.380443  0.381671  0.092157  0.293295  0.264920  0.279926  0.359458  0.923597  0.739158  0.300408  0.363382  0.189519  0.273865  0.428764  0.447637  0.337209  0.457399  0.346921  0.412840  0.324368  0.550119  0.141674  0.856689  0.000000  0.364169  0.309030  0.828313  0.528753  0.377536  0.472776  0.358617  0.250593  0.314110  0.444840  0.388391  0.288552  0.659410  0.246211  0.839457  0.391742  0.440230  0.524543  0.454585  0.858417  0.349810  0.315934  0.184415  0.232474  0.870114  0.370939  0.413092  0.488696  0.448970  0.480792  0.322064  0.237160  0.263398  0.463985  0.758142  0.313897  0.185834  0.250648  0.404620  0.491230  0.235562  0.424204  0.214374  0.303894  0.301940  0.258720  0.378276  0.358040  0.249769  0.761432  0.437729 
9  0.272803  0.518548  0.575305  0.556714  0.261851  0.397157  0.237061  0.138005  0.500029 0.0  0.484529  0.120098  0.267536  0.521931  0.523619  0.113606  0.174298  0.310373  0.511159  0.248049  0.065665  0.435281  0.056390  0.624559  0.410008  0.185912  0.000000  0.226232  0.000000  0.397307  0.156138  0.238507  0.060621  0.234223  0.603477  0.136402  0.441655  0.005716  0.112976  0.633813  0.002882  0.409677  0.540067  0.500665  0.197574  0.480712  0.111269  0.418471  0.133475  0.074994  0.362905  0.234223  0.515474  0.421830  0.325596  0.351779  0.065467  0.425109  0.204923  0.512898  0.446107  0.019241  0.137830  0.149650  0.153458  0.468628  0.320999  0.613094  0.206444  0.162091  0.195511  0.224540  0.135368  0.364994  0.050313  0.572353  0.193875  0.194177  0.565523  0.584465  0.030632  0.409350  0.304095  0.104190  0.149878  0.139551  0.009938  0.215141  0.035750  0.119724  0.000000  0.321419  0.442769  0.608948  0.393483  0.198082  0.304396  0.487612  0.132978  0.290845  0.159955  0.000000  0.028956  0.058390  0.232844  0.381018  0.180437  0.548951  0.472802  0.572601  0.000000  0.160844  0.197948  0.238214  0.440903  0.184829  0.000000  0.485508  0.095547  0.533696  0.213473  0.205347  0.238626  0.189169  0.178131  0.007162  0.011159  0.181190  0.126343  0.409711  0.180423  0.197175  0.197290  0.177249  0.159053  0.222015  0.100642  0.000000  0.282552  0.000000  0.298027  0.034950  0.314526  0.104553  0.508293  0.234900 
10  0.496668  0.475897  0.528791  0.503267  0.404291  0.376569  0.362776  0.411743  0.459331  0.484529 0.0  0.473782  0.333861  0.360263  0.525447  0.517815  0.613750  0.456561  0.504265  0.469436  0.470713  0.349706  0.469645  0.495715  0.357524  0.359219  0.482237  0.446071  0.455138  0.507056  0.463482  0.431912  0.430113  0.442689  0.379330  0.464332  0.455044  0.358856  0.458594  0.454811  0.334561  0.502498  0.478011  0.406350  0.499899  0.561237  0.505273  0.561880  0.317752  0.485593  0.409287  0.472780  0.452390  0.391289  0.577295  0.500380  0.398113  0.401120  0.456480  0.407181  0.427401  0.508671  0.501629  0.518480  0.422747  0.405633  0.520203  0.589252  0.444832  0.584092  0.472768  0.414716  0.397994  0.508328  0.454437  0.511742  0.362371  0.473107  0.420194  0.444407  0.480255  0.466369  0.413294  0.466095  0.482479  0.481659  0.400398  0.389391  0.424011  0.386996  0.481660  0.500941  0.471008  0.474826  0.499812  0.439229  0.512806  0.410729  0.440340  0.371173  0.463744  0.545836  0.408109  0.469477  0.526850  0.511387  0.315221  0.523063  0.476770  0.372136  0.410833  0.506070  0.426210  0.531230  0.345822  0.459117  0.517793  0.453935  0.419194  0.488293  0.503708  0.446103  0.441479  0.491244  0.495342  0.530398  0.451772  0.530136  0.471262  0.409660  0.432920  0.468864  0.472198  0.461021  0.367035  0.331211  0.485770  0.447183  0.559792  0.584276  0.487940  0.437655  0.410912  0.433748  0.335333  0.558707 
11  0.407181  0.543596  0.562492  0.255077  0.212314  0.456861  0.256170  0.000000  0.399847  0.120098  0.473782 0.0  0.257113  0.417010  0.421294  0.096171  0.128420  0.321057  0.350800  0.318283  0.157458  0.546808  0.147718  0.530245  0.532335  0.302977  0.154719  0.378315  0.244039  0.253089  0.183134  0.111723  0.188456  0.050900  0.590348  0.257130  0.532056  0.274550  0.086733  0.658549  0.201261  0.336501  0.340388  0.459836  0.107248  0.369889  0.266594  0.344690  0.107085  0.111143  0.444055  0.180295  0.332382  0.421273  0.329014  0.409821  0.141983  0.336786  0.385496  0.498613  0.365344  0.059700  0.100637  0.190910  0.121445  0.432631  0.387336  0.431515  0.096119  0.248117  0.124237  0.190262  0.134704  0.330000  0.132806  0.358081  0.186378  0.132300  0.521603  0.416823  0.093392  0.390359  0.218042  0.229389  0.055360  0.162878  0.000000  0.132200  0.155516  0.102660  0.239749  0.378247  0.378713  0.581402  0.369326  0.135573  0.467756  0.579820  0.066917  0.514147  0.133127  0.075223  0.120853  0.133429  0.061872  0.402046  0.249997  0.474885  0.415086  0.520283  0.042755  0.132106  0.201196  0.095159  0.541513  0.155371  0.179688  0.339193  0.078898  0.572840  0.218410  0.151377  0.158107  0.206288  0.120379  0.085971  0.082525  0.314706  0.062256  0.527577  0.226053  0.263113  0.350540  0.177550  0.040033  0.183813  0.052896  0.159839  0.188609  0.064759  0.302765  0.035020  0.188366  0.148182  0.495885  0.077483 
12  0.256473  0.611453  0.648388  0.297494  0.293622  0.204571  0.292823  0.117998  0.253296  0.267536  0.333861  0.257113 0.0  0.466640  0.265688  0.309021  0.326700  0.378735  0.169456  0.279908  0.272141  0.452240  0.256769  0.712116  0.282296  0.293168  0.300933  0.205033  0.301907  0.373215  0.223540  0.284736  0.234675  0.290464  0.715370  0.229627  0.678827  0.278027  0.250044  0.642659  0.192598  0.308574  0.288795  0.260715  0.170428  0.248884  0.269149  0.283876  0.344889  0.205820  0.156320  0.176585  0.221114  0.234137  0.173545  0.280049  0.208919  0.220556  0.287839  0.666611  0.254399  0.169488  0.220399  0.192379  0.200169  0.298484  0.249997  0.649496  0.222308  0.323842  0.316989  0.268936  0.135070  0.274147  0.289967  0.215943  0.368512  0.282711  0.628435  0.661697  0.267390  0.274304  0.196259  0.269454  0.219333  0.207827  0.197496  0.191388  0.276748  0.277821  0.192319  0.452553  0.321542  0.718562  0.359664  0.335306  0.193387  0.674652  0.321804  0.266670  0.255043  0.235893  0.306357  0.168769  0.344510  0.178088  0.225103  0.620647  0.232751  0.673455  0.256856  0.287768  0.296725  0.282263  0.684913  0.224606  0.372508  0.203708  0.116568  0.635753  0.273640  0.241908  0.255849  0.246478  0.255106  0.233340  0.368641  0.194180  0.281937  0.662253  0.260457  0.280690  0.304718  0.273082  0.289291  0.243547  0.219144  0.250055  0.215522  0.218983  0.216863  0.277007  0.273937  0.244290  0.770625  0.240927 
13  0.350580  0.472731  0.401370  0.469733  0.385676  0.418249  0.470926  0.378098  0.399437  0.521931  0.360263  0.417010  0.466640 0.0  0.468930  0.412678  0.523702  0.506331  0.493390  0.446100  0.540765  0.575984  0.338156  0.428174  0.492400  0.437560  0.456715  0.415205  0.347354  0.433041  0.408743  0.554089  0.448311  0.428195  0.473869  0.450607  0.469955  0.409406  0.463114  0.328422  0.381400  0.529780  0.401856  0.416554  0.375137  0.401340  0.470405  0.357740  0.451371  0.412966  0.505258  0.387461  0.482176  0.384082  0.486365  0.448209  0.442075  0.406092  0.420584  0.374790  0.360320  0.432782  0.473674  0.431411  0.497738  0.454281  0.438229  0.435358  0.532538  0.396084  0.510476  0.459145  0.524047  0.503426  0.441980  0.480548  0.443128  0.352116  0.512107  0.346912  0.397832  0.406417  0.535698  0.417941  0.428648  0.392859  0.416036  0.328222  0.419342  0.541126  0.402394  0.438383  0.469224  0.394181  0.401903  0.355155  0.454347  0.489432  0.506432  0.387534  0.501215  0.430859  0.605865  0.347012  0.455727  0.355308  0.487604  0.536388  0.302110  0.414313  0.390166  0.473314  0.493507  0.398605  0.428901  0.457471  0.416442  0.434540  0.559583  0.481258  0.484257  0.493380  0.539159  0.388108  0.475861  0.506059  0.389110  0.460171  0.478748  0.454060  0.551490  0.532835  0.425463  0.413477  0.545644  0.506178  0.377790  0.423903  0.434643  0.513356  0.603176  0.441929  0.461761  0.444068  0.425606  0.515776 
14  0.300761  0.736596  0.892105  0.267818  0.434334  0.086504  0.349290  0.332044  0.182411  0.523619  0.525447  0.421294  0.265688  0.468930 0.0  0.473114  0.423160  0.529093  0.043937  0.332109  0.368163  0.541620  0.484677  0.757275  0.158920  0.141897  0.324127  0.325511  0.266215  0.496694  0.388691  0.393252  0.313054  0.377868  0.928122  0.366571  0.744627  0.364864  0.313918  0.624020  0.322095  0.226478  0.163176  0.229476  0.411123  0.267736  0.267390  0.292311  0.302075  0.341004  0.218347  0.470888  0.130944  0.404316  0.265122  0.112878  0.306012  0.072807  0.241846  0.696310  0.125879  0.331638  0.359814  0.347410  0.299587  0.170973  0.000000  0.842876  0.409015  0.229132  0.443709  0.269678  0.334152  0.059843  0.340679  0.163101  0.249657  0.552747  0.841234  0.829637  0.358771  0.332376  0.286914  0.278434  0.353272  0.486668  0.283299  0.383002  0.266988  0.333388  0.305594  0.620397  0.227761  0.738561  0.121264  0.417283  0.337126  0.739286  0.404242  0.389874  0.421738  0.381162  0.391510  0.328008  0.426621  0.212517  0.328001  0.791853  0.247906  0.781678  0.282961  0.476428  0.391470  0.493450  0.747716  0.281034  0.397984  0.214418  0.303701  0.859267  0.536098  0.485973  0.463138  0.427755  0.484635  0.405494  0.363634  0.353327  0.455626  0.703119  0.396549  0.243542  0.193272  0.429995  0.404858  0.237773  0.360228  0.328681  0.310048  0.323481  0.379835  0.405349  0.299186  0.415873  0.628972  0.454799 
15  0.343161  0.439185  0.613541  0.484188  0.110396  0.455878  0.204880  0.044257  0.490971  0.113606  0.517815  0.096171  0.309021  0.412678  0.473114 0.0  0.127991  0.254522  0.494873  0.246022  0.042690  0.456800  0.151505  0.649914  0.426517  0.051760  0.006118  0.385966  0.138909  0.421053  0.154621  0.298185  0.092019  0.194568  0.687816  0.086647  0.416411  0.050526  0.101146  0.604663  0.003029  0.437657  0.523466  0.458959  0.310407  0.422694  0.112997  0.508963  0.065794  0.153504  0.416106  0.179809  0.447064  0.278016  0.369916  0.370388  0.084222  0.482968  0.312060  0.470158  0.350398  0.090534  0.000000  0.240573  0.008854  0.398835  0.262652  0.554299  0.147299  0.246626  0.228578  0.248289  0.202471  0.364404  0.028208  0.431939  0.093869  0.088290  0.578079  0.529098  0.061059  0.376547  0.362616  0.174007  0.151996  0.122929  0.035016  0.175242  0.118237  0.094091  0.029112  0.310382  0.381682  0.659257  0.423625  0.163266  0.331244  0.557807  0.235016  0.373686  0.261778  0.039273  0.000000  0.000000  0.103124  0.296024  0.305594  0.634946  0.415195  0.566328  0.142237  0.103921  0.205075  0.278176  0.577907  0.113181  0.128278  0.532959  0.000000  0.586923  0.178317  0.052870  0.225839  0.155686  0.188996  0.104204  0.094929  0.219435  0.217099  0.474348  0.143295  0.303975  0.379712  0.302854  0.047547  0.186137  0.227486  0.104773  0.323955  0.121784  0.304091  0.108265  0.343589  0.087379  0.499599  0.321757 
16  0.362322  0.401346  0.498963  0.483506  0.136173  0.447729  0.227699  0.031514  0.499590  0.174298  0.613750  0.128420  0.326700  0.523702  0.423160  0.127991 0.0  0.269568  0.427149  0.286563  0.048282  0.416927  0.192886  0.553330  0.482012  0.249341  0.000000  0.287706  0.067359  0.338533  0.057341  0.172574  0.112385  0.117362  0.619874  0.108576  0.449391  0.155740  0.114587  0.623302  0.000000  0.428194  0.392535  0.389720  0.218841  0.491216  0.093868  0.418747  0.263302  0.120744  0.399439  0.224929  0.479481  0.419911  0.326201  0.471745  0.170229  0.325817  0.344232  0.494346  0.493538  0.044230  0.073742  0.203000  0.044820  0.482288  0.215402  0.652654  0.172051  0.383798  0.161765  0.332530  0.184807  0.425152  0.099551  0.370021  0.181101  0.173458  0.532520  0.621964  0.081015  0.373187  0.243311  0.100565  0.134976  0.269104  0.058535  0.227898  0.190741  0.149074  0.235424  0.343895  0.470267  0.563448  0.324282  0.239697  0.301663  0.555885  0.146821  0.317888  0.253938  0.011390  0.107607  0.050459  0.167128  0.389057  0.302839  0.553053  0.478309  0.515945  0.004934  0.153447  0.225943  0.194530  0.579954  0.226398  0.059131  0.532811  0.184378  0.587592  0.230602  0.157907  0.202505  0.122644  0.218235  0.000000  0.106289  0.244382  0.220283  0.517445  0.149197  0.354448  0.325502  0.239600  0.117776  0.284670  0.194009  0.063194  0.329511  0.106575  0.280744  0.200169  0.242131  0.002781  0.481520  0.128585 
17  0.549269  0.342184  0.335249  0.524268  0.318121  0.522301  0.478196  0.261265  0.609827  0.310373  0.456561  0.321057  0.378735  0.506331  0.529093  0.254522  0.269568 0.0  0.648235  0.488729  0.399342  0.447379  0.241262  0.263760  0.557002  0.499553  0.306431  0.561928  0.271463  0.245640  0.328461  0.367600  0.232863  0.334864  0.209520  0.361838  0.338763  0.392017  0.256515  0.413895  0.259438  0.611136  0.600332  0.637938  0.321633  0.602689  0.315554  0.639414  0.260032  0.413469  0.568977  0.287131  0.716111  0.597341  0.490714  0.567601  0.221141  0.679761  0.579795  0.318885  0.623343  0.241883  0.212018  0.430032  0.350042  0.644543  0.629005  0.383323  0.392446  0.477483  0.339804  0.376431  0.343903  0.641504  0.298350  0.541884  0.370660  0.404250  0.415139  0.392961  0.398534  0.607602  0.435432  0.235047  0.253949  0.425013  0.464832  0.378731  0.360690  0.325603  0.331377  0.221839  0.517836  0.445779  0.626287  0.372397  0.582028  0.341203  0.345871  0.543303  0.329311  0.408852  0.352245  0.348600  0.296466  0.539112  0.502659  0.348989  0.542109  0.324003  0.313356  0.269841  0.302685  0.326806  0.281479  0.283357  0.344994  0.544266  0.295677  0.335907  0.306027  0.335122  0.224577  0.386679  0.253040  0.350252  0.461982  0.415615  0.368139  0.348404  0.303414  0.465669  0.455770  0.344765  0.333777  0.484956  0.217491  0.356057  0.325374  0.357718  0.542616  0.392393  0.437009  0.382104  0.428926  0.282346 
18  0.341638  0.770104  0.830900  0.247503  0.514320  0.201843  0.332144  0.241609  0.242668  0.511159  0.504265  0.350800  0.169456  0.493390  0.043937  0.494873  0.427149  0.648235 0.0  0.217727  0.355116  0.548013  0.370096  0.873075  0.192223  0.298402  0.341631  0.281549  0.169910  0.636982  0.377520  0.387290  0.325322  0.370666  0.917845  0.354738  0.726162  0.289717  0.374091  0.666201  0.328634  0.245051  0.190607  0.190106  0.466850  0.315438  0.288371  0.210937  0.403662  0.271605  0.183090  0.366337  0.190268  0.273216  0.318348  0.050255  0.353117  0.116449  0.376163  0.854172  0.213607  0.383640  0.288048  0.416428  0.321263  0.279615  0.108932  0.851024  0.396637  0.293355  0.457943  0.231797  0.568338  0.128363  0.291466  0.214398  0.408691  0.394448  0.803429  0.693028  0.418125  0.490239  0.300885  0.346152  0.443826  0.501490  0.247517  0.384046  0.337885  0.369630  0.339465  0.530120  0.248395  0.866705  0.088593  0.522971  0.286271  0.776950  0.526327  0.284666  0.410831  0.265211  0.288026  0.305869  0.490122  0.306897  0.265671  0.871246  0.087200  0.809279  0.264957  0.493504  0.453152  0.384626  0.761760  0.448102  0.276575  0.169639  0.371520  0.767494  0.420780  0.508838  0.401862  0.400010  0.445991  0.307375  0.318030  0.231226  0.548035  0.804660  0.269334  0.271735  0.319629  0.521040  0.445727  0.308350  0.249147  0.445333  0.426451  0.291193  0.336801  0.374547  0.411028  0.307290  0.571664  0.405348 
19  0.266752  0.713927  0.693220  0.293454  0.222595  0.271480  0.333906  0.273608  0.270845  0.248049  0.469436  0.318283  0.279908  0.446100  0.332109  0.246022  0.286563  0.488729  0.217727 0.0  0.257285  0.505547  0.268821  0.599321  0.238218  0.285012  0.246394  0.281484  0.187163  0.470805  0.242761  0.290732  0.319408  0.303915  0.652005  0.235084  0.648139  0.404157  0.247454  0.649928  0.293745  0.296545  0.200546  0.253501  0.225920  0.252475  0.159188  0.229215  0.343539  0.334318  0.368962  0.103056  0.239427  0.262624  0.223387  0.245096  0.175165  0.228756  0.234766  0.631047  0.315578  0.271475  0.308751  0.216858  0.402873  0.313956  0.300030  0.667911  0.223355  0.261975  0.292484  0.307871  0.279528  0.255939  0.294998  0.321857  0.241997  0.317454  0.685854  0.629277  0.365094  0.203458  0.198939  0.287559  0.309705  0.242924  0.219222  0.237907  0.214340  0.271758  0.229206  0.567695  0.264635  0.709321  0.305134  0.285924  0.245261  0.629766  0.334391  0.262604  0.228836  0.292250  0.257657  0.345884  0.203824  0.250871  0.269568  0.678293  0.195359  0.617718  0.229900  0.250749  0.216664  0.304899  0.606413  0.285788  0.369667  0.218326  0.318700  0.637189  0.350128  0.261813  0.214928  0.285515  0.207800  0.328922  0.246584  0.212318  0.250647  0.591227  0.249091  0.190958  0.268780  0.263305  0.243250  0.204933  0.305143  0.259033  0.191328  0.242768  0.271915  0.282315  0.293809  0.290044  0.656118  0.296157 
20  0.236491  0.515540  0.410679  0.301817  0.106358  0.434605  0.242507  0.084661  0.294338  0.065665  0.470713  0.157458  0.272141  0.540765  0.368163  0.042690  0.048282  0.399342  0.355116  0.257285 0.0  0.456899  0.073933  0.375239  0.384195  0.246236  0.092930  0.388234  0.052952  0.225812  0.074480  0.059972  0.032690  0.069497  0.507517  0.038460  0.621351  0.320441  0.211999  0.658434  0.173297  0.258254  0.380471  0.347659  0.000000  0.316174  0.171088  0.372462  0.011912  0.232965  0.397738  0.091553  0.280848  0.298570  0.361433  0.387922  0.268961  0.406590  0.326595  0.454045  0.295403  0.056449  0.162111  0.072224  0.203284  0.445500  0.495253  0.515296  0.042614  0.330445  0.063523  0.335748  0.066310  0.401179  0.162480  0.265934  0.131839  0.083538  0.507643  0.487168  0.000000  0.413717  0.180670  0.076614  0.152440  0.114616  0.202908  0.077228  0.240830  0.202919  0.163410  0.312512  0.310228  0.509841  0.364479  0.033204  0.270532  0.561329  0.014165  0.231487  0.077013  0.023211  0.217598  0.111967  0.106258  0.389284  0.285332  0.528435  0.283768  0.563880  0.121246  0.106570  0.234880  0.099533  0.589814  0.056164  0.170908  0.267808  0.067825  0.460080  0.055393  0.000000  0.043845  0.013683  0.119605  0.072735  0.207719  0.258812  0.050467  0.588013  0.213643  0.250953  0.270197  0.100862  0.124684  0.239350  0.015062  0.187229  0.294819  0.185422  0.361646  0.190294  0.294252  0.165965  0.618806  0.138464 
21  0.451090  0.438620  0.407955  0.472609  0.584563  0.433333  0.426756  0.419979  0.513724  0.435281  0.349706  0.546808  0.452240  0.575984  0.541620  0.456800  0.416927  0.447379  0.548013  0.505547  0.456899 0.0  0.462026  0.415227  0.350239  0.502700  0.461360  0.529942  0.566397  0.410111  0.477642  0.491717  0.478547  0.468299  0.474494  0.412115  0.510393  0.433414  0.423863  0.398689  0.399770  0.423055  0.401504  0.485101  0.435464  0.376200  0.466687  0.425173  0.494222  0.443768  0.519575  0.392707  0.562220  0.529256  0.455062  0.541007  0.391707  0.577881  0.475874  0.475964  0.422137  0.429642  0.461082  0.454921  0.471793  0.475598  0.542454  0.433056  0.502445  0.481128  0.459194  0.466832  0.497452  0.505096  0.511958  0.396542  0.530756  0.519854  0.466009  0.425722  0.486265  0.416706  0.447126  0.474199  0.474669  0.485794  0.358337  0.431071  0.441519  0.458880  0.452512  0.369204  0.432201  0.400166  0.484104  0.516723  0.449784  0.444829  0.421144  0.475156  0.432473  0.455011  0.475340  0.388015  0.409133  0.548255  0.432469  0.512264  0.482145  0.563993  0.524529  0.419336  0.408514  0.527416  0.614559  0.437321  0.469744  0.524219  0.392007  0.414494  0.411402  0.568743  0.466378  0.525407  0.437591  0.516446  0.499922  0.528258  0.433001  0.468158  0.543876  0.452169  0.452418  0.392473  0.383425  0.531631  0.384704  0.423553  0.518539  0.405179  0.425293  0.547431  0.550032  0.523172  0.368637  0.470169 
22  0.376365  0.539558  0.492576  0.410438  0.195130  0.393026  0.278160  0.054364  0.392875  0.056390  0.469645  0.147718  0.256769  0.338156  0.484677  0.151505  0.192886  0.241262  0.370096  0.268821  0.073933  0.462026 0.0  0.513114  0.356661  0.391877  0.045761  0.455914  0.130034  0.386636  0.144842  0.168004  0.125058  0.201671  0.466319  0.215007  0.522058  0.098465  0.128776  0.668607  0.183920  0.396521  0.363997  0.383164  0.166476  0.400760  0.144285  0.425163  0.000000  0.197421  0.498422  0.104743  0.330709  0.386607  0.315875  0.364509  0.052542  0.509388  0.376501  0.569881  0.389023  0.174737  0.102595  0.202127  0.211082  0.420787  0.479149  0.627015  0.098844  0.190847  0.200269  0.339508  0.152698  0.401471  0.140038  0.384100  0.217349  0.177880  0.507898  0.455406  0.140528  0.387764  0.274156  0.080274  0.095329  0.099369  0.183987  0.136943  0.127717  0.219340  0.201223  0.361132  0.401732  0.439164  0.519087  0.025566  0.462284  0.565169  0.159278  0.329379  0.109705  0.120910  0.200886  0.141006  0.091282  0.500527  0.295570  0.579965  0.376086  0.584978  0.102176  0.092101  0.217587  0.123412  0.595087  0.093359  0.115882  0.382414  0.035428  0.556023  0.102061  0.110517  0.151925  0.140240  0.131037  0.164469  0.029634  0.156679  0.154489  0.430339  0.125109  0.269609  0.297031  0.134327  0.070490  0.222834  0.212290  0.117928  0.195550  0.157718  0.311871  0.106875  0.263194  0.143385  0.464707  0.100667 
23  0.721000  0.101517  0.240962  0.775749  0.569140  0.872402  0.613262  0.505144  0.909959  0.624559  0.495715  0.530245  0.712116  0.428174  0.757275  0.649914  0.553330  0.263760  0.873075  0.599321  0.375239  0.415227  0.513114 0.0  0.783555  0.610736  0.519421  0.737825  0.513153  0.340819  0.495143  0.631888  0.480971  0.459654  0.597779  0.546844  0.075880  0.479597  0.590534  0.216511  0.571407  0.816045  0.738048  0.813972  0.648259  0.739108  0.358705  0.926256  0.690040  0.553225  0.822880  0.580681  0.913453  0.664569  0.786027  0.786709  0.534472  0.864974  0.720411  0.407685  0.882849  0.424163  0.518352  0.527111  0.428934  0.857325  0.662816  0.622600  0.693237  0.664587  0.596777  0.711680  0.467480  0.805812  0.425449  0.873330  0.439719  0.581961  0.221427  0.126650  0.493079  0.685727  0.655302  0.463421  0.713688  0.628529  0.420223  0.553826  0.447773  0.549746  0.356604  0.382816  0.808352  0.214726  0.876799  0.538427  0.792357  0.446574  0.692577  0.707643  0.595532  0.466463  0.486966  0.454326  0.615540  0.737895  0.594017  0.490043  0.872411  0.000000  0.389500  0.666659  0.545345  0.594871  0.501511  0.601331  0.413316  0.858799  0.479702  0.606043  0.622395  0.627504  0.704790  0.635697  0.626341  0.497123  0.470820  0.735907  0.574279  0.527626  0.582993  0.622578  0.570260  0.537086  0.573386  0.678521  0.448269  0.518764  0.575214  0.449261  0.695669  0.482228  0.662925  0.478122  0.209655  0.584417 
24  0.437611  0.750097  0.837003  0.040110  0.409194  0.107773  0.335122  0.326499  0.169269  0.410008  0.357524  0.532335  0.282296  0.492400  0.158920  0.426517  0.482012  0.557002  0.192223  0.238218  0.384195  0.350239  0.356661  0.783555 0.0  0.234329  0.259551  0.366302  0.315034  0.590031  0.427377  0.396666  0.388875  0.409358  0.795532  0.442390  0.694583  0.323619  0.432757  0.632781  0.478524  0.131549  0.157897  0.218171  0.366981  0.102658  0.418777  0.111136  0.362057  0.369986  0.041728  0.413689  0.156749  0.375599  0.277710  0.071072  0.445572  0.106110  0.312349  0.809381  0.009046  0.372773  0.426846  0.434715  0.438495  0.124382  0.212882  0.810163  0.367533  0.224190  0.339925  0.300334  0.435186  0.080373  0.433756  0.167773  0.374220  0.405181  0.768818  0.776391  0.433117  0.507648  0.301259  0.402641  0.316608  0.410884  0.444737  0.459137  0.488236  0.388951  0.236006  0.645694  0.186828  0.771652  0.073306  0.414299  0.299892  0.828607  0.387472  0.238914  0.427939  0.413772  0.428298  0.347536  0.373161  0.284084  0.296893  0.878731  0.106676  0.711359  0.356388  0.354433  0.380468  0.401600  0.759288  0.385262  0.385954  0.132283  0.397162  0.813192  0.469826  0.469542  0.389591  0.412634  0.435143  0.441604  0.435053  0.262299  0.320267  0.791419  0.360586  0.374387  0.258527  0.378207  0.302121  0.266864  0.323164  0.340782  0.231816  0.462569  0.490121  0.407631  0.250345  0.459159  0.850911  0.374329 
25  0.357999  0.564189  0.698516  0.285964  0.255944  0.257918  0.226632  0.241985  0.296351  0.185912  0.359219  0.302977  0.293168  0.437560  0.141897  0.051760  0.249341  0.499553  0.298402  0.285012  0.246236  0.502700  0.391877  0.610736  0.234329 0.0  0.247164  0.251749  0.300519  0.490298  0.244865  0.175201  0.186080  0.231900  0.635602  0.229579  0.749007  0.359157  0.314858  0.609254  0.234286  0.319014  0.232030  0.392759  0.282444  0.232185  0.249109  0.165517  0.245427  0.243430  0.312076  0.270312  0.146945  0.364198  0.271223  0.204408  0.235922  0.214699  0.280653  0.721695  0.268257  0.233863  0.316383  0.235645  0.312747  0.330894  0.208877  0.681906  0.302936  0.362466  0.249286  0.291511  0.177518  0.335434  0.257744  0.258949  0.241332  0.263666  0.743501  0.660367  0.244005  0.217283  0.240139  0.243951  0.322122  0.367465  0.222574  0.213421  0.311807  0.172036  0.212090  0.406916  0.285159  0.691213  0.274143  0.303248  0.397998  0.704426  0.246899  0.231004  0.174806  0.144479  0.264011  0.229215  0.245297  0.269752  0.283845  0.655120  0.194964  0.564665  0.198438  0.140536  0.341929  0.269440  0.701646  0.198786  0.331515  0.196280  0.262946  0.680192  0.219640  0.175573  0.269921  0.292805  0.377719  0.264729  0.238503  0.199980  0.293546  0.631582  0.316483  0.156757  0.183298  0.210408  0.242690  0.281044  0.263755  0.313174  0.239332  0.231092  0.304436  0.128613  0.161593  0.280421  0.642477  0.151305 
26  0.337321  0.440002  0.456116  0.319485  0.006124  0.374039  0.280777  0.273162  0.335372  0.000000  0.482237  0.154719  0.300933  0.456715  0.324127  0.006118  0.000000  0.306431  0.341631  0.246394  0.092930  0.461360  0.045761  0.519421  0.259551  0.247164 0.0  0.362641  0.096792  0.350179  0.120517  0.164599  0.181831  0.255542  0.454618  0.098828  0.454588  0.060832  0.155190  0.640381  0.066875  0.362282  0.390369  0.316387  0.115115  0.263194  0.100997  0.366798  0.075352  0.145585  0.287437  0.080946  0.275415  0.445943  0.336162  0.473144  0.097054  0.356173  0.308901  0.548771  0.382997  0.323162  0.000000  0.016908  0.063591  0.335410  0.464802  0.468660  0.044667  0.262149  0.065796  0.349064  0.050477  0.459752  0.061253  0.342034  0.317214  0.079861  0.551562  0.536270  0.269982  0.357753  0.184225  0.106024  0.179362  0.155041  0.161867  0.080124  0.057675  0.121349  0.110766  0.333409  0.407449  0.468451  0.353026  0.000000  0.245302  0.452618  0.031738  0.345314  0.017995  0.216654  0.034627  0.218224  0.089593  0.230180  0.269529  0.543734  0.320970  0.422282  0.047936  0.055054  0.169066  0.124024  0.466972  0.141599  0.041606  0.334028  0.021405  0.456280  0.052393  0.086675  0.192936  0.063193  0.100808  0.160512  0.039702  0.258484  0.000000  0.527977  0.188781  0.187997  0.321492  0.069641  0.105857  0.235178  0.191722  0.165787  0.209477  0.013855  0.448121  0.164592  0.250037  0.111649  0.394216  0.000000 
