146
0 0.0  0.689663  0.696903  0.351724  0.295203  0.296678  0.300882  0.207937  0.384406  0.245745  0.496931  0.392186  0.312860  0.570362  0.323857  0.374795  0.363742  0.609901  0.363629  0.284739  0.416254  0.516242  0.369167  0.778115  0.368035  0.278497  0.377549  0.156054  0.304059  0.540595  0.448633  0.374203  0.333212  0.372895  0.740554  0.336384  0.701866  0.447880  0.407121  0.702360  0.225586  0.352897  0.255486  0.287791  0.363349  0.361475  0.353818  0.400147  0.234114  0.354959  0.304248  0.364056  0.374489  0.116518  0.314048  0.468497  0.232184  0.410631  0.179846  0.730457  0.293246  0.250701  0.343442  0.298010  0.390275  0.320607  0.309535  0.732849  0.445251  0.367684  0.296443  0.265334  0.263334  0.378321  0.400561  0.431570  0.310219  0.384422  0.734737  0.830036  0.354278  0.090067  0.276762  0.372709  0.476648  0.284450  0.260009  0.316257  0.230630  0.456986  0.295161  0.630552  0.327398  0.816465  0.445109  0.327803  0.197220  0.882233  0.275541  0.161940  0.169292  0.378734  0.432634  0.336712  0.297887  0.164103  0.229732  0.936701  0.372934  0.818954  0.356430  0.367481  0.389169  0.375906  0.731377  0.486509  0.366056  0.279281  0.277097  0.613294  0.455000  0.397459  0.203181  0.331776  0.256874  0.280061  0.298184  0.305173  0.357263  0.756913  0.484942  0.256118  0.266943  0.328257  0.452960  0.334401  0.431250  0.307952  0.237605  0.351056  0.075296  0.277590  0.235283  0.231720  0.808052  0.218003 
1  0.689663 0.0  0.105818  0.773928  0.416200  0.781435  0.609023  0.474312  0.728167  0.433054  0.481116  0.549036  0.628678  0.496396  0.734509  0.459377  0.433920  0.374936  0.658532  0.615534  0.462378  0.476081  0.522757  0.000000  0.810436  0.713858  0.457849  0.740094  0.659285  0.290888  0.543530  0.432595  0.457247  0.495342  0.492742  0.543620  0.000000  0.424980  0.571585  0.298520  0.504070  0.774038  0.723680  0.836211  0.347476  0.744605  0.417580  0.640353  0.504852  0.427156  0.808137  0.380968  0.732453  0.780107  0.736120  0.841634  0.500942  0.888150  0.698604  0.427869  0.836423  0.478894  0.503405  0.509324  0.449346  0.685716  0.769470  0.438077  0.471542  0.579395  0.536260  0.679150  0.437839  0.775682  0.521939  0.766105  0.526361  0.497748  0.107669  0.161126  0.517680  0.797702  0.718118  0.683461  0.539820  0.528602  0.494624  0.536540  0.380556  0.552636  0.412623  0.252698  0.712850  0.127256  0.806815  0.446936  0.763701  0.524497  0.457421  0.717865  0.478310  0.458773  0.499806  0.512924  0.379447  0.768452  0.697612  0.518849  0.742261  0.162248  0.367489  0.505361  0.417984  0.641349  0.512167  0.507477  0.603819  0.720251  0.595884  0.456937  0.519917  0.506395  0.458468  0.482511  0.454795  0.507183  0.426179  0.808710  0.481570  0.478981  0.542050  0.564237  0.651700  0.460078  0.395602  0.670604  0.619998  0.473283  0.675691  0.494534  0.667396  0.540173  0.615905  0.530192  0.086781  0.552687 
2  0.696903  0.105818 0.0  0.908305  0.592038  0.943936  0.725113  0.467894  0.907339  0.573637  0.494399  0.491744  0.715158  0.433378  0.886500  0.558250  0.554243  0.313490  0.893208  0.690458  0.428865  0.517052  0.554341  0.185999  0.738410  0.602699  0.484090  0.674797  0.509239  0.367257  0.508282  0.573474  0.389414  0.632706  0.715159  0.446548  0.063587  0.405782  0.650239  0.301269  0.459401  0.885582  0.864736  0.889038  0.539541  0.904833  0.445813  0.851244  0.636212  0.453844  0.897517  0.523721  0.873563  0.554663  0.783048  0.858101  0.410088  0.811169  0.671134  0.457910  0.858722  0.441237  0.544842  0.538939  0.426484  0.833715  0.818124  0.691125  0.609947  0.724287  0.574752  0.728758  0.547406  0.812253  0.512696  0.875844  0.408458  0.545833  0.251094  0.183091  0.607414  0.808894  0.650071  0.536781  0.583730  0.508109  0.483131  0.588904  0.473391  0.721951  0.434060  0.285756  0.859816  0.337442  0.762070  0.677238  0.647580  0.534102  0.669222  0.725016  0.643609  0.513455  0.529502  0.449218  0.585959  0.834154  0.644377  0.561870  0.926965  0.115975  0.607543  0.637750  0.593118  0.603713  0.518112  0.479795  0.485158  0.787695  0.563753  0.509985  0.569185  0.570939  0.684654  0.531071  0.696466  0.367489  0.464489  0.669039  0.746166  0.448583  0.466047  0.637233  0.646781  0.670181  0.561612  0.737714  0.640947  0.501941  0.611722  0.461963  0.705994  0.531334  0.615988  0.448426  0.061621  0.568782 
3  0.351724  0.773928  0.908305 0.0  0.548544  0.149686  0.165893  0.416461  0.195973  0.544086  0.497601  0.399491  0.300950  0.484729  0.280283  0.447705  0.414667  0.582864  0.192867  0.287077  0.198977  0.552416  0.374509  0.854632  0.125821  0.260254  0.309243  0.328240  0.401955  0.666824  0.461646  0.534439  0.338588  0.421103  0.846976  0.417863  0.681510  0.341249  0.437490  0.673944  0.399550  0.144495  0.232429  0.170993  0.329243  0.239872  0.221008  0.154671  0.428217  0.408059  0.126366  0.463962  0.190054  0.350376  0.365397  0.126739  0.201578  0.128662  0.213103  0.772572  0.258358  0.420787  0.310142  0.375009  0.413060  0.246944  0.047646  0.788869  0.597652  0.259331  0.513817  0.201231  0.483941  0.121514  0.312576  0.163943  0.354904  0.470916  0.912114  0.876000  0.428564  0.352888  0.158495  0.304656  0.384016  0.393587  0.218787  0.477613  0.293526  0.481909  0.177277  0.685304  0.273288  0.816066  0.183304  0.482398  0.380354  0.852325  0.376507  0.349240  0.577525  0.427363  0.419334  0.363834  0.458739  0.231431  0.197529  0.859829  0.170145  0.912241  0.383706  0.428359  0.484059  0.329720  0.888638  0.371777  0.318994  0.125836  0.366817  0.845674  0.468172  0.474447  0.547808  0.492845  0.450502  0.332469  0.349808  0.317084  0.418428  0.652333  0.395215  0.321279  0.201846  0.538468  0.354599  0.230717  0.357197  0.298828  0.336728  0.347984  0.364142  0.316350  0.202415  0.341343  0.770953  0.443886 
4  0.295203  0.416200  0.592038  0.548544 0.0  0.430227  0.245249  0.006612  0.476417  0.074519  0.339751  0.040280  0.374414  0.427442  0.468336  0.236171  0.137687  0.347763  0.425371  0.321712  0.178207  0.551422  0.233009  0.696178  0.448934  0.142322  0.000000  0.328175  0.158530  0.467908  0.118928  0.196452  0.000000  0.239964  0.529097  0.154436  0.516261  0.000000  0.197676  0.691851  0.021215  0.478836  0.483320  0.517620  0.206039  0.446137  0.099993  0.450240  0.245461  0.015168  0.446833  0.196278  0.421692  0.252647  0.339862  0.402398  0.000000  0.467847  0.341272  0.524717  0.464131  0.096477  0.116140  0.311868  0.000000  0.480318  0.316202  0.605333  0.240904  0.283905  0.236900  0.299951  0.121122  0.443526  0.021252  0.414297  0.063923  0.130320  0.585660  0.555152  0.047387  0.352847  0.207384  0.044806  0.123828  0.143244  0.000000  0.225047  0.211808  0.148827  0.031677  0.310152  0.541606  0.551433  0.395296  0.148455  0.382612  0.534002  0.185278  0.275422  0.135784  0.165555  0.000000  0.016181  0.182365  0.287161  0.178667  0.569881  0.458925  0.623245  0.053452  0.217572  0.187379  0.183833  0.455809  0.138314  0.091684  0.434584  0.040505  0.735757  0.188284  0.209139  0.197543  0.100878  0.218939  0.051284  0.109990  0.317220  0.173818  0.451768  0.128115  0.232126  0.306975  0.191373  0.052191  0.196959  0.134888  0.051690  0.272352  0.188010  0.461730  0.047458  0.287052  0.135533  0.410541  0.143901 
5  0.296678  0.781435  0.943936  0.149686  0.430227 0.0  0.238175  0.414055  0.229774  0.419122  0.535510  0.354392  0.164503  0.447965  0.090942  0.386560  0.501658  0.634738  0.174252  0.317914  0.375900  0.536024  0.353854  0.898280  0.117954  0.182670  0.371024  0.303862  0.264569  0.713138  0.366932  0.446190  0.401119  0.530047  0.904179  0.428377  0.681467  0.339485  0.449789  0.725989  0.314453  0.228579  0.231137  0.234390  0.399367  0.148300  0.380479  0.146423  0.429449  0.256905  0.237521  0.452829  0.184367  0.283999  0.388443  0.240737  0.386518  0.071555  0.309155  0.747818  0.260993  0.339921  0.277302  0.437371  0.317858  0.163929  0.161559  0.751756  0.462899  0.342304  0.457050  0.259594  0.420510  0.176424  0.237705  0.221150  0.324945  0.521490  0.851610  0.869047  0.262386  0.413484  0.156454  0.375566  0.362990  0.487511  0.317975  0.506939  0.361308  0.321493  0.370823  0.609888  0.213729  0.983695  0.105419  0.458677  0.406948  0.810448  0.523767  0.296076  0.429833  0.423853  0.354415  0.354059  0.518159  0.356733  0.205135  0.790938  0.191450  0.790289  0.266637  0.544483  0.428239  0.530637  0.794632  0.296314  0.398814  0.297182  0.257190  0.842701  0.408554  0.459375  0.489342  0.496503  0.510331  0.318359  0.306088  0.193032  0.504918  0.668202  0.372133  0.262568  0.254984  0.448541  0.413444  0.261906  0.450424  0.324984  0.234261  0.381175  0.484749  0.325022  0.085843  0.419643  0.715974  0.569514 
6  0.300882  0.609023  0.725113  0.165893  0.245249  0.238175 0.0  0.307473  0.135218  0.212850  0.517747  0.262366  0.297320  0.406288  0.288972  0.198780  0.356422  0.632280  0.352583  0.273469  0.262811  0.461896  0.270724  0.695793  0.277533  0.232092  0.378754  0.302978  0.284173  0.401402  0.206529  0.302781  0.358446  0.224009  0.607910  0.240991  0.666781  0.192550  0.151471  0.654147  0.207620  0.271226  0.302876  0.305025  0.252008  0.184159  0.314800  0.390618  0.241092  0.196783  0.220181  0.455098  0.182006  0.291222  0.298510  0.253124  0.273349  0.250336  0.173765  0.661464  0.351013  0.249924  0.231344  0.277289  0.306308  0.276720  0.391961  0.706008  0.254784  0.173137  0.212192  0.260470  0.334167  0.171713  0.316725  0.215060  0.253178  0.251119  0.675805  0.607891  0.245726  0.284500  0.169429  0.228746  0.299849  0.265657  0.283152  0.176756  0.199077  0.287442  0.284299  0.411041  0.241781  0.674139  0.265917  0.300570  0.294403  0.706182  0.291145  0.341374  0.193208  0.260375  0.343359  0.175981  0.295138  0.260602  0.179598  0.668476  0.248290  0.549357  0.295333  0.211174  0.271307  0.205353  0.684058  0.296981  0.289465  0.248803  0.281890  0.599376  0.316333  0.345627  0.286217  0.231344  0.377525  0.335075  0.308545  0.448084  0.359683  0.573952  0.287745  0.368387  0.151412  0.147034  0.287715  0.244145  0.252471  0.287070  0.363908  0.348116  0.281781  0.244117  0.158600  0.159823  0.652121  0.209294 
7  0.207937  0.474312  0.467894  0.416461  0.006612  0.414055  0.307473 0.0  0.318152  0.088343  0.466623  0.165844  0.229116  0.451761  0.418649  0.058980  0.101953  0.420306  0.331322  0.331136  0.104029  0.426902  0.025536  0.420387  0.379274  0.314186  0.203811  0.408132  0.010280  0.430493  0.272780  0.025560  0.154282  0.000000  0.471685  0.149701  0.476383  0.164554  0.223998  0.745775  0.006854  0.387768  0.364001  0.466249  0.130931  0.331634  0.115122  0.262110  0.188046  0.020655  0.317423  0.125319  0.428712  0.456804  0.321763  0.356146  0.036997  0.357041  0.431587  0.558958  0.323880  0.229534  0.091508  0.168056  0.164950  0.426983  0.377143  0.459005  0.085401  0.183038  0.071983  0.292650  0.123420  0.459274  0.193156  0.229848  0.128278  0.138123  0.557685  0.495365  0.233313  0.276321  0.274999  0.089657  0.101294  0.078239  0.097759  0.137780  0.091587  0.170340  0.148340  0.271401  0.332625  0.561753  0.511672  0.115339  0.278439  0.618213  0.050512  0.247158  0.000000  0.181052  0.078565  0.185604  0.074661  0.260274  0.314804  0.594826  0.267894  0.547093  0.056858  0.013458  0.007296  0.064744  0.504614  0.069013  0.136567  0.419628  0.168887  0.389019  0.063325  0.089292  0.051834  0.000000  0.241555  0.205251  0.170653  0.254049  0.130638  0.518469  0.038410  0.215794  0.223031  0.188954  0.072349  0.232035  0.233821  0.061781  0.257746  0.138910  0.510163  0.116050  0.166406  0.000000  0.383588  0.088883 
8  0.384406  0.728167  0.907339  0.195973  0.476417  0.229774  0.135218  0.318152 0.0  0.399069  0.561103  0.395073  0.260699  0.414137  0.164436  0.467392  0.415315  0.583255  0.280710  0.256682  0.310295  0.489682  0.503226  0.812968  0.108279  0.293782  0.407750  0.399275  0.262618  0.574996  0.355465  0.465995  0.449820  0.518401  0.965823  0.410274  0.687978  0.284478  0.426932  0.715666  0.262103  0.147227  0.291637  0.232747  0.381995  0.259438  0.322822  0.161959  0.415345  0.194771  0.179040  0.465711  0.175014  0.339995  0.478277  0.079942  0.301458  0.095928  0.279327  0.674831  0.274626  0.329427  0.341925  0.508742  0.324569  0.190001  0.046479  0.923742  0.479068  0.229741  0.475035  0.159040  0.531496  0.136505  0.234805  0.056627  0.390359  0.527306  0.864272  0.738874  0.362636  0.421000  0.294052  0.315667  0.409945  0.472603  0.330449  0.364076  0.290364  0.436584  0.379221  0.698606  0.208047  0.932048  0.136729  0.429495  0.446849  0.872883  0.423359  0.339299  0.590686  0.392691  0.355843  0.293861  0.536703  0.411467  0.353568  0.894173  0.232071  0.699175  0.398324  0.455257  0.465440  0.387611  0.849261  0.375979  0.310925  0.124225  0.282663  0.882537  0.438262  0.477076  0.473142  0.539557  0.434556  0.285268  0.265749  0.301947  0.509595  0.768915  0.384948  0.175681  0.203535  0.388315  0.430492  0.250854  0.375998  0.349362  0.268332  0.279474  0.360469  0.301454  0.190913  0.374765  0.741844  0.449106 
9  0.245745  0.433054  0.573637  0.544086  0.074519  0.419122  0.212850  0.088343  0.399069 0.0  0.422596  0.285920  0.303124  0.520464  0.521710  0.130280  0.115219  0.389138  0.516959  0.220670  0.000000  0.494713  0.045418  0.535221  0.414476  0.302527  0.005963  0.339217  0.065503  0.446356  0.081645  0.153601  0.119568  0.228537  0.635660  0.196048  0.400624  0.105779  0.167472  0.707658  0.058963  0.459821  0.437630  0.442045  0.102762  0.436898  0.063883  0.454651  0.202202  0.017097  0.537376  0.184219  0.430718  0.373118  0.282877  0.494513  0.013932  0.413067  0.294829  0.509538  0.527805  0.033831  0.102982  0.170404  0.063025  0.419037  0.223140  0.524694  0.205334  0.209644  0.148994  0.287047  0.146137  0.330270  0.000000  0.519063  0.133835  0.302899  0.647527  0.616138  0.152438  0.411282  0.232695  0.000000  0.167792  0.211964  0.046716  0.276184  0.035298  0.038224  0.164356  0.306100  0.434978  0.732442  0.409638  0.136911  0.343344  0.592404  0.166752  0.376551  0.150644  0.000000  0.085163  0.098511  0.255372  0.242880  0.198137  0.516542  0.488578  0.580523  0.083925  0.184408  0.235093  0.214861  0.595420  0.148437  0.072434  0.428180  0.080290  0.618199  0.221907  0.224304  0.156523  0.117277  0.170394  0.000000  0.040722  0.290011  0.271663  0.402381  0.193101  0.291359  0.202676  0.172135  0.147159  0.272973  0.076948  0.128867  0.240937  0.004029  0.375929  0.184217  0.199081  0.030037  0.574401  0.198884 
10  0.496931  0.481116  0.494399  0.497601  0.339751  0.535510  0.517747  0.466623  0.561103  0.422596 0.0  0.524706  0.435752  0.477077  0.442661  0.516475  0.457161  0.532453  0.417611  0.401263  0.436933  0.459667  0.446632  0.560287  0.388759  0.458227  0.489630  0.449406  0.506634  0.520928  0.469248  0.522487  0.505720  0.513804  0.356208  0.559291  0.427952  0.513114  0.308393  0.445847  0.459040  0.498961  0.558722  0.440458  0.426991  0.527603  0.508268  0.419841  0.433248  0.418150  0.461131  0.484833  0.487719  0.465755  0.500534  0.514860  0.506472  0.522201  0.528765  0.485883  0.497397  0.437734  0.516649  0.477420  0.470684  0.448414  0.427809  0.491538  0.384549  0.448050  0.428487  0.449296  0.519414  0.465699  0.485428  0.526244  0.461253  0.480188  0.442646  0.407611  0.473695  0.467701  0.299336  0.455820  0.460109  0.390768  0.502654  0.472142  0.600109  0.485474  0.498221  0.447093  0.520313  0.431792  0.572386  0.495612  0.487599  0.538762  0.437357  0.541873  0.395525  0.535136  0.455120  0.370816  0.436054  0.490265  0.418714  0.516913  0.466628  0.435291  0.461913  0.549480  0.594487  0.416189  0.483756  0.535047  0.517744  0.459253  0.502877  0.503001  0.421589  0.427670  0.425753  0.495069  0.341579  0.551004  0.479196  0.564814  0.371856  0.470738  0.428917  0.438274  0.443735  0.437600  0.522480  0.469202  0.463175  0.517133  0.461647  0.474054  0.366988  0.504093  0.453332  0.472086  0.595323  0.432375 
11  0.392186  0.549036  0.491744  0.399491  0.040280  0.354392  0.262366  0.165844  0.395073  0.285920  0.524706 0.0  0.187052  0.415281  0.489464  0.113190  0.050282  0.399061  0.451839  0.281186  0.081219  0.368995  0.169988  0.616286  0.362902  0.269261  0.149339  0.429607  0.181521  0.341869  0.255242  0.116212  0.088780  0.058218  0.524702  0.098992  0.549783  0.061839  0.199286  0.507752  0.178593  0.379677  0.422875  0.400430  0.170414  0.408072  0.201346  0.448870  0.079658  0.212539  0.449333  0.209012  0.308873  0.414075  0.384278  0.304756  0.139704  0.320469  0.333137  0.621312  0.464052  0.160858  0.176901  0.138290  0.109393  0.364947  0.324447  0.567833  0.156286  0.248695  0.197023  0.235736  0.155957  0.362937  0.194874  0.400711  0.073575  0.220340  0.561108  0.631936  0.116389  0.365058  0.152461  0.118142  0.074492  0.130671  0.138722  0.205920  0.135860  0.139386  0.103705  0.235718  0.494090  0.638180  0.335342  0.179443  0.419493  0.523726  0.108732  0.400260  0.124962  0.159359  0.239292  0.082651  0.061280  0.464090  0.237843  0.634281  0.287439  0.626964  0.181454  0.122412  0.089631  0.099331  0.534497  0.046579  0.044155  0.342611  0.093825  0.468805  0.081870  0.128119  0.000000  0.142592  0.190268  0.090341  0.167004  0.276992  0.178000  0.534956  0.047279  0.240579  0.216541  0.067710  0.218521  0.255022  0.168486  0.167602  0.262086  0.150921  0.391309  0.169518  0.313245  0.031375  0.498926  0.094845 
12  0.312860  0.628678  0.715158  0.300950  0.374414  0.164503  0.297320  0.229116  0.260699  0.303124  0.435752  0.187052 0.0  0.519329  0.346761  0.345932  0.260348  0.458040  0.238109  0.275114  0.349735  0.491570  0.291795  0.559983  0.174936  0.264346  0.242759  0.185337  0.349777  0.403986  0.195857  0.297159  0.209605  0.312002  0.774334  0.246307  0.641030  0.154376  0.261164  0.646826  0.279872  0.277587  0.236907  0.178444  0.303256  0.270588  0.227607  0.186349  0.331247  0.261548  0.319137  0.340095  0.304119  0.267812  0.322171  0.314478  0.317507  0.228299  0.364949  0.643457  0.313736  0.210589  0.238639  0.165518  0.251010  0.219737  0.231126  0.689667  0.225489  0.284156  0.211880  0.223464  0.271900  0.256366  0.169682  0.264697  0.211169  0.285753  0.695832  0.618168  0.223219  0.304922  0.133892  0.298367  0.306078  0.293109  0.336600  0.236714  0.272837  0.264655  0.373590  0.619421  0.241362  0.701071  0.248046  0.242501  0.317673  0.723985  0.257246  0.256388  0.266147  0.202433  0.226844  0.245624  0.357735  0.301420  0.364659  0.742715  0.261653  0.711590  0.299320  0.337550  0.286052  0.315436  0.661295  0.206964  0.345338  0.252241  0.223022  0.648893  0.286396  0.361002  0.219431  0.204626  0.238219  0.356263  0.120661  0.342297  0.187813  0.717962  0.228160  0.240118  0.270501  0.323026  0.151646  0.308380  0.303443  0.280578  0.233516  0.259952  0.369331  0.284974  0.245775  0.229172  0.791802  0.354605 
13  0.570362  0.496396  0.433378  0.484729  0.427442  0.447965  0.406288  0.451761  0.414137  0.520464  0.477077  0.415281  0.519329 0.0  0.656339  0.509573  0.443178  0.573648  0.635124  0.404896  0.441131  0.409755  0.318293  0.471728  0.372569  0.488566  0.479482  0.383797  0.492162  0.439935  0.485823  0.444987  0.502979  0.522719  0.430227  0.543323  0.527989  0.336125  0.485839  0.524791  0.427765  0.519950  0.495775  0.463449  0.441899  0.394244  0.481896  0.417568  0.453751  0.410989  0.450879  0.362829  0.451302  0.515653  0.531896  0.568361  0.408516  0.472359  0.513349  0.431318  0.420777  0.464889  0.497577  0.507805  0.533269  0.421968  0.422558  0.471877  0.389817  0.472855  0.387214  0.424741  0.460206  0.427877  0.504222  0.508556  0.502354  0.528809  0.479041  0.438420  0.404656  0.425153  0.434349  0.409538  0.491131  0.404938  0.649316  0.453912  0.551454  0.449997  0.441912  0.467126  0.491586  0.464955  0.424150  0.489874  0.516201  0.473462  0.537540  0.459543  0.526051  0.601248  0.463826  0.390111  0.577671  0.528370  0.481687  0.494692  0.430697  0.516488  0.445410  0.486069  0.453116  0.480879  0.460003  0.464500  0.410219  0.406617  0.571419  0.505119  0.577067  0.576534  0.449348  0.353415  0.429188  0.416795  0.342235  0.397268  0.516339  0.596162  0.397852  0.564933  0.365433  0.492137  0.526933  0.402165  0.484458  0.457898  0.352958  0.401086  0.466525  0.496373  0.545907  0.455706  0.473797  0.448251 
14  0.323857  0.734509  0.886500  0.280283  0.468336  0.090942  0.288972  0.418649  0.164436  0.521710  0.442661  0.489464  0.346761  0.656339 0.0  0.523820  0.499433  0.552347  0.225471  0.305126  0.191024  0.397832  0.380889  0.831950  0.092886  0.230185  0.497946  0.340552  0.367830  0.719230  0.299523  0.421106  0.344582  0.476990  0.804002  0.455441  0.872162  0.339633  0.350647  0.582153  0.272228  0.168827  0.202420  0.271748  0.452986  0.125878  0.523321  0.186814  0.600020  0.387986  0.193900  0.456505  0.158378  0.436541  0.410031  0.137176  0.349381  0.129892  0.377389  0.747814  0.204802  0.396076  0.393819  0.463412  0.225786  0.128611  0.105635  0.887091  0.445908  0.258491  0.435262  0.263047  0.338162  0.147289  0.291432  0.149272  0.253701  0.490622  0.800053  0.817182  0.298845  0.499618  0.254979  0.236032  0.395953  0.423246  0.433100  0.434614  0.269401  0.380995  0.335086  0.600112  0.241037  0.804957  0.132562  0.479262  0.336269  0.776462  0.353576  0.389254  0.455430  0.265312  0.370241  0.272673  0.380555  0.362985  0.351026  0.756424  0.142323  0.772047  0.270088  0.491850  0.594574  0.582597  0.827047  0.367509  0.332236  0.280884  0.385999  0.912501  0.491026  0.362575  0.410584  0.489572  0.445376  0.405820  0.350390  0.304830  0.508410  0.692035  0.436237  0.218776  0.271436  0.455496  0.418074  0.236712  0.460984  0.343344  0.319883  0.389323  0.354179  0.337111  0.345292  0.291431  0.637660  0.538903 
15  0.374795  0.459377  0.558250  0.447705  0.236171  0.386560  0.198780  0.058980  0.467392  0.130280  0.516475  0.113190  0.345932  0.509573  0.523820 0.0  0.259321  0.303557  0.550286  0.224564  0.038868  0.461135  0.247839  0.509741  0.441626  0.233456  0.058449  0.258323  0.107742  0.271841  0.090899  0.224546  0.013683  0.183347  0.655997  0.197100  0.555649  0.011193  0.075492  0.676170  0.137217  0.400191  0.475877  0.363762  0.078945  0.386036  0.040110  0.378939  0.239941  0.062402  0.526625  0.172625  0.433237  0.361697  0.335563  0.350991  0.000000  0.397479  0.433132  0.635215  0.560204  0.100626  0.127582  0.227781  0.061672  0.518355  0.293642  0.643938  0.107825  0.332281  0.112301  0.425626  0.206335  0.460980  0.033840  0.465521  0.000000  0.145562  0.558462  0.565428  0.021249  0.439999  0.334393  0.000000  0.228249  0.170387  0.085859  0.191640  0.095459  0.149262  0.025255  0.300523  0.521047  0.601101  0.405848  0.159304  0.320986  0.516050  0.162694  0.269357  0.160549  0.083914  0.048287  0.126240  0.245606  0.348475  0.215952  0.536233  0.485430  0.601051  0.090029  0.196297  0.205517  0.093744  0.497364  0.194001  0.153968  0.503786  0.060572  0.583790  0.144871  0.172367  0.206854  0.208049  0.211156  0.043064  0.080357  0.275109  0.273108  0.446959  0.162103  0.230225  0.324361  0.214195  0.145661  0.254881  0.133892  0.043290  0.254869  0.020102  0.361534  0.027732  0.200108  0.022578  0.469971  0.279942 
16  0.363742  0.433920  0.554243  0.414667  0.137687  0.501658  0.356422  0.101953  0.415315  0.115219  0.457161  0.050282  0.260348  0.443178  0.499433  0.259321 0.0  0.419137  0.439376  0.288121  0.100087  0.576735  0.217596  0.582361  0.446286  0.180329  0.062574  0.405174  0.026543  0.399405  0.032370  0.098428  0.044873  0.171052  0.644591  0.142530  0.530445  0.088702  0.175307  0.716234  0.102654  0.426269  0.415618  0.519728  0.292829  0.552784  0.081745  0.466568  0.245670  0.165357  0.475157  0.198291  0.521167  0.186140  0.335684  0.420748  0.030319  0.303645  0.342399  0.449813  0.440547  0.123035  0.095516  0.191949  0.057449  0.424284  0.272980  0.559148  0.072407  0.368470  0.231111  0.322510  0.195737  0.370266  0.000000  0.484583  0.103855  0.184900  0.525717  0.553368  0.183491  0.450184  0.255669  0.066971  0.181732  0.120028  0.099200  0.193345  0.048030  0.135493  0.022477  0.328668  0.458809  0.608111  0.507555  0.153362  0.515281  0.598028  0.213986  0.280969  0.254976  0.043072  0.176910  0.129960  0.287809  0.272977  0.218215  0.513590  0.517938  0.589546  0.111932  0.274378  0.171623  0.208618  0.508733  0.166978  0.042544  0.456052  0.018606  0.599183  0.162190  0.172870  0.207810  0.202676  0.252197  0.000000  0.045330  0.268355  0.151353  0.536108  0.105052  0.308176  0.347408  0.177953  0.145721  0.196175  0.081504  0.081239  0.156030  0.095113  0.252353  0.115420  0.269953  0.020769  0.476126  0.273043 
17  0.609901  0.374936  0.313490  0.582864  0.347763  0.634738  0.632280  0.420306  0.583255  0.389138  0.532453  0.399061  0.458040  0.573648  0.552347  0.303557  0.419137 0.0  0.570549  0.513053  0.316490  0.436060  0.279170  0.374197  0.613002  0.497372  0.306340  0.589219  0.363652  0.351192  0.388103  0.231416  0.263725  0.395378  0.264974  0.321355  0.340036  0.456118  0.262015  0.409165  0.338235  0.614200  0.585360  0.667302  0.336421  0.612639  0.367481  0.516445  0.318655  0.286558  0.552517  0.319491  0.589194  0.703640  0.593619  0.632080  0.380942  0.577470  0.618187  0.307006  0.572377  0.427509  0.286056  0.287113  0.325857  0.611761  0.601558  0.405615  0.258636  0.371120  0.335142  0.493162  0.348042  0.601473  0.290353  0.652234  0.424218  0.433128  0.308452  0.378485  0.401858  0.611983  0.463851  0.287270  0.250518  0.344874  0.335611  0.394343  0.330529  0.362034  0.424545  0.312911  0.657768  0.295023  0.561844  0.280569  0.727397  0.408623  0.405019  0.600398  0.339665  0.292190  0.386293  0.363179  0.312272  0.595128  0.546311  0.287381  0.670908  0.374712  0.341890  0.323860  0.456194  0.406188  0.368987  0.424203  0.248321  0.591773  0.372041  0.396927  0.394689  0.463443  0.308067  0.281272  0.391830  0.298099  0.275310  0.494402  0.344068  0.412763  0.311410  0.509637  0.533004  0.311720  0.296839  0.393690  0.268492  0.303101  0.499441  0.250353  0.561148  0.321507  0.392558  0.313241  0.369347  0.327238 
18  0.363629  0.658532  0.893208  0.192867  0.425371  0.174252  0.352583  0.331322  0.280710  0.516959  0.417611  0.451839  0.238109  0.635124  0.225471  0.550286  0.439376  0.570549 0.0  0.296471  0.424433  0.523154  0.364830  0.713889  0.046912  0.265742  0.386522  0.302543  0.277085  0.535653  0.430782  0.511761  0.336051  0.454533  0.844727  0.451508  0.684030  0.211979  0.467168  0.671756  0.313509  0.153115  0.165401  0.248171  0.541385  0.152041  0.446919  0.166578  0.537129  0.410211  0.227977  0.416178  0.208374  0.396011  0.296234  0.113305  0.460920  0.100535  0.439742  0.790654  0.116048  0.355083  0.298332  0.444720  0.411337  0.109339  0.000000  0.797945  0.421812  0.272099  0.439274  0.247160  0.488097  0.182771  0.391124  0.192372  0.322488  0.472001  0.833181  0.723193  0.305530  0.298057  0.256168  0.297967  0.469382  0.345958  0.272481  0.604601  0.232817  0.381626  0.270090  0.668067  0.183108  0.834706  0.168376  0.498632  0.320552  0.785314  0.448470  0.273348  0.510710  0.383108  0.356720  0.359851  0.413975  0.361926  0.268644  0.753890  0.162860  0.838994  0.343813  0.460830  0.424691  0.481828  0.738797  0.346460  0.336426  0.322183  0.277757  0.909084  0.369659  0.426354  0.472243  0.470698  0.526621  0.335909  0.354030  0.282890  0.499721  0.841676  0.466593  0.369066  0.200791  0.404493  0.265809  0.297581  0.442756  0.413259  0.345633  0.381242  0.296993  0.357829  0.188319  0.259558  0.764603  0.387304 
19  0.284739  0.615534  0.690458  0.287077  0.321712  0.317914  0.273469  0.331136  0.256682  0.220670  0.401263  0.281186  0.275114  0.404896  0.305126  0.224564  0.288121  0.513053  0.296471 0.0  0.214465  0.487475  0.316393  0.689692  0.167534  0.419957  0.293701  0.311425  0.245295  0.525571  0.148815  0.358828  0.301133  0.282640  0.548141  0.215985  0.693928  0.239865  0.251624  0.609422  0.289909  0.279772  0.203161  0.275744  0.207154  0.245239  0.363270  0.315629  0.300604  0.410299  0.380320  0.277715  0.180993  0.267527  0.291308  0.298230  0.276047  0.269403  0.265187  0.654096  0.294643  0.351093  0.254639  0.358599  0.243166  0.237559  0.224234  0.647087  0.264940  0.149167  0.310416  0.261806  0.251610  0.284250  0.303230  0.208255  0.338197  0.318713  0.599657  0.739315  0.256326  0.192006  0.173713  0.199829  0.271223  0.263222  0.219968  0.235943  0.251338  0.270115  0.251823  0.491938  0.290122  0.691073  0.308099  0.137756  0.191460  0.694716  0.277006  0.277814  0.207587  0.368942  0.225724  0.159538  0.412295  0.214294  0.220730  0.690514  0.208236  0.724210  0.341422  0.240960  0.318725  0.249390  0.640016  0.268123  0.312814  0.256889  0.259229  0.665287  0.292780  0.271033  0.390837  0.289200  0.186486  0.242729  0.288155  0.300432  0.295249  0.721713  0.230182  0.221968  0.370594  0.304657  0.356569  0.213158  0.286458  0.286866  0.165133  0.212472  0.249259  0.249483  0.321768  0.261329  0.632963  0.305371 
20  0.416254  0.462378  0.428865  0.198977  0.178207  0.375900  0.262811  0.104029  0.310295  0.000000  0.436933  0.081219  0.349735  0.441131  0.191024  0.038868  0.100087  0.316490  0.424433  0.214465 0.0  0.418778  0.075068  0.520246  0.334116  0.266688  0.048637  0.316448  0.105228  0.222817  0.148514  0.000000  0.051580  0.142181  0.557245  0.082300  0.539008  0.241977  0.125545  0.702995  0.210332  0.333198  0.299839  0.373360  0.120465  0.345021  0.191971  0.341861  0.000000  0.284961  0.362992  0.119828  0.326512  0.337438  0.399173  0.341587  0.173183  0.337078  0.382552  0.551359  0.340049  0.042020  0.187586  0.162062  0.128753  0.415246  0.306421  0.509708  0.077535  0.269486  0.061289  0.154694  0.000000  0.351502  0.246630  0.292244  0.083516  0.061898  0.480668  0.503505  0.087900  0.393036  0.292457  0.109384  0.133704  0.212806  0.157097  0.096984  0.132924  0.104770  0.207796  0.272893  0.385907  0.476095  0.274477  0.066641  0.378396  0.555617  0.058409  0.383111  0.061282  0.036986  0.123082  0.102603  0.010688  0.287167  0.206427  0.493885  0.307364  0.586540  0.163298  0.085592  0.000000  0.029579  0.624942  0.112203  0.263658  0.429557  0.073064  0.436092  0.049192  0.088541  0.031389  0.039673  0.069564  0.000000  0.122734  0.347776  0.071031  0.565782  0.102591  0.228328  0.232379  0.069739  0.147136  0.224480  0.150117  0.273677  0.196001  0.212112  0.265494  0.207664  0.296522  0.250130  0.512528  0.025896 
21  0.516242  0.476081  0.517052  0.552416  0.551422  0.536024  0.461896  0.426902  0.489682  0.494713  0.459667  0.368995  0.491570  0.409755  0.397832  0.461135  0.576735  0.436060  0.523154  0.487475  0.418778 0.0  0.431669  0.502636  0.462911  0.497754  0.551481  0.432969  0.579364  0.460513  0.533356  0.487661  0.470374  0.497182  0.455932  0.457933  0.505887  0.439109  0.460442  0.434477  0.508997  0.405767  0.484789  0.417504  0.366782  0.400077  0.461353  0.484719  0.446122  0.499964  0.465825  0.397215  0.396146  0.503115  0.458593  0.386600  0.472790  0.355445  0.409555  0.556411  0.505990  0.463319  0.432158  0.463217  0.531245  0.533420  0.483560  0.479436  0.436551  0.370346  0.472337  0.542728  0.433283  0.408138  0.482295  0.460412  0.453585  0.374971  0.488329  0.528360  0.441145  0.345411  0.462978  0.453597  0.524525  0.434606  0.532383  0.409208  0.440435  0.407824  0.506874  0.491578  0.549760  0.501948  0.453788  0.434431  0.423422  0.388018  0.446368  0.493774  0.544107  0.464732  0.383846  0.425954  0.507312  0.471735  0.381351  0.433715  0.429675  0.520825  0.604989  0.429487  0.426286  0.498754  0.546557  0.548613  0.485930  0.478494  0.402033  0.398593  0.395844  0.514593  0.502183  0.361106  0.496969  0.405547  0.448180  0.506149  0.479994  0.438464  0.555674  0.478741  0.507610  0.493125  0.432929  0.388124  0.559211  0.505981  0.381301  0.487591  0.334587  0.407018  0.407318  0.549534  0.531203  0.463880 
22  0.369167  0.522757  0.554341  0.374509  0.233009  0.353854  0.270724  0.025536  0.503226  0.045418  0.446632  0.169988  0.291795  0.318293  0.380889  0.247839  0.217596  0.279170  0.364830  0.316393  0.075068  0.431669 0.0  0.517661  0.430514  0.213230  0.129425  0.469650  0.172160  0.311120  0.238574  0.179861  0.119998  0.019474  0.511756  0.171705  0.626697  0.085817  0.192559  0.602558  0.078603  0.432084  0.326273  0.350881  0.125884  0.353492  0.136148  0.395931  0.196845  0.175662  0.448978  0.178545  0.365306  0.433463  0.311168  0.470054  0.119063  0.444588  0.413654  0.553174  0.307286  0.154446  0.223886  0.151980  0.122261  0.385322  0.276281  0.574567  0.145065  0.265486  0.251146  0.221393  0.183992  0.383664  0.077544  0.335322  0.145666  0.163083  0.570601  0.593753  0.211282  0.401911  0.361042  0.130728  0.159028  0.088804  0.161404  0.122547  0.022266  0.150449  0.193878  0.391404  0.474231  0.495026  0.518711  0.050858  0.394983  0.557624  0.055783  0.379009  0.069919  0.118085  0.052681  0.016319  0.229261  0.475583  0.266129  0.657678  0.385523  0.514311  0.187643  0.168476  0.086832  0.162583  0.581900  0.122294  0.148736  0.407508  0.157698  0.540249  0.058286  0.048212  0.107249  0.129377  0.147652  0.204106  0.142930  0.250824  0.019419  0.577578  0.081890  0.227532  0.180814  0.132279  0.136973  0.252840  0.188085  0.238712  0.216208  0.171209  0.392945  0.136873  0.292293  0.198062  0.494143  0.109649 
23  0.778115  0.000000  0.185999  0.854632  0.696178  0.898280  0.695793  0.420387  0.812968  0.535221  0.560287  0.616286  0.559983  0.471728  0.831950  0.509741  0.582361  0.374197  0.713889  0.689692  0.520246  0.502636  0.517661 0.0  0.914329  0.656183  0.531121  0.813843  0.475308  0.403148  0.500641  0.643954  0.475182  0.575671  0.556297  0.537122  0.059744  0.482820  0.475898  0.311891  0.534434  0.811957  0.938525  0.902978  0.568040  0.747103  0.519054  0.853868  0.628607  0.439232  0.896676  0.589866  0.778439  0.726380  0.739704  0.833892  0.492911  0.883641  0.773695  0.444563  0.890109  0.422353  0.482625  0.572241  0.503432  0.827396  0.695148  0.565692  0.617739  0.827433  0.620666  0.712740  0.557850  0.842314  0.424106  0.792084  0.451579  0.636416  0.191866  0.101268  0.487260  0.794594  0.702582  0.419559  0.520418  0.658316  0.470087  0.656961  0.524648  0.574699  0.446092  0.283771  0.932744  0.211392  0.720133  0.617364  0.691970  0.600513  0.607327  0.670198  0.479250  0.463395  0.396077  0.376178  0.609088  0.795450  0.674672  0.570114  0.880701  0.078930  0.548422  0.691201  0.616377  0.577257  0.563552  0.482611  0.398554  0.952181  0.537022  0.632353  0.674063  0.539027  0.587336  0.608635  0.595855  0.466894  0.485477  0.722813  0.598321  0.521200  0.543346  0.664107  0.669881  0.539478  0.602644  0.726437  0.446193  0.466708  0.773508  0.531856  0.690993  0.527159  0.629142  0.405468  0.087870  0.544980 
24  0.368035  0.810436  0.738410  0.125821  0.448934  0.117954  0.277533  0.379274  0.108279  0.414476  0.388759  0.362902  0.174936  0.372569  0.092886  0.441626  0.446286  0.613002  0.046912  0.167534  0.334116  0.462911  0.430514  0.914329 0.0  0.239008  0.331130  0.407491  0.422469  0.601641  0.538746  0.454936  0.334279  0.376524  0.763488  0.562503  0.873194  0.368494  0.384143  0.700840  0.444786  0.139513  0.139592  0.077015  0.472913  0.082624  0.423478  0.097474  0.390633  0.248466  0.202356  0.351596  0.153817  0.368172  0.352384  0.236285  0.407723  0.138256  0.333472  0.920039  0.196991  0.286695  0.474714  0.384620  0.382914  0.187679  0.193843  0.808320  0.375193  0.248054  0.364898  0.255227  0.433858  0.108226  0.432503  0.126626  0.418892  0.523388  0.786206  0.873026  0.517998  0.378860  0.296019  0.313824  0.330527  0.337801  0.412055  0.328569  0.440295  0.365619  0.410585  0.575239  0.088111  0.774689  0.053349  0.472007  0.354344  0.798822  0.464605  0.423128  0.343789  0.433042  0.410002  0.344521  0.320392  0.335073  0.279032  0.755511  0.194991  0.902597  0.528865  0.329236  0.430227  0.409434  0.876784  0.418222  0.366146  0.156334  0.456412  0.777214  0.407871  0.410843  0.427081  0.382984  0.398895  0.344678  0.370875  0.196490  0.478982  0.788775  0.284152  0.269132  0.329400  0.458815  0.430048  0.326662  0.288126  0.573432  0.250039  0.441079  0.387183  0.411133  0.293135  0.386276  0.843732  0.371443 
25  0.278497  0.713858  0.602699  0.260254  0.142322  0.182670  0.232092  0.314186  0.293782  0.302527  0.458227  0.269261  0.264346  0.488566  0.230185  0.233456  0.180329  0.497372  0.265742  0.419957  0.266688  0.497754  0.213230  0.656183  0.239008 0.0  0.324226  0.313746  0.277020  0.492602  0.259737  0.382959  0.371850  0.284228  0.723886  0.370847  0.718830  0.254420  0.275038  0.706309  0.232546  0.257158  0.257076  0.204563  0.305335  0.263864  0.278455  0.264935  0.314662  0.290070  0.261044  0.288232  0.263023  0.288737  0.165342  0.280062  0.216308  0.290741  0.231328  0.720584  0.297753  0.225959  0.232031  0.344269  0.238199  0.338755  0.342872  0.687561  0.233798  0.277377  0.283986  0.338738  0.252898  0.262377  0.296688  0.275633  0.254988  0.416393  0.711770  0.688165  0.266343  0.343334  0.257358  0.209376  0.299154  0.158679  0.281482  0.271799  0.198588  0.366370  0.291215  0.439556  0.181474  0.579474  0.192988  0.277351  0.325233  0.673197  0.322449  0.264451  0.229899  0.218590  0.344519  0.334347  0.312538  0.326490  0.287486  0.675151  0.327127  0.586731  0.128970  0.308837  0.351563  0.217847  0.655638  0.276802  0.404576  0.328471  0.219490  0.725791  0.239757  0.369937  0.209971  0.271345  0.336327  0.247686  0.249761  0.233678  0.263824  0.707536  0.311742  0.268343  0.265492  0.287223  0.337497  0.244726  0.267593  0.364446  0.230767  0.323035  0.230841  0.334242  0.267712  0.334783  0.767235  0.282287 
26  0.377549  0.457849  0.484090  0.309243  0.000000  0.371024  0.378754  0.203811  0.407750  0.005963  0.489630  0.149339  0.242759  0.479482  0.497946  0.058449  0.062574  0.306340  0.386522  0.293701  0.048637  0.551481  0.129425  0.531121  0.331130  0.324226 0.0  0.295944  0.058885  0.249729  0.221893  0.121439  0.242585  0.089535  0.480005  0.120844  0.456037  0.123919  0.056337  0.688767  0.205787  0.220394  0.403721  0.313651  0.120208  0.416105  0.053610  0.313796  0.083148  0.142226  0.382861  0.053426  0.351132  0.433508  0.299525  0.447853  0.030319  0.356296  0.353078  0.537846  0.395517  0.199786  0.105447  0.122670  0.045962  0.375456  0.210922  0.526493  0.065805  0.211998  0.021923  0.265930  0.020939  0.398906  0.038927  0.386069  0.203707  0.080284  0.515727  0.513399  0.155914  0.405387  0.258071  0.033491  0.142850  0.015493  0.039512  0.000000  0.099250  0.158145  0.114614  0.448726  0.267961  0.347453  0.420557  0.139157  0.280695  0.526170  0.062339  0.324691  0.057434  0.293296  0.057505  0.168817  0.049608  0.387374  0.295696  0.575023  0.312904  0.490013  0.044287  0.153603  0.025455  0.135311  0.466145  0.195816  0.074737  0.383963  0.069789  0.550418  0.103789  0.042351  0.109671  0.091684  0.050353  0.231395  0.000000  0.150058  0.122113  0.524354  0.091051  0.281980  0.227939  0.085810  0.115134  0.267830  0.075252  0.043965  0.252326  0.015302  0.352067  0.161760  0.299832  0.092189  0.502141  0.150321 
