146
0 0.0  0.714688  0.691147  0.374421  0.380194  0.394402  0.225456  0.434875  0.258714  0.306698  0.398622  0.402467  0.287814  0.382584  0.342287  0.285134  0.288867  0.551348  0.227657  0.270919  0.263288  0.499266  0.389437  0.721805  0.404282  0.310484  0.293416  0.351436  0.228761  0.556700  0.357557  0.284658  0.345010  0.355463  0.774094  0.312582  0.781217  0.363363  0.369976  0.586868  0.299070  0.434819  0.260358  0.416259  0.318168  0.348899  0.354373  0.281663  0.228404  0.329012  0.372367  0.342036  0.357891  0.000000  0.095280  0.351449  0.294015  0.438476  0.268823  0.728220  0.246820  0.301468  0.304726  0.378773  0.172916  0.343458  0.251146  0.689416  0.262523  0.312560  0.407872  0.204091  0.339046  0.498360  0.341410  0.286806  0.335432  0.340180  0.730785  0.732103  0.496951  0.189729  0.360911  0.373685  0.391593  0.310410  0.365551  0.310662  0.200328  0.350105  0.239831  0.547284  0.281959  0.761990  0.263631  0.399211  0.140017  0.877299  0.377730  0.135628  0.324415  0.222368  0.351632  0.380801  0.353473  0.173422  0.213585  0.843642  0.305983  0.749546  0.382488  0.288010  0.332509  0.305505  0.808755  0.414749  0.313514  0.362815  0.366905  0.790276  0.276525  0.249221  0.346509  0.319608  0.364418  0.270440  0.367407  0.342498  0.312108  0.721471  0.373422  0.179626  0.244274  0.370661  0.371409  0.198420  0.336436  0.439042  0.308670  0.309552  0.110136  0.438332  0.192372  0.342411  0.724862  0.277374 
1  0.714688 0.0  0.041954  0.778169  0.454444  0.721162  0.643129  0.492301  0.704752  0.448787  0.540854  0.528376  0.598423  0.419916  0.599954  0.516094  0.448371  0.362692  0.748494  0.644599  0.511044  0.508592  0.448049  0.009240  0.761664  0.609588  0.501327  0.702881  0.578530  0.198768  0.499452  0.402213  0.427949  0.461307  0.350814  0.582682  0.221378  0.437596  0.552540  0.333422  0.546497  0.735866  0.739107  0.717819  0.544942  0.796021  0.508008  0.782396  0.489387  0.509370  0.695693  0.526295  0.756977  0.696451  0.743769  0.800132  0.421586  0.876223  0.759717  0.518637  0.610326  0.504649  0.522463  0.478363  0.485085  0.752032  0.712118  0.430560  0.460460  0.686396  0.413291  0.640230  0.501527  0.725568  0.472605  0.751100  0.483625  0.523378  0.000000  0.283949  0.540527  0.901630  0.715094  0.643182  0.642426  0.490096  0.406777  0.577095  0.451824  0.515229  0.422721  0.405023  0.765572  0.066642  0.708956  0.400068  0.711337  0.582322  0.487150  0.772955  0.385512  0.402018  0.469524  0.514553  0.429436  0.776537  0.667199  0.634149  0.750492  0.234807  0.472147  0.446098  0.454741  0.439951  0.562922  0.499678  0.417484  0.707060  0.636750  0.500686  0.435038  0.408186  0.550214  0.434325  0.542651  0.470636  0.382784  0.748930  0.456198  0.507573  0.518477  0.695057  0.665417  0.357962  0.551236  0.633361  0.512364  0.421830  0.622307  0.379796  0.657592  0.457355  0.736158  0.497119  0.055246  0.415982 
2  0.691147  0.041954 0.0  0.828222  0.625598  0.970559  0.609238  0.424865  0.952502  0.531527  0.472107  0.445464  0.632369  0.453944  0.962020  0.599914  0.561154  0.353098  0.897231  0.627989  0.492699  0.478654  0.507922  0.211599  0.794690  0.727176  0.489712  0.793792  0.578586  0.459530  0.612222  0.593175  0.521761  0.566722  0.591119  0.486115  0.146677  0.507546  0.555379  0.308427  0.483036  0.855435  0.827356  0.849473  0.459570  0.792529  0.485913  0.948417  0.679409  0.453928  0.884921  0.680661  0.748861  0.733392  0.631861  0.886955  0.530569  0.837090  0.789604  0.414633  0.838132  0.533050  0.524024  0.516417  0.529603  0.891302  0.688188  0.527438  0.493342  0.704873  0.596501  0.779414  0.476670  0.775670  0.413675  0.716588  0.550961  0.647675  0.211215  0.085090  0.403636  0.762789  0.651219  0.414293  0.562966  0.603080  0.464712  0.693022  0.463836  0.461853  0.406839  0.374236  0.888134  0.232732  0.829853  0.507939  0.744649  0.502714  0.633152  0.805587  0.561049  0.471308  0.529582  0.454253  0.615758  0.735367  0.717992  0.545556  0.901911  0.182414  0.481182  0.456831  0.578766  0.601126  0.464154  0.529125  0.523623  0.893938  0.507564  0.560487  0.620728  0.620225  0.664708  0.601963  0.598625  0.485178  0.506593  0.618701  0.596638  0.442479  0.599738  0.653326  0.674871  0.539111  0.555010  0.663091  0.488904  0.417623  0.710392  0.505617  0.701636  0.558831  0.623919  0.452687  0.092059  0.518461 
3  0.374421  0.778169  0.828222 0.0  0.410174  0.187903  0.276900  0.296009  0.086990  0.427201  0.423269  0.402270  0.296762  0.353833  0.190847  0.448422  0.384063  0.588241  0.236942  0.243030  0.246096  0.611245  0.293921  0.909591  0.064296  0.217032  0.371674  0.281122  0.400668  0.656325  0.395393  0.453999  0.261425  0.530917  0.849216  0.307291  0.739489  0.424326  0.458371  0.608805  0.360601  0.279295  0.266057  0.258857  0.344190  0.154725  0.422093  0.144758  0.447831  0.378026  0.143797  0.483409  0.109237  0.227193  0.404302  0.077313  0.221487  0.186197  0.300336  0.791391  0.239387  0.326737  0.185826  0.444178  0.284584  0.346375  0.022895  0.865706  0.439616  0.198487  0.421722  0.204561  0.420478  0.137990  0.309486  0.176349  0.300421  0.530112  0.850783  0.772890  0.413968  0.290176  0.141256  0.378696  0.373909  0.497572  0.263280  0.358057  0.331062  0.415844  0.409921  0.626099  0.257578  0.854373  0.124623  0.438118  0.301886  0.758461  0.411937  0.241282  0.558886  0.415081  0.301575  0.283006  0.407297  0.365864  0.251495  0.810240  0.227211  0.719846  0.272189  0.399123  0.503381  0.508192  0.759626  0.402268  0.452854  0.193973  0.355490  0.850174  0.448873  0.444889  0.520765  0.455211  0.407493  0.355260  0.312466  0.342692  0.519654  0.772950  0.362167  0.357889  0.186426  0.549383  0.427087  0.245561  0.337221  0.299159  0.372632  0.483514  0.385970  0.382335  0.246045  0.319436  0.775045  0.355909 
4  0.380194  0.454444  0.625598  0.410174 0.0  0.473670  0.218236  0.114614  0.416349  0.140779  0.527697  0.146246  0.259085  0.450955  0.411669  0.241273  0.209288  0.374016  0.526322  0.269199  0.092664  0.493327  0.100254  0.628147  0.380180  0.224574  0.076100  0.463689  0.137286  0.495051  0.094410  0.115880  0.073790  0.162648  0.617157  0.232943  0.296699  0.010171  0.239866  0.680775  0.077283  0.523080  0.483314  0.427734  0.173511  0.597749  0.143974  0.565220  0.194891  0.015442  0.475663  0.161039  0.341800  0.312213  0.314203  0.377354  0.104847  0.301216  0.308845  0.488961  0.445764  0.056290  0.083782  0.187426  0.073690  0.404857  0.224681  0.525245  0.251576  0.299539  0.241899  0.223790  0.232686  0.470655  0.111988  0.529129  0.104043  0.260547  0.616270  0.464542  0.000000  0.390894  0.263339  0.055233  0.205444  0.147653  0.136956  0.299737  0.066355  0.216972  0.142105  0.340725  0.420486  0.627020  0.325213  0.163362  0.365611  0.491377  0.190857  0.268189  0.224399  0.000000  0.028181  0.044528  0.148329  0.258010  0.262784  0.512299  0.383061  0.524389  0.018079  0.148407  0.120004  0.268645  0.543794  0.127132  0.029893  0.460596  0.062473  0.584839  0.258778  0.213375  0.165398  0.154013  0.264296  0.043197  0.126785  0.340496  0.313456  0.417177  0.073448  0.194190  0.264513  0.121187  0.084375  0.289389  0.100170  0.046220  0.368304  0.004176  0.290413  0.208180  0.324296  0.089850  0.531034  0.216039 
5  0.394402  0.721162  0.970559  0.187903  0.473670 0.0  0.256353  0.355975  0.135675  0.366067  0.508751  0.361400  0.272144  0.528695  0.235419  0.398735  0.355545  0.575990  0.096586  0.274564  0.320208  0.467018  0.388562  0.806297  0.200334  0.354332  0.312589  0.400565  0.420055  0.730494  0.279025  0.411519  0.335415  0.450750  0.853024  0.429849  0.678089  0.389615  0.286651  0.725966  0.275629  0.299050  0.209374  0.176886  0.457806  0.258254  0.365444  0.190770  0.481656  0.332167  0.167074  0.493218  0.225276  0.311627  0.396245  0.234205  0.318775  0.022424  0.338310  0.753967  0.178486  0.416058  0.313951  0.517724  0.229756  0.190951  0.051830  0.896280  0.409152  0.264751  0.435774  0.270718  0.450529  0.156074  0.275360  0.249746  0.211599  0.415855  0.935522  0.845490  0.273925  0.399112  0.254182  0.218930  0.401825  0.482268  0.241709  0.391522  0.339512  0.248523  0.360604  0.695714  0.140018  0.916798  0.105958  0.435800  0.276119  0.786069  0.523470  0.339006  0.460703  0.271429  0.329706  0.303646  0.465364  0.344522  0.272651  0.788324  0.209539  0.723736  0.339483  0.385460  0.480693  0.537775  0.879078  0.372823  0.393956  0.162341  0.417247  0.755901  0.446799  0.452485  0.456080  0.406672  0.406748  0.338048  0.345036  0.222061  0.460367  0.710897  0.424471  0.315186  0.160716  0.492370  0.303155  0.166336  0.472357  0.200791  0.314501  0.330810  0.245065  0.349138  0.250486  0.287723  0.798481  0.531084 
6  0.225456  0.643129  0.609238  0.276900  0.218236  0.256353 0.0  0.239456  0.202608  0.302493  0.549604  0.279817  0.296825  0.440666  0.288926  0.233328  0.258993  0.396662  0.365663  0.170742  0.281767  0.387113  0.283272  0.588737  0.285282  0.204463  0.179868  0.342242  0.303555  0.496563  0.261248  0.345758  0.289630  0.292985  0.693310  0.257977  0.684974  0.235939  0.239977  0.593668  0.192256  0.159677  0.326774  0.233264  0.257260  0.234181  0.274826  0.251513  0.278371  0.261698  0.142743  0.161775  0.258645  0.310643  0.249035  0.216611  0.244855  0.244600  0.306643  0.713378  0.236196  0.285723  0.324258  0.294642  0.275164  0.254235  0.289841  0.626460  0.270424  0.190787  0.323032  0.219273  0.252584  0.268722  0.229852  0.274530  0.198135  0.292958  0.711021  0.746670  0.264422  0.211728  0.211573  0.285298  0.179417  0.236293  0.242961  0.163464  0.238947  0.211428  0.220238  0.564514  0.184723  0.818460  0.242164  0.237951  0.271440  0.618767  0.327197  0.246779  0.160163  0.299304  0.203778  0.303727  0.191614  0.168570  0.197496  0.627258  0.214506  0.599433  0.284442  0.188541  0.308757  0.242546  0.671864  0.289087  0.329365  0.278789  0.285063  0.741195  0.283167  0.283083  0.233154  0.227412  0.243999  0.292007  0.260910  0.194468  0.225727  0.663770  0.190900  0.291251  0.270484  0.238446  0.270128  0.208148  0.223592  0.261778  0.324386  0.346809  0.168317  0.283848  0.316951  0.334581  0.653080  0.196755 
7  0.434875  0.492301  0.424865  0.296009  0.114614  0.355975  0.239456 0.0  0.433708  0.160352  0.472214  0.153498  0.246061  0.483254  0.283556  0.028126  0.097412  0.329771  0.400836  0.130343  0.076630  0.505855  0.168551  0.487450  0.340202  0.187269  0.203536  0.273862  0.048925  0.166460  0.114327  0.057338  0.189767  0.029180  0.449770  0.187713  0.558571  0.080754  0.158831  0.672000  0.099740  0.327840  0.306298  0.347378  0.021220  0.357828  0.072547  0.372659  0.049310  0.038679  0.374435  0.130068  0.245921  0.532970  0.288742  0.371116  0.072850  0.355684  0.350498  0.644537  0.353056  0.218379  0.000000  0.081244  0.089439  0.316710  0.380126  0.394063  0.000009  0.215797  0.029621  0.288021  0.071259  0.473353  0.000000  0.237983  0.215479  0.118441  0.534754  0.533689  0.257885  0.455747  0.313426  0.001300  0.161835  0.173170  0.076451  0.085324  0.118439  0.133936  0.049722  0.387187  0.283511  0.424110  0.356653  0.228667  0.239938  0.558043  0.029680  0.229784  0.129411  0.182464  0.121303  0.248253  0.125548  0.264374  0.271038  0.524234  0.408222  0.549213  0.128674  0.104422  0.109552  0.020862  0.631496  0.166839  0.009892  0.265951  0.068906  0.505940  0.225570  0.098907  0.141224  0.111309  0.115258  0.195883  0.030612  0.258462  0.050078  0.511455  0.172642  0.228667  0.263476  0.083799  0.056377  0.298231  0.124624  0.011938  0.276891  0.133954  0.402760  0.147787  0.251839  0.009520  0.512733  0.003302 
8  0.258714  0.704752  0.952502  0.086990  0.416349  0.135675  0.202608  0.433708 0.0  0.390459  0.466135  0.422943  0.287382  0.480037  0.213034  0.542017  0.420907  0.606847  0.228599  0.086974  0.353447  0.413797  0.464272  0.846525  0.166187  0.306197  0.359976  0.325474  0.216370  0.646494  0.411958  0.439508  0.334382  0.381292  0.885010  0.329908  0.683779  0.316270  0.327446  0.718566  0.317601  0.212773  0.242745  0.167415  0.404277  0.189659  0.399233  0.154787  0.383926  0.269372  0.255123  0.570042  0.254050  0.410944  0.322038  0.082592  0.294646  0.125439  0.342524  0.719206  0.283059  0.372283  0.326542  0.402996  0.358954  0.229409  0.048975  0.889605  0.539265  0.193943  0.466764  0.241843  0.486176  0.068318  0.208244  0.159678  0.354567  0.445100  0.948678  0.861340  0.316353  0.377351  0.357601  0.366939  0.455529  0.394827  0.301543  0.535856  0.294601  0.386129  0.387048  0.629604  0.259706  0.890698  0.178951  0.404915  0.309630  0.767299  0.483351  0.249047  0.510388  0.357579  0.357916  0.340780  0.396950  0.321063  0.243112  0.818207  0.229821  0.765029  0.335538  0.298291  0.600691  0.337614  0.840174  0.288463  0.350937  0.213479  0.381615  0.920577  0.401549  0.524198  0.409913  0.528701  0.536598  0.319137  0.339778  0.305586  0.449526  0.725705  0.395210  0.313947  0.291808  0.454830  0.424055  0.309610  0.379207  0.288639  0.268285  0.307527  0.336620  0.372784  0.170773  0.300802  0.754273  0.545810 
9  0.306698  0.448787  0.531527  0.427201  0.140779  0.366067  0.302493  0.160352  0.390459 0.0  0.529199  0.070930  0.242651  0.549767  0.417454  0.180580  0.184121  0.311380  0.476886  0.255543  0.083582  0.438844  0.094522  0.722424  0.465766  0.193454  0.072905  0.396447  0.042424  0.416451  0.138556  0.236638  0.010168  0.225202  0.629975  0.086282  0.443541  0.133730  0.216119  0.841436  0.090326  0.479310  0.492727  0.517884  0.123711  0.498023  0.053902  0.458652  0.238518  0.018411  0.439212  0.273019  0.509901  0.320391  0.309268  0.429219  0.064607  0.443123  0.288850  0.507761  0.454518  0.038831  0.081074  0.124573  0.053488  0.411776  0.256529  0.684043  0.245934  0.293266  0.192632  0.192120  0.212984  0.458593  0.033090  0.516044  0.038532  0.164393  0.487980  0.601941  0.128126  0.393087  0.166964  0.113226  0.065291  0.163746  0.051895  0.156522  0.185261  0.211459  0.121165  0.298762  0.549264  0.538409  0.403970  0.230545  0.401058  0.499516  0.189922  0.353117  0.153252  0.103120  0.000000  0.069723  0.092349  0.242982  0.253729  0.564574  0.400360  0.474661  0.000000  0.271334  0.101275  0.271378  0.536049  0.177791  0.056731  0.493626  0.000000  0.602661  0.159537  0.179964  0.212543  0.160389  0.241829  0.022310  0.002661  0.309068  0.220333  0.492433  0.161229  0.358022  0.204554  0.209414  0.080121  0.297087  0.106542  0.000000  0.172436  0.000000  0.322048  0.209063  0.238205  0.131024  0.468363  0.272639 
10  0.398622  0.540854  0.472107  0.423269  0.527697  0.508751  0.549604  0.472214  0.466135  0.529199 0.0  0.373608  0.416790  0.434458  0.426463  0.365183  0.437498  0.421634  0.527076  0.529644  0.468663  0.423001  0.536099  0.401029  0.502788  0.489613  0.454760  0.485317  0.521931  0.571084  0.445532  0.499847  0.404002  0.474199  0.535771  0.577154  0.535020  0.519125  0.407044  0.443144  0.442101  0.432659  0.471003  0.535224  0.477901  0.558104  0.425541  0.398306  0.510856  0.579891  0.479408  0.509810  0.348458  0.608096  0.454900  0.401147  0.450454  0.407442  0.459773  0.419269  0.500698  0.440709  0.338433  0.471110  0.479486  0.488890  0.495931  0.380687  0.524554  0.470320  0.417737  0.480046  0.440650  0.425055  0.352643  0.516887  0.525210  0.376745  0.357860  0.462815  0.431722  0.400003  0.458722  0.421472  0.474020  0.460830  0.522185  0.474392  0.431397  0.432408  0.529387  0.488001  0.481049  0.405953  0.503459  0.458831  0.447517  0.461500  0.565404  0.362656  0.463891  0.414172  0.526816  0.464912  0.425267  0.432046  0.582520  0.494779  0.464069  0.396091  0.489580  0.485429  0.480438  0.380839  0.491919  0.422634  0.436451  0.479762  0.558958  0.386577  0.423695  0.400247  0.446914  0.480622  0.413798  0.530510  0.466050  0.450764  0.511310  0.495877  0.508158  0.478328  0.507109  0.329767  0.469412  0.511382  0.427335  0.431333  0.495503  0.467097  0.366376  0.471872  0.465268  0.481777  0.519851  0.514054 
11  0.402467  0.528376  0.445464  0.402270  0.146246  0.361400  0.279817  0.153498  0.422943  0.070930  0.373608 0.0  0.242747  0.482926  0.316441  0.194640  0.194840  0.323763  0.461061  0.199764  0.151420  0.440750  0.167603  0.468982  0.379739  0.294516  0.166821  0.457231  0.044954  0.303907  0.106635  0.179408  0.156067  0.166875  0.527282  0.132289  0.580488  0.116689  0.000000  0.741729  0.082972  0.379030  0.413213  0.386307  0.121208  0.463058  0.135855  0.416022  0.093612  0.049212  0.443426  0.114921  0.389303  0.490617  0.485012  0.341688  0.000000  0.291369  0.397811  0.543584  0.385555  0.109709  0.138430  0.133983  0.103704  0.307902  0.330413  0.535491  0.058582  0.229569  0.177859  0.196915  0.120844  0.420701  0.205944  0.327028  0.142028  0.091233  0.470422  0.642987  0.111778  0.306300  0.178629  0.157996  0.112538  0.161313  0.191723  0.126076  0.082517  0.192701  0.116285  0.317248  0.436005  0.452634  0.486838  0.079463  0.350777  0.533136  0.130910  0.429677  0.118377  0.167586  0.123981  0.213760  0.218945  0.286375  0.277078  0.401665  0.374502  0.537043  0.134767  0.130515  0.110051  0.123183  0.481949  0.133802  0.076687  0.475666  0.138155  0.622142  0.190616  0.127444  0.176696  0.119808  0.019620  0.221137  0.143087  0.260512  0.205634  0.615559  0.142762  0.232188  0.307303  0.160739  0.245218  0.315546  0.147332  0.090936  0.307694  0.140894  0.488425  0.049906  0.362998  0.187833  0.587602  0.231776 
12  0.287814  0.598423  0.632369  0.296762  0.259085  0.272144  0.296825  0.246061  0.287382  0.242651  0.416790  0.242747 0.0  0.405231  0.350774  0.198305  0.193294  0.396059  0.204727  0.250465  0.257729  0.427058  0.157089  0.728822  0.395952  0.316016  0.223674  0.234548  0.252684  0.459913  0.337505  0.299208  0.351492  0.222061  0.590340  0.313312  0.621302  0.157729  0.342826  0.839510  0.101616  0.143816  0.285349  0.266639  0.254020  0.238881  0.088608  0.300515  0.281542  0.254933  0.254475  0.297496  0.211923  0.248126  0.202772  0.243009  0.331150  0.202502  0.208234  0.688404  0.197829  0.250143  0.257308  0.273754  0.194524  0.340423  0.207451  0.574925  0.249654  0.244621  0.461344  0.265330  0.234090  0.335503  0.281847  0.290811  0.249593  0.395025  0.644188  0.691271  0.334108  0.315690  0.180756  0.192137  0.195736  0.267003  0.312540  0.279504  0.297832  0.270257  0.288069  0.375899  0.292380  0.783279  0.205883  0.286928  0.236191  0.584466  0.345683  0.356903  0.225354  0.242069  0.146210  0.336696  0.196604  0.289878  0.225775  0.530090  0.320195  0.522334  0.249556  0.227970  0.323184  0.285429  0.674990  0.287544  0.273289  0.370348  0.319706  0.755446  0.231613  0.221662  0.301362  0.344793  0.162692  0.193457  0.260723  0.311260  0.235979  0.682729  0.336099  0.253837  0.343369  0.239914  0.299014  0.289842  0.139294  0.277266  0.153536  0.265536  0.230549  0.207393  0.255491  0.149974  0.705373  0.247662 
13  0.382584  0.419916  0.453944  0.353833  0.450955  0.528695  0.440666  0.483254  0.480037  0.549767  0.434458  0.482926  0.405231 0.0  0.416742  0.467016  0.430266  0.434271  0.569549  0.388518  0.513308  0.298465  0.566919  0.499852  0.359666  0.453217  0.386494  0.472401  0.518385  0.411174  0.480546  0.460218  0.501703  0.496007  0.482922  0.447060  0.489182  0.546968  0.478707  0.494031  0.615801  0.483546  0.477276  0.522135  0.391421  0.517035  0.393739  0.518384  0.518238  0.415793  0.505389  0.550467  0.414372  0.436295  0.431404  0.453253  0.419012  0.391138  0.423836  0.437463  0.466500  0.560011  0.479783  0.456590  0.441482  0.543383  0.401887  0.470332  0.477492  0.427069  0.450573  0.462288  0.488015  0.486737  0.405165  0.460039  0.485419  0.439954  0.437238  0.512524  0.403781  0.530070  0.543202  0.484624  0.450968  0.337750  0.497597  0.477886  0.482622  0.449777  0.345499  0.558256  0.437347  0.458567  0.350536  0.468065  0.410390  0.412482  0.323138  0.442783  0.452728  0.417939  0.508041  0.421242  0.509716  0.365751  0.594285  0.503046  0.489430  0.408923  0.530644  0.501020  0.445251  0.520057  0.485289  0.336984  0.477525  0.440089  0.401631  0.469875  0.349587  0.441078  0.509365  0.490167  0.564065  0.473534  0.475901  0.390993  0.514654  0.447275  0.405780  0.469271  0.462305  0.515929  0.509109  0.448128  0.468985  0.512767  0.469767  0.505304  0.596929  0.419019  0.589312  0.460268  0.385650  0.384241 
14  0.342287  0.599954  0.962020  0.190847  0.411669  0.235419  0.288926  0.283556  0.213034  0.417454  0.426463  0.316441  0.350774  0.416742 0.0  0.472490  0.476962  0.637168  0.245589  0.255563  0.399251  0.548952  0.336594  0.907037  0.179778  0.310998  0.442337  0.238667  0.321734  0.647079  0.344534  0.468419  0.416334  0.445442  0.860927  0.443363  0.764391  0.411396  0.440582  0.678646  0.430150  0.193111  0.194220  0.213834  0.536094  0.142236  0.340341  0.158302  0.485238  0.238262  0.165108  0.483015  0.230088  0.426228  0.336112  0.086373  0.335555  0.071819  0.368466  0.724200  0.220157  0.339314  0.338481  0.499339  0.338069  0.140330  0.109191  0.857020  0.478784  0.326887  0.432809  0.282753  0.446105  0.233756  0.326638  0.107655  0.302392  0.500577  0.754122  0.752673  0.418529  0.335078  0.297417  0.323992  0.449841  0.512057  0.294140  0.448433  0.407771  0.376258  0.358400  0.519103  0.214186  0.911721  0.020301  0.479626  0.336042  0.792776  0.450218  0.317699  0.472089  0.345310  0.482322  0.360589  0.438922  0.249948  0.214963  0.752882  0.187325  0.777454  0.280377  0.491635  0.484654  0.501089  0.885558  0.363939  0.290515  0.129994  0.344547  0.900448  0.399072  0.375940  0.493937  0.474561  0.440304  0.384148  0.387825  0.329836  0.411901  0.836391  0.461695  0.224463  0.152953  0.467838  0.339769  0.173629  0.415310  0.283240  0.310302  0.294814  0.225558  0.467801  0.257891  0.294521  0.795030  0.483128 
15  0.285134  0.516094  0.599914  0.448422  0.241273  0.398735  0.233328  0.028126  0.542017  0.180580  0.365183  0.194640  0.198305  0.467016  0.472490 0.0  0.160367  0.347676  0.461597  0.314235  0.043161  0.540314  0.174871  0.649032  0.336897  0.158840  0.157570  0.238348  0.065880  0.459257  0.123564  0.165180  0.101237  0.137383  0.702825  0.145653  0.492977  0.000000  0.187090  0.605224  0.067640  0.357234  0.479463  0.485745  0.259832  0.459574  0.131657  0.384163  0.222195  0.000000  0.440595  0.197742  0.458833  0.230080  0.301433  0.280174  0.036595  0.366706  0.359540  0.409803  0.477052  0.056645  0.158292  0.098523  0.134532  0.444970  0.338970  0.687131  0.265516  0.302887  0.181906  0.376858  0.267913  0.498915  0.000000  0.575846  0.116981  0.235216  0.705144  0.626875  0.139184  0.391344  0.297293  0.000000  0.145000  0.071418  0.017680  0.191519  0.126089  0.173427  0.164266  0.306938  0.424844  0.504515  0.431784  0.192708  0.209071  0.547662  0.184886  0.352570  0.293266  0.000000  0.031387  0.000000  0.236806  0.292462  0.160501  0.397567  0.516063  0.452194  0.082387  0.178434  0.281390  0.154816  0.553776  0.145535  0.032603  0.440109  0.107224  0.593002  0.149249  0.254594  0.107327  0.161934  0.280067  0.000000  0.146519  0.173669  0.118189  0.460355  0.279529  0.279045  0.311341  0.313571  0.005660  0.162013  0.112568  0.012546  0.315228  0.053632  0.309827  0.194465  0.345262  0.029361  0.521344  0.196604 
16  0.288867  0.448371  0.561154  0.384063  0.209288  0.355545  0.258993  0.097412  0.420907  0.184121  0.437498  0.194840  0.193294  0.430266  0.476962  0.160367 0.0  0.373480  0.531213  0.188479  0.089126  0.512668  0.151136  0.642320  0.473415  0.195499  0.062542  0.276191  0.099476  0.399976  0.120973  0.077033  0.033499  0.121433  0.638635  0.107374  0.548877  0.100858  0.198167  0.708725  0.037367  0.407430  0.481509  0.432591  0.256942  0.508266  0.000000  0.385457  0.219455  0.047516  0.597580  0.280978  0.563599  0.341352  0.364971  0.424448  0.169554  0.359533  0.338412  0.403392  0.499634  0.048867  0.045030  0.206969  0.115978  0.444280  0.323025  0.513226  0.159239  0.280015  0.265124  0.252861  0.182207  0.403241  0.000000  0.302546  0.082319  0.287917  0.559392  0.518419  0.000477  0.364525  0.312848  0.057650  0.101586  0.052134  0.006138  0.220384  0.074456  0.058711  0.026161  0.405352  0.508800  0.635658  0.432235  0.170359  0.358661  0.535037  0.244286  0.313354  0.111784  0.032121  0.000000  0.133621  0.172102  0.285616  0.345138  0.462245  0.349854  0.609777  0.009590  0.180455  0.263066  0.222278  0.591293  0.173189  0.177517  0.397147  0.142087  0.578820  0.244384  0.145961  0.196000  0.391252  0.270229  0.051267  0.011825  0.267250  0.199512  0.472312  0.233579  0.279740  0.359996  0.148173  0.099722  0.401929  0.183849  0.101978  0.273063  0.114512  0.398161  0.119459  0.301204  0.043437  0.390761  0.115692 
17  0.551348  0.362692  0.353098  0.588241  0.374016  0.575990  0.396662  0.329771  0.606847  0.311380  0.421634  0.323763  0.396059  0.434271  0.637168  0.347676  0.373480 0.0  0.501668  0.334541  0.437321  0.528482  0.308125  0.373901  0.528867  0.531848  0.394578  0.648706  0.282451  0.375000  0.435605  0.268770  0.438372  0.258575  0.369751  0.331451  0.297330  0.253985  0.275713  0.496159  0.297379  0.672955  0.686588  0.613039  0.455703  0.593220  0.271336  0.560226  0.442853  0.324644  0.673537  0.370643  0.516753  0.616120  0.614105  0.572693  0.268130  0.630983  0.632902  0.323424  0.611793  0.344808  0.355557  0.364920  0.305885  0.560285  0.566767  0.345785  0.307669  0.462708  0.307396  0.473892  0.396453  0.553063  0.245217  0.525249  0.201055  0.398057  0.385970  0.299486  0.256113  0.626358  0.474189  0.386512  0.286526  0.437193  0.265065  0.366630  0.504061  0.370567  0.311131  0.353217  0.561949  0.313060  0.535736  0.384084  0.550348  0.353428  0.282699  0.619444  0.418807  0.339925  0.343460  0.326461  0.284326  0.598928  0.506013  0.306377  0.507015  0.375872  0.300307  0.316199  0.324017  0.289822  0.383897  0.149419  0.350341  0.651942  0.366560  0.393099  0.370418  0.235286  0.271033  0.354652  0.359570  0.235029  0.295324  0.453127  0.407542  0.375545  0.433413  0.425973  0.493863  0.414974  0.446565  0.465856  0.365264  0.381311  0.414334  0.394244  0.499430  0.305368  0.534900  0.314683  0.393746  0.242931 
18  0.227657  0.748494  0.897231  0.236942  0.526322  0.096586  0.365663  0.400836  0.228599  0.476886  0.527076  0.461061  0.204727  0.569549  0.245589  0.461597  0.531213  0.501668 0.0  0.148585  0.285179  0.494852  0.489413  0.875472  0.071383  0.298107  0.296708  0.233488  0.387868  0.660374  0.436898  0.484434  0.315015  0.500641  0.777250  0.394236  0.697020  0.362713  0.479709  0.659081  0.381453  0.222367  0.227925  0.259047  0.352395  0.214056  0.257241  0.262934  0.475321  0.455188  0.300368  0.427558  0.227425  0.409925  0.339257  0.266940  0.271635  0.074415  0.294060  0.760027  0.250315  0.271373  0.330933  0.481308  0.324721  0.160732  0.117469  0.895318  0.558651  0.388715  0.478214  0.342561  0.320032  0.121976  0.323363  0.137570  0.309722  0.443141  0.831612  0.835285  0.369852  0.377735  0.238162  0.351959  0.480424  0.437278  0.323832  0.482912  0.270783  0.343626  0.351188  0.647495  0.186116  0.882375  0.036696  0.518762  0.314517  0.722623  0.557319  0.382133  0.457682  0.284965  0.360791  0.329124  0.507709  0.354363  0.287057  0.889360  0.237128  0.796126  0.359798  0.576626  0.421694  0.430445  0.846229  0.308763  0.266721  0.268175  0.274847  0.793340  0.470853  0.442290  0.543684  0.515099  0.466005  0.420521  0.355682  0.237327  0.401329  0.836228  0.480468  0.293616  0.219549  0.324572  0.355122  0.371996  0.377794  0.352561  0.175661  0.248954  0.328190  0.350683  0.286177  0.400243  0.730376  0.441804 
19  0.270919  0.644599  0.627989  0.243030  0.269199  0.274564  0.170742  0.130343  0.086974  0.255543  0.529644  0.199764  0.250465  0.388518  0.255563  0.314235  0.188479  0.334541  0.148585 0.0  0.269632  0.397911  0.218445  0.660085  0.264234  0.261637  0.296652  0.340896  0.223729  0.491842  0.267297  0.258488  0.246889  0.179232  0.732060  0.325293  0.608913  0.231700  0.204308  0.619818  0.189856  0.303789  0.327686  0.209262  0.334934  0.172901  0.294388  0.304828  0.286467  0.243749  0.245157  0.265473  0.277913  0.224598  0.322979  0.298906  0.174572  0.210424  0.275396  0.666092  0.219372  0.216869  0.244603  0.379067  0.293326  0.254907  0.263555  0.629417  0.159802  0.250227  0.232772  0.253084  0.254070  0.235199  0.311677  0.351183  0.239854  0.237780  0.656701  0.600514  0.298297  0.295257  0.271169  0.305021  0.243596  0.255316  0.232854  0.148418  0.259058  0.270600  0.337775  0.534012  0.262232  0.753075  0.181478  0.277306  0.245548  0.767955  0.307582  0.275059  0.294702  0.202818  0.318636  0.287714  0.294544  0.241623  0.285850  0.635752  0.153528  0.547177  0.141111  0.215556  0.202240  0.272372  0.718731  0.295557  0.269311  0.177262  0.306434  0.655377  0.233581  0.262958  0.271692  0.174002  0.286704  0.328949  0.217684  0.144931  0.163218  0.732860  0.134273  0.343048  0.295101  0.228431  0.206179  0.372884  0.297416  0.292409  0.308888  0.193168  0.282316  0.240835  0.361996  0.254434  0.626692  0.227905 
20  0.263288  0.511044  0.492699  0.246096  0.092664  0.320208  0.281767  0.076630  0.353447  0.083582  0.468663  0.151420  0.257729  0.513308  0.399251  0.043161  0.089126  0.437321  0.285179  0.269632 0.0  0.347523  0.099724  0.488985  0.350318  0.223711  0.138040  0.225460  0.063549  0.250273  0.102870  0.010742  0.000000  0.101702  0.459015  0.142247  0.562207  0.240077  0.134105  0.698034  0.170661  0.319081  0.302333  0.299578  0.064823  0.395471  0.146080  0.374311  0.043973  0.289657  0.389554  0.134067  0.374333  0.486476  0.329564  0.431011  0.246980  0.399166  0.393473  0.457636  0.291741  0.048653  0.254603  0.139441  0.137158  0.370225  0.453419  0.327712  0.017225  0.302514  0.025739  0.158495  0.000000  0.322067  0.132541  0.355943  0.081580  0.104413  0.363443  0.432614  0.092004  0.479364  0.335269  0.167059  0.142981  0.014155  0.244502  0.037244  0.166674  0.125071  0.174259  0.430760  0.322183  0.560164  0.326851  0.063187  0.310524  0.549344  0.090896  0.340928  0.109685  0.151381  0.233360  0.000000  0.109043  0.392553  0.209070  0.541378  0.469569  0.562992  0.241159  0.153232  0.047467  0.083329  0.532450  0.115561  0.135888  0.462290  0.001900  0.502573  0.069205  0.133226  0.093283  0.077639  0.122990  0.048388  0.195391  0.357415  0.027551  0.556374  0.045924  0.219759  0.193536  0.000000  0.183711  0.212793  0.162454  0.251474  0.256792  0.268885  0.260676  0.206591  0.315968  0.187216  0.627213  0.089286 
21  0.499266  0.508592  0.478654  0.611245  0.493327  0.467018  0.387113  0.505855  0.413797  0.438844  0.423001  0.440750  0.427058  0.298465  0.548952  0.540314  0.512668  0.528482  0.494852  0.397911  0.347523 0.0  0.475198  0.556906  0.453250  0.509341  0.418175  0.483180  0.428509  0.491024  0.361092  0.437913  0.461355  0.507051  0.429911  0.471510  0.489843  0.465263  0.547130  0.376896  0.383592  0.509277  0.535141  0.461176  0.430867  0.419181  0.451868  0.499277  0.557594  0.512042  0.443340  0.451572  0.515641  0.425315  0.451307  0.522762  0.423862  0.443462  0.435348  0.564093  0.515964  0.382068  0.464653  0.403645  0.392844  0.469578  0.476496  0.489572  0.479927  0.500442  0.548622  0.345497  0.426560  0.404976  0.464779  0.495497  0.391471  0.384131  0.377314  0.457194  0.522922  0.413118  0.454854  0.366786  0.525763  0.472547  0.415477  0.470523  0.520548  0.488180  0.566556  0.388795  0.472802  0.506273  0.438660  0.513430  0.633436  0.501612  0.485357  0.474807  0.424653  0.506907  0.553852  0.455916  0.432909  0.460307  0.448879  0.426671  0.487254  0.419771  0.444966  0.594192  0.500624  0.364525  0.498422  0.465544  0.462247  0.473285  0.429843  0.490565  0.362405  0.502666  0.445296  0.541925  0.481024  0.443635  0.412729  0.358066  0.548988  0.364883  0.486121  0.513197  0.537878  0.410293  0.524269  0.499790  0.405944  0.435903  0.499277  0.486166  0.420862  0.405258  0.359327  0.462408  0.539977  0.464078 
22  0.389437  0.448049  0.507922  0.293921  0.100254  0.388562  0.283272  0.168551  0.464272  0.094522  0.536099  0.167603  0.157089  0.566919  0.336594  0.174871  0.151136  0.308125  0.489413  0.218445  0.099724  0.475198 0.0  0.544348  0.389920  0.187276  0.179845  0.330453  0.053645  0.273934  0.084795  0.073796  0.188869  0.089096  0.491903  0.094552  0.592293  0.094746  0.151824  0.717402  0.135077  0.495365  0.379371  0.382333  0.084941  0.490323  0.183223  0.351142  0.151211  0.118452  0.383413  0.130947  0.331716  0.436169  0.497946  0.449333  0.130469  0.491566  0.384164  0.501368  0.391335  0.184734  0.246200  0.227453  0.221179  0.386007  0.504502  0.525025  0.100985  0.225584  0.148776  0.278542  0.077909  0.303389  0.125143  0.349152  0.112173  0.172422  0.571297  0.518945  0.232052  0.449603  0.254197  0.165405  0.120997  0.148512  0.120494  0.124467  0.215366  0.112389  0.062612  0.278378  0.339142  0.512625  0.499432  0.142008  0.370707  0.532170  0.148423  0.410719  0.112768  0.121893  0.098388  0.023677  0.158349  0.346092  0.204478  0.470656  0.425769  0.580236  0.127252  0.106203  0.099757  0.126861  0.558557  0.044461  0.066960  0.316759  0.166060  0.538535  0.263411  0.120360  0.095062  0.117174  0.185021  0.172625  0.123895  0.329537  0.181752  0.524480  0.103143  0.234390  0.264155  0.153846  0.165961  0.327735  0.076455  0.137462  0.269760  0.219364  0.386394  0.179180  0.143270  0.147699  0.477920  0.147304 
23  0.721805  0.009240  0.211599  0.909591  0.628147  0.806297  0.588737  0.487450  0.846525  0.722424  0.401029  0.468982  0.728822  0.499852  0.907037  0.649032  0.642320  0.373901  0.875472  0.660085  0.488985  0.556906  0.544348 0.0  0.860866  0.638591  0.613934  0.688775  0.492642  0.339148  0.568293  0.624767  0.437557  0.635942  0.520290  0.559537  0.000000  0.424740  0.410513  0.217321  0.476734  0.932042  0.894681  0.734099  0.557089  0.854471  0.382723  0.835420  0.524650  0.376374  0.828812  0.554593  0.842306  0.658850  0.774456  0.839718  0.464841  0.871638  0.792547  0.489585  0.921417  0.494735  0.491999  0.652115  0.509779  0.908150  0.718381  0.631321  0.608273  0.696759  0.655222  0.735589  0.640509  0.812105  0.480418  0.984866  0.630331  0.639957  0.170720  0.183295  0.510976  0.721042  0.670155  0.519984  0.599458  0.513857  0.459416  0.653788  0.512236  0.564877  0.503118  0.312237  0.880959  0.156671  0.707156  0.542279  0.631983  0.499358  0.531051  0.687920  0.558290  0.470982  0.462550  0.468921  0.551728  0.723830  0.734170  0.588759  0.845587  0.145150  0.457493  0.522974  0.500753  0.565636  0.499160  0.475960  0.475569  0.895117  0.467357  0.552440  0.574490  0.656441  0.639104  0.604352  0.594862  0.415106  0.399926  0.659053  0.512286  0.468971  0.489107  0.625636  0.728338  0.481207  0.569984  0.622682  0.628197  0.397136  0.607518  0.506329  0.709217  0.592176  0.626090  0.397935  0.134211  0.624591 
24  0.404282  0.761664  0.794690  0.064296  0.380180  0.200334  0.285282  0.340202  0.166187  0.465766  0.502788  0.379739  0.395952  0.359666  0.179778  0.336897  0.473415  0.528867  0.071383  0.264234  0.350318  0.453250  0.389920  0.860866 0.0  0.291247  0.410181  0.376323  0.384540  0.601563  0.417237  0.388469  0.462937  0.498629  0.829750  0.428299  0.784707  0.339925  0.423407  0.651154  0.269605  0.167123  0.158929  0.177352  0.438186  0.084610  0.378616  0.100394  0.437730  0.330868  0.155386  0.432477  0.137717  0.359268  0.414338  0.139609  0.467259  0.162779  0.355022  0.819975  0.096267  0.367355  0.317343  0.431512  0.455007  0.133866  0.173782  0.709916  0.290199  0.333893  0.458253  0.271511  0.325021  0.092274  0.389450  0.110610  0.472958  0.487675  0.728418  0.853963  0.395779  0.444913  0.286040  0.320942  0.392179  0.399680  0.421133  0.341698  0.399591  0.396745  0.360355  0.620649  0.071612  0.880524  0.221902  0.471600  0.373219  0.758951  0.406168  0.413992  0.406543  0.380799  0.336922  0.285308  0.397404  0.443546  0.228064  0.875734  0.146284  0.738967  0.399492  0.343824  0.394411  0.400917  0.806714  0.340411  0.390977  0.090035  0.418426  0.855812  0.362676  0.353493  0.398325  0.492135  0.399487  0.472730  0.419257  0.107530  0.362762  0.819862  0.399198  0.228067  0.206459  0.299596  0.409679  0.290093  0.415629  0.403807  0.242810  0.436073  0.352700  0.405193  0.311545  0.412179  0.816439  0.362310 
25  0.310484  0.609588  0.727176  0.217032  0.224574  0.354332  0.204463  0.187269  0.306197  0.193454  0.489613  0.294516  0.316016  0.453217  0.310998  0.158840  0.195499  0.531848  0.298107  0.261637  0.223711  0.509341  0.187276  0.638591  0.291247 0.0  0.331584  0.281915  0.304096  0.476179  0.249356  0.350729  0.252027  0.207916  0.664901  0.213602  0.679451  0.297611  0.230043  0.774476  0.238161  0.232789  0.218189  0.213133  0.292509  0.215456  0.208533  0.299807  0.254610  0.165773  0.375178  0.307814  0.142360  0.170069  0.202422  0.295583  0.170369  0.182235  0.193743  0.643105  0.250341  0.238409  0.322781  0.378392  0.255761  0.294055  0.377173  0.704457  0.264951  0.306586  0.232378  0.259793  0.238486  0.204084  0.224551  0.222008  0.235268  0.208985  0.693710  0.658130  0.265372  0.169853  0.254563  0.239991  0.156065  0.169541  0.292786  0.229344  0.290579  0.271832  0.217100  0.438459  0.256615  0.628926  0.220965  0.265451  0.244029  0.628856  0.289043  0.185148  0.181988  0.151276  0.269493  0.375833  0.325711  0.267749  0.355617  0.738030  0.229538  0.650887  0.329078  0.367112  0.364361  0.315615  0.515608  0.211166  0.339108  0.361384  0.267219  0.675622  0.214951  0.268531  0.271543  0.278119  0.206982  0.331569  0.240475  0.154033  0.132382  0.644075  0.153076  0.318916  0.381643  0.228979  0.343457  0.247515  0.312326  0.268601  0.286393  0.371737  0.281740  0.197428  0.290883  0.251137  0.750146  0.332507 
26  0.293416  0.501327  0.489712  0.371674  0.076100  0.312589  0.179868  0.203536  0.359976  0.072905  0.454760  0.166821  0.223674  0.386494  0.442337  0.157570  0.062542  0.394578  0.296708  0.296652  0.138040  0.418175  0.179845  0.613934  0.410181  0.331584 0.0  0.289373  0.045727  0.192285  0.110836  0.142857  0.193650  0.076859  0.363036  0.092481  0.442983  0.176060  0.072678  0.640606  0.071858  0.246618  0.393448  0.260937  0.102853  0.413114  0.173712  0.368735  0.079078  0.116259  0.241661  0.000000  0.284846  0.478434  0.410210  0.398308  0.000000  0.470716  0.327721  0.521556  0.297421  0.272335  0.130809  0.028819  0.075610  0.245931  0.284883  0.543046  0.133012  0.300164  0.104178  0.306428  0.032981  0.408711  0.000000  0.252922  0.138814  0.108258  0.440003  0.539836  0.194372  0.372937  0.339207  0.109635  0.148131  0.109792  0.000000  0.000000  0.114887  0.160642  0.000000  0.335363  0.354511  0.473279  0.408385  0.095492  0.416709  0.531037  0.019064  0.323550  0.123878  0.263139  0.000000  0.176686  0.115722  0.313193  0.204128  0.483070  0.465541  0.591778  0.153119  0.072787  0.118187  0.130112  0.494156  0.176876  0.001386  0.309674  0.015905  0.439064  0.121088  0.179804  0.000000  0.058673  0.013927  0.281362  0.000000  0.201665  0.016974  0.459337  0.204904  0.334197  0.251193  0.143841  0.206973  0.313096  0.128815  0.115886  0.284827  0.073029  0.514982  0.126296  0.323822  0.000000  0.406549  0.026211 
