146
0 0.0  0.758173  0.720238  0.330725  0.345890  0.324972  0.228080  0.355812  0.291504  0.293984  0.444957  0.396552  0.267812  0.456325  0.326108  0.307420  0.255382  0.548379  0.419122  0.276465  0.270596  0.417801  0.420964  0.719765  0.439640  0.322821  0.286496  0.256779  0.244825  0.440656  0.416448  0.353888  0.333847  0.266688  0.735607  0.481710  0.782894  0.331609  0.417601  0.633032  0.308319  0.325020  0.355059  0.317630  0.353350  0.453792  0.271459  0.401814  0.382074  0.214649  0.384081  0.417446  0.310884  0.014421  0.131348  0.404062  0.381668  0.506751  0.168971  0.818815  0.304763  0.285756  0.404044  0.303569  0.290229  0.301984  0.227458  0.730552  0.350383  0.259197  0.350696  0.226785  0.241257  0.410383  0.329995  0.332919  0.254304  0.290054  0.748802  0.782722  0.423816  0.173969  0.327443  0.368434  0.432378  0.392360  0.263075  0.264458  0.189929  0.362132  0.338478  0.624327  0.400129  0.713435  0.361103  0.290937  0.136767  0.755225  0.197755  0.201847  0.310023  0.292025  0.386231  0.303417  0.312572  0.101084  0.261337  0.701255  0.323505  0.690766  0.387601  0.232930  0.349749  0.291440  0.811238  0.236313  0.347410  0.260122  0.244190  0.796031  0.246333  0.385733  0.367235  0.258920  0.340878  0.310242  0.282770  0.263480  0.195883  0.711907  0.395628  0.082152  0.293096  0.355952  0.386139  0.327253  0.348059  0.265864  0.272501  0.309665  0.080343  0.324696  0.347635  0.404174  0.703620  0.387966 
1  0.758173 0.0  0.253654  0.723936  0.472922  0.712829  0.678802  0.473907  0.717563  0.450141  0.511658  0.564035  0.601797  0.419124  0.718298  0.428234  0.445108  0.306472  0.780843  0.645375  0.469577  0.434628  0.644659  0.092820  0.813012  0.646112  0.402527  0.749496  0.557783  0.284991  0.557584  0.488377  0.580323  0.415654  0.560144  0.525195  0.129973  0.653854  0.620812  0.265307  0.473452  0.741296  0.701269  0.724785  0.426660  0.769660  0.416276  0.725942  0.545865  0.507934  0.662717  0.387281  0.728550  0.756469  0.695624  0.875680  0.537756  0.757419  0.779563  0.570211  0.747532  0.520614  0.316939  0.416064  0.379909  0.857679  0.855564  0.510183  0.326149  0.644001  0.384789  0.703321  0.424439  0.701727  0.423138  0.732403  0.458091  0.521825  0.109668  0.130270  0.514540  0.750007  0.604758  0.622137  0.512743  0.439979  0.515382  0.408385  0.554641  0.574628  0.522222  0.282142  0.735292  0.133966  0.827840  0.496654  0.735080  0.527526  0.388054  0.671631  0.504210  0.471932  0.467574  0.464920  0.443223  0.785905  0.668421  0.506047  0.721801  0.046517  0.368190  0.541502  0.345147  0.478133  0.553851  0.510014  0.480410  0.783615  0.711306  0.451214  0.380969  0.390044  0.550740  0.549823  0.461799  0.518103  0.393504  0.624954  0.367335  0.501367  0.534858  0.694776  0.737927  0.490264  0.425073  0.692592  0.559689  0.482625  0.601272  0.457414  0.640097  0.573587  0.628067  0.371396  0.076627  0.502418 
2  0.720238  0.253654 0.0  0.888131  0.667423  0.780951  0.631936  0.451778  0.905830  0.554755  0.407334  0.464379  0.700449  0.507534  0.757267  0.597246  0.620400  0.397455  0.848943  0.702409  0.496500  0.423505  0.571038  0.263772  0.785082  0.750325  0.541185  0.584984  0.512580  0.438493  0.465769  0.621135  0.393093  0.535240  0.684462  0.518464  0.055644  0.384144  0.594547  0.266631  0.547502  0.794349  0.849597  0.874741  0.564947  0.948452  0.453909  0.920648  0.563199  0.289693  0.894212  0.555580  0.964467  0.769872  0.804767  0.814262  0.418360  0.766206  0.809039  0.548897  0.788416  0.418440  0.443564  0.551382  0.491173  0.790853  0.694571  0.491607  0.658887  0.663769  0.722724  0.665357  0.617369  0.795125  0.435858  0.766879  0.534693  0.586455  0.157283  0.007148  0.517642  0.818410  0.624271  0.451288  0.526184  0.650306  0.442413  0.650461  0.449633  0.466909  0.468371  0.418424  0.933457  0.199435  0.921054  0.558206  0.788776  0.540327  0.582128  0.668848  0.606475  0.584116  0.480601  0.447343  0.651243  0.725058  0.738804  0.464830  0.918427  0.063328  0.414101  0.534209  0.618387  0.623034  0.493042  0.501011  0.478400  0.853425  0.509914  0.601296  0.580994  0.593279  0.596162  0.575086  0.563891  0.479501  0.433169  0.681226  0.495342  0.483118  0.520350  0.634275  0.583453  0.595999  0.495797  0.682652  0.458885  0.548585  0.698314  0.588329  0.730306  0.566782  0.676586  0.405389  0.017033  0.603038 
3  0.330725  0.723936  0.888131 0.0  0.427542  0.172310  0.319117  0.342572  0.183096  0.417766  0.382887  0.455951  0.092725  0.444361  0.132781  0.477656  0.538794  0.555559  0.184663  0.238358  0.379297  0.495650  0.367802  0.900674  0.135542  0.279323  0.299299  0.282989  0.325128  0.682907  0.367098  0.448294  0.290245  0.381028  0.836026  0.444924  0.684573  0.382872  0.310892  0.664372  0.550285  0.202525  0.190778  0.149313  0.429083  0.155618  0.311519  0.251265  0.378718  0.430206  0.134471  0.564106  0.177797  0.378441  0.304668  0.223466  0.207555  0.141480  0.361641  0.642776  0.285293  0.434625  0.318750  0.555483  0.343698  0.123491  0.156351  0.756179  0.402286  0.195528  0.440809  0.267303  0.487450  0.111968  0.365758  0.081377  0.413904  0.464822  0.942789  0.776389  0.366425  0.315793  0.208768  0.344182  0.479964  0.483566  0.233880  0.432289  0.394002  0.369772  0.342429  0.527471  0.093309  0.882570  0.092359  0.511536  0.312935  0.691467  0.432570  0.294124  0.505686  0.416208  0.226916  0.322930  0.463618  0.308293  0.276555  0.776236  0.248942  0.870206  0.322830  0.428172  0.399743  0.408367  0.870094  0.343439  0.347961  0.250746  0.286947  0.895348  0.500734  0.434280  0.408289  0.438054  0.432037  0.373638  0.290389  0.238403  0.413487  0.655306  0.451902  0.376800  0.276461  0.529031  0.419953  0.301930  0.425003  0.363605  0.242476  0.397594  0.408084  0.321920  0.275625  0.318094  0.724494  0.404133 
4  0.345890  0.472922  0.667423  0.427542 0.0  0.541953  0.251410  0.045984  0.434226  0.228031  0.403963  0.104353  0.258281  0.560561  0.330554  0.111905  0.141060  0.429170  0.388833  0.318674  0.185360  0.343455  0.121649  0.491451  0.425216  0.163528  0.087236  0.321769  0.163380  0.364879  0.145918  0.178586  0.084810  0.247278  0.609954  0.123549  0.464267  0.070555  0.095256  0.611164  0.115690  0.422343  0.453784  0.505063  0.084264  0.437284  0.005183  0.412837  0.201022  0.087703  0.498880  0.235413  0.382524  0.384390  0.346413  0.468370  0.027913  0.404003  0.267780  0.546502  0.585106  0.106051  0.043282  0.241914  0.018790  0.375528  0.304989  0.570179  0.017305  0.167090  0.110845  0.363612  0.215317  0.438883  0.040912  0.414054  0.000000  0.203413  0.701818  0.452758  0.000000  0.390519  0.254547  0.000000  0.134982  0.153996  0.033772  0.166705  0.043385  0.180534  0.003463  0.330822  0.486762  0.634425  0.264698  0.163067  0.347169  0.548068  0.261695  0.364412  0.262775  0.094560  0.112578  0.043643  0.237073  0.382338  0.350944  0.499012  0.498860  0.523249  0.055333  0.260209  0.141801  0.118185  0.615950  0.148332  0.168081  0.501230  0.145187  0.633193  0.140354  0.148142  0.207513  0.101416  0.247991  0.108081  0.000000  0.382815  0.215296  0.521430  0.164691  0.266893  0.340734  0.131959  0.143155  0.276007  0.154273  0.031445  0.270768  0.036606  0.291383  0.132842  0.154018  0.072872  0.242405  0.142298 
5  0.324972  0.712829  0.780951  0.172310  0.541953 0.0  0.176375  0.358365  0.200408  0.423505  0.454434  0.452953  0.274140  0.500095  0.208268  0.400740  0.427122  0.630549  0.334327  0.276979  0.385132  0.462520  0.480883  0.746439  0.160202  0.241841  0.265257  0.366456  0.210802  0.573392  0.252898  0.457587  0.323339  0.378934  0.786622  0.405272  0.634427  0.306957  0.314110  0.632620  0.327805  0.232983  0.222254  0.133589  0.439567  0.173311  0.369748  0.241020  0.434890  0.433054  0.233424  0.430625  0.277056  0.301824  0.285720  0.117573  0.328613  0.174356  0.329808  0.747903  0.172081  0.246287  0.288099  0.395108  0.355133  0.084041  0.027234  0.934123  0.421973  0.191164  0.474860  0.246102  0.494433  0.212028  0.348450  0.225261  0.332183  0.364660  0.891689  0.819163  0.293202  0.371383  0.233176  0.311973  0.312544  0.552775  0.410012  0.439547  0.286170  0.345099  0.321612  0.630855  0.197621  0.867963  0.126948  0.397968  0.346728  0.839781  0.548614  0.144255  0.536783  0.263009  0.278710  0.311663  0.488218  0.325157  0.150458  0.910529  0.202512  0.742806  0.400146  0.580090  0.533584  0.477525  0.878105  0.370523  0.292256  0.122839  0.296965  0.760156  0.388054  0.454915  0.444434  0.486148  0.503337  0.292808  0.281589  0.311516  0.467925  0.689583  0.439743  0.297698  0.307759  0.510448  0.463137  0.326405  0.409376  0.296004  0.148027  0.418029  0.353942  0.298087  0.377560  0.312636  0.875784  0.412597 
6  0.228080  0.678802  0.631936  0.319117  0.251410  0.176375 0.0  0.312982  0.315745  0.268693  0.445839  0.263126  0.246845  0.476279  0.284680  0.233373  0.336808  0.519471  0.230599  0.269167  0.359159  0.524954  0.361961  0.584984  0.239247  0.301219  0.294574  0.277061  0.292666  0.547471  0.330731  0.270968  0.287047  0.212704  0.702740  0.280258  0.644141  0.326241  0.217165  0.574008  0.279360  0.298827  0.229637  0.213962  0.349733  0.213271  0.357348  0.281977  0.359379  0.283779  0.293180  0.303389  0.292636  0.293725  0.318837  0.288227  0.254106  0.320206  0.214432  0.718478  0.428406  0.242792  0.298855  0.356129  0.203824  0.340505  0.245918  0.648669  0.150700  0.219643  0.258195  0.237781  0.338391  0.163838  0.324876  0.200317  0.317805  0.253208  0.585005  0.706815  0.218362  0.304403  0.211197  0.288397  0.239819  0.216718  0.338497  0.218288  0.197516  0.269024  0.195611  0.572960  0.264083  0.728337  0.244278  0.193048  0.235587  0.700499  0.220672  0.266075  0.302959  0.262104  0.313908  0.302338  0.160663  0.237625  0.230069  0.711071  0.294909  0.678939  0.242565  0.264392  0.200472  0.254936  0.610079  0.212372  0.250990  0.313602  0.234673  0.753910  0.274476  0.144141  0.229547  0.277340  0.280747  0.345255  0.217245  0.385261  0.384460  0.735272  0.268263  0.202130  0.205495  0.324730  0.213868  0.236946  0.217601  0.349004  0.278405  0.216981  0.251920  0.375008  0.318242  0.257792  0.624314  0.266827 
7  0.355812  0.473907  0.451778  0.342572  0.045984  0.358365  0.312982 0.0  0.331839  0.153492  0.494656  0.165147  0.258708  0.515590  0.334617  0.069355  0.098700  0.302094  0.362590  0.290661  0.102693  0.558506  0.000000  0.495661  0.347960  0.266925  0.278206  0.330956  0.136864  0.266606  0.155599  0.092779  0.173456  0.122865  0.369771  0.125137  0.393334  0.084639  0.145056  0.623699  0.057600  0.353948  0.344884  0.407665  0.113347  0.345743  0.101522  0.384760  0.100811  0.118612  0.454402  0.083925  0.457009  0.467072  0.389290  0.300182  0.100416  0.385455  0.291382  0.538935  0.320024  0.206892  0.062045  0.071566  0.033977  0.270809  0.340163  0.477601  0.042523  0.201520  0.077330  0.311676  0.000000  0.396897  0.109366  0.348928  0.198226  0.033252  0.556687  0.580794  0.150796  0.345747  0.286783  0.130981  0.086975  0.106060  0.044460  0.000000  0.088224  0.176816  0.066829  0.378836  0.315697  0.500997  0.384587  0.014106  0.333736  0.460395  0.147365  0.382561  0.135861  0.082956  0.000000  0.247391  0.071111  0.309660  0.311338  0.564685  0.254216  0.460380  0.053349  0.058994  0.136826  0.103452  0.480168  0.131073  0.000000  0.421991  0.013683  0.482250  0.100374  0.036287  0.105408  0.058195  0.161171  0.217081  0.109870  0.130658  0.105422  0.401865  0.121945  0.229919  0.283101  0.105214  0.147005  0.180769  0.041883  0.000000  0.289561  0.046189  0.487638  0.182452  0.207065  0.139711  0.420256  0.054284 
8  0.291504  0.717563  0.905830  0.183096  0.434226  0.200408  0.315745  0.331839 0.0  0.447116  0.485380  0.499389  0.205095  0.421755  0.206591  0.397270  0.500236  0.595145  0.276743  0.354023  0.375479  0.530912  0.286912  0.890000  0.146762  0.185028  0.267230  0.269691  0.377876  0.634855  0.361308  0.469137  0.371916  0.547662  0.842325  0.401864  0.687224  0.398750  0.366468  0.563726  0.368852  0.269072  0.140953  0.176024  0.369861  0.200344  0.344629  0.238058  0.486067  0.264254  0.178597  0.471208  0.144234  0.276834  0.407077  0.159144  0.393331  0.052111  0.303791  0.639345  0.191055  0.292546  0.363679  0.499805  0.256143  0.154869  0.052301  0.876457  0.384063  0.232670  0.472874  0.192589  0.525153  0.228504  0.356313  0.240300  0.368845  0.476457  0.806018  0.853775  0.285435  0.418625  0.204838  0.406871  0.332585  0.494497  0.481342  0.402819  0.258798  0.401919  0.271182  0.537765  0.162093  0.852535  0.165561  0.412820  0.283147  0.741429  0.403322  0.298808  0.368869  0.329324  0.371365  0.306662  0.405012  0.349779  0.263566  0.840688  0.140085  0.852909  0.285875  0.420841  0.348513  0.379827  0.773057  0.327788  0.323916  0.156769  0.326186  0.925939  0.470257  0.437393  0.337575  0.450489  0.514439  0.385367  0.298531  0.282984  0.460749  0.814415  0.339606  0.244885  0.184136  0.398593  0.334812  0.231852  0.407143  0.370890  0.308318  0.271106  0.342992  0.455560  0.250384  0.477950  0.736972  0.507958 
9  0.293984  0.450141  0.554755  0.417766  0.228031  0.423505  0.268693  0.153492  0.447116 0.0  0.529985  0.030255  0.202345  0.516563  0.468508  0.153300  0.138557  0.379375  0.440713  0.305510  0.069793  0.557372  0.205759  0.645007  0.449714  0.309704  0.118151  0.373634  0.140337  0.395147  0.115031  0.119088  0.085527  0.172333  0.590494  0.162476  0.399032  0.119768  0.103572  0.643782  0.070168  0.480106  0.401149  0.490817  0.184475  0.432170  0.014663  0.408364  0.194160  0.044235  0.431432  0.240133  0.442177  0.378751  0.390150  0.424301  0.135105  0.438461  0.237067  0.472807  0.489455  0.054368  0.112339  0.222744  0.040817  0.433298  0.281562  0.590299  0.188850  0.275641  0.237380  0.221315  0.155528  0.404339  0.093368  0.587012  0.071466  0.255619  0.668359  0.570139  0.009882  0.484000  0.263012  0.000000  0.140527  0.158899  0.087163  0.247161  0.188983  0.188126  0.172117  0.303301  0.421485  0.683389  0.387611  0.191510  0.406625  0.574905  0.179528  0.299801  0.223485  0.095122  0.134516  0.165748  0.105458  0.203190  0.195985  0.546257  0.516918  0.647135  0.066954  0.201433  0.265718  0.156436  0.440430  0.207166  0.111520  0.415230  0.051929  0.632490  0.201942  0.183679  0.142671  0.109980  0.184115  0.115632  0.028441  0.168890  0.229802  0.475492  0.189468  0.220358  0.276618  0.202642  0.143067  0.274193  0.052410  0.123970  0.311292  0.134064  0.317109  0.049880  0.278383  0.053210  0.472676  0.191667 
10  0.444957  0.511658  0.407334  0.382887  0.403963  0.454434  0.445839  0.494656  0.485380  0.529985 0.0  0.430667  0.480496  0.548704  0.403471  0.415651  0.425593  0.468068  0.417485  0.484716  0.477519  0.446502  0.546422  0.510055  0.426378  0.457269  0.371930  0.489334  0.521159  0.403183  0.535476  0.469111  0.403708  0.481992  0.438925  0.464727  0.454538  0.497650  0.477188  0.454190  0.415169  0.474183  0.565786  0.441640  0.440347  0.362481  0.366642  0.479262  0.506317  0.541591  0.530850  0.485491  0.443489  0.567258  0.476933  0.476457  0.459092  0.439728  0.384098  0.332815  0.458224  0.441175  0.445471  0.489200  0.524604  0.475811  0.516597  0.470484  0.410777  0.455443  0.477792  0.530629  0.500644  0.439351  0.492006  0.446031  0.443572  0.472332  0.502862  0.478958  0.479136  0.446463  0.486158  0.398349  0.451554  0.628281  0.497072  0.453990  0.423138  0.461956  0.419649  0.458715  0.472445  0.426425  0.471902  0.443212  0.442328  0.551253  0.364007  0.439422  0.479370  0.451270  0.473531  0.481047  0.550526  0.415559  0.415164  0.419158  0.439341  0.361251  0.412068  0.469087  0.423575  0.364104  0.468955  0.517310  0.514019  0.455283  0.494559  0.433372  0.481436  0.451001  0.327893  0.509292  0.507481  0.467710  0.460748  0.486301  0.451524  0.557861  0.509916  0.363196  0.486658  0.388523  0.443367  0.473943  0.572667  0.506592  0.463306  0.552582  0.529134  0.456341  0.438449  0.558674  0.437079  0.497220 
11  0.396552  0.564035  0.464379  0.455951  0.104353  0.452953  0.263126  0.165147  0.499389  0.030255  0.430667 0.0  0.260636  0.488154  0.496851  0.091369  0.143679  0.395107  0.446152  0.229118  0.136994  0.405517  0.054509  0.610097  0.414454  0.157609  0.138639  0.459351  0.068235  0.275706  0.201452  0.000000  0.043366  0.143541  0.538948  0.178628  0.484250  0.047616  0.153298  0.655838  0.114647  0.261976  0.442741  0.433398  0.206418  0.406933  0.157276  0.367378  0.116489  0.011264  0.371257  0.088720  0.302837  0.396525  0.465326  0.411654  0.183613  0.440635  0.419742  0.535009  0.303321  0.133158  0.242684  0.025839  0.076130  0.287414  0.447147  0.521736  0.027095  0.411320  0.145128  0.260165  0.146097  0.463217  0.219451  0.418091  0.142660  0.115902  0.555266  0.542278  0.203034  0.386502  0.323965  0.097098  0.067696  0.090256  0.152430  0.187275  0.116120  0.160712  0.149321  0.277704  0.412267  0.511557  0.382015  0.167908  0.357455  0.567678  0.059051  0.376087  0.069669  0.094166  0.093027  0.131854  0.114632  0.416387  0.240383  0.502028  0.348251  0.594527  0.091908  0.158714  0.112997  0.184967  0.540940  0.108550  0.179601  0.461165  0.077240  0.444208  0.176120  0.094269  0.163334  0.234276  0.080999  0.087906  0.189468  0.359786  0.198130  0.541316  0.085104  0.289955  0.328074  0.124029  0.164249  0.252212  0.107928  0.154285  0.301749  0.199634  0.433636  0.113067  0.285249  0.119794  0.507328  0.060944 
12  0.267812  0.601797  0.700449  0.092725  0.258281  0.274140  0.246845  0.258708  0.205095  0.202345  0.480496  0.260636 0.0  0.434683  0.262103  0.241164  0.375058  0.405207  0.329816  0.326774  0.279462  0.488549  0.284206  0.648120  0.259620  0.261115  0.345953  0.256715  0.292337  0.459305  0.316981  0.216070  0.238688  0.225876  0.641474  0.230107  0.569511  0.251670  0.284924  0.707960  0.283943  0.248129  0.267506  0.352540  0.278506  0.317746  0.232327  0.258420  0.285818  0.249942  0.294770  0.322089  0.215983  0.320011  0.289635  0.316037  0.329210  0.254540  0.268689  0.763755  0.229786  0.329882  0.234131  0.358206  0.322852  0.250911  0.465217  0.659200  0.323839  0.241294  0.274628  0.248509  0.249815  0.285041  0.328455  0.273842  0.259190  0.353878  0.627202  0.633018  0.227684  0.281710  0.343345  0.420564  0.229544  0.321483  0.383700  0.334135  0.195168  0.283222  0.248311  0.501941  0.254274  0.752543  0.249981  0.289181  0.192023  0.647996  0.284582  0.244401  0.202956  0.320885  0.303052  0.209537  0.157931  0.198817  0.305535  0.687903  0.220179  0.697837  0.249195  0.233078  0.334419  0.307095  0.718901  0.229139  0.321211  0.297476  0.183533  0.644033  0.232057  0.265952  0.297320  0.274987  0.365618  0.246561  0.235362  0.298554  0.259035  0.706960  0.166917  0.191833  0.346832  0.228338  0.261215  0.273862  0.230107  0.297982  0.235963  0.273066  0.203339  0.322238  0.156263  0.350384  0.711937  0.275695 
13  0.456325  0.419124  0.507534  0.444361  0.560561  0.500095  0.476279  0.515590  0.421755  0.516563  0.548704  0.488154  0.434683 0.0  0.476393  0.515532  0.436858  0.440429  0.477312  0.527653  0.425690  0.378741  0.603102  0.546874  0.491560  0.443825  0.465681  0.457527  0.391682  0.559770  0.406894  0.522091  0.485792  0.534222  0.428933  0.433479  0.422997  0.558455  0.462581  0.580326  0.447202  0.398051  0.492790  0.561453  0.409278  0.473269  0.413604  0.434318  0.498473  0.476251  0.460262  0.404123  0.441227  0.557896  0.484094  0.467426  0.522692  0.491687  0.419433  0.443275  0.517426  0.591054  0.512989  0.450643  0.594080  0.456373  0.433746  0.506482  0.521016  0.432937  0.434422  0.471846  0.540684  0.507744  0.407649  0.443288  0.459010  0.451673  0.422167  0.522381  0.394997  0.438586  0.441404  0.499459  0.447013  0.501157  0.479716  0.492221  0.450456  0.439569  0.436913  0.501284  0.454375  0.467526  0.422392  0.486053  0.337495  0.488254  0.441535  0.417733  0.540349  0.482667  0.396925  0.458366  0.524784  0.464079  0.417864  0.484837  0.544889  0.506232  0.483261  0.443403  0.445348  0.449600  0.431059  0.383843  0.545926  0.532075  0.473440  0.470192  0.426301  0.403554  0.547326  0.481507  0.437867  0.479342  0.371054  0.437919  0.439136  0.405257  0.389820  0.426692  0.471487  0.533697  0.387481  0.457476  0.463002  0.481660  0.451565  0.462718  0.461305  0.433627  0.394828  0.410398  0.547054  0.672271 
14  0.326108  0.718298  0.757267  0.132781  0.330554  0.208268  0.284680  0.334617  0.206591  0.468508  0.403471  0.496851  0.262103  0.476393 0.0  0.560803  0.550127  0.540286  0.198951  0.307502  0.183657  0.483852  0.396629  0.972146  0.221702  0.154857  0.293013  0.286772  0.328330  0.665582  0.479911  0.476583  0.321187  0.382740  0.909053  0.324476  0.727010  0.333279  0.473139  0.585485  0.300025  0.205536  0.165243  0.227358  0.551583  0.159137  0.290455  0.251275  0.469848  0.242868  0.127941  0.339283  0.254757  0.337243  0.359033  0.109966  0.339745  0.235145  0.335575  0.732776  0.274829  0.348989  0.321952  0.419163  0.307640  0.247855  0.000000  0.762152  0.454783  0.178787  0.486433  0.267341  0.490098  0.107654  0.343528  0.242763  0.360129  0.448488  0.818229  0.740182  0.329974  0.331885  0.327303  0.346349  0.416230  0.433824  0.394377  0.388775  0.310559  0.391568  0.372740  0.591904  0.214217  0.792004  0.183575  0.414851  0.387476  0.706269  0.415024  0.325337  0.419657  0.354048  0.452513  0.352932  0.539354  0.480404  0.182220  0.806981  0.176957  0.778875  0.285089  0.445035  0.444995  0.575208  0.801912  0.329765  0.382857  0.255260  0.389776  0.823331  0.497363  0.516437  0.444093  0.453964  0.461653  0.368633  0.360559  0.278729  0.453770  0.784906  0.507095  0.276709  0.328407  0.378580  0.407091  0.312975  0.391778  0.318827  0.276859  0.225473  0.335586  0.481360  0.254271  0.401293  0.712827  0.488029 
15  0.307420  0.428234  0.597246  0.477656  0.111905  0.400740  0.233373  0.069355  0.397270  0.153300  0.415651  0.091369  0.241164  0.515532  0.560803 0.0  0.207578  0.424805  0.319233  0.285278  0.055111  0.449241  0.027535  0.598682  0.463433  0.287513  0.051643  0.292375  0.100328  0.386032  0.151403  0.226764  0.025460  0.265574  0.629278  0.093481  0.411154  0.102125  0.225010  0.625615  0.168737  0.421460  0.395767  0.452461  0.238116  0.510065  0.034938  0.456239  0.191124  0.081374  0.441482  0.182879  0.513585  0.375438  0.423834  0.295670  0.080447  0.400349  0.311571  0.384055  0.495146  0.165835  0.000000  0.223817  0.018259  0.419793  0.375945  0.581325  0.156890  0.323751  0.250517  0.301861  0.299183  0.341090  0.075842  0.476603  0.062203  0.185263  0.624949  0.471297  0.062692  0.408712  0.321573  0.067561  0.133179  0.090264  0.000000  0.269027  0.167315  0.094246  0.047030  0.388536  0.571788  0.636329  0.466898  0.254086  0.433167  0.467716  0.286162  0.383538  0.195870  0.003674  0.011603  0.117294  0.188596  0.324587  0.378778  0.412658  0.458155  0.536432  0.199434  0.320932  0.163265  0.263731  0.589013  0.107255  0.092427  0.490021  0.093480  0.578553  0.202093  0.226721  0.180957  0.135019  0.278415  0.000000  0.045856  0.283664  0.258137  0.467026  0.145842  0.263239  0.387739  0.258133  0.047744  0.300556  0.206264  0.056876  0.378649  0.032148  0.256031  0.159230  0.286401  0.014281  0.433333  0.156588 
16  0.255382  0.445108  0.620400  0.538794  0.141060  0.427122  0.336808  0.098700  0.500236  0.138557  0.425593  0.143679  0.375058  0.436858  0.550127  0.207578 0.0  0.395090  0.436028  0.345382  0.108074  0.458478  0.188750  0.688572  0.257012  0.225679  0.000000  0.264946  0.041290  0.327791  0.132064  0.183226  0.079495  0.245785  0.662633  0.186888  0.415254  0.000000  0.100169  0.657869  0.048815  0.449800  0.446172  0.335531  0.224648  0.514477  0.088395  0.512782  0.267070  0.097984  0.469877  0.040443  0.472704  0.412787  0.364611  0.388481  0.081584  0.464762  0.211690  0.551001  0.414956  0.121167  0.169793  0.260998  0.089371  0.522359  0.302234  0.648267  0.295989  0.200648  0.247247  0.269610  0.148867  0.503388  0.059162  0.452518  0.136882  0.162235  0.613802  0.510863  0.076868  0.405211  0.309686  0.134244  0.103879  0.022621  0.119849  0.279321  0.118620  0.143617  0.000000  0.332623  0.508875  0.621319  0.364347  0.225297  0.357168  0.551727  0.120012  0.337357  0.254705  0.153248  0.082111  0.044646  0.293530  0.262003  0.168043  0.524230  0.492997  0.560504  0.095510  0.293729  0.217513  0.134010  0.541767  0.182116  0.075570  0.363936  0.042693  0.602129  0.252863  0.227727  0.187067  0.217060  0.201345  0.128524  0.120314  0.334844  0.124677  0.415576  0.151850  0.222708  0.169028  0.183045  0.225847  0.289999  0.036492  0.081947  0.194049  0.117004  0.356997  0.081715  0.291815  0.162807  0.547095  0.157974 
17  0.548379  0.306472  0.397455  0.555559  0.429170  0.630549  0.519471  0.302094  0.595145  0.379375  0.468068  0.395107  0.405207  0.440429  0.540286  0.424805  0.395090 0.0  0.562938  0.417750  0.262138  0.435337  0.342925  0.258216  0.537569  0.483143  0.389552  0.636437  0.372229  0.441628  0.336708  0.412745  0.287652  0.317240  0.320240  0.432976  0.270930  0.348692  0.253931  0.373809  0.305903  0.675742  0.644068  0.644731  0.241558  0.489598  0.443597  0.577503  0.320808  0.268848  0.652534  0.285042  0.621601  0.631639  0.581501  0.560826  0.304012  0.570590  0.601165  0.262738  0.566368  0.311065  0.321248  0.354678  0.376234  0.592426  0.487709  0.300388  0.429304  0.456099  0.262708  0.477076  0.305268  0.595550  0.363696  0.563296  0.347763  0.343884  0.330054  0.306993  0.335457  0.499310  0.446247  0.411034  0.306127  0.352768  0.130862  0.417615  0.233941  0.347985  0.353648  0.405369  0.559442  0.300082  0.582978  0.386860  0.584148  0.396795  0.397281  0.672601  0.322464  0.328161  0.183759  0.231515  0.330880  0.483472  0.445474  0.371647  0.633362  0.419893  0.328442  0.410353  0.367811  0.357453  0.313735  0.369732  0.441449  0.560320  0.314538  0.309430  0.398631  0.307108  0.425668  0.247152  0.285290  0.341722  0.406815  0.492358  0.394440  0.254320  0.394983  0.439094  0.435183  0.366038  0.330824  0.441808  0.397270  0.431338  0.547933  0.328572  0.658043  0.253235  0.432227  0.370199  0.330787  0.372430 
18  0.419122  0.780843  0.848943  0.184663  0.388833  0.334327  0.230599  0.362590  0.276743  0.440713  0.417485  0.446152  0.329816  0.477312  0.198951  0.319233  0.436028  0.562938 0.0  0.317619  0.414334  0.470558  0.389379  0.834843  0.222614  0.104501  0.362857  0.353063  0.276684  0.718590  0.393971  0.523462  0.302457  0.474949  0.749783  0.391283  0.833911  0.257434  0.514720  0.617701  0.432160  0.150259  0.215583  0.196689  0.454599  0.238372  0.313317  0.199926  0.522024  0.358317  0.192470  0.503737  0.275528  0.309015  0.290154  0.110726  0.421764  0.125800  0.366209  0.773191  0.232512  0.376114  0.282484  0.401065  0.266844  0.262206  0.000000  1.000000  0.422913  0.229059  0.408853  0.288197  0.435118  0.122437  0.256211  0.138297  0.356516  0.384654  0.851788  0.836128  0.330273  0.429695  0.248777  0.462057  0.360292  0.524476  0.344323  0.382754  0.343295  0.459220  0.352115  0.394807  0.199231  0.880719  0.234833  0.510963  0.384544  0.776914  0.480696  0.354077  0.433117  0.244405  0.334870  0.428797  0.447448  0.335985  0.204131  0.762442  0.179542  0.789245  0.373203  0.440351  0.476254  0.463127  0.735395  0.333221  0.320330  0.240026  0.368855  0.838395  0.556252  0.514486  0.489351  0.455689  0.532969  0.338065  0.322017  0.216623  0.418900  0.717273  0.387476  0.295609  0.270711  0.411087  0.426738  0.350097  0.479712  0.283477  0.218387  0.293227  0.343879  0.308957  0.247734  0.264872  0.775771  0.453214 
19  0.276465  0.645375  0.702409  0.238358  0.318674  0.276979  0.269167  0.290661  0.354023  0.305510  0.484716  0.229118  0.326774  0.527653  0.307502  0.285278  0.345382  0.417750  0.317619 0.0  0.336028  0.438971  0.228169  0.679750  0.301510  0.326875  0.304028  0.106861  0.269776  0.551847  0.250922  0.188505  0.216475  0.211888  0.656069  0.189370  0.668332  0.249160  0.281090  0.588384  0.163967  0.353987  0.269386  0.283866  0.217061  0.178234  0.282039  0.310660  0.220780  0.278056  0.406575  0.261991  0.189668  0.243688  0.219747  0.303638  0.271999  0.260215  0.290605  0.601458  0.264504  0.239869  0.278353  0.334431  0.240703  0.207837  0.286466  0.694431  0.179168  0.272141  0.230582  0.143370  0.306144  0.221475  0.297848  0.261453  0.353826  0.323277  0.605889  0.622663  0.278458  0.300048  0.207758  0.329903  0.254622  0.361960  0.239457  0.218091  0.230421  0.276152  0.209600  0.478340  0.263724  0.672865  0.351388  0.231387  0.293166  0.571871  0.299941  0.306241  0.261940  0.192687  0.240980  0.238165  0.309421  0.285309  0.232158  0.621236  0.237591  0.565463  0.314796  0.173938  0.251573  0.333212  0.545461  0.312516  0.275703  0.268675  0.199703  0.638350  0.283670  0.197952  0.254522  0.321957  0.258412  0.313162  0.204486  0.332448  0.169731  0.716245  0.212933  0.335071  0.249767  0.205549  0.225025  0.317287  0.127324  0.232171  0.283715  0.262893  0.236247  0.287234  0.155393  0.232987  0.606408  0.138218 
20  0.270596  0.469577  0.496500  0.379297  0.185360  0.385132  0.359159  0.102693  0.375479  0.069793  0.477519  0.136994  0.279462  0.425690  0.183657  0.055111  0.108074  0.262138  0.414334  0.336028 0.0  0.448196  0.141966  0.474265  0.330071  0.147240  0.052864  0.381250  0.019942  0.309061  0.096652  0.045347  0.000000  0.045928  0.554523  0.050537  0.622014  0.237528  0.088720  0.620735  0.184599  0.341552  0.341304  0.345881  0.091489  0.385819  0.229560  0.382471  0.088045  0.175678  0.339676  0.083351  0.310440  0.392634  0.351500  0.467794  0.163598  0.473539  0.307824  0.362969  0.295258  0.009074  0.181143  0.115624  0.171598  0.441262  0.485577  0.453652  0.055576  0.287422  0.110549  0.295500  0.123375  0.457759  0.235260  0.401023  0.000000  0.210448  0.463611  0.530408  0.097942  0.371152  0.319720  0.069100  0.093549  0.048556  0.091050  0.078458  0.168962  0.182904  0.136353  0.330689  0.298299  0.428879  0.434411  0.108162  0.312259  0.634524  0.008519  0.320820  0.056120  0.000000  0.187168  0.000000  0.211634  0.366589  0.285923  0.487346  0.334283  0.582582  0.165892  0.031435  0.036904  0.149654  0.480333  0.136170  0.131902  0.292003  0.179312  0.373153  0.036803  0.182398  0.152036  0.129511  0.027528  0.081328  0.144428  0.288615  0.025459  0.681454  0.141555  0.246812  0.262169  0.071080  0.144754  0.250014  0.137816  0.214865  0.292719  0.187916  0.364806  0.186195  0.245847  0.254350  0.661290  0.090910 
21  0.417801  0.434628  0.423505  0.495650  0.343455  0.462520  0.524954  0.558506  0.530912  0.557372  0.446502  0.405517  0.488549  0.378741  0.483852  0.449241  0.458478  0.435337  0.470558  0.438971  0.448196 0.0  0.426797  0.456813  0.537043  0.439468  0.357411  0.358721  0.539734  0.397821  0.439539  0.431124  0.448454  0.495461  0.524073  0.520639  0.450045  0.353102  0.435919  0.526803  0.421962  0.449756  0.361357  0.523799  0.549678  0.413563  0.440202  0.412625  0.435667  0.433810  0.444274  0.444048  0.429390  0.435155  0.426328  0.389282  0.322606  0.416312  0.543734  0.545628  0.483072  0.520071  0.466702  0.501120  0.371320  0.465268  0.459409  0.349427  0.499390  0.509004  0.618745  0.440183  0.554432  0.496821  0.471575  0.499849  0.384052  0.473240  0.352930  0.442219  0.407781  0.541722  0.493997  0.528600  0.427245  0.486672  0.422769  0.454731  0.456096  0.435115  0.445858  0.562934  0.412680  0.550979  0.493976  0.388095  0.391887  0.378284  0.306479  0.383319  0.514596  0.536493  0.534642  0.492983  0.454900  0.498664  0.439996  0.420370  0.433661  0.527026  0.474060  0.430752  0.444005  0.408231  0.431804  0.485743  0.437729  0.514681  0.420906  0.510594  0.463079  0.470295  0.508141  0.489606  0.486624  0.407619  0.354851  0.494613  0.532729  0.450574  0.529287  0.451954  0.547090  0.390795  0.448560  0.416796  0.425485  0.484894  0.517792  0.490532  0.461025  0.441043  0.409186  0.372578  0.553061  0.497215 
22  0.420964  0.644659  0.571038  0.367802  0.121649  0.480883  0.361961  0.000000  0.286912  0.205759  0.546422  0.054509  0.284206  0.603102  0.396629  0.027535  0.188750  0.342925  0.389379  0.228169  0.141966  0.426797 0.0  0.460954  0.401633  0.171868  0.107217  0.376066  0.234934  0.487543  0.186399  0.077684  0.159702  0.109649  0.536154  0.066736  0.502769  0.220118  0.178856  0.633465  0.117701  0.454052  0.275871  0.511566  0.115709  0.409436  0.076213  0.312019  0.106122  0.167854  0.411589  0.150345  0.362044  0.459969  0.363850  0.408229  0.256779  0.349827  0.444801  0.559060  0.469557  0.117074  0.021706  0.143838  0.188504  0.373197  0.376268  0.439772  0.201079  0.286025  0.098560  0.333974  0.135261  0.380564  0.123899  0.348458  0.087988  0.205770  0.586947  0.510477  0.143942  0.356374  0.292946  0.140192  0.179447  0.123339  0.152083  0.120992  0.267034  0.064977  0.122533  0.268745  0.416022  0.550981  0.377511  0.127068  0.338936  0.609424  0.203191  0.367454  0.179107  0.101046  0.186676  0.184868  0.154996  0.421880  0.262821  0.589573  0.442165  0.490737  0.070090  0.205910  0.153491  0.118692  0.508589  0.105067  0.012551  0.349333  0.028861  0.511839  0.175910  0.107225  0.143606  0.017051  0.146237  0.153878  0.124847  0.184476  0.106500  0.555376  0.126442  0.349167  0.288256  0.114077  0.104456  0.251100  0.170056  0.068836  0.259111  0.069079  0.394813  0.116954  0.282149  0.130054  0.550375  0.195546 
23  0.719765  0.092820  0.263772  0.900674  0.491451  0.746439  0.584984  0.495661  0.890000  0.645007  0.510055  0.610097  0.648120  0.546874  0.972146  0.598682  0.688572  0.258216  0.834843  0.679750  0.474265  0.456813  0.460954 0.0  0.765869  0.637404  0.407740  0.683121  0.565703  0.352770  0.488551  0.604187  0.371562  0.544051  0.578753  0.530858  0.108969  0.457098  0.569602  0.213874  0.458976  0.984013  0.911570  0.868706  0.641996  0.805929  0.411292  0.775403  0.630617  0.366532  0.905921  0.566702  0.889077  0.683461  0.703798  0.699497  0.413095  0.756052  0.667920  0.456197  0.830368  0.430317  0.504635  0.542522  0.504171  0.893926  0.649117  0.527041  0.543769  0.549626  0.532047  0.676065  0.585253  0.818544  0.520178  0.858342  0.483281  0.581604  0.284745  0.075746  0.471215  0.764204  0.550478  0.377452  0.586781  0.547042  0.596434  0.568686  0.500153  0.502571  0.541206  0.369389  0.941440  0.114142  0.779031  0.631753  0.786386  0.459816  0.617964  0.810204  0.598576  0.429320  0.522690  0.518318  0.576898  0.749264  0.657076  0.572181  0.855011  0.186570  0.450421  0.631308  0.523656  0.639656  0.548347  0.585336  0.512219  0.836382  0.396703  0.662269  0.511790  0.641634  0.629647  0.586313  0.658210  0.462279  0.431014  0.727063  0.610638  0.564767  0.521629  0.607561  0.633634  0.648627  0.638632  0.634262  0.468640  0.424939  0.659620  0.416161  0.690355  0.491491  0.643086  0.525803  0.132031  0.668754 
24  0.439640  0.813012  0.785082  0.135542  0.425216  0.160202  0.239247  0.347960  0.146762  0.449714  0.426378  0.414454  0.259620  0.491560  0.221702  0.463433  0.257012  0.537569  0.222614  0.301510  0.330071  0.537043  0.401633  0.765869 0.0  0.273395  0.413582  0.315275  0.379913  0.609151  0.331317  0.425002  0.368982  0.290251  0.825184  0.418167  0.807077  0.403776  0.343552  0.702526  0.376214  0.000000  0.095593  0.108372  0.375987  0.058072  0.397619  0.188603  0.342960  0.402263  0.161820  0.397441  0.134063  0.396360  0.410576  0.225055  0.325249  0.066532  0.369892  0.756355  0.061193  0.354942  0.349420  0.320705  0.438038  0.101722  0.149873  0.827592  0.387360  0.338466  0.485270  0.339750  0.289234  0.183747  0.348210  0.179850  0.422706  0.363443  0.643487  0.902547  0.346448  0.394640  0.247967  0.485535  0.468379  0.426980  0.525776  0.412776  0.365335  0.247350  0.413983  0.609451  0.194483  0.821385  0.195219  0.410273  0.470732  0.831119  0.438340  0.258030  0.328694  0.403943  0.407521  0.333599  0.428409  0.266331  0.219838  0.677238  0.062558  0.690137  0.435598  0.335854  0.328070  0.391181  0.787239  0.454340  0.432443  0.217872  0.464820  0.786044  0.327862  0.216416  0.420075  0.415393  0.412716  0.413144  0.333496  0.336560  0.444720  0.668335  0.349096  0.261496  0.276353  0.544857  0.517278  0.237773  0.399197  0.414881  0.324684  0.328103  0.336548  0.425895  0.303401  0.390342  0.755063  0.264433 
25  0.322821  0.646112  0.750325  0.279323  0.163528  0.241841  0.301219  0.266925  0.185028  0.309704  0.457269  0.157609  0.261115  0.443825  0.154857  0.287513  0.225679  0.483143  0.104501  0.326875  0.147240  0.439468  0.171868  0.637404  0.273395 0.0  0.227360  0.292584  0.211376  0.484749  0.193749  0.288416  0.276632  0.241082  0.654527  0.261697  0.653339  0.265100  0.348244  0.593386  0.231312  0.262459  0.306305  0.383796  0.231749  0.189587  0.211360  0.349771  0.257516  0.323295  0.227656  0.261460  0.255684  0.230291  0.248135  0.349262  0.268997  0.275558  0.258176  0.640654  0.349094  0.195591  0.277393  0.206074  0.249062  0.272238  0.293950  0.642997  0.246666  0.246698  0.254549  0.251915  0.303405  0.292790  0.173313  0.179095  0.295951  0.260431  0.662761  0.741124  0.246182  0.227804  0.293469  0.259020  0.346528  0.288591  0.110120  0.214499  0.213519  0.297495  0.157804  0.464895  0.353481  0.701767  0.307823  0.218911  0.196493  0.615308  0.231904  0.274283  0.260408  0.255624  0.252798  0.395415  0.242810  0.300244  0.264083  0.626361  0.255778  0.535466  0.166945  0.226489  0.283007  0.239210  0.691249  0.247303  0.273555  0.274413  0.322230  0.649318  0.174895  0.232277  0.337992  0.293638  0.330800  0.370478  0.215885  0.219678  0.131767  0.753859  0.168584  0.382210  0.259739  0.227286  0.388803  0.340071  0.239751  0.318548  0.285780  0.247901  0.276456  0.293621  0.251880  0.149411  0.699327  0.261598 
26  0.286496  0.402527  0.541185  0.299299  0.087236  0.265257  0.294574  0.278206  0.267230  0.118151  0.371930  0.138639  0.345953  0.465681  0.293013  0.051643  0.000000  0.389552  0.362857  0.304028  0.052864  0.357411  0.107217  0.407740  0.413582  0.227360 0.0  0.392780  0.004058  0.266607  0.138675  0.131780  0.178163  0.118072  0.476449  0.159257  0.517601  0.067417  0.125798  0.640967  0.035972  0.348360  0.309152  0.256744  0.131004  0.363500  0.105488  0.340389  0.176496  0.149736  0.289037  0.174347  0.197759  0.449029  0.297409  0.476424  0.068865  0.341394  0.298129  0.617032  0.279467  0.233151  0.074164  0.070264  0.057655  0.276204  0.377847  0.493711  0.118126  0.288064  0.097567  0.291029  0.000000  0.441025  0.070052  0.335659  0.196491  0.027456  0.471536  0.410110  0.139811  0.379736  0.226035  0.024086  0.127611  0.046872  0.054732  0.000000  0.076378  0.146783  0.118533  0.279352  0.195725  0.478656  0.364284  0.000000  0.323290  0.480071  0.037137  0.325391  0.138729  0.115203  0.140088  0.132150  0.030580  0.393554  0.181854  0.558031  0.282199  0.518523  0.000000  0.090739  0.141664  0.034593  0.698344  0.120371  0.049406  0.355546  0.042996  0.409135  0.068392  0.056144  0.112954  0.043225  0.115617  0.240044  0.142543  0.271988  0.143518  0.485129  0.039581  0.383768  0.233668  0.047956  0.124585  0.250608  0.103860  0.107385  0.287496  0.007841  0.479373  0.136308  0.150426  0.171156  0.476857  0.000000 
