146
0 0.0  0.749122  0.665861  0.460154  0.325824  0.365194  0.286207  0.279026  0.375255  0.423144  0.477413  0.451625  0.159653  0.404697  0.372990  0.243726  0.322532  0.559576  0.311738  0.303950  0.343252  0.425122  0.397285  0.865106  0.393155  0.194726  0.358612  0.256816  0.220806  0.641235  0.382934  0.407331  0.378986  0.428174  0.739450  0.466176  0.746787  0.294028  0.419216  0.777594  0.455590  0.174986  0.380569  0.407928  0.374135  0.413855  0.323933  0.339280  0.401708  0.383550  0.330929  0.401958  0.303511  0.165812  0.191011  0.463838  0.285998  0.438259  0.175450  0.686309  0.340828  0.347288  0.386426  0.388267  0.307894  0.305088  0.389378  0.683801  0.222341  0.297668  0.168189  0.350488  0.315801  0.446882  0.343899  0.316137  0.319697  0.373167  0.809622  0.787910  0.250223  0.117759  0.313739  0.327557  0.415535  0.311687  0.390341  0.370130  0.416195  0.349324  0.348108  0.576064  0.249385  0.788765  0.444785  0.323013  0.252095  0.813396  0.324493  0.162685  0.247390  0.268293  0.367925  0.400675  0.276328  0.092185  0.279768  0.841887  0.323516  0.878260  0.312952  0.301820  0.282882  0.344105  0.851060  0.413576  0.350278  0.215318  0.360749  0.736715  0.306540  0.404557  0.231866  0.479667  0.347916  0.277706  0.310048  0.326509  0.337684  0.783039  0.376393  0.214067  0.345445  0.349306  0.383394  0.209175  0.429777  0.197273  0.164686  0.301765  0.030513  0.480713  0.247114  0.370491  0.702775  0.409572 
1  0.749122 0.0  0.050438  0.651534  0.471335  0.778412  0.643464  0.495802  0.811842  0.618157  0.498884  0.544157  0.651045  0.415524  0.631063  0.363953  0.450837  0.403716  0.725090  0.650748  0.566248  0.360991  0.498268  0.000000  0.795624  0.695904  0.502995  0.821237  0.534847  0.300747  0.458504  0.490481  0.483241  0.617319  0.469403  0.533631  0.081956  0.408774  0.465456  0.267299  0.525983  0.763618  0.839404  0.780638  0.603753  0.768759  0.508422  0.780348  0.504090  0.559842  0.800015  0.374970  0.767745  0.819639  0.765909  0.827052  0.454515  0.722822  0.730072  0.586614  0.781163  0.519655  0.561493  0.480989  0.453199  0.737970  0.749400  0.415695  0.473689  0.657698  0.546885  0.654452  0.440628  0.821343  0.573136  0.693476  0.494704  0.571545  0.021534  0.152361  0.457185  0.744126  0.747226  0.606103  0.499133  0.518237  0.456912  0.450824  0.441630  0.615808  0.534724  0.342391  0.771541  0.025925  0.880783  0.563134  0.776491  0.583994  0.418591  0.743959  0.519254  0.392665  0.468808  0.503789  0.462066  0.776179  0.577824  0.591050  0.750744  0.172352  0.485052  0.369593  0.431778  0.595576  0.490624  0.482017  0.501067  0.747770  0.617799  0.455561  0.424689  0.490741  0.453941  0.443822  0.436109  0.411776  0.551041  0.708292  0.521936  0.471112  0.449957  0.671750  0.679348  0.474441  0.593895  0.583101  0.528479  0.456237  0.655816  0.444076  0.786721  0.458365  0.684257  0.514982  0.042931  0.477299 
2  0.665861  0.050438 0.0  0.880452  0.564440  0.882197  0.629619  0.430578  0.911767  0.594727  0.441477  0.533558  0.729695  0.441315  0.838998  0.573285  0.658768  0.310097  0.885661  0.694035  0.460454  0.521748  0.532483  0.143077  0.771000  0.659659  0.431674  0.681025  0.454687  0.441979  0.608929  0.538291  0.533911  0.607211  0.677019  0.519401  0.039009  0.516453  0.513826  0.277215  0.415614  0.889644  0.881175  0.886198  0.572435  0.878425  0.518556  0.932043  0.567653  0.446195  0.824635  0.539245  0.743940  0.782067  0.776265  0.826777  0.568165  0.659127  0.775610  0.512300  0.922345  0.345020  0.433246  0.669633  0.504773  0.823052  0.678730  0.577739  0.687266  0.652422  0.585300  0.637818  0.658353  0.889600  0.398730  0.867576  0.561940  0.413158  0.147181  0.020726  0.496753  0.841014  0.691096  0.459710  0.600178  0.613458  0.414980  0.694237  0.510416  0.579593  0.431640  0.307695  0.840822  0.160031  0.834084  0.621704  0.758849  0.534341  0.609417  0.801788  0.619730  0.459502  0.530892  0.444140  0.593094  0.766593  0.630645  0.435354  0.797714  0.213868  0.512199  0.644521  0.586331  0.552395  0.520331  0.558093  0.645828  0.855638  0.557868  0.690391  0.696886  0.589253  0.641158  0.569149  0.540522  0.491235  0.400895  0.647658  0.609170  0.446417  0.484254  0.673058  0.702194  0.507648  0.591719  0.697734  0.501405  0.469663  0.645694  0.396170  0.819356  0.618825  0.724552  0.465145  0.093168  0.628549 
3  0.460154  0.651534  0.880452 0.0  0.517841  0.228727  0.256166  0.299071  0.242977  0.403011  0.460388  0.295855  0.293642  0.567555  0.200605  0.352681  0.535521  0.535793  0.197906  0.282599  0.404155  0.510639  0.434480  0.852449  0.224271  0.320381  0.345425  0.315085  0.374814  0.648866  0.453643  0.422219  0.409430  0.566648  0.886431  0.439331  0.707638  0.298323  0.478358  0.678302  0.263206  0.195278  0.287451  0.232357  0.422146  0.186738  0.345343  0.208609  0.499597  0.451654  0.183549  0.436147  0.295245  0.357237  0.297579  0.187680  0.383291  0.135179  0.317763  0.770142  0.127119  0.361617  0.316151  0.543404  0.396999  0.213949  0.030606  0.894973  0.539946  0.257047  0.508888  0.320792  0.458357  0.144300  0.328951  0.224303  0.308129  0.412152  0.817394  0.809123  0.241787  0.402838  0.214967  0.363976  0.338972  0.433721  0.282868  0.573035  0.320015  0.393156  0.355736  0.553680  0.237218  0.816299  0.100031  0.424135  0.354496  0.905391  0.405223  0.346483  0.353223  0.353098  0.406598  0.388367  0.445313  0.327771  0.353252  0.890103  0.134498  0.708464  0.335967  0.465441  0.437051  0.398476  0.905343  0.307835  0.197259  0.232513  0.363882  0.889131  0.544900  0.478324  0.515251  0.438772  0.443587  0.360355  0.380827  0.240135  0.452178  0.767095  0.388472  0.158746  0.236889  0.504112  0.423630  0.281024  0.383897  0.310539  0.335228  0.355181  0.366630  0.427699  0.231712  0.383124  0.805141  0.466695 
4  0.325824  0.471335  0.564440  0.517841 0.0  0.463248  0.195599  0.139046  0.537364  0.189151  0.437825  0.233520  0.262894  0.482482  0.442968  0.142944  0.085788  0.391768  0.423357  0.277373  0.106863  0.427756  0.040285  0.506332  0.418079  0.216609  0.146528  0.352041  0.000000  0.454168  0.098309  0.196793  0.009184  0.245304  0.635000  0.195431  0.491350  0.107393  0.090339  0.618511  0.125618  0.472682  0.498977  0.414248  0.162386  0.485871  0.002616  0.413545  0.180584  0.095923  0.373045  0.139962  0.408608  0.270917  0.448908  0.434368  0.073116  0.356275  0.334485  0.469321  0.507691  0.092521  0.082712  0.139010  0.023723  0.448050  0.363964  0.597205  0.115785  0.307925  0.177349  0.237526  0.177464  0.387748  0.044113  0.467260  0.157296  0.201395  0.640660  0.553777  0.047753  0.456607  0.380343  0.007071  0.000000  0.157719  0.001376  0.181767  0.059679  0.132631  0.106099  0.433515  0.494309  0.610298  0.408519  0.086399  0.313244  0.625008  0.209517  0.385989  0.217829  0.009831  0.121288  0.066606  0.205484  0.322143  0.219036  0.531801  0.487288  0.510857  0.000000  0.223518  0.253395  0.270476  0.509190  0.165158  0.067840  0.391725  0.043532  0.691613  0.405039  0.132982  0.175794  0.162638  0.295832  0.104840  0.069972  0.338277  0.172254  0.476160  0.074100  0.410909  0.304033  0.178683  0.124432  0.218690  0.207493  0.094153  0.183552  0.005582  0.241359  0.164658  0.253032  0.050805  0.465411  0.267974 
5  0.365194  0.778412  0.882197  0.228727  0.463248 0.0  0.130200  0.363133  0.155752  0.489214  0.503793  0.375166  0.219556  0.451859  0.298878  0.447618  0.369095  0.628429  0.129836  0.308841  0.289406  0.476622  0.326628  0.948806  0.023304  0.237188  0.303233  0.429442  0.274253  0.647939  0.349702  0.397168  0.355794  0.421564  0.834692  0.267734  0.777085  0.417383  0.453425  0.776205  0.325316  0.245824  0.227119  0.217959  0.569333  0.156363  0.254803  0.285344  0.493914  0.303692  0.174872  0.523868  0.275545  0.298362  0.315089  0.208560  0.412624  0.196693  0.329772  0.811644  0.102030  0.342428  0.375647  0.547686  0.329277  0.203270  0.132224  0.924968  0.447319  0.198617  0.470983  0.320188  0.404663  0.031610  0.378907  0.228794  0.411343  0.353344  0.811995  0.865431  0.296897  0.536792  0.220160  0.252577  0.289673  0.459726  0.290743  0.509748  0.453851  0.348878  0.294979  0.574124  0.175633  0.934035  0.069163  0.486375  0.308480  0.730038  0.405353  0.259405  0.501615  0.228312  0.328927  0.387326  0.385436  0.406846  0.131357  0.750082  0.280839  0.782218  0.336487  0.428204  0.481527  0.455475  0.783402  0.399562  0.437719  0.221769  0.338736  0.974417  0.466193  0.413971  0.516556  0.463086  0.443183  0.409662  0.373797  0.287013  0.373851  0.731456  0.399674  0.330967  0.216920  0.508432  0.542020  0.270258  0.215318  0.335241  0.303996  0.391477  0.235653  0.359569  0.325832  0.344068  0.736136  0.406580 
6  0.286207  0.643464  0.629619  0.256166  0.195599  0.130200 0.0  0.240381  0.278239  0.223406  0.439946  0.284932  0.251328  0.484242  0.321756  0.300655  0.263909  0.419833  0.278594  0.232312  0.197269  0.483907  0.313094  0.769075  0.167996  0.274076  0.299200  0.295034  0.248554  0.416042  0.198830  0.334223  0.294934  0.254111  0.689496  0.152066  0.545772  0.292268  0.288373  0.683488  0.231687  0.313240  0.335037  0.269721  0.281412  0.310568  0.317110  0.281940  0.338272  0.274253  0.130299  0.278016  0.239796  0.164594  0.236008  0.198042  0.215592  0.329157  0.331356  0.645502  0.235980  0.322414  0.308210  0.205607  0.246212  0.167844  0.330228  0.715804  0.237678  0.258868  0.228082  0.230637  0.301204  0.159875  0.192143  0.259308  0.258537  0.180394  0.626271  0.702714  0.126472  0.400240  0.301232  0.336538  0.330052  0.276679  0.171803  0.263613  0.221271  0.321413  0.213251  0.504870  0.196002  0.595682  0.239958  0.279016  0.337386  0.615059  0.293807  0.223516  0.233462  0.218550  0.234167  0.235213  0.275131  0.239917  0.258263  0.792038  0.243510  0.714041  0.244885  0.335018  0.191574  0.361366  0.647903  0.206348  0.324409  0.319792  0.258354  0.672688  0.207946  0.219762  0.313497  0.231508  0.289224  0.272182  0.263014  0.239134  0.297724  0.596297  0.318444  0.348291  0.295336  0.283311  0.343812  0.305865  0.267824  0.295637  0.283192  0.135407  0.293908  0.312309  0.381816  0.347081  0.637546  0.258327 
7  0.279026  0.495802  0.430578  0.299071  0.139046  0.363133  0.240381 0.0  0.319710  0.178697  0.332257  0.045817  0.365692  0.429124  0.257914  0.124901  0.000000  0.172814  0.372082  0.268436  0.096470  0.619706  0.083056  0.475006  0.465316  0.331111  0.221228  0.324680  0.065825  0.382554  0.129172  0.033032  0.197521  0.000000  0.471334  0.117633  0.408251  0.103880  0.110737  0.689375  0.000000  0.298229  0.266934  0.220193  0.053026  0.369754  0.104190  0.229300  0.083003  0.038461  0.271918  0.051723  0.272094  0.493124  0.297810  0.348220  0.113633  0.396678  0.361571  0.473486  0.372315  0.135168  0.098698  0.011897  0.102884  0.358679  0.288767  0.470763  0.068205  0.165600  0.016156  0.113800  0.090985  0.376253  0.100409  0.456659  0.143167  0.074099  0.463982  0.550431  0.107155  0.429360  0.330279  0.174756  0.167486  0.000000  0.000000  0.062970  0.106524  0.058538  0.052564  0.323647  0.357313  0.451542  0.431773  0.172831  0.364987  0.613713  0.025620  0.362744  0.097983  0.042176  0.000000  0.245504  0.044306  0.367947  0.343481  0.652325  0.397004  0.535348  0.075379  0.064040  0.000000  0.041603  0.532030  0.176916  0.007983  0.459213  0.000000  0.514091  0.000000  0.144955  0.106540  0.033859  0.026537  0.254601  0.071440  0.384858  0.139677  0.517034  0.125952  0.335400  0.295568  0.042766  0.100763  0.267844  0.191214  0.084843  0.364170  0.132523  0.527079  0.160503  0.186087  0.035183  0.625379  0.000000 
8  0.375255  0.811842  0.911767  0.242977  0.537364  0.155752  0.278239  0.319710 0.0  0.403756  0.442984  0.337945  0.215274  0.518590  0.237284  0.472881  0.388405  0.620509  0.091798  0.300650  0.273023  0.427459  0.501591  0.873780  0.135275  0.307157  0.319150  0.334875  0.450320  0.605021  0.478924  0.418653  0.312131  0.613762  0.948519  0.345918  0.784305  0.377171  0.461029  0.565013  0.344439  0.186016  0.168643  0.210053  0.428737  0.270110  0.312414  0.249826  0.390061  0.443328  0.207831  0.551802  0.079266  0.220417  0.361342  0.119803  0.304089  0.086804  0.324774  0.699442  0.097950  0.306112  0.322857  0.499417  0.393618  0.175484  0.063806  0.898941  0.372504  0.216585  0.454484  0.281191  0.470498  0.156718  0.379548  0.247846  0.315188  0.366711  0.748934  0.799944  0.319904  0.428153  0.280989  0.293165  0.419044  0.468163  0.324929  0.473064  0.390362  0.315902  0.359025  0.649157  0.261259  0.915233  0.163001  0.448843  0.384361  0.815909  0.539217  0.457391  0.444811  0.220525  0.323022  0.322454  0.598737  0.326759  0.219875  0.817493  0.246123  0.830336  0.457021  0.600683  0.507840  0.487870  0.686284  0.356906  0.387163  0.219623  0.318688  0.898813  0.530524  0.467900  0.439639  0.373928  0.386733  0.279708  0.320348  0.280882  0.424968  0.841437  0.379592  0.258133  0.269753  0.533304  0.440294  0.260501  0.414696  0.300429  0.228100  0.264945  0.320557  0.487334  0.291516  0.323904  0.729749  0.536995 
9  0.423144  0.618157  0.594727  0.403011  0.189151  0.489214  0.223406  0.178697  0.403756 0.0  0.418680  0.145395  0.261276  0.343263  0.437949  0.094108  0.160399  0.420543  0.529540  0.284076  0.000000  0.573093  0.101036  0.677340  0.372654  0.243690  0.037565  0.278560  0.017492  0.396426  0.139589  0.228372  0.061107  0.210776  0.735056  0.238979  0.439566  0.000000  0.104719  0.689759  0.107491  0.521096  0.404609  0.494874  0.227450  0.499074  0.086877  0.484230  0.177278  0.053592  0.480280  0.188529  0.560731  0.260785  0.372619  0.494508  0.050680  0.372757  0.365959  0.400395  0.596203  0.085151  0.038584  0.257058  0.000000  0.470687  0.202679  0.597900  0.190653  0.322786  0.116050  0.334899  0.185650  0.325783  0.081538  0.500476  0.116416  0.124253  0.510880  0.640051  0.000000  0.374180  0.250063  0.171621  0.173886  0.183713  0.120750  0.324970  0.115038  0.185378  0.068320  0.380271  0.485910  0.575388  0.359600  0.138888  0.322087  0.477220  0.236399  0.356515  0.180738  0.103606  0.059637  0.000000  0.212571  0.341057  0.246741  0.517498  0.417536  0.614824  0.012093  0.132751  0.188032  0.150360  0.513912  0.090684  0.055060  0.571270  0.089104  0.498052  0.174506  0.194840  0.230752  0.186915  0.201534  0.028116  0.100979  0.336651  0.168940  0.566434  0.089534  0.260464  0.241688  0.292642  0.229778  0.227853  0.099878  0.015961  0.321613  0.084830  0.241948  0.109151  0.197799  0.146052  0.452828  0.265006 
10  0.477413  0.498884  0.441477  0.460388  0.437825  0.503793  0.439946  0.332257  0.442984  0.418680 0.0  0.440193  0.528864  0.481407  0.464863  0.405512  0.356021  0.519738  0.472612  0.469343  0.562803  0.449692  0.414908  0.407242  0.391241  0.476383  0.344933  0.369021  0.514354  0.498142  0.491697  0.604497  0.518897  0.447699  0.478024  0.446392  0.423559  0.510840  0.539113  0.415828  0.545344  0.497420  0.381065  0.446116  0.528915  0.476746  0.441403  0.485818  0.447987  0.435557  0.576866  0.445392  0.399167  0.435407  0.472935  0.455447  0.320502  0.422844  0.485328  0.361923  0.546838  0.543322  0.368338  0.422708  0.498584  0.518273  0.555746  0.547654  0.428984  0.549056  0.554933  0.581079  0.608623  0.453152  0.517484  0.589108  0.512485  0.532221  0.506033  0.540275  0.484111  0.560178  0.456828  0.454105  0.402887  0.436498  0.494376  0.499262  0.449618  0.546265  0.516166  0.482235  0.480410  0.468892  0.451797  0.426293  0.458273  0.534632  0.464323  0.440714  0.577437  0.492525  0.436223  0.445583  0.467471  0.518413  0.426441  0.429064  0.433858  0.393273  0.450635  0.527711  0.546809  0.654787  0.425248  0.453519  0.603752  0.468526  0.407130  0.480847  0.479827  0.339777  0.464109  0.504971  0.462729  0.445416  0.432476  0.442864  0.544899  0.563983  0.383759  0.483608  0.545710  0.430863  0.436924  0.556883  0.398821  0.451738  0.445398  0.443812  0.426172  0.454796  0.536410  0.407646  0.430877  0.501922 
11  0.451625  0.544157  0.533558  0.295855  0.233520  0.375166  0.284932  0.045817  0.337945  0.145395  0.440193 0.0  0.409313  0.553366  0.415881  0.100778  0.215189  0.336340  0.378153  0.211240  0.248167  0.343223  0.072259  0.545890  0.381490  0.196805  0.039674  0.378389  0.037144  0.387169  0.161830  0.141068  0.163055  0.286451  0.557384  0.096118  0.433276  0.118615  0.010442  0.600902  0.116710  0.396820  0.377204  0.301031  0.164146  0.508195  0.085557  0.460584  0.107399  0.184980  0.443219  0.126787  0.267120  0.341009  0.350625  0.368415  0.080850  0.284218  0.489775  0.452347  0.398740  0.078983  0.110066  0.161739  0.142339  0.391102  0.418935  0.533187  0.096185  0.235143  0.125046  0.268773  0.203230  0.388898  0.041110  0.377301  0.167043  0.071368  0.399681  0.525483  0.123914  0.444698  0.299585  0.115333  0.106178  0.090828  0.075178  0.174918  0.189785  0.034104  0.059095  0.302332  0.380040  0.603389  0.380416  0.197462  0.430728  0.505480  0.134126  0.435973  0.135723  0.163695  0.194344  0.130669  0.134239  0.321987  0.207005  0.508315  0.496161  0.592769  0.060913  0.095905  0.095180  0.157575  0.561789  0.176997  0.105074  0.447436  0.188228  0.590978  0.133453  0.161461  0.183641  0.158462  0.185744  0.172003  0.006137  0.143608  0.168329  0.527430  0.243675  0.251518  0.218083  0.259023  0.241789  0.239410  0.213238  0.199812  0.319034  0.194434  0.259147  0.149413  0.277724  0.090330  0.566994  0.114791 
12  0.159653  0.651045  0.729695  0.293642  0.262894  0.219556  0.251328  0.365692  0.215274  0.261276  0.528864  0.409313 0.0  0.435838  0.323207  0.157855  0.262005  0.492652  0.289900  0.113679  0.275756  0.489298  0.142905  0.627408  0.245242  0.126946  0.278197  0.222554  0.298081  0.463469  0.222902  0.174214  0.337644  0.282764  0.586815  0.298213  0.662930  0.270535  0.304797  0.670051  0.277555  0.231909  0.373167  0.245183  0.310494  0.273649  0.268196  0.289080  0.397709  0.136553  0.354828  0.297458  0.193524  0.352178  0.264241  0.294162  0.278278  0.096590  0.184246  0.760365  0.311730  0.182626  0.294608  0.117928  0.243880  0.232364  0.312601  0.563115  0.257774  0.309929  0.292395  0.319411  0.281088  0.304956  0.286171  0.263077  0.352855  0.302408  0.664187  0.762281  0.345130  0.286718  0.321352  0.280441  0.297621  0.275483  0.353876  0.298178  0.285924  0.228891  0.261697  0.476591  0.207817  0.785481  0.346701  0.269251  0.194571  0.699593  0.306821  0.398754  0.294166  0.323201  0.258055  0.326324  0.277169  0.286123  0.301047  0.638598  0.331935  0.708219  0.228221  0.290927  0.339885  0.332637  0.584504  0.160338  0.273053  0.273169  0.367551  0.711966  0.295388  0.172275  0.237893  0.343939  0.268009  0.290415  0.172704  0.285350  0.231049  0.592493  0.269821  0.297834  0.194080  0.295114  0.246400  0.295122  0.284482  0.234320  0.317144  0.320063  0.339391  0.215929  0.264261  0.230323  0.669528  0.266554 
13  0.404697  0.415524  0.441315  0.567555  0.482482  0.451859  0.484242  0.429124  0.518590  0.343263  0.481407  0.553366  0.435838 0.0  0.511620  0.504152  0.487971  0.468129  0.426176  0.406201  0.516998  0.508860  0.403429  0.429912  0.430620  0.428789  0.404522  0.511463  0.467903  0.548109  0.512116  0.503771  0.497026  0.485071  0.481258  0.508675  0.459981  0.529284  0.446280  0.552409  0.517484  0.456176  0.433621  0.343368  0.391112  0.477713  0.403694  0.461079  0.500581  0.424856  0.464474  0.481256  0.414375  0.474797  0.539519  0.539848  0.298618  0.411491  0.516126  0.417087  0.392535  0.471525  0.489789  0.437943  0.442260  0.540676  0.458340  0.512130  0.470149  0.506609  0.473703  0.514378  0.438495  0.416855  0.372002  0.284810  0.474659  0.562826  0.337347  0.408199  0.347202  0.422245  0.323895  0.512478  0.523692  0.434896  0.559171  0.471799  0.532372  0.418029  0.538701  0.441014  0.505322  0.405750  0.524215  0.424802  0.396991  0.465895  0.446349  0.476651  0.443960  0.495189  0.500000  0.449552  0.416774  0.558153  0.474496  0.470621  0.461216  0.455828  0.527286  0.495010  0.539229  0.464327  0.429117  0.440112  0.443655  0.545311  0.482366  0.426052  0.523042  0.420522  0.509170  0.416600  0.437953  0.387388  0.499262  0.465406  0.386911  0.357730  0.371702  0.507981  0.447218  0.427773  0.483020  0.434519  0.384681  0.517028  0.581359  0.393625  0.542762  0.492993  0.426187  0.490737  0.421811  0.463238 
14  0.372990  0.631063  0.838998  0.200605  0.442968  0.298878  0.321756  0.257914  0.237284  0.437949  0.464863  0.415881  0.323207  0.511620 0.0  0.420306  0.445796  0.589577  0.220486  0.285409  0.436342  0.423375  0.488143  0.949600  0.064087  0.218742  0.447361  0.319678  0.372506  0.615402  0.449110  0.423766  0.394253  0.522299  0.894476  0.425042  0.745071  0.289539  0.414488  0.634117  0.322387  0.179527  0.188725  0.212638  0.385848  0.137822  0.299364  0.236807  0.422438  0.355234  0.145951  0.423874  0.278986  0.371094  0.348800  0.095163  0.400179  0.185439  0.338024  0.614597  0.274447  0.395552  0.309842  0.490047  0.259690  0.221094  0.039908  0.784889  0.475536  0.284878  0.526195  0.280391  0.449391  0.159030  0.322352  0.132148  0.407946  0.454993  0.820922  0.713734  0.360922  0.422209  0.267746  0.218080  0.361764  0.425073  0.314848  0.424571  0.291775  0.429081  0.370259  0.615515  0.250585  0.829789  0.077022  0.471748  0.278362  0.780376  0.560638  0.320726  0.587153  0.289523  0.223148  0.302363  0.385461  0.334087  0.270655  0.813761  0.078564  0.772539  0.244889  0.381799  0.459969  0.470820  0.845975  0.425644  0.310595  0.261726  0.350446  0.857070  0.393493  0.560608  0.412291  0.477630  0.510122  0.262042  0.292020  0.175607  0.507018  0.728667  0.384333  0.339643  0.328825  0.354603  0.304804  0.288549  0.325217  0.334248  0.274845  0.313366  0.360008  0.450484  0.264257  0.312837  0.662175  0.447599 
15  0.243726  0.363953  0.573285  0.352681  0.142944  0.447618  0.300655  0.124901  0.472881  0.094108  0.405512  0.100778  0.157855  0.504152  0.420306 0.0  0.137652  0.294016  0.411260  0.279669  0.068882  0.533360  0.171928  0.606326  0.371675  0.166931  0.118922  0.342622  0.109373  0.423977  0.202215  0.239582  0.122061  0.240029  0.593548  0.154628  0.391321  0.110968  0.167353  0.709872  0.160585  0.564867  0.474114  0.441900  0.266721  0.406617  0.000000  0.392841  0.292022  0.000000  0.456101  0.231171  0.478891  0.341200  0.370340  0.342904  0.094730  0.422363  0.199104  0.419707  0.470487  0.157772  0.078728  0.189134  0.000000  0.496820  0.265324  0.731837  0.304554  0.233573  0.199557  0.252910  0.156509  0.343847  0.075382  0.457541  0.165409  0.248125  0.577308  0.573512  0.102205  0.448401  0.367798  0.113264  0.298160  0.199504  0.167988  0.254579  0.083112  0.071083  0.000000  0.257178  0.459089  0.686940  0.406978  0.138463  0.319287  0.538736  0.212308  0.376634  0.224375  0.061439  0.068077  0.029168  0.181935  0.367150  0.270090  0.519008  0.373650  0.468152  0.031402  0.237923  0.153779  0.223020  0.508521  0.151099  0.124341  0.433610  0.010800  0.532235  0.233763  0.230332  0.174273  0.152458  0.194770  0.057556  0.046708  0.220531  0.174813  0.412608  0.163362  0.310825  0.201209  0.121669  0.176778  0.332866  0.282660  0.129387  0.370108  0.000000  0.275902  0.201927  0.307626  0.140022  0.498607  0.152432 
16  0.322532  0.450837  0.658768  0.535521  0.085788  0.369095  0.263909  0.000000  0.388405  0.160399  0.356021  0.215189  0.262005  0.487971  0.445796  0.137652 0.0  0.324266  0.467475  0.276236  0.149813  0.521669  0.167325  0.600895  0.336902  0.169713  0.064886  0.349042  0.089442  0.476946  0.080080  0.196838  0.115732  0.228210  0.587310  0.120870  0.521494  0.022205  0.123499  0.717900  0.119808  0.489559  0.462986  0.440640  0.188033  0.469459  0.045204  0.410213  0.272993  0.000000  0.378459  0.254190  0.410054  0.315023  0.460938  0.365115  0.179806  0.317914  0.324555  0.486338  0.566946  0.009686  0.089345  0.234137  0.013196  0.579587  0.337439  0.609851  0.166995  0.298115  0.193168  0.285612  0.275536  0.404369  0.023312  0.504749  0.184748  0.200173  0.675709  0.546275  0.093192  0.356965  0.306210  0.011569  0.203437  0.277754  0.000000  0.130848  0.032892  0.170002  0.118862  0.234446  0.585571  0.635960  0.332645  0.079440  0.251916  0.469237  0.330786  0.459890  0.299338  0.055254  0.118687  0.147927  0.148069  0.247006  0.247758  0.448690  0.511307  0.517679  0.126014  0.256611  0.188451  0.159354  0.521407  0.106046  0.041527  0.433503  0.117015  0.586797  0.133241  0.093315  0.183206  0.231378  0.216960  0.052026  0.029210  0.220391  0.201342  0.415986  0.073347  0.251903  0.234630  0.083775  0.178676  0.251020  0.080975  0.054693  0.296674  0.170506  0.226147  0.131482  0.335554  0.128292  0.558141  0.187883 
17  0.559576  0.403716  0.310097  0.535793  0.391768  0.628429  0.419833  0.172814  0.620509  0.420543  0.519738  0.336340  0.492652  0.468129  0.589577  0.294016  0.324266 0.0  0.583734  0.534361  0.318764  0.482134  0.387982  0.365984  0.501156  0.483795  0.335287  0.631910  0.280335  0.316392  0.401744  0.350646  0.366246  0.320352  0.291692  0.419642  0.304460  0.344147  0.219146  0.434387  0.273027  0.466151  0.578451  0.566064  0.449346  0.695848  0.393214  0.590340  0.325296  0.354697  0.599810  0.396959  0.590146  0.460276  0.604512  0.476908  0.319930  0.653441  0.695447  0.351879  0.562165  0.374697  0.288337  0.379300  0.332150  0.672518  0.569341  0.445390  0.299312  0.476109  0.447049  0.474939  0.285890  0.680111  0.289950  0.543112  0.252033  0.369393  0.375931  0.199352  0.351635  0.668540  0.505463  0.353125  0.262963  0.286494  0.336657  0.312588  0.294279  0.278487  0.422880  0.418616  0.550848  0.315291  0.610704  0.374486  0.551794  0.431951  0.440431  0.591178  0.290484  0.383474  0.405299  0.390026  0.280499  0.502067  0.438405  0.385541  0.541633  0.326616  0.388737  0.445589  0.328183  0.394803  0.244088  0.380237  0.399628  0.644394  0.377024  0.337860  0.395366  0.356604  0.347605  0.374015  0.361257  0.483255  0.305372  0.454647  0.367865  0.306758  0.416215  0.540196  0.532880  0.287355  0.329399  0.424008  0.462307  0.294159  0.485054  0.270023  0.678553  0.385025  0.543796  0.319629  0.328801  0.318599 
18  0.311738  0.725090  0.885661  0.197906  0.423357  0.129836  0.278594  0.372082  0.091798  0.529540  0.472612  0.378153  0.289900  0.426176  0.220486  0.411260  0.467475  0.583734 0.0  0.276782  0.326337  0.579734  0.388681  0.915855  0.000000  0.356901  0.366713  0.300310  0.353789  0.594421  0.396852  0.512314  0.405685  0.511233  0.819480  0.369667  0.731418  0.347856  0.408286  0.738513  0.297568  0.165237  0.259971  0.205342  0.443564  0.043106  0.363758  0.287612  0.453447  0.261547  0.182428  0.466962  0.112136  0.395225  0.370361  0.143946  0.382344  0.160724  0.424317  0.627493  0.238469  0.360083  0.444977  0.448554  0.379361  0.289496  0.130650  0.878357  0.474864  0.279760  0.357204  0.257071  0.469032  0.147145  0.332257  0.265464  0.272814  0.437226  0.928142  0.777044  0.316522  0.484718  0.293195  0.236410  0.441366  0.429434  0.389630  0.421689  0.465472  0.420715  0.429622  0.661867  0.149343  0.858344  0.106175  0.441093  0.300594  0.787566  0.421606  0.304679  0.524750  0.163875  0.316478  0.325472  0.542911  0.430584  0.281506  0.814613  0.347511  0.867654  0.335042  0.528658  0.422290  0.521680  0.837216  0.439097  0.293347  0.218185  0.351828  0.863591  0.458348  0.584096  0.494182  0.468601  0.377997  0.336529  0.374067  0.241336  0.480035  0.740263  0.369401  0.251440  0.203171  0.519913  0.438149  0.207984  0.380351  0.329353  0.316032  0.316928  0.332363  0.446835  0.282194  0.327067  0.738480  0.467748 
19  0.303950  0.650748  0.694035  0.282599  0.277373  0.308841  0.232312  0.268436  0.300650  0.284076  0.469343  0.211240  0.113679  0.406201  0.285409  0.279669  0.276236  0.534361  0.276782 0.0  0.262994  0.442188  0.218972  0.673290  0.269122  0.220668  0.395809  0.262204  0.213366  0.432619  0.304143  0.271395  0.351354  0.344930  0.684194  0.338582  0.519782  0.267029  0.256948  0.612093  0.268498  0.279503  0.396540  0.253828  0.219201  0.283329  0.266692  0.214007  0.312080  0.307522  0.298413  0.270797  0.243427  0.264966  0.311100  0.283315  0.212716  0.231819  0.228592  0.705957  0.132947  0.259653  0.337617  0.232279  0.277679  0.371227  0.168336  0.645207  0.199292  0.440803  0.336903  0.255349  0.220482  0.310833  0.216438  0.252080  0.386167  0.282119  0.660817  0.774374  0.327615  0.205576  0.374370  0.323042  0.252224  0.217451  0.370136  0.263922  0.197370  0.191926  0.321456  0.549708  0.358767  0.658215  0.364711  0.385751  0.241898  0.737766  0.206432  0.274460  0.269778  0.314351  0.356393  0.232765  0.230005  0.134836  0.233140  0.665632  0.180507  0.671231  0.229973  0.322746  0.419461  0.227578  0.756240  0.191866  0.228457  0.257920  0.328382  0.691019  0.292239  0.231643  0.117766  0.143461  0.282994  0.256454  0.217267  0.353596  0.268162  0.739663  0.230507  0.309638  0.305742  0.302453  0.288819  0.284692  0.271601  0.284597  0.236769  0.234224  0.223178  0.317303  0.296214  0.220888  0.805536  0.326508 
20  0.343252  0.566248  0.460454  0.404155  0.106863  0.289406  0.197269  0.096470  0.273023  0.000000  0.562803  0.248167  0.275756  0.516998  0.436342  0.068882  0.149813  0.318764  0.326337  0.262994 0.0  0.447957  0.106342  0.356782  0.386467  0.207044  0.000000  0.246161  0.166487  0.252078  0.114282  0.000000  0.071595  0.075332  0.468608  0.188571  0.622459  0.248608  0.140112  0.672300  0.252836  0.342580  0.369434  0.310508  0.098325  0.406308  0.187714  0.459315  0.078432  0.253124  0.443870  0.104957  0.360865  0.384093  0.302094  0.466815  0.314112  0.469664  0.319134  0.425065  0.321358  0.065240  0.124858  0.043617  0.186206  0.373811  0.464323  0.433567  0.024059  0.285073  0.122874  0.201314  0.005516  0.427057  0.324075  0.392940  0.043188  0.073093  0.528142  0.357537  0.024726  0.501079  0.208676  0.183579  0.232571  0.115259  0.239784  0.047098  0.138889  0.076319  0.176884  0.313661  0.365851  0.606844  0.358715  0.045931  0.326633  0.493700  0.052619  0.334991  0.073924  0.086775  0.224753  0.090846  0.044667  0.429909  0.415118  0.506727  0.369803  0.522951  0.375840  0.071406  0.160604  0.134010  0.528155  0.206528  0.203573  0.329156  0.000000  0.528891  0.018640  0.127111  0.053838  0.153283  0.099997  0.108950  0.171016  0.178412  0.031710  0.615157  0.173495  0.265224  0.254192  0.158034  0.192573  0.185569  0.105660  0.254097  0.270448  0.147400  0.374466  0.129811  0.344260  0.272694  0.621379  0.054421 
21  0.425122  0.360991  0.521748  0.510639  0.427756  0.476622  0.483907  0.619706  0.427459  0.573093  0.449692  0.343223  0.489298  0.508860  0.423375  0.533360  0.521669  0.482134  0.579734  0.442188  0.447957 0.0  0.363065  0.464333  0.443748  0.401600  0.403332  0.499100  0.385325  0.423796  0.548440  0.466520  0.469396  0.463312  0.482730  0.462228  0.434679  0.515756  0.488382  0.460150  0.479356  0.515325  0.448243  0.433896  0.432649  0.418378  0.435021  0.450698  0.471946  0.454500  0.519105  0.371991  0.411910  0.449229  0.452805  0.392695  0.398420  0.485479  0.620369  0.538088  0.328470  0.512243  0.511659  0.413631  0.565904  0.498227  0.545482  0.454867  0.411859  0.463795  0.519470  0.467577  0.469453  0.427402  0.454187  0.455220  0.513298  0.457815  0.445528  0.383215  0.515030  0.502072  0.517103  0.455965  0.409864  0.523723  0.557283  0.509931  0.506124  0.469149  0.424757  0.465185  0.477849  0.463121  0.388020  0.479991  0.516185  0.413215  0.483225  0.443274  0.493259  0.443158  0.511877  0.508357  0.539574  0.542827  0.529655  0.438339  0.433882  0.431668  0.472606  0.554760  0.488392  0.421144  0.500148  0.478976  0.490317  0.478436  0.417666  0.444318  0.480837  0.540604  0.446543  0.504880  0.507616  0.503842  0.460822  0.413653  0.416026  0.539620  0.518127  0.408708  0.406359  0.498611  0.561140  0.321110  0.474173  0.571355  0.568475  0.551316  0.493264  0.447958  0.518899  0.492938  0.597411  0.545276 
22  0.397285  0.498268  0.532483  0.434480  0.040285  0.326628  0.313094  0.083056  0.501591  0.101036  0.414908  0.072259  0.142905  0.403429  0.488143  0.171928  0.167325  0.387982  0.388681  0.218972  0.106342  0.363065 0.0  0.323850  0.370984  0.310695  0.086463  0.402980  0.178784  0.444321  0.137789  0.062442  0.107219  0.105701  0.580568  0.133433  0.636625  0.103483  0.092477  0.698995  0.124835  0.360501  0.314032  0.369387  0.107749  0.342541  0.253770  0.541753  0.242624  0.174022  0.348132  0.191530  0.475678  0.376969  0.496360  0.392172  0.166617  0.376022  0.353288  0.517515  0.348787  0.209753  0.161490  0.105956  0.127950  0.365251  0.334857  0.534137  0.097152  0.336772  0.230614  0.299102  0.070057  0.382947  0.109869  0.333911  0.034594  0.060200  0.533052  0.494987  0.196994  0.275827  0.287103  0.158515  0.003954  0.122039  0.085709  0.087241  0.082268  0.267315  0.156528  0.343470  0.394276  0.466346  0.470415  0.138936  0.434303  0.519941  0.121437  0.440686  0.169917  0.094004  0.134828  0.108509  0.183543  0.337893  0.235558  0.543103  0.399899  0.510523  0.173313  0.065585  0.143621  0.079687  0.533351  0.190766  0.147126  0.357496  0.055418  0.530314  0.182248  0.119314  0.169156  0.160257  0.141384  0.161335  0.172959  0.222489  0.042237  0.509276  0.186747  0.348757  0.354224  0.160646  0.054138  0.180601  0.224490  0.120156  0.254623  0.166703  0.485931  0.080784  0.202103  0.249399  0.529620  0.094207 
23  0.865106  0.000000  0.143077  0.852449  0.506332  0.948806  0.769075  0.475006  0.873780  0.677340  0.407242  0.545890  0.627408  0.429912  0.949600  0.606326  0.600895  0.365984  0.915855  0.673290  0.356782  0.464333  0.323850 0.0  0.756348  0.650546  0.460387  0.785230  0.393055  0.330865  0.527876  0.598719  0.474985  0.681919  0.671610  0.552072  0.060395  0.398524  0.645329  0.206534  0.549672  0.921098  0.827738  0.897598  0.652727  0.762017  0.529759  0.895057  0.590159  0.488538  0.841537  0.723832  0.783210  0.705193  0.750742  0.763419  0.581250  0.833565  0.674135  0.417643  0.815424  0.433088  0.463918  0.704109  0.464457  0.913354  0.763436  0.604185  0.753301  0.755630  0.558447  0.646856  0.574058  0.843884  0.384865  0.926406  0.551004  0.586537  0.175680  0.065562  0.373212  0.739883  0.658479  0.398751  0.493889  0.624836  0.487751  0.596165  0.544899  0.560363  0.426103  0.215031  0.897897  0.188230  0.813788  0.617651  0.640875  0.513547  0.624187  0.786092  0.651207  0.471872  0.562702  0.422022  0.599068  0.673974  0.663823  0.525359  0.910675  0.161390  0.518756  0.564488  0.626640  0.652142  0.497756  0.608908  0.557074  0.855667  0.537189  0.662550  0.633253  0.652464  0.584818  0.603577  0.661668  0.527761  0.454945  0.809460  0.507951  0.550163  0.499182  0.653872  0.569363  0.638059  0.560573  0.655235  0.582900  0.421056  0.768313  0.536423  0.773293  0.580193  0.591967  0.535417  0.069030  0.692148 
24  0.393155  0.795624  0.771000  0.224271  0.418079  0.023304  0.167996  0.465316  0.135275  0.372654  0.391241  0.381490  0.245242  0.430620  0.064087  0.371675  0.336902  0.501156  0.000000  0.269122  0.386467  0.443748  0.370984  0.756348 0.0  0.217484  0.351036  0.385006  0.353201  0.554324  0.450441  0.496071  0.547712  0.369272  0.784847  0.412251  0.798440  0.331537  0.334535  0.661734  0.374885  0.111511  0.194707  0.122471  0.349581  0.000000  0.322244  0.094795  0.421011  0.439273  0.156731  0.430615  0.180630  0.453985  0.384378  0.172236  0.403795  0.120718  0.369297  0.744399  0.081029  0.361226  0.413090  0.249475  0.401050  0.118781  0.107810  0.791469  0.438970  0.210901  0.393782  0.291323  0.353359  0.025138  0.462976  0.109866  0.365638  0.283278  0.773428  0.845817  0.452258  0.369447  0.220615  0.456124  0.379495  0.415506  0.436914  0.428901  0.401297  0.404674  0.324732  0.604734  0.155576  0.854759  0.088463  0.383782  0.290449  0.793522  0.321343  0.367682  0.327098  0.471359  0.429634  0.490930  0.399881  0.458861  0.310635  0.845805  0.098439  0.708213  0.431028  0.453358  0.426495  0.464522  0.783835  0.411463  0.437365  0.203776  0.399097  0.781988  0.369585  0.395758  0.444995  0.455551  0.371776  0.502526  0.404922  0.245221  0.437841  0.786616  0.473969  0.147538  0.316076  0.386137  0.302834  0.267308  0.406141  0.359547  0.348529  0.347300  0.432995  0.366300  0.135748  0.411299  0.842045  0.349720 
25  0.194726  0.695904  0.659659  0.320381  0.216609  0.237188  0.274076  0.331111  0.307157  0.243690  0.476383  0.196805  0.126946  0.428789  0.218742  0.166931  0.169713  0.483795  0.356901  0.220668  0.207044  0.401600  0.310695  0.650546  0.217484 0.0  0.135157  0.237183  0.192716  0.377829  0.300020  0.305636  0.213090  0.135091  0.644117  0.348484  0.744489  0.193506  0.150583  0.660399  0.255507  0.217719  0.237167  0.288609  0.299130  0.217789  0.315782  0.290973  0.298234  0.277695  0.318507  0.320227  0.327937  0.181437  0.333175  0.168265  0.235593  0.214955  0.303446  0.614613  0.317507  0.170586  0.227967  0.369981  0.303450  0.265052  0.250965  0.762736  0.343523  0.397625  0.165040  0.237149  0.256532  0.239542  0.318436  0.325714  0.361226  0.268841  0.610703  0.704806  0.267859  0.264519  0.342258  0.329836  0.292070  0.310685  0.211918  0.195142  0.292101  0.246206  0.259058  0.389449  0.230167  0.657191  0.161975  0.399463  0.150746  0.711606  0.242798  0.191877  0.250793  0.262145  0.314999  0.246646  0.328064  0.390442  0.420846  0.660324  0.330232  0.615749  0.299259  0.189910  0.274704  0.252484  0.648133  0.228965  0.303345  0.291298  0.211310  0.665288  0.314627  0.211655  0.165920  0.315828  0.304081  0.309401  0.321987  0.242603  0.318262  0.628194  0.309215  0.242020  0.339420  0.326485  0.214950  0.226456  0.267484  0.287688  0.225585  0.236519  0.222872  0.252808  0.238157  0.271353  0.672105  0.314760 
26  0.358612  0.502995  0.431674  0.345425  0.146528  0.303233  0.299200  0.221228  0.319150  0.037565  0.344933  0.039674  0.278197  0.404522  0.447361  0.118922  0.064886  0.335287  0.366713  0.395809  0.000000  0.403332  0.086463  0.460387  0.351036  0.135157 0.0  0.257927  0.149437  0.259067  0.109251  0.066961  0.251716  0.031405  0.394867  0.177474  0.606325  0.146032  0.044963  0.617839  0.245418  0.218333  0.407366  0.292173  0.021273  0.367114  0.000292  0.362848  0.063210  0.000000  0.369493  0.105641  0.322857  0.428991  0.378146  0.448296  0.068380  0.426874  0.339947  0.599583  0.294073  0.187864  0.143460  0.093702  0.128837  0.241010  0.370594  0.429388  0.040119  0.299102  0.028403  0.320381  0.117684  0.392841  0.000000  0.261647  0.113491  0.104672  0.479553  0.498913  0.179853  0.402749  0.266416  0.073749  0.120565  0.000000  0.166505  0.085874  0.000000  0.067705  0.002609  0.378903  0.415183  0.530531  0.358934  0.057439  0.363520  0.528138  0.134652  0.262435  0.000000  0.182377  0.015496  0.217595  0.068420  0.337835  0.246781  0.497077  0.388396  0.422369  0.164981  0.106334  0.000000  0.000000  0.637146  0.033582  0.101594  0.304239  0.048204  0.424127  0.111217  0.114824  0.135668  0.010782  0.099104  0.227263  0.040212  0.143257  0.187478  0.447103  0.201848  0.284520  0.226664  0.096150  0.138182  0.307533  0.078129  0.000000  0.249001  0.015918  0.459748  0.071139  0.312595  0.116433  0.436000  0.023340 
