146
0 0.0  0.749602  0.699039  0.351291  0.281319  0.390588  0.247453  0.411439  0.373144  0.346219  0.413933  0.473145  0.250942  0.500596  0.333244  0.330309  0.394597  0.555147  0.406204  0.204467  0.358258  0.522109  0.388954  0.754438  0.310978  0.291055  0.380943  0.148027  0.338951  0.573561  0.331143  0.355335  0.346024  0.382377  0.690643  0.383637  0.691902  0.301741  0.277420  0.708130  0.268127  0.282508  0.258438  0.364811  0.334604  0.264976  0.361420  0.331034  0.206858  0.277507  0.343052  0.389666  0.341859  0.000000  0.234495  0.413671  0.298439  0.472689  0.227343  0.721811  0.429453  0.272880  0.261078  0.445647  0.404126  0.335898  0.319898  0.757242  0.384105  0.269121  0.264172  0.223402  0.287302  0.403237  0.367420  0.357550  0.360415  0.356083  0.728719  0.779339  0.401372  0.078889  0.276345  0.241349  0.336050  0.235383  0.303758  0.297114  0.278994  0.358883  0.376655  0.636051  0.339534  0.733701  0.361053  0.317202  0.218224  0.805145  0.324804  0.053458  0.318590  0.419909  0.354307  0.476658  0.321305  0.220063  0.199159  0.880130  0.326757  0.788662  0.356395  0.359412  0.296740  0.412361  0.758190  0.311197  0.300987  0.272207  0.313613  0.715747  0.333543  0.386209  0.462098  0.298838  0.313161  0.366741  0.240819  0.346154  0.305527  0.712091  0.394950  0.205499  0.308103  0.412689  0.333974  0.311089  0.373864  0.406888  0.350073  0.273316  0.000000  0.428337  0.301056  0.373871  0.779636  0.401971 
1  0.749602 0.0  0.031690  0.657417  0.531926  0.756192  0.797845  0.565877  0.725793  0.453491  0.377868  0.483423  0.667912  0.500190  0.724076  0.517035  0.424298  0.288183  0.702480  0.740587  0.509388  0.492623  0.639904  0.082829  0.678171  0.642332  0.421441  0.630347  0.621959  0.197837  0.442740  0.482723  0.428894  0.478561  0.373716  0.513473  0.061644  0.466424  0.610656  0.237066  0.380204  0.659157  0.633747  0.659604  0.501131  0.732133  0.534925  0.739189  0.420180  0.351920  0.712121  0.538912  0.627373  0.712586  0.811682  0.763039  0.562515  0.805288  0.724029  0.476957  0.698406  0.437834  0.444724  0.421481  0.523212  0.799125  0.718846  0.431638  0.468727  0.637933  0.502508  0.778628  0.505390  0.697106  0.434894  0.671824  0.502390  0.554244  0.026059  0.096027  0.352693  0.834963  0.613612  0.570841  0.502636  0.520158  0.460571  0.538259  0.548269  0.543595  0.438420  0.304062  0.601483  0.048550  0.768529  0.481377  0.672961  0.464175  0.522865  0.715459  0.429639  0.461545  0.496713  0.387722  0.553367  0.813714  0.575034  0.573265  0.789751  0.151696  0.405828  0.452437  0.515646  0.382284  0.517661  0.566418  0.499818  0.707102  0.556982  0.563448  0.506833  0.448559  0.460028  0.577976  0.452214  0.480759  0.484543  0.699496  0.454308  0.442893  0.617844  0.640177  0.623410  0.428323  0.556247  0.637151  0.628918  0.492560  0.653213  0.445585  0.711829  0.644809  0.577045  0.450329  0.018201  0.468311 
2  0.699039  0.031690 0.0  0.831764  0.601987  1.000000  0.634797  0.455712  0.890688  0.641806  0.409039  0.498439  0.649139  0.538493  0.862983  0.589224  0.468273  0.259956  0.862382  0.760582  0.416567  0.482007  0.565187  0.229429  0.801327  0.770895  0.473976  0.802884  0.549183  0.480717  0.489181  0.615230  0.533083  0.685883  0.609245  0.497001  0.053257  0.414825  0.506411  0.286371  0.442943  0.861655  0.966407  0.845581  0.585523  0.928155  0.480100  0.916520  0.545410  0.334659  0.906334  0.718549  0.806716  0.651353  0.749497  0.744910  0.425329  0.762338  0.799897  0.525896  0.796754  0.516737  0.483578  0.667424  0.553208  0.811023  0.661451  0.567148  0.517903  0.609332  0.571122  0.661059  0.592206  0.862796  0.449016  0.985386  0.299089  0.667612  0.195839  0.137705  0.551577  0.842158  0.764139  0.496882  0.426010  0.571940  0.461162  0.635814  0.405191  0.507215  0.477493  0.260290  0.863449  0.183165  0.840457  0.649378  0.739455  0.568189  0.601426  0.718727  0.687241  0.469856  0.558101  0.410653  0.565255  0.779109  0.694390  0.615848  0.851081  0.105446  0.517955  0.486393  0.544336  0.618412  0.604017  0.503914  0.526936  0.953794  0.397164  0.666352  0.644139  0.648399  0.528814  0.632067  0.643520  0.573131  0.521421  0.726169  0.620254  0.450293  0.524202  0.770676  0.687047  0.548163  0.514124  0.749433  0.628487  0.458491  0.645847  0.493128  0.658685  0.570204  0.643345  0.524483  0.000000  0.567854 
3  0.351291  0.657417  0.831764 0.0  0.409928  0.169549  0.252892  0.380858  0.249351  0.460696  0.575959  0.485793  0.280162  0.409415  0.195924  0.442341  0.439531  0.521362  0.138427  0.322013  0.379756  0.333991  0.375472  0.816901  0.154424  0.194536  0.381264  0.325361  0.279347  0.618272  0.298067  0.482393  0.461436  0.431250  0.842292  0.347157  0.708671  0.333571  0.453856  0.770541  0.346868  0.179492  0.178633  0.233258  0.491896  0.201595  0.439761  0.052300  0.379254  0.306232  0.237926  0.475380  0.201170  0.284841  0.322002  0.195809  0.379804  0.162829  0.272604  0.751623  0.240588  0.294961  0.332322  0.490320  0.318467  0.151969  0.000000  0.897105  0.616050  0.277560  0.563890  0.222182  0.445380  0.108349  0.420996  0.251144  0.318248  0.434901  0.865799  0.856416  0.335210  0.500975  0.269727  0.328253  0.463492  0.329404  0.282013  0.368748  0.348753  0.490249  0.405066  0.550676  0.056340  0.807922  0.215025  0.436248  0.331436  0.703455  0.371593  0.226802  0.448754  0.340543  0.318076  0.265613  0.476885  0.388782  0.306490  0.856761  0.221926  0.810718  0.335954  0.326175  0.443271  0.558460  0.710702  0.396190  0.339688  0.172141  0.322566  0.896592  0.522291  0.528907  0.439510  0.530417  0.492865  0.309329  0.304371  0.135164  0.463191  0.668304  0.396749  0.190772  0.253907  0.499254  0.377289  0.169607  0.474556  0.434879  0.194825  0.343973  0.390473  0.407605  0.352644  0.476271  0.755212  0.337068 
4  0.281319  0.531926  0.601987  0.409928 0.0  0.478847  0.331073  0.055418  0.487737  0.193624  0.510622  0.122441  0.276666  0.505913  0.380430  0.166810  0.179221  0.335467  0.527112  0.316857  0.102354  0.481495  0.137019  0.625721  0.416020  0.350867  0.036394  0.357301  0.000000  0.401148  0.131758  0.205969  0.080565  0.102794  0.566833  0.204837  0.389809  0.128638  0.104241  0.653362  0.025139  0.501778  0.477726  0.456161  0.234199  0.526715  0.000000  0.450839  0.093944  0.125471  0.528175  0.306008  0.415743  0.292964  0.256202  0.335975  0.008068  0.325205  0.320741  0.474823  0.405783  0.122053  0.022683  0.223535  0.012532  0.545589  0.210135  0.595082  0.327163  0.267898  0.269199  0.279582  0.150231  0.329335  0.121429  0.567286  0.103591  0.194068  0.577657  0.492823  0.054367  0.399578  0.253450  0.091291  0.061729  0.226805  0.066333  0.202289  0.000000  0.079645  0.189212  0.353544  0.440447  0.537645  0.346184  0.131208  0.242124  0.554558  0.316426  0.365437  0.188487  0.116090  0.077177  0.038011  0.130850  0.314341  0.269844  0.610885  0.445281  0.555328  0.065427  0.269037  0.156097  0.317232  0.496565  0.176080  0.056275  0.343915  0.064932  0.550077  0.257078  0.225766  0.129513  0.209798  0.165465  0.098399  0.135084  0.427360  0.237897  0.451626  0.145344  0.182794  0.230966  0.269611  0.112592  0.387926  0.111634  0.126866  0.231530  0.126910  0.234425  0.169109  0.295681  0.102804  0.568147  0.103792 
5  0.390588  0.756192  1.000000  0.169549  0.478847 0.0  0.266973  0.351951  0.214670  0.559810  0.595923  0.349939  0.282199  0.460355  0.218611  0.561521  0.463902  0.609072  0.242833  0.147932  0.372974  0.501247  0.308324  0.821337  0.130089  0.251923  0.298104  0.347758  0.287037  0.600737  0.285973  0.379814  0.366481  0.383975  0.856826  0.348542  0.766899  0.336824  0.388316  0.628234  0.349778  0.263813  0.086948  0.151704  0.435538  0.230518  0.379240  0.196639  0.412505  0.430089  0.232702  0.450393  0.287129  0.411923  0.391966  0.094938  0.302619  0.167236  0.326866  0.680728  0.101826  0.311167  0.287051  0.414810  0.266020  0.232418  0.028160  0.914519  0.382767  0.289041  0.491758  0.265286  0.488173  0.060344  0.291412  0.195610  0.189589  0.461617  0.845951  0.889930  0.274760  0.387842  0.344405  0.344717  0.344441  0.551725  0.363197  0.466104  0.293126  0.300656  0.306606  0.531823  0.209361  0.866355  0.200161  0.437502  0.326371  0.782268  0.348177  0.419417  0.514851  0.342970  0.213743  0.227110  0.518613  0.347139  0.333241  0.700446  0.301337  0.808999  0.406106  0.422994  0.459039  0.432595  0.804002  0.244974  0.343906  0.168021  0.347562  0.904646  0.422634  0.429663  0.427841  0.390303  0.499881  0.358388  0.278011  0.324047  0.479693  0.756406  0.448050  0.251065  0.334699  0.501382  0.408907  0.333594  0.450264  0.446906  0.377157  0.408811  0.384641  0.400113  0.337229  0.324728  0.737591  0.461456 
6  0.247453  0.797845  0.634797  0.252892  0.331073  0.266973 0.0  0.239485  0.252133  0.324427  0.419131  0.241823  0.309579  0.360583  0.221340  0.230739  0.335242  0.458618  0.317021  0.246361  0.240425  0.584676  0.193294  0.734505  0.342397  0.292878  0.191084  0.226565  0.364999  0.490443  0.267553  0.222998  0.424426  0.231217  0.645242  0.228156  0.560944  0.293674  0.185859  0.650033  0.236568  0.185777  0.277863  0.256781  0.241345  0.289568  0.337499  0.282899  0.211462  0.245325  0.306892  0.280968  0.298086  0.231509  0.264007  0.176148  0.232566  0.296187  0.362648  0.650720  0.259766  0.250145  0.237427  0.280152  0.247864  0.350178  0.323166  0.718489  0.405773  0.278548  0.292915  0.273717  0.216609  0.102182  0.156918  0.295978  0.164466  0.173181  0.721353  0.581708  0.297818  0.319665  0.251123  0.222558  0.319204  0.244577  0.230463  0.232589  0.185068  0.224841  0.422256  0.431364  0.366131  0.600694  0.185611  0.261082  0.352012  0.774838  0.221618  0.255736  0.396661  0.234888  0.254700  0.261070  0.223541  0.352231  0.263219  0.676147  0.274882  0.709091  0.224299  0.312641  0.330434  0.345539  0.689933  0.248643  0.208121  0.293730  0.361343  0.570339  0.270029  0.249633  0.209967  0.319755  0.278704  0.224323  0.301960  0.184581  0.313523  0.695300  0.226980  0.314441  0.294698  0.275580  0.169416  0.337197  0.320598  0.190844  0.377063  0.270090  0.328552  0.251075  0.251732  0.274823  0.723346  0.386495 
7  0.411439  0.565877  0.455712  0.380858  0.055418  0.351951  0.239485 0.0  0.298819  0.100638  0.531363  0.159531  0.317815  0.445410  0.348199  0.026820  0.000000  0.272317  0.240369  0.303910  0.163188  0.554810  0.116703  0.423878  0.321258  0.309128  0.174156  0.361672  0.124641  0.267911  0.198871  0.052808  0.174635  0.093681  0.434298  0.184953  0.440207  0.091157  0.172003  0.721629  0.030581  0.341439  0.258788  0.394212  0.012957  0.285496  0.084308  0.287396  0.072673  0.109926  0.404880  0.098124  0.389321  0.507646  0.279774  0.406286  0.079858  0.466430  0.335786  0.546358  0.261883  0.274398  0.028171  0.028944  0.052671  0.300752  0.275548  0.449127  0.012714  0.335240  0.008432  0.355252  0.000000  0.333181  0.159840  0.341398  0.170182  0.116855  0.399875  0.533836  0.282120  0.392024  0.277057  0.039300  0.099989  0.105306  0.144313  0.000000  0.090568  0.116690  0.016156  0.289246  0.313901  0.514961  0.427550  0.126362  0.239285  0.580399  0.000000  0.356854  0.071807  0.210165  0.000000  0.213539  0.000000  0.308961  0.205299  0.536212  0.403250  0.534215  0.144504  0.090357  0.084823  0.000000  0.611614  0.066498  0.089833  0.339388  0.000420  0.373264  0.143342  0.111260  0.038842  0.063347  0.072363  0.177842  0.146834  0.301039  0.063220  0.424141  0.187969  0.332958  0.340262  0.007161  0.107419  0.254120  0.021743  0.114819  0.189992  0.050761  0.570682  0.209878  0.288447  0.119252  0.568066  0.092802 
8  0.373144  0.725793  0.890688  0.249351  0.487737  0.214670  0.252133  0.298819 0.0  0.458400  0.496527  0.397884  0.280462  0.473372  0.210695  0.423642  0.440193  0.645204  0.146904  0.239160  0.332363  0.452025  0.437841  0.798717  0.025648  0.325036  0.244533  0.206601  0.242344  0.589250  0.383469  0.419070  0.307659  0.453244  0.872343  0.437309  0.641542  0.354622  0.378912  0.722884  0.137480  0.227321  0.341857  0.134326  0.498529  0.163478  0.320608  0.271523  0.362435  0.275393  0.254557  0.498276  0.188048  0.452687  0.336979  0.198175  0.342487  0.163198  0.343727  0.734032  0.218040  0.403715  0.347052  0.440424  0.339143  0.110350  0.063979  0.868003  0.525441  0.211969  0.446452  0.198898  0.534593  0.232444  0.478155  0.209441  0.380176  0.535515  0.814944  0.685301  0.391329  0.404782  0.373689  0.429785  0.333728  0.383661  0.346876  0.474363  0.314756  0.472462  0.396802  0.614372  0.220823  0.885850  0.055433  0.508073  0.334865  0.785049  0.460445  0.300832  0.475485  0.302420  0.317046  0.332625  0.505492  0.284739  0.287935  0.738471  0.185658  0.821913  0.369738  0.504554  0.451561  0.376852  0.808287  0.423349  0.466563  0.282695  0.338674  0.923040  0.419472  0.358463  0.467486  0.455420  0.460026  0.405031  0.238080  0.263993  0.449720  0.705463  0.341826  0.292017  0.180652  0.489127  0.412412  0.305513  0.426361  0.308734  0.193388  0.351933  0.325020  0.356347  0.277816  0.318549  0.659501  0.420810 
9  0.346219  0.453491  0.641806  0.460696  0.193624  0.559810  0.324427  0.100638  0.458400 0.0  0.472702  0.224324  0.282819  0.553023  0.490524  0.271647  0.265862  0.279017  0.483973  0.249141  0.063930  0.354483  0.068931  0.674346  0.368510  0.268102  0.127474  0.274531  0.052687  0.345258  0.041739  0.217704  0.102886  0.317384  0.573753  0.000000  0.407071  0.108734  0.158221  0.625253  0.068587  0.477248  0.481722  0.506338  0.185380  0.403043  0.043325  0.387069  0.144086  0.008657  0.461164  0.195395  0.364913  0.294530  0.423926  0.324170  0.000000  0.323702  0.337546  0.498266  0.399111  0.079589  0.047528  0.177169  0.053595  0.480150  0.329988  0.617154  0.327911  0.288794  0.258750  0.225845  0.201112  0.358808  0.000000  0.461177  0.071034  0.191217  0.682681  0.662395  0.038643  0.440688  0.213609  0.068463  0.145084  0.186909  0.010277  0.314012  0.047263  0.173695  0.000000  0.458986  0.453204  0.536472  0.374765  0.147769  0.344988  0.517270  0.111893  0.280064  0.168762  0.000000  0.008270  0.000000  0.284359  0.344917  0.308317  0.543298  0.502121  0.471408  0.129240  0.100952  0.238171  0.167005  0.550075  0.209103  0.000000  0.510153  0.165377  0.580891  0.113783  0.048847  0.280348  0.161352  0.255236  0.071706  0.049766  0.272796  0.219965  0.463758  0.125390  0.209637  0.141537  0.207470  0.197474  0.265368  0.129433  0.058824  0.235694  0.025227  0.319058  0.057796  0.318025  0.050304  0.472782  0.114269 
10  0.413933  0.377868  0.409039  0.575959  0.510622  0.595923  0.419131  0.531363  0.496527  0.472702 0.0  0.407364  0.432138  0.469813  0.472955  0.496844  0.425297  0.396465  0.454381  0.382131  0.394497  0.427177  0.461906  0.410157  0.388904  0.525902  0.469657  0.455554  0.412854  0.388807  0.417280  0.499429  0.397238  0.505752  0.454831  0.567674  0.419546  0.376257  0.460222  0.485871  0.459929  0.538514  0.476546  0.366837  0.425835  0.544440  0.477088  0.545277  0.563841  0.443711  0.351709  0.525008  0.494658  0.519641  0.519193  0.447308  0.467557  0.468598  0.494905  0.487291  0.512964  0.474124  0.346376  0.443777  0.440156  0.517640  0.459703  0.405915  0.452260  0.497689  0.470871  0.486326  0.423132  0.545286  0.543823  0.457315  0.487076  0.475355  0.501177  0.382945  0.485399  0.414571  0.454104  0.439755  0.432560  0.552067  0.500317  0.473774  0.492877  0.452179  0.475503  0.568189  0.468505  0.424974  0.480107  0.406953  0.561685  0.519619  0.544861  0.464768  0.530088  0.469419  0.468641  0.430651  0.556509  0.426380  0.427172  0.545114  0.558629  0.513018  0.431913  0.538493  0.445042  0.434621  0.509651  0.550001  0.526893  0.402202  0.347693  0.472221  0.423670  0.489136  0.506959  0.405624  0.324226  0.499201  0.450298  0.400687  0.498467  0.457223  0.502094  0.432910  0.513203  0.458036  0.485432  0.450569  0.543484  0.463672  0.468056  0.535550  0.363713  0.405503  0.436486  0.429268  0.347348  0.370137 
11  0.473145  0.483423  0.498439  0.485793  0.122441  0.349939  0.241823  0.159531  0.397884  0.224324  0.407364 0.0  0.274724  0.425150  0.458709  0.141828  0.129187  0.413892  0.382857  0.298955  0.054172  0.499345  0.275665  0.486599  0.380810  0.258314  0.080264  0.292654  0.159306  0.382583  0.213324  0.018499  0.143469  0.098661  0.582142  0.142871  0.448824  0.129091  0.045333  0.765045  0.120053  0.386507  0.346109  0.395794  0.031197  0.407430  0.177817  0.331087  0.088475  0.025375  0.423557  0.167155  0.423947  0.510434  0.400656  0.407714  0.000000  0.351682  0.536021  0.487703  0.436679  0.120115  0.167886  0.177693  0.066450  0.341525  0.365034  0.516647  0.215810  0.186911  0.160114  0.288035  0.083326  0.391374  0.169137  0.396629  0.114534  0.169881  0.503013  0.527480  0.116424  0.331009  0.221139  0.188347  0.060360  0.127708  0.066761  0.103149  0.059974  0.211216  0.076607  0.361081  0.336089  0.549777  0.383429  0.177106  0.341958  0.624882  0.249528  0.380027  0.164643  0.120081  0.172642  0.118839  0.190175  0.377073  0.237894  0.583222  0.491231  0.551242  0.191478  0.086710  0.106279  0.177514  0.497816  0.106681  0.054663  0.465862  0.126310  0.524817  0.082128  0.182893  0.106150  0.129167  0.148741  0.156105  0.162732  0.330438  0.156422  0.511375  0.151004  0.222584  0.245849  0.142079  0.227196  0.307088  0.009898  0.156540  0.153950  0.006704  0.369816  0.184347  0.176361  0.185782  0.488927  0.163625 
12  0.250942  0.667912  0.649139  0.280162  0.276666  0.282199  0.309579  0.317815  0.280462  0.282819  0.432138  0.274724 0.0  0.342035  0.394829  0.155984  0.320424  0.396159  0.307321  0.278492  0.238703  0.425243  0.223715  0.735152  0.202091  0.242262  0.286841  0.148968  0.249903  0.433687  0.135623  0.278798  0.263560  0.319361  0.719118  0.216780  0.631911  0.254821  0.291064  0.643405  0.366526  0.228658  0.255628  0.242743  0.221915  0.260161  0.217096  0.317229  0.286751  0.248334  0.216593  0.327746  0.254272  0.195610  0.188466  0.260067  0.282256  0.294395  0.222515  0.697034  0.238518  0.274197  0.213904  0.234590  0.268299  0.237114  0.232344  0.515177  0.371901  0.348920  0.211006  0.115780  0.273074  0.312385  0.245254  0.272018  0.191287  0.277114  0.625944  0.693384  0.283473  0.301207  0.268714  0.388431  0.214912  0.372997  0.286272  0.299849  0.281864  0.372171  0.237847  0.471230  0.136491  0.714876  0.206743  0.195516  0.362527  0.646497  0.345949  0.258527  0.226999  0.262009  0.264242  0.347392  0.287702  0.178878  0.196851  0.697191  0.362548  0.668348  0.312599  0.230826  0.226791  0.285800  0.755350  0.194578  0.225822  0.175061  0.317767  0.630780  0.281261  0.218953  0.169847  0.232522  0.311685  0.304325  0.318334  0.245715  0.284835  0.659342  0.295992  0.258809  0.295548  0.345441  0.128468  0.278975  0.432059  0.286478  0.304367  0.234233  0.246761  0.219730  0.214273  0.227475  0.639692  0.339192 
13  0.500596  0.500190  0.538493  0.409415  0.505913  0.460355  0.360583  0.445410  0.473372  0.553023  0.469813  0.425150  0.342035 0.0  0.461447  0.459431  0.417543  0.491754  0.578417  0.554567  0.495292  0.421584  0.491060  0.430906  0.459202  0.535920  0.515087  0.503959  0.500242  0.445787  0.406769  0.384134  0.444930  0.454571  0.372701  0.648541  0.338846  0.541028  0.405041  0.588734  0.431243  0.332472  0.568156  0.418544  0.422342  0.388057  0.456691  0.481241  0.450488  0.476418  0.459018  0.462009  0.615804  0.438370  0.477992  0.381528  0.446620  0.471123  0.399760  0.469809  0.555360  0.511469  0.324076  0.427883  0.468094  0.496301  0.434824  0.446995  0.555728  0.527566  0.503846  0.492550  0.603117  0.441227  0.567886  0.415041  0.507166  0.415241  0.472977  0.443238  0.522903  0.346470  0.313128  0.535898  0.382421  0.508247  0.462225  0.439862  0.494238  0.473282  0.435819  0.468625  0.474255  0.525893  0.400015  0.469988  0.418503  0.506698  0.395747  0.451531  0.443066  0.408766  0.395682  0.537093  0.437888  0.569423  0.470025  0.474193  0.445182  0.539207  0.452259  0.473784  0.573422  0.376911  0.509813  0.499813  0.396339  0.416284  0.389529  0.600579  0.414256  0.604754  0.433418  0.396813  0.390074  0.497262  0.503551  0.441279  0.409443  0.533907  0.418907  0.498010  0.400661  0.505986  0.443435  0.437106  0.453696  0.438020  0.489575  0.503666  0.464792  0.456072  0.414336  0.380584  0.417987  0.397221 
14  0.333244  0.724076  0.862983  0.195924  0.380430  0.218611  0.221340  0.348199  0.210695  0.490524  0.472955  0.458709  0.394829  0.461447 0.0  0.444498  0.410974  0.691156  0.207886  0.349141  0.335775  0.397237  0.392138  0.824154  0.178647  0.206784  0.329424  0.395633  0.249419  0.604358  0.429081  0.391811  0.233109  0.403514  0.836541  0.371730  0.670532  0.245033  0.371045  0.633028  0.361670  0.171149  0.129358  0.217568  0.439917  0.248852  0.303040  0.176245  0.504939  0.283634  0.123870  0.528062  0.280928  0.353799  0.397594  0.229782  0.303167  0.064266  0.358511  0.635967  0.205596  0.365074  0.402370  0.441623  0.272077  0.214470  0.080784  0.867429  0.353018  0.204622  0.388037  0.266178  0.508352  0.211552  0.323729  0.210220  0.380071  0.463209  0.785586  0.819921  0.334781  0.346638  0.250143  0.323059  0.365649  0.462688  0.289479  0.433528  0.185946  0.427543  0.349542  0.557537  0.152268  0.853601  0.185725  0.370618  0.378369  0.885485  0.461606  0.306368  0.439556  0.389685  0.325581  0.308546  0.294843  0.303219  0.315783  0.751659  0.149615  0.766683  0.317427  0.515057  0.412362  0.399004  0.789811  0.298062  0.236481  0.151790  0.382111  0.880708  0.485525  0.521160  0.271013  0.496203  0.501301  0.296472  0.333419  0.335390  0.439316  0.672117  0.379619  0.270080  0.279443  0.498722  0.387534  0.299498  0.402306  0.361744  0.232506  0.321229  0.349298  0.378943  0.259954  0.324532  0.736216  0.463025 
15  0.330309  0.517035  0.589224  0.442341  0.166810  0.561521  0.230739  0.026820  0.423642  0.271647  0.496844  0.141828  0.155984  0.459431  0.444498 0.0  0.151333  0.290522  0.394445  0.280189  0.014850  0.551470  0.150344  0.608763  0.520047  0.269666  0.043840  0.246097  0.079040  0.355526  0.112442  0.087266  0.059427  0.128172  0.644404  0.160884  0.490607  0.095444  0.129709  0.611173  0.075501  0.505901  0.446398  0.455408  0.262724  0.425099  0.077776  0.409685  0.062054  0.103537  0.379726  0.265402  0.471216  0.351168  0.363822  0.463252  0.100109  0.471758  0.295741  0.571612  0.452800  0.035176  0.069890  0.229518  0.000000  0.502968  0.310486  0.535531  0.224745  0.346880  0.112811  0.226590  0.207104  0.419401  0.067546  0.454517  0.140894  0.131797  0.585301  0.559110  0.108799  0.370812  0.271184  0.103757  0.086562  0.296405  0.000000  0.245773  0.083708  0.201379  0.100952  0.300494  0.485927  0.559416  0.264044  0.164478  0.274993  0.520653  0.310864  0.374244  0.218601  0.085174  0.020841  0.008775  0.208393  0.374986  0.320828  0.500712  0.425318  0.517082  0.010639  0.161227  0.260442  0.193442  0.562115  0.231540  0.096929  0.412183  0.069442  0.644934  0.179289  0.268409  0.087028  0.244434  0.181541  0.000000  0.103183  0.233991  0.232920  0.510896  0.160653  0.350279  0.181044  0.169438  0.105720  0.241337  0.220515  0.170097  0.281735  0.103066  0.394028  0.119195  0.242951  0.073811  0.474593  0.205462 
16  0.394597  0.424298  0.468273  0.439531  0.179221  0.463902  0.335242  0.000000  0.440193  0.265862  0.425297  0.129187  0.320424  0.417543  0.410974  0.151333 0.0  0.453815  0.476186  0.218730  0.021255  0.387989  0.194731  0.618338  0.319549  0.274099  0.017025  0.347071  0.041708  0.382417  0.072315  0.201398  0.114012  0.241730  0.523254  0.159606  0.462600  0.051054  0.106137  0.777052  0.112655  0.463277  0.436727  0.484783  0.283133  0.466348  0.061760  0.598581  0.133034  0.105067  0.566218  0.092305  0.399949  0.305758  0.241272  0.348907  0.027074  0.430937  0.314883  0.503815  0.519647  0.132978  0.091737  0.168615  0.159153  0.524565  0.271927  0.631129  0.182608  0.255653  0.300516  0.243334  0.164166  0.311358  0.183359  0.503366  0.058473  0.142024  0.560682  0.434197  0.182411  0.360053  0.154480  0.150334  0.174756  0.172687  0.099832  0.149419  0.027838  0.256316  0.112166  0.288746  0.462556  0.614846  0.421170  0.253456  0.280486  0.591707  0.240919  0.299557  0.137728  0.039296  0.125014  0.096413  0.206447  0.399965  0.279907  0.653950  0.538697  0.487433  0.026648  0.234323  0.125265  0.292989  0.456268  0.191079  0.018673  0.496213  0.107416  0.646037  0.109981  0.195772  0.226574  0.216204  0.217799  0.116597  0.149707  0.293504  0.185734  0.672656  0.201146  0.213915  0.262560  0.094151  0.097358  0.251493  0.143613  0.039299  0.251231  0.143146  0.359195  0.172537  0.266108  0.083507  0.497267  0.198589 
17  0.555147  0.288183  0.259956  0.521362  0.335467  0.609072  0.458618  0.272317  0.645204  0.279017  0.396465  0.413892  0.396159  0.491754  0.691156  0.290522  0.453815 0.0  0.633770  0.473656  0.264791  0.507629  0.362180  0.322162  0.674344  0.460781  0.259694  0.604524  0.308615  0.287623  0.391106  0.429648  0.289921  0.414949  0.461454  0.412580  0.393469  0.288481  0.288382  0.546437  0.314377  0.598653  0.549346  0.502195  0.444524  0.647590  0.421794  0.551283  0.285690  0.365641  0.592352  0.378979  0.500771  0.456092  0.548440  0.581787  0.365705  0.615872  0.526870  0.211298  0.590422  0.350254  0.292355  0.441418  0.318289  0.596147  0.608620  0.360546  0.302105  0.625030  0.315311  0.384913  0.259235  0.590917  0.343832  0.595611  0.364129  0.377156  0.404166  0.257832  0.364488  0.605657  0.522600  0.328466  0.403726  0.337756  0.313698  0.368514  0.256497  0.195904  0.286695  0.329837  0.556461  0.240652  0.524287  0.385577  0.572477  0.260530  0.249976  0.554317  0.342571  0.349909  0.433003  0.401607  0.379574  0.619044  0.510549  0.340084  0.609514  0.401926  0.401919  0.331654  0.375155  0.350866  0.384232  0.361016  0.286418  0.562480  0.328516  0.354548  0.452943  0.260775  0.309461  0.213034  0.370589  0.198355  0.339425  0.299710  0.288493  0.377453  0.369313  0.497136  0.480845  0.224307  0.126218  0.610381  0.394711  0.396132  0.463644  0.332991  0.600866  0.328546  0.449660  0.364173  0.443742  0.298685 
18  0.406204  0.702480  0.862382  0.138427  0.527112  0.242833  0.317021  0.240369  0.146904  0.483973  0.454381  0.382857  0.307321  0.578417  0.207886  0.394445  0.476186  0.633770 0.0  0.235467  0.364504  0.563242  0.344137  0.838665  0.113282  0.325212  0.271912  0.282526  0.393685  0.630437  0.369325  0.518577  0.400152  0.369134  0.875909  0.432416  0.691809  0.201728  0.437377  0.629145  0.446820  0.186609  0.255436  0.194262  0.348490  0.248092  0.257015  0.221405  0.436833  0.380324  0.172637  0.490206  0.244531  0.453671  0.404305  0.159700  0.271602  0.125764  0.309743  0.797890  0.153953  0.189943  0.311153  0.501694  0.426725  0.185615  0.153438  0.751927  0.531125  0.208391  0.437204  0.289217  0.483221  0.208466  0.336573  0.198862  0.370227  0.364119  0.971705  0.884120  0.412339  0.383472  0.320132  0.338721  0.348179  0.394287  0.353128  0.454460  0.344116  0.422265  0.303703  0.597905  0.175812  0.869136  0.200783  0.479532  0.287729  0.764991  0.558771  0.445513  0.449689  0.400921  0.390547  0.332006  0.335115  0.263906  0.296550  0.749462  0.271260  0.864551  0.355701  0.519931  0.415878  0.418298  0.786125  0.383465  0.402665  0.178112  0.413628  0.865740  0.506165  0.335505  0.438513  0.507056  0.459988  0.321512  0.336585  0.221697  0.476239  0.661732  0.371111  0.299306  0.217243  0.551853  0.443598  0.389608  0.537299  0.321014  0.330999  0.341001  0.304197  0.378654  0.223821  0.255225  0.702990  0.430081 
19  0.204467  0.740587  0.760582  0.322013  0.316857  0.147932  0.246361  0.303910  0.239160  0.249141  0.382131  0.298955  0.278492  0.554567  0.349141  0.280189  0.218730  0.473656  0.235467 0.0  0.298514  0.426381  0.268813  0.657735  0.242243  0.269530  0.290061  0.298661  0.199533  0.455438  0.165789  0.343990  0.250715  0.242719  0.634958  0.247669  0.647866  0.291666  0.319998  0.571104  0.255555  0.239741  0.261090  0.318101  0.203102  0.240317  0.294693  0.252926  0.180644  0.171219  0.276751  0.369523  0.178131  0.258634  0.340248  0.244309  0.315803  0.283367  0.354518  0.701840  0.290192  0.224295  0.213474  0.307182  0.330291  0.276572  0.268417  0.625831  0.288367  0.225616  0.296988  0.284615  0.276656  0.328178  0.186906  0.340704  0.230744  0.398983  0.731598  0.621640  0.183473  0.286999  0.206027  0.306121  0.272730  0.294836  0.325890  0.191975  0.143723  0.249498  0.342056  0.442596  0.206880  0.586709  0.186981  0.334926  0.229407  0.725623  0.269936  0.241665  0.196268  0.290413  0.257451  0.233073  0.221670  0.317037  0.407902  0.651043  0.359958  0.651810  0.360209  0.359477  0.260647  0.331777  0.627299  0.299944  0.255643  0.187748  0.253737  0.730779  0.325166  0.219031  0.241109  0.415668  0.230472  0.148782  0.229881  0.270145  0.209894  0.658747  0.195616  0.217381  0.331257  0.270662  0.313713  0.220292  0.181095  0.282329  0.302532  0.248511  0.249111  0.242058  0.358073  0.317252  0.660686  0.371892 
20  0.358258  0.509388  0.416567  0.379756  0.102354  0.372974  0.240425  0.163188  0.332363  0.063930  0.394497  0.054172  0.238703  0.495292  0.335775  0.014850  0.021255  0.264791  0.364504  0.298514 0.0  0.515027  0.068946  0.466681  0.423378  0.285856  0.095385  0.263399  0.101519  0.254115  0.131679  0.000000  0.081417  0.084899  0.411454  0.220242  0.573318  0.128816  0.155107  0.699698  0.164726  0.348063  0.310329  0.332872  0.004053  0.389642  0.193595  0.297071  0.063489  0.152156  0.281166  0.185573  0.352597  0.293400  0.381631  0.261391  0.189911  0.284593  0.205818  0.429645  0.296427  0.031015  0.160340  0.129153  0.202969  0.312390  0.454126  0.494058  0.080518  0.265775  0.133917  0.259676  0.045867  0.355792  0.213974  0.330517  0.066224  0.108692  0.564909  0.514432  0.000000  0.437483  0.230745  0.079638  0.147739  0.114717  0.305096  0.000000  0.150352  0.086291  0.285975  0.307678  0.249481  0.538930  0.401278  0.090465  0.367651  0.482029  0.119892  0.301357  0.058583  0.065369  0.167968  0.043028  0.000000  0.291578  0.278881  0.622930  0.338261  0.504863  0.146661  0.001915  0.055289  0.099995  0.567699  0.125871  0.202137  0.291628  0.000000  0.485515  0.161146  0.067630  0.072428  0.045625  0.000000  0.054548  0.159967  0.343187  0.077843  0.602743  0.107562  0.226696  0.260920  0.002197  0.054012  0.171108  0.070282  0.183968  0.291541  0.230847  0.290814  0.147236  0.277115  0.255227  0.685184  0.113022 
21  0.522109  0.492623  0.482007  0.333991  0.481495  0.501247  0.584676  0.554810  0.452025  0.354483  0.427177  0.499345  0.425243  0.421584  0.397237  0.551470  0.387989  0.507629  0.563242  0.426381  0.515027 0.0  0.403626  0.406199  0.583358  0.379499  0.589807  0.368731  0.452323  0.420123  0.366607  0.467575  0.472673  0.361373  0.491608  0.512818  0.434944  0.506195  0.406779  0.364949  0.362382  0.506072  0.415304  0.480395  0.508609  0.472205  0.423565  0.383651  0.486609  0.471136  0.383541  0.421889  0.407481  0.442807  0.426416  0.485320  0.448276  0.460002  0.403293  0.474661  0.526555  0.431321  0.497998  0.415650  0.447285  0.538018  0.540041  0.442564  0.466270  0.567249  0.411672  0.575300  0.407161  0.442039  0.461308  0.386620  0.489125  0.463326  0.516169  0.385174  0.553295  0.421505  0.347854  0.475514  0.496238  0.474751  0.369830  0.444928  0.381733  0.470434  0.533091  0.477109  0.346848  0.496175  0.437196  0.523817  0.396305  0.428695  0.417900  0.642798  0.386801  0.543988  0.460727  0.493419  0.389722  0.510412  0.465742  0.378971  0.505138  0.462005  0.499954  0.469354  0.505998  0.447254  0.567950  0.457691  0.435981  0.361599  0.560224  0.495487  0.464063  0.422702  0.409987  0.503098  0.418580  0.457288  0.402142  0.534991  0.504542  0.410024  0.364331  0.492300  0.534527  0.513939  0.463246  0.421848  0.388110  0.460659  0.454567  0.514059  0.471619  0.535056  0.478489  0.392230  0.440518  0.434017 
22  0.388954  0.639904  0.565187  0.375472  0.137019  0.308324  0.193294  0.116703  0.437841  0.068931  0.461906  0.275665  0.223715  0.491060  0.392138  0.150344  0.194731  0.362180  0.344137  0.268813  0.068946  0.403626 0.0  0.520738  0.331254  0.350094  0.178009  0.419377  0.148919  0.372787  0.039767  0.092339  0.140998  0.106457  0.489786  0.101636  0.523684  0.000000  0.000000  0.664457  0.080671  0.457493  0.400584  0.341546  0.134956  0.360583  0.143875  0.411062  0.116267  0.145716  0.410081  0.162845  0.472182  0.391550  0.424785  0.394688  0.188548  0.474949  0.337622  0.610887  0.409828  0.174440  0.231514  0.182157  0.082371  0.375597  0.505454  0.494879  0.074685  0.308134  0.139859  0.270467  0.207919  0.423871  0.124950  0.368723  0.037240  0.064916  0.553990  0.440179  0.110172  0.365823  0.289846  0.186846  0.124578  0.099170  0.208084  0.139076  0.153159  0.173809  0.144286  0.392758  0.438032  0.517317  0.421935  0.202580  0.354186  0.515162  0.149566  0.418297  0.119039  0.141848  0.116917  0.073256  0.203407  0.405015  0.297924  0.577243  0.440782  0.521394  0.112528  0.185635  0.069168  0.089501  0.479694  0.153870  0.138597  0.394658  0.099819  0.611947  0.112969  0.106973  0.004684  0.135072  0.203643  0.158512  0.034176  0.190964  0.321840  0.646702  0.110814  0.187154  0.196825  0.096070  0.122250  0.294604  0.089567  0.130376  0.306673  0.042876  0.483353  0.076596  0.215460  0.172349  0.604764  0.116513 
23  0.754438  0.082829  0.229429  0.816901  0.625721  0.821337  0.734505  0.423878  0.798717  0.674346  0.410157  0.486599  0.735152  0.430906  0.824154  0.608763  0.618338  0.322162  0.838665  0.657735  0.466681  0.406199  0.520738 0.0  0.853192  0.751282  0.510635  0.823124  0.525119  0.440959  0.498223  0.544957  0.522045  0.561912  0.599710  0.531478  0.150003  0.417679  0.568144  0.206451  0.497942  0.826816  0.831581  0.799850  0.543356  0.874200  0.424478  0.830124  0.640643  0.452674  0.721806  0.527476  0.961444  0.742639  0.753614  0.849964  0.461506  0.792064  0.701881  0.476980  0.753618  0.493791  0.448341  0.617784  0.437290  0.790837  0.755868  0.575344  0.584094  0.492835  0.633052  0.724150  0.445557  0.820587  0.489386  0.888895  0.535287  0.650368  0.243206  0.059976  0.470053  0.787581  0.526930  0.414261  0.544671  0.670333  0.489249  0.613586  0.535774  0.549828  0.423571  0.337881  0.889487  0.149555  0.773600  0.574321  0.653419  0.485008  0.534702  0.722402  0.584957  0.376594  0.446438  0.509002  0.554156  0.687124  0.663941  0.558948  0.881898  0.150037  0.522947  0.530654  0.647274  0.571034  0.635209  0.585775  0.641097  0.829266  0.468827  0.528225  0.627011  0.684527  0.585108  0.506129  0.621595  0.390263  0.529373  0.691358  0.711578  0.465278  0.487948  0.631082  0.581509  0.640615  0.508837  0.729718  0.518996  0.401032  0.639893  0.407907  0.718515  0.548685  0.647201  0.524731  0.042962  0.566691 
24  0.310978  0.678171  0.801327  0.154424  0.416020  0.130089  0.342397  0.321258  0.025648  0.368510  0.388904  0.380810  0.202091  0.459202  0.178647  0.520047  0.319549  0.674344  0.113282  0.242243  0.423378  0.583358  0.331254  0.853192 0.0  0.113621  0.381250  0.469789  0.376775  0.601877  0.456259  0.324132  0.401133  0.392082  0.819263  0.426710  0.750780  0.360809  0.319298  0.795810  0.360638  0.228722  0.102393  0.023151  0.377906  0.099144  0.400135  0.126677  0.367228  0.506823  0.134278  0.432614  0.035938  0.448438  0.411378  0.223252  0.333352  0.067557  0.313554  0.719643  0.201507  0.377569  0.337734  0.389313  0.360614  0.169391  0.061049  0.819535  0.506189  0.357669  0.410609  0.302319  0.359065  0.149754  0.504396  0.193558  0.383328  0.420229  0.826648  0.789198  0.353746  0.472593  0.296168  0.419434  0.399686  0.405690  0.414394  0.419745  0.400617  0.333003  0.408635  0.576226  0.133372  0.729559  0.234744  0.370654  0.459912  0.781945  0.318418  0.491185  0.399480  0.406327  0.497730  0.447652  0.374330  0.392214  0.229132  0.794769  0.267885  0.819400  0.346614  0.447284  0.432555  0.381519  0.822981  0.491573  0.384309  0.198329  0.369211  0.868834  0.374855  0.316655  0.418728  0.347077  0.422048  0.364060  0.387819  0.163779  0.383757  0.872699  0.394670  0.244541  0.263697  0.353888  0.409021  0.282736  0.434041  0.414608  0.341814  0.389188  0.339032  0.455041  0.162212  0.374011  0.765536  0.382558 
25  0.291055  0.642332  0.770895  0.194536  0.350867  0.251923  0.292878  0.309128  0.325036  0.268102  0.525902  0.258314  0.242262  0.535920  0.206784  0.269666  0.274099  0.460781  0.325212  0.269530  0.285856  0.379499  0.350094  0.751282  0.113621 0.0  0.319297  0.363563  0.329546  0.557932  0.208840  0.281248  0.108577  0.276065  0.738818  0.213201  0.729769  0.255799  0.272040  0.676543  0.240739  0.269473  0.299607  0.382415  0.217434  0.279995  0.292422  0.142887  0.294443  0.240607  0.379482  0.301219  0.175412  0.228659  0.342478  0.245069  0.197659  0.261283  0.232879  0.609293  0.353611  0.214767  0.235343  0.234109  0.311288  0.253174  0.226760  0.550756  0.286980  0.337594  0.221358  0.209362  0.262282  0.295208  0.298035  0.226229  0.252445  0.297611  0.764467  0.547385  0.249841  0.228217  0.198611  0.200172  0.265696  0.323039  0.202757  0.216936  0.290889  0.287285  0.224651  0.400055  0.269761  0.677934  0.375617  0.363417  0.234140  0.681835  0.393003  0.265014  0.222372  0.294542  0.201454  0.342636  0.238968  0.269363  0.284869  0.646366  0.254529  0.610341  0.260143  0.218456  0.332068  0.292107  0.707252  0.292516  0.258787  0.248978  0.345440  0.629255  0.261928  0.191028  0.290559  0.335967  0.245075  0.219242  0.278479  0.298596  0.281877  0.668137  0.322347  0.088432  0.273775  0.259559  0.254193  0.246418  0.235192  0.214163  0.250464  0.272649  0.356446  0.383449  0.282288  0.346571  0.601490  0.269957 
26  0.380943  0.421441  0.473976  0.381264  0.036394  0.298104  0.191084  0.174156  0.244533  0.127474  0.469657  0.080264  0.286841  0.515087  0.329424  0.043840  0.017025  0.259694  0.271912  0.290061  0.095385  0.589807  0.178009  0.510635  0.381250  0.319297 0.0  0.359928  0.069654  0.355291  0.100007  0.041145  0.208872  0.071011  0.521482  0.143913  0.438326  0.000000  0.185479  0.753118  0.000000  0.395426  0.252019  0.363748  0.145461  0.426740  0.118467  0.311695  0.050370  0.123332  0.347102  0.085564  0.412789  0.558961  0.235763  0.358551  0.036923  0.416529  0.262784  0.539177  0.385361  0.170384  0.202905  0.001390  0.000000  0.359173  0.410007  0.424342  0.088870  0.332611  0.010053  0.181293  0.040464  0.417416  0.063328  0.313024  0.158693  0.026825  0.453089  0.600423  0.266326  0.372673  0.266554  0.020450  0.164906  0.024795  0.000000  0.069425  0.103553  0.133299  0.059909  0.385300  0.335533  0.447663  0.488091  0.032005  0.377018  0.445374  0.072867  0.373660  0.065957  0.287216  0.101274  0.208087  0.052515  0.370651  0.231367  0.546205  0.422617  0.604627  0.088309  0.000000  0.044167  0.229024  0.589617  0.210385  0.087497  0.311318  0.047324  0.496728  0.044174  0.023391  0.040361  0.000000  0.146594  0.228318  0.103452  0.163600  0.120788  0.443552  0.122568  0.273385  0.334275  0.165205  0.115481  0.276743  0.118534  0.145597  0.289568  0.065183  0.447017  0.130663  0.281458  0.048932  0.465660  0.153737 
