146
0 0.0  0.854759  0.880980  0.343800  0.409100  0.479398  0.353438  0.431929  0.538497  0.503954  0.350677  0.513712  0.470739  0.705658  0.513739  0.397155  0.670643  0.716603  0.561258  0.492147  0.532222  0.716307  0.534830  0.656598  0.679580  0.703872  0.558959  0.538697  0.507478  0.493905  0.427473  0.360813  0.338932  0.550250  0.738840  0.477805  0.712996  0.664145  0.495243  0.779609  0.677408  0.453001  0.270945  0.409960  0.680573  0.412723  0.515299  0.304909  0.489419  0.582119  0.370726  0.512052  0.262753  0.326179  0.541963  0.582734  0.401263  0.518349  0.485863  0.630194  0.389962  0.298370  0.576079  0.673805  0.547402  0.512749  0.319633  0.783181  0.742973  0.567165  0.435429  0.375664  0.536067  0.497173  0.524202  0.331756  0.432179  0.427626  0.560848  0.665400  0.462706  0.375431  0.735562  0.471587  0.517956  0.525938  0.468049  0.459984  0.724464  0.572282  0.513468  0.625476  0.651904  0.658533  0.446997  0.556202  0.549811  0.874440  0.506961  0.438976  0.574421  0.545094  0.558240  0.606149  0.446152  0.477533  0.590522  0.863931  0.422520  0.573742  0.499538  0.356070  0.434704  0.415127  0.565462  0.485358  0.528322  0.523979  0.386927  0.751084  0.571632  0.405894  0.521512  0.650540  0.334878  0.407547  0.403630  0.589770  0.641634  0.558908  0.482559  0.432611  0.417688  0.568916  0.691122  0.313398  0.572507  0.574318  0.466606  0.603370  0.459473  0.522653  0.566234  0.500642  0.620034  0.443933 
1  0.854759 0.0  0.299163  0.854354  0.733840  0.755530  0.756827  0.708806  0.900089  0.719196  0.747624  0.703207  0.728862  0.640784  0.799510  0.809922  0.678533  0.629777  0.787154  0.774601  0.652864  0.654743  0.740635  0.416324  0.807033  0.805763  0.820571  0.844235  0.788321  0.746253  0.689355  0.803335  0.758190  0.707578  0.593459  0.737906  0.624208  0.595458  0.819635  0.372519  0.816293  0.804786  0.829465  0.760457  0.724798  0.808476  0.777564  0.813775  0.734749  0.683668  0.732955  0.800540  0.868189  0.804583  0.770297  0.842704  0.726546  0.772189  0.795920  0.761956  0.975449  0.823627  0.823776  0.842647  0.732750  0.827475  0.882299  0.546374  0.692440  0.748611  0.757101  0.833692  0.784839  0.887770  0.843951  0.860382  0.803306  0.745753  0.665128  0.462094  0.766872  0.929966  0.782151  0.881361  0.864326  0.826068  0.763390  0.760776  0.743687  0.805542  0.843045  0.715754  0.730909  0.463792  0.877219  0.737437  0.890033  0.497046  0.709884  0.821252  0.725136  0.840822  0.881550  0.767289  0.762722  0.846023  0.862160  0.789535  0.827851  0.662073  0.744937  0.800690  0.701100  0.685301  0.678508  0.749954  0.718637  0.797945  0.895874  0.487868  0.860377  0.795827  0.750721  0.584650  0.739386  0.816289  0.840683  0.769237  0.653040  0.787143  0.778515  0.890413  0.735848  0.711893  0.776118  0.725347  0.807845  0.882146  0.799637  0.708637  0.889630  0.801043  0.741369  0.757333  0.682917  0.738261 
2  0.880980  0.299163 0.0  0.903963  0.718407  0.880414  0.813792  0.696281  0.788788  0.824870  0.591286  0.827681  0.805069  0.704215  0.787179  0.743149  0.731626  0.684739  0.812796  0.711052  0.766464  0.591830  0.806899  0.500985  0.891796  0.899673  0.857052  0.950255  0.740494  0.731771  0.792673  0.816021  0.690726  0.868597  0.655073  0.786390  0.603706  0.783585  0.743111  0.483753  0.765977  0.836004  0.866045  0.915223  0.692660  0.866754  0.784611  0.781685  0.776367  0.786015  0.897275  0.744763  0.812433  0.860091  0.926342  0.826209  0.802691  0.773524  0.533687  0.783589  0.781424  0.784701  0.740897  0.776119  0.779160  0.904779  0.808489  0.606626  0.894038  0.725843  0.824689  0.840350  0.767230  0.869299  0.867464  0.805396  0.757670  0.962794  0.730338  0.511281  0.753552  0.913504  0.756239  0.576692  0.640484  0.802393  0.637888  0.841128  0.678359  0.857466  0.774436  0.773511  0.809785  0.453059  0.854128  0.756102  0.824148  0.495015  0.887831  0.769024  0.868281  0.742070  0.954442  0.759508  0.806760  0.900876  0.814281  0.683983  0.886050  0.553685  0.603224  0.823938  0.716286  0.833022  0.765619  0.769048  0.640405  0.918931  0.872431  0.669746  0.826807  0.816366  0.743562  0.535132  0.763305  0.741958  0.725053  0.693864  0.805137  0.817562  0.866197  0.805945  0.735318  0.701033  0.789770  0.904345  0.744452  0.743970  0.864177  0.672413  0.868241  0.787902  0.738731  0.693613  0.544336  0.680499 
3  0.343800  0.854354  0.903963 0.0  0.394722  0.609921  0.365540  0.560071  0.444094  0.527380  0.387889  0.478764  0.402651  0.762346  0.487331  0.551167  0.747090  0.702915  0.487888  0.521829  0.403400  0.714127  0.530130  0.757312  0.580654  0.813093  0.506122  0.435977  0.583044  0.479828  0.583103  0.393743  0.524559  0.677583  0.936477  0.598817  0.666964  0.688735  0.489896  0.828034  0.746357  0.428497  0.322233  0.242496  0.658565  0.447068  0.433234  0.302223  0.483906  0.599614  0.340678  0.572304  0.313519  0.483205  0.654143  0.439410  0.511250  0.363063  0.656531  0.639316  0.295641  0.401359  0.421491  0.788276  0.505355  0.347399  0.272490  0.874336  0.708519  0.624189  0.529611  0.360802  0.516859  0.440980  0.565621  0.351238  0.485775  0.428122  0.627394  0.797924  0.421184  0.571563  0.780995  0.351553  0.380331  0.559365  0.540315  0.548340  0.674089  0.640843  0.539122  0.597598  0.458989  0.771927  0.314422  0.672873  0.548902  0.858218  0.444760  0.356196  0.470120  0.595391  0.625863  0.509098  0.521475  0.521524  0.404457  0.899046  0.316963  0.578684  0.420130  0.575544  0.433796  0.422235  0.638119  0.527552  0.434449  0.598238  0.498856  0.892275  0.579591  0.431122  0.438328  0.687793  0.406477  0.498779  0.512644  0.627304  0.832704  0.574555  0.560585  0.415753  0.505649  0.554923  0.615388  0.447236  0.552546  0.481171  0.530915  0.685933  0.592429  0.516820  0.701064  0.510628  0.556129  0.601114 
4  0.409100  0.733840  0.718407  0.394722 0.0  0.697766  0.474655  0.311591  0.680155  0.410861  0.477529  0.480759  0.551683  0.730206  0.618846  0.360452  0.626401  0.641610  0.471183  0.381865  0.254223  0.679564  0.348452  0.645672  0.625845  0.698300  0.486761  0.576390  0.383993  0.459565  0.469739  0.358624  0.270727  0.515569  0.737288  0.409115  0.530112  0.550357  0.405339  0.783150  0.572503  0.556980  0.450139  0.436864  0.630419  0.534509  0.473169  0.387122  0.428542  0.407334  0.458317  0.432954  0.372511  0.485306  0.577519  0.496633  0.433609  0.617312  0.636698  0.434582  0.572388  0.456569  0.435299  0.700953  0.453546  0.442624  0.486090  0.846563  0.659113  0.525976  0.408217  0.394535  0.497426  0.556357  0.487236  0.397479  0.385419  0.257155  0.556711  0.681691  0.434495  0.525044  0.666623  0.371913  0.351181  0.365703  0.477981  0.466203  0.549036  0.571137  0.429828  0.489001  0.694409  0.708270  0.362321  0.572618  0.425659  0.885633  0.466458  0.429223  0.444508  0.606574  0.524467  0.452306  0.357469  0.464889  0.620092  0.810785  0.389184  0.485018  0.461924  0.380010  0.371443  0.472707  0.666933  0.346729  0.523522  0.557833  0.393605  0.749828  0.306680  0.384894  0.326731  0.669470  0.416751  0.398156  0.284447  0.508707  0.621326  0.621824  0.510759  0.392918  0.528582  0.504205  0.657432  0.490555  0.507793  0.330100  0.382789  0.583369  0.451326  0.351944  0.573716  0.433486  0.555521  0.385290 
5  0.479398  0.755530  0.880414  0.609921  0.697766 0.0  0.556885  0.524000  0.527489  0.707733  0.670469  0.681094  0.520508  0.728028  0.541845  0.591032  0.715459  0.655460  0.574975  0.447279  0.578149  0.860966  0.708235  0.713603  0.667341  0.566322  0.654058  0.673535  0.749630  0.698357  0.665472  0.687643  0.688767  0.752007  0.847786  0.708822  0.825421  0.664699  0.663071  0.769164  0.645655  0.439345  0.528209  0.554129  0.704019  0.654411  0.601528  0.550290  0.623697  0.657294  0.575446  0.622864  0.472059  0.612615  0.537549  0.687044  0.620902  0.384620  0.602540  0.708594  0.586459  0.554237  0.692185  0.757676  0.648870  0.674206  0.588958  0.788613  0.720144  0.477562  0.578619  0.613322  0.670878  0.508142  0.754984  0.545560  0.646157  0.634608  0.755639  0.813319  0.661720  0.587436  0.647586  0.638379  0.643846  0.703038  0.408223  0.674508  0.643719  0.643811  0.633243  0.608229  0.324790  0.631071  0.614452  0.368924  0.636311  0.874111  0.737275  0.554462  0.644872  0.667707  0.760379  0.527963  0.610214  0.645918  0.600315  0.877487  0.603387  0.905353  0.744056  0.756713  0.722608  0.700139  0.755921  0.574262  0.639116  0.438246  0.668051  0.825960  0.693274  0.580140  0.627441  0.610967  0.571473  0.690965  0.639945  0.513822  0.703607  0.810302  0.626584  0.565903  0.600241  0.579014  0.613036  0.566348  0.728940  0.649779  0.554692  0.658114  0.578610  0.585086  0.527969  0.621294  0.676764  0.578388 
6  0.353438  0.756827  0.813792  0.365540  0.474655  0.556885 0.0  0.491825  0.510977  0.525472  0.403233  0.413496  0.404367  0.724363  0.481777  0.444741  0.583881  0.633772  0.447175  0.582241  0.398048  0.718795  0.494011  0.654446  0.810580  0.676932  0.447518  0.521409  0.471161  0.589017  0.394862  0.307486  0.453275  0.564671  0.746436  0.410171  0.759661  0.817797  0.437753  0.744225  0.647507  0.442572  0.365511  0.297947  0.531751  0.517972  0.451634  0.317203  0.480690  0.553375  0.429703  0.557883  0.370790  0.548542  0.571464  0.561521  0.572338  0.515714  0.569613  0.591494  0.539585  0.467394  0.529528  0.542566  0.556545  0.270434  0.205029  0.761645  0.723785  0.559154  0.418874  0.402349  0.482948  0.604795  0.487234  0.403265  0.450402  0.482635  0.487475  0.715434  0.524282  0.492200  0.686768  0.349221  0.465816  0.333876  0.560751  0.520056  0.631169  0.493653  0.528763  0.519580  0.565582  0.680888  0.479357  0.560879  0.468099  0.894299  0.471860  0.419906  0.541045  0.394237  0.589123  0.613336  0.315943  0.423620  0.443593  0.777079  0.276683  0.535985  0.445823  0.336405  0.388657  0.357620  0.609084  0.441410  0.483587  0.578444  0.319347  0.875072  0.596091  0.399317  0.425899  0.570984  0.343132  0.424358  0.510803  0.606394  0.762556  0.630745  0.459209  0.306761  0.556431  0.543137  0.579964  0.317665  0.557339  0.459179  0.524544  0.704095  0.418031  0.349962  0.621892  0.567875  0.669480  0.436546 
7  0.431929  0.708806  0.696281  0.560071  0.311591  0.524000  0.491825 0.0  0.490785  0.261722  0.490585  0.256696  0.441318  0.713576  0.553269  0.473618  0.592622  0.621194  0.481048  0.493992  0.369265  0.696771  0.453174  0.681409  0.695771  0.562268  0.372174  0.455250  0.399439  0.453902  0.437390  0.421900  0.550528  0.329714  0.749739  0.476624  0.381288  0.498801  0.402831  0.786035  0.579468  0.511851  0.489161  0.481828  0.579162  0.615903  0.497345  0.502389  0.243745  0.298462  0.463370  0.394300  0.710496  0.455182  0.598165  0.405165  0.341068  0.575656  0.576114  0.428807  0.516199  0.505005  0.328134  0.765845  0.445814  0.540796  0.465715  0.681118  0.674678  0.463236  0.349051  0.324325  0.383201  0.537020  0.392843  0.601148  0.568521  0.477133  0.493433  0.760234  0.328104  0.546218  0.550673  0.479895  0.449538  0.431782  0.413795  0.222381  0.626169  0.409655  0.442245  0.460570  0.682598  0.654436  0.593199  0.545272  0.357049  0.858552  0.312318  0.446740  0.371804  0.301696  0.473601  0.394464  0.447109  0.440866  0.369015  0.684620  0.469794  0.537617  0.383936  0.441866  0.357619  0.547591  0.621458  0.414960  0.482382  0.506677  0.378257  0.707210  0.427340  0.401631  0.404892  0.435968  0.454445  0.505160  0.463792  0.587766  0.714046  0.522492  0.308906  0.520317  0.624891  0.516775  0.671012  0.404507  0.431501  0.505217  0.466578  0.609681  0.451113  0.479696  0.684516  0.387888  0.433226  0.537708 
8  0.538497  0.900089  0.788788  0.444094  0.680155  0.527489  0.510977  0.490785 0.0  0.642449  0.552691  0.604182  0.565736  0.716143  0.340826  0.544265  0.789672  0.780216  0.548708  0.442319  0.594742  0.687714  0.601924  0.847627  0.717792  0.655886  0.563499  0.457359  0.579573  0.673760  0.673966  0.583042  0.498009  0.641600  0.800876  0.539672  0.647685  0.654560  0.631791  0.817701  0.684357  0.461970  0.549132  0.487990  0.789712  0.517018  0.458333  0.587584  0.707765  0.509019  0.476934  0.510851  0.401601  0.612839  0.689064  0.517579  0.588087  0.389133  0.516796  0.742089  0.383132  0.480230  0.605225  0.728754  0.574025  0.562478  0.442513  0.752268  0.716387  0.480143  0.547123  0.512413  0.641300  0.331392  0.585719  0.488483  0.578110  0.536129  0.680453  0.879458  0.627445  0.550567  0.623811  0.541626  0.497360  0.609125  0.459294  0.513238  0.601619  0.549136  0.710790  0.638959  0.431500  0.624476  0.479165  0.733731  0.573945  0.950657  0.627285  0.604877  0.479906  0.473136  0.486229  0.554531  0.566915  0.543668  0.543615  0.816202  0.540699  0.647724  0.581900  0.603284  0.646340  0.411363  0.714814  0.547593  0.669193  0.569356  0.597115  0.752517  0.638026  0.520828  0.515831  0.686313  0.607324  0.572496  0.522690  0.512950  0.734041  0.578641  0.542424  0.526934  0.556681  0.524285  0.627835  0.530807  0.602281  0.401391  0.607745  0.665135  0.600446  0.624298  0.664196  0.489137  0.669837  0.521937 
9  0.503954  0.719196  0.824870  0.527380  0.410861  0.707733  0.525472  0.261722  0.642449 0.0  0.494267  0.435287  0.482851  0.764589  0.625079  0.445216  0.640943  0.776602  0.626411  0.512512  0.395486  0.760557  0.483974  0.662693  0.774717  0.788448  0.301321  0.393105  0.338671  0.535004  0.389832  0.508270  0.374609  0.358524  0.870072  0.514703  0.415153  0.719827  0.421967  0.713420  0.580252  0.550459  0.509247  0.555820  0.678785  0.556704  0.388993  0.541000  0.411261  0.289547  0.479261  0.372111  0.534145  0.350768  0.535047  0.413141  0.460071  0.625955  0.497901  0.394292  0.409311  0.419574  0.363271  0.695754  0.412075  0.765306  0.552703  0.889992  0.729731  0.523245  0.379170  0.451805  0.375212  0.502362  0.453335  0.599494  0.434361  0.540487  0.514850  0.852141  0.370142  0.385883  0.659573  0.428232  0.418322  0.377124  0.371592  0.476224  0.597903  0.383532  0.389945  0.405300  0.603442  0.703326  0.530509  0.588831  0.441120  0.747748  0.517958  0.283614  0.469953  0.261114  0.360863  0.411628  0.426764  0.392757  0.446248  0.827186  0.614165  0.620292  0.419233  0.431555  0.500891  0.559582  0.536277  0.469125  0.526196  0.598349  0.471633  0.631136  0.474285  0.387704  0.490551  0.715948  0.524936  0.478668  0.436104  0.535331  0.716377  0.594737  0.371740  0.485182  0.605362  0.529183  0.676864  0.467912  0.368291  0.485180  0.332926  0.565419  0.351149  0.420860  0.757207  0.410586  0.386113  0.458810 
10  0.350677  0.747624  0.591286  0.387889  0.477529  0.670469  0.403233  0.490585  0.552691  0.494267 0.0  0.529973  0.546187  0.651852  0.548979  0.423635  0.780893  0.678438  0.513374  0.613081  0.466893  0.797751  0.607557  0.614044  0.596185  0.812381  0.656960  0.501775  0.680638  0.430215  0.500656  0.525475  0.486137  0.550243  0.852546  0.454462  0.553346  0.749718  0.574216  0.722325  0.736923  0.520548  0.399455  0.510115  0.731691  0.553917  0.471910  0.532146  0.476672  0.503060  0.494732  0.604446  0.248646  0.526913  0.641728  0.483658  0.572952  0.612365  0.686435  0.571691  0.489408  0.443669  0.549208  0.752175  0.522616  0.385959  0.327387  0.656764  0.828662  0.554171  0.431650  0.489695  0.663932  0.585019  0.555960  0.395549  0.402720  0.446544  0.509643  0.723602  0.666534  0.546207  0.757694  0.470964  0.464705  0.628895  0.592542  0.513157  0.685969  0.656521  0.496901  0.513912  0.680370  0.665112  0.338627  0.586884  0.480605  0.782202  0.613654  0.585619  0.491310  0.558075  0.627052  0.647498  0.592605  0.411159  0.572475  0.689339  0.333883  0.433554  0.507967  0.561222  0.534241  0.467418  0.613234  0.450953  0.629486  0.627802  0.290665  0.839410  0.591344  0.452993  0.466004  0.762046  0.511597  0.555372  0.549337  0.581266  0.685694  0.509805  0.535036  0.454630  0.604492  0.700198  0.810863  0.410955  0.434427  0.556876  0.530187  0.712968  0.594916  0.467948  0.697761  0.620585  0.599841  0.563981 
11  0.513712  0.703207  0.827681  0.478764  0.480759  0.681094  0.413496  0.256696  0.604182  0.435287  0.529973 0.0  0.398603  0.805212  0.693266  0.433400  0.554623  0.644251  0.456397  0.551488  0.479166  0.733695  0.440150  0.684805  0.699005  0.671864  0.420091  0.398755  0.394438  0.580783  0.357937  0.467464  0.425989  0.393424  0.835833  0.363158  0.642705  0.545475  0.448665  0.890480  0.651886  0.462435  0.549195  0.575753  0.548673  0.542316  0.351459  0.563515  0.463210  0.393270  0.524399  0.319914  0.520052  0.437853  0.507041  0.479442  0.293831  0.567981  0.613193  0.591692  0.528361  0.501991  0.408279  0.610272  0.485805  0.656310  0.515811  0.851371  0.698491  0.419095  0.437627  0.503369  0.440164  0.598717  0.419267  0.530390  0.440527  0.473589  0.507031  0.818267  0.370966  0.470532  0.633733  0.393692  0.453012  0.323182  0.493108  0.393369  0.467795  0.302289  0.439996  0.575251  0.704133  0.636398  0.539646  0.652227  0.428110  0.875284  0.366438  0.554721  0.597399  0.390358  0.423643  0.378834  0.342805  0.522683  0.418399  0.805757  0.541508  0.561239  0.316314  0.412455  0.453156  0.438986  0.518815  0.463272  0.569195  0.505075  0.571505  0.821690  0.467891  0.498118  0.517934  0.548893  0.440131  0.525048  0.404785  0.678525  0.496678  0.444201  0.410734  0.473806  0.517741  0.400507  0.690579  0.519856  0.450695  0.412872  0.384018  0.573591  0.501546  0.338280  0.685661  0.548574  0.511784  0.406967 
12  0.470739  0.728862  0.805069  0.402651  0.551683  0.520508  0.404367  0.441318  0.565736  0.482851  0.546187  0.398603 0.0  0.749834  0.509977  0.508038  0.697484  0.792882  0.339875  0.614653  0.441906  0.762841  0.455577  0.681557  0.672223  0.727854  0.301155  0.411335  0.438584  0.595959  0.351635  0.470111  0.451071  0.446025  0.803327  0.497663  0.469631  0.755076  0.466539  0.748973  0.653929  0.409514  0.464838  0.458326  0.746911  0.528843  0.400652  0.435884  0.530032  0.584692  0.467596  0.408661  0.541476  0.417829  0.589603  0.435352  0.404279  0.516087  0.444408  0.471328  0.465998  0.464637  0.346500  0.758994  0.551880  0.405247  0.494256  0.800080  0.613076  0.493142  0.488873  0.539646  0.463553  0.533232  0.426001  0.443022  0.512002  0.570709  0.525219  0.719415  0.374610  0.461707  0.626906  0.488570  0.561373  0.468075  0.494270  0.398256  0.632391  0.481893  0.477169  0.448403  0.651143  0.666377  0.477039  0.503285  0.489415  0.778001  0.591417  0.463571  0.469809  0.374293  0.428671  0.571910  0.504082  0.375892  0.447941  0.719461  0.553176  0.551635  0.434090  0.531114  0.469218  0.569709  0.601946  0.514516  0.691142  0.544264  0.498175  0.747822  0.446683  0.410296  0.473150  0.683690  0.437408  0.438153  0.351833  0.543747  0.651549  0.500920  0.418229  0.479320  0.486296  0.564783  0.700727  0.409100  0.426809  0.479837  0.376871  0.537961  0.443110  0.348297  0.623741  0.525074  0.594425  0.415545 
13  0.705658  0.640784  0.704215  0.762346  0.730206  0.728028  0.724363  0.713576  0.716143  0.764589  0.651852  0.805212  0.749834 0.0  0.481082  0.888639  0.732388  0.686539  0.724359  0.716713  0.843900  0.710463  0.697900  0.631865  0.642081  0.653654  0.670134  0.703057  0.780972  0.731722  0.752957  0.784890  0.737646  0.836581  0.611464  0.799130  0.648332  0.677697  0.735887  0.683664  0.749060  0.683049  0.867996  0.783447  0.463017  0.771448  0.696023  0.640279  0.723221  0.762675  0.743332  0.732736  0.770123  0.739772  0.788451  0.795324  0.740738  0.628898  0.779609  0.680313  0.756625  0.817605  0.764129  0.669825  0.680173  0.696327  0.744295  0.743295  0.733543  0.565041  0.777076  0.844243  0.780221  0.798758  0.787313  0.790479  0.693698  0.729235  0.668457  0.702723  0.791752  0.786791  0.781549  0.719145  0.661835  0.649659  0.592682  0.701353  0.787730  0.777084  0.652281  0.748601  0.667691  0.638562  0.762431  0.648037  0.753305  0.713799  0.608072  0.650560  0.730118  0.796858  0.771439  0.758180  0.720974  0.656968  0.707888  0.614978  0.709146  0.768638  0.749774  0.776173  0.753765  0.700343  0.718696  0.790954  0.521785  0.711260  0.745692  0.696323  0.647032  0.714445  0.702446  0.587330  0.806737  0.915647  0.747561  0.796784  0.547847  0.707674  0.647000  0.769955  0.742779  0.695814  0.730446  0.698356  0.681830  0.760030  0.763847  0.735837  0.722407  0.706102  0.707657  0.802668  0.722850  0.632386 
14  0.513739  0.799510  0.787179  0.487331  0.618846  0.541845  0.481777  0.553269  0.340826  0.625079  0.548979  0.693266  0.509977  0.481082 0.0  0.594258  0.617046  0.767690  0.600213  0.484380  0.577628  0.687304  0.624694  0.622299  0.656242  0.584520  0.586568  0.525338  0.580102  0.618837  0.472963  0.604628  0.610276  0.656286  0.857135  0.513893  0.725571  0.725870  0.561287  0.733680  0.701620  0.343211  0.491069  0.509934  0.730655  0.459290  0.461836  0.494762  0.612865  0.508313  0.539371  0.603956  0.449085  0.606729  0.542836  0.491890  0.468484  0.375279  0.523794  0.704134  0.523276  0.525197  0.567174  0.810193  0.618782  0.491213  0.385754  0.876491  0.674107  0.507565  0.503576  0.605778  0.650897  0.206812  0.609433  0.441100  0.580592  0.514624  0.673385  0.797386  0.549228  0.565890  0.655861  0.545559  0.600566  0.623403  0.469685  0.581366  0.629508  0.602336  0.645413  0.679167  0.457593  0.646246  0.509818  0.692704  0.553911  0.906737  0.572187  0.537907  0.557192  0.607925  0.587223  0.579796  0.570597  0.572136  0.460722  0.872242  0.475214  0.703128  0.501011  0.603823  0.586215  0.530862  0.694590  0.612496  0.532679  0.435368  0.461141  0.778848  0.732921  0.571798  0.584795  0.681501  0.449986  0.528208  0.453864  0.586370  0.640157  0.677389  0.459956  0.515347  0.533784  0.611095  0.713008  0.528743  0.495630  0.547727  0.647186  0.643763  0.503637  0.641396  0.608944  0.552567  0.574676  0.562027 
15  0.397155  0.809922  0.743149  0.551167  0.360452  0.591032  0.444741  0.473618  0.544265  0.445216  0.423635  0.433400  0.508038  0.888639  0.594258 0.0  0.611165  0.616280  0.566963  0.521538  0.260293  0.732131  0.354350  0.725149  0.712849  0.779689  0.433264  0.590775  0.430361  0.453214  0.547485  0.432763  0.296217  0.464407  0.789267  0.313687  0.507056  0.615058  0.489363  0.729262  0.590056  0.532778  0.530229  0.498088  0.701170  0.481571  0.273152  0.513379  0.437860  0.500803  0.470847  0.500091  0.551063  0.469569  0.685904  0.590673  0.368903  0.489127  0.582678  0.606049  0.511829  0.394575  0.421335  0.702628  0.499691  0.433962  0.572072  0.711485  0.692211  0.596618  0.444519  0.406651  0.471357  0.671604  0.481442  0.475670  0.301723  0.399557  0.564737  0.714643  0.340628  0.439718  0.650286  0.324218  0.288666  0.287042  0.374244  0.468394  0.511242  0.452722  0.245327  0.502191  0.728844  0.624048  0.488147  0.568398  0.368998  0.777169  0.548411  0.501586  0.503589  0.497277  0.472433  0.404781  0.371033  0.504261  0.499261  0.785840  0.560293  0.442714  0.233045  0.315558  0.388600  0.444251  0.646197  0.394917  0.452925  0.576892  0.268893  0.680257  0.598204  0.387756  0.341673  0.630043  0.383121  0.179625  0.399233  0.590185  0.714359  0.377860  0.338176  0.408541  0.563796  0.545571  0.615696  0.539517  0.438845  0.466232  0.466824  0.616055  0.593163  0.305786  0.710793  0.439888  0.538354  0.392876 
16  0.670643  0.678533  0.731626  0.747090  0.626401  0.715459  0.583881  0.592622  0.789672  0.640943  0.780893  0.554623  0.697484  0.732388  0.617046  0.611165 0.0  0.711774  0.862540  0.632120  0.624678  0.745318  0.608436  0.687404  0.550969  0.572914  0.485203  0.707491  0.564698  0.820445  0.751196  0.648752  0.565258  0.667986  0.761454  0.492687  0.720801  0.540809  0.596199  0.732892  0.533617  0.632530  0.610134  0.733098  0.678818  0.822747  0.671890  0.821437  0.645538  0.581218  0.743165  0.648336  0.726086  0.635793  0.594482  0.625292  0.668567  0.672663  0.569022  0.747974  0.710327  0.567978  0.546178  0.783891  0.714961  0.798366  0.671047  0.688185  0.649206  0.661394  0.633836  0.596027  0.625073  0.682082  0.532682  0.680509  0.604908  0.585775  0.792039  0.665127  0.576432  0.690647  0.631210  0.602610  0.735799  0.681445  0.463533  0.541993  0.324643  0.727463  0.587120  0.704483  0.712471  0.706142  0.746699  0.565266  0.636218  0.755382  0.585465  0.705982  0.603554  0.614803  0.687438  0.653513  0.653729  0.681096  0.649241  0.646854  0.709004  0.795760  0.544836  0.666961  0.631646  0.574090  0.639549  0.574282  0.371439  0.738673  0.633813  0.710428  0.727559  0.581983  0.622083  0.578373  0.571999  0.552224  0.770190  0.686196  0.682960  0.688982  0.637605  0.742173  0.621012  0.675329  0.607543  0.600197  0.600699  0.669145  0.755712  0.434730  0.721951  0.658010  0.607712  0.619620  0.753423  0.593949 
17  0.716603  0.629777  0.684739  0.702915  0.641610  0.655460  0.633772  0.621194  0.780216  0.776602  0.678438  0.644251  0.792882  0.686539  0.767690  0.616280  0.711774 0.0  0.734221  0.647925  0.676570  0.624307  0.626685  0.662910  0.742241  0.697429  0.641996  0.745779  0.727293  0.568494  0.591497  0.649765  0.633764  0.718353  0.564555  0.578640  0.733735  0.581244  0.579027  0.603026  0.592914  0.821548  0.676608  0.742827  0.529557  0.741512  0.690997  0.530782  0.715281  0.560004  0.702598  0.701850  0.769415  0.770910  0.722940  0.759079  0.764819  0.675839  0.653171  0.613209  0.751141  0.676304  0.594002  0.618640  0.602549  0.647463  0.697012  0.624170  0.639289  0.587942  0.621788  0.664250  0.664235  0.618714  0.699139  0.673999  0.669351  0.709197  0.605085  0.574124  0.696824  0.673941  0.632623  0.584270  0.642305  0.697942  0.575025  0.602741  0.657298  0.753552  0.770531  0.706180  0.711482  0.447642  0.723690  0.639579  0.801395  0.647590  0.595997  0.717361  0.689630  0.704096  0.696183  0.721815  0.702176  0.688997  0.763896  0.752066  0.564892  0.659090  0.659181  0.739627  0.666825  0.606476  0.601662  0.660287  0.435824  0.583802  0.613196  0.621115  0.698909  0.497241  0.605203  0.572876  0.564032  0.701685  0.610436  0.627285  0.552572  0.574404  0.674004  0.645634  0.606659  0.681677  0.558660  0.686908  0.635535  0.552090  0.666839  0.730753  0.732125  0.617562  0.630970  0.589085  0.655863  0.642230 
18  0.561258  0.787154  0.812796  0.487888  0.471183  0.574975  0.447175  0.481048  0.548708  0.626411  0.513374  0.456397  0.339875  0.724359  0.600213  0.566963  0.862540  0.734221 0.0  0.540426  0.465211  0.723782  0.446982  0.808299  0.713965  0.707734  0.434641  0.394072  0.424244  0.573584  0.418650  0.560852  0.397038  0.570783  0.822480  0.524004  0.580742  0.633911  0.508461  0.773716  0.766199  0.437430  0.409749  0.509927  0.730882  0.530044  0.438084  0.476068  0.533348  0.318566  0.481485  0.446837  0.382242  0.508902  0.596080  0.388442  0.437507  0.395392  0.517092  0.558101  0.459339  0.471623  0.362528  0.687088  0.523556  0.478779  0.398542  0.886691  0.743748  0.499992  0.523739  0.433992  0.544914  0.477916  0.571936  0.425115  0.354401  0.501772  0.653080  0.910636  0.431070  0.525001  0.683766  0.500211  0.587827  0.459324  0.425243  0.462148  0.601380  0.608320  0.415194  0.556581  0.530307  0.686124  0.391517  0.640945  0.557797  0.785429  0.608549  0.423553  0.491971  0.610827  0.514847  0.495053  0.471243  0.353113  0.496652  0.894497  0.513189  0.580080  0.493669  0.568973  0.409308  0.621809  0.661160  0.531987  0.606995  0.553335  0.395043  0.858452  0.593996  0.557095  0.483341  0.690471  0.549680  0.514880  0.480056  0.605087  0.742569  0.523326  0.540811  0.451560  0.581213  0.657840  0.655199  0.572527  0.476786  0.441451  0.503346  0.620031  0.496500  0.462228  0.608310  0.523685  0.601991  0.531694 
19  0.492147  0.774601  0.711052  0.521829  0.381865  0.447279  0.582241  0.493992  0.442319  0.512512  0.613081  0.551488  0.614653  0.716713  0.484380  0.521538  0.632120  0.647925  0.540426 0.0  0.624601  0.737792  0.576179  0.742458  0.593481  0.574468  0.616259  0.596870  0.520166  0.587451  0.521236  0.488523  0.515082  0.734186  0.680709  0.573409  0.634786  0.671811  0.479782  0.740887  0.583811  0.601492  0.503273  0.558002  0.617247  0.476651  0.565836  0.519779  0.531815  0.589100  0.479145  0.501438  0.508907  0.519740  0.392203  0.554941  0.584253  0.546477  0.526471  0.711247  0.584426  0.525901  0.543556  0.638524  0.578946  0.564748  0.603336  0.784643  0.593101  0.624797  0.602252  0.557693  0.571087  0.418233  0.661887  0.574068  0.582169  0.494865  0.652110  0.807009  0.442834  0.544733  0.643747  0.530183  0.505198  0.476307  0.519696  0.582263  0.607360  0.511952  0.686387  0.586256  0.378721  0.780535  0.559120  0.400539  0.523711  0.755296  0.608442  0.577914  0.587031  0.489275  0.623073  0.515191  0.590170  0.589646  0.476438  0.762219  0.583873  0.649160  0.531462  0.618575  0.538901  0.550262  0.684393  0.584981  0.550189  0.425241  0.520787  0.736605  0.594653  0.474903  0.620542  0.539994  0.545252  0.613989  0.535394  0.485690  0.604886  0.630306  0.655263  0.619955  0.433581  0.421140  0.614827  0.473338  0.551682  0.534613  0.632174  0.521552  0.557351  0.533054  0.621154  0.625325  0.788969  0.475665 
20  0.532222  0.652864  0.766464  0.403400  0.254223  0.578149  0.398048  0.369265  0.594742  0.395486  0.466893  0.479166  0.441906  0.843900  0.577628  0.260293  0.624678  0.676570  0.465211  0.624601 0.0  0.750460  0.402142  0.637248  0.794050  0.665511  0.419043  0.544348  0.382406  0.334933  0.411159  0.361916  0.385910  0.395847  0.747022  0.347726  0.635165  0.526735  0.307231  0.745954  0.570494  0.550312  0.416687  0.437436  0.620229  0.424951  0.448375  0.388818  0.566555  0.420282  0.446065  0.387483  0.362124  0.448526  0.531816  0.506015  0.467900  0.495449  0.663673  0.460421  0.469801  0.360301  0.459528  0.539423  0.499412  0.515987  0.338320  0.757291  0.612856  0.434860  0.442287  0.462979  0.413842  0.572560  0.570387  0.516762  0.299253  0.373382  0.451292  0.822837  0.345312  0.526530  0.798468  0.271270  0.220417  0.290443  0.416375  0.305489  0.616601  0.408304  0.345759  0.480288  0.684040  0.646806  0.514200  0.605151  0.477763  0.817471  0.452799  0.466572  0.354906  0.376740  0.429810  0.464748  0.312621  0.500060  0.396810  0.770810  0.397013  0.378071  0.307093  0.333322  0.384305  0.417217  0.525712  0.379993  0.459851  0.543433  0.290083  0.776806  0.457259  0.376618  0.189328  0.616801  0.355325  0.367415  0.387274  0.526089  0.601479  0.443000  0.523140  0.427245  0.532352  0.517688  0.707740  0.434676  0.429051  0.471889  0.493814  0.655570  0.432292  0.345190  0.772956  0.394088  0.626399  0.385088 
21  0.716307  0.654743  0.591830  0.714127  0.679564  0.860966  0.718795  0.696771  0.687714  0.760557  0.797751  0.733695  0.762841  0.710463  0.687304  0.732131  0.745318  0.624307  0.723782  0.737792  0.750460 0.0  0.798645  0.533064  0.671933  0.731067  0.775284  0.881325  0.714207  0.750880  0.742890  0.782488  0.747677  0.743285  0.397319  0.709087  0.629676  0.605136  0.799409  0.540258  0.847823  0.727213  0.836249  0.785949  0.561589  0.807805  0.699356  0.782187  0.901724  0.826179  0.719999  0.677246  0.712985  0.827402  0.714491  0.735477  0.756833  0.672414  0.660630  0.774942  0.792926  0.801749  0.826595  0.690564  0.797398  0.702365  0.745205  0.372558  0.616193  0.718448  0.820344  0.687213  0.736350  0.730187  0.768366  0.724277  0.790809  0.779991  0.660126  0.458972  0.806555  0.685814  0.739375  0.702979  0.700831  0.769271  0.702545  0.668816  0.664416  0.779689  0.753812  0.842553  0.708857  0.568471  0.760822  0.663529  0.819564  0.525006  0.736310  0.722928  0.704561  0.615321  0.819459  0.702270  0.772164  0.758029  0.721651  0.625206  0.742686  0.675363  0.707678  0.759898  0.757797  0.681619  0.707060  0.633457  0.458176  0.683617  0.798746  0.569849  0.656914  0.828650  0.682896  0.570852  0.793745  0.776962  0.825635  0.742724  0.660751  0.708329  0.669353  0.792927  0.842621  0.645435  0.765537  0.829560  0.723782  0.795162  0.803963  0.684145  0.704441  0.803234  0.712094  0.869104  0.734327  0.734748 
22  0.534830  0.740635  0.806899  0.530130  0.348452  0.708235  0.494011  0.453174  0.601924  0.483974  0.607557  0.440150  0.455577  0.697900  0.624694  0.354350  0.608436  0.626685  0.446982  0.576179  0.402142  0.798645 0.0  0.619772  0.756864  0.728826  0.333076  0.452324  0.371991  0.528726  0.456599  0.475680  0.344017  0.527797  0.811097  0.543112  0.403661  0.683024  0.397457  0.758570  0.598224  0.528321  0.474967  0.611547  0.710974  0.530380  0.397722  0.653480  0.562723  0.360440  0.660158  0.457461  0.631463  0.411039  0.694226  0.451803  0.418866  0.564004  0.607891  0.525480  0.472503  0.411747  0.443239  0.712342  0.348646  0.522557  0.533880  0.654901  0.818841  0.514510  0.422286  0.430302  0.445130  0.563132  0.482670  0.532700  0.479766  0.489909  0.579366  0.883129  0.345685  0.472595  0.688420  0.478310  0.529353  0.389469  0.594756  0.307514  0.531529  0.358729  0.491943  0.401171  0.642151  0.641125  0.514683  0.645416  0.474268  0.845929  0.439546  0.580420  0.527859  0.406333  0.566819  0.426343  0.462754  0.459057  0.369188  0.670438  0.506783  0.505088  0.331024  0.478899  0.415293  0.538515  0.578360  0.480239  0.587719  0.667688  0.417458  0.660221  0.379479  0.510947  0.431133  0.600684  0.595900  0.360523  0.561772  0.603694  0.707331  0.622403  0.294987  0.456255  0.540279  0.498220  0.520792  0.573683  0.318874  0.454282  0.425334  0.605752  0.452622  0.359601  0.712206  0.433057  0.424043  0.399889 
23  0.656598  0.416324  0.500985  0.757312  0.645672  0.713603  0.654446  0.681409  0.847627  0.662693  0.614044  0.684805  0.681557  0.631865  0.622299  0.725149  0.687404  0.662910  0.808299  0.742458  0.637248  0.533064  0.619772 0.0  0.823169  0.730605  0.614460  0.651168  0.596090  0.643504  0.736186  0.688187  0.515901  0.640612  0.663596  0.722183  0.495923  0.698028  0.552508  0.503620  0.591384  0.728509  0.767208  0.767716  0.681738  0.673880  0.522299  0.711401  0.574698  0.620525  0.698363  0.676044  0.812912  0.663888  0.581026  0.695283  0.534265  0.705022  0.614454  0.693302  0.673698  0.627409  0.720048  0.654214  0.679519  0.796681  0.746983  0.608297  0.734015  0.630261  0.685733  0.628769  0.637751  0.694974  0.666170  0.675138  0.612661  0.663572  0.497848  0.538442  0.595350  0.695513  0.634206  0.673208  0.558066  0.614088  0.679785  0.726383  0.722536  0.693235  0.649071  0.498889  0.689084  0.551419  0.745304  0.557848  0.649720  0.516786  0.635507  0.716073  0.614548  0.770315  0.525143  0.626675  0.724356  0.735396  0.625665  0.715851  0.699739  0.436839  0.544760  0.607899  0.637950  0.685383  0.690986  0.583634  0.569469  0.756780  0.561189  0.671305  0.735947  0.620797  0.676193  0.624335  0.600861  0.546217  0.595974  0.689954  0.704231  0.639001  0.598641  0.724268  0.614353  0.668388  0.688830  0.764359  0.738381  0.472955  0.730881  0.660879  0.681668  0.586535  0.666160  0.608606  0.651763  0.462079 
24  0.679580  0.807033  0.891796  0.580654  0.625845  0.667341  0.810580  0.695771  0.717792  0.774717  0.596185  0.699005  0.672223  0.642081  0.656242  0.712849  0.550969  0.742241  0.713965  0.593481  0.794050  0.671933  0.756864  0.823169 0.0  0.302474  0.732454  0.722231  0.703389  0.813151  0.643897  0.712797  0.724088  0.727436  0.879954  0.761912  0.932970  0.552442  0.764470  0.693008  0.543569  0.463384  0.689520  0.676672  0.645533  0.613000  0.731183  0.659589  0.654097  0.772938  0.662386  0.778453  0.671401  0.739641  0.869303  0.652460  0.782889  0.568197  0.570629  0.968390  0.696397  0.649701  0.642483  0.762868  0.741765  0.604633  0.606120  0.794992  0.736461  0.667932  0.697134  0.611382  0.711394  0.656518  0.626885  0.624329  0.775879  0.766824  0.908746  0.791701  0.789349  0.701917  0.621739  0.767182  0.714787  0.663522  0.655352  0.735422  0.587219  0.776441  0.693952  0.780514  0.539331  0.765180  0.640562  0.705687  0.647662  0.826350  0.791123  0.634187  0.790783  0.625552  0.825656  0.674628  0.749162  0.715029  0.675257  0.841871  0.589459  0.813730  0.676220  0.626576  0.744073  0.691583  0.886810  0.777848  0.609138  0.509111  0.719340  0.890371  0.815497  0.671033  0.636130  0.621646  0.694493  0.704318  0.710925  0.662997  0.674264  0.870601  0.632001  0.692024  0.744820  0.717395  0.720994  0.714369  0.785639  0.649802  0.636565  0.627542  0.744046  0.685650  0.596615  0.708739  0.863388  0.690004 
25  0.703872  0.805763  0.899673  0.813093  0.698300  0.566322  0.676932  0.562268  0.655886  0.788448  0.812381  0.671864  0.727854  0.653654  0.584520  0.779689  0.572914  0.697429  0.707734  0.574468  0.665511  0.731067  0.728826  0.730605  0.302474 0.0  0.812112  0.619758  0.688101  0.720563  0.684613  0.677040  0.615285  0.771159  0.815798  0.692087  0.832035  0.517614  0.691683  0.830115  0.578804  0.727684  0.644390  0.645116  0.547827  0.650402  0.759911  0.709652  0.723196  0.663762  0.575528  0.621629  0.674643  0.716229  0.660745  0.729360  0.658048  0.598275  0.494162  0.878346  0.649507  0.589241  0.718280  0.772151  0.714602  0.709977  0.744936  0.727529  0.786566  0.674946  0.594630  0.635471  0.648892  0.688108  0.690040  0.744690  0.637638  0.630859  0.889612  0.842648  0.701634  0.682201  0.684631  0.644329  0.774694  0.691276  0.573046  0.663649  0.547777  0.776411  0.687059  0.601969  0.658321  0.732989  0.611717  0.672627  0.636295  0.762912  0.625778  0.727030  0.649010  0.663637  0.711606  0.734607  0.740981  0.770602  0.676268  0.818894  0.723366  0.917821  0.706159  0.652898  0.616063  0.658411  0.712746  0.618969  0.672415  0.676528  0.649083  0.710342  0.743220  0.780580  0.782873  0.663794  0.669917  0.664123  0.730877  0.789769  0.596140  0.853975  0.689448  0.697823  0.633553  0.674809  0.584196  0.632221  0.621242  0.701030  0.760688  0.424810  0.673057  0.654809  0.664042  0.680616  0.766588  0.582145 
26  0.558959  0.820571  0.857052  0.506122  0.486761  0.654058  0.447518  0.372174  0.563499  0.301321  0.656960  0.420091  0.301155  0.670134  0.586568  0.433264  0.485203  0.641996  0.434641  0.616259  0.419043  0.775284  0.333076  0.614460  0.732454  0.812112 0.0  0.422723  0.385326  0.523017  0.382745  0.369703  0.476403  0.376631  0.914328  0.515220  0.349852  0.695804  0.465624  0.756041  0.536726  0.483248  0.411135  0.428646  0.543395  0.437462  0.479183  0.654935  0.324133  0.356335  0.526535  0.378247  0.513727  0.431104  0.507163  0.383973  0.390916  0.547640  0.633242  0.417470  0.463874  0.492082  0.291938  0.609085  0.353780  0.413605  0.479314  0.765498  0.760391  0.603878  0.425415  0.464712  0.478752  0.589955  0.434934  0.497276  0.515398  0.500184  0.534025  0.795358  0.337998  0.314639  0.622198  0.433556  0.338963  0.366252  0.417597  0.360194  0.556935  0.271525  0.468373  0.466552  0.698397  0.713174  0.498826  0.523599  0.344995  0.771823  0.326304  0.228320  0.338635  0.265807  0.447655  0.364063  0.460445  0.443352  0.317790  0.754038  0.534798  0.504652  0.513200  0.369706  0.392816  0.484000  0.510063  0.353280  0.528339  0.479153  0.362980  0.698239  0.441995  0.392375  0.441747  0.584688  0.332358  0.473062  0.464019  0.534477  0.808674  0.573101  0.336250  0.444767  0.576754  0.570365  0.668848  0.493952  0.332695  0.431357  0.415814  0.569808  0.400848  0.510117  0.694968  0.410677  0.459678  0.385473 
