146
0 0.0  0.685668  0.790014  0.386208  0.378566  0.648029  0.380121  0.470143  0.464970  0.457734  0.389442  0.600064  0.412799  0.666509  0.511779  0.403951  0.728182  0.759718  0.429622  0.459259  0.476982  0.706614  0.563292  0.781118  0.725436  0.682407  0.594856  0.504145  0.583166  0.592387  0.535218  0.449057  0.375589  0.443353  0.760172  0.609767  0.511279  0.526422  0.479943  0.876245  0.802238  0.511746  0.384135  0.451491  0.695617  0.409038  0.461096  0.380264  0.504869  0.472542  0.388187  0.454250  0.295027  0.425144  0.610977  0.603410  0.461189  0.504592  0.490636  0.638783  0.457501  0.504342  0.452968  0.813168  0.497073  0.356440  0.437735  0.708841  0.775358  0.495347  0.318823  0.446024  0.593487  0.509919  0.519684  0.211785  0.404468  0.518739  0.476765  0.811270  0.570829  0.429639  0.750067  0.555885  0.606456  0.437973  0.496458  0.443356  0.595689  0.531321  0.568313  0.621734  0.660868  0.674772  0.427857  0.633808  0.553186  0.906395  0.439016  0.483195  0.500668  0.502651  0.525326  0.476117  0.589740  0.403009  0.410133  0.755059  0.325392  0.610010  0.497859  0.363508  0.457666  0.333559  0.598821  0.445292  0.497312  0.521986  0.265310  0.880047  0.513565  0.282843  0.487768  0.649947  0.415403  0.411876  0.502598  0.579905  0.704224  0.472811  0.559757  0.396670  0.471355  0.508080  0.624863  0.413456  0.491054  0.476252  0.486983  0.566400  0.393347  0.507672  0.713953  0.491405  0.587691  0.392097 
1  0.685668 0.0  0.307611  0.821495  0.771788  0.840890  0.818533  0.747180  0.763724  0.808732  0.773663  0.765992  0.756162  0.733566  0.822228  0.772240  0.698517  0.594884  0.751989  0.761212  0.738086  0.685743  0.652111  0.483351  0.761158  0.708788  0.732586  0.864792  0.842842  0.784943  0.747806  0.774241  0.675090  0.701300  0.658035  0.670246  0.684027  0.699787  0.816561  0.489676  0.767853  0.713577  0.853026  0.850030  0.745199  0.836522  0.802702  0.697749  0.785107  0.769754  0.749703  0.826704  0.754414  0.886551  0.752754  0.827671  0.777014  0.803672  0.763309  0.669297  0.965535  0.778968  0.705607  0.762367  0.779915  0.946544  0.840296  0.564842  0.629592  0.673269  0.750542  0.819871  0.745612  0.817076  0.780850  0.817108  0.729626  0.815420  0.478661  0.524119  0.636828  0.801408  0.740745  0.757565  0.823864  0.698178  0.696755  0.679532  0.558889  0.776223  0.755373  0.693408  0.701220  0.457883  0.731190  0.755007  0.789293  0.501883  0.816648  0.759813  0.744313  0.814070  0.856665  0.804728  0.771971  0.671139  0.771196  0.622365  0.810309  0.531449  0.720168  0.685716  0.825622  0.794542  0.736312  0.725638  0.486153  0.799502  0.770797  0.603591  0.745910  0.622030  0.716515  0.541048  0.851464  0.696859  0.846004  0.771036  0.709404  0.707333  0.746829  0.795040  0.706079  0.668486  0.681842  0.776980  0.754533  0.783856  0.797822  0.731096  0.828714  0.791777  0.737792  0.770071  0.589020  0.578517 
2  0.790014  0.307611 0.0  0.818912  0.726676  0.839868  0.861531  0.776169  0.819163  0.786527  0.690183  0.772820  0.808059  0.654505  0.792888  0.878212  0.844928  0.646729  0.964200  0.800180  0.723014  0.562640  0.667939  0.533702  0.786311  0.694877  0.737026  0.802490  0.739552  0.630473  0.737574  0.811814  0.759269  0.762802  0.677284  0.683643  0.523736  0.598203  0.733703  0.504177  0.601787  0.918203  0.734043  0.853099  0.699665  0.823743  0.706253  0.766438  0.737422  0.657090  0.891266  0.896873  0.880739  0.889595  0.800559  0.821284  0.793892  0.732893  0.695193  0.792107  0.836939  0.678654  0.824866  0.868468  0.723432  0.808947  0.797306  0.564113  0.716723  0.830582  0.727360  0.812991  0.823911  0.758441  0.681903  0.817581  0.766759  0.707480  0.732564  0.489529  0.747635  0.867232  0.751704  0.758688  0.676552  0.801531  0.656209  0.748619  0.697056  0.820386  0.745145  0.697703  0.826977  0.463298  0.859368  0.762546  0.749695  0.630995  0.693914  0.827260  0.750858  0.730861  0.771002  0.732022  0.723019  0.772230  0.736386  0.687774  0.783176  0.678642  0.567716  0.750574  0.821284  0.786234  0.720541  0.684989  0.608899  0.784648  0.733267  0.780503  0.788779  0.763215  0.685102  0.704836  0.713208  0.766387  0.757622  0.710613  0.728684  0.703617  0.827793  0.792211  0.719125  0.751812  0.736434  0.734977  0.735293  0.738977  0.859903  0.646517  0.844268  0.813033  0.784055  0.689805  0.621903  0.801875 
3  0.386208  0.821495  0.818912 0.0  0.534862  0.525353  0.434723  0.558957  0.495711  0.488951  0.310484  0.577229  0.464828  0.757239  0.457524  0.479857  0.689389  0.648118  0.468494  0.531275  0.515046  0.734973  0.473032  0.767160  0.721345  0.583385  0.535874  0.518327  0.554918  0.440156  0.535865  0.338268  0.532165  0.604650  0.886840  0.470343  0.698845  0.734872  0.508287  0.753792  0.716075  0.414267  0.313139  0.342388  0.659770  0.502961  0.530834  0.408519  0.618830  0.492858  0.319122  0.493509  0.366283  0.406779  0.533940  0.400807  0.441355  0.392882  0.622636  0.482559  0.480063  0.472023  0.524745  0.676693  0.646031  0.276202  0.165136  0.823333  0.756805  0.567043  0.377081  0.340821  0.501768  0.361707  0.475977  0.258889  0.416581  0.447543  0.628058  0.843154  0.505896  0.589368  0.651896  0.479761  0.470625  0.485904  0.580517  0.489233  0.499154  0.524480  0.506873  0.691462  0.492499  0.738008  0.240660  0.794831  0.478164  0.809641  0.508708  0.480702  0.419644  0.479624  0.537566  0.568595  0.404773  0.465039  0.518330  0.768388  0.166211  0.584759  0.370263  0.446760  0.528189  0.496226  0.584344  0.485866  0.655153  0.442394  0.373910  0.799949  0.604292  0.364894  0.417557  0.656202  0.436386  0.462457  0.351335  0.627431  0.781024  0.518248  0.592117  0.251312  0.624005  0.605945  0.743545  0.480545  0.416462  0.493143  0.478683  0.687307  0.547475  0.602771  0.641527  0.336764  0.672486  0.502279 
4  0.378566  0.771788  0.726676  0.534862 0.0  0.633549  0.410147  0.516385  0.488679  0.428683  0.413281  0.513793  0.592816  0.788123  0.649959  0.213826  0.591698  0.703915  0.561072  0.535440  0.345992  0.784394  0.379706  0.607251  0.722003  0.597811  0.453415  0.504513  0.485106  0.427195  0.488597  0.377645  0.372704  0.488759  0.771393  0.366046  0.574507  0.603926  0.393459  0.652437  0.583909  0.473943  0.350392  0.408332  0.617878  0.479853  0.285116  0.401151  0.514424  0.500873  0.447619  0.368193  0.387869  0.412594  0.451912  0.617450  0.396054  0.588018  0.545564  0.544523  0.461000  0.307767  0.369299  0.618979  0.478544  0.445086  0.353865  0.745752  0.725463  0.542603  0.467304  0.383673  0.491700  0.606008  0.448068  0.407102  0.205624  0.206582  0.512462  0.750136  0.427691  0.567507  0.691177  0.366329  0.367217  0.340208  0.298193  0.546235  0.566172  0.497130  0.477666  0.434366  0.642520  0.726335  0.340109  0.480555  0.484049  0.723405  0.439472  0.577149  0.379706  0.392316  0.459786  0.480731  0.341358  0.431749  0.483622  0.755410  0.502117  0.590835  0.324276  0.360782  0.323558  0.448261  0.565476  0.308595  0.531724  0.438682  0.465269  0.782025  0.416536  0.378735  0.425361  0.559511  0.382379  0.311804  0.301157  0.496685  0.654152  0.511777  0.487877  0.430217  0.478472  0.459048  0.645010  0.392066  0.472043  0.408565  0.452755  0.679413  0.461021  0.377556  0.760331  0.527860  0.524802  0.359449 
5  0.648029  0.840890  0.839868  0.525353  0.633549 0.0  0.561693  0.691865  0.596600  0.618255  0.678578  0.601451  0.481169  0.671104  0.573187  0.500638  0.663671  0.694871  0.540486  0.300789  0.549347  0.711890  0.769618  0.692357  0.595676  0.629662  0.648220  0.650206  0.714709  0.676539  0.668604  0.765960  0.620974  0.616405  0.926651  0.668939  0.701729  0.672442  0.707992  0.759668  0.676689  0.498163  0.636240  0.559206  0.583282  0.624095  0.586809  0.570551  0.668128  0.778238  0.533642  0.703256  0.602939  0.655363  0.501906  0.580499  0.705351  0.287669  0.522072  0.731194  0.483532  0.647202  0.616759  0.723801  0.705897  0.568311  0.469684  0.864655  0.701516  0.500286  0.668524  0.530368  0.659362  0.463199  0.581694  0.538092  0.673510  0.532785  0.742354  0.708915  0.644397  0.644298  0.562095  0.582452  0.664063  0.689128  0.369737  0.664825  0.575805  0.758084  0.666849  0.613353  0.235094  0.722501  0.522290  0.428936  0.622875  0.851828  0.701502  0.626339  0.624995  0.654040  0.657188  0.599091  0.688551  0.624172  0.590640  0.883868  0.714022  0.864147  0.552137  0.586432  0.590034  0.597275  0.733690  0.603661  0.623467  0.578210  0.642405  0.729630  0.635887  0.609307  0.743860  0.641435  0.611041  0.483942  0.640470  0.465847  0.811707  0.787190  0.756855  0.721992  0.493725  0.552327  0.667027  0.571109  0.585231  0.589942  0.626194  0.596346  0.683820  0.570697  0.612929  0.652306  0.730509  0.776076 
6  0.380121  0.818533  0.861531  0.434723  0.410147  0.561693 0.0  0.541742  0.470740  0.475596  0.506404  0.562834  0.548022  0.809699  0.569248  0.448162  0.734388  0.793629  0.427412  0.527448  0.346870  0.728542  0.402083  0.558436  0.707968  0.671382  0.621831  0.453600  0.482807  0.341081  0.408306  0.469593  0.582474  0.545000  0.725992  0.331581  0.585989  0.602209  0.361640  0.855711  0.682551  0.453356  0.330681  0.385292  0.654029  0.381253  0.357232  0.361657  0.434646  0.435582  0.458789  0.514645  0.266412  0.547029  0.519369  0.426663  0.544403  0.452777  0.532759  0.582059  0.374467  0.469324  0.504810  0.617880  0.506319  0.278920  0.291864  0.660519  0.644606  0.382196  0.396768  0.389414  0.452825  0.488270  0.531342  0.280392  0.456121  0.419234  0.515591  0.720116  0.470093  0.432435  0.720141  0.393066  0.432480  0.481199  0.445533  0.450981  0.583410  0.531797  0.533685  0.530218  0.611581  0.621088  0.357549  0.488158  0.467478  0.834332  0.479732  0.572680  0.396359  0.509820  0.547141  0.426060  0.475892  0.421242  0.412032  0.795114  0.373115  0.459219  0.337229  0.458066  0.341410  0.335600  0.608714  0.487804  0.621500  0.388290  0.411464  0.907560  0.509605  0.372160  0.345891  0.524922  0.398189  0.387363  0.358386  0.543077  0.782624  0.448371  0.498766  0.364981  0.537571  0.565905  0.578913  0.387143  0.491083  0.482705  0.544843  0.563644  0.481465  0.392767  0.621536  0.523245  0.630071  0.454764 
7  0.470143  0.747180  0.776169  0.558957  0.516385  0.691865  0.541742 0.0  0.544990  0.290208  0.563100  0.438563  0.394084  0.673485  0.449989  0.418886  0.638594  0.569848  0.347245  0.579489  0.392673  0.783977  0.377039  0.597093  0.759477  0.594713  0.311122  0.347602  0.273020  0.526058  0.360205  0.312509  0.499539  0.452222  0.773621  0.442924  0.409812  0.628360  0.377231  0.784451  0.622421  0.512679  0.459657  0.548109  0.524027  0.515277  0.452738  0.495527  0.399560  0.373827  0.448287  0.381180  0.577767  0.416334  0.569682  0.409952  0.383235  0.588985  0.548039  0.450407  0.531540  0.444298  0.247755  0.549148  0.372052  0.560145  0.507526  0.653087  0.691359  0.528625  0.409083  0.496963  0.404863  0.583800  0.442325  0.356079  0.479579  0.449897  0.514446  0.724175  0.343645  0.363354  0.600986  0.405415  0.451361  0.471050  0.498790  0.288016  0.532254  0.409897  0.436565  0.450658  0.637301  0.586804  0.526953  0.602622  0.355518  0.596858  0.354995  0.249503  0.361558  0.279881  0.348137  0.425055  0.339632  0.351305  0.440314  0.796459  0.555257  0.471155  0.460033  0.421908  0.440971  0.380838  0.573730  0.416608  0.556742  0.528126  0.455731  0.778870  0.279135  0.300317  0.612883  0.606587  0.463496  0.573402  0.400129  0.587442  0.684953  0.619008  0.346449  0.482674  0.495665  0.449482  0.663752  0.616126  0.438686  0.409689  0.387382  0.472666  0.448590  0.396872  0.663586  0.449403  0.424455  0.405474 
8  0.464970  0.763724  0.819163  0.495711  0.488679  0.596600  0.470740  0.544990 0.0  0.688024  0.620929  0.549529  0.544070  0.557846  0.379896  0.466400  0.675846  0.737420  0.530216  0.542117  0.521653  0.710586  0.552839  0.706601  0.546499  0.659985  0.524637  0.481080  0.492828  0.631014  0.553042  0.540009  0.508533  0.582494  0.845455  0.619523  0.612539  0.628956  0.562123  0.684692  0.622459  0.343705  0.465438  0.527251  0.557867  0.499868  0.559743  0.440816  0.558527  0.575232  0.443470  0.496794  0.503638  0.546258  0.537948  0.509506  0.545319  0.453921  0.568002  0.689949  0.603686  0.534890  0.540849  0.655366  0.629715  0.512156  0.372249  0.894330  0.718595  0.562583  0.566450  0.478106  0.577937  0.244587  0.582027  0.441572  0.563571  0.499495  0.644726  0.867740  0.577201  0.562549  0.650948  0.457001  0.542761  0.653830  0.498545  0.473609  0.622935  0.629201  0.600203  0.671072  0.545092  0.772085  0.365096  0.508393  0.562080  0.722418  0.619519  0.608645  0.583104  0.533574  0.618945  0.498186  0.449424  0.542787  0.600756  0.876284  0.426452  0.629473  0.613036  0.646044  0.521371  0.441770  0.593529  0.580102  0.596617  0.345305  0.489952  0.811408  0.595391  0.578239  0.443681  0.654131  0.654201  0.542050  0.521480  0.559996  0.664113  0.582250  0.575398  0.574165  0.460656  0.542892  0.598623  0.457327  0.567305  0.556498  0.601723  0.594688  0.513511  0.611797  0.581128  0.549166  0.594382  0.529878 
9  0.457734  0.808732  0.786527  0.488951  0.428683  0.618255  0.475596  0.290208  0.688024 0.0  0.608401  0.440471  0.349706  0.748961  0.618773  0.579302  0.661227  0.659805  0.525216  0.554780  0.381221  0.742881  0.363176  0.666713  0.736359  0.737693  0.349530  0.442426  0.194273  0.494573  0.442617  0.331781  0.431360  0.460573  0.770605  0.382260  0.428200  0.652002  0.404395  0.778930  0.624194  0.539296  0.535350  0.436985  0.684680  0.650259  0.469347  0.545091  0.394954  0.444367  0.513714  0.385134  0.598075  0.320438  0.526317  0.359275  0.423031  0.437888  0.469311  0.490223  0.384633  0.324226  0.271627  0.645365  0.322551  0.508291  0.467602  0.657674  0.682392  0.459689  0.488748  0.357477  0.383764  0.480452  0.393372  0.462770  0.363117  0.471648  0.494593  0.724755  0.328873  0.437701  0.671851  0.469644  0.492427  0.414265  0.444245  0.480176  0.525233  0.398916  0.364870  0.376117  0.675224  0.596857  0.543785  0.542539  0.403385  0.784691  0.411993  0.433885  0.508485  0.383329  0.417268  0.412436  0.475832  0.447404  0.464781  0.800196  0.568462  0.580939  0.366662  0.439594  0.413000  0.527036  0.513598  0.406100  0.436814  0.662330  0.433548  0.731787  0.488596  0.347091  0.432799  0.555534  0.503308  0.445746  0.351291  0.499861  0.663498  0.501058  0.232707  0.465396  0.475671  0.467462  0.627437  0.490959  0.374048  0.337782  0.338795  0.642464  0.344425  0.422910  0.640489  0.432570  0.411497  0.468281 
10  0.389442  0.773663  0.690183  0.310484  0.413281  0.678578  0.506404  0.563100  0.620929  0.608401 0.0  0.603206  0.572863  0.713875  0.535783  0.493877  0.674127  0.666016  0.450328  0.627456  0.456311  0.756098  0.525204  0.541508  0.789271  0.753085  0.453569  0.533939  0.535589  0.465374  0.509831  0.572271  0.558775  0.514145  0.601856  0.531455  0.476239  0.703764  0.494215  0.714135  0.676728  0.598961  0.435169  0.420141  0.734199  0.506531  0.510500  0.325502  0.577307  0.560429  0.464131  0.565935  0.273179  0.512621  0.632662  0.544783  0.494760  0.496502  0.599551  0.630279  0.556452  0.328044  0.516428  0.764963  0.575868  0.495189  0.300296  0.720391  0.719628  0.478741  0.562620  0.531019  0.571019  0.542868  0.580360  0.340738  0.426030  0.342266  0.514905  0.730857  0.505359  0.556855  0.762701  0.325112  0.511553  0.493500  0.649672  0.506466  0.673047  0.582914  0.597220  0.505884  0.614838  0.614517  0.361251  0.772452  0.448072  0.801926  0.545412  0.541329  0.484918  0.565045  0.518446  0.588486  0.496852  0.590650  0.570418  0.743169  0.436105  0.520236  0.533680  0.518807  0.429666  0.401586  0.498652  0.507297  0.617399  0.485813  0.511928  0.748377  0.529852  0.423373  0.488195  0.553167  0.425918  0.611418  0.445947  0.508933  0.565299  0.423992  0.594235  0.400950  0.641367  0.594957  0.753074  0.435027  0.548799  0.485727  0.486247  0.538993  0.519410  0.434334  0.696912  0.452914  0.604208  0.491419 
11  0.600064  0.765992  0.772820  0.577229  0.513793  0.601451  0.562834  0.438563  0.549529  0.440471  0.603206 0.0  0.470056  0.771924  0.578717  0.358568  0.547678  0.675365  0.337999  0.485732  0.377626  0.835759  0.352008  0.584213  0.751103  0.617228  0.454886  0.367085  0.329380  0.513902  0.147601  0.307484  0.350202  0.442426  0.777654  0.495953  0.526748  0.561363  0.383555  0.853309  0.669411  0.506770  0.463199  0.551558  0.588626  0.590173  0.390270  0.529661  0.364611  0.450323  0.486279  0.283844  0.488986  0.390055  0.673406  0.437424  0.185478  0.560619  0.633833  0.583367  0.523086  0.483993  0.295812  0.641057  0.406460  0.560683  0.463847  0.693627  0.638037  0.524789  0.409922  0.373764  0.506453  0.538692  0.460710  0.471425  0.422390  0.407805  0.497045  0.772790  0.415625  0.495846  0.595378  0.450011  0.455270  0.429192  0.516551  0.350079  0.577007  0.394931  0.475733  0.353725  0.572981  0.505348  0.539061  0.529646  0.385189  0.785406  0.371922  0.388083  0.440356  0.403395  0.397921  0.375141  0.280760  0.467311  0.454652  0.795956  0.481235  0.523601  0.372717  0.372125  0.338417  0.473392  0.562387  0.435851  0.525119  0.612454  0.400817  0.807287  0.460860  0.406838  0.394041  0.632021  0.466599  0.416692  0.409409  0.628233  0.530559  0.541734  0.414972  0.505759  0.547814  0.435716  0.510323  0.473363  0.445992  0.487998  0.414321  0.717048  0.453677  0.441942  0.657538  0.547562  0.547132  0.400525 
12  0.412799  0.756162  0.808059  0.464828  0.592816  0.481169  0.548022  0.394084  0.544070  0.349706  0.572863  0.470056 0.0  0.717941  0.514255  0.396861  0.622761  0.547473  0.285416  0.520898  0.409656  0.688274  0.392221  0.670319  0.660205  0.625433  0.470194  0.357059  0.304718  0.503830  0.381426  0.359983  0.431270  0.498222  0.763050  0.488993  0.516963  0.767443  0.509284  0.751144  0.652257  0.467952  0.500910  0.468245  0.667156  0.405996  0.419931  0.495557  0.447797  0.324039  0.557588  0.444934  0.542673  0.415383  0.627072  0.405706  0.356187  0.447281  0.578071  0.413444  0.456727  0.386869  0.434631  0.650957  0.563388  0.415401  0.360058  0.858968  0.748677  0.589422  0.461453  0.421661  0.451685  0.523685  0.499634  0.515978  0.512659  0.428755  0.499624  0.754268  0.413980  0.357911  0.723095  0.460044  0.391628  0.477264  0.441219  0.434779  0.633385  0.448531  0.578166  0.563361  0.597945  0.651109  0.474609  0.592646  0.445246  0.769801  0.368967  0.526862  0.399748  0.368364  0.522858  0.370834  0.447995  0.404623  0.438982  0.762717  0.509197  0.642588  0.397334  0.407453  0.400178  0.435767  0.634516  0.400550  0.485217  0.522420  0.494348  0.831796  0.544426  0.308804  0.292663  0.662366  0.475419  0.521553  0.455130  0.526983  0.631093  0.644264  0.499342  0.492171  0.530372  0.434713  0.666649  0.437527  0.410939  0.498346  0.534740  0.649807  0.427626  0.531627  0.581623  0.503546  0.523958  0.547033 
13  0.666509  0.733566  0.654505  0.757239  0.788123  0.671104  0.809699  0.673485  0.557846  0.748961  0.713875  0.771924  0.717941 0.0  0.744467  0.749210  0.703034  0.664189  0.690927  0.651970  0.784157  0.647130  0.732647  0.496395  0.660968  0.758018  0.763262  0.796560  0.716536  0.744140  0.698807  0.652861  0.621873  0.770382  0.619575  0.685332  0.857783  0.687672  0.793649  0.648712  0.709397  0.697922  0.783604  0.724035  0.417292  0.720973  0.751821  0.706156  0.735161  0.815492  0.780740  0.756680  0.792310  0.724800  0.738027  0.727165  0.699602  0.694428  0.512451  0.780089  0.702321  0.644861  0.773548  0.590712  0.808098  0.822895  0.691539  0.681599  0.747902  0.603467  0.728948  0.720712  0.679549  0.724389  0.681315  0.693842  0.704296  0.771177  0.785310  0.713701  0.765031  0.738281  0.661549  0.808928  0.739875  0.649856  0.733121  0.776256  0.694702  0.685129  0.767760  0.779244  0.719817  0.606570  0.649989  0.742614  0.682629  0.645943  0.787204  0.662422  0.727432  0.776304  0.813099  0.746224  0.738705  0.657102  0.748998  0.715701  0.658107  0.695993  0.641076  0.626972  0.676162  0.726142  0.600315  0.847715  0.453216  0.666253  0.651379  0.598378  0.746258  0.715632  0.775843  0.626268  0.731035  0.738071  0.741718  0.826230  0.514303  0.823505  0.804306  0.707598  0.558573  0.708422  0.705739  0.679294  0.765885  0.657227  0.559511  0.676396  0.684007  0.718380  0.661125  0.682429  0.605303  0.746946 
14  0.511779  0.822228  0.792888  0.457524  0.649959  0.573187  0.569248  0.449989  0.379896  0.618773  0.535783  0.578717  0.514255  0.744467 0.0  0.533173  0.799558  0.732819  0.494012  0.533929  0.560506  0.818183  0.551911  0.854078  0.695116  0.619859  0.541825  0.576041  0.659610  0.612196  0.611414  0.505136  0.462569  0.602120  0.896293  0.569735  0.568388  0.669867  0.508189  0.786717  0.807089  0.372507  0.487436  0.478833  0.724655  0.582166  0.577348  0.589364  0.549355  0.604252  0.430697  0.581912  0.435188  0.586024  0.434984  0.543585  0.520515  0.365410  0.539858  0.754054  0.553846  0.377236  0.525536  0.731166  0.604735  0.313346  0.414597  0.829937  0.651686  0.399137  0.591820  0.594939  0.585127  0.402029  0.537054  0.514168  0.460776  0.567364  0.654719  0.797625  0.537759  0.479943  0.756178  0.586751  0.621622  0.574322  0.551908  0.471803  0.726710  0.651278  0.552697  0.546753  0.561683  0.641379  0.438613  0.661670  0.628665  0.836490  0.575657  0.512597  0.604231  0.609912  0.631133  0.506333  0.543344  0.628386  0.474346  0.783564  0.496159  0.604097  0.511651  0.699525  0.480478  0.514926  0.538517  0.567159  0.519447  0.458797  0.506623  0.808307  0.782441  0.541424  0.637781  0.630652  0.535567  0.582572  0.503976  0.513122  0.822428  0.613045  0.493170  0.588013  0.494633  0.523972  0.657720  0.443236  0.649525  0.522364  0.440224  0.579950  0.544059  0.512125  0.576364  0.452204  0.733581  0.492679 
15  0.403951  0.772240  0.878212  0.479857  0.213826  0.500638  0.448162  0.418886  0.466400  0.579302  0.493877  0.358568  0.396861  0.749210  0.533173 0.0  0.578667  0.668097  0.458287  0.465564  0.374175  0.695195  0.480581  0.636472  0.722275  0.763503  0.452249  0.414483  0.390625  0.353891  0.463797  0.420460  0.284806  0.579034  0.805928  0.276624  0.527508  0.679474  0.439372  0.697040  0.607554  0.554355  0.523428  0.493910  0.636420  0.458571  0.281625  0.467035  0.508112  0.453062  0.539998  0.496669  0.431638  0.488524  0.567814  0.526873  0.452767  0.541514  0.519927  0.559180  0.508504  0.478855  0.462639  0.611733  0.451959  0.530884  0.423341  0.801719  0.683922  0.509882  0.443923  0.334170  0.435673  0.618145  0.502924  0.428851  0.408934  0.390425  0.566517  0.771664  0.365177  0.527254  0.650845  0.262870  0.312707  0.294525  0.419594  0.276294  0.525909  0.367578  0.424739  0.478160  0.722410  0.600664  0.410773  0.587163  0.518339  0.840820  0.493494  0.506733  0.523020  0.386332  0.490898  0.318022  0.299929  0.503109  0.443011  0.666898  0.360854  0.408722  0.249443  0.392821  0.371136  0.386607  0.679254  0.399653  0.455777  0.508766  0.239143  0.688518  0.401002  0.451821  0.375446  0.570204  0.329148  0.235963  0.277691  0.606458  0.661946  0.388797  0.497398  0.253481  0.559542  0.501267  0.631922  0.523481  0.383479  0.413687  0.467578  0.684404  0.559687  0.349179  0.537455  0.338629  0.509411  0.440452 
16  0.728182  0.698517  0.844928  0.689389  0.591698  0.663671  0.734388  0.638594  0.675846  0.661227  0.674127  0.547678  0.622761  0.703034  0.799558  0.578667 0.0  0.679543  0.741853  0.578824  0.533421  0.646648  0.512435  0.703507  0.692453  0.596385  0.557004  0.571005  0.618414  0.803299  0.652057  0.693997  0.684287  0.666440  0.751050  0.518506  0.721541  0.565092  0.615831  0.711067  0.524528  0.714515  0.699490  0.769691  0.661710  0.718876  0.648562  0.676379  0.678075  0.553215  0.634643  0.671968  0.718786  0.634330  0.690463  0.771779  0.494677  0.646829  0.490738  0.750123  0.734305  0.614808  0.521541  0.620214  0.589505  0.733555  0.627119  0.735033  0.527667  0.616893  0.657649  0.774869  0.614218  0.752563  0.565090  0.762193  0.641944  0.736697  0.774190  0.624828  0.601077  0.765739  0.551250  0.553978  0.619030  0.666760  0.467878  0.642115  0.361029  0.571353  0.554344  0.741926  0.641329  0.694892  0.654834  0.613594  0.684606  0.789636  0.681965  0.662640  0.612650  0.589849  0.539048  0.498370  0.666852  0.722210  0.652974  0.786478  0.848268  0.647191  0.586665  0.536870  0.587979  0.699667  0.678280  0.561463  0.405196  0.576082  0.522556  0.773339  0.521327  0.653522  0.640885  0.635255  0.574639  0.711669  0.529567  0.722930  0.540530  0.724551  0.677569  0.650762  0.513832  0.639019  0.519086  0.597408  0.637645  0.608935  0.650391  0.548932  0.660450  0.755493  0.642537  0.586635  0.789358  0.610307 
17  0.759718  0.594884  0.646729  0.648118  0.703915  0.694871  0.793629  0.569848  0.737420  0.659805  0.666016  0.675365  0.547473  0.664189  0.732819  0.668097  0.679543 0.0  0.725746  0.665484  0.544932  0.599674  0.621435  0.565655  0.688754  0.552054  0.731464  0.690573  0.702525  0.651591  0.671236  0.739360  0.626857  0.636331  0.553150  0.629939  0.608816  0.647697  0.570112  0.626417  0.580826  0.677145  0.718344  0.605779  0.749563  0.603526  0.583111  0.770206  0.640882  0.607430  0.694398  0.710811  0.648547  0.698679  0.602027  0.709376  0.621852  0.687082  0.674280  0.598232  0.616519  0.614710  0.610203  0.612350  0.669322  0.674110  0.733872  0.501993  0.656017  0.609726  0.614374  0.608866  0.627715  0.672733  0.646227  0.686848  0.656101  0.624209  0.596458  0.550248  0.719985  0.729754  0.484455  0.609576  0.622106  0.681229  0.650773  0.608342  0.612383  0.705014  0.689516  0.620051  0.605364  0.516259  0.743752  0.626788  0.785171  0.622957  0.562742  0.797535  0.598772  0.714941  0.612290  0.609466  0.663579  0.689923  0.636195  0.739647  0.702107  0.560949  0.599587  0.525880  0.626352  0.617669  0.486561  0.514255  0.486227  0.648804  0.644355  0.619121  0.665473  0.556918  0.542541  0.594292  0.642636  0.642697  0.608105  0.670692  0.611512  0.638404  0.670634  0.625043  0.582487  0.670477  0.490945  0.594344  0.693366  0.700430  0.666156  0.566295  0.659158  0.603836  0.619562  0.594539  0.598268  0.533688 
18  0.429622  0.751989  0.964200  0.468494  0.561072  0.540486  0.427412  0.347245  0.530216  0.525216  0.450328  0.337999  0.285416  0.690927  0.494012  0.458287  0.741853  0.725746 0.0  0.499645  0.521486  0.751522  0.505151  0.699280  0.629430  0.679644  0.519569  0.446594  0.581872  0.416085  0.499786  0.517797  0.461369  0.641417  0.893384  0.462188  0.393243  0.676432  0.479597  0.748080  0.600361  0.508223  0.428525  0.351563  0.694569  0.427864  0.358481  0.422399  0.520826  0.498504  0.438427  0.550203  0.335738  0.456036  0.566450  0.386264  0.281137  0.452256  0.556795  0.583518  0.438945  0.518091  0.494199  0.602909  0.406203  0.396208  0.366782  0.836434  0.660274  0.527194  0.473987  0.468935  0.501333  0.437584  0.541147  0.475823  0.473668  0.447364  0.660536  0.840935  0.400982  0.465233  0.624760  0.471318  0.420752  0.448695  0.504529  0.455368  0.661300  0.549232  0.480709  0.514660  0.668460  0.828100  0.388604  0.606001  0.338967  0.785114  0.393863  0.351498  0.535831  0.474352  0.487651  0.458091  0.539383  0.466837  0.447431  0.826278  0.380522  0.533638  0.370514  0.445563  0.554642  0.468804  0.634070  0.388572  0.595379  0.504681  0.443979  0.833406  0.524333  0.607350  0.584035  0.708815  0.466900  0.501558  0.545067  0.522468  0.717991  0.523105  0.430910  0.467083  0.530435  0.596683  0.799717  0.410571  0.473014  0.490811  0.407403  0.588888  0.356046  0.516693  0.627254  0.492042  0.627403  0.538116 
19  0.459259  0.761212  0.800180  0.531275  0.535440  0.300789  0.527448  0.579489  0.542117  0.554780  0.627456  0.485732  0.520898  0.651970  0.533929  0.465564  0.578824  0.665484  0.499645 0.0  0.549095  0.639894  0.562814  0.682917  0.629847  0.575627  0.496118  0.625018  0.650164  0.628963  0.636209  0.491411  0.466685  0.581222  0.755677  0.470230  0.689950  0.558390  0.435525  0.666613  0.603586  0.544776  0.431567  0.444018  0.595737  0.397793  0.615195  0.672855  0.643140  0.647708  0.566542  0.689564  0.457205  0.542170  0.468231  0.590310  0.478961  0.511756  0.606906  0.603754  0.491342  0.477884  0.589872  0.684580  0.582607  0.530263  0.488685  0.644046  0.593197  0.374400  0.546603  0.540830  0.590046  0.392482  0.631759  0.484945  0.496928  0.481698  0.642124  0.657839  0.582506  0.613998  0.579432  0.662525  0.526599  0.511313  0.531582  0.521957  0.511967  0.530015  0.547207  0.630872  0.379970  0.597435  0.510109  0.328798  0.473369  0.770414  0.610035  0.498112  0.540686  0.583825  0.664168  0.531711  0.551369  0.519100  0.548045  0.710392  0.585897  0.621742  0.599416  0.476393  0.421961  0.511371  0.613363  0.542444  0.467288  0.462945  0.603824  0.690592  0.632019  0.509813  0.428139  0.492585  0.620059  0.531539  0.499792  0.451659  0.642619  0.629982  0.500279  0.496684  0.451977  0.375829  0.589804  0.424353  0.653764  0.508810  0.671032  0.573239  0.574737  0.456396  0.590628  0.582229  0.661684  0.478574 
20  0.476982  0.738086  0.723014  0.515046  0.345992  0.549347  0.346870  0.392673  0.521653  0.381221  0.456311  0.377626  0.409656  0.784157  0.560506  0.374175  0.533421  0.544932  0.521486  0.549095 0.0  0.753297  0.327128  0.610718  0.754010  0.600462  0.455668  0.487654  0.424145  0.315630  0.377614  0.385621  0.310234  0.490821  0.732411  0.389808  0.517644  0.563330  0.424043  0.742727  0.649709  0.433895  0.302605  0.385642  0.474617  0.430596  0.421954  0.311212  0.417118  0.371849  0.412702  0.379920  0.500494  0.488863  0.587418  0.527516  0.343250  0.583171  0.602506  0.633096  0.407952  0.383246  0.507434  0.686414  0.535780  0.330809  0.393230  0.648758  0.635417  0.470732  0.369309  0.400990  0.407802  0.478098  0.443592  0.369278  0.291819  0.258074  0.440680  0.706318  0.504374  0.509317  0.692788  0.360531  0.334794  0.341338  0.490413  0.410547  0.586366  0.350168  0.334960  0.525276  0.578118  0.622257  0.428921  0.487482  0.515503  0.666504  0.370351  0.490493  0.321517  0.353741  0.521655  0.383860  0.383625  0.497255  0.344697  0.700100  0.300041  0.460825  0.323000  0.318439  0.324594  0.311892  0.486348  0.425277  0.503876  0.468382  0.319139  0.760260  0.424367  0.314313  0.327684  0.536035  0.384146  0.350564  0.338746  0.492451  0.648256  0.493808  0.384512  0.413765  0.487245  0.506782  0.637733  0.428405  0.497051  0.488713  0.462186  0.586737  0.463142  0.414809  0.565957  0.455485  0.606352  0.423527 
21  0.706614  0.685743  0.562640  0.734973  0.784394  0.711890  0.728542  0.783977  0.710586  0.742881  0.756098  0.835759  0.688274  0.647130  0.818183  0.695195  0.646648  0.599674  0.751522  0.639894  0.753297 0.0  0.808809  0.480995  0.676790  0.648423  0.809060  0.737755  0.780103  0.796277  0.731360  0.788217  0.776822  0.835910  0.461370  0.781944  0.759792  0.688261  0.701018  0.626521  0.732864  0.720929  0.765433  0.744558  0.606375  0.706671  0.657660  0.738451  0.691194  0.784673  0.726176  0.755003  0.753827  0.781307  0.715827  0.633905  0.700173  0.633168  0.602828  0.737101  0.709207  0.713398  0.788812  0.708148  0.662739  0.690570  0.676482  0.381608  0.687024  0.665560  0.695500  0.725284  0.661403  0.778634  0.803544  0.715381  0.728620  0.533647  0.689309  0.489581  0.757258  0.659641  0.729463  0.644373  0.732507  0.729384  0.661946  0.728348  0.669063  0.701521  0.730949  0.741469  0.723619  0.565615  0.739848  0.665133  0.639910  0.602509  0.856203  0.820033  0.630996  0.666708  0.739689  0.778511  0.657187  0.764650  0.770557  0.673579  0.682737  0.796606  0.666823  0.752891  0.720723  0.699115  0.824692  0.677675  0.609804  0.743125  0.763240  0.368693  0.775564  0.788462  0.744126  0.597992  0.810101  0.632272  0.644345  0.763907  0.558681  0.752380  0.764222  0.749221  0.568401  0.715363  0.809694  0.611436  0.764545  0.632806  0.721931  0.633603  0.653784  0.748040  0.660441  0.837985  0.746109  0.742660 
22  0.563292  0.652111  0.667939  0.473032  0.379706  0.769618  0.402083  0.377039  0.552839  0.363176  0.525204  0.352008  0.392221  0.732647  0.551911  0.480581  0.512435  0.621435  0.505151  0.562814  0.327128  0.808809 0.0  0.630785  0.717397  0.663968  0.407226  0.423571  0.331212  0.469658  0.435588  0.508730  0.430496  0.418311  0.640663  0.394815  0.405848  0.578791  0.317937  0.779925  0.686937  0.590754  0.501570  0.570229  0.612556  0.475978  0.311849  0.462088  0.353253  0.531274  0.465571  0.431246  0.553704  0.370787  0.549160  0.295655  0.425634  0.554401  0.580805  0.483733  0.502884  0.537584  0.350224  0.652697  0.377710  0.493464  0.438414  0.746093  0.621360  0.498789  0.402105  0.595741  0.349285  0.596597  0.298532  0.614349  0.429566  0.387120  0.550481  0.730645  0.211885  0.456118  0.705535  0.388824  0.437268  0.386334  0.304339  0.356271  0.560185  0.255581  0.371160  0.418473  0.588837  0.655731  0.542065  0.598103  0.467076  0.820080  0.415775  0.386974  0.488351  0.380379  0.407438  0.392185  0.465033  0.401781  0.329890  0.660586  0.544756  0.537707  0.362999  0.417976  0.402864  0.493036  0.557044  0.444011  0.562629  0.582954  0.397188  0.731960  0.426161  0.423862  0.396024  0.525952  0.396246  0.394715  0.407681  0.706493  0.647603  0.496045  0.318872  0.431179  0.463295  0.533223  0.624714  0.558986  0.413796  0.375308  0.403209  0.563795  0.384075  0.398407  0.641717  0.382600  0.365319  0.380033 
23  0.781118  0.483351  0.533702  0.767160  0.607251  0.692357  0.558436  0.597093  0.706601  0.666713  0.541508  0.584213  0.670319  0.496395  0.854078  0.636472  0.703507  0.565655  0.699280  0.682917  0.610718  0.480995  0.630785 0.0  0.738442  0.650887  0.462055  0.655613  0.685327  0.596830  0.498613  0.640387  0.676287  0.606222  0.537862  0.689802  0.494244  0.689519  0.598729  0.489954  0.543205  0.666944  0.717693  0.644079  0.645433  0.640735  0.654713  0.728306  0.554274  0.499693  0.695164  0.598392  0.627003  0.690631  0.612049  0.715753  0.591464  0.766162  0.694479  0.547274  0.736617  0.684570  0.626133  0.692396  0.709870  0.694468  0.679298  0.588937  0.500610  0.731302  0.606764  0.584889  0.592977  0.593129  0.549334  0.825344  0.611449  0.659479  0.565464  0.528316  0.503832  0.776607  0.670000  0.556116  0.633196  0.637106  0.702948  0.629261  0.527025  0.648302  0.520817  0.568266  0.778258  0.413257  0.694025  0.631607  0.721412  0.532422  0.600722  0.755776  0.617231  0.570205  0.612236  0.639695  0.699496  0.793261  0.646539  0.646165  0.663255  0.570775  0.597244  0.683505  0.622893  0.555339  0.639607  0.558239  0.503379  0.767037  0.529771  0.704862  0.683581  0.697348  0.604524  0.712339  0.521573  0.621819  0.647681  0.685880  0.626446  0.573806  0.665380  0.752812  0.667077  0.659128  0.691856  0.644042  0.577590  0.516952  0.609405  0.616314  0.703883  0.610723  0.658925  0.598695  0.481634  0.555909 
24  0.725436  0.761158  0.786311  0.721345  0.722003  0.595676  0.707968  0.759477  0.546499  0.736359  0.789271  0.751103  0.660205  0.660968  0.695116  0.722275  0.692453  0.688754  0.629430  0.629847  0.754010  0.676790  0.717397  0.738442 0.0  0.402348  0.758775  0.774861  0.638472  0.777481  0.634216  0.700326  0.729668  0.855872  0.818034  0.554841  0.808607  0.400112  0.775220  0.790126  0.537206  0.612383  0.678230  0.582396  0.699371  0.514162  0.823057  0.676731  0.726956  0.649867  0.652819  0.650191  0.612127  0.684303  0.738835  0.625102  0.703869  0.509504  0.581030  0.868385  0.608544  0.652590  0.709737  0.620983  0.730707  0.657862  0.669737  0.819839  0.603163  0.566213  0.759482  0.678457  0.650481  0.581727  0.793702  0.576405  0.797770  0.702455  0.791721  0.782642  0.683017  0.711180  0.641878  0.667034  0.677672  0.780000  0.621686  0.727989  0.556412  0.703583  0.748532  0.803430  0.541239  0.818993  0.683633  0.560984  0.708062  0.716433  0.758329  0.808919  0.808109  0.632225  0.795204  0.700500  0.733443  0.680498  0.567815  0.771903  0.620525  0.831518  0.723564  0.721323  0.647696  0.622411  0.898477  0.679271  0.602079  0.657892  0.788502  0.776462  0.817764  0.717663  0.721969  0.649186  0.644854  0.796381  0.710524  0.686013  0.688552  0.802004  0.719555  0.558289  0.629146  0.710894  0.726659  0.699069  0.701683  0.628125  0.643782  0.455670  0.753161  0.827459  0.567885  0.695660  0.810652  0.717742 
25  0.682407  0.708788  0.694877  0.583385  0.597811  0.629662  0.671382  0.594713  0.659985  0.737693  0.753085  0.617228  0.625433  0.758018  0.619859  0.763503  0.596385  0.552054  0.679644  0.575627  0.600462  0.648423  0.663968  0.650887  0.402348 0.0  0.731541  0.731296  0.702389  0.733533  0.653009  0.685710  0.605308  0.708471  0.860311  0.643654  0.773990  0.479412  0.635240  0.670109  0.468777  0.610667  0.674043  0.667981  0.689530  0.753350  0.669616  0.617493  0.574776  0.672616  0.716692  0.628184  0.687818  0.679954  0.698397  0.638301  0.633028  0.607306  0.524565  0.835064  0.784710  0.601137  0.669488  0.636123  0.723434  0.583943  0.682688  0.726974  0.626371  0.628165  0.699905  0.687599  0.772388  0.654514  0.608504  0.630509  0.594390  0.735115  0.763188  0.795414  0.736204  0.660622  0.560796  0.622524  0.567640  0.643377  0.619896  0.624124  0.580058  0.588543  0.600482  0.659686  0.669645  0.636026  0.656776  0.556710  0.718501  0.825331  0.744938  0.626854  0.579373  0.713172  0.804656  0.745841  0.694335  0.674945  0.603264  0.731592  0.719104  0.871534  0.691005  0.571701  0.676548  0.653107  0.720250  0.701494  0.555728  0.629850  0.595413  0.754885  0.748558  0.671811  0.603835  0.669379  0.694938  0.585474  0.695048  0.646662  0.694720  0.902106  0.610226  0.674491  0.645211  0.632482  0.639701  0.584034  0.643054  0.654025  0.691715  0.461671  0.786892  0.649837  0.608088  0.581563  0.713463  0.709468 
26  0.594856  0.732586  0.737026  0.535874  0.453415  0.648220  0.621831  0.311122  0.524637  0.349530  0.453569  0.454886  0.470194  0.763262  0.541825  0.452249  0.557004  0.731464  0.519569  0.496118  0.455668  0.809060  0.407226  0.462055  0.758775  0.731541 0.0  0.402077  0.341544  0.353174  0.336024  0.414375  0.374919  0.466662  0.821588  0.385881  0.398946  0.668312  0.344231  0.829437  0.630287  0.521891  0.547753  0.423453  0.585723  0.442147  0.356530  0.554113  0.379133  0.384765  0.455374  0.366930  0.630953  0.434838  0.615069  0.371802  0.362860  0.519266  0.636555  0.437054  0.466685  0.339678  0.248025  0.700584  0.383928  0.443905  0.508726  0.749282  0.627117  0.511398  0.362807  0.531992  0.436069  0.588897  0.330522  0.493136  0.485266  0.505012  0.531282  0.677264  0.306162  0.403118  0.781317  0.410472  0.556350  0.377509  0.474923  0.259457  0.627810  0.418184  0.311558  0.323528  0.642680  0.613301  0.488081  0.602974  0.400543  0.772188  0.478596  0.264420  0.435130  0.270154  0.408295  0.393642  0.429253  0.278637  0.346280  0.777277  0.505062  0.654336  0.454418  0.469723  0.399288  0.650748  0.538218  0.353574  0.394427  0.658414  0.480555  0.725097  0.448582  0.421446  0.457410  0.553249  0.426958  0.373653  0.258050  0.494025  0.685262  0.639355  0.271564  0.518105  0.555188  0.482661  0.637486  0.496716  0.439363  0.404649  0.320922  0.609908  0.382332  0.371813  0.586141  0.428205  0.354736  0.356414 
