146
0 0.0  0.787914  0.812361  0.307576  0.356654  0.694378  0.473165  0.534457  0.532432  0.456779  0.334714  0.633045  0.419775  0.691755  0.600837  0.348118  0.712119  0.743631  0.506430  0.421584  0.422938  0.773471  0.549058  0.726349  0.652937  0.620758  0.551337  0.433888  0.514687  0.482243  0.468909  0.463820  0.497972  0.578577  0.830751  0.458818  0.672981  0.667916  0.432561  0.817010  0.634421  0.516275  0.402726  0.424990  0.703603  0.453755  0.383967  0.419698  0.524704  0.582549  0.348360  0.535342  0.316367  0.372440  0.529728  0.498665  0.570310  0.527864  0.638996  0.595997  0.356987  0.486914  0.511860  0.703730  0.627046  0.373203  0.357850  0.853669  0.723096  0.498848  0.405844  0.470332  0.414682  0.636091  0.516665  0.324154  0.420422  0.387900  0.474363  0.868377  0.465643  0.444288  0.668679  0.455083  0.427572  0.514026  0.495585  0.543079  0.598514  0.588986  0.592863  0.653414  0.543834  0.632711  0.393221  0.572362  0.372380  0.949958  0.474050  0.494143  0.513275  0.473721  0.532339  0.426862  0.402856  0.498447  0.406048  0.794549  0.378815  0.653403  0.537032  0.450641  0.504923  0.379834  0.646807  0.378582  0.655272  0.514168  0.477417  0.851589  0.545602  0.413047  0.507913  0.747237  0.481548  0.451701  0.395037  0.582484  0.668146  0.559505  0.501946  0.469424  0.607893  0.491194  0.710313  0.413982  0.562170  0.513947  0.568374  0.708048  0.544668  0.412399  0.651242  0.508669  0.727303  0.406032 
1  0.787914 0.0  0.319887  0.745529  0.822797  0.831025  0.835196  0.739542  0.792408  0.768775  0.720429  0.756348  0.899415  0.630022  0.828029  0.705200  0.740287  0.711468  0.756174  0.767698  0.855594  0.525282  0.917217  0.444525  0.790724  0.823029  0.690942  0.871496  0.800103  0.796324  0.788532  0.769107  0.739202  0.696572  0.689423  0.820093  0.612158  0.679899  0.843798  0.302299  0.677285  0.788373  0.843564  0.775966  0.687254  0.810639  0.713103  0.782337  0.670888  0.852522  0.773141  0.839374  0.789792  0.902280  0.649329  0.864480  0.821933  0.871739  0.655352  0.875716  0.846833  0.747461  0.684988  0.773448  0.802170  0.881475  0.904945  0.577093  0.662164  0.620647  0.809314  0.869242  0.688181  0.773116  0.820886  0.736268  0.719237  0.712519  0.545158  0.530583  0.736917  0.905771  0.747433  0.791083  0.687955  0.742818  0.638539  0.909773  0.712528  0.730618  0.721854  0.818106  0.815231  0.536947  0.933698  0.683010  0.882757  0.511234  0.780370  0.905671  0.826011  0.847869  0.834492  0.927220  0.789223  0.850890  0.773618  0.751988  0.786162  0.629703  0.765368  0.660966  0.826787  0.851725  0.737120  0.815125  0.593209  0.850839  0.767722  0.606281  0.734694  0.820499  0.782505  0.608353  0.825431  0.769206  0.766894  0.729473  0.771834  0.679422  0.805535  0.778901  0.788485  0.723772  0.755807  0.782154  0.740684  0.690821  0.869977  0.668297  0.803200  0.825787  0.685257  0.729275  0.649556  0.761979 
2  0.812361  0.319887 0.0  0.878480  0.748493  0.908121  0.831234  0.693459  0.868472  0.667663  0.726841  0.775718  0.749798  0.669841  0.852314  0.750806  0.793381  0.556003  0.883835  0.766575  0.674754  0.477067  0.781062  0.494588  0.816278  0.662575  0.737358  0.755430  0.851590  0.659681  0.752016  0.828318  0.772736  0.894489  0.642801  0.821464  0.614827  0.776719  0.664642  0.480685  0.769936  0.833422  0.895366  0.947412  0.677075  0.737748  0.708729  0.813291  0.837445  0.793094  0.841443  0.768910  0.906896  0.903127  0.867664  0.938236  0.773859  0.744061  0.719987  0.763025  0.809926  0.713647  0.703342  0.772146  0.775739  0.840270  0.825366  0.697459  0.940318  0.696777  0.751670  0.825751  0.740484  0.906214  0.749144  0.885257  0.671965  0.806329  0.747380  0.547235  0.753750  0.857858  0.736351  0.855512  0.798180  0.618251  0.688289  0.848231  0.748658  0.798997  0.826138  0.712158  0.895636  0.514293  0.868778  0.752377  0.829200  0.478421  0.870155  0.875814  0.806805  0.736618  0.724161  0.786254  0.821542  0.812650  0.811489  0.667685  0.849335  0.628870  0.689829  0.742355  0.819539  0.696087  0.860968  0.702038  0.625304  0.864237  0.771322  0.715812  0.766902  0.766122  0.811099  0.637150  0.659417  0.676470  0.812882  0.746507  0.782307  0.772505  0.638905  0.812242  0.737894  0.733270  0.799138  0.739541  0.818853  0.821839  0.849947  0.670249  0.820416  0.757841  0.743678  0.837791  0.704296  0.689116 
3  0.307576  0.745529  0.878480 0.0  0.575479  0.560039  0.293104  0.535158  0.437483  0.595849  0.281276  0.451722  0.549257  0.704553  0.406022  0.479776  0.766330  0.686716  0.365995  0.403317  0.456770  0.733357  0.608607  0.710764  0.654899  0.588781  0.590107  0.471334  0.576608  0.426352  0.460025  0.482757  0.530374  0.611454  1.000000  0.568547  0.595278  0.770205  0.423691  0.872227  0.614349  0.456757  0.349511  0.337877  0.775746  0.423382  0.443273  0.372890  0.523001  0.495289  0.462882  0.539019  0.399277  0.511285  0.594663  0.452696  0.518306  0.473708  0.765645  0.673678  0.469135  0.387961  0.498099  0.764445  0.569800  0.307882  0.229206  0.890395  0.761870  0.464097  0.461160  0.435270  0.542657  0.314636  0.559249  0.332800  0.433991  0.518207  0.521476  0.777960  0.573901  0.472161  0.621937  0.408198  0.398452  0.503093  0.479441  0.549946  0.766632  0.524829  0.511278  0.586889  0.537170  0.722821  0.339185  0.644699  0.610827  0.898565  0.605483  0.514080  0.531570  0.484683  0.552177  0.520694  0.506403  0.475366  0.550833  0.931808  0.345748  0.714525  0.510695  0.470234  0.434540  0.482321  0.560135  0.362064  0.451155  0.514917  0.508518  0.738237  0.624757  0.448957  0.438004  0.628844  0.514586  0.539583  0.384699  0.520708  0.712900  0.635053  0.538028  0.488909  0.460815  0.643954  0.719890  0.388296  0.549271  0.490558  0.513166  0.642691  0.420320  0.510575  0.671099  0.412347  0.684685  0.444296 
4  0.356654  0.822797  0.748493  0.575479 0.0  0.715638  0.414627  0.408937  0.508508  0.530053  0.447765  0.423786  0.401915  0.733640  0.611845  0.307342  0.673074  0.708159  0.559557  0.407776  0.373859  0.781932  0.432225  0.733538  0.723461  0.683567  0.413416  0.391211  0.532190  0.318227  0.474599  0.369701  0.350652  0.544058  0.857130  0.476354  0.617614  0.702499  0.321477  0.638798  0.500830  0.482998  0.374972  0.514652  0.626698  0.427293  0.455453  0.512202  0.491220  0.399299  0.472951  0.497606  0.480018  0.578590  0.622332  0.638654  0.387375  0.550362  0.610262  0.567246  0.416223  0.359964  0.499617  0.674302  0.504032  0.435091  0.434705  0.804037  0.689539  0.486089  0.502609  0.316096  0.432117  0.624917  0.420995  0.488091  0.378708  0.335261  0.600702  0.759697  0.366733  0.600501  0.755916  0.382020  0.410446  0.482679  0.476813  0.469819  0.547552  0.418431  0.606995  0.507789  0.581058  0.591181  0.445568  0.556974  0.531852  0.827484  0.537381  0.508636  0.453460  0.483412  0.462385  0.410133  0.332071  0.561978  0.565389  0.803313  0.434911  0.483877  0.418933  0.312779  0.272727  0.444915  0.613188  0.392344  0.481307  0.576377  0.328987  0.851832  0.474504  0.399097  0.447871  0.664999  0.455148  0.461483  0.428881  0.480388  0.699177  0.482697  0.558805  0.501311  0.595123  0.476885  0.711446  0.432363  0.424248  0.415733  0.537415  0.599265  0.505566  0.393791  0.693966  0.544761  0.566969  0.447510 
5  0.694378  0.831025  0.908121  0.560039  0.715638 0.0  0.660370  0.642394  0.557953  0.724178  0.668627  0.587137  0.588323  0.710974  0.586781  0.675982  0.689193  0.643310  0.542230  0.474508  0.537353  0.665052  0.636444  0.678555  0.622307  0.606052  0.730399  0.540728  0.669662  0.796594  0.578668  0.726845  0.604384  0.688878  0.762585  0.772776  0.634140  0.726265  0.727792  0.712002  0.698475  0.508403  0.638659  0.568261  0.730295  0.600627  0.563376  0.734217  0.726174  0.670569  0.592349  0.675703  0.485644  0.676046  0.578225  0.615141  0.663428  0.488704  0.550849  0.770707  0.615864  0.644519  0.624531  0.801744  0.647551  0.498949  0.622678  0.819145  0.715493  0.511767  0.620855  0.718905  0.697111  0.513626  0.539562  0.605848  0.621932  0.778622  0.741099  0.826122  0.631601  0.582278  0.691700  0.657128  0.636816  0.644393  0.538686  0.643818  0.600553  0.765395  0.631546  0.636679  0.308453  0.622592  0.533191  0.275542  0.657013  0.826491  0.663785  0.552337  0.666524  0.755395  0.640614  0.653979  0.598945  0.573053  0.696308  0.926953  0.595675  0.788307  0.715894  0.721373  0.556436  0.726997  0.743939  0.673018  0.503989  0.548397  0.682028  0.792924  0.682999  0.684115  0.698465  0.618258  0.687715  0.634869  0.547216  0.599517  0.691284  0.573827  0.596389  0.526202  0.450953  0.650570  0.686906  0.488617  0.738722  0.554107  0.635999  0.619646  0.590268  0.591542  0.602563  0.549745  0.844428  0.571045 
6  0.473165  0.835196  0.831234  0.293104  0.414627  0.660370 0.0  0.540094  0.396326  0.586250  0.411576  0.498707  0.425853  0.687969  0.555057  0.473092  0.692548  0.658781  0.411521  0.412612  0.282485  0.761706  0.586362  0.561141  0.638968  0.731044  0.534900  0.544771  0.515802  0.507487  0.463569  0.492197  0.371131  0.419579  0.791666  0.488429  0.538484  0.696022  0.414182  0.749126  0.573444  0.445776  0.349527  0.319167  0.667637  0.496170  0.354385  0.278893  0.482427  0.466357  0.389587  0.458028  0.318008  0.508693  0.634761  0.494232  0.527055  0.455776  0.398985  0.579068  0.462761  0.371589  0.501028  0.825676  0.460468  0.242926  0.347054  0.797660  0.768906  0.566742  0.350281  0.341841  0.400572  0.290169  0.644943  0.306953  0.400634  0.348374  0.562373  0.793099  0.418898  0.499029  0.627310  0.348452  0.453401  0.435776  0.557706  0.467653  0.769701  0.511784  0.462956  0.582984  0.644078  0.608217  0.403010  0.514973  0.561045  0.733609  0.436651  0.532943  0.543277  0.380268  0.583097  0.484402  0.307669  0.483209  0.406345  0.852718  0.315595  0.481391  0.539921  0.375328  0.390825  0.409811  0.599875  0.375946  0.453278  0.597738  0.454590  0.792370  0.417941  0.413414  0.404376  0.510877  0.542137  0.475356  0.425854  0.634470  0.726941  0.456390  0.542706  0.382060  0.631464  0.667623  0.699348  0.490827  0.420625  0.440139  0.376353  0.724174  0.529751  0.322362  0.630050  0.407137  0.569904  0.457639 
7  0.534457  0.739542  0.693459  0.535158  0.408937  0.642394  0.540094 0.0  0.595403  0.385396  0.456023  0.500232  0.388034  0.624098  0.494457  0.346330  0.586393  0.621076  0.390534  0.590161  0.370890  0.794556  0.292524  0.679815  0.753032  0.647402  0.250067  0.303637  0.344088  0.418153  0.384789  0.434881  0.366543  0.443936  0.744895  0.512979  0.462379  0.653698  0.326392  0.818461  0.664048  0.575113  0.641765  0.507981  0.632537  0.467420  0.366565  0.505713  0.421260  0.376152  0.396853  0.410355  0.427630  0.433681  0.616534  0.361570  0.340631  0.531143  0.640429  0.405666  0.532358  0.446857  0.221995  0.612418  0.368387  0.585690  0.632021  0.788388  0.700933  0.526201  0.425549  0.494922  0.429868  0.589637  0.394836  0.519293  0.458199  0.412601  0.530297  0.806014  0.306849  0.409250  0.645600  0.304377  0.538582  0.379668  0.562967  0.259538  0.668700  0.380656  0.387159  0.424063  0.580744  0.586293  0.449549  0.523607  0.452113  0.699974  0.485848  0.319071  0.398037  0.351945  0.551137  0.462982  0.577489  0.337925  0.303706  0.697152  0.490952  0.434382  0.494136  0.373884  0.512170  0.397950  0.557446  0.465321  0.411308  0.476309  0.374124  0.758115  0.399459  0.394965  0.464099  0.514152  0.393506  0.502564  0.403973  0.650199  0.623824  0.500812  0.204668  0.503240  0.528692  0.488063  0.556019  0.585417  0.395308  0.376906  0.445858  0.676454  0.454551  0.405629  0.709443  0.393827  0.528369  0.476134 
8  0.532432  0.792408  0.868472  0.437483  0.508508  0.557953  0.396326  0.595403 0.0  0.535485  0.635489  0.641430  0.491338  0.797592  0.246758  0.615168  0.686701  0.640673  0.492391  0.502160  0.583757  0.734574  0.521263  0.615574  0.547727  0.665071  0.613382  0.543050  0.586088  0.658572  0.587498  0.668869  0.581759  0.581584  0.702805  0.669996  0.744686  0.617358  0.529197  0.752795  0.739661  0.343300  0.460386  0.487733  0.666991  0.496180  0.612136  0.486888  0.572481  0.536897  0.439352  0.597583  0.504032  0.417880  0.532945  0.553574  0.619536  0.521503  0.445978  0.714530  0.395426  0.483410  0.489368  0.807281  0.439089  0.561381  0.508481  0.903585  0.758977  0.530513  0.583711  0.560171  0.579798  0.262113  0.637858  0.398518  0.504806  0.623680  0.643161  0.798704  0.529331  0.500268  0.672826  0.595345  0.645014  0.560860  0.459675  0.592473  0.680177  0.640039  0.609901  0.722958  0.571510  0.796227  0.518904  0.640024  0.586933  0.849380  0.552545  0.390914  0.571131  0.575235  0.768401  0.591353  0.639472  0.555056  0.458214  0.728555  0.381657  0.708275  0.531469  0.586402  0.577936  0.467840  0.582147  0.521065  0.530367  0.338905  0.497986  0.724950  0.688181  0.523365  0.494476  0.629978  0.576069  0.443084  0.583188  0.633251  0.766948  0.693985  0.540536  0.569349  0.440504  0.474166  0.750945  0.426818  0.570200  0.522094  0.511974  0.615367  0.564933  0.614237  0.681816  0.483112  0.657227  0.533764 
9  0.456779  0.768775  0.667663  0.595849  0.530053  0.724178  0.586250  0.385396  0.535485 0.0  0.413542  0.427381  0.398467  0.848874  0.647295  0.408229  0.629257  0.493089  0.545228  0.659281  0.456772  0.727185  0.387226  0.594007  0.772785  0.704540  0.334937  0.291457  0.313985  0.475713  0.423972  0.493602  0.491174  0.474177  0.929538  0.476447  0.465046  0.633125  0.300614  0.817697  0.447688  0.575011  0.650446  0.575517  0.699382  0.550983  0.432886  0.531339  0.517883  0.526285  0.444835  0.384780  0.499091  0.382461  0.470219  0.303745  0.419670  0.447557  0.542207  0.500670  0.538664  0.436784  0.357653  0.748590  0.410474  0.616209  0.432255  0.698035  0.649973  0.612340  0.537913  0.446972  0.423940  0.571702  0.445111  0.559758  0.459738  0.348167  0.503004  0.801240  0.393473  0.424123  0.599900  0.420737  0.385372  0.478285  0.433269  0.269153  0.612932  0.475513  0.354394  0.347998  0.635042  0.733657  0.514844  0.610981  0.476353  0.814798  0.557286  0.455175  0.432126  0.325617  0.376585  0.295336  0.324549  0.419462  0.314552  0.729020  0.512208  0.580511  0.499711  0.500246  0.511842  0.511651  0.633361  0.436906  0.515988  0.548538  0.416737  0.850670  0.468140  0.463067  0.543225  0.676022  0.493967  0.406121  0.318145  0.543222  0.744670  0.628454  0.379797  0.462199  0.539634  0.468304  0.579216  0.459921  0.491128  0.382699  0.312123  0.599689  0.466681  0.391134  0.660299  0.532639  0.454352  0.436291 
10  0.334714  0.720429  0.726841  0.281276  0.447765  0.668627  0.411576  0.456023  0.635489  0.413542 0.0  0.467301  0.522305  0.646270  0.535231  0.407518  0.640805  0.559005  0.483356  0.686680  0.431271  0.861627  0.580825  0.542691  0.698804  0.768556  0.591161  0.522767  0.636586  0.533515  0.613176  0.425176  0.395987  0.681344  0.737562  0.530563  0.634687  0.736411  0.453225  0.644488  0.687874  0.495792  0.355101  0.326339  0.704235  0.491367  0.557097  0.362881  0.612380  0.615823  0.413509  0.618426  0.277123  0.617498  0.633659  0.637065  0.560983  0.529828  0.579458  0.537672  0.422103  0.482329  0.599279  0.613247  0.617235  0.487164  0.370908  0.684757  0.710255  0.529631  0.360171  0.454494  0.588777  0.651438  0.571049  0.412665  0.436734  0.463204  0.489605  0.700701  0.542475  0.618869  0.657894  0.381093  0.468028  0.444531  0.528505  0.590709  0.709803  0.654451  0.580908  0.569731  0.600113  0.577244  0.396515  0.702036  0.467643  0.848480  0.515480  0.484329  0.488679  0.555358  0.563875  0.456915  0.536246  0.427366  0.526087  0.688182  0.235847  0.420563  0.503447  0.495739  0.438483  0.412753  0.722835  0.472117  0.669187  0.596369  0.497287  0.705869  0.649658  0.480576  0.535285  0.676136  0.403314  0.538192  0.472859  0.718994  0.759227  0.496632  0.600148  0.572494  0.578171  0.550285  0.735314  0.306914  0.544092  0.503749  0.437519  0.766877  0.549992  0.472456  0.720025  0.555271  0.511119  0.479086 
11  0.633045  0.756348  0.775718  0.451722  0.423786  0.587137  0.498707  0.500232  0.641430  0.427381  0.467301 0.0  0.389627  0.756153  0.559654  0.368031  0.618178  0.690487  0.506826  0.598385  0.433909  0.781206  0.470270  0.624667  0.729654  0.766307  0.472761  0.435212  0.321391  0.456694  0.310427  0.482864  0.329083  0.492810  0.697683  0.439071  0.531342  0.612388  0.392733  0.747692  0.649215  0.585054  0.437981  0.598866  0.590669  0.563320  0.338573  0.459040  0.477187  0.417065  0.605296  0.321137  0.496654  0.401875  0.736525  0.475349  0.264900  0.591986  0.582437  0.585038  0.530927  0.343743  0.381507  0.707507  0.414059  0.635731  0.514353  0.778483  0.595189  0.453295  0.395570  0.443288  0.376470  0.475451  0.450878  0.488933  0.533663  0.435089  0.523551  0.805014  0.327235  0.427750  0.717009  0.413760  0.329105  0.331280  0.365818  0.408372  0.551191  0.422766  0.360870  0.387717  0.681097  0.655812  0.558151  0.556753  0.513450  0.752911  0.431915  0.381170  0.492224  0.418859  0.446849  0.381778  0.341755  0.526530  0.479112  0.779859  0.490403  0.517392  0.461482  0.441588  0.452270  0.456024  0.510239  0.425868  0.552191  0.623784  0.348374  0.862954  0.512289  0.442549  0.368864  0.489573  0.470834  0.441914  0.493691  0.489742  0.556215  0.578734  0.461779  0.386896  0.559999  0.481235  0.583930  0.587483  0.445886  0.421938  0.487232  0.597154  0.471305  0.482209  0.669638  0.418272  0.496601  0.464766 
12  0.419775  0.899415  0.749798  0.549257  0.401915  0.588323  0.425853  0.388034  0.491338  0.398467  0.522305  0.389627 0.0  0.713419  0.457869  0.443899  0.669128  0.651130  0.313747  0.465273  0.529686  0.711475  0.496517  0.749667  0.791466  0.594040  0.390072  0.468851  0.391214  0.620406  0.331733  0.406173  0.401304  0.449996  0.840035  0.484548  0.581834  0.607480  0.525161  0.710807  0.678092  0.525231  0.511393  0.474057  0.637533  0.511002  0.569113  0.383525  0.494131  0.482723  0.525878  0.484781  0.368666  0.420163  0.632847  0.365377  0.424916  0.467671  0.674067  0.447113  0.484896  0.492541  0.309887  0.813975  0.518437  0.471939  0.520657  0.769714  0.709170  0.460223  0.406390  0.363626  0.562108  0.543006  0.516936  0.469021  0.533932  0.555812  0.556992  0.802829  0.405909  0.439967  0.705803  0.502764  0.473107  0.440929  0.592561  0.535365  0.611020  0.475784  0.479800  0.502921  0.563686  0.612435  0.455051  0.576992  0.311322  0.790049  0.412913  0.466149  0.550941  0.411369  0.505924  0.464667  0.430644  0.422152  0.508600  0.794996  0.466425  0.642026  0.403091  0.512479  0.425153  0.481664  0.687598  0.482271  0.472787  0.587928  0.446463  0.827020  0.452830  0.456315  0.427820  0.537491  0.479539  0.483504  0.442505  0.620684  0.684924  0.527533  0.480065  0.358177  0.561437  0.504696  0.705268  0.608252  0.514431  0.455369  0.377554  0.573011  0.401473  0.367933  0.648536  0.447763  0.558331  0.366003 
13  0.691755  0.630022  0.669841  0.704553  0.733640  0.710974  0.687969  0.624098  0.797592  0.848874  0.646270  0.756153  0.713419 0.0  0.619287  0.786928  0.745033  0.562936  0.807816  0.673901  0.909710  0.670363  0.723246  0.649530  0.667572  0.668781  0.825067  0.833268  0.847719  0.683390  0.767498  0.720520  0.742979  0.809167  0.698381  0.730944  0.708992  0.704011  0.753849  0.663452  0.655794  0.679791  0.597091  0.653673  0.411699  0.649847  0.729643  0.691507  0.704900  0.780023  0.651733  0.694835  0.764144  0.743241  0.685858  0.614395  0.704391  0.680512  0.559788  0.743823  0.754064  0.789283  0.813598  0.849026  0.804151  0.854447  0.617801  0.724341  0.727325  0.611266  0.821707  0.860427  0.824184  0.684968  0.890855  0.755213  0.573834  0.704811  0.675757  0.735660  0.838667  0.775952  0.576729  0.672420  0.735291  0.801712  0.704408  0.727576  0.634139  0.807956  0.770290  0.735955  0.687939  0.635947  0.719837  0.677548  0.669926  0.647577  0.853008  0.723762  0.750793  0.728486  0.788733  0.884332  0.737119  0.763765  0.685365  0.759391  0.812643  0.636118  0.788314  0.694474  0.739377  0.699737  0.684730  0.684720  0.623588  0.732396  0.718111  0.630013  0.708830  0.748844  0.791206  0.749850  0.686506  0.737196  0.691015  0.708972  0.576428  0.675929  0.769278  0.758303  0.503692  0.627456  0.677812  0.675396  0.716375  0.676892  0.824167  0.582916  0.759717  0.755770  0.718742  0.653498  0.717948  0.661424 
14  0.600837  0.828029  0.852314  0.406022  0.611845  0.586781  0.555057  0.494457  0.246758  0.647295  0.535231  0.559654  0.457869  0.619287 0.0  0.660148  0.643880  0.631198  0.559865  0.529903  0.608197  0.699834  0.545751  0.681663  0.532279  0.677106  0.598503  0.547354  0.555139  0.753901  0.666543  0.727907  0.526976  0.609864  0.902241  0.483352  0.767995  0.648290  0.618833  0.811419  0.746573  0.484260  0.453710  0.515872  0.611147  0.482571  0.540522  0.496056  0.512928  0.520471  0.571152  0.634524  0.465089  0.579053  0.604046  0.473987  0.478054  0.366461  0.564405  0.698702  0.495502  0.577152  0.555341  0.760535  0.600988  0.436253  0.480284  0.844010  0.699544  0.570903  0.640242  0.593327  0.597363  0.340144  0.559675  0.438727  0.498001  0.573980  0.702304  0.832055  0.612906  0.532427  0.572804  0.506509  0.650943  0.572737  0.462913  0.568129  0.622222  0.552221  0.563671  0.643335  0.449802  0.797829  0.421596  0.654939  0.604216  0.967140  0.487754  0.537829  0.666885  0.550067  0.582527  0.569489  0.564525  0.537077  0.618845  0.890467  0.535050  0.657041  0.460266  0.574078  0.576151  0.335416  0.674448  0.665030  0.580959  0.316829  0.516603  0.893303  0.599916  0.531659  0.642751  0.668391  0.689257  0.528640  0.460471  0.583204  0.673138  0.658542  0.577275  0.477291  0.530663  0.564894  0.703264  0.528833  0.599310  0.533818  0.593029  0.559201  0.560432  0.639014  0.724652  0.485205  0.639552  0.496482 
15  0.348118  0.705200  0.750806  0.479776  0.307342  0.675982  0.473092  0.346330  0.615168  0.408229  0.407518  0.368031  0.443899  0.786928  0.660148 0.0  0.674963  0.646561  0.515461  0.531515  0.318338  0.726410  0.516914  0.559596  0.759401  0.724885  0.441229  0.556647  0.357685  0.418583  0.425019  0.381632  0.343969  0.496842  0.774818  0.293344  0.530714  0.732571  0.379267  0.744111  0.599183  0.581085  0.486738  0.452396  0.679641  0.534880  0.338246  0.561674  0.464205  0.379170  0.462058  0.291680  0.496057  0.403093  0.558992  0.600212  0.374803  0.567820  0.586530  0.571318  0.427014  0.476989  0.361471  0.559948  0.546477  0.517149  0.519888  0.754101  0.646281  0.496560  0.443633  0.362994  0.451746  0.581943  0.510194  0.488866  0.392457  0.281431  0.488481  0.697935  0.430034  0.631147  0.549291  0.294310  0.285360  0.296560  0.374873  0.381770  0.628815  0.493243  0.410375  0.586585  0.717091  0.667987  0.361032  0.523318  0.468962  0.671866  0.504884  0.506506  0.454157  0.443187  0.423800  0.488677  0.262761  0.497532  0.509191  0.742033  0.483003  0.298042  0.311536  0.389801  0.322550  0.463832  0.606279  0.325788  0.466228  0.655726  0.365716  0.720609  0.496704  0.406927  0.399965  0.632074  0.293222  0.240217  0.293703  0.521799  0.588943  0.391792  0.397534  0.408326  0.479289  0.544869  0.722397  0.402240  0.436212  0.465377  0.509231  0.576741  0.508717  0.381370  0.707911  0.353523  0.611372  0.339007 
16  0.712119  0.740287  0.793381  0.766330  0.673074  0.689193  0.692548  0.586393  0.686701  0.629257  0.640805  0.618178  0.669128  0.745033  0.643880  0.674963 0.0  0.559333  0.834445  0.560891  0.516192  0.790005  0.530044  0.644254  0.721581  0.726286  0.579293  0.680388  0.619647  0.675810  0.678504  0.709321  0.566759  0.727739  0.719178  0.654326  0.702798  0.538385  0.562004  0.725476  0.510817  0.645485  0.654023  0.682985  0.595940  0.811857  0.624728  0.705973  0.699620  0.560037  0.681885  0.568354  0.708284  0.645308  0.659395  0.726583  0.560379  0.638927  0.567704  0.740650  0.780908  0.464928  0.686877  0.663035  0.639350  0.666555  0.703195  0.724364  0.620126  0.503829  0.662893  0.571830  0.545650  0.641918  0.586276  0.715233  0.601340  0.610848  0.791163  0.790510  0.520162  0.691552  0.594640  0.703666  0.631685  0.585677  0.504861  0.774592  0.335082  0.604323  0.593685  0.742389  0.670119  0.581621  0.748067  0.504118  0.812576  0.774753  0.702101  0.666132  0.569032  0.420100  0.600013  0.458542  0.562436  0.743420  0.719474  0.698388  0.758092  0.820305  0.627167  0.538223  0.606674  0.607512  0.745761  0.632995  0.504624  0.673478  0.634005  0.847184  0.721788  0.660645  0.672596  0.580233  0.610244  0.645321  0.603034  0.698218  0.662270  0.672994  0.612439  0.651889  0.549887  0.527656  0.624368  0.634811  0.748227  0.534621  0.672890  0.448147  0.638912  0.758638  0.666657  0.542560  0.716242  0.707553 
17  0.743631  0.711468  0.556003  0.686716  0.708159  0.643310  0.658781  0.621076  0.640673  0.493089  0.559005  0.690487  0.651130  0.562936  0.631198  0.646561  0.559333 0.0  0.699795  0.670367  0.721092  0.639887  0.597227  0.546536  0.752375  0.575786  0.653791  0.786929  0.683514  0.609735  0.700783  0.589479  0.567203  0.725126  0.650325  0.591037  0.677725  0.544314  0.678387  0.671593  0.732241  0.672870  0.671022  0.692362  0.681401  0.758752  0.647274  0.635886  0.557146  0.646274  0.766070  0.673099  0.759665  0.703828  0.661859  0.697139  0.599923  0.791398  0.629704  0.689718  0.779915  0.612403  0.539422  0.676707  0.600310  0.810125  0.746253  0.669846  0.528740  0.705312  0.672997  0.672797  0.650785  0.689955  0.759177  0.762068  0.658408  0.541664  0.627966  0.629665  0.644533  0.678067  0.614326  0.624836  0.649732  0.626578  0.503803  0.640295  0.671849  0.654448  0.633774  0.725866  0.695318  0.607977  0.762932  0.690134  0.763772  0.541870  0.777156  0.703252  0.601866  0.607899  0.663464  0.631012  0.617701  0.690561  0.663605  0.758526  0.648598  0.626822  0.651756  0.649566  0.680077  0.640173  0.691061  0.617469  0.438929  0.677183  0.768516  0.553491  0.646240  0.620620  0.586706  0.583773  0.566324  0.552184  0.674039  0.740104  0.552225  0.660613  0.570963  0.760648  0.649514  0.635556  0.677262  0.755724  0.709707  0.659069  0.665708  0.668243  0.775651  0.700129  0.541772  0.570254  0.676168  0.592487 
18  0.506430  0.756174  0.883835  0.365995  0.559557  0.542230  0.411521  0.390534  0.492391  0.545228  0.483356  0.506826  0.313747  0.807816  0.559865  0.515461  0.834445  0.699795 0.0  0.642453  0.512150  0.823684  0.455127  0.740943  0.537838  0.790309  0.470816  0.403925  0.468870  0.526998  0.475513  0.550805  0.491404  0.605637  0.738200  0.523065  0.714544  0.599581  0.490300  0.747778  0.815851  0.500867  0.340711  0.377539  0.802185  0.519772  0.405759  0.403630  0.516117  0.441688  0.427202  0.522207  0.439178  0.411057  0.654372  0.287484  0.414118  0.542083  0.571957  0.576294  0.512679  0.404868  0.460495  0.724321  0.584582  0.501103  0.440510  0.907282  0.765368  0.558426  0.420381  0.391034  0.602567  0.467004  0.513919  0.463065  0.507296  0.528519  0.731339  0.897335  0.386333  0.456390  0.722595  0.454644  0.481027  0.648957  0.455989  0.583396  0.550678  0.533224  0.448382  0.616025  0.627592  0.752541  0.536431  0.598227  0.419380  0.805452  0.475251  0.339656  0.509528  0.469072  0.546059  0.422094  0.483448  0.442720  0.417364  0.891726  0.613846  0.586778  0.560349  0.427172  0.501831  0.592673  0.647306  0.505397  0.742139  0.447212  0.610491  0.797944  0.584517  0.530112  0.458061  0.753025  0.526742  0.452259  0.534295  0.653646  0.825049  0.621691  0.374346  0.462749  0.518303  0.714390  0.782424  0.445377  0.506443  0.502022  0.298094  0.703929  0.450466  0.503889  0.784025  0.596507  0.588172  0.518269 
19  0.421584  0.767698  0.766575  0.403317  0.407776  0.474508  0.412612  0.590161  0.502160  0.659281  0.686680  0.598385  0.465273  0.673901  0.529903  0.531515  0.560891  0.670367  0.642453 0.0  0.514440  0.640432  0.464018  0.720033  0.605184  0.598303  0.601352  0.526177  0.559621  0.490828  0.618729  0.526658  0.595338  0.613597  0.713208  0.542518  0.720630  0.645103  0.505150  0.766101  0.600525  0.571984  0.620102  0.553873  0.557493  0.544692  0.607897  0.597466  0.687144  0.503248  0.519313  0.586617  0.557409  0.576170  0.440200  0.468508  0.587234  0.365788  0.603420  0.648093  0.534753  0.501901  0.629710  0.717201  0.518215  0.506491  0.467360  0.763446  0.594304  0.486449  0.485724  0.441095  0.628548  0.492685  0.518518  0.407865  0.566419  0.542398  0.668841  0.806238  0.589014  0.560946  0.570173  0.601221  0.586932  0.511858  0.417920  0.692544  0.617846  0.608823  0.574702  0.672583  0.416477  0.717109  0.566583  0.335973  0.582883  0.706702  0.591773  0.603987  0.529012  0.473173  0.586213  0.637423  0.495327  0.525275  0.491340  0.979197  0.470600  0.591068  0.560551  0.463521  0.453653  0.625215  0.624982  0.572518  0.603351  0.475834  0.640263  0.785372  0.613621  0.504242  0.473441  0.521492  0.564579  0.422041  0.603954  0.413700  0.560270  0.649446  0.476445  0.670083  0.466185  0.532316  0.596166  0.664099  0.544746  0.543112  0.499913  0.486822  0.637269  0.549058  0.587787  0.504573  0.617684  0.668598 
20  0.422938  0.855594  0.674754  0.456770  0.373859  0.537353  0.282485  0.370890  0.583757  0.456772  0.431271  0.433909  0.529686  0.909710  0.608197  0.318338  0.516192  0.721092  0.512150  0.514440 0.0  0.755609  0.447814  0.620244  0.650228  0.606887  0.298754  0.492831  0.454481  0.494722  0.474665  0.295429  0.399784  0.391237  0.851823  0.380399  0.661231  0.673839  0.358230  0.802243  0.578271  0.528004  0.380885  0.350554  0.575712  0.530499  0.299168  0.390403  0.396443  0.549245  0.462890  0.504701  0.435380  0.584644  0.542446  0.517476  0.592140  0.554376  0.582045  0.588214  0.380721  0.281970  0.565936  0.596425  0.506041  0.317896  0.318013  0.710538  0.621750  0.503954  0.330351  0.493173  0.430088  0.486092  0.513842  0.514139  0.357218  0.300704  0.468269  0.700589  0.356368  0.504634  0.640571  0.252105  0.228957  0.307493  0.499306  0.550610  0.589030  0.404294  0.455937  0.516319  0.637601  0.637538  0.509108  0.535272  0.499120  0.888313  0.365700  0.467760  0.384043  0.364533  0.545666  0.404043  0.300041  0.449348  0.426820  0.767463  0.340999  0.526728  0.279734  0.377975  0.330100  0.370977  0.568492  0.323996  0.528562  0.592871  0.324975  0.795356  0.583914  0.313166  0.346210  0.629208  0.429846  0.389883  0.427442  0.535960  0.650793  0.488166  0.385855  0.274553  0.555459  0.457164  0.722433  0.482280  0.512597  0.435754  0.432314  0.780552  0.570486  0.363771  0.722269  0.430736  0.600702  0.391742 
21  0.773471  0.525282  0.477067  0.733357  0.781932  0.665052  0.761706  0.794556  0.734574  0.727185  0.861627  0.781206  0.711475  0.670363  0.699834  0.726410  0.790005  0.639887  0.823684  0.640432  0.755609 0.0  0.622125  0.654238  0.759471  0.750942  0.631205  0.725791  0.704623  0.699078  0.729571  0.742471  0.803008  0.797003  0.339361  0.712905  0.650143  0.582868  0.785995  0.483951  0.779424  0.673266  0.717608  0.731591  0.612910  0.715085  0.683591  0.683870  0.624152  0.690675  0.750999  0.714009  0.714922  0.804021  0.690892  0.794050  0.760473  0.686099  0.699240  0.780993  0.708124  0.650066  0.681263  0.756327  0.776447  0.716961  0.731617  0.446228  0.619809  0.558914  0.735543  0.705750  0.780735  0.699255  0.793333  0.709488  0.783104  0.902153  0.733938  0.380728  0.775890  0.698954  0.778674  0.724596  0.672058  0.822134  0.615539  0.755613  0.707280  0.710031  0.802930  0.731011  0.730728  0.626458  0.725055  0.724085  0.772431  0.499988  0.712235  0.803004  0.712055  0.742842  0.787127  0.802270  0.734459  0.683399  0.700910  0.662497  0.673169  0.679425  0.754253  0.693603  0.686631  0.626506  0.760492  0.817713  0.697937  0.784067  0.671328  0.511203  0.806339  0.698248  0.715592  0.522672  0.730975  0.794116  0.734465  0.712589  0.683970  0.614331  0.750783  0.721826  0.619937  0.686401  0.709670  0.747861  0.919581  0.637565  0.744013  0.751525  0.736053  0.732584  0.700021  0.657215  0.770908  0.632535 
22  0.549058  0.917217  0.781062  0.608607  0.432225  0.636444  0.586362  0.292524  0.521263  0.387226  0.580825  0.470270  0.496517  0.723246  0.545751  0.516914  0.530044  0.597227  0.455127  0.464018  0.447814  0.622125 0.0  0.704845  0.803005  0.586933  0.368320  0.635008  0.348403  0.513881  0.371175  0.460713  0.497044  0.418978  0.677168  0.449052  0.487557  0.567483  0.480646  0.811343  0.648016  0.541608  0.550908  0.506684  0.544272  0.540790  0.434848  0.623413  0.372944  0.471403  0.558438  0.430620  0.561193  0.480112  0.712690  0.427977  0.378784  0.565727  0.687787  0.523847  0.569024  0.394376  0.339349  0.648094  0.366229  0.437584  0.619290  0.710318  0.638537  0.523378  0.459999  0.563583  0.414793  0.713971  0.352536  0.528078  0.474077  0.448307  0.508281  0.881845  0.348817  0.443285  0.610990  0.431157  0.523828  0.505991  0.316401  0.352248  0.561179  0.405037  0.379285  0.436748  0.679294  0.753575  0.462497  0.660267  0.377726  0.757597  0.441644  0.360450  0.330897  0.381580  0.400123  0.359162  0.374515  0.370866  0.321249  0.806224  0.526809  0.541571  0.407479  0.400973  0.453883  0.575541  0.458952  0.508874  0.542704  0.582977  0.418625  0.710120  0.441754  0.486086  0.506065  0.629948  0.494669  0.466302  0.450734  0.553670  0.736743  0.466639  0.369762  0.615912  0.599119  0.534682  0.581134  0.468798  0.414032  0.419446  0.290868  0.598135  0.519035  0.476757  0.720524  0.394299  0.424177  0.501574 
23  0.726349  0.444525  0.494588  0.710764  0.733538  0.678555  0.561141  0.679815  0.615574  0.594007  0.542691  0.624667  0.749667  0.649530  0.681663  0.559596  0.644254  0.546536  0.740943  0.720033  0.620244  0.654238  0.704845 0.0  0.669745  0.690477  0.607955  0.629599  0.627933  0.592522  0.603849  0.588030  0.530327  0.658306  0.639136  0.620931  0.563457  0.653231  0.557694  0.589432  0.613561  0.771803  0.637119  0.739811  0.585220  0.682524  0.644329  0.623244  0.599326  0.734904  0.695770  0.588541  0.740878  0.738270  0.737686  0.776104  0.624384  0.711409  0.668094  0.609934  0.694517  0.598820  0.548954  0.642710  0.600269  0.749862  0.736064  0.614986  0.732253  0.729887  0.720546  0.614472  0.684961  0.591414  0.424671  0.745163  0.566473  0.642068  0.500201  0.454770  0.638956  0.842124  0.664124  0.590909  0.531774  0.629440  0.663457  0.694304  0.608070  0.636984  0.647706  0.630905  0.653781  0.504662  0.722419  0.607819  0.812310  0.646072  0.643021  0.722519  0.664458  0.535842  0.657016  0.679659  0.693173  0.658134  0.612325  0.786943  0.721208  0.537434  0.601018  0.613915  0.705558  0.642740  0.590596  0.542852  0.653454  0.637165  0.530016  0.582450  0.672655  0.630103  0.603481  0.634336  0.667847  0.667622  0.627831  0.734141  0.764493  0.535755  0.595947  0.601046  0.618364  0.711741  0.600338  0.635757  0.607647  0.630958  0.690957  0.673488  0.715667  0.588817  0.787612  0.573670  0.492247  0.641593 
24  0.652937  0.790724  0.816278  0.654899  0.723461  0.622307  0.638968  0.753032  0.547727  0.772785  0.698804  0.729654  0.791466  0.667572  0.532279  0.759401  0.721581  0.752375  0.537838  0.605184  0.650228  0.759471  0.803005  0.669745 0.0  0.318032  0.707269  0.755766  0.714083  0.808714  0.793774  0.796695  0.749140  0.717581  0.722587  0.753121  0.960556  0.459571  0.651734  0.793928  0.459059  0.685991  0.696259  0.560399  0.770413  0.756176  0.682440  0.600827  0.737581  0.724809  0.683109  0.631409  0.648496  0.712213  0.699506  0.589970  0.651466  0.583426  0.595080  0.897699  0.709927  0.830340  0.671806  0.651934  0.673683  0.554936  0.582879  0.775498  0.713943  0.571826  0.619305  0.596296  0.778835  0.561588  0.793491  0.672808  0.585464  0.730924  0.845213  0.751671  0.606849  0.708222  0.656167  0.665893  0.868385  0.650138  0.641252  0.713712  0.603444  0.827364  0.723146  0.788141  0.674094  0.785050  0.533561  0.800879  0.814697  0.869391  0.803524  0.682100  0.727464  0.750581  0.858383  0.742969  0.723086  0.793455  0.669632  0.707861  0.633438  0.812618  0.658122  0.788144  0.814290  0.657489  0.837135  0.655361  0.630122  0.657066  0.728075  0.792879  0.697211  0.666931  0.768123  0.704708  0.576109  0.786446  0.750897  0.715515  0.782717  0.787087  0.741408  0.744849  0.660590  0.767964  0.674857  0.745175  0.754422  0.654019  0.722762  0.471838  0.712102  0.740752  0.618867  0.597680  0.969384  0.758879 
25  0.620758  0.823029  0.662575  0.588781  0.683567  0.606052  0.731044  0.647402  0.665071  0.704540  0.768556  0.766307  0.594040  0.668781  0.677106  0.724885  0.726286  0.575786  0.790309  0.598303  0.606887  0.750942  0.586933  0.690477  0.318032 0.0  0.749298  0.687888  0.722765  0.724292  0.660207  0.668122  0.754595  0.605069  0.866487  0.614534  0.853308  0.471513  0.699416  0.693962  0.507325  0.672997  0.696164  0.755622  0.617068  0.654097  0.668861  0.733552  0.814805  0.672579  0.769944  0.709579  0.756762  0.820294  0.549130  0.628574  0.659951  0.642837  0.543603  0.815679  0.717205  0.713803  0.646521  0.667527  0.658815  0.681091  0.576034  0.661140  0.613304  0.550823  0.690154  0.656616  0.715479  0.749319  0.699520  0.755765  0.554438  0.605254  0.932187  0.794101  0.607274  0.722722  0.720056  0.608559  0.585236  0.712292  0.633898  0.661515  0.698313  0.769056  0.634650  0.799557  0.519037  0.661634  0.654850  0.748116  0.678542  0.759115  0.702396  0.620478  0.816068  0.633346  0.598623  0.618881  0.606160  0.677039  0.709119  0.747684  0.582213  0.746904  0.697994  0.610934  0.687606  0.704500  0.764811  0.624108  0.511469  0.717904  0.743992  0.785294  0.775851  0.820914  0.709545  0.618480  0.677097  0.636499  0.719525  0.549571  0.588231  0.760375  0.654857  0.706140  0.683179  0.650495  0.727883  0.834484  0.651178  0.753262  0.719044  0.372736  0.727581  0.668620  0.637435  0.687680  0.769572  0.671072 
26  0.551337  0.690942  0.737358  0.590107  0.413416  0.730399  0.534900  0.250067  0.613382  0.334937  0.591161  0.472761  0.390072  0.825067  0.598503  0.441229  0.579293  0.653791  0.470816  0.601352  0.298754  0.631205  0.368320  0.607955  0.707269  0.749298 0.0  0.439796  0.297996  0.499540  0.387034  0.363365  0.497690  0.350599  0.800182  0.387372  0.495557  0.609488  0.433587  0.854526  0.662107  0.542246  0.468450  0.406840  0.628255  0.443898  0.411653  0.487513  0.394655  0.332754  0.582478  0.394211  0.547814  0.528040  0.584569  0.274961  0.336912  0.533920  0.565929  0.425301  0.533095  0.418157  0.263418  0.553234  0.365143  0.530333  0.595440  0.725982  0.738961  0.581632  0.462452  0.506174  0.410558  0.596078  0.420100  0.451633  0.542964  0.417771  0.445304  0.760935  0.376383  0.327728  0.651647  0.363321  0.487458  0.463193  0.484432  0.260182  0.552283  0.264171  0.440074  0.395432  0.688084  0.656518  0.473346  0.590769  0.307183  0.749669  0.405174  0.376636  0.425603  0.359785  0.403927  0.370889  0.345463  0.364469  0.324745  0.882649  0.522551  0.605275  0.371504  0.401219  0.465297  0.455461  0.434356  0.432413  0.495332  0.502934  0.509034  0.818866  0.437108  0.498538  0.396969  0.579723  0.322728  0.541066  0.447031  0.581161  0.636696  0.621789  0.270523  0.406875  0.573497  0.453867  0.640190  0.494318  0.475186  0.401719  0.411446  0.460411  0.349854  0.447161  0.688316  0.439694  0.366379  0.523179 
