146
0 0.0  0.708365  0.695399  0.242798  0.426665  0.608863  0.316228  0.473909  0.482799  0.388747  0.346898  0.392081  0.485968  0.654968  0.539641  0.408355  0.694413  0.692199  0.423326  0.480692  0.402212  0.777593  0.611081  0.628379  0.761591  0.727370  0.594581  0.374434  0.410448  0.556630  0.482630  0.488798  0.436549  0.515631  0.804252  0.395004  0.706917  0.616504  0.438272  0.790539  0.640968  0.431184  0.309010  0.468466  0.739551  0.500108  0.569408  0.381585  0.481438  0.484573  0.389661  0.533389  0.319215  0.423251  0.474603  0.446382  0.480983  0.476668  0.578769  0.612104  0.447831  0.301247  0.493003  0.702213  0.428409  0.388989  0.371626  0.730737  0.739007  0.452426  0.269193  0.363679  0.410165  0.568985  0.512829  0.335725  0.420933  0.465691  0.556999  0.793126  0.438127  0.443167  0.647750  0.488019  0.518386  0.488147  0.457535  0.443915  0.688646  0.570078  0.548020  0.556156  0.557869  0.750480  0.399979  0.581495  0.442608  0.855896  0.446196  0.494702  0.426005  0.505707  0.491332  0.465440  0.486203  0.511970  0.398612  0.854194  0.391822  0.637595  0.431312  0.451154  0.369651  0.391041  0.658530  0.503530  0.596900  0.673834  0.490685  0.739373  0.461476  0.347648  0.409777  0.563379  0.403393  0.527810  0.356837  0.510131  0.596917  0.492076  0.503988  0.440885  0.408705  0.463532  0.658805  0.466922  0.472120  0.433136  0.520664  0.687746  0.368633  0.514468  0.614504  0.509920  0.639387  0.421512 
1  0.708365 0.0  0.159214  0.844588  0.819495  0.777271  0.733808  0.737695  0.890101  0.757819  0.817333  0.822328  0.733597  0.631511  0.783073  0.711781  0.606493  0.663903  0.807776  0.753542  0.755202  0.527905  0.798345  0.434109  0.752427  0.689870  0.739934  0.843488  0.860007  0.767257  0.773140  0.747030  0.773942  0.715094  0.659890  0.774305  0.585863  0.715487  0.719768  0.497827  0.639560  0.803318  0.804344  0.872242  0.643537  0.818714  0.678842  0.801480  0.696201  0.738036  0.821807  0.697124  0.869238  0.817729  0.747375  0.810001  0.798142  0.714586  0.682876  0.770047  0.732677  0.762349  0.697854  0.722255  0.727828  0.748547  0.782944  0.631235  0.789599  0.754512  0.659717  0.840752  0.774186  0.905742  0.836337  0.798016  0.640450  0.744051  0.585433  0.466255  0.748479  0.798939  0.867262  0.725667  0.812078  0.635174  0.682568  0.808711  0.701072  0.813510  0.766707  0.714847  0.775911  0.467174  0.834851  0.753451  0.768853  0.483659  0.747953  0.833779  0.747256  0.816772  0.747074  0.738114  0.748817  0.800644  0.751026  0.638702  0.759580  0.627833  0.660311  0.717406  0.700744  0.695784  0.752595  0.750306  0.527900  0.759519  0.784768  0.492618  0.695723  0.720477  0.841848  0.493697  0.687105  0.778473  0.737354  0.707802  0.770027  0.726310  0.685596  0.688616  0.837060  0.689634  0.616638  0.758865  0.757653  0.788730  0.605531  0.651045  0.865338  0.850415  0.696986  0.778190  0.624461  0.779749 
2  0.695399  0.159214 0.0  0.839338  0.781224  0.816127  0.757884  0.812449  0.928610  0.762611  0.718909  0.804472  0.791508  0.647199  0.853419  0.793256  0.677694  0.579799  0.871326  0.712189  0.764772  0.574996  0.769632  0.509435  0.686752  0.858569  0.636948  0.894869  0.743717  0.655911  0.699664  0.782339  0.710365  0.721655  0.620091  0.741994  0.594165  0.731993  0.766792  0.413464  0.634495  0.888226  0.786983  0.850612  0.687910  0.841284  0.816596  0.719178  0.710645  0.752740  0.774866  0.752107  0.774993  0.835804  0.666812  0.857067  0.825696  0.730588  0.713063  0.671806  0.830889  0.726453  0.752666  0.769797  0.734970  0.824955  0.815521  0.551438  0.815741  0.836961  0.750182  0.739872  0.804190  0.773885  0.737395  0.802999  0.680056  0.704340  0.608254  0.495284  0.763985  0.861421  0.852622  0.682430  0.718173  0.777225  0.647236  0.781175  0.592873  0.672805  0.747175  0.697929  0.731660  0.489591  0.733026  0.712774  0.756994  0.530443  0.661073  0.777796  0.695466  0.731471  0.792108  0.654253  0.751064  0.815895  0.655344  0.690538  0.869085  0.539258  0.694812  0.739977  0.789695  0.833004  0.720153  0.668310  0.633700  0.888732  0.754685  0.567728  0.886389  0.790774  0.767406  0.627985  0.756982  0.694949  0.780112  0.793921  0.769225  0.710646  0.734366  0.769416  0.700424  0.677285  0.781601  0.725797  0.644171  0.743237  0.783718  0.625518  0.831205  0.714540  0.660722  0.679011  0.598658  0.699446 
3  0.242798  0.844588  0.839338 0.0  0.449847  0.597215  0.285186  0.492333  0.443335  0.523998  0.465149  0.562920  0.426380  0.781022  0.516235  0.532078  0.678586  0.666640  0.428261  0.459564  0.473448  0.740009  0.607228  0.669764  0.647275  0.721056  0.505663  0.491154  0.490607  0.497753  0.519735  0.410359  0.469871  0.518971  0.823748  0.456978  0.602956  0.686289  0.419576  0.709580  0.657541  0.510718  0.362358  0.333874  0.701717  0.480864  0.527113  0.338581  0.556667  0.508567  0.375621  0.503895  0.296358  0.437186  0.573463  0.536032  0.555847  0.466761  0.635183  0.637951  0.340186  0.468377  0.475725  0.672868  0.456207  0.351622  0.301233  0.747127  0.750446  0.488537  0.442900  0.387889  0.471925  0.546427  0.645605  0.361592  0.387799  0.531951  0.523899  0.787222  0.542417  0.544046  0.656054  0.331551  0.466354  0.408635  0.624840  0.517681  0.543886  0.475831  0.557534  0.584489  0.497474  0.692120  0.274171  0.614211  0.454359  0.720453  0.515402  0.579782  0.610211  0.454236  0.534955  0.398637  0.361713  0.515931  0.444745  0.792203  0.260533  0.659493  0.361302  0.581475  0.525309  0.474792  0.628346  0.386705  0.573213  0.516267  0.478309  0.805292  0.505282  0.346716  0.566513  0.660487  0.516334  0.555623  0.385683  0.525990  0.709633  0.579726  0.468393  0.330103  0.538319  0.549568  0.712672  0.408577  0.461234  0.586370  0.431809  0.522591  0.477615  0.444275  0.566104  0.401236  0.640489  0.407969 
4  0.426665  0.819495  0.781224  0.449847 0.0  0.651801  0.421080  0.400245  0.568280  0.435815  0.471477  0.320212  0.455675  0.735114  0.464587  0.429121  0.650892  0.528870  0.560789  0.552704  0.204374  0.738019  0.460917  0.673161  0.620632  0.582141  0.405153  0.390965  0.425028  0.387620  0.457113  0.269195  0.314924  0.512695  0.735131  0.409233  0.420562  0.532593  0.369450  0.764886  0.645573  0.554220  0.403630  0.522306  0.605025  0.589005  0.323711  0.446377  0.422273  0.456305  0.468116  0.441990  0.547956  0.587085  0.522419  0.454094  0.450621  0.436589  0.574899  0.557512  0.553221  0.392342  0.415199  0.654625  0.530303  0.413452  0.445256  0.794989  0.662140  0.536913  0.448744  0.393892  0.430186  0.562932  0.484623  0.473589  0.296350  0.243467  0.561189  0.607656  0.439106  0.477205  0.714506  0.374564  0.431989  0.465041  0.353908  0.411337  0.534455  0.495499  0.465705  0.496960  0.607328  0.628294  0.440118  0.644803  0.517614  0.665464  0.395962  0.398634  0.480343  0.468612  0.452832  0.391364  0.470402  0.505408  0.560854  0.796046  0.472732  0.442362  0.447761  0.334307  0.319402  0.353445  0.560183  0.294482  0.530240  0.518520  0.382887  0.717610  0.460844  0.343402  0.380196  0.652670  0.400297  0.374786  0.468011  0.531361  0.543163  0.443881  0.467120  0.486273  0.476646  0.452245  0.613441  0.299825  0.467961  0.446159  0.423394  0.585541  0.539991  0.288848  0.630662  0.566842  0.463359  0.467495 
5  0.608863  0.777271  0.816127  0.597215  0.651801 0.0  0.598497  0.474031  0.412182  0.598160  0.593791  0.667053  0.628916  0.638789  0.492182  0.653624  0.694011  0.661820  0.520184  0.390820  0.595754  0.661226  0.649307  0.640601  0.625177  0.597988  0.673364  0.703385  0.599667  0.749846  0.633081  0.776649  0.562062  0.787765  0.817412  0.603613  0.771473  0.718167  0.620812  0.777809  0.601917  0.569891  0.465948  0.563023  0.722539  0.527142  0.677665  0.643611  0.653102  0.552561  0.613574  0.690071  0.589440  0.595921  0.563151  0.629548  0.560971  0.427076  0.541928  0.738320  0.492030  0.652577  0.514665  0.804191  0.575687  0.578935  0.509927  0.628504  0.650243  0.306210  0.637217  0.547810  0.623578  0.400740  0.738237  0.531944  0.594987  0.673183  0.651700  0.773525  0.576260  0.600669  0.632130  0.589721  0.621760  0.706707  0.422059  0.762279  0.604299  0.536750  0.669390  0.695752  0.310749  0.680134  0.591037  0.297966  0.671501  0.835507  0.644047  0.582069  0.682629  0.568349  0.552657  0.605939  0.638521  0.594674  0.573165  0.775037  0.512352  0.646423  0.540171  0.534857  0.669792  0.589983  0.705669  0.558074  0.593694  0.422390  0.625854  0.851950  0.671235  0.607573  0.586395  0.614516  0.657979  0.565672  0.511109  0.602862  0.732526  0.760549  0.649273  0.641162  0.512998  0.530704  0.651808  0.534197  0.729844  0.519952  0.603493  0.611981  0.539867  0.632680  0.634974  0.597388  0.741866  0.610824 
6  0.316228  0.733808  0.757884  0.285186  0.421080  0.598497 0.0  0.457929  0.453737  0.528598  0.469599  0.503061  0.426403  0.616409  0.452748  0.465101  0.648819  0.609768  0.492910  0.505762  0.375756  0.745834  0.505978  0.544694  0.815493  0.556310  0.508918  0.488909  0.565958  0.458072  0.438683  0.460384  0.387046  0.533515  0.736597  0.403475  0.562097  0.600924  0.466462  0.750817  0.614248  0.460348  0.282060  0.287616  0.606397  0.320511  0.370270  0.216976  0.473252  0.568781  0.340788  0.468580  0.337794  0.523382  0.579061  0.501230  0.496024  0.427294  0.558454  0.570059  0.449383  0.439784  0.517967  0.720343  0.579310  0.299753  0.337443  0.780944  0.605856  0.491190  0.377752  0.409761  0.509216  0.537899  0.605306  0.325862  0.485461  0.368626  0.554458  0.781888  0.571550  0.573962  0.580773  0.397556  0.393286  0.442043  0.496570  0.447097  0.751169  0.529747  0.516580  0.530804  0.516705  0.727478  0.421759  0.555434  0.439188  0.823249  0.563187  0.468693  0.458141  0.511035  0.575115  0.402962  0.370233  0.506611  0.513772  0.804703  0.292153  0.461585  0.434759  0.396178  0.402124  0.340923  0.537652  0.431829  0.556323  0.561497  0.462432  0.718940  0.497109  0.393033  0.398306  0.706355  0.481842  0.403023  0.338557  0.539513  0.667510  0.415336  0.488179  0.339938  0.584227  0.550663  0.567013  0.449020  0.436596  0.421454  0.514345  0.586266  0.521537  0.409776  0.582233  0.551733  0.491840  0.396676 
7  0.473909  0.737695  0.812449  0.492333  0.400245  0.474031  0.457929 0.0  0.411013  0.241446  0.514530  0.438338  0.353758  0.756250  0.531895  0.294693  0.561872  0.559970  0.370326  0.545011  0.466216  0.644321  0.276499  0.472695  0.661359  0.648583  0.389455  0.403575  0.361173  0.520884  0.465765  0.364566  0.442383  0.377981  0.645111  0.362193  0.421649  0.494619  0.403412  0.754947  0.513272  0.535326  0.466048  0.531039  0.540221  0.648427  0.564744  0.511844  0.417009  0.339539  0.579404  0.372799  0.533010  0.372324  0.625371  0.351731  0.456921  0.572718  0.532975  0.451585  0.517835  0.404297  0.236282  0.533011  0.401272  0.461535  0.488313  0.731895  0.655048  0.477674  0.415580  0.479017  0.429322  0.529195  0.352175  0.538077  0.478548  0.384705  0.436953  0.782470  0.285523  0.347747  0.637777  0.501045  0.398221  0.530816  0.502005  0.209631  0.507628  0.390476  0.324245  0.440368  0.581227  0.620453  0.584282  0.544196  0.386421  0.664305  0.426328  0.415777  0.376071  0.252241  0.403604  0.382711  0.284337  0.362669  0.240783  0.649952  0.420637  0.458595  0.482769  0.448818  0.379215  0.434145  0.531123  0.409789  0.425373  0.650157  0.396404  0.765251  0.405628  0.438898  0.392062  0.693040  0.377866  0.478181  0.324616  0.523710  0.589938  0.600763  0.246724  0.543201  0.522025  0.554762  0.586857  0.467716  0.314120  0.389195  0.334685  0.522767  0.435231  0.470090  0.682734  0.389180  0.428020  0.437339 
8  0.482799  0.890101  0.928610  0.443335  0.568280  0.412182  0.453737  0.411013 0.0  0.618635  0.614540  0.588482  0.596388  0.729716  0.262649  0.531205  0.640897  0.727164  0.581088  0.379251  0.598130  0.616934  0.520491  0.661530  0.603820  0.714482  0.628794  0.530327  0.528388  0.568477  0.639063  0.669458  0.659444  0.629167  0.835089  0.537498  0.722733  0.626410  0.519459  0.708296  0.625070  0.416465  0.453747  0.451366  0.676485  0.461700  0.585646  0.479952  0.700826  0.388402  0.414022  0.618120  0.493789  0.532349  0.594355  0.507755  0.556458  0.472052  0.431352  0.659665  0.458232  0.512275  0.568395  0.662415  0.583658  0.422139  0.471420  0.890882  0.696616  0.538653  0.555489  0.542902  0.500639  0.324894  0.483915  0.475683  0.548309  0.606145  0.647678  0.795189  0.591183  0.581146  0.602803  0.500116  0.419180  0.536901  0.454751  0.528500  0.667274  0.548007  0.619456  0.707916  0.502093  0.634308  0.604819  0.604104  0.470874  0.846928  0.658150  0.555362  0.605310  0.541283  0.569272  0.517038  0.496978  0.582882  0.517442  0.825049  0.498732  0.658337  0.500608  0.466173  0.525438  0.514550  0.516493  0.595239  0.632639  0.395569  0.448009  0.697413  0.543674  0.622208  0.649313  0.701081  0.507680  0.649397  0.519909  0.564200  0.663481  0.515805  0.541287  0.493704  0.578485  0.561522  0.615439  0.575684  0.528903  0.540849  0.578696  0.593075  0.444959  0.555245  0.621401  0.550822  0.551582  0.541130 
9  0.388747  0.757819  0.762611  0.523998  0.435815  0.598160  0.528598  0.241446  0.618635 0.0  0.469430  0.361903  0.418902  0.712791  0.692333  0.389004  0.594198  0.762638  0.453409  0.457062  0.446772  0.707433  0.338003  0.652704  0.713510  0.652211  0.298673  0.379188  0.337682  0.556913  0.394836  0.465015  0.330598  0.492970  0.733229  0.367829  0.395650  0.661902  0.461425  0.822767  0.627853  0.622399  0.554224  0.466420  0.647258  0.537471  0.303728  0.503697  0.346056  0.446692  0.474563  0.417721  0.538620  0.311986  0.624691  0.398212  0.302642  0.522449  0.513190  0.430099  0.519252  0.380847  0.391463  0.633191  0.292031  0.524742  0.549892  0.881220  0.717787  0.433862  0.444695  0.410134  0.421285  0.557818  0.407837  0.484940  0.377428  0.529774  0.548615  0.783461  0.382431  0.423260  0.716766  0.462658  0.454686  0.428996  0.461366  0.384179  0.587577  0.342230  0.409327  0.345157  0.645802  0.636762  0.523319  0.485050  0.362693  0.699745  0.486499  0.471991  0.444339  0.325132  0.299807  0.233068  0.456154  0.348123  0.263339  0.759740  0.523775  0.555186  0.319749  0.462834  0.422123  0.430157  0.538039  0.357602  0.521884  0.485779  0.352647  0.862268  0.446206  0.419831  0.521522  0.659396  0.314047  0.344241  0.297134  0.577917  0.639193  0.553480  0.360922  0.452106  0.633212  0.443177  0.627604  0.587290  0.394725  0.404001  0.324623  0.632718  0.350898  0.436488  0.616110  0.501242  0.481045  0.380977 
10  0.346898  0.817333  0.718909  0.465149  0.471477  0.593791  0.469599  0.514530  0.614540  0.469430 0.0  0.489258  0.501571  0.666139  0.515667  0.475695  0.627515  0.669507  0.517699  0.656201  0.509962  0.704495  0.527237  0.602443  0.684717  0.716877  0.564892  0.566363  0.549483  0.387644  0.494103  0.574326  0.456928  0.601905  0.788307  0.474677  0.513923  0.629059  0.543065  0.692026  0.693721  0.476090  0.335993  0.416665  0.696516  0.464335  0.458566  0.423316  0.392530  0.647045  0.536498  0.536612  0.370682  0.447001  0.517111  0.579784  0.529235  0.561440  0.559557  0.462725  0.537354  0.403692  0.515308  0.748366  0.612133  0.402523  0.366662  0.640610  0.787179  0.592979  0.449688  0.471024  0.487682  0.497278  0.583532  0.315250  0.417319  0.394219  0.563626  0.678892  0.525084  0.424900  0.742291  0.414057  0.450399  0.479885  0.528298  0.517527  0.663757  0.537135  0.535543  0.555440  0.544384  0.469743  0.428344  0.708422  0.479236  0.672658  0.582932  0.579585  0.525078  0.577641  0.610726  0.554276  0.400155  0.458148  0.517965  0.635223  0.373073  0.435350  0.586853  0.413319  0.491592  0.537506  0.446904  0.476068  0.541721  0.647755  0.437548  0.661854  0.628851  0.369975  0.548164  0.755946  0.420656  0.456433  0.450112  0.539019  0.753784  0.509262  0.549273  0.469366  0.703710  0.636066  0.768251  0.441097  0.561128  0.487313  0.462066  0.613780  0.524572  0.470689  0.621814  0.647154  0.614767  0.386123 
11  0.392081  0.822328  0.804472  0.562920  0.320212  0.667053  0.503061  0.438338  0.588482  0.361903  0.489258 0.0  0.414306  0.687109  0.554913  0.424056  0.674501  0.701569  0.349189  0.555303  0.388159  0.621229  0.314406  0.637799  0.667806  0.694072  0.397473  0.539281  0.337483  0.439583  0.412711  0.443969  0.502523  0.440292  0.759987  0.330070  0.463835  0.636448  0.361000  0.876535  0.597037  0.555405  0.497748  0.509732  0.537838  0.485488  0.329932  0.490764  0.441456  0.330695  0.545921  0.282317  0.459469  0.382508  0.587322  0.440825  0.235013  0.559358  0.578674  0.504042  0.467352  0.446661  0.296391  0.615440  0.420623  0.445343  0.501384  0.740044  0.616838  0.493479  0.461149  0.418075  0.337162  0.606676  0.334159  0.528698  0.399565  0.387851  0.519884  0.744925  0.438233  0.484082  0.685494  0.463371  0.359864  0.350966  0.423224  0.365430  0.666788  0.410024  0.509667  0.397409  0.534937  0.711541  0.486688  0.482217  0.437284  0.844174  0.460885  0.432105  0.462265  0.383216  0.367434  0.374116  0.418358  0.478545  0.493324  0.770664  0.577176  0.585740  0.346216  0.493339  0.297836  0.490942  0.512434  0.347916  0.440562  0.593311  0.449201  0.705544  0.473957  0.490177  0.331035  0.535759  0.430005  0.428180  0.443607  0.574581  0.688899  0.519604  0.415015  0.417959  0.488330  0.446005  0.658052  0.525733  0.398248  0.436300  0.374285  0.556893  0.526959  0.501164  0.598956  0.412131  0.577721  0.391728 
12  0.485968  0.733597  0.791508  0.426380  0.455675  0.628916  0.426403  0.353758  0.596388  0.418902  0.501571  0.414306 0.0  0.682137  0.385181  0.352288  0.565483  0.713507  0.391904  0.502318  0.493644  0.672457  0.469532  0.618202  0.653138  0.653127  0.320479  0.549560  0.427456  0.595637  0.357881  0.524716  0.491368  0.548884  0.727882  0.480828  0.578413  0.596711  0.414029  0.801407  0.632992  0.373315  0.480520  0.377110  0.730130  0.334162  0.443987  0.423786  0.426771  0.448682  0.374819  0.420551  0.436622  0.418354  0.612765  0.421149  0.368205  0.489336  0.514281  0.570660  0.451657  0.325896  0.404305  0.747727  0.449221  0.432752  0.501284  0.791889  0.560897  0.543769  0.461275  0.451349  0.320371  0.498503  0.447116  0.451195  0.449735  0.488799  0.654032  0.745565  0.282730  0.358602  0.750572  0.404484  0.415934  0.448014  0.631417  0.354866  0.592821  0.402351  0.446644  0.551634  0.568729  0.647910  0.493783  0.676304  0.449508  0.741133  0.490455  0.453447  0.533318  0.528092  0.500245  0.381695  0.455444  0.309777  0.405738  0.781090  0.541484  0.515858  0.405333  0.416523  0.335906  0.491465  0.535885  0.510451  0.508254  0.559982  0.399911  0.771560  0.481675  0.531347  0.405593  0.668973  0.527641  0.495562  0.431094  0.543785  0.662183  0.563041  0.438859  0.425335  0.543915  0.530726  0.704905  0.479833  0.391524  0.385252  0.413616  0.657713  0.377576  0.395129  0.723841  0.571950  0.553845  0.412199 
13  0.654968  0.631511  0.647199  0.781022  0.735114  0.638789  0.616409  0.756250  0.729716  0.712791  0.666139  0.687109  0.682137 0.0  0.746662  0.783219  0.603413  0.605571  0.763355  0.644556  0.703787  0.628696  0.701892  0.594519  0.708070  0.780717  0.772601  0.803521  0.707588  0.676859  0.691044  0.649137  0.710557  0.687855  0.695699  0.714623  0.737928  0.649292  0.802239  0.727487  0.699121  0.757769  0.776543  0.756004  0.402229  0.748796  0.620423  0.608076  0.739840  0.741416  0.642874  0.689817  0.734928  0.692746  0.635851  0.735335  0.706231  0.652849  0.587532  0.686036  0.726605  0.741907  0.780648  0.738637  0.800765  0.747467  0.732574  0.573665  0.640208  0.576522  0.718597  0.720968  0.626841  0.787771  0.738257  0.700031  0.729953  0.782998  0.676080  0.596445  0.741982  0.668922  0.739988  0.740990  0.763465  0.706421  0.542719  0.837991  0.588078  0.685059  0.726835  0.782298  0.671578  0.525348  0.784762  0.705447  0.691853  0.762051  0.787813  0.827008  0.648643  0.643138  0.796599  0.728624  0.576025  0.592795  0.691109  0.690400  0.801247  0.776789  0.793590  0.682794  0.732773  0.755244  0.790309  0.768468  0.608905  0.649272  0.683500  0.698108  0.795452  0.609395  0.758499  0.685930  0.735652  0.660593  0.774174  0.708291  0.474120  0.793069  0.719347  0.751477  0.626582  0.800645  0.714398  0.612621  0.664875  0.701432  0.774147  0.720652  0.762711  0.725796  0.703134  0.680037  0.656750  0.671515 
14  0.539641  0.783073  0.853419  0.516235  0.464587  0.492182  0.452748  0.531895  0.262649  0.692333  0.515667  0.554913  0.385181  0.746662 0.0  0.571311  0.702851  0.634324  0.477262  0.488319  0.587367  0.595379  0.561058  0.659371  0.579875  0.708297  0.567209  0.545974  0.487632  0.620418  0.480815  0.633318  0.473624  0.540572  0.835971  0.570645  0.639144  0.593054  0.542562  0.778418  0.613340  0.321887  0.508988  0.472281  0.804301  0.415612  0.497533  0.567487  0.628446  0.430893  0.468168  0.593565  0.496095  0.553836  0.678867  0.470825  0.506103  0.510003  0.487794  0.646150  0.399350  0.608605  0.588161  0.690542  0.542741  0.498372  0.388336  0.721827  0.613788  0.573470  0.504963  0.542948  0.665323  0.283840  0.412770  0.532277  0.535987  0.520366  0.630546  0.849952  0.542485  0.590957  0.592209  0.580201  0.549923  0.561656  0.388445  0.609257  0.514145  0.579891  0.550345  0.637628  0.484637  0.650250  0.507576  0.616752  0.559792  0.893093  0.570564  0.578215  0.611537  0.598110  0.506530  0.566080  0.662156  0.505055  0.595598  0.820231  0.507276  0.663497  0.499695  0.508220  0.543818  0.426193  0.616893  0.547469  0.592973  0.406324  0.417020  0.814155  0.595505  0.521555  0.595926  0.652451  0.583441  0.552871  0.454024  0.561793  0.701331  0.737919  0.553091  0.445061  0.505617  0.560537  0.687460  0.576623  0.551311  0.483072  0.440502  0.604738  0.539585  0.535577  0.509909  0.513917  0.642368  0.428765 
15  0.408355  0.711781  0.793256  0.532078  0.429121  0.653624  0.465101  0.294693  0.531205  0.389004  0.475695  0.424056  0.352288  0.783219  0.571311 0.0  0.724120  0.521197  0.492524  0.478984  0.392999  0.661945  0.455537  0.658040  0.723346  0.636217  0.475934  0.449217  0.437482  0.363436  0.305609  0.409033  0.268574  0.465190  0.835182  0.401324  0.565969  0.517365  0.357170  0.652985  0.510238  0.620021  0.451311  0.422736  0.692493  0.535598  0.390548  0.415193  0.445892  0.307941  0.507481  0.389240  0.569204  0.454864  0.556358  0.479983  0.426366  0.491143  0.516791  0.472438  0.565229  0.452069  0.522762  0.567370  0.477962  0.357403  0.425655  0.839292  0.638633  0.578877  0.451382  0.375130  0.466471  0.562444  0.414851  0.367787  0.368918  0.334403  0.409837  0.753963  0.377409  0.590177  0.795801  0.351718  0.206529  0.297822  0.307795  0.480933  0.497110  0.240943  0.490707  0.547838  0.733982  0.651558  0.548864  0.549832  0.605299  0.822520  0.592173  0.393997  0.481366  0.394258  0.369716  0.401126  0.380114  0.421785  0.454575  0.696522  0.584150  0.408132  0.240832  0.466965  0.532618  0.471630  0.634467  0.368014  0.541685  0.465261  0.206300  0.713394  0.485763  0.352675  0.405963  0.564769  0.234753  0.234140  0.353402  0.540270  0.641739  0.446332  0.383161  0.389809  0.429462  0.515127  0.598098  0.378651  0.406882  0.472918  0.510461  0.504230  0.502525  0.334090  0.704420  0.296797  0.524997  0.385024 
16  0.694413  0.606493  0.677694  0.678586  0.650892  0.694011  0.648819  0.561872  0.640897  0.594198  0.627515  0.674501  0.565483  0.603413  0.702851  0.724120 0.0  0.605179  0.687986  0.653311  0.551827  0.745465  0.552784  0.603442  0.643776  0.744929  0.538314  0.701263  0.576394  0.688995  0.650401  0.735149  0.600518  0.596083  0.679390  0.535788  0.710559  0.523039  0.480841  0.689312  0.493276  0.727048  0.650870  0.732008  0.598704  0.828403  0.642337  0.579546  0.609614  0.601220  0.685491  0.656722  0.688005  0.658431  0.557951  0.718183  0.631555  0.664451  0.470013  0.687967  0.718020  0.470077  0.602815  0.590053  0.597857  0.704371  0.654348  0.737479  0.601678  0.600731  0.608588  0.682685  0.588997  0.615706  0.631808  0.685736  0.627061  0.646226  0.669822  0.714073  0.563955  0.634872  0.662836  0.611487  0.475598  0.603984  0.585636  0.653618  0.328817  0.548730  0.681041  0.750454  0.677304  0.671868  0.707441  0.531356  0.675195  0.684270  0.710809  0.683894  0.647028  0.651556  0.674952  0.568583  0.643560  0.697831  0.585314  0.639378  0.765368  0.721192  0.633641  0.557257  0.650916  0.530718  0.762590  0.517157  0.520150  0.701718  0.582892  0.672272  0.631850  0.602583  0.548153  0.516252  0.557122  0.545661  0.677054  0.609251  0.567289  0.697575  0.664151  0.683501  0.543460  0.649469  0.624394  0.677595  0.555732  0.626095  0.643205  0.539190  0.667482  0.634322  0.541813  0.701277  0.792129  0.647235 
17  0.692199  0.663903  0.579799  0.666640  0.528870  0.661820  0.609768  0.559970  0.727164  0.762638  0.669507  0.701569  0.713507  0.605571  0.634324  0.521197  0.605179 0.0  0.644859  0.512399  0.627363  0.639526  0.678137  0.631352  0.687058  0.571786  0.676112  0.677469  0.733991  0.639802  0.671105  0.614585  0.637237  0.638497  0.549767  0.597263  0.631376  0.469373  0.636732  0.650196  0.652006  0.618948  0.717103  0.786128  0.647270  0.727392  0.640293  0.673372  0.706035  0.555792  0.638215  0.626183  0.745240  0.653454  0.723377  0.761755  0.654886  0.609227  0.609347  0.626029  0.647455  0.603971  0.613300  0.651137  0.631431  0.602875  0.639271  0.619313  0.570710  0.619390  0.579827  0.583233  0.630098  0.627497  0.629153  0.690866  0.536895  0.618324  0.534083  0.445745  0.624437  0.741400  0.524348  0.567849  0.630895  0.631278  0.580640  0.636993  0.621188  0.677202  0.592137  0.710278  0.611384  0.527070  0.612627  0.588227  0.763583  0.575036  0.650943  0.653487  0.614043  0.506690  0.571619  0.660828  0.641334  0.576297  0.534377  0.770084  0.727191  0.626945  0.547631  0.613852  0.514551  0.654075  0.486762  0.610144  0.452870  0.699269  0.685231  0.566724  0.583393  0.572310  0.686868  0.459241  0.578478  0.692346  0.585313  0.685868  0.530537  0.663887  0.680726  0.634141  0.556054  0.561272  0.539328  0.657702  0.578101  0.536197  0.771379  0.598217  0.630574  0.671114  0.574257  0.596255  0.753250  0.667585 
18  0.423326  0.807776  0.871326  0.428261  0.560789  0.520184  0.492910  0.370326  0.581088  0.453409  0.517699  0.349189  0.391904  0.763355  0.477262  0.492524  0.687986  0.644859 0.0  0.601785  0.447100  0.700855  0.346654  0.643974  0.617964  0.688504  0.418685  0.485424  0.472017  0.630547  0.387031  0.551155  0.479203  0.504721  0.816094  0.460714  0.511559  0.537370  0.506178  0.580332  0.598282  0.512666  0.403552  0.418066  0.770542  0.327934  0.502794  0.518096  0.569723  0.459243  0.487559  0.471399  0.458885  0.494505  0.508231  0.292541  0.539198  0.486333  0.584777  0.531019  0.471511  0.457837  0.426375  0.702198  0.450982  0.445553  0.418050  0.728933  0.809900  0.450048  0.475552  0.436992  0.669895  0.359893  0.589102  0.399745  0.430976  0.429510  0.537910  0.773741  0.484073  0.420132  0.657360  0.440468  0.676648  0.415606  0.504933  0.426513  0.541620  0.414250  0.558251  0.597514  0.570343  0.651365  0.477598  0.769566  0.514010  0.903957  0.465571  0.333231  0.508154  0.396210  0.496171  0.442028  0.455550  0.448108  0.350309  0.874595  0.411490  0.626573  0.425670  0.451318  0.490600  0.468453  0.677240  0.411829  0.508261  0.596691  0.449870  0.797118  0.537785  0.483091  0.521399  0.660822  0.538036  0.477044  0.315641  0.641420  0.823912  0.559894  0.423367  0.446570  0.498796  0.630536  0.722504  0.446861  0.532956  0.445786  0.500712  0.668267  0.459021  0.529203  0.612887  0.466832  0.497931  0.541318 
19  0.480692  0.753542  0.712189  0.459564  0.552704  0.390820  0.505762  0.545011  0.379251  0.457062  0.656201  0.555303  0.502318  0.644556  0.488319  0.478984  0.653311  0.512399  0.601785 0.0  0.558836  0.636379  0.474544  0.686667  0.647058  0.736067  0.622743  0.641858  0.578457  0.588094  0.456623  0.547804  0.518570  0.532350  0.686684  0.418258  0.586578  0.680578  0.564461  0.756339  0.600216  0.554053  0.467945  0.458286  0.548100  0.648312  0.451084  0.576399  0.458920  0.513673  0.491907  0.567235  0.551073  0.446688  0.379724  0.518594  0.497173  0.440667  0.604883  0.684783  0.502124  0.568200  0.546465  0.828605  0.653239  0.556093  0.568543  0.730197  0.506529  0.501098  0.600054  0.597332  0.456745  0.538892  0.476406  0.441816  0.490806  0.610218  0.607145  0.574836  0.685226  0.378006  0.623042  0.573763  0.490319  0.567449  0.440453  0.511391  0.661277  0.491844  0.585028  0.585073  0.333982  0.686961  0.591562  0.282934  0.554633  0.739637  0.453179  0.421141  0.507911  0.524064  0.483984  0.605132  0.555836  0.567917  0.497872  0.711651  0.567541  0.582975  0.512844  0.542565  0.430315  0.524530  0.576020  0.547849  0.574154  0.561988  0.537219  0.751276  0.556895  0.554001  0.379321  0.588205  0.483453  0.539206  0.484979  0.450095  0.601695  0.522814  0.535923  0.414035  0.479873  0.585748  0.572914  0.494137  0.522397  0.506924  0.439436  0.526771  0.503832  0.403526  0.554965  0.587556  0.731808  0.542476 
20  0.402212  0.755202  0.764772  0.473448  0.204374  0.595754  0.375756  0.466216  0.598130  0.446772  0.509962  0.388159  0.493644  0.703787  0.587367  0.392999  0.551827  0.627363  0.447100  0.558836 0.0  0.725175  0.382414  0.565495  0.659679  0.734606  0.429240  0.589727  0.443385  0.407515  0.329015  0.324717  0.303969  0.405240  0.714201  0.231290  0.551840  0.619368  0.344698  0.838824  0.703221  0.514037  0.444709  0.332244  0.597252  0.506879  0.291927  0.298081  0.314870  0.370197  0.395970  0.375056  0.494550  0.432490  0.467624  0.468964  0.515985  0.540228  0.603875  0.584908  0.457463  0.231582  0.483004  0.666338  0.483550  0.397839  0.341167  0.613410  0.622621  0.466302  0.301076  0.362246  0.386127  0.543667  0.426758  0.403173  0.391935  0.304200  0.462090  0.698461  0.401702  0.547807  0.672589  0.218435  0.346098  0.335748  0.460914  0.375384  0.623323  0.409268  0.476138  0.371871  0.572036  0.460636  0.336332  0.480003  0.496760  0.721467  0.333325  0.492004  0.349075  0.390304  0.561326  0.414847  0.433714  0.538631  0.438866  0.861162  0.362139  0.383398  0.395947  0.363261  0.430582  0.319093  0.542865  0.390107  0.578179  0.476467  0.339956  0.648177  0.436442  0.292133  0.333231  0.680777  0.372066  0.362415  0.369019  0.608500  0.617850  0.437247  0.539591  0.374204  0.543486  0.382081  0.698226  0.449773  0.446297  0.466510  0.567459  0.575505  0.471000  0.377702  0.760332  0.343727  0.526601  0.287458 
21  0.777593  0.527905  0.574996  0.740009  0.738019  0.661226  0.745834  0.644321  0.616934  0.707433  0.704495  0.621229  0.672457  0.628696  0.595379  0.661945  0.745465  0.639526  0.700855  0.636379  0.725175 0.0  0.777553  0.657807  0.698835  0.637423  0.725261  0.667714  0.805195  0.756850  0.666108  0.788188  0.762297  0.753302  0.302479  0.719774  0.763914  0.608422  0.629362  0.499485  0.542748  0.665085  0.695682  0.741996  0.644842  0.758956  0.743517  0.723335  0.797714  0.751991  0.777100  0.719174  0.746771  0.705071  0.661241  0.801071  0.627016  0.711485  0.540773  0.819461  0.704562  0.703290  0.692953  0.679027  0.650462  0.745639  0.678161  0.565133  0.703797  0.721042  0.639869  0.687828  0.735512  0.572916  0.793813  0.667296  0.695090  0.702969  0.693797  0.421943  0.745027  0.683025  0.707980  0.710138  0.841805  0.650403  0.614680  0.694530  0.641672  0.821253  0.764342  0.754564  0.682994  0.462592  0.745152  0.665216  0.641996  0.576682  0.873771  0.802603  0.714549  0.676930  0.768512  0.678749  0.745725  0.708347  0.763988  0.737627  0.683542  0.721953  0.728393  0.770506  0.664945  0.689449  0.680960  0.651569  0.696678  0.521397  0.635285  0.348268  0.763874  0.783488  0.706652  0.438621  0.645984  0.784202  0.663870  0.697567  0.740910  0.715135  0.659260  0.609536  0.613530  0.662797  0.803104  0.847253  0.710737  0.683177  0.656317  0.632847  0.744605  0.746542  0.622162  0.676792  0.766911  0.737814 
22  0.611081  0.798345  0.769632  0.607228  0.460917  0.649307  0.505978  0.276499  0.520491  0.338003  0.527237  0.314406  0.469532  0.701892  0.561058  0.455537  0.552784  0.678137  0.346654  0.474544  0.382414  0.777553 0.0  0.631494  0.616854  0.596028  0.310907  0.414518  0.351814  0.525105  0.413151  0.445505  0.373478  0.434598  0.785711  0.446364  0.401012  0.641534  0.470642  0.805521  0.595139  0.541982  0.417562  0.527685  0.589834  0.451209  0.393425  0.563548  0.405839  0.474879  0.566552  0.397592  0.534683  0.440366  0.662010  0.466559  0.406317  0.534769  0.600333  0.482382  0.439997  0.496904  0.281780  0.592683  0.355331  0.462776  0.525666  0.893110  0.797156  0.517836  0.436145  0.539107  0.389499  0.548641  0.508509  0.438905  0.451494  0.568194  0.570809  0.710288  0.371434  0.445111  0.638367  0.372165  0.368643  0.464803  0.433092  0.403681  0.573887  0.237157  0.425374  0.353683  0.581925  0.667519  0.464911  0.683347  0.546700  0.750303  0.364589  0.373707  0.362614  0.273678  0.431824  0.316351  0.406521  0.461656  0.374554  0.667396  0.578638  0.608519  0.415450  0.419300  0.426376  0.581451  0.497738  0.352614  0.514797  0.539113  0.432472  0.761072  0.460567  0.405041  0.491894  0.608089  0.451642  0.386071  0.383000  0.516145  0.589946  0.571491  0.336109  0.370970  0.592793  0.464931  0.662824  0.528258  0.387757  0.370651  0.329326  0.527543  0.451714  0.370297  0.636657  0.410477  0.408003  0.281642 
23  0.628379  0.434109  0.509435  0.669764  0.673161  0.640601  0.544694  0.472695  0.661530  0.652704  0.602443  0.637799  0.618202  0.594519  0.659371  0.658040  0.603442  0.631352  0.643974  0.686667  0.565495  0.657807  0.631494 0.0  0.649190  0.673367  0.663206  0.728665  0.608854  0.570462  0.651548  0.633109  0.635533  0.730133  0.493703  0.549929  0.536685  0.503181  0.647594  0.519425  0.731277  0.690230  0.707714  0.647815  0.700790  0.728323  0.572954  0.709414  0.642229  0.612101  0.718708  0.623472  0.790297  0.629270  0.626777  0.792844  0.588690  0.738260  0.772924  0.657007  0.744135  0.494767  0.685394  0.615740  0.569973  0.708439  0.703312  0.617338  0.593131  0.695922  0.734094  0.689750  0.636375  0.614392  0.503066  0.801327  0.520191  0.742975  0.382415  0.437799  0.602197  0.678510  0.680203  0.616651  0.642015  0.660531  0.573464  0.672729  0.651465  0.608323  0.529790  0.559284  0.671383  0.519241  0.638603  0.612939  0.679425  0.595763  0.638688  0.751172  0.549615  0.538608  0.595249  0.625395  0.530065  0.641301  0.680417  0.672069  0.825622  0.462446  0.649220  0.586295  0.744351  0.565238  0.588616  0.673203  0.545270  0.722117  0.684882  0.622503  0.619219  0.660421  0.641980  0.569961  0.623261  0.590619  0.593059  0.771933  0.613897  0.599161  0.564993  0.601085  0.595687  0.785935  0.606014  0.524127  0.683597  0.460748  0.618296  0.588429  0.721518  0.564515  0.595599  0.579348  0.515377  0.530985 
24  0.761591  0.752427  0.686752  0.647275  0.620632  0.625177  0.815493  0.661359  0.603820  0.713510  0.684717  0.667806  0.653138  0.708070  0.579875  0.723346  0.643776  0.687058  0.617964  0.647058  0.659679  0.698835  0.616854  0.649190 0.0  0.397723  0.624862  0.695484  0.587966  0.785020  0.735736  0.706648  0.779139  0.782335  0.818936  0.610036  0.826926  0.636215  0.737078  0.775688  0.647052  0.596135  0.595030  0.661347  0.686469  0.519291  0.713101  0.650092  0.697926  0.738497  0.581914  0.814734  0.619907  0.693605  0.693090  0.679442  0.751108  0.629432  0.559422  0.790744  0.595034  0.685174  0.692608  0.700867  0.733628  0.601393  0.615871  0.786708  0.716466  0.647298  0.704910  0.663728  0.751701  0.567560  0.623327  0.620678  0.735536  0.696555  0.833997  0.677311  0.733998  0.780208  0.585101  0.697423  0.582502  0.722131  0.674125  0.671872  0.583206  0.778442  0.631622  0.754154  0.662940  0.704578  0.578302  0.689733  0.736754  0.857752  0.665662  0.723283  0.730966  0.719494  0.739250  0.670041  0.734144  0.726268  0.724014  0.708133  0.646350  0.719747  0.646440  0.648878  0.724544  0.788760  0.821764  0.664896  0.537084  0.554781  0.666830  0.716180  0.730958  0.596779  0.650020  0.649979  0.667251  0.657769  0.691083  0.647669  0.551367  0.740531  0.816777  0.613156  0.582321  0.689064  0.691783  0.630725  0.728962  0.736190  0.739796  0.531170  0.658588  0.773192  0.625451  0.684343  0.702717  0.649965 
25  0.727370  0.689870  0.858569  0.721056  0.582141  0.597988  0.556310  0.648583  0.714482  0.652211  0.716877  0.694072  0.653127  0.780717  0.708297  0.636217  0.744929  0.571786  0.688504  0.736067  0.734606  0.637423  0.596028  0.673367  0.397723 0.0  0.755149  0.660425  0.692880  0.649862  0.645199  0.798377  0.598298  0.705525  0.780756  0.745125  0.785282  0.471527  0.692528  0.833445  0.496954  0.578487  0.634293  0.726043  0.650827  0.699932  0.512712  0.643090  0.617427  0.651883  0.644494  0.605203  0.608729  0.653977  0.627551  0.602590  0.683001  0.682580  0.574403  0.750680  0.687602  0.679993  0.631156  0.606237  0.666244  0.608217  0.569395  0.766558  0.635315  0.624690  0.660735  0.768442  0.578528  0.707704  0.624304  0.652744  0.571371  0.658181  0.801835  0.744107  0.697414  0.673260  0.630121  0.626056  0.572341  0.646940  0.690429  0.656395  0.689815  0.649973  0.687036  0.586702  0.684628  0.695716  0.628943  0.623096  0.669539  0.729930  0.666295  0.612341  0.620356  0.643673  0.679462  0.553593  0.615515  0.635407  0.505949  0.728299  0.633631  0.664462  0.682740  0.673403  0.651921  0.612294  0.747242  0.630725  0.594426  0.673440  0.792242  0.684349  0.751728  0.636905  0.716335  0.592896  0.685936  0.706265  0.659858  0.627379  0.673166  0.848901  0.751311  0.603751  0.627255  0.564537  0.648679  0.614398  0.622760  0.759979  0.618069  0.327981  0.727907  0.676119  0.609091  0.691612  0.740803  0.580409 
26  0.594581  0.739934  0.636948  0.505663  0.405153  0.673364  0.508918  0.389455  0.628794  0.298673  0.564892  0.397473  0.320479  0.772601  0.567209  0.475934  0.538314  0.676112  0.418685  0.622743  0.429240  0.725261  0.310907  0.663206  0.624862  0.755149 0.0  0.267777  0.228145  0.496676  0.467150  0.331159  0.522762  0.373569  0.754118  0.380508  0.338387  0.592695  0.500028  0.745934  0.630216  0.499675  0.472378  0.618045  0.663914  0.466844  0.458640  0.444004  0.397001  0.488704  0.528643  0.327818  0.439388  0.415244  0.573146  0.306583  0.359861  0.473652  0.660523  0.417777  0.413556  0.546797  0.273875  0.571253  0.433037  0.561314  0.428285  0.616870  0.677654  0.519695  0.434641  0.476054  0.310173  0.503863  0.483784  0.582870  0.546661  0.321688  0.373297  0.819355  0.394125  0.315746  0.659283  0.415002  0.438953  0.430833  0.503841  0.323207  0.566749  0.314905  0.419718  0.312493  0.538167  0.623616  0.599136  0.445229  0.348866  0.723366  0.360071  0.315338  0.325009  0.258368  0.436511  0.389192  0.430840  0.397126  0.252826  0.690928  0.468340  0.658267  0.429386  0.399064  0.450682  0.436409  0.475660  0.442082  0.494004  0.589928  0.513768  0.667126  0.438279  0.356450  0.411676  0.670285  0.455025  0.452481  0.403582  0.474489  0.563283  0.552332  0.266100  0.454860  0.466941  0.562959  0.607830  0.496839  0.361449  0.458840  0.329305  0.539707  0.417008  0.333835  0.691751  0.348976  0.537904  0.450458 
