146
0 0.0  0.752926  0.770002  0.342481  0.335847  0.706113  0.395800  0.458235  0.554728  0.529174  0.349036  0.546297  0.552165  0.691406  0.449330  0.461022  0.642866  0.602940  0.508383  0.580810  0.435594  0.744072  0.501901  0.702868  0.706580  0.650626  0.492763  0.429205  0.552318  0.584567  0.537251  0.370523  0.394374  0.614692  0.756990  0.573223  0.703755  0.774001  0.388351  0.783000  0.638003  0.583208  0.253977  0.479750  0.632959  0.392103  0.541023  0.415219  0.506847  0.424895  0.435726  0.542005  0.395324  0.390427  0.477801  0.559671  0.521886  0.463563  0.541033  0.731905  0.489989  0.443878  0.563957  0.672091  0.482495  0.311662  0.320908  0.749920  0.724338  0.608102  0.334421  0.327530  0.543958  0.523920  0.461382  0.202240  0.410911  0.295364  0.639451  0.789473  0.519698  0.278568  0.734653  0.434407  0.395307  0.450116  0.555250  0.534035  0.783726  0.538773  0.603486  0.630409  0.599655  0.640323  0.425354  0.666728  0.449751  0.930893  0.511157  0.439271  0.471809  0.525502  0.591113  0.583313  0.374346  0.508460  0.459469  0.787119  0.340419  0.528509  0.361103  0.456708  0.473859  0.413621  0.636384  0.561498  0.592691  0.486738  0.428486  0.702155  0.610881  0.348954  0.476340  0.699706  0.478168  0.443101  0.442396  0.615502  0.605765  0.571030  0.466123  0.474092  0.516925  0.572509  0.789310  0.414614  0.489108  0.489487  0.460696  0.697233  0.429246  0.476544  0.724905  0.512507  0.678787  0.407636 
1  0.752926 0.0  0.280446  0.771690  0.687968  0.862019  0.742355  0.750530  0.769716  0.855093  0.701951  0.880009  0.855184  0.698415  0.832561  0.621360  0.733575  0.567418  0.771411  0.657598  0.647134  0.647865  0.807912  0.450679  0.865446  0.648321  0.736641  0.812389  0.888250  0.710780  0.767629  0.730216  0.878373  0.799998  0.625749  0.788781  0.659705  0.758463  0.695259  0.299364  0.649005  0.792254  0.738365  0.791972  0.745867  0.806859  0.663968  0.792201  0.657829  0.846063  0.764209  0.740836  0.819073  0.860914  0.782598  0.831758  0.801154  0.772129  0.655924  0.743788  0.752124  0.734929  0.802519  0.663784  0.822919  0.930492  0.757862  0.548511  0.767121  0.798071  0.736233  0.793868  0.775627  0.828776  0.807134  0.889774  0.678344  0.755727  0.482381  0.515423  0.824563  1.000000  0.805100  0.787833  0.655891  0.732084  0.639341  0.779553  0.649783  0.855123  0.855414  0.732083  0.766187  0.417287  0.887588  0.738792  0.883394  0.552716  0.803896  0.873867  0.797377  0.770322  0.851661  0.744184  0.710631  0.745766  0.835870  0.668578  0.744471  0.660625  0.720927  0.736679  0.719982  0.686989  0.705325  0.845685  0.508836  0.816930  0.810555  0.527897  0.831122  0.632533  0.741232  0.531112  0.724210  0.851935  0.765660  0.682248  0.636927  0.749405  0.787286  0.694595  0.828040  0.692593  0.858965  0.801101  0.828044  0.743467  0.769320  0.729908  0.738426  0.757195  0.649249  0.755646  0.654084  0.649548 
2  0.770002  0.280446 0.0  0.842478  0.769352  0.768614  0.777243  0.720854  0.853301  0.797988  0.725800  0.710539  0.933833  0.654308  0.818663  0.725446  0.772694  0.590699  0.908328  0.776028  0.669260  0.569446  0.780193  0.502024  0.727705  0.644283  0.792913  0.836136  0.788033  0.636457  0.814538  0.771813  0.804367  0.835989  0.669203  0.785754  0.719717  0.613337  0.774806  0.337733  0.709009  0.860352  0.900843  0.861952  0.608157  0.852109  0.768630  0.754041  0.756936  0.680390  0.838483  0.786454  0.881161  0.778411  0.812209  0.850873  0.731276  0.726076  0.781193  0.730925  0.821571  0.718292  0.624927  0.723248  0.791789  0.764454  0.801684  0.620170  0.776972  0.789092  0.816886  0.764832  0.853245  0.892775  0.796810  0.706822  0.819036  0.761760  0.581396  0.514501  0.744272  0.798737  0.844175  0.733774  0.721832  0.850973  0.734658  0.769794  0.611232  0.800520  0.718454  0.761881  0.814600  0.524237  0.777241  0.662236  0.805549  0.433935  0.736450  0.856664  0.760558  0.771419  0.818217  0.791428  0.735240  0.829583  0.811784  0.762899  0.877395  0.629173  0.595341  0.813031  0.820753  0.822507  0.807544  0.801379  0.567529  0.839644  0.775605  0.618414  0.801022  0.707354  0.793130  0.631581  0.801954  0.708268  0.667218  0.789117  0.767340  0.659111  0.748203  0.749789  0.746662  0.739011  0.728362  0.796544  0.729496  0.674801  0.808540  0.634365  0.807957  0.708068  0.736154  0.756949  0.659941  0.693733 
3  0.342481  0.771690  0.842478 0.0  0.381774  0.560623  0.325229  0.568860  0.520963  0.532591  0.437417  0.495734  0.407002  0.638702  0.487851  0.563034  0.748577  0.708973  0.491603  0.558306  0.288623  0.729318  0.612476  0.742528  0.575976  0.687308  0.579083  0.484023  0.424155  0.546395  0.505780  0.540262  0.466178  0.572754  0.906802  0.454406  0.596319  0.691821  0.440011  0.747729  0.603024  0.350779  0.314971  0.335179  0.776631  0.356317  0.443143  0.251514  0.457928  0.488201  0.418893  0.491362  0.352072  0.499731  0.612212  0.463484  0.441195  0.484155  0.548693  0.597106  0.445149  0.351027  0.596932  0.747982  0.581125  0.365289  0.257085  0.801999  0.666946  0.418634  0.412007  0.435318  0.555238  0.389698  0.544694  0.343859  0.372484  0.489736  0.653612  0.691958  0.545837  0.484243  0.617892  0.370854  0.302100  0.456857  0.495999  0.526872  0.632886  0.532818  0.538493  0.486654  0.501065  0.718282  0.336426  0.639405  0.542969  0.857819  0.540369  0.436785  0.412205  0.481254  0.434876  0.561147  0.479503  0.462302  0.507904  0.830489  0.329557  0.582730  0.453031  0.436185  0.315614  0.494062  0.499523  0.515477  0.576236  0.467426  0.517494  0.934498  0.576100  0.470564  0.466935  0.658981  0.521496  0.519511  0.489219  0.517733  0.690764  0.535640  0.596516  0.409482  0.513856  0.537660  0.712366  0.387266  0.538527  0.598832  0.455196  0.600350  0.462760  0.395365  0.576813  0.472702  0.646729  0.379102 
4  0.335847  0.687968  0.769352  0.381774 0.0  0.621773  0.330261  0.437300  0.659298  0.476877  0.498319  0.452711  0.445240  0.747714  0.632235  0.355258  0.622191  0.539800  0.510040  0.578383  0.492944  0.691778  0.496892  0.527155  0.712444  0.641396  0.451622  0.579145  0.410001  0.314559  0.438641  0.435647  0.374547  0.454026  0.744832  0.416143  0.563397  0.547665  0.336747  0.825091  0.631011  0.436679  0.469309  0.372396  0.695395  0.606367  0.313923  0.442403  0.390077  0.436421  0.459199  0.434067  0.440126  0.441204  0.553665  0.543385  0.360562  0.547754  0.627276  0.372738  0.537396  0.393440  0.449926  0.740011  0.418756  0.512137  0.364803  0.664983  0.647130  0.476624  0.425431  0.376404  0.432775  0.488867  0.507665  0.387536  0.366381  0.278756  0.552694  0.802683  0.386156  0.439979  0.622267  0.283964  0.396525  0.384249  0.434481  0.393208  0.508727  0.517013  0.407546  0.536161  0.625001  0.609682  0.421911  0.616396  0.653910  0.894274  0.466778  0.542432  0.351806  0.482949  0.467467  0.424690  0.458081  0.497867  0.518351  0.700090  0.457960  0.416038  0.345450  0.439407  0.360725  0.456994  0.558115  0.366327  0.477291  0.610223  0.370659  0.722354  0.489760  0.302787  0.382210  0.615153  0.502030  0.364678  0.308713  0.489726  0.711670  0.524948  0.436768  0.483635  0.531347  0.531948  0.693598  0.438437  0.521013  0.487614  0.528577  0.532474  0.609464  0.341734  0.651950  0.353590  0.528417  0.396704 
5  0.706113  0.862019  0.768614  0.560623  0.621773 0.0  0.522018  0.600670  0.575919  0.649493  0.623456  0.652988  0.565802  0.720842  0.539418  0.629955  0.742148  0.613396  0.522652  0.406945  0.516792  0.678788  0.764601  0.773509  0.627630  0.610257  0.659674  0.718262  0.611952  0.720181  0.559204  0.629439  0.564638  0.604756  0.944090  0.681128  0.743386  0.642411  0.560979  0.762516  0.605156  0.500097  0.599523  0.640532  0.568378  0.558747  0.584965  0.549535  0.734365  0.643752  0.488963  0.675049  0.604424  0.660469  0.505991  0.466770  0.651777  0.376566  0.554490  0.880913  0.472597  0.508906  0.595763  0.708959  0.659874  0.586950  0.448276  0.807580  0.647347  0.545059  0.577030  0.597358  0.556248  0.448711  0.707064  0.574823  0.535956  0.547387  0.631903  0.804130  0.629166  0.565975  0.575734  0.655911  0.561976  0.595899  0.573245  0.706981  0.590077  0.715955  0.605767  0.650696  0.268353  0.634907  0.558037  0.363998  0.602990  0.761187  0.693256  0.604905  0.612559  0.508477  0.604670  0.634390  0.617603  0.671199  0.581605  0.870870  0.662980  0.787125  0.687373  0.531488  0.780930  0.672885  0.853478  0.659531  0.610557  0.508929  0.533065  0.789164  0.737515  0.521906  0.639173  0.652490  0.500305  0.632627  0.671647  0.491458  0.712377  0.740704  0.688720  0.612404  0.408797  0.610972  0.728970  0.569857  0.645278  0.567303  0.566093  0.546643  0.605546  0.602953  0.673072  0.488691  0.662726  0.610037 
6  0.395800  0.742355  0.777243  0.325229  0.330261  0.522018 0.0  0.514714  0.599378  0.467740  0.448245  0.518409  0.421913  0.671053  0.534905  0.505883  0.589995  0.602493  0.417266  0.489968  0.278749  0.749902  0.444507  0.604058  0.629331  0.716492  0.530769  0.440830  0.554456  0.425914  0.433938  0.338906  0.431326  0.420011  0.776052  0.466746  0.595012  0.707533  0.415462  0.687238  0.661251  0.466306  0.285967  0.376812  0.662929  0.277685  0.365218  0.393163  0.558107  0.529427  0.254651  0.482665  0.409247  0.469333  0.521533  0.440388  0.578991  0.472964  0.675602  0.504245  0.315361  0.410650  0.436861  0.643307  0.470702  0.304765  0.248631  0.803965  0.722265  0.411791  0.418992  0.406767  0.464108  0.474915  0.515065  0.300030  0.330342  0.487662  0.426845  0.839518  0.430423  0.461193  0.761540  0.423649  0.469543  0.429111  0.502037  0.551617  0.694403  0.474398  0.417874  0.427561  0.520038  0.708946  0.293520  0.566114  0.530074  0.797336  0.383401  0.549724  0.536163  0.513475  0.545911  0.352715  0.463958  0.506973  0.428322  0.873196  0.381680  0.535524  0.477874  0.362348  0.297462  0.362667  0.518861  0.423542  0.516280  0.497510  0.403327  0.781977  0.530732  0.308980  0.431301  0.631547  0.455811  0.444030  0.438015  0.542094  0.647286  0.420805  0.433816  0.456407  0.480806  0.494635  0.585977  0.418309  0.560931  0.433170  0.492220  0.534775  0.549972  0.456744  0.510070  0.564255  0.676333  0.422399 
7  0.458235  0.750530  0.720854  0.568860  0.437300  0.600670  0.514714 0.0  0.581481  0.320169  0.505735  0.371417  0.444633  0.696648  0.560526  0.357240  0.672252  0.588137  0.544983  0.510627  0.416236  0.775703  0.373380  0.634913  0.781540  0.667257  0.320518  0.434164  0.366437  0.448999  0.325552  0.329650  0.417486  0.458480  0.773240  0.486373  0.474165  0.565577  0.496011  0.752854  0.615697  0.436966  0.481334  0.489745  0.588039  0.507444  0.410588  0.535551  0.449890  0.551799  0.605499  0.414115  0.476191  0.389387  0.539896  0.379392  0.499434  0.568094  0.638537  0.400530  0.574560  0.331103  0.319959  0.648966  0.311058  0.491492  0.602492  0.785529  0.451351  0.531479  0.478504  0.622298  0.426186  0.442667  0.342337  0.527502  0.378420  0.386669  0.428564  0.802954  0.319764  0.474675  0.721560  0.438221  0.415255  0.366254  0.374328  0.328049  0.601752  0.374364  0.301389  0.465265  0.655917  0.617142  0.549098  0.497995  0.346064  0.760039  0.344392  0.391839  0.371065  0.323583  0.329311  0.537053  0.416192  0.267314  0.272140  0.670022  0.506897  0.539604  0.487435  0.321179  0.376532  0.525479  0.523704  0.417747  0.424916  0.575085  0.338591  0.737102  0.361149  0.338770  0.362003  0.571220  0.538774  0.505086  0.379137  0.597961  0.662072  0.532478  0.191040  0.491944  0.446711  0.450230  0.637204  0.433969  0.437859  0.380216  0.322163  0.562893  0.348886  0.506441  0.675002  0.489344  0.391592  0.466696 
8  0.554728  0.769716  0.853301  0.520963  0.659298  0.575919  0.599378  0.581481 0.0  0.592282  0.652765  0.611904  0.588424  0.661815  0.290292  0.551042  0.645519  0.558645  0.371921  0.523560  0.418336  0.637260  0.551674  0.685153  0.741623  0.556551  0.461822  0.522934  0.628948  0.719877  0.590453  0.549917  0.587805  0.655316  0.870615  0.626287  0.710991  0.561541  0.556457  0.776038  0.629236  0.338266  0.474213  0.513645  0.626172  0.482758  0.563498  0.534508  0.607120  0.547720  0.452368  0.554706  0.612275  0.497898  0.484371  0.487561  0.682338  0.463927  0.574600  0.686533  0.501448  0.489622  0.684881  0.718614  0.578667  0.466872  0.386968  0.801133  0.634991  0.451977  0.645172  0.480679  0.712966  0.289405  0.631344  0.410623  0.560347  0.663048  0.554818  0.752896  0.656739  0.512801  0.654226  0.534791  0.555929  0.580282  0.478583  0.618946  0.618846  0.597740  0.523388  0.625674  0.539732  0.685254  0.433837  0.565421  0.561367  0.861333  0.547411  0.521859  0.606578  0.587684  0.666982  0.506309  0.509479  0.610396  0.491261  0.804565  0.510511  0.580245  0.493537  0.572205  0.572269  0.498389  0.677613  0.523042  0.549084  0.446683  0.523220  0.795056  0.669483  0.575759  0.626717  0.599731  0.612441  0.473953  0.483579  0.530134  0.709510  0.674360  0.520526  0.577511  0.430853  0.609554  0.710202  0.457518  0.627557  0.409645  0.649243  0.611741  0.469486  0.474177  0.662653  0.477578  0.657588  0.487398 
9  0.529174  0.855093  0.797988  0.532591  0.476877  0.649493  0.467740  0.320169  0.592282 0.0  0.562921  0.382930  0.301215  0.724468  0.590307  0.430795  0.614255  0.657518  0.576914  0.520853  0.493381  0.829910  0.410256  0.565806  0.626807  0.746481  0.270182  0.450041  0.280836  0.565361  0.329980  0.383014  0.474404  0.466129  0.818383  0.445675  0.357595  0.595606  0.521166  0.792856  0.505380  0.560562  0.563745  0.463833  0.675868  0.469279  0.334605  0.567417  0.422905  0.364361  0.505843  0.427893  0.621918  0.376100  0.447812  0.346354  0.496447  0.546465  0.656296  0.446723  0.570099  0.361938  0.244416  0.658498  0.321183  0.635470  0.444684  0.767032  0.688876  0.500899  0.491617  0.507447  0.432445  0.519737  0.364038  0.460917  0.493484  0.512846  0.591508  0.754078  0.316460  0.468552  0.591102  0.477579  0.469805  0.550274  0.444547  0.353767  0.549937  0.305763  0.374631  0.348674  0.650818  0.674500  0.476334  0.614790  0.221192  0.820534  0.324609  0.421307  0.494447  0.250076  0.467157  0.303077  0.428502  0.477999  0.264997  0.874357  0.578855  0.459155  0.366258  0.436160  0.382827  0.456050  0.414262  0.443842  0.387053  0.507359  0.443532  0.745468  0.391650  0.418973  0.496974  0.613198  0.538543  0.467490  0.445854  0.588403  0.584154  0.554535  0.388165  0.456196  0.580314  0.541882  0.710510  0.519362  0.311942  0.358023  0.495860  0.618378  0.425749  0.389491  0.611876  0.431122  0.468900  0.394005 
10  0.349036  0.701951  0.725800  0.437417  0.498319  0.623456  0.448245  0.505735  0.652765  0.562921 0.0  0.578920  0.456601  0.729830  0.604281  0.388841  0.794827  0.618455  0.531984  0.532840  0.493597  0.718053  0.496640  0.495624  0.695261  0.726538  0.702185  0.516970  0.733898  0.482245  0.588965  0.466660  0.550111  0.574141  0.786122  0.456449  0.487660  0.748592  0.349785  0.647908  0.690774  0.466163  0.391462  0.332440  0.640064  0.557674  0.570643  0.434300  0.497567  0.505047  0.388987  0.595062  0.246129  0.526885  0.537869  0.557316  0.484695  0.532884  0.554746  0.528581  0.498169  0.516849  0.594201  0.672774  0.513281  0.361922  0.505587  0.730692  0.716118  0.500962  0.366044  0.457331  0.558670  0.561507  0.580508  0.341326  0.497336  0.334364  0.398037  0.782209  0.512446  0.588665  0.701227  0.421721  0.554619  0.417721  0.554970  0.469188  0.605702  0.628341  0.536047  0.606543  0.616071  0.562312  0.493881  0.547369  0.582451  0.729142  0.544832  0.530509  0.487172  0.476436  0.645686  0.574538  0.429750  0.510680  0.548677  0.764305  0.314475  0.589688  0.545682  0.528645  0.403931  0.499384  0.478267  0.460519  0.638471  0.595205  0.469001  0.647953  0.552557  0.480045  0.505088  0.805841  0.364482  0.429384  0.391993  0.557249  0.760555  0.452829  0.549033  0.483172  0.652215  0.691470  0.767921  0.368541  0.569903  0.475864  0.496397  0.564803  0.501767  0.287452  0.725582  0.503406  0.550760  0.472551 
11  0.546297  0.880009  0.710539  0.495734  0.452711  0.652988  0.518409  0.371417  0.611904  0.382930  0.578920 0.0  0.399432  0.716975  0.515821  0.473769  0.612967  0.594367  0.446084  0.402079  0.438269  0.778800  0.374588  0.556693  0.782437  0.606667  0.361026  0.468230  0.293301  0.548420  0.318248  0.469696  0.430359  0.508838  0.708705  0.391933  0.516034  0.655778  0.414583  0.705711  0.583974  0.655388  0.481293  0.448067  0.615461  0.493538  0.447924  0.527379  0.429282  0.363159  0.520637  0.340810  0.460352  0.427809  0.534577  0.405431  0.307493  0.484595  0.578141  0.528885  0.472315  0.476828  0.401668  0.571202  0.291763  0.486134  0.522484  0.640299  0.557638  0.467614  0.376137  0.392176  0.346946  0.543341  0.472813  0.396821  0.400378  0.395217  0.502320  0.864630  0.362544  0.406682  0.614453  0.374398  0.439600  0.422498  0.551722  0.309439  0.685453  0.369597  0.405911  0.573526  0.617440  0.627746  0.662262  0.614135  0.373255  0.734205  0.342489  0.445666  0.331243  0.397118  0.504899  0.416967  0.331638  0.366529  0.384242  0.829455  0.426143  0.481395  0.246763  0.386899  0.383547  0.456923  0.474507  0.435080  0.550942  0.639282  0.409243  0.655730  0.413987  0.400684  0.406150  0.580177  0.425774  0.345783  0.495207  0.602773  0.671450  0.459017  0.362321  0.469316  0.599487  0.513924  0.634158  0.407318  0.397626  0.415025  0.441006  0.664569  0.508384  0.418320  0.811857  0.380451  0.457896  0.396094 
12  0.552165  0.855184  0.933833  0.407002  0.445240  0.565802  0.421913  0.444633  0.588424  0.301215  0.456601  0.399432 0.0  0.746373  0.502515  0.346255  0.741866  0.537320  0.267668  0.636335  0.490127  0.683755  0.448840  0.678271  0.732631  0.662553  0.560998  0.401880  0.472755  0.438399  0.532301  0.537729  0.394343  0.500475  0.896419  0.443685  0.468017  0.590482  0.470684  0.729072  0.632436  0.548666  0.454301  0.458293  0.625183  0.520749  0.441933  0.332417  0.574867  0.413976  0.532097  0.407231  0.351127  0.387867  0.687289  0.428005  0.434778  0.490760  0.598366  0.510356  0.390867  0.510062  0.533632  0.745825  0.494199  0.463709  0.494766  0.772265  0.727537  0.477384  0.475244  0.521191  0.441659  0.438065  0.462283  0.523685  0.380519  0.341171  0.487945  0.778772  0.418015  0.336128  0.685036  0.511855  0.382388  0.481528  0.644653  0.359460  0.721112  0.338146  0.450740  0.440218  0.606294  0.770967  0.515693  0.501813  0.481400  0.858251  0.484640  0.512108  0.464424  0.364190  0.509051  0.429134  0.336965  0.378871  0.455116  0.694551  0.457233  0.596433  0.470007  0.565495  0.447307  0.360609  0.545536  0.397431  0.509104  0.548596  0.472347  0.789396  0.454314  0.458387  0.419697  0.605595  0.535834  0.422168  0.427048  0.482518  0.757613  0.599082  0.458100  0.428096  0.461741  0.512771  0.689069  0.459924  0.501960  0.432479  0.525531  0.595457  0.460512  0.461066  0.618383  0.500584  0.558249  0.430675 
13  0.691406  0.698415  0.654308  0.638702  0.747714  0.720842  0.671053  0.696648  0.661815  0.724468  0.729830  0.716975  0.746373 0.0  0.756290  0.740134  0.590706  0.658368  0.745937  0.639372  0.689297  0.650981  0.673969  0.614230  0.711897  0.716062  0.793788  0.793072  0.664832  0.789764  0.710117  0.678489  0.787873  0.738084  0.596401  0.626306  0.708526  0.579690  0.758696  0.591049  0.636236  0.734603  0.683520  0.708014  0.483143  0.759280  0.823913  0.748848  0.747517  0.775904  0.625795  0.751637  0.766788  0.631130  0.562642  0.738758  0.691321  0.622760  0.576206  0.727275  0.748967  0.758668  0.738218  0.873631  0.837248  0.850402  0.836753  0.606976  0.722744  0.631026  0.622589  0.685669  0.805797  0.720758  0.712539  0.750271  0.721818  0.664046  0.722529  0.627768  0.820911  0.781625  0.648788  0.749850  0.656426  0.769316  0.570379  0.646373  0.665108  0.785453  0.782607  0.678557  0.615832  0.649677  0.658271  0.694873  0.761943  0.691398  0.725949  0.821556  0.794542  0.678722  0.834355  0.725173  0.675020  0.751085  0.737693  0.767845  0.640094  0.691653  0.697212  0.778493  0.714347  0.705202  0.758753  0.766905  0.526248  0.564424  0.719938  0.671357  0.809325  0.672108  0.707685  0.676469  0.698145  0.721048  0.747861  0.637180  0.518501  0.762772  0.782466  0.726361  0.656196  0.655003  0.676417  0.675033  0.794080  0.610344  0.734932  0.701801  0.736647  0.588394  0.671800  0.686899  0.718239  0.737279 
14  0.449330  0.832561  0.818663  0.487851  0.632235  0.539418  0.534905  0.560526  0.290292  0.590307  0.604281  0.515821  0.502515  0.756290 0.0  0.533874  0.604695  0.777810  0.580447  0.572273  0.526812  0.679228  0.611256  0.724145  0.693465  0.686593  0.547887  0.616495  0.651290  0.497555  0.517618  0.498242  0.528078  0.560034  0.918325  0.523463  0.649067  0.724935  0.569817  0.700736  0.690140  0.307515  0.522218  0.461944  0.696572  0.405593  0.525609  0.472129  0.620637  0.628959  0.403189  0.502795  0.418449  0.560463  0.480770  0.433519  0.498074  0.437062  0.573483  0.759548  0.496605  0.531171  0.597695  0.654449  0.518961  0.506884  0.420876  0.744580  0.695572  0.449219  0.513155  0.556003  0.565332  0.307115  0.550931  0.421604  0.492787  0.496472  0.538776  0.784344  0.550161  0.616991  0.655971  0.602806  0.552071  0.585094  0.400403  0.611972  0.650097  0.577977  0.501026  0.710205  0.405532  0.635710  0.396188  0.529956  0.614727  0.893716  0.600202  0.557803  0.625283  0.562493  0.585319  0.652697  0.543754  0.518945  0.624265  0.770414  0.509363  0.642695  0.516850  0.493481  0.647257  0.507944  0.670424  0.524834  0.593440  0.443587  0.397184  0.896215  0.582815  0.549223  0.567605  0.671098  0.647387  0.531583  0.574498  0.564860  0.666548  0.669167  0.511044  0.413059  0.539689  0.551364  0.672032  0.608520  0.578293  0.484716  0.394418  0.585669  0.484461  0.567795  0.691288  0.528315  0.762582  0.566475 
15  0.461022  0.621360  0.725446  0.563034  0.355258  0.629955  0.505883  0.357240  0.551042  0.430795  0.388841  0.473769  0.346255  0.740134  0.533874 0.0  0.598896  0.631973  0.488575  0.492624  0.323638  0.700005  0.396540  0.565418  0.787014  0.683453  0.396878  0.399147  0.522440  0.319750  0.344709  0.436793  0.219801  0.497150  0.731273  0.318964  0.520547  0.555616  0.344426  0.790256  0.640858  0.482547  0.564749  0.467565  0.646128  0.585492  0.261941  0.517971  0.402192  0.429784  0.391165  0.503361  0.477082  0.475725  0.628729  0.476209  0.433252  0.631586  0.558545  0.439782  0.548872  0.394053  0.407207  0.628103  0.392933  0.467628  0.514281  0.794009  0.629056  0.471784  0.400560  0.363694  0.436386  0.584288  0.550848  0.457888  0.289865  0.451030  0.621423  0.767546  0.401919  0.490874  0.739249  0.282006  0.340543  0.328509  0.482267  0.565429  0.641791  0.586211  0.479118  0.467477  0.676325  0.730398  0.318737  0.566008  0.553358  0.837796  0.447143  0.505655  0.561930  0.481934  0.446288  0.327826  0.343958  0.525200  0.518489  0.718974  0.465474  0.498541  0.268065  0.446180  0.441016  0.372910  0.425594  0.304207  0.559646  0.651719  0.273234  0.694943  0.447515  0.566049  0.324056  0.653643  0.448234  0.270262  0.344792  0.471215  0.646903  0.401685  0.478451  0.358332  0.633893  0.472975  0.587151  0.425956  0.454597  0.504140  0.415458  0.490138  0.514362  0.371429  0.646366  0.391264  0.587879  0.443534 
16  0.642866  0.733575  0.772694  0.748577  0.622191  0.742148  0.589995  0.672252  0.645519  0.614255  0.794827  0.612967  0.741866  0.590706  0.604695  0.598896 0.0  0.470479  0.867761  0.701323  0.560244  0.666754  0.662088  0.669515  0.662138  0.556530  0.547543  0.745916  0.679562  0.762306  0.621747  0.615025  0.523697  0.711443  0.780588  0.602657  0.769929  0.473347  0.665687  0.745730  0.571479  0.729176  0.727390  0.662731  0.550441  0.659820  0.625158  0.762992  0.542521  0.690827  0.621991  0.528542  0.710254  0.720221  0.665452  0.718733  0.522772  0.567252  0.476902  0.650745  0.593930  0.734428  0.576091  0.650283  0.603231  0.729787  0.672564  0.747670  0.565346  0.583711  0.546187  0.674443  0.721710  0.779160  0.683395  0.681177  0.610763  0.584648  0.741317  0.814988  0.625570  0.715633  0.693413  0.570785  0.595813  0.585264  0.451417  0.605905  0.244795  0.685570  0.668008  0.719219  0.647043  0.535820  0.656908  0.728192  0.607458  0.741996  0.592613  0.682595  0.680304  0.636891  0.584062  0.595831  0.622563  0.707666  0.583109  0.843811  0.630113  0.719520  0.594178  0.636708  0.632767  0.468403  0.653233  0.622092  0.549775  0.727611  0.540366  0.723619  0.632589  0.551590  0.556503  0.592209  0.709666  0.531401  0.620118  0.616493  0.607282  0.758922  0.692815  0.607611  0.565047  0.599160  0.636513  0.620458  0.745181  0.607373  0.569400  0.498916  0.606642  0.591711  0.703887  0.609494  0.641866  0.483097 
17  0.602940  0.567418  0.590699  0.708973  0.539800  0.613396  0.602493  0.588137  0.558645  0.657518  0.618455  0.594367  0.537320  0.658368  0.777810  0.631973  0.470479 0.0  0.656582  0.644099  0.619479  0.659887  0.510524  0.511571  0.716963  0.571197  0.617332  0.751507  0.729358  0.529043  0.677967  0.583103  0.684612  0.663471  0.611194  0.727091  0.672732  0.597212  0.628539  0.583182  0.614290  0.610890  0.684116  0.649199  0.668561  0.647107  0.672550  0.769759  0.549787  0.550846  0.673831  0.622197  0.782104  0.833469  0.646172  0.689046  0.694134  0.615154  0.577011  0.611381  0.636266  0.613817  0.560830  0.664153  0.652378  0.556582  0.723711  0.568369  0.615514  0.601144  0.673341  0.703208  0.629955  0.684773  0.576354  0.725607  0.633099  0.598848  0.590947  0.638604  0.564311  0.791760  0.603147  0.760149  0.635839  0.629548  0.633987  0.618267  0.571383  0.602332  0.686545  0.690370  0.651370  0.545006  0.668937  0.461137  0.650774  0.560577  0.659659  0.656286  0.651985  0.589477  0.678590  0.625988  0.602120  0.635299  0.705081  0.653241  0.808926  0.671360  0.664649  0.618197  0.635328  0.576405  0.668206  0.568679  0.581643  0.599397  0.696794  0.600709  0.614156  0.710326  0.616526  0.555674  0.657239  0.582283  0.574368  0.615661  0.667599  0.626430  0.627951  0.543771  0.616502  0.606103  0.557689  0.678618  0.579254  0.623423  0.544850  0.568320  0.721895  0.607321  0.479024  0.632001  0.675179  0.585756 
18  0.508383  0.771411  0.908328  0.491603  0.510040  0.522652  0.417266  0.544983  0.371921  0.576914  0.531984  0.446084  0.267668  0.745937  0.580447  0.488575  0.867761  0.656582 0.0  0.500782  0.556226  0.602846  0.433787  0.760623  0.611665  0.725860  0.521313  0.554376  0.438469  0.584267  0.427667  0.521558  0.424723  0.418152  0.897212  0.401127  0.545996  0.675867  0.545382  0.710803  0.684957  0.548715  0.475071  0.495253  0.698245  0.436765  0.478720  0.484773  0.497791  0.437659  0.491974  0.456388  0.447813  0.452275  0.700751  0.362255  0.470527  0.604418  0.488348  0.543646  0.369879  0.431599  0.454985  0.701460  0.502585  0.477245  0.392877  0.934504  0.771504  0.511186  0.458828  0.360714  0.634442  0.486925  0.533849  0.423713  0.321298  0.472583  0.618519  0.787646  0.408519  0.545949  0.553787  0.531901  0.486834  0.468895  0.526841  0.569964  0.766131  0.470160  0.522525  0.633771  0.548456  0.694611  0.320652  0.606449  0.419127  0.744224  0.580182  0.430771  0.509065  0.432274  0.545525  0.448283  0.542228  0.446379  0.396496  0.825790  0.510701  0.618433  0.406502  0.479401  0.530012  0.474298  0.663692  0.443847  0.551976  0.575467  0.423220  0.881140  0.563004  0.437497  0.556401  0.745052  0.623130  0.453801  0.450774  0.570112  0.709980  0.506074  0.388299  0.456460  0.594374  0.654846  0.677414  0.451603  0.372724  0.531829  0.560604  0.606112  0.313738  0.384624  0.683549  0.445350  0.520996  0.638043 
19  0.580810  0.657598  0.776028  0.558306  0.578383  0.406945  0.489968  0.510627  0.523560  0.520853  0.532840  0.402079  0.636335  0.639372  0.572273  0.492624  0.701323  0.644099  0.500782 0.0  0.524082  0.716917  0.554375  0.649352  0.634881  0.544581  0.705172  0.542043  0.666168  0.636644  0.503112  0.487134  0.458501  0.550071  0.682948  0.525476  0.654247  0.498101  0.408847  0.744951  0.584909  0.451417  0.549463  0.508671  0.610114  0.490275  0.447432  0.480199  0.522264  0.467218  0.411175  0.483703  0.469069  0.573925  0.497924  0.546336  0.527245  0.432987  0.495299  0.643597  0.477271  0.497239  0.526335  0.741999  0.575739  0.547933  0.601179  0.699405  0.635536  0.480272  0.606400  0.473022  0.433762  0.462125  0.539976  0.474634  0.531022  0.499439  0.606557  0.694508  0.499956  0.580765  0.613602  0.495366  0.480581  0.607465  0.442607  0.552778  0.611278  0.586080  0.521727  0.600048  0.431195  0.690901  0.487458  0.459580  0.508952  0.787222  0.471935  0.568464  0.529402  0.590063  0.574824  0.452765  0.516819  0.598324  0.519199  0.758494  0.540275  0.685341  0.576240  0.474844  0.569189  0.503444  0.632296  0.603344  0.570382  0.476762  0.586601  0.669249  0.521696  0.578586  0.597018  0.621789  0.459252  0.564777  0.509184  0.357141  0.648293  0.655878  0.531392  0.568315  0.465486  0.460074  0.657198  0.461438  0.531113  0.552634  0.627254  0.550980  0.565375  0.512889  0.581660  0.508570  0.823318  0.456411 
20  0.435594  0.647134  0.669260  0.288623  0.492944  0.516792  0.278749  0.416236  0.418336  0.493381  0.493597  0.438269  0.490127  0.689297  0.526812  0.323638  0.560244  0.619479  0.556226  0.524082 0.0  0.752921  0.422384  0.580724  0.802701  0.620504  0.415863  0.532739  0.395492  0.359073  0.358826  0.264419  0.297122  0.370805  0.720480  0.412514  0.519251  0.548897  0.389596  0.680549  0.543806  0.458681  0.387073  0.376619  0.636243  0.443113  0.376272  0.428122  0.481660  0.492105  0.424940  0.401346  0.370179  0.466205  0.488542  0.459210  0.463003  0.491849  0.608943  0.517379  0.335265  0.369879  0.417817  0.623470  0.577366  0.401789  0.430702  0.721625  0.689413  0.539020  0.284694  0.370177  0.456867  0.557250  0.449115  0.421978  0.308430  0.288885  0.449861  0.731055  0.411586  0.495733  0.644364  0.295230  0.343283  0.340345  0.482827  0.434811  0.687196  0.461175  0.533686  0.471951  0.638396  0.522994  0.409224  0.478239  0.441621  0.753029  0.457699  0.448628  0.434654  0.424989  0.413706  0.387923  0.342572  0.484042  0.475375  0.715595  0.436900  0.513865  0.380761  0.265668  0.361361  0.323077  0.581639  0.284738  0.507670  0.664866  0.410077  0.692995  0.350447  0.246161  0.337999  0.552395  0.342710  0.280212  0.273608  0.595752  0.576369  0.456816  0.433970  0.347847  0.587814  0.569884  0.545589  0.330019  0.374008  0.364043  0.580645  0.589752  0.521693  0.338833  0.622371  0.369278  0.580943  0.385041 
21  0.744072  0.647865  0.569446  0.729318  0.691778  0.678788  0.749902  0.775703  0.637260  0.829910  0.718053  0.778800  0.683755  0.650981  0.679228  0.700005  0.666754  0.659887  0.602846  0.716917  0.752921 0.0  0.770771  0.638025  0.640385  0.696246  0.708046  0.709642  0.797983  0.806372  0.752840  0.616603  0.559529  0.891439  0.529412  0.741053  0.711409  0.623794  0.664637  0.521057  0.668118  0.699509  0.700706  0.813376  0.691298  0.717914  0.742189  0.849759  0.697883  0.714025  0.709279  0.703304  0.656006  0.759320  0.728479  0.727805  0.620629  0.692904  0.528834  0.776937  0.669917  0.701909  0.742091  0.708593  0.683463  0.785357  0.722495  0.356434  0.601463  0.660799  0.633858  0.743213  0.724343  0.721180  0.760045  0.768120  0.750339  0.855242  0.796232  0.536382  0.710085  0.624288  0.668417  0.695443  0.834924  0.792272  0.677741  0.656991  0.549304  0.687186  0.695846  0.767077  0.806805  0.540229  0.657968  0.685874  0.621831  0.477536  0.699164  0.815943  0.666703  0.796021  0.746176  0.649219  0.797138  0.736901  0.864729  0.730359  0.855168  0.755241  0.740683  0.715010  0.695342  0.562689  0.682117  0.774628  0.682244  0.722731  0.851010  0.423464  0.647815  0.762500  0.628774  0.509544  0.693396  0.613743  0.742076  0.664688  0.650848  0.696027  0.790386  0.736694  0.692649  0.723478  0.808604  0.718524  0.669010  0.834452  0.788101  0.650003  0.685451  0.688624  0.713561  0.713118  0.694021  0.726794 
22  0.501901  0.807912  0.780193  0.612476  0.496892  0.764601  0.444507  0.373380  0.551674  0.410256  0.496640  0.374588  0.448840  0.673969  0.611256  0.396540  0.662088  0.510524  0.433787  0.554375  0.422384  0.770771 0.0  0.614485  0.807655  0.744391  0.351902  0.389974  0.285804  0.466144  0.482137  0.402005  0.488236  0.446368  0.757388  0.388776  0.331876  0.590147  0.502403  0.704756  0.616567  0.465726  0.437256  0.598471  0.595514  0.481236  0.493029  0.505631  0.470724  0.358475  0.434265  0.551826  0.602039  0.356752  0.570083  0.461271  0.261382  0.518615  0.599426  0.507251  0.515185  0.435173  0.313351  0.664329  0.355665  0.479589  0.422955  0.772149  0.707486  0.511791  0.504711  0.469209  0.391698  0.570341  0.425895  0.571929  0.480565  0.540421  0.554934  0.728357  0.228161  0.433765  0.751415  0.494603  0.483639  0.415318  0.384716  0.465522  0.620309  0.391092  0.389253  0.372448  0.625963  0.583621  0.511410  0.538857  0.504653  0.855197  0.403487  0.445556  0.307894  0.366194  0.456390  0.356588  0.506748  0.466365  0.317155  0.792287  0.512565  0.663031  0.352073  0.458760  0.441530  0.416925  0.497539  0.396785  0.558643  0.656308  0.454538  0.729935  0.407768  0.500923  0.394469  0.621165  0.410482  0.404644  0.446402  0.681449  0.624244  0.564419  0.326410  0.422313  0.551208  0.506105  0.611669  0.558557  0.374222  0.383232  0.397107  0.532741  0.403695  0.460892  0.646330  0.430834  0.422982  0.359051 
23  0.702868  0.450679  0.502024  0.742528  0.527155  0.773509  0.604058  0.634913  0.685153  0.565806  0.495624  0.556693  0.678271  0.614230  0.724145  0.565418  0.669515  0.511571  0.760623  0.649352  0.580724  0.638025  0.614485 0.0  0.656182  0.669809  0.597293  0.604051  0.651864  0.451603  0.585600  0.580117  0.569765  0.584129  0.701238  0.654447  0.595156  0.578277  0.597604  0.482926  0.587062  0.695459  0.783360  0.713104  0.642396  0.761216  0.433215  0.719941  0.743384  0.612762  0.776650  0.650071  0.657470  0.731512  0.670188  0.708436  0.528630  0.731568  0.671020  0.607365  0.648342  0.542889  0.579394  0.772144  0.609126  0.629528  0.742477  0.558773  0.551958  0.707914  0.695771  0.760988  0.646753  0.647513  0.572950  0.706733  0.576601  0.592216  0.453532  0.542298  0.599612  0.689808  0.617038  0.580536  0.575645  0.631356  0.661112  0.646744  0.722141  0.592828  0.600823  0.528065  0.714597  0.490243  0.613752  0.681711  0.743040  0.573441  0.639083  0.809196  0.560381  0.613125  0.631149  0.614540  0.660998  0.587447  0.625785  0.738575  0.729807  0.564450  0.594623  0.615663  0.587061  0.653936  0.538815  0.748192  0.625141  0.744840  0.633263  0.649672  0.691026  0.740758  0.685980  0.570472  0.733440  0.591653  0.609657  0.660612  0.711930  0.632583  0.578380  0.718566  0.800812  0.682776  0.648377  0.630593  0.488800  0.587087  0.641014  0.595269  0.653830  0.603140  0.712309  0.600318  0.447027  0.581272 
24  0.706580  0.865446  0.727705  0.575976  0.712444  0.627630  0.629331  0.781540  0.741623  0.626807  0.695261  0.782437  0.732631  0.711897  0.693465  0.787014  0.662138  0.716963  0.611665  0.634881  0.802701  0.640385  0.807655  0.656182 0.0  0.405566  0.801097  0.692078  0.654113  0.766017  0.679017  0.756081  0.811143  0.749248  0.782088  0.747198  0.770331  0.602099  0.732413  0.771298  0.567426  0.556275  0.560109  0.667759  0.626966  0.629854  0.686809  0.629566  0.692237  0.812591  0.637123  0.767246  0.590272  0.720935  0.641745  0.660470  0.658335  0.606912  0.545882  0.867471  0.645616  0.675388  0.745928  0.634829  0.653026  0.584128  0.632356  0.792163  0.655316  0.620959  0.752624  0.732579  0.709127  0.670244  0.706374  0.650233  0.727038  0.713337  0.862441  0.787259  0.610118  0.740821  0.617533  0.740654  0.662656  0.645129  0.678251  0.663619  0.660499  0.694997  0.660258  0.664492  0.631973  0.805838  0.628251  0.659233  0.743825  0.761474  0.759863  0.708970  0.712301  0.644585  0.730871  0.899893  0.798641  0.769699  0.658560  0.772120  0.686690  0.961016  0.735547  0.758772  0.613218  0.690380  0.827950  0.696351  0.657313  0.671366  0.618857  0.724512  0.691740  0.667953  0.774423  0.618445  0.740936  0.739801  0.698743  0.732948  0.729653  0.864835  0.905691  0.574059  0.610140  0.754756  0.674623  0.631783  0.644519  0.610901  0.727173  0.463582  0.617424  0.825983  0.733905  0.681272  0.896872  0.662323 
25  0.650626  0.648321  0.644283  0.687308  0.641396  0.610257  0.716492  0.667257  0.556551  0.746481  0.726538  0.606667  0.662553  0.716062  0.686593  0.683453  0.556530  0.571197  0.725860  0.544581  0.620504  0.696246  0.744391  0.669809  0.405566 0.0  0.759226  0.636258  0.736208  0.822337  0.631222  0.675274  0.700480  0.646043  0.675725  0.808379  0.609535  0.422090  0.641256  0.705660  0.561667  0.596050  0.633605  0.695392  0.796229  0.588466  0.810011  0.602329  0.688633  0.728514  0.732428  0.692371  0.628832  0.754503  0.631699  0.709005  0.653443  0.558355  0.470015  0.861860  0.652775  0.670676  0.676695  0.671860  0.718988  0.637969  0.767281  0.756896  0.576726  0.675337  0.638308  0.661156  0.621407  0.661775  0.728884  0.523287  0.644599  0.620049  0.741181  0.713956  0.636367  0.626160  0.530408  0.720290  0.578439  0.737548  0.575024  0.816395  0.592016  0.753039  0.728677  0.760585  0.726360  0.591520  0.604235  0.589796  0.682687  0.636612  0.621037  0.654915  0.604709  0.683790  0.726504  0.744768  0.601584  0.706026  0.694015  0.771311  0.696506  0.744207  0.667781  0.728298  0.727284  0.500847  0.694925  0.625164  0.427474  0.687159  0.544654  0.703587  0.636879  0.882125  0.624820  0.629634  0.758250  0.763592  0.634143  0.596798  0.543760  0.778484  0.615745  0.768901  0.638847  0.658313  0.621470  0.646401  0.757761  0.669160  0.753019  0.435467  0.647378  0.719492  0.640517  0.614459  0.708106  0.710845 
26  0.492763  0.736641  0.792913  0.579083  0.451622  0.659674  0.530769  0.320518  0.461822  0.270182  0.702185  0.361026  0.560998  0.793788  0.547887  0.396878  0.547543  0.617332  0.521313  0.705172  0.415863  0.708046  0.351902  0.597293  0.801097  0.759226 0.0  0.347308  0.378614  0.464391  0.409582  0.317370  0.547416  0.388349  0.738825  0.434681  0.422134  0.577844  0.371543  0.782124  0.676945  0.544735  0.564964  0.485760  0.680003  0.541662  0.351163  0.558073  0.265086  0.423274  0.524624  0.367430  0.537175  0.483960  0.632865  0.380931  0.395394  0.474815  0.560867  0.509897  0.488018  0.527149  0.298069  0.622829  0.446595  0.562547  0.515786  0.782429  0.584602  0.503661  0.470864  0.478055  0.429132  0.563333  0.417991  0.433133  0.408100  0.402432  0.465607  0.682406  0.279370  0.280645  0.643183  0.387761  0.474369  0.431564  0.379323  0.202437  0.568338  0.325425  0.444289  0.359007  0.614647  0.544956  0.570385  0.577166  0.345474  0.706651  0.409121  0.292271  0.381764  0.312123  0.348686  0.340743  0.342775  0.317739  0.343332  0.823441  0.628195  0.570311  0.367288  0.460950  0.444852  0.403420  0.525339  0.490774  0.626080  0.536380  0.434760  0.798200  0.357341  0.349372  0.347842  0.590480  0.348005  0.445035  0.416209  0.579321  0.604813  0.542859  0.231747  0.324217  0.536382  0.466777  0.717405  0.476153  0.428117  0.302407  0.256888  0.663220  0.377678  0.490515  0.735197  0.343685  0.416429  0.421249 
