146
0 0.0  0.852797  0.786077  0.283964  0.350681  0.662300  0.253135  0.546421  0.572747  0.478225  0.459999  0.561503  0.396775  0.788000  0.420783  0.379379  0.698881  0.799258  0.597992  0.614783  0.446657  0.835325  0.440992  0.686908  0.677763  0.709746  0.519935  0.415385  0.429358  0.445532  0.513878  0.503910  0.472230  0.643112  0.805935  0.525710  0.558651  0.667040  0.449547  0.752060  0.721594  0.431291  0.338579  0.423741  0.629512  0.438244  0.454451  0.452609  0.556911  0.476513  0.451579  0.491102  0.334355  0.339235  0.477206  0.588822  0.532042  0.464963  0.712563  0.587257  0.367731  0.399522  0.521912  0.632569  0.539463  0.428533  0.434914  0.795754  0.738559  0.456037  0.384265  0.459538  0.613046  0.538111  0.492378  0.279102  0.409071  0.400478  0.601045  0.862620  0.493256  0.545898  0.724613  0.352415  0.565019  0.459669  0.491047  0.548941  0.676061  0.488148  0.530887  0.593057  0.596189  0.618051  0.451475  0.584462  0.543876  0.921373  0.420904  0.512243  0.607373  0.490237  0.544827  0.431557  0.429658  0.504168  0.541311  0.795284  0.445955  0.634277  0.482250  0.468200  0.451826  0.482164  0.625969  0.356639  0.538528  0.419804  0.498315  0.810330  0.608035  0.374776  0.408094  0.594878  0.498613  0.477289  0.485364  0.369605  0.716059  0.505244  0.478364  0.332960  0.555085  0.709115  0.734016  0.301606  0.526411  0.525055  0.448986  0.629535  0.392968  0.475237  0.667070  0.409898  0.662075  0.408929 
1  0.852797 0.0  0.286017  0.886031  0.747316  0.791141  0.707997  0.795133  0.709892  0.733952  0.793940  0.724318  0.801342  0.658545  0.756227  0.868522  0.746212  0.623729  0.829230  0.728549  0.672559  0.627375  0.855531  0.483602  0.913321  0.833764  0.702290  0.805515  0.790047  0.779357  0.783882  0.804366  0.836768  0.806603  0.684460  0.688254  0.668775  0.750475  0.747017  0.368143  0.707898  0.842773  0.794463  0.800302  0.630679  0.857233  0.702814  0.981157  0.707007  0.730110  0.795640  0.722484  0.802618  0.794087  0.826000  0.861529  0.793386  0.737845  0.698694  0.764076  0.895293  0.844210  0.793449  0.720328  0.761056  0.790494  0.790035  0.651001  0.840843  0.754865  0.802762  0.792424  0.774916  0.889667  0.861326  0.805053  0.759894  0.731740  0.612682  0.456286  0.732336  0.849069  0.721746  0.820692  0.700454  0.801232  0.668647  0.868219  0.588356  0.754851  0.735954  0.741570  0.872061  0.476924  0.760650  0.685483  0.879579  0.527103  0.767673  0.802610  0.661647  0.856372  0.748113  0.814312  0.784479  0.868074  0.847364  0.691614  0.851543  0.670080  0.791485  0.783868  0.736376  0.700415  0.754004  0.703474  0.656865  0.905994  0.782589  0.528216  0.781123  0.768498  0.759160  0.670224  0.745683  0.759824  0.726565  0.727755  0.674963  0.810464  0.740942  0.870338  0.723006  0.710362  0.733723  0.703521  0.752666  0.700132  0.820378  0.682106  0.870833  0.782966  0.748952  0.707295  0.621267  0.684150 
2  0.786077  0.286017 0.0  0.968208  0.792498  0.750195  0.806560  0.745170  0.907159  0.742189  0.753378  0.738018  0.883435  0.733935  0.845370  0.815654  0.727340  0.626595  0.905618  0.772530  0.773388  0.594388  0.772751  0.580923  0.873932  0.854253  0.740694  0.798399  0.755721  0.670101  0.790418  0.738974  0.837717  0.801136  0.610689  0.793763  0.703636  0.634327  0.838958  0.287835  0.696806  0.801574  0.782552  0.790948  0.744228  0.809724  0.791707  0.899878  0.718089  0.741699  0.867252  0.841430  0.776642  0.954548  0.886499  0.895156  0.749003  0.794267  0.737773  0.791803  0.832299  0.687794  0.769772  0.840184  0.763441  0.764463  0.917949  0.656988  0.737960  0.768552  0.778340  0.805321  0.863721  0.788371  0.724284  0.892492  0.703630  0.812863  0.628421  0.454226  0.770321  0.793346  0.838446  0.801001  0.710728  0.839053  0.741230  0.932914  0.626528  0.798023  0.759837  0.789754  0.905980  0.443136  0.773964  0.751345  0.873503  0.601874  0.865169  0.816500  0.822009  0.814714  0.732680  0.726981  0.822884  0.772270  0.778270  0.666843  0.789208  0.607563  0.714308  0.760718  0.754624  0.907352  0.705363  0.751171  0.596517  0.888107  0.701644  0.526136  0.801182  0.742442  0.695422  0.626676  0.872808  0.710722  0.772907  0.750643  0.830244  0.806213  0.801558  0.807310  0.804638  0.740751  0.768733  0.694787  0.797188  0.785531  0.886957  0.620371  0.812692  0.838987  0.743152  0.717662  0.589568  0.653010 
3  0.283964  0.886031  0.968208 0.0  0.511079  0.602378  0.434245  0.518716  0.436881  0.546141  0.568068  0.568721  0.421368  0.713186  0.334892  0.379237  0.727301  0.706408  0.480787  0.583065  0.353217  0.729283  0.483064  0.695756  0.663919  0.659293  0.534203  0.478409  0.432076  0.474079  0.581997  0.421081  0.431909  0.555333  0.845282  0.504965  0.573943  0.653288  0.404872  0.846100  0.628268  0.469594  0.351283  0.287404  0.672453  0.464720  0.409440  0.290809  0.532440  0.504239  0.268540  0.585783  0.344328  0.554099  0.593411  0.491468  0.430560  0.533422  0.550373  0.610908  0.242632  0.501732  0.486862  0.684955  0.536418  0.320420  0.284412  0.843436  0.890579  0.448644  0.371240  0.330844  0.496751  0.433386  0.507330  0.306135  0.394513  0.574471  0.524837  0.805177  0.525970  0.508713  0.555314  0.449857  0.444633  0.438571  0.579290  0.546003  0.725198  0.632358  0.442352  0.652468  0.457483  0.676878  0.332419  0.598741  0.478906  0.852025  0.575957  0.602089  0.378754  0.519619  0.432331  0.435637  0.610079  0.491028  0.561661  0.800913  0.334347  0.567690  0.399061  0.544562  0.419892  0.438376  0.574416  0.456801  0.555401  0.482774  0.468224  0.948307  0.524631  0.361160  0.559797  0.676091  0.553873  0.436199  0.351701  0.690602  0.764491  0.603468  0.492888  0.238935  0.535406  0.627343  0.703439  0.431748  0.585727  0.523352  0.385953  0.562521  0.574202  0.557182  0.633338  0.599113  0.600969  0.463147 
4  0.350681  0.747316  0.792498  0.511079 0.0  0.670900  0.428333  0.382976  0.610705  0.528674  0.422023  0.470344  0.466687  0.703886  0.532454  0.441361  0.693989  0.669919  0.502020  0.516881  0.262582  0.737100  0.423489  0.671099  0.690134  0.697727  0.319916  0.465687  0.445941  0.447002  0.433997  0.362153  0.279548  0.477597  0.910283  0.434874  0.437524  0.575476  0.325975  0.717932  0.579577  0.567808  0.409861  0.537191  0.580348  0.414778  0.417086  0.491916  0.453897  0.385651  0.498686  0.447786  0.390429  0.439787  0.571223  0.470003  0.487645  0.515451  0.462718  0.523542  0.488550  0.320172  0.417888  0.556089  0.370768  0.388519  0.542865  0.656941  0.644746  0.562874  0.518001  0.383462  0.538353  0.525628  0.364558  0.472267  0.307931  0.369751  0.524513  0.800933  0.497429  0.423552  0.697997  0.325198  0.492981  0.499607  0.477530  0.427091  0.553925  0.518017  0.470981  0.514799  0.604789  0.705199  0.412081  0.610476  0.534067  0.835421  0.428876  0.413911  0.366531  0.372318  0.493392  0.505277  0.463215  0.478493  0.423187  0.791730  0.478517  0.403819  0.335627  0.374809  0.269845  0.286302  0.574744  0.444408  0.568553  0.564330  0.410561  0.777825  0.499886  0.449242  0.361356  0.635218  0.522637  0.297680  0.309004  0.590511  0.619326  0.541259  0.384289  0.408127  0.558934  0.489587  0.597830  0.366143  0.462670  0.368475  0.518335  0.599139  0.589655  0.353496  0.714533  0.396367  0.587777  0.456028 
5  0.662300  0.791141  0.750195  0.602378  0.670900 0.0  0.575738  0.563317  0.572269  0.662890  0.780228  0.696318  0.601780  0.804208  0.516801  0.742727  0.657373  0.666889  0.562375  0.412472  0.625091  0.756103  0.689699  0.692294  0.633491  0.722723  0.753211  0.588031  0.588734  0.700170  0.604673  0.614746  0.667791  0.713492  0.826721  0.739256  0.756179  0.648638  0.673987  0.787865  0.650515  0.462685  0.480316  0.619664  0.694568  0.552679  0.655665  0.555499  0.660164  0.563618  0.633458  0.734964  0.596991  0.615779  0.494726  0.590754  0.680387  0.494958  0.587244  0.727874  0.392472  0.582695  0.660245  0.732571  0.654188  0.561305  0.532725  0.881004  0.663700  0.491467  0.647144  0.556678  0.578082  0.487024  0.606453  0.590782  0.689710  0.776804  0.751544  0.823074  0.735153  0.608536  0.654021  0.629639  0.673089  0.737278  0.467293  0.608204  0.565841  0.557249  0.636272  0.647079  0.267725  0.617424  0.537906  0.271772  0.722376  0.911778  0.712627  0.606361  0.800271  0.628469  0.686320  0.804710  0.716532  0.588248  0.648900  0.825857  0.541016  0.796754  0.580552  0.599896  0.622947  0.700079  0.744042  0.643961  0.564642  0.519425  0.604731  0.855634  0.607627  0.662701  0.656034  0.541431  0.564668  0.636806  0.541001  0.627581  0.688464  0.683652  0.649993  0.574172  0.512721  0.518187  0.746919  0.591022  0.632988  0.599680  0.621071  0.710320  0.580070  0.672384  0.589964  0.698914  0.788722  0.573794 
6  0.253135  0.707997  0.806560  0.434245  0.428333  0.575738 0.0  0.428924  0.580899  0.548382  0.384993  0.565685  0.462126  0.694925  0.566836  0.415625  0.592156  0.626595  0.437674  0.536330  0.391018  0.768022  0.524813  0.679861  0.702215  0.657229  0.475486  0.562174  0.435745  0.386109  0.553373  0.376256  0.339725  0.586899  0.771672  0.424750  0.607225  0.567489  0.441106  0.667255  0.659706  0.461476  0.341269  0.307679  0.644103  0.503147  0.437299  0.350531  0.466147  0.510884  0.473274  0.528679  0.293215  0.577256  0.557760  0.505831  0.506328  0.389029  0.688885  0.708928  0.395214  0.434351  0.496329  0.642496  0.577113  0.328270  0.295388  0.724287  0.697470  0.482217  0.346448  0.323392  0.594750  0.471545  0.552602  0.354413  0.462022  0.392545  0.557664  0.895449  0.475884  0.491362  0.648086  0.402117  0.345455  0.355108  0.583060  0.485773  0.699160  0.540162  0.487318  0.560412  0.481593  0.676812  0.361600  0.643097  0.437844  0.717037  0.480038  0.567551  0.399965  0.504535  0.589832  0.501103  0.410778  0.582197  0.485631  0.853395  0.289822  0.584383  0.499098  0.444916  0.418613  0.389040  0.653794  0.484209  0.550510  0.496238  0.421188  0.832282  0.482165  0.338889  0.450553  0.697256  0.422744  0.338187  0.367101  0.602992  0.678056  0.584010  0.575795  0.429800  0.479972  0.548420  0.653122  0.341776  0.459710  0.513168  0.575259  0.719022  0.498384  0.425347  0.672992  0.396709  0.672070  0.414338 
7  0.546421  0.795133  0.745170  0.518716  0.382976  0.563317  0.428924 0.0  0.616006  0.326316  0.598195  0.398677  0.350506  0.612527  0.529457  0.374746  0.677015  0.635125  0.431452  0.612715  0.486867  0.798445  0.333586  0.607750  0.662500  0.617709  0.347873  0.357669  0.294123  0.473365  0.415999  0.448681  0.468908  0.394404  0.804813  0.480546  0.495760  0.614564  0.488343  0.739159  0.601577  0.515726  0.431532  0.589623  0.605226  0.609240  0.292129  0.476639  0.360539  0.307234  0.533739  0.455668  0.642198  0.528119  0.562382  0.416567  0.419054  0.521973  0.574795  0.352262  0.572940  0.487208  0.209722  0.667100  0.405275  0.544659  0.585719  0.805662  0.631775  0.424973  0.383736  0.518075  0.399912  0.535246  0.442124  0.498870  0.454433  0.434566  0.586757  0.826257  0.444233  0.388778  0.697779  0.389781  0.421003  0.353100  0.493830  0.309869  0.613801  0.440077  0.308503  0.520014  0.712711  0.642348  0.423938  0.645631  0.244661  0.832921  0.533822  0.258798  0.475758  0.210070  0.403240  0.355388  0.406946  0.329874  0.327851  0.856376  0.536557  0.563339  0.440095  0.439692  0.448575  0.444389  0.440913  0.369449  0.554440  0.465550  0.496617  0.749409  0.391607  0.450545  0.320895  0.549047  0.469454  0.427222  0.394242  0.523984  0.501917  0.624940  0.228205  0.541361  0.543307  0.497588  0.595093  0.574346  0.274631  0.367427  0.405632  0.634888  0.424606  0.503353  0.667412  0.349510  0.441549  0.440748 
8  0.572747  0.709892  0.907159  0.436881  0.610705  0.572269  0.580899  0.616006 0.0  0.559307  0.586142  0.412012  0.521724  0.654389  0.142160  0.579275  0.797373  0.562612  0.430164  0.484997  0.508585  0.730576  0.605339  0.671372  0.744765  0.661948  0.517353  0.529941  0.593016  0.642016  0.599759  0.532813  0.659127  0.629896  0.869887  0.549205  0.709213  0.787815  0.500540  0.763877  0.617296  0.338331  0.533256  0.529253  0.670166  0.428813  0.553488  0.596287  0.660432  0.551942  0.501303  0.663574  0.433725  0.582623  0.577639  0.412425  0.591171  0.434746  0.565026  0.672230  0.547041  0.444881  0.589232  0.733592  0.554225  0.465929  0.364236  0.824381  0.762897  0.450681  0.568089  0.434701  0.626362  0.192862  0.504821  0.562491  0.510130  0.528531  0.680558  0.746868  0.717152  0.638311  0.670955  0.531450  0.562003  0.545569  0.526673  0.626838  0.541805  0.668118  0.670639  0.653328  0.554692  0.605103  0.487542  0.520020  0.511823  0.882555  0.578308  0.606872  0.594383  0.686368  0.595749  0.549673  0.608280  0.600679  0.669061  0.781489  0.404429  0.700429  0.549431  0.618852  0.533323  0.526690  0.687522  0.542931  0.634368  0.394731  0.580068  0.916552  0.577042  0.648354  0.504826  0.607142  0.478203  0.585659  0.537353  0.466901  0.796955  0.648706  0.575121  0.477984  0.506274  0.644907  0.784812  0.479650  0.564638  0.512278  0.487080  0.646360  0.533618  0.494398  0.630685  0.517079  0.655961  0.507715 
9  0.478225  0.733952  0.742189  0.546141  0.528674  0.662890  0.548382  0.326316  0.559307 0.0  0.537310  0.316389  0.462082  0.718080  0.460145  0.324685  0.682080  0.649730  0.509531  0.537356  0.397566  0.695150  0.361236  0.682662  0.715222  0.686636  0.296608  0.390410  0.344573  0.647195  0.449527  0.529519  0.321277  0.458427  0.868426  0.366112  0.415018  0.539664  0.448031  0.725127  0.586531  0.600551  0.543329  0.479025  0.644595  0.653228  0.404305  0.600008  0.497771  0.259525  0.633786  0.502681  0.550031  0.290433  0.576651  0.439098  0.362943  0.597533  0.651257  0.497002  0.558035  0.423338  0.388561  0.663027  0.414870  0.503502  0.488132  0.866896  0.701006  0.399236  0.330445  0.467635  0.446843  0.507073  0.483206  0.604719  0.312290  0.474076  0.515364  0.681701  0.372036  0.429891  0.838317  0.404628  0.469306  0.590689  0.509000  0.411316  0.591343  0.439587  0.254916  0.416764  0.622970  0.785738  0.525493  0.532849  0.382139  0.971343  0.414538  0.451338  0.470043  0.293607  0.447710  0.495164  0.557439  0.337946  0.380523  0.766684  0.455390  0.564568  0.403612  0.362190  0.498660  0.530106  0.579471  0.320003  0.469510  0.594691  0.407053  0.842415  0.508730  0.392023  0.421089  0.583576  0.442634  0.378222  0.523764  0.456305  0.642402  0.561423  0.353957  0.404969  0.585804  0.498075  0.701940  0.556497  0.479470  0.470506  0.283506  0.580309  0.420222  0.459642  0.567893  0.489037  0.433562  0.417171 
10  0.459999  0.793940  0.753378  0.568068  0.422023  0.780228  0.384993  0.598195  0.586142  0.537310 0.0  0.550684  0.474579  0.730818  0.571553  0.461576  0.730063  0.651875  0.418221  0.649657  0.545251  0.865697  0.484781  0.610872  0.685944  0.810498  0.552177  0.554356  0.640159  0.535694  0.516175  0.505336  0.438967  0.516058  0.820212  0.513897  0.542720  0.695493  0.351396  0.601811  0.767929  0.450325  0.285131  0.396766  0.739536  0.493939  0.464460  0.498821  0.537880  0.633109  0.611096  0.497939  0.281557  0.611531  0.574781  0.592839  0.429203  0.486843  0.613116  0.530385  0.448488  0.576762  0.493065  0.731776  0.514426  0.324192  0.385443  0.642921  0.766000  0.495027  0.501088  0.546472  0.571754  0.604303  0.600662  0.245671  0.436807  0.407267  0.457464  0.716387  0.512201  0.604472  0.644304  0.408704  0.400363  0.578623  0.542613  0.554511  0.722468  0.454805  0.501105  0.499445  0.666189  0.614671  0.366950  0.591898  0.554165  0.718356  0.472956  0.523030  0.668488  0.607784  0.520142  0.497666  0.600145  0.618269  0.501590  0.787101  0.327644  0.591194  0.444994  0.545403  0.417678  0.449081  0.551901  0.545252  0.648482  0.532667  0.486210  0.632487  0.570195  0.400438  0.479025  0.752189  0.563578  0.417912  0.478186  0.681471  0.772803  0.494892  0.511008  0.469718  0.682428  0.646364  0.689872  0.368538  0.608966  0.648461  0.593682  0.780808  0.598772  0.479266  0.736864  0.535540  0.531065  0.535675 
11  0.561503  0.724318  0.738018  0.568721  0.470344  0.696318  0.565685  0.398677  0.412012  0.316389  0.550684 0.0  0.395386  0.781255  0.492318  0.362759  0.502538  0.620074  0.378066  0.510502  0.471645  0.715808  0.400822  0.692255  0.675890  0.721781  0.447709  0.493678  0.346606  0.498179  0.411622  0.391051  0.421900  0.501723  0.882483  0.344024  0.532123  0.642616  0.345614  0.776404  0.616270  0.558923  0.512379  0.488444  0.617027  0.470395  0.423668  0.394801  0.368695  0.366237  0.516471  0.238699  0.506960  0.429603  0.600567  0.464772  0.303331  0.503790  0.605273  0.455064  0.527274  0.423518  0.465848  0.554752  0.408780  0.426114  0.474901  0.727526  0.606732  0.451385  0.408092  0.511450  0.392112  0.597946  0.528252  0.521084  0.501480  0.502393  0.517849  0.770138  0.380841  0.429646  0.609719  0.492156  0.415655  0.480628  0.467535  0.382164  0.515438  0.387898  0.340051  0.400216  0.690791  0.511133  0.561892  0.551129  0.425451  0.749440  0.357007  0.485872  0.468726  0.414262  0.535839  0.382929  0.459788  0.504775  0.385357  0.852371  0.471442  0.610186  0.383572  0.402976  0.546169  0.480188  0.613598  0.416223  0.660820  0.556751  0.447216  0.753697  0.467838  0.204480  0.424916  0.673028  0.456892  0.413779  0.448545  0.604825  0.671385  0.594034  0.437747  0.424070  0.507805  0.502153  0.604833  0.504890  0.393828  0.493031  0.478040  0.630116  0.499996  0.421970  0.686969  0.472600  0.438930  0.331385 
12  0.396775  0.801342  0.883435  0.421368  0.466687  0.601780  0.462126  0.350506  0.521724  0.462082  0.474579  0.395386 0.0  0.805928  0.568448  0.537468  0.728346  0.648038  0.385466  0.594349  0.436513  0.827943  0.361272  0.713881  0.748040  0.727128  0.503657  0.468337  0.440316  0.407377  0.384460  0.428869  0.501764  0.449958  0.830302  0.284688  0.577910  0.620572  0.520864  0.680984  0.755805  0.473241  0.521760  0.432579  0.671216  0.419972  0.382352  0.377703  0.420530  0.385165  0.427386  0.553827  0.466460  0.443967  0.502795  0.343303  0.408876  0.525499  0.559473  0.550427  0.377477  0.444698  0.396315  0.580957  0.435372  0.460462  0.451893  0.727807  0.650306  0.487063  0.503869  0.457453  0.503426  0.466592  0.558663  0.489616  0.528584  0.547679  0.595026  0.728439  0.508643  0.461792  0.707454  0.400078  0.440712  0.442015  0.493918  0.411189  0.738842  0.518867  0.431426  0.533628  0.516569  0.690204  0.450410  0.623276  0.468527  0.805532  0.460353  0.345894  0.443584  0.426003  0.453295  0.498870  0.479214  0.383508  0.448389  0.851721  0.456322  0.497215  0.475912  0.473339  0.476593  0.489770  0.558948  0.316256  0.616478  0.556247  0.480903  0.720380  0.466821  0.437082  0.474020  0.599214  0.508758  0.427955  0.429589  0.620155  0.684296  0.430525  0.380720  0.421002  0.559969  0.642971  0.762568  0.499954  0.378263  0.542808  0.374987  0.691289  0.500083  0.459245  0.629098  0.386270  0.617659  0.482966 
13  0.788000  0.658545  0.733935  0.713186  0.703886  0.804208  0.694925  0.612527  0.654389  0.718080  0.730818  0.781255  0.805928 0.0  0.792528  0.875391  0.761993  0.698133  0.753428  0.652557  0.745156  0.645067  0.754113  0.471592  0.682279  0.561257  0.745100  0.766303  0.647217  0.699609  0.684060  0.693458  0.776485  0.767013  0.686281  0.650308  0.748957  0.572233  0.831938  0.582671  0.739384  0.645957  0.779052  0.791035  0.381939  0.728404  0.755970  0.765569  0.759381  0.750640  0.625664  0.615002  0.822897  0.798869  0.699843  0.705047  0.698952  0.678245  0.648179  0.791510  0.702071  0.710540  0.768463  0.835474  0.772918  0.745469  0.794201  0.711785  0.686164  0.623592  0.706597  0.769772  0.732901  0.652928  0.718735  0.635660  0.740625  0.657413  0.698011  0.659327  0.759229  0.718557  0.645180  0.666548  0.748890  0.711293  0.607237  0.744200  0.765604  0.801719  0.659450  0.815864  0.709287  0.618182  0.765313  0.692028  0.804080  0.664798  0.749458  0.759104  0.692296  0.750287  0.917189  0.778023  0.693826  0.741680  0.680305  0.721481  0.611708  0.683233  0.791184  0.677792  0.693368  0.713675  0.681985  0.721586  0.527503  0.749623  0.763672  0.710885  0.820577  0.734842  0.775008  0.593971  0.700476  0.768651  0.705271  0.680538  0.594726  0.695121  0.701127  0.772808  0.702084  0.665656  0.619268  0.750870  0.814936  0.697650  0.789368  0.603996  0.709373  0.655870  0.752115  0.752795  0.801076  0.744156 
14  0.420783  0.756227  0.845370  0.334892  0.532454  0.516801  0.566836  0.529457  0.142160  0.460145  0.571553  0.492318  0.568448  0.792528 0.0  0.601731  0.611574  0.627837  0.458288  0.436271  0.504602  0.707217  0.543874  0.677751  0.603348  0.684604  0.603797  0.522839  0.555350  0.596643  0.492687  0.606477  0.555767  0.639074  0.858001  0.539276  0.690807  0.705865  0.482943  0.738069  0.616857  0.390070  0.520831  0.526628  0.675138  0.553057  0.585437  0.438811  0.606175  0.577236  0.414164  0.617927  0.542397  0.546059  0.597112  0.371298  0.552149  0.558704  0.501742  0.678701  0.583539  0.576394  0.522854  0.631401  0.510906  0.456050  0.358296  0.879520  0.693991  0.493775  0.537375  0.502407  0.609565  0.284125  0.630741  0.511536  0.605217  0.592116  0.550991  0.813369  0.515495  0.486022  0.699973  0.543413  0.579759  0.594825  0.565736  0.599724  0.603578  0.523095  0.505025  0.622312  0.481363  0.701485  0.417628  0.631237  0.516178  0.841516  0.546702  0.497639  0.574042  0.465575  0.567148  0.622549  0.516754  0.616465  0.518571  0.845694  0.606452  0.711105  0.586710  0.464551  0.499854  0.415274  0.588549  0.549704  0.604529  0.438094  0.575124  0.823301  0.500347  0.583764  0.594148  0.599246  0.446001  0.483739  0.587176  0.496512  0.780146  0.664366  0.656685  0.499269  0.586810  0.595101  0.659740  0.437466  0.493121  0.541508  0.643769  0.672982  0.534472  0.537445  0.574376  0.578813  0.749235  0.495510 
15  0.379379  0.868522  0.815654  0.379237  0.441361  0.742727  0.415625  0.374746  0.579275  0.324685  0.461576  0.362759  0.537468  0.875391  0.601731 0.0  0.584367  0.524854  0.521986  0.529378  0.195694  0.672034  0.414258  0.681807  0.837429  0.792202  0.432959  0.461359  0.556394  0.382129  0.427878  0.475331  0.286549  0.456411  0.831119  0.352358  0.526400  0.608907  0.406936  0.770113  0.640172  0.441640  0.516761  0.460391  0.682845  0.467580  0.307736  0.437187  0.428967  0.483261  0.452471  0.448932  0.620515  0.584480  0.586860  0.558731  0.392075  0.607096  0.516393  0.587452  0.539279  0.380758  0.483065  0.700579  0.545376  0.564339  0.491026  0.750496  0.615924  0.480893  0.380846  0.395971  0.450569  0.603592  0.408862  0.494772  0.261330  0.394799  0.477442  0.821083  0.436621  0.532289  0.756555  0.309549  0.394553  0.297114  0.467654  0.517392  0.555496  0.502125  0.352798  0.495124  0.692868  0.674868  0.483756  0.509511  0.534678  0.763768  0.378621  0.546248  0.467343  0.328008  0.516689  0.372854  0.315019  0.539149  0.509322  0.661299  0.589787  0.530387  0.263633  0.432275  0.351730  0.484909  0.588457  0.375903  0.553271  0.544499  0.223558  0.715495  0.581894  0.439377  0.340160  0.551522  0.404646  0.290743  0.474106  0.626058  0.567720  0.385197  0.465643  0.343299  0.547697  0.477488  0.653328  0.432518  0.442783  0.495459  0.505261  0.480843  0.546320  0.318669  0.611796  0.439657  0.471697  0.442627 
16  0.698881  0.746212  0.727340  0.727301  0.693989  0.657373  0.592156  0.677015  0.797373  0.682080  0.730063  0.502538  0.728346  0.761993  0.611574  0.584367 0.0  0.718083  0.686095  0.640942  0.666470  0.616519  0.637524  0.699212  0.643623  0.613393  0.488406  0.641320  0.566983  0.823809  0.610568  0.619907  0.658194  0.667429  0.716435  0.690255  0.722027  0.745136  0.686442  0.704015  0.562691  0.700302  0.601737  0.690006  0.569914  0.774089  0.586566  0.663935  0.556277  0.588374  0.715978  0.721468  0.739009  0.733770  0.720700  0.643441  0.630403  0.669594  0.529806  0.723236  0.719137  0.496802  0.589607  0.691930  0.512270  0.632614  0.646984  0.717900  0.668209  0.639552  0.503782  0.561161  0.637109  0.638792  0.586701  0.771574  0.629425  0.665700  0.703221  0.700355  0.663194  0.761470  0.692252  0.655527  0.568086  0.700841  0.584930  0.664336  0.366895  0.689603  0.649312  0.843842  0.736809  0.595577  0.621601  0.628068  0.687562  0.803997  0.751252  0.839610  0.658442  0.653688  0.664776  0.610463  0.678729  0.795197  0.730305  0.785078  0.680477  0.767859  0.532048  0.544297  0.589373  0.611693  0.697784  0.519750  0.484486  0.733957  0.618013  0.721410  0.661455  0.637842  0.658605  0.609472  0.631962  0.688722  0.663274  0.637211  0.726150  0.733645  0.618011  0.669450  0.670704  0.567823  0.626784  0.700426  0.689094  0.617563  0.608935  0.488357  0.735314  0.696031  0.586852  0.651467  0.743824  0.633047 
17  0.799258  0.623729  0.626595  0.706408  0.669919  0.666889  0.626595  0.635125  0.562612  0.649730  0.651875  0.620074  0.648038  0.698133  0.627837  0.524854  0.718083 0.0  0.590185  0.578088  0.617874  0.601021  0.652020  0.593695  0.717399  0.598754  0.696548  0.691059  0.560230  0.606081  0.707906  0.729857  0.716253  0.722675  0.514104  0.608587  0.652452  0.575298  0.602079  0.601661  0.556946  0.666081  0.718533  0.691709  0.633255  0.650434  0.591750  0.726192  0.672833  0.681080  0.661216  0.712918  0.722433  0.773715  0.606388  0.661894  0.654188  0.786356  0.585719  0.634853  0.771462  0.652858  0.682476  0.609865  0.638981  0.696931  0.827899  0.721854  0.451634  0.683204  0.590148  0.578676  0.551764  0.739529  0.670735  0.647803  0.647730  0.669820  0.581393  0.572083  0.746055  0.732969  0.514731  0.618110  0.762643  0.621344  0.650022  0.611676  0.656596  0.701155  0.666864  0.526171  0.855893  0.534752  0.665686  0.664556  0.716936  0.634581  0.594766  0.740928  0.736287  0.545642  0.650054  0.685493  0.567470  0.712780  0.685387  0.776974  0.592987  0.610995  0.675421  0.671121  0.662193  0.593465  0.627775  0.668367  0.528251  0.631517  0.554314  0.577615  0.696092  0.663873  0.660882  0.537317  0.655797  0.625307  0.534664  0.630988  0.460717  0.535361  0.598193  0.589994  0.603325  0.601829  0.599977  0.568308  0.742545  0.698386  0.815778  0.775915  0.763233  0.676774  0.644793  0.618656  0.647526  0.593832 
18  0.597992  0.829230  0.905618  0.480787  0.502020  0.562375  0.437674  0.431452  0.430164  0.509531  0.418221  0.378066  0.385466  0.753428  0.458288  0.521986  0.686095  0.590185 0.0  0.531837  0.457904  0.696805  0.503896  0.665764  0.623171  0.641751  0.490528  0.528907  0.415872  0.557281  0.564024  0.579757  0.443671  0.589889  0.869994  0.409447  0.531356  0.591087  0.524150  0.863271  0.573039  0.522371  0.438732  0.482829  0.748292  0.428883  0.445746  0.422277  0.516609  0.542610  0.434330  0.576555  0.442115  0.525578  0.691211  0.378541  0.397135  0.457317  0.631126  0.626386  0.467433  0.551186  0.560014  0.752621  0.450803  0.423244  0.391175  0.887211  0.785373  0.519660  0.528729  0.442194  0.549923  0.530504  0.457989  0.443907  0.537693  0.609104  0.524811  0.816422  0.432598  0.336706  0.639163  0.562887  0.385709  0.454214  0.543890  0.577603  0.622327  0.529794  0.519362  0.513923  0.524345  0.630009  0.501948  0.703167  0.427173  0.791963  0.507563  0.389687  0.551626  0.411020  0.493539  0.527858  0.554108  0.513466  0.441569  0.798432  0.427366  0.523722  0.455369  0.556437  0.577471  0.526093  0.683176  0.466472  0.721404  0.420039  0.352736  0.761164  0.534727  0.524573  0.437859  0.644766  0.442205  0.427558  0.503307  0.605085  0.794633  0.610073  0.508506  0.546618  0.552110  0.647057  0.665187  0.426063  0.556352  0.497201  0.446064  0.566635  0.386474  0.398356  0.652070  0.529812  0.499609  0.571764 
19  0.614783  0.728549  0.772530  0.583065  0.516881  0.412472  0.536330  0.612715  0.484997  0.537356  0.649657  0.510502  0.594349  0.652557  0.436271  0.529378  0.640942  0.578088  0.531837 0.0  0.471433  0.685998  0.508275  0.629806  0.707031  0.613078  0.592467  0.482544  0.576235  0.613179  0.654712  0.577147  0.477292  0.654775  0.706912  0.522242  0.674083  0.581400  0.529363  0.792487  0.685755  0.370079  0.434068  0.558248  0.649383  0.593049  0.569767  0.542456  0.548283  0.544850  0.428689  0.554216  0.542130  0.533672  0.512735  0.558413  0.533460  0.440786  0.664808  0.684859  0.566751  0.471164  0.504266  0.744812  0.583126  0.597717  0.549392  0.695531  0.717251  0.461826  0.603689  0.524646  0.511838  0.412144  0.571881  0.580079  0.614338  0.504711  0.663978  0.794277  0.474695  0.517948  0.650548  0.494437  0.483007  0.578245  0.479425  0.591691  0.564528  0.379721  0.656128  0.662487  0.377174  0.700026  0.544819  0.397716  0.506624  0.774869  0.527452  0.534010  0.630604  0.525143  0.489233  0.548112  0.562951  0.583801  0.646116  0.775636  0.528349  0.563785  0.678139  0.630862  0.531116  0.557652  0.599531  0.421794  0.629997  0.377381  0.526157  0.861282  0.582193  0.478921  0.630614  0.664143  0.548978  0.590520  0.488765  0.411645  0.579149  0.615060  0.486851  0.641428  0.501667  0.532768  0.588369  0.506359  0.460732  0.484430  0.563594  0.654541  0.562851  0.502169  0.607274  0.620665  0.716532  0.558159 
20  0.446657  0.672559  0.773388  0.353217  0.262582  0.625091  0.391018  0.486867  0.508585  0.397566  0.545251  0.471645  0.436513  0.745156  0.504602  0.195694  0.666470  0.617874  0.457904  0.471433 0.0  0.696098  0.482163  0.646206  0.640606  0.672408  0.445735  0.388455  0.434413  0.400954  0.520604  0.385751  0.337843  0.349957  0.768767  0.354873  0.550957  0.598064  0.313048  0.820817  0.615736  0.509591  0.418060  0.492643  0.648244  0.378545  0.353791  0.397720  0.482004  0.484352  0.363422  0.400711  0.402794  0.494081  0.648537  0.518956  0.378906  0.544212  0.558293  0.518872  0.532422  0.404363  0.443481  0.634773  0.353396  0.398838  0.455222  0.752455  0.551131  0.521181  0.316184  0.439189  0.445661  0.593940  0.422544  0.489192  0.291700  0.340585  0.413071  0.709924  0.487512  0.546427  0.678540  0.288189  0.388732  0.347255  0.578281  0.395346  0.551806  0.530920  0.518961  0.512300  0.599645  0.602237  0.465235  0.557388  0.484342  0.773266  0.423362  0.558305  0.304633  0.410658  0.564503  0.397588  0.302805  0.450812  0.494692  0.863937  0.362872  0.494743  0.385788  0.350054  0.329920  0.313351  0.550725  0.364495  0.588631  0.470501  0.266272  0.730439  0.495580  0.336040  0.342439  0.643799  0.444768  0.418862  0.324714  0.651046  0.644320  0.475171  0.418771  0.408687  0.551928  0.457755  0.637309  0.436666  0.422636  0.509715  0.536541  0.489645  0.496994  0.419053  0.669620  0.394073  0.521669  0.384340 
21  0.835325  0.627375  0.594388  0.729283  0.737100  0.756103  0.768022  0.798445  0.730576  0.695150  0.865697  0.715808  0.827943  0.645067  0.707217  0.672034  0.616519  0.601021  0.696805  0.685998  0.696098 0.0  0.769252  0.578756  0.661322  0.694579  0.787876  0.775511  0.809869  0.693494  0.734458  0.731463  0.693087  0.853838  0.304576  0.774060  0.731354  0.727008  0.715483  0.471338  0.721723  0.858765  0.726184  0.691445  0.662054  0.710155  0.681834  0.625657  0.801085  0.813141  0.684195  0.716077  0.644809  0.815523  0.742349  0.768560  0.738187  0.706012  0.529049  0.715349  0.818978  0.690352  0.623238  0.831902  0.791238  0.699590  0.728811  0.387588  0.738462  0.639658  0.784950  0.758762  0.817795  0.660998  0.792523  0.750515  0.833522  0.727373  0.691582  0.543732  0.710829  0.753758  0.716645  0.696112  0.740695  0.774704  0.572394  0.681083  0.672706  0.755027  0.720505  0.653642  0.684502  0.634742  0.766011  0.656819  0.782134  0.602736  0.773449  0.762044  0.642465  0.685765  0.794780  0.779481  0.714792  0.804354  0.629473  0.666755  0.671188  0.779138  0.726486  0.775766  0.662650  0.675277  0.660157  0.667422  0.577751  0.690005  0.695950  0.438382  0.765533  0.688645  0.810175  0.631432  0.868111  0.731853  0.741752  0.735194  0.698836  0.680669  0.686272  0.720361  0.647679  0.817167  0.735674  0.680264  0.710776  0.725905  0.746072  0.677311  0.753817  0.681887  0.661102  0.789146  0.725123  0.666472 
22  0.440992  0.855531  0.772751  0.483064  0.423489  0.689699  0.524813  0.333586  0.605339  0.361236  0.484781  0.400822  0.361272  0.754113  0.543874  0.414258  0.637524  0.652020  0.503896  0.508275  0.482163  0.769252 0.0  0.513587  0.747569  0.657032  0.311441  0.435433  0.531603  0.541089  0.421839  0.503151  0.402067  0.363796  0.754943  0.451965  0.367762  0.643549  0.512983  0.805158  0.622063  0.557496  0.526764  0.633795  0.655457  0.523028  0.451245  0.527388  0.382904  0.394244  0.462338  0.397161  0.581336  0.398912  0.641634  0.529288  0.379468  0.443643  0.561143  0.345917  0.542331  0.413552  0.401023  0.616051  0.394839  0.505674  0.473869  0.733887  0.603542  0.544879  0.516272  0.564568  0.250040  0.459059  0.450128  0.545893  0.414562  0.459662  0.515609  0.746507  0.379656  0.540816  0.590672  0.414366  0.309844  0.477775  0.426677  0.313887  0.632809  0.311004  0.344058  0.422246  0.740021  0.586474  0.523035  0.474164  0.430439  0.775538  0.441447  0.434426  0.459251  0.463613  0.441552  0.411893  0.409382  0.530860  0.360949  0.766607  0.615260  0.516026  0.438437  0.392421  0.426499  0.393924  0.539522  0.493770  0.491356  0.647832  0.520844  0.800412  0.445293  0.418657  0.333631  0.638415  0.492067  0.427094  0.408115  0.602899  0.628561  0.537953  0.326244  0.503425  0.594042  0.551788  0.720599  0.463726  0.381712  0.400542  0.307856  0.515674  0.445162  0.471178  0.709978  0.363947  0.540381  0.510166 
23  0.686908  0.483602  0.580923  0.695756  0.671099  0.692294  0.679861  0.607750  0.671372  0.682662  0.610872  0.692255  0.713881  0.471592  0.677751  0.681807  0.699212  0.593695  0.665764  0.629806  0.646206  0.578756  0.513587 0.0  0.726573  0.596328  0.582287  0.654166  0.564235  0.568205  0.694840  0.672694  0.546255  0.626366  0.682153  0.610317  0.383672  0.638199  0.692901  0.616667  0.657094  0.721153  0.738037  0.729952  0.618492  0.709721  0.677740  0.778379  0.650515  0.552646  0.636699  0.675235  0.688327  0.705221  0.772122  0.606969  0.575953  0.710999  0.737861  0.676505  0.732623  0.608596  0.594748  0.693634  0.700538  0.782275  0.574408  0.548374  0.667542  0.585479  0.701167  0.652285  0.634321  0.674939  0.503168  0.619815  0.739898  0.608498  0.548042  0.478521  0.584473  0.775349  0.631058  0.703678  0.564895  0.606087  0.659201  0.643057  0.548580  0.729580  0.668229  0.540056  0.789600  0.595702  0.703000  0.641040  0.724296  0.619915  0.634566  0.707187  0.656674  0.608020  0.584630  0.520280  0.597136  0.708966  0.751677  0.686397  0.640206  0.537654  0.642802  0.648017  0.636027  0.692857  0.552592  0.678866  0.592347  0.670936  0.592620  0.623242  0.768400  0.699642  0.670970  0.689851  0.698244  0.594437  0.596584  0.753782  0.590659  0.645277  0.671031  0.695429  0.599311  0.724903  0.622681  0.673282  0.598219  0.636398  0.730641  0.479626  0.681834  0.650302  0.725206  0.574727  0.420217  0.695970 
24  0.677763  0.913321  0.873932  0.663919  0.690134  0.633491  0.702215  0.662500  0.744765  0.715222  0.685944  0.675890  0.748040  0.682279  0.603348  0.837429  0.643623  0.717399  0.623171  0.707031  0.640606  0.661322  0.747569  0.726573 0.0  0.350635  0.751478  0.785882  0.732107  0.747393  0.751568  0.751353  0.754699  0.751034  0.821195  0.653914  0.881023  0.524061  0.732396  0.876243  0.670009  0.695885  0.698914  0.638626  0.644669  0.689497  0.749543  0.571479  0.749874  0.700841  0.618929  0.799909  0.597645  0.708856  0.717073  0.668571  0.695161  0.612608  0.642574  0.825954  0.702009  0.783554  0.675016  0.720183  0.764468  0.631138  0.605818  0.805693  0.605041  0.630935  0.736478  0.619063  0.599620  0.605804  0.825545  0.579977  0.820333  0.738861  0.828089  0.773241  0.695866  0.720502  0.589328  0.720633  0.743755  0.711927  0.737516  0.743978  0.740065  0.752845  0.738978  0.926315  0.642547  0.741205  0.685507  0.776194  0.756758  0.691977  0.703795  0.711020  0.673904  0.787508  0.712408  0.720936  0.546106  0.759779  0.657290  0.822228  0.615331  0.801300  0.623467  0.642097  0.698158  0.653956  0.845418  0.747943  0.571251  0.646916  0.824344  0.836165  0.791750  0.679387  0.751505  0.589292  0.806657  0.771717  0.694694  0.637615  0.709747  0.865617  0.826207  0.681584  0.717605  0.660245  0.686952  0.806768  0.716191  0.585506  0.631094  0.449816  0.783941  0.659481  0.657858  0.665457  0.902759  0.680876 
25  0.709746  0.833764  0.854253  0.659293  0.697727  0.722723  0.657229  0.617709  0.661948  0.686636  0.810498  0.721781  0.727128  0.561257  0.684604  0.792202  0.613393  0.598754  0.641751  0.613078  0.672408  0.694579  0.657032  0.596328  0.350635 0.0  0.827539  0.589814  0.756739  0.700288  0.660567  0.698254  0.717919  0.755055  0.755652  0.661033  0.732681  0.473722  0.550065  0.851007  0.467750  0.708085  0.720739  0.682613  0.698864  0.716458  0.753246  0.704894  0.634882  0.546696  0.719994  0.706452  0.632343  0.788071  0.648272  0.620929  0.727084  0.522717  0.488326  0.823017  0.744689  0.698845  0.781043  0.621063  0.742782  0.673441  0.679637  0.759973  0.649326  0.575462  0.693080  0.635814  0.589012  0.635151  0.628660  0.765808  0.594090  0.700070  0.635102  0.650071  0.728986  0.712318  0.667240  0.765597  0.626968  0.673711  0.608902  0.752499  0.598544  0.599642  0.750768  0.895521  0.652520  0.704485  0.669712  0.612470  0.738005  0.755332  0.703246  0.662766  0.590665  0.753742  0.784068  0.658014  0.676554  0.664605  0.645440  0.802826  0.700370  0.754023  0.756543  0.595403  0.717261  0.686031  0.825840  0.694168  0.582766  0.679429  0.588074  0.766410  0.617587  0.738626  0.683848  0.583102  0.682798  0.691524  0.766612  0.570496  0.773191  0.658134  0.655771  0.714092  0.626652  0.683652  0.814153  0.669775  0.617895  0.760431  0.699677  0.481667  0.669693  0.646985  0.638164  0.619722  0.797332  0.780528 
26  0.519935  0.702290  0.740694  0.534203  0.319916  0.753211  0.475486  0.347873  0.517353  0.296608  0.552177  0.447709  0.503657  0.745100  0.603797  0.432959  0.488406  0.696548  0.490528  0.592467  0.445735  0.787876  0.311441  0.582287  0.751478  0.827539 0.0  0.398860  0.258207  0.440546  0.390148  0.389815  0.457682  0.376303  0.851380  0.458666  0.429618  0.680651  0.403104  0.853040  0.648700  0.537109  0.433455  0.487417  0.543525  0.472684  0.409478  0.534069  0.356311  0.310641  0.540201  0.423540  0.561321  0.321179  0.531835  0.250921  0.380591  0.474319  0.617840  0.481380  0.512305  0.529368  0.334512  0.641618  0.423397  0.514246  0.604575  0.620645  0.683630  0.575696  0.453585  0.430278  0.366481  0.630403  0.356829  0.546489  0.492854  0.384392  0.362712  0.845855  0.334406  0.330905  0.712741  0.391293  0.450112  0.365293  0.318781  0.205550  0.379108  0.426988  0.428490  0.386094  0.603002  0.653121  0.555779  0.556202  0.402249  0.773305  0.324444  0.429994  0.372650  0.275913  0.474044  0.418392  0.416156  0.405377  0.167401  0.778102  0.479668  0.552322  0.548717  0.358452  0.468180  0.430686  0.516869  0.502739  0.486954  0.565926  0.334852  0.734472  0.412185  0.380847  0.329267  0.548330  0.435008  0.492187  0.466222  0.731566  0.595866  0.625820  0.356646  0.430338  0.504201  0.604225  0.552934  0.430857  0.418108  0.451153  0.428846  0.516610  0.404865  0.458011  0.588672  0.350158  0.440143  0.421013 
