146
0 0.0  0.765463  0.863670  0.439798  0.490795  0.563244  0.260753  0.448474  0.537874  0.509430  0.468281  0.462654  0.450414  0.744966  0.510678  0.514918  0.738473  0.745473  0.450844  0.506593  0.314486  0.725800  0.559995  0.682621  0.650152  0.587294  0.494393  0.590638  0.384995  0.567877  0.504027  0.456799  0.493520  0.560986  0.833442  0.506143  0.673656  0.600745  0.423032  0.769681  0.686610  0.529664  0.415456  0.388890  0.587422  0.556311  0.444695  0.529250  0.512496  0.448941  0.392421  0.551733  0.321886  0.294524  0.616776  0.491846  0.528666  0.500493  0.545915  0.618912  0.458729  0.400185  0.525738  0.560909  0.447457  0.450284  0.401459  0.795304  0.636754  0.557526  0.321934  0.353791  0.486166  0.533215  0.609007  0.345731  0.455936  0.414602  0.507029  0.945769  0.453300  0.429757  0.655655  0.475717  0.453378  0.411216  0.538788  0.447815  0.676735  0.492499  0.505167  0.543517  0.654562  0.622133  0.283462  0.695782  0.458645  0.869417  0.513058  0.466039  0.644523  0.447391  0.544558  0.608244  0.391948  0.338627  0.507887  0.838576  0.443621  0.626900  0.519241  0.533215  0.517897  0.517143  0.636629  0.559622  0.636839  0.508221  0.467205  0.816562  0.494830  0.358419  0.434717  0.651443  0.514118  0.486341  0.447097  0.662718  0.603035  0.540424  0.429054  0.358014  0.584509  0.550926  0.658510  0.340982  0.601159  0.463781  0.524477  0.606970  0.419789  0.469705  0.700578  0.431099  0.708586  0.489717 
1  0.765463 0.0  0.270724  0.654452  0.831969  0.874681  0.764619  0.847382  0.839229  0.726438  0.720780  0.823040  0.902575  0.695759  0.777739  0.744646  0.599490  0.613429  0.887205  0.785148  0.663354  0.685049  0.758403  0.540081  0.779992  0.744277  0.753139  0.810654  0.739156  0.662928  0.794382  0.787075  0.718834  0.738554  0.554061  0.829572  0.635790  0.613927  0.739298  0.349698  0.811701  0.889291  0.924518  0.841033  0.759036  0.778184  0.690282  0.801767  0.793306  0.814056  0.837202  0.698833  0.816879  0.963692  0.656404  0.795583  0.735530  0.685986  0.694329  0.818332  0.828640  0.727789  0.668056  0.856476  0.765911  0.866772  0.831903  0.670949  0.670055  0.741770  0.807159  0.825801  0.802140  0.728382  0.705312  0.883302  0.767881  0.807004  0.730284  0.472538  0.721106  0.897841  0.704243  0.729165  0.758503  0.809072  0.758153  0.759121  0.751774  0.750423  0.688625  0.761261  0.751903  0.459596  0.820836  0.723358  0.845699  0.414023  0.749425  0.938954  0.785210  0.770595  0.751281  0.853045  0.654696  0.847150  0.838864  0.583109  0.863931  0.612217  0.761191  0.734449  0.714943  0.824664  0.745589  0.802870  0.700601  0.793813  0.802443  0.488549  0.722293  0.765917  0.759886  0.436498  0.639646  0.905526  0.661475  0.721841  0.749812  0.658148  0.810973  0.687403  0.716885  0.707229  0.756556  0.817118  0.813158  0.680064  0.829982  0.587831  0.851501  0.786057  0.820345  0.783845  0.758870  0.683147 
2  0.863670  0.270724 0.0  0.875010  0.766612  0.848709  0.773083  0.709079  0.864101  0.719885  0.709181  0.792464  0.865510  0.559103  0.757982  0.774670  0.695906  0.649868  0.892565  0.758486  0.644452  0.686556  0.742826  0.592744  0.845565  0.803125  0.846059  0.848006  0.791381  0.654629  0.709355  0.842876  0.752331  0.784425  0.769217  0.699038  0.674397  0.715635  0.836848  0.394356  0.690195  0.868261  0.864222  0.750813  0.748125  0.904039  0.774709  0.889556  0.723589  0.766576  0.846420  0.821522  0.925114  0.810313  0.793141  0.972567  0.750385  0.706581  0.728407  0.815857  0.841101  0.714399  0.711573  0.769574  0.780118  0.896910  0.902000  0.584594  0.771035  0.762506  0.829580  0.765633  0.766834  0.883287  0.694600  0.894498  0.643651  0.805672  0.568248  0.590667  0.721528  0.857442  0.815929  0.790144  0.775776  0.817997  0.594133  0.793686  0.722821  0.737937  0.698477  0.614776  0.855501  0.503480  0.894379  0.807783  0.929422  0.560940  0.732272  0.865366  0.792620  0.750391  0.888081  0.793400  0.830247  0.864146  0.828239  0.744536  0.830902  0.648140  0.794122  0.785359  0.823344  0.839421  0.715744  0.896117  0.706807  0.845057  0.671106  0.652060  0.799570  0.870982  0.772737  0.552060  0.885877  0.716756  0.705098  0.877956  0.781404  0.799035  0.769962  0.796906  0.765510  0.646012  0.735969  0.818852  0.922194  0.622385  0.825591  0.779076  0.851196  0.719248  0.784218  0.679418  0.576153  0.688027 
3  0.439798  0.654452  0.875010 0.0  0.374523  0.602862  0.379640  0.541631  0.515294  0.496933  0.460897  0.577279  0.587649  0.656828  0.443871  0.494780  0.700522  0.722620  0.463656  0.568777  0.441177  0.750849  0.438368  0.708450  0.606075  0.729976  0.444780  0.512413  0.460446  0.503673  0.480764  0.462653  0.517264  0.612936  0.865932  0.453708  0.558356  0.667452  0.574503  0.724949  0.669438  0.351566  0.338268  0.347847  0.695959  0.363248  0.488616  0.330015  0.580081  0.655915  0.329720  0.524015  0.371013  0.567779  0.565211  0.506756  0.457741  0.438932  0.570919  0.648329  0.454402  0.428866  0.543018  0.664290  0.493061  0.312512  0.294982  0.828539  0.745240  0.499007  0.458458  0.514918  0.573752  0.449501  0.527973  0.363558  0.419558  0.415981  0.625651  0.780277  0.481431  0.531722  0.616546  0.370844  0.481020  0.433512  0.432108  0.592610  0.670640  0.655773  0.539859  0.557366  0.481736  0.642192  0.330090  0.738382  0.509653  0.920650  0.462824  0.506986  0.585649  0.441802  0.565703  0.520613  0.537228  0.473721  0.470553  0.867447  0.252122  0.630346  0.498472  0.523118  0.383476  0.468419  0.623846  0.422561  0.646963  0.451325  0.419492  0.855986  0.560548  0.450253  0.394563  0.650137  0.459615  0.517950  0.549385  0.504903  0.699310  0.493973  0.576180  0.364606  0.519667  0.596388  0.669329  0.319141  0.482533  0.504350  0.447626  0.642347  0.536779  0.582236  0.635466  0.679529  0.704546  0.554328 
4  0.490795  0.831969  0.766612  0.374523 0.0  0.693769  0.370582  0.347656  0.550244  0.520928  0.479635  0.440450  0.377023  0.780599  0.599881  0.507787  0.676132  0.648334  0.525335  0.508455  0.343788  0.691468  0.401401  0.718738  0.724171  0.674885  0.423514  0.502211  0.479903  0.411057  0.440852  0.394018  0.318729  0.513966  0.846531  0.453654  0.589687  0.656609  0.270840  0.784487  0.489406  0.571036  0.523027  0.504144  0.649931  0.546194  0.399120  0.490379  0.425991  0.462572  0.563678  0.443946  0.647514  0.537601  0.548544  0.601483  0.373480  0.531646  0.595885  0.502215  0.491871  0.433546  0.519783  0.687598  0.570493  0.488944  0.483339  0.752644  0.772061  0.539988  0.442790  0.382782  0.448227  0.553363  0.443682  0.508031  0.236766  0.326598  0.486445  0.742752  0.521038  0.487098  0.720868  0.358822  0.346134  0.561783  0.457841  0.481136  0.552950  0.502985  0.491315  0.498917  0.572722  0.674514  0.521871  0.585959  0.432683  0.734302  0.392786  0.525910  0.484164  0.457452  0.410135  0.430062  0.445673  0.585614  0.422997  0.723218  0.489182  0.471326  0.422428  0.407288  0.265398  0.486737  0.479323  0.373339  0.510266  0.546248  0.325938  0.811520  0.528568  0.394874  0.441036  0.667168  0.379873  0.357728  0.320218  0.508755  0.657888  0.432610  0.483092  0.362867  0.529722  0.509443  0.678658  0.445767  0.478386  0.488802  0.477847  0.593372  0.568085  0.324405  0.630001  0.394539  0.552525  0.349168 
5  0.563244  0.874681  0.848709  0.602862  0.693769 0.0  0.701274  0.705892  0.521622  0.701056  0.680327  0.706628  0.644911  0.768948  0.541087  0.639069  0.643164  0.617006  0.513224  0.314075  0.605725  0.716124  0.809304  0.658276  0.516101  0.629305  0.671199  0.654393  0.615814  0.709407  0.731620  0.756651  0.696826  0.658511  0.833221  0.652445  0.751592  0.693223  0.782268  0.725103  0.565426  0.463767  0.543200  0.527502  0.630737  0.573615  0.608835  0.558871  0.658895  0.550042  0.498413  0.729322  0.550168  0.625457  0.543587  0.546531  0.621753  0.486033  0.552823  0.804499  0.599891  0.555037  0.710731  0.687244  0.610081  0.563523  0.594851  0.775380  0.643269  0.458252  0.572951  0.540021  0.796690  0.558779  0.607114  0.582763  0.601760  0.752883  0.673652  0.783333  0.712190  0.674244  0.659927  0.599696  0.544199  0.718287  0.482983  0.626391  0.536993  0.734144  0.640535  0.817939  0.297798  0.803471  0.600152  0.428840  0.669128  0.878184  0.661757  0.622034  0.600372  0.600795  0.551019  0.702688  0.712371  0.630971  0.599637  0.815610  0.561778  0.740141  0.598393  0.738805  0.668245  0.597588  0.758223  0.627699  0.602554  0.455964  0.482061  0.840095  0.518050  0.738454  0.648225  0.741439  0.511597  0.634963  0.616244  0.484464  0.698761  0.756485  0.674222  0.553552  0.426392  0.618782  0.707851  0.590805  0.778512  0.575400  0.598756  0.687916  0.646624  0.703316  0.618219  0.707216  0.837844  0.584175 
6  0.260753  0.764619  0.773083  0.379640  0.370582  0.701274 0.0  0.483354  0.449631  0.474322  0.422830  0.353787  0.544627  0.853619  0.567925  0.352442  0.706733  0.693602  0.513595  0.555753  0.303780  0.738676  0.261852  0.627017  0.610980  0.702739  0.524726  0.477592  0.377795  0.393020  0.464156  0.506420  0.365204  0.551977  0.789450  0.392524  0.566368  0.631738  0.382581  0.804829  0.619062  0.426796  0.386245  0.314252  0.783331  0.408457  0.473604  0.325420  0.388296  0.446344  0.512518  0.500975  0.278174  0.492338  0.496403  0.554933  0.428686  0.463947  0.514915  0.568366  0.515001  0.456544  0.551094  0.572295  0.602856  0.279735  0.332658  0.902372  0.634730  0.445683  0.368409  0.503816  0.580230  0.447655  0.520794  0.454064  0.410773  0.436297  0.564344  0.773898  0.448257  0.495139  0.746421  0.460978  0.349438  0.430710  0.558530  0.539988  0.547834  0.566090  0.531079  0.589319  0.657607  0.642110  0.306628  0.569002  0.479409  0.795115  0.506625  0.480737  0.501776  0.447605  0.624466  0.516463  0.574225  0.436208  0.466918  0.788473  0.408274  0.417159  0.452299  0.401410  0.463852  0.559457  0.628796  0.438510  0.563158  0.559762  0.398734  0.819867  0.534655  0.256010  0.344625  0.619280  0.449101  0.341392  0.322799  0.551107  0.622454  0.518578  0.536482  0.420748  0.524817  0.505075  0.786630  0.427719  0.450509  0.557938  0.506629  0.655941  0.523859  0.435127  0.628723  0.471654  0.600392  0.414969 
7  0.448474  0.847382  0.709079  0.541631  0.347656  0.705892  0.483354 0.0  0.538704  0.405797  0.471697  0.372455  0.387981  0.802355  0.600732  0.324912  0.551264  0.582565  0.342848  0.620799  0.426819  0.732041  0.448794  0.530687  0.720391  0.604234  0.345439  0.429506  0.399121  0.474644  0.266188  0.381339  0.478931  0.392225  0.861681  0.501967  0.427512  0.625100  0.424089  0.787617  0.570146  0.587924  0.522322  0.562293  0.505149  0.630393  0.476927  0.403315  0.365974  0.400804  0.491062  0.297435  0.561639  0.509978  0.662606  0.425827  0.345318  0.538355  0.551714  0.515074  0.514727  0.415777  0.217295  0.644994  0.436074  0.459994  0.611205  0.722471  0.654779  0.593242  0.483959  0.440195  0.473622  0.429936  0.400298  0.586241  0.588057  0.465469  0.533187  0.856274  0.342242  0.324305  0.719182  0.387945  0.432130  0.505791  0.376903  0.305509  0.521847  0.356549  0.386048  0.353267  0.595114  0.580409  0.590696  0.570607  0.337757  0.850006  0.409124  0.270709  0.415845  0.233453  0.458769  0.524868  0.298136  0.367032  0.302629  0.774940  0.523964  0.570666  0.479303  0.495647  0.389451  0.396029  0.566891  0.475477  0.503305  0.603754  0.377661  0.878332  0.459095  0.472445  0.434836  0.593031  0.409183  0.310308  0.401941  0.632329  0.616058  0.503030  0.309493  0.522097  0.537462  0.450661  0.573973  0.482990  0.378101  0.463087  0.431983  0.520688  0.340253  0.287835  0.519491  0.402688  0.470222  0.328573 
8  0.537874  0.839229  0.864101  0.515294  0.550244  0.521622  0.449631  0.538704 0.0  0.574539  0.576127  0.515162  0.647761  0.688325  0.286026  0.563644  0.667097  0.648316  0.487428  0.495996  0.551852  0.703563  0.590146  0.816318  0.613477  0.689398  0.639733  0.438223  0.598254  0.826945  0.643126  0.565849  0.451391  0.677324  0.884511  0.543299  0.630309  0.641409  0.670924  0.766082  0.625160  0.334420  0.516100  0.481939  0.756474  0.396611  0.546435  0.524698  0.731072  0.572044  0.368430  0.578608  0.439492  0.661976  0.404833  0.466642  0.521906  0.364158  0.620438  0.657711  0.504162  0.574459  0.633985  0.813352  0.565019  0.516231  0.433205  0.909977  0.683060  0.493588  0.684964  0.406309  0.508659  0.277867  0.620405  0.490031  0.492160  0.578751  0.635539  0.884227  0.543815  0.583051  0.557296  0.475559  0.558945  0.544212  0.553606  0.592848  0.602866  0.632406  0.500250  0.657730  0.550327  0.788936  0.457496  0.594964  0.599295  0.769389  0.659111  0.568084  0.621687  0.680720  0.649433  0.542826  0.540274  0.544878  0.610332  0.774241  0.527818  0.703064  0.450735  0.651144  0.756953  0.464480  0.671391  0.538338  0.551047  0.366768  0.490825  0.775599  0.626582  0.556694  0.625415  0.730528  0.472561  0.521452  0.543458  0.361258  0.752154  0.691062  0.514220  0.548652  0.485199  0.568409  0.762570  0.538871  0.675992  0.450942  0.556696  0.659933  0.493467  0.536339  0.597037  0.436443  0.591268  0.618367 
9  0.509430  0.726438  0.719885  0.496933  0.520928  0.701056  0.474322  0.405797  0.574539 0.0  0.558432  0.499065  0.427470  0.736042  0.627098  0.505317  0.724048  0.634616  0.517012  0.749579  0.419697  0.803128  0.359878  0.719514  0.668532  0.636788  0.353049  0.342810  0.274483  0.557226  0.383406  0.415952  0.416376  0.489085  0.817620  0.460040  0.458883  0.633849  0.353654  0.769810  0.549409  0.664945  0.540030  0.567246  0.700513  0.607631  0.538585  0.541642  0.439296  0.373924  0.624616  0.577973  0.575866  0.364384  0.615738  0.441622  0.358842  0.555319  0.629640  0.436631  0.602926  0.434064  0.344263  0.711921  0.368502  0.560905  0.508619  0.777548  0.692977  0.500925  0.343225  0.521965  0.419838  0.632613  0.315288  0.631402  0.519408  0.362436  0.508724  0.788074  0.303835  0.477296  0.710373  0.462023  0.424992  0.383983  0.421220  0.321405  0.484151  0.310651  0.383059  0.443146  0.581103  0.746059  0.480544  0.554701  0.405691  0.792577  0.444243  0.472913  0.440935  0.296105  0.465577  0.313150  0.423151  0.317849  0.387426  0.744325  0.613580  0.540077  0.466433  0.410359  0.506753  0.516631  0.643550  0.435380  0.474915  0.549866  0.417681  0.656775  0.506104  0.475149  0.434586  0.620902  0.510698  0.525139  0.337703  0.536892  0.651715  0.526859  0.371627  0.462028  0.523283  0.559670  0.708490  0.514888  0.287109  0.392250  0.384349  0.541172  0.364842  0.391780  0.674786  0.361581  0.404449  0.459242 
10  0.468281  0.720780  0.709181  0.460897  0.479635  0.680327  0.422830  0.471697  0.576127  0.558432 0.0  0.574094  0.600060  0.771883  0.557581  0.504039  0.727675  0.534277  0.608830  0.650781  0.343823  0.737013  0.476044  0.584882  0.697889  0.837763  0.635224  0.522045  0.622527  0.443243  0.536364  0.426288  0.433732  0.549572  0.721446  0.485852  0.587880  0.726856  0.501250  0.819530  0.769176  0.585067  0.481978  0.516914  0.773604  0.373367  0.508764  0.408711  0.539068  0.466314  0.500127  0.534800  0.290125  0.537761  0.660129  0.479350  0.531317  0.548895  0.638325  0.661189  0.529225  0.426415  0.500207  0.824064  0.552738  0.428669  0.382005  0.652243  0.714956  0.594598  0.610116  0.388952  0.624545  0.570580  0.580702  0.301887  0.463858  0.427543  0.543447  0.702253  0.544964  0.546832  0.717612  0.494433  0.498834  0.424772  0.488523  0.591576  0.674434  0.489422  0.676168  0.547666  0.589421  0.604583  0.412631  0.656580  0.492190  0.730403  0.543884  0.622928  0.474204  0.496041  0.558071  0.643549  0.438178  0.597394  0.615510  0.686230  0.498411  0.494979  0.599899  0.373571  0.479422  0.495258  0.572705  0.552436  0.640881  0.519777  0.623428  0.711666  0.535759  0.489241  0.447470  0.811578  0.504382  0.601212  0.538061  0.717396  0.715839  0.418672  0.573287  0.400130  0.549682  0.595337  0.649467  0.517903  0.596162  0.479112  0.482523  0.604983  0.641153  0.475805  0.679713  0.577030  0.503991  0.481361 
11  0.462654  0.823040  0.792464  0.577279  0.440450  0.706628  0.353787  0.372455  0.515162  0.499065  0.574094 0.0  0.337918  0.748447  0.622580  0.340919  0.719367  0.672485  0.506161  0.524916  0.399414  0.699251  0.425286  0.633859  0.674050  0.739357  0.360693  0.385812  0.396871  0.464021  0.295646  0.442181  0.399260  0.417157  0.838710  0.446238  0.528100  0.653416  0.512791  0.750090  0.520754  0.533564  0.522319  0.500560  0.690703  0.517973  0.453722  0.496896  0.472981  0.390862  0.508337  0.286421  0.593716  0.560693  0.672358  0.472709  0.276964  0.573285  0.654645  0.558289  0.478577  0.441179  0.493806  0.678523  0.406066  0.554600  0.471285  0.761635  0.638572  0.541597  0.394740  0.425949  0.324587  0.586774  0.384063  0.545842  0.453907  0.538011  0.446699  0.755263  0.286208  0.499217  0.686297  0.494476  0.464481  0.573927  0.410838  0.349901  0.708688  0.282638  0.380046  0.446805  0.654405  0.577373  0.544230  0.548320  0.448551  0.704506  0.402735  0.440252  0.464157  0.452483  0.490990  0.306012  0.395357  0.513556  0.517832  0.750920  0.581356  0.504016  0.457719  0.369435  0.455905  0.457541  0.496191  0.417649  0.668653  0.578914  0.455063  0.773480  0.362324  0.486223  0.384310  0.572354  0.469031  0.395003  0.365958  0.638953  0.649171  0.554377  0.389883  0.442501  0.627095  0.633093  0.723530  0.467539  0.445449  0.368173  0.487511  0.663308  0.404612  0.437572  0.611633  0.456388  0.484572  0.378643 
12  0.450414  0.902575  0.865510  0.587649  0.377023  0.644911  0.544627  0.387981  0.647761  0.427470  0.600060  0.337918 0.0  0.683346  0.517831  0.472195  0.644423  0.742335  0.291847  0.500342  0.468620  0.677924  0.444794  0.797697  0.609661  0.669051  0.232743  0.403024  0.403266  0.471287  0.453180  0.430640  0.414426  0.420537  0.814624  0.404196  0.638661  0.662970  0.544751  0.787951  0.659520  0.554629  0.494262  0.418818  0.657680  0.441104  0.492146  0.443199  0.515651  0.369043  0.503519  0.381736  0.544526  0.437906  0.556941  0.308944  0.467564  0.451712  0.609224  0.567599  0.438257  0.488847  0.384163  0.652693  0.454575  0.487003  0.455907  0.758982  0.691514  0.545113  0.472548  0.447878  0.356505  0.543168  0.504875  0.498501  0.511998  0.496792  0.523439  0.754805  0.448816  0.374679  0.717559  0.477110  0.418365  0.455365  0.390989  0.458888  0.584429  0.371341  0.446904  0.486709  0.592830  0.665166  0.395958  0.586149  0.368152  0.799280  0.502802  0.404860  0.501356  0.415929  0.453875  0.490221  0.493537  0.420450  0.470052  0.795922  0.520712  0.550497  0.414298  0.441464  0.497137  0.506783  0.631437  0.375855  0.575614  0.480514  0.428862  0.883830  0.609568  0.520511  0.384319  0.765410  0.501513  0.428684  0.377611  0.633119  0.625123  0.494939  0.379960  0.462039  0.471014  0.516363  0.646136  0.423252  0.450808  0.642706  0.488936  0.601385  0.486917  0.430560  0.646239  0.508268  0.588028  0.549125 
13  0.744966  0.695759  0.559103  0.656828  0.780599  0.768948  0.853619  0.802355  0.688325  0.736042  0.771883  0.748447  0.683346 0.0  0.724642  0.773842  0.605979  0.662149  0.674386  0.680655  0.831916  0.669054  0.841565  0.661625  0.734090  0.792651  0.656242  0.742902  0.655105  0.721630  0.622686  0.591421  0.718214  0.748501  0.637662  0.752159  0.761010  0.707459  0.650189  0.673915  0.644334  0.739816  0.746247  0.760407  0.453266  0.810788  0.795899  0.736162  0.860894  0.696520  0.718076  0.868183  0.671034  0.789571  0.775748  0.682028  0.682436  0.630897  0.623996  0.790177  0.717651  0.830858  0.596564  0.783188  0.637545  0.729496  0.809407  0.664551  0.701235  0.612802  0.708460  0.780133  0.869602  0.761079  0.819335  0.713682  0.753031  0.703152  0.763421  0.690203  0.805057  0.732770  0.706805  0.802634  0.569289  0.780750  0.652469  0.763377  0.645948  0.712314  0.801814  0.755837  0.823941  0.625310  0.845195  0.789750  0.683680  0.666189  0.714338  0.802665  0.790060  0.803868  0.698165  0.777162  0.664686  0.673480  0.737756  0.673363  0.697002  0.718083  0.732017  0.761555  0.787570  0.709167  0.676582  0.672876  0.585488  0.579291  0.709578  0.762718  0.747630  0.699846  0.682412  0.716746  0.691934  0.684204  0.714247  0.723998  0.635205  0.797252  0.743961  0.698413  0.752280  0.565571  0.714427  0.726462  0.647276  0.741244  0.714966  0.611850  0.725216  0.752726  0.744591  0.811217  0.790372  0.667652 
14  0.510678  0.777739  0.757982  0.443871  0.599881  0.541087  0.567925  0.600732  0.286026  0.627098  0.557581  0.622580  0.517831  0.724642 0.0  0.486875  0.783183  0.732978  0.495797  0.516073  0.434263  0.674477  0.520431  0.529739  0.619915  0.658188  0.678403  0.500278  0.537374  0.611572  0.572365  0.644905  0.406637  0.662735  0.879984  0.576342  0.700090  0.606921  0.503989  0.679598  0.701107  0.365002  0.478695  0.361639  0.762345  0.496297  0.583790  0.428471  0.568588  0.664345  0.499949  0.547009  0.571172  0.558207  0.518332  0.469250  0.609319  0.478189  0.649304  0.668474  0.500216  0.510847  0.606784  0.772367  0.580632  0.416841  0.333146  0.778835  0.743730  0.347061  0.566241  0.457989  0.610359  0.336923  0.551841  0.469013  0.639819  0.557511  0.595229  0.867639  0.517867  0.532777  0.656511  0.644974  0.510427  0.611841  0.476354  0.572779  0.584903  0.570657  0.518055  0.591992  0.575027  0.607126  0.489652  0.538208  0.497933  0.934199  0.669813  0.615405  0.603554  0.598412  0.590810  0.629089  0.630264  0.582696  0.548831  0.662550  0.408889  0.671239  0.571888  0.610800  0.575748  0.471596  0.598846  0.493354  0.460928  0.452819  0.645103  0.864733  0.559274  0.596351  0.743385  0.674846  0.544236  0.577414  0.506709  0.555569  0.715861  0.683628  0.613273  0.487313  0.527229  0.457692  0.723498  0.577834  0.510357  0.547061  0.665443  0.549236  0.553543  0.613323  0.560712  0.574446  0.702898  0.600037 
15  0.514918  0.744646  0.774670  0.494780  0.507787  0.639069  0.352442  0.324912  0.563644  0.505317  0.504039  0.340919  0.472195  0.773842  0.486875 0.0  0.589694  0.728500  0.548158  0.546946  0.438880  0.677404  0.532401  0.715931  0.761921  0.610143  0.355284  0.585188  0.423640  0.555306  0.475587  0.419531  0.225332  0.534434  0.748386  0.275068  0.501426  0.569633  0.430378  0.710732  0.520385  0.598423  0.437947  0.596612  0.732112  0.505204  0.336790  0.375183  0.465688  0.346152  0.513652  0.506090  0.519182  0.536874  0.493028  0.448362  0.379805  0.411198  0.498571  0.559436  0.501241  0.418469  0.338782  0.596161  0.408791  0.437362  0.511206  0.783538  0.691696  0.567857  0.454039  0.454482  0.368789  0.560065  0.534293  0.392888  0.292106  0.317749  0.539580  0.730067  0.476571  0.512048  0.671920  0.255959  0.406431  0.386830  0.495209  0.396982  0.658583  0.394709  0.425253  0.526155  0.599612  0.629786  0.382262  0.590449  0.568444  0.747121  0.418547  0.444634  0.484704  0.440395  0.515654  0.373209  0.364607  0.473702  0.435303  0.690367  0.506708  0.422629  0.259687  0.462411  0.549373  0.440214  0.506572  0.463112  0.504772  0.576616  0.133292  0.728115  0.530054  0.368610  0.476237  0.662371  0.380533  0.230346  0.318179  0.505780  0.687497  0.332315  0.493841  0.305487  0.635920  0.472440  0.565832  0.452772  0.335772  0.426871  0.506887  0.594643  0.393862  0.344725  0.657929  0.385030  0.544157  0.472047 
16  0.738473  0.599490  0.695906  0.700522  0.676132  0.643164  0.706733  0.551264  0.667097  0.724048  0.727675  0.719367  0.644423  0.605979  0.783183  0.589694 0.0  0.630016  0.688100  0.747239  0.605716  0.769289  0.671945  0.669269  0.767013  0.563488  0.745197  0.602248  0.734393  0.694353  0.636872  0.651805  0.570964  0.713528  0.668733  0.526753  0.694325  0.657123  0.685352  0.651553  0.476869  0.620548  0.711473  0.675238  0.601825  0.735056  0.579058  0.773307  0.602284  0.505540  0.719181  0.727743  0.670747  0.736917  0.646855  0.739205  0.618421  0.624255  0.624398  0.805032  0.800215  0.493905  0.612518  0.567963  0.607059  0.614571  0.682959  0.738256  0.666629  0.653560  0.573194  0.686260  0.686115  0.702510  0.492798  0.665944  0.535979  0.645396  0.759536  0.652194  0.572041  0.748058  0.643243  0.554757  0.708738  0.595130  0.561913  0.648786  0.283756  0.624057  0.574788  0.711712  0.779483  0.598335  0.716603  0.656939  0.727770  0.751623  0.728644  0.725868  0.533066  0.545715  0.649030  0.624421  0.638351  0.604127  0.688055  0.751481  0.766532  0.795778  0.578815  0.590646  0.633591  0.647215  0.776933  0.616907  0.473920  0.754881  0.547609  0.754408  0.535829  0.680076  0.704505  0.567863  0.568438  0.616223  0.480960  0.645955  0.649748  0.793199  0.698192  0.715418  0.586380  0.619985  0.584269  0.605676  0.574350  0.591490  0.719044  0.529648  0.750616  0.658611  0.625243  0.576628  0.740924  0.634105 
17  0.745473  0.613429  0.649868  0.722620  0.648334  0.617006  0.693602  0.582565  0.648316  0.634616  0.534277  0.672485  0.742335  0.662149  0.732978  0.728500  0.630016 0.0  0.681440  0.688040  0.635619  0.674333  0.666981  0.488609  0.689340  0.759288  0.736003  0.711668  0.616201  0.662237  0.694791  0.647683  0.515962  0.603498  0.607160  0.480937  0.632119  0.529352  0.584546  0.736085  0.636514  0.700538  0.695411  0.795744  0.670794  0.692366  0.646528  0.569183  0.695514  0.651086  0.805734  0.617352  0.628178  0.825969  0.688655  0.725580  0.619099  0.619991  0.718095  0.622824  0.775940  0.632461  0.548869  0.695249  0.750850  0.783092  0.624163  0.641033  0.487224  0.705639  0.589989  0.654431  0.627341  0.662572  0.707671  0.694954  0.725130  0.685391  0.570493  0.640602  0.585776  0.792447  0.542494  0.621450  0.707175  0.544533  0.561410  0.758178  0.679903  0.654573  0.796206  0.656577  0.741009  0.453126  0.738523  0.564001  0.712976  0.634547  0.723961  0.744544  0.618196  0.662022  0.649382  0.700682  0.545315  0.794466  0.731487  0.678145  0.675330  0.603648  0.598315  0.730780  0.767873  0.596011  0.610232  0.547033  0.578828  0.650286  0.620489  0.631187  0.728612  0.571291  0.645081  0.578867  0.582824  0.656731  0.572680  0.604406  0.661142  0.655893  0.622915  0.638318  0.586232  0.564782  0.549824  0.733198  0.583156  0.668104  0.699191  0.524381  0.822652  0.624158  0.452030  0.605616  0.735727  0.625242 
18  0.450844  0.887205  0.892565  0.463656  0.525335  0.513224  0.513595  0.342848  0.487428  0.517012  0.608830  0.506161  0.291847  0.674386  0.495797  0.548158  0.688100  0.681440 0.0  0.546333  0.460525  0.779775  0.382496  0.714737  0.627612  0.749626  0.337196  0.343753  0.420483  0.495681  0.510034  0.524235  0.465805  0.484359  0.885736  0.490381  0.546953  0.744619  0.529782  0.715815  0.664441  0.438856  0.421014  0.438333  0.675271  0.371598  0.455015  0.405062  0.439817  0.415487  0.465586  0.466088  0.364409  0.552217  0.533583  0.432680  0.447234  0.444521  0.603004  0.547054  0.410004  0.487067  0.360139  0.711582  0.492403  0.518015  0.447980  0.860302  0.778026  0.598156  0.608282  0.411639  0.464919  0.412352  0.521370  0.381003  0.557483  0.507848  0.525385  0.852198  0.326528  0.516918  0.727447  0.456723  0.504701  0.522661  0.512898  0.512741  0.611635  0.383286  0.502136  0.558897  0.554774  0.737492  0.542819  0.758098  0.324596  0.734357  0.519563  0.442952  0.514854  0.440037  0.559459  0.454558  0.554557  0.412419  0.486520  0.845656  0.383504  0.683922  0.494554  0.593044  0.574054  0.569423  0.660364  0.443856  0.612179  0.576473  0.472563  0.867052  0.472407  0.477586  0.593081  0.782191  0.483019  0.417411  0.453732  0.518503  0.746508  0.528006  0.476778  0.568847  0.581623  0.644883  0.766186  0.475543  0.527076  0.552361  0.410621  0.629155  0.466706  0.458484  0.739335  0.530200  0.523609  0.470863 
19  0.506593  0.785148  0.758486  0.568777  0.508455  0.314075  0.555753  0.620799  0.495996  0.749579  0.650781  0.524916  0.500342  0.680655  0.516073  0.546946  0.747239  0.688040  0.546333 0.0  0.442797  0.741124  0.577617  0.658353  0.669404  0.642963  0.467334  0.513417  0.619767  0.576121  0.520437  0.537470  0.557250  0.589171  0.702283  0.507254  0.638621  0.575236  0.447137  0.763405  0.640813  0.508203  0.482397  0.558290  0.749690  0.518387  0.603132  0.570665  0.628673  0.603432  0.392586  0.519473  0.494735  0.565969  0.629334  0.498471  0.538004  0.477945  0.631513  0.811509  0.560511  0.473704  0.596424  0.587633  0.539096  0.536001  0.485568  0.736343  0.545201  0.347063  0.439677  0.638337  0.541064  0.531389  0.468009  0.545131  0.592388  0.516237  0.733094  0.820678  0.584531  0.569321  0.625459  0.427805  0.531779  0.668977  0.359577  0.459439  0.639027  0.573707  0.543975  0.678685  0.517025  0.719484  0.525297  0.404281  0.539065  0.800778  0.654317  0.576561  0.647237  0.466810  0.559603  0.585961  0.477401  0.500535  0.560764  0.859329  0.545947  0.715160  0.502676  0.519810  0.506132  0.551596  0.636954  0.522181  0.548320  0.506731  0.607099  0.721424  0.515848  0.583246  0.550397  0.734081  0.533466  0.557430  0.558956  0.421972  0.527887  0.607965  0.581042  0.623757  0.433171  0.605039  0.605518  0.583789  0.633058  0.503676  0.555253  0.622573  0.524551  0.386444  0.628353  0.504643  0.753447  0.522063 
20  0.314486  0.663354  0.644452  0.441177  0.343788  0.605725  0.303780  0.426819  0.551852  0.419697  0.343823  0.399414  0.468620  0.831916  0.434263  0.438880  0.605716  0.635619  0.460525  0.442797 0.0  0.602977  0.433415  0.552584  0.760023  0.681545  0.482941  0.566132  0.438310  0.391517  0.381661  0.249975  0.420063  0.405868  0.730263  0.487307  0.488868  0.485495  0.379141  0.708602  0.658510  0.430081  0.546136  0.404850  0.510663  0.389135  0.422371  0.362029  0.485533  0.426997  0.537929  0.366701  0.408755  0.531438  0.616435  0.444713  0.452335  0.637914  0.473152  0.688340  0.431982  0.332619  0.443811  0.781612  0.551025  0.518728  0.422223  0.798565  0.641535  0.504395  0.264299  0.394220  0.351685  0.542599  0.524819  0.422647  0.392985  0.271652  0.425709  0.740188  0.448557  0.647019  0.627535  0.181923  0.277556  0.422715  0.439995  0.383553  0.559938  0.384814  0.401241  0.593689  0.552604  0.614649  0.404464  0.574377  0.485533  0.746592  0.397040  0.442719  0.382627  0.502955  0.480778  0.479400  0.450031  0.476335  0.503747  0.687780  0.412810  0.444898  0.396108  0.369999  0.335410  0.416226  0.511434  0.367078  0.539686  0.554529  0.361922  0.761096  0.378023  0.323884  0.357552  0.659789  0.341030  0.424372  0.212622  0.565083  0.569923  0.395175  0.430873  0.281760  0.508076  0.337589  0.616898  0.350356  0.395219  0.416319  0.482156  0.730494  0.453944  0.349226  0.649650  0.454707  0.564076  0.365199 
21  0.725800  0.685049  0.686556  0.750849  0.691468  0.716124  0.738676  0.732041  0.703563  0.803128  0.737013  0.699251  0.677924  0.669054  0.674477  0.677404  0.769289  0.674333  0.779775  0.741124  0.602977 0.0  0.741179  0.629151  0.606279  0.694748  0.776503  0.718162  0.766372  0.710481  0.611995  0.736992  0.733012  0.665516  0.393278  0.796524  0.865912  0.655387  0.734159  0.622033  0.722827  0.765552  0.776784  0.630348  0.702022  0.794302  0.748018  0.764027  0.730338  0.760888  0.692403  0.693431  0.792011  0.770019  0.655747  0.728498  0.782963  0.752644  0.570306  0.748344  0.789554  0.784865  0.715899  0.736472  0.767722  0.815474  0.725095  0.452364  0.771126  0.732154  0.798927  0.769966  0.705744  0.728543  0.682193  0.727374  0.724714  0.721715  0.767994  0.502167  0.722164  0.761661  0.739193  0.726705  0.758924  0.599269  0.549351  0.740783  0.656359  0.838600  0.796650  0.811009  0.638105  0.554076  0.684032  0.729917  0.832949  0.573971  0.767493  0.658848  0.783641  0.740220  0.685164  0.684537  0.858595  0.806216  0.747708  0.665214  0.786243  0.783601  0.807145  0.810361  0.739260  0.663310  0.711727  0.681761  0.694732  0.739524  0.675817  0.397904  0.743941  0.733011  0.809879  0.553976  0.782216  0.735036  0.777343  0.669373  0.650945  0.790069  0.762830  0.798183  0.742799  0.677216  0.714038  0.758055  0.751630  0.758405  0.805709  0.764770  0.784472  0.674396  0.658310  0.630787  0.806558  0.754048 
22  0.559995  0.758403  0.742826  0.438368  0.401401  0.809304  0.261852  0.448794  0.590146  0.359878  0.476044  0.425286  0.444794  0.841565  0.520431  0.532401  0.671945  0.666981  0.382496  0.577617  0.433415  0.741179 0.0  0.632229  0.692835  0.641954  0.292302  0.539048  0.349958  0.588758  0.421165  0.414861  0.465540  0.383354  0.836390  0.488590  0.414299  0.653680  0.476766  0.755821  0.622881  0.457635  0.582374  0.500751  0.406865  0.500219  0.490763  0.576455  0.509876  0.407154  0.529126  0.329639  0.645962  0.441401  0.488068  0.467580  0.376309  0.501902  0.521613  0.486700  0.561280  0.498857  0.457311  0.558549  0.428095  0.552095  0.529340  0.707605  0.613595  0.596012  0.391498  0.539064  0.495992  0.730647  0.477213  0.481600  0.381089  0.536158  0.540156  0.729088  0.375693  0.462472  0.656596  0.445606  0.418625  0.421955  0.505910  0.407721  0.655961  0.477282  0.426951  0.467316  0.708534  0.684631  0.613330  0.548746  0.402171  0.747577  0.475653  0.480036  0.387492  0.330952  0.474560  0.322011  0.383959  0.463208  0.291165  0.804169  0.549910  0.505251  0.417275  0.411414  0.474436  0.587861  0.586138  0.307803  0.468685  0.548519  0.473652  0.787873  0.327634  0.384378  0.456829  0.584222  0.478936  0.436308  0.502852  0.583307  0.607692  0.620784  0.403636  0.504247  0.485348  0.459109  0.606801  0.434653  0.423950  0.426494  0.467985  0.558484  0.498966  0.485068  0.538398  0.397051  0.408043  0.455101 
23  0.682621  0.540081  0.592744  0.708450  0.718738  0.658276  0.627017  0.530687  0.816318  0.719514  0.584882  0.633859  0.797697  0.661625  0.529739  0.715931  0.669269  0.488609  0.714737  0.658353  0.552584  0.629151  0.632229 0.0  0.720923  0.643509  0.608162  0.687270  0.585700  0.558742  0.567115  0.689819  0.609123  0.737930  0.688685  0.685702  0.527828  0.656218  0.703764  0.561283  0.708274  0.668608  0.677183  0.730292  0.669610  0.693870  0.632221  0.573459  0.602776  0.611405  0.738606  0.724093  0.734318  0.587782  0.697053  0.647802  0.683224  0.738716  0.724617  0.591729  0.649581  0.525196  0.617646  0.664608  0.613998  0.634929  0.742290  0.661154  0.692360  0.601572  0.526763  0.627504  0.684467  0.669836  0.636596  0.751397  0.575208  0.744950  0.500153  0.532274  0.586899  0.668263  0.678957  0.593711  0.559019  0.589175  0.677053  0.632234  0.750998  0.664866  0.548910  0.587660  0.727475  0.545863  0.657251  0.581744  0.696516  0.593149  0.596588  0.577019  0.583610  0.517660  0.607441  0.579053  0.705048  0.690893  0.680001  0.776257  0.655184  0.476683  0.634498  0.705709  0.725857  0.651803  0.642322  0.567672  0.703191  0.614003  0.677663  0.644641  0.747096  0.599387  0.615054  0.744890  0.681552  0.546005  0.533498  0.786968  0.623646  0.611728  0.709998  0.532254  0.615516  0.569656  0.585355  0.688797  0.672384  0.590191  0.685365  0.646420  0.683151  0.584526  0.634022  0.519714  0.546893  0.618995 
24  0.650152  0.779992  0.845565  0.606075  0.724171  0.516101  0.610980  0.720391  0.613477  0.668532  0.697889  0.674050  0.609661  0.734090  0.619915  0.761921  0.767013  0.689340  0.627612  0.669404  0.760023  0.606279  0.692835  0.720923 0.0  0.357559  0.690914  0.669472  0.764833  0.872327  0.737517  0.805970  0.785154  0.634899  0.723993  0.687628  0.759176  0.621730  0.610534  0.683997  0.593575  0.689306  0.518380  0.608317  0.757105  0.652353  0.633503  0.734893  0.792879  0.655280  0.647212  0.736569  0.644397  0.780800  0.721077  0.677478  0.804289  0.524892  0.640168  0.891508  0.646374  0.676434  0.831360  0.608094  0.765287  0.650503  0.612583  0.899868  0.677673  0.594949  0.697723  0.635189  0.653074  0.580866  0.712242  0.675057  0.764140  0.686589  0.883370  0.725865  0.682147  0.610485  0.661163  0.593497  0.632528  0.621744  0.689483  0.748460  0.599536  0.835300  0.775307  0.769625  0.637287  0.735247  0.636408  0.752979  0.716476  0.775612  0.757240  0.756135  0.732862  0.898467  0.771642  0.802260  0.766973  0.655946  0.700329  0.774401  0.659044  0.846756  0.708505  0.793817  0.695175  0.686592  0.908604  0.738614  0.579618  0.612199  0.769359  0.772971  0.751967  0.790118  0.671630  0.758860  0.646529  0.767045  0.651501  0.620213  0.594817  0.987824  0.682614  0.627414  0.633830  0.672368  0.644905  0.560080  0.762997  0.732162  0.671878  0.493039  0.674579  0.740674  0.622096  0.657134  0.805276  0.714330 
25  0.587294  0.744277  0.803125  0.729976  0.674885  0.629305  0.702739  0.604234  0.689398  0.636788  0.837763  0.739357  0.669051  0.792651  0.658188  0.610143  0.563488  0.759288  0.749626  0.642963  0.681545  0.694748  0.641954  0.643509  0.357559 0.0  0.664729  0.818375  0.594944  0.757585  0.670605  0.716272  0.614913  0.648377  0.765434  0.653487  0.880952  0.481378  0.766947  0.647966  0.567131  0.760560  0.516632  0.702600  0.555118  0.756503  0.660932  0.781087  0.774943  0.785277  0.746389  0.681926  0.730805  0.772556  0.739123  0.737074  0.787991  0.558675  0.571364  0.808469  0.699531  0.677990  0.731207  0.723843  0.691167  0.652165  0.596620  0.728071  0.556151  0.629740  0.711413  0.646021  0.775964  0.590305  0.791776  0.770651  0.517999  0.632175  0.786034  0.738875  0.583601  0.630966  0.609298  0.750446  0.691543  0.767995  0.589620  0.571669  0.468253  0.733888  0.640585  0.734636  0.597557  0.631681  0.536554  0.548627  0.598135  0.830050  0.632712  0.609512  0.684528  0.697027  0.660751  0.644193  0.704830  0.743622  0.625415  0.718646  0.599120  0.797245  0.705007  0.735195  0.635320  0.569805  0.763809  0.708980  0.440802  0.705105  0.617261  0.802293  0.786979  0.676174  0.673685  0.634466  0.579986  0.652365  0.691657  0.667714  0.672573  0.851689  0.702151  0.595546  0.707761  0.650201  0.642519  0.666657  0.622086  0.703432  0.700092  0.464902  0.726507  0.673500  0.686682  0.795807  0.799824  0.590510 
26  0.494393  0.753139  0.846059  0.444780  0.423514  0.671199  0.524726  0.345439  0.639733  0.353049  0.635224  0.360693  0.232743  0.656242  0.678403  0.355284  0.745197  0.736003  0.337196  0.467334  0.482941  0.776503  0.292302  0.608162  0.690914  0.664729 0.0  0.433710  0.218309  0.485212  0.391121  0.451509  0.414913  0.401187  0.805087  0.508144  0.483420  0.516066  0.558429  0.775373  0.632999  0.526934  0.475657  0.457323  0.659688  0.545965  0.440022  0.608644  0.453613  0.471952  0.463280  0.377735  0.567393  0.487084  0.594209  0.391941  0.351283  0.666563  0.614647  0.530420  0.522727  0.398842  0.265925  0.566648  0.214459  0.594181  0.546099  0.688612  0.607688  0.492269  0.379511  0.522826  0.379443  0.549019  0.364222  0.498830  0.385780  0.455128  0.550858  0.776241  0.341379  0.383882  0.595093  0.384367  0.358723  0.478190  0.433020  0.226746  0.542742  0.463655  0.450401  0.316901  0.712588  0.634169  0.544844  0.560978  0.409972  0.784141  0.410382  0.359476  0.321547  0.342232  0.370966  0.425463  0.455664  0.443846  0.339957  0.659777  0.518895  0.542477  0.454013  0.390483  0.429310  0.453685  0.434073  0.515856  0.525594  0.546465  0.367827  0.802032  0.428379  0.511937  0.457720  0.665804  0.433607  0.523252  0.415460  0.540884  0.670532  0.439365  0.304664  0.543473  0.480278  0.553388  0.645585  0.463185  0.557376  0.329498  0.407119  0.604932  0.397342  0.465059  0.735153  0.496734  0.494395  0.347717 
