45
0 0.0  0.634347  0.763149  0.726230  0.622837  0.562346  0.534495  0.722816  0.820157  0.903624  0.910121  0.685808  0.723197  0.848049  0.688960  0.734449  0.824896  0.515078  0.333355  0.760768  0.814150  0.713528  0.633499  0.578990  0.542105  0.664343  0.657045  0.718600  0.621875  0.778128  0.741274  0.747491  0.615372  0.567005  0.758665  0.788322  0.753608  0.846302  0.464449  0.759057  0.721231  0.769797  0.727525  0.300912  0.872539 
1  0.634347 0.0  0.661037  0.641004  0.366015  0.494870  0.626307  0.707785  0.695739  0.694230  0.569221  0.357692  0.690858  0.806541  0.521356  0.698132  0.806668  0.706077  0.648906  0.748447  0.742949  0.674299  0.274590  0.403642  0.723047  0.371516  0.714656  0.578684  0.053729  0.671072  0.776718  0.466644  0.206960  0.590034  0.675367  0.799584  0.545686  0.825183  0.711171  0.800692  0.479423  0.829017  0.647305  0.710274  0.737973 
2  0.763149  0.661037 0.0  0.426049  0.687209  0.736509  0.852872  0.542444  0.625276  0.618246  0.518629  0.678729  0.151333  0.585604  0.548638  0.517378  0.703754  0.710461  0.658686  0.635458  0.403842  0.706448  0.652605  0.681074  0.795090  0.675575  0.819349  0.670799  0.698132  0.454317  0.672499  0.698301  0.620281  0.782209  0.503420  0.751704  0.486960  0.650007  0.773774  0.710870  0.513915  0.546725  0.603441  0.700669  0.665279 
3  0.726230  0.641004  0.426049 0.0  0.738463  0.656374  0.767566  0.457043  0.710255  0.522256  0.374575  0.611399  0.442814  0.729136  0.519557  0.599273  0.641752  0.902527  0.776154  0.599067  0.604356  0.620041  0.492073  0.625074  0.702638  0.708022  0.807444  0.560689  0.661348  0.445959  0.650129  0.694688  0.655730  0.640911  0.536366  0.604576  0.611167  0.648354  0.782582  0.699622  0.695905  0.513565  0.695032  0.770474  0.675668 
4  0.622837  0.366015  0.687209  0.738463 0.0  0.404976  0.574044  0.640620  0.698253  0.773316  0.690497  0.531715  0.642103  0.779075  0.628663  0.640450  0.815541  0.603346  0.640060  0.842087  0.628572  0.810984  0.538502  0.499650  0.573935  0.610800  0.764616  0.652098  0.342313  0.638068  0.842185  0.428411  0.554328  0.275199  0.726052  0.788960  0.642159  0.774805  0.657088  0.837301  0.615089  0.677845  0.708181  0.604730  0.777331 
5  0.562346  0.494870  0.736509  0.656374  0.404976 0.0  0.625673  0.697118  0.684808  0.913867  0.748134  0.543150  0.688908  0.770891  0.806243  0.663425  0.776137  0.680984  0.571714  0.790832  0.708720  0.693219  0.560085  0.579897  0.686364  0.554006  0.702462  0.671960  0.513098  0.695137  0.840935  0.492433  0.604486  0.362138  0.737086  0.881502  0.657163  0.740288  0.598225  0.766650  0.706744  0.807183  0.814924  0.609405  0.868528 
6  0.534495  0.626307  0.852872  0.767566  0.574044  0.625673 0.0  0.762268  0.825921  0.839205  0.684501  0.749470  0.796409  0.883227  0.750220  0.765636  0.741536  0.194813  0.494148  0.761698  0.780867  0.787229  0.710915  0.725420  0.692596  0.765710  0.432490  0.773166  0.687694  0.742208  0.883350  0.567417  0.675000  0.699521  0.778820  1.000000  0.906505  0.900300  0.361768  0.895144  0.769762  0.808792  0.801798  0.457039  0.916367 
7  0.722816  0.707785  0.542444  0.457043  0.640620  0.697118  0.762268 0.0  0.635275  0.536237  0.368226  0.653941  0.601590  0.805324  0.500704  0.580781  0.606507  0.731022  0.781283  0.717009  0.644415  0.675055  0.626601  0.676959  0.672582  0.625800  0.856767  0.594485  0.649507  0.369251  0.713584  0.591671  0.577777  0.742143  0.608586  0.635583  0.652087  0.618089  0.764513  0.721817  0.687162  0.595588  0.738378  0.715448  0.613275 
8  0.820157  0.695739  0.625276  0.710255  0.698253  0.684808  0.825921  0.635275 0.0  0.491446  0.595390  0.663421  0.667031  0.741695  0.645268  0.704916  0.516521  0.827415  0.808287  0.496822  0.702031  0.767211  0.764964  0.655691  0.759847  0.721867  0.778065  0.779047  0.762118  0.615645  0.635964  0.738846  0.714776  0.763613  0.661819  0.542267  0.684396  0.455639  0.776431  0.668813  0.676757  0.607755  0.623992  0.745679  0.477993 
9  0.903624  0.694230  0.618246  0.522256  0.773316  0.913867  0.839205  0.536237  0.491446 0.0  0.486597  0.715937  0.602485  0.735197  0.663251  0.653141  0.568708  0.869334  0.816670  0.695781  0.691033  0.678268  0.770032  0.756123  0.808921  0.722089  0.803257  0.691137  0.748356  0.513537  0.749837  0.707945  0.739389  0.765597  0.702540  0.419572  0.650024  0.333901  0.821784  0.712486  0.735853  0.283678  0.620218  0.915686  0.518581 
10  0.910121  0.569221  0.518629  0.374575  0.690497  0.748134  0.684501  0.368226  0.595390  0.486597 0.0  0.643402  0.447800  0.686767  0.582036  0.573416  0.620895  0.843944  0.846990  0.640979  0.562935  0.675131  0.611993  0.694828  0.690939  0.586081  0.823494  0.626643  0.755697  0.399008  0.686958  0.661684  0.689991  0.703847  0.653522  0.637291  0.637722  0.512636  0.731417  0.697813  0.610689  0.471003  0.733505  0.730137  0.649075 
11  0.685808  0.357692  0.678729  0.611399  0.531715  0.543150  0.749470  0.653941  0.663421  0.715937  0.643402 0.0  0.617394  0.790708  0.576370  0.624934  0.765685  0.694819  0.731700  0.863337  0.613420  0.640484  0.325583  0.564873  0.548969  0.367325  0.776002  0.563962  0.472914  0.609729  0.741517  0.513014  0.348677  0.516611  0.595214  0.711322  0.600858  0.733636  0.750645  0.722343  0.554443  0.748326  0.767100  0.760602  0.819180 
12  0.723197  0.690858  0.151333  0.442814  0.642103  0.688908  0.796409  0.601590  0.667031  0.602485  0.447800  0.617394 0.0  0.676427  0.494270  0.598246  0.688839  0.792527  0.830588  0.645077  0.560740  0.677532  0.664174  0.651215  0.727071  0.590553  0.720076  0.640158  0.609582  0.515016  0.632327  0.725705  0.592606  0.781913  0.523435  0.687717  0.467420  0.564818  0.782174  0.660545  0.632720  0.550702  0.669424  0.675281  0.766976 
13  0.848049  0.806541  0.585604  0.729136  0.779075  0.770891  0.883227  0.805324  0.741695  0.735197  0.686767  0.790708  0.676427 0.0  0.724654  0.636319  0.707482  0.878103  0.767396  0.452853  0.545259  0.591434  0.741736  0.825013  0.778778  0.813954  0.983144  0.873394  0.822582  0.757685  0.591887  0.771801  0.848819  0.745843  0.616968  0.705614  0.713532  0.816505  0.778204  0.575137  0.805915  0.601513  0.427119  0.765033  0.500369 
14  0.688960  0.521356  0.548638  0.519557  0.628663  0.806243  0.750220  0.500704  0.645268  0.663251  0.582036  0.576370  0.494270  0.724654 0.0  0.648612  0.690512  0.887731  0.737362  0.794531  0.564419  0.576136  0.533299  0.545776  0.759463  0.519553  0.806677  0.544892  0.544999  0.550543  0.665924  0.615889  0.427449  0.600915  0.563273  0.750976  0.469676  0.692481  0.853782  0.752970  0.404401  0.610059  0.628838  0.724480  0.672974 
15  0.734449  0.698132  0.517378  0.599273  0.640450  0.663425  0.765636  0.580781  0.704916  0.653141  0.573416  0.624934  0.598246  0.636319  0.648612 0.0  0.815742  0.861116  0.722281  0.666727  0.479195  0.624798  0.681486  0.677302  0.738803  0.594123  0.685169  0.690455  0.706979  0.589644  0.594164  0.643145  0.707173  0.778075  0.363606  0.669505  0.520088  0.649433  0.660738  0.623673  0.601725  0.672182  0.637936  0.774796  0.737190 
16  0.824896  0.806668  0.703754  0.641752  0.815541  0.776137  0.741536  0.606507  0.516521  0.568708  0.620895  0.765685  0.688839  0.707482  0.690512  0.815742 0.0  0.868211  0.749148  0.707537  0.813880  0.841652  0.749630  0.798435  0.833271  0.657248  0.836462  0.756210  0.641711  0.604510  0.760139  0.840018  0.717198  0.771370  0.603529  0.513185  0.797511  0.665040  0.798480  0.714713  0.700659  0.632189  0.865414  0.790856  0.778998 
17  0.515078  0.706077  0.710461  0.902527  0.603346  0.680984  0.194813  0.731022  0.827415  0.869334  0.843944  0.694819  0.792527  0.878103  0.887731  0.861116  0.868211 0.0  0.408728  0.798469  0.771297  0.790369  0.618898  0.726561  0.544917  0.814620  0.522731  0.848230  0.703894  0.724310  0.908045  0.713746  0.683284  0.684323  0.722825  0.780597  0.827915  0.823497  0.344904  0.712296  0.826312  0.815848  0.889211  0.574016  0.859516 
18  0.333355  0.648906  0.658686  0.776154  0.640060  0.571714  0.494148  0.781283  0.808287  0.816670  0.846990  0.731700  0.830588  0.767396  0.737362  0.722281  0.749148  0.408728 0.0  0.820709  0.687220  0.866240  0.631097  0.688207  0.531931  0.737283  0.661025  0.648780  0.581786  0.819306  0.713268  0.644250  0.644445  0.624962  0.829905  0.822175  0.770987  0.775297  0.295448  0.874501  0.734683  0.770313  0.923896  0.304651  0.757359 
19  0.760768  0.748447  0.635458  0.599067  0.842087  0.790832  0.761698  0.717009  0.496822  0.695781  0.640979  0.863337  0.645077  0.452853  0.794531  0.666727  0.707537  0.798469  0.820709 0.0  0.756221  0.589016  0.754655  0.772800  0.734550  0.736287  0.823663  0.738315  0.693412  0.623853  0.646610  0.731444  0.743678  0.750803  0.669843  0.697324  0.677601  0.634350  0.842050  0.602117  0.673493  0.688424  0.611448  0.868755  0.342526 
20  0.814150  0.742949  0.403842  0.604356  0.628572  0.708720  0.780867  0.644415  0.702031  0.691033  0.562935  0.613420  0.560740  0.545259  0.564419  0.479195  0.813880  0.771297  0.687220  0.756221 0.0  0.593529  0.741773  0.690376  0.697855  0.652685  0.874731  0.692972  0.534288  0.739334  0.614065  0.615627  0.731010  0.774532  0.202604  0.614450  0.557664  0.684592  0.725006  0.614178  0.542389  0.550279  0.667729  0.865619  0.696423 
21  0.713528  0.674299  0.706448  0.620041  0.810984  0.693219  0.787229  0.675055  0.767211  0.678268  0.675131  0.640484  0.677532  0.591434  0.576136  0.624798  0.841652  0.790369  0.866240  0.589016  0.593529 0.0  0.758008  0.646198  0.749926  0.711976  0.881287  0.784078  0.637946  0.606181  0.522333  0.692633  0.804651  0.647393  0.576970  0.631830  0.679442  0.673376  0.783301  0.513255  0.630705  0.617628  0.457401  0.757217  0.648520 
22  0.633499  0.274590  0.652605  0.492073  0.538502  0.560085  0.710915  0.626601  0.764964  0.770032  0.611993  0.325583  0.664174  0.741736  0.533299  0.681486  0.749630  0.618898  0.631097  0.754655  0.741773  0.758008 0.0  0.403031  0.618833  0.368104  0.755648  0.607806  0.261567  0.739296  0.663829  0.529938  0.313363  0.487898  0.559724  0.813782  0.642267  0.827652  0.690491  0.827446  0.513081  0.679143  0.681460  0.687241  0.655990 
23  0.578990  0.403642  0.681074  0.625074  0.499650  0.579897  0.725420  0.676959  0.655691  0.756123  0.694828  0.564873  0.651215  0.825013  0.545776  0.677302  0.798435  0.726561  0.688207  0.772800  0.690376  0.646198  0.403031 0.0  0.647618  0.457347  0.754030  0.555780  0.354299  0.673021  0.705464  0.320398  0.307803  0.488126  0.629452  0.789255  0.494527  0.730687  0.710871  0.799156  0.551478  0.759641  0.859081  0.700683  0.760556 
24  0.542105  0.723047  0.795090  0.702638  0.573935  0.686364  0.692596  0.672582  0.759847  0.808921  0.690939  0.548969  0.727071  0.778778  0.759463  0.738803  0.833271  0.544917  0.531931  0.734550  0.697855  0.749926  0.618833  0.647618 0.0  0.651504  0.512274  0.645606  0.656083  0.769120  0.769203  0.627921  0.687417  0.489866  0.701338  0.872514  0.660600  0.759243  0.519768  0.805365  0.720051  0.732539  0.825545  0.425723  0.744699 
25  0.664343  0.371516  0.675575  0.708022  0.610800  0.554006  0.765710  0.625800  0.721867  0.722089  0.586081  0.367325  0.590553  0.813954  0.519553  0.594123  0.657248  0.814620  0.737283  0.736287  0.652685  0.711976  0.368104  0.457347  0.651504 0.0  0.751312  0.635760  0.507141  0.618342  0.751565  0.540208  0.413856  0.614813  0.565567  0.752973  0.558559  0.688710  0.776240  0.727069  0.474699  0.662025  0.717741  0.622422  0.764119 
26  0.657045  0.714656  0.819349  0.807444  0.764616  0.702462  0.432490  0.856767  0.778065  0.803257  0.823494  0.776002  0.720076  0.983144  0.806677  0.685169  0.836462  0.522731  0.661025  0.823663  0.874731  0.881287  0.755648  0.754030  0.512274  0.751312 0.0  0.744072  0.733600  0.901173  0.810327  0.710369  0.688641  0.746877  0.849993  0.886361  0.833721  0.830508  0.478689  0.907665  0.718826  0.843001  0.796133  0.566855  0.785226 
27  0.718600  0.578684  0.670799  0.560689  0.652098  0.671960  0.773166  0.594485  0.779047  0.691137  0.626643  0.563962  0.640158  0.873394  0.544892  0.690455  0.756210  0.848230  0.648780  0.738315  0.692972  0.784078  0.607806  0.555780  0.645606  0.635760  0.744072 0.0  0.581077  0.587307  0.805997  0.541137  0.611875  0.609637  0.678912  0.605731  0.641788  0.704147  0.729612  0.664360  0.477756  0.534255  0.861126  0.683549  0.641045 
28  0.621875  0.053729  0.698132  0.661348  0.342313  0.513098  0.687694  0.649507  0.762118  0.748356  0.755697  0.472914  0.609582  0.822582  0.544999  0.706979  0.641711  0.703894  0.581786  0.693412  0.534288  0.637946  0.261567  0.354299  0.656083  0.507141  0.733600  0.581077 0.0  0.695740  0.796744  0.477779  0.336821  0.477112  0.741550  0.826406  0.588346  0.718864  0.731738  0.851167  0.636513  0.778759  0.817262  0.693399  0.781548 
29  0.778128  0.671072  0.454317  0.445959  0.638068  0.695137  0.742208  0.369251  0.615645  0.513537  0.399008  0.609729  0.515016  0.757685  0.550543  0.589644  0.604510  0.724310  0.819306  0.623853  0.739334  0.606181  0.739296  0.673021  0.769120  0.618342  0.901173  0.587307  0.695740 0.0  0.729141  0.714833  0.659875  0.677837  0.632637  0.611374  0.531620  0.557903  0.668717  0.653461  0.630032  0.453256  0.590571  0.677628  0.726139 
30  0.741274  0.776718  0.672499  0.650129  0.842185  0.840935  0.883350  0.713584  0.635964  0.749837  0.686958  0.741517  0.632327  0.591887  0.665924  0.594164  0.760139  0.908045  0.713268  0.646610  0.614065  0.522333  0.663829  0.705464  0.769203  0.751565  0.810327  0.805997  0.796744  0.729141 0.0  0.768009  0.724188  0.890667  0.678022  0.770888  0.829401  0.612223  0.736650  0.364036  0.705208  0.654416  0.340471  0.896487  0.528163 
31  0.747491  0.466644  0.698301  0.694688  0.428411  0.492433  0.567417  0.591671  0.738846  0.707945  0.661684  0.513014  0.725705  0.771801  0.615889  0.643145  0.840018  0.713746  0.644250  0.731444  0.615627  0.692633  0.529938  0.320398  0.627921  0.540208  0.710369  0.541137  0.477779  0.714833  0.768009 0.0  0.447588  0.595352  0.627817  0.640976  0.629586  0.731749  0.674252  0.788027  0.679321  0.678600  0.757465  0.586872  0.762229 
32  0.615372  0.206960  0.620281  0.655730  0.554328  0.604486  0.675000  0.577777  0.714776  0.739389  0.689991  0.348677  0.592606  0.848819  0.427449  0.707173  0.717198  0.683284  0.644445  0.743678  0.731010  0.804651  0.313363  0.307803  0.687417  0.413856  0.688641  0.611875  0.336821  0.659875  0.724188  0.447588 0.0  0.616250  0.614105  0.800500  0.552715  0.690994  0.658156  0.789786  0.582487  0.740879  0.841465  0.738416  0.676693 
33  0.567005  0.590034  0.782209  0.640911  0.275199  0.362138  0.699521  0.742143  0.763613  0.765597  0.703847  0.516611  0.781913  0.745843  0.600915  0.778075  0.771370  0.684323  0.624962  0.750803  0.774532  0.647393  0.487898  0.488126  0.489866  0.614813  0.746877  0.609637  0.477112  0.677837  0.890667  0.595352  0.616250 0.0  0.695848  0.708739  0.578804  0.738113  0.703689  0.795055  0.648721  0.739292  0.785595  0.542915  0.694728 
34  0.758665  0.675367  0.503420  0.536366  0.726052  0.737086  0.778820  0.608586  0.661819  0.702540  0.653522  0.595214  0.523435  0.616968  0.563273  0.363606  0.603529  0.722825  0.829905  0.669843  0.202604  0.576970  0.559724  0.629452  0.701338  0.565567  0.849993  0.678912  0.741550  0.632637  0.678022  0.627817  0.614105  0.695848 0.0  0.613161  0.543205  0.590920  0.859325  0.619935  0.616218  0.582656  0.571994  0.777709  0.596475 
35  0.788322  0.799584  0.751704  0.604576  0.788960  0.881502  1.000000  0.635583  0.542267  0.419572  0.637291  0.711322  0.687717  0.705614  0.750976  0.669505  0.513185  0.780597  0.822175  0.697324  0.614450  0.631830  0.813782  0.789255  0.872514  0.752973  0.886361  0.605731  0.826406  0.611374  0.770888  0.640976  0.800500  0.708739  0.613161 0.0  0.697560  0.506058  0.744923  0.760423  0.746846  0.650142  0.679515  0.900451  0.758377 
36  0.753608  0.545686  0.486960  0.611167  0.642159  0.657163  0.906505  0.652087  0.684396  0.650024  0.637722  0.600858  0.467420  0.713532  0.469676  0.520088  0.797511  0.827915  0.770987  0.677601  0.557664  0.679442  0.642267  0.494527  0.660600  0.558559  0.833721  0.641788  0.588346  0.531620  0.829401  0.629586  0.552715  0.578804  0.543205  0.697560 0.0  0.667303  0.693129  0.697067  0.251149  0.627433  0.745656  0.719099  0.753110 
37  0.846302  0.825183  0.650007  0.648354  0.774805  0.740288  0.900300  0.618089  0.455639  0.333901  0.512636  0.733636  0.564818  0.816505  0.692481  0.649433  0.665040  0.823497  0.775297  0.634350  0.684592  0.673376  0.827652  0.730687  0.759243  0.688710  0.830508  0.704147  0.718864  0.557903  0.612223  0.731749  0.690994  0.738113  0.590920  0.506058  0.667303 0.0  0.860316  0.769788  0.660593  0.437133  0.746144  0.815280  0.655504 
38  0.464449  0.711171  0.773774  0.782582  0.657088  0.598225  0.361768  0.764513  0.776431  0.821784  0.731417  0.750645  0.782174  0.778204  0.853782  0.660738  0.798480  0.344904  0.295448  0.842050  0.725006  0.783301  0.690491  0.710871  0.519768  0.776240  0.478689  0.729612  0.731738  0.668717  0.736650  0.674252  0.658156  0.703689  0.859325  0.744923  0.693129  0.860316 0.0  0.733007  0.754340  0.881801  0.788411  0.379739  0.785907 
39  0.759057  0.800692  0.710870  0.699622  0.837301  0.766650  0.895144  0.721817  0.668813  0.712486  0.697813  0.722343  0.660545  0.575137  0.752970  0.623673  0.714713  0.712296  0.874501  0.602117  0.614178  0.513255  0.827446  0.799156  0.805365  0.727069  0.907665  0.664360  0.851167  0.653461  0.364036  0.788027  0.789786  0.795055  0.619935  0.760423  0.697067  0.769788  0.733007 0.0  0.731725  0.702650  0.501107  0.695030  0.576132 
40  0.721231  0.479423  0.513915  0.695905  0.615089  0.706744  0.769762  0.687162  0.676757  0.735853  0.610689  0.554443  0.632720  0.805915  0.404401  0.601725  0.700659  0.826312  0.734683  0.673493  0.542389  0.630705  0.513081  0.551478  0.720051  0.474699  0.718826  0.477756  0.636513  0.630032  0.705208  0.679321  0.582487  0.648721  0.616218  0.746846  0.251149  0.660593  0.754340  0.731725 0.0  0.605571  0.646499  0.777894  0.654837 
41  0.769797  0.829017  0.546725  0.513565  0.677845  0.807183  0.808792  0.595588  0.607755  0.283678  0.471003  0.748326  0.550702  0.601513  0.610059  0.672182  0.632189  0.815848  0.770313  0.688424  0.550279  0.617628  0.679143  0.759641  0.732539  0.662025  0.843001  0.534255  0.778759  0.453256  0.654416  0.678600  0.740879  0.739292  0.582656  0.650142  0.627433  0.437133  0.881801  0.702650  0.605571 0.0  0.616301  0.725312  0.581341 
42  0.727525  0.647305  0.603441  0.695032  0.708181  0.814924  0.801798  0.738378  0.623992  0.620218  0.733505  0.767100  0.669424  0.427119  0.628838  0.637936  0.865414  0.889211  0.923896  0.611448  0.667729  0.457401  0.681460  0.859081  0.825545  0.717741  0.796133  0.861126  0.817262  0.590571  0.340471  0.757465  0.841465  0.785595  0.571994  0.679515  0.745656  0.746144  0.788411  0.501107  0.646499  0.616301 0.0  0.841358  0.514273 
43  0.300912  0.710274  0.700669  0.770474  0.604730  0.609405  0.457039  0.715448  0.745679  0.915686  0.730137  0.760602  0.675281  0.765033  0.724480  0.774796  0.790856  0.574016  0.304651  0.868755  0.865619  0.757217  0.687241  0.700683  0.425723  0.622422  0.566855  0.683549  0.693399  0.677628  0.896487  0.586872  0.738416  0.542915  0.777709  0.900451  0.719099  0.815280  0.379739  0.695030  0.777894  0.725312  0.841358 0.0  0.810984 
44  0.872539  0.737973  0.665279  0.675668  0.777331  0.868528  0.916367  0.613275  0.477993  0.518581  0.649075  0.819180  0.766976  0.500369  0.672974  0.737190  0.778998  0.859516  0.757359  0.342526  0.696423  0.648520  0.655990  0.760556  0.744699  0.764119  0.785226  0.641045  0.781548  0.726139  0.528163  0.762229  0.676693  0.694728  0.596475  0.758377  0.753110  0.655504  0.785907  0.576132  0.654837  0.581341  0.514273  0.810984 0.0 
