45
0 0.0  0.629900  0.803776  0.615158  0.677298  0.569443  0.760875  0.735521  0.635583  0.956792  0.564688  0.596650  0.758778  0.471581  0.694932  0.522355  0.668335  0.626276  0.769979  0.647906  0.746151  0.737081  0.599837  0.651738  0.511253  0.570867  0.521749  0.638816  0.611704  0.605090  0.489262  0.794617  0.613706  0.527256  0.632173  0.735498  0.647340  0.466435  0.455097  0.577176  0.774436  0.492622  0.613440  0.695043  0.563469 
1  0.629900 0.0  0.741225  0.744119  0.835702  0.781215  0.785850  0.825639  0.804345  0.824256  0.692958  0.511853  0.716597  0.665161  0.847133  0.660309  0.664258  0.596685  0.797397  0.665001  0.797197  0.431514  0.573976  0.766157  0.746642  0.686522  0.740174  0.773112  0.506034  0.733079  0.647365  0.936660  0.740872  0.690851  0.682588  0.901634  0.592754  0.766884  0.655619  0.743395  0.846894  0.588639  0.710496  0.807705  0.721600 
2  0.803776  0.741225 0.0  0.703998  0.597332  0.724151  0.645562  0.525595  0.599793  0.349526  0.820545  0.693304  0.424556  0.767284  0.773542  0.852674  0.682604  0.754180  0.794118  0.677963  0.249369  0.851689  0.789839  0.410988  0.765341  0.766678  0.746883  0.873715  0.830374  0.565893  0.669058  0.532904  0.682907  0.634623  0.645179  0.782374  0.766229  0.691161  0.808612  0.717749  0.501338  0.784318  0.786915  0.221560  0.743964 
3  0.615158  0.744119  0.703998 0.0  0.716062  0.745837  0.707996  0.703006  0.726434  0.693903  0.524595  0.575507  0.723650  0.595558  0.608001  0.585879  0.682165  0.683411  0.695279  0.674913  0.730425  0.606782  0.687981  0.805361  0.700787  0.633409  0.720371  0.765577  0.612377  0.619802  0.544531  0.746160  0.690338  0.320123  0.430724  0.702348  0.476124  0.685130  0.575315  0.636094  0.694065  0.731554  0.580130  0.653588  0.525249 
4  0.677298  0.835702  0.597332  0.716062 0.0  0.360216  0.540427  0.647146  0.560716  0.750135  0.555332  0.735948  0.898171  0.572040  0.267417  0.757314  0.442258  0.842198  0.738303  0.407022  0.772629  0.725622  0.662579  0.633897  0.512807  0.692801  0.268507  0.877289  0.732620  0.470913  0.618661  0.762148  0.373446  0.605258  0.644637  0.424125  0.601157  0.693673  0.661967  0.501813  0.674811  0.684451  0.531737  0.678469  0.517122 
5  0.569443  0.781215  0.724151  0.745837  0.360216 0.0  0.543489  0.612783  0.554842  0.626131  0.565678  0.754348  0.593541  0.630942  0.493388  0.653741  0.330474  0.724013  0.729980  0.000000  0.679886  0.808181  0.782774  0.605952  0.519936  0.677122  0.332435  0.884565  0.763319  0.427169  0.694973  0.652111  0.167544  0.607400  0.573333  0.417090  0.749864  0.685057  0.761159  0.392304  0.563945  0.648893  0.560909  0.726398  0.599648 
6  0.760875  0.785850  0.645562  0.707996  0.540427  0.543489 0.0  0.587916  0.362096  0.625686  0.581094  0.807162  0.626924  0.716074  0.503293  0.749765  0.506979  0.737414  0.786348  0.359469  0.708059  0.813343  0.693359  0.642567  0.615718  0.615422  0.532639  0.832191  0.676925  0.367888  0.548759  0.648270  0.430351  0.641478  0.692659  0.164801  0.694618  0.644567  0.706171  0.487065  0.551156  0.617564  0.695283  0.732709  0.688764 
7  0.735521  0.825639  0.525595  0.703006  0.647146  0.612783  0.587916 0.0  0.570844  0.475762  0.816340  0.787643  0.428176  0.776496  0.717663  0.779713  0.535460  0.853176  0.825569  0.671742  0.567651  0.883661  0.777069  0.494895  0.712292  0.747783  0.687181  0.913794  0.729770  0.588998  0.678979  0.597542  0.641105  0.655302  0.724766  0.637505  0.717830  0.781815  0.741075  0.663434  0.627634  0.802707  0.653894  0.553165  0.598963 
8  0.635583  0.804345  0.599793  0.726434  0.560716  0.554842  0.362096  0.570844 0.0  0.606406  0.761339  0.715689  0.559442  0.729431  0.483882  0.631938  0.445717  0.781445  0.753025  0.499807  0.626277  0.799728  0.681231  0.512614  0.616012  0.790932  0.540277  0.807148  0.740171  0.400488  0.610148  0.785770  0.509941  0.739492  0.721630  0.491387  0.809577  0.751648  0.765360  0.527437  0.514459  0.800105  0.741904  0.600977  0.728996 
9  0.956792  0.824256  0.349526  0.693903  0.750135  0.626131  0.625686  0.475762  0.606406 0.0  0.828780  0.717597  0.532516  0.779303  0.619896  0.834298  0.763935  0.698287  0.915656  0.761504  0.434440  0.857484  0.982963  0.558057  0.701181  0.779888  0.752709  0.906607  0.760316  0.627717  0.851196  0.336018  0.640794  0.714034  0.725907  0.758130  0.753955  0.800697  0.722046  0.631678  0.607206  0.782526  0.753736  0.441759  0.755246 
10  0.564688  0.692958  0.820545  0.524595  0.555332  0.565678  0.581094  0.816340  0.761339  0.828780 0.0  0.630618  0.697381  0.339723  0.660302  0.598096  0.663798  0.675061  0.809348  0.709871  0.772252  0.595263  0.593747  0.604744  0.462922  0.311978  0.473859  0.762434  0.670360  0.689009  0.438255  0.822508  0.661317  0.350202  0.673588  0.660635  0.595008  0.431498  0.345316  0.640251  0.590934  0.615062  0.565991  0.825632  0.259992 
11  0.596650  0.511853  0.693304  0.575507  0.735948  0.754348  0.807162  0.787643  0.715689  0.717597  0.630618 0.0  0.825820  0.580460  0.707460  0.463185  0.749940  0.581339  0.678378  0.660338  0.842588  0.671782  0.626345  0.751869  0.692485  0.663555  0.681839  0.889110  0.558060  0.771009  0.615282  0.901499  0.729085  0.535412  0.652877  0.709555  0.566914  0.668417  0.547334  0.725073  0.830690  0.658861  0.591920  0.713646  0.585670 
12  0.758778  0.716597  0.424556  0.723650  0.898171  0.593541  0.626924  0.428176  0.559442  0.532516  0.697381  0.825820 0.0  0.793882  0.679019  0.760898  0.601149  0.968904  0.788323  0.719935  0.512527  0.848181  0.830024  0.231418  0.826425  0.697969  0.638248  0.856729  0.738634  0.535594  0.590745  0.558690  0.556732  0.742104  0.690573  0.652567  0.790164  0.698492  0.706276  0.640521  0.252606  0.772234  0.698683  0.452234  0.698218 
13  0.471581  0.665161  0.767284  0.595558  0.572040  0.630942  0.716074  0.776496  0.729431  0.779303  0.339723  0.580460  0.793882 0.0  0.670867  0.568793  0.712013  0.584869  0.755961  0.772591  0.756922  0.619538  0.578193  0.705150  0.528235  0.280874  0.615521  0.762940  0.684912  0.677578  0.498785  0.877176  0.688830  0.517760  0.634136  0.747917  0.552100  0.526818  0.312439  0.674653  0.745331  0.589895  0.701893  0.760295  0.433455 
14  0.694932  0.847133  0.773542  0.608001  0.267417  0.493388  0.503293  0.717663  0.483882  0.619896  0.660302  0.707460  0.679019  0.670867 0.0  0.638772  0.378934  0.709488  0.842950  0.420656  0.609543  0.848843  0.695670  0.698584  0.453962  0.660359  0.367229  0.842963  0.707233  0.436936  0.665842  0.627710  0.200256  0.542700  0.604991  0.496328  0.675775  0.665133  0.696773  0.322765  0.650960  0.688520  0.534085  0.805552  0.626580 
15  0.522355  0.660309  0.852674  0.585879  0.757314  0.653741  0.749765  0.779713  0.631938  0.834298  0.598096  0.463185  0.760898  0.568793  0.638772 0.0  0.641432  0.744106  0.782428  0.719765  0.745741  0.605262  0.605122  0.751780  0.568359  0.451640  0.532506  0.770395  0.572930  0.760863  0.588135  0.811444  0.608818  0.451580  0.532500  0.725616  0.439512  0.601142  0.451484  0.712940  0.753360  0.619363  0.637452  0.738767  0.489561 
16  0.668335  0.664258  0.682604  0.682165  0.442258  0.330474  0.506979  0.535460  0.445717  0.763935  0.663798  0.749940  0.601149  0.712013  0.378934  0.641432 0.0  0.826295  0.807418  0.286545  0.674809  0.588423  0.694895  0.650730  0.572603  0.583495  0.461144  0.901950  0.724016  0.362403  0.628134  0.722483  0.252724  0.581505  0.691877  0.376673  0.588188  0.649234  0.505045  0.336565  0.599579  0.799513  0.606839  0.653589  0.643919 
17  0.626276  0.596685  0.754180  0.683411  0.842198  0.724013  0.737414  0.853176  0.781445  0.698287  0.675061  0.581339  0.968904  0.584869  0.709488  0.744106  0.826295 0.0  0.733974  0.855465  0.836641  0.600340  0.737167  0.792845  0.788592  0.688194  0.700031  0.627046  0.568786  0.671001  0.805496  0.830420  0.779835  0.655526  0.810711  0.764154  0.602706  0.730379  0.738775  0.704719  0.814712  0.677751  0.659755  0.777302  0.712839 
18  0.769979  0.797397  0.794118  0.695279  0.738303  0.729980  0.786348  0.825569  0.753025  0.915656  0.809348  0.678378  0.788323  0.755961  0.842950  0.782428  0.807418  0.733974 0.0  0.813012  0.844326  0.739161  0.682822  0.894483  0.887437  0.718244  0.779562  0.653077  0.810382  0.791299  0.805316  0.837893  0.788354  0.704293  0.796305  0.782909  0.883259  0.736381  0.750634  0.799049  0.833114  0.826303  0.718331  0.932564  0.743299 
19  0.647906  0.665001  0.677963  0.674913  0.407022  0.000000  0.359469  0.671742  0.499807  0.761504  0.709871  0.660338  0.719935  0.772591  0.420656  0.719765  0.286545  0.855465  0.813012 0.0  0.626539  0.692653  0.764808  0.566615  0.578656  0.581788  0.528905  0.769278  0.657018  0.316109  0.688688  0.633465  0.327177  0.614564  0.671140  0.370436  0.727277  0.731092  0.773212  0.455627  0.635061  0.661427  0.575661  0.612090  0.652181 
20  0.746151  0.797197  0.249369  0.730425  0.772629  0.679886  0.708059  0.567651  0.626277  0.434440  0.772252  0.842588  0.512527  0.756922  0.609543  0.745741  0.674809  0.836641  0.844326  0.626539 0.0  0.779569  0.796839  0.584331  0.787989  0.779112  0.643055  0.952709  0.807168  0.459485  0.699901  0.503317  0.605883  0.784994  0.654441  0.671743  0.713766  0.777844  0.798717  0.677163  0.372767  0.691444  0.689429  0.416039  0.665494 
21  0.737081  0.431514  0.851689  0.606782  0.725622  0.808181  0.813343  0.883661  0.799728  0.857484  0.595263  0.671782  0.848181  0.619538  0.848843  0.605262  0.588423  0.600340  0.739161  0.692653  0.779569 0.0  0.431430  0.726158  0.708726  0.698474  0.646731  0.745073  0.583588  0.720536  0.610931  0.793000  0.775425  0.639427  0.723771  0.778261  0.658865  0.534133  0.658490  0.746083  0.807973  0.598422  0.739602  0.842522  0.628118 
22  0.599837  0.573976  0.789839  0.687981  0.662579  0.782774  0.693359  0.777069  0.681231  0.982963  0.593747  0.626345  0.830024  0.578193  0.695670  0.605122  0.694895  0.737167  0.682822  0.764808  0.796839  0.431430 0.0  0.842306  0.711999  0.696157  0.690422  0.799093  0.426703  0.647869  0.680738  0.843085  0.744015  0.707109  0.728688  0.821623  0.529751  0.576053  0.693333  0.678318  0.713628  0.386403  0.755973  0.697110  0.647087 
23  0.651738  0.766157  0.410988  0.805361  0.633897  0.605952  0.642567  0.494895  0.512614  0.558057  0.604744  0.751869  0.231418  0.705150  0.698584  0.751780  0.650730  0.792845  0.894483  0.566615  0.584331  0.726158  0.842306 0.0  0.618218  0.789883  0.575815  0.886025  0.757061  0.546865  0.784477  0.636697  0.593557  0.713464  0.757679  0.513342  0.727831  0.778849  0.710811  0.613663  0.422560  0.798263  0.523197  0.613745  0.719711 
24  0.511253  0.746642  0.765341  0.700787  0.512807  0.519936  0.615718  0.712292  0.616012  0.701181  0.462922  0.692485  0.826425  0.528235  0.453962  0.568359  0.572603  0.788592  0.887437  0.578656  0.787989  0.708726  0.711999  0.618218 0.0  0.535247  0.473119  1.000000  0.739858  0.609044  0.478541  0.784747  0.572988  0.505654  0.480412  0.621145  0.541002  0.479467  0.522893  0.418095  0.684062  0.720620  0.603624  0.776370  0.583540 
25  0.570867  0.686522  0.766678  0.633409  0.692801  0.677122  0.615422  0.747783  0.790932  0.779888  0.311978  0.663555  0.697969  0.280874  0.660359  0.451640  0.583495  0.688194  0.718244  0.581788  0.779112  0.698474  0.696157  0.789883  0.535247 0.0  0.635787  0.754789  0.624740  0.694312  0.462416  0.826251  0.576066  0.489267  0.581368  0.677580  0.496038  0.523496  0.386439  0.667886  0.715281  0.547437  0.603550  0.760549  0.348497 
26  0.521749  0.740174  0.746883  0.720371  0.268507  0.332435  0.532639  0.687181  0.540277  0.752709  0.473859  0.681839  0.638248  0.615521  0.367229  0.532506  0.461144  0.700031  0.779562  0.528905  0.643055  0.646731  0.690422  0.575815  0.473119  0.635787 0.0  0.893385  0.676931  0.549938  0.517508  0.653416  0.456985  0.585139  0.579383  0.493642  0.624803  0.639706  0.590059  0.546414  0.600361  0.711341  0.488758  0.740765  0.619476 
27  0.638816  0.773112  0.873715  0.765577  0.877289  0.884565  0.832191  0.913794  0.807148  0.906607  0.762434  0.889110  0.856729  0.762940  0.842963  0.770395  0.901950  0.627046  0.653077  0.769278  0.952709  0.745073  0.799093  0.886025  1.000000  0.754789  0.893385 0.0  0.798559  0.858116  0.826208  0.892532  0.795866  0.814758  0.738360  0.889248  0.779224  0.914625  0.744938  0.754503  0.867544  0.737579  0.739613  0.964897  0.842875 
28  0.611704  0.506034  0.830374  0.612377  0.732620  0.763319  0.676925  0.729770  0.740171  0.760316  0.670360  0.558060  0.738634  0.684912  0.707233  0.572930  0.724016  0.568786  0.810382  0.657018  0.807168  0.583588  0.426703  0.757061  0.739858  0.624740  0.676931  0.798559 0.0  0.748535  0.627586  0.837509  0.697353  0.712075  0.612749  0.792482  0.538237  0.560624  0.562575  0.743128  0.832532  0.521952  0.647440  0.814912  0.516047 
29  0.605090  0.733079  0.565893  0.619802  0.470913  0.427169  0.367888  0.588998  0.400488  0.627717  0.689009  0.771009  0.535594  0.677578  0.436936  0.760863  0.362403  0.671001  0.791299  0.316109  0.459485  0.720536  0.647869  0.546865  0.609044  0.694312  0.549938  0.858116  0.748535 0.0  0.682761  0.699983  0.357170  0.667719  0.702595  0.140039  0.722008  0.630765  0.767584  0.447958  0.673395  0.717789  0.673053  0.681971  0.625265 
30  0.489262  0.647365  0.669058  0.544531  0.618661  0.694973  0.548759  0.678979  0.610148  0.851196  0.438255  0.615282  0.590745  0.498785  0.665842  0.588135  0.628134  0.805496  0.805316  0.688688  0.699901  0.610931  0.680738  0.784477  0.478541  0.462416  0.517508  0.826208  0.627586  0.682761 0.0  0.756219  0.589123  0.286349  0.341694  0.541854  0.597189  0.601922  0.606683  0.554441  0.701170  0.652358  0.487983  0.749825  0.500892 
31  0.794617  0.936660  0.532904  0.746160  0.762148  0.652111  0.648270  0.597542  0.785770  0.336018  0.822508  0.901499  0.558690  0.877176  0.627710  0.811444  0.722483  0.830420  0.837893  0.633465  0.503317  0.793000  0.843085  0.636697  0.784747  0.826251  0.653416  0.892532  0.837509  0.699983  0.756219 0.0  0.744048  0.802686  0.664815  0.607081  0.836379  0.878566  0.811920  0.766102  0.546254  0.750390  0.738791  0.470578  0.741765 
32  0.613706  0.740872  0.682907  0.690338  0.373446  0.167544  0.430351  0.641105  0.509941  0.640794  0.661317  0.729085  0.556732  0.688830  0.200256  0.608818  0.252724  0.779835  0.788354  0.327177  0.605883  0.775425  0.744015  0.593557  0.572988  0.576066  0.456985  0.795866  0.697353  0.357170  0.589123  0.744048 0.0  0.726003  0.649619  0.485978  0.637570  0.573507  0.588026  0.432605  0.736159  0.652671  0.643939  0.804353  0.659289 
33  0.527256  0.690851  0.634623  0.320123  0.605258  0.607400  0.641478  0.655302  0.739492  0.714034  0.350202  0.535412  0.742104  0.517760  0.542700  0.451580  0.581505  0.655526  0.704293  0.614564  0.784994  0.639427  0.707109  0.713464  0.505654  0.489267  0.585139  0.814758  0.712075  0.667719  0.286349  0.802686  0.726003 0.0  0.570804  0.690301  0.486610  0.660333  0.400667  0.643432  0.701244  0.602559  0.541679  0.906907  0.365983 
34  0.632173  0.682588  0.645179  0.430724  0.644637  0.573333  0.692659  0.724766  0.721630  0.725907  0.673588  0.652877  0.690573  0.634136  0.604991  0.532500  0.691877  0.810711  0.796305  0.671140  0.654441  0.723771  0.728688  0.757679  0.480412  0.581368  0.579383  0.738360  0.612749  0.702595  0.341694  0.664815  0.649619  0.570804 0.0  0.652737  0.714543  0.688987  0.500925  0.604896  0.708483  0.668521  0.074647  0.751231  0.612346 
35  0.735498  0.901634  0.782374  0.702348  0.424125  0.417090  0.164801  0.637505  0.491387  0.758130  0.660635  0.709555  0.652567  0.747917  0.496328  0.725616  0.376673  0.764154  0.782909  0.370436  0.671743  0.778261  0.821623  0.513342  0.621145  0.677580  0.493642  0.889248  0.792482  0.140039  0.541854  0.607081  0.485978  0.690301  0.652737 0.0  0.766180  0.627956  0.698374  0.424344  0.718290  0.638192  0.685289  0.617913  0.689982 
36  0.647340  0.592754  0.766229  0.476124  0.601157  0.749864  0.694618  0.717830  0.809577  0.753955  0.595008  0.566914  0.790164  0.552100  0.675775  0.439512  0.588188  0.602706  0.883259  0.727277  0.713766  0.658865  0.529751  0.727831  0.541002  0.496038  0.624803  0.779224  0.538237  0.722008  0.597189  0.836379  0.637570  0.486610  0.714543  0.766180 0.0  0.591450  0.561499  0.731202  0.716313  0.611948  0.667485  0.761177  0.500844 
37  0.466435  0.766884  0.691161  0.685130  0.693673  0.685057  0.644567  0.781815  0.751648  0.800697  0.431498  0.668417  0.698492  0.526818  0.665133  0.601142  0.649234  0.730379  0.736381  0.731092  0.777844  0.534133  0.576053  0.778849  0.479467  0.523496  0.639706  0.914625  0.560624  0.630765  0.601922  0.878566  0.573507  0.660333  0.688987  0.627956  0.591450 0.0  0.535896  0.684735  0.739622  0.492284  0.645945  0.711938  0.560450 
38  0.455097  0.655619  0.808612  0.575315  0.661967  0.761159  0.706171  0.741075  0.765360  0.722046  0.345316  0.547334  0.706276  0.312439  0.696773  0.451484  0.505045  0.738775  0.750634  0.773212  0.798717  0.658490  0.693333  0.710811  0.522893  0.386439  0.590059  0.744938  0.562575  0.767584  0.606683  0.811920  0.588026  0.400667  0.500925  0.698374  0.561499  0.535896 0.0  0.670239  0.860605  0.680139  0.647131  0.708211  0.241619 
39  0.577176  0.743395  0.717749  0.636094  0.501813  0.392304  0.487065  0.663434  0.527437  0.631678  0.640251  0.725073  0.640521  0.674653  0.322765  0.712940  0.336565  0.704719  0.799049  0.455627  0.677163  0.746083  0.678318  0.613663  0.418095  0.667886  0.546414  0.754503  0.743128  0.447958  0.554441  0.766102  0.432605  0.643432  0.604896  0.424344  0.731202  0.684735  0.670239 0.0  0.692681  0.724367  0.600648  0.547734  0.730492 
40  0.774436  0.846894  0.501338  0.694065  0.674811  0.563945  0.551156  0.627634  0.514459  0.607206  0.590934  0.830690  0.252606  0.745331  0.650960  0.753360  0.599579  0.814712  0.833114  0.635061  0.372767  0.807973  0.713628  0.422560  0.684062  0.715281  0.600361  0.867544  0.832532  0.673395  0.701170  0.546254  0.736159  0.701244  0.708483  0.718290  0.716313  0.739622  0.860605  0.692681 0.0  0.824245  0.673900  0.524330  0.727509 
41  0.492622  0.588639  0.784318  0.731554  0.684451  0.648893  0.617564  0.802707  0.800105  0.782526  0.615062  0.658861  0.772234  0.589895  0.688520  0.619363  0.799513  0.677751  0.826303  0.661427  0.691444  0.598422  0.386403  0.798263  0.720620  0.547437  0.711341  0.737579  0.521952  0.717789  0.652358  0.750390  0.652671  0.602559  0.668521  0.638192  0.611948  0.492284  0.680139  0.724367  0.824245 0.0  0.678417  0.850928  0.605283 
42  0.613440  0.710496  0.786915  0.580130  0.531737  0.560909  0.695283  0.653894  0.741904  0.753736  0.565991  0.591920  0.698683  0.701893  0.534085  0.637452  0.606839  0.659755  0.718331  0.575661  0.689429  0.739602  0.755973  0.523197  0.603624  0.603550  0.488758  0.739613  0.647440  0.673053  0.487983  0.738791  0.643939  0.541679  0.074647  0.685289  0.667485  0.645945  0.647131  0.600648  0.673900  0.678417 0.0  0.773445  0.484194 
43  0.695043  0.807705  0.221560  0.653588  0.678469  0.726398  0.732709  0.553165  0.600977  0.441759  0.825632  0.713646  0.452234  0.760295  0.805552  0.738767  0.653589  0.777302  0.932564  0.612090  0.416039  0.842522  0.697110  0.613745  0.776370  0.760549  0.740765  0.964897  0.814912  0.681971  0.749825  0.470578  0.804353  0.906907  0.751231  0.617913  0.761177  0.711938  0.708211  0.547734  0.524330  0.850928  0.773445 0.0  0.717259 
44  0.563469  0.721600  0.743964  0.525249  0.517122  0.599648  0.688764  0.598963  0.728996  0.755246  0.259992  0.585670  0.698218  0.433455  0.626580  0.489561  0.643919  0.712839  0.743299  0.652181  0.665494  0.628118  0.647087  0.719711  0.583540  0.348497  0.619476  0.842875  0.516047  0.625265  0.500892  0.741765  0.659289  0.365983  0.612346  0.689982  0.500844  0.560450  0.241619  0.730492  0.727509  0.605283  0.484194  0.717259 0.0 
