45
0 0.0  0.834790  0.761229  0.587825  0.626343  0.738546  0.713800  0.823704  0.624525  0.613061  0.760694  0.560315  0.825840  0.620315  0.627158  0.732030  0.776374  0.751143  0.747287  0.867434  0.796527  0.650091  0.902051  0.635362  0.880116  0.641959  0.652535  0.545023  0.697255  0.765253  0.603593  0.707017  0.643378  0.606193  0.663962  0.823196  0.777873  0.780341  0.606230  0.707871  0.776526  0.675189  0.608289  0.677482  0.661189 
1  0.834790 0.0  0.781293  0.729009  0.717010  0.419801  0.672158  0.717043  0.580289  0.604310  0.508350  0.496548  0.645242  0.670351  0.606011  0.232772  0.314422  0.351153  0.590900  0.380182  0.422267  0.707245  0.631120  0.554459  0.800917  0.540280  0.786494  0.606596  0.730030  0.590094  0.692316  0.808639  0.762013  0.793059  0.385895  0.619938  0.839941  0.614922  0.611973  0.640118  0.572547  0.405540  0.656395  0.784994  0.833566 
2  0.761229  0.781293 0.0  0.666872  0.586756  0.655159  0.545145  0.731578  0.588130  0.626537  0.837225  0.616029  0.812534  0.632775  0.579823  0.736354  0.838154  0.645455  0.717352  0.662004  0.646253  0.648414  0.770236  0.585287  0.747073  0.658938  0.539890  0.659833  0.475057  0.539835  0.693708  0.687651  0.602821  0.546716  0.702873  0.699382  0.782542  0.803356  0.576637  0.520641  0.723324  0.718830  0.469765  0.509448  0.603053 
3  0.587825  0.729009  0.666872 0.0  0.575603  0.730415  0.665842  0.791219  0.630815  0.675415  0.650190  0.619599  0.746180  0.600040  0.621293  0.822338  0.749044  0.748668  0.919000  0.686911  0.755874  0.713084  0.922188  0.658348  0.680483  0.684021  0.532423  0.685670  0.649703  0.660547  0.357397  0.747000  0.514820  0.689806  0.759623  0.876657  0.742445  0.781981  0.574564  0.653503  0.678643  0.622739  0.660854  0.480695  0.553551 
4  0.626343  0.717010  0.586756  0.575603 0.0  0.583946  0.179749  0.716706  0.176652  0.574939  0.580850  0.460756  0.721002  0.432762  0.258814  0.633217  0.624249  0.685255  0.750075  0.645465  0.656878  0.333702  0.783411  0.339703  0.762173  0.456929  0.687535  0.566395  0.782561  0.650984  0.660409  0.839696  0.603897  0.500074  0.701327  0.724454  0.738736  0.842465  0.527454  0.381833  0.516240  0.648782  0.414883  0.477081  0.579634 
5  0.738546  0.419801  0.655159  0.730415  0.583946 0.0  0.474844  0.590714  0.716354  0.647710  0.521097  0.583910  0.581434  0.666611  0.641466  0.422603  0.383237  0.528151  0.741799  0.334904  0.250427  0.518177  0.573945  0.655816  0.925173  0.601965  0.744336  0.751508  0.651872  0.526747  0.739194  0.843294  0.646031  0.664683  0.334715  0.657983  0.693908  0.709699  0.601035  0.598154  0.597764  0.406109  0.641844  0.671727  0.853275 
6  0.713800  0.672158  0.545145  0.665842  0.179749  0.474844 0.0  0.804335  0.057382  0.448458  0.546767  0.512363  0.668310  0.412326  0.482796  0.618248  0.744726  0.460770  0.715572  0.673710  0.651332  0.298598  0.754677  0.288960  0.755002  0.436203  0.575350  0.642895  0.651092  0.512486  0.669280  0.867107  0.666937  0.514112  0.636130  0.781945  0.696528  0.767253  0.498639  0.570514  0.361992  0.658162  0.407024  0.543009  0.585309 
7  0.823704  0.717043  0.731578  0.791219  0.716706  0.590714  0.804335 0.0  0.734305  0.721168  0.660184  0.651446  0.541227  0.805616  0.763867  0.726702  0.683192  0.745763  0.454971  0.685844  0.669704  0.721099  0.484072  0.730430  0.907797  0.702310  0.780424  0.642473  0.789106  0.633896  0.861412  0.894699  0.759131  0.757368  0.750323  0.441733  0.899802  0.330791  0.775221  0.747667  0.742088  0.682658  0.808879  0.825728  0.789389 
8  0.624525  0.580289  0.588130  0.630815  0.176652  0.716354  0.057382  0.734305 0.0  0.553929  0.627125  0.423481  0.762348  0.445239  0.356095  0.808551  0.770111  0.554800  0.757283  0.645607  0.812503  0.382742  0.781150  0.354051  0.773225  0.603080  0.656612  0.615745  0.698872  0.579129  0.684682  0.774444  0.620175  0.550119  0.699829  0.776235  0.765266  0.727702  0.570278  0.429212  0.593854  0.598057  0.457429  0.465296  0.571268 
9  0.613061  0.604310  0.626537  0.675415  0.574939  0.647710  0.448458  0.721168  0.553929 0.0  0.619907  0.210983  0.795242  0.360886  0.619439  0.712521  0.661869  0.626398  0.835339  0.599280  0.651781  0.423470  0.770130  0.422814  0.721167  0.539391  0.648066  0.278042  0.745724  0.588463  0.709111  0.841411  0.515864  0.574500  0.613561  0.767230  0.892857  0.786589  0.537592  0.580910  0.589868  0.627976  0.510250  0.597605  0.623537 
10  0.760694  0.508350  0.837225  0.650190  0.580850  0.521097  0.546767  0.660184  0.627125  0.619907 0.0  0.576095  0.626158  0.661314  0.587661  0.416781  0.554268  0.317210  0.710571  0.404139  0.418571  0.542091  0.754754  0.577662  0.871360  0.560784  0.747971  0.587241  0.691581  0.545874  0.697646  0.847634  0.782775  0.582474  0.341516  0.705922  0.915203  0.655617  0.731497  0.553493  0.497079  0.198557  0.646462  0.678635  0.719027 
11  0.560315  0.496548  0.616029  0.619599  0.460756  0.583910  0.512363  0.651446  0.423481  0.210983  0.576095 0.0  0.802353  0.439891  0.567411  0.671462  0.678519  0.657267  0.806771  0.644904  0.540818  0.469450  0.706327  0.460463  0.831309  0.520510  0.640431  0.399034  0.661558  0.455575  0.673679  0.759031  0.590936  0.493653  0.698034  0.660451  0.937348  0.812359  0.588128  0.594312  0.427833  0.545080  0.630303  0.678015  0.616970 
12  0.825840  0.645242  0.812534  0.746180  0.721002  0.581434  0.668310  0.541227  0.762348  0.795242  0.626158  0.802353 0.0  0.695806  0.770370  0.568032  0.639709  0.592746  0.307321  0.750488  0.708368  0.788879  0.583588  0.578978  0.887585  0.713332  0.815071  0.747844  0.832073  0.684981  0.773885  0.927648  0.801772  0.781357  0.655764  0.184292  0.822406  0.256108  0.748427  0.756584  0.764627  0.567331  0.828617  0.752667  0.863244 
13  0.620315  0.670351  0.632775  0.600040  0.432762  0.666611  0.412326  0.805616  0.445239  0.360886  0.661314  0.439891  0.695806 0.0  0.429295  0.492070  0.758175  0.568261  0.754904  0.633809  0.741702  0.398041  0.745334  0.346277  0.823823  0.507365  0.661158  0.486182  0.789411  0.693592  0.622793  0.843541  0.549253  0.504057  0.621310  0.757973  0.678312  0.741990  0.376733  0.460621  0.669514  0.650258  0.653096  0.541189  0.608492 
14  0.627158  0.606011  0.579823  0.621293  0.258814  0.641466  0.482796  0.763867  0.356095  0.619439  0.587661  0.567411  0.770370  0.429295 0.0  0.666541  0.665201  0.603298  0.837611  0.644411  0.646460  0.483960  0.746696  0.406875  0.646571  0.483196  0.569149  0.584465  0.630028  0.568231  0.634327  0.822820  0.498418  0.323235  0.632346  0.744978  0.769564  0.919833  0.462985  0.470823  0.519274  0.568121  0.366852  0.437581  0.504862 
15  0.732030  0.232772  0.736354  0.822338  0.633217  0.422603  0.618248  0.726702  0.808551  0.712521  0.416781  0.671462  0.568032  0.492070  0.666541 0.0  0.396187  0.432367  0.663038  0.311455  0.378668  0.661376  0.749346  0.674563  0.874834  0.523024  0.813573  0.700096  0.708720  0.627172  0.741631  0.809981  0.755283  0.735476  0.355440  0.646884  0.757146  0.648845  0.743663  0.727512  0.648346  0.478904  0.704044  0.677648  0.662486 
16  0.776374  0.314422  0.838154  0.749044  0.624249  0.383237  0.744726  0.683192  0.770111  0.661869  0.554268  0.678519  0.639709  0.758175  0.665201  0.396187 0.0  0.407140  0.695722  0.477001  0.435242  0.712024  0.655615  0.726906  0.732403  0.580360  0.699253  0.625038  0.774430  0.764558  0.724572  0.966344  0.741867  0.740995  0.569478  0.619795  1.000000  0.697381  0.713809  0.735785  0.699963  0.517593  0.645339  0.746054  0.735696 
17  0.751143  0.351153  0.645455  0.748668  0.685255  0.528151  0.460770  0.745763  0.554800  0.626398  0.317210  0.657267  0.592746  0.568261  0.603298  0.432367  0.407140 0.0  0.629676  0.239551  0.495912  0.510866  0.676287  0.507714  0.747842  0.605983  0.757632  0.568568  0.613673  0.624975  0.772036  0.928174  0.711225  0.701834  0.362580  0.684163  0.841571  0.584807  0.765688  0.740024  0.484628  0.488614  0.650232  0.762249  0.656108 
18  0.747287  0.590900  0.717352  0.919000  0.750075  0.741799  0.715572  0.454971  0.757283  0.835339  0.710571  0.806771  0.307321  0.754904  0.837611  0.663038  0.695722  0.629676 0.0  0.623572  0.641188  0.708684  0.453877  0.778166  0.813331  0.747008  0.906409  0.773629  0.774823  0.765117  0.849830  0.943946  0.761952  0.698823  0.610575  0.441327  0.864910  0.045584  0.830118  0.786541  0.754827  0.782131  0.875365  0.846057  0.732730 
19  0.867434  0.380182  0.662004  0.686911  0.645465  0.334904  0.673710  0.685844  0.645607  0.599280  0.404139  0.644904  0.750488  0.633809  0.644411  0.311455  0.477001  0.239551  0.623572 0.0  0.416963  0.609620  0.817042  0.626212  0.782888  0.494311  0.632696  0.600427  0.645916  0.577021  0.803102  0.831756  0.734221  0.595965  0.275100  0.591118  0.722665  0.696663  0.628609  0.600665  0.678003  0.372260  0.580153  0.713448  0.767562 
20  0.796527  0.422267  0.646253  0.755874  0.656878  0.250427  0.651332  0.669704  0.812503  0.651781  0.418571  0.540818  0.708368  0.741702  0.646460  0.378668  0.435242  0.495912  0.641188  0.416963 0.0  0.392259  0.548686  0.640049  0.753889  0.458182  0.728845  0.692390  0.772921  0.523845  0.788651  0.801196  0.586687  0.716823  0.377968  0.732782  0.751285  0.675338  0.736339  0.734340  0.534161  0.546659  0.642609  0.791054  0.667836 
21  0.650091  0.707245  0.648414  0.713084  0.333702  0.518177  0.298598  0.721099  0.382742  0.423470  0.542091  0.469450  0.788879  0.398041  0.483960  0.661376  0.712024  0.510866  0.708684  0.609620  0.392259 0.0  0.770254  0.305038  0.812014  0.383975  0.692742  0.565386  0.717934  0.582377  0.650252  0.740502  0.702976  0.470148  0.654207  0.811834  0.727749  0.722088  0.504088  0.443116  0.551509  0.637188  0.417665  0.622568  0.552671 
22  0.902051  0.631120  0.770236  0.922188  0.783411  0.573945  0.754677  0.484072  0.781150  0.770130  0.754754  0.706327  0.583588  0.745334  0.746696  0.749346  0.655615  0.676287  0.453877  0.817042  0.548686  0.770254 0.0  0.822884  0.900988  0.748378  0.838195  0.845013  0.780050  0.731923  0.783510  0.819887  0.886865  0.845515  0.810769  0.490311  0.841616  0.461323  0.762940  0.845143  0.809412  0.602616  0.880264  0.857437  0.779686 
23  0.635362  0.554459  0.585287  0.658348  0.339703  0.655816  0.288960  0.730430  0.354051  0.422814  0.577662  0.460463  0.578978  0.346277  0.406875  0.674563  0.726906  0.507714  0.778166  0.626212  0.640049  0.305038  0.822884 0.0  0.783158  0.509914  0.742573  0.526411  0.677845  0.461245  0.659712  0.827008  0.652638  0.552258  0.586780  0.686349  0.733103  0.787457  0.525661  0.507130  0.459064  0.592616  0.464529  0.543637  0.607426 
24  0.880116  0.800917  0.747073  0.680483  0.762173  0.925173  0.755002  0.907797  0.773225  0.721167  0.871360  0.831309  0.887585  0.823823  0.646571  0.874834  0.732403  0.747842  0.813331  0.782888  0.753889  0.812014  0.900988  0.783158 0.0  0.803066  0.785976  0.872340  0.688080  0.730467  0.763341  0.620541  0.762901  0.702382  0.868000  0.766221  0.735716  0.850933  0.820454  0.715782  0.824496  0.755082  0.778893  0.732024  0.692098 
25  0.641959  0.540280  0.658938  0.684021  0.456929  0.601965  0.436203  0.702310  0.603080  0.539391  0.560784  0.520510  0.713332  0.507365  0.483196  0.523024  0.580360  0.605983  0.747008  0.494311  0.458182  0.383975  0.748378  0.509914  0.803066 0.0  0.672046  0.618834  0.784339  0.580662  0.613850  0.870926  0.582584  0.610267  0.596039  0.870314  0.654063  0.617067  0.666819  0.536354  0.380273  0.453732  0.571946  0.683649  0.648869 
26  0.652535  0.786494  0.539890  0.532423  0.687535  0.744336  0.575350  0.780424  0.656612  0.648066  0.747971  0.640431  0.815071  0.661158  0.569149  0.813573  0.699253  0.757632  0.906409  0.632696  0.728845  0.692742  0.838195  0.742573  0.785976  0.672046 0.0  0.653231  0.526715  0.683602  0.583588  0.751168  0.454743  0.429089  0.812709  0.828595  0.794623  0.744360  0.543256  0.525301  0.659605  0.731643  0.701699  0.454434  0.465730 
27  0.545023  0.606596  0.659833  0.685670  0.566395  0.751508  0.642895  0.642473  0.615745  0.278042  0.587241  0.399034  0.747844  0.486182  0.584465  0.700096  0.625038  0.568568  0.773629  0.600427  0.692390  0.565386  0.845013  0.526411  0.872340  0.618834  0.653231 0.0  0.710046  0.716638  0.636538  0.816962  0.561629  0.659938  0.630195  0.782993  0.743012  0.662100  0.579205  0.588221  0.494126  0.712582  0.669758  0.703449  0.587808 
28  0.697255  0.730030  0.475057  0.649703  0.782561  0.651872  0.651092  0.789106  0.698872  0.745724  0.691581  0.661558  0.832073  0.789411  0.630028  0.708720  0.774430  0.613673  0.774823  0.645916  0.772921  0.717934  0.780050  0.677845  0.688080  0.784339  0.526715  0.710046 0.0  0.743866  0.713768  0.739250  0.599382  0.589287  0.648759  0.867953  0.636909  0.814780  0.590191  0.623882  0.662010  0.852710  0.575343  0.501083  0.662173 
29  0.765253  0.590094  0.539835  0.660547  0.650984  0.526747  0.512486  0.633896  0.579129  0.588463  0.545874  0.455575  0.684981  0.693592  0.568231  0.627172  0.764558  0.624975  0.765117  0.577021  0.523845  0.582377  0.731923  0.461245  0.730467  0.580662  0.683602  0.716638  0.743866 0.0  0.708788  0.833739  0.752082  0.628967  0.551140  0.750601  0.753487  0.764363  0.680344  0.590572  0.462281  0.523763  0.504615  0.670632  0.620883 
30  0.603593  0.692316  0.693708  0.357397  0.660409  0.739194  0.669280  0.861412  0.684682  0.709111  0.697646  0.673679  0.773885  0.622793  0.634327  0.741631  0.724572  0.772036  0.849830  0.803102  0.788651  0.650252  0.783510  0.659712  0.763341  0.613850  0.583588  0.636538  0.713768  0.708788 0.0  0.760057  0.535726  0.606601  0.784920  0.850511  0.671169  0.757444  0.601714  0.669472  0.752498  0.760742  0.694144  0.540223  0.501035 
31  0.707017  0.808639  0.687651  0.747000  0.839696  0.843294  0.867107  0.894699  0.774444  0.841411  0.847634  0.759031  0.927648  0.843541  0.822820  0.809981  0.966344  0.928174  0.943946  0.831756  0.801196  0.740502  0.819887  0.827008  0.620541  0.870926  0.751168  0.816962  0.739250  0.833739  0.760057 0.0  0.730707  0.752390  0.843753  0.800542  0.445078  0.816632  0.698472  0.783103  0.763924  0.824466  0.730398  0.798256  0.679198 
32  0.643378  0.762013  0.602821  0.514820  0.603897  0.646031  0.666937  0.759131  0.620175  0.515864  0.782775  0.590936  0.801772  0.549253  0.498418  0.755283  0.741867  0.711225  0.761952  0.734221  0.586687  0.702976  0.886865  0.652638  0.762901  0.582584  0.454743  0.561629  0.599382  0.752082  0.535726  0.730707 0.0  0.591768  0.708246  0.821354  0.789563  0.809775  0.453012  0.617447  0.616466  0.735916  0.525404  0.330183  0.426579 
33  0.606193  0.793059  0.546716  0.689806  0.500074  0.664683  0.514112  0.757368  0.550119  0.574500  0.582474  0.493653  0.781357  0.504057  0.323235  0.735476  0.740995  0.701834  0.698823  0.595965  0.716823  0.470148  0.845515  0.552258  0.702382  0.610267  0.429089  0.659938  0.589287  0.628967  0.606601  0.752390  0.591768 0.0  0.591307  0.677083  0.811307  0.758383  0.523633  0.320699  0.527614  0.639686  0.161657  0.393669  0.614804 
34  0.663962  0.385895  0.702873  0.759623  0.701327  0.334715  0.636130  0.750323  0.699829  0.613561  0.341516  0.698034  0.655764  0.621310  0.632346  0.355440  0.569478  0.362580  0.610575  0.275100  0.377968  0.654207  0.810769  0.586780  0.868000  0.596039  0.812709  0.630195  0.648759  0.551140  0.784920  0.843753  0.708246  0.591307 0.0  0.711282  0.749586  0.753042  0.658049  0.582315  0.488868  0.473942  0.653863  0.750418  0.620826 
35  0.823196  0.619938  0.699382  0.876657  0.724454  0.657983  0.781945  0.441733  0.776235  0.767230  0.705922  0.660451  0.184292  0.757973  0.744978  0.646884  0.619795  0.684163  0.441327  0.591118  0.732782  0.811834  0.490311  0.686349  0.766221  0.870314  0.828595  0.782993  0.867953  0.750601  0.850511  0.800542  0.821354  0.677083  0.711282 0.0  0.996989  0.378023  0.778097  0.785147  0.692949  0.621217  0.781063  0.741462  0.696910 
36  0.777873  0.839941  0.782542  0.742445  0.738736  0.693908  0.696528  0.899802  0.765266  0.892857  0.915203  0.937348  0.822406  0.678312  0.769564  0.757146  1.000000  0.841571  0.864910  0.722665  0.751285  0.727749  0.841616  0.733103  0.735716  0.654063  0.794623  0.743012  0.636909  0.753487  0.671169  0.445078  0.789563  0.811307  0.749586  0.996989 0.0  0.876266  0.736145  0.721420  0.835164  0.717455  0.830023  0.753686  0.778953 
37  0.780341  0.614922  0.803356  0.781981  0.842465  0.709699  0.767253  0.330791  0.727702  0.786589  0.655617  0.812359  0.256108  0.741990  0.919833  0.648845  0.697381  0.584807  0.045584  0.696663  0.675338  0.722088  0.461323  0.787457  0.850933  0.617067  0.744360  0.662100  0.814780  0.764363  0.757444  0.816632  0.809775  0.758383  0.753042  0.378023  0.876266 0.0  0.743367  0.805562  0.744590  0.718048  0.681682  0.754589  0.781648 
38  0.606230  0.611973  0.576637  0.574564  0.527454  0.601035  0.498639  0.775221  0.570278  0.537592  0.731497  0.588128  0.748427  0.376733  0.462985  0.743663  0.713809  0.765688  0.830118  0.628609  0.736339  0.504088  0.762940  0.525661  0.820454  0.666819  0.543256  0.579205  0.590191  0.680344  0.601714  0.698472  0.453012  0.523633  0.658049  0.778097  0.736145  0.743367 0.0  0.518474  0.452951  0.660215  0.557267  0.408187  0.306785 
39  0.707871  0.640118  0.520641  0.653503  0.381833  0.598154  0.570514  0.747667  0.429212  0.580910  0.553493  0.594312  0.756584  0.460621  0.470823  0.727512  0.735785  0.740024  0.786541  0.600665  0.734340  0.443116  0.845143  0.507130  0.715782  0.536354  0.525301  0.588221  0.623882  0.590572  0.669472  0.783103  0.617447  0.320699  0.582315  0.785147  0.721420  0.805562  0.518474 0.0  0.499808  0.676766  0.000000  0.545011  0.519480 
40  0.776526  0.572547  0.723324  0.678643  0.516240  0.597764  0.361992  0.742088  0.593854  0.589868  0.497079  0.427833  0.764627  0.669514  0.519274  0.648346  0.699963  0.484628  0.754827  0.678003  0.534161  0.551509  0.809412  0.459064  0.824496  0.380273  0.659605  0.494126  0.662010  0.462281  0.752498  0.763924  0.616466  0.527614  0.488868  0.692949  0.835164  0.744590  0.452951  0.499808 0.0  0.482040  0.559400  0.742934  0.680348 
41  0.675189  0.405540  0.718830  0.622739  0.648782  0.406109  0.658162  0.682658  0.598057  0.627976  0.198557  0.545080  0.567331  0.650258  0.568121  0.478904  0.517593  0.488614  0.782131  0.372260  0.546659  0.637188  0.602616  0.592616  0.755082  0.453732  0.731643  0.712582  0.852710  0.523763  0.760742  0.824466  0.735916  0.639686  0.473942  0.621217  0.717455  0.718048  0.660215  0.676766  0.482040 0.0  0.661733  0.726275  0.651881 
42  0.608289  0.656395  0.469765  0.660854  0.414883  0.641844  0.407024  0.808879  0.457429  0.510250  0.646462  0.630303  0.828617  0.653096  0.366852  0.704044  0.645339  0.650232  0.875365  0.580153  0.642609  0.417665  0.880264  0.464529  0.778893  0.571946  0.701699  0.669758  0.575343  0.504615  0.694144  0.730398  0.525404  0.161657  0.653863  0.781063  0.830023  0.681682  0.557267  0.000000  0.559400  0.661733 0.0  0.515048  0.466379 
43  0.677482  0.784994  0.509448  0.480695  0.477081  0.671727  0.543009  0.825728  0.465296  0.597605  0.678635  0.678015  0.752667  0.541189  0.437581  0.677648  0.746054  0.762249  0.846057  0.713448  0.791054  0.622568  0.857437  0.543637  0.732024  0.683649  0.454434  0.703449  0.501083  0.670632  0.540223  0.798256  0.330183  0.393669  0.750418  0.741462  0.753686  0.754589  0.408187  0.545011  0.742934  0.726275  0.515048 0.0  0.263539 
44  0.661189  0.833566  0.603053  0.553551  0.579634  0.853275  0.585309  0.789389  0.571268  0.623537  0.719027  0.616970  0.863244  0.608492  0.504862  0.662486  0.735696  0.656108  0.732730  0.767562  0.667836  0.552671  0.779686  0.607426  0.692098  0.648869  0.465730  0.587808  0.662173  0.620883  0.501035  0.679198  0.426579  0.614804  0.620826  0.696910  0.778953  0.781648  0.306785  0.519480  0.680348  0.651881  0.466379  0.263539 0.0 
