45
0 0.0  0.659503  0.708264  0.519880  0.696832  0.660340  0.307098  0.691604  0.823544  0.707614  0.825840  0.762960  0.437053  0.687582  0.758649  0.473685  0.379221  0.507330  0.734872  0.797809  0.806013  0.565753  0.618732  0.504373  0.652522  0.606824  0.292115  0.646500  0.437321  0.460042  0.365061  0.300684  0.641920  0.595721  0.565790  0.785784  0.247193  0.724898  0.588476  0.440326  0.599600  0.367284  0.722516  0.689462  0.591450 
1  0.659503 0.0  0.778172  0.697790  0.765121  0.814531  0.543826  0.834093  0.586834  0.722675  0.705982  0.850481  0.830122  0.734874  0.755654  0.729846  0.755961  0.560267  0.876762  0.801415  0.769409  0.730101  0.713219  0.566732  0.414893  0.747939  0.718963  0.724913  0.580062  0.733229  0.631845  0.629871  0.910581  0.761747  0.718216  0.677780  0.719854  0.740930  0.636322  0.818029  0.774716  0.737158  0.824934  0.820500  0.694220 
2  0.708264  0.778172 0.0  0.611804  0.767879  0.682425  0.703433  0.758609  0.629038  0.739362  0.795573  0.874141  0.647365  0.259935  0.959613  0.556161  0.673652  0.621845  0.768520  0.847277  0.814139  0.780884  0.833447  0.785777  0.685595  0.513207  0.742894  0.673856  0.646790  0.439184  0.664509  0.618530  0.795728  0.750598  0.350706  0.808054  0.712118  0.560611  0.560037  0.666630  0.615824  0.536471  0.764506  0.789347  0.578727 
3  0.519880  0.697790  0.611804 0.0  0.587953  0.457313  0.564491  0.764725  0.643518  0.723721  0.715965  0.654518  0.525475  0.743713  0.729045  0.620387  0.583162  0.449005  0.837609  0.858348  0.751280  0.679379  0.675376  0.521038  0.529059  0.759246  0.471830  0.567961  0.463550  0.752909  0.574616  0.425321  0.801820  0.541614  0.676706  0.859812  0.526789  0.728257  0.618940  0.460373  0.537659  0.610391  0.767614  0.692059  0.648606 
4  0.696832  0.765121  0.767879  0.587953 0.0  0.354496  0.712189  0.603048  0.776077  0.564790  0.550687  0.659856  0.571019  0.836710  0.592127  0.649001  0.710727  0.670329  0.668783  0.529783  0.741793  0.452369  0.127650  0.637424  0.705483  0.842126  0.669049  0.466748  0.733128  0.783354  0.731126  0.563083  0.741969  0.450089  0.749745  0.891089  0.613029  0.800773  0.682702  0.803338  0.456442  0.718565  0.581237  0.629414  0.937858 
5  0.660340  0.814531  0.682425  0.457313  0.354496 0.0  0.511802  0.653594  0.732099  0.580573  0.546801  0.677166  0.470959  0.750511  0.794258  0.527611  0.555731  0.854736  0.726370  0.754335  0.891762  0.206450  0.417530  0.665499  0.835832  0.808034  0.627512  0.385570  0.764261  0.673487  0.626287  0.669676  0.644623  0.229575  0.691304  0.941320  0.642756  0.757469  0.637963  0.501809  0.456693  0.603498  0.644495  0.678011  0.692179 
6  0.307098  0.543826  0.703433  0.564491  0.712189  0.511802 0.0  0.909721  0.754804  0.715018  0.770324  0.803429  0.396230  0.741619  0.822352  0.442714  0.491920  0.455868  0.817072  0.823381  0.712904  0.664923  0.689436  0.493079  0.725795  0.621115  0.323763  0.635781  0.525379  0.503724  0.426272  0.582320  0.803652  0.767221  0.695781  0.858821  0.248293  0.683392  0.554227  0.405078  0.592597  0.411394  0.742036  0.785071  0.523218 
7  0.691604  0.834093  0.758609  0.764725  0.603048  0.653594  0.909721 0.0  0.813331  0.523900  0.455183  0.344564  0.709624  0.836960  0.169170  0.785369  0.768336  0.832750  0.491283  0.172933  0.917252  0.683390  0.735079  0.787077  0.751120  0.785017  0.825464  0.571766  0.767220  0.868935  0.771668  0.713874  0.300861  0.631596  0.900754  0.892742  0.774766  0.848713  0.778023  0.779727  0.698551  0.791526  0.435794  0.194741  0.788868 
8  0.823544  0.586834  0.629038  0.643518  0.776077  0.732099  0.754804  0.813331 0.0  0.769373  0.864394  0.880030  0.694026  0.659663  0.869491  0.493497  0.699457  0.578889  0.888828  0.830443  0.769538  0.870891  0.803184  0.599319  0.622422  0.732240  0.652160  0.744736  0.484733  0.653156  0.575359  0.509342  0.724014  0.765841  0.658758  0.744548  0.750387  0.597125  0.419469  0.512823  0.702786  0.644606  0.836122  0.809376  0.466652 
9  0.707614  0.722675  0.739362  0.723721  0.564790  0.580573  0.715018  0.523900  0.769373 0.0  0.000000  0.509746  0.734731  0.877477  0.365773  0.793207  0.658197  0.772550  0.681325  0.539411  0.869189  0.508568  0.565545  0.635096  0.799046  0.973803  0.698528  0.602932  0.785178  0.810779  0.727757  0.799412  0.472494  0.571491  0.769827  0.934736  0.765066  0.756408  0.779075  0.733472  0.619540  0.790748  0.131435  0.412402  0.831758 
10  0.825840  0.705982  0.795573  0.715965  0.550687  0.546801  0.770324  0.455183  0.864394  0.000000 0.0  0.449755  0.791614  0.797272  0.490733  0.925722  0.761862  0.766396  0.616442  0.400426  0.823020  0.416512  0.546510  0.783861  0.764782  0.865197  0.725665  0.770866  0.920859  0.844493  0.879664  0.842612  0.458655  0.684113  0.874436  1.000000  0.790858  0.728851  0.808523  0.762718  0.640013  0.827825  0.000000  0.362964  0.809774 
11  0.762960  0.850481  0.874141  0.654518  0.659856  0.677166  0.803429  0.344564  0.880030  0.509746  0.449755 0.0  0.834642  0.752677  0.383626  0.779887  0.698953  0.648908  0.420997  0.397247  0.861373  0.699050  0.753212  0.906620  0.935532  0.850374  0.791557  0.596426  0.797304  0.855658  0.657175  0.794632  0.246612  0.633392  0.754468  0.901940  0.779834  0.879848  0.820043  0.816277  0.792768  0.817404  0.552039  0.536002  0.952852 
12  0.437053  0.830122  0.647365  0.525475  0.571019  0.470959  0.396230  0.709624  0.694026  0.734731  0.791614  0.834642 0.0  0.565251  0.738602  0.588220  0.205315  0.661969  0.655301  0.790021  0.963904  0.462201  0.612014  0.542863  0.631564  0.707156  0.531750  0.482199  0.745915  0.686690  0.571560  0.499224  0.760047  0.526645  0.691912  0.890224  0.454194  0.633979  0.659006  0.462515  0.482250  0.440152  0.725650  0.783288  0.619058 
13  0.687582  0.734874  0.259935  0.743713  0.836710  0.750511  0.741619  0.836960  0.659663  0.877477  0.797272  0.752677  0.565251 0.0  0.849470  0.665116  0.738479  0.742843  0.842247  0.882141  0.757086  0.746503  0.764150  0.805468  0.822806  0.525855  0.758453  0.812945  0.647883  0.480924  0.714875  0.791037  0.911474  0.800667  0.243112  0.709807  0.668414  0.616464  0.580311  0.649977  0.709205  0.644921  0.817439  0.809699  0.482334 
14  0.758649  0.755654  0.959613  0.729045  0.592127  0.794258  0.822352  0.169170  0.869491  0.365773  0.490733  0.383626  0.738602  0.849470 0.0  0.786547  0.683648  0.736010  0.537183  0.015607  0.913262  0.676660  0.642529  0.978850  0.803010  0.821369  0.721188  0.806215  0.850306  0.906981  0.820033  0.785198  0.000000  0.591513  0.817814  0.939311  0.754878  0.908063  0.854698  0.779711  0.734829  0.801902  0.386820  0.247835  0.989042 
15  0.473685  0.729846  0.556161  0.620387  0.649001  0.527611  0.442714  0.785369  0.493497  0.793207  0.925722  0.779887  0.588220  0.665116  0.786547 0.0  0.454632  0.522010  0.796362  0.659732  0.788557  0.584516  0.588796  0.690743  0.790904  0.530798  0.561360  0.587220  0.609581  0.510360  0.457535  0.477783  0.846246  0.618120  0.610764  0.925221  0.628503  0.649038  0.631172  0.364428  0.557648  0.373120  0.796293  0.809387  0.693941 
16  0.379221  0.755961  0.673652  0.583162  0.710727  0.555731  0.491920  0.768336  0.699457  0.658197  0.761862  0.698953  0.205315  0.738479  0.683648  0.454632 0.0  0.628658  0.824182  0.715223  0.795449  0.568175  0.603154  0.586446  0.743290  0.647030  0.487673  0.438063  0.625896  0.719777  0.526271  0.546722  0.740742  0.541275  0.757077  0.792431  0.487815  0.703432  0.615456  0.347944  0.421139  0.548288  0.716829  0.737735  0.616793 
17  0.507330  0.560267  0.621845  0.449005  0.670329  0.854736  0.455868  0.832750  0.578889  0.772550  0.766396  0.648908  0.661969  0.742843  0.736010  0.522010  0.628658 0.0  0.730188  0.795989  0.675266  0.728266  0.782360  0.292649  0.500014  0.676559  0.452359  0.631157  0.339982  0.673103  0.323632  0.537888  0.798185  0.695101  0.596361  0.763629  0.443414  0.589590  0.304472  0.602398  0.688299  0.524572  0.762535  0.787142  0.494529 
18  0.734872  0.876762  0.768520  0.837609  0.668783  0.726370  0.817072  0.491283  0.888828  0.681325  0.616442  0.420997  0.655301  0.842247  0.537183  0.796362  0.824182  0.730188 0.0  0.441139  0.957612  0.723933  0.763221  0.726756  0.864905  0.916271  0.814772  0.748442  0.846835  0.895005  0.841014  0.762822  0.434381  0.639523  0.916979  0.976071  0.802832  0.850782  0.838972  0.804261  0.665711  0.750528  0.667776  0.499702  0.889849 
19  0.797809  0.801415  0.847277  0.858348  0.529783  0.754335  0.823381  0.172933  0.830443  0.539411  0.400426  0.397247  0.790021  0.882141  0.015607  0.659732  0.715223  0.795989  0.441139 0.0  0.975756  0.663948  0.694485  0.739644  0.616318  0.981626  0.706349  0.729261  0.808758  0.813658  0.716033  0.735559  0.213318  0.749702  0.869585  0.992184  0.866566  0.947078  0.914499  0.822956  0.776508  0.879918  0.354697  0.314266  0.834733 
20  0.806013  0.769409  0.814139  0.751280  0.741793  0.891762  0.712904  0.917252  0.769538  0.869189  0.823020  0.861373  0.963904  0.757086  0.913262  0.788557  0.795449  0.675266  0.957612  0.975756 0.0  0.901142  0.914033  0.828497  0.895992  0.724760  0.755577  0.829005  0.847732  0.826707  0.823969  0.814062  0.892460  0.884401  0.798100  0.547364  0.810328  0.791796  0.782509  0.815786  0.719182  0.844775  0.878225  0.839845  0.744855 
21  0.565753  0.730101  0.780884  0.679379  0.452369  0.206450  0.664923  0.683390  0.870891  0.508568  0.416512  0.699050  0.462201  0.746503  0.676660  0.584516  0.568175  0.728266  0.723933  0.663948  0.901142 0.0  0.276573  0.703399  0.723084  0.767387  0.621403  0.334038  0.631355  0.686466  0.658692  0.547402  0.697246  0.006409  0.821555  0.820786  0.598971  0.713257  0.780522  0.654598  0.551609  0.543218  0.630196  0.572385  0.691298 
22  0.618732  0.713219  0.833447  0.675376  0.127650  0.417530  0.689436  0.735079  0.803184  0.565545  0.546510  0.753212  0.612014  0.764150  0.642529  0.588796  0.603154  0.782360  0.763221  0.694485  0.914033  0.276573 0.0  0.735261  0.668549  0.758392  0.728340  0.489930  0.760415  0.768123  0.724935  0.623037  0.701399  0.358607  0.717238  0.943783  0.602241  0.840345  0.693290  0.690709  0.582981  0.732690  0.555526  0.714394  0.859763 
23  0.504373  0.566732  0.785777  0.521038  0.637424  0.665499  0.493079  0.787077  0.599319  0.635096  0.783861  0.906620  0.542863  0.805468  0.978850  0.690743  0.586446  0.292649  0.726756  0.739644  0.828497  0.703399  0.735261 0.0  0.572334  0.627628  0.425783  0.715865  0.510199  0.774992  0.344182  0.535473  0.688059  0.626216  0.607536  0.857022  0.488755  0.700134  0.549760  0.602298  0.684523  0.579486  0.776637  0.767319  0.474614 
24  0.652522  0.414893  0.685595  0.529059  0.705483  0.835832  0.725795  0.751120  0.622422  0.799046  0.764782  0.935532  0.631564  0.822806  0.803010  0.790904  0.743290  0.500014  0.864905  0.616318  0.895992  0.723084  0.668549  0.572334 0.0  0.781788  0.648844  0.729126  0.554031  0.785162  0.559395  0.585511  0.812386  0.634529  0.694983  0.755650  0.632275  0.572148  0.553472  0.619281  0.757083  0.668777  0.661639  0.838698  0.588006 
25  0.606824  0.747939  0.513207  0.759246  0.842126  0.808034  0.621115  0.785017  0.732240  0.973803  0.865197  0.850374  0.707156  0.525855  0.821369  0.530798  0.647030  0.676559  0.916271  0.981626  0.724760  0.767387  0.758392  0.627628  0.781788 0.0  0.631710  0.726519  0.605407  0.454160  0.774408  0.752010  0.809780  0.718248  0.323020  0.677602  0.660413  0.410788  0.736475  0.713388  0.618895  0.671794  0.977340  0.724233  0.580938 
26  0.292115  0.718963  0.742894  0.471830  0.669049  0.627512  0.323763  0.825464  0.652160  0.698528  0.725665  0.791557  0.531750  0.758453  0.721188  0.561360  0.487673  0.452359  0.814772  0.706349  0.755577  0.621403  0.728340  0.425783  0.648844  0.631710 0.0  0.629320  0.534976  0.747313  0.405536  0.270190  0.769475  0.625704  0.594887  0.828703  0.267019  0.683428  0.583456  0.513726  0.532635  0.479920  0.847714  0.810034  0.566609 
27  0.646500  0.724913  0.673856  0.567961  0.466748  0.385570  0.635781  0.571766  0.744736  0.602932  0.770866  0.596426  0.482199  0.812945  0.806215  0.587220  0.438063  0.631157  0.748442  0.729261  0.829005  0.334038  0.489930  0.715865  0.729126  0.726519  0.629320 0.0  0.613144  0.632323  0.638100  0.520545  0.768199  0.396321  0.717631  0.790878  0.616950  0.729002  0.589733  0.609044  0.355078  0.733317  0.572607  0.761666  0.652308 
28  0.437321  0.580062  0.646790  0.463550  0.733128  0.764261  0.525379  0.767220  0.484733  0.785178  0.920859  0.797304  0.745915  0.647883  0.850306  0.609581  0.625896  0.339982  0.846835  0.808758  0.847732  0.631355  0.760415  0.510199  0.554031  0.605407  0.534976  0.613144 0.0  0.524814  0.393150  0.592946  0.899723  0.753280  0.564663  0.813504  0.495102  0.459034  0.364560  0.627319  0.692921  0.535464  0.832094  0.771450  0.454116 
29  0.460042  0.733229  0.439184  0.752909  0.783354  0.673487  0.503724  0.868935  0.653156  0.810779  0.844493  0.855658  0.686690  0.480924  0.906981  0.510360  0.719777  0.673103  0.895005  0.813658  0.826707  0.686466  0.768123  0.774992  0.785162  0.454160  0.747313  0.632323  0.524814 0.0  0.557469  0.681981  0.800438  0.813642  0.410224  0.928116  0.604065  0.611488  0.500192  0.613658  0.651732  0.669388  0.846483  0.908576  0.633639 
30  0.365061  0.631845  0.664509  0.574616  0.731126  0.626287  0.426272  0.771668  0.575359  0.727757  0.879664  0.657175  0.571560  0.714875  0.820033  0.457535  0.526271  0.323632  0.841014  0.716033  0.823969  0.658692  0.724935  0.344182  0.559395  0.774408  0.405536  0.638100  0.393150  0.557469 0.0  0.451134  0.806656  0.619335  0.563207  0.825626  0.340930  0.725735  0.560585  0.610929  0.610857  0.474141  0.784050  0.757392  0.581203 
31  0.300684  0.629871  0.618530  0.425321  0.563083  0.669676  0.582320  0.713874  0.509342  0.799412  0.842612  0.794632  0.499224  0.791037  0.785198  0.477783  0.546722  0.537888  0.762822  0.735559  0.814062  0.547402  0.623037  0.535473  0.585511  0.752010  0.270190  0.520545  0.592946  0.681981  0.451134 0.0  0.862274  0.546108  0.640484  0.850398  0.410374  0.754107  0.606302  0.446043  0.516159  0.646635  0.584775  0.690089  0.579895 
32  0.641920  0.910581  0.795728  0.801820  0.741969  0.644623  0.803652  0.300861  0.724014  0.472494  0.458655  0.246612  0.760047  0.911474  0.000000  0.846246  0.740742  0.798185  0.434381  0.213318  0.892460  0.697246  0.701399  0.688059  0.812386  0.809780  0.769475  0.768199  0.899723  0.800438  0.806656  0.862274 0.0  0.659225  0.873590  0.979732  0.727704  0.742617  0.957930  0.719372  0.697482  0.795733  0.389376  0.340564  0.912770 
33  0.595721  0.761747  0.750598  0.541614  0.450089  0.229575  0.767221  0.631596  0.765841  0.571491  0.684113  0.633392  0.526645  0.800667  0.591513  0.618120  0.541275  0.695101  0.639523  0.749702  0.884401  0.006409  0.358607  0.626216  0.634529  0.718248  0.625704  0.396321  0.753280  0.813642  0.619335  0.546108  0.659225 0.0  0.805370  0.892626  0.705354  0.683528  0.771445  0.541922  0.297726  0.642826  0.609904  0.606888  0.703539 
34  0.565790  0.718216  0.350706  0.676706  0.749745  0.691304  0.695781  0.900754  0.658758  0.769827  0.874436  0.754468  0.691912  0.243112  0.817814  0.610764  0.757077  0.596361  0.916979  0.869585  0.798100  0.821555  0.717238  0.607536  0.694983  0.323020  0.594887  0.717631  0.564663  0.410224  0.563207  0.640484  0.873590  0.805370 0.0  0.829448  0.631366  0.440601  0.725989  0.572481  0.696534  0.523282  0.872917  0.773351  0.604462 
35  0.785784  0.677780  0.808054  0.859812  0.891089  0.941320  0.858821  0.892742  0.744548  0.934736  1.000000  0.901940  0.890224  0.709807  0.939311  0.925221  0.792431  0.763629  0.976071  0.992184  0.547364  0.820786  0.943783  0.857022  0.755650  0.677602  0.828703  0.790878  0.813504  0.928116  0.825626  0.850398  0.979732  0.892626  0.829448 0.0  0.838225  0.753836  0.738731  0.914690  0.810898  0.833880  0.844603  0.992112  0.760782 
36  0.247193  0.719854  0.712118  0.526789  0.613029  0.642756  0.248293  0.774766  0.750387  0.765066  0.790858  0.779834  0.454194  0.668414  0.754878  0.628503  0.487815  0.443414  0.802832  0.866566  0.810328  0.598971  0.602241  0.488755  0.632275  0.660413  0.267019  0.616950  0.495102  0.604065  0.340930  0.410374  0.727704  0.705354  0.631366  0.838225 0.0  0.647609  0.567053  0.468122  0.483173  0.487350  0.728516  0.851279  0.728511 
37  0.724898  0.740930  0.560611  0.728257  0.800773  0.757469  0.683392  0.848713  0.597125  0.756408  0.728851  0.879848  0.633979  0.616464  0.908063  0.649038  0.703432  0.589590  0.850782  0.947078  0.791796  0.713257  0.840345  0.700134  0.572148  0.410788  0.683428  0.729002  0.459034  0.611488  0.725735  0.754107  0.742617  0.683528  0.440601  0.753836  0.647609 0.0  0.666009  0.595189  0.657322  0.635689  0.844890  0.846101  0.496716 
38  0.588476  0.636322  0.560037  0.618940  0.682702  0.637963  0.554227  0.778023  0.419469  0.779075  0.808523  0.820043  0.659006  0.580311  0.854698  0.631172  0.615456  0.304472  0.838972  0.914499  0.782509  0.780522  0.693290  0.549760  0.553472  0.736475  0.583456  0.589733  0.364560  0.500192  0.560585  0.606302  0.957930  0.771445  0.725989  0.738731  0.567053  0.666009 0.0  0.571754  0.729156  0.684299  0.904679  0.827705  0.549918 
39  0.440326  0.818029  0.666630  0.460373  0.803338  0.501809  0.405078  0.779727  0.512823  0.733472  0.762718  0.816277  0.462515  0.649977  0.779711  0.364428  0.347944  0.602398  0.804261  0.822956  0.815786  0.654598  0.690709  0.602298  0.619281  0.713388  0.513726  0.609044  0.627319  0.613658  0.610929  0.446043  0.719372  0.541922  0.572481  0.914690  0.468122  0.595189  0.571754 0.0  0.581761  0.360091  0.768039  0.863255  0.643603 
40  0.599600  0.774716  0.615824  0.537659  0.456442  0.456693  0.592597  0.698551  0.702786  0.619540  0.640013  0.792768  0.482250  0.709205  0.734829  0.557648  0.421139  0.688299  0.665711  0.776508  0.719182  0.551609  0.582981  0.684523  0.757083  0.618895  0.532635  0.355078  0.692921  0.651732  0.610857  0.516159  0.697482  0.297726  0.696534  0.810898  0.483173  0.657322  0.729156  0.581761 0.0  0.615534  0.699133  0.735497  0.775897 
41  0.367284  0.737158  0.536471  0.610391  0.718565  0.603498  0.411394  0.791526  0.644606  0.790748  0.827825  0.817404  0.440152  0.644921  0.801902  0.373120  0.548288  0.524572  0.750528  0.879918  0.844775  0.543218  0.732690  0.579486  0.668777  0.671794  0.479920  0.733317  0.535464  0.669388  0.474141  0.646635  0.795733  0.642826  0.523282  0.833880  0.487350  0.635689  0.684299  0.360091  0.615534 0.0  0.722472  0.679179  0.623811 
42  0.722516  0.824934  0.764506  0.767614  0.581237  0.644495  0.742036  0.435794  0.836122  0.131435  0.000000  0.552039  0.725650  0.817439  0.386820  0.796293  0.716829  0.762535  0.667776  0.354697  0.878225  0.630196  0.555526  0.776637  0.661639  0.977340  0.847714  0.572607  0.832094  0.846483  0.784050  0.584775  0.389376  0.609904  0.872917  0.844603  0.728516  0.844890  0.904679  0.768039  0.699133  0.722472 0.0  0.373111  0.732351 
43  0.689462  0.820500  0.789347  0.692059  0.629414  0.678011  0.785071  0.194741  0.809376  0.412402  0.362964  0.536002  0.783288  0.809699  0.247835  0.809387  0.737735  0.787142  0.499702  0.314266  0.839845  0.572385  0.714394  0.767319  0.838698  0.724233  0.810034  0.761666  0.771450  0.908576  0.757392  0.690089  0.340564  0.606888  0.773351  0.992112  0.851279  0.846101  0.827705  0.863255  0.735497  0.679179  0.373111 0.0  0.881021 
44  0.591450  0.694220  0.578727  0.648606  0.937858  0.692179  0.523218  0.788868  0.466652  0.831758  0.809774  0.952852  0.619058  0.482334  0.989042  0.693941  0.616793  0.494529  0.889849  0.834733  0.744855  0.691298  0.859763  0.474614  0.588006  0.580938  0.566609  0.652308  0.454116  0.633639  0.581203  0.579895  0.912770  0.703539  0.604462  0.760782  0.728511  0.496716  0.549918  0.643603  0.775897  0.623811  0.732351  0.881021 0.0 
