45
0 0.0  0.824380  0.675646  0.786532  0.710447  0.410364  0.931626  0.748554  0.676516  0.819540  0.859714  0.762924  0.559563  0.772204  0.705638  0.753858  0.884158  0.633594  0.704610  0.752974  0.718062  0.781920  0.570160  0.720255  0.660958  0.682146  0.769366  0.778645  0.739038  0.798189  0.799423  0.790484  0.824032  0.764771  0.263446  0.793587  0.833765  0.587231  0.689696  0.714399  0.532119  0.788363  0.821864  0.852502  0.830360 
1  0.824380 0.0  0.419222  0.409219  0.393563  0.840046  0.728179  0.627735  0.656057  0.609289  0.540180  0.703693  0.723486  0.567056  0.504630  0.223415  0.850599  0.710753  0.719439  0.369604  0.508592  0.550109  0.778656  0.623464  0.622962  0.576396  0.416211  0.585291  0.345021  0.434616  0.620918  0.566101  0.603496  0.598711  0.719764  0.613633  0.764229  0.651647  0.520549  0.510019  0.760517  0.749442  0.625877  0.524886  0.536536 
2  0.675646  0.419222 0.0  0.485576  0.556235  0.687489  0.799700  0.728291  0.399269  0.616673  0.558552  0.694945  0.615840  0.639154  0.074033  0.472452  0.850047  0.436679  0.607074  0.471309  0.420211  0.447019  0.788203  0.531712  0.546653  0.445778  0.513171  0.579411  0.506979  0.502959  0.581628  0.674503  0.531554  0.625619  0.729087  0.688728  0.660600  0.561382  0.497243  0.283614  0.597573  0.640206  0.732072  0.570822  0.588383 
3  0.786532  0.409219  0.485576 0.0  0.411921  0.751459  0.809313  0.666498  0.782084  0.705286  0.545610  0.656686  0.705273  0.692091  0.564747  0.396550  0.808354  0.667495  0.645792  0.534592  0.652332  0.561001  0.737193  0.492202  0.682553  0.604062  0.304884  0.672749  0.460427  0.405336  0.594457  0.644942  0.666031  0.635122  0.763333  0.676827  0.663537  0.638404  0.609646  0.564095  0.785565  0.765478  0.577663  0.513061  0.583887 
4  0.710447  0.393563  0.556235  0.411921 0.0  0.766283  0.693732  0.631909  0.714955  0.485007  0.486757  0.651933  0.722229  0.429710  0.558952  0.469798  0.759722  0.606068  0.654937  0.276650  0.252662  0.303085  0.828879  0.429646  0.602043  0.604102  0.410955  0.407895  0.210968  0.017204  0.606520  0.591018  0.496013  0.359088  0.746513  0.571363  0.657733  0.741309  0.514271  0.611274  0.665508  0.653176  0.603223  0.486169  0.356794 
5  0.410364  0.840046  0.687489  0.751459  0.766283 0.0  0.810815  0.722573  0.623219  0.846238  0.796159  0.803450  0.526009  0.873759  0.683247  0.784930  0.834717  0.615255  0.604727  0.754153  0.775354  0.849742  0.677095  0.800083  0.577639  0.902732  0.828027  0.852302  0.714079  0.803917  0.772147  0.778789  0.776016  0.637225  0.389946  0.802277  0.818666  0.640406  0.649024  0.650159  0.541876  0.816597  0.767573  0.652341  0.690738 
6  0.931626  0.728179  0.799700  0.809313  0.693732  0.810815 0.0  0.805951  0.765802  0.736583  0.850493  0.691925  0.663221  0.701527  0.812157  0.823798  0.827351  0.785841  0.778739  0.652183  0.689447  0.676104  0.768162  0.818421  0.846279  0.876751  0.655215  0.770091  0.753111  0.717394  0.829864  0.583738  0.677706  0.728447  0.873886  0.606459  0.746138  0.819098  0.688147  0.863501  0.820119  0.776156  0.591889  0.773306  0.786107 
7  0.748554  0.627735  0.728291  0.666498  0.631909  0.722573  0.805951 0.0  0.788530  0.200007  0.615807  0.457327  0.759977  0.422986  0.669122  0.666384  0.729115  0.790416  0.707107  0.537309  0.626119  0.406220  0.862569  0.571937  0.665048  0.683412  0.672608  0.443360  0.627235  0.463280  0.331554  0.709443  0.559098  0.482484  0.717119  0.541215  0.437302  0.662770  0.607685  0.614504  0.644234  0.619939  0.660806  0.456124  0.512670 
8  0.676516  0.656057  0.399269  0.782084  0.714955  0.623219  0.765802  0.788530 0.0  0.660118  0.680680  0.725318  0.570860  0.736989  0.545699  0.749962  0.831943  0.328696  0.149730  0.693542  0.795608  0.651805  0.754945  0.777698  0.353862  0.364292  0.659335  0.830103  0.771750  0.710090  0.727773  0.734848  0.651118  0.687977  0.708064  0.822825  0.745208  0.194084  0.534806  0.614400  0.520036  0.703456  0.740879  0.689629  0.678861 
9  0.819540  0.609289  0.616673  0.705286  0.485007  0.846238  0.736583  0.200007  0.660118 0.0  0.487569  0.369229  0.708612  0.508456  0.563780  0.593459  0.794990  0.759087  0.708040  0.573698  0.461209  0.512585  0.797130  0.484694  0.742032  0.750744  0.550856  0.460803  0.503615  0.486238  0.461127  0.537536  0.465990  0.520035  0.740264  0.561019  0.412680  0.654417  0.684801  0.621191  0.816241  0.601945  0.751994  0.472429  0.551233 
10  0.859714  0.540180  0.558552  0.545610  0.486757  0.796159  0.850493  0.615807  0.680680  0.487569 0.0  0.549158  0.763285  0.481046  0.523965  0.721054  0.750334  0.741562  0.669428  0.548135  0.450900  0.553376  0.792422  0.248051  0.686089  0.596786  0.494126  0.144711  0.573036  0.641265  0.372183  0.769635  0.316571  0.451154  0.838236  0.716301  0.624290  0.718710  0.596666  0.700329  0.729633  0.544807  0.699789  0.509908  0.442286 
11  0.762924  0.703693  0.694945  0.656686  0.651933  0.803450  0.691925  0.457327  0.725318  0.369229  0.549158 0.0  0.754909  0.381598  0.753713  0.569957  0.743918  0.908861  0.754285  0.517083  0.632081  0.542149  0.876156  0.637745  0.798382  0.768357  0.605058  0.602998  0.668986  0.526686  0.583697  0.691206  0.694357  0.549360  0.789908  0.394237  0.555863  0.817779  0.699952  0.689302  0.785102  0.615396  0.714400  0.612740  0.586857 
12  0.559563  0.723486  0.615840  0.705273  0.722229  0.526009  0.663221  0.759977  0.570860  0.708612  0.763285  0.754909 0.0  0.657664  0.498976  0.737770  0.914739  0.353380  0.560327  0.613224  0.764444  0.655022  0.597939  0.742638  0.540752  0.552621  0.669546  0.652887  0.781615  0.641524  0.701131  0.723651  0.706801  0.731286  0.616166  0.773872  0.848706  0.449627  0.654998  0.655513  0.304638  0.771625  0.790392  0.682511  0.639423 
13  0.772204  0.567056  0.639154  0.692091  0.429710  0.873759  0.701527  0.422986  0.736989  0.508456  0.481046  0.381598  0.657664 0.0  0.559589  0.564872  0.768471  0.758664  0.754516  0.481862  0.496293  0.568034  0.797923  0.587299  0.792193  0.627978  0.520985  0.621760  0.316355  0.616033  0.514213  0.590262  0.630818  0.462070  0.931176  0.450048  0.573865  0.638716  0.489926  0.775169  0.808347  0.595321  0.635834  0.404980  0.575788 
14  0.705638  0.504630  0.074033  0.564747  0.558952  0.683247  0.812157  0.669122  0.545699  0.563780  0.523965  0.753713  0.498976  0.559589 0.0  0.495679  0.767550  0.632706  0.521766  0.557722  0.452329  0.403097  0.745709  0.553148  0.511567  0.421545  0.466890  0.486595  0.563390  0.583149  0.640654  0.792457  0.559654  0.565897  0.820332  0.719642  0.692224  0.567260  0.517578  0.280146  0.681532  0.718706  0.688494  0.616502  0.578562 
15  0.753858  0.223415  0.472452  0.396550  0.469798  0.784930  0.823798  0.666384  0.749962  0.593459  0.721054  0.569957  0.737770  0.564872  0.495679 0.0  0.929477  0.611981  0.727790  0.450951  0.516469  0.562791  0.897764  0.569452  0.708743  0.604108  0.410176  0.549751  0.523030  0.491478  0.600564  0.675407  0.606285  0.518437  0.830463  0.649796  0.645658  0.777961  0.620188  0.489029  0.659271  0.674648  0.657938  0.535535  0.548396 
16  0.884158  0.850599  0.850047  0.808354  0.759722  0.834717  0.827351  0.729115  0.831943  0.794990  0.750334  0.743918  0.914739  0.768471  0.767550  0.929477 0.0  0.838254  1.000000  0.819859  0.782714  0.775063  0.966330  0.766963  0.845359  0.743603  0.735629  0.800622  0.831275  0.742084  0.856166  0.793151  0.755957  0.750826  0.882452  0.762210  0.714901  0.809466  0.895929  0.853080  0.811586  0.837939  0.831004  0.744974  0.854314 
17  0.633594  0.710753  0.436679  0.667495  0.606068  0.615255  0.785841  0.790416  0.328696  0.759087  0.741562  0.908861  0.353380  0.758664  0.632706  0.611981  0.838254 0.0  0.439319  0.638322  0.654301  0.699568  0.744800  0.733675  0.464096  0.510784  0.796150  0.648925  0.759388  0.666717  0.695284  0.744210  0.757496  0.686198  0.514612  0.871762  0.833999  0.364202  0.574825  0.628504  0.000000  0.610484  0.726970  0.784502  0.723450 
18  0.704610  0.719439  0.607074  0.645792  0.654937  0.604727  0.778739  0.707107  0.149730  0.708040  0.669428  0.754285  0.560327  0.754516  0.521766  0.727790  1.000000  0.439319 0.0  0.670405  0.814100  0.680044  0.671542  0.532130  0.259358  0.347679  0.592562  0.564051  0.669772  0.602850  0.657828  0.750123  0.700777  0.664182  0.685510  0.700454  0.765074  0.129727  0.649468  0.468304  0.480548  0.716050  0.806827  0.764156  0.592803 
19  0.752974  0.369604  0.471309  0.534592  0.276650  0.754153  0.652183  0.537309  0.693542  0.573698  0.548135  0.517083  0.613224  0.481862  0.557722  0.450951  0.819859  0.638322  0.670405 0.0  0.341752  0.358578  0.754162  0.587268  0.577681  0.493819  0.435848  0.427544  0.430429  0.468717  0.551084  0.522635  0.460912  0.404221  0.712455  0.743630  0.630217  0.601029  0.370758  0.462769  0.556454  0.604375  0.678934  0.449052  0.373346 
20  0.718062  0.508592  0.420211  0.652332  0.252662  0.775354  0.689447  0.626119  0.795608  0.461209  0.450900  0.632081  0.764444  0.496293  0.452329  0.516469  0.782714  0.654301  0.814100  0.341752 0.0  0.232372  0.919102  0.425165  0.629114  0.581566  0.536055  0.465467  0.437563  0.399123  0.412675  0.742757  0.425296  0.304620  0.805802  0.722971  0.662576  0.665672  0.425604  0.557276  0.697010  0.577450  0.745753  0.480801  0.288387 
21  0.781920  0.550109  0.447019  0.561001  0.303085  0.849742  0.676104  0.406220  0.651805  0.512585  0.553376  0.542149  0.655022  0.568034  0.403097  0.562791  0.775063  0.699568  0.680044  0.358578  0.232372 0.0  0.786301  0.377747  0.624551  0.545335  0.514165  0.485687  0.362239  0.253389  0.443215  0.720863  0.406545  0.277804  0.710767  0.658439  0.643687  0.673461  0.498746  0.499609  0.694218  0.563493  0.678683  0.430016  0.277903 
22  0.570160  0.778656  0.788203  0.737193  0.828879  0.677095  0.768162  0.862569  0.754945  0.797130  0.792422  0.876156  0.597939  0.797923  0.745709  0.897764  0.966330  0.744800  0.671542  0.754162  0.919102  0.786301 0.0  0.669588  0.754701  0.801005  0.800871  0.882839  0.711637  0.839676  0.924139  0.851604  0.703382  0.847204  0.421326  0.879381  0.810097  0.638107  0.729285  0.714644  0.696408  0.853793  0.808273  0.818325  0.753971 
23  0.720255  0.623464  0.531712  0.492202  0.429646  0.800083  0.818421  0.571937  0.777698  0.484694  0.248051  0.637745  0.742638  0.587299  0.553148  0.569452  0.766963  0.733675  0.532130  0.587268  0.425165  0.377747  0.669588 0.0  0.666573  0.558178  0.501474  0.382507  0.460831  0.437737  0.504125  0.747737  0.158694  0.367238  0.765874  0.683418  0.603797  0.737850  0.496531  0.496665  0.580546  0.459835  0.639052  0.635962  0.428068 
24  0.660958  0.622962  0.546653  0.682553  0.602043  0.577639  0.846279  0.665048  0.353862  0.742032  0.686089  0.798382  0.540752  0.792193  0.511567  0.708743  0.845359  0.464096  0.259358  0.577681  0.629114  0.624551  0.754701  0.666573 0.0  0.226814  0.643614  0.604357  0.635799  0.664057  0.768642  0.769527  0.588755  0.612726  0.734217  0.753670  0.685125  0.132393  0.615335  0.577456  0.519244  0.715443  0.829461  0.742243  0.641328 
25  0.682146  0.576396  0.445778  0.604062  0.604102  0.902732  0.876751  0.683412  0.364292  0.750744  0.596786  0.768357  0.552621  0.627978  0.421545  0.604108  0.743603  0.510784  0.347679  0.493819  0.581566  0.545335  0.801005  0.558178  0.226814 0.0  0.573933  0.612947  0.638964  0.594792  0.740212  0.694117  0.528523  0.542806  0.737913  0.703309  0.797627  0.428209  0.556689  0.448258  0.564450  0.739218  0.655719  0.683883  0.491952 
26  0.769366  0.416211  0.513171  0.304884  0.410955  0.828027  0.655215  0.672608  0.659335  0.550856  0.494126  0.605058  0.669546  0.520985  0.466890  0.410176  0.735629  0.796150  0.592562  0.435848  0.536055  0.514165  0.800871  0.501474  0.643614  0.573933 0.0  0.600090  0.113911  0.363312  0.465743  0.663207  0.604651  0.458711  0.732204  0.587191  0.572559  0.643391  0.579884  0.580662  0.765981  0.645350  0.680206  0.410481  0.517849 
27  0.778645  0.585291  0.579411  0.672749  0.407895  0.852302  0.770091  0.443360  0.830103  0.460803  0.144711  0.602998  0.652887  0.621760  0.486595  0.549751  0.800622  0.648925  0.564051  0.427544  0.465467  0.485687  0.882839  0.382507  0.604357  0.612947  0.600090 0.0  0.485255  0.534713  0.420419  0.516460  0.294319  0.293662  0.787838  0.621547  0.535598  0.719780  0.543435  0.545499  0.767227  0.419751  0.805450  0.493020  0.579512 
28  0.739038  0.345021  0.506979  0.460427  0.210968  0.714079  0.753111  0.627235  0.771750  0.503615  0.573036  0.668986  0.781615  0.316355  0.563390  0.523030  0.831275  0.759388  0.669772  0.430429  0.437563  0.362239  0.711637  0.460831  0.635799  0.638964  0.113911  0.485255 0.0  0.159167  0.574955  0.684221  0.477140  0.528585  0.767748  0.544846  0.690313  0.616054  0.458970  0.463527  0.732792  0.678875  0.655826  0.526280  0.393370 
29  0.798189  0.434616  0.502959  0.405336  0.017204  0.803917  0.717394  0.463280  0.710090  0.486238  0.641265  0.526686  0.641524  0.616033  0.583149  0.491478  0.742084  0.666717  0.602850  0.468717  0.399123  0.253389  0.839676  0.437737  0.664057  0.594792  0.363312  0.534713  0.159167 0.0  0.503328  0.555527  0.446081  0.357257  0.829007  0.718491  0.585200  0.707146  0.520941  0.422651  0.649222  0.687824  0.671429  0.502827  0.520139 
30  0.799423  0.620918  0.581628  0.594457  0.606520  0.772147  0.829864  0.331554  0.727773  0.461127  0.372183  0.583697  0.701131  0.514213  0.640654  0.600564  0.856166  0.695284  0.657828  0.551084  0.412675  0.443215  0.924139  0.504125  0.768642  0.740212  0.465743  0.420419  0.574955  0.503328 0.0  0.616838  0.508198  0.491280  0.803657  0.596999  0.517944  0.694334  0.424779  0.485259  0.670850  0.589697  0.737330  0.486288  0.435672 
31  0.790484  0.566101  0.674503  0.644942  0.591018  0.778789  0.583738  0.709443  0.734848  0.537536  0.769635  0.691206  0.723651  0.590262  0.792457  0.675407  0.793151  0.744210  0.750123  0.522635  0.742757  0.720863  0.851604  0.747737  0.769527  0.694117  0.663207  0.516460  0.684221  0.555527  0.616838 0.0  0.708600  0.762871  0.774055  0.612529  0.707987  0.690501  0.649171  0.739850  0.767209  0.741718  0.192198  0.596429  0.687847 
32  0.824032  0.603496  0.531554  0.666031  0.496013  0.776016  0.677706  0.559098  0.651118  0.465990  0.316571  0.694357  0.706801  0.630818  0.559654  0.606285  0.755957  0.757496  0.700777  0.460912  0.425296  0.406545  0.703382  0.158694  0.588755  0.528523  0.604651  0.294319  0.477140  0.446081  0.508198  0.708600 0.0  0.316884  0.823363  0.669148  0.568982  0.493110  0.442781  0.498286  0.665808  0.526890  0.692341  0.540706  0.369136 
33  0.764771  0.598711  0.625619  0.635122  0.359088  0.637225  0.728447  0.482484  0.687977  0.520035  0.451154  0.549360  0.731286  0.462070  0.565897  0.518437  0.750826  0.686198  0.664182  0.404221  0.304620  0.277804  0.847204  0.367238  0.612726  0.542806  0.458711  0.293662  0.528585  0.357257  0.491280  0.762871  0.316884 0.0  0.778895  0.706084  0.595396  0.738903  0.472652  0.562052  0.776203  0.601525  0.705162  0.432934  0.392775 
34  0.263446  0.719764  0.729087  0.763333  0.746513  0.389946  0.873886  0.717119  0.708064  0.740264  0.838236  0.789908  0.616166  0.931176  0.820332  0.830463  0.882452  0.514612  0.685510  0.712455  0.805802  0.710767  0.421326  0.765874  0.734217  0.737913  0.732204  0.787838  0.767748  0.829007  0.803657  0.774055  0.823363  0.778895 0.0  0.879054  0.729220  0.642302  0.800675  0.768368  0.610117  0.826516  0.951370  0.848937  0.800674 
35  0.793587  0.613633  0.688728  0.676827  0.571363  0.802277  0.606459  0.541215  0.822825  0.561019  0.716301  0.394237  0.773872  0.450048  0.719642  0.649796  0.762210  0.871762  0.700454  0.743630  0.722971  0.658439  0.879381  0.683418  0.753670  0.703309  0.587191  0.621547  0.544846  0.718491  0.596999  0.612529  0.669148  0.706084  0.879054 0.0  0.522415  0.889609  0.712387  0.648485  0.781491  0.731842  0.504525  0.421125  0.609710 
36  0.833765  0.764229  0.660600  0.663537  0.657733  0.818666  0.746138  0.437302  0.745208  0.412680  0.624290  0.555863  0.848706  0.573865  0.692224  0.645658  0.714901  0.833999  0.765074  0.630217  0.662576  0.643687  0.810097  0.603797  0.685125  0.797627  0.572559  0.535598  0.690313  0.585200  0.517944  0.707987  0.568982  0.595396  0.729220  0.522415 0.0  0.761069  0.700405  0.627171  0.751628  0.465254  0.640537  0.510513  0.642258 
37  0.587231  0.651647  0.561382  0.638404  0.741309  0.640406  0.819098  0.662770  0.194084  0.654417  0.718710  0.817779  0.449627  0.638716  0.567260  0.777961  0.809466  0.364202  0.129727  0.601029  0.665672  0.673461  0.638107  0.737850  0.132393  0.428209  0.643391  0.719780  0.616054  0.707146  0.694334  0.690501  0.493110  0.738903  0.642302  0.889609  0.761069 0.0  0.628940  0.461553  0.484709  0.750103  0.746313  0.637425  0.616186 
38  0.689696  0.520549  0.497243  0.609646  0.514271  0.649024  0.688147  0.607685  0.534806  0.684801  0.596666  0.699952  0.654998  0.489926  0.517578  0.620188  0.895929  0.574825  0.649468  0.370758  0.425604  0.498746  0.729285  0.496531  0.615335  0.556689  0.579884  0.543435  0.458970  0.520941  0.424779  0.649171  0.442781  0.472652  0.800675  0.712387  0.700405  0.628940 0.0  0.361438  0.566696  0.611498  0.693143  0.464811  0.381230 
39  0.714399  0.510019  0.283614  0.564095  0.611274  0.650159  0.863501  0.614504  0.614400  0.621191  0.700329  0.689302  0.655513  0.775169  0.280146  0.489029  0.853080  0.628504  0.468304  0.462769  0.557276  0.499609  0.714644  0.496665  0.577456  0.448258  0.580662  0.545499  0.463527  0.422651  0.485259  0.739850  0.498286  0.562052  0.768368  0.648485  0.627171  0.461553  0.361438 0.0  0.689303  0.649998  0.736546  0.607367  0.453770 
40  0.532119  0.760517  0.597573  0.785565  0.665508  0.541876  0.820119  0.644234  0.520036  0.816241  0.729633  0.785102  0.304638  0.808347  0.681532  0.659271  0.811586  0.000000  0.480548  0.556454  0.697010  0.694218  0.696408  0.580546  0.519244  0.564450  0.765981  0.767227  0.732792  0.649222  0.670850  0.767209  0.665808  0.776203  0.610117  0.781491  0.751628  0.484709  0.566696  0.689303 0.0  0.756066  0.706294  0.761865  0.658082 
41  0.788363  0.749442  0.640206  0.765478  0.653176  0.816597  0.776156  0.619939  0.703456  0.601945  0.544807  0.615396  0.771625  0.595321  0.718706  0.674648  0.837939  0.610484  0.716050  0.604375  0.577450  0.563493  0.853793  0.459835  0.715443  0.739218  0.645350  0.419751  0.678875  0.687824  0.589697  0.741718  0.526890  0.601525  0.826516  0.731842  0.465254  0.750103  0.611498  0.649998  0.756066 0.0  0.802600  0.590522  0.646695 
42  0.821864  0.625877  0.732072  0.577663  0.603223  0.767573  0.591889  0.660806  0.740879  0.751994  0.699789  0.714400  0.790392  0.635834  0.688494  0.657938  0.831004  0.726970  0.806827  0.678934  0.745753  0.678683  0.808273  0.639052  0.829461  0.655719  0.680206  0.805450  0.655826  0.671429  0.737330  0.192198  0.692341  0.705162  0.951370  0.504525  0.640537  0.746313  0.693143  0.736546  0.706294  0.802600 0.0  0.576286  0.662177 
43  0.852502  0.524886  0.570822  0.513061  0.486169  0.652341  0.773306  0.456124  0.689629  0.472429  0.509908  0.612740  0.682511  0.404980  0.616502  0.535535  0.744974  0.784502  0.764156  0.449052  0.480801  0.430016  0.818325  0.635962  0.742243  0.683883  0.410481  0.493020  0.526280  0.502827  0.486288  0.596429  0.540706  0.432934  0.848937  0.421125  0.510513  0.637425  0.464811  0.607367  0.761865  0.590522  0.576286 0.0  0.408302 
44  0.830360  0.536536  0.588383  0.583887  0.356794  0.690738  0.786107  0.512670  0.678861  0.551233  0.442286  0.586857  0.639423  0.575788  0.578562  0.548396  0.854314  0.723450  0.592803  0.373346  0.288387  0.277903  0.753971  0.428068  0.641328  0.491952  0.517849  0.579512  0.393370  0.520139  0.435672  0.687847  0.369136  0.392775  0.800674  0.609710  0.642258  0.616186  0.381230  0.453770  0.658082  0.646695  0.662177  0.408302 0.0 
