45
0 0.0  0.767322  0.801534  0.620673  0.702029  0.817597  0.846761  0.554566  0.556086  0.697376  0.607201  0.790833  0.627946  0.747840  0.746675  0.721804  0.673616  0.787269  0.750581  0.792636  0.670360  0.804062  0.775056  0.656907  0.624120  0.740101  0.830446  0.854626  0.849603  0.826610  0.951414  0.618593  0.686212  0.783607  0.845135  0.822255  0.789785  0.716745  0.838578  0.758441  0.701997  0.902978  0.796226  0.782798  0.804330 
1  0.767322 0.0  0.780157  0.766017  0.506301  0.772287  0.611109  0.652370  0.567138  0.635819  0.501929  0.742979  0.648222  0.396596  0.638777  0.542911  0.754725  0.674163  0.845196  0.589095  0.495197  0.627194  0.643372  0.703751  0.662835  0.311186  0.786903  0.889570  0.594696  0.752772  0.804278  0.532485  0.720975  0.778352  0.298779  0.668119  0.828109  0.632794  0.682502  0.732920  0.745383  0.743943  0.702164  0.714563  0.665999 
2  0.801534  0.780157 0.0  0.726312  0.775658  0.374858  0.749119  0.734811  0.862301  0.895093  0.727185  0.478780  0.829283  0.864055  0.725643  0.709109  0.900802  0.726033  0.929143  0.821023  0.854993  0.635183  0.903543  0.627621  0.794976  0.926572  0.468282  0.210337  0.915385  0.655510  0.472917  0.873902  0.784361  0.869442  0.736982  0.632326  0.528135  0.804583  0.890220  0.761313  0.856759  0.629652  0.837278  0.713774  0.743282 
3  0.620673  0.766017  0.726312 0.0  0.658337  0.767077  0.812873  0.711217  0.803514  0.798828  0.675592  0.598772  0.810831  0.794065  0.403923  0.474155  0.854686  0.234241  0.826090  0.780568  0.634423  0.452137  0.719865  0.607914  0.701708  0.798959  0.678138  0.642189  0.875930  0.715304  0.829619  0.714956  0.719696  0.263458  0.617996  0.525071  0.752556  0.709323  0.731270  0.295528  0.814375  0.685220  0.728630  0.480795  0.489285 
4  0.702029  0.506301  0.775658  0.658337 0.0  0.905728  0.554029  0.637817  0.383168  0.668762  0.355188  0.815274  0.528421  0.648781  0.586494  0.666347  0.750777  0.696979  0.794719  0.658423  0.453222  0.637300  0.709927  0.728735  0.597877  0.577835  0.821288  0.787684  0.628231  0.772242  0.805178  0.238958  0.608944  0.650106  0.570803  0.696610  0.913977  0.543188  0.608057  0.672808  0.693299  0.784711  0.556441  0.692232  0.594109 
5  0.817597  0.772287  0.374858  0.767077  0.905728 0.0  0.928174  0.891554  0.761647  0.920753  0.725823  0.134935  0.773751  0.960107  0.691307  0.637915  0.915994  0.665806  0.813636  0.842974  0.873386  0.748871  0.853345  0.556272  0.896343  0.824676  0.130761  0.541699  0.748056  0.438353  0.380847  0.818089  0.832533  0.716495  0.760208  0.615752  0.192211  0.830514  0.796132  0.601325  0.795224  0.493187  0.860035  0.705143  0.778553 
6  0.846761  0.611109  0.749119  0.812873  0.554029  0.928174 0.0  0.656812  0.660383  0.697340  0.643886  0.827213  0.685811  0.482343  0.913150  0.828811  0.821859  0.752805  0.663715  0.276567  0.760530  0.885614  0.415079  0.788648  0.790532  0.424627  0.839039  0.923990  0.555609  0.980670  0.994561  0.624747  0.662223  0.814627  0.751491  0.808798  0.889845  0.750032  0.623388  0.827402  0.779269  0.802956  0.630537  0.883432  0.837763 
7  0.554566  0.652370  0.734811  0.711217  0.637817  0.891554  0.656812 0.0  0.450103  0.626030  0.355451  0.789398  0.568235  0.713325  0.562527  0.797442  0.801594  0.605269  0.837526  0.795099  0.485177  0.551264  0.741013  0.809440  0.437909  0.584449  0.718750  0.843437  0.708021  0.747184  0.823625  0.537920  0.647517  0.601891  0.620871  0.654692  0.849795  0.415582  0.682492  0.612717  0.704275  0.758563  0.669235  0.739007  0.619134 
8  0.556086  0.567138  0.862301  0.803514  0.383168  0.761647  0.660383  0.450103 0.0  0.632583  0.210430  0.628884  0.590039  0.761934  0.614535  0.766633  0.844204  0.725421  0.752706  0.581902  0.450742  0.687681  0.653632  0.701689  0.489135  0.598727  0.829651  0.763362  0.598695  0.851925  0.775235  0.487690  0.586166  0.642391  0.581966  0.570598  0.835653  0.203187  0.683384  0.652204  0.736538  0.823468  0.605576  0.646530  0.735369 
9  0.697376  0.635819  0.895093  0.798828  0.668762  0.920753  0.697340  0.626030  0.632583 0.0  0.541681  0.713595  0.533531  0.667263  0.848537  0.692144  0.690212  0.715398  0.669895  0.523072  0.595017  0.772892  0.480832  0.793346  0.675257  0.594749  0.820073  1.000000  0.410611  0.982258  0.839088  0.550144  0.645931  0.776211  0.538462  0.729167  0.804546  0.644364  0.577816  0.676004  0.719756  0.881410  0.721032  0.661446  0.747129 
10  0.607201  0.501929  0.727185  0.675592  0.355188  0.725823  0.643886  0.355451  0.210430  0.541681 0.0  0.779755  0.488860  0.686461  0.685412  0.717472  0.805859  0.677746  0.777802  0.622340  0.458972  0.651924  0.673587  0.764642  0.415628  0.581631  0.606378  0.874270  0.645166  0.734323  0.784045  0.437072  0.541158  0.680154  0.640240  0.715631  0.789213  0.234012  0.803333  0.732221  0.694110  0.682130  0.566180  0.658595  0.613156 
11  0.790833  0.742979  0.478780  0.598772  0.815274  0.134935  0.827213  0.789398  0.628884  0.713595  0.779755 0.0  0.793889  0.870689  0.693995  0.755345  0.877844  0.636065  0.948968  0.827502  0.803762  0.749281  0.882788  0.630128  0.788126  0.777070  0.000000  0.540931  0.735509  0.348691  0.305477  0.721975  0.889851  0.739412  0.781181  0.762291  0.133377  0.854400  0.818660  0.643056  0.912701  0.492069  0.782316  0.744120  0.719879 
12  0.627946  0.648222  0.829283  0.810831  0.528421  0.773751  0.685811  0.568235  0.590039  0.533531  0.488860  0.793889 0.0  0.648692  0.643047  0.752425  0.780767  0.771291  0.644150  0.614226  0.469803  0.716645  0.657041  0.729080  0.573187  0.629306  0.786918  0.938973  0.766225  0.842725  0.735023  0.476924  0.564041  0.693790  0.654729  0.765673  0.794494  0.538750  0.658579  0.810024  0.745339  0.814137  0.481513  0.648021  0.682846 
13  0.747840  0.396596  0.864055  0.794065  0.648781  0.960107  0.482343  0.713325  0.761934  0.667263  0.686461  0.870689  0.648692 0.0  0.661838  0.783770  0.700573  0.753607  0.780284  0.619573  0.739663  0.842801  0.631801  0.790066  0.719864  0.665709  0.775667  0.922471  0.681770  0.797674  0.881971  0.555364  0.615402  0.751687  0.672099  0.771541  0.745886  0.726415  0.641590  0.785466  0.706229  0.753088  0.646238  0.729389  0.877030 
14  0.746675  0.638777  0.725643  0.403923  0.586494  0.691307  0.913150  0.562527  0.614535  0.848537  0.685412  0.693995  0.643047  0.661838 0.0  0.332909  0.790656  0.455880  0.845334  0.873794  0.558761  0.266621  0.689464  0.595677  0.591044  0.672915  0.717537  0.831027  0.666696  0.631378  0.759746  0.647762  0.738121  0.423328  0.665493  0.284760  0.730095  0.675143  0.661197  0.327283  0.746564  0.643380  0.774639  0.184176  0.413813 
15  0.721804  0.542911  0.709109  0.474155  0.666347  0.637915  0.828811  0.797442  0.766633  0.692144  0.717472  0.755345  0.752425  0.783770  0.332909 0.0  0.891840  0.502347  0.788294  0.861681  0.618031  0.423300  0.827537  0.614624  0.673251  0.621479  0.724472  0.710721  0.733583  0.700044  0.645910  0.579899  0.754957  0.255146  0.759993  0.373325  0.778830  0.742200  0.774667  0.316321  0.852031  0.556859  0.771808  0.254663  0.454564 
16  0.673616  0.754725  0.900802  0.854686  0.750777  0.915994  0.821859  0.801594  0.844204  0.690212  0.805859  0.877844  0.780767  0.700573  0.790656  0.891840 0.0  0.827043  0.862530  0.754900  0.789579  0.891648  0.868724  0.852475  0.789849  0.882272  0.844234  0.870358  0.861175  0.939013  0.884950  0.950735  0.727160  0.887632  0.826262  0.834878  0.904321  0.722260  0.866015  0.820288  0.682783  0.876867  0.758727  0.809875  0.920852 
17  0.787269  0.674163  0.726033  0.234241  0.696979  0.665806  0.752805  0.605269  0.725421  0.715398  0.677746  0.636065  0.771291  0.753607  0.455880  0.502347  0.827043 0.0  0.850853  0.797207  0.644667  0.456366  0.735557  0.580944  0.652172  0.792787  0.859247  0.799645  0.730519  0.626450  0.547408  0.712136  0.813310  0.319602  0.680432  0.518693  0.661802  0.763080  0.768463  0.246009  0.742696  0.630587  0.720539  0.510852  0.611271 
18  0.750581  0.845196  0.929143  0.826090  0.794719  0.813636  0.663715  0.837526  0.752706  0.669895  0.777802  0.948968  0.644150  0.780284  0.845334  0.788294  0.862530  0.850853 0.0  0.604016  0.704922  0.744587  0.687018  0.847587  0.728105  0.696995  0.962426  0.958813  0.656650  0.802074  0.937223  0.704977  0.800543  0.827210  0.784447  0.818138  0.880085  0.884412  0.700797  0.773600  0.768252  0.806271  0.807223  0.845411  0.765061 
19  0.792636  0.589095  0.821023  0.780568  0.658423  0.842974  0.276567  0.795099  0.581902  0.523072  0.622340  0.827502  0.614226  0.619573  0.873794  0.861681  0.754900  0.797207  0.604016 0.0  0.718087  0.731186  0.400678  0.856028  0.620966  0.664720  0.841059  0.882133  0.345856  0.808154  0.850979  0.796980  0.607429  0.716577  0.739501  0.705321  0.877360  0.756537  0.490399  0.731604  0.707374  0.760215  0.664207  0.659772  0.753088 
20  0.670360  0.495197  0.854993  0.634423  0.453222  0.873386  0.760530  0.485177  0.450742  0.595017  0.458972  0.803762  0.469803  0.739663  0.558761  0.618031  0.789579  0.644667  0.704922  0.718087 0.0  0.557279  0.748658  0.739837  0.575033  0.467990  0.714661  0.807620  0.630595  0.791099  0.843064  0.471800  0.685691  0.635462  0.496106  0.764205  0.818580  0.422254  0.691289  0.629224  0.811636  0.754246  0.670895  0.675472  0.589249 
21  0.804062  0.627194  0.635183  0.452137  0.637300  0.748871  0.885614  0.551264  0.687681  0.772892  0.651924  0.749281  0.716645  0.842801  0.266621  0.423300  0.891648  0.456366  0.744587  0.731186  0.557279 0.0  0.736942  0.707877  0.756029  0.547023  0.766105  0.819755  0.713559  0.653170  0.663893  0.747866  0.647826  0.357060  0.673646  0.300192  0.781242  0.732413  0.804614  0.484444  0.805505  0.717906  0.777529  0.161244  0.434601 
22  0.775056  0.643372  0.903543  0.719865  0.709927  0.853345  0.415079  0.741013  0.653632  0.480832  0.673587  0.882788  0.657041  0.631801  0.689464  0.827537  0.868724  0.735557  0.687018  0.400678  0.748658  0.736942 0.0  0.904157  0.594197  0.633581  0.920138  0.824565  0.369519  0.974357  0.856538  0.587730  0.659872  0.706688  0.623705  0.757996  0.865541  0.603740  0.340164  0.745790  0.788681  0.849394  0.742457  0.816885  0.795663 
23  0.656907  0.703751  0.627621  0.607914  0.728735  0.556272  0.788648  0.809440  0.701689  0.793346  0.764642  0.630128  0.729080  0.790066  0.595677  0.614624  0.852475  0.580944  0.847587  0.856028  0.739837  0.707877  0.904157 0.0  0.764391  0.732843  0.569918  0.701754  0.820372  0.457471  0.542341  0.741096  0.781187  0.603083  0.720301  0.623574  0.554656  0.833351  0.801123  0.537108  0.863843  0.182531  0.813883  0.646768  0.715720 
24  0.624120  0.662835  0.794976  0.701708  0.597877  0.896343  0.790532  0.437909  0.489135  0.675257  0.415628  0.788126  0.573187  0.719864  0.591044  0.673251  0.789849  0.652172  0.728105  0.620966  0.575033  0.756029  0.594197  0.764391 0.0  0.632891  0.749188  0.863323  0.704582  0.790429  0.665153  0.527837  0.652604  0.729659  0.665263  0.669495  0.843297  0.486952  0.764299  0.656900  0.723357  0.820422  0.489037  0.734497  0.695962 
25  0.740101  0.311186  0.926572  0.798959  0.577835  0.824676  0.424627  0.584449  0.598727  0.594749  0.581631  0.777070  0.629306  0.665709  0.672915  0.621479  0.882272  0.792787  0.696995  0.664720  0.467990  0.547023  0.633581  0.732843  0.632891 0.0  0.891557  0.799606  0.555570  0.711709  0.886046  0.530778  0.644969  0.561181  0.504085  0.743510  0.842139  0.531879  0.638459  0.735759  0.826090  0.808518  0.657673  0.593743  0.506312 
26  0.830446  0.786903  0.468282  0.678138  0.821288  0.130761  0.839039  0.718750  0.829651  0.820073  0.606378  0.000000  0.786918  0.775667  0.717537  0.724472  0.844234  0.859247  0.962426  0.841059  0.714661  0.766105  0.920138  0.569918  0.749188  0.891557 0.0  0.516906  0.766670  0.308028  0.488619  0.791499  0.890835  0.796430  0.723091  0.734069  0.227083  0.842820  0.882846  0.660546  0.910031  0.596194  0.811630  0.756582  0.723877 
27  0.854626  0.889570  0.210337  0.642189  0.787684  0.541699  0.923990  0.843437  0.763362  1.000000  0.874270  0.540931  0.938973  0.922471  0.831027  0.710721  0.870358  0.799645  0.958813  0.882133  0.807620  0.819755  0.824565  0.701754  0.863323  0.799606  0.516906 0.0  0.841400  0.581207  0.580497  0.827075  0.908918  0.775895  0.856320  0.836562  0.562234  0.789627  0.881807  0.611245  0.837496  0.704111  0.997523  0.804727  0.769927 
28  0.849603  0.594696  0.915385  0.875930  0.628231  0.748056  0.555609  0.708021  0.598695  0.410611  0.645166  0.735509  0.766225  0.681770  0.666696  0.733583  0.861175  0.730519  0.656650  0.345856  0.630595  0.713559  0.369519  0.820372  0.704582  0.555570  0.766670  0.841400 0.0  0.879403  0.758894  0.725430  0.791618  0.770258  0.467208  0.873522  0.718489  0.647945  0.498719  0.822774  0.845308  0.850165  0.774551  0.699595  0.860952 
29  0.826610  0.752772  0.655510  0.715304  0.772242  0.438353  0.980670  0.747184  0.851925  0.982258  0.734323  0.348691  0.842725  0.797674  0.631378  0.700044  0.939013  0.626450  0.802074  0.808154  0.791099  0.653170  0.974357  0.457471  0.790429  0.711709  0.308028  0.581207  0.879403 0.0  0.418503  0.705084  0.780530  0.624691  0.799883  0.709427  0.301224  0.787950  0.853702  0.577527  0.808541  0.491852  0.815750  0.712919  0.631044 
30  0.951414  0.804278  0.472917  0.829619  0.805178  0.380847  0.994561  0.823625  0.775235  0.839088  0.784045  0.305477  0.735023  0.881971  0.759746  0.645910  0.884950  0.547408  0.937223  0.850979  0.843064  0.663893  0.856538  0.542341  0.665153  0.886046  0.488619  0.580497  0.758894  0.418503 0.0  0.809071  0.820732  0.675478  0.868800  0.685150  0.463486  0.764012  0.884325  0.697663  0.936950  0.556422  0.847900  0.700410  0.856670 
31  0.618593  0.532485  0.873902  0.714956  0.238958  0.818089  0.624747  0.537920  0.487690  0.550144  0.437072  0.721975  0.476924  0.555364  0.647762  0.579899  0.950735  0.712136  0.704977  0.796980  0.471800  0.747866  0.587730  0.741096  0.527837  0.530778  0.791499  0.827075  0.725430  0.705084  0.809071 0.0  0.664290  0.625285  0.434193  0.664166  0.751598  0.409801  0.758324  0.729085  0.650192  0.756817  0.701180  0.693019  0.691352 
32  0.686212  0.720975  0.784361  0.719696  0.608944  0.832533  0.662223  0.647517  0.586166  0.645931  0.541158  0.889851  0.564041  0.615402  0.738121  0.754957  0.727160  0.813310  0.800543  0.607429  0.685691  0.647826  0.659872  0.781187  0.652604  0.644969  0.890835  0.908918  0.791618  0.780530  0.820732  0.664290 0.0  0.722331  0.630683  0.741067  0.870994  0.575541  0.807348  0.837853  0.683717  0.823583  0.529315  0.729286  0.752431 
33  0.783607  0.778352  0.869442  0.263458  0.650106  0.716495  0.814627  0.601891  0.642391  0.776211  0.680154  0.739412  0.693790  0.751687  0.423328  0.255146  0.887632  0.319602  0.827210  0.716577  0.635462  0.357060  0.706688  0.603083  0.729659  0.561181  0.796430  0.775895  0.770258  0.624691  0.675478  0.625285  0.722331 0.0  0.685881  0.571078  0.791998  0.695790  0.834510  0.177500  0.825080  0.625972  0.721783  0.388033  0.400992 
34  0.845135  0.298779  0.736982  0.617996  0.570803  0.760208  0.751491  0.620871  0.581966  0.538462  0.640240  0.781181  0.654729  0.672099  0.665493  0.759993  0.826262  0.680432  0.784447  0.739501  0.496106  0.673646  0.623705  0.720301  0.665263  0.504085  0.723091  0.856320  0.467208  0.799883  0.868800  0.434193  0.630683  0.685881 0.0  0.551851  0.857480  0.563608  0.631000  0.668089  0.752590  0.796798  0.682870  0.625780  0.770020 
35  0.822255  0.668119  0.632326  0.525071  0.696610  0.615752  0.808798  0.654692  0.570598  0.729167  0.715631  0.762291  0.765673  0.771541  0.284760  0.373325  0.834878  0.518693  0.818138  0.705321  0.764205  0.300192  0.757996  0.623574  0.669495  0.743510  0.734069  0.836562  0.873522  0.709427  0.685150  0.664166  0.741067  0.571078  0.551851 0.0  0.780886  0.694989  0.804983  0.462026  0.760776  0.701055  0.716722  0.357488  0.196461 
36  0.789785  0.828109  0.528135  0.752556  0.913977  0.192211  0.889845  0.849795  0.835653  0.804546  0.789213  0.133377  0.794494  0.745886  0.730095  0.778830  0.904321  0.661802  0.880085  0.877360  0.818580  0.781242  0.865541  0.554656  0.843297  0.842139  0.227083  0.562234  0.718489  0.301224  0.463486  0.751598  0.870994  0.791998  0.857480  0.780886 0.0  0.771913  0.811376  0.522270  0.876999  0.429475  0.852129  0.727647  0.688480 
37  0.716745  0.632794  0.804583  0.709323  0.543188  0.830514  0.750032  0.415582  0.203187  0.644364  0.234012  0.854400  0.538750  0.726415  0.675143  0.742200  0.722260  0.763080  0.884412  0.756537  0.422254  0.732413  0.603740  0.833351  0.486952  0.531879  0.842820  0.789627  0.647945  0.787950  0.764012  0.409801  0.575541  0.695790  0.563608  0.694989  0.771913 0.0  0.716321  0.697661  0.713871  0.776434  0.554771  0.697371  0.661026 
38  0.838578  0.682502  0.890220  0.731270  0.608057  0.796132  0.623388  0.682492  0.683384  0.577816  0.803333  0.818660  0.658579  0.641590  0.661197  0.774667  0.866015  0.768463  0.700797  0.490399  0.691289  0.804614  0.340164  0.801123  0.764299  0.638459  0.882846  0.881807  0.498719  0.853702  0.884325  0.758324  0.807348  0.834510  0.631000  0.804983  0.811376  0.716321 0.0  0.750872  0.745996  0.819287  0.650256  0.696300  0.724722 
39  0.758441  0.732920  0.761313  0.295528  0.672808  0.601325  0.827402  0.612717  0.652204  0.676004  0.732221  0.643056  0.810024  0.785466  0.327283  0.316321  0.820288  0.246009  0.773600  0.731604  0.629224  0.484444  0.745790  0.537108  0.656900  0.735759  0.660546  0.611245  0.822774  0.577527  0.697663  0.729085  0.837853  0.177500  0.668089  0.462026  0.522270  0.697661  0.750872 0.0  0.768011  0.707372  0.851463  0.481425  0.483892 
40  0.701997  0.745383  0.856759  0.814375  0.693299  0.795224  0.779269  0.704275  0.736538  0.719756  0.694110  0.912701  0.745339  0.706229  0.746564  0.852031  0.682783  0.742696  0.768252  0.707374  0.811636  0.805505  0.788681  0.863843  0.723357  0.826090  0.910031  0.837496  0.845308  0.808541  0.936950  0.650192  0.683717  0.825080  0.752590  0.760776  0.876999  0.713871  0.745996  0.768011 0.0  0.818293  0.776436  0.828226  0.815861 
41  0.902978  0.743943  0.629652  0.685220  0.784711  0.493187  0.802956  0.758563  0.823468  0.881410  0.682130  0.492069  0.814137  0.753088  0.643380  0.556859  0.876867  0.630587  0.806271  0.760215  0.754246  0.717906  0.849394  0.182531  0.820422  0.808518  0.596194  0.704111  0.850165  0.491852  0.556422  0.756817  0.823583  0.625972  0.796798  0.701055  0.429475  0.776434  0.819287  0.707372  0.818293 0.0  0.879205  0.576595  0.744885 
42  0.796226  0.702164  0.837278  0.728630  0.556441  0.860035  0.630537  0.669235  0.605576  0.721032  0.566180  0.782316  0.481513  0.646238  0.774639  0.771808  0.758727  0.720539  0.807223  0.664207  0.670895  0.777529  0.742457  0.813883  0.489037  0.657673  0.811630  0.997523  0.774551  0.815750  0.847900  0.701180  0.529315  0.721783  0.682870  0.716722  0.852129  0.554771  0.650256  0.851463  0.776436  0.879205 0.0  0.740306  0.874941 
43  0.782798  0.714563  0.713774  0.480795  0.692232  0.705143  0.883432  0.739007  0.646530  0.661446  0.658595  0.744120  0.648021  0.729389  0.184176  0.254663  0.809875  0.510852  0.845411  0.659772  0.675472  0.161244  0.816885  0.646768  0.734497  0.593743  0.756582  0.804727  0.699595  0.712919  0.700410  0.693019  0.729286  0.388033  0.625780  0.357488  0.727647  0.697371  0.696300  0.481425  0.828226  0.576595  0.740306 0.0  0.426213 
44  0.804330  0.665999  0.743282  0.489285  0.594109  0.778553  0.837763  0.619134  0.735369  0.747129  0.613156  0.719879  0.682846  0.877030  0.413813  0.454564  0.920852  0.611271  0.765061  0.753088  0.589249  0.434601  0.795663  0.715720  0.695962  0.506312  0.723877  0.769927  0.860952  0.631044  0.856670  0.691352  0.752431  0.400992  0.770020  0.196461  0.688480  0.661026  0.724722  0.483892  0.815861  0.744885  0.874941  0.426213 0.0 
