62
0 0.0  0.528916  0.719384  0.470519  0.481910  0.413517  0.453471  0.549739  0.559607  0.496564  0.524878  0.444803  0.391648  0.517990  0.608697  0.513593  0.503963  0.513351  0.609713  0.611350  0.547464  0.487744  0.490441  0.461661  0.482440  0.464931  0.443654  0.525009  0.628713  0.425345  0.543457  0.499711  0.536983  0.479249  0.484982  0.388337  0.453659  0.466650  0.422544  0.470662  0.421742  0.438489  0.436932  0.509437  0.429216  0.442086  0.441399  0.400577  0.452145  0.652059  0.526981  0.628559  0.572773  0.494701  0.574728  0.419898  0.607738  0.583289  0.395609  0.491262  0.654733  0.581718 
1  0.528916 0.0  0.778976  0.489177  0.506813  0.400274  0.409870  0.430001  0.677798  0.584959  0.359424  0.412728  0.552554  0.453621  0.580756  0.454272  0.588531  0.756738  0.753068  0.822552  0.539017  0.570004  0.600144  0.648310  0.484050  0.488024  0.596666  0.596616  0.848015  0.451843  0.550082  0.561761  0.487808  0.403697  0.511417  0.500752  0.720499  0.466508  0.471516  0.545671  0.458268  0.499848  0.439540  0.506736  0.714383  0.668565  0.398699  0.437715  0.588435  0.768408  0.589322  0.747504  0.635551  0.536905  0.572470  0.348650  0.556377  0.553283  0.360785  0.512294  0.636366  0.861296 
2  0.719384  0.778976 0.0  0.633929  0.759531  0.741147  0.805364  0.590946  0.700890  0.572948  0.730161  0.725285  0.661535  0.743942  0.497384  0.885937  0.570973  0.714682  0.566354  0.717107  0.895514  0.842253  0.612999  0.542024  0.815702  0.883812  0.751332  0.561035  0.518420  0.737959  0.617965  0.765576  0.646584  0.800641  0.801479  0.643496  0.599111  0.802596  0.687940  0.643292  0.739762  0.778783  0.611325  0.765187  0.686735  0.607105  0.682554  0.660587  0.695100  0.466624  0.616252  0.520462  0.461820  0.606765  0.525072  0.807283  0.535917  0.411783  0.889774  0.731379  0.450508  0.429814 
3  0.470519  0.489177  0.633929 0.0  0.537237  0.409268  0.423725  0.452540  0.606655  0.598083  0.416266  0.405287  0.561249  0.585899  0.656200  0.622805  0.517678  0.765934  0.557331  0.805459  0.749278  0.491886  0.574406  0.575606  0.358288  0.552389  0.565461  0.608050  0.724510  0.538818  0.539833  0.513799  0.579081  0.561258  0.486943  0.570583  0.573679  0.544756  0.578141  0.559938  0.586747  0.581923  0.385921  0.625959  0.574274  0.626239  0.555968  0.464151  0.588037  0.501224  0.516546  0.613303  0.564158  0.525541  0.546784  0.573940  0.608938  0.523685  0.477859  0.565633  0.554421  0.601684 
4  0.481910  0.506813  0.759531  0.537237 0.0  0.591787  0.617540  0.531356  0.665361  0.471349  0.610727  0.625269  0.483392  0.291599  0.703223  0.508723  0.614391  0.650337  0.590861  0.762251  0.199718  0.548498  0.430925  0.450564  0.664465  0.274950  0.412614  0.520607  0.616653  0.313818  0.535259  0.374777  0.336312  0.360488  0.327989  0.310029  0.367204  0.256200  0.464207  0.451837  0.296075  0.301915  0.744242  0.423687  0.648062  0.582893  0.458994  0.405741  0.412514  0.826092  0.254471  0.827196  0.647167  0.532891  0.574824  0.313488  0.620448  0.704708  0.583517  0.319268  0.712586  0.680821 
5  0.413517  0.400274  0.741147  0.409268  0.591787 0.0  0.248636  0.354359  0.627071  0.583339  0.351750  0.384850  0.647514  0.545640  0.555047  0.602628  0.653509  0.642431  0.577312  1.000000  0.673234  0.413278  0.578429  0.654540  0.401573  0.531938  0.556937  0.485044  0.781143  0.595241  0.551407  0.597096  0.543982  0.537367  0.680243  0.741126  0.692354  0.537458  0.485402  0.559581  0.490669  0.580462  0.259345  0.504973  0.635729  0.657113  0.431243  0.479435  0.650328  0.553741  0.538572  0.566124  0.474975  0.468232  0.607664  0.433922  0.467070  0.755964  0.411271  0.504571  0.743278  0.749820 
6  0.453471  0.409870  0.805364  0.423725  0.617540  0.248636 0.0  0.427143  0.723120  0.558346  0.393481  0.403402  0.540744  0.439132  0.744817  0.623397  0.577682  0.655917  0.722946  0.788161  0.590634  0.463472  0.479542  0.651379  0.374196  0.562704  0.557694  0.531001  0.694604  0.564333  0.499073  0.578749  0.643748  0.527676  0.483126  0.575300  0.553059  0.523485  0.551911  0.599586  0.598327  0.537532  0.390149  0.585537  0.625206  0.507588  0.517480  0.509888  0.515107  0.747935  0.627246  0.549209  0.556148  0.498287  0.587867  0.507732  0.634445  0.797158  0.464026  0.556980  0.663744  0.758748 
7  0.549739  0.430001  0.590946  0.452540  0.531356  0.354359  0.427143 0.0  0.455390  0.591002  0.394896  0.425686  0.419705  0.526465  0.448956  0.460683  0.595326  0.614870  0.697109  0.814661  0.606561  0.542725  0.699985  0.616735  0.458999  0.594371  0.548938  0.536829  0.623534  0.552750  0.681883  0.563113  0.575913  0.585392  0.484828  0.506223  0.589009  0.619711  0.535135  0.487501  0.542560  0.581657  0.378037  0.685623  0.659228  0.634290  0.534459  0.428464  0.546051  0.591912  0.580039  0.688325  0.491876  0.566458  0.441448  0.561000  0.389786  0.640278  0.475029  0.691560  0.655376  0.580245 
8  0.559607  0.677798  0.700890  0.606655  0.665361  0.627071  0.723120  0.455390 0.0  0.556022  0.651509  0.638674  0.448908  0.666933  0.610061  0.705300  0.587766  0.545853  0.521115  0.509505  0.848534  0.677157  0.806999  0.634030  0.648840  0.689493  0.515369  0.720725  0.480954  0.596172  0.657632  0.731353  0.711178  0.732792  0.697740  0.746114  0.613159  0.713404  0.560846  0.712207  0.694238  0.718678  0.640859  0.596873  0.540104  0.591404  0.611202  0.668612  0.686866  0.602885  0.707067  0.492616  0.514428  0.635645  0.527154  0.739094  0.552810  0.692479  0.801708  0.849865  0.434153  0.559076 
9  0.496564  0.584959  0.572948  0.598083  0.471349  0.583339  0.558346  0.591002  0.556022 0.0  0.632090  0.442870  0.601050  0.393326  0.690518  0.461294  0.416263  0.648005  0.707807  0.828490  0.600505  0.541629  0.464420  0.371622  0.397429  0.467799  0.541128  0.339461  0.743472  0.457795  0.329348  0.631466  0.454309  0.474458  0.540407  0.441530  0.603089  0.428251  0.437981  0.392375  0.482756  0.519807  0.528305  0.379747  0.514613  0.388630  0.414930  0.326652  0.513683  0.678553  0.493249  0.660377  0.670584  0.595983  0.640666  0.365019  0.739379  0.540524  0.575127  0.517885  0.622024  0.690306 
10  0.524878  0.359424  0.730161  0.416266  0.610727  0.351750  0.393481  0.394896  0.651509  0.632090 0.0  0.287971  0.618225  0.502775  0.537305  0.410255  0.686447  0.646812  0.612013  0.754475  0.643442  0.535831  0.467671  0.519026  0.418240  0.528936  0.689677  0.616824  0.844984  0.521687  0.516780  0.499278  0.548090  0.434276  0.561775  0.520256  0.550253  0.489656  0.604162  0.692043  0.462704  0.590834  0.392501  0.558679  0.654087  0.732604  0.673978  0.430814  0.574164  0.680466  0.546639  0.631726  0.640607  0.599512  0.542925  0.521591  0.497505  0.662914  0.264776  0.499128  0.651569  0.724718 
11  0.444803  0.412728  0.725285  0.405287  0.625269  0.384850  0.403402  0.425686  0.638674  0.442870  0.287971 0.0  0.755262  0.418569  0.596506  0.567288  0.665676  0.664373  0.688390  0.850768  0.705521  0.571868  0.642499  0.658563  0.304195  0.509728  0.697520  0.546993  0.898332  0.496356  0.673651  0.551647  0.560827  0.562726  0.574341  0.572519  0.554713  0.588659  0.643050  0.494908  0.505422  0.587589  0.467234  0.610381  0.662891  0.692065  0.565058  0.639994  0.582095  0.713576  0.620867  0.593579  0.618602  0.524302  0.599079  0.488805  0.560723  0.732599  0.255983  0.535709  0.835010  0.688105 
12  0.391648  0.552554  0.661535  0.561249  0.483392  0.647514  0.540744  0.419705  0.448908  0.601050  0.618225  0.755262 0.0  0.582699  0.633180  0.593624  0.629837  0.432404  0.515571  0.422438  0.569901  0.537493  0.577576  0.583813  0.503724  0.529985  0.306333  0.501788  0.500767  0.516444  0.580385  0.498787  0.485008  0.541435  0.638218  0.413425  0.541992  0.520548  0.335791  0.479495  0.600799  0.591197  0.556720  0.437151  0.702925  0.526279  0.408650  0.574296  0.595392  0.634825  0.571143  0.808049  0.562558  0.504982  0.350398  0.652772  0.555682  0.758707  0.916440  0.685647  0.384432  0.501672 
13  0.517990  0.453621  0.743942  0.585899  0.291599  0.545640  0.439132  0.526465  0.666933  0.393326  0.502775  0.418569  0.582699 0.0  0.631698  0.562249  0.569673  0.680487  0.540016  0.765666  0.341564  0.517998  0.463018  0.472071  0.493327  0.282999  0.425889  0.522670  0.776804  0.253135  0.483718  0.303500  0.313766  0.371461  0.289436  0.300882  0.352846  0.221069  0.418080  0.464662  0.235296  0.496815  0.530479  0.319489  0.657675  0.645214  0.430986  0.413925  0.334362  0.703186  0.309253  0.914357  0.678104  0.595317  0.550672  0.324592  0.630118  0.679414  0.597533  0.277500  0.694786  0.770866 
14  0.608697  0.580756  0.497384  0.656200  0.703223  0.555047  0.744817  0.448956  0.610061  0.690518  0.537305  0.596506  0.633180  0.631698 0.0  0.564125  0.687020  0.695923  0.484203  0.700427  0.731637  0.665296  0.652034  0.622701  0.579931  0.639307  0.645566  0.886184  0.559639  0.696044  0.799993  0.589087  0.693015  0.752911  0.676829  0.631826  0.783039  0.591199  0.730853  0.749788  0.627126  0.696799  0.620423  0.884263  0.700213  0.664805  0.852170  0.632605  0.506004  0.564081  0.669968  0.687147  0.368762  0.603095  0.579880  0.677986  0.361423  0.625256  0.671909  0.624010  0.729303  0.568997 
15  0.513593  0.454272  0.885937  0.622805  0.508723  0.602628  0.623397  0.460683  0.705300  0.461294  0.410255  0.567288  0.593624  0.562249  0.564125 0.0  0.726488  0.651543  0.641556  0.826035  0.522066  0.707637  0.435043  0.566050  0.505332  0.577003  0.560792  0.555240  0.752270  0.612843  0.723433  0.608733  0.598994  0.433687  0.594296  0.542230  0.672988  0.577926  0.623277  0.580483  0.515314  0.398734  0.615893  0.603697  0.689347  0.705925  0.500893  0.566000  0.644191  0.640332  0.424470  0.751839  0.731062  0.637542  0.637108  0.431331  0.536963  0.704271  0.441428  0.484034  0.714847  0.825556 
16  0.503963  0.588531  0.570973  0.517678  0.614391  0.653509  0.577682  0.595326  0.587766  0.416263  0.686447  0.665676  0.629837  0.569673  0.687020  0.726488 0.0  0.622582  0.518001  0.522482  0.660742  0.732733  0.775148  0.609640  0.659393  0.685524  0.522626  0.465657  0.601138  0.678921  0.396830  0.604461  0.825317  0.739367  0.602179  0.631620  0.520771  0.649667  0.520312  0.556614  0.652613  0.609433  0.556782  0.529444  0.510923  0.431266  0.601122  0.410155  0.757108  0.583227  0.710168  0.540949  0.673117  0.710004  0.579175  0.554442  0.710288  0.583256  0.641126  0.702739  0.679392  0.826150 
17  0.513351  0.756738  0.714682  0.765934  0.650337  0.642431  0.655917  0.614870  0.545853  0.648005  0.646812  0.664373  0.432404  0.680487  0.695923  0.651543  0.622582 0.0  0.553389  0.362027  0.538555  0.734163  0.794347  0.653446  0.737407  0.581516  0.395197  0.695841  0.447568  0.553709  0.624603  0.648461  0.674550  0.636078  0.650485  0.698685  0.496007  0.669634  0.487325  0.592583  0.615483  0.656974  0.731314  0.573658  0.571732  0.582234  0.693794  0.739499  0.642017  0.509462  0.576273  0.612056  0.588795  0.806673  0.501894  0.677862  0.568498  0.686848  0.762469  0.623779  0.489572  0.430410 
18  0.609713  0.753068  0.566354  0.557331  0.590861  0.577312  0.722946  0.697109  0.521115  0.707807  0.612013  0.688390  0.515571  0.540016  0.484203  0.641556  0.518001  0.553389 0.0  0.609728  0.707565  0.548881  0.748084  0.681626  0.689275  0.769094  0.793863  0.428028  0.351846  0.647737  0.662879  0.645888  0.632994  0.693828  0.582963  0.562817  0.644778  0.661828  0.734974  0.742880  0.765983  0.711183  0.561468  0.697278  0.655090  0.711922  0.549888  0.678165  0.680044  0.361591  0.535367  0.453988  0.569977  0.545522  0.588341  0.828840  0.736458  0.532124  0.634539  0.679163  0.405822  0.421193 
19  0.611350  0.822552  0.717107  0.805459  0.762251  1.000000  0.788161  0.814661  0.509505  0.828490  0.754475  0.850768  0.422438  0.765666  0.700427  0.826035  0.522482  0.362027  0.609728 0.0  0.752662  0.738546  0.819127  0.793544  0.727489  0.826827  0.513659  0.761539  0.446985  0.734063  0.657696  0.646687  0.808641  0.859116  0.763380  0.705879  0.629385  0.659076  0.498381  0.776801  0.741506  0.927450  0.896978  0.660684  0.666676  0.767082  0.637363  0.903323  0.615034  0.608014  0.656405  0.626136  0.666237  0.748304  0.441578  0.748740  0.657107  0.656140  0.859175  0.937170  0.416448  0.518581 
20  0.547464  0.539017  0.895514  0.749278  0.199718  0.673234  0.590634  0.606561  0.848534  0.600505  0.643442  0.705521  0.569901  0.341564  0.731637  0.522066  0.660742  0.538555  0.707565  0.752662 0.0  0.635779  0.483562  0.464538  0.775295  0.287592  0.511458  0.568487  0.692481  0.384138  0.562568  0.375127  0.385634  0.497033  0.368166  0.391931  0.352593  0.338136  0.492401  0.409461  0.284791  0.331066  0.731706  0.372006  0.684803  0.666052  0.584237  0.515330  0.421578  0.712545  0.363120  0.812691  0.742439  0.560262  0.651374  0.435943  0.587082  0.744237  0.698763  0.339146  0.805431  0.894158 
21  0.487744  0.570004  0.842253  0.491886  0.548498  0.413278  0.463472  0.542725  0.677157  0.541629  0.535831  0.571868  0.537493  0.517998  0.665296  0.707637  0.732733  0.734163  0.548881  0.738546  0.635779 0.0  0.456206  0.504556  0.394754  0.443573  0.650155  0.559929  0.662897  0.427181  0.449525  0.531169  0.474214  0.528518  0.596520  0.527212  0.559153  0.415918  0.558067  0.560623  0.599100  0.555164  0.536482  0.614273  0.651310  0.584066  0.395135  0.471972  0.498093  0.578412  0.614338  0.535932  0.549402  0.420937  0.540571  0.444012  0.681440  0.535304  0.542957  0.540180  0.791659  0.725944 
22  0.490441  0.600144  0.612999  0.574406  0.430925  0.578429  0.479542  0.699985  0.806999  0.464420  0.467671  0.642499  0.577576  0.463018  0.652034  0.435043  0.775148  0.794347  0.748084  0.819127  0.483562  0.456206 0.0  0.550220  0.641403  0.481815  0.655325  0.510712  0.724053  0.373872  0.454648  0.511470  0.382486  0.268491  0.418847  0.444327  0.589589  0.420079  0.574152  0.531409  0.463422  0.339675  0.513541  0.465752  0.797676  0.648599  0.278271  0.487746  0.435501  0.637255  0.403098  0.864116  0.642399  0.555611  0.683220  0.271827  0.540607  0.550817  0.483578  0.548791  0.722750  0.912629 
23  0.461661  0.648310  0.542024  0.575606  0.450564  0.654540  0.651379  0.616735  0.634030  0.371622  0.519026  0.658563  0.583813  0.472071  0.622701  0.566050  0.609640  0.653446  0.681626  0.793544  0.464538  0.504556  0.550220 0.0  0.473744  0.483717  0.499109  0.369404  0.708332  0.475536  0.388881  0.390232  0.431596  0.426229  0.407557  0.394446  0.580651  0.428123  0.540039  0.466080  0.469835  0.509074  0.671925  0.512109  0.556727  0.511814  0.500443  0.334350  0.435435  0.711418  0.496904  0.787786  0.699964  0.617090  0.545954  0.544298  0.637841  0.474233  0.682524  0.462163  0.540362  0.601827 
24  0.482440  0.484050  0.815702  0.358288  0.664465  0.401573  0.374196  0.458999  0.648840  0.397429  0.418240  0.304195  0.503724  0.493327  0.579931  0.505332  0.659393  0.737407  0.689275  0.727489  0.775295  0.394754  0.641403  0.473744 0.0  0.567513  0.618919  0.550250  0.780120  0.582817  0.551038  0.551588  0.482319  0.478518  0.550425  0.507425  0.528187  0.479446  0.547409  0.470196  0.468943  0.693906  0.303270  0.629387  0.784901  0.591021  0.554850  0.652785  0.637499  0.696093  0.563050  0.623588  0.717320  0.496239  0.581828  0.454981  0.756030  0.578998  0.375502  0.629004  0.695014  0.721923 
25  0.464931  0.488024  0.883812  0.552389  0.274950  0.531938  0.562704  0.594371  0.689493  0.467799  0.528936  0.509728  0.529985  0.282999  0.639307  0.577003  0.685524  0.581516  0.769094  0.826827  0.287592  0.443573  0.481815  0.483717  0.567513 0.0  0.429543  0.514378  0.882787  0.280225  0.375065  0.294053  0.215859  0.431075  0.270536  0.335741  0.451993  0.255419  0.512014  0.464713  0.189806  0.385585  0.484497  0.353119  0.544792  0.540458  0.545534  0.431716  0.356937  0.838686  0.329244  0.659966  0.804779  0.640462  0.656051  0.305005  0.667542  0.827335  0.553172  0.270011  0.731332  0.799237 
26  0.443654  0.596666  0.751332  0.565461  0.412614  0.556937  0.557694  0.548938  0.515369  0.541128  0.689677  0.697520  0.306333  0.425889  0.645566  0.560792  0.522626  0.395197  0.793863  0.513659  0.511458  0.650155  0.655325  0.499109  0.618919  0.429543 0.0  0.592738  0.439001  0.565796  0.564676  0.548852  0.487880  0.486312  0.549212  0.547719  0.559029  0.431723  0.236718  0.455087  0.402604  0.546267  0.462664  0.423637  0.569003  0.509295  0.464249  0.541950  0.524553  0.611917  0.684779  0.790155  0.584232  0.591830  0.537396  0.420393  0.513668  0.627244  0.729971  0.556110  0.529174  0.499675 
27  0.525009  0.596616  0.561035  0.608050  0.520607  0.485044  0.531001  0.536829  0.720725  0.339461  0.616824  0.546993  0.501788  0.522670  0.886184  0.555240  0.465657  0.695841  0.428028  0.761539  0.568487  0.559929  0.510712  0.369404  0.550250  0.514378  0.592738 0.0  0.742160  0.546773  0.422924  0.684699  0.573317  0.489417  0.556348  0.570150  0.537602  0.549785  0.523610  0.463059  0.518892  0.460150  0.465152  0.402290  0.506599  0.407634  0.465889  0.325324  0.570668  0.604300  0.475302  0.665807  0.631118  0.548314  0.590843  0.446965  0.563911  0.447267  0.554586  0.622025  0.636846  0.678293 
28  0.628713  0.848015  0.518420  0.724510  0.616653  0.781143  0.694604  0.623534  0.480954  0.743472  0.844984  0.898332  0.500767  0.776804  0.559639  0.752270  0.601138  0.447568  0.351846  0.446985  0.692481  0.662897  0.724053  0.708332  0.780120  0.882787  0.439001  0.742160 0.0  0.590473  0.621486  0.683011  0.697679  0.788909  0.754872  0.629498  0.614997  0.665445  0.521934  0.602052  0.844889  0.759794  0.758645  0.668893  0.736244  0.582662  0.603280  0.719785  0.679337  0.503191  0.669293  0.559683  0.538458  0.719932  0.430935  0.826803  0.587958  0.554973  0.867448  0.811527  0.278629  0.337550 
29  0.425345  0.451843  0.737959  0.538818  0.313818  0.595241  0.564333  0.552750  0.596172  0.457795  0.521687  0.496356  0.516444  0.253135  0.696044  0.612843  0.678921  0.553709  0.647737  0.734063  0.384138  0.427181  0.373872  0.475536  0.582817  0.280225  0.565796  0.546773  0.590473 0.0  0.460799  0.359285  0.279286  0.344294  0.316580  0.314454  0.345056  0.238160  0.441834  0.375985  0.237941  0.361100  0.582065  0.272907  0.538586  0.524319  0.398972  0.544846  0.382317  0.712820  0.303685  0.704116  0.691996  0.510675  0.604198  0.366906  0.577566  0.731705  0.523690  0.280842  0.637732  0.736454 
30  0.543457  0.550082  0.617965  0.539833  0.535259  0.551407  0.499073  0.681883  0.657632  0.329348  0.516780  0.673651  0.580385  0.483718  0.799993  0.723433  0.396830  0.624603  0.662879  0.657696  0.562568  0.449525  0.454648  0.388881  0.551038  0.375065  0.564676  0.422924  0.621486  0.460799 0.0  0.560318  0.401805  0.459632  0.405574  0.478794  0.523890  0.359593  0.518414  0.492394  0.437204  0.370175  0.580709  0.503883  0.467134  0.491498  0.451476  0.284288  0.412754  0.761228  0.386478  0.662549  0.790918  0.574847  0.665035  0.329817  0.705385  0.610781  0.584844  0.500055  0.617576  0.925343 
31  0.499711  0.561761  0.765576  0.513799  0.374777  0.597096  0.578749  0.563113  0.731353  0.631466  0.499278  0.551647  0.498787  0.303500  0.589087  0.608733  0.604461  0.648461  0.645888  0.646687  0.375127  0.531169  0.511470  0.390232  0.551588  0.294053  0.548852  0.684699  0.683011  0.359285  0.560318 0.0  0.358694  0.474877  0.315150  0.439146  0.382569  0.367003  0.471470  0.546138  0.340400  0.548252  0.658385  0.401408  0.805127  0.651461  0.602777  0.361377  0.405854  0.735987  0.356852  0.855970  0.663058  0.579739  0.579975  0.427819  0.597744  0.638394  0.562207  0.361387  0.741387  0.681441 
32  0.536983  0.487808  0.646584  0.579081  0.336312  0.543982  0.643748  0.575913  0.711178  0.454309  0.548090  0.560827  0.485008  0.313766  0.693015  0.598994  0.825317  0.674550  0.632994  0.808641  0.385634  0.474214  0.382486  0.431596  0.482319  0.215859  0.487880  0.573317  0.697679  0.279286  0.401805  0.358694 0.0  0.298749  0.313120  0.308677  0.449125  0.178033  0.354309  0.449998  0.235233  0.462151  0.496066  0.303425  0.729289  0.619478  0.499666  0.414294  0.465792  0.742106  0.327985  0.757895  0.532516  0.483103  0.706871  0.375763  0.666017  0.625545  0.661390  0.319715  0.792276  0.803682 
33  0.479249  0.403697  0.800641  0.561258  0.360488  0.537367  0.527676  0.585392  0.732792  0.474458  0.434276  0.562726  0.541435  0.371461  0.752911  0.433687  0.739367  0.636078  0.693828  0.859116  0.497033  0.528518  0.268491  0.426229  0.478518  0.431075  0.486312  0.489417  0.788909  0.344294  0.459632  0.474877  0.298749 0.0  0.317063  0.398096  0.502883  0.268060  0.435092  0.469384  0.275700  0.360769  0.506265  0.448468  0.745865  0.673263  0.336392  0.489475  0.444033  0.724039  0.426835  0.799457  0.775606  0.499022  0.586744  0.313403  0.584339  0.682008  0.584964  0.358862  0.671780  0.683034 
34  0.484982  0.511417  0.801479  0.486943  0.327989  0.680243  0.483126  0.484828  0.697740  0.540407  0.561775  0.574341  0.638218  0.289436  0.676829  0.594296  0.602179  0.650485  0.582963  0.763380  0.368166  0.596520  0.418847  0.407557  0.550425  0.270536  0.549212  0.556348  0.754872  0.316580  0.405574  0.315150  0.313120  0.317063 0.0  0.401136  0.403194  0.255194  0.495999  0.434934  0.320859  0.489534  0.567597  0.367830  0.741915  0.573191  0.548688  0.476500  0.376262  0.674696  0.346456  0.552412  0.646469  0.601675  0.644309  0.461621  0.675410  0.656680  0.681555  0.369916  0.746291  0.771147 
35  0.388337  0.500752  0.643496  0.570583  0.310029  0.741126  0.575300  0.506223  0.746114  0.441530  0.520256  0.572519  0.413425  0.300882  0.631826  0.542230  0.631620  0.698685  0.562817  0.705879  0.391931  0.527212  0.444327  0.394446  0.507425  0.335741  0.547719  0.570150  0.629498  0.314454  0.478794  0.439146  0.308677  0.398096  0.401136 0.0  0.427706  0.241739  0.480480  0.426420  0.329248  0.478496  0.588142  0.389769  0.629387  0.570414  0.527762  0.485758  0.468182  0.736774  0.328979  0.862733  0.588164  0.530711  0.588979  0.394113  0.712210  0.689454  0.582627  0.300079  0.672618  0.692568 
36  0.453659  0.720499  0.599111  0.573679  0.367204  0.692354  0.553059  0.589009  0.613159  0.603089  0.550253  0.554713  0.541992  0.352846  0.783039  0.672988  0.520771  0.496007  0.644778  0.629385  0.352593  0.559153  0.589589  0.580651  0.528187  0.451993  0.559029  0.537602  0.614997  0.345056  0.523890  0.382569  0.449125  0.502883  0.403194  0.427706 0.0  0.410005  0.540027  0.475301  0.378679  0.442087  0.591070  0.357326  0.674225  0.561612  0.489781  0.571339  0.526887  0.678162  0.403150  0.665556  0.680362  0.599820  0.653223  0.464634  0.704981  0.738156  0.590293  0.338172  0.657758  0.578310 
37  0.466650  0.466508  0.802596  0.544756  0.256200  0.537458  0.523485  0.619711  0.713404  0.428251  0.489656  0.588659  0.520548  0.221069  0.591199  0.577926  0.649667  0.669634  0.661828  0.659076  0.338136  0.415918  0.420079  0.428123  0.479446  0.255419  0.431723  0.549785  0.665445  0.238160  0.359593  0.367003  0.178033  0.268060  0.255194  0.241739  0.410005 0.0  0.414704  0.383773  0.222361  0.410512  0.433440  0.249790  0.684812  0.631083  0.415391  0.473648  0.392936  0.663922  0.313706  0.617329  0.726162  0.535450  0.609988  0.327922  0.533723  0.595781  0.501783  0.307372  0.765146  0.786977 
38  0.422544  0.471516  0.687940  0.578141  0.464207  0.485402  0.551911  0.535135  0.560846  0.437981  0.604162  0.643050  0.335791  0.418080  0.730853  0.623277  0.520312  0.487325  0.734974  0.498381  0.492401  0.558067  0.574152  0.540039  0.547409  0.512014  0.236718  0.523610  0.521934  0.441834  0.518414  0.471470  0.354309  0.435092  0.495999  0.480480  0.540027  0.414704 0.0  0.397664  0.508353  0.482782  0.494838  0.326517  0.515360  0.454364  0.438218  0.599684  0.579902  0.703781  0.522495  0.719153  0.628224  0.606948  0.442542  0.436980  0.590500  0.607171  0.538184  0.452092  0.552663  0.673676 
39  0.470662  0.545671  0.643292  0.559938  0.451837  0.559581  0.599586  0.487501  0.712207  0.392375  0.692043  0.494908  0.479495  0.464662  0.749788  0.580483  0.556614  0.592583  0.742880  0.776801  0.409461  0.560623  0.531409  0.466080  0.470196  0.464713  0.455087  0.463059  0.602052  0.375985  0.492394  0.546138  0.449998  0.469384  0.434934  0.426420  0.475301  0.383773  0.397664 0.0  0.435188  0.408562  0.552610  0.371576  0.522091  0.481055  0.537422  0.410845  0.496718  0.610858  0.478230  0.753503  0.607134  0.558511  0.637060  0.489342  0.650424  0.622906  0.466558  0.452532  0.584206  0.602447 
40  0.421742  0.458268  0.739762  0.586747  0.296075  0.490669  0.598327  0.542560  0.694238  0.482756  0.462704  0.505422  0.600799  0.235296  0.627126  0.515314  0.652613  0.615483  0.765983  0.741506  0.284791  0.599100  0.463422  0.469835  0.468943  0.189806  0.402604  0.518892  0.844889  0.237941  0.437204  0.340400  0.235233  0.275700  0.320859  0.329248  0.378679  0.222361  0.508353  0.435188 0.0  0.400210  0.573926  0.324854  0.635945  0.613464  0.455538  0.436976  0.388963  0.666546  0.281518  0.824466  0.676146  0.551102  0.578073  0.281642  0.732606  0.871511  0.594229  0.242908  0.761391  0.697403 
41  0.438489  0.499848  0.778783  0.581923  0.301915  0.580462  0.537532  0.581657  0.718678  0.519807  0.590834  0.587589  0.591197  0.496815  0.696799  0.398734  0.609433  0.656974  0.711183  0.927450  0.331066  0.555164  0.339675  0.509074  0.693906  0.385585  0.546267  0.460150  0.759794  0.361100  0.370175  0.548252  0.462151  0.360769  0.489534  0.478496  0.442087  0.410512  0.482782  0.408562  0.400210 0.0  0.633375  0.507012  0.700666  0.531620  0.435358  0.423799  0.546299  0.727430  0.419155  0.904525  0.713207  0.576865  0.674218  0.245518  0.721256  0.786047  0.530583  0.461003  0.661978  0.942113 
42  0.436932  0.439540  0.611325  0.385921  0.744242  0.259345  0.390149  0.378037  0.640859  0.528305  0.392501  0.467234  0.556720  0.530479  0.620423  0.615893  0.556782  0.731314  0.561468  0.896978  0.731706  0.536482  0.513541  0.671925  0.303270  0.484497  0.462664  0.465152  0.758645  0.582065  0.580709  0.658385  0.496066  0.506265  0.567597  0.588142  0.591070  0.433440  0.494838  0.552610  0.573926  0.633375 0.0  0.528052  0.544901  0.649970  0.390519  0.531656  0.540461  0.691848  0.659049  0.387427  0.574580  0.413626  0.565755  0.532371  0.657830  0.553096  0.527709  0.644669  0.655368  0.614803 
43  0.509437  0.506736  0.765187  0.625959  0.423687  0.504973  0.585537  0.685623  0.596873  0.379747  0.558679  0.610381  0.437151  0.319489  0.884263  0.603697  0.529444  0.573658  0.697278  0.660684  0.372006  0.614273  0.465752  0.512109  0.629387  0.353119  0.423637  0.402290  0.668893  0.272907  0.503883  0.401408  0.303425  0.448468  0.367830  0.389769  0.357326  0.249790  0.326517  0.371576  0.324854  0.507012  0.528052 0.0  0.574639  0.550388  0.328892  0.462258  0.484985  0.845041  0.348718  0.630924  0.600888  0.570114  0.532993  0.432128  0.671603  0.606425  0.692751  0.361853  0.663126  0.662864 
44  0.429216  0.714383  0.686735  0.574274  0.648062  0.635729  0.625206  0.659228  0.540104  0.514613  0.654087  0.662891  0.702925  0.657675  0.700213  0.689347  0.510923  0.571732  0.655090  0.666676  0.684803  0.651310  0.797676  0.556727  0.784901  0.544792  0.569003  0.506599  0.736244  0.538586  0.467134  0.805127  0.729289  0.745865  0.741915  0.629387  0.674225  0.684812  0.515360  0.522091  0.635945  0.700666  0.544901  0.574639 0.0  0.310175  0.583302  0.571985  0.608181  0.606180  0.628564  0.564318  0.644594  0.761567  0.762247  0.708743  0.684425  0.603400  0.647270  0.603989  0.664440  0.779890 
45  0.442086  0.668565  0.607105  0.626239  0.582893  0.657113  0.507588  0.634290  0.591404  0.388630  0.732604  0.692065  0.526279  0.645214  0.664805  0.705925  0.431266  0.582234  0.711922  0.767082  0.666052  0.584066  0.648599  0.511814  0.591021  0.540458  0.509295  0.407634  0.582662  0.524319  0.491498  0.651461  0.619478  0.673263  0.573191  0.570414  0.561612  0.631083  0.454364  0.481055  0.613464  0.531620  0.649970  0.550388  0.310175 0.0  0.608567  0.402500  0.625173  0.591675  0.524730  0.753065  0.718692  0.548059  0.567128  0.524383  0.711130  0.665699  0.624768  0.594026  0.622608  0.733243 
46  0.441399  0.398699  0.682554  0.555968  0.458994  0.431243  0.517480  0.534459  0.611202  0.414930  0.673978  0.565058  0.408650  0.430986  0.852170  0.500893  0.601122  0.693794  0.549888  0.637363  0.584237  0.395135  0.278271  0.500443  0.554850  0.545534  0.464249  0.465889  0.603280  0.398972  0.451476  0.602777  0.499666  0.336392  0.548688  0.527762  0.489781  0.415391  0.438218  0.537422  0.455538  0.435358  0.390519  0.328892  0.583302  0.608567 0.0  0.501856  0.481914  0.644353  0.445087  0.582586  0.713825  0.526644  0.701120  0.369421  0.601108  0.583239  0.555311  0.432653  0.563922  0.696703 
47  0.400577  0.437715  0.660587  0.464151  0.405741  0.479435  0.509888  0.428464  0.668612  0.326652  0.430814  0.639994  0.574296  0.413925  0.632605  0.566000  0.410155  0.739499  0.678165  0.903323  0.515330  0.471972  0.487746  0.334350  0.652785  0.431716  0.541950  0.325324  0.719785  0.544846  0.284288  0.361377  0.414294  0.489475  0.476500  0.485758  0.571339  0.473648  0.599684  0.410845  0.436976  0.423799  0.531656  0.462258  0.571985  0.402500  0.501856 0.0  0.408160  0.637043  0.413401  0.743795  0.611486  0.595188  0.586110  0.404179  0.592861  0.525114  0.546262  0.515887  0.861342  0.889483 
48  0.452145  0.588435  0.695100  0.588037  0.412514  0.650328  0.515107  0.546051  0.686866  0.513683  0.574164  0.582095  0.595392  0.334362  0.506004  0.644191  0.757108  0.642017  0.680044  0.615034  0.421578  0.498093  0.435501  0.435435  0.637499  0.356937  0.524553  0.570668  0.679337  0.382317  0.412754  0.405854  0.465792  0.444033  0.376262  0.468182  0.526887  0.392936  0.579902  0.496718  0.388963  0.546299  0.540461  0.484985  0.608181  0.625173  0.481914  0.408160 0.0  0.526908  0.450612  0.725166  0.683497  0.577316  0.635669  0.496010  0.581063  0.618729  0.547428  0.381496  0.689180  0.701220 
49  0.652059  0.768408  0.466624  0.501224  0.826092  0.553741  0.747935  0.591912  0.602885  0.678553  0.680466  0.713576  0.634825  0.703186  0.564081  0.640332  0.583227  0.509462  0.361591  0.608014  0.712545  0.578412  0.637255  0.711418  0.696093  0.838686  0.611917  0.604300  0.503191  0.712820  0.761228  0.735987  0.742106  0.724039  0.674696  0.736774  0.678162  0.663922  0.703781  0.610858  0.666546  0.727430  0.691848  0.845041  0.606180  0.591675  0.644353  0.637043  0.526908 0.0  0.685117  0.392584  0.578580  0.709434  0.488472  0.638055  0.659720  0.591480  0.638092  0.776073  0.411728  0.560394 
50  0.526981  0.589322  0.616252  0.516546  0.254471  0.538572  0.627246  0.580039  0.707067  0.493249  0.546639  0.620867  0.571143  0.309253  0.669968  0.424470  0.710168  0.576273  0.535367  0.656405  0.363120  0.614338  0.403098  0.496904  0.563050  0.329244  0.684779  0.475302  0.669293  0.303685  0.386478  0.356852  0.327985  0.426835  0.346456  0.328979  0.403150  0.313706  0.522495  0.478230  0.281518  0.419155  0.659049  0.348718  0.628564  0.524730  0.445087  0.413401  0.450612  0.685117 0.0  0.843892  0.748906  0.524530  0.567894  0.397432  0.604841  0.713684  0.740960  0.290764  0.734770  0.630492 
51  0.628559  0.747504  0.520462  0.613303  0.827196  0.566124  0.549209  0.688325  0.492616  0.660377  0.631726  0.593579  0.808049  0.914357  0.687147  0.751839  0.540949  0.612056  0.453988  0.626136  0.812691  0.535932  0.864116  0.787786  0.623588  0.659966  0.790155  0.665807  0.559683  0.704116  0.662549  0.855970  0.757895  0.799457  0.552412  0.862733  0.665556  0.617329  0.719153  0.753503  0.824466  0.904525  0.387427  0.630924  0.564318  0.753065  0.582586  0.743795  0.725166  0.392584  0.843892 0.0  0.582048  0.515710  0.535637  0.858820  0.544589  0.749963  0.631273  0.851453  0.566051  0.512806 
52  0.572773  0.635551  0.461820  0.564158  0.647167  0.474975  0.556148  0.491876  0.514428  0.670584  0.640607  0.618602  0.562558  0.678104  0.368762  0.731062  0.673117  0.588795  0.569977  0.666237  0.742439  0.549402  0.642399  0.699964  0.717320  0.804779  0.584232  0.631118  0.538458  0.691996  0.790918  0.663058  0.532516  0.775606  0.646469  0.588164  0.680362  0.726162  0.628224  0.607134  0.676146  0.713207  0.574580  0.600888  0.644594  0.718692  0.713825  0.611486  0.683497  0.578580  0.748906  0.582048 0.0  0.664863  0.581835  0.738485  0.440762  0.624618  0.706920  0.750705  0.512503  0.601830 
53  0.494701  0.536905  0.606765  0.525541  0.532891  0.468232  0.498287  0.566458  0.635645  0.595983  0.599512  0.524302  0.504982  0.595317  0.603095  0.637542  0.710004  0.806673  0.545522  0.748304  0.560262  0.420937  0.555611  0.617090  0.496239  0.640462  0.591830  0.548314  0.719932  0.510675  0.574847  0.579739  0.483103  0.499022  0.601675  0.530711  0.599820  0.535450  0.606948  0.558511  0.551102  0.576865  0.413626  0.570114  0.761567  0.548059  0.526644  0.595188  0.577316  0.709434  0.524530  0.515710  0.664863 0.0  0.589088  0.515194  0.680264  0.556580  0.589582  0.600131  0.597788  0.789719 
54  0.574728  0.572470  0.525072  0.546784  0.574824  0.607664  0.587867  0.441448  0.527154  0.640666  0.542925  0.599079  0.350398  0.550672  0.579880  0.637108  0.579175  0.501894  0.588341  0.441578  0.651374  0.540571  0.683220  0.545954  0.581828  0.656051  0.537396  0.590843  0.430935  0.604198  0.665035  0.579975  0.706871  0.586744  0.644309  0.588979  0.653223  0.609988  0.442542  0.637060  0.578073  0.674218  0.565755  0.532993  0.762247  0.567128  0.701120  0.586110  0.635669  0.488472  0.567894  0.535637  0.581835  0.589088 0.0  0.590204  0.608141  0.570496  0.632823  0.606954  0.469775  0.466890 
55  0.419898  0.348650  0.807283  0.573940  0.313488  0.433922  0.507732  0.561000  0.739094  0.365019  0.521591  0.488805  0.652772  0.324592  0.677986  0.431331  0.554442  0.677862  0.828840  0.748740  0.435943  0.444012  0.271827  0.544298  0.454981  0.305005  0.420393  0.446965  0.826803  0.366906  0.329817  0.427819  0.375763  0.313403  0.461621  0.394113  0.464634  0.327922  0.436980  0.489342  0.281642  0.245518  0.532371  0.432128  0.708743  0.524383  0.369421  0.404179  0.496010  0.638055  0.397432  0.858820  0.738485  0.515194  0.590204 0.0  0.585348  0.587747  0.430145  0.345692  0.800844  0.915089 
56  0.607738  0.556377  0.535917  0.608938  0.620448  0.467070  0.634445  0.389786  0.552810  0.739379  0.497505  0.560723  0.555682  0.630118  0.361423  0.536963  0.710288  0.568498  0.736458  0.657107  0.587082  0.681440  0.540607  0.637841  0.756030  0.667542  0.513668  0.563911  0.587958  0.577566  0.705385  0.597744  0.666017  0.584339  0.675410  0.712210  0.704981  0.533723  0.590500  0.650424  0.732606  0.721256  0.657830  0.671603  0.684425  0.711130  0.601108  0.592861  0.581063  0.659720  0.604841  0.544589  0.440762  0.680264  0.608141  0.585348 0.0  0.622596  0.582391  0.650769  0.529815  0.598289 
57  0.583289  0.553283  0.411783  0.523685  0.704708  0.755964  0.797158  0.640278  0.692479  0.540524  0.662914  0.732599  0.758707  0.679414  0.625256  0.704271  0.583256  0.686848  0.532124  0.656140  0.744237  0.535304  0.550817  0.474233  0.578998  0.827335  0.627244  0.447267  0.554973  0.731705  0.610781  0.638394  0.625545  0.682008  0.656680  0.689454  0.738156  0.595781  0.607171  0.622906  0.871511  0.786047  0.553096  0.606425  0.603400  0.665699  0.583239  0.525114  0.618729  0.591480  0.713684  0.749963  0.624618  0.556580  0.570496  0.587747  0.622596 0.0  0.718411  0.744106  0.545962  0.581153 
58  0.395609  0.360785  0.889774  0.477859  0.583517  0.411271  0.464026  0.475029  0.801708  0.575127  0.264776  0.255983  0.916440  0.597533  0.671909  0.441428  0.641126  0.762469  0.634539  0.859175  0.698763  0.542957  0.483578  0.682524  0.375502  0.553172  0.729971  0.554586  0.867448  0.523690  0.584844  0.562207  0.661390  0.584964  0.681555  0.582627  0.590293  0.501783  0.538184  0.466558  0.594229  0.530583  0.527709  0.692751  0.647270  0.624768  0.555311  0.546262  0.547428  0.638092  0.740960  0.631273  0.706920  0.589582  0.632823  0.430145  0.582391  0.718411 0.0  0.482737  0.789732  0.724285 
59  0.491262  0.512294  0.731379  0.565633  0.319268  0.504571  0.556980  0.691560  0.849865  0.517885  0.499128  0.535709  0.685647  0.277500  0.624010  0.484034  0.702739  0.623779  0.679163  0.937170  0.339146  0.540180  0.548791  0.462163  0.629004  0.270011  0.556110  0.622025  0.811527  0.280842  0.500055  0.361387  0.319715  0.358862  0.369916  0.300079  0.338172  0.307372  0.452092  0.452532  0.242908  0.461003  0.644669  0.361853  0.603989  0.594026  0.432653  0.515887  0.381496  0.776073  0.290764  0.851453  0.750705  0.600131  0.606954  0.345692  0.650769  0.744106  0.482737 0.0  0.657844  0.782165 
60  0.654733  0.636366  0.450508  0.554421  0.712586  0.743278  0.663744  0.655376  0.434153  0.622024  0.651569  0.835010  0.384432  0.694786  0.729303  0.714847  0.679392  0.489572  0.405822  0.416448  0.805431  0.791659  0.722750  0.540362  0.695014  0.731332  0.529174  0.636846  0.278629  0.637732  0.617576  0.741387  0.792276  0.671780  0.746291  0.672618  0.657758  0.765146  0.552663  0.584206  0.761391  0.661978  0.655368  0.663126  0.664440  0.622608  0.563922  0.861342  0.689180  0.411728  0.734770  0.566051  0.512503  0.597788  0.469775  0.800844  0.529815  0.545962  0.789732  0.657844 0.0  0.272541 
61  0.581718  0.861296  0.429814  0.601684  0.680821  0.749820  0.758748  0.580245  0.559076  0.690306  0.724718  0.688105  0.501672  0.770866  0.568997  0.825556  0.826150  0.430410  0.421193  0.518581  0.894158  0.725944  0.912629  0.601827  0.721923  0.799237  0.499675  0.678293  0.337550  0.736454  0.925343  0.681441  0.803682  0.683034  0.771147  0.692568  0.578310  0.786977  0.673676  0.602447  0.697403  0.942113  0.614803  0.662864  0.779890  0.733243  0.696703  0.889483  0.701220  0.560394  0.630492  0.512806  0.601830  0.789719  0.466890  0.915089  0.598289  0.581153  0.724285  0.782165  0.272541 0.0 
