62
0 0.0  0.506379  0.685367  0.551586  0.479427  0.437018  0.467896  0.544720  0.543205  0.432095  0.450959  0.490314  0.388369  0.429473  0.595077  0.477120  0.500521  0.455895  0.682645  0.668937  0.485690  0.510137  0.498479  0.548825  0.514994  0.474623  0.474834  0.495854  0.596807  0.438166  0.561375  0.458159  0.534042  0.481728  0.436882  0.483758  0.448318  0.485652  0.510018  0.449188  0.481826  0.481006  0.489950  0.454736  0.415376  0.514116  0.492258  0.437791  0.572249  0.672939  0.545419  0.698670  0.545944  0.548042  0.499010  0.460944  0.466840  0.493439  0.506452  0.437397  0.658685  0.733082 
1  0.506379 0.0  0.674062  0.518231  0.535554  0.423330  0.410159  0.480021  0.693793  0.486828  0.342685  0.454066  0.486370  0.432479  0.675203  0.413935  0.722357  0.627764  0.653083  0.739895  0.575985  0.522682  0.430819  0.526123  0.429809  0.426578  0.541900  0.573182  0.732564  0.487969  0.464418  0.608224  0.500413  0.398219  0.633663  0.424502  0.599064  0.572401  0.472150  0.515406  0.376049  0.481605  0.512276  0.618899  0.606509  0.497754  0.495057  0.468210  0.532432  0.676414  0.535281  0.672764  0.634608  0.508842  0.540390  0.378092  0.639704  0.651119  0.324011  0.424192  0.692534  0.723520 
2  0.685367  0.674062 0.0  0.519749  0.715159  0.723614  0.711502  0.605135  0.631224  0.619719  0.675622  0.814489  0.701838  0.767625  0.513206  0.670776  0.640617  0.612571  0.461499  0.740405  0.881050  0.834741  0.740767  0.602360  0.694459  0.736578  0.682640  0.489244  0.490781  0.700091  0.765843  0.736041  0.761353  0.667901  0.766247  0.784762  0.571665  0.690717  0.718143  0.709928  0.646757  0.967699  0.612654  0.657508  0.668425  0.608105  0.714061  0.650435  0.612485  0.517864  0.744675  0.559613  0.461952  0.748156  0.565673  0.714625  0.606669  0.422735  0.855640  0.725320  0.493476  0.425659 
3  0.551586  0.518231  0.519749 0.0  0.554825  0.447831  0.474401  0.468611  0.585279  0.540655  0.443746  0.394028  0.657584  0.542150  0.641010  0.470475  0.697413  0.621957  0.550449  0.701269  0.513241  0.398825  0.704627  0.612583  0.346664  0.553090  0.622463  0.583441  0.701768  0.642439  0.612588  0.590410  0.479808  0.623459  0.548546  0.490329  0.617767  0.599360  0.597381  0.503221  0.494940  0.635471  0.422293  0.610167  0.616430  0.629383  0.542141  0.435411  0.620480  0.484058  0.489033  0.550281  0.624648  0.393279  0.597841  0.520607  0.639862  0.551196  0.461586  0.609830  0.663904  0.648026 
4  0.479427  0.535554  0.715159  0.554825 0.0  0.628397  0.421037  0.530968  0.619588  0.422852  0.544693  0.679557  0.478975  0.316996  0.684350  0.469575  0.585709  0.650235  0.723352  0.847884  0.202262  0.513973  0.499021  0.452166  0.553728  0.292902  0.436960  0.554097  0.744106  0.333486  0.529092  0.322308  0.320002  0.397152  0.323500  0.322275  0.367357  0.262619  0.413411  0.388433  0.291903  0.290476  0.599053  0.344722  0.563711  0.591832  0.507780  0.444833  0.416332  0.727880  0.312971  0.786367  0.616009  0.564558  0.620962  0.379423  0.637316  0.641621  0.527725  0.317769  0.770800  0.793683 
5  0.437018  0.423330  0.723614  0.447831  0.628397 0.0  0.272871  0.304253  0.568813  0.478910  0.431480  0.345270  0.570273  0.564402  0.598761  0.533550  0.526747  0.644898  0.719202  0.761877  0.639689  0.453740  0.590933  0.713740  0.364745  0.554814  0.532880  0.443154  0.743025  0.638526  0.603984  0.634983  0.601556  0.535577  0.579516  0.583151  0.663099  0.478954  0.442038  0.548947  0.528614  0.595344  0.271922  0.416394  0.524738  0.583974  0.467945  0.543992  0.713433  0.681338  0.658906  0.511733  0.556471  0.458113  0.573874  0.496417  0.427811  0.697679  0.449651  0.592007  0.701804  0.837120 
6  0.467896  0.410159  0.711502  0.474401  0.421037  0.272871 0.0  0.439958  0.569131  0.530283  0.404947  0.380611  0.605628  0.572931  0.784610  0.529438  0.567425  0.662252  0.683869  0.694731  0.616794  0.527061  0.481185  0.627612  0.377530  0.472180  0.592863  0.500270  0.652347  0.475724  0.423081  0.563684  0.566899  0.569400  0.505532  0.606270  0.682517  0.469950  0.547647  0.539229  0.519319  0.498861  0.426624  0.572761  0.553329  0.580097  0.512601  0.525893  0.521418  0.603916  0.603342  0.628621  0.725481  0.480495  0.600555  0.490438  0.517173  0.706208  0.498274  0.455002  0.621165  0.732453 
7  0.544720  0.480021  0.605135  0.468611  0.530968  0.304253  0.439958 0.0  0.472705  0.621023  0.310356  0.459793  0.587893  0.560183  0.433988  0.463423  0.515919  0.658034  0.658559  0.789623  0.635214  0.540358  0.639535  0.471839  0.434236  0.544385  0.446422  0.556601  0.643126  0.513918  0.525882  0.503865  0.559459  0.513472  0.541918  0.569114  0.724023  0.548927  0.494036  0.521510  0.522561  0.638196  0.355027  0.624315  0.562050  0.660746  0.620696  0.495046  0.525441  0.661132  0.548127  0.583635  0.505631  0.496447  0.463768  0.519622  0.347140  0.644474  0.428056  0.611201  0.589744  0.767879 
8  0.543205  0.693793  0.631224  0.585279  0.619588  0.568813  0.569131  0.472705 0.0  0.686331  0.671722  0.721754  0.427506  0.765465  0.510166  0.757967  0.594540  0.523852  0.487285  0.498980  0.783352  0.602706  0.614336  0.648718  0.631295  0.719208  0.497489  0.621381  0.411427  0.724994  0.548060  0.744568  0.642081  0.660715  0.690239  0.733228  0.622689  0.656561  0.596199  0.617910  0.658597  0.698584  0.535070  0.754426  0.620347  0.553103  0.579398  0.730209  0.619978  0.590886  0.660723  0.495889  0.490208  0.607776  0.507401  0.741431  0.560084  0.671511  0.668029  1.000000  0.526477  0.594614 
9  0.432095  0.486828  0.619719  0.540655  0.422852  0.478910  0.530283  0.621023  0.686331 0.0  0.444990  0.513869  0.570541  0.396015  0.730175  0.560043  0.458018  0.631408  0.538164  0.597813  0.611631  0.554658  0.422750  0.360930  0.399816  0.431181  0.508672  0.313513  0.730036  0.445885  0.376460  0.561679  0.473180  0.475750  0.438792  0.456320  0.521134  0.440458  0.355394  0.508966  0.486748  0.523099  0.558750  0.442436  0.621879  0.456374  0.429996  0.352438  0.546803  0.721808  0.400685  0.649707  0.659377  0.664751  0.638166  0.392204  0.713136  0.413616  0.507449  0.473391  0.691826  0.662272 
10  0.450959  0.342685  0.675622  0.443746  0.544693  0.431480  0.404947  0.310356  0.671722  0.444990 0.0  0.313548  0.699570  0.527943  0.700283  0.521931  0.731440  0.617708  0.715415  0.898133  0.671697  0.487924  0.555643  0.518816  0.379375  0.548083  0.608414  0.478161  0.758904  0.506855  0.587699  0.504024  0.446398  0.418419  0.477670  0.608378  0.565006  0.541559  0.587397  0.581650  0.504112  0.622484  0.464178  0.554690  0.632939  0.629480  0.614242  0.572684  0.508590  0.673377  0.513895  0.639532  0.540891  0.564917  0.566985  0.497018  0.528765  0.597365  0.260372  0.435642  0.687383  0.600081 
11  0.490314  0.454066  0.814489  0.394028  0.679557  0.345270  0.380611  0.459793  0.721754  0.513869  0.313548 0.0  0.717552  0.467496  0.529259  0.486791  0.760465  0.790063  0.642580  0.888462  0.689723  0.537776  0.544865  0.569451  0.329419  0.484332  0.600474  0.507243  0.839247  0.504102  0.531057  0.529434  0.549188  0.498648  0.513836  0.582236  0.563169  0.566515  0.628566  0.449779  0.539705  0.531041  0.474451  0.675541  0.703513  0.608515  0.506532  0.538123  0.508240  0.622287  0.552011  0.766189  0.707268  0.540721  0.618942  0.509949  0.694756  0.645570  0.276916  0.429179  0.723231  0.909125 
12  0.388369  0.486370  0.701838  0.657584  0.478975  0.570273  0.605628  0.587893  0.427506  0.570541  0.699570  0.717552 0.0  0.595316  0.821158  0.642317  0.583828  0.455283  0.716819  0.429474  0.551966  0.535067  0.597461  0.598533  0.586104  0.567258  0.331940  0.546068  0.442194  0.606599  0.547761  0.546155  0.501798  0.594307  0.475069  0.405425  0.584718  0.442201  0.338064  0.512722  0.672521  0.658716  0.611109  0.408476  0.698880  0.528169  0.577444  0.572183  0.683659  0.648397  0.499860  0.728287  0.599576  0.536749  0.365754  0.571325  0.628105  0.691715  0.740894  0.642955  0.362098  0.587345 
13  0.429473  0.432479  0.767625  0.542150  0.316996  0.564402  0.572931  0.560183  0.765465  0.396015  0.527943  0.467496  0.595316 0.0  0.690685  0.475500  0.610151  0.594302  0.687954  0.753736  0.377097  0.489204  0.413990  0.364572  0.531421  0.262823  0.408117  0.497073  0.722459  0.280090  0.395973  0.295660  0.302902  0.328579  0.272673  0.327232  0.368590  0.221739  0.405792  0.437247  0.279243  0.529185  0.495813  0.347575  0.646070  0.550936  0.450192  0.382829  0.365903  0.691060  0.325078  0.601438  0.631615  0.596251  0.531278  0.316206  0.631280  0.608643  0.481329  0.281469  0.693922  0.752647 
14  0.595077  0.675203  0.513206  0.641010  0.684350  0.598761  0.784610  0.433988  0.510166  0.730175  0.700283  0.529259  0.821158  0.690685 0.0  0.585369  0.658009  0.654232  0.423915  0.736289  0.749768  0.606966  0.713086  0.631499  0.609013  0.729951  0.633563  0.696656  0.722118  0.706191  0.657908  0.737838  0.659420  0.680522  0.701175  0.634372  0.727178  0.572558  0.614988  0.675697  0.656567  0.687997  0.602085  0.821784  0.696759  0.682403  0.832205  0.561773  0.723561  0.613498  0.604403  0.567212  0.286528  0.707494  0.599842  0.690541  0.423708  0.597616  0.689976  0.783156  0.602901  0.594212 
15  0.477120  0.413935  0.670776  0.470475  0.469575  0.533550  0.529438  0.463423  0.757967  0.560043  0.521931  0.486791  0.642317  0.475500  0.585369 0.0  0.731711  0.737006  0.726369  0.782875  0.547583  0.560634  0.452289  0.559692  0.520986  0.468762  0.519404  0.427590  0.793857  0.545563  0.555676  0.619500  0.585407  0.446555  0.546789  0.497870  0.603544  0.563024  0.605057  0.527595  0.502237  0.442972  0.656527  0.650188  0.580420  0.614469  0.480063  0.503494  0.632122  0.700302  0.493980  0.834009  0.668755  0.528161  0.552285  0.476884  0.529197  0.746143  0.504022  0.565121  0.770247  0.759302 
16  0.500521  0.722357  0.640617  0.697413  0.585709  0.526747  0.567425  0.515919  0.594540  0.458018  0.731440  0.760465  0.583828  0.610151  0.658009  0.731711 0.0  0.619262  0.612629  0.639430  0.660326  0.670462  0.645969  0.528832  0.622423  0.603414  0.555030  0.423206  0.682335  0.581222  0.409754  0.618425  0.591237  0.749921  0.527297  0.578834  0.544176  0.603791  0.499101  0.491661  0.595397  0.606091  0.684998  0.524322  0.552069  0.391815  0.555544  0.438322  0.644654  0.557534  0.560257  0.547091  0.663137  0.559735  0.574002  0.686634  0.690537  0.552543  0.667567  0.617190  0.696483  0.687677 
17  0.455895  0.627764  0.612571  0.621957  0.650235  0.644898  0.662252  0.658034  0.523852  0.631408  0.617708  0.790063  0.455283  0.594302  0.654232  0.737006  0.619262 0.0  0.669621  0.389123  0.509785  0.677341  0.657264  0.590494  0.714537  0.595990  0.391362  0.658463  0.469000  0.664478  0.735158  0.653610  0.645884  0.748449  0.676667  0.639942  0.639784  0.707017  0.425088  0.552061  0.593194  0.653178  0.697883  0.525096  0.615914  0.516132  0.578593  0.613177  0.687270  0.577160  0.641689  0.664693  0.639636  0.599474  0.458400  0.559046  0.619301  0.765434  0.704758  0.567731  0.433589  0.457613 
18  0.682645  0.653083  0.461499  0.550449  0.723352  0.719202  0.683869  0.658559  0.487285  0.538164  0.715415  0.642580  0.716819  0.687954  0.423915  0.726369  0.612629  0.669621 0.0  0.538534  0.792140  0.573708  0.581814  0.601985  0.568965  0.587499  0.685568  0.603145  0.368600  0.661923  0.613143  0.619800  0.644534  0.635094  0.624942  0.568409  0.608716  0.754300  0.718094  0.753502  0.741984  0.586174  0.653729  0.686217  0.663381  0.619630  0.639335  0.708374  0.663285  0.491698  0.684210  0.388119  0.515925  0.654360  0.545659  0.640285  0.519882  0.566824  0.536100  0.629601  0.447216  0.441106 
19  0.668937  0.739895  0.740405  0.701269  0.847884  0.761877  0.694731  0.789623  0.498980  0.597813  0.898133  0.888462  0.429474  0.753736  0.736289  0.782875  0.639430  0.389123  0.538534 0.0  0.723665  0.719890  0.719873  0.714189  0.905859  0.739013  0.536493  0.534383  0.425370  0.809335  0.606181  0.688241  0.630588  0.867046  0.727378  0.654290  0.617639  0.725096  0.510218  0.624304  0.775335  0.875109  0.723668  0.612081  0.727872  0.639053  0.627209  0.889290  0.806898  0.562582  0.655449  0.635056  0.639705  0.840191  0.392811  0.786062  0.760457  0.577171  0.795845  0.768396  0.453353  0.455569 
20  0.485690  0.575985  0.881050  0.513241  0.202262  0.639689  0.616794  0.635214  0.783352  0.611631  0.671697  0.689723  0.551966  0.377097  0.749768  0.547583  0.660326  0.509785  0.792140  0.723665 0.0  0.599907  0.582161  0.444264  0.692593  0.342063  0.467632  0.452564  0.627965  0.333352  0.485058  0.403277  0.374426  0.390692  0.379380  0.385158  0.313135  0.358369  0.494707  0.490454  0.345016  0.332660  0.752243  0.354602  0.703560  0.677834  0.568632  0.432011  0.447996  0.636239  0.347053  0.745047  0.695149  0.607910  0.611865  0.447964  0.728526  0.755579  0.636563  0.304944  0.862771  0.769038 
21  0.510137  0.522682  0.834741  0.398825  0.513973  0.453740  0.527061  0.540358  0.602706  0.554658  0.487924  0.537776  0.535067  0.489204  0.606966  0.560634  0.670462  0.677341  0.573708  0.719890  0.599907 0.0  0.391999  0.457904  0.470779  0.485229  0.688963  0.532848  0.668937  0.498892  0.421736  0.634774  0.497127  0.449038  0.599298  0.491649  0.627556  0.453857  0.616416  0.582387  0.448624  0.549248  0.533122  0.580804  0.674968  0.593598  0.402217  0.444956  0.485713  0.665025  0.545489  0.565574  0.628267  0.420461  0.557481  0.479322  0.619762  0.577161  0.592317  0.510080  0.685051  0.648669 
22  0.498479  0.430819  0.740767  0.704627  0.499021  0.590933  0.481185  0.639535  0.614336  0.422750  0.555643  0.544865  0.597461  0.413990  0.713086  0.452289  0.645969  0.657264  0.581814  0.719873  0.582161  0.391999 0.0  0.459369  0.660817  0.485881  0.578093  0.540619  0.758844  0.427992  0.435681  0.510471  0.407071  0.292206  0.479141  0.457884  0.578706  0.402114  0.550707  0.456715  0.395649  0.351365  0.623349  0.391537  0.784275  0.556070  0.311976  0.458892  0.419192  0.682207  0.474890  0.692644  0.559623  0.443054  0.677939  0.301703  0.610525  0.679197  0.564417  0.479882  0.663295  0.780270 
23  0.548825  0.526123  0.602360  0.612583  0.452166  0.713740  0.627612  0.471839  0.648718  0.360930  0.518816  0.569451  0.598533  0.364572  0.631499  0.559692  0.528832  0.590494  0.601985  0.714189  0.444264  0.457904  0.459369 0.0  0.517575  0.492669  0.563693  0.439478  0.755230  0.516984  0.371815  0.473777  0.444197  0.373119  0.392259  0.415849  0.530216  0.412694  0.511823  0.438187  0.392086  0.519625  0.511918  0.460277  0.585279  0.465002  0.484012  0.294232  0.405428  0.718189  0.463034  0.875340  0.636307  0.621226  0.515538  0.475478  0.608823  0.515050  0.599476  0.444399  0.733212  0.684858 
24  0.514994  0.429809  0.694459  0.346664  0.553728  0.364745  0.377530  0.434236  0.631295  0.399816  0.379375  0.329419  0.586104  0.531421  0.609013  0.520986  0.622423  0.714537  0.568965  0.905859  0.692593  0.470779  0.660817  0.517575 0.0  0.574497  0.470361  0.506640  0.780513  0.577091  0.535618  0.545870  0.432961  0.495236  0.522907  0.449639  0.588676  0.526275  0.510069  0.540945  0.488975  0.598253  0.381855  0.623909  0.679853  0.635351  0.473956  0.468550  0.512787  0.735266  0.548291  0.589026  0.584451  0.393126  0.587054  0.501276  0.686841  0.605597  0.368039  0.508057  0.746394  0.751620 
25  0.474623  0.426578  0.736578  0.553090  0.292902  0.554814  0.472180  0.544385  0.719208  0.431181  0.548083  0.484332  0.567258  0.262823  0.729951  0.468762  0.603414  0.595990  0.587499  0.739013  0.342063  0.485229  0.485881  0.492669  0.574497 0.0  0.492116  0.615133  0.785036  0.269673  0.366801  0.344239  0.236679  0.375524  0.295061  0.299601  0.402560  0.247509  0.474283  0.475791  0.193471  0.412003  0.653999  0.340605  0.488627  0.577374  0.471896  0.480968  0.395826  0.729035  0.301279  0.762712  0.780391  0.544218  0.581102  0.327591  0.683492  0.782458  0.492967  0.251502  0.659897  0.770990 
26  0.474834  0.541900  0.682640  0.622463  0.436960  0.532880  0.592863  0.446422  0.497489  0.508672  0.608414  0.600474  0.331940  0.408117  0.633563  0.519404  0.555030  0.391362  0.685568  0.536493  0.467632  0.688963  0.578093  0.563693  0.470361  0.492116 0.0  0.550692  0.421118  0.521750  0.580215  0.586740  0.487772  0.524912  0.499546  0.435076  0.411330  0.411874  0.239876  0.503537  0.491671  0.547943  0.488080  0.481914  0.516888  0.452696  0.486103  0.479526  0.530840  0.677235  0.520722  0.656290  0.566304  0.742198  0.469516  0.475695  0.508818  0.683266  0.630929  0.478540  0.419401  0.570342 
27  0.495854  0.573182  0.489244  0.583441  0.554097  0.443154  0.500270  0.556601  0.621381  0.313513  0.478161  0.507243  0.546068  0.497073  0.696656  0.427590  0.423206  0.658463  0.603145  0.534383  0.452564  0.532848  0.540619  0.439478  0.506640  0.615133  0.550692 0.0  0.696938  0.460221  0.461707  0.534273  0.616796  0.601509  0.394072  0.501132  0.581675  0.579579  0.499589  0.431854  0.526292  0.493536  0.405773  0.526344  0.450152  0.451772  0.495740  0.390719  0.574959  0.631821  0.498596  0.627791  0.635755  0.562873  0.690566  0.527608  0.692116  0.545885  0.594073  0.505261  0.661259  0.674806 
28  0.596807  0.732564  0.490781  0.701768  0.744106  0.743025  0.652347  0.643126  0.411427  0.730036  0.758904  0.839247  0.442194  0.722459  0.722118  0.793857  0.682335  0.469000  0.368600  0.425370  0.627965  0.668937  0.758844  0.755230  0.780513  0.785036  0.421118  0.696938 0.0  0.744382  0.621550  0.709045  0.678922  0.732960  0.768264  0.608002  0.654550  0.726419  0.484019  0.691872  0.714840  0.746824  0.695564  0.603127  0.568558  0.699942  0.588242  0.696724  0.705180  0.406544  0.656285  0.495586  0.568538  0.726767  0.444104  0.783092  0.583180  0.588231  0.748005  0.785963  0.273863  0.294728 
29  0.438166  0.487969  0.700091  0.642439  0.333486  0.638526  0.475724  0.513918  0.724994  0.445885  0.506855  0.504102  0.606599  0.280090  0.706191  0.545563  0.581222  0.664478  0.661923  0.809335  0.333352  0.498892  0.427992  0.516984  0.577091  0.269673  0.521750  0.460221  0.744382 0.0  0.463083  0.369232  0.252431  0.375885  0.317313  0.313458  0.379367  0.224430  0.406081  0.418319  0.218005  0.502083  0.628653  0.319915  0.571102  0.474908  0.479789  0.507532  0.416717  0.625190  0.285178  0.723355  0.665529  0.515410  0.505608  0.390030  0.600745  0.717872  0.520482  0.299814  0.760251  0.667011 
30  0.561375  0.464418  0.765843  0.612588  0.529092  0.603984  0.423081  0.525882  0.548060  0.376460  0.587699  0.531057  0.547761  0.395973  0.657908  0.555676  0.409754  0.735158  0.613143  0.606181  0.485058  0.421736  0.435681  0.371815  0.535618  0.366801  0.580215  0.461707  0.621550  0.463083 0.0  0.543187  0.500552  0.493659  0.443983  0.468441  0.618843  0.390702  0.461896  0.427192  0.495566  0.373362  0.568169  0.523363  0.440530  0.378177  0.445626  0.330669  0.558286  0.593033  0.427675  0.695121  0.566555  0.537244  0.559322  0.403557  0.793762  0.568928  0.641039  0.507577  0.647921  0.736907 
31  0.458159  0.608224  0.736041  0.590410  0.322308  0.634983  0.563684  0.503865  0.744568  0.561679  0.504024  0.529434  0.546155  0.295660  0.737838  0.619500  0.618425  0.653610  0.619800  0.688241  0.403277  0.634774  0.510471  0.473777  0.545870  0.344239  0.586740  0.534273  0.709045  0.369232  0.543187 0.0  0.445329  0.520316  0.352498  0.378378  0.394887  0.393951  0.490088  0.538741  0.336677  0.526572  0.491354  0.447989  0.800815  0.684817  0.546287  0.408620  0.430432  0.650544  0.374315  0.664009  0.609958  0.682053  0.555495  0.428976  0.620967  0.700469  0.600199  0.393561  0.703607  0.718860 
32  0.534042  0.500413  0.761353  0.479808  0.320002  0.601556  0.566899  0.559459  0.642081  0.473180  0.446398  0.549188  0.501798  0.302902  0.659420  0.585407  0.591237  0.645884  0.644534  0.630588  0.374426  0.497127  0.407071  0.444197  0.432961  0.236679  0.487772  0.616796  0.678922  0.252431  0.500552  0.445329 0.0  0.294617  0.295269  0.311368  0.423351  0.181257  0.451268  0.426641  0.206482  0.402437  0.533688  0.302914  0.637651  0.490342  0.383901  0.503889  0.396064  0.658909  0.311843  0.786653  0.652831  0.482950  0.590264  0.377974  0.652818  0.604938  0.632618  0.337939  0.701117  0.772399 
33  0.481728  0.398219  0.667901  0.623459  0.397152  0.535577  0.569400  0.513472  0.660715  0.475750  0.418419  0.498648  0.594307  0.328579  0.680522  0.446555  0.749921  0.748449  0.635094  0.867046  0.390692  0.449038  0.292206  0.373119  0.495236  0.375524  0.524912  0.601509  0.732960  0.375885  0.493659  0.520316  0.294617 0.0  0.406152  0.394976  0.451037  0.311049  0.455071  0.422838  0.274708  0.386678  0.485955  0.426775  0.515953  0.702822  0.355426  0.445307  0.376408  0.648351  0.431273  0.732816  0.632191  0.640558  0.692124  0.274889  0.593084  0.679782  0.430677  0.349627  0.652931  0.715594 
34  0.436882  0.633663  0.766247  0.548546  0.323500  0.579516  0.505532  0.541918  0.690239  0.438792  0.477670  0.513836  0.475069  0.272673  0.701175  0.546789  0.527297  0.676667  0.624942  0.727378  0.379380  0.599298  0.479141  0.392259  0.522907  0.295061  0.499546  0.394072  0.768264  0.317313  0.443983  0.352498  0.295269  0.406152 0.0  0.358632  0.399769  0.264943  0.486153  0.464877  0.302633  0.491998  0.515270  0.392029  0.672016  0.610191  0.523291  0.553945  0.320817  0.740920  0.298160  0.892808  0.823433  0.558631  0.635479  0.375987  0.607525  0.583658  0.512067  0.353777  0.696964  0.930028 
35  0.483758  0.424502  0.784762  0.490329  0.322275  0.583151  0.606270  0.569114  0.733228  0.456320  0.608378  0.582236  0.405425  0.327232  0.634372  0.497870  0.578834  0.639942  0.568409  0.654290  0.385158  0.491649  0.457884  0.415849  0.449639  0.299601  0.435076  0.501132  0.608002  0.313458  0.468441  0.378378  0.311368  0.394976  0.358632 0.0  0.432418  0.252903  0.452749  0.501798  0.354898  0.479180  0.441094  0.447969  0.532911  0.560248  0.490852  0.449367  0.454538  0.601093  0.290674  0.702324  0.716413  0.421139  0.630731  0.350606  0.637266  0.599225  0.526295  0.384827  0.765369  0.670852 
36  0.448318  0.599064  0.571665  0.617767  0.367357  0.663099  0.682517  0.724023  0.622689  0.521134  0.565006  0.563169  0.584718  0.368590  0.727178  0.603544  0.544176  0.639784  0.608716  0.617639  0.313135  0.627556  0.578706  0.530216  0.588676  0.402560  0.411330  0.581675  0.654550  0.379367  0.618843  0.394887  0.423351  0.451037  0.399769  0.432418 0.0  0.359018  0.522821  0.453096  0.355879  0.452322  0.686856  0.383543  0.569819  0.544373  0.509168  0.667146  0.407204  0.576087  0.412616  0.567388  0.624889  0.806815  0.546663  0.500837  0.720543  0.589939  0.596603  0.358731  0.687544  0.656144 
37  0.485652  0.572401  0.690717  0.599360  0.262619  0.478954  0.469950  0.548927  0.656561  0.440458  0.541559  0.566515  0.442201  0.221739  0.572558  0.563024  0.603791  0.707017  0.754300  0.725096  0.358369  0.453857  0.402114  0.412694  0.526275  0.247509  0.411874  0.579579  0.726419  0.224430  0.390702  0.393951  0.181257  0.311049  0.264943  0.252903  0.359018 0.0  0.409068  0.421697  0.245030  0.399606  0.534074  0.252292  0.607362  0.569705  0.395189  0.455991  0.420787  0.668288  0.276906  0.670667  0.728845  0.430358  0.528577  0.321598  0.724355  0.581379  0.525275  0.285567  0.723329  0.801923 
38  0.510018  0.472150  0.718143  0.597381  0.413411  0.442038  0.547647  0.494036  0.596199  0.355394  0.587397  0.628566  0.338064  0.405792  0.614988  0.605057  0.499101  0.425088  0.718094  0.510218  0.494707  0.616416  0.550707  0.511823  0.510069  0.474283  0.239876  0.499589  0.484019  0.406081  0.461896  0.490088  0.451268  0.455071  0.486153  0.452749  0.522821  0.409068 0.0  0.419373  0.463360  0.522451  0.477493  0.371269  0.554498  0.523272  0.434630  0.497971  0.545816  0.659315  0.518450  0.792691  0.570203  0.555829  0.353379  0.410413  0.567078  0.600654  0.575848  0.496584  0.546630  0.544864 
39  0.449188  0.515406  0.709928  0.503221  0.388433  0.548947  0.539229  0.521510  0.617910  0.508966  0.581650  0.449779  0.512722  0.437247  0.675697  0.527595  0.491661  0.552061  0.753502  0.624304  0.490454  0.582387  0.456715  0.438187  0.540945  0.475791  0.503537  0.431854  0.691872  0.418319  0.427192  0.538741  0.426641  0.422838  0.464877  0.501798  0.453096  0.421697  0.419373 0.0  0.392540  0.363336  0.552124  0.490056  0.553587  0.605570  0.490094  0.539260  0.544492  0.617294  0.401058  0.724793  0.684215  0.592825  0.585867  0.437526  0.670408  0.604353  0.502627  0.373499  0.659805  0.680565 
40  0.481826  0.376049  0.646757  0.494940  0.291903  0.528614  0.519319  0.522561  0.658597  0.486748  0.504112  0.539705  0.672521  0.279243  0.656567  0.502237  0.595397  0.593194  0.741984  0.775335  0.345016  0.448624  0.395649  0.392086  0.488975  0.193471  0.491671  0.526292  0.714840  0.218005  0.495566  0.336677  0.206482  0.274708  0.302633  0.354898  0.355879  0.245030  0.463360  0.392540 0.0  0.404683  0.481785  0.300702  0.570255  0.585708  0.440095  0.401958  0.314675  0.656634  0.304552  0.790631  0.603196  0.529236  0.647912  0.298643  0.606217  0.724868  0.505848  0.257331  0.741384  0.751227 
41  0.481006  0.481605  0.967699  0.635471  0.290476  0.595344  0.498861  0.638196  0.698584  0.523099  0.622484  0.531041  0.658716  0.529185  0.687997  0.442972  0.606091  0.653178  0.586174  0.875109  0.332660  0.549248  0.351365  0.519625  0.598253  0.412003  0.547943  0.493536  0.746824  0.502083  0.373362  0.526572  0.402437  0.386678  0.491998  0.479180  0.452322  0.399606  0.522451  0.363336  0.404683 0.0  0.611747  0.458018  0.644959  0.549181  0.443832  0.405440  0.507888  0.573554  0.456388  0.823903  0.631842  0.637797  0.704638  0.232305  0.692614  0.797980  0.540261  0.408283  0.746584  0.752866 
42  0.489950  0.512276  0.612654  0.422293  0.599053  0.271922  0.426624  0.355027  0.535070  0.558750  0.464178  0.474451  0.611109  0.495813  0.602085  0.656527  0.684998  0.697883  0.653729  0.723668  0.752243  0.533122  0.623349  0.511918  0.381855  0.653999  0.488080  0.405773  0.695564  0.628653  0.568169  0.491354  0.533688  0.485955  0.515270  0.441094  0.686856  0.534074  0.477493  0.552124  0.481785  0.611747 0.0  0.566091  0.597877  0.588096  0.487809  0.470015  0.609139  0.606626  0.655685  0.433357  0.581169  0.373300  0.519183  0.536096  0.480338  0.702464  0.492892  0.613554  0.677951  0.720464 
43  0.454736  0.618899  0.657508  0.610167  0.344722  0.416394  0.572761  0.624315  0.754426  0.442436  0.554690  0.675541  0.408476  0.347575  0.821784  0.650188  0.524322  0.525096  0.686217  0.612081  0.354602  0.580804  0.391537  0.460277  0.623909  0.340605  0.481914  0.526344  0.603127  0.319915  0.523363  0.447989  0.302914  0.426775  0.392029  0.447969  0.383543  0.252292  0.371269  0.490056  0.300702  0.458018  0.566091 0.0  0.608985  0.490162  0.358318  0.467166  0.508841  0.623518  0.350648  0.579461  0.705501  0.576472  0.540276  0.535575  0.564324  0.760563  0.617201  0.391700  0.727220  0.594218 
44  0.415376  0.606509  0.668425  0.616430  0.563711  0.524738  0.553329  0.562050  0.620347  0.621879  0.632939  0.703513  0.698880  0.646070  0.696759  0.580420  0.552069  0.615914  0.663381  0.727872  0.703560  0.674968  0.784275  0.585279  0.679853  0.488627  0.516888  0.450152  0.568558  0.571102  0.440530  0.800815  0.637651  0.515953  0.672016  0.532911  0.569819  0.607362  0.554498  0.553587  0.570255  0.644959  0.597877  0.608985 0.0  0.330598  0.661708  0.654171  0.654144  0.598188  0.513688  0.572267  0.631858  0.687234  0.686581  0.575313  0.754633  0.639950  0.663438  0.655358  0.619905  0.753238 
45  0.514116  0.497754  0.608105  0.629383  0.591832  0.583974  0.580097  0.660746  0.553103  0.456374  0.629480  0.608515  0.528169  0.550936  0.682403  0.614469  0.391815  0.516132  0.619630  0.639053  0.677834  0.593598  0.556070  0.465002  0.635351  0.577374  0.452696  0.451772  0.699942  0.474908  0.378177  0.684817  0.490342  0.702822  0.610191  0.560248  0.544373  0.569705  0.523272  0.605570  0.585708  0.549181  0.588096  0.490162  0.330598 0.0  0.489707  0.403736  0.649000  0.583680  0.474015  0.550683  0.743804  0.663306  0.568456  0.606914  0.703341  0.671673  0.598179  0.659025  0.677291  0.577572 
46  0.492258  0.495057  0.714061  0.542141  0.507780  0.467945  0.512601  0.620696  0.579398  0.429996  0.614242  0.506532  0.577444  0.450192  0.832205  0.480063  0.555544  0.578593  0.639335  0.627209  0.568632  0.402217  0.311976  0.484012  0.473956  0.471896  0.486103  0.495740  0.588242  0.479789  0.445626  0.546287  0.383901  0.355426  0.523291  0.490852  0.509168  0.395189  0.434630  0.490094  0.440095  0.443832  0.487809  0.358318  0.661708  0.489707 0.0  0.411219  0.407011  0.597103  0.470868  0.560358  0.588487  0.464365  0.595091  0.360843  0.568208  0.616707  0.559828  0.483189  0.610779  0.641418 
47  0.437791  0.468210  0.650435  0.435411  0.444833  0.543992  0.525893  0.495046  0.730209  0.352438  0.572684  0.538123  0.572183  0.382829  0.561773  0.503494  0.438322  0.613177  0.708374  0.889290  0.432011  0.444956  0.458892  0.294232  0.468550  0.480968  0.479526  0.390719  0.696724  0.507532  0.330669  0.408620  0.503889  0.445307  0.553945  0.449367  0.667146  0.455991  0.497971  0.539260  0.401958  0.405440  0.470015  0.467166  0.654171  0.403736  0.411219 0.0  0.400197  0.722314  0.444790  0.598286  0.676025  0.536740  0.632525  0.394424  0.624399  0.535178  0.622115  0.561556  0.714703  0.779540 
48  0.572249  0.532432  0.612485  0.620480  0.416332  0.713433  0.521418  0.525441  0.619978  0.546803  0.508590  0.508240  0.683659  0.365903  0.723561  0.632122  0.644654  0.687270  0.663285  0.806898  0.447996  0.485713  0.419192  0.405428  0.512787  0.395826  0.530840  0.574959  0.705180  0.416717  0.558286  0.430432  0.396064  0.376408  0.320817  0.454538  0.407204  0.420787  0.545816  0.544492  0.314675  0.507888  0.609139  0.508841  0.654144  0.649000  0.407011  0.400197 0.0  0.727667  0.406019  0.677436  0.564058  0.696467  0.505584  0.402667  0.649867  0.519144  0.609846  0.382536  0.647469  0.707069 
49  0.672939  0.676414  0.517864  0.484058  0.727880  0.681338  0.603916  0.661132  0.590886  0.721808  0.673377  0.622287  0.648397  0.691060  0.613498  0.700302  0.557534  0.577160  0.491698  0.562582  0.636239  0.665025  0.682207  0.718189  0.735266  0.729035  0.677235  0.631821  0.406544  0.625190  0.593033  0.650544  0.658909  0.648351  0.740920  0.601093  0.576087  0.668288  0.659315  0.617294  0.656634  0.573554  0.606626  0.623518  0.598188  0.583680  0.597103  0.722314  0.727667 0.0  0.653298  0.401039  0.547455  0.759480  0.644122  0.678223  0.547611  0.588124  0.649315  0.622496  0.443826  0.406563 
50  0.545419  0.535281  0.744675  0.489033  0.312971  0.658906  0.603342  0.548127  0.660723  0.400685  0.513895  0.552011  0.499860  0.325078  0.604403  0.493980  0.560257  0.641689  0.684210  0.655449  0.347053  0.545489  0.474890  0.463034  0.548291  0.301279  0.520722  0.498596  0.656285  0.285178  0.427675  0.374315  0.311843  0.431273  0.298160  0.290674  0.412616  0.276906  0.518450  0.401058  0.304552  0.456388  0.655685  0.350648  0.513688  0.474015  0.470868  0.444790  0.406019  0.653298 0.0  0.696637  0.666423  0.679798  0.585636  0.446476  0.504853  0.647070  0.652003  0.330831  0.776849  0.712006 
51  0.698670  0.672764  0.559613  0.550281  0.786367  0.511733  0.628621  0.583635  0.495889  0.649707  0.639532  0.766189  0.728287  0.601438  0.567212  0.834009  0.547091  0.664693  0.388119  0.635056  0.745047  0.565574  0.692644  0.875340  0.589026  0.762712  0.656290  0.627791  0.495586  0.723355  0.695121  0.664009  0.786653  0.732816  0.892808  0.702324  0.567388  0.670667  0.792691  0.724793  0.790631  0.823903  0.433357  0.579461  0.572267  0.550683  0.560358  0.598286  0.677436  0.401039  0.696637 0.0  0.527703  0.504873  0.655824  0.622482  0.516809  0.591282  0.730797  0.716409  0.589819  0.487901 
52  0.545944  0.634608  0.461952  0.624648  0.616009  0.556471  0.725481  0.505631  0.490208  0.659377  0.540891  0.707268  0.599576  0.631615  0.286528  0.668755  0.663137  0.639636  0.515925  0.639705  0.695149  0.628267  0.559623  0.636307  0.584451  0.780391  0.566304  0.635755  0.568538  0.665529  0.566555  0.609958  0.652831  0.632191  0.823433  0.716413  0.624889  0.728845  0.570203  0.684215  0.603196  0.631842  0.581169  0.705501  0.631858  0.743804  0.588487  0.676025  0.564058  0.547455  0.666423  0.527703 0.0  0.696653  0.567973  0.625976  0.471662  0.493210  0.617228  0.726764  0.584241  0.481370 
53  0.548042  0.508842  0.748156  0.393279  0.564558  0.458113  0.480495  0.496447  0.607776  0.664751  0.564917  0.540721  0.536749  0.596251  0.707494  0.528161  0.559735  0.599474  0.654360  0.840191  0.607910  0.420461  0.443054  0.621226  0.393126  0.544218  0.742198  0.562873  0.726767  0.515410  0.537244  0.682053  0.482950  0.640558  0.558631  0.421139  0.806815  0.430358  0.555829  0.592825  0.529236  0.637797  0.373300  0.576472  0.687234  0.663306  0.464365  0.536740  0.696467  0.759480  0.679798  0.504873  0.696653 0.0  0.698613  0.586537  0.678548  0.614615  0.491996  0.589630  0.695778  0.808015 
54  0.499010  0.540390  0.565673  0.597841  0.620962  0.573874  0.600555  0.463768  0.507401  0.638166  0.566985  0.618942  0.365754  0.531278  0.599842  0.552285  0.574002  0.458400  0.545659  0.392811  0.611865  0.557481  0.677939  0.515538  0.587054  0.581102  0.469516  0.690566  0.444104  0.505608  0.559322  0.555495  0.590264  0.692124  0.635479  0.630731  0.546663  0.528577  0.353379  0.585867  0.647912  0.704638  0.519183  0.540276  0.686581  0.568456  0.595091  0.632525  0.505584  0.644122  0.585636  0.655824  0.567973  0.698613 0.0  0.567966  0.463610  0.513628  0.703638  0.637232  0.415596  0.458060 
55  0.460944  0.378092  0.714625  0.520607  0.379423  0.496417  0.490438  0.519622  0.741431  0.392204  0.497018  0.509949  0.571325  0.316206  0.690541  0.476884  0.686634  0.559046  0.640285  0.786062  0.447964  0.479322  0.301703  0.475478  0.501276  0.327591  0.475695  0.527608  0.783092  0.390030  0.403557  0.428976  0.377974  0.274889  0.375987  0.350606  0.500837  0.321598  0.410413  0.437526  0.298643  0.232305  0.536096  0.535575  0.575313  0.606914  0.360843  0.394424  0.402667  0.678223  0.446476  0.622482  0.625976  0.586537  0.567966 0.0  0.621959  0.721470  0.464882  0.384493  0.803357  0.855834 
56  0.466840  0.639704  0.606669  0.639862  0.637316  0.427811  0.517173  0.347140  0.560084  0.713136  0.528765  0.694756  0.628105  0.631280  0.423708  0.529197  0.690537  0.619301  0.519882  0.760457  0.728526  0.619762  0.610525  0.608823  0.686841  0.683492  0.508818  0.692116  0.583180  0.600745  0.793762  0.620967  0.652818  0.593084  0.607525  0.637266  0.720543  0.724355  0.567078  0.670408  0.606217  0.692614  0.480338  0.564324  0.754633  0.703341  0.568208  0.624399  0.649867  0.547611  0.504853  0.516809  0.471662  0.678548  0.463610  0.621959 0.0  0.607449  0.508125  0.556942  0.569786  0.457951 
57  0.493439  0.651119  0.422735  0.551196  0.641621  0.697679  0.706208  0.644474  0.671511  0.413616  0.597365  0.645570  0.691715  0.608643  0.597616  0.746143  0.552543  0.765434  0.566824  0.577171  0.755579  0.577161  0.679197  0.515050  0.605597  0.782458  0.683266  0.545885  0.588231  0.717872  0.568928  0.700469  0.604938  0.679782  0.583658  0.599225  0.589939  0.581379  0.600654  0.604353  0.724868  0.797980  0.702464  0.760563  0.639950  0.671673  0.616707  0.535178  0.519144  0.588124  0.647070  0.591282  0.493210  0.614615  0.513628  0.721470  0.607449 0.0  0.665869  0.714449  0.517334  0.544265 
58  0.506452  0.324011  0.855640  0.461586  0.527725  0.449651  0.498274  0.428056  0.668029  0.507449  0.260372  0.276916  0.740894  0.481329  0.689976  0.504022  0.667567  0.704758  0.536100  0.795845  0.636563  0.592317  0.564417  0.599476  0.368039  0.492967  0.630929  0.594073  0.748005  0.520482  0.641039  0.600199  0.632618  0.430677  0.512067  0.526295  0.596603  0.525275  0.575848  0.502627  0.505848  0.540261  0.492892  0.617201  0.663438  0.598179  0.559828  0.622115  0.609846  0.649315  0.652003  0.730797  0.617228  0.491996  0.703638  0.464882  0.508125  0.665869 0.0  0.528555  0.722722  0.676715 
59  0.437397  0.424192  0.725320  0.609830  0.317769  0.592007  0.455002  0.611201  1.000000  0.473391  0.435642  0.429179  0.642955  0.281469  0.783156  0.565121  0.617190  0.567731  0.629601  0.768396  0.304944  0.510080  0.479882  0.444399  0.508057  0.251502  0.478540  0.505261  0.785963  0.299814  0.507577  0.393561  0.337939  0.349627  0.353777  0.384827  0.358731  0.285567  0.496584  0.373499  0.257331  0.408283  0.613554  0.391700  0.655358  0.659025  0.483189  0.561556  0.382536  0.622496  0.330831  0.716409  0.726764  0.589630  0.637232  0.384493  0.556942  0.714449  0.528555 0.0  0.679401  0.491524 
60  0.658685  0.692534  0.493476  0.663904  0.770800  0.701804  0.621165  0.589744  0.526477  0.691826  0.687383  0.723231  0.362098  0.693922  0.602901  0.770247  0.696483  0.433589  0.447216  0.453353  0.862771  0.685051  0.663295  0.733212  0.746394  0.659897  0.419401  0.661259  0.273863  0.760251  0.647921  0.703607  0.701117  0.652931  0.696964  0.765369  0.687544  0.723329  0.546630  0.659805  0.741384  0.746584  0.677951  0.727220  0.619905  0.677291  0.610779  0.714703  0.647469  0.443826  0.776849  0.589819  0.584241  0.695778  0.415596  0.803357  0.569786  0.517334  0.722722  0.679401 0.0  0.253147 
61  0.733082  0.723520  0.425659  0.648026  0.793683  0.837120  0.732453  0.767879  0.594614  0.662272  0.600081  0.909125  0.587345  0.752647  0.594212  0.759302  0.687677  0.457613  0.441106  0.455569  0.769038  0.648669  0.780270  0.684858  0.751620  0.770990  0.570342  0.674806  0.294728  0.667011  0.736907  0.718860  0.772399  0.715594  0.930028  0.670852  0.656144  0.801923  0.544864  0.680565  0.751227  0.752866  0.720464  0.594218  0.753238  0.577572  0.641418  0.779540  0.707069  0.406563  0.712006  0.487901  0.481370  0.808015  0.458060  0.855834  0.457951  0.544265  0.676715  0.491524  0.253147 0.0 
