62
0 0.0  0.548786  0.643275  0.545009  0.480099  0.543077  0.625597  0.532704  0.660657  0.472462  0.527402  0.534531  0.491164  0.510426  0.691740  0.547955  0.620857  0.533106  0.668576  0.602001  0.619220  0.629882  0.565171  0.444307  0.562932  0.580393  0.583075  0.515300  0.606360  0.492226  0.507560  0.551646  0.598949  0.427765  0.558801  0.515216  0.501889  0.469726  0.422022  0.393851  0.448067  0.622533  0.553624  0.471060  0.429872  0.440575  0.618173  0.475279  0.466805  0.589737  0.440188  0.696398  0.634166  0.477042  0.624453  0.466175  0.525749  0.678674  0.555518  0.496905  0.688418  0.691037 
1  0.548786 0.0  0.828035  0.619174  0.453560  0.370999  0.443653  0.533261  0.823069  0.514663  0.393707  0.472156  0.679529  0.553085  0.788016  0.451568  0.720452  0.618886  0.802311  0.853995  0.552709  0.596689  0.524173  0.606198  0.422977  0.501754  0.649050  0.684312  0.782063  0.545767  0.613056  0.648381  0.503428  0.396595  0.582544  0.545776  0.576898  0.452090  0.496557  0.515553  0.495360  0.542758  0.507908  0.583303  0.659771  0.623197  0.452900  0.517464  0.627151  0.649983  0.635794  0.761496  0.688708  0.590769  0.590524  0.357078  0.614797  0.757473  0.515716  0.593845  0.917476  0.812359 
2  0.643275  0.828035 0.0  0.697292  0.816458  0.690989  0.791162  0.680181  0.620683  0.619074  0.799104  0.755561  0.732320  0.806477  0.505055  0.754291  0.544329  0.556209  0.494243  0.820968  0.896548  0.685315  0.793330  0.652787  0.823633  0.866548  0.774665  0.616758  0.539538  0.758236  0.765236  0.863978  0.760457  0.752372  0.813308  0.828286  0.730992  0.788427  0.883882  0.813603  0.835950  0.851287  0.571622  0.876093  0.699942  0.771949  0.750451  0.639439  0.745015  0.575155  0.776166  0.628035  0.551787  0.771736  0.717381  0.863127  0.575572  0.472483  0.941502  0.874685  0.668172  0.502095 
3  0.545009  0.619174  0.697292 0.0  0.540604  0.454585  0.471252  0.450463  0.691402  0.657061  0.486296  0.427243  0.565889  0.662351  0.737964  0.509616  0.896962  0.806173  0.419438  0.798685  0.604065  0.542621  0.698609  0.560778  0.401869  0.665055  0.653393  0.526991  0.732780  0.568231  0.697261  0.578644  0.612665  0.616330  0.690047  0.594659  0.677326  0.657036  0.661828  0.628411  0.660916  0.641308  0.461340  0.867981  0.772016  0.495121  0.617330  0.580139  0.605582  0.692679  0.740609  0.526839  0.698742  0.453231  0.607823  0.569826  0.631755  0.709198  0.482069  0.611290  0.677325  0.720247 
4  0.480099  0.453560  0.816458  0.540604 0.0  0.662640  0.654272  0.566227  0.749606  0.513128  0.561809  0.651928  0.578172  0.369944  0.714929  0.709727  0.635496  0.661432  0.819331  0.848404  0.332715  0.637127  0.458758  0.464139  0.602463  0.226064  0.482941  0.584006  0.790823  0.220189  0.508682  0.407743  0.305061  0.425216  0.371866  0.381805  0.452366  0.245455  0.408442  0.448903  0.136524  0.306886  0.617637  0.363866  0.906118  0.696549  0.576046  0.420368  0.531008  0.756290  0.245022  0.899815  0.901686  0.775685  0.606437  0.314152  0.812818  0.722127  0.694222  0.402432  0.881789  0.777423 
5  0.543077  0.370999  0.690989  0.454585  0.662640 0.0  0.363247  0.286297  0.637504  0.485205  0.397885  0.455431  0.705269  0.747878  0.698855  0.715576  0.700957  0.724133  0.781291  0.889934  0.728843  0.501830  0.734942  0.623199  0.428219  0.610945  0.566240  0.408785  0.812542  0.665774  0.584715  0.580445  0.576009  0.509739  0.605770  0.606421  0.694176  0.591903  0.571867  0.658270  0.441097  0.649414  0.345032  0.524884  0.546141  0.697785  0.430704  0.520398  0.625857  0.654079  0.769980  0.551147  0.753266  0.357686  0.708738  0.449692  0.456479  0.675018  0.531360  0.520514  0.713502  0.884282 
6  0.625597  0.443653  0.791162  0.471252  0.654272  0.363247 0.0  0.450165  0.768733  0.651464  0.408436  0.489046  0.683548  0.602213  0.808349  0.586618  0.785640  0.673465  0.717263  0.830968  0.699279  0.478308  0.655160  0.764706  0.387503  0.466533  0.696276  0.675845  0.890250  0.462236  0.512108  0.616138  0.594173  0.499391  0.471371  0.620790  0.574260  0.609816  0.531908  0.695827  0.457816  0.583725  0.445524  0.660819  0.615391  0.561106  0.557021  0.477614  0.575225  0.674899  0.508067  0.668294  0.635738  0.408609  0.650718  0.494754  0.609398  0.805481  0.381940  0.503365  0.735401  0.846853 
7  0.532704  0.533261  0.680181  0.450463  0.566227  0.286297  0.450165 0.0  0.496784  0.595816  0.491920  0.398500  0.653993  0.680351  0.555858  0.484332  0.705259  0.783292  0.618832  0.871421  0.730598  0.724781  0.770258  0.639460  0.430233  0.585949  0.526992  0.621978  0.783529  0.587591  0.705369  0.600461  0.617723  0.551176  0.585927  0.658656  0.648005  0.648348  0.549294  0.631272  0.555206  0.652780  0.413654  0.659517  0.678302  0.717365  0.633175  0.590293  0.665492  0.770906  0.605688  0.705936  0.504707  0.617819  0.551902  0.519295  0.365311  0.681588  0.589568  0.705319  0.742388  0.773700 
8  0.660657  0.823069  0.620683  0.691402  0.749606  0.637504  0.768733  0.496784 0.0  0.713714  0.796051  0.821017  0.439617  0.745882  0.572158  0.787823  0.873006  0.578819  0.536289  0.493564  0.917287  0.670172  0.732983  0.733819  0.795413  0.794549  0.482413  0.576583  0.547492  0.792538  0.774674  0.846402  0.704168  0.864642  0.734576  0.735927  0.711478  0.772011  0.606198  0.722217  0.754832  0.787865  0.602571  0.716250  0.714730  0.562648  0.650379  0.725537  0.627861  0.609498  0.731236  0.592238  0.511763  0.622910  0.643283  0.861261  0.583218  0.744147  0.808408  0.935723  0.592749  0.532853 
9  0.472462  0.514663  0.619074  0.657061  0.513128  0.485205  0.651464  0.595816  0.713714 0.0  0.622690  0.487460  0.644244  0.478564  0.734913  0.551186  0.416096  0.669205  0.663370  0.762202  0.669455  0.615820  0.531382  0.386507  0.554757  0.516746  0.502441  0.267120  0.796334  0.505328  0.330590  0.642698  0.466781  0.552984  0.488118  0.480291  0.573283  0.394513  0.509055  0.571938  0.414425  0.435911  0.552046  0.440946  0.562477  0.361094  0.537039  0.309114  0.615430  0.724397  0.595722  0.850933  0.645435  0.653103  0.607284  0.503931  0.707648  0.624969  0.635966  0.530125  0.764394  0.744103 
10  0.527402  0.393707  0.799104  0.486296  0.561809  0.397885  0.408436  0.491920  0.796051  0.622690 0.0  0.234132  0.780579  0.622648  0.696131  0.516906  0.720460  0.712907  0.676178  0.922287  0.678486  0.537792  0.459879  0.470852  0.384736  0.555098  0.610592  0.474039  0.817018  0.567156  0.651412  0.526241  0.582030  0.445738  0.445176  0.475962  0.525473  0.530273  0.495492  0.559039  0.444994  0.714031  0.450950  0.611275  0.671724  0.712410  0.695802  0.682155  0.609119  0.725343  0.582559  0.779173  0.664457  0.624544  0.625740  0.621485  0.624293  0.599425  0.376179  0.608435  0.780298  0.757931 
11  0.534531  0.472156  0.755561  0.427243  0.651928  0.455431  0.489046  0.398500  0.821017  0.487460  0.234132 0.0  0.883865  0.602898  0.658040  0.586646  0.794512  0.763593  0.744553  0.896470  0.717489  0.546067  0.692605  0.631156  0.303464  0.628163  0.772581  0.626324  0.887811  0.509948  0.656570  0.618066  0.601526  0.543096  0.665601  0.643093  0.637333  0.606260  0.669358  0.537253  0.423610  0.621223  0.495953  0.578099  0.778326  0.752552  0.555578  0.646590  0.594631  0.645695  0.665485  0.656673  0.807492  0.620201  0.749625  0.534031  0.607677  0.842393  0.293523  0.429863  0.698181  0.851713 
12  0.491164  0.679529  0.732320  0.565889  0.578172  0.705269  0.683548  0.653993  0.439617  0.644244  0.780579  0.883865 0.0  0.671354  0.795035  0.791867  0.687442  0.481003  0.681768  0.464367  0.799109  0.572805  0.624119  0.576535  0.738126  0.634398  0.406189  0.675741  0.528687  0.533347  0.606907  0.525833  0.582766  0.646969  0.551787  0.458404  0.624765  0.667772  0.229534  0.520421  0.603104  0.956061  0.598608  0.401801  0.676245  0.531511  0.526113  0.705687  0.512046  0.786864  0.611069  0.812326  0.588272  0.459110  0.326856  0.619854  0.740184  0.802681  0.805193  0.724436  0.479023  0.632456 
13  0.510426  0.553085  0.806477  0.662351  0.369944  0.747878  0.602213  0.680351  0.745882  0.478564  0.622648  0.602898  0.671354 0.0  0.679363  0.748725  0.712358  0.593261  0.714564  0.884239  0.447352  0.495890  0.609504  0.460047  0.547212  0.368263  0.452003  0.593076  0.804173  0.288343  0.503342  0.337974  0.308300  0.385893  0.263960  0.340907  0.375751  0.125234  0.508011  0.465618  0.280149  0.477477  0.657433  0.294547  0.728304  0.717064  0.524729  0.438139  0.492778  0.749891  0.435340  0.777788  0.841587  0.608088  0.706715  0.313452  0.691247  0.662621  0.603471  0.270108  0.717105  0.802039 
14  0.691740  0.788016  0.505055  0.737964  0.714929  0.698855  0.808349  0.555858  0.572158  0.734913  0.696131  0.658040  0.795035  0.679363 0.0  0.784498  0.771551  0.723880  0.655216  0.758767  0.766670  0.748564  0.844287  0.682462  0.698444  0.743093  0.741093  0.801248  0.638905  0.830964  0.845423  0.793669  0.744725  0.747684  0.790159  0.729808  0.754288  0.831733  0.837759  0.711867  0.681067  0.847349  0.655028  0.889996  0.866271  0.663724  0.800240  0.733296  0.806368  0.675737  0.731875  0.716708  0.373726  0.734204  0.615439  0.723478  0.454870  0.668956  0.613504  0.814406  0.667131  0.557085 
15  0.547955  0.451568  0.754291  0.509616  0.709727  0.715576  0.586618  0.484332  0.787823  0.551186  0.516906  0.586646  0.791867  0.748725  0.784498 0.0  0.778117  0.688490  0.724179  0.896103  0.651561  0.820681  0.565849  0.574630  0.633487  0.574156  0.761300  0.607949  0.959534  0.568479  0.598421  0.650544  0.588086  0.531716  0.621559  0.565251  0.647290  0.502839  0.635577  0.542386  0.645575  0.443070  0.619292  0.699777  0.675374  0.688871  0.585261  0.533290  0.584661  0.653087  0.645087  0.913546  0.777703  0.726744  0.667581  0.500372  0.603685  0.919322  0.586243  0.543219  0.800921  0.821427 
16  0.620857  0.720452  0.544329  0.896962  0.635496  0.700957  0.785640  0.705259  0.873006  0.416096  0.720460  0.794512  0.687442  0.712358  0.771551  0.778117 0.0  0.603451  0.576405  0.736482  0.813615  0.811418  0.733371  0.629493  0.727930  0.699015  0.678077  0.391905  0.616930  0.720218  0.540116  0.603089  0.740474  0.653374  0.644178  0.651342  0.600542  0.681972  0.632139  0.463169  0.695406  0.723794  0.577253  0.613539  0.499268  0.505276  0.628990  0.498446  0.745652  0.677263  0.753974  0.652198  0.689319  0.750723  0.574076  0.641091  0.756952  0.664720  0.722057  0.753126  0.695070  0.784659 
17  0.533106  0.618886  0.556209  0.806173  0.661432  0.724133  0.673465  0.783292  0.578819  0.669205  0.712907  0.763593  0.481003  0.593261  0.723880  0.688490  0.603451 0.0  0.726606  0.255608  0.613892  0.889794  0.698460  0.794523  0.745432  0.655742  0.436632  0.775954  0.536485  0.665132  0.800568  0.664351  0.781582  0.695766  0.817491  0.749394  0.670792  0.631889  0.465992  0.568379  0.691754  0.724896  0.790358  0.631062  0.659254  0.612710  0.628348  0.828104  0.623272  0.794028  0.632922  0.773857  0.692618  0.722717  0.431925  0.661194  0.660888  0.766922  0.859179  0.643493  0.507959  0.527702 
18  0.668576  0.802311  0.494243  0.419438  0.819331  0.781291  0.717263  0.618832  0.536289  0.663370  0.676178  0.744553  0.681768  0.714564  0.655216  0.724179  0.576405  0.726606 0.0  0.762515  0.837763  0.694367  0.704725  0.761315  0.645426  0.789260  0.793148  0.699026  0.505413  0.681876  0.710603  0.744156  0.795669  0.709466  0.737039  0.687103  0.699432  0.681422  0.727654  0.844886  0.769329  0.802548  0.593008  0.748039  0.776418  0.676553  0.708740  0.806779  0.690246  0.441425  0.684272  0.541565  0.591350  0.722729  0.535276  0.782176  0.586239  0.648450  0.744451  0.774849  0.482922  0.520367 
19  0.602001  0.853995  0.820968  0.798685  0.848404  0.889934  0.830968  0.871421  0.493564  0.762202  0.922287  0.896470  0.464367  0.884239  0.758767  0.896103  0.736482  0.255608  0.762515 0.0  0.873063  0.906303  0.966113  0.729893  1.000000  0.813579  0.445354  0.840460  0.486813  0.738083  0.776019  0.863577  0.826534  0.849237  0.823729  0.710241  0.607922  0.866389  0.466491  0.677302  0.875536  0.838663  0.802479  0.673839  0.851381  0.710444  0.818882  0.889171  0.725155  0.688659  0.619613  0.672492  0.583593  0.834835  0.385627  0.930640  0.762607  0.670721  0.895273  0.861558  0.372865  0.560634 
20  0.619220  0.552709  0.896548  0.604065  0.332715  0.728843  0.699279  0.730598  0.917287  0.669455  0.678486  0.717489  0.799109  0.447352  0.766670  0.651561  0.813615  0.613892  0.837763  0.873063 0.0  0.735797  0.453609  0.502434  0.805175  0.382791  0.587763  0.567460  0.765594  0.389513  0.511908  0.389655  0.381586  0.436176  0.405967  0.444545  0.335194  0.390659  0.508178  0.376405  0.321284  0.322613  0.794762  0.458422  0.718484  0.779540  0.633205  0.491119  0.548099  0.798434  0.319806  0.862725  0.773612  0.859734  0.668298  0.387416  0.666004  0.792865  0.736644  0.359321  0.879764  0.805866 
21  0.629882  0.596689  0.685315  0.542621  0.637127  0.501830  0.478308  0.724781  0.670172  0.615820  0.537792  0.546067  0.572805  0.495890  0.748564  0.820681  0.811418  0.889794  0.694367  0.906303  0.735797 0.0  0.486270  0.521728  0.491426  0.543236  0.711131  0.600064  0.810187  0.533217  0.522117  0.555915  0.583894  0.477484  0.573757  0.600641  0.730389  0.475092  0.587970  0.669125  0.555438  0.433495  0.472154  0.563667  0.775701  0.642090  0.391111  0.553720  0.449421  0.671243  0.533033  0.627462  0.766161  0.360536  0.589341  0.410813  0.645800  0.704199  0.594710  0.684901  0.724220  0.786384 
22  0.565171  0.524173  0.793330  0.698609  0.458758  0.734942  0.655160  0.770258  0.732983  0.531382  0.459879  0.692605  0.624119  0.609504  0.844287  0.565849  0.733371  0.698460  0.704725  0.966113  0.453609  0.486270 0.0  0.536690  0.686608  0.460785  0.566039  0.648926  0.898730  0.514527  0.543420  0.660592  0.432876  0.242579  0.485361  0.509826  0.550594  0.430308  0.519877  0.557971  0.447223  0.350266  0.591193  0.428455  0.783925  0.680965  0.383901  0.512268  0.518681  0.711506  0.595991  0.634968  0.741863  0.662336  0.636515  0.318289  0.626103  0.733663  0.609569  0.464284  0.867945  0.867152 
23  0.444307  0.606198  0.652787  0.560778  0.464139  0.623199  0.764706  0.639460  0.733819  0.386507  0.470852  0.631156  0.576535  0.460047  0.682462  0.574630  0.629493  0.794523  0.761315  0.729893  0.502434  0.521728  0.536690 0.0  0.511304  0.398420  0.519223  0.469580  0.824243  0.538221  0.382725  0.566845  0.538979  0.451678  0.469106  0.492030  0.694287  0.392810  0.530663  0.465266  0.459319  0.570306  0.565984  0.530396  0.685052  0.599884  0.557012  0.352388  0.483214  0.772643  0.457205  0.836964  0.681621  0.698330  0.660179  0.496027  0.712498  0.552533  0.620939  0.329900  0.753943  0.844828 
24  0.562932  0.422977  0.823633  0.401869  0.602463  0.428219  0.387503  0.430233  0.795413  0.554757  0.384736  0.303464  0.738126  0.547212  0.698444  0.633487  0.727930  0.745432  0.645426  1.000000  0.805175  0.491426  0.686608  0.511304 0.0  0.537430  0.654387  0.719008  0.840946  0.625892  0.632220  0.596990  0.552844  0.430285  0.571197  0.498292  0.672326  0.531310  0.527201  0.474987  0.563791  0.650560  0.402628  0.728244  0.785050  0.552009  0.651685  0.556117  0.526742  0.781858  0.797444  0.664666  0.651100  0.506603  0.707086  0.493709  0.696339  0.676386  0.439131  0.554039  0.740751  0.922947 
25  0.580393  0.501754  0.866548  0.665055  0.226064  0.610945  0.466533  0.585949  0.794549  0.516746  0.555098  0.628163  0.634398  0.368263  0.743093  0.574156  0.699015  0.655742  0.789260  0.813579  0.382791  0.543236  0.460785  0.398420  0.537430 0.0  0.537923  0.505420  0.791856  0.218109  0.463769  0.376373  0.317473  0.436602  0.283096  0.299796  0.455127  0.254019  0.447988  0.532862  0.303718  0.374821  0.666187  0.312249  0.778580  0.478666  0.515716  0.393781  0.427085  0.742433  0.350803  0.824197  0.703458  0.592786  0.643693  0.337155  0.695081  0.778753  0.575448  0.225406  0.861049  0.934225 
26  0.583075  0.649050  0.774665  0.653393  0.482941  0.566240  0.696276  0.526992  0.482413  0.502441  0.610592  0.772581  0.406189  0.452003  0.741093  0.761300  0.678077  0.436632  0.793148  0.445354  0.587763  0.711131  0.566039  0.519223  0.654387  0.537923 0.0  0.584321  0.566687  0.507132  0.690699  0.583551  0.534257  0.559480  0.477367  0.515378  0.554169  0.489008  0.281778  0.556827  0.524053  0.605979  0.608144  0.474775  0.553234  0.634875  0.544063  0.673487  0.583575  0.733107  0.525758  0.740388  0.765900  0.826674  0.502915  0.579713  0.590550  0.720354  0.688043  0.560274  0.614041  0.651962 
27  0.515300  0.684312  0.616758  0.526991  0.584006  0.408785  0.675845  0.621978  0.576583  0.267120  0.474039  0.626324  0.675741  0.593076  0.801248  0.607949  0.391905  0.775954  0.699026  0.840460  0.567460  0.600064  0.648926  0.469580  0.719008  0.505420  0.584321 0.0  0.770665  0.663764  0.542523  0.531396  0.618274  0.620403  0.566029  0.676598  0.642063  0.606932  0.621116  0.485790  0.561078  0.597020  0.469935  0.417740  0.454676  0.405078  0.536252  0.504549  0.739384  0.662999  0.523595  0.684901  0.698440  0.761364  0.668254  0.556279  0.736941  0.589124  0.578634  0.507787  0.693537  0.802011 
28  0.606360  0.782063  0.539538  0.732780  0.790823  0.812542  0.890250  0.783529  0.547492  0.796334  0.817018  0.887811  0.528687  0.804173  0.638905  0.959534  0.616930  0.536485  0.505413  0.486813  0.765594  0.810187  0.898730  0.824243  0.840946  0.791856  0.566687  0.770665 0.0  0.772687  0.714808  0.795473  0.701618  0.754350  0.739146  0.694994  0.687153  0.712920  0.607080  0.755232  0.813072  0.855375  0.863004  0.704690  0.793422  0.804931  0.741793  0.928759  0.774580  0.452973  0.707919  0.547292  0.574202  0.715869  0.385603  0.843435  0.599462  0.684456  0.918217  0.861267  0.221435  0.385381 
29  0.492226  0.545767  0.758236  0.568231  0.220189  0.665774  0.462236  0.587591  0.792538  0.505328  0.567156  0.509948  0.533347  0.288343  0.830964  0.568479  0.720218  0.665132  0.681876  0.738083  0.389513  0.533217  0.514527  0.538221  0.625892  0.218109  0.507132  0.663764  0.772687 0.0  0.585069  0.412052  0.362991  0.304320  0.291213  0.276319  0.405706  0.148975  0.427131  0.490194  0.200207  0.480522  0.677324  0.302614  0.573603  0.628703  0.615671  0.514387  0.371375  0.791633  0.301363  0.835937  0.706200  0.667135  0.447741  0.427057  0.698878  0.785573  0.542287  0.186235  0.757203  0.672458 
30  0.507560  0.613056  0.765236  0.697261  0.508682  0.584715  0.512108  0.705369  0.774674  0.330590  0.651412  0.656570  0.606907  0.503342  0.845423  0.598421  0.540116  0.800568  0.710603  0.776019  0.511908  0.522117  0.543420  0.382725  0.632220  0.463769  0.690699  0.542523  0.714808  0.585069 0.0  0.624823  0.477551  0.473451  0.505838  0.516955  0.640609  0.422663  0.454414  0.516020  0.567531  0.309588  0.671537  0.489320  0.561037  0.435328  0.406798  0.407342  0.466895  0.711889  0.499390  0.655337  0.729191  0.570923  0.689302  0.475679  0.792445  0.590054  0.660676  0.520822  0.888364  0.877317 
31  0.551646  0.648381  0.863978  0.578644  0.407743  0.580445  0.616138  0.600461  0.846402  0.642698  0.526241  0.618066  0.525833  0.337974  0.793669  0.650544  0.603089  0.664351  0.744156  0.863577  0.389655  0.555915  0.660592  0.566845  0.596990  0.376373  0.583551  0.531396  0.795473  0.412052  0.624823 0.0  0.402540  0.547072  0.308150  0.451154  0.429682  0.339617  0.582338  0.503760  0.495106  0.678869  0.619037  0.471408  0.820354  0.710677  0.503492  0.516745  0.360680  0.737411  0.399334  0.746869  0.646435  0.729296  0.537929  0.641333  0.657785  0.712604  0.630836  0.418378  0.807593  0.858369 
32  0.598949  0.503428  0.760457  0.612665  0.305061  0.576009  0.594173  0.617723  0.704168  0.466781  0.582030  0.601526  0.582766  0.308300  0.744725  0.588086  0.740474  0.781582  0.795669  0.826534  0.381586  0.583894  0.432876  0.538979  0.552844  0.317473  0.534257  0.618274  0.701618  0.362991  0.477551  0.402540 0.0  0.259252  0.361360  0.265811  0.535469  0.151837  0.497408  0.556887  0.298358  0.497898  0.567144  0.275483  0.755207  0.547707  0.475253  0.526071  0.382388  0.612122  0.341586  0.758953  0.703373  0.448355  0.627717  0.331252  0.708350  0.832689  0.596377  0.400671  0.849254  0.796363 
33  0.427765  0.396595  0.752372  0.616330  0.425216  0.509739  0.499391  0.551176  0.864642  0.552984  0.445738  0.543096  0.646969  0.385893  0.747684  0.531716  0.653374  0.695766  0.709466  0.849237  0.436176  0.477484  0.242579  0.451678  0.430285  0.436602  0.559480  0.620403  0.754350  0.304320  0.473451  0.547072  0.259252 0.0  0.394459  0.378866  0.634992  0.396109  0.523593  0.498255  0.265182  0.377674  0.566414  0.347648  0.711888  0.807130  0.425021  0.423748  0.335891  0.812726  0.446743  0.783282  0.682056  0.538504  0.646595  0.302390  0.664445  0.676338  0.540261  0.370156  0.751109  0.796921 
34  0.558801  0.582544  0.813308  0.690047  0.371866  0.605770  0.471371  0.585927  0.734576  0.488118  0.445176  0.665601  0.551787  0.263960  0.790159  0.621559  0.644178  0.817491  0.737039  0.823729  0.405967  0.573757  0.485361  0.469106  0.571197  0.283096  0.477367  0.566029  0.739146  0.291213  0.505838  0.308150  0.361360  0.394459 0.0  0.384117  0.372698  0.305312  0.465746  0.487693  0.328915  0.444901  0.614195  0.474221  0.749430  0.630159  0.551511  0.541023  0.448536  0.692209  0.334310  0.872314  0.820398  0.540277  0.648597  0.489712  0.747881  0.648014  0.673850  0.428730  0.801578  0.745134 
35  0.515216  0.545776  0.828286  0.594659  0.381805  0.606421  0.620790  0.658656  0.735927  0.480291  0.475962  0.643093  0.458404  0.340907  0.729808  0.565251  0.651342  0.749394  0.687103  0.710241  0.444545  0.600641  0.509826  0.492030  0.498292  0.299796  0.515378  0.676598  0.694994  0.276319  0.516955  0.451154  0.265811  0.378866  0.384117 0.0  0.491703  0.265308  0.525870  0.536720  0.337112  0.320973  0.511827  0.411374  0.734707  0.663754  0.575296  0.538145  0.485838  0.710283  0.315601  0.867808  0.771542  0.531467  0.549161  0.399325  0.641778  0.708061  0.651912  0.430294  0.767541  0.800647 
36  0.501889  0.576898  0.730992  0.677326  0.452366  0.694176  0.574260  0.648005  0.711478  0.573283  0.525473  0.637333  0.624765  0.375751  0.754288  0.647290  0.600542  0.670792  0.699432  0.607922  0.335194  0.730389  0.550594  0.694287  0.672326  0.455127  0.554169  0.642063  0.687153  0.405706  0.640609  0.429682  0.535469  0.634992  0.372698  0.491703 0.0  0.395939  0.616163  0.443738  0.317430  0.597430  0.547857  0.402249  0.775854  0.556309  0.493041  0.643308  0.433086  0.663174  0.365559  0.732345  0.674462  0.674439  0.716283  0.579368  0.750714  0.924235  0.701952  0.307945  0.721899  0.731913 
37  0.469726  0.452090  0.788427  0.657036  0.245455  0.591903  0.609816  0.648348  0.772011  0.394513  0.530273  0.606260  0.667772  0.125234  0.831733  0.502839  0.681972  0.631889  0.681422  0.866389  0.390659  0.475092  0.430308  0.392810  0.531310  0.254019  0.489008  0.606932  0.712920  0.148975  0.422663  0.339617  0.151837  0.396109  0.305312  0.265308  0.395939 0.0  0.426702  0.419294  0.172716  0.449121  0.419596  0.316704  0.752720  0.653049  0.484076  0.468568  0.339115  0.875280  0.213983  0.895062  0.764129  0.565922  0.673100  0.307385  0.685406  0.724926  0.575447  0.322514  0.798705  0.899223 
38  0.422022  0.496557  0.883882  0.661828  0.408442  0.571867  0.531908  0.549294  0.606198  0.509055  0.495492  0.669358  0.229534  0.508011  0.837759  0.635577  0.632139  0.465992  0.727654  0.466491  0.508178  0.587970  0.519877  0.530663  0.527201  0.447988  0.281778  0.621116  0.607080  0.427131  0.454414  0.582338  0.497408  0.523593  0.465746  0.525870  0.616163  0.426702 0.0  0.571797  0.411198  0.528239  0.399095  0.448260  0.650968  0.475352  0.443778  0.686662  0.610024  0.813222  0.650674  0.716555  0.609764  0.565998  0.466000  0.629040  0.559871  0.672253  0.647236  0.594943  0.608373  0.469616 
39  0.393851  0.515553  0.813603  0.628411  0.448903  0.658270  0.695827  0.631272  0.722217  0.571938  0.559039  0.537253  0.520421  0.465618  0.711867  0.542386  0.463169  0.568379  0.844886  0.677302  0.376405  0.669125  0.557971  0.465266  0.474987  0.532862  0.556827  0.485790  0.755232  0.490194  0.516020  0.503760  0.556887  0.498255  0.487693  0.536720  0.443738  0.419294  0.571797 0.0  0.438360  0.338887  0.585974  0.402630  0.532703  0.503090  0.530686  0.578666  0.627263  0.739488  0.365993  0.782325  0.711158  0.605177  0.637088  0.454398  0.795135  0.651454  0.636142  0.423649  0.693617  0.745477 
40  0.448067  0.495360  0.835950  0.660916  0.136524  0.441097  0.457816  0.555206  0.754832  0.414425  0.444994  0.423610  0.603104  0.280149  0.681067  0.645575  0.695406  0.691754  0.769329  0.875536  0.321284  0.555438  0.447223  0.459319  0.563791  0.303718  0.524053  0.561078  0.813072  0.200207  0.567531  0.495106  0.298358  0.265182  0.328915  0.337112  0.317430  0.172716  0.411198  0.438360 0.0  0.315820  0.493250  0.329915  0.784782  0.584338  0.574959  0.471609  0.351594  0.703132  0.231698  0.768727  0.761972  0.638052  0.689082  0.318497  0.602276  0.851173  0.573512  0.302967  0.839693  0.711027 
41  0.622533  0.542758  0.851287  0.641308  0.306886  0.649414  0.583725  0.652780  0.787865  0.435911  0.714031  0.621223  0.956061  0.477477  0.847349  0.443070  0.723794  0.724896  0.802548  0.838663  0.322613  0.433495  0.350266  0.570306  0.650560  0.374821  0.605979  0.597020  0.855375  0.480522  0.309588  0.678869  0.497898  0.377674  0.444901  0.320973  0.597430  0.449121  0.528239  0.338887  0.315820 0.0  0.663756  0.543059  0.615393  0.582357  0.404144  0.531717  0.539168  0.652061  0.368575  0.880820  0.883580  0.650782  0.870927  0.286444  0.745695  0.828902  0.637586  0.432048  0.682773  0.896770 
42  0.553624  0.507908  0.571622  0.461340  0.617637  0.345032  0.445524  0.413654  0.602571  0.552046  0.450950  0.495953  0.598608  0.657433  0.655028  0.619292  0.577253  0.790358  0.593008  0.802479  0.794762  0.472154  0.591193  0.565984  0.402628  0.666187  0.608144  0.469935  0.863004  0.677324  0.671537  0.619037  0.567144  0.566414  0.614195  0.511827  0.547857  0.419596  0.399095  0.585974  0.493250  0.663756 0.0  0.564643  0.527134  0.689928  0.436354  0.595046  0.581448  0.689922  0.740947  0.492065  0.726480  0.487328  0.738519  0.623084  0.752690  0.655438  0.530165  0.619589  0.734797  0.838827 
43  0.471060  0.583303  0.876093  0.867981  0.363866  0.524884  0.660819  0.659517  0.716250  0.440946  0.611275  0.578099  0.401801  0.294547  0.889996  0.699777  0.613539  0.631062  0.748039  0.673839  0.458422  0.563667  0.428455  0.530396  0.728244  0.312249  0.474775  0.417740  0.704690  0.302614  0.489320  0.471408  0.275483  0.347648  0.474221  0.411374  0.402249  0.316704  0.448260  0.402630  0.329915  0.543059  0.564643 0.0  0.691417  0.648350  0.431548  0.530958  0.491137  0.703861  0.384296  0.716250  0.789359  0.637911  0.708522  0.471861  0.667310  0.860637  0.755033  0.520324  0.683752  0.785911 
44  0.429872  0.659771  0.699942  0.772016  0.906118  0.546141  0.615391  0.678302  0.714730  0.562477  0.671724  0.778326  0.676245  0.728304  0.866271  0.675374  0.499268  0.659254  0.776418  0.851381  0.718484  0.775701  0.783925  0.685052  0.785050  0.778580  0.553234  0.454676  0.793422  0.573603  0.561037  0.820354  0.755207  0.711888  0.749430  0.734707  0.775854  0.752720  0.650968  0.532703  0.784782  0.615393  0.527134  0.691417 0.0  0.360907  0.631514  0.619324  0.789933  0.635645  0.698843  0.621068  0.779549  0.838655  0.790543  0.577291  0.763105  0.764167  0.663710  0.731547  0.739243  0.714076 
45  0.440575  0.623197  0.771949  0.495121  0.696549  0.697785  0.561106  0.717365  0.562648  0.361094  0.712410  0.752552  0.531511  0.717064  0.663724  0.688871  0.505276  0.612710  0.676553  0.710444  0.779540  0.642090  0.680965  0.599884  0.552009  0.478666  0.634875  0.405078  0.804931  0.628703  0.435328  0.710677  0.547707  0.807130  0.630159  0.663754  0.556309  0.653049  0.475352  0.503090  0.584338  0.582357  0.689928  0.648350  0.360907 0.0  0.635577  0.449781  0.712337  0.745670  0.583181  0.690043  0.811382  0.630882  0.619017  0.462332  0.712635  0.724400  0.735906  0.616075  0.695999  0.692447 
46  0.618173  0.452900  0.750451  0.617330  0.576046  0.430704  0.557021  0.633175  0.650379  0.537039  0.695802  0.555578  0.526113  0.524729  0.800240  0.585261  0.628990  0.628348  0.708740  0.818882  0.633205  0.391111  0.383901  0.557012  0.651685  0.515716  0.544063  0.536252  0.741793  0.615671  0.406798  0.503492  0.475253  0.425021  0.551511  0.575296  0.493041  0.484076  0.443778  0.530686  0.574959  0.404144  0.436354  0.431548  0.631514  0.635577 0.0  0.543872  0.570826  0.664976  0.555269  0.608277  0.716668  0.469638  0.574615  0.427844  0.617327  0.703141  0.552580  0.503044  0.744672  0.632239 
47  0.475279  0.517464  0.639439  0.580139  0.420368  0.520398  0.477614  0.590293  0.725537  0.309114  0.682155  0.646590  0.705687  0.438139  0.733296  0.533290  0.498446  0.828104  0.806779  0.889171  0.491119  0.553720  0.512268  0.352388  0.556117  0.393781  0.673487  0.504549  0.928759  0.514387  0.407342  0.516745  0.526071  0.423748  0.541023  0.538145  0.643308  0.468568  0.686662  0.578666  0.471609  0.531717  0.595046  0.530958  0.619324  0.449781  0.543872 0.0  0.608158  0.811563  0.549965  0.856403  0.679853  0.614470  0.580418  0.445607  0.580763  0.700969  0.603693  0.580055  0.803490  0.833263 
48  0.466805  0.627151  0.745015  0.605582  0.531008  0.625857  0.575225  0.665492  0.627861  0.615430  0.609119  0.594631  0.512046  0.492778  0.806368  0.584661  0.745652  0.623272  0.690246  0.725155  0.548099  0.449421  0.518681  0.483214  0.526742  0.427085  0.583575  0.739384  0.774580  0.371375  0.466895  0.360680  0.382388  0.335891  0.448536  0.485838  0.433086  0.339115  0.610024  0.627263  0.351594  0.539168  0.581448  0.491137  0.789933  0.712337  0.570826  0.608158 0.0  0.751905  0.473643  0.790667  0.731491  0.691643  0.551537  0.484313  0.670097  0.627382  0.658940  0.408618  0.730149  0.703957 
49  0.589737  0.649983  0.575155  0.692679  0.756290  0.654079  0.674899  0.770906  0.609498  0.724397  0.725343  0.645695  0.786864  0.749891  0.675737  0.653087  0.677263  0.794028  0.441425  0.688659  0.798434  0.671243  0.711506  0.772643  0.781858  0.742433  0.733107  0.662999  0.452973  0.791633  0.711889  0.737411  0.612122  0.812726  0.692209  0.710283  0.663174  0.875280  0.813222  0.739488  0.703132  0.652061  0.689922  0.703861  0.635645  0.745670  0.664976  0.811563  0.751905 0.0  0.713572  0.389136  0.678307  0.667546  0.574137  0.646653  0.609131  0.592963  0.690448  0.819794  0.544949  0.560088 
50  0.440188  0.635794  0.776166  0.740609  0.245022  0.769980  0.508067  0.605688  0.731236  0.595722  0.582559  0.665485  0.611069  0.435340  0.731875  0.645087  0.753974  0.632922  0.684272  0.619613  0.319806  0.533033  0.595991  0.457205  0.797444  0.350803  0.525758  0.523595  0.707919  0.301363  0.499390  0.399334  0.341586  0.446743  0.334310  0.315601  0.365559  0.213983  0.650674  0.365993  0.231698  0.368575  0.740947  0.384296  0.698843  0.583181  0.555269  0.549965  0.473643  0.713572 0.0  0.756250  0.695421  0.639806  0.607910  0.467750  0.680283  0.757365  0.807643  0.367349  0.774514  0.820641 
51  0.696398  0.761496  0.628035  0.526839  0.899815  0.551147  0.668294  0.705936  0.592238  0.850933  0.779173  0.656673  0.812326  0.777788  0.716708  0.913546  0.652198  0.773857  0.541565  0.672492  0.862725  0.627462  0.634968  0.836964  0.664666  0.824197  0.740388  0.684901  0.547292  0.835937  0.655337  0.746869  0.758953  0.783282  0.872314  0.867808  0.732345  0.895062  0.716555  0.782325  0.768727  0.880820  0.492065  0.716250  0.621068  0.690043  0.608277  0.856403  0.790667  0.389136  0.756250 0.0  0.717919  0.664035  0.763149  0.810078  0.625469  0.806356  0.712627  0.843291  0.513718  0.595367 
52  0.634166  0.688708  0.551787  0.698742  0.901686  0.753266  0.635738  0.504707  0.511763  0.645435  0.664457  0.807492  0.588272  0.841587  0.373726  0.777703  0.689319  0.692618  0.591350  0.583593  0.773612  0.766161  0.741863  0.681621  0.651100  0.703458  0.765900  0.698440  0.574202  0.706200  0.729191  0.646435  0.703373  0.682056  0.820398  0.771542  0.674462  0.764129  0.609764  0.711158  0.761972  0.883580  0.726480  0.789359  0.779549  0.811382  0.716668  0.679853  0.731491  0.678307  0.695421  0.717919 0.0  0.725467  0.506971  0.696419  0.559962  0.610130  0.703009  0.777417  0.579510  0.654290 
53  0.477042  0.590769  0.771736  0.453231  0.775685  0.357686  0.408609  0.617819  0.622910  0.653103  0.624544  0.620201  0.459110  0.608088  0.734204  0.726744  0.750723  0.722717  0.722729  0.834835  0.859734  0.360536  0.662336  0.698330  0.506603  0.592786  0.826674  0.761364  0.715869  0.667135  0.570923  0.729296  0.448355  0.538504  0.540277  0.531467  0.674439  0.565922  0.565998  0.605177  0.638052  0.650782  0.487328  0.637911  0.838655  0.630882  0.469638  0.614470  0.691643  0.667546  0.639806  0.664035  0.725467 0.0  0.573708  0.529382  0.769706  0.854420  0.534426  0.634163  0.799376  0.824279 
54  0.624453  0.590524  0.717381  0.607823  0.606437  0.708738  0.650718  0.551902  0.643283  0.607284  0.625740  0.749625  0.326856  0.706715  0.615439  0.667581  0.574076  0.431925  0.535276  0.385627  0.668298  0.589341  0.636515  0.660179  0.707086  0.643693  0.502915  0.668254  0.385603  0.447741  0.689302  0.537929  0.627717  0.646595  0.648597  0.549161  0.716283  0.673100  0.466000  0.637088  0.689082  0.870927  0.738519  0.708522  0.790543  0.619017  0.574615  0.580418  0.551537  0.574137  0.607910  0.763149  0.506971  0.573708 0.0  0.642094  0.572163  0.653382  0.819462  0.733669  0.609128  0.528329 
55  0.466175  0.357078  0.863127  0.569826  0.314152  0.449692  0.494754  0.519295  0.861261  0.503931  0.621485  0.534031  0.619854  0.313452  0.723478  0.500372  0.641091  0.661194  0.782176  0.930640  0.387416  0.410813  0.318289  0.496027  0.493709  0.337155  0.579713  0.556279  0.843435  0.427057  0.475679  0.641333  0.331252  0.302390  0.489712  0.399325  0.579368  0.307385  0.629040  0.454398  0.318497  0.286444  0.623084  0.471861  0.577291  0.462332  0.427844  0.445607  0.484313  0.646653  0.467750  0.810078  0.696419  0.529382  0.642094 0.0  0.653667  0.862061  0.485397  0.299313  0.909802  0.875853 
56  0.525749  0.614797  0.575572  0.631755  0.812818  0.456479  0.609398  0.365311  0.583218  0.707648  0.624293  0.607677  0.740184  0.691247  0.454870  0.603685  0.756952  0.660888  0.586239  0.762607  0.666004  0.645800  0.626103  0.712498  0.696339  0.695081  0.590550  0.736941  0.599462  0.698878  0.792445  0.657785  0.708350  0.664445  0.747881  0.641778  0.750714  0.685406  0.559871  0.795135  0.602276  0.745695  0.752690  0.667310  0.763105  0.712635  0.617327  0.580763  0.670097  0.609131  0.680283  0.625469  0.559962  0.769706  0.572163  0.653667 0.0  0.690015  0.719920  0.601001  0.634409  0.651093 
57  0.678674  0.757473  0.472483  0.709198  0.722127  0.675018  0.805481  0.681588  0.744147  0.624969  0.599425  0.842393  0.802681  0.662621  0.668956  0.919322  0.664720  0.766922  0.648450  0.670721  0.792865  0.704199  0.733663  0.552533  0.676386  0.778753  0.720354  0.589124  0.684456  0.785573  0.590054  0.712604  0.832689  0.676338  0.648014  0.708061  0.924235  0.724926  0.672253  0.651454  0.851173  0.828902  0.655438  0.860637  0.764167  0.724400  0.703141  0.700969  0.627382  0.592963  0.757365  0.806356  0.610130  0.854420  0.653382  0.862061  0.690015 0.0  0.724725  0.808909  0.667503  0.739152 
58  0.555518  0.515716  0.941502  0.482069  0.694222  0.531360  0.381940  0.589568  0.808408  0.635966  0.376179  0.293523  0.805193  0.603471  0.613504  0.586243  0.722057  0.859179  0.744451  0.895273  0.736644  0.594710  0.609569  0.620939  0.439131  0.575448  0.688043  0.578634  0.918217  0.542287  0.660676  0.630836  0.596377  0.540261  0.673850  0.651912  0.701952  0.575447  0.647236  0.636142  0.573512  0.637586  0.530165  0.755033  0.663710  0.735906  0.552580  0.603693  0.658940  0.690448  0.807643  0.712627  0.703009  0.534426  0.819462  0.485397  0.719920  0.724725 0.0  0.620636  0.907439  0.854034 
59  0.496905  0.593845  0.874685  0.611290  0.402432  0.520514  0.503365  0.705319  0.935723  0.530125  0.608435  0.429863  0.724436  0.270108  0.814406  0.543219  0.753126  0.643493  0.774849  0.861558  0.359321  0.684901  0.464284  0.329900  0.554039  0.225406  0.560274  0.507787  0.861267  0.186235  0.520822  0.418378  0.400671  0.370156  0.428730  0.430294  0.307945  0.322514  0.594943  0.423649  0.302967  0.432048  0.619589  0.520324  0.731547  0.616075  0.503044  0.580055  0.408618  0.819794  0.367349  0.843291  0.777417  0.634163  0.733669  0.299313  0.601001  0.808909  0.620636 0.0  0.776801  0.822706 
60  0.688418  0.917476  0.668172  0.677325  0.881789  0.713502  0.735401  0.742388  0.592749  0.764394  0.780298  0.698181  0.479023  0.717105  0.667131  0.800921  0.695070  0.507959  0.482922  0.372865  0.879764  0.724220  0.867945  0.753943  0.740751  0.861049  0.614041  0.693537  0.221435  0.757203  0.888364  0.807593  0.849254  0.751109  0.801578  0.767541  0.721899  0.798705  0.608373  0.693617  0.839693  0.682773  0.734797  0.683752  0.739243  0.695999  0.744672  0.803490  0.730149  0.544949  0.774514  0.513718  0.579510  0.799376  0.609128  0.909802  0.634409  0.667503  0.907439  0.776801 0.0  0.272282 
61  0.691037  0.812359  0.502095  0.720247  0.777423  0.884282  0.846853  0.773700  0.532853  0.744103  0.757931  0.851713  0.632456  0.802039  0.557085  0.821427  0.784659  0.527702  0.520367  0.560634  0.805866  0.786384  0.867152  0.844828  0.922947  0.934225  0.651962  0.802011  0.385381  0.672458  0.877317  0.858369  0.796363  0.796921  0.745134  0.800647  0.731913  0.899223  0.469616  0.745477  0.711027  0.896770  0.838827  0.785911  0.714076  0.692447  0.632239  0.833263  0.703957  0.560088  0.820641  0.595367  0.654290  0.824279  0.528329  0.875853  0.651093  0.739152  0.854034  0.822706  0.272282 0.0 
