62
0 0.0  0.509310  0.664640  0.523485  0.467041  0.449542  0.529621  0.511197  0.563264  0.429229  0.492093  0.482511  0.377855  0.447712  0.559654  0.496759  0.482527  0.540563  0.513496  0.627689  0.547321  0.491586  0.489095  0.531144  0.523793  0.396420  0.475691  0.524409  0.652453  0.487618  0.528779  0.526177  0.586348  0.428892  0.455029  0.471359  0.570665  0.458272  0.409963  0.433270  0.362142  0.404040  0.464295  0.463994  0.470003  0.464133  0.509445  0.488040  0.457545  0.615312  0.490324  0.522055  0.659344  0.493585  0.572368  0.494303  0.605888  0.674385  0.443049  0.473457  0.661912  0.596551 
1  0.509310 0.0  0.694111  0.488607  0.482851  0.402539  0.449477  0.489877  0.651387  0.601523  0.337211  0.423864  0.597971  0.521653  0.665368  0.473663  0.622126  0.711396  0.733001  0.849295  0.655780  0.524949  0.543354  0.550165  0.481479  0.427989  0.550835  0.603440  0.879581  0.524308  0.537479  0.556876  0.467034  0.444036  0.581931  0.595083  0.573672  0.524062  0.508672  0.488476  0.367708  0.495832  0.520810  0.569938  0.683205  0.666214  0.437971  0.512949  0.592387  0.704365  0.525713  0.791159  0.635216  0.596071  0.593190  0.336361  0.595920  0.734121  0.365648  0.541510  0.835529  0.866632 
2  0.664640  0.694111 0.0  0.556257  0.838432  0.783617  0.754470  0.616051  0.715967  0.584767  0.735914  0.713735  0.680300  0.742552  0.538700  0.819570  0.553300  0.662043  0.479846  0.683042  0.715919  0.696033  0.831700  0.718032  0.857538  0.783830  0.689133  0.655959  0.536808  0.942525  0.726877  0.793570  0.659304  0.803699  0.647375  0.758397  0.787321  0.815255  0.685722  0.698975  0.720981  0.846853  0.600684  0.772249  0.804064  0.593688  0.739238  0.576498  0.633624  0.442368  0.667258  0.508819  0.656451  0.749544  0.606725  0.835019  0.550555  0.563711  0.943498  0.900845  0.495722  0.452065 
3  0.523485  0.488607  0.556257 0.0  0.528352  0.488020  0.415757  0.464009  0.663245  0.551786  0.429627  0.385249  0.651262  0.614482  0.639397  0.548745  0.606156  0.630130  0.543858  0.847477  0.628410  0.532526  0.649624  0.611367  0.354412  0.613608  0.730268  0.669883  0.748193  0.455970  0.529770  0.560877  0.542355  0.589206  0.621556  0.490392  0.577015  0.649916  0.523005  0.538620  0.515271  0.633501  0.391285  0.635205  0.762796  0.529143  0.534092  0.458058  0.644725  0.629647  0.616089  0.512968  0.695187  0.447401  0.641155  0.498924  0.484720  0.688638  0.524600  0.576593  0.683168  0.629258 
4  0.467041  0.482851  0.838432  0.528352 0.0  0.604826  0.632996  0.568987  0.643390  0.386484  0.639276  0.654416  0.608451  0.284600  0.621429  0.502706  0.703902  0.511044  0.724725  0.724910  0.197297  0.569350  0.426449  0.497601  0.547368  0.273013  0.408080  0.570366  0.817997  0.316634  0.428928  0.386539  0.333011  0.411363  0.360010  0.285026  0.337056  0.268699  0.419762  0.392706  0.274961  0.327979  0.688891  0.352957  0.641451  0.620783  0.429107  0.391389  0.453839  0.719493  0.259223  0.732623  0.734995  0.536008  0.640628  0.339376  0.639937  0.734700  0.667883  0.331034  0.641469  0.878031 
5  0.449542  0.402539  0.783617  0.488020  0.604826 0.0  0.287527  0.382533  0.545672  0.585386  0.405269  0.379074  0.621341  0.561654  0.660606  0.636232  0.627491  0.689689  0.723318  0.901732  0.694997  0.529625  0.557738  0.640689  0.355809  0.498557  0.522626  0.475170  0.800971  0.610467  0.573372  0.508114  0.549914  0.422896  0.552672  0.597397  0.487032  0.580249  0.474731  0.516900  0.552882  0.573782  0.265888  0.561404  0.598119  0.481529  0.411316  0.486636  0.565506  0.746538  0.723334  0.680472  0.651149  0.480407  0.676136  0.492141  0.460335  0.701289  0.489761  0.575612  0.787551  0.820454 
6  0.529621  0.449477  0.754470  0.415757  0.632996  0.287527 0.0  0.481934  0.633693  0.564745  0.444120  0.360888  0.687579  0.559612  0.729132  0.518036  0.582645  0.699941  0.733428  0.642989  0.678866  0.503222  0.452968  0.501232  0.390821  0.540581  0.482279  0.566070  0.736432  0.547977  0.596907  0.577755  0.574506  0.537848  0.572279  0.599393  0.548845  0.538327  0.567701  0.570483  0.528496  0.603945  0.415463  0.627377  0.541451  0.639919  0.487554  0.558493  0.526053  0.680315  0.601454  0.635383  0.658597  0.501843  0.581191  0.464819  0.556748  0.790546  0.437402  0.547228  0.743276  0.880647 
7  0.511197  0.489877  0.616051  0.464009  0.568987  0.382533  0.481934 0.0  0.389444  0.575028  0.405619  0.428253  0.473997  0.480487  0.462906  0.506346  0.748349  0.788727  0.618796  0.753037  0.718159  0.673188  0.687273  0.618177  0.425983  0.507132  0.504484  0.597971  0.676749  0.680617  0.563982  0.636805  0.656863  0.530646  0.537900  0.547989  0.678042  0.577626  0.428701  0.496718  0.507720  0.628188  0.414907  0.520031  0.602334  0.677971  0.632968  0.499471  0.658329  0.464541  0.555036  0.727805  0.487639  0.544052  0.545785  0.588345  0.391332  0.612685  0.412295  0.604483  0.596658  0.675820 
8  0.563264  0.651387  0.715967  0.663245  0.643390  0.545672  0.633693  0.389444 0.0  0.694490  0.702556  0.812555  0.443008  0.715633  0.542517  0.743455  0.653913  0.540801  0.469644  0.555494  0.718722  0.608681  0.741481  0.599483  0.859163  0.652906  0.524808  0.789114  0.497412  0.689429  0.637340  0.725352  0.864165  0.813966  0.641701  0.709185  0.720106  0.788092  0.638540  0.600285  0.664433  0.776378  0.546274  0.571163  0.622120  0.598104  0.635988  0.634902  0.704129  0.562884  0.773997  0.571797  0.463004  0.651949  0.611159  0.813531  0.490264  0.828049  0.688448  0.799909  0.436488  0.540014 
9  0.429229  0.601523  0.584767  0.551786  0.386484  0.585386  0.564745  0.575028  0.694490 0.0  0.528437  0.552202  0.558135  0.450768  0.799727  0.666193  0.418395  0.725265  0.615427  0.638885  0.561994  0.500194  0.508973  0.338600  0.391712  0.445728  0.477791  0.385410  0.811863  0.454994  0.360903  0.658501  0.530436  0.513589  0.480585  0.480997  0.525707  0.473138  0.460609  0.488235  0.379637  0.453319  0.550167  0.494738  0.487705  0.413413  0.575325  0.354559  0.458372  0.728727  0.443097  0.725484  0.698823  0.650802  0.581834  0.423794  0.675457  0.490719  0.570917  0.462478  0.807600  0.656404 
10  0.492093  0.337211  0.735914  0.429627  0.639276  0.405269  0.444120  0.405619  0.702556  0.528437 0.0  0.303418  0.632299  0.588452  0.688130  0.456073  0.859741  0.686256  0.713113  0.756601  0.639569  0.517355  0.554989  0.502235  0.388187  0.584600  0.565770  0.476121  0.753709  0.547653  0.659400  0.488906  0.594832  0.431436  0.429661  0.578695  0.629353  0.522430  0.596859  0.498552  0.583948  0.671141  0.390763  0.600821  0.665091  0.609783  0.503283  0.533578  0.497193  0.622788  0.574129  0.669049  0.598067  0.642735  0.593264  0.483829  0.568609  0.672435  0.279169  0.498501  0.725416  0.644011 
11  0.482511  0.423864  0.713735  0.385249  0.654416  0.379074  0.360888  0.428253  0.812555  0.552202  0.303418 0.0  0.769329  0.552603  0.737644  0.511290  0.712058  0.688643  0.719264  0.799694  0.741080  0.564607  0.661006  0.548134  0.259083  0.543938  0.612137  0.497286  0.746471  0.514020  0.686382  0.513451  0.602197  0.569693  0.632475  0.609180  0.609629  0.571141  0.550654  0.442042  0.544247  0.595474  0.522440  0.649235  0.680304  0.681927  0.567973  0.594037  0.529569  0.697540  0.622134  0.655989  0.628261  0.536605  0.617726  0.521611  0.555793  0.729140  0.239725  0.446914  0.749971  0.770257 
12  0.377855  0.597971  0.680300  0.651262  0.608451  0.621341  0.687579  0.473997  0.443008  0.558135  0.632299  0.769329 0.0  0.552269  0.720047  0.738908  0.614405  0.416813  0.652007  0.450980  0.706193  0.555771  0.635992  0.510433  0.524423  0.520821  0.341919  0.574004  0.367845  0.492986  0.600139  0.524558  0.501186  0.447237  0.564533  0.484970  0.563326  0.485697  0.285514  0.515981  0.572283  0.598771  0.579012  0.471320  0.675663  0.633685  0.615553  0.547335  0.633536  0.607655  0.530717  0.857774  0.590344  0.537311  0.376794  0.621769  0.659261  0.598717  0.637422  0.652855  0.451278  0.556495 
13  0.447712  0.521653  0.742552  0.614482  0.284600  0.561654  0.559612  0.480487  0.715633  0.450768  0.588452  0.552603  0.552269 0.0  0.761056  0.653133  0.590086  0.714493  0.642068  0.777658  0.330898  0.440352  0.470936  0.351526  0.554931  0.270446  0.415305  0.613871  0.759574  0.330223  0.412851  0.295411  0.299758  0.403127  0.277450  0.300781  0.410423  0.211971  0.440625  0.487477  0.269111  0.471614  0.575448  0.312740  0.563631  0.543589  0.486753  0.441902  0.428681  0.777263  0.345632  0.690102  0.650926  0.574176  0.633412  0.419660  0.734661  0.721233  0.617981  0.297113  0.718667  0.695823 
14  0.559654  0.665368  0.538700  0.639397  0.621429  0.660606  0.729132  0.462906  0.542517  0.799727  0.688130  0.737644  0.720047  0.761056 0.0  0.582590  0.734092  0.701766  0.621019  0.626065  0.726515  0.756222  0.701764  0.639890  0.714730  0.799615  0.696423  0.732904  0.538149  0.625159  0.702906  0.706413  0.694972  0.757615  0.770571  0.670012  0.729500  0.704022  0.730357  0.665173  0.743548  0.826684  0.652769  0.863297  0.621004  0.816569  0.855762  0.666248  0.716954  0.599504  0.637878  0.576358  0.333809  0.722653  0.571916  0.634283  0.381999  0.658717  0.655500  0.705756  0.598845  0.574624 
15  0.496759  0.473663  0.819570  0.548745  0.502706  0.636232  0.518036  0.506346  0.743455  0.666193  0.456073  0.511290  0.738908  0.653133  0.582590 0.0  0.540081  0.634507  0.707880  0.843346  0.602264  0.697340  0.420528  0.580851  0.491435  0.501305  0.626242  0.664770  0.795708  0.582427  0.800070  0.600901  0.525076  0.455527  0.522265  0.554796  0.583632  0.536136  0.614539  0.497965  0.564467  0.439492  0.611836  0.608060  0.661140  0.674101  0.531761  0.526002  0.630379  0.612269  0.527748  0.914013  0.628247  0.725498  0.654983  0.508836  0.569234  0.698897  0.490421  0.551836  0.679873  0.794767 
16  0.482527  0.622126  0.553300  0.606156  0.703902  0.627491  0.582645  0.748349  0.653913  0.418395  0.859741  0.712058  0.614405  0.590086  0.734092  0.540081 0.0  0.616470  0.581073  0.689043  0.564830  0.643530  0.616309  0.597764  0.667547  0.633291  0.572381  0.388458  0.549377  0.583033  0.480880  0.634191  0.669222  0.691005  0.582634  0.655559  0.618666  0.614433  0.505900  0.569673  0.690893  0.656979  0.634937  0.539668  0.468015  0.443408  0.574187  0.564183  0.647595  0.563824  0.612240  0.525906  0.668286  0.622351  0.565837  0.497728  0.810109  0.554300  0.676477  0.629357  0.620288  0.773621 
17  0.540563  0.711396  0.662043  0.630130  0.511044  0.689689  0.699941  0.788727  0.540801  0.725265  0.686256  0.688643  0.416813  0.714493  0.701766  0.634507  0.616470 0.0  0.628756  0.403212  0.607765  0.959880  0.715641  0.690020  0.744835  0.525714  0.389010  0.665444  0.457634  0.575455  0.732788  0.720731  0.675343  0.834575  0.724363  0.739266  0.608667  0.699916  0.437641  0.636871  0.568151  0.702139  0.653397  0.618390  0.743742  0.583844  0.681208  0.872284  0.645540  0.672832  0.584183  0.621671  0.666766  0.724202  0.414308  0.624512  0.670584  0.693996  0.800769  0.565981  0.398144  0.422209 
18  0.513496  0.733001  0.479846  0.543858  0.724725  0.723318  0.733428  0.618796  0.469644  0.615427  0.713113  0.719264  0.652007  0.642068  0.621019  0.707880  0.581073  0.628756 0.0  0.617222  0.688250  0.671718  0.680950  0.845738  0.591796  0.676674  0.630289  0.632031  0.371296  0.575463  0.634277  0.651235  0.638591  0.691062  0.677524  0.682575  0.656488  0.734553  0.708506  0.683391  0.752621  0.722960  0.512583  0.567377  0.761557  0.610309  0.658791  0.594023  0.599841  0.436559  0.634966  0.382964  0.503273  0.660898  0.482909  0.767976  0.760240  0.665074  0.681553  0.730512  0.370684  0.408443 
19  0.627689  0.849295  0.683042  0.847477  0.724910  0.901732  0.642989  0.753037  0.555494  0.638885  0.756601  0.799694  0.450980  0.777658  0.626065  0.843346  0.689043  0.403212  0.617222 0.0  0.710200  0.666251  0.673993  0.649615  0.840878  0.799273  0.513807  0.764501  0.397104  0.811985  0.664318  0.696130  0.801990  0.760614  0.714298  0.714406  0.646105  0.715045  0.556371  0.694416  0.874172  0.888581  0.866102  0.633112  0.868836  0.667197  0.636680  0.923904  0.791384  0.643681  0.635696  0.659226  0.660938  0.833305  0.461870  1.000000  0.616014  0.588121  0.826246  0.863714  0.404681  0.497541 
20  0.547321  0.655780  0.715919  0.628410  0.197297  0.694997  0.678866  0.718159  0.718722  0.561994  0.639569  0.741080  0.706193  0.330898  0.726515  0.602264  0.564830  0.607765  0.688250  0.710200 0.0  0.603964  0.626043  0.570018  0.605126  0.260691  0.511799  0.605400  0.824539  0.318890  0.516091  0.481219  0.403666  0.428409  0.395270  0.387449  0.397993  0.340088  0.552834  0.465414  0.331540  0.308472  0.758507  0.389312  0.771296  0.766127  0.640751  0.423792  0.491733  0.594128  0.320806  0.831822  0.486612  0.775201  0.653710  0.408780  0.586866  0.822624  0.856634  0.331204  0.689428  0.842174 
21  0.491586  0.524949  0.696033  0.532526  0.569350  0.529625  0.503222  0.673188  0.608681  0.500194  0.517355  0.564607  0.555771  0.440352  0.756222  0.697340  0.643530  0.959880  0.671718  0.666251  0.603964 0.0  0.415178  0.448413  0.394793  0.566108  0.607028  0.556644  0.680810  0.481314  0.430458  0.557499  0.517855  0.426996  0.556631  0.439216  0.619027  0.444382  0.579675  0.585372  0.486146  0.443512  0.509344  0.574347  0.758615  0.711888  0.371093  0.569914  0.493800  0.747138  0.681046  0.607709  0.657971  0.392431  0.599185  0.464032  0.691023  0.715656  0.572970  0.627998  0.761065  0.799888 
22  0.489095  0.543354  0.831700  0.649624  0.426449  0.557738  0.452968  0.687273  0.741481  0.508973  0.554989  0.661006  0.635992  0.470936  0.701764  0.420528  0.616309  0.715641  0.680950  0.673993  0.626043  0.415178 0.0  0.453727  0.630076  0.558851  0.619817  0.568888  0.692129  0.446607  0.525039  0.599400  0.455638  0.247636  0.471109  0.456811  0.658887  0.374907  0.571491  0.385889  0.478626  0.347711  0.608976  0.471388  0.890938  0.728967  0.335692  0.406783  0.448168  0.535056  0.429629  0.665956  0.704168  0.524049  0.737516  0.293120  0.576724  0.659914  0.518572  0.490914  0.806826  0.816376 
23  0.531144  0.550165  0.718032  0.611367  0.497601  0.640689  0.501232  0.618177  0.599483  0.338600  0.502235  0.548134  0.510433  0.351526  0.639890  0.580851  0.597764  0.690020  0.845738  0.649615  0.570018  0.448413  0.453727 0.0  0.491365  0.491877  0.483487  0.447456  0.677665  0.332367  0.347368  0.399199  0.465819  0.410753  0.416457  0.408286  0.481050  0.418933  0.511715  0.457682  0.452117  0.495237  0.625463  0.500852  0.641541  0.430550  0.509376  0.331101  0.391745  0.708482  0.490956  0.754574  0.671417  0.775442  0.558721  0.520199  0.692122  0.420644  0.596803  0.456162  0.790093  0.709055 
24  0.523793  0.481479  0.857538  0.354412  0.547368  0.355809  0.390821  0.425983  0.859163  0.391712  0.388187  0.259083  0.524423  0.554931  0.714730  0.491435  0.667547  0.744835  0.591796  0.840878  0.605126  0.394793  0.630076  0.491365 0.0  0.575342  0.613435  0.504996  0.915370  0.500481  0.571536  0.511592  0.567744  0.472048  0.529195  0.481304  0.580608  0.486515  0.541196  0.524006  0.487384  0.671175  0.279492  0.556243  0.689519  0.612337  0.592035  0.556854  0.548793  0.712878  0.676422  0.647855  0.635172  0.421530  0.717287  0.490841  0.735310  0.579162  0.331254  0.595703  0.740254  0.831071 
25  0.396420  0.427989  0.783830  0.613608  0.273013  0.498557  0.540581  0.507132  0.652906  0.445728  0.584600  0.543938  0.520821  0.270446  0.799615  0.501305  0.633291  0.525714  0.676674  0.799273  0.260691  0.566108  0.558851  0.491877  0.575342 0.0  0.490871  0.592590  0.708094  0.269842  0.445146  0.398855  0.257358  0.368391  0.279291  0.307457  0.418189  0.219730  0.395712  0.466134  0.177433  0.408962  0.598959  0.327822  0.571311  0.536443  0.534396  0.436426  0.401181  0.725791  0.313059  0.760043  0.654770  0.549860  0.638303  0.292229  0.758706  0.677336  0.471127  0.241167  0.767320  0.762436 
26  0.475691  0.550835  0.689133  0.730268  0.408080  0.522626  0.482279  0.504484  0.524808  0.477791  0.565770  0.612137  0.341919  0.415305  0.696423  0.626242  0.572381  0.389010  0.630289  0.513807  0.511799  0.607028  0.619817  0.483487  0.613435  0.490871 0.0  0.481581  0.571926  0.526198  0.535655  0.606380  0.446013  0.546735  0.503507  0.484747  0.552643  0.459421  0.191933  0.452456  0.433635  0.503193  0.583464  0.458796  0.648373  0.409968  0.499464  0.579004  0.549315  0.678495  0.516034  0.788549  0.544135  0.570385  0.471474  0.476043  0.645887  0.653790  0.603463  0.511328  0.421492  0.592957 
27  0.524409  0.603440  0.655959  0.669883  0.570366  0.475170  0.566070  0.597971  0.789114  0.385410  0.476121  0.497286  0.574004  0.613871  0.732904  0.664770  0.388458  0.665444  0.632031  0.764501  0.605400  0.556644  0.568888  0.447456  0.504996  0.592590  0.481581 0.0  0.584621  0.468155  0.475784  0.614681  0.569508  0.497079  0.555487  0.599244  0.581912  0.560507  0.502820  0.490104  0.529298  0.550871  0.481245  0.426010  0.467962  0.396503  0.481795  0.374935  0.570353  0.546496  0.557883  0.655086  0.749668  0.787261  0.707271  0.541623  0.695638  0.517026  0.521103  0.549033  0.661574  0.694657 
28  0.652453  0.879581  0.536808  0.748193  0.817997  0.800971  0.736432  0.676749  0.497412  0.811863  0.753709  0.746471  0.367845  0.759574  0.538149  0.795708  0.549377  0.457634  0.371296  0.397104  0.824539  0.680810  0.692129  0.677665  0.915370  0.708094  0.571926  0.584621 0.0  0.671915  0.602308  0.780989  0.677486  0.743699  0.741377  0.708972  0.628824  0.816950  0.460231  0.660718  0.781147  0.732177  0.659869  0.688714  0.701936  0.600400  0.684587  0.832967  0.732167  0.502986  0.760380  0.492561  0.525242  0.676169  0.490479  0.786184  0.588588  0.630843  0.913230  0.858305  0.241186  0.289060 
29  0.487618  0.524308  0.942525  0.455970  0.316634  0.610467  0.547977  0.680617  0.689429  0.454994  0.547653  0.514020  0.492986  0.330223  0.625159  0.582427  0.583033  0.575455  0.575463  0.811985  0.318890  0.481314  0.446607  0.332367  0.500481  0.269842  0.526198  0.468155  0.671915 0.0  0.437688  0.332567  0.308856  0.382974  0.279551  0.292342  0.382521  0.260656  0.475216  0.398888  0.256482  0.362913  0.662799  0.287454  0.501457  0.560390  0.519472  0.510484  0.351205  0.793273  0.298514  0.810787  0.727932  0.623763  0.507304  0.359951  0.718559  0.654463  0.509393  0.303223  0.711174  0.725106 
30  0.528779  0.537479  0.726877  0.529770  0.428928  0.573372  0.596907  0.563982  0.637340  0.360903  0.659400  0.686382  0.600139  0.412851  0.702906  0.800070  0.480880  0.732788  0.634277  0.664318  0.516091  0.430458  0.525039  0.347368  0.571536  0.445146  0.535655  0.475784  0.602308  0.437688 0.0  0.578676  0.386811  0.534276  0.468264  0.467749  0.648543  0.394892  0.515989  0.521548  0.514030  0.457899  0.637160  0.512698  0.520347  0.438321  0.520207  0.345547  0.473609  0.664641  0.423899  0.751400  0.845627  0.462452  0.509854  0.404565  0.721469  0.597871  0.606778  0.463954  0.798750  0.788857 
31  0.526177  0.556876  0.793570  0.560877  0.386539  0.508114  0.577755  0.636805  0.725352  0.658501  0.488906  0.513451  0.524558  0.295411  0.706413  0.600901  0.634191  0.720731  0.651235  0.696130  0.481219  0.557499  0.599400  0.399199  0.511592  0.398855  0.606380  0.614681  0.780989  0.332567  0.578676 0.0  0.357921  0.484499  0.387429  0.439586  0.451924  0.361270  0.557180  0.574238  0.393351  0.591064  0.602162  0.442334  0.799804  0.734070  0.609662  0.462317  0.399051  0.693815  0.358200  0.853689  0.661361  0.510340  0.515798  0.512211  0.621017  0.760132  0.588398  0.367940  0.717980  0.828010 
32  0.586348  0.467034  0.659304  0.542355  0.333011  0.549914  0.574506  0.656863  0.864165  0.530436  0.594832  0.602197  0.501186  0.299758  0.694972  0.525076  0.669222  0.675343  0.638591  0.801990  0.403666  0.517855  0.455638  0.465819  0.567744  0.257358  0.446013  0.569508  0.677486  0.308856  0.386811  0.357921 0.0  0.317724  0.349108  0.288502  0.454270  0.177482  0.503263  0.402370  0.210854  0.432478  0.592424  0.318652  0.700369  0.698247  0.469528  0.447880  0.389988  0.691547  0.305319  0.810632  0.691896  0.451549  0.590728  0.389144  0.744521  0.612078  0.575094  0.355086  0.734923  0.832612 
33  0.428892  0.444036  0.803699  0.589206  0.411363  0.422896  0.537848  0.530646  0.813966  0.513589  0.431436  0.569693  0.447237  0.403127  0.757615  0.455527  0.691005  0.834575  0.691062  0.760614  0.428409  0.426996  0.247636  0.410753  0.472048  0.368391  0.546735  0.497079  0.743699  0.382974  0.534276  0.484499  0.317724 0.0  0.385940  0.408373  0.505486  0.315813  0.454924  0.500129  0.319778  0.372024  0.472972  0.373614  0.576939  0.644247  0.382293  0.427166  0.457715  0.741257  0.424506  0.841554  0.618860  0.461290  0.581563  0.344742  0.556488  0.674410  0.519467  0.370237  0.790349  0.649864 
34  0.455029  0.581931  0.647375  0.621556  0.360010  0.552672  0.572279  0.537900  0.641701  0.480585  0.429661  0.632475  0.564533  0.277450  0.770571  0.522265  0.582634  0.724363  0.677524  0.714298  0.395270  0.556631  0.471109  0.416457  0.529195  0.279291  0.503507  0.555487  0.741377  0.279551  0.468264  0.387429  0.349108  0.385940 0.0  0.372315  0.395351  0.273856  0.506495  0.441864  0.329458  0.501064  0.645738  0.361943  0.655681  0.548500  0.521188  0.462930  0.361292  0.747803  0.344068  0.746516  0.659274  0.584407  0.560798  0.403075  0.631833  0.637238  0.633434  0.376295  0.678274  0.652057 
35  0.471359  0.595083  0.758397  0.490392  0.285026  0.597397  0.599393  0.547989  0.709185  0.480997  0.578695  0.609180  0.484970  0.300781  0.670012  0.554796  0.655559  0.739266  0.682575  0.714406  0.387449  0.439216  0.456811  0.408286  0.481304  0.307457  0.484747  0.599244  0.708972  0.292342  0.467749  0.439586  0.288502  0.408373  0.372315 0.0  0.376306  0.257398  0.530968  0.399968  0.309504  0.401518  0.598668  0.397614  0.661071  0.533544  0.523191  0.499736  0.406747  0.721930  0.320747  0.871453  0.739542  0.552829  0.440948  0.387777  0.734040  0.744859  0.573939  0.348330  0.706158  0.604680 
36  0.570665  0.573672  0.787321  0.577015  0.337056  0.487032  0.548845  0.678042  0.720106  0.525707  0.629353  0.609629  0.563326  0.410423  0.729500  0.583632  0.618666  0.608667  0.656488  0.646105  0.397993  0.619027  0.658887  0.481050  0.580608  0.418189  0.552643  0.581912  0.628824  0.382521  0.648543  0.451924  0.454270  0.505486  0.395351  0.376306 0.0  0.364705  0.519397  0.429771  0.377627  0.478927  0.583816  0.391903  0.682621  0.486147  0.651863  0.522378  0.435634  0.648478  0.432489  0.617986  0.693611  0.615892  0.520804  0.503707  0.739164  0.715012  0.647292  0.387468  0.625965  0.681718 
37  0.458272  0.524062  0.815255  0.649916  0.268699  0.580249  0.538327  0.577626  0.788092  0.473138  0.522430  0.571141  0.485697  0.211971  0.704022  0.536136  0.614433  0.699916  0.734553  0.715045  0.340088  0.444382  0.374907  0.418933  0.486515  0.219730  0.459421  0.560507  0.816950  0.260656  0.394892  0.361270  0.177482  0.315813  0.273856  0.257398  0.364705 0.0  0.419284  0.382485  0.214990  0.427060  0.522697  0.270779  0.715646  0.651496  0.417972  0.412978  0.362193  0.749893  0.298505  0.811494  0.770170  0.582077  0.605049  0.260200  0.665025  0.672784  0.607021  0.283466  0.749272  0.751683 
38  0.409963  0.508672  0.685722  0.523005  0.419762  0.474731  0.567701  0.428701  0.638540  0.460609  0.596859  0.550654  0.285514  0.440625  0.730357  0.614539  0.505900  0.437641  0.708506  0.556371  0.552834  0.579675  0.571491  0.511715  0.541196  0.395712  0.191933  0.502820  0.460231  0.475216  0.515989  0.557180  0.503263  0.454924  0.506495  0.530968  0.519397  0.419284 0.0  0.455043  0.423709  0.488787  0.443461  0.355300  0.672036  0.515178  0.408871  0.577984  0.633463  0.662110  0.558668  0.681854  0.642854  0.683452  0.354135  0.404004  0.624565  0.611127  0.618681  0.522441  0.500230  0.563495 
39  0.433270  0.488476  0.698975  0.538620  0.392706  0.516900  0.570483  0.496718  0.600285  0.488235  0.498552  0.442042  0.515981  0.487477  0.665173  0.497965  0.569673  0.636871  0.683391  0.694416  0.465414  0.585372  0.385889  0.457682  0.524006  0.466134  0.452456  0.490104  0.660718  0.398888  0.521548  0.574238  0.402370  0.500129  0.441864  0.399968  0.429771  0.382485  0.455043 0.0  0.471660  0.405085  0.586088  0.395752  0.530578  0.532502  0.519633  0.490544  0.486191  0.662140  0.447753  0.873822  0.657577  0.604855  0.593131  0.435977  0.621978  0.558102  0.537280  0.401570  0.618845  0.624272 
40  0.362142  0.367708  0.720981  0.515271  0.274961  0.552882  0.528496  0.507720  0.664433  0.379637  0.583948  0.544247  0.572283  0.269111  0.743548  0.564467  0.690893  0.568151  0.752621  0.874172  0.331540  0.486146  0.478626  0.452117  0.487384  0.177433  0.433635  0.529298  0.781147  0.256482  0.514030  0.393351  0.210854  0.319778  0.329458  0.309504  0.377627  0.214990  0.423709  0.471660 0.0  0.390958  0.585226  0.326658  0.648930  0.678137  0.444874  0.444217  0.407627  0.663551  0.268470  0.797438  0.731147  0.592196  0.533423  0.303041  0.641825  0.754332  0.557151  0.213828  0.682977  0.819654 
41  0.404040  0.495832  0.846853  0.633501  0.327979  0.573782  0.603945  0.628188  0.776378  0.453319  0.671141  0.595474  0.598771  0.471614  0.826684  0.439492  0.656979  0.702139  0.722960  0.888581  0.308472  0.443512  0.347711  0.495237  0.671175  0.408962  0.503193  0.550871  0.732177  0.362913  0.457899  0.591064  0.432478  0.372024  0.501064  0.401518  0.478927  0.427060  0.488787  0.405085  0.390958 0.0  0.631634  0.536363  0.767589  0.524490  0.477357  0.447013  0.528544  0.658859  0.470966  0.810433  0.824125  0.559132  0.668356  0.231969  0.688283  0.730777  0.549824  0.403064  0.807592  0.819212 
42  0.464295  0.520810  0.600684  0.391285  0.688891  0.265888  0.415463  0.414907  0.546274  0.550167  0.390763  0.522440  0.579012  0.575448  0.652769  0.611836  0.634937  0.653397  0.512583  0.866102  0.758507  0.509344  0.608976  0.625463  0.279492  0.598959  0.583464  0.481245  0.659869  0.662799  0.637160  0.602162  0.592424  0.472972  0.645738  0.598668  0.583816  0.522697  0.443461  0.586088  0.585226  0.631634 0.0  0.494684  0.558040  0.693455  0.407930  0.576647  0.481928  0.636279  0.630845  0.377392  0.636162  0.370153  0.687194  0.562967  0.578642  0.623293  0.476738  0.511977  0.681355  0.595321 
43  0.463994  0.569938  0.772249  0.635205  0.352957  0.561404  0.627377  0.520031  0.571163  0.494738  0.600821  0.649235  0.471320  0.312740  0.863297  0.608060  0.539668  0.618390  0.567377  0.633112  0.389312  0.574347  0.471388  0.500852  0.556243  0.327822  0.458796  0.426010  0.688714  0.287454  0.512698  0.442334  0.318652  0.373614  0.361943  0.397614  0.391903  0.270779  0.355300  0.395752  0.326658  0.536363  0.494684 0.0  0.628569  0.615446  0.373439  0.402684  0.405839  0.643219  0.320824  0.721661  0.735755  0.533207  0.604230  0.429509  0.518805  0.742588  0.698097  0.397281  0.597040  0.630549 
44  0.470003  0.683205  0.804064  0.762796  0.641451  0.598119  0.541451  0.602334  0.622120  0.487705  0.665091  0.680304  0.675663  0.563631  0.621004  0.661140  0.468015  0.743742  0.761557  0.868836  0.771296  0.758615  0.890938  0.641541  0.689519  0.571311  0.648373  0.467962  0.701936  0.501457  0.520347  0.799804  0.700369  0.576939  0.655681  0.661071  0.682621  0.715646  0.672036  0.530578  0.648930  0.767589  0.558040  0.628569 0.0  0.315750  0.563942  0.584074  0.732537  0.524828  0.636367  0.619792  0.750675  0.760105  0.664566  0.627142  0.713536  0.630908  0.664755  0.637544  0.713917  0.794527 
45  0.464133  0.666214  0.593688  0.529143  0.620783  0.481529  0.639919  0.677971  0.598104  0.413413  0.609783  0.681927  0.633685  0.543589  0.816569  0.674101  0.443408  0.583844  0.610309  0.667197  0.766127  0.711888  0.728967  0.430550  0.612337  0.536443  0.409968  0.396503  0.600400  0.560390  0.438321  0.734070  0.698247  0.644247  0.548500  0.533544  0.486147  0.651496  0.515178  0.532502  0.678137  0.524490  0.693455  0.615446  0.315750 0.0  0.618343  0.418804  0.578434  0.641089  0.576020  0.594009  0.635434  0.624070  0.632920  0.593377  0.714204  0.664883  0.638040  0.668990  0.617344  0.768554 
46  0.509445  0.437971  0.739238  0.534092  0.429107  0.411316  0.487554  0.632968  0.635988  0.575325  0.503283  0.567973  0.615553  0.486753  0.855762  0.531761  0.574187  0.681208  0.658791  0.636680  0.640751  0.371093  0.335692  0.509376  0.592035  0.534396  0.499464  0.481795  0.684587  0.519472  0.520207  0.609662  0.469528  0.382293  0.521188  0.523191  0.651863  0.417972  0.408871  0.519633  0.444874  0.477357  0.407930  0.373439  0.563942  0.618343 0.0  0.468119  0.465051  0.590758  0.548770  0.535392  0.624376  0.479391  0.587618  0.374803  0.551892  0.540182  0.651275  0.580585  0.586080  0.637607 
47  0.488040  0.512949  0.576498  0.458058  0.391389  0.486636  0.558493  0.499471  0.634902  0.354559  0.533578  0.594037  0.547335  0.441902  0.666248  0.526002  0.564183  0.872284  0.594023  0.923904  0.423792  0.569914  0.406783  0.331101  0.556854  0.436426  0.579004  0.374935  0.832967  0.510484  0.345547  0.462317  0.447880  0.427166  0.462930  0.499736  0.522378  0.412978  0.577984  0.490544  0.444217  0.447013  0.576647  0.402684  0.584074  0.418804  0.468119 0.0  0.451460  0.674188  0.427914  0.814724  0.724710  0.606625  0.631388  0.420936  0.653812  0.679787  0.562388  0.448626  0.858081  0.918074 
48  0.457545  0.592387  0.633624  0.644725  0.453839  0.565506  0.526053  0.658329  0.704129  0.458372  0.497193  0.529569  0.633536  0.428681  0.716954  0.630379  0.647595  0.645540  0.599841  0.791384  0.491733  0.493800  0.448168  0.391745  0.548793  0.401181  0.549315  0.570353  0.732167  0.351205  0.473609  0.399051  0.389988  0.457715  0.361292  0.406747  0.435634  0.362193  0.633463  0.486191  0.407627  0.528544  0.481928  0.405839  0.732537  0.578434  0.465051  0.451460 0.0  0.635511  0.432556  0.580645  0.726335  0.632987  0.556458  0.515535  0.662176  0.670037  0.598065  0.324016  0.681792  0.753178 
49  0.615312  0.704365  0.442368  0.629647  0.719493  0.746538  0.680315  0.464541  0.562884  0.728727  0.622788  0.697540  0.607655  0.777263  0.599504  0.612269  0.563824  0.672832  0.436559  0.643681  0.594128  0.747138  0.535056  0.708482  0.712878  0.725791  0.678495  0.546496  0.502986  0.793273  0.664641  0.693815  0.691547  0.741257  0.747803  0.721930  0.648478  0.749893  0.662110  0.662140  0.663551  0.658859  0.636279  0.643219  0.524828  0.641089  0.590758  0.674188  0.635511 0.0  0.717751  0.397615  0.536580  0.661220  0.530326  0.625079  0.653462  0.679927  0.643677  0.760398  0.493420  0.526333 
50  0.490324  0.525713  0.667258  0.616089  0.259223  0.723334  0.601454  0.555036  0.773997  0.443097  0.574129  0.622134  0.530717  0.345632  0.637878  0.527748  0.612240  0.584183  0.634966  0.635696  0.320806  0.681046  0.429629  0.490956  0.676422  0.313059  0.516034  0.557883  0.760380  0.298514  0.423899  0.358200  0.305319  0.424506  0.344068  0.320747  0.432489  0.298505  0.558668  0.447753  0.268470  0.470966  0.630845  0.320824  0.636367  0.576020  0.548770  0.427914  0.432556  0.717751 0.0  0.774083  0.698614  0.607578  0.560850  0.428480  0.689894  0.674813  0.630413  0.313026  0.657835  0.727508 
51  0.522055  0.791159  0.508819  0.512968  0.732623  0.680472  0.635383  0.727805  0.571797  0.725484  0.669049  0.655989  0.857774  0.690102  0.576358  0.914013  0.525906  0.621671  0.382964  0.659226  0.831822  0.607709  0.665956  0.754574  0.647855  0.760043  0.788549  0.655086  0.492561  0.810787  0.751400  0.853689  0.810632  0.841554  0.746516  0.871453  0.617986  0.811494  0.681854  0.873822  0.797438  0.810433  0.377392  0.721661  0.619792  0.594009  0.535392  0.814724  0.580645  0.397615  0.774083 0.0  0.555794  0.504120  0.748053  0.641518  0.608296  0.763311  0.722936  0.815343  0.541838  0.494368 
52  0.659344  0.635216  0.656451  0.695187  0.734995  0.651149  0.658597  0.487639  0.463004  0.698823  0.598067  0.628261  0.590344  0.650926  0.333809  0.628247  0.668286  0.666766  0.503273  0.660938  0.486612  0.657971  0.704168  0.671417  0.635172  0.654770  0.544135  0.749668  0.525242  0.727932  0.845627  0.661361  0.691896  0.618860  0.659274  0.739542  0.693611  0.770170  0.642854  0.657577  0.731147  0.824125  0.636162  0.735755  0.750675  0.635434  0.624376  0.724710  0.726335  0.536580  0.698614  0.555794 0.0  0.600981  0.480895  0.774194  0.396032  0.565727  0.704762  0.830533  0.533998  0.585766 
53  0.493585  0.596071  0.749544  0.447401  0.536008  0.480407  0.501843  0.544052  0.651949  0.650802  0.642735  0.536605  0.537311  0.574176  0.722653  0.725498  0.622351  0.724202  0.660898  0.833305  0.775201  0.392431  0.524049  0.775442  0.421530  0.549860  0.570385  0.787261  0.676169  0.623763  0.462452  0.510340  0.451549  0.461290  0.584407  0.552829  0.615892  0.582077  0.683452  0.604855  0.592196  0.559132  0.370153  0.533207  0.760105  0.624070  0.479391  0.606625  0.632987  0.661220  0.607578  0.504120  0.600981 0.0  0.487871  0.480812  0.648770  0.792577  0.532552  0.620225  0.764311  0.726115 
54  0.572368  0.593190  0.606725  0.641155  0.640628  0.676136  0.581191  0.545785  0.611159  0.581834  0.593264  0.617726  0.376794  0.633412  0.571916  0.654983  0.565837  0.414308  0.482909  0.461870  0.653710  0.599185  0.737516  0.558721  0.717287  0.638303  0.471474  0.707271  0.490479  0.507304  0.509854  0.515798  0.590728  0.581563  0.560798  0.440948  0.520804  0.605049  0.354135  0.593131  0.533423  0.668356  0.687194  0.604230  0.664566  0.632920  0.587618  0.631388  0.556458  0.530326  0.560850  0.748053  0.480895  0.487871 0.0  0.643022  0.564068  0.660288  0.649159  0.667415  0.445943  0.448134 
55  0.494303  0.336361  0.835019  0.498924  0.339376  0.492141  0.464819  0.588345  0.813531  0.423794  0.483829  0.521611  0.621769  0.419660  0.634283  0.508836  0.497728  0.624512  0.767976  1.000000  0.408780  0.464032  0.293120  0.520199  0.490841  0.292229  0.476043  0.541623  0.786184  0.359951  0.404565  0.512211  0.389144  0.344742  0.403075  0.387777  0.503707  0.260200  0.404004  0.435977  0.303041  0.231969  0.562967  0.429509  0.627142  0.593377  0.374803  0.420936  0.515535  0.625079  0.428480  0.641518  0.774194  0.480812  0.643022 0.0  0.668293  0.752092  0.496226  0.391487  0.763680  0.914996 
56  0.605888  0.595920  0.550555  0.484720  0.639937  0.460335  0.556748  0.391332  0.490264  0.675457  0.568609  0.555793  0.659261  0.734661  0.381999  0.569234  0.810109  0.670584  0.760240  0.616014  0.586866  0.691023  0.576724  0.692122  0.735310  0.758706  0.645887  0.695638  0.588588  0.718559  0.721469  0.621017  0.744521  0.556488  0.631833  0.734040  0.739164  0.665025  0.624565  0.621978  0.641825  0.688283  0.578642  0.518805  0.713536  0.714204  0.551892  0.653812  0.662176  0.653462  0.689894  0.608296  0.396032  0.648770  0.564068  0.668293 0.0  0.681096  0.636748  0.660807  0.593285  0.513247 
57  0.674385  0.734121  0.563711  0.688638  0.734700  0.701289  0.790546  0.612685  0.828049  0.490719  0.672435  0.729140  0.598717  0.721233  0.658717  0.698897  0.554300  0.693996  0.665074  0.588121  0.822624  0.715656  0.659914  0.420644  0.579162  0.677336  0.653790  0.517026  0.630843  0.654463  0.597871  0.760132  0.612078  0.674410  0.637238  0.744859  0.715012  0.672784  0.611127  0.558102  0.754332  0.730777  0.623293  0.742588  0.630908  0.664883  0.540182  0.679787  0.670037  0.679927  0.674813  0.763311  0.565727  0.792577  0.660288  0.752092  0.681096 0.0  0.761447  0.770378  0.681275  0.612333 
58  0.443049  0.365648  0.943498  0.524600  0.667883  0.489761  0.437402  0.412295  0.688448  0.570917  0.279169  0.239725  0.637422  0.617981  0.655500  0.490421  0.676477  0.800769  0.681553  0.826246  0.856634  0.572970  0.518572  0.596803  0.331254  0.471127  0.603463  0.521103  0.913230  0.509393  0.606778  0.588398  0.575094  0.519467  0.633434  0.573939  0.647292  0.607021  0.618681  0.537280  0.557151  0.549824  0.476738  0.698097  0.664755  0.638040  0.651275  0.562388  0.598065  0.643677  0.630413  0.722936  0.704762  0.532552  0.649159  0.496226  0.636748  0.761447 0.0  0.519108  0.762073  0.770337 
59  0.473457  0.541510  0.900845  0.576593  0.331034  0.575612  0.547228  0.604483  0.799909  0.462478  0.498501  0.446914  0.652855  0.297113  0.705756  0.551836  0.629357  0.565981  0.730512  0.863714  0.331204  0.627998  0.490914  0.456162  0.595703  0.241167  0.511328  0.549033  0.858305  0.303223  0.463954  0.367940  0.355086  0.370237  0.376295  0.348330  0.387468  0.283466  0.522441  0.401570  0.213828  0.403064  0.511977  0.397281  0.637544  0.668990  0.580585  0.448626  0.324016  0.760398  0.313026  0.815343  0.830533  0.620225  0.667415  0.391487  0.660807  0.770378  0.519108 0.0  0.803751  0.828802 
60  0.661912  0.835529  0.495722  0.683168  0.641469  0.787551  0.743276  0.596658  0.436488  0.807600  0.725416  0.749971  0.451278  0.718667  0.598845  0.679873  0.620288  0.398144  0.370684  0.404681  0.689428  0.761065  0.806826  0.790093  0.740254  0.767320  0.421492  0.661574  0.241186  0.711174  0.798750  0.717980  0.734923  0.790349  0.678274  0.706158  0.625965  0.749272  0.500230  0.618845  0.682977  0.807592  0.681355  0.597040  0.713917  0.617344  0.586080  0.858081  0.681792  0.493420  0.657835  0.541838  0.533998  0.764311  0.445943  0.763680  0.593285  0.681275  0.762073  0.803751 0.0  0.299565 
61  0.596551  0.866632  0.452065  0.629258  0.878031  0.820454  0.880647  0.675820  0.540014  0.656404  0.644011  0.770257  0.556495  0.695823  0.574624  0.794767  0.773621  0.422209  0.408443  0.497541  0.842174  0.799888  0.816376  0.709055  0.831071  0.762436  0.592957  0.694657  0.289060  0.725106  0.788857  0.828010  0.832612  0.649864  0.652057  0.604680  0.681718  0.751683  0.563495  0.624272  0.819654  0.819212  0.595321  0.630549  0.794527  0.768554  0.637607  0.918074  0.753178  0.526333  0.727508  0.494368  0.585766  0.726115  0.448134  0.914996  0.513247  0.612333  0.770337  0.828802  0.299565 0.0 
