62
0 0.0  0.477573  0.671107  0.541107  0.500108  0.460444  0.488987  0.464878  0.544911  0.460907  0.437856  0.454112  0.412241  0.439807  0.647269  0.460380  0.529061  0.552557  0.590250  0.654111  0.475740  0.480397  0.478216  0.371317  0.526061  0.431934  0.418724  0.386663  0.627350  0.367208  0.502683  0.461124  0.508325  0.423880  0.431452  0.433221  0.512103  0.402316  0.408014  0.422266  0.443809  0.467969  0.463783  0.436543  0.421799  0.411226  0.433087  0.498930  0.495258  0.640606  0.431943  0.616346  0.651830  0.513044  0.470082  0.430272  0.578732  0.656793  0.469891  0.491553  0.542925  0.583388 
1  0.477573 0.0  0.602462  0.415367  0.498179  0.369812  0.310712  0.393465  0.780947  0.538871  0.378859  0.468943  0.622820  0.484808  0.580328  0.421870  0.731262  0.664462  0.755503  0.738220  0.665520  0.519818  0.607828  0.564214  0.387071  0.445101  0.451373  0.602909  0.721369  0.554067  0.545711  0.501627  0.460694  0.381896  0.467860  0.529665  0.475611  0.491625  0.452100  0.502906  0.381535  0.521476  0.442583  0.541732  0.665161  0.608457  0.475438  0.537551  0.595681  0.692498  0.493377  0.716644  0.536589  0.555704  0.588448  0.372594  0.655726  0.622375  0.378232  0.538025  0.853367  0.759670 
2  0.671107  0.602462 0.0  0.662408  0.750606  0.692156  0.780439  0.620881  0.539470  0.468850  0.688303  0.732470  0.590652  0.785341  0.510059  0.819207  0.427672  0.733090  0.467466  0.676717  0.823775  0.830935  0.890880  0.628250  0.731901  0.798655  0.604935  0.548898  0.404853  0.650759  0.697512  0.678698  0.782347  0.685092  0.848994  0.741115  0.612911  0.717560  0.837133  0.712199  0.731421  0.867167  0.569208  0.574839  0.594904  0.580051  0.726094  0.594317  0.709993  0.605666  0.761275  0.462788  0.466130  0.757904  0.629306  0.742548  0.596063  0.459460  0.806310  0.770372  0.514758  0.412280 
3  0.541107  0.415367  0.662408 0.0  0.592857  0.392001  0.464729  0.443803  0.633037  0.528579  0.422485  0.419652  0.511356  0.590426  0.498843  0.562746  0.635426  0.752992  0.584008  0.711202  0.592079  0.403990  0.522016  0.569047  0.365953  0.663108  0.620036  0.569312  0.626957  0.510278  0.581094  0.554552  0.611468  0.568601  0.622494  0.574850  0.693015  0.570851  0.594875  0.622100  0.565824  0.559230  0.314073  0.714217  0.660078  0.618584  0.544632  0.421723  0.668396  0.557500  0.640145  0.515406  0.572810  0.471965  0.506799  0.483728  0.628052  0.701400  0.382394  0.507840  0.534670  0.623044 
4  0.500108  0.498179  0.750606  0.592857 0.0  0.552310  0.471388  0.533648  0.746552  0.467914  0.600714  0.611555  0.500604  0.293683  0.754803  0.585003  0.590797  0.643190  0.593552  0.683284  0.192526  0.541135  0.468475  0.385169  0.652970  0.289376  0.390454  0.509510  0.749881  0.303725  0.523970  0.368216  0.329780  0.391713  0.342402  0.272517  0.375005  0.230433  0.397344  0.377707  0.265427  0.291890  0.577407  0.295729  0.579517  0.565915  0.401303  0.386827  0.353152  0.687201  0.283267  1.000000  0.564566  0.516460  0.506563  0.332871  0.557110  0.613686  0.520925  0.245334  0.767989  0.741777 
5  0.460444  0.369812  0.692156  0.392001  0.552310 0.0  0.273266  0.310928  0.572612  0.517097  0.345306  0.427756  0.577818  0.582511  0.540917  0.470082  0.618145  0.698404  0.586606  0.916907  0.666297  0.483524  0.556603  0.613228  0.309170  0.622777  0.491583  0.409538  0.815885  0.588625  0.568066  0.501977  0.445806  0.487073  0.592089  0.643044  0.565799  0.566905  0.445829  0.507386  0.510618  0.571743  0.252838  0.462761  0.612078  0.656321  0.453735  0.466975  0.566966  0.611974  0.586066  0.526217  0.679236  0.429570  0.659863  0.458953  0.485918  0.814793  0.463149  0.537881  0.821580  0.736575 
6  0.488987  0.310712  0.780439  0.464729  0.471388  0.273266 0.0  0.428493  0.744944  0.582575  0.374735  0.453637  0.567300  0.533124  0.653675  0.596192  0.593682  0.807888  0.592813  0.737181  0.579861  0.425898  0.590589  0.602343  0.327486  0.470210  0.622314  0.477588  0.695468  0.515625  0.508181  0.524901  0.516995  0.493402  0.533075  0.558033  0.499525  0.472277  0.515027  0.533783  0.522455  0.453897  0.387168  0.543588  0.714895  0.578145  0.466097  0.578539  0.555352  0.730246  0.628612  0.572710  0.660561  0.433315  0.610414  0.511075  0.578900  0.777443  0.478308  0.533989  0.768765  0.583030 
7  0.464878  0.393465  0.620881  0.443803  0.533648  0.310928  0.428493 0.0  0.425084  0.535947  0.320809  0.412734  0.480048  0.502361  0.449422  0.430643  0.691921  0.608217  0.562156  0.728555  0.667312  0.559432  0.742742  0.522013  0.359602  0.570548  0.516838  0.497802  0.702248  0.543276  0.603617  0.500011  0.515472  0.466878  0.579118  0.566994  0.480337  0.543018  0.480781  0.546126  0.523545  0.589393  0.305937  0.619457  0.537157  0.629054  0.575035  0.530531  0.650020  0.647733  0.544150  0.754129  0.457429  0.496328  0.592292  0.569422  0.391226  0.565078  0.442687  0.549375  0.576713  0.730904 
8  0.544911  0.780947  0.539470  0.633037  0.746552  0.572612  0.744944  0.425084 0.0  0.577372  0.727153  0.655865  0.413711  0.696451  0.555373  0.814823  0.681878  0.434413  0.503407  0.471707  0.881873  0.699613  0.726853  0.672144  0.753658  0.639113  0.538177  0.521687  0.502902  0.631638  0.616354  0.705044  0.656978  0.679347  0.661910  0.636239  0.661683  0.665121  0.581589  0.734852  0.762982  0.723297  0.557519  0.638139  0.617253  0.596288  0.582023  0.650368  0.549657  0.686195  0.688526  0.507634  0.489585  0.609207  0.515136  0.717217  0.453861  0.686942  0.652628  0.733997  0.507924  0.606653 
9  0.460907  0.538871  0.468850  0.528579  0.467914  0.517097  0.582575  0.535947  0.577372 0.0  0.560020  0.539079  0.490409  0.369823  0.777391  0.555944  0.431980  0.715899  0.619318  0.706556  0.414804  0.495395  0.500033  0.330795  0.410600  0.521041  0.425264  0.296259  0.682318  0.439462  0.363059  0.513396  0.396076  0.516502  0.509043  0.358575  0.466364  0.420776  0.429490  0.410901  0.448544  0.411574  0.573212  0.444887  0.455291  0.395931  0.394557  0.336950  0.517916  0.668631  0.499514  0.835296  0.652843  0.583262  0.591827  0.445107  0.665953  0.459828  0.509824  0.566617  0.761053  0.655301 
10  0.437856  0.378859  0.688303  0.422485  0.600714  0.345306  0.374735  0.320809  0.727153  0.560020 0.0  0.272360  0.656043  0.578464  0.639999  0.343034  0.681034  0.693098  0.796178  0.955651  0.593460  0.566022  0.513148  0.404656  0.318892  0.576317  0.512447  0.541410  0.699621  0.463023  0.666046  0.441053  0.532122  0.431366  0.482374  0.591760  0.493648  0.495761  0.549210  0.526130  0.450575  0.659941  0.440937  0.516698  0.479130  0.601267  0.603421  0.508659  0.453320  0.620733  0.467280  0.574678  0.625906  0.662537  0.603039  0.544731  0.500714  0.645330  0.270086  0.449085  0.739231  0.691179 
11  0.454112  0.468943  0.732470  0.419652  0.611555  0.427756  0.453637  0.412734  0.655865  0.539079  0.272360 0.0  0.661295  0.518566  0.643757  0.449162  0.612887  0.665101  0.738276  0.812397  0.590959  0.490439  0.433124  0.527124  0.272741  0.458072  0.551867  0.546094  0.724507  0.560547  0.596447  0.620738  0.544647  0.568092  0.546177  0.614748  0.507999  0.557260  0.568365  0.445641  0.493696  0.530509  0.418485  0.544126  0.627172  0.482978  0.545907  0.565264  0.596952  0.642834  0.555000  0.702760  0.687604  0.542881  0.613537  0.492484  0.462213  0.613249  0.246003  0.449170  0.732836  0.696361 
12  0.412241  0.622820  0.590652  0.511356  0.500604  0.577818  0.567300  0.480048  0.413711  0.490409  0.656043  0.661295 0.0  0.552412  0.613704  0.732898  0.614404  0.431624  0.560737  0.438630  0.649369  0.446471  0.702182  0.612633  0.518516  0.550961  0.351218  0.682791  0.432740  0.458654  0.526111  0.498422  0.564765  0.538082  0.476963  0.383801  0.594747  0.572203  0.286125  0.494544  0.526834  0.591663  0.489181  0.405067  0.503792  0.541903  0.436878  0.514613  0.506763  0.710895  0.498569  0.780919  0.557084  0.451438  0.364569  0.579438  0.689954  0.602992  0.650349  0.554665  0.394443  0.518563 
13  0.439807  0.484808  0.785341  0.590426  0.293683  0.582511  0.533124  0.502361  0.696451  0.369823  0.578464  0.518566  0.552412 0.0  0.702365  0.509706  0.622485  0.670372  0.634976  0.694821  0.328364  0.504104  0.451183  0.405650  0.495670  0.269018  0.401574  0.562201  0.787982  0.273914  0.397533  0.309885  0.261157  0.390168  0.248058  0.322131  0.388312  0.214993  0.385014  0.452202  0.257288  0.450134  0.526244  0.308760  0.652378  0.605564  0.483659  0.377419  0.365264  0.689704  0.314514  0.875670  0.731417  0.624971  0.610002  0.332660  0.676136  0.673836  0.616684  0.308071  0.812844  0.770176 
14  0.647269  0.580328  0.510059  0.498843  0.754803  0.540917  0.653675  0.449422  0.555373  0.777391  0.639999  0.643757  0.613704  0.702365 0.0  0.700095  0.710954  0.558724  0.583253  0.678908  0.598780  0.643313  0.705049  0.696611  0.668983  0.684893  0.713220  0.740169  0.556682  0.660847  0.723658  0.598173  0.555336  0.656595  0.596688  0.660516  0.517733  0.750758  0.623416  0.746947  0.643051  0.696744  0.554227  0.765051  0.675339  0.745523  0.742283  0.596920  0.668232  0.548755  0.736493  0.664448  0.375216  0.638178  0.660816  0.696154  0.372872  0.681606  0.628988  0.662114  0.569218  0.612369 
15  0.460380  0.421870  0.819207  0.562746  0.585003  0.470082  0.596192  0.430643  0.814823  0.555944  0.343034  0.449162  0.732898  0.509706  0.700095 0.0  0.824808  0.685707  0.642025  0.716221  0.576082  0.688532  0.456599  0.524269  0.487310  0.458241  0.617048  0.418568  0.701650  0.466823  0.631330  0.631462  0.611997  0.392813  0.513371  0.603264  0.569343  0.562763  0.686500  0.479538  0.436506  0.423529  0.529157  0.623965  0.610874  0.583565  0.537841  0.466463  0.479382  0.701886  0.547487  0.737304  0.735732  0.689370  0.671701  0.433144  0.509185  0.748152  0.462749  0.492417  0.613079  0.665259 
16  0.529061  0.731262  0.427672  0.635426  0.590797  0.618145  0.593682  0.691921  0.681878  0.431980  0.681034  0.612887  0.614404  0.622485  0.710954  0.824808 0.0  0.531554  0.595892  0.605651  0.627781  0.722389  0.770648  0.580229  0.701778  0.631825  0.501533  0.433868  0.634393  0.568874  0.475127  0.549271  0.619361  0.659992  0.640147  0.671998  0.516967  0.675481  0.381566  0.536547  0.692160  0.539646  0.605935  0.535687  0.516116  0.417272  0.550193  0.412722  0.609910  0.641552  0.571070  0.478637  0.579001  0.857128  0.571250  0.617076  0.592261  0.546008  0.645410  0.691622  0.573519  0.617447 
17  0.552557  0.664462  0.733090  0.752992  0.643190  0.698404  0.807888  0.608217  0.434413  0.715899  0.693098  0.665101  0.431624  0.670372  0.558724  0.685707  0.531554 0.0  0.577593  0.406277  0.594902  0.740011  0.723415  0.749610  0.779672  0.587809  0.423376  0.535596  0.381457  0.545655  0.646698  0.669156  0.641972  0.720726  0.653589  0.703423  0.542593  0.673540  0.399895  0.567819  0.576301  0.670414  0.693866  0.515793  0.518976  0.525137  0.665750  0.802619  0.700324  0.691800  0.581664  0.637495  0.628791  0.791240  0.479197  0.573008  0.495251  0.727309  0.545501  0.566279  0.391172  0.452688 
18  0.590250  0.755503  0.467466  0.584008  0.593552  0.586606  0.592813  0.562156  0.503407  0.619318  0.796178  0.738276  0.560737  0.634976  0.583253  0.642025  0.595892  0.577593 0.0  0.512602  0.762651  0.552894  0.674679  0.664095  0.650078  0.685602  0.699140  0.655976  0.406831  0.653701  0.599917  0.654526  0.641382  0.728829  0.659929  0.655836  0.618372  0.587812  0.627057  0.594218  0.640821  0.694879  0.483500  0.645530  0.700190  0.574556  0.531131  0.696141  0.616424  0.423376  0.553418  0.557503  0.522532  0.610043  0.510026  0.778182  0.606669  0.535123  0.729755  0.804784  0.384875  0.392548 
19  0.654111  0.738220  0.676717  0.711202  0.683284  0.916907  0.737181  0.728555  0.471707  0.706556  0.955651  0.812397  0.438630  0.694821  0.678908  0.716221  0.605651  0.406277  0.512602 0.0  0.804450  0.810978  0.867660  0.707938  0.765426  0.679028  0.471586  0.700699  0.406374  0.748875  0.681733  0.649501  0.718811  0.789757  0.773349  0.680206  0.564609  0.784529  0.520510  0.461555  0.710468  0.806788  0.730250  0.570344  0.748722  0.635028  0.718307  0.803346  0.706546  0.563259  0.581062  0.538658  0.598097  0.783792  0.429227  0.752400  0.739137  0.659977  0.936936  0.696300  0.416976  0.393254 
20  0.475740  0.665520  0.823775  0.592079  0.192526  0.666297  0.579861  0.667312  0.881873  0.414804  0.593460  0.590959  0.649369  0.328364  0.598780  0.576082  0.627781  0.594902  0.762651  0.804450 0.0  0.614102  0.551364  0.508320  0.606999  0.288226  0.479798  0.589183  0.707029  0.330486  0.497663  0.421675  0.396880  0.510152  0.304172  0.358562  0.318878  0.379197  0.449224  0.394294  0.285724  0.255415  0.695200  0.404406  0.655715  0.646018  0.492992  0.479573  0.402596  0.767186  0.307066  0.968988  0.693021  0.696275  0.611221  0.464329  0.598427  0.738536  0.658230  0.307228  0.756785  0.756505 
21  0.480397  0.519818  0.830935  0.403990  0.541135  0.483524  0.425898  0.559432  0.699613  0.495395  0.566022  0.490439  0.446471  0.504104  0.643313  0.688532  0.722389  0.740011  0.552894  0.810978  0.614102 0.0  0.361407  0.419471  0.375634  0.473725  0.559354  0.484096  0.639498  0.515936  0.401150  0.509414  0.476029  0.422156  0.488401  0.393508  0.577693  0.389843  0.537282  0.572306  0.495001  0.526717  0.458187  0.505387  0.580334  0.710900  0.403792  0.453418  0.475496  0.605092  0.545269  0.507388  0.580746  0.376187  0.548316  0.460026  0.654304  0.566017  0.506646  0.514849  0.701329  0.732482 
22  0.478216  0.607828  0.890880  0.522016  0.468475  0.556603  0.590589  0.742742  0.726853  0.500033  0.513148  0.433124  0.702182  0.451183  0.705049  0.456599  0.770648  0.723415  0.674679  0.867660  0.551364  0.361407 0.0  0.484561  0.576503  0.426824  0.583041  0.567779  0.656602  0.405277  0.481366  0.625044  0.466445  0.234497  0.498358  0.372259  0.548848  0.380267  0.502916  0.463223  0.425455  0.296626  0.550300  0.451752  0.738005  0.641268  0.232841  0.416880  0.475832  0.694761  0.487066  0.726159  0.675839  0.544925  0.586848  0.282329  0.696238  0.691988  0.476776  0.477083  0.646471  0.706629 
23  0.371317  0.564214  0.628250  0.569047  0.385169  0.613228  0.602343  0.522013  0.672144  0.330795  0.404656  0.527124  0.612633  0.405650  0.696611  0.524269  0.580229  0.749610  0.664095  0.707938  0.508320  0.419471  0.484561 0.0  0.485572  0.461336  0.451103  0.329732  0.779160  0.468501  0.403469  0.516272  0.375913  0.373291  0.394993  0.392450  0.545364  0.383358  0.476858  0.452592  0.453888  0.503225  0.476553  0.419111  0.599833  0.517989  0.452386  0.340731  0.455924  0.609085  0.417067  0.759796  0.695295  0.603833  0.548334  0.498494  0.732197  0.499032  0.535300  0.442104  0.591674  0.623698 
24  0.526061  0.387071  0.731901  0.365953  0.652970  0.309170  0.327486  0.359602  0.753658  0.410600  0.318892  0.272741  0.518516  0.495670  0.668983  0.487310  0.701778  0.779672  0.650078  0.765426  0.606999  0.375634  0.576503  0.485572 0.0  0.504860  0.629581  0.494824  0.771533  0.478217  0.624776  0.587640  0.547953  0.468013  0.592653  0.464784  0.573391  0.441976  0.546423  0.500604  0.497489  0.562629  0.317732  0.670754  0.808242  0.553593  0.560945  0.508759  0.478147  0.660307  0.681577  0.666434  0.620935  0.392412  0.643945  0.486131  0.733695  0.563864  0.307609  0.537736  0.614662  0.832769 
25  0.431934  0.445101  0.798655  0.663108  0.289376  0.622777  0.470210  0.570548  0.639113  0.521041  0.576317  0.458072  0.550961  0.269018  0.684893  0.458241  0.631825  0.587809  0.685602  0.679028  0.288226  0.473725  0.426824  0.461336  0.504860 0.0  0.495062  0.579637  0.701630  0.291201  0.381123  0.336649  0.249344  0.309901  0.286881  0.332869  0.414091  0.219023  0.399542  0.473986  0.180749  0.340652  0.501753  0.311440  0.602646  0.524926  0.437654  0.435616  0.391319  0.650984  0.337951  0.843815  0.679039  0.520514  0.574352  0.276890  0.595014  0.653378  0.571662  0.232361  0.681108  0.711962 
26  0.418724  0.451373  0.604935  0.620036  0.390454  0.491583  0.622314  0.516838  0.538177  0.425264  0.512447  0.551867  0.351218  0.401574  0.713220  0.617048  0.501533  0.423376  0.699140  0.471586  0.479798  0.559354  0.583041  0.451103  0.629581  0.495062 0.0  0.505193  0.486319  0.523411  0.492356  0.643698  0.432543  0.496490  0.486649  0.522960  0.510312  0.451034  0.212792  0.511897  0.469686  0.574309  0.481900  0.443757  0.657584  0.465585  0.446206  0.582760  0.566537  0.701358  0.503548  0.576815  0.641219  0.589920  0.441205  0.468054  0.523526  0.690714  0.557355  0.573117  0.507279  0.515091 
27  0.386663  0.602909  0.548898  0.569312  0.509510  0.409538  0.477588  0.497802  0.521687  0.296259  0.541410  0.546094  0.682791  0.562201  0.740169  0.418568  0.433868  0.535596  0.655976  0.700699  0.589183  0.484096  0.567779  0.329732  0.494824  0.579637  0.505193 0.0  0.661503  0.509992  0.436996  0.526004  0.585608  0.491225  0.517463  0.532455  0.516637  0.626790  0.456049  0.423581  0.518108  0.496398  0.396762  0.440623  0.461706  0.373044  0.428359  0.376401  0.553637  0.550341  0.510929  0.648447  0.710850  0.575425  0.634108  0.436701  0.624437  0.438401  0.575689  0.472675  0.667649  0.773978 
28  0.627350  0.721369  0.404853  0.626957  0.749881  0.815885  0.695468  0.702248  0.502902  0.682318  0.699621  0.724507  0.432740  0.787982  0.556682  0.701650  0.634393  0.381457  0.406831  0.406374  0.707029  0.639498  0.656602  0.779160  0.771533  0.701630  0.486319  0.661503 0.0  0.670831  0.761465  0.717123  0.722684  0.720563  0.651760  0.549784  0.748927  0.680674  0.411069  0.641761  0.858436  0.684414  0.755461  0.595803  0.666554  0.573641  0.606454  0.686995  0.712588  0.467781  0.613827  0.484202  0.498559  0.776926  0.401950  0.855729  0.649103  0.535522  0.824472  0.788813  0.253689  0.281130 
29  0.367208  0.554067  0.650759  0.510278  0.303725  0.588625  0.515625  0.543276  0.631638  0.439462  0.463023  0.560547  0.458654  0.273914  0.660847  0.466823  0.568874  0.545655  0.653701  0.748875  0.330486  0.515936  0.405277  0.468501  0.478217  0.291201  0.523411  0.509992  0.670831 0.0  0.465532  0.341461  0.301004  0.347459  0.265138  0.298728  0.366139  0.220436  0.444179  0.475785  0.207201  0.369708  0.504192  0.305557  0.592615  0.506998  0.448199  0.477132  0.374699  0.614336  0.276185  0.693719  0.661081  0.521659  0.550918  0.327147  0.631418  0.712489  0.541452  0.269258  0.666043  0.743680 
30  0.502683  0.545711  0.697512  0.581094  0.523970  0.568066  0.508181  0.603617  0.616354  0.363059  0.666046  0.596447  0.526111  0.397533  0.723658  0.631330  0.475127  0.646698  0.599917  0.681733  0.497663  0.401150  0.481366  0.403469  0.624776  0.381123  0.492356  0.436996  0.761465  0.465532 0.0  0.603048  0.416832  0.419035  0.385248  0.449311  0.555261  0.383164  0.509308  0.487592  0.457041  0.389464  0.634343  0.548786  0.495234  0.406320  0.421904  0.308266  0.491492  0.682217  0.319285  0.698927  0.737003  0.503756  0.614991  0.380022  0.696730  0.544591  0.603338  0.448874  0.698274  0.659117 
31  0.461124  0.501627  0.678698  0.554552  0.368216  0.501977  0.524901  0.500011  0.705044  0.513396  0.441053  0.620738  0.498422  0.309885  0.598173  0.631462  0.549271  0.669156  0.654526  0.649501  0.421675  0.509414  0.625044  0.516272  0.587640  0.336649  0.643698  0.526004  0.717123  0.341461  0.603048 0.0  0.444704  0.483354  0.292662  0.325159  0.472564  0.347829  0.475734  0.510857  0.357269  0.501546  0.647252  0.463477  0.733917  0.521871  0.586975  0.440377  0.413237  0.567450  0.390655  0.734156  0.617059  0.485284  0.523923  0.516777  0.549247  0.661482  0.689213  0.384435  0.811458  0.756391 
32  0.508325  0.460694  0.782347  0.611468  0.329780  0.445806  0.516995  0.515472  0.656978  0.396076  0.532122  0.544647  0.564765  0.261157  0.555336  0.611997  0.619361  0.641972  0.641382  0.718811  0.396880  0.476029  0.466445  0.375913  0.547953  0.249344  0.432543  0.585608  0.722684  0.301004  0.416832  0.444704 0.0  0.319260  0.294766  0.279958  0.374990  0.160192  0.471579  0.480345  0.203069  0.401337  0.541820  0.250089  0.715769  0.616860  0.403985  0.463587  0.404394  0.630334  0.295294  0.791329  0.737214  0.444966  0.577556  0.363586  0.694208  0.594194  0.569371  0.353157  0.625207  0.806250 
33  0.423880  0.381896  0.685092  0.568601  0.391713  0.487073  0.493402  0.466878  0.679347  0.516502  0.431366  0.568092  0.538082  0.390168  0.656595  0.392813  0.659992  0.720726  0.728829  0.789757  0.510152  0.422156  0.234497  0.373291  0.468013  0.309901  0.496490  0.491225  0.720563  0.347459  0.419035  0.483354  0.319260 0.0  0.342890  0.406209  0.393132  0.294382  0.473708  0.394575  0.304214  0.380551  0.596975  0.389642  0.607313  0.659878  0.407333  0.402827  0.409165  0.749518  0.400705  0.720957  0.591966  0.573403  0.568701  0.290742  0.565644  0.622391  0.495772  0.331380  0.726436  0.691880 
34  0.431452  0.467860  0.848994  0.622494  0.342402  0.592089  0.533075  0.579118  0.661910  0.509043  0.482374  0.546177  0.476963  0.248058  0.596688  0.513371  0.640147  0.653589  0.659929  0.773349  0.304172  0.488401  0.498358  0.394993  0.592653  0.286881  0.486649  0.517463  0.651760  0.265138  0.385248  0.292662  0.294766  0.342890 0.0  0.376394  0.404822  0.270077  0.520201  0.497916  0.271429  0.488736  0.422738  0.353811  0.653746  0.631361  0.479261  0.510246  0.400559  0.649981  0.301706  0.732666  0.714263  0.562606  0.631566  0.394133  0.589078  0.475085  0.580827  0.301840  0.674050  0.767914 
35  0.433221  0.529665  0.741115  0.574850  0.272517  0.643044  0.558033  0.566994  0.636239  0.358575  0.591760  0.614748  0.383801  0.322131  0.660516  0.603264  0.671998  0.703423  0.655836  0.680206  0.358562  0.393508  0.372259  0.392450  0.464784  0.332869  0.522960  0.532455  0.549784  0.298728  0.449311  0.325159  0.279958  0.406209  0.376394 0.0  0.354883  0.249729  0.429331  0.490530  0.333253  0.441782  0.618157  0.416055  0.671574  0.697313  0.547621  0.473398  0.430118  0.722321  0.331411  0.662027  0.618291  0.567091  0.548891  0.335965  0.780406  0.655249  0.584747  0.365914  0.632592  0.647375 
36  0.512103  0.475611  0.612911  0.693015  0.375005  0.565799  0.499525  0.480337  0.661683  0.466364  0.493648  0.507999  0.594747  0.388312  0.517733  0.569343  0.516967  0.542593  0.618372  0.564609  0.318878  0.577693  0.548848  0.545364  0.573391  0.414091  0.510312  0.516637  0.748927  0.366139  0.555261  0.472564  0.374990  0.393132  0.404822  0.354883 0.0  0.400992  0.500683  0.495132  0.400001  0.474632  0.607844  0.406584  0.543841  0.613570  0.584192  0.458829  0.513876  0.633767  0.373729  0.677666  0.640669  0.660116  0.623738  0.472794  0.728990  0.679654  0.541862  0.351504  0.702534  0.687921 
37  0.402316  0.491625  0.717560  0.570851  0.230433  0.566905  0.472277  0.543018  0.665121  0.420776  0.495761  0.557260  0.572203  0.214993  0.750758  0.562763  0.675481  0.673540  0.587812  0.784529  0.379197  0.389843  0.380267  0.383358  0.441976  0.219023  0.451034  0.626790  0.680674  0.220436  0.383164  0.347829  0.160192  0.294382  0.270077  0.249729  0.400992 0.0  0.393383  0.427901  0.190369  0.432944  0.582663  0.247841  0.650339  0.584240  0.418853  0.360876  0.290285  0.651031  0.272052  0.704753  0.704601  0.579854  0.611380  0.291199  0.614500  0.687314  0.566548  0.275728  0.785698  0.880285 
38  0.408014  0.452100  0.837133  0.594875  0.397344  0.445829  0.515027  0.480781  0.581589  0.429490  0.549210  0.568365  0.286125  0.385014  0.623416  0.686500  0.381566  0.399895  0.627057  0.520510  0.449224  0.537282  0.502916  0.476858  0.546423  0.399542  0.212792  0.456049  0.411069  0.444179  0.509308  0.475734  0.471579  0.473708  0.520201  0.429331  0.500683  0.393383 0.0  0.394869  0.424293  0.545334  0.459337  0.338829  0.604343  0.473882  0.391601  0.517810  0.418667  0.609268  0.500833  0.687125  0.628884  0.581039  0.409267  0.434207  0.508236  0.544692  0.607489  0.516815  0.495988  0.511098 
39  0.422266  0.502906  0.712199  0.622100  0.377707  0.507386  0.533783  0.546126  0.734852  0.410901  0.526130  0.445641  0.494544  0.452202  0.746947  0.479538  0.536547  0.567819  0.594218  0.461555  0.394294  0.572306  0.463223  0.452592  0.500604  0.473986  0.511897  0.423581  0.641761  0.475785  0.487592  0.510857  0.480345  0.394575  0.497916  0.490530  0.495132  0.427901  0.394869 0.0  0.459946  0.364993  0.535081  0.400802  0.474594  0.432078  0.518750  0.459890  0.491151  0.685378  0.374373  0.807493  0.600804  0.469107  0.532942  0.453470  0.536151  0.696041  0.415414  0.369169  0.678226  0.617276 
40  0.443809  0.381535  0.731421  0.565824  0.265427  0.510618  0.522455  0.523545  0.762982  0.448544  0.450575  0.493696  0.526834  0.257288  0.643051  0.436506  0.692160  0.576301  0.640821  0.710468  0.285724  0.495001  0.425455  0.453888  0.497489  0.180749  0.469686  0.518108  0.858436  0.207201  0.457041  0.357269  0.203069  0.304214  0.271429  0.333253  0.400001  0.190369  0.424293  0.459946 0.0  0.342991  0.530627  0.278501  0.547104  0.603042  0.472137  0.379309  0.351729  0.725161  0.285427  0.664531  0.706997  0.545913  0.707576  0.264505  0.578997  0.721109  0.492889  0.216488  0.655964  0.726577 
41  0.467969  0.521476  0.867167  0.559230  0.291890  0.571743  0.453897  0.589393  0.723297  0.411574  0.659941  0.530509  0.591663  0.450134  0.696744  0.423529  0.539646  0.670414  0.694879  0.806788  0.255415  0.526717  0.296626  0.503225  0.562629  0.340652  0.574309  0.496398  0.684414  0.369708  0.389464  0.501546  0.401337  0.380551  0.488736  0.441782  0.474632  0.432944  0.545334  0.364993  0.342991 0.0  0.630280  0.479586  0.571083  0.589884  0.366355  0.445873  0.439814  0.664954  0.433468  0.797067  0.776279  0.586777  0.637387  0.266072  0.650897  0.788219  0.407911  0.386304  0.761027  0.823284 
42  0.463783  0.442583  0.569208  0.314073  0.577407  0.252838  0.387168  0.305937  0.557519  0.573212  0.440937  0.418485  0.489181  0.526244  0.554227  0.529157  0.605935  0.693866  0.483500  0.730250  0.695200  0.458187  0.550300  0.476553  0.317732  0.501753  0.481900  0.396762  0.755461  0.504192  0.634343  0.647252  0.541820  0.596975  0.422738  0.618157  0.607844  0.582663  0.459337  0.535081  0.530627  0.630280 0.0  0.443630  0.600641  0.614306  0.410397  0.533631  0.557219  0.667318  0.638228  0.408271  0.583947  0.407573  0.598492  0.596803  0.542286  0.675457  0.514330  0.578423  0.717183  0.588467 
43  0.436543  0.541732  0.574839  0.714217  0.295729  0.462761  0.543588  0.619457  0.638139  0.444887  0.516698  0.544126  0.405067  0.308760  0.765051  0.623965  0.535687  0.515793  0.645530  0.570344  0.404406  0.505387  0.451752  0.419111  0.670754  0.311440  0.443757  0.440623  0.595803  0.305557  0.548786  0.463477  0.250089  0.389642  0.353811  0.416055  0.406584  0.247841  0.338829  0.400802  0.278501  0.479586  0.443630 0.0  0.511721  0.548166  0.382528  0.497119  0.406767  0.654142  0.342841  0.613402  0.675906  0.454428  0.502862  0.363970  0.631901  0.579510  0.715614  0.361339  0.588272  0.597032 
44  0.421799  0.665161  0.594904  0.660078  0.579517  0.612078  0.714895  0.537157  0.617253  0.455291  0.479130  0.627172  0.503792  0.652378  0.675339  0.610874  0.516116  0.518976  0.700190  0.748722  0.655715  0.580334  0.738005  0.599833  0.808242  0.602646  0.657584  0.461706  0.666554  0.592615  0.495234  0.733917  0.715769  0.607313  0.653746  0.671574  0.543841  0.650339  0.604343  0.474594  0.547104  0.571083  0.600641  0.511721 0.0  0.322969  0.626640  0.511250  0.695838  0.538698  0.576663  0.580088  0.641370  0.774224  0.652731  0.554335  0.653511  0.644488  0.664136  0.712782  0.837283  0.660768 
45  0.411226  0.608457  0.580051  0.618584  0.565915  0.656321  0.578145  0.629054  0.596288  0.395931  0.601267  0.482978  0.541903  0.605564  0.745523  0.583565  0.417272  0.525137  0.574556  0.635028  0.646018  0.710900  0.641268  0.517989  0.553593  0.524926  0.465585  0.373044  0.573641  0.506998  0.406320  0.521871  0.616860  0.659878  0.631361  0.697313  0.613570  0.584240  0.473882  0.432078  0.603042  0.589884  0.614306  0.548166  0.322969 0.0  0.518322  0.414122  0.498792  0.629224  0.383275  0.605599  0.744559  0.529771  0.548597  0.534509  0.733659  0.606055  0.662913  0.705474  0.668394  0.778128 
46  0.433087  0.475438  0.726094  0.544632  0.401303  0.453735  0.466097  0.575035  0.582023  0.394557  0.603421  0.545907  0.436878  0.483659  0.742283  0.537841  0.550193  0.665750  0.531131  0.718307  0.492992  0.403792  0.232841  0.452386  0.560945  0.437654  0.446206  0.428359  0.606454  0.448199  0.421904  0.586975  0.403985  0.407333  0.479261  0.547621  0.584192  0.418853  0.391601  0.518750  0.472137  0.366355  0.410397  0.382528  0.626640  0.518322 0.0  0.479657  0.492817  0.605836  0.603507  0.626141  0.499753  0.474477  0.557832  0.353522  0.534114  0.661847  0.491952  0.454024  0.627863  0.635727 
47  0.498930  0.537551  0.594317  0.421723  0.386827  0.466975  0.578539  0.530531  0.650368  0.336950  0.508659  0.565264  0.514613  0.377419  0.596920  0.466463  0.412722  0.802619  0.696141  0.803346  0.479573  0.453418  0.416880  0.340731  0.508759  0.435616  0.582760  0.376401  0.686995  0.477132  0.308266  0.440377  0.463587  0.402827  0.510246  0.473398  0.458829  0.360876  0.517810  0.459890  0.379309  0.445873  0.533631  0.497119  0.511250  0.414122  0.479657 0.0  0.424928  0.681795  0.431989  0.869102  0.597415  0.562074  0.541522  0.364724  0.644651  0.586936  0.603871  0.458582  0.775224  0.906549 
48  0.495258  0.595681  0.709993  0.668396  0.353152  0.566966  0.555352  0.650020  0.549657  0.517916  0.453320  0.596952  0.506763  0.365264  0.668232  0.479382  0.609910  0.700324  0.616424  0.706546  0.402596  0.475496  0.475832  0.455924  0.478147  0.391319  0.566537  0.553637  0.712588  0.374699  0.491492  0.413237  0.404394  0.409165  0.400559  0.430118  0.513876  0.290285  0.418667  0.491151  0.351729  0.439814  0.557219  0.406767  0.695838  0.498792  0.492817  0.424928 0.0  0.524021  0.399580  0.756374  0.733216  0.571441  0.537562  0.398389  0.655349  0.525469  0.561727  0.350131  0.693499  0.648493 
49  0.640606  0.692498  0.605666  0.557500  0.687201  0.611974  0.730246  0.647733  0.686195  0.668631  0.620733  0.642834  0.710895  0.689704  0.548755  0.701886  0.641552  0.691800  0.423376  0.563259  0.767186  0.605092  0.694761  0.609085  0.660307  0.650984  0.701358  0.550341  0.467781  0.614336  0.682217  0.567450  0.630334  0.749518  0.649981  0.722321  0.633767  0.651031  0.609268  0.685378  0.725161  0.664954  0.667318  0.654142  0.538698  0.629224  0.605836  0.681795  0.524021 0.0  0.701002  0.474384  0.588697  0.551607  0.577994  0.669621  0.656466  0.603843  0.667148  0.602268  0.454040  0.547411 
50  0.431943  0.493377  0.761275  0.640145  0.283267  0.586066  0.628612  0.544150  0.688526  0.499514  0.467280  0.555000  0.498569  0.314514  0.736493  0.547487  0.571070  0.581664  0.553418  0.581062  0.307066  0.545269  0.487066  0.417067  0.681577  0.337951  0.503548  0.510929  0.613827  0.276185  0.319285  0.390655  0.295294  0.400705  0.301706  0.331411  0.373729  0.272052  0.500833  0.374373  0.285427  0.433468  0.638228  0.342841  0.576663  0.383275  0.603507  0.431989  0.399580  0.701002 0.0  0.630387  0.568252  0.613271  0.513554  0.373295  0.665031  0.691198  0.690050  0.320935  0.611308  0.710806 
51  0.616346  0.716644  0.462788  0.515406  1.000000  0.526217  0.572710  0.754129  0.507634  0.835296  0.574678  0.702760  0.780919  0.875670  0.664448  0.737304  0.478637  0.637495  0.557503  0.538658  0.968988  0.507388  0.726159  0.759796  0.666434  0.843815  0.576815  0.648447  0.484202  0.693719  0.698927  0.734156  0.791329  0.720957  0.732666  0.662027  0.677666  0.704753  0.687125  0.807493  0.664531  0.797067  0.408271  0.613402  0.580088  0.605599  0.626141  0.869102  0.756374  0.474384  0.630387 0.0  0.605046  0.524641  0.684992  0.672252  0.549350  0.642919  0.643908  0.911672  0.492043  0.491209 
52  0.651830  0.536589  0.466130  0.572810  0.564566  0.679236  0.660561  0.457429  0.489585  0.652843  0.625906  0.687604  0.557084  0.731417  0.375216  0.735732  0.579001  0.628791  0.522532  0.598097  0.693021  0.580746  0.675839  0.695295  0.620935  0.679039  0.641219  0.710850  0.498559  0.661081  0.737003  0.617059  0.737214  0.591966  0.714263  0.618291  0.640669  0.704601  0.628884  0.600804  0.706997  0.776279  0.583947  0.675906  0.641370  0.744559  0.499753  0.597415  0.733216  0.588697  0.568252  0.605046 0.0  0.538948  0.495649  0.679215  0.371317  0.562816  0.700293  0.736886  0.577724  0.597849 
53  0.513044  0.555704  0.757904  0.471965  0.516460  0.429570  0.433315  0.496328  0.609207  0.583262  0.662537  0.542881  0.451438  0.624971  0.638178  0.689370  0.857128  0.791240  0.610043  0.783792  0.696275  0.376187  0.544925  0.603833  0.392412  0.520514  0.589920  0.575425  0.776926  0.521659  0.503756  0.485284  0.444966  0.573403  0.562606  0.567091  0.660116  0.579854  0.581039  0.469107  0.545913  0.586777  0.407573  0.454428  0.774224  0.529771  0.474477  0.562074  0.571441  0.551607  0.613271  0.524641  0.538948 0.0  0.582472  0.527505  0.546358  0.620208  0.611422  0.705561  0.648852  0.691137 
54  0.470082  0.588448  0.629306  0.506799  0.506563  0.659863  0.610414  0.592292  0.515136  0.591827  0.603039  0.613537  0.364569  0.610002  0.660816  0.671701  0.571250  0.479197  0.510026  0.429227  0.611221  0.548316  0.586848  0.548334  0.643945  0.574352  0.441205  0.634108  0.401950  0.550918  0.614991  0.523923  0.577556  0.568701  0.631566  0.548891  0.623738  0.611380  0.409267  0.532942  0.707576  0.637387  0.598492  0.502862  0.652731  0.548597  0.557832  0.541522  0.537562  0.577994  0.513554  0.684992  0.495649  0.582472 0.0  0.592785  0.487748  0.470297  0.590274  0.603128  0.448507  0.414004 
55  0.430272  0.372594  0.742548  0.483728  0.332871  0.458953  0.511075  0.569422  0.717217  0.445107  0.544731  0.492484  0.579438  0.332660  0.696154  0.433144  0.617076  0.573008  0.778182  0.752400  0.464329  0.460026  0.282329  0.498494  0.486131  0.276890  0.468054  0.436701  0.855729  0.327147  0.380022  0.516777  0.363586  0.290742  0.394133  0.335965  0.472794  0.291199  0.434207  0.453470  0.264505  0.266072  0.596803  0.363970  0.554335  0.534509  0.353522  0.364724  0.398389  0.669621  0.373295  0.672252  0.679215  0.527505  0.592785 0.0  0.731709  0.706558  0.388321  0.348526  0.660722  0.830908 
56  0.578732  0.655726  0.596063  0.628052  0.557110  0.485918  0.578900  0.391226  0.453861  0.665953  0.500714  0.462213  0.689954  0.676136  0.372872  0.509185  0.592261  0.495251  0.606669  0.739137  0.598427  0.654304  0.696238  0.732197  0.733695  0.595014  0.523526  0.624437  0.649103  0.631418  0.696730  0.549247  0.694208  0.565644  0.589078  0.780406  0.728990  0.614500  0.508236  0.536151  0.578997  0.650897  0.542286  0.631901  0.653511  0.733659  0.534114  0.644651  0.655349  0.656466  0.665031  0.549350  0.371317  0.546358  0.487748  0.731709 0.0  0.692077  0.554052  0.601056  0.583245  0.521128 
57  0.656793  0.622375  0.459460  0.701400  0.613686  0.814793  0.777443  0.565078  0.686942  0.459828  0.645330  0.613249  0.602992  0.673836  0.681606  0.748152  0.546008  0.727309  0.535123  0.659977  0.738536  0.566017  0.691988  0.499032  0.563864  0.653378  0.690714  0.438401  0.535522  0.712489  0.544591  0.661482  0.594194  0.622391  0.475085  0.655249  0.679654  0.687314  0.544692  0.696041  0.721109  0.788219  0.675457  0.579510  0.644488  0.606055  0.661847  0.586936  0.525469  0.603843  0.691198  0.642919  0.562816  0.620208  0.470297  0.706558  0.692077 0.0  0.674594  0.710579  0.621148  0.568272 
58  0.469891  0.378232  0.806310  0.382394  0.520925  0.463149  0.478308  0.442687  0.652628  0.509824  0.270086  0.246003  0.650349  0.616684  0.628988  0.462749  0.645410  0.545501  0.729755  0.936936  0.658230  0.506646  0.476776  0.535300  0.307609  0.571662  0.557355  0.575689  0.824472  0.541452  0.603338  0.689213  0.569371  0.495772  0.580827  0.584747  0.541862  0.566548  0.607489  0.415414  0.492889  0.407911  0.514330  0.715614  0.664136  0.662913  0.491952  0.603871  0.561727  0.667148  0.690050  0.643908  0.700293  0.611422  0.590274  0.388321  0.554052  0.674594 0.0  0.510008  0.708696  0.680089 
59  0.491553  0.538025  0.770372  0.507840  0.245334  0.537881  0.533989  0.549375  0.733997  0.566617  0.449085  0.449170  0.554665  0.308071  0.662114  0.492417  0.691622  0.566279  0.804784  0.696300  0.307228  0.514849  0.477083  0.442104  0.537736  0.232361  0.573117  0.472675  0.788813  0.269258  0.448874  0.384435  0.353157  0.331380  0.301840  0.365914  0.351504  0.275728  0.516815  0.369169  0.216488  0.386304  0.578423  0.361339  0.712782  0.705474  0.454024  0.458582  0.350131  0.602268  0.320935  0.911672  0.736886  0.705561  0.603128  0.348526  0.601056  0.710579  0.510008 0.0  0.786243  0.684369 
60  0.542925  0.853367  0.514758  0.534670  0.767989  0.821580  0.768765  0.576713  0.507924  0.761053  0.739231  0.732836  0.394443  0.812844  0.569218  0.613079  0.573519  0.391172  0.384875  0.416976  0.756785  0.701329  0.646471  0.591674  0.614662  0.681108  0.507279  0.667649  0.253689  0.666043  0.698274  0.811458  0.625207  0.726436  0.674050  0.632592  0.702534  0.785698  0.495988  0.678226  0.655964  0.761027  0.717183  0.588272  0.837283  0.668394  0.627863  0.775224  0.693499  0.454040  0.611308  0.492043  0.577724  0.648852  0.448507  0.660722  0.583245  0.621148  0.708696  0.786243 0.0  0.270622 
61  0.583388  0.759670  0.412280  0.623044  0.741777  0.736575  0.583030  0.730904  0.606653  0.655301  0.691179  0.696361  0.518563  0.770176  0.612369  0.665259  0.617447  0.452688  0.392548  0.393254  0.756505  0.732482  0.706629  0.623698  0.832769  0.711962  0.515091  0.773978  0.281130  0.743680  0.659117  0.756391  0.806250  0.691880  0.767914  0.647375  0.687921  0.880285  0.511098  0.617276  0.726577  0.823284  0.588467  0.597032  0.660768  0.778128  0.635727  0.906549  0.648493  0.547411  0.710806  0.491209  0.597849  0.691137  0.414004  0.830908  0.521128  0.568272  0.680089  0.684369  0.270622 0.0 
