62
0 0.0  0.542238  0.694456  0.567782  0.437654  0.488156  0.503106  0.480167  0.617035  0.473567  0.475156  0.487825  0.453147  0.416609  0.726438  0.495139  0.567873  0.636725  0.628281  0.723756  0.549130  0.487344  0.497528  0.467396  0.526906  0.528374  0.501838  0.447382  0.665741  0.458984  0.541598  0.531814  0.488595  0.422421  0.487375  0.472317  0.557283  0.491244  0.533858  0.463698  0.453294  0.431751  0.565898  0.454994  0.513043  0.466928  0.492693  0.438371  0.553035  0.626878  0.518031  0.695686  0.599265  0.514464  0.660396  0.507119  0.642282  0.618844  0.481963  0.459630  0.620982  0.544049 
1  0.542238 0.0  0.618576  0.484665  0.525411  0.410296  0.432213  0.423884  0.670261  0.552019  0.438287  0.418190  0.594376  0.551269  0.731280  0.482702  0.617734  0.607292  0.791072  0.687257  0.677908  0.468221  0.642465  0.641331  0.541718  0.506497  0.511701  0.588577  0.676323  0.459493  0.565968  0.532699  0.508926  0.428794  0.699001  0.571708  0.572898  0.491430  0.466834  0.526040  0.503318  0.490766  0.471054  0.592347  0.701932  0.568091  0.524085  0.493318  0.592811  0.601569  0.479556  0.796255  0.708960  0.566036  0.637253  0.393703  0.505144  0.824984  0.386176  0.526595  0.778885  0.701990 
2  0.694456  0.618576 0.0  0.679479  0.737241  0.785666  0.656142  0.635724  0.576488  0.637845  0.687674  0.638373  0.658661  0.761470  0.560975  0.820127  0.567936  0.820844  0.450617  0.557435  0.874802  0.766512  0.694432  0.751444  0.769320  0.921403  0.769454  0.619716  0.501641  0.863677  0.755109  0.867714  0.749962  0.826629  0.712200  0.764414  0.666507  0.710845  0.709249  0.593859  0.850176  0.976757  0.755633  0.702905  0.691201  0.589171  0.666820  0.669741  0.830706  0.511081  0.670215  0.641294  0.537918  0.754681  0.595574  0.900735  0.523196  0.538574  0.809180  0.827411  0.568374  0.428120 
3  0.567782  0.484665  0.679479 0.0  0.632793  0.395667  0.514324  0.502009  0.690696  0.540574  0.478372  0.406683  0.628654  0.612987  0.544809  0.567266  0.720736  0.693061  0.647879  0.834645  0.676376  0.495565  0.667578  0.630119  0.351079  0.621727  0.625272  0.471904  0.685722  0.503795  0.574455  0.597600  0.665648  0.470788  0.589446  0.602547  0.591012  0.597608  0.590311  0.606294  0.662085  0.533585  0.429397  0.745388  0.643531  0.565405  0.626465  0.522693  0.602752  0.632274  0.807294  0.623892  0.651529  0.532188  0.611318  0.607217  0.584040  0.578528  0.513738  0.656249  0.632018  0.601953 
4  0.437654  0.525411  0.737241  0.632793 0.0  0.630611  0.606994  0.498090  0.824851  0.498373  0.586266  0.661863  0.572389  0.299019  0.766575  0.615052  0.703595  0.676941  0.909186  0.811868  0.217135  0.573778  0.423025  0.414466  0.705241  0.293472  0.409687  0.515701  0.874968  0.326731  0.496045  0.454685  0.303845  0.421521  0.327543  0.332023  0.455341  0.285849  0.417962  0.402483  0.295806  0.340764  0.608568  0.397924  0.710253  0.541100  0.504298  0.449997  0.453425  0.624653  0.317900  0.836511  0.708069  0.718919  0.589439  0.344789  0.654592  0.733937  0.713654  0.338242  0.785875  0.892835 
5  0.488156  0.410296  0.785666  0.395667  0.630611 0.0  0.304451  0.391925  0.667381  0.602879  0.400136  0.444021  0.652168  0.622709  0.688422  0.637845  0.665068  0.777793  0.740015  0.832362  0.700217  0.557091  0.576086  0.626461  0.342255  0.585774  0.540715  0.480208  0.762040  0.586827  0.571984  0.598642  0.522264  0.520814  0.609072  0.686338  0.641934  0.539688  0.527918  0.650671  0.489902  0.626717  0.262390  0.592199  0.606896  0.748662  0.460384  0.505094  0.609856  0.743001  0.659482  0.554408  0.712850  0.450139  0.570008  0.525498  0.459123  0.762938  0.480026  0.720075  0.800438  0.692290 
6  0.503106  0.432213  0.656142  0.514324  0.606994  0.304451 0.0  0.477226  0.564510  0.552591  0.447679  0.433649  0.552779  0.632183  0.703797  0.532781  0.654942  0.672643  0.775730  0.870848  0.684425  0.494173  0.592331  0.675060  0.372344  0.534088  0.665427  0.550894  0.850151  0.530938  0.532700  0.516110  0.562180  0.518564  0.597157  0.634046  0.603571  0.512878  0.470167  0.625316  0.535272  0.592269  0.411250  0.571221  0.612103  0.681720  0.515279  0.480650  0.544415  0.719359  0.572626  0.659450  0.775206  0.473677  0.699426  0.497923  0.710194  0.676100  0.470952  0.657712  0.817044  0.834246 
7  0.480167  0.423884  0.635724  0.502009  0.498090  0.391925  0.477226 0.0  0.434472  0.519330  0.375835  0.487492  0.505731  0.580905  0.483216  0.586578  0.747603  0.697402  0.640557  0.844015  0.703662  0.591354  0.631572  0.642168  0.368793  0.606094  0.445981  0.514323  0.709193  0.659412  0.675126  0.545348  0.634017  0.585257  0.675114  0.627698  0.652184  0.622717  0.493187  0.531936  0.615292  0.512763  0.388055  0.654672  0.522819  0.675145  0.672636  0.492754  0.579206  0.600684  0.473511  0.768515  0.482287  0.642053  0.678182  0.487824  0.312032  0.655341  0.452795  0.535080  0.627350  0.667153 
8  0.617035  0.670261  0.576488  0.690696  0.824851  0.667381  0.564510  0.434472 0.0  0.667042  0.672814  0.794253  0.478975  0.817356  0.551015  0.696654  0.746013  0.536194  0.544744  0.658040  0.935601  0.683499  0.692587  0.830484  0.801163  0.805543  0.572323  0.759978  0.503036  0.735447  0.618857  0.740317  0.712591  0.652680  0.688794  0.673327  0.672831  0.663842  0.621913  0.714919  0.767388  0.850374  0.612616  0.711735  0.533493  0.821940  0.644800  0.726635  0.705495  0.607457  0.623740  0.679383  0.467649  0.615756  0.547733  0.900687  0.558886  0.641557  0.772065  0.803931  0.513382  0.482099 
9  0.473567  0.552019  0.637845  0.540574  0.498373  0.602879  0.552591  0.519330  0.667042 0.0  0.558380  0.586487  0.573765  0.440085  0.799127  0.564309  0.498247  0.670738  0.648888  0.728419  0.496698  0.603416  0.474671  0.360004  0.539699  0.534309  0.467554  0.323517  0.719411  0.547142  0.375160  0.593284  0.551228  0.462384  0.544196  0.449403  0.483877  0.424973  0.446955  0.490037  0.469477  0.524711  0.588360  0.433616  0.521468  0.422193  0.471655  0.377063  0.583331  0.796409  0.507261  0.744212  0.676823  0.681073  0.645995  0.459123  0.698091  0.476619  0.615007  0.554875  0.781136  0.852222 
10  0.475156  0.438287  0.687674  0.478372  0.586266  0.400136  0.447679  0.375835  0.672814  0.558380 0.0  0.318521  0.717227  0.542654  0.560829  0.494982  0.707795  0.775077  0.731055  0.883711  0.775353  0.485903  0.469157  0.496638  0.416911  0.621534  0.630934  0.524139  0.744062  0.529984  0.663651  0.566718  0.521650  0.432323  0.593940  0.602156  0.640451  0.519458  0.653202  0.528453  0.535932  0.660409  0.468833  0.724418  0.725890  0.657951  0.606170  0.627569  0.526321  0.651657  0.619891  0.734405  0.574479  0.625697  0.582377  0.521239  0.511692  0.658281  0.265937  0.516033  0.736096  0.795128 
11  0.487825  0.418190  0.638373  0.406683  0.661863  0.444021  0.433649  0.487492  0.794253  0.586487  0.318521 0.0  0.802518  0.574493  0.631525  0.593930  0.708061  0.664435  0.700064  1.000000  0.620255  0.498729  0.701796  0.583336  0.333781  0.559593  0.628779  0.511615  0.820322  0.587197  0.680229  0.496395  0.652853  0.634623  0.606869  0.629710  0.567161  0.586979  0.556268  0.477655  0.479158  0.612897  0.438497  0.614098  0.735667  0.641071  0.593784  0.545373  0.511730  0.730374  0.544922  0.700753  0.675305  0.631954  0.652743  0.526801  0.608693  0.827389  0.285971  0.386639  0.754748  0.643649 
12  0.453147  0.594376  0.658661  0.628654  0.572389  0.652168  0.552779  0.505731  0.478975  0.573765  0.717227  0.802518 0.0  0.573345  0.692960  0.699481  0.687489  0.394734  0.690589  0.415616  0.659492  0.637883  0.657924  0.567037  0.724330  0.600619  0.342878  0.616540  0.512203  0.508530  0.581672  0.544988  0.570622  0.634161  0.593233  0.390447  0.575804  0.564052  0.358484  0.564549  0.568887  0.719872  0.538098  0.500358  0.681324  0.464522  0.567714  0.584140  0.647269  0.780685  0.585368  0.720563  0.662161  0.571087  0.464795  0.653798  0.668619  0.648499  0.723951  0.589392  0.438822  0.490856 
13  0.416609  0.551269  0.761470  0.612987  0.299019  0.622709  0.632183  0.580905  0.817356  0.440085  0.542654  0.574493  0.573345 0.0  0.552978  0.559404  0.653944  0.817879  0.708175  0.701924  0.388239  0.658310  0.482320  0.437844  0.531915  0.291453  0.559690  0.589256  0.708725  0.339019  0.512328  0.330058  0.304718  0.403465  0.280364  0.330744  0.439270  0.229914  0.481707  0.485496  0.273754  0.496432  0.649126  0.339033  0.776212  0.604220  0.509179  0.448849  0.416429  0.789331  0.357849  0.916239  0.755646  0.716072  0.655110  0.466442  0.837912  0.710167  0.506507  0.301140  0.824980  0.795415 
14  0.726438  0.731280  0.560975  0.544809  0.766575  0.688422  0.703797  0.483216  0.551015  0.799127  0.560829  0.631525  0.692960  0.552978 0.0  0.751593  0.707679  0.598903  0.655126  0.696595  0.900889  0.666419  0.723517  0.879835  0.843585  0.727090  0.698254  0.781624  0.641438  0.685025  0.877684  0.661340  0.742151  0.762491  0.713485  0.747074  0.750556  0.658909  0.646150  0.771305  0.518746  0.824771  0.708380  0.756376  0.711282  0.717929  0.776489  0.713738  0.691915  0.615060  0.663591  0.743863  0.332955  0.696106  0.648471  0.739309  0.479465  0.553289  0.731869  0.642854  0.745210  0.612810 
15  0.495139  0.482702  0.820127  0.567266  0.615052  0.637845  0.532781  0.586578  0.696654  0.564309  0.494982  0.593930  0.699481  0.559404  0.751593 0.0  0.820127  0.723411  0.706852  0.809930  0.611682  0.862612  0.454417  0.645124  0.550689  0.586290  0.573070  0.645665  0.908100  0.572451  0.465416  0.645155  0.713606  0.424152  0.564886  0.606715  0.494682  0.611330  0.630956  0.430162  0.590864  0.479259  0.581480  0.604504  0.715239  0.507921  0.609705  0.559865  0.615588  0.713862  0.608109  0.915661  0.661366  0.746052  0.645468  0.450243  0.592411  0.718033  0.547169  0.563474  0.736435  0.848970 
16  0.567873  0.617734  0.567936  0.720736  0.703595  0.665068  0.654942  0.747603  0.746013  0.498247  0.707795  0.708061  0.687489  0.653944  0.707679  0.820127 0.0  0.591294  0.619857  0.665542  0.757895  0.753312  0.638528  0.575251  0.638195  0.644733  0.553850  0.570467  0.762095  0.706705  0.578919  0.713620  0.698203  0.789053  0.559694  0.569452  0.614464  0.669900  0.549191  0.596711  0.576730  0.678211  0.689492  0.587005  0.547665  0.452096  0.579528  0.501846  0.733597  0.576870  0.737460  0.565355  0.660338  0.744250  0.620684  0.607752  0.856762  0.650471  0.793467  0.681734  0.723980  0.738056 
17  0.636725  0.607292  0.820844  0.693061  0.676941  0.777793  0.672643  0.697402  0.536194  0.670738  0.775077  0.664435  0.394734  0.817879  0.598903  0.723411  0.591294 0.0  0.594560  0.429560  0.776761  0.760532  0.818691  0.631377  0.681704  0.647902  0.430387  0.681938  0.356969  0.581256  0.731620  0.706899  0.724727  0.712374  0.658224  0.653333  0.630801  0.724207  0.453210  0.591175  0.542761  0.610494  0.704388  0.514610  0.567373  0.641344  0.714404  0.715197  0.788496  0.644170  0.730720  0.720530  0.660116  0.785270  0.514928  0.692400  0.626210  0.817043  0.786410  0.639706  0.447785  0.515775 
18  0.628281  0.791072  0.450617  0.647879  0.909186  0.740015  0.775730  0.640557  0.544744  0.648888  0.731055  0.700064  0.690589  0.708175  0.655126  0.706852  0.619857  0.594560 0.0  0.665557  0.766821  0.607366  0.696954  0.693240  0.692726  0.708796  0.716003  0.524609  0.403626  0.641610  0.649667  0.489668  0.705548  0.719604  0.615643  0.670602  0.704398  0.689783  0.731748  0.763224  0.737943  0.674737  0.541713  0.740763  0.700394  0.705613  0.586856  0.719990  0.643727  0.413237  0.629564  0.493173  0.530842  0.607022  0.574522  0.733445  0.689149  0.584457  0.828588  0.695853  0.515767  0.475663 
19  0.723756  0.687257  0.557435  0.834645  0.811868  0.832362  0.870848  0.844015  0.658040  0.728419  0.883711  1.000000  0.415616  0.701924  0.696595  0.809930  0.665542  0.429560  0.665557 0.0  0.837586  0.878635  0.804647  0.816443  0.780435  0.762885  0.473282  0.737896  0.380498  0.813960  0.727967  0.818848  0.640318  0.951173  0.819090  0.657566  0.718008  0.732136  0.551601  0.732772  0.840684  0.834714  0.883480  0.610285  0.773991  0.699224  0.612366  0.856347  0.802693  0.678035  0.675146  0.677588  0.635551  0.826696  0.447986  0.898656  0.761878  0.717081  0.944698  0.882236  0.480819  0.529168 
20  0.549130  0.677908  0.874802  0.676376  0.217135  0.700217  0.684425  0.703662  0.935601  0.496698  0.775353  0.620255  0.659492  0.388239  0.900889  0.611682  0.757895  0.776761  0.766821  0.837586 0.0  0.623741  0.478370  0.483709  0.733787  0.314039  0.545419  0.592821  0.953373  0.369147  0.537676  0.417146  0.397249  0.470933  0.389814  0.443519  0.419331  0.342009  0.562904  0.440073  0.372388  0.328087  0.655971  0.363934  0.670364  0.726395  0.566466  0.519412  0.490161  0.732807  0.382912  0.868753  0.756157  0.706525  0.737898  0.462387  0.698275  0.720572  0.629188  0.380843  0.790238  0.914483 
21  0.487344  0.468221  0.766512  0.495565  0.573778  0.557091  0.494173  0.591354  0.683499  0.603416  0.485903  0.498729  0.637883  0.658310  0.666419  0.862612  0.753312  0.760532  0.607366  0.878635  0.623741 0.0  0.456268  0.544125  0.422066  0.494813  0.614987  0.621156  0.723706  0.544293  0.424137  0.630212  0.462522  0.430748  0.466321  0.459655  0.500159  0.535898  0.562530  0.547455  0.606888  0.537911  0.569543  0.608855  0.765233  0.699649  0.426128  0.523729  0.581259  0.740275  0.664369  0.554073  0.618569  0.440006  0.577580  0.415523  0.681735  0.655296  0.464605  0.582147  0.775986  0.673253 
22  0.497528  0.642465  0.694432  0.667578  0.423025  0.576086  0.592331  0.631572  0.692587  0.474671  0.469157  0.701796  0.657924  0.482320  0.723517  0.454417  0.638528  0.818691  0.696954  0.804647  0.478370  0.456268 0.0  0.457931  0.609498  0.500638  0.589464  0.542656  0.721524  0.467010  0.485346  0.475946  0.446800  0.262545  0.575126  0.456485  0.591816  0.387797  0.545713  0.461850  0.491276  0.401056  0.530411  0.468023  0.707114  0.709643  0.335568  0.536442  0.497216  0.696609  0.498591  0.727554  0.686571  0.575773  0.692746  0.322703  0.567124  0.793028  0.544542  0.491655  0.613972  0.763910 
23  0.467396  0.641331  0.751444  0.630119  0.414466  0.626461  0.675060  0.642168  0.830484  0.360004  0.496638  0.583336  0.567037  0.437844  0.879835  0.645124  0.575251  0.631377  0.693240  0.816443  0.483709  0.544125  0.457931 0.0  0.568669  0.484633  0.515298  0.484811  0.822336  0.528420  0.430313  0.415264  0.484387  0.393623  0.428671  0.491741  0.504530  0.485834  0.612623  0.588276  0.461681  0.489170  0.602713  0.543206  0.483416  0.507742  0.600975  0.428814  0.447859  0.762510  0.467938  0.778251  0.713101  0.681399  0.457217  0.491458  0.638966  0.483330  0.705175  0.438564  0.772150  0.752539 
24  0.526906  0.541718  0.769320  0.351079  0.705241  0.342255  0.372344  0.368793  0.801163  0.539699  0.416911  0.333781  0.724330  0.531915  0.843585  0.550689  0.638195  0.681704  0.692726  0.780435  0.733787  0.422066  0.609498  0.568669 0.0  0.510101  0.596109  0.558971  0.811755  0.529986  0.649913  0.648794  0.591572  0.536907  0.622480  0.519914  0.618056  0.542606  0.560439  0.522637  0.525641  0.628536  0.361012  0.651172  0.811893  0.678146  0.510518  0.592916  0.500037  0.655951  0.549616  0.583457  0.620483  0.446527  0.673592  0.514769  0.712405  0.646581  0.471381  0.649853  0.706164  0.791608 
25  0.528374  0.506497  0.921403  0.621727  0.293472  0.585774  0.534088  0.606094  0.805543  0.534309  0.621534  0.559593  0.600619  0.291453  0.727090  0.586290  0.644733  0.647902  0.708796  0.762885  0.314039  0.494813  0.500638  0.484633  0.510101 0.0  0.492316  0.649323  0.674710  0.255716  0.442554  0.416908  0.288993  0.369811  0.283210  0.313711  0.408715  0.240321  0.480642  0.464923  0.203360  0.386569  0.592274  0.367566  0.574336  0.553032  0.496954  0.401919  0.357615  0.684558  0.321916  0.773929  0.610621  0.638836  0.653034  0.357489  0.697889  0.729384  0.599620  0.255914  0.745564  0.707887 
26  0.501838  0.511701  0.769454  0.625272  0.409687  0.540715  0.665427  0.445981  0.572323  0.467554  0.630934  0.628779  0.342878  0.559690  0.698254  0.573070  0.553850  0.430387  0.716003  0.473282  0.545419  0.614987  0.589464  0.515298  0.596109  0.492316 0.0  0.535949  0.546321  0.604775  0.621365  0.625764  0.472602  0.493010  0.514375  0.442421  0.564564  0.495350  0.262416  0.494377  0.501783  0.503109  0.693442  0.446344  0.711765  0.512379  0.490919  0.589134  0.576685  0.705171  0.594175  0.665879  0.614970  0.731570  0.454994  0.513778  0.613802  0.635454  0.633971  0.601279  0.399825  0.470584 
27  0.447382  0.588577  0.619716  0.471904  0.515701  0.480208  0.550894  0.514323  0.759978  0.323517  0.524139  0.511615  0.616540  0.589256  0.781624  0.645665  0.570467  0.681938  0.524609  0.737896  0.592821  0.621156  0.542656  0.484811  0.558971  0.649323  0.535949 0.0  0.808918  0.576191  0.523140  0.583784  0.606506  0.518552  0.552973  0.537675  0.641516  0.633290  0.439509  0.476910  0.561606  0.531393  0.503994  0.506397  0.555101  0.437072  0.463446  0.412470  0.545949  0.726072  0.599062  0.673780  0.653662  0.645084  0.665008  0.543781  0.719676  0.548917  0.670402  0.645626  0.793636  0.573847 
28  0.665741  0.676323  0.501641  0.685722  0.874968  0.762040  0.850151  0.709193  0.503036  0.719411  0.744062  0.820322  0.512203  0.708725  0.641438  0.908100  0.762095  0.356969  0.403626  0.380498  0.953373  0.723706  0.721524  0.822336  0.811755  0.674710  0.546321  0.808918 0.0  0.666714  0.798382  0.703665  0.744943  0.765438  0.761052  0.639872  0.743528  0.725485  0.553280  0.771432  0.839036  0.790967  0.664959  0.573939  0.757877  0.608246  0.712093  0.785266  0.721351  0.488063  0.705802  0.576798  0.578962  0.738464  0.454618  0.792086  0.584990  0.532341  0.915314  0.746188  0.263975  0.320954 
29  0.458984  0.459493  0.863677  0.503795  0.326731  0.586827  0.530938  0.659412  0.735447  0.547142  0.529984  0.587197  0.508530  0.339019  0.685025  0.572451  0.706705  0.581256  0.641610  0.813960  0.369147  0.544293  0.467010  0.528420  0.529986  0.255716  0.604775  0.576191  0.666714 0.0  0.500141  0.416971  0.342590  0.383908  0.334554  0.311107  0.393085  0.253413  0.470011  0.434266  0.235820  0.462300  0.610054  0.327639  0.560879  0.492318  0.437885  0.588892  0.384392  0.846960  0.306481  0.831665  0.774211  0.641156  0.608355  0.391377  0.830521  0.834087  0.566157  0.332024  0.732051  0.765109 
30  0.541598  0.565968  0.755109  0.574455  0.496045  0.571984  0.532700  0.675126  0.618857  0.375160  0.663651  0.680229  0.581672  0.512328  0.877684  0.465416  0.578919  0.731620  0.649667  0.727967  0.537676  0.424137  0.485346  0.430313  0.649913  0.442554  0.621365  0.523140  0.798382  0.500141 0.0  0.560271  0.462739  0.493035  0.501458  0.471992  0.586628  0.391580  0.577562  0.516867  0.528224  0.392390  0.603076  0.510102  0.474261  0.460787  0.380089  0.351485  0.499674  0.719228  0.481424  0.649711  0.750367  0.439254  0.674032  0.397966  0.696838  0.610255  0.710616  0.518119  0.797411  0.807023 
31  0.531814  0.532699  0.867714  0.597600  0.454685  0.598642  0.516110  0.545348  0.740317  0.593284  0.566718  0.496395  0.544988  0.330058  0.661340  0.645155  0.713620  0.706899  0.489668  0.818848  0.417146  0.630212  0.475946  0.415264  0.648794  0.416908  0.625764  0.583784  0.703665  0.416971  0.560271 0.0  0.414838  0.521026  0.400290  0.433527  0.468717  0.366042  0.686940  0.571636  0.417521  0.614722  0.627118  0.400565  0.694443  0.652981  0.526476  0.456928  0.453338  0.665197  0.377465  0.765813  0.700466  0.558954  0.626908  0.518263  0.583610  0.681075  0.590607  0.432260  0.814545  0.773090 
32  0.488595  0.508926  0.749962  0.665648  0.303845  0.522264  0.562180  0.634017  0.712591  0.551228  0.521650  0.652853  0.570622  0.304718  0.742151  0.713606  0.698203  0.724727  0.705548  0.640318  0.397249  0.462522  0.446800  0.484387  0.591572  0.288993  0.472602  0.606506  0.744943  0.342590  0.462739  0.414838 0.0  0.326909  0.375832  0.280517  0.416071  0.181822  0.452975  0.505545  0.230717  0.590091  0.575897  0.297103  0.706622  0.709066  0.468268  0.459903  0.335630  0.641214  0.371888  0.879891  0.649721  0.497816  0.445815  0.379939  0.697046  0.580356  0.610443  0.369210  0.712966  0.658771 
33  0.422421  0.428794  0.826629  0.470788  0.421521  0.520814  0.518564  0.585257  0.652680  0.462384  0.432323  0.634623  0.634161  0.403465  0.762491  0.424152  0.789053  0.712374  0.719604  0.951173  0.470933  0.430748  0.262545  0.393623  0.536907  0.369811  0.493010  0.518552  0.765438  0.383908  0.493035  0.521026  0.326909 0.0  0.384700  0.432519  0.481896  0.279505  0.448110  0.442526  0.326027  0.424930  0.568494  0.393731  0.732693  0.795691  0.385113  0.423638  0.455251  0.656763  0.458232  0.728438  0.618221  0.543060  0.691722  0.335899  0.612931  0.753017  0.463373  0.385909  0.771706  0.709229 
34  0.487375  0.699001  0.712200  0.589446  0.327543  0.609072  0.597157  0.675114  0.688794  0.544196  0.593940  0.606869  0.593233  0.280364  0.713485  0.564886  0.559694  0.658224  0.615643  0.819090  0.389814  0.466321  0.575126  0.428671  0.622480  0.283210  0.514375  0.552973  0.761052  0.334554  0.501458  0.400290  0.375832  0.384700 0.0  0.402155  0.414308  0.280530  0.518419  0.487924  0.311748  0.498755  0.685547  0.389541  0.638036  0.488647  0.537067  0.533458  0.384676  0.603594  0.343480  0.775667  0.825884  0.598396  0.587045  0.446127  0.645912  0.743530  0.675278  0.374847  0.664037  0.897227 
35  0.472317  0.571708  0.764414  0.602547  0.332023  0.686338  0.634046  0.627698  0.673327  0.449403  0.602156  0.629710  0.390447  0.330744  0.747074  0.606715  0.569452  0.653333  0.670602  0.657566  0.443519  0.459655  0.456485  0.491741  0.519914  0.313711  0.442421  0.537675  0.639872  0.311107  0.471992  0.433527  0.280517  0.432519  0.402155 0.0  0.436591  0.265444  0.545321  0.550620  0.353919  0.548348  0.532911  0.331723  0.831876  0.639899  0.520700  0.507470  0.368677  0.738227  0.322503  0.841499  0.684294  0.496669  0.504621  0.432338  0.763424  0.764279  0.546988  0.379802  0.667911  0.823036 
36  0.557283  0.572898  0.666507  0.591012  0.455341  0.641934  0.603571  0.652184  0.672831  0.483877  0.640451  0.567161  0.575804  0.439270  0.750556  0.494682  0.614464  0.630801  0.704398  0.718008  0.419331  0.500159  0.591816  0.504530  0.618056  0.408715  0.564564  0.641516  0.743528  0.393085  0.586628  0.468717  0.416071  0.481896  0.414308  0.436591 0.0  0.381668  0.505976  0.478926  0.404386  0.512732  0.594463  0.366784  0.645474  0.539996  0.471257  0.622580  0.449441  0.689926  0.426079  0.718574  0.687163  0.654393  0.607580  0.520151  0.719869  0.743997  0.582089  0.313339  0.842552  0.650036 
37  0.491244  0.491430  0.710845  0.597608  0.285849  0.539688  0.512878  0.622717  0.663842  0.424973  0.519458  0.586979  0.564052  0.229914  0.658909  0.611330  0.669900  0.724207  0.689783  0.732136  0.342009  0.535898  0.387797  0.485834  0.542606  0.240321  0.495350  0.633290  0.725485  0.253413  0.391580  0.366042  0.181822  0.279505  0.280530  0.265444  0.381668 0.0  0.416627  0.482256  0.221327  0.415432  0.571912  0.295324  0.726519  0.525179  0.424255  0.414508  0.442508  0.751885  0.316501  0.825871  0.672113  0.469651  0.550614  0.303352  0.630941  0.679317  0.560587  0.304307  0.599155  0.851108 
38  0.533858  0.466834  0.709249  0.590311  0.417962  0.527918  0.470167  0.493187  0.621913  0.446955  0.653202  0.556268  0.358484  0.481707  0.646150  0.630956  0.549191  0.453210  0.731748  0.551601  0.562904  0.562530  0.545713  0.612623  0.560439  0.480642  0.262416  0.439509  0.553280  0.470011  0.577562  0.686940  0.452975  0.448110  0.518419  0.545321  0.505976  0.416627 0.0  0.449864  0.480093  0.554939  0.422489  0.345679  0.615315  0.572394  0.459113  0.515479  0.593930  0.730873  0.488226  0.752145  0.663852  0.605451  0.426612  0.495982  0.578860  0.721172  0.705833  0.496254  0.569057  0.615797 
39  0.463698  0.526040  0.593859  0.606294  0.402483  0.650671  0.625316  0.531936  0.714919  0.490037  0.528453  0.477655  0.564549  0.485496  0.771305  0.430162  0.596711  0.591175  0.763224  0.732772  0.440073  0.547455  0.461850  0.588276  0.522637  0.464923  0.494377  0.476910  0.771432  0.434266  0.516867  0.571636  0.505545  0.442526  0.487924  0.550620  0.478926  0.482256  0.449864 0.0  0.522666  0.396942  0.573848  0.386606  0.527259  0.548065  0.561300  0.510707  0.509049  0.738390  0.468425  0.794032  0.662595  0.556552  0.570158  0.516308  0.700551  0.787104  0.549619  0.431421  0.661679  0.760363 
40  0.453294  0.503318  0.850176  0.662085  0.295806  0.489902  0.535272  0.615292  0.767388  0.469477  0.535932  0.479158  0.568887  0.273754  0.518746  0.590864  0.576730  0.542761  0.737943  0.840684  0.372388  0.606888  0.491276  0.461681  0.525641  0.203360  0.501783  0.561606  0.839036  0.235820  0.528224  0.417521  0.230717  0.326027  0.311748  0.353919  0.404386  0.221327  0.480093  0.522666 0.0  0.431560  0.562046  0.345231  0.588287  0.548890  0.471096  0.450424  0.364754  0.675436  0.293402  0.858509  0.645264  0.570297  0.680303  0.305908  0.737830  0.726943  0.516748  0.285009  0.808761  0.795992 
41  0.431751  0.490766  0.976757  0.533585  0.340764  0.626717  0.592269  0.512763  0.850374  0.524711  0.660409  0.612897  0.719872  0.496432  0.824771  0.479259  0.678211  0.610494  0.674737  0.834714  0.328087  0.537911  0.401056  0.489170  0.628536  0.386569  0.503109  0.531393  0.790967  0.462300  0.392390  0.614722  0.590091  0.424930  0.498755  0.548348  0.512732  0.415432  0.554939  0.396942  0.431560 0.0  0.603864  0.522805  0.675756  0.613977  0.402340  0.456761  0.529928  0.666753  0.464210  0.813023  0.824939  0.723593  0.653183  0.272044  0.630824  0.800902  0.578465  0.441310  0.877396  0.701663 
42  0.565898  0.471054  0.755633  0.429397  0.608568  0.262390  0.411250  0.388055  0.612616  0.588360  0.468833  0.438497  0.538098  0.649126  0.708380  0.581480  0.689492  0.704388  0.541713  0.883480  0.655971  0.569543  0.530411  0.602713  0.361012  0.592274  0.693442  0.503994  0.664959  0.610054  0.603076  0.627118  0.575897  0.568494  0.685547  0.532911  0.594463  0.571912  0.422489  0.573848  0.562046  0.603864 0.0  0.539698  0.665522  0.654010  0.460626  0.506681  0.535768  0.689778  0.749837  0.467986  0.665440  0.371186  0.641441  0.492458  0.593630  0.701728  0.491942  0.696049  0.656257  0.696870 
43  0.454994  0.592347  0.702905  0.745388  0.397924  0.592199  0.571221  0.654672  0.711735  0.433616  0.724418  0.614098  0.500358  0.339033  0.756376  0.604504  0.587005  0.514610  0.740763  0.610285  0.363934  0.608855  0.468023  0.543206  0.651172  0.367566  0.446344  0.506397  0.573939  0.327639  0.510102  0.400565  0.297103  0.393731  0.389541  0.331723  0.366784  0.295324  0.345679  0.386606  0.345231  0.522805  0.539698 0.0  0.678002  0.566601  0.331981  0.517134  0.443603  0.797616  0.344824  0.747901  0.800056  0.643391  0.662820  0.542413  0.557859  0.674840  0.645133  0.389343  0.613111  0.711530 
44  0.513043  0.701932  0.691201  0.643531  0.710253  0.606896  0.612103  0.522819  0.533493  0.521468  0.725890  0.735667  0.681324  0.776212  0.711282  0.715239  0.547665  0.567373  0.700394  0.773991  0.670364  0.765233  0.707114  0.483416  0.811893  0.574336  0.711765  0.555101  0.757877  0.560879  0.474261  0.694443  0.706622  0.732693  0.638036  0.831876  0.645474  0.726519  0.615315  0.527259  0.588287  0.675756  0.665522  0.678002 0.0  0.348323  0.571762  0.523771  0.772198  0.573972  0.528320  0.630647  0.728731  0.746690  0.827556  0.648206  0.785069  0.649053  0.615374  0.626447  0.707483  0.719784 
45  0.466928  0.568091  0.589171  0.565405  0.541100  0.748662  0.681720  0.675145  0.821940  0.422193  0.657951  0.641071  0.464522  0.604220  0.717929  0.507921  0.452096  0.641344  0.705613  0.699224  0.726395  0.699649  0.709643  0.507742  0.678146  0.553032  0.512379  0.437072  0.608246  0.492318  0.460787  0.652981  0.709066  0.795691  0.488647  0.639899  0.539996  0.525179  0.572394  0.548065  0.548890  0.613977  0.654010  0.566601  0.348323 0.0  0.600823  0.446311  0.514818  0.600271  0.502221  0.692567  0.682557  0.644641  0.518628  0.470660  0.609887  0.677915  0.668034  0.745617  0.686496  0.727652 
46  0.492693  0.524085  0.666820  0.626465  0.504298  0.460384  0.515279  0.672636  0.644800  0.471655  0.606170  0.593784  0.567714  0.509179  0.776489  0.609705  0.579528  0.714404  0.586856  0.612366  0.566466  0.426128  0.335568  0.600975  0.510518  0.496954  0.490919  0.463446  0.712093  0.437885  0.380089  0.526476  0.468268  0.385113  0.537067  0.520700  0.471257  0.424255  0.459113  0.561300  0.471096  0.402340  0.460626  0.331981  0.571762  0.600823 0.0  0.598439  0.524477  0.712767  0.481844  0.570717  0.821122  0.566587  0.576715  0.371630  0.570242  0.622379  0.506728  0.568954  0.673281  0.758834 
47  0.438371  0.493318  0.669741  0.522693  0.449997  0.505094  0.480650  0.492754  0.726635  0.377063  0.627569  0.545373  0.584140  0.448849  0.713738  0.559865  0.501846  0.715197  0.719990  0.856347  0.519412  0.523729  0.536442  0.428814  0.592916  0.401919  0.589134  0.412470  0.785266  0.588892  0.351485  0.456928  0.459903  0.423638  0.533458  0.507470  0.622580  0.414508  0.515479  0.510707  0.450424  0.456761  0.506681  0.517134  0.523771  0.446311  0.598439 0.0  0.501983  0.677228  0.471790  0.856182  0.649810  0.578024  0.667055  0.458985  0.547101  0.610870  0.699003  0.520166  0.812854  0.858811 
48  0.553035  0.592811  0.830706  0.602752  0.453425  0.609856  0.544415  0.579206  0.705495  0.583331  0.526321  0.511730  0.647269  0.416429  0.691915  0.615588  0.733597  0.788496  0.643727  0.802693  0.490161  0.581259  0.497216  0.447859  0.500037  0.357615  0.576685  0.545949  0.721351  0.384392  0.499674  0.453338  0.335630  0.455251  0.384676  0.368677  0.449441  0.442508  0.593930  0.509049  0.364754  0.529928  0.535768  0.443603  0.772198  0.514818  0.524477  0.501983 0.0  0.695305  0.399386  0.676205  0.632186  0.655564  0.632683  0.414387  0.525835  0.599226  0.673368  0.356462  0.658598  0.751439 
49  0.626878  0.601569  0.511081  0.632274  0.624653  0.743001  0.719359  0.600684  0.607457  0.796409  0.651657  0.730374  0.780685  0.789331  0.615060  0.713862  0.576870  0.644170  0.413237  0.678035  0.732807  0.740275  0.696609  0.762510  0.655951  0.684558  0.705171  0.726072  0.488063  0.846960  0.719228  0.665197  0.641214  0.656763  0.603594  0.738227  0.689926  0.751885  0.730873  0.738390  0.675436  0.666753  0.689778  0.797616  0.573972  0.600271  0.712767  0.677228  0.695305 0.0  0.681782  0.406391  0.566330  0.694036  0.553494  0.695111  0.617707  0.570984  0.640574  0.630181  0.519172  0.505356 
50  0.518031  0.479556  0.670215  0.807294  0.317900  0.659482  0.572626  0.473511  0.623740  0.507261  0.619891  0.544922  0.585368  0.357849  0.663591  0.608109  0.737460  0.730720  0.629564  0.675146  0.382912  0.664369  0.498591  0.467938  0.549616  0.321916  0.594175  0.599062  0.705802  0.306481  0.481424  0.377465  0.371888  0.458232  0.343480  0.322503  0.426079  0.316501  0.488226  0.468425  0.293402  0.464210  0.749837  0.344824  0.528320  0.502221  0.481844  0.471790  0.399386  0.681782 0.0  0.809207  0.642358  0.665067  0.598876  0.487678  0.676332  0.746367  0.617952  0.344369  0.682710  0.787938 
51  0.695686  0.796255  0.641294  0.623892  0.836511  0.554408  0.659450  0.768515  0.679383  0.744212  0.734405  0.700753  0.720563  0.916239  0.743863  0.915661  0.565355  0.720530  0.493173  0.677588  0.868753  0.554073  0.727554  0.778251  0.583457  0.773929  0.665879  0.673780  0.576798  0.831665  0.649711  0.765813  0.879891  0.728438  0.775667  0.841499  0.718574  0.825871  0.752145  0.794032  0.858509  0.813023  0.467986  0.747901  0.630647  0.692567  0.570717  0.856182  0.676205  0.406391  0.809207 0.0  0.581220  0.560171  0.527780  0.734148  0.608782  0.620302  0.839706  0.726505  0.520193  0.501044 
52  0.599265  0.708960  0.537918  0.651529  0.708069  0.712850  0.775206  0.482287  0.467649  0.676823  0.574479  0.675305  0.662161  0.755646  0.332955  0.661366  0.660338  0.660116  0.530842  0.635551  0.756157  0.618569  0.686571  0.713101  0.620483  0.610621  0.614970  0.653662  0.578962  0.774211  0.750367  0.700466  0.649721  0.618221  0.825884  0.684294  0.687163  0.672113  0.663852  0.662595  0.645264  0.824939  0.665440  0.800056  0.728731  0.682557  0.821122  0.649810  0.632186  0.566330  0.642358  0.581220 0.0  0.668730  0.644019  0.653817  0.443440  0.540494  0.770950  0.708800  0.639919  0.445642 
53  0.514464  0.566036  0.754681  0.532188  0.718919  0.450139  0.473677  0.642053  0.615756  0.681073  0.625697  0.631954  0.571087  0.716072  0.696106  0.746052  0.744250  0.785270  0.607022  0.826696  0.706525  0.440006  0.575773  0.681399  0.446527  0.638836  0.731570  0.645084  0.738464  0.641156  0.439254  0.558954  0.497816  0.543060  0.598396  0.496669  0.654393  0.469651  0.605451  0.556552  0.570297  0.723593  0.371186  0.643391  0.746690  0.644641  0.566587  0.578024  0.655564  0.694036  0.665067  0.560171  0.668730 0.0  0.568996  0.537172  0.704939  0.800501  0.574216  0.729008  0.679237  0.641507 
54  0.660396  0.637253  0.595574  0.611318  0.589439  0.570008  0.699426  0.678182  0.547733  0.645995  0.582377  0.652743  0.464795  0.655110  0.648471  0.645468  0.620684  0.514928  0.574522  0.447986  0.737898  0.577580  0.692746  0.457217  0.673592  0.653034  0.454994  0.665008  0.454618  0.608355  0.674032  0.626908  0.445815  0.691722  0.587045  0.504621  0.607580  0.550614  0.426612  0.570158  0.680303  0.653183  0.641441  0.662820  0.827556  0.518628  0.576715  0.667055  0.632683  0.553494  0.598876  0.527780  0.644019  0.568996 0.0  0.711854  0.505310  0.619967  0.665395  0.748925  0.463022  0.449607 
55  0.507119  0.393703  0.900735  0.607217  0.344789  0.525498  0.497923  0.487824  0.900687  0.459123  0.521239  0.526801  0.653798  0.466442  0.739309  0.450243  0.607752  0.692400  0.733445  0.898656  0.462387  0.415523  0.322703  0.491458  0.514769  0.357489  0.513778  0.543781  0.792086  0.391377  0.397966  0.518263  0.379939  0.335899  0.446127  0.432338  0.520151  0.303352  0.495982  0.516308  0.305908  0.272044  0.492458  0.542413  0.648206  0.470660  0.371630  0.458985  0.414387  0.695111  0.487678  0.734148  0.653817  0.537172  0.711854 0.0  0.635820  0.850109  0.451960  0.357234  0.870409  0.947089 
56  0.642282  0.505144  0.523196  0.584040  0.654592  0.459123  0.710194  0.312032  0.558886  0.698091  0.511692  0.608693  0.668619  0.837912  0.479465  0.592411  0.856762  0.626210  0.689149  0.761878  0.698275  0.681735  0.567124  0.638966  0.712405  0.697889  0.613802  0.719676  0.584990  0.830521  0.696838  0.583610  0.697046  0.612931  0.645912  0.763424  0.719869  0.630941  0.578860  0.700551  0.737830  0.630824  0.593630  0.557859  0.785069  0.609887  0.570242  0.547101  0.525835  0.617707  0.676332  0.608782  0.443440  0.704939  0.505310  0.635820 0.0  0.625138  0.573651  0.631274  0.523960  0.586185 
57  0.618844  0.824984  0.538574  0.578528  0.733937  0.762938  0.676100  0.655341  0.641557  0.476619  0.658281  0.827389  0.648499  0.710167  0.553289  0.718033  0.650471  0.817043  0.584457  0.717081  0.720572  0.655296  0.793028  0.483330  0.646581  0.729384  0.635454  0.548917  0.532341  0.834087  0.610255  0.681075  0.580356  0.753017  0.743530  0.764279  0.743997  0.679317  0.721172  0.787104  0.726943  0.800902  0.701728  0.674840  0.649053  0.677915  0.622379  0.610870  0.599226  0.570984  0.746367  0.620302  0.540494  0.800501  0.619967  0.850109  0.625138 0.0  0.730051  0.714302  0.575660  0.648295 
58  0.481963  0.386176  0.809180  0.513738  0.713654  0.480026  0.470952  0.452795  0.772065  0.615007  0.265937  0.285971  0.723951  0.506507  0.731869  0.547169  0.793467  0.786410  0.828588  0.944698  0.629188  0.464605  0.544542  0.705175  0.471381  0.599620  0.633971  0.670402  0.915314  0.566157  0.710616  0.590607  0.610443  0.463373  0.675278  0.546988  0.582089  0.560587  0.705833  0.549619  0.516748  0.578465  0.491942  0.645133  0.615374  0.668034  0.506728  0.699003  0.673368  0.640574  0.617952  0.839706  0.770950  0.574216  0.665395  0.451960  0.573651  0.730051 0.0  0.544621  0.825622  0.825073 
59  0.459630  0.526595  0.827411  0.656249  0.338242  0.720075  0.657712  0.535080  0.803931  0.554875  0.516033  0.386639  0.589392  0.301140  0.642854  0.563474  0.681734  0.639706  0.695853  0.882236  0.380843  0.582147  0.491655  0.438564  0.649853  0.255914  0.601279  0.645626  0.746188  0.332024  0.518119  0.432260  0.369210  0.385909  0.374847  0.379802  0.313339  0.304307  0.496254  0.431421  0.285009  0.441310  0.696049  0.389343  0.626447  0.745617  0.568954  0.520166  0.356462  0.630181  0.344369  0.726505  0.708800  0.729008  0.748925  0.357234  0.631274  0.714302  0.544621 0.0  0.776776  0.837681 
60  0.620982  0.778885  0.568374  0.632018  0.785875  0.800438  0.817044  0.627350  0.513382  0.781136  0.736096  0.754748  0.438822  0.824980  0.745210  0.736435  0.723980  0.447785  0.515767  0.480819  0.790238  0.775986  0.613972  0.772150  0.706164  0.745564  0.399825  0.793636  0.263975  0.732051  0.797411  0.814545  0.712966  0.771706  0.664037  0.667911  0.842552  0.599155  0.569057  0.661679  0.808761  0.877396  0.656257  0.613111  0.707483  0.686496  0.673281  0.812854  0.658598  0.519172  0.682710  0.520193  0.639919  0.679237  0.463022  0.870409  0.523960  0.575660  0.825622  0.776776 0.0  0.320254 
61  0.544049  0.701990  0.428120  0.601953  0.892835  0.692290  0.834246  0.667153  0.482099  0.852222  0.795128  0.643649  0.490856  0.795415  0.612810  0.848970  0.738056  0.515775  0.475663  0.529168  0.914483  0.673253  0.763910  0.752539  0.791608  0.707887  0.470584  0.573847  0.320954  0.765109  0.807023  0.773090  0.658771  0.709229  0.897227  0.823036  0.650036  0.851108  0.615797  0.760363  0.795992  0.701663  0.696870  0.711530  0.719784  0.727652  0.758834  0.858811  0.751439  0.505356  0.787938  0.501044  0.445642  0.641507  0.449607  0.947089  0.586185  0.648295  0.825073  0.837681  0.320254 0.0 
