62
0 0.0  0.527301  0.700716  0.564948  0.532090  0.516306  0.523327  0.510738  0.587692  0.507901  0.535478  0.435525  0.479490  0.526453  0.619267  0.558615  0.687637  0.559561  0.668066  0.595510  0.529332  0.483341  0.471998  0.518048  0.515612  0.568420  0.430872  0.607424  0.667922  0.505146  0.576999  0.504697  0.584010  0.502644  0.432180  0.569589  0.573139  0.475057  0.528935  0.459587  0.505469  0.420829  0.478848  0.461058  0.376178  0.512194  0.551274  0.463829  0.572448  0.545681  0.505274  0.539169  0.605513  0.536287  0.563287  0.465152  0.673616  0.637039  0.505034  0.485586  0.574984  0.587940 
1  0.527301 0.0  0.762855  0.513275  0.489717  0.427247  0.516657  0.490686  0.780498  0.648653  0.457228  0.488504  0.660011  0.569320  0.728344  0.549196  0.674361  0.630452  0.735000  0.899017  0.632958  0.647555  0.483993  0.603402  0.490228  0.504536  0.582234  0.701029  0.754927  0.533620  0.614100  0.518025  0.501036  0.467950  0.594787  0.596105  0.665747  0.524678  0.518087  0.673002  0.467509  0.599374  0.511195  0.566906  0.660725  0.596392  0.510644  0.546779  0.566348  0.740561  0.591986  0.869736  0.790860  0.637098  0.618032  0.397448  0.658985  0.737210  0.384254  0.521933  0.736830  0.861868 
2  0.700716  0.762855 0.0  0.669975  0.904586  0.738722  0.846188  0.723664  0.687431  0.587228  0.703325  0.844049  0.713445  0.789931  0.520344  0.801388  0.673612  0.782500  0.521485  0.838471  0.761306  0.800465  0.821047  0.739819  0.768539  0.772749  0.801521  0.757408  0.515447  0.679711  0.813436  0.809480  0.621210  0.854451  0.700767  0.786433  0.725026  0.884442  0.836654  0.749935  0.683810  0.903301  0.578963  0.643914  0.732175  0.560308  0.811333  0.533607  0.745192  0.593985  0.631293  0.483601  0.562385  0.903841  0.635220  0.804814  0.597588  0.433954  0.724703  0.925976  0.605932  0.481788 
3  0.564948  0.513275  0.669975 0.0  0.702810  0.397246  0.484716  0.459476  0.608538  0.590040  0.483914  0.430830  0.576233  0.510585  0.708283  0.633002  0.747391  0.688288  0.565548  0.718496  0.555843  0.527987  0.671827  0.589653  0.410587  0.571132  0.631968  0.547174  0.748606  0.565607  0.696080  0.590715  0.583943  0.694589  0.676490  0.483888  0.703239  0.578336  0.702098  0.551551  0.612640  0.702277  0.415463  0.720779  0.744632  0.680866  0.609765  0.596110  0.644561  0.568051  0.622887  0.594331  0.677091  0.485237  0.636400  0.508730  0.568876  0.652535  0.476020  0.579606  0.654050  0.644967 
4  0.532090  0.489717  0.904586  0.702810 0.0  0.688307  0.759272  0.600665  0.708806  0.479687  0.652341  0.739799  0.730019  0.340859  0.684289  0.665536  0.687580  0.689725  0.807413  0.782248  0.220440  0.662247  0.517368  0.514040  0.641577  0.296733  0.386561  0.531059  0.907329  0.292620  0.459841  0.386054  0.314482  0.472200  0.341250  0.353376  0.439498  0.268209  0.531920  0.423120  0.320058  0.288296  0.716881  0.313466  0.634169  0.639555  0.478454  0.525753  0.401881  0.729787  0.305577  0.802662  0.627113  0.648485  0.679021  0.366084  0.664650  0.702985  0.665436  0.304694  0.950420  0.838602 
5  0.516306  0.427247  0.738722  0.397246  0.688307 0.0  0.284025  0.393775  0.664754  0.545350  0.325380  0.373270  0.614685  0.603266  0.663475  0.557007  0.653887  0.921328  0.673609  0.739623  0.743824  0.499018  0.575977  0.653002  0.448452  0.594395  0.488592  0.441364  0.780773  0.597024  0.552701  0.545786  0.607689  0.487082  0.588290  0.682389  0.652901  0.589493  0.550387  0.587621  0.503455  0.630922  0.254840  0.619926  0.607990  0.655492  0.509284  0.550330  0.653579  0.723506  0.706976  0.591517  0.666583  0.434161  0.660754  0.422903  0.449239  0.769274  0.518936  0.678456  0.806649  0.963895 
6  0.523327  0.516657  0.846188  0.484716  0.759272  0.284025 0.0  0.434330  0.736544  0.494596  0.354064  0.427564  0.565543  0.594242  0.613407  0.557352  0.728738  0.823081  0.812435  0.786171  0.739888  0.530968  0.471761  0.586373  0.410666  0.479451  0.506804  0.552648  0.872457  0.502496  0.590355  0.545879  0.644459  0.600799  0.558305  0.548560  0.630947  0.575991  0.619893  0.545497  0.481323  0.606383  0.431111  0.522762  0.579700  0.694518  0.521100  0.488670  0.635563  0.735665  0.645700  0.686842  0.724604  0.444048  0.712782  0.491820  0.669502  0.766285  0.516489  0.626665  0.818253  0.781821 
7  0.510738  0.490686  0.723664  0.459476  0.600665  0.393775  0.434330 0.0  0.589450  0.529645  0.408437  0.546455  0.559497  0.585284  0.465511  0.484153  0.796784  0.622538  0.718035  0.782491  0.784725  0.615475  0.747029  0.576006  0.473540  0.598069  0.561993  0.599989  0.690921  0.594619  0.620857  0.583811  0.699611  0.569327  0.639550  0.655890  0.680138  0.543041  0.516348  0.716125  0.553743  0.747252  0.378980  0.660089  0.562111  0.700006  0.725960  0.516081  0.571868  0.640255  0.570072  0.612625  0.495203  0.616359  0.550582  0.536681  0.403409  0.694835  0.470220  0.531515  0.577052  0.861697 
8  0.587692  0.780498  0.687431  0.608538  0.708806  0.664754  0.736544  0.589450 0.0  0.754255  0.770078  0.800452  0.524338  0.863237  0.507552  0.720154  0.747333  0.576917  0.538424  0.613431  0.849339  0.693884  0.827928  0.630253  0.736973  0.793217  0.558356  0.648818  0.462748  0.859718  0.646294  0.829591  0.778596  0.743246  0.763962  0.707289  0.748041  0.716426  0.534949  0.715576  0.887078  0.941376  0.542619  0.858326  0.577822  0.653272  0.588151  0.813042  0.646347  0.628439  0.692088  0.659973  0.590310  0.583503  0.533211  0.704461  0.608289  0.786317  0.729964  0.973560  0.503974  0.563492 
9  0.507901  0.648653  0.587228  0.590040  0.479687  0.545350  0.494596  0.529645  0.754255 0.0  0.566721  0.553869  0.574744  0.424381  0.795105  0.605213  0.459536  0.684581  0.840529  0.633513  0.573701  0.594464  0.565694  0.360665  0.404373  0.562581  0.504543  0.334284  0.808351  0.521117  0.403776  0.638593  0.476130  0.458062  0.517360  0.446450  0.565589  0.421477  0.481498  0.469639  0.450899  0.567725  0.581934  0.485234  0.537572  0.410092  0.482594  0.389115  0.494147  0.760719  0.490941  0.786083  0.786271  0.687299  0.560924  0.480046  0.744921  0.527495  0.458659  0.609699  0.754409  0.847252 
10  0.535478  0.457228  0.703325  0.483914  0.652341  0.325380  0.354064  0.408437  0.770078  0.566721 0.0  0.385696  0.740108  0.566127  0.450750  0.519373  0.735588  0.715672  0.657815  0.790518  0.665656  0.525745  0.578883  0.563749  0.419577  0.588038  0.606540  0.572673  0.851724  0.553308  0.603349  0.465949  0.517003  0.435083  0.511458  0.575843  0.620445  0.619316  0.554822  0.581249  0.405320  0.579839  0.463665  0.587761  0.655024  0.775511  0.623604  0.630107  0.476126  0.773627  0.516583  0.751134  0.699444  0.746377  0.496206  0.513527  0.581019  0.688073  0.304166  0.547396  0.806544  0.685137 
11  0.435525  0.488504  0.844049  0.430830  0.739799  0.373270  0.427564  0.546455  0.800452  0.553869  0.385696 0.0  0.882724  0.482061  0.723235  0.545907  0.739764  0.807581  0.760392  0.851567  0.672453  0.528893  0.596231  0.535486  0.293028  0.535108  0.643782  0.523180  0.851912  0.558466  0.659370  0.673849  0.687033  0.474258  0.599266  0.582244  0.601634  0.674408  0.580274  0.645813  0.479971  0.681384  0.456672  0.618227  0.832926  0.708051  0.829452  0.536489  0.538335  0.623645  0.610487  0.726408  0.591846  0.537068  0.725159  0.513639  0.573330  0.809277  0.261025  0.504562  0.820022  0.772129 
12  0.479490  0.660011  0.713445  0.576233  0.730019  0.614685  0.565543  0.559497  0.524338  0.574744  0.740108  0.882724 0.0  0.641636  0.753394  0.684214  0.710755  0.485142  0.647911  0.456733  0.686362  0.654726  0.645334  0.591202  0.794976  0.583998  0.345841  0.589904  0.437545  0.656607  0.577317  0.549871  0.620879  0.620297  0.568319  0.519809  0.640697  0.541939  0.324187  0.562971  0.558771  0.792971  0.697892  0.487015  0.713739  0.525336  0.549058  0.569073  0.641682  0.759528  0.551628  0.699103  0.508366  0.520348  0.436693  0.649265  0.564521  0.708086  0.705329  0.558820  0.492741  0.523507 
13  0.526453  0.569320  0.789931  0.510585  0.340859  0.603266  0.594242  0.585284  0.863237  0.424381  0.566127  0.482061  0.641636 0.0  0.705100  0.627518  0.702093  0.784877  0.774620  0.706388  0.321626  0.487920  0.523705  0.494766  0.500504  0.305113  0.572272  0.597018  0.835912  0.344754  0.515099  0.330401  0.310739  0.378366  0.250218  0.388683  0.388889  0.241747  0.402786  0.470301  0.264628  0.515459  0.738814  0.344356  0.827818  0.595660  0.521823  0.482085  0.383801  0.669198  0.364640  0.904859  0.836429  0.621192  0.605507  0.411158  0.609688  0.760409  0.633647  0.286034  0.885279  0.837334 
14  0.619267  0.728344  0.520344  0.708283  0.684289  0.663475  0.613407  0.465511  0.507552  0.795105  0.450750  0.723235  0.753394  0.705100 0.0  0.655618  0.696349  0.615885  0.597508  0.743628  0.739165  0.845191  0.865558  0.760718  0.820697  0.782412  0.740011  0.798927  0.554331  0.745779  0.681329  0.778146  0.748226  0.637803  0.816424  0.666199  0.705510  0.731569  0.784506  0.719847  0.662180  0.810338  0.657447  0.849056  0.623676  0.805113  0.912454  0.659068  0.733205  0.562453  0.723562  0.626533  0.282902  0.719310  0.611840  0.647300  0.472666  0.628911  0.723586  0.741698  0.598478  0.553808 
15  0.558615  0.549196  0.801388  0.633002  0.665536  0.557007  0.557352  0.484153  0.720154  0.605213  0.519373  0.545907  0.684214  0.627518  0.655618 0.0  0.681510  0.763657  0.665589  0.887055  0.594948  0.680366  0.561481  0.683619  0.578398  0.627521  0.623584  0.607508  1.000000  0.538543  0.579723  0.656918  0.723939  0.538975  0.471420  0.649503  0.712930  0.600258  0.594445  0.472800  0.519196  0.506484  0.661058  0.705911  0.731842  0.633661  0.565586  0.508907  0.623867  0.604753  0.484814  0.846467  0.685275  0.559189  0.664651  0.496489  0.611961  0.712965  0.496688  0.536543  0.751242  0.855474 
16  0.687637  0.674361  0.673612  0.747391  0.687580  0.653887  0.728738  0.796784  0.747333  0.459536  0.735588  0.739764  0.710755  0.702093  0.696349  0.681510 0.0  0.673821  0.709157  0.633929  0.687378  0.813009  0.817074  0.601838  0.831123  0.710613  0.538865  0.479773  0.680515  0.606793  0.551451  0.707707  0.722191  0.765149  0.670408  0.655628  0.715103  0.519316  0.482843  0.554591  0.614205  0.796276  0.561726  0.686537  0.481054  0.434478  0.594286  0.534296  0.599996  0.536974  0.666017  0.624992  0.729282  0.637902  0.573850  0.633089  0.790985  0.605504  0.750496  0.738221  0.768853  0.675355 
17  0.559561  0.630452  0.782500  0.688288  0.689725  0.921328  0.823081  0.622538  0.576917  0.684581  0.715672  0.807581  0.485142  0.784877  0.615885  0.763657  0.673821 0.0  0.687814  0.422835  0.784221  0.913102  0.757533  0.786856  0.717192  0.613264  0.433454  0.658245  0.416924  0.605843  0.731562  0.751691  0.711193  0.750290  0.703262  0.621505  0.614824  0.743083  0.423212  0.622236  0.649063  0.763758  0.730162  0.620534  0.670027  0.671600  0.720387  0.839503  0.761464  0.643495  0.529539  0.758415  0.588514  0.749448  0.469843  0.713922  0.715097  0.782925  0.743301  0.656973  0.560557  0.448162 
18  0.668066  0.735000  0.521485  0.565548  0.807413  0.673609  0.812435  0.718035  0.538424  0.840529  0.657815  0.760392  0.647911  0.774620  0.597508  0.665589  0.709157  0.687814 0.0  0.569521  0.792773  0.585465  0.676050  0.741699  0.571805  0.787853  0.811287  0.663881  0.471419  0.732476  0.634208  0.699593  0.650265  0.765001  0.713857  0.742549  0.744731  0.598965  0.762070  0.753473  0.829189  0.766977  0.596267  0.778999  0.656672  0.707720  0.713068  0.650701  0.725220  0.498997  0.679355  0.417243  0.654325  0.670955  0.636874  0.743275  0.739871  0.667083  0.687014  0.853450  0.542109  0.506807 
19  0.595510  0.899017  0.838471  0.718496  0.782248  0.739623  0.786171  0.782491  0.613431  0.633513  0.790518  0.851567  0.456733  0.706388  0.743628  0.887055  0.633929  0.422835  0.569521 0.0  0.762759  0.718872  0.896616  0.671967  0.876395  0.696577  0.537813  0.807486  0.452247  0.803866  0.733621  0.806408  0.785061  0.957587  0.858404  0.730758  0.713540  0.698901  0.526149  0.800410  0.917250  0.940427  0.884920  0.699020  0.762172  0.582033  0.594693  0.852187  0.808722  0.701996  0.548259  0.658402  0.739406  0.808364  0.448538  0.817069  0.835007  0.770733  0.879510  0.774634  0.443823  0.526363 
20  0.529332  0.632958  0.761306  0.555843  0.220440  0.743824  0.739888  0.784725  0.849339  0.573701  0.665656  0.672453  0.686362  0.321626  0.739165  0.594948  0.687378  0.784221  0.792773  0.762759 0.0  0.643364  0.501256  0.557243  0.666596  0.333143  0.590299  0.591095  0.594410  0.424161  0.509061  0.521437  0.419298  0.567127  0.387339  0.433970  0.418525  0.349132  0.607825  0.516925  0.366725  0.404663  0.733705  0.415398  0.757139  0.688051  0.563307  0.548271  0.487278  0.689069  0.347242  0.939724  0.717169  0.806629  0.566607  0.448075  0.654069  0.779132  0.733220  0.414410  0.809976  0.758897 
21  0.483341  0.647555  0.800465  0.527987  0.662247  0.499018  0.530968  0.615475  0.693884  0.594464  0.525745  0.528893  0.654726  0.487920  0.845191  0.680366  0.813009  0.913102  0.585465  0.718872  0.643364 0.0  0.427181  0.526242  0.491415  0.516796  0.552787  0.637708  0.716491  0.513593  0.478354  0.534296  0.502349  0.449715  0.557576  0.491529  0.655966  0.483339  0.587786  0.529960  0.612623  0.546264  0.493786  0.519336  0.762807  0.595303  0.414297  0.568764  0.582086  0.826776  0.578969  0.590411  0.737653  0.426818  0.704421  0.461027  0.643538  0.663717  0.478976  0.623118  0.768913  0.714483 
22  0.471998  0.483993  0.821047  0.671827  0.517368  0.575977  0.471761  0.747029  0.827928  0.565694  0.578883  0.596231  0.645334  0.523705  0.865558  0.561481  0.817074  0.757533  0.676050  0.896616  0.501256  0.427181 0.0  0.552704  0.646723  0.444904  0.570930  0.516204  0.840311  0.513008  0.512353  0.627815  0.443962  0.281778  0.486140  0.453957  0.643943  0.391458  0.570638  0.464408  0.429264  0.391313  0.701223  0.516465  0.797282  0.765007  0.315355  0.512157  0.401143  0.600040  0.444988  0.785079  0.697171  0.677595  0.697509  0.302845  0.616229  0.721684  0.577405  0.432026  0.787712  0.756064 
23  0.518048  0.603402  0.739819  0.589653  0.514040  0.653002  0.586373  0.576006  0.630253  0.360665  0.563749  0.535486  0.591202  0.494766  0.760718  0.683619  0.601838  0.786856  0.741699  0.671967  0.557243  0.526242  0.552704 0.0  0.524759  0.495998  0.537586  0.408639  0.813048  0.459716  0.462047  0.530916  0.487217  0.386049  0.379986  0.435709  0.477272  0.484477  0.537983  0.528659  0.483386  0.599055  0.519802  0.502355  0.711211  0.573332  0.503844  0.342675  0.473969  0.729817  0.431921  0.902167  0.751754  0.696717  0.627653  0.532769  0.647117  0.511249  0.706207  0.433034  0.774124  0.612821 
24  0.515612  0.490228  0.768539  0.410587  0.641577  0.448452  0.410666  0.473540  0.736973  0.404373  0.419577  0.293028  0.794976  0.500504  0.820697  0.578398  0.831123  0.717192  0.571805  0.876395  0.666596  0.491415  0.646723  0.524759 0.0  0.661182  0.655078  0.618774  0.880177  0.479166  0.507468  0.648155  0.452621  0.592385  0.551278  0.512503  0.475132  0.617701  0.581468  0.568723  0.488983  0.696458  0.376791  0.583352  0.682462  0.729578  0.590407  0.538921  0.647862  0.694155  0.682328  0.677250  0.758796  0.528260  0.700329  0.475240  0.682127  0.678182  0.404681  0.636522  0.715367  0.791832 
25  0.568420  0.504536  0.772749  0.571132  0.296733  0.594395  0.479451  0.598069  0.793217  0.562581  0.588038  0.535108  0.583998  0.305113  0.782412  0.627521  0.710613  0.613264  0.787853  0.696577  0.333143  0.516796  0.444904  0.495998  0.661182 0.0  0.480999  0.637361  0.905035  0.293593  0.400045  0.355306  0.320627  0.377327  0.318017  0.389214  0.405262  0.251917  0.504964  0.454754  0.189939  0.371730  0.587365  0.391253  0.720878  0.549647  0.535405  0.410667  0.389681  0.713958  0.320687  0.807209  0.781866  0.533513  0.552226  0.289181  0.780847  0.761723  0.644234  0.252519  0.900221  0.833532 
26  0.430872  0.582234  0.801521  0.631968  0.386561  0.488592  0.506804  0.561993  0.558356  0.504543  0.606540  0.643782  0.345841  0.572272  0.740011  0.623584  0.538865  0.433454  0.811287  0.537813  0.590299  0.552787  0.570930  0.537586  0.655078  0.480999 0.0  0.574487  0.537596  0.575374  0.600844  0.641496  0.493924  0.587949  0.496686  0.507391  0.576466  0.507773  0.215255  0.469870  0.495668  0.614823  0.557372  0.382155  0.554537  0.629605  0.521006  0.594585  0.478011  0.624990  0.544592  0.783932  0.777882  0.708793  0.517660  0.468063  0.601737  0.680832  0.709197  0.554756  0.540815  0.594880 
27  0.607424  0.701029  0.757408  0.547174  0.531059  0.441364  0.552648  0.599989  0.648818  0.334284  0.572673  0.523180  0.589904  0.597018  0.798927  0.607508  0.479773  0.658245  0.663881  0.807486  0.591095  0.637708  0.516204  0.408639  0.618774  0.637361  0.574487 0.0  0.728596  0.568883  0.465072  0.624998  0.558627  0.530235  0.542645  0.565845  0.607227  0.626508  0.540723  0.479909  0.609109  0.531782  0.492853  0.496442  0.502749  0.500304  0.473683  0.423994  0.579957  0.666421  0.565979  0.698048  0.740291  0.662522  0.645451  0.535738  0.552903  0.608172  0.650977  0.659824  0.574843  0.704739 
28  0.667922  0.754927  0.515447  0.748606  0.907329  0.780773  0.872457  0.690921  0.462748  0.808351  0.851724  0.851912  0.437545  0.835912  0.554331  1.000000  0.680515  0.416924  0.471419  0.452247  0.594410  0.716491  0.840311  0.813048  0.880177  0.905035  0.537596  0.728596 0.0  0.724376  0.911993  0.820591  0.922057  0.796212  0.747864  0.763192  0.701046  0.793926  0.587547  0.700695  0.770311  0.840577  0.818670  0.605153  0.616915  0.752872  0.603734  0.811911  0.673313  0.518441  0.676080  0.453123  0.556084  0.639448  0.421080  0.802168  0.791278  0.529772  0.942317  0.832195  0.315394  0.304998 
29  0.505146  0.533620  0.679711  0.565607  0.292620  0.597024  0.502496  0.594619  0.859718  0.521117  0.553308  0.558466  0.656607  0.344754  0.745779  0.538543  0.606793  0.605843  0.732476  0.803866  0.424161  0.513593  0.513008  0.459716  0.479166  0.293593  0.575374  0.568883  0.724376 0.0  0.531898  0.394835  0.292009  0.344607  0.305218  0.360749  0.422172  0.271783  0.437475  0.477750  0.248761  0.419474  0.536924  0.315911  0.583632  0.481533  0.455550  0.555345  0.400861  0.735518  0.322374  0.667767  0.772261  0.675636  0.652976  0.406771  0.738270  0.671944  0.547583  0.349318  0.777428  0.754649 
30  0.576999  0.614100  0.813436  0.696080  0.459841  0.552701  0.590355  0.620857  0.646294  0.403776  0.603349  0.659370  0.577317  0.515099  0.681329  0.579723  0.551451  0.731562  0.634208  0.733621  0.509061  0.478354  0.512353  0.462047  0.507468  0.400045  0.600844  0.465072  0.911993  0.531898 0.0  0.585282  0.477307  0.481896  0.511517  0.465623  0.736625  0.454639  0.574463  0.558077  0.449705  0.412758  0.521530  0.429697  0.546190  0.499504  0.489526  0.397225  0.545953  0.809419  0.523490  0.734874  0.756817  0.580095  0.635259  0.424162  0.689660  0.782112  0.739679  0.498582  0.739722  0.860302 
31  0.504697  0.518025  0.809480  0.590715  0.386054  0.545786  0.545879  0.583811  0.829591  0.638593  0.465949  0.673849  0.549871  0.330401  0.778146  0.656918  0.707707  0.751691  0.699593  0.806408  0.521437  0.534296  0.627815  0.530916  0.648155  0.355306  0.641496  0.624998  0.820591  0.394835  0.585282 0.0  0.414105  0.519165  0.347821  0.422525  0.404818  0.394516  0.583174  0.542112  0.412568  0.679655  0.618145  0.409678  0.742424  0.708786  0.606301  0.478653  0.404180  0.644648  0.451089  0.777347  0.731784  0.712929  0.630400  0.499906  0.496395  0.703836  0.615388  0.387445  0.915006  0.923088 
32  0.584010  0.501036  0.621210  0.583943  0.314482  0.607689  0.644459  0.699611  0.778596  0.476130  0.517003  0.687033  0.620879  0.310739  0.748226  0.723939  0.722191  0.711193  0.650265  0.785061  0.419298  0.502349  0.443962  0.487217  0.452621  0.320627  0.493924  0.558627  0.922057  0.292009  0.477307  0.414105 0.0  0.328165  0.348475  0.244119  0.486858  0.165819  0.449994  0.520865  0.236353  0.493610  0.545290  0.371596  0.783603  0.651596  0.497269  0.465417  0.454539  0.648933  0.325304  0.851851  0.814278  0.483527  0.624611  0.371031  0.641958  0.627676  0.621448  0.299337  0.759666  0.864094 
33  0.502644  0.467950  0.854451  0.694589  0.472200  0.487082  0.600799  0.569327  0.743246  0.458062  0.435083  0.474258  0.620297  0.378366  0.637803  0.538975  0.765149  0.750290  0.765001  0.957587  0.567127  0.449715  0.281778  0.386049  0.592385  0.377327  0.587949  0.530235  0.796212  0.344607  0.481896  0.519165  0.328165 0.0  0.380274  0.447306  0.431340  0.359611  0.491325  0.463600  0.290567  0.418741  0.457270  0.396862  0.669760  0.742890  0.406613  0.402703  0.457027  0.753158  0.465305  0.703997  0.700036  0.570820  0.641718  0.286841  0.707197  0.686562  0.496302  0.400909  0.877912  0.713619 
34  0.432180  0.594787  0.700767  0.676490  0.341250  0.588290  0.558305  0.639550  0.763962  0.517360  0.511458  0.599266  0.568319  0.250218  0.816424  0.471420  0.670408  0.703262  0.713857  0.858404  0.387339  0.557576  0.486140  0.379986  0.551278  0.318017  0.496686  0.542645  0.747864  0.305218  0.511517  0.347821  0.348475  0.380274 0.0  0.359715  0.482727  0.289383  0.559691  0.540842  0.325471  0.500831  0.524093  0.422764  0.751463  0.565269  0.555008  0.532832  0.386902  0.721268  0.340370  0.823826  0.730330  0.677611  0.708146  0.468375  0.758513  0.703291  0.767690  0.344321  0.824797  0.712849 
35  0.569589  0.596105  0.786433  0.483888  0.353376  0.682389  0.548560  0.655890  0.707289  0.446450  0.575843  0.582244  0.519809  0.388683  0.666199  0.649503  0.655628  0.621505  0.742549  0.730758  0.433970  0.491529  0.453957  0.435709  0.512503  0.389214  0.507391  0.565845  0.763192  0.360749  0.465623  0.422525  0.244119  0.447306  0.359715 0.0  0.408298  0.266173  0.458831  0.499305  0.352258  0.501682  0.608081  0.447932  0.621028  0.580915  0.489740  0.479164  0.442626  0.714900  0.374076  0.736437  0.773472  0.579421  0.609298  0.458941  0.820446  0.677590  0.702677  0.451370  0.643322  0.693329 
36  0.573139  0.665747  0.725026  0.703239  0.439498  0.652901  0.630947  0.680138  0.748041  0.565589  0.620445  0.601634  0.640697  0.388889  0.705510  0.712930  0.715103  0.614824  0.744731  0.713540  0.418525  0.655966  0.643943  0.477272  0.475132  0.405262  0.576466  0.607227  0.701046  0.422172  0.736625  0.404818  0.486858  0.431340  0.482727  0.408298 0.0  0.325725  0.534883  0.508075  0.432675  0.534873  0.729923  0.416663  0.626495  0.552961  0.576122  0.552836  0.546192  0.586989  0.468577  0.779846  0.723902  0.672496  0.542373  0.603800  0.890631  0.733924  0.645312  0.352063  0.623985  0.773986 
37  0.475057  0.524678  0.884442  0.578336  0.268209  0.589493  0.575991  0.543041  0.716426  0.421477  0.619316  0.674408  0.541939  0.241747  0.731569  0.600258  0.519316  0.743083  0.598965  0.698901  0.349132  0.483339  0.391458  0.484477  0.617701  0.251917  0.507773  0.626508  0.793926  0.271783  0.454639  0.394516  0.165819  0.359611  0.289383  0.266173  0.325725 0.0  0.376819  0.508606  0.208033  0.510297  0.608769  0.303333  0.676515  0.684225  0.460428  0.471031  0.407179  0.798594  0.281984  0.831197  0.782565  0.592932  0.588422  0.290790  0.751066  0.569426  0.664788  0.291331  0.818400  0.687649 
38  0.528935  0.518087  0.836654  0.702098  0.531920  0.550387  0.619893  0.516348  0.534949  0.481498  0.554822  0.580274  0.324187  0.402786  0.784506  0.594445  0.482843  0.423212  0.762070  0.526149  0.607825  0.587786  0.570638  0.537983  0.581468  0.504964  0.215255  0.540723  0.587547  0.437475  0.574463  0.583174  0.449994  0.491325  0.559691  0.458831  0.534883  0.376819 0.0  0.422357  0.433442  0.554787  0.506689  0.377414  0.643493  0.506783  0.452230  0.563670  0.583143  0.735161  0.478504  0.724110  0.645692  0.532317  0.439054  0.446026  0.643533  0.585273  0.635933  0.508236  0.521908  0.699859 
39  0.459587  0.673002  0.749935  0.551551  0.423120  0.587621  0.545497  0.716125  0.715576  0.469639  0.581249  0.645813  0.562971  0.470301  0.719847  0.472800  0.554591  0.622236  0.753473  0.800410  0.516925  0.529960  0.464408  0.528659  0.568723  0.454754  0.469870  0.479909  0.700695  0.477750  0.558077  0.542112  0.520865  0.463600  0.540842  0.499305  0.508075  0.508606  0.422357 0.0  0.419849  0.410169  0.542815  0.418942  0.458781  0.483750  0.520781  0.437707  0.592522  0.837666  0.489825  0.794870  0.677124  0.669038  0.656824  0.500704  0.681436  0.706186  0.540726  0.498726  0.637886  0.701514 
40  0.505469  0.467509  0.683810  0.612640  0.320058  0.503455  0.481323  0.553743  0.887078  0.450899  0.405320  0.479971  0.558771  0.264628  0.662180  0.519196  0.614205  0.649063  0.829189  0.917250  0.366725  0.612623  0.429264  0.483386  0.488983  0.189939  0.495668  0.609109  0.770311  0.248761  0.449705  0.412568  0.236353  0.290567  0.325471  0.352258  0.432675  0.208033  0.433442  0.419849 0.0  0.407397  0.734934  0.341632  0.898220  0.619051  0.453553  0.517342  0.398680  0.768029  0.292226  0.876906  0.661465  0.616314  0.667642  0.309896  0.627855  0.711229  0.576787  0.260152  0.915357  0.785964 
41  0.420829  0.599374  0.903301  0.702277  0.288296  0.630922  0.606383  0.747252  0.941376  0.567725  0.579839  0.681384  0.792971  0.515459  0.810338  0.506484  0.796276  0.763758  0.766977  0.940427  0.404663  0.546264  0.391313  0.599055  0.696458  0.371730  0.614823  0.531782  0.840577  0.419474  0.412758  0.679655  0.493610  0.418741  0.500831  0.501682  0.534873  0.510297  0.554787  0.410169  0.407397 0.0  0.676163  0.475565  0.707268  0.673216  0.438467  0.485497  0.538312  0.747895  0.471610  0.780723  0.856098  0.669292  0.810137  0.280719  0.792869  0.775895  0.648906  0.447403  0.912986  0.931978 
42  0.478848  0.511195  0.578963  0.415463  0.716881  0.254840  0.431111  0.378980  0.542619  0.581934  0.463665  0.456672  0.697892  0.738814  0.657447  0.661058  0.561726  0.730162  0.596267  0.884920  0.733705  0.493786  0.701223  0.519802  0.376791  0.587365  0.557372  0.492853  0.818670  0.536924  0.521530  0.618145  0.545290  0.457270  0.524093  0.608081  0.729923  0.608769  0.506689  0.542815  0.734934  0.676163 0.0  0.565623  0.640802  0.610891  0.460294  0.551911  0.647922  0.587778  0.604829  0.415446  0.711494  0.424312  0.643676  0.540688  0.619212  0.682291  0.525541  0.724336  0.661920  0.728926 
43  0.461058  0.566906  0.643914  0.720779  0.313466  0.619926  0.522762  0.660089  0.858326  0.485234  0.587761  0.618227  0.487015  0.344356  0.849056  0.705911  0.686537  0.620534  0.778999  0.699020  0.415398  0.519336  0.516465  0.502355  0.583352  0.391253  0.382155  0.496442  0.605153  0.315911  0.429697  0.409678  0.371596  0.396862  0.422764  0.447932  0.416663  0.303333  0.377414  0.418942  0.341632  0.475565  0.565623 0.0  0.588041  0.515376  0.404836  0.458312  0.482631  0.824566  0.386778  0.705025  0.816265  0.678621  0.676970  0.350107  0.537822  0.860723  0.842243  0.460738  0.769949  0.723869 
44  0.376178  0.660725  0.732175  0.744632  0.634169  0.607990  0.579700  0.562111  0.577822  0.537572  0.655024  0.832926  0.713739  0.827818  0.623676  0.731842  0.481054  0.670027  0.656672  0.762172  0.757139  0.762807  0.797282  0.711211  0.682462  0.720878  0.554537  0.502749  0.616915  0.583632  0.546190  0.742424  0.783603  0.669760  0.751463  0.621028  0.626495  0.676515  0.643493  0.458781  0.898220  0.707268  0.640802  0.588041 0.0  0.378619  0.596719  0.595364  0.822586  0.558603  0.733413  0.697849  0.650539  0.758697  0.726383  0.687757  0.797609  0.669229  0.602420  0.777288  0.640959  0.715353 
45  0.512194  0.596392  0.560308  0.680866  0.639555  0.655492  0.694518  0.700006  0.653272  0.410092  0.775511  0.708051  0.525336  0.595660  0.805113  0.633661  0.434478  0.671600  0.707720  0.582033  0.688051  0.595303  0.765007  0.573332  0.729578  0.549647  0.629605  0.500304  0.752872  0.481533  0.499504  0.708786  0.651596  0.742890  0.565269  0.580915  0.552961  0.684225  0.506783  0.483750  0.619051  0.673216  0.610891  0.515376  0.378619 0.0  0.621558  0.451802  0.761744  0.598034  0.564256  0.713161  0.722447  0.699567  0.623701  0.553730  0.832687  0.707972  0.680665  0.706307  0.693088  0.727151 
46  0.551274  0.510644  0.811333  0.609765  0.478454  0.509284  0.521100  0.725960  0.588151  0.482594  0.623604  0.829452  0.549058  0.521823  0.912454  0.565586  0.594286  0.720387  0.713068  0.594693  0.563307  0.414297  0.315355  0.503844  0.590407  0.535405  0.521006  0.473683  0.603734  0.455550  0.489526  0.606301  0.497269  0.406613  0.555008  0.489740  0.576122  0.460428  0.452230  0.520781  0.453553  0.438467  0.460294  0.404836  0.596719  0.621558 0.0  0.547960  0.530256  0.631643  0.527974  0.519389  0.689735  0.497946  0.635046  0.417395  0.634870  0.686321  0.559629  0.595400  0.644328  0.693710 
47  0.463829  0.546779  0.533607  0.596110  0.525753  0.550330  0.488670  0.516081  0.813042  0.389115  0.630107  0.536489  0.569073  0.482085  0.659068  0.508907  0.534296  0.839503  0.650701  0.852187  0.548271  0.568764  0.512157  0.342675  0.538921  0.410667  0.594585  0.423994  0.811911  0.555345  0.397225  0.478653  0.465417  0.402703  0.532832  0.479164  0.552836  0.471031  0.563670  0.437707  0.517342  0.485497  0.551911  0.458312  0.595364  0.451802  0.547960 0.0  0.457821  0.785381  0.414042  0.754837  0.637937  0.525895  0.611120  0.367324  0.671231  0.653856  0.664306  0.414356  0.864567  0.871341 
48  0.572448  0.566348  0.745192  0.644561  0.401881  0.653579  0.635563  0.571868  0.646347  0.494147  0.476126  0.538335  0.641682  0.383801  0.733205  0.623867  0.599996  0.761464  0.725220  0.808722  0.487278  0.582086  0.401143  0.473969  0.647862  0.389681  0.478011  0.579957  0.673313  0.400861  0.545953  0.404180  0.454539  0.457027  0.386902  0.442626  0.546192  0.407179  0.583143  0.592522  0.398680  0.538312  0.647922  0.482631  0.822586  0.761744  0.530256  0.457821 0.0  0.757711  0.418836  0.678960  0.795368  0.574971  0.625089  0.503544  0.673484  0.616251  0.581994  0.378644  0.696659  0.782024 
49  0.545681  0.740561  0.593985  0.568051  0.729787  0.723506  0.735665  0.640255  0.628439  0.760719  0.773627  0.623645  0.759528  0.669198  0.562453  0.604753  0.536974  0.643495  0.498997  0.701996  0.689069  0.826776  0.600040  0.729817  0.694155  0.713958  0.624990  0.666421  0.518441  0.735518  0.809419  0.644648  0.648933  0.753158  0.721268  0.714900  0.586989  0.798594  0.735161  0.837666  0.768029  0.747895  0.587778  0.824566  0.558603  0.598034  0.631643  0.785381  0.757711 0.0  0.637253  0.459937  0.566910  0.598019  0.596268  0.608174  0.660012  0.578306  0.757763  0.640674  0.517694  0.465052 
50  0.505274  0.591986  0.631293  0.622887  0.305577  0.706976  0.645700  0.570072  0.692088  0.490941  0.516583  0.610487  0.551628  0.364640  0.723562  0.484814  0.666017  0.529539  0.679355  0.548259  0.347242  0.578969  0.444988  0.431921  0.682328  0.320687  0.544592  0.565979  0.676080  0.322374  0.523490  0.451089  0.325304  0.465305  0.340370  0.374076  0.468577  0.281984  0.478504  0.489825  0.292226  0.471610  0.604829  0.386778  0.733413  0.564256  0.527974  0.414042  0.418836  0.637253 0.0  0.801226  0.545233  0.684695  0.708965  0.484175  0.675368  0.687007  0.699649  0.376279  0.809587  0.649999 
51  0.539169  0.869736  0.483601  0.594331  0.802662  0.591517  0.686842  0.612625  0.659973  0.786083  0.751134  0.726408  0.699103  0.904859  0.626533  0.846467  0.624992  0.758415  0.417243  0.658402  0.939724  0.590411  0.785079  0.902167  0.677250  0.807209  0.783932  0.698048  0.453123  0.667767  0.734874  0.777347  0.851851  0.703997  0.823826  0.736437  0.779846  0.831197  0.724110  0.794870  0.876906  0.780723  0.415446  0.705025  0.697849  0.713161  0.519389  0.754837  0.678960  0.459937  0.801226 0.0  0.654847  0.544590  0.768131  0.729180  0.628888  0.739248  0.880070  0.781422  0.552030  0.503084 
52  0.605513  0.790860  0.562385  0.677091  0.627113  0.666583  0.724604  0.495203  0.590310  0.786271  0.699444  0.591846  0.508366  0.836429  0.282902  0.685275  0.729282  0.588514  0.654325  0.739406  0.717169  0.737653  0.697171  0.751754  0.758796  0.781866  0.777882  0.740291  0.556084  0.772261  0.756817  0.731784  0.814278  0.700036  0.730330  0.773472  0.723902  0.782565  0.645692  0.677124  0.661465  0.856098  0.711494  0.816265  0.650539  0.722447  0.689735  0.637937  0.795368  0.566910  0.545233  0.654847 0.0  0.680477  0.600418  0.829686  0.475571  0.670351  0.775638  0.770759  0.553523  0.599532 
53  0.536287  0.637098  0.903841  0.485237  0.648485  0.434161  0.444048  0.616359  0.583503  0.687299  0.746377  0.537068  0.520348  0.621192  0.719310  0.559189  0.637902  0.749448  0.670955  0.808364  0.806629  0.426818  0.677595  0.696717  0.528260  0.533513  0.708793  0.662522  0.639448  0.675636  0.580095  0.712929  0.483527  0.570820  0.677611  0.579421  0.672496  0.592932  0.532317  0.669038  0.616314  0.669292  0.424312  0.678621  0.758697  0.699567  0.497946  0.525895  0.574971  0.598019  0.684695  0.544590  0.680477 0.0  0.521185  0.552355  0.606258  0.794178  0.649720  0.757828  0.731472  0.772144 
54  0.563287  0.618032  0.635220  0.636400  0.679021  0.660754  0.712782  0.550582  0.533211  0.560924  0.496206  0.725159  0.436693  0.605507  0.611840  0.664651  0.573850  0.469843  0.636874  0.448538  0.566607  0.704421  0.697509  0.627653  0.700329  0.552226  0.517660  0.645451  0.421080  0.652976  0.635259  0.630400  0.624611  0.641718  0.708146  0.609298  0.542373  0.588422  0.439054  0.656824  0.667642  0.810137  0.643676  0.676970  0.726383  0.623701  0.635046  0.611120  0.625089  0.596268  0.708965  0.768131  0.600418  0.521185 0.0  0.690084  0.593974  0.556746  0.676499  0.673587  0.467383  0.428536 
55  0.465152  0.397448  0.804814  0.508730  0.366084  0.422903  0.491820  0.536681  0.704461  0.480046  0.513527  0.513639  0.649265  0.411158  0.647300  0.496489  0.633089  0.713922  0.743275  0.817069  0.448075  0.461027  0.302845  0.532769  0.475240  0.289181  0.468063  0.535738  0.802168  0.406771  0.424162  0.499906  0.371031  0.286841  0.468375  0.458941  0.603800  0.290790  0.446026  0.500704  0.309896  0.280719  0.540688  0.350107  0.687757  0.553730  0.417395  0.367324  0.503544  0.608174  0.484175  0.729180  0.829686  0.552355  0.690084 0.0  0.708569  0.811117  0.493706  0.396261  0.888482  0.856925 
56  0.673616  0.658985  0.597588  0.568876  0.664650  0.449239  0.669502  0.403409  0.608289  0.744921  0.581019  0.573330  0.564521  0.609688  0.472666  0.611961  0.790985  0.715097  0.739871  0.835007  0.654069  0.643538  0.616229  0.647117  0.682127  0.780847  0.601737  0.552903  0.791278  0.738270  0.689660  0.496395  0.641958  0.707197  0.758513  0.820446  0.890631  0.751066  0.643533  0.681436  0.627855  0.792869  0.619212  0.537822  0.797609  0.832687  0.634870  0.671231  0.673484  0.660012  0.675368  0.628888  0.475571  0.606258  0.593974  0.708569 0.0  0.749864  0.704729  0.627402  0.688159  0.659876 
57  0.637039  0.737210  0.433954  0.652535  0.702985  0.769274  0.766285  0.694835  0.786317  0.527495  0.688073  0.809277  0.708086  0.760409  0.628911  0.712965  0.605504  0.782925  0.667083  0.770733  0.779132  0.663717  0.721684  0.511249  0.678182  0.761723  0.680832  0.608172  0.529772  0.671944  0.782112  0.703836  0.627676  0.686562  0.703291  0.677590  0.733924  0.569426  0.585273  0.706186  0.711229  0.775895  0.682291  0.860723  0.669229  0.707972  0.686321  0.653856  0.616251  0.578306  0.687007  0.739248  0.670351  0.794178  0.556746  0.811117  0.749864 0.0  0.669603  0.812536  0.602235  0.623795 
58  0.505034  0.384254  0.724703  0.476020  0.665436  0.518936  0.516489  0.470220  0.729964  0.458659  0.304166  0.261025  0.705329  0.633647  0.723586  0.496688  0.750496  0.743301  0.687014  0.879510  0.733220  0.478976  0.577405  0.706207  0.404681  0.644234  0.709197  0.650977  0.942317  0.547583  0.739679  0.615388  0.621448  0.496302  0.767690  0.702677  0.645312  0.664788  0.635933  0.540726  0.576787  0.648906  0.525541  0.842243  0.602420  0.680665  0.559629  0.664306  0.581994  0.757763  0.699649  0.880070  0.775638  0.649720  0.676499  0.493706  0.704729  0.669603 0.0  0.510255  0.937565  0.740422 
59  0.485586  0.521933  0.925976  0.579606  0.304694  0.678456  0.626665  0.531515  0.973560  0.609699  0.547396  0.504562  0.558820  0.286034  0.741698  0.536543  0.738221  0.656973  0.853450  0.774634  0.414410  0.623118  0.432026  0.433034  0.636522  0.252519  0.554756  0.659824  0.832195  0.349318  0.498582  0.387445  0.299337  0.400909  0.344321  0.451370  0.352063  0.291331  0.508236  0.498726  0.260152  0.447403  0.724336  0.460738  0.777288  0.706307  0.595400  0.414356  0.378644  0.640674  0.376279  0.781422  0.770759  0.757828  0.673587  0.396261  0.627402  0.812536  0.510255 0.0  0.851661  0.854164 
60  0.574984  0.736830  0.605932  0.654050  0.950420  0.806649  0.818253  0.577052  0.503974  0.754409  0.806544  0.820022  0.492741  0.885279  0.598478  0.751242  0.768853  0.560557  0.542109  0.443823  0.809976  0.768913  0.787712  0.774124  0.715367  0.900221  0.540815  0.574843  0.315394  0.777428  0.739722  0.915006  0.759666  0.877912  0.824797  0.643322  0.623985  0.818400  0.521908  0.637886  0.915357  0.912986  0.661920  0.769949  0.640959  0.693088  0.644328  0.864567  0.696659  0.517694  0.809587  0.552030  0.553523  0.731472  0.467383  0.888482  0.688159  0.602235  0.937565  0.851661 0.0  0.359261 
61  0.587940  0.861868  0.481788  0.644967  0.838602  0.963895  0.781821  0.861697  0.563492  0.847252  0.685137  0.772129  0.523507  0.837334  0.553808  0.855474  0.675355  0.448162  0.506807  0.526363  0.758897  0.714483  0.756064  0.612821  0.791832  0.833532  0.594880  0.704739  0.304998  0.754649  0.860302  0.923088  0.864094  0.713619  0.712849  0.693329  0.773986  0.687649  0.699859  0.701514  0.785964  0.931978  0.728926  0.723869  0.715353  0.727151  0.693710  0.871341  0.782024  0.465052  0.649999  0.503084  0.599532  0.772144  0.428536  0.856925  0.659876  0.623795  0.740422  0.854164  0.359261 0.0 
