62
0 0.0  0.517049  0.619301  0.570754  0.454441  0.539901  0.483667  0.537028  0.459748  0.492940  0.507546  0.503718  0.467141  0.462709  0.741904  0.523545  0.550699  0.588808  0.676150  0.694057  0.457803  0.538792  0.446847  0.471052  0.503830  0.397502  0.466574  0.478535  0.691842  0.484246  0.532929  0.576640  0.516895  0.494851  0.495034  0.486388  0.505947  0.441965  0.439826  0.468879  0.423437  0.421965  0.579345  0.513918  0.427345  0.543854  0.554306  0.468919  0.565104  0.572723  0.600776  0.580936  0.606401  0.572022  0.609974  0.376281  0.736444  0.726855  0.596592  0.427012  0.561093  0.678211 
1  0.517049 0.0  0.713715  0.520305  0.632253  0.475367  0.416479  0.410734  0.771342  0.610325  0.405910  0.484321  0.598586  0.457681  0.668756  0.501212  0.676223  0.707921  0.674414  0.825767  0.611915  0.510274  0.580054  0.640705  0.497309  0.433714  0.492180  0.582963  0.776406  0.509597  0.578437  0.573078  0.481852  0.472545  0.512857  0.584270  0.662924  0.556813  0.446306  0.627391  0.390387  0.544375  0.552727  0.556757  0.648061  0.555327  0.492715  0.441980  0.556534  0.694138  0.592830  0.788175  0.632349  0.522399  0.627428  0.444747  0.744293  0.635870  0.387233  0.536321  0.729038  0.784783 
2  0.619301  0.713715 0.0  0.741608  0.861851  0.778862  0.788093  0.655545  0.579743  0.716696  0.735251  0.832414  0.669841  0.738772  0.592492  0.835769  0.511730  0.848490  0.503625  0.683687  0.730205  0.916469  0.719869  0.671548  0.937584  0.817521  0.731574  0.697684  0.472650  0.780506  0.757144  0.883587  0.756136  0.651663  0.760807  0.886985  0.771020  0.905284  0.731951  0.703375  0.673845  0.796809  0.692267  0.651310  0.673525  0.702632  0.757633  0.541526  0.816251  0.517211  0.676519  0.578962  0.519837  0.695799  0.594508  0.856793  0.578452  0.404320  0.875026  0.710301  0.538591  0.485640 
3  0.570754  0.520305  0.741608 0.0  0.663912  0.481409  0.485306  0.505209  0.658046  0.476212  0.528668  0.408981  0.656699  0.587561  0.596623  0.643711  0.730947  0.874548  0.524856  0.823981  0.627987  0.521727  0.626860  0.626486  0.349942  0.577350  0.717572  0.576381  0.690639  0.598745  0.570748  0.557237  0.671923  0.678337  0.561777  0.591294  0.641143  0.617312  0.640787  0.569085  0.623417  0.612853  0.388897  0.623091  0.645338  0.802215  0.588510  0.604093  0.679951  0.655795  0.650548  0.497986  0.697587  0.465860  0.599114  0.539518  0.539331  0.764803  0.461775  0.687151  0.704676  0.649876 
4  0.454441  0.632253  0.861851  0.663912 0.0  0.608783  0.657662  0.704013  0.788949  0.436709  0.530983  0.631436  0.628638  0.315485  0.742708  0.562032  0.644878  0.519013  0.786808  0.701321  0.220433  0.506263  0.516331  0.388932  0.572354  0.350417  0.399018  0.557706  0.903493  0.381098  0.519281  0.402247  0.359332  0.409022  0.351510  0.309186  0.420638  0.262200  0.582692  0.413451  0.278211  0.279140  0.645838  0.355254  0.644166  0.585601  0.551156  0.379276  0.365099  0.722658  0.332269  0.875907  0.661484  0.659437  0.601277  0.346890  0.696340  0.783178  0.619922  0.298095  0.831356  0.762459 
5  0.539901  0.475367  0.778862  0.481409  0.608783 0.0  0.254236  0.342641  0.616341  0.521356  0.422357  0.359922  0.675445  0.645025  0.692382  0.539121  0.597363  0.702974  0.751794  0.942430  0.697741  0.544657  0.523930  0.604666  0.421251  0.573750  0.513313  0.427437  0.843131  0.594993  0.642167  0.623764  0.599015  0.556280  0.614368  0.702906  0.678553  0.547458  0.522427  0.561682  0.530111  0.673290  0.245587  0.512648  0.632593  0.714679  0.428796  0.459923  0.680653  0.692697  0.650136  0.591124  0.554331  0.443955  0.606055  0.446839  0.504839  0.718748  0.447199  0.538402  0.676068  0.858234 
6  0.483667  0.416479  0.788093  0.485306  0.657662  0.254236 0.0  0.368465  0.728158  0.517605  0.477531  0.387859  0.640888  0.636239  0.746410  0.501499  0.707787  0.722040  0.751275  0.878302  0.722286  0.438529  0.664064  0.665153  0.385015  0.536472  0.687116  0.546968  0.864291  0.542922  0.682134  0.570438  0.652837  0.572512  0.536343  0.597994  0.593158  0.652327  0.571922  0.559308  0.554221  0.623660  0.347363  0.620519  0.629130  0.673773  0.457046  0.533470  0.633394  0.722743  0.567200  0.682290  0.753201  0.537571  0.683470  0.537510  0.678940  0.759631  0.474272  0.560194  0.832838  0.787581 
7  0.537028  0.410734  0.655545  0.505209  0.704013  0.342641  0.368465 0.0  0.422236  0.607389  0.329130  0.482254  0.574929  0.574469  0.517160  0.523490  0.807592  0.638701  0.634414  0.627389  0.596463  0.594469  0.760683  0.599105  0.413963  0.564528  0.481189  0.535549  0.771569  0.541907  0.612677  0.614889  0.656756  0.537039  0.708379  0.565309  0.524903  0.625125  0.459393  0.574725  0.586083  0.608912  0.426735  0.560401  0.587719  0.711514  0.595028  0.580016  0.636730  0.709815  0.613958  0.703066  0.476952  0.615134  0.614809  0.531411  0.401467  0.607767  0.495135  0.597414  0.771425  0.714837 
8  0.459748  0.771342  0.579743  0.658046  0.788949  0.616341  0.728158  0.422236 0.0  0.552958  0.787505  0.622415  0.422520  0.660826  0.506022  0.866874  0.651656  0.592244  0.474655  0.535498  0.902743  0.731663  0.800374  0.706957  0.689766  0.767583  0.522381  0.782437  0.449522  0.587358  0.674445  0.823831  0.894941  0.787113  0.742850  0.776335  0.770544  0.783636  0.597129  0.622658  0.811077  0.824795  0.601699  0.678577  0.584366  0.649886  0.551846  0.834217  0.728420  0.614464  0.612294  0.673777  0.534224  0.645020  0.429833  0.749568  0.544761  0.749454  0.991901  0.881782  0.540323  0.530807 
9  0.492940  0.610325  0.716696  0.476212  0.436709  0.521356  0.517605  0.607389  0.552958 0.0  0.529727  0.631566  0.651792  0.438992  0.717573  0.607644  0.458707  0.592531  0.778159  0.748620  0.553750  0.438727  0.501047  0.383004  0.501630  0.538819  0.516126  0.358432  0.783654  0.474424  0.355686  0.650531  0.577075  0.513609  0.554896  0.577527  0.560863  0.528517  0.453621  0.526750  0.519111  0.520614  0.492108  0.437227  0.503011  0.429918  0.441692  0.384222  0.536944  0.699858  0.493302  0.783846  0.731911  0.553710  0.755273  0.459708  0.683955  0.520794  0.602336  0.546634  0.599495  0.722170 
10  0.507546  0.405910  0.735251  0.528668  0.530983  0.422357  0.477531  0.329130  0.787505  0.529727 0.0  0.286466  0.644951  0.576914  0.734078  0.481511  0.701909  0.658228  0.728070  0.823197  0.675663  0.519487  0.529019  0.550612  0.431608  0.553163  0.600905  0.546872  0.622453  0.579061  0.721232  0.607316  0.641858  0.367826  0.566731  0.557633  0.677196  0.547772  0.601603  0.676372  0.523028  0.616953  0.441796  0.562029  0.660371  0.668218  0.688016  0.533586  0.459541  0.702556  0.613957  0.674780  0.720670  0.658494  0.608329  0.474037  0.577112  0.637213  0.285499  0.452560  0.718202  0.695505 
11  0.503718  0.484321  0.832414  0.408981  0.631436  0.359922  0.387859  0.482254  0.622415  0.631566  0.286466 0.0  0.733025  0.643292  0.571719  0.558388  0.699759  0.681661  0.754331  0.767191  0.672797  0.555004  0.520518  0.601341  0.310765  0.628521  0.553702  0.577664  0.914174  0.500178  0.651976  0.654011  0.651968  0.625133  0.616947  0.616773  0.611079  0.548198  0.688914  0.442962  0.539178  0.598248  0.500267  0.627326  0.680929  0.656457  0.696736  0.499129  0.524820  0.722375  0.636902  0.630887  0.765696  0.548765  0.761910  0.524322  0.543704  0.547220  0.284593  0.543985  0.894468  0.778564 
12  0.467141  0.598586  0.669841  0.656699  0.628638  0.675445  0.640888  0.574929  0.422520  0.651792  0.644951  0.733025 0.0  0.618993  0.827443  0.636921  0.652864  0.392761  0.718572  0.464613  0.749144  0.588248  0.662953  0.527096  0.716114  0.627736  0.353245  0.491274  0.470863  0.615945  0.603803  0.563905  0.649595  0.597720  0.525649  0.439286  0.529540  0.555031  0.333592  0.544364  0.616231  0.707821  0.532496  0.453950  0.665151  0.552897  0.551160  0.674596  0.649997  0.779548  0.521411  0.814187  0.602231  0.498327  0.425254  0.559946  0.612579  0.731999  0.719702  0.597560  0.404237  0.413752 
13  0.462709  0.457681  0.738772  0.587561  0.315485  0.645025  0.636239  0.574469  0.660826  0.438992  0.576914  0.643292  0.618993 0.0  0.722375  0.602192  0.675562  0.671968  0.769228  0.691134  0.338581  0.617063  0.456933  0.393079  0.518931  0.284076  0.380063  0.665999  0.877381  0.314338  0.456579  0.285603  0.283678  0.394372  0.282797  0.348459  0.364152  0.206023  0.435213  0.448070  0.277006  0.519757  0.538179  0.346425  0.708161  0.600737  0.479453  0.392897  0.363126  0.812479  0.350619  0.852898  0.604735  0.620246  0.656487  0.437433  0.744829  0.782909  0.617962  0.307457  0.800259  0.701948 
14  0.741904  0.668756  0.592492  0.596623  0.742708  0.692382  0.746410  0.517160  0.506022  0.717573  0.734078  0.571719  0.827443  0.722375 0.0  0.715089  0.712315  0.686038  0.612866  0.714331  0.736261  0.665262  0.687528  0.578084  0.607990  0.752914  0.709575  0.707771  0.647509  0.673656  0.793037  0.695061  0.644906  0.796263  0.767966  0.744859  0.636300  0.658225  0.812610  0.796018  0.691656  0.819973  0.735512  0.845790  0.749137  0.758421  0.839975  0.649536  0.780258  0.579196  0.685032  0.564526  0.375676  0.568491  0.646934  0.665281  0.398493  0.618687  0.727742  0.770798  0.641093  0.622315 
15  0.523545  0.501212  0.835769  0.643711  0.562032  0.539121  0.501499  0.523490  0.866874  0.607644  0.481511  0.558388  0.636921  0.602192  0.715089 0.0  0.787979  0.543589  0.694232  0.878749  0.605044  0.638339  0.542737  0.680887  0.664160  0.503586  0.613582  0.505487  0.850455  0.448683  0.679918  0.611559  0.643102  0.491188  0.562418  0.580216  0.612059  0.541729  0.557269  0.509557  0.529501  0.398599  0.560369  0.739075  0.833969  0.691013  0.557540  0.493365  0.661532  0.662501  0.505623  0.778045  0.831792  0.757072  0.655834  0.488881  0.577315  0.734154  0.525738  0.562274  0.693122  0.688131 
16  0.550699  0.676223  0.511730  0.730947  0.644878  0.597363  0.707787  0.807592  0.651656  0.458707  0.701909  0.699759  0.652864  0.675562  0.712315  0.787979 0.0  0.669561  0.653765  0.682339  0.667795  0.822822  0.847206  0.493313  0.729144  0.624131  0.650432  0.481185  0.685229  0.630091  0.488958  0.665795  0.765478  0.693205  0.726260  0.688027  0.661572  0.788793  0.417721  0.560739  0.619266  0.677991  0.579624  0.648885  0.413040  0.460483  0.581424  0.504870  0.656360  0.550182  0.667302  0.653741  0.575718  0.645338  0.640204  0.604460  0.821447  0.664972  0.836316  0.764338  0.609655  0.777364 
17  0.588808  0.707921  0.848490  0.874548  0.519013  0.702974  0.722040  0.638701  0.592244  0.592531  0.658228  0.681661  0.392761  0.671968  0.686038  0.543589  0.669561 0.0  0.595797  0.423904  0.783891  0.834921  0.549849  0.662652  0.724831  0.617773  0.420482  0.690733  0.398356  0.722979  0.784681  0.748710  0.754824  0.677906  0.594267  0.642108  0.606402  0.704864  0.524079  0.571001  0.638073  0.689837  0.702432  0.531627  0.673910  0.555091  0.738220  0.835966  0.649881  0.572484  0.688832  0.626007  0.597025  0.707790  0.445151  0.573464  0.661874  0.720146  0.877071  0.686265  0.465626  0.461790 
18  0.676150  0.674414  0.503625  0.524856  0.786808  0.751794  0.751275  0.634414  0.474655  0.778159  0.728070  0.754331  0.718572  0.769228  0.612866  0.694232  0.653765  0.595797 0.0  0.585664  0.650805  0.546799  0.658132  0.624565  0.685586  0.839923  0.719998  0.747028  0.383771  0.753406  0.716232  0.687403  0.827184  0.767190  0.594551  0.596627  0.653842  0.709649  0.742453  0.695202  0.824016  0.752313  0.610096  0.758252  0.736661  0.653112  0.560994  0.720457  0.689753  0.480782  0.758905  0.492882  0.525684  0.629764  0.518519  0.747274  0.710399  0.604023  0.760737  0.689671  0.446921  0.447796 
19  0.694057  0.825767  0.683687  0.823981  0.701321  0.942430  0.878302  0.627389  0.535498  0.748620  0.823197  0.767191  0.464613  0.691134  0.714331  0.878749  0.682339  0.423904  0.585664 0.0  0.712766  0.939673  0.915892  0.834826  0.666909  0.810565  0.508727  0.739448  0.368945  0.638582  0.706256  0.831897  0.649782  0.806852  0.902640  0.777577  0.652256  0.708050  0.538005  0.577251  0.746388  0.827968  0.946907  0.626805  0.910849  0.676827  0.822828  0.979948  0.704454  0.673550  0.689046  0.687127  0.682301  0.837012  0.387276  0.797576  0.614760  0.641715  0.844244  0.932551  0.514683  0.514338 
20  0.457803  0.611915  0.730205  0.627987  0.220433  0.697741  0.722286  0.596463  0.902743  0.553750  0.675663  0.672797  0.749144  0.338581  0.736261  0.605044  0.667795  0.783891  0.650805  0.712766 0.0  0.791004  0.518344  0.439965  0.687866  0.315982  0.523869  0.551587  0.672957  0.381868  0.492564  0.389646  0.390956  0.486473  0.389525  0.468278  0.399758  0.357641  0.579501  0.449980  0.320509  0.357266  0.675528  0.426673  0.805298  0.641424  0.619285  0.457191  0.547978  0.786896  0.391095  0.958846  0.682813  0.792295  0.646313  0.435021  0.517004  0.835587  0.815289  0.350713  0.899293  0.808952 
21  0.538792  0.510274  0.916469  0.521727  0.506263  0.544657  0.438529  0.594469  0.731663  0.438727  0.519487  0.555004  0.588248  0.617063  0.665262  0.638339  0.822822  0.834921  0.546799  0.939673  0.791004 0.0  0.460346  0.523837  0.425544  0.499368  0.607516  0.605710  0.794467  0.520411  0.438337  0.590125  0.574057  0.487601  0.612010  0.478547  0.618475  0.456852  0.699326  0.542939  0.519938  0.563963  0.531350  0.616855  0.785202  0.655071  0.376704  0.539130  0.461349  0.663059  0.678193  0.710967  0.653915  0.387414  0.573366  0.483288  0.733918  0.684258  0.485838  0.556770  0.658949  0.771867 
22  0.446847  0.580054  0.719869  0.626860  0.516331  0.523930  0.664064  0.760683  0.800374  0.501047  0.529019  0.520518  0.662953  0.456933  0.687528  0.542737  0.847206  0.549849  0.658132  0.915892  0.518344  0.460346 0.0  0.552485  0.594092  0.503773  0.665740  0.471380  0.701580  0.445542  0.473109  0.624807  0.446340  0.272063  0.516997  0.458723  0.600844  0.392136  0.544566  0.545074  0.432572  0.341392  0.630456  0.560462  0.703186  0.713433  0.337012  0.483993  0.427884  0.596506  0.539811  0.740457  0.743011  0.641628  0.736439  0.322003  0.621671  0.707023  0.553428  0.364863  0.754174  0.922007 
23  0.471052  0.640705  0.671548  0.626486  0.388932  0.604666  0.665153  0.599105  0.706957  0.383004  0.550612  0.601341  0.527096  0.393079  0.578084  0.680887  0.493313  0.662652  0.624565  0.834826  0.439965  0.523837  0.552485 0.0  0.535570  0.430382  0.515886  0.419880  0.791438  0.512259  0.434260  0.593077  0.462162  0.357279  0.481180  0.424562  0.513419  0.431102  0.541786  0.470599  0.410395  0.586234  0.730217  0.497918  0.648681  0.508895  0.539014  0.367833  0.498937  0.736577  0.515564  0.758160  0.736436  0.820695  0.583560  0.535383  0.668180  0.538490  0.524095  0.412379  0.816711  0.784887 
24  0.503830  0.497309  0.937584  0.349942  0.572354  0.421251  0.385015  0.413963  0.689766  0.501630  0.431608  0.310765  0.716114  0.518931  0.607990  0.664160  0.729144  0.724831  0.685586  0.666909  0.687866  0.425544  0.594092  0.535570 0.0  0.529182  0.657577  0.614242  0.918676  0.519667  0.589268  0.636178  0.574826  0.554514  0.525067  0.480911  0.659348  0.471244  0.500473  0.552104  0.527487  0.543555  0.325323  0.705159  0.836844  0.580926  0.581880  0.514319  0.575655  0.699529  0.600202  0.634077  0.662772  0.495657  0.583896  0.541325  0.751392  0.672599  0.324272  0.590297  0.819465  0.799801 
25  0.397502  0.433714  0.817521  0.577350  0.350417  0.573750  0.536472  0.564528  0.767583  0.538819  0.553163  0.628521  0.627736  0.284076  0.752914  0.503586  0.624131  0.617773  0.839923  0.810565  0.315982  0.499368  0.503773  0.430382  0.529182 0.0  0.541927  0.557174  0.793520  0.275799  0.448429  0.363991  0.275589  0.345165  0.299793  0.358960  0.399224  0.242026  0.474446  0.421788  0.210413  0.414203  0.572903  0.251877  0.589676  0.622680  0.622085  0.510369  0.424204  0.642001  0.328720  0.744814  0.603767  0.593593  0.552938  0.337777  0.653510  0.705379  0.608835  0.276033  0.758348  0.709969 
26  0.466574  0.492180  0.731574  0.717572  0.399018  0.513313  0.687116  0.481189  0.522381  0.516126  0.600905  0.553702  0.353245  0.380063  0.709575  0.613582  0.650432  0.420482  0.719998  0.508727  0.523869  0.607516  0.665740  0.515886  0.657577  0.541927 0.0  0.572319  0.531205  0.548826  0.588869  0.609716  0.514987  0.520284  0.490253  0.522268  0.476257  0.497502  0.222829  0.583930  0.581111  0.542085  0.604302  0.478451  0.533147  0.587337  0.430910  0.601416  0.610922  0.698459  0.640664  0.687079  0.663339  0.753481  0.477155  0.460577  0.563869  0.629031  0.601959  0.516763  0.564509  0.664528 
27  0.478535  0.582963  0.697684  0.576381  0.557706  0.427437  0.546968  0.535549  0.782437  0.358432  0.546872  0.577664  0.491274  0.665999  0.707771  0.505487  0.481185  0.690733  0.747028  0.739448  0.551587  0.605710  0.471380  0.419880  0.614242  0.557174  0.572319 0.0  0.578201  0.609424  0.424843  0.708582  0.600373  0.528314  0.519827  0.565634  0.594408  0.446531  0.504194  0.525072  0.475197  0.558085  0.475793  0.464819  0.514522  0.446444  0.481691  0.382708  0.658960  0.696663  0.420406  0.648834  0.688051  0.651634  0.514808  0.510854  0.786274  0.459325  0.598086  0.534382  0.656234  0.617041 
28  0.691842  0.776406  0.472650  0.690639  0.903493  0.843131  0.864291  0.771569  0.449522  0.783654  0.622453  0.914174  0.470863  0.877381  0.647509  0.850455  0.685229  0.398356  0.383771  0.368945  0.672957  0.794467  0.701580  0.791438  0.918676  0.793520  0.531205  0.578201 0.0  0.656244  0.755818  0.728596  0.764409  0.735065  0.770665  0.775369  0.727207  0.706707  0.502117  0.645104  0.923843  0.860716  0.779776  0.732498  0.670660  0.793508  0.689482  0.916422  0.646181  0.470360  0.711889  0.520837  0.591311  0.992889  0.432785  0.840827  0.558719  0.560871  0.837570  0.882755  0.302114  0.291043 
29  0.484246  0.509597  0.780506  0.598745  0.381098  0.594993  0.542922  0.541907  0.587358  0.474424  0.579061  0.500178  0.615945  0.314338  0.673656  0.448683  0.630091  0.722979  0.753406  0.638582  0.381868  0.520411  0.445542  0.512259  0.519667  0.275799  0.548826  0.609424  0.656244 0.0  0.512347  0.428497  0.329108  0.410516  0.346895  0.355784  0.411290  0.253285  0.487342  0.428590  0.229997  0.439081  0.685808  0.313349  0.649291  0.593443  0.556591  0.490831  0.342984  0.667744  0.292792  0.767190  0.784405  0.598936  0.682568  0.322632  0.600332  0.804377  0.540989  0.296975  0.807801  0.695066 
30  0.532929  0.578437  0.757144  0.570748  0.519281  0.642167  0.682134  0.612677  0.674445  0.355686  0.721232  0.651976  0.603803  0.456579  0.793037  0.679918  0.488958  0.784681  0.716232  0.706256  0.492564  0.438337  0.473109  0.434260  0.589268  0.448429  0.588869  0.424843  0.755818  0.512347 0.0  0.605238  0.523523  0.580797  0.441352  0.425537  0.502107  0.427502  0.470048  0.456777  0.421524  0.436876  0.609468  0.573960  0.553699  0.415777  0.398395  0.310849  0.492876  0.727306  0.419262  0.686989  0.865226  0.614786  0.631751  0.431658  0.657683  0.687113  0.652315  0.520628  0.794959  0.883452 
31  0.576640  0.573078  0.883587  0.557237  0.402247  0.623764  0.570438  0.614889  0.823831  0.650531  0.607316  0.654011  0.563905  0.285603  0.695061  0.611559  0.665795  0.748710  0.687403  0.831897  0.389646  0.590125  0.624807  0.593077  0.636178  0.363991  0.609716  0.708582  0.728596  0.428497  0.605238 0.0  0.433053  0.477440  0.378798  0.396880  0.411798  0.406894  0.509167  0.549155  0.413032  0.583181  0.717589  0.451559  0.691605  0.700072  0.629692  0.436607  0.422471  0.695011  0.447778  0.605938  0.659189  0.666684  0.593726  0.506790  0.713276  0.769471  0.625932  0.401047  0.755934  0.886217 
32  0.516895  0.481852  0.756136  0.671923  0.359332  0.599015  0.652837  0.656756  0.894941  0.577075  0.641858  0.651968  0.649595  0.283678  0.644906  0.643102  0.765478  0.754824  0.827184  0.649782  0.390956  0.574057  0.446340  0.462162  0.574826  0.275589  0.514987  0.600373  0.764409  0.329108  0.523523  0.433053 0.0  0.307644  0.314467  0.317495  0.468511  0.181812  0.490849  0.441635  0.249204  0.473452  0.533489  0.372164  0.802562  0.682427  0.510103  0.479069  0.431510  0.776228  0.305920  0.735336  0.740726  0.469281  0.726234  0.387406  0.630824  0.690797  0.662492  0.360372  0.797497  0.790859 
33  0.494851  0.472545  0.651663  0.678337  0.409022  0.556280  0.572512  0.537039  0.787113  0.513609  0.367826  0.625133  0.597720  0.394372  0.796263  0.491188  0.693205  0.677906  0.767190  0.806852  0.486473  0.487601  0.272063  0.357279  0.554514  0.345165  0.520284  0.528314  0.735065  0.410516  0.580797  0.477440  0.307644 0.0  0.367154  0.435405  0.510417  0.276574  0.475363  0.504576  0.289643  0.350026  0.528397  0.457122  0.783402  0.759654  0.385948  0.425796  0.395381  0.742597  0.504751  0.605552  0.733350  0.608004  0.537351  0.317699  0.623274  0.679408  0.477802  0.413010  0.796830  0.694525 
34  0.495034  0.512857  0.760807  0.561777  0.351510  0.614368  0.536343  0.708379  0.742850  0.554896  0.566731  0.616947  0.525649  0.282797  0.767966  0.562418  0.726260  0.594267  0.594551  0.902640  0.389525  0.612010  0.516997  0.481180  0.525067  0.299793  0.490253  0.519827  0.770665  0.346895  0.441352  0.378798  0.314467  0.367154 0.0  0.363639  0.377624  0.281068  0.482601  0.594738  0.269175  0.444824  0.596338  0.417848  0.789507  0.685603  0.517996  0.452105  0.395428  0.643753  0.380718  0.722733  0.681063  0.723321  0.705048  0.534445  0.744144  0.639789  0.567801  0.396680  0.671448  0.634347 
35  0.486388  0.584270  0.886985  0.591294  0.309186  0.702906  0.597994  0.565309  0.776335  0.577527  0.557633  0.616773  0.439286  0.348459  0.744859  0.580216  0.688027  0.642108  0.596627  0.777577  0.468278  0.478547  0.458723  0.424562  0.480911  0.358960  0.522268  0.565634  0.775369  0.355784  0.425537  0.396880  0.317495  0.435405  0.363639 0.0  0.406840  0.259496  0.466744  0.511027  0.344444  0.457437  0.571542  0.442019  0.698703  0.641040  0.556720  0.538603  0.505076  0.880532  0.405374  0.791813  0.622984  0.531172  0.533571  0.399452  0.800608  0.644982  0.557698  0.464031  0.755091  0.740224 
36  0.505947  0.662924  0.771020  0.641143  0.420638  0.678553  0.593158  0.524903  0.770544  0.560863  0.677196  0.611079  0.529540  0.364152  0.636300  0.612059  0.661572  0.606402  0.653842  0.652256  0.399758  0.618475  0.600844  0.513419  0.659348  0.399224  0.476257  0.594408  0.727207  0.411290  0.502107  0.411798  0.468511  0.510417  0.377624  0.406840 0.0  0.438633  0.543106  0.479627  0.393482  0.621700  0.519523  0.382024  0.653269  0.632763  0.553091  0.567359  0.568387  0.790860  0.364976  0.677205  0.694631  0.595722  0.654444  0.539802  0.669420  0.656193  0.527651  0.354411  0.769032  0.788462 
37  0.441965  0.556813  0.905284  0.617312  0.262200  0.547458  0.652327  0.625125  0.783636  0.528517  0.547772  0.548198  0.555031  0.206023  0.658225  0.541729  0.788793  0.704864  0.709649  0.708050  0.357641  0.456852  0.392136  0.431102  0.471244  0.242026  0.497502  0.446531  0.706707  0.253285  0.427502  0.406894  0.181812  0.276574  0.281068  0.259496  0.438633 0.0  0.443094  0.459661  0.224737  0.416330  0.560757  0.282244  0.642588  0.534196  0.443143  0.386744  0.426169  0.601144  0.318262  0.788240  0.725306  0.581043  0.562958  0.299895  0.640042  0.695198  0.630640  0.289294  0.655697  0.700232 
38  0.439826  0.446306  0.731951  0.640787  0.582692  0.522427  0.571922  0.459393  0.597129  0.453621  0.601603  0.688914  0.333592  0.435213  0.812610  0.557269  0.417721  0.524079  0.742453  0.538005  0.579501  0.699326  0.544566  0.541786  0.500473  0.474446  0.222829  0.504194  0.502117  0.487342  0.470048  0.509167  0.490849  0.475363  0.482601  0.466744  0.543106  0.443094 0.0  0.527565  0.413978  0.511430  0.455139  0.429183  0.674905  0.425766  0.450446  0.542301  0.584238  0.777336  0.434719  0.807002  0.694654  0.538126  0.411862  0.501148  0.517763  0.720224  0.619710  0.610909  0.519140  0.544409 
39  0.468879  0.627391  0.703375  0.569085  0.413451  0.561682  0.559308  0.574725  0.622658  0.526750  0.676372  0.442962  0.544364  0.448070  0.796018  0.509557  0.560739  0.571001  0.695202  0.577251  0.449980  0.542939  0.545074  0.470599  0.552104  0.421788  0.583930  0.525072  0.645104  0.428590  0.456777  0.549155  0.441635  0.504576  0.594738  0.511027  0.479627  0.459661  0.527565 0.0  0.429016  0.411761  0.494164  0.419653  0.597444  0.538417  0.598110  0.520106  0.509843  0.695884  0.439270  0.687271  0.515037  0.738363  0.677291  0.425142  0.618634  0.649185  0.482485  0.398093  0.608438  0.798751 
40  0.423437  0.390387  0.673845  0.623417  0.278211  0.530111  0.554221  0.586083  0.811077  0.519111  0.523028  0.539178  0.616231  0.277006  0.691656  0.529501  0.619266  0.638073  0.824016  0.746388  0.320509  0.519938  0.432572  0.410395  0.527487  0.210413  0.581111  0.475197  0.923843  0.229997  0.421524  0.413032  0.249204  0.289643  0.269175  0.344444  0.393482  0.224737  0.413978  0.429016 0.0  0.414631  0.499295  0.327987  0.715183  0.536652  0.512920  0.416413  0.381925  0.699930  0.314823  0.804897  0.728908  0.585245  0.695321  0.310474  0.737934  0.658926  0.609126  0.265202  0.783212  0.781089 
41  0.421965  0.544375  0.796809  0.612853  0.279140  0.673290  0.623660  0.608912  0.824795  0.520614  0.616953  0.598248  0.707821  0.519757  0.819973  0.398599  0.677991  0.689837  0.752313  0.827968  0.357266  0.563963  0.341392  0.586234  0.543555  0.414203  0.542085  0.558085  0.860716  0.439081  0.436876  0.583181  0.473452  0.350026  0.444824  0.457437  0.621700  0.416330  0.511430  0.411761  0.414631 0.0  0.680150  0.512758  0.694191  0.639615  0.417178  0.536499  0.656623  0.753188  0.455709  0.804839  0.836973  0.633720  0.606884  0.267377  0.596608  0.815350  0.566349  0.365990  1.000000  0.949970 
42  0.579345  0.552727  0.692267  0.388897  0.645838  0.245587  0.347363  0.426735  0.601699  0.492108  0.441796  0.500267  0.532496  0.538179  0.735512  0.560369  0.579624  0.702432  0.610096  0.946907  0.675528  0.531350  0.630456  0.730217  0.325323  0.572903  0.604302  0.475793  0.779776  0.685808  0.609468  0.717589  0.533489  0.528397  0.596338  0.571542  0.519523  0.560757  0.455139  0.494164  0.499295  0.680150 0.0  0.550500  0.648816  0.690728  0.403879  0.525483  0.502755  0.710409  0.634460  0.436769  0.624609  0.364778  0.685949  0.531190  0.690101  0.664795  0.528064  0.759607  0.665125  0.757569 
43  0.513918  0.556757  0.651310  0.623091  0.355254  0.512648  0.620519  0.560401  0.678577  0.437227  0.562029  0.627326  0.453950  0.346425  0.845790  0.739075  0.648885  0.531627  0.758252  0.626805  0.426673  0.616855  0.560462  0.497918  0.705159  0.251877  0.478451  0.464819  0.732498  0.313349  0.573960  0.451559  0.372164  0.457122  0.417848  0.442019  0.382024  0.282244  0.429183  0.419653  0.327987  0.512758  0.550500 0.0  0.637816  0.594853  0.388221  0.516763  0.461934  0.674239  0.330989  0.644564  0.741310  0.577775  0.575878  0.507835  0.627521  0.772616  0.643169  0.422797  0.704268  0.785522 
44  0.427345  0.648061  0.673525  0.645338  0.644166  0.632593  0.629130  0.587719  0.584366  0.503011  0.660371  0.680929  0.665151  0.708161  0.749137  0.833969  0.413040  0.673910  0.736661  0.910849  0.805298  0.785202  0.703186  0.648681  0.836844  0.589676  0.533147  0.514522  0.670660  0.649291  0.553699  0.691605  0.802562  0.783402  0.789507  0.698703  0.653269  0.642588  0.674905  0.597444  0.715183  0.694191  0.648816  0.637816 0.0  0.326938  0.581412  0.604827  0.696674  0.654780  0.637921  0.608491  0.801967  0.768868  0.777973  0.665159  0.812596  0.686144  0.644571  0.724617  0.656243  0.768319 
45  0.543854  0.555327  0.702632  0.802215  0.585601  0.714679  0.673773  0.711514  0.649886  0.429918  0.668218  0.656457  0.552897  0.600737  0.758421  0.691013  0.460483  0.555091  0.653112  0.676827  0.641424  0.655071  0.713433  0.508895  0.580926  0.622680  0.587337  0.446444  0.793508  0.593443  0.415777  0.700072  0.682427  0.759654  0.685603  0.641040  0.632763  0.534196  0.425766  0.538417  0.536652  0.639615  0.690728  0.594853  0.326938 0.0  0.488002  0.397899  0.634127  0.562235  0.554689  0.790596  0.709546  0.637085  0.610752  0.605075  0.755837  0.598953  0.620261  0.561508  0.679995  0.713298 
46  0.554306  0.492715  0.757633  0.588510  0.551156  0.428796  0.457046  0.595028  0.551846  0.441692  0.688016  0.696736  0.551160  0.479453  0.839975  0.557540  0.581424  0.738220  0.560994  0.822828  0.619285  0.376704  0.337012  0.539014  0.581880  0.622085  0.430910  0.481691  0.689482  0.556591  0.398395  0.629692  0.510103  0.385948  0.517996  0.556720  0.553091  0.443143  0.450446  0.598110  0.512920  0.417178  0.403879  0.388221  0.581412  0.488002 0.0  0.602646  0.485887  0.754486  0.636467  0.565415  0.674844  0.628224  0.514502  0.307497  0.644692  0.607531  0.582444  0.520483  0.657514  0.581098 
47  0.468919  0.441980  0.541526  0.604093  0.379276  0.459923  0.533470  0.580016  0.834217  0.384222  0.533586  0.499129  0.674596  0.392897  0.649536  0.493365  0.504870  0.835966  0.720457  0.979948  0.457191  0.539130  0.483993  0.367833  0.514319  0.510369  0.601416  0.382708  0.916422  0.490831  0.310849  0.436607  0.479069  0.425796  0.452105  0.538603  0.567359  0.386744  0.542301  0.520106  0.416413  0.536499  0.525483  0.516763  0.604827  0.397899  0.602646 0.0  0.464355  0.712806  0.459206  0.781758  0.546396  0.632232  0.531604  0.448916  0.654742  0.664911  0.545645  0.562489  0.851604  0.885300 
48  0.565104  0.556534  0.816251  0.679951  0.365099  0.680653  0.633394  0.636730  0.728420  0.536944  0.459541  0.524820  0.649997  0.363126  0.780258  0.661532  0.656360  0.649881  0.689753  0.704454  0.547978  0.461349  0.427884  0.498937  0.575655  0.424204  0.610922  0.658960  0.646181  0.342984  0.492876  0.422471  0.431510  0.395381  0.395428  0.505076  0.568387  0.426169  0.584238  0.509843  0.381925  0.656623  0.502755  0.461934  0.696674  0.634127  0.485887  0.464355 0.0  0.721548  0.446342  0.801186  0.799845  0.681143  0.660103  0.457272  0.660079  0.576568  0.652427  0.366440  0.841906  0.800943 
49  0.572723  0.694138  0.517211  0.655795  0.722658  0.692697  0.722743  0.709815  0.614464  0.699858  0.702556  0.722375  0.779548  0.812479  0.579196  0.662501  0.550182  0.572484  0.480782  0.673550  0.786896  0.663059  0.596506  0.736577  0.699529  0.642001  0.698459  0.696663  0.470360  0.667744  0.727306  0.695011  0.776228  0.742597  0.643753  0.880532  0.790860  0.601144  0.777336  0.695884  0.699930  0.753188  0.710409  0.674239  0.654780  0.562235  0.754486  0.712806  0.721548 0.0  0.644226  0.477309  0.544005  0.721959  0.583312  0.813760  0.639280  0.635267  0.725190  0.768496  0.404640  0.519896 
50  0.600776  0.592830  0.676519  0.650548  0.332269  0.650136  0.567200  0.613958  0.612294  0.493302  0.613957  0.636902  0.521411  0.350619  0.685032  0.505623  0.667302  0.688832  0.758905  0.689046  0.391095  0.678193  0.539811  0.515564  0.600202  0.328720  0.640664  0.420406  0.711889  0.292792  0.419262  0.447778  0.305920  0.504751  0.380718  0.405374  0.364976  0.318262  0.434719  0.439270  0.314823  0.455709  0.634460  0.330989  0.637921  0.554689  0.636467  0.459206  0.446342  0.644226 0.0  0.730565  0.614513  0.636857  0.684919  0.500223  0.518841  0.795053  0.689114  0.385338  0.680771  0.729958 
51  0.580936  0.788175  0.578962  0.497986  0.875907  0.591124  0.682290  0.703066  0.673777  0.783846  0.674780  0.630887  0.814187  0.852898  0.564526  0.778045  0.653741  0.626007  0.492882  0.687127  0.958846  0.710967  0.740457  0.758160  0.634077  0.744814  0.687079  0.648834  0.520837  0.767190  0.686989  0.605938  0.735336  0.605552  0.722733  0.791813  0.677205  0.788240  0.807002  0.687271  0.804897  0.804839  0.436769  0.644564  0.608491  0.790596  0.565415  0.781758  0.801186  0.477309  0.730565 0.0  0.644041  0.504960  0.636933  0.791413  0.589580  0.710049  0.827490  0.716386  0.643629  0.599555 
52  0.606401  0.632349  0.519837  0.697587  0.661484  0.554331  0.753201  0.476952  0.534224  0.731911  0.720670  0.765696  0.602231  0.604735  0.375676  0.831792  0.575718  0.597025  0.525684  0.682301  0.682813  0.653915  0.743011  0.736436  0.662772  0.603767  0.663339  0.688051  0.591311  0.784405  0.865226  0.659189  0.740726  0.733350  0.681063  0.622984  0.694631  0.725306  0.694654  0.515037  0.728908  0.836973  0.624609  0.741310  0.801967  0.709546  0.674844  0.546396  0.799845  0.544005  0.614513  0.644041 0.0  0.602329  0.566544  0.843598  0.453032  0.609663  0.647535  0.701025  0.575576  0.516547 
53  0.572022  0.522399  0.695799  0.465860  0.659437  0.443955  0.537571  0.615134  0.645020  0.553710  0.658494  0.548765  0.498327  0.620246  0.568491  0.757072  0.645338  0.707790  0.629764  0.837012  0.792295  0.387414  0.641628  0.820695  0.495657  0.593593  0.753481  0.651634  0.992889  0.598936  0.614786  0.666684  0.469281  0.608004  0.723321  0.531172  0.595722  0.581043  0.538126  0.738363  0.585245  0.633720  0.364778  0.577775  0.768868  0.637085  0.628224  0.632232  0.681143  0.721959  0.636857  0.504960  0.602329 0.0  0.537469  0.541540  0.645814  0.626013  0.546357  0.717405  0.682319  0.836016 
54  0.609974  0.627428  0.594508  0.599114  0.601277  0.606055  0.683470  0.614809  0.429833  0.755273  0.608329  0.761910  0.425254  0.656487  0.646934  0.655834  0.640204  0.445151  0.518519  0.387276  0.646313  0.573366  0.736439  0.583560  0.583896  0.552938  0.477155  0.514808  0.432785  0.682568  0.631751  0.593726  0.726234  0.537351  0.705048  0.533571  0.654444  0.562958  0.411862  0.677291  0.695321  0.606884  0.685949  0.575878  0.777973  0.610752  0.514502  0.531604  0.660103  0.583312  0.684919  0.636933  0.566544  0.537469 0.0  0.651552  0.633842  0.672212  0.694372  0.619254  0.488215  0.495177 
55  0.376281  0.444747  0.856793  0.539518  0.346890  0.446839  0.537510  0.531411  0.749568  0.459708  0.474037  0.524322  0.559946  0.437433  0.665281  0.488881  0.604460  0.573464  0.747274  0.797576  0.435021  0.483288  0.322003  0.535383  0.541325  0.337777  0.460577  0.510854  0.840827  0.322632  0.431658  0.506790  0.387406  0.317699  0.534445  0.399452  0.539802  0.299895  0.501148  0.425142  0.310474  0.267377  0.531190  0.507835  0.665159  0.605075  0.307497  0.448916  0.457272  0.813760  0.500223  0.791413  0.843598  0.541540  0.651552 0.0  0.616539  0.766398  0.472814  0.385490  0.891398  0.929876 
56  0.736444  0.744293  0.578452  0.539331  0.696340  0.504839  0.678940  0.401467  0.544761  0.683955  0.577112  0.543704  0.612579  0.744829  0.398493  0.577315  0.821447  0.661874  0.710399  0.614760  0.517004  0.733918  0.621671  0.668180  0.751392  0.653510  0.563869  0.786274  0.558719  0.600332  0.657683  0.713276  0.630824  0.623274  0.744144  0.800608  0.669420  0.640042  0.517763  0.618634  0.737934  0.596608  0.690101  0.627521  0.812596  0.755837  0.644692  0.654742  0.660079  0.639280  0.518841  0.589580  0.453032  0.645814  0.633842  0.616539 0.0  0.749734  0.643381  0.715648  0.567870  0.438546 
57  0.726855  0.635870  0.404320  0.764803  0.783178  0.718748  0.759631  0.607767  0.749454  0.520794  0.637213  0.547220  0.731999  0.782909  0.618687  0.734154  0.664972  0.720146  0.604023  0.641715  0.835587  0.684258  0.707023  0.538490  0.672599  0.705379  0.629031  0.459325  0.560871  0.804377  0.687113  0.769471  0.690797  0.679408  0.639789  0.644982  0.656193  0.695198  0.720224  0.649185  0.658926  0.815350  0.664795  0.772616  0.686144  0.598953  0.607531  0.664911  0.576568  0.635267  0.795053  0.710049  0.609663  0.626013  0.672212  0.766398  0.749734 0.0  0.842348  0.689907  0.627316  0.610094 
58  0.596592  0.387233  0.875026  0.461775  0.619922  0.447199  0.474272  0.495135  0.991901  0.602336  0.285499  0.284593  0.719702  0.617962  0.727742  0.525738  0.836316  0.877071  0.760737  0.844244  0.815289  0.485838  0.553428  0.524095  0.324272  0.608835  0.601959  0.598086  0.837570  0.540989  0.652315  0.625932  0.662492  0.477802  0.567801  0.557698  0.527651  0.630640  0.619710  0.482485  0.609126  0.566349  0.528064  0.643169  0.644571  0.620261  0.582444  0.545645  0.652427  0.725190  0.689114  0.827490  0.647535  0.546357  0.694372  0.472814  0.643381  0.842348 0.0  0.537535  0.787942  0.832547 
59  0.427012  0.536321  0.710301  0.687151  0.298095  0.538402  0.560194  0.597414  0.881782  0.546634  0.452560  0.543985  0.597560  0.307457  0.770798  0.562274  0.764338  0.686265  0.689671  0.932551  0.350713  0.556770  0.364863  0.412379  0.590297  0.276033  0.516763  0.534382  0.882755  0.296975  0.520628  0.401047  0.360372  0.413010  0.396680  0.464031  0.354411  0.289294  0.610909  0.398093  0.265202  0.365990  0.759607  0.422797  0.724617  0.561508  0.520483  0.562489  0.366440  0.768496  0.385338  0.716386  0.701025  0.717405  0.619254  0.385490  0.715648  0.689907  0.537535 0.0  0.911461  0.755093 
60  0.561093  0.729038  0.538591  0.704676  0.831356  0.676068  0.832838  0.771425  0.540323  0.599495  0.718202  0.894468  0.404237  0.800259  0.641093  0.693122  0.609655  0.465626  0.446921  0.514683  0.899293  0.658949  0.754174  0.816711  0.819465  0.758348  0.564509  0.656234  0.302114  0.807801  0.794959  0.755934  0.797497  0.796830  0.671448  0.755091  0.769032  0.655697  0.519140  0.608438  0.783212  1.000000  0.665125  0.704268  0.656243  0.679995  0.657514  0.851604  0.841906  0.404640  0.680771  0.643629  0.575576  0.682319  0.488215  0.891398  0.567870  0.627316  0.787942  0.911461 0.0  0.295206 
61  0.678211  0.784783  0.485640  0.649876  0.762459  0.858234  0.787581  0.714837  0.530807  0.722170  0.695505  0.778564  0.413752  0.701948  0.622315  0.688131  0.777364  0.461790  0.447796  0.514338  0.808952  0.771867  0.922007  0.784887  0.799801  0.709969  0.664528  0.617041  0.291043  0.695066  0.883452  0.886217  0.790859  0.694525  0.634347  0.740224  0.788462  0.700232  0.544409  0.798751  0.781089  0.949970  0.757569  0.785522  0.768319  0.713298  0.581098  0.885300  0.800943  0.519896  0.729958  0.599555  0.516547  0.836016  0.495177  0.929876  0.438546  0.610094  0.832547  0.755093  0.295206 0.0 
