62
0 0.0  0.498087  0.637138  0.717156  0.534286  0.545164  0.461174  0.495015  0.657409  0.482987  0.616910  0.513695  0.549653  0.522392  0.634902  0.485259  0.557255  0.583650  0.624533  0.650558  0.425692  0.612851  0.530973  0.465229  0.445757  0.501686  0.459153  0.655473  0.621095  0.499153  0.608887  0.651216  0.577636  0.591353  0.492950  0.518997  0.525659  0.441062  0.531930  0.489144  0.575572  0.535562  0.574011  0.561455  0.464043  0.550373  0.509206  0.441453  0.468863  0.679746  0.463594  0.704497  0.593491  0.583992  0.639087  0.452667  0.609352  0.555149  0.539695  0.522240  0.572357  0.687644 
1  0.498087 0.0  0.794392  0.536655  0.622646  0.504360  0.471661  0.459391  0.804812  0.553529  0.336148  0.503677  0.647250  0.669154  0.787925  0.475304  0.795968  0.768321  0.752432  0.925942  0.631848  0.491243  0.772037  0.668854  0.446832  0.538045  0.648981  0.403241  0.848148  0.553810  0.672591  0.603360  0.485547  0.454034  0.596937  0.661260  0.707825  0.407270  0.695177  0.659758  0.451682  0.498343  0.574317  0.600666  0.831309  0.626384  0.629710  0.571437  0.602917  0.882794  0.679224  0.867046  0.859932  0.637820  0.560925  0.373321  0.720043  0.673122  0.401702  0.601783  0.857368  0.890936 
2  0.637138  0.794392 0.0  0.688370  0.890076  0.822462  0.926072  0.678588  0.632346  0.716329  0.630291  0.829759  0.708129  0.873851  0.538946  0.819051  0.617424  0.899164  0.487301  0.768963  0.943710  0.821494  0.842373  0.766075  0.721282  0.880058  0.835248  0.644232  0.658950  0.786340  0.689614  0.875420  0.797255  0.816574  0.800031  0.842917  0.744738  0.946593  0.881329  0.765233  0.748938  0.904809  0.607728  0.832946  0.830702  0.645047  0.782483  0.746342  0.814379  0.512532  0.701384  0.607270  0.591158  0.791600  0.528906  0.802176  0.544872  0.403704  0.882211  0.867981  0.531778  0.407606 
3  0.717156  0.536655  0.688370 0.0  0.687081  0.418227  0.453742  0.466222  0.788367  0.633017  0.469516  0.457302  0.712751  0.735674  0.582672  0.614583  0.709874  0.660929  0.594867  0.785806  0.691708  0.436054  0.679288  0.667755  0.474248  0.656906  0.675771  0.612640  0.743091  0.581996  0.679645  0.708468  0.695227  0.634005  0.586414  0.622732  0.670670  0.591337  0.698040  0.545951  0.611084  0.567315  0.393311  0.718632  0.793575  0.535458  0.694905  0.613158  0.696194  0.644895  0.661142  0.588529  0.646286  0.441073  0.630817  0.537941  0.620348  0.680222  0.511664  0.631330  0.674217  0.800939 
4  0.534286  0.622646  0.890076  0.687081 0.0  0.707293  0.588649  0.615171  0.675538  0.448641  0.608954  0.701950  0.639780  0.231888  0.759509  0.565747  0.709774  0.691140  0.712695  0.978761  0.256851  0.587302  0.484158  0.467662  0.656845  0.328285  0.481954  0.579446  0.844141  0.400796  0.508216  0.431848  0.413665  0.509670  0.343480  0.346006  0.385257  0.205261  0.481032  0.497839  0.340673  0.330774  0.639543  0.414475  0.727349  0.565669  0.507572  0.384662  0.334485  0.698139  0.304599  0.915502  0.759261  0.638284  0.579852  0.328505  0.677272  0.799211  0.742430  0.315656  0.821234  0.827658 
5  0.545164  0.504360  0.822462  0.418227  0.707293 0.0  0.327267  0.216405  0.657898  0.626441  0.357067  0.424160  0.648403  0.644051  0.700007  0.602615  0.622740  0.679234  0.742050  0.853690  0.754402  0.595204  0.628040  0.597173  0.405050  0.612968  0.556913  0.521421  0.836495  0.639419  0.578199  0.513868  0.558443  0.547437  0.591696  0.690576  0.589455  0.566079  0.671591  0.603049  0.433166  0.618101  0.258835  0.518151  0.582088  0.667929  0.465547  0.517561  0.747149  0.563981  0.732321  0.521139  0.641794  0.390790  0.717251  0.522861  0.546529  0.822982  0.387886  0.624064  0.696942  0.893975 
6  0.461174  0.471661  0.926072  0.453742  0.588649  0.327267 0.0  0.544545  0.634327  0.550768  0.422677  0.340870  0.741849  0.663683  0.884806  0.682612  0.572660  0.738237  0.624671  0.812088  0.743988  0.521242  0.633266  0.689097  0.546718  0.580983  0.644931  0.496909  0.870880  0.546594  0.584123  0.591459  0.550874  0.593848  0.493478  0.557325  0.599992  0.590607  0.668779  0.499295  0.555037  0.589844  0.360768  0.721181  0.554041  0.710256  0.615515  0.499281  0.554288  0.785782  0.664239  0.735325  0.817834  0.460793  0.685781  0.577978  0.606998  0.804211  0.503463  0.613519  0.796338  0.819186 
7  0.495015  0.459391  0.678588  0.466222  0.615171  0.216405  0.544545 0.0  0.563335  0.652277  0.424392  0.507737  0.444808  0.664850  0.496205  0.632529  0.683742  0.740232  0.635505  0.716638  0.722179  0.691704  0.705762  0.542075  0.380900  0.602683  0.416941  0.695918  0.671365  0.577406  0.739731  0.592551  0.515805  0.559578  0.659819  0.612267  0.654565  0.705962  0.467753  0.581866  0.576753  0.695090  0.350802  0.777306  0.540729  0.781222  0.614305  0.541810  0.646784  0.745697  0.734214  0.783995  0.476732  0.550214  0.540127  0.588590  0.463381  0.709302  0.540749  0.690336  0.576493  0.658779 
8  0.657409  0.804812  0.632346  0.788367  0.675538  0.657898  0.634327  0.563335 0.0  0.768777  0.758599  0.794747  0.470545  0.820188  0.622546  0.807281  0.836828  0.689379  0.559985  0.631614  0.901537  0.640982  0.734457  0.717018  0.805919  0.811059  0.654240  0.766033  0.489143  0.733912  0.665582  0.902951  0.818259  0.789203  0.795075  0.771401  0.813443  0.754298  0.596675  0.763724  0.793009  0.919161  0.702630  0.664178  0.718906  0.615387  0.644214  0.769710  0.745102  0.612524  0.718532  0.702949  0.520265  0.661802  0.465115  0.753552  0.641082  0.794814  0.719299  0.875943  0.537938  0.698937 
9  0.482987  0.553529  0.716329  0.633017  0.448641  0.626441  0.550768  0.652277  0.768777 0.0  0.648449  0.609923  0.666592  0.346883  0.761260  0.630274  0.543689  0.833884  0.787384  0.809853  0.566738  0.522471  0.583149  0.336965  0.497266  0.534858  0.573755  0.386335  0.725127  0.504247  0.378630  0.567223  0.594836  0.481147  0.412935  0.433267  0.558736  0.423971  0.517168  0.536340  0.519801  0.591533  0.528899  0.500345  0.618973  0.458903  0.481001  0.415691  0.528538  0.855811  0.475570  0.689114  0.843576  0.652253  0.695939  0.537919  0.799909  0.591641  0.497699  0.552959  0.805850  0.845517 
10  0.616910  0.336148  0.630291  0.469516  0.608954  0.357067  0.422677  0.424392  0.758599  0.648449 0.0  0.228058  0.713956  0.623445  0.718269  0.571251  0.817499  0.718925  0.723111  0.922673  0.744629  0.678117  0.545227  0.567422  0.477492  0.577278  0.675984  0.548638  0.789699  0.646304  0.855547  0.518551  0.593109  0.452772  0.655991  0.622082  0.521584  0.566791  0.765120  0.664324  0.500887  0.700488  0.481492  0.719408  0.727314  0.713935  0.652284  0.634261  0.600896  0.738232  0.620639  0.813271  0.702485  0.579229  0.791336  0.555182  0.519809  0.608168  0.274840  0.468224  0.704220  0.724048 
11  0.513695  0.503677  0.829759  0.457302  0.701950  0.424160  0.340870  0.507737  0.794747  0.609923  0.228058 0.0  0.713040  0.613192  0.715665  0.583065  0.797832  0.727519  0.745930  0.892859  0.664476  0.550437  0.685627  0.623209  0.256199  0.609691  0.660576  0.679558  0.986751  0.620223  0.804564  0.706119  0.674645  0.584056  0.593435  0.742708  0.523447  0.588423  0.669019  0.650607  0.542564  0.542715  0.499262  0.696074  0.767167  0.696502  0.742857  0.590966  0.627872  0.820873  0.739804  0.785871  0.694919  0.580632  0.714326  0.602219  0.579455  0.814737  0.162009  0.501677  0.772867  0.880571 
12  0.549653  0.647250  0.708129  0.712751  0.639780  0.648403  0.741849  0.444808  0.470545  0.666592  0.713956  0.713040 0.0  0.615777  0.737979  0.705635  0.706731  0.475089  0.544563  0.513733  0.768359  0.578731  0.696646  0.559636  0.664884  0.671755  0.280952  0.513862  0.380441  0.557380  0.710539  0.654388  0.572369  0.574285  0.573671  0.477085  0.666881  0.550726  0.274178  0.556715  0.647732  0.774646  0.723097  0.554089  0.718910  0.534651  0.512738  0.664826  0.622387  0.762231  0.393464  0.801547  0.622383  0.620868  0.483943  0.726761  0.679453  0.681704  0.740167  0.771276  0.440944  0.537035 
13  0.522392  0.669154  0.873851  0.735674  0.231888  0.644051  0.663683  0.664850  0.820188  0.346883  0.623445  0.613192  0.615777 0.0  0.683830  0.582071  0.695182  0.716296  0.764747  0.748150  0.378783  0.567067  0.469568  0.416232  0.555727  0.212182  0.549745  0.601353  0.817393  0.349257  0.473323  0.381765  0.253887  0.339161  0.357770  0.447992  0.322119  0.252473  0.432357  0.590352  0.099989  0.562524  0.657541  0.377267  0.856932  0.655088  0.554902  0.379932  0.435332  0.752133  0.340298  0.792426  0.714048  0.596199  0.627830  0.472414  0.718780  0.798364  0.729665  0.261403  0.841218  0.840259 
14  0.634902  0.787925  0.538946  0.582672  0.759509  0.700007  0.884806  0.496205  0.622546  0.761260  0.718269  0.715665  0.737979  0.683830 0.0  0.768818  0.663755  0.734918  0.620577  0.767478  0.796250  0.783383  0.860549  0.804904  0.755636  0.771367  0.786207  0.802695  0.636113  0.815488  0.836971  0.768122  0.671803  0.813626  0.851054  0.707723  0.649675  0.836929  0.637995  0.818862  0.747010  0.840542  0.738572  0.824564  0.735657  0.834925  0.809830  0.605730  0.843446  0.691763  0.766987  0.687451  0.426424  0.741703  0.685234  0.676240  0.434832  0.714043  0.704127  0.834640  0.591843  0.656327 
15  0.485259  0.475304  0.819051  0.614583  0.565747  0.602615  0.682612  0.632529  0.807281  0.630274  0.571251  0.583065  0.705635  0.582071  0.768818 0.0  0.736973  0.762986  0.859083  0.941028  0.591484  0.774836  0.550034  0.648095  0.454057  0.501948  0.729436  0.600681  0.823465  0.664170  0.681382  0.691788  0.672069  0.535570  0.595449  0.539177  0.732907  0.552654  0.677386  0.483860  0.533246  0.566028  0.679769  0.727725  0.716519  0.777163  0.461623  0.537120  0.641802  0.789285  0.539382  0.879100  0.838480  0.766573  0.675056  0.543786  0.663256  0.683179  0.481230  0.546937  0.698968  0.768664 
16  0.557255  0.795968  0.617424  0.709874  0.709774  0.622740  0.572660  0.683742  0.836828  0.543689  0.817499  0.797832  0.706731  0.695182  0.663755  0.736973 0.0  0.616365  0.759310  0.624764  0.783536  0.856145  0.845966  0.695463  0.795158  0.632225  0.545591  0.503668  0.774734  0.693828  0.513423  0.703140  0.632694  0.776166  0.765171  0.731541  0.715244  0.655940  0.543702  0.582205  0.678583  0.676557  0.662876  0.540180  0.605108  0.451627  0.635977  0.659034  0.754980  0.598720  0.653402  0.634054  0.724025  0.756784  0.574747  0.655592  0.835976  0.757440  0.845467  0.639576  0.757659  0.658301 
17  0.583650  0.768321  0.899164  0.660929  0.691140  0.679234  0.738237  0.740232  0.689379  0.833884  0.718925  0.727519  0.475089  0.716296  0.734918  0.762986  0.616365 0.0  0.737626  0.376609  0.655682  0.714746  0.793308  0.592502  0.853097  0.734787  0.417810  0.735458  0.510553  0.523355  0.804655  0.815692  0.846568  0.727528  0.726410  0.741901  0.666701  0.770019  0.631841  0.632794  0.730178  0.729454  0.829399  0.691417  0.710452  0.575761  0.613812  0.831471  0.798320  0.753680  0.588651  0.765621  0.761061  0.897887  0.447882  0.711766  0.620903  0.758305  0.837918  0.705801  0.507488  0.488631 
18  0.624533  0.752432  0.487301  0.594867  0.712695  0.742050  0.624671  0.635505  0.559985  0.787384  0.723111  0.745930  0.544563  0.764747  0.620577  0.859083  0.759310  0.737626 0.0  0.783762  0.866451  0.649500  0.773621  0.684640  0.590165  0.765910  0.732129  0.786462  0.418521  0.808328  0.615038  0.650597  0.776097  0.685803  0.775290  0.729960  0.745902  0.946690  0.689628  0.775338  0.807501  0.717358  0.681930  0.781310  0.651105  0.703113  0.692806  0.757270  0.573097  0.525683  0.670640  0.448313  0.586703  0.680039  0.644330  0.728344  0.698586  0.582997  0.617716  0.772983  0.526280  0.506725 
19  0.650558  0.925942  0.768963  0.785806  0.978761  0.853690  0.812088  0.716638  0.631614  0.809853  0.922673  0.892859  0.513733  0.748150  0.767478  0.941028  0.624764  0.376609  0.783762 0.0  0.756170  0.845094  0.818656  0.833739  0.882369  0.801526  0.583872  0.794050  0.461608  0.822275  0.781588  0.831829  0.793401  0.861430  0.805641  0.692341  0.730007  0.793294  0.609529  0.710805  0.922679  0.881360  0.916530  0.745179  0.853197  0.770057  0.714081  0.989454  0.729449  0.611034  0.629757  0.723802  0.693511  0.757691  0.500266  0.922200  0.818751  0.646068  0.959836  0.822696  0.506153  0.514658 
20  0.425692  0.631848  0.943710  0.691708  0.256851  0.754402  0.743988  0.722179  0.901537  0.566738  0.744629  0.664476  0.768359  0.378783  0.796250  0.591484  0.783536  0.655682  0.866451  0.756170 0.0  0.710783  0.611267  0.547419  0.782689  0.249239  0.609393  0.680701  0.902592  0.387685  0.566867  0.474196  0.417322  0.483523  0.447220  0.385620  0.439829  0.418941  0.656162  0.575804  0.321907  0.412626  0.764145  0.444879  0.820188  0.642322  0.650134  0.526978  0.452964  0.794825  0.365987  0.915441  0.713615  0.692301  0.724406  0.455038  0.672593  0.852265  0.776187  0.483954  0.774091  0.782234 
21  0.612851  0.491243  0.821494  0.436054  0.587302  0.595204  0.521242  0.691704  0.640982  0.522471  0.678117  0.550437  0.578731  0.567067  0.783383  0.774836  0.856145  0.714746  0.649500  0.845094  0.710783 0.0  0.395247  0.470524  0.411313  0.501082  0.815912  0.616074  0.785967  0.492636  0.503819  0.542400  0.519815  0.503842  0.568529  0.443638  0.760606  0.513414  0.617144  0.608546  0.555913  0.584052  0.530020  0.586813  0.785902  0.730154  0.444966  0.492486  0.422396  0.846530  0.664518  0.726969  0.682184  0.537491  0.631645  0.479621  0.757401  0.682150  0.548577  0.521042  0.788194  0.705801 
22  0.530973  0.772037  0.842373  0.679288  0.484158  0.628040  0.633266  0.705762  0.734457  0.583149  0.545227  0.685627  0.696646  0.469568  0.860549  0.550034  0.845966  0.793308  0.773621  0.818656  0.611267  0.395247 0.0  0.525935  0.707951  0.561835  0.574201  0.650238  0.726753  0.520641  0.473341  0.598282  0.515775  0.318443  0.609944  0.517486  0.635694  0.396569  0.754723  0.576478  0.475951  0.397349  0.646803  0.501309  0.865845  0.802779  0.354865  0.424464  0.376679  0.770791  0.422330  0.906031  0.687947  0.599615  0.722323  0.338493  0.688284  0.743940  0.565617  0.565837  0.829598  0.818605 
23  0.465229  0.668854  0.766075  0.667755  0.467662  0.597173  0.689097  0.542075  0.717018  0.336965  0.567422  0.623209  0.559636  0.416232  0.804904  0.648095  0.695463  0.592502  0.684640  0.833739  0.547419  0.470524  0.525935 0.0  0.580391  0.399762  0.461247  0.522408  0.868808  0.422316  0.388407  0.593877  0.473456  0.275475  0.426588  0.355882  0.583872  0.341612  0.587359  0.560583  0.503688  0.568316  0.550321  0.553758  0.609199  0.551059  0.552024  0.388977  0.384601  0.825243  0.507884  0.936853  0.803894  0.692181  0.672424  0.492243  0.805302  0.501532  0.609656  0.442970  0.769493  0.768982 
24  0.445757  0.446832  0.721282  0.474248  0.656845  0.405050  0.546718  0.380900  0.805919  0.497266  0.477492  0.256199  0.664884  0.555727  0.755636  0.454057  0.795158  0.853097  0.590165  0.882369  0.782689  0.411313  0.707951  0.580391 0.0  0.527882  0.683035  0.488926  0.829415  0.573913  0.607325  0.674474  0.386899  0.650287  0.474912  0.553054  0.699956  0.589308  0.564154  0.480199  0.548796  0.635252  0.438408  0.608071  0.801442  0.692677  0.587260  0.621094  0.531102  0.792061  0.652213  0.729637  0.709841  0.382466  0.628487  0.558104  0.749802  0.620357  0.401672  0.599713  0.794625  0.830059 
25  0.501686  0.538045  0.880058  0.656906  0.328285  0.612968  0.580983  0.602683  0.811059  0.534858  0.577278  0.609691  0.671755  0.212182  0.771367  0.501948  0.632225  0.734787  0.765910  0.801526  0.249239  0.501082  0.561835  0.399762  0.527882 0.0  0.548182  0.588835  0.918743  0.267375  0.445376  0.381973  0.296362  0.408258  0.347832  0.357860  0.385939  0.265798  0.481070  0.444970  0.112928  0.408505  0.630488  0.468642  0.686434  0.724963  0.540367  0.520268  0.422483  0.710153  0.357584  0.822631  0.717064  0.607081  0.646270  0.326560  0.736940  0.758611  0.594413  0.159920  0.843614  0.960451 
26  0.459153  0.648981  0.835248  0.675771  0.481954  0.556913  0.644931  0.416941  0.654240  0.573755  0.675984  0.660576  0.280952  0.549745  0.786207  0.729436  0.545591  0.417810  0.732129  0.583872  0.609393  0.815912  0.574201  0.461247  0.683035  0.548182 0.0  0.513791  0.623894  0.602189  0.565130  0.713288  0.433236  0.565523  0.498409  0.512558  0.532710  0.521584  0.248635  0.593062  0.534068  0.613173  0.652924  0.395872  0.579931  0.629784  0.495316  0.648946  0.634393  0.726526  0.725687  0.832662  0.673931  0.717369  0.501185  0.510517  0.573442  0.656248  0.698387  0.584177  0.586077  0.615644 
27  0.655473  0.403241  0.644232  0.612640  0.579446  0.521421  0.496909  0.695918  0.766033  0.386335  0.548638  0.679558  0.513862  0.601353  0.802695  0.600681  0.503668  0.735458  0.786462  0.794050  0.680701  0.616074  0.650238  0.522408  0.488926  0.588835  0.513791 0.0  0.824676  0.605771  0.444853  0.644997  0.732573  0.598897  0.585243  0.522801  0.659155  0.536257  0.430174  0.448360  0.504093  0.531888  0.435038  0.544251  0.496830  0.471093  0.568862  0.432414  0.572064  0.740013  0.605646  0.674600  0.777387  0.722879  0.594203  0.528799  0.601234  0.674713  0.584989  0.498095  0.772757  0.781359 
28  0.621095  0.848148  0.658950  0.743091  0.844141  0.836495  0.870880  0.671365  0.489143  0.725127  0.789699  0.986751  0.380441  0.817393  0.636113  0.823465  0.774734  0.510553  0.418521  0.461608  0.902592  0.785967  0.726753  0.868808  0.829415  0.918743  0.623894  0.824676 0.0  0.805326  0.788837  0.764760  0.775335  0.782214  0.755401  0.851725  0.782521  0.719795  0.567103  0.677232  0.923476  0.900451  0.786732  0.748108  0.754718  0.667332  0.648529  0.813075  0.757302  0.533998  0.767687  0.454058  0.601050  0.874075  0.427125  0.915492  0.727043  0.579580  0.891010  0.731101  0.311436  0.273257 
29  0.499153  0.553810  0.786340  0.581996  0.400796  0.639419  0.546594  0.577406  0.733912  0.504247  0.646304  0.620223  0.557380  0.349257  0.815488  0.664170  0.693828  0.523355  0.808328  0.822275  0.387685  0.492636  0.520641  0.422316  0.573913  0.267375  0.602189  0.605771  0.805326 0.0  0.484080  0.433982  0.243023  0.418795  0.495757  0.382690  0.366917  0.324310  0.531667  0.472263  0.222945  0.508458  0.680953  0.323621  0.610215  0.651286  0.568532  0.497225  0.396863  0.812986  0.438908  0.850863  0.765031  0.630179  0.690473  0.511828  0.711747  0.846242  0.645427  0.286207  0.714831  0.711255 
30  0.608887  0.672591  0.689614  0.679645  0.508216  0.578199  0.584123  0.739731  0.665582  0.378630  0.855547  0.804564  0.710539  0.473323  0.836971  0.681382  0.513423  0.804655  0.615038  0.781588  0.566867  0.503819  0.473341  0.388407  0.607325  0.445376  0.565130  0.444853  0.788837  0.484080 0.0  0.545104  0.499973  0.417865  0.532290  0.492481  0.710573  0.477875  0.544567  0.497373  0.469410  0.395496  0.604569  0.595139  0.559922  0.356716  0.449161  0.472423  0.536993  0.767676  0.550065  0.802102  0.793595  0.579886  0.699866  0.441747  0.677819  0.753578  0.667192  0.455092  0.763691  0.828919 
31  0.651216  0.603360  0.875420  0.708468  0.431848  0.513868  0.591459  0.592551  0.902951  0.567223  0.518551  0.706119  0.654388  0.381765  0.768122  0.691788  0.703140  0.815692  0.650597  0.831829  0.474196  0.542400  0.598282  0.593877  0.674474  0.381973  0.713288  0.644997  0.764760  0.433982  0.545104 0.0  0.348447  0.496537  0.389766  0.555240  0.466961  0.317005  0.677395  0.537151  0.419253  0.747186  0.642157  0.483170  0.885650  0.768644  0.627492  0.400410  0.451522  0.785595  0.388788  0.854473  0.615732  0.618742  0.686896  0.527271  0.585691  0.750669  0.677557  0.454294  0.825991  0.735719 
32  0.577636  0.485547  0.797255  0.695227  0.413665  0.558443  0.550874  0.515805  0.818259  0.594836  0.593109  0.674645  0.572369  0.253887  0.671803  0.672069  0.632694  0.846568  0.776097  0.793401  0.417322  0.519815  0.515775  0.473456  0.386899  0.296362  0.433236  0.732573  0.775335  0.243023  0.499973  0.348447 0.0  0.402044  0.324298  0.245935  0.505319  0.204735  0.523853  0.511666  0.260104  0.544451  0.605400  0.359678  0.747399  0.670631  0.575590  0.417509  0.475441  0.767552  0.382876  0.844915  0.693557  0.472367  0.614712  0.487754  0.811868  0.688862  0.698967  0.397429  0.788848  0.852796 
33  0.591353  0.454034  0.816574  0.634005  0.509670  0.547437  0.593848  0.559578  0.789203  0.481147  0.452772  0.584056  0.574285  0.339161  0.813626  0.535570  0.776166  0.727528  0.685803  0.861430  0.483523  0.503842  0.318443  0.275475  0.650287  0.408258  0.565523  0.598897  0.782214  0.418795  0.417865  0.496537  0.402044 0.0  0.341413  0.418397  0.524021  0.258216  0.426475  0.557913  0.398176  0.361440  0.523655  0.376694  0.751809  0.673195  0.431313  0.616777  0.416955  0.770265  0.419302  0.793024  0.740126  0.569663  0.706007  0.346450  0.718844  0.724783  0.455337  0.384298  0.874038  0.806516 
34  0.492950  0.596937  0.800031  0.586414  0.343480  0.591696  0.493478  0.659819  0.795075  0.412935  0.655991  0.593435  0.573671  0.357770  0.851054  0.595449  0.765171  0.726410  0.775290  0.805641  0.447220  0.568529  0.609944  0.426588  0.474912  0.347832  0.498409  0.585243  0.755401  0.495757  0.532290  0.389766  0.324298  0.341413 0.0  0.379841  0.414251  0.267553  0.622072  0.515694  0.401835  0.568365  0.632922  0.379197  0.729700  0.689441  0.601160  0.577423  0.296395  0.685531  0.439881  0.770682  0.827662  0.658947  0.655938  0.493210  0.648915  0.581069  0.759096  0.362361  0.846792  0.802317 
35  0.518997  0.661260  0.842917  0.622732  0.346006  0.690576  0.557325  0.612267  0.771401  0.433267  0.622082  0.742708  0.477085  0.447992  0.707723  0.539177  0.731541  0.741901  0.729960  0.692341  0.385620  0.443638  0.517486  0.355882  0.553054  0.357860  0.512558  0.522801  0.851725  0.382690  0.492481  0.555240  0.245935  0.418397  0.379841 0.0  0.469249  0.300458  0.542031  0.489814  0.464082  0.419718  0.675062  0.437803  0.732361  0.755335  0.602047  0.523460  0.463153  0.780125  0.349998  0.941546  0.738632  0.622013  0.594494  0.354812  0.720452  0.763495  0.541991  0.369615  0.869326  0.874318 
36  0.525659  0.707825  0.744738  0.670670  0.385257  0.589455  0.599992  0.654565  0.813443  0.558736  0.521584  0.523447  0.666881  0.322119  0.649675  0.732907  0.715244  0.666701  0.745902  0.730007  0.439829  0.760606  0.635694  0.583872  0.699956  0.385939  0.532710  0.659155  0.782521  0.366917  0.710573  0.466961  0.505319  0.524021  0.414251  0.469249 0.0  0.368825  0.556031  0.486029  0.465784  0.546416  0.673290  0.404583  0.798928  0.694964  0.550463  0.564899  0.552996  0.736221  0.350026  0.729445  0.723142  0.805800  0.593389  0.603805  0.803071  0.959835  0.701294  0.411554  0.814218  0.814849 
37  0.441062  0.407270  0.946593  0.591337  0.205261  0.566079  0.590607  0.705962  0.754298  0.423971  0.566791  0.588423  0.550726  0.252473  0.836929  0.552654  0.655940  0.770019  0.946690  0.793294  0.418941  0.513414  0.396569  0.341612  0.589308  0.265798  0.521584  0.536257  0.719795  0.324310  0.477875  0.317005  0.204735  0.258216  0.267553  0.300458  0.368825 0.0  0.538174  0.451240  0.230935  0.574713  0.667487  0.311620  0.685970  0.643988  0.507712  0.438654  0.400005  0.851808  0.201325  0.965972  0.725064  0.484921  0.631644  0.248359  0.666958  0.566678  0.624482  0.246297  0.807128  0.790049 
38  0.531930  0.695177  0.881329  0.698040  0.481032  0.671591  0.668779  0.467753  0.596675  0.517168  0.765120  0.669019  0.274178  0.432357  0.637995  0.677386  0.543702  0.631841  0.689628  0.609529  0.656162  0.617144  0.754723  0.587359  0.564154  0.481070  0.248635  0.430174  0.567103  0.531667  0.544567  0.677395  0.523853  0.426475  0.622072  0.542031  0.556031  0.538174 0.0  0.610118  0.479892  0.549105  0.533703  0.321060  0.654742  0.539446  0.451824  0.662425  0.533921  0.712153  0.501099  0.679750  0.674204  0.656074  0.450015  0.478658  0.570573  0.806711  0.664119  0.546962  0.585262  0.540062 
39  0.489144  0.659758  0.765233  0.545951  0.497839  0.603049  0.499295  0.581866  0.763724  0.536340  0.664324  0.650607  0.556715  0.590352  0.818862  0.483860  0.582205  0.632794  0.775338  0.710805  0.575804  0.608546  0.576478  0.560583  0.480199  0.444970  0.593062  0.448360  0.677232  0.472263  0.497373  0.537151  0.511666  0.557913  0.515694  0.489814  0.486029  0.451240  0.610118 0.0  0.397537  0.442396  0.599076  0.412703  0.504539  0.566516  0.366837  0.513972  0.623599  0.674026  0.433413  0.769462  0.657060  0.710869  0.741391  0.492893  0.670203  0.628839  0.579291  0.490438  0.697622  0.630912 
40  0.575572  0.451682  0.748938  0.611084  0.340673  0.433166  0.555037  0.576753  0.793009  0.519801  0.500887  0.542564  0.647732  0.099989  0.747010  0.533246  0.678583  0.730178  0.807501  0.922679  0.321907  0.555913  0.475951  0.503688  0.548796  0.112928  0.534068  0.504093  0.923476  0.222945  0.469410  0.419253  0.260104  0.398176  0.401835  0.464082  0.465784  0.230935  0.479892  0.397537 0.0  0.395331  0.598151  0.367372  0.662650  0.776377  0.532836  0.424973  0.455256  0.733512  0.256040  0.905522  0.702868  0.659894  0.698076  0.324536  0.582811  0.760433  0.632950  0.359391  0.822359  0.797602 
41  0.535562  0.498343  0.904809  0.567315  0.330774  0.618101  0.589844  0.695090  0.919161  0.591533  0.700488  0.542715  0.774646  0.562524  0.840542  0.566028  0.676557  0.729454  0.717358  0.881360  0.412626  0.584052  0.397349  0.568316  0.635252  0.408505  0.613173  0.531888  0.900451  0.508458  0.395496  0.747186  0.544451  0.361440  0.568365  0.419718  0.546416  0.574713  0.549105  0.442396  0.395331 0.0  0.649839  0.535264  0.677154  0.692377  0.393598  0.539906  0.471774  0.736841  0.558033  0.929030  0.841561  0.710038  0.757879  0.262076  0.800793  0.822647  0.667192  0.448151  0.823446  0.905251 
42  0.574011  0.574317  0.607728  0.393311  0.639543  0.258835  0.360768  0.350802  0.702630  0.528899  0.481492  0.499262  0.723097  0.657541  0.738572  0.679769  0.662876  0.829399  0.681930  0.916530  0.764145  0.530020  0.646803  0.550321  0.438408  0.630488  0.652924  0.435038  0.786732  0.680953  0.604569  0.642157  0.605400  0.523655  0.632922  0.675062  0.673290  0.667487  0.533703  0.599076  0.598151  0.649839 0.0  0.582602  0.812244  0.671899  0.428681  0.681661  0.573444  0.662430  0.714215  0.493941  0.655339  0.432420  0.642352  0.532366  0.669777  0.692178  0.583200  0.706176  0.786841  0.679585 
43  0.561455  0.600666  0.832946  0.718632  0.414475  0.518151  0.721181  0.777306  0.664178  0.500345  0.719408  0.696074  0.554089  0.377267  0.824564  0.727725  0.540180  0.691417  0.781310  0.745179  0.444879  0.586813  0.501309  0.553758  0.608071  0.468642  0.395872  0.544251  0.748108  0.323621  0.595139  0.483170  0.359678  0.376694  0.379197  0.437803  0.404583  0.311620  0.321060  0.412703  0.367372  0.535264  0.582602 0.0  0.745744  0.634775  0.430224  0.496872  0.447720  0.840029  0.418098  0.783139  0.784888  0.597978  0.688100  0.460821  0.818980  0.691980  0.657538  0.475552  0.719309  0.684414 
44  0.464043  0.831309  0.830702  0.793575  0.727349  0.582088  0.554041  0.540729  0.718906  0.618973  0.727314  0.767167  0.718910  0.856932  0.735657  0.716519  0.605108  0.710452  0.651105  0.853197  0.820188  0.785902  0.865845  0.609199  0.801442  0.686434  0.579931  0.496830  0.754718  0.610215  0.559922  0.885650  0.747399  0.751809  0.729700  0.732361  0.798928  0.685970  0.654742  0.504539  0.662650  0.677154  0.812244  0.745744 0.0  0.336549  0.620795  0.551921  0.852923  0.649085  0.621131  0.521290  0.806626  0.728896  0.739004  0.692932  0.865449  0.810214  0.722728  0.801915  0.602167  0.781084 
45  0.550373  0.626384  0.645047  0.535458  0.565669  0.667929  0.710256  0.781222  0.615387  0.458903  0.713935  0.696502  0.534651  0.655088  0.834925  0.777163  0.451627  0.575761  0.703113  0.770057  0.642322  0.730154  0.802779  0.551059  0.692677  0.724963  0.629784  0.471093  0.667332  0.651286  0.356716  0.768644  0.670631  0.673195  0.689441  0.755335  0.694964  0.643988  0.539446  0.566516  0.776377  0.692377  0.671899  0.634775  0.336549 0.0  0.679730  0.454988  0.642150  0.609739  0.523951  0.682805  0.838133  0.612628  0.683819  0.601692  0.796412  0.686698  0.567512  0.697225  0.715863  0.772011 
46  0.509206  0.629710  0.782483  0.694905  0.507572  0.465547  0.615515  0.614305  0.644214  0.481001  0.652284  0.742857  0.512738  0.554902  0.809830  0.461623  0.635977  0.613812  0.692806  0.714081  0.650134  0.444966  0.354865  0.552024  0.587260  0.540367  0.495316  0.568862  0.648529  0.568532  0.449161  0.627492  0.575590  0.431313  0.601160  0.602047  0.550463  0.507712  0.451824  0.366837  0.532836  0.393598  0.428681  0.430224  0.620795  0.679730 0.0  0.581150  0.570102  0.703068  0.596075  0.516494  0.708234  0.507251  0.635368  0.407083  0.625885  0.663723  0.575365  0.622565  0.601860  0.827088 
47  0.441453  0.571437  0.746342  0.613158  0.384662  0.517561  0.499281  0.541810  0.769710  0.415691  0.634261  0.590966  0.664826  0.379932  0.605730  0.537120  0.659034  0.831471  0.757270  0.989454  0.526978  0.492486  0.424464  0.388977  0.621094  0.520268  0.648946  0.432414  0.813075  0.497225  0.472423  0.400410  0.417509  0.616777  0.577423  0.523460  0.564899  0.438654  0.662425  0.513972  0.424973  0.539906  0.681661  0.496872  0.551921  0.454988  0.581150 0.0  0.427824  0.671292  0.449874  0.849552  0.539432  0.595682  0.593430  0.375628  0.711705  0.600801  0.628850  0.738588  0.826610  0.904414 
48  0.468863  0.602917  0.814379  0.696194  0.334485  0.747149  0.554288  0.646784  0.745102  0.528538  0.600896  0.627872  0.622387  0.435332  0.843446  0.641802  0.754980  0.798320  0.573097  0.729449  0.452964  0.422396  0.376679  0.384601  0.531102  0.422483  0.634393  0.572064  0.757302  0.396863  0.536993  0.451522  0.475441  0.416955  0.296395  0.463153  0.552996  0.400005  0.533921  0.623599  0.455256  0.471774  0.573444  0.447720  0.852923  0.642150  0.570102  0.427824 0.0  0.881714  0.360465  0.805012  0.690561  0.688087  0.634223  0.479247  0.658180  0.691908  0.629980  0.381520  0.860816  0.614213 
49  0.679746  0.882794  0.512532  0.644895  0.698139  0.563981  0.785782  0.745697  0.612524  0.855811  0.738232  0.820873  0.762231  0.752133  0.691763  0.789285  0.598720  0.753680  0.525683  0.611034  0.794825  0.846530  0.770791  0.825243  0.792061  0.710153  0.726526  0.740013  0.533998  0.812986  0.767676  0.785595  0.767552  0.770265  0.685531  0.780125  0.736221  0.851808  0.712153  0.674026  0.733512  0.736841  0.662430  0.840029  0.649085  0.609739  0.703068  0.671292  0.881714 0.0  0.761656  0.565898  0.542070  0.770987  0.673676  0.772811  0.748461  0.635257  0.692078  0.739203  0.521463  0.511950 
50  0.463594  0.679224  0.701384  0.661142  0.304599  0.732321  0.664239  0.734214  0.718532  0.475570  0.620639  0.739804  0.393464  0.340298  0.766987  0.539382  0.653402  0.588651  0.670640  0.629757  0.365987  0.664518  0.422330  0.507884  0.652213  0.357584  0.725687  0.605646  0.767687  0.438908  0.550065  0.388788  0.382876  0.419302  0.439881  0.349998  0.350026  0.201325  0.501099  0.433413  0.256040  0.558033  0.714215  0.418098  0.621131  0.523951  0.596075  0.449874  0.360465  0.761656 0.0  0.830268  0.690212  0.707600  0.555226  0.453121  0.750388  0.776554  0.642337  0.156772  0.662390  0.836264 
51  0.704497  0.867046  0.607270  0.588529  0.915502  0.521139  0.735325  0.783995  0.702949  0.689114  0.813271  0.785871  0.801547  0.792426  0.687451  0.879100  0.634054  0.765621  0.448313  0.723802  0.915441  0.726969  0.906031  0.936853  0.729637  0.822631  0.832662  0.674600  0.454058  0.850863  0.802102  0.854473  0.844915  0.793024  0.770682  0.941546  0.729445  0.965972  0.679750  0.769462  0.905522  0.929030  0.493941  0.783139  0.521290  0.682805  0.516494  0.849552  0.805012  0.565898  0.830268 0.0  0.640624  0.507746  0.698670  0.801091  0.732264  0.745197  0.752740  1.000000  0.515128  0.586747 
52  0.593491  0.859932  0.591158  0.646286  0.759261  0.641794  0.817834  0.476732  0.520265  0.843576  0.702485  0.694919  0.622383  0.714048  0.426424  0.838480  0.724025  0.761061  0.586703  0.693511  0.713615  0.682184  0.687947  0.803894  0.709841  0.717064  0.673931  0.777387  0.601050  0.765031  0.793595  0.615732  0.693557  0.740126  0.827662  0.738632  0.723142  0.725064  0.674204  0.657060  0.702868  0.841561  0.655339  0.784888  0.806626  0.838133  0.708234  0.539432  0.690561  0.542070  0.690212  0.640624 0.0  0.626081  0.661969  0.892096  0.411641  0.603767  0.796095  0.708534  0.618011  0.595783 
53  0.583992  0.637820  0.791600  0.441073  0.638284  0.390790  0.460793  0.550214  0.661802  0.652253  0.579229  0.580632  0.620868  0.596199  0.741703  0.766573  0.756784  0.897887  0.680039  0.757691  0.692301  0.537491  0.599615  0.692181  0.382466  0.607081  0.717369  0.722879  0.874075  0.630179  0.579886  0.618742  0.472367  0.569663  0.658947  0.622013  0.805800  0.484921  0.656074  0.710869  0.659894  0.710038  0.432420  0.597978  0.728896  0.612628  0.507251  0.595682  0.688087  0.770987  0.707600  0.507746  0.626081 0.0  0.615813  0.606112  0.786079  0.738247  0.622848  0.734166  0.771035  0.834904 
54  0.639087  0.560925  0.528906  0.630817  0.579852  0.717251  0.685781  0.540127  0.465115  0.695939  0.791336  0.714326  0.483943  0.627830  0.685234  0.675056  0.574747  0.447882  0.644330  0.500266  0.724406  0.631645  0.722323  0.672424  0.628487  0.646270  0.501185  0.594203  0.427125  0.690473  0.699866  0.686896  0.614712  0.706007  0.655938  0.594494  0.593389  0.631644  0.450015  0.741391  0.698076  0.757879  0.642352  0.688100  0.739004  0.683819  0.635368  0.593430  0.634223  0.673676  0.555226  0.698670  0.661969  0.615813 0.0  0.710798  0.600168  0.645858  0.700116  0.804357  0.356018  0.491648 
55  0.452667  0.373321  0.802176  0.537941  0.328505  0.522861  0.577978  0.588590  0.753552  0.537919  0.555182  0.602219  0.726761  0.472414  0.676240  0.543786  0.655592  0.711766  0.728344  0.922200  0.455038  0.479621  0.338493  0.492243  0.558104  0.326560  0.510517  0.528799  0.915492  0.511828  0.441747  0.527271  0.487754  0.346450  0.493210  0.354812  0.603805  0.248359  0.478658  0.492893  0.324536  0.262076  0.532366  0.460821  0.692932  0.601692  0.407083  0.375628  0.479247  0.772811  0.453121  0.801091  0.892096  0.606112  0.710798 0.0  0.732801  0.815034  0.548133  0.497211  0.943815  0.841858 
56  0.609352  0.720043  0.544872  0.620348  0.677272  0.546529  0.606998  0.463381  0.641082  0.799909  0.519809  0.579455  0.679453  0.718780  0.434832  0.663256  0.835976  0.620903  0.698586  0.818751  0.672593  0.757401  0.688284  0.805302  0.749802  0.736940  0.573442  0.601234  0.727043  0.711747  0.677819  0.585691  0.811868  0.718844  0.648915  0.720452  0.803071  0.666958  0.570573  0.670203  0.582811  0.800793  0.669777  0.818980  0.865449  0.796412  0.625885  0.711705  0.658180  0.748461  0.750388  0.732264  0.411641  0.786079  0.600168  0.732801 0.0  0.708915  0.648904  0.645381  0.708817  0.688695 
57  0.555149  0.673122  0.403704  0.680222  0.799211  0.822982  0.804211  0.709302  0.794814  0.591641  0.608168  0.814737  0.681704  0.798364  0.714043  0.683179  0.757440  0.758305  0.582997  0.646068  0.852265  0.682150  0.743940  0.501532  0.620357  0.758611  0.656248  0.674713  0.579580  0.846242  0.753578  0.750669  0.688862  0.724783  0.581069  0.763495  0.959835  0.566678  0.806711  0.628839  0.760433  0.822647  0.692178  0.691980  0.810214  0.686698  0.663723  0.600801  0.691908  0.635257  0.776554  0.745197  0.603767  0.738247  0.645858  0.815034  0.708915 0.0  0.665205  0.814455  0.692469  0.693563 
58  0.539695  0.401702  0.882211  0.511664  0.742430  0.387886  0.503463  0.540749  0.719299  0.497699  0.274840  0.162009  0.740167  0.729665  0.704127  0.481230  0.845467  0.837918  0.617716  0.959836  0.776187  0.548577  0.565617  0.609656  0.401672  0.594413  0.698387  0.584989  0.891010  0.645427  0.667192  0.677557  0.698967  0.455337  0.759096  0.541991  0.701294  0.624482  0.664119  0.579291  0.632950  0.667192  0.583200  0.657538  0.722728  0.567512  0.575365  0.628850  0.629980  0.692078  0.642337  0.752740  0.796095  0.622848  0.700116  0.548133  0.648904  0.665205 0.0  0.484315  0.829451  0.713715 
59  0.522240  0.601783  0.867981  0.631330  0.315656  0.624064  0.613519  0.690336  0.875943  0.552959  0.468224  0.501677  0.771276  0.261403  0.834640  0.546937  0.639576  0.705801  0.772983  0.822696  0.483954  0.521042  0.565837  0.442970  0.599713  0.159920  0.584177  0.498095  0.731101  0.286207  0.455092  0.454294  0.397429  0.384298  0.362361  0.369615  0.411554  0.246297  0.546962  0.490438  0.359391  0.448151  0.706176  0.475552  0.801915  0.697225  0.622565  0.738588  0.381520  0.739203  0.156772  1.000000  0.708534  0.734166  0.804357  0.497211  0.645381  0.814455  0.484315 0.0  0.882791  0.807360 
60  0.572357  0.857368  0.531778  0.674217  0.821234  0.696942  0.796338  0.576493  0.537938  0.805850  0.704220  0.772867  0.440944  0.841218  0.591843  0.698968  0.757659  0.507488  0.526280  0.506153  0.774091  0.788194  0.829598  0.769493  0.794625  0.843614  0.586077  0.772757  0.311436  0.714831  0.763691  0.825991  0.788848  0.874038  0.846792  0.869326  0.814218  0.807128  0.585262  0.697622  0.822359  0.823446  0.786841  0.719309  0.602167  0.715863  0.601860  0.826610  0.860816  0.521463  0.662390  0.515128  0.618011  0.771035  0.356018  0.943815  0.708817  0.692469  0.829451  0.882791 0.0  0.345858 
61  0.687644  0.890936  0.407606  0.800939  0.827658  0.893975  0.819186  0.658779  0.698937  0.845517  0.724048  0.880571  0.537035  0.840259  0.656327  0.768664  0.658301  0.488631  0.506725  0.514658  0.782234  0.705801  0.818605  0.768982  0.830059  0.960451  0.615644  0.781359  0.273257  0.711255  0.828919  0.735719  0.852796  0.806516  0.802317  0.874318  0.814849  0.790049  0.540062  0.630912  0.797602  0.905251  0.679585  0.684414  0.781084  0.772011  0.827088  0.904414  0.614213  0.511950  0.836264  0.586747  0.595783  0.834904  0.491648  0.841858  0.688695  0.693563  0.713715  0.807360  0.345858 0.0 
