62
0 0.0  0.526297  0.738976  0.535378  0.456318  0.525089  0.569554  0.509912  0.528404  0.417876  0.525162  0.465716  0.601715  0.365293  0.690282  0.532344  0.456144  0.614335  0.695622  0.699801  0.542657  0.490132  0.476218  0.343409  0.529627  0.493019  0.421615  0.572252  0.682010  0.495585  0.537282  0.493058  0.610366  0.528739  0.483271  0.420239  0.567467  0.519677  0.548183  0.564471  0.513699  0.448685  0.598395  0.485520  0.491076  0.470815  0.513446  0.404902  0.528249  0.701053  0.451166  0.673585  0.689285  0.633157  0.669066  0.536806  0.539178  0.750834  0.576367  0.521074  0.580265  0.598561 
1  0.526297 0.0  0.794322  0.572492  0.561126  0.413557  0.451768  0.414627  0.752701  0.638445  0.319474  0.429705  0.611533  0.379858  0.809356  0.535652  0.726605  0.738439  0.815680  0.860228  0.610958  0.645889  0.601138  0.690266  0.479928  0.557255  0.623870  0.695097  0.863216  0.433317  0.577282  0.665511  0.526374  0.365805  0.533720  0.561001  0.718381  0.513001  0.534314  0.545975  0.424732  0.506254  0.607240  0.537591  0.804199  0.631110  0.551942  0.500712  0.595564  0.723025  0.600835  0.858110  0.605899  0.565168  0.590758  0.366647  0.681966  0.711121  0.332282  0.546032  0.880691  0.948334 
2  0.738976  0.794322 0.0  0.741677  0.761308  0.687620  0.752906  0.740802  0.710593  0.713852  0.710929  0.748177  0.776248  0.809055  0.523545  0.806763  0.515781  0.744173  0.450792  0.849280  0.770071  0.831779  0.858543  0.644960  0.812006  0.815769  0.731723  0.705047  0.609977  0.786694  0.701932  0.760078  0.833587  0.930953  0.818531  0.825550  0.749294  0.826776  0.786738  0.715140  0.811069  0.847092  0.687878  0.740557  0.855457  0.656517  0.787597  0.682879  0.833735  0.565678  0.766979  0.540133  0.532667  0.766835  0.762852  0.786698  0.518988  0.555428  0.832682  0.927813  0.492491  0.494218 
3  0.535378  0.572492  0.741677 0.0  0.629321  0.384548  0.459376  0.525915  0.669076  0.663139  0.468151  0.393746  0.722505  0.582683  0.790042  0.571180  0.789988  0.839265  0.590580  0.834915  0.656181  0.543898  0.688479  0.659671  0.290341  0.676090  0.594344  0.618769  0.753895  0.583559  0.565592  0.570305  0.616083  0.580344  0.630011  0.632691  0.668344  0.675686  0.667170  0.517377  0.646005  0.591195  0.508140  0.809587  0.635655  0.657140  0.611834  0.604249  0.596564  0.666732  0.690541  0.657074  0.744037  0.478988  0.663768  0.530575  0.558951  0.681923  0.549111  0.667051  0.608459  0.633094 
4  0.456318  0.561126  0.761308  0.629321 0.0  0.483262  0.651770  0.545563  0.751497  0.466052  0.573446  0.582201  0.587537  0.268467  0.770441  0.692350  0.728844  0.782955  0.821540  0.892986  0.338561  0.506866  0.493213  0.411822  0.774333  0.209941  0.397483  0.578259  0.805527  0.345888  0.549081  0.382335  0.386601  0.537140  0.333490  0.286270  0.471014  0.290246  0.565109  0.452548  0.357570  0.265905  0.632343  0.470189  0.740773  0.723925  0.517200  0.465681  0.399465  0.709380  0.273838  0.891827  0.731156  0.623541  0.747943  0.384738  0.776058  0.796334  0.624076  0.289178  0.860426  0.780826 
5  0.525089  0.413557  0.687620  0.384548  0.483262 0.0  0.303398  0.341385  0.659773  0.692103  0.459477  0.325039  0.617980  0.654425  0.749065  0.564144  0.650094  0.720493  0.791627  0.886514  0.790505  0.566893  0.588564  0.646561  0.449182  0.562896  0.606951  0.510369  0.793881  0.576933  0.629789  0.568929  0.525954  0.401498  0.555029  0.568087  0.694684  0.546450  0.577486  0.596061  0.544116  0.643961  0.337592  0.535576  0.634413  0.661665  0.530135  0.421964  0.653253  0.697210  0.637344  0.589380  0.572532  0.575191  0.740688  0.400508  0.479965  0.650637  0.433284  0.615806  0.857640  0.806722 
6  0.569554  0.451768  0.752906  0.459376  0.651770  0.303398 0.0  0.457820  0.723939  0.561591  0.380762  0.415871  0.648941  0.576208  0.796997  0.595245  0.654260  0.908039  0.714103  0.853615  0.645104  0.557160  0.572000  0.618527  0.342660  0.565370  0.600684  0.531024  0.791589  0.644892  0.579004  0.509347  0.609129  0.587459  0.586959  0.656697  0.671236  0.587142  0.562434  0.635329  0.538400  0.599825  0.371402  0.587446  0.642925  0.687531  0.523652  0.551769  0.612354  0.836189  0.603921  0.614607  0.764898  0.534012  0.645623  0.498140  0.712879  0.782639  0.521201  0.588467  0.895201  0.873117 
7  0.509912  0.414627  0.740802  0.525915  0.545563  0.341385  0.457820 0.0  0.525527  0.713567  0.368194  0.474184  0.593120  0.565783  0.460169  0.356326  0.694762  0.653580  0.751735  0.954440  0.741484  0.591281  0.749353  0.634982  0.393154  0.561434  0.492499  0.592591  0.816196  0.547941  0.758518  0.618959  0.558352  0.590677  0.639536  0.543807  0.716349  0.564726  0.537506  0.695068  0.565391  0.707123  0.374305  0.692182  0.608678  0.764648  0.585467  0.574549  0.634991  0.747727  0.592574  0.798347  0.441380  0.594170  0.607288  0.503058  0.353273  0.770411  0.495397  0.619176  0.661261  0.686486 
8  0.528404  0.752701  0.710593  0.669076  0.751497  0.659773  0.723939  0.525527 0.0  0.659672  0.752083  0.850163  0.588552  0.720532  0.588995  0.786546  0.775139  0.677293  0.520120  0.560631  0.883554  0.686994  0.870526  0.669311  0.813262  0.723390  0.557319  0.723888  0.527624  0.721710  0.624982  0.822327  0.778042  0.728982  0.806653  0.647286  0.783103  0.800515  0.607762  0.712822  0.858638  0.895329  0.639961  0.588527  0.528834  0.755626  0.601673  0.683356  0.643851  0.689433  0.709812  0.655370  0.468288  0.652563  0.493232  0.832461  0.599365  0.713568  0.794452  0.912743  0.456131  0.679482 
9  0.417876  0.638445  0.713852  0.663139  0.466052  0.692103  0.561591  0.713567  0.659672 0.0  0.570599  0.567418  0.547834  0.443414  0.799054  0.519358  0.478127  0.626527  0.685853  0.884426  0.570169  0.535200  0.599760  0.418470  0.533738  0.353750  0.502106  0.338189  0.731085  0.605230  0.367328  0.619399  0.549689  0.382579  0.516235  0.573033  0.581672  0.351472  0.471023  0.556565  0.429113  0.530206  0.607107  0.504529  0.571666  0.461159  0.429224  0.362365  0.650716  0.758837  0.588630  0.843408  0.692178  0.601013  0.643353  0.422513  0.874918  0.529741  0.497130  0.600941  0.665329  0.750015 
10  0.525162  0.319474  0.710929  0.468151  0.573446  0.459477  0.380762  0.368194  0.752083  0.570599 0.0  0.430137  0.704691  0.471009  0.655795  0.461724  0.781749  0.737885  0.678196  0.800657  0.730949  0.554245  0.596693  0.466254  0.310630  0.542677  0.651674  0.556402  0.815009  0.485768  0.734094  0.461140  0.600725  0.441938  0.626610  0.669500  0.609091  0.551558  0.623267  0.654277  0.577422  0.710696  0.365496  0.643354  0.711453  0.687965  0.614966  0.552196  0.472355  0.731105  0.659307  0.743739  0.643948  0.612403  0.635449  0.538880  0.588216  0.654405  0.335644  0.459178  0.832944  0.874101 
11  0.465716  0.429705  0.748177  0.393746  0.582201  0.325039  0.415871  0.474184  0.850163  0.567418  0.430137 0.0  0.803253  0.579919  0.733178  0.499478  0.710090  0.818185  0.703565  0.880589  0.821141  0.494884  0.584830  0.632503  0.211599  0.649932  0.559203  0.487665  0.858478  0.645235  0.657536  0.553042  0.707308  0.550383  0.566425  0.707255  0.643193  0.526673  0.665067  0.450355  0.634052  0.642996  0.491612  0.479347  0.728105  0.757327  0.656679  0.599328  0.691657  0.724982  0.617750  0.695682  0.657498  0.565110  0.654320  0.581811  0.510568  0.607200  0.259089  0.577449  0.994499  0.791641 
12  0.601715  0.611533  0.776248  0.722505  0.587537  0.617980  0.648941  0.593120  0.588552  0.547834  0.704691  0.803253 0.0  0.571907  0.778473  0.609519  0.704476  0.519325  0.647215  0.380346  0.591941  0.651791  0.601119  0.612447  0.636874  0.695206  0.252351  0.555439  0.491925  0.592121  0.560769  0.601239  0.632304  0.617220  0.541551  0.408922  0.555012  0.605153  0.281265  0.545360  0.522050  0.683349  0.539249  0.522697  0.810920  0.503688  0.500773  0.529463  0.615938  0.793101  0.559444  0.735166  0.591944  0.503715  0.497322  0.624580  0.642621  0.654990  0.797585  0.742160  0.405214  0.523959 
13  0.365293  0.379858  0.809055  0.582683  0.268467  0.654425  0.576208  0.565783  0.720532  0.443414  0.471009  0.579919  0.571907 0.0  0.776825  0.641546  0.673833  0.849140  0.637556  0.827825  0.370846  0.487925  0.491881  0.348466  0.466496  0.372009  0.533231  0.500395  0.791998  0.383126  0.361509  0.355645  0.237745  0.384864  0.342636  0.328584  0.418654  0.207460  0.446027  0.419381  0.213904  0.527289  0.577130  0.270968  0.797058  0.581929  0.418853  0.463840  0.393733  0.728347  0.284934  0.751379  0.817814  0.612216  0.602250  0.373059  0.636288  0.629868  0.610130  0.286633  0.715943  0.897270 
14  0.690282  0.809356  0.523545  0.790042  0.770441  0.749065  0.796997  0.460169  0.588995  0.799054  0.655795  0.733178  0.778473  0.776825 0.0  0.698047  0.800977  0.658409  0.580201  0.798548  0.797373  0.708393  0.816428  0.714000  0.656260  0.752477  0.777794  0.773052  0.600538  0.735462  0.900920  0.747017  0.587480  0.702153  0.842393  0.796598  0.804937  0.731577  0.713741  0.812928  0.581839  0.814112  0.682258  0.897213  0.817043  0.806025  0.816348  0.641728  0.717857  0.629396  0.713979  0.680588  0.430543  0.783190  0.735274  0.783801  0.513793  0.688145  0.668809  0.744932  0.638220  0.568730 
15  0.532344  0.535652  0.806763  0.571180  0.692350  0.564144  0.595245  0.356326  0.786546  0.519358  0.461724  0.499478  0.609519  0.641546  0.698047 0.0  0.735890  0.732104  0.697482  0.907127  0.605195  0.726465  0.593093  0.654241  0.577461  0.549016  0.491073  0.537787  0.868262  0.636766  0.603780  0.711302  0.644804  0.423491  0.618505  0.553716  0.581603  0.544662  0.501645  0.567917  0.539735  0.525852  0.608314  0.579718  0.764134  0.623983  0.611422  0.709709  0.627026  0.712188  0.372324  0.884925  0.685179  0.659267  0.681338  0.453824  0.516358  0.720543  0.518535  0.570218  0.822075  0.743870 
16  0.456144  0.726605  0.515781  0.789988  0.728844  0.650094  0.654260  0.694762  0.775139  0.478127  0.781749  0.710090  0.704476  0.673833  0.800977  0.735890 0.0  0.554567  0.630363  0.744990  0.689621  0.703069  0.625299  0.649129  0.689552  0.643318  0.680453  0.453113  0.658202  0.769344  0.576607  0.691701  0.709348  0.687352  0.763654  0.675010  0.525434  0.765407  0.533415  0.592372  0.833494  0.694241  0.646717  0.573723  0.541808  0.371307  0.550296  0.544559  0.809590  0.686363  0.636815  0.616411  0.683119  0.734648  0.576031  0.619844  0.752552  0.621736  0.828669  0.810163  0.728087  0.770996 
17  0.614335  0.738439  0.744173  0.839265  0.782955  0.720493  0.908039  0.653580  0.677293  0.626527  0.737885  0.818185  0.519325  0.849140  0.658409  0.732104  0.554567 0.0  0.583739  0.391679  0.710806  0.863750  0.767450  0.732508  0.800339  0.645184  0.370753  0.653494  0.484382  0.613284  0.630934  0.672612  0.711423  0.619440  0.750452  0.697780  0.688003  0.784059  0.548399  0.609411  0.688035  0.719399  0.838212  0.577875  0.615889  0.639034  0.778160  0.877538  0.714192  0.591198  0.685714  0.645363  0.718593  0.880437  0.461726  0.660114  0.644876  0.711106  0.705311  0.648345  0.627650  0.430600 
18  0.695622  0.815680  0.450792  0.590580  0.821540  0.791627  0.714103  0.751735  0.520120  0.685853  0.678196  0.703565  0.647215  0.637556  0.580201  0.697482  0.630363  0.583739 0.0  0.685210  0.763163  0.657653  0.677464  0.723833  0.649757  0.701028  0.767247  0.628997  0.376745  0.725487  0.664749  0.683639  0.735711  0.707034  0.712442  0.629604  0.776250  0.700889  0.717604  0.744291  0.815317  0.812596  0.696731  0.718795  0.702487  0.658054  0.567132  0.754528  0.609249  0.414001  0.760318  0.491919  0.603864  0.606873  0.571591  0.747993  0.658742  0.619635  0.740377  0.710362  0.478676  0.436401 
19  0.699801  0.860228  0.849280  0.834915  0.892986  0.886514  0.853615  0.954440  0.560631  0.884426  0.800657  0.880589  0.380346  0.827825  0.798548  0.907127  0.744990  0.391679  0.685210 0.0  0.824572  0.789898  0.950499  0.783260  0.882076  0.805639  0.478153  0.849791  0.386122  0.781495  0.716033  0.818674  0.653247  0.819106  0.791945  0.751228  0.638061  0.741879  0.640690  0.708655  0.794190  0.900937  0.861020  0.622073  0.854387  0.695651  0.802165  0.811795  0.723061  0.702751  0.847953  0.787305  0.697883  0.783326  0.416086  0.895209  0.699557  0.745650  0.949237  0.881383  0.418166  0.555752 
20  0.542657  0.610958  0.770071  0.656181  0.338561  0.790505  0.645104  0.741484  0.883554  0.570169  0.730949  0.821141  0.591941  0.370846  0.797373  0.605195  0.689621  0.710806  0.763163  0.824572 0.0  0.787255  0.482937  0.620568  0.678351  0.295911  0.506777  0.603711  0.915358  0.306830  0.575848  0.389134  0.283704  0.448510  0.458748  0.366976  0.485853  0.432640  0.549483  0.523281  0.394524  0.334290  0.809177  0.418650  0.657878  0.564523  0.650926  0.472098  0.493923  0.794091  0.377897  0.878775  0.746237  0.724627  0.664799  0.474637  0.637398  0.819185  0.776470  0.393566  0.786756  0.882385 
21  0.490132  0.645889  0.831779  0.543898  0.506866  0.566893  0.557160  0.591281  0.686994  0.535200  0.554245  0.494884  0.651791  0.487925  0.708393  0.726465  0.703069  0.863750  0.657653  0.789898  0.787255 0.0  0.436511  0.572362  0.418843  0.582439  0.663308  0.630620  0.672878  0.649513  0.408919  0.565066  0.517567  0.396766  0.490635  0.483219  0.524741  0.614743  0.510715  0.543363  0.532157  0.644496  0.534830  0.601514  0.731287  0.639171  0.354265  0.555222  0.498421  0.672865  0.619444  0.693254  0.561916  0.447692  0.590574  0.537695  0.613593  0.690376  0.569837  0.671509  0.625634  0.849679 
22  0.476218  0.601138  0.858543  0.688479  0.493213  0.588564  0.572000  0.749353  0.870526  0.599760  0.596693  0.584830  0.601119  0.491881  0.816428  0.593093  0.625299  0.767450  0.677464  0.950499  0.482937  0.436511 0.0  0.538860  0.705608  0.488682  0.572273  0.531697  0.805051  0.412348  0.497324  0.696415  0.417862  0.257357  0.446811  0.475230  0.616385  0.355357  0.663918  0.555012  0.452057  0.405960  0.575998  0.347197  0.843966  0.703422  0.343798  0.505194  0.470222  0.824457  0.470172  0.772224  0.684803  0.709417  0.850805  0.428268  0.664248  0.765560  0.509256  0.467915  0.843634  0.801033 
23  0.343409  0.690266  0.644960  0.659671  0.411822  0.646561  0.618527  0.634982  0.669311  0.418470  0.466254  0.632503  0.612447  0.348466  0.714000  0.654241  0.649129  0.732508  0.723833  0.783260  0.620568  0.572362  0.538860 0.0  0.454606  0.503181  0.480827  0.393685  0.664392  0.504198  0.347000  0.397860  0.462183  0.410482  0.395211  0.403341  0.617687  0.480711  0.603095  0.413176  0.425012  0.602515  0.682862  0.482008  0.696700  0.451809  0.531244  0.445970  0.482536  0.813789  0.505966  0.898353  0.756482  0.554598  0.637287  0.534077  0.730559  0.528414  0.700024  0.478955  0.754505  0.832789 
24  0.529627  0.479928  0.812006  0.290341  0.774333  0.449182  0.342660  0.393154  0.813262  0.533738  0.310630  0.211599  0.636874  0.466496  0.656260  0.577461  0.689552  0.800339  0.649757  0.882076  0.678351  0.418843  0.705608  0.454606 0.0  0.594224  0.674180  0.537571  0.804318  0.566587  0.552462  0.659428  0.514490  0.582334  0.651690  0.496242  0.613634  0.588383  0.611381  0.539692  0.454913  0.605750  0.305899  0.577639  0.813996  0.714197  0.632234  0.629330  0.623814  0.721505  0.736770  0.727558  0.638443  0.406707  0.592387  0.501434  0.632097  0.664986  0.459939  0.571037  0.846247  0.813019 
25  0.493019  0.557255  0.815769  0.676090  0.209941  0.562896  0.565370  0.561434  0.723390  0.353750  0.542677  0.649932  0.695206  0.372009  0.752477  0.549016  0.643318  0.645184  0.701028  0.805639  0.295911  0.582439  0.488682  0.503181  0.594224 0.0  0.418524  0.637523  0.868952  0.284339  0.442190  0.436016  0.293160  0.395374  0.244259  0.308554  0.352650  0.190296  0.469930  0.467990  0.124112  0.456372  0.626445  0.259217  0.571487  0.565951  0.471372  0.417685  0.385016  0.653328  0.351286  0.901413  0.765101  0.652912  0.574756  0.306407  0.773439  0.766004  0.694417  0.149105  0.693788  0.914817 
26  0.421615  0.623870  0.731723  0.594344  0.397483  0.606951  0.600684  0.492499  0.557319  0.502106  0.651674  0.559203  0.252351  0.533231  0.777794  0.491073  0.680453  0.370753  0.767247  0.478153  0.506777  0.663308  0.572273  0.480827  0.674180  0.418524 0.0  0.543186  0.531250  0.580655  0.593365  0.606112  0.573179  0.569807  0.504761  0.530729  0.532202  0.441351  0.225351  0.523470  0.558530  0.587580  0.548343  0.463242  0.496970  0.580872  0.559702  0.663756  0.571476  0.779555  0.591285  0.698071  0.593747  0.721325  0.502900  0.552952  0.559970  0.683012  0.740700  0.640857  0.469824  0.638457 
27  0.572252  0.695097  0.705047  0.618769  0.578259  0.510369  0.531024  0.592591  0.723888  0.338189  0.556402  0.487665  0.555439  0.500395  0.773052  0.537787  0.453113  0.653494  0.628997  0.849791  0.603711  0.630620  0.531697  0.393685  0.537571  0.637523  0.543186 0.0  0.716619  0.558288  0.382812  0.686797  0.650883  0.535449  0.548155  0.588108  0.536022  0.625377  0.540580  0.553587  0.547062  0.542517  0.410768  0.521441  0.545525  0.524696  0.538307  0.449125  0.651370  0.752528  0.677834  0.686860  0.791465  0.593120  0.654510  0.509571  0.537011  0.579793  0.712508  0.566441  0.753308  0.713580 
28  0.682010  0.863216  0.609977  0.753895  0.805527  0.793881  0.791589  0.816196  0.527624  0.731085  0.815009  0.858478  0.491925  0.791998  0.600538  0.868262  0.658202  0.484382  0.376745  0.386122  0.915358  0.672878  0.805051  0.664392  0.804318  0.868952  0.531250  0.716619 0.0  0.613381  0.669797  0.848086  0.814690  0.834451  0.825913  0.747499  0.643427  0.758999  0.493530  0.691054  0.852267  0.866301  0.871025  0.812450  0.742148  0.586426  0.673821  0.845593  0.688448  0.530356  0.718564  0.592674  0.702793  0.744020  0.405831  0.955795  0.608987  0.640145  0.959715  0.829479  0.266820  0.337647 
29  0.495585  0.433317  0.786694  0.583559  0.345888  0.576933  0.644892  0.547941  0.721710  0.605230  0.485768  0.645235  0.592121  0.383126  0.735462  0.636766  0.769344  0.613284  0.725487  0.781495  0.306830  0.649513  0.412348  0.504198  0.566587  0.284339  0.580655  0.558288  0.613381 0.0  0.511929  0.385143  0.320874  0.403789  0.356134  0.367571  0.413454  0.236267  0.411419  0.376115  0.213295  0.479940  0.614220  0.371495  0.564706  0.528088  0.472824  0.566186  0.348299  0.841751  0.171651  0.901945  0.673413  0.527369  0.556171  0.363916  0.690681  0.791907  0.605817  0.386057  0.782007  0.659178 
30  0.537282  0.577282  0.701932  0.565592  0.549081  0.629789  0.579004  0.758518  0.624982  0.367328  0.734094  0.657536  0.560769  0.361509  0.900920  0.603780  0.576607  0.630934  0.664749  0.716033  0.575848  0.408919  0.497324  0.347000  0.552462  0.442190  0.593365  0.382812  0.669797  0.511929 0.0  0.554874  0.535389  0.476413  0.407357  0.406484  0.758014  0.309354  0.483982  0.528441  0.499446  0.483848  0.546320  0.582678  0.553559  0.482058  0.450935  0.423828  0.503990  0.730668  0.460943  0.684052  0.872243  0.537578  0.604869  0.489231  0.713568  0.681612  0.729330  0.505603  0.726324  0.857042 
31  0.493058  0.665511  0.760078  0.570305  0.382335  0.568929  0.509347  0.618959  0.822327  0.619399  0.461140  0.553042  0.601239  0.355645  0.747017  0.711302  0.691701  0.672612  0.683639  0.818674  0.389134  0.565066  0.696415  0.397860  0.659428  0.436016  0.606112  0.686797  0.848086  0.385143  0.554874 0.0  0.505534  0.531590  0.342700  0.398374  0.484424  0.421715  0.542389  0.639087  0.417563  0.609970  0.620468  0.434274  0.801777  0.596342  0.697484  0.512013  0.476890  0.748457  0.397450  0.805618  0.734581  0.668333  0.722197  0.398282  0.668644  0.784854  0.648403  0.417389  0.827142  0.838782 
32  0.610366  0.526374  0.833587  0.616083  0.386601  0.525954  0.609129  0.558352  0.778042  0.549689  0.600725  0.707308  0.632304  0.237745  0.587480  0.644804  0.709348  0.711423  0.735711  0.653247  0.283704  0.517567  0.417862  0.462183  0.514490  0.293160  0.573179  0.650883  0.814690  0.320874  0.535389  0.505534 0.0  0.492025  0.369500  0.247102  0.568471  0.165494  0.557661  0.399032  0.201152  0.553945  0.552512  0.341996  0.624817  0.518323  0.518926  0.478298  0.309470  0.754862  0.366025  0.850655  0.802404  0.442349  0.625711  0.377959  0.760909  0.631287  0.698687  0.346615  0.827000  0.727028 
33  0.528739  0.365805  0.930953  0.580344  0.537140  0.401498  0.587459  0.590677  0.728982  0.382579  0.441938  0.550383  0.617220  0.384864  0.702153  0.423491  0.687352  0.619440  0.707034  0.819106  0.448510  0.396766  0.257357  0.410482  0.582334  0.395374  0.569807  0.535449  0.834451  0.403789  0.476413  0.531590  0.492025 0.0  0.373771  0.382010  0.638760  0.308461  0.478829  0.516211  0.307324  0.341904  0.572172  0.319774  0.711507  0.753687  0.393756  0.471701  0.375571  0.791805  0.341063  0.887798  0.796225  0.650343  0.654376  0.391832  0.684087  0.703239  0.499996  0.394761  0.770424  0.691592 
34  0.483271  0.533720  0.818531  0.630011  0.333490  0.555029  0.586959  0.639536  0.806653  0.516235  0.626610  0.566425  0.541551  0.342636  0.842393  0.618505  0.763654  0.750452  0.712442  0.791945  0.458748  0.490635  0.446811  0.395211  0.651690  0.244259  0.504761  0.548155  0.825913  0.356134  0.407357  0.342700  0.369500  0.373771 0.0  0.468487  0.415939  0.323637  0.503332  0.508743  0.285142  0.500505  0.549627  0.330263  0.732287  0.457805  0.640122  0.520555  0.324295  0.646851  0.330891  0.723023  0.710436  0.616784  0.652011  0.540896  0.702143  0.722872  0.559223  0.401215  0.759990  0.792857 
35  0.420239  0.561001  0.825550  0.632691  0.286270  0.568087  0.656697  0.543807  0.647286  0.573033  0.669500  0.707255  0.408922  0.328584  0.796598  0.553716  0.675010  0.697780  0.629604  0.751228  0.366976  0.483219  0.475230  0.403341  0.496242  0.308554  0.530729  0.588108  0.747499  0.367571  0.406484  0.398374  0.247102  0.382010  0.468487 0.0  0.562001  0.223059  0.628419  0.525292  0.436954  0.411948  0.613404  0.437881  0.699168  0.603191  0.587802  0.550227  0.412993  0.722944  0.350258  0.896150  0.693030  0.661500  0.608556  0.408468  0.796639  0.667563  0.630783  0.546598  0.675207  0.852581 
36  0.567467  0.718381  0.749294  0.668344  0.471014  0.694684  0.671236  0.716349  0.783103  0.581672  0.609091  0.643193  0.555012  0.418654  0.804937  0.581603  0.525434  0.688003  0.776250  0.638061  0.485853  0.524741  0.616385  0.617687  0.613634  0.352650  0.532202  0.536022  0.643427  0.413454  0.758014  0.484424  0.568471  0.638760  0.415939  0.562001 0.0  0.342325  0.621778  0.440981  0.403414  0.644590  0.756799  0.353950  0.711278  0.596187  0.589338  0.609821  0.526002  0.710367  0.441158  0.663114  0.743447  0.668650  0.675104  0.557393  0.748257  0.724792  0.704405  0.298425  0.767745  0.773686 
37  0.519677  0.513001  0.826776  0.675686  0.290246  0.546450  0.587142  0.564726  0.800515  0.351472  0.551558  0.526673  0.605153  0.207460  0.731577  0.544662  0.765407  0.784059  0.700889  0.741879  0.432640  0.614743  0.355357  0.480711  0.588383  0.190296  0.441351  0.625377  0.758999  0.236267  0.309354  0.421715  0.165494  0.308461  0.323637  0.223059  0.342325 0.0  0.359636  0.422452  0.214704  0.418086  0.532251  0.242869  0.750162  0.682622  0.429907  0.461555  0.289084  0.762319  0.296195  0.765469  0.821417  0.493424  0.620027  0.408141  0.663805  0.551107  0.583496  0.369186  0.732648  0.802280 
38  0.548183  0.534314  0.786738  0.667170  0.565109  0.577486  0.562434  0.537506  0.607762  0.471023  0.623267  0.665067  0.281265  0.446027  0.713741  0.501645  0.533415  0.548399  0.717604  0.640690  0.549483  0.510715  0.663918  0.603095  0.611381  0.469930  0.225351  0.540580  0.493530  0.411419  0.483982  0.542389  0.557661  0.478829  0.503332  0.628419  0.621778  0.359636 0.0  0.466015  0.534365  0.610874  0.442124  0.378038  0.555092  0.557393  0.369468  0.562866  0.567264  0.688945  0.503241  0.807050  0.558566  0.806138  0.502994  0.606956  0.570529  0.716458  0.716223  0.563005  0.589721  0.553701 
39  0.564471  0.545975  0.715140  0.517377  0.452548  0.596061  0.635329  0.695068  0.712822  0.556565  0.654277  0.450355  0.545360  0.419381  0.812928  0.567917  0.592372  0.609411  0.744291  0.708655  0.523281  0.543363  0.555012  0.413176  0.539692  0.467990  0.523470  0.553587  0.691054  0.376115  0.528441  0.639087  0.399032  0.516211  0.508743  0.525292  0.440981  0.422452  0.466015 0.0  0.467962  0.442673  0.585599  0.387295  0.539027  0.446899  0.509717  0.566265  0.577314  0.777000  0.470246  0.759918  0.724180  0.617549  0.657520  0.387819  0.775728  0.723844  0.511938  0.436143  0.681168  0.665849 
40  0.513699  0.424732  0.811069  0.646005  0.357570  0.544116  0.538400  0.565391  0.858638  0.429113  0.577422  0.634052  0.522050  0.213904  0.581839  0.539735  0.833494  0.688035  0.815317  0.794190  0.394524  0.532157  0.452057  0.425012  0.454913  0.124112  0.558530  0.547062  0.852267  0.213295  0.499446  0.417563  0.201152  0.307324  0.285142  0.436954  0.403414  0.214704  0.534365  0.467962 0.0  0.405112  0.620186  0.353921  0.670116  0.623394  0.536863  0.491459  0.265355  0.753082  0.241108  0.874405  0.826786  0.637766  0.619428  0.354355  0.694133  0.873888  0.636328  0.230449  1.000000  0.841613 
41  0.448685  0.506254  0.847092  0.591195  0.265905  0.643961  0.599825  0.707123  0.895329  0.530206  0.710696  0.642996  0.683349  0.527289  0.814112  0.525852  0.694241  0.719399  0.812596  0.900937  0.334290  0.644496  0.405960  0.602515  0.605750  0.456372  0.587580  0.542517  0.866301  0.479940  0.483848  0.609970  0.553945  0.341904  0.500505  0.411948  0.644590  0.418086  0.610874  0.442673  0.405112 0.0  0.766450  0.566694  0.572963  0.528296  0.327861  0.543211  0.522538  0.735560  0.365291  0.894756  0.839416  0.631262  0.724950  0.242439  0.727049  0.901640  0.660541  0.435699  0.770496  0.920334 
42  0.598395  0.607240  0.687878  0.508140  0.632343  0.337592  0.371402  0.374305  0.639961  0.607107  0.365496  0.491612  0.539249  0.577130  0.682258  0.608314  0.646717  0.838212  0.696731  0.861020  0.809177  0.534830  0.575998  0.682862  0.305899  0.626445  0.548343  0.410768  0.871025  0.614220  0.546320  0.620468  0.552512  0.572172  0.549627  0.613404  0.756799  0.532251  0.442124  0.585599  0.620186  0.766450 0.0  0.579424  0.621332  0.546748  0.512158  0.595687  0.618402  0.677144  0.843174  0.541108  0.691941  0.519743  0.562347  0.578458  0.615567  0.622913  0.479812  0.647277  0.824768  0.683378 
43  0.485520  0.537591  0.740557  0.809587  0.470189  0.535576  0.587446  0.692182  0.588527  0.504529  0.643354  0.479347  0.522697  0.270968  0.897213  0.579718  0.573723  0.577875  0.718795  0.622073  0.418650  0.601514  0.347197  0.482008  0.577639  0.259217  0.463242  0.521441  0.812450  0.371495  0.582678  0.434274  0.341996  0.319774  0.330263  0.437881  0.353950  0.242869  0.378038  0.387295  0.353921  0.566694  0.579424 0.0  0.677171  0.619780  0.320171  0.587501  0.408812  0.751635  0.282134  0.645332  0.606332  0.668276  0.547728  0.420054  0.673708  0.784901  0.577278  0.476529  0.807120  0.694311 
44  0.491076  0.804199  0.855457  0.635655  0.740773  0.634413  0.642925  0.608678  0.528834  0.571666  0.711453  0.728105  0.810920  0.797058  0.817043  0.764134  0.541808  0.615889  0.702487  0.854387  0.657878  0.731287  0.843966  0.696700  0.813996  0.571487  0.496970  0.545525  0.742148  0.564706  0.553559  0.801777  0.624817  0.711507  0.732287  0.699168  0.711278  0.750162  0.555092  0.539027  0.670116  0.572963  0.621332  0.677171 0.0  0.384627  0.549802  0.569825  0.672588  0.603817  0.735340  0.673778  0.696300  0.789217  0.879573  0.651926  0.700917  0.642729  0.694097  0.762989  0.653483  0.869333 
45  0.470815  0.631110  0.656517  0.657140  0.723925  0.661665  0.687531  0.764648  0.755626  0.461159  0.687965  0.757327  0.503688  0.581929  0.806025  0.623983  0.371307  0.639034  0.658054  0.695651  0.564523  0.639171  0.703422  0.451809  0.714197  0.565951  0.580872  0.524696  0.586426  0.528088  0.482058  0.596342  0.518323  0.753687  0.457805  0.603191  0.596187  0.682622  0.557393  0.446899  0.623394  0.528296  0.546748  0.619780  0.384627 0.0  0.639837  0.334331  0.642263  0.654355  0.661052  0.719222  0.794490  0.720299  0.661075  0.491247  0.776791  0.762946  0.679707  0.790565  0.678736  0.851504 
46  0.513446  0.551942  0.787597  0.611834  0.517200  0.530135  0.523652  0.585467  0.601673  0.429224  0.614966  0.656679  0.500773  0.418853  0.816348  0.611422  0.550296  0.778160  0.567132  0.802165  0.650926  0.354265  0.343798  0.531244  0.632234  0.471372  0.559702  0.538307  0.673821  0.472824  0.450935  0.697484  0.518926  0.393756  0.640122  0.587802  0.589338  0.429907  0.369468  0.509717  0.536863  0.327861  0.512158  0.320171  0.549802  0.639837 0.0  0.535118  0.576495  0.597962  0.548547  0.648973  0.663293  0.494769  0.703938  0.322643  0.620028  0.709238  0.574502  0.545472  0.694719  0.692828 
47  0.404902  0.500712  0.682879  0.604249  0.465681  0.421964  0.551769  0.574549  0.683356  0.362365  0.552196  0.599328  0.529463  0.463840  0.641728  0.709709  0.544559  0.877538  0.754528  0.811795  0.472098  0.555222  0.505194  0.445970  0.629330  0.417685  0.663756  0.449125  0.845593  0.566186  0.423828  0.512013  0.478298  0.471701  0.520555  0.550227  0.609821  0.461555  0.562866  0.566265  0.491459  0.543211  0.595687  0.587501  0.569825  0.334331  0.535118 0.0  0.532759  0.766849  0.536902  0.830158  0.652386  0.576206  0.585266  0.409568  0.527195  0.580739  0.628138  0.549132  0.808734  0.955504 
48  0.528249  0.595564  0.833735  0.596564  0.399465  0.653253  0.612354  0.634991  0.643851  0.650716  0.472355  0.691657  0.615938  0.393733  0.717857  0.627026  0.809590  0.714192  0.609249  0.723061  0.493923  0.498421  0.470222  0.482536  0.623814  0.385016  0.571476  0.651370  0.688448  0.348299  0.503990  0.476890  0.309470  0.375571  0.324295  0.412993  0.526002  0.289084  0.567264  0.577314  0.265355  0.522538  0.618402  0.408812  0.672588  0.642263  0.576495  0.532759 0.0  0.623330  0.470069  0.773830  0.796604  0.684435  0.628601  0.467261  0.690460  0.616923  0.650685  0.407071  0.718452  0.694607 
49  0.701053  0.723025  0.565678  0.666732  0.709380  0.697210  0.836189  0.747727  0.689433  0.758837  0.731105  0.724982  0.793101  0.728347  0.629396  0.712188  0.686363  0.591198  0.414001  0.702751  0.794091  0.672865  0.824457  0.813789  0.721505  0.653328  0.779555  0.752528  0.530356  0.841751  0.730668  0.748457  0.754862  0.791805  0.646851  0.722944  0.710367  0.762319  0.688945  0.777000  0.753082  0.735560  0.677144  0.751635  0.603817  0.654355  0.597962  0.766849  0.623330 0.0  0.700519  0.466294  0.551315  0.666231  0.650779  0.744922  0.559351  0.617953  0.744955  0.841332  0.489992  0.536778 
50  0.451166  0.600835  0.766979  0.690541  0.273838  0.637344  0.603921  0.592574  0.709812  0.588630  0.659307  0.617750  0.559444  0.284934  0.713979  0.372324  0.636815  0.685714  0.760318  0.847953  0.377897  0.619444  0.470172  0.505966  0.736770  0.351286  0.591285  0.677834  0.718564  0.171651  0.460943  0.397450  0.366025  0.341063  0.330891  0.350258  0.441158  0.296195  0.503241  0.470246  0.241108  0.365291  0.843174  0.282134  0.735340  0.661052  0.548547  0.536902  0.470069  0.700519 0.0  0.746917  0.574259  0.693698  0.615273  0.545628  0.624314  0.729212  0.830119  0.306729  0.601592  0.826863 
51  0.673585  0.858110  0.540133  0.657074  0.891827  0.589380  0.614607  0.798347  0.655370  0.843408  0.743739  0.695682  0.735166  0.751379  0.680588  0.884925  0.616411  0.645363  0.491919  0.787305  0.878775  0.693254  0.772224  0.898353  0.727558  0.901413  0.698071  0.686860  0.592674  0.901945  0.684052  0.805618  0.850655  0.887798  0.723023  0.896150  0.663114  0.765469  0.807050  0.759918  0.874405  0.894756  0.541108  0.645332  0.673778  0.719222  0.648973  0.830158  0.773830  0.466294  0.746917 0.0  0.669568  0.694895  0.654462  0.785848  0.676598  0.746613  0.679972  0.962686  0.450976  0.543952 
52  0.689285  0.605899  0.532667  0.744037  0.731156  0.572532  0.764898  0.441380  0.468288  0.692178  0.643948  0.657498  0.591944  0.817814  0.430543  0.685179  0.683119  0.718593  0.603864  0.697883  0.746237  0.561916  0.684803  0.756482  0.638443  0.765101  0.593747  0.791465  0.702793  0.673413  0.872243  0.734581  0.802404  0.796225  0.710436  0.693030  0.743447  0.821417  0.558566  0.724180  0.826786  0.839416  0.691941  0.606332  0.696300  0.794490  0.663293  0.652386  0.796604  0.551315  0.574259  0.669568 0.0  0.685558  0.580650  0.791974  0.437044  0.717330  0.847900  0.764491  0.653579  0.519203 
53  0.633157  0.565168  0.766835  0.478988  0.623541  0.575191  0.534012  0.594170  0.652563  0.601013  0.612403  0.565110  0.503715  0.612216  0.783190  0.659267  0.734648  0.880437  0.606873  0.783326  0.724627  0.447692  0.709417  0.554598  0.406707  0.652912  0.721325  0.593120  0.744020  0.527369  0.537578  0.668333  0.442349  0.650343  0.616784  0.661500  0.668650  0.493424  0.806138  0.617549  0.637766  0.631262  0.519743  0.668276  0.789217  0.720299  0.494769  0.576206  0.684435  0.666231  0.693698  0.694895  0.685558 0.0  0.550954  0.561174  0.692917  0.714826  0.611972  0.658324  0.723275  0.728477 
54  0.669066  0.590758  0.762852  0.663768  0.747943  0.740688  0.645623  0.607288  0.493232  0.643353  0.635449  0.654320  0.497322  0.602250  0.735274  0.681338  0.576031  0.461726  0.571591  0.416086  0.664799  0.590574  0.850805  0.637287  0.592387  0.574756  0.502900  0.654510  0.405831  0.556171  0.604869  0.722197  0.625711  0.654376  0.652011  0.608556  0.675104  0.620027  0.502994  0.657520  0.619428  0.724950  0.562347  0.547728  0.879573  0.661075  0.703938  0.585266  0.628601  0.650779  0.615273  0.654462  0.580650  0.550954 0.0  0.640971  0.570776  0.625750  0.628791  0.699472  0.572692  0.437529 
55  0.536806  0.366647  0.786698  0.530575  0.384738  0.400508  0.498140  0.503058  0.832461  0.422513  0.538880  0.581811  0.624580  0.373059  0.783801  0.453824  0.619844  0.660114  0.747993  0.895209  0.474637  0.537695  0.428268  0.534077  0.501434  0.306407  0.552952  0.509571  0.955795  0.363916  0.489231  0.398282  0.377959  0.391832  0.540896  0.408468  0.557393  0.408141  0.606956  0.387819  0.354355  0.242439  0.578458  0.420054  0.651926  0.491247  0.322643  0.409568  0.467261  0.744922  0.545628  0.785848  0.791974  0.561174  0.640971 0.0  0.665735  0.795234  0.370032  0.344407  0.920009  0.866067 
56  0.539178  0.681966  0.518988  0.558951  0.776058  0.479965  0.712879  0.353273  0.599365  0.874918  0.588216  0.510568  0.642621  0.636288  0.513793  0.516358  0.752552  0.644876  0.658742  0.699557  0.637398  0.613593  0.664248  0.730559  0.632097  0.773439  0.559970  0.537011  0.608987  0.690681  0.713568  0.668644  0.760909  0.684087  0.702143  0.796639  0.748257  0.663805  0.570529  0.775728  0.694133  0.727049  0.615567  0.673708  0.700917  0.776791  0.620028  0.527195  0.690460  0.559351  0.624314  0.676598  0.437044  0.692917  0.570776  0.665735 0.0  0.662306  0.719392  0.710904  0.626826  0.585639 
57  0.750834  0.711121  0.555428  0.681923  0.796334  0.650637  0.782639  0.770411  0.713568  0.529741  0.654405  0.607200  0.654990  0.629868  0.688145  0.720543  0.621736  0.711106  0.619635  0.745650  0.819185  0.690376  0.765560  0.528414  0.664986  0.766004  0.683012  0.579793  0.640145  0.791907  0.681612  0.784854  0.631287  0.703239  0.722872  0.667563  0.724792  0.551107  0.716458  0.723844  0.873888  0.901640  0.622913  0.784901  0.642729  0.762946  0.709238  0.580739  0.616923  0.617953  0.729212  0.746613  0.717330  0.714826  0.625750  0.795234  0.662306 0.0  0.801968  0.774802  0.501994  0.584702 
58  0.576367  0.332282  0.832682  0.549111  0.624076  0.433284  0.521201  0.495397  0.794452  0.497130  0.335644  0.259089  0.797585  0.610130  0.668809  0.518535  0.828669  0.705311  0.740377  0.949237  0.776470  0.569837  0.509256  0.700024  0.459939  0.694417  0.740700  0.712508  0.959715  0.605817  0.729330  0.648403  0.698687  0.499996  0.559223  0.630783  0.704405  0.583496  0.716223  0.511938  0.636328  0.660541  0.479812  0.577278  0.694097  0.679707  0.574502  0.628138  0.650685  0.744955  0.830119  0.679972  0.847900  0.611972  0.628791  0.370032  0.719392  0.801968 0.0  0.540387  0.879012  0.906912 
59  0.521074  0.546032  0.927813  0.667051  0.289178  0.615806  0.588467  0.619176  0.912743  0.600941  0.459178  0.577449  0.742160  0.286633  0.744932  0.570218  0.810163  0.648345  0.710362  0.881383  0.393566  0.671509  0.467915  0.478955  0.571037  0.149105  0.640857  0.566441  0.829479  0.386057  0.505603  0.417389  0.346615  0.394761  0.401215  0.546598  0.298425  0.369186  0.563005  0.436143  0.230449  0.435699  0.647277  0.476529  0.762989  0.790565  0.545472  0.549132  0.407071  0.841332  0.306729  0.962686  0.764491  0.658324  0.699472  0.344407  0.710904  0.774802  0.540387 0.0  0.850143  0.771031 
60  0.580265  0.880691  0.492491  0.608459  0.860426  0.857640  0.895201  0.661261  0.456131  0.665329  0.832944  0.994499  0.405214  0.715943  0.638220  0.822075  0.728087  0.627650  0.478676  0.418166  0.786756  0.625634  0.843634  0.754505  0.846247  0.693788  0.469824  0.753308  0.266820  0.782007  0.726324  0.827142  0.827000  0.770424  0.759990  0.675207  0.767745  0.732648  0.589721  0.681168  1.000000  0.770496  0.824768  0.807120  0.653483  0.678736  0.694719  0.808734  0.718452  0.489992  0.601592  0.450976  0.653579  0.723275  0.572692  0.920009  0.626826  0.501994  0.879012  0.850143 0.0  0.295708 
61  0.598561  0.948334  0.494218  0.633094  0.780826  0.806722  0.873117  0.686486  0.679482  0.750015  0.874101  0.791641  0.523959  0.897270  0.568730  0.743870  0.770996  0.430600  0.436401  0.555752  0.882385  0.849679  0.801033  0.832789  0.813019  0.914817  0.638457  0.713580  0.337647  0.659178  0.857042  0.838782  0.727028  0.691592  0.792857  0.852581  0.773686  0.802280  0.553701  0.665849  0.841613  0.920334  0.683378  0.694311  0.869333  0.851504  0.692828  0.955504  0.694607  0.536778  0.826863  0.543952  0.519203  0.728477  0.437529  0.866067  0.585639  0.584702  0.906912  0.771031  0.295708 0.0 
