62
0 0.0  0.577029  0.538682  0.549844  0.495381  0.552647  0.550578  0.505968  0.598314  0.574013  0.524310  0.506453  0.501265  0.480651  0.657721  0.553892  0.546720  0.568033  0.639541  0.597717  0.433947  0.526558  0.502678  0.529118  0.589643  0.436396  0.485268  0.569068  0.590551  0.519045  0.521575  0.533290  0.570571  0.581715  0.483750  0.551262  0.460598  0.495628  0.433626  0.569003  0.483817  0.460006  0.523245  0.454162  0.491962  0.446773  0.650699  0.467702  0.550914  0.628362  0.678289  0.670235  0.678167  0.489396  0.485225  0.582118  0.664308  0.613671  0.532607  0.404202  0.717805  0.707915 
1  0.577029 0.0  0.753020  0.535725  0.571761  0.377935  0.440950  0.425661  0.695018  0.681473  0.386729  0.452963  0.737218  0.439217  0.723068  0.547972  0.597522  0.647964  0.705155  0.770285  0.753810  0.526132  0.532842  0.640240  0.518419  0.561328  0.552933  0.592229  0.826577  0.490098  0.573571  0.552265  0.479648  0.420717  0.631068  0.495287  0.583439  0.461710  0.401419  0.581693  0.477847  0.523697  0.561614  0.493069  0.694381  0.712281  0.409274  0.488129  0.633170  0.734388  0.586751  0.735575  0.706607  0.588348  0.667748  0.338781  0.710124  0.655723  0.416751  0.462119  0.823827  0.860050 
2  0.538682  0.753020 0.0  0.597506  0.707195  0.808295  0.879549  0.628621  0.576200  0.644454  0.731935  0.898633  0.723667  0.732297  0.581071  0.793787  0.587870  0.744253  0.504187  0.669858  0.817326  0.869084  0.790565  0.594353  0.702284  0.916686  0.716311  0.652730  0.573922  0.762017  0.693454  0.854994  0.702582  0.771518  0.768263  0.795923  0.737358  0.868023  0.747681  0.711982  0.778123  0.885757  0.705704  0.725798  0.683535  0.637654  0.674877  0.671859  0.714481  0.402682  0.739481  0.608083  0.507622  0.703938  0.660697  0.811926  0.547561  0.451285  0.938003  0.818713  0.497149  0.461363 
3  0.549844  0.535725  0.597506 0.0  0.681153  0.425647  0.481169  0.504860  0.619948  0.520838  0.357250  0.387947  0.686620  0.729178  0.604436  0.519687  0.721131  0.693668  0.558060  0.758212  0.638701  0.435073  0.567689  0.517329  0.408934  0.619825  0.686058  0.625036  0.736745  0.616430  0.572977  0.608316  0.563624  0.626423  0.549724  0.525190  0.626257  0.511467  0.577753  0.560224  0.609440  0.614775  0.371945  0.650661  0.661113  0.596118  0.675788  0.526577  0.665818  0.778715  0.604890  0.654948  0.629944  0.523761  0.596015  0.448869  0.567303  0.665217  0.459125  0.689639  0.782915  0.671485 
4  0.495381  0.571761  0.707195  0.681153 0.0  0.518210  0.527902  0.683331  0.744861  0.578969  0.714010  0.551684  0.598094  0.339449  0.716630  0.562647  0.568763  0.599174  0.704395  0.761066  0.166375  0.583122  0.477825  0.455456  0.591067  0.324377  0.406640  0.474740  0.697967  0.425484  0.543822  0.371224  0.349253  0.400366  0.347428  0.292589  0.435854  0.360537  0.450790  0.500290  0.294410  0.339405  0.669411  0.353699  0.690897  0.618261  0.487996  0.430647  0.398520  0.768156  0.227228  0.943366  0.553520  0.692059  0.663329  0.357780  0.632259  0.690399  0.677595  0.197580  0.792166  0.812834 
5  0.552647  0.377935  0.808295  0.425647  0.518210 0.0  0.349584  0.454597  0.598924  0.642621  0.380542  0.363160  0.633342  0.654591  0.686854  0.551945  0.613412  0.697254  0.632569  0.949783  0.662533  0.518168  0.534426  0.632303  0.354682  0.609140  0.642569  0.492893  0.872220  0.556950  0.546433  0.574225  0.476346  0.506914  0.614021  0.603419  0.687367  0.584883  0.478749  0.526942  0.538791  0.688345  0.297365  0.566230  0.659362  0.668286  0.455068  0.445697  0.676124  0.644152  0.639086  0.497377  0.646969  0.478342  0.616308  0.546245  0.506246  0.767042  0.506546  0.640977  0.793496  0.722727 
6  0.550578  0.440950  0.879549  0.481169  0.527902  0.349584 0.0  0.429745  0.684798  0.537529  0.364673  0.423535  0.638687  0.530958  0.790991  0.530525  0.609224  0.668015  0.708285  0.831421  0.625311  0.510538  0.504569  0.693574  0.404741  0.525407  0.624480  0.480474  0.815353  0.575512  0.574521  0.578160  0.598782  0.604309  0.579423  0.636524  0.655087  0.621314  0.744257  0.611145  0.637163  0.613899  0.349713  0.648336  0.663572  0.626970  0.580812  0.538667  0.613857  0.776124  0.716262  0.515812  0.696945  0.444798  0.577662  0.465065  0.590021  0.833359  0.494013  0.468372  0.803116  0.742623 
7  0.505968  0.425661  0.628621  0.504860  0.683331  0.454597  0.429745 0.0  0.404652  0.535363  0.474174  0.558744  0.537870  0.662681  0.667850  0.579294  0.746834  0.682181  0.581653  0.720793  0.746133  0.688668  0.720794  0.625089  0.451060  0.628103  0.570597  0.588103  0.743740  0.713936  0.572332  0.562456  0.564957  0.585188  0.600085  0.574484  0.684972  0.622430  0.519550  0.437733  0.540621  0.663764  0.448176  0.631934  0.565938  0.690590  0.652701  0.484648  0.536206  0.691695  0.646174  0.665318  0.494472  0.703007  0.587588  0.558372  0.361475  0.656741  0.508337  0.577360  0.680397  0.757667 
8  0.598314  0.695018  0.576200  0.619948  0.744861  0.598924  0.684798  0.404652 0.0  0.783675  0.709827  0.790034  0.433638  0.777948  0.458668  0.813555  0.635160  0.506185  0.563914  0.540911  0.918896  0.794112  0.773386  0.760699  0.709749  0.770522  0.502575  0.700107  0.472746  0.752009  0.650119  0.829732  0.753036  0.731974  0.760432  0.693662  0.782680  0.792064  0.613521  0.705521  0.724447  0.773538  0.564306  0.748439  0.568823  0.618315  0.558004  0.662784  0.806582  0.647513  0.690025  0.567891  0.555398  0.731802  0.459915  0.774146  0.568708  0.707606  0.723510  0.805127  0.576246  0.489157 
9  0.574013  0.681473  0.644454  0.520838  0.578969  0.642621  0.537529  0.535363  0.783675 0.0  0.512517  0.476088  0.562894  0.354968  0.779694  0.652778  0.528018  0.696547  0.768966  0.667235  0.593137  0.509206  0.444597  0.432997  0.457390  0.578652  0.521991  0.383969  0.751254  0.491733  0.366174  0.561625  0.402270  0.441989  0.494314  0.498427  0.562968  0.435791  0.485313  0.466879  0.573076  0.411217  0.564591  0.531734  0.614445  0.420340  0.426690  0.297772  0.485384  0.697069  0.563411  0.781327  0.707420  0.580469  0.664856  0.460185  0.705195  0.552251  0.608975  0.568756  0.694269  0.869905 
10  0.524310  0.386729  0.731935  0.357250  0.714010  0.380542  0.364673  0.474174  0.709827  0.512517 0.0  0.485296  0.631921  0.480962  0.690156  0.574245  0.734672  0.806110  0.690547  0.963601  0.703491  0.593522  0.498799  0.401489  0.358704  0.532595  0.695635  0.522650  0.794283  0.632194  0.741673  0.557466  0.460439  0.424693  0.614567  0.608785  0.632280  0.554123  0.607849  0.572016  0.374325  0.639270  0.449634  0.639686  0.756593  0.712251  0.562889  0.510259  0.655261  0.731037  0.648917  0.720130  0.634893  0.647163  0.620171  0.480446  0.604380  0.640853  0.230443  0.465758  0.729730  0.767377 
11  0.506453  0.452963  0.898633  0.387947  0.551684  0.363160  0.423535  0.558744  0.790034  0.476088  0.485296 0.0  0.745024  0.639054  0.655140  0.568800  0.730822  0.780240  0.768409  0.959960  0.704510  0.520658  0.605927  0.649653  0.270341  0.572711  0.674563  0.549128  0.830931  0.547641  0.690019  0.569706  0.607315  0.579574  0.630926  0.556201  0.665504  0.571995  0.605748  0.422525  0.521365  0.574249  0.517000  0.702464  0.720590  0.726323  0.637375  0.658513  0.588690  0.813495  0.533559  0.721671  0.747847  0.598722  0.686424  0.531367  0.553201  0.738350  0.233992  0.550493  0.720899  0.826205 
12  0.501265  0.737218  0.723667  0.686620  0.598094  0.633342  0.638687  0.537870  0.433638  0.562894  0.631921  0.745024 0.0  0.607561  0.852639  0.611254  0.562723  0.489666  0.624332  0.460842  0.676905  0.576223  0.703361  0.522495  0.649965  0.667404  0.315388  0.599943  0.344160  0.626571  0.609586  0.636323  0.536995  0.473349  0.596943  0.582009  0.661528  0.557261  0.324524  0.574231  0.612872  0.632573  0.632316  0.428401  0.748376  0.536613  0.444292  0.613668  0.633636  0.742815  0.614731  0.749650  0.560765  0.452756  0.369108  0.562774  0.678659  0.615358  0.806648  0.720417  0.524316  0.585095 
13  0.480651  0.439217  0.732297  0.729178  0.339449  0.654591  0.530958  0.662681  0.777948  0.354968  0.480962  0.639054  0.607561 0.0  0.764144  0.629116  0.621808  0.755642  0.777696  0.805311  0.319871  0.515993  0.490326  0.416168  0.603344  0.264559  0.412958  0.641768  0.815819  0.236810  0.521876  0.256482  0.320579  0.311698  0.441425  0.384339  0.305822  0.216681  0.341969  0.412411  0.255595  0.469357  0.542662  0.294745  0.770888  0.742648  0.464878  0.408470  0.336643  0.826807  0.424241  0.854385  0.823815  0.592536  0.723567  0.401900  0.675442  0.717733  0.609081  0.383640  0.741161  0.813692 
14  0.657721  0.723068  0.581071  0.604436  0.716630  0.686854  0.790991  0.667850  0.458668  0.779694  0.690156  0.655140  0.852639  0.764144 0.0  0.696331  0.764099  0.760893  0.521206  0.629196  0.820043  0.646410  0.824351  0.715610  0.727398  0.666868  0.701146  0.785034  0.729659  0.773379  0.668160  0.669774  0.623486  0.699834  0.846584  0.723182  0.792026  0.664104  0.700447  0.699651  0.717882  0.808997  0.631999  0.825172  0.679848  0.709697  0.822393  0.673917  0.735755  0.471971  0.723825  0.698262  0.332273  0.662819  0.541508  0.674117  0.403829  0.636093  0.624535  0.720228  0.552449  0.549363 
15  0.553892  0.547972  0.793787  0.519687  0.562647  0.551945  0.530525  0.579294  0.813555  0.652778  0.574245  0.568800  0.611254  0.629116  0.696331 0.0  0.796652  0.747355  0.777057  0.852338  0.560175  0.655713  0.531341  0.593298  0.578722  0.582251  0.648347  0.578353  0.877852  0.471070  0.717591  0.693661  0.612108  0.490841  0.520477  0.640908  0.669707  0.587285  0.603548  0.472071  0.666282  0.564028  0.565038  0.564166  0.717639  0.676581  0.515864  0.635136  0.624618  0.794919  0.569549  0.931727  0.702778  0.737556  0.745103  0.469480  0.720255  0.757182  0.549726  0.545222  0.737871  0.818413 
16  0.546720  0.597522  0.587870  0.721131  0.568763  0.613412  0.609224  0.746834  0.635160  0.528018  0.734672  0.730822  0.562723  0.621808  0.764099  0.796652 0.0  0.644292  0.702029  0.671337  0.540809  0.834365  0.814143  0.558628  0.626885  0.717645  0.550879  0.487310  0.602411  0.615801  0.551668  0.633943  0.714486  0.646721  0.671318  0.681794  0.606513  0.768374  0.531175  0.535807  0.722001  0.745548  0.594047  0.560752  0.528456  0.458242  0.623736  0.570234  0.753813  0.579050  0.556903  0.565735  0.783299  0.684714  0.632201  0.558388  0.792920  0.629824  0.687978  0.653267  0.700413  0.779367 
17  0.568033  0.647964  0.744253  0.693668  0.599174  0.697254  0.668015  0.682181  0.506185  0.696547  0.806110  0.780240  0.489666  0.755642  0.760893  0.747355  0.644292 0.0  0.672272  0.373273  0.723023  0.823366  0.788245  0.688590  0.839149  0.610528  0.391547  0.543908  0.470372  0.543165  0.629817  0.734395  0.628846  0.764817  0.592268  0.727517  0.511990  0.771805  0.510342  0.615297  0.656572  0.692357  0.681256  0.628407  0.629389  0.563946  0.683410  0.819828  0.701398  0.740130  0.650521  0.668948  0.647907  0.791712  0.529060  0.633802  0.579483  0.638800  0.763863  0.570633  0.485171  0.559908 
18  0.639541  0.705155  0.504187  0.558060  0.704395  0.632569  0.708285  0.581653  0.563914  0.768966  0.690547  0.768409  0.624332  0.777696  0.521206  0.777057  0.702029  0.672272 0.0  0.610598  0.755093  0.723616  0.659171  0.624462  0.662971  0.656212  0.700104  0.556603  0.494181  0.706059  0.719921  0.662463  0.703607  0.662105  0.725040  0.611539  0.748978  0.743602  0.662532  0.746203  0.759284  0.798821  0.574991  0.805118  0.681767  0.683289  0.665885  0.657319  0.658155  0.470867  0.724125  0.382179  0.598701  0.606026  0.643246  0.716484  0.675050  0.592877  0.785273  0.601570  0.514223  0.322597 
19  0.597717  0.770285  0.669858  0.758212  0.761066  0.949783  0.831421  0.720793  0.540911  0.667235  0.963601  0.959960  0.460842  0.805311  0.629196  0.852338  0.671337  0.373273  0.610598 0.0  0.741709  0.865416  0.857327  0.812378  0.786975  0.835200  0.573693  0.683638  0.445011  0.727426  0.730005  0.875884  0.670454  0.857046  0.835568  0.613655  0.619703  0.637058  0.604115  0.679155  0.864905  1.000000  0.844270  0.620934  0.777609  0.741723  0.733633  0.820878  0.712938  0.619202  0.549351  0.598703  0.581388  0.853696  0.419076  0.896490  0.746408  0.551188  0.940768  0.779393  0.377802  0.590113 
20  0.433947  0.753810  0.817326  0.638701  0.166375  0.662533  0.625311  0.746133  0.918896  0.593137  0.703491  0.704510  0.676905  0.319871  0.820043  0.560175  0.540809  0.723023  0.755093  0.741709 0.0  0.726036  0.567754  0.499386  0.790678  0.321864  0.589043  0.599585  0.790030  0.320704  0.576845  0.416844  0.463675  0.488501  0.452685  0.337144  0.462827  0.403287  0.532592  0.476184  0.336818  0.328699  0.642854  0.404818  0.695506  0.674782  0.691315  0.450511  0.474574  0.693397  0.373575  0.787056  0.595882  0.773363  0.651383  0.392185  0.684957  0.782982  0.694385  0.393999  0.802684  0.826863 
21  0.526558  0.526132  0.869084  0.435073  0.583122  0.518168  0.510538  0.688668  0.794112  0.509206  0.593522  0.520658  0.576223  0.515993  0.646410  0.655713  0.834365  0.823366  0.723616  0.865416  0.726036 0.0  0.411336  0.478188  0.386790  0.505393  0.595895  0.646134  0.675286  0.513649  0.405224  0.507478  0.518669  0.459854  0.552869  0.439282  0.638087  0.524286  0.558127  0.593400  0.470769  0.502417  0.513038  0.619034  0.689986  0.649681  0.311916  0.638158  0.507320  0.681254  0.581022  0.582424  0.607261  0.521768  0.552869  0.379367  0.644434  0.675898  0.631135  0.661025  0.692773  0.712058 
22  0.502678  0.532842  0.790565  0.567689  0.477825  0.534426  0.504569  0.720794  0.773386  0.444597  0.498799  0.605927  0.703361  0.490326  0.824351  0.531341  0.814143  0.788245  0.659171  0.857327  0.567754  0.411336 0.0  0.477383  0.579159  0.472437  0.587224  0.564434  0.803709  0.464606  0.400055  0.615132  0.511050  0.276067  0.410894  0.452938  0.629366  0.490651  0.643132  0.478571  0.443277  0.378757  0.600740  0.424631  0.805806  0.652573  0.227526  0.524577  0.487859  0.644820  0.501586  0.761323  0.776646  0.586900  0.677799  0.334800  0.632556  0.681363  0.506605  0.469390  0.842270  0.805497 
23  0.529118  0.640240  0.594353  0.517329  0.455456  0.632303  0.693574  0.625089  0.760699  0.432997  0.401489  0.649653  0.522495  0.416168  0.715610  0.593298  0.558628  0.688590  0.624462  0.812378  0.499386  0.478188  0.477383 0.0  0.531230  0.530561  0.558893  0.444415  0.717103  0.543444  0.425053  0.579201  0.458255  0.328987  0.422447  0.474845  0.554620  0.376355  0.583831  0.417631  0.514160  0.578889  0.627181  0.556617  0.632397  0.473500  0.548685  0.363238  0.561328  0.667877  0.493014  0.779299  0.714084  0.642423  0.612895  0.570533  0.752770  0.546682  0.646915  0.478227  0.823714  0.778523 
24  0.589643  0.518419  0.702284  0.408934  0.591067  0.354682  0.404741  0.451060  0.709749  0.457390  0.358704  0.270341  0.649965  0.603344  0.727398  0.578722  0.626885  0.839149  0.662971  0.786975  0.790678  0.386790  0.579159  0.531230 0.0  0.623257  0.651329  0.544846  0.796024  0.518176  0.665563  0.591584  0.439778  0.507791  0.528868  0.561584  0.560425  0.556471  0.517355  0.558494  0.449274  0.634307  0.423098  0.635580  0.767119  0.638067  0.573692  0.564048  0.596865  0.787566  0.570518  0.735215  0.714515  0.492229  0.586673  0.545936  0.768249  0.647952  0.453396  0.696296  0.760054  0.878739 
25  0.436396  0.561328  0.916686  0.619825  0.324377  0.609140  0.525407  0.628103  0.770522  0.578652  0.532595  0.572711  0.667404  0.264559  0.666868  0.582251  0.717645  0.610528  0.656212  0.835200  0.321864  0.505393  0.472437  0.530561  0.623257 0.0  0.475765  0.599601  0.831935  0.296041  0.413050  0.494119  0.269121  0.294944  0.381828  0.343417  0.446464  0.223683  0.584781  0.501409  0.265803  0.507196  0.664882  0.401603  0.686226  0.542216  0.494464  0.453134  0.390229  0.685030  0.391543  0.817913  0.703725  0.604710  0.653973  0.397575  0.731743  0.702930  0.558967  0.251236  0.805410  0.868785 
26  0.485268  0.552933  0.716311  0.686058  0.406640  0.642569  0.624480  0.570597  0.502575  0.521991  0.695635  0.674563  0.315388  0.412958  0.701146  0.648347  0.550879  0.391547  0.700104  0.573693  0.589043  0.595895  0.587224  0.558893  0.651329  0.475765 0.0  0.602866  0.515234  0.578657  0.640715  0.687958  0.450819  0.554997  0.620094  0.526750  0.502680  0.480783  0.289274  0.535829  0.500605  0.607494  0.488241  0.425509  0.571330  0.550739  0.527160  0.511903  0.445376  0.751723  0.497883  0.722737  0.768984  0.780172  0.483903  0.512357  0.590389  0.617840  0.731367  0.573040  0.569634  0.592131 
27  0.569068  0.592229  0.652730  0.625036  0.474740  0.492893  0.480474  0.588103  0.700107  0.383969  0.522650  0.549128  0.599943  0.641768  0.785034  0.578353  0.487310  0.543908  0.556603  0.683638  0.599585  0.646134  0.564434  0.444415  0.544846  0.599601  0.602866 0.0  0.651936  0.478544  0.443600  0.691422  0.516445  0.603072  0.615949  0.653484  0.543507  0.556146  0.497956  0.489910  0.586716  0.515459  0.430137  0.473013  0.364702  0.465193  0.515811  0.368556  0.624142  0.684197  0.574454  0.742649  0.660893  0.651328  0.681831  0.549816  0.693476  0.581186  0.607941  0.502329  0.651172  0.738447 
28  0.590551  0.826577  0.573922  0.736745  0.697967  0.872220  0.815353  0.743740  0.472746  0.751254  0.794283  0.830931  0.344160  0.815819  0.729659  0.877852  0.602411  0.470372  0.494181  0.445011  0.790030  0.675286  0.803709  0.717103  0.796024  0.831935  0.515234  0.651936 0.0  0.719676  0.835792  0.828950  0.799453  0.814954  0.707041  0.660065  0.698994  0.668821  0.560659  0.671527  0.721313  0.943653  0.777751  0.685935  0.689309  0.691065  0.579773  0.825688  0.729316  0.510905  0.693655  0.572249  0.625243  0.764491  0.447408  0.911260  0.581329  0.660687  0.882203  0.840511  0.345651  0.296122 
29  0.519045  0.490098  0.762017  0.616430  0.425484  0.556950  0.575512  0.713936  0.752009  0.491733  0.632194  0.547641  0.626571  0.236810  0.773379  0.471070  0.615801  0.543165  0.706059  0.727426  0.320704  0.513649  0.464606  0.543444  0.518176  0.296041  0.578657  0.478544  0.719676 0.0  0.455906  0.347808  0.336709  0.392868  0.366022  0.267501  0.324535  0.240993  0.517224  0.460591  0.129673  0.467109  0.568072  0.332762  0.618267  0.510395  0.417423  0.531639  0.424389  0.751151  0.321021  0.790050  0.690869  0.683275  0.489498  0.289752  0.687590  0.726800  0.558968  0.342359  0.818755  0.718516 
30  0.521575  0.573571  0.693454  0.572977  0.543822  0.546433  0.574521  0.572332  0.650119  0.366174  0.741673  0.690019  0.609586  0.521876  0.668160  0.717591  0.551668  0.629817  0.719921  0.730005  0.576845  0.405224  0.400055  0.425053  0.665563  0.413050  0.640715  0.443600  0.835792  0.455906 0.0  0.495028  0.421451  0.430440  0.458539  0.448787  0.493887  0.442566  0.500785  0.409817  0.410622  0.394132  0.615628  0.439430  0.481014  0.421845  0.612842  0.367983  0.431719  0.687640  0.481756  0.694471  0.757964  0.550303  0.587886  0.415038  0.758387  0.630800  0.615214  0.570730  0.660804  0.827325 
31  0.533290  0.552265  0.854994  0.608316  0.371224  0.574225  0.578160  0.562456  0.829732  0.561625  0.557466  0.569706  0.636323  0.256482  0.669774  0.693661  0.633943  0.734395  0.662463  0.875884  0.416844  0.507478  0.615132  0.579201  0.591584  0.494119  0.687958  0.691422  0.828950  0.347808  0.495028 0.0  0.338942  0.443737  0.419239  0.381882  0.360233  0.390387  0.725433  0.516053  0.396164  0.667883  0.575233  0.409266  0.756064  0.556741  0.585219  0.453216  0.435753  0.732647  0.406164  0.842507  0.698656  0.630905  0.632468  0.556396  0.511801  0.733386  0.580894  0.373656  0.674027  0.835004 
32  0.570571  0.479648  0.702582  0.563624  0.349253  0.476346  0.598782  0.564957  0.753036  0.402270  0.460439  0.607315  0.536995  0.320579  0.623486  0.612108  0.714486  0.628846  0.703607  0.670454  0.463675  0.518669  0.511050  0.458255  0.439778  0.269121  0.450819  0.516445  0.799453  0.336709  0.421451  0.338942 0.0  0.324184  0.368312  0.308180  0.395502  0.183986  0.435674  0.523272  0.199293  0.473521  0.568808  0.323656  0.671216  0.579071  0.512275  0.563361  0.465292  0.633537  0.192926  0.696642  0.799277  0.444124  0.534647  0.287242  0.767439  0.683860  0.586096  0.380458  0.682131  0.849129 
33  0.581715  0.420717  0.771518  0.626423  0.400366  0.506914  0.604309  0.585188  0.731974  0.441989  0.424693  0.579574  0.473349  0.311698  0.699834  0.490841  0.646721  0.764817  0.662105  0.857046  0.488501  0.459854  0.276067  0.328987  0.507791  0.294944  0.554997  0.603072  0.814954  0.392868  0.430440  0.443737  0.324184 0.0  0.488723  0.507993  0.480904  0.305496  0.459883  0.498031  0.323298  0.341821  0.516487  0.390476  0.705941  0.606086  0.407075  0.404528  0.375993  0.753269  0.455408  0.884135  0.747327  0.645280  0.654440  0.265090  0.566916  0.716264  0.542422  0.426086  0.781733  0.737003 
34  0.483750  0.631068  0.768263  0.549724  0.347428  0.614021  0.579423  0.600085  0.760432  0.494314  0.614567  0.630926  0.596943  0.441425  0.846584  0.520477  0.671318  0.592268  0.725040  0.835568  0.452685  0.552869  0.410894  0.422447  0.528868  0.381828  0.620094  0.615949  0.707041  0.366022  0.458539  0.419239  0.368312  0.488723 0.0  0.383898  0.402919  0.301726  0.488578  0.476222  0.320850  0.428723  0.636631  0.372034  0.690499  0.592521  0.620147  0.418840  0.401651  0.688741  0.317558  0.645271  0.803410  0.638919  0.610115  0.408336  0.760001  0.648430  0.635059  0.314652  0.678189  0.706964 
35  0.551262  0.495287  0.795923  0.525190  0.292589  0.603419  0.636524  0.574484  0.693662  0.498427  0.608785  0.556201  0.582009  0.384339  0.723182  0.640908  0.681794  0.727517  0.611539  0.613655  0.337144  0.439282  0.452938  0.474845  0.561584  0.343417  0.526750  0.653484  0.660065  0.267501  0.448787  0.381882  0.308180  0.507993  0.383898 0.0  0.420627  0.279199  0.424608  0.494041  0.440745  0.427841  0.662678  0.300523  0.734133  0.634911  0.512301  0.486669  0.351063  0.787876  0.305731  0.825387  0.763851  0.537820  0.596127  0.453954  0.745856  0.668263  0.601237  0.470187  0.674574  0.858207 
36  0.460598  0.583439  0.737358  0.626257  0.435854  0.687367  0.655087  0.684972  0.782680  0.562968  0.632280  0.665504  0.661528  0.305822  0.792026  0.669707  0.606513  0.511990  0.748978  0.619703  0.462827  0.638087  0.629366  0.554620  0.560425  0.446464  0.502680  0.543507  0.698994  0.324535  0.493887  0.360233  0.395502  0.480904  0.402919  0.420627 0.0  0.420575  0.621555  0.461721  0.443101  0.574566  0.596517  0.387694  0.558709  0.619733  0.607728  0.539404  0.584794  0.687245  0.409231  0.687011  0.688767  0.620768  0.598881  0.549095  0.713298  0.687508  0.718379  0.387074  0.772188  0.644555 
37  0.495628  0.461710  0.868023  0.511467  0.360537  0.584883  0.621314  0.622430  0.792064  0.435791  0.554123  0.571995  0.557261  0.216681  0.664104  0.587285  0.768374  0.771805  0.743602  0.637058  0.403287  0.524286  0.490651  0.376355  0.556471  0.223683  0.480783  0.556146  0.668821  0.240993  0.442566  0.390387  0.183986  0.305496  0.301726  0.279199  0.420575 0.0  0.512718  0.557677  0.242449  0.411118  0.568854  0.307170  0.718301  0.617782  0.378776  0.497928  0.362535  0.799802  0.258505  0.806968  0.651640  0.506089  0.602873  0.291605  0.624819  0.609204  0.606856  0.330566  0.799880  0.820081 
38  0.433626  0.401419  0.747681  0.577753  0.450790  0.478749  0.744257  0.519550  0.613521  0.485313  0.607849  0.605748  0.324524  0.341969  0.700447  0.603548  0.531175  0.510342  0.662532  0.604115  0.532592  0.558127  0.643132  0.583831  0.517355  0.584781  0.289274  0.497956  0.560659  0.517224  0.500785  0.725433  0.435674  0.459883  0.488578  0.424608  0.621555  0.512718 0.0  0.483957  0.427290  0.525332  0.395562  0.403935  0.551378  0.521171  0.427406  0.500592  0.662750  0.734880  0.528008  0.717810  0.625184  0.660645  0.447414  0.469623  0.621558  0.650015  0.643447  0.556512  0.508180  0.566099 
39  0.569003  0.581693  0.711982  0.560224  0.500290  0.526942  0.611145  0.437733  0.705521  0.466879  0.572016  0.422525  0.574231  0.412411  0.699651  0.472071  0.535807  0.615297  0.746203  0.679155  0.476184  0.593400  0.478571  0.417631  0.558494  0.501409  0.535829  0.489910  0.671527  0.460591  0.409817  0.516053  0.523272  0.498031  0.476222  0.494041  0.461721  0.557677  0.483957 0.0  0.431506  0.321224  0.673030  0.418445  0.554133  0.513216  0.569620  0.518113  0.490860  0.713146  0.461213  0.771477  0.585904  0.653436  0.593123  0.407308  0.641515  0.577735  0.529785  0.345810  0.656450  0.655468 
40  0.483817  0.477847  0.778123  0.609440  0.294410  0.538791  0.637163  0.540621  0.724447  0.573076  0.374325  0.521365  0.612872  0.255595  0.717882  0.666282  0.722001  0.656572  0.759284  0.864905  0.336818  0.470769  0.443277  0.514160  0.449274  0.265803  0.500605  0.586716  0.721313  0.129673  0.410622  0.396164  0.199293  0.323298  0.320850  0.440745  0.443101  0.242449  0.427290  0.431506 0.0  0.446756  0.632747  0.376778  0.654701  0.445275  0.480288  0.386451  0.338240  0.715702  0.315755  0.851045  0.779037  0.548939  0.599058  0.326730  0.614100  0.767107  0.570478  0.272683  0.830168  0.861592 
41  0.460006  0.523697  0.885757  0.614775  0.339405  0.688345  0.613899  0.663764  0.773538  0.411217  0.639270  0.574249  0.632573  0.469357  0.808997  0.564028  0.745548  0.692357  0.798821  1.000000  0.328699  0.502417  0.378757  0.578889  0.634307  0.507196  0.607494  0.515459  0.943653  0.467109  0.394132  0.667883  0.473521  0.341821  0.428723  0.427841  0.574566  0.411118  0.525332  0.321224  0.446756 0.0  0.619489  0.542999  0.740561  0.769446  0.455673  0.434351  0.551002  0.633785  0.461564  0.850136  0.853023  0.673564  0.716534  0.282730  0.755374  0.760929  0.481730  0.347393  0.810622  0.843493 
42  0.523245  0.561614  0.705704  0.371945  0.669411  0.297365  0.349713  0.448176  0.564306  0.564591  0.449634  0.517000  0.632316  0.542662  0.631999  0.565038  0.594047  0.681256  0.574991  0.844270  0.642854  0.513038  0.600740  0.627181  0.423098  0.664882  0.488241  0.430137  0.777751  0.568072  0.615628  0.575233  0.568808  0.516487  0.636631  0.662678  0.596517  0.568854  0.395562  0.673030  0.632747  0.619489 0.0  0.638254  0.615085  0.807010  0.410415  0.529781  0.524008  0.524280  0.614327  0.428567  0.629614  0.375962  0.678604  0.620331  0.622516  0.575661  0.456831  0.644683  0.674643  0.626822 
43  0.454162  0.493069  0.725798  0.650661  0.353699  0.566230  0.648336  0.631934  0.748439  0.531734  0.639686  0.702464  0.428401  0.294745  0.825172  0.564166  0.560752  0.628407  0.805118  0.620934  0.404818  0.619034  0.424631  0.556617  0.635580  0.401603  0.425509  0.473013  0.685935  0.332762  0.439430  0.409266  0.323656  0.390476  0.372034  0.300523  0.387694  0.307170  0.403935  0.418445  0.376778  0.542999  0.638254 0.0  0.701336  0.519694  0.337433  0.517930  0.540427  0.707035  0.418841  0.733103  0.668995  0.620512  0.494989  0.461211  0.651795  0.842638  0.660104  0.384991  0.639509  0.712474 
44  0.491962  0.694381  0.683535  0.661113  0.690897  0.659362  0.663572  0.565938  0.568823  0.614445  0.756593  0.720590  0.748376  0.770888  0.679848  0.717639  0.528456  0.629389  0.681767  0.777609  0.695506  0.689986  0.805806  0.632397  0.767119  0.686226  0.571330  0.364702  0.689309  0.618267  0.481014  0.756064  0.671216  0.705941  0.690499  0.734133  0.558709  0.718301  0.551378  0.554133  0.654701  0.740561  0.615085  0.701336 0.0  0.437101  0.571895  0.581167  0.766997  0.590292  0.694840  0.645018  0.639831  0.705308  0.659845  0.631311  0.767544  0.704232  0.658046  0.624996  0.782121  0.745395 
45  0.446773  0.712281  0.637654  0.596118  0.618261  0.668286  0.626970  0.690590  0.618315  0.420340  0.712251  0.726323  0.536613  0.742648  0.709697  0.676581  0.458242  0.563946  0.683289  0.741723  0.674782  0.649681  0.652573  0.473500  0.638067  0.542216  0.550739  0.465193  0.691065  0.510395  0.421845  0.556741  0.579071  0.606086  0.592521  0.634911  0.619733  0.617782  0.521171  0.513216  0.445275  0.769446  0.807010  0.519694  0.437101 0.0  0.507262  0.545749  0.617130  0.569156  0.585404  0.672549  0.793428  0.632478  0.555764  0.573713  0.707625  0.566793  0.681277  0.703780  0.665020  0.694378 
46  0.650699  0.409274  0.674877  0.675788  0.487996  0.455068  0.580812  0.652701  0.558004  0.426690  0.562889  0.637375  0.444292  0.464878  0.822393  0.515864  0.623736  0.683410  0.665885  0.733633  0.691315  0.311916  0.227526  0.548685  0.573692  0.494464  0.527160  0.515811  0.579773  0.417423  0.612842  0.585219  0.512275  0.407075  0.620147  0.512301  0.607728  0.378776  0.427406  0.569620  0.480288  0.455673  0.410415  0.337433  0.571895  0.507262 0.0  0.527303  0.476537  0.648273  0.704979  0.494270  0.696254  0.550963  0.626417  0.287908  0.598598  0.683467  0.557092  0.572585  0.697311  0.658598 
47  0.467702  0.488129  0.671859  0.526577  0.430647  0.445697  0.538667  0.484648  0.662784  0.297772  0.510259  0.658513  0.613668  0.408470  0.673917  0.635136  0.570234  0.819828  0.657319  0.820878  0.450511  0.638158  0.524577  0.363238  0.564048  0.453134  0.511903  0.368556  0.825688  0.531639  0.367983  0.453216  0.563361  0.404528  0.418840  0.486669  0.539404  0.497928  0.500592  0.518113  0.386451  0.434351  0.529781  0.517930  0.581167  0.545749  0.527303 0.0  0.550654  0.733022  0.492778  0.886516  0.558041  0.657130  0.582528  0.425015  0.597350  0.574995  0.664025  0.556822  0.783053  0.874497 
48  0.550914  0.633170  0.714481  0.665818  0.398520  0.676124  0.613857  0.536206  0.806582  0.485384  0.655261  0.588690  0.633636  0.336643  0.735755  0.624618  0.753813  0.701398  0.658155  0.712938  0.474574  0.507320  0.487859  0.561328  0.596865  0.390229  0.445376  0.624142  0.729316  0.424389  0.431719  0.435753  0.465292  0.375993  0.401651  0.351063  0.584794  0.362535  0.662750  0.490860  0.338240  0.551002  0.524008  0.540427  0.766997  0.617130  0.476537  0.550654 0.0  0.628192  0.403535  0.686047  0.641948  0.635099  0.705176  0.440344  0.729216  0.652857  0.617469  0.408916  0.746680  0.741275 
49  0.628362  0.734388  0.402682  0.778715  0.768156  0.644152  0.776124  0.691695  0.647513  0.697069  0.731037  0.813495  0.742815  0.826807  0.471971  0.794919  0.579050  0.740130  0.470867  0.619202  0.693397  0.681254  0.644820  0.667877  0.787566  0.685030  0.751723  0.684197  0.510905  0.751151  0.687640  0.732647  0.633537  0.753269  0.688741  0.787876  0.687245  0.799802  0.734880  0.713146  0.715702  0.633785  0.524280  0.707035  0.590292  0.569156  0.648273  0.733022  0.628192 0.0  0.627341  0.433073  0.651692  0.763575  0.613209  0.806135  0.517441  0.616682  0.686825  0.747206  0.468249  0.520337 
50  0.678289  0.586751  0.739481  0.604890  0.227228  0.639086  0.716262  0.646174  0.690025  0.563411  0.648917  0.533559  0.614731  0.424241  0.723825  0.569549  0.556903  0.650521  0.724125  0.549351  0.373575  0.581022  0.501586  0.493014  0.570518  0.391543  0.497883  0.574454  0.693655  0.321021  0.481756  0.406164  0.192926  0.455408  0.317558  0.305731  0.409231  0.258505  0.528008  0.461213  0.315755  0.461564  0.614327  0.418841  0.694840  0.585404  0.704979  0.492778  0.403535  0.627341 0.0  0.662596  0.650576  0.592591  0.526649  0.372883  0.692675  0.758104  0.651602  0.297569  0.644501  0.644430 
51  0.670235  0.735575  0.608083  0.654948  0.943366  0.497377  0.515812  0.665318  0.567891  0.781327  0.720130  0.721671  0.749650  0.854385  0.698262  0.931727  0.565735  0.668948  0.382179  0.598703  0.787056  0.582424  0.761323  0.779299  0.735215  0.817913  0.722737  0.742649  0.572249  0.790050  0.694471  0.842507  0.696642  0.884135  0.645271  0.825387  0.687011  0.806968  0.717810  0.771477  0.851045  0.850136  0.428567  0.733103  0.645018  0.672549  0.494270  0.886516  0.686047  0.433073  0.662596 0.0  0.647116  0.599796  0.652840  0.849245  0.613799  0.748725  0.651242  0.747555  0.608419  0.615629 
52  0.678167  0.706607  0.507622  0.629944  0.553520  0.646969  0.696945  0.494472  0.555398  0.707420  0.634893  0.747847  0.560765  0.823815  0.332273  0.702778  0.783299  0.647907  0.598701  0.581388  0.595882  0.607261  0.776646  0.714084  0.714515  0.703725  0.768984  0.660893  0.625243  0.690869  0.757964  0.698656  0.799277  0.747327  0.803410  0.763851  0.688767  0.651640  0.625184  0.585904  0.779037  0.853023  0.629614  0.668995  0.639831  0.793428  0.696254  0.558041  0.641948  0.651692  0.650576  0.647116 0.0  0.617760  0.533898  0.725502  0.397443  0.544937  0.738675  0.782556  0.496899  0.564836 
53  0.489396  0.588348  0.703938  0.523761  0.692059  0.478342  0.444798  0.703007  0.731802  0.580469  0.647163  0.598722  0.452756  0.592536  0.662819  0.737556  0.684714  0.791712  0.606026  0.853696  0.773363  0.521768  0.586900  0.642423  0.492229  0.604710  0.780172  0.651328  0.764491  0.683275  0.550303  0.630905  0.444124  0.645280  0.638919  0.537820  0.620768  0.506089  0.660645  0.653436  0.548939  0.673564  0.375962  0.620512  0.705308  0.632478  0.550963  0.657130  0.635099  0.763575  0.592591  0.599796  0.617760 0.0  0.596672  0.527233  0.666322  0.706952  0.608207  0.711250  0.908886  0.716651 
54  0.485225  0.667748  0.660697  0.596015  0.663329  0.616308  0.577662  0.587588  0.459915  0.664856  0.620171  0.686424  0.369108  0.723567  0.541508  0.745103  0.632201  0.529060  0.643246  0.419076  0.651383  0.552869  0.677799  0.612895  0.586673  0.653973  0.483903  0.681831  0.447408  0.489498  0.587886  0.632468  0.534647  0.654440  0.610115  0.596127  0.598881  0.602873  0.447414  0.593123  0.599058  0.716534  0.678604  0.494989  0.659845  0.555764  0.626417  0.582528  0.705176  0.613209  0.526649  0.652840  0.533898  0.596672 0.0  0.599618  0.621425  0.626031  0.616761  0.700440  0.501060  0.421181 
55  0.582118  0.338781  0.811926  0.448869  0.357780  0.546245  0.465065  0.558372  0.774146  0.460185  0.480446  0.531367  0.562774  0.401900  0.674117  0.469480  0.558388  0.633802  0.716484  0.896490  0.392185  0.379367  0.334800  0.570533  0.545936  0.397575  0.512357  0.549816  0.911260  0.289752  0.415038  0.556396  0.287242  0.265090  0.408336  0.453954  0.549095  0.291605  0.469623  0.407308  0.326730  0.282730  0.620331  0.461211  0.631311  0.573713  0.287908  0.425015  0.440344  0.806135  0.372883  0.849245  0.725502  0.527233  0.599618 0.0  0.698645  0.740053  0.408412  0.532039  0.831360  0.926498 
56  0.664308  0.710124  0.547561  0.567303  0.632259  0.506246  0.590021  0.361475  0.568708  0.705195  0.604380  0.553201  0.678659  0.675442  0.403829  0.720255  0.792920  0.579483  0.675050  0.746408  0.684957  0.644434  0.632556  0.752770  0.768249  0.731743  0.590389  0.693476  0.581329  0.687590  0.758387  0.511801  0.767439  0.566916  0.760001  0.745856  0.713298  0.624819  0.621558  0.641515  0.614100  0.755374  0.622516  0.651795  0.767544  0.707625  0.598598  0.597350  0.729216  0.517441  0.692675  0.613799  0.397443  0.666322  0.621425  0.698645 0.0  0.766138  0.657719  0.706380  0.576658  0.538352 
57  0.613671  0.655723  0.451285  0.665217  0.690399  0.767042  0.833359  0.656741  0.707606  0.552251  0.640853  0.738350  0.615358  0.717733  0.636093  0.757182  0.629824  0.638800  0.592877  0.551188  0.782982  0.675898  0.681363  0.546682  0.647952  0.702930  0.617840  0.581186  0.660687  0.726800  0.630800  0.733386  0.683860  0.716264  0.648430  0.668263  0.687508  0.609204  0.650015  0.577735  0.767107  0.760929  0.575661  0.842638  0.704232  0.566793  0.683467  0.574995  0.652857  0.616682  0.758104  0.748725  0.544937  0.706952  0.626031  0.740053  0.766138 0.0  0.716100  0.804774  0.675732  0.567452 
58  0.532607  0.416751  0.938003  0.459125  0.677595  0.506546  0.494013  0.508337  0.723510  0.608975  0.230443  0.233992  0.806648  0.609081  0.624535  0.549726  0.687978  0.763863  0.785273  0.940768  0.694385  0.631135  0.506605  0.646915  0.453396  0.558967  0.731367  0.607941  0.882203  0.558968  0.615214  0.580894  0.586096  0.542422  0.635059  0.601237  0.718379  0.606856  0.643447  0.529785  0.570478  0.481730  0.456831  0.660104  0.658046  0.681277  0.557092  0.664025  0.617469  0.686825  0.651602  0.651242  0.738675  0.608207  0.616761  0.408412  0.657719  0.716100 0.0  0.647495  0.733327  0.792580 
59  0.404202  0.462119  0.818713  0.689639  0.197580  0.640977  0.468372  0.577360  0.805127  0.568756  0.465758  0.550493  0.720417  0.383640  0.720228  0.545222  0.653267  0.570633  0.601570  0.779393  0.393999  0.661025  0.469390  0.478227  0.696296  0.251236  0.573040  0.502329  0.840511  0.342359  0.570730  0.373656  0.380458  0.426086  0.314652  0.470187  0.387074  0.330566  0.556512  0.345810  0.272683  0.347393  0.644683  0.384991  0.624996  0.703780  0.572585  0.556822  0.408916  0.747206  0.297569  0.747555  0.782556  0.711250  0.700440  0.532039  0.706380  0.804774  0.647495 0.0  0.850470  0.789424 
60  0.717805  0.823827  0.497149  0.782915  0.792166  0.793496  0.803116  0.680397  0.576246  0.694269  0.729730  0.720899  0.524316  0.741161  0.552449  0.737871  0.700413  0.485171  0.514223  0.377802  0.802684  0.692773  0.842270  0.823714  0.760054  0.805410  0.569634  0.651172  0.345651  0.818755  0.660804  0.674027  0.682131  0.781733  0.678189  0.674574  0.772188  0.799880  0.508180  0.656450  0.830168  0.810622  0.674643  0.639509  0.782121  0.665020  0.697311  0.783053  0.746680  0.468249  0.644501  0.608419  0.496899  0.908886  0.501060  0.831360  0.576658  0.675732  0.733327  0.850470 0.0  0.226736 
61  0.707915  0.860050  0.461363  0.671485  0.812834  0.722727  0.742623  0.757667  0.489157  0.869905  0.767377  0.826205  0.585095  0.813692  0.549363  0.818413  0.779367  0.559908  0.322597  0.590113  0.826863  0.712058  0.805497  0.778523  0.878739  0.868785  0.592131  0.738447  0.296122  0.718516  0.827325  0.835004  0.849129  0.737003  0.706964  0.858207  0.644555  0.820081  0.566099  0.655468  0.861592  0.843493  0.626822  0.712474  0.745395  0.694378  0.658598  0.874497  0.741275  0.520337  0.644430  0.615629  0.564836  0.716651  0.421181  0.926498  0.538352  0.567452  0.792580  0.789424  0.226736 0.0 
