62
0 0.0  0.431567  0.622146  0.558022  0.467320  0.491536  0.569946  0.501445  0.655910  0.472360  0.549241  0.530691  0.488754  0.391318  0.675338  0.532688  0.553462  0.547676  0.688678  0.653502  0.516314  0.481037  0.472350  0.531920  0.468501  0.520885  0.448300  0.447571  0.593211  0.514044  0.443482  0.489494  0.473925  0.421191  0.505829  0.530131  0.442623  0.549228  0.451266  0.481364  0.521566  0.451390  0.537090  0.554336  0.497672  0.440596  0.470290  0.495653  0.572924  0.727628  0.535023  0.609104  0.735808  0.664785  0.620389  0.512084  0.581462  0.602075  0.513733  0.519272  0.600713  0.663298 
1  0.431567 0.0  0.798464  0.521905  0.631449  0.515801  0.438106  0.411636  0.784775  0.619812  0.392732  0.471845  0.646155  0.576330  0.746668  0.543125  0.744781  0.638615  0.828466  0.803154  0.604010  0.551270  0.534011  0.633519  0.467718  0.620452  0.524156  0.663066  0.768260  0.519778  0.553426  0.564149  0.443763  0.512404  0.629188  0.544174  0.602583  0.564781  0.573605  0.568813  0.466514  0.542451  0.593727  0.631274  0.606371  0.655026  0.469585  0.502466  0.543952  0.762246  0.586606  0.875779  0.706802  0.660672  0.625148  0.314648  0.650998  0.778783  0.361582  0.551240  0.818960  0.893405 
2  0.622146  0.798464 0.0  0.685013  0.811370  0.728812  0.895603  0.818959  0.639954  0.601882  0.692692  0.812730  0.724651  0.754091  0.523586  0.762371  0.578169  0.746522  0.414249  0.812331  0.850759  0.923572  0.741289  0.718247  0.918632  0.854425  0.751888  0.685438  0.529229  0.841275  0.790787  0.782489  0.740189  0.772470  0.769524  0.775812  0.799756  0.839719  0.778227  0.854973  0.784242  0.969515  0.792135  0.694708  0.703142  0.588752  0.690419  0.682178  0.734982  0.520491  0.717268  0.517864  0.557630  0.730690  0.820277  0.849203  0.655172  0.516913  0.843314  0.866952  0.566485  0.590123 
3  0.558022  0.521905  0.685013 0.0  0.571494  0.501269  0.475347  0.651151  0.759258  0.590089  0.493648  0.460147  0.592938  0.594076  0.678288  0.481497  0.718597  0.821375  0.585488  0.699553  0.680119  0.464699  0.578908  0.667604  0.422515  0.620383  0.797542  0.553840  0.617729  0.511334  0.580168  0.646910  0.619109  0.595303  0.646475  0.560384  0.636122  0.657908  0.644323  0.554742  0.671450  0.601128  0.412534  0.772865  0.674343  0.585352  0.570731  0.639814  0.668675  0.730905  0.699053  0.622401  0.698442  0.541434  0.694988  0.633670  0.519225  0.663834  0.452041  0.736142  0.784972  0.670557 
4  0.467320  0.631449  0.811370  0.571494 0.0  0.604930  0.558919  0.619919  0.761700  0.518420  0.641597  0.719761  0.699670  0.320445  0.768643  0.608346  0.675162  0.682606  0.707080  0.823677  0.251406  0.500207  0.454196  0.429255  0.548841  0.319715  0.470164  0.632386  0.862177  0.360005  0.496032  0.469926  0.282247  0.453462  0.417002  0.403765  0.326564  0.256986  0.403061  0.343331  0.297306  0.307242  0.580893  0.355908  0.664613  0.721007  0.582296  0.444692  0.524218  0.783417  0.298859  0.900763  0.830713  0.573486  0.627912  0.409854  0.658393  0.763928  0.631866  0.251542  0.811645  0.950006 
5  0.491536  0.515801  0.728812  0.501269  0.604930 0.0  0.292988  0.412883  0.672848  0.633510  0.527642  0.488895  0.681242  0.584524  0.629281  0.617271  0.656751  0.747462  0.762263  0.931829  0.728266  0.568860  0.593519  0.690291  0.388223  0.579511  0.566877  0.398572  0.739903  0.565187  0.567703  0.553764  0.641434  0.538884  0.628886  0.672389  0.605199  0.629576  0.637997  0.590986  0.481329  0.747688  0.190141  0.524913  0.661651  0.735656  0.384433  0.512055  0.553294  0.777956  0.710552  0.523588  0.686927  0.415137  0.705402  0.506828  0.645093  0.762604  0.459274  0.628538  0.712233  0.750842 
6  0.569946  0.438106  0.895603  0.475347  0.558919  0.292988 0.0  0.498077  0.641860  0.499016  0.382620  0.401566  0.676511  0.629465  0.868883  0.586540  0.661178  0.792419  0.738955  0.789051  0.571473  0.516007  0.602499  0.632511  0.511718  0.539047  0.623050  0.550471  0.845290  0.601342  0.611312  0.596020  0.650787  0.576007  0.476229  0.621852  0.652911  0.625977  0.550911  0.644148  0.603709  0.495674  0.398525  0.668014  0.563363  0.592014  0.515736  0.560415  0.688095  0.729618  0.552282  0.616930  0.781838  0.600172  0.709199  0.512220  0.570881  0.828408  0.521786  0.601885  0.800673  0.829081 
7  0.501445  0.411636  0.818959  0.651151  0.619919  0.412883  0.498077 0.0  0.433064  0.684755  0.409513  0.419697  0.560561  0.609191  0.502581  0.544458  0.728327  0.801180  0.727517  0.913683  0.749782  0.575321  0.695653  0.656061  0.398731  0.649859  0.564865  0.563267  0.694740  0.626124  0.706027  0.602162  0.588406  0.583755  0.570278  0.508096  0.764463  0.597473  0.548417  0.643307  0.604938  0.675606  0.428633  0.651621  0.733877  0.661285  0.717652  0.657661  0.538552  0.705365  0.681218  0.687155  0.580484  0.674956  0.600236  0.535726  0.419520  0.728238  0.471136  0.678871  0.679355  0.671684 
8  0.655910  0.784775  0.639954  0.759258  0.761700  0.672848  0.641860  0.433064 0.0  0.721089  0.747371  0.759543  0.511314  0.766839  0.561956  0.912261  0.711079  0.605772  0.549172  0.539898  0.927217  0.710790  0.746855  0.586733  0.758781  0.841181  0.548235  0.647963  0.496754  0.810634  0.555957  0.809421  0.694440  0.817661  0.704962  0.746140  0.710568  0.787226  0.517751  0.732953  0.829741  0.836951  0.712134  0.666606  0.629761  0.746548  0.622601  0.735819  0.642645  0.639632  0.817415  0.606418  0.482167  0.651778  0.419399  0.813151  0.573693  0.722802  0.800237  0.847338  0.552754  0.624155 
9  0.472360  0.619812  0.601882  0.590089  0.518420  0.633510  0.499016  0.684755  0.721089 0.0  0.619220  0.470788  0.589735  0.388914  0.788355  0.501759  0.500100  0.640318  0.768660  0.656718  0.510749  0.589169  0.500666  0.374561  0.444975  0.536980  0.569975  0.390602  0.796540  0.520627  0.374620  0.530138  0.472066  0.448188  0.532183  0.510064  0.462308  0.333441  0.508259  0.531688  0.523508  0.586694  0.600547  0.538334  0.549848  0.480019  0.443555  0.391996  0.537828  0.762558  0.468505  0.702457  0.753999  0.617848  0.640014  0.533340  0.798093  0.578437  0.547970  0.562230  0.668594  0.759755 
10  0.549241  0.392732  0.692692  0.493648  0.641597  0.527642  0.382620  0.409513  0.747371  0.619220 0.0  0.248083  0.714039  0.579428  0.585168  0.474853  0.827205  0.713805  0.696307  0.865585  0.688046  0.609365  0.647581  0.595696  0.491505  0.635450  0.731534  0.541942  0.783422  0.492562  0.648081  0.542563  0.603864  0.473832  0.574121  0.650478  0.620253  0.549783  0.541013  0.676186  0.607755  0.620650  0.528429  0.637400  0.639357  0.751744  0.635045  0.617578  0.505333  0.681471  0.711797  0.797242  0.666092  0.592058  0.593463  0.513491  0.563481  0.587404  0.252744  0.505603  0.910941  0.737315 
11  0.530691  0.471845  0.812730  0.460147  0.719761  0.488895  0.401566  0.419697  0.759543  0.470788  0.248083 0.0  0.760453  0.615928  0.667969  0.556427  0.733454  0.652319  0.711426  0.930997  0.705857  0.530068  0.637299  0.634961  0.341092  0.526909  0.552345  0.589813  0.796219  0.552298  0.635356  0.559094  0.566135  0.567408  0.676332  0.600058  0.535048  0.622726  0.609188  0.608285  0.562501  0.659527  0.484562  0.563783  0.644624  0.630181  0.623348  0.755700  0.655578  0.566226  0.687675  0.609843  0.713978  0.553949  0.735022  0.501016  0.588189  0.748759  0.228756  0.566085  0.835680  0.788993 
12  0.488754  0.646155  0.724651  0.592938  0.699670  0.681242  0.676511  0.560561  0.511314  0.589735  0.714039  0.760453 0.0  0.599444  0.791122  0.612567  0.639792  0.379285  0.761626  0.457181  0.676317  0.485324  0.641112  0.571889  0.668538  0.680048  0.311761  0.594513  0.496686  0.555413  0.679410  0.629746  0.615002  0.621319  0.540223  0.529756  0.555015  0.557526  0.382752  0.587948  0.630276  0.771429  0.594228  0.463036  0.675854  0.615759  0.482015  0.691939  0.681958  0.767584  0.487469  0.761679  0.552543  0.674982  0.416031  0.675263  0.812750  0.657577  0.925161  0.822854  0.485712  0.598389 
13  0.391318  0.576330  0.754091  0.594076  0.320445  0.584524  0.629465  0.609191  0.766839  0.388914  0.579428  0.615928  0.599444 0.0  0.712459  0.634509  0.667036  0.818085  0.661468  0.662652  0.466085  0.570792  0.415017  0.491868  0.539117  0.319749  0.430308  0.574836  0.816349  0.292505  0.479532  0.365101  0.337083  0.416734  0.266911  0.405004  0.380593  0.318211  0.425624  0.410667  0.297925  0.526612  0.647275  0.304188  0.800219  0.591479  0.479159  0.480463  0.367791  0.886189  0.306040  0.763628  0.749886  0.671111  0.628359  0.327862  0.721271  0.689315  0.655117  0.311385  0.872841  0.843987 
14  0.675338  0.746668  0.523586  0.678288  0.768643  0.629281  0.868883  0.502581  0.561956  0.788355  0.585168  0.667969  0.791122  0.712459 0.0  0.757039  0.734371  0.694243  0.616753  0.711568  0.751557  0.682715  0.749216  0.775090  0.747523  0.824493  0.780156  0.803743  0.728851  0.779990  0.740767  0.574527  0.793447  0.675472  0.725108  0.593950  0.811819  0.650987  0.720385  0.794709  0.788297  0.891872  0.793061  0.899108  0.766326  0.774284  0.766842  0.617769  0.817748  0.518087  0.640264  0.639856  0.428807  0.780289  0.623691  0.703639  0.477842  0.757201  0.748543  0.734455  0.677027  0.583802 
15  0.532688  0.543125  0.762371  0.481497  0.608346  0.617271  0.586540  0.544458  0.912261  0.501759  0.474853  0.556427  0.612567  0.634509  0.757039 0.0  0.851953  0.781451  0.767794  0.803626  0.559493  0.840351  0.581689  0.589871  0.616277  0.597835  0.601448  0.524530  0.818457  0.547346  0.591272  0.596129  0.712251  0.504755  0.658635  0.605715  0.601326  0.616175  0.543360  0.463439  0.659649  0.560501  0.639831  0.622449  0.692391  0.695167  0.430854  0.514448  0.549600  0.726490  0.447394  0.828100  0.695601  0.763854  0.645989  0.521698  0.576526  0.832194  0.555879  0.512954  0.746815  0.839328 
16  0.553462  0.744781  0.578169  0.718597  0.675162  0.656751  0.661178  0.728327  0.711079  0.500100  0.827205  0.733454  0.639792  0.667036  0.734371  0.851953 0.0  0.680130  0.676736  0.650607  0.743792  0.781901  0.824614  0.674082  0.729326  0.634415  0.598420  0.506949  0.656519  0.655944  0.568027  0.726675  0.688998  0.805467  0.865759  0.684182  0.680261  0.650946  0.477514  0.582257  0.668846  0.674522  0.657860  0.606831  0.456773  0.543686  0.690913  0.588758  0.730782  0.679770  0.617605  0.636244  0.703148  0.731407  0.629395  0.711395  0.721180  0.621891  0.794375  0.748368  0.716775  0.793034 
17  0.547676  0.638615  0.746522  0.821375  0.682606  0.747462  0.792419  0.801180  0.605772  0.640318  0.713805  0.652319  0.379285  0.818085  0.694243  0.781451  0.680130 0.0  0.692855  0.307644  0.710993  0.775451  0.733006  0.729740  0.761449  0.568448  0.494452  0.759762  0.519628  0.553193  0.676265  0.659556  0.682687  0.636601  0.752696  0.621582  0.621562  0.751726  0.477577  0.636609  0.680536  0.647989  0.730017  0.579253  0.626815  0.633656  0.711333  0.719606  0.718071  0.627107  0.599569  0.686000  0.679756  0.769392  0.377458  0.764692  0.627752  0.692478  0.735562  0.655980  0.575606  0.469164 
18  0.688678  0.828466  0.414249  0.585488  0.707080  0.762263  0.738955  0.727517  0.549172  0.768660  0.696307  0.711426  0.761626  0.661468  0.616753  0.767794  0.676736  0.692855 0.0  0.628550  0.728455  0.661770  0.706440  0.623505  0.607264  0.829261  0.788965  0.669197  0.480388  0.752694  0.669986  0.711402  0.796167  0.658479  0.720726  0.716594  0.666292  0.855400  0.753805  0.645563  0.811669  0.689691  0.648719  0.806190  0.676629  0.748610  0.537345  0.680921  0.703804  0.519562  0.698431  0.456141  0.564529  0.558739  0.572788  0.655558  0.663970  0.597103  0.687358  0.845096  0.530352  0.507036 
19  0.653502  0.803154  0.812331  0.699553  0.823677  0.931829  0.789051  0.913683  0.539898  0.656718  0.865585  0.930997  0.457181  0.662652  0.711568  0.803626  0.650607  0.307644  0.628550 0.0  0.717923  0.892663  0.775776  0.803960  0.846172  0.772674  0.552706  0.758208  0.429056  0.719516  0.595043  0.832881  0.687023  0.841450  0.847889  0.678248  0.814774  0.725040  0.572174  0.693883  0.831169  0.957049  0.875524  0.614961  0.971418  0.616686  0.726710  0.998942  0.756754  0.624235  0.701166  0.772661  0.697642  0.850834  0.395338  0.841396  0.679482  0.697109  0.949284  0.883063  0.436164  0.500653 
20  0.516314  0.604010  0.850759  0.680119  0.251406  0.728266  0.571473  0.749782  0.927217  0.510749  0.688046  0.705857  0.676317  0.466085  0.751557  0.559493  0.743792  0.710993  0.728455  0.717923 0.0  0.635503  0.485716  0.533613  0.665325  0.422373  0.498321  0.609743  0.898356  0.324143  0.520319  0.420643  0.410626  0.411049  0.323656  0.386272  0.384197  0.378808  0.529272  0.418054  0.346228  0.386954  0.824810  0.453307  0.834249  0.703993  0.532800  0.406072  0.533111  0.785993  0.368624  0.928229  0.827465  0.700479  0.664561  0.482404  0.628185  0.814890  0.680749  0.396802  0.800065  0.852252 
21  0.481037  0.551270  0.923572  0.464699  0.500207  0.568860  0.516007  0.575321  0.710790  0.589169  0.609365  0.530068  0.485324  0.570792  0.682715  0.840351  0.781901  0.775451  0.661770  0.892663  0.635503 0.0  0.434585  0.542522  0.445483  0.447072  0.662774  0.557455  0.808896  0.564261  0.349499  0.555301  0.568364  0.470673  0.548323  0.568606  0.594541  0.571849  0.517265  0.619532  0.507785  0.609976  0.524738  0.509658  0.786482  0.646124  0.523073  0.468078  0.520720  0.779471  0.606270  0.809821  0.706388  0.380059  0.645477  0.475253  0.737666  0.703853  0.558232  0.586090  0.655643  0.749776 
22  0.472350  0.534011  0.741289  0.578908  0.454196  0.593519  0.602499  0.695653  0.746855  0.500666  0.647581  0.637299  0.641112  0.415017  0.749216  0.581689  0.824614  0.733006  0.706440  0.775776  0.485716  0.434585 0.0  0.509047  0.641963  0.469760  0.546988  0.498594  0.807871  0.451169  0.586555  0.545480  0.464326  0.328130  0.548554  0.457293  0.698925  0.428548  0.628769  0.638894  0.457578  0.320947  0.572449  0.521819  0.793251  0.737192  0.350587  0.586366  0.314573  0.677810  0.555633  0.774852  0.670746  0.605176  0.637084  0.289662  0.603573  0.640054  0.587556  0.499471  0.750793  0.852459 
23  0.531920  0.633519  0.718247  0.667604  0.429255  0.690291  0.632511  0.656061  0.586733  0.374561  0.595696  0.634961  0.571889  0.491868  0.775090  0.589871  0.674082  0.729740  0.623505  0.803960  0.533613  0.542522  0.509047 0.0  0.563072  0.460077  0.525504  0.317258  0.785312  0.515464  0.515809  0.597543  0.500588  0.424288  0.357100  0.439779  0.583896  0.453801  0.514840  0.525778  0.516074  0.558027  0.565025  0.623448  0.625924  0.447576  0.671815  0.384908  0.563491  0.799316  0.306744  0.830008  0.785188  0.723144  0.560806  0.469204  0.728306  0.660074  0.629734  0.508471  0.792432  0.700637 
24  0.468501  0.467718  0.918632  0.422515  0.548841  0.388223  0.511718  0.398731  0.758781  0.444975  0.491505  0.341092  0.668538  0.539117  0.747523  0.616277  0.729326  0.761449  0.607264  0.846172  0.665325  0.445483  0.641963  0.563072 0.0  0.519614  0.581599  0.589724  0.787336  0.641042  0.542898  0.608037  0.575886  0.465038  0.516602  0.586472  0.584193  0.497552  0.685177  0.612412  0.546322  0.771209  0.307970  0.648166  0.757273  0.810235  0.568979  0.587235  0.563363  0.723972  0.674312  0.671360  0.709059  0.495493  0.709109  0.551978  0.738986  0.643113  0.338945  0.613003  0.784525  0.808468 
25  0.520885  0.620452  0.854425  0.620383  0.319715  0.579511  0.539047  0.649859  0.841181  0.536980  0.635450  0.526909  0.680048  0.319749  0.824493  0.597835  0.634415  0.568448  0.829261  0.772674  0.422373  0.447072  0.469760  0.460077  0.519614 0.0  0.535516  0.548310  0.750393  0.299451  0.480469  0.350287  0.223123  0.322124  0.397088  0.337977  0.421406  0.357024  0.494507  0.473127  0.193678  0.364667  0.607433  0.380716  0.638677  0.672604  0.521742  0.453390  0.335692  0.728364  0.317760  0.809364  0.814362  0.593050  0.677670  0.341649  0.756015  0.704423  0.550635  0.337723  0.855650  0.899009 
26  0.448300  0.524156  0.751888  0.797542  0.470164  0.566877  0.623050  0.564865  0.548235  0.569975  0.731534  0.552345  0.311761  0.430308  0.780156  0.601448  0.598420  0.494452  0.788965  0.552706  0.498321  0.662774  0.546988  0.525504  0.581599  0.535516 0.0  0.492257  0.576586  0.660840  0.701381  0.613613  0.536435  0.466323  0.642989  0.449031  0.575489  0.438779  0.279771  0.524791  0.521310  0.595402  0.489883  0.496689  0.557384  0.502498  0.512254  0.604404  0.629472  0.760607  0.605241  0.768693  0.643483  0.758735  0.464228  0.388822  0.533628  0.761377  0.726102  0.566478  0.509553  0.506950 
27  0.447571  0.663066  0.685438  0.553840  0.632386  0.398572  0.550471  0.563267  0.647963  0.390602  0.541942  0.589813  0.594513  0.574836  0.803743  0.524530  0.506949  0.759762  0.669197  0.758208  0.609743  0.557455  0.498594  0.317258  0.589724  0.548310  0.492257 0.0  0.772879  0.485104  0.481915  0.604576  0.583233  0.553024  0.572089  0.513825  0.599769  0.610196  0.427340  0.485075  0.513040  0.525537  0.528494  0.543704  0.369060  0.338151  0.575068  0.410998  0.583264  0.637879  0.538218  0.621769  0.767526  0.626444  0.828464  0.478255  0.592922  0.560204  0.643183  0.614054  0.707427  0.777491 
28  0.593211  0.768260  0.529229  0.617729  0.862177  0.739903  0.845290  0.694740  0.496754  0.796540  0.783422  0.796219  0.496686  0.816349  0.728851  0.818457  0.656519  0.519628  0.480388  0.429056  0.898356  0.808896  0.807871  0.785312  0.787336  0.750393  0.576586  0.772879 0.0  0.713820  0.762275  0.831168  0.803837  0.800501  0.766199  0.743396  0.692895  0.790272  0.569906  0.671049  0.803909  0.965389  0.689286  0.611928  0.780830  0.655738  0.682265  0.828594  0.810365  0.420509  0.674294  0.493832  0.553683  0.838125  0.459107  0.990312  0.575266  0.684011  0.894062  0.915786  0.338323  0.260562 
29  0.514044  0.519778  0.841275  0.511334  0.360005  0.565187  0.601342  0.626124  0.810634  0.520627  0.492562  0.552298  0.555413  0.292505  0.779990  0.547346  0.655944  0.553193  0.752694  0.719516  0.324143  0.564261  0.451169  0.515464  0.641042  0.299451  0.660840  0.485104  0.713820 0.0  0.562065  0.408535  0.274596  0.499090  0.427671  0.376242  0.483567  0.227886  0.411191  0.415996  0.246083  0.538963  0.604662  0.312916  0.615389  0.577114  0.530760  0.524774  0.452916  0.851244  0.284099  0.944649  0.646806  0.580774  0.654306  0.377073  0.740289  0.780386  0.537029  0.305086  0.773362  0.848631 
30  0.443482  0.553426  0.790787  0.580168  0.496032  0.567703  0.611312  0.706027  0.555957  0.374620  0.648081  0.635356  0.679410  0.479532  0.740767  0.591272  0.568027  0.676265  0.669986  0.595043  0.520319  0.349499  0.586555  0.515809  0.542898  0.480469  0.701381  0.481915  0.762275  0.562065 0.0  0.580382  0.469241  0.414790  0.522868  0.471844  0.615468  0.392446  0.545632  0.565943  0.437298  0.420661  0.608351  0.422485  0.539577  0.506397  0.506258  0.403955  0.509464  0.726907  0.460717  0.679471  0.777142  0.588621  0.620664  0.433160  0.671015  0.658186  0.612544  0.538317  0.636627  0.855622 
31  0.489494  0.564149  0.782489  0.646910  0.469926  0.553764  0.596020  0.602162  0.809421  0.530138  0.542563  0.559094  0.629746  0.365101  0.574527  0.596129  0.726675  0.659556  0.711402  0.832881  0.420643  0.555301  0.545480  0.597543  0.608037  0.350287  0.613613  0.604576  0.831168  0.408535  0.580382 0.0  0.334241  0.489335  0.469676  0.543006  0.526685  0.407277  0.687678  0.451250  0.325203  0.667609  0.628948  0.413647  0.804011  0.692501  0.633905  0.448664  0.453945  0.813247  0.363126  0.815397  0.704059  0.609178  0.619789  0.515922  0.673061  0.732791  0.723429  0.412437  0.890585  0.751330 
32  0.473925  0.443763  0.740189  0.619109  0.282247  0.641434  0.650787  0.588406  0.694440  0.472066  0.603864  0.566135  0.615002  0.337083  0.793447  0.712251  0.688998  0.682687  0.796167  0.687023  0.410626  0.568364  0.464326  0.500588  0.575886  0.223123  0.536435  0.583233  0.803837  0.274596  0.469241  0.334241 0.0  0.307828  0.327122  0.221671  0.419939  0.219669  0.572029  0.517100  0.208615  0.462301  0.527532  0.313641  0.702660  0.672615  0.436132  0.429886  0.429818  0.710462  0.364239  0.711678  0.637961  0.496526  0.646807  0.426936  0.792664  0.736911  0.719301  0.288458  0.822862  0.734192 
33  0.421191  0.512404  0.772470  0.595303  0.453462  0.538884  0.576007  0.583755  0.817661  0.448188  0.473832  0.567408  0.621319  0.416734  0.675472  0.504755  0.805467  0.636601  0.658479  0.841450  0.411049  0.470673  0.328130  0.424288  0.465038  0.322124  0.466323  0.553024  0.800501  0.499090  0.414790  0.489335  0.307828 0.0  0.369132  0.369101  0.513998  0.345967  0.475225  0.457612  0.276480  0.332857  0.449563  0.479328  0.773868  0.770817  0.334844  0.312759  0.383520  0.767449  0.613160  0.886558  0.691301  0.612849  0.610020  0.311177  0.617826  0.785462  0.537033  0.361858  0.776160  0.705775 
34  0.505829  0.629188  0.769524  0.646475  0.417002  0.628886  0.476229  0.570278  0.704962  0.532183  0.574121  0.676332  0.540223  0.266911  0.725108  0.658635  0.865759  0.752696  0.720726  0.847889  0.323656  0.548323  0.548554  0.357100  0.516602  0.397088  0.642989  0.572089  0.766199  0.427671  0.522868  0.469676  0.327122  0.369132 0.0  0.365833  0.455707  0.261126  0.436301  0.489565  0.388862  0.506012  0.680165  0.371466  0.698618  0.701762  0.710233  0.520731  0.398527  0.721532  0.422522  0.837446  0.822709  0.705767  0.593595  0.422069  0.788690  0.682453  0.575680  0.402024  0.671668  0.787447 
35  0.530131  0.544174  0.775812  0.560384  0.403765  0.672389  0.621852  0.508096  0.746140  0.510064  0.650478  0.600058  0.529756  0.405004  0.593950  0.605715  0.684182  0.621582  0.716594  0.678248  0.386272  0.568606  0.457293  0.439779  0.586472  0.337977  0.449031  0.513825  0.743396  0.376242  0.471844  0.543006  0.221671  0.369101  0.365833 0.0  0.403603  0.274773  0.484750  0.559420  0.346722  0.557787  0.641953  0.396148  0.631412  0.629282  0.625857  0.588053  0.485394  0.687959  0.364013  0.828543  0.714061  0.425565  0.587335  0.417380  0.684486  0.729368  0.551479  0.438961  0.776418  0.803061 
36  0.442623  0.602583  0.799756  0.636122  0.326564  0.605199  0.652911  0.764463  0.710568  0.462308  0.620253  0.535048  0.555015  0.380593  0.811819  0.601326  0.680261  0.621562  0.666292  0.814774  0.384197  0.594541  0.698925  0.583896  0.584193  0.421406  0.575489  0.599769  0.692895  0.483567  0.615468  0.526685  0.419939  0.513998  0.455707  0.403603 0.0  0.464985  0.450624  0.540082  0.454578  0.595825  0.570396  0.464618  0.651653  0.585161  0.616698  0.457685  0.615993  0.705374  0.468221  0.717823  0.799337  0.742581  0.691437  0.517526  0.760082  0.701264  0.623001  0.340663  0.867398  0.729072 
37  0.549228  0.564781  0.839719  0.657908  0.256986  0.629576  0.625977  0.597473  0.787226  0.333441  0.549783  0.622726  0.557526  0.318211  0.650987  0.616175  0.650946  0.751726  0.855400  0.725040  0.378808  0.571849  0.428548  0.453801  0.497552  0.357024  0.438779  0.610196  0.790272  0.227886  0.392446  0.407277  0.219669  0.345967  0.261126  0.274773  0.464985 0.0  0.411610  0.346087  0.233347  0.471529  0.555549  0.215686  0.683569  0.600592  0.408070  0.526237  0.369294  0.755637  0.379057  0.833544  0.777608  0.659497  0.512790  0.385324  0.670556  0.606687  0.570832  0.369922  0.791090  0.824165 
38  0.451266  0.573605  0.778227  0.644323  0.403061  0.637997  0.550911  0.548417  0.517751  0.508259  0.541013  0.609188  0.382752  0.425624  0.720385  0.543360  0.477514  0.477577  0.753805  0.572174  0.529272  0.517265  0.628769  0.514840  0.685177  0.494507  0.279771  0.427340  0.569906  0.411191  0.545632  0.687678  0.572029  0.475225  0.436301  0.484750  0.450624  0.411610 0.0  0.500839  0.472893  0.623015  0.522376  0.382763  0.583300  0.731317  0.507348  0.490713  0.500610  0.688618  0.453619  0.745358  0.698020  0.676880  0.445338  0.557641  0.652783  0.598892  0.613202  0.567056  0.534494  0.609011 
39  0.481364  0.568813  0.854973  0.554742  0.343331  0.590986  0.644148  0.643307  0.732953  0.531688  0.676186  0.608285  0.587948  0.410667  0.794709  0.463439  0.582257  0.636609  0.645563  0.693883  0.418054  0.619532  0.638894  0.525778  0.612412  0.473127  0.524791  0.485075  0.671049  0.415996  0.565943  0.451250  0.517100  0.457612  0.489565  0.559420  0.540082  0.346087  0.500839 0.0  0.507843  0.344287  0.633157  0.439338  0.443313  0.536670  0.533465  0.509093  0.440508  0.747819  0.466531  0.663975  0.597570  0.674047  0.628527  0.380558  0.686872  0.732637  0.574189  0.343123  0.714661  0.706947 
40  0.521566  0.466514  0.784242  0.671450  0.297306  0.481329  0.603709  0.604938  0.829741  0.523508  0.607755  0.562501  0.630276  0.297925  0.788297  0.659649  0.668846  0.680536  0.811669  0.831169  0.346228  0.507785  0.457578  0.516074  0.546322  0.193678  0.521310  0.513040  0.803909  0.246083  0.437298  0.325203  0.208615  0.276480  0.388862  0.346722  0.454578  0.233347  0.472893  0.507843 0.0  0.374493  0.523236  0.412624  0.726690  0.628082  0.491482  0.416759  0.369643  0.677378  0.325827  0.838440  0.799715  0.625564  0.696024  0.333611  0.617944  0.847754  0.622992  0.250033  0.770636  0.818885 
41  0.451390  0.542451  0.969515  0.601128  0.307242  0.747688  0.495674  0.675606  0.836951  0.586694  0.620650  0.659527  0.771429  0.526612  0.891872  0.560501  0.674522  0.647989  0.689691  0.957049  0.386954  0.609976  0.320947  0.558027  0.771209  0.364667  0.595402  0.525537  0.965389  0.538963  0.420661  0.667609  0.462301  0.332857  0.506012  0.557787  0.595825  0.471529  0.623015  0.344287  0.374493 0.0  0.745072  0.573057  0.619138  0.717154  0.343751  0.364005  0.477304  0.696876  0.389556  0.924009  0.840324  0.671994  0.776479  0.310288  0.723968  0.771192  0.544524  0.425913  0.829789  1.000000 
42  0.537090  0.593727  0.792135  0.412534  0.580893  0.190141  0.398525  0.428633  0.712134  0.600547  0.528429  0.484562  0.594228  0.647275  0.793061  0.639831  0.657860  0.730017  0.648719  0.875524  0.824810  0.524738  0.572449  0.565025  0.307970  0.607433  0.489883  0.528494  0.689286  0.604662  0.608351  0.628948  0.527532  0.449563  0.680165  0.641953  0.570396  0.555549  0.522376  0.633157  0.523236  0.745072 0.0  0.502669  0.573811  0.692766  0.585745  0.564338  0.641999  0.614084  0.615059  0.394589  0.576431  0.398307  0.713102  0.506086  0.751970  0.703617  0.483841  0.722987  0.661068  0.650554 
43  0.554336  0.631274  0.694708  0.772865  0.355908  0.524913  0.668014  0.651621  0.666606  0.538334  0.637400  0.563783  0.463036  0.304188  0.899108  0.622449  0.606831  0.579253  0.806190  0.614961  0.453307  0.509658  0.521819  0.623448  0.648166  0.380716  0.496689  0.543704  0.611928  0.312916  0.422485  0.413647  0.313641  0.479328  0.371466  0.396148  0.464618  0.215686  0.382763  0.439338  0.412624  0.573057  0.502669 0.0  0.582340  0.589664  0.425339  0.518128  0.510938  0.842804  0.331406  0.626620  0.772531  0.552337  0.686675  0.435503  0.529271  0.701652  0.720581  0.396057  0.735667  0.793674 
44  0.497672  0.606371  0.703142  0.674343  0.664613  0.661651  0.563363  0.733877  0.629761  0.549848  0.639357  0.644624  0.675854  0.800219  0.766326  0.692391  0.456773  0.626815  0.676629  0.971418  0.834249  0.786482  0.793251  0.625924  0.757273  0.638677  0.557384  0.369060  0.780830  0.615389  0.539577  0.804011  0.702660  0.773868  0.698618  0.631412  0.651653  0.683569  0.583300  0.443313  0.726690  0.619138  0.573811  0.582340 0.0  0.423987  0.560504  0.671995  0.740002  0.608992  0.546134  0.748589  0.729594  0.757892  0.769566  0.733125  0.786143  0.828229  0.676166  0.732959  0.805280  0.792988 
45  0.440596  0.655026  0.588752  0.585352  0.721007  0.735656  0.592014  0.661285  0.746548  0.480019  0.751744  0.630181  0.615759  0.591479  0.774284  0.695167  0.543686  0.633656  0.748610  0.616686  0.703993  0.646124  0.737192  0.447576  0.810235  0.672604  0.502498  0.338151  0.655738  0.577114  0.506397  0.692501  0.672615  0.770817  0.701762  0.629282  0.585161  0.600592  0.731317  0.536670  0.628082  0.717154  0.692766  0.589664  0.423987 0.0  0.488163  0.381658  0.597859  0.575357  0.640434  0.731848  0.767312  0.718023  0.597780  0.670680  0.825722  0.673060  0.548686  0.710635  0.645466  0.727238 
46  0.470290  0.469585  0.690419  0.570731  0.582296  0.384433  0.515736  0.717652  0.622601  0.443555  0.635045  0.623348  0.482015  0.479159  0.766842  0.430854  0.690913  0.711333  0.537345  0.726710  0.532800  0.523073  0.350587  0.671815  0.568979  0.521742  0.512254  0.575068  0.682265  0.530760  0.506258  0.633905  0.436132  0.334844  0.710233  0.625857  0.616698  0.408070  0.507348  0.533465  0.491482  0.343751  0.585745  0.425339  0.560504  0.488163 0.0  0.549551  0.488263  0.685826  0.649972  0.614438  0.712097  0.490175  0.730536  0.384448  0.652317  0.675081  0.515710  0.611441  0.737336  0.790530 
47  0.495653  0.502466  0.682178  0.639814  0.444692  0.512055  0.560415  0.657661  0.735819  0.391996  0.617578  0.755700  0.691939  0.480463  0.617769  0.514448  0.588758  0.719606  0.680921  0.998942  0.406072  0.468078  0.586366  0.384908  0.587235  0.453390  0.604404  0.410998  0.828594  0.524774  0.403955  0.448664  0.429886  0.312759  0.520731  0.588053  0.457685  0.526237  0.490713  0.509093  0.416759  0.364005  0.564338  0.518128  0.671995  0.381658  0.549551 0.0  0.484434  0.826988  0.464291  0.814868  0.722324  0.635821  0.702446  0.414525  0.734902  0.584863  0.580731  0.488916  0.834802  0.810363 
48  0.572924  0.543952  0.734982  0.668675  0.524218  0.553294  0.688095  0.538552  0.642645  0.537828  0.505333  0.655578  0.681958  0.367791  0.817748  0.549600  0.730782  0.718071  0.703804  0.756754  0.533111  0.520720  0.314573  0.563491  0.563363  0.335692  0.629472  0.583264  0.810365  0.452916  0.509464  0.453945  0.429818  0.383520  0.398527  0.485394  0.615993  0.369294  0.500610  0.440508  0.369643  0.477304  0.641999  0.510938  0.740002  0.597859  0.488263  0.484434 0.0  0.853333  0.393717  0.790181  0.723383  0.609672  0.609875  0.526413  0.711665  0.825596  0.659239  0.406538  0.792165  0.754414 
49  0.727628  0.762246  0.520491  0.730905  0.783417  0.777956  0.729618  0.705365  0.639632  0.762558  0.681471  0.566226  0.767584  0.886189  0.518087  0.726490  0.679770  0.627107  0.519562  0.624235  0.785993  0.779471  0.677810  0.799316  0.723972  0.728364  0.760607  0.637879  0.420509  0.851244  0.726907  0.813247  0.710462  0.767449  0.721532  0.687959  0.705374  0.755637  0.688618  0.747819  0.677378  0.696876  0.614084  0.842804  0.608992  0.575357  0.685826  0.826988  0.853333 0.0  0.665604  0.378788  0.546744  0.811200  0.595469  0.696345  0.590306  0.659855  0.597396  0.778196  0.519867  0.486485 
50  0.535023  0.586606  0.717268  0.699053  0.298859  0.710552  0.552282  0.681218  0.817415  0.468505  0.711797  0.687675  0.487469  0.306040  0.640264  0.447394  0.617605  0.599569  0.698431  0.701166  0.368624  0.606270  0.555633  0.306744  0.674312  0.317760  0.605241  0.538218  0.674294  0.284099  0.460717  0.363126  0.364239  0.613160  0.422522  0.364013  0.468221  0.379057  0.453619  0.466531  0.325827  0.389556  0.615059  0.331406  0.546134  0.640434  0.649972  0.464291  0.393717  0.665604 0.0  0.747379  0.729062  0.638972  0.604074  0.385637  0.682701  0.786846  0.636411  0.276836  0.669519  0.727541 
51  0.609104  0.875779  0.517864  0.622401  0.900763  0.523588  0.616930  0.687155  0.606418  0.702457  0.797242  0.609843  0.761679  0.763628  0.639856  0.828100  0.636244  0.686000  0.456141  0.772661  0.928229  0.809821  0.774852  0.830008  0.671360  0.809364  0.768693  0.621769  0.493832  0.944649  0.679471  0.815397  0.711678  0.886558  0.837446  0.828543  0.717823  0.833544  0.745358  0.663975  0.838440  0.924009  0.394589  0.626620  0.748589  0.731848  0.614438  0.814868  0.790181  0.378788  0.747379 0.0  0.667973  0.500814  0.661157  0.830640  0.637629  0.701479  0.685794  0.838252  0.569522  0.516132 
52  0.735808  0.706802  0.557630  0.698442  0.830713  0.686927  0.781838  0.580484  0.482167  0.753999  0.666092  0.713978  0.552543  0.749886  0.428807  0.695601  0.703148  0.679756  0.564529  0.697642  0.827465  0.706388  0.670746  0.785188  0.709059  0.814362  0.643483  0.767526  0.553683  0.646806  0.777142  0.704059  0.637961  0.691301  0.822709  0.714061  0.799337  0.777608  0.698020  0.597570  0.799715  0.840324  0.576431  0.772531  0.729594  0.767312  0.712097  0.722324  0.723383  0.546744  0.729062  0.667973 0.0  0.638992  0.499894  0.772977  0.405177  0.595422  0.764465  0.861265  0.606600  0.555367 
53  0.664785  0.660672  0.730690  0.541434  0.573486  0.415137  0.600172  0.674956  0.651778  0.617848  0.592058  0.553949  0.674982  0.671111  0.780289  0.763854  0.731407  0.769392  0.558739  0.850834  0.700479  0.380059  0.605176  0.723144  0.495493  0.593050  0.758735  0.626444  0.838125  0.580774  0.588621  0.609178  0.496526  0.612849  0.705767  0.425565  0.742581  0.659497  0.676880  0.674047  0.625564  0.671994  0.398307  0.552337  0.757892  0.718023  0.490175  0.635821  0.609672  0.811200  0.638972  0.500814  0.638992 0.0  0.619028  0.577530  0.575050  0.702840  0.638286  0.648397  0.837308  0.799469 
54  0.620389  0.625148  0.820277  0.694988  0.627912  0.705402  0.709199  0.600236  0.419399  0.640014  0.593463  0.735022  0.416031  0.628359  0.623691  0.645989  0.629395  0.377458  0.572788  0.395338  0.664561  0.645477  0.637084  0.560806  0.709109  0.677670  0.464228  0.828464  0.459107  0.654306  0.620664  0.619789  0.646807  0.610020  0.593595  0.587335  0.691437  0.512790  0.445338  0.628527  0.696024  0.776479  0.713102  0.686675  0.769566  0.597780  0.730536  0.702446  0.609875  0.595469  0.604074  0.661157  0.499894  0.619028 0.0  0.744724  0.582511  0.651059  0.718650  0.766839  0.421840  0.393101 
55  0.512084  0.314648  0.849203  0.633670  0.409854  0.506828  0.512220  0.535726  0.813151  0.533340  0.513491  0.501016  0.675263  0.327862  0.703639  0.521698  0.711395  0.764692  0.655558  0.841396  0.482404  0.475253  0.289662  0.469204  0.551978  0.341649  0.388822  0.478255  0.990312  0.377073  0.433160  0.515922  0.426936  0.311177  0.422069  0.417380  0.517526  0.385324  0.557641  0.380558  0.333611  0.310288  0.506086  0.435503  0.733125  0.670680  0.384448  0.414525  0.526413  0.696345  0.385637  0.830640  0.772977  0.577530  0.744724 0.0  0.685982  0.800042  0.438377  0.482377  0.850541  0.872033 
56  0.581462  0.650998  0.655172  0.519225  0.658393  0.645093  0.570881  0.419520  0.573693  0.798093  0.563481  0.588189  0.812750  0.721271  0.477842  0.576526  0.721180  0.627752  0.663970  0.679482  0.628185  0.737666  0.603573  0.728306  0.738986  0.756015  0.533628  0.592922  0.575266  0.740289  0.671015  0.673061  0.792664  0.617826  0.788690  0.684486  0.760082  0.670556  0.652783  0.686872  0.617944  0.723968  0.751970  0.529271  0.786143  0.825722  0.652317  0.734902  0.711665  0.590306  0.682701  0.637629  0.405177  0.575050  0.582511  0.685982 0.0  0.707481  0.708993  0.662852  0.693246  0.661939 
57  0.602075  0.778783  0.516913  0.663834  0.763928  0.762604  0.828408  0.728238  0.722802  0.578437  0.587404  0.748759  0.657577  0.689315  0.757201  0.832194  0.621891  0.692478  0.597103  0.697109  0.814890  0.703853  0.640054  0.660074  0.643113  0.704423  0.761377  0.560204  0.684011  0.780386  0.658186  0.732791  0.736911  0.785462  0.682453  0.729368  0.701264  0.606687  0.598892  0.732637  0.847754  0.771192  0.703617  0.701652  0.828229  0.673060  0.675081  0.584863  0.825596  0.659855  0.786846  0.701479  0.595422  0.702840  0.651059  0.800042  0.707481 0.0  0.752088  0.781945  0.550409  0.690101 
58  0.513733  0.361582  0.843314  0.452041  0.631866  0.459274  0.521786  0.471136  0.800237  0.547970  0.252744  0.228756  0.925161  0.655117  0.748543  0.555879  0.794375  0.735562  0.687358  0.949284  0.680749  0.558232  0.587556  0.629734  0.338945  0.550635  0.726102  0.643183  0.894062  0.537029  0.612544  0.723429  0.719301  0.537033  0.575680  0.551479  0.623001  0.570832  0.613202  0.574189  0.622992  0.544524  0.483841  0.720581  0.676166  0.548686  0.515710  0.580731  0.659239  0.597396  0.636411  0.685794  0.764465  0.638286  0.718650  0.438377  0.708993  0.752088 0.0  0.612456  0.800643  0.760451 
59  0.519272  0.551240  0.866952  0.736142  0.251542  0.628538  0.601885  0.678871  0.847338  0.562230  0.505603  0.566085  0.822854  0.311385  0.734455  0.512954  0.748368  0.655980  0.845096  0.883063  0.396802  0.586090  0.499471  0.508471  0.613003  0.337723  0.566478  0.614054  0.915786  0.305086  0.538317  0.412437  0.288458  0.361858  0.402024  0.438961  0.340663  0.369922  0.567056  0.343123  0.250033  0.425913  0.722987  0.396057  0.732959  0.710635  0.611441  0.488916  0.406538  0.778196  0.276836  0.838252  0.861265  0.648397  0.766839  0.482377  0.662852  0.781945  0.612456 0.0  0.887675  0.777649 
60  0.600713  0.818960  0.566485  0.784972  0.811645  0.712233  0.800673  0.679355  0.552754  0.668594  0.910941  0.835680  0.485712  0.872841  0.677027  0.746815  0.716775  0.575606  0.530352  0.436164  0.800065  0.655643  0.750793  0.792432  0.784525  0.855650  0.509553  0.707427  0.338323  0.773362  0.636627  0.890585  0.822862  0.776160  0.671668  0.776418  0.867398  0.791090  0.534494  0.714661  0.770636  0.829789  0.661068  0.735667  0.805280  0.645466  0.737336  0.834802  0.792165  0.519867  0.669519  0.569522  0.606600  0.837308  0.421840  0.850541  0.693246  0.550409  0.800643  0.887675 0.0  0.311721 
61  0.663298  0.893405  0.590123  0.670557  0.950006  0.750842  0.829081  0.671684  0.624155  0.759755  0.737315  0.788993  0.598389  0.843987  0.583802  0.839328  0.793034  0.469164  0.507036  0.500653  0.852252  0.749776  0.852459  0.700637  0.808468  0.899009  0.506950  0.777491  0.260562  0.848631  0.855622  0.751330  0.734192  0.705775  0.787447  0.803061  0.729072  0.824165  0.609011  0.706947  0.818885  1.000000  0.650554  0.793674  0.792988  0.727238  0.790530  0.810363  0.754414  0.486485  0.727541  0.516132  0.555367  0.799469  0.393101  0.872033  0.661939  0.690101  0.760451  0.777649  0.311721 0.0 
