62
0 0.0  0.495565  0.621472  0.544211  0.596628  0.418210  0.584055  0.545496  0.501730  0.447731  0.584287  0.577923  0.452921  0.480259  0.676651  0.568097  0.609141  0.573726  0.706033  0.700287  0.544263  0.547767  0.471720  0.469337  0.506847  0.442575  0.444971  0.449767  0.688096  0.418186  0.545537  0.482137  0.459543  0.478110  0.460650  0.532294  0.603644  0.438552  0.480765  0.445278  0.483273  0.489530  0.558168  0.502955  0.479260  0.469319  0.504593  0.527378  0.566736  0.662881  0.490033  0.742057  0.609992  0.502475  0.565498  0.454856  0.607536  0.698492  0.547656  0.400675  0.680978  0.613865 
1  0.495565 0.0  0.738008  0.593338  0.467207  0.359236  0.518041  0.387145  0.781832  0.574205  0.415747  0.438898  0.708223  0.521670  0.713232  0.441730  0.785388  0.787231  0.764610  0.866683  0.596271  0.629991  0.646686  0.553632  0.416041  0.535611  0.519351  0.587871  0.762375  0.513718  0.539876  0.575493  0.481796  0.457300  0.616295  0.569504  0.613268  0.450375  0.487357  0.511340  0.453321  0.572430  0.527790  0.539513  0.748651  0.743979  0.521717  0.501141  0.646941  0.693016  0.640615  0.856024  0.753153  0.671312  0.586381  0.415688  0.788157  0.732101  0.447446  0.518712  0.770930  0.872950 
2  0.621472  0.738008 0.0  0.645241  0.771829  0.726608  0.779835  0.714308  0.619287  0.617331  0.719105  0.845961  0.633246  0.741063  0.564477  0.861242  0.634248  0.713427  0.471948  0.709667  0.766409  0.869955  0.674197  0.689872  0.810789  0.897824  0.721085  0.691682  0.629834  0.803917  0.682116  0.877809  0.757088  0.718195  0.787066  0.724843  0.655543  0.730662  0.753565  0.821020  0.776600  0.941787  0.655969  0.764544  0.717457  0.560792  0.702217  0.609887  0.673384  0.576874  0.820367  0.598715  0.580378  0.745020  0.605340  0.846761  0.626047  0.529827  1.000000  0.826165  0.509829  0.495464 
3  0.544211  0.593338  0.645241 0.0  0.688665  0.391443  0.495333  0.481126  0.629811  0.538229  0.455076  0.458380  0.570787  0.672898  0.583318  0.639633  0.629350  0.736653  0.520559  0.654836  0.705604  0.515211  0.550911  0.607816  0.381703  0.617533  0.666906  0.574412  0.620526  0.555109  0.586424  0.626110  0.563466  0.591981  0.619821  0.530395  0.617683  0.606405  0.525401  0.604210  0.607577  0.688921  0.446088  0.649640  0.701234  0.670555  0.589717  0.554044  0.607887  0.578449  0.773934  0.462037  0.653310  0.494928  0.609725  0.523917  0.634985  0.652508  0.442696  0.713206  0.647309  0.732461 
4  0.596628  0.467207  0.771829  0.688665 0.0  0.601891  0.567450  0.664344  0.820268  0.510819  0.511692  0.680312  0.646455  0.357822  0.737558  0.423755  0.709688  0.696509  0.759387  0.753663  0.176499  0.587522  0.515066  0.496631  0.620150  0.220106  0.419394  0.465886  0.757067  0.282021  0.495418  0.323285  0.291139  0.467056  0.328632  0.250222  0.378656  0.298864  0.564631  0.459125  0.256259  0.235542  0.580923  0.361148  0.707694  0.697402  0.563079  0.495231  0.383705  0.792681  0.314377  0.850948  0.717472  0.634065  0.591711  0.327513  0.596454  0.821780  0.620939  0.338160  0.872921  0.822935 
5  0.418210  0.359236  0.726608  0.391443  0.601891 0.0  0.237939  0.351321  0.666815  0.592683  0.423576  0.390329  0.654426  0.757264  0.718540  0.649131  0.671721  0.738897  0.746847  0.920047  0.765115  0.509600  0.563216  0.692105  0.369282  0.590420  0.662909  0.438356  0.776246  0.551307  0.532063  0.516851  0.504190  0.623029  0.692390  0.627953  0.645933  0.587994  0.526971  0.655896  0.547088  0.670151  0.231060  0.463738  0.604584  0.644128  0.450328  0.436443  0.600169  0.697482  0.750678  0.558859  0.659280  0.448170  0.678848  0.455390  0.476220  0.686450  0.488173  0.615969  0.806627  0.695325 
6  0.584055  0.518041  0.779835  0.495333  0.567450  0.237939 0.0  0.464469  0.592144  0.606651  0.541855  0.451556  0.578638  0.611160  0.844812  0.428316  0.685095  0.821274  0.731890  0.730200  0.734969  0.522869  0.582238  0.751010  0.417278  0.487749  0.617369  0.551140  0.752351  0.477819  0.572699  0.575188  0.588192  0.534928  0.512873  0.604405  0.756824  0.557601  0.634133  0.512721  0.647235  0.566398  0.443797  0.573392  0.617273  0.553158  0.532823  0.439912  0.486804  0.742345  0.737512  0.705282  0.737415  0.508411  0.595105  0.571914  0.593674  0.691337  0.492724  0.526639  0.752528  0.764884 
7  0.545496  0.387145  0.714308  0.481126  0.664344  0.351321  0.464469 0.0  0.514576  0.632728  0.391808  0.515251  0.509789  0.691067  0.557898  0.584570  0.716251  0.741148  0.630585  0.793932  0.732097  0.627804  0.771868  0.568642  0.435001  0.581180  0.517967  0.504019  0.628345  0.649072  0.591499  0.569961  0.740467  0.590215  0.666138  0.525137  0.687044  0.649199  0.464632  0.489783  0.627652  0.744796  0.303136  0.585329  0.635733  0.672044  0.579061  0.579582  0.619383  0.640179  0.589904  0.714868  0.547707  0.523809  0.546564  0.552185  0.391930  0.639709  0.503701  0.512964  0.729655  0.736441 
8  0.501730  0.781832  0.619287  0.629811  0.820268  0.666815  0.592144  0.514576 0.0  0.621438  0.743700  0.711186  0.514597  0.710560  0.626434  0.883693  0.688632  0.577067  0.458917  0.659003  0.980999  0.680464  0.819812  0.625742  0.756282  0.752926  0.548890  0.584341  0.557349  0.695360  0.642504  0.802841  0.773193  0.746818  0.651343  0.796778  0.784307  0.698320  0.572243  0.679840  0.813763  0.895057  0.591464  0.691753  0.621944  0.586861  0.577945  0.702825  0.626815  0.607323  0.687204  0.455552  0.470300  0.704268  0.642753  0.765454  0.514858  0.607709  0.677490  0.826584  0.437893  0.457185 
9  0.447731  0.574205  0.617331  0.538229  0.510819  0.592683  0.606651  0.632728  0.621438 0.0  0.571604  0.536244  0.633517  0.423510  0.710389  0.646167  0.433190  0.669493  0.629381  0.782607  0.646891  0.462727  0.475925  0.399092  0.424631  0.429853  0.516461  0.272915  0.657392  0.427902  0.413773  0.565510  0.572009  0.507399  0.443280  0.541994  0.463933  0.479784  0.444660  0.447732  0.579471  0.501631  0.461159  0.490885  0.562189  0.441624  0.539921  0.368063  0.439792  0.796761  0.541517  0.741226  0.690355  0.640186  0.648266  0.464327  0.698292  0.476675  0.532395  0.580025  0.742208  0.809330 
10  0.584287  0.415747  0.719105  0.455076  0.511692  0.423576  0.541855  0.391808  0.743700  0.571604 0.0  0.314807  0.752492  0.589309  0.735405  0.505741  0.809426  0.750216  0.741999  0.896208  0.682263  0.493807  0.483853  0.481148  0.408874  0.545553  0.615528  0.647568  0.755830  0.520222  0.648937  0.546474  0.568083  0.410943  0.574952  0.643173  0.542843  0.509968  0.543587  0.562967  0.545624  0.656219  0.525588  0.615664  0.631259  0.648190  0.638367  0.563386  0.543760  0.690137  0.550437  0.640698  0.676305  0.630877  0.571925  0.474887  0.570909  0.719658  0.197473  0.480372  0.741420  0.653456 
11  0.577923  0.438898  0.845961  0.458380  0.680312  0.390329  0.451556  0.515251  0.711186  0.536244  0.314807 0.0  0.763287  0.538170  0.593089  0.551975  0.715606  0.779967  0.771005  0.937705  0.654355  0.587653  0.626613  0.537808  0.314068  0.565693  0.660458  0.505737  0.804823  0.473721  0.597206  0.501736  0.574750  0.595100  0.646148  0.657117  0.639635  0.634053  0.538334  0.455119  0.589878  0.663609  0.485742  0.684443  0.741448  0.688525  0.562280  0.578432  0.575088  0.731937  0.549346  0.725437  0.738496  0.577954  0.724170  0.500430  0.658119  0.777645  0.371296  0.469576  0.879720  0.799167 
12  0.452921  0.708223  0.633246  0.570787  0.646455  0.654426  0.578638  0.509789  0.514597  0.633517  0.752492  0.763287 0.0  0.554823  0.689690  0.721199  0.615958  0.453429  0.628993  0.444160  0.760829  0.599109  0.653488  0.539857  0.720842  0.651182  0.322642  0.670184  0.504303  0.578585  0.639237  0.685520  0.542207  0.516242  0.607589  0.492504  0.575994  0.618071  0.301390  0.539439  0.611852  0.762546  0.678139  0.379549  0.633370  0.483388  0.546600  0.548089  0.529959  0.788601  0.488689  0.684894  0.583031  0.412815  0.471746  0.625056  0.695202  0.656802  0.769701  0.705785  0.468982  0.532227 
13  0.480259  0.521670  0.741063  0.672898  0.357822  0.757264  0.611160  0.691067  0.710560  0.423510  0.589309  0.538170  0.554823 0.0  0.715862  0.594961  0.725459  0.810840  0.670250  0.770040  0.371624  0.575126  0.580270  0.358998  0.520245  0.322587  0.519213  0.636834  0.793814  0.310168  0.390909  0.175474  0.326205  0.387332  0.450942  0.294309  0.411148  0.222655  0.414306  0.574541  0.347245  0.508931  0.595878  0.397079  0.726372  0.563772  0.485254  0.334814  0.420070  0.672751  0.340137  0.842430  0.775787  0.605993  0.591212  0.360183  0.714204  0.683130  0.489209  0.241704  0.821477  0.912289 
14  0.676651  0.713232  0.564477  0.583318  0.737558  0.718540  0.844812  0.557898  0.626434  0.710389  0.735405  0.593089  0.689690  0.715862 0.0  0.653824  0.762824  0.728916  0.538911  0.712796  0.720314  0.680017  0.765510  0.736955  0.722956  0.709466  0.753619  0.849331  0.639930  0.764241  0.787237  0.766642  0.708735  0.742353  0.721291  0.719884  0.835834  0.635447  0.675263  0.785525  0.759088  0.907538  0.639331  0.829342  0.711954  0.781910  0.731353  0.596371  0.809846  0.602693  0.752127  0.615454  0.430563  0.678021  0.630941  0.657774  0.548453  0.727922  0.616916  0.794834  0.675273  0.603522 
15  0.568097  0.441730  0.861242  0.639633  0.423755  0.649131  0.428316  0.584570  0.883693  0.646167  0.505741  0.551975  0.721199  0.594961  0.653824 0.0  0.742454  0.730910  0.819246  0.895244  0.610623  0.701602  0.444230  0.702624  0.500501  0.605168  0.679719  0.555627  0.837609  0.618919  0.600081  0.644258  0.636848  0.398485  0.577122  0.582655  0.621371  0.663644  0.628988  0.620445  0.480116  0.427274  0.580181  0.739649  0.801393  0.724187  0.580449  0.649008  0.672161  0.716812  0.395684  0.832858  0.746545  0.753204  0.670570  0.431801  0.504809  0.660036  0.483944  0.681607  0.858687  0.719218 
16  0.609141  0.785388  0.634248  0.629350  0.709688  0.671721  0.685095  0.716251  0.688632  0.433190  0.809426  0.715606  0.615958  0.725459  0.762824  0.742454 0.0  0.632045  0.584670  0.631550  0.720985  0.827812  0.823800  0.554347  0.688158  0.727998  0.602847  0.434687  0.773912  0.785207  0.500020  0.656508  0.768338  0.677005  0.771913  0.689888  0.664550  0.721182  0.382894  0.470371  0.647498  0.680153  0.674559  0.520330  0.594054  0.459734  0.591385  0.670649  0.652198  0.662761  0.700062  0.598186  0.676711  0.765534  0.649348  0.595972  0.723553  0.645925  0.690535  0.749206  0.701404  0.775124 
17  0.573726  0.787231  0.713427  0.736653  0.696509  0.738897  0.821274  0.741148  0.577067  0.669493  0.750216  0.779967  0.453429  0.810840  0.728916  0.730910  0.632045 0.0  0.732448  0.467146  0.612434  0.764612  0.684210  0.673482  0.797156  0.528985  0.402820  0.651417  0.550639  0.618062  0.724599  0.717983  0.768770  0.802846  0.628252  0.694592  0.624453  0.713431  0.462655  0.572138  0.628814  0.822837  0.751502  0.632775  0.620710  0.450626  0.674748  0.686191  0.728483  0.726788  0.501629  0.752439  0.607546  0.785922  0.450588  0.771340  0.648384  0.784729  0.697481  0.669041  0.464524  0.445917 
18  0.706033  0.764610  0.471948  0.520559  0.759387  0.746847  0.731890  0.630585  0.458917  0.629381  0.741999  0.771005  0.628993  0.670250  0.538911  0.819246  0.584670  0.732448 0.0  0.678617  0.687916  0.608560  0.592286  0.612965  0.629231  0.769256  0.729706  0.770900  0.461749  0.649337  0.740667  0.681797  0.656939  0.734535  0.675032  0.718515  0.691138  0.648985  0.640460  0.737889  0.778063  0.674684  0.621492  0.679995  0.737285  0.689192  0.731897  0.751771  0.564647  0.468557  0.581228  0.528367  0.502739  0.590069  0.484708  0.769695  0.674067  0.640618  0.667860  0.768883  0.352422  0.402391 
19  0.700287  0.866683  0.709667  0.654836  0.753663  0.920047  0.730200  0.793932  0.659003  0.782607  0.896208  0.937705  0.444160  0.770040  0.712796  0.895244  0.631550  0.467146  0.678617 0.0  0.801859  0.847005  0.801218  0.705923  0.817614  0.805739  0.557903  0.766364  0.402288  0.793416  0.732431  0.832664  0.699757  0.840297  0.754379  0.661206  0.683851  0.786008  0.629459  0.657883  0.893136  0.968447  0.809580  0.560405  0.733018  0.679038  0.785500  0.970732  0.826260  0.548370  0.592700  0.720406  0.610105  0.835729  0.439559  0.758273  0.730676  0.717870  0.928769  0.827457  0.436573  0.535836 
20  0.544263  0.596271  0.766409  0.705604  0.176499  0.765115  0.734969  0.732097  0.980999  0.646891  0.682263  0.654355  0.760829  0.371624  0.720314  0.610623  0.720985  0.612434  0.687916  0.801859 0.0  0.708086  0.610465  0.499883  0.733938  0.327616  0.597321  0.566979  0.898325  0.357772  0.518637  0.433240  0.442368  0.404717  0.355334  0.487874  0.392737  0.281398  0.633465  0.551734  0.380342  0.307466  0.728731  0.400322  0.750107  0.712682  0.561893  0.516647  0.465840  0.747901  0.323123  0.886357  0.808316  0.718998  0.585790  0.397945  0.744616  0.807692  0.685900  0.455094  0.771254  0.797684 
21  0.547767  0.629991  0.869955  0.515211  0.587522  0.509600  0.522869  0.627804  0.680464  0.462727  0.493807  0.587653  0.599109  0.575126  0.680017  0.701602  0.827812  0.764612  0.608560  0.847005  0.708086 0.0  0.402418  0.565512  0.456152  0.533570  0.645679  0.655690  0.752909  0.577716  0.342543  0.625300  0.674911  0.438431  0.533770  0.540626  0.702982  0.569866  0.426702  0.566104  0.586457  0.518094  0.421363  0.551398  0.779064  0.651901  0.464402  0.525109  0.479931  0.694513  0.570495  0.649056  0.631574  0.331100  0.675109  0.385256  0.703809  0.614406  0.588294  0.563853  0.655055  0.729639 
22  0.471720  0.646686  0.674197  0.550911  0.515066  0.563216  0.582238  0.771868  0.819812  0.475925  0.483853  0.626613  0.653488  0.580270  0.765510  0.444230  0.823800  0.684210  0.592286  0.801218  0.610465  0.402418 0.0  0.485992  0.575363  0.476729  0.630807  0.606636  0.772312  0.577156  0.550470  0.672378  0.570224  0.300392  0.603619  0.527700  0.655503  0.437776  0.507213  0.479316  0.472534  0.441753  0.605132  0.447495  0.819790  0.638339  0.247765  0.499128  0.577442  0.787966  0.568592  0.736200  0.731042  0.584254  0.641803  0.295172  0.577334  0.699327  0.620255  0.530816  0.728463  0.778334 
23  0.469337  0.553632  0.689872  0.607816  0.496631  0.692105  0.751010  0.568642  0.625742  0.399092  0.481148  0.537808  0.539857  0.358998  0.736955  0.702624  0.554347  0.673482  0.612965  0.705923  0.499883  0.565512  0.485992 0.0  0.563069  0.542119  0.510290  0.482500  0.774026  0.461674  0.411228  0.475369  0.410351  0.321464  0.416720  0.463814  0.640100  0.435809  0.491697  0.461352  0.454619  0.557220  0.677791  0.492893  0.633673  0.452396  0.607396  0.386902  0.501112  0.611497  0.464545  0.807184  0.683683  0.726465  0.621545  0.444039  0.714230  0.452922  0.538625  0.408376  0.769518  0.710392 
24  0.506847  0.416041  0.810789  0.381703  0.620150  0.369282  0.417278  0.435001  0.756282  0.424631  0.408874  0.314068  0.720842  0.520245  0.722956  0.500501  0.688158  0.797156  0.629231  0.817614  0.733938  0.456152  0.575363  0.563069 0.0  0.507880  0.634937  0.588290  0.839497  0.523858  0.639166  0.571816  0.485852  0.579462  0.682577  0.528558  0.702363  0.517149  0.541850  0.537620  0.582316  0.699357  0.332243  0.688007  0.791185  0.709954  0.559809  0.585634  0.630369  0.735470  0.614068  0.707660  0.660878  0.480715  0.609086  0.527817  0.800867  0.692842  0.392102  0.538855  0.707055  0.762651 
25  0.442575  0.535611  0.897824  0.617533  0.220106  0.590420  0.487749  0.581180  0.752926  0.429853  0.545553  0.565693  0.651182  0.322587  0.709466  0.605168  0.727998  0.528985  0.769256  0.805739  0.327616  0.533570  0.476729  0.542119  0.507880 0.0  0.545136  0.553933  0.792751  0.290379  0.436526  0.393992  0.259339  0.408821  0.249559  0.309319  0.370120  0.311255  0.507118  0.445321  0.269612  0.369029  0.557670  0.350006  0.724138  0.635346  0.580616  0.451763  0.463464  0.665802  0.384127  0.768644  0.823004  0.545660  0.683082  0.283381  0.758453  0.679371  0.640904  0.253451  0.831824  0.768860 
26  0.444971  0.519351  0.721085  0.666906  0.419394  0.662909  0.617369  0.517967  0.548890  0.516461  0.615528  0.660458  0.322642  0.519213  0.753619  0.679719  0.602847  0.402820  0.729706  0.557903  0.597321  0.645679  0.630807  0.510290  0.634937  0.545136 0.0  0.597215  0.638519  0.643603  0.576281  0.587356  0.458699  0.633459  0.574087  0.498610  0.628499  0.511516  0.230395  0.522142  0.524317  0.618032  0.505847  0.431021  0.609259  0.589494  0.541689  0.670424  0.580936  0.689174  0.604618  0.745058  0.582106  0.772622  0.512312  0.546304  0.575187  0.688777  0.775030  0.511371  0.537660  0.526152 
27  0.449767  0.587871  0.691682  0.574412  0.465886  0.438356  0.551140  0.504019  0.584341  0.272915  0.647568  0.505737  0.670184  0.636834  0.849331  0.555627  0.434687  0.651417  0.770900  0.766364  0.566979  0.655690  0.606636  0.482500  0.588290  0.553933  0.597215 0.0  0.796356  0.609334  0.489969  0.615717  0.605268  0.466559  0.544867  0.542201  0.574019  0.600138  0.523217  0.411254  0.542881  0.474212  0.469663  0.517886  0.495255  0.431877  0.533551  0.390589  0.641423  0.708626  0.641097  0.729355  0.711672  0.655329  0.648690  0.575138  0.687405  0.624340  0.509289  0.609701  0.730427  0.788149 
28  0.688096  0.762375  0.629834  0.620526  0.757067  0.776246  0.752351  0.628345  0.557349  0.657392  0.755830  0.804823  0.504303  0.793814  0.639930  0.837609  0.773912  0.550639  0.461749  0.402288  0.898325  0.752909  0.772312  0.774026  0.839497  0.792751  0.638519  0.796356 0.0  0.784278  0.714400  0.849965  0.834938  0.824759  0.845552  0.702243  0.653669  0.633580  0.482912  0.744208  0.803774  0.853457  0.632805  0.692261  0.714654  0.710115  0.716047  0.800634  0.722887  0.525773  0.689862  0.631007  0.605933  0.824373  0.482211  0.908509  0.668958  0.582439  0.879865  0.825170  0.360837  0.263551 
29  0.418186  0.513718  0.803917  0.555109  0.282021  0.551307  0.477819  0.649072  0.695360  0.427902  0.520222  0.473721  0.578585  0.310168  0.764241  0.618919  0.785207  0.618062  0.649337  0.793416  0.357772  0.577716  0.577156  0.461674  0.523858  0.290379  0.643603  0.609334  0.784278 0.0  0.413567  0.380093  0.228943  0.458766  0.313561  0.319935  0.454553  0.284168  0.583316  0.430394  0.266359  0.412224  0.576232  0.235967  0.588689  0.500121  0.479793  0.520833  0.347016  0.707541  0.270099  0.773161  0.731537  0.634786  0.529151  0.421013  0.656655  0.815746  0.593981  0.374152  0.676145  0.761396 
30  0.545537  0.539876  0.682116  0.586424  0.495418  0.532063  0.572699  0.591499  0.642504  0.413773  0.648937  0.597206  0.639237  0.390909  0.787237  0.600081  0.500020  0.724599  0.740667  0.732431  0.518637  0.342543  0.550470  0.411228  0.639166  0.436526  0.576281  0.489969  0.714400  0.413567 0.0  0.638112  0.530798  0.509465  0.450224  0.383617  0.617388  0.448734  0.564866  0.533573  0.578485  0.353475  0.568046  0.586348  0.626599  0.546843  0.446226  0.377517  0.494643  0.629157  0.465569  0.701512  0.773698  0.593953  0.603338  0.367689  0.634189  0.584312  0.638652  0.476779  0.658368  0.795592 
31  0.482137  0.575493  0.877809  0.626110  0.323285  0.516851  0.575188  0.569961  0.802841  0.565510  0.546474  0.501736  0.685520  0.175474  0.766642  0.644258  0.656508  0.717983  0.681797  0.832664  0.433240  0.625300  0.672378  0.475369  0.571816  0.393992  0.587356  0.615717  0.849965  0.380093  0.638112 0.0  0.419499  0.534495  0.394386  0.451074  0.425659  0.490020  0.650694  0.561965  0.395927  0.615285  0.696900  0.524742  0.754436  0.661034  0.660190  0.414827  0.421759  0.722528  0.465026  0.750269  0.752555  0.545998  0.685212  0.466774  0.664268  0.700829  0.520975  0.409245  0.794656  0.796851 
32  0.459543  0.481796  0.757088  0.563466  0.291139  0.504190  0.588192  0.740467  0.773193  0.572009  0.568083  0.574750  0.542207  0.326205  0.708735  0.636848  0.768338  0.768770  0.656939  0.699757  0.442368  0.674911  0.570224  0.410351  0.485852  0.259339  0.458699  0.605268  0.834938  0.228943  0.530798  0.419499 0.0  0.318396  0.349311  0.385999  0.457255  0.139806  0.475404  0.458557  0.308079  0.550601  0.542305  0.334455  0.819283  0.630128  0.495920  0.400665  0.387799  0.738416  0.369288  0.780059  0.671610  0.566234  0.561845  0.459481  0.780700  0.518135  0.568057  0.304683  0.824798  0.752915 
33  0.478110  0.457300  0.718195  0.591981  0.467056  0.623029  0.534928  0.590215  0.746818  0.507399  0.410943  0.595100  0.516242  0.387332  0.742353  0.398485  0.677005  0.802846  0.734535  0.840297  0.404717  0.438431  0.300392  0.321464  0.579462  0.408821  0.633459  0.466559  0.824759  0.458766  0.509465  0.534495  0.318396 0.0  0.341449  0.509099  0.494625  0.303617  0.568730  0.469681  0.288013  0.356151  0.537502  0.415259  0.678981  0.676011  0.315506  0.396196  0.359202  0.748889  0.497871  0.802473  0.643146  0.610713  0.622647  0.272840  0.751965  0.695550  0.498709  0.465718  0.880982  0.637798 
34  0.460650  0.616295  0.787066  0.619821  0.328632  0.692390  0.512873  0.666138  0.651343  0.443280  0.574952  0.646148  0.607589  0.450942  0.721291  0.577122  0.771913  0.628252  0.675032  0.754379  0.355334  0.533770  0.603619  0.416720  0.682577  0.249559  0.574087  0.544867  0.845552  0.313561  0.450224  0.394386  0.349311  0.341449 0.0  0.430469  0.494343  0.275901  0.521634  0.548384  0.406484  0.564213  0.465268  0.321647  0.725705  0.625796  0.478292  0.468149  0.377870  0.650539  0.417454  0.726909  0.746615  0.629529  0.685829  0.416166  0.657345  0.586049  0.714147  0.321905  0.762567  0.809104 
35  0.532294  0.569504  0.724843  0.530395  0.250222  0.627953  0.604405  0.525137  0.796778  0.541994  0.643173  0.657117  0.492504  0.294309  0.719884  0.582655  0.689888  0.694592  0.718515  0.661206  0.487874  0.540626  0.527700  0.463814  0.528558  0.309319  0.498610  0.542201  0.702243  0.319935  0.383617  0.451074  0.385999  0.509099  0.430469 0.0  0.433132  0.267237  0.458828  0.565282  0.336815  0.496757  0.541341  0.370679  0.706824  0.616948  0.611114  0.473485  0.464793  0.776462  0.293039  0.844558  0.639100  0.580013  0.646081  0.515666  0.791049  0.789542  0.626283  0.383461  0.736637  0.792444 
36  0.603644  0.613268  0.655543  0.617683  0.378656  0.645933  0.756824  0.687044  0.784307  0.463933  0.542843  0.639635  0.575994  0.411148  0.835834  0.621371  0.664550  0.624453  0.691138  0.683851  0.392737  0.702982  0.655503  0.640100  0.702363  0.370120  0.628499  0.574019  0.653669  0.454553  0.617388  0.425659  0.457255  0.494625  0.494343  0.433132 0.0  0.386846  0.575689  0.594758  0.414496  0.471213  0.668156  0.396287  0.611536  0.703460  0.641814  0.507639  0.531676  0.677206  0.471903  0.701294  0.714485  0.635505  0.647642  0.483171  0.717642  0.730669  0.582060  0.371386  0.724449  0.790457 
37  0.438552  0.450375  0.730662  0.606405  0.298864  0.587994  0.557601  0.649199  0.698320  0.479784  0.509968  0.634053  0.618071  0.222655  0.635447  0.663644  0.721182  0.713431  0.648985  0.786008  0.281398  0.569866  0.437776  0.435809  0.517149  0.311255  0.511516  0.600138  0.633580  0.284168  0.448734  0.490020  0.139806  0.303617  0.275901  0.267237  0.386846 0.0  0.427590  0.464439  0.236746  0.443600  0.569146  0.283074  0.589819  0.564755  0.514640  0.456022  0.380772  0.736307  0.235465  0.763292  0.757834  0.453448  0.519205  0.282591  0.662624  0.683241  0.658418  0.430188  0.586767  0.897029 
38  0.480765  0.487357  0.753565  0.525401  0.564631  0.526971  0.634133  0.464632  0.572243  0.444660  0.543587  0.538334  0.301390  0.414306  0.675263  0.628988  0.382894  0.462655  0.640460  0.629459  0.633465  0.426702  0.507213  0.491697  0.541850  0.507118  0.230395  0.523217  0.482912  0.583316  0.564866  0.650694  0.475404  0.568730  0.521634  0.458828  0.575689  0.427590 0.0  0.479681  0.455613  0.509750  0.529243  0.365428  0.618103  0.583195  0.436338  0.690985  0.663995  0.680091  0.472253  0.866645  0.706514  0.675667  0.498016  0.479759  0.528481  0.619913  0.732263  0.507317  0.640683  0.648744 
39  0.445278  0.511340  0.821020  0.604210  0.459125  0.655896  0.512721  0.489783  0.679840  0.447732  0.562967  0.455119  0.539439  0.574541  0.785525  0.620445  0.470371  0.572138  0.737889  0.657883  0.551734  0.566104  0.479316  0.461352  0.537620  0.445321  0.522142  0.411254  0.744208  0.430394  0.533573  0.561965  0.458557  0.469681  0.548384  0.565282  0.594758  0.464439  0.479681 0.0  0.445219  0.313237  0.493966  0.420882  0.473578  0.571159  0.538772  0.456366  0.598315  0.773181  0.443184  0.888273  0.659567  0.626043  0.678061  0.393204  0.571097  0.683129  0.562526  0.485962  0.626192  0.758407 
40  0.483273  0.453321  0.776600  0.607577  0.256259  0.547088  0.647235  0.627652  0.813763  0.579471  0.545624  0.589878  0.611852  0.347245  0.759088  0.480116  0.647498  0.628814  0.778063  0.893136  0.380342  0.586457  0.472534  0.454619  0.582316  0.269612  0.524317  0.542881  0.803774  0.266359  0.578485  0.395927  0.308079  0.288013  0.406484  0.336815  0.414496  0.236746  0.455613  0.445219 0.0  0.527096  0.497097  0.268905  0.611033  0.637851  0.557630  0.411217  0.433861  0.740995  0.333311  0.840928  0.762034  0.680723  0.636705  0.342195  0.585857  0.839971  0.545627  0.209783  0.766026  0.817704 
41  0.489530  0.572430  0.941787  0.688921  0.235542  0.670151  0.566398  0.744796  0.895057  0.501631  0.656219  0.663609  0.762546  0.508931  0.907538  0.427274  0.680153  0.822837  0.674684  0.968447  0.307466  0.518094  0.441753  0.557220  0.699357  0.369029  0.618032  0.474212  0.853457  0.412224  0.353475  0.615285  0.550601  0.356151  0.564213  0.496757  0.471213  0.443600  0.509750  0.313237  0.527096 0.0  0.723449  0.555578  0.679929  0.594070  0.472984  0.526303  0.552904  0.690159  0.480584  0.950845  0.807788  0.738117  0.809333  0.346898  0.702220  0.875339  0.585825  0.422006  0.826133  0.949946 
42  0.558168  0.527790  0.655969  0.446088  0.580923  0.231060  0.443797  0.303136  0.591464  0.461159  0.525588  0.485742  0.678139  0.595878  0.639331  0.580181  0.674559  0.751502  0.621492  0.809580  0.728731  0.421363  0.605132  0.677791  0.332243  0.557670  0.505847  0.469663  0.632805  0.576232  0.568046  0.696900  0.542305  0.537502  0.465268  0.541341  0.668156  0.569146  0.529243  0.493966  0.497097  0.723449 0.0  0.541954  0.587944  0.717739  0.408676  0.536203  0.464702  0.654162  0.732388  0.463755  0.550472  0.407658  0.664753  0.552445  0.626030  0.576625  0.488102  0.692762  0.670240  0.585667 
43  0.502955  0.539513  0.764544  0.649640  0.361148  0.463738  0.573392  0.585329  0.691753  0.490885  0.615664  0.684443  0.379549  0.397079  0.829342  0.739649  0.520330  0.632775  0.679995  0.560405  0.400322  0.551398  0.447495  0.492893  0.688007  0.350006  0.431021  0.517886  0.692261  0.235967  0.586348  0.524742  0.334455  0.415259  0.321647  0.370679  0.396287  0.283074  0.365428  0.420882  0.268905  0.555578  0.541954 0.0  0.553572  0.537784  0.409268  0.572952  0.549022  0.666138  0.407552  0.836954  0.776253  0.647901  0.663168  0.472357  0.738532  0.733824  0.587499  0.434494  0.685754  0.642920 
44  0.479260  0.748651  0.717457  0.701234  0.707694  0.604584  0.617273  0.635733  0.621944  0.562189  0.631259  0.741448  0.633370  0.726372  0.711954  0.801393  0.594054  0.620710  0.737285  0.733018  0.750107  0.779064  0.819790  0.633673  0.791185  0.724138  0.609259  0.495255  0.714654  0.588689  0.626599  0.754436  0.819283  0.678981  0.725705  0.706824  0.611536  0.589819  0.618103  0.473578  0.611033  0.679929  0.587944  0.553572 0.0  0.291218  0.749880  0.601622  0.801364  0.626896  0.702661  0.698264  0.707230  0.747839  0.705606  0.578767  0.876076  0.672855  0.665220  0.734838  0.717900  0.655148 
45  0.469319  0.743979  0.560792  0.670555  0.697402  0.644128  0.553158  0.672044  0.586861  0.441624  0.648190  0.688525  0.483388  0.563772  0.781910  0.724187  0.459734  0.450626  0.689192  0.679038  0.712682  0.651901  0.638339  0.452396  0.709954  0.635346  0.589494  0.431877  0.710115  0.500121  0.546843  0.661034  0.630128  0.676011  0.625796  0.616948  0.703460  0.564755  0.583195  0.571159  0.637851  0.594070  0.717739  0.537784  0.291218 0.0  0.500750  0.405825  0.699088  0.667937  0.550343  0.764015  0.819451  0.713014  0.689058  0.498136  0.764762  0.663628  0.754095  0.565856  0.724444  0.836385 
46  0.504593  0.521717  0.702217  0.589717  0.563079  0.450328  0.532823  0.579061  0.577945  0.539921  0.638367  0.562280  0.546600  0.485254  0.731353  0.580449  0.591385  0.674748  0.731897  0.785500  0.561893  0.464402  0.247765  0.607396  0.559809  0.580616  0.541689  0.533551  0.716047  0.479793  0.446226  0.660190  0.495920  0.315506  0.478292  0.611114  0.641814  0.514640  0.436338  0.538772  0.557630  0.472984  0.408676  0.409268  0.749880  0.500750 0.0  0.520283  0.540864  0.745060  0.524703  0.595438  0.830074  0.509295  0.665333  0.396132  0.578927  0.619857  0.561466  0.550405  0.644734  0.685233 
47  0.527378  0.501141  0.609887  0.554044  0.495231  0.436443  0.439912  0.579582  0.702825  0.368063  0.563386  0.578432  0.548089  0.334814  0.596371  0.649008  0.670649  0.686191  0.751771  0.970732  0.516647  0.525109  0.499128  0.386902  0.585634  0.451763  0.670424  0.390589  0.800634  0.520833  0.377517  0.414827  0.400665  0.396196  0.468149  0.473485  0.507639  0.456022  0.690985  0.456366  0.411217  0.526303  0.536203  0.572952  0.601622  0.405825  0.520283 0.0  0.398208  0.717040  0.659612  0.825498  0.601978  0.522690  0.569348  0.344539  0.673592  0.646160  0.614249  0.503109  0.820753  0.961848 
48  0.566736  0.646941  0.673384  0.607887  0.383705  0.600169  0.486804  0.619383  0.626815  0.439792  0.543760  0.575088  0.529959  0.420070  0.809846  0.672161  0.652198  0.728483  0.564647  0.826260  0.465840  0.479931  0.577442  0.501112  0.630369  0.463464  0.580936  0.641423  0.722887  0.347016  0.494643  0.421759  0.387799  0.359202  0.377870  0.464793  0.531676  0.380772  0.663995  0.598315  0.433861  0.552904  0.464702  0.549022  0.801364  0.699088  0.540864  0.398208 0.0  0.640186  0.459411  0.798846  0.693066  0.731091  0.575232  0.470285  0.618633  0.729321  0.657303  0.346384  0.674989  0.768620 
49  0.662881  0.693016  0.576874  0.578449  0.792681  0.697482  0.742345  0.640179  0.607323  0.796761  0.690137  0.731937  0.788601  0.672751  0.602693  0.716812  0.662761  0.726788  0.468557  0.548370  0.747901  0.694513  0.787966  0.611497  0.735470  0.665802  0.689174  0.708626  0.525773  0.707541  0.629157  0.722528  0.738416  0.748889  0.650539  0.776462  0.677206  0.736307  0.680091  0.773181  0.740995  0.690159  0.654162  0.666138  0.626896  0.667937  0.745060  0.717040  0.640186 0.0  0.680625  0.450610  0.606325  0.706381  0.658046  0.594186  0.677790  0.603348  0.629374  0.736479  0.451464  0.501859 
50  0.490033  0.640615  0.820367  0.773934  0.314377  0.750678  0.737512  0.589904  0.687204  0.541517  0.550437  0.549346  0.488689  0.340137  0.752127  0.395684  0.700062  0.501629  0.581228  0.592700  0.323123  0.570495  0.568592  0.464545  0.614068  0.384127  0.604618  0.641097  0.689862  0.270099  0.465569  0.465026  0.369288  0.497871  0.417454  0.293039  0.471903  0.235465  0.472253  0.443184  0.333311  0.480584  0.732388  0.407552  0.702661  0.550343  0.524703  0.659612  0.459411  0.680625 0.0  0.753020  0.677369  0.743853  0.623264  0.486817  0.697244  0.677676  0.665348  0.260211  0.630130  0.872750 
51  0.742057  0.856024  0.598715  0.462037  0.850948  0.558859  0.705282  0.714868  0.455552  0.741226  0.640698  0.725437  0.684894  0.842430  0.615454  0.832858  0.598186  0.752439  0.528367  0.720406  0.886357  0.649056  0.736200  0.807184  0.707660  0.768644  0.745058  0.729355  0.631007  0.773161  0.701512  0.750269  0.780059  0.802473  0.726909  0.844558  0.701294  0.763292  0.866645  0.888273  0.840928  0.950845  0.463755  0.836954  0.698264  0.764015  0.595438  0.825498  0.798846  0.450610  0.753020 0.0  0.552986  0.571008  0.761240  0.755162  0.598718  0.692371  0.733228  0.784092  0.547448  0.523720 
52  0.609992  0.753153  0.580378  0.653310  0.717472  0.659280  0.737415  0.547707  0.470300  0.690355  0.676305  0.738496  0.583031  0.775787  0.430563  0.746545  0.676711  0.607546  0.502739  0.610105  0.808316  0.631574  0.731042  0.683683  0.660878  0.823004  0.582106  0.711672  0.605933  0.731537  0.773698  0.752555  0.671610  0.643146  0.746615  0.639100  0.714485  0.757834  0.706514  0.659567  0.762034  0.807788  0.550472  0.776253  0.707230  0.819451  0.830074  0.601978  0.693066  0.606325  0.677369  0.552986 0.0  0.587027  0.607625  0.715458  0.466667  0.699290  0.739571  0.778957  0.584615  0.532546 
53  0.502475  0.671312  0.745020  0.494928  0.634065  0.448170  0.508411  0.523809  0.704268  0.640186  0.630877  0.577954  0.412815  0.605993  0.678021  0.753204  0.765534  0.785922  0.590069  0.835729  0.718998  0.331100  0.584254  0.726465  0.480715  0.545660  0.772622  0.655329  0.824373  0.634786  0.593953  0.545998  0.566234  0.610713  0.629529  0.580013  0.635505  0.453448  0.675667  0.626043  0.680723  0.738117  0.407658  0.647901  0.747839  0.713014  0.509295  0.522690  0.731091  0.706381  0.743853  0.571008  0.587027 0.0  0.544930  0.506869  0.757095  0.748598  0.538202  0.764034  0.641523  0.857544 
54  0.565498  0.586381  0.605340  0.609725  0.591711  0.678848  0.595105  0.546564  0.642753  0.648266  0.571925  0.724170  0.471746  0.591212  0.630941  0.670570  0.649348  0.450588  0.484708  0.439559  0.585790  0.675109  0.641803  0.621545  0.609086  0.683082  0.512312  0.648690  0.482211  0.529151  0.603338  0.685212  0.561845  0.622647  0.685829  0.646081  0.647642  0.519205  0.498016  0.678061  0.636705  0.809333  0.664753  0.663168  0.705606  0.689058  0.665333  0.569348  0.575232  0.658046  0.623264  0.761240  0.607625  0.544930 0.0  0.645918  0.595404  0.668253  0.681986  0.604360  0.533364  0.509269 
55  0.454856  0.415688  0.846761  0.523917  0.327513  0.455390  0.571914  0.552185  0.765454  0.464327  0.474887  0.500430  0.625056  0.360183  0.657774  0.431801  0.595972  0.771340  0.769695  0.758273  0.397945  0.385256  0.295172  0.444039  0.527817  0.283381  0.546304  0.575138  0.908509  0.421013  0.367689  0.466774  0.459481  0.272840  0.416166  0.515666  0.483171  0.282591  0.479759  0.393204  0.342195  0.346898  0.552445  0.472357  0.578767  0.498136  0.396132  0.344539  0.470285  0.594186  0.486817  0.755162  0.715458  0.506869  0.645918 0.0  0.677447  0.780624  0.394156  0.419004  0.885299  0.821832 
56  0.607536  0.788157  0.626047  0.634985  0.596454  0.476220  0.593674  0.391930  0.514858  0.698292  0.570909  0.658119  0.695202  0.714204  0.548453  0.504809  0.723553  0.648384  0.674067  0.730676  0.744616  0.703809  0.577334  0.714230  0.800867  0.758453  0.575187  0.687405  0.668958  0.656655  0.634189  0.664268  0.780700  0.751965  0.657345  0.791049  0.717642  0.662624  0.528481  0.571097  0.585857  0.702220  0.626030  0.738532  0.876076  0.764762  0.578927  0.673592  0.618633  0.677790  0.697244  0.598718  0.466667  0.757095  0.595404  0.677447 0.0  0.630810  0.724684  0.696844  0.678071  0.588072 
57  0.698492  0.732101  0.529827  0.652508  0.821780  0.686450  0.691337  0.639709  0.607709  0.476675  0.719658  0.777645  0.656802  0.683130  0.727922  0.660036  0.645925  0.784729  0.640618  0.717870  0.807692  0.614406  0.699327  0.452922  0.692842  0.679371  0.688777  0.624340  0.582439  0.815746  0.584312  0.700829  0.518135  0.695550  0.586049  0.789542  0.730669  0.683241  0.619913  0.683129  0.839971  0.875339  0.576625  0.733824  0.672855  0.663628  0.619857  0.646160  0.729321  0.603348  0.677676  0.692371  0.699290  0.748598  0.668253  0.780624  0.630810 0.0  0.707262  0.694504  0.636605  0.517601 
58  0.547656  0.447446  1.000000  0.442696  0.620939  0.488173  0.492724  0.503701  0.677490  0.532395  0.197473  0.371296  0.769701  0.489209  0.616916  0.483944  0.690535  0.697481  0.667860  0.928769  0.685900  0.588294  0.620255  0.538625  0.392102  0.640904  0.775030  0.509289  0.879865  0.593981  0.638652  0.520975  0.568057  0.498709  0.714147  0.626283  0.582060  0.658418  0.732263  0.562526  0.545627  0.585825  0.488102  0.587499  0.665220  0.754095  0.561466  0.614249  0.657303  0.629374  0.665348  0.733228  0.739571  0.538202  0.681986  0.394156  0.724684  0.707262 0.0  0.657850  0.899427  0.897493 
59  0.400675  0.518712  0.826165  0.713206  0.338160  0.615969  0.526639  0.512964  0.826584  0.580025  0.480372  0.469576  0.705785  0.241704  0.794834  0.681607  0.749206  0.669041  0.768883  0.827457  0.455094  0.563853  0.530816  0.408376  0.538855  0.253451  0.511371  0.609701  0.825170  0.374152  0.476779  0.409245  0.304683  0.465718  0.321905  0.383461  0.371386  0.430188  0.507317  0.485962  0.209783  0.422006  0.692762  0.434494  0.734838  0.565856  0.550405  0.503109  0.346384  0.736479  0.260211  0.784092  0.778957  0.764034  0.604360  0.419004  0.696844  0.694504  0.657850 0.0  0.844480  0.763667 
60  0.680978  0.770930  0.509829  0.647309  0.872921  0.806627  0.752528  0.729655  0.437893  0.742208  0.741420  0.879720  0.468982  0.821477  0.675273  0.858687  0.701404  0.464524  0.352422  0.436573  0.771254  0.655055  0.728463  0.769518  0.707055  0.831824  0.537660  0.730427  0.360837  0.676145  0.658368  0.794656  0.824798  0.880982  0.762567  0.736637  0.724449  0.586767  0.640683  0.626192  0.766026  0.826133  0.670240  0.685754  0.717900  0.724444  0.644734  0.820753  0.674989  0.451464  0.630130  0.547448  0.584615  0.641523  0.533364  0.885299  0.678071  0.636605  0.899427  0.844480 0.0  0.255899 
61  0.613865  0.872950  0.495464  0.732461  0.822935  0.695325  0.764884  0.736441  0.457185  0.809330  0.653456  0.799167  0.532227  0.912289  0.603522  0.719218  0.775124  0.445917  0.402391  0.535836  0.797684  0.729639  0.778334  0.710392  0.762651  0.768860  0.526152  0.788149  0.263551  0.761396  0.795592  0.796851  0.752915  0.637798  0.809104  0.792444  0.790457  0.897029  0.648744  0.758407  0.817704  0.949946  0.585667  0.642920  0.655148  0.836385  0.685233  0.961848  0.768620  0.501859  0.872750  0.523720  0.532546  0.857544  0.509269  0.821832  0.588072  0.517601  0.897493  0.763667  0.255899 0.0 
