62
0 0.0  0.531222  0.613320  0.573893  0.420098  0.505576  0.516100  0.441845  0.640497  0.477935  0.584571  0.504901  0.524034  0.500789  0.571879  0.498668  0.533024  0.522159  0.781285  0.650802  0.498808  0.572237  0.438038  0.492466  0.488020  0.531819  0.437073  0.507600  0.702036  0.509762  0.494532  0.487198  0.484835  0.454662  0.529567  0.523916  0.575166  0.502488  0.465710  0.493144  0.485122  0.519562  0.521373  0.491229  0.523378  0.497942  0.563242  0.387960  0.547440  0.719248  0.466962  0.700900  0.664113  0.584461  0.560407  0.525142  0.566398  0.565628  0.507713  0.452924  0.724692  0.667111 
1  0.531222 0.0  0.706801  0.504561  0.555763  0.417834  0.450033  0.440624  0.628903  0.569874  0.419021  0.503431  0.614582  0.497023  0.732724  0.497162  0.705527  0.706168  0.775023  0.870753  0.671362  0.662053  0.555200  0.606194  0.358263  0.458935  0.460668  0.520415  0.804019  0.650943  0.599491  0.543557  0.536316  0.400140  0.616585  0.609595  0.669020  0.520865  0.575968  0.653266  0.438992  0.443318  0.475567  0.572844  0.688566  0.713891  0.531549  0.532110  0.614827  0.778820  0.540828  0.781844  0.668174  0.602231  0.600744  0.400579  0.617132  0.801467  0.384989  0.569984  0.858147  0.856999 
2  0.613320  0.706801 0.0  0.683594  0.858342  0.769009  0.798064  0.715118  0.575715  0.610606  0.689781  0.898242  0.659421  0.720095  0.584643  0.825615  0.574308  0.800126  0.590907  0.752804  0.847564  0.785418  0.698027  0.660137  0.760558  0.759347  0.807949  0.782293  0.554404  0.886517  0.703547  0.809054  0.817418  0.776810  0.863962  0.805426  0.724507  0.880587  0.859925  0.708053  0.733094  0.893302  0.653731  0.857571  0.692428  0.600665  0.647943  0.639330  0.613126  0.588232  0.760553  0.706681  0.501629  0.690178  0.598937  0.827185  0.505392  0.458092  0.813331  0.879884  0.678826  0.533257 
3  0.573893  0.504561  0.683594 0.0  0.566967  0.412920  0.454859  0.475395  0.635964  0.508205  0.381830  0.425508  0.741196  0.625432  0.599514  0.580385  0.592170  0.729266  0.609794  0.763207  0.636989  0.578828  0.610303  0.545901  0.378326  0.574892  0.671517  0.562260  0.726845  0.578710  0.615911  0.567772  0.629298  0.525257  0.505728  0.601857  0.630509  0.710809  0.543217  0.650627  0.646741  0.659744  0.473543  0.687110  0.705328  0.651443  0.599078  0.519270  0.604999  0.654568  0.657630  0.664412  0.570370  0.500711  0.481486  0.608392  0.669626  0.628426  0.509453  0.626428  0.641350  0.601620 
4  0.420098  0.555763  0.858342  0.566967 0.0  0.674850  0.591269  0.649727  0.794017  0.551015  0.562164  0.614033  0.634947  0.347112  0.720320  0.724685  0.742444  0.678902  0.732722  0.759186  0.231361  0.553955  0.519804  0.473562  0.521041  0.363238  0.449529  0.591073  0.810327  0.381564  0.574427  0.394056  0.295822  0.442205  0.393193  0.356282  0.445792  0.323898  0.409530  0.380620  0.231178  0.210524  0.554840  0.440125  0.770002  0.582057  0.552832  0.544284  0.498560  0.774815  0.347798  0.846825  0.774274  0.540823  0.700714  0.301120  0.601158  0.766246  0.586370  0.370650  0.871702  0.849457 
5  0.505576  0.417834  0.769009  0.412920  0.674850 0.0  0.284219  0.371689  0.732412  0.479063  0.390904  0.383890  0.711413  0.714052  0.757723  0.537848  0.609978  0.711204  0.639223  0.861050  0.700795  0.579549  0.608418  0.632318  0.441431  0.613678  0.518949  0.542956  0.789972  0.598727  0.639552  0.617734  0.629596  0.488444  0.641305  0.678395  0.654821  0.664683  0.490201  0.542459  0.466522  0.633921  0.333152  0.513213  0.580360  0.620909  0.423877  0.498045  0.657710  0.650483  0.671782  0.554143  0.806819  0.477721  0.700283  0.486395  0.447492  0.715571  0.471412  0.567229  0.703180  0.811183 
6  0.516100  0.450033  0.798064  0.454859  0.591269  0.284219 0.0  0.469026  0.553424  0.573688  0.436374  0.277419  0.494776  0.678265  0.914476  0.583959  0.617335  0.722742  0.677132  0.795719  0.615490  0.550847  0.600171  0.578354  0.350925  0.533504  0.741409  0.587906  0.753829  0.475447  0.575371  0.583780  0.564409  0.565509  0.513083  0.590156  0.593087  0.583556  0.629935  0.542008  0.552720  0.649125  0.458705  0.666378  0.578026  0.563095  0.536776  0.472628  0.654502  0.614990  0.508460  0.609341  0.775920  0.449061  0.538374  0.593579  0.604058  0.768295  0.442994  0.504723  0.751457  0.725112 
7  0.441845  0.440624  0.715118  0.475395  0.649727  0.371689  0.469026 0.0  0.463228  0.564672  0.390425  0.456102  0.493820  0.488031  0.422611  0.479818  0.761161  0.566456  0.649338  0.728777  0.681665  0.605328  0.659266  0.589731  0.463055  0.614525  0.491319  0.561343  0.784921  0.687071  0.590265  0.525772  0.649611  0.509056  0.607508  0.648000  0.609688  0.595452  0.442109  0.533813  0.622019  0.678870  0.465881  0.678359  0.675382  0.668643  0.633769  0.511460  0.535295  0.674764  0.558967  0.687666  0.474542  0.502331  0.541429  0.545987  0.472650  0.796002  0.504676  0.660588  0.617359  0.635893 
8  0.640497  0.628903  0.575715  0.635964  0.794017  0.732412  0.553424  0.463228 0.0  0.692231  0.661475  0.802426  0.483992  0.739072  0.587369  0.819302  0.638565  0.592500  0.567934  0.626974  0.825230  0.741988  0.734950  0.682066  0.667528  0.754394  0.553232  0.663480  0.449720  0.718364  0.761647  0.774918  0.719177  0.798664  0.705422  0.698438  0.704505  0.726853  0.537326  0.789535  0.928898  0.785370  0.654587  0.746807  0.514636  0.643594  0.626559  0.750905  0.661179  0.594278  0.751671  0.645866  0.514492  0.634576  0.677815  0.783286  0.522200  0.787138  0.734401  0.820906  0.515711  0.606435 
9  0.477935  0.569874  0.610606  0.508205  0.551015  0.479063  0.573688  0.564672  0.692231 0.0  0.385646  0.571441  0.568573  0.573508  0.731634  0.596151  0.493285  0.686733  0.752387  0.810075  0.542213  0.485455  0.522865  0.302234  0.450464  0.408751  0.469849  0.556686  0.700367  0.602631  0.299279  0.567208  0.402366  0.424866  0.507928  0.418161  0.584729  0.457392  0.458953  0.498215  0.497591  0.501827  0.584725  0.343130  0.574419  0.334947  0.399929  0.417575  0.503211  0.747480  0.518422  0.757233  0.665519  0.658836  0.689911  0.482861  0.766280  0.723742  0.553131  0.625853  0.741342  0.702224 
10  0.584571  0.419021  0.689781  0.381830  0.562164  0.390904  0.436374  0.390425  0.661475  0.385646 0.0  0.292685  0.699333  0.626153  0.619311  0.461536  0.736971  0.726546  0.763732  0.775041  0.668403  0.500380  0.611550  0.571940  0.461792  0.513449  0.638465  0.501924  0.776944  0.590503  0.674993  0.584516  0.595979  0.275952  0.508218  0.512122  0.528232  0.503265  0.583182  0.418603  0.551360  0.669374  0.495672  0.649009  0.695104  0.627489  0.574568  0.522958  0.590180  0.577389  0.699663  0.823819  0.574031  0.531143  0.494810  0.538351  0.606687  0.653759  0.302883  0.581952  0.725519  0.629655 
11  0.504901  0.503431  0.898242  0.425508  0.614033  0.383890  0.277419  0.456102  0.802426  0.571441  0.292685 0.0  0.800203  0.587231  0.614097  0.606388  0.636208  0.614265  0.711837  0.853173  0.700797  0.619333  0.600695  0.499263  0.411631  0.505348  0.720772  0.504768  0.932144  0.559449  0.624266  0.635518  0.673331  0.565563  0.756098  0.609544  0.617566  0.460150  0.613821  0.440341  0.498365  0.683702  0.474880  0.652795  0.730599  0.696776  0.680918  0.682607  0.532908  0.672364  0.608736  0.682621  0.724217  0.578618  0.759507  0.558945  0.632924  0.702982  0.359866  0.573467  0.823386  0.716008 
12  0.524034  0.614582  0.659421  0.741196  0.634947  0.711413  0.494776  0.493820  0.483992  0.568573  0.699333  0.800203 0.0  0.575522  0.771554  0.759206  0.593678  0.470630  0.706748  0.435599  0.625247  0.526533  0.646972  0.706205  0.648424  0.619738  0.360386  0.593645  0.417195  0.626896  0.627770  0.605868  0.578228  0.488777  0.677198  0.458367  0.647180  0.524470  0.297552  0.504341  0.573172  0.789020  0.622700  0.447193  0.602727  0.561593  0.654103  0.676233  0.651207  0.656737  0.502382  0.753197  0.559566  0.459261  0.308481  0.623584  0.722812  0.681541  0.813685  0.694647  0.536218  0.616916 
13  0.500789  0.497023  0.720095  0.625432  0.347112  0.714052  0.678265  0.488031  0.739072  0.573508  0.626153  0.587231  0.575522 0.0  0.739789  0.742381  0.600857  0.679942  0.676767  0.753332  0.396193  0.556967  0.559930  0.369598  0.503474  0.323576  0.455912  0.488729  0.783911  0.250872  0.417662  0.341968  0.201173  0.430528  0.326818  0.356757  0.380423  0.231252  0.489471  0.533858  0.264267  0.556872  0.621333  0.298941  0.730278  0.683679  0.450323  0.431023  0.368380  0.809192  0.244486  0.752819  0.718849  0.528405  0.615879  0.384933  0.661911  0.679293  0.694721  0.297694  0.832396  0.820196 
14  0.571879  0.732724  0.584643  0.599514  0.720320  0.757723  0.914476  0.422611  0.587369  0.731634  0.619311  0.614097  0.771554  0.739789 0.0  0.702752  0.726395  0.795772  0.490273  0.676661  0.686096  0.729690  0.797380  0.803139  0.729047  0.658349  0.704906  0.796877  0.632867  0.690604  0.759245  0.793567  0.692881  0.757931  0.821171  0.722658  0.798744  0.766789  0.794620  0.644866  0.730145  0.696400  0.677685  0.818079  0.867933  0.656466  0.820604  0.602161  0.658036  0.486318  0.626382  0.669823  0.363003  0.659362  0.613377  0.780576  0.457433  0.642584  0.609407  0.816090  0.746182  0.627563 
15  0.498668  0.497162  0.825615  0.580385  0.724685  0.537848  0.583959  0.479818  0.819302  0.596151  0.461536  0.606388  0.759206  0.742381  0.702752 0.0  0.740333  0.788636  0.801167  0.767308  0.503816  0.723064  0.474444  0.555287  0.609871  0.675040  0.559003  0.537389  0.764218  0.644093  0.626773  0.712085  0.656367  0.391469  0.431451  0.513425  0.682549  0.499254  0.559031  0.489434  0.637636  0.450060  0.582754  0.647917  0.705494  0.583376  0.600402  0.481394  0.629778  0.678308  0.499207  0.715496  0.689039  0.699518  0.608370  0.504887  0.529582  0.719244  0.533404  0.467625  0.768290  0.798535 
16  0.533024  0.705527  0.574308  0.592170  0.742444  0.609978  0.617335  0.761161  0.638565  0.493285  0.736971  0.636208  0.593678  0.600857  0.726395  0.740333 0.0  0.527284  0.656504  0.600411  0.678586  0.731297  0.792542  0.676131  0.629915  0.784816  0.582173  0.530172  0.679892  0.585215  0.464636  0.659759  0.704061  0.648291  0.834209  0.682373  0.600012  0.806588  0.466193  0.515137  0.684207  0.667806  0.621232  0.521740  0.510852  0.381422  0.623623  0.561325  0.653791  0.639903  0.644106  0.573834  0.656378  0.672567  0.677823  0.637176  0.836413  0.662032  0.793263  0.735713  0.666851  0.745958 
17  0.522159  0.706168  0.800126  0.729266  0.678902  0.711204  0.722742  0.566456  0.592500  0.686733  0.726546  0.614265  0.470630  0.679942  0.795772  0.788636  0.527284 0.0  0.590042  0.367247  0.733174  0.650304  0.802043  0.711764  0.768282  0.649642  0.368171  0.659875  0.431958  0.493682  0.694099  0.755487  0.663980  0.693690  0.786171  0.643312  0.484327  0.647456  0.373467  0.532101  0.579608  0.783819  0.815611  0.592576  0.640156  0.580638  0.636917  0.679293  0.648420  0.693711  0.577261  0.641343  0.672660  0.806428  0.411520  0.714309  0.640988  0.811192  0.711307  0.541753  0.447510  0.520187 
18  0.781285  0.775023  0.590907  0.609794  0.732722  0.639223  0.677132  0.649338  0.567934  0.752387  0.763732  0.711837  0.706748  0.676767  0.490273  0.801167  0.656504  0.590042 0.0  0.692160  0.748935  0.608280  0.708425  0.659149  0.633256  0.766278  0.780698  0.605917  0.310899  0.742797  0.711697  0.737134  0.763605  0.685753  0.658245  0.748763  0.796564  0.724325  0.699211  0.777453  0.844283  0.682282  0.550789  0.865934  0.644629  0.736538  0.670727  0.684845  0.728378  0.560039  0.745376  0.407504  0.580531  0.677233  0.468229  0.683489  0.578156  0.581464  0.748214  0.728589  0.490227  0.342629 
19  0.650802  0.870753  0.752804  0.763207  0.759186  0.861050  0.795719  0.728777  0.626974  0.810075  0.775041  0.853173  0.435599  0.753332  0.676661  0.767308  0.600411  0.367247  0.692160 0.0  0.783093  0.691269  0.814838  0.726215  0.858670  0.899425  0.525022  0.621787  0.398207  0.710578  0.711417  0.722988  0.815398  0.793989  0.773093  0.740667  0.538530  0.752015  0.543016  0.609783  0.887198  0.896570  0.719111  0.670939  0.743455  0.651820  0.705783  0.790571  0.748562  0.748183  0.585876  0.782408  0.691654  0.810363  0.382190  0.861732  0.778936  0.762752  0.883120  0.726078  0.475219  0.517625 
20  0.498808  0.671362  0.847564  0.636989  0.231361  0.700795  0.615490  0.681665  0.825230  0.542213  0.668403  0.700797  0.625247  0.396193  0.686096  0.503816  0.678586  0.733174  0.748935  0.783093 0.0  0.704182  0.685740  0.511868  0.731437  0.407149  0.486144  0.642728  0.894218  0.324992  0.523816  0.421897  0.362083  0.310124  0.381918  0.446954  0.388415  0.451490  0.623514  0.443584  0.410549  0.424027  0.833307  0.452399  0.697685  0.642368  0.653861  0.523827  0.532640  0.640116  0.375142  0.837766  0.671089  0.713606  0.669546  0.363935  0.614620  0.822158  0.754878  0.415036  0.789789  0.739441 
21  0.572237  0.662053  0.785418  0.578828  0.553955  0.579549  0.550847  0.605328  0.741988  0.485455  0.500380  0.619333  0.526533  0.556967  0.729690  0.723064  0.731297  0.650304  0.608280  0.691269  0.704182 0.0  0.392438  0.552117  0.493820  0.527910  0.644160  0.735074  0.808725  0.507506  0.451562  0.527747  0.496347  0.466872  0.625221  0.511966  0.571961  0.410153  0.592790  0.586974  0.626706  0.485471  0.526985  0.591704  0.756070  0.665572  0.380881  0.529103  0.604622  0.748067  0.705037  0.562844  0.741123  0.481265  0.624286  0.378884  0.582804  0.644035  0.578376  0.540517  0.774058  0.723225 
22  0.438038  0.555200  0.698027  0.610303  0.519804  0.608418  0.600171  0.659266  0.734950  0.522865  0.611550  0.600695  0.646972  0.559930  0.797380  0.474444  0.792542  0.802043  0.708425  0.814838  0.685740  0.392438 0.0  0.409938  0.643658  0.493180  0.626862  0.570279  0.872135  0.478256  0.514733  0.462060  0.434252  0.272539  0.426213  0.424342  0.523875  0.446287  0.588211  0.624552  0.546646  0.396366  0.677463  0.444458  0.738570  0.662470  0.387143  0.491636  0.472013  0.780782  0.443092  0.764581  0.848169  0.558736  0.745905  0.321205  0.596004  0.679145  0.563478  0.562970  0.766183  0.817468 
23  0.492466  0.606194  0.660137  0.545901  0.473562  0.632318  0.578354  0.589731  0.682066  0.302234  0.571940  0.499263  0.706205  0.369598  0.803139  0.555287  0.676131  0.711764  0.659149  0.726215  0.511868  0.552117  0.409938 0.0  0.563534  0.609758  0.624490  0.413018  0.691525  0.509087  0.435360  0.420786  0.460838  0.411123  0.421594  0.479808  0.592288  0.438179  0.474415  0.490434  0.419452  0.497870  0.674759  0.446383  0.661486  0.635218  0.538239  0.305880  0.513503  0.794222  0.500460  0.852509  0.727819  0.612197  0.572705  0.546205  0.779926  0.614430  0.520237  0.472052  0.786267  0.627800 
24  0.488020  0.358263  0.760558  0.378326  0.521041  0.441431  0.350925  0.463055  0.667528  0.450464  0.461792  0.411631  0.648424  0.503474  0.729047  0.609871  0.629915  0.768282  0.633256  0.858670  0.731437  0.493820  0.643658  0.563534 0.0  0.604624  0.687540  0.667303  0.784292  0.598739  0.557246  0.692443  0.471623  0.555836  0.624767  0.524644  0.618748  0.471320  0.554871  0.497373  0.492045  0.618987  0.306878  0.598213  0.737972  0.655088  0.582354  0.569066  0.492807  0.656878  0.578219  0.652896  0.667040  0.431017  0.717802  0.539414  0.714936  0.573099  0.380407  0.623887  0.735136  0.778516 
25  0.531819  0.458935  0.759347  0.574892  0.363238  0.613678  0.533504  0.614525  0.754394  0.408751  0.513449  0.505348  0.619738  0.323576  0.658349  0.675040  0.784816  0.649642  0.766278  0.899425  0.407149  0.527910  0.493180  0.609758  0.604624 0.0  0.519811  0.569636  0.850575  0.306811  0.421713  0.405747  0.337251  0.391369  0.286569  0.288678  0.381539  0.285458  0.559905  0.447030  0.211804  0.442939  0.525632  0.427768  0.650122  0.553356  0.494991  0.511628  0.269779  0.760289  0.243440  0.807927  0.705040  0.522700  0.524576  0.392283  0.607736  0.718816  0.570731  0.336203  0.878228  0.884085 
26  0.437073  0.460668  0.807949  0.671517  0.449529  0.518949  0.741409  0.491319  0.553232  0.469849  0.638465  0.720772  0.360386  0.455912  0.704906  0.559003  0.582173  0.368171  0.780698  0.525022  0.486144  0.644160  0.626862  0.624490  0.687540  0.519811 0.0  0.530411  0.595086  0.483391  0.585858  0.515753  0.521539  0.563977  0.434051  0.527769  0.600698  0.520678  0.321848  0.437980  0.553787  0.553716  0.524997  0.517554  0.513756  0.458838  0.442239  0.580256  0.583011  0.745165  0.568166  0.753130  0.559459  0.718004  0.566775  0.529130  0.546725  0.677404  0.692226  0.565684  0.562717  0.626074 
27  0.507600  0.520415  0.782293  0.562260  0.591073  0.542956  0.587906  0.561343  0.663480  0.556686  0.501924  0.504768  0.593645  0.488729  0.796877  0.537389  0.530172  0.659875  0.605917  0.621787  0.642728  0.735074  0.570279  0.413018  0.667303  0.569636  0.530411 0.0  0.806976  0.591049  0.398414  0.502056  0.652338  0.556667  0.536874  0.597921  0.566462  0.587447  0.583945  0.435559  0.626885  0.505554  0.568423  0.443518  0.473664  0.503463  0.528040  0.457883  0.543379  0.680055  0.566516  0.595349  0.687310  0.545445  0.628615  0.509220  0.754864  0.525373  0.684535  0.549689  0.714203  0.642747 
28  0.702036  0.804019  0.554404  0.726845  0.810327  0.789972  0.753829  0.784921  0.449720  0.700367  0.776944  0.932144  0.417195  0.783911  0.632867  0.764218  0.679892  0.431958  0.310899  0.398207  0.894218  0.808725  0.872135  0.691525  0.784292  0.850575  0.595086  0.806976 0.0  0.752755  0.774281  0.703182  0.705080  0.780377  0.674240  0.698483  0.650295  0.744724  0.662407  0.681657  0.817766  0.781476  0.737538  0.710265  0.795880  0.647347  0.623093  0.885159  0.683357  0.534554  0.776693  0.542382  0.570088  0.729853  0.407800  0.777382  0.622487  0.685864  0.845955  0.749316  0.273237  0.290036 
29  0.509762  0.650943  0.886517  0.578710  0.381564  0.598727  0.475447  0.687071  0.718364  0.602631  0.590503  0.559449  0.626896  0.250872  0.690604  0.644093  0.585215  0.493682  0.742797  0.710578  0.324992  0.507506  0.478256  0.509087  0.598739  0.306811  0.483391  0.591049  0.752755 0.0  0.602201  0.307847  0.337450  0.329024  0.443098  0.314343  0.349835  0.186717  0.526405  0.484367  0.167843  0.447303  0.561788  0.335896  0.572572  0.488475  0.403875  0.349961  0.409796  0.733918  0.297547  0.768900  0.680362  0.617959  0.561659  0.335126  0.779133  0.728751  0.497126  0.261959  0.797264  0.687209 
30  0.494532  0.599491  0.703547  0.615911  0.574427  0.639552  0.575371  0.590265  0.761647  0.299279  0.674993  0.624266  0.627770  0.417662  0.759245  0.626773  0.464636  0.694099  0.711697  0.711417  0.523816  0.451562  0.514733  0.435360  0.557246  0.421713  0.585858  0.398414  0.774281  0.602201 0.0  0.431433  0.465390  0.517763  0.454561  0.379573  0.651649  0.393757  0.475704  0.580297  0.491817  0.490990  0.610875  0.590871  0.528074  0.418474  0.534870  0.369496  0.503888  0.622678  0.437617  0.670694  0.807832  0.559176  0.658665  0.436735  0.634746  0.657120  0.666142  0.448598  0.626018  0.856829 
31  0.487198  0.543557  0.809054  0.567772  0.394056  0.617734  0.583780  0.525772  0.774918  0.567208  0.584516  0.635518  0.605868  0.341968  0.793567  0.712085  0.659759  0.755487  0.737134  0.722988  0.421897  0.527747  0.462060  0.420786  0.692443  0.405747  0.515753  0.502056  0.703182  0.307847  0.431433 0.0  0.390760  0.537015  0.329509  0.488270  0.445950  0.367274  0.605130  0.508610  0.430188  0.617433  0.562889  0.430725  0.863830  0.628973  0.647364  0.516357  0.467488  0.752700  0.411149  0.911556  0.639624  0.720580  0.457015  0.489328  0.672042  0.785556  0.581592  0.462759  0.850611  0.885679 
32  0.484835  0.536316  0.817418  0.629298  0.295822  0.629596  0.564409  0.649611  0.719177  0.402366  0.595979  0.673331  0.578228  0.201173  0.692881  0.656367  0.704061  0.663980  0.763605  0.815398  0.362083  0.496347  0.434252  0.460838  0.471623  0.337251  0.521539  0.652338  0.705080  0.337450  0.465390  0.390760 0.0  0.330685  0.360652  0.259458  0.484334  0.205817  0.530309  0.381533  0.170671  0.545153  0.576066  0.376863  0.697280  0.656081  0.527033  0.543462  0.345027  0.664289  0.309254  0.758249  0.778933  0.459669  0.606988  0.406729  0.719040  0.676458  0.565058  0.506457  0.717348  0.815161 
33  0.454662  0.400140  0.776810  0.525257  0.442205  0.488444  0.565509  0.509056  0.798664  0.424866  0.275952  0.565563  0.488777  0.430528  0.757931  0.391469  0.648291  0.693690  0.685753  0.793989  0.310124  0.466872  0.272539  0.411123  0.555836  0.391369  0.563977  0.556667  0.780377  0.329024  0.517763  0.537015  0.330685 0.0  0.460464  0.450548  0.627095  0.280937  0.441586  0.509419  0.296722  0.411399  0.587511  0.476422  0.708315  0.662195  0.348326  0.598758  0.428710  0.774986  0.500517  0.830305  0.660265  0.578889  0.633455  0.278792  0.712653  0.677554  0.555675  0.281792  0.673757  0.702926 
34  0.529567  0.616585  0.863962  0.505728  0.393193  0.641305  0.513083  0.607508  0.705422  0.507928  0.508218  0.756098  0.677198  0.326818  0.821171  0.431451  0.834209  0.786171  0.658245  0.773093  0.381918  0.625221  0.426213  0.421594  0.624767  0.286569  0.434051  0.536874  0.674240  0.443098  0.454561  0.329509  0.360652  0.460464 0.0  0.463539  0.271503  0.335184  0.554502  0.509470  0.216654  0.620772  0.502061  0.376379  0.663788  0.602011  0.457292  0.485666  0.379674  0.685481  0.383913  0.950562  0.746983  0.613588  0.582042  0.334215  0.743287  0.742470  0.686675  0.367576  0.751729  0.743091 
35  0.523916  0.609595  0.805426  0.601857  0.356282  0.678395  0.590156  0.648000  0.698438  0.418161  0.512122  0.609544  0.458367  0.356757  0.722658  0.513425  0.682373  0.643312  0.748763  0.740667  0.446954  0.511966  0.424342  0.479808  0.524644  0.288678  0.527769  0.597921  0.698483  0.314343  0.379573  0.488270  0.259458  0.450548  0.463539 0.0  0.426120  0.241563  0.497614  0.528171  0.327238  0.500433  0.579330  0.300962  0.666448  0.551449  0.536506  0.490304  0.430837  0.717724  0.370883  0.828551  0.650163  0.509064  0.563997  0.411106  0.764410  0.702794  0.615186  0.450946  0.791409  0.724709 
36  0.575166  0.669020  0.724507  0.630509  0.445792  0.654821  0.593087  0.609688  0.704505  0.584729  0.528232  0.617566  0.647180  0.380423  0.798744  0.682549  0.600012  0.484327  0.796564  0.538530  0.388415  0.571961  0.523875  0.592288  0.618748  0.381539  0.600698  0.566462  0.650295  0.349835  0.651649  0.445950  0.484334  0.627095  0.271503  0.426120 0.0  0.383539  0.700290  0.423731  0.416572  0.532830  0.713840  0.335396  0.658685  0.535192  0.541338  0.576250  0.519271  0.633453  0.373936  0.620761  0.636684  0.732986  0.528300  0.437004  0.732675  0.726093  0.595698  0.330471  0.734636  0.802951 
37  0.502488  0.520865  0.880587  0.710809  0.323898  0.664683  0.583556  0.595452  0.726853  0.457392  0.503265  0.460150  0.524470  0.231252  0.766789  0.499254  0.806588  0.647456  0.724325  0.752015  0.451490  0.410153  0.446287  0.438179  0.471320  0.285458  0.520678  0.587447  0.744724  0.186717  0.393757  0.367274  0.205817  0.280937  0.335184  0.241563  0.383539 0.0  0.472377  0.368428  0.313883  0.482159  0.616908  0.288307  0.683883  0.600466  0.391370  0.468219  0.370757  0.732530  0.305944  0.744011  0.696203  0.499200  0.598401  0.337201  0.690293  0.695828  0.581511  0.305357  0.656603  0.824821 
38  0.465710  0.575968  0.859925  0.543217  0.409530  0.490201  0.629935  0.442109  0.537326  0.458953  0.583182  0.613821  0.297552  0.489471  0.794620  0.559031  0.466193  0.373467  0.699211  0.543016  0.623514  0.592790  0.588211  0.474415  0.554871  0.559905  0.321848  0.583945  0.662407  0.526405  0.475704  0.605130  0.530309  0.441586  0.554502  0.497614  0.700290  0.472377 0.0  0.607234  0.489688  0.615840  0.527197  0.365306  0.468299  0.539300  0.377094  0.587113  0.645225  0.606314  0.586429  0.691159  0.594738  0.519321  0.465419  0.538106  0.617011  0.628529  0.598852  0.511977  0.476060  0.597309 
39  0.493144  0.653266  0.708053  0.650627  0.380620  0.542459  0.542008  0.533813  0.789535  0.498215  0.418603  0.440341  0.504341  0.533858  0.644866  0.489434  0.515137  0.532101  0.777453  0.609783  0.443584  0.586974  0.624552  0.490434  0.497373  0.447030  0.437980  0.435559  0.681657  0.484367  0.580297  0.508610  0.381533  0.509419  0.509470  0.528171  0.423731  0.368428  0.607234 0.0  0.439762  0.391973  0.592994  0.366259  0.488183  0.540141  0.541687  0.534438  0.553269  0.706157  0.509204  0.901828  0.636675  0.599644  0.583164  0.454173  0.686948  0.701811  0.438290  0.334447  0.734986  0.679200 
40  0.485122  0.438992  0.733094  0.646741  0.231178  0.466522  0.552720  0.622019  0.928898  0.497591  0.551360  0.498365  0.573172  0.264267  0.730145  0.637636  0.684207  0.579608  0.844283  0.887198  0.410549  0.626706  0.546646  0.419452  0.492045  0.211804  0.553787  0.626885  0.817766  0.167843  0.491817  0.430188  0.170671  0.296722  0.216654  0.327238  0.416572  0.313883  0.489688  0.439762 0.0  0.309433  0.494011  0.321807  0.692479  0.577024  0.548270  0.464355  0.359171  0.772207  0.235879  0.826689  0.789904  0.555477  0.535085  0.322635  0.590623  0.726997  0.541493  0.243499  0.772393  0.777155 
41  0.519562  0.443318  0.893302  0.659744  0.210524  0.633921  0.649125  0.678870  0.785370  0.501827  0.669374  0.683702  0.789020  0.556872  0.696400  0.450060  0.667806  0.783819  0.682282  0.896570  0.424027  0.485471  0.396366  0.497870  0.618987  0.442939  0.553716  0.505554  0.781476  0.447303  0.490990  0.617433  0.545153  0.411399  0.620772  0.500433  0.532830  0.482159  0.615840  0.391973  0.309433 0.0  0.637715  0.494342  0.547992  0.643745  0.330256  0.556072  0.498695  0.694641  0.516535  0.784605  0.810313  0.626049  0.656361  0.217267  0.726300  0.772580  0.574575  0.411264  0.799289  0.937477 
42  0.521373  0.475567  0.653731  0.473543  0.554840  0.333152  0.458705  0.465881  0.654587  0.584725  0.495672  0.474880  0.622700  0.621333  0.677685  0.582754  0.621232  0.815611  0.550789  0.719111  0.833307  0.526985  0.677463  0.674759  0.306878  0.525632  0.524997  0.568423  0.737538  0.561788  0.610875  0.562889  0.576066  0.587511  0.502061  0.579330  0.713840  0.616908  0.527197  0.592994  0.494011  0.637715 0.0  0.449859  0.651642  0.658842  0.540067  0.560759  0.637449  0.642783  0.589261  0.491921  0.653411  0.327231  0.715997  0.403143  0.675220  0.734892  0.588179  0.686918  0.644530  0.640275 
43  0.491229  0.572844  0.857571  0.687110  0.440125  0.513213  0.666378  0.678359  0.746807  0.343130  0.649009  0.652795  0.447193  0.298941  0.818079  0.647917  0.521740  0.592576  0.865934  0.670939  0.452399  0.591704  0.444458  0.446383  0.598213  0.427768  0.517554  0.443518  0.710265  0.335896  0.590871  0.430725  0.376863  0.476422  0.376379  0.300962  0.335396  0.288307  0.365306  0.366259  0.321807  0.494342  0.449859 0.0  0.663193  0.636114  0.409136  0.467077  0.385705  0.630743  0.390352  0.659765  0.674744  0.595264  0.548853  0.399035  0.697753  0.804100  0.638303  0.402022  0.688455  0.729987 
44  0.523378  0.688566  0.692428  0.705328  0.770002  0.580360  0.578026  0.675382  0.514636  0.574419  0.695104  0.730599  0.602727  0.730278  0.867933  0.705494  0.510852  0.640156  0.644629  0.743455  0.697685  0.756070  0.738570  0.661486  0.737972  0.650122  0.513756  0.473664  0.795880  0.572572  0.528074  0.863830  0.697280  0.708315  0.663788  0.666448  0.658685  0.683883  0.468299  0.488183  0.692479  0.547992  0.651642  0.663193 0.0  0.379960  0.674191  0.615803  0.708410  0.589742  0.641124  0.711138  0.818936  0.631592  0.678420  0.647989  0.786193  0.697210  0.793251  0.657307  0.831572  0.794708 
45  0.497942  0.713891  0.600665  0.651443  0.582057  0.620909  0.563095  0.668643  0.643594  0.334947  0.627489  0.696776  0.561593  0.683679  0.656466  0.583376  0.381422  0.580638  0.736538  0.651820  0.642368  0.665572  0.662470  0.635218  0.655088  0.553356  0.458838  0.503463  0.647347  0.488475  0.418474  0.628973  0.656081  0.662195  0.602011  0.551449  0.535192  0.600466  0.539300  0.540141  0.577024  0.643745  0.658842  0.636114  0.379960 0.0  0.502792  0.447738  0.713470  0.724884  0.500204  0.648149  0.782745  0.663206  0.614986  0.533862  0.732983  0.743518  0.669523  0.674700  0.689654  0.757410 
46  0.563242  0.531549  0.647943  0.599078  0.552832  0.423877  0.536776  0.633769  0.626559  0.399929  0.574568  0.680918  0.654103  0.450323  0.820604  0.600402  0.623623  0.636917  0.670727  0.705783  0.653861  0.380881  0.387143  0.538239  0.582354  0.494991  0.442239  0.528040  0.623093  0.403875  0.534870  0.647364  0.527033  0.348326  0.457292  0.536506  0.541338  0.391370  0.377094  0.541687  0.548270  0.330256  0.540067  0.409136  0.674191  0.502792 0.0  0.568864  0.484722  0.592832  0.447635  0.672645  0.736192  0.529634  0.615451  0.364333  0.577453  0.557179  0.618869  0.521662  0.711579  0.753163 
47  0.387960  0.532110  0.639330  0.519270  0.544284  0.498045  0.472628  0.511460  0.750905  0.417575  0.522958  0.682607  0.676233  0.431023  0.602161  0.481394  0.561325  0.679293  0.684845  0.790571  0.523827  0.529103  0.491636  0.305880  0.569066  0.511628  0.580256  0.457883  0.885159  0.349961  0.369496  0.516357  0.543462  0.598758  0.485666  0.490304  0.576250  0.468219  0.587113  0.534438  0.464355  0.556072  0.560759  0.467077  0.615803  0.447738  0.568864 0.0  0.686927  0.680145  0.477764  0.821094  0.713106  0.641371  0.638300  0.374471  0.593623  0.628045  0.678844  0.461405  0.753521  0.864014 
48  0.547440  0.614827  0.613126  0.604999  0.498560  0.657710  0.654502  0.535295  0.661179  0.503211  0.590180  0.532908  0.651207  0.368380  0.658036  0.629778  0.653791  0.648420  0.728378  0.748562  0.532640  0.604622  0.472013  0.513503  0.492807  0.269779  0.583011  0.543379  0.683357  0.409796  0.503888  0.467488  0.345027  0.428710  0.379674  0.430837  0.519271  0.370757  0.645225  0.553269  0.359171  0.498695  0.637449  0.385705  0.708410  0.713470  0.484722  0.686927 0.0  0.610278  0.371885  0.823378  0.770613  0.636103  0.539700  0.474351  0.589412  0.609271  0.707394  0.375440  0.671692  0.692665 
49  0.719248  0.778820  0.588232  0.654568  0.774815  0.650483  0.614990  0.674764  0.594278  0.747480  0.577389  0.672364  0.656737  0.809192  0.486318  0.678308  0.639903  0.693711  0.560039  0.748183  0.640116  0.748067  0.780782  0.794222  0.656878  0.760289  0.745165  0.680055  0.534554  0.733918  0.622678  0.752700  0.664289  0.774986  0.685481  0.717724  0.633453  0.732530  0.606314  0.706157  0.772207  0.694641  0.642783  0.630743  0.589742  0.724884  0.592832  0.680145  0.610278 0.0  0.657500  0.428696  0.555760  0.768609  0.687009  0.718075  0.721346  0.617423  0.773903  0.715084  0.537866  0.449014 
50  0.466962  0.540828  0.760553  0.657630  0.347798  0.671782  0.508460  0.558967  0.751671  0.518422  0.699663  0.608736  0.502382  0.244486  0.626382  0.499207  0.644106  0.577261  0.745376  0.585876  0.375142  0.705037  0.443092  0.500460  0.578219  0.243440  0.568166  0.566516  0.776693  0.297547  0.437617  0.411149  0.309254  0.500517  0.383913  0.370883  0.373936  0.305944  0.586429  0.509204  0.235879  0.516535  0.589261  0.390352  0.641124  0.500204  0.447635  0.477764  0.371885  0.657500 0.0  0.798195  0.708147  0.556794  0.618680  0.489824  0.675555  0.663568  0.562724  0.337641  0.728051  0.719907 
51  0.700900  0.781844  0.706681  0.664412  0.846825  0.554143  0.609341  0.687666  0.645866  0.757233  0.823819  0.682621  0.753197  0.752819  0.669823  0.715496  0.573834  0.641343  0.407504  0.782408  0.837766  0.562844  0.764581  0.852509  0.652896  0.807927  0.753130  0.595349  0.542382  0.768900  0.670694  0.911556  0.758249  0.830305  0.950562  0.828551  0.620761  0.744011  0.691159  0.901828  0.826689  0.784605  0.491921  0.659765  0.711138  0.648149  0.672645  0.821094  0.823378  0.428696  0.798195 0.0  0.638848  0.434512  0.640371  0.735853  0.597893  0.738456  0.827641  1.000000  0.575595  0.574019 
52  0.664113  0.668174  0.501629  0.570370  0.774274  0.806819  0.775920  0.474542  0.514492  0.665519  0.574031  0.724217  0.559566  0.718849  0.363003  0.689039  0.656378  0.672660  0.580531  0.691654  0.671089  0.741123  0.848169  0.727819  0.667040  0.705040  0.559459  0.687310  0.570088  0.680362  0.807832  0.639624  0.778933  0.660265  0.746983  0.650163  0.636684  0.696203  0.594738  0.636675  0.789904  0.810313  0.653411  0.674744  0.818936  0.782745  0.736192  0.713106  0.770613  0.555760  0.708147  0.638848 0.0  0.601558  0.586281  0.719484  0.416595  0.715596  0.774680  0.783547  0.575274  0.612875 
53  0.584461  0.602231  0.690178  0.500711  0.540823  0.477721  0.449061  0.502331  0.634576  0.658836  0.531143  0.578618  0.459261  0.528405  0.659362  0.699518  0.672567  0.806428  0.677233  0.810363  0.713606  0.481265  0.558736  0.612197  0.431017  0.522700  0.718004  0.545445  0.729853  0.617959  0.559176  0.720580  0.459669  0.578889  0.613588  0.509064  0.732986  0.499200  0.519321  0.599644  0.555477  0.626049  0.327231  0.595264  0.631592  0.663206  0.529634  0.641371  0.636103  0.768609  0.556794  0.434512  0.601558 0.0  0.557534  0.500951  0.742844  0.730679  0.543849  0.642214  0.723302  0.871099 
54  0.560407  0.600744  0.598937  0.481486  0.700714  0.700283  0.538374  0.541429  0.677815  0.689911  0.494810  0.759507  0.308481  0.615879  0.613377  0.608370  0.677823  0.411520  0.468229  0.382190  0.669546  0.624286  0.745905  0.572705  0.717802  0.524576  0.566775  0.628615  0.407800  0.561659  0.658665  0.457015  0.606988  0.633455  0.582042  0.563997  0.528300  0.598401  0.465419  0.583164  0.535085  0.656361  0.715997  0.548853  0.678420  0.614986  0.615451  0.638300  0.539700  0.687009  0.618680  0.640371  0.586281  0.557534 0.0  0.676413  0.635052  0.608085  0.709946  0.783889  0.497689  0.370563 
55  0.525142  0.400579  0.827185  0.608392  0.301120  0.486395  0.593579  0.545987  0.783286  0.482861  0.538351  0.558945  0.623584  0.384933  0.780576  0.504887  0.637176  0.714309  0.683489  0.861732  0.363935  0.378884  0.321205  0.546205  0.539414  0.392283  0.529130  0.509220  0.777382  0.335126  0.436735  0.489328  0.406729  0.278792  0.334215  0.411106  0.437004  0.337201  0.538106  0.454173  0.322635  0.217267  0.403143  0.399035  0.647989  0.533862  0.364333  0.374471  0.474351  0.718075  0.489824  0.735853  0.719484  0.500951  0.676413 0.0  0.715094  0.681615  0.476509  0.470768  0.809355  0.794261 
56  0.566398  0.617132  0.505392  0.669626  0.601158  0.447492  0.604058  0.472650  0.522200  0.766280  0.606687  0.632924  0.722812  0.661911  0.457433  0.529582  0.836413  0.640988  0.578156  0.778936  0.614620  0.582804  0.596004  0.779926  0.714936  0.607736  0.546725  0.754864  0.622487  0.779133  0.634746  0.672042  0.719040  0.712653  0.743287  0.764410  0.732675  0.690293  0.617011  0.686948  0.590623  0.726300  0.675220  0.697753  0.786193  0.732983  0.577453  0.593623  0.589412  0.721346  0.675555  0.597893  0.416595  0.742844  0.635052  0.715094 0.0  0.631988  0.705710  0.630447  0.616011  0.642492 
57  0.565628  0.801467  0.458092  0.628426  0.766246  0.715571  0.768295  0.796002  0.787138  0.723742  0.653759  0.702982  0.681541  0.679293  0.642584  0.719244  0.662032  0.811192  0.581464  0.762752  0.822158  0.644035  0.679145  0.614430  0.573099  0.718816  0.677404  0.525373  0.685864  0.728751  0.657120  0.785556  0.676458  0.677554  0.742470  0.702794  0.726093  0.695828  0.628529  0.701811  0.726997  0.772580  0.734892  0.804100  0.697210  0.743518  0.557179  0.628045  0.609271  0.617423  0.663568  0.738456  0.715596  0.730679  0.608085  0.681615  0.631988 0.0  0.841077  0.792798  0.571772  0.510947 
58  0.507713  0.384989  0.813331  0.509453  0.586370  0.471412  0.442994  0.504676  0.734401  0.553131  0.302883  0.359866  0.813685  0.694721  0.609407  0.533404  0.793263  0.711307  0.748214  0.883120  0.754878  0.578376  0.563478  0.520237  0.380407  0.570731  0.692226  0.684535  0.845955  0.497126  0.666142  0.581592  0.565058  0.555675  0.686675  0.615186  0.595698  0.581511  0.598852  0.438290  0.541493  0.574575  0.588179  0.638303  0.793251  0.669523  0.618869  0.678844  0.707394  0.773903  0.562724  0.827641  0.774680  0.543849  0.709946  0.476509  0.705710  0.841077 0.0  0.507942  0.866385  0.717945 
59  0.452924  0.569984  0.879884  0.626428  0.370650  0.567229  0.504723  0.660588  0.820906  0.625853  0.581952  0.573467  0.694647  0.297694  0.816090  0.467625  0.735713  0.541753  0.728589  0.726078  0.415036  0.540517  0.562970  0.472052  0.623887  0.336203  0.565684  0.549689  0.749316  0.261959  0.448598  0.462759  0.506457  0.281792  0.367576  0.450946  0.330471  0.305357  0.511977  0.334447  0.243499  0.411264  0.686918  0.402022  0.657307  0.674700  0.521662  0.461405  0.375440  0.715084  0.337641  1.000000  0.783547  0.642214  0.783889  0.470768  0.630447  0.792798  0.507942 0.0  0.813281  0.757656 
60  0.724692  0.858147  0.678826  0.641350  0.871702  0.703180  0.751457  0.617359  0.515711  0.741342  0.725519  0.823386  0.536218  0.832396  0.746182  0.768290  0.666851  0.447510  0.490227  0.475219  0.789789  0.774058  0.766183  0.786267  0.735136  0.878228  0.562717  0.714203  0.273237  0.797264  0.626018  0.850611  0.717348  0.673757  0.751729  0.791409  0.734636  0.656603  0.476060  0.734986  0.772393  0.799289  0.644530  0.688455  0.831572  0.689654  0.711579  0.753521  0.671692  0.537866  0.728051  0.575595  0.575274  0.723302  0.497689  0.809355  0.616011  0.571772  0.866385  0.813281 0.0  0.285047 
61  0.667111  0.856999  0.533257  0.601620  0.849457  0.811183  0.725112  0.635893  0.606435  0.702224  0.629655  0.716008  0.616916  0.820196  0.627563  0.798535  0.745958  0.520187  0.342629  0.517625  0.739441  0.723225  0.817468  0.627800  0.778516  0.884085  0.626074  0.642747  0.290036  0.687209  0.856829  0.885679  0.815161  0.702926  0.743091  0.724709  0.802951  0.824821  0.597309  0.679200  0.777155  0.937477  0.640275  0.729987  0.794708  0.757410  0.753163  0.864014  0.692665  0.449014  0.719907  0.574019  0.612875  0.871099  0.370563  0.794261  0.642492  0.510947  0.717945  0.757656  0.285047 0.0 
