62
0 0.0  0.529963  0.705767  0.646372  0.474481  0.492702  0.497570  0.513686  0.670639  0.535683  0.481166  0.509938  0.475916  0.461152  0.722988  0.452575  0.671489  0.537837  0.667204  0.700004  0.486060  0.562434  0.467826  0.501706  0.428859  0.504951  0.575762  0.465437  0.625970  0.512391  0.538483  0.485483  0.629705  0.566311  0.455226  0.480436  0.430824  0.438483  0.470999  0.519052  0.532220  0.365803  0.513244  0.497570  0.433346  0.525675  0.484801  0.585468  0.470693  0.551054  0.428362  0.711396  0.660988  0.547046  0.628578  0.451310  0.684156  0.559419  0.576684  0.499177  0.656496  0.750772 
1  0.529963 0.0  0.751104  0.533276  0.632677  0.528201  0.389093  0.515983  0.680177  0.628780  0.346286  0.455901  0.583194  0.536627  0.701332  0.460355  0.752132  0.730062  0.818072  0.721469  0.551099  0.678974  0.536772  0.769067  0.399364  0.462488  0.531875  0.644881  0.858037  0.591724  0.621678  0.551667  0.510844  0.435248  0.627358  0.469003  0.587037  0.524668  0.528903  0.539666  0.528706  0.477286  0.503312  0.656842  0.667149  0.714420  0.429908  0.520267  0.633570  0.761760  0.728986  0.842566  0.745930  0.554493  0.606336  0.392966  0.707360  0.682221  0.418747  0.514433  0.867856  0.791659 
2  0.705767  0.751104 0.0  0.655007  0.905263  0.751280  0.927943  0.680880  0.551579  0.636200  0.692127  0.815700  0.805317  0.840422  0.468167  0.807987  0.544696  0.712802  0.343827  0.784366  0.919886  0.892490  0.776189  0.683145  0.848337  0.780949  0.837637  0.579834  0.504028  0.884627  0.753035  0.813164  0.871495  0.761577  0.903713  0.828745  0.797411  0.833019  0.673347  0.750404  0.845408  0.847894  0.606340  0.780110  0.806312  0.597427  0.747282  0.752781  0.684616  0.568043  0.879160  0.658785  0.470165  0.758225  0.702706  0.831842  0.634478  0.459141  0.780919  0.830167  0.530832  0.448635 
3  0.646372  0.533276  0.655007 0.0  0.648676  0.424569  0.526100  0.527599  0.737499  0.554254  0.495102  0.509497  0.694004  0.625568  0.826965  0.641230  0.766297  0.783350  0.588906  0.858506  0.680744  0.549676  0.729239  0.614630  0.248301  0.692875  0.659296  0.742374  0.744152  0.605788  0.630295  0.630797  0.618277  0.603616  0.719762  0.683011  0.596480  0.651260  0.659079  0.658527  0.677583  0.596953  0.451060  0.688195  0.662658  0.669312  0.603702  0.448418  0.658880  0.645808  0.632469  0.653917  0.753088  0.610913  0.639609  0.561943  0.598969  0.695756  0.457915  0.699672  0.541722  0.613501 
4  0.474481  0.632677  0.905263  0.648676 0.0  0.648841  0.613048  0.515661  0.804988  0.534985  0.631326  0.672310  0.600509  0.292279  0.697038  0.559526  0.612576  0.790462  0.761241  0.756506  0.254892  0.586133  0.548682  0.571547  0.685621  0.404112  0.464948  0.688918  0.818456  0.232839  0.498294  0.409545  0.364612  0.374514  0.379264  0.452678  0.425786  0.260073  0.560776  0.348987  0.289921  0.300145  0.573799  0.375746  0.742713  0.559243  0.598174  0.475667  0.392021  0.804438  0.356596  0.918327  0.760109  0.737624  0.574637  0.337879  0.612851  0.852697  0.659421  0.301726  0.866852  0.773357 
5  0.492702  0.528201  0.751280  0.424569  0.648841 0.0  0.338479  0.307127  0.601682  0.580888  0.415455  0.351859  0.763322  0.602688  0.702560  0.645096  0.580883  0.776612  0.779060  0.888782  0.758874  0.433045  0.575141  0.738152  0.412824  0.592943  0.581103  0.462624  0.776180  0.685352  0.639717  0.624982  0.677435  0.532299  0.720592  0.793945  0.665966  0.631709  0.521179  0.656673  0.550265  0.797852  0.272446  0.489062  0.661467  0.662202  0.529261  0.530410  0.694771  0.698163  0.714443  0.457630  0.567424  0.603281  0.731831  0.471830  0.465478  0.733675  0.527380  0.656143  0.860275  0.836748 
6  0.497570  0.389093  0.927943  0.526100  0.613048  0.338479 0.0  0.509098  0.621086  0.498848  0.407330  0.445389  0.703892  0.631102  0.790554  0.648500  0.606915  0.803756  0.780696  0.796843  0.833442  0.403085  0.560342  0.750261  0.428032  0.561703  0.617864  0.544352  0.815075  0.713419  0.590152  0.550142  0.702814  0.589190  0.493078  0.610394  0.661879  0.563726  0.595236  0.520671  0.606363  0.660481  0.384103  0.594581  0.694511  0.618749  0.548473  0.590179  0.535243  0.664187  0.594238  0.590491  0.772865  0.576390  0.647070  0.541085  0.594318  0.685232  0.480386  0.553917  0.785359  0.785886 
7  0.513686  0.515983  0.680880  0.527599  0.515661  0.307127  0.509098 0.0  0.471469  0.572387  0.428191  0.525823  0.544523  0.705678  0.425176  0.425638  0.768307  0.715776  0.640252  0.804568  0.673907  0.695408  0.737849  0.573058  0.465892  0.706092  0.402861  0.501786  0.795525  0.563731  0.718505  0.511358  0.554678  0.580993  0.620626  0.726631  0.587537  0.577738  0.585674  0.555273  0.541066  0.660578  0.444815  0.629548  0.625102  0.727240  0.668235  0.637927  0.730022  0.732349  0.749342  0.700345  0.469196  0.546930  0.663855  0.565534  0.461118  0.656583  0.541704  0.607994  0.666374  0.708869 
8  0.670639  0.680177  0.551579  0.737499  0.804988  0.601682  0.621086  0.471469 0.0  0.713388  0.698336  0.849961  0.509231  0.709840  0.538346  0.842213  0.747371  0.513740  0.550461  0.610935  0.821722  0.640220  0.847490  0.716976  0.862304  0.892640  0.543393  0.752536  0.511490  0.781807  0.690443  0.797081  0.757101  0.816425  0.668545  0.720210  0.690153  0.740844  0.679548  0.632330  0.707749  0.925700  0.571151  0.689445  0.540654  0.676532  0.737319  0.793922  0.675612  0.740307  0.708618  0.665866  0.570928  0.570959  0.531436  0.752887  0.516318  0.637865  0.830638  0.873687  0.549452  0.646375 
9  0.535683  0.628780  0.636200  0.554254  0.534985  0.580888  0.498848  0.572387  0.713388 0.0  0.646760  0.640667  0.717809  0.451157  0.832556  0.583449  0.439023  0.635640  0.778236  0.859513  0.734128  0.634515  0.593566  0.368513  0.484468  0.458107  0.433069  0.377880  0.838182  0.523335  0.456228  0.624503  0.573871  0.568258  0.508905  0.447112  0.614287  0.488583  0.585250  0.637382  0.474902  0.508904  0.552786  0.485460  0.644466  0.415180  0.523114  0.320859  0.534267  0.754057  0.560079  0.882842  0.702524  0.685271  0.706223  0.507951  0.817362  0.521933  0.579360  0.502950  0.717261  0.687571 
10  0.481166  0.346286  0.692127  0.495102  0.631326  0.415455  0.407330  0.428191  0.698336  0.646760 0.0  0.277721  0.898260  0.635127  0.616834  0.454970  0.752080  0.682463  0.733058  0.852700  0.696521  0.485536  0.546643  0.525825  0.428994  0.584220  0.566394  0.587859  0.829865  0.552281  0.681406  0.505287  0.588332  0.328207  0.693111  0.602302  0.679150  0.546755  0.618019  0.578249  0.478554  0.678911  0.363302  0.650060  0.739291  0.620655  0.632264  0.469191  0.493720  0.697138  0.635091  0.854174  0.634788  0.522957  0.432918  0.547130  0.513196  0.715928  0.365703  0.590386  0.771728  0.776382 
11  0.509938  0.455901  0.815700  0.509497  0.672310  0.351859  0.445389  0.525823  0.849961  0.640667  0.277721 0.0  0.756297  0.538583  0.652485  0.594405  0.751612  0.753526  0.693618  0.919335  0.773024  0.546443  0.669053  0.592111  0.297645  0.657041  0.629890  0.520555  0.903731  0.528897  0.581864  0.646689  0.803976  0.548617  0.662981  0.669011  0.713100  0.731463  0.605054  0.456860  0.462792  0.701761  0.418208  0.550679  0.763053  0.706007  0.579831  0.537868  0.595062  0.732838  0.605443  0.719741  0.694983  0.556273  0.765269  0.521199  0.660403  0.700211  0.130005  0.445767  0.903713  0.824034 
12  0.475916  0.583194  0.805317  0.694004  0.600509  0.763322  0.703892  0.544523  0.509231  0.717809  0.898260  0.756297 0.0  0.687679  0.889041  0.761602  0.667574  0.493434  0.644567  0.429454  0.754187  0.519823  0.735746  0.580737  0.730525  0.602059  0.361926  0.567971  0.580069  0.486692  0.598703  0.487849  0.521906  0.558736  0.654408  0.437979  0.585941  0.613360  0.319842  0.526282  0.548236  0.686817  0.569871  0.444476  0.739263  0.601742  0.509709  0.666193  0.742046  0.784837  0.586546  0.869269  0.661126  0.481742  0.468410  0.624601  0.742607  0.690165  0.900880  0.703101  0.422741  0.578908 
13  0.461152  0.536627  0.840422  0.625568  0.292279  0.602688  0.631102  0.705678  0.709840  0.451157  0.635127  0.538583  0.687679 0.0  0.778935  0.647553  0.642453  0.676567  0.702453  0.781416  0.372314  0.505614  0.578074  0.342033  0.487468  0.271925  0.602782  0.733630  0.863421  0.358492  0.469498  0.313599  0.407119  0.400288  0.422136  0.326522  0.426823  0.355804  0.438568  0.504574  0.187366  0.487475  0.627638  0.380605  0.776093  0.577147  0.520380  0.414974  0.335755  0.833920  0.255040  0.889898  0.726023  0.483771  0.635280  0.365629  0.698430  0.830145  0.648946  0.270586  0.792000  0.914537 
14  0.722988  0.701332  0.468167  0.826965  0.697038  0.702560  0.790554  0.425176  0.538346  0.832556  0.616834  0.652485  0.889041  0.778935 0.0  0.798672  0.686351  0.669714  0.585422  0.723717  0.712837  0.799943  0.864351  0.797313  0.753842  0.754927  0.882029  0.875723  0.614766  0.808872  0.757399  0.728024  0.797255  0.706010  0.718968  0.757155  0.650745  0.705947  0.703871  0.722797  0.727064  0.816740  0.745485  0.879965  0.740526  0.853557  0.805034  0.740761  0.693911  0.559493  0.780742  0.706418  0.369568  0.789598  0.666824  0.728268  0.473265  0.614871  0.638263  0.768535  0.576308  0.591822 
15  0.452575  0.460355  0.807987  0.641230  0.559526  0.645096  0.648500  0.425638  0.842213  0.583449  0.454970  0.594405  0.761602  0.647553  0.798672 0.0  0.825335  0.748753  0.751118  0.918818  0.618074  0.833135  0.528631  0.645355  0.609449  0.511325  0.718936  0.644070  0.897204  0.623745  0.771758  0.723924  0.667405  0.573163  0.478526  0.530074  0.714559  0.606547  0.535460  0.465415  0.598852  0.523966  0.699532  0.620054  0.831428  0.726321  0.517660  0.584150  0.685486  0.669558  0.596972  0.835008  0.611666  0.723124  0.723632  0.420051  0.684359  0.848126  0.579255  0.569635  0.807978  0.727058 
16  0.671489  0.752132  0.544696  0.766297  0.612576  0.580883  0.606915  0.768307  0.747371  0.439023  0.752080  0.751612  0.667574  0.642453  0.686351  0.825335 0.0  0.606844  0.503975  0.655077  0.690526  0.765213  0.693506  0.538752  0.705414  0.643660  0.702116  0.451174  0.769610  0.714987  0.556631  0.665040  0.740494  0.690954  0.726428  0.645442  0.644299  0.743918  0.555476  0.576572  0.623267  0.654885  0.643641  0.575989  0.698431  0.501819  0.695151  0.505960  0.769389  0.656699  0.645625  0.584667  0.671809  0.815351  0.641776  0.533186  0.782095  0.591667  0.902051  0.681052  0.703243  0.711993 
17  0.537837  0.730062  0.712802  0.783350  0.790462  0.776612  0.803756  0.715776  0.513740  0.635640  0.682463  0.753526  0.493434  0.676567  0.669714  0.748753  0.606844 0.0  0.839566  0.411072  0.741506  0.813339  0.815214  0.665641  0.845556  0.638408  0.461887  0.664295  0.494042  0.671420  0.687778  0.763133  0.711835  0.716826  0.702134  0.658513  0.611829  0.682028  0.598233  0.498101  0.463502  0.750591  0.602621  0.669727  0.596968  0.600585  0.624077  0.765617  0.620449  0.742783  0.528690  0.774680  0.670212  0.840145  0.539601  0.738470  0.634060  0.821744  0.744282  0.630404  0.443315  0.507964 
18  0.667204  0.818072  0.343827  0.588906  0.761241  0.779060  0.780696  0.640252  0.550461  0.778236  0.733058  0.693618  0.644567  0.702453  0.585422  0.751118  0.503975  0.839566 0.0  0.689431  0.929490  0.710645  0.743466  0.745241  0.696756  0.737931  0.754102  0.781304  0.524401  0.732649  0.738484  0.748378  0.757923  0.851530  0.694108  0.716809  0.728994  0.743232  0.759563  0.780014  0.848128  0.806982  0.598702  0.811697  0.745542  0.684005  0.689541  0.699359  0.684826  0.618049  0.757371  0.549323  0.543042  0.607797  0.590925  0.761675  0.730875  0.626449  0.775728  0.763320  0.472145  0.359217 
19  0.700004  0.721469  0.784366  0.858506  0.756506  0.888782  0.796843  0.804568  0.610935  0.859513  0.852700  0.919335  0.429454  0.781416  0.723717  0.918818  0.655077  0.411072  0.689431 0.0  0.819252  0.890398  0.913949  0.800854  0.815836  0.789957  0.593185  0.786542  0.502574  0.808496  0.835792  0.740262  0.739943  0.838426  0.730516  0.846527  0.570374  0.832215  0.582631  0.717368  0.801891  1.000000  0.923064  0.586673  0.858919  0.593061  0.733531  0.866145  0.736525  0.613872  0.669640  0.751306  0.767789  0.752804  0.488733  0.840630  0.842637  0.682949  0.974998  0.788160  0.455332  0.514250 
20  0.486060  0.551099  0.919886  0.680744  0.254892  0.758874  0.833442  0.673907  0.821722  0.734128  0.696521  0.773024  0.754187  0.372314  0.712837  0.618074  0.690526  0.741506  0.929490  0.819252 0.0  0.726221  0.618687  0.490391  0.735451  0.323395  0.570842  0.520852  0.830520  0.350855  0.607941  0.368663  0.549973  0.577881  0.474219  0.414556  0.372814  0.330247  0.690146  0.482415  0.327785  0.344896  0.760989  0.369337  0.895662  0.640671  0.630857  0.617373  0.469343  0.704104  0.532570  0.999961  0.783753  0.790068  0.606510  0.527459  0.701750  0.814445  0.885795  0.344724  0.855848  0.954251 
21  0.562434  0.678974  0.892490  0.549676  0.586133  0.433045  0.403085  0.695408  0.640220  0.634515  0.485536  0.546443  0.519823  0.505614  0.799943  0.833135  0.765213  0.813339  0.710645  0.890398  0.726221 0.0  0.475243  0.541810  0.448522  0.537697  0.569899  0.651079  0.848162  0.618157  0.482248  0.733463  0.552878  0.452856  0.602716  0.542316  0.698134  0.546573  0.589957  0.518897  0.511703  0.600532  0.536608  0.619450  0.813481  0.698647  0.332316  0.532416  0.538108  0.686794  0.599356  0.718591  0.674218  0.406439  0.615806  0.485376  0.772327  0.700640  0.648511  0.714861  0.709982  0.680418 
22  0.467826  0.536772  0.776189  0.729239  0.548682  0.575141  0.560342  0.737849  0.847490  0.593566  0.546643  0.669053  0.735746  0.578074  0.864351  0.528631  0.693506  0.815214  0.743466  0.913949  0.618687  0.475243 0.0  0.542281  0.633542  0.459728  0.599765  0.685921  0.778270  0.399595  0.502534  0.551052  0.498826  0.272916  0.534686  0.432348  0.635016  0.376006  0.571991  0.422563  0.420793  0.413094  0.588201  0.535557  0.807060  0.721300  0.330708  0.567850  0.423966  0.853370  0.456030  0.835405  0.747304  0.732774  0.606647  0.355670  0.601415  0.656960  0.515585  0.389507  0.860675  0.780848 
23  0.501706  0.769067  0.683145  0.614630  0.571547  0.738152  0.750261  0.573058  0.716976  0.368513  0.525825  0.592111  0.580737  0.342033  0.797313  0.645355  0.538752  0.665641  0.745241  0.800854  0.490391  0.541810  0.542281 0.0  0.553910  0.492410  0.517769  0.485049  0.711170  0.338739  0.459021  0.464735  0.375716  0.502173  0.347470  0.465380  0.583704  0.460491  0.528996  0.521731  0.494331  0.550361  0.671316  0.562213  0.714237  0.517127  0.537442  0.400521  0.527153  0.745543  0.536023  0.800150  0.738159  0.620024  0.609906  0.572087  0.749257  0.589941  0.622383  0.471150  0.812778  0.699254 
24  0.428859  0.399364  0.848337  0.248301  0.685621  0.412824  0.428032  0.465892  0.862304  0.484468  0.428994  0.297645  0.730525  0.487468  0.753842  0.609449  0.705414  0.845556  0.696756  0.815836  0.735451  0.448522  0.633542  0.553910 0.0  0.653065  0.631658  0.611433  0.771190  0.598642  0.607083  0.576783  0.551262  0.583282  0.623799  0.583934  0.531591  0.609161  0.587373  0.552364  0.547251  0.751803  0.257925  0.764176  0.852061  0.649780  0.491931  0.532151  0.657412  0.678815  0.634935  0.750222  0.660854  0.609953  0.600145  0.575847  0.702262  0.731684  0.454612  0.564169  0.858987  0.795849 
25  0.504951  0.462488  0.780949  0.692875  0.404112  0.592943  0.561703  0.706092  0.892640  0.458107  0.584220  0.657041  0.602059  0.271925  0.754927  0.511325  0.643660  0.638408  0.737931  0.789957  0.323395  0.537697  0.459728  0.492410  0.653065 0.0  0.506355  0.492201  0.950548  0.275460  0.484163  0.378356  0.350273  0.328843  0.283142  0.304757  0.444702  0.289162  0.580159  0.505549  0.323375  0.368543  0.676810  0.466487  0.668853  0.539440  0.417141  0.518047  0.499319  0.753620  0.312958  0.831975  0.759925  0.643630  0.622911  0.254818  0.640954  0.810836  0.739147  0.238689  0.898113  0.850001 
26  0.575762  0.531875  0.837637  0.659296  0.464948  0.581103  0.617864  0.402861  0.543393  0.433069  0.566394  0.629890  0.361926  0.602782  0.882029  0.718936  0.702116  0.461887  0.754102  0.593185  0.570842  0.569899  0.599765  0.517769  0.631658  0.506355 0.0  0.627277  0.546211  0.576750  0.642598  0.519649  0.626133  0.603320  0.505978  0.497359  0.616012  0.438981  0.201944  0.632174  0.571159  0.678692  0.640344  0.474097  0.610966  0.507785  0.522507  0.650549  0.643533  0.789928  0.616784  0.632001  0.711069  0.639744  0.455518  0.581644  0.529872  0.655822  0.723002  0.552479  0.521265  0.526435 
27  0.465437  0.644881  0.579834  0.742374  0.688918  0.462624  0.544352  0.501786  0.752536  0.377880  0.587859  0.520555  0.567971  0.733630  0.875723  0.644070  0.451174  0.664295  0.781304  0.786542  0.520852  0.651079  0.685921  0.485049  0.611433  0.492201  0.627277 0.0  0.769501  0.521391  0.602835  0.631562  0.565139  0.534019  0.597412  0.529492  0.614194  0.612663  0.579528  0.495620  0.565336  0.463727  0.568232  0.523504  0.494165  0.476432  0.584196  0.373931  0.583916  0.828893  0.636667  0.672989  0.820132  0.649359  0.760759  0.491668  0.732601  0.601161  0.610561  0.622650  0.729782  0.807465 
28  0.625970  0.858037  0.504028  0.744152  0.818456  0.776180  0.815075  0.795525  0.511490  0.838182  0.829865  0.903731  0.580069  0.863421  0.614766  0.897204  0.769610  0.494042  0.524401  0.502574  0.830520  0.848162  0.778270  0.711170  0.771190  0.950548  0.546211  0.769501 0.0  0.674440  0.705927  0.762612  0.705372  0.769686  0.766650  0.747707  0.694185  0.771755  0.546790  0.843919  0.798088  0.830823  0.790985  0.768952  0.747490  0.620592  0.677778  0.855598  0.741598  0.454902  0.737293  0.561847  0.625524  0.810080  0.522499  0.925026  0.559228  0.636492  0.958803  0.821841  0.330157  0.315315 
29  0.512391  0.591724  0.884627  0.605788  0.232839  0.685352  0.713419  0.563731  0.781807  0.523335  0.552281  0.528897  0.486692  0.358492  0.808872  0.623745  0.714987  0.671420  0.732649  0.808496  0.350855  0.618157  0.399595  0.338739  0.598642  0.275460  0.576750  0.521391  0.674440 0.0  0.445727  0.455821  0.309702  0.349659  0.424104  0.431454  0.391647  0.284358  0.584727  0.480077  0.275957  0.497832  0.583922  0.328922  0.673491  0.596843  0.562011  0.498757  0.339547  0.828409  0.395353  0.807894  0.792083  0.710614  0.633662  0.470532  0.610014  0.818466  0.566559  0.282077  0.754938  0.768128 
30  0.538483  0.621678  0.753035  0.630295  0.498294  0.639717  0.590152  0.718505  0.690443  0.456228  0.681406  0.581864  0.598703  0.469498  0.757399  0.771758  0.556631  0.687778  0.738484  0.835792  0.607941  0.482248  0.502534  0.459021  0.607083  0.484163  0.642598  0.602835  0.705927  0.445727 0.0  0.611567  0.503481  0.400900  0.564980  0.571508  0.735446  0.472875  0.594646  0.606811  0.511341  0.301142  0.656436  0.554277  0.567604  0.492752  0.499978  0.309908  0.528146  0.704885  0.520664  0.767121  0.895331  0.547795  0.706166  0.403426  0.767735  0.688274  0.750772  0.474645  0.829033  0.789815 
31  0.485483  0.551667  0.813164  0.630797  0.409545  0.624982  0.550142  0.511358  0.797081  0.624503  0.505287  0.646689  0.487849  0.313599  0.728024  0.723924  0.665040  0.763133  0.748378  0.740262  0.368663  0.733463  0.551052  0.464735  0.576783  0.378356  0.519649  0.631562  0.762612  0.455821  0.611567 0.0  0.352966  0.559418  0.308058  0.490843  0.487065  0.487104  0.610779  0.650754  0.502566  0.690045  0.688837  0.410046  0.889047  0.742537  0.630454  0.506737  0.428987  0.738348  0.311409  0.817992  0.747277  0.696439  0.538389  0.544805  0.633138  0.724661  0.563992  0.336909  0.859174  0.822491 
32  0.629705  0.510844  0.871495  0.618277  0.364612  0.677435  0.702814  0.554678  0.757101  0.573871  0.588332  0.803976  0.521906  0.407119  0.797255  0.667405  0.740494  0.711835  0.757923  0.739943  0.549973  0.552878  0.498826  0.375716  0.551262  0.350273  0.626133  0.565139  0.705372  0.309702  0.503481  0.352966 0.0  0.423433  0.382026  0.427883  0.500282  0.098641  0.495838  0.493109  0.282162  0.526467  0.596466  0.388899  0.748100  0.690277  0.534191  0.429604  0.437238  0.773060  0.354345  0.776640  0.753921  0.547630  0.624304  0.297603  0.717167  0.608808  0.605014  0.380358  0.742942  0.920563 
33  0.566311  0.435248  0.761577  0.603616  0.374514  0.532299  0.589190  0.580993  0.816425  0.568258  0.328207  0.548617  0.558736  0.400288  0.706010  0.573163  0.690954  0.716826  0.851530  0.838426  0.577881  0.452856  0.272916  0.502173  0.583282  0.328843  0.603320  0.534019  0.769686  0.349659  0.400900  0.559418  0.423433 0.0  0.357967  0.575183  0.532272  0.361080  0.506505  0.490957  0.363774  0.395014  0.502137  0.384798  0.772610  0.708291  0.349342  0.427085  0.456046  0.728185  0.465527  0.832524  0.722479  0.588947  0.625679  0.352695  0.689592  0.690606  0.602254  0.310483  0.834768  0.847005 
34  0.455226  0.627358  0.903713  0.719762  0.379264  0.720592  0.493078  0.620626  0.668545  0.508905  0.693111  0.662981  0.654408  0.422136  0.718968  0.478526  0.726428  0.702134  0.694108  0.730516  0.474219  0.602716  0.534686  0.347470  0.623799  0.283142  0.505978  0.597412  0.766650  0.424104  0.564980  0.308058  0.382026  0.357967 0.0  0.474336  0.386814  0.273746  0.498857  0.481947  0.470909  0.394203  0.690138  0.255641  0.754453  0.634489  0.588510  0.507065  0.356191  0.816650  0.254532  0.699069  0.753389  0.618656  0.600063  0.412175  0.702914  0.716598  0.567246  0.339731  0.780146  0.760374 
35  0.480436  0.469003  0.828745  0.683011  0.452678  0.793945  0.610394  0.726631  0.720210  0.447112  0.602302  0.669011  0.437979  0.326522  0.757155  0.530074  0.645442  0.658513  0.716809  0.846527  0.414556  0.542316  0.432348  0.465380  0.583934  0.304757  0.497359  0.529492  0.747707  0.431454  0.571508  0.490843  0.427883  0.575183  0.474336 0.0  0.395020  0.297187  0.475017  0.496743  0.320404  0.546101  0.524310  0.362821  0.716238  0.633436  0.635871  0.595015  0.449069  0.761733  0.393435  0.845182  0.730435  0.546811  0.489621  0.405429  0.804458  0.774326  0.652408  0.471292  0.795061  0.852293 
36  0.430824  0.587037  0.797411  0.596480  0.425786  0.665966  0.661879  0.587537  0.690153  0.614287  0.679150  0.713100  0.585941  0.426823  0.650745  0.714559  0.644299  0.611829  0.728994  0.570374  0.372814  0.698134  0.635016  0.583704  0.531591  0.444702  0.616012  0.614194  0.694185  0.391647  0.735446  0.487065  0.500282  0.532272  0.386814  0.395020 0.0  0.414865  0.511374  0.461151  0.446681  0.481318  0.702499  0.415140  0.747951  0.715623  0.668648  0.619892  0.452636  0.732169  0.520675  0.794346  0.716042  0.687987  0.749135  0.526368  0.792851  0.669824  0.681805  0.420829  0.721022  0.795303 
37  0.438483  0.524668  0.833019  0.651260  0.260073  0.631709  0.563726  0.577738  0.740844  0.488583  0.546755  0.731463  0.613360  0.355804  0.705947  0.606547  0.743918  0.682028  0.743232  0.832215  0.330247  0.546573  0.376006  0.460491  0.609161  0.289162  0.438981  0.612663  0.771755  0.284358  0.472875  0.487104  0.098641  0.361080  0.273746  0.297187  0.414865 0.0  0.366213  0.386635  0.167416  0.471472  0.537741  0.324405  0.737593  0.610797  0.541859  0.544287  0.331182  0.863127  0.275284  0.836331  0.768377  0.562556  0.594416  0.257850  0.740120  0.769777  0.552371  0.362979  0.883332  0.794168 
38  0.470999  0.528903  0.673347  0.659079  0.560776  0.521179  0.595236  0.585674  0.679548  0.585250  0.618019  0.605054  0.319842  0.438568  0.703871  0.535460  0.555476  0.598233  0.759563  0.582631  0.690146  0.589957  0.571991  0.528996  0.587373  0.580159  0.201944  0.579528  0.546790  0.584727  0.594646  0.610779  0.495838  0.506505  0.498857  0.475017  0.511374  0.366213 0.0  0.629603  0.468249  0.527577  0.574066  0.277500  0.618791  0.495004  0.372214  0.593581  0.474005  0.701477  0.580080  0.794952  0.625897  0.593240  0.471639  0.502457  0.595201  0.613792  0.754206  0.505268  0.537735  0.605837 
39  0.519052  0.539666  0.750404  0.658527  0.348987  0.656673  0.520671  0.555273  0.632330  0.637382  0.578249  0.456860  0.526282  0.504574  0.722797  0.465415  0.576572  0.498101  0.780014  0.717368  0.482415  0.518897  0.422563  0.521731  0.552364  0.505549  0.632174  0.495620  0.843919  0.480077  0.606811  0.650754  0.493109  0.490957  0.481947  0.496743  0.461151  0.386635  0.629603 0.0  0.410774  0.442880  0.617846  0.238027  0.566817  0.522436  0.495705  0.596957  0.585082  0.762725  0.513851  0.727486  0.703034  0.539188  0.567733  0.474173  0.668025  0.710073  0.582014  0.455571  0.779279  0.718641 
40  0.532220  0.528706  0.845408  0.677583  0.289921  0.550265  0.606363  0.541066  0.707749  0.474902  0.478554  0.462792  0.548236  0.187366  0.727064  0.598852  0.623267  0.463502  0.848128  0.801891  0.327785  0.511703  0.420793  0.494331  0.547251  0.323375  0.571159  0.565336  0.798088  0.275957  0.511341  0.502566  0.282162  0.363774  0.470909  0.320404  0.446681  0.167416  0.468249  0.410774 0.0  0.409791  0.552805  0.350753  0.736503  0.618407  0.383733  0.442182  0.421979  0.754284  0.310487  0.803884  0.776660  0.575533  0.647695  0.235804  0.676828  0.807232  0.529502  0.202750  0.941299  0.842643 
41  0.365803  0.477286  0.847894  0.596953  0.300145  0.797852  0.660481  0.660578  0.925700  0.508904  0.678911  0.701761  0.686817  0.487475  0.816740  0.523966  0.654885  0.750591  0.806982  1.000000  0.344896  0.600532  0.413094  0.550361  0.751803  0.368543  0.678692  0.463727  0.830823  0.497832  0.301142  0.690045  0.526467  0.395014  0.394203  0.546101  0.481318  0.471472  0.527577  0.442880  0.409791 0.0  0.625475  0.474710  0.631968  0.731472  0.480522  0.526077  0.541566  0.654052  0.467421  0.895051  0.847313  0.692065  0.740772  0.197197  0.799086  0.837388  0.545946  0.330379  0.778471  0.916643 
42  0.513244  0.503312  0.606340  0.451060  0.573799  0.272446  0.384103  0.444815  0.571151  0.552786  0.363302  0.418208  0.569871  0.627638  0.745485  0.699532  0.643641  0.602621  0.598702  0.923064  0.760989  0.536608  0.588201  0.671316  0.257925  0.676810  0.640344  0.568232  0.790985  0.583922  0.656436  0.688837  0.596466  0.502137  0.690138  0.524310  0.702499  0.537741  0.574066  0.617846  0.552805  0.625475 0.0  0.619469  0.657961  0.705643  0.383565  0.603720  0.717875  0.781732  0.774272  0.489865  0.660552  0.419459  0.672822  0.589107  0.699329  0.640679  0.573341  0.580922  0.682549  0.777781 
43  0.497570  0.656842  0.780110  0.688195  0.375746  0.489062  0.594581  0.629548  0.689445  0.485460  0.650060  0.550679  0.444476  0.380605  0.879965  0.620054  0.575989  0.669727  0.811697  0.586673  0.369337  0.619450  0.535557  0.562213  0.764176  0.466487  0.474097  0.523504  0.768952  0.328922  0.554277  0.410046  0.388899  0.384798  0.255641  0.362821  0.415140  0.324405  0.277500  0.238027  0.350753  0.474710  0.619469 0.0  0.553825  0.669428  0.291259  0.596236  0.478027  0.761832  0.396875  0.731874  0.661545  0.685200  0.625864  0.462800  0.746144  0.690177  0.839943  0.441084  0.715048  0.735909 
44  0.433346  0.667149  0.806312  0.662658  0.742713  0.661467  0.694511  0.625102  0.540654  0.644466  0.739291  0.763053  0.739263  0.776093  0.740526  0.831428  0.698431  0.596968  0.745542  0.858919  0.895662  0.813481  0.807060  0.714237  0.852061  0.668853  0.610966  0.494165  0.747490  0.673491  0.567604  0.889047  0.748100  0.772610  0.754453  0.716238  0.747951  0.737593  0.618791  0.566817  0.736503  0.631968  0.657961  0.553825 0.0  0.395028  0.586448  0.701730  0.786243  0.628166  0.631943  0.696206  0.724003  0.742616  0.720024  0.611938  0.754824  0.685689  0.649362  0.674971  0.799608  0.769390 
45  0.525675  0.714420  0.597427  0.669312  0.559243  0.662202  0.618749  0.727240  0.676532  0.415180  0.620655  0.706007  0.601742  0.577147  0.853557  0.726321  0.501819  0.600585  0.684005  0.593061  0.640671  0.698647  0.721300  0.517127  0.649780  0.539440  0.507785  0.476432  0.620592  0.596843  0.492752  0.742537  0.690277  0.708291  0.634489  0.633436  0.715623  0.610797  0.495004  0.522436  0.618407  0.731472  0.705643  0.669428  0.395028 0.0  0.613541  0.531025  0.746056  0.730694  0.511935  0.761206  0.787911  0.712830  0.605648  0.558590  0.842398  0.724155  0.703196  0.609020  0.754894  0.728529 
46  0.484801  0.429908  0.747282  0.603702  0.598174  0.529261  0.548473  0.668235  0.737319  0.523114  0.632264  0.579831  0.509709  0.520380  0.805034  0.517660  0.695151  0.624077  0.689541  0.733531  0.630857  0.332316  0.330708  0.537442  0.491931  0.417141  0.522507  0.584196  0.677778  0.562011  0.499978  0.630454  0.534191  0.349342  0.588510  0.635871  0.668648  0.541859  0.372214  0.495705  0.383733  0.480522  0.383565  0.291259  0.586448  0.613541 0.0  0.663309  0.426181  0.635420  0.384491  0.535587  0.844675  0.532050  0.550065  0.457068  0.680922  0.673658  0.650681  0.574420  0.647468  0.623121 
47  0.585468  0.520267  0.752781  0.448418  0.475667  0.530410  0.590179  0.637927  0.793922  0.320859  0.469191  0.537868  0.666193  0.414974  0.740761  0.584150  0.505960  0.765617  0.699359  0.866145  0.617373  0.532416  0.567850  0.400521  0.532151  0.518047  0.650549  0.373931  0.855598  0.498757  0.309908  0.506737  0.429604  0.427085  0.507065  0.595015  0.619892  0.544287  0.593581  0.596957  0.442182  0.526077  0.603720  0.596236  0.701730  0.531025  0.663309 0.0  0.483586  0.626000  0.448933  0.745038  0.572900  0.664468  0.619360  0.478957  0.613057  0.702509  0.684729  0.511980  0.930344  0.965006 
48  0.470693  0.633570  0.684616  0.658880  0.392021  0.694771  0.535243  0.730022  0.675612  0.534267  0.493720  0.595062  0.742046  0.335755  0.693911  0.685486  0.769389  0.620449  0.684826  0.736525  0.469343  0.538108  0.423966  0.527153  0.657412  0.499319  0.643533  0.583916  0.741598  0.339547  0.528146  0.428987  0.437238  0.456046  0.356191  0.449069  0.452636  0.331182  0.474005  0.585082  0.421979  0.541566  0.717875  0.478027  0.786243  0.746056  0.426181  0.483586 0.0  0.657223  0.352695  0.704520  0.792052  0.574147  0.599659  0.458592  0.787404  0.548396  0.673398  0.421576  0.851677  0.745612 
49  0.551054  0.761760  0.568043  0.645808  0.804438  0.698163  0.664187  0.732349  0.740307  0.754057  0.697138  0.732838  0.784837  0.833920  0.559493  0.669558  0.656699  0.742783  0.618049  0.613872  0.704104  0.686794  0.853370  0.745543  0.678815  0.753620  0.789928  0.828893  0.454902  0.828409  0.704885  0.738348  0.773060  0.728185  0.816650  0.761733  0.732169  0.863127  0.701477  0.762725  0.754284  0.654052  0.781732  0.761832  0.628166  0.730694  0.635420  0.626000  0.657223 0.0  0.726373  0.522176  0.560011  0.732923  0.541184  0.787923  0.630022  0.642159  0.701975  0.805391  0.615017  0.344558 
50  0.428362  0.728986  0.879160  0.632469  0.356596  0.714443  0.594238  0.749342  0.708618  0.560079  0.635091  0.605443  0.586546  0.255040  0.780742  0.596972  0.645625  0.528690  0.757371  0.669640  0.532570  0.599356  0.456030  0.536023  0.634935  0.312958  0.616784  0.636667  0.737293  0.395353  0.520664  0.311409  0.354345  0.465527  0.254532  0.393435  0.520675  0.275284  0.580080  0.513851  0.310487  0.467421  0.774272  0.396875  0.631943  0.511935  0.384491  0.448933  0.352695  0.726373 0.0  0.833034  0.708441  0.649364  0.707516  0.415069  0.730592  0.613465  0.721979  0.304443  0.702574  0.772085 
51  0.711396  0.842566  0.658785  0.653917  0.918327  0.457630  0.590491  0.700345  0.665866  0.882842  0.854174  0.719741  0.869269  0.889898  0.706418  0.835008  0.584667  0.774680  0.549323  0.751306  0.999961  0.718591  0.835405  0.800150  0.750222  0.831975  0.632001  0.672989  0.561847  0.807894  0.767121  0.817992  0.776640  0.832524  0.699069  0.845182  0.794346  0.836331  0.794952  0.727486  0.803884  0.895051  0.489865  0.731874  0.696206  0.761206  0.535587  0.745038  0.704520  0.522176  0.833034 0.0  0.594092  0.619703  0.616689  0.719238  0.816193  0.706998  0.852999  0.868939  0.569822  0.542058 
52  0.660988  0.745930  0.470165  0.753088  0.760109  0.567424  0.772865  0.469196  0.570928  0.702524  0.634788  0.694983  0.661126  0.726023  0.369568  0.611666  0.671809  0.670212  0.543042  0.767789  0.783753  0.674218  0.747304  0.738159  0.660854  0.759925  0.711069  0.820132  0.625524  0.792083  0.895331  0.747277  0.753921  0.722479  0.753389  0.730435  0.716042  0.768377  0.625897  0.703034  0.776660  0.847313  0.660552  0.661545  0.724003  0.787911  0.844675  0.572900  0.792052  0.560011  0.708441  0.594092 0.0  0.839434  0.645340  0.749896  0.451227  0.669676  0.792090  0.735878  0.605437  0.591697 
53  0.547046  0.554493  0.758225  0.610913  0.737624  0.603281  0.576390  0.546930  0.570959  0.685271  0.522957  0.556273  0.481742  0.483771  0.789598  0.723124  0.815351  0.840145  0.607797  0.752804  0.790068  0.406439  0.732774  0.620024  0.609953  0.643630  0.639744  0.649359  0.810080  0.710614  0.547795  0.696439  0.547630  0.588947  0.618656  0.546811  0.687987  0.562556  0.593240  0.539188  0.575533  0.692065  0.419459  0.685200  0.742616  0.712830  0.532050  0.664468  0.574147  0.732923  0.649364  0.619703  0.839434 0.0  0.553144  0.600049  0.799856  0.774305  0.672203  0.739882  0.752390  0.955399 
54  0.628578  0.606336  0.702706  0.639609  0.574637  0.731831  0.647070  0.663855  0.531436  0.706223  0.432918  0.765269  0.468410  0.635280  0.666824  0.723632  0.641776  0.539601  0.590925  0.488733  0.606510  0.615806  0.606647  0.609906  0.600145  0.622911  0.455518  0.760759  0.522499  0.633662  0.706166  0.538389  0.624304  0.625679  0.600063  0.489621  0.749135  0.594416  0.471639  0.567733  0.647695  0.740772  0.672822  0.625864  0.720024  0.605648  0.550065  0.619360  0.599659  0.541184  0.707516  0.616689  0.645340  0.553144 0.0  0.619920  0.580669  0.672545  0.646696  0.623082  0.552707  0.553886 
55  0.451310  0.392966  0.831842  0.561943  0.337879  0.471830  0.541085  0.565534  0.752887  0.507951  0.547130  0.521199  0.624601  0.365629  0.728268  0.420051  0.533186  0.738470  0.761675  0.840630  0.527459  0.485376  0.355670  0.572087  0.575847  0.254818  0.581644  0.491668  0.925026  0.470532  0.403426  0.544805  0.297603  0.352695  0.412175  0.405429  0.526368  0.257850  0.502457  0.474173  0.235804  0.197197  0.589107  0.462800  0.611938  0.558590  0.457068  0.478957  0.458592  0.787923  0.415069  0.719238  0.749896  0.600049  0.619920 0.0  0.671821  0.702600  0.566480  0.432133  0.796748  0.887065 
56  0.684156  0.707360  0.634478  0.598969  0.612851  0.465478  0.594318  0.461118  0.516318  0.817362  0.513196  0.660403  0.742607  0.698430  0.473265  0.684359  0.782095  0.634060  0.730875  0.842637  0.701750  0.772327  0.601415  0.749257  0.702262  0.640954  0.529872  0.732601  0.559228  0.610014  0.767735  0.633138  0.717167  0.689592  0.702914  0.804458  0.792851  0.740120  0.595201  0.668025  0.676828  0.799086  0.699329  0.746144  0.754824  0.842398  0.680922  0.613057  0.787404  0.630022  0.730592  0.816193  0.451227  0.799856  0.580669  0.671821 0.0  0.701850  0.631596  0.713160  0.648767  0.698936 
57  0.559419  0.682221  0.459141  0.695756  0.852697  0.733675  0.685232  0.656583  0.637865  0.521933  0.715928  0.700211  0.690165  0.830145  0.614871  0.848126  0.591667  0.821744  0.626449  0.682949  0.814445  0.700640  0.656960  0.589941  0.731684  0.810836  0.655822  0.601161  0.636492  0.818466  0.688274  0.724661  0.608808  0.690606  0.716598  0.774326  0.669824  0.769777  0.613792  0.710073  0.807232  0.837388  0.640679  0.690177  0.685689  0.724155  0.673658  0.702509  0.548396  0.642159  0.613465  0.706998  0.669676  0.774305  0.672545  0.702600  0.701850 0.0  0.712796  0.738023  0.784263  0.604817 
58  0.576684  0.418747  0.780919  0.457915  0.659421  0.527380  0.480386  0.541704  0.830638  0.579360  0.365703  0.130005  0.900880  0.648946  0.638263  0.579255  0.902051  0.744282  0.775728  0.974998  0.885795  0.648511  0.515585  0.622383  0.454612  0.739147  0.723002  0.610561  0.958803  0.566559  0.750772  0.563992  0.605014  0.602254  0.567246  0.652408  0.681805  0.552371  0.754206  0.582014  0.529502  0.545946  0.573341  0.839943  0.649362  0.703196  0.650681  0.684729  0.673398  0.701975  0.721979  0.852999  0.792090  0.672203  0.646696  0.566480  0.631596  0.712796 0.0  0.555698  0.918033  0.886630 
59  0.499177  0.514433  0.830167  0.699672  0.301726  0.656143  0.553917  0.607994  0.873687  0.502950  0.590386  0.445767  0.703101  0.270586  0.768535  0.569635  0.681052  0.630404  0.763320  0.788160  0.344724  0.714861  0.389507  0.471150  0.564169  0.238689  0.552479  0.622650  0.821841  0.282077  0.474645  0.336909  0.380358  0.310483  0.339731  0.471292  0.420829  0.362979  0.505268  0.455571  0.202750  0.330379  0.580922  0.441084  0.674971  0.609020  0.574420  0.511980  0.421576  0.805391  0.304443  0.868939  0.735878  0.739882  0.623082  0.432133  0.713160  0.738023  0.555698 0.0  0.798953  0.818354 
60  0.656496  0.867856  0.530832  0.541722  0.866852  0.860275  0.785359  0.666374  0.549452  0.717261  0.771728  0.903713  0.422741  0.792000  0.576308  0.807978  0.703243  0.443315  0.472145  0.455332  0.855848  0.709982  0.860675  0.812778  0.858987  0.898113  0.521265  0.729782  0.330157  0.754938  0.829033  0.859174  0.742942  0.834768  0.780146  0.795061  0.721022  0.883332  0.537735  0.779279  0.941299  0.778471  0.682549  0.715048  0.799608  0.754894  0.647468  0.930344  0.851677  0.615017  0.702574  0.569822  0.605437  0.752390  0.552707  0.796748  0.648767  0.784263  0.918033  0.798953 0.0  0.283738 
61  0.750772  0.791659  0.448635  0.613501  0.773357  0.836748  0.785886  0.708869  0.646375  0.687571  0.776382  0.824034  0.578908  0.914537  0.591822  0.727058  0.711993  0.507964  0.359217  0.514250  0.954251  0.680418  0.780848  0.699254  0.795849  0.850001  0.526435  0.807465  0.315315  0.768128  0.789815  0.822491  0.920563  0.847005  0.760374  0.852293  0.795303  0.794168  0.605837  0.718641  0.842643  0.916643  0.777781  0.735909  0.769390  0.728529  0.623121  0.965006  0.745612  0.344558  0.772085  0.542058  0.591697  0.955399  0.553886  0.887065  0.698936  0.604817  0.886630  0.818354  0.283738 0.0 
