stabs = containers.Map();
all_stabs = containers.Map();
trans = containers.Map();
indiv_uniform_ancestrals = containers.Map();
indiv_fuzzy_ancestrals = containers.Map();
indiv_stationary_ancestrals = containers.Map();
multi_uniform_ancestrals = containers.Map();
multi_fuzzy_ancestrals = containers.Map();
multi_stationary_ancestrals = containers.Map();
indiv_sliding_priors = containers.Map();
multi_sliding_priors = containers.Map();
Q = containers.Map();
indiv_sliding_priors('geographic_afro') = [0.101663, 0.312188, 0.149810, 0.145652, 0.145485, 0.145202;
0.133384, 0.442094, 0.147813, 0.092137, 0.092288, 0.092284;
0.148163, 0.515799, 0.138346, 0.065744, 0.065945, 0.066003;
0.155355, 0.561192, 0.128658, 0.051459, 0.051639, 0.051696;
0.158895, 0.590578, 0.120534, 0.043219, 0.043364, 0.043409;
0.160604, 0.610267, 0.114167, 0.038234, 0.038348, 0.038380;
0.161377, 0.623806, 0.109310, 0.035102, 0.035190, 0.035215;
0.161670, 0.633313, 0.105643, 0.033071, 0.033141, 0.033161;
0.161720, 0.640105, 0.102883, 0.031720, 0.031777, 0.031794;
0.161656, 0.645031, 0.100801, 0.030801, 0.030848, 0.030864;
0.161542, 0.648651, 0.099224, 0.030162, 0.030203, 0.030218;
0.161413, 0.651342, 0.098023, 0.029711, 0.029748, 0.029763;
0.161286, 0.653364, 0.097104, 0.029388, 0.029421, 0.029436;
0.161170, 0.654898, 0.096396, 0.029153, 0.029184, 0.029199;
0.161068, 0.656072, 0.095846, 0.028980, 0.029009, 0.029025;
0.160980, 0.656978, 0.095417, 0.028851, 0.028879, 0.028895;
0.160904, 0.657683, 0.095080, 0.028754, 0.028781, 0.028798;
0.160841, 0.658234, 0.094814, 0.028680, 0.028707, 0.028724;
0.160787, 0.658668, 0.094603, 0.028624, 0.028650, 0.028668;
0.160743, 0.659011, 0.094434, 0.028580, 0.028606, 0.028625;
0.160706, 0.659285, 0.094299, 0.028546, 0.028573, 0.028591;
0.160675, 0.659503, 0.094190, 0.028520, 0.028546, 0.028565;
0.160650, 0.659679, 0.094102, 0.028499, 0.028526, 0.028545;
0.160628, 0.659821, 0.094030, 0.028483, 0.028509, 0.028529;
0.160611, 0.659935, 0.093971, 0.028470, 0.028497, 0.028516;
0.160596, 0.660028, 0.093923, 0.028460, 0.028487, 0.028506;
0.160584, 0.660104, 0.093883, 0.028452, 0.028479, 0.028498;
0.160574, 0.660166, 0.093851, 0.028446, 0.028472, 0.028492;
0.160565, 0.660216, 0.093824, 0.028440, 0.028467, 0.028487;
0.160558, 0.660257, 0.093802, 0.028436, 0.028463, 0.028483;
0.160553, 0.660291, 0.093784, 0.028433, 0.028460, 0.028480;
0.160548, 0.660319, 0.093768, 0.028430, 0.028457, 0.028477;
0.160544, 0.660341, 0.093756, 0.028428, 0.028455, 0.028476;
0.160541, 0.660360, 0.093745, 0.028427, 0.028454, 0.028474;
0.160538, 0.660375, 0.093736, 0.028425, 0.028453, 0.028473;
0.160536, 0.660387, 0.093729, 0.028424, 0.028452, 0.028472;
0.160534, 0.660397, 0.093723, 0.028424, 0.028451, 0.028471;
0.160532, 0.660405, 0.093718, 0.028423, 0.028451, 0.028471;
0.160531, 0.660412, 0.093714, 0.028423, 0.028450, 0.028470;
0.160530, 0.660417, 0.093710, 0.028422, 0.028450, 0.028470;
0.160529, 0.660421, 0.093707, 0.028422, 0.028450, 0.028470;
0.160529, 0.660425, 0.093705, 0.028422, 0.028450, 0.028470;
0.160528, 0.660427, 0.093703, 0.028422, 0.028450, 0.028470;
0.160528, 0.660429, 0.093701, 0.028422, 0.028450, 0.028470;
0.160527, 0.660430, 0.093700, 0.028422, 0.028450, 0.028470;
0.160527, 0.660431, 0.093699, 0.028422, 0.028450, 0.028470;
0.160527, 0.660432, 0.093698, 0.028422, 0.028450, 0.028470;
0.160527, 0.660432, 0.093698, 0.028422, 0.028450, 0.028471;
0.160527, 0.660432, 0.093697, 0.028422, 0.028451, 0.028471;
0.160527, 0.660432, 0.093697, 0.028423, 0.028451, 0.028471;
0.160527, 0.660432, 0.093697, 0.028423, 0.028451, 0.028471;
0.160527, 0.660432, 0.093696, 0.028423, 0.028451, 0.028471;
0.160527, 0.660431, 0.093696, 0.028423, 0.028451, 0.028471;
0.160527, 0.660430, 0.093696, 0.028423, 0.028451, 0.028472;
0.160527, 0.660430, 0.093696, 0.028423, 0.028452, 0.028472;
0.160527, 0.660429, 0.093697, 0.028423, 0.028452, 0.028472;
0.160527, 0.660428, 0.093697, 0.028424, 0.028452, 0.028472;
0.160527, 0.660428, 0.093697, 0.028424, 0.028452, 0.028472;
0.160527, 0.660427, 0.093697, 0.028424, 0.028452, 0.028473;
0.160527, 0.660426, 0.093697, 0.028424, 0.028453, 0.028473;
0.160527, 0.660425, 0.093697, 0.028424, 0.028453, 0.028473;
0.160528, 0.660425, 0.093698, 0.028424, 0.028453, 0.028473;
0.160528, 0.660424, 0.093698, 0.028424, 0.028453, 0.028473;
0.160528, 0.660423, 0.093698, 0.028425, 0.028453, 0.028473;
0.160528, 0.660422, 0.093698, 0.028425, 0.028453, 0.028473;
0.160528, 0.660422, 0.093698, 0.028425, 0.028453, 0.028474;
0.160528, 0.660421, 0.093699, 0.028425, 0.028454, 0.028474;
0.160528, 0.660420, 0.093699, 0.028425, 0.028454, 0.028474;
0.160528, 0.660420, 0.093699, 0.028425, 0.028454, 0.028474;
0.160528, 0.660419, 0.093699, 0.028425, 0.028454, 0.028474;
0.160528, 0.660418, 0.093700, 0.028425, 0.028454, 0.028474;
0.160529, 0.660418, 0.093700, 0.028425, 0.028454, 0.028474;
0.160529, 0.660417, 0.093700, 0.028426, 0.028454, 0.028474;
0.160529, 0.660417, 0.093700, 0.028426, 0.028454, 0.028474;
0.160529, 0.660416, 0.093700, 0.028426, 0.028454, 0.028474;
0.160529, 0.660416, 0.093701, 0.028426, 0.028455, 0.028475;
0.160529, 0.660415, 0.093701, 0.028426, 0.028455, 0.028475;
0.160529, 0.660415, 0.093701, 0.028426, 0.028455, 0.028475;
0.160529, 0.660414, 0.093701, 0.028426, 0.028455, 0.028475;
0.160529, 0.660414, 0.093701, 0.028426, 0.028455, 0.028475;
0.160529, 0.660413, 0.093701, 0.028426, 0.028455, 0.028475;
0.160529, 0.660413, 0.093702, 0.028426, 0.028455, 0.028475;
0.160529, 0.660413, 0.093702, 0.028426, 0.028455, 0.028475;
0.160529, 0.660412, 0.093702, 0.028426, 0.028455, 0.028475;
0.160529, 0.660412, 0.093702, 0.028426, 0.028455, 0.028475;
0.160529, 0.660412, 0.093702, 0.028426, 0.028455, 0.028475;
0.160529, 0.660411, 0.093702, 0.028426, 0.028455, 0.028475;
0.160530, 0.660411, 0.093702, 0.028427, 0.028455, 0.028475;
0.160530, 0.660411, 0.093702, 0.028427, 0.028455, 0.028475;
0.160530, 0.660410, 0.093703, 0.028427, 0.028456, 0.028475;
0.160530, 0.660410, 0.093703, 0.028427, 0.028456, 0.028475;
0.160530, 0.660410, 0.093703, 0.028427, 0.028456, 0.028476;
0.160530, 0.660409, 0.093703, 0.028427, 0.028456, 0.028476;
0.160530, 0.660409, 0.093703, 0.028427, 0.028456, 0.028476;
0.160530, 0.660409, 0.093703, 0.028427, 0.028456, 0.028476;
0.160530, 0.660409, 0.093703, 0.028427, 0.028456, 0.028476;
0.160530, 0.660409, 0.093703, 0.028427, 0.028456, 0.028476;
0.160530, 0.660408, 0.093703, 0.028427, 0.028456, 0.028476;
0.160530, 0.660408, 0.093703, 0.028427, 0.028456, 0.028476;
0.160530, 0.660408, 0.093704, 0.028427, 0.028456, 0.028476;
];
indiv_sliding_priors('geographic_austro') = [0.752020, 0.109766, 0.002823, 0.021247, 0.048745, 0.065399;
0.753930, 0.154300, 0.002816, 0.017005, 0.030151, 0.041798;
0.745796, 0.179687, 0.003020, 0.015499, 0.023467, 0.032531;
0.735070, 0.197078, 0.003254, 0.014998, 0.020933, 0.028667;
0.724885, 0.209399, 0.003471, 0.014954, 0.020096, 0.027195;
0.716446, 0.218122, 0.003651, 0.015092, 0.019933, 0.026755;
0.709954, 0.224246, 0.003790, 0.015275, 0.020011, 0.026725;
0.705169, 0.228516, 0.003891, 0.015444, 0.020150, 0.026831;
0.701724, 0.231488, 0.003963, 0.015579, 0.020284, 0.026962;
0.699271, 0.233565, 0.004012, 0.015680, 0.020393, 0.027079;
0.697528, 0.235026, 0.004046, 0.015753, 0.020476, 0.027171;
0.696286, 0.236064, 0.004069, 0.015805, 0.020536, 0.027240;
0.695394, 0.236811, 0.004085, 0.015841, 0.020578, 0.027290;
0.694747, 0.237357, 0.004096, 0.015866, 0.020608, 0.027326;
0.694273, 0.237760, 0.004103, 0.015883, 0.020629, 0.027351;
0.693920, 0.238063, 0.004108, 0.015895, 0.020644, 0.027369;
0.693654, 0.238294, 0.004111, 0.015904, 0.020655, 0.027382;
0.693451, 0.238473, 0.004114, 0.015910, 0.020662, 0.027391;
0.693294, 0.238612, 0.004115, 0.015914, 0.020667, 0.027397;
0.693171, 0.238723, 0.004117, 0.015917, 0.020671, 0.027402;
0.693074, 0.238812, 0.004117, 0.015919, 0.020673, 0.027405;
0.692995, 0.238884, 0.004118, 0.015920, 0.020675, 0.027408;
0.692932, 0.238943, 0.004118, 0.015921, 0.020676, 0.027409;
0.692880, 0.238992, 0.004119, 0.015922, 0.020677, 0.027411;
0.692837, 0.239032, 0.004119, 0.015923, 0.020678, 0.027412;
0.692801, 0.239067, 0.004119, 0.015923, 0.020679, 0.027412;
0.692771, 0.239095, 0.004119, 0.015923, 0.020679, 0.027413;
0.692745, 0.239120, 0.004119, 0.015923, 0.020679, 0.027413;
0.692723, 0.239141, 0.004119, 0.015924, 0.020679, 0.027413;
0.692705, 0.239159, 0.004119, 0.015924, 0.020680, 0.027414;
0.692689, 0.239175, 0.004119, 0.015924, 0.020680, 0.027414;
0.692675, 0.239188, 0.004119, 0.015924, 0.020680, 0.027414;
0.692663, 0.239200, 0.004119, 0.015924, 0.020680, 0.027414;
0.692652, 0.239211, 0.004119, 0.015924, 0.020680, 0.027414;
0.692643, 0.239220, 0.004119, 0.015924, 0.020680, 0.027414;
0.692635, 0.239228, 0.004119, 0.015924, 0.020680, 0.027414;
0.692628, 0.239235, 0.004119, 0.015924, 0.020680, 0.027414;
0.692621, 0.239241, 0.004119, 0.015924, 0.020680, 0.027414;
0.692616, 0.239247, 0.004119, 0.015924, 0.020680, 0.027414;
0.692611, 0.239251, 0.004119, 0.015924, 0.020680, 0.027414;
0.692606, 0.239256, 0.004119, 0.015924, 0.020680, 0.027414;
0.692602, 0.239260, 0.004119, 0.015924, 0.020680, 0.027414;
0.692599, 0.239263, 0.004119, 0.015924, 0.020680, 0.027414;
0.692596, 0.239267, 0.004119, 0.015924, 0.020680, 0.027414;
0.692593, 0.239269, 0.004119, 0.015924, 0.020680, 0.027414;
0.692590, 0.239272, 0.004119, 0.015924, 0.020680, 0.027414;
0.692588, 0.239274, 0.004119, 0.015924, 0.020680, 0.027414;
0.692586, 0.239276, 0.004119, 0.015924, 0.020680, 0.027414;
0.692584, 0.239278, 0.004119, 0.015924, 0.020680, 0.027414;
0.692582, 0.239280, 0.004119, 0.015924, 0.020680, 0.027414;
0.692581, 0.239282, 0.004119, 0.015924, 0.020680, 0.027414;
0.692579, 0.239283, 0.004119, 0.015924, 0.020680, 0.027414;
0.692578, 0.239284, 0.004119, 0.015924, 0.020680, 0.027414;
0.692577, 0.239286, 0.004119, 0.015924, 0.020680, 0.027414;
0.692576, 0.239287, 0.004119, 0.015924, 0.020680, 0.027414;
0.692575, 0.239288, 0.004119, 0.015924, 0.020680, 0.027414;
0.692574, 0.239289, 0.004119, 0.015924, 0.020680, 0.027414;
0.692573, 0.239289, 0.004119, 0.015924, 0.020680, 0.027414;
0.692572, 0.239290, 0.004119, 0.015924, 0.020680, 0.027414;
0.692571, 0.239291, 0.004119, 0.015924, 0.020680, 0.027414;
0.692571, 0.239291, 0.004119, 0.015924, 0.020680, 0.027414;
0.692570, 0.239292, 0.004119, 0.015924, 0.020680, 0.027414;
0.692570, 0.239293, 0.004119, 0.015924, 0.020680, 0.027414;
0.692569, 0.239293, 0.004119, 0.015924, 0.020680, 0.027414;
0.692569, 0.239293, 0.004119, 0.015924, 0.020680, 0.027414;
0.692568, 0.239294, 0.004119, 0.015924, 0.020680, 0.027414;
0.692568, 0.239294, 0.004119, 0.015924, 0.020680, 0.027414;
0.692568, 0.239295, 0.004119, 0.015924, 0.020680, 0.027414;
0.692567, 0.239295, 0.004119, 0.015924, 0.020680, 0.027414;
0.692567, 0.239295, 0.004119, 0.015924, 0.020680, 0.027414;
0.692567, 0.239296, 0.004119, 0.015924, 0.020680, 0.027414;
0.692566, 0.239296, 0.004119, 0.015924, 0.020680, 0.027414;
0.692566, 0.239296, 0.004119, 0.015924, 0.020680, 0.027414;
0.692566, 0.239296, 0.004119, 0.015924, 0.020680, 0.027414;
0.692566, 0.239297, 0.004119, 0.015924, 0.020680, 0.027414;
0.692565, 0.239297, 0.004119, 0.015924, 0.020680, 0.027414;
0.692565, 0.239297, 0.004119, 0.015924, 0.020680, 0.027414;
0.692565, 0.239297, 0.004119, 0.015924, 0.020680, 0.027414;
0.692565, 0.239297, 0.004119, 0.015924, 0.020680, 0.027414;
0.692565, 0.239297, 0.004119, 0.015924, 0.020680, 0.027414;
0.692565, 0.239297, 0.004119, 0.015924, 0.020680, 0.027414;
0.692565, 0.239298, 0.004119, 0.015924, 0.020680, 0.027414;
0.692564, 0.239298, 0.004119, 0.015924, 0.020680, 0.027414;
0.692564, 0.239298, 0.004119, 0.015924, 0.020680, 0.027414;
0.692564, 0.239298, 0.004119, 0.015924, 0.020680, 0.027414;
0.692564, 0.239298, 0.004119, 0.015924, 0.020680, 0.027414;
0.692564, 0.239298, 0.004119, 0.015924, 0.020680, 0.027414;
0.692564, 0.239298, 0.004119, 0.015924, 0.020680, 0.027414;
0.692564, 0.239298, 0.004119, 0.015924, 0.020680, 0.027414;
0.692564, 0.239298, 0.004119, 0.015924, 0.020680, 0.027414;
0.692564, 0.239298, 0.004119, 0.015924, 0.020680, 0.027414;
0.692564, 0.239298, 0.004119, 0.015924, 0.020680, 0.027414;
0.692564, 0.239299, 0.004119, 0.015924, 0.020680, 0.027414;
0.692564, 0.239299, 0.004119, 0.015924, 0.020680, 0.027414;
0.692564, 0.239299, 0.004119, 0.015924, 0.020680, 0.027414;
0.692563, 0.239299, 0.004119, 0.015924, 0.020680, 0.027414;
0.692563, 0.239299, 0.004119, 0.015924, 0.020680, 0.027414;
0.692563, 0.239299, 0.004119, 0.015924, 0.020680, 0.027414;
0.692563, 0.239299, 0.004119, 0.015924, 0.020680, 0.027414;
0.692563, 0.239299, 0.004119, 0.015924, 0.020680, 0.027414;
];
indiv_sliding_priors('geographic_indo') = [0.663413, 0.026449, 0.074582, 0.078680, 0.078527, 0.078349;
0.796083, 0.032818, 0.050239, 0.040365, 0.040363, 0.040131;
0.847835, 0.035436, 0.038328, 0.026183, 0.026198, 0.026019;
0.873029, 0.036770, 0.031639, 0.019558, 0.019569, 0.019435;
0.886579, 0.037545, 0.027680, 0.016098, 0.016101, 0.015996;
0.894272, 0.038038, 0.025274, 0.014170, 0.014167, 0.014080;
0.898777, 0.038369, 0.023789, 0.013053, 0.013045, 0.012967;
0.901464, 0.038602, 0.022866, 0.012388, 0.012376, 0.012304;
0.903079, 0.038769, 0.022290, 0.011986, 0.011972, 0.011903;
0.904051, 0.038892, 0.021931, 0.011742, 0.011725, 0.011658;
0.904631, 0.038984, 0.021709, 0.011593, 0.011575, 0.011508;
0.904971, 0.039054, 0.021573, 0.011502, 0.011483, 0.011417;
0.905163, 0.039107, 0.021491, 0.011448, 0.011428, 0.011363;
0.905264, 0.039149, 0.021444, 0.011417, 0.011396, 0.011331;
0.905310, 0.039181, 0.021419, 0.011400, 0.011378, 0.011313;
0.905322, 0.039206, 0.021407, 0.011391, 0.011369, 0.011305;
0.905315, 0.039226, 0.021403, 0.011388, 0.011366, 0.011301;
0.905297, 0.039242, 0.021405, 0.011389, 0.011366, 0.011302;
0.905273, 0.039255, 0.021409, 0.011391, 0.011368, 0.011304;
0.905247, 0.039266, 0.021414, 0.011394, 0.011371, 0.011307;
0.905222, 0.039274, 0.021421, 0.011398, 0.011375, 0.011311;
0.905197, 0.039281, 0.021427, 0.011402, 0.011379, 0.011314;
0.905173, 0.039287, 0.021433, 0.011406, 0.011383, 0.011318;
0.905152, 0.039291, 0.021439, 0.011410, 0.011386, 0.011322;
0.905132, 0.039295, 0.021445, 0.011413, 0.011390, 0.011325;
0.905114, 0.039298, 0.021450, 0.011416, 0.011393, 0.011328;
0.905099, 0.039301, 0.021454, 0.011419, 0.011396, 0.011331;
0.905084, 0.039303, 0.021458, 0.011422, 0.011398, 0.011334;
0.905072, 0.039305, 0.021462, 0.011424, 0.011401, 0.011336;
0.905060, 0.039307, 0.021465, 0.011426, 0.011403, 0.011339;
0.905050, 0.039308, 0.021468, 0.011428, 0.011405, 0.011341;
0.905041, 0.039309, 0.021471, 0.011430, 0.011406, 0.011342;
0.905033, 0.039310, 0.021473, 0.011431, 0.011408, 0.011344;
0.905026, 0.039311, 0.021475, 0.011433, 0.011409, 0.011345;
0.905020, 0.039312, 0.021477, 0.011434, 0.011411, 0.011347;
0.905014, 0.039312, 0.021479, 0.011435, 0.011412, 0.011348;
0.905009, 0.039313, 0.021480, 0.011436, 0.011413, 0.011349;
0.905005, 0.039313, 0.021482, 0.011437, 0.011414, 0.011350;
0.905000, 0.039314, 0.021483, 0.011438, 0.011414, 0.011350;
0.904997, 0.039314, 0.021484, 0.011439, 0.011415, 0.011351;
0.904994, 0.039314, 0.021485, 0.011439, 0.011416, 0.011352;
0.904991, 0.039315, 0.021486, 0.011440, 0.011416, 0.011352;
0.904988, 0.039315, 0.021487, 0.011440, 0.011417, 0.011353;
0.904986, 0.039315, 0.021487, 0.011441, 0.011417, 0.011354;
0.904984, 0.039315, 0.021488, 0.011441, 0.011418, 0.011354;
0.904982, 0.039315, 0.021488, 0.011442, 0.011418, 0.011354;
0.904980, 0.039316, 0.021489, 0.011442, 0.011419, 0.011355;
0.904978, 0.039316, 0.021489, 0.011442, 0.011419, 0.011355;
0.904977, 0.039316, 0.021490, 0.011443, 0.011419, 0.011355;
0.904976, 0.039316, 0.021490, 0.011443, 0.011420, 0.011356;
0.904974, 0.039316, 0.021491, 0.011443, 0.011420, 0.011356;
0.904973, 0.039316, 0.021491, 0.011443, 0.011420, 0.011356;
0.904972, 0.039316, 0.021491, 0.011444, 0.011420, 0.011356;
0.904972, 0.039316, 0.021491, 0.011444, 0.011420, 0.011357;
0.904971, 0.039316, 0.021492, 0.011444, 0.011421, 0.011357;
0.904970, 0.039316, 0.021492, 0.011444, 0.011421, 0.011357;
0.904969, 0.039316, 0.021492, 0.011444, 0.011421, 0.011357;
0.904969, 0.039316, 0.021492, 0.011444, 0.011421, 0.011357;
0.904968, 0.039316, 0.021492, 0.011445, 0.011421, 0.011357;
0.904968, 0.039316, 0.021493, 0.011445, 0.011421, 0.011357;
0.904967, 0.039316, 0.021493, 0.011445, 0.011421, 0.011357;
0.904967, 0.039317, 0.021493, 0.011445, 0.011421, 0.011358;
0.904967, 0.039317, 0.021493, 0.011445, 0.011422, 0.011358;
0.904966, 0.039317, 0.021493, 0.011445, 0.011422, 0.011358;
0.904966, 0.039317, 0.021493, 0.011445, 0.011422, 0.011358;
0.904966, 0.039317, 0.021493, 0.011445, 0.011422, 0.011358;
0.904965, 0.039317, 0.021493, 0.011445, 0.011422, 0.011358;
0.904965, 0.039317, 0.021493, 0.011445, 0.011422, 0.011358;
0.904965, 0.039317, 0.021493, 0.011445, 0.011422, 0.011358;
0.904965, 0.039317, 0.021493, 0.011445, 0.011422, 0.011358;
0.904964, 0.039317, 0.021493, 0.011445, 0.011422, 0.011358;
0.904964, 0.039317, 0.021494, 0.011445, 0.011422, 0.011358;
0.904964, 0.039317, 0.021494, 0.011445, 0.011422, 0.011358;
0.904964, 0.039317, 0.021494, 0.011445, 0.011422, 0.011358;
0.904964, 0.039317, 0.021494, 0.011446, 0.011422, 0.011358;
0.904964, 0.039317, 0.021494, 0.011446, 0.011422, 0.011358;
0.904963, 0.039317, 0.021494, 0.011446, 0.011422, 0.011358;
0.904963, 0.039317, 0.021494, 0.011446, 0.011422, 0.011358;
0.904963, 0.039317, 0.021494, 0.011446, 0.011422, 0.011358;
0.904963, 0.039317, 0.021494, 0.011446, 0.011422, 0.011358;
0.904963, 0.039317, 0.021494, 0.011446, 0.011422, 0.011358;
0.904963, 0.039317, 0.021494, 0.011446, 0.011422, 0.011358;
0.904963, 0.039317, 0.021494, 0.011446, 0.011422, 0.011358;
0.904963, 0.039317, 0.021494, 0.011446, 0.011422, 0.011359;
0.904963, 0.039317, 0.021494, 0.011446, 0.011422, 0.011359;
0.904963, 0.039317, 0.021494, 0.011446, 0.011422, 0.011359;
0.904963, 0.039317, 0.021494, 0.011446, 0.011422, 0.011359;
0.904963, 0.039317, 0.021494, 0.011446, 0.011422, 0.011359;
0.904962, 0.039317, 0.021494, 0.011446, 0.011422, 0.011359;
0.904962, 0.039317, 0.021494, 0.011446, 0.011422, 0.011359;
0.904962, 0.039317, 0.021494, 0.011446, 0.011422, 0.011359;
0.904962, 0.039317, 0.021494, 0.011446, 0.011422, 0.011359;
0.904962, 0.039317, 0.021494, 0.011446, 0.011422, 0.011359;
0.904962, 0.039317, 0.021494, 0.011446, 0.011422, 0.011359;
0.904962, 0.039317, 0.021494, 0.011446, 0.011422, 0.011359;
0.904962, 0.039317, 0.021494, 0.011446, 0.011422, 0.011359;
0.904962, 0.039317, 0.021494, 0.011446, 0.011422, 0.011359;
0.904962, 0.039317, 0.021494, 0.011446, 0.011422, 0.011359;
0.904962, 0.039317, 0.021494, 0.011446, 0.011422, 0.011359;
0.904962, 0.039317, 0.021494, 0.011446, 0.011422, 0.011359;
];
indiv_sliding_priors('geographic_niger') = [0.130704, 0.456521, 0.103114, 0.103638, 0.102739, 0.103284;
0.117670, 0.678571, 0.050844, 0.051199, 0.050718, 0.050998;
0.099082, 0.782363, 0.029568, 0.029804, 0.029512, 0.029671;
0.083346, 0.840673, 0.018944, 0.019109, 0.018914, 0.019014;
0.071321, 0.876351, 0.013044, 0.013165, 0.013025, 0.013094;
0.062441, 0.899272, 0.009542, 0.009637, 0.009528, 0.009580;
0.055971, 0.914463, 0.007368, 0.007445, 0.007355, 0.007397;
0.051281, 0.924754, 0.005972, 0.006037, 0.005959, 0.005996;
0.047886, 0.931838, 0.005053, 0.005110, 0.005039, 0.005073;
0.045427, 0.936778, 0.004435, 0.004487, 0.004420, 0.004453;
0.043642, 0.940258, 0.004013, 0.004061, 0.003997, 0.004029;
0.042343, 0.942732, 0.003720, 0.003766, 0.003704, 0.003735;
0.041394, 0.944505, 0.003515, 0.003558, 0.003498, 0.003529;
0.040700, 0.945785, 0.003369, 0.003411, 0.003352, 0.003382;
0.040189, 0.946715, 0.003265, 0.003306, 0.003247, 0.003278;
0.039812, 0.947395, 0.003189, 0.003230, 0.003171, 0.003202;
0.039533, 0.947895, 0.003134, 0.003174, 0.003116, 0.003147;
0.039326, 0.948266, 0.003094, 0.003134, 0.003076, 0.003106;
0.039170, 0.948541, 0.003064, 0.003103, 0.003045, 0.003076;
0.039054, 0.948747, 0.003042, 0.003081, 0.003023, 0.003054;
0.038966, 0.948902, 0.003025, 0.003064, 0.003006, 0.003037;
0.038900, 0.949020, 0.003012, 0.003051, 0.002993, 0.003024;
0.038849, 0.949109, 0.003002, 0.003041, 0.002984, 0.003014;
0.038811, 0.949177, 0.002995, 0.003034, 0.002976, 0.003007;
0.038781, 0.949230, 0.002989, 0.003028, 0.002971, 0.003001;
0.038758, 0.949270, 0.002985, 0.003024, 0.002966, 0.002997;
0.038741, 0.949302, 0.002982, 0.003020, 0.002963, 0.002993;
0.038727, 0.949326, 0.002979, 0.003018, 0.002960, 0.002991;
0.038716, 0.949346, 0.002977, 0.003015, 0.002958, 0.002988;
0.038708, 0.949361, 0.002975, 0.003014, 0.002956, 0.002987;
0.038701, 0.949373, 0.002974, 0.003012, 0.002955, 0.002985;
0.038696, 0.949382, 0.002973, 0.003011, 0.002954, 0.002984;
0.038692, 0.949390, 0.002972, 0.003010, 0.002953, 0.002983;
0.038688, 0.949396, 0.002971, 0.003010, 0.002952, 0.002983;
0.038686, 0.949401, 0.002970, 0.003009, 0.002951, 0.002982;
0.038684, 0.949405, 0.002970, 0.003008, 0.002951, 0.002982;
0.038682, 0.949409, 0.002970, 0.003008, 0.002951, 0.002981;
0.038680, 0.949411, 0.002969, 0.003008, 0.002950, 0.002981;
0.038679, 0.949414, 0.002969, 0.003007, 0.002950, 0.002981;
0.038678, 0.949416, 0.002969, 0.003007, 0.002950, 0.002980;
0.038678, 0.949417, 0.002969, 0.003007, 0.002950, 0.002980;
0.038677, 0.949418, 0.002968, 0.003007, 0.002949, 0.002980;
0.038676, 0.949419, 0.002968, 0.003007, 0.002949, 0.002980;
0.038676, 0.949420, 0.002968, 0.003007, 0.002949, 0.002980;
0.038676, 0.949421, 0.002968, 0.003007, 0.002949, 0.002980;
0.038675, 0.949422, 0.002968, 0.003006, 0.002949, 0.002980;
0.038675, 0.949422, 0.002968, 0.003006, 0.002949, 0.002980;
0.038675, 0.949423, 0.002968, 0.003006, 0.002949, 0.002979;
0.038675, 0.949423, 0.002968, 0.003006, 0.002949, 0.002979;
0.038674, 0.949424, 0.002968, 0.003006, 0.002949, 0.002979;
0.038674, 0.949424, 0.002968, 0.003006, 0.002949, 0.002979;
0.038674, 0.949424, 0.002968, 0.003006, 0.002949, 0.002979;
0.038674, 0.949424, 0.002968, 0.003006, 0.002949, 0.002979;
0.038674, 0.949425, 0.002968, 0.003006, 0.002949, 0.002979;
0.038674, 0.949425, 0.002968, 0.003006, 0.002949, 0.002979;
0.038674, 0.949425, 0.002968, 0.003006, 0.002949, 0.002979;
0.038674, 0.949425, 0.002968, 0.003006, 0.002948, 0.002979;
0.038674, 0.949425, 0.002968, 0.003006, 0.002948, 0.002979;
0.038674, 0.949425, 0.002968, 0.003006, 0.002948, 0.002979;
0.038674, 0.949425, 0.002967, 0.003006, 0.002948, 0.002979;
0.038674, 0.949425, 0.002967, 0.003006, 0.002948, 0.002979;
0.038674, 0.949426, 0.002967, 0.003006, 0.002948, 0.002979;
0.038673, 0.949426, 0.002967, 0.003006, 0.002948, 0.002979;
0.038673, 0.949426, 0.002967, 0.003006, 0.002948, 0.002979;
0.038673, 0.949426, 0.002967, 0.003006, 0.002948, 0.002979;
0.038673, 0.949426, 0.002967, 0.003006, 0.002948, 0.002979;
0.038673, 0.949426, 0.002967, 0.003006, 0.002948, 0.002979;
0.038673, 0.949426, 0.002967, 0.003006, 0.002948, 0.002979;
0.038673, 0.949426, 0.002967, 0.003006, 0.002948, 0.002979;
0.038673, 0.949426, 0.002967, 0.003006, 0.002948, 0.002979;
0.038673, 0.949426, 0.002967, 0.003006, 0.002948, 0.002979;
0.038673, 0.949426, 0.002967, 0.003006, 0.002948, 0.002979;
0.038673, 0.949426, 0.002967, 0.003006, 0.002948, 0.002979;
0.038673, 0.949426, 0.002967, 0.003006, 0.002948, 0.002979;
0.038673, 0.949426, 0.002967, 0.003006, 0.002948, 0.002979;
0.038673, 0.949426, 0.002967, 0.003006, 0.002948, 0.002979;
0.038673, 0.949426, 0.002967, 0.003006, 0.002948, 0.002979;
0.038673, 0.949426, 0.002967, 0.003006, 0.002948, 0.002979;
0.038673, 0.949426, 0.002967, 0.003006, 0.002948, 0.002979;
0.038673, 0.949426, 0.002967, 0.003006, 0.002948, 0.002979;
0.038673, 0.949426, 0.002967, 0.003006, 0.002948, 0.002979;
0.038673, 0.949426, 0.002967, 0.003006, 0.002948, 0.002979;
0.038673, 0.949426, 0.002967, 0.003006, 0.002948, 0.002979;
0.038673, 0.949426, 0.002967, 0.003006, 0.002948, 0.002979;
0.038673, 0.949426, 0.002967, 0.003006, 0.002948, 0.002979;
0.038673, 0.949426, 0.002967, 0.003006, 0.002948, 0.002979;
0.038673, 0.949426, 0.002967, 0.003006, 0.002948, 0.002979;
0.038673, 0.949426, 0.002967, 0.003006, 0.002948, 0.002979;
0.038673, 0.949426, 0.002967, 0.003006, 0.002948, 0.002979;
0.038673, 0.949426, 0.002967, 0.003006, 0.002948, 0.002979;
0.038673, 0.949426, 0.002967, 0.003006, 0.002948, 0.002979;
0.038673, 0.949426, 0.002967, 0.003006, 0.002948, 0.002979;
0.038673, 0.949426, 0.002967, 0.003006, 0.002948, 0.002979;
0.038673, 0.949426, 0.002967, 0.003006, 0.002948, 0.002979;
0.038673, 0.949426, 0.002967, 0.003006, 0.002948, 0.002979;
0.038673, 0.949426, 0.002967, 0.003006, 0.002948, 0.002979;
0.038673, 0.949426, 0.002967, 0.003006, 0.002948, 0.002979;
0.038673, 0.949426, 0.002967, 0.003006, 0.002948, 0.002979;
0.038673, 0.949426, 0.002967, 0.003006, 0.002948, 0.002979;
0.038673, 0.949426, 0.002967, 0.003006, 0.002948, 0.002979;
];
indiv_sliding_priors('geographic_nilo') = [0.283678, 0.191772, 0.101444, 0.141660, 0.139633, 0.141813;
0.340858, 0.272303, 0.114533, 0.088853, 0.094671, 0.088782;
0.364138, 0.319269, 0.117105, 0.064029, 0.071600, 0.063859;
0.373182, 0.348964, 0.116472, 0.051286, 0.059024, 0.051073;
0.375924, 0.368758, 0.115040, 0.044326, 0.051860, 0.044092;
0.375871, 0.382455, 0.113603, 0.040340, 0.047635, 0.040097;
0.374649, 0.392203, 0.112390, 0.037969, 0.045067, 0.037721;
0.373026, 0.399297, 0.111432, 0.036514, 0.043466, 0.036264;
0.371359, 0.404555, 0.110699, 0.035597, 0.042443, 0.035346;
0.369807, 0.408512, 0.110146, 0.035004, 0.041777, 0.034753;
0.368429, 0.411531, 0.109731, 0.034613, 0.041334, 0.034362;
0.367237, 0.413862, 0.109419, 0.034349, 0.041033, 0.034099;
0.366220, 0.415681, 0.109184, 0.034169, 0.040827, 0.033919;
0.365360, 0.417115, 0.109006, 0.034043, 0.040682, 0.033794;
0.364636, 0.418255, 0.108871, 0.033954, 0.040579, 0.033705;
0.364027, 0.419169, 0.108767, 0.033890, 0.040505, 0.033642;
0.363516, 0.419907, 0.108687, 0.033844, 0.040451, 0.033596;
0.363085, 0.420508, 0.108624, 0.033810, 0.040411, 0.033562;
0.362723, 0.421000, 0.108575, 0.033784, 0.040382, 0.033536;
0.362416, 0.421406, 0.108536, 0.033765, 0.040359, 0.033517;
0.362157, 0.421743, 0.108505, 0.033750, 0.040342, 0.033503;
0.361936, 0.422024, 0.108480, 0.033739, 0.040329, 0.033492;
0.361748, 0.422259, 0.108460, 0.033731, 0.040318, 0.033483;
0.361588, 0.422458, 0.108444, 0.033724, 0.040310, 0.033477;
0.361450, 0.422626, 0.108430, 0.033718, 0.040304, 0.033471;
0.361332, 0.422769, 0.108419, 0.033714, 0.040299, 0.033467;
0.361229, 0.422891, 0.108410, 0.033711, 0.040295, 0.033464;
0.361141, 0.422996, 0.108402, 0.033708, 0.040291, 0.033461;
0.361064, 0.423086, 0.108396, 0.033706, 0.040289, 0.033459;
0.360997, 0.423164, 0.108391, 0.033704, 0.040286, 0.033458;
0.360939, 0.423232, 0.108386, 0.033703, 0.040285, 0.033456;
0.360887, 0.423291, 0.108382, 0.033701, 0.040283, 0.033455;
0.360842, 0.423342, 0.108379, 0.033700, 0.040282, 0.033454;
0.360803, 0.423387, 0.108376, 0.033700, 0.040281, 0.033453;
0.360768, 0.423427, 0.108374, 0.033699, 0.040280, 0.033453;
0.360737, 0.423462, 0.108371, 0.033698, 0.040279, 0.033452;
0.360709, 0.423493, 0.108370, 0.033698, 0.040279, 0.033452;
0.360685, 0.423520, 0.108368, 0.033697, 0.040278, 0.033451;
0.360663, 0.423544, 0.108367, 0.033697, 0.040278, 0.033451;
0.360644, 0.423566, 0.108365, 0.033697, 0.040277, 0.033451;
0.360626, 0.423585, 0.108364, 0.033697, 0.040277, 0.033451;
0.360611, 0.423602, 0.108363, 0.033696, 0.040277, 0.033450;
0.360597, 0.423618, 0.108362, 0.033696, 0.040277, 0.033450;
0.360584, 0.423632, 0.108362, 0.033696, 0.040276, 0.033450;
0.360573, 0.423644, 0.108361, 0.033696, 0.040276, 0.033450;
0.360562, 0.423656, 0.108360, 0.033696, 0.040276, 0.033450;
0.360553, 0.423666, 0.108360, 0.033696, 0.040276, 0.033450;
0.360544, 0.423675, 0.108360, 0.033696, 0.040276, 0.033450;
0.360537, 0.423683, 0.108359, 0.033695, 0.040276, 0.033450;
0.360530, 0.423691, 0.108359, 0.033695, 0.040275, 0.033450;
0.360523, 0.423698, 0.108358, 0.033695, 0.040275, 0.033450;
0.360517, 0.423704, 0.108358, 0.033695, 0.040275, 0.033450;
0.360512, 0.423710, 0.108358, 0.033695, 0.040275, 0.033450;
0.360507, 0.423715, 0.108358, 0.033695, 0.040275, 0.033450;
0.360503, 0.423720, 0.108357, 0.033695, 0.040275, 0.033450;
0.360499, 0.423724, 0.108357, 0.033695, 0.040275, 0.033450;
0.360495, 0.423728, 0.108357, 0.033695, 0.040275, 0.033450;
0.360492, 0.423732, 0.108357, 0.033695, 0.040275, 0.033450;
0.360488, 0.423736, 0.108357, 0.033695, 0.040275, 0.033449;
0.360485, 0.423739, 0.108356, 0.033695, 0.040275, 0.033449;
0.360483, 0.423742, 0.108356, 0.033695, 0.040275, 0.033449;
0.360480, 0.423744, 0.108356, 0.033695, 0.040275, 0.033449;
0.360478, 0.423747, 0.108356, 0.033695, 0.040275, 0.033449;
0.360476, 0.423749, 0.108356, 0.033695, 0.040275, 0.033449;
0.360474, 0.423751, 0.108356, 0.033695, 0.040275, 0.033449;
0.360472, 0.423753, 0.108356, 0.033695, 0.040275, 0.033449;
0.360470, 0.423755, 0.108356, 0.033695, 0.040275, 0.033449;
0.360469, 0.423757, 0.108356, 0.033695, 0.040275, 0.033449;
0.360467, 0.423758, 0.108356, 0.033695, 0.040275, 0.033449;
0.360466, 0.423760, 0.108356, 0.033695, 0.040275, 0.033449;
0.360465, 0.423761, 0.108355, 0.033695, 0.040275, 0.033449;
0.360463, 0.423762, 0.108355, 0.033695, 0.040275, 0.033449;
0.360462, 0.423763, 0.108355, 0.033695, 0.040275, 0.033449;
0.360461, 0.423764, 0.108355, 0.033695, 0.040275, 0.033449;
0.360460, 0.423765, 0.108355, 0.033695, 0.040275, 0.033449;
0.360460, 0.423766, 0.108355, 0.033695, 0.040275, 0.033449;
0.360459, 0.423767, 0.108355, 0.033695, 0.040275, 0.033449;
0.360458, 0.423768, 0.108355, 0.033695, 0.040275, 0.033449;
0.360457, 0.423769, 0.108355, 0.033695, 0.040275, 0.033449;
0.360456, 0.423770, 0.108355, 0.033695, 0.040275, 0.033449;
0.360456, 0.423770, 0.108355, 0.033695, 0.040275, 0.033449;
0.360455, 0.423771, 0.108355, 0.033695, 0.040274, 0.033449;
0.360455, 0.423771, 0.108355, 0.033695, 0.040274, 0.033449;
0.360454, 0.423772, 0.108355, 0.033695, 0.040274, 0.033449;
0.360454, 0.423773, 0.108355, 0.033695, 0.040274, 0.033449;
0.360453, 0.423773, 0.108355, 0.033695, 0.040274, 0.033449;
0.360453, 0.423774, 0.108355, 0.033695, 0.040274, 0.033449;
0.360452, 0.423774, 0.108355, 0.033695, 0.040274, 0.033449;
0.360452, 0.423774, 0.108355, 0.033695, 0.040274, 0.033449;
0.360452, 0.423775, 0.108355, 0.033695, 0.040274, 0.033449;
0.360451, 0.423775, 0.108355, 0.033695, 0.040274, 0.033449;
0.360451, 0.423775, 0.108355, 0.033695, 0.040274, 0.033449;
0.360451, 0.423776, 0.108355, 0.033695, 0.040274, 0.033449;
0.360450, 0.423776, 0.108355, 0.033695, 0.040274, 0.033449;
0.360450, 0.423776, 0.108355, 0.033695, 0.040274, 0.033449;
0.360450, 0.423777, 0.108355, 0.033695, 0.040274, 0.033449;
0.360450, 0.423777, 0.108355, 0.033695, 0.040274, 0.033449;
0.360449, 0.423777, 0.108355, 0.033695, 0.040274, 0.033449;
0.360449, 0.423777, 0.108355, 0.033695, 0.040274, 0.033449;
0.360449, 0.423778, 0.108355, 0.033695, 0.040274, 0.033449;
];
indiv_sliding_priors('geographic_sino') = [0.796376, 0.045357, 0.039957, 0.039208, 0.039786, 0.039315;
0.925003, 0.023572, 0.012992, 0.012749, 0.012918, 0.012765;
0.957318, 0.015973, 0.006748, 0.006625, 0.006713, 0.006623;
0.971081, 0.012041, 0.004266, 0.004186, 0.004246, 0.004181;
0.978157, 0.009753, 0.003058, 0.002997, 0.003043, 0.002991;
0.982165, 0.008343, 0.002403, 0.002351, 0.002391, 0.002346;
0.984570, 0.007445, 0.002024, 0.001976, 0.002012, 0.001972;
0.986072, 0.006859, 0.001793, 0.001749, 0.001782, 0.001745;
0.987036, 0.006469, 0.001648, 0.001606, 0.001638, 0.001603;
0.987670, 0.006206, 0.001555, 0.001513, 0.001545, 0.001511;
0.988094, 0.006026, 0.001493, 0.001453, 0.001484, 0.001451;
0.988383, 0.005900, 0.001452, 0.001412, 0.001443, 0.001410;
0.988582, 0.005812, 0.001424, 0.001384, 0.001415, 0.001383;
0.988722, 0.005749, 0.001404, 0.001365, 0.001395, 0.001363;
0.988822, 0.005704, 0.001391, 0.001352, 0.001382, 0.001350;
0.988894, 0.005670, 0.001381, 0.001342, 0.001372, 0.001341;
0.988946, 0.005646, 0.001374, 0.001335, 0.001365, 0.001334;
0.988984, 0.005627, 0.001369, 0.001331, 0.001360, 0.001329;
0.989013, 0.005613, 0.001365, 0.001327, 0.001356, 0.001325;
0.989035, 0.005602, 0.001363, 0.001324, 0.001354, 0.001323;
0.989052, 0.005594, 0.001361, 0.001322, 0.001352, 0.001321;
0.989064, 0.005587, 0.001359, 0.001321, 0.001350, 0.001319;
0.989075, 0.005582, 0.001358, 0.001319, 0.001349, 0.001318;
0.989082, 0.005577, 0.001357, 0.001319, 0.001348, 0.001317;
0.989089, 0.005574, 0.001356, 0.001318, 0.001347, 0.001316;
0.989094, 0.005571, 0.001356, 0.001317, 0.001347, 0.001316;
0.989098, 0.005569, 0.001355, 0.001317, 0.001346, 0.001315;
0.989101, 0.005567, 0.001355, 0.001317, 0.001346, 0.001315;
0.989104, 0.005565, 0.001354, 0.001316, 0.001345, 0.001315;
0.989106, 0.005564, 0.001354, 0.001316, 0.001345, 0.001315;
0.989108, 0.005563, 0.001354, 0.001316, 0.001345, 0.001314;
0.989110, 0.005562, 0.001354, 0.001316, 0.001345, 0.001314;
0.989111, 0.005561, 0.001354, 0.001316, 0.001345, 0.001314;
0.989112, 0.005560, 0.001354, 0.001316, 0.001345, 0.001314;
0.989113, 0.005559, 0.001354, 0.001315, 0.001344, 0.001314;
0.989114, 0.005559, 0.001354, 0.001315, 0.001344, 0.001314;
0.989114, 0.005559, 0.001353, 0.001315, 0.001344, 0.001314;
0.989115, 0.005558, 0.001353, 0.001315, 0.001344, 0.001314;
0.989116, 0.005558, 0.001353, 0.001315, 0.001344, 0.001314;
0.989116, 0.005558, 0.001353, 0.001315, 0.001344, 0.001314;
0.989116, 0.005557, 0.001353, 0.001315, 0.001344, 0.001314;
0.989117, 0.005557, 0.001353, 0.001315, 0.001344, 0.001314;
0.989117, 0.005557, 0.001353, 0.001315, 0.001344, 0.001314;
0.989117, 0.005557, 0.001353, 0.001315, 0.001344, 0.001314;
0.989117, 0.005557, 0.001353, 0.001315, 0.001344, 0.001314;
0.989118, 0.005556, 0.001353, 0.001315, 0.001344, 0.001314;
0.989118, 0.005556, 0.001353, 0.001315, 0.001344, 0.001314;
0.989118, 0.005556, 0.001353, 0.001315, 0.001344, 0.001314;
0.989118, 0.005556, 0.001353, 0.001315, 0.001344, 0.001314;
0.989118, 0.005556, 0.001353, 0.001315, 0.001344, 0.001314;
0.989118, 0.005556, 0.001353, 0.001315, 0.001344, 0.001314;
0.989118, 0.005556, 0.001353, 0.001315, 0.001344, 0.001314;
0.989118, 0.005556, 0.001353, 0.001315, 0.001344, 0.001314;
0.989118, 0.005556, 0.001353, 0.001315, 0.001344, 0.001314;
0.989119, 0.005556, 0.001353, 0.001315, 0.001344, 0.001314;
0.989119, 0.005556, 0.001353, 0.001315, 0.001344, 0.001314;
0.989119, 0.005556, 0.001353, 0.001315, 0.001344, 0.001314;
0.989119, 0.005556, 0.001353, 0.001315, 0.001344, 0.001314;
0.989119, 0.005556, 0.001353, 0.001315, 0.001344, 0.001314;
0.989119, 0.005556, 0.001353, 0.001315, 0.001344, 0.001314;
0.989119, 0.005556, 0.001353, 0.001315, 0.001344, 0.001314;
0.989119, 0.005556, 0.001353, 0.001315, 0.001344, 0.001314;
0.989119, 0.005556, 0.001353, 0.001315, 0.001344, 0.001314;
0.989119, 0.005556, 0.001353, 0.001315, 0.001344, 0.001314;
0.989119, 0.005556, 0.001353, 0.001315, 0.001344, 0.001314;
0.989119, 0.005555, 0.001353, 0.001315, 0.001344, 0.001314;
0.989119, 0.005555, 0.001353, 0.001315, 0.001344, 0.001314;
0.989119, 0.005555, 0.001353, 0.001315, 0.001344, 0.001314;
0.989119, 0.005555, 0.001353, 0.001315, 0.001344, 0.001314;
0.989119, 0.005555, 0.001353, 0.001315, 0.001344, 0.001314;
0.989119, 0.005555, 0.001353, 0.001315, 0.001344, 0.001314;
0.989119, 0.005555, 0.001353, 0.001315, 0.001344, 0.001314;
0.989119, 0.005555, 0.001353, 0.001315, 0.001344, 0.001314;
0.989119, 0.005555, 0.001353, 0.001315, 0.001344, 0.001314;
0.989119, 0.005555, 0.001353, 0.001315, 0.001344, 0.001314;
0.989119, 0.005555, 0.001353, 0.001315, 0.001344, 0.001314;
0.989119, 0.005555, 0.001353, 0.001315, 0.001344, 0.001314;
0.989119, 0.005555, 0.001353, 0.001315, 0.001344, 0.001314;
0.989119, 0.005555, 0.001353, 0.001315, 0.001344, 0.001314;
0.989119, 0.005555, 0.001353, 0.001315, 0.001344, 0.001314;
0.989119, 0.005555, 0.001353, 0.001315, 0.001344, 0.001314;
0.989119, 0.005555, 0.001353, 0.001315, 0.001344, 0.001314;
0.989119, 0.005555, 0.001353, 0.001315, 0.001344, 0.001314;
0.989119, 0.005555, 0.001353, 0.001315, 0.001344, 0.001314;
0.989119, 0.005555, 0.001353, 0.001315, 0.001344, 0.001314;
0.989119, 0.005555, 0.001353, 0.001315, 0.001344, 0.001314;
0.989119, 0.005555, 0.001353, 0.001315, 0.001344, 0.001314;
0.989119, 0.005555, 0.001353, 0.001315, 0.001344, 0.001314;
0.989119, 0.005555, 0.001353, 0.001315, 0.001344, 0.001314;
0.989119, 0.005555, 0.001353, 0.001315, 0.001344, 0.001314;
0.989119, 0.005555, 0.001353, 0.001315, 0.001344, 0.001314;
0.989119, 0.005555, 0.001353, 0.001315, 0.001344, 0.001314;
0.989119, 0.005555, 0.001353, 0.001315, 0.001344, 0.001314;
0.989119, 0.005555, 0.001353, 0.001315, 0.001344, 0.001314;
0.989119, 0.005555, 0.001353, 0.001315, 0.001344, 0.001314;
0.989119, 0.005555, 0.001353, 0.001315, 0.001344, 0.001314;
0.989119, 0.005555, 0.001353, 0.001315, 0.001344, 0.001314;
0.989119, 0.005555, 0.001353, 0.001315, 0.001344, 0.001314;
0.989119, 0.005555, 0.001353, 0.001315, 0.001344, 0.001314;
0.989119, 0.005555, 0.001353, 0.001315, 0.001344, 0.001314;
];
multi_sliding_priors('geographic_afro') = [0.681937, 0.007030, 0.066008, 0.079841, 0.083268, 0.081917;
0.840341, 0.013166, 0.048399, 0.040088, 0.029435, 0.028571;
0.892913, 0.016576, 0.039319, 0.023915, 0.014045, 0.013233;
0.915096, 0.018817, 0.034291, 0.016066, 0.008260, 0.007470;
0.925222, 0.020401, 0.031536, 0.012025, 0.005795, 0.005021;
0.929881, 0.021562, 0.030090, 0.009893, 0.004670, 0.003905;
0.931905, 0.022428, 0.029397, 0.008758, 0.004137, 0.003376;
0.932628, 0.023082, 0.029128, 0.008156, 0.003883, 0.003121;
0.932715, 0.023582, 0.029092, 0.007844, 0.003766, 0.003001;
0.932503, 0.023965, 0.029176, 0.007690, 0.003718, 0.002947;
0.932166, 0.024263, 0.029318, 0.007623, 0.003704, 0.002928;
0.931792, 0.024494, 0.029479, 0.007602, 0.003707, 0.002926;
0.931424, 0.024676, 0.029642, 0.007606, 0.003719, 0.002932;
0.931084, 0.024820, 0.029797, 0.007623, 0.003734, 0.002942;
0.930779, 0.024935, 0.029937, 0.007645, 0.003750, 0.002954;
0.930509, 0.025027, 0.030063, 0.007669, 0.003766, 0.002965;
0.930274, 0.025101, 0.030174, 0.007693, 0.003781, 0.002977;
0.930070, 0.025161, 0.030271, 0.007716, 0.003794, 0.002987;
0.929894, 0.025210, 0.030356, 0.007737, 0.003807, 0.002996;
0.929742, 0.025250, 0.030429, 0.007756, 0.003818, 0.003005;
0.929611, 0.025283, 0.030493, 0.007773, 0.003828, 0.003012;
0.929498, 0.025310, 0.030548, 0.007788, 0.003836, 0.003019;
0.929400, 0.025333, 0.030596, 0.007802, 0.003844, 0.003025;
0.929315, 0.025352, 0.030637, 0.007814, 0.003851, 0.003031;
0.929242, 0.025368, 0.030673, 0.007824, 0.003857, 0.003035;
0.929179, 0.025382, 0.030704, 0.007834, 0.003863, 0.003039;
0.929123, 0.025393, 0.030731, 0.007842, 0.003867, 0.003043;
0.929075, 0.025403, 0.030755, 0.007849, 0.003872, 0.003046;
0.929033, 0.025411, 0.030776, 0.007856, 0.003875, 0.003049;
0.928996, 0.025418, 0.030794, 0.007862, 0.003879, 0.003052;
0.928964, 0.025424, 0.030810, 0.007867, 0.003882, 0.003054;
0.928936, 0.025429, 0.030823, 0.007872, 0.003884, 0.003056;
0.928911, 0.025433, 0.030836, 0.007876, 0.003887, 0.003058;
0.928889, 0.025437, 0.030846, 0.007879, 0.003889, 0.003060;
0.928869, 0.025441, 0.030856, 0.007883, 0.003891, 0.003061;
0.928852, 0.025443, 0.030864, 0.007885, 0.003892, 0.003062;
0.928837, 0.025446, 0.030872, 0.007888, 0.003894, 0.003064;
0.928823, 0.025448, 0.030878, 0.007890, 0.003895, 0.003065;
0.928811, 0.025450, 0.030884, 0.007893, 0.003897, 0.003066;
0.928800, 0.025452, 0.030889, 0.007894, 0.003898, 0.003067;
0.928791, 0.025453, 0.030894, 0.007896, 0.003899, 0.003067;
0.928782, 0.025455, 0.030898, 0.007898, 0.003900, 0.003068;
0.928775, 0.025456, 0.030902, 0.007899, 0.003900, 0.003069;
0.928768, 0.025457, 0.030905, 0.007900, 0.003901, 0.003069;
0.928761, 0.025458, 0.030908, 0.007901, 0.003902, 0.003070;
0.928756, 0.025458, 0.030911, 0.007902, 0.003902, 0.003070;
0.928751, 0.025459, 0.030913, 0.007903, 0.003903, 0.003071;
0.928746, 0.025460, 0.030915, 0.007904, 0.003904, 0.003071;
0.928742, 0.025460, 0.030917, 0.007905, 0.003904, 0.003071;
0.928738, 0.025461, 0.030919, 0.007906, 0.003904, 0.003072;
0.928735, 0.025461, 0.030920, 0.007906, 0.003905, 0.003072;
0.928732, 0.025462, 0.030922, 0.007907, 0.003905, 0.003072;
0.928729, 0.025462, 0.030923, 0.007907, 0.003906, 0.003073;
