stabs = containers.Map()
trans = containers.Map()
indiv_uniform_ancestrals = containers.Map()
indiv_fuzzy_ancestrals = containers.Map()
indiv_stationary_ancestrals = containers.Map()
multi_uniform_ancestrals = containers.Map()
multi_fuzzy_ancestrals = containers.Map()
mutli_stationary_ancestrals = containers.Map()
sliding_priors = containers.Map()
stabs(geographic_afro) = [5.924159, 4.202783, 11.412199, 18.576502, 18.488335, 18.445142, ]

trans(geographic_afro) = [0.000000, 0.445792, 0.240942, 0.105098, 0.104256, 0.103912;
0.452795, 0.000000, 0.252286, 0.098113, 0.098468, 0.098338;
0.280146, 0.376192, 0.000000, 0.115112, 0.114211, 0.114339;
0.219970, 0.275711, 0.214212, 0.000000, 0.144777, 0.145330;
0.220535, 0.274548, 0.214631, 0.145548, 0.000000, 0.144738;
0.220343, 0.273598, 0.214646, 0.145578, 0.145835, 0.000000;
]

indiv_uniform_ancestrals('geographic_afro') =  [0.101663, 0.312188, 0.149810, 0.145652, 0.145485, 0.145202, ]

indiv_fuzzy_ancestrals('geographic_afro') =  [0.113838, 0.360174, 0.150578, 0.125207, 0.125183, 0.125019, ]

indiv_stationary_ancestrals('geographic_afro') =  [0.160531, 0.660403, 0.093706, 0.028428, 0.028457, 0.028476, ]
stabs(geographic_austro) = [15.193356, 4.067697, 10.143333, 18.291495, 25.065650, 24.589181, ]

trans(geographic_austro) = [0.000000, 0.530672, 0.144701, 0.144212, 0.091343, 0.089072;
0.093085, 0.000000, 0.522066, 0.232681, 0.079904, 0.072263;
0.123981, 0.504678, 0.000000, 0.200372, 0.089384, 0.081584;
0.157793, 0.511386, 0.160555, 0.000000, 0.086942, 0.083324;
0.220353, 0.387396, 0.135118, 0.148054, 0.000000, 0.109078;
0.221272, 0.389045, 0.133707, 0.146525, 0.109450, 0.000000;
]

indiv_uniform_ancestrals('geographic_austro') =  [0.752020, 0.109766, 0.002823, 0.021247, 0.048745, 0.065399, ]

indiv_fuzzy_ancestrals('geographic_austro') =  [0.753843, 0.127055, 0.002764, 0.019425, 0.041059, 0.055854, ]

indiv_stationary_ancestrals('geographic_austro') =  [0.692563, 0.239300, 0.004119, 0.015924, 0.020680, 0.027414, ]
stabs(geographic_indo) = [4.612008, 4.332991, 15.035964, 19.280964, 19.234527, 19.273522, ]

trans(geographic_indo) = [0.000000, 0.485425, 0.196009, 0.105841, 0.107205, 0.105521;
0.440201, 0.000000, 0.210905, 0.116103, 0.116259, 0.116532;
0.352651, 0.275878, 0.000000, 0.124267, 0.123247, 0.123957;
0.300369, 0.233017, 0.182925, 0.000000, 0.141673, 0.142016;
0.299947, 0.233920, 0.182649, 0.142322, 0.000000, 0.141163;
0.298354, 0.233135, 0.184636, 0.141656, 0.142219, 0.000000;
]

indiv_uniform_ancestrals('geographic_indo') =  [0.663413, 0.026449, 0.074582, 0.078680, 0.078527, 0.078349, ]

indiv_fuzzy_ancestrals('geographic_indo') =  [0.719703, 0.029073, 0.064882, 0.062238, 0.062163, 0.061941, ]

indiv_stationary_ancestrals('geographic_indo') =  [0.904962, 0.039317, 0.021494, 0.011446, 0.011423, 0.011359, ]
stabs(geographic_niger) = [10.349810, 1.252943, 19.411174, 19.385140, 19.303359, 19.388060, ]

trans(geographic_niger) = [0.000000, 0.789961, 0.052371, 0.052943, 0.052137, 0.052588;
0.764335, 0.000000, 0.058954, 0.059066, 0.058842, 0.058803;
0.233119, 0.340851, 0.000000, 0.142388, 0.141497, 0.142144;
0.231678, 0.343256, 0.142221, 0.000000, 0.140398, 0.142448;
0.232132, 0.339382, 0.142421, 0.143051, 0.000000, 0.143013;
0.232051, 0.342261, 0.141882, 0.141719, 0.142087, 0.000000;
]

indiv_uniform_ancestrals('geographic_niger') =  [0.130704, 0.456521, 0.103114, 0.103638, 0.102739, 0.103284, ]

indiv_fuzzy_ancestrals('geographic_niger') =  [0.128094, 0.546676, 0.081211, 0.081680, 0.080948, 0.081392, ]

indiv_stationary_ancestrals('geographic_niger') =  [0.038673, 0.949426, 0.002967, 0.003006, 0.002948, 0.002979, ]
stabs(geographic_nilo) = [8.019145, 4.562609, 9.289964, 19.082648, 17.873293, 19.076013, ]

trans(geographic_nilo) = [0.000000, 0.380499, 0.286666, 0.104937, 0.123372, 0.104527;
0.325056, 0.000000, 0.345807, 0.104086, 0.121896, 0.103155;
0.299693, 0.369694, 0.000000, 0.105059, 0.121990, 0.103564;
0.238943, 0.247156, 0.216549, 0.000000, 0.155497, 0.141854;
0.244043, 0.260226, 0.221504, 0.137767, 0.000000, 0.136461;
0.238604, 0.247273, 0.216186, 0.142013, 0.155924, 0.000000;
]

indiv_uniform_ancestrals('geographic_nilo') =  [0.283678, 0.191772, 0.101444, 0.141660, 0.139633, 0.141813, ]

indiv_fuzzy_ancestrals('geographic_nilo') =  [0.306168, 0.221191, 0.107135, 0.121338, 0.122761, 0.121406, ]

indiv_stationary_ancestrals('geographic_nilo') =  [0.360445, 0.423782, 0.108355, 0.033695, 0.040274, 0.033449, ]
stabs(geographic_sino) = [1.571197, 13.739177, 20.821769, 20.742559, 20.804889, 20.787045, ]

trans(geographic_sino) = [0.000000, 0.494967, 0.126137, 0.125808, 0.126591, 0.126497;
0.614661, 0.000000, 0.095898, 0.096353, 0.096473, 0.096614;
0.414399, 0.191683, 0.000000, 0.130885, 0.131788, 0.131245;
0.412895, 0.191395, 0.132387, 0.000000, 0.131739, 0.131584;
0.414798, 0.191932, 0.131607, 0.130851, 0.000000, 0.130811;
0.412558, 0.192185, 0.132673, 0.130830, 0.131753, 0.000000;
]

indiv_uniform_ancestrals('geographic_sino') =  [0.796376, 0.045357, 0.039957, 0.039208, 0.039786, 0.039315, ]

indiv_fuzzy_ancestrals('geographic_sino') =  [0.862409, 0.034952, 0.025927, 0.025432, 0.025790, 0.025491, ]

indiv_stationary_ancestrals('geographic_sino') =  [0.989119, 0.005555, 0.001353, 0.001315, 0.001344, 0.001314, ]
stabs(geographic) = [4.555496, 2.160615, 14.349414, 20.149621, 26.702227, 26.229584, ]

trans(geographic) = [0.000000, 0.497659, 0.331732, 0.083606, 0.050350, 0.036653;
0.398466, 0.000000, 0.436986, 0.074569, 0.052409, 0.037569;
0.375740, 0.463886, 0.000000, 0.079295, 0.045598, 0.035481;
0.328031, 0.354645, 0.155625, 0.000000, 0.085769, 0.075931;
0.284682, 0.325996, 0.152494, 0.141497, 0.000000, 0.095331;
0.278774, 0.314880, 0.150350, 0.147698, 0.108298, 0.000000;
]

multi_uniform_ancestrals('geographic_afro') =  [0.681937, 0.007030, 0.066008, 0.079841, 0.083268, 0.081917, ]

multi_fuzzy_ancestrals('geographic_afro') =  [0.751822, 0.009365, 0.059125, 0.063209, 0.058779, 0.057699, ]

multi_stationary_ancestrals('geographic_afro') =  [0.928694, 0.025466, 0.030938, 0.007914, 0.003911, 0.003076, ]

multi_uniform_ancestrals('geographic_austro') =  [0.025289, 0.501774, 0.055723, 0.106926, 0.132065, 0.178223, ]

multi_fuzzy_ancestrals('geographic_austro') =  [0.028242, 0.552096, 0.052441, 0.097717, 0.113857, 0.155648, ]

multi_stationary_ancestrals('geographic_austro') =  [0.030622, 0.809467, 0.036571, 0.042265, 0.035627, 0.045449, ]

multi_uniform_ancestrals('geographic_indo') =  [0.024169, 0.605076, 0.088887, 0.087954, 0.098619, 0.095295, ]

multi_fuzzy_ancestrals('geographic_indo') =  [0.028184, 0.695357, 0.076489, 0.067371, 0.067567, 0.065032, ]

multi_stationary_ancestrals('geographic_indo') =  [0.022651, 0.949053, 0.020434, 0.004042, 0.002156, 0.001664, ]

multi_uniform_ancestrals('geographic_niger') =  [0.083938, 0.303258, 0.162208, 0.146649, 0.152332, 0.151616, ]

multi_fuzzy_ancestrals('geographic_niger') =  [0.103789, 0.386641, 0.154821, 0.124278, 0.115730, 0.114741, ]

multi_stationary_ancestrals('geographic_niger') =  [0.112726, 0.808417, 0.058869, 0.010408, 0.005367, 0.004213, ]

multi_uniform_ancestrals('geographic_nilo') =  [0.245239, 0.098353, 0.138927, 0.166463, 0.176034, 0.174984, ]

multi_fuzzy_ancestrals('geographic_nilo') =  [0.302877, 0.132965, 0.137613, 0.147373, 0.140261, 0.138911, ]

multi_stationary_ancestrals('geographic_nilo') =  [0.469803, 0.412491, 0.079657, 0.019555, 0.010376, 0.008118, ]

multi_uniform_ancestrals('geographic_sino') =  [0.908492, 0.000898, 0.018763, 0.022877, 0.025200, 0.023769, ]

multi_fuzzy_ancestrals('geographic_sino') =  [0.936208, 0.001145, 0.015367, 0.016285, 0.015987, 0.015007, ]

multi_stationary_ancestrals('geographic_sino') =  [0.987079, 0.002443, 0.007002, 0.001846, 0.000932, 0.000699, ]
stabs(genetic_afro) = [6.034900, 3.875819, 11.169527, 18.043114, 17.992382, 18.000941, ]

trans(genetic_afro) = [0.000000, 0.451761, 0.247106, 0.100262, 0.100170, 0.100701;
0.439495, 0.000000, 0.259977, 0.100005, 0.100326, 0.100197;
0.311073, 0.344443, 0.000000, 0.114965, 0.114783, 0.114736;
0.242130, 0.249753, 0.214236, 0.000000, 0.146946, 0.146936;
0.240336, 0.250606, 0.214840, 0.147660, 0.000000, 0.146558;
0.242410, 0.250165, 0.213823, 0.147288, 0.146314, 0.000000;
]

indiv_uniform_ancestrals('genetic_afro') =  [0.164124, 0.170240, 0.165844, 0.166599, 0.166587, 0.166606, ]

indiv_fuzzy_ancestrals('genetic_afro') =  [0.186473, 0.202047, 0.169747, 0.147231, 0.147244, 0.147259, ]

indiv_stationary_ancestrals('genetic_afro') =  [0.289123, 0.482469, 0.117923, 0.036811, 0.036796, 0.036878, ]
stabs(genetic_austro) = [13.152553, 2.969149, 9.689687, 14.758376, 20.398560, 20.294963, ]

trans(genetic_austro) = [0.000000, 0.390534, 0.245334, 0.179473, 0.093226, 0.091434;
0.260829, 0.000000, 0.377362, 0.199942, 0.080966, 0.080900;
0.208156, 0.452088, 0.000000, 0.175337, 0.082600, 0.081819;
0.201514, 0.361469, 0.236480, 0.000000, 0.100356, 0.100181;
0.195889, 0.276671, 0.210474, 0.185377, 0.000000, 0.131590;
0.194116, 0.273389, 0.211540, 0.187535, 0.133420, 0.000000;
]

indiv_uniform_ancestrals('genetic_austro') =  [0.122774, 0.264155, 0.182416, 0.147736, 0.141584, 0.141334, ]

indiv_fuzzy_ancestrals('genetic_austro') =  [0.118497, 0.320776, 0.189396, 0.138496, 0.116488, 0.116347, ]

indiv_stationary_ancestrals('genetic_austro') =  [0.055337, 0.716926, 0.138873, 0.051710, 0.018595, 0.018559, ]
stabs(genetic_indo) = [3.985902, 4.398302, 13.857164, 17.988709, 18.018945, 17.999742, ]

trans(genetic_indo) = [0.000000, 0.486868, 0.192302, 0.107308, 0.106797, 0.106725;
0.491637, 0.000000, 0.191854, 0.105002, 0.105877, 0.105630;
0.312459, 0.302160, 0.000000, 0.128777, 0.128235, 0.128368;
0.257830, 0.251299, 0.193752, 0.000000, 0.148393, 0.148725;
0.259184, 0.251768, 0.193855, 0.147532, 0.000000, 0.147661;
0.258750, 0.252052, 0.194101, 0.147208, 0.147889, 0.000000;
]

indiv_uniform_ancestrals('genetic_indo') =  [0.143730, 0.211513, 0.160896, 0.161134, 0.161239, 0.161489, ]

indiv_fuzzy_ancestrals('genetic_indo') =  [0.170327, 0.245496, 0.155919, 0.142606, 0.142694, 0.142959, ]

indiv_stationary_ancestrals('genetic_indo') =  [0.349978, 0.478892, 0.068480, 0.034164, 0.034185, 0.034301, ]
stabs(genetic_niger) = [6.289727, 0.713697, 17.628973, 17.721177, 17.586596, 17.636639, ]

trans(genetic_niger) = [0.000000, 0.677050, 0.080713, 0.081365, 0.080093, 0.080780;
0.635657, 0.000000, 0.091228, 0.091026, 0.090455, 0.091633;
0.257802, 0.279591, 0.000000, 0.154864, 0.154118, 0.153626;
0.257510, 0.279737, 0.154539, 0.000000, 0.154238, 0.153976;
0.259325, 0.277519, 0.154904, 0.154660, 0.000000, 0.153592;
0.256364, 0.280600, 0.154562, 0.154543, 0.153931, 0.000000;
]

indiv_uniform_ancestrals('genetic_niger') =  [0.216270, 0.109360, 0.168449, 0.168478, 0.168667, 0.168775, ]

indiv_fuzzy_ancestrals('genetic_niger') =  [0.245553, 0.142974, 0.152790, 0.152665, 0.153005, 0.153013, ]

indiv_stationary_ancestrals('genetic_niger') =  [0.221824, 0.712657, 0.016416, 0.016318, 0.016350, 0.016436, ]
stabs(genetic_nilo) = [7.927441, 4.500662, 9.170730, 18.787508, 17.641919, 18.727238, ]

trans(genetic_nilo) = [0.000000, 0.382761, 0.289069, 0.103512, 0.121131, 0.103527;
0.352444, 0.000000, 0.322903, 0.101400, 0.121351, 0.101901;
0.305197, 0.360363, 0.000000, 0.105479, 0.122753, 0.106208;
0.230630, 0.242716, 0.224413, 0.000000, 0.156958, 0.145284;
0.236090, 0.253781, 0.231102, 0.139633, 0.000000, 0.139393;
0.231037, 0.243644, 0.224503, 0.143743, 0.157074, 0.000000;
]

indiv_uniform_ancestrals('genetic_nilo') =  [0.175017, 0.160383, 0.165143, 0.166498, 0.166472, 0.166488, ]

indiv_fuzzy_ancestrals('genetic_nilo') =  [0.192258, 0.189336, 0.177316, 0.145761, 0.149417, 0.145912, ]

indiv_stationary_ancestrals('genetic_nilo') =  [0.247021, 0.429443, 0.190800, 0.041177, 0.050174, 0.041384, ]
stabs(genetic_sino) = [0.949257, 10.395019, 18.202801, 18.240710, 18.252827, 18.257903, ]

trans(genetic_sino) = [0.000000, 0.433913, 0.140272, 0.141965, 0.141938, 0.141911;
0.555228, 0.000000, 0.110494, 0.111230, 0.111580, 0.111468;
0.320094, 0.229990, 0.000000, 0.150564, 0.150167, 0.149185;
0.322188, 0.231964, 0.148028, 0.000000, 0.149286, 0.148534;
0.322914, 0.230655, 0.148616, 0.149563, 0.000000, 0.148252;
0.321044, 0.231409, 0.149194, 0.149282, 0.149071, 0.000000;
]

indiv_uniform_ancestrals('genetic_sino') =  [0.146268, 0.196154, 0.164204, 0.164689, 0.164259, 0.164426, ]

indiv_fuzzy_ancestrals('genetic_sino') =  [0.194738, 0.210003, 0.148640, 0.149146, 0.148690, 0.148782, ]

indiv_stationary_ancestrals('genetic_sino') =  [0.820682, 0.092587, 0.021592, 0.021830, 0.021672, 0.021637, ]
stabs(genetic) = [2.343384, 0.553121, 7.438936, 13.790262, 19.654348, 20.177473, ]

trans(genetic) = [0.000000, 0.442327, 0.344674, 0.105222, 0.058058, 0.049718;
0.306306, 0.000000, 0.381599, 0.117162, 0.104596, 0.090337;
0.519504, 0.226807, 0.000000, 0.131746, 0.064959, 0.056983;
0.324318, 0.177025, 0.279539, 0.000000, 0.115157, 0.103960;
0.260193, 0.177995, 0.246083, 0.189074, 0.000000, 0.126655;
0.248540, 0.178527, 0.240354, 0.190414, 0.142165, 0.000000;
]

multi_uniform_ancestrals('genetic_afro') =  [0.147341, 0.055028, 0.162217, 0.185773, 0.224023, 0.225618, ]

multi_fuzzy_ancestrals('genetic_afro') =  [0.179968, 0.064317, 0.179860, 0.181060, 0.197869, 0.196925, ]

multi_stationary_ancestrals('genetic_afro') =  [0.350472, 0.427860, 0.138337, 0.040358, 0.022992, 0.019981, ]

multi_uniform_ancestrals('genetic_austro') =  [0.015573, 0.166916, 0.190272, 0.229079, 0.196733, 0.201427, ]

multi_fuzzy_ancestrals('genetic_austro') =  [0.020261, 0.187636, 0.206585, 0.228733, 0.177322, 0.179463, ]

multi_stationary_ancestrals('genetic_austro') =  [0.041967, 0.633599, 0.176248, 0.088546, 0.031681, 0.027960, ]

multi_uniform_ancestrals('genetic_indo') =  [0.230480, 0.051924, 0.188192, 0.181985, 0.174152, 0.173267, ]

multi_fuzzy_ancestrals('genetic_indo') =  [0.273154, 0.059831, 0.203183, 0.171301, 0.147579, 0.144953, ]

multi_stationary_ancestrals('genetic_indo') =  [0.503617, 0.327122, 0.119889, 0.026852, 0.012140, 0.010381, ]

multi_uniform_ancestrals('genetic_niger') =  [0.181856, 0.101593, 0.177370, 0.179832, 0.179725, 0.179624, ]

multi_fuzzy_ancestrals('genetic_niger') =  [0.217753, 0.116320, 0.192060, 0.169946, 0.152970, 0.150951, ]

multi_stationary_ancestrals('genetic_niger') =  [0.320920, 0.549577, 0.089683, 0.021155, 0.010039, 0.008625, ]

multi_uniform_ancestrals('genetic_nilo') =  [0.242982, 0.021238, 0.206002, 0.184452, 0.173152, 0.172174, ]

multi_fuzzy_ancestrals('genetic_nilo') =  [0.287594, 0.024703, 0.222636, 0.173874, 0.146943, 0.144250, ]

multi_stationary_ancestrals('genetic_nilo') =  [0.630901, 0.140776, 0.165843, 0.034236, 0.015234, 0.013010, ]

multi_uniform_ancestrals('genetic_sino') =  [0.519527, 0.001737, 0.114020, 0.120276, 0.123571, 0.120869, ]

multi_fuzzy_ancestrals('genetic_sino') =  [0.577063, 0.002021, 0.118166, 0.107324, 0.099417, 0.096010, ]

multi_stationary_ancestrals('genetic_sino') =  [0.891641, 0.008426, 0.067398, 0.017444, 0.008217, 0.006874, ]
stabs(feature_afro) = [6.070878, 3.905487, 11.327990, 18.216319, 18.316569, 18.229581, ]

trans(feature_afro) = [0.000000, 0.448830, 0.247577, 0.100991, 0.100874, 0.101728;
0.437932, 0.000000, 0.260015, 0.100468, 0.100496, 0.101089;
0.308605, 0.346950, 0.000000, 0.114732, 0.115334, 0.114379;
0.240801, 0.250747, 0.214326, 0.000000, 0.146523, 0.147604;
0.240284, 0.250883, 0.214591, 0.147091, 0.000000, 0.147151;
0.240141, 0.252503, 0.213329, 0.146886, 0.147141, 0.000000;
]

indiv_uniform_ancestrals('feature_afro') =  [0.160286, 0.176133, 0.165434, 0.166071, 0.166084, 0.165991, ]

indiv_fuzzy_ancestrals('feature_afro') =  [0.182350, 0.208967, 0.169232, 0.146550, 0.146423, 0.146478, ]

indiv_stationary_ancestrals('feature_afro') =  [0.280568, 0.492301, 0.116906, 0.036763, 0.036706, 0.036756, ]
stabs(feature_austro) = [12.978294, 2.616816, 9.142954, 14.204492, 20.217502, 20.213885, ]

trans(feature_austro) = [0.000000, 0.373277, 0.257195, 0.181953, 0.094114, 0.093462;
0.282056, 0.000000, 0.347224, 0.193315, 0.088122, 0.089284;
0.216151, 0.431673, 0.000000, 0.181075, 0.085985, 0.085116;
0.207932, 0.335011, 0.249199, 0.000000, 0.104803, 0.103054;
0.199388, 0.253730, 0.220572, 0.191941, 0.000000, 0.134369;
0.199831, 0.254880, 0.219088, 0.192118, 0.134083, 0.000000;
]

indiv_uniform_ancestrals('feature_austro') =  [0.166024, 0.156606, 0.160678, 0.182960, 0.167998, 0.165734, ]

indiv_fuzzy_ancestrals('feature_austro') =  [0.167384, 0.193095, 0.173878, 0.179473, 0.144141, 0.142029, ]

indiv_stationary_ancestrals('feature_austro') =  [0.111021, 0.558796, 0.171510, 0.093328, 0.032913, 0.032433, ]
stabs(feature_indo) = [4.119188, 4.519745, 14.302272, 18.436700, 18.408713, 18.419061, ]

trans(feature_indo) = [0.000000, 0.480601, 0.196801, 0.107562, 0.107503, 0.107533;
0.484091, 0.000000, 0.193912, 0.108202, 0.106676, 0.107119;
0.317301, 0.303590, 0.000000, 0.126469, 0.126647, 0.125993;
0.267080, 0.253453, 0.189827, 0.000000, 0.145452, 0.144188;
0.265234, 0.253916, 0.189921, 0.145508, 0.000000, 0.145420;
0.263343, 0.255167, 0.190503, 0.145708, 0.145279, 0.000000;
]

indiv_uniform_ancestrals('feature_indo') =  [0.323988, 0.128551, 0.130445, 0.139579, 0.138993, 0.138445, ]

indiv_fuzzy_ancestrals('feature_indo') =  [0.368525, 0.148352, 0.123249, 0.120450, 0.120005, 0.119419, ]

indiv_stationary_ancestrals('feature_indo') =  [0.625188, 0.246771, 0.049324, 0.026391, 0.026251, 0.026076, ]
stabs(feature_niger) = [6.530969, 0.739469, 17.561658, 17.540653, 17.561853, 17.582883, ]

trans(feature_niger) = [0.000000, 0.686271, 0.079083, 0.078559, 0.078292, 0.077795;
0.647762, 0.000000, 0.088111, 0.087791, 0.088680, 0.087656;
0.257929, 0.282242, 0.000000, 0.153997, 0.153643, 0.152190;
0.255586, 0.284056, 0.153652, 0.000000, 0.153026, 0.153680;
0.257388, 0.283567, 0.152879, 0.153679, 0.000000, 0.152487;
0.255437, 0.282312, 0.153345, 0.154885, 0.154020, 0.000000;
]

indiv_uniform_ancestrals('feature_niger') =  [0.174738, 0.158459, 0.166729, 0.166728, 0.166635, 0.166710, ]

indiv_fuzzy_ancestrals('feature_niger') =  [0.197304, 0.202820, 0.150009, 0.150078, 0.149907, 0.149883, ]

indiv_stationary_ancestrals('feature_niger') =  [0.123214, 0.830876, 0.011468, 0.011514, 0.011493, 0.011435, ]
stabs(feature_nilo) = [7.828773, 4.446467, 9.010996, 18.380604, 17.350848, 18.433221, ]

trans(feature_nilo) = [0.000000, 0.386637, 0.289393, 0.101700, 0.120171, 0.102099;
0.359502, 0.000000, 0.323017, 0.099037, 0.118273, 0.100172;
0.305449, 0.361000, 0.000000, 0.105189, 0.123426, 0.104936;
0.229756, 0.243713, 0.224313, 0.000000, 0.157755, 0.144463;
0.236794, 0.253874, 0.231173, 0.139076, 0.000000, 0.139083;
0.229380, 0.243164, 0.224428, 0.145461, 0.157566, 0.000000;
]

indiv_uniform_ancestrals('feature_nilo') =  [0.160811, 0.167909, 0.171505, 0.166625, 0.166518, 0.166631, ]

indiv_fuzzy_ancestrals('feature_nilo') =  [0.176723, 0.197238, 0.183782, 0.146310, 0.149730, 0.146217, ]

indiv_stationary_ancestrals('feature_nilo') =  [0.225255, 0.445202, 0.198138, 0.040850, 0.049765, 0.040790, ]
stabs(feature_sino) = [0.974936, 10.533724, 18.064845, 18.133977, 18.108802, 18.109497, ]

trans(feature_sino) = [0.000000, 0.454963, 0.136337, 0.135864, 0.136549, 0.136286;
0.558624, 0.000000, 0.110650, 0.109965, 0.110785, 0.109975;
0.318974, 0.230230, 0.000000, 0.150037, 0.150295, 0.150463;
0.319971, 0.228138, 0.150672, 0.000000, 0.151682, 0.149537;
0.321537, 0.228449, 0.149463, 0.150435, 0.000000, 0.150116;
0.318384, 0.228416, 0.151438, 0.150547, 0.151215, 0.000000;
]

indiv_uniform_ancestrals('feature_sino') =  [0.302834, 0.145372, 0.137758, 0.138027, 0.138090, 0.137919, ]

indiv_fuzzy_ancestrals('feature_sino') =  [0.372553, 0.148740, 0.119612, 0.119662, 0.119867, 0.119567, ]

indiv_stationary_ancestrals('feature_sino') =  [0.916979, 0.040455, 0.010663, 0.010617, 0.010706, 0.010580, ]
stabs(feature) = [2.354372, 0.527326, 6.972630, 12.643288, 19.008981, 19.703839, ]

trans(feature) = [0.000000, 0.492084, 0.319798, 0.086178, 0.054325, 0.047615;
0.387974, 0.000000, 0.317825, 0.102928, 0.101291, 0.089983;
0.535465, 0.212576, 0.000000, 0.126698, 0.066799, 0.058462;
0.313766, 0.161411, 0.297591, 0.000000, 0.119270, 0.107962;
0.258348, 0.164471, 0.250171, 0.196183, 0.000000, 0.130828;
0.247869, 0.162992, 0.243183, 0.198846, 0.147109, 0.000000;
]

multi_uniform_ancestrals('feature_afro') =  [0.486607, 0.021448, 0.098562, 0.109082, 0.142487, 0.141814, ]

multi_fuzzy_ancestrals('feature_afro') =  [0.538678, 0.023664, 0.103492, 0.100203, 0.118075, 0.115888, ]

multi_stationary_ancestrals('feature_afro') =  [0.786861, 0.119884, 0.059357, 0.015997, 0.009604, 0.008297, ]

multi_uniform_ancestrals('feature_austro') =  [0.023340, 0.110966, 0.112040, 0.256085, 0.244927, 0.252641, ]

multi_fuzzy_ancestrals('feature_austro') =  [0.029442, 0.122637, 0.122257, 0.260731, 0.230109, 0.234824, ]

multi_stationary_ancestrals('feature_austro') =  [0.086509, 0.470498, 0.133449, 0.154972, 0.080216, 0.074356, ]

multi_uniform_ancestrals('feature_indo') =  [0.097875, 0.383416, 0.106405, 0.124106, 0.143268, 0.144931, ]

multi_fuzzy_ancestrals('feature_indo') =  [0.114493, 0.415842, 0.113036, 0.116375, 0.120285, 0.119969, ]

multi_stationary_ancestrals('feature_indo') =  [0.102912, 0.850066, 0.030421, 0.008225, 0.004450, 0.003926, ]

multi_uniform_ancestrals('feature_niger') =  [0.191258, 0.081287, 0.192659, 0.181852, 0.176486, 0.176458, ]

multi_fuzzy_ancestrals('feature_niger') =  [0.226543, 0.091463, 0.208585, 0.173744, 0.150946, 0.148720, ]

multi_stationary_ancestrals('feature_niger') =  [0.425810, 0.404641, 0.120736, 0.026055, 0.012192, 0.010566, ]

multi_uniform_ancestrals('feature_nilo') =  [0.153613, 0.035022, 0.245148, 0.196734, 0.184956, 0.184527, ]

multi_fuzzy_ancestrals('feature_nilo') =  [0.185430, 0.039918, 0.267012, 0.190410, 0.159987, 0.157243, ]

multi_stationary_ancestrals('feature_nilo') =  [0.448069, 0.221815, 0.246753, 0.045445, 0.020352, 0.017566, ]

multi_uniform_ancestrals('feature_sino') =  [0.698655, 0.000052, 0.116638, 0.070683, 0.058146, 0.055826, ]

multi_fuzzy_ancestrals('feature_sino') =  [0.727199, 0.000058, 0.119518, 0.063429, 0.046166, 0.043631, ]

multi_stationary_ancestrals('feature_sino') =  [0.882261, 0.000217, 0.092767, 0.015219, 0.005206, 0.004332, ]
stabs(combination_afro) = [6.079580, 3.891974, 11.285984, 18.306121, 18.322859, 18.267380, ]

trans(combination_afro) = [0.000000, 0.448174, 0.247821, 0.101168, 0.101582, 0.101255;
0.435714, 0.000000, 0.261243, 0.100755, 0.101115, 0.101174;
0.312686, 0.340250, 0.000000, 0.115130, 0.116426, 0.115507;
0.242184, 0.248042, 0.213293, 0.000000, 0.147725, 0.148757;
0.242687, 0.251791, 0.213609, 0.145407, 0.000000, 0.146506;
0.243129, 0.251544, 0.212422, 0.145170, 0.147735, 0.000000;
]

indiv_uniform_ancestrals('combination_afro') =  [0.166411, 0.167096, 0.166120, 0.166780, 0.166783, 0.166809, ]

indiv_fuzzy_ancestrals('combination_afro') =  [0.189500, 0.198889, 0.170073, 0.147053, 0.147199, 0.147286, ]

indiv_stationary_ancestrals('combination_afro') =  [0.294404, 0.476074, 0.118318, 0.036856, 0.037183, 0.037164, ]
stabs(combination_austro) = [12.954397, 2.953744, 9.761498, 14.766492, 20.241570, 20.245657, ]

trans(combination_austro) = [0.000000, 0.389491, 0.245018, 0.179294, 0.093317, 0.092881;
0.243184, 0.000000, 0.393442, 0.200810, 0.080851, 0.081713;
0.207537, 0.454878, 0.000000, 0.174460, 0.081870, 0.081255;
0.205872, 0.356923, 0.236161, 0.000000, 0.100606, 0.100438;
0.198818, 0.270443, 0.210229, 0.187004, 0.000000, 0.133505;
0.198428, 0.268992, 0.210639, 0.188415, 0.133526, 0.000000;
]

indiv_uniform_ancestrals('combination_austro') =  [0.138092, 0.230255, 0.175715, 0.154232, 0.150806, 0.150901, ]

indiv_fuzzy_ancestrals('combination_austro') =  [0.135518, 0.283082, 0.183871, 0.146020, 0.125712, 0.125797, ]

indiv_stationary_ancestrals('combination_austro') =  [0.065397, 0.697696, 0.139146, 0.056252, 0.020753, 0.020756, ]
stabs(combination_indo) = [4.016703, 4.450388, 13.997064, 18.128288, 18.122820, 18.161162, ]

trans(combination_indo) = [0.000000, 0.488003, 0.192856, 0.105783, 0.106172, 0.107186;
0.492265, 0.000000, 0.191018, 0.104893, 0.105744, 0.106080;
0.313139, 0.302333, 0.000000, 0.128082, 0.128102, 0.128344;
0.260152, 0.253415, 0.193357, 0.000000, 0.146291, 0.146785;
0.257892, 0.252613, 0.193107, 0.147982, 0.000000, 0.148407;
0.259174, 0.253467, 0.192912, 0.147837, 0.146610, 0.000000;
]

indiv_uniform_ancestrals('combination_indo') =  [0.159477, 0.197378, 0.156238, 0.162513, 0.162268, 0.162127, ]

indiv_fuzzy_ancestrals('combination_indo') =  [0.188495, 0.229955, 0.151123, 0.143699, 0.143406, 0.143322, ]

indiv_stationary_ancestrals('combination_indo') =  [0.392622, 0.439795, 0.065530, 0.034040, 0.033938, 0.034075, ]
stabs(combination_niger) = [6.185501, 0.698315, 17.436588, 17.403189, 17.362694, 17.394506, ]

trans(combination_niger) = [0.000000, 0.673670, 0.082427, 0.081326, 0.081077, 0.081500;
0.635376, 0.000000, 0.090823, 0.091209, 0.091829, 0.090763;
0.256963, 0.280879, 0.000000, 0.154380, 0.153661, 0.154117;
0.257501, 0.279852, 0.154097, 0.000000, 0.154204, 0.154347;
0.256420, 0.281997, 0.153900, 0.154373, 0.000000, 0.153310;
0.255823, 0.281959, 0.154251, 0.153800, 0.154166, 0.000000;
]

indiv_uniform_ancestrals('combination_niger') =  [0.210476, 0.114191, 0.168906, 0.168944, 0.168658, 0.168826, ]

indiv_fuzzy_ancestrals('combination_niger') =  [0.238644, 0.148587, 0.153222, 0.153307, 0.153050, 0.153189, ]

indiv_stationary_ancestrals('combination_niger') =  [0.202544, 0.735068, 0.015590, 0.015611, 0.015613, 0.015574, ]
stabs(combination_nilo) = [7.974945, 4.504589, 9.183480, 18.608063, 17.609050, 18.623492, ]

trans(combination_nilo) = [0.000000, 0.386549, 0.291272, 0.101232, 0.118739, 0.102208;
0.357582, 0.000000, 0.323637, 0.100024, 0.118307, 0.100449;
0.308974, 0.360415, 0.000000, 0.104647, 0.121632, 0.104331;
0.229208, 0.242021, 0.225171, 0.000000, 0.158140, 0.145459;
0.238137, 0.251334, 0.230246, 0.140026, 0.000000, 0.140256;
0.229999, 0.245134, 0.223440, 0.143779, 0.157648, 0.000000;
]

indiv_uniform_ancestrals('combination_nilo') =  [0.175798, 0.160308, 0.164789, 0.166363, 0.166315, 0.166426, ]

indiv_fuzzy_ancestrals('combination_nilo') =  [0.192998, 0.189142, 0.176842, 0.145839, 0.149254, 0.145925, ]

indiv_stationary_ancestrals('combination_nilo') =  [0.248504, 0.429295, 0.190486, 0.041050, 0.049560, 0.041104, ]
stabs(combination_sino) = [0.963023, 10.589245, 18.367920, 18.393246, 18.356485, 18.351042, ]

trans(combination_sino) = [0.000000, 0.437665, 0.141141, 0.140197, 0.140601, 0.140395;
0.552354, 0.000000, 0.111890, 0.112646, 0.111613, 0.111496;
0.322190, 0.229259, 0.000000, 0.149704, 0.149092, 0.149755;
0.320420, 0.229622, 0.150219, 0.000000, 0.149392, 0.150347;
0.321830, 0.230496, 0.149077, 0.149516, 0.000000, 0.149081;
0.322354, 0.229580, 0.149008, 0.149053, 0.150005, 0.000000;
]

indiv_uniform_ancestrals('combination_sino') =  [0.163265, 0.192632, 0.160913, 0.161063, 0.161048, 0.161079, ]

indiv_fuzzy_ancestrals('combination_sino') =  [0.215792, 0.204740, 0.144730, 0.144856, 0.144895, 0.144987, ]

indiv_stationary_ancestrals('combination_sino') =  [0.833622, 0.086085, 0.020068, 0.020039, 0.020084, 0.020102, ]
stabs(combination) = [2.427921, 0.540638, 7.567034, 14.554125, 20.013736, 20.794095, ]

trans(combination) = [0.000000, 0.422904, 0.351029, 0.116978, 0.058002, 0.051086;
0.286980, 0.000000, 0.383650, 0.128063, 0.108079, 0.093229;
0.523205, 0.219506, 0.000000, 0.132153, 0.066352, 0.058783;
0.334612, 0.177638, 0.273522, 0.000000, 0.112139, 0.102089;
0.268234, 0.172348, 0.239719, 0.189535, 0.000000, 0.130164;
0.261496, 0.171826, 0.233014, 0.190315, 0.143349, 0.000000;
]

multi_uniform_ancestrals('combination_afro') =  [0.194064, 0.056631, 0.131258, 0.181378, 0.216481, 0.220188, ]

multi_fuzzy_ancestrals('combination_afro') =  [0.237070, 0.065887, 0.144973, 0.174077, 0.188757, 0.189236, ]

multi_stationary_ancestrals('combination_afro') =  [0.432155, 0.407728, 0.094276, 0.032377, 0.017841, 0.015623, ]

multi_uniform_ancestrals('combination_austro') =  [0.021157, 0.181792, 0.191268, 0.215721, 0.193512, 0.196550, ]

multi_fuzzy_ancestrals('combination_austro') =  [0.027378, 0.203756, 0.207422, 0.213665, 0.173727, 0.174052, ]

multi_stationary_ancestrals('combination_austro') =  [0.042745, 0.643451, 0.169065, 0.083743, 0.032366, 0.028630, ]

multi_uniform_ancestrals('combination_indo') =  [0.187640, 0.089947, 0.177165, 0.182260, 0.181628, 0.181361, ]

multi_fuzzy_ancestrals('combination_indo') =  [0.226751, 0.103304, 0.191990, 0.171522, 0.154483, 0.151950, ]

multi_stationary_ancestrals('combination_indo') =  [0.342205, 0.520845, 0.094290, 0.022803, 0.010689, 0.009168, ]

multi_uniform_ancestrals('combination_niger') =  [0.196779, 0.079809, 0.183192, 0.181325, 0.179612, 0.179283, ]

multi_fuzzy_ancestrals('combination_niger') =  [0.237621, 0.091381, 0.198124, 0.170389, 0.152521, 0.149965, ]

multi_stationary_ancestrals('combination_niger') =  [0.386742, 0.463398, 0.104315, 0.024386, 0.011390, 0.009769, ]

multi_uniform_ancestrals('combination_nilo') =  [0.239975, 0.017817, 0.205389, 0.184014, 0.176910, 0.175894, ]

multi_fuzzy_ancestrals('combination_nilo') =  [0.287385, 0.020696, 0.222090, 0.172775, 0.150070, 0.146985, ]

multi_stationary_ancestrals('combination_nilo') =  [0.637104, 0.125530, 0.171371, 0.035926, 0.016229, 0.013841, ]

multi_uniform_ancestrals('combination_sino') =  [0.504772, 0.003492, 0.111422, 0.124657, 0.127789, 0.127869, ]

multi_fuzzy_ancestrals('combination_sino') =  [0.566360, 0.003980, 0.115319, 0.110608, 0.102619, 0.101114, ]

multi_stationary_ancestrals('combination_sino') =  [0.879815, 0.019067, 0.067001, 0.018234, 0.008541, 0.007342, ]
common_ancestor_ages = [35000.000000, 35650.000000, 36300.000000, 36950.000000, 37600.000000, 38250.000000, 38900.000000, 39550.000000, 40200.000000, 40850.000000, 41500.000000, 42150.000000, 42800.000000, 43450.000000, 44100.000000, 44750.000000, 45400.000000, 46050.000000, 46700.000000, 47350.000000, 48000.000000, 48650.000000, 49300.000000, 49950.000000, 50600.000000, 51250.000000, 51900.000000, 52550.000000, 53200.000000, 53850.000000, 54500.000000, 55150.000000, 55800.000000, 56450.000000, 57100.000000, 57750.000000, 58400.000000, 59050.000000, 59700.000000, 60350.000000, 61000.000000, 61650.000000, 62300.000000, 62950.000000, 63600.000000, 64250.000000, 64900.000000, 65550.000000, 66200.000000, 66850.000000, 67500.000000, 68150.000000, 68800.000000, 69450.000000, 70100.000000, 70750.000000, 71400.000000, 72050.000000, 72700.000000, 73350.000000, 74000.000000, 74650.000000, 75300.000000, 75950.000000, 76600.000000, 77250.000000, 77900.000000, 78550.000000, 79200.000000, 79850.000000, 80500.000000, 81150.000000, 81800.000000, 82450.000000, 83100.000000, 83750.000000, 84400.000000, 85050.000000, 85700.000000, 86350.000000, 87000.000000, 87650.000000, 88300.000000, 88950.000000, 89600.000000, 90250.000000, 90900.000000, 91550.000000, 92200.000000, 92850.000000, 93500.000000, 94150.000000, 94800.000000, 95450.000000, 96100.000000, 96750.000000, 97400.000000, 98050.000000, 98700.000000, 99350.000000, ]
common_ancestor_dists = [0.198119, 0.109110, 0.180546, 0.172821, 0.169930, 0.169473;
0.195802, 0.112922, 0.179622, 0.172479, 0.169800, 0.169376;
0.193637, 0.116524, 0.178748, 0.172148, 0.169668, 0.169275;
0.191621, 0.119923, 0.177925, 0.171828, 0.169534, 0.169169;
0.189747, 0.123123, 0.177151, 0.171521, 0.169398, 0.169060;
0.188006, 0.126131, 0.176425, 0.171227, 0.169262, 0.168949;
0.186392, 0.128954, 0.175744, 0.170945, 0.169127, 0.168838;
0.184896, 0.131600, 0.175107, 0.170676, 0.168995, 0.168727;
0.183510, 0.134076, 0.174511, 0.170420, 0.168866, 0.168617;
0.182228, 0.136391, 0.173954, 0.170178, 0.168740, 0.168510;
0.181041, 0.138553, 0.173434, 0.169948, 0.168618, 0.168406;
0.179944, 0.140570, 0.172949, 0.169731, 0.168501, 0.168305;
0.178930, 0.142450, 0.172498, 0.169526, 0.168389, 0.168207;
0.177992, 0.144202, 0.172077, 0.169334, 0.168282, 0.168113;
0.177126, 0.145832, 0.171685, 0.169152, 0.168180, 0.168024;
0.176327, 0.147349, 0.171321, 0.168982, 0.168083, 0.167939;
0.175588, 0.148759, 0.170982, 0.168822, 0.167991, 0.167857;
0.174907, 0.150069, 0.170667, 0.168673, 0.167904, 0.167780;
0.174277, 0.151286, 0.170375, 0.168533, 0.167822, 0.167707;
0.173697, 0.152415, 0.170103, 0.168402, 0.167744, 0.167638;
0.173161, 0.153463, 0.169851, 0.168280, 0.167671, 0.167574;
0.172666, 0.154435, 0.169618, 0.168166, 0.167603, 0.167512;
0.172209, 0.155336, 0.169401, 0.168060, 0.167539, 0.167455;
0.171788, 0.156172, 0.169200, 0.167961, 0.167478, 0.167401;
0.171399, 0.156946, 0.169014, 0.167869, 0.167422, 0.167350;
0.171040, 0.157664, 0.168841, 0.167783, 0.167369, 0.167303;
0.170709, 0.158329, 0.168681, 0.167703, 0.167320, 0.167258;
0.170404, 0.158944, 0.168533, 0.167628, 0.167274, 0.167217;
0.170122, 0.159515, 0.168396, 0.167559, 0.167231, 0.167178;
0.169861, 0.160043, 0.168268, 0.167495, 0.167191, 0.167142;
0.169621, 0.160532, 0.168151, 0.167435, 0.167153, 0.167108;
0.169399, 0.160984, 0.168042, 0.167379, 0.167119, 0.167077;
0.169195, 0.161403, 0.167941, 0.167328, 0.167086, 0.167048;
0.169005, 0.161791, 0.167847, 0.167280, 0.167056, 0.167020;
0.168831, 0.162150, 0.167761, 0.167236, 0.167028, 0.166995;
0.168669, 0.162482, 0.167680, 0.167195, 0.167002, 0.166971;
0.168520, 0.162790, 0.167606, 0.167156, 0.166978, 0.166949;
0.168383, 0.163074, 0.167537, 0.167121, 0.166955, 0.166929;
0.168256, 0.163338, 0.167474, 0.167088, 0.166935, 0.166910;
0.168138, 0.163582, 0.167415, 0.167058, 0.166915, 0.166892;
0.168029, 0.163808, 0.167360, 0.167029, 0.166897, 0.166876;
0.167929, 0.164017, 0.167310, 0.167003, 0.166880, 0.166861;
0.167836, 0.164210, 0.167263, 0.166979, 0.166865, 0.166847;
0.167750, 0.164389, 0.167220, 0.166956, 0.166851, 0.166834;
0.167671, 0.164555, 0.167180, 0.166935, 0.166837, 0.166822;
0.167597, 0.164709, 0.167142, 0.166916, 0.166825, 0.166811;
0.167529, 0.164851, 0.167108, 0.166898, 0.166813, 0.166800;
0.167467, 0.164983, 0.167076, 0.166881, 0.166803, 0.166790;
0.167408, 0.165105, 0.167047, 0.166866, 0.166793, 0.166781;
0.167355, 0.165218, 0.167019, 0.166852, 0.166784, 0.166773;
0.167305, 0.165322, 0.166994, 0.166838, 0.166775, 0.166765;
0.167259, 0.165419, 0.166970, 0.166826, 0.166767, 0.166758;
0.167216, 0.165509, 0.166948, 0.166815, 0.166760, 0.166752;
0.167176, 0.165592, 0.166928, 0.166804, 0.166753, 0.166746;
0.167140, 0.165669, 0.166910, 0.166794, 0.166747, 0.166740;
0.167106, 0.165741, 0.166892, 0.166785, 0.166741, 0.166735;
0.167074, 0.165807, 0.166876, 0.166777, 0.166736, 0.166730;
0.167045, 0.165869, 0.166861, 0.166769, 0.166731, 0.166725;
0.167018, 0.165926, 0.166847, 0.166762, 0.166726, 0.166721;
0.166993, 0.165978, 0.166834, 0.166755, 0.166722, 0.166717;
0.166970, 0.166027, 0.166823, 0.166749, 0.166718, 0.166713;
0.166948, 0.166073, 0.166812, 0.166743, 0.166714, 0.166710;
0.166928, 0.166115, 0.166801, 0.166737, 0.166711, 0.166707;
0.166910, 0.166154, 0.166792, 0.166732, 0.166708, 0.166704;
0.166893, 0.166190, 0.166783, 0.166728, 0.166705, 0.166701;
0.166877, 0.166224, 0.166775, 0.166724, 0.166702, 0.166699;
0.166862, 0.166255, 0.166767, 0.166719, 0.166700, 0.166697;
0.166848, 0.166284, 0.166760, 0.166716, 0.166697, 0.166694;
0.166835, 0.166311, 0.166753, 0.166712, 0.166695, 0.166693;
0.166824, 0.166336, 0.166747, 0.166709, 0.166693, 0.166691;
0.166813, 0.166359, 0.166742, 0.166706, 0.166691, 0.166689;
0.166802, 0.166381, 0.166737, 0.166703, 0.166689, 0.166687;
0.166793, 0.166401, 0.166732, 0.166701, 0.166688, 0.166686;
0.166784, 0.166419, 0.166727, 0.166698, 0.166686, 0.166685;
0.166776, 0.166437, 0.166723, 0.166696, 0.166685, 0.166683;
0.166768, 0.166453, 0.166719, 0.166694, 0.166684, 0.166682;
0.166761, 0.166468, 0.166715, 0.166692, 0.166683, 0.166681;
0.166755, 0.166481, 0.166712, 0.166691, 0.166681, 0.166680;
0.166749, 0.166494, 0.166709, 0.166689, 0.166680, 0.166679;
0.166743, 0.166506, 0.166706, 0.166687, 0.166679, 0.166678;
0.166738, 0.166517, 0.166703, 0.166686, 0.166678, 0.166677;
0.166733, 0.166528, 0.166701, 0.166685, 0.166678, 0.166677;
0.166728, 0.166537, 0.166698, 0.166683, 0.166677, 0.166676;
0.166724, 0.166546, 0.166696, 0.166682, 0.166676, 0.166675;
0.166720, 0.166554, 0.166694, 0.166681, 0.166676, 0.166675;
0.166717, 0.166562, 0.166692, 0.166680, 0.166675, 0.166674;
0.166713, 0.166569, 0.166690, 0.166679, 0.166674, 0.166674;
0.166710, 0.166576, 0.166689, 0.166678, 0.166674, 0.166673;
0.166707, 0.166582, 0.166687, 0.166678, 0.166673, 0.166673;
0.166704, 0.166588, 0.166686, 0.166677, 0.166673, 0.166672;
0.166702, 0.166593, 0.166685, 0.166676, 0.166672, 0.166672;
0.166699, 0.166598, 0.166683, 0.166675, 0.166672, 0.166672;
0.166697, 0.166603, 0.166682, 0.166675, 0.166672, 0.166671;
0.166695, 0.166607, 0.166681, 0.166674, 0.166671, 0.166671;
0.166693, 0.166611, 0.166680, 0.166674, 0.166671, 0.166671;
0.166691, 0.166615, 0.166679, 0.166673, 0.166671, 0.166670;
0.166690, 0.166619, 0.166678, 0.166673, 0.166670, 0.166670;
0.166688, 0.166622, 0.166678, 0.166672, 0.166670, 0.166670;
0.166687, 0.166625, 0.166677, 0.166672, 0.166670, 0.166670;
0.166685, 0.166628, 0.166676, 0.166672, 0.166670, 0.166669;
]
sliding_priors(afro) = [0.194064, 0.056631, 0.131258, 0.181378, 0.216481, 0.220188;
0.203374, 0.058589, 0.134530, 0.180059, 0.210275, 0.213173;
0.212504, 0.060528, 0.137632, 0.178669, 0.204261, 0.206406;
0.221455, 0.062446, 0.140571, 0.177215, 0.198435, 0.199879;
0.230227, 0.064344, 0.143351, 0.175702, 0.192791, 0.193584;
0.238821, 0.066221, 0.145978, 0.174137, 0.187326, 0.187516;
0.247240, 0.068077, 0.148457, 0.172525, 0.182035, 0.181666;
0.255483, 0.069912, 0.150793, 0.170872, 0.176913, 0.176027;
0.263553, 0.071724, 0.152993, 0.169181, 0.171956, 0.170592;
0.271452, 0.073516, 0.155059, 0.167459, 0.167159, 0.165355;
0.279181, 0.075285, 0.156998, 0.165708, 0.162518, 0.160309;
0.286743, 0.077034, 0.158815, 0.163935, 0.158027, 0.155447;
0.294138, 0.078760, 0.160513, 0.162142, 0.153684, 0.150763;
0.301371, 0.080465, 0.162098, 0.160333, 0.149483, 0.146250;
0.308442, 0.082149, 0.163574, 0.158512, 0.145420, 0.141903;
0.315354, 0.083812, 0.164945, 0.156682, 0.141491, 0.137716;
0.322110, 0.085454, 0.166217, 0.154846, 0.137692, 0.133682;
0.328712, 0.087075, 0.167392, 0.153007, 0.134018, 0.129796;
0.335163, 0.088675, 0.168475, 0.151167, 0.130467, 0.126053;
0.341464, 0.090255, 0.169470, 0.149330, 0.127033, 0.122447;
0.347620, 0.091815, 0.170381, 0.147496, 0.123714, 0.118973;
0.353632, 0.093355, 0.171211, 0.145669, 0.120504, 0.115627;
0.359503, 0.094876, 0.171965, 0.143851, 0.117402, 0.112403;
0.365236, 0.096378, 0.172644, 0.142042, 0.114403, 0.109296;
0.370834, 0.097861, 0.173254, 0.140245, 0.111504, 0.106303;
0.376298, 0.099325, 0.173796, 0.138461, 0.108701, 0.103419;
0.381633, 0.100771, 0.174274, 0.136692, 0.105991, 0.100639;
0.386839, 0.102199, 0.174692, 0.134938, 0.103372, 0.097960;
0.391921, 0.103609, 0.175051, 0.133201, 0.100839, 0.095378;
0.396881, 0.105002, 0.175355, 0.131482, 0.098391, 0.092889;
0.401721, 0.106379, 0.175607, 0.129781, 0.096023, 0.090489;
0.406443, 0.107738, 0.175809, 0.128100, 0.093734, 0.088175;
0.411051, 0.109081, 0.175963, 0.126439, 0.091521, 0.085944;
0.415547, 0.110409, 0.176071, 0.124799, 0.089380, 0.083793;
0.419934, 0.111720, 0.176137, 0.123180, 0.087310, 0.081718;
0.424213, 0.113016, 0.176162, 0.121583, 0.085308, 0.079716;
0.428388, 0.114298, 0.176149, 0.120009, 0.083372, 0.077785;
0.432460, 0.115564, 0.176099, 0.118456, 0.081499, 0.075921;
0.436432, 0.116816, 0.176015, 0.116927, 0.079687, 0.074123;
0.440307, 0.118054, 0.175897, 0.115420, 0.077934, 0.072388;
0.444085, 0.119278, 0.175749, 0.113937, 0.076238, 0.070712;
0.447771, 0.120488, 0.175571, 0.112476, 0.074597, 0.069095;
0.451365, 0.121686, 0.175366, 0.111039, 0.073009, 0.067534;
0.454871, 0.122870, 0.175135, 0.109626, 0.071473, 0.066026;
0.458289, 0.124042, 0.174879, 0.108235, 0.069985, 0.064570;
0.461623, 0.125201, 0.174600, 0.106868, 0.068545, 0.063163;
0.464873, 0.126348, 0.174299, 0.105525, 0.067151, 0.061804;
