stabs = containers.Map();
all_stabs = containers.Map();
trans = containers.Map();
indiv_uniform_ancestrals = containers.Map();
indiv_fuzzy_ancestrals = containers.Map();
indiv_stationary_ancestrals = containers.Map();
multi_uniform_ancestrals = containers.Map();
multi_fuzzy_ancestrals = containers.Map();
multi_stationary_ancestrals = containers.Map();
indiv_sliding_priors = containers.Map();
multi_sliding_priors = containers.Map();
Q = containers.Map();
indiv_sliding_priors('geographic_afro') = [0.161054, 0.175511, 0.162969, 0.166830, 0.166843, 0.166793;
0.201638, 0.237255, 0.169554, 0.130528, 0.130546, 0.130478;
0.229407, 0.284622, 0.169387, 0.105541, 0.105544, 0.105499;
0.248597, 0.321589, 0.165969, 0.087962, 0.087949, 0.087935;
0.261932, 0.350843, 0.161180, 0.075360, 0.075337, 0.075348;
0.271213, 0.374258, 0.156017, 0.066179, 0.066151, 0.066182;
0.277655, 0.393180, 0.150992, 0.059395, 0.059367, 0.059412;
0.282092, 0.408599, 0.146348, 0.054320, 0.054294, 0.054347;
0.285106, 0.421257, 0.142184, 0.050479, 0.050457, 0.050517;
0.287106, 0.431716, 0.138517, 0.047544, 0.047526, 0.047590;
0.288384, 0.440410, 0.135325, 0.045280, 0.045267, 0.045333;
0.289148, 0.447678, 0.132568, 0.043519, 0.043509, 0.043578;
0.289547, 0.453784, 0.130198, 0.042138, 0.042132, 0.042202;
0.289689, 0.458938, 0.128165, 0.041047, 0.041044, 0.041116;
0.289654, 0.463309, 0.126425, 0.040179, 0.040180, 0.040252;
0.289499, 0.467031, 0.124936, 0.039485, 0.039488, 0.039561;
0.289263, 0.470212, 0.123662, 0.038926, 0.038931, 0.039005;
0.288977, 0.472943, 0.122571, 0.038473, 0.038481, 0.038554;
0.288663, 0.475294, 0.121637, 0.038105, 0.038114, 0.038187;
0.288336, 0.477327, 0.120834, 0.037803, 0.037813, 0.037887;
0.288005, 0.479089, 0.120145, 0.037555, 0.037566, 0.037640;
0.287680, 0.480621, 0.119551, 0.037350, 0.037362, 0.037436;
0.287364, 0.481958, 0.119039, 0.037179, 0.037193, 0.037267;
0.287062, 0.483128, 0.118596, 0.037037, 0.037052, 0.037125;
0.286775, 0.484154, 0.118213, 0.036918, 0.036934, 0.037007;
0.286504, 0.485056, 0.117880, 0.036818, 0.036834, 0.036908;
0.286250, 0.485852, 0.117591, 0.036734, 0.036750, 0.036824;
0.286012, 0.486555, 0.117339, 0.036662, 0.036679, 0.036752;
0.285790, 0.487178, 0.117119, 0.036601, 0.036619, 0.036692;
0.285585, 0.487732, 0.116927, 0.036549, 0.036567, 0.036640;
0.285394, 0.488224, 0.116758, 0.036505, 0.036523, 0.036596;
0.285217, 0.488663, 0.116610, 0.036467, 0.036486, 0.036558;
0.285053, 0.489055, 0.116480, 0.036434, 0.036453, 0.036525;
0.284902, 0.489407, 0.116365, 0.036405, 0.036425, 0.036497;
0.284762, 0.489722, 0.116264, 0.036381, 0.036400, 0.036472;
0.284633, 0.490004, 0.116174, 0.036359, 0.036379, 0.036451;
0.284514, 0.490259, 0.116094, 0.036340, 0.036361, 0.036432;
0.284404, 0.490489, 0.116023, 0.036324, 0.036345, 0.036416;
0.284302, 0.490696, 0.115960, 0.036310, 0.036330, 0.036401;
0.284209, 0.490883, 0.115904, 0.036297, 0.036318, 0.036389;
0.284122, 0.491053, 0.115854, 0.036286, 0.036307, 0.036378;
0.284042, 0.491207, 0.115809, 0.036276, 0.036297, 0.036368;
0.283969, 0.491347, 0.115769, 0.036268, 0.036289, 0.036359;
0.283901, 0.491474, 0.115733, 0.036260, 0.036281, 0.036351;
0.283838, 0.491590, 0.115701, 0.036253, 0.036274, 0.036345;
0.283779, 0.491695, 0.115671, 0.036247, 0.036268, 0.036338;
0.283726, 0.491792, 0.115645, 0.036242, 0.036263, 0.036333;
0.283676, 0.491880, 0.115621, 0.036237, 0.036258, 0.036328;
0.283630, 0.491961, 0.115600, 0.036232, 0.036254, 0.036324;
0.283587, 0.492034, 0.115581, 0.036228, 0.036250, 0.036320;
0.283547, 0.492102, 0.115563, 0.036225, 0.036247, 0.036316;
0.283511, 0.492164, 0.115547, 0.036222, 0.036243, 0.036313;
0.283477, 0.492221, 0.115532, 0.036219, 0.036241, 0.036310;
0.283445, 0.492274, 0.115519, 0.036216, 0.036238, 0.036307;
0.283416, 0.492322, 0.115507, 0.036214, 0.036236, 0.036305;
0.283388, 0.492367, 0.115496, 0.036212, 0.036234, 0.036303;
0.283363, 0.492408, 0.115486, 0.036210, 0.036232, 0.036301;
0.283340, 0.492446, 0.115477, 0.036208, 0.036230, 0.036299;
0.283318, 0.492481, 0.115469, 0.036206, 0.036229, 0.036298;
0.283297, 0.492513, 0.115461, 0.036205, 0.036227, 0.036296;
0.283278, 0.492544, 0.115454, 0.036204, 0.036226, 0.036295;
0.283261, 0.492571, 0.115447, 0.036203, 0.036225, 0.036294;
0.283244, 0.492597, 0.115441, 0.036201, 0.036224, 0.036292;
0.283229, 0.492621, 0.115436, 0.036200, 0.036223, 0.036291;
0.283214, 0.492643, 0.115431, 0.036199, 0.036222, 0.036290;
0.283201, 0.492664, 0.115426, 0.036199, 0.036221, 0.036290;
0.283188, 0.492683, 0.115422, 0.036198, 0.036220, 0.036289;
0.283177, 0.492701, 0.115418, 0.036197, 0.036219, 0.036288;
0.283166, 0.492717, 0.115415, 0.036196, 0.036219, 0.036287;
0.283155, 0.492733, 0.115411, 0.036196, 0.036218, 0.036287;
0.283146, 0.492747, 0.115408, 0.036195, 0.036217, 0.036286;
0.283137, 0.492761, 0.115405, 0.036195, 0.036217, 0.036286;
0.283128, 0.492773, 0.115402, 0.036194, 0.036216, 0.036285;
0.283121, 0.492785, 0.115400, 0.036194, 0.036216, 0.036285;
0.283113, 0.492796, 0.115398, 0.036193, 0.036216, 0.036284;
0.283106, 0.492806, 0.115396, 0.036193, 0.036215, 0.036284;
0.283100, 0.492816, 0.115394, 0.036193, 0.036215, 0.036283;
0.283094, 0.492825, 0.115392, 0.036192, 0.036215, 0.036283;
0.283088, 0.492833, 0.115390, 0.036192, 0.036214, 0.036283;
0.283082, 0.492841, 0.115388, 0.036192, 0.036214, 0.036282;
0.283077, 0.492849, 0.115387, 0.036191, 0.036214, 0.036282;
0.283073, 0.492855, 0.115385, 0.036191, 0.036213, 0.036282;
0.283068, 0.492862, 0.115384, 0.036191, 0.036213, 0.036282;
0.283064, 0.492868, 0.115383, 0.036191, 0.036213, 0.036281;
0.283060, 0.492874, 0.115382, 0.036191, 0.036213, 0.036281;
0.283056, 0.492879, 0.115381, 0.036190, 0.036213, 0.036281;
0.283053, 0.492884, 0.115380, 0.036190, 0.036212, 0.036281;
0.283049, 0.492889, 0.115379, 0.036190, 0.036212, 0.036281;
0.283046, 0.492893, 0.115378, 0.036190, 0.036212, 0.036280;
0.283043, 0.492898, 0.115377, 0.036190, 0.036212, 0.036280;
0.283040, 0.492902, 0.115376, 0.036190, 0.036212, 0.036280;
0.283038, 0.492905, 0.115376, 0.036189, 0.036212, 0.036280;
0.283035, 0.492909, 0.115375, 0.036189, 0.036212, 0.036280;
0.283033, 0.492912, 0.115374, 0.036189, 0.036211, 0.036280;
0.283031, 0.492915, 0.115374, 0.036189, 0.036211, 0.036280;
0.283028, 0.492918, 0.115373, 0.036189, 0.036211, 0.036280;
0.283026, 0.492921, 0.115373, 0.036189, 0.036211, 0.036279;
0.283025, 0.492924, 0.115372, 0.036189, 0.036211, 0.036279;
0.283023, 0.492926, 0.115372, 0.036189, 0.036211, 0.036279;
0.283021, 0.492929, 0.115371, 0.036189, 0.036211, 0.036279;
];
indiv_sliding_priors('geographic_austro') = [0.197940, 0.180829, 0.187020, 0.132202, 0.148154, 0.153855;
0.197455, 0.266859, 0.204478, 0.119139, 0.103533, 0.108535;
0.192043, 0.326327, 0.214100, 0.108560, 0.077383, 0.081587;
0.184640, 0.370045, 0.219043, 0.099984, 0.061400, 0.064889;
0.176779, 0.403314, 0.221169, 0.093113, 0.051354, 0.054270;
0.169247, 0.429203, 0.221608, 0.087672, 0.044893, 0.047378;
0.162415, 0.449658, 0.221055, 0.083397, 0.040652, 0.042823;
0.156421, 0.465995, 0.219947, 0.080059, 0.037816, 0.039763;
0.151278, 0.479148, 0.218552, 0.077460, 0.035887, 0.037675;
0.146931, 0.489801, 0.217043, 0.075440, 0.034555, 0.036230;
0.143297, 0.498471, 0.215521, 0.073872, 0.033623, 0.035217;
0.140282, 0.505554, 0.214052, 0.072653, 0.032962, 0.034498;
0.137793, 0.511361, 0.212669, 0.071706, 0.032488, 0.033982;
0.135748, 0.516137, 0.211392, 0.070968, 0.032146, 0.033608;
0.134071, 0.520076, 0.210228, 0.070393, 0.031896, 0.033336;
0.132698, 0.523334, 0.209177, 0.069944, 0.031713, 0.033135;
0.131574, 0.526035, 0.208234, 0.069592, 0.031578, 0.032987;
0.130655, 0.528280, 0.207393, 0.069317, 0.031479, 0.032876;
0.129903, 0.530151, 0.206646, 0.069100, 0.031405, 0.032794;
0.129287, 0.531714, 0.205985, 0.068931, 0.031350, 0.032733;
0.128782, 0.533022, 0.205402, 0.068797, 0.031310, 0.032687;
0.128367, 0.534121, 0.204887, 0.068692, 0.031280, 0.032653;
0.128026, 0.535044, 0.204434, 0.068609, 0.031259, 0.032628;
0.127745, 0.535823, 0.204035, 0.068543, 0.031243, 0.032610;
0.127513, 0.536481, 0.203685, 0.068492, 0.031233, 0.032596;
0.127321, 0.537039, 0.203377, 0.068451, 0.031225, 0.032587;
0.127163, 0.537511, 0.203107, 0.068419, 0.031220, 0.032580;
0.127031, 0.537913, 0.202869, 0.068394, 0.031217, 0.032576;
0.126921, 0.538256, 0.202660, 0.068374, 0.031216, 0.032573;
0.126830, 0.538548, 0.202477, 0.068359, 0.031215, 0.032571;
0.126753, 0.538798, 0.202315, 0.068347, 0.031216, 0.032571;
0.126689, 0.539012, 0.202173, 0.068338, 0.031217, 0.032571;
0.126636, 0.539195, 0.202048, 0.068331, 0.031218, 0.032571;
0.126591, 0.539353, 0.201938, 0.068326, 0.031219, 0.032572;
0.126553, 0.539489, 0.201841, 0.068322, 0.031221, 0.032573;
0.126521, 0.539607, 0.201756, 0.068319, 0.031223, 0.032575;
0.126494, 0.539708, 0.201680, 0.068317, 0.031225, 0.032576;
0.126471, 0.539796, 0.201613, 0.068316, 0.031226, 0.032578;
0.126451, 0.539872, 0.201554, 0.068315, 0.031228, 0.032579;
0.126435, 0.539938, 0.201502, 0.068314, 0.031230, 0.032581;
0.126421, 0.539996, 0.201456, 0.068314, 0.031232, 0.032582;
0.126409, 0.540046, 0.201415, 0.068314, 0.031233, 0.032583;
0.126398, 0.540089, 0.201379, 0.068314, 0.031235, 0.032585;
0.126390, 0.540127, 0.201346, 0.068315, 0.031236, 0.032586;
0.126382, 0.540161, 0.201318, 0.068315, 0.031237, 0.032587;
0.126376, 0.540190, 0.201292, 0.068316, 0.031239, 0.032588;
0.126370, 0.540215, 0.201269, 0.068316, 0.031240, 0.032589;
0.126365, 0.540238, 0.201249, 0.068317, 0.031241, 0.032590;
0.126361, 0.540257, 0.201231, 0.068318, 0.031242, 0.032591;
0.126357, 0.540275, 0.201215, 0.068318, 0.031243, 0.032592;
0.126354, 0.540290, 0.201200, 0.068319, 0.031244, 0.032593;
0.126352, 0.540303, 0.201188, 0.068319, 0.031244, 0.032594;
0.126349, 0.540315, 0.201176, 0.068320, 0.031245, 0.032594;
0.126347, 0.540326, 0.201166, 0.068320, 0.031246, 0.032595;
0.126345, 0.540335, 0.201157, 0.068321, 0.031246, 0.032596;
0.126344, 0.540343, 0.201148, 0.068321, 0.031247, 0.032596;
0.126343, 0.540351, 0.201141, 0.068322, 0.031247, 0.032597;
0.126341, 0.540357, 0.201134, 0.068322, 0.031248, 0.032597;
0.126340, 0.540363, 0.201128, 0.068323, 0.031248, 0.032598;
0.126339, 0.540368, 0.201123, 0.068323, 0.031249, 0.032598;
0.126339, 0.540373, 0.201118, 0.068324, 0.031249, 0.032598;
0.126338, 0.540377, 0.201113, 0.068324, 0.031249, 0.032599;
0.126337, 0.540380, 0.201109, 0.068324, 0.031250, 0.032599;
0.126337, 0.540383, 0.201106, 0.068325, 0.031250, 0.032599;
0.126336, 0.540386, 0.201103, 0.068325, 0.031250, 0.032600;
0.126336, 0.540389, 0.201100, 0.068325, 0.031251, 0.032600;
0.126336, 0.540391, 0.201097, 0.068325, 0.031251, 0.032600;
0.126335, 0.540393, 0.201095, 0.068326, 0.031251, 0.032600;
0.126335, 0.540395, 0.201093, 0.068326, 0.031251, 0.032600;
0.126335, 0.540397, 0.201091, 0.068326, 0.031251, 0.032601;
0.126335, 0.540398, 0.201089, 0.068326, 0.031251, 0.032601;
0.126334, 0.540400, 0.201087, 0.068326, 0.031252, 0.032601;
0.126334, 0.540401, 0.201086, 0.068326, 0.031252, 0.032601;
0.126334, 0.540402, 0.201084, 0.068327, 0.031252, 0.032601;
0.126334, 0.540403, 0.201083, 0.068327, 0.031252, 0.032601;
0.126334, 0.540404, 0.201082, 0.068327, 0.031252, 0.032601;
0.126334, 0.540405, 0.201081, 0.068327, 0.031252, 0.032601;
0.126334, 0.540405, 0.201080, 0.068327, 0.031252, 0.032602;
0.126333, 0.540406, 0.201079, 0.068327, 0.031252, 0.032602;
0.126333, 0.540407, 0.201079, 0.068327, 0.031252, 0.032602;
0.126333, 0.540407, 0.201078, 0.068327, 0.031253, 0.032602;
0.126333, 0.540408, 0.201077, 0.068327, 0.031253, 0.032602;
0.126333, 0.540408, 0.201077, 0.068328, 0.031253, 0.032602;
0.126333, 0.540409, 0.201076, 0.068328, 0.031253, 0.032602;
0.126333, 0.540409, 0.201076, 0.068328, 0.031253, 0.032602;
0.126333, 0.540409, 0.201075, 0.068328, 0.031253, 0.032602;
0.126333, 0.540409, 0.201075, 0.068328, 0.031253, 0.032602;
0.126333, 0.540410, 0.201074, 0.068328, 0.031253, 0.032602;
0.126333, 0.540410, 0.201074, 0.068328, 0.031253, 0.032602;
0.126333, 0.540410, 0.201074, 0.068328, 0.031253, 0.032602;
0.126333, 0.540410, 0.201073, 0.068328, 0.031253, 0.032602;
0.126333, 0.540411, 0.201073, 0.068328, 0.031253, 0.032602;
0.126333, 0.540411, 0.201073, 0.068328, 0.031253, 0.032602;
0.126333, 0.540411, 0.201073, 0.068328, 0.031253, 0.032602;
0.126333, 0.540411, 0.201072, 0.068328, 0.031253, 0.032602;
0.126333, 0.540411, 0.201072, 0.068328, 0.031253, 0.032602;
0.126333, 0.540411, 0.201072, 0.068328, 0.031253, 0.032602;
0.126333, 0.540411, 0.201072, 0.068328, 0.031253, 0.032602;
0.126333, 0.540412, 0.201072, 0.068328, 0.031253, 0.032603;
0.126333, 0.540412, 0.201072, 0.068328, 0.031253, 0.032603;
];
indiv_sliding_priors('geographic_indo') = [0.155287, 0.343757, 0.113734, 0.129711, 0.128774, 0.128736;
0.198667, 0.429853, 0.097095, 0.091915, 0.091254, 0.091216;
0.227290, 0.481604, 0.084160, 0.069346, 0.068822, 0.068778;
0.247238, 0.514426, 0.074103, 0.055061, 0.054612, 0.054560;
0.261710, 0.535868, 0.066319, 0.045656, 0.045253, 0.045194;
0.272547, 0.550098, 0.060316, 0.039285, 0.038910, 0.038845;
0.280873, 0.559596, 0.055699, 0.034872, 0.034515, 0.034445;
0.287410, 0.565915, 0.052153, 0.031762, 0.031418, 0.031343;
0.292635, 0.570063, 0.049431, 0.029540, 0.029206, 0.029126;
0.296878, 0.572714, 0.047342, 0.027935, 0.027607, 0.027524;
0.300370, 0.574327, 0.045739, 0.026765, 0.026443, 0.026356;
0.303277, 0.575220, 0.044510, 0.025907, 0.025588, 0.025498;
0.305723, 0.575617, 0.043566, 0.025273, 0.024958, 0.024864;
0.307798, 0.575674, 0.042841, 0.024803, 0.024490, 0.024393;
0.309573, 0.575503, 0.042285, 0.024453, 0.024143, 0.024042;
0.311102, 0.575183, 0.041858, 0.024192, 0.023884, 0.023781;
0.312427, 0.574769, 0.041531, 0.023997, 0.023690, 0.023585;
0.313582, 0.574301, 0.041280, 0.023852, 0.023546, 0.023439;
0.314593, 0.573808, 0.041088, 0.023743, 0.023439, 0.023329;
0.315482, 0.573307, 0.040941, 0.023663, 0.023359, 0.023248;
0.316267, 0.572814, 0.040829, 0.023603, 0.023300, 0.023187;
0.316962, 0.572336, 0.040744, 0.023559, 0.023257, 0.023142;
0.317580, 0.571878, 0.040680, 0.023527, 0.023226, 0.023109;
0.318131, 0.571445, 0.040631, 0.023504, 0.023203, 0.023086;
0.318624, 0.571037, 0.040595, 0.023488, 0.023188, 0.023069;
0.319065, 0.570656, 0.040568, 0.023477, 0.023177, 0.023057;
0.319462, 0.570301, 0.040548, 0.023469, 0.023170, 0.023049;
0.319818, 0.569972, 0.040534, 0.023465, 0.023166, 0.023045;
0.320140, 0.569666, 0.040524, 0.023463, 0.023165, 0.023042;
0.320431, 0.569384, 0.040517, 0.023462, 0.023164, 0.023041;
0.320694, 0.569123, 0.040513, 0.023463, 0.023165, 0.023041;
0.320933, 0.568883, 0.040511, 0.023464, 0.023167, 0.023042;
0.321150, 0.568661, 0.040509, 0.023466, 0.023169, 0.023044;
0.321347, 0.568457, 0.040509, 0.023469, 0.023172, 0.023046;
0.321526, 0.568269, 0.040510, 0.023471, 0.023175, 0.023048;
0.321690, 0.568096, 0.040511, 0.023474, 0.023178, 0.023051;
0.321840, 0.567936, 0.040513, 0.023477, 0.023181, 0.023054;
0.321977, 0.567789, 0.040514, 0.023480, 0.023184, 0.023056;
0.322102, 0.567654, 0.040516, 0.023483, 0.023187, 0.023059;
0.322217, 0.567529, 0.040518, 0.023485, 0.023190, 0.023061;
0.322322, 0.567414, 0.040520, 0.023488, 0.023192, 0.023064;
0.322418, 0.567308, 0.040522, 0.023490, 0.023195, 0.023066;
0.322507, 0.567210, 0.040524, 0.023493, 0.023197, 0.023068;
0.322589, 0.567119, 0.040526, 0.023495, 0.023200, 0.023071;
0.322665, 0.567036, 0.040527, 0.023497, 0.023202, 0.023073;
0.322734, 0.566959, 0.040529, 0.023499, 0.023204, 0.023075;
0.322798, 0.566887, 0.040531, 0.023501, 0.023206, 0.023076;
0.322857, 0.566821, 0.040532, 0.023503, 0.023208, 0.023078;
0.322912, 0.566760, 0.040533, 0.023505, 0.023210, 0.023080;
0.322963, 0.566703, 0.040535, 0.023506, 0.023212, 0.023081;
0.323010, 0.566650, 0.040536, 0.023508, 0.023213, 0.023083;
0.323053, 0.566601, 0.040537, 0.023509, 0.023215, 0.023084;
0.323093, 0.566556, 0.040538, 0.023511, 0.023216, 0.023085;
0.323131, 0.566514, 0.040539, 0.023512, 0.023218, 0.023087;
0.323166, 0.566475, 0.040540, 0.023513, 0.023219, 0.023088;
0.323198, 0.566439, 0.040541, 0.023514, 0.023220, 0.023089;
0.323228, 0.566405, 0.040542, 0.023515, 0.023221, 0.023090;
0.323256, 0.566373, 0.040542, 0.023516, 0.023222, 0.023091;
0.323282, 0.566344, 0.040543, 0.023517, 0.023223, 0.023091;
0.323306, 0.566317, 0.040543, 0.023518, 0.023224, 0.023092;
0.323329, 0.566291, 0.040544, 0.023519, 0.023225, 0.023093;
0.323350, 0.566268, 0.040545, 0.023519, 0.023225, 0.023094;
0.323369, 0.566245, 0.040545, 0.023520, 0.023226, 0.023094;
0.323388, 0.566225, 0.040545, 0.023521, 0.023227, 0.023095;
0.323405, 0.566205, 0.040546, 0.023521, 0.023227, 0.023096;
0.323421, 0.566187, 0.040546, 0.023522, 0.023228, 0.023096;
0.323436, 0.566170, 0.040547, 0.023522, 0.023229, 0.023097;
0.323450, 0.566155, 0.040547, 0.023523, 0.023229, 0.023097;
0.323463, 0.566140, 0.040547, 0.023523, 0.023230, 0.023098;
0.323475, 0.566126, 0.040547, 0.023524, 0.023230, 0.023098;
0.323487, 0.566113, 0.040548, 0.023524, 0.023230, 0.023098;
0.323498, 0.566101, 0.040548, 0.023524, 0.023231, 0.023099;
0.323508, 0.566089, 0.040548, 0.023525, 0.023231, 0.023099;
0.323517, 0.566078, 0.040548, 0.023525, 0.023232, 0.023099;
0.323526, 0.566068, 0.040548, 0.023525, 0.023232, 0.023100;
0.323535, 0.566059, 0.040549, 0.023526, 0.023232, 0.023100;
0.323543, 0.566050, 0.040549, 0.023526, 0.023232, 0.023100;
0.323550, 0.566042, 0.040549, 0.023526, 0.023233, 0.023100;
0.323557, 0.566034, 0.040549, 0.023526, 0.023233, 0.023101;
0.323564, 0.566026, 0.040549, 0.023527, 0.023233, 0.023101;
0.323570, 0.566019, 0.040549, 0.023527, 0.023233, 0.023101;
0.323576, 0.566013, 0.040549, 0.023527, 0.023234, 0.023101;
0.323581, 0.566007, 0.040549, 0.023527, 0.023234, 0.023101;
0.323586, 0.566001, 0.040550, 0.023527, 0.023234, 0.023102;
0.323591, 0.565995, 0.040550, 0.023528, 0.023234, 0.023102;
0.323596, 0.565990, 0.040550, 0.023528, 0.023234, 0.023102;
0.323600, 0.565985, 0.040550, 0.023528, 0.023235, 0.023102;
0.323604, 0.565981, 0.040550, 0.023528, 0.023235, 0.023102;
0.323608, 0.565976, 0.040550, 0.023528, 0.023235, 0.023102;
0.323612, 0.565972, 0.040550, 0.023528, 0.023235, 0.023102;
0.323615, 0.565968, 0.040550, 0.023528, 0.023235, 0.023103;
0.323619, 0.565965, 0.040550, 0.023528, 0.023235, 0.023103;
0.323622, 0.565961, 0.040550, 0.023529, 0.023235, 0.023103;
0.323625, 0.565958, 0.040550, 0.023529, 0.023236, 0.023103;
0.323628, 0.565955, 0.040550, 0.023529, 0.023236, 0.023103;
0.323630, 0.565952, 0.040550, 0.023529, 0.023236, 0.023103;
0.323633, 0.565949, 0.040550, 0.023529, 0.023236, 0.023103;
0.323635, 0.565947, 0.040550, 0.023529, 0.023236, 0.023103;
0.323637, 0.565944, 0.040550, 0.023529, 0.023236, 0.023103;
0.323639, 0.565942, 0.040550, 0.023529, 0.023236, 0.023103;
];
indiv_sliding_priors('geographic_niger') = [0.149834, 0.353194, 0.124153, 0.124279, 0.124442, 0.124099;
0.152034, 0.510872, 0.084204, 0.084310, 0.084379, 0.084201;
0.144954, 0.613783, 0.060269, 0.060346, 0.060376, 0.060272;
0.134736, 0.686021, 0.044780, 0.044835, 0.044847, 0.044782;
0.123966, 0.738937, 0.034254, 0.034292, 0.034298, 0.034253;
0.113749, 0.778796, 0.026849, 0.026877, 0.026881, 0.026848;
0.104523, 0.809412, 0.021506, 0.021526, 0.021530, 0.021503;
0.096411, 0.833270, 0.017571, 0.017587, 0.017592, 0.017568;
0.089394, 0.852067, 0.014628, 0.014640, 0.014647, 0.014624;
0.083383, 0.867007, 0.012396, 0.012406, 0.012415, 0.012392;
0.078269, 0.878965, 0.010685, 0.010694, 0.010705, 0.010681;
0.073937, 0.888594, 0.009361, 0.009369, 0.009381, 0.009357;
0.070279, 0.896385, 0.008328, 0.008335, 0.008349, 0.008324;
0.067195, 0.902717, 0.007516, 0.007523, 0.007537, 0.007512;
0.064599, 0.907882, 0.006874, 0.006880, 0.006895, 0.006870;
0.062416, 0.912110, 0.006362, 0.006369, 0.006384, 0.006359;
0.060579, 0.915581, 0.005953, 0.005960, 0.005976, 0.005950;
0.059036, 0.918439, 0.005625, 0.005631, 0.005648, 0.005621;
0.057737, 0.920799, 0.005359, 0.005366, 0.005383, 0.005356;
0.056645, 0.922751, 0.005144, 0.005151, 0.005168, 0.005141;
0.055726, 0.924369, 0.004969, 0.004976, 0.004993, 0.004966;
0.054952, 0.925715, 0.004826, 0.004833, 0.004850, 0.004823;
0.054300, 0.926836, 0.004709, 0.004716, 0.004733, 0.004706;
0.053750, 0.927771, 0.004613, 0.004620, 0.004637, 0.004610;
0.053286, 0.928552, 0.004533, 0.004540, 0.004558, 0.004530;
0.052894, 0.929207, 0.004468, 0.004475, 0.004492, 0.004464;
0.052563, 0.929757, 0.004413, 0.004420, 0.004438, 0.004410;
0.052282, 0.930219, 0.004368, 0.004375, 0.004392, 0.004364;
0.052045, 0.930608, 0.004330, 0.004337, 0.004355, 0.004327;
0.051843, 0.930936, 0.004298, 0.004305, 0.004323, 0.004295;
0.051672, 0.931213, 0.004272, 0.004279, 0.004297, 0.004268;
0.051527, 0.931447, 0.004249, 0.004256, 0.004274, 0.004246;
0.051403, 0.931646, 0.004230, 0.004237, 0.004256, 0.004227;
0.051298, 0.931815, 0.004215, 0.004221, 0.004240, 0.004211;
0.051208, 0.931959, 0.004201, 0.004208, 0.004226, 0.004198;
0.051132, 0.932081, 0.004190, 0.004197, 0.004215, 0.004186;
0.051066, 0.932185, 0.004180, 0.004187, 0.004205, 0.004176;
0.051010, 0.932275, 0.004172, 0.004178, 0.004197, 0.004168;
0.050962, 0.932351, 0.004165, 0.004171, 0.004190, 0.004161;
0.050921, 0.932416, 0.004158, 0.004165, 0.004184, 0.004155;
0.050886, 0.932472, 0.004153, 0.004160, 0.004179, 0.004150;
0.050856, 0.932521, 0.004149, 0.004156, 0.004174, 0.004145;
0.050830, 0.932562, 0.004145, 0.004152, 0.004170, 0.004141;
0.050807, 0.932598, 0.004141, 0.004148, 0.004167, 0.004138;
0.050788, 0.932629, 0.004139, 0.004145, 0.004164, 0.004135;
0.050771, 0.932656, 0.004136, 0.004143, 0.004161, 0.004132;
0.050757, 0.932679, 0.004134, 0.004141, 0.004159, 0.004130;
0.050744, 0.932700, 0.004132, 0.004139, 0.004157, 0.004128;
0.050734, 0.932717, 0.004130, 0.004137, 0.004156, 0.004126;
0.050724, 0.932732, 0.004129, 0.004135, 0.004154, 0.004125;
0.050716, 0.932746, 0.004127, 0.004134, 0.004153, 0.004124;
0.050709, 0.932757, 0.004126, 0.004133, 0.004152, 0.004122;
0.050703, 0.932768, 0.004125, 0.004132, 0.004151, 0.004121;
0.050698, 0.932777, 0.004124, 0.004131, 0.004150, 0.004120;
0.050693, 0.932784, 0.004124, 0.004130, 0.004149, 0.004120;
0.050689, 0.932791, 0.004123, 0.004130, 0.004149, 0.004119;
0.050685, 0.932797, 0.004122, 0.004129, 0.004148, 0.004118;
0.050682, 0.932803, 0.004122, 0.004128, 0.004147, 0.004118;
0.050679, 0.932808, 0.004121, 0.004128, 0.004147, 0.004117;
0.050677, 0.932812, 0.004121, 0.004127, 0.004147, 0.004117;
0.050675, 0.932815, 0.004120, 0.004127, 0.004146, 0.004116;
0.050673, 0.932819, 0.004120, 0.004127, 0.004146, 0.004116;
0.050671, 0.932822, 0.004120, 0.004126, 0.004145, 0.004116;
0.050670, 0.932824, 0.004119, 0.004126, 0.004145, 0.004115;
0.050669, 0.932827, 0.004119, 0.004126, 0.004145, 0.004115;
0.050667, 0.932829, 0.004119, 0.004125, 0.004145, 0.004115;
0.050666, 0.932831, 0.004119, 0.004125, 0.004144, 0.004115;
0.050666, 0.932832, 0.004118, 0.004125, 0.004144, 0.004114;
0.050665, 0.932834, 0.004118, 0.004125, 0.004144, 0.004114;
0.050664, 0.932835, 0.004118, 0.004125, 0.004144, 0.004114;
0.050663, 0.932836, 0.004118, 0.004125, 0.004144, 0.004114;
0.050663, 0.932837, 0.004118, 0.004124, 0.004144, 0.004114;
0.050662, 0.932838, 0.004118, 0.004124, 0.004144, 0.004114;
0.050662, 0.932839, 0.004117, 0.004124, 0.004143, 0.004114;
0.050662, 0.932840, 0.004117, 0.004124, 0.004143, 0.004114;
0.050661, 0.932841, 0.004117, 0.004124, 0.004143, 0.004113;
0.050661, 0.932841, 0.004117, 0.004124, 0.004143, 0.004113;
0.050661, 0.932842, 0.004117, 0.004124, 0.004143, 0.004113;
0.050660, 0.932843, 0.004117, 0.004124, 0.004143, 0.004113;
0.050660, 0.932843, 0.004117, 0.004124, 0.004143, 0.004113;
0.050660, 0.932844, 0.004117, 0.004124, 0.004143, 0.004113;
0.050660, 0.932844, 0.004117, 0.004123, 0.004143, 0.004113;
0.050660, 0.932844, 0.004117, 0.004123, 0.004143, 0.004113;
0.050659, 0.932845, 0.004117, 0.004123, 0.004143, 0.004113;
0.050659, 0.932845, 0.004117, 0.004123, 0.004143, 0.004113;
0.050659, 0.932845, 0.004117, 0.004123, 0.004143, 0.004113;
0.050659, 0.932846, 0.004117, 0.004123, 0.004143, 0.004113;
0.050659, 0.932846, 0.004117, 0.004123, 0.004143, 0.004113;
0.050659, 0.932846, 0.004116, 0.004123, 0.004143, 0.004113;
0.050659, 0.932846, 0.004116, 0.004123, 0.004143, 0.004113;
0.050659, 0.932847, 0.004116, 0.004123, 0.004143, 0.004113;
0.050659, 0.932847, 0.004116, 0.004123, 0.004143, 0.004113;
0.050659, 0.932847, 0.004116, 0.004123, 0.004143, 0.004113;
0.050659, 0.932847, 0.004116, 0.004123, 0.004143, 0.004113;
0.050659, 0.932847, 0.004116, 0.004123, 0.004142, 0.004113;
0.050658, 0.932847, 0.004116, 0.004123, 0.004142, 0.004112;
0.050658, 0.932847, 0.004116, 0.004123, 0.004142, 0.004112;
0.050658, 0.932848, 0.004116, 0.004123, 0.004142, 0.004112;
0.050658, 0.932848, 0.004116, 0.004123, 0.004142, 0.004112;
0.050658, 0.932848, 0.004116, 0.004123, 0.004142, 0.004112;
];
indiv_sliding_priors('geographic_nilo') = [0.165234, 0.229479, 0.135306, 0.156872, 0.156298, 0.156811;
0.191591, 0.296605, 0.150368, 0.118673, 0.124226, 0.118536;
0.207201, 0.345775, 0.157623, 0.093750, 0.102057, 0.093594;
0.216323, 0.382718, 0.160557, 0.077044, 0.086469, 0.076889;
0.221467, 0.411029, 0.161124, 0.065590, 0.075347, 0.065443;
0.224150, 0.433073, 0.160434, 0.057586, 0.067310, 0.057446;
0.225314, 0.450465, 0.159123, 0.051897, 0.061436, 0.051765;
0.225546, 0.464339, 0.157555, 0.047794, 0.057097, 0.047668;
0.225221, 0.475514, 0.155933, 0.044796, 0.053862, 0.044675;
0.224576, 0.484590, 0.154369, 0.042578, 0.051426, 0.042461;
0.223764, 0.492016, 0.152918, 0.040920, 0.049577, 0.040806;
0.222879, 0.498132, 0.151604, 0.039667, 0.048162, 0.039555;
0.221982, 0.503201, 0.150433, 0.038712, 0.047070, 0.038602;
0.221108, 0.507425, 0.149399, 0.037978, 0.046222, 0.037868;
0.220280, 0.510962, 0.148494, 0.037407, 0.045558, 0.037299;
0.219508, 0.513938, 0.147704, 0.036962, 0.045035, 0.036854;
0.218796, 0.516454, 0.147018, 0.036610, 0.044619, 0.036503;
0.218146, 0.518588, 0.146422, 0.036331, 0.044288, 0.036224;
0.217556, 0.520407, 0.145906, 0.036108, 0.044021, 0.036002;
0.217023, 0.521961, 0.145459, 0.035929, 0.043805, 0.035823;
0.216542, 0.523295, 0.145072, 0.035784, 0.043630, 0.035677;
0.216110, 0.524442, 0.144737, 0.035666, 0.043487, 0.035559;
0.215722, 0.525433, 0.144446, 0.035569, 0.043368, 0.035462;
0.215374, 0.526291, 0.144193, 0.035489, 0.043271, 0.035382;
0.215063, 0.527036, 0.143974, 0.035422, 0.043190, 0.035316;
0.214784, 0.527684, 0.143783, 0.035367, 0.043122, 0.035261;
0.214534, 0.528250, 0.143616, 0.035321, 0.043065, 0.035214;
0.214310, 0.528745, 0.143471, 0.035282, 0.043017, 0.035175;
0.214109, 0.529179, 0.143344, 0.035249, 0.042976, 0.035142;
0.213929, 0.529560, 0.143234, 0.035221, 0.042941, 0.035114;
0.213768, 0.529896, 0.143136, 0.035197, 0.042912, 0.035090;
0.213623, 0.530193, 0.143051, 0.035177, 0.042886, 0.035070;
0.213493, 0.530455, 0.142976, 0.035160, 0.042865, 0.035052;
0.213376, 0.530687, 0.142910, 0.035144, 0.042846, 0.035037;
0.213271, 0.530893, 0.142851, 0.035131, 0.042829, 0.035024;
0.213176, 0.531077, 0.142800, 0.035120, 0.042815, 0.035013;
0.213091, 0.531240, 0.142754, 0.035110, 0.042803, 0.035003;
0.213014, 0.531385, 0.142714, 0.035101, 0.042792, 0.034994;
0.212944, 0.531516, 0.142678, 0.035094, 0.042782, 0.034986;
0.212881, 0.531632, 0.142646, 0.035087, 0.042774, 0.034979;
0.212825, 0.531737, 0.142618, 0.035081, 0.042766, 0.034974;
0.212773, 0.531830, 0.142593, 0.035076, 0.042760, 0.034968;
0.212727, 0.531914, 0.142570, 0.035071, 0.042754, 0.034964;
0.212685, 0.531990, 0.142550, 0.035067, 0.042748, 0.034959;
0.212647, 0.532059, 0.142532, 0.035063, 0.042744, 0.034956;
0.212612, 0.532120, 0.142516, 0.035060, 0.042740, 0.034952;
0.212580, 0.532176, 0.142501, 0.035057, 0.042736, 0.034949;
0.212552, 0.532226, 0.142488, 0.035055, 0.042733, 0.034947;
0.212525, 0.532272, 0.142476, 0.035052, 0.042730, 0.034944;
0.212502, 0.532314, 0.142466, 0.035050, 0.042727, 0.034942;
0.212480, 0.532351, 0.142456, 0.035048, 0.042724, 0.034940;
0.212460, 0.532385, 0.142447, 0.035047, 0.042722, 0.034939;
0.212442, 0.532416, 0.142440, 0.035045, 0.042720, 0.034937;
0.212425, 0.532445, 0.142432, 0.035044, 0.042718, 0.034935;
0.212410, 0.532470, 0.142426, 0.035042, 0.042717, 0.034934;
0.212396, 0.532494, 0.142420, 0.035041, 0.042715, 0.034933;
0.212384, 0.532516, 0.142415, 0.035040, 0.042714, 0.034932;
0.212372, 0.532535, 0.142410, 0.035039, 0.042713, 0.034931;
0.212361, 0.532553, 0.142406, 0.035038, 0.042711, 0.034930;
0.212352, 0.532570, 0.142402, 0.035037, 0.042710, 0.034929;
0.212343, 0.532585, 0.142398, 0.035037, 0.042709, 0.034928;
0.212334, 0.532599, 0.142395, 0.035036, 0.042709, 0.034928;
0.212327, 0.532611, 0.142392, 0.035035, 0.042708, 0.034927;
0.212320, 0.532623, 0.142389, 0.035035, 0.042707, 0.034927;
0.212313, 0.532634, 0.142386, 0.035034, 0.042706, 0.034926;
0.212307, 0.532644, 0.142384, 0.035034, 0.042706, 0.034926;
0.212302, 0.532653, 0.142382, 0.035033, 0.042705, 0.034925;
0.212297, 0.532661, 0.142380, 0.035033, 0.042705, 0.034925;
0.212292, 0.532669, 0.142378, 0.035033, 0.042704, 0.034924;
0.212288, 0.532676, 0.142376, 0.035032, 0.042704, 0.034924;
0.212284, 0.532683, 0.142375, 0.035032, 0.042703, 0.034924;
0.212280, 0.532689, 0.142373, 0.035032, 0.042703, 0.034923;
0.212276, 0.532694, 0.142372, 0.035032, 0.042703, 0.034923;
0.212273, 0.532700, 0.142371, 0.035031, 0.042702, 0.034923;
0.212270, 0.532704, 0.142370, 0.035031, 0.042702, 0.034923;
0.212268, 0.532709, 0.142369, 0.035031, 0.042702, 0.034922;
0.212265, 0.532713, 0.142368, 0.035031, 0.042701, 0.034922;
0.212263, 0.532717, 0.142367, 0.035030, 0.042701, 0.034922;
0.212260, 0.532721, 0.142366, 0.035030, 0.042701, 0.034922;
0.212258, 0.532724, 0.142365, 0.035030, 0.042701, 0.034922;
0.212257, 0.532727, 0.142365, 0.035030, 0.042700, 0.034922;
0.212255, 0.532730, 0.142364, 0.035030, 0.042700, 0.034921;
0.212253, 0.532732, 0.142363, 0.035030, 0.042700, 0.034921;
0.212252, 0.532735, 0.142363, 0.035030, 0.042700, 0.034921;
0.212250, 0.532737, 0.142362, 0.035030, 0.042700, 0.034921;
0.212249, 0.532739, 0.142362, 0.035029, 0.042700, 0.034921;
0.212248, 0.532741, 0.142361, 0.035029, 0.042700, 0.034921;
0.212246, 0.532743, 0.142361, 0.035029, 0.042699, 0.034921;
0.212245, 0.532745, 0.142360, 0.035029, 0.042699, 0.034921;
0.212244, 0.532747, 0.142360, 0.035029, 0.042699, 0.034921;
0.212243, 0.532748, 0.142360, 0.035029, 0.042699, 0.034920;
0.212243, 0.532750, 0.142359, 0.035029, 0.042699, 0.034920;
0.212242, 0.532751, 0.142359, 0.035029, 0.042699, 0.034920;
0.212241, 0.532752, 0.142359, 0.035029, 0.042699, 0.034920;
0.212240, 0.532753, 0.142359, 0.035029, 0.042699, 0.034920;
0.212240, 0.532755, 0.142358, 0.035029, 0.042699, 0.034920;
0.212239, 0.532756, 0.142358, 0.035029, 0.042699, 0.034920;
0.212238, 0.532757, 0.142358, 0.035029, 0.042699, 0.034920;
0.212238, 0.532757, 0.142358, 0.035029, 0.042698, 0.034920;
0.212237, 0.532758, 0.142358, 0.035029, 0.042698, 0.034920;
];
indiv_sliding_priors('geographic_sino') = [0.445716, 0.153486, 0.099271, 0.098962, 0.101948, 0.100618;
0.616207, 0.133554, 0.062019, 0.061863, 0.063643, 0.062715;
0.706842, 0.118068, 0.043420, 0.043300, 0.044526, 0.043844;
0.764384, 0.104872, 0.032438, 0.032329, 0.033251, 0.032727;
0.804248, 0.093514, 0.025374, 0.025270, 0.026007, 0.025587;
0.833335, 0.083757, 0.020580, 0.020483, 0.021096, 0.020748;
0.855287, 0.075406, 0.017206, 0.017115, 0.017642, 0.017344;
0.872246, 0.068282, 0.014764, 0.014681, 0.015144, 0.014883;
0.885568, 0.062224, 0.012959, 0.012885, 0.013298, 0.013065;
0.896165, 0.057085, 0.011603, 0.011536, 0.011911, 0.011700;
0.904672, 0.052737, 0.010569, 0.010509, 0.010854, 0.010659;
0.911552, 0.049064, 0.009771, 0.009717, 0.010038, 0.009857;
0.917148, 0.045968, 0.009150, 0.009101, 0.009402, 0.009231;
0.921719, 0.043362, 0.008661, 0.008617, 0.008902, 0.008740;
0.925468, 0.041170, 0.008273, 0.008234, 0.008505, 0.008350;
0.928551, 0.039329, 0.007964, 0.007929, 0.008188, 0.008039;
0.931094, 0.037785, 0.007715, 0.007683, 0.007933, 0.007790;
0.933196, 0.036489, 0.007514, 0.007486, 0.007727, 0.007588;
0.934937, 0.035403, 0.007351, 0.007325, 0.007560, 0.007424;
0.936382, 0.034492, 0.007218, 0.007194, 0.007423, 0.007291;
0.937583, 0.033729, 0.007109, 0.007087, 0.007311, 0.007182;
0.938583, 0.033089, 0.007019, 0.006999, 0.007219, 0.007092;
0.939416, 0.032553, 0.006945, 0.006926, 0.007142, 0.007017;
0.940113, 0.032103, 0.006884, 0.006866, 0.007079, 0.006956;
0.940695, 0.031726, 0.006832, 0.006816, 0.007026, 0.006905;
0.941183, 0.031409, 0.006790, 0.006774, 0.006982, 0.006862;
0.941592, 0.031143, 0.006754, 0.006739, 0.006946, 0.006826;
0.941936, 0.030919, 0.006724, 0.006710, 0.006915, 0.006797;
0.942225, 0.030731, 0.006699, 0.006685, 0.006889, 0.006771;
0.942469, 0.030573, 0.006677, 0.006665, 0.006867, 0.006750;
0.942674, 0.030439, 0.006659, 0.006647, 0.006848, 0.006732;
0.942848, 0.030327, 0.006644, 0.006632, 0.006832, 0.006717;
0.942995, 0.030232, 0.006631, 0.006620, 0.006819, 0.006704;
0.943119, 0.030151, 0.006620, 0.006609, 0.006808, 0.006693;
0.943225, 0.030084, 0.006610, 0.006600, 0.006798, 0.006684;
0.943314, 0.030026, 0.006602, 0.006592, 0.006790, 0.006676;
0.943391, 0.029977, 0.006595, 0.006585, 0.006782, 0.006669;
0.943456, 0.029936, 0.006589, 0.006580, 0.006776, 0.006663;
0.943511, 0.029901, 0.006584, 0.006575, 0.006771, 0.006658;
0.943558, 0.029871, 0.006580, 0.006571, 0.006766, 0.006654;
0.943599, 0.029846, 0.006576, 0.006567, 0.006763, 0.006650;
0.943634, 0.029824, 0.006572, 0.006564, 0.006759, 0.006647;
0.943663, 0.029806, 0.006570, 0.006561, 0.006756, 0.006644;
0.943689, 0.029790, 0.006567, 0.006559, 0.006754, 0.006642;
0.943711, 0.029776, 0.006565, 0.006557, 0.006751, 0.006640;
0.943730, 0.029765, 0.006563, 0.006555, 0.006750, 0.006638;
0.943746, 0.029755, 0.006561, 0.006553, 0.006748, 0.006636;
0.943760, 0.029746, 0.006560, 0.006552, 0.006746, 0.006635;
0.943772, 0.029739, 0.006559, 0.006551, 0.006745, 0.006634;
0.943783, 0.029733, 0.006558, 0.006550, 0.006744, 0.006633;
0.943792, 0.029728, 0.006557, 0.006549, 0.006743, 0.006632;
0.943800, 0.029723, 0.006556, 0.006548, 0.006742, 0.006631;
0.943807, 0.029719, 0.006555, 0.006547, 0.006741, 0.006630;
0.943813, 0.029716, 0.006554, 0.006547, 0.006741, 0.006630;
0.943818, 0.029713, 0.006554, 0.006546, 0.006740, 0.006629;
0.943823, 0.029710, 0.006553, 0.006546, 0.006740, 0.006629;
0.943827, 0.029708, 0.006553, 0.006545, 0.006739, 0.006628;
0.943830, 0.029706, 0.006552, 0.006545, 0.006739, 0.006628;
0.943833, 0.029704, 0.006552, 0.006545, 0.006738, 0.006627;
0.943836, 0.029703, 0.006552, 0.006544, 0.006738, 0.006627;
0.943838, 0.029702, 0.006551, 0.006544, 0.006738, 0.006627;
0.943840, 0.029700, 0.006551, 0.006544, 0.006738, 0.006627;
0.943842, 0.029699, 0.006551, 0.006544, 0.006737, 0.006626;
0.943844, 0.029699, 0.006551, 0.006543, 0.006737, 0.006626;
0.943845, 0.029698, 0.006551, 0.006543, 0.006737, 0.006626;
0.943846, 0.029697, 0.006550, 0.006543, 0.006737, 0.006626;
0.943847, 0.029697, 0.006550, 0.006543, 0.006737, 0.006626;
0.943848, 0.029696, 0.006550, 0.006543, 0.006737, 0.006626;
0.943849, 0.029696, 0.006550, 0.006543, 0.006737, 0.006626;
0.943850, 0.029695, 0.006550, 0.006543, 0.006736, 0.006626;
0.943851, 0.029695, 0.006550, 0.006543, 0.006736, 0.006625;
0.943851, 0.029695, 0.006550, 0.006543, 0.006736, 0.006625;
0.943852, 0.029695, 0.006550, 0.006543, 0.006736, 0.006625;
0.943852, 0.029694, 0.006550, 0.006542, 0.006736, 0.006625;
0.943853, 0.029694, 0.006550, 0.006542, 0.006736, 0.006625;
0.943853, 0.029694, 0.006550, 0.006542, 0.006736, 0.006625;
0.943853, 0.029694, 0.006550, 0.006542, 0.006736, 0.006625;
0.943854, 0.029694, 0.006549, 0.006542, 0.006736, 0.006625;
0.943854, 0.029694, 0.006549, 0.006542, 0.006736, 0.006625;
0.943854, 0.029693, 0.006549, 0.006542, 0.006736, 0.006625;
0.943854, 0.029693, 0.006549, 0.006542, 0.006736, 0.006625;
0.943854, 0.029693, 0.006549, 0.006542, 0.006736, 0.006625;
0.943855, 0.029693, 0.006549, 0.006542, 0.006736, 0.006625;
0.943855, 0.029693, 0.006549, 0.006542, 0.006736, 0.006625;
0.943855, 0.029693, 0.006549, 0.006542, 0.006736, 0.006625;
0.943855, 0.029693, 0.006549, 0.006542, 0.006736, 0.006625;
0.943855, 0.029693, 0.006549, 0.006542, 0.006736, 0.006625;
0.943855, 0.029693, 0.006549, 0.006542, 0.006736, 0.006625;
0.943855, 0.029693, 0.006549, 0.006542, 0.006736, 0.006625;
0.943855, 0.029693, 0.006549, 0.006542, 0.006736, 0.006625;
0.943856, 0.029693, 0.006549, 0.006542, 0.006736, 0.006625;
0.943856, 0.029693, 0.006549, 0.006542, 0.006736, 0.006625;
0.943856, 0.029693, 0.006549, 0.006542, 0.006736, 0.006625;
0.943856, 0.029693, 0.006549, 0.006542, 0.006736, 0.006625;
0.943856, 0.029693, 0.006549, 0.006542, 0.006736, 0.006625;
0.943856, 0.029693, 0.006549, 0.006542, 0.006736, 0.006625;
0.943856, 0.029693, 0.006549, 0.006542, 0.006736, 0.006625;
0.943856, 0.029693, 0.006549, 0.006542, 0.006736, 0.006625;
0.943856, 0.029693, 0.006549, 0.006542, 0.006736, 0.006625;
0.943856, 0.029693, 0.006549, 0.006542, 0.006736, 0.006625;
];
multi_sliding_priors('geographic_afro') = [0.175174, 0.102621, 0.268053, 0.138238, 0.156512, 0.159402;
0.192388, 0.165801, 0.277194, 0.128469, 0.117206, 0.118942;
0.205674, 0.217869, 0.281850, 0.117651, 0.088051, 0.088904;
0.216084, 0.260995, 0.283263, 0.106563, 0.066453, 0.066643;
0.224379, 0.296903, 0.282375, 0.095721, 0.050459, 0.050163;
0.231113, 0.326964, 0.279893, 0.085449, 0.038613, 0.037968;
0.236687, 0.352264, 0.276346, 0.075931, 0.029831, 0.028940;
0.241393, 0.373668, 0.272122, 0.067255, 0.023310, 0.022251;
0.245444, 0.391865, 0.267504, 0.059443, 0.018457, 0.017288;
0.248991, 0.407406, 0.262695, 0.052474, 0.014836, 0.013597;
0.252149, 0.420734, 0.257843, 0.046304, 0.012126, 0.010845;
0.254996, 0.432207, 0.253047, 0.040872, 0.010091, 0.008787;
0.257594, 0.442115, 0.248379, 0.036112, 0.008556, 0.007244;
0.259987, 0.450697, 0.243884, 0.031958, 0.007393, 0.006082;
0.262206, 0.458150, 0.239591, 0.028341, 0.006509, 0.005203;
0.264276, 0.464636, 0.235516, 0.025201, 0.005834, 0.004536;
0.266217, 0.470292, 0.231667, 0.022481, 0.005315, 0.004028;
0.268042, 0.475231, 0.228046, 0.020127, 0.004916, 0.003638;
0.269762, 0.479551, 0.224649, 0.018093, 0.004606, 0.003339;
0.271388, 0.483333, 0.221469, 0.016338, 0.004365, 0.003107;
0.272927, 0.486646, 0.218498, 0.014825, 0.004176, 0.002927;
0.274384, 0.489551, 0.215728, 0.013522, 0.004029, 0.002787;
0.275766, 0.492099, 0.213146, 0.012400, 0.003912, 0.002678;
0.277076, 0.494334, 0.210744, 0.011434, 0.003821, 0.002591;
0.278321, 0.496294, 0.208509, 0.010604, 0.003748, 0.002524;
0.279502, 0.498014, 0.206432, 0.009890, 0.003691, 0.002470;
0.280625, 0.499521, 0.204503, 0.009277, 0.003646, 0.002428;
0.281692, 0.500842, 0.202711, 0.008751, 0.003610, 0.002395;
0.282706, 0.501997, 0.201047, 0.008299, 0.003582, 0.002369;
0.283670, 0.503007, 0.199502, 0.007912, 0.003561, 0.002348;
0.284587, 0.503888, 0.198068, 0.007580, 0.003544, 0.002332;
0.285459, 0.504656, 0.196738, 0.007296, 0.003532, 0.002320;
0.286289, 0.505322, 0.195503, 0.007053, 0.003523, 0.002311;
0.287079, 0.505899, 0.194356, 0.006845, 0.003517, 0.002304;
0.287831, 0.506397, 0.193292, 0.006668, 0.003513, 0.002299;
0.288547, 0.506825, 0.192305, 0.006517, 0.003510, 0.002296;
0.289229, 0.507191, 0.191388, 0.006388, 0.003510, 0.002295;
0.289878, 0.507501, 0.190537, 0.006279, 0.003510, 0.002294;
0.290498, 0.507762, 0.189746, 0.006187, 0.003512, 0.002294;
0.291088, 0.507980, 0.189012, 0.006109, 0.003515, 0.002295;
0.291651, 0.508159, 0.188331, 0.006044, 0.003518, 0.002297;
0.292189, 0.508303, 0.187698, 0.005989, 0.003522, 0.002299;
0.292701, 0.508417, 0.187109, 0.005943, 0.003527, 0.002302;
0.293191, 0.508504, 0.186563, 0.005906, 0.003531, 0.002305;
0.293658, 0.508567, 0.186055, 0.005875, 0.003536, 0.002308;
0.294105, 0.508609, 0.185583, 0.005850, 0.003542, 0.002312;
0.294532, 0.508631, 0.185145, 0.005830, 0.003547, 0.002315;
0.294940, 0.508637, 0.184737, 0.005814, 0.003553, 0.002319;
0.295330, 0.508628, 0.184358, 0.005802, 0.003559, 0.002323;
0.295703, 0.508606, 0.184006, 0.005793, 0.003565, 0.002327;
0.296060, 0.508573, 0.183679, 0.005786, 0.003571, 0.002331;
0.296402, 0.508529, 0.183374, 0.005782, 0.003577, 0.002335;
0.296730, 0.508476, 0.183091, 0.005780, 0.003583, 0.002339;
