30
0 0.0  0.597597  0.666962  0.495207  0.676612  0.846729  0.650371  0.808942  0.937539  0.853907  0.692155  0.850406  0.877118  0.472103  0.795774  0.561529  0.656698  0.810069  0.913787  0.344773  0.655773  0.860990  0.743246  0.575144  0.627099  0.763005  0.812231  0.629487  0.805604  0.899693 
1  0.597597 0.0  0.483556  0.602549  0.699980  0.791181  0.547931  0.866769  0.886416  0.890436  0.623626  0.501716  0.931881  0.609892  0.741986  0.498959  0.517468  0.763282  0.859759  0.482911  0.618059  0.841506  0.272275  0.600382  0.655838  0.688870  0.873462  0.594075  0.895200  0.763109 
2  0.666962  0.483556 0.0  0.697290  0.522137  0.836738  0.320854  0.862158  0.827783  0.791727  0.702312  0.339965  0.934015  0.594352  0.697523  0.656581  0.533491  0.647441  0.823905  0.562502  0.603725  0.828243  0.344663  0.557987  0.603573  0.801269  0.772010  0.326821  0.723240  0.763178 
3  0.495207  0.602549  0.697290 0.0  0.643411  0.754070  0.635904  0.647670  0.764868  0.537853  0.558616  0.664498  0.754380  0.412895  0.844330  0.700280  0.631733  0.831702  0.750348  0.399138  0.559862  0.902391  0.863873  0.465442  0.657578  0.666130  0.921731  0.650355  0.816183  0.785923 
4  0.676612  0.699980  0.522137  0.643411 0.0  0.772046  0.557338  0.636906  0.735844  0.725972  0.462819  0.593775  0.889587  0.627984  0.812068  0.613531  0.653295  0.718647  0.942535  0.479375  0.623743  0.819626  0.651875  0.577032  0.689259  0.777897  0.697588  0.649228  0.835982  0.700246 
5  0.846729  0.791181  0.836738  0.754070  0.772046 0.0  0.786762  0.681207  0.287902  0.391398  0.636171  0.816356  0.846163  0.791155  0.478926  0.870233  0.643155  0.731287  0.281315  0.721228  0.706458  0.531156  0.860719  0.836490  0.582844  0.636194  0.854037  0.777721  0.416736  0.762373 
6  0.650371  0.547931  0.320854  0.635904  0.557338  0.786762 0.0  0.734903  0.821206  0.712211  0.658719  0.200585  0.830285  0.474582  0.715184  0.517634  0.425805  0.719443  0.949954  0.531234  0.567934  0.895424  0.572391  0.585143  0.671207  0.863717  0.782737  0.416101  0.953592  0.783665 
7  0.808942  0.866769  0.862158  0.647670  0.636906  0.681207  0.734903 0.0  0.720927  0.670262  0.543569  0.826329  0.869383  0.787366  0.828440  0.789411  0.721162  0.800319  0.694335  0.852322  0.785161  0.816076  0.839029  0.871558  0.757067  0.581429  0.406182  0.745078  0.752198  0.413165 
8  0.937539  0.886416  0.827783  0.764868  0.735844  0.287902  0.821206  0.720927 0.0  0.282525  0.785200  0.760500  0.647364  0.740613  0.592226  0.813865  0.805078  0.749919  0.503274  0.821606  0.830879  0.609635  0.831198  0.779960  0.651472  0.700679  0.812201  0.799444  0.558962  0.712466 
9  0.853907  0.890436  0.791727  0.537853  0.725972  0.391398  0.712211  0.670262  0.282525 0.0  0.758177  0.842792  0.738974  0.829813  0.506949  0.905642  0.794415  0.680861  0.420646  0.726944  0.923140  0.671903  0.863366  0.763595  0.675490  0.577800  0.908487  0.906112  0.587046  0.654617 
10  0.692155  0.623626  0.702312  0.558616  0.462819  0.636171  0.658719  0.543569  0.785200  0.758177 0.0  0.675240  0.684956  0.604170  0.798647  0.664210  0.758364  0.783189  0.803450  0.609014  0.684487  0.918663  0.694146  0.528742  0.739655  0.599719  0.662655  0.759764  0.822987  0.657970 
11  0.850406  0.501716  0.339965  0.664498  0.593775  0.816356  0.200585  0.826329  0.760500  0.842792  0.675240 0.0  1.000000  0.609552  0.710651  0.568982  0.497205  0.736664  0.780926  0.630200  0.575277  0.830679  0.464023  0.602442  0.547479  0.871383  0.802410  0.541609  0.883254  0.904509 
12  0.877118  0.931881  0.934015  0.754380  0.889587  0.846163  0.830285  0.869383  0.647364  0.738974  0.684956  1.000000 0.0  0.881032  0.852467  0.966707  0.780623  0.925643  0.856850  0.884509  0.883200  0.843052  0.923933  0.853209  0.640896  0.796093  0.909512  0.869266  0.749037  0.791274 
13  0.472103  0.609892  0.594352  0.412895  0.627984  0.791155  0.474582  0.787366  0.740613  0.829813  0.604170  0.609552  0.881032 0.0  0.657174  0.671984  0.509239  0.653049  0.827884  0.416433  0.535726  0.826727  0.658432  0.505023  0.631666  0.673975  0.853662  0.475169  0.856797  0.818283 
14  0.795774  0.741986  0.697523  0.844330  0.812068  0.478926  0.715184  0.828440  0.592226  0.506949  0.798647  0.710651  0.852467  0.657174 0.0  0.819551  0.669871  0.792215  0.562776  0.590562  0.754089  0.635528  0.691733  0.803054  0.596010  0.750661  0.791399  0.713482  0.791866  0.815918 
15  0.561529  0.498959  0.656581  0.700280  0.613531  0.870233  0.517634  0.789411  0.813865  0.905642  0.664210  0.568982  0.966707  0.671984  0.819551 0.0  0.388202  0.745795  0.864637  0.766305  0.602838  0.855806  0.551125  0.678373  0.673157  0.739068  0.907254  0.526366  0.888313  0.790999 
16  0.656698  0.517468  0.533491  0.631733  0.653295  0.643155  0.425805  0.721162  0.805078  0.794415  0.758364  0.497205  0.780623  0.509239  0.669871  0.388202 0.0  0.686298  0.940036  0.526666  0.494497  0.812036  0.473741  0.654464  0.638349  0.709658  0.861757  0.420836  0.844219  0.756738 
17  0.810069  0.763282  0.647441  0.831702  0.718647  0.731287  0.719443  0.800319  0.749919  0.680861  0.783189  0.736664  0.925643  0.653049  0.792215  0.745795  0.686298 0.0  0.846964  0.805637  0.789108  0.739039  0.758045  0.616273  0.720922  0.678946  0.839504  0.678150  0.815090  0.690139 
18  0.913787  0.859759  0.823905  0.750348  0.942535  0.281315  0.949954  0.694335  0.503274  0.420646  0.803450  0.780926  0.856850  0.827884  0.562776  0.864637  0.940036  0.846964 0.0  0.783987  0.777775  0.615625  0.839186  0.866264  0.727538  0.652714  0.818589  0.991595  0.539871  0.829024 
19  0.344773  0.482911  0.562502  0.399138  0.479375  0.721228  0.531234  0.852322  0.821606  0.726944  0.609014  0.630200  0.884509  0.416433  0.590562  0.766305  0.526666  0.805637  0.783987 0.0  0.452972  0.827362  0.657924  0.570796  0.584021  0.662901  0.886618  0.670391  0.876279  0.776675 
20  0.655773  0.618059  0.603725  0.559862  0.623743  0.706458  0.567934  0.785161  0.830879  0.923140  0.684487  0.575277  0.883200  0.535726  0.754089  0.602838  0.494497  0.789108  0.777775  0.452972 0.0  0.936875  0.548884  0.595091  0.676616  0.779660  0.847063  0.465714  0.921005  0.857969 
21  0.860990  0.841506  0.828243  0.902391  0.819626  0.531156  0.895424  0.816076  0.609635  0.671903  0.918663  0.830679  0.843052  0.826727  0.635528  0.855806  0.812036  0.739039  0.615625  0.827362  0.936875 0.0  0.821613  0.818373  0.877836  0.850291  0.758716  0.837625  0.326285  0.982563 
22  0.743246  0.272275  0.344663  0.863873  0.651875  0.860719  0.572391  0.839029  0.831198  0.863366  0.694146  0.464023  0.923933  0.658432  0.691733  0.551125  0.473741  0.758045  0.839186  0.657924  0.548884  0.821613 0.0  0.564110  0.666702  0.736449  0.869860  0.504679  0.901267  0.921909 
23  0.575144  0.600382  0.557987  0.465442  0.577032  0.836490  0.585143  0.871558  0.779960  0.763595  0.528742  0.602442  0.853209  0.505023  0.803054  0.678373  0.654464  0.616273  0.866264  0.570796  0.595091  0.818373  0.564110 0.0  0.646867  0.640812  0.825889  0.571218  0.983043  0.727053 
24  0.627099  0.655838  0.603573  0.657578  0.689259  0.582844  0.671207  0.757067  0.651472  0.675490  0.739655  0.547479  0.640896  0.631666  0.596010  0.673157  0.638349  0.720922  0.727538  0.584021  0.676616  0.877836  0.666702  0.646867 0.0  0.753537  0.648298  0.633642  0.657143  0.740222 
25  0.763005  0.688870  0.801269  0.666130  0.777897  0.636194  0.863717  0.581429  0.700679  0.577800  0.599719  0.871383  0.796093  0.673975  0.750661  0.739068  0.709658  0.678946  0.652714  0.662901  0.779660  0.850291  0.736449  0.640812  0.753537 0.0  0.662558  0.791255  0.898537  0.558852 
26  0.812231  0.873462  0.772010  0.921731  0.697588  0.854037  0.782737  0.406182  0.812201  0.908487  0.662655  0.802410  0.909512  0.853662  0.791399  0.907254  0.861757  0.839504  0.818589  0.886618  0.847063  0.758716  0.869860  0.825889  0.648298  0.662558 0.0  0.745773  0.845948  0.380727 
27  0.629487  0.594075  0.326821  0.650355  0.649228  0.777721  0.416101  0.745078  0.799444  0.906112  0.759764  0.541609  0.869266  0.475169  0.713482  0.526366  0.420836  0.678150  0.991595  0.670391  0.465714  0.837625  0.504679  0.571218  0.633642  0.791255  0.745773 0.0  0.986584  0.898048 
28  0.805604  0.895200  0.723240  0.816183  0.835982  0.416736  0.953592  0.752198  0.558962  0.587046  0.822987  0.883254  0.749037  0.856797  0.791866  0.888313  0.844219  0.815090  0.539871  0.876279  0.921005  0.326285  0.901267  0.983043  0.657143  0.898537  0.845948  0.986584 0.0  0.832672 
29  0.899693  0.763109  0.763178  0.785923  0.700246  0.762373  0.783665  0.413165  0.712466  0.654617  0.657970  0.904509  0.791274  0.818283  0.815918  0.790999  0.756738  0.690139  0.829024  0.776675  0.857969  0.982563  0.921909  0.727053  0.740222  0.558852  0.380727  0.898048  0.832672 0.0 
