30
0 0.0  0.753300  0.464024  0.683447  0.844249  0.791858  0.724459  0.670147  0.570903  0.712690  0.705010  0.866952  0.743062  0.720110  0.694210  0.547329  0.798881  0.743628  0.535021  0.583777  0.767263  0.488553  0.758932  0.742305  0.711174  0.684559  0.715282  0.738537  0.797690  0.663352 
1  0.753300 0.0  0.797148  0.423986  0.637890  0.591229  0.868400  0.816682  0.883127  0.683482  0.538432  0.546207  0.511445  0.786995  0.517903  0.818509  0.763924  0.590436  0.738949  0.834047  0.713717  0.755943  0.521568  0.746653  0.589305  0.639223  0.440389  0.735914  0.470593  0.440316 
2  0.464024  0.797148 0.0  0.661869  0.807932  0.774513  0.603737  0.815026  0.568986  0.781534  0.736584  0.756967  0.598275  0.825625  0.784215  0.521652  0.799099  0.655208  0.652500  0.613434  0.726350  0.632273  0.750700  0.714158  0.648010  0.717188  0.759116  0.677406  0.759447  0.738233 
3  0.683447  0.423986  0.661869 0.0  0.832499  0.665148  0.862285  0.834280  0.803929  0.553205  0.494049  0.308172  0.477565  0.768892  0.759804  0.864414  0.903083  0.493170  0.808773  0.868183  0.452626  0.901289  0.419731  0.697767  0.497976  0.651811  0.459225  0.743187  0.479003  0.480394 
4  0.844249  0.637890  0.807932  0.832499 0.0  0.482402  0.843886  0.534745  0.628233  0.780604  0.659834  0.706616  0.677442  0.423997  0.852430  0.668244  0.747902  0.826517  0.630812  0.638697  0.536461  0.639675  0.779753  0.849309  0.600155  0.736991  0.729320  0.564431  0.722875  0.687000 
5  0.791858  0.591229  0.774513  0.665148  0.482402 0.0  0.876254  0.675783  0.733565  0.606471  0.620191  0.590445  0.622698  0.619534  0.582952  0.508397  0.783698  0.685999  0.635654  0.797819  0.383338  0.651425  0.449369  0.717778  0.462813  0.696182  0.532482  0.604793  0.583457  0.543104 
6  0.724459  0.868400  0.603737  0.862285  0.843886  0.876254 0.0  0.745689  0.467095  0.752985  0.863191  0.882730  0.838476  0.915955  0.898507  0.506009  0.701585  0.689075  0.577772  0.562600  0.708352  0.644908  0.736154  0.660800  0.733081  0.788343  0.810824  0.762140  0.770256  0.881796 
7  0.670147  0.816682  0.815026  0.834280  0.534745  0.675783  0.745689 0.0  0.775040  0.882788  0.817534  0.799889  0.885580  0.436873  0.836654  0.757148  0.707091  0.757741  0.780718  0.679049  0.543969  0.738795  0.731723  0.797753  0.685580  0.870378  0.816387  0.721404  0.889328  0.836094 
8  0.570903  0.883127  0.568986  0.803929  0.628233  0.733565  0.467095  0.775040 0.0  0.777868  0.691271  0.758769  0.705796  0.716253  0.725037  0.406851  0.832322  0.731305  0.484550  0.374099  0.754005  0.418779  0.661143  0.804169  0.568364  0.686737  0.765353  0.626205  0.799676  0.763436 
9  0.712690  0.683482  0.781534  0.553205  0.780604  0.606471  0.752985  0.882788  0.777868 0.0  0.427162  0.520691  0.457707  0.716902  0.558979  0.800545  0.903461  0.541510  0.834666  0.932335  0.451711  0.812650  0.409833  0.311324  0.676344  0.281414  0.580842  0.692150  0.528091  0.690649 
10  0.705010  0.538432  0.736584  0.494049  0.659834  0.620191  0.863191  0.817534  0.691271  0.427162 0.0  0.597714  0.304585  0.898273  0.458471  0.818369  0.859500  0.565780  0.847249  0.871090  0.525788  0.770556  0.616472  0.557779  0.523618  0.381467  0.646015  0.671126  0.631799  0.722555 
11  0.866952  0.546207  0.756967  0.308172  0.706616  0.590445  0.882730  0.799889  0.758769  0.520691  0.597714 0.0  0.615917  0.737414  0.628171  0.812356  0.800697  0.486172  0.588102  0.875434  0.505599  0.743607  0.503492  0.729123  0.681600  0.527877  0.458352  0.672782  0.430348  0.365122 
12  0.743062  0.511445  0.598275  0.477565  0.677442  0.622698  0.838476  0.885580  0.705796  0.457707  0.304585  0.615917 0.0  0.710485  0.451855  0.742902  0.901460  0.603794  0.799843  0.881008  0.570616  0.857221  0.644566  0.553803  0.590592  0.295222  0.602854  0.712311  0.657105  0.728515 
13  0.720110  0.786995  0.825625  0.768892  0.423997  0.619534  0.915955  0.436873  0.716253  0.716902  0.898273  0.737414  0.710485 0.0  0.749793  0.726751  0.725136  0.833291  0.595073  0.724799  0.611991  0.682320  0.741829  0.842666  0.650697  0.734635  0.795731  0.662470  0.827759  0.782136 
14  0.694210  0.517903  0.784215  0.759804  0.852430  0.582952  0.898507  0.836654  0.725037  0.558979  0.458471  0.628171  0.451855  0.749793 0.0  0.752277  0.753476  0.647377  0.694232  0.667917  0.534467  0.699860  0.527575  0.641298  0.508750  0.598697  0.639498  0.689707  0.686683  0.562156 
15  0.547329  0.818509  0.521652  0.864414  0.668244  0.508397  0.506009  0.757148  0.406851  0.800545  0.818369  0.812356  0.742902  0.726751  0.752277 0.0  0.683531  0.740009  0.297175  0.309880  0.746324  0.453427  0.763118  0.939964  0.517854  0.794803  0.726998  0.597333  0.738714  0.834042 
16  0.798881  0.763924  0.799099  0.903083  0.747902  0.783698  0.701585  0.707091  0.832322  0.903461  0.859500  0.800697  0.901460  0.725136  0.753476  0.683531 0.0  0.763512  0.759409  0.818460  0.844497  0.840204  0.861332  0.785069  0.662617  0.746711  0.821282  0.817797  0.797374  0.805827 
17  0.743628  0.590436  0.655208  0.493170  0.826517  0.685999  0.689075  0.757741  0.731305  0.541510  0.565780  0.486172  0.603794  0.833291  0.647377  0.740009  0.763512 0.0  0.816381  0.875850  0.462480  0.793382  0.539690  0.694511  0.611316  0.643521  0.390295  0.563273  0.467527  0.574936 
18  0.535021  0.738949  0.652500  0.808773  0.630812  0.635654  0.577772  0.780718  0.484550  0.834666  0.847249  0.588102  0.799843  0.595073  0.694232  0.297175  0.759409  0.816381 0.0  0.411609  0.702734  0.289630  0.805171  0.862657  0.492893  0.845484  0.794439  0.494326  0.863503  0.813913 
19  0.583777  0.834047  0.613434  0.868183  0.638697  0.797819  0.562600  0.679049  0.374099  0.932335  0.871090  0.875434  0.881008  0.724799  0.667917  0.309880  0.818460  0.875850  0.411609 0.0  0.886155  0.406792  0.841540  0.903193  0.793551  1.000000  0.932946  0.613662  0.885138  0.923445 
20  0.767263  0.713717  0.726350  0.452626  0.536461  0.383338  0.708352  0.543969  0.754005  0.451711  0.525788  0.505599  0.570616  0.611991  0.534467  0.746324  0.844497  0.462480  0.702734  0.886155 0.0  0.688828  0.588751  0.653822  0.587879  0.609889  0.580567  0.708398  0.559713  0.727531 
21  0.488553  0.755943  0.632273  0.901289  0.639675  0.651425  0.644908  0.738795  0.418779  0.812650  0.770556  0.743607  0.857221  0.682320  0.699860  0.453427  0.840204  0.793382  0.289630  0.406792  0.688828 0.0  0.850711  0.835590  0.511172  0.748142  0.781001  0.563615  0.820623  0.795857 
22  0.758932  0.521568  0.750700  0.419731  0.779753  0.449369  0.736154  0.731723  0.661143  0.409833  0.616472  0.503492  0.644566  0.741829  0.527575  0.763118  0.861332  0.539690  0.805171  0.841540  0.588751  0.850711 0.0  0.514191  0.686137  0.500680  0.527498  0.776392  0.757614  0.563288 
23  0.742305  0.746653  0.714158  0.697767  0.849309  0.717778  0.660800  0.797753  0.804169  0.311324  0.557779  0.729123  0.553803  0.842666  0.641298  0.939964  0.785069  0.694511  0.862657  0.903193  0.653822  0.835590  0.514191 0.0  0.731470  0.464740  0.574785  0.816868  0.571075  0.751904 
24  0.711174  0.589305  0.648010  0.497976  0.600155  0.462813  0.733081  0.685580  0.568364  0.676344  0.523618  0.681600  0.590592  0.650697  0.508750  0.517854  0.662617  0.611316  0.492893  0.793551  0.587879  0.511172  0.686137  0.731470 0.0  0.647357  0.646124  0.567272  0.657425  0.689077 
25  0.684559  0.639223  0.717188  0.651811  0.736991  0.696182  0.788343  0.870378  0.686737  0.281414  0.381467  0.527877  0.295222  0.734635  0.598697  0.794803  0.746711  0.643521  0.845484  1.000000  0.609889  0.748142  0.500680  0.464740  0.647357 0.0  0.506482  0.683489  0.541676  0.676664 
26  0.715282  0.440389  0.759116  0.459225  0.729320  0.532482  0.810824  0.816387  0.765353  0.580842  0.646015  0.458352  0.602854  0.795731  0.639498  0.726998  0.821282  0.390295  0.794439  0.932946  0.580567  0.781001  0.527498  0.574785  0.646124  0.506482 0.0  0.831657  0.403332  0.562590 
27  0.738537  0.735914  0.677406  0.743187  0.564431  0.604793  0.762140  0.721404  0.626205  0.692150  0.671126  0.672782  0.712311  0.662470  0.689707  0.597333  0.817797  0.563273  0.494326  0.613662  0.708398  0.563615  0.776392  0.816868  0.567272  0.683489  0.831657 0.0  0.693029  0.746473 
28  0.797690  0.470593  0.759447  0.479003  0.722875  0.583457  0.770256  0.889328  0.799676  0.528091  0.631799  0.430348  0.657105  0.827759  0.686683  0.738714  0.797374  0.467527  0.863503  0.885138  0.559713  0.820623  0.757614  0.571075  0.657425  0.541676  0.403332  0.693029 0.0  0.405053 
29  0.663352  0.440316  0.738233  0.480394  0.687000  0.543104  0.881796  0.836094  0.763436  0.690649  0.722555  0.365122  0.728515  0.782136  0.562156  0.834042  0.805827  0.574936  0.813913  0.923445  0.727531  0.795857  0.563288  0.751904  0.689077  0.676664  0.562590  0.746473  0.405053 0.0 
