30
0 0.0  0.639669  0.715872  0.684461  0.629408  0.540917  0.580081  0.637867  0.760629  0.655690  0.779683  0.629474  0.572490  0.433594  0.787404  0.656047  0.518054  0.538832  0.603808  0.546594  0.695404  0.723283  0.563905  0.779289  0.919036  0.817072  0.682686  0.862510  0.771460  0.472781 
1  0.639669 0.0  0.741097  0.563307  0.754914  0.713413  0.792571  0.501035  0.747064  0.579059  0.716928  0.568511  0.798933  0.686256  0.697950  0.626703  0.545207  0.672720  0.631818  0.579348  0.802177  0.695389  0.548793  0.719297  0.902016  0.708852  0.740254  0.869232  0.804073  0.682798 
2  0.715872  0.741097 0.0  0.706424  0.637023  0.755725  0.750931  0.773212  0.716828  0.698958  0.590098  0.843044  0.671819  0.566715  0.554358  0.793019  0.660501  0.800915  0.812820  0.845655  0.700282  0.820241  0.773596  0.702141  0.851938  0.737514  0.536941  0.583665  0.493544  0.708074 
3  0.684461  0.563307  0.706424 0.0  0.694043  0.667350  0.577611  0.657214  0.574212  0.715500  0.565894  0.530834  0.593566  0.563336  0.602038  0.698409  0.726306  0.555321  0.663051  0.680483  0.570600  0.636835  0.697062  0.555805  0.815977  0.602296  0.654730  0.646341  0.749638  0.686467 
4  0.629408  0.754914  0.637023  0.694043 0.0  0.762866  0.653096  0.756509  0.671716  0.692125  0.619702  0.710962  0.714629  0.548041  0.621364  0.666551  0.514813  0.789315  0.810295  0.776366  0.684795  0.746933  0.695621  0.620065  0.802634  0.572840  0.667819  0.571394  0.541894  0.690842 
5  0.540917  0.713413  0.755725  0.667350  0.762866 0.0  0.842199  0.694615  0.807380  0.838365  0.758582  0.767039  0.837448  0.750729  0.673807  0.766178  0.633019  0.798463  0.599265  0.666308  0.896442  0.701046  0.656571  0.766015  0.882106  0.826515  0.785642  0.775108  0.815686  0.782281 
6  0.580081  0.792571  0.750931  0.577611  0.653096  0.842199 0.0  0.661623  0.843869  0.378698  0.747912  0.656778  0.513419  0.746816  0.779273  0.680797  0.687744  0.437836  0.417228  0.558114  0.619323  0.646772  0.515273  0.790709  0.877667  0.844595  0.787074  0.806819  0.770717  0.568876 
7  0.637867  0.501035  0.773212  0.657214  0.756509  0.694615  0.661623 0.0  0.792173  0.635929  0.794695  0.411333  0.564425  0.658841  0.876932  0.315264  0.653325  0.529294  0.616000  0.486015  0.464885  0.392263  0.475857  0.886552  0.892801  0.843439  0.607453  0.908913  0.701166  0.492421 
8  0.760629  0.747064  0.716828  0.574212  0.671716  0.807380  0.843869  0.792173 0.0  0.813136  0.496315  0.699017  0.617911  0.632679  0.438413  0.700182  0.676333  0.775248  0.910896  0.748632  0.799457  0.756267  0.619947  0.446586  0.466554  0.492228  0.571861  0.504744  0.717664  0.798205 
9  0.655690  0.579059  0.698958  0.715500  0.692125  0.838365  0.378698  0.635929  0.813136 0.0  0.782100  0.609861  0.668338  0.649449  0.730299  0.635863  0.669151  0.415812  0.512236  0.554573  0.659357  0.684072  0.451572  0.878721  0.906361  0.781812  0.650145  0.814373  0.808156  0.448943 
10  0.779683  0.716928  0.590098  0.565894  0.619702  0.758582  0.747912  0.794695  0.496315  0.782100 0.0  0.731205  0.628951  0.659114  0.478550  0.860725  0.759028  0.771086  0.779938  0.729660  0.740896  0.923861  0.858006  0.488007  0.501125  0.279974  0.689343  0.280525  0.746784  0.849506 
11  0.629474  0.568511  0.843044  0.530834  0.710962  0.767039  0.656778  0.411333  0.699017  0.609861  0.731205 0.0  0.607133  0.592662  0.973178  0.360823  0.685211  0.607314  0.698152  0.493301  0.543151  0.227438  0.610069  0.905735  0.953803  0.910833  0.573791  0.876961  0.763263  0.463306 
12  0.572490  0.798933  0.671819  0.593566  0.714629  0.837448  0.513419  0.564425  0.617911  0.668338  0.628951  0.607133 0.0  0.602886  0.682767  0.531125  0.778121  0.689377  0.631297  0.660727  0.527501  0.476315  0.616822  0.760078  0.772259  0.601358  0.581019  0.683054  0.871888  0.639114 
13  0.433594  0.686256  0.566715  0.563336  0.548041  0.750729  0.746816  0.658841  0.632679  0.649449  0.659114  0.592662  0.602886 0.0  0.630900  0.610885  0.718350  0.667957  0.632594  0.658364  0.575274  0.569178  0.598589  0.714946  0.772986  0.666118  0.665928  0.718084  0.648548  0.619691 
14  0.787404  0.697950  0.554358  0.602038  0.621364  0.673807  0.779273  0.876932  0.438413  0.730299  0.478550  0.973178  0.682767  0.630900 0.0  0.819350  0.696036  0.827012  0.865630  0.806447  0.673499  0.711254  0.769015  0.429548  0.529566  0.348290  0.593195  0.303136  0.781554  0.838322 
15  0.656047  0.626703  0.793019  0.698409  0.666551  0.766178  0.680797  0.315264  0.700182  0.635863  0.860725  0.360823  0.531125  0.610885  0.819350 0.0  0.690556  0.531916  0.583506  0.419023  0.506386  0.299451  0.468255  0.938129  0.874040  0.808129  0.540070  0.833584  0.773765  0.473812 
16  0.518054  0.545207  0.660501  0.726306  0.514813  0.633019  0.687744  0.653325  0.676333  0.669151  0.759028  0.685211  0.778121  0.718350  0.696036  0.690556 0.0  0.599322  0.712963  0.615002  0.809353  0.664599  0.727051  0.744167  0.880436  0.594892  0.681040  0.766196  0.815504  0.530852 
17  0.538832  0.672720  0.800915  0.555321  0.789315  0.798463  0.437836  0.529294  0.775248  0.415812  0.771086  0.607314  0.689377  0.667957  0.827012  0.531916  0.599322 0.0  0.430378  0.457914  0.641636  0.537804  0.386767  0.852459  0.804051  0.816805  0.784719  1.000000  0.777321  0.412652 
18  0.603808  0.631818  0.812820  0.663051  0.810295  0.599265  0.417228  0.616000  0.910896  0.512236  0.779938  0.698152  0.631297  0.632594  0.865630  0.583506  0.712963  0.430378 0.0  0.452454  0.761545  0.594657  0.538914  0.950710  0.842769  0.765458  0.772694  0.808576  0.879709  0.466720 
19  0.546594  0.579348  0.845655  0.680483  0.776366  0.666308  0.558114  0.486015  0.748632  0.554573  0.729660  0.493301  0.660727  0.658364  0.806447  0.419023  0.615002  0.457914  0.452454 0.0  0.716692  0.587984  0.443082  0.945424  0.916368  0.877210  0.759804  0.928189  0.844787  0.621925 
20  0.695404  0.802177  0.700282  0.570600  0.684795  0.896442  0.619323  0.464885  0.799457  0.659357  0.740896  0.543151  0.527501  0.575274  0.673499  0.506386  0.809353  0.641636  0.761545  0.716692 0.0  0.594516  0.598518  0.766667  0.777337  0.745332  0.540520  0.731281  0.819348  0.616794 
21  0.723283  0.695389  0.820241  0.636835  0.746933  0.701046  0.646772  0.392263  0.756267  0.684072  0.923861  0.227438  0.476315  0.569178  0.711254  0.299451  0.664599  0.537804  0.594657  0.587984  0.594516 0.0  0.539580  0.908714  0.896191  0.869135  0.527221  0.905339  0.788440  0.420821 
22  0.563905  0.548793  0.773596  0.697062  0.695621  0.656571  0.515273  0.475857  0.619947  0.451572  0.858006  0.610069  0.616822  0.598589  0.769015  0.468255  0.727051  0.386767  0.538914  0.443082  0.598518  0.539580 0.0  0.864426  0.863362  0.725288  0.690521  0.928846  0.814680  0.472877 
23  0.779289  0.719297  0.702141  0.555805  0.620065  0.766015  0.790709  0.886552  0.446586  0.878721  0.488007  0.905735  0.760078  0.714946  0.429548  0.938129  0.744167  0.852459  0.950710  0.945424  0.766667  0.908714  0.864426 0.0  0.572301  0.458275  0.762858  0.441056  0.764341  0.924427 
24  0.919036  0.902016  0.851938  0.815977  0.802634  0.882106  0.877667  0.892801  0.466554  0.906361  0.501125  0.953803  0.772259  0.772986  0.529566  0.874040  0.880436  0.804051  0.842769  0.916368  0.777337  0.896191  0.863362  0.572301 0.0  0.497867  0.767420  0.514773  0.787842  0.821376 
25  0.817072  0.708852  0.737514  0.602296  0.572840  0.826515  0.844595  0.843439  0.492228  0.781812  0.279974  0.910833  0.601358  0.666118  0.348290  0.808129  0.594892  0.816805  0.765458  0.877210  0.745332  0.869135  0.725288  0.458275  0.497867 0.0  0.695100  0.380688  0.801852  0.748584 
26  0.682686  0.740254  0.536941  0.654730  0.667819  0.785642  0.787074  0.607453  0.571861  0.650145  0.689343  0.573791  0.581019  0.665928  0.593195  0.540070  0.681040  0.784719  0.772694  0.759804  0.540520  0.527221  0.690521  0.762858  0.767420  0.695100 0.0  0.609218  0.483925  0.631987 
27  0.862510  0.869232  0.583665  0.646341  0.571394  0.775108  0.806819  0.908913  0.504744  0.814373  0.280525  0.876961  0.683054  0.718084  0.303136  0.833584  0.766196  1.000000  0.808576  0.928189  0.731281  0.905339  0.928846  0.441056  0.514773  0.380688  0.609218 0.0  0.732253  0.890866 
28  0.771460  0.804073  0.493544  0.749638  0.541894  0.815686  0.770717  0.701166  0.717664  0.808156  0.746784  0.763263  0.871888  0.648548  0.781554  0.773765  0.815504  0.777321  0.879709  0.844787  0.819348  0.788440  0.814680  0.764341  0.787842  0.801852  0.483925  0.732253 0.0  0.876080 
29  0.472781  0.682798  0.708074  0.686467  0.690842  0.782281  0.568876  0.492421  0.798205  0.448943  0.849506  0.463306  0.639114  0.619691  0.838322  0.473812  0.530852  0.412652  0.466720  0.621925  0.616794  0.420821  0.472877  0.924427  0.821376  0.748584  0.631987  0.890866  0.876080 0.0 
