30
0 0.0  0.646219  0.537786  0.952803  0.564114  0.678493  0.791772  0.768686  0.410621  0.521809  0.688101  0.625011  0.659450  0.709192  0.631894  0.550479  0.733701  0.677219  0.759070  0.744315  0.552321  0.460741  0.672726  0.622183  0.678181  0.722551  0.854895  0.548912  0.595149  0.733705 
1  0.646219 0.0  0.335539  0.830291  0.807922  0.567804  0.645139  0.620583  0.606847  0.608671  0.366792  0.562347  0.416171  0.716751  0.594388  0.453632  0.633469  0.401910  0.711286  0.796320  0.695546  0.646597  0.509882  0.514251  0.383253  0.519874  0.804864  0.506175  0.431751  0.828366 
2  0.537786  0.335539 0.0  0.781395  0.756652  0.624402  0.670858  0.705773  0.475616  0.575011  0.413024  0.527824  0.468174  0.809646  0.610774  0.557049  0.652294  0.386638  0.549131  0.852616  0.680953  0.659027  0.525281  0.458661  0.526396  0.526423  0.878124  0.635919  0.502525  0.927595 
3  0.952803  0.830291  0.781395 0.0  0.658631  0.841874  0.787447  0.881700  0.862764  0.876157  0.929313  0.830615  0.813757  0.640406  0.773848  0.842453  0.799718  0.817368  0.751957  0.630409  0.736126  0.839362  0.919743  0.919576  0.763250  0.881081  0.455865  0.738629  0.782290  0.543723 
4  0.564114  0.807922  0.756652  0.658631 0.0  0.775234  0.668937  0.757310  0.860937  0.616159  0.776724  0.792020  0.941145  0.371047  0.686168  0.903148  0.789268  0.816027  0.683907  0.393726  0.707208  0.613971  0.761948  0.941195  0.829014  0.872058  0.560201  0.781806  0.824959  0.357251 
5  0.678493  0.567804  0.624402  0.841874  0.775234 0.0  0.773868  0.990485  0.614024  0.678890  0.732770  0.656905  0.785957  0.853606  0.687483  0.842191  0.357769  0.857674  0.824964  0.727481  0.874738  0.695829  0.881231  0.724887  0.764389  0.715503  0.823122  0.724777  0.793412  0.944856 
6  0.791772  0.645139  0.670858  0.787447  0.668937  0.773868 0.0  0.636640  0.658684  0.724949  0.604223  0.499016  0.588981  0.593271  0.544029  0.637809  0.623212  0.516627  0.643220  0.681069  0.680126  0.771840  0.654990  0.741483  0.596549  0.621319  0.792828  0.545381  0.770437  0.735877 
7  0.768686  0.620583  0.705773  0.881700  0.757310  0.990485  0.636640 0.0  0.470941  0.506302  0.749163  0.543086  0.815278  1.000000  0.694670  0.417181  0.854575  0.693580  0.827993  0.920612  0.404287  0.662951  0.535996  0.683033  0.425700  0.826181  0.566111  0.498684  0.516279  0.947079 
8  0.410621  0.606847  0.475616  0.862764  0.860937  0.614024  0.658684  0.470941 0.0  0.390918  0.651044  0.504578  0.686549  0.715996  0.538662  0.425996  0.797665  0.709013  0.550797  0.818448  0.545643  0.651508  0.437469  0.602725  0.294116  0.751964  0.876982  0.463764  0.550149  0.952334 
9  0.521809  0.608671  0.575011  0.876157  0.616159  0.678890  0.724949  0.506302  0.390918 0.0  0.479327  0.587421  0.576969  0.854820  0.560690  0.334493  0.687536  0.599057  0.534215  0.855124  0.419482  0.554483  0.482829  0.704101  0.393088  0.587358  0.815585  0.240586  0.543651  0.885736 
10  0.688101  0.366792  0.413024  0.929313  0.776724  0.732770  0.604223  0.749163  0.651044  0.479327 0.0  0.576890  0.501452  0.784521  0.683278  0.647471  0.641593  0.402714  0.795599  0.788864  0.722946  0.824710  0.466075  0.481393  0.632004  0.508035  0.840682  0.642230  0.516655  0.815339 
11  0.625011  0.562347  0.527824  0.830615  0.792020  0.656905  0.499016  0.543086  0.504578  0.587421  0.576890 0.0  0.500326  0.722667  0.614621  0.598032  0.829629  0.605448  0.573385  0.808058  0.598306  0.658325  0.433366  0.533275  0.532806  0.614792  0.792350  0.466328  0.359294  0.831813 
12  0.659450  0.416171  0.468174  0.813757  0.941145  0.785957  0.588981  0.815278  0.686549  0.576969  0.501452  0.500326 0.0  0.916856  0.621316  0.672958  0.708480  0.563786  0.560023  0.838563  0.651738  0.742990  0.415834  0.626838  0.593597  0.626936  0.770928  0.629286  0.569511  0.890609 
13  0.709192  0.716751  0.809646  0.640406  0.371047  0.853606  0.593271  1.000000  0.715996  0.854820  0.784521  0.722667  0.916856 0.0  0.805161  0.805213  0.697884  0.778949  0.564111  0.283893  0.915089  0.638078  0.873971  0.787551  0.800644  0.780692  0.551815  0.777348  0.885762  0.425297 
14  0.631894  0.594388  0.610774  0.773848  0.686168  0.687483  0.544029  0.694670  0.538662  0.560690  0.683278  0.614621  0.621316  0.805161 0.0  0.609337  0.697944  0.746840  0.542858  0.610545  0.665630  0.709077  0.617872  0.688328  0.738922  0.752409  0.818192  0.571539  0.612390  0.705217 
15  0.550479  0.453632  0.557049  0.842453  0.903148  0.842191  0.637809  0.417181  0.425996  0.334493  0.647471  0.598032  0.672958  0.805213  0.609337 0.0  0.702416  0.528902  0.710235  0.928029  0.485993  0.508808  0.408184  0.652295  0.242267  0.675721  0.726559  0.387227  0.491465  0.965644 
16  0.733701  0.633469  0.652294  0.799718  0.789268  0.357769  0.623212  0.854575  0.797665  0.687536  0.641593  0.829629  0.708480  0.697884  0.697944  0.702416 0.0  0.677377  0.654748  0.618539  0.775855  0.770685  0.767859  0.771623  0.698713  0.735650  0.687306  0.644537  0.773400  0.775914 
17  0.677219  0.401910  0.386638  0.817368  0.816027  0.857674  0.516627  0.693580  0.709013  0.599057  0.402714  0.605448  0.563786  0.778949  0.746840  0.528902  0.677377 0.0  0.642230  0.842958  0.544542  0.745787  0.605784  0.268692  0.510410  0.418056  0.757414  0.639815  0.508048  0.831545 
18  0.759070  0.711286  0.549131  0.751957  0.683907  0.824964  0.643220  0.827993  0.550797  0.534215  0.795599  0.573385  0.560023  0.564111  0.542858  0.710235  0.654748  0.642230 0.0  0.626907  0.762747  0.718129  0.599077  0.770845  0.662877  0.678461  0.672567  0.718370  0.663167  0.678300 
19  0.744315  0.796320  0.852616  0.630409  0.393726  0.727481  0.681069  0.920612  0.818448  0.855124  0.788864  0.808058  0.838563  0.283893  0.610545  0.928029  0.618539  0.842958  0.626907 0.0  0.767460  0.632778  0.873801  0.787920  0.879702  0.782439  0.667749  0.854894  0.810641  0.481160 
20  0.552321  0.695546  0.680953  0.736126  0.707208  0.874738  0.680126  0.404287  0.545643  0.419482  0.722946  0.598306  0.651738  0.915089  0.665630  0.485993  0.775855  0.544542  0.762747  0.767460 0.0  0.736270  0.607702  0.612509  0.478575  0.619364  0.746830  0.358598  0.608315  0.825455 
21  0.460741  0.646597  0.659027  0.839362  0.613971  0.695829  0.771840  0.662951  0.651508  0.554483  0.824710  0.658325  0.742990  0.638078  0.709077  0.508808  0.770685  0.745787  0.718129  0.632778  0.736270 0.0  0.779297  0.770511  0.731910  0.727213  0.762557  0.621294  0.673821  0.644930 
22  0.672726  0.509882  0.525281  0.919743  0.761948  0.881231  0.654990  0.535996  0.437469  0.482829  0.466075  0.433366  0.415834  0.873971  0.617872  0.408184  0.767859  0.605784  0.599077  0.873801  0.607702  0.779297 0.0  0.669086  0.502187  0.510435  0.769707  0.598127  0.404873  0.961631 
23  0.622183  0.514251  0.458661  0.919576  0.941195  0.724887  0.741483  0.683033  0.602725  0.704101  0.481393  0.533275  0.626838  0.787551  0.688328  0.652295  0.771623  0.268692  0.770845  0.787920  0.612509  0.770511  0.669086 0.0  0.783445  0.573612  0.885085  0.699127  0.637952  0.936871 
24  0.678181  0.383253  0.526396  0.763250  0.829014  0.764389  0.596549  0.425700  0.294116  0.393088  0.632004  0.532806  0.593597  0.800644  0.738922  0.242267  0.698713  0.510410  0.662877  0.879702  0.478575  0.731910  0.502187  0.783445 0.0  0.623368  0.807305  0.348638  0.402115  0.970258 
25  0.722551  0.519874  0.526423  0.881081  0.872058  0.715503  0.621319  0.826181  0.751964  0.587358  0.508035  0.614792  0.626936  0.780692  0.752409  0.675721  0.735650  0.418056  0.678461  0.782439  0.619364  0.727213  0.510435  0.573612  0.623368 0.0  0.909182  0.657779  0.483664  0.801425 
26  0.854895  0.804864  0.878124  0.455865  0.560201  0.823122  0.792828  0.566111  0.876982  0.815585  0.840682  0.792350  0.770928  0.551815  0.818192  0.726559  0.687306  0.757414  0.672567  0.667749  0.746830  0.762557  0.769707  0.885085  0.807305  0.909182 0.0  0.908643  0.810647  0.636479 
27  0.548912  0.506175  0.635919  0.738629  0.781806  0.724777  0.545381  0.498684  0.463764  0.240586  0.642230  0.466328  0.629286  0.777348  0.571539  0.387227  0.644537  0.639815  0.718370  0.854894  0.358598  0.621294  0.598127  0.699127  0.348638  0.657779  0.908643 0.0  0.519663  0.840377 
28  0.595149  0.431751  0.502525  0.782290  0.824959  0.793412  0.770437  0.516279  0.550149  0.543651  0.516655  0.359294  0.569511  0.885762  0.612390  0.491465  0.773400  0.508048  0.663167  0.810641  0.608315  0.673821  0.404873  0.637952  0.402115  0.483664  0.810647  0.519663 0.0  0.842391 
29  0.733705  0.828366  0.927595  0.543723  0.357251  0.944856  0.735877  0.947079  0.952334  0.885736  0.815339  0.831813  0.890609  0.425297  0.705217  0.965644  0.775914  0.831545  0.678300  0.481160  0.825455  0.644930  0.961631  0.936871  0.970258  0.801425  0.636479  0.840377  0.842391 0.0 
