30
0 0.0  0.654957  0.822049  0.869954  0.686081  0.797082  0.658096  0.762661  0.620965  0.254576  0.854316  0.764565  0.465230  0.558009  0.584910  0.648147  0.767759  0.873902  0.631829  0.549083  0.655773  0.543879  0.618442  0.701973  0.959040  0.622497  0.839247  0.964730  0.296213  0.835257 
1  0.654957 0.0  0.672488  0.847961  0.571657  0.698022  0.532171  0.635752  0.600183  0.496397  0.809481  0.486382  0.657636  0.497958  0.648571  0.652996  1.000000  0.716568  0.710695  0.360466  0.699598  0.514509  0.482107  0.594950  0.766806  0.674388  0.653296  0.665721  0.468390  0.632891 
2  0.822049  0.672488 0.0  0.722931  0.637729  0.745805  0.742355  0.793635  0.660717  0.671878  0.753849  0.683953  0.774121  0.717127  0.693930  0.634654  0.636660  0.616199  0.768335  0.820918  0.764682  0.736474  0.731998  0.651141  0.722909  0.675041  0.635315  0.768412  0.651095  0.279906 
3  0.869954  0.847961  0.722931 0.0  0.744640  0.631564  0.717256  0.383303  0.694238  0.842959  0.573734  0.694288  0.819249  0.724639  0.820592  0.662677  0.630723  0.532968  0.788616  0.683905  0.907241  0.693605  0.717763  0.688566  0.254951  0.800586  0.660912  0.402018  0.814962  0.662879 
4  0.686081  0.571657  0.637729  0.744640 0.0  0.620480  0.714686  0.762695  0.634173  0.562912  0.862577  0.529187  0.707565  0.545697  0.650627  0.563881  0.827963  0.751441  0.633838  0.578271  0.700556  0.632088  0.446180  0.690459  0.594675  0.706242  0.609673  0.681417  0.736612  0.862549 
5  0.797082  0.698022  0.745805  0.631564  0.620480 0.0  0.757802  0.660179  0.581698  0.680282  0.726060  0.565100  0.760636  0.559437  0.664372  0.586476  0.751562  0.619578  0.676571  0.731515  0.685814  0.761960  0.684471  0.628331  0.649018  0.547359  0.772562  0.811594  0.577288  0.695178 
6  0.658096  0.532171  0.742355  0.717256  0.714686  0.757802 0.0  0.719747  0.474991  0.533186  0.704990  0.507578  0.702063  0.562023  0.405636  0.678093  0.708281  0.624538  0.498271  0.665466  0.504828  0.371107  0.626946  0.526767  0.841579  0.566257  0.762913  0.787635  0.657093  0.734949 
7  0.762661  0.635752  0.793635  0.383303  0.762695  0.660179  0.719747 0.0  0.749067  0.876708  0.437553  0.660153  0.962019  0.724505  0.771615  0.583762  0.639855  0.624423  0.666503  0.700817  0.804727  0.692964  0.706121  0.761824  0.429996  0.668781  0.672585  0.471307  0.696910  0.745678 
8  0.620965  0.600183  0.660717  0.694238  0.634173  0.581698  0.474991  0.749067 0.0  0.425866  0.796069  0.587405  0.568327  0.514095  0.707226  0.612661  0.796319  0.559654  0.500208  0.620876  0.581002  0.503584  0.504081  0.527546  0.759703  0.657497  0.706058  0.776195  0.451484  0.740278 
9  0.254576  0.496397  0.671878  0.842959  0.562912  0.680282  0.533186  0.876708  0.425866 0.0  0.801944  0.693468  0.372223  0.342433  0.588738  0.593368  0.738858  0.775844  0.561446  0.581963  0.587025  0.623290  0.556598  0.480405  0.733582  0.458506  0.775183  0.883753  0.219323  0.706932 
10  0.854316  0.809481  0.753849  0.573734  0.862577  0.726060  0.704990  0.437553  0.796069  0.801944 0.0  0.731303  0.560690  0.831026  0.868758  0.574381  0.522415  0.605681  0.828060  0.928168  0.708104  0.902886  0.835093  0.829647  0.568679  0.766957  0.819744  0.599953  0.878236  0.845514 
11  0.764565  0.486382  0.683953  0.694288  0.529187  0.565100  0.507578  0.660153  0.587405  0.693468  0.731303 0.0  0.773521  0.523154  0.704290  0.549576  0.799886  0.747854  0.497300  0.550375  0.677823  0.727836  0.407065  0.584257  0.643771  0.646110  0.710797  0.910809  0.513515  0.585172 
12  0.465230  0.657636  0.774121  0.819249  0.707565  0.760636  0.702063  0.962019  0.568327  0.372223  0.560690  0.773521 0.0  0.465900  0.690924  0.690345  0.773075  0.924079  0.494879  0.733909  0.704741  0.759502  0.557406  0.649839  0.862986  0.633868  0.826475  0.818260  0.452490  0.656638 
13  0.558009  0.497958  0.717127  0.724639  0.545697  0.559437  0.562023  0.724505  0.514095  0.342433  0.831026  0.523154  0.465900 0.0  0.651747  0.716855  0.840739  0.674331  0.581317  0.508695  0.481095  0.599377  0.590564  0.495453  0.776037  0.583300  0.722409  0.817802  0.457678  0.680835 
14  0.584910  0.648571  0.693930  0.820592  0.650627  0.664372  0.405636  0.771615  0.707226  0.588738  0.868758  0.704290  0.690924  0.651747 0.0  0.614056  0.943684  0.741359  0.482826  0.645068  0.522601  0.486950  0.758929  0.475046  0.791187  0.791863  0.849994  0.870276  0.702849  0.829719 
15  0.648147  0.652996  0.634654  0.662677  0.563881  0.586476  0.678093  0.583762  0.612661  0.593368  0.574381  0.549576  0.690345  0.716855  0.614056 0.0  0.712948  0.670339  0.564424  0.660865  0.535052  0.650489  0.566911  0.670523  0.646439  0.645356  0.574884  0.634294  0.704582  0.689904 
16  0.767759  1.000000  0.636660  0.630723  0.827963  0.751562  0.708281  0.639855  0.796319  0.738858  0.522415  0.799886  0.773075  0.840739  0.943684  0.712948 0.0  0.661352  0.732447  0.897882  0.904270  0.827741  0.694163  0.867089  0.584888  0.703898  0.910794  0.567959  0.835978  0.871225 
17  0.873902  0.716568  0.616199  0.532968  0.751441  0.619578  0.624538  0.624423  0.559654  0.775844  0.605681  0.747854  0.924079  0.674331  0.741359  0.670339  0.661352 0.0  0.665562  0.780918  0.714669  0.762151  0.689766  0.630744  0.573928  0.659889  0.596104  0.705545  0.634490  0.684847 
18  0.631829  0.710695  0.768335  0.788616  0.633838  0.676571  0.498271  0.666503  0.500208  0.561446  0.828060  0.497300  0.494879  0.581317  0.482826  0.564424  0.732447  0.665562 0.0  0.589948  0.443111  0.550231  0.505644  0.418394  0.779491  0.582009  0.702695  0.969992  0.554384  0.729148 
19  0.549083  0.360466  0.820918  0.683905  0.578271  0.731515  0.665466  0.700817  0.620876  0.581963  0.928168  0.550375  0.733909  0.508695  0.645068  0.660865  0.897882  0.780918  0.589948 0.0  0.568263  0.608034  0.474865  0.607956  0.733812  0.662004  0.620140  0.804916  0.546669  0.836895 
20  0.655773  0.699598  0.764682  0.907241  0.700556  0.685814  0.504828  0.804727  0.581002  0.587025  0.708104  0.677823  0.704741  0.481095  0.522601  0.535052  0.904270  0.714669  0.443111  0.568263 0.0  0.451863  0.525592  0.462290  0.819002  0.760058  0.749800  0.836799  0.562153  0.758021 
21  0.543879  0.514509  0.736474  0.693605  0.632088  0.761960  0.371107  0.692964  0.503584  0.623290  0.902886  0.727836  0.759502  0.599377  0.486950  0.650489  0.827741  0.762151  0.550231  0.608034  0.451863 0.0  0.551205  0.517557  0.733381  0.614000  0.822199  0.776748  0.524972  0.779485 
22  0.618442  0.482107  0.731998  0.717763  0.446180  0.684471  0.626946  0.706121  0.504081  0.556598  0.835093  0.407065  0.557406  0.590564  0.758929  0.566911  0.694163  0.689766  0.505644  0.474865  0.525592  0.551205 0.0  0.632372  0.765139  0.680002  0.690968  0.862522  0.512217  0.696916 
23  0.701973  0.594950  0.651141  0.688566  0.690459  0.628331  0.526767  0.761824  0.527546  0.480405  0.829647  0.584257  0.649839  0.495453  0.475046  0.670523  0.867089  0.630744  0.418394  0.607956  0.462290  0.517557  0.632372 0.0  0.745585  0.620039  0.755074  0.920280  0.610100  0.615953 
24  0.959040  0.766806  0.722909  0.254951  0.594675  0.649018  0.841579  0.429996  0.759703  0.733582  0.568679  0.643771  0.862986  0.776037  0.791187  0.646439  0.584888  0.573928  0.779491  0.733812  0.819002  0.733381  0.765139  0.745585 0.0  0.754380  0.655955  0.339072  0.815256  0.784860 
25  0.622497  0.674388  0.675041  0.800586  0.706242  0.547359  0.566257  0.668781  0.657497  0.458506  0.766957  0.646110  0.633868  0.583300  0.791863  0.645356  0.703898  0.659889  0.582009  0.662004  0.760058  0.614000  0.680002  0.620039  0.754380 0.0  0.732335  0.825119  0.684921  0.646801 
26  0.839247  0.653296  0.635315  0.660912  0.609673  0.772562  0.762913  0.672585  0.706058  0.775183  0.819744  0.710797  0.826475  0.722409  0.849994  0.574884  0.910794  0.596104  0.702695  0.620140  0.749800  0.822199  0.690968  0.755074  0.655955  0.732335 0.0  0.645982  0.745980  0.675675 
27  0.964730  0.665721  0.768412  0.402018  0.681417  0.811594  0.787635  0.471307  0.776195  0.883753  0.599953  0.910809  0.818260  0.817802  0.870276  0.634294  0.567959  0.705545  0.969992  0.804916  0.836799  0.776748  0.862522  0.920280  0.339072  0.825119  0.645982 0.0  0.808175  0.819769 
28  0.296213  0.468390  0.651095  0.814962  0.736612  0.577288  0.657093  0.696910  0.451484  0.219323  0.878236  0.513515  0.452490  0.457678  0.702849  0.704582  0.835978  0.634490  0.554384  0.546669  0.562153  0.524972  0.512217  0.610100  0.815256  0.684921  0.745980  0.808175 0.0  0.702078 
29  0.835257  0.632891  0.279906  0.662879  0.862549  0.695178  0.734949  0.745678  0.740278  0.706932  0.845514  0.585172  0.656638  0.680835  0.829719  0.689904  0.871225  0.684847  0.729148  0.836895  0.758021  0.779485  0.696916  0.615953  0.784860  0.646801  0.675675  0.819769  0.702078 0.0 
