30
0 0.0  0.752586  1.000000  0.625143  0.675045  0.787594  0.751167  0.692378  0.817567  0.590227  0.687691  0.721265  0.769947  0.637824  0.700161  0.639576  0.630070  0.755075  0.830031  0.772046  0.764086  0.746471  0.755492  0.699094  0.725361  0.690427  0.886284  0.632377  0.676178  0.895647 
1  0.752586 0.0  0.790397  0.731318  0.851049  0.981468  0.814065  0.718636  0.748360  0.655372  0.582545  0.777721  0.659426  0.691446  0.644782  0.584744  0.582951  0.893138  0.566903  0.841636  0.835267  0.562414  0.743624  0.612803  0.529231  0.298181  0.546379  0.752057  0.562081  0.740485 
2  1.000000  0.790397 0.0  0.815265  0.821655  0.637825  0.661399  0.749064  0.748503  0.743628  0.721897  0.727775  0.670017  0.632736  0.901281  0.740484  0.747045  0.649132  0.842978  0.743263  0.839402  0.709659  0.898505  0.840062  0.732653  0.791497  0.754478  0.634401  0.740785  0.913008 
3  0.625143  0.731318  0.815265 0.0  0.826496  0.872074  0.766676  0.697738  0.750637  0.616991  0.604272  0.772980  0.611358  0.645939  0.425505  0.572461  0.457530  0.839661  0.548329  0.637367  0.731533  0.283967  0.618562  0.589455  0.430667  0.568954  0.636452  0.783859  0.424556  0.773475 
4  0.675045  0.851049  0.821655  0.826496 0.0  0.662884  0.747071  0.659514  0.432144  0.625740  0.740867  0.620715  0.658992  0.530982  0.859044  0.764534  0.841641  0.416367  0.766815  0.621417  0.503488  0.716559  0.584721  0.695158  0.662680  0.706474  0.881679  0.351697  0.677980  0.705575 
5  0.787594  0.981468  0.637825  0.872074  0.662884 0.0  0.800692  0.861325  0.499998  0.696700  0.905755  0.846945  0.811985  0.664099  0.858258  0.726904  0.833267  0.497949  0.883772  0.633467  0.655365  0.823727  0.719420  0.839656  0.919637  0.807414  0.782308  0.624376  0.857044  0.895744 
6  0.751167  0.814065  0.661399  0.766676  0.747071  0.800692 0.0  0.494712  0.641169  0.734167  0.798792  0.333620  0.758625  0.625371  0.743971  0.666036  0.666329  0.635364  0.768577  0.771376  0.775649  0.826875  0.822298  0.758740  0.868133  0.728983  0.916263  0.636807  0.698590  0.423039 
7  0.692378  0.718636  0.749064  0.697738  0.659514  0.861325  0.494712 0.0  0.600264  0.670097  0.580103  0.637770  0.428078  0.602796  0.545161  0.657059  0.570004  0.663617  0.718044  0.727265  0.711483  0.667173  0.568199  0.697015  0.511217  0.599723  0.743207  0.718846  0.633461  0.573153 
8  0.817567  0.748360  0.748503  0.750637  0.432144  0.499998  0.641169  0.600264 0.0  0.637734  0.902849  0.779173  0.667625  0.534120  0.580625  0.721640  0.809147  0.466150  0.749493  0.516123  0.549103  0.866965  0.676963  0.750715  0.683421  0.744775  0.850921  0.471034  0.669050  0.654592 
9  0.590227  0.655372  0.743628  0.616991  0.625740  0.696700  0.734167  0.670097  0.637734 0.0  0.610060  0.689375  0.570194  0.671488  0.604533  0.570472  0.634362  0.750280  0.683882  0.625134  0.589368  0.622704  0.574909  0.670414  0.679016  0.644326  0.573863  0.734843  0.582666  0.695517 
10  0.687691  0.582545  0.721897  0.604272  0.740867  0.905755  0.798792  0.580103  0.902849  0.610060 0.0  0.768188  0.532570  0.598213  0.270023  0.331118  0.366091  0.818224  0.616556  0.688208  0.729690  0.535371  0.676730  0.472543  0.585490  0.607951  0.330891  0.745867  0.605185  0.756286 
11  0.721265  0.777721  0.727775  0.772980  0.620715  0.846945  0.333620  0.637770  0.779173  0.689375  0.768188 0.0  0.883621  0.730380  0.700113  0.853332  0.770710  0.740440  0.790217  0.663426  0.821994  0.850115  0.690130  0.810077  0.922829  0.824055  0.762835  0.679074  0.727646  0.464241 
12  0.769947  0.659426  0.670017  0.611358  0.658992  0.811985  0.758625  0.428078  0.667625  0.570194  0.532570  0.883621 0.0  0.610953  0.518286  0.491868  0.657721  0.771606  0.599167  0.784464  0.735863  0.541044  0.630493  0.451437  0.589398  0.483501  0.534865  0.730620  0.543492  0.630088 
13  0.637824  0.691446  0.632736  0.645939  0.530982  0.664099  0.625371  0.602796  0.534120  0.671488  0.598213  0.730380  0.610953 0.0  0.715343  0.556700  0.574455  0.682113  0.606228  0.615028  0.665597  0.584216  0.580897  0.504365  0.577751  0.568680  0.654700  0.602089  0.760535  0.667531 
14  0.700161  0.644782  0.901281  0.425505  0.859044  0.858258  0.743971  0.545161  0.580625  0.604533  0.270023  0.700113  0.518286  0.715343 0.0  0.328850  0.384480  0.753096  0.671322  0.658350  0.708683  0.545877  0.642447  0.468363  0.674093  0.646784  0.463407  0.790810  0.446430  0.771371 
15  0.639576  0.584744  0.740484  0.572461  0.764534  0.726904  0.666036  0.657059  0.721640  0.570472  0.331118  0.853332  0.491868  0.556700  0.328850 0.0  0.563039  0.712539  0.646414  0.600458  0.697829  0.606966  0.545467  0.441046  0.519157  0.576049  0.403646  0.789827  0.449466  0.808935 
16  0.630070  0.582951  0.747045  0.457530  0.841641  0.833267  0.666329  0.570004  0.809147  0.634362  0.366091  0.770710  0.657721  0.574455  0.384480  0.563039 0.0  0.864415  0.598448  0.717586  0.743002  0.433928  0.703713  0.476965  0.419796  0.504869  0.619280  0.734871  0.549727  0.859862 
17  0.755075  0.893138  0.649132  0.839661  0.416367  0.497949  0.635364  0.663617  0.466150  0.750280  0.818224  0.740440  0.771606  0.682113  0.753096  0.712539  0.864415 0.0  0.788040  0.696789  0.638539  0.649922  0.684921  0.905587  0.721469  0.828315  0.852577  0.381027  0.920707  0.748120 
18  0.830031  0.566903  0.842978  0.548329  0.766815  0.883772  0.768577  0.718044  0.749493  0.683882  0.616556  0.790217  0.599167  0.606228  0.671322  0.646414  0.598448  0.788040 0.0  0.646723  0.720819  0.575461  0.515629  0.643502  0.507980  0.383582  0.653058  0.751725  0.595739  0.747580 
19  0.772046  0.841636  0.743263  0.637367  0.621417  0.633467  0.771376  0.727265  0.516123  0.625134  0.688208  0.663426  0.784464  0.615028  0.658350  0.600458  0.717586  0.696789  0.646723 0.0  0.397758  0.704616  0.600177  0.706472  0.782058  0.715903  0.772691  0.631798  0.723778  0.815588 
20  0.764086  0.835267  0.839402  0.731533  0.503488  0.655365  0.775649  0.711483  0.549103  0.589368  0.729690  0.821994  0.735863  0.665597  0.708683  0.697829  0.743002  0.638539  0.720819  0.397758 0.0  0.720596  0.566489  0.699239  0.746411  0.649590  0.813047  0.660726  0.604064  0.735107 
21  0.746471  0.562414  0.709659  0.283967  0.716559  0.823727  0.826875  0.667173  0.866965  0.622704  0.535371  0.850115  0.541044  0.584216  0.545877  0.606966  0.433928  0.649922  0.575461  0.704616  0.720596 0.0  0.802603  0.449058  0.473462  0.477116  0.595453  0.872152  0.385825  0.759579 
22  0.755492  0.743624  0.898505  0.618562  0.584721  0.719420  0.822298  0.568199  0.676963  0.574909  0.676730  0.690130  0.630493  0.580897  0.642447  0.545467  0.703713  0.684921  0.515629  0.600177  0.566489  0.802603 0.0  0.664159  0.645999  0.596603  0.782594  0.679608  0.627052  0.707089 
23  0.699094  0.612803  0.840062  0.589455  0.695158  0.839656  0.758740  0.697015  0.750715  0.670414  0.472543  0.810077  0.451437  0.504365  0.468363  0.441046  0.476965  0.905587  0.643502  0.706472  0.699239  0.449058  0.664159 0.0  0.551480  0.581825  0.467973  0.768562  0.506251  0.724660 
24  0.725361  0.529231  0.732653  0.430667  0.662680  0.919637  0.868133  0.511217  0.683421  0.679016  0.585490  0.922829  0.589398  0.577751  0.674093  0.519157  0.419796  0.721469  0.507980  0.782058  0.746411  0.473462  0.645999  0.551480 0.0  0.297869  0.665947  0.784559  0.429604  0.773118 
25  0.690427  0.298181  0.791497  0.568954  0.706474  0.807414  0.728983  0.599723  0.744775  0.644326  0.607951  0.824055  0.483501  0.568680  0.646784  0.576049  0.504869  0.828315  0.383582  0.715903  0.649590  0.477116  0.596603  0.581825  0.297869 0.0  0.685341  0.799013  0.507932  0.803167 
26  0.886284  0.546379  0.754478  0.636452  0.881679  0.782308  0.916263  0.743207  0.850921  0.573863  0.330891  0.762835  0.534865  0.654700  0.463407  0.403646  0.619280  0.852577  0.653058  0.772691  0.813047  0.595453  0.782594  0.467973  0.665947  0.685341 0.0  0.912663  0.710518  0.815007 
27  0.632377  0.752057  0.634401  0.783859  0.351697  0.624376  0.636807  0.718846  0.471034  0.734843  0.745867  0.679074  0.730620  0.602089  0.790810  0.789827  0.734871  0.381027  0.751725  0.631798  0.660726  0.872152  0.679608  0.768562  0.784559  0.799013  0.912663 0.0  0.917885  0.436198 
28  0.676178  0.562081  0.740785  0.424556  0.677980  0.857044  0.698590  0.633461  0.669050  0.582666  0.605185  0.727646  0.543492  0.760535  0.446430  0.449466  0.549727  0.920707  0.595739  0.723778  0.604064  0.385825  0.627052  0.506251  0.429604  0.507932  0.710518  0.917885 0.0  0.738299 
29  0.895647  0.740485  0.913008  0.773475  0.705575  0.895744  0.423039  0.573153  0.654592  0.695517  0.756286  0.464241  0.630088  0.667531  0.771371  0.808935  0.859862  0.748120  0.747580  0.815588  0.735107  0.759579  0.707089  0.724660  0.773118  0.803167  0.815007  0.436198  0.738299 0.0 
