30
0 0.0  0.432172  0.724527  0.746415  0.851554  0.470577  0.598962  0.623823  0.657629  0.555718  0.713610  0.596868  0.668520  0.786249  0.641321  0.416649  0.786692  0.427020  0.521664  0.678868  0.842414  0.614062  0.402136  0.633952  0.862226  0.510066  0.878099  0.511303  0.319239  0.620628 
1  0.432172 0.0  0.597749  0.685892  0.881572  0.414448  0.589663  0.649565  0.685085  0.470650  0.667496  0.753957  0.641328  0.717651  0.576564  0.478660  0.841239  0.637302  0.523858  0.489211  0.851389  0.557538  0.649531  0.546821  0.931735  0.586740  0.856720  0.712602  0.563721  0.543613 
2  0.724527  0.597749 0.0  0.667179  0.867393  0.506208  0.656497  0.791356  0.705526  0.616240  0.676774  0.628672  0.684706  0.485699  0.602566  0.805188  0.771091  0.707360  0.658545  0.636662  0.562272  0.597018  0.766905  0.732867  0.587381  0.679947  0.784672  0.836293  0.742801  0.737689 
3  0.746415  0.685892  0.667179 0.0  0.819203  0.781481  0.686284  0.775349  0.791578  0.786369  0.652657  0.530237  0.594994  0.747011  0.757496  0.791969  0.642997  0.816653  0.782160  0.856497  0.400797  0.636544  1.000000  0.744646  0.557223  0.811388  0.453264  0.825029  0.639653  0.887834 
4  0.851554  0.881572  0.867393  0.819203 0.0  0.931695  0.785275  0.712658  0.662404  0.932500  0.867709  0.926538  0.729908  0.804137  0.928675  0.918843  0.922979  0.901814  0.937464  0.889514  0.863307  0.612373  0.813365  0.969648  0.718962  0.853180  0.752380  0.920181  0.814238  0.891236 
5  0.470577  0.414448  0.506208  0.781481  0.931695 0.0  0.723101  0.373338  0.669651  0.468600  0.742689  0.655388  0.684412  0.807733  0.753164  0.499012  0.854330  0.620803  0.569380  0.457155  0.807577  0.670034  0.584233  0.717953  0.971260  0.443506  0.751557  0.730676  0.675128  0.595598 
6  0.598962  0.589663  0.656497  0.686284  0.785275  0.723101 0.0  0.611905  0.656095  0.743487  0.646100  0.798836  0.672175  0.553246  0.616525  0.662757  0.868151  0.772030  0.644926  0.747491  0.722217  0.626138  0.677700  0.595260  0.725449  0.448172  0.919104  0.650511  0.638270  0.745630 
7  0.623823  0.649565  0.791356  0.775349  0.712658  0.373338  0.611905 0.0  0.678606  0.556217  0.730133  0.681567  0.635694  0.748248  0.782084  0.452934  0.785842  0.646774  0.471932  0.598791  0.867341  0.664336  0.476701  0.489003  0.758502  0.518821  0.920190  0.587722  0.492588  0.618860 
8  0.657629  0.685085  0.705526  0.791578  0.662404  0.669651  0.656095  0.678606 0.0  0.686113  0.742066  0.742908  0.606200  0.777918  0.749170  0.684513  0.730860  0.752671  0.703740  0.730307  0.756424  0.488298  0.657955  0.571580  0.725990  0.629042  0.840810  0.728186  0.583810  0.745051 
9  0.555718  0.470650  0.616240  0.786369  0.932500  0.468600  0.743487  0.556217  0.686113 0.0  0.782027  0.734041  0.608264  0.829345  0.620947  0.595302  0.848822  0.563095  0.597096  0.469673  0.863039  0.502644  0.492206  0.540442  0.923391  0.526830  0.843020  0.677169  0.573231  0.710129 
10  0.713610  0.667496  0.676774  0.652657  0.867709  0.742689  0.646100  0.730133  0.742066  0.782027 0.0  0.851289  0.492904  0.693486  0.700278  0.623146  0.846604  0.801252  0.799373  0.725795  0.757203  0.530701  0.690032  0.654984  0.603107  0.716968  0.717655  0.693690  0.639358  0.681750 
11  0.596868  0.753957  0.628672  0.530237  0.926538  0.655388  0.798836  0.681567  0.742908  0.734041  0.851289 0.0  0.753602  0.700918  0.545391  0.660090  0.719942  0.753950  0.704304  0.857901  0.539136  0.729110  0.614301  0.710350  0.700221  0.712044  0.636288  0.690322  0.679900  0.692518 
12  0.668520  0.641328  0.684706  0.594994  0.729908  0.684412  0.672175  0.635694  0.606200  0.608264  0.492904  0.753602 0.0  0.699989  0.647758  0.705086  0.643934  0.797777  0.642717  0.773910  0.772954  0.730589  0.672510  0.669620  0.638471  0.661176  0.807659  0.706606  0.783142  0.653369 
13  0.786249  0.717651  0.485699  0.747011  0.804137  0.807733  0.553246  0.748248  0.777918  0.829345  0.693486  0.700918  0.699989 0.0  0.713701  0.852005  0.947581  0.797374  0.767766  0.989194  0.669922  0.653766  0.719871  0.813567  0.775509  0.736815  0.834698  0.810864  0.851625  0.712974 
14  0.641321  0.576564  0.602566  0.757496  0.928675  0.753164  0.616525  0.782084  0.749170  0.620947  0.700278  0.545391  0.647758  0.713701 0.0  0.691399  0.723179  0.581469  0.658016  0.810504  0.640262  0.734151  0.618637  0.484108  0.699121  0.535241  0.724649  0.735205  0.732418  0.747632 
15  0.416649  0.478660  0.805188  0.791969  0.918843  0.499012  0.662757  0.452934  0.684513  0.595302  0.623146  0.660090  0.705086  0.852005  0.691399 0.0  0.790937  0.370856  0.465995  0.733821  0.824004  0.603483  0.389323  0.353203  0.914546  0.594874  0.914637  0.501138  0.350614  0.738685 
16  0.786692  0.841239  0.771091  0.642997  0.922979  0.854330  0.868151  0.785842  0.730860  0.848822  0.846604  0.719942  0.643934  0.947581  0.723179  0.790937 0.0  0.793758  0.881659  0.687225  0.655418  0.765930  0.873545  0.880330  0.582239  0.893883  0.516598  0.881159  0.864302  0.668810 
17  0.427020  0.637302  0.707360  0.816653  0.901814  0.620803  0.772030  0.646774  0.752671  0.563095  0.801252  0.753950  0.797777  0.797374  0.581469  0.370856  0.793758 0.0  0.490974  0.804226  0.878781  0.797382  0.566413  0.391872  0.973166  0.566687  0.734019  0.512973  0.297993  0.721530 
18  0.521664  0.523858  0.658545  0.782160  0.937464  0.569380  0.644926  0.471932  0.703740  0.597096  0.799373  0.704304  0.642717  0.767766  0.658016  0.465995  0.881659  0.490974 0.0  0.758495  0.811359  0.617869  0.302526  0.559755  0.868287  0.638833  0.824543  0.572961  0.459804  0.669375 
19  0.678868  0.489211  0.636662  0.856497  0.889514  0.457155  0.747491  0.598791  0.730307  0.469673  0.725795  0.857901  0.773910  0.989194  0.810504  0.733821  0.687225  0.804226  0.758495 0.0  0.914842  0.883080  0.717403  0.857339  0.959383  0.659813  0.749634  0.805022  0.686239  0.786137 
20  0.842414  0.851389  0.562272  0.400797  0.863307  0.807577  0.722217  0.867341  0.756424  0.863039  0.757203  0.539136  0.772954  0.669922  0.640262  0.824004  0.655418  0.878781  0.811359  0.914842 0.0  0.506073  0.823713  0.748776  0.401240  0.821729  0.575279  0.936290  0.879390  0.740365 
21  0.614062  0.557538  0.597018  0.636544  0.612373  0.670034  0.626138  0.664336  0.488298  0.502644  0.530701  0.729110  0.730589  0.653766  0.734151  0.603483  0.765930  0.797382  0.617869  0.883080  0.506073 0.0  0.601638  0.568744  0.606667  0.736238  0.811676  0.717347  0.686763  0.696946 
22  0.402136  0.649531  0.766905  1.000000  0.813365  0.584233  0.677700  0.476701  0.657955  0.492206  0.690032  0.614301  0.672510  0.719871  0.618637  0.389323  0.873545  0.566413  0.302526  0.717403  0.823713  0.601638 0.0  0.552950  0.926397  0.641407  0.880842  0.618651  0.514084  0.734073 
23  0.633952  0.546821  0.732867  0.744646  0.969648  0.717953  0.595260  0.489003  0.571580  0.540442  0.654984  0.710350  0.669620  0.813567  0.484108  0.353203  0.880330  0.391872  0.559755  0.857339  0.748776  0.568744  0.552950 0.0  0.958525  0.631503  0.887993  0.543032  0.464328  0.773724 
24  0.862226  0.931735  0.587381  0.557223  0.718962  0.971260  0.725449  0.758502  0.725990  0.923391  0.603107  0.700221  0.638471  0.775509  0.699121  0.914546  0.582239  0.973166  0.868287  0.959383  0.401240  0.606667  0.926397  0.958525 0.0  0.788803  0.509530  0.924343  0.767767  0.856781 
25  0.510066  0.586740  0.679947  0.811388  0.853180  0.443506  0.448172  0.518821  0.629042  0.526830  0.716968  0.712044  0.661176  0.736815  0.535241  0.594874  0.893883  0.566687  0.638833  0.659813  0.821729  0.736238  0.641407  0.631503  0.788803 0.0  0.939233  0.694679  0.658011  0.703240 
26  0.878099  0.856720  0.784672  0.453264  0.752380  0.751557  0.919104  0.920190  0.840810  0.843020  0.717655  0.636288  0.807659  0.834698  0.724649  0.914637  0.516598  0.734019  0.824543  0.749634  0.575279  0.811676  0.880842  0.887993  0.509530  0.939233 0.0  0.918788  0.940209  0.841827 
27  0.511303  0.712602  0.836293  0.825029  0.920181  0.730676  0.650511  0.587722  0.728186  0.677169  0.693690  0.690322  0.706606  0.810864  0.735205  0.501138  0.881159  0.512973  0.572961  0.805022  0.936290  0.717347  0.618651  0.543032  0.924343  0.694679  0.918788 0.0  0.308673  0.723317 
28  0.319239  0.563721  0.742801  0.639653  0.814238  0.675128  0.638270  0.492588  0.583810  0.573231  0.639358  0.679900  0.783142  0.851625  0.732418  0.350614  0.864302  0.297993  0.459804  0.686239  0.879390  0.686763  0.514084  0.464328  0.767767  0.658011  0.940209  0.308673 0.0  0.744374 
29  0.620628  0.543613  0.737689  0.887834  0.891236  0.595598  0.745630  0.618860  0.745051  0.710129  0.681750  0.692518  0.653369  0.712974  0.747632  0.738685  0.668810  0.721530  0.669375  0.786137  0.740365  0.696946  0.734073  0.773724  0.856781  0.703240  0.841827  0.723317  0.744374 0.0 
