30
0 0.0  0.543572  0.814790  0.770444  0.725084  0.538790  0.484996  0.567918  0.347607  0.618465  0.532377  0.420263  0.364412  0.819299  0.655586  0.301513  0.552705  0.772643  0.557857  0.535337  0.754826  0.665916  0.591638  0.872727  0.722735  0.272225  0.728926  0.615999  0.382079  0.567543 
1  0.543572 0.0  0.748312  0.632459  0.735114  0.592749  0.641278  0.441799  0.575805  0.505478  0.598291  0.484624  0.742054  0.791114  0.414948  0.568236  0.469268  0.644783  0.593699  0.685947  0.767078  0.650939  0.700662  0.804876  0.614267  0.641074  0.541890  0.563875  0.563736  0.454370 
2  0.814790  0.748312 0.0  0.341441  0.358037  0.715875  0.760918  0.858711  0.823350  0.797066  0.798677  0.803819  0.774286  0.405337  0.716627  0.731278  0.879421  0.410346  0.596006  0.576494  0.693081  0.706752  0.906592  0.453580  0.759121  0.934513  0.753837  0.567955  0.909842  0.846345 
3  0.770444  0.632459  0.341441 0.0  0.378562  0.781647  0.861168  0.737526  0.769829  0.831968  0.792598  0.752152  0.928599  0.430577  0.664840  0.822424  0.874828  0.420026  0.669943  0.644469  0.592506  0.728106  1.000000  0.475630  0.771516  0.760867  0.847492  0.720367  0.759418  0.772092 
4  0.725084  0.735114  0.358037  0.378562 0.0  0.776758  0.824426  0.655421  0.818482  0.838140  0.853649  0.779014  0.921764  0.404412  0.685458  0.816415  0.895903  0.342910  0.643168  0.491729  0.629763  0.760549  0.734015  0.509632  0.707171  0.815719  0.914318  0.608519  0.596589  0.844510 
5  0.538790  0.592749  0.715875  0.781647  0.776758 0.0  0.499812  0.496534  0.397262  0.396885  0.478973  0.468820  0.562954  0.785293  0.753861  0.489213  0.419821  0.747815  0.261399  0.716431  0.725056  0.438351  0.474180  0.812363  0.601813  0.540596  0.679821  0.651786  0.555747  0.560656 
6  0.484996  0.641278  0.760918  0.861168  0.824426  0.499812 0.0  0.576861  0.400411  0.517894  0.340848  0.526309  0.498065  0.940915  0.590559  0.440615  0.507199  0.733909  0.614623  0.636198  0.660485  0.549828  0.174199  0.850981  0.638398  0.424323  0.631268  0.648448  0.429449  0.531296 
7  0.567918  0.441799  0.858711  0.737526  0.655421  0.496534  0.576861 0.0  0.440788  0.274430  0.377295  0.669204  0.590480  0.758896  0.558653  0.628105  0.266115  0.828378  0.536138  0.674244  0.724124  0.414899  0.518047  0.869617  0.646266  0.520694  0.521905  0.599872  0.587285  0.333659 
8  0.347607  0.575805  0.823350  0.769829  0.818482  0.397262  0.400411  0.440788 0.0  0.501241  0.424239  0.460057  0.490780  0.898343  0.628874  0.425071  0.436234  0.838139  0.502578  0.608555  0.722728  0.460016  0.444890  0.780258  0.572471  0.304865  0.651125  0.701336  0.488517  0.535217 
9  0.618465  0.505478  0.797066  0.831968  0.838140  0.396885  0.517894  0.274430  0.501241 0.0  0.579138  0.575290  0.660946  0.878684  0.609705  0.590062  0.337315  0.813951  0.508188  0.728907  0.818342  0.484873  0.550230  0.905945  0.605396  0.587028  0.412271  0.698873  0.520639  0.281289 
10  0.532377  0.598291  0.798677  0.792598  0.853649  0.478973  0.340848  0.377295  0.424239  0.579138 0.0  0.491649  0.551774  0.864957  0.585846  0.498005  0.449144  0.908822  0.477979  0.702776  0.745896  0.489743  0.384301  0.806745  0.625885  0.438736  0.645539  0.748357  0.571456  0.524816 
11  0.420263  0.484624  0.803819  0.752152  0.779014  0.468820  0.526309  0.669204  0.460057  0.575290  0.491649 0.0  0.428584  0.884321  0.555215  0.330253  0.497779  0.784605  0.604704  0.660537  0.735531  0.640292  0.501316  0.820880  0.690602  0.397554  0.768174  0.612240  0.260077  0.621382 
12  0.364412  0.742054  0.774286  0.928599  0.921764  0.562954  0.498065  0.590480  0.490780  0.660946  0.551774  0.428584 0.0  0.958297  0.684183  0.291943  0.655592  0.834827  0.565568  0.710372  0.776543  0.518107  0.572301  0.853948  0.608750  0.372570  0.751205  0.676274  0.499726  0.650172 
13  0.819299  0.791114  0.405337  0.430577  0.404412  0.785293  0.940915  0.758896  0.898343  0.878684  0.864957  0.884321  0.958297 0.0  0.732526  0.825705  0.861410  0.347878  0.779080  0.640177  0.810158  0.804047  0.901524  0.517036  0.790921  0.918206  0.775092  0.744953  0.748463  0.769208 
14  0.655586  0.414948  0.716627  0.664840  0.685458  0.753861  0.590559  0.558653  0.628874  0.609705  0.585846  0.555215  0.684183  0.732526 0.0  0.694129  0.567638  0.731425  0.588870  0.769396  0.688831  0.545086  0.588117  0.714459  0.630952  0.718971  0.680236  0.568765  0.618599  0.615690 
15  0.301513  0.568236  0.731278  0.822424  0.816415  0.489213  0.440615  0.628105  0.425071  0.590062  0.498005  0.330253  0.291943  0.825705  0.694129 0.0  0.573902  0.785484  0.419540  0.687460  0.674392  0.629604  0.503527  0.764805  0.867788  0.367519  0.649068  0.536796  0.429244  0.627712 
16  0.552705  0.469268  0.879421  0.874828  0.895903  0.419821  0.507199  0.266115  0.436234  0.337315  0.449144  0.497779  0.655592  0.861410  0.567638  0.573902 0.0  0.815384  0.372532  0.593354  0.622127  0.488938  0.548513  0.795536  0.506792  0.563397  0.537952  0.506761  0.615692  0.420754 
17  0.772643  0.644783  0.410346  0.420026  0.342910  0.747815  0.733909  0.828378  0.838139  0.813951  0.908822  0.784605  0.834827  0.347878  0.731425  0.785484  0.815384 0.0  0.760448  0.528568  0.702642  0.714100  0.773719  0.564884  0.730340  0.748019  0.910012  0.744326  0.797566  0.783469 
18  0.557857  0.593699  0.596006  0.669943  0.643168  0.261399  0.614623  0.536138  0.502578  0.508188  0.477979  0.604704  0.565568  0.779080  0.588870  0.419540  0.372532  0.760448 0.0  0.707275  0.775827  0.580257  0.392303  0.859357  0.598870  0.496872  0.448597  0.517648  0.626326  0.509137 
19  0.535337  0.685947  0.576494  0.644469  0.491729  0.716431  0.636198  0.674244  0.608555  0.728907  0.702776  0.660537  0.710372  0.640177  0.769396  0.687460  0.593354  0.528568  0.707275 0.0  0.782370  0.641524  0.694528  0.657295  0.714837  0.657426  0.808577  0.500451  0.688035  0.692099 
20  0.754826  0.767078  0.693081  0.592506  0.629763  0.725056  0.660485  0.724124  0.722728  0.818342  0.745896  0.735531  0.776543  0.810158  0.688831  0.674392  0.622127  0.702642  0.775827  0.782370 0.0  0.680987  0.800921  0.787816  0.724619  0.721840  0.825613  0.589396  0.771003  0.733137 
21  0.665916  0.650939  0.706752  0.728106  0.760549  0.438351  0.549828  0.414899  0.460016  0.484873  0.489743  0.640292  0.518107  0.804047  0.545086  0.629604  0.488938  0.714100  0.580257  0.641524  0.680987 0.0  0.566006  0.760717  0.569215  0.514614  0.555049  0.556800  0.546436  0.514864 
22  0.591638  0.700662  0.906592  1.000000  0.734015  0.474180  0.174199  0.518047  0.444890  0.550230  0.384301  0.501316  0.572301  0.901524  0.588117  0.503527  0.548513  0.773719  0.392303  0.694528  0.800921  0.566006 0.0  0.868285  0.588878  0.390639  0.631388  0.729741  0.492206  0.446367 
23  0.872727  0.804876  0.453580  0.475630  0.509632  0.812363  0.850981  0.869617  0.780258  0.905945  0.806745  0.820880  0.853948  0.517036  0.714459  0.764805  0.795536  0.564884  0.859357  0.657295  0.787816  0.760717  0.868285 0.0  0.786541  0.814971  0.718644  0.809028  0.828388  0.832741 
24  0.722735  0.614267  0.759121  0.771516  0.707171  0.601813  0.638398  0.646266  0.572471  0.605396  0.625885  0.690602  0.608750  0.790921  0.630952  0.867788  0.506792  0.730340  0.598870  0.714837  0.724619  0.569215  0.588878  0.786541 0.0  0.551115  0.806334  0.498377  0.708465  0.589041 
25  0.272225  0.641074  0.934513  0.760867  0.815719  0.540596  0.424323  0.520694  0.304865  0.587028  0.438736  0.397554  0.372570  0.918206  0.718971  0.367519  0.563397  0.748019  0.496872  0.657426  0.721840  0.514614  0.390639  0.814971  0.551115 0.0  0.514787  0.650214  0.597961  0.571035 
26  0.728926  0.541890  0.753837  0.847492  0.914318  0.679821  0.631268  0.521905  0.651125  0.412271  0.645539  0.768174  0.751205  0.775092  0.680236  0.649068  0.537952  0.910012  0.448597  0.808577  0.825613  0.555049  0.631388  0.718644  0.806334  0.514787 0.0  0.783898  0.584015  0.366560 
27  0.615999  0.563875  0.567955  0.720367  0.608519  0.651786  0.648448  0.599872  0.701336  0.698873  0.748357  0.612240  0.676274  0.744953  0.568765  0.536796  0.506761  0.744326  0.517648  0.500451  0.589396  0.556800  0.729741  0.809028  0.498377  0.650214  0.783898 0.0  0.542986  0.648690 
28  0.382079  0.563736  0.909842  0.759418  0.596589  0.555747  0.429449  0.587285  0.488517  0.520639  0.571456  0.260077  0.499726  0.748463  0.618599  0.429244  0.615692  0.797566  0.626326  0.688035  0.771003  0.546436  0.492206  0.828388  0.708465  0.597961  0.584015  0.542986 0.0  0.555538 
29  0.567543  0.454370  0.846345  0.772092  0.844510  0.560656  0.531296  0.333659  0.535217  0.281289  0.524816  0.621382  0.650172  0.769208  0.615690  0.627712  0.420754  0.783469  0.509137  0.692099  0.733137  0.514864  0.446367  0.832741  0.589041  0.571035  0.366560  0.648690  0.555538 0.0 
