30
0 0.0  0.783245  0.438881  0.727002  0.808992  0.675092  0.968891  0.941236  0.403328  0.730620  0.877491  0.650878  0.841640  0.952413  0.946728  0.905234  0.950295  0.696907  0.980762  0.609064  0.812592  0.882988  0.883129  0.335403  0.804605  0.750287  0.899942  0.768276  0.857443  0.885341 
1  0.783245 0.0  0.682343  0.466416  0.885296  0.734329  0.834492  0.414303  0.742718  0.806535  0.791841  0.746335  0.896344  0.512832  0.604552  0.703464  0.487675  0.701283  0.817254  0.809446  0.568233  0.636297  0.598600  0.779888  0.509209  0.695117  0.891285  0.691018  0.674200  0.440241 
2  0.438881  0.682343 0.0  0.831240  0.747069  0.800207  0.751375  0.925919  0.246039  0.588664  0.920706  0.753076  0.886431  0.799041  0.772668  0.900456  0.842589  0.701898  0.824088  0.555995  0.637498  0.876797  0.760891  0.356705  0.737426  0.798862  0.884344  0.755308  0.709938  0.857686 
3  0.727002  0.466416  0.831240 0.0  0.757832  0.818407  0.689107  0.535331  0.779514  0.931180  0.627379  0.884637  0.961593  0.646471  0.803953  0.651668  0.645820  0.723888  0.711843  0.950028  0.639503  0.608959  0.519625  0.766354  0.446971  0.749843  0.640710  0.749025  0.675264  0.673959 
4  0.808992  0.885296  0.747069  0.757832 0.0  0.729349  0.683516  0.885499  0.692688  0.703924  0.763814  0.828983  0.888831  0.774281  0.743451  0.790893  0.670448  0.681767  0.734605  0.915844  0.742913  0.893526  0.842325  0.853746  0.756357  0.614351  0.851273  0.719375  0.787897  0.744536 
5  0.675092  0.734329  0.800207  0.818407  0.729349 0.0  0.818396  0.834873  0.753740  0.839610  0.943403  0.501784  0.663293  1.000000  0.824771  0.766430  0.711668  0.795693  0.840612  0.970858  0.596854  0.900087  0.765772  0.587675  0.827529  0.664016  0.791058  0.809132  0.784145  0.781147 
6  0.968891  0.834492  0.751375  0.689107  0.683516  0.818396 0.0  0.724972  0.813084  0.774390  0.516620  0.847456  0.825692  0.407516  0.360919  0.475551  0.588288  0.689475  0.612803  0.975794  0.625045  0.604984  0.485594  0.902489  0.630570  0.708134  0.390800  0.398370  0.835458  0.605364 
7  0.941236  0.414303  0.925919  0.535331  0.885499  0.834873  0.724972 0.0  0.898275  0.887146  0.676750  0.886557  0.858428  0.613995  0.756582  0.469587  0.546167  0.751617  0.719611  0.867922  0.673198  0.662887  0.583120  0.899602  0.717652  0.835487  0.633145  0.674527  0.682009  0.572966 
8  0.403328  0.742718  0.246039  0.779514  0.692688  0.753740  0.813084  0.898275 0.0  0.715983  0.972979  0.751651  0.829226  0.812438  0.924013  0.904559  0.816851  0.752662  0.784461  0.748686  0.711196  0.753762  0.838483  0.407409  0.745931  0.753096  0.797137  0.887524  0.683907  0.831243 
9  0.730620  0.806535  0.588664  0.931180  0.703924  0.839610  0.774390  0.887146  0.715983 0.0  0.744504  0.747387  0.916432  0.748044  0.710329  0.760099  0.689220  0.663452  0.802085  0.759508  0.746178  0.694126  0.906314  0.555773  0.898184  0.812349  0.778595  0.825872  0.865587  0.727912 
10  0.877491  0.791841  0.920706  0.627379  0.763814  0.943403  0.516620  0.676750  0.972979  0.744504 0.0  0.881407  0.768310  0.605490  0.531435  0.641621  0.709713  0.628023  0.312394  0.815664  0.835730  0.362417  0.591259  0.952488  0.656513  0.723201  0.578770  0.531961  0.517869  0.599066 
11  0.650878  0.746335  0.753076  0.884637  0.828983  0.501784  0.847456  0.886557  0.751651  0.747387  0.881407 0.0  0.403112  0.858180  0.933084  0.818392  0.728102  0.778277  0.803810  0.966002  0.562873  0.862913  0.784124  0.681120  0.746707  0.795929  0.747812  0.785103  0.569327  0.768151 
12  0.841640  0.896344  0.886431  0.961593  0.888831  0.663293  0.825692  0.858428  0.829226  0.916432  0.768310  0.403112 0.0  0.771782  0.858701  0.913647  0.866308  0.615466  0.900740  0.837500  0.730634  0.810751  0.851688  0.681017  0.866578  0.870059  0.853117  0.907071  0.757479  0.860440 
13  0.952413  0.512832  0.799041  0.646471  0.774281  1.000000  0.407516  0.613995  0.812438  0.748044  0.605490  0.858180  0.771782 0.0  0.613581  0.356533  0.521989  0.661388  0.496661  0.890655  0.590153  0.476742  0.466077  0.822061  0.675044  0.774177  0.672369  0.507920  0.577337  0.347338 
14  0.946728  0.604552  0.772668  0.803953  0.743451  0.824771  0.360919  0.756582  0.924013  0.710329  0.531435  0.933084  0.858701  0.613581 0.0  0.443188  0.632042  0.565014  0.568495  0.961014  0.731304  0.609987  0.508541  0.854899  0.800258  0.902687  0.439365  0.410551  0.752357  0.692640 
15  0.905234  0.703464  0.900456  0.651668  0.790893  0.766430  0.475551  0.469587  0.904559  0.760099  0.641621  0.818392  0.913647  0.356533  0.443188 0.0  0.589143  0.670151  0.623117  0.882498  0.697550  0.552310  0.647301  0.789160  0.594575  0.637434  0.686928  0.536186  0.564953  0.488977 
16  0.950295  0.487675  0.842589  0.645820  0.670448  0.711668  0.588288  0.546167  0.816851  0.689220  0.709713  0.728102  0.866308  0.521989  0.632042  0.589143 0.0  0.646022  0.571607  0.886344  0.734592  0.497092  0.657755  0.927623  0.750060  0.663079  0.713882  0.723374  0.541797  0.371034 
17  0.696907  0.701283  0.701898  0.723888  0.681767  0.795693  0.689475  0.751617  0.752662  0.663452  0.628023  0.778277  0.615466  0.661388  0.565014  0.670151  0.646022 0.0  0.663893  0.721435  0.701647  0.702495  0.787018  0.777166  0.658929  0.756130  0.821274  0.627011  0.607648  0.710557 
18  0.980762  0.817254  0.824088  0.711843  0.734605  0.840612  0.612803  0.719611  0.784461  0.802085  0.312394  0.803810  0.900740  0.496661  0.568495  0.623117  0.571607  0.663893 0.0  0.791614  0.547121  0.447618  0.687451  0.908049  0.733820  0.558334  0.683512  0.598083  0.641422  0.432606 
19  0.609064  0.809446  0.555995  0.950028  0.915844  0.970858  0.975794  0.867922  0.748686  0.759508  0.815664  0.966002  0.837500  0.890655  0.961014  0.882498  0.886344  0.721435  0.791614 0.0  0.903835  0.860822  0.917581  0.689908  0.804453  0.743376  0.915866  0.904684  0.926564  0.679783 
20  0.812592  0.568233  0.637498  0.639503  0.742913  0.596854  0.625045  0.673198  0.711196  0.746178  0.835730  0.562873  0.730634  0.590153  0.731304  0.697550  0.734592  0.701647  0.547121  0.903835 0.0  0.743182  0.676663  0.615490  0.606445  0.793042  0.670996  0.686313  0.592016  0.583625 
21  0.882988  0.636297  0.876797  0.608959  0.893526  0.900087  0.604984  0.662887  0.753762  0.694126  0.362417  0.862913  0.810751  0.476742  0.609987  0.552310  0.497092  0.702495  0.447618  0.860822  0.743182 0.0  0.581889  0.857243  0.634729  0.622449  0.699665  0.441827  0.637789  0.522260 
22  0.883129  0.598600  0.760891  0.519625  0.842325  0.765772  0.485594  0.583120  0.838483  0.906314  0.591259  0.784124  0.851688  0.466077  0.508541  0.647301  0.657755  0.787018  0.687451  0.917581  0.676663  0.581889 0.0  0.896601  0.707712  0.747471  0.482982  0.526671  0.711935  0.705523 
23  0.335403  0.779888  0.356705  0.766354  0.853746  0.587675  0.902489  0.899602  0.407409  0.555773  0.952488  0.681120  0.681017  0.822061  0.854899  0.789160  0.927623  0.777166  0.908049  0.689908  0.615490  0.857243  0.896601 0.0  0.741079  0.755598  0.895242  0.855562  0.763464  0.793214 
24  0.804605  0.509209  0.737426  0.446971  0.756357  0.827529  0.630570  0.717652  0.745931  0.898184  0.656513  0.746707  0.866578  0.675044  0.800258  0.594575  0.750060  0.658929  0.733820  0.804453  0.606445  0.634729  0.707712  0.741079 0.0  0.853754  0.848838  0.760255  0.603654  0.625580 
25  0.750287  0.695117  0.798862  0.749843  0.614351  0.664016  0.708134  0.835487  0.753096  0.812349  0.723201  0.795929  0.870059  0.774177  0.902687  0.637434  0.663079  0.756130  0.558334  0.743376  0.793042  0.622449  0.747471  0.755598  0.853754 0.0  0.745562  0.621159  0.664922  0.731300 
26  0.899942  0.891285  0.884344  0.640710  0.851273  0.791058  0.390800  0.633145  0.797137  0.778595  0.578770  0.747812  0.853117  0.672369  0.439365  0.686928  0.713882  0.821274  0.683512  0.915866  0.670996  0.699665  0.482982  0.895242  0.848838  0.745562 0.0  0.512571  0.716930  0.734050 
27  0.768276  0.691018  0.755308  0.749025  0.719375  0.809132  0.398370  0.674527  0.887524  0.825872  0.531961  0.785103  0.907071  0.507920  0.410551  0.536186  0.723374  0.627011  0.598083  0.904684  0.686313  0.441827  0.526671  0.855562  0.760255  0.621159  0.512571 0.0  0.593992  0.666348 
28  0.857443  0.674200  0.709938  0.675264  0.787897  0.784145  0.835458  0.682009  0.683907  0.865587  0.517869  0.569327  0.757479  0.577337  0.752357  0.564953  0.541797  0.607648  0.641422  0.926564  0.592016  0.637789  0.711935  0.763464  0.603654  0.664922  0.716930  0.593992 0.0  0.598961 
29  0.885341  0.440241  0.857686  0.673959  0.744536  0.781147  0.605364  0.572966  0.831243  0.727912  0.599066  0.768151  0.860440  0.347338  0.692640  0.488977  0.371034  0.710557  0.432606  0.679783  0.583625  0.522260  0.705523  0.793214  0.625580  0.731300  0.734050  0.666348  0.598961 0.0 
