61
0 0.0  0.759600  0.782840  0.743356  0.539149  0.745283  0.005112  0.534271  0.207927  0.211739  0.814098  0.615665  0.604201  0.201383  0.210522  0.589431  0.591374  0.472782  0.169431  0.260824  0.758927  0.663196  0.295345  0.560598  0.799756  0.724677  0.953724  0.744248  0.526884  0.781613  0.729127  0.592118  0.532907  0.602696  0.596184  0.491187  0.115310  0.788125  0.211928  0.671549  0.210559  0.471102  0.611894  0.713243  0.502726  0.437061  0.640387  0.544224  0.677275  0.131190  0.813040  0.274168  0.548733  0.416403  0.672194  0.473832  0.580429  0.509613  0.651337  0.202414  0.356045 
1  0.759600 0.0  0.288475  0.469620  0.405779  0.292115  0.720476  0.403894  0.674215  0.773868  0.360319  0.395676  0.313165  0.657306  0.729107  0.349086  0.348057  0.400011  0.766376  0.730051  0.377929  0.262519  0.684246  0.360106  0.430779  0.418736  0.348092  0.355448  0.530621  0.353117  0.417581  0.252745  0.373382  0.487962  0.334946  0.356610  0.784242  0.066195  0.735653  0.374618  0.698247  0.800896  0.346691  0.290284  0.229936  0.543355  0.307192  0.339808  0.259698  0.857030  0.276034  0.703636  0.297271  0.708680  0.206415  0.404004  0.414733  0.365988  0.565305  0.745559  0.771925 
2  0.782840  0.288475 0.0  0.555358  0.402752  0.273843  0.697540  0.389176  0.746611  0.736568  0.108053  0.306893  0.381450  0.763832  0.800423  0.393879  0.330383  0.414539  0.591690  0.730512  0.462245  0.222440  0.650129  0.325158  0.145445  0.202413  0.381913  0.439315  0.422046  0.397400  0.492749  0.340752  0.389991  0.753054  0.437689  0.275949  0.779606  0.289475  0.676539  0.125478  0.716838  0.631618  0.402218  0.287407  0.297738  0.628180  0.364291  0.320792  0.263679  0.766991  0.260230  0.683735  0.230488  0.550295  0.264255  0.267621  0.474350  0.333442  0.475544  0.668710  0.562061 
3  0.743356  0.469620  0.555358 0.0  0.656802  0.469608  0.478303  0.731431  0.591255  0.663206  0.513990  0.686618  0.675798  0.702689  0.532838  0.608311  0.731143  0.660548  0.638145  0.619213  0.254850  0.421534  0.596015  0.671872  0.455629  0.474787  0.352205  0.696698  0.461084  0.346943  0.216100  0.709875  0.691979  0.289346  0.633050  0.674152  0.755803  0.564155  0.546910  0.521517  0.621363  0.424856  0.730223  0.454611  0.634495  0.627547  0.657548  0.655371  0.494124  0.722899  0.495780  0.763144  0.674817  0.594434  0.491634  0.708860  0.718059  0.660810  0.357065  0.620743  0.578946 
4  0.539149  0.405779  0.402752  0.656802 0.0  0.382111  0.504316  0.133241  0.449825  0.568798  0.386509  0.155665  0.237429  0.471149  0.635312  0.208722  0.256010  0.163767  0.523349  0.504137  0.428330  0.247017  0.871483  0.075679  0.434360  0.317103  0.378324  0.127735  0.439302  0.501091  0.421200  0.147314  0.220272  0.518763  0.096857  0.241081  0.468781  0.295114  0.802319  0.276899  0.513217  0.799616  0.081822  0.270146  0.094579  0.341604  0.171361  0.095319  0.159990  0.510268  0.408433  0.507409  0.002590  0.873480  0.294122  0.097805  0.117594  0.277079  0.618922  0.555740  0.778746 
5  0.745283  0.292115  0.273843  0.469608  0.382111 0.0  0.713725  0.272206  0.713425  0.692906  0.299959  0.278871  0.203807  0.746810  0.781932  0.190379  0.309259  0.283644  0.608260  0.654313  0.272941  0.239627  0.641195  0.280575  0.180460  0.297939  0.354119  0.287533  0.426706  0.246100  0.326095  0.283143  0.224548  0.410478  0.288095  0.318348  0.538382  0.273195  0.705181  0.223481  0.621611  0.710004  0.431029  0.330778  0.279476  0.506419  0.194158  0.269208  0.321343  0.720315  0.218407  0.597467  0.294636  0.741344  0.229283  0.192824  0.210266  0.233913  0.543914  0.673419  0.609188 
6  0.005112  0.720476  0.697540  0.478303  0.504316  0.713725 0.0  0.362285  0.045098  0.000000  0.761472  0.482005  0.471506  0.080612  0.010457  0.499948  0.582766  0.553183  0.127703  0.209979  0.749746  0.603309  0.313737  0.482161  0.653912  0.668905  0.723105  0.453788  0.395900  0.813727  0.774921  0.497379  0.447831  0.521712  0.397812  0.421203  0.000000  0.702662  0.323488  0.726828  0.114175  0.349100  0.572541  0.789402  0.384539  0.245887  0.426529  0.484581  0.754180  0.042963  0.792259  0.063790  0.484078  0.416743  0.712097  0.457825  0.587339  0.553997  0.571042  0.009045  0.441107 
7  0.534271  0.403894  0.389176  0.731431  0.133241  0.272206  0.362285 0.0  0.560784  0.540825  0.357635  0.352851  0.202416  0.667369  0.651890  0.252861  0.042980  0.117012  0.634122  0.678922  0.256953  0.255242  0.741778  0.238015  0.266861  0.288733  0.518556  0.268681  0.470275  0.382062  0.278743  0.138970  0.215178  0.608977  0.261908  0.229789  0.620186  0.267135  0.685852  0.330810  0.696322  0.842317  0.230686  0.140946  0.089717  0.289875  0.288494  0.226417  0.333508  0.596239  0.231008  0.583004  0.208484  0.772819  0.213376  0.168582  0.131859  0.165220  0.694726  0.636831  0.653252 
8  0.207927  0.674215  0.746611  0.591255  0.449825  0.713425  0.045098  0.560784 0.0  0.188329  0.698843  0.576120  0.547231  0.254117  0.271255  0.631266  0.571958  0.516226  0.197041  0.085832  0.760947  0.661215  0.394558  0.689419  0.773785  0.831347  0.858306  0.670422  0.437595  0.773771  0.747412  0.618327  0.564374  0.524835  0.534918  0.638182  0.238311  0.736221  0.329854  0.697422  0.231924  0.412212  0.627745  0.758089  0.575563  0.436261  0.589960  0.550935  0.664281  0.163387  0.808008  0.249486  0.583339  0.184018  0.575530  0.617125  0.513009  0.563046  0.773835  0.217621  0.402751 
9  0.211739  0.773868  0.736568  0.663206  0.568798  0.692906  0.000000  0.540825  0.188329 0.0  0.785521  0.553800  0.617413  0.162047  0.325039  0.612212  0.735252  0.519899  0.216760  0.176488  0.691114  0.658024  0.354382  0.666226  0.704173  0.782965  0.859282  0.684184  0.462319  0.842793  0.622704  0.588954  0.579185  0.494923  0.630051  0.577874  0.160004  0.707470  0.258121  0.784578  0.143568  0.460360  0.545927  0.738374  0.649407  0.397625  0.605850  0.580009  0.677689  0.088481  0.791231  0.139550  0.612436  0.330215  0.654045  0.591843  0.583024  0.553122  0.704393  0.132234  0.394586 
10  0.814098  0.360319  0.108053  0.513990  0.386509  0.299959  0.761472  0.357635  0.698843  0.785521 0.0  0.354570  0.379119  0.761843  0.715480  0.270611  0.311991  0.319388  0.690975  0.712036  0.528494  0.300348  0.500133  0.406187  0.182834  0.179503  0.359269  0.267915  0.421024  0.401104  0.393175  0.296208  0.256713  0.690523  0.309331  0.384919  0.689585  0.325984  0.618475  0.136923  0.713250  0.733093  0.352394  0.215597  0.315972  0.537247  0.314885  0.309239  0.162805  0.695488  0.257360  0.619350  0.343501  0.523072  0.344749  0.396729  0.378542  0.399770  0.576128  0.820964  0.711550 
11  0.615665  0.395676  0.306893  0.686618  0.155665  0.278871  0.482005  0.352851  0.576120  0.553800  0.354570 0.0  0.260197  0.696837  0.638019  0.193616  0.203872  0.174057  0.564879  0.683909  0.373858  0.447959  0.679633  0.239282  0.302426  0.314453  0.431435  0.179449  0.521071  0.337253  0.244568  0.200436  0.201148  0.531869  0.258586  0.253323  0.514857  0.338408  0.659237  0.327824  0.627835  0.871117  0.215282  0.356393  0.123037  0.435388  0.211867  0.091940  0.191765  0.591652  0.287269  0.622803  0.120856  0.690557  0.273801  0.270464  0.110983  0.156500  0.724705  0.624556  0.544583 
12  0.604201  0.313165  0.381450  0.675798  0.237429  0.203807  0.471506  0.202416  0.547231  0.617413  0.379119  0.260197 0.0  0.579962  0.605715  0.241160  0.165223  0.213501  0.598159  0.564889  0.447973  0.210469  0.840183  0.172121  0.305558  0.312848  0.484466  0.114755  0.408169  0.327880  0.413338  0.203732  0.212910  0.550641  0.158478  0.220604  0.562483  0.222754  0.770318  0.240063  0.591341  0.890577  0.162744  0.221033  0.192975  0.416328  0.208625  0.230182  0.331112  0.645905  0.349264  0.539817  0.167897  0.798253  0.288715  0.147353  0.144106  0.215795  0.620204  0.587097  0.748668 
13  0.201383  0.657306  0.763832  0.702689  0.471149  0.746810  0.080612  0.667369  0.254117  0.162047  0.761843  0.696837  0.579962 0.0  0.180904  0.624989  0.603501  0.437627  0.109207  0.087408  0.614001  0.690642  0.311026  0.568267  0.690544  0.679363  0.873187  0.511894  0.569505  0.706135  0.835708  0.569278  0.583902  0.680706  0.589677  0.580791  0.181671  0.799924  0.388730  0.666565  0.119108  0.565710  0.715743  0.580086  0.553680  0.452117  0.626460  0.603484  0.706483  0.161476  0.778710  0.159762  0.614504  0.358819  0.562740  0.609017  0.381674  0.610860  0.673855  0.222559  0.333412 
14  0.210522  0.729107  0.800423  0.532838  0.635312  0.781932  0.010457  0.651890  0.271255  0.325039  0.715480  0.638019  0.605715  0.180904 0.0  0.517954  0.543081  0.666896  0.235423  0.234614  0.755259  0.619579  0.322895  0.580619  0.753028  0.708540  0.784356  0.599645  0.549949  0.831577  0.695074  0.673906  0.637748  0.591956  0.577434  0.612300  0.136073  0.723704  0.336177  0.746754  0.140523  0.537293  0.614133  0.671278  0.424365  0.449940  0.593746  0.601940  0.692943  0.100169  0.773799  0.094920  0.506083  0.291752  0.641184  0.676394  0.475633  0.575316  0.627474  0.176299  0.339198 
15  0.589431  0.349086  0.393879  0.608311  0.208722  0.190379  0.499948  0.252861  0.631266  0.612212  0.270611  0.193616  0.241160  0.624989  0.517954 0.0  0.172516  0.178517  0.594773  0.543245  0.257284  0.207535  0.768242  0.181366  0.425763  0.338304  0.373230  0.176856  0.434613  0.472287  0.325660  0.149013  0.150954  0.581557  0.169342  0.258931  0.582409  0.357782  0.777318  0.454919  0.468025  0.838225  0.191507  0.398946  0.129364  0.417025  0.179323  0.183286  0.303408  0.529195  0.228438  0.630525  0.128984  0.726197  0.200143  0.154556  0.100551  0.113881  0.740071  0.515600  0.736703 
16  0.591374  0.348057  0.330383  0.731143  0.256010  0.309259  0.582766  0.042980  0.571958  0.735252  0.311991  0.203872  0.165223  0.603501  0.543081  0.172516 0.0  0.184150  0.560579  0.557535  0.312888  0.260579  0.734739  0.160052  0.442968  0.275175  0.493000  0.089823  0.530032  0.382279  0.350603  0.248210  0.253641  0.568146  0.216388  0.186064  0.538634  0.344696  0.722338  0.226446  0.595391  0.749848  0.232841  0.295113  0.245778  0.431621  0.149690  0.225781  0.278801  0.654747  0.438717  0.471399  0.205162  0.754327  0.238777  0.260621  0.185768  0.118253  0.756270  0.542926  0.755400 
17  0.472782  0.400011  0.414539  0.660548  0.163767  0.283644  0.553183  0.117012  0.516226  0.519899  0.319388  0.174057  0.213501  0.437627  0.666896  0.178517  0.184150 0.0  0.650461  0.672412  0.357769  0.193230  0.753044  0.256607  0.372509  0.368909  0.463911  0.285396  0.475093  0.328474  0.371288  0.258890  0.318769  0.595890  0.132904  0.269051  0.584299  0.452205  0.701737  0.349546  0.597472  0.994244  0.254967  0.191466  0.137179  0.323158  0.223895  0.229441  0.368653  0.714969  0.399048  0.655384  0.209383  0.777539  0.227446  0.219256  0.149327  0.201727  0.610487  0.574437  0.629151 
18  0.169431  0.766376  0.591690  0.638145  0.523349  0.608260  0.127703  0.634122  0.197041  0.216760  0.690975  0.564879  0.598159  0.109207  0.235423  0.594773  0.560579  0.650461 0.0  0.254505  0.743034  0.610806  0.400377  0.621823  0.631224  0.663260  0.873426  0.742007  0.476453  0.886537  0.762623  0.559653  0.662197  0.452491  0.709443  0.596005  0.236987  0.725655  0.169630  0.856845  0.294712  0.570326  0.569820  0.620124  0.625547  0.327849  0.716831  0.605051  0.679372  0.228898  0.795825  0.178859  0.681222  0.315578  0.731768  0.628387  0.475217  0.665800  0.632235  0.297939  0.209402 
19  0.260824  0.730051  0.730512  0.619213  0.504137  0.654313  0.209979  0.678922  0.085832  0.176488  0.712036  0.683909  0.564889  0.087408  0.234614  0.543245  0.557535  0.672412  0.254505 0.0  0.789479  0.606042  0.341251  0.634570  0.685327  0.719078  0.937692  0.604718  0.504815  0.728254  0.719281  0.541586  0.718750  0.572960  0.634734  0.554604  0.253576  0.770526  0.314659  0.717149  0.174572  0.417082  0.574639  0.668288  0.564059  0.450411  0.547479  0.592093  0.702806  0.260082  0.714549  0.141208  0.531249  0.288652  0.690031  0.600830  0.547594  0.590601  0.586366  0.184187  0.404131 
20  0.758927  0.377929  0.462245  0.254850  0.428330  0.272941  0.749746  0.256953  0.760947  0.691114  0.528494  0.373858  0.447973  0.614001  0.755259  0.257284  0.312888  0.357769  0.743034  0.789479 0.0  0.373473  0.864415  0.226644  0.408357  0.497310  0.172977  0.341779  0.460289  0.098914  0.150834  0.263054  0.316726  0.327113  0.262358  0.337558  0.779390  0.402601  0.844161  0.473547  0.728165  0.416424  0.278721  0.257414  0.379096  0.536680  0.355430  0.377113  0.166719  0.689093  0.407993  0.753873  0.194094  0.884646  0.263301  0.293252  0.377607  0.311160  0.251011  0.702773  0.695608 
21  0.663196  0.262519  0.222440  0.421534  0.247017  0.239627  0.603309  0.255242  0.661215  0.658024  0.300348  0.447959  0.210469  0.690642  0.619579  0.207535  0.260579  0.193230  0.610806  0.606042  0.373473 0.0  0.725329  0.297278  0.358637  0.320710  0.305677  0.160403  0.393238  0.265273  0.230645  0.213312  0.210320  0.505372  0.304651  0.188724  0.515246  0.220148  0.720594  0.271754  0.711364  0.647397  0.239654  0.233076  0.259543  0.484228  0.276031  0.279154  0.196679  0.727441  0.122513  0.713627  0.312721  0.703509  0.226405  0.300286  0.329236  0.366020  0.437128  0.608396  0.623269 
22  0.295345  0.684246  0.650129  0.596015  0.871483  0.641195  0.313737  0.741778  0.394558  0.354382  0.500133  0.679633  0.840183  0.311026  0.322895  0.768242  0.734739  0.753044  0.400377  0.341251  0.864415  0.725329 0.0  0.809994  0.639895  0.560809  0.688050  0.748026  0.402479  0.889394  0.819358  0.832658  0.721542  0.710467  0.642209  0.801199  0.363969  0.744706  0.203437  0.571387  0.444496  0.380690  0.834990  0.754993  0.695463  0.520221  0.814952  0.706162  0.585754  0.333379  0.546251  0.354070  0.617709  0.329293  0.640528  0.757179  0.799621  0.684491  0.537794  0.335825  0.205860 
23  0.560598  0.360106  0.325158  0.671872  0.075679  0.280575  0.482161  0.238015  0.689419  0.666226  0.406187  0.239282  0.172121  0.568267  0.580619  0.181366  0.160052  0.256607  0.621823  0.634570  0.226644  0.297278  0.809994 0.0  0.415001  0.300966  0.439398  0.252973  0.405107  0.434126  0.361404  0.213223  0.286908  0.584985  0.101266  0.160382  0.617568  0.404190  0.724132  0.317141  0.591500  0.874534  0.284912  0.263668  0.259549  0.406184  0.256145  0.116932  0.199035  0.648843  0.288499  0.594817  0.204148  0.793990  0.355174  0.211419  0.163617  0.139290  0.674649  0.680593  0.740235 
24  0.799756  0.430779  0.145445  0.455629  0.434360  0.180460  0.653912  0.266861  0.773785  0.704173  0.182834  0.302426  0.305558  0.690544  0.753028  0.425763  0.442968  0.372509  0.631224  0.685327  0.408357  0.358637  0.639895  0.415001 0.0  0.239223  0.301693  0.328872  0.432097  0.405086  0.489427  0.339211  0.244169  0.686959  0.273131  0.384296  0.697644  0.307156  0.605599  0.140517  0.727957  0.635739  0.251114  0.372324  0.347282  0.593498  0.368125  0.261149  0.228597  0.760840  0.276095  0.742809  0.356641  0.628079  0.198370  0.350717  0.366079  0.274561  0.468788  0.635140  0.611011 
25  0.724677  0.418736  0.202413  0.474787  0.317103  0.297939  0.668905  0.288733  0.831347  0.782965  0.179503  0.314453  0.312848  0.679363  0.708540  0.338304  0.275175  0.368909  0.663260  0.719078  0.497310  0.320710  0.560809  0.300966  0.239223 0.0  0.287553  0.339897  0.421511  0.439484  0.488000  0.351522  0.297980  0.587552  0.333881  0.412200  0.697147  0.229268  0.535802  0.215590  0.734477  0.910794  0.393426  0.270365  0.354613  0.587646  0.293768  0.340482  0.253523  0.736687  0.135576  0.726310  0.273500  0.602272  0.139739  0.334369  0.340369  0.347231  0.426689  0.690194  0.629136 
26  0.953724  0.348092  0.381913  0.352205  0.378324  0.354119  0.723105  0.518556  0.858306  0.859282  0.359269  0.431435  0.484466  0.873187  0.784356  0.373230  0.493000  0.463911  0.873426  0.937692  0.172977  0.305677  0.688050  0.439398  0.301693  0.287553 0.0  0.416268  0.399523  0.177298  0.022545  0.427443  0.470871  0.274112  0.492338  0.528606  0.986991  0.319842  0.807003  0.360023  0.839222  0.515084  0.523665  0.263810  0.469477  0.659626  0.520052  0.381396  0.256288  0.965137  0.396265  0.775845  0.492804  0.722923  0.260033  0.485149  0.345817  0.395159  0.442304  0.748399  0.852550 
27  0.744248  0.355448  0.439315  0.696698  0.127735  0.287533  0.453788  0.268681  0.670422  0.684184  0.267915  0.179449  0.114755  0.511894  0.599645  0.176856  0.089823  0.285396  0.742007  0.604718  0.341779  0.160403  0.748026  0.252973  0.328872  0.339897  0.416268 0.0  0.376055  0.355851  0.340834  0.150490  0.284181  0.454316  0.196672  0.170035  0.645611  0.233799  0.728978  0.388019  0.619759  0.812073  0.283611  0.247410  0.225879  0.456423  0.165202  0.199950  0.237454  0.580413  0.342387  0.617512  0.215188  0.760532  0.352983  0.135408  0.129836  0.275265  0.639317  0.666242  0.758937 
28  0.526884  0.530621  0.422046  0.461084  0.439302  0.426706  0.395900  0.470275  0.437595  0.462319  0.421024  0.521071  0.408169  0.569505  0.549949  0.434613  0.530032  0.475093  0.476453  0.504815  0.460289  0.393238  0.402479  0.405107  0.432097  0.421511  0.399523  0.376055 0.0  0.449649  0.423713  0.511944  0.506901  0.432988  0.488120  0.363192  0.478198  0.467431  0.433778  0.415190  0.474015  0.448709  0.522589  0.508707  0.513509  0.569427  0.502088  0.447488  0.458293  0.482165  0.494295  0.497840  0.437007  0.528319  0.347263  0.491280  0.456990  0.402491  0.532716  0.538692  0.396634 
29  0.781613  0.353117  0.397400  0.346943  0.501091  0.246100  0.813727  0.382062  0.773771  0.842793  0.401104  0.337253  0.327880  0.706135  0.831577  0.472287  0.382279  0.328474  0.886537  0.728254  0.098914  0.265273  0.889394  0.434126  0.405086  0.439484  0.177298  0.355851  0.449649 0.0  0.179792  0.548707  0.353984  0.334989  0.320326  0.417088  0.822209  0.497251  0.892051  0.343887  0.802959  0.557678  0.249881  0.269190  0.357209  0.629790  0.470215  0.382146  0.398087  0.803825  0.399724  0.746304  0.410373  0.838696  0.246299  0.335670  0.467126  0.430889  0.249302  0.798120  0.775271 
30  0.729127  0.417581  0.492749  0.216100  0.421200  0.326095  0.774921  0.278743  0.747412  0.622704  0.393175  0.244568  0.413338  0.835708  0.695074  0.325660  0.350603  0.371288  0.762623  0.719281  0.150834  0.230645  0.819358  0.361404  0.489427  0.488000  0.022545  0.340834  0.423713  0.179792 0.0  0.287859  0.416795  0.447256  0.414024  0.378678  0.804664  0.298156  0.853653  0.460271  0.743521  0.421007  0.316985  0.254799  0.287610  0.501112  0.410647  0.304978  0.282207  0.788393  0.406500  0.830849  0.310757  0.960556  0.258877  0.201922  0.473225  0.412506  0.228932  0.705462  0.909267 
31  0.592118  0.252745  0.340752  0.709875  0.147314  0.283143  0.497379  0.138970  0.618327  0.588954  0.296208  0.200436  0.203732  0.569278  0.673906  0.149013  0.248210  0.258890  0.559653  0.541586  0.263054  0.213312  0.832658  0.213223  0.339211  0.351522  0.427443  0.150490  0.511944  0.548707  0.287859 0.0  0.170369  0.525543  0.243963  0.181513  0.668355  0.369596  0.745542  0.340278  0.600245  0.941020  0.211149  0.316329  0.191264  0.418324  0.085890  0.176299  0.201005  0.557063  0.274862  0.547164  0.124708  0.711534  0.165631  0.100482  0.075509  0.211344  0.664085  0.593898  0.795688 
32  0.532907  0.373382  0.389991  0.691979  0.220272  0.224548  0.447831  0.215178  0.564374  0.579185  0.256713  0.201148  0.212910  0.583902  0.637748  0.150954  0.253641  0.318769  0.662197  0.718750  0.316726  0.210320  0.721542  0.286908  0.244169  0.297980  0.470871  0.284181  0.506901  0.353984  0.416795  0.170369 0.0  0.505262  0.197203  0.177152  0.660214  0.363447  0.776513  0.326247  0.640567  1.000000  0.058960  0.261028  0.251415  0.458984  0.190947  0.240858  0.332483  0.541752  0.290560  0.700183  0.213511  0.707590  0.272673  0.223495  0.137063  0.274433  0.688976  0.614633  0.765724 
33  0.602696  0.487962  0.753054  0.289346  0.518763  0.410478  0.521712  0.608977  0.524835  0.494923  0.690523  0.531869  0.550641  0.680706  0.591956  0.581557  0.568146  0.595890  0.452491  0.572960  0.327113  0.505372  0.710467  0.584985  0.686959  0.587552  0.274112  0.454316  0.432988  0.334989  0.447256  0.525543  0.505262 0.0  0.643806  0.605965  0.453976  0.379700  0.630062  0.655550  0.563559  0.212469  0.482109  0.498869  0.487513  0.568502  0.615910  0.506132  0.609455  0.515350  0.693618  0.467866  0.535890  0.639619  0.474169  0.531838  0.539460  0.521687  0.316964  0.555677  0.485680 
34  0.596184  0.334946  0.437689  0.633050  0.096857  0.288095  0.397812  0.261908  0.534918  0.630051  0.309331  0.258586  0.158478  0.589677  0.577434  0.169342  0.216388  0.132904  0.709443  0.634734  0.262358  0.304651  0.642209  0.101266  0.273131  0.333881  0.492338  0.196672  0.488120  0.320326  0.414024  0.243963  0.197203  0.643806 0.0  0.251524  0.614259  0.492226  0.754847  0.349167  0.544337  0.858860  0.133826  0.244563  0.154055  0.340893  0.149437  0.300453  0.205887  0.617715  0.439296  0.607584  0.110185  0.801836  0.249926  0.214228  0.210131  0.185028  0.678436  0.552697  0.615525 
35  0.491187  0.356610  0.275949  0.674152  0.241081  0.318348  0.421203  0.229789  0.638182  0.577874  0.384919  0.253323  0.220604  0.580791  0.612300  0.258931  0.186064  0.269051  0.596005  0.554604  0.337558  0.188724  0.801199  0.160382  0.384296  0.412200  0.528606  0.170035  0.363192  0.417088  0.378678  0.181513  0.177152  0.605965  0.251524 0.0  0.560355  0.286132  0.651338  0.395515  0.738865  0.854003  0.169919  0.184840  0.145978  0.494196  0.192289  0.213669  0.259663  0.494109  0.368438  0.571840  0.122486  0.674602  0.214322  0.149010  0.092936  0.278073  0.553874  0.568756  0.704224 
36  0.115310  0.784242  0.779606  0.755803  0.468781  0.538382  0.000000  0.620186  0.238311  0.160004  0.689585  0.514857  0.562483  0.181671  0.136073  0.582409  0.538634  0.584299  0.236987  0.253576  0.779390  0.515246  0.363969  0.617568  0.697644  0.697147  0.986991  0.645611  0.478198  0.822209  0.804664  0.668355  0.660214  0.453976  0.614259  0.560355 0.0  0.779074  0.304284  0.693403  0.246969  0.449868  0.662208  0.701151  0.640824  0.366489  0.520202  0.518539  0.665571  0.225644  0.748410  0.219472  0.582652  0.394729  0.662368  0.661748  0.484021  0.597743  0.657973  0.216086  0.397607 
37  0.788125  0.066195  0.289475  0.564155  0.295114  0.273195  0.702662  0.267135  0.736221  0.707470  0.325984  0.338408  0.222754  0.799924  0.723704  0.357782  0.344696  0.452205  0.725655  0.770526  0.402601  0.220148  0.744706  0.404190  0.307156  0.229268  0.319842  0.233799  0.467431  0.497251  0.298156  0.369596  0.363447  0.379700  0.492226  0.286132  0.779074 0.0  0.779729  0.271380  0.795131  0.642473  0.410601  0.294534  0.347806  0.570146  0.316233  0.306542  0.315846  0.722684  0.371980  0.698993  0.418645  0.692466  0.353587  0.387064  0.409985  0.353562  0.607087  0.774590  0.789644 
38  0.211928  0.735653  0.676539  0.546910  0.802319  0.705181  0.323488  0.685852  0.329854  0.258121  0.618475  0.659237  0.770318  0.388730  0.336177  0.777318  0.722338  0.701737  0.169630  0.314659  0.844161  0.720594  0.203437  0.724132  0.605599  0.535802  0.807003  0.728978  0.433778  0.892051  0.853653  0.745542  0.776513  0.630062  0.754847  0.651338  0.304284  0.779729 0.0  0.556372  0.339383  0.320568  0.768526  0.640501  0.618432  0.468250  0.826466  0.798215  0.669848  0.376316  0.602066  0.409529  0.774078  0.121377  0.695524  0.735926  0.925461  0.719414  0.651545  0.310283  0.194976 
39  0.671549  0.374618  0.125478  0.521517  0.276899  0.223481  0.726828  0.330810  0.697422  0.784578  0.136923  0.327824  0.240063  0.666565  0.746754  0.454919  0.226446  0.349546  0.856845  0.717149  0.473547  0.271754  0.571387  0.317141  0.140517  0.215590  0.360023  0.388019  0.415190  0.343887  0.460271  0.340278  0.326247  0.655550  0.349167  0.395515  0.693403  0.271380  0.556372 0.0  0.778230  0.743929  0.425802  0.159606  0.343540  0.520445  0.325233  0.328623  0.225290  0.747808  0.138311  0.808397  0.357453  0.606180  0.193952  0.291561  0.375676  0.270443  0.513106  0.719102  0.541478 
40  0.210559  0.698247  0.716838  0.621363  0.513217  0.621611  0.114175  0.696322  0.231924  0.143568  0.713250  0.627835  0.591341  0.119108  0.140523  0.468025  0.595391  0.597472  0.294712  0.174572  0.728165  0.711364  0.444496  0.591500  0.727957  0.734477  0.839222  0.619759  0.474015  0.802959  0.743521  0.600245  0.640567  0.563559  0.544337  0.738865  0.246969  0.795131  0.339383  0.778230 0.0  0.442386  0.579169  0.656932  0.634245  0.403603  0.636165  0.727331  0.581173  0.229552  0.740842  0.254478  0.612803  0.262489  0.614673  0.563879  0.470014  0.593826  0.732229  0.190978  0.243759 
41  0.471102  0.800896  0.631618  0.424856  0.799616  0.710004  0.349100  0.842317  0.412212  0.460360  0.733093  0.871117  0.890577  0.565710  0.537293  0.838225  0.749848  0.994244  0.570326  0.417082  0.416424  0.647397  0.380690  0.874534  0.635739  0.910794  0.515084  0.812073  0.448709  0.557678  0.421007  0.941020  1.000000  0.212469  0.858860  0.854003  0.449868  0.642473  0.320568  0.743929  0.442386 0.0  0.867946  0.670989  0.803918  0.632469  0.863481  0.810978  0.716694  0.490895  0.773037  0.397329  0.886953  0.390233  0.589668  0.833528  0.851896  0.852559  0.387006  0.448379  0.378547 
42  0.611894  0.346691  0.402218  0.730223  0.081822  0.431029  0.572541  0.230686  0.627745  0.545927  0.352394  0.215282  0.162744  0.715743  0.614133  0.191507  0.232841  0.254967  0.569820  0.574639  0.278721  0.239654  0.834990  0.284912  0.251114  0.393426  0.523665  0.283611  0.522589  0.249881  0.316985  0.211149  0.058960  0.482109  0.133826  0.169919  0.662208  0.410601  0.768526  0.425802  0.579169  0.867946 0.0  0.267153  0.132096  0.320701  0.189332  0.146092  0.302194  0.580772  0.310245  0.617337  0.289310  0.755326  0.281011  0.232826  0.142030  0.136605  0.585760  0.545127  0.735350 
43  0.713243  0.290284  0.287407  0.454611  0.270146  0.330778  0.789402  0.140946  0.758089  0.738374  0.215597  0.356393  0.221033  0.580086  0.671278  0.398946  0.295113  0.191466  0.620124  0.668288  0.257414  0.233076  0.754993  0.263668  0.372324  0.270365  0.263810  0.247410  0.508707  0.269190  0.254799  0.316329  0.261028  0.498869  0.244563  0.184840  0.701151  0.294534  0.640501  0.159606  0.656932  0.670989  0.267153 0.0  0.260407  0.432312  0.269985  0.390699  0.218376  0.621436  0.282088  0.668111  0.178914  0.645510  0.292400  0.349397  0.228400  0.290207  0.468616  0.687398  0.695562 
44  0.502726  0.229936  0.297738  0.634495  0.094579  0.279476  0.384539  0.089717  0.575563  0.649407  0.315972  0.123037  0.192975  0.553680  0.424365  0.129364  0.245778  0.137179  0.625547  0.564059  0.379096  0.259543  0.695463  0.259549  0.347282  0.354613  0.469477  0.225879  0.513509  0.357209  0.287610  0.191264  0.251415  0.487513  0.154055  0.145978  0.640824  0.347806  0.618432  0.343540  0.634245  0.803918  0.132096  0.260407 0.0  0.377458  0.276308  0.249135  0.261669  0.572671  0.285273  0.620794  0.224509  0.705174  0.279908  0.113811  0.104353  0.218633  0.663570  0.470044  0.766329 
45  0.437061  0.543355  0.628180  0.627547  0.341604  0.506419  0.245887  0.289875  0.436261  0.397625  0.537247  0.435388  0.416328  0.452117  0.449940  0.417025  0.431621  0.323158  0.327849  0.450411  0.536680  0.484228  0.520221  0.406184  0.593498  0.587646  0.659626  0.456423  0.569427  0.629790  0.501112  0.418324  0.458984  0.568502  0.340893  0.494196  0.366489  0.570146  0.468250  0.520445  0.403603  0.632469  0.320701  0.432312  0.377458 0.0  0.320549  0.314880  0.535505  0.310684  0.486423  0.386065  0.297992  0.527360  0.405820  0.368956  0.285382  0.473704  0.682014  0.448257  0.479098 
46  0.640387  0.307192  0.364291  0.657548  0.171361  0.194158  0.426529  0.288494  0.589960  0.605850  0.314885  0.211867  0.208625  0.626460  0.593746  0.179323  0.149690  0.223895  0.716831  0.547479  0.355430  0.276031  0.814952  0.256145  0.368125  0.293768  0.520052  0.165202  0.502088  0.470215  0.410647  0.085890  0.190947  0.615910  0.149437  0.192289  0.520202  0.316233  0.826466  0.325233  0.636165  0.863481  0.189332  0.269985  0.276308  0.320549 0.0  0.217955  0.279482  0.693372  0.292062  0.661660  0.216664  0.707888  0.190789  0.223093  0.102852  0.155695  0.692864  0.545836  0.744616 
47  0.544224  0.339808  0.320792  0.655371  0.095319  0.269208  0.484581  0.226417  0.550935  0.580009  0.309239  0.091940  0.230182  0.603484  0.601940  0.183286  0.225781  0.229441  0.605051  0.592093  0.377113  0.279154  0.706162  0.116932  0.261149  0.340482  0.381396  0.199950  0.447488  0.382146  0.304978  0.176299  0.240858  0.506132  0.300453  0.213669  0.518539  0.306542  0.798215  0.328623  0.727331  0.810978  0.146092  0.390699  0.249135  0.314880  0.217955 0.0  0.143595  0.483245  0.395655  0.668196  0.134593  0.741609  0.275130  0.173807  0.071833  0.178914  0.652426  0.575342  0.730198 
48  0.677275  0.259698  0.263679  0.494124  0.159990  0.321343  0.754180  0.333508  0.664281  0.677689  0.162805  0.191765  0.331112  0.706483  0.692943  0.303408  0.278801  0.368653  0.679372  0.702806  0.166719  0.196679  0.585754  0.199035  0.228597  0.253523  0.256288  0.237454  0.458293  0.398087  0.282207  0.201005  0.332483  0.609455  0.205887  0.259663  0.665571  0.315846  0.669848  0.225290  0.581173  0.716694  0.302194  0.218376  0.261669  0.535505  0.279482  0.143595 0.0  0.664406  0.347576  0.724436  0.248497  0.715172  0.316696  0.163606  0.197060  0.324627  0.497188  0.685408  0.679288 
49  0.131190  0.857030  0.766991  0.722899  0.510268  0.720315  0.042963  0.596239  0.163387  0.088481  0.695488  0.591652  0.645905  0.161476  0.100169  0.529195  0.654747  0.714969  0.228898  0.260082  0.689093  0.727441  0.333379  0.648843  0.760840  0.736687  0.965137  0.580413  0.482165  0.803825  0.788393  0.557063  0.541752  0.515350  0.617715  0.494109  0.225644  0.722684  0.376316  0.747808  0.229552  0.490895  0.580772  0.621436  0.572671  0.310684  0.693372  0.483245  0.664406 0.0  0.743838  0.100693  0.643567  0.386442  0.651881  0.724827  0.537488  0.558255  0.602342  0.101037  0.327356 
50  0.813040  0.276034  0.260230  0.495780  0.408433  0.218407  0.792259  0.231008  0.808008  0.791231  0.257360  0.287269  0.349264  0.778710  0.773799  0.228438  0.438717  0.399048  0.795825  0.714549  0.407993  0.122513  0.546251  0.288499  0.276095  0.135576  0.396265  0.342387  0.494295  0.399724  0.406500  0.274862  0.290560  0.693618  0.439296  0.368438  0.748410  0.371980  0.602066  0.138311  0.740842  0.773037  0.310245  0.282088  0.285273  0.486423  0.292062  0.395655  0.347576  0.743838 0.0  0.672224  0.424567  0.607293  0.186776  0.229434  0.453413  0.346751  0.515179  0.764889  0.607820 
51  0.274168  0.703636  0.683735  0.763144  0.507409  0.597467  0.063790  0.583004  0.249486  0.139550  0.619350  0.622803  0.539817  0.159762  0.094920  0.630525  0.471399  0.655384  0.178859  0.141208  0.753873  0.713627  0.354070  0.594817  0.742809  0.726310  0.775845  0.617512  0.497840  0.746304  0.830849  0.547164  0.700183  0.467866  0.607584  0.571840  0.219472  0.698993  0.409529  0.808397  0.254478  0.397329  0.617337  0.668111  0.620794  0.386065  0.661660  0.668196  0.724436  0.100693  0.672224 0.0  0.662375  0.299344  0.657588  0.781219  0.492870  0.610798  0.719486  0.154400  0.277846 
52  0.548733  0.297271  0.230488  0.674817  0.002590  0.294636  0.484078  0.208484  0.583339  0.612436  0.343501  0.120856  0.167897  0.614504  0.506083  0.128984  0.205162  0.209383  0.681222  0.531249  0.194094  0.312721  0.617709  0.204148  0.356641  0.273500  0.492804  0.215188  0.437007  0.410373  0.310757  0.124708  0.213511  0.535890  0.110185  0.122486  0.582652  0.418645  0.774078  0.357453  0.612803  0.886953  0.289310  0.178914  0.224509  0.297992  0.216664  0.134593  0.248497  0.643567  0.424567  0.662375 0.0  0.801651  0.296048  0.159215  0.104450  0.165375  0.591793  0.743891  0.755280 
53  0.416403  0.708680  0.550295  0.594434  0.873480  0.741344  0.416743  0.772819  0.184018  0.330215  0.523072  0.690557  0.798253  0.358819  0.291752  0.726197  0.754327  0.777539  0.315578  0.288652  0.884646  0.703509  0.329293  0.793990  0.628079  0.602272  0.722923  0.760532  0.528319  0.838696  0.960556  0.711534  0.707590  0.639619  0.801836  0.674602  0.394729  0.692466  0.121377  0.606180  0.262489  0.390233  0.755326  0.645510  0.705174  0.527360  0.707888  0.741609  0.715172  0.386442  0.607293  0.299344  0.801651 0.0  0.680523  0.671737  0.595590  0.783071  0.594823  0.295951  0.190442 
54  0.672194  0.206415  0.264255  0.491634  0.294122  0.229283  0.712097  0.213376  0.575530  0.654045  0.344749  0.273801  0.288715  0.562740  0.641184  0.200143  0.238777  0.227446  0.731768  0.690031  0.263301  0.226405  0.640528  0.355174  0.198370  0.139739  0.260033  0.352983  0.347263  0.246299  0.258877  0.165631  0.272673  0.474169  0.249926  0.214322  0.662368  0.353587  0.695524  0.193952  0.614673  0.589668  0.281011  0.292400  0.279908  0.405820  0.190789  0.275130  0.316696  0.651881  0.186776  0.657588  0.296048  0.680523 0.0  0.252908  0.318192  0.248641  0.418229  0.571041  0.754235 
55  0.473832  0.404004  0.267621  0.708860  0.097805  0.192824  0.457825  0.168582  0.617125  0.591843  0.396729  0.270464  0.147353  0.609017  0.676394  0.154556  0.260621  0.219256  0.628387  0.600830  0.293252  0.300286  0.757179  0.211419  0.350717  0.334369  0.485149  0.135408  0.491280  0.335670  0.201922  0.100482  0.223495  0.531838  0.214228  0.149010  0.661748  0.387064  0.735926  0.291561  0.563879  0.833528  0.232826  0.349397  0.113811  0.368956  0.223093  0.173807  0.163606  0.724827  0.229434  0.781219  0.159215  0.671737  0.252908 0.0  0.079643  0.165082  0.628420  0.477872  0.747121 
56  0.580429  0.414733  0.474350  0.718059  0.117594  0.210266  0.587339  0.131859  0.513009  0.583024  0.378542  0.110983  0.144106  0.381674  0.475633  0.100551  0.185768  0.149327  0.475217  0.547594  0.377607  0.329236  0.799621  0.163617  0.366079  0.340369  0.345817  0.129836  0.456990  0.467126  0.473225  0.075509  0.137063  0.539460  0.210131  0.092936  0.484021  0.409985  0.925461  0.375676  0.470014  0.851896  0.142030  0.228400  0.104353  0.285382  0.102852  0.071833  0.197060  0.537488  0.453413  0.492870  0.104450  0.595590  0.318192  0.079643 0.0  0.005475  0.642779  0.506026  0.869123 
57  0.509613  0.365988  0.333442  0.660810  0.277079  0.233913  0.553997  0.165220  0.563046  0.553122  0.399770  0.156500  0.215795  0.610860  0.575316  0.113881  0.118253  0.201727  0.665800  0.590601  0.311160  0.366020  0.684491  0.139290  0.274561  0.347231  0.395159  0.275265  0.402491  0.430889  0.412506  0.211344  0.274433  0.521687  0.185028  0.278073  0.597743  0.353562  0.719414  0.270443  0.593826  0.852559  0.136605  0.290207  0.218633  0.473704  0.155695  0.178914  0.324627  0.558255  0.346751  0.610798  0.165375  0.783071  0.248641  0.165082  0.005475 0.0  0.613845  0.649025  0.704151 
58  0.651337  0.565305  0.475544  0.357065  0.618922  0.543914  0.571042  0.694726  0.773835  0.704393  0.576128  0.724705  0.620204  0.673855  0.627474  0.740071  0.756270  0.610487  0.632235  0.586366  0.251011  0.437128  0.537794  0.674649  0.468788  0.426689  0.442304  0.639317  0.532716  0.249302  0.228932  0.664085  0.688976  0.316964  0.678436  0.553874  0.657973  0.607087  0.651545  0.513106  0.732229  0.387006  0.585760  0.468616  0.663570  0.682014  0.692864  0.652426  0.497188  0.602342  0.515179  0.719486  0.591793  0.594823  0.418229  0.628420  0.642779  0.613845 0.0  0.658982  0.469828 
59  0.202414  0.745559  0.668710  0.620743  0.555740  0.673419  0.009045  0.636831  0.217621  0.132234  0.820964  0.624556  0.587097  0.222559  0.176299  0.515600  0.542926  0.574437  0.297939  0.184187  0.702773  0.608396  0.335825  0.680593  0.635140  0.690194  0.748399  0.666242  0.538692  0.798120  0.705462  0.593898  0.614633  0.555677  0.552697  0.568756  0.216086  0.774590  0.310283  0.719102  0.190978  0.448379  0.545127  0.687398  0.470044  0.448257  0.545836  0.575342  0.685408  0.101037  0.764889  0.154400  0.743891  0.295951  0.571041  0.477872  0.506026  0.649025  0.658982 0.0  0.369683 
60  0.356045  0.771925  0.562061  0.578946  0.778746  0.609188  0.441107  0.653252  0.402751  0.394586  0.711550  0.544583  0.748668  0.333412  0.339198  0.736703  0.755400  0.629151  0.209402  0.404131  0.695608  0.623269  0.205860  0.740235  0.611011  0.629136  0.852550  0.758937  0.396634  0.775271  0.909267  0.795688  0.765724  0.485680  0.615525  0.704224  0.397607  0.789644  0.194976  0.541478  0.243759  0.378547  0.735350  0.695562  0.766329  0.479098  0.744616  0.730198  0.679288  0.327356  0.607820  0.277846  0.755280  0.190442  0.754235  0.747121  0.869123  0.704151  0.469828  0.369683 0.0 
