61
0 0.0  0.712675  0.663525  0.643128  0.512831  0.747494  0.049038  0.565057  0.205356  0.118619  0.704214  0.604665  0.682688  0.244744  0.240618  0.632062  0.584700  0.650365  0.137078  0.229134  0.765803  0.614328  0.306113  0.603320  0.776440  0.670923  0.977696  0.574611  0.412772  0.786834  0.872376  0.616254  0.615367  0.525876  0.578853  0.528868  0.135920  0.634812  0.245761  0.694605  0.140029  0.491781  0.631022  0.617137  0.496400  0.327352  0.636460  0.593230  0.636864  0.129454  0.703151  0.268793  0.550091  0.309273  0.573849  0.631848  0.503746  0.767593  0.746080  0.120443  0.411658 
1  0.712675 0.0  0.352076  0.619550  0.413892  0.248810  0.778089  0.419313  0.735781  0.770689  0.440904  0.351845  0.316984  0.717741  0.680703  0.315953  0.298519  0.297223  0.743138  0.742599  0.317448  0.322655  0.749378  0.335931  0.307132  0.327535  0.338287  0.340210  0.437240  0.410577  0.326670  0.406264  0.297554  0.489991  0.351368  0.347854  0.677832  0.030204  0.770377  0.303502  0.746697  0.743756  0.367004  0.278204  0.332399  0.522006  0.299176  0.236989  0.266302  0.736792  0.374108  0.795509  0.272220  0.660376  0.224057  0.309003  0.392264  0.233908  0.554413  0.563801  0.657361 
2  0.663525  0.352076 0.0  0.609797  0.406319  0.275158  0.796020  0.277211  0.778685  0.668499  0.268460  0.300194  0.312410  0.716050  0.754524  0.309171  0.295790  0.279517  0.748711  0.701973  0.380093  0.327841  0.703898  0.260551  0.318172  0.240199  0.372002  0.316242  0.471031  0.381154  0.480652  0.426069  0.339899  0.724057  0.264293  0.303791  0.626753  0.337114  0.564962  0.167005  0.715354  0.768533  0.334719  0.327417  0.334955  0.653217  0.400927  0.357397  0.305493  0.684002  0.160444  0.698414  0.366871  0.631123  0.260692  0.318171  0.393249  0.373516  0.568689  0.783411  0.668601 
3  0.643128  0.619550  0.609797 0.0  0.632596  0.390469  0.520284  0.528341  0.721015  0.674146  0.568070  0.653292  0.733702  0.715040  0.611206  0.611162  0.680589  0.607979  0.660657  0.660461  0.278637  0.480774  0.517911  0.722803  0.538251  0.552653  0.413516  0.595769  0.444225  0.356018  0.323511  0.767588  0.724347  0.248081  0.593830  0.756281  0.699827  0.592971  0.589810  0.507522  0.701700  0.393169  0.662298  0.451507  0.666223  0.620084  0.666359  0.563121  0.424286  0.754942  0.544305  0.715864  0.813399  0.498487  0.490636  0.687237  0.451971  0.708510  0.360548  0.544967  0.485882 
4  0.512831  0.413892  0.406319  0.632596 0.0  0.228728  0.446021  0.071576  0.449787  0.575027  0.316529  0.181234  0.088931  0.494552  0.442845  0.121687  0.179438  0.192952  0.557416  0.553669  0.407475  0.263907  0.693802  0.007433  0.441875  0.443267  0.333256  0.128516  0.424024  0.476543  0.397949  0.162910  0.057232  0.543949  0.070663  0.193659  0.610203  0.337848  0.877582  0.321988  0.585001  0.878771  0.199762  0.249810  0.104557  0.337598  0.064148  0.184586  0.274807  0.609285  0.433373  0.572235  0.269540  0.734011  0.321407  0.136199  0.062609  0.159155  0.571907  0.478596  0.833750 
5  0.747494  0.248810  0.275158  0.390469  0.228728 0.0  0.645132  0.301267  0.755588  0.651273  0.300751  0.244703  0.191393  0.677879  0.718226  0.319920  0.296022  0.262764  0.605978  0.758962  0.281267  0.271702  0.645052  0.295875  0.153653  0.344110  0.303129  0.171941  0.457721  0.238300  0.266722  0.271982  0.312478  0.503271  0.232398  0.244852  0.576601  0.256873  0.633952  0.282430  0.605585  0.781957  0.270677  0.231380  0.250540  0.499230  0.254158  0.269693  0.334463  0.623078  0.221340  0.782260  0.323472  0.635940  0.276274  0.303496  0.273522  0.216133  0.443603  0.693338  0.615164 
6  0.049038  0.778089  0.796020  0.520284  0.446021  0.645132 0.0  0.433801  0.147240  0.174939  0.781483  0.439112  0.450497  0.000000  0.121106  0.542494  0.382000  0.433245  0.013880  0.072983  0.756499  0.623291  0.347026  0.425364  0.828902  0.685706  0.794448  0.413448  0.468572  0.788872  0.772483  0.326601  0.570331  0.484540  0.396638  0.464938  0.000000  0.752592  0.366099  0.773360  0.030123  0.278560  0.600234  0.656034  0.504725  0.193679  0.540505  0.526982  0.602588  0.138351  0.712455  0.138780  0.429641  0.353440  0.679454  0.499455  0.541908  0.364455  0.446433  0.084719  0.341561 
7  0.565057  0.419313  0.277211  0.528341  0.071576  0.301267  0.433801 0.0  0.604026  0.662240  0.387762  0.284505  0.199060  0.717701  0.617466  0.222260  0.122685  0.217058  0.538316  0.611520  0.332339  0.299436  0.688890  0.111814  0.351112  0.250487  0.516677  0.207276  0.472341  0.454007  0.343021  0.109130  0.204513  0.544468  0.222916  0.290286  0.681455  0.276566  0.763973  0.390751  0.593185  0.875927  0.089768  0.423055  0.387167  0.351368  0.208455  0.298128  0.321808  0.541181  0.296136  0.611853  0.190966  0.681084  0.202326  0.258726  0.215032  0.151140  0.776427  0.643929  0.680951 
8  0.205356  0.735781  0.778685  0.721015  0.449787  0.755588  0.147240  0.604026 0.0  0.185101  0.861584  0.650983  0.700685  0.195615  0.172667  0.646856  0.680084  0.706848  0.275396  0.196290  0.671461  0.717365  0.514312  0.491263  0.713223  0.768228  0.882317  0.583100  0.616974  0.754166  0.702103  0.585005  0.622876  0.526853  0.635294  0.539060  0.232457  0.794896  0.312795  0.790438  0.163249  0.401014  0.614940  0.561105  0.611909  0.374746  0.595425  0.687553  0.783747  0.148009  0.762370  0.245026  0.593898  0.271532  0.608408  0.667611  0.520532  0.496142  0.748998  0.201894  0.407763 
9  0.118619  0.770689  0.668499  0.674146  0.575027  0.651273  0.174939  0.662240  0.185101 0.0  0.813667  0.632929  0.654146  0.197199  0.170657  0.592654  0.650356  0.617521  0.319197  0.167643  0.726700  0.792619  0.316951  0.648668  0.748154  0.715323  0.931740  0.652725  0.544744  0.749815  0.753371  0.620871  0.531714  0.505111  0.681507  0.598766  0.180833  0.669825  0.408529  0.692616  0.311544  0.421490  0.565055  0.679478  0.598839  0.491938  0.700779  0.578943  0.600404  0.189363  0.795206  0.226407  0.578285  0.314897  0.684292  0.599936  0.512460  0.684089  0.611341  0.037190  0.351351 
10  0.704214  0.440904  0.268460  0.568070  0.316529  0.300751  0.781483  0.387762  0.861584  0.813667 0.0  0.266566  0.249753  0.718057  0.805754  0.258032  0.393690  0.343090  0.772896  0.782935  0.458852  0.251704  0.643507  0.342544  0.291008  0.085698  0.326192  0.338978  0.520274  0.416680  0.561362  0.226735  0.332354  0.632520  0.353829  0.480806  0.823936  0.294515  0.632870  0.208303  0.836892  0.763251  0.357422  0.154903  0.268631  0.575857  0.383961  0.239721  0.276378  0.700080  0.301702  0.780992  0.379049  0.485188  0.275816  0.254220  0.477757  0.310690  0.636360  0.782378  0.571074 
11  0.604665  0.351845  0.300194  0.653292  0.181234  0.244703  0.439112  0.284505  0.650983  0.632929  0.266566 0.0  0.157691  0.531627  0.624026  0.174486  0.140960  0.203061  0.712527  0.639602  0.365674  0.255514  0.786344  0.180344  0.407703  0.413826  0.391055  0.164085  0.529198  0.415778  0.348039  0.113956  0.188219  0.557627  0.192404  0.234067  0.691033  0.351172  0.840805  0.328826  0.655523  0.981110  0.148387  0.303468  0.202806  0.443593  0.274745  0.298778  0.154070  0.691077  0.343711  0.670093  0.198039  0.692158  0.190774  0.138850  0.206799  0.250937  0.629386  0.681516  0.780505 
12  0.682688  0.316984  0.312410  0.733702  0.088931  0.191393  0.450497  0.199060  0.700685  0.654146  0.249753  0.157691 0.0  0.639320  0.697872  0.250291  0.260875  0.200849  0.642148  0.624836  0.347927  0.330021  0.803133  0.269982  0.309575  0.321561  0.439525  0.139882  0.380637  0.390882  0.404928  0.251419  0.190124  0.557100  0.333933  0.176822  0.591489  0.233509  0.699655  0.286082  0.564459  0.840905  0.248127  0.188075  0.182116  0.427438  0.268905  0.180098  0.260265  0.570623  0.315384  0.648218  0.124307  0.792278  0.197818  0.293461  0.109567  0.223608  0.687070  0.642922  0.568168 
13  0.244744  0.717741  0.716050  0.715040  0.494552  0.677879  0.000000  0.717701  0.195615  0.197199  0.718057  0.531627  0.639320 0.0  0.224878  0.615985  0.503815  0.648873  0.268123  0.190584  0.727689  0.688735  0.156934  0.610619  0.726417  0.684114  0.900331  0.573770  0.405699  0.874559  0.813401  0.618413  0.504418  0.673626  0.574996  0.680122  0.204022  0.809342  0.310447  0.771892  0.251740  0.451634  0.572071  0.639425  0.637350  0.455253  0.671132  0.551294  0.727003  0.150151  0.706718  0.151049  0.571286  0.455604  0.612657  0.506127  0.572630  0.565474  0.660904  0.151268  0.451001 
14  0.240618  0.680703  0.754524  0.611206  0.442845  0.718226  0.121106  0.617466  0.172667  0.170657  0.805754  0.624026  0.697872  0.224878 0.0  0.558250  0.652844  0.730636  0.236161  0.191821  0.680992  0.682836  0.110242  0.505395  0.837483  0.746715  0.950259  0.675290  0.398366  0.832280  0.701697  0.628236  0.595871  0.569679  0.597288  0.585628  0.102906  0.810586  0.280370  0.781474  0.171036  0.450119  0.549431  0.633587  0.604430  0.441320  0.630791  0.521013  0.688247  0.114535  0.754133  0.196646  0.642557  0.305351  0.741892  0.526412  0.704550  0.603627  0.715104  0.147779  0.252024 
15  0.632062  0.315953  0.309171  0.611162  0.121687  0.319920  0.542494  0.222260  0.646856  0.592654  0.258032  0.174486  0.250291  0.615985  0.558250 0.0  0.168531  0.160031  0.694141  0.593925  0.393883  0.335614  0.740390  0.224621  0.453118  0.272785  0.421932  0.143628  0.377743  0.453778  0.309171  0.164647  0.186623  0.612272  0.152151  0.162139  0.630210  0.334851  0.637402  0.493477  0.543851  0.912038  0.201424  0.210423  0.218636  0.404902  0.266879  0.116007  0.283203  0.776739  0.384338  0.574227  0.261943  0.738915  0.319160  0.150636  0.144374  0.280585  0.598510  0.597277  0.684944 
16  0.584700  0.298519  0.295790  0.680589  0.179438  0.296022  0.382000  0.122685  0.680084  0.650356  0.393690  0.140960  0.260875  0.503815  0.652844  0.168531 0.0  0.148405  0.618801  0.675664  0.337189  0.197328  0.745728  0.149067  0.356616  0.252538  0.394375  0.156342  0.476908  0.360483  0.375132  0.277085  0.171282  0.485595  0.201641  0.200547  0.611833  0.304531  0.788029  0.305505  0.575466  0.895751  0.200719  0.336910  0.241452  0.370187  0.148479  0.142883  0.310919  0.559982  0.259205  0.575234  0.101122  0.698243  0.415661  0.117429  0.186721  0.351514  0.723997  0.578416  0.728434 
17  0.650365  0.297223  0.279517  0.607979  0.192952  0.262764  0.433245  0.217058  0.706848  0.617521  0.343090  0.203061  0.200849  0.648873  0.730636  0.160031  0.148405 0.0  0.677982  0.624502  0.425508  0.325975  0.836011  0.274413  0.281080  0.367021  0.350126  0.206560  0.458754  0.331741  0.269585  0.095868  0.155523  0.587773  0.222433  0.074465  0.623930  0.338740  0.754874  0.259207  0.627822  0.853805  0.204031  0.307573  0.290633  0.484914  0.116808  0.235968  0.255453  0.622075  0.315551  0.641659  0.094211  0.796379  0.227453  0.121444  0.123380  0.253957  0.709111  0.689967  0.738592 
18  0.137078  0.743138  0.748711  0.660657  0.557416  0.605978  0.013880  0.538316  0.275396  0.319197  0.772896  0.712527  0.642148  0.268123  0.236161  0.694141  0.618801  0.677982 0.0  0.195234  0.808389  0.636820  0.271467  0.626461  0.824731  0.736350  0.958745  0.603437  0.493267  0.876283  0.866235  0.575698  0.691530  0.535043  0.653849  0.647534  0.226067  0.632233  0.240733  0.658307  0.127419  0.535542  0.573517  0.667185  0.596300  0.353518  0.551031  0.546279  0.716366  0.138982  0.731789  0.331165  0.510665  0.383670  0.608954  0.498300  0.481522  0.567007  0.558375  0.226165  0.348603 
19  0.229134  0.742599  0.701973  0.660461  0.553669  0.758962  0.072983  0.611520  0.196290  0.167643  0.782935  0.639602  0.624836  0.190584  0.191821  0.593925  0.675664  0.624502  0.195234 0.0  0.730278  0.792187  0.346538  0.571820  0.756211  0.624424  0.986226  0.649614  0.463708  0.750989  0.837485  0.544554  0.579996  0.414978  0.630960  0.643137  0.185524  0.719749  0.440485  0.781321  0.191703  0.425035  0.583085  0.650953  0.636484  0.472680  0.635178  0.551155  0.679172  0.121177  0.710896  0.269180  0.489467  0.381495  0.700425  0.717505  0.647555  0.643683  0.612266  0.161163  0.348896 
20  0.765803  0.317448  0.380093  0.278637  0.407475  0.281267  0.756499  0.332339  0.671461  0.726700  0.458852  0.365674  0.347927  0.727689  0.680992  0.393883  0.337189  0.425508  0.808389  0.730278 0.0  0.256388  0.930126  0.263334  0.594532  0.449575  0.010596  0.331288  0.537944  0.114507  0.230589  0.355418  0.322363  0.440807  0.330082  0.322849  0.774220  0.461504  1.000000  0.550371  0.825126  0.413338  0.326647  0.383063  0.341353  0.701766  0.271995  0.349617  0.250154  0.769663  0.467599  0.724446  0.318481  0.858493  0.220811  0.234731  0.434171  0.277808  0.363213  0.825141  0.848119 
21  0.614328  0.322655  0.327841  0.480774  0.263907  0.271702  0.623291  0.299436  0.717365  0.792619  0.251704  0.255514  0.330021  0.688735  0.682836  0.335614  0.197328  0.325975  0.636820  0.792187  0.256388 0.0  0.634337  0.340696  0.205800  0.144995  0.229388  0.312664  0.449929  0.267681  0.298949  0.151366  0.371230  0.459339  0.253911  0.287154  0.658400  0.141083  0.639343  0.247606  0.718057  0.638678  0.238321  0.207642  0.154726  0.425874  0.265527  0.264877  0.286213  0.699053  0.270199  0.678537  0.392524  0.660414  0.181781  0.340335  0.281338  0.328250  0.554110  0.739248  0.670402 
22  0.306113  0.749378  0.703898  0.517911  0.693802  0.645052  0.347026  0.688890  0.514312  0.316951  0.643507  0.786344  0.803133  0.156934  0.110242  0.740390  0.745728  0.836011  0.271467  0.346538  0.930126  0.634337 0.0  0.664015  0.620131  0.548074  0.762922  0.822282  0.359449  0.895181  0.871176  0.797590  0.719271  0.724559  0.759730  0.641704  0.342574  0.738754  0.229372  0.575820  0.414056  0.372026  0.682022  0.663829  0.743752  0.632808  0.742107  0.727624  0.674769  0.382094  0.652278  0.290014  0.776920  0.185599  0.610747  0.727701  0.901026  0.595028  0.608413  0.322733  0.249693 
23  0.603320  0.335931  0.260551  0.722803  0.007433  0.295875  0.425364  0.111814  0.491263  0.648668  0.342544  0.180344  0.269982  0.610619  0.505395  0.224621  0.149067  0.274413  0.626461  0.571820  0.263334  0.340696  0.664015 0.0  0.324467  0.299622  0.498897  0.168781  0.444537  0.336289  0.424331  0.240424  0.137625  0.592297  0.168653  0.183444  0.641672  0.366076  0.717356  0.360661  0.546910  0.814843  0.088262  0.212004  0.055897  0.438962  0.201052  0.167411  0.402218  0.591764  0.339197  0.660933  0.095104  0.709916  0.282466  0.220777  0.114000  0.196687  0.651020  0.669158  0.831534 
24  0.776440  0.307132  0.318172  0.538251  0.441875  0.153653  0.828902  0.351112  0.713223  0.748154  0.291008  0.407703  0.309575  0.726417  0.837483  0.453118  0.356616  0.281080  0.824731  0.756211  0.594532  0.205800  0.620131  0.324467 0.0  0.155384  0.401701  0.372702  0.368306  0.447332  0.470383  0.269712  0.371594  0.728721  0.371689  0.346347  0.769042  0.271045  0.541443  0.167159  0.619210  0.775156  0.330113  0.177221  0.383478  0.532979  0.336199  0.388026  0.207558  0.686977  0.274289  0.834479  0.435806  0.692228  0.309574  0.322325  0.358898  0.355454  0.450212  0.693218  0.692418 
25  0.670923  0.327535  0.240199  0.552653  0.443267  0.344110  0.685706  0.250487  0.768228  0.715323  0.085698  0.413826  0.321561  0.684114  0.746715  0.272785  0.252538  0.367021  0.736350  0.624424  0.449575  0.144995  0.548074  0.299622  0.155384 0.0  0.344129  0.335362  0.446966  0.309196  0.418301  0.401078  0.296404  0.673748  0.394354  0.265783  0.785392  0.317711  0.684292  0.211142  0.691644  0.616284  0.280886  0.319119  0.399728  0.606341  0.377456  0.370127  0.390953  0.797917  0.175765  0.690299  0.257601  0.538850  0.282831  0.349392  0.450652  0.358794  0.545054  0.712963  0.735209 
26  0.977696  0.338287  0.372002  0.413516  0.333256  0.303129  0.794448  0.516677  0.882317  0.931740  0.326192  0.391055  0.439525  0.900331  0.950259  0.421932  0.394375  0.350126  0.958745  0.986226  0.010596  0.229388  0.762922  0.498897  0.401701  0.344129 0.0  0.466684  0.535071  0.141694  0.150178  0.412155  0.487050  0.287631  0.427156  0.351065  0.909699  0.343494  0.655671  0.256896  0.890504  0.675158  0.582786  0.248887  0.422841  0.704178  0.432323  0.416724  0.230688  0.846222  0.446388  0.822606  0.499197  0.686147  0.261257  0.489995  0.368017  0.462828  0.441926  0.888777  0.775840 
27  0.574611  0.340210  0.316242  0.595769  0.128516  0.171941  0.413448  0.207276  0.583100  0.652725  0.338978  0.164085  0.139882  0.573770  0.675290  0.143628  0.156342  0.206560  0.603437  0.649614  0.331288  0.312664  0.822282  0.168781  0.372702  0.335362  0.466684 0.0  0.511503  0.435513  0.314679  0.313518  0.197853  0.580891  0.280579  0.251598  0.635644  0.268941  0.669175  0.383050  0.661509  0.874953  0.210463  0.215418  0.229754  0.505666  0.186695  0.067410  0.200278  0.702505  0.247921  0.697298  0.168620  0.763551  0.226869  0.175080  0.191615  0.171823  0.711662  0.631694  0.753917 
28  0.412772  0.437240  0.471031  0.444225  0.424024  0.457721  0.468572  0.472341  0.616974  0.544744  0.520274  0.529198  0.380637  0.405699  0.398366  0.377743  0.476908  0.458754  0.493267  0.463708  0.537944  0.449929  0.359449  0.444537  0.368306  0.446966  0.535071  0.511503 0.0  0.516137  0.505764  0.469216  0.406265  0.516028  0.499342  0.513237  0.502709  0.453428  0.329622  0.502120  0.413752  0.367215  0.449793  0.451457  0.466416  0.565620  0.434819  0.452577  0.493912  0.472417  0.469121  0.535395  0.566987  0.402803  0.469469  0.462562  0.582670  0.540532  0.454642  0.511653  0.478099 
29  0.786834  0.410577  0.381154  0.356018  0.476543  0.238300  0.788872  0.454007  0.754166  0.749815  0.416680  0.415778  0.390882  0.874559  0.832280  0.453778  0.360483  0.331741  0.876283  0.750989  0.114507  0.267681  0.895181  0.336289  0.447332  0.309196  0.141694  0.435513  0.516137 0.0  0.068816  0.379843  0.347246  0.289954  0.318401  0.303053  0.891616  0.361879  0.803334  0.358808  0.754273  0.474339  0.363475  0.193074  0.375666  0.630923  0.351530  0.433881  0.228862  0.744539  0.385468  0.857011  0.544489  0.735828  0.232662  0.339921  0.416521  0.435223  0.297254  0.877947  0.782629 
30  0.872376  0.326670  0.480652  0.323511  0.397949  0.266722  0.772483  0.343021  0.702103  0.753371  0.561362  0.348039  0.404928  0.813401  0.701697  0.309171  0.375132  0.269585  0.866235  0.837485  0.230589  0.298949  0.871176  0.424331  0.470383  0.418301  0.150178  0.314679  0.505764  0.068816 0.0  0.263432  0.345279  0.431894  0.413500  0.359397  0.693664  0.345528  0.845548  0.540493  0.734821  0.520639  0.300196  0.301302  0.339135  0.600559  0.409355  0.300898  0.301172  0.654680  0.420395  0.749041  0.377981  0.827250  0.248538  0.298486  0.385761  0.311439  0.205863  0.670755  0.915182 
31  0.616254  0.406264  0.426069  0.767588  0.162910  0.271982  0.326601  0.109130  0.585005  0.620871  0.226735  0.113956  0.251419  0.618413  0.628236  0.164647  0.277085  0.095868  0.575698  0.544554  0.355418  0.151366  0.797590  0.240424  0.269712  0.401078  0.412155  0.313518  0.469216  0.379843  0.263432 0.0  0.313369  0.581398  0.163488  0.198372  0.529973  0.238754  0.710647  0.355328  0.424229  0.903046  0.305244  0.223290  0.202231  0.422740  0.215266  0.275556  0.359737  0.531241  0.333110  0.519192  0.296066  0.783221  0.191179  0.268361  0.118683  0.201241  0.709894  0.693627  0.680379 
32  0.615367  0.297554  0.339899  0.724347  0.057232  0.312478  0.570331  0.204513  0.622876  0.531714  0.332354  0.188219  0.190124  0.504418  0.595871  0.186623  0.171282  0.155523  0.691530  0.579996  0.322363  0.371230  0.719271  0.137625  0.371594  0.296404  0.487050  0.197853  0.406265  0.347246  0.345279  0.313369 0.0  0.431657  0.263119  0.186134  0.545048  0.334057  0.808472  0.384376  0.557093  0.981469  0.310695  0.269480  0.220087  0.389810  0.270610  0.234513  0.254686  0.680879  0.429235  0.620069  0.206861  0.701587  0.373102  0.199652  0.175758  0.303135  0.716914  0.507638  0.763533 
33  0.525876  0.489991  0.724057  0.248081  0.543949  0.503271  0.484540  0.544468  0.526853  0.505111  0.632520  0.557627  0.557100  0.673626  0.569679  0.612272  0.485595  0.587773  0.535043  0.414978  0.440807  0.459339  0.724559  0.592297  0.728721  0.673748  0.287631  0.580891  0.516028  0.289954  0.431894  0.581398  0.431657 0.0  0.547935  0.578448  0.485136  0.687797  0.654913  0.718121  0.448687  0.291610  0.460950  0.476302  0.538991  0.608751  0.625761  0.634036  0.524181  0.581712  0.642998  0.521235  0.515692  0.623358  0.440091  0.509809  0.500168  0.641803  0.322288  0.663299  0.645763 
34  0.578853  0.351368  0.264293  0.593830  0.070663  0.232398  0.396638  0.222916  0.635294  0.681507  0.353829  0.192404  0.333933  0.574996  0.597288  0.152151  0.201641  0.222433  0.653849  0.630960  0.330082  0.253911  0.759730  0.168653  0.371689  0.394354  0.427156  0.280579  0.499342  0.318401  0.413500  0.163488  0.263119  0.547935 0.0  0.201991  0.567820  0.246350  0.766143  0.263732  0.464354  0.871551  0.270244  0.323162  0.185471  0.434782  0.219485  0.237016  0.288021  0.678060  0.314914  0.534868  0.130518  0.706970  0.233717  0.187720  0.140675  0.270051  0.575713  0.625495  0.689294 
35  0.528868  0.347854  0.303791  0.756281  0.193659  0.244852  0.464938  0.290286  0.539060  0.598766  0.480806  0.234067  0.176822  0.680122  0.585628  0.162139  0.200547  0.074465  0.647534  0.643137  0.322849  0.287154  0.641704  0.183444  0.346347  0.265783  0.351065  0.251598  0.513237  0.303053  0.359397  0.198372  0.186134  0.578448  0.201991 0.0  0.528232  0.369610  0.701145  0.279712  0.622571  0.792367  0.187653  0.276237  0.164047  0.351085  0.279471  0.180322  0.328216  0.533339  0.305757  0.546553  0.222323  0.798875  0.320492  0.216512  0.128086  0.195716  0.642492  0.607204  0.803552 
36  0.135920  0.677832  0.626753  0.699827  0.610203  0.576601  0.000000  0.681455  0.232457  0.180833  0.823936  0.691033  0.591489  0.204022  0.102906  0.630210  0.611833  0.623930  0.226067  0.185524  0.774220  0.658400  0.342574  0.641672  0.769042  0.785392  0.909699  0.635644  0.502709  0.891616  0.693664  0.529973  0.545048  0.485136  0.567820  0.528232 0.0  0.741335  0.299753  0.745962  0.186012  0.428220  0.556688  0.730115  0.660957  0.399739  0.574258  0.651700  0.715621  0.252940  0.950414  0.260943  0.546563  0.426645  0.655247  0.501345  0.633062  0.606931  0.607444  0.122092  0.285752 
37  0.634812  0.030204  0.337114  0.592971  0.337848  0.256873  0.752592  0.276566  0.794896  0.669825  0.294515  0.351172  0.233509  0.809342  0.810586  0.334851  0.304531  0.338740  0.632233  0.719749  0.461504  0.141083  0.738754  0.366076  0.271045  0.317711  0.343494  0.268941  0.453428  0.361879  0.345528  0.238754  0.334057  0.687797  0.246350  0.369610  0.741335 0.0  0.691215  0.376156  0.842080  0.734438  0.351031  0.196210  0.239465  0.545576  0.288229  0.342080  0.254348  0.818758  0.384214  0.749834  0.486766  0.799637  0.260760  0.302946  0.344925  0.432719  0.492987  0.767847  0.739773 
38  0.245761  0.770377  0.564962  0.589810  0.877582  0.633952  0.366099  0.763973  0.312795  0.408529  0.632870  0.840805  0.699655  0.310447  0.280370  0.637402  0.788029  0.754874  0.240733  0.440485  1.000000  0.639343  0.229372  0.717356  0.541443  0.684292  0.655671  0.669175  0.329622  0.803334  0.845548  0.710647  0.808472  0.654913  0.766143  0.701145  0.299753  0.691215 0.0  0.557135  0.423065  0.300181  0.755080  0.673217  0.734354  0.519843  0.616844  0.759814  0.593983  0.345002  0.613470  0.383558  0.695808  0.141409  0.571778  0.850468  0.797885  0.737562  0.537548  0.367058  0.272550 
39  0.694605  0.303502  0.167005  0.507522  0.321988  0.282430  0.773360  0.390751  0.790438  0.692616  0.208303  0.328826  0.286082  0.771892  0.781474  0.493477  0.305505  0.259207  0.658307  0.781321  0.550371  0.247606  0.575820  0.360661  0.167159  0.211142  0.256896  0.383050  0.502120  0.358808  0.540493  0.355328  0.384376  0.718121  0.263732  0.279712  0.745962  0.376156  0.557135 0.0  0.637425  0.765151  0.432783  0.312186  0.339740  0.428675  0.297623  0.372252  0.279991  0.749423  0.115429  0.707309  0.259807  0.637185  0.311451  0.340968  0.421227  0.338689  0.480106  0.760968  0.695366 
40  0.140029  0.746697  0.715354  0.701700  0.585001  0.605585  0.030123  0.593185  0.163249  0.311544  0.836892  0.655523  0.564459  0.251740  0.171036  0.543851  0.575466  0.627822  0.127419  0.191703  0.825126  0.718057  0.414056  0.546910  0.619210  0.691644  0.890504  0.661509  0.413752  0.754273  0.734821  0.424229  0.557093  0.448687  0.464354  0.622571  0.186012  0.842080  0.423065  0.637425 0.0  0.465339  0.528066  0.719778  0.672118  0.410423  0.588729  0.628880  0.621974  0.240501  0.684705  0.235855  0.600885  0.301518  0.612328  0.596813  0.528224  0.612130  0.762288  0.270123  0.407852 
41  0.491781  0.743756  0.768533  0.393169  0.878771  0.781957  0.278560  0.875927  0.401014  0.421490  0.763251  0.981110  0.840905  0.451634  0.450119  0.912038  0.895751  0.853805  0.535542  0.425035  0.413338  0.638678  0.372026  0.814843  0.775156  0.616284  0.675158  0.874953  0.367215  0.474339  0.520639  0.903046  0.981469  0.291610  0.871551  0.792367  0.428220  0.734438  0.300181  0.765151  0.465339 0.0  0.914505  0.672327  0.876296  0.677915  0.848507  0.814127  0.627231  0.468786  0.735760  0.460702  0.878705  0.291065  0.616572  0.794767  0.881559  0.739178  0.358325  0.450985  0.365733 
42  0.631022  0.367004  0.334719  0.662298  0.199762  0.270677  0.600234  0.089768  0.614940  0.565055  0.357422  0.148387  0.248127  0.572071  0.549431  0.201424  0.200719  0.204031  0.573517  0.583085  0.326647  0.238321  0.682022  0.088262  0.330113  0.280886  0.582786  0.210463  0.449793  0.363475  0.300196  0.305244  0.310695  0.460950  0.270244  0.187653  0.556688  0.351031  0.755080  0.432783  0.528066  0.914505 0.0  0.302323  0.120075  0.398274  0.255266  0.173250  0.253761  0.563688  0.427163  0.692928  0.243864  0.667102  0.260387  0.249688  0.121656  0.192750  0.615661  0.597727  0.870446 
43  0.617137  0.278204  0.327417  0.451507  0.249810  0.231380  0.656034  0.423055  0.561105  0.679478  0.154903  0.303468  0.188075  0.639425  0.633587  0.210423  0.336910  0.307573  0.667185  0.650953  0.383063  0.207642  0.663829  0.212004  0.177221  0.319119  0.248887  0.215418  0.451457  0.193074  0.301302  0.223290  0.269480  0.476302  0.323162  0.276237  0.730115  0.196210  0.673217  0.312186  0.719778  0.672327  0.302323 0.0  0.294179  0.453916  0.272718  0.162214  0.234467  0.674895  0.255131  0.686252  0.249960  0.671573  0.290965  0.192769  0.339163  0.238914  0.520524  0.622762  0.652308 
44  0.496400  0.332399  0.334955  0.666223  0.104557  0.250540  0.504725  0.387167  0.611909  0.598839  0.268631  0.202806  0.182116  0.637350  0.604430  0.218636  0.241452  0.290633  0.596300  0.636484  0.341353  0.154726  0.743752  0.055897  0.383478  0.399728  0.422841  0.229754  0.466416  0.375666  0.339135  0.202231  0.220087  0.538991  0.185471  0.164047  0.660957  0.239465  0.734354  0.339740  0.672118  0.876296  0.120075  0.294179 0.0  0.492848  0.229369  0.295169  0.302134  0.604114  0.359519  0.562622  0.202886  0.627477  0.250953  0.194475  0.202294  0.156130  0.744125  0.654827  0.726044 
45  0.327352  0.522006  0.653217  0.620084  0.337598  0.499230  0.193679  0.351368  0.374746  0.491938  0.575857  0.443593  0.427438  0.455253  0.441320  0.404902  0.370187  0.484914  0.353518  0.472680  0.701766  0.425874  0.632808  0.438962  0.532979  0.606341  0.704178  0.505666  0.565620  0.630923  0.600559  0.422740  0.389810  0.608751  0.434782  0.351085  0.399739  0.545576  0.519843  0.428675  0.410423  0.677915  0.398274  0.453916  0.492848 0.0  0.338650  0.385066  0.424524  0.375069  0.593297  0.331625  0.440419  0.485109  0.388549  0.427098  0.403359  0.418403  0.631106  0.499926  0.613019 
46  0.636460  0.299176  0.400927  0.666359  0.064148  0.254158  0.540505  0.208455  0.595425  0.700779  0.383961  0.274745  0.268905  0.671132  0.630791  0.266879  0.148479  0.116808  0.551031  0.635178  0.271995  0.265527  0.742107  0.201052  0.336199  0.377456  0.432323  0.186695  0.434819  0.351530  0.409355  0.215266  0.270610  0.625761  0.219485  0.279471  0.574258  0.288229  0.616844  0.297623  0.588729  0.848507  0.255266  0.272718  0.229369  0.338650 0.0  0.221870  0.158941  0.688095  0.371575  0.682660  0.151042  0.778125  0.217805  0.205619  0.098515  0.202249  0.678673  0.584348  0.697301 
47  0.593230  0.236989  0.357397  0.563121  0.184586  0.269693  0.526982  0.298128  0.687553  0.578943  0.239721  0.298778  0.180098  0.551294  0.521013  0.116007  0.142883  0.235968  0.546279  0.551155  0.349617  0.264877  0.727624  0.167411  0.388026  0.370127  0.416724  0.067410  0.452577  0.433881  0.300898  0.275556  0.234513  0.634036  0.237016  0.180322  0.651700  0.342080  0.759814  0.372252  0.628880  0.814127  0.173250  0.162214  0.295169  0.385066  0.221870 0.0  0.226559  0.573116  0.363614  0.648215  0.297544  0.845284  0.185534  0.197034  0.176338  0.198957  0.688573  0.586050  0.661159 
48  0.636864  0.266302  0.305493  0.424286  0.274807  0.334463  0.602588  0.321808  0.783747  0.600404  0.276378  0.154070  0.260265  0.727003  0.688247  0.283203  0.310919  0.255453  0.716366  0.679172  0.250154  0.286213  0.674769  0.402218  0.207558  0.390953  0.230688  0.200278  0.493912  0.228862  0.301172  0.359737  0.254686  0.524181  0.288021  0.328216  0.715621  0.254348  0.593983  0.279991  0.621974  0.627231  0.253761  0.234467  0.302134  0.424524  0.158941  0.226559 0.0  0.664650  0.331814  0.624649  0.257126  0.656438  0.305595  0.275617  0.381848  0.257220  0.492215  0.670392  0.697492 
49  0.129454  0.736792  0.684002  0.754942  0.609285  0.623078  0.138351  0.541181  0.148009  0.189363  0.700080  0.691077  0.570623  0.150151  0.114535  0.776739  0.559982  0.622075  0.138982  0.121177  0.769663  0.699053  0.382094  0.591764  0.686977  0.797917  0.846222  0.702505  0.472417  0.744539  0.654680  0.531241  0.680879  0.581712  0.678060  0.533339  0.252940  0.818758  0.345002  0.749423  0.240501  0.468786  0.563688  0.674895  0.604114  0.375069  0.688095  0.573116  0.664650 0.0  0.761289  0.223150  0.569034  0.270204  0.665335  0.667846  0.691573  0.601660  0.605383  0.067710  0.311741 
50  0.703151  0.374108  0.160444  0.544305  0.433373  0.221340  0.712455  0.296136  0.762370  0.795206  0.301702  0.343711  0.315384  0.706718  0.754133  0.384338  0.259205  0.315551  0.731789  0.710896  0.467599  0.270199  0.652278  0.339197  0.274289  0.175765  0.446388  0.247921  0.469121  0.385468  0.420395  0.333110  0.429235  0.642998  0.314914  0.305757  0.950414  0.384214  0.613470  0.115429  0.684705  0.735760  0.427163  0.255131  0.359519  0.593297  0.371575  0.363614  0.331814  0.761289 0.0  0.812652  0.379786  0.710553  0.302471  0.381336  0.402866  0.440067  0.484651  0.747762  0.618755 
51  0.268793  0.795509  0.698414  0.715864  0.572235  0.782260  0.138780  0.611853  0.245026  0.226407  0.780992  0.670093  0.648218  0.151049  0.196646  0.574227  0.575234  0.641659  0.331165  0.269180  0.724446  0.678537  0.290014  0.660933  0.834479  0.690299  0.822606  0.697298  0.535395  0.857011  0.749041  0.519192  0.620069  0.521235  0.534868  0.546553  0.260943  0.749834  0.383558  0.707309  0.235855  0.460702  0.692928  0.686252  0.562622  0.331625  0.682660  0.648215  0.624649  0.223150  0.812652 0.0  0.735179  0.220319  0.665257  0.622391  0.578802  0.584397  0.704510  0.178141  0.327501 
52  0.550091  0.272220  0.366871  0.813399  0.269540  0.323472  0.429641  0.190966  0.593898  0.578285  0.379049  0.198039  0.124307  0.571286  0.642557  0.261943  0.101122  0.094211  0.510665  0.489467  0.318481  0.392524  0.776920  0.095104  0.435806  0.257601  0.499197  0.168620  0.566987  0.544489  0.377981  0.296066  0.206861  0.515692  0.130518  0.222323  0.546563  0.486766  0.695808  0.259807  0.600885  0.878705  0.243864  0.249960  0.202886  0.440419  0.151042  0.297544  0.257126  0.569034  0.379786  0.735179 0.0  0.760477  0.240393  0.114324  0.123751  0.243861  0.712269  0.535013  0.777698 
53  0.309273  0.660376  0.631123  0.498487  0.734011  0.635940  0.353440  0.681084  0.271532  0.314897  0.485188  0.692158  0.792278  0.455604  0.305351  0.738915  0.698243  0.796379  0.383670  0.381495  0.858493  0.660414  0.185599  0.709916  0.692228  0.538850  0.686147  0.763551  0.402803  0.735828  0.827250  0.783221  0.701587  0.623358  0.706970  0.798875  0.426645  0.799637  0.141409  0.637185  0.301518  0.291065  0.667102  0.671573  0.627477  0.485109  0.778125  0.845284  0.656438  0.270204  0.710553  0.220319  0.760477 0.0  0.605888  0.733713  0.740335  0.662231  0.581743  0.355374  0.104323 
54  0.573849  0.224057  0.260692  0.490636  0.321407  0.276274  0.679454  0.202326  0.608408  0.684292  0.275816  0.190774  0.197818  0.612657  0.741892  0.319160  0.415661  0.227453  0.608954  0.700425  0.220811  0.181781  0.610747  0.282466  0.309574  0.282831  0.261257  0.226869  0.469469  0.232662  0.248538  0.191179  0.373102  0.440091  0.233717  0.320492  0.655247  0.260760  0.571778  0.311451  0.612328  0.616572  0.260387  0.290965  0.250953  0.388549  0.217805  0.185534  0.305595  0.665335  0.302471  0.665257  0.240393  0.605888 0.0  0.215493  0.269482  0.346294  0.366800  0.689113  0.740144 
55  0.631848  0.309003  0.318171  0.687237  0.136199  0.303496  0.499455  0.258726  0.667611  0.599936  0.254220  0.138850  0.293461  0.506127  0.526412  0.150636  0.117429  0.121444  0.498300  0.717505  0.234731  0.340335  0.727701  0.220777  0.322325  0.349392  0.489995  0.175080  0.462562  0.339921  0.298486  0.268361  0.199652  0.509809  0.187720  0.216512  0.501345  0.302946  0.850468  0.340968  0.596813  0.794767  0.249688  0.192769  0.194475  0.427098  0.205619  0.197034  0.275617  0.667846  0.381336  0.622391  0.114324  0.733713  0.215493 0.0  0.170990  0.209247  0.574536  0.603676  0.788622 
56  0.503746  0.392264  0.393249  0.451971  0.062609  0.273522  0.541908  0.215032  0.520532  0.512460  0.477757  0.206799  0.109567  0.572630  0.704550  0.144374  0.186721  0.123380  0.481522  0.647555  0.434171  0.281338  0.901026  0.114000  0.358898  0.450652  0.368017  0.191615  0.582670  0.416521  0.385761  0.118683  0.175758  0.500168  0.140675  0.128086  0.633062  0.344925  0.797885  0.421227  0.528224  0.881559  0.121656  0.339163  0.202294  0.403359  0.098515  0.176338  0.381848  0.691573  0.402866  0.578802  0.123751  0.740335  0.269482  0.170990 0.0  0.183050  0.592264  0.684383  0.811908 
57  0.767593  0.233908  0.373516  0.708510  0.159155  0.216133  0.364455  0.151140  0.496142  0.684089  0.310690  0.250937  0.223608  0.565474  0.603627  0.280585  0.351514  0.253957  0.567007  0.643683  0.277808  0.328250  0.595028  0.196687  0.355454  0.358794  0.462828  0.171823  0.540532  0.435223  0.311439  0.201241  0.303135  0.641803  0.270051  0.195716  0.606931  0.432719  0.737562  0.338689  0.612130  0.739178  0.192750  0.238914  0.156130  0.418403  0.202249  0.198957  0.257220  0.601660  0.440067  0.584397  0.243861  0.662231  0.346294  0.209247  0.183050 0.0  0.599898  0.594134  0.875472 
58  0.746080  0.554413  0.568689  0.360548  0.571907  0.443603  0.446433  0.776427  0.748998  0.611341  0.636360  0.629386  0.687070  0.660904  0.715104  0.598510  0.723997  0.709111  0.558375  0.612266  0.363213  0.554110  0.608413  0.651020  0.450212  0.545054  0.441926  0.711662  0.454642  0.297254  0.205863  0.709894  0.716914  0.322288  0.575713  0.642492  0.607444  0.492987  0.537548  0.480106  0.762288  0.358325  0.615661  0.520524  0.744125  0.631106  0.678673  0.688573  0.492215  0.605383  0.484651  0.704510  0.712269  0.581743  0.366800  0.574536  0.592264  0.599898 0.0  0.759650  0.503287 
59  0.120443  0.563801  0.783411  0.544967  0.478596  0.693338  0.084719  0.643929  0.201894  0.037190  0.782378  0.681516  0.642922  0.151268  0.147779  0.597277  0.578416  0.689967  0.226165  0.161163  0.825141  0.739248  0.322733  0.669158  0.693218  0.712963  0.888777  0.631694  0.511653  0.877947  0.670755  0.693627  0.507638  0.663299  0.625495  0.607204  0.122092  0.767847  0.367058  0.760968  0.270123  0.450985  0.597727  0.622762  0.654827  0.499926  0.584348  0.586050  0.670392  0.067710  0.747762  0.178141  0.535013  0.355374  0.689113  0.603676  0.684383  0.594134  0.759650 0.0  0.382854 
60  0.411658  0.657361  0.668601  0.485882  0.833750  0.615164  0.341561  0.680951  0.407763  0.351351  0.571074  0.780505  0.568168  0.451001  0.252024  0.684944  0.728434  0.738592  0.348603  0.348896  0.848119  0.670402  0.249693  0.831534  0.692418  0.735209  0.775840  0.753917  0.478099  0.782629  0.915182  0.680379  0.763533  0.645763  0.689294  0.803552  0.285752  0.739773  0.272550  0.695366  0.407852  0.365733  0.870446  0.652308  0.726044  0.613019  0.697301  0.661159  0.697492  0.311741  0.618755  0.327501  0.777698  0.104323  0.740144  0.788622  0.811908  0.875472  0.503287  0.382854 0.0 
