61
0 0.0  0.806361  0.786052  0.742526  0.463081  0.598318  0.112388  0.586639  0.220952  0.168900  0.793166  0.657905  0.596745  0.203612  0.209167  0.554309  0.707687  0.572025  0.199132  0.147695  0.893811  0.697471  0.425693  0.650275  0.708946  0.829317  0.805586  0.659429  0.534859  0.880195  0.837821  0.649610  0.586101  0.514111  0.591987  0.607056  0.165562  0.762866  0.229656  0.794782  0.158078  0.479443  0.674123  0.739102  0.457445  0.409183  0.541074  0.564091  0.776014  0.300991  0.825901  0.297782  0.627733  0.238647  0.819841  0.757557  0.675528  0.801027  0.679102  0.247515  0.389819 
1  0.806361 0.0  0.299004  0.543999  0.351768  0.365386  0.674236  0.377888  0.740293  0.762866  0.269221  0.370650  0.335040  0.835855  0.724421  0.359583  0.355214  0.330809  0.788894  0.647459  0.366509  0.297585  0.816427  0.291762  0.309427  0.327898  0.336979  0.340570  0.550856  0.385059  0.493349  0.309474  0.374459  0.569058  0.437906  0.335488  0.796115  0.100546  0.762523  0.410962  0.806953  0.846162  0.424915  0.202999  0.380543  0.493758  0.278634  0.338815  0.171430  0.675899  0.343450  0.903281  0.349815  0.735013  0.318079  0.272170  0.437751  0.336946  0.520970  0.792752  0.694072 
2  0.786052  0.299004 0.0  0.616937  0.518198  0.299928  0.653234  0.367569  0.639106  0.657064  0.296150  0.492670  0.353817  0.871996  0.761322  0.461494  0.358364  0.395105  0.815088  0.789546  0.447076  0.295043  0.663919  0.280494  0.219678  0.192735  0.333971  0.363660  0.493151  0.498224  0.509852  0.292041  0.292739  0.690788  0.364696  0.384316  0.771641  0.392680  0.645902  0.170255  0.832461  0.687007  0.323736  0.313541  0.371746  0.588384  0.482413  0.393223  0.342765  0.685614  0.158603  0.719962  0.312982  0.719037  0.219458  0.380629  0.402243  0.362015  0.597446  0.793049  0.608400 
3  0.742526  0.543999  0.616937 0.0  0.602320  0.507595  0.672692  0.647246  0.723045  0.620812  0.435400  0.667101  0.543635  0.651874  0.768106  0.707498  0.654674  0.712747  0.778106  0.742966  0.130092  0.462256  0.578102  0.650190  0.515517  0.524883  0.465717  0.702301  0.455408  0.364277  0.230043  0.651076  0.665738  0.265722  0.708827  0.706493  0.660744  0.558787  0.655470  0.460720  0.639168  0.373806  0.726209  0.479571  0.713930  0.678833  0.670577  0.739702  0.439592  0.643669  0.562711  0.657041  0.672848  0.484123  0.385609  0.767530  0.543916  0.817261  0.408904  0.618921  0.571700 
4  0.463081  0.351768  0.518198  0.602320 0.0  0.302338  0.627962  0.140013  0.578334  0.540850  0.231635  0.121055  0.077851  0.691645  0.597521  0.145299  0.185480  0.137524  0.641850  0.572234  0.537255  0.305319  0.878393  0.134101  0.355442  0.496820  0.454878  0.104646  0.482057  0.379312  0.411369  0.134760  0.037707  0.645629  0.039163  0.208798  0.622680  0.365783  0.816633  0.377285  0.489073  0.801948  0.115438  0.226058  0.203938  0.298507  0.257424  0.103156  0.235076  0.606309  0.382639  0.686354  0.105653  0.885150  0.273816  0.083049  0.149413  0.157817  0.674689  0.606698  0.865548 
5  0.598318  0.365386  0.299928  0.507595  0.302338 0.0  0.679749  0.272103  0.696426  0.681013  0.324867  0.232812  0.223799  0.591322  0.740933  0.307337  0.219222  0.320805  0.713550  0.724203  0.213777  0.266190  0.760414  0.205755  0.263732  0.337707  0.286730  0.281160  0.531616  0.297013  0.323859  0.251777  0.207660  0.424960  0.310906  0.295172  0.696324  0.290498  0.665458  0.265509  0.663581  0.661622  0.266296  0.253578  0.169189  0.526199  0.330326  0.229905  0.381381  0.716551  0.252481  0.753626  0.295978  0.704501  0.249610  0.383758  0.292287  0.257428  0.545204  0.680845  0.690865 
6  0.112388  0.674236  0.653234  0.672692  0.627962  0.679749 0.0  0.518224  0.116401  0.054465  0.810915  0.519059  0.397021  0.007198  0.168492  0.392228  0.514868  0.503665  0.025385  0.140780  0.848075  0.754920  0.257405  0.466059  0.688330  0.823089  0.814752  0.476565  0.466997  0.939747  0.753344  0.419172  0.510876  0.587642  0.435593  0.541457  0.167545  0.828411  0.381548  0.671716  0.082912  0.411818  0.452333  0.704938  0.500697  0.182019  0.451980  0.559157  0.774408  0.056984  0.729998  0.036505  0.356711  0.355282  0.624164  0.486946  0.666924  0.487552  0.553785  0.039226  0.433782 
7  0.586639  0.377888  0.367569  0.647246  0.140013  0.272103  0.518224 0.0  0.616668  0.551914  0.408982  0.311481  0.186268  0.671861  0.596568  0.207556  0.318345  0.203536  0.533775  0.621556  0.396396  0.307917  0.779752  0.140476  0.446815  0.275903  0.529864  0.153499  0.401201  0.433277  0.337910  0.366335  0.271863  0.485828  0.212266  0.132582  0.648519  0.324544  0.743207  0.334635  0.642770  0.814848  0.127235  0.299786  0.227157  0.359710  0.149968  0.241368  0.353854  0.634788  0.355456  0.566607  0.156459  0.712406  0.131253  0.211799  0.146535  0.174477  0.643841  0.564331  0.717636 
8  0.220952  0.740293  0.639106  0.723045  0.578334  0.696426  0.116401  0.616668 0.0  0.176855  0.783311  0.620034  0.622711  0.184338  0.265549  0.601888  0.601528  0.675672  0.189880  0.286566  0.742057  0.710614  0.423046  0.655949  0.720448  0.730928  0.796420  0.733699  0.465984  0.747213  0.756937  0.518359  0.647949  0.538439  0.709114  0.639573  0.182355  0.748579  0.301134  0.695364  0.194340  0.595403  0.653918  0.616805  0.616451  0.376537  0.616422  0.607230  0.685477  0.264791  0.808884  0.179655  0.566180  0.372802  0.723985  0.655035  0.544288  0.625802  0.672774  0.076302  0.345969 
9  0.168900  0.762866  0.657064  0.620812  0.540850  0.681013  0.054465  0.551914  0.176855 0.0  0.821296  0.664073  0.669571  0.182164  0.278138  0.520714  0.597746  0.646999  0.225506  0.233532  0.784038  0.698758  0.327771  0.680339  0.808631  0.861172  0.845164  0.588319  0.419601  0.861700  0.766848  0.640430  0.582628  0.540827  0.558587  0.605853  0.179860  0.871962  0.335244  0.747990  0.227138  0.476315  0.620980  0.585084  0.687922  0.389042  0.669979  0.607897  0.673081  0.228882  0.714580  0.304929  0.606636  0.284023  0.648010  0.639127  0.708509  0.509230  0.576940  0.235365  0.271904 
10  0.793166  0.269221  0.296150  0.435400  0.231635  0.324867  0.810915  0.408982  0.783311  0.821296 0.0  0.297170  0.298946  0.757344  0.714744  0.317213  0.277882  0.375717  0.700467  0.779215  0.396359  0.299338  0.652789  0.433035  0.209937  0.182116  0.376109  0.320910  0.457985  0.398542  0.529923  0.265488  0.326636  0.763619  0.422477  0.283290  0.667941  0.301618  0.668196  0.182089  0.721866  0.814422  0.323278  0.308101  0.437169  0.628048  0.279950  0.286541  0.400305  0.696313  0.347032  0.729920  0.457997  0.631313  0.372656  0.421667  0.426254  0.323699  0.566294  0.733956  0.705197 
11  0.657905  0.370650  0.492670  0.667101  0.121055  0.232812  0.519059  0.311481  0.620034  0.664073  0.297170 0.0  0.240810  0.568398  0.584824  0.082681  0.139269  0.122139  0.569666  0.603470  0.301759  0.272420  0.713687  0.171389  0.339632  0.387970  0.599247  0.206929  0.494430  0.496848  0.353791  0.298075  0.178372  0.482867  0.169119  0.176368  0.703223  0.271078  0.645052  0.330056  0.513710  0.900100  0.190245  0.112375  0.179053  0.332771  0.173946  0.157520  0.248024  0.567671  0.373297  0.721545  0.276906  0.713342  0.285456  0.244842  0.062110  0.083991  0.781874  0.635033  0.714078 
12  0.596745  0.335040  0.353817  0.543635  0.077851  0.223799  0.397021  0.186268  0.622711  0.669571  0.298946  0.240810 0.0  0.592087  0.572369  0.370674  0.133471  0.153167  0.567186  0.562766  0.473684  0.228519  0.694654  0.301983  0.346318  0.371858  0.552172  0.218010  0.499745  0.334621  0.309159  0.203617  0.236623  0.651077  0.195347  0.185373  0.631644  0.314933  0.827004  0.336918  0.529195  0.836089  0.225152  0.188222  0.214726  0.403194  0.138896  0.132399  0.383013  0.665172  0.305438  0.592454  0.166171  0.751384  0.263377  0.186746  0.172228  0.145839  0.633513  0.676764  0.824070 
13  0.203612  0.835855  0.871996  0.651874  0.691645  0.591322  0.007198  0.671861  0.184338  0.182164  0.757344  0.568398  0.592087 0.0  0.167842  0.592236  0.537467  0.699435  0.199134  0.223363  0.761795  0.761187  0.263661  0.689323  0.706628  0.820467  0.905272  0.529260  0.515943  0.780684  0.742964  0.798885  0.597766  0.461161  0.533253  0.564894  0.307235  0.793161  0.391539  0.774173  0.164921  0.570436  0.619847  0.767166  0.583179  0.440281  0.718999  0.520362  0.521354  0.253697  0.872114  0.182493  0.621197  0.327229  0.669804  0.629648  0.521368  0.562276  0.723884  0.175541  0.405123 
14  0.209167  0.724421  0.761322  0.768106  0.597521  0.740933  0.168492  0.596568  0.265549  0.278138  0.714744  0.584824  0.572369  0.167842 0.0  0.597155  0.842683  0.683322  0.181199  0.230234  0.746390  0.750978  0.411426  0.625377  0.864055  0.721120  0.967569  0.636382  0.517023  0.792137  0.828615  0.497437  0.571645  0.553579  0.551989  0.624619  0.206054  0.749361  0.298030  0.748885  0.076651  0.410463  0.759424  0.714804  0.547985  0.460154  0.618232  0.686339  0.769664  0.185003  0.755336  0.137014  0.588164  0.393448  0.680267  0.626425  0.555786  0.637597  0.576589  0.189010  0.368964 
15  0.554309  0.359583  0.461494  0.707498  0.145299  0.307337  0.392228  0.207556  0.601888  0.520714  0.317213  0.082681  0.370674  0.592236  0.597155 0.0  0.273117  0.230520  0.585793  0.692966  0.354810  0.303229  0.766796  0.113490  0.422494  0.334426  0.502528  0.185157  0.492281  0.399649  0.454719  0.234756  0.221924  0.472848  0.270059  0.175175  0.623216  0.447736  0.881297  0.298959  0.625090  1.000000  0.284316  0.217185  0.167650  0.458350  0.180376  0.249537  0.293637  0.659020  0.300907  0.567946  0.202996  0.898865  0.336626  0.145171  0.162915  0.146095  0.650993  0.756047  0.742829 
16  0.707687  0.355214  0.358364  0.654674  0.185480  0.219222  0.514868  0.318345  0.601528  0.597746  0.277882  0.139269  0.133471  0.537467  0.842683  0.273117 0.0  0.076951  0.587782  0.655905  0.348533  0.175756  0.704045  0.257442  0.425942  0.368629  0.603154  0.186221  0.568519  0.298007  0.293818  0.152429  0.172170  0.461054  0.175799  0.300547  0.567999  0.348530  0.836678  0.317152  0.718151  0.842625  0.219369  0.281394  0.184751  0.474672  0.221498  0.158026  0.270577  0.678695  0.320819  0.618218  0.221228  0.756659  0.359684  0.140816  0.158997  0.107522  0.690713  0.648676  0.845192 
17  0.572025  0.330809  0.395105  0.712747  0.137524  0.320805  0.503665  0.203536  0.675672  0.646999  0.375717  0.122139  0.153167  0.699435  0.683322  0.230520  0.076951 0.0  0.688787  0.538816  0.432014  0.186462  0.668957  0.195574  0.359923  0.312564  0.497984  0.148670  0.519382  0.448509  0.460007  0.212225  0.133990  0.583485  0.116562  0.197830  0.666145  0.437161  0.749681  0.397692  0.714327  0.914646  0.236796  0.314664  0.188297  0.477224  0.288596  0.196624  0.294371  0.577557  0.466042  0.602645  0.256490  0.701446  0.256558  0.263402  0.118218  0.199668  0.717102  0.631618  0.780670 
18  0.199132  0.788894  0.815088  0.778106  0.641850  0.713550  0.025385  0.533775  0.189880  0.225506  0.700467  0.569666  0.567186  0.199134  0.181199  0.585793  0.587782  0.688787 0.0  0.226853  0.771288  0.758949  0.292798  0.646378  0.733197  0.713170  0.920745  0.615403  0.504165  0.818012  0.688570  0.663173  0.649343  0.600931  0.686524  0.676153  0.143745  0.835382  0.389604  0.883309  0.218892  0.428898  0.447402  0.653745  0.575109  0.529575  0.589430  0.614581  0.796164  0.187927  0.774767  0.117812  0.579409  0.404266  0.627791  0.669230  0.505451  0.569367  0.740612  0.138591  0.404561 
19  0.147695  0.647459  0.789546  0.742966  0.572234  0.724203  0.140780  0.621556  0.286566  0.233532  0.779215  0.603470  0.562766  0.223363  0.230234  0.692966  0.655905  0.538816  0.226853 0.0  0.737920  0.647210  0.198673  0.616649  0.762438  0.753181  0.792049  0.692020  0.441146  0.736872  0.903821  0.648790  0.603005  0.497739  0.667441  0.612955  0.259788  0.623162  0.409620  0.700020  0.189081  0.514614  0.605308  0.727853  0.629705  0.426182  0.631966  0.671701  0.691860  0.273533  0.729783  0.213073  0.647207  0.413465  0.788503  0.686422  0.610854  0.636460  0.703642  0.212653  0.378080 
20  0.893811  0.366509  0.447076  0.130092  0.537255  0.213777  0.848075  0.396396  0.742057  0.784038  0.396359  0.301759  0.473684  0.761795  0.746390  0.354810  0.348533  0.432014  0.771288  0.737920 0.0  0.294540  0.904368  0.317306  0.437537  0.488784  0.121540  0.440223  0.519913  0.145283  0.207064  0.348416  0.203816  0.418526  0.332931  0.482456  0.677043  0.313456  0.905596  0.439049  0.799694  0.450541  0.265985  0.133045  0.338767  0.511519  0.393725  0.355713  0.237314  0.710542  0.473590  0.817028  0.276820  0.967250  0.214814  0.348855  0.382076  0.373572  0.236331  0.630277  0.877634 
21  0.697471  0.297585  0.295043  0.462256  0.305319  0.266190  0.754920  0.307917  0.710614  0.698758  0.299338  0.272420  0.228519  0.761187  0.750978  0.303229  0.175756  0.186462  0.758949  0.647210  0.294540 0.0  0.734343  0.167329  0.247253  0.240605  0.326511  0.337653  0.531896  0.206606  0.297705  0.196486  0.277213  0.436524  0.238444  0.324499  0.702344  0.343132  0.752252  0.254719  0.631320  0.748990  0.232380  0.296420  0.312344  0.409426  0.178687  0.248413  0.265392  0.713846  0.295314  0.693244  0.336381  0.606022  0.295840  0.266691  0.244183  0.290522  0.537976  0.678029  0.672698 
22  0.425693  0.816427  0.663919  0.578102  0.878393  0.760414  0.257405  0.779752  0.423046  0.327771  0.652789  0.713687  0.694654  0.263661  0.411426  0.766796  0.704045  0.668957  0.292798  0.198673  0.904368  0.734343 0.0  0.782926  0.586197  0.534103  0.815564  0.794133  0.557279  0.818764  0.920600  0.853374  0.829013  0.631801  0.744652  0.776201  0.310484  0.821191  0.155830  0.547689  0.284888  0.329508  0.694911  0.672053  0.771458  0.580703  0.755730  0.743111  0.667044  0.428768  0.643125  0.360332  0.748385  0.208694  0.605750  0.872667  0.864172  0.859259  0.551972  0.294784  0.188721 
23  0.650275  0.291762  0.280494  0.650190  0.134101  0.205755  0.466059  0.140476  0.655949  0.680339  0.433035  0.171389  0.301983  0.689323  0.625377  0.113490  0.257442  0.195574  0.646378  0.616649  0.317306  0.167329  0.782926 0.0  0.270288  0.387005  0.498789  0.164986  0.440182  0.357369  0.354909  0.130681  0.115281  0.554696  0.142884  0.366018  0.646537  0.356388  0.736456  0.300132  0.683351  0.815183  0.270829  0.196191  0.161409  0.479000  0.283338  0.143855  0.320515  0.629746  0.322635  0.616135  0.203107  0.789758  0.307333  0.114772  0.124049  0.201713  0.640441  0.556947  0.738346 
24  0.708946  0.309427  0.219678  0.515517  0.355442  0.263732  0.688330  0.446815  0.720448  0.808631  0.209937  0.339632  0.346318  0.706628  0.864055  0.422494  0.425942  0.359923  0.733197  0.762438  0.437537  0.247253  0.586197  0.270288 0.0  0.248901  0.346917  0.350741  0.392042  0.472322  0.499812  0.291089  0.343509  0.705081  0.365100  0.339167  0.796084  0.279272  0.596343  0.176520  0.741985  0.785557  0.381146  0.295095  0.270504  0.545440  0.391078  0.360312  0.220652  0.730878  0.150630  0.719827  0.321566  0.552595  0.318984  0.364737  0.425617  0.302958  0.503566  0.789122  0.697799 
25  0.829317  0.327898  0.192735  0.524883  0.496820  0.337707  0.823089  0.275903  0.730928  0.861172  0.182116  0.387970  0.371858  0.820467  0.721120  0.334426  0.368629  0.312564  0.713170  0.753181  0.488784  0.240605  0.534103  0.387005  0.248901 0.0  0.201311  0.319265  0.348923  0.438866  0.369164  0.291239  0.277295  0.730054  0.352227  0.274035  0.804831  0.380873  0.672567  0.167442  0.764806  0.820322  0.297691  0.194455  0.426191  0.574829  0.320910  0.406038  0.285266  0.796169  0.215108  0.823817  0.292113  0.511155  0.248381  0.350829  0.486705  0.326973  0.595591  0.749459  0.605103 
26  0.805586  0.336979  0.333971  0.465717  0.454878  0.286730  0.814752  0.529864  0.796420  0.845164  0.376109  0.599247  0.552172  0.905272  0.967569  0.502528  0.603154  0.497984  0.920745  0.792049  0.121540  0.326511  0.815564  0.498789  0.346917  0.201311 0.0  0.562038  0.494878  0.250092  0.000000  0.530740  0.502142  0.254627  0.473010  0.606789  0.893831  0.307580  0.755539  0.354582  0.934099  0.732419  0.482788  0.358612  0.590936  0.643069  0.586000  0.535919  0.303903  0.906635  0.318786  0.857679  0.461764  0.899224  0.209470  0.470192  0.427198  0.355744  0.441632  0.903710  0.754260 
27  0.659429  0.340570  0.363660  0.702301  0.104646  0.281160  0.476565  0.153499  0.733699  0.588319  0.320910  0.206929  0.218010  0.529260  0.636382  0.185157  0.186221  0.148670  0.615403  0.692020  0.440223  0.337653  0.794133  0.164986  0.350741  0.319265  0.562038 0.0  0.409446  0.458134  0.269364  0.246684  0.129837  0.419530  0.247291  0.171669  0.529326  0.355750  0.816723  0.366797  0.695280  0.960478  0.293649  0.278187  0.122657  0.424981  0.191210  0.161511  0.293756  0.641318  0.452000  0.663219  0.280778  0.740293  0.205925  0.097539  0.114986  0.228548  0.686550  0.611840  0.672353 
28  0.534859  0.550856  0.493151  0.455408  0.482057  0.531616  0.466997  0.401201  0.465984  0.419601  0.457985  0.494430  0.499745  0.515943  0.517023  0.492281  0.568519  0.519382  0.504165  0.441146  0.519913  0.531896  0.557279  0.440182  0.392042  0.348923  0.494878  0.409446 0.0  0.420241  0.365470  0.469184  0.450414  0.515739  0.439070  0.431653  0.489879  0.518178  0.463039  0.520139  0.521019  0.417082  0.578695  0.537797  0.410382  0.537088  0.533241  0.462521  0.624327  0.424442  0.445620  0.522142  0.524277  0.476275  0.464601  0.453855  0.490822  0.462623  0.401787  0.462188  0.511609 
29  0.880195  0.385059  0.498224  0.364277  0.379312  0.297013  0.939747  0.433277  0.747213  0.861700  0.398542  0.496848  0.334621  0.780684  0.792137  0.399649  0.298007  0.448509  0.818012  0.736872  0.145283  0.206606  0.818764  0.357369  0.472322  0.438866  0.250092  0.458134  0.420241 0.0  0.251885  0.560484  0.368058  0.355428  0.404902  0.427805  0.819822  0.360482  0.843105  0.375674  0.904891  0.593263  0.426668  0.248047  0.370833  0.585259  0.507097  0.396320  0.209727  0.849365  0.345123  0.917986  0.414935  0.781388  0.288680  0.340878  0.425518  0.374139  0.441884  0.774107  0.878083 
30  0.837821  0.493349  0.509852  0.230043  0.411369  0.323859  0.753344  0.337910  0.756937  0.766848  0.529923  0.353791  0.309159  0.742964  0.828615  0.454719  0.293818  0.460007  0.688570  0.903821  0.207064  0.297705  0.920600  0.354909  0.499812  0.369164  0.000000  0.269364  0.365470  0.251885 0.0  0.283477  0.402768  0.474495  0.392180  0.338396  0.779396  0.288972  0.931581  0.492566  0.829751  0.552077  0.316677  0.293664  0.363215  0.522093  0.401574  0.336421  0.384537  0.798595  0.416796  0.800674  0.324129  0.945131  0.280552  0.318311  0.420934  0.353850  0.198325  0.703993  0.993593 
31  0.649610  0.309474  0.292041  0.651076  0.134760  0.251777  0.419172  0.366335  0.518359  0.640430  0.265488  0.298075  0.203617  0.798885  0.497437  0.234756  0.152429  0.212225  0.663173  0.648790  0.348416  0.196486  0.853374  0.130681  0.291089  0.291239  0.530740  0.246684  0.469184  0.560484  0.283477 0.0  0.316338  0.534454  0.105484  0.262038  0.631580  0.356456  0.702245  0.314898  0.524095  0.933538  0.170311  0.345941  0.184245  0.418732  0.290183  0.120811  0.256562  0.574783  0.200832  0.506599  0.199215  0.740220  0.273020  0.192476  0.264186  0.126033  0.647513  0.584407  0.800897 
32  0.586101  0.374459  0.292739  0.665738  0.037707  0.207660  0.510876  0.271863  0.647949  0.582628  0.326636  0.178372  0.236623  0.597766  0.571645  0.221924  0.172170  0.133990  0.649343  0.603005  0.203816  0.277213  0.829013  0.115281  0.343509  0.277295  0.502142  0.129837  0.450414  0.368058  0.402768  0.316338 0.0  0.597772  0.223256  0.234225  0.579240  0.339964  0.756778  0.378647  0.714906  0.883209  0.210971  0.284891  0.120222  0.481038  0.308653  0.233072  0.305638  0.578191  0.455835  0.635391  0.080983  0.634704  0.288899  0.279905  0.153056  0.204537  0.617515  0.737366  0.719043 
33  0.514111  0.569058  0.690788  0.265722  0.645629  0.424960  0.587642  0.485828  0.538439  0.540827  0.763619  0.482867  0.651077  0.461161  0.553579  0.472848  0.461054  0.583485  0.600931  0.497739  0.418526  0.436524  0.631801  0.554696  0.705081  0.730054  0.254627  0.419530  0.515739  0.355428  0.474495  0.534454  0.597772 0.0  0.545694  0.594868  0.435723  0.515875  0.680205  0.698341  0.557250  0.346716  0.483213  0.471375  0.559216  0.569649  0.554631  0.532353  0.546848  0.576674  0.742165  0.518762  0.575771  0.861336  0.499691  0.522541  0.563291  0.513891  0.376695  0.564664  0.609583 
34  0.591987  0.437906  0.364696  0.708827  0.039163  0.310906  0.435593  0.212266  0.709114  0.558587  0.422477  0.169119  0.195347  0.533253  0.551989  0.270059  0.175799  0.116562  0.686524  0.667441  0.332931  0.238444  0.744652  0.142884  0.365100  0.352227  0.473010  0.247291  0.439070  0.404902  0.392180  0.105484  0.223256  0.545694 0.0  0.210116  0.553793  0.325361  0.785560  0.292204  0.615914  0.758218  0.139037  0.299597  0.167633  0.445369  0.137435  0.207592  0.333729  0.664870  0.401713  0.599496  0.327678  0.786342  0.210835  0.171120  0.069050  0.202019  0.697151  0.752851  0.662473 
35  0.607056  0.335488  0.384316  0.706493  0.208798  0.295172  0.541457  0.132582  0.639573  0.605853  0.283290  0.176368  0.185373  0.564894  0.624619  0.175175  0.300547  0.197830  0.676153  0.612955  0.482456  0.324499  0.776201  0.366018  0.339167  0.274035  0.606789  0.171669  0.431653  0.427805  0.338396  0.262038  0.234225  0.594868  0.210116 0.0  0.541621  0.260127  0.801337  0.389551  0.590329  0.864924  0.272311  0.261354  0.199660  0.465805  0.295838  0.277161  0.181998  0.588486  0.445364  0.592266  0.205627  0.626165  0.314408  0.162166  0.138798  0.181848  0.637875  0.698972  0.785691 
36  0.165562  0.796115  0.771641  0.660744  0.622680  0.696324  0.167545  0.648519  0.182355  0.179860  0.667941  0.703223  0.631644  0.307235  0.206054  0.623216  0.567999  0.666145  0.143745  0.259788  0.677043  0.702344  0.310484  0.646537  0.796084  0.804831  0.893831  0.529326  0.489879  0.819822  0.779396  0.631580  0.579240  0.435723  0.553793  0.541621 0.0  0.725943  0.432282  0.709690  0.283796  0.551217  0.580037  0.666717  0.604975  0.464626  0.604105  0.657325  0.720492  0.155255  0.656295  0.142171  0.593136  0.430772  0.734318  0.635903  0.644863  0.621916  0.642134  0.286204  0.431151 
37  0.762866  0.100546  0.392680  0.558787  0.365783  0.290498  0.828411  0.324544  0.748579  0.871962  0.301618  0.271078  0.314933  0.793161  0.749361  0.447736  0.348530  0.437161  0.835382  0.623162  0.313456  0.343132  0.821191  0.356388  0.279272  0.380873  0.307580  0.355750  0.518178  0.360482  0.288972  0.356456  0.339964  0.515875  0.325361  0.260127  0.725943 0.0  0.875353  0.280967  0.655503  0.845863  0.407313  0.252225  0.362110  0.697562  0.442658  0.398664  0.400503  0.690771  0.294353  0.804288  0.276529  0.898997  0.246578  0.165332  0.372087  0.327356  0.542745  0.792684  0.694700 
38  0.229656  0.762523  0.645902  0.655470  0.816633  0.665458  0.381548  0.743207  0.301134  0.335244  0.668196  0.645052  0.827004  0.391539  0.298030  0.881297  0.836678  0.749681  0.389604  0.409620  0.905596  0.752252  0.155830  0.736456  0.596343  0.672567  0.755539  0.816723  0.463039  0.843105  0.931581  0.702245  0.756778  0.680205  0.785560  0.801337  0.432282  0.875353 0.0  0.679760  0.420459  0.406726  0.803065  0.660959  0.762226  0.701611  0.785417  0.735561  0.814999  0.304379  0.746960  0.336302  0.669867  0.141831  0.729657  0.856359  0.912871  0.863222  0.552872  0.293221  0.153953 
39  0.794782  0.410962  0.170255  0.460720  0.377285  0.265509  0.671716  0.334635  0.695364  0.747990  0.182089  0.330056  0.336918  0.774173  0.748885  0.298959  0.317152  0.397692  0.883309  0.700020  0.439049  0.254719  0.547689  0.300132  0.176520  0.167442  0.354582  0.366797  0.520139  0.375674  0.492566  0.314898  0.378647  0.698341  0.292204  0.389551  0.709690  0.280967  0.679760 0.0  0.809682  0.710483  0.451808  0.320584  0.329290  0.664804  0.351560  0.440797  0.218445  0.646410  0.206637  0.740496  0.343374  0.701559  0.258694  0.404548  0.452189  0.393843  0.518224  0.707623  0.666904 
40  0.158078  0.806953  0.832461  0.639168  0.489073  0.663581  0.082912  0.642770  0.194340  0.227138  0.721866  0.513710  0.529195  0.164921  0.076651  0.625090  0.718151  0.714327  0.218892  0.189081  0.799694  0.631320  0.284888  0.683351  0.741985  0.764806  0.934099  0.695280  0.521019  0.904891  0.829751  0.524095  0.714906  0.557250  0.615914  0.590329  0.283796  0.655503  0.420459  0.809682 0.0  0.478827  0.642803  0.766794  0.626465  0.416436  0.694159  0.774958  0.754523  0.091710  0.692472  0.206943  0.668376  0.384593  0.564070  0.530495  0.579055  0.586938  0.760601  0.130777  0.393812 
41  0.479443  0.846162  0.687007  0.373806  0.801948  0.661622  0.411818  0.814848  0.595403  0.476315  0.814422  0.900100  0.836089  0.570436  0.410463  1.000000  0.842625  0.914646  0.428898  0.514614  0.450541  0.748990  0.329508  0.815183  0.785557  0.820322  0.732419  0.960478  0.417082  0.593263  0.552077  0.933538  0.883209  0.346716  0.758218  0.864924  0.551217  0.845863  0.406726  0.710483  0.478827 0.0  0.881113  0.679863  0.867395  0.705286  0.882763  0.832341  0.740568  0.514376  0.802619  0.457125  0.801999  0.264260  0.672533  0.917473  0.803741  0.789481  0.517951  0.482518  0.308356 
42  0.674123  0.424915  0.323736  0.726209  0.115438  0.266296  0.452333  0.127235  0.653918  0.620980  0.323278  0.190245  0.225152  0.619847  0.759424  0.284316  0.219369  0.236796  0.447402  0.605308  0.265985  0.232380  0.694911  0.270829  0.381146  0.297691  0.482788  0.293649  0.578695  0.426668  0.316677  0.170311  0.210971  0.483213  0.139037  0.272311  0.580037  0.407313  0.803065  0.451808  0.642803  0.881113 0.0  0.222256  0.205160  0.408929  0.151410  0.254375  0.212825  0.690010  0.356430  0.602171  0.215123  0.768678  0.230072  0.256751  0.244622  0.189575  0.634173  0.649914  0.782880 
43  0.739102  0.202999  0.313541  0.479571  0.226058  0.253578  0.704938  0.299786  0.616805  0.585084  0.308101  0.112375  0.188222  0.767166  0.714804  0.217185  0.281394  0.314664  0.653745  0.727853  0.133045  0.296420  0.672053  0.196191  0.295095  0.194455  0.358612  0.278187  0.537797  0.248047  0.293664  0.345941  0.284891  0.471375  0.299597  0.261354  0.666717  0.252225  0.660959  0.320584  0.766794  0.679863  0.222256 0.0  0.266632  0.468623  0.351694  0.247616  0.300959  0.687855  0.267163  0.736303  0.275064  0.750469  0.269042  0.234461  0.217643  0.258896  0.438506  0.728116  0.710028 
44  0.457445  0.380543  0.371746  0.713930  0.203938  0.169189  0.500697  0.227157  0.616451  0.687922  0.437169  0.179053  0.214726  0.583179  0.547985  0.167650  0.184751  0.188297  0.575109  0.629705  0.338767  0.312344  0.771458  0.161409  0.270504  0.426191  0.590936  0.122657  0.410382  0.370833  0.363215  0.184245  0.120222  0.559216  0.167633  0.199660  0.604975  0.362110  0.762226  0.329290  0.626465  0.867395  0.205160  0.266632 0.0  0.360565  0.258111  0.268172  0.243732  0.490168  0.260518  0.572995  0.352618  0.815850  0.283107  0.153395  0.163277  0.301957  0.694175  0.589297  0.839262 
45  0.409183  0.493758  0.588384  0.678833  0.298507  0.526199  0.182019  0.359710  0.376537  0.389042  0.628048  0.332771  0.403194  0.440281  0.460154  0.458350  0.474672  0.477224  0.529575  0.426182  0.511519  0.409426  0.580703  0.479000  0.545440  0.574829  0.643069  0.424981  0.537088  0.585259  0.522093  0.418732  0.481038  0.569649  0.445369  0.465805  0.464626  0.697562  0.701611  0.664804  0.416436  0.705286  0.408929  0.468623  0.360565 0.0  0.475889  0.385831  0.342509  0.347687  0.514584  0.450911  0.487046  0.601640  0.500901  0.391562  0.295749  0.457364  0.670317  0.412131  0.519877 
46  0.541074  0.278634  0.482413  0.670577  0.257424  0.330326  0.451980  0.149968  0.616422  0.669979  0.279950  0.173946  0.138896  0.718999  0.618232  0.180376  0.221498  0.288596  0.589430  0.631966  0.393725  0.178687  0.755730  0.283338  0.391078  0.320910  0.586000  0.191210  0.533241  0.507097  0.401574  0.290183  0.308653  0.554631  0.137435  0.295838  0.604105  0.442658  0.785417  0.351560  0.694159  0.882763  0.151410  0.351694  0.258111  0.475889 0.0  0.162304  0.357656  0.667766  0.390495  0.590805  0.160810  0.866064  0.402460  0.174031  0.117833  0.274141  0.563073  0.594436  0.814313 
47  0.564091  0.338815  0.393223  0.739702  0.103156  0.229905  0.559157  0.241368  0.607230  0.607897  0.286541  0.157520  0.132399  0.520362  0.686339  0.249537  0.158026  0.196624  0.614581  0.671701  0.355713  0.248413  0.743111  0.143855  0.360312  0.406038  0.535919  0.161511  0.462521  0.396320  0.336421  0.120811  0.233072  0.532353  0.207592  0.277161  0.657325  0.398664  0.735561  0.440797  0.774958  0.832341  0.254375  0.247616  0.268172  0.385831  0.162304 0.0  0.308653  0.528715  0.311456  0.678235  0.232181  0.736986  0.206226  0.077152  0.160110  0.257592  0.725540  0.613902  0.753848 
48  0.776014  0.171430  0.342765  0.439592  0.235076  0.381381  0.774408  0.353854  0.685477  0.673081  0.400305  0.248024  0.383013  0.521354  0.769664  0.293637  0.270577  0.294371  0.796164  0.691860  0.237314  0.265392  0.667044  0.320515  0.220652  0.285266  0.303903  0.293756  0.624327  0.209727  0.384537  0.256562  0.305638  0.546848  0.333729  0.181998  0.720492  0.400503  0.814999  0.218445  0.754523  0.740568  0.212825  0.300959  0.243732  0.342509  0.357656  0.308653 0.0  0.758180  0.303929  0.680811  0.281176  0.606042  0.202429  0.280130  0.336740  0.249686  0.459894  0.774858  0.731153 
49  0.300991  0.675899  0.685614  0.643669  0.606309  0.716551  0.056984  0.634788  0.264791  0.228882  0.696313  0.567671  0.665172  0.253697  0.185003  0.659020  0.678695  0.577557  0.187927  0.273533  0.710542  0.713846  0.428768  0.629746  0.730878  0.796169  0.906635  0.641318  0.424442  0.849365  0.798595  0.574783  0.578191  0.576674  0.664870  0.588486  0.155255  0.690771  0.304379  0.646410  0.091710  0.514376  0.690010  0.687855  0.490168  0.347687  0.667766  0.528715  0.758180 0.0  0.776503  0.231639  0.552723  0.312221  0.708153  0.647943  0.492124  0.537076  0.594828  0.305406  0.376996 
50  0.825901  0.343450  0.158603  0.562711  0.382639  0.252481  0.729998  0.355456  0.808884  0.714580  0.347032  0.373297  0.305438  0.872114  0.755336  0.300907  0.320819  0.466042  0.774767  0.729783  0.473590  0.295314  0.643125  0.322635  0.150630  0.215108  0.318786  0.452000  0.445620  0.345123  0.416796  0.200832  0.455835  0.742165  0.401713  0.445364  0.656295  0.294353  0.746960  0.206637  0.692472  0.802619  0.356430  0.267163  0.260518  0.514584  0.390495  0.311456  0.303929  0.776503 0.0  0.836640  0.424520  0.560411  0.335008  0.287200  0.442755  0.337357  0.576319  0.713789  0.567193 
51  0.297782  0.903281  0.719962  0.657041  0.686354  0.753626  0.036505  0.566607  0.179655  0.304929  0.729920  0.721545  0.592454  0.182493  0.137014  0.567946  0.618218  0.602645  0.117812  0.213073  0.817028  0.693244  0.360332  0.616135  0.719827  0.823817  0.857679  0.663219  0.522142  0.917986  0.800674  0.506599  0.635391  0.518762  0.599496  0.592266  0.142171  0.804288  0.336302  0.740496  0.206943  0.457125  0.602171  0.736303  0.572995  0.450911  0.590805  0.678235  0.680811  0.231639  0.836640 0.0  0.509356  0.377415  0.748463  0.613535  0.563979  0.709544  0.694048  0.160843  0.363527 
52  0.627733  0.349815  0.312982  0.672848  0.105653  0.295978  0.356711  0.156459  0.566180  0.606636  0.457997  0.276906  0.166171  0.621197  0.588164  0.202996  0.221228  0.256490  0.579409  0.647207  0.276820  0.336381  0.748385  0.203107  0.321566  0.292113  0.461764  0.280778  0.524277  0.414935  0.324129  0.199215  0.080983  0.575771  0.327678  0.205627  0.593136  0.276529  0.669867  0.343374  0.668376  0.801999  0.215123  0.275064  0.352618  0.487046  0.160810  0.232181  0.281176  0.552723  0.424520  0.509356 0.0  0.788982  0.300379  0.293719  0.193197  0.141702  0.603968  0.608994  0.934392 
53  0.238647  0.735013  0.719037  0.484123  0.885150  0.704501  0.355282  0.712406  0.372802  0.284023  0.631313  0.713342  0.751384  0.327229  0.393448  0.898865  0.756659  0.701446  0.404266  0.413465  0.967250  0.606022  0.208694  0.789758  0.552595  0.511155  0.899224  0.740293  0.476275  0.781388  0.945131  0.740220  0.634704  0.861336  0.786342  0.626165  0.430772  0.898997  0.141831  0.701559  0.384593  0.264260  0.768678  0.750469  0.815850  0.601640  0.866064  0.736986  0.606042  0.312221  0.560411  0.377415  0.788982 0.0  0.641771  0.759720  0.752022  0.788908  0.607187  0.375980  0.305162 
54  0.819841  0.318079  0.219458  0.385609  0.273816  0.249610  0.624164  0.131253  0.723985  0.648010  0.372656  0.285456  0.263377  0.669804  0.680267  0.336626  0.359684  0.256558  0.627791  0.788503  0.214814  0.295840  0.605750  0.307333  0.318984  0.248381  0.209470  0.205925  0.464601  0.288680  0.280552  0.273020  0.288899  0.499691  0.210835  0.314408  0.734318  0.246578  0.729657  0.258694  0.564070  0.672533  0.230072  0.269042  0.283107  0.500901  0.402460  0.206226  0.202429  0.708153  0.335008  0.748463  0.300379  0.641771 0.0  0.163840  0.226159  0.287732  0.411838  0.764728  0.747451 
55  0.757557  0.272170  0.380629  0.767530  0.083049  0.383758  0.486946  0.211799  0.655035  0.639127  0.421667  0.244842  0.186746  0.629648  0.626425  0.145171  0.140816  0.263402  0.669230  0.686422  0.348855  0.266691  0.872667  0.114772  0.364737  0.350829  0.470192  0.097539  0.453855  0.340878  0.318311  0.192476  0.279905  0.522541  0.171120  0.162166  0.635903  0.165332  0.856359  0.404548  0.530495  0.917473  0.256751  0.234461  0.153395  0.391562  0.174031  0.077152  0.280130  0.647943  0.287200  0.613535  0.293719  0.759720  0.163840 0.0  0.134090  0.160147  0.729095  0.589551  0.780194 
56  0.675528  0.437751  0.402243  0.543916  0.149413  0.292287  0.666924  0.146535  0.544288  0.708509  0.426254  0.062110  0.172228  0.521368  0.555786  0.162915  0.158997  0.118218  0.505451  0.610854  0.382076  0.244183  0.864172  0.124049  0.425617  0.486705  0.427198  0.114986  0.490822  0.425518  0.420934  0.264186  0.153056  0.563291  0.069050  0.138798  0.644863  0.372087  0.912871  0.452189  0.579055  0.803741  0.244622  0.217643  0.163277  0.295749  0.117833  0.160110  0.336740  0.492124  0.442755  0.563979  0.193197  0.752022  0.226159  0.134090 0.0  0.115362  0.521342  0.564280  0.785038 
57  0.801027  0.336946  0.362015  0.817261  0.157817  0.257428  0.487552  0.174477  0.625802  0.509230  0.323699  0.083991  0.145839  0.562276  0.637597  0.146095  0.107522  0.199668  0.569367  0.636460  0.373572  0.290522  0.859259  0.201713  0.302958  0.326973  0.355744  0.228548  0.462623  0.374139  0.353850  0.126033  0.204537  0.513891  0.202019  0.181848  0.621916  0.327356  0.863222  0.393843  0.586938  0.789481  0.189575  0.258896  0.301957  0.457364  0.274141  0.257592  0.249686  0.537076  0.337357  0.709544  0.141702  0.788908  0.287732  0.160147  0.115362 0.0  0.717884  0.639264  0.813512 
58  0.679102  0.520970  0.597446  0.408904  0.674689  0.545204  0.553785  0.643841  0.672774  0.576940  0.566294  0.781874  0.633513  0.723884  0.576589  0.650993  0.690713  0.717102  0.740612  0.703642  0.236331  0.537976  0.551972  0.640441  0.503566  0.595591  0.441632  0.686550  0.401787  0.441884  0.198325  0.647513  0.617515  0.376695  0.697151  0.637875  0.642134  0.542745  0.552872  0.518224  0.760601  0.517951  0.634173  0.438506  0.694175  0.670317  0.563073  0.725540  0.459894  0.594828  0.576319  0.694048  0.603968  0.607187  0.411838  0.729095  0.521342  0.717884 0.0  0.673408  0.536677 
59  0.247515  0.792752  0.793049  0.618921  0.606698  0.680845  0.039226  0.564331  0.076302  0.235365  0.733956  0.635033  0.676764  0.175541  0.189010  0.756047  0.648676  0.631618  0.138591  0.212653  0.630277  0.678029  0.294784  0.556947  0.789122  0.749459  0.903710  0.611840  0.462188  0.774107  0.703993  0.584407  0.737366  0.564664  0.752851  0.698972  0.286204  0.792684  0.293221  0.707623  0.130777  0.482518  0.649914  0.728116  0.589297  0.412131  0.594436  0.613902  0.774858  0.305406  0.713789  0.160843  0.608994  0.375980  0.764728  0.589551  0.564280  0.639264  0.673408 0.0  0.368175 
60  0.389819  0.694072  0.608400  0.571700  0.865548  0.690865  0.433782  0.717636  0.345969  0.271904  0.705197  0.714078  0.824070  0.405123  0.368964  0.742829  0.845192  0.780670  0.404561  0.378080  0.877634  0.672698  0.188721  0.738346  0.697799  0.605103  0.754260  0.672353  0.511609  0.878083  0.993593  0.800897  0.719043  0.609583  0.662473  0.785691  0.431151  0.694700  0.153953  0.666904  0.393812  0.308356  0.782880  0.710028  0.839262  0.519877  0.814313  0.753848  0.731153  0.376996  0.567193  0.363527  0.934392  0.305162  0.747451  0.780194  0.785038  0.813512  0.536677  0.368175 0.0 
