61
0 0.0  0.797290  0.776294  0.639264  0.484064  0.621282  0.070040  0.564369  0.252067  0.163582  0.709795  0.673252  0.667766  0.241968  0.094482  0.557026  0.600067  0.608459  0.177142  0.195806  0.648596  0.627747  0.225630  0.541552  0.708649  0.729365  0.903419  0.679568  0.447231  0.815846  0.794130  0.722849  0.612735  0.595638  0.692859  0.603816  0.257227  0.778240  0.299771  0.943512  0.219499  0.472739  0.590090  0.693067  0.603543  0.411784  0.638269  0.662809  0.694785  0.243349  0.768366  0.217205  0.453777  0.382693  0.686241  0.618770  0.482162  0.653856  0.687119  0.250369  0.388424 
1  0.797290 0.0  0.166611  0.480700  0.391760  0.307532  0.699650  0.398421  0.764016  0.764302  0.341692  0.362183  0.315960  0.701712  0.821762  0.359092  0.291915  0.320745  0.712745  0.690314  0.376028  0.389935  0.705735  0.430539  0.359499  0.350748  0.310323  0.286997  0.539987  0.390818  0.359746  0.349644  0.288098  0.488550  0.318378  0.403646  0.694976  0.044501  0.759302  0.350164  0.686925  0.733192  0.320853  0.301869  0.257769  0.589630  0.347028  0.266421  0.292664  0.721735  0.435664  0.698659  0.202158  0.839492  0.251496  0.328288  0.353569  0.385088  0.556141  0.651241  0.661657 
2  0.776294  0.166611 0.0  0.560905  0.491156  0.269303  0.787621  0.335898  0.677332  0.729609  0.132951  0.421836  0.385291  0.713978  0.828951  0.302353  0.416087  0.326822  0.716527  0.753755  0.492783  0.241503  0.641004  0.346023  0.229497  0.263753  0.330189  0.371297  0.430790  0.347851  0.396886  0.362332  0.330456  0.578901  0.304149  0.301826  0.780881  0.317498  0.493638  0.244652  0.740803  0.686589  0.324084  0.168737  0.298432  0.511935  0.351275  0.364992  0.225953  0.692184  0.230887  0.712695  0.333877  0.606636  0.229884  0.352633  0.435026  0.347869  0.557197  0.722919  0.628045 
3  0.639264  0.480700  0.560905 0.0  0.631509  0.415912  0.544476  0.674901  0.667913  0.747711  0.576072  0.611561  0.674992  0.641639  0.567560  0.684594  0.646868  0.721781  0.622745  0.633363  0.335555  0.495722  0.504826  0.739377  0.496870  0.490588  0.413129  0.732825  0.574914  0.226304  0.410384  0.718037  0.673285  0.317183  0.573561  0.637314  0.603207  0.584008  0.523443  0.551168  0.672958  0.390349  0.655055  0.363057  0.729891  0.663174  0.703224  0.610367  0.477543  0.480581  0.501773  0.704046  0.728005  0.618606  0.568612  0.675670  0.578484  0.672825  0.470557  0.638931  0.502714 
4  0.484064  0.391760  0.491156  0.631509 0.0  0.247413  0.637953  0.156761  0.559053  0.596293  0.290549  0.130530  0.001468  0.415578  0.624319  0.077977  0.162151  0.229558  0.475972  0.487268  0.319640  0.247026  0.678002  0.102711  0.482998  0.358409  0.383560  0.181671  0.476230  0.386752  0.308040  0.105666  0.230793  0.533030  0.032858  0.061502  0.489699  0.350123  0.806603  0.347010  0.492228  0.765742  0.121197  0.252662  0.065487  0.331294  0.193786  0.053475  0.212146  0.595427  0.401005  0.503536  0.093594  0.867540  0.242341  0.015554  0.095622  0.252109  0.599161  0.588076  0.860344 
5  0.621282  0.307532  0.269303  0.415912  0.247413 0.0  0.578343  0.270938  0.594892  0.694719  0.343806  0.172859  0.321190  0.673978  0.693629  0.322410  0.266519  0.272506  0.643167  0.681175  0.159006  0.232664  0.615972  0.227309  0.336805  0.275395  0.248223  0.219349  0.391808  0.367671  0.227301  0.250490  0.206527  0.439060  0.215933  0.218457  0.681496  0.228904  0.710862  0.297977  0.659920  0.692628  0.290730  0.297357  0.226395  0.311261  0.250816  0.333429  0.346737  0.637698  0.248894  0.616517  0.371815  0.763206  0.208892  0.351017  0.300046  0.269158  0.499302  0.690957  0.631814 
6  0.070040  0.699650  0.787621  0.544476  0.637953  0.578343 0.0  0.440895  0.131076  0.110891  0.705773  0.486061  0.433555  0.090432  0.093544  0.385012  0.501178  0.462143  0.000000  0.054757  0.709794  0.680622  0.363386  0.359781  0.760238  0.672375  0.762935  0.456162  0.418921  0.892484  0.767243  0.438667  0.497117  0.514312  0.468318  0.508990  0.067486  0.838622  0.419556  0.665694  0.007898  0.327812  0.445092  0.692907  0.431842  0.374667  0.496154  0.591980  0.635654  0.000000  0.680958  0.000000  0.405092  0.349837  0.690023  0.435739  0.562352  0.413758  0.413076  0.140636  0.443521 
7  0.564369  0.398421  0.335898  0.674901  0.156761  0.270938  0.440895 0.0  0.567719  0.475324  0.374481  0.120699  0.266206  0.574646  0.509731  0.275555  0.205793  0.194358  0.650856  0.631375  0.386765  0.119307  0.724997  0.258925  0.376959  0.340238  0.390779  0.260301  0.443138  0.303609  0.258767  0.247040  0.144722  0.578609  0.131777  0.259724  0.631330  0.334816  0.684692  0.380707  0.593327  0.926899  0.226066  0.241375  0.286839  0.464214  0.261508  0.180966  0.236698  0.551495  0.416183  0.535471  0.180773  0.675583  0.329334  0.266278  0.073899  0.214304  0.672131  0.554732  0.748344 
8  0.252067  0.764016  0.677332  0.667913  0.559053  0.594892  0.131076  0.567719 0.0  0.144809  0.695986  0.590103  0.459225  0.211478  0.147295  0.534395  0.566667  0.625422  0.262111  0.182259  0.716433  0.561912  0.291504  0.594505  0.748220  0.661715  0.795872  0.603247  0.504695  0.738651  0.785908  0.553855  0.675919  0.567074  0.639456  0.582697  0.184061  0.775501  0.290828  0.762420  0.233067  0.526838  0.587554  0.665441  0.523763  0.468755  0.627578  0.612176  0.666054  0.202346  0.663845  0.222131  0.655926  0.388764  0.730004  0.658332  0.647985  0.551364  0.660299  0.201963  0.413201 
9  0.163582  0.764302  0.729609  0.747711  0.596293  0.694719  0.110891  0.475324  0.144809 0.0  0.815805  0.501149  0.526484  0.197021  0.140937  0.576670  0.469715  0.622626  0.170819  0.108490  0.670647  0.639703  0.271947  0.482169  0.724512  0.706432  0.880436  0.501413  0.422663  0.797994  0.779275  0.586915  0.590294  0.548813  0.553638  0.615548  0.181303  0.573331  0.351528  0.674965  0.237610  0.389187  0.635867  0.646963  0.590908  0.402391  0.593923  0.627070  0.621866  0.232580  0.851412  0.180983  0.520635  0.325444  0.726053  0.562419  0.569578  0.568445  0.682801  0.129288  0.302619 
10  0.709795  0.341692  0.132951  0.576072  0.290549  0.343806  0.705773  0.374481  0.695986  0.815805 0.0  0.353481  0.234445  0.674117  0.734356  0.335876  0.318932  0.318820  0.701733  0.607588  0.376824  0.463758  0.554187  0.346210  0.255820  0.249855  0.246848  0.374691  0.451265  0.500820  0.441644  0.245055  0.232929  0.663872  0.271011  0.262094  0.811459  0.302132  0.536895  0.207749  0.755182  0.705748  0.357242  0.228567  0.452896  0.524602  0.274945  0.351610  0.143270  0.750328  0.204424  0.803122  0.273233  0.575050  0.194989  0.358870  0.390350  0.350364  0.489692  0.728101  0.610961 
11  0.673252  0.362183  0.421836  0.611561  0.130530  0.172859  0.486061  0.120699  0.590103  0.501149  0.353481 0.0  0.224823  0.621267  0.577384  0.324664  0.171812  0.193758  0.586405  0.651047  0.362076  0.336705  0.744046  0.175247  0.346863  0.380320  0.408931  0.029422  0.534199  0.436414  0.323146  0.313247  0.126946  0.601258  0.144153  0.223257  0.542751  0.447306  0.673315  0.342204  0.554238  0.916065  0.140531  0.204512  0.193805  0.430909  0.180437  0.230908  0.275532  0.625086  0.324874  0.574378  0.240670  0.644594  0.284946  0.277269  0.149952  0.088415  0.706225  0.518825  0.647675 
12  0.667766  0.315960  0.385291  0.674992  0.001468  0.321190  0.433555  0.266206  0.459225  0.526484  0.234445  0.224823 0.0  0.523810  0.658896  0.191956  0.139027  0.205120  0.518759  0.696417  0.484116  0.359156  0.785462  0.192129  0.288163  0.276580  0.503005  0.216672  0.565988  0.419051  0.373039  0.180062  0.170772  0.567274  0.076515  0.197627  0.645435  0.359733  0.835813  0.329017  0.559993  0.761129  0.196193  0.212737  0.216694  0.382952  0.224607  0.164366  0.241266  0.638362  0.242666  0.596350  0.141158  0.664048  0.230775  0.215405  0.049095  0.226079  0.753646  0.631131  0.708548 
13  0.241968  0.701712  0.713978  0.641639  0.415578  0.673978  0.090432  0.574646  0.211478  0.197021  0.674117  0.621267  0.523810 0.0  0.173128  0.476693  0.597386  0.549928  0.254114  0.081131  0.683532  0.655125  0.389870  0.543051  0.772075  0.716448  0.833845  0.571642  0.417725  0.840724  0.758423  0.627735  0.620363  0.586415  0.586572  0.531245  0.147889  0.652458  0.191717  0.716999  0.203912  0.517380  0.552693  0.691323  0.501788  0.298227  0.565214  0.598556  0.736436  0.273652  0.668812  0.332061  0.582777  0.235660  0.586888  0.619683  0.485736  0.628114  0.679982  0.270176  0.369030 
14  0.094482  0.821762  0.828951  0.567560  0.624319  0.693629  0.093544  0.509731  0.147295  0.140937  0.734356  0.577384  0.658896  0.173128 0.0  0.580370  0.548201  0.599473  0.173420  0.316544  0.651421  0.612125  0.474499  0.589585  0.761683  0.753419  0.861602  0.566658  0.495063  0.853525  0.627959  0.640625  0.609639  0.462500  0.664438  0.548424  0.158010  0.682182  0.404837  0.714833  0.261228  0.492964  0.722781  0.692318  0.604507  0.564558  0.626816  0.500052  0.745729  0.279910  0.764120  0.252099  0.551840  0.346643  0.700233  0.575895  0.611022  0.590976  0.661107  0.179128  0.340620 
15  0.557026  0.359092  0.302353  0.684594  0.077977  0.322410  0.385012  0.275555  0.534395  0.576670  0.335876  0.324664  0.191956  0.476693  0.580370 0.0  0.222169  0.242190  0.723587  0.520524  0.320994  0.109767  0.815522  0.184292  0.284460  0.388081  0.537385  0.165665  0.454313  0.315281  0.322782  0.208161  0.197759  0.575201  0.328518  0.177347  0.687369  0.432667  0.733040  0.398227  0.581774  0.983098  0.132028  0.211311  0.165745  0.384485  0.166076  0.287064  0.165983  0.519819  0.394813  0.702826  0.142007  0.813353  0.274156  0.312576  0.260623  0.326747  0.635435  0.523790  0.858498 
16  0.600067  0.291915  0.416087  0.646868  0.162151  0.266519  0.501178  0.205793  0.566667  0.469715  0.318932  0.171812  0.139027  0.597386  0.548201  0.222169 0.0  0.127396  0.654183  0.610354  0.379906  0.167923  0.759405  0.217897  0.309756  0.366963  0.475943  0.177291  0.582116  0.409492  0.414464  0.190786  0.124706  0.494452  0.202508  0.174722  0.665167  0.210762  0.726931  0.296263  0.586806  0.863991  0.218693  0.138122  0.220416  0.251813  0.110177  0.214813  0.272668  0.576025  0.362895  0.576966  0.262818  0.672291  0.444753  0.182009  0.043048  0.169897  0.682900  0.546517  0.755026 
17  0.608459  0.320745  0.326822  0.721781  0.229558  0.272506  0.462143  0.194358  0.625422  0.622626  0.318820  0.193758  0.205120  0.549928  0.599473  0.242190  0.127396 0.0  0.553936  0.609576  0.447612  0.296022  0.783352  0.183976  0.360218  0.300823  0.533315  0.199242  0.387991  0.371173  0.339261  0.220379  0.225885  0.467130  0.198428  0.122086  0.689715  0.404496  0.715370  0.302293  0.590265  0.786335  0.190461  0.314848  0.138951  0.477604  0.178119  0.229150  0.314534  0.558890  0.455304  0.632852  0.184395  0.733284  0.291667  0.091964  0.040068  0.284181  0.631865  0.650296  0.632497 
18  0.177142  0.712745  0.716527  0.622745  0.475972  0.643167  0.000000  0.650856  0.262111  0.170819  0.701733  0.586405  0.518759  0.254114  0.173420  0.723587  0.654183  0.553936 0.0  0.224683  0.714129  0.647511  0.322645  0.552876  0.804082  0.802397  0.866052  0.716890  0.542388  0.797127  0.683602  0.618641  0.771152  0.505373  0.557061  0.519729  0.250071  0.831188  0.290793  0.727884  0.191634  0.487407  0.652466  0.714468  0.601111  0.489789  0.648183  0.603297  0.651477  0.148006  0.798707  0.119914  0.549409  0.218440  0.628962  0.528867  0.478007  0.649252  0.657578  0.071831  0.403662 
19  0.195806  0.690314  0.753755  0.633363  0.487268  0.681175  0.054757  0.631375  0.182259  0.108490  0.607588  0.651047  0.696417  0.081131  0.316544  0.520524  0.610354  0.609576  0.224683 0.0  0.774915  0.589885  0.382982  0.575901  0.683035  0.739468  0.748027  0.595821  0.484736  0.850549  0.836952  0.695240  0.697137  0.500656  0.616375  0.563910  0.191234  0.690382  0.378244  0.668583  0.194835  0.560229  0.673499  0.705005  0.556375  0.359170  0.715515  0.719709  0.568194  0.237229  0.781829  0.234053  0.493334  0.340806  0.696122  0.609733  0.568782  0.685197  0.631598  0.371238  0.314408 
20  0.648596  0.376028  0.492783  0.335555  0.319640  0.159006  0.709794  0.386765  0.716433  0.670647  0.376824  0.362076  0.484116  0.683532  0.651421  0.320994  0.379906  0.447612  0.714129  0.774915 0.0  0.148902  0.923172  0.248350  0.377495  0.419897  0.090016  0.330761  0.459705  0.126963  0.190381  0.350528  0.348034  0.417311  0.271861  0.287281  0.746568  0.322134  0.868478  0.438933  0.681853  0.468136  0.389671  0.226043  0.398367  0.520232  0.320388  0.402689  0.208457  0.810840  0.473090  0.612055  0.332878  0.966424  0.308827  0.454509  0.369470  0.306417  0.310821  0.677079  0.896221 
21  0.627747  0.389935  0.241503  0.495722  0.247026  0.232664  0.680622  0.119307  0.561912  0.639703  0.463758  0.336705  0.359156  0.655125  0.612125  0.109767  0.167923  0.296022  0.647511  0.589885  0.148902 0.0  0.604581  0.206988  0.282946  0.270273  0.260464  0.328206  0.516121  0.334914  0.231460  0.273239  0.153782  0.481545  0.302259  0.286085  0.696870  0.324075  0.724427  0.319962  0.731370  0.654794  0.232278  0.236179  0.250266  0.485987  0.213792  0.256376  0.159775  0.630600  0.254151  0.737037  0.198109  0.707627  0.306162  0.316867  0.312615  0.206693  0.477141  0.626165  0.594810 
22  0.225630  0.705735  0.641004  0.504826  0.678002  0.615972  0.363386  0.724997  0.291504  0.271947  0.554187  0.744046  0.785462  0.389870  0.474499  0.815522  0.759405  0.783352  0.322645  0.382982  0.923172  0.604581 0.0  0.654399  0.601643  0.656927  0.762906  0.724220  0.483817  0.699184  0.860579  0.729366  0.781225  0.748976  0.865180  0.832098  0.340572  0.821024  0.242504  0.630489  0.387964  0.212215  0.703786  0.520515  0.705144  0.500956  0.767817  0.755774  0.643090  0.366040  0.581878  0.331252  0.741372  0.134379  0.739145  0.743103  0.939646  0.712475  0.599695  0.254152  0.090992 
23  0.541552  0.430539  0.346023  0.739377  0.102711  0.227309  0.359781  0.258925  0.594505  0.482169  0.346210  0.175247  0.192129  0.543051  0.589585  0.184292  0.217897  0.183976  0.552876  0.575901  0.248350  0.206988  0.654399 0.0  0.249926  0.358045  0.501460  0.291816  0.515935  0.349216  0.242214  0.279828  0.195856  0.492397  0.223328  0.118879  0.658897  0.322423  0.722616  0.351827  0.559582  0.913919  0.247045  0.310728  0.152831  0.531903  0.198453  0.067267  0.281234  0.648267  0.317869  0.703608  0.242889  0.739558  0.290132  0.215620  0.126282  0.222271  0.691885  0.634043  0.798417 
24  0.708649  0.359499  0.229497  0.496870  0.482998  0.336805  0.760238  0.376959  0.748220  0.724512  0.255820  0.346863  0.288163  0.772075  0.761683  0.284460  0.309756  0.360218  0.804082  0.683035  0.377495  0.282946  0.601643  0.249926 0.0  0.213899  0.302505  0.292975  0.448685  0.290102  0.462213  0.283732  0.331152  0.653174  0.392472  0.418989  0.707469  0.387089  0.604594  0.325238  0.793178  0.760772  0.327042  0.172802  0.406662  0.509843  0.454923  0.306776  0.236721  0.769079  0.210234  0.704644  0.240182  0.454922  0.183813  0.344038  0.346362  0.314391  0.619215  0.727445  0.593063 
25  0.729365  0.350748  0.263753  0.490588  0.358409  0.275395  0.672375  0.340238  0.661715  0.706432  0.249855  0.380320  0.276580  0.716448  0.753419  0.388081  0.366963  0.300823  0.802397  0.739468  0.419897  0.270273  0.656927  0.358045  0.213899 0.0  0.229939  0.298442  0.369011  0.343573  0.461613  0.317942  0.356155  0.595642  0.358249  0.322322  0.798812  0.302876  0.529681  0.122139  0.741927  0.726326  0.272025  0.238652  0.262926  0.562198  0.235486  0.374852  0.311494  0.648632  0.113125  0.736734  0.299931  0.617203  0.194456  0.261035  0.419227  0.197732  0.618964  0.858634  0.583909 
26  0.903419  0.310323  0.330189  0.413129  0.383560  0.248223  0.762935  0.390779  0.795872  0.880436  0.246848  0.408931  0.503005  0.833845  0.861602  0.537385  0.475943  0.533315  0.866052  0.748027  0.090016  0.260464  0.762906  0.501460  0.302505  0.229939 0.0  0.442845  0.477358  0.157511  0.108129  0.546681  0.500409  0.296961  0.547724  0.427619  0.878187  0.250935  0.762844  0.331187  0.906447  0.622244  0.491556  0.230822  0.505049  0.671238  0.474855  0.387972  0.269985  0.856273  0.419684  0.882918  0.508753  0.715932  0.255223  0.436043  0.303837  0.415731  0.381195  0.879345  0.721226 
27  0.679568  0.286997  0.371297  0.732825  0.181671  0.219349  0.456162  0.260301  0.603247  0.501413  0.374691  0.029422  0.216672  0.571642  0.566658  0.165665  0.177291  0.199242  0.716890  0.595821  0.330761  0.328206  0.724220  0.291816  0.292975  0.298442  0.442845 0.0  0.462639  0.405331  0.306652  0.198175  0.178249  0.510223  0.146262  0.202800  0.570863  0.264964  0.692316  0.291741  0.719101  0.892138  0.178166  0.347166  0.207447  0.396013  0.186445  0.161796  0.257533  0.654958  0.345737  0.695367  0.210662  0.690417  0.214703  0.145598  0.180631  0.233425  0.613036  0.700850  0.735571 
28  0.447231  0.539987  0.430790  0.574914  0.476230  0.391808  0.418921  0.443138  0.504695  0.422663  0.451265  0.534199  0.565988  0.417725  0.495063  0.454313  0.582116  0.387991  0.542388  0.484736  0.459705  0.516121  0.483817  0.515935  0.448685  0.369011  0.477358  0.462639 0.0  0.399087  0.568279  0.487020  0.506460  0.465966  0.436320  0.516999  0.524478  0.447126  0.465766  0.479368  0.515762  0.520947  0.446210  0.628831  0.505557  0.470719  0.398399  0.508102  0.462100  0.442085  0.552949  0.410334  0.470920  0.458478  0.473193  0.406787  0.527825  0.458382  0.536480  0.530730  0.468963 
29  0.815846  0.390818  0.347851  0.226304  0.386752  0.367671  0.892484  0.303609  0.738651  0.797994  0.500820  0.436414  0.419051  0.840724  0.853525  0.315281  0.409492  0.371173  0.797127  0.850549  0.126963  0.334914  0.699184  0.349216  0.290102  0.343573  0.157511  0.405331  0.399087 0.0  0.114486  0.334528  0.396111  0.279335  0.436871  0.407800  0.837779  0.470915  0.837222  0.394662  0.690857  0.403799  0.221894  0.394882  0.497779  0.731375  0.319377  0.485351  0.304892  0.803070  0.432004  0.750845  0.401056  0.780877  0.215008  0.482403  0.491409  0.409653  0.272143  0.911857  0.813143 
30  0.794130  0.359746  0.396886  0.410384  0.308040  0.227301  0.767243  0.258767  0.785908  0.779275  0.441644  0.323146  0.373039  0.758423  0.627959  0.322782  0.414464  0.339261  0.683602  0.836952  0.190381  0.231460  0.860579  0.242214  0.462213  0.461613  0.108129  0.306652  0.568279  0.114486 0.0  0.319685  0.354430  0.389309  0.277714  0.362758  0.746932  0.357988  0.816432  0.402716  0.758721  0.505833  0.387652  0.179712  0.342621  0.544149  0.396847  0.299340  0.144403  0.769728  0.425593  0.728648  0.249421  0.910739  0.284880  0.283689  0.313449  0.327828  0.282176  0.712892  1.000000 
31  0.722849  0.349644  0.362332  0.718037  0.105666  0.250490  0.438667  0.247040  0.553855  0.586915  0.245055  0.313247  0.180062  0.627735  0.640625  0.208161  0.190786  0.220379  0.618641  0.695240  0.350528  0.273239  0.729366  0.279828  0.283732  0.317942  0.546681  0.198175  0.487020  0.334528  0.319685 0.0  0.173176  0.617640  0.370729  0.135456  0.579457  0.370990  0.854984  0.300223  0.662960  0.912936  0.168532  0.193850  0.303848  0.378797  0.152644  0.204220  0.330401  0.569941  0.295937  0.520023  0.258706  0.721702  0.313441  0.227995  0.133037  0.184910  0.661165  0.542681  0.803783 
32  0.612735  0.288098  0.330456  0.673285  0.230793  0.206527  0.497117  0.144722  0.675919  0.590294  0.232929  0.126946  0.170772  0.620363  0.609639  0.197759  0.124706  0.225885  0.771152  0.697137  0.348034  0.153782  0.781225  0.195856  0.331152  0.356155  0.500409  0.178249  0.506460  0.396111  0.354430  0.173176 0.0  0.419171  0.136961  0.221844  0.556926  0.413678  0.728104  0.293205  0.715652  0.820412  0.112022  0.319232  0.192263  0.434224  0.237078  0.289490  0.325913  0.642081  0.439370  0.557330  0.236552  0.804305  0.278038  0.190834  0.090245  0.174750  0.706148  0.605039  0.656052 
33  0.595638  0.488550  0.578901  0.317183  0.533030  0.439060  0.514312  0.578609  0.567074  0.548813  0.663872  0.601258  0.567274  0.586415  0.462500  0.575201  0.494452  0.467130  0.505373  0.500656  0.417311  0.481545  0.748976  0.492397  0.653174  0.595642  0.296961  0.510223  0.465966  0.279335  0.389309  0.617640  0.419171 0.0  0.650291  0.551528  0.463952  0.532713  0.764111  0.620470  0.454688  0.327483  0.551639  0.462698  0.565288  0.577285  0.434416  0.403074  0.470536  0.532338  0.621938  0.553311  0.589631  0.628220  0.397537  0.530797  0.625577  0.560075  0.271086  0.559732  0.712103 
34  0.692859  0.318378  0.304149  0.573561  0.032858  0.215933  0.468318  0.131777  0.639456  0.553638  0.271011  0.144153  0.076515  0.586572  0.664438  0.328518  0.202508  0.198428  0.557061  0.616375  0.271861  0.302259  0.865180  0.223328  0.392472  0.358249  0.547724  0.146262  0.436320  0.436871  0.277714  0.370729  0.136961  0.650291 0.0  0.277159  0.605908  0.338244  0.642221  0.348201  0.554595  0.834236  0.238643  0.129462  0.183713  0.411773  0.155900  0.216738  0.287022  0.692543  0.320083  0.632153  0.151732  0.670320  0.280050  0.128665  0.109585  0.156094  0.645230  0.539264  0.760449 
35  0.603816  0.403646  0.301826  0.637314  0.061502  0.218457  0.508990  0.259724  0.582697  0.615548  0.262094  0.223257  0.197627  0.531245  0.548424  0.177347  0.174722  0.122086  0.519729  0.563910  0.287281  0.286085  0.832098  0.118879  0.418989  0.322322  0.427619  0.202800  0.516999  0.407800  0.362758  0.135456  0.221844  0.551528  0.277159 0.0  0.617414  0.253936  0.681215  0.380745  0.577145  0.888708  0.150584  0.202639  0.097282  0.358420  0.185382  0.287406  0.254849  0.436015  0.351104  0.626444  0.218221  0.806350  0.216152  0.228344  0.015649  0.250747  0.614572  0.590979  0.730482 
36  0.257227  0.694976  0.780881  0.603207  0.489699  0.681496  0.067486  0.631330  0.184061  0.181303  0.811459  0.542751  0.645435  0.147889  0.158010  0.687369  0.665167  0.689715  0.250071  0.191234  0.746568  0.696870  0.340572  0.658897  0.707469  0.798812  0.878187  0.570863  0.524478  0.837779  0.746932  0.579457  0.556926  0.463952  0.605908  0.617414 0.0  0.740841  0.322755  0.726711  0.105735  0.456623  0.648454  0.707774  0.718965  0.333235  0.562837  0.582095  0.711584  0.191900  0.756912  0.145756  0.613406  0.419371  0.649319  0.590160  0.435853  0.589809  0.757122  0.236738  0.348674 
37  0.778240  0.044501  0.317498  0.584008  0.350123  0.228904  0.838622  0.334816  0.775501  0.573331  0.302132  0.447306  0.359733  0.652458  0.682182  0.432667  0.210762  0.404496  0.831188  0.690382  0.322134  0.324075  0.821024  0.322423  0.387089  0.302876  0.250935  0.264964  0.447126  0.470915  0.357988  0.370990  0.413678  0.532713  0.338244  0.253936  0.740841 0.0  0.714514  0.446252  0.732555  0.789033  0.287476  0.201807  0.218757  0.478534  0.398443  0.204418  0.265745  0.708194  0.352178  0.768611  0.370856  0.617473  0.242358  0.381219  0.413195  0.321265  0.501121  0.757572  0.811034 
38  0.299771  0.759302  0.493638  0.523443  0.806603  0.710862  0.419556  0.684692  0.290828  0.351528  0.536895  0.673315  0.835813  0.191717  0.404837  0.733040  0.726931  0.715370  0.290793  0.378244  0.868478  0.724427  0.242504  0.722616  0.604594  0.529681  0.762844  0.692316  0.465766  0.837222  0.816432  0.854984  0.728104  0.764111  0.642221  0.681215  0.322755  0.714514 0.0  0.600470  0.412960  0.388318  0.771871  0.690980  0.749253  0.596741  0.721214  0.783703  0.754713  0.368411  0.515231  0.306398  0.753105  0.235354  0.590317  0.776678  0.846906  0.693951  0.431468  0.360917  0.318918 
39  0.943512  0.350164  0.244652  0.551168  0.347010  0.297977  0.665694  0.380707  0.762420  0.674965  0.207749  0.342204  0.329017  0.716999  0.714833  0.398227  0.296263  0.302293  0.727884  0.668583  0.438933  0.319962  0.630489  0.351827  0.325238  0.122139  0.331187  0.291741  0.479368  0.394662  0.402716  0.300223  0.293205  0.620470  0.348201  0.380745  0.726711  0.446252  0.600470 0.0  0.677805  0.685454  0.341322  0.292550  0.344513  0.567751  0.296544  0.377527  0.190222  0.663651  0.248567  0.759601  0.346860  0.648374  0.271239  0.338655  0.257296  0.324810  0.562179  0.732608  0.555466 
40  0.219499  0.686925  0.740803  0.672958  0.492228  0.659920  0.007898  0.593327  0.233067  0.237610  0.755182  0.554238  0.559993  0.203912  0.261228  0.581774  0.586806  0.590265  0.191634  0.194835  0.681853  0.731370  0.387964  0.559582  0.793178  0.741927  0.906447  0.719101  0.515762  0.690857  0.758721  0.662960  0.715652  0.454688  0.554595  0.577145  0.105735  0.732555  0.412960  0.677805 0.0  0.452615  0.611041  0.680273  0.568120  0.313311  0.644675  0.745367  0.657945  0.219910  0.825210  0.229081  0.532533  0.301952  0.585814  0.652066  0.681119  0.531867  0.670859  0.222872  0.382304 
41  0.472739  0.733192  0.686589  0.390349  0.765742  0.692628  0.327812  0.926899  0.526838  0.389187  0.705748  0.916065  0.761129  0.517380  0.492964  0.983098  0.863991  0.786335  0.487407  0.560229  0.468136  0.654794  0.212215  0.913919  0.760772  0.726326  0.622244  0.892138  0.520947  0.403799  0.505833  0.912936  0.820412  0.327483  0.834236  0.888708  0.456623  0.789033  0.388318  0.685454  0.452615 0.0  0.805040  0.733580  0.877944  0.770938  0.814106  0.961236  0.680800  0.401126  0.632900  0.497611  0.827434  0.300223  0.665932  0.900947  0.830296  0.844584  0.400857  0.485962  0.409069 
42  0.590090  0.320853  0.324084  0.655055  0.121197  0.290730  0.445092  0.226066  0.587554  0.635867  0.357242  0.140531  0.196193  0.552693  0.722781  0.132028  0.218693  0.190461  0.652466  0.673499  0.389671  0.232278  0.703786  0.247045  0.327042  0.272025  0.491556  0.178166  0.446210  0.221894  0.387652  0.168532  0.112022  0.551639  0.238643  0.150584  0.648454  0.287476  0.771871  0.341322  0.611041  0.805040 0.0  0.305336  0.197139  0.488546  0.132719  0.255151  0.231417  0.477566  0.249984  0.692878  0.211602  0.746927  0.290685  0.168276  0.075865  0.232904  0.723665  0.553632  0.802049 
43  0.693067  0.301869  0.168737  0.363057  0.252662  0.297357  0.692907  0.241375  0.665441  0.646963  0.228567  0.204512  0.212737  0.691323  0.692318  0.211311  0.138122  0.314848  0.714468  0.705005  0.226043  0.236179  0.520515  0.310728  0.172802  0.238652  0.230822  0.347166  0.628831  0.394882  0.179712  0.193850  0.319232  0.462698  0.129462  0.202639  0.707774  0.201807  0.690980  0.292550  0.680273  0.733580  0.305336 0.0  0.251004  0.461230  0.290590  0.319736  0.227503  0.629774  0.337365  0.665752  0.244349  0.633821  0.187656  0.284299  0.309992  0.143001  0.480556  0.667939  0.752068 
44  0.603543  0.257769  0.298432  0.729891  0.065487  0.226395  0.431842  0.286839  0.523763  0.590908  0.452896  0.193805  0.216694  0.501788  0.604507  0.165745  0.220416  0.138951  0.601111  0.556375  0.398367  0.250266  0.705144  0.152831  0.406662  0.262926  0.505049  0.207447  0.505557  0.497779  0.342621  0.303848  0.192263  0.565288  0.183713  0.097282  0.718965  0.218757  0.749253  0.344513  0.568120  0.877944  0.197139  0.251004 0.0  0.376326  0.142598  0.198164  0.290874  0.624681  0.385163  0.597351  0.186749  0.674289  0.262095  0.206895  0.114131  0.142599  0.647863  0.651357  0.749841 
45  0.411784  0.589630  0.511935  0.663174  0.331294  0.311261  0.374667  0.464214  0.468755  0.402391  0.524602  0.430909  0.382952  0.298227  0.564558  0.384485  0.251813  0.477604  0.489789  0.359170  0.520232  0.485987  0.500956  0.531903  0.509843  0.562198  0.671238  0.396013  0.470719  0.731375  0.544149  0.378797  0.434224  0.577285  0.411773  0.358420  0.333235  0.478534  0.596741  0.567751  0.313311  0.770938  0.488546  0.461230  0.376326 0.0  0.330766  0.239849  0.446077  0.348300  0.576032  0.394476  0.493903  0.544646  0.373742  0.367515  0.304935  0.354588  0.644719  0.358047  0.552796 
46  0.638269  0.347028  0.351275  0.703224  0.193786  0.250816  0.496154  0.261508  0.627578  0.593923  0.274945  0.180437  0.224607  0.565214  0.626816  0.166076  0.110177  0.178119  0.648183  0.715515  0.320388  0.213792  0.767817  0.198453  0.454923  0.235486  0.474855  0.186445  0.398399  0.319377  0.396847  0.152644  0.237078  0.434416  0.155900  0.185382  0.562837  0.398443  0.721214  0.296544  0.644675  0.814106  0.132719  0.290590  0.142598  0.330766 0.0  0.150228  0.319794  0.560830  0.368093  0.644934  0.247428  0.732127  0.246933  0.258410  0.109343  0.126261  0.650901  0.645126  0.720029 
47  0.662809  0.266421  0.364992  0.610367  0.053475  0.333429  0.591980  0.180966  0.612176  0.627070  0.351610  0.230908  0.164366  0.598556  0.500052  0.287064  0.214813  0.229150  0.603297  0.719709  0.402689  0.256376  0.755774  0.067267  0.306776  0.374852  0.387972  0.161796  0.508102  0.485351  0.299340  0.204220  0.289490  0.403074  0.216738  0.287406  0.582095  0.204418  0.783703  0.377527  0.745367  0.961236  0.255151  0.319736  0.198164  0.239849  0.150228 0.0  0.254404  0.538330  0.269220  0.602548  0.147369  0.731523  0.325652  0.182888  0.156210  0.217379  0.603129  0.518080  0.670008 
48  0.694785  0.292664  0.225953  0.477543  0.212146  0.346737  0.635654  0.236698  0.666054  0.621866  0.143270  0.275532  0.241266  0.736436  0.745729  0.165983  0.272668  0.314534  0.651477  0.568194  0.208457  0.159775  0.643090  0.281234  0.236721  0.311494  0.269985  0.257533  0.462100  0.304892  0.144403  0.330401  0.325913  0.470536  0.287022  0.254849  0.711584  0.265745  0.754713  0.190222  0.657945  0.680800  0.231417  0.227503  0.290874  0.446077  0.319794  0.254404 0.0  0.618756  0.160506  0.736186  0.172806  0.782670  0.328308  0.385337  0.292454  0.251170  0.363378  0.671159  0.720143 
49  0.243349  0.721735  0.692184  0.480581  0.595427  0.637698  0.000000  0.551495  0.202346  0.232580  0.750328  0.625086  0.638362  0.273652  0.279910  0.519819  0.576025  0.558890  0.148006  0.237229  0.810840  0.630600  0.366040  0.648267  0.769079  0.648632  0.856273  0.654958  0.442085  0.803070  0.769728  0.569941  0.642081  0.532338  0.692543  0.436015  0.191900  0.708194  0.368411  0.663651  0.219910  0.401126  0.477566  0.629774  0.624681  0.348300  0.560830  0.538330  0.618756 0.0  0.759320  0.207674  0.637388  0.275946  0.702525  0.672219  0.566935  0.531598  0.730032  0.277072  0.355945 
50  0.768366  0.435664  0.230887  0.501773  0.401005  0.248894  0.680958  0.416183  0.663845  0.851412  0.204424  0.324874  0.242666  0.668812  0.764120  0.394813  0.362895  0.455304  0.798707  0.781829  0.473090  0.254151  0.581878  0.317869  0.210234  0.113125  0.419684  0.345737  0.552949  0.432004  0.425593  0.295937  0.439370  0.621938  0.320083  0.351104  0.756912  0.352178  0.515231  0.248567  0.825210  0.632900  0.249984  0.337365  0.385163  0.576032  0.368093  0.269220  0.160506  0.759320 0.0  0.724248  0.377475  0.491372  0.299839  0.270384  0.399881  0.298226  0.497197  0.695653  0.600211 
51  0.217205  0.698659  0.712695  0.704046  0.503536  0.616517  0.000000  0.535471  0.222131  0.180983  0.803122  0.574378  0.596350  0.332061  0.252099  0.702826  0.576966  0.632852  0.119914  0.234053  0.612055  0.737037  0.331252  0.703608  0.704644  0.736734  0.882918  0.695367  0.410334  0.750845  0.728648  0.520023  0.557330  0.553311  0.632153  0.626444  0.145756  0.768611  0.306398  0.759601  0.229081  0.497611  0.692878  0.665752  0.597351  0.394476  0.644934  0.602548  0.736186  0.207674  0.724248 0.0  0.647934  0.381544  0.688721  0.615637  0.523447  0.604489  0.607279  0.216183  0.326115 
52  0.453777  0.202158  0.333877  0.728005  0.093594  0.371815  0.405092  0.180773  0.655926  0.520635  0.273233  0.240670  0.141158  0.582777  0.551840  0.142007  0.262818  0.184395  0.549409  0.493334  0.332878  0.198109  0.741372  0.242889  0.240182  0.299931  0.508753  0.210662  0.470920  0.401056  0.249421  0.258706  0.236552  0.589631  0.151732  0.218221  0.613406  0.370856  0.753105  0.346860  0.532533  0.827434  0.211602  0.244349  0.186749  0.493903  0.247428  0.147369  0.172806  0.637388  0.377475  0.647934 0.0  0.692667  0.357709  0.268582  0.119202  0.292855  0.661117  0.596072  0.700256 
53  0.382693  0.839492  0.606636  0.618606  0.867540  0.763206  0.349837  0.675583  0.388764  0.325444  0.575050  0.644594  0.664048  0.235660  0.346643  0.813353  0.672291  0.733284  0.218440  0.340806  0.966424  0.707627  0.134379  0.739558  0.454922  0.617203  0.715932  0.690417  0.458478  0.780877  0.910739  0.721702  0.804305  0.628220  0.670320  0.806350  0.419371  0.617473  0.235354  0.648374  0.301952  0.300223  0.746927  0.633821  0.674289  0.544646  0.732127  0.731523  0.782670  0.275946  0.491372  0.381544  0.692667 0.0  0.582118  0.745214  0.816738  0.676975  0.526173  0.374154  0.256339 
54  0.686241  0.251496  0.229884  0.568612  0.242341  0.208892  0.690023  0.329334  0.730004  0.726053  0.194989  0.284946  0.230775  0.586888  0.700233  0.274156  0.444753  0.291667  0.628962  0.696122  0.308827  0.306162  0.739145  0.290132  0.183813  0.194456  0.255223  0.214703  0.473193  0.215008  0.284880  0.313441  0.278038  0.397537  0.280050  0.216152  0.649319  0.242358  0.590317  0.271239  0.585814  0.665932  0.290685  0.187656  0.262095  0.373742  0.246933  0.325652  0.328308  0.702525  0.299839  0.688721  0.357709  0.582118 0.0  0.232131  0.308875  0.267346  0.478211  0.708652  0.684567 
55  0.618770  0.328288  0.352633  0.675670  0.015554  0.351017  0.435739  0.266278  0.658332  0.562419  0.358870  0.277269  0.215405  0.619683  0.575895  0.312576  0.182009  0.091964  0.528867  0.609733  0.454509  0.316867  0.743103  0.215620  0.344038  0.261035  0.436043  0.145598  0.406787  0.482403  0.283689  0.227995  0.190834  0.530797  0.128665  0.228344  0.590160  0.381219  0.776678  0.338655  0.652066  0.900947  0.168276  0.284299  0.206895  0.367515  0.258410  0.182888  0.385337  0.672219  0.270384  0.615637  0.268582  0.745214  0.232131 0.0  0.399490  0.189500  0.779634  0.579750  0.727990 
56  0.482162  0.353569  0.435026  0.578484  0.095622  0.300046  0.562352  0.073899  0.647985  0.569578  0.390350  0.149952  0.049095  0.485736  0.611022  0.260623  0.043048  0.040068  0.478007  0.568782  0.369470  0.312615  0.939646  0.126282  0.346362  0.419227  0.303837  0.180631  0.527825  0.491409  0.313449  0.133037  0.090245  0.625577  0.109585  0.015649  0.435853  0.413195  0.846906  0.257296  0.681119  0.830296  0.075865  0.309992  0.114131  0.304935  0.109343  0.156210  0.292454  0.566935  0.399881  0.523447  0.119202  0.816738  0.308875  0.399490 0.0  0.160074  0.603581  0.407107  0.825677 
57  0.653856  0.385088  0.347869  0.672825  0.252109  0.269158  0.413758  0.214304  0.551364  0.568445  0.350364  0.088415  0.226079  0.628114  0.590976  0.326747  0.169897  0.284181  0.649252  0.685197  0.306417  0.206693  0.712475  0.222271  0.314391  0.197732  0.415731  0.233425  0.458382  0.409653  0.327828  0.184910  0.174750  0.560075  0.156094  0.250747  0.589809  0.321265  0.693951  0.324810  0.531867  0.844584  0.232904  0.143001  0.142599  0.354588  0.126261  0.217379  0.251170  0.531598  0.298226  0.604489  0.292855  0.676975  0.267346  0.189500  0.160074 0.0  0.770383  0.700363  0.655563 
58  0.687119  0.556141  0.557197  0.470557  0.599161  0.499302  0.413076  0.672131  0.660299  0.682801  0.489692  0.706225  0.753646  0.679982  0.661107  0.635435  0.682900  0.631865  0.657578  0.631598  0.310821  0.477141  0.599695  0.691885  0.619215  0.618964  0.381195  0.613036  0.536480  0.272143  0.282176  0.661165  0.706148  0.271086  0.645230  0.614572  0.757122  0.501121  0.431468  0.562179  0.670859  0.400857  0.723665  0.480556  0.647863  0.644719  0.650901  0.603129  0.363378  0.730032  0.497197  0.607279  0.661117  0.526173  0.478211  0.779634  0.603581  0.770383 0.0  0.730068  0.504859 
59  0.250369  0.651241  0.722919  0.638931  0.588076  0.690957  0.140636  0.554732  0.201963  0.129288  0.728101  0.518825  0.631131  0.270176  0.179128  0.523790  0.546517  0.650296  0.071831  0.371238  0.677079  0.626165  0.254152  0.634043  0.727445  0.858634  0.879345  0.700850  0.530730  0.911857  0.712892  0.542681  0.605039  0.559732  0.539264  0.590979  0.236738  0.757572  0.360917  0.732608  0.222872  0.485962  0.553632  0.667939  0.651357  0.358047  0.645126  0.518080  0.671159  0.277072  0.695653  0.216183  0.596072  0.374154  0.708652  0.579750  0.407107  0.700363  0.730068 0.0  0.221323 
60  0.388424  0.661657  0.628045  0.502714  0.860344  0.631814  0.443521  0.748344  0.413201  0.302619  0.610961  0.647675  0.708548  0.369030  0.340620  0.858498  0.755026  0.632497  0.403662  0.314408  0.896221  0.594810  0.090992  0.798417  0.593063  0.583909  0.721226  0.735571  0.468963  0.813143  1.000000  0.803783  0.656052  0.712103  0.760449  0.730482  0.348674  0.811034  0.318918  0.555466  0.382304  0.409069  0.802049  0.752068  0.749841  0.552796  0.720029  0.670008  0.720143  0.355945  0.600211  0.326115  0.700256  0.256339  0.684567  0.727990  0.825677  0.655563  0.504859  0.221323 0.0 
