61
0 0.0  0.782459  0.828953  0.794530  0.458497  0.661187  0.117387  0.572867  0.196418  0.265742  0.834908  0.615011  0.723313  0.094269  0.181718  0.565887  0.570628  0.612670  0.214528  0.188595  0.746787  0.571910  0.403101  0.476965  0.699389  0.669201  0.839674  0.604930  0.442490  0.849488  0.756904  0.636233  0.662175  0.631005  0.659815  0.597426  0.093660  0.724618  0.286037  0.710350  0.237161  0.512812  0.601706  0.687075  0.691701  0.399941  0.583415  0.590150  0.621176  0.131748  0.855313  0.304886  0.612852  0.310017  0.592063  0.635528  0.496750  0.539865  0.754315  0.120126  0.510601 
1  0.782459 0.0  0.394643  0.425776  0.343488  0.209898  0.809298  0.395357  0.730343  0.663654  0.318028  0.231462  0.348490  0.668063  0.797644  0.380322  0.365065  0.407778  0.713141  0.679287  0.369814  0.265968  0.729803  0.301217  0.314035  0.222268  0.353268  0.324818  0.408559  0.407820  0.354268  0.334000  0.315108  0.428915  0.372799  0.426851  0.770921  0.111501  0.863244  0.300870  0.707380  0.748230  0.357158  0.261401  0.412280  0.663098  0.225282  0.328905  0.343629  0.682637  0.323963  0.779411  0.317795  0.693438  0.253475  0.341081  0.431115  0.485061  0.593865  0.775071  0.711830 
2  0.828953  0.394643 0.0  0.584484  0.383446  0.178418  0.720051  0.321245  0.678379  0.692992  0.271133  0.353807  0.248874  0.725697  0.668033  0.373392  0.403341  0.372191  0.719634  0.731172  0.401219  0.357604  0.605646  0.421211  0.209602  0.211576  0.417093  0.371240  0.497814  0.343884  0.578098  0.404460  0.319341  0.653130  0.340959  0.292790  0.743898  0.282294  0.579735  0.200335  0.658817  0.787900  0.388300  0.231261  0.330720  0.533948  0.335661  0.408201  0.231002  0.795638  0.179655  0.599916  0.301978  0.586426  0.171148  0.404145  0.439407  0.332224  0.621076  0.771779  0.626484 
3  0.794530  0.425776  0.584484 0.0  0.530010  0.529907  0.613560  0.754575  0.686593  0.609136  0.610069  0.688080  0.602790  0.552980  0.660139  0.600958  0.723343  0.665749  0.683525  0.557700  0.257600  0.402125  0.490519  0.709306  0.565650  0.606271  0.403737  0.559889  0.480514  0.402181  0.218830  0.681317  0.660456  0.274309  0.565859  0.777286  0.539623  0.644685  0.476037  0.549688  0.720620  0.322273  0.645673  0.534394  0.744875  0.581970  0.684882  0.614786  0.482871  0.631035  0.572971  0.625920  0.751970  0.534498  0.453882  0.688056  0.680639  0.750693  0.294822  0.648309  0.508521 
4  0.458497  0.343488  0.383446  0.530010 0.0  0.303645  0.583325  0.119036  0.458776  0.597337  0.239485  0.104316  0.100618  0.544544  0.495160  0.043768  0.225267  0.169874  0.489524  0.621719  0.292100  0.276810  0.840232  0.200376  0.259041  0.357260  0.409716  0.077142  0.520124  0.296666  0.362232  0.107450  0.127261  0.691597  0.052087  0.075765  0.555094  0.467792  0.742373  0.397281  0.516225  0.792596  0.128029  0.284877  0.175134  0.382102  0.123948  0.168421  0.221554  0.614815  0.418875  0.595357  0.255081  0.768908  0.187618  0.149456  0.101221  0.093375  0.566631  0.494108  0.800077 
5  0.661187  0.209898  0.178418  0.529907  0.303645 0.0  0.724671  0.225006  0.745704  0.736851  0.155088  0.235965  0.274506  0.644643  0.728643  0.335547  0.327504  0.400446  0.635983  0.528192  0.247817  0.351881  0.597503  0.422379  0.249878  0.250839  0.252411  0.245223  0.388501  0.311893  0.235595  0.303976  0.292735  0.439639  0.189556  0.307587  0.731525  0.189759  0.688223  0.336476  0.650335  0.606180  0.240008  0.267660  0.206355  0.403586  0.199533  0.346011  0.295666  0.657456  0.229511  0.663355  0.309256  0.688654  0.344505  0.239990  0.239276  0.286683  0.468900  0.674520  0.693105 
6  0.117387  0.809298  0.720051  0.613560  0.583325  0.724671 0.0  0.505967  0.023874  0.033482  0.722574  0.414890  0.431154  0.116496  0.167318  0.615948  0.407714  0.350138  0.077172  0.003220  0.787225  0.594148  0.375713  0.432572  0.686633  0.736651  0.804995  0.477880  0.600625  0.785567  0.731442  0.467745  0.478275  0.539936  0.524282  0.522456  0.030419  0.727423  0.335278  0.669272  0.076951  0.262014  0.496450  0.717487  0.476721  0.258566  0.504466  0.530066  0.653597  0.000000  0.644982  0.122085  0.458094  0.227506  0.657153  0.489786  0.585809  0.514886  0.544005  0.000000  0.333588 
7  0.572867  0.395357  0.321245  0.754575  0.119036  0.225006  0.505967 0.0  0.624694  0.599668  0.319748  0.273483  0.161315  0.605405  0.639205  0.189043  0.114918  0.208962  0.739709  0.595826  0.422759  0.277927  0.748770  0.245188  0.363034  0.290505  0.411500  0.127432  0.425681  0.426497  0.298800  0.162219  0.244114  0.524758  0.217651  0.159818  0.634640  0.368314  0.777200  0.345205  0.639101  0.870112  0.144646  0.285830  0.221160  0.456148  0.190936  0.150883  0.209871  0.557214  0.301319  0.648775  0.260885  0.678552  0.288983  0.197393  0.222577  0.194732  0.592367  0.530547  0.749938 
8  0.196418  0.730343  0.678379  0.686593  0.458776  0.745704  0.023874  0.624694 0.0  0.241461  0.773778  0.656942  0.587285  0.098642  0.145704  0.591684  0.629877  0.586784  0.302530  0.186491  0.748719  0.674950  0.405885  0.622024  0.773042  0.760550  0.880125  0.482492  0.394033  0.705865  0.718814  0.537657  0.568445  0.504645  0.582062  0.543584  0.177301  0.673107  0.380318  0.781673  0.173292  0.512385  0.520243  0.660473  0.618602  0.422255  0.653932  0.523751  0.675604  0.212710  0.811123  0.179222  0.562716  0.429678  0.652469  0.686131  0.533116  0.585078  0.666430  0.104509  0.228730 
9  0.265742  0.663654  0.692992  0.609136  0.597337  0.736851  0.033482  0.599668  0.241461 0.0  0.804138  0.552143  0.569294  0.185988  0.222141  0.619672  0.535615  0.619634  0.183254  0.172064  0.705037  0.677225  0.451328  0.537296  0.793579  0.842205  0.843977  0.558674  0.447418  0.759963  0.765429  0.632609  0.485047  0.564579  0.593078  0.568590  0.300369  0.817225  0.319458  0.760453  0.224265  0.562148  0.686305  0.707907  0.547260  0.401534  0.504153  0.560362  0.660579  0.306311  0.711075  0.110912  0.632259  0.337481  0.690990  0.643346  0.607638  0.559854  0.745281  0.187737  0.332705 
10  0.834908  0.318028  0.271133  0.610069  0.239485  0.155088  0.722574  0.319748  0.773778  0.804138 0.0  0.284100  0.313844  0.761156  0.701215  0.269882  0.397065  0.442665  0.788932  0.708695  0.532298  0.270035  0.525508  0.358183  0.264373  0.178117  0.349626  0.256831  0.460813  0.476816  0.448276  0.328037  0.282579  0.666427  0.357066  0.332610  0.665199  0.300021  0.573249  0.175299  0.822050  0.760968  0.278161  0.205909  0.362859  0.553359  0.330152  0.415740  0.253350  0.702780  0.106401  0.796587  0.457090  0.527709  0.261731  0.307617  0.399400  0.329079  0.587406  0.618142  0.527853 
11  0.615011  0.231462  0.353807  0.688080  0.104316  0.235965  0.414890  0.273483  0.656942  0.552143  0.284100 0.0  0.332212  0.543193  0.658901  0.149935  0.198810  0.131050  0.622254  0.670923  0.269292  0.263615  0.705393  0.134010  0.338536  0.365935  0.452604  0.183845  0.552907  0.320248  0.441419  0.317400  0.142834  0.572488  0.097661  0.215746  0.533774  0.285248  0.754259  0.336737  0.595249  0.975200  0.150135  0.124662  0.244852  0.406392  0.319225  0.229355  0.253900  0.482847  0.342120  0.548555  0.157206  0.850804  0.288685  0.259795  0.054333  0.285136  0.703603  0.605524  0.754241 
12  0.723313  0.348490  0.248874  0.602790  0.100618  0.274506  0.431154  0.161315  0.587285  0.569294  0.313844  0.332212 0.0  0.599141  0.649964  0.173522  0.169248  0.088754  0.582702  0.441550  0.277757  0.172147  0.741992  0.222549  0.268910  0.463518  0.487441  0.118658  0.524425  0.503415  0.342503  0.260331  0.194274  0.607839  0.203681  0.250438  0.535703  0.414784  0.700346  0.290502  0.640367  0.869634  0.296168  0.242560  0.238889  0.410939  0.226012  0.191965  0.334374  0.592669  0.400496  0.579276  0.294518  0.736680  0.194268  0.295781  0.160447  0.259916  0.640636  0.571702  0.810102 
13  0.094269  0.668063  0.725697  0.552980  0.544544  0.644643  0.116496  0.605405  0.098642  0.185988  0.761156  0.543193  0.599141 0.0  0.315591  0.480608  0.698078  0.580121  0.229734  0.161359  0.753608  0.602518  0.301876  0.665302  0.697737  0.728089  0.830370  0.595732  0.429271  0.849301  0.774495  0.564670  0.693914  0.467132  0.610563  0.495594  0.213901  0.784774  0.363795  0.815610  0.215076  0.518176  0.519764  0.665814  0.628372  0.466141  0.608638  0.568818  0.513895  0.254995  0.681514  0.274750  0.551843  0.393701  0.708578  0.544774  0.536973  0.636329  0.705973  0.076141  0.250198 
14  0.181718  0.797644  0.668033  0.660139  0.495160  0.728643  0.167318  0.639205  0.145704  0.222141  0.701215  0.658901  0.649964  0.315591 0.0  0.693369  0.601781  0.582718  0.180255  0.154010  0.629418  0.662170  0.376553  0.554777  0.744881  0.703873  0.884036  0.678563  0.551553  0.909449  0.793254  0.560648  0.659682  0.612693  0.651190  0.593908  0.219312  0.687489  0.371714  0.755489  0.309747  0.512496  0.664192  0.774119  0.615498  0.316600  0.605253  0.601870  0.588026  0.059957  0.841267  0.229082  0.540905  0.333550  0.723620  0.606993  0.509598  0.506124  0.627729  0.287875  0.355019 
15  0.565887  0.380322  0.373392  0.600958  0.043768  0.335547  0.615948  0.189043  0.591684  0.619672  0.269882  0.149935  0.173522  0.480608  0.693369 0.0  0.295948  0.175415  0.472682  0.646874  0.317098  0.243173  0.808886  0.086571  0.298230  0.290456  0.477153  0.206150  0.461021  0.346796  0.255377  0.259288  0.136976  0.516869  0.206347  0.212177  0.505389  0.331848  0.799654  0.317197  0.654185  0.901328  0.184075  0.300557  0.208333  0.439077  0.184430  0.129200  0.233066  0.564543  0.412118  0.586194  0.206536  0.784382  0.288617  0.260252  0.130770  0.167263  0.647185  0.595408  0.804542 
16  0.570628  0.365065  0.403341  0.723343  0.225267  0.327504  0.407714  0.114918  0.629877  0.535615  0.397065  0.198810  0.169248  0.698078  0.601781  0.295948 0.0  0.204709  0.612383  0.601899  0.417590  0.326506  0.780064  0.160209  0.308944  0.430624  0.447500  0.184502  0.340821  0.419010  0.358618  0.273591  0.229863  0.589490  0.339377  0.179371  0.637893  0.450507  0.728087  0.320066  0.708442  0.868335  0.281009  0.273563  0.134291  0.374280  0.131847  0.234070  0.301104  0.710920  0.276167  0.486548  0.142952  0.807789  0.168894  0.172014  0.148705  0.197760  0.810666  0.634238  0.720463 
17  0.612670  0.407778  0.372191  0.665749  0.169874  0.400446  0.350138  0.208962  0.586784  0.619634  0.442665  0.131050  0.088754  0.580121  0.582718  0.175415  0.204709 0.0  0.541508  0.598588  0.336964  0.301178  0.705470  0.259101  0.389540  0.359209  0.388459  0.301159  0.425147  0.400735  0.329844  0.295649  0.192014  0.453131  0.082607  0.208482  0.708671  0.297530  0.812979  0.397454  0.620562  0.979925  0.203251  0.239823  0.250603  0.422154  0.080821  0.215354  0.253010  0.675981  0.395363  0.623625  0.178526  0.816996  0.214548  0.230831  0.204951  0.136318  0.660762  0.600770  0.734676 
18  0.214528  0.713141  0.719634  0.683525  0.489524  0.635983  0.077172  0.739709  0.302530  0.183254  0.788932  0.622254  0.582702  0.229734  0.180255  0.472682  0.612383  0.541508 0.0  0.272956  0.714962  0.687123  0.320411  0.582860  0.686778  0.767558  0.838481  0.520990  0.527001  0.786822  0.785561  0.605150  0.740005  0.696156  0.611121  0.628465  0.219204  0.741073  0.413293  0.707157  0.190602  0.418092  0.614565  0.670758  0.564742  0.382350  0.631961  0.542325  0.732694  0.167901  0.721097  0.257466  0.560936  0.222820  0.633869  0.497822  0.583032  0.540084  0.640002  0.335403  0.311872 
19  0.188595  0.679287  0.731172  0.557700  0.621719  0.528192  0.003220  0.595826  0.186491  0.172064  0.708695  0.670923  0.441550  0.161359  0.154010  0.646874  0.601899  0.598588  0.272956 0.0  0.745822  0.605024  0.302953  0.640727  0.728875  0.653051  0.961239  0.554205  0.449417  0.782362  0.687385  0.629948  0.684990  0.553501  0.663561  0.650809  0.215755  0.691145  0.369161  0.757856  0.131664  0.520059  0.555460  0.654589  0.633225  0.434435  0.616590  0.661275  0.607821  0.186108  0.793139  0.181092  0.604210  0.218110  0.595299  0.613013  0.498686  0.657257  0.633193  0.185482  0.352802 
20  0.746787  0.369814  0.401219  0.257600  0.292100  0.247817  0.787225  0.422759  0.748719  0.705037  0.532298  0.269292  0.277757  0.753608  0.629418  0.317098  0.417590  0.336964  0.714962  0.745822 0.0  0.138937  0.871537  0.365093  0.542197  0.497144  0.111021  0.248893  0.384330  0.207841  0.190918  0.368523  0.353858  0.371667  0.317680  0.385981  0.720841  0.349363  0.793120  0.407013  0.682539  0.528613  0.298163  0.323038  0.346431  0.532678  0.332715  0.269706  0.232237  0.773733  0.461473  0.755526  0.331802  0.762074  0.260229  0.363688  0.453930  0.290998  0.244095  0.688654  0.947151 
21  0.571910  0.265968  0.357604  0.402125  0.276810  0.351881  0.594148  0.277927  0.674950  0.677225  0.270035  0.263615  0.172147  0.602518  0.662170  0.243173  0.326506  0.301178  0.687123  0.605024  0.138937 0.0  0.648365  0.267398  0.310545  0.193231  0.320439  0.393627  0.525396  0.355517  0.285047  0.341136  0.249087  0.466061  0.254306  0.232171  0.636195  0.173243  0.736685  0.239903  0.679497  0.620711  0.282247  0.247707  0.167071  0.367544  0.291312  0.254468  0.165446  0.605813  0.297272  0.591651  0.219643  0.535664  0.361548  0.241177  0.304209  0.291590  0.418738  0.651965  0.763144 
22  0.403101  0.729803  0.605646  0.490519  0.840232  0.597503  0.375713  0.748770  0.405885  0.451328  0.525508  0.705393  0.741992  0.301876  0.376553  0.808886  0.780064  0.705470  0.320411  0.302953  0.871537  0.648365 0.0  0.774450  0.738130  0.542533  0.749535  0.739956  0.604210  0.892513  0.892977  0.707298  0.813616  0.714744  0.769105  0.643069  0.291498  0.816051  0.169293  0.597217  0.391920  0.310652  0.757108  0.627473  0.719445  0.559881  0.785616  0.726051  0.679539  0.312010  0.675922  0.231191  0.703542  0.166971  0.652798  0.738507  0.733844  0.758238  0.550884  0.347017  0.158817 
23  0.476965  0.301217  0.421211  0.709306  0.200376  0.422379  0.432572  0.245188  0.622024  0.537296  0.358183  0.134010  0.222549  0.665302  0.554777  0.086571  0.160209  0.259101  0.582860  0.640727  0.365093  0.267398  0.774450 0.0  0.298068  0.371761  0.482339  0.209156  0.433864  0.440696  0.448870  0.222334  0.061794  0.441362  0.281228  0.201757  0.624006  0.331193  0.832339  0.319196  0.580722  0.939410  0.089309  0.262137  0.214716  0.386563  0.203898  0.311713  0.322407  0.675749  0.220371  0.574091  0.246693  0.819481  0.197961  0.147218  0.151259  0.212326  0.720035  0.595955  0.610529 
24  0.699389  0.314035  0.209602  0.565650  0.259041  0.249878  0.686633  0.363034  0.773042  0.793579  0.264373  0.338536  0.268910  0.697737  0.744881  0.298230  0.308944  0.389540  0.686778  0.728875  0.542197  0.310545  0.738130  0.298068 0.0  0.137434  0.346038  0.364827  0.439824  0.392769  0.550322  0.294328  0.374930  0.635488  0.310951  0.289501  0.775831  0.320547  0.572405  0.305777  0.764439  0.724247  0.347875  0.270941  0.317632  0.551875  0.284138  0.392454  0.371292  0.764316  0.195204  0.700566  0.360189  0.563986  0.339785  0.401397  0.460318  0.263302  0.574184  0.789269  0.685319 
25  0.669201  0.222268  0.211576  0.606271  0.357260  0.250839  0.736651  0.290505  0.760550  0.842205  0.178117  0.365935  0.463518  0.728089  0.703873  0.290456  0.430624  0.359209  0.767558  0.653051  0.497144  0.193231  0.542533  0.371761  0.137434 0.0  0.318251  0.329394  0.544070  0.370358  0.383676  0.345726  0.320270  0.731556  0.318485  0.346073  0.698200  0.191879  0.579048  0.174052  0.695676  0.693590  0.389168  0.295964  0.298997  0.609391  0.401690  0.467660  0.192294  0.662064  0.238602  0.851799  0.369516  0.617510  0.363151  0.407762  0.414496  0.365285  0.491672  0.801901  0.677362 
26  0.839674  0.353268  0.417093  0.403737  0.409716  0.252411  0.804995  0.411500  0.880125  0.843977  0.349626  0.452604  0.487441  0.830370  0.884036  0.477153  0.447500  0.388459  0.838481  0.961239  0.111021  0.320439  0.749535  0.482339  0.346038  0.318251 0.0  0.436032  0.428845  0.218540  0.021711  0.539088  0.628298  0.372589  0.383967  0.521222  0.961943  0.386713  0.801933  0.337031  0.873589  0.589162  0.404535  0.244552  0.440635  0.696041  0.371090  0.515408  0.260746  0.841616  0.346852  0.961732  0.400873  0.676076  0.383406  0.440523  0.419985  0.428480  0.504974  0.825868  0.696338 
27  0.604930  0.324818  0.371240  0.559889  0.077142  0.245223  0.477880  0.127432  0.482492  0.558674  0.256831  0.183845  0.118658  0.595732  0.678563  0.206150  0.184502  0.301159  0.520990  0.554205  0.248893  0.393627  0.739956  0.209156  0.364827  0.329394  0.436032 0.0  0.495732  0.426166  0.299436  0.232425  0.197852  0.510362  0.078432  0.254005  0.556503  0.349099  0.791632  0.421525  0.618877  0.860532  0.121088  0.326812  0.225349  0.397684  0.197017  0.240644  0.294299  0.591363  0.335182  0.543641  0.216240  0.826225  0.270772  0.237593  0.134309  0.176650  0.647310  0.544696  0.733639 
28  0.442490  0.408559  0.497814  0.480514  0.520124  0.388501  0.600625  0.425681  0.394033  0.447418  0.460813  0.552907  0.524425  0.429271  0.551553  0.461021  0.340821  0.425147  0.527001  0.449417  0.384330  0.525396  0.604210  0.433864  0.439824  0.544070  0.428845  0.495732 0.0  0.485133  0.557045  0.457521  0.361860  0.452872  0.488019  0.466402  0.567799  0.442140  0.636628  0.430251  0.465331  0.466313  0.505283  0.363498  0.499085  0.627171  0.375196  0.454978  0.385303  0.504750  0.484209  0.478290  0.389721  0.531461  0.396698  0.327354  0.531456  0.398914  0.409326  0.424511  0.583133 
29  0.849488  0.407820  0.343884  0.402181  0.296666  0.311893  0.785567  0.426497  0.705865  0.759963  0.476816  0.320248  0.503415  0.849301  0.909449  0.346796  0.419010  0.400735  0.786822  0.782362  0.207841  0.355517  0.892513  0.440696  0.392769  0.370358  0.218540  0.426166  0.485133 0.0  0.080018  0.470556  0.397618  0.352781  0.276013  0.422954  0.763367  0.459207  0.778091  0.316695  0.714947  0.505306  0.346206  0.215388  0.412490  0.684787  0.361639  0.426464  0.210387  0.771009  0.391067  0.727514  0.329943  0.771699  0.203981  0.424473  0.416093  0.355150  0.326824  0.796274  0.797887 
30  0.756904  0.354268  0.578098  0.218830  0.362232  0.235595  0.731442  0.298800  0.718814  0.765429  0.448276  0.441419  0.342503  0.774495  0.793254  0.255377  0.358618  0.329844  0.785561  0.687385  0.190918  0.285047  0.892977  0.448870  0.550322  0.383676  0.021711  0.299436  0.557045  0.080018 0.0  0.336184  0.383478  0.351819  0.353647  0.319667  0.791817  0.346114  0.940356  0.498362  0.839271  0.473229  0.288843  0.289005  0.277895  0.470392  0.407571  0.217034  0.368484  0.788069  0.460360  0.615813  0.297540  0.907204  0.225362  0.247918  0.333687  0.347340  0.267549  0.722423  0.867855 
31  0.636233  0.334000  0.404460  0.681317  0.107450  0.303976  0.467745  0.162219  0.537657  0.632609  0.328037  0.317400  0.260331  0.564670  0.560648  0.259288  0.273591  0.295649  0.605150  0.629948  0.368523  0.341136  0.707298  0.222334  0.294328  0.345726  0.539088  0.232425  0.457521  0.470556  0.336184 0.0  0.248278  0.480835  0.339624  0.243709  0.550445  0.281297  0.715616  0.372669  0.626421  0.857859  0.180832  0.293145  0.200156  0.316019  0.168676  0.272942  0.349280  0.597025  0.329978  0.623473  0.171273  0.734555  0.267018  0.141834  0.201146  0.084553  0.788807  0.571115  0.847363 
32  0.662175  0.315108  0.319341  0.660456  0.127261  0.292735  0.478275  0.244114  0.568445  0.485047  0.282579  0.142834  0.194274  0.693914  0.659682  0.136976  0.229863  0.192014  0.740005  0.684990  0.353858  0.249087  0.813616  0.061794  0.374930  0.320270  0.628298  0.197852  0.361860  0.397618  0.383478  0.248278 0.0  0.585872  0.218331  0.019333  0.582914  0.221650  0.628858  0.357888  0.623758  0.826265  0.214715  0.244403  0.174883  0.402546  0.096762  0.235166  0.314999  0.551787  0.441427  0.572578  0.299102  0.826448  0.225634  0.114082  0.201219  0.204888  0.646050  0.657386  0.715262 
33  0.631005  0.428915  0.653130  0.274309  0.691597  0.439639  0.539936  0.524758  0.504645  0.564579  0.666427  0.572488  0.607839  0.467132  0.612693  0.516869  0.589490  0.453131  0.696156  0.553501  0.371667  0.466061  0.714744  0.441362  0.635488  0.731556  0.372589  0.510362  0.452872  0.352781  0.351819  0.480835  0.585872 0.0  0.512730  0.523048  0.604348  0.669742  0.685797  0.611066  0.578418  0.335161  0.623569  0.411616  0.490943  0.491148  0.619595  0.548291  0.387129  0.643721  0.537082  0.561050  0.517058  0.727813  0.483262  0.597677  0.626366  0.564376  0.291143  0.491222  0.697095 
34  0.659815  0.372799  0.340959  0.565859  0.052087  0.189556  0.524282  0.217651  0.582062  0.593078  0.357066  0.097661  0.203681  0.610563  0.651190  0.206347  0.339377  0.082607  0.611121  0.663561  0.317680  0.254306  0.769105  0.281228  0.310951  0.318485  0.383967  0.078432  0.488019  0.276013  0.353647  0.339624  0.218331  0.512730 0.0  0.208298  0.607794  0.364219  0.782146  0.392413  0.572979  0.865934  0.138436  0.363187  0.174694  0.409445  0.243835  0.216641  0.222563  0.555332  0.379256  0.599609  0.155518  0.746924  0.280581  0.192390  0.184683  0.213790  0.729339  0.494512  0.809713 
35  0.597426  0.426851  0.292790  0.777286  0.075765  0.307587  0.522456  0.159818  0.543584  0.568590  0.332610  0.215746  0.250438  0.495594  0.593908  0.212177  0.179371  0.208482  0.628465  0.650809  0.385981  0.232171  0.643069  0.201757  0.289501  0.346073  0.521222  0.254005  0.466402  0.422954  0.319667  0.243709  0.019333  0.523048  0.208298 0.0  0.647328  0.421564  0.717128  0.345866  0.510364  0.840836  0.151233  0.272108  0.176196  0.430671  0.315400  0.256672  0.291354  0.603572  0.364254  0.679087  0.287377  0.728842  0.242530  0.079048  0.135048  0.230797  0.734356  0.647344  0.795369 
36  0.093660  0.770921  0.743898  0.539623  0.555094  0.731525  0.030419  0.634640  0.177301  0.300369  0.665199  0.533774  0.535703  0.213901  0.219312  0.505389  0.637893  0.708671  0.219204  0.215755  0.720841  0.636195  0.291498  0.624006  0.775831  0.698200  0.961943  0.556503  0.567799  0.763367  0.791817  0.550445  0.582914  0.604348  0.607794  0.647328 0.0  0.740437  0.312706  0.767826  0.285455  0.436435  0.625055  0.701730  0.547193  0.371054  0.617381  0.622510  0.721109  0.281322  0.623521  0.324733  0.704242  0.265525  0.717137  0.547994  0.628604  0.533156  0.668329  0.138623  0.193206 
37  0.724618  0.111501  0.282294  0.644685  0.467792  0.189759  0.727423  0.368314  0.673107  0.817225  0.300021  0.285248  0.414784  0.784774  0.687489  0.331848  0.450507  0.297530  0.741073  0.691145  0.349363  0.173243  0.816051  0.331193  0.320547  0.191879  0.386713  0.349099  0.442140  0.459207  0.346114  0.281297  0.221650  0.669742  0.364219  0.421564  0.740437 0.0  0.725882  0.384848  0.752843  0.771552  0.332973  0.212840  0.245569  0.506953  0.280266  0.381724  0.266547  0.672811  0.322398  0.757367  0.323912  0.624717  0.166486  0.312669  0.429439  0.299419  0.478345  0.673457  0.666259 
38  0.286037  0.863244  0.579735  0.476037  0.742373  0.688223  0.335278  0.777200  0.380318  0.319458  0.573249  0.754259  0.700346  0.363795  0.371714  0.799654  0.728087  0.812979  0.413293  0.369161  0.793120  0.736685  0.169293  0.832339  0.572405  0.579048  0.801933  0.791632  0.636628  0.778091  0.940356  0.715616  0.628858  0.685797  0.782146  0.717128  0.312706  0.725882 0.0  0.558146  0.467167  0.243962  0.675588  0.693042  0.707393  0.548235  0.774348  0.695944  0.724090  0.313873  0.613799  0.360430  0.667166  0.262317  0.667779  0.654271  0.804978  0.722541  0.535774  0.361470  0.260339 
39  0.710350  0.300870  0.200335  0.549688  0.397281  0.336476  0.669272  0.345205  0.781673  0.760453  0.175299  0.336737  0.290502  0.815610  0.755489  0.317197  0.320066  0.397454  0.707157  0.757856  0.407013  0.239903  0.597217  0.319196  0.305777  0.174052  0.337031  0.421525  0.430251  0.316695  0.498362  0.372669  0.357888  0.611066  0.392413  0.345866  0.767826  0.384848  0.558146 0.0  0.665909  0.778530  0.345676  0.319980  0.311724  0.455246  0.356513  0.292643  0.237084  0.708420  0.168276  0.641759  0.296479  0.572329  0.260396  0.408026  0.392498  0.216231  0.476377  0.704560  0.576444 
40  0.237161  0.707380  0.658817  0.720620  0.516225  0.650335  0.076951  0.639101  0.173292  0.224265  0.822050  0.595249  0.640367  0.215076  0.309747  0.654185  0.708442  0.620562  0.190602  0.131664  0.682539  0.679497  0.391920  0.580722  0.764439  0.695676  0.873589  0.618877  0.465331  0.714947  0.839271  0.626421  0.623758  0.578418  0.572979  0.510364  0.285455  0.752843  0.467167  0.665909 0.0  0.503302  0.558797  0.685799  0.486092  0.436043  0.586518  0.651750  0.781538  0.194744  0.670267  0.215743  0.571284  0.307708  0.776109  0.547323  0.510413  0.612436  0.686534  0.184594  0.204251 
41  0.512812  0.748230  0.787900  0.322273  0.792596  0.606180  0.262014  0.870112  0.512385  0.562148  0.760968  0.975200  0.869634  0.518176  0.512496  0.901328  0.868335  0.979925  0.418092  0.520059  0.528613  0.620711  0.310652  0.939410  0.724247  0.693590  0.589162  0.860532  0.466313  0.505306  0.473229  0.857859  0.826265  0.335161  0.865934  0.840836  0.436435  0.771552  0.243962  0.778530  0.503302 0.0  0.951052  0.625218  0.812995  0.545221  1.000000  0.808771  0.703457  0.418122  0.819607  0.563891  0.965717  0.300347  0.709558  0.895552  0.777700  0.961172  0.446133  0.435549  0.293841 
42  0.601706  0.357158  0.388300  0.645673  0.128029  0.240008  0.496450  0.144646  0.520243  0.686305  0.278161  0.150135  0.296168  0.519764  0.664192  0.184075  0.281009  0.203251  0.614565  0.555460  0.298163  0.282247  0.757108  0.089309  0.347875  0.389168  0.404535  0.121088  0.505283  0.346206  0.288843  0.180832  0.214715  0.623569  0.138436  0.151233  0.625055  0.332973  0.675588  0.345676  0.558797  0.951052 0.0  0.295930  0.221647  0.433293  0.317136  0.214073  0.214778  0.552257  0.295617  0.601879  0.154308  0.741127  0.310330  0.128930  0.127980  0.198132  0.686373  0.492742  0.742427 
43  0.687075  0.261401  0.231261  0.534394  0.284877  0.267660  0.717487  0.285830  0.660473  0.707907  0.205909  0.124662  0.242560  0.665814  0.774119  0.300557  0.273563  0.239823  0.670758  0.654589  0.323038  0.247707  0.627473  0.262137  0.270941  0.295964  0.244552  0.326812  0.363498  0.215388  0.289005  0.293145  0.244403  0.411616  0.363187  0.272108  0.701730  0.212840  0.693042  0.319980  0.685799  0.625218  0.295930 0.0  0.299961  0.515426  0.273316  0.300473  0.224749  0.750045  0.264487  0.588867  0.252843  0.705713  0.285862  0.210479  0.256334  0.324263  0.540615  0.620730  0.727023 
44  0.691701  0.412280  0.330720  0.744875  0.175134  0.206355  0.476721  0.221160  0.618602  0.547260  0.362859  0.244852  0.238889  0.628372  0.615498  0.208333  0.134291  0.250603  0.564742  0.633225  0.346431  0.167071  0.719445  0.214716  0.317632  0.298997  0.440635  0.225349  0.499085  0.412490  0.277895  0.200156  0.174883  0.490943  0.174694  0.176196  0.547193  0.245569  0.707393  0.311724  0.486092  0.812995  0.221647  0.299961 0.0  0.426512  0.247607  0.175416  0.245727  0.588670  0.302821  0.542588  0.236500  0.707518  0.188510  0.131606  0.096455  0.178419  0.617973  0.588648  0.737565 
45  0.399941  0.663098  0.533948  0.581970  0.382102  0.403586  0.258566  0.456148  0.422255  0.401534  0.553359  0.406392  0.410939  0.466141  0.316600  0.439077  0.374280  0.422154  0.382350  0.434435  0.532678  0.367544  0.559881  0.386563  0.551875  0.609391  0.696041  0.397684  0.627171  0.684787  0.470392  0.316019  0.402546  0.491148  0.409445  0.430671  0.371054  0.506953  0.548235  0.455246  0.436043  0.545221  0.433293  0.515426  0.426512 0.0  0.486029  0.363336  0.577533  0.361902  0.590541  0.436609  0.429582  0.567892  0.552235  0.438639  0.314480  0.468958  0.736623  0.453798  0.439498 
46  0.583415  0.225282  0.335661  0.684882  0.123948  0.199533  0.504466  0.190936  0.653932  0.504153  0.330152  0.319225  0.226012  0.608638  0.605253  0.184430  0.131847  0.080821  0.631961  0.616590  0.332715  0.291312  0.785616  0.203898  0.284138  0.401690  0.371090  0.197017  0.375196  0.361639  0.407571  0.168676  0.096762  0.619595  0.243835  0.315400  0.617381  0.280266  0.774348  0.356513  0.586518  1.000000  0.317136  0.273316  0.247607  0.486029 0.0  0.212700  0.231841  0.614354  0.299138  0.595474  0.317129  0.667221  0.279277  0.143516  0.140632  0.192751  0.643906  0.537643  0.669309 
47  0.590150  0.328905  0.408201  0.614786  0.168421  0.346011  0.530066  0.150883  0.523751  0.560362  0.415740  0.229355  0.191965  0.568818  0.601870  0.129200  0.234070  0.215354  0.542325  0.661275  0.269706  0.254468  0.726051  0.311713  0.392454  0.467660  0.515408  0.240644  0.454978  0.426464  0.217034  0.272942  0.235166  0.548291  0.216641  0.256672  0.622510  0.381724  0.695944  0.292643  0.651750  0.808771  0.214073  0.300473  0.175416  0.363336  0.212700 0.0  0.281142  0.556809  0.241331  0.549047  0.181482  0.776942  0.222435  0.202728  0.153245  0.079645  0.598612  0.635794  0.667060 
48  0.621176  0.343629  0.231002  0.482871  0.221554  0.295666  0.653597  0.209871  0.675604  0.660579  0.253350  0.253900  0.334374  0.513895  0.588026  0.233066  0.301104  0.253010  0.732694  0.607821  0.232237  0.165446  0.679539  0.322407  0.371292  0.192294  0.260746  0.294299  0.385303  0.210387  0.368484  0.349280  0.314999  0.387129  0.222563  0.291354  0.721109  0.266547  0.724090  0.237084  0.781538  0.703457  0.214778  0.224749  0.245727  0.577533  0.231841  0.281142 0.0  0.602849  0.203274  0.617903  0.347986  0.683293  0.287414  0.222155  0.296860  0.201707  0.477253  0.745399  0.646773 
49  0.131748  0.682637  0.795638  0.631035  0.614815  0.657456  0.000000  0.557214  0.212710  0.306311  0.702780  0.482847  0.592669  0.254995  0.059957  0.564543  0.710920  0.675981  0.167901  0.186108  0.773733  0.605813  0.312010  0.675749  0.764316  0.662064  0.841616  0.591363  0.504750  0.771009  0.788069  0.597025  0.551787  0.643721  0.555332  0.603572  0.281322  0.672811  0.313873  0.708420  0.194744  0.418122  0.552257  0.750045  0.588670  0.361902  0.614354  0.556809  0.602849 0.0  0.686061  0.221789  0.546441  0.336942  0.631698  0.601304  0.560576  0.540194  0.661412  0.074044  0.378527 
50  0.855313  0.323963  0.179655  0.572971  0.418875  0.229511  0.644982  0.301319  0.811123  0.711075  0.106401  0.342120  0.400496  0.681514  0.841267  0.412118  0.276167  0.395363  0.721097  0.793139  0.461473  0.297272  0.675922  0.220371  0.195204  0.238602  0.346852  0.335182  0.484209  0.391067  0.460360  0.329978  0.441427  0.537082  0.379256  0.364254  0.623521  0.322398  0.613799  0.168276  0.670267  0.819607  0.295617  0.264487  0.302821  0.590541  0.299138  0.241331  0.203274  0.686061 0.0  0.808309  0.292071  0.654486  0.199291  0.335734  0.374194  0.257103  0.624502  0.786081  0.663480 
51  0.304886  0.779411  0.599916  0.625920  0.595357  0.663355  0.122085  0.648775  0.179222  0.110912  0.796587  0.548555  0.579276  0.274750  0.229082  0.586194  0.486548  0.623625  0.257466  0.181092  0.755526  0.591651  0.231191  0.574091  0.700566  0.851799  0.961732  0.543641  0.478290  0.727514  0.615813  0.623473  0.572578  0.561050  0.599609  0.679087  0.324733  0.757367  0.360430  0.641759  0.215743  0.563891  0.601879  0.588867  0.542588  0.436609  0.595474  0.549047  0.617903  0.221789  0.808309 0.0  0.612111  0.396939  0.725453  0.618030  0.560116  0.594293  0.623984  0.263849  0.301241 
52  0.612852  0.317795  0.301978  0.751970  0.255081  0.309256  0.458094  0.260885  0.562716  0.632259  0.457090  0.157206  0.294518  0.551843  0.540905  0.206536  0.142952  0.178526  0.560936  0.604210  0.331802  0.219643  0.703542  0.246693  0.360189  0.369516  0.400873  0.216240  0.389721  0.329943  0.297540  0.171273  0.299102  0.517058  0.155518  0.287377  0.704242  0.323912  0.667166  0.296479  0.571284  0.965717  0.154308  0.252843  0.236500  0.429582  0.317129  0.181482  0.347986  0.546441  0.292071  0.612111 0.0  0.635314  0.321776  0.148512  0.117486  0.127317  0.731287  0.702559  0.710066 
53  0.310017  0.693438  0.586426  0.534498  0.768908  0.688654  0.227506  0.678552  0.429678  0.337481  0.527709  0.850804  0.736680  0.393701  0.333550  0.784382  0.807789  0.816996  0.222820  0.218110  0.762074  0.535664  0.166971  0.819481  0.563986  0.617510  0.676076  0.826225  0.531461  0.771699  0.907204  0.734555  0.826448  0.727813  0.746924  0.728842  0.265525  0.624717  0.262317  0.572329  0.307708  0.300347  0.741127  0.705713  0.707518  0.567892  0.667221  0.776942  0.683293  0.336942  0.654486  0.396939  0.635314 0.0  0.820818  0.731186  0.830033  0.780484  0.470791  0.435163  0.160568 
54  0.592063  0.253475  0.171148  0.453882  0.187618  0.344505  0.657153  0.288983  0.652469  0.690990  0.261731  0.288685  0.194268  0.708578  0.723620  0.288617  0.168894  0.214548  0.633869  0.595299  0.260229  0.361548  0.652798  0.197961  0.339785  0.363151  0.383406  0.270772  0.396698  0.203981  0.225362  0.267018  0.225634  0.483262  0.280581  0.242530  0.717137  0.166486  0.667779  0.260396  0.776109  0.709558  0.310330  0.285862  0.188510  0.552235  0.279277  0.222435  0.287414  0.631698  0.199291  0.725453  0.321776  0.820818 0.0  0.321419  0.327431  0.293671  0.389472  0.669094  0.656451 
55  0.635528  0.341081  0.404145  0.688056  0.149456  0.239990  0.489786  0.197393  0.686131  0.643346  0.307617  0.259795  0.295781  0.544774  0.606993  0.260252  0.172014  0.230831  0.497822  0.613013  0.363688  0.241177  0.738507  0.147218  0.401397  0.407762  0.440523  0.237593  0.327354  0.424473  0.247918  0.141834  0.114082  0.597677  0.192390  0.079048  0.547994  0.312669  0.654271  0.408026  0.547323  0.895552  0.128930  0.210479  0.131606  0.438639  0.143516  0.202728  0.222155  0.601304  0.335734  0.618030  0.148512  0.731186  0.321419 0.0  0.168379  0.248012  0.621822  0.604605  0.706749 
56  0.496750  0.431115  0.439407  0.680639  0.101221  0.239276  0.585809  0.222577  0.533116  0.607638  0.399400  0.054333  0.160447  0.536973  0.509598  0.130770  0.148705  0.204951  0.583032  0.498686  0.453930  0.304209  0.733844  0.151259  0.460318  0.414496  0.419985  0.134309  0.531456  0.416093  0.333687  0.201146  0.201219  0.626366  0.184683  0.135048  0.628604  0.429439  0.804978  0.392498  0.510413  0.777700  0.127980  0.256334  0.096455  0.314480  0.140632  0.153245  0.296860  0.560576  0.374194  0.560116  0.117486  0.830033  0.327431  0.168379 0.0  0.110855  0.685889  0.507377  0.813229 
57  0.539865  0.485061  0.332224  0.750693  0.093375  0.286683  0.514886  0.194732  0.585078  0.559854  0.329079  0.285136  0.259916  0.636329  0.506124  0.167263  0.197760  0.136318  0.540084  0.657257  0.290998  0.291590  0.758238  0.212326  0.263302  0.365285  0.428480  0.176650  0.398914  0.355150  0.347340  0.084553  0.204888  0.564376  0.213790  0.230797  0.533156  0.299419  0.722541  0.216231  0.612436  0.961172  0.198132  0.324263  0.178419  0.468958  0.192751  0.079645  0.201707  0.540194  0.257103  0.594293  0.127317  0.780484  0.293671  0.248012  0.110855 0.0  0.642830  0.596257  0.838452 
58  0.754315  0.593865  0.621076  0.294822  0.566631  0.468900  0.544005  0.592367  0.666430  0.745281  0.587406  0.703603  0.640636  0.705973  0.627729  0.647185  0.810666  0.660762  0.640002  0.633193  0.244095  0.418738  0.550884  0.720035  0.574184  0.491672  0.504974  0.647310  0.409326  0.326824  0.267549  0.788807  0.646050  0.291143  0.729339  0.734356  0.668329  0.478345  0.535774  0.476377  0.686534  0.446133  0.686373  0.540615  0.617973  0.736623  0.643906  0.598612  0.477253  0.661412  0.624502  0.623984  0.731287  0.470791  0.389472  0.621822  0.685889  0.642830 0.0  0.819047  0.470172 
59  0.120126  0.775071  0.771779  0.648309  0.494108  0.674520  0.000000  0.530547  0.104509  0.187737  0.618142  0.605524  0.571702  0.076141  0.287875  0.595408  0.634238  0.600770  0.335403  0.185482  0.688654  0.651965  0.347017  0.595955  0.789269  0.801901  0.825868  0.544696  0.424511  0.796274  0.722423  0.571115  0.657386  0.491222  0.494512  0.647344  0.138623  0.673457  0.361470  0.704560  0.184594  0.435549  0.492742  0.620730  0.588648  0.453798  0.537643  0.635794  0.745399  0.074044  0.786081  0.263849  0.702559  0.435163  0.669094  0.604605  0.507377  0.596257  0.819047 0.0  0.514562 
60  0.510601  0.711830  0.626484  0.508521  0.800077  0.693105  0.333588  0.749938  0.228730  0.332705  0.527853  0.754241  0.810102  0.250198  0.355019  0.804542  0.720463  0.734676  0.311872  0.352802  0.947151  0.763144  0.158817  0.610529  0.685319  0.677362  0.696338  0.733639  0.583133  0.797887  0.867855  0.847363  0.715262  0.697095  0.809713  0.795369  0.193206  0.666259  0.260339  0.576444  0.204251  0.293841  0.742427  0.727023  0.737565  0.439498  0.669309  0.667060  0.646773  0.378527  0.663480  0.301241  0.710066  0.160568  0.656451  0.706749  0.813229  0.838452  0.470172  0.514562 0.0 
