61
0 0.0  0.675782  0.765039  0.650414  0.602103  0.644758  0.136996  0.667283  0.224238  0.009704  0.817522  0.645818  0.560626  0.161228  0.154164  0.531160  0.620535  0.686306  0.256482  0.163582  0.745070  0.647048  0.352741  0.643675  0.733842  0.724825  0.925998  0.632309  0.522010  0.886624  0.675409  0.647938  0.565940  0.458979  0.662013  0.658832  0.299638  0.749584  0.403002  0.759649  0.160110  0.464234  0.650078  0.623527  0.611877  0.397448  0.740108  0.564557  0.714384  0.228796  0.704332  0.279328  0.584496  0.278645  0.669033  0.552236  0.652003  0.502569  0.807795  0.179339  0.439941 
1  0.675782 0.0  0.309189  0.576074  0.440631  0.328771  0.748610  0.290705  0.742512  0.784421  0.384825  0.313191  0.463463  0.813388  0.751719  0.364347  0.334997  0.286785  0.834355  0.726342  0.325830  0.208864  0.718088  0.334913  0.287554  0.503644  0.215059  0.278017  0.587318  0.415218  0.400776  0.366860  0.275316  0.654838  0.313651  0.336714  0.738867  0.061451  0.817329  0.387479  0.707398  0.827263  0.418252  0.314652  0.427914  0.483184  0.397468  0.378680  0.295214  0.781671  0.345906  0.860652  0.346581  0.753301  0.246272  0.369605  0.370019  0.313168  0.489692  0.768926  0.759711 
2  0.765039  0.309189 0.0  0.633757  0.250832  0.279593  0.744492  0.451130  0.714524  0.738378  0.168201  0.254094  0.286235  0.714614  0.735049  0.347941  0.300282  0.410860  0.771772  0.724960  0.422228  0.240137  0.652000  0.437992  0.231600  0.238931  0.245299  0.417070  0.512517  0.394161  0.487431  0.267589  0.306375  0.711401  0.442038  0.378809  0.767059  0.316525  0.648174  0.153767  0.795904  0.766074  0.352129  0.290508  0.442227  0.606725  0.442296  0.324953  0.301320  0.772412  0.181686  0.785530  0.428695  0.571537  0.270709  0.252079  0.435977  0.448089  0.570769  0.710386  0.707178 
3  0.650414  0.576074  0.633757 0.0  0.491506  0.506654  0.515971  0.525427  0.691972  0.608887  0.510702  0.717334  0.698504  0.629412  0.614945  0.765317  0.725429  0.649115  0.670040  0.619490  0.205249  0.418167  0.439305  0.624064  0.510650  0.598932  0.445247  0.749247  0.459267  0.362159  0.296012  0.786572  0.666255  0.115763  0.754582  0.732323  0.633798  0.594659  0.689286  0.525183  0.766401  0.496034  0.704596  0.409758  0.575686  0.661169  0.652049  0.747803  0.573631  0.743704  0.539524  0.647404  0.601002  0.566770  0.557725  0.729301  0.543318  0.611362  0.267368  0.643004  0.536076 
4  0.602103  0.440631  0.250832  0.491506 0.0  0.223654  0.502040  0.109746  0.627728  0.603693  0.502225  0.083091  0.077762  0.514202  0.556197  0.113798  0.183013  0.160920  0.583435  0.487280  0.375011  0.335973  0.849064  0.214110  0.462950  0.392555  0.385804  0.084625  0.570625  0.366726  0.316611  0.182037  0.120072  0.682935  0.078546  0.167021  0.539511  0.450892  0.834594  0.381825  0.510258  0.853106  0.052208  0.221387  0.187769  0.315867  0.134654  0.194489  0.275775  0.519812  0.449364  0.614346  0.096481  0.821770  0.271145  0.195809  0.078990  0.167104  0.600629  0.555251  0.901740 
5  0.644758  0.328771  0.279593  0.506654  0.223654 0.0  0.678526  0.165449  0.759781  0.619458  0.320215  0.229610  0.280602  0.796732  0.667622  0.178995  0.211097  0.212992  0.732570  0.726698  0.347685  0.160975  0.643797  0.180438  0.338753  0.350058  0.349305  0.356842  0.464212  0.277095  0.190616  0.209142  0.232002  0.448223  0.287168  0.261219  0.707465  0.341028  0.670203  0.224595  0.750025  0.706422  0.287397  0.173126  0.289113  0.465386  0.274318  0.210163  0.250651  0.699510  0.215292  0.727955  0.236706  0.775417  0.192110  0.277549  0.290279  0.239275  0.458276  0.537083  0.623915 
6  0.136996  0.748610  0.744492  0.515971  0.502040  0.678526 0.0  0.510672  0.025624  0.088735  0.690210  0.498154  0.503424  0.037973  0.000000  0.584272  0.549791  0.488707  0.111011  0.132250  0.663281  0.728863  0.287053  0.467778  0.670323  0.752731  0.712784  0.428038  0.444399  0.799313  0.815113  0.445068  0.546207  0.545040  0.568961  0.486117  0.061238  0.743128  0.243406  0.698370  0.150371  0.287017  0.519042  0.634433  0.490440  0.288871  0.543672  0.483449  0.650510  0.079432  0.721942  0.098099  0.419882  0.386471  0.705172  0.502271  0.578101  0.461916  0.571612  0.000000  0.301746 
7  0.667283  0.290705  0.451130  0.525427  0.109746  0.165449  0.510672 0.0  0.589790  0.627151  0.400606  0.296352  0.196098  0.596919  0.536645  0.159532  0.272297  0.228414  0.605005  0.639907  0.325809  0.304471  0.750621  0.128487  0.397006  0.231879  0.519279  0.127619  0.402133  0.415898  0.342427  0.196049  0.249067  0.650043  0.173585  0.207657  0.668308  0.395452  0.691449  0.336042  0.658448  0.809741  0.231923  0.298424  0.131918  0.461766  0.168213  0.229792  0.352637  0.706140  0.410614  0.593267  0.242881  0.791216  0.166848  0.171508  0.174119  0.258989  0.711465  0.570745  0.779626 
8  0.224238  0.742512  0.714524  0.691972  0.627728  0.759781  0.025624  0.589790 0.0  0.210507  0.729144  0.530854  0.498242  0.239419  0.134529  0.753310  0.722268  0.755837  0.254999  0.321615  0.954449  0.636446  0.401837  0.704393  0.742422  0.916779  0.952338  0.654164  0.385584  0.851924  0.710634  0.644416  0.672892  0.635133  0.594954  0.672295  0.305993  0.771919  0.275111  0.762741  0.273570  0.439849  0.643046  0.647796  0.667547  0.336325  0.561131  0.551898  0.722968  0.163789  0.698791  0.157264  0.841280  0.376817  0.709266  0.665487  0.557227  0.650038  0.704559  0.243992  0.285988 
9  0.009704  0.784421  0.738378  0.608887  0.603693  0.619458  0.088735  0.627151  0.210507 0.0  0.714342  0.679714  0.660432  0.116361  0.346715  0.650887  0.584728  0.629391  0.164601  0.079757  0.747064  0.783496  0.310256  0.558700  0.786744  0.754032  0.840058  0.587391  0.444905  0.820822  0.843106  0.709129  0.630529  0.570851  0.560289  0.564427  0.293675  0.698338  0.321096  0.854021  0.253312  0.343897  0.539505  0.705794  0.695109  0.335432  0.605158  0.599931  0.780574  0.310576  0.736767  0.182371  0.547279  0.372804  0.717379  0.561283  0.651047  0.643407  0.560693  0.238145  0.403701 
10  0.817522  0.384825  0.168201  0.510702  0.502225  0.320215  0.690210  0.400606  0.729144  0.714342 0.0  0.363476  0.300265  0.720093  0.814605  0.483684  0.289237  0.450545  0.731690  0.807247  0.541465  0.330728  0.553303  0.337174  0.082997  0.211933  0.301990  0.357839  0.467663  0.362345  0.466232  0.410375  0.280993  0.743359  0.427020  0.323929  0.850448  0.384567  0.584061  0.211316  0.694858  0.908529  0.278941  0.320321  0.189880  0.562866  0.368529  0.325223  0.177226  0.849397  0.216680  0.751428  0.394916  0.645937  0.360691  0.372652  0.467705  0.267678  0.531880  0.710137  0.674521 
11  0.645818  0.313191  0.254094  0.717334  0.083091  0.229610  0.498154  0.296352  0.530854  0.679714  0.363476 0.0  0.191497  0.628464  0.661653  0.264022  0.168689  0.255022  0.593040  0.605754  0.297325  0.236963  0.707802  0.286893  0.290271  0.328114  0.525544  0.111314  0.372525  0.480375  0.165537  0.277231  0.265659  0.564454  0.001858  0.292077  0.600037  0.330690  0.810059  0.361339  0.646170  0.945075  0.119672  0.237244  0.350130  0.317851  0.101551  0.223267  0.273973  0.652430  0.340692  0.655855  0.265669  0.797423  0.213409  0.232826  0.171460  0.212792  0.738878  0.628707  0.758830 
12  0.560626  0.463463  0.286235  0.698504  0.077762  0.280602  0.503424  0.196098  0.498242  0.660432  0.300265  0.191497 0.0  0.614229  0.647253  0.318422  0.249880  0.234776  0.639153  0.590790  0.312277  0.274500  0.705749  0.221156  0.370894  0.444975  0.526759  0.131048  0.453651  0.475757  0.381915  0.277092  0.146865  0.568432  0.148695  0.225741  0.684301  0.392395  0.765112  0.343791  0.645583  0.868065  0.190836  0.199958  0.296085  0.361567  0.195105  0.248329  0.309629  0.583157  0.476469  0.578313  0.194555  0.821609  0.159914  0.169060  0.075828  0.217641  0.669354  0.693172  0.699582 
13  0.161228  0.813388  0.714614  0.629412  0.514202  0.796732  0.037973  0.596919  0.239419  0.116361  0.720093  0.628464  0.614229 0.0  0.146224  0.581190  0.651548  0.713035  0.175387  0.289044  0.705357  0.585059  0.425875  0.613389  0.738182  0.823290  0.865805  0.636052  0.560893  0.853159  0.778745  0.659103  0.568831  0.631297  0.489411  0.526777  0.172635  0.811821  0.387259  0.804468  0.174240  0.453561  0.669253  0.594883  0.615552  0.290510  0.716700  0.561613  0.637947  0.241585  0.897631  0.133791  0.607174  0.388311  0.731149  0.484673  0.613495  0.693841  0.655865  0.187423  0.456617 
14  0.154164  0.751719  0.735049  0.614945  0.556197  0.667622  0.000000  0.536645  0.134529  0.346715  0.814605  0.661653  0.647253  0.146224 0.0  0.587076  0.667265  0.592944  0.119911  0.201077  0.662084  0.684183  0.372654  0.627805  0.780250  0.777571  0.815426  0.647762  0.485626  0.874064  0.726863  0.590361  0.616161  0.497332  0.696018  0.543862  0.055747  0.693000  0.384505  0.850875  0.229627  0.412951  0.582311  0.720615  0.626935  0.400893  0.593450  0.663446  0.649919  0.075552  0.737673  0.160133  0.583373  0.421580  0.694703  0.654602  0.595482  0.675297  0.695702  0.240852  0.293395 
15  0.531160  0.364347  0.347941  0.765317  0.113798  0.178995  0.584272  0.159532  0.753310  0.650887  0.483684  0.264022  0.318422  0.581190  0.587076 0.0  0.199935  0.323467  0.457442  0.642903  0.361326  0.302134  0.704008  0.297805  0.316374  0.375317  0.587678  0.194108  0.406336  0.528361  0.343679  0.182592  0.249556  0.469469  0.190706  0.206275  0.634561  0.405674  0.773190  0.226332  0.735192  0.958738  0.240126  0.439218  0.189861  0.322986  0.183987  0.272439  0.282933  0.566926  0.307351  0.625856  0.217253  0.676206  0.407790  0.153319  0.201427  0.111111  0.640328  0.575700  0.702125 
16  0.620535  0.334997  0.300282  0.725429  0.183013  0.211097  0.549791  0.272297  0.722268  0.584728  0.289237  0.168689  0.249880  0.651548  0.667265  0.199935 0.0  0.245262  0.618581  0.611898  0.422327  0.272768  0.816474  0.245709  0.263718  0.341698  0.430558  0.186361  0.510861  0.407555  0.388309  0.331737  0.230929  0.586770  0.229279  0.243231  0.569876  0.229717  0.719619  0.204366  0.578143  0.908204  0.117988  0.226824  0.124213  0.526762  0.232757  0.163687  0.261144  0.622531  0.402340  0.566163  0.192341  0.649446  0.313663  0.224349  0.103055  0.226025  0.671670  0.775240  0.705360 
17  0.686306  0.286785  0.410860  0.649115  0.160920  0.212992  0.488707  0.228414  0.755837  0.629391  0.450545  0.255022  0.234776  0.713035  0.592944  0.323467  0.245262 0.0  0.655964  0.671298  0.312066  0.299079  0.745357  0.198544  0.334518  0.256027  0.422752  0.260925  0.516543  0.436476  0.313546  0.093691  0.141837  0.568789  0.133420  0.297054  0.618042  0.270347  0.777337  0.412430  0.826391  0.830984  0.211181  0.263668  0.287285  0.382509  0.144878  0.284902  0.219538  0.693188  0.363416  0.666940  0.210107  0.733971  0.309726  0.203119  0.148309  0.193284  0.710838  0.406820  0.729968 
18  0.256482  0.834355  0.771772  0.670040  0.583435  0.732570  0.111011  0.605005  0.254999  0.164601  0.731690  0.593040  0.639153  0.175387  0.119911  0.457442  0.618581  0.655964 0.0  0.182845  0.760763  0.542899  0.310351  0.701888  0.800043  0.745350  0.803905  0.693539  0.502354  0.796006  0.793073  0.628862  0.616413  0.596521  0.583554  0.647113  0.262473  0.782252  0.371854  0.806370  0.119789  0.586960  0.692187  0.715378  0.634023  0.467234  0.615592  0.610105  0.775982  0.134368  0.751655  0.252712  0.693863  0.309026  0.654311  0.607842  0.590321  0.708499  0.682741  0.183325  0.310604 
19  0.163582  0.726342  0.724960  0.619490  0.487280  0.726698  0.132250  0.639907  0.321615  0.079757  0.807247  0.605754  0.590790  0.289044  0.201077  0.642903  0.611898  0.671298  0.182845 0.0  0.791740  0.648877  0.322737  0.601403  0.744948  0.787512  0.866300  0.532903  0.425282  0.807002  0.676550  0.628722  0.675827  0.558733  0.654235  0.585348  0.168601  0.792310  0.318695  0.672104  0.278626  0.460897  0.589005  0.758798  0.688452  0.387614  0.509992  0.580461  0.668767  0.287001  0.760333  0.035204  0.612794  0.173097  0.583968  0.658920  0.650956  0.633425  0.805854  0.200326  0.391218 
20  0.745070  0.325830  0.422228  0.205249  0.375011  0.347685  0.663281  0.325809  0.954449  0.747064  0.541465  0.297325  0.312277  0.705357  0.662084  0.361326  0.422327  0.312066  0.760763  0.791740 0.0  0.370102  0.893308  0.452564  0.392542  0.585196  0.081917  0.259621  0.479182  0.125907  0.205392  0.362684  0.306949  0.390379  0.291003  0.318643  0.770217  0.410270  0.865286  0.427721  0.722075  0.638818  0.294284  0.219252  0.291106  0.675438  0.308106  0.416276  0.305155  0.749938  0.497028  0.684534  0.373950  0.842589  0.256012  0.397980  0.299855  0.437163  0.213926  0.680232  0.888443 
21  0.647048  0.208864  0.240137  0.418167  0.335973  0.160975  0.728863  0.304471  0.636446  0.783496  0.330728  0.236963  0.274500  0.585059  0.684183  0.302134  0.272768  0.299079  0.542899  0.648877  0.370102 0.0  0.731815  0.242164  0.280134  0.317204  0.178230  0.281712  0.560916  0.311088  0.274667  0.201551  0.313195  0.526704  0.211458  0.238387  0.665761  0.189341  0.721587  0.221454  0.831513  0.713282  0.282419  0.158306  0.304837  0.481511  0.292095  0.295037  0.266022  0.723174  0.140674  0.712579  0.314008  0.636752  0.206427  0.376452  0.273841  0.411378  0.438544  0.599786  0.800672 
22  0.352741  0.718088  0.652000  0.439305  0.849064  0.643797  0.287053  0.750621  0.401837  0.310256  0.553303  0.707802  0.705749  0.425875  0.372654  0.704008  0.816474  0.745357  0.310351  0.322737  0.893308  0.731815 0.0  0.707860  0.583576  0.535388  0.755052  0.780338  0.576479  0.831226  0.924629  0.783647  0.761817  0.711516  0.822628  0.827771  0.400363  0.773031  0.210431  0.610406  0.363002  0.347427  0.802788  0.669345  0.813430  0.532452  0.734902  0.829542  0.666051  0.415963  0.683245  0.370658  0.758705  0.160736  0.544077  0.748911  0.764157  0.657578  0.438585  0.380913  0.203661 
23  0.643675  0.334913  0.437992  0.624064  0.214110  0.180438  0.467778  0.128487  0.704393  0.558700  0.337174  0.286893  0.221156  0.613389  0.627805  0.297805  0.245709  0.198544  0.701888  0.601403  0.452564  0.242164  0.707860 0.0  0.341251  0.320284  0.550207  0.185382  0.438325  0.512268  0.337858  0.255359  0.269739  0.557997  0.281611  0.185789  0.479008  0.334710  0.750657  0.295184  0.708112  0.830740  0.180952  0.304723  0.115763  0.360868  0.189133  0.166138  0.273832  0.631614  0.400076  0.637267  0.237462  0.845914  0.252253  0.162173  0.188577  0.175449  0.734380  0.586097  0.751541 
24  0.733842  0.287554  0.231600  0.510650  0.462950  0.338753  0.670323  0.397006  0.742422  0.786744  0.082997  0.290271  0.370894  0.738182  0.780250  0.316374  0.263718  0.334518  0.800043  0.744948  0.392542  0.280134  0.583576  0.341251 0.0  0.232707  0.358733  0.320359  0.546260  0.282563  0.475256  0.338358  0.306147  0.706809  0.438386  0.290106  0.875220  0.220039  0.650216  0.227685  0.687950  0.797014  0.301496  0.243116  0.281999  0.446981  0.257770  0.364585  0.192448  0.803166  0.261442  0.770720  0.230102  0.759414  0.268135  0.319556  0.381940  0.283997  0.577142  0.735241  0.633457 
25  0.724825  0.503644  0.238931  0.598932  0.392555  0.350058  0.752731  0.231879  0.916779  0.754032  0.211933  0.328114  0.444975  0.823290  0.777571  0.375317  0.341698  0.256027  0.745350  0.787512  0.585196  0.317204  0.535388  0.320284  0.232707 0.0  0.337968  0.242476  0.447758  0.342566  0.459867  0.427690  0.296474  0.833068  0.409042  0.374279  0.816551  0.342150  0.655676  0.140155  0.794079  0.813896  0.291877  0.219292  0.370417  0.610095  0.361078  0.293438  0.212986  0.772343  0.139449  0.768562  0.314425  0.595198  0.211802  0.369260  0.352172  0.224918  0.642570  0.806717  0.684239 
26  0.925998  0.215059  0.245299  0.445247  0.385804  0.349305  0.712784  0.519279  0.952338  0.840058  0.301990  0.525544  0.526759  0.865805  0.815426  0.587678  0.430558  0.422752  0.803905  0.866300  0.081917  0.178230  0.755052  0.550207  0.358733  0.337968 0.0  0.480380  0.471652  0.114909  0.084472  0.371286  0.487261  0.277775  0.421233  0.439484  0.912092  0.280978  0.876318  0.331422  0.933167  0.712091  0.461042  0.160322  0.375567  0.584408  0.494048  0.394808  0.258070  0.907627  0.265162  0.890420  0.425843  0.838574  0.353924  0.503845  0.320908  0.504708  0.436709  0.900008  0.706091 
27  0.632309  0.278017  0.417070  0.749247  0.084625  0.356842  0.428038  0.127619  0.654164  0.587391  0.357839  0.111314  0.131048  0.636052  0.647762  0.194108  0.186361  0.260925  0.693539  0.532903  0.259621  0.281712  0.780338  0.185382  0.320359  0.242476  0.480380 0.0  0.469620  0.377440  0.270814  0.233724  0.307391  0.620155  0.304306  0.188437  0.561059  0.402700  0.733673  0.374880  0.518406  0.880324  0.245672  0.268718  0.268433  0.410513  0.240014  0.056870  0.268776  0.629260  0.327588  0.593984  0.212638  0.789135  0.431501  0.240480  0.111154  0.209907  0.702118  0.569117  0.795737 
28  0.522010  0.587318  0.512517  0.459267  0.570625  0.464212  0.444399  0.402133  0.385584  0.444905  0.467663  0.372525  0.453651  0.560893  0.485626  0.406336  0.510861  0.516543  0.502354  0.425282  0.479182  0.560916  0.576479  0.438325  0.546260  0.447758  0.471652  0.469620 0.0  0.518686  0.512478  0.410504  0.520945  0.473475  0.452158  0.534217  0.348406  0.498614  0.469796  0.486860  0.475856  0.406458  0.561626  0.420663  0.556192  0.419164  0.468767  0.407023  0.415400  0.470266  0.399576  0.489089  0.413714  0.569106  0.450842  0.474298  0.481880  0.543223  0.422849  0.360040  0.510997 
29  0.886624  0.415218  0.394161  0.362159  0.366726  0.277095  0.799313  0.415898  0.851924  0.820822  0.362345  0.480375  0.475757  0.853159  0.874064  0.528361  0.407555  0.436476  0.796006  0.807002  0.125907  0.311088  0.831226  0.512268  0.282563  0.342566  0.114909  0.377440  0.518686 0.0  0.054953  0.354677  0.383325  0.291553  0.359884  0.383397  0.956181  0.368354  0.763795  0.443511  0.819810  0.559317  0.425411  0.370812  0.427651  0.564474  0.446476  0.438367  0.196573  0.895632  0.459367  0.843475  0.377236  0.866781  0.321724  0.426886  0.473987  0.426750  0.315837  0.839795  0.703652 
30  0.675409  0.400776  0.487431  0.296012  0.316611  0.190616  0.815113  0.342427  0.710634  0.843106  0.466232  0.165537  0.381915  0.778745  0.726863  0.343679  0.388309  0.313546  0.793073  0.676550  0.205392  0.274667  0.924629  0.337858  0.475256  0.459867  0.084472  0.270814  0.512478  0.054953 0.0  0.363544  0.303400  0.283685  0.373527  0.406197  0.740096  0.323517  0.871926  0.417389  0.921359  0.466997  0.404597  0.152841  0.376754  0.528330  0.452441  0.266451  0.299577  0.723843  0.464068  0.656488  0.296364  0.844495  0.244158  0.391594  0.395042  0.316937  0.388076  0.731942  0.814381 
31  0.647938  0.366860  0.267589  0.786572  0.182037  0.209142  0.445068  0.196049  0.644416  0.709129  0.410375  0.277231  0.277092  0.659103  0.590361  0.182592  0.331737  0.093691  0.628862  0.628722  0.362684  0.201551  0.783647  0.255359  0.338358  0.427690  0.371286  0.233724  0.410504  0.354677  0.363544 0.0  0.214400  0.533100  0.240723  0.223713  0.666593  0.288517  0.707801  0.373440  0.520113  0.827562  0.155079  0.336436  0.286192  0.412336  0.209854  0.159381  0.254843  0.532237  0.317839  0.647809  0.241052  0.769881  0.326117  0.296535  0.108523  0.181718  0.708233  0.537751  0.764670 
32  0.565940  0.275316  0.306375  0.666255  0.120072  0.232002  0.546207  0.249067  0.672892  0.630529  0.280993  0.265659  0.146865  0.568831  0.616161  0.249556  0.230929  0.141837  0.616413  0.675827  0.306949  0.313195  0.761817  0.269739  0.306147  0.296474  0.487261  0.307391  0.520945  0.383325  0.303400  0.214400 0.0  0.526157  0.290877  0.241469  0.566958  0.374414  0.677943  0.170254  0.611633  0.913577  0.222407  0.188954  0.183523  0.403864  0.166082  0.153653  0.277254  0.681634  0.325315  0.533116  0.209863  0.711337  0.321602  0.234988  0.093178  0.178847  0.690225  0.671490  0.838879 
33  0.458979  0.654838  0.711401  0.115763  0.682935  0.448223  0.545040  0.650043  0.635133  0.570851  0.743359  0.564454  0.568432  0.631297  0.497332  0.469469  0.586770  0.568789  0.596521  0.558733  0.390379  0.526704  0.711516  0.557997  0.706809  0.833068  0.277775  0.620155  0.473475  0.291553  0.283685  0.533100  0.526157 0.0  0.486579  0.436530  0.561553  0.553885  0.638706  0.656185  0.502058  0.286662  0.683450  0.396508  0.594838  0.546014  0.480745  0.533113  0.516682  0.594483  0.655282  0.562472  0.620795  0.645070  0.490611  0.578162  0.640655  0.598609  0.289580  0.464959  0.562226 
34  0.662013  0.313651  0.442038  0.754582  0.078546  0.287168  0.568961  0.173585  0.594954  0.560289  0.427020  0.001858  0.148695  0.489411  0.696018  0.190706  0.229279  0.133420  0.583554  0.654235  0.291003  0.211458  0.822628  0.281611  0.438386  0.409042  0.421233  0.304306  0.452158  0.359884  0.373527  0.240723  0.290877  0.486579 0.0  0.201793  0.579604  0.416057  0.821145  0.326705  0.489525  0.921109  0.182260  0.316243  0.257616  0.480400  0.212264  0.229293  0.244464  0.718202  0.396303  0.698088  0.215556  0.891916  0.277734  0.232862  0.157878  0.255807  0.748870  0.690475  0.923752 
35  0.658832  0.336714  0.378809  0.732323  0.167021  0.261219  0.486117  0.207657  0.672295  0.564427  0.323929  0.292077  0.225741  0.526777  0.543862  0.206275  0.243231  0.297054  0.647113  0.585348  0.318643  0.238387  0.827771  0.185789  0.290106  0.374279  0.439484  0.188437  0.534217  0.383397  0.406197  0.223713  0.241469  0.436530  0.201793 0.0  0.712090  0.396748  0.771093  0.357611  0.667794  0.912375  0.260280  0.265578  0.188410  0.377909  0.237978  0.176199  0.225596  0.597597  0.334346  0.669137  0.184191  0.723036  0.353998  0.158945  0.145605  0.153006  0.625185  0.601347  0.796628 
36  0.299638  0.738867  0.767059  0.633798  0.539511  0.707465  0.061238  0.668308  0.305993  0.293675  0.850448  0.600037  0.684301  0.172635  0.055747  0.634561  0.569876  0.618042  0.262473  0.168601  0.770217  0.665761  0.400363  0.479008  0.875220  0.816551  0.912092  0.561059  0.348406  0.956181  0.740096  0.666593  0.566958  0.561553  0.579604  0.712090 0.0  0.858002  0.483257  0.695826  0.170767  0.536181  0.766358  0.700010  0.726916  0.340200  0.619964  0.698281  0.727455  0.195322  0.717782  0.277687  0.551761  0.423874  0.601564  0.642568  0.623823  0.713597  0.633860  0.181059  0.250519 
37  0.749584  0.061451  0.316525  0.594659  0.450892  0.341028  0.743128  0.395452  0.771919  0.698338  0.384567  0.330690  0.392395  0.811821  0.693000  0.405674  0.229717  0.270347  0.782252  0.792310  0.410270  0.189341  0.773031  0.334710  0.220039  0.342150  0.280978  0.402700  0.498614  0.368354  0.323517  0.288517  0.374414  0.553885  0.416057  0.396748  0.858002 0.0  0.788296  0.222407  0.885993  0.840416  0.393343  0.319826  0.358581  0.543320  0.284090  0.367974  0.363279  0.714170  0.405365  0.764865  0.289065  0.699709  0.329088  0.289581  0.445412  0.308032  0.514117  0.733128  0.809927 
38  0.403002  0.817329  0.648174  0.689286  0.834594  0.670203  0.243406  0.691449  0.275111  0.321096  0.584061  0.810059  0.765112  0.387259  0.384505  0.773190  0.719619  0.777337  0.371854  0.318695  0.865286  0.721587  0.210431  0.750657  0.650216  0.655676  0.876318  0.733673  0.469796  0.763795  0.871926  0.707801  0.677943  0.638706  0.821145  0.771093  0.483257  0.788296 0.0  0.564529  0.298635  0.308161  0.756696  0.562283  0.773303  0.527208  0.757542  0.790052  0.749086  0.343168  0.683379  0.385309  0.885448  0.186938  0.722414  0.755305  0.847164  0.705332  0.500848  0.249667  0.239328 
39  0.759649  0.387479  0.153767  0.525183  0.381825  0.224595  0.698370  0.336042  0.762741  0.854021  0.211316  0.361339  0.343791  0.804468  0.850875  0.226332  0.204366  0.412430  0.806370  0.672104  0.427721  0.221454  0.610406  0.295184  0.227685  0.140155  0.331422  0.374880  0.486860  0.443511  0.417389  0.373440  0.170254  0.656185  0.326705  0.357611  0.695826  0.222407  0.564529 0.0  0.735529  0.729727  0.344346  0.299562  0.347185  0.684616  0.357797  0.290809  0.322668  0.822733  0.219376  0.818547  0.331521  0.679093  0.361344  0.447721  0.414797  0.303938  0.539941  0.753204  0.680253 
40  0.160110  0.707398  0.795904  0.766401  0.510258  0.750025  0.150371  0.658448  0.273570  0.253312  0.694858  0.646170  0.645583  0.174240  0.229627  0.735192  0.578143  0.826391  0.119789  0.278626  0.722075  0.831513  0.363002  0.708112  0.687950  0.794079  0.933167  0.518406  0.475856  0.819810  0.921359  0.520113  0.611633  0.502058  0.489525  0.667794  0.170767  0.885993  0.298635  0.735529 0.0  0.467872  0.577779  0.627113  0.629594  0.421013  0.645384  0.587535  0.729318  0.290131  0.650816  0.330382  0.609581  0.268069  0.658786  0.619890  0.668975  0.703593  0.680373  0.210958  0.180684 
41  0.464234  0.827263  0.766074  0.496034  0.853106  0.706422  0.287017  0.809741  0.439849  0.343897  0.908529  0.945075  0.868065  0.453561  0.412951  0.958738  0.908204  0.830984  0.586960  0.460897  0.638818  0.713282  0.347427  0.830740  0.797014  0.813896  0.712091  0.880324  0.406458  0.559317  0.466997  0.827562  0.913577  0.286662  0.921109  0.912375  0.536181  0.840416  0.308161  0.729727  0.467872 0.0  0.946949  0.691875  0.903302  0.693478  0.837589  0.836259  0.754414  0.446857  0.715826  0.529356  0.910124  0.295536  0.655460  1.000000  0.926635  0.863079  0.361930  0.478710  0.342040 
42  0.650078  0.418252  0.352129  0.704596  0.052208  0.287397  0.519042  0.231923  0.643046  0.539505  0.278941  0.119672  0.190836  0.669253  0.582311  0.240126  0.117988  0.211181  0.692187  0.589005  0.294284  0.282419  0.802788  0.180952  0.301496  0.291877  0.461042  0.245672  0.561626  0.425411  0.404597  0.155079  0.222407  0.683450  0.182260  0.260280  0.766358  0.393343  0.756696  0.344346  0.577779  0.946949 0.0  0.193601  0.231275  0.471015  0.159336  0.267547  0.295494  0.661050  0.323192  0.683839  0.253726  0.754068  0.402300  0.122238  0.141746  0.117451  0.609821  0.569548  0.714301 
43  0.623527  0.314652  0.290508  0.409758  0.221387  0.173126  0.634433  0.298424  0.647796  0.705794  0.320321  0.237244  0.199958  0.594883  0.720615  0.439218  0.226824  0.263668  0.715378  0.758798  0.219252  0.158306  0.669345  0.304723  0.243116  0.219292  0.160322  0.268718  0.420663  0.370812  0.152841  0.336436  0.188954  0.396508  0.316243  0.265578  0.700010  0.319826  0.562283  0.299562  0.627113  0.691875  0.193601 0.0  0.250947  0.447540  0.236837  0.200300  0.265768  0.648187  0.223146  0.712461  0.225440  0.795717  0.238174  0.238875  0.317630  0.285205  0.538287  0.690690  0.623509 
44  0.611877  0.427914  0.442227  0.575686  0.187769  0.289113  0.490440  0.131918  0.667547  0.695109  0.189880  0.350130  0.296085  0.615552  0.626935  0.189861  0.124213  0.287285  0.634023  0.688452  0.291106  0.304837  0.813430  0.115763  0.281999  0.370417  0.375567  0.268433  0.556192  0.427651  0.376754  0.286192  0.183523  0.594838  0.257616  0.188410  0.726916  0.358581  0.773303  0.347185  0.629594  0.903302  0.231275  0.250947 0.0  0.412746  0.130860  0.288843  0.259875  0.696171  0.292470  0.713852  0.286889  0.695027  0.282485  0.210000  0.095970  0.143390  0.702106  0.718087  0.748757 
45  0.397448  0.483184  0.606725  0.661169  0.315867  0.465386  0.288871  0.461766  0.336325  0.335432  0.562866  0.317851  0.361567  0.290510  0.400893  0.322986  0.526762  0.382509  0.467234  0.387614  0.675438  0.481511  0.532452  0.360868  0.446981  0.610095  0.584408  0.410513  0.419164  0.564474  0.528330  0.412336  0.403864  0.546014  0.480400  0.377909  0.340200  0.543320  0.527208  0.684616  0.421013  0.693478  0.471015  0.447540  0.412746 0.0  0.334229  0.368959  0.434741  0.323914  0.561969  0.507372  0.408001  0.576437  0.584204  0.322159  0.303640  0.430188  0.666517  0.489529  0.527073 
46  0.740108  0.397468  0.442296  0.652049  0.134654  0.274318  0.543672  0.168213  0.561131  0.605158  0.368529  0.101551  0.195105  0.716700  0.593450  0.183987  0.232757  0.144878  0.615592  0.509992  0.308106  0.292095  0.734902  0.189133  0.257770  0.361078  0.494048  0.240014  0.468767  0.446476  0.452441  0.209854  0.166082  0.480745  0.212264  0.237978  0.619964  0.284090  0.757542  0.357797  0.645384  0.837589  0.159336  0.236837  0.130860  0.334229 0.0  0.205365  0.211768  0.601900  0.330761  0.566589  0.244618  0.677259  0.207124  0.066249  0.167641  0.140549  0.712848  0.612482  0.781050 
47  0.564557  0.378680  0.324953  0.747803  0.194489  0.210163  0.483449  0.229792  0.551898  0.599931  0.325223  0.223267  0.248329  0.561613  0.663446  0.272439  0.163687  0.284902  0.610105  0.580461  0.416276  0.295037  0.829542  0.166138  0.364585  0.293438  0.394808  0.056870  0.407023  0.438367  0.266451  0.159381  0.153653  0.533113  0.229293  0.176199  0.698281  0.367974  0.790052  0.290809  0.587535  0.836259  0.267547  0.200300  0.288843  0.368959  0.205365 0.0  0.343332  0.652854  0.306799  0.653376  0.166069  0.785566  0.234421  0.192586  0.180921  0.210811  0.649518  0.677417  0.621010 
48  0.714384  0.295214  0.301320  0.573631  0.275775  0.250651  0.650510  0.352637  0.722968  0.780574  0.177226  0.273973  0.309629  0.637947  0.649919  0.282933  0.261144  0.219538  0.775982  0.668767  0.305155  0.266022  0.666051  0.273832  0.192448  0.212986  0.258070  0.268776  0.415400  0.196573  0.299577  0.254843  0.277254  0.516682  0.244464  0.225596  0.727455  0.363279  0.749086  0.322668  0.729318  0.754414  0.295494  0.265768  0.259875  0.434741  0.211768  0.343332 0.0  0.485538  0.308520  0.699439  0.254187  0.657616  0.186828  0.291941  0.258369  0.238256  0.439610  0.753624  0.761365 
49  0.228796  0.781671  0.772412  0.743704  0.519812  0.699510  0.079432  0.706140  0.163789  0.310576  0.849397  0.652430  0.583157  0.241585  0.075552  0.566926  0.622531  0.693188  0.134368  0.287001  0.749938  0.723174  0.415963  0.631614  0.803166  0.772343  0.907627  0.629260  0.470266  0.895632  0.723843  0.532237  0.681634  0.594483  0.718202  0.597597  0.195322  0.714170  0.343168  0.822733  0.290131  0.446857  0.661050  0.648187  0.696171  0.323914  0.601900  0.652854  0.485538 0.0  0.812356  0.222453  0.467425  0.326259  0.742833  0.563052  0.479093  0.554719  0.651102  0.149751  0.424694 
50  0.704332  0.345906  0.181686  0.539524  0.449364  0.215292  0.721942  0.410614  0.698791  0.736767  0.216680  0.340692  0.476469  0.897631  0.737673  0.307351  0.402340  0.363416  0.751655  0.760333  0.497028  0.140674  0.683245  0.400076  0.261442  0.139449  0.265162  0.327588  0.399576  0.459367  0.464068  0.317839  0.325315  0.655282  0.396303  0.334346  0.717782  0.405365  0.683379  0.219376  0.650816  0.715826  0.323192  0.223146  0.292470  0.561969  0.330761  0.306799  0.308520  0.812356 0.0  0.770409  0.398629  0.652387  0.302874  0.332212  0.360702  0.268803  0.532836  0.760384  0.673189 
51  0.279328  0.860652  0.785530  0.647404  0.614346  0.727955  0.098099  0.593267  0.157264  0.182371  0.751428  0.655855  0.578313  0.133791  0.160133  0.625856  0.566163  0.666940  0.252712  0.035204  0.684534  0.712579  0.370658  0.637267  0.770720  0.768562  0.890420  0.593984  0.489089  0.843475  0.656488  0.647809  0.533116  0.562472  0.698088  0.669137  0.277687  0.764865  0.385309  0.818547  0.330382  0.529356  0.683839  0.712461  0.713852  0.507372  0.566589  0.653376  0.699439  0.222453  0.770409 0.0  0.701442  0.177806  0.666934  0.642811  0.614101  0.655559  0.670611  0.159335  0.386850 
52  0.584496  0.346581  0.428695  0.601002  0.096481  0.236706  0.419882  0.242881  0.841280  0.547279  0.394916  0.265669  0.194555  0.607174  0.583373  0.217253  0.192341  0.210107  0.693863  0.612794  0.373950  0.314008  0.758705  0.237462  0.230102  0.314425  0.425843  0.212638  0.413714  0.377236  0.296364  0.241052  0.209863  0.620795  0.215556  0.184191  0.551761  0.289065  0.885448  0.331521  0.609581  0.910124  0.253726  0.225440  0.286889  0.408001  0.244618  0.166069  0.254187  0.467425  0.398629  0.701442 0.0  0.723830  0.200322  0.275168  0.171787  0.211185  0.709479  0.662351  0.756423 
53  0.278645  0.753301  0.571537  0.566770  0.821770  0.775417  0.386471  0.791216  0.376817  0.372804  0.645937  0.797423  0.821609  0.388311  0.421580  0.676206  0.649446  0.733971  0.309026  0.173097  0.842589  0.636752  0.160736  0.845914  0.759414  0.595198  0.838574  0.789135  0.569106  0.866781  0.844495  0.769881  0.711337  0.645070  0.891916  0.723036  0.423874  0.699709  0.186938  0.679093  0.268069  0.295536  0.754068  0.795717  0.695027  0.576437  0.677259  0.785566  0.657616  0.326259  0.652387  0.177806  0.723830 0.0  0.702819  0.608905  0.792997  0.732567  0.553659  0.346666  0.113968 
54  0.669033  0.246272  0.270709  0.557725  0.271145  0.192110  0.705172  0.166848  0.709266  0.717379  0.360691  0.213409  0.159914  0.731149  0.694703  0.407790  0.313663  0.309726  0.654311  0.583968  0.256012  0.206427  0.544077  0.252253  0.268135  0.211802  0.353924  0.431501  0.450842  0.321724  0.244158  0.326117  0.321602  0.490611  0.277734  0.353998  0.601564  0.329088  0.722414  0.361344  0.658786  0.655460  0.402300  0.238174  0.282485  0.584204  0.207124  0.234421  0.186828  0.742833  0.302874  0.666934  0.200322  0.702819 0.0  0.276198  0.390384  0.298611  0.506341  0.736002  0.697508 
55  0.552236  0.369605  0.252079  0.729301  0.195809  0.277549  0.502271  0.171508  0.665487  0.561283  0.372652  0.232826  0.169060  0.484673  0.654602  0.153319  0.224349  0.203119  0.607842  0.658920  0.397980  0.376452  0.748911  0.162173  0.319556  0.369260  0.503845  0.240480  0.474298  0.426886  0.391594  0.296535  0.234988  0.578162  0.232862  0.158945  0.642568  0.289581  0.755305  0.447721  0.619890  1.000000  0.122238  0.238875  0.210000  0.322159  0.066249  0.192586  0.291941  0.563052  0.332212  0.642811  0.275168  0.608905  0.276198 0.0  0.241638  0.196703  0.591096  0.647267  0.768569 
56  0.652003  0.370019  0.435977  0.543318  0.078990  0.290279  0.578101  0.174119  0.557227  0.651047  0.467705  0.171460  0.075828  0.613495  0.595482  0.201427  0.103055  0.148309  0.590321  0.650956  0.299855  0.273841  0.764157  0.188577  0.381940  0.352172  0.320908  0.111154  0.481880  0.473987  0.395042  0.108523  0.093178  0.640655  0.157878  0.145605  0.623823  0.445412  0.847164  0.414797  0.668975  0.926635  0.141746  0.317630  0.095970  0.303640  0.167641  0.180921  0.258369  0.479093  0.360702  0.614101  0.171787  0.792997  0.390384  0.241638 0.0  0.092529  0.555793  0.593787  0.863165 
57  0.502569  0.313168  0.448089  0.611362  0.167104  0.239275  0.461916  0.258989  0.650038  0.643407  0.267678  0.212792  0.217641  0.693841  0.675297  0.111111  0.226025  0.193284  0.708499  0.633425  0.437163  0.411378  0.657578  0.175449  0.283997  0.224918  0.504708  0.209907  0.543223  0.426750  0.316937  0.181718  0.178847  0.598609  0.255807  0.153006  0.713597  0.308032  0.705332  0.303938  0.703593  0.863079  0.117451  0.285205  0.143390  0.430188  0.140549  0.210811  0.238256  0.554719  0.268803  0.655559  0.211185  0.732567  0.298611  0.196703  0.092529 0.0  0.703306  0.542752  0.818690 
58  0.807795  0.489692  0.570769  0.267368  0.600629  0.458276  0.571612  0.711465  0.704559  0.560693  0.531880  0.738878  0.669354  0.655865  0.695702  0.640328  0.671670  0.710838  0.682741  0.805854  0.213926  0.438544  0.438585  0.734380  0.577142  0.642570  0.436709  0.702118  0.422849  0.315837  0.388076  0.708233  0.690225  0.289580  0.748870  0.625185  0.633860  0.514117  0.500848  0.539941  0.680373  0.361930  0.609821  0.538287  0.702106  0.666517  0.712848  0.649518  0.439610  0.651102  0.532836  0.670611  0.709479  0.553659  0.506341  0.591096  0.555793  0.703306 0.0  0.683163  0.540953 
59  0.179339  0.768926  0.710386  0.643004  0.555251  0.537083  0.000000  0.570745  0.243992  0.238145  0.710137  0.628707  0.693172  0.187423  0.240852  0.575700  0.775240  0.406820  0.183325  0.200326  0.680232  0.599786  0.380913  0.586097  0.735241  0.806717  0.900008  0.569117  0.360040  0.839795  0.731942  0.537751  0.671490  0.464959  0.690475  0.601347  0.181059  0.733128  0.249667  0.753204  0.210958  0.478710  0.569548  0.690690  0.718087  0.489529  0.612482  0.677417  0.753624  0.149751  0.760384  0.159335  0.662351  0.346666  0.736002  0.647267  0.593787  0.542752  0.683163 0.0  0.235267 
60  0.439941  0.759711  0.707178  0.536076  0.901740  0.623915  0.301746  0.779626  0.285988  0.403701  0.674521  0.758830  0.699582  0.456617  0.293395  0.702125  0.705360  0.729968  0.310604  0.391218  0.888443  0.800672  0.203661  0.751541  0.633457  0.684239  0.706091  0.795737  0.510997  0.703652  0.814381  0.764670  0.838879  0.562226  0.923752  0.796628  0.250519  0.809927  0.239328  0.680253  0.180684  0.342040  0.714301  0.623509  0.748757  0.527073  0.781050  0.621010  0.761365  0.424694  0.673189  0.386850  0.756423  0.113968  0.697508  0.768569  0.863165  0.818690  0.540953  0.235267 0.0 
