61
0 0.0  0.681956  0.669565  0.580579  0.524108  0.662929  0.075164  0.645980  0.367069  0.247442  0.840118  0.593392  0.580429  0.283948  0.095671  0.501850  0.602474  0.585744  0.309970  0.361334  0.724197  0.712197  0.333493  0.698838  0.720292  0.768269  0.922395  0.578352  0.468922  0.879398  0.815133  0.642551  0.641687  0.505376  0.540988  0.549227  0.207409  0.658356  0.323366  0.870825  0.191051  0.356184  0.614742  0.709177  0.568255  0.353940  0.529875  0.680144  0.631058  0.222675  0.666682  0.174627  0.694873  0.383921  0.728001  0.531830  0.550006  0.717336  0.532651  0.317927  0.340132 
1  0.681956 0.0  0.355539  0.523574  0.449279  0.215848  0.741310  0.307451  0.841718  0.737092  0.274946  0.373471  0.347427  0.817670  0.809857  0.186087  0.351146  0.346428  0.744281  0.778855  0.282895  0.263494  0.831239  0.322413  0.321385  0.396869  0.372205  0.335227  0.496482  0.477684  0.334733  0.347732  0.351542  0.474002  0.288409  0.373535  0.702166  0.083131  0.728808  0.218143  0.752154  0.819938  0.354889  0.097829  0.362945  0.570097  0.510820  0.316194  0.270381  0.801534  0.305965  0.828985  0.285126  0.787183  0.216688  0.253558  0.353634  0.343137  0.494384  0.716752  0.828153 
2  0.669565  0.355539 0.0  0.656863  0.355485  0.287770  0.743122  0.353083  0.649901  0.715532  0.193075  0.354699  0.292596  0.709443  0.742374  0.325630  0.270432  0.426341  0.796470  0.861259  0.342252  0.216335  0.567117  0.439428  0.135812  0.187530  0.348536  0.327802  0.376048  0.445845  0.602561  0.308326  0.283451  0.609379  0.368892  0.426830  0.713441  0.350982  0.603373  0.198495  0.711453  0.774937  0.304844  0.330109  0.408877  0.494574  0.266295  0.347049  0.345720  0.688692  0.213785  0.693079  0.273554  0.611228  0.229298  0.208543  0.438505  0.358821  0.611875  0.791580  0.562038 
3  0.580579  0.523574  0.656863 0.0  0.721148  0.491468  0.559028  0.768293  0.638890  0.671167  0.537183  0.742567  0.577322  0.673555  0.671105  0.723681  0.647605  0.590844  0.645634  0.776655  0.325482  0.398763  0.564219  0.762334  0.528170  0.534897  0.376906  0.670627  0.495664  0.305105  0.277293  0.659467  0.602134  0.205218  0.708715  0.695377  0.647255  0.588135  0.449522  0.456434  0.667481  0.428705  0.670933  0.387254  0.715418  0.729677  0.727472  0.665992  0.455290  0.674342  0.487645  0.779110  0.644537  0.532799  0.494599  0.637089  0.660498  0.741947  0.463509  0.728755  0.506406 
4  0.524108  0.449279  0.355485  0.721148 0.0  0.201281  0.531909  0.153731  0.432501  0.549092  0.484520  0.128797  0.161923  0.536426  0.587295  0.151012  0.164899  0.171988  0.611251  0.544343  0.400152  0.238158  0.816100  0.158138  0.376858  0.374696  0.356026  0.087525  0.391569  0.487546  0.419788  0.136294  0.159168  0.546260  0.210645  0.153740  0.537252  0.374777  0.800493  0.421289  0.587458  0.777258  0.180588  0.272570  0.154718  0.432912  0.176216  0.105643  0.217331  0.580785  0.353366  0.544554  0.176323  0.855309  0.242957  0.106520  0.160940  0.155874  0.741817  0.521999  0.855343 
5  0.662929  0.215848  0.287770  0.491468  0.201281 0.0  0.625099  0.240192  0.606992  0.685325  0.337782  0.291470  0.249698  0.674040  0.664907  0.271269  0.365033  0.350987  0.659186  0.728771  0.310003  0.166482  0.679824  0.260708  0.211496  0.274442  0.277017  0.347286  0.477890  0.259689  0.252668  0.122418  0.231226  0.497941  0.301122  0.287648  0.643478  0.250586  0.673757  0.279648  0.694054  0.632193  0.270783  0.361992  0.317033  0.452985  0.255324  0.217361  0.206505  0.698332  0.236762  0.640310  0.276941  0.615097  0.337595  0.290632  0.179291  0.364739  0.504773  0.706095  0.702697 
6  0.075164  0.741310  0.743122  0.559028  0.531909  0.625099 0.0  0.528695  0.000000  0.096022  0.742775  0.484532  0.536616  0.000000  0.101684  0.502802  0.504953  0.485106  0.034494  0.034680  0.738613  0.694632  0.269815  0.511658  0.782060  0.783957  0.697225  0.558527  0.495510  0.823680  0.770361  0.463774  0.420240  0.559165  0.610492  0.501357  0.147249  0.764707  0.292129  0.713620  0.000000  0.329541  0.573422  0.589920  0.492377  0.269730  0.472434  0.519178  0.634543  0.107688  0.732603  0.097908  0.557576  0.458121  0.676800  0.543815  0.579020  0.574971  0.597132  0.074954  0.387860 
7  0.645980  0.307451  0.353083  0.768293  0.153731  0.240192  0.528695 0.0  0.504515  0.649929  0.385287  0.068179  0.132388  0.688395  0.618974  0.317317  0.255193  0.182437  0.635944  0.595813  0.277891  0.179790  0.842357  0.273555  0.366670  0.402542  0.498998  0.216357  0.490051  0.446754  0.460076  0.169306  0.269870  0.547084  0.312820  0.271380  0.654788  0.361762  0.757087  0.300026  0.576990  0.812477  0.192357  0.276415  0.151149  0.490157  0.154849  0.270549  0.221316  0.680567  0.268791  0.462057  0.188716  0.757611  0.290985  0.176569  0.253624  0.305854  0.609746  0.689534  0.787795 
8  0.367069  0.841718  0.649901  0.638890  0.432501  0.606992  0.000000  0.504515 0.0  0.170229  0.801496  0.561475  0.542286  0.175174  0.288502  0.712516  0.621355  0.734032  0.170553  0.297444  0.784999  0.602151  0.319815  0.609941  0.750474  0.676760  0.872005  0.728558  0.504736  0.866877  0.819239  0.620061  0.599111  0.489266  0.638718  0.651977  0.292681  0.757227  0.224553  0.702329  0.162918  0.330324  0.580501  0.685622  0.580282  0.406814  0.570717  0.635754  0.709097  0.177296  0.680038  0.177150  0.525427  0.270618  0.749009  0.538284  0.589146  0.661487  0.735998  0.232685  0.326354 
9  0.247442  0.737092  0.715532  0.671167  0.549092  0.685325  0.096022  0.649929  0.170229 0.0  0.783761  0.595064  0.663937  0.131492  0.216926  0.686742  0.682673  0.675325  0.257714  0.244512  0.746998  0.547917  0.262544  0.546842  0.855460  0.762939  0.768038  0.777408  0.439520  0.860173  0.662933  0.658500  0.716068  0.545670  0.607070  0.597648  0.142037  0.730639  0.366444  0.753431  0.235787  0.374619  0.606485  0.608038  0.550203  0.319732  0.469440  0.623747  0.732577  0.263433  0.733363  0.198174  0.558848  0.412280  0.660572  0.584741  0.455241  0.629554  0.639690  0.162805  0.352607 
10  0.840118  0.274946  0.193075  0.537183  0.484520  0.337782  0.742775  0.385287  0.801496  0.783761 0.0  0.243445  0.457328  0.816188  0.657405  0.427620  0.337901  0.396591  0.651659  0.851033  0.507992  0.348329  0.492607  0.445034  0.148546  0.344990  0.451855  0.342922  0.475040  0.302430  0.416764  0.340479  0.423200  0.622652  0.212636  0.372389  0.728591  0.275866  0.645633  0.191698  0.846550  0.812372  0.330899  0.176528  0.306044  0.487436  0.316385  0.411704  0.237280  0.789148  0.162906  0.732728  0.262060  0.584239  0.264293  0.293186  0.377377  0.336757  0.664691  0.794426  0.582573 
11  0.593392  0.373471  0.354699  0.742567  0.128797  0.291470  0.484532  0.068179  0.561475  0.595064  0.243445 0.0  0.192026  0.645219  0.623412  0.195784  0.177879  0.255792  0.728331  0.760150  0.363669  0.248180  0.753391  0.252263  0.339200  0.300109  0.420359  0.228842  0.514063  0.449813  0.262944  0.250178  0.103185  0.477667  0.214669  0.259612  0.635778  0.336090  0.749255  0.335689  0.560918  0.909604  0.267898  0.321175  0.205015  0.456580  0.169376  0.250300  0.155719  0.550402  0.392121  0.713425  0.152978  0.675178  0.308190  0.223625  0.130834  0.221090  0.703792  0.655060  0.812425 
12  0.580429  0.347427  0.292596  0.577322  0.161923  0.249698  0.536616  0.132388  0.542286  0.663937  0.457328  0.192026 0.0  0.630698  0.624886  0.295084  0.271237  0.179357  0.694830  0.647720  0.388988  0.269991  0.683064  0.161996  0.303115  0.310863  0.409837  0.191979  0.441537  0.469070  0.426915  0.152865  0.231562  0.574317  0.257209  0.187988  0.686859  0.301759  0.844663  0.424625  0.651851  0.924891  0.236729  0.199711  0.317607  0.376099  0.270622  0.196816  0.208962  0.740058  0.362671  0.707432  0.170296  0.808860  0.182570  0.136696  0.097939  0.128858  0.648213  0.620253  0.692691 
13  0.283948  0.817670  0.709443  0.673555  0.536426  0.674040  0.000000  0.688395  0.175174  0.131492  0.816188  0.645219  0.630698 0.0  0.205981  0.637933  0.598830  0.569952  0.158219  0.268875  0.670862  0.679999  0.324885  0.526334  0.781277  0.771985  0.960747  0.586257  0.506719  0.887627  0.765557  0.632351  0.598617  0.499259  0.646993  0.669912  0.218160  0.799583  0.296176  0.773084  0.241844  0.461706  0.531249  0.695987  0.672329  0.332530  0.627123  0.592855  0.763150  0.214837  0.672291  0.146458  0.664837  0.257396  0.756524  0.666625  0.588661  0.617137  0.734747  0.176083  0.310810 
14  0.095671  0.809857  0.742374  0.671105  0.587295  0.664907  0.101684  0.618974  0.288502  0.216926  0.657405  0.623412  0.624886  0.205981 0.0  0.637532  0.455743  0.640670  0.225896  0.137739  0.688014  0.713373  0.202054  0.552849  0.684637  0.793767  0.995402  0.623337  0.459275  0.849981  0.650296  0.601014  0.615484  0.467676  0.532068  0.585502  0.264636  0.731865  0.277956  0.814323  0.179490  0.392025  0.640688  0.720136  0.613173  0.367777  0.488236  0.575960  0.727161  0.088510  0.718463  0.165252  0.510541  0.323168  0.645692  0.647346  0.570738  0.659805  0.701212  0.105614  0.399713 
15  0.501850  0.186087  0.325630  0.723681  0.151012  0.271269  0.502802  0.317317  0.712516  0.686742  0.427620  0.195784  0.295084  0.637933  0.637532 0.0  0.142236  0.187053  0.611132  0.627260  0.388172  0.224229  0.762004  0.098296  0.349552  0.263502  0.473312  0.208373  0.524493  0.304629  0.444653  0.274094  0.177886  0.597260  0.216676  0.228214  0.644640  0.341451  0.700970  0.278316  0.664537  0.923328  0.180168  0.369411  0.258733  0.390695  0.287333  0.175817  0.095505  0.659556  0.263168  0.615236  0.112482  0.726886  0.340916  0.253980  0.207960  0.261363  0.699223  0.648096  0.792545 
16  0.602474  0.351146  0.270432  0.647605  0.164899  0.365033  0.504953  0.255193  0.621355  0.682673  0.337901  0.177879  0.271237  0.598830  0.455743  0.142236 0.0  0.184488  0.526905  0.551812  0.315597  0.227608  0.744029  0.280700  0.245954  0.356630  0.399708  0.216802  0.530115  0.503551  0.296421  0.203524  0.185923  0.455007  0.070466  0.133991  0.704237  0.372624  0.761182  0.373789  0.603452  0.957764  0.107391  0.218792  0.120771  0.415968  0.166780  0.163541  0.257797  0.678360  0.385897  0.621586  0.208487  0.770468  0.424658  0.272328  0.079131  0.168711  0.584682  0.649400  0.735671 
17  0.585744  0.346428  0.426341  0.590844  0.171988  0.350987  0.485106  0.182437  0.734032  0.675325  0.396591  0.255792  0.179357  0.569952  0.640670  0.187053  0.184488 0.0  0.729246  0.630898  0.447153  0.332068  0.872766  0.255764  0.288229  0.353667  0.430832  0.207903  0.479289  0.422817  0.290338  0.248634  0.236738  0.626268  0.237349  0.240126  0.614346  0.319809  0.775715  0.344005  0.460223  0.858224  0.159345  0.271325  0.381816  0.454873  0.230935  0.229876  0.259744  0.703989  0.410860  0.649982  0.228220  0.710763  0.336812  0.193642  0.110622  0.244089  0.752245  0.586712  0.734202 
18  0.309970  0.744281  0.796470  0.645634  0.611251  0.659186  0.034494  0.635944  0.170553  0.257714  0.651659  0.728331  0.694830  0.158219  0.225896  0.611132  0.526905  0.729246 0.0  0.295205  0.845084  0.665659  0.375117  0.533931  0.758877  0.729282  0.868746  0.764978  0.449952  0.864313  0.716917  0.665849  0.603328  0.389656  0.587247  0.630377  0.157234  0.760723  0.274268  0.694838  0.174616  0.478211  0.628685  0.649337  0.640862  0.403584  0.616129  0.614812  0.692021  0.141846  0.657131  0.159715  0.581296  0.299007  0.579554  0.591628  0.389803  0.474132  0.730249  0.243759  0.363408 
19  0.361334  0.778855  0.861259  0.776655  0.544343  0.728771  0.034680  0.595813  0.297444  0.244512  0.851033  0.760150  0.647720  0.268875  0.137739  0.627260  0.551812  0.630898  0.295205 0.0  0.677269  0.699268  0.354478  0.672407  0.775442  0.733105  0.885768  0.640854  0.465751  0.933949  0.719151  0.435150  0.646617  0.506878  0.580790  0.608217  0.252427  0.736341  0.341372  0.681018  0.131606  0.367450  0.619717  0.762012  0.629594  0.406524  0.599533  0.598029  0.594549  0.323715  0.775220  0.158673  0.621979  0.362728  0.717757  0.635878  0.613035  0.630370  0.726263  0.148330  0.303385 
20  0.724197  0.282895  0.342252  0.325482  0.400152  0.310003  0.738613  0.277891  0.784999  0.746998  0.507992  0.363669  0.388988  0.670862  0.688014  0.388172  0.315597  0.447153  0.845084  0.677269 0.0  0.200709  0.855911  0.197968  0.534442  0.449785  0.040328  0.415746  0.508571  0.098846  0.200940  0.320632  0.385504  0.348125  0.255628  0.396675  0.849511  0.399777  0.959100  0.592212  0.861538  0.399625  0.367811  0.235195  0.366093  0.525844  0.245299  0.283514  0.216624  0.700321  0.464522  0.760362  0.403055  1.000000  0.239308  0.331083  0.371701  0.277131  0.234182  0.701859  0.906158 
21  0.712197  0.263494  0.216335  0.398763  0.238158  0.166482  0.694632  0.179790  0.602151  0.547917  0.348329  0.248180  0.269991  0.679999  0.713373  0.224229  0.227608  0.332068  0.665659  0.699268  0.200709 0.0  0.746212  0.174809  0.354704  0.286822  0.212717  0.222922  0.508181  0.294945  0.404666  0.271011  0.377222  0.399671  0.265617  0.325519  0.648314  0.347642  0.629869  0.274345  0.817134  0.718882  0.310948  0.191553  0.297139  0.497667  0.264661  0.256426  0.296098  0.674545  0.166710  0.769621  0.218843  0.732650  0.308378  0.160414  0.299676  0.343326  0.492977  0.671634  0.624631 
22  0.333493  0.831239  0.567117  0.564219  0.816100  0.679824  0.269815  0.842357  0.319815  0.262544  0.492607  0.753391  0.683064  0.324885  0.202054  0.762004  0.744029  0.872766  0.375117  0.354478  0.855911  0.746212 0.0  0.804582  0.626510  0.583254  0.774606  0.746638  0.480303  0.840958  0.975451  0.722352  0.866945  0.685867  0.746002  0.773592  0.339642  0.801750  0.221020  0.639467  0.328563  0.263999  0.840185  0.659618  0.820914  0.583869  0.792909  0.658448  0.699783  0.266829  0.721500  0.359913  0.848411  0.312908  0.672721  0.851705  0.780459  0.813448  0.490539  0.338616  0.314162 
23  0.698838  0.322413  0.439428  0.762334  0.158138  0.260708  0.511658  0.273555  0.609941  0.546842  0.445034  0.252263  0.161996  0.526334  0.552849  0.098296  0.280700  0.255764  0.533931  0.672407  0.197968  0.174809  0.804582 0.0  0.335387  0.417543  0.548142  0.144630  0.419709  0.459419  0.311071  0.262537  0.192980  0.510746  0.244659  0.233188  0.563765  0.362176  0.797112  0.388000  0.591466  0.944218  0.113043  0.331025  0.168095  0.366490  0.220757  0.178780  0.248194  0.580933  0.262996  0.610583  0.270724  0.748523  0.215989  0.233016  0.119913  0.251456  0.668560  0.678123  0.845076 
24  0.720292  0.321385  0.135812  0.528170  0.376858  0.211496  0.782060  0.366670  0.750474  0.855460  0.148546  0.339200  0.303115  0.781277  0.684637  0.349552  0.245954  0.288229  0.758877  0.775442  0.534442  0.354704  0.626510  0.335387 0.0  0.227823  0.330306  0.425398  0.335169  0.439622  0.456080  0.264213  0.267807  0.734207  0.389470  0.440472  0.633242  0.354681  0.586081  0.084028  0.675615  0.730135  0.379700  0.353334  0.284206  0.487706  0.304673  0.319455  0.390947  0.796649  0.255660  0.723206  0.423406  0.676244  0.286200  0.457551  0.429856  0.359382  0.502807  0.753474  0.493998 
25  0.768269  0.396869  0.187530  0.534897  0.374696  0.274442  0.783957  0.402542  0.676760  0.762939  0.344990  0.300109  0.310863  0.771985  0.793767  0.263502  0.356630  0.353667  0.729282  0.733105  0.449785  0.286822  0.583254  0.417543  0.227823 0.0  0.402582  0.346258  0.521754  0.335733  0.436517  0.250160  0.291049  0.657619  0.430225  0.281175  0.828860  0.364855  0.727824  0.195693  0.734614  0.766804  0.317384  0.281924  0.380196  0.590743  0.300644  0.416496  0.271435  0.745744  0.093870  0.811993  0.391081  0.744855  0.248684  0.309544  0.420556  0.358831  0.489350  0.751302  0.696739 
26  0.922395  0.372205  0.348536  0.376906  0.356026  0.277017  0.697225  0.498998  0.872005  0.768038  0.451855  0.420359  0.409837  0.960747  0.995402  0.473312  0.399708  0.430832  0.868746  0.885768  0.040328  0.212717  0.774606  0.548142  0.330306  0.402582 0.0  0.558653  0.505188  0.118526  0.071879  0.513963  0.519773  0.318591  0.466881  0.433464  0.908932  0.397503  0.647115  0.251392  0.844198  0.653867  0.486142  0.214544  0.429815  0.711560  0.373632  0.442382  0.280898  0.941211  0.319077  0.874844  0.456895  0.698133  0.188949  0.570026  0.431721  0.477470  0.434015  0.822118  0.778129 
27  0.578352  0.335227  0.327802  0.670627  0.087525  0.347286  0.558527  0.216357  0.728558  0.777408  0.342922  0.228842  0.191979  0.586257  0.623337  0.208373  0.216802  0.207903  0.764978  0.640854  0.415746  0.222922  0.746638  0.144630  0.425398  0.346258  0.558653 0.0  0.386463  0.392153  0.380305  0.285314  0.178534  0.506059  0.247382  0.178591  0.635683  0.385221  0.756879  0.391283  0.644858  0.911716  0.198881  0.276479  0.155707  0.393613  0.273713  0.136647  0.196175  0.625998  0.370892  0.502152  0.185522  0.738481  0.235965  0.298770  0.085949  0.127380  0.655997  0.611397  0.670561 
28  0.468922  0.496482  0.376048  0.495664  0.391569  0.477890  0.495510  0.490051  0.504736  0.439520  0.475040  0.514063  0.441537  0.506719  0.459275  0.524493  0.530115  0.479289  0.449952  0.465751  0.508571  0.508181  0.480303  0.419709  0.335169  0.521754  0.505188  0.386463 0.0  0.429322  0.479163  0.400161  0.531120  0.463932  0.463531  0.478233  0.427857  0.372771  0.403528  0.389603  0.446680  0.556365  0.514442  0.518512  0.483347  0.417606  0.560805  0.332722  0.557636  0.398084  0.500225  0.517843  0.500784  0.474702  0.366215  0.436847  0.495601  0.379260  0.419748  0.484886  0.462548 
29  0.879398  0.477684  0.445845  0.305105  0.487546  0.259689  0.823680  0.446754  0.866877  0.860173  0.302430  0.449813  0.469070  0.887627  0.849981  0.304629  0.503551  0.422817  0.864313  0.933949  0.098846  0.294945  0.840958  0.459419  0.439622  0.335733  0.118526  0.392153  0.429322 0.0  0.107446  0.383639  0.379514  0.328488  0.370631  0.403989  0.743707  0.449944  0.863072  0.401826  0.753681  0.482818  0.318039  0.210537  0.358721  0.687625  0.451414  0.415866  0.275927  0.854221  0.325483  0.818404  0.361229  0.794746  0.218051  0.360597  0.399886  0.493434  0.362829  0.769400  0.814591 
30  0.815133  0.334733  0.602561  0.277293  0.419788  0.252668  0.770361  0.460076  0.819239  0.662933  0.416764  0.262944  0.426915  0.765557  0.650296  0.444653  0.296421  0.290338  0.716917  0.719151  0.200940  0.404666  0.975451  0.311071  0.456080  0.436517  0.071879  0.380305  0.479163  0.107446 0.0  0.263773  0.259798  0.407219  0.405577  0.304620  0.759944  0.341603  0.874341  0.492591  0.711938  0.561978  0.277404  0.220268  0.407612  0.547414  0.350422  0.248683  0.274116  0.836309  0.420277  0.797897  0.413395  0.819372  0.198536  0.399561  0.428223  0.392306  0.300887  0.832001  0.933602 
31  0.642551  0.347732  0.308326  0.659467  0.136294  0.122418  0.463774  0.169306  0.620061  0.658500  0.340479  0.250178  0.152865  0.632351  0.601014  0.274094  0.203524  0.248634  0.665849  0.435150  0.320632  0.271011  0.722352  0.262537  0.264213  0.250160  0.513963  0.285314  0.400161  0.383639  0.263773 0.0  0.187900  0.528000  0.187032  0.165244  0.524065  0.296409  0.773646  0.355585  0.697114  0.880864  0.241331  0.326454  0.110787  0.425927  0.240388  0.172018  0.327980  0.607665  0.350718  0.558091  0.108237  0.680432  0.213401  0.226983  0.118791  0.232438  0.574490  0.585700  0.739999 
32  0.641687  0.351542  0.283451  0.602134  0.159168  0.231226  0.420240  0.269870  0.599111  0.716068  0.423200  0.103185  0.231562  0.598617  0.615484  0.177886  0.185923  0.236738  0.603328  0.646617  0.385504  0.377222  0.866945  0.192980  0.267807  0.291049  0.519773  0.178534  0.531120  0.379514  0.259798  0.187900 0.0  0.460779  0.228578  0.189269  0.737543  0.402888  0.750667  0.346288  0.590070  0.905721  0.230583  0.240209  0.234382  0.386213  0.191169  0.280840  0.273990  0.556515  0.379884  0.615727  0.129839  0.704402  0.275401  0.160111  0.180752  0.234426  0.712992  0.650257  0.757582 
33  0.505376  0.474002  0.609379  0.205218  0.546260  0.497941  0.559165  0.547084  0.489266  0.545670  0.622652  0.477667  0.574317  0.499259  0.467676  0.597260  0.455007  0.626268  0.389656  0.506878  0.348125  0.399671  0.685867  0.510746  0.734207  0.657619  0.318591  0.506059  0.463932  0.328488  0.407219  0.528000  0.460779 0.0  0.558350  0.560131  0.533436  0.497187  0.713827  0.603601  0.572060  0.302846  0.669097  0.379963  0.638477  0.504822  0.587022  0.486311  0.548471  0.671420  0.491249  0.583534  0.527665  0.716118  0.470402  0.608144  0.626052  0.548947  0.232814  0.549536  0.776512 
34  0.540988  0.288409  0.368892  0.708715  0.210645  0.301122  0.610492  0.312820  0.638718  0.607070  0.212636  0.214669  0.257209  0.646993  0.532068  0.216676  0.070466  0.237349  0.587247  0.580790  0.255628  0.265617  0.746002  0.244659  0.389470  0.430225  0.466881  0.247382  0.463531  0.370631  0.405577  0.187032  0.228578  0.558350 0.0  0.235696  0.643288  0.327834  0.787090  0.261393  0.568181  0.785242  0.234135  0.305272  0.058475  0.426133  0.119802  0.234237  0.340012  0.687576  0.405665  0.630466  0.324794  0.736759  0.213540  0.202140  0.183391  0.111229  0.622216  0.650286  0.776933 
35  0.549227  0.373535  0.426830  0.695377  0.153740  0.287648  0.501357  0.271380  0.651977  0.597648  0.372389  0.259612  0.187988  0.669912  0.585502  0.228214  0.133991  0.240126  0.630377  0.608217  0.396675  0.325519  0.773592  0.233188  0.440472  0.281175  0.433464  0.178591  0.478233  0.403989  0.304620  0.165244  0.189269  0.560131  0.235696 0.0  0.557284  0.311621  0.709004  0.229612  0.541445  0.976254  0.190569  0.383692  0.175024  0.410475  0.173286  0.212033  0.313692  0.752859  0.460595  0.704575  0.187605  0.802088  0.248304  0.193039  0.203841  0.356850  0.717864  0.664084  0.682963 
36  0.207409  0.702166  0.713441  0.647255  0.537252  0.643478  0.147249  0.654788  0.292681  0.142037  0.728591  0.635778  0.686859  0.218160  0.264636  0.644640  0.704237  0.614346  0.157234  0.252427  0.849511  0.648314  0.339642  0.563765  0.633242  0.828860  0.908932  0.635683  0.427857  0.743707  0.759944  0.524065  0.737543  0.533436  0.643288  0.557284 0.0  0.754936  0.309513  0.744708  0.167937  0.559874  0.584489  0.673087  0.655102  0.364768  0.664683  0.618311  0.739627  0.203529  0.773659  0.140174  0.584794  0.476826  0.584198  0.626197  0.620147  0.661747  0.627346  0.160863  0.330357 
37  0.658356  0.083131  0.350982  0.588135  0.374777  0.250586  0.764707  0.361762  0.757227  0.730639  0.275866  0.336090  0.301759  0.799583  0.731865  0.341451  0.372624  0.319809  0.760723  0.736341  0.399777  0.347642  0.801750  0.362176  0.354681  0.364855  0.397503  0.385221  0.372771  0.449944  0.341603  0.296409  0.402888  0.497187  0.327834  0.311621  0.754936 0.0  0.741080  0.352130  0.900656  0.696114  0.390224  0.281911  0.265392  0.556056  0.354421  0.331186  0.168100  0.764979  0.296344  0.646399  0.292946  0.736377  0.246226  0.229627  0.381647  0.288743  0.571781  0.844770  0.849047 
38  0.323366  0.728808  0.603373  0.449522  0.800493  0.673757  0.292129  0.757087  0.224553  0.366444  0.645633  0.749255  0.844663  0.296176  0.277956  0.700970  0.761182  0.775715  0.274268  0.341372  0.959100  0.629869  0.221020  0.797112  0.586081  0.727824  0.647115  0.756879  0.403528  0.863072  0.874341  0.773646  0.750667  0.713827  0.787090  0.709004  0.309513  0.741080 0.0  0.693924  0.305459  0.418962  0.852551  0.609160  0.803656  0.660099  0.847102  0.694760  0.675282  0.410826  0.553919  0.371559  0.764011  0.177988  0.844287  0.844808  0.738664  0.690066  0.475016  0.453187  0.190433 
39  0.870825  0.218143  0.198495  0.456434  0.421289  0.279648  0.713620  0.300026  0.702329  0.753431  0.191698  0.335689  0.424625  0.773084  0.814323  0.278316  0.373789  0.344005  0.694838  0.681018  0.592212  0.274345  0.639467  0.388000  0.084028  0.195693  0.251392  0.391283  0.389603  0.401826  0.492591  0.355585  0.346288  0.603601  0.261393  0.229612  0.744708  0.352130  0.693924 0.0  0.765115  0.688195  0.293882  0.357515  0.371540  0.643065  0.415556  0.332619  0.302744  0.747140  0.243738  0.686826  0.334020  0.517938  0.246892  0.400644  0.474463  0.411031  0.545516  0.729365  0.698154 
40  0.191051  0.752154  0.711453  0.667481  0.587458  0.694054  0.000000  0.576990  0.162918  0.235787  0.846550  0.560918  0.651851  0.241844  0.179490  0.664537  0.603452  0.460223  0.174616  0.131606  0.861538  0.817134  0.328563  0.591466  0.675615  0.734614  0.844198  0.644858  0.446680  0.753681  0.711938  0.697114  0.590070  0.572060  0.568181  0.541445  0.167937  0.900656  0.305459  0.765115 0.0  0.529739  0.610366  0.677504  0.453825  0.583054  0.649804  0.593732  0.695251  0.263262  0.833104  0.159630  0.762044  0.373927  0.724466  0.553961  0.511255  0.628641  0.802923  0.128850  0.333390 
41  0.356184  0.819938  0.774937  0.428705  0.777258  0.632193  0.329541  0.812477  0.330324  0.374619  0.812372  0.909604  0.924891  0.461706  0.392025  0.923328  0.957764  0.858224  0.478211  0.367450  0.399625  0.718882  0.263999  0.944218  0.730135  0.766804  0.653867  0.911716  0.556365  0.482818  0.561978  0.880864  0.905721  0.302846  0.785242  0.976254  0.559874  0.696114  0.418962  0.688195  0.529739 0.0  0.980145  0.731093  0.815263  0.714755  0.969027  0.863897  0.681461  0.441376  0.686616  0.571763  0.944420  0.309363  0.572778  0.911064  0.861562  0.851282  0.263640  0.498344  0.253814 
42  0.614742  0.354889  0.304844  0.670933  0.180588  0.270783  0.573422  0.192357  0.580501  0.606485  0.330899  0.267898  0.236729  0.531249  0.640688  0.180168  0.107391  0.159345  0.628685  0.619717  0.367811  0.310948  0.840185  0.113043  0.379700  0.317384  0.486142  0.198881  0.514442  0.318039  0.277404  0.241331  0.230583  0.669097  0.234135  0.190569  0.584489  0.390224  0.852551  0.293882  0.610366  0.980145 0.0  0.207977  0.244877  0.485541  0.250431  0.265673  0.197859  0.623363  0.388895  0.531440  0.202546  0.575836  0.232262  0.182547  0.135208  0.249112  0.727936  0.571438  0.630698 
43  0.709177  0.097829  0.330109  0.387254  0.272570  0.361992  0.589920  0.276415  0.685622  0.608038  0.176528  0.321175  0.199711  0.695987  0.720136  0.369411  0.218792  0.271325  0.649337  0.762012  0.235195  0.191553  0.659618  0.331025  0.353334  0.281924  0.214544  0.276479  0.518512  0.210537  0.220268  0.326454  0.240209  0.379963  0.305272  0.383692  0.673087  0.281911  0.609160  0.357515  0.677504  0.731093  0.207977 0.0  0.272749  0.413750  0.274217  0.191566  0.362148  0.627092  0.216200  0.644916  0.286976  0.635064  0.258270  0.236288  0.297440  0.196476  0.440494  0.657351  0.756485 
44  0.568255  0.362945  0.408877  0.715418  0.154718  0.317033  0.492377  0.151149  0.580282  0.550203  0.306044  0.205015  0.317607  0.672329  0.613173  0.258733  0.120771  0.381816  0.640862  0.629594  0.366093  0.297139  0.820914  0.168095  0.284206  0.380196  0.429815  0.155707  0.483347  0.358721  0.407612  0.110787  0.234382  0.638477  0.058475  0.175024  0.655102  0.265392  0.803656  0.371540  0.453825  0.815263  0.244877  0.272749 0.0  0.417623  0.184848  0.308093  0.200779  0.593350  0.312773  0.613863  0.146542  0.838931  0.311003  0.229819  0.172304  0.179572  0.578478  0.694024  0.686982 
45  0.353940  0.570097  0.494574  0.729677  0.432912  0.452985  0.269730  0.490157  0.406814  0.319732  0.487436  0.456580  0.376099  0.332530  0.367777  0.390695  0.415968  0.454873  0.403584  0.406524  0.525844  0.497667  0.583869  0.366490  0.487706  0.590743  0.711560  0.393613  0.417606  0.687625  0.547414  0.425927  0.386213  0.504822  0.426133  0.410475  0.364768  0.556056  0.660099  0.643065  0.583054  0.714755  0.485541  0.413750  0.417623 0.0  0.498637  0.477837  0.387760  0.420659  0.626903  0.425007  0.308521  0.473294  0.489796  0.537262  0.263258  0.480290  0.717068  0.499851  0.484501 
46  0.529875  0.510820  0.266295  0.727472  0.176216  0.255324  0.472434  0.154849  0.570717  0.469440  0.316385  0.169376  0.270622  0.627123  0.488236  0.287333  0.166780  0.230935  0.616129  0.599533  0.245299  0.264661  0.792909  0.220757  0.304673  0.300644  0.373632  0.273713  0.560805  0.451414  0.350422  0.240388  0.191169  0.587022  0.119802  0.173286  0.664683  0.354421  0.847102  0.415556  0.649804  0.969027  0.250431  0.274217  0.184848  0.498637 0.0  0.292691  0.270785  0.614910  0.384445  0.683677  0.200557  0.778942  0.283825  0.172199  0.136716  0.198111  0.716072  0.711557  0.769547 
47  0.680144  0.316194  0.347049  0.665992  0.105643  0.217361  0.519178  0.270549  0.635754  0.623747  0.411704  0.250300  0.196816  0.592855  0.575960  0.175817  0.163541  0.229876  0.614812  0.598029  0.283514  0.256426  0.658448  0.178780  0.319455  0.416496  0.442382  0.136647  0.332722  0.415866  0.248683  0.172018  0.280840  0.486311  0.234237  0.212033  0.618311  0.331186  0.694760  0.332619  0.593732  0.863897  0.265673  0.191566  0.308093  0.477837  0.292691 0.0  0.242441  0.562852  0.269188  0.604451  0.202434  0.659255  0.269118  0.177660  0.148367  0.214856  0.713143  0.569089  0.755844 
48  0.631058  0.270381  0.345720  0.455290  0.217331  0.206505  0.634543  0.221316  0.709097  0.732577  0.237280  0.155719  0.208962  0.763150  0.727161  0.095505  0.257797  0.259744  0.692021  0.594549  0.216624  0.296098  0.699783  0.248194  0.390947  0.271435  0.280898  0.196175  0.557636  0.275927  0.274116  0.327980  0.273990  0.548471  0.340012  0.313692  0.739627  0.168100  0.675282  0.302744  0.695251  0.681461  0.197859  0.362148  0.200779  0.387760  0.270785  0.242441 0.0  0.709427  0.343676  0.620459  0.272634  0.765360  0.302290  0.131944  0.216942  0.323316  0.453262  0.712255  0.663406 
49  0.222675  0.801534  0.688692  0.674342  0.580785  0.698332  0.107688  0.680567  0.177296  0.263433  0.789148  0.550402  0.740058  0.214837  0.088510  0.659556  0.678360  0.703989  0.141846  0.323715  0.700321  0.674545  0.266829  0.580933  0.796649  0.745744  0.941211  0.625998  0.398084  0.854221  0.836309  0.607665  0.556515  0.671420  0.687576  0.752859  0.203529  0.764979  0.410826  0.747140  0.263262  0.441376  0.623363  0.627092  0.593350  0.420659  0.614910  0.562852  0.709427 0.0  0.788989  0.160079  0.549655  0.345391  0.628062  0.639127  0.583970  0.615407  0.578274  0.203233  0.302268 
50  0.666682  0.305965  0.213785  0.487645  0.353366  0.236762  0.732603  0.268791  0.680038  0.733363  0.162906  0.392121  0.362671  0.672291  0.718463  0.263168  0.385897  0.410860  0.657131  0.775220  0.464522  0.166710  0.721500  0.262996  0.255660  0.093870  0.319077  0.370892  0.500225  0.325483  0.420277  0.350718  0.379884  0.491249  0.405665  0.460595  0.773659  0.296344  0.553919  0.243738  0.833104  0.686616  0.388895  0.216200  0.312773  0.626903  0.384445  0.269188  0.343676  0.788989 0.0  0.725214  0.382911  0.634496  0.253582  0.392420  0.434115  0.322745  0.539661  0.895863  0.488993 
51  0.174627  0.828985  0.693079  0.779110  0.544554  0.640310  0.097908  0.462057  0.177150  0.198174  0.732728  0.713425  0.707432  0.146458  0.165252  0.615236  0.621586  0.649982  0.159715  0.158673  0.760362  0.769621  0.359913  0.610583  0.723206  0.811993  0.874844  0.502152  0.517843  0.818404  0.797897  0.558091  0.615727  0.583534  0.630466  0.704575  0.140174  0.646399  0.371559  0.686826  0.159630  0.571763  0.531440  0.644916  0.613863  0.425007  0.683677  0.604451  0.620459  0.160079  0.725214 0.0  0.607440  0.341391  0.622769  0.618082  0.598184  0.538812  0.641813  0.315945  0.387447 
52  0.694873  0.285126  0.273554  0.644537  0.176323  0.276941  0.557576  0.188716  0.525427  0.558848  0.262060  0.152978  0.170296  0.664837  0.510541  0.112482  0.208487  0.228220  0.581296  0.621979  0.403055  0.218843  0.848411  0.270724  0.423406  0.391081  0.456895  0.185522  0.500784  0.361229  0.413395  0.108237  0.129839  0.527665  0.324794  0.187605  0.584794  0.292946  0.764011  0.334020  0.762044  0.944420  0.202546  0.286976  0.146542  0.308521  0.200557  0.202434  0.272634  0.549655  0.382911  0.607440 0.0  0.838999  0.284884  0.235288  0.120021  0.166683  0.652952  0.615262  0.624786 
53  0.383921  0.787183  0.611228  0.532799  0.855309  0.615097  0.458121  0.757611  0.270618  0.412280  0.584239  0.675178  0.808860  0.257396  0.323168  0.726886  0.770468  0.710763  0.299007  0.362728  1.000000  0.732650  0.312908  0.748523  0.676244  0.744855  0.698133  0.738481  0.474702  0.794746  0.819372  0.680432  0.704402  0.716118  0.736759  0.802088  0.476826  0.736377  0.177988  0.517938  0.373927  0.309363  0.575836  0.635064  0.838931  0.473294  0.778942  0.659255  0.765360  0.345391  0.634496  0.341391  0.838999 0.0  0.654228  0.752862  0.867035  0.803148  0.517979  0.378541  0.075461 
54  0.728001  0.216688  0.229298  0.494599  0.242957  0.337595  0.676800  0.290985  0.749009  0.660572  0.264293  0.308190  0.182570  0.756524  0.645692  0.340916  0.424658  0.336812  0.579554  0.717757  0.239308  0.308378  0.672721  0.215989  0.286200  0.248684  0.188949  0.235965  0.366215  0.218051  0.198536  0.213401  0.275401  0.470402  0.213540  0.248304  0.584198  0.246226  0.844287  0.246892  0.724466  0.572778  0.232262  0.258270  0.311003  0.489796  0.283825  0.269118  0.302290  0.628062  0.253582  0.622769  0.284884  0.654228 0.0  0.340521  0.378526  0.245946  0.511170  0.625110  0.676517 
55  0.531830  0.253558  0.208543  0.637089  0.106520  0.290632  0.543815  0.176569  0.538284  0.584741  0.293186  0.223625  0.136696  0.666625  0.647346  0.253980  0.272328  0.193642  0.591628  0.635878  0.331083  0.160414  0.851705  0.233016  0.457551  0.309544  0.570026  0.298770  0.436847  0.360597  0.399561  0.226983  0.160111  0.608144  0.202140  0.193039  0.626197  0.229627  0.844808  0.400644  0.553961  0.911064  0.182547  0.236288  0.229819  0.537262  0.172199  0.177660  0.131944  0.639127  0.392420  0.618082  0.235288  0.752862  0.340521 0.0  0.245191  0.268039  0.698350  0.572344  0.691595 
56  0.550006  0.353634  0.438505  0.660498  0.160940  0.179291  0.579020  0.253624  0.589146  0.455241  0.377377  0.130834  0.097939  0.588661  0.570738  0.207960  0.079131  0.110622  0.389803  0.613035  0.371701  0.299676  0.780459  0.119913  0.429856  0.420556  0.431721  0.085949  0.495601  0.399886  0.428223  0.118791  0.180752  0.626052  0.183391  0.203841  0.620147  0.381647  0.738664  0.474463  0.511255  0.861562  0.135208  0.297440  0.172304  0.263258  0.136716  0.148367  0.216942  0.583970  0.434115  0.598184  0.120021  0.867035  0.378526  0.245191 0.0  0.095096  0.695610  0.556615  0.800302 
57  0.717336  0.343137  0.358821  0.741947  0.155874  0.364739  0.574971  0.305854  0.661487  0.629554  0.336757  0.221090  0.128858  0.617137  0.659805  0.261363  0.168711  0.244089  0.474132  0.630370  0.277131  0.343326  0.813448  0.251456  0.359382  0.358831  0.477470  0.127380  0.379260  0.493434  0.392306  0.232438  0.234426  0.548947  0.111229  0.356850  0.661747  0.288743  0.690066  0.411031  0.628641  0.851282  0.249112  0.196476  0.179572  0.480290  0.198111  0.214856  0.323316  0.615407  0.322745  0.538812  0.166683  0.803148  0.245946  0.268039  0.095096 0.0  0.698206  0.646666  0.751967 
58  0.532651  0.494384  0.611875  0.463509  0.741817  0.504773  0.597132  0.609746  0.735998  0.639690  0.664691  0.703792  0.648213  0.734747  0.701212  0.699223  0.584682  0.752245  0.730249  0.726263  0.234182  0.492977  0.490539  0.668560  0.502807  0.489350  0.434015  0.655997  0.419748  0.362829  0.300887  0.574490  0.712992  0.232814  0.622216  0.717864  0.627346  0.571781  0.475016  0.545516  0.802923  0.263640  0.727936  0.440494  0.578478  0.717068  0.716072  0.713143  0.453262  0.578274  0.539661  0.641813  0.652952  0.517979  0.511170  0.698350  0.695610  0.698206 0.0  0.702363  0.500359 
59  0.317927  0.716752  0.791580  0.728755  0.521999  0.706095  0.074954  0.689534  0.232685  0.162805  0.794426  0.655060  0.620253  0.176083  0.105614  0.648096  0.649400  0.586712  0.243759  0.148330  0.701859  0.671634  0.338616  0.678123  0.753474  0.751302  0.822118  0.611397  0.484886  0.769400  0.832001  0.585700  0.650257  0.549536  0.650286  0.664084  0.160863  0.844770  0.453187  0.729365  0.128850  0.498344  0.571438  0.657351  0.694024  0.499851  0.711557  0.569089  0.712255  0.203233  0.895863  0.315945  0.615262  0.378541  0.625110  0.572344  0.556615  0.646666  0.702363 0.0  0.290917 
60  0.340132  0.828153  0.562038  0.506406  0.855343  0.702697  0.387860  0.787795  0.326354  0.352607  0.582573  0.812425  0.692691  0.310810  0.399713  0.792545  0.735671  0.734202  0.363408  0.303385  0.906158  0.624631  0.314162  0.845076  0.493998  0.696739  0.778129  0.670561  0.462548  0.814591  0.933602  0.739999  0.757582  0.776512  0.776933  0.682963  0.330357  0.849047  0.190433  0.698154  0.333390  0.253814  0.630698  0.756485  0.686982  0.484501  0.769547  0.755844  0.663406  0.302268  0.488993  0.387447  0.624786  0.075461  0.676517  0.691595  0.800302  0.751967  0.500359  0.290917 0.0 
