61
0 0.0  0.788777  0.744419  0.672593  0.536198  0.670788  0.064741  0.612324  0.175646  0.202399  0.818521  0.690079  0.562405  0.193533  0.294324  0.556092  0.597238  0.646334  0.264919  0.080780  0.802236  0.681033  0.322756  0.540850  0.738869  0.695059  0.917198  0.695223  0.548443  0.879164  0.735316  0.577426  0.672387  0.470436  0.646317  0.538331  0.186864  0.839643  0.249885  0.586963  0.159744  0.427319  0.591955  0.606562  0.623900  0.342946  0.587418  0.677851  0.681272  0.212702  0.742844  0.228256  0.684862  0.368659  0.667083  0.588562  0.552662  0.684510  0.585180  0.256015  0.419903 
1  0.788777 0.0  0.347173  0.593602  0.285673  0.313603  0.706605  0.290525  0.793191  0.768478  0.371083  0.308374  0.438350  0.773623  0.685469  0.380513  0.277449  0.301640  0.720778  0.756289  0.246177  0.245003  0.733431  0.440214  0.424201  0.289436  0.356165  0.330319  0.514956  0.361936  0.297664  0.370003  0.323309  0.568609  0.255792  0.345439  0.767409  0.119624  0.764207  0.377295  0.718523  0.762475  0.385632  0.264506  0.359247  0.545154  0.383129  0.263455  0.258308  0.750055  0.332008  0.706080  0.315252  0.795532  0.233767  0.500064  0.442286  0.283603  0.480565  0.707904  0.771779 
2  0.744419  0.347173 0.0  0.573055  0.390993  0.257474  0.899502  0.351201  0.795576  0.740328  0.197353  0.325750  0.272570  0.853815  0.822945  0.306659  0.302662  0.240312  0.806499  0.826255  0.454979  0.208378  0.597801  0.372628  0.165511  0.261146  0.361505  0.284671  0.454801  0.282426  0.467383  0.305325  0.233296  0.671972  0.333198  0.312348  0.706332  0.332306  0.627211  0.146517  0.754761  0.675965  0.375187  0.308325  0.313567  0.577824  0.345018  0.369009  0.223523  0.796476  0.170410  0.733550  0.360758  0.573901  0.307923  0.232240  0.478053  0.296847  0.578981  0.712458  0.521137 
3  0.672593  0.593602  0.573055 0.0  0.699593  0.497290  0.596136  0.589221  0.630651  0.681843  0.411193  0.685593  0.595276  0.590618  0.658729  0.679107  0.563270  0.675438  0.693294  0.666056  0.240896  0.568207  0.611107  0.636449  0.433826  0.465444  0.393769  0.733009  0.424507  0.329704  0.353026  0.610670  0.733572  0.353000  0.645295  0.655495  0.725059  0.505714  0.555376  0.554974  0.721524  0.456365  0.665550  0.374655  0.702595  0.654436  0.552261  0.672102  0.546533  0.739636  0.640265  0.661597  0.649007  0.589794  0.537681  0.652273  0.548827  0.675386  0.392972  0.707402  0.478145 
4  0.536198  0.285673  0.390993  0.699593 0.0  0.314719  0.593778  0.180757  0.596155  0.564743  0.396982  0.164566  0.215196  0.587929  0.500121  0.162476  0.145037  0.200695  0.472691  0.543990  0.529012  0.298089  0.870302  0.058172  0.310006  0.426241  0.431173  0.117661  0.446489  0.317177  0.405504  0.092399  0.237188  0.607693  0.154363  0.182637  0.502933  0.296015  0.838964  0.326959  0.526738  0.880624  0.220779  0.286972  0.155332  0.348050  0.259321  0.161872  0.228332  0.470246  0.543899  0.462373  0.162849  0.780329  0.375567  0.163148  0.106167  0.271977  0.635326  0.490918  0.821507 
5  0.670788  0.313603  0.257474  0.497290  0.314719 0.0  0.617525  0.352360  0.765205  0.638252  0.261381  0.252582  0.333016  0.671028  0.614393  0.264003  0.273262  0.341104  0.657708  0.680691  0.331690  0.345385  0.724389  0.279452  0.215951  0.212127  0.381852  0.222969  0.441621  0.264663  0.327587  0.234276  0.325124  0.497534  0.303681  0.335035  0.712896  0.216518  0.839080  0.157509  0.709842  0.551221  0.340363  0.283482  0.125006  0.471832  0.257038  0.099270  0.367917  0.689085  0.273598  0.582950  0.336431  0.705266  0.215861  0.275405  0.290376  0.327779  0.531116  0.671482  0.680495 
6  0.064741  0.706605  0.899502  0.596136  0.593778  0.617525 0.0  0.460779  0.138778  0.056711  0.735537  0.493837  0.452556  0.083743  0.030438  0.398650  0.380043  0.605828  0.139481  0.003132  0.690907  0.703064  0.324044  0.491038  0.679872  0.746257  0.839271  0.528917  0.504228  0.801221  0.780254  0.531883  0.553447  0.483704  0.481200  0.513829  0.121791  0.730169  0.327211  0.744241  0.000000  0.364423  0.488047  0.616689  0.514283  0.203711  0.374670  0.465426  0.718324  0.067159  0.783474  0.056459  0.524896  0.274829  0.645354  0.382135  0.494193  0.380707  0.550744  0.160976  0.306239 
7  0.612324  0.290525  0.351201  0.589221  0.180757  0.352360  0.460779 0.0  0.519699  0.517127  0.466680  0.048834  0.186239  0.543716  0.541300  0.193037  0.248427  0.220510  0.596956  0.634802  0.437925  0.248414  0.775632  0.122330  0.366751  0.332600  0.427055  0.225583  0.518062  0.339206  0.255773  0.183570  0.249831  0.479585  0.227003  0.303521  0.715554  0.274211  0.653939  0.393750  0.641065  0.874359  0.207833  0.336710  0.182077  0.365431  0.187325  0.167255  0.372347  0.635680  0.374816  0.608292  0.196101  0.718143  0.303234  0.200258  0.107465  0.182877  0.646785  0.712361  0.784431 
8  0.175646  0.793191  0.795576  0.630651  0.596155  0.765205  0.138778  0.519699 0.0  0.163930  0.752564  0.493024  0.483171  0.276495  0.231878  0.570156  0.662449  0.618599  0.222903  0.208220  0.791941  0.560579  0.279771  0.700419  0.779446  0.792689  0.831996  0.512540  0.444588  0.785935  0.735911  0.546884  0.706418  0.562934  0.691552  0.631877  0.041958  0.791794  0.354275  0.752653  0.185134  0.418940  0.742179  0.643519  0.565315  0.398118  0.538829  0.597505  0.660123  0.181391  0.742784  0.232393  0.547089  0.374325  0.619002  0.596770  0.495408  0.436130  0.688299  0.159602  0.299308 
9  0.202399  0.768478  0.740328  0.681843  0.564743  0.638252  0.056711  0.517127  0.163930 0.0  0.841842  0.642756  0.639956  0.175841  0.275768  0.495502  0.605945  0.628653  0.191940  0.158699  0.747883  0.710597  0.334774  0.644263  0.739567  0.769966  0.856609  0.508106  0.547897  0.860577  0.716086  0.648391  0.670673  0.585040  0.563714  0.546722  0.211649  0.704164  0.349872  0.776633  0.182866  0.391355  0.672767  0.550790  0.570246  0.469374  0.588486  0.681856  0.699770  0.127602  0.673149  0.161119  0.593620  0.245349  0.655947  0.595068  0.551419  0.561196  0.716011  0.109762  0.366790 
10  0.818521  0.371083  0.197353  0.411193  0.396982  0.261381  0.735537  0.466680  0.752564  0.841842 0.0  0.275257  0.274023  0.744148  0.821131  0.316924  0.238477  0.311173  0.663564  0.717286  0.554609  0.239038  0.594161  0.282102  0.178278  0.306525  0.269753  0.354811  0.436789  0.413217  0.526606  0.341374  0.165076  0.648080  0.370006  0.344569  0.676236  0.446108  0.678602  0.213809  0.656378  0.787133  0.316440  0.221682  0.343738  0.614001  0.324619  0.396179  0.363107  0.702035  0.224552  0.801987  0.346584  0.511705  0.327190  0.321426  0.358244  0.298590  0.497109  0.695488  0.653444 
11  0.690079  0.308374  0.325750  0.685593  0.164566  0.252582  0.493837  0.048834  0.493024  0.642756  0.275257 0.0  0.269919  0.562644  0.611620  0.236338  0.124090  0.200232  0.703321  0.655246  0.225162  0.315246  0.779563  0.201362  0.324380  0.306071  0.485162  0.218772  0.431030  0.487468  0.366709  0.167698  0.235156  0.657071  0.226781  0.236208  0.652999  0.310216  0.891951  0.473485  0.682934  0.803843  0.171083  0.290540  0.188041  0.342520  0.161649  0.268411  0.189517  0.655022  0.337226  0.681415  0.234412  0.886622  0.236819  0.275158  0.141723  0.182215  0.718308  0.675666  0.775713 
12  0.562405  0.438350  0.272570  0.595276  0.215196  0.333016  0.452556  0.186239  0.483171  0.639956  0.274023  0.269919 0.0  0.615163  0.486401  0.138891  0.120662  0.231731  0.571881  0.491317  0.307601  0.326558  0.677287  0.262823  0.389611  0.293204  0.459001  0.302248  0.453430  0.374807  0.451227  0.165431  0.238220  0.481218  0.269745  0.194333  0.551528  0.406631  0.848073  0.382672  0.553626  0.832060  0.256460  0.422550  0.296716  0.337704  0.156749  0.120882  0.284951  0.627368  0.410638  0.537091  0.157125  0.751741  0.317088  0.235265  0.185732  0.260221  0.699096  0.656200  0.715111 
13  0.193533  0.773623  0.853815  0.590618  0.587929  0.671028  0.083743  0.543716  0.276495  0.175841  0.744148  0.562644  0.615163 0.0  0.148390  0.657756  0.632053  0.524065  0.207263  0.234383  0.677499  0.735351  0.358596  0.492670  0.747513  0.791764  0.892265  0.589916  0.461099  0.691883  0.713190  0.551571  0.543828  0.508502  0.697309  0.666931  0.081864  0.618859  0.389050  0.732243  0.325609  0.396258  0.554228  0.536054  0.684558  0.395165  0.609658  0.506564  0.723516  0.250659  0.833631  0.211740  0.635619  0.393094  0.673385  0.640932  0.546131  0.554027  0.607837  0.220076  0.177539 
14  0.294324  0.685469  0.822945  0.658729  0.500121  0.614393  0.030438  0.541300  0.231878  0.275768  0.821131  0.611620  0.486401  0.148390 0.0  0.629227  0.690884  0.650510  0.238471  0.246815  0.733010  0.639125  0.381612  0.597439  0.782844  0.812497  1.000000  0.593358  0.526333  0.855950  0.855848  0.574068  0.551581  0.558059  0.703253  0.579568  0.139660  0.852647  0.447783  0.787165  0.170878  0.581327  0.686871  0.667907  0.595367  0.331562  0.629398  0.655102  0.739203  0.262473  0.763204  0.145463  0.605432  0.195694  0.642122  0.715866  0.515621  0.615318  0.772138  0.186327  0.316078 
15  0.556092  0.380513  0.306659  0.679107  0.162476  0.264003  0.398650  0.193037  0.570156  0.495502  0.316924  0.236338  0.138891  0.657756  0.629227 0.0  0.178249  0.207624  0.549396  0.564786  0.294519  0.252430  0.826853  0.229786  0.348802  0.370477  0.324305  0.194302  0.500574  0.474049  0.441194  0.187102  0.209518  0.551996  0.177631  0.202487  0.570806  0.218336  0.712224  0.351234  0.597900  0.842823  0.243659  0.261452  0.190195  0.455895  0.157999  0.190006  0.270619  0.556538  0.366728  0.568633  0.238568  0.745515  0.264367  0.171042  0.001382  0.198613  0.626306  0.474464  0.737304 
16  0.597238  0.277449  0.302662  0.563270  0.145037  0.273262  0.380043  0.248427  0.662449  0.605945  0.238477  0.124090  0.120662  0.632053  0.690884  0.178249 0.0  0.168629  0.666700  0.584919  0.311781  0.265439  0.765423  0.185604  0.312006  0.442100  0.453198  0.302238  0.476214  0.491052  0.352236  0.191229  0.140813  0.514570  0.190177  0.291753  0.568674  0.309270  0.722957  0.397745  0.595991  0.849510  0.141425  0.278562  0.142381  0.512078  0.199396  0.269136  0.265994  0.647704  0.357684  0.555705  0.217888  0.724843  0.150805  0.144001  0.230106  0.246823  0.570499  0.551122  0.762388 
17  0.646334  0.301640  0.240312  0.675438  0.200695  0.341104  0.605828  0.220510  0.618599  0.628653  0.311173  0.200232  0.231731  0.524065  0.650510  0.207624  0.168629 0.0  0.617518  0.540004  0.252373  0.212033  0.805791  0.127811  0.452551  0.331645  0.484469  0.269269  0.462652  0.359800  0.239612  0.164535  0.204344  0.557987  0.127474  0.184659  0.584414  0.241834  0.708751  0.369397  0.656251  0.950282  0.216836  0.297439  0.222761  0.378425  0.119749  0.238146  0.318657  0.615475  0.330791  0.593180  0.223306  0.775080  0.211185  0.210569  0.220013  0.143676  0.652507  0.585777  0.736243 
18  0.264919  0.720778  0.806499  0.693294  0.472691  0.657708  0.139481  0.596956  0.222903  0.191940  0.663564  0.703321  0.571881  0.207263  0.238471  0.549396  0.666700  0.617518 0.0  0.233092  0.832172  0.760853  0.321566  0.556476  0.649919  0.842783  0.839080  0.631865  0.438732  0.849282  0.712568  0.559305  0.603320  0.452231  0.646163  0.499300  0.248549  0.819606  0.496048  0.776590  0.310406  0.551711  0.639604  0.676565  0.557324  0.405968  0.677274  0.631915  0.735706  0.069770  0.763226  0.299012  0.572393  0.149677  0.645519  0.654473  0.515515  0.545033  0.657764  0.142154  0.325119 
19  0.080780  0.756289  0.826255  0.666056  0.543990  0.680691  0.003132  0.634802  0.208220  0.158699  0.717286  0.655246  0.491317  0.234383  0.246815  0.564786  0.584919  0.540004  0.233092 0.0  0.776776  0.691100  0.327244  0.534868  0.770520  0.792129  0.939733  0.631512  0.408444  0.720229  0.831454  0.745627  0.588563  0.464019  0.710360  0.705348  0.277692  0.728611  0.272542  0.683091  0.168003  0.438244  0.527439  0.670195  0.470255  0.466906  0.608760  0.565616  0.662958  0.164126  0.725797  0.152964  0.651223  0.242412  0.681695  0.735670  0.520996  0.567926  0.635624  0.187987  0.337465 
20  0.802236  0.246177  0.454979  0.240896  0.529012  0.331690  0.690907  0.437925  0.791941  0.747883  0.554609  0.225162  0.307601  0.677499  0.733010  0.294519  0.311781  0.252373  0.832172  0.776776 0.0  0.174981  0.838456  0.353969  0.509604  0.458048  0.039750  0.326903  0.608252  0.085339  0.250989  0.371251  0.378866  0.433671  0.363058  0.348604  0.704918  0.288180  0.891064  0.490221  0.629661  0.384089  0.373539  0.344161  0.316788  0.624150  0.407235  0.327951  0.291162  0.634309  0.500782  0.822546  0.356479  0.820747  0.189950  0.266818  0.467528  0.269885  0.241596  0.777326  0.885870 
21  0.681033  0.245003  0.208378  0.568207  0.298089  0.345385  0.703064  0.248414  0.560579  0.710597  0.239038  0.315246  0.326558  0.735351  0.639125  0.252430  0.265439  0.212033  0.760853  0.691100  0.174981 0.0  0.658357  0.121928  0.291038  0.300492  0.235628  0.346794  0.495529  0.314955  0.276951  0.377715  0.352476  0.502396  0.315336  0.375833  0.662230  0.291378  0.673382  0.289534  0.703814  0.762414  0.292108  0.240070  0.355670  0.421393  0.299646  0.159437  0.298145  0.722319  0.207023  0.571848  0.239108  0.680913  0.245631  0.243607  0.305935  0.281527  0.521074  0.671417  0.735149 
22  0.322756  0.733431  0.597801  0.611107  0.870302  0.724389  0.324044  0.775632  0.279771  0.334774  0.594161  0.779563  0.677287  0.358596  0.381612  0.826853  0.765423  0.805791  0.321566  0.327244  0.838456  0.658357 0.0  0.805212  0.727772  0.596681  0.767074  0.722075  0.468774  0.797106  0.977178  0.653765  0.782702  0.584654  0.783283  0.753412  0.322099  0.677846  0.181302  0.422950  0.385644  0.299084  0.804730  0.678866  0.754518  0.534695  0.724898  0.718210  0.636904  0.237185  0.601355  0.338149  0.690043  0.158561  0.691375  0.836890  0.795236  0.643685  0.485462  0.344897  0.233211 
23  0.540850  0.440214  0.372628  0.636449  0.058172  0.279452  0.491038  0.122330  0.700419  0.644263  0.282102  0.201362  0.262823  0.492670  0.597439  0.229786  0.185604  0.127811  0.556476  0.534868  0.353969  0.121928  0.805212 0.0  0.402131  0.322857  0.520555  0.107198  0.375089  0.406362  0.372934  0.217554  0.162735  0.595792  0.210987  0.112005  0.698792  0.269094  0.752870  0.448866  0.621327  0.844492  0.157720  0.288830  0.182301  0.385448  0.290900  0.242853  0.278614  0.588995  0.289723  0.641733  0.227548  0.719355  0.335710  0.189424  0.189389  0.294656  0.742967  0.581174  0.686049 
24  0.738869  0.424201  0.165511  0.433826  0.310006  0.215951  0.679872  0.366751  0.779446  0.739567  0.178278  0.324380  0.389611  0.747513  0.782844  0.348802  0.312006  0.452551  0.649919  0.770520  0.509604  0.291038  0.727772  0.402131 0.0  0.229104  0.345801  0.389928  0.502250  0.322294  0.424699  0.216692  0.360735  0.591517  0.339420  0.398116  0.723305  0.255805  0.666804  0.195000  0.781064  0.787343  0.402669  0.124117  0.304231  0.646613  0.381599  0.260233  0.267479  0.798447  0.119664  0.775085  0.238421  0.626260  0.207191  0.313791  0.338435  0.353457  0.560838  0.708027  0.551121 
25  0.695059  0.289436  0.261146  0.465444  0.426241  0.212127  0.746257  0.332600  0.792689  0.769966  0.306525  0.306071  0.293204  0.791764  0.812497  0.370477  0.442100  0.331645  0.842783  0.792129  0.458048  0.300492  0.596681  0.322857  0.229104 0.0  0.291282  0.404911  0.368659  0.360538  0.447276  0.426872  0.391808  0.582770  0.361970  0.302821  0.637067  0.353453  0.561586  0.309108  0.763208  0.709859  0.321425  0.275388  0.199271  0.549455  0.325771  0.330728  0.298382  0.737266  0.211220  0.685066  0.362893  0.652881  0.217873  0.284191  0.400984  0.429994  0.588742  0.749257  0.538345 
26  0.917198  0.356165  0.361505  0.393769  0.431173  0.381852  0.839271  0.427055  0.831996  0.856609  0.269753  0.485162  0.459001  0.892265  1.000000  0.324305  0.453198  0.484469  0.839080  0.939733  0.039750  0.235628  0.767074  0.520555  0.345801  0.291282 0.0  0.466048  0.461140  0.150694  0.057373  0.501675  0.630321  0.260131  0.458221  0.542499  0.874958  0.270669  0.869282  0.317013  0.810972  0.626335  0.542366  0.345096  0.476459  0.626384  0.318773  0.497483  0.307436  0.874434  0.392141  0.908916  0.555411  0.795498  0.304814  0.394921  0.481830  0.399770  0.457661  0.847684  0.767529 
27  0.695223  0.330319  0.284671  0.733009  0.117661  0.222969  0.528917  0.225583  0.512540  0.508106  0.354811  0.218772  0.302248  0.589916  0.593358  0.194302  0.302238  0.269269  0.631865  0.631512  0.326903  0.346794  0.722075  0.107198  0.389928  0.404911  0.466048 0.0  0.481660  0.321985  0.288539  0.045030  0.235215  0.591154  0.131989  0.278094  0.624450  0.305479  0.848017  0.324276  0.621892  0.919016  0.317280  0.299248  0.205177  0.358080  0.162647  0.176666  0.344320  0.499029  0.262798  0.614448  0.262506  0.775222  0.308675  0.226889  0.133021  0.246444  0.626594  0.685627  0.756569 
28  0.548443  0.514956  0.454801  0.424507  0.446489  0.441621  0.504228  0.518062  0.444588  0.547897  0.436789  0.431030  0.453430  0.461099  0.526333  0.500574  0.476214  0.462652  0.438732  0.408444  0.608252  0.495529  0.468774  0.375089  0.502250  0.368659  0.461140  0.481660 0.0  0.620564  0.388547  0.470319  0.474238  0.487329  0.500391  0.429561  0.537745  0.509157  0.395918  0.446930  0.524052  0.447408  0.556866  0.509863  0.532091  0.443318  0.428236  0.457567  0.534436  0.490114  0.506606  0.559235  0.487787  0.480357  0.476195  0.559653  0.434813  0.516125  0.416013  0.442978  0.461519 
29  0.879164  0.361936  0.282426  0.329704  0.317177  0.264663  0.801221  0.339206  0.785935  0.860577  0.413217  0.487468  0.374807  0.691883  0.855950  0.474049  0.491052  0.359800  0.849282  0.720229  0.085339  0.314955  0.797106  0.406362  0.322294  0.360538  0.150694  0.321985  0.620564 0.0  0.118558  0.345012  0.428389  0.348652  0.398780  0.428846  0.785955  0.377494  0.747423  0.380145  0.885113  0.534111  0.338643  0.277869  0.413769  0.548948  0.396736  0.390629  0.342409  0.931811  0.329462  0.859097  0.415175  0.883774  0.253534  0.501147  0.445953  0.381122  0.415274  0.919439  0.803849 
30  0.735316  0.297664  0.467383  0.353026  0.405504  0.327587  0.780254  0.255773  0.735911  0.716086  0.526606  0.366709  0.451227  0.713190  0.855848  0.441194  0.352236  0.239612  0.712568  0.831454  0.250989  0.276951  0.977178  0.372934  0.424699  0.447276  0.057373  0.288539  0.388547  0.118558 0.0  0.390432  0.337052  0.475700  0.336058  0.247752  0.705702  0.352447  0.905084  0.437545  0.805827  0.479468  0.353865  0.253625  0.422220  0.449261  0.398263  0.259754  0.215766  0.862646  0.427158  0.863291  0.365712  0.844794  0.360467  0.331570  0.383991  0.384599  0.256375  0.786529  0.918017 
31  0.577426  0.370003  0.305325  0.610670  0.092399  0.234276  0.531883  0.183570  0.546884  0.648391  0.341374  0.167698  0.165431  0.551571  0.574068  0.187102  0.191229  0.164535  0.559305  0.745627  0.371251  0.377715  0.653765  0.217554  0.216692  0.426872  0.501675  0.045030  0.470319  0.345012  0.390432 0.0  0.155163  0.546435  0.156648  0.224523  0.570695  0.335178  0.895313  0.371837  0.629241  0.871587  0.144529  0.236639  0.167992  0.408663  0.190137  0.234836  0.317012  0.712275  0.345894  0.672857  0.173919  0.836928  0.245717  0.301644  0.126099  0.203548  0.725989  0.554591  0.730113 
32  0.672387  0.323309  0.233296  0.733572  0.237188  0.325124  0.553447  0.249831  0.706418  0.670673  0.165076  0.235156  0.238220  0.543828  0.551581  0.209518  0.140813  0.204344  0.603320  0.588563  0.378866  0.352476  0.782702  0.162735  0.360735  0.391808  0.630321  0.235215  0.474238  0.428389  0.337052  0.155163 0.0  0.598347  0.287704  0.193010  0.615044  0.303179  0.806591  0.384035  0.710360  0.913356  0.197726  0.237852  0.259655  0.274910  0.278546  0.204176  0.388613  0.429067  0.261229  0.574767  0.181682  0.758480  0.249852  0.204243  0.187313  0.182686  0.697969  0.602855  0.784314 
33  0.470436  0.568609  0.671972  0.353000  0.607693  0.497534  0.483704  0.479585  0.562934  0.585040  0.648080  0.657071  0.481218  0.508502  0.558059  0.551996  0.514570  0.557987  0.452231  0.464019  0.433671  0.502396  0.584654  0.595792  0.591517  0.582770  0.260131  0.591154  0.487329  0.348652  0.475700  0.546435  0.598347 0.0  0.557513  0.524532  0.597990  0.458944  0.686033  0.690363  0.476032  0.337679  0.520954  0.518700  0.524051  0.444093  0.443123  0.534714  0.522471  0.595843  0.751203  0.552151  0.540776  0.680937  0.478003  0.600728  0.605829  0.462064  0.257455  0.554898  0.687136 
34  0.646317  0.255792  0.333198  0.645295  0.154363  0.303681  0.481200  0.227003  0.691552  0.563714  0.370006  0.226781  0.269745  0.697309  0.703253  0.177631  0.190177  0.127474  0.646163  0.710360  0.363058  0.315336  0.783283  0.210987  0.339420  0.361970  0.458221  0.131989  0.500391  0.398780  0.336058  0.156648  0.287704  0.557513 0.0  0.251091  0.509475  0.294634  0.893314  0.367869  0.532281  0.806486  0.252825  0.269070  0.261782  0.330427  0.231299  0.213226  0.249986  0.602215  0.322092  0.673461  0.323891  0.806317  0.233185  0.221877  0.150560  0.077572  0.682938  0.620514  0.789498 
35  0.538331  0.345439  0.312348  0.655495  0.182637  0.335035  0.513829  0.303521  0.631877  0.546722  0.344569  0.236208  0.194333  0.666931  0.579568  0.202487  0.291753  0.184659  0.499300  0.705348  0.348604  0.375833  0.753412  0.112005  0.398116  0.302821  0.542499  0.278094  0.429561  0.428846  0.247752  0.224523  0.193010  0.524532  0.251091 0.0  0.432657  0.292371  0.710389  0.353624  0.670415  0.923328  0.137608  0.346308  0.153279  0.375684  0.206748  0.298718  0.240693  0.683089  0.303127  0.590166  0.211194  0.725604  0.176313  0.189798  0.171206  0.162918  0.659068  0.692509  0.741334 
36  0.186864  0.767409  0.706332  0.725059  0.502933  0.712896  0.121791  0.715554  0.041958  0.211649  0.676236  0.652999  0.551528  0.081864  0.139660  0.570806  0.568674  0.584414  0.248549  0.277692  0.704918  0.662230  0.322099  0.698792  0.723305  0.637067  0.874958  0.624450  0.537745  0.785955  0.705702  0.570695  0.615044  0.597990  0.509475  0.432657 0.0  0.686566  0.385978  0.752496  0.292530  0.537624  0.557170  0.634151  0.609586  0.397019  0.681419  0.692139  0.661008  0.184604  0.778253  0.203188  0.738023  0.298952  0.766783  0.679331  0.545970  0.451961  0.666594  0.217723  0.378552 
37  0.839643  0.119624  0.332306  0.505714  0.296015  0.216518  0.730169  0.274211  0.791794  0.704164  0.446108  0.310216  0.406631  0.618859  0.852647  0.218336  0.309270  0.241834  0.819606  0.728611  0.288180  0.291378  0.677846  0.269094  0.255805  0.353453  0.270669  0.305479  0.509157  0.377494  0.352447  0.335178  0.303179  0.458944  0.294634  0.292371  0.686566 0.0  0.791813  0.394510  0.748387  0.763396  0.335755  0.363382  0.309298  0.557028  0.370722  0.389074  0.319268  0.744988  0.421264  0.612843  0.342116  0.732551  0.282175  0.342938  0.349227  0.250615  0.601264  0.766957  0.693437 
38  0.249885  0.764207  0.627211  0.555376  0.838964  0.839080  0.327211  0.653939  0.354275  0.349872  0.678602  0.891951  0.848073  0.389050  0.447783  0.712224  0.722957  0.708751  0.496048  0.272542  0.891064  0.673382  0.181302  0.752870  0.666804  0.561586  0.869282  0.848017  0.395918  0.747423  0.905084  0.895313  0.806591  0.686033  0.893314  0.710389  0.385978  0.791813 0.0  0.684657  0.315148  0.308918  0.704774  0.670354  0.751002  0.563314  0.761311  0.808817  0.694456  0.361982  0.577351  0.329756  0.695340  0.149061  0.726531  0.720820  0.788738  0.648361  0.596448  0.399853  0.285775 
39  0.586963  0.377295  0.146517  0.554974  0.326959  0.157509  0.744241  0.393750  0.752653  0.776633  0.213809  0.473485  0.382672  0.732243  0.787165  0.351234  0.397745  0.369397  0.776590  0.683091  0.490221  0.289534  0.422950  0.448866  0.195000  0.309108  0.317013  0.324276  0.446930  0.380145  0.437545  0.371837  0.384035  0.690363  0.367869  0.353624  0.752496  0.394510  0.684657 0.0  0.777032  0.771236  0.319765  0.360741  0.251476  0.465525  0.273894  0.255596  0.281214  0.712403  0.199131  0.762710  0.227415  0.569401  0.198689  0.372585  0.414999  0.310903  0.569746  0.748016  0.600828 
40  0.159744  0.718523  0.754761  0.721524  0.526738  0.709842  0.000000  0.641065  0.185134  0.182866  0.656378  0.682934  0.553626  0.325609  0.170878  0.597900  0.595991  0.656251  0.310406  0.168003  0.629661  0.703814  0.385644  0.621327  0.781064  0.763208  0.810972  0.621892  0.524052  0.885113  0.805827  0.629241  0.710360  0.476032  0.532281  0.670415  0.292530  0.748387  0.315148  0.777032 0.0  0.480023  0.544793  0.698531  0.702629  0.409665  0.652059  0.645480  0.660839  0.130902  0.824254  0.158923  0.686008  0.282161  0.703923  0.654835  0.516885  0.657018  0.685686  0.318756  0.353747 
41  0.427319  0.762475  0.675965  0.456365  0.880624  0.551221  0.364423  0.874359  0.418940  0.391355  0.787133  0.803843  0.832060  0.396258  0.581327  0.842823  0.849510  0.950282  0.551711  0.438244  0.384089  0.762414  0.299084  0.844492  0.787343  0.709859  0.626335  0.919016  0.447408  0.534111  0.479468  0.871587  0.913356  0.337679  0.806486  0.923328  0.537624  0.763396  0.308918  0.771236  0.480023 0.0  0.889476  0.691223  0.939069  0.720971  0.972562  0.904669  0.767844  0.423494  0.766280  0.481685  0.857613  0.376352  0.793298  0.923172  0.785541  0.864792  0.445715  0.550800  0.316979 
42  0.591955  0.385632  0.375187  0.665550  0.220779  0.340363  0.488047  0.207833  0.742179  0.672767  0.316440  0.171083  0.256460  0.554228  0.686871  0.243659  0.141425  0.216836  0.639604  0.527439  0.373539  0.292108  0.804730  0.157720  0.402669  0.321425  0.542366  0.317280  0.556866  0.338643  0.353865  0.144529  0.197726  0.520954  0.252825  0.137608  0.557170  0.335755  0.704774  0.319765  0.544793  0.889476 0.0  0.219526  0.187731  0.328995  0.231121  0.156015  0.268282  0.590512  0.208193  0.521753  0.253836  0.760379  0.334068  0.216195  0.076040  0.251326  0.664067  0.634061  0.675070 
43  0.606562  0.264506  0.308325  0.374655  0.286972  0.283482  0.616689  0.336710  0.643519  0.550790  0.221682  0.290540  0.422550  0.536054  0.667907  0.261452  0.278562  0.297439  0.676565  0.670195  0.344161  0.240070  0.678866  0.288830  0.124117  0.275388  0.345096  0.299248  0.509863  0.277869  0.253625  0.236639  0.237852  0.518700  0.269070  0.346308  0.634151  0.363382  0.670354  0.360741  0.698531  0.691223  0.219526 0.0  0.355924  0.439855  0.324784  0.266216  0.290275  0.644253  0.257258  0.656866  0.206710  0.588530  0.196367  0.135399  0.234912  0.336008  0.376318  0.734829  0.646111 
44  0.623900  0.359247  0.313567  0.702595  0.155332  0.125006  0.514283  0.182077  0.565315  0.570246  0.343738  0.188041  0.296716  0.684558  0.595367  0.190195  0.142381  0.222761  0.557324  0.470255  0.316788  0.355670  0.754518  0.182301  0.304231  0.199271  0.476459  0.205177  0.532091  0.413769  0.422220  0.167992  0.259655  0.524051  0.261782  0.153279  0.609586  0.309298  0.751002  0.251476  0.702629  0.939069  0.187731  0.355924 0.0  0.540936  0.140430  0.236396  0.310495  0.612106  0.330825  0.587259  0.167445  0.786808  0.339032  0.159922  0.145542  0.216950  0.686092  0.597117  0.756990 
45  0.342946  0.545154  0.577824  0.654436  0.348050  0.471832  0.203711  0.365431  0.398118  0.469374  0.614001  0.342520  0.337704  0.395165  0.331562  0.455895  0.512078  0.378425  0.405968  0.466906  0.624150  0.421393  0.534695  0.385448  0.646613  0.549455  0.626384  0.358080  0.443318  0.548948  0.449261  0.408663  0.274910  0.444093  0.330427  0.375684  0.397019  0.557028  0.563314  0.465525  0.409665  0.720971  0.328995  0.439855  0.540936 0.0  0.429768  0.392480  0.340217  0.311488  0.639706  0.425148  0.479838  0.517716  0.439203  0.404185  0.356756  0.482444  0.736214  0.492498  0.553960 
46  0.587418  0.383129  0.345018  0.552261  0.259321  0.257038  0.374670  0.187325  0.538829  0.588486  0.324619  0.161649  0.156749  0.609658  0.629398  0.157999  0.199396  0.119749  0.677274  0.608760  0.407235  0.299646  0.724898  0.290900  0.381599  0.325771  0.318773  0.162647  0.428236  0.396736  0.398263  0.190137  0.278546  0.443123  0.231299  0.206748  0.681419  0.370722  0.761311  0.273894  0.652059  0.972562  0.231121  0.324784  0.140430  0.429768 0.0  0.182484  0.323403  0.721949  0.319530  0.623703  0.244425  0.688135  0.235160  0.214414  0.120779  0.191451  0.587934  0.615241  0.848600 
47  0.677851  0.263455  0.369009  0.672102  0.161872  0.099270  0.465426  0.167255  0.597505  0.681856  0.396179  0.268411  0.120882  0.506564  0.655102  0.190006  0.269136  0.238146  0.631915  0.565616  0.327951  0.159437  0.718210  0.242853  0.260233  0.330728  0.497483  0.176666  0.457567  0.390629  0.259754  0.234836  0.204176  0.534714  0.213226  0.298718  0.692139  0.389074  0.808817  0.255596  0.645480  0.904669  0.156015  0.266216  0.236396  0.392480  0.182484 0.0  0.207833  0.741730  0.483809  0.661674  0.160404  0.759023  0.343522  0.179497  0.195361  0.202271  0.614372  0.570962  0.653030 
48  0.681272  0.258308  0.223523  0.546533  0.228332  0.367917  0.718324  0.372347  0.660123  0.699770  0.363107  0.189517  0.284951  0.723516  0.739203  0.270619  0.265994  0.318657  0.735706  0.662958  0.291162  0.298145  0.636904  0.278614  0.267479  0.298382  0.307436  0.344320  0.534436  0.342409  0.215766  0.317012  0.388613  0.522471  0.249986  0.240693  0.661008  0.319268  0.694456  0.281214  0.660839  0.767844  0.268282  0.290275  0.310495  0.340217  0.323403  0.207833 0.0  0.668477  0.236069  0.679869  0.280324  0.654148  0.282701  0.333902  0.254851  0.280913  0.330345  0.628201  0.766969 
49  0.212702  0.750055  0.796476  0.739636  0.470246  0.689085  0.067159  0.635680  0.181391  0.127602  0.702035  0.655022  0.627368  0.250659  0.262473  0.556538  0.647704  0.615475  0.069770  0.164126  0.634309  0.722319  0.237185  0.588995  0.798447  0.737266  0.874434  0.499029  0.490114  0.931811  0.862646  0.712275  0.429067  0.595843  0.602215  0.683089  0.184604  0.744988  0.361982  0.712403  0.130902  0.423494  0.590512  0.644253  0.612106  0.311488  0.721949  0.741730  0.668477 0.0  0.775242  0.239580  0.491271  0.243844  0.645874  0.589053  0.503418  0.556052  0.751051  0.211565  0.291531 
50  0.742844  0.332008  0.170410  0.640265  0.543899  0.273598  0.783474  0.374816  0.742784  0.673149  0.224552  0.337226  0.410638  0.833631  0.763204  0.366728  0.357684  0.330791  0.763226  0.725797  0.500782  0.207023  0.601355  0.289723  0.119664  0.211220  0.392141  0.262798  0.506606  0.329462  0.427158  0.345894  0.261229  0.751203  0.322092  0.303127  0.778253  0.421264  0.577351  0.199131  0.824254  0.766280  0.208193  0.257258  0.330825  0.639706  0.319530  0.483809  0.236069  0.775242 0.0  0.784945  0.309558  0.507032  0.243026  0.282582  0.423540  0.288185  0.568941  0.661260  0.563222 
51  0.228256  0.706080  0.733550  0.661597  0.462373  0.582950  0.056459  0.608292  0.232393  0.161119  0.801987  0.681415  0.537091  0.211740  0.145463  0.568633  0.555705  0.593180  0.299012  0.152964  0.822546  0.571848  0.338149  0.641733  0.775085  0.685066  0.908916  0.614448  0.559235  0.859097  0.863291  0.672857  0.574767  0.552151  0.673461  0.590166  0.203188  0.612843  0.329756  0.762710  0.158923  0.481685  0.521753  0.656866  0.587259  0.425148  0.623703  0.661674  0.679869  0.239580  0.784945 0.0  0.565095  0.264202  0.573390  0.619156  0.571193  0.701359  0.749819  0.206978  0.425139 
52  0.684862  0.315252  0.360758  0.649007  0.162849  0.336431  0.524896  0.196101  0.547089  0.593620  0.346584  0.234412  0.157125  0.635619  0.605432  0.238568  0.217888  0.223306  0.572393  0.651223  0.356479  0.239108  0.690043  0.227548  0.238421  0.362893  0.555411  0.262506  0.487787  0.415175  0.365712  0.173919  0.181682  0.540776  0.323891  0.211194  0.738023  0.342116  0.695340  0.227415  0.686008  0.857613  0.253836  0.206710  0.167445  0.479838  0.244425  0.160404  0.280324  0.491271  0.309558  0.565095 0.0  0.761118  0.291704  0.204345  0.194276  0.190417  0.584125  0.680390  0.605631 
53  0.368659  0.795532  0.573901  0.589794  0.780329  0.705266  0.274829  0.718143  0.374325  0.245349  0.511705  0.886622  0.751741  0.393094  0.195694  0.745515  0.724843  0.775080  0.149677  0.242412  0.820747  0.680913  0.158561  0.719355  0.626260  0.652881  0.795498  0.775222  0.480357  0.883774  0.844794  0.836928  0.758480  0.680937  0.806317  0.725604  0.298952  0.732551  0.149061  0.569401  0.282161  0.376352  0.760379  0.588530  0.786808  0.517716  0.688135  0.759023  0.654148  0.243844  0.507032  0.264202  0.761118 0.0  0.769667  0.722789  0.783030  0.764199  0.485678  0.419886  0.206001 
54  0.667083  0.233767  0.307923  0.537681  0.375567  0.215861  0.645354  0.303234  0.619002  0.655947  0.327190  0.236819  0.317088  0.673385  0.642122  0.264367  0.150805  0.211185  0.645519  0.681695  0.189950  0.245631  0.691375  0.335710  0.207191  0.217873  0.304814  0.308675  0.476195  0.253534  0.360467  0.245717  0.249852  0.478003  0.233185  0.176313  0.766783  0.282175  0.726531  0.198689  0.703923  0.793298  0.334068  0.196367  0.339032  0.439203  0.235160  0.343522  0.282701  0.645874  0.243026  0.573390  0.291704  0.769667 0.0  0.239490  0.220511  0.208170  0.366841  0.597558  0.679971 
55  0.588562  0.500064  0.232240  0.652273  0.163148  0.275405  0.382135  0.200258  0.596770  0.595068  0.321426  0.275158  0.235265  0.640932  0.715866  0.171042  0.144001  0.210569  0.654473  0.735670  0.266818  0.243607  0.836890  0.189424  0.313791  0.284191  0.394921  0.226889  0.559653  0.501147  0.331570  0.301644  0.204243  0.600728  0.221877  0.189798  0.679331  0.342938  0.720820  0.372585  0.654835  0.923172  0.216195  0.135399  0.159922  0.404185  0.214414  0.179497  0.333902  0.589053  0.282582  0.619156  0.204345  0.722789  0.239490 0.0  0.104604  0.233663  0.703675  0.662851  0.729445 
56  0.552662  0.442286  0.478053  0.548827  0.106167  0.290376  0.494193  0.107465  0.495408  0.551419  0.358244  0.141723  0.185732  0.546131  0.515621  0.001382  0.230106  0.220013  0.515515  0.520996  0.467528  0.305935  0.795236  0.189389  0.338435  0.400984  0.481830  0.133021  0.434813  0.445953  0.383991  0.126099  0.187313  0.605829  0.150560  0.171206  0.545970  0.349227  0.788738  0.414999  0.516885  0.785541  0.076040  0.234912  0.145542  0.356756  0.120779  0.195361  0.254851  0.503418  0.423540  0.571193  0.194276  0.783030  0.220511  0.104604 0.0  0.275134  0.495289  0.567697  0.821552 
57  0.684510  0.283603  0.296847  0.675386  0.271977  0.327779  0.380707  0.182877  0.436130  0.561196  0.298590  0.182215  0.260221  0.554027  0.615318  0.198613  0.246823  0.143676  0.545033  0.567926  0.269885  0.281527  0.643685  0.294656  0.353457  0.429994  0.399770  0.246444  0.516125  0.381122  0.384599  0.203548  0.182686  0.462064  0.077572  0.162918  0.451961  0.250615  0.648361  0.310903  0.657018  0.864792  0.251326  0.336008  0.216950  0.482444  0.191451  0.202271  0.280913  0.556052  0.288185  0.701359  0.190417  0.764199  0.208170  0.233663  0.275134 0.0  0.736139  0.656966  0.783556 
58  0.585180  0.480565  0.578981  0.392972  0.635326  0.531116  0.550744  0.646785  0.688299  0.716011  0.497109  0.718308  0.699096  0.607837  0.772138  0.626306  0.570499  0.652507  0.657764  0.635624  0.241596  0.521074  0.485462  0.742967  0.560838  0.588742  0.457661  0.626594  0.416013  0.415274  0.256375  0.725989  0.697969  0.257455  0.682938  0.659068  0.666594  0.601264  0.596448  0.569746  0.685686  0.445715  0.664067  0.376318  0.686092  0.736214  0.587934  0.614372  0.330345  0.751051  0.568941  0.749819  0.584125  0.485678  0.366841  0.703675  0.495289  0.736139 0.0  0.782353  0.485844 
59  0.256015  0.707904  0.712458  0.707402  0.490918  0.671482  0.160976  0.712361  0.159602  0.109762  0.695488  0.675666  0.656200  0.220076  0.186327  0.474464  0.551122  0.585777  0.142154  0.187987  0.777326  0.671417  0.344897  0.581174  0.708027  0.749257  0.847684  0.685627  0.442978  0.919439  0.786529  0.554591  0.602855  0.554898  0.620514  0.692509  0.217723  0.766957  0.399853  0.748016  0.318756  0.550800  0.634061  0.734829  0.597117  0.492498  0.615241  0.570962  0.628201  0.211565  0.661260  0.206978  0.680390  0.419886  0.597558  0.662851  0.567697  0.656966  0.782353 0.0  0.299505 
60  0.419903  0.771779  0.521137  0.478145  0.821507  0.680495  0.306239  0.784431  0.299308  0.366790  0.653444  0.775713  0.715111  0.177539  0.316078  0.737304  0.762388  0.736243  0.325119  0.337465  0.885870  0.735149  0.233211  0.686049  0.551121  0.538345  0.767529  0.756569  0.461519  0.803849  0.918017  0.730113  0.784314  0.687136  0.789498  0.741334  0.378552  0.693437  0.285775  0.600828  0.353747  0.316979  0.675070  0.646111  0.756990  0.553960  0.848600  0.653030  0.766969  0.291531  0.563222  0.425139  0.605631  0.206001  0.679971  0.729445  0.821552  0.783556  0.485844  0.299505 0.0 
