61
0 0.0  0.772251  0.690133  0.753936  0.500654  0.693204  0.085225  0.730395  0.216965  0.165063  0.703484  0.552417  0.620083  0.216296  0.183290  0.642245  0.706107  0.674699  0.172789  0.223172  0.651163  0.610816  0.429382  0.596247  0.700200  0.687832  0.807493  0.666252  0.367787  0.838039  0.735634  0.572916  0.722464  0.440744  0.616097  0.622842  0.223501  0.633846  0.394308  0.783499  0.143649  0.408679  0.499945  0.680078  0.584213  0.379996  0.656837  0.741840  0.664332  0.150652  0.687596  0.180806  0.709087  0.367166  0.617561  0.640736  0.552708  0.628149  0.591809  0.172265  0.358712 
1  0.772251 0.0  0.331142  0.513805  0.342007  0.140045  0.652624  0.267600  0.756249  0.709764  0.383416  0.364948  0.287683  0.771188  0.767051  0.266706  0.369781  0.363148  0.743216  0.829850  0.330617  0.171905  0.785248  0.283028  0.350665  0.265614  0.347010  0.290817  0.496082  0.328656  0.312885  0.357543  0.333824  0.555279  0.301541  0.359622  0.833773  0.000000  0.640046  0.369543  0.736242  0.777214  0.286739  0.289450  0.296562  0.595955  0.326738  0.234629  0.278704  0.740016  0.241024  0.682036  0.322677  0.680352  0.300654  0.378326  0.436934  0.318424  0.506124  0.751537  0.722082 
2  0.690133  0.331142 0.0  0.605080  0.322076  0.205141  0.677060  0.277496  0.675232  0.766940  0.213060  0.350928  0.333718  0.760136  0.664055  0.389994  0.247047  0.328824  0.570635  0.660050  0.458203  0.366847  0.471110  0.348120  0.052523  0.191427  0.399605  0.286299  0.495682  0.403179  0.460098  0.241323  0.316381  0.693536  0.327033  0.297904  0.715661  0.357636  0.553825  0.173873  0.710272  0.879813  0.254370  0.205271  0.355665  0.531724  0.310743  0.367521  0.217139  0.715966  0.197796  0.739078  0.337129  0.645715  0.288708  0.274479  0.446600  0.310151  0.493664  0.795330  0.598097 
3  0.753936  0.513805  0.605080 0.0  0.519995  0.503420  0.529137  0.716879  0.513918  0.621992  0.567674  0.718728  0.616034  0.651755  0.662550  0.662567  0.664000  0.670983  0.712391  0.686215  0.193840  0.561257  0.469438  0.685840  0.480862  0.579948  0.440629  0.583271  0.470674  0.324994  0.213262  0.632454  0.696962  0.167194  0.632831  0.562070  0.678118  0.457806  0.537589  0.524515  0.659091  0.408971  0.712405  0.417635  0.733393  0.615761  0.593770  0.698170  0.473266  0.658068  0.607897  0.651002  0.594542  0.550087  0.384641  0.699113  0.646937  0.693947  0.456655  0.705761  0.547720 
4  0.500654  0.342007  0.322076  0.519995 0.0  0.252617  0.622101  0.093716  0.587541  0.533783  0.379846  0.154841  0.179051  0.542519  0.592031  0.199595  0.137062  0.114170  0.466881  0.673011  0.391172  0.283056  0.799716  0.184909  0.436230  0.318568  0.409839  0.112837  0.455519  0.314590  0.498343  0.054106  0.056828  0.594937  0.132309  0.076919  0.504096  0.316648  0.860297  0.405301  0.477474  0.844231  0.145989  0.337127  0.023079  0.335054  0.118554  0.124243  0.228866  0.501730  0.389426  0.550005  0.183129  0.854611  0.274024  0.116222  0.201358  0.104217  0.615921  0.569925  0.757070 
5  0.693204  0.140045  0.205141  0.503420  0.252617 0.0  0.603167  0.225389  0.763412  0.655110  0.275467  0.286256  0.332703  0.609494  0.690327  0.389106  0.290277  0.316973  0.745517  0.650751  0.298910  0.301308  0.625063  0.172988  0.316024  0.186025  0.184304  0.367849  0.489728  0.304763  0.244479  0.261659  0.217159  0.489713  0.341009  0.301656  0.699459  0.164853  0.649495  0.271153  0.592381  0.718383  0.247422  0.166594  0.187831  0.459699  0.261203  0.208974  0.285672  0.729710  0.246227  0.688570  0.299779  0.653253  0.249089  0.297538  0.219042  0.290547  0.549282  0.616347  0.588041 
6  0.085225  0.652624  0.677060  0.529137  0.622101  0.603167 0.0  0.452168  0.135503  0.014442  0.565506  0.574036  0.511370  0.126007  0.068272  0.425432  0.472354  0.431341  0.012581  0.052962  0.724426  0.690513  0.271656  0.413486  0.677575  0.701001  0.708387  0.468552  0.531718  0.848180  0.746694  0.426102  0.450864  0.567235  0.394523  0.509259  0.000000  0.863952  0.275190  0.645019  0.109947  0.321976  0.433083  0.601092  0.520768  0.304489  0.475260  0.442371  0.619692  0.011469  0.703433  0.050896  0.500897  0.274209  0.580980  0.463261  0.568302  0.501256  0.564063  0.023793  0.297532 
7  0.730395  0.267600  0.277496  0.716879  0.093716  0.225389  0.452168 0.0  0.568924  0.644793  0.301383  0.168949  0.182588  0.593249  0.635809  0.293422  0.219014  0.185038  0.532581  0.518377  0.298265  0.243093  0.887957  0.295849  0.318575  0.317295  0.540261  0.134596  0.408850  0.383255  0.239682  0.169622  0.170862  0.439764  0.249842  0.311454  0.691061  0.357016  0.755849  0.399554  0.665944  0.809577  0.217411  0.262295  0.176388  0.427645  0.206741  0.189062  0.206295  0.606100  0.337878  0.634707  0.128498  0.815077  0.288527  0.208374  0.119741  0.232803  0.560426  0.578401  0.651889 
8  0.216965  0.756249  0.675232  0.513918  0.587541  0.763412  0.135503  0.568924 0.0  0.161725  0.706440  0.665170  0.625656  0.135143  0.235606  0.571332  0.495410  0.635792  0.213171  0.162580  0.726564  0.631133  0.465843  0.566137  0.750852  0.621872  0.953061  0.545089  0.506333  0.828392  0.670231  0.617320  0.668533  0.578139  0.633239  0.489431  0.230677  0.710795  0.189896  0.870075  0.232432  0.416839  0.500672  0.677285  0.586828  0.482843  0.510628  0.666616  0.607242  0.244240  0.714543  0.221051  0.478208  0.294697  0.685182  0.590881  0.513966  0.768444  0.785494  0.239392  0.239463 
9  0.165063  0.709764  0.766940  0.621992  0.533783  0.655110  0.014442  0.644793  0.161725 0.0  0.764196  0.685138  0.530051  0.141173  0.200328  0.648336  0.721822  0.619996  0.250523  0.166728  0.718350  0.713062  0.380936  0.532695  0.628002  0.803752  0.840384  0.605358  0.534496  0.725819  0.666227  0.500505  0.638067  0.555774  0.603612  0.594607  0.235598  0.709280  0.346025  0.668911  0.179175  0.443946  0.677477  0.665505  0.509744  0.377181  0.600642  0.596083  0.723323  0.242231  0.686805  0.247922  0.542958  0.334660  0.647194  0.605830  0.501930  0.559754  0.727076  0.211089  0.436883 
10  0.703484  0.383416  0.213060  0.567674  0.379846  0.275467  0.565506  0.301383  0.706440  0.764196 0.0  0.377645  0.319002  0.824369  0.726382  0.273591  0.296661  0.459124  0.665245  0.560216  0.432881  0.178518  0.662670  0.215725  0.223856  0.265832  0.333641  0.309887  0.479687  0.436774  0.388641  0.268802  0.339227  0.737583  0.394065  0.334272  0.754802  0.292347  0.610578  0.141876  0.703618  0.677806  0.234169  0.211237  0.268290  0.547519  0.325423  0.282985  0.269407  0.730845  0.232023  0.680448  0.242902  0.541551  0.218595  0.292708  0.434539  0.169304  0.439085  0.727404  0.659537 
11  0.552417  0.364948  0.350928  0.718728  0.154841  0.286256  0.574036  0.168949  0.665170  0.685138  0.377645 0.0  0.191506  0.518363  0.597624  0.171499  0.069677  0.272877  0.553140  0.697098  0.286139  0.256593  0.651486  0.159498  0.393954  0.343825  0.517878  0.189210  0.417211  0.312864  0.207740  0.238674  0.255118  0.477851  0.142439  0.196718  0.607244  0.266882  0.721275  0.295293  0.612474  0.910368  0.152581  0.221236  0.129997  0.337663  0.176005  0.081212  0.288608  0.548219  0.237086  0.513948  0.307895  0.644597  0.192041  0.161583  0.163117  0.226337  0.631439  0.659031  0.752641 
12  0.620083  0.287683  0.333718  0.616034  0.179051  0.332703  0.511370  0.182588  0.625656  0.530051  0.319002  0.191506 0.0  0.551785  0.588553  0.235908  0.154652  0.257386  0.566843  0.516441  0.223336  0.344867  0.675110  0.150231  0.297059  0.298338  0.438832  0.148464  0.422937  0.380194  0.357794  0.177247  0.100703  0.552367  0.232212  0.271554  0.614106  0.290687  0.737012  0.367538  0.694279  0.815106  0.201972  0.318070  0.234340  0.298656  0.211380  0.147100  0.327305  0.567948  0.333214  0.624845  0.230118  0.750148  0.252508  0.202842  0.162632  0.244609  0.751298  0.643212  0.713513 
13  0.216296  0.771188  0.760136  0.651755  0.542519  0.609494  0.126007  0.593249  0.135143  0.141173  0.824369  0.518363  0.551785 0.0  0.140541  0.572013  0.576700  0.648169  0.150342  0.237514  0.637894  0.713650  0.396266  0.610931  0.739530  0.754793  0.829712  0.594898  0.552936  0.713095  0.807521  0.712850  0.598853  0.512270  0.601980  0.597058  0.123046  0.776364  0.368830  0.773751  0.269647  0.478254  0.578161  0.663830  0.532904  0.471901  0.589277  0.620318  0.678646  0.307442  0.667037  0.306202  0.525192  0.302350  0.665472  0.510318  0.541256  0.650252  0.734285  0.162546  0.346012 
14  0.183290  0.767051  0.664055  0.662550  0.592031  0.690327  0.068272  0.635809  0.235606  0.200328  0.726382  0.597624  0.588553  0.140541 0.0  0.557021  0.597340  0.693825  0.297256  0.185712  0.689698  0.635359  0.373765  0.548205  0.725325  0.782439  0.796713  0.597590  0.362576  0.723115  0.660175  0.619438  0.666745  0.523065  0.531886  0.581219  0.216818  0.743430  0.262759  0.636694  0.177609  0.424143  0.562557  0.675071  0.615873  0.347602  0.651907  0.543446  0.667441  0.190946  0.743549  0.239257  0.678730  0.384666  0.670285  0.602020  0.609546  0.499646  0.620019  0.181137  0.389018 
15  0.642245  0.266706  0.389994  0.662567  0.199595  0.389106  0.425432  0.293422  0.571332  0.648336  0.273591  0.171499  0.235908  0.572013  0.557021 0.0  0.163022  0.215997  0.663645  0.625701  0.264100  0.333239  0.737391  0.156419  0.269861  0.347292  0.423090  0.270173  0.460442  0.428163  0.363122  0.163813  0.133833  0.498654  0.307285  0.140397  0.629690  0.447526  0.735069  0.358846  0.625584  0.898276  0.230605  0.218089  0.284287  0.425728  0.252304  0.206963  0.338333  0.478469  0.357061  0.627514  0.195315  0.774803  0.170036  0.158493  0.107334  0.267770  0.694450  0.608511  0.879081 
16  0.706107  0.369781  0.247047  0.664000  0.137062  0.290277  0.472354  0.219014  0.495410  0.721822  0.296661  0.069677  0.154652  0.576700  0.597340  0.163022 0.0  0.177046  0.565526  0.570358  0.294663  0.330985  0.809839  0.176274  0.315652  0.319089  0.345874  0.269853  0.499232  0.442117  0.460235  0.225648  0.251658  0.518305  0.163270  0.236160  0.638408  0.332891  0.646038  0.320274  0.524229  0.825656  0.091669  0.261649  0.206328  0.421148  0.223151  0.209010  0.169716  0.600390  0.310974  0.612849  0.228379  0.735987  0.311548  0.014325  0.217466  0.280678  0.683059  0.604573  0.835253 
17  0.674699  0.363148  0.328824  0.670983  0.114170  0.316973  0.431341  0.185038  0.635792  0.619996  0.459124  0.272877  0.257386  0.648169  0.693825  0.215997  0.177046 0.0  0.721294  0.581394  0.279827  0.281089  0.813749  0.205440  0.472779  0.322457  0.351481  0.249323  0.556793  0.334354  0.265577  0.083554  0.291940  0.521788  0.241962  0.227910  0.544893  0.288297  0.597730  0.403565  0.570268  0.832287  0.171933  0.303386  0.152122  0.337094  0.237794  0.240146  0.230250  0.651964  0.326287  0.551996  0.249099  0.682444  0.253541  0.239185  0.080426  0.156979  0.518070  0.529570  0.669292 
18  0.172789  0.743216  0.570635  0.712391  0.466881  0.745517  0.012581  0.532581  0.213171  0.250523  0.665245  0.553140  0.566843  0.150342  0.297256  0.663645  0.565526  0.721294 0.0  0.097760  0.835548  0.685242  0.366841  0.576084  0.710520  0.784916  0.809183  0.583422  0.345675  0.819724  0.650377  0.537993  0.581590  0.635718  0.641905  0.564012  0.156131  0.769013  0.308286  0.818536  0.201656  0.439085  0.638973  0.645900  0.574076  0.387170  0.602888  0.562407  0.646301  0.234608  0.734930  0.277674  0.568493  0.351338  0.573612  0.551119  0.508510  0.512226  0.670887  0.096583  0.292112 
19  0.223172  0.829850  0.660050  0.686215  0.673011  0.650751  0.052962  0.518377  0.162580  0.166728  0.560216  0.697098  0.516441  0.237514  0.185712  0.625701  0.570358  0.581394  0.097760 0.0  0.695965  0.733393  0.263836  0.589082  0.779743  0.696809  0.731859  0.525141  0.521083  0.741512  0.733937  0.661758  0.663874  0.601170  0.682752  0.732196  0.222060  0.718508  0.333812  0.701709  0.238873  0.392661  0.673032  0.699746  0.619719  0.414794  0.618252  0.544657  0.712184  0.108728  0.614008  0.172561  0.575126  0.342198  0.699876  0.547999  0.602777  0.692624  0.643740  0.167955  0.379282 
20  0.651163  0.330617  0.458203  0.193840  0.391172  0.298910  0.724426  0.298265  0.726564  0.718350  0.432881  0.286139  0.223336  0.637894  0.689698  0.264100  0.294663  0.279827  0.835548  0.695965 0.0  0.249316  0.755783  0.342545  0.511758  0.402162  0.124784  0.243993  0.450437  0.125492  0.067878  0.332526  0.351982  0.347345  0.378342  0.372143  0.797235  0.309992  0.905774  0.454311  0.788674  0.433020  0.385496  0.343524  0.281662  0.661345  0.365190  0.366824  0.265669  0.829436  0.379501  0.672547  0.382768  0.917851  0.173903  0.357737  0.378034  0.267781  0.194894  0.700869  0.873842 
21  0.610816  0.171905  0.366847  0.561257  0.283056  0.301308  0.690513  0.243093  0.631133  0.713062  0.178518  0.256593  0.344867  0.713650  0.635359  0.333239  0.330985  0.281089  0.685242  0.733393  0.249316 0.0  0.673760  0.184300  0.278958  0.228442  0.312021  0.176454  0.463023  0.257127  0.239250  0.236964  0.280606  0.481681  0.191605  0.375879  0.719637  0.312886  0.749442  0.267879  0.694445  0.791804  0.275473  0.328195  0.187539  0.457363  0.285943  0.343914  0.492133  0.688693  0.367759  0.647518  0.272498  0.738898  0.348952  0.366852  0.190960  0.211030  0.433923  0.733965  0.735806 
22  0.429382  0.785248  0.471110  0.469438  0.799716  0.625063  0.271656  0.887957  0.465843  0.380936  0.662670  0.651486  0.675110  0.396266  0.373765  0.737391  0.809839  0.813749  0.366841  0.263836  0.755783  0.673760 0.0  0.809119  0.590028  0.744903  0.743323  0.746000  0.449527  0.804683  0.830142  0.715445  0.747572  0.742076  0.724660  0.649088  0.261780  0.805095  0.237467  0.616198  0.335201  0.289920  0.774880  0.775523  0.702796  0.539580  0.774920  0.625836  0.690614  0.415885  0.597867  0.281781  0.741876  0.190941  0.656060  0.772066  0.830671  0.714090  0.487471  0.345487  0.143971 
23  0.596247  0.283028  0.348120  0.685840  0.184909  0.172988  0.413486  0.295849  0.566137  0.532695  0.215725  0.159498  0.150231  0.610931  0.548205  0.156419  0.176274  0.205440  0.576084  0.589082  0.342545  0.184300  0.809119 0.0  0.387187  0.323853  0.459295  0.179800  0.396861  0.412523  0.317843  0.253279  0.223433  0.621593  0.308646  0.188334  0.544373  0.415625  0.641746  0.350563  0.617017  0.783959  0.254775  0.232473  0.184258  0.342632  0.237586  0.158763  0.240919  0.557534  0.301652  0.656890  0.129290  0.776976  0.397236  0.225871  0.190807  0.217147  0.621634  0.597999  0.747960 
24  0.700200  0.350665  0.052523  0.480862  0.436230  0.316024  0.677575  0.318575  0.750852  0.628002  0.223856  0.393954  0.297059  0.739530  0.725325  0.269861  0.315652  0.472779  0.710520  0.779743  0.511758  0.278958  0.590028  0.387187 0.0  0.144399  0.318339  0.353446  0.484964  0.552256  0.405638  0.401932  0.396030  0.736183  0.328757  0.373924  0.733373  0.215003  0.557367  0.223657  0.788654  0.737045  0.343605  0.184510  0.353296  0.600241  0.321604  0.342491  0.329010  0.658425  0.293411  0.694943  0.234768  0.645358  0.249551  0.364501  0.397083  0.272667  0.703136  0.828003  0.510788 
25  0.687832  0.265614  0.191427  0.579948  0.318568  0.186025  0.701001  0.317295  0.621872  0.803752  0.265832  0.343825  0.298338  0.754793  0.782439  0.347292  0.319089  0.322457  0.784916  0.696809  0.402162  0.228442  0.744903  0.323853  0.144399 0.0  0.341243  0.268511  0.404993  0.397254  0.487023  0.403140  0.316338  0.699685  0.330286  0.369538  0.793982  0.396673  0.617863  0.247667  0.804853  0.784238  0.359888  0.321272  0.230794  0.666216  0.359626  0.353802  0.243234  0.791934  0.175358  0.840630  0.297363  0.484707  0.213715  0.273318  0.395083  0.335877  0.605986  0.702829  0.562102 
26  0.807493  0.347010  0.399605  0.440629  0.409839  0.184304  0.708387  0.540261  0.953061  0.840384  0.333641  0.517878  0.438832  0.829712  0.796713  0.423090  0.345874  0.351481  0.809183  0.731859  0.124784  0.312021  0.743323  0.459295  0.318339  0.341243 0.0  0.463954  0.420549  0.181395  0.035610  0.494074  0.457636  0.260996  0.499034  0.428327  0.895788  0.347476  0.687177  0.277393  0.859706  0.630842  0.478101  0.226249  0.413029  0.599994  0.520852  0.373990  0.336326  0.885185  0.433710  0.802924  0.456655  0.730342  0.345438  0.441378  0.443348  0.424139  0.347595  0.896157  0.696635 
27  0.666252  0.290817  0.286299  0.583271  0.112837  0.367849  0.468552  0.134596  0.545089  0.605358  0.309887  0.189210  0.148464  0.594898  0.597590  0.270173  0.269853  0.249323  0.583422  0.525141  0.243993  0.176454  0.746000  0.179800  0.353446  0.268511  0.463954 0.0  0.450487  0.327727  0.275050  0.247943  0.185734  0.425969  0.053912  0.130122  0.719577  0.279945  0.794331  0.402172  0.677485  0.776008  0.244550  0.217076  0.214172  0.423113  0.206246  0.214688  0.290797  0.501574  0.309767  0.621756  0.144304  0.659071  0.165416  0.235953  0.171989  0.160690  0.616027  0.606171  0.731093 
28  0.367787  0.496082  0.495682  0.470674  0.455519  0.489728  0.531718  0.408850  0.506333  0.534496  0.479687  0.417211  0.422937  0.552936  0.362576  0.460442  0.499232  0.556793  0.345675  0.521083  0.450437  0.463023  0.449527  0.396861  0.484964  0.404993  0.420549  0.450487 0.0  0.592470  0.520032  0.545380  0.449383  0.484181  0.468947  0.475181  0.601984  0.382414  0.374325  0.411573  0.495361  0.504810  0.469906  0.512429  0.476559  0.533908  0.571790  0.432002  0.446216  0.547083  0.503801  0.555522  0.529694  0.477299  0.514963  0.465811  0.407221  0.427185  0.369969  0.503731  0.483492 
29  0.838039  0.328656  0.403179  0.324994  0.314590  0.304763  0.848180  0.383255  0.828392  0.725819  0.436774  0.312864  0.380194  0.713095  0.723115  0.428163  0.442117  0.334354  0.819724  0.741512  0.125492  0.257127  0.804683  0.412523  0.552256  0.397254  0.181395  0.327727  0.592470 0.0  0.198426  0.357729  0.403715  0.322046  0.396990  0.415677  0.907487  0.468282  0.805700  0.336772  0.837592  0.638643  0.395645  0.241508  0.371163  0.548602  0.353735  0.436509  0.260787  0.797570  0.304881  0.800597  0.410059  0.860157  0.142216  0.399411  0.334813  0.378294  0.348943  0.753401  0.784816 
30  0.735634  0.312885  0.460098  0.213262  0.498343  0.244479  0.746694  0.239682  0.670231  0.666227  0.388641  0.207740  0.357794  0.807521  0.660175  0.363122  0.460235  0.265577  0.650377  0.733937  0.067878  0.239250  0.830142  0.317843  0.405638  0.487023  0.035610  0.275050  0.520032  0.198426 0.0  0.342199  0.417602  0.443025  0.333484  0.360584  0.783390  0.337627  1.000000  0.419084  0.538033  0.504159  0.300420  0.217992  0.345244  0.641530  0.418158  0.222188  0.262923  0.814069  0.469320  0.640325  0.315327  0.862324  0.267918  0.350486  0.413153  0.346267  0.204013  0.701772  0.890411 
31  0.572916  0.357543  0.241323  0.632454  0.054106  0.261659  0.426102  0.169622  0.617320  0.500505  0.268802  0.238674  0.177247  0.712850  0.619438  0.163813  0.225648  0.083554  0.537993  0.661758  0.332526  0.236964  0.715445  0.253279  0.401932  0.403140  0.494074  0.247943  0.545380  0.357729  0.342199 0.0  0.184083  0.560426  0.194817  0.117989  0.603282  0.392902  0.763155  0.280156  0.559157  0.765877  0.158348  0.323588  0.237619  0.378919  0.143355  0.223583  0.198898  0.549447  0.349320  0.637073  0.149305  0.805766  0.227117  0.189381  0.155129  0.139804  0.643931  0.511719  0.755362 
32  0.722464  0.333824  0.316381  0.696962  0.056828  0.217159  0.450864  0.170862  0.668533  0.638067  0.339227  0.255118  0.100703  0.598853  0.666745  0.133833  0.251658  0.291940  0.581590  0.663874  0.351982  0.280606  0.747572  0.223433  0.396030  0.316338  0.457636  0.185734  0.449383  0.403715  0.417602  0.184083 0.0  0.584959  0.157510  0.103512  0.658605  0.288943  0.683535  0.280786  0.638656  0.860012  0.215763  0.266342  0.222133  0.379619  0.229315  0.084989  0.235406  0.572463  0.308441  0.554876  0.212525  0.761802  0.271953  0.256501  0.019007  0.333799  0.651839  0.548639  0.703027 
33  0.440744  0.555279  0.693536  0.167194  0.594937  0.489713  0.567235  0.439764  0.578139  0.555774  0.737583  0.477851  0.552367  0.512270  0.523065  0.498654  0.518305  0.521788  0.635718  0.601170  0.347345  0.481681  0.742076  0.621593  0.736183  0.699685  0.260996  0.425969  0.484181  0.322046  0.443025  0.560426  0.584959 0.0  0.601441  0.610989  0.513318  0.530297  0.768373  0.633628  0.531243  0.285119  0.537326  0.465743  0.513739  0.632894  0.535180  0.552243  0.406463  0.491467  0.587886  0.461202  0.565896  0.651278  0.537136  0.468040  0.614257  0.553643  0.236629  0.667430  0.621109 
34  0.616097  0.301541  0.327033  0.632831  0.132309  0.341009  0.394523  0.249842  0.633239  0.603612  0.394065  0.142439  0.232212  0.601980  0.531886  0.307285  0.163270  0.241962  0.641905  0.682752  0.378342  0.191605  0.724660  0.308646  0.328757  0.330286  0.499034  0.053912  0.468947  0.396990  0.333484  0.194817  0.157510  0.601441 0.0  0.163572  0.597683  0.350683  0.625886  0.306989  0.494414  0.963903  0.174717  0.298312  0.302566  0.394043  0.280316  0.135398  0.290855  0.618719  0.418271  0.643021  0.193311  0.791417  0.215449  0.131709  0.091401  0.207344  0.756168  0.617899  0.801772 
35  0.622842  0.359622  0.297904  0.562070  0.076919  0.301656  0.509259  0.311454  0.489431  0.594607  0.334272  0.196718  0.271554  0.597058  0.581219  0.140397  0.236160  0.227910  0.564012  0.732196  0.372143  0.375879  0.649088  0.188334  0.373924  0.369538  0.428327  0.130122  0.475181  0.415677  0.360584  0.117989  0.103512  0.610989  0.163572 0.0  0.592028  0.292782  0.805816  0.319926  0.573049  0.784411  0.235811  0.348586  0.137154  0.416855  0.155967  0.211459  0.192270  0.581026  0.341646  0.719465  0.214197  0.776267  0.205143  0.187856  0.060086  0.146594  0.557393  0.578553  0.762767 
36  0.223501  0.833773  0.715661  0.678118  0.504096  0.699459  0.000000  0.691061  0.230677  0.235598  0.754802  0.607244  0.614106  0.123046  0.216818  0.629690  0.638408  0.544893  0.156131  0.222060  0.797235  0.719637  0.261780  0.544373  0.733373  0.793982  0.895788  0.719577  0.601984  0.907487  0.783390  0.603282  0.658605  0.513318  0.597683  0.592028 0.0  0.694496  0.352565  0.807558  0.108246  0.442941  0.588103  0.624216  0.629667  0.352362  0.588973  0.542399  0.785382  0.212083  0.729580  0.184542  0.541194  0.388178  0.647230  0.671507  0.623059  0.649192  0.709491  0.070285  0.341106 
37  0.633846  0.000000  0.357636  0.457806  0.316648  0.164853  0.863952  0.357016  0.710795  0.709280  0.292347  0.266882  0.290687  0.776364  0.743430  0.447526  0.332891  0.288297  0.769013  0.718508  0.309992  0.312886  0.805095  0.415625  0.215003  0.396673  0.347476  0.279945  0.382414  0.468282  0.337627  0.392902  0.288943  0.530297  0.350683  0.292782  0.694496 0.0  0.818304  0.379301  0.662031  0.698554  0.340885  0.281356  0.327303  0.500850  0.409109  0.284388  0.331405  0.738513  0.323827  0.795846  0.348370  0.664419  0.327003  0.343536  0.450236  0.308097  0.485009  0.752427  0.743092 
38  0.394308  0.640046  0.553825  0.537589  0.860297  0.649495  0.275190  0.755849  0.189896  0.346025  0.610578  0.721275  0.737012  0.368830  0.262759  0.735069  0.646038  0.597730  0.308286  0.333812  0.905774  0.749442  0.237467  0.641746  0.557367  0.617863  0.687177  0.794331  0.374325  0.805700  1.000000  0.763155  0.683535  0.768373  0.625886  0.805816  0.352565  0.818304 0.0  0.585939  0.413004  0.287789  0.824815  0.641036  0.725134  0.525011  0.657915  0.702265  0.691046  0.420671  0.612094  0.279044  0.728795  0.254940  0.646487  0.649080  0.804764  0.638298  0.466215  0.324767  0.222564 
39  0.783499  0.369543  0.173873  0.524515  0.405301  0.271153  0.645019  0.399554  0.870075  0.668911  0.141876  0.295293  0.367538  0.773751  0.636694  0.358846  0.320274  0.403565  0.818536  0.701709  0.454311  0.267879  0.616198  0.350563  0.223657  0.247667  0.277393  0.402172  0.411573  0.336772  0.419084  0.280156  0.280786  0.633628  0.306989  0.319926  0.807558  0.379301  0.585939 0.0  0.740056  0.786055  0.371796  0.179967  0.280770  0.618650  0.331305  0.283916  0.266046  0.803454  0.229951  0.742204  0.328962  0.578441  0.257758  0.360729  0.317078  0.384459  0.483846  0.733734  0.638701 
40  0.143649  0.736242  0.710272  0.659091  0.477474  0.592381  0.109947  0.665944  0.232432  0.179175  0.703618  0.612474  0.694279  0.269647  0.177609  0.625584  0.524229  0.570268  0.201656  0.238873  0.788674  0.694445  0.335201  0.617017  0.788654  0.804853  0.859706  0.677485  0.495361  0.837592  0.538033  0.559157  0.638656  0.531243  0.494414  0.573049  0.108246  0.662031  0.413004  0.740056 0.0  0.394344  0.645612  0.700406  0.508042  0.286752  0.502964  0.535155  0.677505  0.127823  0.669625  0.244921  0.634626  0.253157  0.646521  0.553076  0.541672  0.627633  0.623315  0.113451  0.306490 
41  0.408679  0.777214  0.879813  0.408971  0.844231  0.718383  0.321976  0.809577  0.416839  0.443946  0.677806  0.910368  0.815106  0.478254  0.424143  0.898276  0.825656  0.832287  0.439085  0.392661  0.433020  0.791804  0.289920  0.783959  0.737045  0.784238  0.630842  0.776008  0.504810  0.638643  0.504159  0.765877  0.860012  0.285119  0.963903  0.784411  0.442941  0.698554  0.287789  0.786055  0.394344 0.0  0.769128  0.715932  0.894730  0.711194  0.773390  0.923673  0.716587  0.431946  0.776856  0.534766  0.893685  0.369058  0.667338  0.898827  0.869852  0.839039  0.343241  0.425456  0.427118 
42  0.499945  0.286739  0.254370  0.712405  0.145989  0.247422  0.433083  0.217411  0.500672  0.677477  0.234169  0.152581  0.201972  0.578161  0.562557  0.230605  0.091669  0.171933  0.638973  0.673032  0.385496  0.275473  0.774880  0.254775  0.343605  0.359888  0.478101  0.244550  0.469906  0.395645  0.300420  0.158348  0.215763  0.537326  0.174717  0.235811  0.588103  0.340885  0.824815  0.371796  0.645612  0.769128 0.0  0.187582  0.201388  0.364421  0.168023  0.114894  0.336902  0.587946  0.384070  0.581536  0.215522  0.806912  0.322134  0.096063  0.161480  0.135958  0.624361  0.558987  0.669694 
43  0.680078  0.289450  0.205271  0.417635  0.337127  0.166594  0.601092  0.262295  0.677285  0.665505  0.211237  0.221236  0.318070  0.663830  0.675071  0.218089  0.261649  0.303386  0.645900  0.699746  0.343524  0.328195  0.775523  0.232473  0.184510  0.321272  0.226249  0.217076  0.512429  0.241508  0.217992  0.323588  0.266342  0.465743  0.298312  0.348586  0.624216  0.281356  0.641036  0.179967  0.700406  0.715932  0.187582 0.0  0.330635  0.423044  0.241176  0.267967  0.214738  0.716984  0.136749  0.637887  0.257708  0.582605  0.230886  0.294054  0.215607  0.460741  0.473787  0.660856  0.650490 
44  0.584213  0.296562  0.355665  0.733393  0.023079  0.187831  0.520768  0.176388  0.586828  0.509744  0.268290  0.129997  0.234340  0.532904  0.615873  0.284287  0.206328  0.152122  0.574076  0.619719  0.281662  0.187539  0.702796  0.184258  0.353296  0.230794  0.413029  0.214172  0.476559  0.371163  0.345244  0.237619  0.222133  0.513739  0.302566  0.137154  0.629667  0.327303  0.725134  0.280770  0.508042  0.894730  0.201388  0.330635 0.0  0.507733  0.249379  0.181383  0.264066  0.500196  0.365089  0.632216  0.198478  0.766756  0.252578  0.186021  0.101658  0.048585  0.680177  0.585460  0.733759 
45  0.379996  0.595955  0.531724  0.615761  0.335054  0.459699  0.304489  0.427645  0.482843  0.377181  0.547519  0.337663  0.298656  0.471901  0.347602  0.425728  0.421148  0.337094  0.387170  0.414794  0.661345  0.457363  0.539580  0.342632  0.600241  0.666216  0.599994  0.423113  0.533908  0.548602  0.641530  0.378919  0.379619  0.632894  0.394043  0.416855  0.352362  0.500850  0.525011  0.618650  0.286752  0.711194  0.364421  0.423044  0.507733 0.0  0.431453  0.432125  0.353896  0.391805  0.572633  0.212996  0.439110  0.630354  0.381937  0.447163  0.336018  0.326921  0.640202  0.366382  0.587139 
46  0.656837  0.326738  0.310743  0.593770  0.118554  0.261203  0.475260  0.206741  0.510628  0.600642  0.325423  0.176005  0.211380  0.589277  0.651907  0.252304  0.223151  0.237794  0.602888  0.618252  0.365190  0.285943  0.774920  0.237586  0.321604  0.359626  0.520852  0.206246  0.571790  0.353735  0.418158  0.143355  0.229315  0.535180  0.280316  0.155967  0.588973  0.409109  0.657915  0.331305  0.502964  0.773390  0.168023  0.241176  0.249379  0.431453 0.0  0.193201  0.330322  0.621218  0.377692  0.446740  0.261825  0.665443  0.258677  0.227116  0.121069  0.205089  0.679968  0.581571  0.617227 
47  0.741840  0.234629  0.367521  0.698170  0.124243  0.208974  0.442371  0.189062  0.666616  0.596083  0.282985  0.081212  0.147100  0.620318  0.543446  0.206963  0.209010  0.240146  0.562407  0.544657  0.366824  0.343914  0.625836  0.158763  0.342491  0.353802  0.373990  0.214688  0.432002  0.436509  0.222188  0.223583  0.084989  0.552243  0.135398  0.211459  0.542399  0.284388  0.702265  0.283916  0.535155  0.923673  0.114894  0.267967  0.181383  0.432125  0.193201 0.0  0.211437  0.669266  0.409716  0.554112  0.088113  0.727319  0.350973  0.193900  0.176256  0.216751  0.625458  0.590773  0.738836 
48  0.664332  0.278704  0.217139  0.473266  0.228866  0.285672  0.619692  0.206295  0.607242  0.723323  0.269407  0.288608  0.327305  0.678646  0.667441  0.338333  0.169716  0.230250  0.646301  0.712184  0.265669  0.492133  0.690614  0.240919  0.329010  0.243234  0.336326  0.290797  0.446216  0.260787  0.262923  0.198898  0.235406  0.406463  0.290855  0.192270  0.785382  0.331405  0.691046  0.266046  0.677505  0.716587  0.336902  0.214738  0.264066  0.353896  0.330322  0.211437 0.0  0.722274  0.199336  0.629302  0.229736  0.698449  0.404470  0.177557  0.302073  0.185380  0.524708  0.632785  0.613257 
49  0.150652  0.740016  0.715966  0.658068  0.501730  0.729710  0.011469  0.606100  0.244240  0.242231  0.730845  0.548219  0.567948  0.307442  0.190946  0.478469  0.600390  0.651964  0.234608  0.108728  0.829436  0.688693  0.415885  0.557534  0.658425  0.791934  0.885185  0.501574  0.547083  0.797570  0.814069  0.549447  0.572463  0.491467  0.618719  0.581026  0.212083  0.738513  0.420671  0.803454  0.127823  0.431946  0.587946  0.716984  0.500196  0.391805  0.621218  0.669266  0.722274 0.0  0.780209  0.201509  0.587450  0.243607  0.621576  0.632330  0.538380  0.591385  0.730427  0.112185  0.277682 
50  0.687596  0.241024  0.197796  0.607897  0.389426  0.246227  0.703433  0.337878  0.714543  0.686805  0.232023  0.237086  0.333214  0.667037  0.743549  0.357061  0.310974  0.326287  0.734930  0.614008  0.379501  0.367759  0.597867  0.301652  0.293411  0.175358  0.433710  0.309767  0.503801  0.304881  0.469320  0.349320  0.308441  0.587886  0.418271  0.341646  0.729580  0.323827  0.612094  0.229951  0.669625  0.776856  0.384070  0.136749  0.365089  0.572633  0.377692  0.409716  0.199336  0.780209 0.0  0.671830  0.370467  0.608063  0.187642  0.329108  0.438930  0.254489  0.491375  0.850091  0.627781 
51  0.180806  0.682036  0.739078  0.651002  0.550005  0.688570  0.050896  0.634707  0.221051  0.247922  0.680448  0.513948  0.624845  0.306202  0.239257  0.627514  0.612849  0.551996  0.277674  0.172561  0.672547  0.647518  0.281781  0.656890  0.694943  0.840630  0.802924  0.621756  0.555522  0.800597  0.640325  0.637073  0.554876  0.461202  0.643021  0.719465  0.184542  0.795846  0.279044  0.742204  0.244921  0.534766  0.581536  0.637887  0.632216  0.212996  0.446740  0.554112  0.629302  0.201509  0.671830 0.0  0.593783  0.346283  0.723437  0.614553  0.643197  0.546125  0.691149  0.182952  0.248970 
52  0.709087  0.322677  0.337129  0.594542  0.183129  0.299779  0.500897  0.128498  0.478208  0.542958  0.242902  0.307895  0.230118  0.525192  0.678730  0.195315  0.228379  0.249099  0.568493  0.575126  0.382768  0.272498  0.741876  0.129290  0.234768  0.297363  0.456655  0.144304  0.529694  0.410059  0.315327  0.149305  0.212525  0.565896  0.193311  0.214197  0.541194  0.348370  0.728795  0.328962  0.634626  0.893685  0.215522  0.257708  0.198478  0.439110  0.261825  0.088113  0.229736  0.587450  0.370467  0.593783 0.0  0.759561  0.218374  0.261280  0.140184  0.150714  0.692949  0.595983  0.685147 
53  0.367166  0.680352  0.645715  0.550087  0.854611  0.653253  0.274209  0.815077  0.294697  0.334660  0.541551  0.644597  0.750148  0.302350  0.384666  0.774803  0.735987  0.682444  0.351338  0.342198  0.917851  0.738898  0.190941  0.776976  0.645358  0.484707  0.730342  0.659071  0.477299  0.860157  0.862324  0.805766  0.761802  0.651278  0.791417  0.776267  0.388178  0.664419  0.254940  0.578441  0.253157  0.369058  0.806912  0.582605  0.766756  0.630354  0.665443  0.727319  0.698449  0.243607  0.608063  0.346283  0.759561 0.0  0.612703  0.614231  0.852510  0.748761  0.557341  0.272441  0.063997 
54  0.617561  0.300654  0.288708  0.384641  0.274024  0.249089  0.580980  0.288527  0.685182  0.647194  0.218595  0.192041  0.252508  0.665472  0.670285  0.170036  0.311548  0.253541  0.573612  0.699876  0.173903  0.348952  0.656060  0.397236  0.249551  0.213715  0.345438  0.165416  0.514963  0.142216  0.267918  0.227117  0.271953  0.537136  0.215449  0.205143  0.647230  0.327003  0.646487  0.257758  0.646521  0.667338  0.322134  0.230886  0.252578  0.381937  0.258677  0.350973  0.404470  0.621576  0.187642  0.723437  0.218374  0.612703 0.0  0.165396  0.250604  0.199508  0.511186  0.592329  0.699235 
55  0.640736  0.378326  0.274479  0.699113  0.116222  0.297538  0.463261  0.208374  0.590881  0.605830  0.292708  0.161583  0.202842  0.510318  0.602020  0.158493  0.014325  0.239185  0.551119  0.547999  0.357737  0.366852  0.772066  0.225871  0.364501  0.273318  0.441378  0.235953  0.465811  0.399411  0.350486  0.189381  0.256501  0.468040  0.131709  0.187856  0.671507  0.343536  0.649080  0.360729  0.553076  0.898827  0.096063  0.294054  0.186021  0.447163  0.227116  0.193900  0.177557  0.632330  0.329108  0.614553  0.261280  0.614231  0.165396 0.0  0.117303  0.262398  0.627132  0.568960  0.817869 
56  0.552708  0.436934  0.446600  0.646937  0.201358  0.219042  0.568302  0.119741  0.513966  0.501930  0.434539  0.163117  0.162632  0.541256  0.609546  0.107334  0.217466  0.080426  0.508510  0.602777  0.378034  0.190960  0.830671  0.190807  0.397083  0.395083  0.443348  0.171989  0.407221  0.334813  0.413153  0.155129  0.019007  0.614257  0.091401  0.060086  0.623059  0.450236  0.804764  0.317078  0.541672  0.869852  0.161480  0.215607  0.101658  0.336018  0.121069  0.176256  0.302073  0.538380  0.438930  0.643197  0.140184  0.852510  0.250604  0.117303 0.0  0.050808  0.601530  0.570542  0.819031 
57  0.628149  0.318424  0.310151  0.693947  0.104217  0.290547  0.501256  0.232803  0.768444  0.559754  0.169304  0.226337  0.244609  0.650252  0.499646  0.267770  0.280678  0.156979  0.512226  0.692624  0.267781  0.211030  0.714090  0.217147  0.272667  0.335877  0.424139  0.160690  0.427185  0.378294  0.346267  0.139804  0.333799  0.553643  0.207344  0.146594  0.649192  0.308097  0.638298  0.384459  0.627633  0.839039  0.135958  0.460741  0.048585  0.326921  0.205089  0.216751  0.185380  0.591385  0.254489  0.546125  0.150714  0.748761  0.199508  0.262398  0.050808 0.0  0.673912  0.618692  0.726936 
58  0.591809  0.506124  0.493664  0.456655  0.615921  0.549282  0.564063  0.560426  0.785494  0.727076  0.439085  0.631439  0.751298  0.734285  0.620019  0.694450  0.683059  0.518070  0.670887  0.643740  0.194894  0.433923  0.487471  0.621634  0.703136  0.605986  0.347595  0.616027  0.369969  0.348943  0.204013  0.643931  0.651839  0.236629  0.756168  0.557393  0.709491  0.485009  0.466215  0.483846  0.623315  0.343241  0.624361  0.473787  0.680177  0.640202  0.679968  0.625458  0.524708  0.730427  0.491375  0.691149  0.692949  0.557341  0.511186  0.627132  0.601530  0.673912 0.0  0.592824  0.478213 
59  0.172265  0.751537  0.795330  0.705761  0.569925  0.616347  0.023793  0.578401  0.239392  0.211089  0.727404  0.659031  0.643212  0.162546  0.181137  0.608511  0.604573  0.529570  0.096583  0.167955  0.700869  0.733965  0.345487  0.597999  0.828003  0.702829  0.896157  0.606171  0.503731  0.753401  0.701772  0.511719  0.548639  0.667430  0.617899  0.578553  0.070285  0.752427  0.324767  0.733734  0.113451  0.425456  0.558987  0.660856  0.585460  0.366382  0.581571  0.590773  0.632785  0.112185  0.850091  0.182952  0.595983  0.272441  0.592329  0.568960  0.570542  0.618692  0.592824 0.0  0.324671 
60  0.358712  0.722082  0.598097  0.547720  0.757070  0.588041  0.297532  0.651889  0.239463  0.436883  0.659537  0.752641  0.713513  0.346012  0.389018  0.879081  0.835253  0.669292  0.292112  0.379282  0.873842  0.735806  0.143971  0.747960  0.510788  0.562102  0.696635  0.731093  0.483492  0.784816  0.890411  0.755362  0.703027  0.621109  0.801772  0.762767  0.341106  0.743092  0.222564  0.638701  0.306490  0.427118  0.669694  0.650490  0.733759  0.587139  0.617227  0.738836  0.613257  0.277682  0.627781  0.248970  0.685147  0.063997  0.699235  0.817869  0.819031  0.726936  0.478213  0.324671 0.0 
