61
0 0.0  0.686227  0.892935  0.651302  0.551842  0.673884  0.138150  0.667599  0.164750  0.193049  0.712402  0.646883  0.714336  0.237537  0.134726  0.631330  0.687498  0.722915  0.272011  0.230910  0.787488  0.586901  0.421411  0.664179  0.850380  0.638786  0.936844  0.743536  0.466489  0.894298  0.837973  0.627528  0.710079  0.568395  0.608879  0.759974  0.193819  0.810608  0.362638  0.864321  0.196235  0.411695  0.697548  0.712258  0.603762  0.342495  0.620466  0.532612  0.750564  0.137164  0.845464  0.204378  0.679711  0.376269  0.631157  0.659123  0.522045  0.511921  0.657427  0.297619  0.276009 
1  0.686227 0.0  0.465357  0.551590  0.405736  0.248549  0.741745  0.481694  0.790189  0.792859  0.276276  0.414326  0.349470  0.721026  0.863478  0.252685  0.292825  0.390070  0.833270  0.867067  0.336005  0.371546  0.739884  0.321006  0.478386  0.312686  0.367297  0.285933  0.449245  0.338993  0.335118  0.365882  0.306853  0.648792  0.357449  0.290314  0.810477  0.079256  0.793374  0.373790  0.746052  0.797225  0.400376  0.318351  0.258518  0.633849  0.350411  0.326681  0.224122  0.720794  0.366403  0.832482  0.461459  0.836300  0.369720  0.353256  0.471433  0.346338  0.526193  0.810903  0.711689 
2  0.892935  0.465357 0.0  0.412926  0.362440  0.296103  0.769066  0.374390  0.897194  0.774740  0.314995  0.380077  0.274252  0.753686  0.785498  0.376055  0.351096  0.275935  0.827605  0.734501  0.459770  0.308076  0.619199  0.308607  0.173583  0.186211  0.355704  0.373903  0.514172  0.406878  0.431403  0.295145  0.378820  0.663610  0.453635  0.280823  0.791728  0.349356  0.575280  0.223253  0.842562  0.763402  0.229915  0.321755  0.405988  0.545704  0.265675  0.343944  0.259296  0.817777  0.313584  0.830543  0.276874  0.691681  0.340209  0.364885  0.426993  0.237424  0.574212  0.736931  0.726996 
3  0.651302  0.551590  0.412926 0.0  0.696024  0.457658  0.592735  0.678685  0.643068  0.740098  0.666072  0.760260  0.715304  0.645534  0.666429  0.768827  0.699641  0.684753  0.548418  0.702553  0.208730  0.436888  0.651855  0.719940  0.591971  0.564374  0.436723  0.747945  0.560963  0.392224  0.312425  0.655288  0.730381  0.237537  0.649964  0.669848  0.752215  0.564152  0.606864  0.438679  0.610828  0.489234  0.715083  0.543205  0.833555  0.675301  0.711608  0.701246  0.500284  0.698807  0.632140  0.722210  0.679464  0.477222  0.527162  0.616207  0.553085  0.728613  0.410864  0.758469  0.566420 
4  0.551842  0.405736  0.362440  0.696024 0.0  0.293813  0.603396  0.186288  0.662414  0.538401  0.462644  0.071203  0.160101  0.556414  0.615137  0.204068  0.144611  0.078753  0.578039  0.544527  0.478522  0.209406  0.774328  0.122953  0.389818  0.487893  0.443496  0.108459  0.474854  0.337606  0.439780  0.163878  0.000000  0.538099  0.127472  0.300327  0.538774  0.433313  0.873172  0.358692  0.409399  0.877707  0.126252  0.333313  0.202507  0.341671  0.079538  0.160379  0.240358  0.492055  0.444886  0.528730  0.167711  0.883025  0.223135  0.174137  0.056856  0.166527  0.639622  0.555178  0.866712 
5  0.673884  0.248549  0.296103  0.457658  0.293813 0.0  0.807841  0.265478  0.645597  0.764679  0.162451  0.297717  0.329770  0.708642  0.761161  0.251143  0.349547  0.326090  0.746779  0.686744  0.206294  0.312495  0.667768  0.376928  0.265666  0.202572  0.297808  0.279561  0.448170  0.230506  0.214949  0.286726  0.189941  0.519739  0.361222  0.193766  0.660372  0.297942  0.652405  0.221915  0.824807  0.729515  0.194538  0.312682  0.151068  0.522037  0.368766  0.320829  0.296318  0.682176  0.281248  0.794563  0.244069  0.729155  0.281566  0.399583  0.270604  0.222884  0.403463  0.812397  0.682390 
6  0.138150  0.741745  0.769066  0.592735  0.603396  0.807841 0.0  0.493361  0.138036  0.075584  0.835433  0.518678  0.451745  0.122349  0.000000  0.575694  0.438595  0.436207  0.217029  0.000000  0.831232  0.782068  0.453845  0.543441  0.834300  0.823946  0.719445  0.488693  0.569675  0.873439  0.772046  0.436042  0.531554  0.530360  0.475448  0.536097  0.154345  0.774275  0.230606  0.794157  0.070187  0.344240  0.512933  0.795675  0.600493  0.203390  0.516174  0.475057  0.663412  0.197158  0.738408  0.077549  0.532152  0.245514  0.645754  0.574023  0.676269  0.432578  0.529000  0.162032  0.326951 
7  0.667599  0.481694  0.374390  0.678685  0.186288  0.265478  0.493361 0.0  0.581494  0.736497  0.394293  0.209385  0.237373  0.656625  0.549689  0.248813  0.201418  0.164070  0.674520  0.678135  0.210750  0.351330  0.802759  0.173973  0.268288  0.345467  0.468082  0.281828  0.487434  0.516261  0.474456  0.245012  0.198854  0.526163  0.276024  0.208910  0.610148  0.420503  0.746690  0.334960  0.654252  0.869848  0.278096  0.268733  0.262621  0.404958  0.109543  0.170458  0.255253  0.694839  0.248589  0.740016  0.254461  0.860328  0.270101  0.250960  0.076886  0.244943  0.682120  0.685172  0.685127 
8  0.164750  0.790189  0.897194  0.643068  0.662414  0.645597  0.138036  0.581494 0.0  0.195983  0.910038  0.592143  0.634758  0.223781  0.266021  0.582664  0.686789  0.622694  0.322349  0.213840  0.717945  0.621439  0.343238  0.697716  0.735249  0.791526  0.882203  0.659602  0.461046  0.832279  0.820573  0.732287  0.614769  0.588696  0.686070  0.591393  0.168250  0.662323  0.498825  0.828022  0.205078  0.368979  0.667875  0.716855  0.548060  0.422522  0.567600  0.675126  0.776075  0.212774  0.815315  0.196473  0.646024  0.298162  0.684820  0.619361  0.552685  0.645341  0.733958  0.136881  0.413139 
9  0.193049  0.792859  0.774740  0.740098  0.538401  0.764679  0.075584  0.736497  0.195983 0.0  0.823578  0.581529  0.610134  0.258090  0.092479  0.619031  0.643678  0.618817  0.172137  0.196822  0.753255  0.687527  0.348184  0.630338  0.694280  0.879987  0.947078  0.698641  0.478386  0.820367  0.678999  0.545966  0.644359  0.651517  0.639606  0.638633  0.175054  0.883558  0.383978  0.789784  0.263588  0.581367  0.582409  0.620404  0.645080  0.406227  0.738728  0.679935  0.655945  0.212555  0.676366  0.127015  0.657528  0.286284  0.764534  0.500841  0.672204  0.599710  0.774431  0.125376  0.413884 
10  0.712402  0.276276  0.314995  0.666072  0.462644  0.162451  0.835433  0.394293  0.910038  0.823578 0.0  0.317174  0.360153  0.675995  0.713310  0.403773  0.180060  0.248340  0.736876  0.842024  0.501152  0.334836  0.608542  0.425752  0.231229  0.219365  0.402829  0.494152  0.439486  0.506633  0.527883  0.439399  0.354114  0.725575  0.339758  0.371036  0.752940  0.326477  0.724229  0.227508  0.861693  0.678452  0.265693  0.323021  0.353379  0.617283  0.230444  0.304801  0.229143  0.752784  0.228288  0.801435  0.336830  0.480672  0.282912  0.381536  0.494567  0.335143  0.574846  0.755288  0.637570 
11  0.646883  0.414326  0.380077  0.760260  0.071203  0.297717  0.518678  0.209385  0.592143  0.581529  0.317174 0.0  0.231423  0.655207  0.556693  0.147136  0.253278  0.177547  0.633238  0.578455  0.261029  0.277633  0.817871  0.254088  0.364586  0.283134  0.437073  0.265983  0.435391  0.292766  0.485181  0.240612  0.252661  0.520902  0.196802  0.230523  0.660340  0.280337  0.792961  0.345275  0.781894  0.981422  0.223473  0.263182  0.165317  0.478212  0.167552  0.133554  0.257374  0.665575  0.316126  0.628638  0.193721  0.709255  0.250349  0.265309  0.219765  0.177778  0.761705  0.638746  0.800004 
12  0.714336  0.349470  0.274252  0.715304  0.160101  0.329770  0.451745  0.237373  0.634758  0.610134  0.360153  0.231423 0.0  0.623783  0.663001  0.239550  0.028059  0.295515  0.592350  0.601778  0.222307  0.189901  0.762736  0.169921  0.349079  0.301771  0.543874  0.146996  0.501176  0.376199  0.262820  0.184357  0.229747  0.527608  0.210345  0.270252  0.638456  0.294908  0.814073  0.483523  0.609609  0.832191  0.257735  0.276702  0.176559  0.393193  0.146998  0.271765  0.231116  0.686340  0.338748  0.489733  0.170393  0.832224  0.305271  0.232872  0.249408  0.098780  0.635723  0.648958  0.826860 
13  0.237537  0.721026  0.753686  0.645534  0.556414  0.708642  0.122349  0.656625  0.223781  0.258090  0.675995  0.655207  0.623783 0.0  0.306446  0.611509  0.687125  0.654530  0.304687  0.231162  0.822281  0.744401  0.422225  0.627241  0.741080  0.806570  0.939404  0.704600  0.552728  0.754400  0.717107  0.655021  0.677950  0.649457  0.626051  0.608190  0.275528  0.709022  0.437874  0.706310  0.303515  0.463011  0.557396  0.730915  0.652317  0.394854  0.701057  0.611192  0.634224  0.138236  0.817736  0.181119  0.725853  0.321310  0.723273  0.626059  0.641375  0.632454  0.595388  0.135931  0.303071 
14  0.134726  0.863478  0.785498  0.666429  0.615137  0.761161  0.000000  0.549689  0.266021  0.092479  0.713310  0.556693  0.663001  0.306446 0.0  0.574962  0.702174  0.659781  0.297312  0.206968  0.707835  0.721665  0.221946  0.674166  0.709796  0.733409  0.985867  0.632903  0.460166  0.828389  0.739277  0.644858  0.596639  0.567318  0.467791  0.673852  0.202793  0.775356  0.343094  0.717955  0.299127  0.530155  0.592690  0.783063  0.624806  0.348403  0.684049  0.604835  0.770302  0.229417  0.758545  0.245822  0.629155  0.447420  0.745468  0.678062  0.487132  0.599046  0.682920  0.172906  0.213258 
15  0.631330  0.252685  0.376055  0.768827  0.204068  0.251143  0.575694  0.248813  0.582664  0.619031  0.403773  0.147136  0.239550  0.611509  0.574962 0.0  0.176039  0.230756  0.618794  0.596207  0.322696  0.320069  0.921377  0.219466  0.444375  0.390682  0.574368  0.170014  0.487290  0.389502  0.415788  0.117770  0.228101  0.563511  0.202605  0.166861  0.585481  0.328120  0.771608  0.352754  0.632153  0.917956  0.306147  0.361927  0.107185  0.446563  0.145348  0.164245  0.310158  0.609325  0.269450  0.665651  0.143020  0.796486  0.220888  0.159410  0.145381  0.156476  0.676391  0.548421  0.781461 
16  0.687498  0.292825  0.351096  0.699641  0.144611  0.349547  0.438595  0.201418  0.686789  0.643678  0.180060  0.253278  0.028059  0.687125  0.702174  0.176039 0.0  0.153687  0.622429  0.732773  0.365615  0.212065  0.773727  0.251334  0.285871  0.249467  0.564840  0.256384  0.499800  0.378172  0.316213  0.334920  0.230002  0.593431  0.149539  0.153660  0.744133  0.328804  0.740494  0.364872  0.641443  0.846775  0.212961  0.219005  0.240105  0.354170  0.366580  0.257719  0.325204  0.538609  0.358805  0.666739  0.130638  0.805023  0.326319  0.144113  0.128676  0.290474  0.764398  0.650710  0.690150 
17  0.722915  0.390070  0.275935  0.684753  0.078753  0.326090  0.436207  0.164070  0.622694  0.618817  0.248340  0.177547  0.295515  0.654530  0.659781  0.230756  0.153687 0.0  0.592290  0.717639  0.480310  0.289725  0.774715  0.111578  0.325231  0.323820  0.435801  0.188302  0.507120  0.499045  0.327164  0.241491  0.295275  0.526328  0.221549  0.220797  0.659154  0.339300  0.799194  0.261142  0.557994  0.965127  0.201986  0.435698  0.159239  0.315257  0.181582  0.195190  0.233152  0.594870  0.371294  0.459644  0.139669  0.750835  0.304531  0.141656  0.069516  0.272036  0.660300  0.639038  0.783134 
18  0.272011  0.833270  0.827605  0.548418  0.578039  0.746779  0.217029  0.674520  0.322349  0.172137  0.736876  0.633238  0.592350  0.304687  0.297312  0.618794  0.622429  0.592290 0.0  0.246137  0.831681  0.735814  0.228878  0.538075  0.653977  0.965014  0.913732  0.724578  0.541003  1.000000  0.806980  0.720308  0.587594  0.452268  0.630358  0.596595  0.342130  0.782704  0.329412  0.713703  0.121331  0.611092  0.644524  0.758686  0.654266  0.322271  0.554541  0.634492  0.763131  0.189456  0.618961  0.177297  0.632700  0.434655  0.725057  0.782729  0.570319  0.608349  0.781302  0.259782  0.313031 
19  0.230910  0.867067  0.734501  0.702553  0.544527  0.686744  0.000000  0.678135  0.213840  0.196822  0.842024  0.578455  0.601778  0.231162  0.206968  0.596207  0.732773  0.717639  0.246137 0.0  0.808150  0.738658  0.368079  0.610899  0.718917  0.787420  0.896193  0.686008  0.503019  0.914518  0.758332  0.675466  0.658588  0.549297  0.670054  0.500351  0.072713  0.863990  0.247040  0.792134  0.335480  0.484485  0.646275  0.626854  0.675506  0.301933  0.680902  0.570596  0.654169  0.114237  0.766682  0.190595  0.643112  0.370526  0.801501  0.666204  0.663256  0.595106  0.749178  0.203869  0.310294 
20  0.787488  0.336005  0.459770  0.208730  0.478522  0.206294  0.831232  0.210750  0.717945  0.753255  0.501152  0.261029  0.222307  0.822281  0.707835  0.322696  0.365615  0.480310  0.831681  0.808150 0.0  0.089768  0.949483  0.345629  0.472642  0.408118  0.047613  0.283642  0.558634  0.065233  0.347765  0.482470  0.254605  0.452502  0.286536  0.398497  0.768705  0.409688  0.952374  0.508598  0.729701  0.570225  0.471496  0.313672  0.418426  0.547736  0.278203  0.388153  0.229605  0.907333  0.506216  0.849227  0.470888  0.812869  0.250989  0.459764  0.414940  0.296936  0.355392  0.706525  0.926492 
21  0.586901  0.371546  0.308076  0.436888  0.209406  0.312495  0.782068  0.351330  0.621439  0.687527  0.334836  0.277633  0.189901  0.744401  0.721665  0.320069  0.212065  0.289725  0.735814  0.738658  0.089768 0.0  0.677301  0.315904  0.300420  0.342160  0.361587  0.236166  0.457059  0.246361  0.317842  0.345608  0.359922  0.427706  0.216095  0.354341  0.739633  0.215606  0.660563  0.366212  0.779077  0.708672  0.312271  0.270432  0.281634  0.600863  0.204522  0.296350  0.363545  0.782765  0.240385  0.638552  0.250374  0.835079  0.311573  0.194677  0.334621  0.208726  0.442937  0.722753  0.699453 
22  0.421411  0.739884  0.619199  0.651855  0.774328  0.667768  0.453845  0.802759  0.343238  0.348184  0.608542  0.817871  0.762736  0.422225  0.221946  0.921377  0.773727  0.774715  0.228878  0.368079  0.949483  0.677301 0.0  0.943936  0.628007  0.651984  0.653053  0.867020  0.608319  0.885879  0.887549  0.656048  0.826014  0.639080  0.686050  0.712043  0.351200  0.786136  0.193706  0.657592  0.315444  0.336361  0.889291  0.621732  0.787617  0.503179  0.776055  0.735185  0.712060  0.283825  0.616693  0.303110  0.841214  0.222039  0.681118  0.796830  0.877600  0.702759  0.509360  0.439902  0.165245 
23  0.664179  0.321006  0.308607  0.719940  0.122953  0.376928  0.543441  0.173973  0.697716  0.630338  0.425752  0.254088  0.169921  0.627241  0.674166  0.219466  0.251334  0.111578  0.538075  0.610899  0.345629  0.315904  0.943936 0.0  0.367941  0.311668  0.434618  0.306189  0.508327  0.357761  0.359862  0.275965  0.149088  0.538941  0.114380  0.189859  0.675313  0.317234  0.866617  0.274306  0.586577  0.834486  0.269185  0.243120  0.231211  0.441427  0.266563  0.185936  0.230482  0.581543  0.371080  0.626632  0.228603  0.712365  0.311659  0.240931  0.165060  0.225019  0.691989  0.644366  0.785129 
24  0.850380  0.478386  0.173583  0.591971  0.389818  0.265666  0.834300  0.268288  0.735249  0.694280  0.231229  0.364586  0.349079  0.741080  0.709796  0.444375  0.285871  0.325231  0.653977  0.718917  0.472642  0.300420  0.628007  0.367941 0.0  0.161600  0.353714  0.347554  0.491437  0.345045  0.471678  0.326180  0.464925  0.683163  0.446244  0.324191  0.818270  0.296832  0.639932  0.144894  0.747626  0.789475  0.410195  0.232835  0.444611  0.655007  0.329399  0.235555  0.338749  0.736132  0.025163  0.775169  0.423202  0.752634  0.322123  0.342620  0.506476  0.362668  0.513704  0.680298  0.461259 
25  0.638786  0.312686  0.186211  0.564374  0.487893  0.202572  0.823946  0.345467  0.791526  0.879987  0.219365  0.283134  0.301771  0.806570  0.733409  0.390682  0.249467  0.323820  0.965014  0.787420  0.408118  0.342160  0.651984  0.311668  0.161600 0.0  0.375916  0.303735  0.447798  0.423574  0.551328  0.326957  0.412006  0.617998  0.275027  0.394186  0.738749  0.303869  0.723625  0.184289  0.860306  0.730221  0.365555  0.345110  0.436476  0.633056  0.382453  0.362198  0.262436  0.892010  0.280368  0.745498  0.389480  0.648277  0.228401  0.305469  0.329270  0.311403  0.543405  0.780296  0.698362 
26  0.936844  0.367297  0.355704  0.436723  0.443496  0.297808  0.719445  0.468082  0.882203  0.947078  0.402829  0.437073  0.543874  0.939404  0.985867  0.574368  0.564840  0.435801  0.913732  0.896193  0.047613  0.361587  0.653053  0.434618  0.353714  0.375916 0.0  0.371871  0.509647  0.197355  0.017976  0.451502  0.488915  0.274000  0.507801  0.478226  0.873689  0.371381  0.802413  0.349001  0.834578  0.638243  0.463598  0.122272  0.512357  0.550294  0.453382  0.497215  0.345027  0.912244  0.363270  0.815296  0.502904  0.823449  0.246411  0.536997  0.430830  0.533212  0.423619  0.879903  0.771276 
27  0.743536  0.285933  0.373903  0.747945  0.108459  0.279561  0.488693  0.281828  0.659602  0.698641  0.494152  0.265983  0.146996  0.704600  0.632903  0.170014  0.256384  0.188302  0.724578  0.686008  0.283642  0.236166  0.867020  0.306189  0.347554  0.303735  0.371871 0.0  0.458591  0.341594  0.425162  0.274326  0.339302  0.605877  0.221901  0.214726  0.572158  0.298160  0.776719  0.320590  0.677206  0.936591  0.305530  0.346620  0.230396  0.496002  0.145310  0.189413  0.313226  0.665882  0.374343  0.661837  0.245528  0.714990  0.182351  0.121456  0.079912  0.220870  0.646628  0.554106  0.779413 
28  0.466489  0.449245  0.514172  0.560963  0.474854  0.448170  0.569675  0.487434  0.461046  0.478386  0.439486  0.435391  0.501176  0.552728  0.460166  0.487290  0.499800  0.507120  0.541003  0.503019  0.558634  0.457059  0.608319  0.508327  0.491437  0.447798  0.509647  0.458591 0.0  0.512241  0.432790  0.498393  0.494128  0.484262  0.523797  0.453266  0.514022  0.477593  0.569233  0.400233  0.584030  0.467935  0.428486  0.424002  0.475556  0.465715  0.471235  0.506914  0.586068  0.553979  0.495551  0.432270  0.454155  0.430938  0.529405  0.505307  0.474998  0.553687  0.393622  0.382802  0.530826 
29  0.894298  0.338993  0.406878  0.392224  0.337606  0.230506  0.873439  0.516261  0.832279  0.820367  0.506633  0.292766  0.376199  0.754400  0.828389  0.389502  0.378172  0.499045  1.000000  0.914518  0.065233  0.246361  0.885879  0.357761  0.345045  0.423574  0.197355  0.341594  0.512241 0.0  0.074363  0.439054  0.420886  0.406290  0.525172  0.422307  0.853030  0.340721  0.906853  0.478974  0.769568  0.558534  0.387892  0.273217  0.487687  0.619167  0.459743  0.414476  0.069303  0.891000  0.496951  0.798477  0.350351  0.884126  0.158625  0.403138  0.387228  0.408364  0.371613  0.863794  0.886093 
30  0.837973  0.335118  0.431403  0.312425  0.439780  0.214949  0.772046  0.474456  0.820573  0.678999  0.527883  0.485181  0.262820  0.717107  0.739277  0.415788  0.316213  0.327164  0.806980  0.758332  0.347765  0.317842  0.887549  0.359862  0.471678  0.551328  0.017976  0.425162  0.432790  0.074363 0.0  0.408818  0.405792  0.441086  0.314539  0.382281  0.750966  0.394219  0.911021  0.407504  0.868924  0.473570  0.431166  0.322602  0.349033  0.669469  0.299982  0.531450  0.298088  0.702054  0.535978  0.796466  0.292690  0.895579  0.283641  0.393379  0.436434  0.338926  0.259456  0.979745  0.924099 
31  0.627528  0.365882  0.295145  0.655288  0.163878  0.286726  0.436042  0.245012  0.732287  0.545966  0.439399  0.240612  0.184357  0.655021  0.644858  0.117770  0.334920  0.241491  0.720308  0.675466  0.482470  0.345608  0.656048  0.275965  0.326180  0.326957  0.451502  0.274326  0.498393  0.439054  0.408818 0.0  0.196010  0.617221  0.265138  0.077591  0.605825  0.272257  0.794435  0.414021  0.630401  0.859802  0.208837  0.241067  0.170775  0.444760  0.224047  0.225275  0.331100  0.622347  0.403076  0.626419  0.249609  0.822783  0.315739  0.244331  0.088712  0.263926  0.756097  0.675722  0.729553 
32  0.710079  0.306853  0.378820  0.730381  0.000000  0.189941  0.531554  0.198854  0.614769  0.644359  0.354114  0.252661  0.229747  0.677950  0.596639  0.228101  0.230002  0.295275  0.587594  0.658588  0.254605  0.359922  0.826014  0.149088  0.464925  0.412006  0.488915  0.339302  0.494128  0.420886  0.405792  0.196010 0.0  0.529089  0.112095  0.156616  0.548199  0.276966  0.736253  0.360752  0.562490  0.888868  0.017364  0.371996  0.187410  0.437294  0.076173  0.121373  0.377399  0.659191  0.223934  0.577296  0.320249  0.774240  0.204637  0.248273  0.025909  0.269903  0.770295  0.600628  0.733440 
33  0.568395  0.648792  0.663610  0.237537  0.538099  0.519739  0.530360  0.526163  0.588696  0.651517  0.725575  0.520902  0.527608  0.649457  0.567318  0.563511  0.593431  0.526328  0.452268  0.549297  0.452502  0.427706  0.639080  0.538941  0.683163  0.617998  0.274000  0.605877  0.484262  0.406290  0.441086  0.617221  0.529089 0.0  0.565964  0.562120  0.485489  0.619895  0.766123  0.636866  0.573095  0.252490  0.566630  0.485222  0.566993  0.613949  0.559552  0.578096  0.483832  0.639760  0.657739  0.526052  0.565169  0.649792  0.469943  0.540420  0.616320  0.556297  0.335455  0.621654  0.623626 
34  0.608879  0.357449  0.453635  0.649964  0.127472  0.361222  0.475448  0.276024  0.686070  0.639606  0.339758  0.196802  0.210345  0.626051  0.467791  0.202605  0.149539  0.221549  0.630358  0.670054  0.286536  0.216095  0.686050  0.114380  0.446244  0.275027  0.507801  0.221901  0.523797  0.525172  0.314539  0.265138  0.112095  0.565964 0.0  0.139087  0.632415  0.364802  0.648857  0.347680  0.624864  0.858611  0.104075  0.302291  0.187197  0.391359  0.199737  0.098095  0.293139  0.624569  0.382662  0.621838  0.237424  0.760213  0.331729  0.214478  0.255943  0.247558  0.756701  0.717427  0.747744 
35  0.759974  0.290314  0.280823  0.669848  0.300327  0.193766  0.536097  0.208910  0.591393  0.638633  0.371036  0.230523  0.270252  0.608190  0.673852  0.166861  0.153660  0.220797  0.596595  0.500351  0.398497  0.354341  0.712043  0.189859  0.324191  0.394186  0.478226  0.214726  0.453266  0.422307  0.382281  0.077591  0.156616  0.562120  0.139087 0.0  0.717312  0.264149  0.769899  0.376660  0.566901  0.872002  0.206851  0.349794  0.198713  0.518236  0.239255  0.243269  0.323784  0.592932  0.338195  0.612115  0.172707  0.928267  0.431578  0.189100  0.099985  0.200972  0.706439  0.572025  0.807044 
36  0.193819  0.810477  0.791728  0.752215  0.538774  0.660372  0.154345  0.610148  0.168250  0.175054  0.752940  0.660340  0.638456  0.275528  0.202793  0.585481  0.744133  0.659154  0.342130  0.072713  0.768705  0.739633  0.351200  0.675313  0.818270  0.738749  0.873689  0.572158  0.514022  0.853030  0.750966  0.605825  0.548199  0.485489  0.632415  0.717312 0.0  0.751593  0.370319  0.723903  0.295317  0.540543  0.590884  0.721423  0.677224  0.375319  0.591370  0.613831  0.753431  0.107193  0.766576  0.193648  0.642766  0.291549  0.664501  0.660402  0.534853  0.590677  0.676631  0.118852  0.259372 
37  0.810608  0.079256  0.349356  0.564152  0.433313  0.297942  0.774275  0.420503  0.662323  0.883558  0.326477  0.280337  0.294908  0.709022  0.775356  0.328120  0.328804  0.339300  0.782704  0.863990  0.409688  0.215606  0.786136  0.317234  0.296832  0.303869  0.371381  0.298160  0.477593  0.340721  0.394219  0.272257  0.276966  0.619895  0.364802  0.264149  0.751593 0.0  0.679730  0.360631  0.865918  0.817989  0.258869  0.298778  0.412105  0.451807  0.304216  0.306595  0.280158  0.668398  0.385885  0.823767  0.429155  0.751789  0.304143  0.328893  0.438309  0.282336  0.500254  0.813371  0.886285 
38  0.362638  0.793374  0.575280  0.606864  0.873172  0.652405  0.230606  0.746690  0.498825  0.383978  0.724229  0.792961  0.814073  0.437874  0.343094  0.771608  0.740494  0.799194  0.329412  0.247040  0.952374  0.660563  0.193706  0.866617  0.639932  0.723625  0.802413  0.776719  0.569233  0.906853  0.911021  0.794435  0.736253  0.766123  0.648857  0.769899  0.370319  0.679730 0.0  0.536934  0.307119  0.311799  0.813332  0.765654  0.745279  0.497944  0.849824  0.783168  0.681994  0.340300  0.667189  0.292141  0.782440  0.212631  0.674720  0.768756  0.913817  0.601240  0.693048  0.369528  0.076487 
39  0.864321  0.373790  0.223253  0.438679  0.358692  0.221915  0.794157  0.334960  0.828022  0.789784  0.227508  0.345275  0.483523  0.706310  0.717955  0.352754  0.364872  0.261142  0.713703  0.792134  0.508598  0.366212  0.657592  0.274306  0.144894  0.184289  0.349001  0.320590  0.400233  0.478974  0.407504  0.414021  0.360752  0.636866  0.347680  0.376660  0.723903  0.360631  0.536934 0.0  0.740186  0.761204  0.292353  0.320453  0.337457  0.551348  0.327751  0.412024  0.269397  0.764972  0.328976  0.756044  0.302951  0.659006  0.258866  0.368341  0.347528  0.310955  0.517244  0.868169  0.722581 
40  0.196235  0.746052  0.842562  0.610828  0.409399  0.824807  0.070187  0.654252  0.205078  0.263588  0.861693  0.781894  0.609609  0.303515  0.299127  0.632153  0.641443  0.557994  0.121331  0.335480  0.729701  0.779077  0.315444  0.586577  0.747626  0.860306  0.834578  0.677206  0.584030  0.769568  0.868924  0.630401  0.562490  0.573095  0.624864  0.566901  0.295317  0.865918  0.307119  0.740186 0.0  0.434366  0.589743  0.775748  0.555793  0.433274  0.673580  0.552069  0.713224  0.114570  0.732157  0.241005  0.556565  0.377013  0.608178  0.586039  0.591576  0.705760  0.718210  0.117463  0.281381 
41  0.411695  0.797225  0.763402  0.489234  0.877707  0.729515  0.344240  0.869848  0.368979  0.581367  0.678452  0.981422  0.832191  0.463011  0.530155  0.917956  0.846775  0.965127  0.611092  0.484485  0.570225  0.708672  0.336361  0.834486  0.789475  0.730221  0.638243  0.936591  0.467935  0.558534  0.473570  0.859802  0.888868  0.252490  0.858611  0.872002  0.540543  0.817989  0.311799  0.761204  0.434366 0.0  0.907633  0.733100  0.943920  0.848730  0.940106  0.802632  0.707314  0.470039  0.813218  0.498640  0.936958  0.480515  0.769624  0.930721  0.803218  0.979287  0.499579  0.426004  0.383111 
42  0.697548  0.400376  0.229915  0.715083  0.126252  0.194538  0.512933  0.278096  0.667875  0.582409  0.265693  0.223473  0.257735  0.557396  0.592690  0.306147  0.212961  0.201986  0.644524  0.646275  0.471496  0.312271  0.889291  0.269185  0.410195  0.365555  0.463598  0.305530  0.428486  0.387892  0.431166  0.208837  0.017364  0.566630  0.104075  0.206851  0.590884  0.258869  0.813332  0.292353  0.589743  0.907633 0.0  0.361953  0.276662  0.485548  0.347992  0.196559  0.148452  0.677689  0.396263  0.598514  0.153129  0.741921  0.322494  0.086462  0.097168  0.170722  0.687994  0.684420  0.726348 
43  0.712258  0.318351  0.321755  0.543205  0.333313  0.312682  0.795675  0.268733  0.716855  0.620404  0.323021  0.263182  0.276702  0.730915  0.783063  0.361927  0.219005  0.435698  0.758686  0.626854  0.313672  0.270432  0.621732  0.243120  0.232835  0.345110  0.122272  0.346620  0.424002  0.273217  0.322602  0.241067  0.371996  0.485222  0.302291  0.349794  0.721423  0.298778  0.765654  0.320453  0.775748  0.733100  0.361953 0.0  0.338211  0.521960  0.181413  0.305142  0.128622  0.825572  0.221677  0.724201  0.313692  0.600570  0.292017  0.197314  0.267748  0.290941  0.468470  0.734952  0.674424 
44  0.603762  0.258518  0.405988  0.833555  0.202507  0.151068  0.600493  0.262621  0.548060  0.645080  0.353379  0.165317  0.176559  0.652317  0.624806  0.107185  0.240105  0.159239  0.654266  0.675506  0.418426  0.281634  0.787617  0.231211  0.444611  0.436476  0.512357  0.230396  0.475556  0.487687  0.349033  0.170775  0.187410  0.566993  0.187197  0.198713  0.677224  0.412105  0.745279  0.337457  0.555793  0.943920  0.276662  0.338211 0.0  0.441797  0.207201  0.205634  0.198600  0.684695  0.414212  0.673193  0.222869  0.818378  0.244854  0.142948  0.146663  0.237609  0.567578  0.674259  0.767297 
45  0.342495  0.633849  0.545704  0.675301  0.341671  0.522037  0.203390  0.404958  0.422522  0.406227  0.617283  0.478212  0.393193  0.394854  0.348403  0.446563  0.354170  0.315257  0.322271  0.301933  0.547736  0.600863  0.503179  0.441427  0.655007  0.633056  0.550294  0.496002  0.465715  0.619167  0.669469  0.444760  0.437294  0.613949  0.391359  0.518236  0.375319  0.451807  0.497944  0.551348  0.433274  0.848730  0.485548  0.521960  0.441797 0.0  0.415419  0.376053  0.383124  0.413450  0.542136  0.405374  0.265247  0.570798  0.478034  0.320738  0.451620  0.471889  0.724035  0.345204  0.621175 
46  0.620466  0.350411  0.265675  0.711608  0.079538  0.368766  0.516174  0.109543  0.567600  0.738728  0.230444  0.167552  0.146998  0.701057  0.684049  0.145348  0.366580  0.181582  0.554541  0.680902  0.278203  0.204522  0.776055  0.266563  0.329399  0.382453  0.453382  0.145310  0.471235  0.459743  0.299982  0.224047  0.076173  0.559552  0.199737  0.239255  0.591370  0.304216  0.849824  0.327751  0.673580  0.940106  0.347992  0.181413  0.207201  0.415419 0.0  0.314317  0.429495  0.637701  0.309988  0.644883  0.178190  0.737707  0.258062  0.176188  0.115418  0.131090  0.605286  0.650612  0.856315 
47  0.532612  0.326681  0.343944  0.701246  0.160379  0.320829  0.475057  0.170458  0.675126  0.679935  0.304801  0.133554  0.271765  0.611192  0.604835  0.164245  0.257719  0.195190  0.634492  0.570596  0.388153  0.296350  0.735185  0.185936  0.235555  0.362198  0.497215  0.189413  0.506914  0.414476  0.531450  0.225275  0.121373  0.578096  0.098095  0.243269  0.613831  0.306595  0.783168  0.412024  0.552069  0.802632  0.196559  0.305142  0.205634  0.376053  0.314317 0.0  0.240256  0.593788  0.407892  0.563470  0.323195  0.798617  0.290078  0.045862  0.153044  0.238467  0.639008  0.644474  0.802057 
48  0.750564  0.224122  0.259296  0.500284  0.240358  0.296318  0.663412  0.255253  0.776075  0.655945  0.229143  0.257374  0.231116  0.634224  0.770302  0.310158  0.325204  0.233152  0.763131  0.654169  0.229605  0.363545  0.712060  0.230482  0.338749  0.262436  0.345027  0.313226  0.586068  0.069303  0.298088  0.331100  0.377399  0.483832  0.293139  0.323784  0.753431  0.280158  0.681994  0.269397  0.713224  0.707314  0.148452  0.128622  0.198600  0.383124  0.429495  0.240256 0.0  0.636437  0.293211  0.734717  0.326259  0.755396  0.294504  0.305915  0.237847  0.349132  0.564158  0.718234  0.757282 
49  0.137164  0.720794  0.817777  0.698807  0.492055  0.682176  0.197158  0.694839  0.212774  0.212555  0.752784  0.665575  0.686340  0.138236  0.229417  0.609325  0.538609  0.594870  0.189456  0.114237  0.907333  0.782765  0.283825  0.581543  0.736132  0.892010  0.912244  0.665882  0.553979  0.891000  0.702054  0.622347  0.659191  0.639760  0.624569  0.592932  0.107193  0.668398  0.340300  0.764972  0.114570  0.470039  0.677689  0.825572  0.684695  0.413450  0.637701  0.593788  0.636437 0.0  0.671904  0.155658  0.577714  0.400918  0.744893  0.570233  0.549138  0.595902  0.615284  0.090646  0.363202 
50  0.845464  0.366403  0.313584  0.632140  0.444886  0.281248  0.738408  0.248589  0.815315  0.676366  0.228288  0.316126  0.338748  0.817736  0.758545  0.269450  0.358805  0.371294  0.618961  0.766682  0.506216  0.240385  0.616693  0.371080  0.025163  0.280368  0.363270  0.374343  0.495551  0.496951  0.535978  0.403076  0.223934  0.657739  0.382662  0.338195  0.766576  0.385885  0.667189  0.328976  0.732157  0.813218  0.396263  0.221677  0.414212  0.542136  0.309988  0.407892  0.293211  0.671904 0.0  0.804760  0.315213  0.657411  0.227966  0.421482  0.430247  0.307054  0.482777  0.821102  0.560245 
51  0.204378  0.832482  0.830543  0.722210  0.528730  0.794563  0.077549  0.740016  0.196473  0.127015  0.801435  0.628638  0.489733  0.181119  0.245822  0.665651  0.666739  0.459644  0.177297  0.190595  0.849227  0.638552  0.303110  0.626632  0.775169  0.745498  0.815296  0.661837  0.432270  0.798477  0.796466  0.626419  0.577296  0.526052  0.621838  0.612115  0.193648  0.823767  0.292141  0.756044  0.241005  0.498640  0.598514  0.724201  0.673193  0.405374  0.644883  0.563470  0.734717  0.155658  0.804760 0.0  0.569622  0.490524  0.703095  0.629695  0.651322  0.611747  0.654689  0.109358  0.263351 
52  0.679711  0.461459  0.276874  0.679464  0.167711  0.244069  0.532152  0.254461  0.646024  0.657528  0.336830  0.193721  0.170393  0.725853  0.629155  0.143020  0.130638  0.139669  0.632700  0.643112  0.470888  0.250374  0.841214  0.228603  0.423202  0.389480  0.502904  0.245528  0.454155  0.350351  0.292690  0.249609  0.320249  0.565169  0.237424  0.172707  0.642766  0.429155  0.782440  0.302951  0.556565  0.936958  0.153129  0.313692  0.222869  0.265247  0.178190  0.323195  0.326259  0.577714  0.315213  0.569622 0.0  0.763331  0.212883  0.178970  0.059558  0.320143  0.772734  0.637006  0.788481 
53  0.376269  0.836300  0.691681  0.477222  0.883025  0.729155  0.245514  0.860328  0.298162  0.286284  0.480672  0.709255  0.832224  0.321310  0.447420  0.796486  0.805023  0.750835  0.434655  0.370526  0.812869  0.835079  0.222039  0.712365  0.752634  0.648277  0.823449  0.714990  0.430938  0.884126  0.895579  0.822783  0.774240  0.649792  0.760213  0.928267  0.291549  0.751789  0.212631  0.659006  0.377013  0.480515  0.741921  0.600570  0.818378  0.570798  0.737707  0.798617  0.755396  0.400918  0.657411  0.490524  0.763331 0.0  0.713047  0.722504  0.795623  0.753009  0.743336  0.477623  0.256134 
54  0.631157  0.369720  0.340209  0.527162  0.223135  0.281566  0.645754  0.270101  0.684820  0.764534  0.282912  0.250349  0.305271  0.723273  0.745468  0.220888  0.326319  0.304531  0.725057  0.801501  0.250989  0.311573  0.681118  0.311659  0.322123  0.228401  0.246411  0.182351  0.529405  0.158625  0.283641  0.315739  0.204637  0.469943  0.331729  0.431578  0.664501  0.304143  0.674720  0.258866  0.608178  0.769624  0.322494  0.292017  0.244854  0.478034  0.258062  0.290078  0.294504  0.744893  0.227966  0.703095  0.212883  0.713047 0.0  0.295522  0.267943  0.291015  0.506207  0.736538  0.721699 
55  0.659123  0.353256  0.364885  0.616207  0.174137  0.399583  0.574023  0.250960  0.619361  0.500841  0.381536  0.265309  0.232872  0.626059  0.678062  0.159410  0.144113  0.141656  0.782729  0.666204  0.459764  0.194677  0.796830  0.240931  0.342620  0.305469  0.536997  0.121456  0.505307  0.403138  0.393379  0.244331  0.248273  0.540420  0.214478  0.189100  0.660402  0.328893  0.768756  0.368341  0.586039  0.930721  0.086462  0.197314  0.142948  0.320738  0.176188  0.045862  0.305915  0.570233  0.421482  0.629695  0.178970  0.722504  0.295522 0.0  0.078303  0.107006  0.696727  0.578910  0.792834 
56  0.522045  0.471433  0.426993  0.553085  0.056856  0.270604  0.676269  0.076886  0.552685  0.672204  0.494567  0.219765  0.249408  0.641375  0.487132  0.145381  0.128676  0.069516  0.570319  0.663256  0.414940  0.334621  0.877600  0.165060  0.506476  0.329270  0.430830  0.079912  0.474998  0.387228  0.436434  0.088712  0.025909  0.616320  0.255943  0.099985  0.534853  0.438309  0.913817  0.347528  0.591576  0.803218  0.097168  0.267748  0.146663  0.451620  0.115418  0.153044  0.237847  0.549138  0.430247  0.651322  0.059558  0.795623  0.267943  0.078303 0.0  0.145063  0.564423  0.534394  0.869311 
57  0.511921  0.346338  0.237424  0.728613  0.166527  0.222884  0.432578  0.244943  0.645341  0.599710  0.335143  0.177778  0.098780  0.632454  0.599046  0.156476  0.290474  0.272036  0.608349  0.595106  0.296936  0.208726  0.702759  0.225019  0.362668  0.311403  0.533212  0.220870  0.553687  0.408364  0.338926  0.263926  0.269903  0.556297  0.247558  0.200972  0.590677  0.282336  0.601240  0.310955  0.705760  0.979287  0.170722  0.290941  0.237609  0.471889  0.131090  0.238467  0.349132  0.595902  0.307054  0.611747  0.320143  0.753009  0.291015  0.107006  0.145063 0.0  0.687144  0.622001  0.763422 
58  0.657427  0.526193  0.574212  0.410864  0.639622  0.403463  0.529000  0.682120  0.733958  0.774431  0.574846  0.761705  0.635723  0.595388  0.682920  0.676391  0.764398  0.660300  0.781302  0.749178  0.355392  0.442937  0.509360  0.691989  0.513704  0.543405  0.423619  0.646628  0.393622  0.371613  0.259456  0.756097  0.770295  0.335455  0.756701  0.706439  0.676631  0.500254  0.693048  0.517244  0.718210  0.499579  0.687994  0.468470  0.567578  0.724035  0.605286  0.639008  0.564158  0.615284  0.482777  0.654689  0.772734  0.743336  0.506207  0.696727  0.564423  0.687144 0.0  0.692110  0.588238 
59  0.297619  0.810903  0.736931  0.758469  0.555178  0.812397  0.162032  0.685172  0.136881  0.125376  0.755288  0.638746  0.648958  0.135931  0.172906  0.548421  0.650710  0.639038  0.259782  0.203869  0.706525  0.722753  0.439902  0.644366  0.680298  0.780296  0.879903  0.554106  0.382802  0.863794  0.979745  0.675722  0.600628  0.621654  0.717427  0.572025  0.118852  0.813371  0.369528  0.868169  0.117463  0.426004  0.684420  0.734952  0.674259  0.345204  0.650612  0.644474  0.718234  0.090646  0.821102  0.109358  0.637006  0.477623  0.736538  0.578910  0.534394  0.622001  0.692110 0.0  0.315495 
60  0.276009  0.711689  0.726996  0.566420  0.866712  0.682390  0.326951  0.685127  0.413139  0.413884  0.637570  0.800004  0.826860  0.303071  0.213258  0.781461  0.690150  0.783134  0.313031  0.310294  0.926492  0.699453  0.165245  0.785129  0.461259  0.698362  0.771276  0.779413  0.530826  0.886093  0.924099  0.729553  0.733440  0.623626  0.747744  0.807044  0.259372  0.886285  0.076487  0.722581  0.281381  0.383111  0.726348  0.674424  0.767297  0.621175  0.856315  0.802057  0.757282  0.363202  0.560245  0.263351  0.788481  0.256134  0.721699  0.792834  0.869311  0.763422  0.588238  0.315495 0.0 
