61
0 0.0  0.810087  0.780165  0.693623  0.541557  0.597127  0.115142  0.669975  0.218506  0.291566  0.790427  0.595785  0.648258  0.218346  0.224684  0.668183  0.748816  0.665121  0.166491  0.240077  0.809872  0.692432  0.214155  0.678941  0.818369  0.717464  0.896821  0.617547  0.444193  0.892599  0.782740  0.577166  0.750949  0.581017  0.740504  0.686216  0.209723  0.728600  0.356555  0.709365  0.286928  0.585112  0.549715  0.707420  0.576904  0.439563  0.590976  0.688511  0.596792  0.170558  0.752868  0.265932  0.599943  0.258231  0.667372  0.610782  0.546716  0.532269  0.662316  0.227006  0.280026 
1  0.810087 0.0  0.464256  0.524391  0.392426  0.261434  0.756557  0.364656  0.868118  0.802230  0.299750  0.339290  0.398073  0.823978  0.762905  0.344538  0.434975  0.383999  0.845170  0.805241  0.420861  0.223545  0.805786  0.287873  0.329141  0.416412  0.362488  0.369786  0.453659  0.424050  0.303062  0.320386  0.352141  0.446919  0.298366  0.357405  0.613438  0.130563  0.812014  0.227523  0.768611  0.714095  0.382788  0.256262  0.214936  0.655258  0.360571  0.246123  0.428267  0.830231  0.382360  0.796993  0.334514  0.825118  0.235364  0.388708  0.427803  0.276983  0.491408  0.810247  0.770301 
2  0.780165  0.464256 0.0  0.631974  0.317153  0.273631  0.784989  0.371941  0.790718  0.831393  0.180281  0.306107  0.263140  0.794303  0.706240  0.417774  0.354315  0.316366  0.757762  0.801848  0.469189  0.235569  0.676387  0.238735  0.148456  0.185818  0.345541  0.368821  0.484841  0.456934  0.569933  0.235379  0.324223  0.645950  0.329799  0.402424  0.787778  0.279516  0.682774  0.320040  0.826897  0.801830  0.317305  0.362215  0.365460  0.555056  0.346046  0.412278  0.366839  0.819373  0.213193  0.815990  0.407801  0.675601  0.147594  0.383138  0.374495  0.402216  0.546199  0.726142  0.708268 
3  0.693623  0.524391  0.631974 0.0  0.659449  0.546383  0.472218  0.576452  0.728123  0.615643  0.543396  0.636738  0.718207  0.649021  0.668258  0.739506  0.689781  0.708300  0.666755  0.724032  0.188968  0.493600  0.649575  0.777086  0.575598  0.661367  0.438126  0.714681  0.441112  0.404857  0.149785  0.793865  0.658823  0.282306  0.713455  0.730968  0.692677  0.565164  0.538570  0.647502  0.633755  0.481576  0.772124  0.594456  0.680255  0.690436  0.656413  0.703948  0.488087  0.662924  0.656574  0.665811  0.700108  0.539784  0.501220  0.624147  0.607210  0.701712  0.420942  0.720981  0.528791 
4  0.541557  0.392426  0.317153  0.659449 0.0  0.299294  0.559678  0.104863  0.587707  0.526243  0.387039  0.175912  0.107811  0.588822  0.512151  0.120715  0.081337  0.200122  0.671113  0.513986  0.474382  0.187780  0.937226  0.191048  0.481964  0.369977  0.428381  0.151468  0.404527  0.316218  0.483765  0.050650  0.215317  0.490641  0.166897  0.246237  0.556765  0.399378  0.796678  0.319929  0.417697  0.902064  0.164821  0.270622  0.221567  0.302047  0.157995  0.202187  0.324821  0.531098  0.394330  0.607468  0.068069  0.920641  0.283040  0.162816  0.140034  0.150077  0.581772  0.541564  0.894962 
5  0.597127  0.261434  0.273631  0.546383  0.299294 0.0  0.693797  0.344461  0.763133  0.670359  0.375807  0.329043  0.278091  0.725496  0.759824  0.289414  0.237849  0.391254  0.676627  0.685368  0.303441  0.271518  0.554309  0.356590  0.269823  0.267083  0.156794  0.196495  0.422409  0.340913  0.330804  0.279775  0.281272  0.482833  0.316605  0.320972  0.691321  0.363733  0.718162  0.339277  0.589672  0.697038  0.381342  0.362420  0.266671  0.512082  0.332312  0.252301  0.314699  0.754617  0.339134  0.624805  0.276978  0.699917  0.308870  0.326391  0.184631  0.249531  0.584679  0.774432  0.634035 
6  0.115142  0.756557  0.784989  0.472218  0.559678  0.693797 0.0  0.437134  0.198665  0.055360  0.733856  0.450632  0.362584  0.006918  0.024993  0.498757  0.409399  0.561095  0.050502  0.101857  0.776415  0.686445  0.334961  0.380008  0.691423  0.696724  0.857702  0.537319  0.551704  0.790402  0.789739  0.528137  0.531900  0.533026  0.511992  0.534263  0.081609  0.824326  0.298611  0.812959  0.049905  0.461269  0.491423  0.764728  0.668131  0.260032  0.589385  0.528948  0.686732  0.021788  0.831380  0.000000  0.524552  0.230832  0.678079  0.570601  0.516375  0.592874  0.573103  0.058498  0.366505 
7  0.669975  0.364656  0.371941  0.576452  0.104863  0.344461  0.437134 0.0  0.641318  0.646623  0.400524  0.225691  0.219502  0.649483  0.559002  0.243016  0.229424  0.191702  0.642491  0.682835  0.316534  0.425594  0.743216  0.139454  0.419308  0.419612  0.421673  0.167980  0.526185  0.432792  0.271787  0.189577  0.149211  0.657142  0.230821  0.199908  0.563932  0.339120  0.796960  0.297760  0.632267  0.937481  0.118278  0.204459  0.072499  0.422465  0.256456  0.154010  0.192478  0.623899  0.383594  0.668504  0.233988  0.806562  0.330679  0.239345  0.102923  0.191017  0.746104  0.658936  0.777568 
8  0.218506  0.868118  0.790718  0.728123  0.587707  0.763133  0.198665  0.641318 0.0  0.275744  0.742944  0.649554  0.691511  0.171453  0.250128  0.779948  0.608887  0.602404  0.203240  0.174404  0.742279  0.682791  0.409935  0.537850  0.772513  0.832506  0.946925  0.587987  0.509827  0.768609  0.737884  0.639047  0.650364  0.629580  0.636465  0.679589  0.227325  0.816383  0.386335  0.749242  0.208547  0.545618  0.562563  0.558022  0.632511  0.482477  0.752214  0.689344  0.845607  0.341796  0.789150  0.254514  0.655602  0.360280  0.831589  0.692431  0.565661  0.568497  0.706952  0.196292  0.232443 
9  0.291566  0.802230  0.831393  0.615643  0.526243  0.670359  0.055360  0.646623  0.275744 0.0  0.763997  0.604859  0.622180  0.280403  0.259714  0.635169  0.650703  0.595962  0.182882  0.199165  0.670730  0.761814  0.443552  0.597215  0.841686  0.775111  0.948546  0.590862  0.650488  0.777931  0.821651  0.608564  0.746107  0.597271  0.690185  0.686031  0.254756  0.690863  0.318210  0.712962  0.200147  0.485169  0.572492  0.710246  0.588299  0.389069  0.709911  0.556550  0.597758  0.259772  0.766874  0.174538  0.620548  0.325935  0.772922  0.665525  0.512027  0.731015  0.668201  0.259060  0.249616 
10  0.790427  0.299750  0.180281  0.543396  0.387039  0.375807  0.733856  0.400524  0.742944  0.763997 0.0  0.436271  0.378336  0.677090  0.830789  0.325363  0.436842  0.466342  0.729297  0.821336  0.415469  0.316601  0.667024  0.315428  0.209863  0.117223  0.354672  0.355830  0.449546  0.377372  0.504978  0.357186  0.354355  0.699589  0.294755  0.418727  0.725912  0.344765  0.651820  0.138239  0.777907  0.813103  0.381089  0.185976  0.357454  0.662412  0.411533  0.295718  0.290291  0.759443  0.231072  0.747393  0.343470  0.582193  0.218625  0.307418  0.441984  0.394325  0.631130  0.789865  0.659187 
11  0.595785  0.339290  0.306107  0.636738  0.175912  0.329043  0.450632  0.225691  0.649554  0.604859  0.436271 0.0  0.209101  0.590613  0.641595  0.211675  0.173398  0.155517  0.719650  0.693603  0.262940  0.418539  0.700098  0.301595  0.316107  0.390485  0.358686  0.219698  0.405966  0.482046  0.431181  0.240386  0.152207  0.648016  0.284131  0.228231  0.704918  0.366855  0.684529  0.301036  0.636059  0.926039  0.171889  0.317602  0.206632  0.369325  0.163091  0.192436  0.317390  0.594312  0.243967  0.546279  0.232838  0.792693  0.279885  0.148031  0.185977  0.261561  0.684134  0.578116  0.777948 
12  0.648258  0.398073  0.263140  0.718207  0.107811  0.278091  0.362584  0.219502  0.691511  0.622180  0.378336  0.209101 0.0  0.631293  0.652640  0.260605  0.221602  0.225204  0.650211  0.608187  0.471505  0.322513  0.741097  0.263244  0.422540  0.443037  0.469646  0.136404  0.478188  0.394505  0.347657  0.145981  0.259601  0.599890  0.238050  0.256080  0.618430  0.265438  0.847183  0.320461  0.643806  0.937487  0.229310  0.281736  0.183592  0.376785  0.173584  0.266782  0.322221  0.625800  0.270428  0.637475  0.193363  0.776022  0.248416  0.227010  0.130954  0.261805  0.650427  0.713316  0.671893 
13  0.218346  0.823978  0.794303  0.649021  0.588822  0.725496  0.006918  0.649483  0.171453  0.280403  0.677090  0.590613  0.631293 0.0  0.118115  0.676679  0.668093  0.616344  0.269339  0.313167  0.725669  0.691529  0.344525  0.616918  0.833392  0.877795  0.895877  0.672437  0.479516  0.920168  0.781213  0.595864  0.660284  0.633799  0.743377  0.607474  0.308069  0.798679  0.399923  0.765020  0.265689  0.527772  0.715763  0.627485  0.612040  0.486129  0.605779  0.582397  0.713768  0.135456  0.777665  0.170604  0.749514  0.332487  0.681179  0.649419  0.573394  0.741023  0.603560  0.198869  0.297879 
14  0.224684  0.762905  0.706240  0.668258  0.512151  0.759824  0.024993  0.559002  0.250128  0.259714  0.830789  0.641595  0.652640  0.118115 0.0  0.658073  0.595559  0.701234  0.294045  0.267789  0.849681  0.700634  0.309061  0.656740  0.766771  0.819120  0.848072  0.511438  0.547147  0.818872  0.773089  0.564923  0.682747  0.608675  0.687109  0.548669  0.284877  0.834291  0.410610  0.725126  0.211921  0.528286  0.670441  0.762593  0.735724  0.414193  0.710346  0.600002  0.648480  0.084017  0.739048  0.196484  0.745745  0.398974  0.796918  0.599474  0.639211  0.593719  0.814948  0.226032  0.283304 
15  0.668183  0.344538  0.417774  0.739506  0.120715  0.289414  0.498757  0.243016  0.779948  0.635169  0.325363  0.211675  0.260605  0.676679  0.658073 0.0  0.181692  0.207809  0.719563  0.578873  0.304055  0.367063  0.818256  0.133527  0.330752  0.375041  0.553869  0.287268  0.361053  0.418718  0.330973  0.192627  0.071849  0.483028  0.249530  0.225688  0.622219  0.211717  0.826462  0.295454  0.610297  0.909527  0.195556  0.363535  0.132953  0.529362  0.175420  0.207211  0.304772  0.701681  0.386623  0.619883  0.167751  0.757042  0.302007  0.191681  0.058053  0.192302  0.675621  0.699970  0.788013 
16  0.748816  0.434975  0.354315  0.689781  0.081337  0.237849  0.409399  0.229424  0.608887  0.650703  0.436842  0.173398  0.221602  0.668093  0.595559  0.181692 0.0  0.169647  0.586067  0.705410  0.324161  0.149301  0.787695  0.126803  0.409409  0.184253  0.421218  0.217966  0.455205  0.472949  0.355687  0.245968  0.185479  0.596229  0.207749  0.273985  0.592342  0.422958  0.865418  0.348585  0.692871  0.930598  0.180223  0.134303  0.177584  0.383045  0.239160  0.236872  0.267228  0.597619  0.277795  0.666456  0.245185  0.735063  0.222878  0.256692  0.061394  0.082962  0.620010  0.691609  0.860677 
17  0.665121  0.383999  0.316366  0.708300  0.200122  0.391254  0.561095  0.191702  0.602404  0.595962  0.466342  0.155517  0.225204  0.616344  0.701234  0.207809  0.169647 0.0  0.635682  0.702676  0.338297  0.296726  0.806674  0.104091  0.353781  0.304173  0.472353  0.093032  0.464693  0.478450  0.315876  0.299427  0.162567  0.576801  0.177485  0.247171  0.583115  0.417763  0.723450  0.295752  0.574780  0.924054  0.144122  0.297644  0.265393  0.442580  0.205443  0.288731  0.294023  0.695354  0.272663  0.517939  0.199462  0.842253  0.239551  0.198594  0.046119  0.177571  0.701100  0.610524  0.651975 
18  0.166491  0.845170  0.757762  0.666755  0.671113  0.676627  0.050502  0.642491  0.203240  0.182882  0.729297  0.719650  0.650211  0.269339  0.294045  0.719563  0.586067  0.635682 0.0  0.163595  0.789130  0.652082  0.332225  0.681428  0.762349  0.791182  0.944741  0.650426  0.545273  0.866247  0.723466  0.689415  0.607253  0.445909  0.653583  0.722924  0.117777  0.785982  0.350839  0.705905  0.130692  0.424754  0.657519  0.693990  0.656811  0.459519  0.614908  0.685183  0.717488  0.080287  0.853965  0.290321  0.621567  0.352745  0.741787  0.580399  0.622948  0.630797  0.698889  0.256118  0.229001 
19  0.240077  0.805241  0.801848  0.724032  0.513986  0.685368  0.101857  0.682835  0.174404  0.199165  0.821336  0.693603  0.608187  0.313167  0.267789  0.578873  0.705410  0.702676  0.163595 0.0  0.784413  0.857319  0.397585  0.625754  0.788814  0.804977  0.843366  0.680573  0.400931  1.000000  0.810318  0.654293  0.577492  0.570090  0.646270  0.743125  0.254246  0.773140  0.340994  0.815800  0.211563  0.546321  0.609682  0.696904  0.651727  0.488592  0.659744  0.633337  0.714512  0.065566  0.805268  0.198147  0.656669  0.401405  0.747723  0.656195  0.572069  0.607352  0.682409  0.270239  0.362440 
20  0.809872  0.420861  0.469189  0.188968  0.474382  0.303441  0.776415  0.316534  0.742279  0.670730  0.415469  0.262940  0.471505  0.725669  0.849681  0.304055  0.324161  0.338297  0.789130  0.784413 0.0  0.290242  0.890825  0.363371  0.458755  0.545809  0.043551  0.369199  0.599730  0.133001  0.177692  0.296484  0.222748  0.463103  0.438395  0.381290  0.755355  0.304953  0.993733  0.477418  0.789061  0.473616  0.346121  0.377477  0.384893  0.496449  0.386644  0.312158  0.278330  0.666888  0.530878  0.826413  0.462599  0.957848  0.227219  0.339774  0.473210  0.331671  0.220306  0.779550  0.904459 
21  0.692432  0.223545  0.235569  0.493600  0.187780  0.271518  0.686445  0.425594  0.682791  0.761814  0.316601  0.418539  0.322513  0.691529  0.700634  0.367063  0.149301  0.296726  0.652082  0.857319  0.290242 0.0  0.719093  0.241065  0.160486  0.268791  0.254182  0.267667  0.458921  0.290618  0.230090  0.227462  0.382152  0.509067  0.409102  0.196447  0.632743  0.228919  0.725585  0.285403  0.714933  0.786346  0.230957  0.217041  0.174046  0.599786  0.280837  0.284284  0.236059  0.743573  0.277651  0.675512  0.227456  0.809896  0.381258  0.319775  0.186649  0.370858  0.480378  0.686045  0.662983 
22  0.214155  0.805786  0.676387  0.649575  0.937226  0.554309  0.334961  0.743216  0.409935  0.443552  0.667024  0.700098  0.741097  0.344525  0.309061  0.818256  0.787695  0.806674  0.332225  0.397585  0.890825  0.719093 0.0  0.759251  0.568842  0.624163  0.767572  0.755574  0.478739  0.879796  0.870438  0.710160  0.669208  0.640038  0.843697  0.822500  0.340567  0.806971  0.198506  0.591661  0.273252  0.460337  0.727170  0.642047  0.725635  0.609949  0.790032  0.753419  0.740326  0.375745  0.641048  0.273860  0.829656  0.263696  0.746394  0.731678  0.874153  0.874320  0.523326  0.327127  0.269603 
23  0.678941  0.287873  0.238735  0.777086  0.191048  0.356590  0.380008  0.139454  0.537850  0.597215  0.315428  0.301595  0.263244  0.616918  0.656740  0.133527  0.126803  0.104091  0.681428  0.625754  0.363371  0.241065  0.759251 0.0  0.333104  0.387688  0.448443  0.145169  0.611097  0.463070  0.371156  0.111963  0.189393  0.404805  0.181287  0.105889  0.580782  0.378266  0.800149  0.358461  0.689526  0.866596  0.266237  0.248987  0.156041  0.468108  0.237966  0.224995  0.293036  0.633813  0.276695  0.593189  0.181083  0.759439  0.225551  0.214266  0.069257  0.247955  0.772270  0.597090  0.856296 
24  0.818369  0.329141  0.148456  0.575598  0.481964  0.269823  0.691423  0.419308  0.772513  0.841686  0.209863  0.316107  0.422540  0.833392  0.766771  0.330752  0.409409  0.353781  0.762349  0.788814  0.458755  0.160486  0.568842  0.333104 0.0  0.286172  0.411591  0.410432  0.534349  0.413553  0.484246  0.401455  0.355061  0.678820  0.414348  0.410677  0.814193  0.326481  0.655288  0.256356  0.789559  0.695043  0.335010  0.290486  0.402925  0.544062  0.299324  0.341070  0.311409  0.672594  0.220647  0.855772  0.547017  0.653541  0.200794  0.265088  0.441497  0.343842  0.624800  0.682101  0.591598 
25  0.717464  0.416412  0.185818  0.661367  0.369977  0.267083  0.696724  0.419612  0.832506  0.775111  0.117223  0.390485  0.443037  0.877795  0.819120  0.375041  0.184253  0.304173  0.791182  0.804977  0.545809  0.268791  0.624163  0.387688  0.286172 0.0  0.336957  0.370605  0.515094  0.525316  0.483452  0.402872  0.233815  0.697169  0.301349  0.396013  0.811405  0.245162  0.622020  0.170774  0.781246  0.729674  0.420112  0.169453  0.210642  0.537405  0.344365  0.318801  0.334142  0.769894  0.197062  0.865602  0.334241  0.541487  0.233053  0.388149  0.389388  0.388833  0.676582  0.894318  0.613348 
26  0.896821  0.362488  0.345541  0.438126  0.428381  0.156794  0.857702  0.421673  0.946925  0.948546  0.354672  0.358686  0.469646  0.895877  0.848072  0.553869  0.421218  0.472353  0.944741  0.843366  0.043551  0.254182  0.767572  0.448443  0.411591  0.336957 0.0  0.390361  0.414767  0.182069  0.157345  0.523191  0.544721  0.336730  0.554146  0.431517  0.861437  0.309267  0.874608  0.414903  0.812854  0.637591  0.498269  0.240766  0.483793  0.638320  0.492937  0.479667  0.379050  0.934311  0.412119  0.873182  0.387367  0.718023  0.293180  0.524772  0.465953  0.489367  0.370777  0.930360  0.802605 
27  0.617547  0.369786  0.368821  0.714681  0.151468  0.196495  0.537319  0.167980  0.587987  0.590862  0.355830  0.219698  0.136404  0.672437  0.511438  0.287268  0.217966  0.093032  0.650426  0.680573  0.369199  0.267667  0.755574  0.145169  0.410432  0.370605  0.390361 0.0  0.449111  0.525476  0.369451  0.200001  0.244681  0.530414  0.229566  0.168377  0.705580  0.388123  0.816971  0.295175  0.722210  0.885907  0.175874  0.262312  0.103620  0.396862  0.182533  0.132393  0.280020  0.561937  0.347263  0.652421  0.148492  0.730461  0.254653  0.196786  0.127475  0.211783  0.748814  0.607486  0.670651 
28  0.444193  0.453659  0.484841  0.441112  0.404527  0.422409  0.551704  0.526185  0.509827  0.650488  0.449546  0.405966  0.478188  0.479516  0.547147  0.361053  0.455205  0.464693  0.545273  0.400931  0.599730  0.458921  0.478739  0.611097  0.534349  0.515094  0.414767  0.449111 0.0  0.468943  0.542787  0.409311  0.444889  0.476644  0.587422  0.413016  0.568767  0.423272  0.503685  0.481881  0.426571  0.508062  0.549015  0.585603  0.580942  0.462735  0.550573  0.515658  0.534708  0.491933  0.441614  0.376361  0.531684  0.443546  0.422891  0.426524  0.393958  0.535869  0.427118  0.640844  0.462949 
29  0.892599  0.424050  0.456934  0.404857  0.316218  0.340913  0.790402  0.432792  0.768609  0.777931  0.377372  0.482046  0.394505  0.920168  0.818872  0.418718  0.472949  0.478450  0.866247  1.000000  0.133001  0.290618  0.879796  0.463070  0.413553  0.525316  0.182069  0.525476  0.468943 0.0  0.157346  0.464915  0.459171  0.329969  0.355395  0.429008  0.696560  0.405408  0.753929  0.377008  0.744355  0.626988  0.376358  0.203587  0.395369  0.687218  0.382726  0.409408  0.314325  0.854972  0.329276  0.872386  0.497168  0.910244  0.163242  0.431828  0.470773  0.406776  0.270715  0.974884  0.858374 
30  0.782740  0.303062  0.569933  0.149785  0.483765  0.330804  0.789739  0.271787  0.737884  0.821651  0.504978  0.431181  0.347657  0.781213  0.773089  0.330973  0.355687  0.315876  0.723466  0.810318  0.177692  0.230090  0.870438  0.371156  0.484246  0.483452  0.157345  0.369451  0.542787  0.157346 0.0  0.275257  0.238658  0.478395  0.289351  0.299919  0.747200  0.301001  0.962231  0.480308  0.736761  0.567604  0.374897  0.154043  0.349504  0.456846  0.305662  0.298233  0.333534  0.775387  0.393644  0.787662  0.298712  0.784771  0.246622  0.385321  0.440893  0.316776  0.363902  0.740954  0.989594 
31  0.577166  0.320386  0.235379  0.793865  0.050650  0.279775  0.528137  0.189577  0.639047  0.608564  0.357186  0.240386  0.145981  0.595864  0.564923  0.192627  0.245968  0.299427  0.689415  0.654293  0.296484  0.227462  0.710160  0.111963  0.401455  0.402872  0.523191  0.200001  0.409311  0.464915  0.275257 0.0  0.165104  0.547266  0.216369  0.176303  0.624394  0.416692  0.696490  0.320994  0.693361  0.766935  0.300520  0.233231  0.119525  0.437478  0.061235  0.219883  0.197999  0.723942  0.468749  0.568795  0.254418  0.751698  0.291116  0.229817  0.089648  0.207049  0.679775  0.588525  0.802617 
32  0.750949  0.352141  0.324223  0.658823  0.215317  0.281272  0.531900  0.149211  0.650364  0.746107  0.354355  0.152207  0.259601  0.660284  0.682747  0.071849  0.185479  0.162567  0.607253  0.577492  0.222748  0.382152  0.669208  0.189393  0.355061  0.233815  0.544721  0.244681  0.444889  0.459171  0.238658  0.165104 0.0  0.523700  0.148496  0.121287  0.680879  0.363444  0.813271  0.363275  0.584963  0.946484  0.335110  0.313167  0.285031  0.443752  0.221640  0.225625  0.276878  0.663296  0.309137  0.646466  0.202639  0.712212  0.344477  0.269121  0.070093  0.084172  0.614777  0.654411  0.739467 
33  0.581017  0.446919  0.645950  0.282306  0.490641  0.482833  0.533026  0.657142  0.629580  0.597271  0.699589  0.648016  0.599890  0.633799  0.608675  0.483028  0.596229  0.576801  0.445909  0.570090  0.463103  0.509067  0.640038  0.404805  0.678820  0.697169  0.336730  0.530414  0.476644  0.329969  0.478395  0.547266  0.523700 0.0  0.658534  0.518828  0.598814  0.702091  0.635002  0.660373  0.484594  0.364003  0.654334  0.543461  0.482234  0.585302  0.543678  0.539581  0.536143  0.565996  0.663277  0.574611  0.587806  0.693268  0.506071  0.591081  0.585314  0.550048  0.283602  0.575386  0.713187 
34  0.740504  0.298366  0.329799  0.713455  0.166897  0.316605  0.511992  0.230821  0.636465  0.690185  0.294755  0.284131  0.238050  0.743377  0.687109  0.249530  0.207749  0.177485  0.653583  0.646270  0.438395  0.409102  0.843697  0.181287  0.414348  0.301349  0.554146  0.229566  0.587422  0.355395  0.289351  0.216369  0.148496  0.658534 0.0  0.262502  0.621545  0.268944  0.790608  0.442829  0.734722  0.878407  0.194354  0.258527  0.246693  0.509820  0.185410  0.129341  0.284120  0.698379  0.325140  0.680095  0.314098  0.821645  0.265550  0.151522  0.191236  0.146102  0.694054  0.652793  0.695306 
35  0.686216  0.357405  0.402424  0.730968  0.246237  0.320972  0.534263  0.199908  0.679589  0.686031  0.418727  0.228231  0.256080  0.607474  0.548669  0.225688  0.273985  0.247171  0.722924  0.743125  0.381290  0.196447  0.822500  0.105889  0.410677  0.396013  0.431517  0.168377  0.413016  0.429008  0.299919  0.176303  0.121287  0.518828  0.262502 0.0  0.634940  0.334217  0.707945  0.428666  0.670702  0.829941  0.214126  0.236477  0.176967  0.446808  0.186819  0.220234  0.271864  0.562396  0.369335  0.652914  0.176189  0.684659  0.242146  0.192863  0.031236  0.230372  0.633032  0.683592  0.726884 
36  0.209723  0.613438  0.787778  0.692677  0.556765  0.691321  0.081609  0.563932  0.227325  0.254756  0.725912  0.704918  0.618430  0.308069  0.284877  0.622219  0.592342  0.583115  0.117777  0.254246  0.755355  0.632743  0.340567  0.580782  0.814193  0.811405  0.861437  0.705580  0.568767  0.696560  0.747200  0.624394  0.680879  0.598814  0.621545  0.634940 0.0  0.844383  0.319651  0.842842  0.128279  0.529034  0.624993  0.553504  0.690723  0.300444  0.598227  0.654986  0.717111  0.159603  0.770403  0.198402  0.741663  0.387743  0.657357  0.675063  0.512330  0.651526  0.796096  0.172527  0.367266 
37  0.728600  0.130563  0.279516  0.565164  0.399378  0.363733  0.824326  0.339120  0.816383  0.690863  0.344765  0.366855  0.265438  0.798679  0.834291  0.211717  0.422958  0.417763  0.785982  0.773140  0.304953  0.228919  0.806971  0.378266  0.326481  0.245162  0.309267  0.388123  0.423272  0.405408  0.301001  0.416692  0.363444  0.702091  0.268944  0.334217  0.844383 0.0  0.828283  0.301113  0.709823  0.859366  0.271081  0.386471  0.437365  0.656301  0.380430  0.403630  0.241307  0.812847  0.374400  0.733873  0.320022  0.729097  0.348696  0.437857  0.476890  0.327457  0.681996  0.810240  0.734431 
38  0.356555  0.812014  0.682774  0.538570  0.796678  0.718162  0.298611  0.796960  0.386335  0.318210  0.651820  0.684529  0.847183  0.399923  0.410610  0.826462  0.865418  0.723450  0.350839  0.340994  0.993733  0.725585  0.198506  0.800149  0.655288  0.622020  0.874608  0.816971  0.503685  0.753929  0.962231  0.696490  0.813271  0.635002  0.790608  0.707945  0.319651  0.828283 0.0  0.518507  0.326609  0.416263  0.802552  0.612661  0.915650  0.560790  0.818988  0.808232  0.663567  0.393353  0.604671  0.302584  0.847763  0.174492  0.708806  0.694500  0.928155  0.762178  0.579506  0.324530  0.229852 
39  0.709365  0.227523  0.320040  0.647502  0.319929  0.339277  0.812959  0.297760  0.749242  0.712962  0.138239  0.301036  0.320461  0.765020  0.725126  0.295454  0.348585  0.295752  0.705905  0.815800  0.477418  0.285403  0.591661  0.358461  0.256356  0.170774  0.414903  0.295175  0.481881  0.377008  0.480308  0.320994  0.363275  0.660373  0.442829  0.428666  0.842842  0.301113  0.518507 0.0  0.765370  0.736811  0.298993  0.207087  0.281948  0.539125  0.346710  0.330953  0.331961  0.695416  0.158478  0.740214  0.379572  0.674786  0.327750  0.289974  0.461507  0.212360  0.499492  0.658242  0.580166 
40  0.286928  0.768611  0.826897  0.633755  0.417697  0.589672  0.049905  0.632267  0.208547  0.200147  0.777907  0.636059  0.643806  0.265689  0.211921  0.610297  0.692871  0.574780  0.130692  0.211563  0.789061  0.714933  0.273252  0.689526  0.789559  0.781246  0.812854  0.722210  0.426571  0.744355  0.736761  0.693361  0.584963  0.484594  0.734722  0.670702  0.128279  0.709823  0.326609  0.765370 0.0  0.539702  0.727289  0.609074  0.551900  0.414041  0.720841  0.694408  0.741714  0.217228  0.744045  0.230211  0.687885  0.390801  0.700645  0.675888  0.534926  0.667680  0.807727  0.274060  0.362560 
41  0.585112  0.714095  0.801830  0.481576  0.902064  0.697038  0.461269  0.937481  0.545618  0.485169  0.813103  0.926039  0.937487  0.527772  0.528286  0.909527  0.930598  0.924054  0.424754  0.546321  0.473616  0.786346  0.460337  0.866596  0.695043  0.729674  0.637591  0.885907  0.508062  0.626988  0.567604  0.766935  0.946484  0.364003  0.878407  0.829941  0.529034  0.859366  0.416263  0.736811  0.539702 0.0  0.795728  0.775114  0.937528  0.732610  0.854571  0.975987  0.768580  0.518747  0.713602  0.360066  0.919617  0.305355  0.705077  0.866928  0.751350  0.948572  0.398362  0.538732  0.274467 
42  0.549715  0.382788  0.317305  0.772124  0.164821  0.381342  0.491423  0.118278  0.562563  0.572492  0.381089  0.171889  0.229310  0.715763  0.670441  0.195556  0.180223  0.144122  0.657519  0.609682  0.346121  0.230957  0.727170  0.266237  0.335010  0.420112  0.498269  0.175874  0.549015  0.376358  0.374897  0.300520  0.335110  0.654334  0.194354  0.214126  0.624993  0.271081  0.802552  0.298993  0.727289  0.795728 0.0  0.270785  0.221053  0.363478  0.251537  0.211985  0.209835  0.646239  0.373009  0.716007  0.129909  0.808031  0.194776  0.252341  0.184777  0.290445  0.640438  0.694386  0.673448 
43  0.707420  0.256262  0.362215  0.594456  0.270622  0.362420  0.764728  0.204459  0.558022  0.710246  0.185976  0.317602  0.281736  0.627485  0.762593  0.363535  0.134303  0.297644  0.693990  0.696904  0.377477  0.217041  0.642047  0.248987  0.290486  0.169453  0.240766  0.262312  0.585603  0.203587  0.154043  0.233231  0.313167  0.543461  0.258527  0.236477  0.553504  0.386471  0.612661  0.207087  0.609074  0.775114  0.270785 0.0  0.264437  0.484568  0.312121  0.237955  0.253389  0.699697  0.334613  0.802091  0.299149  0.723250  0.199323  0.369681  0.327654  0.231688  0.557038  0.571740  0.669093 
44  0.576904  0.214936  0.365460  0.680255  0.221567  0.266671  0.668131  0.072499  0.632511  0.588299  0.357454  0.206632  0.183592  0.612040  0.735724  0.132953  0.177584  0.265393  0.656811  0.651727  0.384893  0.174046  0.725635  0.156041  0.402925  0.210642  0.483793  0.103620  0.580942  0.395369  0.349504  0.119525  0.285031  0.482234  0.246693  0.176967  0.690723  0.437365  0.915650  0.281948  0.551900  0.937528  0.221053  0.264437 0.0  0.332109  0.227905  0.328306  0.337516  0.629623  0.368091  0.631835  0.157672  0.753699  0.315007  0.216784  0.149780  0.246088  0.735195  0.648609  0.855611 
45  0.439563  0.655258  0.555056  0.690436  0.302047  0.512082  0.260032  0.422465  0.482477  0.389069  0.662412  0.369325  0.376785  0.486129  0.414193  0.529362  0.383045  0.442580  0.459519  0.488592  0.496449  0.599786  0.609949  0.468108  0.544062  0.537405  0.638320  0.396862  0.462735  0.687218  0.456846  0.437478  0.443752  0.585302  0.509820  0.446808  0.300444  0.656301  0.560790  0.539125  0.414041  0.732610  0.363478  0.484568  0.332109 0.0  0.437062  0.547278  0.486356  0.455547  0.628039  0.364190  0.456967  0.566476  0.499422  0.509960  0.376698  0.378344  0.778130  0.514482  0.490771 
46  0.590976  0.360571  0.346046  0.656413  0.157995  0.332312  0.589385  0.256456  0.752214  0.709911  0.411533  0.163091  0.173584  0.605779  0.710346  0.175420  0.239160  0.205443  0.614908  0.659744  0.386644  0.280837  0.790032  0.237966  0.299324  0.344365  0.492937  0.182533  0.550573  0.382726  0.305662  0.061235  0.221640  0.543678  0.185410  0.186819  0.598227  0.380430  0.818988  0.346710  0.720841  0.854571  0.251537  0.312121  0.227905  0.437062 0.0  0.247070  0.369299  0.652373  0.421519  0.631443  0.211996  0.736440  0.284212  0.243291  0.025336  0.220665  0.653679  0.594491  0.765950 
47  0.688511  0.246123  0.412278  0.703948  0.202187  0.252301  0.528948  0.154010  0.689344  0.556550  0.295718  0.192436  0.266782  0.582397  0.600002  0.207211  0.236872  0.288731  0.685183  0.633337  0.312158  0.284284  0.753419  0.224995  0.341070  0.318801  0.479667  0.132393  0.515658  0.409408  0.298233  0.219883  0.225625  0.539581  0.129341  0.220234  0.654986  0.403630  0.808232  0.330953  0.694408  0.975987  0.211985  0.237955  0.328306  0.547278  0.247070 0.0  0.351123  0.698574  0.347218  0.606512  0.226036  0.768308  0.246216  0.226064  0.132276  0.209245  0.776921  0.644303  0.802068 
48  0.596792  0.428267  0.366839  0.488087  0.324821  0.314699  0.686732  0.192478  0.845607  0.597758  0.290291  0.317390  0.322221  0.713768  0.648480  0.304772  0.267228  0.294023  0.717488  0.714512  0.278330  0.236059  0.740326  0.293036  0.311409  0.334142  0.379050  0.280020  0.534708  0.314325  0.333534  0.197999  0.276878  0.536143  0.284120  0.271864  0.717111  0.241307  0.663567  0.331961  0.741714  0.768580  0.209835  0.253389  0.337516  0.486356  0.369299  0.351123 0.0  0.725101  0.360659  0.735191  0.255286  0.747730  0.297690  0.305419  0.347286  0.310472  0.494708  0.723024  0.645130 
49  0.170558  0.830231  0.819373  0.662924  0.531098  0.754617  0.021788  0.623899  0.341796  0.259772  0.759443  0.594312  0.625800  0.135456  0.084017  0.701681  0.597619  0.695354  0.080287  0.065566  0.666888  0.743573  0.375745  0.633813  0.672594  0.769894  0.934311  0.561937  0.491933  0.854972  0.775387  0.723942  0.663296  0.565996  0.698379  0.562396  0.159603  0.812847  0.393353  0.695416  0.217228  0.518747  0.646239  0.699697  0.629623  0.455547  0.652373  0.698574  0.725101 0.0  0.690360  0.225156  0.700541  0.415921  0.872194  0.614399  0.598955  0.493153  0.668150  0.257255  0.321931 
50  0.752868  0.382360  0.213193  0.656574  0.394330  0.339134  0.831380  0.383594  0.789150  0.766874  0.231072  0.243967  0.270428  0.777665  0.739048  0.386623  0.277795  0.272663  0.853965  0.805268  0.530878  0.277651  0.641048  0.276695  0.220647  0.197062  0.412119  0.347263  0.441614  0.329276  0.393644  0.468749  0.309137  0.663277  0.325140  0.369335  0.770403  0.374400  0.604671  0.158478  0.744045  0.713602  0.373009  0.334613  0.368091  0.628039  0.421519  0.347218  0.360659  0.690360 0.0  0.811333  0.352542  0.683381  0.180669  0.338260  0.507855  0.333816  0.479230  0.906499  0.614498 
51  0.265932  0.796993  0.815990  0.665811  0.607468  0.624805  0.000000  0.668504  0.254514  0.174538  0.747393  0.546279  0.637475  0.170604  0.196484  0.619883  0.666456  0.517939  0.290321  0.198147  0.826413  0.675512  0.273860  0.593189  0.855772  0.865602  0.873182  0.652421  0.376361  0.872386  0.787662  0.568795  0.646466  0.574611  0.680095  0.652914  0.198402  0.733873  0.302584  0.740214  0.230211  0.360066  0.716007  0.802091  0.631835  0.364190  0.631443  0.606512  0.735191  0.225156  0.811333 0.0  0.701029  0.305666  0.767807  0.568453  0.549613  0.697899  0.728969  0.213573  0.334831 
52  0.599943  0.334514  0.407801  0.700108  0.068069  0.276978  0.524552  0.233988  0.655602  0.620548  0.343470  0.232838  0.193363  0.749514  0.745745  0.167751  0.245185  0.199462  0.621567  0.656669  0.462599  0.227456  0.829656  0.181083  0.547017  0.334241  0.387367  0.148492  0.531684  0.497168  0.298712  0.254418  0.202639  0.587806  0.314098  0.176189  0.741663  0.320022  0.847763  0.379572  0.687885  0.919617  0.129909  0.299149  0.157672  0.456967  0.211996  0.226036  0.255286  0.700541  0.352542  0.701029 0.0  0.736464  0.239571  0.272207  0.222593  0.234246  0.668615  0.625172  0.725047 
53  0.258231  0.825118  0.675601  0.539784  0.920641  0.699917  0.230832  0.806562  0.360280  0.325935  0.582193  0.792693  0.776022  0.332487  0.398974  0.757042  0.735063  0.842253  0.352745  0.401405  0.957848  0.809896  0.263696  0.759439  0.653541  0.541487  0.718023  0.730461  0.443546  0.910244  0.784771  0.751698  0.712212  0.693268  0.821645  0.684659  0.387743  0.729097  0.174492  0.674786  0.390801  0.305355  0.808031  0.723250  0.753699  0.566476  0.736440  0.768308  0.747730  0.415921  0.683381  0.305666  0.736464 0.0  0.789131  0.743334  0.794106  0.777774  0.718623  0.465308  0.090429 
54  0.667372  0.235364  0.147594  0.501220  0.283040  0.308870  0.678079  0.330679  0.831589  0.772922  0.218625  0.279885  0.248416  0.681179  0.796918  0.302007  0.222878  0.239551  0.741787  0.747723  0.227219  0.381258  0.746394  0.225551  0.200794  0.233053  0.293180  0.254653  0.422891  0.163242  0.246622  0.291116  0.344477  0.506071  0.265550  0.242146  0.657357  0.348696  0.708806  0.327750  0.700645  0.705077  0.194776  0.199323  0.315007  0.499422  0.284212  0.246216  0.297690  0.872194  0.180669  0.767807  0.239571  0.789131 0.0  0.283857  0.311818  0.307877  0.398204  0.697466  0.695048 
55  0.610782  0.388708  0.383138  0.624147  0.162816  0.326391  0.570601  0.239345  0.692431  0.665525  0.307418  0.148031  0.227010  0.649419  0.599474  0.191681  0.256692  0.198594  0.580399  0.656195  0.339774  0.319775  0.731678  0.214266  0.265088  0.388149  0.524772  0.196786  0.426524  0.431828  0.385321  0.229817  0.269121  0.591081  0.151522  0.192863  0.675063  0.437857  0.694500  0.289974  0.675888  0.866928  0.252341  0.369681  0.216784  0.509960  0.243291  0.226064  0.305419  0.614399  0.338260  0.568453  0.272207  0.743334  0.283857 0.0  0.022777  0.251837  0.710023  0.602324  0.770102 
56  0.546716  0.427803  0.374495  0.607210  0.140034  0.184631  0.516375  0.102923  0.565661  0.512027  0.441984  0.185977  0.130954  0.573394  0.639211  0.058053  0.061394  0.046119  0.622948  0.572069  0.473210  0.186649  0.874153  0.069257  0.441497  0.389388  0.465953  0.127475  0.393958  0.470773  0.440893  0.089648  0.070093  0.585314  0.191236  0.031236  0.512330  0.476890  0.928155  0.461507  0.534926  0.751350  0.184777  0.327654  0.149780  0.376698  0.025336  0.132276  0.347286  0.598955  0.507855  0.549613  0.222593  0.794106  0.311818  0.022777 0.0  0.216505  0.645774  0.600732  0.876331 
57  0.532269  0.276983  0.402216  0.701712  0.150077  0.249531  0.592874  0.191017  0.568497  0.731015  0.394325  0.261561  0.261805  0.741023  0.593719  0.192302  0.082962  0.177571  0.630797  0.607352  0.331671  0.370858  0.874320  0.247955  0.343842  0.388833  0.489367  0.211783  0.535869  0.406776  0.316776  0.207049  0.084172  0.550048  0.146102  0.230372  0.651526  0.327457  0.762178  0.212360  0.667680  0.948572  0.290445  0.231688  0.246088  0.378344  0.220665  0.209245  0.310472  0.493153  0.333816  0.697899  0.234246  0.777774  0.307877  0.251837  0.216505 0.0  0.772167  0.614084  0.752899 
58  0.662316  0.491408  0.546199  0.420942  0.581772  0.584679  0.573103  0.746104  0.706952  0.668201  0.631130  0.684134  0.650427  0.603560  0.814948  0.675621  0.620010  0.701100  0.698889  0.682409  0.220306  0.480378  0.523326  0.772270  0.624800  0.676582  0.370777  0.748814  0.427118  0.270715  0.363902  0.679775  0.614777  0.283602  0.694054  0.633032  0.796096  0.681996  0.579506  0.499492  0.807727  0.398362  0.640438  0.557038  0.735195  0.778130  0.653679  0.776921  0.494708  0.668150  0.479230  0.728969  0.668615  0.718623  0.398204  0.710023  0.645774  0.772167 0.0  0.763452  0.650577 
59  0.227006  0.810247  0.726142  0.720981  0.541564  0.774432  0.058498  0.658936  0.196292  0.259060  0.789865  0.578116  0.713316  0.198869  0.226032  0.699970  0.691609  0.610524  0.256118  0.270239  0.779550  0.686045  0.327127  0.597090  0.682101  0.894318  0.930360  0.607486  0.640844  0.974884  0.740954  0.588525  0.654411  0.575386  0.652793  0.683592  0.172527  0.810240  0.324530  0.658242  0.274060  0.538732  0.694386  0.571740  0.648609  0.514482  0.594491  0.644303  0.723024  0.257255  0.906499  0.213573  0.625172  0.465308  0.697466  0.602324  0.600732  0.614084  0.763452 0.0  0.322811 
60  0.280026  0.770301  0.708268  0.528791  0.894962  0.634035  0.366505  0.777568  0.232443  0.249616  0.659187  0.777948  0.671893  0.297879  0.283304  0.788013  0.860677  0.651975  0.229001  0.362440  0.904459  0.662983  0.269603  0.856296  0.591598  0.613348  0.802605  0.670651  0.462949  0.858374  0.989594  0.802617  0.739467  0.713187  0.695306  0.726884  0.367266  0.734431  0.229852  0.580166  0.362560  0.274467  0.673448  0.669093  0.855611  0.490771  0.765950  0.802068  0.645130  0.321931  0.614498  0.334831  0.725047  0.090429  0.695048  0.770102  0.876331  0.752899  0.650577  0.322811 0.0 
