61
0 0.0  0.717900  0.681125  0.635260  0.456447  0.624600  0.077939  0.675975  0.180126  0.238493  0.808281  0.647440  0.608643  0.146516  0.203840  0.528874  0.741275  0.587819  0.220778  0.279652  0.779498  0.672571  0.323489  0.698380  0.683757  0.752508  0.950757  0.725106  0.501388  0.886384  0.859448  0.647986  0.690289  0.541332  0.572972  0.688108  0.178498  0.548079  0.241231  0.770119  0.109645  0.324327  0.645170  0.632122  0.546063  0.517982  0.508908  0.590249  0.764956  0.241956  0.681954  0.127423  0.660835  0.174706  0.639115  0.601211  0.504948  0.554840  0.765410  0.164625  0.433436 
1  0.717900 0.0  0.381747  0.552789  0.365539  0.266672  0.769499  0.361516  0.778451  0.697196  0.390120  0.326853  0.294023  0.748695  0.736834  0.442225  0.410137  0.401258  0.804277  0.705716  0.245327  0.209668  0.759429  0.326598  0.332514  0.329916  0.285134  0.467100  0.355379  0.439594  0.425340  0.338712  0.309457  0.492527  0.259640  0.347493  0.796658  0.000000  0.759885  0.420621  0.808275  0.672186  0.318045  0.204523  0.324361  0.485232  0.414773  0.269581  0.262088  0.717262  0.296876  0.680629  0.346234  0.755959  0.288456  0.259636  0.414164  0.366339  0.570627  0.816523  0.714943 
2  0.681125  0.381747 0.0  0.615659  0.398819  0.235779  0.799208  0.250474  0.609322  0.775067  0.197347  0.257464  0.340036  0.761688  0.686874  0.266835  0.333941  0.268956  0.716841  0.810029  0.442107  0.208658  0.665679  0.357303  0.180801  0.229590  0.421501  0.311992  0.467909  0.357814  0.458199  0.328883  0.349883  0.683544  0.363002  0.255341  0.707886  0.311713  0.599852  0.100325  0.846125  0.791049  0.411929  0.201397  0.331251  0.659670  0.346477  0.389450  0.239992  0.711542  0.173072  0.703832  0.308864  0.580777  0.352750  0.239140  0.327001  0.451887  0.435829  0.635733  0.640239 
3  0.635260  0.552789  0.615659 0.0  0.523151  0.524139  0.658566  0.599783  0.675749  0.537550  0.549227  0.617001  0.683305  0.688382  0.768493  0.689705  0.778309  0.581624  0.706472  0.558415  0.159173  0.437937  0.605665  0.536068  0.649734  0.495329  0.408631  0.717838  0.506168  0.447772  0.273664  0.739518  0.651559  0.312829  0.574329  0.628334  0.700315  0.549738  0.500788  0.562444  0.637466  0.334266  0.747352  0.475040  0.586628  0.574292  0.609683  0.700464  0.387866  0.675073  0.520444  0.644343  0.857407  0.494663  0.422318  0.660410  0.669513  0.632055  0.423958  0.626028  0.558160 
4  0.456447  0.365539  0.398819  0.523151 0.0  0.217195  0.559060  0.201917  0.527668  0.507223  0.373250  0.199309  0.179618  0.407716  0.463932  0.121570  0.064638  0.157260  0.474798  0.567116  0.250457  0.283550  0.844633  0.136830  0.369733  0.389669  0.401804  0.089937  0.446531  0.477867  0.306452  0.150930  0.140009  0.552855  0.108494  0.148539  0.533954  0.370910  0.916980  0.333208  0.515491  0.817703  0.114187  0.308573  0.029832  0.331907  0.183516  0.179772  0.333485  0.421647  0.413637  0.482930  0.071608  0.811964  0.271529  0.077884  0.177722  0.181146  0.555075  0.448804  0.808803 
5  0.624600  0.266672  0.235779  0.524139  0.217195 0.0  0.738541  0.273347  0.738074  0.832179  0.345319  0.158541  0.197561  0.774887  0.728223  0.135164  0.249882  0.299843  0.644736  0.716635  0.195367  0.229956  0.774432  0.267402  0.270712  0.232912  0.329849  0.214802  0.346629  0.329214  0.280885  0.375207  0.161558  0.443611  0.170606  0.203007  0.623362  0.257155  0.655779  0.239321  0.723757  0.679082  0.243816  0.198294  0.207819  0.447015  0.230553  0.148943  0.261051  0.742483  0.304789  0.633549  0.386714  0.731109  0.117014  0.283300  0.324891  0.239808  0.440459  0.624803  0.677072 
6  0.077939  0.769499  0.799208  0.658566  0.559060  0.738541 0.0  0.516494  0.000000  0.061079  0.866209  0.490939  0.475221  0.065018  0.094265  0.425843  0.518283  0.397675  0.069255  0.036301  0.730576  0.664171  0.277033  0.310640  0.676876  0.673577  0.647389  0.461261  0.449820  0.921895  0.757779  0.452480  0.574495  0.510519  0.538313  0.474587  0.000000  0.716734  0.354095  0.630333  0.000000  0.444543  0.458349  0.696429  0.450460  0.176116  0.334466  0.457215  0.726103  0.006613  0.656746  0.000000  0.435277  0.341855  0.766240  0.551025  0.510184  0.492908  0.476504  0.033489  0.293699 
7  0.675975  0.361516  0.250474  0.599783  0.201917  0.273347  0.516494 0.0  0.644283  0.607636  0.407367  0.255583  0.190781  0.676938  0.635002  0.038852  0.175740  0.176018  0.666796  0.584299  0.295797  0.402130  0.748307  0.151436  0.375265  0.321024  0.458547  0.161258  0.366341  0.438126  0.382227  0.156337  0.310203  0.462011  0.155745  0.260032  0.621680  0.357172  0.591181  0.381958  0.521694  0.927560  0.198564  0.253094  0.193499  0.322602  0.303864  0.259551  0.269294  0.476616  0.229021  0.566434  0.208589  0.698623  0.351812  0.206589  0.049012  0.172670  0.711987  0.640379  0.655959 
8  0.180126  0.778451  0.609322  0.675749  0.527668  0.738074  0.000000  0.644283 0.0  0.214631  0.638196  0.557784  0.574794  0.196394  0.304025  0.584995  0.649262  0.607495  0.171816  0.155050  0.632376  0.797191  0.350738  0.508606  0.794674  0.741740  0.937824  0.529141  0.343698  0.913823  0.717314  0.602833  0.517146  0.417721  0.627453  0.638705  0.235462  0.721736  0.296841  0.648752  0.234183  0.527724  0.620807  0.584087  0.629945  0.452310  0.662502  0.645940  0.639798  0.219045  0.914089  0.144778  0.621159  0.341175  0.579128  0.493970  0.436284  0.509416  0.574125  0.137934  0.350726 
9  0.238493  0.697196  0.775067  0.537550  0.507223  0.832179  0.061079  0.607636  0.214631 0.0  0.754652  0.707577  0.623859  0.288707  0.113057  0.521626  0.633199  0.594983  0.186174  0.127008  0.733456  0.776071  0.375872  0.643561  0.790934  0.842614  0.879525  0.661780  0.499417  0.855533  0.696248  0.680251  0.640415  0.555751  0.577731  0.692654  0.244950  0.734584  0.420746  0.714715  0.226909  0.436722  0.586280  0.725340  0.586694  0.374380  0.668141  0.573515  0.579408  0.209497  0.705122  0.187832  0.619058  0.430982  0.599904  0.579353  0.548028  0.500970  0.778745  0.202409  0.306770 
10  0.808281  0.390120  0.197347  0.549227  0.373250  0.345319  0.866209  0.407367  0.638196  0.754652 0.0  0.414212  0.372296  0.740650  0.735665  0.417238  0.380669  0.345755  0.809495  0.747751  0.413121  0.203411  0.585194  0.357365  0.206631  0.230132  0.238599  0.325401  0.517370  0.426220  0.401629  0.333122  0.439795  0.665606  0.367357  0.448849  0.700045  0.342617  0.476591  0.066417  0.778384  0.757390  0.329061  0.260698  0.299727  0.426905  0.241447  0.383565  0.143245  0.720987  0.179907  0.764616  0.278539  0.643411  0.182479  0.216338  0.396264  0.345359  0.550880  0.827905  0.617671 
11  0.647440  0.326853  0.257464  0.617001  0.199309  0.158541  0.490939  0.255583  0.557784  0.707577  0.414212 0.0  0.272458  0.601766  0.560920  0.120822  0.248609  0.213371  0.622044  0.562451  0.264606  0.306148  0.759321  0.199385  0.320799  0.349593  0.366148  0.243050  0.505207  0.491787  0.340044  0.150429  0.217018  0.627703  0.182884  0.257854  0.483314  0.357821  0.805127  0.428390  0.531804  0.813430  0.160570  0.295260  0.224724  0.484354  0.251607  0.064149  0.342875  0.530648  0.319702  0.573990  0.217501  0.733163  0.197402  0.285520  0.151361  0.138683  0.580976  0.575985  0.809333 
12  0.608643  0.294023  0.340036  0.683305  0.179618  0.197561  0.475221  0.190781  0.574794  0.623859  0.372296  0.272458 0.0  0.608391  0.585187  0.135135  0.097430  0.156034  0.657702  0.616246  0.370837  0.255992  0.901011  0.194311  0.387126  0.280215  0.508517  0.203698  0.537113  0.450317  0.331262  0.190118  0.136796  0.536012  0.255226  0.233075  0.633706  0.498489  0.781131  0.286912  0.582196  0.993894  0.235157  0.371367  0.072876  0.403160  0.253549  0.210037  0.241298  0.611817  0.387215  0.541461  0.163564  0.773129  0.330923  0.167936  0.164563  0.102162  0.728417  0.538855  0.732728 
13  0.146516  0.748695  0.761688  0.688382  0.407716  0.774887  0.065018  0.676938  0.196394  0.288707  0.740650  0.601766  0.608391 0.0  0.089697  0.676041  0.636427  0.661575  0.291900  0.217778  0.831954  0.690881  0.394345  0.569482  0.714241  0.709086  0.879491  0.588817  0.407806  0.904585  0.631221  0.590405  0.549424  0.574729  0.706626  0.626540  0.120991  0.754706  0.371564  0.757898  0.222456  0.542091  0.599530  0.702056  0.577751  0.371593  0.660007  0.516142  0.693501  0.090241  0.725136  0.131393  0.578866  0.270825  0.690376  0.578532  0.454095  0.531169  0.712005  0.166494  0.238386 
14  0.203840  0.736834  0.686874  0.768493  0.463932  0.728223  0.094265  0.635002  0.304025  0.113057  0.735665  0.560920  0.585187  0.089697 0.0  0.606457  0.693422  0.677389  0.146494  0.159104  0.752706  0.632431  0.331910  0.637997  0.649773  0.828893  0.793309  0.622934  0.473649  0.847563  0.843898  0.647271  0.606218  0.580341  0.775624  0.660456  0.244474  0.650622  0.386014  0.740255  0.097658  0.368385  0.608250  0.640756  0.639519  0.431208  0.636940  0.631406  0.761977  0.193840  0.784157  0.067250  0.541204  0.431401  0.686267  0.466819  0.535429  0.533844  0.698049  0.238391  0.349581 
15  0.528874  0.442225  0.266835  0.689705  0.121570  0.135164  0.425843  0.038852  0.584995  0.521626  0.417238  0.120822  0.135135  0.676041  0.606457 0.0  0.165527  0.154087  0.567523  0.641264  0.423572  0.233771  0.676378  0.136339  0.385019  0.304035  0.430567  0.207717  0.454660  0.404188  0.381530  0.177024  0.136005  0.571289  0.257039  0.137293  0.743216  0.354900  0.757583  0.342989  0.476341  0.877847  0.207455  0.322432  0.271691  0.460061  0.415343  0.192623  0.232873  0.719946  0.342989  0.627056  0.237097  0.695222  0.363375  0.249210  0.114871  0.125852  0.599315  0.576547  0.640880 
16  0.741275  0.410137  0.333941  0.778309  0.064638  0.249882  0.518283  0.175740  0.649262  0.633199  0.380669  0.248609  0.097430  0.636427  0.693422  0.165527 0.0  0.094621  0.488313  0.508477  0.319601  0.225501  0.779340  0.198089  0.366784  0.258093  0.453484  0.272452  0.538031  0.402748  0.450727  0.142649  0.188261  0.604559  0.179941  0.198938  0.638479  0.373939  0.752463  0.257832  0.487256  0.819752  0.169106  0.287804  0.155389  0.349011  0.211674  0.262554  0.124155  0.663336  0.372867  0.450720  0.207476  0.768342  0.190563  0.265119  0.213977  0.094828  0.647539  0.627772  0.746205 
17  0.587819  0.401258  0.268956  0.581624  0.157260  0.299843  0.397675  0.176018  0.607495  0.594983  0.345755  0.213371  0.156034  0.661575  0.677389  0.154087  0.094621 0.0  0.588918  0.677495  0.340951  0.296487  0.804837  0.142083  0.357388  0.349163  0.437633  0.205404  0.421035  0.397695  0.422242  0.170248  0.263265  0.462675  0.251851  0.245258  0.529441  0.292361  0.771221  0.267578  0.571082  0.913954  0.168539  0.313406  0.168321  0.416434  0.138753  0.226914  0.315994  0.603549  0.354886  0.610432  0.181457  0.713188  0.258730  0.149207  0.174894  0.176680  0.579566  0.476808  0.748497 
18  0.220778  0.804277  0.716841  0.706472  0.474798  0.644736  0.069255  0.666796  0.171816  0.186174  0.809495  0.622044  0.657702  0.291900  0.146494  0.567523  0.488313  0.588918 0.0  0.203680  0.679045  0.648779  0.397627  0.620178  0.825325  0.721055  0.763475  0.676337  0.432766  0.763518  0.763202  0.564963  0.541829  0.487043  0.559666  0.569838  0.231776  0.714288  0.304506  0.776932  0.169920  0.365918  0.709790  0.608667  0.697900  0.340998  0.518865  0.626666  0.612326  0.193293  0.750043  0.221848  0.636619  0.297522  0.665599  0.675824  0.442250  0.502817  0.719881  0.262450  0.283975 
19  0.279652  0.705716  0.810029  0.558415  0.567116  0.716635  0.036301  0.584299  0.155050  0.127008  0.747751  0.562451  0.616246  0.217778  0.159104  0.641264  0.508477  0.677495  0.203680 0.0  0.815873  0.665848  0.354794  0.497981  0.657685  0.776762  0.911856  0.518821  0.562358  0.836132  0.704247  0.575387  0.670778  0.445941  0.807166  0.608032  0.262629  0.659272  0.365103  0.767008  0.174891  0.457327  0.644268  0.690648  0.605276  0.357029  0.593605  0.516983  0.745144  0.166046  0.829125  0.188765  0.627449  0.387407  0.664936  0.566763  0.563509  0.658542  0.652406  0.277214  0.306181 
20  0.779498  0.245327  0.442107  0.159173  0.250457  0.195367  0.730576  0.295797  0.632376  0.733456  0.413121  0.264606  0.370837  0.831954  0.752706  0.423572  0.319601  0.340951  0.679045  0.815873 0.0  0.240510  0.892688  0.384109  0.409444  0.541998  0.068942  0.311916  0.465948  0.132287  0.244808  0.318453  0.369693  0.290526  0.311304  0.249500  0.692032  0.310865  0.833375  0.383346  0.761385  0.507139  0.320988  0.232886  0.259582  0.520782  0.407870  0.302870  0.278962  0.689248  0.511075  0.793142  0.387157  0.897196  0.222427  0.329161  0.429894  0.293028  0.334577  0.779942  0.844272 
21  0.672571  0.209668  0.208658  0.437937  0.283550  0.229956  0.664171  0.402130  0.797191  0.776071  0.203411  0.306148  0.255992  0.690881  0.632431  0.233771  0.225501  0.296487  0.648779  0.665848  0.240510 0.0  0.645850  0.229012  0.281832  0.279596  0.271583  0.200910  0.497972  0.306696  0.213898  0.295444  0.246250  0.482032  0.248961  0.279583  0.629479  0.329295  0.657574  0.232823  0.604311  0.701854  0.213624  0.308290  0.239455  0.457610  0.270913  0.196551  0.210953  0.634988  0.338075  0.624924  0.302917  0.619662  0.312283  0.187687  0.217369  0.303913  0.366050  0.677731  0.719723 
22  0.323489  0.759429  0.665679  0.605665  0.844633  0.774432  0.277033  0.748307  0.350738  0.375872  0.585194  0.759321  0.901011  0.394345  0.331910  0.676378  0.779340  0.804837  0.397627  0.354794  0.892688  0.645850 0.0  0.701013  0.624949  0.592908  0.605676  0.683616  0.466645  0.765081  0.780576  0.677993  0.724933  0.727018  0.799278  0.792679  0.333603  0.791786  0.037530  0.639074  0.376755  0.337091  0.793276  0.647389  0.725774  0.544436  0.749829  0.721382  0.610662  0.297875  0.605285  0.330309  0.828106  0.159237  0.544773  0.701036  0.944774  0.785210  0.521497  0.285325  0.181116 
23  0.698380  0.326598  0.357303  0.536068  0.136830  0.267402  0.310640  0.151436  0.508606  0.643561  0.357365  0.199385  0.194311  0.569482  0.637997  0.136339  0.198089  0.142083  0.620178  0.497981  0.384109  0.229012  0.701013 0.0  0.420989  0.286446  0.553391  0.204887  0.353386  0.327111  0.343811  0.010802  0.177293  0.548881  0.235814  0.262944  0.658002  0.413918  0.726013  0.338636  0.668733  0.814203  0.212674  0.286507  0.203546  0.374424  0.170903  0.203174  0.220415  0.561420  0.308831  0.555479  0.106783  0.813100  0.283129  0.226064  0.149706  0.263822  0.691749  0.613669  0.705095 
24  0.683757  0.332514  0.180801  0.649734  0.369733  0.270712  0.676876  0.375265  0.794674  0.790934  0.206631  0.320799  0.387126  0.714241  0.649773  0.385019  0.366784  0.357388  0.825325  0.657685  0.409444  0.281832  0.624949  0.420989 0.0  0.196907  0.318743  0.280476  0.501068  0.478663  0.447635  0.237333  0.329339  0.629914  0.454892  0.370922  0.653431  0.434320  0.618190  0.178580  0.672538  0.720331  0.404354  0.390900  0.285167  0.497230  0.288124  0.397547  0.333186  0.659254  0.312947  0.768560  0.326151  0.546186  0.221321  0.296513  0.283293  0.303411  0.518542  0.744602  0.583137 
25  0.752508  0.329916  0.229590  0.495329  0.389669  0.232912  0.673577  0.321024  0.741740  0.842614  0.230132  0.349593  0.280215  0.709086  0.828893  0.304035  0.258093  0.349163  0.721055  0.776762  0.541998  0.279596  0.592908  0.286446  0.196907 0.0  0.314853  0.318459  0.573704  0.358355  0.500391  0.351801  0.291585  0.518896  0.344663  0.280847  0.884722  0.352790  0.652555  0.215607  0.825739  0.774786  0.310882  0.347508  0.352892  0.624176  0.306831  0.345997  0.172081  0.751693  0.185169  0.651541  0.323257  0.666595  0.226502  0.405691  0.414355  0.338386  0.622509  0.775546  0.622037 
26  0.950757  0.285134  0.421501  0.408631  0.401804  0.329849  0.647389  0.458547  0.937824  0.879525  0.238599  0.366148  0.508517  0.879491  0.793309  0.430567  0.453484  0.437633  0.763475  0.911856  0.068942  0.271583  0.605676  0.553391  0.318743  0.314853 0.0  0.448752  0.646522  0.155612  0.000000  0.366786  0.387254  0.210770  0.505561  0.592074  0.832687  0.361966  0.781545  0.417859  0.762274  0.612407  0.498104  0.208766  0.507120  0.608487  0.437119  0.421726  0.379914  0.829283  0.384049  0.906130  0.490577  0.729662  0.195571  0.545002  0.359058  0.485061  0.364626  0.799650  0.694762 
27  0.725106  0.467100  0.311992  0.717838  0.089937  0.214802  0.461261  0.161258  0.529141  0.661780  0.325401  0.243050  0.203698  0.588817  0.622934  0.207717  0.272452  0.205404  0.676337  0.518821  0.311916  0.200910  0.683616  0.204887  0.280476  0.318459  0.448752 0.0  0.425111  0.423564  0.351681  0.223291  0.183780  0.443269  0.098835  0.158175  0.547279  0.287701  0.744439  0.401661  0.686436  0.863688  0.290995  0.224297  0.286836  0.371733  0.223344  0.260231  0.327333  0.626633  0.370669  0.577572  0.172570  0.729309  0.334287  0.257568  0.143197  0.210826  0.690633  0.616006  0.815462 
28  0.501388  0.355379  0.467909  0.506168  0.446531  0.346629  0.449820  0.366341  0.343698  0.499417  0.517370  0.505207  0.537113  0.407806  0.473649  0.454660  0.538031  0.421035  0.432766  0.562358  0.465948  0.497972  0.466645  0.353386  0.501068  0.573704  0.646522  0.425111 0.0  0.417514  0.562288  0.457245  0.411272  0.437584  0.471776  0.442699  0.519873  0.512209  0.491203  0.479456  0.515922  0.366644  0.493019  0.439490  0.507275  0.379451  0.522637  0.447361  0.493806  0.466252  0.434777  0.425177  0.550111  0.399593  0.440291  0.394514  0.440017  0.524145  0.479813  0.518810  0.497517 
29  0.886384  0.439594  0.357814  0.447772  0.477867  0.329214  0.921895  0.438126  0.913823  0.855533  0.426220  0.491787  0.450317  0.904585  0.847563  0.404188  0.402748  0.397695  0.763518  0.836132  0.132287  0.306696  0.765081  0.327111  0.478663  0.358355  0.155612  0.423564  0.417514 0.0  0.219926  0.391418  0.435960  0.262150  0.423899  0.429995  0.866649  0.495936  0.903751  0.299821  0.743221  0.644758  0.327142  0.266078  0.391850  0.640744  0.457416  0.435147  0.293218  0.892067  0.360015  0.795948  0.374838  0.823150  0.294451  0.379026  0.322691  0.456023  0.406814  0.966159  0.849541 
30  0.859448  0.425340  0.458199  0.273664  0.306452  0.280885  0.757779  0.382227  0.717314  0.696248  0.401629  0.340044  0.331262  0.631221  0.843898  0.381530  0.450727  0.422242  0.763202  0.704247  0.244808  0.213898  0.780576  0.343811  0.447635  0.500391  0.000000  0.351681  0.562288  0.219926 0.0  0.346241  0.433787  0.412823  0.252642  0.329218  0.809069  0.343993  0.894331  0.515260  0.810795  0.474775  0.289172  0.211577  0.361951  0.624556  0.298796  0.376729  0.256640  0.656757  0.416192  0.678099  0.288193  0.732112  0.355895  0.235094  0.482967  0.247747  0.295856  0.733565  1.000000 
31  0.647986  0.338712  0.328883  0.739518  0.150930  0.375207  0.452480  0.156337  0.602833  0.680251  0.333122  0.150429  0.190118  0.590405  0.647271  0.177024  0.142649  0.170248  0.564963  0.575387  0.318453  0.295444  0.677993  0.010802  0.237333  0.351801  0.366786  0.223291  0.457245  0.391418  0.346241 0.0  0.165186  0.529397  0.158337  0.226679  0.528308  0.558800  0.703156  0.209419  0.602145  0.913765  0.173594  0.246313  0.154009  0.256055  0.245520  0.204315  0.205701  0.607648  0.288063  0.570332  0.124208  0.717164  0.398377  0.230663  0.221456  0.245092  0.692751  0.605562  0.760368 
32  0.690289  0.309457  0.349883  0.651559  0.140009  0.161558  0.574495  0.310203  0.517146  0.640415  0.439795  0.217018  0.136796  0.549424  0.606218  0.136005  0.188261  0.263265  0.541829  0.670778  0.369693  0.246250  0.724933  0.177293  0.329339  0.291585  0.387254  0.183780  0.411272  0.435960  0.433787  0.165186 0.0  0.515360  0.245336  0.287386  0.548672  0.369130  0.730014  0.279196  0.651985  0.910350  0.000000  0.230971  0.255764  0.453074  0.183987  0.110048  0.251511  0.704627  0.310337  0.577425  0.250234  0.762248  0.185917  0.255794  0.064155  0.322395  0.625930  0.707229  0.681055 
33  0.541332  0.492527  0.683544  0.312829  0.552855  0.443611  0.510519  0.462011  0.417721  0.555751  0.665606  0.627703  0.536012  0.574729  0.580341  0.571289  0.604559  0.462675  0.487043  0.445941  0.290526  0.482032  0.727018  0.548881  0.629914  0.518896  0.210770  0.443269  0.437584  0.262150  0.412823  0.529397  0.515360 0.0  0.572643  0.501556  0.571665  0.616567  0.679505  0.720641  0.469542  0.289210  0.489681  0.504819  0.668199  0.631108  0.580532  0.482915  0.536323  0.608066  0.721380  0.541908  0.571438  0.608857  0.471202  0.592949  0.603397  0.541024  0.352021  0.599247  0.658684 
34  0.572972  0.259640  0.363002  0.574329  0.108494  0.170606  0.538313  0.155745  0.627453  0.577731  0.367357  0.182884  0.255226  0.706626  0.775624  0.257039  0.179941  0.251851  0.559666  0.807166  0.311304  0.248961  0.799278  0.235814  0.454892  0.344663  0.505561  0.098835  0.471776  0.423899  0.252642  0.158337  0.245336  0.572643 0.0  0.182212  0.576608  0.319302  0.772078  0.347962  0.547279  0.944488  0.186460  0.262761  0.181676  0.416481  0.217904  0.267545  0.362334  0.647182  0.265656  0.548755  0.152540  0.803594  0.226741  0.222961  0.083034  0.240734  0.564656  0.552124  0.725750 
35  0.688108  0.347493  0.255341  0.628334  0.148539  0.203007  0.474587  0.260032  0.638705  0.692654  0.448849  0.257854  0.233075  0.626540  0.660456  0.137293  0.198938  0.245258  0.569838  0.608032  0.249500  0.279583  0.792679  0.262944  0.370922  0.280847  0.592074  0.158175  0.442699  0.429995  0.329218  0.226679  0.287386  0.501556  0.182212 0.0  0.673539  0.436025  0.686685  0.308678  0.586829  0.881903  0.233736  0.233407  0.258557  0.424940  0.258563  0.342935  0.237739  0.625478  0.433872  0.652425  0.250370  0.717952  0.313853  0.119509  0.035603  0.162973  0.696801  0.571164  0.699447 
36  0.178498  0.796658  0.707886  0.700315  0.533954  0.623362  0.000000  0.621680  0.235462  0.244950  0.700045  0.483314  0.633706  0.120991  0.244474  0.743216  0.638479  0.529441  0.231776  0.262629  0.692032  0.629479  0.333603  0.658002  0.653431  0.884722  0.832687  0.547279  0.519873  0.866649  0.809069  0.528308  0.548672  0.571665  0.576608  0.673539 0.0  0.731049  0.368225  0.714209  0.261194  0.394267  0.622469  0.730394  0.602222  0.412826  0.661879  0.603664  0.619416  0.205760  0.763837  0.140966  0.521288  0.259168  0.656870  0.515998  0.604269  0.576493  0.683012  0.209087  0.337630 
37  0.548079  0.000000  0.311713  0.549738  0.370910  0.257155  0.716734  0.357172  0.721736  0.734584  0.342617  0.357821  0.498489  0.754706  0.650622  0.354900  0.373939  0.292361  0.714288  0.659272  0.310865  0.329295  0.791786  0.413918  0.434320  0.352790  0.361966  0.287701  0.512209  0.495936  0.343993  0.558800  0.369130  0.616567  0.319302  0.436025  0.731049 0.0  0.832079  0.385218  0.675271  0.754303  0.274844  0.283814  0.298988  0.631107  0.321718  0.252565  0.252454  0.711898  0.331044  0.642909  0.398900  0.806910  0.263985  0.389490  0.322370  0.445623  0.565838  0.660852  0.776116 
38  0.241231  0.759885  0.599852  0.500788  0.916980  0.655779  0.354095  0.591181  0.296841  0.420746  0.476591  0.805127  0.781131  0.371564  0.386014  0.757583  0.752463  0.771221  0.304506  0.365103  0.833375  0.657574  0.037530  0.726013  0.618190  0.652555  0.781545  0.744439  0.491203  0.903751  0.894331  0.703156  0.730014  0.679505  0.772078  0.686685  0.368225  0.832079 0.0  0.487016  0.442146  0.347719  0.729554  0.716944  0.797501  0.547978  0.692208  0.706970  0.786327  0.249896  0.592257  0.418288  0.823304  0.081845  0.644307  0.740671  0.869552  0.673987  0.535795  0.356737  0.147718 
39  0.770119  0.420621  0.100325  0.562444  0.333208  0.239321  0.630333  0.381958  0.648752  0.714715  0.066417  0.428390  0.286912  0.757898  0.740255  0.342989  0.257832  0.267578  0.776932  0.767008  0.383346  0.232823  0.639074  0.338636  0.178580  0.215607  0.417859  0.401661  0.479456  0.299821  0.515260  0.209419  0.279196  0.720641  0.347962  0.308678  0.714209  0.385218  0.487016 0.0  0.804238  0.722296  0.290834  0.287601  0.347720  0.515342  0.388265  0.358561  0.348029  0.685109  0.135135  0.716487  0.284049  0.706278  0.243343  0.285566  0.387779  0.393910  0.599380  0.706334  0.693307 
40  0.109645  0.808275  0.846125  0.637466  0.515491  0.723757  0.000000  0.521694  0.234183  0.226909  0.778384  0.531804  0.582196  0.222456  0.097658  0.476341  0.487256  0.571082  0.169920  0.174891  0.761385  0.604311  0.376755  0.668733  0.672538  0.825739  0.762274  0.686436  0.515922  0.743221  0.810795  0.602145  0.651985  0.469542  0.547279  0.586829  0.261194  0.675271  0.442146  0.804238 0.0  0.428615  0.661106  0.627821  0.666702  0.457946  0.598838  0.649980  0.659552  0.119399  0.775103  0.132710  0.637545  0.415116  0.676327  0.648024  0.498439  0.539808  0.693078  0.245851  0.313514 
41  0.324327  0.672186  0.791049  0.334266  0.817703  0.679082  0.444543  0.927560  0.527724  0.436722  0.757390  0.813430  0.993894  0.542091  0.368385  0.877847  0.819752  0.913954  0.365918  0.457327  0.507139  0.701854  0.337091  0.814203  0.720331  0.774786  0.612407  0.863688  0.366644  0.644758  0.474775  0.913765  0.910350  0.289210  0.944488  0.881903  0.394267  0.754303  0.347719  0.722296  0.428615 0.0  0.766212  0.723793  0.865271  0.676318  0.848515  0.951042  0.630942  0.541307  0.774401  0.443310  0.929018  0.278116  0.562951  0.929166  0.687395  0.935780  0.437906  0.348777  0.297478 
42  0.645170  0.318045  0.411929  0.747352  0.114187  0.243816  0.458349  0.198564  0.620807  0.586280  0.329061  0.160570  0.235157  0.599530  0.608250  0.207455  0.169106  0.168539  0.709790  0.644268  0.320988  0.213624  0.793276  0.212674  0.404354  0.310882  0.498104  0.290995  0.493019  0.327142  0.289172  0.173594  0.000000  0.489681  0.186460  0.233736  0.622469  0.274844  0.729554  0.290834  0.661106  0.766212 0.0  0.194993  0.191168  0.465418  0.210772  0.266324  0.346480  0.632311  0.382469  0.630474  0.191342  0.780514  0.306199  0.263086  0.069923  0.141541  0.691133  0.609851  0.741435 
43  0.632122  0.204523  0.201397  0.475040  0.308573  0.198294  0.696429  0.253094  0.584087  0.725340  0.260698  0.295260  0.371367  0.702056  0.640756  0.322432  0.287804  0.313406  0.608667  0.690648  0.232886  0.308290  0.647389  0.286507  0.390900  0.347508  0.208766  0.224297  0.439490  0.266078  0.211577  0.246313  0.230971  0.504819  0.262761  0.233407  0.730394  0.283814  0.716944  0.287601  0.627821  0.723793  0.194993 0.0  0.176249  0.511198  0.325294  0.290209  0.243456  0.575241  0.341965  0.612740  0.195315  0.777737  0.310348  0.317675  0.272703  0.227400  0.368319  0.697765  0.674765 
44  0.546063  0.324361  0.331251  0.586628  0.029832  0.207819  0.450460  0.193499  0.629945  0.586694  0.299727  0.224724  0.072876  0.577751  0.639519  0.271691  0.155389  0.168321  0.697900  0.605276  0.259582  0.239455  0.725774  0.203546  0.285167  0.352892  0.507120  0.286836  0.507275  0.391850  0.361951  0.154009  0.255764  0.668199  0.181676  0.258557  0.602222  0.298988  0.797501  0.347720  0.666702  0.865271  0.191168  0.176249 0.0  0.428098  0.085731  0.275711  0.178175  0.605086  0.224727  0.635733  0.259017  0.616171  0.234733  0.265117  0.212500  0.248160  0.655981  0.669178  0.760017 
45  0.517982  0.485232  0.659670  0.574292  0.331907  0.447015  0.176116  0.322602  0.452310  0.374380  0.426905  0.484354  0.403160  0.371593  0.431208  0.460061  0.349011  0.416434  0.340998  0.357029  0.520782  0.457610  0.544436  0.374424  0.497230  0.624176  0.608487  0.371733  0.379451  0.640744  0.624556  0.256055  0.453074  0.631108  0.416481  0.424940  0.412826  0.631107  0.547978  0.515342  0.457946  0.676318  0.465418  0.511198  0.428098 0.0  0.310101  0.419867  0.472303  0.431150  0.639936  0.479380  0.449309  0.459510  0.421520  0.328555  0.350399  0.411601  0.840264  0.386699  0.518018 
46  0.508908  0.414773  0.346477  0.609683  0.183516  0.230553  0.334466  0.303864  0.662502  0.668141  0.241447  0.251607  0.253549  0.660007  0.636940  0.415343  0.211674  0.138753  0.518865  0.593605  0.407870  0.270913  0.749829  0.170903  0.288124  0.306831  0.437119  0.223344  0.522637  0.457416  0.298796  0.245520  0.183987  0.580532  0.217904  0.258563  0.661879  0.321718  0.692208  0.388265  0.598838  0.848515  0.210772  0.325294  0.085731  0.310101 0.0  0.090565  0.095838  0.614970  0.332216  0.609921  0.140207  0.746737  0.253996  0.249883  0.148792  0.236653  0.648453  0.531871  0.652796 
47  0.590249  0.269581  0.389450  0.700464  0.179772  0.148943  0.457215  0.259551  0.645940  0.573515  0.383565  0.064149  0.210037  0.516142  0.631406  0.192623  0.262554  0.226914  0.626666  0.516983  0.302870  0.196551  0.721382  0.203174  0.397547  0.345997  0.421726  0.260231  0.447361  0.435147  0.376729  0.204315  0.110048  0.482915  0.267545  0.342935  0.603664  0.252565  0.706970  0.358561  0.649980  0.951042  0.266324  0.290209  0.275711  0.419867  0.090565 0.0  0.346063  0.517485  0.449540  0.624925  0.174652  0.723712  0.183775  0.229407  0.221706  0.233680  0.832105  0.669128  0.707003 
48  0.764956  0.262088  0.239992  0.387866  0.333485  0.261051  0.726103  0.269294  0.639798  0.579408  0.143245  0.342875  0.241298  0.693501  0.761977  0.232873  0.124155  0.315994  0.612326  0.745144  0.278962  0.210953  0.610662  0.220415  0.333186  0.172081  0.379914  0.327333  0.493806  0.293218  0.256640  0.205701  0.251511  0.536323  0.362334  0.237739  0.619416  0.252454  0.786327  0.348029  0.659552  0.630942  0.346480  0.243456  0.178175  0.472303  0.095838  0.346063 0.0  0.782069  0.268973  0.600417  0.311569  0.674670  0.260686  0.275066  0.289806  0.207416  0.552921  0.686799  0.638117 
49  0.241956  0.717262  0.711542  0.675073  0.421647  0.742483  0.006613  0.476616  0.219045  0.209497  0.720987  0.530648  0.611817  0.090241  0.193840  0.719946  0.663336  0.603549  0.193293  0.166046  0.689248  0.634988  0.297875  0.561420  0.659254  0.751693  0.829283  0.626633  0.466252  0.892067  0.656757  0.607648  0.704627  0.608066  0.647182  0.625478  0.205760  0.711898  0.249896  0.685109  0.119399  0.541307  0.632311  0.575241  0.605086  0.431150  0.614970  0.517485  0.782069 0.0  0.701568  0.225676  0.550919  0.267743  0.654199  0.547485  0.487369  0.707219  0.661948  0.227886  0.366945 
50  0.681954  0.296876  0.173072  0.520444  0.413637  0.304789  0.656746  0.229021  0.914089  0.705122  0.179907  0.319702  0.387215  0.725136  0.784157  0.342989  0.372867  0.354886  0.750043  0.829125  0.511075  0.338075  0.605285  0.308831  0.312947  0.185169  0.384049  0.370669  0.434777  0.360015  0.416192  0.288063  0.310337  0.721380  0.265656  0.433872  0.763837  0.331044  0.592257  0.135135  0.775103  0.774401  0.382469  0.341965  0.224727  0.639936  0.332216  0.449540  0.268973  0.701568 0.0  0.825426  0.365231  0.505557  0.290892  0.343285  0.430735  0.459354  0.533300  0.820215  0.408202 
51  0.127423  0.680629  0.703832  0.644343  0.482930  0.633549  0.000000  0.566434  0.144778  0.187832  0.764616  0.573990  0.541461  0.131393  0.067250  0.627056  0.450720  0.610432  0.221848  0.188765  0.793142  0.624924  0.330309  0.555479  0.768560  0.651541  0.906130  0.577572  0.425177  0.795948  0.678099  0.570332  0.577425  0.541908  0.548755  0.652425  0.140966  0.642909  0.418288  0.716487  0.132710  0.443310  0.630474  0.612740  0.635733  0.479380  0.609921  0.624925  0.600417  0.225676  0.825426 0.0  0.617996  0.372378  0.663843  0.572218  0.628362  0.527293  0.577763  0.206574  0.296762 
52  0.660835  0.346234  0.308864  0.857407  0.071608  0.386714  0.435277  0.208589  0.621159  0.619058  0.278539  0.217501  0.163564  0.578866  0.541204  0.237097  0.207476  0.181457  0.636619  0.627449  0.387157  0.302917  0.828106  0.106783  0.326151  0.323257  0.490577  0.172570  0.550111  0.374838  0.288193  0.124208  0.250234  0.571438  0.152540  0.250370  0.521288  0.398900  0.823304  0.284049  0.637545  0.929018  0.191342  0.195315  0.259017  0.449309  0.140207  0.174652  0.311569  0.550919  0.365231  0.617996 0.0  0.708449  0.246938  0.211707  0.152161  0.124843  0.741537  0.658164  0.742491 
53  0.174706  0.755959  0.580777  0.494663  0.811964  0.731109  0.341855  0.698623  0.341175  0.430982  0.643411  0.733163  0.773129  0.270825  0.431401  0.695222  0.768342  0.713188  0.297522  0.387407  0.897196  0.619662  0.159237  0.813100  0.546186  0.666595  0.729662  0.729309  0.399593  0.823150  0.732112  0.717164  0.762248  0.608857  0.803594  0.717952  0.259168  0.806910  0.081845  0.706278  0.415116  0.278116  0.780514  0.777737  0.616171  0.459510  0.746737  0.723712  0.674670  0.267743  0.505557  0.372378  0.708449 0.0  0.634482  0.812047  0.783432  0.711840  0.499486  0.407710  0.169496 
54  0.639115  0.288456  0.352750  0.422318  0.271529  0.117014  0.766240  0.351812  0.579128  0.599904  0.182479  0.197402  0.330923  0.690376  0.686267  0.363375  0.190563  0.258730  0.665599  0.664936  0.222427  0.312283  0.544773  0.283129  0.221321  0.226502  0.195571  0.334287  0.440291  0.294451  0.355895  0.398377  0.185917  0.471202  0.226741  0.313853  0.656870  0.263985  0.644307  0.243343  0.676327  0.562951  0.306199  0.310348  0.234733  0.421520  0.253996  0.183775  0.260686  0.654199  0.290892  0.663843  0.246938  0.634482 0.0  0.343249  0.246807  0.330621  0.494873  0.728812  0.711631 
55  0.601211  0.259636  0.239140  0.660410  0.077884  0.283300  0.551025  0.206589  0.493970  0.579353  0.216338  0.285520  0.167936  0.578532  0.466819  0.249210  0.265119  0.149207  0.675824  0.566763  0.329161  0.187687  0.701036  0.226064  0.296513  0.405691  0.545002  0.257568  0.394514  0.379026  0.235094  0.230663  0.255794  0.592949  0.222961  0.119509  0.515998  0.389490  0.740671  0.285566  0.648024  0.929166  0.263086  0.317675  0.265117  0.328555  0.249883  0.229407  0.275066  0.547485  0.343285  0.572218  0.211707  0.812047  0.343249 0.0  0.181383  0.196822  0.740047  0.455175  0.700721 
56  0.504948  0.414164  0.327001  0.669513  0.177722  0.324891  0.510184  0.049012  0.436284  0.548028  0.396264  0.151361  0.164563  0.454095  0.535429  0.114871  0.213977  0.174894  0.442250  0.563509  0.429894  0.217369  0.944774  0.149706  0.283293  0.414355  0.359058  0.143197  0.440017  0.322691  0.482967  0.221456  0.064155  0.603397  0.083034  0.035603  0.604269  0.322370  0.869552  0.387779  0.498439  0.687395  0.069923  0.272703  0.212500  0.350399  0.148792  0.221706  0.289806  0.487369  0.430735  0.628362  0.152161  0.783432  0.246807  0.181383 0.0  0.084041  0.590823  0.609144  0.791482 
57  0.554840  0.366339  0.451887  0.632055  0.181146  0.239808  0.492908  0.172670  0.509416  0.500970  0.345359  0.138683  0.102162  0.531169  0.533844  0.125852  0.094828  0.176680  0.502817  0.658542  0.293028  0.303913  0.785210  0.263822  0.303411  0.338386  0.485061  0.210826  0.524145  0.456023  0.247747  0.245092  0.322395  0.541024  0.240734  0.162973  0.576493  0.445623  0.673987  0.393910  0.539808  0.935780  0.141541  0.227400  0.248160  0.411601  0.236653  0.233680  0.207416  0.707219  0.459354  0.527293  0.124843  0.711840  0.330621  0.196822  0.084041 0.0  0.645536  0.602440  0.775457 
58  0.765410  0.570627  0.435829  0.423958  0.555075  0.440459  0.476504  0.711987  0.574125  0.778745  0.550880  0.580976  0.728417  0.712005  0.698049  0.599315  0.647539  0.579566  0.719881  0.652406  0.334577  0.366050  0.521497  0.691749  0.518542  0.622509  0.364626  0.690633  0.479813  0.406814  0.295856  0.692751  0.625930  0.352021  0.564656  0.696801  0.683012  0.565838  0.535795  0.599380  0.693078  0.437906  0.691133  0.368319  0.655981  0.840264  0.648453  0.832105  0.552921  0.661948  0.533300  0.577763  0.741537  0.499486  0.494873  0.740047  0.590823  0.645536 0.0  0.728979  0.556307 
59  0.164625  0.816523  0.635733  0.626028  0.448804  0.624803  0.033489  0.640379  0.137934  0.202409  0.827905  0.575985  0.538855  0.166494  0.238391  0.576547  0.627772  0.476808  0.262450  0.277214  0.779942  0.677731  0.285325  0.613669  0.744602  0.775546  0.799650  0.616006  0.518810  0.966159  0.733565  0.605562  0.707229  0.599247  0.552124  0.571164  0.209087  0.660852  0.356737  0.706334  0.245851  0.348777  0.609851  0.697765  0.669178  0.386699  0.531871  0.669128  0.686799  0.227886  0.820215  0.206574  0.658164  0.407710  0.728812  0.455175  0.609144  0.602440  0.728979 0.0  0.379140 
60  0.433436  0.714943  0.640239  0.558160  0.808803  0.677072  0.293699  0.655959  0.350726  0.306770  0.617671  0.809333  0.732728  0.238386  0.349581  0.640880  0.746205  0.748497  0.283975  0.306181  0.844272  0.719723  0.181116  0.705095  0.583137  0.622037  0.694762  0.815462  0.497517  0.849541  1.000000  0.760368  0.681055  0.658684  0.725750  0.699447  0.337630  0.776116  0.147718  0.693307  0.313514  0.297478  0.741435  0.674765  0.760017  0.518018  0.652796  0.707003  0.638117  0.366945  0.408202  0.296762  0.742491  0.169496  0.711631  0.700721  0.791482  0.775457  0.556307  0.379140 0.0 
