61
0 0.0  0.774923  0.694830  0.643643  0.480000  0.636921  0.019077  0.718874  0.242192  0.242529  0.710556  0.657582  0.615831  0.214335  0.224125  0.615681  0.578678  0.644161  0.212545  0.230935  0.804226  0.778539  0.420898  0.593753  0.765012  0.735911  0.868794  0.590614  0.397025  0.834118  0.772598  0.598784  0.650490  0.601263  0.564165  0.625489  0.043940  0.770476  0.375481  0.790999  0.087618  0.415864  0.564449  0.659002  0.642385  0.369628  0.665466  0.509940  0.749312  0.204286  0.717912  0.236266  0.619011  0.336252  0.743351  0.515447  0.523965  0.632853  0.761072  0.192788  0.277234 
1  0.774923 0.0  0.388802  0.541768  0.398397  0.192836  0.792088  0.337234  0.643065  0.778898  0.365157  0.382509  0.408644  0.798197  0.789840  0.296716  0.377594  0.370867  0.843575  0.725248  0.217239  0.211992  0.808216  0.275011  0.268523  0.372635  0.348446  0.346714  0.477770  0.398529  0.268052  0.374003  0.342226  0.549185  0.325615  0.324264  0.741092  0.022833  0.765832  0.302811  0.766025  0.818436  0.386119  0.241356  0.347642  0.631770  0.341564  0.343452  0.324860  0.780269  0.182153  0.823981  0.360776  0.667119  0.136950  0.322467  0.452459  0.354958  0.624532  0.798692  0.660164 
2  0.694830  0.388802 0.0  0.579343  0.367847  0.249705  0.782423  0.299935  0.732793  0.657623  0.139585  0.345667  0.252567  0.686151  0.689609  0.358024  0.347123  0.259117  0.677367  0.808702  0.486207  0.322108  0.493895  0.358695  0.242814  0.048269  0.352091  0.314953  0.453505  0.403603  0.476293  0.383296  0.383545  0.705685  0.285214  0.408344  0.678716  0.316946  0.598792  0.148012  0.732221  0.759044  0.239841  0.293742  0.408623  0.396062  0.370055  0.320355  0.265820  0.734814  0.162785  0.753554  0.309753  0.580287  0.253718  0.329429  0.394779  0.352948  0.536582  0.747703  0.644347 
3  0.643643  0.541768  0.579343 0.0  0.500846  0.565562  0.535179  0.514177  0.672234  0.670715  0.610015  0.720656  0.722018  0.649685  0.644942  0.661469  0.710945  0.659637  0.694647  0.593839  0.266488  0.483261  0.567428  0.747865  0.555391  0.538298  0.442023  0.708385  0.539545  0.375555  0.332768  0.742002  0.769365  0.263939  0.585247  0.650233  0.680440  0.509139  0.487608  0.647297  0.651416  0.361476  0.612606  0.456955  0.558445  0.628156  0.603450  0.657908  0.420959  0.686664  0.576538  0.653144  0.608822  0.586419  0.450204  0.717862  0.552411  0.733185  0.389858  0.642288  0.452000 
4  0.480000  0.398397  0.367847  0.500846 0.0  0.270512  0.527311  0.195845  0.583760  0.549736  0.425101  0.049991  0.174617  0.528357  0.572908  0.111042  0.231973  0.080558  0.623755  0.632430  0.429617  0.172001  0.779534  0.119045  0.402015  0.483926  0.286322  0.062374  0.394621  0.467636  0.367533  0.065138  0.187582  0.516688  0.114004  0.242247  0.571292  0.432772  0.833357  0.353153  0.561606  0.752449  0.159176  0.216209  0.126700  0.235776  0.162684  0.066773  0.200274  0.493593  0.364182  0.585380  0.093549  0.784789  0.267639  0.000000  0.151998  0.112543  0.563009  0.636238  0.852742 
5  0.636921  0.192836  0.249705  0.565562  0.270512 0.0  0.648254  0.243974  0.615665  0.636135  0.343293  0.310994  0.330642  0.633085  0.618783  0.268434  0.182684  0.299707  0.642660  0.657008  0.251700  0.245842  0.652949  0.279971  0.232279  0.247955  0.221892  0.305139  0.511562  0.292278  0.249155  0.311987  0.202755  0.436635  0.228852  0.277702  0.664631  0.417609  0.728611  0.135658  0.673184  0.681247  0.267931  0.295943  0.213373  0.420364  0.290453  0.276839  0.257343  0.766004  0.207091  0.715271  0.202709  0.694073  0.193219  0.330992  0.334523  0.367280  0.492786  0.748636  0.774253 
6  0.019077  0.792088  0.782423  0.535179  0.527311  0.648254 0.0  0.439556  0.042275  0.058667  0.752385  0.449173  0.499611  0.000000  0.090069  0.441435  0.477113  0.582245  0.157694  0.105211  0.712275  0.746805  0.275471  0.526441  0.753614  0.792551  0.592913  0.433226  0.584146  0.879971  0.774639  0.518143  0.366776  0.475864  0.451885  0.523437  0.052697  0.811801  0.352967  0.777871  0.046834  0.369655  0.501876  0.664861  0.459683  0.297352  0.452840  0.563040  0.660900  0.114035  0.826991  0.071081  0.457040  0.335748  0.639628  0.586790  0.575250  0.435381  0.611546  0.077032  0.293177 
7  0.718874  0.337234  0.299935  0.514177  0.195845  0.243974  0.439556 0.0  0.565034  0.695493  0.338906  0.164896  0.200718  0.550558  0.653702  0.248127  0.226408  0.269888  0.634338  0.569887  0.374776  0.261749  0.767351  0.173716  0.289342  0.393960  0.402356  0.092664  0.474481  0.401449  0.382185  0.209155  0.202656  0.608530  0.192294  0.156093  0.610141  0.278469  0.805509  0.327280  0.653009  0.901684  0.262431  0.267481  0.097247  0.477877  0.223592  0.138388  0.290910  0.634846  0.382971  0.702669  0.251508  0.610709  0.260132  0.216038  0.030420  0.271085  0.658316  0.653984  0.783467 
8  0.242192  0.643065  0.732793  0.672234  0.583760  0.615665  0.042275  0.565034 0.0  0.167971  0.736265  0.570340  0.581171  0.208082  0.223013  0.587461  0.529444  0.691636  0.085668  0.180129  0.689854  0.624926  0.400790  0.628813  0.832112  0.721196  0.840345  0.539115  0.491217  0.809992  0.755642  0.541017  0.539874  0.650039  0.740503  0.667139  0.173158  0.682381  0.361523  0.806789  0.296657  0.409151  0.654168  0.602546  0.536471  0.450240  0.676335  0.580572  0.744383  0.144500  0.664347  0.183704  0.607437  0.399507  0.686820  0.578552  0.548067  0.511434  0.657351  0.176843  0.470618 
9  0.242529  0.778898  0.657623  0.670715  0.549736  0.636135  0.058667  0.695493  0.167971 0.0  0.775316  0.580829  0.541408  0.196716  0.158961  0.569732  0.630209  0.587768  0.215926  0.091038  0.740172  0.691580  0.271345  0.667995  0.704362  0.634178  1.000000  0.586368  0.492361  0.908255  0.649918  0.577512  0.565587  0.597979  0.570213  0.699901  0.243548  0.758390  0.427671  0.735240  0.207638  0.587354  0.601550  0.707127  0.593570  0.377520  0.537852  0.581951  0.715140  0.218580  0.803922  0.210767  0.561201  0.334695  0.581087  0.611615  0.661955  0.568150  0.618031  0.124497  0.263617 
10  0.710556  0.365157  0.139585  0.610015  0.425101  0.343293  0.752385  0.338906  0.736265  0.775316 0.0  0.313975  0.366138  0.675309  0.913238  0.378185  0.410955  0.360301  0.746318  0.738842  0.428315  0.188699  0.649659  0.266882  0.221769  0.214058  0.279933  0.294545  0.388996  0.464995  0.442345  0.245839  0.375250  0.614419  0.309496  0.427974  0.759152  0.323825  0.480057  0.288657  0.820306  0.766258  0.332854  0.286697  0.250135  0.589847  0.389499  0.319744  0.279250  0.810390  0.187339  0.728489  0.356075  0.663033  0.249588  0.327492  0.408086  0.443039  0.490894  0.826176  0.477112 
11  0.657582  0.382509  0.345667  0.720656  0.049991  0.310994  0.449173  0.164896  0.570340  0.580829  0.313975 0.0  0.241584  0.554074  0.682659  0.326558  0.221647  0.326466  0.620753  0.551240  0.442835  0.265514  0.693845  0.260161  0.275566  0.300146  0.473328  0.143075  0.523005  0.356225  0.258538  0.281089  0.232331  0.500779  0.179540  0.198366  0.600073  0.253669  0.731569  0.402036  0.500397  0.800726  0.111780  0.160880  0.172579  0.316344  0.307082  0.167495  0.259611  0.655629  0.257345  0.643685  0.205638  0.821883  0.331466  0.245043  0.159962  0.247873  0.657847  0.572470  0.819944 
12  0.615831  0.408644  0.252567  0.722018  0.174617  0.330642  0.499611  0.200718  0.581171  0.541408  0.366138  0.241584 0.0  0.646808  0.660525  0.220891  0.265560  0.301897  0.648066  0.675039  0.386471  0.385417  0.665236  0.101766  0.334424  0.240300  0.525560  0.180260  0.466324  0.252767  0.335885  0.193432  0.188332  0.559924  0.165603  0.134186  0.618362  0.283394  0.766125  0.303593  0.673305  0.921811  0.156833  0.283806  0.307327  0.348960  0.132983  0.266984  0.301909  0.628494  0.323993  0.594441  0.096198  0.707104  0.289188  0.102327  0.117405  0.135226  0.617162  0.586654  0.736182 
13  0.214335  0.798197  0.686151  0.649685  0.528357  0.633085  0.000000  0.550558  0.208082  0.196716  0.675309  0.554074  0.646808 0.0  0.173907  0.653419  0.594939  0.622850  0.186090  0.120228  0.746473  0.655340  0.359291  0.587446  0.821384  0.727803  0.805264  0.557736  0.442830  0.793644  0.735736  0.464208  0.670793  0.571327  0.593295  0.596098  0.107124  0.746026  0.287855  0.757846  0.127312  0.505383  0.612434  0.582523  0.676187  0.476548  0.622487  0.581678  0.660229  0.147015  0.827356  0.162301  0.639891  0.381948  0.695498  0.534066  0.435526  0.571838  0.652278  0.199126  0.288959 
14  0.224125  0.789840  0.689609  0.644942  0.572908  0.618783  0.090069  0.653702  0.223013  0.158961  0.913238  0.682659  0.660525  0.173907 0.0  0.609001  0.652827  0.641783  0.159982  0.188292  0.737569  0.633250  0.286694  0.590632  0.725355  0.733800  0.901552  0.638597  0.477011  0.790100  0.644187  0.525787  0.453978  0.569603  0.539819  0.572154  0.217628  0.648082  0.265059  0.788329  0.159044  0.408548  0.740394  0.585904  0.616767  0.447029  0.624603  0.585070  0.675300  0.142855  0.650115  0.217776  0.517768  0.360575  0.679713  0.576408  0.575654  0.643993  0.646402  0.212510  0.275623 
15  0.615681  0.296716  0.358024  0.661469  0.111042  0.268434  0.441435  0.248127  0.587461  0.569732  0.378185  0.326558  0.220891  0.653419  0.609001 0.0  0.202057  0.180253  0.660150  0.592889  0.354667  0.388405  0.796067  0.182275  0.361031  0.331424  0.487830  0.122964  0.430897  0.426077  0.335354  0.209107  0.068735  0.535404  0.196326  0.259390  0.664333  0.340073  0.745015  0.293998  0.549878  0.839386  0.226921  0.214855  0.179568  0.391755  0.197522  0.286190  0.365425  0.573220  0.269751  0.537060  0.235482  0.739305  0.333521  0.239309  0.120452  0.093516  0.625184  0.600221  0.783833 
16  0.578678  0.377594  0.347123  0.710945  0.231973  0.182684  0.477113  0.226408  0.529444  0.630209  0.410955  0.221647  0.265560  0.594939  0.652827  0.202057 0.0  0.147126  0.682170  0.622074  0.315862  0.279520  0.654708  0.300452  0.175727  0.244253  0.502046  0.164863  0.534177  0.426826  0.286052  0.253548  0.228350  0.447522  0.255128  0.214431  0.576496  0.330063  0.762158  0.330752  0.601486  0.814048  0.296971  0.315730  0.193915  0.464308  0.240045  0.122198  0.242836  0.602607  0.247556  0.532443  0.213369  0.812408  0.263538  0.230353  0.115963  0.239979  0.614201  0.574383  0.738085 
17  0.644161  0.370867  0.259117  0.659637  0.080558  0.299707  0.582245  0.269888  0.691636  0.587768  0.360301  0.326466  0.301897  0.622850  0.641783  0.180253  0.147126 0.0  0.556082  0.621440  0.307582  0.207129  0.711444  0.135525  0.314362  0.242890  0.465099  0.151306  0.549870  0.386475  0.369040  0.300941  0.243243  0.568130  0.210065  0.186345  0.620687  0.243949  0.792576  0.322949  0.587564  0.910238  0.299534  0.199349  0.191553  0.459828  0.342307  0.201951  0.207031  0.635591  0.325389  0.516579  0.116419  0.732830  0.207909  0.243517  0.043723  0.157776  0.588045  0.637410  0.756087 
18  0.212545  0.843575  0.677367  0.694647  0.623755  0.642660  0.157694  0.634338  0.085668  0.215926  0.746318  0.620753  0.648066  0.186090  0.159982  0.660150  0.682170  0.556082 0.0  0.272256  0.704258  0.698500  0.414823  0.569983  0.777771  0.744274  0.884847  0.512061  0.387413  0.806623  0.738735  0.654329  0.723792  0.549297  0.733141  0.569909  0.210751  0.763377  0.208105  0.633403  0.341699  0.446096  0.623796  0.674963  0.583310  0.390446  0.549370  0.619199  0.676231  0.132064  0.685041  0.141408  0.505218  0.300914  0.775200  0.658877  0.560599  0.708698  0.697707  0.106111  0.359927 
19  0.230935  0.725248  0.808702  0.593839  0.632430  0.657008  0.105211  0.569887  0.180129  0.091038  0.738842  0.551240  0.675039  0.120228  0.188292  0.592889  0.622074  0.621440  0.272256 0.0  0.756364  0.698564  0.267874  0.748401  0.746476  0.751127  0.894330  0.606130  0.484203  0.813641  0.783309  0.616510  0.646757  0.551957  0.516416  0.548874  0.305606  0.797940  0.351295  0.718399  0.189665  0.458298  0.608433  0.646871  0.623414  0.507514  0.649245  0.552844  0.651049  0.168465  0.820704  0.222241  0.519127  0.334233  0.673124  0.720597  0.601012  0.643253  0.691314  0.213449  0.375767 
20  0.804226  0.217239  0.486207  0.266488  0.429617  0.251700  0.712275  0.374776  0.689854  0.740172  0.428315  0.442835  0.386471  0.746473  0.737569  0.354667  0.315862  0.307582  0.704258  0.756364 0.0  0.399024  0.912490  0.429405  0.466063  0.496515  0.030729  0.371934  0.456534  0.131606  0.137214  0.356738  0.303045  0.434602  0.305161  0.317453  0.741304  0.378342  0.887617  0.382750  0.770437  0.577798  0.331696  0.352925  0.332625  0.550661  0.326241  0.309148  0.273928  0.757681  0.470126  0.796558  0.255585  0.799765  0.276586  0.375733  0.407613  0.338892  0.201807  0.721588  0.841256 
21  0.778539  0.211992  0.322108  0.483261  0.172001  0.245842  0.746805  0.261749  0.624926  0.691580  0.188699  0.265514  0.385417  0.655340  0.633250  0.388405  0.279520  0.207129  0.698500  0.698564  0.399024 0.0  0.628025  0.317568  0.256418  0.217340  0.237117  0.161734  0.490650  0.366436  0.265426  0.232275  0.368457  0.445297  0.292125  0.309918  0.617039  0.360505  0.641012  0.344848  0.686056  0.810559  0.237618  0.347731  0.182304  0.509701  0.172278  0.198786  0.288033  0.752245  0.365536  0.712684  0.142048  0.597389  0.219503  0.299935  0.282415  0.298437  0.444532  0.691264  0.646315 
22  0.420898  0.808216  0.493895  0.567428  0.779534  0.652949  0.275471  0.767351  0.400790  0.271345  0.649659  0.693845  0.665236  0.359291  0.286694  0.796067  0.654708  0.711444  0.414823  0.267874  0.912490  0.628025 0.0  0.769249  0.544320  0.666647  0.788829  0.808641  0.502846  0.907599  0.827513  0.685806  0.683679  0.587958  0.739323  0.730736  0.322202  0.762033  0.114314  0.602932  0.225386  0.308478  0.751825  0.730365  0.821043  0.511110  0.796744  0.886482  0.673729  0.256315  0.577611  0.303298  0.806805  0.224726  0.778808  0.676434  0.922277  0.651059  0.525527  0.303548  0.186689 
23  0.593753  0.275011  0.358695  0.747865  0.119045  0.279971  0.526441  0.173716  0.628813  0.667995  0.266882  0.260161  0.101766  0.587446  0.590632  0.182275  0.300452  0.135525  0.569983  0.748401  0.429405  0.317568  0.769249 0.0  0.283020  0.305424  0.452293  0.280796  0.502866  0.455888  0.466267  0.211926  0.172578  0.539439  0.247230  0.175441  0.565758  0.337450  0.678724  0.309995  0.578185  0.865976  0.256359  0.337099  0.117596  0.398218  0.164120  0.324071  0.275821  0.646130  0.289018  0.604905  0.180151  0.759297  0.278100  0.128811  0.151216  0.235208  0.657844  0.594970  0.799982 
24  0.765012  0.268523  0.242814  0.555391  0.402015  0.232279  0.753614  0.289342  0.832112  0.704362  0.221769  0.275566  0.334424  0.821384  0.725355  0.361031  0.175727  0.314362  0.777771  0.746476  0.466063  0.256418  0.544320  0.283020 0.0  0.170107  0.324155  0.318100  0.557393  0.515466  0.566842  0.375091  0.354639  0.736471  0.283446  0.359754  0.880677  0.255864  0.556383  0.231754  0.683423  0.821727  0.272871  0.212709  0.255687  0.490187  0.377518  0.343345  0.242342  0.718260  0.299789  0.781025  0.287543  0.596455  0.197662  0.318379  0.342942  0.332732  0.539128  0.699349  0.730364 
25  0.735911  0.372635  0.048269  0.538298  0.483926  0.247955  0.792551  0.393960  0.721196  0.634178  0.214058  0.300146  0.240300  0.727803  0.733800  0.331424  0.244253  0.242890  0.744274  0.751127  0.496515  0.217340  0.666647  0.305424  0.170107 0.0  0.296674  0.280389  0.499388  0.367578  0.570064  0.350454  0.384058  0.652749  0.307671  0.269777  0.696331  0.307706  0.648502  0.196532  0.841745  0.756110  0.391031  0.345199  0.244854  0.538952  0.321500  0.313801  0.276531  0.615323  0.131659  0.773056  0.384103  0.618576  0.305120  0.258447  0.503007  0.399651  0.510180  0.688935  0.536230 
26  0.868794  0.348446  0.352091  0.442023  0.286322  0.221892  0.592913  0.402356  0.840345  1.000000  0.279933  0.473328  0.525560  0.805264  0.901552  0.487830  0.502046  0.465099  0.884847  0.894330  0.030729  0.237117  0.788829  0.452293  0.324155  0.296674 0.0  0.444191  0.376116  0.080186  0.036089  0.431383  0.428901  0.335903  0.451227  0.456341  0.856366  0.259043  0.836920  0.317172  0.893780  0.661263  0.354989  0.295632  0.513885  0.593579  0.500650  0.391405  0.258931  0.872307  0.324640  0.886902  0.501914  0.656385  0.324323  0.515313  0.449494  0.473859  0.388504  0.827638  0.710705 
27  0.590614  0.346714  0.314953  0.708385  0.062374  0.305139  0.433226  0.092664  0.539115  0.586368  0.294545  0.143075  0.180260  0.557736  0.638597  0.122964  0.164863  0.151306  0.512061  0.606130  0.371934  0.161734  0.808641  0.280796  0.318100  0.280389  0.444191 0.0  0.468079  0.383717  0.250271  0.033966  0.211378  0.612764  0.274951  0.289580  0.571680  0.361273  0.689326  0.384003  0.691687  0.819129  0.171193  0.203258  0.180528  0.362370  0.181890  0.276530  0.278769  0.587442  0.290144  0.626963  0.202402  0.818128  0.164251  0.082319  0.127903  0.148497  0.729696  0.557464  0.822998 
28  0.397025  0.477770  0.453505  0.539545  0.394621  0.511562  0.584146  0.474481  0.491217  0.492361  0.388996  0.523005  0.466324  0.442830  0.477011  0.430897  0.534177  0.549870  0.387413  0.484203  0.456534  0.490650  0.502846  0.502866  0.557393  0.499388  0.376116  0.468079 0.0  0.471490  0.562952  0.448521  0.457291  0.493806  0.523089  0.492601  0.432118  0.364121  0.398087  0.534539  0.378217  0.361479  0.606237  0.523067  0.526353  0.355940  0.468390  0.361228  0.471174  0.500479  0.406125  0.437921  0.472771  0.489280  0.381248  0.531770  0.497719  0.357585  0.425880  0.573545  0.523916 
29  0.834118  0.398529  0.403603  0.375555  0.467636  0.292278  0.879971  0.401449  0.809992  0.908255  0.464995  0.356225  0.252767  0.793644  0.790100  0.426077  0.426826  0.386475  0.806623  0.813641  0.131606  0.366436  0.907599  0.455888  0.515466  0.367578  0.080186  0.383717  0.471490 0.0  0.050135  0.375760  0.456017  0.315698  0.392799  0.433109  0.790347  0.391433  0.882076  0.456498  0.739078  0.596694  0.475281  0.280026  0.399595  0.618074  0.251703  0.283079  0.271290  0.856376  0.374729  0.792499  0.384676  0.820442  0.236278  0.427405  0.456263  0.444731  0.411598  0.813454  0.776312 
30  0.772598  0.268052  0.476293  0.332768  0.367533  0.249155  0.774639  0.382185  0.755642  0.649918  0.442345  0.258538  0.335885  0.735736  0.644187  0.335354  0.286052  0.369040  0.738735  0.783309  0.137214  0.265426  0.827513  0.466267  0.566842  0.570064  0.036089  0.250271  0.562952  0.050135 0.0  0.396256  0.423980  0.405480  0.285272  0.340773  0.748743  0.285674  0.889050  0.418047  0.770231  0.483639  0.267586  0.288111  0.364043  0.489354  0.316183  0.299985  0.249213  0.758313  0.547823  0.835614  0.193128  0.927520  0.216068  0.293082  0.348986  0.364348  0.291571  0.662928  0.829227 
31  0.598784  0.374003  0.383296  0.742002  0.065138  0.311987  0.518143  0.209155  0.541017  0.577512  0.245839  0.281089  0.193432  0.464208  0.525787  0.209107  0.253548  0.300941  0.654329  0.616510  0.356738  0.232275  0.685806  0.211926  0.375091  0.350454  0.431383  0.033966  0.448521  0.375760  0.396256 0.0  0.113042  0.619236  0.115037  0.237591  0.660435  0.323982  0.614811  0.409210  0.608715  0.869224  0.142386  0.285025  0.165177  0.440554  0.194343  0.171703  0.266036  0.547243  0.323212  0.681561  0.146264  0.720457  0.344641  0.177975  0.044747  0.235626  0.694738  0.535615  0.725140 
32  0.650490  0.342226  0.383545  0.769365  0.187582  0.202755  0.366776  0.202656  0.539874  0.565587  0.375250  0.232331  0.188332  0.670793  0.453978  0.068735  0.228350  0.243243  0.723792  0.646757  0.303045  0.368457  0.683679  0.172578  0.354639  0.384058  0.428901  0.211378  0.457291  0.456017  0.423980  0.113042 0.0  0.469863  0.210220  0.225593  0.604624  0.358068  0.765990  0.400189  0.628816  0.907187  0.126335  0.224889  0.232188  0.442259  0.187767  0.212352  0.262759  0.583731  0.309020  0.518168  0.266553  0.844752  0.194752  0.095677  0.113174  0.189853  0.574953  0.669375  0.757029 
33  0.601263  0.549185  0.705685  0.263939  0.516688  0.436635  0.475864  0.608530  0.650039  0.597979  0.614419  0.500779  0.559924  0.571327  0.569603  0.535404  0.447522  0.568130  0.549297  0.551957  0.434602  0.445297  0.587958  0.539439  0.736471  0.652749  0.335903  0.612764  0.493806  0.315698  0.405480  0.619236  0.469863 0.0  0.543608  0.512199  0.582946  0.625526  0.784751  0.600823  0.492008  0.334066  0.434808  0.468743  0.478915  0.665000  0.481265  0.579808  0.443952  0.644011  0.627087  0.506899  0.561645  0.667187  0.422431  0.490619  0.564818  0.528522  0.211156  0.589642  0.751523 
34  0.564165  0.325615  0.285214  0.585247  0.114004  0.228852  0.451885  0.192294  0.740503  0.570213  0.309496  0.179540  0.165603  0.593295  0.539819  0.196326  0.255128  0.210065  0.733141  0.516416  0.305161  0.292125  0.739323  0.247230  0.283446  0.307671  0.451227  0.274951  0.523089  0.392799  0.285272  0.115037  0.210220  0.543608 0.0  0.134394  0.550565  0.425073  0.774201  0.227792  0.621885  0.879194  0.187716  0.292061  0.165315  0.439535  0.179675  0.135435  0.307709  0.649678  0.362346  0.627694  0.187153  0.748253  0.324414  0.196056  0.027336  0.047704  0.625271  0.640229  0.772355 
35  0.625489  0.324264  0.408344  0.650233  0.242247  0.277702  0.523437  0.156093  0.667139  0.699901  0.427974  0.198366  0.134186  0.596098  0.572154  0.259390  0.214431  0.186345  0.569909  0.548874  0.317453  0.309918  0.730736  0.175441  0.359754  0.269777  0.456341  0.289580  0.492601  0.433109  0.340773  0.237591  0.225593  0.512199  0.134394 0.0  0.591609  0.400594  0.708162  0.275480  0.606660  0.891720  0.176811  0.256859  0.260049  0.345510  0.169477  0.174302  0.372084  0.586195  0.393674  0.629180  0.204239  0.799720  0.332018  0.217934  0.163235  0.213037  0.649351  0.697476  0.605871 
36  0.043940  0.741092  0.678716  0.680440  0.571292  0.664631  0.052697  0.610141  0.173158  0.243548  0.759152  0.600073  0.618362  0.107124  0.217628  0.664333  0.576496  0.620687  0.210751  0.305606  0.741304  0.617039  0.322202  0.565758  0.880677  0.696331  0.856366  0.571680  0.432118  0.790347  0.748743  0.660435  0.604624  0.582946  0.550565  0.591609 0.0  0.694341  0.345110  0.713873  0.187951  0.506345  0.691299  0.737345  0.680783  0.285489  0.623245  0.574913  0.700528  0.080078  0.724059  0.163537  0.616351  0.380187  0.610909  0.566032  0.404993  0.620625  0.664673  0.179443  0.297843 
37  0.770476  0.022833  0.316946  0.509139  0.432772  0.417609  0.811801  0.278469  0.682381  0.758390  0.323825  0.253669  0.283394  0.746026  0.648082  0.340073  0.330063  0.243949  0.763377  0.797940  0.378342  0.360505  0.762033  0.337450  0.255864  0.307706  0.259043  0.361273  0.364121  0.391433  0.285674  0.323982  0.358068  0.625526  0.425073  0.400594  0.694341 0.0  0.782684  0.462998  0.801101  0.618790  0.365885  0.183796  0.302202  0.566797  0.211547  0.319088  0.229254  0.731889  0.403191  0.734701  0.417406  0.849631  0.240098  0.385474  0.385887  0.235345  0.577560  0.677578  0.786376 
38  0.375481  0.765832  0.598792  0.487608  0.833357  0.728611  0.352967  0.805509  0.361523  0.427671  0.480057  0.731569  0.766125  0.287855  0.265059  0.745015  0.762158  0.792576  0.208105  0.351295  0.887617  0.641012  0.114314  0.678724  0.556383  0.648502  0.836920  0.689326  0.398087  0.882076  0.889050  0.614811  0.765990  0.784751  0.774201  0.708162  0.345110  0.782684 0.0  0.676943  0.402611  0.343291  0.672097  0.785010  0.906925  0.515166  0.777382  0.717179  0.671491  0.402468  0.734203  0.302933  0.717050  0.138407  0.627320  0.724605  0.801237  0.770164  0.434158  0.250263  0.246537 
39  0.790999  0.302811  0.148012  0.647297  0.353153  0.135658  0.777871  0.327280  0.806789  0.735240  0.288657  0.402036  0.303593  0.757846  0.788329  0.293998  0.330752  0.322949  0.633403  0.718399  0.382750  0.344848  0.602932  0.309995  0.231754  0.196532  0.317172  0.384003  0.534539  0.456498  0.418047  0.409210  0.400189  0.600823  0.227792  0.275480  0.713873  0.462998  0.676943 0.0  0.804011  0.845083  0.256436  0.279048  0.336211  0.450942  0.286706  0.262560  0.182438  0.742449  0.171345  0.704858  0.325509  0.468259  0.212627  0.338186  0.444004  0.229225  0.504384  0.813134  0.690242 
40  0.087618  0.766025  0.732221  0.651416  0.561606  0.673184  0.046834  0.653009  0.296657  0.207638  0.820306  0.500397  0.673305  0.127312  0.159044  0.549878  0.601486  0.587564  0.341699  0.189665  0.770437  0.686056  0.225386  0.578185  0.683423  0.841745  0.893780  0.691687  0.378217  0.739078  0.770231  0.608715  0.628816  0.492008  0.621885  0.606660  0.187951  0.801101  0.402611  0.804011 0.0  0.400270  0.619836  0.717124  0.577949  0.329942  0.591907  0.663673  0.653220  0.121337  0.733977  0.231297  0.585904  0.277028  0.725308  0.602781  0.545487  0.707353  0.694902  0.208715  0.378227 
41  0.415864  0.818436  0.759044  0.361476  0.752449  0.681247  0.369655  0.901684  0.409151  0.587354  0.766258  0.800726  0.921811  0.505383  0.408548  0.839386  0.814048  0.910238  0.446096  0.458298  0.577798  0.810559  0.308478  0.865976  0.821727  0.756110  0.661263  0.819129  0.361479  0.596694  0.483639  0.869224  0.907187  0.334066  0.879194  0.891720  0.506345  0.618790  0.343291  0.845083  0.400270 0.0  0.832265  0.602032  0.917326  0.660435  0.900517  0.827877  0.629355  0.546704  0.708750  0.520367  0.917847  0.369664  0.838133  0.937344  0.790252  0.877453  0.391726  0.433347  0.261718 
42  0.564449  0.386119  0.239841  0.612606  0.159176  0.267931  0.501876  0.262431  0.654168  0.601550  0.332854  0.111780  0.156833  0.612434  0.740394  0.226921  0.296971  0.299534  0.623796  0.608433  0.331696  0.237618  0.751825  0.256359  0.272871  0.391031  0.354989  0.171193  0.606237  0.475281  0.267586  0.142386  0.126335  0.434808  0.187716  0.176811  0.691299  0.365885  0.672097  0.256436  0.619836  0.832265 0.0  0.326665  0.170572  0.439449  0.108841  0.156869  0.206173  0.511448  0.222348  0.531225  0.241428  0.708304  0.304124  0.207083  0.071520  0.327149  0.620363  0.598685  0.686889 
43  0.659002  0.241356  0.293742  0.456955  0.216209  0.295943  0.664861  0.267481  0.602546  0.707127  0.286697  0.160880  0.283806  0.582523  0.585904  0.214855  0.315730  0.199349  0.674963  0.646871  0.352925  0.347731  0.730365  0.337099  0.212709  0.345199  0.295632  0.203258  0.523067  0.280026  0.288111  0.285025  0.224889  0.468743  0.292061  0.256859  0.737345  0.183796  0.785010  0.279048  0.717124  0.602032  0.326665 0.0  0.287959  0.446600  0.257904  0.169764  0.328751  0.664454  0.240963  0.650963  0.297852  0.663622  0.296312  0.173201  0.357430  0.195650  0.543371  0.525596  0.658571 
44  0.642385  0.347642  0.408623  0.558445  0.126700  0.213373  0.459683  0.097247  0.536471  0.593570  0.250135  0.172579  0.307327  0.676187  0.616767  0.179568  0.193915  0.191553  0.583310  0.623414  0.332625  0.182304  0.821043  0.117596  0.255687  0.244854  0.513885  0.180528  0.526353  0.399595  0.364043  0.165177  0.232188  0.478915  0.165315  0.260049  0.680783  0.302202  0.906925  0.336211  0.577949  0.917326  0.170572  0.287959 0.0  0.441945  0.259578  0.128573  0.220406  0.475145  0.354998  0.467490  0.249166  0.608160  0.207605  0.224225  0.183578  0.310824  0.639633  0.533009  0.723413 
45  0.369628  0.631770  0.396062  0.628156  0.235776  0.420364  0.297352  0.477877  0.450240  0.377520  0.589847  0.316344  0.348960  0.476548  0.447029  0.391755  0.464308  0.459828  0.390446  0.507514  0.550661  0.509701  0.511110  0.398218  0.490187  0.538952  0.593579  0.362370  0.355940  0.618074  0.489354  0.440554  0.442259  0.665000  0.439535  0.345510  0.285489  0.566797  0.515166  0.450942  0.329942  0.660435  0.439449  0.446600  0.441945 0.0  0.331784  0.339091  0.454083  0.375489  0.548240  0.328110  0.370095  0.633599  0.498522  0.385171  0.348929  0.465734  0.722582  0.454677  0.427378 
46  0.665466  0.341564  0.370055  0.603450  0.162684  0.290453  0.452840  0.223592  0.676335  0.537852  0.389499  0.307082  0.132983  0.622487  0.624603  0.197522  0.240045  0.342307  0.549370  0.649245  0.326241  0.172278  0.796744  0.164120  0.377518  0.321500  0.500650  0.181890  0.468390  0.251703  0.316183  0.194343  0.187767  0.481265  0.179675  0.169477  0.623245  0.211547  0.777382  0.286706  0.591907  0.900517  0.108841  0.257904  0.259578  0.331784 0.0  0.137651  0.311875  0.543280  0.293856  0.552469  0.219886  0.750246  0.279935  0.128033  0.077991  0.254446  0.713101  0.544023  0.798519 
47  0.509940  0.343452  0.320355  0.657908  0.066773  0.276839  0.563040  0.138388  0.580572  0.581951  0.319744  0.167495  0.266984  0.581678  0.585070  0.286190  0.122198  0.201951  0.619199  0.552844  0.309148  0.198786  0.886482  0.324071  0.343345  0.313801  0.391405  0.276530  0.361228  0.283079  0.299985  0.171703  0.212352  0.579808  0.135435  0.174302  0.574913  0.319088  0.717179  0.262560  0.663673  0.827877  0.156869  0.169764  0.128573  0.339091  0.137651 0.0  0.337184  0.578929  0.339206  0.608557  0.194186  0.739105  0.265262  0.143299  0.189485  0.160250  0.644945  0.709100  0.721471 
48  0.749312  0.324860  0.265820  0.420959  0.200274  0.257343  0.660900  0.290910  0.744383  0.715140  0.279250  0.259611  0.301909  0.660229  0.675300  0.365425  0.242836  0.207031  0.676231  0.651049  0.273928  0.288033  0.673729  0.275821  0.242342  0.276531  0.258931  0.278769  0.471174  0.271290  0.249213  0.266036  0.262759  0.443952  0.307709  0.372084  0.700528  0.229254  0.671491  0.182438  0.653220  0.629355  0.206173  0.328751  0.220406  0.454083  0.311875  0.337184 0.0  0.648811  0.283331  0.758703  0.217037  0.687998  0.244464  0.307774  0.264784  0.311412  0.481545  0.646756  0.599619 
49  0.204286  0.780269  0.734814  0.686664  0.493593  0.766004  0.114035  0.634846  0.144500  0.218580  0.810390  0.655629  0.628494  0.147015  0.142855  0.573220  0.602607  0.635591  0.132064  0.168465  0.757681  0.752245  0.256315  0.646130  0.718260  0.615323  0.872307  0.587442  0.500479  0.856376  0.758313  0.547243  0.583731  0.644011  0.649678  0.586195  0.080078  0.731889  0.402468  0.742449  0.121337  0.546704  0.511448  0.664454  0.475145  0.375489  0.543280  0.578929  0.648811 0.0  0.798673  0.206904  0.595855  0.358847  0.685502  0.633988  0.574110  0.673352  0.633951  0.144844  0.352869 
50  0.717912  0.182153  0.162785  0.576538  0.364182  0.207091  0.826991  0.382971  0.664347  0.803922  0.187339  0.257345  0.323993  0.827356  0.650115  0.269751  0.247556  0.325389  0.685041  0.820704  0.470126  0.365536  0.577611  0.289018  0.299789  0.131659  0.324640  0.290144  0.406125  0.374729  0.547823  0.323212  0.309020  0.627087  0.362346  0.393674  0.724059  0.403191  0.734203  0.171345  0.733977  0.708750  0.222348  0.240963  0.354998  0.548240  0.293856  0.339206  0.283331  0.798673 0.0  0.829761  0.326052  0.581255  0.263061  0.263276  0.385379  0.368958  0.627564  0.823121  0.535236 
51  0.236266  0.823981  0.753554  0.653144  0.585380  0.715271  0.071081  0.702669  0.183704  0.210767  0.728489  0.643685  0.594441  0.162301  0.217776  0.537060  0.532443  0.516579  0.141408  0.222241  0.796558  0.712684  0.303298  0.604905  0.781025  0.773056  0.886902  0.626963  0.437921  0.792499  0.835614  0.681561  0.518168  0.506899  0.627694  0.629180  0.163537  0.734701  0.302933  0.704858  0.231297  0.520367  0.531225  0.650963  0.467490  0.328110  0.552469  0.608557  0.758703  0.206904  0.829761 0.0  0.670646  0.300690  0.794742  0.615080  0.486099  0.476307  0.755747  0.096583  0.329671 
52  0.619011  0.360776  0.309753  0.608822  0.093549  0.202709  0.457040  0.251508  0.607437  0.561201  0.356075  0.205638  0.096198  0.639891  0.517768  0.235482  0.213369  0.116419  0.505218  0.519127  0.255585  0.142048  0.806805  0.180151  0.287543  0.384103  0.501914  0.202402  0.472771  0.384676  0.193128  0.146264  0.266553  0.561645  0.187153  0.204239  0.616351  0.417406  0.717050  0.325509  0.585904  0.917847  0.241428  0.297852  0.249166  0.370095  0.219886  0.194186  0.217037  0.595855  0.326052  0.670646 0.0  0.769317  0.254895  0.257341  0.109123  0.241941  0.670351  0.641236  0.662125 
53  0.336252  0.667119  0.580287  0.586419  0.784789  0.694073  0.335748  0.610709  0.399507  0.334695  0.663033  0.821883  0.707104  0.381948  0.360575  0.739305  0.812408  0.732830  0.300914  0.334233  0.799765  0.597389  0.224726  0.759297  0.596455  0.618576  0.656385  0.818128  0.489280  0.820442  0.927520  0.720457  0.844752  0.667187  0.748253  0.799720  0.380187  0.849631  0.138407  0.468259  0.277028  0.369664  0.708304  0.663622  0.608160  0.633599  0.750246  0.739105  0.687998  0.358847  0.581255  0.300690  0.769317 0.0  0.711669  0.687402  0.749943  0.760436  0.571972  0.248740  0.159253 
54  0.743351  0.136950  0.253718  0.450204  0.267639  0.193219  0.639628  0.260132  0.686820  0.581087  0.249588  0.331466  0.289188  0.695498  0.679713  0.333521  0.263538  0.207909  0.775200  0.673124  0.276586  0.219503  0.778808  0.278100  0.197662  0.305120  0.324323  0.164251  0.381248  0.236278  0.216068  0.344641  0.194752  0.422431  0.324414  0.332018  0.610909  0.240098  0.627320  0.212627  0.725308  0.838133  0.304124  0.296312  0.207605  0.498522  0.279935  0.265262  0.244464  0.685502  0.263061  0.794742  0.254895  0.711669 0.0  0.202149  0.234052  0.324227  0.499056  0.690110  0.676916 
55  0.515447  0.322467  0.329429  0.717862  0.000000  0.330992  0.586790  0.216038  0.578552  0.611615  0.327492  0.245043  0.102327  0.534066  0.576408  0.239309  0.230353  0.243517  0.658877  0.720597  0.375733  0.299935  0.676434  0.128811  0.318379  0.258447  0.515313  0.082319  0.531770  0.427405  0.293082  0.177975  0.095677  0.490619  0.196056  0.217934  0.566032  0.385474  0.724605  0.338186  0.602781  0.937344  0.207083  0.173201  0.224225  0.385171  0.128033  0.143299  0.307774  0.633988  0.263276  0.615080  0.257341  0.687402  0.202149 0.0  0.162732  0.215629  0.715894  0.642831  0.789649 
56  0.523965  0.452459  0.394779  0.552411  0.151998  0.334523  0.575250  0.030420  0.548067  0.661955  0.408086  0.159962  0.117405  0.435526  0.575654  0.120452  0.115963  0.043723  0.560599  0.601012  0.407613  0.282415  0.922277  0.151216  0.342942  0.503007  0.449494  0.127903  0.497719  0.456263  0.348986  0.044747  0.113174  0.564818  0.027336  0.163235  0.404993  0.385887  0.801237  0.444004  0.545487  0.790252  0.071520  0.357430  0.183578  0.348929  0.077991  0.189485  0.264784  0.574110  0.385379  0.486099  0.109123  0.749943  0.234052  0.162732 0.0  0.202458  0.476315  0.451572  0.909462 
57  0.632853  0.354958  0.352948  0.733185  0.112543  0.367280  0.435381  0.271085  0.511434  0.568150  0.443039  0.247873  0.135226  0.571838  0.643993  0.093516  0.239979  0.157776  0.708698  0.643253  0.338892  0.298437  0.651059  0.235208  0.332732  0.399651  0.473859  0.148497  0.357585  0.444731  0.364348  0.235626  0.189853  0.528522  0.047704  0.213037  0.620625  0.235345  0.770164  0.229225  0.707353  0.877453  0.327149  0.195650  0.310824  0.465734  0.254446  0.160250  0.311412  0.673352  0.368958  0.476307  0.241941  0.760436  0.324227  0.215629  0.202458 0.0  0.721966  0.686072  0.713104 
58  0.761072  0.624532  0.536582  0.389858  0.563009  0.492786  0.611546  0.658316  0.657351  0.618031  0.490894  0.657847  0.617162  0.652278  0.646402  0.625184  0.614201  0.588045  0.697707  0.691314  0.201807  0.444532  0.525527  0.657844  0.539128  0.510180  0.388504  0.729696  0.425880  0.411598  0.291571  0.694738  0.574953  0.211156  0.625271  0.649351  0.664673  0.577560  0.434158  0.504384  0.694902  0.391726  0.620363  0.543371  0.639633  0.722582  0.713101  0.644945  0.481545  0.633951  0.627564  0.755747  0.670351  0.571972  0.499056  0.715894  0.476315  0.721966 0.0  0.707629  0.574224 
59  0.192788  0.798692  0.747703  0.642288  0.636238  0.748636  0.077032  0.653984  0.176843  0.124497  0.826176  0.572470  0.586654  0.199126  0.212510  0.600221  0.574383  0.637410  0.106111  0.213449  0.721588  0.691264  0.303548  0.594970  0.699349  0.688935  0.827638  0.557464  0.573545  0.813454  0.662928  0.535615  0.669375  0.589642  0.640229  0.697476  0.179443  0.677578  0.250263  0.813134  0.208715  0.433347  0.598685  0.525596  0.533009  0.454677  0.544023  0.709100  0.646756  0.144844  0.823121  0.096583  0.641236  0.248740  0.690110  0.642831  0.451572  0.686072  0.707629 0.0  0.311016 
60  0.277234  0.660164  0.644347  0.452000  0.852742  0.774253  0.293177  0.783467  0.470618  0.263617  0.477112  0.819944  0.736182  0.288959  0.275623  0.783833  0.738085  0.756087  0.359927  0.375767  0.841256  0.646315  0.186689  0.799982  0.730364  0.536230  0.710705  0.822998  0.523916  0.776312  0.829227  0.725140  0.757029  0.751523  0.772355  0.605871  0.297843  0.786376  0.246537  0.690242  0.378227  0.261718  0.686889  0.658571  0.723413  0.427378  0.798519  0.721471  0.599619  0.352869  0.535236  0.329671  0.662125  0.159253  0.676916  0.789649  0.909462  0.713104  0.574224  0.311016 0.0 
