61
0 0.0  0.735224  0.727081  0.667898  0.524418  0.638288  0.129852  0.722459  0.266865  0.125984  0.708735  0.519096  0.599706  0.104351  0.175036  0.647043  0.610825  0.610905  0.153377  0.209698  0.740582  0.728655  0.129652  0.557103  0.793913  0.605509  0.867373  0.565451  0.425300  0.646432  0.706403  0.673229  0.525037  0.518936  0.460601  0.546199  0.262961  0.706512  0.414564  0.711954  0.290180  0.434475  0.598982  0.632364  0.730343  0.447846  0.635071  0.617207  0.684820  0.250944  0.660338  0.153465  0.596315  0.341214  0.685634  0.679329  0.555106  0.554162  0.701954  0.174334  0.318592 
1  0.735224 0.0  0.299650  0.539602  0.329787  0.212693  0.690548  0.351926  0.737733  0.700216  0.324957  0.298071  0.295931  0.693060  0.761506  0.319945  0.343435  0.317656  0.652548  0.700305  0.316930  0.327022  0.725213  0.389201  0.317658  0.399505  0.349362  0.321689  0.518430  0.581001  0.418697  0.366019  0.276403  0.517554  0.254315  0.254513  0.788358  0.082633  0.724727  0.284279  0.596704  0.708988  0.237444  0.385183  0.282469  0.552756  0.369160  0.431518  0.295781  0.781573  0.230946  0.672593  0.312226  0.664499  0.253020  0.316375  0.285789  0.228194  0.576180  0.790727  0.678209 
2  0.727081  0.299650 0.0  0.487296  0.413525  0.229692  0.736651  0.351264  0.617804  0.775822  0.185359  0.420537  0.353475  0.667140  0.669764  0.413201  0.367733  0.287842  0.674056  0.727915  0.446518  0.171431  0.592531  0.241553  0.239971  0.142253  0.300187  0.385774  0.456909  0.385065  0.442386  0.306413  0.273918  0.595372  0.385315  0.381920  0.710022  0.240551  0.566856  0.123718  0.715321  0.686256  0.349319  0.242279  0.264117  0.509629  0.351046  0.366991  0.236043  0.734672  0.143056  0.578961  0.373124  0.544083  0.272352  0.330399  0.407748  0.352793  0.613369  0.692015  0.623399 
3  0.667898  0.539602  0.487296 0.0  0.614265  0.468393  0.546438  0.734110  0.681057  0.593885  0.478513  0.567448  0.643162  0.633010  0.599404  0.710823  0.606604  0.685162  0.621907  0.682961  0.294954  0.425590  0.561387  0.675665  0.543114  0.471849  0.402233  0.592331  0.491232  0.216193  0.319746  0.673877  0.571794  0.353267  0.636471  0.561298  0.555884  0.554879  0.520262  0.458104  0.610236  0.400126  0.704091  0.477446  0.610056  0.511689  0.660462  0.635650  0.463743  0.667764  0.614505  0.625195  0.794103  0.438465  0.512474  0.624497  0.605127  0.638329  0.395438  0.672117  0.579655 
4  0.524418  0.329787  0.413525  0.614265 0.0  0.163551  0.456582  0.134566  0.635956  0.521624  0.356210  0.105578  0.080590  0.566290  0.534207  0.150192  0.174507  0.200989  0.497722  0.465283  0.320160  0.316854  0.835994  0.124039  0.417574  0.367260  0.413687  0.101811  0.405163  0.374642  0.296056  0.106526  0.075992  0.586221  0.176122  0.122311  0.587621  0.371805  0.714378  0.456631  0.507371  0.712181  0.172615  0.245832  0.147317  0.351581  0.144215  0.204118  0.296336  0.528512  0.365273  0.547268  0.111043  0.644958  0.134771  0.057371  0.135688  0.187352  0.681874  0.563160  0.728264 
5  0.638288  0.212693  0.229692  0.468393  0.163551 0.0  0.772090  0.230912  0.585534  0.656166  0.187183  0.275654  0.297102  0.659453  0.638698  0.248447  0.259565  0.177331  0.557734  0.667221  0.206490  0.460922  0.667618  0.302811  0.346788  0.245895  0.175385  0.297605  0.486703  0.190179  0.275167  0.289476  0.217983  0.489747  0.144539  0.354056  0.625686  0.372918  0.685953  0.279414  0.575837  0.553007  0.173256  0.241072  0.244828  0.518830  0.183498  0.304566  0.243888  0.667900  0.226512  0.594641  0.271331  0.671536  0.217512  0.353224  0.180082  0.309455  0.538972  0.639492  0.634580 
6  0.129852  0.690548  0.736651  0.546438  0.456582  0.772090 0.0  0.518869  0.000000  0.014912  0.665020  0.412307  0.512285  0.128656  0.103605  0.481867  0.492852  0.528042  0.100972  0.033887  0.652036  0.665460  0.303679  0.548401  0.696583  0.779649  0.704616  0.400467  0.458879  0.645789  0.738835  0.475714  0.360446  0.523087  0.468702  0.360289  0.137214  0.743092  0.332982  0.722773  0.132171  0.396076  0.461956  0.696481  0.492587  0.248043  0.403969  0.392979  0.694667  0.067201  0.822111  0.083766  0.483494  0.407679  0.739291  0.480437  0.635282  0.411630  0.530024  0.067997  0.228735 
7  0.722459  0.351926  0.351264  0.734110  0.134566  0.230912  0.518869 0.0  0.605580  0.561639  0.430968  0.132423  0.170805  0.538170  0.570112  0.101788  0.166061  0.177918  0.570661  0.594941  0.276609  0.320492  0.764572  0.217964  0.386146  0.399131  0.422351  0.193192  0.436720  0.307793  0.211328  0.201412  0.181373  0.529702  0.212232  0.175655  0.589041  0.368690  0.669910  0.271161  0.594058  0.878086  0.154517  0.162493  0.176998  0.351453  0.146711  0.238344  0.221995  0.517180  0.384188  0.565176  0.256350  0.678673  0.243973  0.185385  0.169345  0.153026  0.661788  0.515568  0.760941 
8  0.266865  0.737733  0.617804  0.681057  0.635956  0.585534  0.000000  0.605580 0.0  0.154103  0.655850  0.527425  0.575596  0.206431  0.195762  0.573210  0.612060  0.584646  0.246286  0.171785  0.791872  0.662072  0.223997  0.646204  0.709076  0.733615  0.714182  0.649886  0.441285  0.736287  0.677961  0.539039  0.643188  0.474135  0.573224  0.565032  0.179825  0.633582  0.224135  0.780871  0.097522  0.408741  0.682142  0.620156  0.611509  0.397520  0.631777  0.564530  0.651814  0.135789  0.795480  0.253698  0.537467  0.392877  0.639492  0.566003  0.471008  0.510898  0.622785  0.113791  0.287011 
9  0.125984  0.700216  0.775822  0.593885  0.521624  0.656166  0.014912  0.561639  0.154103 0.0  0.620176  0.663196  0.571291  0.205397  0.224510  0.541359  0.595042  0.578772  0.139295  0.224879  0.738005  0.632593  0.285153  0.569469  0.681777  0.675442  0.850224  0.589800  0.433319  0.825535  0.732875  0.645061  0.629619  0.460747  0.563945  0.531584  0.181709  0.711927  0.302681  0.745240  0.131179  0.414595  0.604456  0.602318  0.522936  0.503868  0.606167  0.627199  0.707230  0.308665  0.715109  0.222166  0.656745  0.305423  0.622036  0.567359  0.583333  0.543462  0.760630  0.200353  0.308600 
10  0.708735  0.324957  0.185359  0.478513  0.356210  0.187183  0.665020  0.430968  0.655850  0.620176 0.0  0.321676  0.388577  0.673603  0.716489  0.382492  0.383841  0.325558  0.602634  0.639694  0.411094  0.318579  0.525221  0.357921  0.200479  0.235073  0.318965  0.373334  0.384300  0.440548  0.371611  0.321963  0.326191  0.694511  0.433509  0.344622  0.694319  0.313415  0.513788  0.163727  0.675553  0.657217  0.266652  0.298546  0.299963  0.480253  0.498195  0.260982  0.273872  0.699546  0.199648  0.696380  0.375488  0.599242  0.240292  0.354336  0.422931  0.402135  0.603761  0.726432  0.628215 
11  0.519096  0.298071  0.420537  0.567448  0.105578  0.275654  0.412307  0.132423  0.527425  0.663196  0.321676 0.0  0.222132  0.587485  0.510812  0.159045  0.156474  0.193357  0.585905  0.569864  0.374621  0.152997  0.745031  0.116147  0.412216  0.391810  0.487864  0.121027  0.394413  0.362223  0.368544  0.211017  0.187247  0.511375  0.138823  0.213503  0.591678  0.403925  0.673295  0.295027  0.707993  0.790159  0.161076  0.180826  0.161746  0.397557  0.245266  0.222692  0.176476  0.634351  0.297450  0.625686  0.245085  0.757560  0.267101  0.238563  0.097217  0.165748  0.572777  0.570291  0.753818 
12  0.599706  0.295931  0.353475  0.643162  0.080590  0.297102  0.512285  0.170805  0.575596  0.571291  0.388577  0.222132 0.0  0.692592  0.675765  0.201173  0.190212  0.225167  0.603218  0.578993  0.281901  0.332055  0.692140  0.014247  0.210604  0.362994  0.422722  0.217884  0.551517  0.406530  0.268851  0.224005  0.240508  0.542811  0.102728  0.264587  0.692068  0.340487  0.748565  0.401206  0.472374  0.925373  0.373112  0.284784  0.168347  0.428641  0.154679  0.155664  0.270482  0.565570  0.261844  0.474166  0.107896  0.778818  0.251540  0.162553  0.143864  0.229698  0.627145  0.601195  0.666449 
13  0.104351  0.693060  0.667140  0.633010  0.566290  0.659453  0.128656  0.538170  0.206431  0.205397  0.673603  0.587485  0.692592 0.0  0.157021  0.589636  0.475096  0.589650  0.218002  0.223005  0.756733  0.729294  0.300050  0.630068  0.688260  0.823349  0.854488  0.478637  0.415320  0.925564  0.687289  0.526462  0.670367  0.514640  0.541609  0.601661  0.232874  0.830547  0.332057  0.795596  0.232656  0.411369  0.619156  0.732627  0.465820  0.415039  0.557282  0.560333  0.639491  0.216235  0.702616  0.245676  0.626156  0.314634  0.689030  0.525281  0.615802  0.608144  0.701426  0.183379  0.322940 
14  0.175036  0.761506  0.669764  0.599404  0.534207  0.638698  0.103605  0.570112  0.195762  0.224510  0.716489  0.510812  0.675765  0.157021 0.0  0.645630  0.602878  0.577548  0.188452  0.242636  0.741091  0.692542  0.338251  0.537578  0.689948  0.707264  0.818525  0.623557  0.461718  0.739923  0.720634  0.549794  0.589960  0.468591  0.595403  0.505699  0.252456  0.670022  0.209222  0.730705  0.207278  0.435637  0.579125  0.667949  0.583283  0.291480  0.546060  0.552163  0.644075  0.212957  0.668587  0.249404  0.450386  0.401479  0.732927  0.594482  0.456126  0.675127  0.648980  0.176539  0.387950 
15  0.647043  0.319945  0.413201  0.710823  0.150192  0.248447  0.481867  0.101788  0.573210  0.541359  0.382492  0.159045  0.201173  0.589636  0.645630 0.0  0.081580  0.135742  0.547777  0.433209  0.395068  0.256078  0.733448  0.178072  0.380291  0.331617  0.437276  0.296311  0.448189  0.365259  0.421210  0.138422  0.322514  0.513844  0.102965  0.125138  0.665765  0.436705  0.778289  0.303007  0.626899  0.823893  0.174013  0.270236  0.244127  0.350284  0.047666  0.214307  0.272359  0.577632  0.435861  0.650556  0.141314  0.718177  0.290513  0.271204  0.162107  0.198169  0.590957  0.511883  0.702070 
16  0.610825  0.343435  0.367733  0.606604  0.174507  0.259565  0.492852  0.166061  0.612060  0.595042  0.383841  0.156474  0.190212  0.475096  0.602878  0.081580 0.0  0.202642  0.641603  0.587912  0.348732  0.172190  0.750187  0.171242  0.290337  0.293044  0.493091  0.254938  0.465777  0.377091  0.282407  0.294497  0.200065  0.514144  0.227670  0.204187  0.586307  0.307288  0.688387  0.350732  0.562930  0.903854  0.203056  0.230044  0.131044  0.294663  0.211722  0.220909  0.194093  0.566156  0.181706  0.586721  0.269427  0.697569  0.171493  0.259902  0.146163  0.237511  0.656937  0.604279  0.618797 
17  0.610905  0.317656  0.287842  0.685162  0.200989  0.177331  0.528042  0.177918  0.584646  0.578772  0.325558  0.193357  0.225167  0.589650  0.577548  0.135742  0.202642 0.0  0.716178  0.562717  0.372502  0.218961  0.745791  0.256130  0.235846  0.316373  0.463614  0.198084  0.373489  0.452087  0.331954  0.178880  0.215200  0.369382  0.136613  0.204503  0.541535  0.281968  0.602444  0.396607  0.566665  0.786838  0.196572  0.218896  0.258749  0.325518  0.211067  0.132831  0.345294  0.616157  0.348238  0.566205  0.202360  0.789539  0.207354  0.218514  0.089546  0.293469  0.637895  0.613606  0.621953 
18  0.153377  0.652548  0.674056  0.621907  0.497722  0.557734  0.100972  0.570661  0.246286  0.139295  0.602634  0.585905  0.603218  0.218002  0.188452  0.547777  0.641603  0.716178 0.0  0.192204  0.692639  0.638258  0.329395  0.581647  0.767466  0.673406  0.833371  0.476797  0.502848  0.886568  0.702956  0.505618  0.655140  0.553781  0.474397  0.534394  0.191855  0.645635  0.393309  0.686073  0.152136  0.584130  0.609941  0.686561  0.566193  0.451592  0.598950  0.566103  0.706124  0.193981  0.661762  0.208182  0.577830  0.369730  0.534587  0.592994  0.613970  0.581113  0.628330  0.180537  0.309549 
19  0.209698  0.700305  0.727915  0.682961  0.465283  0.667221  0.033887  0.594941  0.171785  0.224879  0.639694  0.569864  0.578993  0.223005  0.242636  0.433209  0.587912  0.562717  0.192204 0.0  0.613405  0.609505  0.256073  0.603982  0.701473  0.660865  0.865336  0.568858  0.374991  0.804526  0.765343  0.662760  0.615758  0.628143  0.579083  0.636600  0.174166  0.778981  0.359710  0.663470  0.163534  0.482017  0.697939  0.585662  0.572311  0.375727  0.661330  0.652162  0.591039  0.269804  0.653360  0.197434  0.672249  0.328994  0.707696  0.500069  0.478975  0.623805  0.740166  0.160700  0.273526 
20  0.740582  0.316930  0.446518  0.294954  0.320160  0.206490  0.652036  0.276609  0.791872  0.738005  0.411094  0.374621  0.281901  0.756733  0.741091  0.395068  0.348732  0.372502  0.692639  0.613405 0.0  0.360270  0.825293  0.394189  0.473313  0.481562  0.000000  0.314572  0.399651  0.129145  0.111737  0.292981  0.137822  0.439836  0.346144  0.300312  0.725788  0.304557  0.846501  0.445355  0.726599  0.441815  0.297385  0.265449  0.426171  0.567512  0.352235  0.376449  0.196379  0.730105  0.388051  0.695131  0.295147  0.861121  0.300429  0.262885  0.424628  0.264191  0.250917  0.699162  0.781884 
21  0.728655  0.327022  0.171431  0.425590  0.316854  0.460922  0.665460  0.320492  0.662072  0.632593  0.318579  0.152997  0.332055  0.729294  0.692542  0.256078  0.172190  0.218961  0.638258  0.609505  0.360270 0.0  0.730089  0.284495  0.320859  0.224040  0.182819  0.300663  0.359843  0.226934  0.304431  0.217033  0.202615  0.452221  0.331127  0.245449  0.687696  0.267428  0.702646  0.265734  0.706233  0.673516  0.282787  0.292094  0.297133  0.504720  0.217797  0.227859  0.272937  0.656837  0.163983  0.653593  0.334241  0.694851  0.306736  0.178914  0.248601  0.381479  0.412160  0.697361  0.659316 
22  0.129652  0.725213  0.592531  0.561387  0.835994  0.667618  0.303679  0.764572  0.223997  0.285153  0.525221  0.745031  0.692140  0.300050  0.338251  0.733448  0.750187  0.745791  0.329395  0.256073  0.825293  0.730089 0.0  0.720387  0.544338  0.624306  0.807220  0.723515  0.460883  0.780170  0.848239  0.774852  0.779261  0.723464  0.706624  0.714078  0.388679  0.722606  0.221689  0.675397  0.288526  0.344619  0.695152  0.724371  0.835423  0.554656  0.683712  0.672949  0.620753  0.441496  0.592014  0.282430  0.751281  0.152856  0.647808  0.749993  0.875145  0.716343  0.441581  0.321569  0.164981 
23  0.557103  0.389201  0.241553  0.675665  0.124039  0.302811  0.548401  0.217964  0.646204  0.569469  0.357921  0.116147  0.014247  0.630068  0.537578  0.178072  0.171242  0.256130  0.581647  0.603982  0.394189  0.284495  0.720387 0.0  0.367739  0.276206  0.449427  0.247650  0.463948  0.362391  0.299416  0.159966  0.216764  0.429449  0.172045  0.115983  0.658639  0.312040  0.685992  0.350588  0.556343  0.814017  0.201587  0.269770  0.224752  0.394273  0.174334  0.000000  0.275049  0.574079  0.303334  0.652411  0.233298  0.718600  0.213860  0.226383  0.188567  0.219423  0.564987  0.536405  0.748060 
24  0.793913  0.317658  0.239971  0.543114  0.417574  0.346788  0.696583  0.386146  0.709076  0.681777  0.200479  0.412216  0.210604  0.688260  0.689948  0.380291  0.290337  0.235846  0.767466  0.701473  0.473313  0.320859  0.544338  0.367739 0.0  0.176579  0.327666  0.370599  0.487082  0.465393  0.428086  0.344794  0.291746  0.571970  0.298608  0.375898  0.775343  0.292201  0.547984  0.130254  0.725841  0.632405  0.392351  0.219296  0.363457  0.625523  0.297366  0.395575  0.138925  0.735380  0.116713  0.702066  0.316431  0.570702  0.237939  0.353014  0.310399  0.386017  0.484592  0.692685  0.585515 
25  0.605509  0.399505  0.142253  0.471849  0.367260  0.245895  0.779649  0.399131  0.733615  0.675442  0.235073  0.391810  0.362994  0.823349  0.707264  0.331617  0.293044  0.316373  0.673406  0.660865  0.481562  0.224040  0.624306  0.276206  0.176579 0.0  0.349349  0.318332  0.451918  0.341255  0.400075  0.372915  0.287627  0.680592  0.300955  0.385809  0.684655  0.368321  0.551314  0.303326  0.748512  0.728859  0.280025  0.356833  0.292525  0.524881  0.258448  0.445193  0.248891  0.744418  0.173562  0.670951  0.395758  0.601569  0.297797  0.419229  0.296686  0.394771  0.458369  0.822122  0.546986 
26  0.867373  0.349362  0.300187  0.402233  0.413687  0.175385  0.704616  0.422351  0.714182  0.850224  0.318965  0.487864  0.422722  0.854488  0.818525  0.437276  0.493091  0.463614  0.833371  0.865336  0.000000  0.182819  0.807220  0.449427  0.327666  0.349349 0.0  0.406270  0.423419  0.160331  0.140156  0.481956  0.521799  0.338450  0.487435  0.396150  0.856780  0.266815  0.741817  0.300023  0.948458  0.557277  0.398385  0.343644  0.413733  0.594290  0.459485  0.463976  0.276173  0.912377  0.354140  0.795341  0.396148  0.786527  0.241314  0.470004  0.529867  0.410512  0.306414  0.787860  0.720603 
27  0.565451  0.321689  0.385774  0.592331  0.101811  0.297605  0.400467  0.193192  0.649886  0.589800  0.373334  0.121027  0.217884  0.478637  0.623557  0.296311  0.254938  0.198084  0.476797  0.568858  0.314572  0.300663  0.723515  0.247650  0.370599  0.318332  0.406270 0.0  0.395941  0.395029  0.339224  0.244373  0.162280  0.545081  0.216071  0.256128  0.566713  0.387134  0.701228  0.193627  0.656811  0.819208  0.241185  0.239691  0.139097  0.431298  0.226795  0.154558  0.195957  0.513008  0.333487  0.623890  0.121090  0.702464  0.324625  0.245760  0.014827  0.128512  0.635719  0.584598  0.599386 
28  0.425300  0.518430  0.456909  0.491232  0.405163  0.486703  0.458879  0.436720  0.441285  0.433319  0.384300  0.394413  0.551517  0.415320  0.461718  0.448189  0.465777  0.373489  0.502848  0.374991  0.399651  0.359843  0.460883  0.463948  0.487082  0.451918  0.423419  0.395941 0.0  0.481309  0.340902  0.472439  0.410004  0.463475  0.471353  0.528336  0.535596  0.389636  0.513254  0.400536  0.463221  0.528566  0.544409  0.357785  0.458987  0.476011  0.392911  0.407914  0.493775  0.510408  0.486245  0.409549  0.368632  0.371085  0.383122  0.438622  0.392119  0.452874  0.543561  0.336604  0.457695 
29  0.646432  0.581001  0.385065  0.216193  0.374642  0.190179  0.645789  0.307793  0.736287  0.825535  0.440548  0.362223  0.406530  0.925564  0.739923  0.365259  0.377091  0.452087  0.886568  0.804526  0.129145  0.226934  0.780170  0.362391  0.465393  0.341255  0.160331  0.395029  0.481309 0.0  0.039453  0.296970  0.347748  0.218284  0.385259  0.355742  0.810358  0.420167  0.810281  0.424743  0.790116  0.560170  0.302904  0.196174  0.520169  0.680190  0.429861  0.376889  0.278463  0.825578  0.475940  0.669555  0.382233  0.827163  0.144280  0.409505  0.395995  0.359749  0.366805  0.775915  0.802162 
30  0.706403  0.418697  0.442386  0.319746  0.296056  0.275167  0.738835  0.211328  0.677961  0.732875  0.371611  0.368544  0.268851  0.687289  0.720634  0.421210  0.282407  0.331954  0.702956  0.765343  0.111737  0.304431  0.848239  0.299416  0.428086  0.400075  0.140156  0.339224  0.340902  0.039453 0.0  0.329412  0.264485  0.389430  0.422880  0.294999  0.741648  0.334083  0.714242  0.406229  0.771829  0.446480  0.355032  0.289773  0.310253  0.464411  0.413889  0.331892  0.334338  0.814586  0.457627  0.644647  0.322385  0.841968  0.169601  0.295736  0.341117  0.302574  0.258025  0.722762  0.752116 
31  0.673229  0.366019  0.306413  0.673877  0.106526  0.289476  0.475714  0.201412  0.539039  0.645061  0.321963  0.211017  0.224005  0.526462  0.549794  0.138422  0.294497  0.178880  0.505618  0.662760  0.292981  0.217033  0.774852  0.159966  0.344794  0.372915  0.481956  0.244373  0.472439  0.296970  0.329412 0.0  0.169105  0.467995  0.168619  0.174138  0.572110  0.296033  0.741923  0.378631  0.554050  1.000000  0.189857  0.253198  0.183198  0.407754  0.157983  0.243812  0.316260  0.617353  0.342022  0.585812  0.209989  0.743953  0.268353  0.311111  0.102349  0.182003  0.589310  0.608744  0.785260 
32  0.525037  0.276403  0.273918  0.571794  0.075992  0.217983  0.360446  0.181373  0.643188  0.629619  0.326191  0.187247  0.240508  0.670367  0.589960  0.322514  0.200065  0.215200  0.655140  0.615758  0.137822  0.202615  0.779261  0.216764  0.291746  0.287627  0.521799  0.162280  0.410004  0.347748  0.264485  0.169105 0.0  0.492088  0.178616  0.251527  0.658032  0.309739  0.703922  0.335995  0.537053  0.918770  0.127592  0.151661  0.253645  0.458445  0.123434  0.228901  0.296227  0.563909  0.334900  0.528751  0.131016  0.758781  0.224486  0.242645  0.087327  0.165844  0.676889  0.507318  0.686554 
33  0.518936  0.517554  0.595372  0.353267  0.586221  0.489747  0.523087  0.529702  0.474135  0.460747  0.694511  0.511375  0.542811  0.514640  0.468591  0.513844  0.514144  0.369382  0.553781  0.628143  0.439836  0.452221  0.723464  0.429449  0.571970  0.680592  0.338450  0.545081  0.463475  0.218284  0.389430  0.467995  0.492088 0.0  0.640879  0.521049  0.571886  0.582572  0.679723  0.596002  0.486841  0.285721  0.437429  0.501514  0.511608  0.528993  0.411577  0.577439  0.413828  0.432745  0.637173  0.429694  0.576911  0.636912  0.326533  0.496217  0.670089  0.551691  0.369252  0.563783  0.627151 
34  0.460601  0.254315  0.385315  0.636471  0.176122  0.144539  0.468702  0.212232  0.573224  0.563945  0.433509  0.138823  0.102728  0.541609  0.595403  0.102965  0.227670  0.136613  0.474397  0.579083  0.346144  0.331127  0.706624  0.172045  0.298608  0.300955  0.487435  0.216071  0.471353  0.385259  0.422880  0.168619  0.178616  0.640879 0.0  0.255764  0.595227  0.290355  0.713134  0.372485  0.591324  0.919317  0.261619  0.276227  0.057753  0.356365  0.123011  0.259866  0.292214  0.684749  0.262620  0.613616  0.130041  0.810329  0.316786  0.025278  0.211084  0.076981  0.666880  0.679377  0.733633 
35  0.546199  0.254513  0.381920  0.561298  0.122311  0.354056  0.360289  0.175655  0.565032  0.531584  0.344622  0.213503  0.264587  0.601661  0.505699  0.125138  0.204187  0.204503  0.534394  0.636600  0.300312  0.245449  0.714078  0.115983  0.375898  0.385809  0.396150  0.256128  0.528336  0.355742  0.294999  0.174138  0.251527  0.521049  0.255764 0.0  0.591416  0.415845  0.730803  0.307408  0.559355  0.805595  0.212432  0.338433  0.210335  0.343936  0.152685  0.218849  0.263291  0.565856  0.348133  0.573074  0.241307  0.793810  0.276549  0.151432  0.118478  0.189363  0.733042  0.661619  0.747588 
36  0.262961  0.788358  0.710022  0.555884  0.587621  0.625686  0.137214  0.589041  0.179825  0.181709  0.694319  0.591678  0.692068  0.232874  0.252456  0.665765  0.586307  0.541535  0.191855  0.174166  0.725788  0.687696  0.388679  0.658639  0.775343  0.684655  0.856780  0.566713  0.535596  0.810358  0.741648  0.572110  0.658032  0.571886  0.595227  0.591416 0.0  0.795957  0.349657  0.738971  0.222935  0.499601  0.643061  0.716445  0.569704  0.378512  0.478273  0.501180  0.677366  0.224858  0.679825  0.236861  0.594267  0.366657  0.533864  0.496328  0.534421  0.598205  0.613283  0.226695  0.311228 
37  0.706512  0.082633  0.240551  0.554879  0.371805  0.372918  0.743092  0.368690  0.633582  0.711927  0.313415  0.403925  0.340487  0.830547  0.670022  0.436705  0.307288  0.281968  0.645635  0.778981  0.304557  0.267428  0.722606  0.312040  0.292201  0.368321  0.266815  0.387134  0.389636  0.420167  0.334083  0.296033  0.309739  0.582572  0.290355  0.415845  0.795957 0.0  0.776898  0.302713  0.673601  0.641384  0.286112  0.290152  0.302019  0.530178  0.387908  0.309990  0.351110  0.676571  0.242174  0.776613  0.219446  0.774526  0.304487  0.388368  0.318278  0.357869  0.490128  0.687372  0.775959 
38  0.414564  0.724727  0.566856  0.520262  0.714378  0.685953  0.332982  0.669910  0.224135  0.302681  0.513788  0.673295  0.748565  0.332057  0.209222  0.778289  0.688387  0.602444  0.393309  0.359710  0.846501  0.702646  0.221689  0.685992  0.547984  0.551314  0.741817  0.701228  0.513254  0.810281  0.714242  0.741923  0.703922  0.679723  0.713134  0.730803  0.349657  0.776898 0.0  0.577199  0.317833  0.252868  0.792966  0.737510  0.709573  0.499283  0.720407  0.636320  0.616627  0.333867  0.580329  0.323992  0.619158  0.222374  0.654970  0.774687  0.851346  0.685195  0.550557  0.349415  0.149683 
39  0.711954  0.284279  0.123718  0.458104  0.456631  0.279414  0.722773  0.271161  0.780871  0.745240  0.163727  0.295027  0.401206  0.795596  0.730705  0.303007  0.350732  0.396607  0.686073  0.663470  0.445355  0.265734  0.675397  0.350588  0.130254  0.303326  0.300023  0.193627  0.400536  0.424743  0.406229  0.378631  0.335995  0.596002  0.372485  0.307408  0.738971  0.302713  0.577199 0.0  0.661568  0.678178  0.357319  0.230811  0.340594  0.497950  0.382734  0.362623  0.236106  0.804774  0.212129  0.658289  0.326006  0.452855  0.317166  0.421875  0.367903  0.264521  0.505932  0.676318  0.561142 
40  0.290180  0.596704  0.715321  0.610236  0.507371  0.575837  0.132171  0.594058  0.097522  0.131179  0.675553  0.707993  0.472374  0.232656  0.207278  0.626899  0.562930  0.566665  0.152136  0.163534  0.726599  0.706233  0.288526  0.556343  0.725841  0.748512  0.948458  0.656811  0.463221  0.790116  0.771829  0.554050  0.537053  0.486841  0.591324  0.559355  0.222935  0.673601  0.317833  0.661568 0.0  0.488436  0.516795  0.645264  0.540002  0.437632  0.613595  0.642910  0.637012  0.203925  0.749219  0.158750  0.602513  0.256254  0.641837  0.611494  0.535534  0.607738  0.682906  0.131364  0.271998 
41  0.434475  0.708988  0.686256  0.400126  0.712181  0.553007  0.396076  0.878086  0.408741  0.414595  0.657217  0.790159  0.925373  0.411369  0.435637  0.823893  0.903854  0.786838  0.584130  0.482017  0.441815  0.673516  0.344619  0.814017  0.632405  0.728859  0.557277  0.819208  0.528566  0.560170  0.446480  1.000000  0.918770  0.285721  0.919317  0.805595  0.499601  0.641384  0.252868  0.678178  0.488436 0.0  0.837130  0.612084  0.781846  0.677133  0.773586  0.793126  0.662884  0.398513  0.644901  0.466050  0.895154  0.291546  0.587592  0.847661  0.736818  0.952352  0.363825  0.484179  0.392911 
42  0.598982  0.237444  0.349319  0.704091  0.172615  0.173256  0.461956  0.154517  0.682142  0.604456  0.266652  0.161076  0.373112  0.619156  0.579125  0.174013  0.203056  0.196572  0.609941  0.697939  0.297385  0.282787  0.695152  0.201587  0.392351  0.280025  0.398385  0.241185  0.544409  0.302904  0.355032  0.189857  0.127592  0.437429  0.261619  0.212432  0.643061  0.286112  0.792966  0.357319  0.516795  0.837130 0.0  0.191093  0.252259  0.465480  0.164293  0.173728  0.290233  0.543993  0.311925  0.532495  0.173266  0.618260  0.187240  0.197367  0.117080  0.194973  0.660684  0.530554  0.676560 
43  0.632364  0.385183  0.242279  0.477446  0.245832  0.241072  0.696481  0.162493  0.620156  0.602318  0.298546  0.180826  0.284784  0.732627  0.667949  0.270236  0.230044  0.218896  0.686561  0.585662  0.265449  0.292094  0.724371  0.269770  0.219296  0.356833  0.343644  0.239691  0.357785  0.196174  0.289773  0.253198  0.151661  0.501514  0.276227  0.338433  0.716445  0.290152  0.737510  0.230811  0.645264  0.612084  0.191093 0.0  0.254806  0.376746  0.209519  0.325962  0.219792  0.623278  0.313243  0.606483  0.180447  0.600582  0.327597  0.254823  0.208317  0.218886  0.480805  0.701400  0.660993 
44  0.730343  0.282469  0.264117  0.610056  0.147317  0.244828  0.492587  0.176998  0.611509  0.522936  0.299963  0.161746  0.168347  0.465820  0.583283  0.244127  0.131044  0.258749  0.566193  0.572311  0.426171  0.297133  0.835423  0.224752  0.363457  0.292525  0.413733  0.139097  0.458987  0.520169  0.310253  0.183198  0.253645  0.511608  0.057753  0.210335  0.569704  0.302019  0.709573  0.340594  0.540002  0.781846  0.252259  0.254806 0.0  0.336814  0.145831  0.112244  0.191367  0.638816  0.333970  0.530736  0.210271  0.747913  0.199911  0.236106  0.164380  0.092506  0.714596  0.605084  0.757310 
45  0.447846  0.552756  0.509629  0.511689  0.351581  0.518830  0.248043  0.351453  0.397520  0.503868  0.480253  0.397557  0.428641  0.415039  0.291480  0.350284  0.294663  0.325518  0.451592  0.375727  0.567512  0.504720  0.554656  0.394273  0.625523  0.524881  0.594290  0.431298  0.476011  0.680190  0.464411  0.407754  0.458445  0.528993  0.356365  0.343936  0.378512  0.530178  0.499283  0.497950  0.437632  0.677133  0.465480  0.376746  0.336814 0.0  0.369505  0.477590  0.543098  0.431136  0.524053  0.344193  0.443354  0.494220  0.428752  0.441816  0.432939  0.297708  0.605141  0.354600  0.444038 
46  0.635071  0.369160  0.351046  0.660462  0.144215  0.183498  0.403969  0.146711  0.631777  0.606167  0.498195  0.245266  0.154679  0.557282  0.546060  0.047666  0.211722  0.211067  0.598950  0.661330  0.352235  0.217797  0.683712  0.174334  0.297366  0.258448  0.459485  0.226795  0.392911  0.429861  0.413889  0.157983  0.123434  0.411577  0.123011  0.152685  0.478273  0.387908  0.720407  0.382734  0.613595  0.773586  0.164293  0.209519  0.145831  0.369505 0.0  0.202771  0.282483  0.534259  0.230284  0.672648  0.258487  0.693666  0.170390  0.244551  0.103197  0.134126  0.650196  0.519417  0.685837 
47  0.617207  0.431518  0.366991  0.635650  0.204118  0.304566  0.392979  0.238344  0.564530  0.627199  0.260982  0.222692  0.155664  0.560333  0.552163  0.214307  0.220909  0.132831  0.566103  0.652162  0.376449  0.227859  0.672949  0.000000  0.395575  0.445193  0.463976  0.154558  0.407914  0.376889  0.331892  0.243812  0.228901  0.577439  0.259866  0.218849  0.501180  0.309990  0.636320  0.362623  0.642910  0.793126  0.173728  0.325962  0.112244  0.477590  0.202771 0.0  0.214432  0.680442  0.283561  0.704902  0.131133  0.695851  0.296748  0.054325  0.135142  0.157565  0.741516  0.586576  0.701894 
48  0.684820  0.295781  0.236043  0.463743  0.296336  0.243888  0.694667  0.221995  0.651814  0.707230  0.273872  0.176476  0.270482  0.639491  0.644075  0.272359  0.194093  0.345294  0.706124  0.591039  0.196379  0.272937  0.620753  0.275049  0.138925  0.248891  0.276173  0.195957  0.493775  0.278463  0.334338  0.316260  0.296227  0.413828  0.292214  0.263291  0.677366  0.351110  0.616627  0.236106  0.637012  0.662884  0.290233  0.219792  0.191367  0.543098  0.282483  0.214432 0.0  0.679176  0.357135  0.569607  0.284085  0.672034  0.258342  0.225966  0.249511  0.296257  0.408640  0.685222  0.567727 
49  0.250944  0.781573  0.734672  0.667764  0.528512  0.667900  0.067201  0.517180  0.135789  0.308665  0.699546  0.634351  0.565570  0.216235  0.212957  0.577632  0.566156  0.616157  0.193981  0.269804  0.730105  0.656837  0.441496  0.574079  0.735380  0.744418  0.912377  0.513008  0.510408  0.825578  0.814586  0.617353  0.563909  0.432745  0.684749  0.565856  0.224858  0.676571  0.333867  0.804774  0.203925  0.398513  0.543993  0.623278  0.638816  0.431136  0.534259  0.680442  0.679176 0.0  0.763975  0.235868  0.608875  0.383073  0.620247  0.618249  0.501755  0.599380  0.594154  0.305887  0.322065 
50  0.660338  0.230946  0.143056  0.614505  0.365273  0.226512  0.822111  0.384188  0.795480  0.715109  0.199648  0.297450  0.261844  0.702616  0.668587  0.435861  0.181706  0.348238  0.661762  0.653360  0.388051  0.163983  0.592014  0.303334  0.116713  0.173562  0.354140  0.333487  0.486245  0.475940  0.457627  0.342022  0.334900  0.637173  0.262620  0.348133  0.679825  0.242174  0.580329  0.212129  0.749219  0.644901  0.311925  0.313243  0.333970  0.524053  0.230284  0.283561  0.357135  0.763975 0.0  0.758300  0.340371  0.554031  0.289125  0.369394  0.316210  0.285937  0.598440  0.715305  0.728737 
51  0.153465  0.672593  0.578961  0.625195  0.547268  0.594641  0.083766  0.565176  0.253698  0.222166  0.696380  0.625686  0.474166  0.245676  0.249404  0.650556  0.586721  0.566205  0.208182  0.197434  0.695131  0.653593  0.282430  0.652411  0.702066  0.670951  0.795341  0.623890  0.409549  0.669555  0.644647  0.585812  0.528751  0.429694  0.613616  0.573074  0.236861  0.776613  0.323992  0.658289  0.158750  0.466050  0.532495  0.606483  0.530736  0.344193  0.672648  0.704902  0.569607  0.235868  0.758300 0.0  0.537931  0.339140  0.680336  0.544719  0.533894  0.496729  0.655558  0.196188  0.347453 
52  0.596315  0.312226  0.373124  0.794103  0.111043  0.271331  0.483494  0.256350  0.537467  0.656745  0.375488  0.245085  0.107896  0.626156  0.450386  0.141314  0.269427  0.202360  0.577830  0.672249  0.295147  0.334241  0.751281  0.233298  0.316431  0.395758  0.396148  0.121090  0.368632  0.382233  0.322385  0.209989  0.131016  0.576911  0.130041  0.241307  0.594267  0.219446  0.619158  0.326006  0.602513  0.895154  0.173266  0.180447  0.210271  0.443354  0.258487  0.131133  0.284085  0.608875  0.340371  0.537931 0.0  0.725212  0.258905  0.223958  0.105797  0.174503  0.701259  0.506446  0.708531 
53  0.341214  0.664499  0.544083  0.438465  0.644958  0.671536  0.407679  0.678673  0.392877  0.305423  0.599242  0.757560  0.778818  0.314634  0.401479  0.718177  0.697569  0.789539  0.369730  0.328994  0.861121  0.694851  0.152856  0.718600  0.570702  0.601569  0.786527  0.702464  0.371085  0.827163  0.841968  0.743953  0.758781  0.636912  0.810329  0.793810  0.366657  0.774526  0.222374  0.452855  0.256254  0.291546  0.618260  0.600582  0.747913  0.494220  0.693666  0.695851  0.672034  0.383073  0.554031  0.339140  0.725212 0.0  0.632265  0.684051  0.837174  0.662423  0.520854  0.276823  0.156556 
54  0.685634  0.253020  0.272352  0.512474  0.134771  0.217512  0.739291  0.243973  0.639492  0.622036  0.240292  0.267101  0.251540  0.689030  0.732927  0.290513  0.171493  0.207354  0.534587  0.707696  0.300429  0.306736  0.647808  0.213860  0.237939  0.297797  0.241314  0.324625  0.383122  0.144280  0.169601  0.268353  0.224486  0.326533  0.316786  0.276549  0.533864  0.304487  0.654970  0.317166  0.641837  0.587592  0.187240  0.327597  0.199911  0.428752  0.170390  0.296748  0.258342  0.620247  0.289125  0.680336  0.258905  0.632265 0.0  0.314923  0.245083  0.155470  0.440024  0.728895  0.543673 
55  0.679329  0.316375  0.330399  0.624497  0.057371  0.353224  0.480437  0.185385  0.566003  0.567359  0.354336  0.238563  0.162553  0.525281  0.594482  0.271204  0.259902  0.218514  0.592994  0.500069  0.262885  0.178914  0.749993  0.226383  0.353014  0.419229  0.470004  0.245760  0.438622  0.409505  0.295736  0.311111  0.242645  0.496217  0.025278  0.151432  0.496328  0.388368  0.774687  0.421875  0.611494  0.847661  0.197367  0.254823  0.236106  0.441816  0.244551  0.054325  0.225966  0.618249  0.369394  0.544719  0.223958  0.684051  0.314923 0.0  0.114803  0.170672  0.685960  0.573506  0.658140 
56  0.555106  0.285789  0.407748  0.605127  0.135688  0.180082  0.635282  0.169345  0.471008  0.583333  0.422931  0.097217  0.143864  0.615802  0.456126  0.162107  0.146163  0.089546  0.613970  0.478975  0.424628  0.248601  0.875145  0.188567  0.310399  0.296686  0.529867  0.014827  0.392119  0.395995  0.341117  0.102349  0.087327  0.670089  0.211084  0.118478  0.534421  0.318278  0.851346  0.367903  0.535534  0.736818  0.117080  0.208317  0.164380  0.432939  0.103197  0.135142  0.249511  0.501755  0.316210  0.533894  0.105797  0.837174  0.245083  0.114803 0.0  0.145092  0.618871  0.521355  0.709438 
57  0.554162  0.228194  0.352793  0.638329  0.187352  0.309455  0.411630  0.153026  0.510898  0.543462  0.402135  0.165748  0.229698  0.608144  0.675127  0.198169  0.237511  0.293469  0.581113  0.623805  0.264191  0.381479  0.716343  0.219423  0.386017  0.394771  0.410512  0.128512  0.452874  0.359749  0.302574  0.182003  0.165844  0.551691  0.076981  0.189363  0.598205  0.357869  0.685195  0.264521  0.607738  0.952352  0.194973  0.218886  0.092506  0.297708  0.134126  0.157565  0.296257  0.599380  0.285937  0.496729  0.174503  0.662423  0.155470  0.170672  0.145092 0.0  0.656552  0.567658  0.649314 
58  0.701954  0.576180  0.613369  0.395438  0.681874  0.538972  0.530024  0.661788  0.622785  0.760630  0.603761  0.572777  0.627145  0.701426  0.648980  0.590957  0.656937  0.637895  0.628330  0.740166  0.250917  0.412160  0.441581  0.564987  0.484592  0.458369  0.306414  0.635719  0.543561  0.366805  0.258025  0.589310  0.676889  0.369252  0.666880  0.733042  0.613283  0.490128  0.550557  0.505932  0.682906  0.363825  0.660684  0.480805  0.714596  0.605141  0.650196  0.741516  0.408640  0.594154  0.598440  0.655558  0.701259  0.520854  0.440024  0.685960  0.618871  0.656552 0.0  0.571600  0.504887 
59  0.174334  0.790727  0.692015  0.672117  0.563160  0.639492  0.067997  0.515568  0.113791  0.200353  0.726432  0.570291  0.601195  0.183379  0.176539  0.511883  0.604279  0.613606  0.180537  0.160700  0.699162  0.697361  0.321569  0.536405  0.692685  0.822122  0.787860  0.584598  0.336604  0.775915  0.722762  0.608744  0.507318  0.563783  0.679377  0.661619  0.226695  0.687372  0.349415  0.676318  0.131364  0.484179  0.530554  0.701400  0.605084  0.354600  0.519417  0.586576  0.685222  0.305887  0.715305  0.196188  0.506446  0.276823  0.728895  0.573506  0.521355  0.567658  0.571600 0.0  0.240741 
60  0.318592  0.678209  0.623399  0.579655  0.728264  0.634580  0.228735  0.760941  0.287011  0.308600  0.628215  0.753818  0.666449  0.322940  0.387950  0.702070  0.618797  0.621953  0.309549  0.273526  0.781884  0.659316  0.164981  0.748060  0.585515  0.546986  0.720603  0.599386  0.457695  0.802162  0.752116  0.785260  0.686554  0.627151  0.733633  0.747588  0.311228  0.775959  0.149683  0.561142  0.271998  0.392911  0.676560  0.660993  0.757310  0.444038  0.685837  0.701894  0.567727  0.322065  0.728737  0.347453  0.708531  0.156556  0.543673  0.658140  0.709438  0.649314  0.504887  0.240741 0.0 
