89
0 0.0  0.399151  0.237849  0.389913  0.203624  0.542355  0.790974  0.162642  0.382513  0.797398  0.352540  0.389491  0.438437  0.815784  0.779179  0.666111  0.895344  0.563713  0.478008  0.811053  0.132231  0.856990  0.555930  0.138146  0.366523  0.817724  0.546644  0.796329  0.162977  0.273751  0.368890  0.494033  0.407263  0.368836  0.756908  0.863171  0.805632  0.467501  0.139340  0.151259  0.418758  0.094605  0.448059  0.916299  0.528905  0.452500  0.460242  0.283540  0.381102  0.660743  0.288851  0.581489  0.158050  0.847760  0.655771  0.420144  0.428138  0.795572  0.313490  0.212746  0.079168  0.320069  0.792342  0.357907  0.517758  0.675112  0.493820  0.229213  0.385311  0.436912  0.798830  0.477113  0.275484  0.783051  0.098346  0.277800  0.412089  0.814499  0.662464  0.753425  0.818901  0.312359  0.407515  0.656134  0.594581  0.768672  0.631496  0.414720  0.418844 
1  0.399151 0.0  0.236366  0.334695  0.358671  0.809668  0.654013  0.517556  0.348706  0.590972  0.468350  0.324612  0.329038  0.607315  0.823394  0.467587  0.513838  0.697353  0.724249  0.675785  0.279572  0.863499  0.747431  0.475605  0.220857  0.593524  0.307029  0.484999  0.220288  0.292574  0.217095  0.747200  0.305132  0.375439  0.757509  0.664328  0.525560  0.340279  0.372559  0.465926  0.086782  0.415733  0.302760  0.563891  0.902268  0.221067  0.262555  0.323678  0.358989  0.612155  0.322066  0.620284  0.352007  0.500791  0.748060  0.123960  0.783704  0.822330  0.235932  0.290617  0.324130  0.329365  0.740688  0.128300  0.671872  0.741301  0.279462  0.298932  0.064004  0.354073  0.568424  0.386701  0.241744  0.369169  0.277226  0.188755  0.292838  0.790911  0.610943  0.768120  0.513325  0.351164  0.046837  0.581173  0.602831  0.692673  0.283804  0.192346  0.450686 
2  0.237849  0.236366 0.0  0.198480  0.233382  0.657615  0.739445  0.322931  0.228258  0.644975  0.442331  0.292074  0.226515  0.653224  0.677950  0.454464  0.678286  0.647534  0.601700  0.735680  0.304639  0.679986  0.677967  0.302862  0.187351  0.733843  0.502481  0.618192  0.277342  0.276177  0.213285  0.576268  0.337854  0.180424  0.601981  0.597562  0.737060  0.235342  0.258373  0.255175  0.256171  0.242063  0.208597  0.607464  0.678214  0.229249  0.247812  0.241319  0.210342  0.429073  0.280041  0.639602  0.228471  0.672345  0.627291  0.176715  0.709781  0.659762  0.340595  0.258451  0.261325  0.354832  0.653618  0.224412  0.638751  0.594461  0.315410  0.432226  0.305504  0.294417  0.730867  0.294541  0.248342  0.607459  0.286744  0.177656  0.277567  0.680133  0.556901  0.688915  0.578240  0.216558  0.180071  0.634971  0.426389  0.687050  0.499763  0.230946  0.494231 
3  0.389913  0.334695  0.198480 0.0  0.443889  0.731534  0.673307  0.235378  0.154633  0.818687  0.476249  0.194113  0.110275  0.828407  0.580391  0.335803  0.817597  0.814224  0.857435  0.624538  0.415596  0.560812  0.930081  0.441134  0.413019  0.618715  0.570346  0.801880  0.306992  0.186702  0.374877  0.974004  0.000000  0.223514  0.534753  0.693804  0.825590  0.283449  0.439988  0.417781  0.260279  0.269016  0.182389  0.823218  0.763179  0.334324  0.064773  0.360460  0.299628  0.446389  0.218178  0.783539  0.305808  0.687010  0.577934  0.498802  0.895789  0.598169  0.142595  0.349048  0.398436  0.231870  0.565712  0.431871  0.845337  0.599653  0.157938  0.268186  0.343697  0.211445  0.835616  0.262218  0.269418  0.740373  0.370486  0.172139  0.240045  0.508959  0.737121  0.591697  0.753603  0.170902  0.323115  0.704880  0.464367  0.623671  0.666233  0.421649  0.490940 
4  0.203624  0.358671  0.233382  0.443889 0.0  0.552278  0.721908  0.117417  0.523816  0.796813  0.560462  0.445428  0.340139  0.819784  0.911223  0.565620  0.730676  0.526971  0.600327  0.788786  0.144462  0.830803  0.587716  0.242005  0.429014  0.844092  0.622390  0.707197  0.139301  0.214975  0.346245  0.529365  0.324672  0.541541  0.857226  0.787338  0.788290  0.341750  0.155022  0.172431  0.358210  0.042785  0.440813  0.855004  0.328163  0.400065  0.265715  0.406086  0.459120  0.557803  0.307776  0.632981  0.054992  0.826085  0.682929  0.329432  0.580150  0.889054  0.461626  0.054600  0.222808  0.314150  0.855602  0.498868  0.553302  0.797791  0.501175  0.275577  0.312021  0.444283  0.771358  0.388374  0.383528  0.805981  0.214780  0.203924  0.367347  0.763755  0.757031  0.962796  0.706847  0.451954  0.297847  0.689501  0.651371  0.932538  0.546520  0.349134  0.518730 
5  0.542355  0.809668  0.657615  0.731534  0.552278 0.0  0.258988  0.373183  0.837435  0.386644  0.464825  0.935012  0.771189  0.392223  0.846413  0.517337  0.208751  0.172476  0.170431  0.533110  0.658371  0.401786  0.239508  0.577372  0.799706  0.572822  0.716682  0.377076  0.640559  0.625941  0.751458  0.547349  0.723577  0.748767  0.401465  0.432809  0.404965  0.855227  0.602730  0.593743  0.834112  0.602547  0.993761  0.733440  0.459623  0.733801  0.718879  0.701327  0.721955  0.730698  0.672001  0.513329  0.491299  0.333827  0.279982  0.818979  0.209101  0.456426  0.773174  0.536267  0.612223  0.639620  0.401759  0.739019  0.215275  0.482171  0.930974  0.615116  0.820379  0.811178  0.438049  0.789640  0.693619  0.315448  0.506265  0.631908  0.791373  0.367685  0.287712  0.421647  0.346879  0.849082  0.806778  0.206171  0.603993  0.502537  0.658814  0.696057  0.411517 
6  0.790974  0.654013  0.739445  0.673307  0.721908  0.258988 0.0  0.949225  0.764034  0.190629  0.410082  0.837363  0.791896  0.015861  0.710548  0.585068  0.152549  0.314379  0.412885  0.322352  0.673629  0.358965  0.396002  0.703338  0.577925  0.269504  0.391681  0.081896  0.597925  0.685955  0.662334  0.731539  0.762746  0.770290  0.263700  0.374679  0.142443  0.742331  0.705118  0.824264  0.432154  0.812210  0.778640  0.593934  0.905267  0.580543  0.773006  0.605013  0.836615  0.564998  0.711193  0.738963  0.803549  0.057258  0.325096  0.534139  0.381982  0.410909  0.757093  0.759574  0.728082  0.637493  0.327937  0.537303  0.263008  0.239740  0.625537  0.701754  0.602444  0.640117  0.182875  0.722951  0.588597  0.073115  0.789801  0.639888  0.665205  0.322528  0.315312  0.379929  0.021455  0.745447  0.497139  0.247102  0.647030  0.365316  0.374262  0.495422  0.464572 
7  0.162642  0.517556  0.322931  0.235378  0.117417  0.373183  0.949225 0.0  0.349940  0.903532  0.513528  0.434445  0.362563  0.758984  0.662070  0.629286  0.723398  0.517299  0.357676  0.749254  0.041411  0.718305  0.426261  0.037931  0.488783  0.781139  0.618919  0.749375  0.289733  0.331853  0.452072  0.412195  0.286198  0.230774  0.635961  0.702785  0.570701  0.205989  0.076986  0.153455  0.171670  0.289571  0.328191  0.760676  0.561065  0.486834  0.321884  0.327135  0.306445  0.553534  0.213651  0.414954  0.000000  0.764751  0.550103  0.301299  0.376813  0.757603  0.316485  0.121585  0.066440  0.357433  0.728295  0.377287  0.459982  0.738843  0.299824  0.372155  0.353799  0.342022  0.727982  0.297776  0.327479  0.696979  0.103304  0.356936  0.257894  0.651922  0.747305  0.678459  0.752555  0.384106  0.263280  0.623369  0.536421  0.664203  0.603671  0.451492  0.398491 
8  0.382513  0.348706  0.228258  0.154633  0.523816  0.837435  0.764034  0.349940 0.0  0.752330  0.488875  0.051950  0.085113  0.855687  0.620403  0.159081  0.813501  0.817557  0.819625  0.564300  0.344739  0.596141  0.811320  0.517467  0.358128  0.569102  0.694096  0.706684  0.373891  0.341275  0.326400  0.852888  0.046391  0.302806  0.543589  0.714611  0.696895  0.306400  0.490627  0.431511  0.202519  0.292878  0.113950  0.808308  0.790089  0.321399  0.000000  0.268281  0.120175  0.302237  0.195955  0.868561  0.372305  0.740471  0.692734  0.390338  0.886294  0.609663  0.208879  0.252986  0.386301  0.290998  0.595365  0.369427  0.742972  0.620106  0.203650  0.361576  0.330967  0.243541  0.709657  0.224496  0.357800  0.734804  0.448788  0.309821  0.249053  0.457643  0.665921  0.635621  0.686804  0.274551  0.442548  0.682096  0.329437  0.616318  0.606454  0.393262  0.443448 
9  0.797398  0.590972  0.644975  0.818687  0.796813  0.386644  0.190629  0.903532  0.752330 0.0  0.505926  0.777444  0.595954  0.169388  0.806822  0.552090  0.168246  0.363381  0.368683  0.476349  0.764088  0.369032  0.383374  0.868625  0.411520  0.463770  0.328564  0.079042  0.639120  0.649673  0.663892  0.834238  0.704990  0.795571  0.390733  0.392458  0.154518  0.697365  0.768694  0.839515  0.539877  0.830032  0.822483  0.585211  0.834630  0.590100  0.847187  0.503554  0.888914  0.590964  0.646141  0.777446  0.880770  0.052936  0.180787  0.614252  0.363399  0.380144  0.891461  0.787197  0.718576  0.697902  0.384120  0.691716  0.439453  0.357483  0.810248  0.645837  0.444302  0.777190  0.125290  0.854601  0.625708  0.139990  0.791351  0.631194  0.768077  0.344250  0.329195  0.358654  0.129991  0.688562  0.451253  0.225832  0.601178  0.430973  0.448825  0.592234  0.367072 
10  0.352540  0.468350  0.442331  0.476249  0.560462  0.464825  0.410082  0.513528  0.488875  0.505926 0.0  0.435342  0.510469  0.429702  0.380802  0.500530  0.442283  0.345533  0.534183  0.494940  0.447055  0.518246  0.537552  0.423535  0.368543  0.504994  0.409161  0.413066  0.502211  0.493062  0.467251  0.430265  0.520728  0.505097  0.487020  0.430851  0.423214  0.445797  0.488673  0.508489  0.402168  0.550085  0.482554  0.540849  0.428454  0.418646  0.437188  0.534771  0.465377  0.466532  0.527820  0.383164  0.505428  0.424359  0.371661  0.442431  0.393608  0.457626  0.441620  0.496689  0.459318  0.453382  0.532377  0.434117  0.451713  0.411124  0.506330  0.400034  0.418340  0.533331  0.491087  0.506602  0.517211  0.373778  0.582137  0.461750  0.370527  0.493783  0.411411  0.445285  0.556163  0.439613  0.403861  0.489651  0.503660  0.445231  0.466623  0.397111  0.490081 
11  0.389491  0.324612  0.292074  0.194113  0.445428  0.935012  0.837363  0.434445  0.051950  0.777444  0.435342 0.0  0.029038  0.840144  0.559868  0.300791  0.859456  0.865991  0.805483  0.607807  0.488747  0.531188  0.828839  0.422506  0.403386  0.505175  0.607313  0.809893  0.232567  0.215366  0.295787  0.811801  0.000000  0.115202  0.627840  0.639473  0.672961  0.127461  0.478858  0.330380  0.294781  0.268514  0.226909  0.826204  0.733622  0.302481  0.217180  0.383725  0.208997  0.497080  0.308992  0.893444  0.334286  0.689409  0.706977  0.378240  0.802834  0.643412  0.082025  0.215117  0.445248  0.243304  0.578303  0.345541  0.851014  0.607984  0.258849  0.262220  0.313746  0.114966  0.794851  0.216562  0.251649  0.672721  0.345032  0.220878  0.190174  0.407465  0.675685  0.580846  0.712160  0.148254  0.314732  0.696066  0.327969  0.551758  0.570233  0.349570  0.381448 
12  0.438437  0.329038  0.226515  0.110275  0.340139  0.771189  0.791896  0.362563  0.085113  0.595954  0.510469  0.029038 0.0  0.903638  0.408218  0.368924  0.698168  0.717585  0.701692  0.397193  0.412641  0.468333  0.826532  0.315999  0.470690  0.456274  0.604894  0.715530  0.260595  0.288112  0.337638  0.728352  0.269045  0.000000  0.544567  0.581090  0.675780  0.108340  0.394082  0.387716  0.559508  0.401300  0.065817  0.787210  0.736870  0.430229  0.214554  0.458570  0.035273  0.349643  0.234352  0.746761  0.319915  0.694378  0.699425  0.410321  0.832853  0.524361  0.000000  0.279938  0.344736  0.283251  0.396918  0.377486  0.803546  0.537894  0.000000  0.273963  0.322622  0.152347  0.737792  0.034112  0.211272  0.680027  0.379330  0.375610  0.070753  0.512895  0.713503  0.489552  0.834651  0.058910  0.306424  0.656939  0.259495  0.511817  0.556998  0.431669  0.528099 
13  0.815784  0.607315  0.653224  0.828407  0.819784  0.392223  0.015861  0.758984  0.855687  0.169388  0.429702  0.840144  0.903638 0.0  0.891120  0.662106  0.105283  0.384571  0.429012  0.398583  0.767752  0.335955  0.367809  0.673006  0.565097  0.507548  0.265304  0.164131  0.721584  0.575028  0.554473  0.798168  0.872567  0.753651  0.372138  0.422392  0.134568  0.730470  0.737416  0.764891  0.472813  0.845731  0.827348  0.637419  0.726949  0.636198  0.890488  0.488526  0.733097  0.482746  0.720162  0.735261  0.786546  0.142468  0.175999  0.517205  0.430994  0.346948  0.784336  0.783405  0.796617  0.599739  0.252754  0.530581  0.442378  0.407241  0.812316  0.615487  0.621997  0.868594  0.200115  0.793031  0.639259  0.091959  0.766691  0.639275  0.917596  0.419616  0.277374  0.391026  0.085236  0.771789  0.509982  0.294778  0.646187  0.387990  0.231478  0.487211  0.495996 
14  0.779179  0.823394  0.677950  0.580391  0.911223  0.846413  0.710548  0.662070  0.620403  0.806822  0.380802  0.559868  0.408218  0.891120 0.0  0.241733  0.747491  0.802648  0.822505  0.606004  0.951946  0.618126  0.824498  0.760946  0.775991  0.656357  0.633123  0.666592  0.632469  0.656887  0.698146  0.503737  0.491181  0.582079  0.517295  0.603149  0.795036  0.502170  0.765357  0.761010  0.836876  0.801594  0.519570  0.388881  0.310837  0.773875  0.377876  0.757717  0.601797  0.330024  0.605518  0.521234  0.762457  0.715840  0.641434  0.822859  0.890489  0.576204  0.566462  0.797279  0.667867  0.703204  0.613783  0.783665  0.878482  0.621972  0.565521  0.658518  0.641629  0.546407  0.703563  0.546208  0.617247  0.641974  0.843750  0.679973  0.573017  0.513611  0.584897  0.693717  0.867049  0.572430  0.714737  0.713944  0.510816  0.618170  0.549815  0.858494  0.519856 
15  0.666111  0.467587  0.454464  0.335803  0.565620  0.517337  0.585068  0.629286  0.159081  0.552090  0.500530  0.300791  0.368924  0.662106  0.241733 0.0  0.554313  0.652039  0.434162  0.271334  0.584232  0.321420  0.532341  0.382202  0.536384  0.309880  0.651476  0.530902  0.448731  0.500968  0.572817  0.443341  0.332246  0.317468  0.301290  0.397317  0.554728  0.231372  0.467560  0.527215  0.614584  0.467431  0.255029  0.672830  0.639693  0.573799  0.461234  0.546880  0.163885  0.143731  0.621120  0.546215  0.520660  0.595411  0.483447  0.487212  0.555717  0.417185  0.197458  0.581588  0.504212  0.484500  0.233173  0.616206  0.533603  0.218737  0.189252  0.543459  0.504713  0.229320  0.602006  0.358301  0.448896  0.569074  0.579915  0.439650  0.270250  0.265663  0.519858  0.389230  0.672077  0.275293  0.541659  0.462136  0.214522  0.223258  0.628888  0.672426  0.482071 
16  0.895344  0.513838  0.678286  0.817597  0.730676  0.208751  0.152549  0.723398  0.813501  0.168246  0.442283  0.859456  0.698168  0.105283  0.747491  0.554313 0.0  0.241807  0.310682  0.365607  0.709337  0.392551  0.345380  0.673969  0.572734  0.311217  0.291564  0.118375  0.753187  0.682612  0.534242  0.722645  0.693330  0.773011  0.232502  0.271225  0.152074  0.668464  0.653859  0.867129  0.481172  0.661100  0.750257  0.473628  0.748506  0.403730  0.781970  0.475319  0.654922  0.534252  0.643072  0.766148  0.800807  0.101696  0.271633  0.566607  0.343298  0.360326  0.679391  0.744088  0.592090  0.606666  0.298308  0.469448  0.364921  0.246367  0.652661  0.587681  0.598788  0.714643  0.242332  0.760985  0.554580  0.194976  0.738194  0.609488  0.645850  0.350990  0.220508  0.305907  0.075981  0.617319  0.497233  0.157060  0.518286  0.311145  0.280782  0.511546  0.474621 
17  0.563713  0.697353  0.647534  0.814224  0.526971  0.172476  0.314379  0.517299  0.817557  0.363381  0.345533  0.865991  0.717585  0.384571  0.802648  0.652039  0.241807 0.0  0.272029  0.518988  0.575903  0.357561  0.267272  0.520985  0.820957  0.390535  0.632788  0.333412  0.635011  0.773328  0.658815  0.620653  0.742842  0.904908  0.420340  0.494355  0.296963  0.911451  0.602422  0.608086  0.800389  0.465121  0.891903  0.862158  0.497084  0.768467  0.742023  0.739028  0.922621  0.587146  0.670403  0.573325  0.419358  0.342029  0.253727  0.818193  0.252452  0.360212  0.935222  0.427950  0.642381  0.673836  0.431343  0.808393  0.180854  0.441809  0.808606  0.679872  0.692947  0.789449  0.365522  0.807032  0.693174  0.275729  0.630282  0.653822  0.883261  0.346141  0.310249  0.381662  0.276774  0.818125  0.645013  0.362733  0.652438  0.441919  0.630018  0.759755  0.434224 
18  0.478008  0.724249  0.601700  0.857435  0.600327  0.170431  0.412885  0.357676  0.819625  0.368683  0.534183  0.805483  0.701692  0.429012  0.822505  0.434162  0.310682  0.272029 0.0  0.468949  0.640283  0.349555  0.159713  0.563349  0.860798  0.485160  0.579116  0.315674  0.609078  0.752146  0.768887  0.688792  0.750748  0.914073  0.519089  0.440112  0.359514  0.764837  0.561335  0.515120  0.754959  0.452323  0.824991  0.706974  0.473708  0.742052  0.731250  0.691660  0.924214  0.679099  0.752999  0.615278  0.443027  0.352579  0.247856  0.865329  0.165061  0.470566  0.830009  0.545290  0.454008  0.566783  0.476957  0.807259  0.196527  0.473388  0.805104  0.519176  0.669956  0.978457  0.436557  0.832396  0.628162  0.264852  0.609953  0.642563  0.919428  0.373612  0.318762  0.516749  0.309599  0.866506  0.802307  0.255320  0.654785  0.441767  0.506054  0.872273  0.483975 
19  0.811053  0.675785  0.735680  0.624538  0.788786  0.533110  0.322352  0.749254  0.564300  0.476349  0.494940  0.607807  0.397193  0.398583  0.606004  0.271334  0.365607  0.518988  0.468949 0.0  0.787268  0.255294  0.485680  0.721328  0.825725  0.157799  0.420875  0.353275  0.691966  0.782905  0.665517  0.899817  0.518216  0.715606  0.214035  0.169404  0.380703  0.577466  0.772697  0.725860  0.707035  0.758290  0.581450  0.784693  0.731325  0.743993  0.456604  0.687400  0.639208  0.412272  0.650449  0.800131  0.788452  0.275320  0.264980  0.744628  0.526761  0.184583  0.565940  0.693215  0.888956  0.687984  0.205416  0.833817  0.403622  0.307853  0.568247  0.750220  0.815521  0.610057  0.373241  0.568573  0.702858  0.393193  0.749293  0.574949  0.636453  0.045540  0.255536  0.227300  0.245985  0.551985  0.681771  0.254603  0.372675  0.178383  0.523325  0.780235  0.520384 
20  0.132231  0.279572  0.304639  0.415596  0.144462  0.658371  0.673629  0.041411  0.344739  0.764088  0.447055  0.488747  0.412641  0.767752  0.951946  0.584232  0.709337  0.575903  0.640283  0.787268 0.0  0.896890  0.522086  0.143844  0.363037  0.855201  0.550641  0.710296  0.361363  0.203106  0.389835  0.651472  0.373287  0.442236  0.756191  0.716981  0.596208  0.522876  0.166331  0.173443  0.352961  0.117642  0.497404  0.792847  0.527136  0.367333  0.403527  0.203127  0.419659  0.674071  0.291230  0.647097  0.072333  0.708911  0.613609  0.433772  0.634323  0.880293  0.462807  0.048267  0.122760  0.307249  0.891823  0.422092  0.574816  0.883696  0.640690  0.291946  0.245013  0.520455  0.841258  0.528097  0.200720  0.715553  0.101035  0.244724  0.538338  0.705454  0.644980  0.780124  0.705918  0.382012  0.296593  0.622925  0.711754  0.841881  0.599113  0.333767  0.478729 
21  0.856990  0.863499  0.679986  0.560812  0.830803  0.401786  0.358965  0.718305  0.596141  0.369032  0.518246  0.531188  0.468333  0.335955  0.618126  0.321420  0.392551  0.357561  0.349555  0.255294  0.896890 0.0  0.407482  0.795757  0.813712  0.216720  0.652256  0.241810  0.684160  0.681746  0.569981  0.857270  0.460463  0.707806  0.259503  0.193464  0.340377  0.676187  0.827076  0.788717  0.674512  0.660487  0.590614  0.873348  0.720411  0.741680  0.457829  0.738162  0.564825  0.377114  0.683414  0.915751  0.655402  0.314243  0.177483  0.741542  0.469690  0.275631  0.546543  0.850033  0.893434  0.600926  0.177309  0.787524  0.439164  0.187532  0.647367  0.634945  0.705954  0.678436  0.378473  0.504457  0.601986  0.339503  0.871350  0.693996  0.594930  0.077231  0.182592  0.147435  0.331414  0.567573  0.806703  0.278969  0.444149  0.195630  0.681704  0.808623  0.357664 
22  0.555930  0.747431  0.677967  0.930081  0.587716  0.239508  0.396002  0.426261  0.811320  0.383374  0.537552  0.828839  0.826532  0.367809  0.824498  0.532341  0.345380  0.267272  0.159713  0.485680  0.522086  0.407482 0.0  0.566334  0.865238  0.485755  0.622910  0.352948  0.761912  0.674109  0.715936  0.656682  0.598184  0.891736  0.563391  0.523108  0.295587  0.803342  0.518950  0.491790  0.728201  0.535059  0.844609  0.892437  0.471094  0.836315  0.743395  0.762991  0.823124  0.580361  0.603970  0.574833  0.493375  0.229672  0.245279  0.737000  0.191104  0.447451  0.817272  0.436351  0.628339  0.654140  0.403965  0.799806  0.232410  0.449322  0.868652  0.637333  0.652165  0.938686  0.297740  0.739403  0.576431  0.289716  0.557991  0.636290  0.899831  0.358599  0.158508  0.382443  0.299077  0.840945  0.732376  0.198872  0.732875  0.316681  0.658643  0.866367  0.422888 
23  0.138146  0.475605  0.302862  0.441134  0.242005  0.577372  0.703338  0.037931  0.517467  0.868625  0.423535  0.422506  0.315999  0.673006  0.760946  0.382202  0.673969  0.520985  0.563349  0.721328  0.143844  0.795757  0.566334 0.0  0.441805  0.985177  0.621279  0.721990  0.332689  0.228716  0.305605  0.640238  0.413544  0.519216  0.956942  0.754686  0.724479  0.505838  0.244239  0.000000  0.199490  0.043677  0.517530  0.819766  0.425206  0.292364  0.323395  0.383573  0.524046  0.693052  0.255059  0.625797  0.052190  0.822146  0.644068  0.380657  0.681593  0.846596  0.418977  0.157544  0.169381  0.293493  0.917704  0.284460  0.625986  0.721813  0.490331  0.230390  0.391168  0.512714  0.810136  0.414957  0.311420  0.710081  0.190327  0.264508  0.393500  0.690262  0.656740  0.726836  0.696224  0.477269  0.181298  0.602833  0.725998  0.807777  0.493532  0.478427  0.513729 
24  0.366523  0.220857  0.187351  0.413019  0.429014  0.799706  0.577925  0.488783  0.358128  0.411520  0.368543  0.403386  0.470690  0.565097  0.775991  0.536384  0.572734  0.820957  0.860798  0.825725  0.363037  0.813712  0.865238  0.441805 0.0  0.786869  0.388461  0.527595  0.212815  0.351928  0.182497  0.804644  0.399809  0.344757  0.858078  0.785588  0.563925  0.462932  0.467135  0.404935  0.113930  0.374515  0.381398  0.562570  0.799897  0.101817  0.410111  0.173204  0.372821  0.680520  0.231134  0.791445  0.344382  0.592512  0.664224  0.090629  0.865851  0.844495  0.477827  0.404462  0.480366  0.281503  0.780277  0.160224  0.840244  0.817165  0.360289  0.324205  0.171634  0.345863  0.570211  0.328024  0.303610  0.589131  0.404765  0.262360  0.482568  0.828432  0.711603  0.721466  0.417273  0.412895  0.128517  0.584546  0.593129  0.867493  0.389293  0.043870  0.506623 
25  0.817724  0.593524  0.733843  0.618715  0.844092  0.572822  0.269504  0.781139  0.569102  0.463770  0.504994  0.505175  0.456274  0.507548  0.656357  0.309880  0.311217  0.390535  0.485160  0.157799  0.855201  0.216720  0.485755  0.985177  0.786869 0.0  0.554422  0.357481  0.601005  0.615876  0.665861  0.828008  0.384094  0.575203  0.125584  0.258053  0.397719  0.675201  0.841036  0.773174  0.665006  0.672919  0.594990  0.810940  0.732009  0.690326  0.374184  0.693611  0.653131  0.350788  0.716576  0.760545  0.773390  0.262251  0.216862  0.807608  0.312445  0.255023  0.546667  0.755433  0.843387  0.537632  0.290341  0.793423  0.541928  0.162719  0.527866  0.678950  0.771920  0.644271  0.402962  0.565436  0.618102  0.357591  0.922975  0.590318  0.546984  0.056718  0.286630  0.269124  0.160590  0.538988  0.692799  0.285751  0.452130  0.257681  0.632442  0.914168  0.438826 
26  0.546644  0.307029  0.502481  0.570346  0.622390  0.716682  0.391681  0.618919  0.694096  0.328564  0.409161  0.607313  0.604894  0.265304  0.633123  0.651476  0.291564  0.632788  0.579116  0.420875  0.550641  0.652256  0.622910  0.621279  0.388461  0.554422 0.0  0.290860  0.483115  0.478293  0.359928  0.621404  0.644249  0.562746  0.565804  0.528138  0.430169  0.623561  0.567826  0.582716  0.401108  0.611091  0.632724  0.455311  0.529843  0.400888  0.718411  0.297082  0.617322  0.631124  0.443714  0.560417  0.656101  0.372525  0.462193  0.345585  0.595433  0.588784  0.606097  0.591965  0.536289  0.437799  0.594353  0.332084  0.627729  0.610603  0.633795  0.322170  0.450285  0.612631  0.300600  0.624943  0.499551  0.300047  0.640592  0.436061  0.580604  0.490590  0.538454  0.568194  0.299893  0.533609  0.327727  0.578891  0.563673  0.613113  0.210596  0.299258  0.477652 
27  0.796329  0.484999  0.618192  0.801880  0.707197  0.377076  0.081896  0.749375  0.706684  0.079042  0.413066  0.809893  0.715530  0.164131  0.666592  0.530902  0.118375  0.333412  0.315674  0.353275  0.710296  0.241810  0.352948  0.721990  0.527595  0.357481  0.290860 0.0  0.561472  0.653009  0.418667  0.725207  0.630525  0.673566  0.285553  0.371226  0.244008  0.762897  0.720448  0.786657  0.471537  0.690064  0.678771  0.506942  0.645960  0.424973  0.782564  0.490084  0.630108  0.557896  0.631189  0.705860  0.795401  0.230986  0.226196  0.527575  0.322155  0.374016  0.706260  0.656690  0.637062  0.692126  0.412337  0.419610  0.421680  0.385513  0.684378  0.709193  0.616414  0.759850  0.153667  0.745899  0.623095  0.176880  0.651046  0.657560  0.749179  0.218439  0.259266  0.284059  0.000000  0.802236  0.576669  0.422453  0.528753  0.294265  0.390507  0.495919  0.431369 
28  0.162977  0.220288  0.277342  0.306992  0.139301  0.640559  0.597925  0.289733  0.373891  0.639120  0.502211  0.232567  0.260595  0.721584  0.632469  0.448731  0.753187  0.635011  0.609078  0.691966  0.361363  0.684160  0.761912  0.332689  0.212815  0.601005  0.483115  0.561472 0.0  0.210891  0.205976  0.671412  0.290750  0.289509  0.701030  0.775697  0.623559  0.234824  0.329532  0.343856  0.279904  0.227557  0.276792  0.723216  0.651590  0.230482  0.240813  0.319666  0.318173  0.393690  0.224352  0.558666  0.296000  0.618789  0.615399  0.243688  0.681621  0.638199  0.213425  0.197753  0.285766  0.224806  0.861975  0.318023  0.672963  0.641534  0.266605  0.296157  0.299017  0.258171  0.763139  0.276952  0.226574  0.678846  0.271904  0.325634  0.206868  0.676488  0.718476  0.627319  0.575030  0.170262  0.249725  0.730197  0.412702  0.638880  0.461368  0.215430  0.463592 
29  0.273751  0.292574  0.276177  0.186702  0.214975  0.625941  0.685955  0.331853  0.341275  0.649673  0.493062  0.215366  0.288112  0.575028  0.656887  0.500968  0.682612  0.773328  0.752146  0.782905  0.203106  0.681746  0.674109  0.228716  0.351928  0.615876  0.478293  0.653009  0.210891 0.0  0.185929  0.571132  0.286157  0.265074  0.621493  0.708442  0.678414  0.319408  0.242520  0.279470  0.307037  0.315601  0.321139  0.688719  0.635018  0.377761  0.335318  0.230444  0.195265  0.479213  0.301550  0.608498  0.231786  0.605913  0.675007  0.259901  0.634392  0.692104  0.253853  0.276735  0.261184  0.372199  0.682890  0.219907  0.534933  0.700857  0.289910  0.295096  0.192225  0.270285  0.769597  0.282420  0.217791  0.657751  0.209810  0.237160  0.220244  0.590271  0.688543  0.677247  0.564760  0.240084  0.303944  0.624311  0.523504  0.679006  0.468910  0.237759  0.474214 
30  0.368890  0.217095  0.213285  0.374877  0.346245  0.751458  0.662334  0.452072  0.326400  0.663892  0.467251  0.295787  0.337638  0.554473  0.698146  0.572817  0.534242  0.658815  0.768887  0.665517  0.389835  0.569981  0.715936  0.305605  0.182497  0.665861  0.359928  0.418667  0.205976  0.185929 0.0  0.640100  0.315857  0.285182  0.780831  0.702959  0.394267  0.262561  0.231815  0.452157  0.041274  0.425017  0.378370  0.541736  0.917990  0.233002  0.281172  0.221973  0.345540  0.425773  0.361392  0.782353  0.317279  0.478262  0.685011  0.159575  0.682266  0.639263  0.371713  0.336863  0.303623  0.366516  0.786337  0.194684  0.640408  0.682504  0.331475  0.325073  0.092267  0.253195  0.586325  0.328954  0.175130  0.523766  0.269013  0.200411  0.365966  0.733391  0.658190  0.743536  0.547860  0.378780  0.091230  0.746766  0.429909  0.725979  0.283139  0.032191  0.380064 
31  0.494033  0.747200  0.576268  0.974004  0.529365  0.547349  0.731539  0.412195  0.852888  0.834238  0.430265  0.811801  0.728352  0.798168  0.503737  0.443341  0.722645  0.620653  0.688792  0.899817  0.651472  0.857270  0.656682  0.640238  0.804644  0.828008  0.621404  0.725207  0.671412  0.571132  0.640100 0.0  0.708056  0.855915  0.924004  0.812847  0.844683  0.903013  0.512344  0.519444  0.840832  0.462782  0.756782  0.458971  0.120539  0.751920  0.743883  0.720373  0.868342  0.648867  0.629628  0.085967  0.506489  0.646080  0.707332  0.823697  0.644792  0.883428  0.875484  0.477376  0.645547  0.681248  0.814524  0.828674  0.695005  0.785878  0.852539  0.660623  0.733863  0.785316  0.820667  0.913064  0.649227  0.799735  0.595827  0.647771  0.944434  0.744445  0.675358  0.900188  0.705896  0.864614  0.837517  0.756433  0.624071  0.907593  0.547223  0.806703  0.487957 
32  0.407263  0.305132  0.337854  0.000000  0.324672  0.723577  0.762746  0.286198  0.046391  0.704990  0.520728  0.000000  0.269045  0.872567  0.491181  0.332246  0.693330  0.742842  0.750748  0.518216  0.373287  0.460463  0.598184  0.413544  0.399809  0.384094  0.644249  0.630525  0.290750  0.286157  0.315857  0.708056 0.0  0.102332  0.537939  0.482917  0.740869  0.000000  0.350584  0.316441  0.499879  0.287981  0.015259  0.741570  0.828574  0.296918  0.265498  0.238591  0.059582  0.307578  0.192230  0.811515  0.452499  0.740130  0.561122  0.442603  0.742069  0.382082  0.069075  0.397952  0.246314  0.244540  0.430403  0.448382  0.578777  0.524250  0.190446  0.294837  0.300066  0.025748  0.746787  0.049068  0.205250  0.739309  0.258700  0.187505  0.021259  0.646063  0.661231  0.479961  0.875766  0.067399  0.333953  0.724347  0.224313  0.581369  0.617580  0.401020  0.212512 
33  0.368836  0.375439  0.180424  0.223514  0.541541  0.748767  0.770290  0.230774  0.302806  0.795571  0.505097  0.115202  0.000000  0.753651  0.582079  0.317468  0.773011  0.904908  0.914073  0.715606  0.442236  0.707806  0.891736  0.519216  0.344757  0.575203  0.562746  0.673566  0.289509  0.265074  0.285182  0.855915  0.102332 0.0  0.593791  0.549976  0.756221  0.123573  0.470017  0.359261  0.412587  0.317446  0.274903  0.783718  0.726518  0.286003  0.056897  0.286580  0.235760  0.455362  0.270319  0.912765  0.344430  0.708330  0.627665  0.358158  0.889604  0.499261  0.133150  0.274751  0.404496  0.278598  0.584103  0.376527  0.939789  0.626666  0.184732  0.206961  0.377382  0.182147  0.789690  0.204692  0.356834  0.728606  0.433745  0.191488  0.133514  0.469146  0.669980  0.563238  0.721597  0.214868  0.345659  0.658463  0.463245  0.608544  0.537846  0.408418  0.401683 
34  0.756908  0.757509  0.601981  0.534753  0.857226  0.401465  0.263700  0.635961  0.543589  0.390733  0.487020  0.627840  0.544567  0.372138  0.517295  0.301290  0.232502  0.420340  0.519089  0.214035  0.756191  0.259503  0.563391  0.956942  0.858078  0.125584  0.565804  0.285553  0.701030  0.621493  0.780831  0.924004  0.537939  0.593791 0.0  0.055824  0.341424  0.626370  0.809289  0.722481  0.704617  0.748002  0.648505  0.716918  0.715961  0.821242  0.480567  0.764950  0.611473  0.396263  0.635685  1.000000  0.701738  0.332487  0.391259  0.747686  0.398385  0.164684  0.530606  0.612167  0.877546  0.671027  0.261771  0.808877  0.393245  0.190546  0.616724  0.657282  0.737764  0.514739  0.367213  0.655619  0.695377  0.353759  0.893583  0.620343  0.600558  0.111244  0.189429  0.178184  0.304353  0.680309  0.813810  0.338111  0.345246  0.245842  0.618111  0.734112  0.490462 
35  0.863171  0.664328  0.597562  0.693804  0.787338  0.432809  0.374679  0.702785  0.714611  0.392458  0.430851  0.639473  0.581090  0.422392  0.603149  0.397317  0.271225  0.494355  0.440112  0.169404  0.716981  0.193464  0.523108  0.754686  0.785588  0.258053  0.528138  0.371226  0.775697  0.708442  0.702959  0.812847  0.482917  0.549976  0.055824 0.0  0.295250  0.584241  0.838962  0.789314  0.659232  0.772287  0.569511  0.707242  0.713009  0.721981  0.431644  0.686150  0.583513  0.370452  0.728425  0.950691  0.759805  0.346123  0.300369  0.753322  0.372115  0.107492  0.644285  0.751156  0.847921  0.738024  0.225508  0.829028  0.530080  0.139096  0.552349  0.657212  0.713206  0.625659  0.327303  0.585867  0.654732  0.301421  0.768983  0.605391  0.548474  0.004624  0.213648  0.209977  0.377094  0.649953  0.756599  0.335553  0.428972  0.254242  0.569041  0.760532  0.431207 
36  0.805632  0.525560  0.737060  0.825590  0.788290  0.404965  0.142443  0.570701  0.696895  0.154518  0.423214  0.672961  0.675780  0.134568  0.795036  0.554728  0.152074  0.296963  0.359514  0.380703  0.596208  0.340377  0.295587  0.724479  0.563925  0.397719  0.430169  0.244008  0.623559  0.678414  0.394267  0.844683  0.740869  0.756221  0.341424  0.295250 0.0  0.605260  0.836095  0.770518  0.573454  0.631101  0.613270  0.453215  0.765173  0.480404  0.774309  0.374876  0.761570  0.513446  0.695396  0.723073  0.859020  0.243822  0.301061  0.488921  0.341994  0.275919  0.754407  0.697786  0.682463  0.662068  0.395000  0.527672  0.343578  0.318871  0.653849  0.594774  0.514985  0.677374  0.166679  0.690113  0.703991  0.172487  0.753483  0.611252  0.685293  0.305869  0.388525  0.364146  0.088695  0.713278  0.477974  0.301664  0.557236  0.283514  0.318646  0.590731  0.488816 
37  0.467501  0.340279  0.235342  0.283449  0.341750  0.855227  0.742331  0.205989  0.306400  0.697365  0.445797  0.127461  0.108340  0.730470  0.502170  0.231372  0.668464  0.911451  0.764837  0.577466  0.522876  0.676187  0.803342  0.505838  0.462932  0.675201  0.623561  0.762897  0.234824  0.319408  0.262561  0.903013  0.000000  0.123573  0.626370  0.584241  0.605260 0.0  0.439697  0.361331  0.332281  0.341168  0.249523  0.790829  0.754433  0.296695  0.063323  0.352027  0.081174  0.432014  0.276920  0.840245  0.370024  0.726768  0.735791  0.491247  0.981016  0.618037  0.175687  0.375557  0.517550  0.300683  0.618321  0.361718  0.886770  0.532882  0.188540  0.147778  0.400006  0.209606  0.737015  0.162185  0.221242  0.793254  0.422155  0.290886  0.245181  0.537144  0.600318  0.508672  0.765307  0.165763  0.257668  0.573290  0.329324  0.535304  0.631200  0.417524  0.461510 
38  0.139340  0.372559  0.258373  0.439988  0.155022  0.602730  0.705118  0.076986  0.490627  0.768694  0.488673  0.478858  0.394082  0.737416  0.765357  0.467560  0.653859  0.602422  0.561335  0.772697  0.166331  0.827076  0.518950  0.244239  0.467135  0.841036  0.567826  0.720448  0.329532  0.242520  0.231815  0.512344  0.350584  0.470017  0.809289  0.838962  0.836095  0.439697 0.0  0.153522  0.304227  0.026936  0.534665  0.862977  0.457701  0.368987  0.274824  0.358603  0.385185  0.662698  0.279066  0.538016  0.000000  0.795443  0.652699  0.332338  0.549783  0.822375  0.380936  0.066959  0.206584  0.210432  0.924225  0.411871  0.576204  0.864194  0.541522  0.202405  0.305335  0.501654  0.735334  0.354875  0.288114  0.704715  0.164990  0.293809  0.506502  0.684164  0.643638  0.810929  0.676627  0.495974  0.312650  0.703180  0.694886  0.825879  0.671838  0.377323  0.552799 
39  0.151259  0.465926  0.255175  0.417781  0.172431  0.593743  0.824264  0.153455  0.431511  0.839515  0.508489  0.330380  0.387716  0.764891  0.761010  0.527215  0.867129  0.608086  0.515120  0.725860  0.173443  0.788717  0.491790  0.000000  0.404935  0.773174  0.582716  0.786657  0.343856  0.279470  0.452157  0.519444  0.316441  0.359261  0.722481  0.789314  0.770518  0.361331  0.153522 0.0  0.404334  0.091642  0.369143  0.745347  0.433553  0.425478  0.384171  0.416275  0.471616  0.603985  0.316773  0.534379  0.073201  0.891004  0.568793  0.410522  0.543082  0.763668  0.266618  0.229886  0.115776  0.223725  0.953874  0.435542  0.470145  0.784802  0.479391  0.294688  0.323358  0.419341  0.731777  0.374283  0.249461  0.821510  0.179949  0.276550  0.306487  0.825044  0.700200  0.795531  0.802015  0.442689  0.372601  0.683384  0.619205  0.805132  0.657181  0.407184  0.497801 
40  0.418758  0.086782  0.256171  0.260279  0.358210  0.834112  0.432154  0.171670  0.202519  0.539877  0.402168  0.294781  0.559508  0.472813  0.836876  0.614584  0.481172  0.800389  0.754959  0.707035  0.352961  0.674512  0.728201  0.199490  0.113930  0.665006  0.401108  0.471537  0.279904  0.307037  0.041274  0.840832  0.499879  0.412587  0.704617  0.659232  0.573454  0.332281  0.304227  0.404334 0.0  0.260886  0.257136  0.599458  0.696751  0.068382  0.449453  0.117715  0.358969  0.476728  0.280158  0.719273  0.313847  0.352515  0.658576  0.078734  0.697705  0.802442  0.285633  0.282798  0.291581  0.150589  0.724945  0.172890  0.816342  0.763683  0.321771  0.270351  0.175546  0.395621  0.598645  0.243963  0.283928  0.431301  0.332738  0.207246  0.387457  0.639747  0.669484  0.748852  0.610126  0.287626  0.108740  0.616457  0.499610  0.641657  0.410371  0.152907  0.392489 
41  0.094605  0.415733  0.242063  0.269016  0.042785  0.602547  0.812210  0.289571  0.292878  0.830032  0.550085  0.268514  0.401300  0.845731  0.801594  0.467431  0.661100  0.465121  0.452323  0.758290  0.117642  0.660487  0.535059  0.043677  0.374515  0.672919  0.611091  0.690064  0.227557  0.315601  0.425017  0.462782  0.287981  0.317446  0.748002  0.772287  0.631101  0.341168  0.026936  0.091642  0.260886 0.0  0.427397  0.784725  0.607427  0.451040  0.353791  0.497650  0.439395  0.524709  0.196541  0.445210  0.111781  0.664210  0.635898  0.427329  0.443247  0.656092  0.319670  0.000000  0.039333  0.164170  0.734464  0.409524  0.526787  0.737531  0.255417  0.261888  0.281015  0.382664  0.774590  0.360503  0.340418  0.850217  0.144742  0.317376  0.391737  0.785748  0.606937  0.775420  0.720626  0.305230  0.307160  0.717985  0.478762  0.739715  0.478038  0.346940  0.385554 
42  0.448059  0.302760  0.208597  0.182389  0.440813  0.993761  0.778640  0.328191  0.113950  0.822483  0.482554  0.226909  0.065817  0.827348  0.519570  0.255029  0.750257  0.891903  0.824991  0.581450  0.497404  0.590614  0.844609  0.517530  0.381398  0.594990  0.632724  0.678771  0.276792  0.321139  0.378370  0.756782  0.015259  0.274903  0.648505  0.569511  0.613270  0.249523  0.534665  0.369143  0.257136  0.427397 0.0  0.730947  0.576274  0.301151  0.116257  0.355011  0.243328  0.342026  0.362440  0.867572  0.288901  0.736629  0.612418  0.349594  0.783487  0.478801  0.200633  0.316526  0.406636  0.363386  0.710232  0.370429  0.786004  0.469340  0.220445  0.229813  0.345368  0.335941  0.838960  0.187848  0.258410  0.712370  0.394766  0.260053  0.159673  0.542457  0.617532  0.667711  0.746194  0.158151  0.268342  0.644841  0.466234  0.495466  0.574565  0.400909  0.301419 
43  0.916299  0.563891  0.607464  0.823218  0.855004  0.733440  0.593934  0.760676  0.808308  0.585211  0.540849  0.826204  0.787210  0.637419  0.388881  0.672830  0.473628  0.862158  0.706974  0.784693  0.792847  0.873348  0.892437  0.819766  0.562570  0.810940  0.455311  0.506942  0.723216  0.688719  0.541736  0.458971  0.741570  0.783718  0.716918  0.707242  0.453215  0.790829  0.862977  0.745347  0.599458  0.784725  0.730947 0.0  0.330850  0.528498  0.735727  0.544964  0.724667  0.515776  0.675909  0.369877  0.639450  0.565410  0.606454  0.541635  0.799534  0.732697  0.719012  0.872573  0.813396  0.746842  0.820290  0.512718  0.819375  0.833497  0.784625  0.677282  0.543128  0.715219  0.482260  0.789497  0.598606  0.457492  0.799185  0.654483  0.756888  0.690014  0.636509  0.731657  0.470897  0.799602  0.554018  0.680017  0.527671  0.800797  0.390704  0.483759  0.459418 
44  0.528905  0.902268  0.678214  0.763179  0.328163  0.459623  0.905267  0.561065  0.790089  0.834630  0.428454  0.733622  0.736870  0.726949  0.310837  0.639693  0.748506  0.497084  0.473708  0.731325  0.527136  0.720411  0.471094  0.425206  0.799897  0.732009  0.529843  0.645960  0.651590  0.635018  0.917990  0.120539  0.828574  0.726518  0.715961  0.713009  0.765173  0.754433  0.457701  0.433553  0.696751  0.607427  0.576274  0.330850 0.0  0.816751  0.656366  0.783933  0.851240  0.507821  0.603073  0.000000  0.534471  0.836795  0.698765  0.833687  0.463261  0.801966  0.727369  0.433605  0.533010  0.673312  0.770974  0.740192  0.409637  0.761065  0.633377  0.708453  0.758321  0.761942  0.885939  0.720800  0.593063  0.763698  0.436906  0.642600  0.660387  0.721064  0.755445  0.749207  0.738653  0.717110  0.710458  0.663532  0.544695  0.750186  0.629183  0.831408  0.445285 
