89
0 0.0  0.350476  0.244402  0.394033  0.133993  0.468605  0.683729  0.069496  0.315703  0.698960  0.388071  0.341062  0.511694  0.814363  0.752772  0.509029  0.819262  0.524153  0.549523  0.755888  0.128812  0.723079  0.524974  0.156797  0.420420  0.848476  0.574235  0.767745  0.288962  0.240524  0.351246  0.506014  0.339902  0.402079  0.776439  0.709447  0.730170  0.378061  0.200756  0.207622  0.311118  0.146781  0.303133  0.709251  0.553898  0.469738  0.429982  0.470125  0.551638  0.579696  0.293237  0.483575  0.107369  0.769425  0.667437  0.464295  0.459070  0.705234  0.447851  0.149762  0.054831  0.301975  0.825853  0.372189  0.439304  0.749448  0.354271  0.355126  0.339262  0.372792  0.788799  0.453670  0.254113  0.754109  0.146705  0.324502  0.363247  0.734744  0.747461  0.640926  0.760039  0.396314  0.380983  0.649323  0.536924  0.775409  0.639922  0.374388  0.496029 
1  0.350476 0.0  0.307886  0.332893  0.250875  0.681145  0.581565  0.344221  0.384047  0.481901  0.519800  0.308188  0.342000  0.465323  0.779727  0.447101  0.351933  0.735107  0.631465  0.740361  0.269467  0.646572  0.643067  0.238836  0.191484  0.667726  0.325170  0.420787  0.318654  0.245337  0.156644  0.713506  0.178732  0.216514  0.713020  0.727856  0.468541  0.318704  0.238741  0.277714  0.133298  0.473664  0.296478  0.515793  0.864821  0.204910  0.320993  0.125573  0.280385  0.518908  0.246413  0.674342  0.365372  0.409157  0.667651  0.158243  0.640518  0.654522  0.285837  0.301539  0.348113  0.300543  0.761230  0.185084  0.727588  0.680619  0.320807  0.311591  0.042173  0.219766  0.563339  0.315340  0.197568  0.442032  0.337401  0.247529  0.312855  0.691782  0.617673  0.738716  0.474472  0.373290  0.003921  0.636021  0.536789  0.637447  0.240167  0.213508  0.383498 
2  0.244402  0.307886 0.0  0.243290  0.121663  0.606310  0.661903  0.284946  0.341150  0.620815  0.559274  0.215356  0.234614  0.655751  0.575682  0.393467  0.623184  0.672835  0.660594  0.732543  0.259761  0.635340  0.641625  0.296876  0.320978  0.668857  0.479831  0.523362  0.204934  0.296787  0.335311  0.680324  0.143561  0.331507  0.673304  0.636858  0.646611  0.277302  0.361676  0.203681  0.231745  0.216181  0.155625  0.543569  0.618312  0.201397  0.250665  0.321160  0.227631  0.436004  0.342486  0.659882  0.253360  0.721326  0.726903  0.248795  0.627173  0.707949  0.254745  0.244241  0.291421  0.163228  0.572055  0.251792  0.670801  0.556869  0.256628  0.293169  0.211631  0.280032  0.637437  0.347927  0.174989  0.635564  0.276135  0.278972  0.294853  0.676679  0.622294  0.674983  0.679295  0.334662  0.229666  0.576971  0.539962  0.640932  0.422035  0.290229  0.407796 
3  0.394033  0.332893  0.243290 0.0  0.441903  0.839206  0.689547  0.266821  0.154926  0.657857  0.427315  0.126525  0.080333  0.759015  0.630533  0.390196  0.684884  0.812100  0.757472  0.615904  0.542226  0.643444  0.785143  0.467429  0.425257  0.724059  0.525576  0.837766  0.114679  0.230876  0.258550  0.846026  0.000000  0.188588  0.676675  0.614688  0.634081  0.021565  0.494419  0.381903  0.241208  0.304732  0.262969  0.580285  0.633406  0.256717  0.086156  0.358517  0.117473  0.377942  0.312439  0.767703  0.347368  0.695931  0.666388  0.516688  0.827243  0.534321  0.225206  0.404532  0.409506  0.341578  0.657700  0.390085  0.709714  0.575754  0.179346  0.325932  0.323428  0.174063  0.781767  0.151963  0.196264  0.731718  0.420310  0.234895  0.189065  0.419995  0.619002  0.468062  0.749491  0.158876  0.289717  0.611642  0.398706  0.545857  0.502412  0.299759  0.449373 
4  0.133993  0.250875  0.121663  0.441903 0.0  0.637628  0.612804  0.042523  0.348721  0.787091  0.414577  0.532590  0.351537  0.749483  0.761782  0.405489  0.807861  0.551408  0.611002  0.936408  0.131863  0.850820  0.572206  0.151046  0.353630  0.802811  0.648829  0.804706  0.277869  0.289341  0.486603  0.572142  0.305686  0.478904  0.819950  0.830010  0.641654  0.428534  0.197968  0.181524  0.473782  0.036157  0.531393  0.698357  0.477546  0.306271  0.340575  0.380111  0.480461  0.684215  0.287139  0.607438  0.087345  0.672190  0.695533  0.462588  0.605527  0.778807  0.392477  0.002208  0.127166  0.165674  0.898910  0.458884  0.542773  0.779062  0.381315  0.304629  0.283364  0.336989  0.763396  0.469247  0.234471  0.790559  0.233318  0.166056  0.535772  0.715221  0.625878  0.901108  0.659517  0.400363  0.278307  0.792537  0.626667  0.888667  0.607078  0.436264  0.386713 
5  0.468605  0.681145  0.606310  0.839206  0.637628 0.0  0.273814  0.497372  0.854546  0.429293  0.446591  0.749538  0.722601  0.544026  0.805691  0.547245  0.369600  0.219091  0.196186  0.425819  0.599167  0.516360  0.124661  0.620612  0.833843  0.494098  0.607126  0.351597  0.612957  0.618244  0.780382  0.550162  0.682934  0.880740  0.394749  0.388607  0.305896  0.850805  0.581773  0.579348  0.793316  0.470126  0.880172  0.754732  0.454959  0.602822  0.675345  0.611884  0.785331  0.644266  0.644093  0.568299  0.445352  0.380595  0.354125  0.650266  0.144708  0.349493  0.761359  0.523520  0.545731  0.689175  0.465969  0.748977  0.214239  0.384227  0.879679  0.623167  0.670335  0.746275  0.420961  0.824991  0.681924  0.317246  0.757052  0.711638  0.758271  0.388580  0.132026  0.541259  0.375618  0.869495  0.664004  0.134528  0.584805  0.474373  0.518511  0.715565  0.425338 
6  0.683729  0.581565  0.661903  0.689547  0.612804  0.273814 0.0  0.762551  0.794923  0.138900  0.471392  0.794773  0.655475  0.210416  0.749759  0.482602  0.036319  0.327459  0.344701  0.327548  0.621330  0.335529  0.359280  0.736673  0.493490  0.433170  0.305469  0.094324  0.727774  0.708168  0.646351  0.709537  0.785372  0.762154  0.362892  0.302461  0.055409  0.732739  0.718617  0.783821  0.454243  0.815465  0.666127  0.560027  0.770781  0.595196  0.647410  0.563459  0.654539  0.495883  0.643068  0.591368  0.786772  0.037851  0.234069  0.427485  0.331993  0.319414  0.759313  0.680315  0.555211  0.571203  0.378810  0.583886  0.318106  0.334626  0.745604  0.648541  0.474878  0.691977  0.110146  0.780217  0.639320  0.053206  0.708076  0.689709  0.695234  0.356386  0.232329  0.351519  0.074253  0.700565  0.399801  0.207149  0.534818  0.323017  0.395551  0.489132  0.527715 
7  0.069496  0.344221  0.284946  0.266821  0.042523  0.497372  0.762551 0.0  0.280710  0.790036  0.450297  0.284081  0.402532  0.862115  0.741404  0.427150  0.759333  0.496475  0.463415  0.630935  0.050878  0.727105  0.515332  0.100501  0.297702  0.740938  0.505418  0.710975  0.229001  0.247328  0.383563  0.501036  0.337494  0.353845  0.751745  0.739372  0.727405  0.287867  0.091012  0.158811  0.177300  0.216929  0.246518  0.701785  0.591714  0.472197  0.315102  0.503447  0.370800  0.589198  0.270506  0.437042  0.000000  0.707411  0.619352  0.342100  0.454647  0.672916  0.195115  0.107322  0.068371  0.302253  0.744451  0.341832  0.506569  0.608269  0.391003  0.190959  0.231652  0.284559  0.836212  0.270117  0.215914  0.686568  0.064923  0.218383  0.312917  0.676501  0.661020  0.693938  0.672471  0.242893  0.381678  0.635714  0.604571  0.749998  0.556634  0.433471  0.537797 
8  0.315703  0.384047  0.341150  0.154926  0.348721  0.854546  0.794923  0.280710 0.0  0.672179  0.414585  0.231752  0.165896  0.801749  0.585842  0.272060  0.659762  0.786206  0.849328  0.563234  0.469959  0.600096  0.839481  0.440622  0.359592  0.583947  0.638649  0.631547  0.201167  0.306075  0.262687  0.797527  0.029443  0.182359  0.557280  0.548951  0.810656  0.190219  0.445211  0.399202  0.203184  0.377640  0.222042  0.769664  0.734667  0.229865  0.142570  0.290873  0.179637  0.518568  0.279125  0.800712  0.313469  0.740621  0.606262  0.314093  0.724748  0.520864  0.250316  0.308260  0.393020  0.257262  0.457907  0.436584  0.843840  0.497856  0.254669  0.184962  0.258531  0.133803  0.785256  0.261002  0.355613  0.808018  0.416041  0.265133  0.107731  0.429166  0.675822  0.508895  0.704284  0.250077  0.308218  0.699156  0.373320  0.656476  0.626174  0.441734  0.500575 
9  0.698960  0.481901  0.620815  0.657857  0.787091  0.429293  0.138900  0.790036  0.672179 0.0  0.501740  0.817076  0.790057  0.122529  0.660116  0.542816  0.137764  0.444482  0.225286  0.385967  0.765414  0.389159  0.399829  0.730298  0.492228  0.397784  0.422031  0.140266  0.650890  0.665117  0.504877  0.791541  0.813331  0.785390  0.360831  0.445695  0.119528  0.798288  0.804918  0.792858  0.500001  0.777194  0.817629  0.531344  0.670811  0.515870  0.810337  0.548052  0.723663  0.591568  0.764564  0.852675  0.689104  0.137254  0.210147  0.473854  0.384113  0.343166  0.757728  0.798881  0.847265  0.596875  0.289650  0.513018  0.498635  0.368819  0.781306  0.591369  0.502544  0.755362  0.066147  0.708494  0.621972  0.012550  0.700432  0.624769  0.712679  0.312119  0.278426  0.406512  0.177221  0.686459  0.486364  0.233746  0.658007  0.329604  0.334170  0.591274  0.499272 
10  0.388071  0.519800  0.559274  0.427315  0.414577  0.446591  0.471392  0.450297  0.414585  0.501740 0.0  0.559916  0.590066  0.460861  0.468993  0.401824  0.386619  0.426154  0.410684  0.396410  0.449821  0.505285  0.552077  0.450592  0.427288  0.461636  0.444671  0.478691  0.449389  0.453443  0.405597  0.472611  0.443186  0.474366  0.493138  0.408797  0.462824  0.467812  0.495192  0.483716  0.422737  0.405181  0.510792  0.520105  0.467063  0.464185  0.384744  0.458878  0.519472  0.411935  0.426570  0.511986  0.497809  0.511167  0.451479  0.535268  0.478108  0.390495  0.419306  0.477674  0.447830  0.419698  0.453761  0.444557  0.421249  0.477005  0.483911  0.457500  0.504275  0.499118  0.541666  0.380026  0.432516  0.490981  0.439463  0.379003  0.370707  0.487208  0.356869  0.454820  0.480149  0.492871  0.387129  0.442544  0.523926  0.505511  0.443667  0.474283  0.459892 
11  0.341062  0.308188  0.215356  0.126525  0.532590  0.749538  0.794773  0.284081  0.231752  0.817076  0.559916 0.0  0.000000  0.654019  0.596224  0.302663  0.749392  0.754853  0.859391  0.636443  0.421620  0.645459  0.739021  0.466991  0.393477  0.573692  0.607506  0.720410  0.271522  0.298895  0.365474  0.789725  0.045645  0.251577  0.538180  0.584221  0.691258  0.113476  0.449866  0.419680  0.345005  0.308726  0.203495  0.858188  0.819458  0.296744  0.050923  0.262859  0.152727  0.373567  0.234923  0.854837  0.314883  0.685344  0.594778  0.350031  0.943329  0.617016  0.150794  0.343992  0.493705  0.268320  0.664669  0.305329  0.883915  0.647486  0.207620  0.342354  0.364764  0.238566  0.719970  0.179827  0.271671  0.675744  0.461660  0.217291  0.156858  0.527441  0.692733  0.457203  0.646597  0.159588  0.314351  0.685117  0.335031  0.544585  0.527500  0.401407  0.475604 
12  0.511694  0.342000  0.234614  0.080333  0.351537  0.722601  0.655475  0.402532  0.165896  0.790057  0.590066  0.000000 0.0  0.722730  0.543811  0.553270  0.767249  0.694626  0.674964  0.406595  0.261350  0.553147  0.698029  0.250715  0.379990  0.451489  0.563543  0.660790  0.276111  0.247289  0.267200  0.652487  0.115577  0.142332  0.448804  0.438312  0.775655  0.055881  0.287322  0.367770  0.430642  0.363107  0.110903  0.890933  0.628598  0.382969  0.148790  0.259148  0.146451  0.220215  0.259593  0.618470  0.308486  0.626018  0.622088  0.303766  0.747595  0.450254  0.000000  0.310505  0.253291  0.241050  0.421845  0.385777  0.640267  0.368949  0.102464  0.219182  0.320320  0.000000  0.772444  0.000000  0.202790  0.574616  0.319015  0.353840  0.092212  0.474205  0.632123  0.407438  0.724388  0.207809  0.347532  0.639410  0.253087  0.470567  0.615364  0.307314  0.516968 
13  0.814363  0.465323  0.655751  0.759015  0.749483  0.544026  0.210416  0.862115  0.801749  0.122529  0.460861  0.654019  0.722730 0.0  0.877422  0.512537  0.032868  0.446874  0.389138  0.416836  0.751153  0.383697  0.349338  0.796058  0.536770  0.237719  0.386521  0.083670  0.567790  0.704895  0.392579  0.763303  0.815922  0.755246  0.445429  0.404829  0.052098  0.768658  0.705744  0.765273  0.434581  0.812720  0.738872  0.472423  0.750277  0.535683  0.720279  0.574095  0.792024  0.513401  0.641241  0.726555  0.747521  0.061750  0.157022  0.580668  0.308778  0.398295  0.749389  0.665308  0.719445  0.531550  0.311897  0.424003  0.360012  0.411324  0.813329  0.706426  0.491589  0.737436  0.131195  0.605779  0.650035  0.123371  0.840065  0.666554  0.756031  0.395190  0.342434  0.406912  0.182086  0.751139  0.554308  0.240717  0.664021  0.396092  0.347605  0.490987  0.515077 
14  0.752772  0.779727  0.575682  0.630533  0.761782  0.805691  0.749759  0.741404  0.585842  0.660116  0.468993  0.596224  0.543811  0.877422 0.0  0.276261  0.660467  0.827347  0.880282  0.547272  0.825457  0.480146  0.884717  0.802004  0.817225  0.505195  0.563308  0.686126  0.617190  0.709912  0.753841  0.436825  0.461306  0.595756  0.607028  0.580698  0.792109  0.527329  0.761633  0.644190  0.704076  0.652590  0.662215  0.369602  0.345494  0.755504  0.473656  0.643652  0.531823  0.402331  0.652364  0.331981  0.747284  0.672310  0.637288  0.759534  0.845431  0.576751  0.519684  0.737695  0.687036  0.627199  0.519173  0.793275  0.803630  0.509889  0.532004  0.542144  0.601544  0.529993  0.714734  0.612203  0.568119  0.700619  0.852770  0.550658  0.628463  0.393096  0.575713  0.616990  0.762276  0.677045  0.748730  0.614914  0.450580  0.559330  0.558556  0.797395  0.395000 
15  0.509029  0.447101  0.393467  0.390196  0.405489  0.547245  0.482602  0.427150  0.272060  0.542816  0.401824  0.302663  0.553270  0.512537  0.276261 0.0  0.440945  0.503468  0.525593  0.308214  0.318824  0.428206  0.556852  0.442068  0.557172  0.249378  0.576946  0.427012  0.471741  0.480723  0.583150  0.565180  0.366422  0.229226  0.256950  0.387953  0.531924  0.320282  0.507134  0.628905  0.618393  0.409090  0.333939  0.494936  0.530775  0.467527  0.351801  0.561865  0.294439  0.248982  0.536067  0.529166  0.486369  0.544564  0.425028  0.662823  0.486584  0.222218  0.234198  0.543900  0.544029  0.480363  0.267946  0.628802  0.554536  0.264204  0.326817  0.433841  0.599969  0.229258  0.651366  0.318501  0.425820  0.434416  0.497683  0.387875  0.309636  0.261100  0.497546  0.274691  0.711650  0.236032  0.588649  0.468422  0.193727  0.332946  0.651714  0.532579  0.455276 
16  0.819262  0.351933  0.623184  0.684884  0.807861  0.369600  0.036319  0.759333  0.659762  0.137764  0.386619  0.749392  0.767249  0.032868  0.660467  0.440945 0.0  0.502551  0.338843  0.255362  0.691087  0.356005  0.351466  0.744949  0.497855  0.354563  0.387099  0.184281  0.645302  0.570183  0.469420  0.803881  0.715037  0.674322  0.342524  0.356809  0.126637  0.634355  0.676978  0.728385  0.447815  0.689942  0.747904  0.511745  0.733120  0.368981  0.658257  0.487729  0.665035  0.515952  0.632707  0.725153  0.745881  0.242051  0.294277  0.529413  0.329164  0.159878  0.674977  0.806075  0.796983  0.639110  0.271347  0.522244  0.385475  0.438978  0.732550  0.628786  0.576432  0.651460  0.155227  0.735433  0.686391  0.223176  0.698595  0.632959  0.672028  0.357212  0.205269  0.291265  0.075016  0.779108  0.593780  0.287618  0.676078  0.295255  0.308709  0.573181  0.331270 
17  0.524153  0.735107  0.672835  0.812100  0.551408  0.219091  0.327459  0.496475  0.786206  0.444482  0.426154  0.754853  0.694626  0.446874  0.827347  0.503468  0.502551 0.0  0.307949  0.513939  0.522572  0.461901  0.202236  0.608449  0.794051  0.373060  0.634726  0.318453  0.689196  0.659938  0.736920  0.608036  0.701441  0.869418  0.526487  0.456320  0.404737  0.894987  0.578208  0.537353  0.669643  0.378127  0.823884  0.883319  0.598415  0.770367  0.796848  0.706043  0.864362  0.711955  0.681625  0.546766  0.493933  0.217541  0.243502  0.653227  0.227839  0.415834  0.904681  0.375365  0.613356  0.658221  0.462186  0.818624  0.103655  0.446593  0.864749  0.584706  0.609240  0.776221  0.359221  0.857437  0.573845  0.332839  0.619562  0.581495  0.777671  0.323149  0.225836  0.401423  0.201348  0.790330  0.740617  0.301383  0.632007  0.546328  0.646708  0.761998  0.527120 
18  0.549523  0.631465  0.660594  0.757472  0.611002  0.196186  0.344701  0.463415  0.849328  0.225286  0.410684  0.859391  0.674964  0.389138  0.880282  0.525593  0.338843  0.307949 0.0  0.469162  0.643938  0.423292  0.243949  0.599412  0.756418  0.478761  0.615165  0.380403  0.646055  0.638144  0.763599  0.577964  0.693909  0.774532  0.480721  0.373540  0.301081  0.907479  0.637544  0.496858  0.719280  0.367631  0.881451  0.850840  0.473445  0.736171  0.770495  0.786065  0.900343  0.668726  0.697749  0.608016  0.476932  0.330876  0.262946  0.835744  0.112860  0.396574  0.883028  0.459807  0.567717  0.643432  0.532686  0.754509  0.173973  0.386820  0.865571  0.681623  0.807513  0.745520  0.281254  0.844174  0.678901  0.369910  0.591872  0.647993  0.880373  0.342438  0.239974  0.457947  0.294048  0.836641  0.745356  0.236690  0.655851  0.355861  0.541181  0.755406  0.442840 
19  0.755888  0.740361  0.732543  0.615904  0.936408  0.425819  0.327548  0.630935  0.563234  0.385967  0.396410  0.636443  0.406595  0.416836  0.547272  0.308214  0.255362  0.513939  0.469162 0.0  0.779272  0.194966  0.466781  0.798490  0.764991  0.215341  0.610690  0.263256  0.689379  0.687866  0.693771  0.791542  0.506848  0.523821  0.166155  0.130284  0.344623  0.478639  0.816859  0.784210  0.763866  0.703237  0.601324  0.777699  0.726212  0.638200  0.442142  0.605153  0.559573  0.350910  0.610333  0.849683  0.718246  0.306532  0.224905  0.790323  0.400417  0.195845  0.653529  0.657982  0.758568  0.638717  0.257471  0.807127  0.420435  0.298461  0.550218  0.587603  0.582936  0.486126  0.289515  0.509217  0.691365  0.306159  0.722955  0.645230  0.631996  0.074901  0.276708  0.173834  0.410527  0.486094  0.739598  0.075030  0.297999  0.232114  0.599018  0.795526  0.492020 
20  0.128812  0.269467  0.259761  0.542226  0.131863  0.599167  0.621330  0.050878  0.469959  0.765414  0.449821  0.421620  0.261350  0.751153  0.825457  0.318824  0.691087  0.522572  0.643938  0.779272 0.0  0.811555  0.584507  0.146423  0.329278  0.729887  0.538786  0.648516  0.264017  0.303495  0.165201  0.588888  0.289505  0.371264  0.828700  0.798827  0.817264  0.436364  0.253339  0.106136  0.322590  0.036194  0.376834  0.726210  0.527914  0.324219  0.399354  0.294923  0.423715  0.602272  0.320890  0.538345  0.000000  0.739976  0.706529  0.462405  0.445873  0.864040  0.479322  0.047117  0.169953  0.263658  0.893984  0.341462  0.556713  0.861023  0.497349  0.288512  0.354778  0.484311  0.781257  0.517576  0.319203  0.737430  0.068848  0.233839  0.477923  0.741202  0.691143  0.837283  0.633156  0.426344  0.341647  0.511945  0.728341  0.930520  0.606631  0.316573  0.444692 
21  0.723079  0.646572  0.635340  0.643444  0.850820  0.516360  0.335529  0.727105  0.600096  0.389159  0.505285  0.645459  0.553147  0.383697  0.480146  0.428206  0.356005  0.461901  0.423292  0.194966  0.811555 0.0  0.486445  0.814911  0.803697  0.286942  0.601477  0.290031  0.568373  0.578553  0.676811  0.858170  0.446918  0.625487  0.254726  0.206813  0.352756  0.487128  0.856051  0.764163  0.756101  0.728472  0.573114  0.811139  0.738966  0.776101  0.451106  0.758055  0.571622  0.286513  0.690072  0.854674  0.758980  0.270732  0.260064  0.772288  0.457644  0.152372  0.428608  0.646570  0.725748  0.670385  0.123177  0.781051  0.464163  0.202572  0.632146  0.650567  0.625626  0.570103  0.430455  0.634254  0.592411  0.396379  0.711973  0.728614  0.596915  0.116113  0.224400  0.188897  0.304387  0.513436  0.758716  0.378913  0.404268  0.147960  0.520887  0.727536  0.487031 
22  0.524974  0.643067  0.641625  0.785143  0.572206  0.124661  0.359280  0.515332  0.839481  0.399829  0.552077  0.739021  0.698029  0.349338  0.884717  0.556852  0.351466  0.202236  0.243949  0.466781  0.584507  0.486445 0.0  0.603048  0.802205  0.514319  0.612738  0.309803  0.691249  0.644710  0.712796  0.562161  0.620912  0.866976  0.325496  0.473666  0.363878  0.757745  0.623936  0.487460  0.811130  0.483451  0.832744  0.766188  0.564004  0.784772  0.703665  0.685507  0.806084  0.725483  0.663793  0.566046  0.405356  0.243922  0.366861  0.774898  0.208222  0.454883  0.813725  0.449063  0.522033  0.772224  0.411209  0.710617  0.107852  0.419307  0.871687  0.564459  0.728798  0.763799  0.367800  0.870904  0.597098  0.325658  0.473032  0.629315  0.801168  0.281682  0.222907  0.325281  0.312242  0.838907  0.689190  0.210885  0.566735  0.419410  0.544575  0.771245  0.380224 
23  0.156797  0.238836  0.296876  0.467429  0.151046  0.620612  0.736673  0.100501  0.440622  0.730298  0.450592  0.466991  0.250715  0.796058  0.802004  0.442068  0.744949  0.608449  0.599412  0.798490  0.146423  0.814911  0.603048 0.0  0.428724  0.807322  0.676960  0.632102  0.235301  0.165368  0.290129  0.512868  0.265536  0.471917  0.798833  0.785300  0.631388  0.521364  0.289128  0.075320  0.246742  0.057127  0.491722  0.828334  0.463834  0.267310  0.302890  0.329845  0.419570  0.586316  0.385915  0.614736  0.078728  0.717849  0.715062  0.399609  0.633067  0.803220  0.435807  0.026304  0.222480  0.388710  0.877742  0.287274  0.533264  0.755943  0.492361  0.235940  0.285715  0.533804  0.666988  0.397513  0.268421  0.800234  0.049440  0.208261  0.454475  0.634397  0.590875  0.920192  0.691309  0.433871  0.362318  0.617453  0.572122  0.947345  0.658921  0.485880  0.339753 
24  0.420420  0.191484  0.320978  0.425257  0.353630  0.833843  0.493490  0.297702  0.359592  0.492228  0.427288  0.393477  0.379990  0.536770  0.817225  0.557172  0.497855  0.794051  0.756418  0.764991  0.329278  0.803697  0.802205  0.428724 0.0  0.764885  0.297050  0.482807  0.357094  0.257948  0.068218  0.741936  0.409575  0.384965  0.815183  0.799684  0.560426  0.321054  0.412082  0.392740  0.157538  0.395899  0.413949  0.588654  0.692936  0.061491  0.305522  0.129793  0.402001  0.516798  0.218169  0.717796  0.470839  0.556330  0.594183  0.091244  0.802169  0.763577  0.255256  0.409782  0.425477  0.276178  0.885548  0.215729  0.782051  0.881091  0.368601  0.243396  0.189791  0.406996  0.599990  0.466804  0.219147  0.630022  0.332801  0.203591  0.451716  0.782895  0.636938  0.850868  0.438943  0.377464  0.156075  0.650807  0.497646  0.817146  0.306732  0.064733  0.538393 
25  0.848476  0.667726  0.668857  0.724059  0.802811  0.494098  0.433170  0.740938  0.583947  0.397784  0.461636  0.573692  0.451489  0.237719  0.505195  0.249378  0.354563  0.373060  0.478761  0.215341  0.729887  0.286942  0.514319  0.807322  0.764885 0.0  0.559270  0.215586  0.736047  0.686057  0.782302  0.817617  0.492359  0.599893  0.173190  0.160384  0.434038  0.565099  0.797265  0.790692  0.723288  0.855176  0.627979  0.750216  0.743003  0.730583  0.405525  0.713993  0.610633  0.410993  0.623525  0.774436  0.738355  0.434768  0.292329  0.761735  0.433499  0.296955  0.514683  0.774822  0.827865  0.631387  0.210363  0.808412  0.420161  0.202500  0.561707  0.604709  0.635004  0.536313  0.452774  0.574809  0.658564  0.356459  0.898672  0.566913  0.559066  0.073432  0.327976  0.134498  0.228823  0.622851  0.755365  0.255145  0.479986  0.224076  0.583126  0.686954  0.475672 
26  0.574235  0.325170  0.479831  0.525576  0.648829  0.607126  0.305469  0.505418  0.638649  0.422031  0.444671  0.607506  0.563543  0.386521  0.563308  0.576946  0.387099  0.634726  0.615165  0.610690  0.538786  0.601477  0.612738  0.676960  0.297050  0.559270 0.0  0.258162  0.439769  0.443373  0.319457  0.508182  0.477038  0.515339  0.581271  0.560708  0.356900  0.673522  0.543539  0.554675  0.374579  0.523530  0.482720  0.358946  0.579529  0.341909  0.524076  0.304856  0.546356  0.588344  0.466333  0.603785  0.544770  0.250176  0.501799  0.224188  0.592399  0.583237  0.481477  0.518348  0.655389  0.480897  0.617223  0.348090  0.541990  0.522586  0.515803  0.434870  0.268799  0.495835  0.238820  0.647414  0.378109  0.318762  0.516699  0.487761  0.564953  0.614043  0.516181  0.628036  0.356062  0.670959  0.318836  0.273239  0.545288  0.649675  0.368698  0.348703  0.437868 
27  0.767745  0.420787  0.523362  0.837766  0.804706  0.351597  0.094324  0.710975  0.631547  0.140266  0.478691  0.720410  0.660790  0.083670  0.686126  0.427012  0.184281  0.318453  0.380403  0.263256  0.648516  0.290031  0.309803  0.632102  0.482807  0.215586  0.258162 0.0  0.711309  0.670335  0.402062  0.595784  0.766590  0.757243  0.373880  0.356774  0.157558  0.818198  0.694075  0.771083  0.398240  0.632504  0.716716  0.471002  0.661549  0.498783  0.673295  0.417876  0.702037  0.628495  0.696939  0.795320  0.827546  0.210784  0.233026  0.459663  0.289043  0.353878  0.699564  0.723563  0.698130  0.663690  0.356972  0.616599  0.278776  0.378348  0.695088  0.512183  0.527516  0.669388  0.118654  0.752176  0.595378  0.149904  0.675836  0.662646  0.791676  0.393409  0.246017  0.379153  0.032245  0.772684  0.595518  0.270112  0.475579  0.309833  0.352687  0.662126  0.494368 
28  0.288962  0.318654  0.204934  0.114679  0.277869  0.612957  0.727774  0.229001  0.201167  0.650890  0.449389  0.271522  0.276111  0.567790  0.617190  0.471741  0.645302  0.689196  0.646055  0.689379  0.264017  0.568373  0.691249  0.235301  0.357094  0.736047  0.439769  0.711309 0.0  0.208789  0.267116  0.725856  0.286255  0.317210  0.677925  0.680982  0.588178  0.229660  0.287022  0.301107  0.216889  0.267075  0.169753  0.673674  0.726245  0.244004  0.242995  0.293234  0.242857  0.491125  0.215888  0.652778  0.208807  0.670027  0.735861  0.249421  0.566614  0.669958  0.353574  0.261760  0.215888  0.319869  0.443259  0.349570  0.705464  0.560084  0.222477  0.196745  0.377088  0.205386  0.692218  0.308514  0.262385  0.634560  0.170525  0.214690  0.219806  0.654892  0.602587  0.663807  0.641398  0.251490  0.322331  0.680083  0.423401  0.748709  0.517400  0.247708  0.451160 
29  0.240524  0.245337  0.296787  0.230876  0.289341  0.618244  0.708168  0.247328  0.306075  0.665117  0.453443  0.298895  0.247289  0.704895  0.709912  0.480723  0.570183  0.659938  0.638144  0.687866  0.303495  0.578553  0.644710  0.165368  0.257948  0.686057  0.443373  0.670335  0.208789 0.0  0.302392  0.628375  0.243263  0.220373  0.620761  0.736331  0.549435  0.338923  0.278288  0.184261  0.120045  0.292092  0.337985  0.641962  0.752516  0.246208  0.182805  0.258197  0.254690  0.290765  0.281760  0.556433  0.255469  0.636415  0.667413  0.272025  0.673916  0.649491  0.241726  0.246484  0.212708  0.329967  0.667233  0.240119  0.630305  0.629426  0.308271  0.338502  0.304096  0.224241  0.632009  0.182803  0.203392  0.635795  0.298583  0.327581  0.175069  0.523512  0.653266  0.659019  0.622344  0.280776  0.391295  0.672263  0.476563  0.815216  0.470395  0.276585  0.318850 
30  0.351246  0.156644  0.335311  0.258550  0.486603  0.780382  0.646351  0.383563  0.262687  0.504877  0.405597  0.365474  0.267200  0.392579  0.753841  0.583150  0.469420  0.736920  0.763599  0.693771  0.165201  0.676811  0.712796  0.290129  0.068218  0.782302  0.319457  0.402062  0.267116  0.302392 0.0  0.733464  0.395986  0.372864  0.719678  0.747280  0.494967  0.398397  0.340235  0.397495  0.015454  0.535320  0.255442  0.600023  0.929728  0.261330  0.308075  0.272557  0.296328  0.584900  0.340551  0.684392  0.326538  0.430740  0.581741  0.150917  0.591040  0.726441  0.394554  0.302098  0.338063  0.361366  0.755951  0.102896  0.656947  0.609649  0.260950  0.331760  0.129763  0.255795  0.606417  0.346394  0.243629  0.427813  0.209974  0.207873  0.426606  0.754225  0.707843  0.684383  0.513956  0.301863  0.084474  0.631949  0.517823  0.690906  0.250734  0.184663  0.527613 
31  0.506014  0.713506  0.680324  0.846026  0.572142  0.550162  0.709537  0.501036  0.797527  0.791541  0.472611  0.789725  0.652487  0.763303  0.436825  0.565180  0.803881  0.608036  0.577964  0.791542  0.588888  0.858170  0.562161  0.512868  0.741936  0.817617  0.508182  0.595784  0.725856  0.628375  0.733464 0.0  0.571213  0.788294  0.878224  0.864134  0.665610  0.886902  0.516476  0.575416  0.770950  0.449797  0.900695  0.293072  0.123197  0.716725  0.699016  0.674461  0.862788  0.602447  0.644098  0.158442  0.523066  0.703296  0.675537  0.808494  0.743776  0.899649  0.806629  0.576433  0.493764  0.609175  0.736151  0.786540  0.626373  0.887357  0.864959  0.717035  0.726727  0.771746  0.776237  0.841424  0.576087  0.739722  0.611824  0.660939  0.791993  0.722093  0.600433  0.792996  0.763232  0.846085  0.682618  0.568069  0.755023  0.877585  0.470203  0.733557  0.302324 
32  0.339902  0.178732  0.143561  0.000000  0.305686  0.682934  0.785372  0.337494  0.029443  0.813331  0.443186  0.045645  0.115577  0.815922  0.461306  0.366422  0.715037  0.701441  0.693909  0.506848  0.289505  0.446918  0.620912  0.265536  0.409575  0.492359  0.477038  0.766590  0.286255  0.243263  0.395986  0.571213 0.0  0.138601  0.428901  0.472823  0.736706  0.149482  0.341046  0.378438  0.469687  0.348747  0.082918  0.854954  0.694715  0.274313  0.176952  0.281778  0.000000  0.220826  0.196712  0.648676  0.311299  0.748155  0.620127  0.348738  0.685553  0.458365  0.093735  0.417703  0.371747  0.247038  0.490456  0.499018  0.552809  0.515956  0.000000  0.298262  0.304529  0.000000  0.792421  0.094787  0.177019  0.715064  0.346954  0.161855  0.031736  0.369362  0.769056  0.434533  0.767192  0.103073  0.319209  0.661111  0.332005  0.458377  0.552607  0.461695  0.356171 
33  0.402079  0.216514  0.331507  0.188588  0.478904  0.880740  0.762154  0.353845  0.182359  0.785390  0.474366  0.251577  0.142332  0.755246  0.595756  0.229226  0.674322  0.869418  0.774532  0.523821  0.371264  0.625487  0.866976  0.471917  0.384965  0.599893  0.515339  0.757243  0.317210  0.220373  0.372864  0.788294  0.138601 0.0  0.536640  0.614610  0.667336  0.110012  0.381890  0.510996  0.256840  0.228064  0.079178  0.745941  0.723899  0.417058  0.154231  0.340053  0.178376  0.393335  0.313108  0.896121  0.352882  0.655338  0.674330  0.317532  0.821127  0.533979  0.180386  0.339091  0.428172  0.210609  0.558428  0.416306  0.797781  0.552435  0.066083  0.287698  0.350431  0.192623  0.792313  0.196213  0.246786  0.719340  0.496695  0.316080  0.140537  0.482267  0.660582  0.604519  0.628764  0.150784  0.262564  0.618297  0.393423  0.581877  0.609491  0.448398  0.432267 
34  0.776439  0.713020  0.673304  0.676675  0.819950  0.394749  0.362892  0.751745  0.557280  0.360831  0.493138  0.538180  0.448804  0.445429  0.607028  0.256950  0.342524  0.526487  0.480721  0.166155  0.828700  0.254726  0.325496  0.798833  0.815183  0.173190  0.581271  0.373880  0.677925  0.620761  0.719678  0.878224  0.428901  0.536640 0.0  0.292831  0.244990  0.577694  0.832891  0.776901  0.698181  0.605587  0.527701  0.750079  0.535111  0.641828  0.503698  0.672236  0.615690  0.417069  0.591342  0.786333  0.703815  0.294404  0.344399  0.788906  0.425286  0.261061  0.529642  0.657241  0.841638  0.674064  0.169929  0.861415  0.456678  0.233525  0.613651  0.549856  0.677119  0.643389  0.330335  0.559114  0.790510  0.297749  0.840173  0.716619  0.533522  0.035974  0.277087  0.262693  0.304841  0.514072  0.755793  0.276069  0.367249  0.246830  0.631684  0.739325  0.419468 
35  0.709447  0.727856  0.636858  0.614688  0.830010  0.388607  0.302461  0.739372  0.548951  0.445695  0.408797  0.584221  0.438312  0.404829  0.580698  0.387953  0.356809  0.456320  0.373540  0.130284  0.798827  0.206813  0.473666  0.785300  0.799684  0.160384  0.560708  0.356774  0.680982  0.736331  0.747280  0.864134  0.472823  0.614610  0.292831 0.0  0.260965  0.675819  0.769177  0.726694  0.731601  0.701758  0.525996  0.727403  0.660719  0.784135  0.524929  0.655169  0.604296  0.394938  0.638514  0.925733  0.734515  0.368967  0.209514  0.840123  0.405115  0.214061  0.524179  0.738860  0.891452  0.663275  0.180404  0.777042  0.493914  0.192264  0.624489  0.741782  0.695774  0.448905  0.408764  0.592865  0.602524  0.408471  0.883934  0.673305  0.564346  0.041529  0.226451  0.145357  0.352125  0.552813  0.753115  0.244282  0.277612  0.285075  0.648913  0.726735  0.358090 
36  0.730170  0.468541  0.646611  0.634081  0.641654  0.305896  0.055409  0.727405  0.810656  0.119528  0.462824  0.691258  0.775655  0.052098  0.792109  0.531924  0.126637  0.404737  0.301081  0.344623  0.817264  0.352756  0.363878  0.631388  0.560426  0.434038  0.356900  0.157558  0.588178  0.549435  0.494967  0.665610  0.736706  0.667336  0.244990  0.260965 0.0  0.708207  0.655808  0.691993  0.465179  0.675246  0.745400  0.535485  0.696910  0.479846  0.752531  0.314173  0.847503  0.517251  0.676782  0.716111  0.798955  0.309414  0.293826  0.540944  0.320618  0.308338  0.714380  0.684414  0.768661  0.616342  0.233637  0.523664  0.240294  0.279676  0.741969  0.682551  0.557304  0.689447  0.156741  0.670724  0.689480  0.165745  0.755600  0.613933  0.686367  0.289645  0.250948  0.271057  0.157648  0.581437  0.673755  0.284000  0.523647  0.322371  0.403929  0.503965  0.455042 
37  0.378061  0.318704  0.277302  0.021565  0.428534  0.850805  0.732739  0.287867  0.190219  0.798288  0.467812  0.113476  0.055881  0.768658  0.527329  0.320282  0.634355  0.894987  0.907479  0.478639  0.436364  0.487128  0.757745  0.521364  0.321054  0.565099  0.673522  0.818198  0.229660  0.338923  0.398397  0.886902  0.149482  0.110012  0.577694  0.675819  0.708207 0.0  0.458556  0.414768  0.350392  0.319830  0.203868  0.622626  0.604709  0.307663  0.072089  0.265356  0.289184  0.365057  0.179418  0.914110  0.324591  0.794677  0.660991  0.423252  0.846250  0.549357  0.266495  0.261071  0.436838  0.439668  0.544789  0.404217  0.850771  0.591682  0.135781  0.164686  0.377040  0.112834  0.784750  0.134237  0.132713  0.699335  0.419410  0.175799  0.177359  0.487218  0.737868  0.617100  0.746616  0.153866  0.370912  0.627356  0.356200  0.652514  0.547127  0.396848  0.451348 
38  0.200756  0.238741  0.361676  0.494419  0.197968  0.581773  0.718617  0.091012  0.445211  0.804918  0.495192  0.449866  0.287322  0.705744  0.761633  0.507134  0.676978  0.578208  0.637544  0.816859  0.253339  0.856051  0.623936  0.289128  0.412082  0.797265  0.543539  0.694075  0.287022  0.278288  0.340235  0.516476  0.341046  0.381890  0.832891  0.769177  0.655808  0.458556 0.0  0.197873  0.352639  0.063204  0.372414  0.720203  0.509144  0.319181  0.306045  0.309815  0.451918  0.513851  0.132391  0.579265  0.023698  0.696951  0.670476  0.398936  0.543297  0.775318  0.424058  0.023291  0.159410  0.341877  0.903341  0.532912  0.591308  0.895210  0.379669  0.265663  0.406702  0.375663  0.764455  0.446737  0.207690  0.669300  0.241539  0.228786  0.413430  0.680301  0.619485  0.719981  0.724070  0.389426  0.342589  0.683980  0.678449  0.721898  0.590325  0.380791  0.459691 
39  0.207622  0.277714  0.203681  0.381903  0.181524  0.579348  0.783821  0.158811  0.399202  0.792858  0.483716  0.419680  0.367770  0.765273  0.644190  0.628905  0.728385  0.537353  0.496858  0.784210  0.106136  0.764163  0.487460  0.075320  0.392740  0.790692  0.554675  0.771083  0.301107  0.184261  0.397495  0.575416  0.378438  0.510996  0.776901  0.726694  0.691993  0.414768  0.197873 0.0  0.387385  0.202960  0.334118  0.690025  0.445380  0.390967  0.336201  0.345079  0.381962  0.668422  0.256948  0.524811  0.118146  0.827889  0.656473  0.473392  0.469654  0.766204  0.349302  0.192538  0.118669  0.309259  0.787928  0.432506  0.550953  0.762466  0.468907  0.239489  0.370424  0.437160  0.826135  0.362712  0.283407  0.711222  0.012079  0.262296  0.303579  0.595728  0.628497  0.846283  0.759035  0.408648  0.355799  0.591924  0.510469  0.815181  0.480542  0.477877  0.465852 
40  0.311118  0.133298  0.231745  0.241208  0.473782  0.793316  0.454243  0.177300  0.203184  0.500001  0.422737  0.345005  0.430642  0.434581  0.704076  0.618393  0.447815  0.669643  0.719280  0.763866  0.322590  0.756101  0.811130  0.246742  0.157538  0.723288  0.374579  0.398240  0.216889  0.120045  0.015454  0.770950  0.469687  0.256840  0.698181  0.731601  0.465179  0.350392  0.352639  0.387385 0.0  0.356378  0.282505  0.579060  0.669482  0.071515  0.402497  0.125100  0.271233  0.472592  0.287851  0.746268  0.342830  0.424514  0.632946  0.206684  0.607686  0.756724  0.338576  0.229059  0.344698  0.081291  0.800613  0.193914  0.727934  0.696736  0.314292  0.224211  0.109515  0.343301  0.496359  0.370540  0.244077  0.346150  0.403820  0.211898  0.314245  0.718735  0.644304  0.709248  0.705412  0.306202  0.127305  0.599377  0.547971  0.710410  0.279597  0.109798  0.565033 
41  0.146781  0.473664  0.216181  0.304732  0.036157  0.470126  0.815465  0.216929  0.377640  0.777194  0.405181  0.308726  0.363107  0.812720  0.652590  0.409090  0.689942  0.378127  0.367631  0.703237  0.036194  0.728472  0.483451  0.057127  0.395899  0.855176  0.523530  0.632504  0.267075  0.292092  0.535320  0.449797  0.348747  0.228064  0.605587  0.701758  0.675246  0.319830  0.063204  0.202960  0.356378 0.0  0.201948  0.847941  0.460857  0.534813  0.375362  0.493481  0.296690  0.567168  0.226429  0.420399  0.014682  0.709282  0.669286  0.300442  0.401874  0.597651  0.279605  0.097931  0.106533  0.131647  0.729498  0.370699  0.381898  0.638971  0.344198  0.281079  0.277998  0.308975  0.777369  0.331079  0.213384  0.685469  0.088190  0.220536  0.339929  0.594239  0.641106  0.681680  0.761159  0.331870  0.325668  0.686042  0.559151  0.719806  0.562363  0.395373  0.388584 
42  0.303133  0.296478  0.155625  0.262969  0.531393  0.880172  0.666127  0.246518  0.222042  0.817629  0.510792  0.203495  0.110903  0.738872  0.662215  0.333939  0.747904  0.823884  0.881451  0.601324  0.376834  0.573114  0.832744  0.491722  0.413949  0.627979  0.482720  0.716716  0.169753  0.337985  0.255442  0.900695  0.082918  0.079178  0.527701  0.525996  0.745400  0.203868  0.372414  0.334118  0.282505  0.201948 0.0  0.752232  0.653842  0.352193  0.069317  0.369004  0.127602  0.481214  0.301134  0.804193  0.296036  0.638418  0.630461  0.392773  0.857759  0.565433  0.242911  0.360977  0.516054  0.263226  0.549558  0.373344  0.869478  0.468312  0.244007  0.239761  0.358393  0.195506  0.875912  0.261440  0.229364  0.711945  0.421874  0.252828  0.199334  0.413389  0.650004  0.505663  0.687017  0.144684  0.289864  0.643423  0.365002  0.597314  0.561162  0.344421  0.424013 
43  0.709251  0.515793  0.543569  0.580285  0.698357  0.754732  0.560027  0.701785  0.769664  0.531344  0.520105  0.858188  0.890933  0.472423  0.369602  0.494936  0.511745  0.883319  0.850840  0.777699  0.726210  0.811139  0.766188  0.828334  0.588654  0.750216  0.358946  0.471002  0.673674  0.641962  0.600023  0.293072  0.854954  0.745941  0.750079  0.727403  0.535485  0.622626  0.720203  0.690025  0.579060  0.847941  0.752232 0.0  0.416194  0.574991  0.808197  0.462902  0.773557  0.617260  0.593363  0.318498  0.785910  0.606472  0.613094  0.511165  0.734480  0.836943  0.724031  0.747999  0.843523  0.637184  0.721874  0.533134  0.820175  0.672675  0.747620  0.624109  0.611903  0.746001  0.599502  0.766955  0.528377  0.505607  0.806636  0.676987  0.795138  0.730772  0.673573  0.694761  0.508384  0.786952  0.472741  0.636796  0.526880  0.836764  0.340129  0.537252  0.566204 
44  0.553898  0.864821  0.618312  0.633406  0.477546  0.454959  0.770781  0.591714  0.734667  0.670811  0.467063  0.819458  0.628598  0.750277  0.345494  0.530775  0.733120  0.598415  0.473445  0.726212  0.527914  0.738966  0.564004  0.463834  0.692936  0.743003  0.579529  0.661549  0.726245  0.752516  0.929728  0.123197  0.694715  0.723899  0.535111  0.660719  0.696910  0.604709  0.509144  0.445380  0.669482  0.460857  0.653842  0.416194 0.0  0.819583  0.664322  0.916485  0.879832  0.523003  0.646936  0.073820  0.452461  0.695947  0.647739  0.709341  0.371121  0.739347  0.717103  0.319428  0.469305  0.649195  0.728384  0.720100  0.467748  0.641334  0.641042  0.659279  0.813315  0.743088  0.722332  0.745350  0.586456  0.720894  0.506155  0.650143  0.704767  0.731359  0.659421  0.758234  0.709695  0.673729  0.682877  0.701584  0.421449  0.806621  0.568175  0.832734  0.447380 
