89
0 0.0  0.448146  0.388813  0.508031  0.103417  0.457229  0.857566  0.213435  0.484829  0.808740  0.567377  0.419261  0.438072  0.750173  0.724639  0.587576  0.808737  0.499654  0.597094  0.765892  0.052066  0.841356  0.512940  0.180961  0.348453  0.737290  0.709916  0.808726  0.160865  0.260297  0.409018  0.533757  0.474787  0.366285  0.771851  0.631273  0.778113  0.373135  0.143164  0.171713  0.366484  0.067979  0.328871  0.856769  0.563970  0.461842  0.485254  0.424414  0.425480  0.545002  0.247217  0.595738  0.168120  0.830403  0.646496  0.377068  0.438003  0.809150  0.422319  0.166284  0.164376  0.238658  0.738255  0.315865  0.535000  0.718926  0.312807  0.229961  0.333400  0.435357  0.746682  0.373001  0.260598  0.742994  0.200893  0.374655  0.379269  0.797463  0.642247  0.786712  0.825362  0.446363  0.344739  0.671547  0.575553  0.746719  0.547969  0.398698  0.495728 
1  0.448146 0.0  0.336396  0.244994  0.341623  0.685341  0.555940  0.505354  0.309706  0.526947  0.435146  0.329411  0.269455  0.571128  0.760686  0.533057  0.326302  0.744058  0.740423  0.748309  0.264634  0.597867  0.660560  0.344955  0.076480  0.779964  0.315994  0.431742  0.282438  0.274706  0.201203  0.708417  0.408647  0.307268  0.743924  0.662487  0.476135  0.326926  0.393225  0.429577  0.042997  0.483212  0.324203  0.551318  0.840087  0.146107  0.371509  0.187775  0.386786  0.502091  0.284912  0.714141  0.321533  0.444917  0.661400  0.065820  0.682929  0.713518  0.387442  0.365504  0.271950  0.230250  0.720849  0.135920  0.650500  0.733709  0.375792  0.312325  0.000000  0.314667  0.527821  0.247909  0.221164  0.478888  0.357885  0.230746  0.256539  0.708443  0.737859  0.816319  0.515119  0.363141  0.062215  0.581671  0.513071  0.703040  0.384996  0.178596  0.463069 
2  0.388813  0.336396 0.0  0.318225  0.195021  0.779422  0.668303  0.236443  0.173649  0.666832  0.474774  0.265210  0.209229  0.596499  0.706164  0.527602  0.605290  0.724794  0.643272  0.670209  0.148609  0.675272  0.707870  0.302139  0.326157  0.691233  0.436504  0.735300  0.321177  0.402923  0.252912  0.758660  0.238016  0.213192  0.686915  0.776986  0.573296  0.301195  0.356613  0.237520  0.253461  0.225936  0.257909  0.659632  0.739192  0.319075  0.243529  0.300973  0.299991  0.457768  0.224879  0.583680  0.185063  0.738694  0.572886  0.324545  0.598061  0.721248  0.243058  0.362140  0.294673  0.174713  0.583853  0.276828  0.627654  0.676085  0.216762  0.176161  0.210762  0.206218  0.639832  0.227985  0.230907  0.604035  0.193501  0.178026  0.297345  0.761373  0.660408  0.633016  0.705974  0.341488  0.376173  0.717752  0.375446  0.752423  0.410685  0.164812  0.352154 
3  0.508031  0.244994  0.318225 0.0  0.442501  0.873590  0.689978  0.240648  0.294396  0.694193  0.452855  0.248138  0.148532  0.667598  0.648938  0.332543  0.691431  0.804606  0.897040  0.644655  0.404165  0.688056  0.775859  0.487258  0.430212  0.611279  0.627430  0.811138  0.278031  0.211750  0.334154  0.733634  0.086334  0.187114  0.624570  0.570127  0.642038  0.168119  0.473051  0.395676  0.428275  0.289135  0.162153  0.916570  0.723617  0.319368  0.078053  0.318078  0.143183  0.379395  0.382824  0.870406  0.308932  0.762337  0.759431  0.352611  0.881942  0.615522  0.169438  0.300151  0.476834  0.208782  0.565908  0.316367  0.810145  0.676944  0.141232  0.289655  0.301885  0.190369  0.823275  0.225436  0.190318  0.701144  0.386288  0.118567  0.298122  0.450000  0.613932  0.636093  0.644608  0.249544  0.299371  0.664125  0.325558  0.552796  0.629949  0.328223  0.447376 
4  0.103417  0.341623  0.195021  0.442501 0.0  0.631660  0.756673  0.018494  0.430001  0.863634  0.483693  0.449710  0.315034  0.774700  0.825826  0.502468  0.639127  0.602263  0.455475  0.937813  0.235835  0.760916  0.683058  0.212496  0.431956  0.794341  0.581260  0.713254  0.230655  0.241169  0.329983  0.504394  0.345459  0.418214  0.939763  0.848388  0.635999  0.411085  0.193930  0.210460  0.417990  0.073228  0.467357  0.741964  0.440533  0.369711  0.330156  0.293219  0.450992  0.671152  0.217904  0.744499  0.034779  0.710948  0.675074  0.294790  0.558348  0.893012  0.441483  0.087655  0.207504  0.271756  0.700638  0.474412  0.491684  0.875730  0.404420  0.197005  0.314868  0.440958  0.755447  0.281312  0.278987  0.694027  0.153746  0.203141  0.513494  0.722943  0.593237  0.927705  0.726428  0.434354  0.340417  0.631657  0.585973  0.792660  0.567042  0.380108  0.368379 
5  0.457229  0.685341  0.779422  0.873590  0.631660 0.0  0.329029  0.408861  1.000000  0.458525  0.485223  0.845308  0.627119  0.437662  0.788299  0.477369  0.282812  0.182334  0.196038  0.532462  0.533865  0.414541  0.259517  0.548767  0.783008  0.467748  0.674149  0.293168  0.635103  0.690885  0.786128  0.569499  0.711189  0.782922  0.478678  0.416933  0.361531  0.870956  0.638606  0.570557  0.764609  0.394246  0.928000  0.679415  0.576446  0.672618  0.682709  0.802151  0.830286  0.649855  0.685146  0.585814  0.331694  0.322195  0.234027  0.817836  0.147429  0.424596  0.858511  0.496088  0.597321  0.691444  0.456042  0.766783  0.277588  0.440194  0.923234  0.681023  0.743651  0.833512  0.420633  0.808537  0.745327  0.224864  0.561547  0.531973  0.941145  0.315053  0.156090  0.442814  0.303832  0.822660  0.637000  0.300563  0.660723  0.404865  0.649709  0.816391  0.464585 
6  0.857566  0.555940  0.668303  0.689978  0.756673  0.329029 0.0  0.846018  0.756265  0.065436  0.503086  0.743034  0.717778  0.092193  0.828285  0.458942  0.024593  0.323715  0.338553  0.222041  0.767295  0.362482  0.311353  0.719370  0.670303  0.290339  0.294085  0.183703  0.625851  0.621318  0.538222  0.638408  0.637135  0.668256  0.438469  0.329416  0.050491  0.868362  0.682907  0.813253  0.480975  0.922271  0.688839  0.586091  0.765130  0.631764  0.657043  0.718661  0.788762  0.559532  0.646059  0.723181  0.765484  0.121172  0.241342  0.655590  0.283631  0.276050  0.750695  0.726876  0.716904  0.555643  0.234040  0.645680  0.336702  0.345685  0.716857  0.524595  0.426532  0.741703  0.121339  0.691197  0.661664  0.121406  0.692721  0.756673  0.734563  0.360702  0.231369  0.213073  0.036669  0.672068  0.415951  0.232447  0.506008  0.259900  0.331848  0.510929  0.429849 
7  0.213435  0.505354  0.236443  0.240648  0.018494  0.408861  0.846018 0.0  0.371657  0.777456  0.424226  0.324452  0.377711  0.792581  0.691425  0.604314  0.831301  0.375073  0.343005  0.739415  0.112595  0.696636  0.433005  0.069206  0.389409  0.767355  0.670208  0.798944  0.298150  0.212668  0.485649  0.473257  0.290662  0.322702  0.666864  0.623416  0.712479  0.244167  0.097438  0.066622  0.303232  0.191612  0.327787  0.835379  0.573248  0.427924  0.276816  0.418839  0.266052  0.487421  0.188671  0.431146  0.053658  0.731936  0.640431  0.453987  0.433713  0.637603  0.278629  0.074830  0.046864  0.242735  0.713445  0.363409  0.446440  0.723528  0.382570  0.276620  0.283848  0.406144  0.793439  0.419768  0.248549  0.703999  0.131542  0.244214  0.295273  0.739262  0.684273  0.815779  0.775738  0.336821  0.373470  0.671764  0.451619  0.844516  0.560634  0.400098  0.457139 
8  0.484829  0.309706  0.173649  0.294396  0.430001  1.000000  0.756265  0.371657 0.0  0.769067  0.532730  0.169641  0.049696  0.758629  0.536139  0.309228  0.700606  0.783980  0.886731  0.583557  0.482584  0.639836  0.866522  0.470577  0.512350  0.560455  0.554502  0.686581  0.237107  0.251465  0.360445  0.864374  0.000000  0.224968  0.465133  0.706569  0.764516  0.203769  0.533812  0.345138  0.309811  0.362398  0.187978  0.709750  0.727605  0.466473  0.070271  0.198919  0.254290  0.501823  0.287694  0.816137  0.278929  0.777367  0.759078  0.382819  0.850386  0.554164  0.298295  0.420409  0.476537  0.362061  0.662109  0.358185  0.989332  0.591274  0.232883  0.318470  0.181604  0.259495  0.789316  0.304208  0.240386  0.611230  0.532385  0.276382  0.153759  0.436599  0.585371  0.632611  0.731141  0.201444  0.353191  0.733142  0.379825  0.642818  0.594968  0.469476  0.460687 
9  0.808740  0.526947  0.666832  0.694193  0.863634  0.458525  0.065436  0.777456  0.769067 0.0  0.518772  0.774217  0.791498  0.194362  0.824646  0.578799  0.099402  0.440199  0.409282  0.391600  0.817272  0.335725  0.501853  0.919663  0.519821  0.313545  0.309802  0.067490  0.658608  0.584616  0.576880  0.767421  0.785813  0.789132  0.351232  0.387536  0.170973  0.850458  0.686679  0.802059  0.438004  0.858998  0.755284  0.651151  0.833682  0.496601  0.874876  0.519734  0.817862  0.661907  0.703875  0.811097  0.800860  0.154045  0.243085  0.513675  0.338954  0.505043  0.777094  0.875413  0.763437  0.609144  0.312652  0.371943  0.466668  0.366690  0.809296  0.615584  0.509603  0.766814  0.046302  0.712357  0.647010  0.055173  0.811930  0.744815  0.850377  0.365795  0.244284  0.348700  0.109643  0.830498  0.534804  0.212225  0.606808  0.408469  0.230969  0.648834  0.445715 
10  0.567377  0.435146  0.474774  0.452855  0.483693  0.485223  0.503086  0.424226  0.532730  0.518772 0.0  0.455524  0.393798  0.392813  0.426702  0.449037  0.399321  0.493896  0.456637  0.459356  0.459555  0.445349  0.453159  0.405341  0.486795  0.482765  0.450209  0.484199  0.489185  0.435021  0.506418  0.400605  0.430051  0.508427  0.404611  0.450170  0.442386  0.527841  0.506385  0.391223  0.373689  0.371597  0.366354  0.379808  0.502385  0.438484  0.375695  0.409308  0.457533  0.555089  0.458183  0.469550  0.447429  0.475715  0.526971  0.452379  0.482473  0.441133  0.437499  0.513000  0.468810  0.466491  0.556737  0.578669  0.524415  0.432416  0.414558  0.404794  0.443095  0.461041  0.486059  0.448419  0.503975  0.481459  0.455475  0.446527  0.431370  0.517977  0.479973  0.430683  0.594056  0.428466  0.484741  0.513354  0.420935  0.505657  0.405433  0.358078  0.411786 
11  0.419261  0.329411  0.265210  0.248138  0.449710  0.845308  0.743034  0.324452  0.169641  0.774217  0.455524 0.0  0.060102  0.839176  0.498800  0.212824  0.697139  0.893166  0.801450  0.568341  0.368456  0.574945  0.909624  0.421161  0.420713  0.581708  0.613556  0.670577  0.201260  0.302884  0.275310  0.875868  0.017589  0.225032  0.663919  0.585202  0.734870  0.173819  0.468994  0.410369  0.345137  0.352066  0.182345  0.736049  0.768468  0.343066  0.057301  0.383762  0.178658  0.362799  0.214406  0.883848  0.249721  0.795786  0.701827  0.419228  0.842015  0.687951  0.142640  0.401037  0.267904  0.192382  0.471227  0.376095  0.722970  0.522185  0.099816  0.296731  0.301200  0.213855  0.835173  0.136031  0.283170  0.698636  0.577278  0.371417  0.242406  0.512573  0.741280  0.610102  0.823278  0.223027  0.217864  0.693810  0.330829  0.620491  0.616231  0.411904  0.401268 
12  0.438072  0.269455  0.209229  0.148532  0.315034  0.627119  0.717778  0.377711  0.049696  0.791498  0.393798  0.060102 0.0  0.759258  0.498653  0.426629  0.593653  0.690816  0.762476  0.481591  0.338943  0.494116  0.767104  0.347684  0.372647  0.477898  0.642058  0.768573  0.273300  0.231436  0.288524  0.618573  0.192248  0.053974  0.426728  0.438730  0.711538  0.039924  0.351770  0.382489  0.468621  0.373991  0.054541  0.712725  0.647295  0.360542  0.216789  0.305740  0.042042  0.280076  0.378041  0.684672  0.332939  0.663746  0.762335  0.450208  0.670837  0.501387  0.049151  0.319278  0.343250  0.273448  0.458554  0.410087  0.740157  0.401259  0.135494  0.281630  0.419624  0.110337  0.916944  0.055296  0.319916  0.617966  0.299801  0.202477  0.116242  0.445742  0.648893  0.472661  0.837821  0.069046  0.238850  0.572019  0.193383  0.526439  0.605162  0.353012  0.443053 
13  0.750173  0.571128  0.596499  0.667598  0.774700  0.437662  0.092193  0.792581  0.758629  0.194362  0.392813  0.839176  0.759258 0.0  0.668942  0.631836  0.162489  0.390523  0.432523  0.490682  0.739415  0.321230  0.512769  0.863037  0.580124  0.422177  0.347247  0.074294  0.756851  0.632959  0.497651  0.832979  0.757667  0.704748  0.405676  0.379445  0.152589  0.804262  0.781893  0.782279  0.502093  0.716776  0.756023  0.606353  0.829173  0.406684  0.838289  0.464716  0.790332  0.561648  0.600944  0.722091  0.789586  0.147519  0.212303  0.543542  0.380066  0.406720  0.821339  0.751068  0.780852  0.729279  0.373660  0.497576  0.402956  0.412873  0.693715  0.676992  0.522667  0.838306  0.178589  0.743563  0.557963  0.102896  0.779606  0.703877  0.799457  0.397832  0.199159  0.422216  0.079636  0.804256  0.577103  0.255406  0.551835  0.278433  0.370441  0.491398  0.456320 
14  0.724639  0.760686  0.706164  0.648938  0.825826  0.788299  0.828285  0.691425  0.536139  0.824646  0.426702  0.498800  0.498653  0.668942 0.0  0.182438  0.718939  0.826797  0.957072  0.624373  0.815758  0.615004  0.966988  0.904520  0.786752  0.594943  0.618039  0.725927  0.587882  0.632089  0.709138  0.377550  0.527284  0.690333  0.637372  0.662342  0.712962  0.534503  0.865715  0.801391  0.615728  0.714816  0.495828  0.413470  0.321927  0.766918  0.443063  0.702768  0.585400  0.337567  0.732666  0.447220  0.687812  0.831784  0.621454  0.833714  0.940101  0.564009  0.683717  0.729759  0.831248  0.608764  0.720533  0.846846  0.766216  0.630173  0.774269  0.720485  0.562701  0.522040  0.849321  0.601478  0.727654  0.697988  0.950637  0.648045  0.589252  0.476071  0.642156  0.568856  0.800553  0.599640  0.724522  0.712231  0.559772  0.577440  0.615514  0.799762  0.451111 
15  0.587576  0.533057  0.527602  0.332543  0.502468  0.477369  0.458942  0.604314  0.309228  0.578799  0.449037  0.212824  0.426629  0.631836  0.182438 0.0  0.480094  0.550166  0.555276  0.262124  0.507934  0.232099  0.516401  0.521636  0.671772  0.240589  0.494749  0.519641  0.423546  0.611275  0.506472  0.483670  0.363459  0.266076  0.276945  0.280469  0.499119  0.197686  0.457653  0.605584  0.615462  0.517447  0.151380  0.583906  0.486556  0.552606  0.307210  0.523687  0.175695  0.263609  0.370128  0.570831  0.642953  0.458703  0.370415  0.628962  0.557328  0.378339  0.228857  0.486367  0.515081  0.409431  0.322388  0.634310  0.520643  0.321206  0.302403  0.401830  0.569022  0.344453  0.538382  0.237253  0.336103  0.529227  0.625814  0.467102  0.292655  0.289481  0.516412  0.184150  0.656828  0.329290  0.484627  0.410708  0.242514  0.237004  0.563169  0.600366  0.504106 
16  0.808737  0.326302  0.605290  0.691431  0.639127  0.282812  0.024593  0.831301  0.700606  0.099402  0.399321  0.697139  0.593653  0.162489  0.718939  0.480094 0.0  0.279654  0.332079  0.334145  0.670929  0.275383  0.412056  0.729616  0.515840  0.296668  0.236857  0.262763  0.655219  0.651117  0.432990  0.758244  0.628199  0.701048  0.350181  0.342237  0.186852  0.706393  0.739766  0.838911  0.450932  0.656359  0.695304  0.545460  0.643414  0.538069  0.829235  0.495232  0.693218  0.510303  0.622635  0.660167  0.875792  0.152193  0.224116  0.568135  0.319762  0.313854  0.736627  0.762333  0.636264  0.675754  0.414192  0.618683  0.273152  0.211562  0.694547  0.604062  0.722672  0.809558  0.070186  0.722299  0.750967  0.173506  0.768208  0.729986  0.744310  0.397003  0.268922  0.301458  0.039190  0.745958  0.563560  0.232045  0.480864  0.401224  0.231990  0.553171  0.454386 
17  0.499654  0.744058  0.724794  0.804606  0.602263  0.182334  0.323715  0.375073  0.783980  0.440199  0.493896  0.893166  0.690816  0.390523  0.826797  0.550166  0.279654 0.0  0.137342  0.349295  0.590510  0.483895  0.220170  0.626483  0.804488  0.499093  0.601475  0.279600  0.588330  0.599933  0.721082  0.542163  0.634722  0.763814  0.549363  0.344895  0.303749  0.862469  0.560844  0.659459  0.689239  0.372734  0.784498  0.732554  0.456125  0.677127  0.703185  0.726685  0.862650  0.688644  0.619278  0.588265  0.414025  0.331710  0.184286  0.854112  0.190136  0.511377  0.925783  0.386304  0.529998  0.666571  0.481982  0.662680  0.211738  0.432552  0.852706  0.778250  0.703429  0.719078  0.408401  0.978733  0.656762  0.378181  0.475156  0.721206  0.906418  0.311472  0.177816  0.446061  0.270739  0.849651  0.823369  0.266922  0.692149  0.572939  0.538040  0.879132  0.500676 
18  0.597094  0.740423  0.643272  0.897040  0.455475  0.196038  0.338553  0.343005  0.886731  0.409282  0.456637  0.801450  0.762476  0.432523  0.957072  0.555276  0.332079  0.137342 0.0  0.541732  0.539947  0.422096  0.164110  0.597500  0.906879  0.489308  0.572366  0.395750  0.740887  0.667865  0.734458  0.575250  0.736685  0.866248  0.455901  0.487672  0.349629  0.954542  0.547950  0.556074  0.748619  0.452413  0.760460  0.779175  0.360145  0.781577  0.692530  0.753263  0.835601  0.684993  0.719971  0.566022  0.415620  0.274501  0.214806  0.764741  0.251851  0.403839  0.827022  0.419282  0.517754  0.648326  0.325520  0.757655  0.096473  0.485853  0.885351  0.536018  0.699705  0.828370  0.379780  0.884735  0.581298  0.260211  0.604661  0.621600  0.841488  0.353693  0.182089  0.333767  0.357933  0.766709  0.781411  0.279958  0.647761  0.508965  0.509002  0.785825  0.451146 
19  0.765892  0.748309  0.670209  0.644655  0.937813  0.532462  0.222041  0.739415  0.583557  0.391600  0.459356  0.568341  0.481591  0.490682  0.624373  0.262124  0.334145  0.349295  0.541732 0.0  0.828852  0.232913  0.546825  0.972327  0.856321  0.159702  0.651820  0.366801  0.597940  0.619074  0.693717  0.812411  0.464933  0.665431  0.230159  0.211746  0.320616  0.549345  0.853836  0.771480  0.711531  0.738193  0.518899  0.760400  0.749058  0.660691  0.479520  0.717333  0.636885  0.417708  0.722486  0.850604  0.748755  0.385787  0.287641  0.739025  0.544272  0.211966  0.610517  0.765456  0.887220  0.636615  0.161876  0.826253  0.479545  0.229008  0.627018  0.625011  0.742686  0.579744  0.382027  0.578116  0.628423  0.446639  0.769273  0.648162  0.641695  0.077787  0.279390  0.153223  0.278278  0.558515  0.758042  0.206911  0.434396  0.191424  0.623686  0.822856  0.407476 
20  0.052066  0.264634  0.148609  0.404165  0.235835  0.533865  0.767295  0.112595  0.482584  0.817272  0.459555  0.368456  0.338943  0.739415  0.815758  0.507934  0.670929  0.590510  0.539947  0.828852 0.0  0.808290  0.574984  0.183704  0.405585  0.872892  0.606202  0.743336  0.299722  0.214202  0.328159  0.626559  0.307974  0.462618  0.891227  0.808293  0.670645  0.524129  0.125027  0.222743  0.363659  0.111999  0.481649  0.841106  0.441262  0.174628  0.399324  0.313198  0.475713  0.668555  0.268535  0.622777  0.073128  0.598243  0.626865  0.416933  0.570707  0.789802  0.501908  0.033180  0.204201  0.169212  0.769066  0.467668  0.678819  0.779608  0.460148  0.177034  0.298552  0.586037  0.815314  0.595544  0.309422  0.708459  0.118291  0.165296  0.513787  0.768219  0.695043  0.799593  0.758594  0.458906  0.345649  0.679060  0.662747  0.810327  0.644983  0.276308  0.474293 
21  0.841356  0.597867  0.675272  0.688056  0.760916  0.414541  0.362482  0.696636  0.639836  0.335725  0.445349  0.574945  0.494116  0.321230  0.615004  0.232099  0.275383  0.483895  0.422096  0.232913  0.808290 0.0  0.476987  0.857226  0.728928  0.176810  0.585967  0.402751  0.626054  0.648727  0.799410  0.843462  0.465590  0.643563  0.163449  0.224969  0.320859  0.680777  0.776042  0.792789  0.673854  0.706612  0.643117  0.822561  0.677436  0.685313  0.413921  0.763415  0.659180  0.361311  0.633345  0.954159  0.748618  0.272286  0.281156  0.734960  0.559229  0.202188  0.530284  0.778075  0.904943  0.645604  0.199315  0.767619  0.438626  0.152338  0.693009  0.789809  0.766095  0.620433  0.382541  0.596226  0.721103  0.365473  0.873150  0.736049  0.511878  0.079146  0.207692  0.266328  0.415716  0.560599  0.779709  0.322089  0.490844  0.214461  0.617761  0.768154  0.374366 
22  0.512940  0.660560  0.707870  0.775859  0.683058  0.259517  0.311353  0.433005  0.866522  0.501853  0.453159  0.909624  0.767104  0.512769  0.966988  0.516401  0.412056  0.220170  0.164110  0.546825  0.574984  0.476987 0.0  0.624973  0.765263  0.398272  0.520492  0.364873  0.607375  0.695997  0.632413  0.639840  0.725360  0.797825  0.508371  0.474107  0.242196  0.835124  0.539697  0.513269  0.733621  0.355724  0.899360  0.761285  0.484506  0.643928  0.647210  0.683356  0.782936  0.581043  0.684096  0.592888  0.496410  0.271924  0.410847  0.819520  0.212077  0.450996  0.911571  0.398170  0.597607  0.685845  0.418505  0.748329  0.284416  0.427428  0.926241  0.719298  0.678766  0.889233  0.437575  0.816513  0.746814  0.302298  0.671320  0.739073  0.786596  0.306917  0.220221  0.468205  0.358677  0.890054  0.692086  0.267552  0.694455  0.490132  0.551309  0.845741  0.498719 
23  0.180961  0.344955  0.302139  0.487258  0.212496  0.548767  0.719370  0.069206  0.470577  0.919663  0.405341  0.421161  0.347684  0.863037  0.904520  0.521636  0.729616  0.626483  0.597500  0.972327  0.183704  0.857226  0.624973 0.0  0.343031  0.891316  0.595186  0.803325  0.232415  0.178546  0.328193  0.648567  0.328091  0.341673  0.880962  0.796708  0.781497  0.441798  0.236630  0.027031  0.291851  0.094002  0.581703  0.840708  0.419894  0.334208  0.346899  0.311003  0.467578  0.714097  0.299813  0.524041  0.054437  0.753339  0.620013  0.440075  0.603480  0.818901  0.491914  0.057887  0.253546  0.224598  0.919212  0.369182  0.577492  0.767054  0.565653  0.245282  0.275674  0.404821  0.813836  0.501808  0.206436  0.664824  0.162356  0.235149  0.539196  0.723876  0.647750  0.860855  0.709399  0.416622  0.335708  0.687461  0.603678  0.859948  0.590897  0.437887  0.453475 
24  0.348453  0.076480  0.326157  0.430212  0.431956  0.783008  0.670303  0.389409  0.512350  0.519821  0.486795  0.420713  0.372647  0.580124  0.786752  0.671772  0.515840  0.804488  0.906879  0.856321  0.405585  0.728928  0.765263  0.343031 0.0  0.792052  0.344781  0.469498  0.265931  0.379922  0.112241  0.858866  0.374785  0.454078  0.837116  0.787594  0.567224  0.359105  0.329653  0.341379  0.050207  0.338937  0.468173  0.600303  0.868506  0.120217  0.516599  0.039392  0.384774  0.573969  0.251541  0.874190  0.339789  0.479719  0.650460  0.147413  0.797786  0.858175  0.450738  0.412546  0.446884  0.243078  0.685405  0.176009  0.855315  0.778083  0.401857  0.163669  0.198635  0.433091  0.613412  0.309947  0.263867  0.478263  0.371306  0.347834  0.389316  0.816397  0.681866  0.735657  0.555510  0.417694  0.163364  0.537764  0.577733  0.762061  0.329170  0.153145  0.463997 
25  0.737290  0.779964  0.691233  0.611279  0.794341  0.467748  0.290339  0.767355  0.560455  0.313545  0.482765  0.581708  0.477898  0.422177  0.594943  0.240589  0.296668  0.499093  0.489308  0.159702  0.872892  0.176810  0.398272  0.891316  0.792052 0.0  0.521009  0.365973  0.775931  0.693714  0.702647  0.926246  0.479198  0.540864  0.139219  0.197945  0.311085  0.613350  0.836882  0.862663  0.697816  0.824187  0.663178  0.670923  0.777200  0.589528  0.446922  0.777001  0.604393  0.365941  0.661259  0.875428  0.717391  0.349022  0.230465  0.764133  0.382979  0.063868  0.646223  0.670043  0.841496  0.512217  0.246884  0.740225  0.398403  0.117471  0.683882  0.631388  0.745585  0.568526  0.354965  0.657879  0.634273  0.392549  0.849662  0.718210  0.594689  0.000000  0.255633  0.229921  0.351447  0.649171  0.728352  0.275713  0.398747  0.113534  0.632666  0.851867  0.445894 
26  0.709916  0.315994  0.436504  0.627430  0.581260  0.674149  0.294085  0.670208  0.554502  0.309802  0.450209  0.613556  0.642058  0.347247  0.618039  0.494749  0.236857  0.601475  0.572366  0.651820  0.606202  0.585967  0.520492  0.595186  0.344781  0.521009 0.0  0.363726  0.431606  0.436170  0.331569  0.619039  0.639251  0.528234  0.584138  0.660045  0.361158  0.632218  0.531555  0.622669  0.325205  0.576742  0.525841  0.360406  0.563254  0.369156  0.635951  0.357191  0.574965  0.506219  0.435192  0.616350  0.530831  0.272032  0.420218  0.315264  0.619111  0.699698  0.521599  0.576609  0.615410  0.372726  0.525689  0.344945  0.637402  0.496581  0.649798  0.441125  0.315666  0.545077  0.358081  0.610503  0.533906  0.384578  0.575780  0.525796  0.567706  0.597334  0.517269  0.614701  0.406217  0.608889  0.375525  0.465163  0.434584  0.594226  0.269444  0.380101  0.440123 
27  0.808726  0.431742  0.735300  0.811138  0.713254  0.293168  0.183703  0.798944  0.686581  0.067490  0.484199  0.670577  0.768573  0.074294  0.725927  0.519641  0.262763  0.279600  0.395750  0.366801  0.743336  0.402751  0.364873  0.803325  0.469498  0.365973  0.363726 0.0  0.725658  0.689961  0.500765  0.644069  0.704383  0.726163  0.388129  0.260727  0.229332  0.648119  0.715483  0.791964  0.439525  0.762222  0.618052  0.491483  0.732163  0.469102  0.696833  0.530764  0.672996  0.491042  0.713137  0.668353  0.863526  0.171899  0.251483  0.609639  0.361231  0.298499  0.736629  0.772142  0.745114  0.635756  0.302549  0.570052  0.226591  0.385121  0.736116  0.629033  0.618069  0.700316  0.193688  0.674290  0.702396  0.166451  0.753964  0.754851  0.591948  0.277805  0.261792  0.357377  0.003924  0.791654  0.591452  0.249224  0.620122  0.276477  0.307638  0.559412  0.493142 
28  0.160865  0.282438  0.321177  0.278031  0.230655  0.635103  0.625851  0.298150  0.237107  0.658608  0.489185  0.201260  0.273300  0.756851  0.587882  0.423546  0.655219  0.588330  0.740887  0.597940  0.299722  0.626054  0.607375  0.232415  0.265931  0.775931  0.431606  0.725658 0.0  0.259373  0.383048  0.719308  0.341929  0.203217  0.700200  0.657941  0.654820  0.134786  0.118470  0.313716  0.225936  0.327348  0.226416  0.717695  0.683473  0.254118  0.278219  0.281798  0.271735  0.415672  0.208769  0.649354  0.231415  0.625535  0.797365  0.247540  0.578881  0.692011  0.325188  0.296915  0.279414  0.303129  0.563202  0.285302  0.630256  0.593601  0.226551  0.281517  0.251487  0.236496  0.691560  0.331975  0.308294  0.647591  0.289381  0.306327  0.237040  0.656006  0.589820  0.490330  0.726651  0.263926  0.281740  0.651824  0.470117  0.645184  0.540544  0.324894  0.488514 
29  0.260297  0.274706  0.402923  0.211750  0.241169  0.690885  0.621318  0.212668  0.251465  0.584616  0.435021  0.302884  0.231436  0.632959  0.632089  0.611275  0.651117  0.599933  0.667865  0.619074  0.214202  0.648727  0.695997  0.178546  0.379922  0.693714  0.436170  0.689961  0.259373 0.0  0.364171  0.659509  0.283893  0.306610  0.616234  0.643369  0.719361  0.310263  0.191934  0.237850  0.196456  0.258996  0.191609  0.684578  0.661535  0.189865  0.298653  0.305251  0.323194  0.395029  0.248270  0.674737  0.340606  0.728218  0.619069  0.320663  0.696699  0.629979  0.383791  0.203812  0.250432  0.329304  0.664354  0.235061  0.601337  0.723517  0.244999  0.249692  0.271494  0.255761  0.732959  0.283770  0.280786  0.846128  0.296628  0.168326  0.227564  0.735279  0.582692  0.697268  0.650041  0.275932  0.207532  0.617615  0.453012  0.645703  0.571953  0.387700  0.423828 
30  0.409018  0.201203  0.252912  0.334154  0.329983  0.786128  0.538222  0.485649  0.360445  0.576880  0.506418  0.275310  0.288524  0.497651  0.709138  0.506472  0.432990  0.721082  0.734458  0.693717  0.328159  0.799410  0.632413  0.328193  0.112241  0.702647  0.331569  0.500765  0.383048  0.364171 0.0  0.819416  0.404331  0.243310  0.629896  0.790119  0.453815  0.290821  0.312576  0.429366  0.025466  0.381134  0.376571  0.571627  0.864991  0.141926  0.372773  0.132963  0.312014  0.660904  0.351053  0.687858  0.288471  0.523212  0.629645  0.160485  0.746775  0.771111  0.411403  0.255009  0.327101  0.123499  0.751296  0.145619  0.830571  0.768269  0.342090  0.231871  0.081070  0.280476  0.580561  0.290279  0.310164  0.421773  0.261165  0.269755  0.455745  0.783201  0.749322  0.669109  0.498007  0.361191  0.240620  0.579571  0.458452  0.777680  0.370986  0.139345  0.418245 
31  0.533757  0.708417  0.758660  0.733634  0.504394  0.569499  0.638408  0.473257  0.864374  0.767421  0.400605  0.875868  0.618573  0.832979  0.377550  0.483670  0.758244  0.542163  0.575250  0.812411  0.626559  0.843462  0.639840  0.648567  0.858866  0.926246  0.619039  0.644069  0.719308  0.659509  0.819416 0.0  0.746968  0.836047  0.782751  0.745545  0.738576  0.852387  0.674355  0.589817  0.723284  0.521771  0.792846  0.422623  0.000000  0.612898  0.848800  0.687874  0.942965  0.702398  0.676879  0.198544  0.502148  0.690896  0.689686  0.726883  0.591197  0.880208  0.868632  0.446805  0.609810  0.707666  0.766145  0.727931  0.591297  0.868246  0.895672  0.663635  0.717299  0.836706  0.814716  0.991008  0.621796  0.847365  0.494077  0.727262  0.932101  0.729586  0.565410  0.933104  0.749602  0.869585  0.625754  0.688344  0.698775  0.887788  0.591713  0.734584  0.472283 
32  0.474787  0.408647  0.238016  0.086334  0.345459  0.711189  0.637135  0.290662  0.000000  0.785813  0.430051  0.017589  0.192248  0.757667  0.527284  0.363459  0.628199  0.634722  0.736685  0.464933  0.307974  0.465590  0.725360  0.328091  0.374785  0.479198  0.639251  0.704383  0.341929  0.283893  0.404331  0.746968 0.0  0.010371  0.410834  0.505175  0.734095  0.009149  0.312062  0.443488  0.383102  0.308885  0.043166  0.714086  0.691671  0.365740  0.173952  0.312373  0.093013  0.190214  0.297048  0.766757  0.350813  0.609134  0.645986  0.480918  0.828315  0.489791  0.209414  0.289497  0.244121  0.214930  0.404888  0.334798  0.666424  0.479809  0.125305  0.249921  0.374589  0.064496  0.846063  0.130659  0.217347  0.696127  0.345228  0.264584  0.083167  0.356875  0.684985  0.512372  0.824842  0.000000  0.383213  0.651636  0.275656  0.484973  0.679312  0.389311  0.381617 
33  0.366285  0.307268  0.213192  0.187114  0.418214  0.782922  0.668256  0.322702  0.224968  0.789132  0.508427  0.225032  0.053974  0.704748  0.690333  0.266076  0.701048  0.763814  0.866248  0.665431  0.462618  0.643563  0.797825  0.341673  0.454078  0.540864  0.528234  0.726163  0.203217  0.306610  0.243310  0.836047  0.010371 0.0  0.645348  0.609421  0.768232  0.161691  0.468901  0.390361  0.326599  0.290046  0.244356  0.857262  0.693750  0.338207  0.000000  0.242895  0.052089  0.481286  0.327030  0.811100  0.347675  0.848311  0.676154  0.326945  0.802709  0.632226  0.170077  0.288701  0.435524  0.220312  0.556781  0.406954  0.782024  0.593436  0.175956  0.343342  0.281234  0.290336  0.717032  0.074049  0.289515  0.635432  0.525738  0.337683  0.275567  0.563869  0.593448  0.504439  0.660508  0.146342  0.296322  0.730142  0.379077  0.678285  0.591137  0.431445  0.493780 
34  0.771851  0.743924  0.686915  0.624570  0.939763  0.478678  0.438469  0.666864  0.465133  0.351232  0.404611  0.663919  0.426728  0.405676  0.637372  0.276945  0.350181  0.549363  0.455901  0.230159  0.891227  0.163449  0.508371  0.880962  0.837116  0.139219  0.584138  0.388129  0.700200  0.616234  0.629896  0.782751  0.410834  0.645348 0.0  0.176774  0.344735  0.521324  0.861299  0.759740  0.661062  0.696617  0.543941  0.748688  0.613806  0.714552  0.526719  0.654344  0.531159  0.359419  0.693131  0.894209  0.660513  0.399533  0.281588  0.819840  0.422723  0.267150  0.621038  0.686879  0.925329  0.667108  0.212147  0.881513  0.386863  0.254768  0.538461  0.620890  0.557793  0.664847  0.534200  0.541489  0.536627  0.287034  0.785973  0.641137  0.592951  0.204487  0.277435  0.229476  0.295769  0.640778  0.705443  0.289136  0.324784  0.157091  0.535706  0.764400  0.484567 
35  0.631273  0.662487  0.776986  0.570127  0.848388  0.416933  0.329416  0.623416  0.706569  0.387536  0.450170  0.585202  0.438730  0.379445  0.662342  0.280469  0.342237  0.344895  0.487672  0.211746  0.808293  0.224969  0.474107  0.796708  0.787594  0.197945  0.660045  0.260727  0.657941  0.643369  0.790119  0.745545  0.505175  0.609421  0.176774 0.0  0.397078  0.499651  0.896057  0.806103  0.678386  0.636551  0.588762  0.763283  0.748454  0.684588  0.388798  0.715932  0.541509  0.478404  0.543731  0.847922  0.808646  0.371462  0.206959  0.800657  0.479842  0.165855  0.666109  0.745278  0.877502  0.692250  0.124744  0.830274  0.450840  0.113986  0.533984  0.693342  0.687747  0.681809  0.339473  0.626129  0.664151  0.313402  0.856209  0.604959  0.550951  0.070332  0.326943  0.243696  0.282397  0.592771  0.647742  0.314473  0.292871  0.182416  0.498303  0.760620  0.522794 
36  0.778113  0.476135  0.573296  0.642038  0.635999  0.361531  0.050491  0.712479  0.764516  0.170973  0.442386  0.734870  0.711538  0.152589  0.712962  0.499119  0.186852  0.303749  0.349629  0.320616  0.670645  0.320859  0.242196  0.781497  0.567224  0.311085  0.361158  0.229332  0.654820  0.719361  0.453815  0.738576  0.734095  0.768232  0.344735  0.397078 0.0  0.758174  0.721964  0.764956  0.499138  0.717905  0.722593  0.617847  0.819258  0.448602  0.765955  0.551265  0.742630  0.535851  0.559642  0.725391  0.867500  0.229060  0.305374  0.595336  0.316003  0.387138  0.666352  0.653067  0.750758  0.690782  0.351044  0.519767  0.331368  0.411638  0.666273  0.662734  0.615312  0.696384  0.180053  0.730618  0.761543  0.289007  0.729217  0.681679  0.697914  0.356537  0.241295  0.349762  0.077581  0.896463  0.614382  0.293572  0.495428  0.251902  0.318312  0.611659  0.545306 
37  0.373135  0.326926  0.301195  0.168119  0.411085  0.870956  0.868362  0.244167  0.203769  0.850458  0.527841  0.173819  0.039924  0.804262  0.534503  0.197686  0.706393  0.862469  0.954542  0.549345  0.524129  0.680777  0.835124  0.441798  0.359105  0.613350  0.632218  0.648119  0.134786  0.310263  0.290821  0.852387  0.009149  0.161691  0.521324  0.499651  0.758174 0.0  0.349514  0.364113  0.327267  0.345487  0.123640  0.745103  0.762489  0.315217  0.031629  0.328519  0.098021  0.352115  0.241798  0.854371  0.413814  0.763516  0.740634  0.308666  0.812320  0.687446  0.130955  0.448547  0.519007  0.242443  0.678568  0.357304  0.865534  0.632318  0.232513  0.244597  0.299300  0.193466  0.768270  0.136941  0.226770  0.736837  0.374323  0.141374  0.122243  0.431390  0.697000  0.671457  0.731569  0.185428  0.257065  0.584656  0.466675  0.553363  0.680386  0.423321  0.464000 
38  0.143164  0.393225  0.356613  0.473051  0.193930  0.638606  0.682907  0.097438  0.533812  0.686679  0.506385  0.468994  0.351770  0.781893  0.865715  0.457653  0.739766  0.560844  0.547950  0.853836  0.125027  0.776042  0.539697  0.236630  0.329653  0.836882  0.531555  0.715483  0.118470  0.191934  0.312576  0.674355  0.312062  0.468901  0.861299  0.896057  0.721964  0.349514 0.0  0.078348  0.224578  0.102735  0.632833  0.866921  0.523830  0.343173  0.265733  0.240878  0.423638  0.652597  0.351826  0.551568  0.117781  0.690697  0.652874  0.328061  0.580237  0.730725  0.501239  0.108570  0.192251  0.399177  0.821188  0.457135  0.550943  0.913202  0.478376  0.319763  0.429051  0.422415  0.772844  0.431342  0.305071  0.753018  0.111361  0.253695  0.497370  0.587170  0.649402  0.883903  0.728590  0.388980  0.326173  0.568027  0.649613  0.841300  0.454309  0.276490  0.469668 
39  0.171713  0.429577  0.237520  0.395676  0.210460  0.570557  0.813253  0.066622  0.345138  0.802059  0.391223  0.410369  0.382489  0.782279  0.801391  0.605584  0.838911  0.659459  0.556074  0.771480  0.222743  0.792789  0.513269  0.027031  0.341379  0.862663  0.622669  0.791964  0.313716  0.237850  0.429366  0.589817  0.443488  0.390361  0.759740  0.806103  0.764956  0.364113  0.078348 0.0  0.461948  0.233836  0.376871  0.861202  0.527168  0.582971  0.432874  0.516445  0.457021  0.606765  0.217783  0.496276  0.095660  0.840966  0.643488  0.390808  0.379489  0.851500  0.432292  0.135511  0.182803  0.243171  0.904175  0.378122  0.594087  0.692440  0.453203  0.206791  0.327883  0.407315  0.760447  0.316316  0.224632  0.771044  0.110809  0.373223  0.365710  0.886183  0.536965  0.705942  0.750481  0.188949  0.475421  0.582409  0.569758  0.770798  0.661013  0.408558  0.358861 
40  0.366484  0.042997  0.253461  0.428275  0.417990  0.764609  0.480975  0.303232  0.309811  0.438004  0.373689  0.345137  0.468621  0.502093  0.615728  0.615462  0.450932  0.689239  0.748619  0.711531  0.363659  0.673854  0.733621  0.291851  0.050207  0.697816  0.325205  0.439525  0.225936  0.196456  0.025466  0.723284  0.383102  0.326599  0.661062  0.678386  0.499138  0.327267  0.224578  0.461948 0.0  0.386142  0.454552  0.533560  0.713926  0.170428  0.378814  0.054230  0.379405  0.442115  0.156573  0.649472  0.298866  0.576942  0.606077  0.108162  0.711504  0.817336  0.293164  0.187673  0.291007  0.256372  0.764680  0.105710  0.596553  0.653031  0.382794  0.266336  0.228645  0.410850  0.487855  0.332269  0.341264  0.512180  0.262764  0.320517  0.408362  0.734574  0.651381  0.727953  0.579785  0.326882  0.068467  0.644037  0.554211  0.715816  0.339828  0.156736  0.432467 
41  0.067979  0.483212  0.225936  0.289135  0.073228  0.394246  0.922271  0.191612  0.362398  0.858998  0.371597  0.352066  0.373991  0.716776  0.714816  0.517447  0.656359  0.372734  0.452413  0.738193  0.111999  0.706612  0.355724  0.094002  0.338937  0.824187  0.576742  0.762222  0.327348  0.258996  0.381134  0.521771  0.308885  0.290046  0.696617  0.636551  0.717905  0.345487  0.102735  0.233836  0.386142 0.0  0.298656  0.777371  0.595552  0.372161  0.333709  0.457881  0.333565  0.505527  0.241649  0.495105  0.045422  0.726832  0.650553  0.315961  0.518764  0.728166  0.318229  0.079913  0.074865  0.255438  0.695412  0.351935  0.381217  0.683982  0.350039  0.227040  0.373594  0.388452  0.790263  0.344799  0.283312  0.699428  0.056007  0.386147  0.238448  0.661822  0.665978  0.780088  0.702417  0.338791  0.398872  0.708990  0.524140  0.815027  0.640388  0.533826  0.417983 
42  0.328871  0.324203  0.257909  0.162153  0.467357  0.928000  0.688839  0.327787  0.187978  0.755284  0.366354  0.182345  0.054541  0.756023  0.495828  0.151380  0.695304  0.784498  0.760460  0.518899  0.481649  0.643117  0.899360  0.581703  0.468173  0.663178  0.525841  0.618052  0.226416  0.191609  0.376571  0.792846  0.043166  0.244356  0.543941  0.588762  0.722593  0.123640  0.632833  0.376871  0.454552  0.298656 0.0  0.724454  0.748010  0.381936  0.055021  0.302131  0.200364  0.349628  0.199611  0.829333  0.363304  0.678188  0.669831  0.491390  0.764846  0.569230  0.135944  0.298841  0.391117  0.263819  0.592008  0.395634  0.774288  0.496682  0.276541  0.272261  0.375317  0.214810  0.841967  0.201289  0.290990  0.647820  0.549160  0.311258  0.202838  0.449638  0.594550  0.706889  0.701604  0.198202  0.403064  0.581465  0.351668  0.595901  0.542947  0.326306  0.325772 
43  0.856769  0.551318  0.659632  0.916570  0.741964  0.679415  0.586091  0.835379  0.709750  0.651151  0.379808  0.736049  0.712725  0.606353  0.413470  0.583906  0.545460  0.732554  0.779175  0.760400  0.841106  0.822561  0.761285  0.840708  0.600303  0.670923  0.360406  0.491483  0.717695  0.684578  0.571627  0.422623  0.714086  0.857262  0.748688  0.763283  0.617847  0.745103  0.866921  0.861202  0.533560  0.777371  0.724454 0.0  0.454949  0.615192  0.863194  0.486222  0.756457  0.639866  0.586111  0.365121  0.746742  0.519199  0.751929  0.480545  0.781133  0.827751  0.789408  0.758364  0.796665  0.639723  0.851527  0.487089  0.776874  0.795633  0.720096  0.684620  0.614584  0.734585  0.507085  0.611755  0.748087  0.512544  0.788558  0.669895  0.739759  0.745853  0.661089  0.866670  0.579736  0.841540  0.533632  0.662208  0.506094  0.826009  0.413243  0.548087  0.509360 
44  0.563970  0.840087  0.739192  0.723617  0.440533  0.576446  0.765130  0.573248  0.727605  0.833682  0.502385  0.768468  0.647295  0.829173  0.321927  0.486556  0.643414  0.456125  0.360145  0.749058  0.441262  0.677436  0.484506  0.419894  0.868506  0.777200  0.563254  0.732163  0.683473  0.661535  0.864991  0.000000  0.691671  0.693750  0.613806  0.748454  0.819258  0.762489  0.523830  0.527168  0.713926  0.595552  0.748010  0.454949 0.0  0.700634  0.707181  0.920972  0.736110  0.481700  0.760240  0.083204  0.479631  0.735240  0.535150  0.872657  0.366566  0.807026  0.737641  0.485429  0.479071  0.715764  0.642910  0.773432  0.404648  0.742155  0.737320  0.570352  0.770729  0.708860  0.744026  0.706872  0.689987  0.733652  0.580562  0.713236  0.722622  0.640031  0.751678  0.673635  0.652804  0.696520  0.694214  0.688397  0.488648  0.778183  0.618867  0.803877  0.415283 
