89
0 0.0  0.322633  0.286011  0.358700  0.202414  0.432848  0.721738  0.042773  0.379314  0.827491  0.426784  0.355923  0.371654  0.708822  0.829854  0.549290  0.824563  0.569671  0.433474  0.822430  0.069875  0.769555  0.498266  0.168230  0.431895  0.774035  0.518067  0.696390  0.269442  0.354611  0.434301  0.478112  0.433630  0.368069  0.697550  0.705595  0.783530  0.382574  0.063619  0.131314  0.413202  0.193090  0.272492  0.763557  0.517091  0.427774  0.417336  0.372483  0.336319  0.703522  0.285711  0.459266  0.083680  0.724319  0.665665  0.360584  0.526068  0.833886  0.457182  0.180283  0.112026  0.238175  0.799206  0.395505  0.480123  0.812739  0.385199  0.248237  0.433764  0.251495  0.807547  0.405949  0.263614  0.803614  0.166061  0.255911  0.277727  0.807188  0.693356  0.775767  0.686597  0.442436  0.387255  0.668557  0.574486  0.789598  0.633425  0.401189  0.504592 
1  0.322633 0.0  0.414473  0.223890  0.320048  0.722245  0.634816  0.340286  0.394138  0.630524  0.433933  0.370307  0.332783  0.570693  0.752493  0.519510  0.500580  0.650942  0.722122  0.757106  0.291922  0.753018  0.645331  0.317954  0.168919  0.708422  0.302794  0.500919  0.243038  0.299460  0.193109  0.665951  0.307350  0.345444  0.691033  0.736747  0.412565  0.318957  0.252407  0.386280  0.045844  0.396668  0.298979  0.581827  0.917529  0.236583  0.430578  0.072861  0.350514  0.552667  0.255034  0.650192  0.300431  0.368666  0.603218  0.074237  0.799017  0.663651  0.325980  0.289376  0.337323  0.236049  0.759663  0.173941  0.749686  0.785633  0.361792  0.274818  0.078637  0.327677  0.578365  0.335288  0.242758  0.423096  0.242916  0.191115  0.304971  0.660683  0.601684  0.691957  0.437576  0.366092  0.072926  0.558297  0.503110  0.841747  0.302304  0.116323  0.429125 
2  0.286011  0.414473 0.0  0.312434  0.203818  0.724703  0.607876  0.210584  0.320067  0.674222  0.463580  0.203574  0.204319  0.628907  0.620720  0.532511  0.702029  0.768722  0.650470  0.640948  0.234306  0.703035  0.590597  0.207003  0.320217  0.680980  0.496452  0.628084  0.323780  0.246332  0.292082  0.685018  0.298261  0.316404  0.693850  0.667689  0.668608  0.266748  0.225827  0.279973  0.351159  0.252295  0.197557  0.662068  0.665198  0.289033  0.280703  0.192312  0.206914  0.574521  0.197850  0.585975  0.217369  0.691618  0.639459  0.279164  0.702367  0.591915  0.246926  0.352105  0.214571  0.199467  0.673402  0.314425  0.732012  0.620715  0.206942  0.364044  0.344908  0.264972  0.650651  0.253476  0.298415  0.658156  0.284847  0.309016  0.341212  0.677830  0.682169  0.636384  0.777228  0.233116  0.123603  0.624701  0.522603  0.642407  0.445894  0.330171  0.530339 
3  0.358700  0.223890  0.312434 0.0  0.396499  0.834887  0.743512  0.429303  0.243296  0.862333  0.439579  0.126936  0.036516  0.664285  0.576954  0.246750  0.780989  0.988611  0.833273  0.642777  0.402262  0.644114  0.922445  0.473389  0.350369  0.591301  0.526397  0.756635  0.323387  0.193622  0.305941  0.811318  0.079480  0.207424  0.563707  0.548688  0.751662  0.155205  0.517133  0.305675  0.403642  0.245628  0.186258  0.719517  0.640836  0.355477  0.093122  0.285879  0.219679  0.319726  0.243074  0.853441  0.255900  0.813942  0.751579  0.394478  1.000000  0.652234  0.251325  0.383909  0.525361  0.155666  0.601133  0.420071  0.886227  0.612014  0.220541  0.249314  0.391302  0.119149  0.737825  0.210098  0.260966  0.744093  0.434175  0.244319  0.215644  0.517819  0.607286  0.566407  0.670883  0.167438  0.282885  0.668456  0.390702  0.554311  0.638518  0.387718  0.477197 
4  0.202414  0.320048  0.203818  0.396499 0.0  0.577836  0.699693  0.174680  0.496550  0.715705  0.507760  0.347699  0.338239  0.842053  0.860281  0.485181  0.654313  0.626652  0.654858  0.813196  0.261392  0.820816  0.523962  0.195600  0.362009  0.893375  0.546531  0.702295  0.333887  0.237466  0.254254  0.635504  0.308054  0.563199  0.769368  0.816681  0.700425  0.404684  0.230936  0.186141  0.385637  0.161796  0.485950  0.811106  0.528316  0.309491  0.277449  0.281691  0.443704  0.643522  0.310004  0.490647  0.115067  0.780342  0.633708  0.353146  0.603203  0.789401  0.434859  0.002555  0.195483  0.254414  0.919416  0.451632  0.499294  0.910798  0.407155  0.240992  0.337200  0.415576  0.892617  0.481856  0.281697  0.661827  0.141553  0.268983  0.416264  0.785860  0.692822  0.916180  0.741033  0.394248  0.221728  0.709132  0.589563  0.779168  0.512047  0.357500  0.476514 
5  0.432848  0.722245  0.724703  0.834887  0.577836 0.0  0.359116  0.480988  0.796850  0.459529  0.453810  0.895812  0.712324  0.392578  0.851271  0.448552  0.311880  0.169913  0.199577  0.381268  0.556576  0.445289  0.137007  0.501046  0.753194  0.381274  0.582744  0.403804  0.585723  0.646110  0.612008  0.632588  0.846555  0.869717  0.444601  0.433379  0.338114  0.899896  0.586904  0.559019  0.680310  0.414901  0.874165  0.825756  0.475852  0.638006  0.736352  0.667346  0.900246  0.681767  0.670956  0.525369  0.412071  0.380395  0.338114  0.832612  0.231593  0.572713  0.884990  0.374860  0.617690  0.605882  0.501323  0.820720  0.100141  0.372095  0.886288  0.605296  0.599450  0.816727  0.371268  0.851540  0.650460  0.316352  0.612873  0.700785  0.852266  0.310759  0.285423  0.426933  0.363544  0.817307  0.681288  0.305714  0.703261  0.470296  0.576814  0.954161  0.479807 
6  0.721738  0.634816  0.607876  0.743512  0.699693  0.359116 0.0  0.762739  0.703324  0.119384  0.391046  0.693578  0.671878  0.130525  0.580731  0.409373  0.058071  0.297913  0.428007  0.324272  0.796429  0.371237  0.385443  0.727451  0.479844  0.359910  0.347538  0.084793  0.627136  0.602227  0.507812  0.704927  0.717848  0.796850  0.249097  0.361135  0.000000  0.707038  0.682038  0.705095  0.479963  0.819599  0.663217  0.577341  0.845733  0.561657  0.652479  0.595485  0.664047  0.466402  0.659453  0.752849  0.734161  0.110990  0.258199  0.546243  0.288225  0.295045  0.770273  0.564892  0.764017  0.643708  0.312549  0.557770  0.276731  0.341981  0.655966  0.595605  0.532206  0.754588  0.125197  0.811232  0.705313  0.008594  0.755861  0.680041  0.768671  0.393835  0.232895  0.410676  0.095444  0.736545  0.344182  0.371232  0.489088  0.348881  0.314368  0.608276  0.524538 
7  0.042773  0.340286  0.210584  0.429303  0.174680  0.480988  0.762739 0.0  0.249967  0.741273  0.524600  0.353412  0.374106  0.736399  0.672035  0.584515  0.590622  0.528820  0.365394  0.639493  0.106730  0.679556  0.413014  0.147979  0.299126  0.840736  0.529318  0.734302  0.262874  0.278609  0.533597  0.467350  0.359368  0.301240  0.726617  0.779682  0.772115  0.327413  0.174722  0.190438  0.318877  0.164427  0.256014  0.894915  0.487485  0.463217  0.294849  0.533474  0.400819  0.401969  0.307558  0.436351  0.054930  0.697561  0.752556  0.432870  0.472497  0.609017  0.380145  0.205536  0.000000  0.203715  0.762102  0.379093  0.428058  0.727624  0.335939  0.222626  0.287404  0.338634  0.824916  0.319847  0.214723  0.723213  0.069153  0.295362  0.327856  0.765671  0.615226  0.694212  0.684666  0.236125  0.191455  0.610844  0.567660  0.627749  0.472939  0.388159  0.418469 
8  0.379314  0.394138  0.320067  0.243296  0.496550  0.796850  0.703324  0.249967 0.0  0.803255  0.478747  0.162716  0.074316  0.791402  0.676874  0.265500  0.747222  0.847519  0.872889  0.597757  0.449739  0.639103  0.737868  0.438437  0.401053  0.542141  0.515805  0.704022  0.249123  0.262334  0.358295  0.925610  0.000000  0.241438  0.549953  0.585127  0.664594  0.210225  0.443678  0.394430  0.368163  0.215585  0.252712  0.755424  0.724237  0.245929  0.056996  0.238111  0.185169  0.491203  0.301689  0.845472  0.318591  0.683889  0.582170  0.332020  0.858827  0.572041  0.210850  0.279005  0.486131  0.331393  0.593634  0.379800  0.836791  0.523000  0.227530  0.269870  0.289130  0.144000  0.774083  0.268565  0.372463  0.779786  0.422769  0.194426  0.129532  0.484001  0.561820  0.552027  0.747263  0.194005  0.356051  0.578486  0.302889  0.531834  0.560990  0.309581  0.462861 
9  0.827491  0.630524  0.674222  0.862333  0.715705  0.459529  0.119384  0.741273  0.803255 0.0  0.467741  0.739067  0.831840  0.189203  0.766440  0.490890  0.082021  0.404306  0.366167  0.462301  0.857937  0.481766  0.375400  0.771352  0.446212  0.373391  0.274430  0.063514  0.522434  0.589580  0.438911  0.886736  0.806907  0.857068  0.415467  0.402100  0.216272  0.809665  0.717745  0.773416  0.549557  0.811299  0.838401  0.472674  0.784844  0.529404  0.728902  0.568744  0.739273  0.552397  0.661016  0.734244  0.750979  0.163095  0.244291  0.499088  0.344382  0.393374  0.789875  0.825683  0.879883  0.696287  0.437113  0.490956  0.392495  0.361476  0.785429  0.589268  0.505635  0.774970  0.128437  0.762558  0.665207  0.182939  0.729285  0.646859  0.765334  0.277740  0.312205  0.412532  0.181451  0.795602  0.556184  0.231924  0.675882  0.453356  0.322084  0.534319  0.512085 
10  0.426784  0.433933  0.463580  0.439579  0.507760  0.453810  0.391046  0.524600  0.478747  0.467741 0.0  0.428900  0.496007  0.484708  0.445372  0.476006  0.514369  0.453723  0.463548  0.514965  0.431084  0.484371  0.442656  0.434471  0.489517  0.436247  0.431595  0.447084  0.450333  0.540831  0.425912  0.445240  0.449605  0.488786  0.457523  0.509533  0.565361  0.448317  0.478102  0.404717  0.501029  0.432459  0.442070  0.490762  0.445050  0.524008  0.448696  0.373859  0.482351  0.480728  0.402748  0.375561  0.489787  0.366440  0.472965  0.413727  0.370820  0.459754  0.448849  0.587945  0.466972  0.485587  0.334617  0.493211  0.548781  0.408527  0.405385  0.478801  0.474868  0.426164  0.464468  0.392620  0.455453  0.356732  0.481695  0.452515  0.511249  0.467063  0.481524  0.492783  0.401289  0.283816  0.418210  0.392294  0.465610  0.444464  0.433747  0.519764  0.418939 
11  0.355923  0.370307  0.203574  0.126936  0.347699  0.895812  0.693578  0.353412  0.162716  0.739067  0.428900 0.0  0.040220  0.717479  0.569594  0.176783  0.665824  0.804425  0.841956  0.595982  0.500521  0.513577  0.828213  0.495881  0.525300  0.574910  0.591228  0.846552  0.273071  0.295328  0.317665  0.770231  0.007082  0.183704  0.511236  0.575269  0.777815  0.185215  0.433189  0.416793  0.341299  0.236016  0.126371  0.768004  0.725222  0.297041  0.079226  0.343733  0.193749  0.353329  0.241394  0.821011  0.288399  0.757652  0.735900  0.359351  0.815737  0.650735  0.211131  0.281675  0.459195  0.293331  0.573396  0.449591  0.781730  0.604796  0.188826  0.241258  0.250313  0.180958  0.735768  0.092135  0.199392  0.703006  0.511368  0.214469  0.128054  0.452662  0.733818  0.544758  0.714193  0.196649  0.261708  0.617567  0.530921  0.580404  0.601636  0.421639  0.512168 
12  0.371654  0.332783  0.204319  0.036516  0.338239  0.712324  0.671878  0.374106  0.074316  0.831840  0.496007  0.040220 0.0  0.816219  0.494983  0.384464  0.655266  0.775948  0.813080  0.409134  0.354553  0.387376  0.617709  0.373670  0.300464  0.438397  0.593650  0.756864  0.330976  0.306248  0.322821  0.747512  0.153387  0.122561  0.491227  0.444078  0.734196  0.019804  0.238766  0.371476  0.427688  0.316539  0.070167  0.822204  0.755281  0.345629  0.265659  0.204596  0.030443  0.155520  0.242917  0.680437  0.304575  0.743174  0.620520  0.479180  0.721513  0.463175  0.053789  0.331252  0.206255  0.242342  0.506351  0.428470  0.660855  0.477798  0.064379  0.292278  0.296881  0.086776  0.799969  0.000000  0.162789  0.645620  0.250735  0.306103  0.051130  0.436160  0.622959  0.386971  0.743982  0.072836  0.312814  0.605019  0.313677  0.456708  0.547677  0.411157  0.432959 
13  0.708822  0.570693  0.628907  0.664285  0.842053  0.392578  0.130525  0.736399  0.791402  0.189203  0.484708  0.717479  0.816219 0.0  0.740797  0.539570  0.125827  0.411960  0.336613  0.472550  0.793176  0.358213  0.273147  0.803925  0.534167  0.367885  0.354063  0.194320  0.612906  0.609797  0.542337  0.732803  0.830515  0.870697  0.396974  0.356907  0.128656  0.835392  0.785715  0.864641  0.511578  0.672464  0.824183  0.530421  0.696019  0.591773  0.678800  0.541191  0.709216  0.544401  0.534934  0.853379  0.791339  0.182761  0.242685  0.533162  0.355021  0.330690  0.790656  0.735874  0.758071  0.667139  0.419934  0.577268  0.367586  0.323101  0.746099  0.597019  0.491976  0.802001  0.127500  0.685240  0.675419  0.177001  0.848969  0.620059  0.777796  0.373448  0.122535  0.396666  0.181330  0.695880  0.572844  0.275866  0.540116  0.298364  0.240404  0.511074  0.512504 
14  0.829854  0.752493  0.620720  0.576954  0.860281  0.851271  0.580731  0.672035  0.676874  0.766440  0.445372  0.569594  0.494983  0.740797 0.0  0.236842  0.710540  0.850684  0.799553  0.483292  0.869156  0.668677  0.786181  0.939148  0.811584  0.555660  0.632826  0.641882  0.685578  0.612084  0.737950  0.473057  0.442802  0.591326  0.590822  0.592601  0.678630  0.684984  0.851705  0.702086  0.745880  0.674632  0.591889  0.249824  0.312824  0.760260  0.575610  0.745691  0.574732  0.411908  0.663772  0.430468  0.711602  0.706630  0.689105  0.759018  0.946434  0.589092  0.476626  0.714925  0.911079  0.569360  0.546951  0.847942  0.774972  0.537833  0.679210  0.623620  0.825896  0.610321  0.752018  0.578377  0.640598  0.717300  0.864648  0.680837  0.549423  0.458737  0.682485  0.683035  0.687539  0.635269  0.691992  0.585152  0.395835  0.578253  0.594869  0.802703  0.390902 
15  0.549290  0.519510  0.532511  0.246750  0.485181  0.448552  0.409373  0.584515  0.265500  0.490890  0.476006  0.176783  0.384464  0.539570  0.236842 0.0  0.572716  0.560466  0.514075  0.397492  0.462360  0.254880  0.519468  0.555400  0.467926  0.298454  0.490443  0.555953  0.476515  0.482707  0.630528  0.480953  0.396754  0.347341  0.282951  0.262710  0.494674  0.213714  0.528410  0.560017  0.720520  0.566519  0.305398  0.515649  0.592422  0.573439  0.350371  0.518223  0.256604  0.366746  0.432728  0.529393  0.493011  0.462130  0.399757  0.592808  0.521517  0.247810  0.304041  0.557758  0.516280  0.450873  0.390282  0.631322  0.542055  0.287283  0.338354  0.459114  0.558182  0.300672  0.595668  0.318087  0.421851  0.538952  0.470591  0.525735  0.352932  0.317554  0.416575  0.210854  0.652544  0.270750  0.385460  0.462305  0.273112  0.221151  0.566373  0.582926  0.457216 
16  0.824563  0.500580  0.702029  0.780989  0.654313  0.311880  0.058071  0.590622  0.747222  0.082021  0.514369  0.665824  0.655266  0.125827  0.710540  0.572716 0.0  0.322775  0.304703  0.247678  0.843270  0.297630  0.271615  0.675331  0.452315  0.239143  0.361315  0.127760  0.658387  0.639911  0.522044  0.778107  0.695522  0.764519  0.375290  0.244471  0.122733  0.763072  0.718387  0.859798  0.458604  0.740465  0.711115  0.546833  0.735899  0.500025  0.758796  0.369096  0.778127  0.601848  0.605629  0.631784  0.927326  0.160060  0.221636  0.540039  0.399187  0.375518  0.722815  0.726113  0.702126  0.720756  0.305520  0.515339  0.309776  0.273038  0.627771  0.575124  0.666540  0.762425  0.167243  0.711747  0.617825  0.150398  0.770372  0.691453  0.762547  0.386555  0.258621  0.303670  0.000000  0.639962  0.594155  0.279725  0.490002  0.348919  0.354865  0.641998  0.439829 
17  0.569671  0.650942  0.768722  0.988611  0.626652  0.169913  0.297913  0.528820  0.847519  0.404306  0.453723  0.804425  0.775948  0.411960  0.850684  0.560466  0.322775 0.0  0.202905  0.484336  0.484329  0.434685  0.161858  0.536847  0.892523  0.504706  0.579205  0.457944  0.686180  0.639455  0.744684  0.570483  0.762130  0.892840  0.473339  0.329771  0.292687  0.833772  0.553342  0.588462  0.740078  0.423584  0.931357  0.695739  0.484740  0.743508  0.711650  0.654313  0.731636  0.630306  0.692104  0.515450  0.478178  0.231276  0.244916  0.694115  0.060223  0.476872  0.810138  0.392173  0.551082  0.644908  0.482140  0.778256  0.147959  0.452979  0.820358  0.675149  0.756117  0.914550  0.315551  0.827339  0.572752  0.373741  0.665245  0.557660  0.915362  0.379561  0.212657  0.452207  0.398880  0.864178  0.591294  0.273000  0.629520  0.408137  0.548905  0.762903  0.520888 
18  0.433474  0.722122  0.650470  0.833273  0.654858  0.199577  0.428007  0.365394  0.872889  0.366167  0.463548  0.841956  0.813080  0.336613  0.799553  0.514075  0.304703  0.202905 0.0  0.471282  0.603324  0.416847  0.165290  0.735359  0.783826  0.509988  0.543638  0.297857  0.539221  0.595355  0.647964  0.665039  0.748066  0.817280  0.394561  0.338850  0.353310  0.865999  0.634959  0.468909  0.719752  0.446498  0.880498  0.704009  0.517946  0.646198  0.661922  0.757346  0.874494  0.667057  0.604225  0.588046  0.535348  0.280218  0.242915  0.868618  0.256445  0.400088  0.738903  0.434850  0.532239  0.602641  0.526232  0.810456  0.249920  0.379700  0.898363  0.721862  0.820912  0.868273  0.414883  0.819568  0.661355  0.322201  0.532503  0.595761  0.855953  0.364333  0.189630  0.458432  0.266972  0.752072  0.721852  0.189525  0.634439  0.499271  0.657559  0.784360  0.396041 
19  0.822430  0.757106  0.640948  0.642777  0.813196  0.381268  0.324272  0.639493  0.597757  0.462301  0.514965  0.595982  0.409134  0.472550  0.483292  0.397492  0.247678  0.484336  0.471282 0.0  0.790172  0.160122  0.493799  0.746699  0.837941  0.163431  0.592185  0.393799  0.713802  0.588807  0.707073  0.747834  0.356492  0.657436  0.166824  0.124801  0.322970  0.565513  0.745227  0.703814  0.688825  0.717256  0.530926  0.735184  0.553064  0.808768  0.460723  0.697838  0.560764  0.304814  0.636470  0.825807  0.656030  0.392479  0.357682  0.725980  0.434951  0.244665  0.575085  0.730761  0.908565  0.639034  0.102542  0.779727  0.436925  0.132388  0.609928  0.660482  0.745263  0.602651  0.359163  0.504726  0.619144  0.406148  0.804970  0.711802  0.622652  0.059366  0.197035  0.146930  0.332668  0.653543  0.720174  0.312111  0.339286  0.149517  0.624244  0.851473  0.460135 
20  0.069875  0.291922  0.234306  0.402262  0.261392  0.556576  0.796429  0.106730  0.449739  0.857937  0.431084  0.500521  0.354553  0.793176  0.869156  0.462360  0.843270  0.484329  0.603324  0.790172 0.0  0.823427  0.533272  0.218027  0.329695  0.779021  0.684950  0.697680  0.180435  0.192340  0.347190  0.554954  0.308425  0.492686  0.833702  0.886104  0.762294  0.541021  0.186930  0.088785  0.286192  0.012122  0.503370  0.673200  0.519308  0.379743  0.369361  0.418571  0.492471  0.746264  0.221939  0.601713  0.044304  0.663436  0.653961  0.414355  0.563130  0.811802  0.491726  0.036341  0.161501  0.241942  0.815903  0.397040  0.596267  0.838143  0.386341  0.233285  0.289560  0.488112  0.804178  0.413309  0.167675  0.775548  0.267487  0.208327  0.473902  0.666815  0.580759  0.849880  0.748379  0.441641  0.283845  0.635376  0.549801  0.835728  0.539058  0.362507  0.480792 
21  0.769555  0.753018  0.703035  0.644114  0.820816  0.445289  0.371237  0.679556  0.639103  0.481766  0.484371  0.513577  0.387376  0.358213  0.668677  0.254880  0.297630  0.434685  0.416847  0.160122  0.823427 0.0  0.469919  0.817527  0.821584  0.179738  0.602998  0.293226  0.806947  0.724052  0.743211  0.855910  0.344342  0.532554  0.256329  0.163410  0.340762  0.635990  0.772480  0.743255  0.670333  0.732355  0.522787  0.892725  0.585192  0.814680  0.520956  0.745926  0.649717  0.382807  0.549014  0.822327  0.745575  0.335574  0.269940  0.917215  0.344534  0.143989  0.651980  0.629218  0.891156  0.666827  0.201200  0.691930  0.398772  0.160221  0.653770  0.657427  0.707243  0.595965  0.336133  0.586790  0.609584  0.385089  0.841118  0.660746  0.481876  0.114385  0.162694  0.117122  0.382259  0.629316  0.771498  0.242935  0.412617  0.171861  0.592135  0.830995  0.529706 
22  0.498266  0.645331  0.590597  0.922445  0.523962  0.137007  0.385443  0.413014  0.737868  0.375400  0.442656  0.828213  0.617709  0.273147  0.786181  0.519468  0.271615  0.161858  0.165290  0.493799  0.533272  0.469919 0.0  0.571894  0.738284  0.366530  0.498486  0.218370  0.716511  0.647282  0.704924  0.463404  0.624035  0.798907  0.420752  0.406532  0.307203  0.962165  0.542838  0.519836  0.685359  0.451803  0.739141  0.682152  0.422142  0.781346  0.616167  0.767511  0.928384  0.701703  0.615504  0.696985  0.385329  0.395990  0.225399  0.744066  0.096810  0.534408  0.913514  0.507577  0.594237  0.615538  0.413449  0.761556  0.260020  0.422501  0.813251  0.623108  0.763534  0.855054  0.433217  0.892698  0.560811  0.262407  0.524823  0.795241  0.889357  0.391826  0.271276  0.505333  0.288213  0.819648  0.697077  0.318763  0.622043  0.399566  0.572245  0.806074  0.557734 
23  0.168230  0.317954  0.207003  0.473389  0.195600  0.501046  0.727451  0.147979  0.438437  0.771352  0.434471  0.495881  0.373670  0.803925  0.939148  0.555400  0.675331  0.536847  0.735359  0.746699  0.218027  0.817527  0.571894 0.0  0.486395  0.904669  0.610232  0.696629  0.288786  0.329192  0.379047  0.502766  0.262810  0.396146  0.748741  0.773143  0.703674  0.424904  0.261366  0.166450  0.436432  0.003683  0.467921  0.895166  0.436736  0.286726  0.299350  0.343628  0.422660  0.634698  0.228453  0.688183  0.165088  0.762111  0.661528  0.388902  0.627487  0.889251  0.430012  0.048417  0.267003  0.356924  0.838270  0.357573  0.660911  0.849854  0.377777  0.217617  0.357059  0.403507  0.867498  0.382267  0.268618  0.731694  0.151824  0.248125  0.404426  0.762491  0.713747  0.930219  0.743154  0.438161  0.281040  0.686668  0.589966  0.831016  0.617762  0.321342  0.493232 
24  0.431895  0.168919  0.320217  0.350369  0.362009  0.753194  0.479844  0.299126  0.401053  0.446212  0.489517  0.525300  0.300464  0.534167  0.811584  0.467926  0.452315  0.892523  0.783826  0.837941  0.329695  0.821584  0.738284  0.486395 0.0  0.810897  0.342925  0.458450  0.312878  0.369183  0.154547  0.749449  0.425475  0.271697  0.748381  0.813488  0.526623  0.446212  0.320558  0.362471  0.039437  0.489031  0.421097  0.442590  0.777534  0.056728  0.335394  0.208725  0.295157  0.570203  0.216202  0.781816  0.427005  0.476186  0.635303  0.098713  0.820957  0.838949  0.401806  0.368710  0.407659  0.205826  0.793429  0.101027  0.711623  0.789314  0.338127  0.246056  0.145962  0.340369  0.546865  0.329790  0.261859  0.617063  0.231243  0.316974  0.396794  0.682530  0.637301  0.655441  0.532445  0.491362  0.174696  0.690091  0.506240  0.786008  0.414205  0.011190  0.475248 
25  0.774035  0.708422  0.680980  0.591301  0.893375  0.381274  0.359910  0.840736  0.542141  0.373391  0.436247  0.574910  0.438397  0.367885  0.555660  0.298454  0.239143  0.504706  0.509988  0.163431  0.779021  0.179738  0.366530  0.904669  0.810897 0.0  0.607310  0.287831  0.619498  0.699507  0.688865  0.928400  0.543188  0.655181  0.276885  0.238059  0.162069  0.554359  0.900480  0.777734  0.637048  0.717589  0.584875  0.801050  0.706124  0.842082  0.402413  0.803925  0.541644  0.373017  0.572547  0.917785  0.688366  0.378607  0.312394  0.776767  0.502456  0.254812  0.561234  0.681506  0.822382  0.604544  0.142918  0.738604  0.454562  0.142049  0.611650  0.650479  0.621945  0.533959  0.368083  0.544135  0.676737  0.237791  0.937843  0.570150  0.656216  0.120400  0.279473  0.211353  0.310631  0.521764  0.679886  0.264934  0.462654  0.192927  0.644749  0.777332  0.457007 
26  0.518067  0.302794  0.496452  0.526397  0.546531  0.582744  0.347538  0.529318  0.515805  0.274430  0.431595  0.591228  0.593650  0.354063  0.632826  0.490443  0.361315  0.579205  0.543638  0.592185  0.684950  0.602998  0.498486  0.610232  0.342925  0.607310 0.0  0.312123  0.481118  0.451203  0.332292  0.677650  0.569275  0.717770  0.581248  0.555069  0.313977  0.647536  0.603919  0.522732  0.339794  0.661198  0.650012  0.395368  0.554385  0.333044  0.590808  0.201214  0.614421  0.583388  0.414339  0.567219  0.599765  0.240422  0.500880  0.279845  0.531314  0.506851  0.581853  0.627049  0.595641  0.518227  0.608593  0.346211  0.560470  0.610179  0.583348  0.399573  0.361459  0.621367  0.328656  0.582152  0.545416  0.287182  0.490614  0.363776  0.664649  0.618287  0.442962  0.577241  0.318092  0.549522  0.371144  0.456918  0.598224  0.535526  0.315286  0.305517  0.513080 
27  0.696390  0.500919  0.628084  0.756635  0.702295  0.403804  0.084793  0.734302  0.704022  0.063514  0.447084  0.846552  0.756864  0.194320  0.641882  0.555953  0.127760  0.457944  0.297857  0.393799  0.697680  0.293226  0.218370  0.696629  0.458450  0.287831  0.312123 0.0  0.728046  0.736270  0.425069  0.773551  0.710134  0.642239  0.301904  0.427934  0.174936  0.712576  0.719544  0.708228  0.473389  0.702978  0.755996  0.446281  0.707981  0.460039  0.635414  0.537449  0.762479  0.560538  0.696248  0.645626  0.897969  0.304827  0.273568  0.570233  0.213907  0.306868  0.742967  0.741336  0.695139  0.685145  0.383947  0.425139  0.271241  0.285670  0.686793  0.626358  0.570506  0.656255  0.105865  0.661191  0.578281  0.273694  0.751272  0.709117  0.733642  0.297128  0.281328  0.299718  0.140630  0.708518  0.606425  0.282595  0.516876  0.405316  0.344526  0.406356  0.483305 
28  0.269442  0.243038  0.323780  0.323387  0.333887  0.585723  0.627136  0.262874  0.249123  0.522434  0.450333  0.273071  0.330976  0.612906  0.685578  0.476515  0.658387  0.686180  0.539221  0.713802  0.180435  0.806947  0.716511  0.288786  0.312878  0.619498  0.481118  0.728046 0.0  0.338942  0.245751  0.638705  0.319254  0.395435  0.698275  0.681162  0.605404  0.286465  0.283290  0.206953  0.283851  0.419555  0.322984  0.672481  0.712287  0.205721  0.248894  0.285189  0.307145  0.492519  0.266909  0.611798  0.333018  0.712262  0.714128  0.221296  0.652665  0.630249  0.440646  0.277385  0.248504  0.351686  0.656114  0.218945  0.726684  0.678078  0.244509  0.203216  0.264830  0.288586  0.678344  0.188135  0.277446  0.649673  0.323619  0.286941  0.252416  0.717258  0.769430  0.624991  0.518015  0.261165  0.292129  0.705012  0.473684  0.613277  0.534684  0.323283  0.434928 
29  0.354611  0.299460  0.246332  0.193622  0.237466  0.646110  0.602227  0.278609  0.262334  0.589580  0.540831  0.295328  0.306248  0.609797  0.612084  0.482707  0.639911  0.639455  0.595355  0.588807  0.192340  0.724052  0.647282  0.329192  0.369183  0.699507  0.451203  0.736270  0.338942 0.0  0.233845  0.687539  0.331378  0.265963  0.730579  0.682777  0.578175  0.241669  0.291887  0.219406  0.317815  0.293490  0.286745  0.722280  0.707609  0.163011  0.243762  0.285303  0.249201  0.446465  0.138847  0.737346  0.248461  0.685195  0.672880  0.284939  0.659640  0.680140  0.202637  0.303019  0.130959  0.284758  0.633745  0.177815  0.652160  0.621893  0.244420  0.206525  0.299839  0.246400  0.571631  0.266555  0.292073  0.630211  0.219215  0.259515  0.321651  0.654501  0.635395  0.729535  0.610642  0.239290  0.290032  0.708639  0.539221  0.619168  0.522584  0.269155  0.458830 
30  0.434301  0.193109  0.292082  0.305941  0.254254  0.612008  0.507812  0.533597  0.358295  0.438911  0.425912  0.317665  0.322821  0.542337  0.737950  0.630528  0.522044  0.744684  0.647964  0.707073  0.347190  0.743211  0.704924  0.379047  0.154547  0.688865  0.332292  0.425069  0.245751  0.233845 0.0  0.779178  0.376544  0.285651  0.682599  0.715003  0.396649  0.337048  0.305460  0.513637  0.101798  0.452147  0.245613  0.453213  0.872051  0.218621  0.393173  0.168878  0.364849  0.604728  0.232880  0.639653  0.353474  0.489918  0.648330  0.022599  0.730888  0.740700  0.317627  0.228099  0.339391  0.263626  0.811857  0.226742  0.669777  0.723999  0.332225  0.280731  0.074775  0.347545  0.559974  0.354267  0.269965  0.510165  0.264903  0.272444  0.388672  0.663996  0.577013  0.695410  0.393338  0.314199  0.164174  0.723726  0.527366  0.774152  0.371871  0.040659  0.508223 
31  0.478112  0.665951  0.685018  0.811318  0.635504  0.632588  0.704927  0.467350  0.925610  0.886736  0.445240  0.770231  0.747512  0.732803  0.473057  0.480953  0.778107  0.570483  0.665039  0.747834  0.554954  0.855910  0.463404  0.502766  0.749449  0.928400  0.677650  0.773551  0.638705  0.687539  0.779178 0.0  0.790634  0.811334  0.830687  0.846266  0.694246  0.892906  0.511647  0.587847  0.804941  0.424923  0.882332  0.386032  0.057057  0.699175  0.656839  0.666735  0.857493  0.723574  0.611945  0.254712  0.498494  0.716073  0.632205  0.767973  0.490814  0.904349  0.799501  0.436876  0.607131  0.675886  0.885580  0.785458  0.578408  0.798410  0.900208  0.532826  0.732033  0.888795  0.779730  0.929818  0.715266  0.747394  0.525145  0.698144  0.760731  0.617331  0.599206  0.819940  0.802410  0.865763  0.767578  0.657712  0.623323  0.837915  0.613215  0.718846  0.410504 
32  0.433630  0.307350  0.298261  0.079480  0.308054  0.846555  0.717848  0.359368  0.000000  0.806907  0.449605  0.007082  0.153387  0.830515  0.442802  0.396754  0.695522  0.762130  0.748066  0.356492  0.308425  0.344342  0.624035  0.262810  0.425475  0.543188  0.569275  0.710134  0.319254  0.331378  0.376544  0.790634 0.0  0.000000  0.462378  0.495495  0.744844  0.096275  0.331572  0.387512  0.412536  0.361661  0.130736  0.752672  0.643568  0.308765  0.220348  0.333529  0.047514  0.156685  0.248748  0.705531  0.253100  0.734198  0.639279  0.381018  0.812564  0.457095  0.086094  0.358175  0.321404  0.232840  0.436398  0.421074  0.622837  0.407792  0.100859  0.242437  0.310699  0.035956  0.751389  0.131372  0.233584  0.689353  0.340827  0.230340  0.000000  0.367729  0.717976  0.542273  0.795942  0.107779  0.312605  0.729604  0.300068  0.442537  0.548843  0.406645  0.451051 
33  0.368069  0.345444  0.316404  0.207424  0.563199  0.869717  0.796850  0.301240  0.241438  0.857068  0.488786  0.183704  0.122561  0.870697  0.591326  0.347341  0.764519  0.892840  0.817280  0.657436  0.492686  0.532554  0.798907  0.396146  0.271697  0.655181  0.717770  0.642239  0.395435  0.265963  0.285651  0.811334  0.000000 0.0  0.557539  0.560491  0.705512  0.254618  0.457052  0.403264  0.316992  0.430520  0.289577  0.760259  0.664846  0.354029  0.080049  0.389836  0.195061  0.365401  0.304960  0.743875  0.391608  0.610612  0.632002  0.351770  0.830957  0.622258  0.199134  0.253907  0.419231  0.272247  0.593659  0.405362  0.715295  0.505008  0.232236  0.194074  0.267991  0.139645  0.836667  0.255219  0.306391  0.721979  0.360332  0.222862  0.153680  0.442825  0.689061  0.630046  0.741349  0.136230  0.379101  0.551921  0.273278  0.458994  0.547795  0.367113  0.416572 
34  0.697550  0.691033  0.693850  0.563707  0.769368  0.444601  0.249097  0.726617  0.549953  0.415467  0.457523  0.511236  0.491227  0.396974  0.590822  0.282951  0.375290  0.473339  0.394561  0.166824  0.833702  0.256329  0.420752  0.748741  0.748381  0.276885  0.581248  0.301904  0.698275  0.730579  0.682599  0.830687  0.462378  0.557539 0.0  0.136895  0.253952  0.657054  0.832848  0.787556  0.692460  0.657495  0.497095  0.767396  0.777253  0.791157  0.416402  0.702167  0.617821  0.438762  0.761432  0.777935  0.778815  0.297738  0.263473  0.805470  0.515954  0.172057  0.606720  0.768643  0.867735  0.607462  0.193272  0.782009  0.339208  0.177495  0.623955  0.648774  0.762201  0.620863  0.333911  0.600327  0.562428  0.335248  0.970533  0.610784  0.572221  0.044398  0.220358  0.046768  0.275323  0.559827  0.709521  0.297901  0.389129  0.158191  0.594060  0.726810  0.445731 
35  0.705595  0.736747  0.667689  0.548688  0.816681  0.433379  0.361135  0.779682  0.585127  0.402100  0.509533  0.575269  0.444078  0.356907  0.592601  0.262710  0.244471  0.329771  0.338850  0.124801  0.886104  0.163410  0.406532  0.773143  0.813488  0.238059  0.555069  0.427934  0.681162  0.682777  0.715003  0.846266  0.495495  0.560491  0.136895 0.0  0.323603  0.553601  0.858597  0.658887  0.695530  0.780110  0.602524  0.836121  0.729528  0.780960  0.448346  0.734176  0.482406  0.327507  0.598536  0.857552  0.679035  0.299847  0.316482  0.817509  0.517915  0.217494  0.649305  0.703436  0.769234  0.735421  0.134065  0.847111  0.463872  0.223372  0.619660  0.650432  0.782430  0.566901  0.398130  0.626532  0.676547  0.390720  0.757048  0.647914  0.628099  0.000000  0.234831  0.125923  0.366067  0.641886  0.807434  0.286851  0.446451  0.215214  0.592826  0.728732  0.622838 
36  0.783530  0.412565  0.668608  0.751662  0.700425  0.338114  0.000000  0.772115  0.664594  0.216272  0.565361  0.777815  0.734196  0.128656  0.678630  0.494674  0.122733  0.292687  0.353310  0.322970  0.762294  0.340762  0.307203  0.703674  0.526623  0.162069  0.313977  0.174936  0.605404  0.578175  0.396649  0.694246  0.744844  0.705512  0.253952  0.323603 0.0  0.743640  0.702239  0.834335  0.455600  0.662973  0.644028  0.577447  0.659343  0.389866  0.799711  0.456527  0.658044  0.497185  0.671293  0.710949  0.822164  0.212792  0.200492  0.458383  0.415060  0.283070  0.806910  0.653761  0.769960  0.511655  0.327217  0.524162  0.273043  0.212370  0.682382  0.669339  0.522287  0.769358  0.134537  0.787330  0.679819  0.198429  0.679957  0.643955  0.702617  0.362353  0.282821  0.353799  0.016249  0.694657  0.486178  0.315484  0.550438  0.319151  0.319822  0.533557  0.417092 
37  0.382574  0.318957  0.266748  0.155205  0.404684  0.899896  0.707038  0.327413  0.210225  0.809665  0.448317  0.185215  0.019804  0.835392  0.684984  0.213714  0.763072  0.833772  0.865999  0.565513  0.541021  0.635990  0.962165  0.424904  0.446212  0.554359  0.647536  0.712576  0.286465  0.241669  0.337048  0.892906  0.096275  0.254618  0.657054  0.553601  0.743640 0.0  0.452610  0.360856  0.384718  0.340710  0.227005  0.885206  0.654044  0.251465  0.000000  0.363788  0.230556  0.338674  0.301703  0.859649  0.321977  0.716668  0.685562  0.323466  0.895655  0.630094  0.183865  0.212529  0.506430  0.249001  0.524885  0.402270  0.824392  0.547034  0.186550  0.252234  0.322173  0.162032  0.798709  0.262350  0.327784  0.656480  0.495976  0.313017  0.227292  0.423810  0.653104  0.479090  0.692336  0.056935  0.287256  0.646745  0.343041  0.622092  0.576011  0.468519  0.407840 
38  0.063619  0.252407  0.225827  0.517133  0.230936  0.586904  0.682038  0.174722  0.443678  0.717745  0.478102  0.433189  0.238766  0.785715  0.851705  0.528410  0.718387  0.553342  0.634959  0.745227  0.186930  0.772480  0.542838  0.261366  0.320558  0.900480  0.603919  0.719544  0.283290  0.291887  0.305460  0.511647  0.331572  0.457052  0.832848  0.858597  0.702239  0.452610 0.0  0.137941  0.269716  0.054119  0.410517  0.737607  0.429277  0.249456  0.339096  0.403081  0.448781  0.694103  0.259554  0.663103  0.000000  0.671595  0.640583  0.420077  0.456247  0.859083  0.432442  0.023830  0.155524  0.389034  0.904478  0.411526  0.526097  0.906023  0.399821  0.321011  0.279306  0.444520  0.854050  0.511200  0.287439  0.671283  0.173978  0.267219  0.410200  0.711093  0.725134  0.831346  0.621060  0.370958  0.347919  0.688900  0.739359  0.848022  0.529424  0.459129  0.489143 
39  0.131314  0.386280  0.279973  0.305675  0.186141  0.559019  0.705095  0.190438  0.394430  0.773416  0.404717  0.416793  0.371476  0.864641  0.702086  0.560017  0.859798  0.588462  0.468909  0.703814  0.088785  0.743255  0.519836  0.166450  0.362471  0.777734  0.522732  0.708228  0.206953  0.219406  0.513637  0.587847  0.387512  0.403264  0.787556  0.658887  0.834335  0.360856  0.137941 0.0  0.367453  0.127168  0.260503  0.839003  0.593077  0.291515  0.357778  0.383867  0.485934  0.568230  0.183753  0.552183  0.146970  0.774926  0.619013  0.486659  0.561938  0.765759  0.325464  0.166351  0.206856  0.171090  0.844322  0.400166  0.533766  0.783247  0.255354  0.241624  0.397591  0.386571  0.770542  0.449605  0.412089  0.789459  0.081823  0.289971  0.379196  0.909346  0.652151  0.725351  0.760090  0.448315  0.441912  0.717217  0.476582  0.716993  0.579987  0.286367  0.510170 
40  0.413202  0.045844  0.351159  0.403642  0.385637  0.680310  0.479963  0.318877  0.368163  0.549557  0.501029  0.341299  0.427688  0.511578  0.745880  0.720520  0.458604  0.740078  0.719752  0.688825  0.286192  0.670333  0.685359  0.436432  0.039437  0.637048  0.339794  0.473389  0.283851  0.317815  0.101798  0.804941  0.412536  0.316992  0.692460  0.695530  0.455600  0.384718  0.269716  0.367453 0.0  0.382376  0.299718  0.635007  0.795206  0.082644  0.466511  0.039498  0.357850  0.568837  0.282802  0.735114  0.343535  0.414757  0.592263  0.100503  0.687915  0.675972  0.295095  0.266103  0.428866  0.240755  0.722369  0.131368  0.732339  0.722221  0.323838  0.364754  0.119824  0.437699  0.648060  0.344390  0.232746  0.491239  0.367603  0.290558  0.332219  0.669909  0.651202  0.696877  0.532209  0.249876  0.094667  0.590649  0.595043  0.686635  0.296893  0.130979  0.443057 
41  0.193090  0.396668  0.252295  0.245628  0.161796  0.414901  0.819599  0.164427  0.215585  0.811299  0.432459  0.236016  0.316539  0.672464  0.674632  0.566519  0.740465  0.423584  0.446498  0.717256  0.012122  0.732355  0.451803  0.003683  0.489031  0.717589  0.661198  0.702978  0.419555  0.293490  0.452147  0.424923  0.361661  0.430520  0.657495  0.780110  0.662973  0.340710  0.054119  0.127168  0.382376 0.0  0.307249  0.785435  0.563412  0.473430  0.314365  0.461120  0.378836  0.644500  0.286485  0.503812  0.095297  0.735768  0.645510  0.392102  0.427325  0.708806  0.373290  0.048161  0.048928  0.154513  0.622964  0.359735  0.488243  0.695294  0.307235  0.196071  0.367305  0.376711  0.778685  0.293792  0.243632  0.698567  0.122362  0.207121  0.279930  0.736551  0.667308  0.680352  0.703235  0.278120  0.264252  0.712361  0.624410  0.750537  0.553786  0.526368  0.449188 
42  0.272492  0.298979  0.197557  0.186258  0.485950  0.874165  0.663217  0.256014  0.252712  0.838401  0.442070  0.126371  0.070167  0.824183  0.591889  0.305398  0.711115  0.931357  0.880498  0.530926  0.503370  0.522787  0.739141  0.467921  0.421097  0.584875  0.650012  0.755996  0.322984  0.286745  0.245613  0.882332  0.130736  0.289577  0.497095  0.602524  0.644028  0.227005  0.410517  0.260503  0.299718  0.307249 0.0  0.768794  0.735052  0.352601  0.112538  0.309226  0.234153  0.337969  0.167232  0.810776  0.224187  0.790915  0.673101  0.311700  0.743516  0.533253  0.131447  0.215884  0.492579  0.217956  0.563834  0.335822  0.759613  0.517771  0.048501  0.295209  0.378525  0.144284  0.816379  0.092257  0.286511  0.760551  0.404174  0.364752  0.181849  0.492651  0.609154  0.634997  0.746191  0.140064  0.376054  0.643706  0.385363  0.549456  0.695530  0.377911  0.455156 
43  0.763557  0.581827  0.662068  0.719517  0.811106  0.825756  0.577341  0.894915  0.755424  0.472674  0.490762  0.768004  0.822204  0.530421  0.249824  0.515649  0.546833  0.695739  0.704009  0.735184  0.673200  0.892725  0.682152  0.895166  0.442590  0.801050  0.395368  0.446281  0.672481  0.722280  0.453213  0.386032  0.752672  0.760259  0.767396  0.836121  0.577447  0.885206  0.737607  0.839003  0.635007  0.785435  0.768794 0.0  0.361523  0.475947  0.708902  0.384622  0.749693  0.484694  0.655397  0.343242  0.766732  0.592126  0.633316  0.504901  0.720958  0.712682  0.809111  0.754649  0.803420  0.677245  0.771039  0.595394  0.746862  0.758403  0.727325  0.628583  0.500137  0.703718  0.500199  0.819186  0.654502  0.537473  0.707117  0.693771  0.800522  0.784419  0.655514  0.753458  0.496899  0.739794  0.412558  0.704142  0.501441  0.803556  0.328665  0.536175  0.513753 
44  0.517091  0.917529  0.665198  0.640836  0.528316  0.475852  0.845733  0.487485  0.724237  0.784844  0.445050  0.725222  0.755281  0.696019  0.312824  0.592422  0.735899  0.484740  0.517946  0.553064  0.519308  0.585192  0.422142  0.436736  0.777534  0.706124  0.554385  0.707981  0.712287  0.707609  0.872051  0.057057  0.643568  0.664846  0.777253  0.729528  0.659343  0.654044  0.429277  0.593077  0.795206  0.563412  0.735052  0.361523 0.0  0.821236  0.708452  0.750122  0.818633  0.502001  0.638802  0.135109  0.414939  0.779175  0.686874  0.745887  0.356492  0.859861  0.869609  0.465020  0.525828  0.692116  0.823492  0.819389  0.464141  0.763551  0.661548  0.664533  0.713350  0.626485  0.725107  0.703414  0.617357  0.758891  0.418243  0.648753  0.718978  0.753703  0.683736  0.752552  0.643978  0.648915  0.628755  0.653238  0.462133  0.675449  0.423275  0.798086  0.475824 
