89
0 0.0  0.364669  0.274590  0.365119  0.072765  0.551832  0.862487  0.181835  0.329437  0.815656  0.541566  0.401256  0.458587  0.817788  0.812947  0.546621  0.722417  0.505177  0.613677  0.775320  0.184928  0.837705  0.578123  0.168286  0.448695  0.831962  0.659342  0.750063  0.314678  0.335898  0.431281  0.586165  0.347370  0.371717  0.775357  0.818963  0.772789  0.411474  0.185031  0.077285  0.474182  0.044635  0.337571  0.772037  0.533547  0.442610  0.372135  0.402191  0.452498  0.497303  0.316770  0.495466  0.118899  0.777711  0.663900  0.410118  0.597676  0.835225  0.352834  0.085796  0.188147  0.120224  0.823253  0.421634  0.540897  0.837643  0.442732  0.248957  0.383600  0.425050  0.827186  0.376992  0.318932  0.785954  0.126687  0.264987  0.366565  0.783172  0.777822  0.748351  0.899583  0.396454  0.356680  0.706508  0.680331  0.832190  0.618865  0.499410  0.495596 
1  0.364669 0.0  0.320629  0.283650  0.292938  0.782501  0.639546  0.431742  0.241572  0.629689  0.401000  0.314296  0.259955  0.536569  0.626028  0.487424  0.463184  0.671577  0.804896  0.762756  0.309018  0.609483  0.705691  0.350959  0.025661  0.728595  0.363334  0.437489  0.304611  0.308645  0.233153  0.836872  0.219111  0.314427  0.708587  0.691961  0.477826  0.328149  0.285048  0.386638  0.000000  0.342009  0.302926  0.526565  0.887842  0.227012  0.451188  0.264130  0.438354  0.610852  0.283151  0.733178  0.380631  0.434770  0.689697  0.102989  0.731443  0.778091  0.298873  0.375745  0.340321  0.188590  0.716278  0.119598  0.822472  0.734173  0.380392  0.213158  0.087445  0.327743  0.512164  0.219487  0.240167  0.486202  0.308621  0.240374  0.267992  0.718864  0.644001  0.776946  0.459663  0.428784  0.000000  0.643834  0.630936  0.745847  0.353451  0.201682  0.481699 
2  0.274590  0.320629 0.0  0.149021  0.262567  0.559655  0.646821  0.332462  0.265826  0.680011  0.427053  0.190436  0.182609  0.606313  0.629653  0.419213  0.632209  0.721642  0.512789  0.622368  0.329647  0.680075  0.594070  0.327949  0.324531  0.769529  0.467324  0.602578  0.237920  0.250784  0.256363  0.703769  0.245726  0.330089  0.638035  0.638182  0.703443  0.366387  0.282531  0.275290  0.285174  0.211271  0.195281  0.600822  0.627593  0.345377  0.305642  0.313214  0.335763  0.439988  0.341822  0.665009  0.290770  0.688922  0.758740  0.208006  0.676391  0.596567  0.343285  0.307832  0.283644  0.175452  0.687531  0.292530  0.594165  0.613218  0.134320  0.163523  0.225496  0.223646  0.574734  0.252489  0.276395  0.715277  0.203792  0.295374  0.334514  0.620182  0.719902  0.642922  0.665483  0.283454  0.285693  0.573391  0.453947  0.673387  0.526385  0.236910  0.515201 
3  0.365119  0.283650  0.149021 0.0  0.480835  0.871887  0.837523  0.336999  0.216500  0.843724  0.532075  0.205800  0.000000  0.815612  0.599587  0.303752  0.663171  0.754610  0.924170  0.548451  0.449446  0.514073  0.917080  0.542911  0.441819  0.601395  0.630722  0.752855  0.421765  0.289314  0.390861  0.931209  0.000000  0.192688  0.594887  0.700945  0.639046  0.231923  0.400658  0.418534  0.347780  0.372191  0.169294  0.829684  0.823676  0.312105  0.000000  0.231574  0.174211  0.420840  0.261084  0.907403  0.355448  0.723782  0.696459  0.341486  0.881047  0.642339  0.168978  0.387294  0.522378  0.279689  0.454966  0.391560  0.859789  0.559989  0.177824  0.322586  0.318774  0.203999  0.743140  0.251511  0.269021  0.731983  0.496685  0.314248  0.211331  0.506802  0.857337  0.598865  0.722661  0.271540  0.293697  0.610440  0.296434  0.508773  0.526268  0.359218  0.434637 
4  0.072765  0.292938  0.262567  0.480835 0.0  0.624512  0.818819  0.000000  0.410493  0.764682  0.485011  0.478062  0.301422  0.810057  0.789382  0.519362  0.665844  0.584316  0.665067  0.817473  0.257719  0.796389  0.608484  0.255213  0.384164  0.856782  0.605419  0.692790  0.331906  0.214123  0.414465  0.542179  0.338863  0.298098  0.737755  0.870707  0.721416  0.515062  0.189979  0.147342  0.374032  0.008890  0.469381  0.846423  0.405955  0.439812  0.395610  0.246305  0.537551  0.685220  0.284223  0.543996  0.136662  0.775276  0.673424  0.413209  0.548938  0.859530  0.596326  0.000000  0.141773  0.238033  0.783710  0.457992  0.548167  0.791128  0.400893  0.209731  0.312047  0.387217  0.705809  0.488241  0.299616  0.823710  0.214714  0.303350  0.472109  0.723452  0.640605  0.704451  0.688061  0.446302  0.429102  0.658620  0.715524  0.878623  0.763411  0.394151  0.448456 
5  0.551832  0.782501  0.559655  0.871887  0.624512 0.0  0.410136  0.443488  0.822392  0.277554  0.424521  0.897979  0.860612  0.439188  0.895179  0.561175  0.318688  0.198625  0.074009  0.501100  0.525727  0.436248  0.193070  0.574086  0.698104  0.440288  0.517073  0.348055  0.632910  0.739134  0.735211  0.633763  0.792047  0.981941  0.415326  0.361079  0.323916  0.878742  0.528723  0.549543  0.799754  0.502458  0.914355  0.859740  0.443136  0.650588  0.641232  0.768630  0.882347  0.727860  0.631877  0.581488  0.486195  0.309971  0.232492  0.855667  0.182469  0.441693  0.993046  0.484015  0.575988  0.708370  0.445546  0.778055  0.285086  0.460803  0.816024  0.633515  0.765346  0.782986  0.446308  0.871404  0.605422  0.406299  0.648998  0.655279  0.881061  0.274069  0.273553  0.442942  0.336897  0.843951  0.758665  0.234400  0.666538  0.413964  0.618014  0.799591  0.484789 
6  0.862487  0.639546  0.646821  0.837523  0.818819  0.410136 0.0  0.809486  0.632306  0.053129  0.423185  0.767610  0.682336  0.034928  0.723654  0.626418  0.131290  0.327772  0.113310  0.393912  0.685614  0.260122  0.295683  0.813064  0.508017  0.306354  0.412378  0.103357  0.633967  0.710132  0.650842  0.743132  0.710193  0.729337  0.321596  0.457993  0.040081  0.775196  0.706487  0.706306  0.490378  0.866658  0.767738  0.652160  0.979845  0.439951  0.783382  0.584581  0.791138  0.444081  0.636081  0.732794  0.782442  0.000000  0.189632  0.635452  0.382404  0.275565  0.751541  0.678426  0.816912  0.618171  0.435293  0.617592  0.335562  0.329295  0.768119  0.625638  0.439452  0.803428  0.153354  0.778303  0.772405  0.104725  0.695776  0.665704  0.808294  0.387048  0.250571  0.337184  0.000000  0.738436  0.510288  0.243046  0.579634  0.357403  0.297841  0.525790  0.447764 
7  0.181835  0.431742  0.332462  0.336999  0.000000  0.443488  0.809486 0.0  0.324141  0.805473  0.453836  0.286229  0.324796  0.832101  0.694144  0.578968  0.768593  0.487862  0.479074  0.791349  0.116216  0.800635  0.545989  0.076270  0.422046  0.659886  0.584682  0.648812  0.349704  0.339920  0.452735  0.480188  0.320354  0.341080  0.668001  0.694349  0.752842  0.335907  0.000000  0.147773  0.387230  0.199542  0.400856  0.736130  0.542716  0.367225  0.295476  0.500967  0.384668  0.546814  0.169498  0.602377  0.061945  0.673432  0.647659  0.410325  0.394068  0.834809  0.285005  0.149917  0.097517  0.284495  0.711028  0.383401  0.405162  0.777258  0.317925  0.269732  0.326848  0.358898  0.771264  0.409814  0.171597  0.732266  0.140889  0.143587  0.419783  0.813115  0.636344  0.654980  0.789002  0.445467  0.234544  0.735379  0.566723  0.661418  0.501233  0.341519  0.420722 
8  0.329437  0.241572  0.265826  0.216500  0.410493  0.822392  0.632306  0.324141 0.0  0.792366  0.443171  0.236613  0.132669  0.754519  0.580141  0.349802  0.796755  0.735990  0.880266  0.592307  0.382811  0.534173  0.859369  0.481430  0.374574  0.587179  0.648530  0.652745  0.173879  0.337838  0.334201  0.781145  0.079686  0.263677  0.528976  0.637360  0.717544  0.205196  0.440602  0.501237  0.364283  0.325601  0.100802  0.834487  0.720030  0.342302  0.083227  0.274874  0.206084  0.459075  0.208881  0.825017  0.429307  0.760853  0.681780  0.420998  0.904078  0.728265  0.190759  0.241657  0.538076  0.270149  0.697252  0.464329  0.809835  0.643661  0.115710  0.260655  0.244513  0.345965  0.781778  0.110791  0.190973  0.773543  0.445315  0.251045  0.184122  0.462747  0.719598  0.589263  0.650246  0.147282  0.258495  0.797761  0.412093  0.572730  0.502607  0.371592  0.352952 
9  0.815656  0.629689  0.680011  0.843724  0.764682  0.277554  0.053129  0.805473  0.792366 0.0  0.509977  0.709532  0.759193  0.160876  0.823752  0.634032  0.119318  0.470787  0.337634  0.370036  0.781637  0.482889  0.389338  0.958714  0.546221  0.352623  0.320752  0.111921  0.679714  0.634784  0.577807  0.784365  0.795458  0.869026  0.438653  0.422573  0.049198  0.782583  0.867024  0.756315  0.519457  0.812849  0.971449  0.498198  0.795520  0.493097  0.814937  0.578229  0.800577  0.515589  0.620792  0.879123  0.923186  0.065956  0.299542  0.524028  0.316826  0.373884  0.740786  0.786992  0.783518  0.713259  0.455893  0.588368  0.357050  0.378149  0.783549  0.649727  0.572151  0.783611  0.107073  0.786810  0.715677  0.137997  0.829697  0.693394  0.758303  0.509455  0.220918  0.483464  0.159159  0.757421  0.433850  0.223145  0.599973  0.438636  0.383515  0.418850  0.513270 
10  0.541566  0.401000  0.427053  0.532075  0.485011  0.424521  0.423185  0.453836  0.443171  0.509977 0.0  0.507043  0.427606  0.450609  0.459104  0.472636  0.410782  0.568745  0.437127  0.426792  0.478006  0.442460  0.477886  0.368255  0.472534  0.510267  0.486767  0.574742  0.419033  0.401474  0.591881  0.472247  0.454717  0.440241  0.520413  0.524110  0.487253  0.395980  0.475897  0.551679  0.523307  0.433168  0.445720  0.469523  0.432599  0.456515  0.527756  0.310253  0.487591  0.435716  0.389362  0.407773  0.363948  0.412833  0.410682  0.509607  0.430026  0.389222  0.536281  0.404168  0.434504  0.530941  0.472780  0.520091  0.501794  0.468722  0.472526  0.425431  0.475910  0.449626  0.488737  0.433581  0.548205  0.401731  0.414165  0.462636  0.466942  0.452510  0.411690  0.438324  0.434091  0.478308  0.558279  0.402070  0.446154  0.479310  0.419858  0.582217  0.374549 
11  0.401256  0.314296  0.190436  0.205800  0.478062  0.897979  0.767610  0.286229  0.236613  0.709532  0.507043 0.0  0.105473  0.901679  0.646536  0.276814  0.732500  0.761047  0.915278  0.686143  0.438587  0.405938  0.821083  0.431818  0.356935  0.547557  0.617302  0.768216  0.304548  0.189125  0.229601  0.894436  0.000000  0.153911  0.677989  0.575429  0.801812  0.181426  0.521213  0.330606  0.336423  0.386942  0.293632  0.831581  0.681462  0.350080  0.090413  0.302798  0.184680  0.404960  0.173537  0.850750  0.220371  0.781287  0.691532  0.338452  0.882510  0.604227  0.256447  0.207303  0.362474  0.296275  0.510404  0.479793  0.915478  0.534809  0.210076  0.248840  0.306120  0.256584  0.791788  0.218958  0.314899  0.755211  0.430365  0.210208  0.194503  0.550247  0.665902  0.627409  0.737713  0.251918  0.337483  0.586014  0.396610  0.588983  0.538777  0.360757  0.399081 
12  0.458587  0.259955  0.182609  0.000000  0.301422  0.860612  0.682336  0.324796  0.132669  0.759193  0.427606  0.105473 0.0  0.779870  0.480288  0.408578  0.714420  0.797495  0.743768  0.429373  0.316311  0.500345  0.815078  0.365364  0.318463  0.282280  0.541552  0.775122  0.276830  0.331892  0.252178  0.720066  0.113828  0.077097  0.399940  0.498632  0.667359  0.116585  0.284039  0.335640  0.345199  0.473928  0.042178  0.797805  0.740323  0.218856  0.144178  0.364095  0.000000  0.284358  0.341090  0.816259  0.396206  0.685540  0.689607  0.370362  0.700153  0.495201  0.139745  0.348077  0.242617  0.237604  0.497496  0.469143  0.744884  0.405314  0.081411  0.409269  0.316318  0.168268  0.799396  0.049106  0.193951  0.694048  0.361565  0.294637  0.007425  0.579654  0.751884  0.515276  0.968064  0.067362  0.258241  0.642604  0.346877  0.488297  0.533594  0.306558  0.450935 
13  0.817788  0.536569  0.606313  0.815612  0.810057  0.439188  0.034928  0.832101  0.754519  0.160876  0.450609  0.901679  0.779870 0.0  0.844050  0.641651  0.154644  0.393465  0.359231  0.328778  0.864922  0.465903  0.481771  0.762258  0.623178  0.377562  0.400635  0.199248  0.621961  0.774313  0.561617  0.759578  0.811476  0.702835  0.426876  0.486894  0.195961  0.859548  0.789851  0.766119  0.618317  0.850488  0.925025  0.509620  0.794386  0.525511  0.845292  0.568182  0.848531  0.554276  0.721965  0.753311  0.896165  0.203583  0.285670  0.530189  0.379425  0.308163  0.772081  0.804127  0.789764  0.678489  0.374193  0.589403  0.294405  0.375740  0.862434  0.693766  0.584780  0.802735  0.178678  0.865494  0.755553  0.161159  0.723059  0.775560  0.802580  0.410632  0.237763  0.439232  0.178836  0.805841  0.574894  0.222605  0.615748  0.333195  0.366606  0.553015  0.477242 
14  0.812947  0.626028  0.629653  0.599587  0.789382  0.895179  0.723654  0.694144  0.580141  0.823752  0.459104  0.646536  0.480288  0.844050 0.0  0.413926  0.688729  0.816172  0.847424  0.527614  0.915215  0.531359  0.816042  0.868433  0.829325  0.589082  0.544922  0.806986  0.668191  0.665903  0.671020  0.434141  0.448292  0.419158  0.622916  0.672190  0.711721  0.476430  0.908629  0.929292  0.626652  0.679018  0.589949  0.500732  0.283530  0.747797  0.461927  0.779533  0.699007  0.423362  0.605666  0.545244  0.716097  0.738442  0.736859  0.833047  0.855664  0.417069  0.657195  0.725351  0.885551  0.630221  0.581558  0.817164  0.866227  0.556898  0.620468  0.687531  0.663378  0.559377  0.765513  0.645248  0.651974  0.841574  0.968595  0.636306  0.583874  0.455460  0.717140  0.588856  0.740093  0.718730  0.698249  0.639431  0.424522  0.665358  0.570632  0.807833  0.529891 
15  0.546621  0.487424  0.419213  0.303752  0.519362  0.561175  0.626418  0.578968  0.349802  0.634032  0.472636  0.276814  0.408578  0.641651  0.413926 0.0  0.510487  0.636031  0.600515  0.245999  0.476206  0.194815  0.549272  0.487983  0.664010  0.277742  0.640754  0.500555  0.468913  0.439544  0.589289  0.471021  0.345030  0.271491  0.378958  0.314279  0.498357  0.217279  0.499242  0.573402  0.760780  0.588418  0.288840  0.530808  0.532033  0.522259  0.418101  0.539859  0.110878  0.275315  0.444038  0.478852  0.551260  0.524382  0.423497  0.471269  0.560167  0.322757  0.252456  0.549834  0.560977  0.432788  0.297952  0.524288  0.593402  0.297515  0.227174  0.440077  0.518931  0.246137  0.636041  0.127120  0.521770  0.587324  0.571329  0.480210  0.276285  0.327641  0.456317  0.126716  0.652021  0.204916  0.613587  0.510955  0.142014  0.206762  0.598668  0.574748  0.420881 
16  0.722417  0.463184  0.632209  0.663171  0.665844  0.318688  0.131290  0.768593  0.796755  0.119318  0.410782  0.732500  0.714420  0.154644  0.688729  0.510487 0.0  0.302828  0.357765  0.217185  0.750535  0.208901  0.227025  0.695713  0.667975  0.268348  0.391655  0.162264  0.586669  0.657341  0.434869  0.743305  0.784173  0.575044  0.288197  0.257170  0.182116  0.731164  0.755228  0.821663  0.499215  0.783223  0.716800  0.506448  0.721137  0.462389  0.780335  0.556580  0.744170  0.549882  0.716458  0.752387  0.836697  0.183120  0.195351  0.503133  0.257415  0.393614  0.624394  0.699667  0.734750  0.614593  0.277112  0.560322  0.378405  0.260907  0.702298  0.620619  0.669737  0.868424  0.042729  0.753738  0.669993  0.238860  0.698415  0.703881  0.734422  0.343277  0.261514  0.280924  0.055902  0.799486  0.617097  0.311992  0.509003  0.424745  0.351571  0.544383  0.443249 
17  0.505177  0.671577  0.721642  0.754610  0.584316  0.198625  0.327772  0.487862  0.735990  0.470787  0.568745  0.761047  0.797495  0.393465  0.816172  0.636031  0.302828 0.0  0.092767  0.354190  0.581042  0.450685  0.193752  0.667503  0.871051  0.456259  0.536711  0.373379  0.668771  0.670017  0.708846  0.678538  0.764868  0.862206  0.491465  0.468431  0.374781  0.795493  0.566435  0.484976  0.775102  0.377618  0.884925  0.825684  0.501663  0.746030  0.764709  0.813795  0.843596  0.661826  0.707967  0.557700  0.544795  0.401614  0.257453  0.822949  0.232020  0.471149  0.846800  0.414648  0.560602  0.553510  0.503898  0.726513  0.259140  0.521057  0.886394  0.608230  0.742505  0.866021  0.386841  0.936731  0.630341  0.279974  0.683890  0.694831  0.860215  0.432336  0.215571  0.351492  0.413590  0.866688  0.717297  0.366943  0.556532  0.482033  0.594516  0.735810  0.588733 
18  0.613677  0.804896  0.512789  0.924170  0.665067  0.074009  0.113310  0.479074  0.880266  0.337634  0.437127  0.915278  0.743768  0.359231  0.847424  0.600515  0.357765  0.092767 0.0  0.438391  0.627715  0.391687  0.139208  0.648994  0.803258  0.390884  0.549399  0.333093  0.612010  0.628952  0.716923  0.617545  0.714431  0.933822  0.549874  0.439709  0.291070  0.897285  0.571128  0.564971  0.711204  0.455754  1.000000  0.808431  0.514745  0.813802  0.736206  0.834618  0.864889  0.650098  0.696909  0.434683  0.577831  0.239474  0.279264  0.834573  0.272980  0.441610  0.783501  0.474795  0.464764  0.731619  0.571704  0.811803  0.125381  0.419121  0.789299  0.643758  0.760620  0.879710  0.370601  0.913700  0.709408  0.301888  0.599576  0.699566  0.833596  0.343542  0.299177  0.526651  0.406327  0.844949  0.671991  0.217447  0.609703  0.444034  0.574729  0.613745  0.522717 
19  0.775320  0.762756  0.622368  0.548451  0.817473  0.501100  0.393912  0.791349  0.592307  0.370036  0.426792  0.686143  0.429373  0.328778  0.527614  0.245999  0.217185  0.354190  0.438391 0.0  0.856915  0.150582  0.510192  0.794935  0.840981  0.157696  0.687097  0.412522  0.627547  0.684788  0.755673  0.906183  0.479540  0.559231  0.218271  0.234598  0.240670  0.517352  0.847550  0.736958  0.757858  0.664084  0.623684  0.777368  0.780055  0.800603  0.521824  0.853811  0.590222  0.355621  0.620933  0.860315  0.772134  0.284633  0.369166  0.808269  0.476937  0.249495  0.649191  0.797605  0.828482  0.666685  0.284124  0.787971  0.459739  0.222964  0.551797  0.659002  0.798711  0.583681  0.476086  0.595307  0.623906  0.222765  0.856116  0.596780  0.582225  0.153542  0.212760  0.273375  0.203082  0.647239  0.693077  0.282100  0.425097  0.211998  0.639643  0.709080  0.526258 
20  0.184928  0.309018  0.329647  0.449446  0.257719  0.525727  0.685614  0.116216  0.382811  0.781637  0.478006  0.438587  0.316311  0.864922  0.915215  0.476206  0.750535  0.581042  0.627715  0.856915 0.0  0.913460  0.626048  0.091465  0.409093  0.833096  0.494074  0.751399  0.200696  0.375776  0.288232  0.640381  0.383684  0.513636  0.891343  0.838981  0.702839  0.580159  0.223489  0.035870  0.433917  0.104940  0.512446  0.838883  0.467958  0.317798  0.289378  0.241501  0.410292  0.642995  0.204757  0.639066  0.103472  0.829694  0.679862  0.457604  0.544901  0.952460  0.413079  0.078814  0.243674  0.247607  0.885587  0.439406  0.492971  0.862606  0.403133  0.297334  0.276096  0.373448  0.829718  0.415890  0.265296  0.652613  0.061909  0.225584  0.572317  0.627326  0.586605  0.867377  0.664419  0.492141  0.232539  0.662366  0.640302  0.923847  0.536083  0.408492  0.446294 
21  0.837705  0.609483  0.680075  0.514073  0.796389  0.436248  0.260122  0.800635  0.534173  0.482889  0.442460  0.405938  0.500345  0.465903  0.531359  0.194815  0.208901  0.450685  0.391687  0.150582  0.913460 0.0  0.519878  0.829995  0.835888  0.128329  0.666598  0.421814  0.681803  0.546860  0.810904  0.811015  0.563599  0.602622  0.172343  0.166246  0.356715  0.623146  0.854542  0.777685  0.752765  0.663626  0.537422  0.718026  0.784491  0.672536  0.451188  0.826919  0.609469  0.329308  0.740134  0.832370  0.688444  0.288207  0.310661  0.860596  0.449846  0.283347  0.570023  0.640558  0.945141  0.688048  0.103864  0.805958  0.373309  0.192230  0.525242  0.708576  0.736941  0.610298  0.309183  0.695954  0.729364  0.326268  0.919289  0.739739  0.535650  0.126524  0.206483  0.115370  0.303862  0.592432  0.716741  0.338941  0.419092  0.234857  0.488396  0.730745  0.425511 
22  0.578123  0.705691  0.594070  0.917080  0.608484  0.193070  0.295683  0.545989  0.859369  0.389338  0.477886  0.821083  0.815078  0.481771  0.816042  0.549272  0.227025  0.193752  0.139208  0.510192  0.626048  0.519878 0.0  0.637941  0.763093  0.435044  0.566116  0.267847  0.714431  0.710003  0.799080  0.632767  0.749120  0.941690  0.516150  0.506367  0.297020  0.856779  0.585465  0.511952  0.805128  0.503803  0.934676  0.790653  0.537825  0.760640  0.683123  0.645458  0.845857  0.567230  0.630867  0.567492  0.341786  0.310241  0.267673  0.816833  0.307140  0.475099  0.816606  0.436905  0.665674  0.696435  0.405328  0.852265  0.224277  0.389399  0.883713  0.749539  0.763143  0.883767  0.377238  0.907121  0.609783  0.260772  0.747410  0.683505  0.842460  0.423402  0.295602  0.414941  0.319720  0.884320  0.774823  0.227011  0.693113  0.405999  0.452546  0.822236  0.470247 
23  0.168286  0.350959  0.327949  0.542911  0.255213  0.574086  0.813064  0.076270  0.481430  0.958714  0.368255  0.431818  0.365364  0.762258  0.868433  0.487983  0.695713  0.667503  0.648994  0.794935  0.091465  0.829995  0.637941 0.0  0.395133  0.902885  0.560801  0.780702  0.408097  0.289765  0.358240  0.559910  0.368942  0.504319  0.872749  0.902976  0.770425  0.461148  0.246669  0.094081  0.218182  0.046630  0.484910  0.759010  0.504797  0.317990  0.289652  0.372254  0.439854  0.754544  0.222553  0.543954  0.073388  0.581125  0.617358  0.322746  0.698028  0.887750  0.410771  0.000000  0.206434  0.335127  0.842399  0.367475  0.627985  0.878847  0.463257  0.291720  0.297284  0.459270  0.784419  0.443719  0.135354  0.662036  0.117081  0.304761  0.390714  0.805276  0.601030  0.865992  0.716975  0.403716  0.326089  0.604356  0.750945  0.834728  0.556761  0.340199  0.397983 
24  0.448695  0.025661  0.324531  0.441819  0.384164  0.698104  0.508017  0.422046  0.374574  0.546221  0.472534  0.356935  0.318463  0.623178  0.829325  0.664010  0.667975  0.871051  0.803258  0.840981  0.409093  0.835888  0.763093  0.395133 0.0  0.824855  0.268407  0.551187  0.175395  0.229946  0.021768  0.769660  0.440057  0.274116  0.873422  0.875660  0.469471  0.402201  0.391883  0.389215  0.153276  0.389654  0.359228  0.526866  0.819517  0.158783  0.496417  0.104273  0.434815  0.658452  0.210461  0.832707  0.365042  0.582267  0.648018  0.147952  0.813950  0.778002  0.312653  0.403370  0.449734  0.270794  0.792256  0.131142  0.813166  0.788758  0.352078  0.303377  0.143680  0.414360  0.497897  0.419846  0.342702  0.541365  0.470876  0.386254  0.401636  0.772783  0.617795  0.823788  0.544449  0.458526  0.093683  0.805568  0.659693  0.785724  0.423816  0.192779  0.365545 
25  0.831962  0.728595  0.769529  0.601395  0.856782  0.440288  0.306354  0.659886  0.587179  0.352623  0.510267  0.547557  0.282280  0.377562  0.589082  0.277742  0.268348  0.456259  0.390884  0.157696  0.833096  0.128329  0.435044  0.902885  0.824855 0.0  0.601569  0.240243  0.652976  0.731510  0.653759  0.853110  0.547285  0.653662  0.294299  0.205946  0.277840  0.597500  0.911914  0.832576  0.820019  0.713095  0.592740  0.711572  0.774108  0.749945  0.478362  0.721771  0.632860  0.413679  0.671282  0.882803  0.791785  0.363934  0.247897  0.840002  0.509868  0.283340  0.606360  0.666262  0.863485  0.725668  0.167668  0.840010  0.457140  0.201160  0.569411  0.693587  0.821237  0.648257  0.473478  0.538646  0.699351  0.371031  0.927043  0.780511  0.481039  0.081188  0.207264  0.252362  0.296409  0.597703  0.716450  0.262169  0.311450  0.283774  0.575206  0.883383  0.490304 
26  0.659342  0.363334  0.467324  0.630722  0.605419  0.517073  0.412378  0.584682  0.648530  0.320752  0.486767  0.617302  0.541552  0.400635  0.544922  0.640754  0.391655  0.536711  0.549399  0.687097  0.494074  0.666598  0.566116  0.560801  0.268407  0.601569 0.0  0.343332  0.505971  0.450865  0.371579  0.528049  0.633501  0.632275  0.622181  0.650918  0.399271  0.597360  0.475367  0.645273  0.321167  0.649016  0.551105  0.321108  0.599914  0.390274  0.492227  0.297853  0.631558  0.551607  0.462010  0.535631  0.653542  0.369155  0.588986  0.313060  0.650179  0.586459  0.617357  0.657836  0.505786  0.561588  0.665038  0.307223  0.547632  0.556886  0.578253  0.415228  0.299553  0.578685  0.364913  0.545822  0.472247  0.319377  0.614933  0.319112  0.467678  0.593845  0.502723  0.685201  0.370670  0.594033  0.332582  0.461013  0.582685  0.693181  0.410741  0.277729  0.437909 
27  0.750063  0.437489  0.602578  0.752855  0.692790  0.348055  0.103357  0.648812  0.652745  0.111921  0.574742  0.768216  0.775122  0.199248  0.806986  0.500555  0.162264  0.373379  0.333093  0.412522  0.751399  0.421814  0.267847  0.780702  0.551187  0.240243  0.343332 0.0  0.679388  0.670169  0.460453  0.753282  0.755681  0.693715  0.381395  0.415250  0.160126  0.854306  0.711662  0.772398  0.466196  0.802196  0.775504  0.527954  0.710675  0.512748  0.694405  0.424735  0.627468  0.546713  0.690381  0.717465  0.889386  0.169880  0.340102  0.637333  0.396842  0.448156  0.894615  0.837332  0.767131  0.712833  0.380428  0.499430  0.327911  0.264366  0.722858  0.751433  0.739101  0.677110  0.054831  0.737652  0.600060  0.213590  0.803491  0.659255  0.769987  0.303487  0.285417  0.325600  0.087565  0.701963  0.636165  0.236685  0.622419  0.246470  0.374472  0.578470  0.334695 
28  0.314678  0.304611  0.237920  0.421765  0.331906  0.632910  0.633967  0.349704  0.173879  0.679714  0.419033  0.304548  0.276830  0.621961  0.668191  0.468913  0.586669  0.668771  0.612010  0.627547  0.200696  0.681803  0.714431  0.408097  0.175395  0.652976  0.505971  0.679388 0.0  0.278847  0.276836  0.614198  0.351455  0.244166  0.624993  0.658072  0.699140  0.297910  0.289876  0.273479  0.238405  0.377548  0.286143  0.721681  0.579381  0.283541  0.332270  0.212806  0.322229  0.382558  0.256648  0.614119  0.345937  0.655109  0.732794  0.359671  0.695932  0.529757  0.261516  0.221701  0.178677  0.241960  0.601964  0.271909  0.574862  0.787132  0.252500  0.332319  0.285087  0.281630  0.731552  0.263797  0.152903  0.601094  0.333056  0.298310  0.274888  0.636168  0.628709  0.727895  0.633941  0.266102  0.200686  0.599648  0.467277  0.620033  0.478019  0.350696  0.489654 
29  0.335898  0.308645  0.250784  0.289314  0.214123  0.739134  0.710132  0.339920  0.337838  0.634784  0.401474  0.189125  0.331892  0.774313  0.665903  0.439544  0.657341  0.670017  0.628952  0.684788  0.375776  0.546860  0.710003  0.289765  0.229946  0.731510  0.450865  0.670169  0.278847 0.0  0.274493  0.720994  0.250222  0.315790  0.641530  0.669964  0.761966  0.324764  0.274811  0.262092  0.265479  0.332866  0.283064  0.617917  0.682594  0.283542  0.294724  0.274068  0.277218  0.537568  0.301746  0.727151  0.219767  0.610184  0.727106  0.240142  0.685389  0.746964  0.307117  0.321161  0.217074  0.302876  0.709525  0.265274  0.660601  0.599176  0.256288  0.230645  0.240055  0.174695  0.728199  0.231266  0.323491  0.715592  0.280923  0.110879  0.332537  0.663909  0.669226  0.770598  0.706979  0.257757  0.240154  0.645560  0.412176  0.669497  0.434144  0.240080  0.414234 
30  0.431281  0.233153  0.256363  0.390861  0.414465  0.735211  0.650842  0.452735  0.334201  0.577807  0.591881  0.229601  0.252178  0.561617  0.671020  0.589289  0.434869  0.708846  0.716923  0.755673  0.288232  0.810904  0.799080  0.358240  0.021768  0.653759  0.371579  0.460453  0.276836  0.274493 0.0  0.806523  0.352761  0.366598  0.665275  0.712720  0.485808  0.384093  0.265016  0.324464  0.047277  0.334990  0.336634  0.591320  0.846951  0.252820  0.291744  0.185194  0.352845  0.570675  0.202107  0.636706  0.329125  0.451402  0.641097  0.135890  0.763238  0.805431  0.370702  0.344716  0.397677  0.296626  0.776431  0.013871  0.805319  0.710204  0.251389  0.327040  0.076075  0.324656  0.525019  0.320198  0.218798  0.517309  0.322531  0.210292  0.226868  0.781018  0.631589  0.636090  0.439986  0.462909  0.099200  0.621809  0.650715  0.740808  0.326269  0.154163  0.497436 
31  0.586165  0.836872  0.703769  0.931209  0.542179  0.633763  0.743132  0.480188  0.781145  0.784365  0.472247  0.894436  0.720066  0.759578  0.434141  0.471021  0.743305  0.678538  0.617545  0.906183  0.640381  0.811015  0.632767  0.559910  0.769660  0.853110  0.528049  0.753282  0.614198  0.720994  0.806523 0.0  0.748087  0.930884  0.867268  0.816615  0.725231  0.841529  0.565207  0.529220  0.769501  0.449018  0.850548  0.458259  0.000000  0.743714  0.663792  0.625394  0.741368  0.694720  0.733723  0.289454  0.515940  0.882909  0.594231  0.817698  0.574473  0.849552  0.846795  0.544029  0.631753  0.681768  0.767770  0.845748  0.604691  0.888349  0.802920  0.615916  0.867394  0.877415  0.773563  0.884071  0.695658  0.728358  0.607854  0.686993  0.796188  0.765487  0.664808  0.813528  0.791185  0.878002  0.686768  0.706187  0.777336  0.764935  0.570671  0.820731  0.402139 
32  0.347370  0.219111  0.245726  0.000000  0.338863  0.792047  0.710193  0.320354  0.079686  0.795458  0.454717  0.000000  0.113828  0.811476  0.448292  0.345030  0.784173  0.764868  0.714431  0.479540  0.383684  0.563599  0.749120  0.368942  0.440057  0.547285  0.633501  0.755681  0.351455  0.250222  0.352761  0.748087 0.0  0.000000  0.414099  0.569301  0.622959  0.078513  0.294910  0.320087  0.432934  0.318752  0.181667  0.827899  0.879600  0.327468  0.142845  0.336578  0.105201  0.266882  0.166300  0.746802  0.286898  0.680518  0.761459  0.297423  0.731711  0.587697  0.118437  0.317466  0.360326  0.297033  0.445323  0.494545  0.756493  0.423371  0.108177  0.265531  0.396586  0.063559  0.823968  0.000000  0.249634  0.667262  0.354199  0.286745  0.092981  0.464696  0.565047  0.485173  0.820017  0.019054  0.297677  0.710723  0.295764  0.443717  0.524797  0.481125  0.479790 
33  0.371717  0.314427  0.330089  0.192688  0.298098  0.981941  0.729337  0.341080  0.263677  0.869026  0.440241  0.153911  0.077097  0.702835  0.419158  0.271491  0.575044  0.862206  0.933822  0.559231  0.513636  0.602622  0.941690  0.504319  0.274116  0.653662  0.632275  0.693715  0.244166  0.315790  0.366598  0.930884  0.000000 0.0  0.622870  0.499046  0.697473  0.051674  0.462335  0.445402  0.374014  0.289823  0.145429  0.679608  0.701871  0.412377  0.106079  0.339130  0.271872  0.340142  0.326898  0.751757  0.274434  0.767508  0.634021  0.417790  0.893115  0.575010  0.182435  0.402767  0.483578  0.314479  0.550151  0.417991  0.916404  0.719852  0.254125  0.197650  0.256687  0.183596  0.872147  0.192943  0.197439  0.780833  0.501924  0.274521  0.133758  0.576930  0.683386  0.556423  0.669995  0.135547  0.383533  0.730242  0.396353  0.651313  0.652889  0.388378  0.564226 
34  0.775357  0.708587  0.638035  0.594887  0.737755  0.415326  0.321596  0.668001  0.528976  0.438653  0.520413  0.677989  0.399940  0.426876  0.622916  0.378958  0.288197  0.491465  0.549874  0.218271  0.891343  0.172343  0.516150  0.872749  0.873422  0.294299  0.622181  0.381395  0.624993  0.641530  0.665275  0.867268  0.414099  0.622870 0.0  0.257546  0.341870  0.542948  0.875560  0.767210  0.705271  0.661580  0.589919  0.785869  0.682742  0.741257  0.507421  0.724848  0.644313  0.439215  0.663831  0.797092  0.927394  0.333441  0.240268  0.807321  0.393470  0.218995  0.593614  0.640955  0.857493  0.812551  0.296055  0.812218  0.479795  0.120543  0.611772  0.620072  0.765655  0.695263  0.356813  0.647143  0.711444  0.276871  0.843495  0.620796  0.563522  0.145896  0.291888  0.120266  0.337962  0.558617  0.776933  0.232999  0.365175  0.102515  0.673703  0.850444  0.499116 
35  0.818963  0.691961  0.638182  0.700945  0.870707  0.361079  0.457993  0.694349  0.637360  0.422573  0.524110  0.575429  0.498632  0.486894  0.672190  0.314279  0.257170  0.468431  0.439709  0.234598  0.838981  0.166246  0.506367  0.902976  0.875660  0.205946  0.650918  0.415250  0.658072  0.669964  0.712720  0.816615  0.569301  0.499046  0.257546 0.0  0.353263  0.687978  0.835704  0.736886  0.842868  0.718502  0.497616  0.751632  0.760518  0.737915  0.292469  0.751192  0.591658  0.410237  0.656841  0.890299  0.756439  0.350104  0.341464  0.805776  0.461204  0.207895  0.617013  0.745140  0.846244  0.617363  0.232554  0.881858  0.599900  0.077706  0.653050  0.692552  0.716996  0.522170  0.362880  0.569075  0.610418  0.324849  0.764183  0.712889  0.723217  0.022685  0.293944  0.231248  0.252396  0.534502  0.628697  0.231643  0.479533  0.171034  0.605845  0.726999  0.522419 
36  0.772789  0.477826  0.703443  0.639046  0.721416  0.323916  0.040081  0.752842  0.717544  0.049198  0.487253  0.801812  0.667359  0.195961  0.711721  0.498357  0.182116  0.374781  0.291070  0.240670  0.702839  0.356715  0.297020  0.770425  0.469471  0.277840  0.399271  0.160126  0.699140  0.761966  0.485808  0.725231  0.622959  0.697473  0.341870  0.353263 0.0  0.716253  0.676035  0.787767  0.383877  0.753185  0.727256  0.539189  0.685721  0.451780  0.766194  0.392464  0.751055  0.487445  0.684278  0.745147  0.833601  0.177639  0.290997  0.585660  0.371444  0.409863  0.699858  0.793504  0.808666  0.642987  0.321599  0.491574  0.259800  0.363078  0.644015  0.655815  0.614675  0.750764  0.186917  0.757620  0.614727  0.118639  0.576405  0.735829  0.741154  0.365148  0.330098  0.313136  0.019766  0.725245  0.597735  0.204899  0.523351  0.261937  0.353044  0.558340  0.471179 
37  0.411474  0.328149  0.366387  0.231923  0.515062  0.878742  0.775196  0.335907  0.205196  0.782583  0.395980  0.181426  0.116585  0.859548  0.476430  0.217279  0.731164  0.795493  0.897285  0.517352  0.580159  0.623146  0.856779  0.461148  0.402201  0.597500  0.597360  0.854306  0.297910  0.324764  0.384093  0.841529  0.078513  0.051674  0.542948  0.687978  0.716253 0.0  0.503195  0.533148  0.407137  0.434113  0.148678  0.731786  0.693409  0.283289  0.028124  0.322041  0.191628  0.558931  0.256611  0.880762  0.316298  0.752568  0.605358  0.428441  0.724305  0.617827  0.224610  0.398537  0.511277  0.282931  0.614584  0.432417  0.875984  0.647787  0.157446  0.237020  0.361047  0.117349  0.875305  0.167023  0.240862  0.731651  0.413905  0.220544  0.204769  0.449688  0.657339  0.523501  0.822073  0.153550  0.345618  0.650022  0.431392  0.527493  0.612010  0.374041  0.498127 
38  0.185031  0.285048  0.282531  0.400658  0.189979  0.528723  0.706487  0.000000  0.440602  0.867024  0.475897  0.521213  0.284039  0.789851  0.908629  0.499242  0.755228  0.566435  0.571128  0.847550  0.223489  0.854542  0.585465  0.246669  0.391883  0.911914  0.475367  0.711662  0.289876  0.274811  0.265016  0.565207  0.294910  0.462335  0.875560  0.835704  0.676035  0.503195 0.0  0.122534  0.302761  0.071396  0.534902  0.749810  0.564242  0.421601  0.376184  0.248681  0.478574  0.653033  0.190899  0.588116  0.052321  0.857157  0.825593  0.328715  0.541162  0.875134  0.564201  0.000000  0.270721  0.336180  0.890308  0.448314  0.613740  0.866351  0.501101  0.206749  0.342092  0.510431  0.759169  0.488730  0.266599  0.691878  0.137445  0.272353  0.454111  0.744489  0.651837  0.811459  0.648639  0.621559  0.318141  0.606258  0.598500  0.807911  0.604193  0.444400  0.555253 
39  0.077285  0.386638  0.275290  0.418534  0.147342  0.549543  0.706306  0.147773  0.501237  0.756315  0.551679  0.330606  0.335640  0.766119  0.929292  0.573402  0.821663  0.484976  0.564971  0.736958  0.035870  0.777685  0.511952  0.094081  0.389215  0.832576  0.645273  0.772398  0.273479  0.262092  0.324464  0.529220  0.320087  0.445402  0.767210  0.736886  0.787767  0.533148  0.122534 0.0  0.418098  0.170237  0.431702  0.804819  0.506477  0.418254  0.339042  0.380651  0.413593  0.608513  0.325551  0.627147  0.160575  0.778816  0.721645  0.479482  0.473713  0.888422  0.348039  0.148340  0.173279  0.192735  0.865357  0.459555  0.602644  0.813547  0.397913  0.255836  0.312639  0.380924  0.817485  0.377436  0.172177  0.824094  0.239558  0.451913  0.405316  0.806366  0.578219  0.810900  0.807086  0.396911  0.447076  0.614839  0.492744  0.839389  0.729463  0.308988  0.518720 
40  0.474182  0.000000  0.285174  0.347780  0.374032  0.799754  0.490378  0.387230  0.364283  0.519457  0.523307  0.336423  0.345199  0.618317  0.626652  0.760780  0.499215  0.775102  0.711204  0.757858  0.433917  0.752765  0.805128  0.218182  0.153276  0.820019  0.321167  0.466196  0.238405  0.265479  0.047277  0.769501  0.432934  0.374014  0.705271  0.842868  0.383877  0.407137  0.302761  0.418098 0.0  0.348040  0.298383  0.672563  0.717187  0.030502  0.356685  0.139863  0.385403  0.510200  0.249618  0.633261  0.324113  0.460957  0.556411  0.132106  0.752179  0.716833  0.328555  0.366793  0.316498  0.229968  0.760565  0.105132  0.648641  0.773403  0.269369  0.268417  0.009005  0.361415  0.468756  0.343941  0.333940  0.322599  0.369960  0.221668  0.357897  0.717846  0.732128  0.598206  0.565330  0.442540  0.069972  0.510959  0.561149  0.732712  0.408250  0.156314  0.410027 
41  0.044635  0.342009  0.211271  0.372191  0.008890  0.502458  0.866658  0.199542  0.325601  0.812849  0.433168  0.386942  0.473928  0.850488  0.679018  0.588418  0.783223  0.377618  0.455754  0.664084  0.104940  0.663626  0.503803  0.046630  0.389654  0.713095  0.649016  0.802196  0.377548  0.332866  0.334990  0.449018  0.318752  0.289823  0.661580  0.718502  0.753185  0.434113  0.071396  0.170237  0.348040 0.0  0.307545  0.871531  0.559306  0.414849  0.388596  0.467528  0.352873  0.480994  0.155043  0.530179  0.023429  0.634210  0.684236  0.398721  0.465870  0.756697  0.292325  0.017300  0.167550  0.234058  0.773501  0.363260  0.503698  0.782735  0.422813  0.250263  0.337705  0.278408  0.808676  0.276299  0.161047  0.822946  0.080571  0.367477  0.368364  0.764832  0.650880  0.703219  0.716476  0.254235  0.207344  0.688873  0.578689  0.769248  0.529150  0.342981  0.511190 
42  0.337571  0.302926  0.195281  0.169294  0.469381  0.914355  0.767738  0.400856  0.100802  0.971449  0.445720  0.293632  0.042178  0.925025  0.589949  0.288840  0.716800  0.884925  1.000000  0.623684  0.512446  0.537422  0.934676  0.484910  0.359228  0.592740  0.551105  0.775504  0.286143  0.283064  0.336634  0.850548  0.181667  0.145429  0.589919  0.497616  0.727256  0.148678  0.534902  0.431702  0.298383  0.307545 0.0  0.818076  0.682077  0.200458  0.010858  0.302452  0.206826  0.401136  0.291078  0.797811  0.326191  0.813071  0.716497  0.372289  0.870708  0.626480  0.234696  0.370582  0.475619  0.268667  0.637447  0.397382  0.819088  0.548775  0.110618  0.186292  0.388589  0.163528  0.734013  0.168196  0.285678  0.685465  0.420277  0.367637  0.223201  0.508496  0.763240  0.661371  0.709748  0.172482  0.303281  0.681995  0.395494  0.521746  0.600012  0.433281  0.508372 
43  0.772037  0.526565  0.600822  0.829684  0.846423  0.859740  0.652160  0.736130  0.834487  0.498198  0.469523  0.831581  0.797805  0.509620  0.500732  0.530808  0.506448  0.825684  0.808431  0.777368  0.838883  0.718026  0.790653  0.759010  0.526866  0.711572  0.321108  0.527954  0.721681  0.617917  0.591320  0.458259  0.827899  0.679608  0.785869  0.751632  0.539189  0.731786  0.749810  0.804819  0.672563  0.871531  0.818076 0.0  0.409811  0.678634  0.887602  0.475715  0.780324  0.567065  0.630332  0.407557  0.887223  0.461714  0.774373  0.529598  0.744399  0.793505  0.876433  0.830429  0.760470  0.688449  0.789403  0.530960  0.746248  0.786192  0.834118  0.588341  0.542500  0.816476  0.564324  0.823160  0.658033  0.569705  0.710037  0.630920  0.687448  0.802973  0.584237  0.728635  0.519030  0.739247  0.560212  0.709047  0.548089  0.864079  0.259910  0.640863  0.429838 
44  0.533547  0.887842  0.627593  0.823676  0.405955  0.443136  0.979845  0.542716  0.720030  0.795520  0.432599  0.681462  0.740323  0.794386  0.283530  0.532033  0.721137  0.501663  0.514745  0.780055  0.467958  0.784491  0.537825  0.504797  0.819517  0.774108  0.599914  0.710675  0.579381  0.682594  0.846951  0.000000  0.879600  0.701871  0.682742  0.760518  0.685721  0.693409  0.564242  0.506477  0.717187  0.559306  0.682077  0.409811 0.0  0.781950  0.682121  0.918009  0.671607  0.482604  0.664035  0.062681  0.512489  0.768622  0.621544  0.786154  0.454223  0.828966  0.680473  0.512075  0.298265  0.674317  0.722581  0.822161  0.478804  0.678632  0.748338  0.754741  0.651392  0.784942  0.800941  0.736846  0.755882  0.672389  0.517751  0.642681  0.789663  0.678977  0.614692  0.745417  0.774750  0.761454  0.687700  0.567104  0.539286  0.785136  0.612473  0.771130  0.462246 
