89
0 0.0  0.341109  0.369991  0.399033  0.065246  0.646566  0.776244  0.115802  0.422765  0.846822  0.562773  0.365794  0.465859  0.829273  0.871658  0.639324  0.698783  0.500860  0.603933  0.771836  0.115741  0.658509  0.435991  0.121454  0.293569  0.900181  0.677726  0.920606  0.178865  0.230032  0.367206  0.595525  0.389997  0.429920  0.838443  0.676819  0.708826  0.464624  0.229672  0.029163  0.448893  0.194073  0.358311  0.795862  0.553844  0.468345  0.361206  0.290283  0.473020  0.640490  0.199482  0.561580  0.171303  0.876394  0.608745  0.370940  0.487970  0.733067  0.350144  0.199922  0.106647  0.404103  0.807697  0.330827  0.599787  0.832276  0.382525  0.345849  0.451445  0.366232  0.759804  0.383917  0.265602  0.775381  0.186598  0.396890  0.359068  0.796489  0.751817  0.730501  0.836009  0.385538  0.340383  0.758585  0.554467  0.849377  0.469378  0.381054  0.414424 
1  0.341109 0.0  0.313618  0.266561  0.370954  0.848858  0.760986  0.375432  0.401434  0.500200  0.520146  0.278523  0.290592  0.529920  0.723242  0.547009  0.429186  0.779317  0.736647  0.780573  0.303521  0.731239  0.763701  0.349258  0.137821  0.839570  0.243979  0.361227  0.180599  0.294507  0.207574  0.840682  0.315856  0.283790  0.694084  0.799459  0.478369  0.377802  0.327425  0.515048  0.051422  0.425238  0.343986  0.567073  0.859744  0.207537  0.246781  0.142054  0.395864  0.604787  0.257758  0.775430  0.416758  0.459648  0.566300  0.075346  0.744895  0.703858  0.342437  0.219904  0.248122  0.380305  0.806303  0.150361  0.717397  0.796283  0.271635  0.284445  0.000000  0.298399  0.654360  0.217629  0.226534  0.484976  0.385815  0.218458  0.387539  0.748954  0.657931  0.781735  0.445386  0.319325  0.098256  0.685200  0.531695  0.698925  0.336271  0.031666  0.487869 
2  0.369991  0.313618 0.0  0.240693  0.207069  0.760576  0.699995  0.179698  0.248693  0.667019  0.398718  0.288883  0.256052  0.635873  0.684131  0.454665  0.594546  0.614509  0.627546  0.645311  0.327600  0.665614  0.658253  0.234281  0.290498  0.686446  0.435851  0.704081  0.267064  0.202066  0.314679  0.683193  0.274773  0.287630  0.632908  0.598269  0.481952  0.229921  0.251297  0.306814  0.249191  0.262140  0.244870  0.616844  0.572701  0.199704  0.394500  0.287180  0.165607  0.545721  0.222058  0.771681  0.194885  0.713477  0.537860  0.224995  0.706721  0.662272  0.172710  0.144923  0.344171  0.296710  0.565980  0.205826  0.679823  0.656715  0.312099  0.208866  0.207942  0.297394  0.738318  0.244489  0.329237  0.673216  0.199602  0.238474  0.244010  0.732385  0.641768  0.589737  0.729231  0.229900  0.240812  0.666218  0.482392  0.665022  0.427071  0.244754  0.471886 
3  0.399033  0.266561  0.240693 0.0  0.418849  0.877355  0.686175  0.493124  0.166830  0.743030  0.509869  0.245518  0.057392  0.812637  0.601214  0.244293  0.620360  0.863498  0.913387  0.612035  0.500685  0.593132  0.949010  0.456614  0.397855  0.603878  0.536824  0.761129  0.300210  0.158937  0.481025  0.852112  0.041018  0.176911  0.617663  0.608351  0.733225  0.162675  0.536496  0.324694  0.290919  0.338638  0.215474  0.887867  0.687139  0.320204  0.188003  0.358527  0.154394  0.479923  0.375371  0.896854  0.349567  0.773290  0.691934  0.446707  0.802372  0.585447  0.196600  0.314748  0.396161  0.334435  0.581127  0.461962  0.837683  0.535891  0.184497  0.294387  0.314437  0.283042  0.850865  0.351017  0.285216  0.613104  0.462957  0.198236  0.180072  0.373677  0.490405  0.578226  0.856843  0.236716  0.238437  0.756895  0.413832  0.558268  0.608579  0.430525  0.391893 
4  0.065246  0.370954  0.207069  0.418849 0.0  0.566750  0.648429  0.095560  0.465584  0.818995  0.485571  0.520075  0.395378  0.905981  0.916063  0.613842  0.821353  0.623506  0.630710  0.875173  0.206493  0.884724  0.658362  0.234075  0.422046  0.977950  0.621089  0.664763  0.240339  0.337285  0.397912  0.535500  0.338309  0.387765  0.953233  0.854667  0.727214  0.501030  0.177673  0.052351  0.295614  0.043314  0.427106  0.766566  0.498323  0.430941  0.324718  0.310655  0.537100  0.701675  0.248782  0.598461  0.023996  0.805352  0.784390  0.443665  0.597909  0.934145  0.498004  0.092023  0.227550  0.245761  0.860164  0.318584  0.721684  0.882513  0.438516  0.353012  0.433735  0.402573  0.825423  0.405475  0.240180  0.784341  0.185420  0.217062  0.435999  0.882864  0.751618  0.938070  0.792400  0.530337  0.336540  0.706407  0.736202  0.860929  0.650853  0.429898  0.482201 
5  0.646566  0.848858  0.760576  0.877355  0.566750 0.0  0.365072  0.461513  0.885644  0.387297  0.407772  0.925520  0.788607  0.313442  0.788414  0.610688  0.367888  0.152493  0.226315  0.395512  0.640877  0.476090  0.093823  0.680310  0.990497  0.452799  0.553676  0.379985  0.577184  0.647869  0.691503  0.575308  0.710820  0.823017  0.496879  0.551221  0.385419  0.853207  0.589904  0.642169  0.865462  0.469854  0.882207  0.811426  0.605635  0.749465  0.712561  0.677309  0.894227  0.638235  0.701518  0.552641  0.527478  0.427133  0.238285  0.741711  0.208612  0.430580  0.940245  0.474193  0.582219  0.701207  0.451861  0.806062  0.234368  0.377313  0.863571  0.575004  0.652915  0.966081  0.300669  0.853962  0.741233  0.236783  0.572351  0.606255  0.880541  0.369785  0.305209  0.441242  0.364215  0.794480  0.761951  0.228507  0.719137  0.484772  0.449763  0.765162  0.431811 
6  0.776244  0.760986  0.699995  0.686175  0.648429  0.365072 0.0  0.918732  0.734162  0.182307  0.501406  0.791316  0.723498  0.089561  0.803458  0.540639  0.000000  0.322621  0.291430  0.368217  0.780536  0.283713  0.227839  0.790168  0.416723  0.288005  0.361519  0.091054  0.645777  0.665362  0.516637  0.776633  0.773461  0.776866  0.267631  0.266796  0.045376  0.761407  0.775949  0.835926  0.409516  0.821084  0.836667  0.545535  0.811838  0.636680  0.693819  0.557101  0.666691  0.474815  0.655084  0.650234  0.746830  0.027749  0.359976  0.530805  0.377802  0.393608  0.774953  0.796214  0.712529  0.688505  0.391037  0.554080  0.347830  0.339041  0.752791  0.734238  0.535654  0.620129  0.169103  0.784554  0.745068  0.123948  0.742086  0.717424  0.749765  0.380476  0.260757  0.362164  0.051544  0.622370  0.470825  0.205918  0.464444  0.372493  0.284918  0.495729  0.442834 
7  0.115802  0.375432  0.179698  0.493124  0.095560  0.461513  0.918732 0.0  0.238869  0.820648  0.574130  0.406041  0.265380  0.745199  0.866874  0.599267  0.697097  0.506610  0.432314  0.743264  0.073595  0.739466  0.402048  0.166754  0.450926  0.786156  0.651750  0.725241  0.269306  0.272344  0.384475  0.488173  0.308280  0.353450  0.726213  0.801008  0.737506  0.344357  0.057923  0.245186  0.361419  0.227301  0.438722  0.704664  0.677713  0.467098  0.301676  0.420164  0.306717  0.507556  0.229745  0.490482  0.067694  0.744163  0.589476  0.338681  0.440770  0.842714  0.264790  0.137608  0.000000  0.385633  0.589067  0.475609  0.468968  0.777461  0.246067  0.253497  0.395704  0.357570  0.840310  0.322293  0.252812  0.748071  0.080289  0.217673  0.326424  0.677162  0.600275  0.678115  0.783636  0.356797  0.457332  0.700672  0.541221  0.770398  0.542620  0.318191  0.454583 
8  0.422765  0.401434  0.248693  0.166830  0.465584  0.885644  0.734162  0.238869 0.0  0.703549  0.474773  0.209502  0.140262  0.813563  0.681188  0.204113  0.750175  0.855208  0.885145  0.625980  0.416489  0.517827  0.887498  0.478220  0.335446  0.613989  0.569616  0.734858  0.239726  0.268503  0.211511  0.861110  0.050498  0.123286  0.702900  0.578748  0.695167  0.214787  0.588261  0.302134  0.349059  0.378928  0.296171  0.765033  0.731455  0.301553  0.066561  0.384003  0.169673  0.485953  0.208357  0.799467  0.344673  0.911897  0.701879  0.316992  0.799133  0.543912  0.224799  0.260861  0.557416  0.269994  0.636891  0.398519  0.736238  0.628836  0.117492  0.282163  0.410549  0.123156  0.844792  0.245846  0.319614  0.736772  0.479221  0.294721  0.174683  0.440209  0.716729  0.588744  0.622493  0.199275  0.428560  0.605406  0.354198  0.680584  0.628742  0.410077  0.504489 
9  0.846822  0.500200  0.667019  0.743030  0.818995  0.387297  0.182307  0.820648  0.703549 0.0  0.522235  0.827206  0.781835  0.144850  0.823163  0.659431  0.151565  0.389949  0.482819  0.461809  0.798220  0.340594  0.360026  0.887125  0.588371  0.462572  0.400202  0.025599  0.719657  0.642273  0.461799  0.853276  0.941573  0.815761  0.462197  0.451862  0.162561  0.886610  0.848361  0.860863  0.519224  0.814427  0.900785  0.501949  0.841095  0.538543  0.790822  0.430790  0.786885  0.548700  0.673751  0.826157  0.813633  0.140434  0.305222  0.440549  0.413045  0.331879  0.802820  0.900830  0.864551  0.634778  0.458621  0.546012  0.421407  0.399570  0.748147  0.619120  0.565057  0.876091  0.072955  0.731553  0.605276  0.122900  0.803627  0.687695  0.833145  0.479374  0.313710  0.462848  0.129443  0.853116  0.418666  0.267743  0.636294  0.462491  0.399192  0.577360  0.460021 
10  0.562773  0.520146  0.398718  0.509869  0.485571  0.407772  0.501406  0.574130  0.474773  0.522235 0.0  0.529626  0.519083  0.491997  0.552944  0.586508  0.449003  0.458325  0.414687  0.438524  0.474407  0.394829  0.428985  0.534784  0.495437  0.492832  0.486775  0.405166  0.308689  0.540096  0.453665  0.507068  0.391126  0.525126  0.473614  0.390694  0.519630  0.586358  0.369146  0.485504  0.421556  0.342347  0.407019  0.572459  0.507181  0.425549  0.469267  0.464455  0.460115  0.378244  0.458070  0.471847  0.416276  0.445092  0.511874  0.474317  0.438199  0.354276  0.467858  0.475268  0.509794  0.455658  0.501819  0.430588  0.479885  0.499227  0.398585  0.472317  0.502780  0.428023  0.420270  0.510173  0.676629  0.634729  0.548343  0.458954  0.491955  0.575676  0.378197  0.418205  0.439155  0.507261  0.479641  0.462736  0.500383  0.531320  0.471681  0.469439  0.438913 
11  0.365794  0.278523  0.288883  0.245518  0.520075  0.925520  0.791316  0.406041  0.209502  0.827206  0.529626 0.0  0.121015  0.832086  0.756199  0.243463  0.760382  0.872233  0.755859  0.563926  0.528388  0.596694  0.848200  0.495448  0.378900  0.593205  0.556575  0.647805  0.286234  0.244649  0.306140  0.897503  0.108648  0.196266  0.583051  0.589325  0.767140  0.206820  0.533908  0.371993  0.377950  0.412911  0.135404  0.813638  0.766292  0.377605  0.083413  0.250092  0.107241  0.426855  0.297693  0.872786  0.394737  0.849314  0.571919  0.454629  0.861737  0.616769  0.208345  0.399215  0.498909  0.196975  0.672126  0.445139  0.781500  0.622648  0.102389  0.312932  0.381950  0.228141  0.875128  0.277360  0.240920  0.623206  0.480536  0.172429  0.223455  0.481088  0.677054  0.532076  0.771514  0.055804  0.290907  0.671645  0.286796  0.702239  0.631441  0.414198  0.381028 
12  0.465859  0.290592  0.256052  0.057392  0.395378  0.788607  0.723498  0.265380  0.140262  0.781835  0.519083  0.121015 0.0  0.797041  0.543924  0.307100  0.762207  0.729422  0.630559  0.434761  0.358414  0.420210  0.824510  0.324536  0.363290  0.525023  0.623018  0.615968  0.222617  0.335770  0.331002  0.724630  0.235921  0.048538  0.416476  0.363893  0.697105  0.149339  0.324483  0.510869  0.458395  0.343346  0.132591  0.812655  0.741695  0.359134  0.276716  0.299886  0.055049  0.256194  0.234280  0.718800  0.391389  0.761191  0.628272  0.318353  0.712412  0.391618  0.090636  0.312241  0.348589  0.292985  0.418494  0.328858  0.733510  0.421811  0.055485  0.306401  0.313495  0.072795  0.795496  0.078737  0.192094  0.777851  0.348577  0.234315  0.000000  0.610733  0.774522  0.438689  0.943646  0.031307  0.317856  0.622688  0.283839  0.482026  0.540683  0.374834  0.424793 
13  0.829273  0.529920  0.635873  0.812637  0.905981  0.313442  0.089561  0.745199  0.813563  0.144850  0.491997  0.832086  0.797041 0.0  0.750908  0.495107  0.221584  0.389663  0.372809  0.389742  0.800426  0.419302  0.336713  0.766536  0.494180  0.475235  0.293831  0.176851  0.642361  0.649474  0.511535  0.914524  0.759226  0.850131  0.298853  0.377144  0.134036  0.748281  0.863699  0.898256  0.507090  0.887352  0.780820  0.502440  0.861025  0.570830  0.797282  0.452289  0.734467  0.591896  0.645584  0.816621  0.848679  0.085502  0.295434  0.521453  0.431660  0.347230  0.851687  0.794327  0.748886  0.714052  0.466290  0.532991  0.315747  0.413272  0.819585  0.689492  0.532615  0.894340  0.138913  0.864237  0.675103  0.085983  0.816778  0.552926  0.674813  0.446553  0.272691  0.406017  0.173318  0.818778  0.539359  0.298487  0.541543  0.408998  0.378508  0.684156  0.432235 
14  0.871658  0.723242  0.684131  0.601214  0.916063  0.788414  0.803458  0.866874  0.681188  0.823163  0.552944  0.756199  0.543924  0.750908 0.0  0.208611  0.785846  0.800136  0.871590  0.558132  0.816926  0.602462  0.806029  0.803199  0.833165  0.543542  0.564880  0.757674  0.631439  0.624724  0.706228  0.493287  0.545779  0.605976  0.561470  0.615148  0.740153  0.525791  0.906258  0.841913  0.721279  0.697406  0.524344  0.302692  0.279430  0.729263  0.404893  0.710875  0.533930  0.445155  0.644278  0.417704  0.695923  0.816299  0.682455  0.814599  0.869457  0.616731  0.689512  0.771077  0.850429  0.672300  0.594771  0.796154  0.935765  0.474585  0.610316  0.601138  0.706816  0.599253  0.838238  0.579670  0.704649  0.679177  0.781261  0.700384  0.584644  0.497968  0.656747  0.615015  0.780735  0.696732  0.726957  0.594130  0.495673  0.641783  0.659930  0.825223  0.465106 
15  0.639324  0.547009  0.454665  0.244293  0.613842  0.610688  0.540639  0.599267  0.204113  0.659431  0.586508  0.243463  0.307100  0.495107  0.208611 0.0  0.558154  0.438259  0.546527  0.353202  0.441289  0.247001  0.618548  0.526959  0.626519  0.207343  0.628348  0.549843  0.454365  0.455570  0.607704  0.539957  0.468714  0.248510  0.250785  0.182335  0.591023  0.233670  0.481785  0.623868  0.719146  0.470401  0.149571  0.621931  0.511967  0.536093  0.362596  0.492376  0.314248  0.259851  0.471502  0.543252  0.522612  0.551170  0.450075  0.625698  0.554994  0.219178  0.288007  0.498187  0.516209  0.447667  0.285611  0.656782  0.578544  0.271523  0.275764  0.417633  0.597595  0.146884  0.638257  0.404671  0.414389  0.601040  0.595545  0.503804  0.340528  0.266815  0.494410  0.233387  0.476142  0.334974  0.505301  0.411841  0.168646  0.256615  0.656666  0.511469  0.505529 
16  0.698783  0.429186  0.594546  0.620360  0.821353  0.367888  0.000000  0.697097  0.750175  0.151565  0.449003  0.760382  0.762207  0.221584  0.785846  0.558154 0.0  0.374003  0.354127  0.373095  0.911583  0.303096  0.386074  0.673469  0.543463  0.391546  0.213480  0.298616  0.685979  0.713935  0.472361  0.745150  0.666240  0.661592  0.365495  0.339537  0.255796  0.730252  0.721197  0.873688  0.451336  0.698420  0.743151  0.558487  0.802670  0.405987  0.777262  0.408310  0.776714  0.592259  0.640395  0.807619  0.947019  0.194025  0.182265  0.512590  0.208098  0.376133  0.678141  0.706923  0.673585  0.626255  0.356582  0.498012  0.440656  0.347704  0.761766  0.700968  0.637326  0.717779  0.101309  0.757572  0.716896  0.139800  0.735076  0.584534  0.738438  0.399827  0.297164  0.344116  0.022515  0.679814  0.624887  0.250791  0.512140  0.289224  0.283298  0.521428  0.358716 
17  0.500860  0.779317  0.614509  0.863498  0.623506  0.152493  0.322621  0.506610  0.855208  0.389949  0.458325  0.872233  0.729422  0.389663  0.800136  0.438259  0.374003 0.0  0.254772  0.416757  0.513737  0.402606  0.129949  0.530402  0.809103  0.415911  0.553514  0.374883  0.736089  0.670615  0.752255  0.627911  0.733143  0.947559  0.536902  0.436777  0.294322  0.814982  0.574712  0.627453  0.740148  0.529430  0.881660  0.865407  0.564186  0.672506  0.726777  0.737123  0.815607  0.739942  0.657737  0.636689  0.397509  0.250731  0.254746  0.745256  0.210620  0.368017  0.904215  0.491443  0.565280  0.636356  0.459377  0.815387  0.178488  0.491850  0.814848  0.760883  0.771659  0.814297  0.451044  0.787467  0.709573  0.399437  0.561779  0.618129  0.816002  0.322785  0.244880  0.544915  0.282397  0.986955  0.736724  0.179376  0.647207  0.459159  0.694041  0.766319  0.393138 
18  0.603933  0.736647  0.627546  0.913387  0.630710  0.226315  0.291430  0.432314  0.885145  0.482819  0.414687  0.755859  0.630559  0.372809  0.871590  0.546527  0.354127  0.254772 0.0  0.508030  0.640695  0.496192  0.166652  0.611170  0.817165  0.514127  0.612903  0.407148  0.567728  0.658936  0.738867  0.626466  0.709272  0.826438  0.586587  0.429668  0.403595  0.889331  0.530283  0.550839  0.668490  0.391368  0.897705  0.945417  0.559215  0.771762  0.784042  0.774342  0.842680  0.633936  0.734357  0.620609  0.530217  0.350376  0.266496  0.865725  0.216518  0.476437  0.945417  0.544506  0.578992  0.688740  0.523702  0.586914  0.180824  0.505745  0.849389  0.682053  0.693029  0.882454  0.292885  0.956281  0.670988  0.413537  0.540414  0.633073  0.747022  0.435495  0.282522  0.471801  0.307604  0.911001  0.726772  0.181814  0.647979  0.369170  0.607633  0.668990  0.539433 
19  0.771836  0.780573  0.645311  0.612035  0.875173  0.395512  0.368217  0.743264  0.625980  0.461809  0.438524  0.563926  0.434761  0.389742  0.558132  0.353202  0.373095  0.416757  0.508030 0.0  0.782365  0.214037  0.477952  0.837362  0.722277  0.237882  0.577189  0.466975  0.669765  0.613965  0.777891  0.901145  0.496685  0.500665  0.147820  0.281137  0.317083  0.615457  0.861867  0.858226  0.756322  0.746629  0.548023  0.789148  0.675822  0.745384  0.521537  0.627727  0.542970  0.361848  0.602775  0.864644  0.708137  0.298046  0.292121  0.789631  0.484295  0.243834  0.641588  0.788027  0.892128  0.691354  0.064455  0.757392  0.382023  0.209477  0.527292  0.594230  0.738815  0.650477  0.450640  0.666485  0.685794  0.328046  0.844649  0.800638  0.593388  0.068161  0.322710  0.218245  0.300315  0.620139  0.710712  0.296138  0.493775  0.124228  0.590430  0.786969  0.485298 
20  0.115741  0.303521  0.327600  0.500685  0.206493  0.640877  0.780536  0.073595  0.416489  0.798220  0.474407  0.528388  0.358414  0.800426  0.816926  0.441289  0.911583  0.513737  0.640695  0.782365 0.0  0.764063  0.650338  0.279678  0.346332  1.000000  0.658421  0.751638  0.370231  0.200759  0.330742  0.690438  0.303097  0.527725  0.906621  0.958706  0.713053  0.472590  0.156846  0.179581  0.411709  0.047899  0.347595  0.793707  0.454867  0.348604  0.283937  0.338090  0.490354  0.641216  0.230340  0.585738  0.124644  0.808195  0.681565  0.485013  0.532918  0.839757  0.406630  0.104721  0.237770  0.283496  0.907498  0.331899  0.614429  0.838229  0.446623  0.268603  0.257489  0.483379  0.829479  0.470922  0.293027  0.750484  0.182027  0.366873  0.407391  0.572727  0.664261  0.829204  0.755507  0.523513  0.265844  0.569444  0.711662  0.907847  0.654705  0.375235  0.648688 
21  0.658509  0.731239  0.665614  0.593132  0.884724  0.476090  0.283713  0.739466  0.517827  0.340594  0.394829  0.596694  0.420210  0.419302  0.602462  0.247001  0.303096  0.402606  0.496192  0.214037  0.764063 0.0  0.506556  0.890737  0.908389  0.238464  0.635568  0.364013  0.632382  0.632493  0.778167  0.917723  0.487530  0.588210  0.138173  0.192646  0.283972  0.669973  0.890761  0.960177  0.870721  0.719570  0.624205  0.912983  0.737583  0.818250  0.479917  0.681489  0.625922  0.369121  0.579418  0.733471  0.711621  0.338549  0.136650  0.803951  0.525836  0.215568  0.690198  0.746256  0.856121  0.716295  0.262650  0.871098  0.438571  0.085785  0.655893  0.666693  0.737997  0.567788  0.461795  0.558389  0.706681  0.432553  0.988854  0.576779  0.454783  0.103032  0.243123  0.212423  0.318120  0.612678  0.850894  0.169346  0.390464  0.224536  0.590358  0.807787  0.512077 
22  0.435991  0.763701  0.658253  0.949010  0.658362  0.093823  0.227839  0.402048  0.887498  0.360026  0.428985  0.848200  0.824510  0.336713  0.806029  0.618548  0.386074  0.129949  0.166652  0.477952  0.650338  0.506556 0.0  0.647096  0.880754  0.447836  0.658463  0.359413  0.717928  0.767590  0.688885  0.546787  0.727441  0.835476  0.287145  0.474418  0.330634  0.866918  0.684673  0.610785  0.874755  0.526854  0.941661  0.863250  0.429215  0.744598  0.686597  0.722435  0.855028  0.668721  0.631505  0.615936  0.400861  0.273940  0.286336  0.839185  0.221009  0.453990  0.848080  0.551003  0.575484  0.743917  0.407977  0.820251  0.223120  0.499867  0.829992  0.726565  0.732331  0.874983  0.390871  0.821845  0.649180  0.338466  0.616600  0.601102  0.904853  0.259656  0.283857  0.512224  0.394618  0.723735  0.846970  0.233028  0.672321  0.361510  0.639972  0.795411  0.419023 
23  0.121454  0.349258  0.234281  0.456614  0.234075  0.680310  0.790168  0.166754  0.478220  0.887125  0.534784  0.495448  0.324536  0.766536  0.803199  0.526959  0.673469  0.530402  0.611170  0.837362  0.279678  0.890737  0.647096 0.0  0.280331  0.862404  0.517753  0.747625  0.372503  0.212273  0.368787  0.689833  0.290371  0.530261  0.893081  0.905980  0.778458  0.417192  0.235981  0.185740  0.418678  0.087920  0.432367  0.777396  0.476619  0.290116  0.312334  0.340747  0.485035  0.718477  0.201583  0.650005  0.125902  0.663169  0.668681  0.529693  0.693781  0.854130  0.410137  0.129937  0.215795  0.214100  0.802653  0.362417  0.518838  0.825838  0.528687  0.284219  0.264060  0.434747  0.725617  0.497649  0.314031  0.786655  0.234196  0.223059  0.463847  0.843535  0.666904  0.906498  0.791564  0.490814  0.369651  0.702033  0.650539  0.896064  0.666989  0.439911  0.444357 
24  0.293569  0.137821  0.290498  0.397855  0.422046  0.990497  0.416723  0.450926  0.335446  0.588371  0.495437  0.378900  0.363290  0.494180  0.833165  0.626519  0.543463  0.809103  0.817165  0.722277  0.346332  0.908389  0.880754  0.280331 0.0  0.766896  0.335553  0.520132  0.171008  0.248293  0.132325  0.786579  0.434080  0.286452  0.743831  0.790142  0.695405  0.393246  0.352014  0.380374  0.121256  0.374619  0.253027  0.582656  0.840922  0.148321  0.393685  0.082859  0.367966  0.650430  0.284364  0.908412  0.509322  0.438805  0.692596  0.196006  0.815421  0.940858  0.398708  0.357066  0.400333  0.211575  0.810034  0.098863  0.790173  0.708068  0.402693  0.288896  0.077320  0.454633  0.626643  0.369660  0.243098  0.539550  0.418042  0.312735  0.376561  0.696750  0.671456  0.718187  0.587553  0.348699  0.170879  0.573234  0.694478  0.744539  0.355227  0.183281  0.518107 
25  0.900181  0.839570  0.686446  0.603878  0.977950  0.452799  0.288005  0.786156  0.613989  0.462572  0.492832  0.593205  0.525023  0.475235  0.543542  0.207343  0.391546  0.415911  0.514127  0.237882  1.000000  0.238464  0.447836  0.862404  0.766896 0.0  0.691822  0.353714  0.621722  0.580024  0.750447  0.799694  0.517166  0.672189  0.179504  0.147957  0.250550  0.704771  0.861631  0.873795  0.757020  0.665325  0.537891  0.713357  0.684381  0.778673  0.456808  0.725076  0.639999  0.404382  0.673268  0.848960  0.805730  0.349095  0.217277  0.808605  0.489634  0.217144  0.640272  0.757860  0.761995  0.686789  0.263083  0.810726  0.523781  0.303427  0.609659  0.727491  0.715093  0.547701  0.382475  0.555830  0.700963  0.340827  0.938635  0.629501  0.687928  0.103302  0.217897  0.257573  0.292492  0.643113  0.751118  0.261757  0.420770  0.130549  0.527998  0.788578  0.493395 
26  0.677726  0.243979  0.435851  0.536824  0.621089  0.553676  0.361519  0.651750  0.569616  0.400202  0.486775  0.556575  0.623018  0.293831  0.564880  0.628348  0.213480  0.553514  0.612903  0.577189  0.658421  0.635568  0.658463  0.517753  0.335553  0.691822 0.0  0.449632  0.483145  0.388764  0.319946  0.666449  0.491379  0.482159  0.568588  0.560346  0.297062  0.516613  0.569145  0.672183  0.321036  0.594260  0.454770  0.341976  0.663769  0.360814  0.503622  0.238726  0.629019  0.594938  0.448769  0.623721  0.603172  0.293804  0.474397  0.306898  0.622118  0.676707  0.728761  0.550450  0.733811  0.534558  0.581441  0.392402  0.592726  0.545148  0.595995  0.391133  0.333609  0.563071  0.368975  0.729495  0.422389  0.284285  0.582764  0.534285  0.614373  0.558586  0.492068  0.565076  0.364603  0.634776  0.303668  0.407579  0.491858  0.647387  0.335123  0.342392  0.456545 
27  0.920606  0.361227  0.704081  0.761129  0.664763  0.379985  0.091054  0.725241  0.734858  0.025599  0.405166  0.647805  0.615968  0.176851  0.757674  0.549843  0.298616  0.374883  0.407148  0.466975  0.751638  0.364013  0.359413  0.747625  0.520132  0.353714  0.449632 0.0  0.707757  0.724097  0.447021  0.756286  0.779974  0.811310  0.284658  0.272085  0.290676  0.706292  0.700252  0.703728  0.528336  0.687521  0.781942  0.534275  0.849666  0.508418  0.821655  0.509988  0.755912  0.611310  0.611230  0.726010  0.791267  0.238173  0.196056  0.571128  0.323159  0.324890  0.731632  0.785647  0.668233  0.742016  0.260116  0.595066  0.266004  0.327727  0.662610  0.547591  0.691065  0.823812  0.077211  0.680576  0.614630  0.126336  0.783484  0.659576  0.726470  0.254121  0.301169  0.261685  0.051458  0.758776  0.569033  0.197641  0.491945  0.222072  0.307336  0.532160  0.372918 
28  0.178865  0.180599  0.267064  0.300210  0.240339  0.577184  0.645777  0.269306  0.239726  0.719657  0.308689  0.286234  0.222617  0.642361  0.631439  0.454365  0.685979  0.736089  0.567728  0.669765  0.370231  0.632382  0.717928  0.372503  0.171008  0.621722  0.483145  0.707757 0.0  0.275841  0.307802  0.624922  0.243176  0.170659  0.617894  0.716851  0.685827  0.270635  0.331303  0.337405  0.238898  0.304657  0.196727  0.807312  0.735695  0.358770  0.290404  0.310422  0.320023  0.475649  0.275931  0.750006  0.270671  0.681789  0.701718  0.296001  0.714955  0.685729  0.309575  0.313056  0.348629  0.290087  0.580237  0.248850  0.770888  0.683812  0.327627  0.261641  0.213483  0.252105  0.740765  0.225799  0.223519  0.717861  0.239163  0.290336  0.314885  0.776611  0.645263  0.670297  0.766836  0.315765  0.166086  0.671632  0.392796  0.724205  0.428621  0.236422  0.515401 
29  0.230032  0.294507  0.202066  0.158937  0.337285  0.647869  0.665362  0.272344  0.268503  0.642273  0.540096  0.244649  0.335770  0.649474  0.624724  0.455570  0.713935  0.670615  0.658936  0.613965  0.200759  0.632493  0.767590  0.212273  0.248293  0.580024  0.388764  0.724097  0.275841 0.0  0.258895  0.700568  0.297292  0.336412  0.624915  0.686907  0.770758  0.182935  0.264801  0.283252  0.147276  0.344552  0.376600  0.601448  0.644848  0.274890  0.312680  0.307803  0.285807  0.475246  0.296833  0.665885  0.303415  0.644013  0.611264  0.235707  0.749306  0.614279  0.187393  0.399937  0.237114  0.257658  0.749451  0.282848  0.730168  0.607221  0.269166  0.291978  0.236317  0.363517  0.673414  0.198317  0.219832  0.714903  0.288290  0.351354  0.269067  0.708971  0.567783  0.671182  0.588964  0.186211  0.197785  0.727270  0.428154  0.606024  0.495606  0.203885  0.450683 
30  0.367206  0.207574  0.314679  0.481025  0.397912  0.691503  0.516637  0.384475  0.211511  0.461799  0.453665  0.306140  0.331002  0.511535  0.706228  0.607704  0.472361  0.752255  0.738867  0.777891  0.330742  0.778167  0.688885  0.368787  0.132325  0.750447  0.319946  0.447021  0.307802  0.258895 0.0  0.751708  0.213571  0.375248  0.658486  0.796533  0.412861  0.334216  0.369086  0.324405  0.030868  0.373493  0.438232  0.582803  0.867348  0.235081  0.222889  0.227185  0.243172  0.559240  0.309529  0.794316  0.355637  0.506989  0.662941  0.141553  0.805314  0.798821  0.363211  0.265361  0.287259  0.259493  0.700411  0.040470  0.805114  0.653606  0.318288  0.178020  0.139554  0.277003  0.575155  0.333877  0.304168  0.402451  0.351041  0.210353  0.348148  0.715264  0.612443  0.854976  0.411921  0.329099  0.091564  0.669981  0.467711  0.772781  0.388821  0.000000  0.387747 
31  0.595525  0.840682  0.683193  0.852112  0.535500  0.575308  0.776633  0.488173  0.861110  0.853276  0.507068  0.897503  0.724630  0.914524  0.493287  0.539957  0.745150  0.627911  0.626466  0.901145  0.690438  0.917723  0.546787  0.689833  0.786579  0.799694  0.666449  0.756286  0.624922  0.700568  0.751708 0.0  0.719525  0.783536  0.810445  0.859562  0.733472  0.947820  0.588092  0.646802  0.820190  0.503650  0.826594  0.401398  0.144265  0.770347  0.807192  0.698553  0.889542  0.648728  0.670773  0.154649  0.443484  0.800293  0.727342  0.792915  0.603843  0.842234  0.878441  0.467280  0.604368  0.743819  0.801209  0.774435  0.612573  0.891301  0.952865  0.740664  0.751687  0.900082  0.838296  0.792685  0.642798  0.633087  0.510778  0.603192  0.846233  0.765379  0.720673  0.820982  0.802049  0.932472  0.837038  0.536179  0.652021  0.911972  0.477709  0.698218  0.560127 
32  0.389997  0.315856  0.274773  0.041018  0.338309  0.710820  0.773461  0.308280  0.050498  0.941573  0.391126  0.108648  0.235921  0.759226  0.545779  0.468714  0.666240  0.733143  0.709272  0.496685  0.303097  0.487530  0.727441  0.290371  0.434080  0.517166  0.491379  0.779974  0.243176  0.297292  0.213571  0.719525 0.0  0.041785  0.545983  0.429474  0.784672  0.075147  0.287024  0.359689  0.486449  0.263056  0.000000  0.777082  0.751180  0.312789  0.075855  0.369385  0.041402  0.331456  0.195195  0.768886  0.239591  0.798698  0.584093  0.371341  0.766896  0.444156  0.115095  0.396659  0.461556  0.405917  0.370907  0.388640  0.707717  0.560893  0.048369  0.244871  0.303214  0.057831  0.848980  0.142812  0.296853  0.725826  0.368217  0.202021  0.134136  0.470021  0.691613  0.445490  0.890365  0.000000  0.334208  0.562882  0.301353  0.582762  0.576430  0.329805  0.398816 
33  0.429920  0.283790  0.287630  0.176911  0.387765  0.823017  0.776866  0.353450  0.123286  0.815761  0.525126  0.196266  0.048538  0.850131  0.605976  0.248510  0.661592  0.947559  0.826438  0.500665  0.527725  0.588210  0.835476  0.530261  0.286452  0.672189  0.482159  0.811310  0.170659  0.336412  0.375248  0.783536  0.041785 0.0  0.586481  0.631399  0.655444  0.184532  0.466050  0.465219  0.299154  0.363663  0.210194  0.697181  0.787951  0.406252  0.000000  0.343058  0.144897  0.345777  0.341853  0.898786  0.457218  0.693275  0.751105  0.416388  0.759372  0.679525  0.000000  0.447895  0.422124  0.252977  0.575539  0.445440  0.836987  0.672304  0.174132  0.269149  0.369171  0.053672  0.857085  0.307029  0.269422  0.796675  0.387439  0.222833  0.208685  0.457237  0.574926  0.736059  0.780033  0.195880  0.278887  0.648868  0.392548  0.477812  0.627394  0.380064  0.385051 
34  0.838443  0.694084  0.632908  0.617663  0.953233  0.496879  0.267631  0.726213  0.702900  0.462197  0.473614  0.583051  0.416476  0.298853  0.561470  0.250785  0.365495  0.536902  0.586587  0.147820  0.906621  0.138173  0.287145  0.893081  0.743831  0.179504  0.568588  0.284658  0.617894  0.624915  0.658486  0.810445  0.545983  0.586481 0.0  0.171200  0.352885  0.586798  0.868967  0.855281  0.774186  0.720383  0.762164  0.695209  0.835465  0.786092  0.564099  0.781971  0.492649  0.362136  0.678523  0.940694  0.705252  0.294795  0.266330  0.703944  0.361530  0.150151  0.629599  0.750959  0.952640  0.633379  0.092476  0.716577  0.498130  0.199219  0.549652  0.777112  0.695447  0.556035  0.418584  0.694983  0.626138  0.424748  0.750300  0.596985  0.614243  0.057880  0.303325  0.194025  0.351581  0.672203  0.699559  0.220372  0.385392  0.160276  0.648231  0.758982  0.439962 
35  0.676819  0.799459  0.598269  0.608351  0.854667  0.551221  0.266796  0.801008  0.578748  0.451862  0.390694  0.589325  0.363893  0.377144  0.615148  0.182335  0.339537  0.436777  0.429668  0.281137  0.958706  0.192646  0.474418  0.905980  0.790142  0.147957  0.560346  0.272085  0.716851  0.686907  0.796533  0.859562  0.429474  0.631399  0.171200 0.0  0.390977  0.648273  0.816660  0.834801  0.641832  0.750151  0.532529  0.874513  0.782245  0.801698  0.555152  0.639410  0.699498  0.435274  0.592059  0.886476  0.743367  0.354980  0.397966  0.789623  0.524177  0.081291  0.634915  0.701141  0.850749  0.642148  0.203254  0.866792  0.387566  0.179892  0.652169  0.723099  0.759698  0.596759  0.431979  0.528513  0.708448  0.287591  0.804120  0.719976  0.516692  0.056106  0.278982  0.173457  0.338605  0.644998  0.721032  0.149646  0.430735  0.183270  0.582441  0.807848  0.470453 
36  0.708826  0.478369  0.481952  0.733225  0.727214  0.385419  0.045376  0.737506  0.695167  0.162561  0.519630  0.767140  0.697105  0.134036  0.740153  0.591023  0.255796  0.294322  0.403595  0.317083  0.713053  0.283972  0.330634  0.778458  0.695405  0.250550  0.297062  0.290676  0.685827  0.770758  0.412861  0.733472  0.784672  0.655444  0.352885  0.390977 0.0  0.805984  0.735919  0.831251  0.440450  0.704526  0.671074  0.596107  0.650284  0.502287  0.684850  0.391003  0.647409  0.580818  0.689556  0.756913  0.852381  0.171143  0.319309  0.507760  0.317115  0.324190  0.739169  0.820353  0.624318  0.636996  0.409022  0.508927  0.387493  0.254780  0.697642  0.756116  0.598836  0.746463  0.047727  0.657700  0.651978  0.169079  0.770027  0.593240  0.694913  0.376824  0.249069  0.266310  0.027719  0.741214  0.526362  0.228589  0.562256  0.391866  0.345151  0.563665  0.376364 
37  0.464624  0.377802  0.229921  0.162675  0.501030  0.853207  0.761407  0.344357  0.214787  0.886610  0.586358  0.206820  0.149339  0.748281  0.525791  0.233670  0.730252  0.814982  0.889331  0.615457  0.472590  0.669973  0.866918  0.417192  0.393246  0.704771  0.516613  0.706292  0.270635  0.182935  0.334216  0.947820  0.075147  0.184532  0.586798  0.648273  0.805984 0.0  0.486899  0.465355  0.366722  0.320274  0.102596  0.781652  0.767662  0.417225  0.087065  0.342142  0.146330  0.443457  0.312248  0.941624  0.375219  0.694454  0.667032  0.406745  0.844107  0.548647  0.272328  0.305239  0.440448  0.367841  0.570519  0.359846  0.842651  0.476979  0.208987  0.329869  0.263915  0.222948  0.885005  0.198414  0.317687  0.742352  0.481124  0.301729  0.237541  0.508506  0.710998  0.591609  0.714383  0.088443  0.305592  0.648271  0.416987  0.579566  0.518191  0.472795  0.440667 
38  0.229672  0.327425  0.251297  0.536496  0.177673  0.589904  0.775949  0.057923  0.588261  0.848361  0.369146  0.533908  0.324483  0.863699  0.906258  0.481785  0.721197  0.574712  0.530283  0.861867  0.156846  0.890761  0.684673  0.235981  0.352014  0.861631  0.569145  0.700252  0.331303  0.264801  0.369086  0.588092  0.287024  0.466050  0.868967  0.816660  0.735919  0.486899 0.0  0.159899  0.280559  0.056137  0.523346  0.822503  0.465684  0.430682  0.339419  0.315005  0.464809  0.634926  0.211074  0.608464  0.022589  0.753623  0.690193  0.346618  0.671858  0.935125  0.332226  0.112078  0.154147  0.297619  0.769338  0.390503  0.696846  0.873190  0.522649  0.286048  0.314100  0.472046  0.781469  0.493048  0.288340  0.700396  0.169169  0.363866  0.434925  0.719801  0.580508  0.973963  0.684313  0.509115  0.322781  0.729822  0.648797  0.889555  0.508299  0.419284  0.406616 
39  0.029163  0.515048  0.306814  0.324694  0.052351  0.642169  0.835926  0.245186  0.302134  0.860863  0.485504  0.371993  0.510869  0.898256  0.841913  0.623868  0.873688  0.627453  0.550839  0.858226  0.179581  0.960177  0.610785  0.185740  0.380374  0.873795  0.672183  0.703728  0.337405  0.283252  0.324405  0.646802  0.359689  0.465219  0.855281  0.834801  0.831251  0.465355  0.159899 0.0  0.374081  0.058388  0.353710  0.714814  0.556617  0.502662  0.449403  0.365186  0.365268  0.576035  0.229368  0.594245  0.073233  0.812544  0.737646  0.330952  0.565500  0.781626  0.432059  0.130955  0.185256  0.297981  0.792018  0.393577  0.571437  0.834643  0.493246  0.297635  0.352080  0.439871  0.866587  0.478804  0.289731  0.821583  0.122611  0.275571  0.452475  0.674928  0.737605  0.765266  0.759605  0.357637  0.430735  0.623902  0.634968  0.771969  0.531277  0.342719  0.516561 
40  0.448893  0.051422  0.249191  0.290919  0.295614  0.865462  0.409516  0.361419  0.349059  0.519224  0.421556  0.377950  0.458395  0.507090  0.721279  0.719146  0.451336  0.740148  0.668490  0.756322  0.411709  0.870721  0.874755  0.418678  0.121256  0.757020  0.321036  0.528336  0.238898  0.147276  0.030868  0.820190  0.486449  0.299154  0.774186  0.641832  0.440450  0.366722  0.280559  0.374081 0.0  0.357679  0.311418  0.582691  0.590401  0.098142  0.502619  0.021502  0.295927  0.488312  0.323249  0.742653  0.255078  0.458588  0.646473  0.222112  0.728785  0.716426  0.333442  0.382429  0.332373  0.236179  0.654168  0.106514  0.639023  0.747579  0.324729  0.323811  0.035096  0.373997  0.544111  0.338465  0.257222  0.567532  0.380447  0.208524  0.362889  0.785858  0.656794  0.735600  0.612696  0.296046  0.098841  0.663057  0.522134  0.764542  0.274717  0.160243  0.445410 
41  0.194073  0.425238  0.262140  0.338638  0.043314  0.469854  0.821084  0.227301  0.378928  0.814427  0.342347  0.412911  0.343346  0.887352  0.697406  0.470401  0.698420  0.529430  0.391368  0.746629  0.047899  0.719570  0.526854  0.087920  0.374619  0.665325  0.594260  0.687521  0.304657  0.344552  0.373493  0.503650  0.263056  0.363663  0.720383  0.750151  0.704526  0.320274  0.056137  0.058388  0.357679 0.0  0.399745  0.830472  0.608338  0.320631  0.318230  0.365913  0.461748  0.513622  0.275575  0.475849  0.080517  0.648252  0.660484  0.429122  0.486275  0.655611  0.321978  0.023207  0.048160  0.223075  0.712773  0.368943  0.527454  0.682599  0.297378  0.338222  0.431516  0.237992  0.708605  0.328675  0.257796  0.744435  0.094374  0.258670  0.318826  0.721756  0.751940  0.710931  0.793910  0.419168  0.265827  0.739844  0.542694  0.783531  0.483006  0.417830  0.319964 
42  0.358311  0.343986  0.244870  0.215474  0.427106  0.882207  0.836667  0.438722  0.296171  0.900785  0.407019  0.135404  0.132591  0.780820  0.524344  0.149571  0.743151  0.881660  0.897705  0.548023  0.347595  0.624205  0.941661  0.432367  0.253027  0.537891  0.454770  0.781942  0.196727  0.376600  0.438232  0.826594  0.000000  0.210194  0.762164  0.532529  0.671074  0.102596  0.523346  0.353710  0.311418  0.399745 0.0  0.893273  0.581378  0.341791  0.044802  0.411071  0.203668  0.352864  0.258180  0.823296  0.285981  0.785227  0.701776  0.531882  0.950397  0.559596  0.159767  0.398596  0.425553  0.229176  0.521440  0.419670  0.957392  0.620596  0.138936  0.242841  0.335354  0.259044  0.890901  0.138997  0.291488  0.757285  0.458585  0.355374  0.233158  0.442154  0.618937  0.580452  0.686649  0.194489  0.250031  0.624189  0.462497  0.598375  0.601340  0.410436  0.378326 
43  0.795862  0.567073  0.616844  0.887867  0.766566  0.811426  0.545535  0.704664  0.765033  0.501949  0.572459  0.813638  0.812655  0.502440  0.302692  0.621931  0.558487  0.865407  0.945417  0.789148  0.793707  0.912983  0.863250  0.777396  0.582656  0.713357  0.341976  0.534275  0.807312  0.601448  0.582803  0.401398  0.777082  0.697181  0.695209  0.874513  0.596107  0.781652  0.822503  0.714814  0.582691  0.830472  0.893273 0.0  0.508241  0.453765  0.679109  0.536683  0.748696  0.640866  0.605812  0.480593  0.834998  0.544410  0.692157  0.513331  0.754929  0.811991  0.878649  0.725967  0.709201  0.634408  0.864811  0.523147  0.781268  0.803628  0.870617  0.637194  0.648733  0.778856  0.600444  0.764640  0.658482  0.497880  0.965950  0.708540  0.812707  0.789613  0.684144  0.742556  0.580523  0.928529  0.572043  0.630568  0.527620  0.732336  0.331634  0.593360  0.362540 
44  0.553844  0.859744  0.572701  0.687139  0.498323  0.605635  0.811838  0.677713  0.731455  0.841095  0.507181  0.766292  0.741695  0.861025  0.279430  0.511967  0.802670  0.564186  0.559215  0.675822  0.454867  0.737583  0.429215  0.476619  0.840922  0.684381  0.663769  0.849666  0.735695  0.644848  0.867348  0.144265  0.751180  0.787951  0.835465  0.782245  0.650284  0.767662  0.465684  0.556617  0.590401  0.608338  0.581378  0.508241 0.0  0.899938  0.755736  0.878580  0.804143  0.550882  0.697908  0.074033  0.620598  0.683647  0.697699  0.701801  0.439729  0.690616  0.703291  0.466821  0.387914  0.688085  0.677426  0.849248  0.434836  0.694169  0.709381  0.588022  0.724166  0.769247  0.631454  0.752216  0.625476  0.787669  0.401178  0.652444  0.736534  0.674183  0.703421  0.707112  0.635004  0.643304  0.663454  0.674192  0.562714  0.766064  0.567856  0.904770  0.511229 
