89
0 0.0  0.319298  0.237773  0.323772  0.213229  0.606126  0.740875  0.183280  0.418893  0.699879  0.471847  0.473303  0.371059  0.785810  0.828570  0.600109  0.766729  0.574880  0.619936  0.828586  0.168875  0.702288  0.716625  0.124128  0.498466  0.772041  0.559190  0.854989  0.308506  0.230972  0.266166  0.566954  0.489171  0.492534  0.846910  0.821173  0.686077  0.355658  0.195738  0.125413  0.410626  0.101701  0.452117  0.790101  0.548339  0.424779  0.345799  0.382239  0.460624  0.616728  0.317198  0.447306  0.046592  0.797440  0.603351  0.401084  0.491840  0.793703  0.308888  0.129443  0.170923  0.219087  0.809839  0.400552  0.631742  0.796883  0.477024  0.260151  0.492381  0.365269  0.789365  0.364953  0.320319  0.830225  0.222747  0.251581  0.435715  0.835602  0.702868  0.834608  0.745157  0.393585  0.486500  0.711679  0.665338  0.780653  0.599469  0.420245  0.442123 
1  0.319298 0.0  0.300624  0.328773  0.350409  0.652117  0.653894  0.398684  0.373784  0.491665  0.427394  0.341621  0.192223  0.584307  0.740905  0.508990  0.472846  0.789797  0.686236  0.798240  0.335697  0.715360  0.777496  0.369987  0.184603  0.783773  0.335609  0.577222  0.202327  0.385633  0.214087  0.614081  0.271348  0.254891  0.778730  0.677837  0.534252  0.350784  0.357800  0.508440  0.000000  0.574643  0.294516  0.515162  0.772888  0.163222  0.307311  0.301335  0.252680  0.536042  0.318519  0.747926  0.309890  0.391156  0.718291  0.128995  0.774085  0.801471  0.303485  0.314430  0.339995  0.284015  0.916335  0.209989  0.527411  0.766614  0.352943  0.339011  0.065774  0.300508  0.476117  0.379836  0.207352  0.455016  0.301840  0.346643  0.457806  0.716542  0.604177  0.626991  0.457614  0.312657  0.061077  0.688086  0.407313  0.728000  0.247686  0.167087  0.455001 
2  0.237773  0.300624 0.0  0.378675  0.201463  0.529675  0.577830  0.345218  0.168089  0.782526  0.473177  0.264960  0.273688  0.821992  0.713740  0.452044  0.686150  0.744382  0.802337  0.646435  0.321611  0.701896  0.738212  0.252402  0.287953  0.774259  0.443312  0.744169  0.305730  0.261795  0.300573  0.701746  0.240738  0.090783  0.746055  0.791977  0.745324  0.304360  0.313704  0.271252  0.242518  0.294802  0.329396  0.669339  0.652722  0.268547  0.230021  0.226114  0.254186  0.413389  0.199539  0.694803  0.205639  0.622328  0.677100  0.305559  0.601282  0.692854  0.229481  0.220531  0.251293  0.230446  0.594995  0.190580  0.761254  0.665862  0.248067  0.271522  0.308544  0.277146  0.605844  0.408736  0.255408  0.688554  0.251378  0.257577  0.204140  0.685404  0.730170  0.674359  0.739241  0.202936  0.273357  0.728671  0.520527  0.680267  0.535136  0.173955  0.525065 
3  0.323772  0.328773  0.378675 0.0  0.417987  0.928147  0.710984  0.424517  0.219934  0.812665  0.490461  0.286980  0.000000  0.870474  0.514675  0.249524  0.597321  0.929734  0.874152  0.626419  0.455215  0.645481  0.816575  0.478611  0.412691  0.592768  0.626060  0.738344  0.254970  0.356853  0.361648  0.885784  0.003197  0.195963  0.578888  0.651805  0.726871  0.191141  0.438979  0.481941  0.316506  0.264620  0.190631  0.903024  0.709773  0.341109  0.123706  0.286345  0.145061  0.340523  0.272655  0.939036  0.411939  0.830110  0.712370  0.368146  0.914188  0.539116  0.158610  0.277554  0.470382  0.341725  0.617016  0.300619  0.777471  0.653594  0.144600  0.299919  0.278412  0.067479  0.757256  0.202014  0.210848  0.623409  0.519820  0.262368  0.164804  0.465720  0.657317  0.569912  0.701046  0.271960  0.383834  0.629168  0.297262  0.623015  0.603566  0.288748  0.502197 
4  0.213229  0.350409  0.201463  0.417987 0.0  0.561098  0.741462  0.075887  0.468590  0.848412  0.485436  0.464496  0.279652  0.767707  0.926267  0.565468  0.632222  0.691185  0.685377  0.730357  0.227197  0.794758  0.508019  0.192519  0.419212  0.823752  0.537635  0.716189  0.282204  0.235281  0.402585  0.619882  0.346899  0.476899  0.911372  0.810603  0.743767  0.503376  0.168513  0.183764  0.358697  0.113805  0.583911  0.830065  0.389208  0.332822  0.311779  0.270134  0.514697  0.641212  0.369729  0.622216  0.137844  0.769264  0.816376  0.496283  0.530338  0.891487  0.526972  0.098023  0.139978  0.340213  0.842298  0.413291  0.553316  0.927800  0.414558  0.338056  0.358747  0.396974  0.805274  0.423576  0.255125  0.709314  0.206483  0.268020  0.397582  0.766870  0.652821  0.817495  0.681234  0.434660  0.332472  0.586224  0.635927  0.824886  0.643625  0.393405  0.421062 
5  0.606126  0.652117  0.529675  0.928147  0.561098 0.0  0.318433  0.556564  0.868443  0.473449  0.516814  0.925037  0.747609  0.408855  0.859929  0.413010  0.313017  0.187938  0.279508  0.361467  0.603250  0.602838  0.219846  0.600901  0.832037  0.427850  0.591656  0.396886  0.656470  0.616358  0.770769  0.541030  0.727140  0.865041  0.437879  0.432898  0.435569  0.882005  0.637043  0.593673  0.755677  0.415825  0.830402  0.826332  0.446085  0.663512  0.700340  0.830083  0.943992  0.697646  0.667330  0.635273  0.456451  0.286291  0.320465  0.874998  0.225662  0.481093  0.874045  0.465651  0.604139  0.509650  0.536324  0.835461  0.258779  0.547197  0.895190  0.661454  0.709954  0.878614  0.304173  0.831291  0.677211  0.356823  0.541067  0.582215  0.885333  0.358143  0.153235  0.447471  0.312835  0.928947  0.775149  0.271278  0.668721  0.426868  0.488862  0.880217  0.412300 
6  0.740875  0.653894  0.577830  0.710984  0.741462  0.318433 0.0  0.781849  0.833553  0.207095  0.454442  0.724890  0.758913  0.142471  0.844781  0.440026  0.163416  0.335635  0.389812  0.369928  0.743062  0.298077  0.302290  0.710909  0.521950  0.327478  0.348187  0.114711  0.700357  0.585866  0.583268  0.818939  0.747937  0.699584  0.326216  0.299515  0.048506  0.744735  0.801529  0.810947  0.510374  0.916209  0.722939  0.507780  0.893435  0.637835  0.673944  0.493950  0.706252  0.530191  0.722018  0.748267  0.864805  0.084145  0.220627  0.615385  0.333161  0.333719  0.839195  0.722466  0.716156  0.800325  0.326169  0.597634  0.271649  0.324159  0.736083  0.702112  0.427340  0.622913  0.053236  0.732387  0.700705  0.052037  0.763822  0.664204  0.861563  0.327950  0.338189  0.272504  0.096891  0.643476  0.436485  0.292384  0.472472  0.384784  0.241588  0.538958  0.435678 
7  0.183280  0.398684  0.345218  0.424517  0.075887  0.556564  0.781849 0.0  0.309581  0.811567  0.526058  0.361882  0.284712  0.835931  0.731003  0.477477  0.733533  0.558907  0.570765  0.580010  0.123938  0.774471  0.514848  0.116950  0.366756  0.779876  0.543270  0.708462  0.280410  0.334034  0.436146  0.414884  0.401597  0.295599  0.681493  0.641763  0.778025  0.381932  0.022235  0.157718  0.248808  0.257024  0.309107  0.751969  0.576431  0.426444  0.362686  0.504285  0.332243  0.446593  0.308054  0.518087  0.180359  0.744183  0.706659  0.357120  0.485434  0.752241  0.270182  0.000000  0.018673  0.291915  0.663111  0.404907  0.512133  0.789269  0.402227  0.319101  0.264977  0.359843  0.807456  0.278800  0.343019  0.673553  0.104298  0.290137  0.267055  0.808126  0.749058  0.795774  0.736062  0.327785  0.298839  0.643086  0.503129  0.713229  0.503778  0.426351  0.476321 
8  0.418893  0.373784  0.168089  0.219934  0.468590  0.868443  0.833553  0.309581 0.0  0.771418  0.379985  0.296563  0.043110  0.802174  0.651157  0.294422  0.742522  0.808714  0.832345  0.654147  0.502984  0.568523  0.736224  0.497824  0.387174  0.487141  0.614335  0.778041  0.280404  0.210263  0.307118  0.899965  0.016712  0.186564  0.566898  0.572149  0.741569  0.128839  0.461808  0.479216  0.381852  0.425621  0.136488  0.698159  0.689087  0.384061  0.104884  0.349624  0.233193  0.475333  0.278945  0.859536  0.285929  0.779910  0.711587  0.264205  0.767729  0.601193  0.072134  0.266370  0.507621  0.352440  0.604404  0.436834  0.859303  0.660936  0.102393  0.359423  0.348939  0.103636  0.698337  0.259737  0.195662  0.704329  0.480628  0.234389  0.198611  0.507163  0.720228  0.665452  0.670861  0.187122  0.345660  0.771761  0.405948  0.637449  0.581548  0.453463  0.458843 
9  0.699879  0.491665  0.782526  0.812665  0.848412  0.473449  0.207095  0.811567  0.771418 0.0  0.498316  0.796783  0.772853  0.072103  0.782155  0.579608  0.196454  0.324694  0.321181  0.392720  0.727352  0.397777  0.425252  0.712432  0.520353  0.355104  0.296280  0.011877  0.685565  0.700777  0.625725  0.808489  0.767011  0.840354  0.381971  0.339695  0.151013  0.812609  0.830895  0.748231  0.575367  0.806523  0.767061  0.442790  0.719625  0.517799  0.853582  0.484803  0.670675  0.584109  0.689916  0.813682  0.850367  0.174242  0.214420  0.573592  0.339982  0.299145  0.668828  0.867424  0.738277  0.703386  0.336355  0.545389  0.476944  0.479138  0.810122  0.621623  0.608276  0.806633  0.090775  0.707567  0.743749  0.121447  0.787694  0.734670  0.740820  0.412554  0.362181  0.332886  0.146640  0.847598  0.457250  0.271737  0.686225  0.317544  0.367355  0.540828  0.435151 
10  0.471847  0.427394  0.473177  0.490461  0.485436  0.516814  0.454442  0.526058  0.379985  0.498316 0.0  0.499415  0.404612  0.525881  0.352277  0.396691  0.459062  0.514897  0.413463  0.501008  0.516375  0.421111  0.439390  0.548541  0.448732  0.377112  0.442279  0.471210  0.395883  0.546912  0.415783  0.406923  0.533898  0.539740  0.358945  0.426911  0.385753  0.511162  0.480200  0.540218  0.378332  0.436854  0.417284  0.436273  0.482763  0.445376  0.536235  0.441230  0.492824  0.530464  0.487979  0.451278  0.441198  0.487059  0.430993  0.487010  0.349465  0.516433  0.497084  0.462790  0.299301  0.497292  0.371476  0.432566  0.503352  0.429317  0.496943  0.424006  0.365130  0.411789  0.449034  0.444886  0.457438  0.467588  0.410647  0.452101  0.417630  0.433402  0.381832  0.449800  0.462069  0.376055  0.579401  0.458904  0.424673  0.427741  0.470306  0.490605  0.476953 
11  0.473303  0.341621  0.264960  0.286980  0.464496  0.925037  0.724890  0.361882  0.296563  0.796783  0.499415 0.0  0.029664  0.749735  0.517375  0.257621  0.771701  0.858839  0.905508  0.575449  0.628427  0.603073  0.800600  0.463120  0.497535  0.656443  0.545508  0.760927  0.290579  0.178583  0.324163  0.869517  0.142026  0.252729  0.593430  0.572660  0.721322  0.228770  0.498409  0.329048  0.463455  0.246048  0.179162  0.831378  0.780199  0.310998  0.170100  0.326991  0.235232  0.427636  0.271658  0.810305  0.337521  0.709895  0.694394  0.384427  0.704295  0.540804  0.230699  0.341291  0.410353  0.222336  0.615215  0.300142  0.774802  0.561003  0.091462  0.243177  0.326533  0.144523  0.799996  0.168553  0.316594  0.810679  0.547376  0.188843  0.233130  0.436292  0.655846  0.625824  0.709859  0.211394  0.358897  0.710974  0.379542  0.488093  0.674413  0.407080  0.488410 
12  0.371059  0.192223  0.273688  0.000000  0.279652  0.747609  0.758913  0.284712  0.043110  0.772853  0.404612  0.029664 0.0  0.758130  0.496592  0.375293  0.706957  0.776161  0.728685  0.394567  0.254487  0.557274  0.613656  0.392815  0.397022  0.393124  0.639388  0.807569  0.221553  0.170595  0.297789  0.770838  0.199551  0.015439  0.355321  0.559499  0.664163  0.070738  0.311998  0.196343  0.427901  0.213571  0.031937  0.820096  0.777222  0.362173  0.245270  0.331386  0.069535  0.354473  0.338865  0.725255  0.332473  0.698125  0.645089  0.342032  0.659541  0.546681  0.039236  0.364547  0.353449  0.245962  0.464571  0.441857  0.663379  0.425311  0.166506  0.317164  0.302809  0.000000  0.778128  0.170456  0.349319  0.657672  0.330295  0.257404  0.116283  0.480472  0.689563  0.353425  0.908392  0.037471  0.369035  0.649509  0.302509  0.497677  0.533650  0.485873  0.462545 
13  0.785810  0.584307  0.821992  0.870474  0.767707  0.408855  0.142471  0.835931  0.802174  0.072103  0.525881  0.749735  0.758130 0.0  0.833455  0.668502  0.124032  0.385577  0.342078  0.372553  0.862427  0.413618  0.445709  0.782107  0.544915  0.429385  0.294469  0.194414  0.634209  0.740339  0.490023  0.800919  0.781456  0.792957  0.442581  0.333426  0.207750  0.812738  0.869175  0.778380  0.574668  0.740161  0.837171  0.557447  0.793222  0.504980  0.794876  0.497901  0.731942  0.644646  0.627424  0.779115  0.824175  0.139531  0.188965  0.441683  0.414680  0.339800  0.700862  0.822275  0.773389  0.743833  0.509982  0.526158  0.376569  0.374881  0.802126  0.483375  0.540281  0.723946  0.117704  0.822509  0.613043  0.128288  0.785779  0.821227  0.826865  0.344093  0.327049  0.415910  0.207775  0.727183  0.548722  0.343391  0.587841  0.445840  0.326749  0.603063  0.453837 
14  0.828570  0.740905  0.713740  0.514675  0.926267  0.859929  0.844781  0.731003  0.651157  0.782155  0.352277  0.517375  0.496592  0.833455 0.0  0.240354  0.747035  0.896654  0.797659  0.514386  0.925531  0.506499  0.984013  0.934644  0.656748  0.501947  0.628571  0.712526  0.749635  0.564975  0.779141  0.541583  0.566013  0.609807  0.676322  0.582385  0.780430  0.584249  0.880196  0.803484  0.780903  0.687057  0.595886  0.313152  0.409960  0.757181  0.438513  0.738834  0.571808  0.400960  0.619010  0.509662  0.677022  0.758945  0.676082  0.850380  0.869895  0.629744  0.644653  0.734229  0.772157  0.675669  0.646266  0.736961  0.930144  0.579671  0.637414  0.707285  0.759843  0.611336  0.786424  0.621128  0.698455  0.708399  0.734689  0.649249  0.580875  0.519160  0.685855  0.499433  0.678830  0.631598  0.593542  0.588027  0.491252  0.622285  0.592753  0.868305  0.424262 
15  0.600109  0.508990  0.452044  0.249524  0.565468  0.413010  0.440026  0.477477  0.294422  0.579608  0.396691  0.257621  0.375293  0.668502  0.240354 0.0  0.522091  0.636953  0.578891  0.298336  0.588000  0.183392  0.626519  0.430722  0.577262  0.336371  0.598703  0.555708  0.530872  0.387316  0.491925  0.497176  0.382042  0.264605  0.296609  0.232683  0.510740  0.263391  0.470519  0.608179  0.627205  0.442839  0.230888  0.670861  0.476911  0.455890  0.428844  0.488271  0.221433  0.178890  0.288433  0.588006  0.559316  0.379198  0.421281  0.633915  0.588828  0.249318  0.268879  0.547909  0.556297  0.421046  0.306377  0.592735  0.463351  0.204097  0.281196  0.427470  0.500878  0.238134  0.695450  0.299324  0.466177  0.512923  0.455595  0.507463  0.241125  0.289738  0.508020  0.242093  0.658301  0.197342  0.562821  0.451109  0.425856  0.241280  0.567164  0.653996  0.543682 
16  0.766729  0.472846  0.686150  0.597321  0.632222  0.313017  0.163416  0.733533  0.742522  0.196454  0.459062  0.771701  0.706957  0.124032  0.747035  0.522091 0.0  0.265553  0.364992  0.228944  0.730152  0.291657  0.359483  0.786609  0.553569  0.418071  0.499887  0.288581  0.698069  0.607709  0.521726  0.825067  0.717694  0.785487  0.394105  0.330142  0.257682  0.774511  0.758653  0.844621  0.345380  0.742063  0.650970  0.438895  0.736365  0.366958  0.783317  0.492457  0.820160  0.436110  0.641654  0.754151  0.888666  0.211434  0.292849  0.601395  0.242547  0.359269  0.761221  0.844010  0.757194  0.558243  0.323047  0.545552  0.293116  0.297957  0.791353  0.649525  0.575926  0.745303  0.062544  0.720286  0.674643  0.176050  0.799236  0.708537  0.741503  0.268378  0.316068  0.344370  0.029271  0.671837  0.543092  0.240256  0.547843  0.305011  0.318676  0.567446  0.413109 
17  0.574880  0.789797  0.744382  0.929734  0.691185  0.187938  0.335635  0.558907  0.808714  0.324694  0.514897  0.858839  0.776161  0.385577  0.896654  0.636953  0.265553 0.0  0.185139  0.476076  0.623221  0.415039  0.209773  0.546887  0.701682  0.454986  0.480001  0.307897  0.686660  0.776900  0.677999  0.592102  0.720943  0.854562  0.448801  0.486163  0.283079  0.899598  0.575403  0.490752  0.710390  0.428272  0.816334  0.829886  0.502656  0.699234  0.688014  0.692937  0.783920  0.699594  0.685393  0.650365  0.454249  0.325459  0.256473  0.726407  0.224189  0.526024  0.856040  0.532364  0.449660  0.568502  0.403198  0.752108  0.115998  0.458800  0.894245  0.672167  0.776055  0.833102  0.278527  0.851041  0.628248  0.278049  0.541860  0.645191  0.870851  0.275747  0.222412  0.532437  0.280049  0.981997  0.749791  0.236280  0.667659  0.417811  0.577344  0.819964  0.483158 
18  0.619936  0.686236  0.802337  0.874152  0.685377  0.279508  0.389812  0.570765  0.832345  0.321181  0.413463  0.905508  0.728685  0.342078  0.797659  0.578891  0.364992  0.185139 0.0  0.472143  0.658811  0.506481  0.170527  0.574531  0.699703  0.483337  0.639640  0.314409  0.629210  0.724506  0.714451  0.533414  0.758128  0.824854  0.365617  0.421340  0.390027  0.841169  0.563905  0.598755  0.738025  0.523068  0.862930  0.775038  0.524944  0.759663  0.711241  0.785387  0.785574  0.654192  0.666599  0.593884  0.469218  0.318741  0.303072  0.753005  0.184982  0.399545  0.916442  0.500574  0.588889  0.707114  0.405798  0.777705  0.260848  0.417363  0.855431  0.632599  0.832586  0.838746  0.268030  0.849734  0.677731  0.290971  0.507074  0.666221  0.912103  0.290601  0.300350  0.434995  0.347010  0.913492  0.780922  0.145791  0.651144  0.315246  0.537454  0.767749  0.514638 
19  0.828586  0.798240  0.646435  0.626419  0.730357  0.361467  0.369928  0.580010  0.654147  0.392720  0.501008  0.575449  0.394567  0.372553  0.514386  0.298336  0.228944  0.476076  0.472143 0.0  0.840699  0.318319  0.389139  0.778092  0.814841  0.155715  0.574872  0.353044  0.623697  0.733841  0.725375  0.913269  0.511071  0.547564  0.191791  0.187123  0.367274  0.596418  0.886221  0.805104  0.784271  0.733339  0.662367  0.841813  0.783434  0.759402  0.469454  0.751753  0.623957  0.416628  0.739222  0.815509  0.698196  0.381418  0.226182  0.853562  0.416028  0.159800  0.630685  0.744666  0.823072  0.693808  0.208806  0.768067  0.340077  0.222342  0.561214  0.678002  0.688483  0.621568  0.460654  0.509564  0.664630  0.234982  0.881932  0.757332  0.575918  0.117230  0.280939  0.228798  0.321590  0.519801  0.761202  0.308904  0.538991  0.136485  0.611927  0.878512  0.498967 
20  0.168875  0.335697  0.321611  0.455215  0.227197  0.603250  0.743062  0.123938  0.502984  0.727352  0.516375  0.628427  0.254487  0.862427  0.925531  0.588000  0.730152  0.623221  0.658811  0.840699 0.0  0.908500  0.575493  0.165126  0.455828  0.895865  0.560841  0.703167  0.253024  0.363588  0.386501  0.580574  0.322690  0.506696  0.926890  0.919384  0.727673  0.463497  0.112134  0.111112  0.328620  0.000000  0.417489  0.805669  0.465685  0.451790  0.375332  0.369505  0.481919  0.720308  0.269315  0.619222  0.164236  0.647291  0.691174  0.412055  0.565297  0.905293  0.404498  0.100140  0.179197  0.280654  0.875200  0.452360  0.667441  0.854935  0.419227  0.299835  0.257966  0.424758  0.754017  0.515396  0.386139  0.695977  0.143573  0.310168  0.451468  0.806552  0.658078  0.969253  0.812089  0.466975  0.332315  0.731365  0.585119  0.856220  0.522378  0.371015  0.412815 
21  0.702288  0.715360  0.701896  0.645481  0.794758  0.602838  0.298077  0.774471  0.568523  0.397777  0.421111  0.603073  0.557274  0.413618  0.506499  0.183392  0.291657  0.415039  0.506481  0.318319  0.908500 0.0  0.504654  0.889601  0.927261  0.175493  0.630285  0.297293  0.639045  0.685437  0.658795  0.853238  0.482547  0.619040  0.241979  0.241814  0.352687  0.635243  0.862116  0.799673  0.777968  0.795512  0.635988  0.750938  0.702962  0.616468  0.366620  0.644715  0.590973  0.365761  0.571106  0.866917  0.643195  0.304890  0.268015  0.788078  0.532212  0.213420  0.597737  0.840198  0.822879  0.629420  0.177746  0.695396  0.447456  0.248276  0.667272  0.727270  0.674800  0.625483  0.448765  0.485500  0.646842  0.273991  0.886506  0.615193  0.623643  0.000000  0.242348  0.200633  0.334443  0.658796  0.793187  0.359807  0.441131  0.219696  0.489973  0.785835  0.464407 
22  0.716625  0.777496  0.738212  0.816575  0.508019  0.219846  0.302290  0.514848  0.736224  0.425252  0.439390  0.800600  0.613656  0.445709  0.984013  0.626519  0.359483  0.209773  0.170527  0.389139  0.575493  0.504654 0.0  0.647138  0.841389  0.463615  0.561844  0.321531  0.603612  0.649547  0.656404  0.528918  0.745929  0.867805  0.438876  0.482640  0.334865  0.916561  0.667800  0.528879  0.735877  0.547659  0.880194  0.776640  0.527597  0.769666  0.648173  0.789484  0.925362  0.599409  0.772859  0.633363  0.497970  0.284632  0.166120  0.756674  0.097502  0.510959  0.845351  0.452165  0.656975  0.746675  0.533802  0.797772  0.225868  0.409811  0.936470  0.563763  0.695375  0.879472  0.421304  0.894402  0.683416  0.362186  0.560759  0.747087  0.843217  0.267458  0.180282  0.369934  0.327950  0.790627  0.693491  0.275179  0.744626  0.562812  0.560865  0.780629  0.515767 
23  0.124128  0.369987  0.252402  0.478611  0.192519  0.600901  0.710909  0.116950  0.497824  0.712432  0.548541  0.463120  0.392815  0.782107  0.934644  0.430722  0.786609  0.546887  0.574531  0.778092  0.165126  0.889601  0.647138 0.0  0.352805  0.844796  0.709534  0.715271  0.249727  0.254504  0.320284  0.680920  0.287751  0.370131  0.850687  0.799360  0.704002  0.438715  0.191264  0.083583  0.263958  0.042316  0.556898  0.748412  0.463127  0.263083  0.310977  0.298707  0.448256  0.765539  0.395194  0.640116  0.214477  0.690396  0.637885  0.416761  0.553470  0.873479  0.509601  0.127020  0.135537  0.170020  0.830304  0.314138  0.505702  0.837554  0.346320  0.278687  0.307056  0.404999  0.784622  0.403375  0.322137  0.682635  0.272551  0.225504  0.496409  0.687289  0.734825  0.783155  0.709418  0.479884  0.344618  0.731664  0.647299  1.000000  0.583250  0.388609  0.413164 
24  0.498466  0.184603  0.287953  0.412691  0.419212  0.832037  0.521950  0.366756  0.387174  0.520353  0.448732  0.497535  0.397022  0.544915  0.656748  0.577262  0.553569  0.701682  0.699703  0.814841  0.455828  0.927261  0.841389  0.352805 0.0  0.756735  0.434540  0.501920  0.255189  0.243242  0.096104  0.728459  0.317086  0.382451  0.648972  0.788730  0.477052  0.407180  0.349884  0.446376  0.084719  0.321816  0.308247  0.542317  0.676231  0.134568  0.435388  0.160166  0.294215  0.762638  0.295928  0.887196  0.215515  0.439526  0.665755  0.139460  0.778454  0.800373  0.498539  0.397793  0.392526  0.285451  0.887225  0.178058  0.795972  0.704714  0.420342  0.260601  0.184373  0.442566  0.522522  0.388490  0.348268  0.446083  0.400443  0.142017  0.365154  0.768910  0.701972  0.714330  0.614839  0.435039  0.115077  0.705400  0.646169  0.814132  0.302267  0.245074  0.525372 
25  0.772041  0.783773  0.774259  0.592768  0.823752  0.427850  0.327478  0.779876  0.487141  0.355104  0.377112  0.656443  0.393124  0.429385  0.501947  0.336371  0.418071  0.454986  0.483337  0.155715  0.895865  0.175493  0.463615  0.844796  0.756735 0.0  0.613924  0.345060  0.770794  0.678716  0.778245  0.838471  0.475876  0.667530  0.203803  0.242539  0.279855  0.647146  0.937245  0.779245  0.705272  0.797291  0.631825  0.760840  0.690286  0.725532  0.547118  0.675930  0.560949  0.397398  0.686893  0.951409  0.668946  0.346831  0.238709  0.795539  0.492879  0.211517  0.537479  0.830910  0.933762  0.645020  0.202645  0.796807  0.463129  0.265510  0.558329  0.679704  0.708709  0.565076  0.378292  0.615329  0.685547  0.321848  0.855484  0.608723  0.639632  0.000000  0.230426  0.221638  0.317095  0.598605  0.706629  0.369873  0.443088  0.145085  0.647646  0.782427  0.441596 
26  0.559190  0.335609  0.443312  0.626060  0.537635  0.591656  0.348187  0.543270  0.614335  0.296280  0.442279  0.545508  0.639388  0.294469  0.628571  0.598703  0.499887  0.480001  0.639640  0.574872  0.560841  0.630285  0.561844  0.709534  0.434540  0.613924 0.0  0.305051  0.413495  0.347851  0.286112  0.544544  0.533319  0.608917  0.570300  0.657079  0.377768  0.621748  0.636330  0.584378  0.404108  0.554886  0.647605  0.297427  0.564793  0.330880  0.580742  0.289535  0.615263  0.425868  0.427085  0.561980  0.638453  0.426781  0.501299  0.443067  0.710386  0.587526  0.620740  0.492092  0.627863  0.479740  0.565352  0.342514  0.567063  0.643724  0.530056  0.533471  0.400084  0.609846  0.292977  0.544579  0.433231  0.277311  0.642044  0.556868  0.647739  0.636341  0.410613  0.547880  0.349585  0.548159  0.303570  0.478010  0.537033  0.646539  0.269246  0.391368  0.515384 
27  0.854989  0.577222  0.744169  0.738344  0.716189  0.396886  0.114711  0.708462  0.778041  0.011877  0.471210  0.760927  0.807569  0.194414  0.712526  0.555708  0.288581  0.307897  0.314409  0.353044  0.703167  0.297293  0.321531  0.715271  0.501920  0.345060  0.305051 0.0  0.538416  0.630246  0.507224  0.741414  0.682007  0.816283  0.344602  0.317384  0.272972  0.698700  0.668137  0.922679  0.547115  0.699472  0.678438  0.466950  0.775124  0.672828  0.724019  0.487657  0.737369  0.501172  0.654990  0.670463  0.903655  0.239146  0.235269  0.518063  0.325768  0.306673  0.731937  0.743562  0.722855  0.691444  0.510690  0.524619  0.370389  0.389438  0.770196  0.599046  0.578725  0.757038  0.047928  0.726591  0.678849  0.144920  0.740140  0.649034  0.733232  0.210907  0.326920  0.252281  0.093118  0.840731  0.728517  0.185935  0.559919  0.381514  0.223107  0.485388  0.531172 
28  0.308506  0.202327  0.305730  0.254970  0.282204  0.656470  0.700357  0.280410  0.280404  0.685565  0.395883  0.290579  0.221553  0.634209  0.749635  0.530872  0.698069  0.686660  0.629210  0.623697  0.253024  0.639045  0.603612  0.249727  0.255189  0.770794  0.413495  0.538416 0.0  0.207236  0.314101  0.688285  0.248782  0.277117  0.758401  0.639258  0.645259  0.318757  0.154508  0.225288  0.329785  0.199635  0.165605  0.727336  0.654277  0.356436  0.346603  0.380404  0.145750  0.433969  0.286619  0.768372  0.221153  0.645010  0.623829  0.207657  0.740661  0.555817  0.361570  0.292397  0.366154  0.293179  0.820550  0.348559  0.659873  0.620204  0.235801  0.359451  0.282928  0.317328  0.546793  0.341329  0.239536  0.609545  0.280547  0.280170  0.273454  0.620221  0.555586  0.702658  0.585547  0.254593  0.211683  0.774543  0.382944  0.750063  0.545005  0.329498  0.418581 
29  0.230972  0.385633  0.261795  0.356853  0.235281  0.616358  0.585866  0.334034  0.210263  0.700777  0.546912  0.178583  0.170595  0.740339  0.564975  0.387316  0.607709  0.776900  0.724506  0.733841  0.363588  0.685437  0.649547  0.254504  0.243242  0.678716  0.347851  0.630246  0.207236 0.0  0.297842  0.599353  0.253570  0.325476  0.644675  0.711057  0.589037  0.235594  0.200707  0.279074  0.291529  0.276924  0.314398  0.685432  0.697493  0.246221  0.255275  0.260882  0.222664  0.405649  0.351475  0.570074  0.262770  0.736620  0.719015  0.229114  0.672147  0.714551  0.296928  0.253696  0.307560  0.339694  0.646015  0.287052  0.574575  0.654137  0.277549  0.180042  0.300418  0.189721  0.612974  0.110912  0.215976  0.690198  0.300313  0.224010  0.253606  0.582313  0.663701  0.667294  0.725170  0.343707  0.251563  0.658050  0.416389  0.594482  0.454235  0.341106  0.525352 
30  0.266166  0.214087  0.300573  0.361648  0.402585  0.770769  0.583268  0.436146  0.307118  0.625725  0.415783  0.324163  0.297789  0.490023  0.779141  0.491925  0.521726  0.677999  0.714451  0.725375  0.386501  0.658795  0.656404  0.320284  0.096104  0.778245  0.286112  0.507224  0.314101  0.297842 0.0  0.697850  0.296265  0.295987  0.722594  0.756689  0.460697  0.248456  0.406173  0.345676  0.052030  0.451260  0.303042  0.491785  0.816346  0.146101  0.334957  0.238047  0.290840  0.561660  0.328067  0.787190  0.345883  0.528448  0.575840  0.053898  0.778122  0.773260  0.285101  0.256316  0.329513  0.285899  0.693861  0.103835  0.762882  0.776972  0.430224  0.231403  0.108844  0.286849  0.507281  0.370226  0.246266  0.602153  0.429241  0.329814  0.387714  0.768134  0.639660  0.724546  0.457602  0.219645  0.211255  0.627555  0.573289  0.752562  0.377371  0.185464  0.423620 
31  0.566954  0.614081  0.701746  0.885784  0.619882  0.541030  0.818939  0.414884  0.899965  0.808489  0.406923  0.869517  0.770838  0.800919  0.541583  0.497176  0.825067  0.592102  0.533414  0.913269  0.580574  0.853238  0.528918  0.680920  0.728459  0.838471  0.544544  0.741414  0.688285  0.599353  0.697850 0.0  0.705421  0.890241  0.857726  0.869118  0.674954  0.803003  0.501067  0.516007  0.708829  0.470473  0.889800  0.447059  0.062384  0.779892  0.646900  0.715982  0.845588  0.736001  0.629303  0.184390  0.544130  0.677484  0.722923  0.762332  0.657951  0.860069  0.830821  0.449858  0.573744  0.662506  0.832164  0.836882  0.501712  0.787585  0.890038  0.630990  0.752891  0.846645  0.678001  0.992500  0.634585  0.629158  0.573328  0.651821  0.909739  0.808787  0.722258  0.845874  0.815934  0.813662  0.623240  0.646477  0.636687  0.930496  0.515643  0.748073  0.396855 
32  0.489171  0.271348  0.240738  0.003197  0.346899  0.727140  0.747937  0.401597  0.016712  0.767011  0.533898  0.142026  0.199551  0.781456  0.566013  0.382042  0.717694  0.720943  0.758128  0.511071  0.322690  0.482547  0.745929  0.287751  0.317086  0.475876  0.533319  0.682007  0.248782  0.253570  0.296265  0.705421 0.0  0.048022  0.509529  0.491494  0.800480  0.000000  0.426863  0.351475  0.492124  0.404491  0.029942  0.765452  0.782031  0.350141  0.133422  0.332838  0.057283  0.315288  0.206304  0.745695  0.258655  0.796661  0.669373  0.347385  0.744783  0.445473  0.163073  0.357223  0.359740  0.289470  0.451875  0.438721  0.680704  0.391294  0.091767  0.323642  0.334720  0.138875  0.810641  0.000000  0.175551  0.654536  0.258791  0.301650  0.082324  0.617781  0.712246  0.355213  0.987994  0.042749  0.411579  0.672568  0.293315  0.421898  0.556142  0.367104  0.472537 
33  0.492534  0.254891  0.090783  0.195963  0.476899  0.865041  0.699584  0.295599  0.186564  0.840354  0.539740  0.252729  0.015439  0.792957  0.609807  0.264605  0.785487  0.854562  0.824854  0.547564  0.506696  0.619040  0.867805  0.370131  0.382451  0.667530  0.608917  0.816283  0.277117  0.325476  0.295987  0.890241  0.048022 0.0  0.515764  0.660654  0.745120  0.192909  0.530887  0.422047  0.323429  0.303230  0.256375  0.844746  0.778815  0.336393  0.085746  0.351094  0.269901  0.330953  0.280988  0.819936  0.344786  0.613259  0.784723  0.392748  0.864230  0.578931  0.224513  0.285007  0.461526  0.186938  0.524593  0.447162  0.816027  0.613866  0.205771  0.371769  0.285081  0.181060  0.752769  0.203295  0.233094  0.782567  0.562114  0.277505  0.289367  0.476848  0.750265  0.583907  0.819820  0.220804  0.361772  0.681397  0.424940  0.588021  0.632048  0.255189  0.400479 
34  0.846910  0.778730  0.746055  0.578888  0.911372  0.437879  0.326216  0.681493  0.566898  0.381971  0.358945  0.593430  0.355321  0.442581  0.676322  0.296609  0.394105  0.448801  0.365617  0.191791  0.926890  0.241979  0.438876  0.850687  0.648972  0.203803  0.570300  0.344602  0.758401  0.644675  0.722594  0.857726  0.509529  0.515764 0.0  0.152641  0.253015  0.604898  0.756854  0.769666  0.749610  0.841735  0.663204  0.802528  0.754495  0.800622  0.558416  0.679624  0.588843  0.403684  0.665705  0.817653  0.728834  0.403711  0.185713  0.863044  0.478624  0.132208  0.681251  0.609283  0.752518  0.621409  0.155080  0.732928  0.425850  0.158513  0.687294  0.611605  0.787594  0.571286  0.405476  0.601435  0.606538  0.447986  0.894583  0.577508  0.595225  0.059438  0.299522  0.203001  0.229542  0.576625  0.788699  0.269693  0.431283  0.148622  0.621496  0.745013  0.548790 
35  0.821173  0.677837  0.791977  0.651805  0.810603  0.432898  0.299515  0.641763  0.572149  0.339695  0.426911  0.572660  0.559499  0.333426  0.582385  0.232683  0.330142  0.486163  0.421340  0.187123  0.919384  0.241814  0.482640  0.799360  0.788730  0.242539  0.657079  0.317384  0.639258  0.711057  0.756689  0.869118  0.491494  0.660654  0.152641 0.0  0.315549  0.651055  0.891460  0.832321  0.731448  0.868279  0.601141  0.791118  0.745806  0.636173  0.456517  0.782395  0.711907  0.358364  0.646054  0.866953  0.705022  0.339729  0.212269  0.679741  0.499177  0.157802  0.678728  0.711656  0.844731  0.657399  0.212295  0.744624  0.509136  0.164736  0.555558  0.620768  0.800108  0.478922  0.326356  0.650957  0.540533  0.260319  0.825667  0.661167  0.575028  0.000000  0.311497  0.231350  0.257386  0.613763  0.731589  0.354500  0.469061  0.207426  0.627788  0.779359  0.418792 
36  0.686077  0.534252  0.745324  0.726871  0.743767  0.435569  0.048506  0.778025  0.741569  0.151013  0.385753  0.721322  0.664163  0.207750  0.780430  0.510740  0.257682  0.283079  0.390027  0.367274  0.727673  0.352687  0.334865  0.704002  0.477052  0.279855  0.377768  0.272972  0.645259  0.589037  0.460697  0.674954  0.800480  0.745120  0.253015  0.315549 0.0  0.701253  0.781415  0.824066  0.390127  0.718607  0.674796  0.578368  0.686108  0.481363  0.657524  0.498291  0.792697  0.652321  0.717666  0.757904  0.935378  0.277362  0.319489  0.593587  0.346299  0.376441  0.759909  0.670111  0.636270  0.647595  0.440975  0.496859  0.301450  0.318358  0.727750  0.654019  0.554814  0.687905  0.189017  0.760526  0.585570  0.307152  0.729654  0.618110  0.695447  0.352048  0.300216  0.386376  0.000000  0.654472  0.560104  0.235552  0.577454  0.312897  0.282916  0.521180  0.460028 
37  0.355658  0.350784  0.304360  0.191141  0.503376  0.882005  0.744735  0.381932  0.128839  0.812609  0.511162  0.228770  0.070738  0.812738  0.584249  0.263391  0.774511  0.899598  0.841169  0.596418  0.463497  0.635243  0.916561  0.438715  0.407180  0.647146  0.621748  0.698700  0.318757  0.235594  0.248456  0.803003  0.000000  0.192909  0.604898  0.651055  0.701253 0.0  0.576712  0.523010  0.306268  0.317367  0.216709  0.765094  0.731379  0.337725  0.102821  0.318385  0.153852  0.375668  0.260452  0.852942  0.386846  0.726076  0.639506  0.321289  0.907314  0.663590  0.237230  0.377284  0.353072  0.201518  0.622178  0.376714  0.786092  0.703795  0.142908  0.308811  0.238515  0.244808  0.808536  0.348212  0.277720  0.610988  0.407176  0.196998  0.108506  0.405135  0.644964  0.502813  0.622980  0.229691  0.221464  0.645573  0.350370  0.582289  0.616437  0.468070  0.514584 
38  0.195738  0.357800  0.313704  0.438979  0.168513  0.637043  0.801529  0.022235  0.461808  0.830895  0.480200  0.498409  0.311998  0.869175  0.880196  0.470519  0.758653  0.575403  0.563905  0.886221  0.112134  0.862116  0.667800  0.191264  0.349884  0.937245  0.636330  0.668137  0.154508  0.200707  0.406173  0.501067  0.426863  0.530887  0.756854  0.891460  0.781415  0.576712 0.0  0.059516  0.297598  0.000000  0.493219  0.785725  0.488061  0.280192  0.408423  0.250529  0.392096  0.617527  0.298099  0.660274  0.063825  0.600511  0.704433  0.321864  0.587955  0.716470  0.363707  0.061602  0.202934  0.276549  0.859920  0.372479  0.579283  0.888720  0.515090  0.258901  0.336853  0.477789  0.764476  0.469241  0.262419  0.658310  0.248707  0.294774  0.417430  0.819245  0.647735  0.860687  0.838649  0.516620  0.268810  0.553328  0.653641  0.935023  0.544222  0.425648  0.552163 
39  0.125413  0.508440  0.271252  0.481941  0.183764  0.593673  0.810947  0.157718  0.479216  0.748231  0.540218  0.329048  0.196343  0.778380  0.803484  0.608179  0.844621  0.490752  0.598755  0.805104  0.111112  0.799673  0.528879  0.083583  0.446376  0.779245  0.584378  0.922679  0.225288  0.279074  0.345676  0.516007  0.351475  0.422047  0.769666  0.832321  0.824066  0.523010  0.059516 0.0  0.420880  0.113256  0.223700  0.809611  0.580564  0.404446  0.364918  0.325806  0.472242  0.660821  0.323373  0.624655  0.131543  0.795998  0.743738  0.396002  0.470159  0.839408  0.272965  0.086064  0.203943  0.352137  0.810696  0.291106  0.593394  0.804828  0.359444  0.344443  0.348285  0.371649  0.802614  0.389764  0.351345  0.708914  0.073929  0.320235  0.363018  0.747252  0.582941  0.723194  0.859724  0.444813  0.458290  0.752023  0.517635  0.770667  0.583285  0.423423  0.442864 
40  0.410626  0.000000  0.242518  0.316506  0.358697  0.755677  0.510374  0.248808  0.381852  0.575367  0.378332  0.463455  0.427901  0.574668  0.780903  0.627205  0.345380  0.710390  0.738025  0.784271  0.328620  0.777968  0.735877  0.263958  0.084719  0.705272  0.404108  0.547115  0.329785  0.291529  0.052030  0.708829  0.492124  0.323429  0.749610  0.731448  0.390127  0.306268  0.297598  0.420880 0.0  0.353817  0.409440  0.529815  0.747368  0.036505  0.458496  0.045634  0.274805  0.470311  0.432880  0.637588  0.320080  0.472970  0.640367  0.075616  0.769818  0.726581  0.302378  0.397348  0.288434  0.330863  0.750270  0.150772  0.696470  0.656766  0.298137  0.314403  0.063987  0.388156  0.467513  0.364132  0.280650  0.494132  0.351582  0.242607  0.327991  0.752884  0.632177  0.738446  0.628933  0.340099  0.014671  0.751794  0.457811  0.749911  0.327940  0.183004  0.445676 
41  0.101701  0.574643  0.294802  0.264620  0.113805  0.415825  0.916209  0.257024  0.425621  0.806523  0.436854  0.246048  0.213571  0.740161  0.687057  0.442839  0.742063  0.428272  0.523068  0.733339  0.000000  0.795512  0.547659  0.042316  0.321816  0.797291  0.554886  0.699472  0.199635  0.276924  0.451260  0.470473  0.404491  0.303230  0.841735  0.868279  0.718607  0.317367  0.000000  0.113256  0.353817 0.0  0.373292  0.821451  0.531179  0.440168  0.258357  0.470154  0.294700  0.498610  0.229192  0.446708  0.112366  0.846604  0.707144  0.346328  0.440516  0.773263  0.369018  0.050649  0.010741  0.311547  0.716062  0.419037  0.408911  0.766372  0.262983  0.394749  0.305326  0.375342  0.750135  0.331677  0.282174  0.777779  0.091510  0.221175  0.334259  0.834050  0.686421  0.649309  0.702143  0.309963  0.442710  0.665120  0.580145  0.660085  0.566071  0.416346  0.467943 
42  0.452117  0.294516  0.329396  0.190631  0.583911  0.830402  0.722939  0.309107  0.136488  0.767061  0.417284  0.179162  0.031937  0.837171  0.595886  0.230888  0.650970  0.816334  0.862930  0.662367  0.417489  0.635988  0.880194  0.556898  0.308247  0.631825  0.647605  0.678438  0.165605  0.314398  0.303042  0.889800  0.029942  0.256375  0.663204  0.601141  0.674796  0.216709  0.493219  0.223700  0.409440  0.373292 0.0  0.763382  0.773403  0.302293  0.034720  0.324099  0.208459  0.347975  0.348201  0.802522  0.347494  0.863273  0.719583  0.409322  0.707493  0.597979  0.197006  0.359642  0.487611  0.206628  0.559415  0.470260  0.812310  0.737681  0.234761  0.292285  0.371339  0.295939  0.783791  0.261641  0.201458  0.791571  0.430012  0.222820  0.177078  0.540304  0.776539  0.621986  0.717143  0.237493  0.344978  0.660837  0.383419  0.546970  0.572298  0.461370  0.390242 
43  0.790101  0.515162  0.669339  0.903024  0.830065  0.826332  0.507780  0.751969  0.698159  0.442790  0.436273  0.831378  0.820096  0.557447  0.313152  0.670861  0.438895  0.829886  0.775038  0.841813  0.805669  0.750938  0.776640  0.748412  0.542317  0.760840  0.297427  0.466950  0.727336  0.685432  0.491785  0.447059  0.765452  0.844746  0.802528  0.791118  0.578368  0.765094  0.785725  0.809611  0.529815  0.821451  0.763382 0.0  0.362206  0.460729  0.803401  0.573935  0.863820  0.524806  0.771590  0.403090  0.749328  0.487573  0.676225  0.434141  0.749081  0.743463  0.780885  0.785652  0.804505  0.630072  0.784290  0.461042  0.750879  0.821650  0.828560  0.648594  0.571223  0.798762  0.503445  0.803906  0.674119  0.423448  0.790097  0.578153  0.775760  0.746981  0.667364  0.794498  0.582215  0.817304  0.608928  0.730054  0.622601  0.784499  0.303601  0.509916  0.472262 
44  0.548339  0.772888  0.652722  0.709773  0.389208  0.446085  0.893435  0.576431  0.689087  0.719625  0.482763  0.780199  0.777222  0.793222  0.409960  0.476911  0.736365  0.502656  0.524944  0.783434  0.465685  0.702962  0.527597  0.463127  0.676231  0.690286  0.564793  0.775124  0.654277  0.697493  0.816346  0.062384  0.782031  0.778815  0.754495  0.745806  0.686108  0.731379  0.488061  0.580564  0.747368  0.531179  0.773403  0.362206 0.0  0.917823  0.684079  0.961369  0.840278  0.512320  0.669241  0.113159  0.397656  0.786356  0.777737  0.751465  0.424544  0.723204  0.771968  0.486754  0.500122  0.758113  0.766359  0.821337  0.441494  0.748891  0.741412  0.735078  0.642007  0.754254  0.823665  0.768944  0.549196  0.775650  0.525796  0.647909  0.745384  0.699762  0.648516  0.790694  0.683192  0.720659  0.714647  0.546231  0.547658  0.817682  0.549194  0.829781  0.460698 
