89
0 0.0  0.395717  0.263491  0.420412  0.149107  0.557554  0.858406  0.021730  0.405659  0.810454  0.508693  0.302503  0.428404  0.789866  0.709264  0.569761  0.776184  0.537849  0.663397  0.765779  0.163451  0.826674  0.472841  0.088011  0.323213  0.754907  0.794269  0.875476  0.171244  0.227105  0.399524  0.417249  0.275253  0.452003  0.794635  0.827680  0.723082  0.367029  0.125250  0.175822  0.367255  0.068073  0.377256  0.785196  0.469218  0.482623  0.440245  0.390710  0.394023  0.610282  0.195094  0.513378  0.204334  0.829136  0.546279  0.361615  0.552425  0.898572  0.440385  0.094902  0.096142  0.321903  0.768248  0.396655  0.623381  0.748860  0.362457  0.247233  0.329880  0.332505  0.721258  0.345553  0.237991  0.847634  0.192482  0.229456  0.322881  0.770395  0.785262  0.826423  0.747947  0.351736  0.310377  0.631970  0.550406  0.783912  0.544386  0.446537  0.405931 
1  0.395717 0.0  0.231606  0.365889  0.287945  0.570874  0.624802  0.499152  0.354395  0.387284  0.482363  0.415163  0.275042  0.568217  0.776779  0.559084  0.344997  0.774719  0.660729  0.683014  0.206127  0.752702  0.778899  0.353531  0.092502  0.689176  0.429584  0.440163  0.349972  0.237296  0.164004  0.793168  0.398484  0.334500  0.716341  0.746965  0.446444  0.399607  0.345674  0.344549  0.137312  0.396539  0.384102  0.606963  0.813128  0.129789  0.256134  0.065459  0.346862  0.540850  0.295959  0.677604  0.392670  0.503081  0.661007  0.141365  0.709879  0.833988  0.163212  0.325490  0.202950  0.265762  0.734901  0.181711  0.771050  0.776588  0.284622  0.229342  0.113289  0.363728  0.556829  0.286924  0.283415  0.409791  0.383469  0.292468  0.366342  0.682225  0.540085  0.772638  0.421817  0.402032  0.026431  0.709849  0.512265  0.724110  0.343819  0.172338  0.396288 
2  0.263491  0.231606 0.0  0.393647  0.353073  0.712153  0.720749  0.236319  0.417970  0.643477  0.565195  0.242147  0.310791  0.667576  0.639950  0.516722  0.589098  0.673137  0.595271  0.695892  0.287053  0.611426  0.586586  0.311605  0.267990  0.690710  0.420013  0.585596  0.179380  0.343417  0.305260  0.709570  0.342187  0.252086  0.621564  0.573138  0.684630  0.286531  0.157405  0.261794  0.276578  0.341340  0.258702  0.583172  0.615908  0.232255  0.255538  0.384979  0.338740  0.410700  0.180343  0.666986  0.198899  0.694018  0.629024  0.270989  0.650905  0.663244  0.231934  0.235532  0.255734  0.293613  0.609425  0.212107  0.737473  0.653652  0.302376  0.300964  0.280891  0.239189  0.591594  0.309970  0.276921  0.714495  0.270461  0.232642  0.340266  0.733010  0.708249  0.644090  0.646833  0.229313  0.243218  0.717723  0.407896  0.673045  0.474539  0.268871  0.482142 
3  0.420412  0.365889  0.393647 0.0  0.461869  0.807666  0.801574  0.367247  0.142205  0.817053  0.354914  0.156704  0.067787  0.766256  0.635292  0.287015  0.722762  0.919948  0.840675  0.691411  0.509563  0.659975  0.917897  0.474205  0.312717  0.547332  0.637280  0.683447  0.306668  0.210475  0.306757  0.880486  0.109195  0.174222  0.597001  0.510239  0.715137  0.245703  0.429684  0.364158  0.291149  0.343122  0.232406  0.705043  0.776822  0.275319  0.062828  0.343187  0.184800  0.407422  0.166873  0.863695  0.305697  0.660338  0.691826  0.420681  0.874646  0.664519  0.269439  0.295248  0.515924  0.295668  0.593420  0.481575  0.938057  0.642530  0.242499  0.274268  0.436274  0.230496  0.834004  0.230864  0.356430  0.626259  0.487209  0.290468  0.160232  0.582587  0.487917  0.535421  0.722688  0.194712  0.378712  0.673255  0.295888  0.602222  0.549317  0.521432  0.414546 
4  0.149107  0.287945  0.353073  0.461869 0.0  0.643960  0.714176  0.012346  0.456832  0.750759  0.407513  0.507413  0.391757  0.802611  0.780706  0.457726  0.698661  0.601526  0.558865  0.871548  0.227474  0.829263  0.562378  0.164805  0.309643  0.819454  0.554985  0.623723  0.259299  0.282900  0.270559  0.571341  0.254706  0.440936  0.940887  0.948348  0.772133  0.484926  0.108622  0.208976  0.318671  0.055493  0.587056  0.689212  0.432239  0.316666  0.292035  0.398119  0.471789  0.695739  0.280701  0.558885  0.136066  0.788450  0.605525  0.393323  0.524369  0.813300  0.417388  0.000000  0.138976  0.287554  0.947074  0.326837  0.538121  0.874857  0.474936  0.221708  0.357496  0.498416  0.731011  0.451188  0.262317  0.703350  0.223733  0.305963  0.550234  0.680610  0.685574  0.939215  0.773735  0.378867  0.334850  0.630418  0.780668  0.955208  0.671132  0.270801  0.512726 
5  0.557554  0.570874  0.712153  0.807666  0.643960 0.0  0.289316  0.557335  0.803774  0.351753  0.444392  0.878521  0.804805  0.319280  0.909590  0.582866  0.310914  0.148457  0.261463  0.468341  0.604318  0.421670  0.167035  0.645165  0.882036  0.445290  0.557400  0.311346  0.658232  0.624936  0.720016  0.605505  0.717385  0.823775  0.493259  0.502582  0.276648  0.968770  0.696856  0.607162  0.737149  0.523974  0.854588  0.712943  0.494340  0.815742  0.741633  0.662249  0.891248  0.580742  0.623941  0.524166  0.401568  0.383043  0.215270  0.778709  0.265698  0.524844  0.937538  0.450686  0.554822  0.609305  0.492150  0.805176  0.087518  0.408208  0.783905  0.705901  0.721563  0.812247  0.339230  0.839235  0.707987  0.276061  0.599151  0.628837  0.832895  0.361173  0.333287  0.478495  0.425851  0.861831  0.788582  0.231856  0.564029  0.369994  0.555351  0.690757  0.379385 
6  0.858406  0.624802  0.720749  0.801574  0.714176  0.289316 0.0  0.727586  0.732352  0.255891  0.445501  0.687101  0.767297  0.100209  0.750795  0.633626  0.041653  0.280075  0.424586  0.313491  0.827538  0.306141  0.226646  0.660957  0.506057  0.301687  0.305626  0.085206  0.581240  0.598029  0.638117  0.751143  0.636111  0.817886  0.343679  0.278912  0.000000  0.779314  0.725664  0.751320  0.449394  0.836367  0.765148  0.585491  0.867363  0.503212  0.659152  0.578808  0.737800  0.440012  0.567646  0.712880  0.795441  0.028031  0.305670  0.545431  0.309435  0.384359  0.708352  0.741374  0.658690  0.643839  0.371408  0.454817  0.387692  0.286823  0.762796  0.652576  0.590962  0.725399  0.064632  0.764054  0.666946  0.024858  0.758394  0.690414  0.751549  0.304228  0.338520  0.346039  0.035936  0.774389  0.586409  0.330283  0.551010  0.310919  0.325402  0.652617  0.523260 
7  0.021730  0.499152  0.236319  0.367247  0.012346  0.557335  0.727586 0.0  0.288341  0.801714  0.491398  0.319320  0.259767  0.799921  0.816979  0.594381  0.775866  0.435306  0.428991  0.781889  0.074402  0.692033  0.409900  0.072290  0.398038  0.705619  0.561086  0.715617  0.189894  0.391719  0.426702  0.574859  0.314102  0.305844  0.726318  0.797739  0.643007  0.313825  0.050928  0.151959  0.374448  0.163414  0.376140  0.867654  0.572991  0.503700  0.333947  0.476437  0.329623  0.411268  0.209693  0.419755  0.097693  0.717414  0.633195  0.395644  0.531360  0.754086  0.315052  0.129472  0.101528  0.254905  0.648320  0.411395  0.380596  0.730224  0.270955  0.236934  0.343075  0.288713  0.889738  0.288731  0.298281  0.714916  0.022411  0.372738  0.351441  0.778602  0.653415  0.748930  0.709861  0.247296  0.361451  0.677984  0.552525  0.636906  0.585396  0.353969  0.450935 
8  0.405659  0.354395  0.417970  0.142205  0.456832  0.803774  0.732352  0.288341 0.0  0.716299  0.400682  0.122994  0.000000  0.753638  0.673522  0.250202  0.783639  0.938493  0.819798  0.516409  0.497276  0.490266  0.820688  0.438143  0.447702  0.599909  0.482122  0.732607  0.271695  0.180135  0.416174  0.884747  0.058908  0.248481  0.653844  0.604144  0.792218  0.139273  0.530005  0.361400  0.387267  0.302008  0.142075  0.857516  0.656359  0.305102  0.089163  0.350563  0.255502  0.364094  0.294932  0.883193  0.296784  0.710682  0.740548  0.401326  0.919721  0.516936  0.227921  0.273111  0.386150  0.221175  0.724248  0.433282  0.738198  0.608036  0.123854  0.335391  0.283120  0.190422  0.831102  0.235566  0.219855  0.721826  0.385311  0.254413  0.192315  0.435129  0.660797  0.516852  0.740184  0.210451  0.313574  0.645765  0.352152  0.656849  0.473440  0.489433  0.409583 
9  0.810454  0.387284  0.643477  0.817053  0.750759  0.351753  0.255891  0.801714  0.716299 0.0  0.432452  0.830705  0.767955  0.168709  0.783772  0.578517  0.210430  0.338230  0.389769  0.357567  0.800002  0.395871  0.341288  0.749636  0.531058  0.430118  0.419302  0.054986  0.575264  0.659082  0.518958  0.671845  0.844024  0.851640  0.502868  0.452776  0.138840  0.787019  0.866177  0.840168  0.500047  0.733832  0.783694  0.544643  0.702252  0.472296  0.919362  0.543685  0.791809  0.622128  0.644385  0.779675  0.874269  0.192785  0.313555  0.551506  0.420996  0.443519  0.821211  0.806075  0.822038  0.707812  0.361778  0.564066  0.428835  0.402723  0.811558  0.600681  0.451425  0.784961  0.234724  0.790887  0.699007  0.128404  0.842300  0.691779  0.805560  0.432810  0.386721  0.386144  0.103748  0.846822  0.517474  0.286458  0.730683  0.331736  0.320396  0.562735  0.449706 
10  0.508693  0.482363  0.565195  0.354914  0.407513  0.444392  0.445501  0.491398  0.400682  0.432452 0.0  0.555558  0.517310  0.460768  0.482631  0.493984  0.528257  0.396594  0.392519  0.501901  0.500647  0.465701  0.402311  0.499926  0.444346  0.481831  0.487200  0.492726  0.448669  0.434118  0.489624  0.396645  0.420634  0.507562  0.545441  0.513727  0.466607  0.471442  0.456807  0.443878  0.478797  0.710901  0.541926  0.366570  0.437135  0.441935  0.457107  0.578738  0.428152  0.433959  0.452582  0.479382  0.467123  0.400725  0.400569  0.385423  0.441452  0.410443  0.449604  0.399750  0.535323  0.441739  0.465878  0.372010  0.433787  0.568349  0.432327  0.566495  0.498282  0.419778  0.493108  0.375891  0.510756  0.588925  0.476296  0.463872  0.558071  0.467355  0.543357  0.488306  0.474971  0.450060  0.474274  0.358935  0.387411  0.555609  0.576483  0.471658  0.530027 
11  0.302503  0.415163  0.242147  0.156704  0.507413  0.878521  0.687101  0.319320  0.122994  0.830705  0.555558 0.0  0.085279  0.763100  0.585796  0.198481  0.696210  0.740463  0.743271  0.554944  0.402166  0.676168  0.814496  0.524690  0.334310  0.509016  0.683221  0.731726  0.195504  0.292221  0.308924  0.888140  0.000000  0.335138  0.733386  0.562405  0.774295  0.244907  0.521190  0.321912  0.240092  0.148476  0.175448  0.855930  0.749733  0.326232  0.064900  0.437135  0.274730  0.382657  0.315463  0.868287  0.299706  0.806531  0.664741  0.291996  0.849783  0.638792  0.196713  0.349915  0.491508  0.200147  0.573527  0.443624  0.928967  0.602653  0.245865  0.310871  0.322268  0.230122  0.777597  0.222331  0.272895  0.755192  0.521816  0.251092  0.177023  0.481699  0.716928  0.525688  0.711831  0.155284  0.322387  0.757850  0.401707  0.637085  0.629943  0.451222  0.439311 
12  0.428404  0.275042  0.310791  0.067787  0.391757  0.804805  0.767297  0.259767  0.000000  0.767955  0.517310  0.085279 0.0  0.691526  0.501999  0.474344  0.746651  0.619626  0.720728  0.484698  0.384309  0.399447  0.726438  0.307708  0.472628  0.466789  0.620713  0.566262  0.267491  0.313578  0.306783  0.735768  0.170013  0.138567  0.396107  0.442545  0.649458  0.093183  0.211270  0.413463  0.612637  0.340455  0.203654  0.771359  0.629204  0.333769  0.183172  0.363185  0.000000  0.302961  0.287558  0.673149  0.386453  0.658474  0.690004  0.420745  0.761001  0.414560  0.079693  0.338411  0.251541  0.335537  0.338313  0.340005  0.783502  0.537490  0.050120  0.180389  0.328135  0.054011  0.793268  0.000000  0.267206  0.718304  0.361021  0.318957  0.213595  0.428067  0.576047  0.507351  0.835770  0.134060  0.309446  0.658899  0.281283  0.452571  0.621110  0.322124  0.552710 
13  0.789866  0.568217  0.667576  0.766256  0.802611  0.319280  0.100209  0.799921  0.753638  0.168709  0.460768  0.763100  0.691526 0.0  0.847319  0.579676  0.182539  0.352819  0.295502  0.482909  0.783889  0.391852  0.461619  0.687804  0.517095  0.382454  0.258876  0.215791  0.648074  0.580431  0.502489  0.858879  0.714611  0.746458  0.354538  0.389184  0.070863  0.888661  0.902310  0.765520  0.528834  0.724068  0.708973  0.548146  0.715152  0.526580  0.883682  0.464186  0.813753  0.651228  0.570229  0.809179  0.716402  0.191406  0.261961  0.547975  0.379782  0.507248  0.747558  0.886249  0.672587  0.634478  0.404756  0.570646  0.430950  0.323337  0.764464  0.642933  0.679514  0.759097  0.135555  0.823018  0.647830  0.171557  0.792748  0.605989  0.797018  0.459356  0.244273  0.372765  0.241298  0.849876  0.635139  0.180930  0.580944  0.336355  0.259079  0.494455  0.572899 
14  0.709264  0.776779  0.639950  0.635292  0.780706  0.909590  0.750795  0.816979  0.673522  0.783772  0.482631  0.585796  0.501999  0.847319 0.0  0.290926  0.616883  0.770510  0.874853  0.548474  0.955867  0.583841  0.817034  0.908982  0.784547  0.571522  0.689813  0.704107  0.748383  0.560905  0.672884  0.513256  0.486172  0.581540  0.621869  0.587764  0.655228  0.593131  0.812671  0.842552  0.721163  0.636701  0.634569  0.381274  0.381063  0.776653  0.486385  0.657905  0.646464  0.388689  0.708525  0.388080  0.647470  0.619292  0.741580  0.792420  0.964181  0.709252  0.585853  0.744452  0.843784  0.698130  0.690556  0.809652  0.880359  0.711127  0.577152  0.689299  0.581564  0.577615  0.780897  0.503644  0.672417  0.805259  0.915738  0.626230  0.539943  0.394867  0.628396  0.546957  0.683484  0.599126  0.686665  0.765976  0.469507  0.652427  0.617462  0.775904  0.465786 
15  0.569761  0.559084  0.516722  0.287015  0.457726  0.582866  0.633626  0.594381  0.250202  0.578517  0.493984  0.198481  0.474344  0.579676  0.290926 0.0  0.658979  0.576966  0.507863  0.257579  0.476415  0.225627  0.476663  0.546679  0.556615  0.196354  0.651244  0.611679  0.518762  0.600295  0.520480  0.586182  0.403694  0.335549  0.223921  0.213742  0.592706  0.379848  0.535060  0.639595  0.673557  0.639523  0.299004  0.586192  0.507127  0.495730  0.420921  0.432375  0.226677  0.241728  0.486416  0.598891  0.493590  0.498084  0.384736  0.659842  0.437696  0.159821  0.309212  0.586729  0.581077  0.444363  0.382697  0.636394  0.499704  0.304337  0.268310  0.626345  0.586736  0.258673  0.616750  0.369512  0.385332  0.465442  0.571185  0.424835  0.201922  0.341526  0.527962  0.226908  0.668972  0.309852  0.543465  0.462627  0.258538  0.171186  0.565012  0.560952  0.519874 
16  0.776184  0.344997  0.589098  0.722762  0.698661  0.310914  0.041653  0.775866  0.783639  0.210430  0.528257  0.696210  0.746651  0.182539  0.616883  0.658979 0.0  0.272640  0.330274  0.257287  0.864107  0.304765  0.174386  0.664302  0.598522  0.247164  0.372450  0.261077  0.527089  0.657338  0.455285  0.749361  0.690065  0.685863  0.201466  0.232486  0.186504  0.694087  0.722018  0.828046  0.407442  0.770115  0.669325  0.586426  0.694257  0.419044  0.715935  0.463548  0.651940  0.542178  0.659622  0.773432  0.840107  0.196364  0.348432  0.449792  0.307635  0.390693  0.731917  0.667516  0.825342  0.610694  0.394658  0.512842  0.354511  0.376459  0.736177  0.597967  0.675775  0.765991  0.031087  0.620708  0.700127  0.243802  0.711883  0.658984  0.678252  0.356876  0.367976  0.453479  0.146142  0.685091  0.590698  0.226833  0.593505  0.315756  0.273663  0.403418  0.499886 
17  0.537849  0.774719  0.673137  0.919948  0.601526  0.148457  0.280075  0.435306  0.938493  0.338230  0.396594  0.740463  0.619626  0.352819  0.770510  0.576966  0.272640 0.0  0.138020  0.467036  0.642257  0.461704  0.131974  0.658098  0.799678  0.444735  0.612481  0.392828  0.597094  0.634152  0.774027  0.533834  0.811927  0.861209  0.401906  0.442781  0.352470  1.000000  0.578896  0.523580  0.736891  0.490416  0.878784  0.828463  0.517181  0.743480  0.734391  0.654195  0.882634  0.755893  0.639994  0.606852  0.409548  0.297636  0.161753  0.832559  0.201415  0.410870  0.891539  0.417201  0.640797  0.626977  0.417326  0.872205  0.208014  0.390856  0.821059  0.645779  0.792306  0.834259  0.449211  0.819841  0.644074  0.478416  0.507340  0.702683  0.866516  0.391140  0.286954  0.416844  0.378730  0.785652  0.758819  0.302294  0.680908  0.411629  0.659095  0.840270  0.513823 
18  0.663397  0.660729  0.595271  0.840675  0.558865  0.261463  0.424586  0.428991  0.819798  0.389769  0.392519  0.743271  0.720728  0.295502  0.874853  0.507863  0.330274  0.138020 0.0  0.419389  0.631895  0.516979  0.182788  0.596587  0.738324  0.319324  0.620882  0.259459  0.641544  0.554363  0.716750  0.578821  0.692388  0.872449  0.474061  0.421482  0.336601  0.887643  0.570894  0.602870  0.877426  0.412742  0.824995  0.894380  0.400489  0.760085  0.655796  0.768123  0.856090  0.657357  0.646260  0.581158  0.409068  0.336902  0.193044  0.744886  0.132002  0.414493  0.965910  0.456437  0.707577  0.566357  0.477765  0.847651  0.144004  0.439452  0.823110  0.719538  0.775076  0.853280  0.417421  0.877862  0.703816  0.217934  0.561451  0.621993  0.906723  0.296472  0.125743  0.522759  0.288435  0.817978  0.734389  0.325835  0.684939  0.390478  0.542807  0.775439  0.357825 
19  0.765779  0.683014  0.695892  0.691411  0.871548  0.468341  0.313491  0.781889  0.516409  0.357567  0.501901  0.554944  0.484698  0.482909  0.548474  0.257579  0.257287  0.467036  0.419389 0.0  0.781324  0.205987  0.503930  0.911237  0.718505  0.099817  0.614484  0.344693  0.745456  0.646101  0.708945  0.817764  0.533150  0.620529  0.139966  0.190588  0.411257  0.613450  0.849767  0.801392  0.752743  0.757994  0.575120  0.869486  0.697822  0.785366  0.465874  0.758323  0.607159  0.417661  0.670885  0.849850  0.751920  0.358071  0.314081  0.733806  0.445535  0.200822  0.622189  0.780555  0.857938  0.587505  0.192339  0.885957  0.514049  0.314246  0.497445  0.575989  0.709293  0.572085  0.395022  0.528242  0.752360  0.353473  0.814146  0.734055  0.525849  0.033928  0.285278  0.198384  0.303580  0.725308  0.813281  0.235585  0.478395  0.157134  0.654694  0.771403  0.446117 
20  0.163451  0.206127  0.287053  0.509563  0.227474  0.604318  0.827538  0.074402  0.497276  0.800002  0.500647  0.402166  0.384309  0.783889  0.955867  0.476415  0.864107  0.642257  0.631895  0.781324 0.0  0.867219  0.652252  0.213490  0.290112  0.905453  0.583411  0.719056  0.364669  0.308232  0.404867  0.700602  0.344855  0.501731  0.859766  0.929727  0.741016  0.405743  0.164688  0.148911  0.475482  0.076103  0.425741  0.807748  0.435261  0.305713  0.270672  0.290139  0.608131  0.567285  0.228321  0.589030  0.086300  0.650106  0.727103  0.440416  0.629254  0.869566  0.422881  0.000000  0.188632  0.255500  0.911378  0.354091  0.629587  0.831093  0.400907  0.259490  0.315034  0.398283  0.787245  0.453913  0.214164  0.701548  0.125270  0.260663  0.539918  0.720264  0.671466  0.910966  0.695245  0.315712  0.342574  0.701589  0.696356  0.893306  0.599951  0.465327  0.429672 
21  0.826674  0.752702  0.611426  0.659975  0.829263  0.421670  0.306141  0.692033  0.490266  0.395871  0.465701  0.676168  0.399447  0.391852  0.583841  0.225627  0.304765  0.461704  0.516979  0.205987  0.867219 0.0  0.529710  0.907064  0.870853  0.236178  0.695039  0.281594  0.686738  0.715894  0.753664  0.882241  0.462759  0.438369  0.216713  0.231474  0.345041  0.586400  0.847980  0.891710  0.894429  0.685497  0.551477  0.740536  0.586766  0.744365  0.504223  0.680697  0.651260  0.457347  0.582090  0.917850  0.706017  0.350994  0.303740  0.757973  0.391113  0.209448  0.628238  0.679783  0.849130  0.591720  0.187127  0.682644  0.322395  0.239522  0.517111  0.699386  0.678333  0.527353  0.453522  0.594400  0.732168  0.317980  0.870423  0.733871  0.540388  0.073166  0.139593  0.242665  0.326640  0.509328  0.755849  0.255075  0.462201  0.277211  0.581267  0.857977  0.460765 
22  0.472841  0.778899  0.586586  0.917897  0.562378  0.167035  0.226646  0.409900  0.820688  0.341288  0.402311  0.814496  0.726438  0.461619  0.817034  0.476663  0.174386  0.131974  0.182788  0.503930  0.652252  0.529710 0.0  0.632617  0.747011  0.443642  0.586583  0.344233  0.631921  0.707506  0.720782  0.542660  0.743996  0.914217  0.417087  0.482444  0.269239  0.862221  0.684244  0.576740  0.735497  0.483533  0.782547  0.735113  0.488060  0.724352  0.709245  0.787686  0.953827  0.797914  0.672821  0.500804  0.403618  0.407670  0.237483  0.800837  0.231495  0.521771  0.843603  0.421381  0.590917  0.664937  0.504985  0.756699  0.099259  0.479217  0.903930  0.739895  0.757541  0.812239  0.472045  0.950067  0.646089  0.387377  0.546271  0.678005  0.860714  0.304304  0.179243  0.436916  0.295404  0.982985  0.779242  0.254593  0.719070  0.444389  0.596564  0.856770  0.470848 
23  0.088011  0.353531  0.311605  0.474205  0.164805  0.645165  0.660957  0.072290  0.438143  0.749636  0.499926  0.524690  0.307708  0.687804  0.908982  0.546679  0.664302  0.658098  0.596587  0.911237  0.213490  0.907064  0.632617 0.0  0.372930  0.896935  0.562876  0.655602  0.189724  0.217664  0.373694  0.591046  0.366783  0.398722  0.832298  0.902824  0.766854  0.402676  0.237352  0.212952  0.378660  0.043929  0.535234  0.707556  0.567054  0.236703  0.288855  0.267389  0.508676  0.589356  0.363479  0.484106  0.000000  0.755126  0.562845  0.311699  0.712547  0.834878  0.483940  0.089725  0.160466  0.305493  0.882059  0.394151  0.535083  0.779073  0.441096  0.203800  0.315619  0.417305  0.760823  0.416973  0.301100  0.610779  0.183325  0.284973  0.498608  0.726957  0.653115  0.879829  0.684586  0.538142  0.343578  0.586216  0.604430  0.861102  0.653548  0.339728  0.473029 
24  0.323213  0.092502  0.267990  0.312717  0.309643  0.882036  0.506057  0.398038  0.447702  0.531058  0.444346  0.334310  0.472628  0.517095  0.784547  0.556615  0.598522  0.799678  0.738324  0.718505  0.290112  0.870853  0.747011  0.372930 0.0  0.831882  0.323507  0.518670  0.375470  0.302020  0.108564  0.703392  0.442300  0.541108  0.758770  0.766208  0.559969  0.369055  0.386234  0.304481  0.184793  0.445914  0.292168  0.566333  0.840671  0.160816  0.314262  0.125686  0.390221  0.623549  0.241342  0.799939  0.419004  0.487911  0.689932  0.169341  0.931788  0.732881  0.433624  0.365888  0.393757  0.260095  0.755929  0.117895  0.715653  0.745228  0.405604  0.319233  0.134203  0.445263  0.522884  0.385738  0.248655  0.501038  0.335581  0.251064  0.379497  0.763500  0.665677  0.805369  0.544209  0.373552  0.130931  0.639833  0.485351  0.797854  0.299800  0.199003  0.354820 
25  0.754907  0.689176  0.690710  0.547332  0.819454  0.445290  0.301687  0.705619  0.599909  0.430118  0.481831  0.509016  0.466789  0.382454  0.571522  0.196354  0.247164  0.444735  0.319324  0.099817  0.905453  0.236178  0.443642  0.896935  0.831882 0.0  0.636721  0.290010  0.605276  0.650878  0.725980  0.898162  0.471320  0.660919  0.165353  0.134732  0.420267  0.567165  0.837507  0.700532  0.762734  0.667056  0.594396  0.788181  0.692593  0.656288  0.457164  0.867943  0.595916  0.386642  0.793032  0.821471  0.718559  0.323763  0.181785  0.860016  0.451042  0.215447  0.617756  0.700649  0.851964  0.624139  0.195083  0.810880  0.487684  0.180854  0.578668  0.661482  0.771463  0.547956  0.317545  0.626751  0.721922  0.384867  0.846737  0.685836  0.619074  0.046681  0.226131  0.231480  0.396204  0.677570  0.710729  0.256385  0.472525  0.242307  0.523997  0.830810  0.426462 
26  0.794269  0.429584  0.420013  0.637280  0.554985  0.557400  0.305626  0.561086  0.482122  0.419302  0.487200  0.683221  0.620713  0.258876  0.689813  0.651244  0.372450  0.612481  0.620882  0.614484  0.583411  0.695039  0.586583  0.562876  0.323507  0.636721 0.0  0.334448  0.423250  0.482847  0.330389  0.633507  0.655661  0.590628  0.650828  0.560658  0.312265  0.584191  0.588949  0.545895  0.395394  0.522626  0.688210  0.269143  0.595882  0.308545  0.602891  0.228204  0.615460  0.678994  0.478701  0.605248  0.619346  0.315770  0.451864  0.284318  0.638898  0.501051  0.519438  0.642601  0.488130  0.437817  0.636807  0.283070  0.564923  0.547543  0.576178  0.537205  0.373030  0.591937  0.505347  0.670943  0.480809  0.271949  0.542559  0.510949  0.636499  0.598622  0.433028  0.547957  0.339964  0.469035  0.358075  0.388386  0.553098  0.629083  0.268539  0.280493  0.483788 
27  0.875476  0.440163  0.585596  0.683447  0.623723  0.311346  0.085206  0.715617  0.732607  0.054986  0.492726  0.731726  0.566262  0.215791  0.704107  0.611679  0.261077  0.392828  0.259459  0.344693  0.719056  0.281594  0.344233  0.655602  0.518670  0.290010  0.334448 0.0  0.604302  0.599709  0.472145  0.762606  0.730908  0.736309  0.271924  0.318893  0.207764  0.645325  0.737751  0.813289  0.348986  0.727161  0.741568  0.510725  0.708373  0.535574  0.640725  0.622080  0.631951  0.528296  0.735228  0.700875  0.994766  0.260701  0.259415  0.592870  0.362301  0.272295  0.701123  0.670619  0.737924  0.668714  0.342662  0.530258  0.307968  0.315865  0.757282  0.716793  0.485604  0.804662  0.125977  0.824006  0.727728  0.197823  0.669880  0.704668  0.860975  0.378088  0.267236  0.377066  0.019599  0.787480  0.599921  0.258940  0.461097  0.294974  0.363027  0.419504  0.466986 
28  0.171244  0.349972  0.179380  0.306668  0.259299  0.658232  0.581240  0.189894  0.271695  0.575264  0.448669  0.195504  0.267491  0.648074  0.748383  0.518762  0.527089  0.597094  0.641544  0.745456  0.364669  0.686738  0.631921  0.189724  0.375470  0.605276  0.423250  0.604302 0.0  0.172316  0.205241  0.630352  0.243499  0.359938  0.642838  0.679005  0.612868  0.218211  0.262573  0.256905  0.342209  0.295097  0.285360  0.735802  0.557417  0.137111  0.248855  0.162634  0.237726  0.509807  0.213562  0.684060  0.282752  0.602917  0.602965  0.295574  0.645400  0.631337  0.271689  0.214040  0.236607  0.273016  0.623615  0.180612  0.640649  0.579001  0.167667  0.260048  0.242415  0.264001  0.769621  0.233626  0.324406  0.647470  0.320573  0.190056  0.252048  0.600918  0.719408  0.603085  0.736897  0.292140  0.282286  0.703024  0.557494  0.631215  0.520048  0.249856  0.563590 
29  0.227105  0.237296  0.343417  0.210475  0.282900  0.624936  0.598029  0.391719  0.180135  0.659082  0.434118  0.292221  0.313578  0.580431  0.560905  0.600295  0.657338  0.634152  0.554363  0.646101  0.308232  0.715894  0.707506  0.217664  0.302020  0.650878  0.482847  0.599709  0.172316 0.0  0.225131  0.707955  0.298852  0.185872  0.676078  0.695096  0.706322  0.224061  0.277979  0.233854  0.197789  0.276843  0.338232  0.610670  0.664758  0.213208  0.277858  0.168413  0.238563  0.389007  0.278380  0.729510  0.193419  0.587298  0.698756  0.296824  0.669383  0.667701  0.304318  0.339908  0.354394  0.334060  0.645306  0.228350  0.592733  0.631126  0.236904  0.167074  0.319521  0.296676  0.655698  0.298837  0.368713  0.675020  0.325059  0.313533  0.220236  0.696646  0.653960  0.577998  0.569265  0.261846  0.361887  0.673035  0.454408  0.653751  0.385123  0.302310  0.505622 
30  0.399524  0.164004  0.305260  0.306757  0.270559  0.720016  0.638117  0.426702  0.416174  0.518958  0.489624  0.308924  0.306783  0.502489  0.672884  0.520480  0.455285  0.774027  0.716750  0.708945  0.404867  0.753664  0.720782  0.373694  0.108564  0.725980  0.330389  0.472145  0.205241  0.225131 0.0  0.786798  0.341816  0.383135  0.750213  0.709242  0.487363  0.313375  0.273945  0.462232  0.128648  0.371298  0.297054  0.532460  0.882660  0.279612  0.391953  0.180559  0.360954  0.506852  0.275263  0.719887  0.293567  0.507677  0.661495  0.155838  0.749406  0.662956  0.216669  0.299998  0.358886  0.220369  0.773817  0.141844  0.745172  0.778598  0.309839  0.296551  0.000000  0.345821  0.584626  0.227604  0.304578  0.485067  0.254868  0.228637  0.332213  0.707737  0.678060  0.703396  0.529145  0.286995  0.080912  0.642933  0.566909  0.749913  0.417900  0.055066  0.422426 
31  0.417249  0.793168  0.709570  0.880486  0.571341  0.605505  0.751143  0.574859  0.884747  0.671845  0.396645  0.888140  0.735768  0.858879  0.513256  0.586182  0.749361  0.533834  0.578821  0.817764  0.700602  0.882241  0.542660  0.591046  0.703392  0.898162  0.633507  0.762606  0.630352  0.707955  0.786798 0.0  0.760325  0.856088  0.929646  0.833251  0.728025  0.862179  0.625401  0.524517  0.773534  0.451481  0.959912  0.381610  0.049939  0.682913  0.687164  0.623972  0.840893  0.596509  0.747178  0.184511  0.540017  0.812631  0.652989  0.788345  0.561825  0.860113  0.915596  0.420471  0.680833  0.686595  0.865772  0.810704  0.618858  0.836355  0.843067  0.656537  0.709011  0.862571  0.780174  0.919425  0.626949  0.738584  0.610512  0.619486  0.821959  0.732023  0.693729  0.875529  0.729693  0.839615  0.673364  0.635154  0.782534  0.846560  0.607203  0.731787  0.413235 
32  0.275253  0.398484  0.342187  0.109195  0.254706  0.717385  0.636111  0.314102  0.058908  0.844024  0.420634  0.000000  0.170013  0.714611  0.486172  0.403694  0.690065  0.811927  0.692388  0.533150  0.344855  0.462759  0.743996  0.366783  0.442300  0.471320  0.655661  0.730908  0.243499  0.298852  0.341816  0.760325 0.0  0.045456  0.464770  0.420419  0.710070  0.064007  0.379005  0.333950  0.470617  0.295147  0.092315  0.817878  0.741480  0.284813  0.139239  0.379083  0.000000  0.377248  0.410458  0.726332  0.306212  0.732328  0.626502  0.443961  0.722570  0.493611  0.045774  0.335317  0.348601  0.191769  0.496781  0.376348  0.584031  0.325569  0.047043  0.304276  0.239289  0.110245  0.761384  0.039125  0.296799  0.746825  0.285630  0.303777  0.079372  0.458533  0.794799  0.525760  0.792961  0.082513  0.299538  0.656527  0.271372  0.345989  0.702886  0.403886  0.450371 
33  0.452003  0.334500  0.252086  0.174222  0.440936  0.823775  0.817886  0.305844  0.248481  0.851640  0.507562  0.335138  0.138567  0.746458  0.581540  0.335549  0.685863  0.861209  0.872449  0.620529  0.501731  0.438369  0.914217  0.398722  0.541108  0.660919  0.590628  0.736309  0.359938  0.185872  0.383135  0.856088  0.045456 0.0  0.572291  0.602016  0.709239  0.114386  0.483495  0.403394  0.184788  0.405299  0.163180  0.730697  0.804736  0.290548  0.110907  0.251689  0.207481  0.404209  0.246109  0.836703  0.378442  0.723046  0.747784  0.411266  0.903071  0.606390  0.128495  0.366055  0.381300  0.136065  0.721705  0.380739  0.845753  0.495420  0.269414  0.201757  0.266036  0.138263  0.795269  0.263641  0.263317  0.626598  0.491964  0.321739  0.214418  0.476797  0.615235  0.663634  0.807777  0.170648  0.304354  0.761251  0.424332  0.594706  0.569444  0.428793  0.407476 
34  0.794635  0.716341  0.621564  0.597001  0.940887  0.493259  0.343679  0.726318  0.653844  0.502868  0.545441  0.733386  0.396107  0.354538  0.621869  0.223921  0.201466  0.401906  0.474061  0.139966  0.859766  0.216713  0.417087  0.832298  0.758770  0.165353  0.650828  0.271924  0.642838  0.676078  0.750213  0.929646  0.464770  0.572291 0.0  0.149650  0.306880  0.530419  0.871936  0.806300  0.604143  0.660588  0.590201  0.831824  0.728074  0.754421  0.445014  0.663570  0.672584  0.237438  0.673252  0.844215  0.710409  0.298508  0.209006  0.733381  0.430587  0.144242  0.534999  0.672228  0.858065  0.703872  0.213135  0.833416  0.435631  0.218440  0.623047  0.602465  0.717260  0.678164  0.350404  0.685391  0.620095  0.303448  0.960628  0.764092  0.507693  0.064656  0.275675  0.289484  0.227709  0.600024  0.698943  0.281452  0.372021  0.231750  0.599348  0.754398  0.564101 
35  0.827680  0.746965  0.573138  0.510239  0.948348  0.502582  0.278912  0.797739  0.604144  0.452776  0.513727  0.562405  0.442545  0.389184  0.587764  0.213742  0.232486  0.442781  0.421482  0.190588  0.929727  0.231474  0.482444  0.902824  0.766208  0.134732  0.560658  0.318893  0.679005  0.695096  0.709242  0.833251  0.420419  0.602016  0.149650 0.0  0.309723  0.519555  0.822469  0.829993  0.809082  0.746300  0.646162  0.792715  0.829470  0.703579  0.462081  0.613843  0.499193  0.341425  0.679186  0.955598  0.683535  0.243305  0.200746  0.696898  0.404585  0.227522  0.561375  0.745484  0.826532  0.682250  0.194124  0.924478  0.334287  0.291351  0.555301  0.665856  0.601092  0.695937  0.392621  0.484284  0.592470  0.293346  0.864819  0.722258  0.548121  0.050242  0.326587  0.070130  0.345171  0.621126  0.817417  0.311543  0.417312  0.257358  0.557247  0.813539  0.459444 
36  0.723082  0.446444  0.684630  0.715137  0.772133  0.276648  0.000000  0.643007  0.792218  0.138840  0.466607  0.774295  0.649458  0.070863  0.655228  0.592706  0.186504  0.352470  0.336601  0.411257  0.741016  0.345041  0.269239  0.766854  0.559969  0.420267  0.312265  0.207764  0.612868  0.706322  0.487363  0.728025  0.710070  0.709239  0.306880  0.309723 0.0  0.712598  0.726846  0.853079  0.485284  0.746123  0.707351  0.542178  0.748411  0.509865  0.734811  0.462516  0.628710  0.516190  0.605316  0.714705  0.868133  0.260878  0.259359  0.458144  0.484378  0.350806  0.635231  0.848614  0.723009  0.543909  0.348260  0.448112  0.353726  0.299054  0.844230  0.625743  0.590356  0.744826  0.216604  0.716902  0.652841  0.139419  0.829360  0.683547  0.777725  0.365314  0.374873  0.292282  0.000000  0.673611  0.547623  0.285044  0.451716  0.386120  0.335941  0.657441  0.429212 
37  0.367029  0.399607  0.286531  0.245703  0.484926  0.968770  0.779314  0.313825  0.139273  0.787019  0.471442  0.244907  0.093183  0.888661  0.593131  0.379848  0.694087  1.000000  0.887643  0.613450  0.405743  0.586400  0.862221  0.402676  0.369055  0.567165  0.584191  0.645325  0.218211  0.224061  0.313375  0.862179  0.064007  0.114386  0.530419  0.519555  0.712598 0.0  0.519166  0.438012  0.343766  0.215047  0.110255  0.839944  0.778732  0.312879  0.000000  0.304728  0.205734  0.510158  0.224955  0.776607  0.334695  0.757347  0.766879  0.450263  0.842942  0.568750  0.211416  0.241546  0.631700  0.320060  0.617782  0.397671  0.853021  0.561885  0.201380  0.291043  0.386657  0.154097  0.807343  0.182531  0.353509  0.712241  0.467076  0.304118  0.167005  0.432181  0.717914  0.533776  0.555974  0.187488  0.299385  0.755012  0.426581  0.598144  0.634108  0.433774  0.532834 
38  0.125250  0.345674  0.157405  0.429684  0.108622  0.696856  0.725664  0.050928  0.530005  0.866177  0.456807  0.521190  0.211270  0.902310  0.812671  0.535060  0.722018  0.578896  0.570894  0.849767  0.164688  0.847980  0.684244  0.237352  0.386234  0.837507  0.588949  0.737751  0.262573  0.277979  0.273945  0.625401  0.379005  0.483495  0.871936  0.822469  0.726846  0.519166 0.0  0.078770  0.372982  0.000000  0.512818  0.788374  0.474218  0.470003  0.295085  0.265910  0.498937  0.699146  0.260265  0.584188  0.008561  0.730851  0.555223  0.473620  0.469892  0.968330  0.522307  0.082770  0.199340  0.253418  0.885133  0.408867  0.648274  0.925292  0.423893  0.192379  0.316621  0.450146  0.594727  0.434903  0.305581  0.797743  0.285986  0.323787  0.494897  0.751688  0.801737  0.915257  0.753433  0.343230  0.396079  0.713701  0.628820  0.843991  0.608729  0.512142  0.430528 
39  0.175822  0.344549  0.261794  0.364158  0.208976  0.607162  0.751320  0.151959  0.361400  0.840168  0.443878  0.321912  0.413463  0.765520  0.842552  0.639595  0.828046  0.523580  0.602870  0.801392  0.148911  0.891710  0.576740  0.212952  0.304481  0.700532  0.545895  0.813289  0.256905  0.233854  0.462232  0.524517  0.333950  0.403394  0.806300  0.829993  0.853079  0.438012  0.078770 0.0  0.410893  0.214689  0.448050  0.734664  0.439533  0.308325  0.370892  0.379040  0.463656  0.614523  0.292388  0.505850  0.195099  0.825634  0.639699  0.382884  0.363940  0.804036  0.398957  0.152282  0.025786  0.357018  0.794039  0.306441  0.573363  0.915654  0.427712  0.266155  0.503889  0.459323  0.834204  0.464567  0.244893  0.835598  0.117608  0.122963  0.360450  0.785477  0.666579  0.829548  0.693971  0.478692  0.367744  0.667806  0.535152  0.775113  0.574087  0.409323  0.546586 
40  0.367255  0.137312  0.276578  0.291149  0.318671  0.737149  0.449394  0.374448  0.387267  0.500047  0.478797  0.240092  0.612637  0.528834  0.721163  0.673557  0.407442  0.736891  0.877426  0.752743  0.475482  0.894429  0.735497  0.378660  0.184793  0.762734  0.395394  0.348986  0.342209  0.197789  0.128648  0.773534  0.470617  0.184788  0.604143  0.809082  0.485284  0.343766  0.372982  0.410893 0.0  0.137609  0.277937  0.517514  0.728583  0.154379  0.475496  0.066154  0.272243  0.674704  0.311356  0.704390  0.357090  0.523966  0.623620  0.045825  0.803328  0.699161  0.292650  0.328403  0.336745  0.204553  0.678466  0.176006  0.751687  0.770036  0.339191  0.288521  0.106273  0.281349  0.583814  0.325894  0.283503  0.491701  0.335933  0.355706  0.254966  0.692292  0.673849  0.696862  0.532492  0.369489  0.035536  0.601060  0.648500  0.878899  0.255639  0.093894  0.467862 
41  0.068073  0.396539  0.341340  0.343122  0.055493  0.523974  0.836367  0.163414  0.302008  0.733832  0.710901  0.148476  0.340455  0.724068  0.636701  0.639523  0.770115  0.490416  0.412742  0.757994  0.076103  0.685497  0.483533  0.043929  0.445914  0.667056  0.522626  0.727161  0.295097  0.276843  0.371298  0.451481  0.295147  0.405299  0.660588  0.746300  0.746123  0.215047  0.000000  0.214689  0.137609 0.0  0.343072  0.811949  0.533550  0.437447  0.387706  0.473125  0.320226  0.499325  0.353905  0.425378  0.000000  0.726813  0.637348  0.342870  0.456160  0.705584  0.261377  0.000000  0.145507  0.301920  0.748917  0.384906  0.359052  0.744061  0.243153  0.216809  0.406381  0.421895  0.737872  0.312558  0.323007  0.654793  0.119391  0.314502  0.277256  0.744535  0.657850  0.623856  0.728311  0.369353  0.187315  0.729073  0.598187  0.664604  0.574670  0.477377  0.467858 
42  0.377256  0.384102  0.258702  0.232406  0.587056  0.854588  0.765148  0.376140  0.142075  0.783694  0.541926  0.175448  0.203654  0.708973  0.634569  0.299004  0.669325  0.878784  0.824995  0.575120  0.425741  0.551477  0.782547  0.535234  0.292168  0.594396  0.688210  0.741568  0.285360  0.338232  0.297054  0.959912  0.092315  0.163180  0.590201  0.646162  0.707351  0.110255  0.512818  0.448050  0.277937  0.343072 0.0  0.813633  0.700488  0.213819  0.000000  0.319161  0.145327  0.318523  0.321924  0.807282  0.305050  0.719654  0.613872  0.388560  0.861099  0.527872  0.207351  0.286182  0.494615  0.227089  0.622626  0.369467  0.814930  0.575945  0.242454  0.252157  0.337842  0.140984  0.830458  0.227852  0.236345  0.670843  0.472719  0.244905  0.154018  0.494426  0.686308  0.569120  0.677078  0.101734  0.375128  0.659611  0.401416  0.614932  0.555562  0.360270  0.485438 
43  0.785196  0.606963  0.583172  0.705043  0.689212  0.712943  0.585491  0.867654  0.857516  0.544643  0.366570  0.855930  0.771359  0.548146  0.381274  0.586192  0.586426  0.828463  0.894380  0.869486  0.807748  0.740536  0.735113  0.707556  0.566333  0.788181  0.269143  0.510725  0.735802  0.610670  0.532460  0.381610  0.817878  0.730697  0.831824  0.792715  0.542178  0.839944  0.788374  0.734664  0.517514  0.811949  0.813633 0.0  0.327090  0.558793  0.930151  0.495035  0.826105  0.604461  0.743854  0.410423  0.809146  0.510427  0.673188  0.516061  0.845612  0.728101  0.812753  0.719947  0.899181  0.642553  0.768688  0.594854  0.831964  0.739330  0.748893  0.601417  0.463185  0.702807  0.565951  0.799906  0.630289  0.522632  0.840129  0.671849  0.774240  0.808658  0.640007  0.817208  0.490976  0.731896  0.570101  0.611581  0.575957  0.775219  0.314186  0.556951  0.426025 
44  0.469218  0.813128  0.615908  0.776822  0.432239  0.494340  0.867363  0.572991  0.656359  0.702252  0.437135  0.749733  0.629204  0.715152  0.381063  0.507127  0.694257  0.517181  0.400489  0.697822  0.435261  0.586766  0.488060  0.567054  0.840671  0.692593  0.595882  0.708373  0.557417  0.664758  0.882660  0.049939  0.741480  0.804736  0.728074  0.829470  0.748411  0.778732  0.474218  0.439533  0.728583  0.533550  0.700488  0.327090 0.0  0.842285  0.731666  0.851262  0.692799  0.559089  0.718478  0.144193  0.492678  0.615752  0.694190  0.833842  0.434523  0.744230  0.772624  0.375111  0.453152  0.623155  0.770277  0.807724  0.554685  0.703567  0.762214  0.572223  0.707193  0.744273  0.631117  0.730010  0.620331  0.745336  0.366708  0.778821  0.653344  0.629102  0.651641  0.776770  0.695074  0.847979  0.609759  0.710025  0.554159  0.821302  0.518600  0.727421  0.469743 
