89
0 0.0  0.489239  0.337391  0.368835  0.125990  0.573420  0.763164  0.113822  0.325911  0.787699  0.402769  0.362958  0.327824  0.838830  0.860452  0.562763  0.782106  0.528121  0.651957  0.722704  0.098781  0.868205  0.554367  0.124395  0.400358  0.768237  0.551585  0.836952  0.356444  0.221393  0.421215  0.533948  0.445915  0.438288  0.882241  0.747429  0.773238  0.333071  0.189481  0.185089  0.277256  0.157344  0.393174  0.855447  0.522595  0.256644  0.334464  0.474725  0.395206  0.459423  0.329894  0.516219  0.127383  0.695674  0.641051  0.313250  0.603681  0.754292  0.380680  0.054702  0.084922  0.269884  0.766860  0.290969  0.525941  0.690125  0.286799  0.349555  0.479780  0.399344  0.844106  0.346695  0.229836  0.764476  0.156288  0.273940  0.403909  0.792189  0.658346  0.737156  0.593410  0.414192  0.379142  0.476797  0.560048  0.701421  0.535118  0.443574  0.398666 
1  0.489239 0.0  0.267322  0.374585  0.244447  0.666935  0.619722  0.409925  0.341509  0.429205  0.482707  0.363064  0.334740  0.564927  0.745174  0.419247  0.563887  0.708598  0.693627  0.767560  0.522714  0.690507  0.690706  0.393309  0.249660  0.620384  0.350427  0.467209  0.196714  0.248999  0.312803  0.683920  0.344711  0.273604  0.743252  0.744359  0.533114  0.301786  0.324954  0.348599  0.119941  0.444506  0.285289  0.496644  0.840442  0.124141  0.379149  0.211926  0.278935  0.504501  0.234611  0.727121  0.346074  0.496231  0.677777  0.114740  0.789880  0.841679  0.256310  0.346421  0.330462  0.290976  0.789341  0.084112  0.764540  0.763026  0.341356  0.289392  0.021163  0.271775  0.470220  0.336114  0.337060  0.512962  0.206519  0.332961  0.308559  0.786370  0.687221  0.814218  0.379673  0.383618  0.032242  0.697131  0.434314  0.736339  0.389778  0.188095  0.548204 
2  0.337391  0.267322 0.0  0.260758  0.362084  0.675915  0.664114  0.112010  0.261614  0.645511  0.418604  0.331848  0.234653  0.688641  0.653104  0.407640  0.630205  0.638380  0.647766  0.699784  0.299616  0.657991  0.770830  0.363763  0.195244  0.673601  0.430392  0.651824  0.300054  0.313711  0.197748  0.718812  0.265440  0.380769  0.628729  0.654959  0.635957  0.227113  0.198163  0.192021  0.214581  0.223210  0.197051  0.675800  0.526486  0.285469  0.283474  0.368000  0.223276  0.443322  0.286275  0.793364  0.240809  0.691429  0.744506  0.215202  0.711593  0.635542  0.161856  0.233120  0.216017  0.410775  0.610448  0.202083  0.532043  0.686488  0.194887  0.290082  0.192124  0.256958  0.643722  0.267126  0.368277  0.565268  0.196208  0.303826  0.287919  0.706686  0.733173  0.738315  0.603003  0.177867  0.259235  0.630054  0.421574  0.622534  0.445924  0.272362  0.418287 
3  0.368835  0.374585  0.260758 0.0  0.465216  0.868478  0.766832  0.267299  0.243278  0.798486  0.474080  0.188703  0.147968  0.706494  0.591853  0.163311  0.691085  0.800316  0.780410  0.676487  0.504043  0.548359  0.855666  0.561020  0.309016  0.603789  0.607361  0.671919  0.248731  0.214091  0.226483  0.856298  0.069125  0.146275  0.577479  0.611172  0.701314  0.230884  0.502539  0.408221  0.339313  0.385859  0.151755  0.699903  0.655821  0.395663  0.104446  0.390753  0.260980  0.403549  0.344810  0.751992  0.276962  0.645789  0.716887  0.365509  0.844370  0.665530  0.142928  0.265014  0.427261  0.227463  0.592536  0.399581  0.744703  0.543540  0.237655  0.184953  0.316366  0.249746  0.761194  0.203118  0.206625  0.738539  0.366150  0.327773  0.242100  0.417174  0.710719  0.657417  0.737825  0.144151  0.326034  0.669158  0.532977  0.632293  0.710099  0.447316  0.386306 
4  0.125990  0.244447  0.362084  0.465216 0.0  0.727114  0.625276  0.136186  0.458092  0.676337  0.407257  0.408526  0.410216  0.826599  0.741220  0.526310  0.774358  0.635010  0.556282  0.881785  0.295737  0.934563  0.577976  0.196098  0.412392  0.825434  0.590199  0.641884  0.283988  0.229504  0.320532  0.626608  0.389075  0.300123  0.782138  0.803660  0.720996  0.412787  0.035205  0.136460  0.309737  0.126720  0.488020  0.810040  0.552382  0.353311  0.293195  0.385607  0.475762  0.629146  0.211679  0.603035  0.150139  0.709586  0.670144  0.414433  0.590295  0.864375  0.400438  0.044481  0.209561  0.327433  0.764676  0.359740  0.674927  0.861931  0.479458  0.266058  0.337566  0.435898  0.722298  0.359209  0.260468  0.775136  0.199874  0.213206  0.448209  0.722363  0.621206  0.817509  0.812363  0.438665  0.234143  0.603722  0.579944  0.874899  0.619079  0.430959  0.499732 
5  0.573420  0.666935  0.675915  0.868478  0.727114 0.0  0.291839  0.463740  0.748190  0.437616  0.446935  0.820553  0.713094  0.420972  0.845665  0.385705  0.354467  0.109840  0.258680  0.475969  0.493514  0.483627  0.212677  0.687253  0.723342  0.423996  0.566852  0.427544  0.651575  0.732041  0.706072  0.596368  0.734617  0.830304  0.443597  0.416760  0.414235  0.781957  0.556547  0.423844  0.663446  0.522431  0.824431  0.817857  0.417479  0.651589  0.700723  0.629249  0.861239  0.625573  0.715656  0.458045  0.466610  0.328600  0.341497  0.867448  0.254638  0.484721  0.821985  0.384810  0.547126  0.653969  0.350871  0.750106  0.219099  0.465584  0.857807  0.732912  0.742385  0.845514  0.381476  0.959307  0.666667  0.288161  0.631887  0.590418  0.720711  0.342095  0.196702  0.457178  0.336812  0.851749  0.791557  0.315925  0.648135  0.490934  0.620914  0.770142  0.514911 
6  0.763164  0.619722  0.664114  0.766832  0.625276  0.291839 0.0  0.824362  0.727806  0.065701  0.456164  0.685347  0.775667  0.109848  0.692214  0.591543  0.160536  0.420712  0.333575  0.358633  0.622213  0.271210  0.321043  0.692101  0.469576  0.229901  0.345594  0.000000  0.696487  0.606511  0.567501  0.794650  0.776525  0.709433  0.302652  0.278319  0.023921  0.711592  0.763360  0.804762  0.526199  0.906310  0.727109  0.445428  0.769949  0.540998  0.833958  0.508963  0.645566  0.552474  0.581258  0.780089  0.693307  0.102351  0.327716  0.572302  0.406531  0.260388  0.776089  0.665280  0.691460  0.599780  0.242272  0.599962  0.295317  0.347092  0.676234  0.679835  0.491363  0.729175  0.088888  0.774668  0.672573  0.172578  0.751758  0.625765  0.778866  0.338264  0.386594  0.338124  0.000000  0.669378  0.526135  0.253416  0.560356  0.332917  0.194108  0.543729  0.496258 
7  0.113822  0.409925  0.112010  0.267299  0.136186  0.463740  0.824362 0.0  0.297149  0.795648  0.401322  0.410713  0.324481  0.718689  0.802758  0.516821  0.707659  0.390635  0.519898  0.765048  0.059676  0.711811  0.533084  0.106162  0.393391  0.649472  0.550028  0.654923  0.361527  0.277005  0.456298  0.435306  0.178273  0.313435  0.798495  0.793081  0.728210  0.315356  0.063317  0.151522  0.276832  0.309644  0.274965  0.746018  0.545213  0.477245  0.399928  0.465600  0.329316  0.525663  0.274252  0.430503  0.055729  0.662225  0.723782  0.484868  0.467169  0.705725  0.196605  0.045465  0.000000  0.264609  0.766750  0.466546  0.419508  0.735628  0.325540  0.292410  0.351043  0.271224  0.738491  0.404558  0.349704  0.646249  0.000000  0.319546  0.298048  0.720867  0.551660  0.787985  0.786590  0.315193  0.298156  0.644561  0.623457  0.816921  0.509058  0.354811  0.464923 
8  0.325911  0.341509  0.261614  0.243278  0.458092  0.748190  0.727806  0.297149 0.0  0.794517  0.459066  0.114706  0.093168  0.833377  0.558831  0.309008  0.735683  0.790886  0.759438  0.658064  0.404456  0.609253  0.908500  0.514571  0.505208  0.575333  0.564801  0.772278  0.248633  0.273256  0.323628  0.873660  0.095991  0.142047  0.617188  0.514684  0.765227  0.187360  0.438401  0.366143  0.299019  0.379366  0.161905  0.838790  0.752831  0.314192  0.096363  0.357598  0.232169  0.358571  0.315657  0.830693  0.369933  0.672310  0.668748  0.417893  0.791113  0.542250  0.075536  0.280521  0.380198  0.166660  0.588521  0.411859  0.831262  0.647103  0.227612  0.181697  0.401856  0.254054  0.811342  0.207489  0.255024  0.781482  0.376706  0.290080  0.216457  0.422022  0.770161  0.554760  0.713380  0.102870  0.283708  0.680133  0.453571  0.542850  0.652090  0.415448  0.395601 
9  0.787699  0.429205  0.645511  0.798486  0.676337  0.437616  0.065701  0.795648  0.794517 0.0  0.483956  0.747868  0.870087  0.110234  0.760136  0.655199  0.190448  0.411939  0.348845  0.465533  0.728372  0.409177  0.412000  0.748618  0.454028  0.500382  0.362041  0.055474  0.775404  0.662802  0.513422  0.860887  0.816853  0.872715  0.369817  0.365489  0.080641  0.794235  0.788384  0.874274  0.627819  0.756439  0.844009  0.654730  0.817811  0.617802  0.870583  0.477579  0.858408  0.674453  0.572274  0.747348  0.891291  0.160023  0.198033  0.516229  0.321766  0.245673  0.805923  0.812342  0.820223  0.549817  0.447855  0.659820  0.350800  0.370520  0.824422  0.637430  0.427671  0.816140  0.249506  0.922429  0.640078  0.120468  0.789052  0.742617  0.776504  0.355589  0.249957  0.455269  0.125466  0.740378  0.598767  0.197852  0.558985  0.349647  0.446026  0.510014  0.441046 
10  0.402769  0.482707  0.418604  0.474080  0.407257  0.446935  0.456164  0.401322  0.459066  0.483956 0.0  0.517498  0.455547  0.537294  0.425750  0.430127  0.409671  0.606758  0.464268  0.458518  0.499862  0.367956  0.373608  0.461835  0.513896  0.593923  0.452022  0.452867  0.483891  0.526084  0.319050  0.467800  0.428520  0.406517  0.435932  0.407812  0.484793  0.560977  0.418378  0.445876  0.324385  0.513054  0.553008  0.457193  0.466117  0.489371  0.415346  0.383812  0.412783  0.425801  0.474848  0.519185  0.557507  0.423070  0.486033  0.508591  0.489122  0.445949  0.430839  0.428809  0.456819  0.386055  0.444648  0.489052  0.394125  0.427080  0.392329  0.403390  0.594574  0.445162  0.499110  0.483455  0.495569  0.467739  0.482102  0.547435  0.417754  0.455188  0.408226  0.467455  0.591610  0.528617  0.298972  0.509565  0.473579  0.445955  0.521980  0.325156  0.364167 
11  0.362958  0.363064  0.331848  0.188703  0.408526  0.820553  0.685347  0.410713  0.114706  0.747868  0.517498 0.0  0.025388  0.717277  0.588662  0.322529  0.727262  0.884657  0.810023  0.645696  0.477373  0.429613  0.937286  0.480717  0.452335  0.637651  0.594531  0.691231  0.309393  0.318555  0.307419  0.861784  0.094789  0.187052  0.483094  0.673673  0.756184  0.177614  0.505512  0.367268  0.361881  0.208257  0.117995  0.771210  0.709860  0.341762  0.092424  0.337238  0.178509  0.418458  0.195760  0.846455  0.259866  0.719981  0.652762  0.319220  0.796846  0.550285  0.133601  0.319323  0.546972  0.199468  0.604471  0.384833  0.742360  0.620369  0.262252  0.291160  0.296440  0.321126  0.865989  0.236266  0.281864  0.685727  0.445833  0.315935  0.272379  0.436363  0.598492  0.561806  0.689039  0.170378  0.314218  0.548762  0.397363  0.579150  0.562600  0.420584  0.462527 
12  0.327824  0.334740  0.234653  0.147968  0.410216  0.713094  0.775667  0.324481  0.093168  0.870087  0.455547  0.025388 0.0  0.888133  0.542804  0.454283  0.676772  0.798768  0.765218  0.466697  0.130332  0.544295  0.730131  0.357201  0.494006  0.471087  0.552012  0.738113  0.325306  0.231005  0.318073  0.736292  0.276326  0.015749  0.374481  0.496563  0.726385  0.133352  0.401570  0.351594  0.492095  0.336424  0.076296  0.896626  0.625841  0.319655  0.197079  0.267204  0.069976  0.281835  0.205837  0.766735  0.388556  0.703555  0.672898  0.395070  0.700885  0.475284  0.020160  0.408856  0.341084  0.262094  0.407805  0.432208  0.677644  0.440074  0.148666  0.349706  0.290713  0.144603  0.838658  0.047297  0.228384  0.723687  0.340809  0.264241  0.009718  0.434332  0.618795  0.413849  0.820327  0.039955  0.375445  0.679615  0.272887  0.428786  0.544779  0.431145  0.419102 
13  0.838830  0.564927  0.688641  0.706494  0.826599  0.420972  0.109848  0.718689  0.833377  0.110234  0.537294  0.717277  0.888133 0.0  0.826934  0.536034  0.181616  0.475527  0.369856  0.352246  0.714828  0.249454  0.453563  0.768324  0.518203  0.353285  0.310226  0.132347  0.635913  0.669989  0.405688  0.851064  0.869297  0.851100  0.344348  0.444450  0.080093  0.791123  0.735977  0.852925  0.516331  0.775567  0.793044  0.573489  0.906146  0.627838  0.878738  0.602598  0.830741  0.591228  0.707421  0.866349  0.741455  0.197768  0.231883  0.464610  0.422565  0.422184  0.754286  0.767282  0.846200  0.576559  0.433549  0.528060  0.366445  0.388236  0.749007  0.655203  0.523062  0.830837  0.136867  0.676126  0.746327  0.151194  0.801527  0.600951  0.897200  0.428738  0.240781  0.357304  0.203364  0.885627  0.597595  0.246239  0.690129  0.307857  0.294491  0.460884  0.416743 
14  0.860452  0.745174  0.653104  0.591853  0.741220  0.845665  0.692214  0.802758  0.558831  0.760136  0.425750  0.588662  0.542804  0.826934 0.0  0.267329  0.738006  0.907799  0.865873  0.628098  0.791737  0.668703  0.953676  0.871776  0.757401  0.561081  0.551351  0.761367  0.612512  0.650084  0.679552  0.444050  0.414472  0.683302  0.616366  0.666764  0.767690  0.618137  0.963630  0.827206  0.663863  0.579513  0.556023  0.392356  0.428513  0.846420  0.535364  0.715739  0.431734  0.389236  0.681717  0.470451  0.636583  0.737835  0.683246  0.786690  0.913397  0.676025  0.600448  0.677064  0.877691  0.634096  0.555055  0.803238  0.871126  0.625425  0.624576  0.663050  0.813744  0.621791  0.788729  0.596992  0.651236  0.723592  0.845638  0.650271  0.641722  0.401813  0.676159  0.718500  0.826215  0.534176  0.728707  0.646360  0.441287  0.702035  0.662702  0.769451  0.365551 
15  0.562763  0.419247  0.407640  0.163311  0.526310  0.385705  0.591543  0.516821  0.309008  0.655199  0.430127  0.322529  0.454283  0.536034  0.267329 0.0  0.451371  0.542140  0.458099  0.336166  0.497192  0.306316  0.511898  0.448953  0.591510  0.308296  0.574069  0.508440  0.576783  0.415005  0.444080  0.537638  0.379316  0.286999  0.224701  0.286236  0.555803  0.283420  0.662921  0.520510  0.681733  0.498523  0.230432  0.612445  0.558237  0.482064  0.333855  0.518598  0.252089  0.268252  0.471387  0.485945  0.477376  0.434878  0.454534  0.620485  0.666923  0.315355  0.237673  0.542137  0.500316  0.393697  0.211063  0.568322  0.555835  0.269062  0.280969  0.430121  0.523598  0.255757  0.506480  0.244026  0.399470  0.490627  0.552788  0.352194  0.167444  0.275718  0.455641  0.256642  0.669266  0.303610  0.500205  0.478880  0.201661  0.237400  0.573054  0.598307  0.442147 
16  0.782106  0.563887  0.630205  0.691085  0.774358  0.354467  0.160536  0.707659  0.735683  0.190448  0.409671  0.727262  0.676772  0.181616  0.738006  0.451371 0.0  0.343535  0.383939  0.346250  0.734752  0.411286  0.357312  0.776173  0.620955  0.351976  0.213746  0.121175  0.668504  0.622196  0.541646  0.768575  0.737025  0.737083  0.230994  0.369854  0.245950  0.720494  0.818090  0.743877  0.454086  0.778309  0.726542  0.558462  0.686220  0.527062  0.725802  0.390886  0.673066  0.581888  0.687111  0.695974  0.961684  0.280911  0.396658  0.458146  0.401735  0.324118  0.693549  0.743696  0.674924  0.614459  0.346868  0.454720  0.299468  0.297495  0.763851  0.618974  0.567254  0.779353  0.085885  0.708414  0.739221  0.250163  0.741407  0.647507  0.702123  0.330602  0.318910  0.419156  0.146787  0.803781  0.558902  0.131347  0.460168  0.421040  0.399879  0.642068  0.493540 
17  0.528121  0.708598  0.638380  0.800316  0.635010  0.109840  0.420712  0.390635  0.790886  0.411939  0.606758  0.884657  0.798768  0.475527  0.907799  0.542140  0.343535 0.0  0.212987  0.437380  0.624542  0.384275  0.343129  0.542252  0.668223  0.340331  0.652990  0.276819  0.711932  0.655026  0.646757  0.524723  0.846797  0.751364  0.385122  0.451213  0.342500  0.890174  0.602706  0.597606  0.659487  0.475850  0.892975  0.762327  0.538263  0.672758  0.776627  0.682728  0.943115  0.660162  0.730402  0.557616  0.431165  0.333912  0.274502  0.789132  0.160574  0.477484  0.740755  0.422898  0.589550  0.655402  0.408373  0.758689  0.197172  0.461061  0.755222  0.739093  0.683252  0.831846  0.426556  0.919125  0.670918  0.402879  0.610730  0.665353  0.942572  0.337891  0.355975  0.484894  0.253466  0.836241  0.791983  0.178074  0.577757  0.409892  0.607256  0.810745  0.471918 
18  0.651957  0.693627  0.647766  0.780410  0.556282  0.258680  0.333575  0.519898  0.759438  0.348845  0.464268  0.810023  0.765218  0.369856  0.865873  0.458099  0.383939  0.212987 0.0  0.431861  0.532310  0.534347  0.260886  0.603167  0.817701  0.441013  0.616307  0.284415  0.783322  0.613046  0.690473  0.716577  0.691832  0.930614  0.543222  0.439779  0.317476  0.758600  0.610724  0.462150  0.673191  0.494391  0.755671  0.845837  0.427692  0.751632  0.717284  0.751563  0.960198  0.636217  0.635291  0.626594  0.508409  0.372992  0.238912  0.768021  0.201538  0.557804  0.792746  0.487567  0.589231  0.643398  0.495066  0.783115  0.092451  0.426194  0.898976  0.685229  0.660081  0.851952  0.249474  0.774102  0.651352  0.255221  0.600153  0.761239  0.850561  0.406089  0.180057  0.493941  0.300357  0.805144  0.716389  0.282430  0.656131  0.517164  0.611474  0.787050  0.367358 
19  0.722704  0.767560  0.699784  0.676487  0.881785  0.475969  0.358633  0.765048  0.658064  0.465533  0.458518  0.645696  0.466697  0.352246  0.628098  0.336166  0.346250  0.437380  0.431861 0.0  0.801989  0.347751  0.357062  0.966207  0.790544  0.041747  0.656484  0.277245  0.672616  0.676114  0.732354  0.863018  0.489173  0.573273  0.250971  0.174283  0.298914  0.577163  0.866384  0.870995  0.699630  0.620255  0.561415  0.805535  0.794329  0.674748  0.408502  0.793481  0.582259  0.434676  0.689294  0.803542  0.732313  0.409122  0.216146  0.716366  0.400179  0.192145  0.554577  0.826629  0.875820  0.779679  0.232315  0.802227  0.441060  0.263861  0.530603  0.723096  0.671407  0.629211  0.459715  0.692203  0.724883  0.369808  0.872951  0.665667  0.574261  0.088764  0.298075  0.186460  0.314740  0.600658  0.762469  0.271882  0.432079  0.232119  0.667515  0.820115  0.481422 
20  0.098781  0.522714  0.299616  0.504043  0.295737  0.493514  0.622213  0.059676  0.404456  0.728372  0.499862  0.477373  0.130332  0.714828  0.791737  0.497192  0.734752  0.624542  0.532310  0.801989 0.0  0.800945  0.571739  0.231011  0.386929  0.920998  0.559124  0.747980  0.349129  0.175668  0.306399  0.658844  0.390960  0.442819  0.908288  0.881457  0.668535  0.464157  0.261779  0.144960  0.304399  0.211986  0.434313  0.868418  0.483862  0.275623  0.341696  0.304462  0.437759  0.595240  0.260694  0.602579  0.043303  0.662116  0.748552  0.420551  0.647289  0.775235  0.553990  0.131340  0.139297  0.329341  0.781900  0.388986  0.576015  0.875667  0.425476  0.281150  0.367519  0.567625  0.917116  0.438832  0.420758  0.656619  0.198167  0.259878  0.484969  0.674775  0.706796  0.851051  0.680545  0.485349  0.314884  0.748939  0.647099  0.848912  0.545961  0.308301  0.492851 
21  0.868205  0.690507  0.657991  0.548359  0.934563  0.483627  0.271210  0.711811  0.609253  0.409177  0.367956  0.429613  0.544295  0.249454  0.668703  0.306316  0.411286  0.384275  0.534347  0.347751  0.800945 0.0  0.447193  0.832546  0.834629  0.141862  0.556972  0.428270  0.742181  0.658183  0.608289  0.752923  0.459097  0.684721  0.196012  0.246937  0.241672  0.548845  0.885516  0.676217  0.737022  0.784363  0.534593  0.732826  0.709457  0.690023  0.498917  0.799473  0.638299  0.454478  0.799506  0.800836  0.650633  0.344220  0.268253  0.794424  0.337220  0.118852  0.599550  0.705918  0.847596  0.664776  0.153588  0.784198  0.545958  0.178441  0.631574  0.664736  0.767671  0.604768  0.370522  0.671487  0.604196  0.371161  0.729241  0.629573  0.567904  0.064177  0.144440  0.181675  0.367381  0.608086  0.684035  0.246982  0.475849  0.096360  0.567376  0.843658  0.441829 
22  0.554367  0.690706  0.770830  0.855666  0.577976  0.212677  0.321043  0.533084  0.908500  0.412000  0.373608  0.937286  0.730131  0.453563  0.953676  0.511898  0.357312  0.343129  0.260886  0.357062  0.571739  0.447193 0.0  0.637247  0.719299  0.344195  0.550206  0.307045  0.543753  0.656936  0.706350  0.451252  0.807328  0.863823  0.419812  0.396618  0.295105  0.725180  0.619061  0.460996  0.763840  0.409666  0.829457  0.786062  0.540095  0.727120  0.733254  0.853382  0.818618  0.670645  0.671534  0.584231  0.411835  0.288097  0.355256  0.620210  0.232924  0.492673  0.988890  0.466439  0.545175  0.616416  0.433200  0.825377  0.236488  0.472041  0.976536  0.737964  0.764202  0.881611  0.412822  0.869690  0.633492  0.295091  0.721505  0.706963  0.757063  0.360512  0.199510  0.548468  0.335583  0.956888  0.666478  0.201555  0.583438  0.465087  0.668744  0.793723  0.468046 
23  0.124395  0.393309  0.363763  0.561020  0.196098  0.687253  0.692101  0.106162  0.514571  0.748618  0.461835  0.480717  0.357201  0.768324  0.871776  0.448953  0.776173  0.542252  0.603167  0.966207  0.231011  0.832546  0.637247 0.0  0.379979  0.977369  0.557530  0.735056  0.228075  0.208423  0.285765  0.614252  0.375420  0.347254  0.825837  0.767339  0.738263  0.466337  0.182788  0.127746  0.352302  0.088612  0.425547  0.842054  0.424147  0.318405  0.293279  0.286286  0.455900  0.634829  0.189624  0.592945  0.021083  0.648764  0.651046  0.444407  0.633790  0.857458  0.503323  0.141681  0.132931  0.315262  0.941330  0.462297  0.494161  0.884588  0.391464  0.210520  0.287736  0.486991  0.784957  0.392850  0.215402  0.735738  0.354510  0.304899  0.404693  0.768136  0.741536  0.820272  0.694416  0.474309  0.362745  0.707002  0.695140  0.914677  0.647646  0.473386  0.487429 
24  0.400358  0.249660  0.195244  0.309016  0.412392  0.723342  0.469576  0.393391  0.505208  0.454028  0.513896  0.452335  0.494006  0.518203  0.757401  0.591510  0.620955  0.668223  0.817701  0.790544  0.386929  0.834629  0.719299  0.379979 0.0  0.696326  0.290166  0.591344  0.314704  0.348860  0.136864  0.773805  0.343991  0.428306  0.776220  0.723916  0.538250  0.454120  0.329781  0.355235  0.173785  0.263078  0.476305  0.455457  0.763098  0.115747  0.479601  0.079063  0.376901  0.571513  0.212515  0.750570  0.397510  0.588648  0.588981  0.156744  0.838704  0.852741  0.364434  0.336376  0.315484  0.285956  0.828436  0.086064  0.843473  0.830871  0.369720  0.269894  0.110816  0.399997  0.538698  0.418629  0.097203  0.569109  0.395189  0.305825  0.369466  0.766951  0.695595  0.816610  0.584314  0.392334  0.116388  0.609903  0.492661  0.764480  0.271411  0.214009  0.331613 
25  0.768237  0.620384  0.673601  0.603789  0.825434  0.423996  0.229901  0.649472  0.575333  0.500382  0.593923  0.637651  0.471087  0.353285  0.561081  0.308296  0.351976  0.340331  0.441013  0.041747  0.920998  0.141862  0.344195  0.977369  0.696326 0.0  0.616004  0.248855  0.608035  0.688020  0.623319  0.845765  0.467750  0.635928  0.162391  0.231597  0.449916  0.416287  0.755818  0.844086  0.690536  0.654683  0.682167  0.853233  0.704177  0.741225  0.480802  0.785129  0.639896  0.413482  0.510367  0.900820  0.764219  0.361248  0.358512  0.853025  0.347851  0.176603  0.623305  0.768434  0.809240  0.615062  0.195119  0.875344  0.311864  0.157913  0.641646  0.669038  0.775187  0.585580  0.429650  0.702308  0.702572  0.289528  0.877601  0.758582  0.627235  0.057160  0.163176  0.173778  0.330385  0.617174  0.688964  0.390693  0.534213  0.324162  0.714948  0.767829  0.370250 
26  0.551585  0.350427  0.430392  0.607361  0.590199  0.566852  0.345594  0.550028  0.564801  0.362041  0.452022  0.594531  0.552012  0.310226  0.551351  0.574069  0.213746  0.652990  0.616307  0.656484  0.559124  0.556972  0.550206  0.557530  0.290166  0.616004 0.0  0.330426  0.503751  0.398883  0.378090  0.575575  0.568534  0.665898  0.550776  0.542450  0.319959  0.655518  0.531178  0.548538  0.314425  0.601219  0.492972  0.287207  0.719916  0.299935  0.591613  0.402434  0.669511  0.585385  0.462362  0.679582  0.673840  0.322412  0.406289  0.325676  0.518628  0.558728  0.645739  0.593443  0.618723  0.509533  0.552701  0.326612  0.459316  0.605454  0.593371  0.470608  0.378481  0.587500  0.425277  0.670297  0.473625  0.272670  0.604986  0.510438  0.646037  0.601162  0.519366  0.559225  0.268050  0.605592  0.327224  0.340648  0.552707  0.494639  0.264916  0.351931  0.449814 
27  0.836952  0.467209  0.651824  0.671919  0.641884  0.427544  0.000000  0.654923  0.772278  0.055474  0.452867  0.691231  0.738113  0.132347  0.761367  0.508440  0.121175  0.276819  0.284415  0.277245  0.747980  0.428270  0.307045  0.735056  0.591344  0.248855  0.330426 0.0  0.709896  0.693203  0.483864  0.747485  0.837793  0.681511  0.375168  0.291798  0.175844  0.671361  0.768266  0.703222  0.465914  0.781853  0.692630  0.482832  0.834546  0.490994  0.747368  0.509597  0.825257  0.483370  0.639202  0.748985  0.828524  0.320971  0.273063  0.507883  0.263555  0.386661  0.764757  0.704973  0.652968  0.634510  0.372994  0.509351  0.319571  0.425455  0.762111  0.727171  0.491566  0.701808  0.134490  0.643577  0.634104  0.213484  0.759395  0.587302  0.781148  0.295267  0.339365  0.297473  0.126078  0.699947  0.582131  0.317028  0.541353  0.376662  0.338776  0.520858  0.441723 
28  0.356444  0.196714  0.300054  0.248731  0.283988  0.651575  0.696487  0.361527  0.248633  0.775404  0.483891  0.309393  0.325306  0.635913  0.612512  0.576783  0.668504  0.711932  0.783322  0.672616  0.349129  0.742181  0.543753  0.228075  0.314704  0.608035  0.503751  0.709896 0.0  0.282551  0.267333  0.640377  0.227908  0.239091  0.649000  0.623301  0.652410  0.336251  0.243614  0.314464  0.262992  0.268063  0.217799  0.614665  0.517681  0.321809  0.262765  0.278269  0.246553  0.548092  0.381550  0.606740  0.175499  0.623389  0.617733  0.230635  0.674926  0.717992  0.248516  0.244564  0.262105  0.362465  0.597167  0.348533  0.708111  0.712036  0.325303  0.198711  0.316669  0.258835  0.709404  0.354403  0.216941  0.698665  0.138793  0.273491  0.199725  0.737574  0.615822  0.675425  0.632427  0.194758  0.369749  0.678612  0.494305  0.657063  0.371562  0.252266  0.479962 
29  0.221393  0.248999  0.313711  0.214091  0.229504  0.732041  0.606511  0.277005  0.273256  0.662802  0.526084  0.318555  0.231005  0.669989  0.650084  0.415005  0.622196  0.655026  0.613046  0.676114  0.175668  0.658183  0.656936  0.208423  0.348860  0.688020  0.398883  0.693203  0.282551 0.0  0.283138  0.663035  0.292085  0.237232  0.636469  0.655617  0.664197  0.092160  0.327383  0.336291  0.190053  0.221854  0.290414  0.557601  0.601566  0.256155  0.228758  0.238606  0.196146  0.529760  0.234177  0.755764  0.203027  0.596267  0.723158  0.352602  0.662489  0.521851  0.269203  0.234883  0.336725  0.337039  0.823029  0.187168  0.606200  0.764478  0.263431  0.153216  0.286848  0.174565  0.628485  0.217508  0.323276  0.478324  0.283312  0.169388  0.289850  0.652266  0.647438  0.700590  0.621720  0.249491  0.257336  0.659897  0.454021  0.730824  0.513981  0.311158  0.468264 
30  0.421215  0.312803  0.197748  0.226483  0.320532  0.706072  0.567501  0.456298  0.323628  0.513422  0.319050  0.307419  0.318073  0.405688  0.679552  0.444080  0.541646  0.646757  0.690473  0.732354  0.306399  0.608289  0.706350  0.285765  0.136864  0.623319  0.378090  0.483864  0.267333  0.283138 0.0  0.766990  0.336568  0.323491  0.741990  0.764153  0.399555  0.259732  0.286451  0.388629  0.105899  0.550206  0.267472  0.614616  0.833578  0.245331  0.266990  0.215512  0.359386  0.423220  0.305501  0.707025  0.384194  0.432953  0.653241  0.087468  0.696764  0.671766  0.376802  0.419794  0.308729  0.266414  0.732150  0.058528  0.696602  0.817820  0.303255  0.178135  0.160400  0.238322  0.494513  0.396652  0.178435  0.394499  0.371135  0.211240  0.262956  0.673387  0.702305  0.797583  0.380965  0.292779  0.076786  0.658332  0.519945  0.698056  0.264530  0.106745  0.491840 
31  0.533948  0.683920  0.718812  0.856298  0.626608  0.596368  0.794650  0.435306  0.873660  0.860887  0.467800  0.861784  0.736292  0.851064  0.444050  0.537638  0.768575  0.524723  0.716577  0.863018  0.658844  0.752923  0.451252  0.614252  0.773805  0.845765  0.575575  0.747485  0.640377  0.663035  0.766990 0.0  0.671407  0.913317  0.900559  0.855721  0.595012  0.896425  0.624570  0.539349  0.651901  0.378934  0.797555  0.338029  0.130621  0.685771  0.722741  0.804712  0.817315  0.790404  0.685695  0.295190  0.442896  0.739027  0.709252  0.844381  0.564195  0.824778  0.853935  0.523075  0.653702  0.753113  0.818947  0.808376  0.617456  0.833633  0.664348  0.738387  0.642899  0.742486  0.674328  0.748854  0.597664  0.697167  0.576304  0.670423  0.789456  0.723875  0.659592  0.893527  0.644218  0.883133  0.702839  0.661772  0.683106  0.907397  0.520803  0.831635  0.451208 
32  0.445915  0.344711  0.265440  0.069125  0.389075  0.734617  0.776525  0.178273  0.095991  0.816853  0.428520  0.094789  0.276326  0.869297  0.414472  0.379316  0.737025  0.846797  0.691832  0.489173  0.390960  0.459097  0.807328  0.375420  0.343991  0.467750  0.568534  0.837793  0.227908  0.292085  0.336568  0.671407 0.0  0.003915  0.413385  0.434711  0.713660  0.040158  0.314640  0.377561  0.502639  0.408581  0.050063  0.707748  0.725939  0.384981  0.243778  0.255331  0.139521  0.286237  0.302822  0.802389  0.326455  0.741712  0.593606  0.446779  0.681199  0.351420  0.125234  0.349423  0.318497  0.289961  0.511777  0.393097  0.747085  0.453897  0.089250  0.266229  0.320936  0.066960  0.805216  0.061357  0.184500  0.807778  0.127724  0.261241  0.110575  0.414089  0.705693  0.446411  0.916769  0.012348  0.319791  0.679890  0.253507  0.489141  0.595245  0.417079  0.492656 
33  0.438288  0.273604  0.380769  0.146275  0.300123  0.830304  0.709433  0.313435  0.142047  0.872715  0.406517  0.187052  0.015749  0.851100  0.683302  0.286999  0.737083  0.751364  0.930614  0.573273  0.442819  0.684721  0.863823  0.347254  0.428306  0.635928  0.665898  0.681511  0.239091  0.237232  0.323491  0.913317  0.003915 0.0  0.695728  0.578641  0.686973  0.196818  0.384781  0.352904  0.432223  0.384661  0.320861  0.873564  0.701594  0.327113  0.000000  0.255528  0.102625  0.432401  0.364035  0.849662  0.345267  0.782130  0.670638  0.364287  0.821991  0.589587  0.168680  0.333815  0.366906  0.383902  0.563234  0.347011  0.878142  0.665221  0.283763  0.252564  0.332147  0.217486  0.773483  0.176558  0.345463  0.664010  0.508248  0.177637  0.155329  0.573655  0.680017  0.629211  0.663054  0.237373  0.284931  0.694302  0.410913  0.591206  0.614181  0.393659  0.382981 
34  0.882241  0.743252  0.628729  0.577479  0.782138  0.443597  0.302652  0.798495  0.617188  0.369817  0.435932  0.483094  0.374481  0.344348  0.616366  0.224701  0.230994  0.385122  0.543222  0.250971  0.908288  0.196012  0.419812  0.825837  0.776220  0.162391  0.550776  0.375168  0.649000  0.636469  0.741990  0.900559  0.413385  0.695728 0.0  0.188196  0.372157  0.563088  0.732711  0.788260  0.712542  0.764365  0.725708  0.724081  0.704508  0.729025  0.487343  0.774903  0.617832  0.448316  0.639591  0.800334  0.705886  0.286582  0.201770  0.781791  0.371685  0.138315  0.548134  0.627704  0.750291  0.551841  0.238614  0.756145  0.411186  0.193051  0.561241  0.712962  0.699612  0.604794  0.383016  0.570613  0.720985  0.295366  0.862737  0.565705  0.579471  0.122242  0.146073  0.082365  0.493311  0.583966  0.723813  0.282118  0.408631  0.270895  0.468113  0.746447  0.384702 
35  0.747429  0.744359  0.654959  0.611172  0.803660  0.416760  0.278319  0.793081  0.514684  0.365489  0.407812  0.673673  0.496563  0.444450  0.666764  0.286236  0.369854  0.451213  0.439779  0.174283  0.881457  0.246937  0.396618  0.767339  0.723916  0.231597  0.542450  0.291798  0.623301  0.655617  0.764153  0.855721  0.434711  0.578641  0.188196 0.0  0.330317  0.635097  0.854870  0.844964  0.758371  0.654746  0.468899  0.827201  0.719600  0.648428  0.438436  0.785331  0.595375  0.406223  0.638478  0.749605  0.811715  0.324443  0.215093  0.805381  0.423311  0.102642  0.565385  0.569056  0.839521  0.687938  0.161509  0.816399  0.471319  0.137656  0.527383  0.731321  0.758847  0.552413  0.374627  0.626904  0.714048  0.283738  0.931046  0.666951  0.627760  0.069897  0.279405  0.237132  0.253155  0.637727  0.647969  0.216220  0.419453  0.166698  0.544146  0.800066  0.447597 
36  0.773238  0.533114  0.635957  0.701314  0.720996  0.414235  0.023921  0.728210  0.765227  0.080641  0.484793  0.756184  0.726385  0.080093  0.767690  0.555803  0.245950  0.342500  0.317476  0.298914  0.668535  0.241672  0.295105  0.738263  0.538250  0.449916  0.319959  0.175844  0.652410  0.664197  0.399555  0.595012  0.713660  0.686973  0.372157  0.330317 0.0  0.635703  0.622264  0.850258  0.476695  0.734142  0.819939  0.533587  0.825747  0.464076  0.823144  0.445883  0.763935  0.546194  0.695295  0.686319  0.893014  0.231982  0.206705  0.706521  0.396144  0.260192  0.750899  0.750409  0.823115  0.609014  0.237220  0.509607  0.343487  0.301013  0.775154  0.754344  0.573374  0.829408  0.135719  0.657456  0.651815  0.125428  0.753605  0.667812  0.746106  0.350744  0.154426  0.342286  0.024703  0.672224  0.663153  0.328677  0.563247  0.322286  0.437091  0.537838  0.493468 
37  0.333071  0.301786  0.227113  0.230884  0.412787  0.781957  0.711592  0.315356  0.187360  0.794235  0.560977  0.177614  0.133352  0.791123  0.618137  0.283420  0.720494  0.890174  0.758600  0.577163  0.464157  0.548845  0.725180  0.466337  0.454120  0.416287  0.655518  0.671361  0.336251  0.092160  0.259732  0.896425  0.040158  0.196818  0.563088  0.635097  0.635703 0.0  0.396214  0.313963  0.337093  0.433579  0.219499  0.827942  0.678047  0.322510  0.079262  0.379972  0.136720  0.365154  0.327031  0.708491  0.219350  0.646142  0.787857  0.439614  0.936623  0.609402  0.196272  0.383313  0.491289  0.241261  0.643401  0.342797  0.882093  0.602340  0.179106  0.210240  0.413841  0.291158  0.876795  0.082145  0.213645  0.669160  0.312573  0.164881  0.235070  0.464127  0.675245  0.658233  0.628685  0.226680  0.380446  0.677576  0.435764  0.628327  0.565903  0.432413  0.404603 
38  0.189481  0.324954  0.198163  0.502539  0.035205  0.556547  0.763360  0.063317  0.438401  0.788384  0.418378  0.505512  0.401570  0.735977  0.963630  0.662921  0.818090  0.602706  0.610724  0.866384  0.261779  0.885516  0.619061  0.182788  0.329781  0.755818  0.531178  0.768266  0.243614  0.327383  0.286451  0.624570  0.314640  0.384781  0.732711  0.854870  0.622264  0.396214 0.0  0.096688  0.281053  0.000000  0.540579  0.785247  0.426912  0.371166  0.397388  0.410539  0.448286  0.752895  0.355109  0.587739  0.042678  0.684969  0.561112  0.394468  0.576430  0.954741  0.592461  0.000000  0.175957  0.213323  0.809107  0.382820  0.678357  0.816410  0.412074  0.216038  0.309650  0.443678  0.867563  0.446995  0.236519  0.690896  0.273928  0.285070  0.475969  0.737706  0.692769  0.890610  0.711375  0.355699  0.388866  0.622656  0.676295  0.857857  0.544077  0.363753  0.428324 
39  0.185089  0.348599  0.192021  0.408221  0.136460  0.423844  0.804762  0.151522  0.366143  0.874274  0.445876  0.367268  0.351594  0.852925  0.827206  0.520510  0.743877  0.597606  0.462150  0.870995  0.144960  0.676217  0.460996  0.127746  0.355235  0.844086  0.548538  0.703222  0.314464  0.336291  0.388629  0.539349  0.377561  0.352904  0.788260  0.844964  0.850258  0.313963  0.096688 0.0  0.436136  0.133828  0.284147  0.881692  0.408438  0.390786  0.415580  0.444254  0.392802  0.549005  0.295144  0.436526  0.085944  0.847670  0.573337  0.416705  0.630307  0.730762  0.396828  0.186245  0.148583  0.264179  0.777205  0.465574  0.586096  0.745678  0.387814  0.245902  0.392993  0.462456  0.807736  0.451389  0.320851  0.866521  0.159498  0.292526  0.327893  0.760934  0.755329  0.828396  0.920548  0.399901  0.344365  0.570036  0.681026  0.813104  0.652834  0.354931  0.376001 
40  0.277256  0.119941  0.214581  0.339313  0.309737  0.663446  0.526199  0.276832  0.299019  0.627819  0.324385  0.361881  0.492095  0.516331  0.663863  0.681733  0.454086  0.659487  0.673191  0.699630  0.304399  0.737022  0.763840  0.352302  0.173785  0.690536  0.314425  0.465914  0.262992  0.190053  0.105899  0.651901  0.502639  0.432223  0.712542  0.758371  0.476695  0.337093  0.281053  0.436136 0.0  0.346416  0.284911  0.579558  0.611678  0.066073  0.432640  0.128741  0.334805  0.534149  0.319647  0.742564  0.309633  0.463827  0.746471  0.103381  0.672466  0.748077  0.461365  0.327838  0.307886  0.296579  0.701251  0.081879  0.658042  0.704326  0.467668  0.289339  0.029504  0.377779  0.546075  0.286652  0.228366  0.530475  0.345350  0.301639  0.266402  0.649843  0.695251  0.697720  0.503873  0.452483  0.000000  0.621961  0.400384  0.680885  0.221077  0.159436  0.446636 
41  0.157344  0.444506  0.223210  0.385859  0.126720  0.522431  0.906310  0.309644  0.379366  0.756439  0.513054  0.208257  0.336424  0.775567  0.579513  0.498523  0.778309  0.475850  0.494391  0.620255  0.211986  0.784363  0.409666  0.088612  0.263078  0.654683  0.601219  0.781853  0.268063  0.221854  0.550206  0.378934  0.408581  0.384661  0.764365  0.654746  0.734142  0.433579  0.000000  0.133828  0.346416 0.0  0.348736  0.835793  0.604360  0.456548  0.288854  0.425168  0.436144  0.526159  0.358666  0.513919  0.125683  0.719904  0.690332  0.441592  0.468429  0.748961  0.425703  0.079223  0.034338  0.205045  0.814600  0.343217  0.476013  0.697967  0.250092  0.272305  0.264216  0.281222  0.823862  0.332659  0.315221  0.646838  0.056865  0.243210  0.354031  0.666879  0.649710  0.699078  0.708695  0.351589  0.300594  0.747934  0.556813  0.746247  0.531336  0.494321  0.492818 
42  0.393174  0.285289  0.197051  0.151755  0.488020  0.824431  0.727109  0.274965  0.161905  0.844009  0.553008  0.117995  0.076296  0.793044  0.556023  0.230432  0.726542  0.892975  0.755671  0.561415  0.434313  0.534593  0.829457  0.425547  0.476305  0.682167  0.492972  0.692630  0.217799  0.290414  0.267472  0.797555  0.050063  0.320861  0.725708  0.468899  0.819939  0.219499  0.540579  0.284147  0.284911  0.348736 0.0  0.761349  0.695378  0.359335  0.087873  0.346279  0.238708  0.423576  0.262471  0.868274  0.308970  0.786427  0.611965  0.446806  0.756277  0.658878  0.176920  0.287214  0.488432  0.278133  0.564495  0.483176  0.852068  0.532920  0.248537  0.219832  0.415838  0.144581  0.881599  0.238425  0.128202  0.805608  0.373683  0.352240  0.192471  0.525422  0.666459  0.465653  0.782543  0.316583  0.341966  0.771075  0.425749  0.566273  0.639754  0.401685  0.492419 
43  0.855447  0.496644  0.675800  0.699903  0.810040  0.817857  0.445428  0.746018  0.838790  0.654730  0.457193  0.771210  0.896626  0.573489  0.392356  0.612445  0.558462  0.762327  0.845837  0.805535  0.868418  0.732826  0.786062  0.842054  0.455457  0.853233  0.287207  0.482832  0.614665  0.557601  0.614616  0.338029  0.707748  0.873564  0.724081  0.827201  0.533587  0.827942  0.785247  0.881692  0.579558  0.835793  0.761349 0.0  0.478611  0.514977  0.825296  0.590279  0.873201  0.697827  0.601715  0.449014  0.771716  0.506448  0.647345  0.627748  0.787656  0.843098  0.764718  0.775031  0.813313  0.579486  0.729970  0.560716  0.831521  0.831708  0.731562  0.638739  0.477847  0.640226  0.418041  0.892351  0.636912  0.599205  0.728790  0.595966  0.819751  0.760168  0.689419  0.802775  0.511404  0.855965  0.513045  0.636695  0.641151  0.702855  0.358736  0.617966  0.535390 
44  0.522595  0.840442  0.526486  0.655821  0.552382  0.417479  0.769949  0.545213  0.752831  0.817811  0.466117  0.709860  0.625841  0.906146  0.428513  0.558237  0.686220  0.538263  0.427692  0.794329  0.483862  0.709457  0.540095  0.424147  0.763098  0.704177  0.719916  0.834546  0.517681  0.601566  0.833578  0.130621  0.725939  0.701594  0.704508  0.719600  0.825747  0.678047  0.426912  0.408438  0.611678  0.604360  0.695378  0.478611 0.0  0.902634  0.734621  0.849375  0.799192  0.528467  0.757814  0.074884  0.406569  0.694254  0.681480  0.774509  0.512100  0.752352  0.722689  0.461175  0.426046  0.689590  0.731146  0.710961  0.451851  0.826774  0.687535  0.635737  0.776409  0.797227  0.772727  0.725662  0.706594  0.747205  0.496552  0.558623  0.793716  0.731888  0.609802  0.694386  0.693641  0.612833  0.760998  0.673730  0.662676  0.750603  0.599066  0.824146  0.443702 
