89
0 0.0  0.350035  0.265071  0.328385  0.157375  0.546159  0.812628  0.189936  0.416946  0.801157  0.390358  0.432799  0.373684  0.787702  0.786751  0.541365  0.837542  0.520206  0.545956  0.733438  0.112428  0.718257  0.452131  0.157232  0.333338  0.699178  0.500500  0.838278  0.238766  0.238029  0.381196  0.465120  0.467958  0.389674  0.795741  0.756270  0.802644  0.415199  0.129392  0.117411  0.325171  0.208896  0.354259  0.839180  0.592373  0.455978  0.449823  0.288689  0.379494  0.586482  0.277801  0.546386  0.205886  0.744726  0.681528  0.493780  0.526716  0.790975  0.361648  0.082162  0.229053  0.348459  0.769266  0.296823  0.476166  0.905537  0.519225  0.230478  0.355495  0.352482  0.885048  0.401369  0.302032  0.699211  0.179942  0.281802  0.263705  0.819550  0.650506  0.769558  0.686056  0.277425  0.446511  0.700896  0.565963  0.927727  0.586705  0.333154  0.504770 
1  0.350035 0.0  0.248267  0.300948  0.268265  0.725951  0.473508  0.424190  0.250237  0.569191  0.457614  0.268380  0.215771  0.505901  0.801337  0.558254  0.408153  0.674502  0.664265  0.781561  0.342758  0.716526  0.718533  0.215735  0.012216  0.566179  0.336698  0.396787  0.339820  0.314198  0.104494  0.688001  0.335931  0.414406  0.795997  0.764094  0.493643  0.421811  0.280256  0.310542  0.118785  0.411109  0.263649  0.522403  0.748927  0.202944  0.282661  0.245739  0.258439  0.506445  0.228040  0.676262  0.317794  0.607045  0.568145  0.192686  0.720360  0.755543  0.382217  0.206151  0.318312  0.310125  0.688373  0.142362  0.715740  0.730652  0.281731  0.302437  0.083814  0.406929  0.499610  0.388944  0.254371  0.481671  0.439229  0.262244  0.247278  0.746507  0.580129  0.773644  0.507326  0.380974  0.032392  0.740433  0.484982  0.665483  0.291905  0.092384  0.504008 
2  0.265071  0.248267 0.0  0.186945  0.247355  0.657773  0.651108  0.140140  0.258059  0.650135  0.491281  0.238425  0.286808  0.663881  0.702472  0.461613  0.702300  0.707134  0.674423  0.534835  0.316720  0.709829  0.722766  0.201279  0.306929  0.574086  0.345947  0.661431  0.182713  0.166078  0.315922  0.643668  0.282678  0.238435  0.764566  0.598359  0.664499  0.144072  0.299963  0.210355  0.234642  0.264903  0.314843  0.679996  0.584548  0.255652  0.245038  0.281104  0.249866  0.451573  0.275790  0.662034  0.370168  0.673855  0.629117  0.199981  0.704464  0.652570  0.311448  0.212571  0.186088  0.292179  0.650190  0.155180  0.668364  0.607561  0.285973  0.281199  0.233035  0.229730  0.551724  0.266681  0.164117  0.635023  0.176268  0.225339  0.271564  0.633980  0.667447  0.614898  0.642260  0.262142  0.351151  0.641332  0.520598  0.620589  0.400126  0.324830  0.506613 
3  0.328385  0.300948  0.186945 0.0  0.527604  0.861717  0.635934  0.226874  0.075789  0.892058  0.508177  0.208510  0.148047  0.739942  0.572220  0.292191  0.751115  0.806301  0.876697  0.600364  0.441740  0.558814  0.933233  0.529663  0.338758  0.562765  0.631527  0.747653  0.261667  0.306905  0.289641  0.864352  0.118445  0.166892  0.680315  0.677273  0.783813  0.340267  0.576986  0.303729  0.505740  0.416005  0.177110  0.772798  0.633831  0.368201  0.098656  0.362177  0.156668  0.376625  0.196375  0.854854  0.217187  0.765293  0.613345  0.299938  0.731977  0.528339  0.146302  0.295556  0.426603  0.227500  0.536779  0.452297  0.842301  0.617988  0.225244  0.233364  0.330881  0.204487  0.817458  0.281146  0.256455  0.750924  0.368709  0.297404  0.283980  0.420058  0.719624  0.525115  0.746505  0.118614  0.376566  0.711894  0.366280  0.602166  0.578256  0.360833  0.390454 
4  0.157375  0.268265  0.247355  0.527604 0.0  0.628339  0.769753  0.000000  0.348220  0.765919  0.485566  0.448305  0.279940  0.686584  0.853456  0.522440  0.642623  0.713284  0.609317  0.940975  0.150565  0.866865  0.621465  0.099447  0.408027  0.865934  0.605737  0.727501  0.338264  0.245618  0.406709  0.599888  0.227108  0.377965  0.780310  0.893041  0.724206  0.428098  0.211758  0.065106  0.335554  0.170587  0.451383  0.769343  0.335048  0.353753  0.360837  0.344516  0.490619  0.570520  0.222714  0.665654  0.037956  0.647804  0.624764  0.463250  0.510159  0.880924  0.505534  0.053255  0.283032  0.389049  0.795495  0.433111  0.581040  0.864296  0.423793  0.289578  0.272548  0.432720  0.789439  0.435032  0.148942  0.674382  0.233947  0.287353  0.513267  0.802383  0.642353  0.879140  0.747467  0.435321  0.328500  0.711293  0.687981  0.902031  0.626460  0.462326  0.390687 
5  0.546159  0.725951  0.657773  0.861717  0.628339 0.0  0.413109  0.478667  0.878960  0.507158  0.542605  0.724465  0.583249  0.414253  0.816681  0.533569  0.338066  0.149234  0.170313  0.343147  0.673933  0.449195  0.231543  0.565076  0.767755  0.467511  0.577191  0.276543  0.531555  0.704660  0.679421  0.616462  0.817636  0.707641  0.391038  0.416351  0.274305  0.859406  0.522268  0.447247  0.707405  0.516892  0.879936  0.869026  0.443131  0.804886  0.671060  0.789410  0.967363  0.513780  0.670933  0.613887  0.482998  0.270401  0.320455  0.944755  0.224275  0.420223  0.823441  0.509744  0.654258  0.696366  0.341838  0.761724  0.213657  0.589868  0.843452  0.759705  0.671919  0.929804  0.359731  0.857567  0.746618  0.353034  0.494746  0.716649  0.737374  0.355668  0.329575  0.451459  0.368697  0.921213  0.674193  0.248127  0.701395  0.441973  0.515942  0.792698  0.395286 
6  0.812628  0.473508  0.651108  0.635934  0.769753  0.413109 0.0  0.835276  0.734851  0.011213  0.378274  0.711925  0.714719  0.175576  0.782672  0.557649  0.104480  0.253565  0.252506  0.305916  0.701379  0.320798  0.257981  0.731870  0.529485  0.209175  0.216072  0.220744  0.592045  0.718051  0.567995  0.684957  0.721584  0.773904  0.415526  0.277845  0.045330  0.712431  0.742986  0.741144  0.473366  0.798161  0.811255  0.528275  0.809419  0.574584  0.719569  0.585089  0.787945  0.487891  0.652081  0.720699  0.583840  0.000000  0.272551  0.528099  0.304630  0.405626  0.730790  0.722980  0.760752  0.657053  0.239474  0.521555  0.304111  0.400295  0.709374  0.734712  0.417496  0.675114  0.251111  0.790980  0.678947  0.069424  0.637227  0.694761  0.748205  0.294623  0.183544  0.327559  0.061972  0.767859  0.424575  0.259771  0.514863  0.377794  0.356207  0.506534  0.414584 
7  0.189936  0.424190  0.140140  0.226874  0.000000  0.478667  0.835276 0.0  0.321511  0.905647  0.463579  0.302790  0.379513  0.616069  0.745647  0.515424  0.783765  0.532058  0.437132  0.731554  0.000000  0.742298  0.460009  0.025199  0.362377  0.705652  0.447357  0.771998  0.212598  0.288777  0.536200  0.458679  0.227239  0.292982  0.655895  0.719086  0.718456  0.321453  0.023908  0.068276  0.286519  0.217358  0.278802  0.672806  0.574197  0.372157  0.374662  0.462258  0.296912  0.540295  0.275902  0.536648  0.154791  0.669917  0.654439  0.424368  0.479838  0.619007  0.341621  0.036569  0.098300  0.202067  0.708860  0.361688  0.486280  0.642865  0.273843  0.207455  0.330864  0.319240  0.716473  0.308809  0.280848  0.701804  0.068016  0.340472  0.324018  0.760278  0.616673  0.767358  0.731805  0.320384  0.265380  0.650719  0.476875  0.669896  0.585825  0.322724  0.541460 
8  0.416946  0.250237  0.258059  0.075789  0.348220  0.878960  0.734851  0.321511 0.0  0.818588  0.439684  0.210683  0.134060  0.865732  0.694191  0.281741  0.531800  0.986954  0.926493  0.498266  0.494533  0.646897  0.897513  0.415237  0.387604  0.566141  0.468506  0.841236  0.288834  0.285656  0.253708  0.832679  0.062945  0.095419  0.513723  0.598246  0.766501  0.107328  0.459432  0.428908  0.214261  0.331018  0.238360  0.796884  0.755880  0.265618  0.000000  0.334787  0.245991  0.399718  0.216519  0.891883  0.346053  0.782381  0.678782  0.450622  0.878050  0.568363  0.198681  0.283901  0.410021  0.319335  0.599643  0.314670  0.900621  0.484668  0.341873  0.226872  0.317715  0.233487  0.817425  0.088618  0.302590  0.700220  0.407977  0.314134  0.136640  0.474942  0.650990  0.598389  0.694185  0.246819  0.345703  0.618767  0.530562  0.621127  0.549141  0.231881  0.475205 
9  0.801157  0.569191  0.650135  0.892058  0.765919  0.507158  0.011213  0.905647  0.818588 0.0  0.441574  0.765646  0.759117  0.110720  0.816241  0.602668  0.134275  0.464080  0.389798  0.473786  0.774679  0.393139  0.440156  0.821688  0.592255  0.413267  0.309546  0.159485  0.696563  0.685632  0.578294  0.764639  0.810481  0.671179  0.385232  0.388315  0.131017  0.689282  0.869944  0.837758  0.556970  0.830444  0.767909  0.528197  0.771557  0.515678  0.815025  0.518009  0.762351  0.422637  0.561727  0.719922  0.842007  0.172595  0.263079  0.415720  0.294468  0.364715  0.757184  0.718181  0.663917  0.726382  0.446038  0.542356  0.383627  0.388704  0.813355  0.644035  0.571770  0.772100  0.248136  0.876501  0.641104  0.077915  0.822801  0.714998  0.868538  0.449477  0.409477  0.404630  0.124960  0.825029  0.585210  0.411594  0.684255  0.394632  0.365833  0.587912  0.556947 
10  0.390358  0.457614  0.491281  0.508177  0.485566  0.542605  0.378274  0.463579  0.439684  0.441574 0.0  0.584258  0.417090  0.438518  0.435377  0.458396  0.430023  0.438007  0.482065  0.350981  0.495632  0.384498  0.517637  0.398318  0.407162  0.531735  0.439517  0.484904  0.456084  0.433966  0.445773  0.506936  0.385839  0.399827  0.423787  0.438489  0.410573  0.392862  0.521004  0.478293  0.357202  0.513740  0.448643  0.509895  0.491474  0.430707  0.371564  0.420925  0.458549  0.539546  0.523625  0.437925  0.429714  0.510158  0.416546  0.495043  0.411981  0.437688  0.444071  0.517408  0.486222  0.391700  0.461604  0.528029  0.463479  0.442054  0.381073  0.401101  0.437564  0.530397  0.458061  0.407628  0.319187  0.421652  0.385872  0.447761  0.451891  0.476463  0.553173  0.525305  0.474442  0.442216  0.369220  0.477341  0.457911  0.458039  0.460975  0.464971  0.428143 
11  0.432799  0.268380  0.238425  0.208510  0.448305  0.724465  0.711925  0.302790  0.210683  0.765646  0.584258 0.0  0.029466  0.712216  0.539804  0.194949  0.601364  0.867529  0.775260  0.655849  0.383916  0.584236  0.825792  0.468698  0.485570  0.616327  0.597662  0.680560  0.374281  0.267589  0.447321  0.843845  0.019109  0.125978  0.465279  0.645421  0.772735  0.152427  0.539858  0.286900  0.364258  0.344443  0.236900  0.782006  0.666587  0.232194  0.047366  0.371936  0.164786  0.324291  0.370220  0.798500  0.352962  0.716686  0.648910  0.283275  0.819023  0.572471  0.162299  0.287928  0.459143  0.400606  0.557178  0.336505  0.861496  0.551746  0.215708  0.299988  0.392399  0.125705  0.660049  0.228289  0.283228  0.672985  0.379342  0.309894  0.258315  0.540320  0.578101  0.498521  0.778617  0.146914  0.265764  0.677721  0.376824  0.615024  0.690775  0.478505  0.425356 
12  0.373684  0.215771  0.286808  0.148047  0.279940  0.583249  0.714719  0.379513  0.134060  0.759117  0.417090  0.029466 0.0  0.777005  0.555155  0.431993  0.720464  0.784768  0.638738  0.506736  0.332794  0.552364  0.676384  0.227924  0.391788  0.364919  0.550547  0.742752  0.320242  0.282004  0.306680  0.685270  0.227901  0.130490  0.498036  0.486786  0.629251  0.017758  0.419279  0.268880  0.490797  0.342080  0.125235  0.815853  0.651143  0.378587  0.137620  0.322192  0.018272  0.207355  0.371376  0.747509  0.331511  0.797539  0.632504  0.330340  0.846013  0.445020  0.000000  0.344646  0.345393  0.291726  0.421778  0.406702  0.692995  0.468396  0.114972  0.233713  0.323489  0.000000  0.741542  0.163639  0.158449  0.808336  0.305064  0.229223  0.000000  0.386365  0.694284  0.450351  0.756634  0.094146  0.316109  0.598853  0.217655  0.514907  0.647111  0.400981  0.389975 
13  0.787702  0.505901  0.663881  0.739942  0.686584  0.414253  0.175576  0.616069  0.865732  0.110720  0.438518  0.712216  0.777005 0.0  0.879903  0.550819  0.155451  0.393879  0.370266  0.374041  0.724999  0.371012  0.401167  0.877283  0.504349  0.501285  0.352029  0.152905  0.713700  0.714314  0.457095  0.805986  0.838130  0.713121  0.429593  0.317090  0.188108  0.781361  0.797622  0.731168  0.470631  0.795231  0.711452  0.577191  0.847067  0.598016  0.899168  0.510699  0.775550  0.662765  0.694713  0.835189  0.755545  0.060520  0.350706  0.523671  0.354031  0.440115  0.831451  0.769952  0.707855  0.665361  0.286687  0.550990  0.303858  0.305379  0.784227  0.599576  0.556333  0.814073  0.178769  0.806499  0.727350  0.076314  0.766472  0.571328  0.698604  0.457341  0.286484  0.485392  0.126650  0.851332  0.533652  0.208711  0.634837  0.455097  0.328745  0.588632  0.498312 
14  0.786751  0.801337  0.702472  0.572220  0.853456  0.816681  0.782672  0.745647  0.694191  0.816241  0.435377  0.539804  0.555155  0.879903 0.0  0.230605  0.745095  0.871020  0.850328  0.643389  0.931836  0.549747  0.806950  0.744784  0.849204  0.564500  0.544970  0.706051  0.654179  0.622476  0.718448  0.429717  0.487882  0.627277  0.517435  0.493571  0.678060  0.573288  0.855256  0.814493  0.628717  0.807109  0.637003  0.384766  0.336727  0.611024  0.528160  0.775217  0.615802  0.346453  0.628010  0.510780  0.662805  0.713343  0.674341  0.774126  0.891036  0.616881  0.617113  0.708767  0.872237  0.691341  0.611450  0.703168  0.959951  0.602585  0.626342  0.654379  0.703218  0.666978  0.818447  0.570968  0.598813  0.724550  0.801553  0.626627  0.522987  0.431386  0.677333  0.479184  0.675196  0.563248  0.710656  0.737405  0.389524  0.606776  0.670259  0.658133  0.439613 
15  0.541365  0.558254  0.461613  0.292191  0.522440  0.533569  0.557649  0.515424  0.281741  0.602668  0.458396  0.194949  0.431993  0.550819  0.230605 0.0  0.578387  0.524437  0.512582  0.283766  0.605880  0.131072  0.541484  0.484545  0.660261  0.290189  0.511717  0.581847  0.503624  0.571746  0.504535  0.602274  0.370904  0.242383  0.314532  0.246481  0.522349  0.271982  0.566035  0.587356  0.588006  0.596885  0.379000  0.588946  0.535049  0.415413  0.446888  0.454307  0.294314  0.284712  0.419617  0.526120  0.411279  0.434629  0.428596  0.559663  0.553743  0.314949  0.257420  0.501857  0.462328  0.432674  0.287492  0.609124  0.644810  0.301607  0.380386  0.380901  0.592698  0.227791  0.600387  0.253431  0.497031  0.478666  0.445663  0.445534  0.317409  0.229812  0.337685  0.364468  0.635957  0.295076  0.469233  0.447011  0.274742  0.237831  0.586795  0.568701  0.387581 
16  0.837542  0.408153  0.702300  0.751115  0.642623  0.338066  0.104480  0.783765  0.531800  0.134275  0.430023  0.601364  0.720464  0.155451  0.745095  0.578387 0.0  0.464554  0.409796  0.367936  0.812804  0.311985  0.235022  0.884526  0.474654  0.334697  0.323744  0.302870  0.672423  0.688220  0.531957  0.708752  0.723480  0.812661  0.358658  0.311769  0.187642  0.730827  0.740730  0.734323  0.503756  0.630990  0.796573  0.510025  0.706890  0.514496  0.633308  0.445122  0.632481  0.472180  0.490079  0.738029  0.814806  0.191362  0.176664  0.541900  0.362567  0.338539  0.741723  0.612881  0.708138  0.702549  0.422013  0.524420  0.328351  0.375905  0.814130  0.679393  0.610475  0.823486  0.097476  0.703402  0.508507  0.189054  0.701539  0.595057  0.683504  0.246689  0.308736  0.272624  0.209412  0.715640  0.586938  0.269730  0.565529  0.313587  0.330114  0.495247  0.507206 
17  0.520206  0.674502  0.707134  0.806301  0.713284  0.149234  0.253565  0.532058  0.986954  0.464080  0.438007  0.867529  0.784768  0.393879  0.871020  0.524437  0.464554 0.0  0.135916  0.481949  0.667791  0.415365  0.353630  0.540275  0.777076  0.444292  0.568523  0.256859  0.706552  0.760348  0.630815  0.608572  0.712020  0.934053  0.372825  0.421688  0.293056  0.833630  0.614031  0.511282  0.686469  0.515063  0.848726  0.827462  0.437228  0.714930  0.847970  0.677656  0.791790  0.652287  0.607201  0.544580  0.467452  0.494416  0.277877  0.782474  0.139599  0.483138  0.855327  0.522171  0.564786  0.639389  0.432705  0.801076  0.310267  0.423130  0.790183  0.562362  0.796722  0.926511  0.478994  0.831644  0.663758  0.364484  0.582824  0.640853  0.907289  0.228385  0.234248  0.526158  0.216725  0.814211  0.731610  0.323866  0.622382  0.476194  0.585991  0.835674  0.520055 
18  0.545956  0.664265  0.674423  0.876697  0.609317  0.170313  0.252506  0.437132  0.926493  0.389798  0.482065  0.775260  0.638738  0.370266  0.850328  0.512582  0.409796  0.135916 0.0  0.440783  0.609364  0.440401  0.186343  0.497288  0.762469  0.437196  0.595685  0.257149  0.552058  0.817273  0.638734  0.491852  0.698059  0.954074  0.399953  0.482432  0.283485  0.807134  0.545192  0.462412  0.781474  0.404566  0.821957  0.748691  0.500728  0.764660  0.620728  0.764256  0.872386  0.615639  0.654102  0.457915  0.462467  0.364154  0.128269  0.779715  0.163191  0.439311  0.946510  0.469063  0.564668  0.673575  0.489035  0.689725  0.135073  0.468022  0.820211  0.686058  0.675304  0.815832  0.306047  0.758260  0.618693  0.248047  0.551343  0.582615  0.860023  0.334368  0.318261  0.532296  0.373867  0.798161  0.689286  0.150360  0.700318  0.518920  0.566530  0.778402  0.457093 
19  0.733438  0.781561  0.534835  0.600364  0.940975  0.343147  0.305916  0.731554  0.498266  0.473786  0.350981  0.655849  0.506736  0.374041  0.643389  0.283766  0.367936  0.481949  0.440783 0.0  0.897476  0.263284  0.469363  0.875452  0.825538  0.181103  0.630392  0.465212  0.592918  0.663327  0.682720  0.989371  0.412715  0.662731  0.289970  0.236860  0.369295  0.616194  0.790850  0.770835  0.704446  0.701823  0.726360  0.877163  0.749877  0.797316  0.468105  0.726539  0.626785  0.461104  0.681991  0.858794  0.712226  0.315670  0.336969  0.781863  0.442255  0.196083  0.555338  0.606641  0.852364  0.703489  0.280243  0.813762  0.500496  0.243368  0.594644  0.677827  0.717187  0.626997  0.476532  0.557692  0.654992  0.326017  0.861943  0.672725  0.556803  0.058380  0.289370  0.268119  0.361296  0.597412  0.724062  0.236055  0.348331  0.260660  0.645790  0.811886  0.502589 
20  0.112428  0.342758  0.316720  0.441740  0.150565  0.673933  0.701379  0.000000  0.494533  0.774679  0.495632  0.383916  0.332794  0.724999  0.931836  0.605880  0.812804  0.667791  0.609364  0.897476 0.0  0.882603  0.592322  0.282932  0.340028  0.876430  0.638537  0.720116  0.254512  0.204605  0.308444  0.567985  0.354341  0.404545  0.809052  0.867075  0.741455  0.479667  0.276457  0.150724  0.317051  0.095275  0.460603  0.725149  0.425059  0.414542  0.317518  0.368099  0.457741  0.702041  0.269388  0.617609  0.079174  0.777558  0.758700  0.349068  0.625232  0.714487  0.488098  0.000000  0.140731  0.289345  0.857088  0.438803  0.581163  0.972805  0.437239  0.268962  0.305683  0.420152  0.774399  0.494983  0.239693  0.731588  0.253834  0.227338  0.424957  0.634986  0.705492  0.900793  0.724183  0.356822  0.390887  0.655690  0.660803  0.798534  0.396427  0.329038  0.509576 
21  0.718257  0.716526  0.709829  0.558814  0.866865  0.449195  0.320798  0.742298  0.646897  0.393139  0.384498  0.584236  0.552364  0.371012  0.549747  0.131072  0.311985  0.415365  0.440401  0.263284  0.882603 0.0  0.472671  0.849257  0.832475  0.230210  0.565889  0.367129  0.712984  0.683943  0.701423  0.906451  0.487288  0.629357  0.130304  0.141330  0.181600  0.550809  0.889025  0.781454  0.640880  0.780272  0.530831  0.850314  0.716806  0.697222  0.419519  0.836802  0.559029  0.404264  0.655985  0.798221  0.723213  0.291801  0.236266  0.748923  0.385143  0.262142  0.592955  0.772168  0.816613  0.660280  0.236657  0.769261  0.423857  0.198104  0.625272  0.647744  0.748326  0.668074  0.394457  0.641064  0.748194  0.304982  0.863520  0.686048  0.490712  0.012988  0.184753  0.199786  0.326972  0.543286  0.736557  0.259231  0.377450  0.290582  0.642571  0.785955  0.387515 
22  0.452131  0.718533  0.722766  0.933233  0.621465  0.231543  0.257981  0.460009  0.897513  0.440156  0.517637  0.825792  0.676384  0.401167  0.806950  0.541484  0.235022  0.353630  0.186343  0.469363  0.592322  0.472671 0.0  0.638995  0.836547  0.411162  0.613255  0.318457  0.637908  0.680161  0.744330  0.586572  0.708129  0.867830  0.472955  0.345126  0.274425  0.853714  0.588411  0.536081  0.668221  0.499500  0.823417  0.679165  0.476273  0.737051  0.704883  0.662259  0.858674  0.693161  0.659916  0.597353  0.396348  0.323705  0.319447  0.687857  0.152079  0.518952  0.772807  0.402289  0.608993  0.714256  0.470269  0.739079  0.264011  0.472182  0.887538  0.625821  0.723668  0.791746  0.398907  0.891668  0.749908  0.381433  0.497898  0.668403  0.898837  0.394189  0.265771  0.336617  0.357045  0.874601  0.720105  0.319460  0.710096  0.598881  0.564569  0.768611  0.473292 
23  0.157232  0.215735  0.201279  0.529663  0.099447  0.565076  0.731870  0.025199  0.415237  0.821688  0.398318  0.468698  0.227924  0.877283  0.744784  0.484545  0.884526  0.540275  0.497288  0.875452  0.282932  0.849257  0.638995 0.0  0.393050  0.790699  0.572780  0.783408  0.368288  0.199057  0.276184  0.476657  0.336233  0.406396  0.860783  0.836326  0.633736  0.403431  0.189531  0.122148  0.337973  0.092295  0.597949  0.637698  0.414278  0.330834  0.195519  0.288267  0.385404  0.639423  0.267389  0.600686  0.099595  0.679848  0.667724  0.266467  0.528835  0.949221  0.427304  0.000000  0.127399  0.289330  0.850260  0.392808  0.570017  0.816638  0.522942  0.282026  0.404909  0.494137  0.744870  0.450294  0.309731  0.820482  0.212444  0.264970  0.438029  0.813339  0.739369  0.925925  0.776136  0.474376  0.383596  0.637607  0.586927  0.871763  0.620020  0.484714  0.482967 
24  0.333338  0.012216  0.306929  0.338758  0.408027  0.767755  0.529485  0.362377  0.387604  0.592255  0.407162  0.485570  0.391788  0.504349  0.849204  0.660261  0.474654  0.777076  0.762469  0.825538  0.340028  0.832475  0.836547  0.393050 0.0  0.737324  0.367290  0.605329  0.183652  0.294318  0.141921  0.863766  0.378141  0.367717  0.723811  0.722486  0.578228  0.479295  0.216747  0.375099  0.122253  0.374002  0.455214  0.586261  0.791370  0.106435  0.352027  0.131271  0.463623  0.573143  0.213122  0.866431  0.379421  0.535516  0.660846  0.182677  0.802912  0.818180  0.404400  0.413810  0.356057  0.150585  0.763215  0.186766  0.702302  0.791096  0.350134  0.288616  0.116055  0.416127  0.555566  0.378477  0.259134  0.620454  0.442611  0.361597  0.361305  0.767824  0.678809  0.790168  0.510175  0.453499  0.097199  0.670604  0.599659  0.777121  0.332959  0.140102  0.450790 
25  0.699178  0.566179  0.574086  0.562765  0.865934  0.467511  0.209175  0.705652  0.566141  0.413267  0.531735  0.616327  0.364919  0.501285  0.564500  0.290189  0.334697  0.444292  0.437196  0.181103  0.876430  0.230210  0.411162  0.790699  0.737324 0.0  0.528095  0.333255  0.635424  0.618076  0.687031  0.832522  0.600550  0.611216  0.279594  0.265084  0.325684  0.515554  0.808700  0.676449  0.736377  0.681556  0.574751  0.812076  0.689855  0.757911  0.562101  0.625250  0.625088  0.469740  0.511522  0.841078  0.624441  0.315741  0.421090  0.769643  0.411259  0.325207  0.525078  0.681914  0.907603  0.770809  0.218524  0.784052  0.492405  0.166630  0.506955  0.523351  0.621399  0.535165  0.322039  0.633262  0.638451  0.418097  0.810077  0.541325  0.664710  0.014551  0.309525  0.142848  0.242325  0.523775  0.678101  0.167636  0.409464  0.126846  0.574128  0.719630  0.401228 
26  0.500500  0.336698  0.345947  0.631527  0.605737  0.577191  0.216072  0.447357  0.468506  0.309546  0.439517  0.597662  0.550547  0.352029  0.544970  0.511717  0.323744  0.568523  0.595685  0.630392  0.638537  0.565889  0.613255  0.572780  0.367290  0.528095 0.0  0.399675  0.464650  0.512812  0.277920  0.708892  0.546458  0.574488  0.553442  0.645801  0.332360  0.555040  0.602188  0.548359  0.259903  0.675078  0.618950  0.309720  0.545768  0.399669  0.602730  0.409045  0.530957  0.631338  0.515806  0.638022  0.530652  0.356081  0.490616  0.314626  0.657389  0.540826  0.567358  0.599071  0.508829  0.537200  0.470205  0.308524  0.582258  0.668011  0.657562  0.419651  0.382007  0.510389  0.259890  0.600564  0.612602  0.301950  0.585665  0.376410  0.788130  0.484749  0.458579  0.633492  0.401790  0.673823  0.408058  0.469321  0.588092  0.640323  0.250321  0.434357  0.361490 
27  0.838278  0.396787  0.661431  0.747653  0.727501  0.276543  0.220744  0.771998  0.841236  0.159485  0.484904  0.680560  0.742752  0.152905  0.706051  0.581847  0.302870  0.256859  0.257149  0.465212  0.720116  0.367129  0.318457  0.783408  0.605329  0.333255  0.399675 0.0  0.699038  0.708089  0.504643  0.627713  0.673744  0.798138  0.211799  0.309581  0.182705  0.738679  0.696650  0.721798  0.466866  0.815141  0.673066  0.460157  0.699596  0.379122  0.741523  0.420010  0.696241  0.537646  0.661881  0.719312  0.839444  0.212103  0.237793  0.499557  0.289917  0.289798  0.675656  0.660909  0.785822  0.583037  0.344508  0.519932  0.387018  0.372323  0.855899  0.621734  0.652820  0.703262  0.092959  0.689236  0.577143  0.250296  0.808295  0.659074  0.693972  0.295045  0.298143  0.321464  0.088599  0.732862  0.641047  0.176042  0.547150  0.413539  0.257627  0.474774  0.480129 
28  0.238766  0.339820  0.182713  0.261667  0.338264  0.531555  0.592045  0.212598  0.288834  0.696563  0.456084  0.374281  0.320242  0.713700  0.654179  0.503624  0.672423  0.706552  0.552058  0.592918  0.254512  0.712984  0.637908  0.368288  0.183652  0.635424  0.464650  0.699038 0.0  0.199596  0.340521  0.624504  0.324627  0.226177  0.672147  0.672039  0.688360  0.186249  0.204627  0.284282  0.339841  0.240645  0.278543  0.673747  0.729694  0.230422  0.311071  0.260873  0.368684  0.461872  0.186412  0.587813  0.138750  0.659224  0.608962  0.260666  0.693797  0.633749  0.186879  0.283119  0.308939  0.193253  0.551739  0.189501  0.650140  0.599475  0.352297  0.316597  0.350318  0.169104  0.689638  0.307315  0.214856  0.646710  0.283548  0.265398  0.217274  0.649563  0.702706  0.612002  0.582349  0.392970  0.263060  0.622496  0.509512  0.673113  0.530129  0.395231  0.455524 
29  0.238029  0.314198  0.166078  0.306905  0.245618  0.704660  0.718051  0.288777  0.285656  0.685632  0.433966  0.267589  0.282004  0.714314  0.622476  0.571746  0.688220  0.760348  0.817273  0.663327  0.204605  0.683943  0.680161  0.199057  0.294318  0.618076  0.512812  0.708089  0.199596 0.0  0.320630  0.531591  0.243008  0.349489  0.607722  0.649211  0.717911  0.272200  0.275742  0.274917  0.193004  0.239193  0.174021  0.605684  0.617495  0.222922  0.316457  0.253308  0.238882  0.405974  0.214086  0.567768  0.198025  0.632484  0.674990  0.263005  0.578751  0.661696  0.345479  0.241826  0.313923  0.266177  0.565096  0.123160  0.732685  0.644506  0.304170  0.240100  0.246530  0.274358  0.571127  0.293359  0.293012  0.773018  0.240512  0.232153  0.210652  0.727286  0.694096  0.748282  0.691615  0.204995  0.317488  0.728916  0.591010  0.626450  0.548849  0.221601  0.471545 
30  0.381196  0.104494  0.315922  0.289641  0.406709  0.679421  0.567995  0.536200  0.253708  0.578294  0.445773  0.447321  0.306680  0.457095  0.718448  0.504535  0.531957  0.630815  0.638734  0.682720  0.308444  0.701423  0.744330  0.276184  0.141921  0.687031  0.277920  0.504643  0.340521  0.320630 0.0  0.613011  0.244932  0.208479  0.714586  0.688398  0.432618  0.359243  0.424936  0.328487  0.108813  0.407314  0.378320  0.581433  0.846227  0.190562  0.369446  0.303052  0.361126  0.549872  0.241579  0.721044  0.292106  0.383479  0.595484  0.128333  0.748956  0.796249  0.282696  0.377979  0.311949  0.193934  0.703901  0.147943  0.615565  0.776989  0.288595  0.228300  0.132106  0.403583  0.511115  0.251017  0.156286  0.429713  0.287408  0.233935  0.412754  0.677619  0.718263  0.754720  0.476766  0.344642  0.048867  0.643361  0.560440  0.773016  0.290703  0.047254  0.451804 
31  0.465120  0.688001  0.643668  0.864352  0.599888  0.616462  0.684957  0.458679  0.832679  0.764639  0.506936  0.843845  0.685270  0.805986  0.429717  0.602274  0.708752  0.608572  0.491852  0.989371  0.567985  0.906451  0.586572  0.476657  0.863766  0.832522  0.708892  0.627713  0.624504  0.531591  0.613011 0.0  0.785754  0.772272  0.819943  0.836761  0.646373  0.813933  0.707380  0.557208  0.714242  0.445552  0.872179  0.402911  0.028902  0.698171  0.794505  0.801974  0.873498  0.534657  0.523540  0.148573  0.402478  0.757647  0.725851  0.805283  0.554322  0.840371  0.885411  0.391131  0.591398  0.605822  0.883080  0.896905  0.451583  0.907186  0.817761  0.591373  0.694741  0.770063  0.783514  0.780170  0.597495  0.724452  0.673504  0.665336  0.849586  0.729807  0.684981  0.848139  0.786255  0.905037  0.622921  0.699512  0.688604  0.862449  0.624344  0.814450  0.384357 
32  0.467958  0.335931  0.282678  0.118445  0.227108  0.817636  0.721584  0.227239  0.062945  0.810481  0.385839  0.019109  0.227901  0.838130  0.487882  0.370904  0.723480  0.712020  0.698059  0.412715  0.354341  0.487288  0.708129  0.336233  0.378141  0.600550  0.546458  0.673744  0.324627  0.243008  0.244932  0.785754 0.0  0.056916  0.466777  0.481550  0.730781  0.113722  0.374723  0.348067  0.460395  0.358058  0.060226  0.779006  0.685733  0.362409  0.265236  0.305215  0.000000  0.279945  0.207523  0.657847  0.277745  0.748336  0.687121  0.475846  0.740320  0.411515  0.033406  0.280153  0.186298  0.236206  0.523671  0.413344  0.664558  0.384596  0.034238  0.226283  0.379314  0.000000  0.823346  0.137812  0.295326  0.767244  0.247083  0.365931  0.030960  0.517706  0.602445  0.432413  0.785083  0.045567  0.298713  0.617280  0.280237  0.449513  0.589055  0.381769  0.516600 
33  0.389674  0.414406  0.238435  0.166892  0.377965  0.707641  0.773904  0.292982  0.095419  0.671179  0.399827  0.125978  0.130490  0.713121  0.627277  0.242383  0.812661  0.934053  0.954074  0.662731  0.404545  0.629357  0.867830  0.406396  0.367717  0.611216  0.574488  0.798138  0.226177  0.349489  0.208479  0.772272  0.056916 0.0  0.722966  0.548717  0.678295  0.303937  0.498820  0.407943  0.331635  0.339986  0.267777  0.808592  0.628238  0.419769  0.173948  0.142329  0.169337  0.389158  0.248852  0.847049  0.243112  0.738805  0.643969  0.346672  0.808322  0.646457  0.096765  0.269503  0.500212  0.271120  0.574867  0.383849  0.850722  0.593516  0.195691  0.303577  0.238845  0.177597  0.899369  0.261252  0.256713  0.650604  0.381630  0.283691  0.198171  0.375838  0.658595  0.617593  0.794233  0.151543  0.315467  0.661435  0.346468  0.612414  0.442555  0.385334  0.503972 
34  0.795741  0.795997  0.764566  0.680315  0.780310  0.391038  0.415526  0.655895  0.513723  0.385232  0.423787  0.465279  0.498036  0.429593  0.517435  0.314532  0.358658  0.372825  0.399953  0.289970  0.809052  0.130304  0.472955  0.860783  0.723811  0.279594  0.553442  0.211799  0.672147  0.607722  0.714586  0.819943  0.466777  0.722966 0.0  0.257180  0.406069  0.631388  0.863311  0.807146  0.831704  0.694074  0.542590  0.795360  0.679418  0.698320  0.556102  0.725960  0.576591  0.410894  0.594525  0.908171  0.832766  0.226722  0.363307  0.809480  0.515677  0.275457  0.616855  0.699967  0.861654  0.656980  0.212646  0.637866  0.576084  0.071980  0.622987  0.654815  0.716571  0.630875  0.334057  0.613294  0.593288  0.287677  0.877005  0.741877  0.618662  0.012005  0.199522  0.202173  0.302829  0.612446  0.700568  0.322951  0.389121  0.179684  0.576386  0.822922  0.530499 
35  0.756270  0.764094  0.598359  0.677273  0.893041  0.416351  0.277845  0.719086  0.598246  0.388315  0.438489  0.645421  0.486786  0.317090  0.493571  0.246481  0.311769  0.421688  0.482432  0.236860  0.867075  0.141330  0.345126  0.836326  0.722486  0.265084  0.645801  0.309581  0.672039  0.649211  0.688398  0.836761  0.481550  0.548717  0.257180 0.0  0.382163  0.579193  0.853391  0.723241  0.816886  0.723268  0.642053  0.782775  0.729650  0.586580  0.400923  0.853147  0.605479  0.313694  0.695609  0.844893  0.700489  0.398126  0.296855  0.748164  0.532154  0.125098  0.573708  0.682803  0.828599  0.648339  0.189629  0.735168  0.509829  0.189589  0.571945  0.632509  0.703319  0.541474  0.413548  0.538624  0.695927  0.266367  0.792109  0.658490  0.477580  0.055633  0.311579  0.287098  0.388287  0.556866  0.731640  0.270197  0.293192  0.143554  0.632864  0.762927  0.458028 
36  0.802644  0.493643  0.664499  0.783813  0.724206  0.274305  0.045330  0.718456  0.766501  0.131017  0.410573  0.772735  0.629251  0.188108  0.678060  0.522349  0.187642  0.293056  0.283485  0.369295  0.741455  0.181600  0.274425  0.633736  0.578228  0.325684  0.332360  0.182705  0.688360  0.717911  0.432618  0.646373  0.730781  0.678295  0.406069  0.382163 0.0  0.703992  0.743205  0.716468  0.499043  0.636475  0.789967  0.474210  0.773537  0.450927  0.719816  0.481557  0.659486  0.594801  0.680348  0.726738  0.846153  0.273213  0.391653  0.527005  0.384396  0.348774  0.743038  0.702364  0.843340  0.556077  0.410891  0.484908  0.304301  0.264827  0.730928  0.560845  0.559506  0.723998  0.102764  0.678931  0.705371  0.218951  0.750015  0.666010  0.818492  0.297284  0.285421  0.453875  0.000000  0.692292  0.530733  0.312879  0.446948  0.341528  0.355813  0.528204  0.375537 
37  0.415199  0.421811  0.144072  0.340267  0.428098  0.859406  0.712431  0.321453  0.107328  0.689282  0.392862  0.152427  0.017758  0.781361  0.573288  0.271982  0.730827  0.833630  0.807134  0.616194  0.479667  0.550809  0.853714  0.403431  0.479295  0.515554  0.555040  0.738679  0.186249  0.272200  0.359243  0.813933  0.113722  0.303937  0.631388  0.579193  0.703992 0.0  0.409897  0.270981  0.334924  0.324849  0.246637  0.734603  0.692902  0.283926  0.040713  0.243112  0.137562  0.300766  0.159643  0.783470  0.343627  0.681294  0.725435  0.535662  0.885010  0.555452  0.171929  0.298302  0.381858  0.250549  0.483861  0.483437  0.818118  0.548138  0.195576  0.268331  0.295325  0.128695  0.755052  0.177764  0.219058  0.737459  0.431864  0.300478  0.248775  0.371229  0.642526  0.629603  0.634918  0.301157  0.304713  0.709251  0.401030  0.612823  0.603864  0.384439  0.453633 
38  0.129392  0.280256  0.299963  0.576986  0.211758  0.522268  0.742986  0.023908  0.459432  0.869944  0.521004  0.539858  0.419279  0.797622  0.855256  0.566035  0.740730  0.614031  0.545192  0.790850  0.276457  0.889025  0.588411  0.189531  0.216747  0.808700  0.602188  0.696650  0.204627  0.275742  0.424936  0.707380  0.374723  0.498820  0.863311  0.853391  0.743205  0.409897 0.0  0.169038  0.251765  0.035906  0.461731  0.835192  0.497655  0.336279  0.347603  0.267229  0.375737  0.677264  0.289854  0.544064  0.143384  0.640829  0.714634  0.450381  0.647141  0.797672  0.421620  0.105622  0.173885  0.207199  0.752195  0.360966  0.560547  0.849694  0.371167  0.234086  0.291998  0.342535  0.893634  0.400962  0.245865  0.680909  0.267292  0.197072  0.475228  0.699036  0.642635  0.829976  0.752681  0.495805  0.320722  0.652305  0.685540  0.914643  0.592205  0.395772  0.428975 
39  0.117411  0.310542  0.210355  0.303729  0.065106  0.447247  0.741144  0.068276  0.428908  0.837758  0.478293  0.286900  0.268880  0.731168  0.814493  0.587356  0.734323  0.511282  0.462412  0.770835  0.150724  0.781454  0.536081  0.122148  0.375099  0.676449  0.548359  0.721798  0.284282  0.274917  0.328487  0.557208  0.348067  0.407943  0.807146  0.723241  0.716468  0.270981  0.169038 0.0  0.348463  0.225149  0.394048  0.781948  0.505042  0.434806  0.393962  0.331171  0.246532  0.547629  0.253834  0.429621  0.072150  0.842407  0.635885  0.380072  0.516913  0.745492  0.385086  0.112242  0.148644  0.242827  0.688401  0.370874  0.575672  0.866743  0.407650  0.296932  0.321281  0.343173  0.763316  0.457343  0.290671  0.854201  0.159712  0.206294  0.398784  0.772459  0.652918  0.741152  0.771955  0.295379  0.422703  0.706731  0.540222  0.757205  0.599439  0.377798  0.450821 
40  0.325171  0.118785  0.234642  0.505740  0.335554  0.707405  0.473366  0.286519  0.214261  0.556970  0.357202  0.364258  0.490797  0.470631  0.628717  0.588006  0.503756  0.686469  0.781474  0.704446  0.317051  0.640880  0.668221  0.337973  0.122253  0.736377  0.259903  0.466866  0.339841  0.193004  0.108813  0.714242  0.460395  0.331635  0.831704  0.816886  0.499043  0.334924  0.251765  0.348463 0.0  0.358679  0.295283  0.610913  0.790935  0.131882  0.400827  0.000000  0.311958  0.564334  0.167274  0.830043  0.377099  0.423294  0.680927  0.013943  0.671319  0.700493  0.343872  0.371990  0.483689  0.264771  0.741517  0.187526  0.744164  0.757083  0.330178  0.277789  0.064953  0.320328  0.577523  0.344931  0.257126  0.404102  0.318041  0.171208  0.282035  0.785409  0.719568  0.744652  0.564847  0.317386  0.075345  0.601711  0.461166  0.713908  0.413252  0.099896  0.416136 
41  0.208896  0.411109  0.264903  0.416005  0.170587  0.516892  0.798161  0.217358  0.331018  0.830444  0.513740  0.344443  0.342080  0.795231  0.807109  0.596885  0.630990  0.515063  0.404566  0.701823  0.095275  0.780272  0.499500  0.092295  0.374002  0.681556  0.675078  0.815141  0.240645  0.239193  0.407314  0.445552  0.358058  0.339986  0.694074  0.723268  0.636475  0.324849  0.035906  0.225149  0.358679 0.0  0.252368  0.715448  0.493486  0.479863  0.338013  0.459991  0.314928  0.637969  0.163091  0.457386  0.000000  0.789227  0.656992  0.390677  0.480359  0.743764  0.378903  0.117684  0.078107  0.210257  0.713095  0.353622  0.468319  0.669275  0.364280  0.251434  0.376411  0.300547  0.763688  0.299552  0.266395  0.727054  0.066065  0.269990  0.329990  0.737810  0.650584  0.741557  0.650363  0.334898  0.271662  0.632498  0.469902  0.676835  0.467714  0.406793  0.482441 
42  0.354259  0.263649  0.314843  0.177110  0.451383  0.879936  0.811255  0.278802  0.238360  0.767909  0.448643  0.236900  0.125235  0.711452  0.637003  0.379000  0.796573  0.848726  0.821957  0.726360  0.460603  0.530831  0.823417  0.597949  0.455214  0.574751  0.618950  0.673066  0.278543  0.174021  0.378320  0.872179  0.060226  0.267777  0.542590  0.642053  0.789967  0.246637  0.461731  0.394048  0.295283  0.252368 0.0  0.808943  0.744097  0.263349  0.066633  0.373235  0.235667  0.376447  0.306418  0.775146  0.353924  0.767658  0.701417  0.421403  0.828594  0.592993  0.231569  0.348394  0.351510  0.364648  0.573220  0.370394  1.000000  0.485373  0.128528  0.320750  0.348817  0.138264  0.715344  0.277484  0.245916  0.791221  0.466555  0.192151  0.122828  0.439561  0.731533  0.596318  0.815513  0.176011  0.391837  0.608651  0.355764  0.586130  0.676447  0.346515  0.497598 
43  0.839180  0.522403  0.679996  0.772798  0.769343  0.869026  0.528275  0.672806  0.796884  0.528197  0.509895  0.782006  0.815853  0.577191  0.384766  0.588946  0.510025  0.827462  0.748691  0.877163  0.725149  0.850314  0.679165  0.637698  0.586261  0.812076  0.309720  0.460157  0.673747  0.605684  0.581433  0.402911  0.779006  0.808592  0.795360  0.782775  0.474210  0.734603  0.835192  0.781948  0.610913  0.715448  0.808943 0.0  0.341747  0.533446  0.805335  0.562994  0.711209  0.548514  0.725230  0.343295  0.782011  0.600837  0.663004  0.470004  0.632243  0.778078  0.785036  0.868385  0.798366  0.668359  0.860548  0.636667  0.793582  0.835974  0.864221  0.700778  0.583622  0.803050  0.596592  0.897080  0.686783  0.452957  0.792006  0.658566  0.765702  0.785608  0.665599  0.795565  0.561645  0.744016  0.500903  0.626976  0.522744  0.805318  0.384622  0.508003  0.468896 
44  0.592373  0.748927  0.584548  0.633831  0.335048  0.443131  0.809419  0.574197  0.755880  0.771557  0.491474  0.666587  0.651143  0.847067  0.336727  0.535049  0.706890  0.437228  0.500728  0.749877  0.425059  0.716806  0.476273  0.414278  0.791370  0.689855  0.545768  0.699596  0.729694  0.617495  0.846227  0.028902  0.685733  0.628238  0.679418  0.729650  0.773537  0.692902  0.497655  0.505042  0.790935  0.493486  0.744097  0.341747 0.0  0.845447  0.705361  0.851886  0.692100  0.454844  0.664020  0.033026  0.473700  0.718092  0.602162  0.663396  0.421719  0.737070  0.768135  0.440709  0.550521  0.620938  0.728030  0.927130  0.496909  0.644024  0.721679  0.699166  0.792898  0.666415  0.720637  0.652878  0.659597  0.792212  0.508678  0.687118  0.675626  0.774201  0.704803  0.708686  0.740006  0.746282  0.644224  0.649148  0.469224  0.724552  0.688317  0.821605  0.538306 
