89
0 0.0  0.402292  0.263968  0.381224  0.192270  0.498872  0.761593  0.171119  0.521626  0.883613  0.499237  0.419155  0.348883  0.857909  0.729388  0.623502  0.763225  0.498415  0.555624  0.738073  0.000000  0.761052  0.556568  0.187341  0.399529  0.900447  0.644676  0.775561  0.348049  0.115180  0.389721  0.559719  0.292382  0.354151  0.738008  0.786219  0.851970  0.455888  0.261896  0.163889  0.405150  0.079567  0.414903  0.807458  0.544623  0.374875  0.382170  0.372874  0.295343  0.624153  0.322834  0.545100  0.050803  0.859377  0.555211  0.376216  0.579246  0.771628  0.407299  0.140479  0.214803  0.296014  0.813524  0.367737  0.597826  0.839424  0.379208  0.278750  0.351480  0.496476  0.727931  0.477412  0.276659  0.756541  0.039035  0.210763  0.399596  0.823085  0.658693  0.822673  0.816064  0.358361  0.366870  0.644106  0.633043  0.853022  0.577426  0.360906  0.591980 
1  0.402292 0.0  0.241598  0.273156  0.389103  0.764304  0.532016  0.396780  0.385326  0.555930  0.474866  0.213192  0.293159  0.709582  0.743926  0.563750  0.434815  0.766553  0.752108  0.801606  0.291739  0.706409  0.807224  0.311254  0.078928  0.811779  0.330991  0.545817  0.263607  0.291355  0.259408  0.748320  0.265847  0.387205  0.643292  0.770889  0.501807  0.362677  0.398120  0.407322  0.000000  0.624241  0.308147  0.451813  0.815711  0.213404  0.349931  0.232564  0.322757  0.557787  0.250736  0.664958  0.293497  0.404886  0.658519  0.063790  0.666189  0.729980  0.277221  0.336118  0.392266  0.230534  0.638806  0.084685  0.705447  0.735979  0.275905  0.236525  0.029257  0.393023  0.518215  0.438828  0.333116  0.513589  0.396851  0.376984  0.257064  0.698654  0.651990  0.825764  0.428661  0.329574  0.079300  0.646289  0.552995  0.759396  0.447827  0.036792  0.543081 
2  0.263968  0.241598 0.0  0.195856  0.234012  0.660308  0.602689  0.224437  0.285930  0.526205  0.546894  0.240143  0.333303  0.743318  0.616206  0.441625  0.689392  0.727895  0.708379  0.687435  0.236220  0.657042  0.651952  0.305082  0.278555  0.586786  0.559005  0.566002  0.280422  0.176851  0.197125  0.633750  0.281977  0.203430  0.699899  0.721385  0.633310  0.341627  0.358134  0.310746  0.230542  0.224052  0.219434  0.714287  0.710591  0.192724  0.304052  0.318341  0.274298  0.432878  0.205711  0.618342  0.389796  0.615265  0.582324  0.318723  0.653667  0.687535  0.217524  0.215718  0.338843  0.244879  0.640685  0.254764  0.602053  0.620466  0.282384  0.303981  0.306903  0.238329  0.678519  0.258057  0.241005  0.630382  0.242150  0.227560  0.298846  0.653327  0.705139  0.740255  0.583953  0.196665  0.280189  0.680286  0.540421  0.641381  0.409370  0.304056  0.418341 
3  0.381224  0.273156  0.195856 0.0  0.453801  0.907531  0.670021  0.268131  0.207286  0.832204  0.452226  0.334481  0.084875  0.831140  0.596982  0.267525  0.607916  0.784842  0.880112  0.603236  0.387379  0.572233  0.827928  0.410200  0.341847  0.608172  0.605789  0.677579  0.302560  0.270263  0.297610  0.944461  0.054544  0.211206  0.581684  0.602924  0.690819  0.153884  0.449800  0.421811  0.440886  0.363136  0.060365  0.759342  0.809590  0.230889  0.001441  0.283895  0.149430  0.278406  0.250205  0.791296  0.453540  0.644416  0.687201  0.407440  0.875191  0.527492  0.268972  0.286368  0.447273  0.227759  0.591761  0.357641  0.814900  0.599233  0.173255  0.168200  0.416822  0.164777  0.765868  0.215790  0.264253  0.698661  0.382357  0.253071  0.111734  0.359456  0.653052  0.602976  0.760915  0.142812  0.393793  0.658029  0.359719  0.679094  0.597502  0.312069  0.429577 
4  0.192270  0.389103  0.234012  0.453801 0.0  0.659330  0.769743  0.000000  0.451385  0.833967  0.580357  0.481544  0.378924  0.766198  0.864870  0.446842  0.645652  0.673733  0.700550  0.945588  0.221893  0.793848  0.632705  0.138695  0.475840  0.809103  0.596066  0.737193  0.279333  0.297557  0.336143  0.598328  0.335149  0.563058  0.892625  0.899766  0.617131  0.438139  0.207681  0.007887  0.336306  0.179625  0.584054  0.803729  0.406851  0.431945  0.356922  0.399484  0.446518  0.604496  0.302393  0.537250  0.073361  0.721315  0.655898  0.356929  0.650681  0.902865  0.457542  0.099451  0.171880  0.234028  0.923315  0.309947  0.518866  0.831149  0.536755  0.374983  0.395457  0.474375  0.896293  0.437142  0.411264  0.813180  0.188271  0.257508  0.391099  0.709786  0.678851  0.870619  0.752053  0.417505  0.338869  0.677795  0.771683  0.917818  0.567008  0.390936  0.483714 
5  0.498872  0.764304  0.660308  0.907531  0.659330 0.0  0.367962  0.567325  0.894534  0.388077  0.486674  0.868492  0.690178  0.363535  0.809929  0.589873  0.386837  0.288717  0.195982  0.543523  0.596807  0.503237  0.028277  0.609782  0.760555  0.492750  0.641691  0.252439  0.701959  0.729700  0.781971  0.487512  0.747680  0.863517  0.507707  0.391369  0.299441  0.877355  0.499010  0.511978  0.707028  0.489901  0.807015  0.789707  0.436702  0.762974  0.740401  0.737204  0.896762  0.630952  0.652616  0.670035  0.406753  0.305974  0.195636  0.730781  0.184827  0.420576  0.851815  0.491521  0.560513  0.670075  0.426364  0.750816  0.162580  0.502888  0.924905  0.669992  0.822862  0.860677  0.449681  0.762145  0.639824  0.311487  0.566673  0.678949  0.829413  0.241228  0.210731  0.485661  0.318552  0.971473  0.647918  0.217397  0.645962  0.385461  0.600474  0.780795  0.563597 
6  0.761593  0.532016  0.602689  0.670021  0.769743  0.367962 0.0  0.876041  0.774283  0.148736  0.524720  0.659213  0.743401  0.165909  0.757927  0.510620  0.079326  0.407557  0.340224  0.406555  0.678259  0.356030  0.460048  0.648611  0.579893  0.266712  0.324856  0.000000  0.649563  0.698200  0.611524  0.714967  0.787936  0.679069  0.335355  0.380945  0.025257  0.803435  0.821906  0.889880  0.436637  0.834037  0.782494  0.542273  0.855918  0.553205  0.809493  0.616312  0.779285  0.461025  0.632264  0.752392  0.742390  0.023825  0.358944  0.549946  0.308896  0.240580  0.749003  0.680726  0.733752  0.581565  0.266022  0.562101  0.334502  0.372141  0.722190  0.669314  0.528074  0.777928  0.104468  0.733102  0.570060  0.000000  0.777955  0.705519  0.699736  0.293652  0.247621  0.449286  0.000000  0.751336  0.478850  0.209241  0.661274  0.268443  0.414471  0.605726  0.643098 
7  0.171119  0.396780  0.224437  0.268131  0.000000  0.567325  0.876041 0.0  0.360616  0.891408  0.404654  0.309984  0.290092  0.717425  0.706253  0.530296  0.718447  0.434491  0.473711  0.773099  0.000000  0.814715  0.478299  0.041694  0.401918  0.789319  0.653965  0.636982  0.307883  0.198899  0.475472  0.443156  0.289795  0.368880  0.815808  0.689313  0.846008  0.299600  0.121150  0.178609  0.425821  0.100369  0.316505  0.850252  0.657864  0.421729  0.322695  0.558535  0.225001  0.530577  0.244318  0.572075  0.098176  0.685857  0.653294  0.365460  0.516731  0.623326  0.292075  0.121866  0.059459  0.261012  0.729120  0.384175  0.414374  0.783404  0.374502  0.272990  0.439222  0.265106  0.935136  0.239580  0.243527  0.684540  0.000000  0.324172  0.287663  0.715020  0.641358  0.802936  0.766633  0.344235  0.427831  0.709391  0.494509  0.779414  0.683401  0.362126  0.562889 
8  0.521626  0.385326  0.285930  0.207286  0.451385  0.894534  0.774283  0.360616 0.0  0.791063  0.515314  0.205456  0.103030  0.878782  0.625033  0.258819  0.791205  0.955492  0.797974  0.727726  0.527787  0.570430  0.858585  0.470680  0.463572  0.671502  0.679380  0.681480  0.236576  0.278307  0.293344  0.862807  0.052979  0.109821  0.628355  0.654735  0.715640  0.135568  0.458037  0.347566  0.350003  0.428332  0.206028  0.751668  0.656848  0.315061  0.115293  0.367059  0.370450  0.489431  0.247060  0.957010  0.428686  0.668374  0.641343  0.344906  0.784393  0.627863  0.217938  0.317109  0.425352  0.253175  0.469470  0.332280  0.804641  0.540806  0.156557  0.124629  0.379578  0.192409  0.627437  0.223954  0.318476  0.806956  0.474532  0.294270  0.152734  0.485389  0.649336  0.536645  0.793706  0.122259  0.346376  0.746845  0.278751  0.631100  0.621509  0.392126  0.488821 
9  0.883613  0.555930  0.526205  0.832204  0.833967  0.388077  0.148736  0.891408  0.791063 0.0  0.477606  0.876596  0.812899  0.173346  0.809064  0.637012  0.134752  0.387438  0.486336  0.308067  0.826510  0.435428  0.384311  0.674226  0.520105  0.472730  0.274985  0.120385  0.503943  0.647162  0.527149  0.757579  0.791992  0.788816  0.390459  0.454174  0.189289  0.775970  0.790516  0.741113  0.491371  0.783638  0.867286  0.570516  0.696687  0.575363  0.772336  0.564015  0.786960  0.676325  0.663005  0.807758  0.783834  0.013821  0.306120  0.597892  0.486780  0.401772  0.741304  0.792350  0.667678  0.755027  0.472887  0.605973  0.352428  0.338428  0.738296  0.656587  0.442720  0.757747  0.026892  0.794067  0.622249  0.162760  0.835914  0.690220  0.787876  0.330066  0.339592  0.411796  0.074920  0.875400  0.438024  0.250605  0.628263  0.420354  0.293316  0.505431  0.521218 
10  0.499237  0.474866  0.546894  0.452226  0.580357  0.486674  0.524720  0.404654  0.515314  0.477606 0.0  0.506277  0.427199  0.429057  0.426184  0.446109  0.450038  0.512661  0.621879  0.404683  0.540696  0.392257  0.475084  0.410241  0.441121  0.401109  0.463805  0.386255  0.450383  0.557789  0.500863  0.421734  0.464536  0.624544  0.405804  0.454928  0.352235  0.378913  0.524128  0.561561  0.498976  0.368013  0.503095  0.497925  0.429656  0.482993  0.527450  0.501052  0.498475  0.473739  0.500960  0.398145  0.422389  0.536512  0.419920  0.502629  0.501981  0.458549  0.488318  0.340728  0.444708  0.548273  0.419702  0.489475  0.546871  0.437576  0.436571  0.374999  0.433193  0.442000  0.414954  0.384574  0.392414  0.506805  0.493093  0.462089  0.525507  0.585064  0.410332  0.515846  0.381522  0.444959  0.434487  0.436815  0.430592  0.595331  0.475880  0.481897  0.402903 
11  0.419155  0.213192  0.240143  0.334481  0.481544  0.868492  0.659213  0.309984  0.205456  0.876596  0.506277 0.0  0.072697  0.793486  0.583257  0.193769  0.743593  0.808178  0.827265  0.641488  0.489266  0.588617  0.816838  0.467983  0.360216  0.647536  0.631704  0.823336  0.326861  0.274846  0.340377  0.906760  0.049419  0.188817  0.553729  0.665084  0.697740  0.154548  0.487115  0.409337  0.244335  0.306180  0.258354  0.716886  0.818924  0.379906  0.090841  0.363420  0.196712  0.440871  0.249293  1.000000  0.469597  0.744106  0.561944  0.379882  0.841989  0.634321  0.224459  0.275943  0.515677  0.361158  0.574488  0.514893  0.773808  0.593195  0.115905  0.254999  0.362172  0.180580  0.795918  0.175695  0.287756  0.648025  0.479945  0.223264  0.260247  0.490135  0.676798  0.583872  0.674407  0.213693  0.302749  0.689521  0.288951  0.631098  0.702407  0.398474  0.368456 
12  0.348883  0.293159  0.333303  0.084875  0.378924  0.690178  0.743401  0.290092  0.103030  0.812899  0.427199  0.072697 0.0  0.775493  0.348482  0.457104  0.738504  0.833112  0.691825  0.480357  0.306856  0.493261  0.632707  0.349397  0.357150  0.519222  0.637003  0.714810  0.191801  0.231944  0.254119  0.935992  0.259255  0.012051  0.400770  0.535336  0.646819  0.115675  0.306534  0.412165  0.370660  0.455744  0.034916  0.876658  0.761558  0.453341  0.175685  0.340090  0.068199  0.212803  0.204414  0.765532  0.321846  0.674444  0.600206  0.251935  0.623735  0.536723  0.056767  0.394695  0.278924  0.239593  0.327547  0.530999  0.818047  0.584320  0.034436  0.270419  0.391754  0.096357  0.714643  0.093964  0.240314  0.834202  0.295656  0.321558  0.049018  0.369061  0.706841  0.513777  0.920174  0.000000  0.282867  0.627791  0.276605  0.451680  0.642375  0.341175  0.400715 
13  0.857909  0.709582  0.743318  0.831140  0.766198  0.363535  0.165909  0.717425  0.878782  0.173346  0.429057  0.793486  0.775493 0.0  0.757279  0.546323  0.124102  0.406582  0.467284  0.511652  0.901449  0.416263  0.343241  0.801246  0.592872  0.369909  0.268602  0.048634  0.700963  0.658228  0.480090  0.730608  0.674775  0.871932  0.426841  0.428355  0.188986  0.717393  0.779852  0.837930  0.508573  0.806336  0.902587  0.537487  0.738007  0.485876  0.860079  0.507862  0.859779  0.751932  0.679825  0.759960  0.838130  0.090016  0.274896  0.556250  0.332348  0.412218  0.760846  0.820588  0.869072  0.633232  0.316285  0.498132  0.318560  0.425155  0.708655  0.697561  0.538031  0.770672  0.173884  0.779957  0.697142  0.145863  0.901152  0.757387  0.870336  0.387210  0.218213  0.437094  0.213703  0.828351  0.494128  0.271388  0.663002  0.316963  0.466686  0.653395  0.439312 
14  0.729388  0.743926  0.616206  0.596982  0.864870  0.809929  0.757927  0.706253  0.625033  0.809064  0.426184  0.583257  0.348482  0.757279 0.0  0.304831  0.756506  0.832844  0.868973  0.572469  0.898990  0.575117  0.825781  0.842263  0.888824  0.541343  0.560347  0.790960  0.754242  0.614456  0.630346  0.438505  0.428596  0.626886  0.580695  0.616298  0.786278  0.661005  0.918141  0.770831  0.794349  0.732805  0.660201  0.440724  0.299052  0.690679  0.455798  0.734315  0.608445  0.377659  0.720152  0.467053  0.666281  0.727297  0.723683  0.812049  0.789277  0.608741  0.555457  0.691025  0.870932  0.657374  0.724621  0.737286  0.813639  0.590472  0.478771  0.733557  0.848694  0.630901  0.932470  0.536344  0.659199  0.670905  0.895857  0.595403  0.577005  0.409157  0.650344  0.552971  0.696319  0.543023  0.778566  0.744295  0.466293  0.659584  0.632946  0.900467  0.397425 
15  0.623502  0.563750  0.441625  0.267525  0.446842  0.589873  0.510620  0.530296  0.258819  0.637012  0.446109  0.193769  0.457104  0.546323  0.304831 0.0  0.488968  0.629589  0.504698  0.243418  0.490372  0.177604  0.481049  0.513832  0.638948  0.172407  0.569462  0.552592  0.317116  0.455401  0.525280  0.547580  0.359109  0.287752  0.292245  0.200187  0.601821  0.284214  0.512510  0.641750  0.679666  0.477139  0.354134  0.651258  0.608721  0.481814  0.415161  0.486023  0.194796  0.295824  0.380134  0.500088  0.447698  0.580321  0.452094  0.630832  0.589164  0.257942  0.253722  0.551503  0.584833  0.521271  0.371300  0.582482  0.484664  0.298542  0.169668  0.462073  0.521320  0.283623  0.508029  0.292308  0.437964  0.570775  0.497061  0.467535  0.251010  0.251087  0.415227  0.319751  0.775230  0.213235  0.470715  0.446378  0.178746  0.195579  0.481397  0.589457  0.477903 
16  0.763225  0.434815  0.689392  0.607916  0.645652  0.386837  0.079326  0.718447  0.791205  0.134752  0.450038  0.743593  0.738504  0.124102  0.756506  0.488968 0.0  0.392871  0.363553  0.334225  0.760579  0.390281  0.401315  0.673486  0.604120  0.352727  0.343467  0.051600  0.676417  0.697023  0.469287  0.691011  0.780672  0.684292  0.377533  0.431440  0.279587  0.766798  0.770821  0.812460  0.487358  0.824653  0.648038  0.480191  0.714180  0.444594  0.824841  0.517472  0.752061  0.491086  0.663197  0.748022  0.901223  0.189136  0.275473  0.454564  0.352017  0.362715  0.764878  0.827737  0.712316  0.592986  0.338736  0.514174  0.381842  0.270967  0.738817  0.693053  0.689675  0.654971  0.051022  0.826536  0.699847  0.223154  0.722342  0.662672  0.759043  0.388176  0.354783  0.320529  0.010798  0.714628  0.555481  0.263618  0.555995  0.225204  0.294515  0.597457  0.491920 
17  0.498415  0.766553  0.727895  0.784842  0.673733  0.288717  0.407557  0.434491  0.955492  0.387438  0.512661  0.808178  0.833112  0.406582  0.832844  0.629589  0.392871 0.0  0.183323  0.353810  0.647893  0.468264  0.215149  0.583693  0.753505  0.448370  0.545207  0.356435  0.636405  0.571688  0.753801  0.595547  0.717474  0.895459  0.460674  0.474613  0.287319  0.852930  0.565947  0.558637  0.717849  0.411251  0.801090  0.832918  0.495575  0.712192  0.765047  0.855227  0.983027  0.665514  0.691197  0.561090  0.474326  0.373287  0.121094  0.735984  0.242788  0.456095  0.896820  0.540444  0.614610  0.652677  0.459097  0.772248  0.245697  0.474347  0.898740  0.745658  0.726311  0.995330  0.403663  0.870676  0.696699  0.358947  0.652464  0.713311  0.864847  0.316899  0.297992  0.458098  0.360938  0.832766  0.762495  0.241445  0.568536  0.488664  0.566761  0.790712  0.530537 
18  0.555624  0.752108  0.708379  0.880112  0.700550  0.195982  0.340224  0.473711  0.797974  0.486336  0.621879  0.827265  0.691825  0.467284  0.868973  0.504698  0.363553  0.183323 0.0  0.452064  0.564974  0.518248  0.216601  0.659911  0.899386  0.332253  0.589597  0.269138  0.627796  0.661725  0.732679  0.482125  0.744204  0.772764  0.428501  0.423786  0.435118  0.874024  0.590948  0.583442  0.694230  0.401379  0.844426  0.838629  0.493326  0.725040  0.713318  0.768051  0.882374  0.594080  0.670897  0.625930  0.386383  0.277128  0.144461  0.754071  0.238595  0.401132  0.803783  0.390807  0.534711  0.656824  0.359563  0.771065  0.259253  0.453609  0.864236  0.710508  0.708688  0.896061  0.330239  0.855856  0.668039  0.280816  0.667867  0.692591  0.962959  0.337597  0.240672  0.431249  0.302506  0.949426  0.753640  0.345409  0.668844  0.477851  0.565473  0.781816  0.460455 
19  0.738073  0.801606  0.687435  0.603236  0.945588  0.543523  0.406555  0.773099  0.727726  0.308067  0.404683  0.641488  0.480357  0.511652  0.572469  0.243418  0.334225  0.353810  0.452064 0.0  0.999089  0.344280  0.542361  0.746127  0.849370  0.212193  0.609928  0.357939  0.660842  0.706146  0.886649  0.890220  0.403320  0.579840  0.189202  0.143971  0.268821  0.541670  0.912442  0.849935  0.681861  0.732907  0.603575  0.776352  0.823596  0.635513  0.529870  0.749168  0.664860  0.498680  0.576963  0.965921  0.747315  0.324986  0.249491  0.853987  0.536225  0.155270  0.718692  0.785083  0.953205  0.678395  0.199244  0.785669  0.413478  0.214996  0.546950  0.650726  0.771821  0.580727  0.384670  0.585465  0.629880  0.330096  0.945532  0.732140  0.710769  0.058746  0.268700  0.215644  0.380973  0.647079  0.638599  0.364616  0.272793  0.273745  0.700754  0.861224  0.448177 
20  0.000000  0.291739  0.236220  0.387379  0.221893  0.596807  0.678259  0.000000  0.527787  0.826510  0.540696  0.489266  0.306856  0.901449  0.898990  0.490372  0.760579  0.647893  0.564974  0.999089 0.0  0.887272  0.627695  0.179931  0.321544  0.774658  0.554301  0.717743  0.309270  0.250777  0.329018  0.591364  0.332723  0.480065  0.842989  0.918154  0.750602  0.367751  0.170944  0.156223  0.392458  0.116267  0.423776  0.860462  0.520989  0.331259  0.333508  0.283786  0.417203  0.712610  0.302751  0.608056  0.145439  0.738855  0.638385  0.418183  0.565067  0.915017  0.489137  0.066461  0.237370  0.176852  0.815440  0.397111  0.624523  0.914000  0.513707  0.280343  0.450699  0.465493  0.753406  0.472823  0.290517  0.674144  0.158603  0.298937  0.347101  0.720738  0.722513  0.737056  0.711602  0.449423  0.267203  0.584041  0.600993  0.874403  0.534797  0.412922  0.424785 
21  0.761052  0.706409  0.657042  0.572233  0.793848  0.503237  0.356030  0.814715  0.570430  0.435428  0.392257  0.588617  0.493261  0.416263  0.575117  0.177604  0.390281  0.468264  0.518248  0.344280  0.887272 0.0  0.470458  0.881783  0.715272  0.140951  0.638839  0.229237  0.612668  0.737204  0.754273  0.959944  0.536877  0.651822  0.199605  0.245026  0.346897  0.770089  0.940285  0.818054  0.800455  0.779545  0.624970  0.777819  0.711928  0.747287  0.473517  0.780441  0.638945  0.383186  0.692481  0.909359  0.651933  0.295848  0.248856  0.782960  0.533949  0.060460  0.571971  0.751037  0.742097  0.666388  0.098330  0.730472  0.366284  0.217799  0.567148  0.658140  0.722942  0.571695  0.412114  0.566635  0.668427  0.226228  0.805534  0.657103  0.612120  0.183133  0.213906  0.204374  0.289942  0.648778  0.703669  0.256214  0.384757  0.148889  0.599944  0.702738  0.496877 
22  0.556568  0.807224  0.651952  0.827928  0.632705  0.028277  0.460048  0.478299  0.858585  0.384311  0.475084  0.816838  0.632707  0.343241  0.825781  0.481049  0.401315  0.215149  0.216601  0.542361  0.627695  0.470458 0.0  0.588378  0.759195  0.421214  0.553682  0.397870  0.725056  0.574611  0.632225  0.669155  0.784253  0.883933  0.453730  0.443198  0.390449  0.870282  0.570363  0.638520  0.825858  0.490126  0.964418  0.793181  0.546418  0.765295  0.764354  0.739058  0.837686  0.645139  0.623423  0.606149  0.462135  0.347354  0.292979  0.884534  0.140169  0.331196  0.912236  0.478062  0.558680  0.653908  0.466830  0.760284  0.119124  0.499597  0.931579  0.669838  0.773433  0.864332  0.427289  0.725889  0.677159  0.346992  0.613111  0.677552  0.877437  0.317729  0.234700  0.449514  0.340630  0.900321  0.720807  0.302634  0.619800  0.386270  0.665065  0.802165  0.417519 
23  0.187341  0.311254  0.305082  0.410200  0.138695  0.609782  0.648611  0.041694  0.470680  0.674226  0.410241  0.467983  0.349397  0.801246  0.842263  0.513832  0.673486  0.583693  0.659911  0.746127  0.179931  0.881783  0.588378 0.0  0.387390  0.835063  0.551193  0.729406  0.271574  0.238068  0.397433  0.571485  0.345769  0.477024  0.854008  0.852330  0.614624  0.502370  0.270653  0.102696  0.278963  0.088762  0.425396  0.790356  0.501687  0.305345  0.397594  0.245918  0.412694  0.683329  0.223763  0.607488  0.074898  0.641530  0.690987  0.324742  0.627550  0.908922  0.429564  0.090513  0.259814  0.210586  0.864558  0.454812  0.583736  0.862173  0.415547  0.193622  0.385231  0.392983  0.886852  0.430822  0.291567  0.789540  0.207425  0.249126  0.512122  0.686231  0.619670  0.837364  0.803961  0.376928  0.397156  0.704564  0.730882  0.897380  0.639037  0.403697  0.360932 
24  0.399529  0.078928  0.278555  0.341847  0.475840  0.760555  0.579893  0.401918  0.463572  0.520105  0.441121  0.360216  0.357150  0.592872  0.888824  0.638948  0.604120  0.753505  0.899386  0.849370  0.321544  0.715272  0.759195  0.387390 0.0  0.746477  0.298933  0.471153  0.145656  0.314895  0.191248  0.853586  0.335275  0.421975  0.844539  0.832260  0.458985  0.449252  0.333919  0.400420  0.091589  0.387938  0.418336  0.547605  0.800362  0.169359  0.364781  0.073476  0.419136  0.694557  0.214409  0.837480  0.432805  0.557436  0.744844  0.143039  0.804001  0.799330  0.414415  0.421303  0.343168  0.358615  0.854356  0.237135  0.822496  0.906484  0.376597  0.300202  0.116571  0.445894  0.572345  0.419412  0.269212  0.416666  0.412995  0.211598  0.328163  0.691884  0.772789  0.841795  0.474728  0.351286  0.043229  0.591191  0.566791  0.755601  0.367525  0.231708  0.426062 
25  0.900447  0.811779  0.586786  0.608172  0.809103  0.492750  0.266712  0.789319  0.671502  0.472730  0.401109  0.647536  0.519222  0.369909  0.541343  0.172407  0.352727  0.448370  0.332253  0.212193  0.774658  0.140951  0.421214  0.835063  0.746477 0.0  0.528528  0.353684  0.701114  0.689944  0.629626  0.854721  0.404097  0.671378  0.254816  0.208530  0.306696  0.639653  0.920908  0.797564  0.631276  0.779038  0.623549  0.723694  0.797528  0.687540  0.377037  0.745120  0.632922  0.461091  0.743781  0.866368  0.645661  0.331848  0.329670  0.943115  0.446794  0.167024  0.603801  0.708122  0.823998  0.652920  0.139063  0.822318  0.511857  0.198649  0.644021  0.686638  0.685351  0.596154  0.424356  0.656646  0.704371  0.419019  0.795877  0.697419  0.611913  0.123841  0.287961  0.134662  0.376658  0.674386  0.734820  0.209474  0.353658  0.211396  0.520844  0.671310  0.458831 
26  0.644676  0.330991  0.559005  0.605789  0.596066  0.641691  0.324856  0.653965  0.679380  0.274985  0.463805  0.631704  0.637003  0.268602  0.560347  0.569462  0.343467  0.545207  0.589597  0.609928  0.554301  0.638839  0.553682  0.551193  0.298933  0.528528 0.0  0.232331  0.438339  0.433790  0.335961  0.590385  0.550873  0.608311  0.637564  0.510566  0.356941  0.647112  0.640619  0.663286  0.405627  0.638206  0.586180  0.407597  0.598865  0.368603  0.561036  0.412711  0.521871  0.657831  0.458255  0.554812  0.479418  0.371423  0.398310  0.279474  0.621589  0.581271  0.648376  0.698658  0.668031  0.419084  0.679674  0.353093  0.725607  0.594184  0.622879  0.518025  0.396113  0.521955  0.419417  0.568476  0.497727  0.241101  0.514911  0.412249  0.599421  0.625227  0.429436  0.593790  0.465930  0.566761  0.401769  0.415227  0.545624  0.551619  0.324014  0.318337  0.447740 
27  0.775561  0.545817  0.566002  0.677579  0.737193  0.252439  0.000000  0.636982  0.681480  0.120385  0.386255  0.823336  0.714810  0.048634  0.790960  0.552592  0.051600  0.356435  0.269138  0.357939  0.717743  0.229237  0.397870  0.729406  0.471153  0.353684  0.232331 0.0  0.644178  0.703069  0.475469  0.842820  0.759944  0.773934  0.334186  0.464475  0.184736  0.684042  0.702079  0.905532  0.462214  0.722124  0.729757  0.612027  0.881368  0.515074  0.829650  0.488990  0.774166  0.517240  0.686554  0.704954  0.833958  0.193209  0.245838  0.504739  0.403456  0.369364  0.689474  0.769537  0.660671  0.649220  0.362967  0.505605  0.442713  0.286714  0.715605  0.693323  0.644682  0.688315  0.121177  0.775524  0.706297  0.164840  0.613657  0.672627  0.768756  0.361373  0.240599  0.334866  0.045169  0.766185  0.623791  0.297708  0.577343  0.318363  0.397071  0.556917  0.489185 
28  0.348049  0.263607  0.280422  0.302560  0.279333  0.701959  0.649563  0.307883  0.236576  0.503943  0.450383  0.326861  0.191801  0.700963  0.754242  0.317116  0.676417  0.636405  0.627796  0.660842  0.309270  0.612668  0.725056  0.271574  0.145656  0.701114  0.438339  0.644178 0.0  0.263546  0.239629  0.740831  0.328804  0.203507  0.704758  0.746503  0.651483  0.258315  0.251010  0.155503  0.216941  0.148600  0.345076  0.716548  0.718245  0.233484  0.271831  0.237972  0.364135  0.423159  0.268824  0.614416  0.164124  0.725067  0.700596  0.165636  0.543047  0.673005  0.299713  0.270978  0.277964  0.159699  0.650032  0.198811  0.664237  0.646034  0.277808  0.395931  0.331317  0.204943  0.700931  0.307597  0.345407  0.679539  0.240224  0.332759  0.404059  0.701758  0.698298  0.712433  0.633549  0.311166  0.268524  0.598304  0.482599  0.661680  0.480159  0.196863  0.480763 
29  0.115180  0.291355  0.176851  0.270263  0.297557  0.729700  0.698200  0.198899  0.278307  0.647162  0.557789  0.274846  0.231944  0.658228  0.614456  0.455401  0.697023  0.571688  0.661725  0.706146  0.250777  0.737204  0.574611  0.238068  0.314895  0.689944  0.433790  0.703069  0.263546 0.0  0.297655  0.570084  0.300572  0.308175  0.701675  0.660282  0.809285  0.263960  0.339936  0.346767  0.283739  0.162295  0.274379  0.720836  0.699195  0.199281  0.235763  0.208032  0.301788  0.507659  0.315687  0.629580  0.137343  0.658622  0.656668  0.239572  0.747858  0.669330  0.235911  0.237166  0.203136  0.224479  0.705968  0.253678  0.577323  0.740348  0.180403  0.313072  0.263843  0.295591  0.737795  0.178402  0.205979  0.660803  0.265779  0.197448  0.257606  0.635142  0.638016  0.719231  0.601131  0.192796  0.261769  0.710986  0.553483  0.733748  0.476030  0.255515  0.571219 
30  0.389721  0.259408  0.197125  0.297610  0.336143  0.781971  0.611524  0.475472  0.293344  0.527149  0.500863  0.340377  0.254119  0.480090  0.630346  0.525280  0.469287  0.753801  0.732679  0.886649  0.329018  0.754273  0.632225  0.397433  0.191248  0.629626  0.335961  0.475469  0.239629  0.297655 0.0  0.746847  0.321357  0.300193  0.695638  0.672041  0.529050  0.338671  0.417673  0.336552  0.006993  0.479003  0.409769  0.537604  0.835036  0.169854  0.241161  0.228274  0.298078  0.514397  0.298459  0.603425  0.333584  0.493816  0.681852  0.164227  0.730675  0.693211  0.383555  0.237447  0.370989  0.268452  0.792160  0.155186  0.707697  0.855343  0.385995  0.296411  0.065761  0.207159  0.564071  0.332578  0.189411  0.499071  0.318243  0.267113  0.305039  0.752378  0.595712  0.672673  0.474358  0.419888  0.125240  0.804189  0.633903  0.813346  0.381561  0.049614  0.392255 
31  0.559719  0.748320  0.633750  0.944461  0.598328  0.487512  0.714967  0.443156  0.862807  0.757579  0.421734  0.906760  0.935992  0.730608  0.438505  0.547580  0.691011  0.595547  0.482125  0.890220  0.591364  0.959944  0.669155  0.571485  0.853586  0.854721  0.590385  0.842820  0.740831  0.570084  0.746847 0.0  0.644489  0.898921  0.895877  0.816847  0.798239  0.917339  0.599973  0.603553  0.748419  0.498104  0.778973  0.323462  0.161977  0.775100  0.635723  0.675188  0.865214  0.635312  0.738854  0.237327  0.538757  0.755897  0.679841  0.837188  0.588185  0.863612  0.806710  0.483180  0.650505  0.630160  0.792176  0.691754  0.606953  0.859305  0.850858  0.687278  0.701979  0.886561  0.809348  0.913452  0.676484  0.764606  0.679635  0.554977  0.907185  0.768535  0.601055  0.857347  0.863457  0.871607  0.750377  0.705555  0.574120  0.749112  0.564634  0.883676  0.487927 
32  0.292382  0.265847  0.281977  0.054544  0.335149  0.747680  0.787936  0.289795  0.052979  0.791992  0.464536  0.049419  0.259255  0.674775  0.428596  0.359109  0.780672  0.717474  0.744204  0.403320  0.332723  0.536877  0.784253  0.345769  0.335275  0.404097  0.550873  0.759944  0.328804  0.300572  0.321357  0.644489 0.0  0.082503  0.431085  0.498945  0.768866  0.013350  0.350058  0.462950  0.434097  0.344435  0.092849  0.773967  0.746832  0.375908  0.184113  0.317595  0.078502  0.153028  0.292309  0.795984  0.336915  0.769149  0.657225  0.336333  0.737118  0.426052  0.005636  0.395391  0.271887  0.213107  0.366160  0.331357  0.883160  0.411522  0.063713  0.259828  0.440575  0.134441  0.790961  0.000000  0.271345  0.701020  0.385921  0.324246  0.122784  0.499930  0.788443  0.475540  0.936224  0.074823  0.414808  0.711124  0.327815  0.476410  0.676031  0.325455  0.507640 
33  0.354151  0.387205  0.203430  0.211206  0.563058  0.863517  0.679069  0.368880  0.109821  0.788816  0.624544  0.188817  0.012051  0.871932  0.626886  0.287752  0.684292  0.895459  0.772764  0.579840  0.480065  0.651822  0.883933  0.477024  0.421975  0.671378  0.608311  0.773934  0.203507  0.308175  0.300193  0.898921  0.082503 0.0  0.553312  0.621069  0.688405  0.169725  0.509283  0.362332  0.309960  0.337710  0.148637  0.833671  0.743963  0.237804  0.077300  0.352975  0.155857  0.333536  0.299691  0.938776  0.313662  0.654962  0.599969  0.397349  0.896034  0.623906  0.218566  0.298960  0.504103  0.235073  0.570659  0.364893  0.841469  0.557421  0.117329  0.361754  0.359501  0.224585  0.762241  0.141534  0.372909  0.784107  0.418832  0.177005  0.243383  0.537752  0.732182  0.636498  0.758128  0.220567  0.419014  0.652145  0.402977  0.643311  0.676059  0.386236  0.403930 
34  0.738008  0.643292  0.699899  0.581684  0.892625  0.507707  0.335355  0.815808  0.628355  0.390459  0.405804  0.553729  0.400770  0.426841  0.580695  0.292245  0.377533  0.460674  0.428501  0.189202  0.842989  0.199605  0.453730  0.854008  0.844539  0.254816  0.637564  0.334186  0.704758  0.701675  0.695638  0.895877  0.431085  0.553312 0.0  0.115070  0.337018  0.526878  0.833153  0.764920  0.747664  0.733822  0.624515  0.733167  0.683067  0.733283  0.524154  0.628532  0.641629  0.381867  0.634495  0.797484  0.817323  0.309991  0.173905  0.785508  0.540369  0.279098  0.536912  0.693697  0.972484  0.775146  0.252842  0.846843  0.359450  0.121332  0.603875  0.645320  0.726352  0.634621  0.393472  0.651141  0.695939  0.467581  0.862031  0.739508  0.677414  0.064686  0.184425  0.191496  0.259515  0.641102  0.797558  0.312427  0.454821  0.150087  0.657358  0.839555  0.446082 
35  0.786219  0.770889  0.721385  0.602924  0.899766  0.391369  0.380945  0.689313  0.654735  0.454174  0.454928  0.665084  0.535336  0.428355  0.616298  0.200187  0.431440  0.474613  0.423786  0.143971  0.918154  0.245026  0.443198  0.852330  0.832260  0.208530  0.510566  0.464475  0.746503  0.660282  0.672041  0.816847  0.498945  0.621069  0.115070 0.0  0.371449  0.521318  0.868062  0.794324  0.774358  0.749415  0.526711  0.847207  0.832432  0.715187  0.511024  0.778150  0.597494  0.375388  0.715935  0.884873  0.668418  0.372806  0.281214  0.792472  0.592937  0.152971  0.632210  0.688884  0.822339  0.608260  0.242828  0.843253  0.396515  0.223884  0.603373  0.665048  0.730252  0.624200  0.407278  0.620338  0.741485  0.436729  0.881915  0.614223  0.561558  0.000000  0.275416  0.256174  0.318971  0.668610  0.746498  0.235441  0.265810  0.227093  0.623960  0.738188  0.425826 
36  0.851970  0.501807  0.633310  0.690819  0.617131  0.299441  0.025257  0.846008  0.715640  0.189289  0.352235  0.697740  0.646819  0.188986  0.786278  0.601821  0.279587  0.287319  0.435118  0.268821  0.750602  0.346897  0.390449  0.614624  0.458985  0.306696  0.356941  0.184736  0.651483  0.809285  0.529050  0.798239  0.768866  0.688405  0.337018  0.371449 0.0  0.794231  0.838027  0.749427  0.509258  0.751716  0.751503  0.527118  0.824769  0.458003  0.782389  0.352140  0.727072  0.555007  0.705095  0.675352  0.950822  0.170471  0.291147  0.478188  0.340670  0.398220  0.709069  0.702886  0.663225  0.616520  0.330232  0.574880  0.354989  0.327274  0.732147  0.766904  0.691496  0.704510  0.163511  0.682058  0.645512  0.183988  0.724007  0.710431  0.719177  0.378679  0.239558  0.305097  0.075950  0.709065  0.606287  0.327591  0.506841  0.266924  0.233026  0.605082  0.475850 
37  0.455888  0.362677  0.341627  0.153884  0.438139  0.877355  0.803435  0.299600  0.135568  0.775970  0.378913  0.154548  0.115675  0.717393  0.661005  0.284214  0.766798  0.852930  0.874024  0.541670  0.367751  0.770089  0.870282  0.502370  0.449252  0.639653  0.647112  0.684042  0.258315  0.263960  0.338671  0.917339  0.013350  0.169725  0.526878  0.521318  0.794231 0.0  0.469077  0.415612  0.324359  0.339320  0.237539  0.813832  0.715292  0.260882  0.015098  0.428521  0.273839  0.388568  0.245492  0.813226  0.267142  0.676745  0.629801  0.354298  0.902617  0.614277  0.122010  0.406708  0.441689  0.431151  0.642938  0.461378  0.896814  0.611955  0.353107  0.233706  0.348836  0.271226  0.726895  0.147797  0.296665  0.640978  0.445237  0.357951  0.173783  0.392258  0.689790  0.528624  0.759413  0.160598  0.367543  0.686329  0.382123  0.669877  0.581466  0.411962  0.536087 
38  0.261896  0.398120  0.358134  0.449800  0.207681  0.499010  0.821906  0.121150  0.458037  0.790516  0.524128  0.487115  0.306534  0.779852  0.918141  0.512510  0.770821  0.565947  0.590948  0.912442  0.170944  0.940285  0.570363  0.270653  0.333919  0.920908  0.640619  0.702079  0.251010  0.339936  0.417673  0.599973  0.350058  0.509283  0.833153  0.868062  0.838027  0.469077 0.0  0.183518  0.319999  0.000000  0.456802  0.780104  0.557513  0.383436  0.347523  0.277168  0.536720  0.702570  0.201078  0.632916  0.016905  0.676487  0.699836  0.420865  0.536270  0.954391  0.573404  0.000000  0.186377  0.269787  0.812147  0.357618  0.617443  0.831137  0.477684  0.151202  0.334617  0.381643  0.841282  0.528987  0.322797  0.713163  0.171833  0.255964  0.504209  0.763089  0.679431  0.746032  0.749084  0.456455  0.304572  0.617313  0.817988  0.948125  0.646398  0.378084  0.558768 
39  0.163889  0.407322  0.310746  0.421811  0.007887  0.511978  0.889880  0.178609  0.347566  0.741113  0.561561  0.409337  0.412165  0.837930  0.770831  0.641750  0.812460  0.558637  0.583442  0.849935  0.156223  0.818054  0.638520  0.102696  0.400420  0.797564  0.663286  0.905532  0.155503  0.346767  0.336552  0.603553  0.462950  0.362332  0.764920  0.794324  0.749427  0.415612  0.183518 0.0  0.495140  0.178495  0.382036  0.712988  0.603862  0.486489  0.499962  0.460521  0.326256  0.439827  0.247977  0.511925  0.042154  0.741533  0.680445  0.325077  0.642435  0.733434  0.422702  0.155020  0.116936  0.293461  0.764416  0.352446  0.474769  0.938897  0.409579  0.204161  0.380877  0.358106  0.801886  0.377944  0.350401  0.780483  0.103307  0.371475  0.378705  0.831566  0.694133  0.796993  0.920680  0.378765  0.366579  0.676745  0.582796  0.722360  0.595199  0.295192  0.485131 
40  0.405150  0.000000  0.230542  0.440886  0.336306  0.707028  0.436637  0.425821  0.350003  0.491371  0.498976  0.244335  0.370660  0.508573  0.794349  0.679666  0.487358  0.717849  0.694230  0.681861  0.392458  0.800455  0.825858  0.278963  0.091589  0.631276  0.405627  0.462214  0.216941  0.283739  0.006993  0.748419  0.434097  0.309960  0.747664  0.774358  0.509258  0.324359  0.319999  0.495140 0.0  0.406791  0.301451  0.572867  0.810520  0.133639  0.464510  0.000000  0.419510  0.508137  0.279594  0.784268  0.300313  0.381790  0.659924  0.055772  0.669292  0.702985  0.378371  0.297107  0.305021  0.244437  0.762588  0.207030  0.771333  0.698071  0.309484  0.303941  0.131131  0.308931  0.581828  0.331046  0.172178  0.460637  0.333230  0.208020  0.394904  0.745982  0.645575  0.777237  0.686726  0.244877  0.094486  0.652717  0.626033  0.721650  0.480069  0.068005  0.488225 
41  0.079567  0.624241  0.224052  0.363136  0.179625  0.489901  0.834037  0.100369  0.428332  0.783638  0.368013  0.306180  0.455744  0.806336  0.732805  0.477139  0.824653  0.411251  0.401379  0.732907  0.116267  0.779545  0.490126  0.088762  0.387938  0.779038  0.638206  0.722124  0.148600  0.162295  0.479003  0.498104  0.344435  0.337710  0.733822  0.749415  0.751716  0.339320  0.000000  0.178495  0.406791 0.0  0.327912  0.827462  0.647101  0.521945  0.513185  0.439412  0.339218  0.510812  0.342417  0.470945  0.047236  0.660344  0.631406  0.352085  0.497801  0.875580  0.341895  0.030118  0.151721  0.289381  0.723532  0.382361  0.449918  0.759112  0.331761  0.307425  0.318117  0.272438  0.864352  0.397240  0.266434  0.743984  0.115989  0.182123  0.222984  0.804178  0.657494  0.656875  0.701572  0.378863  0.279971  0.634102  0.579188  0.728258  0.584622  0.366417  0.388221 
42  0.414903  0.308147  0.219434  0.060365  0.584054  0.807015  0.782494  0.316505  0.206028  0.867286  0.503095  0.258354  0.034916  0.902587  0.660201  0.354134  0.648038  0.801090  0.844426  0.603575  0.423776  0.624970  0.964418  0.425396  0.418336  0.623549  0.586180  0.729757  0.345076  0.274379  0.409769  0.778973  0.092849  0.148637  0.624515  0.526711  0.751503  0.237539  0.456802  0.382036  0.301451  0.327912 0.0  0.831890  0.674958  0.405073  0.140880  0.300643  0.184995  0.359813  0.284453  0.800323  0.265999  0.750407  0.696149  0.386797  0.815783  0.660661  0.200385  0.308204  0.446740  0.256578  0.493626  0.426297  0.816853  0.638113  0.113807  0.342557  0.294747  0.072930  0.801574  0.170548  0.310775  0.775236  0.332205  0.264202  0.213847  0.409599  0.635323  0.658118  0.721649  0.199351  0.312493  0.685374  0.349667  0.610836  0.587928  0.431711  0.453451 
43  0.807458  0.451813  0.714287  0.759342  0.803729  0.789707  0.542273  0.850252  0.751668  0.570516  0.497925  0.716886  0.876658  0.537487  0.440724  0.651258  0.480191  0.832918  0.838629  0.776352  0.860462  0.777819  0.793181  0.790356  0.547605  0.723694  0.407597  0.612027  0.716548  0.720836  0.537604  0.323462  0.773967  0.833671  0.733167  0.847207  0.527118  0.813832  0.780104  0.712988  0.572867  0.827462  0.831890 0.0  0.426701  0.547120  0.910206  0.579321  0.794572  0.636580  0.777666  0.327161  0.731246  0.443732  0.607068  0.485909  0.892813  0.818116  0.821252  0.717655  0.787618  0.673929  0.689724  0.565116  0.759930  0.770212  0.777200  0.630944  0.595876  0.765065  0.474939  0.764871  0.664601  0.491610  0.842277  0.755461  0.899082  0.831310  0.620471  0.940856  0.544208  0.837645  0.545713  0.608466  0.561673  0.858867  0.286594  0.568753  0.487199 
44  0.544623  0.815711  0.710591  0.809590  0.406851  0.436702  0.855918  0.657864  0.656848  0.696687  0.429656  0.818924  0.761558  0.738007  0.299052  0.608721  0.714180  0.495575  0.493326  0.823596  0.520989  0.711928  0.546418  0.501687  0.800362  0.797528  0.598865  0.881368  0.718245  0.699195  0.835036  0.161977  0.746832  0.743963  0.683067  0.832432  0.824769  0.715292  0.557513  0.603862  0.810520  0.647101  0.674958  0.426701 0.0  0.883710  0.796493  0.895416  0.687012  0.573804  0.566402  0.053414  0.414190  0.729106  0.636519  0.910779  0.579895  0.719044  0.851365  0.554883  0.524601  0.778944  0.681041  0.867673  0.426596  0.699909  0.746552  0.616445  0.752492  0.788858  0.809988  0.736425  0.679614  0.753299  0.378939  0.757188  0.673533  0.726662  0.742902  0.754561  0.710139  0.765835  0.787553  0.752328  0.471740  0.730895  0.571099  0.680557  0.481453 
