89
0 0.0  0.338311  0.252524  0.412584  0.089138  0.473995  0.704476  0.118574  0.480777  0.794185  0.434811  0.418012  0.354653  0.584821  0.691282  0.487000  0.664844  0.458765  0.555784  0.661363  0.063008  0.716426  0.567730  0.092953  0.411950  0.728228  0.531054  0.745264  0.266451  0.307189  0.275743  0.528695  0.423896  0.331888  0.692447  0.729434  0.762160  0.314048  0.061997  0.144589  0.347436  0.066468  0.423899  0.683774  0.495037  0.346208  0.365351  0.342730  0.357213  0.441493  0.275122  0.502443  0.064245  0.787421  0.617614  0.338504  0.415121  0.638987  0.277646  0.130165  0.082774  0.229582  0.791265  0.378381  0.454920  0.731798  0.339057  0.264037  0.352507  0.352304  0.768854  0.326400  0.271264  0.745383  0.231433  0.247465  0.408784  0.730034  0.629194  0.811786  0.639069  0.415813  0.427399  0.479169  0.581380  0.702089  0.551047  0.359204  0.418929 
1  0.338311 0.0  0.410646  0.326756  0.191387  0.690271  0.457694  0.483436  0.328558  0.480506  0.454274  0.288088  0.274149  0.425767  0.707122  0.467275  0.416556  0.576301  0.653560  0.665440  0.312977  0.691767  0.635869  0.244006  0.058209  0.680416  0.323853  0.442599  0.240345  0.254277  0.239407  0.635453  0.318388  0.258725  0.673125  0.674842  0.430905  0.325260  0.343908  0.314262  0.000927  0.420622  0.217364  0.615996  0.807617  0.160314  0.245947  0.155666  0.350090  0.374039  0.213679  0.624942  0.341163  0.449737  0.565601  0.082491  0.608171  0.589125  0.220754  0.260062  0.281474  0.253074  0.599620  0.111341  0.634857  0.689060  0.263864  0.232419  0.000000  0.244724  0.509351  0.351355  0.324793  0.482683  0.212146  0.177213  0.293982  0.623869  0.563384  0.585096  0.493571  0.266611  0.096289  0.610250  0.487535  0.670207  0.259502  0.178359  0.439378 
2  0.252524  0.410646 0.0  0.203595  0.229931  0.471563  0.622303  0.324873  0.286495  0.585354  0.440656  0.238008  0.213480  0.637904  0.538729  0.465634  0.609860  0.623781  0.566524  0.633399  0.231030  0.617783  0.654924  0.282001  0.223153  0.707516  0.463128  0.628655  0.248671  0.233131  0.350950  0.607982  0.267536  0.306313  0.588972  0.623035  0.662035  0.260247  0.333200  0.233388  0.219723  0.273122  0.173036  0.586932  0.566239  0.238439  0.249788  0.234634  0.281505  0.442947  0.217578  0.616910  0.287540  0.524221  0.546889  0.256552  0.594171  0.598965  0.186708  0.273784  0.318966  0.189254  0.605613  0.167080  0.639283  0.572422  0.261594  0.195782  0.222025  0.172304  0.536181  0.138495  0.300178  0.727672  0.288521  0.206564  0.208198  0.500742  0.546690  0.630230  0.588885  0.212357  0.246599  0.617185  0.471573  0.550919  0.436865  0.314367  0.472622 
3  0.412584  0.326756  0.203595 0.0  0.324420  0.772266  0.660116  0.247450  0.181367  0.629234  0.312290  0.238109  0.125876  0.702014  0.532492  0.244616  0.737157  0.781575  0.684455  0.509735  0.438370  0.544488  0.726281  0.380434  0.451747  0.530059  0.489532  0.684367  0.224254  0.204435  0.294178  0.800344  0.006721  0.189142  0.552007  0.538367  0.678147  0.188785  0.395269  0.330256  0.335544  0.252923  0.199727  0.721020  0.628276  0.335265  0.000000  0.202066  0.146741  0.375820  0.322476  0.761715  0.280421  0.611091  0.670389  0.365880  0.852711  0.547073  0.181833  0.326821  0.451191  0.287273  0.492807  0.257202  0.783668  0.559777  0.216229  0.293338  0.279309  0.136070  0.704288  0.241605  0.202483  0.736411  0.427332  0.255504  0.152650  0.361219  0.563416  0.600652  0.661835  0.112834  0.255989  0.570759  0.326635  0.543687  0.562909  0.223421  0.425477 
4  0.089138  0.191387  0.229931  0.324420 0.0  0.472353  0.684411  0.065226  0.476784  0.752996  0.416470  0.358978  0.292437  0.728719  0.812555  0.436505  0.668872  0.592992  0.539315  0.754159  0.154144  0.770228  0.582905  0.237115  0.344946  0.750535  0.602853  0.642319  0.170800  0.108439  0.234659  0.549007  0.255305  0.388693  0.700462  0.826901  0.619232  0.345490  0.195601  0.120679  0.366108  0.029206  0.417738  0.725979  0.383408  0.276897  0.264700  0.258685  0.382214  0.561278  0.225085  0.591289  0.059274  0.693120  0.566309  0.436848  0.618188  0.756304  0.354831  0.139547  0.159343  0.261345  0.820243  0.385969  0.587478  0.770527  0.511136  0.223804  0.349338  0.401679  0.770051  0.476394  0.242547  0.664322  0.185804  0.201391  0.437765  0.639479  0.574008  0.805924  0.730098  0.417984  0.283786  0.525819  0.514907  0.726338  0.560384  0.331649  0.441012 
5  0.473995  0.690271  0.471563  0.772266  0.472353 0.0  0.202964  0.498300  0.818563  0.302366  0.542359  0.784584  0.625437  0.322953  0.856622  0.465476  0.319045  0.113225  0.181582  0.512621  0.615683  0.435762  0.132843  0.688578  0.673767  0.420373  0.550147  0.334676  0.574014  0.563440  0.608416  0.541073  0.660722  0.865922  0.337231  0.298691  0.424840  0.725347  0.586619  0.503366  0.717199  0.415190  0.777742  0.698008  0.464042  0.691449  0.676454  0.670529  0.794365  0.587678  0.603912  0.579917  0.479386  0.366601  0.233835  0.781711  0.169971  0.392384  0.753022  0.419043  0.577281  0.557320  0.388024  0.792240  0.217458  0.425902  0.730906  0.618765  0.655076  0.823199  0.361984  0.768974  0.697886  0.232877  0.560681  0.623807  0.859101  0.382203  0.318797  0.406886  0.228704  0.813342  0.629577  0.110188  0.640174  0.411445  0.529589  0.713440  0.403722 
6  0.704476  0.457694  0.622303  0.660116  0.684411  0.202964 0.0  0.857334  0.589746  0.164469  0.457635  0.658943  0.707042  0.096039  0.681380  0.475720  0.010123  0.317513  0.243093  0.293868  0.557515  0.313237  0.255989  0.756780  0.379092  0.253942  0.239774  0.117873  0.660617  0.682382  0.564413  0.681006  0.665830  0.777728  0.273744  0.245138  0.021900  0.599703  0.629880  0.770235  0.547363  0.835724  0.686842  0.420996  0.814788  0.583385  0.699829  0.501324  0.668902  0.489985  0.606427  0.616735  0.681293  0.113279  0.209317  0.520320  0.314659  0.303125  0.674012  0.693914  0.717378  0.535512  0.317686  0.336551  0.290479  0.250770  0.585022  0.520828  0.390874  0.680326  0.103086  0.720498  0.602917  0.000000  0.706665  0.612495  0.598401  0.359338  0.202652  0.305246  0.079988  0.779902  0.430053  0.288517  0.424205  0.299473  0.230536  0.511995  0.464023 
7  0.118574  0.483436  0.324873  0.247450  0.065226  0.498300  0.857334 0.0  0.354260  0.620343  0.383893  0.375337  0.346779  0.600967  0.694450  0.488145  0.590050  0.440458  0.453356  0.782024  0.154500  0.653946  0.474270  0.000000  0.340614  0.611954  0.464610  0.682275  0.276625  0.211925  0.371061  0.360520  0.320538  0.329232  0.688220  0.635242  0.739248  0.284908  0.096566  0.155993  0.357370  0.203897  0.304414  0.747830  0.535403  0.489461  0.222293  0.474026  0.305210  0.456647  0.167805  0.492980  0.020114  0.657036  0.728121  0.407343  0.342734  0.655337  0.380830  0.000000  0.032302  0.231985  0.645918  0.434396  0.392831  0.600236  0.318362  0.210179  0.187743  0.255530  0.724182  0.278337  0.177943  0.680409  0.000000  0.258868  0.270189  0.662895  0.699731  0.592199  0.658241  0.316170  0.295789  0.540846  0.465127  0.654825  0.601363  0.405810  0.476488 
8  0.480777  0.328558  0.286495  0.181367  0.476784  0.818563  0.589746  0.354260 0.0  0.727243  0.469320  0.150517  0.038936  0.810671  0.481108  0.279902  0.702232  0.713307  0.739432  0.555527  0.430317  0.679973  0.862357  0.415516  0.451994  0.498074  0.639687  0.635383  0.197494  0.250939  0.334589  0.797019  0.068063  0.173997  0.506240  0.559667  0.644248  0.188898  0.405439  0.279820  0.329730  0.259718  0.212190  0.670606  0.610728  0.268216  0.091972  0.332597  0.199230  0.407011  0.251635  0.685055  0.217862  0.704943  0.673022  0.286306  0.770242  0.615603  0.218689  0.320466  0.360179  0.166278  0.568445  0.388564  0.838936  0.499730  0.230173  0.239545  0.284800  0.208254  0.767363  0.239722  0.237410  0.630262  0.422583  0.215491  0.252377  0.433416  0.697898  0.581900  0.662222  0.144727  0.341656  0.567377  0.353291  0.613799  0.471268  0.376439  0.495416 
9  0.794185  0.480506  0.585354  0.629234  0.752996  0.302366  0.164469  0.620343  0.727243 0.0  0.368998  0.685915  0.689295  0.163028  0.699837  0.576716  0.133873  0.345501  0.332779  0.387469  0.658915  0.354757  0.472907  0.615067  0.432056  0.306713  0.304294  0.153230  0.633614  0.602367  0.437979  0.720554  0.704101  0.720236  0.283773  0.400840  0.035472  0.763176  0.813732  0.783921  0.485919  0.729293  0.813696  0.506353  0.699902  0.494611  0.794620  0.448276  0.706885  0.575326  0.622844  0.673756  0.748487  0.148218  0.165248  0.504991  0.325663  0.400007  0.614055  0.728881  0.722430  0.562622  0.338272  0.385711  0.366871  0.387927  0.694177  0.533470  0.520540  0.670617  0.168722  0.708179  0.585761  0.103081  0.797489  0.567649  0.698487  0.330305  0.211274  0.452486  0.083935  0.687185  0.445536  0.273859  0.554796  0.383203  0.229605  0.501995  0.478346 
10  0.434811  0.454274  0.440656  0.312290  0.416470  0.542359  0.457635  0.383893  0.469320  0.368998 0.0  0.426712  0.413993  0.473083  0.360589  0.361416  0.399594  0.428989  0.461321  0.466408  0.451863  0.448574  0.489447  0.362829  0.445150  0.440689  0.398767  0.468241  0.382107  0.474156  0.375983  0.419004  0.448312  0.382050  0.496621  0.467997  0.370133  0.422139  0.415397  0.346238  0.519870  0.341471  0.398912  0.456826  0.374002  0.426849  0.345150  0.513325  0.412003  0.451663  0.384602  0.377590  0.416071  0.485281  0.347337  0.510618  0.490047  0.469286  0.446711  0.438008  0.386654  0.441983  0.343550  0.454181  0.400587  0.410364  0.438828  0.352513  0.440190  0.420520  0.452580  0.451796  0.444262  0.465022  0.427645  0.415134  0.342436  0.426662  0.362211  0.267836  0.495131  0.454720  0.476034  0.431648  0.419276  0.439997  0.485724  0.390498  0.394290 
11  0.418012  0.288088  0.238008  0.238109  0.358978  0.784584  0.658943  0.375337  0.150517  0.685915  0.426712 0.0  0.110070  0.674058  0.526763  0.272171  0.768458  0.718474  0.797343  0.572401  0.421942  0.596193  0.743516  0.405769  0.409006  0.512945  0.490379  0.704197  0.215002  0.162474  0.329833  0.811337  0.069745  0.154999  0.490933  0.445308  0.695744  0.148383  0.423103  0.397300  0.213105  0.243680  0.103644  0.690493  0.711256  0.344712  0.033176  0.299521  0.115163  0.272401  0.155116  0.824986  0.293729  0.648887  0.570265  0.404788  0.802353  0.514288  0.142817  0.354603  0.347331  0.275689  0.571699  0.342828  0.778199  0.434675  0.196523  0.245897  0.304228  0.166041  0.675611  0.185583  0.242877  0.680702  0.409718  0.143754  0.246429  0.471135  0.584054  0.622501  0.685038  0.146468  0.206022  0.647167  0.385993  0.595449  0.584499  0.364613  0.453550 
12  0.354653  0.274149  0.213480  0.125876  0.292437  0.625437  0.707042  0.346779  0.038936  0.689295  0.413993  0.110070 0.0  0.753413  0.455594  0.346790  0.633585  0.538660  0.698147  0.522515  0.337602  0.355303  0.658994  0.304336  0.362759  0.450660  0.403861  0.784397  0.316794  0.299996  0.284697  0.589223  0.123103  0.040574  0.410771  0.499093  0.812401  0.126655  0.330431  0.410218  0.423412  0.328945  0.106311  0.801940  0.621177  0.217798  0.195623  0.257028  0.002997  0.281181  0.285085  0.526348  0.226004  0.766688  0.543783  0.355883  0.615608  0.384694  0.069901  0.257334  0.240858  0.317347  0.430687  0.387815  0.790906  0.352618  0.000000  0.284052  0.199985  0.038886  0.732843  0.114587  0.371084  0.611038  0.331039  0.304295  0.067739  0.471303  0.496184  0.358634  0.730049  0.053934  0.262807  0.627689  0.189708  0.346617  0.562465  0.258192  0.464300 
13  0.584821  0.425767  0.637904  0.702014  0.728719  0.322953  0.096039  0.600967  0.810671  0.163028  0.473083  0.674058  0.753413 0.0  0.703234  0.560905  0.161724  0.281860  0.298995  0.281420  0.798042  0.383858  0.327963  0.860263  0.509554  0.340865  0.308878  0.140919  0.501947  0.582334  0.454055  0.730421  0.645035  0.710566  0.315183  0.405670  0.114202  0.728671  0.732694  0.716895  0.495108  0.805451  0.744902  0.466322  0.760913  0.539584  0.717693  0.488100  0.750298  0.543014  0.623141  0.734654  0.701399  0.016875  0.234513  0.415818  0.223566  0.360145  0.734909  0.694769  0.686272  0.620312  0.337816  0.421510  0.288426  0.368999  0.698072  0.569660  0.508754  0.702563  0.152994  0.724669  0.576529  0.152336  0.699806  0.766299  0.660670  0.472270  0.285396  0.407906  0.151019  0.682700  0.517803  0.241921  0.563227  0.355543  0.379693  0.532647  0.473546 
14  0.691282  0.707122  0.538729  0.532492  0.812555  0.856622  0.681380  0.694450  0.481108  0.699837  0.360589  0.526763  0.455594  0.703234 0.0  0.163368  0.720675  0.759539  0.791794  0.518113  0.838406  0.607410  0.768763  0.720143  0.691915  0.529861  0.592524  0.717552  0.660145  0.624775  0.724585  0.364747  0.422157  0.456611  0.516150  0.656870  0.724423  0.636000  0.786393  0.729071  0.657829  0.630102  0.540699  0.424439  0.297896  0.589105  0.430274  0.790685  0.570591  0.297886  0.694770  0.494872  0.595078  0.669305  0.652431  0.801279  0.836051  0.687731  0.491551  0.708206  0.755500  0.554872  0.489805  0.658325  0.726346  0.609398  0.544419  0.551759  0.664269  0.570746  0.680565  0.500435  0.641125  0.666809  0.823878  0.794933  0.516147  0.415739  0.676279  0.568820  0.607406  0.503276  0.618252  0.568529  0.294866  0.549154  0.500583  0.681991  0.459051 
15  0.487000  0.467275  0.465634  0.244616  0.436505  0.465476  0.475720  0.488145  0.279902  0.576716  0.361416  0.272171  0.346790  0.560905  0.163368 0.0  0.393669  0.480296  0.465448  0.243864  0.485998  0.183622  0.499677  0.398400  0.443499  0.249849  0.507307  0.499598  0.385945  0.432202  0.388113  0.444720  0.366431  0.144348  0.346829  0.215956  0.502083  0.253055  0.460432  0.617884  0.593437  0.461784  0.246764  0.519324  0.480548  0.558863  0.380378  0.443622  0.268854  0.279107  0.432920  0.573540  0.491608  0.439506  0.327572  0.580401  0.438691  0.225113  0.269165  0.513758  0.461102  0.412793  0.241787  0.493393  0.543191  0.243053  0.209086  0.419487  0.499742  0.131419  0.582257  0.216611  0.485327  0.512916  0.473990  0.427293  0.195057  0.218866  0.357222  0.258285  0.593188  0.215904  0.465250  0.425609  0.223235  0.221900  0.540206  0.550082  0.437367 
16  0.664844  0.416556  0.609860  0.737157  0.668872  0.319045  0.010123  0.590050  0.702232  0.133873  0.399594  0.768458  0.633585  0.161724  0.720675  0.393669 0.0  0.303465  0.295009  0.194735  0.630703  0.315601  0.353044  0.662235  0.522042  0.287671  0.458169  0.231227  0.628911  0.598010  0.444200  0.626888  0.683469  0.629556  0.305443  0.307780  0.277790  0.674505  0.720579  0.696870  0.480411  0.681761  0.652054  0.499450  0.673388  0.496744  0.740706  0.452951  0.635880  0.493314  0.620638  0.557663  0.789046  0.217433  0.291721  0.561076  0.307368  0.384635  0.627715  0.650256  0.612807  0.638333  0.338868  0.568637  0.254277  0.275847  0.793910  0.559315  0.550265  0.694010  0.072649  0.653655  0.619476  0.121839  0.745147  0.651312  0.677914  0.221722  0.142841  0.259383  0.054659  0.684266  0.483477  0.277106  0.482833  0.316322  0.351643  0.466429  0.459238 
17  0.458765  0.576301  0.623781  0.781575  0.592992  0.113225  0.317513  0.440458  0.713307  0.345501  0.428989  0.718474  0.538660  0.281860  0.759539  0.480296  0.303465 0.0  0.225234  0.435963  0.622582  0.301168  0.136318  0.483711  0.664108  0.391553  0.515313  0.246505  0.608069  0.610191  0.729605  0.538722  0.759954  0.774814  0.339027  0.361691  0.394520  0.797233  0.512769  0.431197  0.747158  0.370337  0.761559  0.661877  0.478945  0.632824  0.590027  0.687112  0.848181  0.627710  0.547144  0.555471  0.543631  0.383984  0.233777  0.637702  0.255321  0.437135  0.883498  0.374346  0.505823  0.655362  0.406555  0.698749  0.149285  0.404641  0.791483  0.523942  0.620259  0.849317  0.301659  0.852205  0.574911  0.254199  0.587739  0.658329  0.728295  0.307495  0.240982  0.390183  0.414660  0.735263  0.661735  0.271573  0.558448  0.471275  0.639140  0.694702  0.575190 
18  0.555784  0.653560  0.566524  0.684455  0.539315  0.181582  0.243093  0.453356  0.739432  0.332779  0.461321  0.797343  0.698147  0.298995  0.791794  0.465448  0.295009  0.225234 0.0  0.413269  0.488430  0.510301  0.151872  0.533958  0.611132  0.464746  0.514077  0.229261  0.665073  0.629576  0.673059  0.615230  0.608593  0.735058  0.379500  0.437511  0.278174  0.735293  0.500406  0.406991  0.654114  0.425369  0.833125  0.729411  0.506836  0.666212  0.596882  0.629222  0.718123  0.548100  0.618233  0.575465  0.460768  0.316533  0.170022  0.754018  0.132025  0.444684  0.805253  0.429959  0.518734  0.622914  0.505682  0.693435  0.133343  0.364560  0.813923  0.621487  0.572850  0.791406  0.418211  0.833368  0.563141  0.297136  0.587269  0.569665  0.686215  0.249383  0.164429  0.392633  0.282913  0.760869  0.758632  0.152212  0.567657  0.367905  0.547425  0.767268  0.456852 
19  0.661363  0.665440  0.633399  0.509735  0.754159  0.512621  0.293868  0.782024  0.555527  0.387469  0.466408  0.572401  0.522515  0.281420  0.518113  0.243864  0.194735  0.435963  0.413269 0.0  0.851750  0.286581  0.476231  0.815944  0.735211  0.230727  0.579506  0.287944  0.496149  0.512117  0.701693  0.722902  0.410638  0.568286  0.188768  0.206249  0.288037  0.577121  0.699654  0.697259  0.717577  0.654451  0.490583  0.744605  0.682337  0.620156  0.434700  0.601183  0.559333  0.419995  0.610595  0.757630  0.655901  0.251547  0.248356  0.722345  0.389019  0.255261  0.425256  0.692741  0.816664  0.671285  0.139976  0.602045  0.499517  0.224318  0.575557  0.665319  0.670212  0.541451  0.360153  0.522798  0.616848  0.345010  0.732894  0.576410  0.586176  0.000000  0.215221  0.145830  0.295417  0.489912  0.644700  0.257474  0.308130  0.157431  0.649956  0.707883  0.474088 
20  0.063008  0.312977  0.231030  0.438370  0.154144  0.615683  0.557515  0.154500  0.430317  0.658915  0.451863  0.421942  0.337602  0.798042  0.838406  0.485998  0.630703  0.622582  0.488430  0.851750 0.0  0.853224  0.479532  0.214351  0.324233  0.758456  0.468652  0.610696  0.236960  0.276730  0.228083  0.498328  0.252188  0.363111  0.731199  0.852429  0.674752  0.371115  0.141045  0.103295  0.293394  0.124046  0.476896  0.735488  0.361001  0.313278  0.386749  0.324433  0.406352  0.685506  0.250558  0.532066  0.009134  0.644848  0.567212  0.430575  0.525546  0.741170  0.510075  0.094831  0.236064  0.224823  0.838554  0.312057  0.536402  0.808112  0.376052  0.303264  0.284307  0.431024  0.763333  0.319274  0.134121  0.788594  0.200162  0.241329  0.489496  0.658910  0.667371  0.710202  0.677937  0.390171  0.209506  0.581102  0.509787  0.809743  0.589367  0.357058  0.316785 
21  0.716426  0.691767  0.617783  0.544488  0.770228  0.435762  0.313237  0.653946  0.679973  0.354757  0.448574  0.596193  0.355303  0.383858  0.607410  0.183622  0.315601  0.301168  0.510301  0.286581  0.853224 0.0  0.429193  0.766200  0.688598  0.134525  0.581002  0.257624  0.583924  0.662811  0.712567  0.841299  0.409152  0.544584  0.252867  0.111678  0.270676  0.488648  0.817822  0.719338  0.687117  0.662327  0.556837  0.767317  0.690677  0.570623  0.461262  0.650719  0.529915  0.409378  0.576689  0.848326  0.613651  0.326957  0.270299  0.721350  0.405756  0.051750  0.543138  0.617705  0.852171  0.629787  0.164406  0.697354  0.388198  0.218920  0.488443  0.655731  0.590406  0.514478  0.423114  0.444002  0.567899  0.387916  0.751535  0.674483  0.537164  0.110531  0.267687  0.188072  0.350894  0.464485  0.646305  0.216503  0.307318  0.255398  0.584618  0.762562  0.414583 
22  0.567730  0.635869  0.654924  0.726281  0.582905  0.132843  0.255989  0.474270  0.862357  0.472907  0.489447  0.743516  0.658994  0.327963  0.768763  0.499677  0.353044  0.136318  0.151872  0.476231  0.479532  0.429193 0.0  0.588789  0.625353  0.414828  0.568748  0.303659  0.580464  0.650043  0.669089  0.590430  0.683265  0.779956  0.426012  0.343151  0.342657  0.699170  0.587312  0.513175  0.633614  0.406280  1.000000  0.755887  0.396512  0.697998  0.552991  0.715501  0.753581  0.628241  0.571319  0.515693  0.401631  0.308910  0.245672  0.757399  0.187128  0.433213  0.816884  0.359168  0.480996  0.615706  0.391461  0.817486  0.199903  0.391984  0.802051  0.615531  0.639711  0.771210  0.329552  0.709162  0.592437  0.320067  0.472578  0.634694  0.746780  0.341284  0.205147  0.404886  0.283833  0.779630  0.667071  0.277957  0.688120  0.455377  0.496173  0.733185  0.473336 
23  0.092953  0.244006  0.282001  0.380434  0.237115  0.688578  0.756780  0.000000  0.415516  0.615067  0.362829  0.405769  0.304336  0.860263  0.720143  0.398400  0.662235  0.483711  0.533958  0.815944  0.214351  0.766200  0.588789 0.0  0.420562  0.765739  0.503789  0.614413  0.268409  0.345671  0.303797  0.634802  0.363768  0.395988  0.757570  0.706533  0.659718  0.465659  0.228168  0.053660  0.275477  0.122314  0.436740  0.689360  0.344923  0.262333  0.308996  0.380892  0.395982  0.548238  0.244087  0.605939  0.120077  0.734697  0.625364  0.308378  0.653319  0.911295  0.396367  0.046105  0.162214  0.149587  0.812573  0.350779  0.601657  0.710283  0.413005  0.198900  0.239701  0.406149  0.640708  0.333342  0.322624  0.641211  0.210246  0.251191  0.398740  0.614511  0.595028  0.757347  0.653091  0.390495  0.286357  0.593234  0.583519  0.795530  0.492464  0.318888  0.412528 
24  0.411950  0.058209  0.223153  0.451747  0.344946  0.673767  0.379092  0.340614  0.451994  0.432056  0.445150  0.409006  0.362759  0.509554  0.691915  0.443499  0.522042  0.664108  0.611132  0.735211  0.324233  0.688598  0.625353  0.420562 0.0  0.773339  0.270073  0.449004  0.231523  0.370964  0.076499  0.758669  0.420608  0.353879  0.687977  0.716543  0.469824  0.318791  0.341618  0.317871  0.142664  0.448068  0.351892  0.491973  0.744664  0.176007  0.334048  0.058266  0.389894  0.485877  0.104076  0.639183  0.394968  0.380128  0.625082  0.191588  0.759737  0.712190  0.357900  0.246794  0.400213  0.170644  0.749896  0.101694  0.670824  0.642084  0.431513  0.233328  0.083066  0.329628  0.538307  0.429185  0.245587  0.446774  0.350222  0.313715  0.306073  0.600202  0.554552  0.823693  0.500407  0.362614  0.139446  0.472069  0.501038  0.786095  0.387514  0.151855  0.371930 
25  0.728228  0.680416  0.707516  0.530059  0.750535  0.420373  0.253942  0.611954  0.498074  0.306713  0.440689  0.512945  0.450660  0.340865  0.529861  0.249849  0.287671  0.391553  0.464746  0.230727  0.758456  0.134525  0.414828  0.765739  0.773339 0.0  0.625087  0.393329  0.596604  0.630559  0.666194  0.819664  0.471776  0.572510  0.204845  0.186151  0.331529  0.535763  0.733583  0.765722  0.644341  0.654879  0.508046  0.719234  0.679530  0.686076  0.410346  0.677211  0.514045  0.347399  0.679859  0.805612  0.678015  0.205745  0.239285  0.760852  0.355874  0.092058  0.515461  0.679100  0.860157  0.670866  0.179430  0.692922  0.431639  0.219843  0.549182  0.629025  0.748372  0.613532  0.402783  0.588554  0.704079  0.309233  0.737011  0.529091  0.543971  0.091585  0.258180  0.125370  0.268940  0.592350  0.567158  0.303296  0.283357  0.172409  0.582089  0.787049  0.460523 
26  0.531054  0.323853  0.463128  0.489532  0.602853  0.550147  0.239774  0.464610  0.639687  0.304294  0.398767  0.490379  0.403861  0.308878  0.592524  0.507307  0.458169  0.515313  0.514077  0.579506  0.468652  0.581002  0.568748  0.503789  0.270073  0.625087 0.0  0.373977  0.405152  0.442623  0.366093  0.467721  0.544380  0.515227  0.564954  0.563405  0.336741  0.495792  0.558166  0.543543  0.280003  0.626871  0.536061  0.286204  0.562005  0.361580  0.569732  0.315638  0.524951  0.475854  0.377399  0.574526  0.667569  0.389556  0.451053  0.327784  0.521327  0.478880  0.584356  0.531783  0.557730  0.396992  0.624591  0.240816  0.560420  0.539219  0.524760  0.429698  0.262971  0.541620  0.411042  0.571010  0.296496  0.348346  0.519168  0.429509  0.557707  0.529542  0.421243  0.560007  0.310999  0.520077  0.422052  0.492296  0.519523  0.559118  0.360591  0.351542  0.427741 
27  0.745264  0.442599  0.628655  0.684367  0.642319  0.334676  0.117873  0.682275  0.635383  0.153230  0.468241  0.704197  0.784397  0.140919  0.717552  0.499598  0.231227  0.246505  0.229261  0.287944  0.610696  0.257624  0.303659  0.614413  0.449004  0.393329  0.373977 0.0  0.600636  0.619994  0.362557  0.674950  0.700498  0.763008  0.368279  0.394764  0.225828  0.716041  0.671576  0.691688  0.432594  0.703400  0.657219  0.545610  0.737990  0.449130  0.647331  0.389473  0.593824  0.475003  0.594898  0.622038  0.888913  0.132492  0.293837  0.526597  0.275352  0.246690  0.690397  0.640396  0.678578  0.623435  0.263568  0.538630  0.345110  0.356489  0.685292  0.519431  0.499991  0.681071  0.127211  0.698371  0.596544  0.126418  0.577776  0.622130  0.647821  0.305954  0.227087  0.270537  0.027207  0.675496  0.517231  0.191983  0.475837  0.315751  0.324928  0.452807  0.399707 
28  0.266451  0.240345  0.248671  0.224254  0.170800  0.574014  0.660617  0.276625  0.197494  0.633614  0.382107  0.215002  0.316794  0.501947  0.660145  0.385945  0.628911  0.608069  0.665073  0.496149  0.236960  0.583924  0.580464  0.268409  0.231523  0.596604  0.405152  0.600636 0.0  0.233898  0.289404  0.627426  0.318542  0.264203  0.583876  0.567687  0.505339  0.216538  0.327785  0.178606  0.153571  0.169561  0.135437  0.581592  0.594311  0.221089  0.278713  0.201513  0.241028  0.411307  0.195567  0.577830  0.282062  0.623067  0.576476  0.149258  0.612484  0.627374  0.191694  0.224109  0.260169  0.248362  0.718157  0.261157  0.619223  0.567697  0.193288  0.210128  0.284560  0.113817  0.575049  0.311345  0.295187  0.583884  0.203422  0.182846  0.269452  0.638622  0.618153  0.546607  0.596384  0.168026  0.216870  0.627940  0.455398  0.555207  0.383071  0.294468  0.425704 
29  0.307189  0.254277  0.233131  0.204435  0.108439  0.563440  0.682382  0.211925  0.250939  0.602367  0.474156  0.162474  0.299996  0.582334  0.624775  0.432202  0.598010  0.610191  0.629576  0.512117  0.276730  0.662811  0.650043  0.345671  0.370964  0.630559  0.442623  0.619994  0.233898 0.0  0.152427  0.579004  0.262983  0.213829  0.555401  0.547075  0.715138  0.206075  0.202236  0.191799  0.179957  0.182580  0.228342  0.561453  0.509369  0.238291  0.296100  0.188220  0.273968  0.402534  0.294889  0.561570  0.155977  0.644260  0.544452  0.235597  0.580500  0.645619  0.324244  0.148296  0.185469  0.271032  0.593764  0.243650  0.607077  0.633758  0.250716  0.259511  0.221956  0.198572  0.678808  0.168780  0.197130  0.551976  0.163909  0.280110  0.279125  0.608732  0.555751  0.561173  0.570351  0.279337  0.202627  0.662885  0.388661  0.674712  0.495549  0.278767  0.345029 
30  0.275743  0.239407  0.350950  0.294178  0.234659  0.608416  0.564413  0.371061  0.334589  0.437979  0.375983  0.329833  0.284697  0.454055  0.724585  0.388113  0.444200  0.729605  0.673059  0.701693  0.228083  0.712567  0.669089  0.303797  0.076499  0.666194  0.366093  0.362557  0.289404  0.152427 0.0  0.634811  0.226779  0.334289  0.642611  0.681158  0.387525  0.405198  0.335672  0.326911  0.000000  0.480811  0.371753  0.460817  0.783176  0.175076  0.205269  0.083568  0.230206  0.399221  0.271367  0.702419  0.276582  0.382057  0.642486  0.111566  0.743437  0.671820  0.258638  0.308557  0.203930  0.211353  0.536854  0.072954  0.686455  0.720054  0.262501  0.260790  0.094622  0.293894  0.423005  0.151663  0.265474  0.413342  0.242317  0.251666  0.200773  0.642123  0.597182  0.703117  0.553688  0.309536  0.055492  0.592812  0.447325  0.681710  0.236307  0.234152  0.327679 
31  0.528695  0.635453  0.607982  0.800344  0.549007  0.541073  0.681006  0.360520  0.797019  0.720554  0.419004  0.811337  0.589223  0.730421  0.364747  0.444720  0.626888  0.538722  0.615230  0.722902  0.498328  0.841299  0.590430  0.634802  0.758669  0.819664  0.467721  0.674950  0.627426  0.579004  0.634811 0.0  0.605796  0.630341  0.707024  0.799167  0.679082  0.790289  0.567071  0.529420  0.656663  0.403273  0.754172  0.344867  0.075550  0.674214  0.747037  0.625074  0.753237  0.667100  0.575689  0.206697  0.411729  0.658987  0.621594  0.793214  0.578792  0.877313  0.872333  0.456355  0.518560  0.560964  0.697761  0.776134  0.516327  0.712133  0.745921  0.550442  0.773426  0.706035  0.771583  0.686990  0.537127  0.643760  0.513786  0.554875  0.789694  0.750560  0.659942  0.740301  0.652667  0.758211  0.625598  0.592630  0.539757  0.804897  0.526251  0.674323  0.500653 
32  0.423896  0.318388  0.267536  0.006721  0.255305  0.660722  0.665830  0.320538  0.068063  0.704101  0.448312  0.069745  0.123103  0.645035  0.422157  0.366431  0.683469  0.759954  0.608593  0.410638  0.252188  0.409152  0.683265  0.363768  0.420608  0.471776  0.544380  0.700498  0.318542  0.262983  0.226779  0.605796 0.0  0.120172  0.406676  0.452149  0.571378  0.110569  0.282703  0.389253  0.527076  0.396316  0.097105  0.705002  0.787867  0.279441  0.292378  0.209649  0.082949  0.263370  0.321983  0.689901  0.235458  0.636005  0.656661  0.303371  0.681066  0.459622  0.101710  0.345419  0.277545  0.242629  0.422787  0.520601  0.648557  0.480693  0.083865  0.226398  0.334549  0.040813  0.721275  0.028989  0.232916  0.724076  0.344652  0.186104  0.119840  0.329524  0.579236  0.546789  0.796340  0.157625  0.248457  0.703872  0.194845  0.481344  0.542103  0.354726  0.486781 
33  0.331888  0.258725  0.306313  0.189142  0.388693  0.865922  0.777728  0.329232  0.173997  0.720236  0.382050  0.154999  0.040574  0.710566  0.456611  0.144348  0.629556  0.774814  0.735058  0.568286  0.363111  0.544584  0.779956  0.395988  0.353879  0.572510  0.515227  0.763008  0.264203  0.213829  0.334289  0.630341  0.120172 0.0  0.536540  0.581568  0.650592  0.178710  0.518081  0.399327  0.250544  0.414131  0.140669  0.709764  0.714053  0.309573  0.057105  0.214291  0.329584  0.471510  0.199409  0.708255  0.281157  0.677014  0.599316  0.349509  0.706395  0.618080  0.215224  0.251788  0.307866  0.205655  0.624866  0.315582  0.725162  0.601909  0.097242  0.225844  0.300542  0.150073  0.789705  0.114503  0.220640  0.737760  0.480123  0.243185  0.235942  0.524504  0.558815  0.558628  0.717939  0.261951  0.364201  0.645538  0.461376  0.576105  0.579358  0.387545  0.331325 
34  0.692447  0.673125  0.588972  0.552007  0.700462  0.337231  0.273744  0.688220  0.506240  0.283773  0.496621  0.490933  0.410771  0.315183  0.516150  0.346829  0.305443  0.339027  0.379500  0.188768  0.731199  0.252867  0.426012  0.757570  0.687977  0.204845  0.564954  0.368279  0.583876  0.555401  0.642611  0.707024  0.406676  0.536540 0.0  0.184508  0.216959  0.581057  0.852066  0.762715  0.652895  0.639128  0.478943  0.763750  0.704575  0.714973  0.471490  0.612726  0.408674  0.279000  0.574281  0.778793  0.704175  0.357373  0.256027  0.732263  0.393804  0.123543  0.634313  0.698145  0.807256  0.589248  0.220204  0.701333  0.461799  0.105810  0.580672  0.571141  0.616618  0.472207  0.434712  0.487707  0.643104  0.246751  0.829269  0.646534  0.520694  0.159492  0.226006  0.169881  0.302225  0.585727  0.663588  0.268016  0.346653  0.115916  0.524781  0.784028  0.362340 
35  0.729434  0.674842  0.623035  0.538367  0.826901  0.298691  0.245138  0.635242  0.559667  0.400840  0.467997  0.445308  0.499093  0.405670  0.656870  0.215956  0.307780  0.361691  0.437511  0.206249  0.852429  0.111678  0.343151  0.706533  0.716543  0.186151  0.563405  0.394764  0.567687  0.547075  0.681158  0.799167  0.452149  0.581568  0.184508 0.0  0.286053  0.466222  0.762428  0.651955  0.578685  0.583519  0.481923  0.811612  0.713930  0.686850  0.452386  0.691380  0.488817  0.365408  0.631742  0.731195  0.539671  0.271490  0.183896  0.749235  0.425090  0.153962  0.545965  0.623121  0.777149  0.564182  0.268057  0.672746  0.472617  0.182664  0.591616  0.570899  0.786486  0.644384  0.389512  0.433628  0.631903  0.321733  0.772045  0.613944  0.493223  0.000000  0.241050  0.067491  0.354833  0.514901  0.726132  0.180263  0.355347  0.167815  0.504149  0.702818  0.387426 
36  0.762160  0.430905  0.662035  0.678147  0.619232  0.424840  0.021900  0.739248  0.644248  0.035472  0.370133  0.695744  0.812401  0.114202  0.724423  0.502083  0.277790  0.394520  0.278174  0.288037  0.674752  0.270676  0.342657  0.659718  0.469824  0.331529  0.336741  0.225828  0.505339  0.715138  0.387525  0.679082  0.571378  0.650592  0.216959  0.286053 0.0  0.647891  0.612565  0.683843  0.501272  0.740289  0.600404  0.542061  0.617717  0.445351  0.654923  0.419964  0.670553  0.463941  0.575758  0.698753  0.821644  0.133826  0.221308  0.474413  0.372759  0.285649  0.649708  0.696508  0.704248  0.588456  0.299479  0.450041  0.340895  0.360168  0.590664  0.573140  0.603544  0.768888  0.170402  0.668938  0.601930  0.167771  0.643328  0.638698  0.620113  0.244844  0.339945  0.263618  0.017252  0.630806  0.584631  0.240377  0.474213  0.351790  0.308526  0.434468  0.493028 
37  0.314048  0.325260  0.260247  0.188785  0.345490  0.725347  0.599703  0.284908  0.188898  0.763176  0.422139  0.148383  0.126655  0.728671  0.636000  0.253055  0.674505  0.797233  0.735293  0.577121  0.371115  0.488648  0.699170  0.465659  0.318791  0.535763  0.495792  0.716041  0.216538  0.206075  0.405198  0.790289  0.110569  0.178710  0.581057  0.466222  0.647891 0.0  0.371623  0.369748  0.243394  0.335534  0.159975  0.765514  0.647471  0.344076  0.048299  0.305550  0.196807  0.283599  0.280620  0.795545  0.231043  0.735811  0.665730  0.358570  0.779760  0.571715  0.144869  0.363557  0.443976  0.238102  0.496232  0.301181  0.729061  0.553188  0.169735  0.233025  0.207552  0.229204  0.781084  0.287391  0.257896  0.643265  0.418582  0.253992  0.238040  0.467671  0.592798  0.597330  0.538767  0.227987  0.338915  0.698800  0.317689  0.566320  0.503750  0.290878  0.360742 
38  0.061997  0.343908  0.333200  0.395269  0.195601  0.586619  0.629880  0.096566  0.405439  0.813732  0.415397  0.423103  0.330431  0.732694  0.786393  0.460432  0.720579  0.512769  0.500406  0.699654  0.141045  0.817822  0.587312  0.228168  0.341618  0.733583  0.558166  0.671576  0.327785  0.202236  0.335672  0.567071  0.282703  0.518081  0.852066  0.762428  0.612565  0.371623 0.0  0.119733  0.255373  0.027034  0.382935  0.757173  0.410983  0.219027  0.283678  0.315052  0.471049  0.602523  0.257374  0.535720  0.031561  0.621494  0.651920  0.338533  0.601775  0.789918  0.486311  0.162109  0.202066  0.219298  0.690452  0.398920  0.570630  0.745811  0.360198  0.298352  0.240065  0.442623  0.733186  0.457205  0.196199  0.655504  0.222403  0.253622  0.438642  0.651635  0.589420  0.810475  0.685754  0.384043  0.339950  0.608611  0.630667  0.775445  0.574801  0.349647  0.244044 
39  0.144589  0.314262  0.233388  0.330256  0.120679  0.503366  0.770235  0.155993  0.279820  0.783921  0.346238  0.397300  0.410218  0.716895  0.729071  0.617884  0.696870  0.431197  0.406991  0.697259  0.103295  0.719338  0.513175  0.053660  0.317871  0.765722  0.543543  0.691688  0.178606  0.191799  0.326911  0.529420  0.389253  0.399327  0.762715  0.651955  0.683843  0.369748  0.119733 0.0  0.275419  0.098873  0.421335  0.787097  0.420809  0.315558  0.301848  0.411751  0.372581  0.494851  0.284022  0.479403  0.174592  0.650166  0.591834  0.446176  0.386826  0.629021  0.356640  0.074899  0.159237  0.228909  0.718080  0.313080  0.430292  0.660280  0.402051  0.148986  0.370011  0.498672  0.711973  0.368514  0.238083  0.794425  0.120315  0.227747  0.308576  0.735265  0.587692  0.792850  0.738530  0.263363  0.343236  0.605872  0.539835  0.827819  0.479469  0.379570  0.510215 
40  0.347436  0.000927  0.219723  0.335544  0.366108  0.717199  0.547363  0.357370  0.329730  0.485919  0.519870  0.213105  0.423412  0.495108  0.657829  0.593437  0.480411  0.747158  0.654114  0.717577  0.293394  0.687117  0.633614  0.275477  0.142664  0.644341  0.280003  0.432594  0.153571  0.179957  0.000000  0.656663  0.527076  0.250544  0.652895  0.578685  0.501272  0.243394  0.255373  0.275419 0.0  0.265115  0.193860  0.658629  0.655045  0.045753  0.530668  0.049262  0.339376  0.470750  0.268257  0.635986  0.312379  0.396319  0.606654  0.201974  0.640624  0.623502  0.275743  0.300331  0.314912  0.175002  0.676432  0.094188  0.686245  0.649606  0.294764  0.287429  0.113586  0.308688  0.405003  0.319401  0.222592  0.409308  0.287459  0.258877  0.220827  0.638589  0.667159  0.685854  0.532355  0.285536  0.053149  0.611211  0.422741  0.706207  0.374672  0.067284  0.397449 
41  0.066468  0.420622  0.273122  0.252923  0.029206  0.415190  0.835724  0.203897  0.259718  0.729293  0.341471  0.243680  0.328945  0.805451  0.630102  0.461784  0.681761  0.370337  0.425369  0.654451  0.124046  0.662327  0.406280  0.122314  0.448068  0.654879  0.626871  0.703400  0.169561  0.182580  0.480811  0.403273  0.396316  0.414131  0.639128  0.583519  0.740289  0.335534  0.027034  0.098873  0.265115 0.0  0.287460  0.792368  0.491063  0.413087  0.334526  0.465477  0.312384  0.614963  0.307595  0.326322  0.053122  0.636312  0.581499  0.349283  0.448437  0.596342  0.357377  0.116112  0.036454  0.308255  0.740265  0.432696  0.403713  0.726744  0.292964  0.205141  0.214988  0.307629  0.807723  0.298198  0.220546  0.652147  0.035735  0.231074  0.282517  0.766022  0.680972  0.703075  0.655105  0.317536  0.245560  0.619073  0.556423  0.587459  0.570237  0.268516  0.492799 
42  0.423899  0.217364  0.173036  0.199727  0.417738  0.777742  0.686842  0.304414  0.212190  0.813696  0.398912  0.103644  0.106311  0.744902  0.540699  0.246764  0.652054  0.761559  0.833125  0.490583  0.476896  0.556837  1.000000  0.436740  0.351892  0.508046  0.536061  0.657219  0.135437  0.228342  0.371753  0.754172  0.097105  0.140669  0.478943  0.481923  0.600404  0.159975  0.382935  0.421335  0.193860  0.287460 0.0  0.690456  0.641854  0.257759  0.142239  0.251495  0.159648  0.322393  0.196689  0.818432  0.309534  0.739748  0.581732  0.472309  0.767551  0.573902  0.188388  0.355384  0.430156  0.282819  0.579047  0.354736  0.786651  0.412259  0.149751  0.221744  0.288343  0.126265  0.600660  0.175376  0.251985  0.692326  0.392183  0.249857  0.230259  0.393636  0.524749  0.690173  0.639177  0.151663  0.280104  0.548586  0.358881  0.509694  0.501801  0.474859  0.491795 
43  0.683774  0.615996  0.586932  0.721020  0.725979  0.698008  0.420996  0.747830  0.670606  0.506353  0.456826  0.690493  0.801940  0.466322  0.424439  0.519324  0.499450  0.661877  0.729411  0.744605  0.735488  0.767317  0.755887  0.689360  0.491973  0.719234  0.286204  0.545610  0.581592  0.561453  0.460817  0.344867  0.705002  0.709764  0.763750  0.811612  0.542061  0.765514  0.757173  0.787097  0.658629  0.792368  0.690456 0.0  0.456680  0.466808  0.704604  0.549668  0.815553  0.464519  0.593148  0.367451  0.748455  0.416607  0.587778  0.539053  0.746273  0.689078  0.636761  0.720692  0.768048  0.575373  0.711532  0.458886  0.656907  0.733379  0.709308  0.635693  0.494365  0.696956  0.539892  0.734061  0.566331  0.474348  0.731940  0.628046  0.675882  0.738832  0.517657  0.770554  0.500793  0.627835  0.491128  0.572428  0.450078  0.659713  0.277947  0.554756  0.440239 
44  0.495037  0.807617  0.566239  0.628276  0.383408  0.464042  0.814788  0.535403  0.610728  0.699902  0.374002  0.711256  0.621177  0.760913  0.297896  0.480548  0.673388  0.478945  0.506836  0.682337  0.361001  0.690677  0.396512  0.344923  0.744664  0.679530  0.562005  0.737990  0.594311  0.509369  0.783176  0.075550  0.787867  0.714053  0.704575  0.713930  0.617717  0.647471  0.410983  0.420809  0.655045  0.491063  0.641854  0.456680 0.0  0.808524  0.685896  0.748234  0.691617  0.470372  0.726920  0.081082  0.326555  0.686860  0.581227  0.747198  0.379632  0.678232  0.683647  0.390828  0.403582  0.503972  0.681326  0.743587  0.441701  0.636402  0.695122  0.682566  0.628933  0.627829  0.741826  0.627359  0.529184  0.600630  0.448284  0.554369  0.625504  0.669250  0.580214  0.599785  0.725865  0.742972  0.664315  0.634139  0.492587  0.637326  0.620742  0.755272  0.472154 
