89
0 0.0  0.342961  0.230702  0.386855  0.067206  0.533901  0.775146  0.088743  0.358692  0.807069  0.544886  0.381180  0.391431  0.714742  0.814023  0.478659  0.723040  0.515400  0.523854  0.870083  0.145069  0.741615  0.559295  0.000000  0.350811  0.816863  0.564285  0.686041  0.308107  0.277248  0.345224  0.522057  0.341115  0.423096  0.787030  0.790290  0.695001  0.325638  0.164157  0.032185  0.398759  0.079307  0.456480  0.847029  0.519139  0.369163  0.230209  0.332256  0.476371  0.528006  0.275210  0.469450  0.130015  0.782281  0.671561  0.442397  0.537027  0.772899  0.347639  0.072316  0.126815  0.270572  0.654614  0.323270  0.487110  0.818522  0.388579  0.388128  0.341161  0.367928  0.715577  0.431369  0.412250  0.789765  0.214684  0.269742  0.411799  0.815682  0.631655  0.734120  0.798835  0.332614  0.358006  0.606065  0.613936  0.694690  0.571204  0.408088  0.452430 
1  0.342961 0.0  0.342166  0.398810  0.352472  0.670757  0.536352  0.341145  0.225599  0.558554  0.447523  0.356119  0.294313  0.513579  0.733103  0.577550  0.387329  0.626712  0.650964  0.697605  0.304208  0.649020  0.655145  0.362478  0.082244  0.770410  0.279451  0.331974  0.227175  0.271599  0.209954  0.690844  0.290441  0.374765  0.696771  0.674756  0.500667  0.272581  0.286664  0.376485  0.000000  0.456476  0.261657  0.432990  0.792278  0.206962  0.378842  0.246844  0.361146  0.565680  0.191001  0.804107  0.222504  0.461140  0.583524  0.121647  0.736258  0.743927  0.273874  0.381700  0.401788  0.309678  0.729950  0.034990  0.609129  0.695320  0.398573  0.346801  0.000000  0.354421  0.476717  0.331215  0.169899  0.390734  0.331261  0.331875  0.326362  0.693411  0.660309  0.673485  0.440805  0.265598  0.067863  0.705643  0.476385  0.614568  0.252922  0.085818  0.377979 
2  0.230702  0.342166 0.0  0.181855  0.189187  0.591575  0.636950  0.226197  0.236539  0.662956  0.400275  0.205819  0.231496  0.666867  0.623840  0.485835  0.625179  0.630575  0.667205  0.566340  0.264977  0.525209  0.608874  0.306462  0.354064  0.713628  0.425637  0.604864  0.293105  0.248886  0.305307  0.615244  0.226997  0.248213  0.609407  0.605868  0.552657  0.280686  0.207514  0.237779  0.315428  0.152571  0.257403  0.665556  0.643308  0.349392  0.219069  0.243145  0.167089  0.485894  0.257166  0.541679  0.282134  0.678443  0.604230  0.251097  0.547772  0.653159  0.270304  0.418458  0.243698  0.270591  0.649640  0.279896  0.673385  0.555632  0.187599  0.236682  0.244858  0.303987  0.748739  0.292548  0.243404  0.722158  0.207597  0.314488  0.291919  0.585733  0.627557  0.615001  0.726232  0.176670  0.183262  0.586117  0.503878  0.517732  0.535060  0.251495  0.492105 
3  0.386855  0.398810  0.181855 0.0  0.504279  0.910107  0.728618  0.293920  0.183976  0.734840  0.440679  0.297378  0.168449  0.734244  0.559293  0.255702  0.715071  0.933434  0.874410  0.544818  0.401239  0.581258  0.741428  0.508035  0.366572  0.486138  0.577894  0.663001  0.293556  0.151219  0.372756  0.846352  0.000000  0.139440  0.549889  0.650979  0.695176  0.110723  0.465561  0.431110  0.263803  0.348076  0.190496  0.865303  0.767960  0.307934  0.085097  0.310408  0.307039  0.364258  0.147275  0.836313  0.324596  0.803147  0.663790  0.363560  0.841393  0.604537  0.144097  0.299053  0.551734  0.252826  0.467214  0.398908  0.870992  0.636073  0.167363  0.207126  0.334222  0.062695  0.820127  0.183358  0.241985  0.772483  0.424023  0.301021  0.198771  0.486862  0.695022  0.501798  0.749027  0.266658  0.325782  0.660079  0.348617  0.537880  0.560869  0.337190  0.409623 
4  0.067206  0.352472  0.189187  0.504279 0.0  0.520469  0.693410  0.066519  0.457206  0.794056  0.412644  0.562768  0.334413  0.732664  0.869979  0.546917  0.667490  0.574960  0.657095  0.843080  0.207450  0.805375  0.497755  0.170141  0.493764  0.785288  0.605756  0.668924  0.336812  0.309292  0.257835  0.511212  0.348670  0.292903  0.790385  0.776186  0.710106  0.399761  0.248495  0.073575  0.264195  0.159935  0.502503  0.743539  0.374972  0.381707  0.265012  0.263027  0.464601  0.671089  0.182535  0.612962  0.129807  0.661693  0.611925  0.314087  0.605786  0.788301  0.422336  0.082490  0.154613  0.218484  0.938533  0.454985  0.641548  0.908926  0.401920  0.279188  0.304939  0.450076  0.866226  0.503452  0.279173  0.691395  0.225087  0.259849  0.390914  0.735970  0.598365  0.778785  0.744742  0.468221  0.250621  0.665276  0.663137  0.915771  0.580472  0.371571  0.516229 
5  0.533901  0.670757  0.591575  0.910107  0.520469 0.0  0.207536  0.497402  0.881697  0.401217  0.419341  0.962243  0.708863  0.309695  0.903814  0.595437  0.442260  0.205462  0.212242  0.327649  0.539576  0.494651  0.222219  0.492784  0.709220  0.479960  0.591705  0.467334  0.705599  0.566649  0.743276  0.500465  0.704916  0.919150  0.464133  0.455139  0.412775  0.770505  0.540038  0.608598  0.763824  0.476396  0.742098  0.790451  0.421441  0.718668  0.823422  0.707955  1.000000  0.705131  0.595048  0.552111  0.427115  0.360815  0.278949  0.793138  0.231005  0.450237  0.764995  0.418297  0.615402  0.625327  0.478694  0.754702  0.169763  0.315648  0.818077  0.790186  0.739556  0.791814  0.311766  0.855440  0.634220  0.395500  0.520351  0.622589  0.838047  0.243241  0.264706  0.405802  0.317125  0.843476  0.649543  0.241856  0.629295  0.395682  0.561446  0.663598  0.519725 
6  0.775146  0.536352  0.636950  0.728618  0.693410  0.207536 0.0  0.865397  0.699027  0.138458  0.488148  0.644044  0.629097  0.107986  0.638839  0.479866  0.072286  0.210336  0.384669  0.380016  0.662896  0.426779  0.400120  0.686075  0.473865  0.252328  0.363189  0.000000  0.595145  0.668622  0.626086  0.733687  0.689838  0.730164  0.360390  0.265802  0.096000  0.675284  0.748277  0.673277  0.465645  0.773774  0.609569  0.567488  0.838111  0.615502  0.685576  0.575689  0.715692  0.590457  0.642184  0.779504  0.689001  0.000000  0.231470  0.546058  0.354123  0.247473  0.653160  0.714761  0.748496  0.651343  0.374894  0.601598  0.341838  0.331779  0.697783  0.680593  0.460561  0.633610  0.159523  0.692055  0.597503  0.000000  0.700427  0.684721  0.677505  0.316833  0.319171  0.380834  0.058587  0.753149  0.462335  0.205274  0.509931  0.347612  0.339214  0.520262  0.445178 
7  0.088743  0.341145  0.226197  0.293920  0.066519  0.497402  0.865397 0.0  0.281612  0.707233  0.408216  0.410057  0.287118  0.714429  0.780156  0.583205  0.781433  0.382749  0.309043  0.673673  0.141559  0.736942  0.535593  0.053980  0.347668  0.714576  0.544324  0.736652  0.223217  0.285084  0.479705  0.488003  0.426188  0.286538  0.726648  0.757985  0.660365  0.347583  0.000000  0.101866  0.292936  0.195544  0.335208  0.722368  0.534303  0.405803  0.287667  0.421623  0.197947  0.616788  0.241107  0.422322  0.140105  0.681856  0.697513  0.499883  0.474814  0.702921  0.351002  0.056323  0.000400  0.291283  0.804869  0.394012  0.545406  0.672399  0.309169  0.179999  0.327232  0.234517  0.807264  0.286435  0.358461  0.765126  0.000000  0.276445  0.279340  0.677127  0.620419  0.765033  0.682034  0.409612  0.296924  0.687474  0.508984  0.633420  0.645540  0.357907  0.380357 
8  0.358692  0.225599  0.236539  0.183976  0.457206  0.881697  0.699027  0.281612 0.0  0.804413  0.453664  0.143560  0.123756  0.742808  0.585200  0.286567  0.705606  0.886961  0.767012  0.560831  0.420026  0.648211  0.842221  0.417868  0.363862  0.577296  0.574133  0.777122  0.263026  0.351824  0.372205  0.824173  0.000000  0.267866  0.628556  0.657031  0.688996  0.168415  0.335074  0.433616  0.302565  0.401668  0.169023  0.806582  0.690685  0.346042  0.159724  0.314090  0.219373  0.401721  0.203761  0.809816  0.366261  0.753074  0.632856  0.450041  0.892063  0.510599  0.104688  0.328499  0.528703  0.264153  0.571869  0.434995  0.844182  0.647580  0.214444  0.265946  0.386887  0.201746  0.698125  0.169598  0.229478  0.665707  0.462192  0.201590  0.208920  0.548106  0.680835  0.553452  0.711102  0.219088  0.425063  0.618959  0.389198  0.541735  0.683368  0.427381  0.561783 
9  0.807069  0.558554  0.662956  0.734840  0.794056  0.401217  0.138458  0.707233  0.804413 0.0  0.385687  0.772596  0.718745  0.040159  0.842778  0.637190  0.138917  0.362391  0.358289  0.360449  0.705068  0.377526  0.401044  0.842325  0.495561  0.400536  0.298971  0.144965  0.695873  0.635382  0.534987  0.790332  0.734310  0.739699  0.373019  0.352458  0.147139  0.692791  0.767173  0.823590  0.589175  0.862649  0.721714  0.525397  0.764824  0.540158  0.704792  0.572371  0.793004  0.562418  0.675204  0.724740  0.766901  0.116177  0.214302  0.507355  0.358667  0.361926  0.774904  0.681719  0.765554  0.653089  0.467421  0.574827  0.341021  0.428485  0.750329  0.583572  0.400832  0.717439  0.041020  0.744293  0.601785  0.081920  0.734034  0.688600  0.725977  0.414622  0.274264  0.470973  0.232300  0.769073  0.480339  0.208062  0.566388  0.430177  0.351291  0.455573  0.420613 
10  0.544886  0.447523  0.400275  0.440679  0.412644  0.419341  0.488148  0.408216  0.453664  0.385687 0.0  0.450749  0.433719  0.484998  0.501352  0.484209  0.475785  0.440023  0.503205  0.505732  0.404563  0.450426  0.518502  0.406511  0.491588  0.443087  0.545466  0.407800  0.427598  0.448024  0.438185  0.458844  0.492552  0.486379  0.429838  0.396732  0.544188  0.495040  0.376193  0.419163  0.480498  0.473041  0.490278  0.398886  0.395625  0.402888  0.545413  0.440829  0.500115  0.407419  0.429971  0.500475  0.525032  0.381011  0.395632  0.488388  0.481677  0.569530  0.483244  0.488625  0.482488  0.502466  0.531189  0.494556  0.467988  0.387822  0.448350  0.382388  0.433562  0.367611  0.402998  0.430714  0.475296  0.461958  0.356680  0.353029  0.478357  0.483494  0.447829  0.447202  0.413480  0.416842  0.390191  0.353374  0.504650  0.469682  0.549711  0.346151  0.367272 
11  0.381180  0.356119  0.205819  0.297378  0.562768  0.962243  0.644044  0.410057  0.143560  0.772596  0.450749 0.0  0.036435  0.863526  0.551659  0.284219  0.763323  0.813388  0.692371  0.631670  0.573702  0.647545  0.774390  0.495099  0.349325  0.572932  0.682860  0.642368  0.252757  0.321483  0.313770  0.875184  0.068985  0.143494  0.533547  0.517788  0.758947  0.177955  0.355155  0.413231  0.333561  0.337953  0.214202  0.636657  0.735954  0.287672  0.014420  0.385419  0.160832  0.368804  0.118406  0.880489  0.326649  0.696667  0.570122  0.492011  0.888205  0.486379  0.179360  0.325778  0.423796  0.191076  0.571434  0.448834  0.932570  0.494478  0.169413  0.181065  0.179543  0.240793  0.665517  0.198962  0.315332  0.660079  0.473834  0.236448  0.187475  0.412498  0.752371  0.640439  0.726290  0.188362  0.362826  0.641237  0.404382  0.570607  0.570253  0.379354  0.415881 
12  0.391431  0.294313  0.231496  0.168449  0.334413  0.708863  0.629097  0.287118  0.123756  0.718745  0.433719  0.036435 0.0  0.749349  0.455920  0.396644  0.642781  0.711392  0.646595  0.444570  0.245780  0.556204  0.741109  0.360427  0.477188  0.381947  0.573528  0.669139  0.161795  0.189376  0.363693  0.649005  0.268400  0.000000  0.423340  0.340190  0.706779  0.115253  0.218791  0.454636  0.285530  0.408186  0.040358  0.800949  0.764886  0.294263  0.202459  0.321176  0.151478  0.260599  0.143966  0.619515  0.271322  0.767302  0.589817  0.376807  0.674585  0.474987  0.117352  0.294479  0.329297  0.272020  0.412862  0.348629  0.679894  0.529050  0.132949  0.277135  0.283701  0.009964  0.801252  0.005560  0.175469  0.758093  0.281550  0.292507  0.077718  0.432604  0.632614  0.476762  0.861636  0.010448  0.272458  0.655263  0.338950  0.433844  0.548339  0.239094  0.471457 
13  0.714742  0.513579  0.666867  0.734244  0.732664  0.309695  0.107986  0.714429  0.742808  0.040159  0.484998  0.863526  0.749349 0.0  0.772501  0.593363  0.027826  0.421942  0.316916  0.452859  0.717101  0.374840  0.362996  0.719368  0.437742  0.451762  0.390630  0.141204  0.660966  0.689916  0.546945  0.752293  0.780857  0.826570  0.306358  0.332054  0.131607  0.660708  0.697749  0.769315  0.458967  0.816891  0.809260  0.568053  0.782519  0.443583  0.748759  0.536404  0.872549  0.544221  0.733464  0.735839  0.739924  0.152372  0.214469  0.488854  0.372672  0.358211  0.855888  0.755961  0.801813  0.547299  0.242738  0.448064  0.444506  0.458647  0.673529  0.636610  0.528131  0.784865  0.015148  0.846984  0.575014  0.146540  0.651268  0.633989  0.694761  0.326279  0.268073  0.443770  0.136111  0.692082  0.513941  0.274085  0.562207  0.368451  0.218667  0.548109  0.368438 
14  0.814023  0.733103  0.623840  0.559293  0.869979  0.903814  0.638839  0.780156  0.585200  0.842778  0.501352  0.551659  0.455920  0.772501 0.0  0.261978  0.776971  0.816012  0.912429  0.610698  0.782119  0.528861  0.812391  0.809060  0.877805  0.663302  0.573573  0.816736  0.613984  0.623584  0.713277  0.337609  0.465159  0.600755  0.614525  0.638860  0.723999  0.507225  0.885824  0.855716  0.787255  0.681119  0.579724  0.362134  0.147637  0.759440  0.379942  0.725075  0.671027  0.319982  0.705181  0.451812  0.768653  0.720508  0.705193  0.865029  0.743786  0.609179  0.569822  0.668087  0.869217  0.666398  0.617507  0.694981  0.928663  0.672668  0.428150  0.598068  0.686765  0.495196  0.709848  0.570706  0.650088  0.676664  0.793559  0.604944  0.527179  0.458678  0.636405  0.566641  0.672194  0.577717  0.746399  0.544582  0.321225  0.568412  0.520413  0.798887  0.541908 
15  0.478659  0.577550  0.485835  0.255702  0.546917  0.595437  0.479866  0.583205  0.286567  0.637190  0.484209  0.284219  0.396644  0.593363  0.261978 0.0  0.474421  0.495253  0.501686  0.294119  0.481554  0.303551  0.593176  0.493823  0.525701  0.239526  0.640846  0.494184  0.370287  0.401966  0.574281  0.492992  0.325955  0.157356  0.273093  0.259410  0.427326  0.312080  0.514034  0.514252  0.617087  0.616699  0.305669  0.623700  0.571401  0.495780  0.284760  0.515494  0.305302  0.239432  0.452394  0.479946  0.526521  0.466096  0.371682  0.670363  0.422197  0.175697  0.252029  0.611113  0.541780  0.477594  0.219974  0.500720  0.453595  0.267545  0.194663  0.465682  0.466611  0.275204  0.642859  0.281358  0.589396  0.529405  0.477813  0.485321  0.197322  0.328743  0.484430  0.242343  0.578101  0.247363  0.486927  0.469722  0.241541  0.205371  0.552512  0.622423  0.437878 
16  0.723040  0.387329  0.625179  0.715071  0.667490  0.442260  0.072286  0.781433  0.705606  0.138917  0.475785  0.763323  0.642781  0.027826  0.776971  0.474421 0.0  0.397838  0.383854  0.253807  0.680652  0.315421  0.242913  0.717874  0.565424  0.407801  0.241480  0.266766  0.730509  0.715833  0.472537  0.624778  0.700610  0.753213  0.296852  0.302732  0.217484  0.646238  0.725308  0.814458  0.477830  0.645612  0.714088  0.549282  0.733318  0.419129  0.609880  0.497337  0.713063  0.554491  0.628149  0.630654  0.832403  0.148621  0.307289  0.606057  0.330761  0.235279  0.770730  0.726662  0.761449  0.612554  0.250625  0.535155  0.220198  0.297844  0.714729  0.575231  0.525866  0.729091  0.019406  0.692053  0.649722  0.206808  0.779479  0.651702  0.667492  0.396167  0.339564  0.250687  0.036300  0.687018  0.515333  0.281970  0.482596  0.298720  0.376427  0.452549  0.413769 
17  0.515400  0.626712  0.630575  0.933434  0.574960  0.205462  0.210336  0.382749  0.886961  0.362391  0.440023  0.813388  0.711392  0.421942  0.816012  0.495253  0.397838 0.0  0.136865  0.487063  0.544920  0.460970  0.251657  0.584738  0.780110  0.381002  0.558028  0.307927  0.675853  0.619671  0.661327  0.484678  0.683477  0.824179  0.465821  0.474321  0.289165  0.868328  0.601729  0.526301  0.636561  0.461438  0.897146  0.777233  0.438604  0.679211  0.604226  0.689909  0.837888  0.523145  0.759043  0.559163  0.371769  0.351495  0.215523  0.704842  0.217465  0.384111  0.813395  0.431157  0.561388  0.663953  0.481330  0.801351  0.141431  0.404761  0.732853  0.558626  0.717543  0.787748  0.477397  0.820384  0.558089  0.404992  0.577388  0.687762  0.918492  0.337202  0.227806  0.507144  0.256412  0.838301  0.645350  0.262220  0.637884  0.504280  0.560440  0.741565  0.554298 
18  0.523854  0.650964  0.667205  0.874410  0.657095  0.212242  0.384669  0.309043  0.767012  0.358289  0.503205  0.692371  0.646595  0.316916  0.912429  0.501686  0.383854  0.136865 0.0  0.484835  0.600454  0.477942  0.127429  0.693926  0.845023  0.461763  0.567777  0.320399  0.665199  0.632816  0.672830  0.548222  0.683525  0.738747  0.413073  0.511986  0.327026  0.815731  0.502877  0.531472  0.691322  0.386783  0.802712  0.829482  0.519010  0.774256  0.763008  0.742887  0.869433  0.637096  0.596932  0.537010  0.482517  0.284506  0.327235  0.815714  0.178857  0.493416  0.775993  0.403532  0.461442  0.653214  0.456007  0.693817  0.212088  0.381333  0.798511  0.688812  0.705365  0.810319  0.364860  0.832753  0.780661  0.166215  0.488366  0.508688  0.863855  0.226691  0.204973  0.399707  0.306009  0.764976  0.703683  0.298148  0.571470  0.543672  0.567951  0.978620  0.577690 
19  0.870083  0.697605  0.566340  0.544818  0.843080  0.327649  0.380016  0.673673  0.560831  0.360449  0.505732  0.631670  0.444570  0.452859  0.610698  0.294119  0.253807  0.487063  0.484835 0.0  0.906738  0.223918  0.472618  0.735449  0.864578  0.268395  0.574264  0.217718  0.698910  0.672436  0.730837  0.836412  0.495114  0.622732  0.183858  0.183205  0.276978  0.581465  0.759391  0.746130  0.669293  0.744338  0.592492  0.796734  0.709436  0.691626  0.468023  0.670289  0.664689  0.452333  0.601105  0.932066  0.662989  0.344544  0.200287  0.706022  0.406455  0.156161  0.647598  0.643890  0.839048  0.647727  0.123643  0.781420  0.459034  0.182070  0.615032  0.652855  0.779334  0.498779  0.320006  0.603838  0.606904  0.336338  0.828700  0.662777  0.671477  0.015225  0.246539  0.214191  0.412956  0.659849  0.701279  0.357487  0.384973  0.181604  0.573473  0.693932  0.490917 
20  0.145069  0.304208  0.264977  0.401239  0.207450  0.539576  0.662896  0.141559  0.420026  0.705068  0.404563  0.573702  0.245780  0.717101  0.782119  0.481554  0.680652  0.544920  0.600454  0.906738 0.0  0.761136  0.537282  0.205929  0.388723  0.779122  0.588023  0.728331  0.443767  0.306992  0.382474  0.584116  0.253459  0.502352  0.766306  0.842049  0.722257  0.429825  0.185680  0.086679  0.348160  0.113021  0.376996  0.735063  0.468517  0.295934  0.339602  0.300139  0.447033  0.754773  0.277507  0.541808  0.030611  0.758988  0.647348  0.397920  0.579730  0.805373  0.417241  0.046460  0.234991  0.274439  0.787506  0.373569  0.596122  0.875861  0.536498  0.211454  0.359557  0.448160  0.861065  0.429418  0.277962  0.717598  0.108819  0.279555  0.505189  0.661417  0.737968  0.957270  0.629182  0.419627  0.332940  0.672778  0.619274  0.803484  0.529270  0.381294  0.520598 
21  0.741615  0.649020  0.525209  0.581258  0.805375  0.494651  0.426779  0.736942  0.648211  0.377526  0.450426  0.647545  0.556204  0.374840  0.528861  0.303551  0.315421  0.460970  0.477942  0.223918  0.761136 0.0  0.479238  0.851994  0.726012  0.182509  0.566051  0.376013  0.743434  0.581276  0.739421  0.746208  0.456353  0.496862  0.214623  0.090641  0.337692  0.571286  0.925864  0.746070  0.630188  0.710676  0.558041  0.783885  0.688714  0.722595  0.441892  0.696906  0.520106  0.440487  0.553004  0.921873  0.690114  0.326619  0.294261  0.783003  0.526539  0.211411  0.542296  0.660943  0.837159  0.606642  0.143260  0.727282  0.489328  0.214949  0.578320  0.671532  0.597911  0.644021  0.376010  0.549159  0.719566  0.234623  0.750561  0.598667  0.627180  0.013690  0.191210  0.144603  0.290665  0.510368  0.722225  0.218782  0.299241  0.317350  0.609684  0.746504  0.343718 
22  0.559295  0.655145  0.608874  0.741428  0.497755  0.222219  0.400120  0.535593  0.842221  0.401044  0.518502  0.774390  0.741109  0.362996  0.812391  0.593176  0.242913  0.251657  0.127429  0.472618  0.537282  0.479238 0.0  0.588062  0.787603  0.484618  0.549544  0.295166  0.635128  0.661202  0.698546  0.562671  0.727067  0.739017  0.466349  0.430372  0.252724  0.774741  0.581321  0.439296  0.763939  0.439658  0.864231  0.764958  0.475075  0.720326  0.656757  0.725349  0.767139  0.711324  0.594731  0.628175  0.474990  0.349233  0.344695  0.697048  0.180103  0.465171  0.814642  0.445240  0.592474  0.559502  0.465881  0.637692  0.098797  0.470565  0.834707  0.662919  0.635586  0.817882  0.378982  0.821943  0.676888  0.287113  0.552511  0.608641  0.861684  0.277332  0.338797  0.395968  0.343425  0.763324  0.671576  0.353871  0.619262  0.416762  0.615516  0.840697  0.430907 
23  0.000000  0.362478  0.306462  0.508035  0.170141  0.492784  0.686075  0.053980  0.417868  0.842325  0.406511  0.495099  0.360427  0.719368  0.809060  0.493823  0.717874  0.584738  0.693926  0.735449  0.205929  0.851994  0.588062 0.0  0.347510  0.798835  0.633460  0.639518  0.202921  0.227930  0.359865  0.649134  0.302233  0.409410  0.829436  0.865214  0.738767  0.404538  0.096078  0.035297  0.246127  0.062211  0.403494  0.675436  0.380005  0.187405  0.370991  0.165135  0.459197  0.626534  0.284300  0.487386  0.169359  0.802157  0.637488  0.334253  0.596493  0.833818  0.493533  0.108051  0.204813  0.214801  0.851218  0.434685  0.547462  0.881893  0.321371  0.147361  0.291820  0.405899  0.694513  0.529750  0.238126  0.705793  0.161898  0.203241  0.475132  0.796384  0.654662  0.817002  0.780958  0.425072  0.347083  0.566756  0.736941  0.900033  0.603975  0.353216  0.504698 
24  0.350811  0.082244  0.354064  0.366572  0.493764  0.709220  0.473865  0.347668  0.363862  0.495561  0.491588  0.349325  0.477188  0.437742  0.877805  0.525701  0.565424  0.780110  0.845023  0.864578  0.388723  0.726012  0.787603  0.347510 0.0  0.788555  0.337325  0.567775  0.254849  0.278214  0.176149  0.693548  0.442184  0.323924  0.773861  0.757195  0.568590  0.476832  0.390412  0.448973  0.072424  0.340355  0.416683  0.482023  0.727229  0.119182  0.319215  0.155699  0.446129  0.707711  0.214915  0.802250  0.362171  0.556525  0.555602  0.055590  0.751173  0.746641  0.397322  0.492545  0.373450  0.300033  0.738371  0.081288  0.748996  0.734803  0.452061  0.266514  0.146698  0.422644  0.559541  0.394029  0.240267  0.552563  0.378542  0.249788  0.360064  0.863209  0.680054  0.618240  0.501174  0.386233  0.161647  0.584740  0.549442  0.777913  0.255896  0.156523  0.423175 
25  0.816863  0.770410  0.713628  0.486138  0.785288  0.479960  0.252328  0.714576  0.577296  0.400536  0.443087  0.572932  0.381947  0.451762  0.663302  0.239526  0.407801  0.381002  0.461763  0.268395  0.779122  0.182509  0.484618  0.798835  0.788555 0.0  0.608526  0.336452  0.636210  0.559363  0.708121  0.926416  0.512707  0.586327  0.136686  0.180160  0.307664  0.669269  0.855376  0.855365  0.753724  0.724338  0.575289  0.886097  0.667408  0.762463  0.404755  0.730043  0.546321  0.369540  0.626410  0.726426  0.775632  0.308399  0.324063  0.741124  0.441185  0.238516  0.588021  0.694350  0.749441  0.620964  0.146709  0.762050  0.468741  0.144826  0.534022  0.656443  0.674495  0.598799  0.296152  0.621491  0.708769  0.366545  0.810798  0.659603  0.460217  0.000000  0.286989  0.167159  0.289281  0.473793  0.701637  0.195516  0.498052  0.213045  0.606745  0.743492  0.538460 
26  0.564285  0.279451  0.425637  0.577894  0.605756  0.591705  0.363189  0.544324  0.574133  0.298971  0.545466  0.682860  0.573528  0.390630  0.573573  0.640846  0.241480  0.558028  0.567777  0.574264  0.588023  0.566051  0.549544  0.633460  0.337325  0.608526 0.0  0.279506  0.463584  0.425520  0.342990  0.633836  0.516600  0.622228  0.605869  0.641684  0.361886  0.602592  0.599573  0.604527  0.243145  0.585742  0.646466  0.384376  0.654025  0.269808  0.540172  0.277225  0.573925  0.637708  0.502218  0.636705  0.563142  0.340459  0.392037  0.318463  0.516996  0.606946  0.669474  0.569665  0.598316  0.485124  0.591793  0.255869  0.608471  0.608960  0.598973  0.361138  0.392637  0.594279  0.306801  0.635879  0.440744  0.334480  0.519763  0.322752  0.545118  0.457931  0.458634  0.626494  0.327979  0.670242  0.400123  0.455926  0.642388  0.602252  0.368040  0.319205  0.459043 
27  0.686041  0.331974  0.604864  0.663001  0.668924  0.467334  0.000000  0.736652  0.777122  0.144965  0.407800  0.642368  0.669139  0.141204  0.816736  0.494184  0.266766  0.307927  0.320399  0.217718  0.728331  0.376013  0.295166  0.639518  0.567775  0.336452  0.279506 0.0  0.739203  0.665452  0.477296  0.615773  0.736251  0.696277  0.260863  0.354115  0.233507  0.716176  0.710718  0.856619  0.401328  0.650901  0.702172  0.501020  0.702996  0.497636  0.710347  0.442714  0.640363  0.526294  0.621853  0.642816  0.835130  0.149366  0.145613  0.401947  0.274720  0.339789  0.778664  0.683582  0.740253  0.631934  0.282386  0.547206  0.353967  0.340176  0.679101  0.587846  0.643347  0.633111  0.056614  0.695671  0.596350  0.199740  0.775721  0.645009  0.721013  0.343336  0.148924  0.337101  0.062824  0.788992  0.607132  0.184960  0.585423  0.350892  0.388034  0.508805  0.488634 
28  0.308107  0.227175  0.293105  0.293556  0.336812  0.705599  0.595145  0.223217  0.263026  0.695873  0.427598  0.252757  0.161795  0.660966  0.613984  0.370287  0.730509  0.675853  0.665199  0.698910  0.443767  0.743434  0.635128  0.202921  0.254849  0.636210  0.463584  0.739203 0.0  0.240387  0.254861  0.640698  0.213457  0.300330  0.602536  0.552492  0.623258  0.298312  0.299791  0.216996  0.283214  0.349515  0.236755  0.599093  0.556278  0.185177  0.238379  0.309016  0.252809  0.452130  0.282459  0.606063  0.279551  0.537706  0.700700  0.293137  0.630967  0.686788  0.208859  0.307269  0.253367  0.305839  0.627448  0.293855  0.665083  0.622766  0.242845  0.201759  0.326070  0.223217  0.629958  0.259558  0.283770  0.578843  0.230379  0.297468  0.216395  0.703363  0.563607  0.626730  0.633931  0.202980  0.334261  0.565787  0.466934  0.602386  0.462801  0.222047  0.429496 
29  0.277248  0.271599  0.248886  0.151219  0.309292  0.566649  0.668622  0.285084  0.351824  0.635382  0.448024  0.321483  0.189376  0.689916  0.623584  0.401966  0.715833  0.619671  0.632816  0.672436  0.306992  0.581276  0.661202  0.227930  0.278214  0.559363  0.425520  0.665452  0.240387 0.0  0.310025  0.645898  0.324297  0.308537  0.625336  0.703361  0.610519  0.306453  0.332623  0.167044  0.296645  0.199223  0.300038  0.661392  0.679887  0.203476  0.363922  0.232010  0.282128  0.552510  0.220892  0.537432  0.339875  0.718673  0.728700  0.249718  0.639554  0.686013  0.303054  0.332227  0.229520  0.291027  0.658254  0.205540  0.735844  0.715970  0.347466  0.189083  0.281003  0.311770  0.634397  0.290783  0.184977  0.671013  0.185624  0.136164  0.252752  0.690583  0.608416  0.617701  0.700783  0.258855  0.356040  0.667281  0.449660  0.740275  0.400718  0.235105  0.400927 
30  0.345224  0.209954  0.305307  0.372756  0.257835  0.743276  0.626086  0.479705  0.372205  0.534987  0.438185  0.313770  0.363693  0.546945  0.713277  0.574281  0.472537  0.661327  0.672830  0.730837  0.382474  0.739421  0.698546  0.359865  0.176149  0.708121  0.342990  0.477296  0.254861  0.310025 0.0  0.605863  0.317916  0.328629  0.702042  0.662590  0.425496  0.348778  0.227169  0.384789  0.046709  0.527559  0.230730  0.455222  0.784907  0.131542  0.292306  0.176033  0.299502  0.497829  0.256605  0.664220  0.356211  0.434953  0.602161  0.130161  0.729803  0.652132  0.287641  0.231923  0.248152  0.241171  0.767465  0.062418  0.632181  0.772040  0.349194  0.201159  0.123947  0.298578  0.526458  0.296609  0.317926  0.399805  0.243548  0.310884  0.287441  0.674327  0.585598  0.743465  0.429885  0.276072  0.073305  0.566577  0.436262  0.656449  0.322090  0.162659  0.393373 
31  0.522057  0.690844  0.615244  0.846352  0.511212  0.500465  0.733687  0.488003  0.824173  0.790332  0.458844  0.875184  0.649005  0.752293  0.337609  0.492992  0.624778  0.484678  0.548222  0.836412  0.584116  0.746208  0.562671  0.649134  0.693548  0.926416  0.633836  0.615773  0.640698  0.645898  0.605863 0.0  0.715020  0.893336  0.775721  0.816732  0.752741  0.826149  0.520844  0.442833  0.755822  0.523627  0.783060  0.277918  0.057944  0.603802  0.717938  0.746667  0.934650  0.652722  0.673599  0.279650  0.453830  0.673166  0.556915  0.878134  0.589740  0.862687  0.755886  0.423240  0.635122  0.577045  0.831564  0.820056  0.593223  0.794419  0.797404  0.613150  0.697150  0.807961  0.806189  0.758870  0.612199  0.667298  0.525868  0.691074  0.901401  0.742633  0.681246  0.802419  0.729430  0.750490  0.679764  0.728082  0.569509  0.859939  0.541140  0.845867  0.440213 
32  0.341115  0.290441  0.226997  0.000000  0.348670  0.704916  0.689838  0.426188  0.000000  0.734310  0.492552  0.068985  0.268400  0.780857  0.465159  0.325955  0.700610  0.683477  0.683525  0.495114  0.253459  0.456353  0.727067  0.302233  0.442184  0.512707  0.516600  0.736251  0.213457  0.324297  0.317916  0.715020 0.0  0.014143  0.572703  0.405588  0.681165  0.010294  0.216046  0.393212  0.433717  0.295131  0.062371  0.808177  0.694476  0.258768  0.092705  0.367748  0.174844  0.206417  0.180372  0.702678  0.398049  0.685022  0.630099  0.400448  0.639755  0.515676  0.011613  0.317470  0.334023  0.236314  0.463841  0.360012  0.741285  0.508673  0.093421  0.205832  0.342864  0.169227  0.725649  0.005229  0.436682  0.603251  0.321147  0.261553  0.152073  0.514558  0.586536  0.387180  0.853849  0.011805  0.368332  0.675086  0.261112  0.417612  0.445169  0.412543  0.461557 
33  0.423096  0.374765  0.248213  0.139440  0.292903  0.919150  0.730164  0.286538  0.267866  0.739699  0.486379  0.143494  0.000000  0.826570  0.600755  0.157356  0.753213  0.824179  0.738747  0.622732  0.502352  0.496862  0.739017  0.409410  0.323924  0.586327  0.622228  0.696277  0.300330  0.308537  0.328629  0.893336  0.014143 0.0  0.631918  0.519454  0.630915  0.126212  0.473121  0.465281  0.408774  0.202396  0.249179  0.769728  0.698729  0.307163  0.074890  0.289628  0.125492  0.385709  0.321677  0.871786  0.279408  0.754400  0.567530  0.436723  0.801951  0.587116  0.180159  0.375021  0.497265  0.244248  0.609983  0.474397  0.810235  0.553231  0.113056  0.220062  0.227627  0.196906  0.651655  0.278605  0.251458  0.704733  0.377546  0.410156  0.226556  0.352800  0.617796  0.497700  0.612147  0.154305  0.248581  0.592877  0.375350  0.568127  0.597817  0.288408  0.389366 
34  0.787030  0.696771  0.609407  0.549889  0.790385  0.464133  0.360390  0.726648  0.628556  0.373019  0.429838  0.533547  0.423340  0.306358  0.614525  0.273093  0.296852  0.465821  0.413073  0.183858  0.766306  0.214623  0.466349  0.829436  0.773861  0.136686  0.605869  0.260863  0.602536  0.625336  0.702042  0.775721  0.572703  0.631918 0.0  0.163930  0.272490  0.491180  0.887147  0.829107  0.701761  0.637184  0.559563  0.691217  0.712874  0.668775  0.490368  0.626686  0.602270  0.365477  0.654449  0.833876  0.678766  0.338488  0.276970  0.806862  0.432913  0.197398  0.576029  0.684320  0.840804  0.602439  0.166853  0.925509  0.435313  0.186942  0.585384  0.688614  0.694551  0.661782  0.377586  0.593423  0.693966  0.309738  0.811616  0.633189  0.602222  0.015177  0.298617  0.200828  0.297585  0.634841  0.644413  0.189650  0.346988  0.161945  0.557741  0.767508  0.433630 
35  0.790290  0.674756  0.605868  0.650979  0.776186  0.455139  0.265802  0.757985  0.657031  0.352458  0.396732  0.517788  0.340190  0.332054  0.638860  0.259410  0.302732  0.474321  0.511986  0.183205  0.842049  0.090641  0.430372  0.865214  0.757195  0.180160  0.641684  0.354115  0.552492  0.703361  0.662590  0.816732  0.405588  0.519454  0.163930 0.0  0.268743  0.526377  0.884160  0.665042  0.782952  0.753999  0.558240  0.716085  0.727591  0.687424  0.495533  0.708589  0.504680  0.511821  0.653147  0.829550  0.699296  0.357841  0.255320  0.751847  0.394772  0.223026  0.575081  0.638570  0.824222  0.655289  0.218556  0.775896  0.538876  0.128867  0.500534  0.599041  0.668259  0.580204  0.296141  0.531188  0.593434  0.298340  0.856307  0.706563  0.607258  0.122243  0.368332  0.197643  0.368632  0.573260  0.705959  0.271628  0.316450  0.168555  0.584593  0.757781  0.403988 
36  0.695001  0.500667  0.552657  0.695176  0.710106  0.412775  0.096000  0.660365  0.688996  0.147139  0.544188  0.758947  0.706779  0.131607  0.723999  0.427326  0.217484  0.289165  0.327026  0.276978  0.722257  0.337692  0.252724  0.738767  0.568590  0.307664  0.361886  0.233507  0.623258  0.610519  0.425496  0.752741  0.681165  0.630915  0.272490  0.268743 0.0  0.604705  0.687637  0.746369  0.429423  0.603952  0.669215  0.556714  0.733263  0.387225  0.717472  0.475804  0.663060  0.565286  0.685295  0.633990  0.843482  0.271162  0.249248  0.507690  0.373121  0.357567  0.724386  0.694228  0.710756  0.715714  0.188739  0.533206  0.251582  0.250081  0.736846  0.804827  0.482996  0.727841  0.183855  0.716752  0.562856  0.226682  0.670646  0.627466  0.765570  0.287006  0.197238  0.349697  0.000000  0.829819  0.497819  0.322114  0.443963  0.234098  0.270107  0.474178  0.392985 
37  0.325638  0.272581  0.280686  0.110723  0.399761  0.770505  0.675284  0.347583  0.168415  0.692791  0.495040  0.177955  0.115253  0.660708  0.507225  0.312080  0.646238  0.868328  0.815731  0.581465  0.429825  0.571286  0.774741  0.404538  0.476832  0.669269  0.602592  0.716176  0.298312  0.306453  0.348778  0.826149  0.010294  0.126212  0.491180  0.526377  0.604705 0.0  0.448825  0.427863  0.375597  0.312707  0.277059  0.873620  0.783502  0.362775  0.087055  0.231357  0.118232  0.308971  0.216618  0.811152  0.393580  0.701719  0.691958  0.351388  0.817556  0.655422  0.179859  0.292953  0.481681  0.238505  0.554595  0.383516  0.816797  0.470650  0.233785  0.308438  0.333413  0.145908  0.771125  0.196738  0.235288  0.754534  0.461102  0.247745  0.209852  0.426890  0.624407  0.659539  0.604741  0.100599  0.374510  0.654519  0.327169  0.557096  0.559290  0.372948  0.363160 
38  0.164157  0.286664  0.207514  0.465561  0.248495  0.540038  0.748277  0.000000  0.335074  0.767173  0.376193  0.355155  0.218791  0.697749  0.885824  0.514034  0.725308  0.601729  0.502877  0.759391  0.185680  0.925864  0.581321  0.096078  0.390412  0.855376  0.599573  0.710718  0.299791  0.332623  0.227169  0.520844  0.216046  0.473121  0.887147  0.884160  0.687637  0.448825 0.0  0.086991  0.297358  0.092592  0.403822  0.756984  0.423824  0.352328  0.361529  0.361190  0.387649  0.682455  0.313563  0.488745  0.046891  0.800582  0.657465  0.413768  0.557070  0.814780  0.453884  0.022096  0.243836  0.316067  0.897194  0.332729  0.553381  0.908209  0.447998  0.300778  0.387311  0.496142  0.744235  0.473916  0.236750  0.674245  0.121716  0.314552  0.443322  0.639153  0.705731  0.915678  0.675666  0.508839  0.233144  0.610192  0.669886  0.829574  0.554828  0.412414  0.530030 
39  0.032185  0.376485  0.237779  0.431110  0.073575  0.608598  0.673277  0.101866  0.433616  0.823590  0.419163  0.413231  0.454636  0.769315  0.855716  0.514252  0.814458  0.526301  0.531472  0.746130  0.086679  0.746070  0.439296  0.035297  0.448973  0.855365  0.604527  0.856619  0.216996  0.167044  0.384789  0.442833  0.393212  0.465281  0.829107  0.665042  0.746369  0.427863  0.086991 0.0  0.498119  0.146096  0.295289  0.761018  0.540030  0.357671  0.305855  0.464468  0.372868  0.563432  0.279514  0.516314  0.100888  0.780064  0.641470  0.374061  0.477122  0.805087  0.352821  0.080001  0.145419  0.354755  0.791863  0.409748  0.457559  0.793347  0.362798  0.200813  0.386282  0.395153  0.861651  0.399180  0.251719  0.748314  0.052459  0.337147  0.485603  0.790716  0.644843  0.772528  0.736810  0.363213  0.367297  0.623815  0.653651  0.718156  0.586981  0.350213  0.434897 
40  0.398759  0.000000  0.315428  0.263803  0.264195  0.763824  0.465645  0.292936  0.302565  0.589175  0.480498  0.333561  0.285530  0.458967  0.787255  0.617087  0.477830  0.636561  0.691322  0.669293  0.348160  0.630188  0.763939  0.246127  0.072424  0.753724  0.243145  0.401328  0.283214  0.296645  0.046709  0.755822  0.433717  0.408774  0.701761  0.782952  0.429423  0.375597  0.297358  0.498119 0.0  0.378024  0.292531  0.553372  0.702161  0.074133  0.460426  0.073551  0.355704  0.470833  0.111192  0.750606  0.331520  0.423155  0.580258  0.118889  0.765114  0.716092  0.386857  0.240473  0.373239  0.273863  0.720623  0.083010  0.795455  0.719196  0.311952  0.280432  0.090325  0.332604  0.525869  0.456425  0.284418  0.380072  0.284018  0.279688  0.320344  0.816658  0.588171  0.731585  0.679683  0.301993  0.043140  0.662521  0.648556  0.632412  0.314156  0.120684  0.368214 
41  0.079307  0.456476  0.152571  0.348076  0.159935  0.476396  0.773774  0.195544  0.401668  0.862649  0.473041  0.337953  0.408186  0.816891  0.681119  0.616699  0.645612  0.461438  0.386783  0.744338  0.113021  0.710676  0.439658  0.062211  0.340355  0.724338  0.585742  0.650901  0.349515  0.199223  0.527559  0.523627  0.295131  0.202396  0.637184  0.753999  0.603952  0.312707  0.092592  0.146096  0.378024 0.0  0.347611  0.736805  0.457428  0.506998  0.326835  0.376806  0.338714  0.640785  0.188422  0.444710  0.065728  0.711165  0.552114  0.333821  0.491174  0.730614  0.287289  0.044835  0.032963  0.247081  0.699499  0.305734  0.482514  0.765785  0.352973  0.299662  0.297433  0.407381  0.720294  0.258653  0.266814  0.791166  0.028945  0.173497  0.227480  0.658884  0.613872  0.711003  0.774556  0.322156  0.255686  0.614979  0.530802  0.796087  0.671182  0.465851  0.405116 
42  0.456480  0.261657  0.257403  0.190496  0.502503  0.742098  0.609569  0.335208  0.169023  0.721714  0.490278  0.214202  0.040358  0.809260  0.579724  0.305669  0.714088  0.897146  0.802712  0.592492  0.376996  0.558041  0.864231  0.403494  0.416683  0.575289  0.646466  0.702172  0.236755  0.300038  0.230730  0.783060  0.062371  0.249179  0.559563  0.558240  0.669215  0.277059  0.403822  0.295289  0.292531  0.347611 0.0  0.644828  0.760880  0.316996  0.087313  0.250520  0.223504  0.374521  0.273605  0.727292  0.338707  0.672727  0.692988  0.457760  0.878488  0.594714  0.067432  0.305149  0.476741  0.259687  0.574452  0.421978  0.827341  0.627261  0.279596  0.403199  0.306738  0.114513  0.840986  0.273637  0.313079  0.733143  0.458712  0.279958  0.219283  0.449188  0.611211  0.603838  0.758947  0.227938  0.371941  0.620781  0.388827  0.557259  0.622232  0.429803  0.354617 
43  0.847029  0.432990  0.665556  0.865303  0.743539  0.790451  0.567488  0.722368  0.806582  0.525397  0.398886  0.636657  0.800949  0.568053  0.362134  0.623700  0.549282  0.777233  0.829482  0.796734  0.735063  0.783885  0.764958  0.675436  0.482023  0.886097  0.384376  0.501020  0.599093  0.661392  0.455222  0.277918  0.808177  0.769728  0.691217  0.716085  0.556714  0.873620  0.756984  0.761018  0.553372  0.736805  0.644828 0.0  0.417593  0.494466  0.684133  0.522496  0.864226  0.590683  0.670674  0.347378  0.670944  0.479492  0.610315  0.548562  0.680412  0.791468  0.807708  0.729086  0.691919  0.561452  0.778481  0.423920  0.773754  0.766588  0.776476  0.700275  0.440418  0.773056  0.472564  0.756542  0.607697  0.489985  0.759963  0.614647  0.713646  0.690211  0.536371  0.795253  0.556972  0.798454  0.608076  0.640911  0.490337  0.702790  0.315043  0.524588  0.504313 
44  0.519139  0.792278  0.643308  0.767960  0.374972  0.421441  0.838111  0.534303  0.690685  0.764824  0.395625  0.735954  0.764886  0.782519  0.147637  0.571401  0.733318  0.438604  0.519010  0.709436  0.468517  0.688714  0.475075  0.380005  0.727229  0.667408  0.654025  0.702996  0.556278  0.679887  0.784907  0.057944  0.694476  0.698729  0.712874  0.727591  0.733263  0.783502  0.423824  0.540030  0.702161  0.457428  0.760880  0.417593 0.0  0.795626  0.775504  0.869072  0.782684  0.464518  0.617813  0.054031  0.464826  0.708464  0.686309  0.733819  0.505538  0.697581  0.749368  0.454724  0.385272  0.654647  0.744782  0.725811  0.471383  0.635069  0.793436  0.618715  0.739334  0.659814  0.694372  0.689461  0.700388  0.713784  0.468028  0.646283  0.639368  0.701880  0.635911  0.715575  0.774952  0.668613  0.732819  0.738793  0.433440  0.578933  0.518786  0.747639  0.409797 
