89
0 0.0  0.387485  0.233694  0.415349  0.163443  0.592860  0.842113  0.209528  0.341044  0.811221  0.413411  0.515724  0.282003  0.737634  0.780040  0.584059  0.771395  0.575334  0.481368  0.829851  0.101486  0.780073  0.463460  0.079284  0.412011  0.919427  0.516277  0.723649  0.205442  0.235922  0.433670  0.588771  0.422498  0.347457  0.774696  0.811746  0.794976  0.349047  0.084530  0.201544  0.346760  0.222680  0.444389  0.885597  0.571651  0.353524  0.432404  0.366269  0.317238  0.607874  0.339698  0.533145  0.118076  0.745503  0.707312  0.303078  0.360938  0.769077  0.293037  0.140580  0.058048  0.295137  0.691277  0.426808  0.573880  0.756979  0.341201  0.261756  0.354888  0.292881  0.790438  0.392645  0.236279  0.850599  0.096953  0.295411  0.267992  0.806529  0.712076  0.902561  0.752675  0.462454  0.325620  0.739150  0.568898  0.825727  0.567505  0.327512  0.515787 
1  0.387485 0.0  0.226772  0.382655  0.354669  0.716950  0.654666  0.433099  0.343336  0.426510  0.444239  0.283430  0.249005  0.544722  0.670691  0.557574  0.522945  0.686288  0.793458  0.701602  0.424259  0.734969  0.701106  0.295606  0.211192  0.664383  0.419042  0.538490  0.332172  0.296607  0.144224  0.758748  0.296186  0.350815  0.721808  0.623033  0.542759  0.328522  0.285999  0.423303  0.032267  0.502598  0.324803  0.400301  0.793648  0.207160  0.353711  0.129201  0.291122  0.499084  0.198311  0.685023  0.425723  0.467494  0.606492  0.192651  0.781736  0.791916  0.388093  0.434111  0.359918  0.359147  0.831955  0.203842  0.779769  0.782096  0.388481  0.239306  0.171587  0.271580  0.504046  0.356159  0.273918  0.417225  0.256756  0.234122  0.377845  0.700548  0.716723  0.818865  0.464384  0.315514  0.000000  0.633792  0.587126  0.666908  0.364900  0.156535  0.438058 
2  0.233694  0.226772 0.0  0.238322  0.234744  0.615277  0.593345  0.270673  0.269504  0.657357  0.476370  0.287521  0.283012  0.669077  0.706423  0.546197  0.635395  0.649105  0.702047  0.777142  0.247658  0.654939  0.570098  0.148214  0.249896  0.755292  0.474971  0.678605  0.188919  0.298882  0.322780  0.699889  0.241352  0.205161  0.519842  0.682969  0.699779  0.253354  0.280046  0.219637  0.182986  0.322388  0.336191  0.693596  0.644523  0.171607  0.165871  0.243285  0.310214  0.635715  0.305237  0.803677  0.278103  0.608367  0.744936  0.282731  0.684853  0.661856  0.239147  0.189589  0.289528  0.170705  0.723905  0.280738  0.704253  0.681035  0.226899  0.228119  0.234461  0.312064  0.750786  0.388421  0.326830  0.742588  0.201726  0.309131  0.257789  0.573985  0.699767  0.594854  0.714541  0.198553  0.245996  0.629086  0.442554  0.710126  0.547686  0.143173  0.541641 
3  0.415349  0.382655  0.238322 0.0  0.638484  0.826491  0.710024  0.311835  0.143096  0.704044  0.439163  0.169313  0.000000  0.675875  0.568603  0.286204  0.612791  0.866370  0.918592  0.542011  0.445802  0.585866  0.886590  0.359938  0.499873  0.612999  0.665951  0.731177  0.294271  0.228787  0.381897  0.916012  0.151469  0.142133  0.618474  0.609081  0.768269  0.155688  0.469277  0.417259  0.333827  0.336350  0.283987  0.780810  0.768684  0.344536  0.121149  0.330136  0.165455  0.403291  0.231485  0.860674  0.270758  0.712112  0.632485  0.453510  0.934409  0.573839  0.166627  0.313294  0.410191  0.228089  0.614807  0.481561  0.835355  0.601436  0.194640  0.253947  0.304996  0.171737  0.730651  0.173581  0.290883  0.772284  0.481060  0.311624  0.258992  0.472196  0.555525  0.620882  0.768834  0.240623  0.285577  0.782424  0.380693  0.642039  0.619888  0.457797  0.411879 
4  0.163443  0.354669  0.234744  0.638484 0.0  0.640926  0.834434  0.165969  0.388146  0.823545  0.529824  0.420229  0.281887  0.943045  0.849949  0.548443  0.706631  0.534865  0.531508  0.855781  0.183129  0.820056  0.564425  0.196281  0.300425  0.895323  0.570117  0.747212  0.260327  0.307174  0.320015  0.639949  0.334102  0.470361  0.776442  0.783650  0.738116  0.427154  0.227377  0.121191  0.341892  0.107735  0.468256  0.827405  0.416776  0.333868  0.396944  0.306723  0.451960  0.665217  0.263138  0.687823  0.000000  0.709117  0.705575  0.425224  0.589030  0.755926  0.470162  0.028744  0.235920  0.330072  0.912127  0.416261  0.607349  0.899247  0.383183  0.336910  0.333128  0.498848  0.776399  0.370753  0.209730  0.765175  0.220994  0.224763  0.377914  0.712427  0.680908  0.893322  0.706507  0.388072  0.317894  0.617990  0.705927  0.948450  0.569742  0.305502  0.502966 
5  0.592860  0.716950  0.615277  0.826491  0.640926 0.0  0.159817  0.402343  0.891917  0.455178  0.501866  0.988183  0.734981  0.432060  0.892391  0.516998  0.276683  0.261183  0.195096  0.452906  0.593373  0.393469  0.218964  0.577848  0.745139  0.526482  0.597898  0.346697  0.593481  0.757962  0.703912  0.522115  0.635263  0.865557  0.357438  0.479405  0.412815  0.762742  0.566428  0.605361  0.713795  0.390329  0.823616  0.733920  0.528670  0.722697  0.697104  0.702649  0.844280  0.511363  0.694634  0.588791  0.534933  0.387758  0.266699  0.803092  0.279145  0.550369  0.818126  0.445378  0.630018  0.692235  0.451525  0.677893  0.223921  0.523452  0.836986  0.705227  0.755685  0.989191  0.474685  0.782005  0.651655  0.368605  0.567754  0.678437  0.796285  0.333615  0.264887  0.404849  0.367717  0.798457  0.683135  0.378226  0.641587  0.513617  0.538537  0.752132  0.532288 
6  0.842113  0.654666  0.593345  0.710024  0.834434  0.159817 0.0  0.886743  0.700658  0.126622  0.569419  0.761077  0.726496  0.146394  0.793983  0.535145  0.175651  0.359152  0.397305  0.306108  0.740859  0.353029  0.324877  0.746608  0.495623  0.339121  0.338476  0.076082  0.624485  0.705829  0.573192  0.746037  0.750127  0.799581  0.304090  0.307242  0.028416  0.693082  0.794503  0.804465  0.485897  0.921486  0.726220  0.536615  0.865161  0.627448  0.690760  0.638264  0.702257  0.533038  0.676236  0.692343  0.725977  0.146471  0.236598  0.413130  0.275673  0.368877  0.695055  0.586451  0.792205  0.716634  0.427783  0.660136  0.329921  0.370873  0.748030  0.709833  0.555098  0.655120  0.135793  0.731371  0.642368  0.085693  0.790886  0.739039  0.848561  0.342452  0.211728  0.360965  0.141389  0.723020  0.527486  0.287545  0.453512  0.353897  0.323329  0.486328  0.464865 
7  0.209528  0.433099  0.270673  0.311835  0.165969  0.402343  0.886743 0.0  0.446911  0.823128  0.442324  0.163301  0.363795  0.814321  0.678278  0.579770  0.759432  0.497065  0.521581  0.775714  0.050246  0.822070  0.410187  0.033957  0.421139  0.625619  0.615796  0.683993  0.296750  0.232055  0.478962  0.436582  0.311689  0.336766  0.602297  0.764387  0.713122  0.372426  0.195766  0.194960  0.279451  0.247728  0.240110  0.827694  0.611588  0.410201  0.284539  0.498469  0.318679  0.633404  0.210714  0.342188  0.113741  0.662243  0.657097  0.394341  0.510166  0.715292  0.312111  0.042633  0.079448  0.329768  0.746974  0.349075  0.521484  0.665040  0.316184  0.232911  0.357058  0.330467  0.771172  0.407887  0.189735  0.769808  0.000000  0.295647  0.401465  0.688157  0.607850  0.695321  0.657753  0.313360  0.364974  0.687832  0.535693  0.657043  0.626497  0.492174  0.435933 
8  0.341044  0.343336  0.269504  0.143096  0.388146  0.891917  0.700658  0.446911 0.0  0.905234  0.435058  0.075782  0.029925  0.632259  0.614081  0.259414  0.705451  0.824730  0.834970  0.624971  0.420380  0.633169  0.853421  0.388228  0.434504  0.552846  0.612209  0.790710  0.249791  0.126415  0.358201  0.839630  0.090224  0.152974  0.499669  0.578196  0.777793  0.213800  0.427124  0.359122  0.353002  0.346467  0.250951  0.851899  0.770888  0.338098  0.130006  0.264463  0.173343  0.382584  0.108844  0.852998  0.325421  0.730935  0.719188  0.391863  0.789551  0.527465  0.138936  0.330585  0.449036  0.311881  0.658685  0.387988  0.896453  0.525059  0.263727  0.364846  0.292792  0.249150  0.742135  0.259880  0.328638  0.807122  0.428326  0.240984  0.261001  0.495823  0.699190  0.564955  0.694618  0.236939  0.323951  0.624634  0.389238  0.601909  0.680191  0.360898  0.400544 
9  0.811221  0.426510  0.657357  0.704044  0.823545  0.455178  0.126622  0.823128  0.905234 0.0  0.518809  0.842389  0.684182  0.155160  0.779186  0.496632  0.021648  0.458039  0.417760  0.441382  0.776959  0.335382  0.347592  0.750468  0.518426  0.303823  0.342324  0.154733  0.669766  0.644811  0.422181  0.877917  0.693823  0.817032  0.494483  0.368704  0.000747  0.752660  0.786890  0.836340  0.542179  0.712517  0.832809  0.469291  0.684514  0.476282  0.729570  0.577414  0.848722  0.686699  0.594554  0.773264  0.794205  0.088625  0.291012  0.490724  0.340746  0.397367  0.858032  0.726385  0.860547  0.624035  0.401496  0.437725  0.458486  0.395633  0.774143  0.644223  0.595863  0.825005  0.174865  0.700929  0.657886  0.286899  0.760507  0.676026  0.824986  0.492750  0.319027  0.304321  0.139339  0.879522  0.541946  0.281216  0.611490  0.437637  0.270020  0.525210  0.460635 
10  0.413411  0.444239  0.476370  0.439163  0.529824  0.501866  0.569419  0.442324  0.435058  0.518809 0.0  0.468516  0.378200  0.458867  0.633127  0.530640  0.502285  0.518047  0.399128  0.414699  0.391113  0.529942  0.406879  0.426536  0.475996  0.408769  0.430269  0.529149  0.441891  0.440647  0.386683  0.461220  0.425011  0.481758  0.495029  0.351162  0.437006  0.468399  0.384256  0.377849  0.576439  0.476293  0.514264  0.440785  0.466472  0.499471  0.554371  0.486647  0.484316  0.472930  0.500647  0.565315  0.413386  0.548269  0.528161  0.461748  0.478014  0.509909  0.450069  0.456849  0.409805  0.481868  0.539095  0.491335  0.398395  0.426629  0.533365  0.518232  0.552392  0.461484  0.446440  0.377647  0.497552  0.525593  0.457316  0.522198  0.556293  0.490748  0.466349  0.415342  0.336940  0.493729  0.432209  0.419036  0.431056  0.528816  0.416857  0.539556  0.428721 
11  0.515724  0.283430  0.287521  0.169313  0.420229  0.988183  0.761077  0.163301  0.075782  0.842389  0.468516 0.0  0.068058  0.795790  0.701178  0.259449  0.584990  0.911831  0.966280  0.598808  0.476080  0.566102  0.851056  0.456212  0.397253  0.573884  0.528362  0.708919  0.285833  0.184315  0.439424  0.861442  0.038871  0.205629  0.599466  0.651764  0.761674  0.173085  0.408998  0.516760  0.349373  0.355615  0.132390  0.811049  0.704683  0.219399  0.081227  0.358014  0.175887  0.445425  0.249387  0.812147  0.380291  0.683498  0.466004  0.376662  0.904240  0.621064  0.296316  0.290805  0.380849  0.267693  0.547422  0.459694  0.885165  0.635481  0.237185  0.190170  0.316155  0.195833  0.770570  0.229371  0.330657  0.727378  0.464286  0.317197  0.129549  0.547844  0.654944  0.621759  0.727416  0.274440  0.418400  0.663509  0.492924  0.721193  0.599237  0.308567  0.529132 
12  0.282003  0.249005  0.283012  0.000000  0.281887  0.734981  0.726496  0.363795  0.029925  0.684182  0.378200  0.068058 0.0  0.931544  0.516203  0.370299  0.712203  0.641776  0.739032  0.478452  0.360596  0.439363  0.686638  0.291103  0.271052  0.447992  0.549539  0.779555  0.252111  0.334897  0.371168  0.847872  0.231766  0.133483  0.457943  0.373016  0.671103  0.087148  0.377036  0.395745  0.503730  0.393723  0.030483  0.848298  0.697728  0.365172  0.289240  0.324864  0.107729  0.327893  0.348945  0.776551  0.329283  0.682135  0.699323  0.377889  0.728573  0.438394  0.004499  0.282754  0.221981  0.128364  0.605302  0.436678  0.773583  0.435819  0.000000  0.387301  0.303246  0.074221  0.728120  0.077599  0.326881  0.769027  0.418894  0.235142  0.038945  0.510354  0.613682  0.464080  0.834478  0.000000  0.323856  0.713901  0.320905  0.485728  0.538632  0.328335  0.432650 
13  0.737634  0.544722  0.669077  0.675875  0.943045  0.432060  0.146394  0.814321  0.632259  0.155160  0.458867  0.795790  0.931544 0.0  0.775859  0.542211  0.162800  0.348694  0.402982  0.348174  0.883600  0.517864  0.418205  0.827263  0.550948  0.404645  0.359784  0.041323  0.613879  0.639659  0.549393  0.870637  0.789273  0.800947  0.316858  0.427543  0.242793  0.822458  0.675316  0.853335  0.394046  0.845758  0.775997  0.565589  0.719148  0.573288  0.877323  0.486768  0.748927  0.612371  0.609962  0.812314  0.892228  0.189439  0.268786  0.504046  0.375446  0.357779  0.734912  0.800009  0.727970  0.725813  0.373130  0.471165  0.371232  0.428765  0.667953  0.653711  0.499143  0.756275  0.201833  0.798335  0.665173  0.102175  0.802876  0.731572  0.678128  0.352942  0.324676  0.337097  0.124856  0.836996  0.576412  0.248996  0.746788  0.336401  0.382661  0.631173  0.492515 
14  0.780040  0.670691  0.706423  0.568603  0.849949  0.892391  0.793983  0.678278  0.614081  0.779186  0.633127  0.701178  0.516203  0.775859 0.0  0.180198  0.750154  0.777033  0.950702  0.489995  0.837120  0.587037  0.843801  0.783114  0.723317  0.619368  0.623446  0.739931  0.684664  0.641125  0.825240  0.501804  0.521139  0.630496  0.599202  0.594725  0.724857  0.534284  0.887188  0.748232  0.664434  0.646660  0.641794  0.403486  0.255479  0.692854  0.542819  0.728988  0.621413  0.408934  0.756554  0.498535  0.736082  0.679200  0.654288  0.836442  0.819658  0.604087  0.623229  0.688715  0.839382  0.721508  0.579108  0.871847  0.950476  0.599646  0.568563  0.664124  0.722585  0.495129  0.799916  0.796006  0.648418  0.723491  0.836756  0.722143  0.654519  0.486698  0.603034  0.610091  0.707475  0.615876  0.711675  0.678114  0.365045  0.630706  0.679645  0.873837  0.456958 
15  0.584059  0.557574  0.546197  0.286204  0.548443  0.516998  0.535145  0.579770  0.259414  0.496632  0.530640  0.259449  0.370299  0.542211  0.180198 0.0  0.536200  0.524303  0.376835  0.313865  0.590787  0.216891  0.546674  0.438748  0.523007  0.324665  0.532967  0.465232  0.413773  0.464842  0.621081  0.598512  0.349818  0.212339  0.219956  0.191621  0.485285  0.203855  0.515413  0.606984  0.512266  0.480910  0.320929  0.602707  0.461812  0.458656  0.393001  0.523832  0.307452  0.294819  0.379985  0.504644  0.467236  0.518391  0.554113  0.620324  0.546171  0.255130  0.173150  0.432375  0.468774  0.467897  0.227883  0.676226  0.576513  0.207717  0.398679  0.419521  0.522571  0.166307  0.621731  0.296540  0.426340  0.621737  0.498040  0.502682  0.275575  0.303550  0.399003  0.264127  0.663585  0.288127  0.487752  0.478150  0.188527  0.205933  0.601127  0.556367  0.486542 
16  0.771395  0.522945  0.635395  0.612791  0.706631  0.276683  0.175651  0.759432  0.705451  0.021648  0.502285  0.584990  0.712203  0.162800  0.750154  0.536200 0.0  0.251175  0.310789  0.397312  0.660771  0.359251  0.202570  0.794289  0.466878  0.245560  0.298632  0.183607  0.617763  0.630079  0.524068  0.669813  0.757387  0.766537  0.264179  0.337951  0.318878  0.763378  0.846658  0.847858  0.504191  0.697797  0.763775  0.555947  0.677416  0.474010  0.739500  0.451485  0.642013  0.466024  0.577240  0.791915  0.777261  0.093759  0.246728  0.542123  0.312353  0.302947  0.668443  0.803551  0.611572  0.726466  0.292215  0.608011  0.273631  0.380506  0.734079  0.616389  0.677630  0.726743  0.106979  0.661266  0.636034  0.243908  0.708111  0.642373  0.800691  0.351029  0.351689  0.306814  0.085941  0.748071  0.657772  0.189643  0.512714  0.322969  0.435089  0.573812  0.367054 
17  0.575334  0.686288  0.649105  0.866370  0.534865  0.261183  0.359152  0.497065  0.824730  0.458039  0.518047  0.911831  0.641776  0.348694  0.777033  0.524303  0.251175 0.0  0.114693  0.512062  0.690065  0.435229  0.146243  0.609177  0.762413  0.507774  0.584080  0.347098  0.710013  0.627345  0.763285  0.632416  0.708107  0.920260  0.390803  0.344489  0.310619  0.861052  0.602361  0.537668  0.790868  0.589544  0.827502  0.830052  0.459243  0.710908  0.708117  0.693159  0.864009  0.668164  0.723004  0.615880  0.548023  0.302863  0.282724  0.818575  0.220695  0.371806  0.827897  0.462432  0.595519  0.650548  0.492638  0.828071  0.241301  0.433341  0.844972  0.676947  0.759336  0.801854  0.386710  0.911371  0.669935  0.375094  0.572324  0.650479  0.774904  0.331633  0.281226  0.512871  0.353485  0.899345  0.603524  0.222780  0.664571  0.509663  0.558194  0.820927  0.517067 
18  0.481368  0.793458  0.702047  0.918592  0.531508  0.195096  0.397305  0.521581  0.834970  0.417760  0.399128  0.966280  0.739032  0.402982  0.950702  0.376835  0.310789  0.114693 0.0  0.471319  0.550431  0.491090  0.192301  0.630537  0.777928  0.467417  0.669736  0.348846  0.686523  0.650284  0.753011  0.508879  0.762194  0.964966  0.415030  0.610256  0.289772  0.872209  0.591191  0.498196  0.748274  0.532704  0.849541  0.858198  0.609775  0.745975  0.731600  0.713527  0.926289  0.680071  0.659963  0.656552  0.389970  0.365937  0.239073  0.814200  0.230358  0.490884  0.953479  0.529752  0.552923  0.694040  0.436311  0.877870  0.166433  0.359173  0.923599  0.647356  0.656454  0.887815  0.456014  0.814450  0.661750  0.259192  0.731253  0.723264  0.961187  0.351963  0.257797  0.465611  0.392167  0.883600  0.775310  0.214481  0.650136  0.420089  0.526586  0.839364  0.475566 
19  0.829851  0.701602  0.777142  0.542011  0.855781  0.452906  0.306108  0.775714  0.624971  0.441382  0.414699  0.598808  0.478452  0.348174  0.489995  0.313865  0.397312  0.512062  0.471319 0.0  0.764039  0.168301  0.384363  0.846122  0.827521  0.233622  0.646464  0.275996  0.752825  0.675645  0.691213  0.864446  0.516682  0.596581  0.247106  0.266434  0.358767  0.720005  0.859149  0.805796  0.777881  0.699772  0.552248  0.817124  0.773433  0.653392  0.487771  0.771393  0.628327  0.430873  0.607691  0.842862  0.797205  0.290204  0.287937  0.859421  0.482485  0.150353  0.514977  0.691640  0.846456  0.638044  0.179895  0.796750  0.450780  0.146399  0.518728  0.638326  0.749936  0.536452  0.389860  0.578312  0.578062  0.244710  0.726729  0.673739  0.725439  0.091310  0.247771  0.116628  0.421376  0.601805  0.865838  0.266094  0.402527  0.223637  0.575110  0.774609  0.400170 
20  0.101486  0.424259  0.247658  0.445802  0.183129  0.593373  0.740859  0.050246  0.420380  0.776959  0.391113  0.476080  0.360596  0.883600  0.837120  0.590787  0.660771  0.690065  0.550431  0.764039 0.0  0.828083  0.577754  0.145760  0.439173  0.807047  0.596849  0.718360  0.143315  0.225152  0.366540  0.564059  0.294638  0.388891  0.804441  0.886937  0.687330  0.455034  0.325894  0.114865  0.310066  0.055894  0.493271  0.884351  0.405192  0.390175  0.297861  0.334409  0.502882  0.554838  0.337874  0.593982  0.165191  0.791456  0.717261  0.494521  0.639931  0.872527  0.569968  0.169064  0.265707  0.274835  0.844643  0.447734  0.542031  0.796303  0.378258  0.304107  0.371995  0.454186  0.691278  0.351168  0.281132  0.763198  0.109566  0.270363  0.432985  0.771933  0.771955  0.800086  0.698097  0.490697  0.398957  0.629340  0.632024  0.874433  0.538762  0.390904  0.399393 
21  0.780073  0.734969  0.654939  0.585866  0.820056  0.393469  0.353029  0.822070  0.633169  0.335382  0.529942  0.566102  0.439363  0.517864  0.587037  0.216891  0.359251  0.435229  0.491090  0.168301  0.828083 0.0  0.458851  0.768251  0.833108  0.138926  0.624360  0.254905  0.655959  0.682341  0.737175  0.936239  0.373756  0.545146  0.116430  0.235266  0.324937  0.495758  0.851024  0.883065  0.786001  0.752751  0.518854  0.853955  0.711623  0.728615  0.451097  0.709177  0.593892  0.317232  0.721148  0.872589  0.827715  0.325567  0.213310  0.801409  0.446817  0.121222  0.655556  0.733816  0.801044  0.656120  0.153495  0.788857  0.445033  0.261746  0.643640  0.582545  0.734150  0.595080  0.405596  0.672806  0.715019  0.386239  0.774120  0.652920  0.692556  0.102353  0.279851  0.040364  0.310808  0.572195  0.850802  0.329444  0.296420  0.106474  0.681233  0.726930  0.478397 
22  0.463460  0.701106  0.570098  0.886590  0.564425  0.218964  0.324877  0.410187  0.853421  0.347592  0.406879  0.851056  0.686638  0.418205  0.843801  0.546674  0.202570  0.146243  0.192301  0.384363  0.577754  0.458851 0.0  0.604981  0.829765  0.347082  0.614454  0.260344  0.687859  0.692276  0.695620  0.622433  0.784946  0.943750  0.448394  0.413725  0.282603  0.850769  0.511130  0.445655  0.775889  0.402716  0.818765  0.851985  0.491682  0.717105  0.700174  0.801677  0.844409  0.612978  0.592417  0.536508  0.490862  0.428968  0.202646  0.912613  0.182625  0.402015  0.822096  0.391961  0.602337  0.688490  0.528275  0.743050  0.194480  0.513162  0.837697  0.684130  0.775908  0.919500  0.367038  0.978887  0.700199  0.363765  0.642014  0.717948  0.835957  0.260882  0.291600  0.418199  0.297018  0.908723  0.734569  0.249843  0.665038  0.434000  0.485574  0.802067  0.467915 
23  0.079284  0.295606  0.148214  0.359938  0.196281  0.577848  0.746608  0.033957  0.388228  0.750468  0.426536  0.456212  0.291103  0.827263  0.783114  0.438748  0.794289  0.609177  0.630537  0.846122  0.145760  0.768251  0.604981 0.0  0.360540  0.797049  0.635707  0.675303  0.346031  0.166693  0.307870  0.568437  0.371760  0.420496  0.821432  0.972745  0.643881  0.529796  0.079259  0.245684  0.305589  0.085627  0.459395  0.803147  0.375173  0.260661  0.306198  0.368926  0.315640  0.670247  0.226934  0.689607  0.053506  0.741074  0.625802  0.373845  0.563132  0.900938  0.456673  0.012149  0.118704  0.246139  0.947371  0.363678  0.682678  0.895151  0.388411  0.220711  0.309423  0.499082  0.794848  0.422370  0.293988  0.771147  0.306851  0.293536  0.421390  0.832215  0.704037  0.751342  0.726605  0.312140  0.354649  0.672355  0.684617  0.852799  0.545169  0.375306  0.469351 
24  0.412011  0.211192  0.249896  0.499873  0.300425  0.745139  0.495623  0.421139  0.434504  0.518426  0.475996  0.397253  0.271052  0.550948  0.723317  0.523007  0.466878  0.762413  0.777928  0.827521  0.439173  0.833108  0.829765  0.360540 0.0  0.929708  0.245948  0.543215  0.250014  0.326552  0.252202  0.784984  0.331788  0.467945  0.802603  0.736858  0.706092  0.374573  0.387568  0.471093  0.000000  0.473501  0.346324  0.606473  0.868284  0.112583  0.310248  0.090432  0.443269  0.563940  0.235543  0.735664  0.395983  0.679296  0.723684  0.109444  0.819167  0.802682  0.298478  0.510146  0.308897  0.348933  0.794886  0.116804  0.728583  0.912577  0.333784  0.202426  0.084982  0.438033  0.528693  0.393741  0.200769  0.576491  0.391822  0.256987  0.506986  0.731890  0.572955  0.789179  0.512753  0.392043  0.169779  0.654676  0.570575  0.744643  0.355454  0.155932  0.411618 
25  0.919427  0.664383  0.755292  0.612999  0.895323  0.526482  0.339121  0.625619  0.552846  0.303823  0.408769  0.573884  0.447992  0.404645  0.619368  0.324665  0.245560  0.507774  0.467417  0.233622  0.807047  0.138926  0.347082  0.797049  0.929708 0.0  0.536575  0.253786  0.614699  0.727835  0.727539  0.818194  0.395617  0.529696  0.243810  0.201336  0.367447  0.564712  0.736810  0.827749  0.668651  0.640818  0.557315  0.744487  0.795706  0.699549  0.475901  0.739468  0.627013  0.404870  0.637714  0.870679  0.756686  0.315847  0.216263  0.838554  0.425864  0.180803  0.593584  0.850857  0.800019  0.776743  0.146011  0.694710  0.437988  0.253975  0.572383  0.638933  0.796488  0.581442  0.304378  0.645802  0.588491  0.304465  0.989975  0.736677  0.601636  0.075510  0.295208  0.188520  0.398469  0.674776  0.768437  0.240078  0.309694  0.170697  0.576879  0.806873  0.477359 
26  0.516277  0.419042  0.474971  0.665951  0.570117  0.597898  0.338476  0.615796  0.612209  0.342324  0.430269  0.528362  0.549539  0.359784  0.623446  0.532967  0.298632  0.584080  0.669736  0.646464  0.596849  0.624360  0.614454  0.635707  0.245948  0.536575 0.0  0.327019  0.506818  0.463005  0.353291  0.622385  0.513085  0.545814  0.572360  0.777545  0.353405  0.618091  0.532944  0.557525  0.261634  0.683848  0.568932  0.308666  0.608792  0.294108  0.666168  0.343422  0.493034  0.577137  0.446945  0.650184  0.706532  0.332491  0.390993  0.330186  0.633190  0.534247  0.649350  0.577655  0.611178  0.437917  0.651733  0.352304  0.705545  0.665066  0.519553  0.501229  0.254273  0.562321  0.258550  0.653630  0.475006  0.302793  0.626492  0.562343  0.593585  0.551373  0.383147  0.555715  0.321135  0.570930  0.344202  0.453431  0.616268  0.607765  0.231641  0.278832  0.440338 
27  0.723649  0.538490  0.678605  0.731177  0.747212  0.346697  0.076082  0.683993  0.790710  0.154733  0.529149  0.708919  0.779555  0.041323  0.739931  0.465232  0.183607  0.347098  0.348846  0.275996  0.718360  0.254905  0.260344  0.675303  0.543215  0.253786  0.327019 0.0  0.696036  0.609000  0.429347  0.780173  0.858187  0.807119  0.314631  0.349800  0.180367  0.755655  0.749592  0.810880  0.424085  0.769261  0.739626  0.515474  0.802811  0.457264  0.745116  0.409066  0.762333  0.465113  0.709509  0.755331  0.792775  0.241404  0.350670  0.534627  0.264649  0.441456  0.701315  0.777776  0.815832  0.646450  0.379925  0.442022  0.481011  0.319721  0.738359  0.742979  0.595994  0.764603  0.120051  0.727934  0.704767  0.268727  0.586078  0.712487  0.768590  0.447254  0.277166  0.391950  0.060787  0.693016  0.621443  0.316110  0.608261  0.397490  0.379853  0.526084  0.418866 
28  0.205442  0.332172  0.188919  0.294271  0.260327  0.593481  0.624485  0.296750  0.249791  0.669766  0.441891  0.285833  0.252111  0.613879  0.684664  0.413773  0.617763  0.710013  0.686523  0.752825  0.143315  0.655959  0.687859  0.346031  0.250014  0.614699  0.506818  0.696036 0.0  0.272052  0.241938  0.605834  0.311178  0.259475  0.691353  0.648048  0.661329  0.271905  0.139222  0.334473  0.317306  0.235762  0.107511  0.707689  0.651537  0.248780  0.265850  0.296637  0.230422  0.462305  0.387795  0.621179  0.224550  0.743470  0.667978  0.200744  0.563934  0.586909  0.247225  0.321218  0.270296  0.213534  0.530261  0.293743  0.633986  0.675955  0.287468  0.240963  0.182325  0.230651  0.621207  0.292667  0.280957  0.708184  0.242299  0.256291  0.285600  0.628198  0.612840  0.684499  0.679122  0.284940  0.280098  0.685730  0.547234  0.730794  0.414361  0.141693  0.399356 
29  0.235922  0.296607  0.298882  0.228787  0.307174  0.757962  0.705829  0.232055  0.126415  0.644811  0.440647  0.184315  0.334897  0.639659  0.641125  0.464842  0.630079  0.627345  0.650284  0.675645  0.225152  0.682341  0.692276  0.166693  0.326552  0.727835  0.463005  0.609000  0.272052 0.0  0.314783  0.521766  0.280394  0.299318  0.571436  0.688671  0.674578  0.171042  0.344795  0.215240  0.190957  0.258943  0.319147  0.743266  0.656365  0.263924  0.281345  0.251874  0.331445  0.500582  0.245834  0.789865  0.165808  0.701101  0.546259  0.233410  0.548310  0.617215  0.272366  0.316080  0.287192  0.269005  0.618973  0.268146  0.629326  0.569945  0.277962  0.235692  0.203356  0.313291  0.658408  0.366212  0.302464  0.617753  0.247216  0.273741  0.216491  0.600681  0.633002  0.623308  0.690564  0.246440  0.172479  0.645870  0.457845  0.708973  0.389724  0.189752  0.452155 
30  0.433670  0.144224  0.322780  0.381897  0.320015  0.703912  0.573192  0.478962  0.358201  0.422181  0.386683  0.439424  0.371168  0.549393  0.825240  0.621081  0.524068  0.763285  0.753011  0.691213  0.366540  0.737175  0.695620  0.307870  0.252202  0.727539  0.353291  0.429347  0.241938  0.314783 0.0  0.752856  0.251977  0.413625  0.785165  0.646815  0.455049  0.354095  0.307797  0.436952  0.055557  0.495870  0.347905  0.570237  0.802470  0.102232  0.285331  0.107801  0.328048  0.513444  0.351064  0.776479  0.368677  0.453742  0.629132  0.058671  0.727605  0.779791  0.267055  0.460990  0.241383  0.390258  0.754181  0.124057  0.824864  0.699968  0.295493  0.289776  0.074353  0.303151  0.525388  0.288534  0.329388  0.350020  0.288936  0.359114  0.395140  0.700748  0.751304  0.742951  0.506438  0.237200  0.072038  0.734130  0.527100  0.646256  0.340719  0.149045  0.502959 
31  0.588771  0.758748  0.699889  0.916012  0.639949  0.522115  0.746037  0.436582  0.839630  0.877917  0.461220  0.861442  0.847872  0.870637  0.501804  0.598512  0.669813  0.632416  0.508879  0.864446  0.564059  0.936239  0.622433  0.568437  0.784984  0.818194  0.622385  0.780173  0.605834  0.521766  0.752856 0.0  0.720622  0.837269  0.863637  0.831725  0.748330  0.891465  0.617563  0.538019  0.681911  0.354930  0.930791  0.471223  0.066433  0.709017  0.785962  0.659132  1.000000  0.691223  0.500343  0.132669  0.433505  0.803733  0.656385  0.889798  0.571362  0.865715  0.756578  0.349260  0.624386  0.663730  0.867268  0.827286  0.481103  0.794473  0.817005  0.701224  0.769281  0.902051  0.822313  0.904984  0.553339  0.706283  0.707216  0.711019  0.828073  0.791375  0.642368  0.855991  0.709330  0.803006  0.769600  0.682803  0.639353  0.912418  0.556830  0.725042  0.325729 
32  0.422498  0.296186  0.241352  0.151469  0.334102  0.635263  0.750127  0.311689  0.090224  0.693823  0.425011  0.038871  0.231766  0.789273  0.521139  0.349818  0.757387  0.708107  0.762194  0.516682  0.294638  0.373756  0.784946  0.371760  0.331788  0.395617  0.513085  0.858187  0.311178  0.280394  0.251977  0.720622 0.0  0.084696  0.482460  0.472114  0.719286  0.047294  0.313543  0.232602  0.541249  0.338274  0.100258  0.793538  0.728364  0.304311  0.246911  0.363262  0.000000  0.277172  0.184928  0.756976  0.279003  0.669169  0.732611  0.311505  0.709025  0.450368  0.065462  0.365790  0.208124  0.262257  0.443472  0.474198  0.820952  0.528385  0.000000  0.186088  0.327701  0.046659  0.825571  0.000000  0.352153  0.678234  0.314852  0.199704  0.000000  0.475355  0.696525  0.380144  0.844465  0.000000  0.293391  0.639665  0.328915  0.460482  0.637931  0.463556  0.404094 
33  0.347457  0.350815  0.205161  0.142133  0.470361  0.865557  0.799581  0.336766  0.152974  0.817032  0.481758  0.205629  0.133483  0.800947  0.630496  0.212339  0.766537  0.920260  0.964966  0.596581  0.388891  0.545146  0.943750  0.420496  0.467945  0.529696  0.545814  0.807119  0.259475  0.299318  0.413625  0.837269  0.084696 0.0  0.567914  0.595757  0.701760  0.202015  0.554572  0.426589  0.366710  0.382469  0.240913  0.726560  0.620559  0.374425  0.089719  0.240365  0.230206  0.369769  0.360103  0.884924  0.303592  0.750312  0.648602  0.388721  0.814895  0.669919  0.207986  0.358337  0.427310  0.289852  0.555863  0.425847  0.939767  0.615780  0.173545  0.314103  0.258520  0.260769  0.814239  0.172764  0.193230  0.682832  0.393457  0.263346  0.173766  0.529176  0.657749  0.605171  0.681495  0.140568  0.397437  0.715020  0.354772  0.688058  0.461318  0.364148  0.500914 
34  0.774696  0.721808  0.519842  0.618474  0.776442  0.357438  0.304090  0.602297  0.499669  0.494483  0.495029  0.599466  0.457943  0.316858  0.599202  0.219956  0.264179  0.390803  0.415030  0.247106  0.804441  0.116430  0.448394  0.821432  0.802603  0.243810  0.572360  0.314631  0.691353  0.571436  0.785165  0.863637  0.482460  0.567914 0.0  0.145852  0.403971  0.609254  0.867553  0.865553  0.726307  0.660593  0.621786  0.799057  0.706832  0.732124  0.583351  0.901438  0.681869  0.389153  0.584710  0.836197  0.658042  0.331998  0.196486  0.699171  0.385851  0.207376  0.622402  0.714287  0.834802  0.676176  0.197468  0.782215  0.457901  0.231224  0.534750  0.671992  0.695176  0.552836  0.371320  0.587277  0.655385  0.310784  0.828901  0.669837  0.471680  0.034647  0.303809  0.159648  0.330293  0.656254  0.805625  0.267993  0.521542  0.173003  0.624159  0.674934  0.456674 
35  0.811746  0.623033  0.682969  0.609081  0.783650  0.479405  0.307242  0.764387  0.578196  0.368704  0.351162  0.651764  0.373016  0.427543  0.594725  0.191621  0.337951  0.344489  0.610256  0.266434  0.886937  0.235266  0.413725  0.972745  0.736858  0.201336  0.777545  0.349800  0.648048  0.688671  0.646815  0.831725  0.472114  0.595757  0.145852 0.0  0.325352  0.588623  0.846900  0.807464  0.741470  0.712389  0.563124  0.818301  0.662751  0.761857  0.501617  0.668469  0.612232  0.371949  0.647246  0.982580  0.613378  0.204423  0.294376  0.706087  0.487373  0.234346  0.599726  0.753644  0.857861  0.691119  0.310788  0.830446  0.427852  0.269022  0.591282  0.653221  0.748151  0.623605  0.437856  0.656774  0.695395  0.309782  0.829649  0.616495  0.645310  0.053543  0.312122  0.185436  0.350111  0.558425  0.784692  0.360329  0.376016  0.223236  0.680996  0.759199  0.426419 
36  0.794976  0.542759  0.699779  0.768269  0.738116  0.412815  0.028416  0.713122  0.777793  0.000747  0.437006  0.761674  0.671103  0.242793  0.724857  0.485285  0.318878  0.310619  0.289772  0.358767  0.687330  0.324937  0.282603  0.643881  0.706092  0.367447  0.353405  0.180367  0.661329  0.674578  0.455049  0.748330  0.719286  0.701760  0.403971  0.325352 0.0  0.659516  0.672695  0.798241  0.577601  0.680761  0.838587  0.604341  0.774464  0.430411  0.665463  0.384789  0.778678  0.502035  0.696350  0.740973  0.916094  0.251155  0.334635  0.522348  0.151802  0.371964  0.658347  0.690967  0.727957  0.620987  0.334766  0.476280  0.365519  0.293941  0.801908  0.689458  0.663886  0.778861  0.029053  0.724346  0.687797  0.181025  0.699148  0.673637  0.763087  0.231952  0.368098  0.347269  0.053485  0.649691  0.559924  0.242100  0.504320  0.280906  0.340988  0.488572  0.331713 
37  0.349047  0.328522  0.253354  0.155688  0.427154  0.762742  0.693082  0.372426  0.213800  0.752660  0.468399  0.173085  0.087148  0.822458  0.534284  0.203855  0.763378  0.861052  0.872209  0.720005  0.455034  0.495758  0.850769  0.529796  0.374573  0.564712  0.618091  0.755655  0.271905  0.171042  0.354095  0.891465  0.047294  0.202015  0.609254  0.588623  0.659516 0.0  0.454332  0.416997  0.342947  0.373754  0.190433  0.802438  0.773347  0.362060  0.177957  0.435816  0.141150  0.403584  0.281228  0.783598  0.309860  0.721956  0.623921  0.358457  0.907592  0.601865  0.266789  0.328704  0.473098  0.245375  0.649122  0.289783  0.917179  0.560788  0.239557  0.269308  0.409134  0.308034  0.781187  0.238122  0.256853  0.857000  0.566786  0.267209  0.205013  0.445255  0.655268  0.551503  0.827981  0.142923  0.369154  0.719031  0.495035  0.539198  0.538079  0.283693  0.462644 
38  0.084530  0.285999  0.280046  0.469277  0.227377  0.566428  0.794503  0.195766  0.427124  0.786890  0.384256  0.408998  0.377036  0.675316  0.887188  0.515413  0.846658  0.602361  0.591191  0.859149  0.325894  0.851024  0.511130  0.079259  0.387568  0.736810  0.532944  0.749592  0.139222  0.344795  0.307797  0.617563  0.313543  0.554572  0.867553  0.846900  0.672695  0.454332 0.0  0.075052  0.438443  0.086631  0.462318  0.744108  0.464023  0.286563  0.315192  0.276358  0.567651  0.639314  0.261220  0.557278  0.090598  0.697567  0.646430  0.395941  0.607181  0.933011  0.370319  0.152519  0.268539  0.214608  0.800081  0.348077  0.503827  0.806203  0.496218  0.189670  0.440329  0.499780  0.715991  0.489090  0.212871  0.870908  0.259802  0.237889  0.442798  0.695505  0.686327  0.909892  0.810737  0.542691  0.252323  0.619649  0.675074  0.912477  0.553653  0.411916  0.528009 
39  0.201544  0.423303  0.219637  0.417259  0.121191  0.605361  0.804465  0.194960  0.359122  0.836340  0.377849  0.516760  0.395745  0.853335  0.748232  0.606984  0.847858  0.537668  0.498196  0.805796  0.114865  0.883065  0.445655  0.245684  0.471093  0.827749  0.557525  0.810880  0.334473  0.215240  0.436952  0.538019  0.232602  0.426589  0.865553  0.807464  0.798241  0.416997  0.075052 0.0  0.418479  0.132355  0.337759  0.808088  0.400569  0.432992  0.396219  0.453197  0.373953  0.668466  0.224728  0.530853  0.160041  0.838013  0.722774  0.523401  0.565546  0.834668  0.463695  0.109094  0.072374  0.346894  0.742166  0.433023  0.540368  0.771660  0.427628  0.238732  0.446137  0.436359  0.812715  0.321988  0.272574  0.793918  0.094432  0.239778  0.315573  0.791995  0.636194  0.857997  0.813457  0.320579  0.456553  0.644290  0.513286  0.857870  0.490451  0.410621  0.555607 
40  0.346760  0.032267  0.182986  0.333827  0.341892  0.713795  0.485897  0.279451  0.353002  0.542179  0.576439  0.349373  0.503730  0.394046  0.664434  0.512266  0.504191  0.790868  0.748274  0.777881  0.310066  0.786001  0.775889  0.305589  0.000000  0.668651  0.261634  0.424085  0.317306  0.190957  0.055557  0.681911  0.541249  0.366710  0.726307  0.741470  0.577601  0.342947  0.438443  0.418479 0.0  0.368698  0.353055  0.558889  0.875273  0.061342  0.474345  0.005811  0.341581  0.425834  0.310040  0.743258  0.278660  0.534855  0.650560  0.025901  0.834315  0.703784  0.235634  0.324629  0.269155  0.276103  0.722673  0.119731  0.742880  0.791072  0.317650  0.187501  0.069045  0.300773  0.519873  0.230950  0.197412  0.504109  0.334497  0.342940  0.233872  0.633316  0.602381  0.721191  0.649877  0.316780  0.092924  0.597886  0.574336  0.653618  0.325320  0.167478  0.466048 
41  0.222680  0.502598  0.322388  0.336350  0.107735  0.390329  0.921486  0.247728  0.346467  0.712517  0.476293  0.355615  0.393723  0.845758  0.646660  0.480910  0.697797  0.589544  0.532704  0.699772  0.055894  0.752751  0.402716  0.085627  0.473501  0.640818  0.683848  0.769261  0.235762  0.258943  0.495870  0.354930  0.338274  0.382469  0.660593  0.712389  0.680761  0.373754  0.086631  0.132355  0.368698 0.0  0.350715  0.871234  0.498944  0.432557  0.355588  0.530422  0.287526  0.545399  0.111439  0.456938  0.034942  0.708523  0.702674  0.386524  0.428410  0.734273  0.439663  0.137246  0.067537  0.279140  0.781478  0.256626  0.443448  0.755019  0.312883  0.242518  0.382968  0.362443  0.855898  0.284499  0.237996  0.737885  0.157426  0.222286  0.352717  0.732983  0.769128  0.833508  0.764164  0.286084  0.254592  0.566429  0.511127  0.716509  0.679432  0.364075  0.543720 
42  0.444389  0.324803  0.336191  0.283987  0.468256  0.823616  0.726220  0.240110  0.250951  0.832809  0.514264  0.132390  0.030483  0.775997  0.641794  0.320929  0.763775  0.827502  0.849541  0.552248  0.493271  0.518854  0.818765  0.459395  0.346324  0.557315  0.568932  0.739626  0.107511  0.319147  0.347905  0.930791  0.100258  0.240913  0.621786  0.563124  0.838587  0.190433  0.462318  0.337759  0.353055  0.350715 0.0  0.865234  0.693756  0.283403  0.022380  0.344372  0.114819  0.462039  0.189780  0.909028  0.337817  0.716724  0.624912  0.382085  0.863214  0.575470  0.139077  0.313297  0.396442  0.244064  0.520352  0.437831  0.826015  0.520848  0.190618  0.249673  0.299561  0.172147  0.707793  0.182741  0.276350  0.776676  0.468816  0.191201  0.138503  0.443903  0.571291  0.538228  0.858172  0.203748  0.407407  0.760969  0.453105  0.629612  0.527869  0.339695  0.440873 
43  0.885597  0.400301  0.693596  0.780810  0.827405  0.733920  0.536615  0.827694  0.851899  0.469291  0.440785  0.811049  0.848298  0.565589  0.403486  0.602707  0.555947  0.830052  0.858198  0.817124  0.884351  0.853955  0.851985  0.803147  0.606473  0.744487  0.308666  0.515474  0.707689  0.743266  0.570237  0.471223  0.793538  0.726560  0.799057  0.818301  0.604341  0.802438  0.744108  0.808088  0.558889  0.871234  0.865234 0.0  0.354976  0.562498  0.723645  0.434737  0.836943  0.644483  0.758347  0.419316  0.759385  0.537339  0.639397  0.565078  0.827273  0.868959  0.699510  0.819960  0.797877  0.630890  0.753430  0.605898  0.787266  0.740447  0.802528  0.720222  0.436425  0.781913  0.505595  0.767370  0.617929  0.520573  0.831067  0.619080  0.936103  0.729035  0.632834  0.880302  0.597262  0.765352  0.555129  0.676948  0.619780  0.873399  0.314194  0.588975  0.449169 
44  0.571651  0.793648  0.644523  0.768684  0.416776  0.528670  0.865161  0.611588  0.770888  0.684514  0.466472  0.704683  0.697728  0.719148  0.255479  0.461812  0.677416  0.459243  0.609775  0.773433  0.405192  0.711623  0.491682  0.375173  0.868284  0.795706  0.608792  0.802811  0.651537  0.656365  0.802470  0.066433  0.728364  0.620559  0.706832  0.662751  0.774464  0.773347  0.464023  0.400569  0.875273  0.498944  0.693756  0.354976 0.0  0.883484  0.731307  0.931545  0.679324  0.447067  0.617403  0.028945  0.581243  0.771257  0.690633  0.876518  0.383937  0.698347  0.863185  0.525898  0.442783  0.712936  0.707022  0.771409  0.429049  0.683678  0.725638  0.689299  0.707920  0.817311  0.754221  0.767343  0.688337  0.667998  0.476121  0.673684  0.704904  0.697632  0.669607  0.766214  0.805818  0.712363  0.697357  0.626613  0.517445  0.617459  0.643994  0.783210  0.344861 
