89
0 0.0  0.370924  0.246811  0.387720  0.166275  0.617736  0.714208  0.136141  0.331464  0.804820  0.506437  0.419118  0.430489  0.866948  0.818319  0.541815  0.715555  0.497071  0.468729  0.855017  0.104396  0.799313  0.451786  0.163838  0.503672  0.840083  0.535223  0.777686  0.285129  0.221874  0.475825  0.500499  0.317361  0.392442  0.794814  0.793123  0.763333  0.410676  0.137946  0.168534  0.506002  0.185504  0.531073  0.762695  0.477752  0.442096  0.395297  0.513688  0.373657  0.642285  0.255688  0.534263  0.073082  0.769853  0.590481  0.441220  0.638093  0.812172  0.443907  0.007488  0.123584  0.221288  0.778902  0.324380  0.534028  0.772686  0.310432  0.212485  0.363864  0.255650  0.773024  0.355751  0.318841  0.788003  0.169724  0.187207  0.429269  0.716080  0.560983  0.718827  0.797509  0.398253  0.438735  0.727327  0.589693  0.733516  0.411762  0.449778  0.426913 
1  0.370924 0.0  0.233110  0.266359  0.393386  0.704776  0.602389  0.450899  0.325627  0.463518  0.380510  0.437028  0.242021  0.588086  0.644409  0.562979  0.375122  0.751697  0.856403  0.721472  0.263579  0.647940  0.670490  0.363060  0.126307  0.821679  0.364006  0.541914  0.282734  0.249497  0.258270  0.719623  0.232719  0.424439  0.813645  0.793802  0.479905  0.320408  0.303497  0.325636  0.072070  0.424094  0.352127  0.471817  0.795841  0.196370  0.280637  0.178463  0.368948  0.631269  0.305987  0.776273  0.312764  0.444938  0.536012  0.039235  0.701807  0.697882  0.370556  0.307943  0.332868  0.238411  0.671604  0.148353  0.645468  0.726087  0.336072  0.163183  0.002705  0.237981  0.594785  0.300687  0.297523  0.571310  0.165901  0.197221  0.378680  0.692864  0.671285  0.775747  0.498980  0.415134  0.099703  0.680510  0.465016  0.676958  0.358451  0.273240  0.579242 
2  0.246811  0.233110 0.0  0.255763  0.273591  0.667948  0.609482  0.236172  0.272389  0.694568  0.499313  0.279062  0.363193  0.727918  0.636871  0.482834  0.563672  0.663960  0.706251  0.574968  0.225856  0.641242  0.658232  0.247002  0.257215  0.672324  0.505687  0.682857  0.315955  0.232000  0.244805  0.680096  0.204246  0.311905  0.629249  0.675013  0.515628  0.195555  0.246512  0.197468  0.254286  0.348835  0.162367  0.595049  0.690271  0.163002  0.190604  0.192597  0.255673  0.422263  0.339281  0.654801  0.237239  0.721432  0.643195  0.231991  0.610403  0.691942  0.259564  0.394815  0.323458  0.350798  0.732887  0.280364  0.765324  0.707262  0.156863  0.306410  0.313700  0.312052  0.714888  0.273437  0.368236  0.665441  0.243396  0.311977  0.271220  0.631848  0.688109  0.608044  0.619389  0.246806  0.329200  0.641859  0.516597  0.657602  0.501442  0.342045  0.501233 
3  0.387720  0.266359  0.255763 0.0  0.479824  0.930443  0.824854  0.198778  0.234255  0.816140  0.455900  0.152840  0.044135  0.871229  0.747648  0.182181  0.758910  0.793150  0.762570  0.713669  0.429229  0.547109  0.816851  0.350733  0.379708  0.578049  0.584847  0.747103  0.358400  0.326577  0.330792  0.818508  0.062795  0.236161  0.601013  0.600581  0.784164  0.162558  0.483497  0.317602  0.283190  0.317181  0.205837  0.761663  0.709648  0.429308  0.079075  0.290986  0.152030  0.385277  0.119077  0.933759  0.286673  0.744239  0.668456  0.317947  0.914629  0.661280  0.133031  0.326142  0.531087  0.166467  0.447187  0.441212  0.970495  0.672590  0.244296  0.346928  0.325118  0.112176  0.787640  0.205670  0.365884  0.797198  0.486610  0.294527  0.204112  0.426398  0.674043  0.618130  0.681149  0.235481  0.339286  0.653304  0.465033  0.610650  0.550526  0.334684  0.439328 
4  0.166275  0.393386  0.273591  0.479824 0.0  0.639989  0.742524  0.000000  0.348780  0.789367  0.446595  0.333288  0.342952  0.759468  0.841890  0.532394  0.738379  0.622530  0.481338  0.838100  0.116689  0.765272  0.726465  0.176797  0.263230  0.760747  0.619376  0.846524  0.238714  0.295097  0.331558  0.531482  0.256767  0.358701  0.865263  0.866352  0.688973  0.502415  0.180632  0.120015  0.373516  0.000000  0.438429  0.777741  0.465699  0.303282  0.309375  0.208710  0.581270  0.637037  0.228367  0.724770  0.000000  0.714568  0.649768  0.387648  0.458021  0.901997  0.520071  0.123493  0.261405  0.273606  0.795812  0.354466  0.594378  0.867413  0.453575  0.316649  0.340187  0.455872  0.844214  0.387257  0.249352  0.642579  0.263760  0.323164  0.458187  0.699884  0.629057  0.829384  0.652431  0.451229  0.441892  0.591808  0.658418  0.924491  0.558330  0.398478  0.426756 
5  0.617736  0.704776  0.667948  0.930443  0.639989 0.0  0.330474  0.402364  0.880679  0.431416  0.373963  0.779667  0.759746  0.397560  0.867243  0.536223  0.337948  0.174969  0.092616  0.392899  0.509841  0.418065  0.201247  0.626788  0.834507  0.491895  0.499283  0.313662  0.717003  0.776867  0.649289  0.495307  0.719727  0.848310  0.399994  0.478323  0.402758  0.844634  0.649225  0.482534  0.706964  0.404288  0.809752  0.828115  0.378342  0.750462  0.721419  0.831286  0.834423  0.621352  0.711090  0.606744  0.471609  0.196893  0.237891  0.778506  0.177165  0.482350  0.920831  0.444207  0.615851  0.681089  0.543786  0.929586  0.143868  0.493534  0.971630  0.653090  0.655380  0.900112  0.404157  0.927172  0.755373  0.337586  0.536951  0.678931  0.800719  0.343061  0.264012  0.466294  0.317572  0.823268  0.826561  0.225038  0.649519  0.483165  0.601560  0.782785  0.512969 
6  0.714208  0.602389  0.609482  0.824854  0.742524  0.330474 0.0  0.826869  0.751630  0.000000  0.338411  0.796805  0.803519  0.078490  0.810856  0.439234  0.080207  0.259120  0.344592  0.369460  0.678283  0.361292  0.337782  0.690081  0.709095  0.286429  0.472876  0.051393  0.745053  0.709844  0.601322  0.691230  0.719399  0.746631  0.407207  0.336263  0.000000  0.693177  0.691044  0.841403  0.521241  0.998929  0.716841  0.583889  0.902944  0.515792  0.788939  0.685360  0.748789  0.563824  0.653119  0.677174  0.711254  0.195991  0.202978  0.458389  0.307529  0.331923  0.749739  0.777152  0.769576  0.678599  0.350062  0.576908  0.403968  0.352062  0.691958  0.667220  0.347183  0.713168  0.004213  0.760069  0.720846  0.118231  0.710642  0.731746  0.744194  0.358022  0.206046  0.344057  0.147449  0.707306  0.510635  0.338431  0.592878  0.368713  0.262647  0.543080  0.539489 
7  0.136141  0.450899  0.236172  0.198778  0.000000  0.402364  0.826869 0.0  0.388015  0.803439  0.542084  0.385423  0.273132  0.832146  0.753931  0.535761  0.660907  0.524892  0.487296  0.774159  0.019079  0.777121  0.534277  0.079780  0.407837  0.673710  0.609557  0.760516  0.192200  0.275375  0.406618  0.474307  0.243417  0.374004  0.814120  0.735634  0.700416  0.257508  0.095509  0.174972  0.311890  0.218310  0.312159  0.876678  0.607502  0.478990  0.344275  0.478444  0.265689  0.578005  0.297754  0.500149  0.118486  0.767422  0.732793  0.404153  0.462708  0.677035  0.348523  0.090517  0.150823  0.267482  0.690823  0.404009  0.468101  0.797148  0.327100  0.140710  0.385193  0.401421  0.811282  0.242506  0.255089  0.768619  0.075029  0.347689  0.359516  0.727023  0.759557  0.655560  0.800978  0.361098  0.375615  0.683213  0.613513  0.665833  0.481536  0.425001  0.348710 
8  0.331464  0.325627  0.272389  0.234255  0.348780  0.880679  0.751630  0.388015 0.0  0.819413  0.369455  0.188864  0.026636  0.796996  0.627080  0.361054  0.658763  0.746594  0.740046  0.614685  0.441571  0.513757  0.873959  0.408980  0.436407  0.538773  0.656700  0.794673  0.262323  0.344887  0.348777  0.893478  0.010621  0.173209  0.624967  0.604724  0.661899  0.069708  0.401665  0.336793  0.349652  0.373782  0.076537  0.719819  0.788134  0.331356  0.149689  0.313548  0.119584  0.391219  0.191690  0.843514  0.394711  0.749556  0.707643  0.431942  0.844423  0.646723  0.203948  0.323254  0.446188  0.229020  0.611510  0.453393  0.761402  0.568166  0.261822  0.280891  0.209759  0.077016  0.736937  0.189204  0.266842  0.689814  0.458125  0.292690  0.223331  0.463972  0.730697  0.556797  0.666868  0.128206  0.333258  0.663577  0.293015  0.573969  0.596364  0.365388  0.398389 
9  0.804820  0.463518  0.694568  0.816140  0.789367  0.431416  0.000000  0.803439  0.819413 0.0  0.435335  0.844926  0.755405  0.154436  0.765322  0.610918  0.098261  0.448525  0.372460  0.397179  0.769609  0.285641  0.445764  0.783133  0.463466  0.281810  0.386808  0.110340  0.642287  0.626370  0.498725  0.748268  0.841668  0.796618  0.416422  0.395370  0.272365  0.766691  0.734999  0.729993  0.579618  0.705256  0.741009  0.514106  0.860558  0.537622  0.811278  0.524012  0.756601  0.567734  0.575951  0.694388  0.821414  0.108073  0.228088  0.465604  0.356936  0.413726  0.823946  0.800737  0.743067  0.703952  0.510313  0.659920  0.481378  0.405376  0.829779  0.706904  0.523190  0.783180  0.164271  0.878483  0.706007  0.172683  0.725912  0.594134  0.727040  0.361125  0.226643  0.447745  0.083991  0.815589  0.563951  0.209562  0.623712  0.419765  0.364592  0.488703  0.575939 
10  0.506437  0.380510  0.499313  0.455900  0.446595  0.373963  0.338411  0.542084  0.369455  0.435335 0.0  0.438598  0.494886  0.504512  0.451712  0.432803  0.535486  0.410301  0.470793  0.471033  0.426907  0.404579  0.372403  0.453527  0.475918  0.444880  0.548183  0.472155  0.370218  0.477180  0.463022  0.479883  0.570606  0.462050  0.437974  0.383658  0.512552  0.382032  0.501804  0.440859  0.526391  0.375253  0.501939  0.508970  0.442254  0.481198  0.463058  0.513857  0.483636  0.465613  0.472736  0.459639  0.412515  0.480013  0.424831  0.458213  0.396831  0.461095  0.556067  0.442893  0.522066  0.447439  0.373928  0.425018  0.377278  0.321989  0.432284  0.476415  0.389000  0.418695  0.426508  0.527353  0.457884  0.387967  0.405571  0.436500  0.439193  0.429938  0.389862  0.402587  0.382519  0.446344  0.431441  0.528259  0.515680  0.474643  0.486224  0.588265  0.377234 
11  0.419118  0.437028  0.279062  0.152840  0.333288  0.779667  0.796805  0.385423  0.188864  0.844926  0.438598 0.0  0.000000  0.799302  0.609170  0.279452  0.620141  0.852400  0.838628  0.584560  0.447737  0.619422  0.855600  0.514455  0.399660  0.596032  0.564840  0.811114  0.272620  0.333700  0.399965  0.881697  0.126053  0.244202  0.742305  0.645106  0.788500  0.204498  0.494593  0.373301  0.399945  0.285608  0.256044  0.754067  0.777324  0.282883  0.067397  0.354087  0.184840  0.371072  0.275778  0.864571  0.229098  0.781824  0.718635  0.381397  0.830025  0.647744  0.246297  0.310996  0.443537  0.220762  0.639635  0.442592  0.869088  0.598774  0.228742  0.221144  0.269742  0.271064  0.616763  0.121220  0.249543  0.674287  0.374224  0.220563  0.215406  0.455379  0.647917  0.778409  0.694981  0.213966  0.340999  0.649760  0.241686  0.608930  0.515570  0.373707  0.469581 
12  0.430489  0.242021  0.363193  0.044135  0.342952  0.759746  0.803519  0.273132  0.026636  0.755405  0.494886  0.000000 0.0  0.790734  0.485072  0.364985  0.746196  0.728104  0.659621  0.577052  0.275375  0.473195  0.730690  0.365648  0.416797  0.496842  0.504043  0.775832  0.258389  0.240856  0.272307  0.753158  0.198101  0.050510  0.549848  0.418198  0.828400  0.000000  0.310100  0.421531  0.433605  0.353965  0.064924  0.882201  0.696012  0.334816  0.248472  0.275546  0.094584  0.266026  0.344958  0.683340  0.299194  0.790212  0.699056  0.430828  0.686583  0.418093  0.065407  0.380764  0.360264  0.235548  0.484310  0.337937  0.822134  0.483215  0.094791  0.307622  0.323941  0.036687  0.664257  0.001173  0.198165  0.675091  0.338713  0.348084  0.081414  0.425308  0.583838  0.484152  0.807162  0.048534  0.407075  0.648498  0.150542  0.484159  0.648654  0.405646  0.503652 
13  0.866948  0.588086  0.727918  0.871229  0.759468  0.397560  0.078490  0.832146  0.796996  0.154436  0.504512  0.799302  0.790734 0.0  0.762751  0.628768  0.131478  0.478632  0.341647  0.461893  0.850895  0.303084  0.359441  0.803668  0.616872  0.484085  0.247851  0.135261  0.550411  0.635110  0.472816  0.804538  0.682770  0.757436  0.466560  0.462556  0.123158  0.855526  0.716320  0.855448  0.539846  0.830777  0.837454  0.663339  0.835931  0.595919  0.746315  0.534738  0.783010  0.573261  0.595638  0.771025  0.725537  0.132637  0.234657  0.499420  0.307010  0.482581  0.783014  0.780595  0.759342  0.711579  0.442557  0.502310  0.416331  0.286204  0.695931  0.664845  0.479413  0.854965  0.099352  0.746924  0.574956  0.181917  0.738015  0.612852  0.817393  0.384553  0.324638  0.442953  0.100610  0.840376  0.575776  0.228932  0.581507  0.474832  0.286840  0.543580  0.460208 
14  0.818319  0.644409  0.636871  0.747648  0.841890  0.867243  0.810856  0.753931  0.627080  0.765322  0.451712  0.609170  0.485072  0.762751 0.0  0.178843  0.665665  0.912063  0.892309  0.554568  0.799015  0.692985  0.955878  0.950020  0.667089  0.533353  0.569512  0.663368  0.667661  0.599597  0.777466  0.439871  0.467121  0.630957  0.595459  0.656032  0.723439  0.505946  0.914584  0.736041  0.673614  0.771465  0.533212  0.265705  0.282575  0.734882  0.545529  0.720467  0.593025  0.457818  0.603192  0.488521  0.715996  0.664379  0.633841  0.713638  0.805028  0.558204  0.605963  0.601418  0.858970  0.618974  0.588721  0.701508  0.873327  0.604323  0.627948  0.650678  0.855426  0.611340  0.903959  0.643091  0.553305  0.716278  0.945730  0.605676  0.639062  0.484705  0.667814  0.609793  0.610531  0.608508  0.723105  0.632987  0.344085  0.574743  0.659479  0.802556  0.482525 
15  0.541815  0.562979  0.482834  0.182181  0.532394  0.536223  0.439234  0.535761  0.361054  0.610918  0.432803  0.279452  0.364985  0.628768  0.178843 0.0  0.599766  0.586344  0.489688  0.293640  0.478176  0.277204  0.505810  0.521558  0.520454  0.315776  0.574036  0.607011  0.531587  0.420509  0.490561  0.515030  0.368308  0.188575  0.233850  0.274336  0.519721  0.248774  0.488474  0.540701  0.633721  0.459112  0.247841  0.562843  0.579924  0.420323  0.302582  0.600062  0.217154  0.325588  0.472930  0.658986  0.502565  0.508915  0.486425  0.555480  0.518070  0.278336  0.292315  0.590301  0.476553  0.442006  0.308310  0.441948  0.552591  0.319299  0.162838  0.512754  0.522570  0.158053  0.602188  0.243365  0.447093  0.569566  0.598409  0.437118  0.323436  0.296646  0.452461  0.199627  0.623502  0.281197  0.475896  0.460395  0.239404  0.254173  0.639147  0.580469  0.491184 
16  0.715555  0.375122  0.563672  0.758910  0.738379  0.337948  0.080207  0.660907  0.658763  0.098261  0.535486  0.620141  0.746196  0.131478  0.665665  0.599766 0.0  0.327775  0.292174  0.391129  0.845007  0.271709  0.348003  0.717125  0.584433  0.396083  0.374719  0.219144  0.649684  0.663951  0.389301  0.698720  0.773346  0.867506  0.327256  0.314805  0.272451  0.704871  0.769966  0.728252  0.438298  0.773689  0.727335  0.537719  0.708731  0.527591  0.738841  0.504089  0.759166  0.426019  0.660235  0.814130  0.839496  0.164337  0.326772  0.484734  0.378489  0.408067  0.690230  0.692413  0.724409  0.660443  0.395278  0.541854  0.440949  0.441569  0.669523  0.568699  0.740691  0.746280  0.142279  0.679909  0.758056  0.199732  0.677875  0.641019  0.654931  0.450832  0.207183  0.297258  0.083057  0.763825  0.576604  0.244248  0.496974  0.341077  0.238211  0.497619  0.385465 
17  0.497071  0.751697  0.663960  0.793150  0.622530  0.174969  0.259120  0.524892  0.746594  0.448525  0.410301  0.852400  0.728104  0.478632  0.912063  0.586344  0.327775 0.0  0.135437  0.560334  0.532841  0.417146  0.128885  0.674076  0.800929  0.440319  0.495048  0.384896  0.607998  0.705515  0.671824  0.600885  0.715346  0.730674  0.424923  0.253380  0.390309  0.849321  0.668096  0.503568  0.811238  0.502800  0.865683  0.833782  0.430519  0.754789  0.817324  0.603892  0.890341  0.571126  0.678741  0.699400  0.396264  0.333842  0.258608  0.804019  0.221857  0.506736  1.000000  0.414546  0.652912  0.602495  0.474531  0.816551  0.233414  0.415436  0.915294  0.694245  0.715196  0.891646  0.401470  0.830991  0.667779  0.379117  0.551676  0.675151  0.756060  0.335094  0.161046  0.431425  0.330302  0.846935  0.724776  0.259579  0.687228  0.457407  0.516872  0.832161  0.344207 
18  0.468729  0.856403  0.706251  0.762570  0.481338  0.092616  0.344592  0.487296  0.740046  0.372460  0.470793  0.838628  0.659621  0.341647  0.892309  0.489688  0.292174  0.135437 0.0  0.422927  0.537930  0.432497  0.172665  0.631546  0.788894  0.453680  0.474378  0.306869  0.654367  0.524162  0.732362  0.588761  0.719673  0.841750  0.444612  0.368467  0.271104  0.803929  0.636017  0.567932  0.611938  0.448097  0.798945  0.819907  0.360364  0.719451  0.793027  0.725695  0.860572  0.619598  0.686463  0.613558  0.563148  0.280836  0.216529  0.812487  0.099887  0.453207  0.849024  0.449518  0.589385  0.710505  0.364160  0.879392  0.220204  0.502291  0.723406  0.661816  0.647434  0.910463  0.359113  0.900780  0.656079  0.427879  0.554885  0.674478  0.914746  0.375648  0.241268  0.557340  0.402612  0.851903  0.704913  0.236583  0.647494  0.464054  0.616767  0.769744  0.488240 
19  0.855017  0.721472  0.574968  0.713669  0.838100  0.392899  0.369460  0.774159  0.614685  0.397179  0.471033  0.584560  0.577052  0.461893  0.554568  0.293640  0.391129  0.560334  0.422927 0.0  0.830751  0.263827  0.355178  0.926317  0.762976  0.173463  0.701988  0.293933  0.638676  0.824595  0.801626  0.917270  0.481403  0.659608  0.221741  0.220883  0.316826  0.724102  0.848598  0.859142  0.750566  0.646912  0.560504  0.783268  0.798327  0.773361  0.460111  0.726558  0.635016  0.349054  0.711520  0.829623  0.747708  0.394554  0.222004  0.804960  0.578205  0.203962  0.611041  0.699173  0.792281  0.619010  0.245337  0.881535  0.462377  0.259055  0.617227  0.731806  0.778100  0.629620  0.353339  0.613931  0.734823  0.326900  0.927095  0.674891  0.546727  0.024390  0.259667  0.202769  0.308098  0.618502  0.717204  0.140240  0.335739  0.141458  0.472557  0.799704  0.388297 
20  0.104396  0.263579  0.225856  0.429229  0.116689  0.509841  0.678283  0.019079  0.441571  0.769609  0.426907  0.447737  0.275375  0.850895  0.799015  0.478176  0.845007  0.532841  0.537930  0.830751 0.0  0.914001  0.627080  0.224876  0.451842  0.839948  0.638071  0.670195  0.239936  0.195476  0.319527  0.558642  0.431006  0.412118  0.905179  0.772809  0.778716  0.493915  0.193218  0.212554  0.387338  0.120149  0.434303  0.802607  0.534559  0.314352  0.415811  0.248538  0.456679  0.719458  0.389034  0.646672  0.211506  0.785643  0.673737  0.489043  0.635041  0.864084  0.429437  0.092299  0.100116  0.287085  0.755929  0.374710  0.563438  0.711505  0.338534  0.172779  0.351279  0.538954  0.862334  0.478367  0.291527  0.776912  0.322075  0.286863  0.490081  0.671902  0.676910  0.795565  0.676251  0.485006  0.331309  0.614635  0.676242  0.785045  0.601195  0.427064  0.471570 
21  0.799313  0.647940  0.641242  0.547109  0.765272  0.418065  0.361292  0.777121  0.513757  0.285641  0.404579  0.619422  0.473195  0.303084  0.692985  0.277204  0.271709  0.417146  0.432497  0.263827  0.914001 0.0  0.423814  0.939333  0.674405  0.266940  0.687829  0.383182  0.636459  0.665332  0.707032  0.860775  0.438095  0.663339  0.258676  0.186635  0.370536  0.709466  0.824195  0.776542  0.741510  0.742994  0.517713  0.794856  0.712530  0.631527  0.502150  0.672618  0.492981  0.352161  0.593093  0.890033  0.748491  0.360320  0.153088  0.807125  0.391497  0.157082  0.608500  0.727215  0.806017  0.678685  0.213509  0.815403  0.508045  0.245894  0.606479  0.668910  0.716789  0.674109  0.420234  0.613979  0.648064  0.220754  0.863118  0.628960  0.659464  0.064058  0.237977  0.281315  0.307317  0.613484  0.754641  0.241749  0.339145  0.257884  0.590448  0.724104  0.420178 
22  0.451786  0.670490  0.658232  0.816851  0.726465  0.201247  0.337782  0.534277  0.873959  0.445764  0.372403  0.855600  0.730690  0.359441  0.955878  0.505810  0.348003  0.128885  0.172665  0.355178  0.627080  0.423814 0.0  0.553222  0.794685  0.459773  0.747836  0.334236  0.610215  0.673701  0.629917  0.651285  0.627649  0.951592  0.428612  0.443893  0.300723  0.913954  0.600527  0.505459  0.675019  0.421499  0.802889  0.792829  0.306175  0.629586  0.705175  0.661381  0.874861  0.660384  0.741197  0.516127  0.411370  0.388523  0.230104  0.797433  0.159700  0.467429  0.819499  0.487485  0.607237  0.751029  0.472471  0.790510  0.159485  0.389381  0.787742  0.617065  0.646699  0.858859  0.450446  0.921347  0.572267  0.268020  0.632645  0.615343  0.831594  0.209207  0.295622  0.347533  0.313249  0.922651  0.778770  0.260053  0.708445  0.527412  0.655407  0.780398  0.423323 
23  0.163838  0.363060  0.247002  0.350733  0.176797  0.626788  0.690081  0.079780  0.408980  0.783133  0.453527  0.514455  0.365648  0.803668  0.950020  0.521558  0.717125  0.674076  0.631546  0.926317  0.224876  0.939333  0.553222 0.0  0.456278  0.804759  0.512373  0.724495  0.343644  0.246031  0.285106  0.609940  0.307609  0.475690  0.859076  0.859654  0.707583  0.500136  0.197478  0.125417  0.402713  0.104893  0.520516  0.797986  0.580009  0.345288  0.357449  0.180510  0.466754  0.618819  0.305681  0.611777  0.094073  0.653354  0.704280  0.306181  0.643085  0.909206  0.477034  0.138602  0.231533  0.274318  0.818126  0.455146  0.625903  0.783317  0.377362  0.195604  0.433591  0.427443  0.719749  0.382518  0.348673  0.610195  0.271748  0.319825  0.485832  0.733288  0.689130  0.865389  0.585460  0.496908  0.328613  0.661925  0.659483  0.881454  0.619242  0.383906  0.500798 
24  0.503672  0.126307  0.257215  0.379708  0.263230  0.834507  0.709095  0.407837  0.436407  0.463466  0.475918  0.399660  0.416797  0.616872  0.667089  0.520454  0.584433  0.800929  0.788894  0.762976  0.451842  0.674405  0.794685  0.456278 0.0  0.725092  0.330759  0.469676  0.287496  0.315857  0.153166  0.742792  0.378232  0.379312  0.707088  0.764066  0.415803  0.465708  0.351104  0.442869  0.111003  0.313950  0.463196  0.558783  0.813041  0.147575  0.414624  0.119769  0.385536  0.616320  0.259621  0.839821  0.411779  0.584008  0.545221  0.164942  0.844169  0.726957  0.334922  0.425768  0.407252  0.415166  0.842259  0.113125  0.810855  0.687963  0.515011  0.328915  0.161250  0.324394  0.501601  0.485750  0.238876  0.528433  0.324138  0.212604  0.474528  0.718427  0.636493  0.710368  0.577166  0.393226  0.212919  0.661385  0.541117  0.843995  0.244351  0.133969  0.524121 
25  0.840083  0.821679  0.672324  0.578049  0.760747  0.491895  0.286429  0.673710  0.538773  0.281810  0.444880  0.596032  0.496842  0.484085  0.533353  0.315776  0.396083  0.440319  0.453680  0.173463  0.839948  0.266940  0.459773  0.804759  0.725092 0.0  0.676225  0.381500  0.598952  0.591082  0.710518  0.743693  0.524209  0.716966  0.136358  0.157786  0.489274  0.586632  0.894830  0.739618  0.717977  0.648231  0.514522  0.821840  0.673745  0.727803  0.517781  0.685322  0.583506  0.274744  0.641051  0.856258  0.639538  0.265942  0.355917  0.914707  0.567146  0.194516  0.535467  0.797785  0.762063  0.579292  0.183731  0.796766  0.429718  0.246192  0.607493  0.673598  0.689735  0.601594  0.384547  0.722715  0.649027  0.372129  0.803561  0.558051  0.570758  0.050714  0.246399  0.167687  0.330866  0.582586  0.688356  0.342647  0.417680  0.359942  0.595656  0.830522  0.546946 
26  0.535223  0.364006  0.505687  0.584847  0.619376  0.499283  0.472876  0.609557  0.656700  0.386808  0.548183  0.564840  0.504043  0.247851  0.569512  0.574036  0.374719  0.495048  0.474378  0.701988  0.638071  0.687829  0.747836  0.512373  0.330759  0.676225 0.0  0.347219  0.571694  0.473072  0.319339  0.679378  0.660210  0.596242  0.565443  0.442324  0.341980  0.625908  0.505345  0.715845  0.354560  0.536875  0.636234  0.333484  0.611446  0.296600  0.596636  0.314860  0.616908  0.628867  0.612467  0.585722  0.646641  0.235187  0.566675  0.377192  0.550589  0.603180  0.655925  0.520087  0.539241  0.452195  0.589770  0.237763  0.668930  0.692658  0.610882  0.483068  0.201394  0.560491  0.285245  0.639620  0.475210  0.233818  0.585821  0.450562  0.609936  0.554076  0.439596  0.638133  0.261987  0.617069  0.240955  0.493147  0.561950  0.710758  0.347333  0.439340  0.536878 
27  0.777686  0.541914  0.682857  0.747103  0.846524  0.313662  0.051393  0.760516  0.794673  0.110340  0.472155  0.811114  0.775832  0.135261  0.663368  0.607011  0.219144  0.384896  0.306869  0.293933  0.670195  0.383182  0.334236  0.724495  0.469676  0.381500  0.347219 0.0  0.702004  0.685203  0.390151  0.821388  0.646117  0.712374  0.377784  0.371524  0.325722  0.779227  0.761245  0.834439  0.405170  0.733489  0.741710  0.556120  0.732402  0.491458  0.714875  0.515385  0.656979  0.560843  0.692614  0.646520  0.824868  0.260130  0.309884  0.431264  0.399819  0.223182  0.633951  0.691588  0.670788  0.610748  0.365326  0.472153  0.295681  0.375534  0.665554  0.721758  0.594116  0.712017  0.146263  0.785785  0.671660  0.093017  0.724511  0.712260  0.782161  0.321507  0.356726  0.332151  0.040596  0.617561  0.729185  0.399998  0.525014  0.381935  0.372626  0.479638  0.517163 
28  0.285129  0.282734  0.315955  0.358400  0.238714  0.717003  0.745053  0.192200  0.262323  0.642287  0.370218  0.272620  0.258389  0.550411  0.667661  0.531587  0.649684  0.607998  0.654367  0.638676  0.239936  0.636459  0.610215  0.343644  0.287496  0.598952  0.571694  0.702004 0.0  0.269473  0.234009  0.636249  0.258091  0.353031  0.629393  0.620515  0.718538  0.293767  0.234422  0.236970  0.201715  0.167516  0.270360  0.690033  0.573896  0.314079  0.291005  0.331417  0.230413  0.459308  0.170231  0.643314  0.266749  0.628592  0.650290  0.245089  0.652280  0.758626  0.277989  0.319496  0.335772  0.271878  0.738035  0.271759  0.609599  0.693186  0.288365  0.267980  0.255813  0.173802  0.650089  0.285736  0.172132  0.577408  0.280542  0.233791  0.296339  0.618463  0.598019  0.645382  0.704936  0.301169  0.257426  0.689891  0.519979  0.543651  0.587475  0.291025  0.357193 
29  0.221874  0.249497  0.232000  0.326577  0.295097  0.776867  0.709844  0.275375  0.344887  0.626370  0.477180  0.333700  0.240856  0.635110  0.599597  0.420509  0.663951  0.705515  0.524162  0.824595  0.195476  0.665332  0.673701  0.246031  0.315857  0.591082  0.473072  0.685203  0.269473 0.0  0.323623  0.675633  0.355257  0.331760  0.662484  0.721508  0.520108  0.255634  0.262124  0.273166  0.244149  0.314521  0.332329  0.675832  0.663417  0.232922  0.323464  0.185222  0.358851  0.500511  0.182834  0.625255  0.288878  0.688149  0.766494  0.240730  0.661315  0.633589  0.201167  0.166554  0.316303  0.324490  0.603243  0.248462  0.592366  0.626676  0.311638  0.187210  0.134572  0.296319  0.749491  0.285978  0.211533  0.614020  0.110416  0.310365  0.192169  0.612705  0.661905  0.607350  0.746332  0.083774  0.292981  0.642871  0.350399  0.621760  0.564208  0.308766  0.513699 
30  0.475825  0.258270  0.244805  0.330792  0.331558  0.649289  0.601322  0.406618  0.348777  0.498725  0.463022  0.399965  0.272307  0.472816  0.777466  0.490561  0.389301  0.671824  0.732362  0.801626  0.319527  0.707032  0.629917  0.285106  0.153166  0.710518  0.319339  0.390151  0.234009  0.323623 0.0  0.737733  0.253853  0.349504  0.733915  0.828297  0.462182  0.392530  0.369135  0.346435  0.075432  0.481774  0.237395  0.581564  0.936237  0.245148  0.380659  0.310974  0.267468  0.380317  0.357359  0.690003  0.353284  0.389295  0.642654  0.046408  0.819777  0.615207  0.315777  0.306210  0.303266  0.340723  0.699169  0.153366  0.717987  0.698711  0.417224  0.346819  0.090531  0.409099  0.483709  0.277926  0.274367  0.443923  0.401790  0.282969  0.341759  0.729037  0.620649  0.718049  0.482207  0.321229  0.113461  0.598448  0.558537  0.709652  0.334419  0.195842  0.409648 
31  0.500499  0.719623  0.680096  0.818508  0.531482  0.495307  0.691230  0.474307  0.893478  0.748268  0.479883  0.881697  0.753158  0.804538  0.439871  0.515030  0.698720  0.600885  0.588761  0.917270  0.558642  0.860775  0.651285  0.609940  0.742792  0.743693  0.679378  0.821388  0.636249  0.675633  0.737733 0.0  0.770039  0.823790  0.797749  0.894650  0.746925  0.774976  0.607417  0.498800  0.878684  0.512205  0.835409  0.442291  0.053026  0.643965  0.763160  0.666930  0.893898  0.619437  0.695928  0.212477  0.467353  0.742785  0.667423  0.846975  0.576036  0.820548  0.813716  0.349103  0.586862  0.708287  0.872591  0.786911  0.502554  0.895616  0.763630  0.672562  0.721878  0.863415  0.746946  0.939411  0.682481  0.716306  0.625239  0.578304  0.774919  0.648747  0.714212  0.883409  0.719904  0.804687  0.680817  0.633821  0.688698  0.857893  0.604803  0.827922  0.514203 
32  0.317361  0.232719  0.204246  0.062795  0.256767  0.719727  0.719399  0.243417  0.010621  0.841668  0.570606  0.126053  0.198101  0.682770  0.467121  0.368308  0.773346  0.715346  0.719673  0.481403  0.431006  0.438095  0.627649  0.307609  0.378232  0.524209  0.660210  0.646117  0.258091  0.355257  0.253853  0.770039 0.0  0.124957  0.488429  0.381794  0.805074  0.106702  0.309702  0.438467  0.332497  0.239727  0.138794  0.875453  0.689090  0.362814  0.220760  0.352764  0.098668  0.227550  0.284471  0.787490  0.376046  0.805889  0.680591  0.441400  0.723416  0.404871  0.019471  0.305729  0.325475  0.203039  0.434036  0.398186  0.725199  0.352875  0.040032  0.268727  0.349450  0.071376  0.712727  0.078894  0.269020  0.818048  0.313554  0.251213  0.116187  0.521834  0.705469  0.377872  0.837823  0.143009  0.354389  0.610604  0.289683  0.370437  0.629078  0.325562  0.464530 
33  0.392442  0.424439  0.311905  0.236161  0.358701  0.848310  0.746631  0.374004  0.173209  0.796618  0.462050  0.244202  0.050510  0.757436  0.630957  0.188575  0.867506  0.730674  0.841750  0.659608  0.412118  0.663339  0.951592  0.475690  0.379312  0.716966  0.596242  0.712374  0.353031  0.331760  0.349504  0.823790  0.124957 0.0  0.626722  0.616262  0.740473  0.131080  0.506335  0.381444  0.218345  0.442793  0.127562  0.719775  0.780766  0.291299  0.158763  0.349478  0.291095  0.404035  0.282114  0.862068  0.361564  0.649235  0.642460  0.340966  0.945523  0.640999  0.205404  0.279604  0.454914  0.324046  0.670611  0.318963  0.956511  0.625617  0.123347  0.301529  0.220796  0.190112  0.863622  0.128953  0.213695  0.810034  0.378961  0.199244  0.253528  0.469530  0.767128  0.644536  0.793581  0.214758  0.245088  0.735491  0.418176  0.515857  0.632490  0.358923  0.517416 
34  0.794814  0.813645  0.629249  0.601013  0.865263  0.399994  0.407207  0.814120  0.624967  0.416422  0.437974  0.742305  0.549848  0.466560  0.595459  0.233850  0.327256  0.424923  0.444612  0.221741  0.905179  0.258676  0.428612  0.859076  0.707088  0.136358  0.565443  0.377784  0.629393  0.662484  0.733915  0.797749  0.488429  0.626722 0.0  0.279994  0.314450  0.566379  0.833264  0.764968  0.622812  0.622666  0.579536  0.849545  0.733275  0.767395  0.429017  0.800170  0.587476  0.389898  0.672953  0.817552  0.684450  0.399079  0.270162  0.868086  0.420303  0.303594  0.667650  0.805809  0.909284  0.750252  0.199252  0.806999  0.433028  0.148253  0.610279  0.697057  0.687948  0.555204  0.435957  0.583088  0.739025  0.277483  0.861572  0.589512  0.697435  0.000000  0.268682  0.216944  0.202667  0.509325  0.581655  0.293668  0.343801  0.195709  0.611780  0.782991  0.412884 
35  0.793123  0.793802  0.675013  0.600581  0.866352  0.478323  0.336263  0.735634  0.604724  0.395370  0.383658  0.645106  0.418198  0.462556  0.656032  0.274336  0.314805  0.253380  0.368467  0.220883  0.772809  0.186635  0.443893  0.859654  0.764066  0.157786  0.442324  0.371524  0.620515  0.721508  0.828297  0.894650  0.381794  0.616262  0.279994 0.0  0.343648  0.517567  0.731767  0.811433  0.729246  0.712571  0.552179  0.756858  0.760647  0.847999  0.585080  0.808036  0.587188  0.422855  0.660326  0.832719  0.672265  0.370883  0.291562  0.856516  0.496307  0.200072  0.484870  0.722285  0.892547  0.567053  0.229901  0.848050  0.509539  0.148313  0.557761  0.705109  0.788454  0.646684  0.363480  0.584174  0.692757  0.400315  0.777480  0.607923  0.607211  0.130088  0.329178  0.104716  0.275212  0.601356  0.744238  0.315245  0.364999  0.205720  0.532894  0.852789  0.438998 
36  0.763333  0.479905  0.515628  0.784164  0.688973  0.402758  0.000000  0.700416  0.661899  0.272365  0.512552  0.788500  0.828400  0.123158  0.723439  0.519721  0.272451  0.390309  0.271104  0.316826  0.778716  0.370536  0.300723  0.707583  0.415803  0.489274  0.341980  0.325722  0.718538  0.520108  0.462182  0.746925  0.805074  0.740473  0.314450  0.343648 0.0  0.719766  0.753592  0.816296  0.463571  0.712547  0.778453  0.502523  0.680218  0.432447  0.644784  0.480614  0.734995  0.457585  0.625689  0.684206  0.840799  0.192171  0.218251  0.533574  0.399049  0.332544  0.616403  0.626400  0.758697  0.673958  0.484453  0.490586  0.340342  0.295676  0.717211  0.613281  0.546200  0.689015  0.044595  0.663832  0.716360  0.145379  0.731552  0.603682  0.637225  0.397595  0.208945  0.392089  0.060955  0.737858  0.635194  0.297778  0.464584  0.353679  0.300858  0.600351  0.379820 
37  0.410676  0.320408  0.195555  0.162558  0.502415  0.844634  0.693177  0.257508  0.069708  0.766691  0.382032  0.204498  0.000000  0.855526  0.505946  0.248774  0.704871  0.849321  0.803929  0.724102  0.493915  0.709466  0.913954  0.500136  0.465708  0.586632  0.625908  0.779227  0.293767  0.255634  0.392530  0.774976  0.106702  0.131080  0.566379  0.517567  0.719766 0.0  0.474092  0.418937  0.339580  0.364432  0.184078  0.827973  0.737869  0.293842  0.000000  0.390914  0.206651  0.308126  0.275059  0.836293  0.279616  0.697766  0.683720  0.291955  0.873568  0.437392  0.202634  0.369872  0.430358  0.225719  0.610427  0.417210  0.849456  0.570198  0.237477  0.247181  0.368993  0.271366  0.782298  0.086217  0.282004  0.677723  0.424909  0.180936  0.240305  0.485494  0.658528  0.623532  0.610007  0.167583  0.306010  0.679385  0.410729  0.552615  0.635306  0.375970  0.413145 
38  0.137946  0.303497  0.246512  0.483497  0.180632  0.649225  0.691044  0.095509  0.401665  0.734999  0.501804  0.494593  0.310100  0.716320  0.914584  0.488474  0.769966  0.668096  0.636017  0.848598  0.193218  0.824195  0.600527  0.197478  0.351104  0.894830  0.505345  0.761245  0.234422  0.262124  0.369135  0.607417  0.309702  0.506335  0.833264  0.731767  0.753592  0.474092 0.0  0.026234  0.327781  0.102993  0.447771  0.722195  0.558065  0.391642  0.374919  0.308002  0.521699  0.635346  0.139301  0.586264  0.016154  0.671803  0.563872  0.431933  0.551882  0.830557  0.393270  0.083329  0.175785  0.222769  0.857668  0.379012  0.564929  0.785113  0.337236  0.297804  0.422074  0.429722  0.843634  0.385626  0.237371  0.717032  0.160289  0.301636  0.451652  0.686498  0.640441  0.848485  0.759914  0.488158  0.373282  0.609347  0.577343  0.689701  0.484713  0.406594  0.440312 
39  0.168534  0.325636  0.197468  0.317602  0.120015  0.482534  0.841403  0.174972  0.336793  0.729993  0.440859  0.373301  0.421531  0.855448  0.736041  0.540701  0.728252  0.503568  0.567932  0.859142  0.212554  0.776542  0.505459  0.125417  0.442869  0.739618  0.715845  0.834439  0.236970  0.273166  0.346435  0.498800  0.438467  0.381444  0.764968  0.811433  0.816296  0.418937  0.026234 0.0  0.416713  0.134658  0.363732  0.785849  0.488171  0.418997  0.532093  0.319341  0.490808  0.600026  0.315209  0.494310  0.072769  0.705656  0.697422  0.492430  0.526148  0.821781  0.306352  0.153168  0.047587  0.199475  0.798290  0.304801  0.518707  0.631585  0.396041  0.261902  0.379862  0.340990  0.819179  0.415041  0.343322  0.767445  0.136264  0.200052  0.309754  0.787687  0.684290  0.785986  0.863375  0.423623  0.441423  0.608744  0.623328  0.732206  0.657415  0.327625  0.413981 
40  0.506002  0.072070  0.254286  0.283190  0.373516  0.706964  0.521241  0.311890  0.349652  0.579618  0.526391  0.399945  0.433605  0.539846  0.673614  0.633721  0.438298  0.811238  0.611938  0.750566  0.387338  0.741510  0.675019  0.402713  0.111003  0.717977  0.354560  0.405170  0.201715  0.244149  0.075432  0.878684  0.332497  0.218345  0.622812  0.729246  0.463571  0.339580  0.327781  0.416713 0.0  0.202556  0.382041  0.402909  0.678249  0.082815  0.502999  0.081031  0.367467  0.511064  0.320961  0.728348  0.273417  0.475609  0.611629  0.153593  0.764200  0.757419  0.268168  0.287657  0.313545  0.283654  0.664237  0.170482  0.816400  0.763666  0.354510  0.298499  0.052120  0.334288  0.531054  0.399394  0.152063  0.459040  0.251565  0.323868  0.265151  0.708635  0.699679  0.749364  0.555560  0.276578  0.097807  0.703384  0.496049  0.706154  0.491755  0.170419  0.447395 
41  0.185504  0.424094  0.348835  0.317181  0.000000  0.404288  0.998929  0.218310  0.373782  0.705256  0.375253  0.285608  0.353965  0.830777  0.771465  0.459112  0.773689  0.502800  0.448097  0.646912  0.120149  0.742994  0.421499  0.104893  0.313950  0.648231  0.536875  0.733489  0.167516  0.314521  0.481774  0.512205  0.239727  0.442793  0.622666  0.712571  0.712547  0.364432  0.102993  0.134658  0.202556 0.0  0.325496  0.819716  0.625508  0.399021  0.294259  0.449638  0.268629  0.519595  0.235192  0.445128  0.054887  0.709663  0.681767  0.414155  0.516762  0.661352  0.311437  0.000000  0.023841  0.200589  0.638502  0.506949  0.406895  0.639395  0.281064  0.292108  0.369884  0.440106  0.824563  0.335963  0.250601  0.732810  0.053980  0.264257  0.307137  0.714002  0.709371  0.740300  0.813530  0.222693  0.438707  0.598926  0.426484  0.721133  0.545617  0.390827  0.473241 
42  0.531073  0.352127  0.162367  0.205837  0.438429  0.809752  0.716841  0.312159  0.076537  0.741009  0.501939  0.256044  0.064924  0.837454  0.533212  0.247841  0.727335  0.865683  0.798945  0.560504  0.434303  0.517713  0.802889  0.520516  0.463196  0.514522  0.636234  0.741710  0.270360  0.332329  0.237395  0.835409  0.138794  0.127562  0.579536  0.552179  0.778453  0.184078  0.447771  0.363732  0.382041  0.325496 0.0  0.756057  0.805574  0.319890  0.043378  0.366810  0.253494  0.385311  0.364703  0.836494  0.348955  0.708397  0.706361  0.409162  0.861139  0.636048  0.146976  0.337252  0.451062  0.345255  0.513995  0.370941  0.881630  0.630241  0.242642  0.217814  0.225261  0.199459  0.775265  0.160863  0.313836  0.763889  0.457568  0.254213  0.207980  0.556375  0.662877  0.591899  0.691552  0.262259  0.272047  0.690859  0.307533  0.492228  0.511894  0.348684  0.538953 
43  0.762695  0.471817  0.595049  0.761663  0.777741  0.828115  0.583889  0.876678  0.719819  0.514106  0.508970  0.754067  0.882201  0.663339  0.265705  0.562843  0.537719  0.833782  0.819907  0.783268  0.802607  0.794856  0.792829  0.797986  0.558783  0.821840  0.333484  0.556120  0.690033  0.675832  0.581564  0.442291  0.875453  0.719775  0.849545  0.756858  0.502523  0.827973  0.722195  0.785849  0.402909  0.819716  0.756057 0.0  0.342991  0.448865  0.821024  0.492720  0.790004  0.454645  0.661437  0.408110  0.760709  0.578835  0.626098  0.519408  0.749202  0.782794  0.853258  0.738509  0.785397  0.735738  0.755545  0.465286  0.841099  0.854583  0.716396  0.611605  0.530078  0.754021  0.477749  0.725600  0.650537  0.546948  0.875510  0.573587  0.871066  0.900146  0.708337  0.902041  0.532114  0.812002  0.525509  0.710663  0.666662  0.847392  0.435067  0.534609  0.538367 
44  0.477752  0.795841  0.690271  0.709648  0.465699  0.378342  0.902944  0.607502  0.788134  0.860558  0.442254  0.777324  0.696012  0.835931  0.282575  0.579924  0.708731  0.430519  0.360364  0.798327  0.534559  0.712530  0.306175  0.580009  0.813041  0.673745  0.611446  0.732402  0.573896  0.663417  0.936237  0.053026  0.689090  0.780766  0.733275  0.760647  0.680218  0.737869  0.558065  0.488171  0.678249  0.625508  0.805574  0.342991 0.0  0.884805  0.723160  0.883998  0.743930  0.501779  0.688865  0.105140  0.362240  0.752675  0.579608  0.791575  0.456427  0.721143  0.790648  0.415863  0.379077  0.686050  0.752225  0.777654  0.443415  0.780326  0.618640  0.622720  0.741174  0.692167  0.840172  0.626301  0.688639  0.706863  0.528423  0.619257  0.739494  0.782810  0.675734  0.794741  0.751702  0.650067  0.622841  0.695911  0.455130  0.707667  0.676411  0.801550  0.429017 
