89
0 0.0  0.652611  0.729538  0.218255  0.621296  0.717632  0.663906  0.211141  0.776375  0.800984  0.640483  0.659857  0.600170  0.681383  0.422839  0.661133  0.816692  0.775370  0.425555  0.295371  0.689869  0.824143  0.578541  0.406460  0.688837  0.744908  0.746188  0.643757  0.602737  0.813435  0.403348  0.399815  0.624576  0.785427  0.781220  0.714190  0.629532  0.913885  0.431350  0.694407  0.686294  0.574340  0.728433  0.760797  0.206225  0.711816  0.714844  0.748614  0.203793  0.670788  0.594224  0.216515  0.185690  0.741754  0.753930  0.705430  0.580526  0.770964  0.218093  0.078412  0.379528  0.825558  0.742721  0.724475  0.748129  0.808166  0.666117  0.198903  0.599697  0.563506  0.716985  0.710616  0.691648  0.776308  0.430888  0.734212  0.630484  0.658388  0.647121  0.680908  0.745520  0.740105  0.694504  0.712442  0.599522  0.679020  0.620740  0.735538  0.714095 
1  0.652611 0.0  0.550557  0.823632  0.661583  0.705002  0.751015  0.655284  0.078412  0.824433  0.617201  0.670085  0.288399  0.782949  0.706572  0.672232  0.883184  0.728619  0.609466  0.606885  0.671619  0.805055  0.622805  0.692758  0.733958  0.608773  0.789155  0.654054  0.693266  0.219545  0.780933  0.736878  0.596823  0.703082  0.777741  0.825070  0.739664  0.776013  0.772775  0.555919  0.567892  0.660893  0.713202  0.189496  0.867920  0.215608  0.592633  0.200066  0.680589  0.640873  0.634181  0.698099  0.652240  0.881671  0.686322  0.437466  0.579498  0.701263  0.748271  0.681283  0.784148  0.211035  0.695895  0.724030  0.881171  0.670534  0.596385  0.722671  0.687665  0.722279  0.701152  0.623034  0.795876  0.635192  0.475259  0.730907  0.735849  0.671641  0.849781  0.667748  0.570457  0.730140  0.696926  0.655891  0.765665  0.570302  0.721992  0.217203  0.640379 
2  0.729538  0.550557 0.0  0.650579  0.289023  0.660031  0.605681  0.551107  0.660378  0.689044  0.306784  0.754856  0.571812  0.661753  0.665309  0.637956  0.893481  0.716151  0.587960  0.579973  0.249917  0.630215  0.320757  0.569202  0.618448  0.690300  0.765772  0.662615  0.625228  0.647272  0.598016  0.674937  0.560599  0.634886  0.576661  0.642300  0.604460  0.575993  0.542824  0.635498  0.695175  0.462777  0.605033  0.650760  0.707676  0.614216  0.293545  0.588456  0.571895  0.639320  0.299732  0.645472  0.605932  0.813013  0.613194  0.727214  0.307331  0.660554  0.615005  0.736810  0.601578  0.581280  0.600396  0.515759  0.643806  0.548490  0.641026  0.690699  0.078412  0.557822  0.637270  0.588784  0.660937  0.651217  0.451615  0.640654  0.695114  0.680163  0.578551  0.620829  0.594598  0.653421  0.564618  0.530510  0.706030  0.628299  0.621049  0.585018  0.649528 
3  0.218255  0.823632  0.650579 0.0  0.581122  0.768563  0.628041  0.210945  0.714230  0.836165  0.727616  0.773932  0.690400  0.718331  0.397799  0.749431  0.861439  0.679724  0.395801  0.303744  0.503709  0.739725  0.601162  0.465113  0.703864  0.738834  0.781045  0.678321  0.780051  0.728711  0.422091  0.436193  0.570690  0.815242  0.707761  0.688656  0.734968  0.724402  0.408944  0.745986  0.670234  0.599811  0.758875  0.667167  0.204184  0.675890  0.663517  0.696283  0.078412  0.834984  0.634510  0.205534  0.233980  0.817826  0.720488  0.879486  0.570881  0.648381  0.203172  0.203735  0.369853  0.734490  0.702391  0.811400  0.726846  0.718260  0.686460  0.212284  0.576514  0.619053  0.714938  0.740988  0.793461  0.764515  0.474767  0.789257  0.689467  0.599837  0.702268  0.800121  0.728554  0.775672  0.676455  0.667713  0.585996  0.720754  0.812269  0.675715  0.759453 
4  0.621296  0.661583  0.289023  0.581122 0.0  0.553793  0.632053  0.625008  0.668371  0.613586  0.078412  0.600895  0.701775  0.649153  0.668250  0.642386  0.615283  0.637914  0.588949  0.646116  0.324155  0.582199  0.078412  0.736791  0.585720  0.566144  0.781263  0.725416  0.720612  0.559179  0.704057  0.615457  0.688271  0.631326  0.494348  0.672440  0.678078  0.644807  0.670353  0.624008  0.674107  0.704391  0.573850  0.656302  0.716336  0.597228  0.290228  0.654016  0.658957  0.664170  0.303321  0.665441  0.639533  0.863740  0.599628  0.751760  0.078412  0.586167  0.728548  0.635925  0.626211  0.629610  0.636364  0.626639  0.595531  0.675766  0.693915  0.638117  0.268077  0.674488  0.692488  0.585470  0.710218  0.585876  0.504050  0.612666  0.715724  0.660027  0.654047  0.630223  0.661105  0.603666  0.615842  0.665207  0.549965  0.697199  0.589153  0.520091  0.564825 
5  0.717632  0.705002  0.660031  0.768563  0.553793 0.0  0.621822  0.850504  0.798741  0.496764  0.581804  0.407203  0.591744  0.435046  0.771179  0.078412  0.846200  0.284102  0.716025  0.624172  0.577544  0.447632  0.739056  0.781364  0.511242  0.427134  0.821265  0.161748  0.436906  0.767733  0.713820  0.645064  0.561001  0.417284  0.172842  0.249938  0.484682  0.545436  0.735480  0.742413  0.582484  0.657298  0.411753  0.819402  0.860554  0.721339  0.678506  0.760518  0.800529  0.285619  0.627738  0.657917  0.803364  0.893641  0.509328  0.811329  0.547829  0.301210  0.766762  0.793962  0.654187  0.757032  0.279124  0.491085  0.521688  0.438422  0.717683  0.731635  0.639596  0.667931  0.469810  0.442696  0.518943  0.456593  0.470626  0.394512  0.427844  0.297121  0.558081  0.272433  0.154229  0.410724  0.499584  0.503533  0.479988  0.170737  0.462414  0.652364  0.430673 
6  0.663906  0.751015  0.605681  0.628041  0.632053  0.621822 0.0  0.625856  0.579610  0.696429  0.565731  0.600875  0.612737  0.557090  0.648583  0.687558  0.933834  0.610313  0.710575  0.624665  0.570825  0.576340  0.621234  0.662973  0.595281  0.548341  0.973871  0.577830  0.662382  0.583007  0.579714  0.651239  0.618419  0.608484  0.657428  0.671250  0.583820  0.645815  0.654594  0.657461  0.631549  0.604707  0.677247  0.489592  0.687426  0.546773  0.707046  0.688407  0.696716  0.574543  0.525315  0.633809  0.603533  0.707786  0.636297  0.696751  0.547672  0.699090  0.592766  0.664864  0.627704  0.502522  0.650318  0.596594  0.598776  0.578116  0.302425  0.556451  0.656625  0.279307  0.561212  0.656757  0.594945  0.623387  0.441417  0.582905  0.582581  0.711964  0.697192  0.742282  0.581884  0.633109  0.471615  0.555986  0.676522  0.593899  0.613214  0.686153  0.770765 
7  0.211141  0.655284  0.551107  0.210945  0.625008  0.850504  0.625856 0.0  0.731668  0.834095  0.600992  0.631264  0.727585  0.880442  0.344700  0.757046  0.687591  0.785264  0.435172  0.296954  0.634717  0.756954  0.647028  0.507436  0.786317  0.813363  0.801694  0.732839  0.617961  0.688706  0.395793  0.514512  0.600091  0.844359  0.790404  0.696126  0.885620  0.756045  0.554746  0.583203  0.547032  0.610365  0.726986  0.711049  0.078412  0.811949  0.675160  0.757942  0.218952  0.804019  0.634200  0.224070  0.078412  0.828241  0.775639  0.764746  0.658371  0.756991  0.216171  0.194661  0.402544  0.788830  0.721509  0.757264  0.697142  0.832777  0.642687  0.154295  0.653910  0.719091  0.827514  0.701068  0.685235  0.919594  0.495205  0.669945  0.635219  0.620946  0.820068  0.866257  0.787498  0.639934  0.742167  0.740566  0.726023  0.749063  0.790737  0.787995  0.710389 
8  0.776375  0.078412  0.660378  0.714230  0.668371  0.798741  0.579610  0.731668 0.0  0.607929  0.665261  0.814755  0.287649  0.664965  0.740742  0.664532  0.779535  0.608838  0.681102  0.656415  0.632813  0.783861  0.627947  0.709734  0.709449  0.697561  0.836572  0.703631  0.763690  0.209181  0.724880  0.626830  0.650916  0.688278  0.676683  0.726068  0.656859  0.694198  0.701966  0.506652  0.602769  0.695722  0.799086  0.199739  0.690896  0.211203  0.708274  0.211091  0.701219  0.693268  0.655635  0.725693  0.820070  0.800856  0.687982  0.354321  0.712938  0.738767  0.812539  0.789026  0.653922  0.207344  0.704662  0.658387  0.643947  0.631805  0.684599  0.600721  0.620626  0.678013  0.690947  0.772254  0.714160  0.762233  0.424036  0.592712  0.720968  0.622892  0.773512  0.696451  0.753891  0.863137  0.625753  0.854114  0.767222  0.756582  0.570170  0.213062  0.671001 
9  0.800984  0.824433  0.689044  0.836165  0.613586  0.496764  0.696429  0.834095  0.607929 0.0  0.625193  0.154770  0.673789  0.258719  0.833330  0.493852  0.718681  0.505768  0.722060  0.623959  0.577314  0.266060  0.606864  0.874351  0.305401  0.259531  0.819392  0.339808  0.168627  0.643870  0.755113  0.776582  0.613598  0.159718  0.398029  0.501057  0.288802  0.171539  0.731620  0.480618  0.658156  0.612607  0.078412  0.659215  0.829112  0.775307  0.637153  0.653364  0.846165  0.504502  0.630603  0.803536  0.718501  0.755324  0.307874  0.706822  0.626026  0.470260  0.797285  0.766193  0.690078  0.729086  0.507733  0.290043  0.078412  0.305312  0.595869  0.893817  0.595821  0.585883  0.133343  0.146521  0.167153  0.268769  0.464158  0.157287  0.147023  0.078412  0.311565  0.472467  0.428086  0.155039  0.157998  0.303009  0.161343  0.379100  0.339663  0.767541  0.299279 
10  0.640483  0.617201  0.306784  0.727616  0.078412  0.581804  0.565731  0.600992  0.665261  0.625193 0.0  0.560385  0.690643  0.670763  0.665900  0.539253  0.795722  0.662014  0.591478  0.714734  0.302247  0.738989  0.078412  0.635501  0.691600  0.588642  0.813031  0.599433  0.691393  0.609754  0.643094  0.700034  0.613971  0.689424  0.656772  0.524224  0.517608  0.655381  0.554396  0.682567  0.684155  0.621324  0.608761  0.714997  0.574908  0.595594  0.321299  0.586088  0.566792  0.655779  0.302355  0.545909  0.761806  0.631714  0.755681  0.745656  0.078412  0.691340  0.649424  0.594347  0.742350  0.667297  0.645413  0.637439  0.644615  0.634999  0.588051  0.685592  0.287265  0.597328  0.614793  0.597652  0.660785  0.622733  0.381806  0.584186  0.655711  0.601551  0.597464  0.610402  0.592994  0.532942  0.495791  0.640811  0.657718  0.626248  0.569448  0.690760  0.733568 
11  0.659857  0.670085  0.754856  0.773932  0.600895  0.407203  0.600875  0.631264  0.814755  0.154770  0.560385 0.0  0.638530  0.261254  0.694926  0.445631  0.785463  0.449649  0.568183  0.642325  0.637443  0.288487  0.571133  0.864492  0.255141  0.340321  0.868901  0.425018  0.078412  0.620162  0.696048  0.859389  0.567072  0.165803  0.480450  0.485099  0.285487  0.151615  0.709401  0.582622  0.596979  0.626149  0.165274  0.813731  0.691155  0.681076  0.577790  0.653076  0.717039  0.511503  0.584213  0.838245  0.787963  0.772332  0.277232  0.726588  0.618157  0.463450  0.687620  0.690235  0.643720  0.676816  0.461590  0.261342  0.158397  0.269295  0.530143  0.824734  0.628957  0.649184  0.078412  0.078412  0.078412  0.307651  0.472851  0.078412  0.078412  0.078412  0.345577  0.468654  0.497902  0.078412  0.078412  0.270671  0.135358  0.464932  0.287295  0.693802  0.268712 
12  0.600170  0.288399  0.571812  0.690400  0.701775  0.591744  0.612737  0.727585  0.287649  0.673789  0.690643  0.638530 0.0  0.793318  0.792415  0.595637  0.746420  0.751488  0.583989  0.629681  0.637573  0.689447  0.585138  0.723581  0.763847  0.755713  0.865731  0.720950  0.707261  0.462422  0.716953  0.647987  0.596799  0.602161  0.734345  0.670792  0.727566  0.748704  0.687906  0.605346  0.666178  0.690890  0.706155  0.468432  0.566798  0.472541  0.617361  0.417918  0.705375  0.731972  0.540839  0.674952  0.735265  0.772594  0.799123  0.242391  0.712309  0.730742  0.803895  0.857459  0.688611  0.469386  0.864012  0.803029  0.673206  0.641168  0.576251  0.669580  0.672919  0.653402  0.630062  0.893482  0.765783  0.675124  0.470418  0.773960  0.830657  0.687171  0.809017  0.656258  0.765112  0.570193  0.653935  0.711954  0.801392  0.714012  0.827824  0.460307  0.718349 
13  0.681383  0.782949  0.661753  0.718331  0.649153  0.435046  0.557090  0.880442  0.664965  0.258719  0.670763  0.261254  0.793318 0.0  0.632109  0.524820  0.851245  0.491740  0.719962  0.757791  0.519907  0.078412  0.559918  0.758670  0.148350  0.243341  0.799683  0.492276  0.299588  0.832185  0.674440  0.776538  0.696611  0.286310  0.505949  0.451283  0.156128  0.245841  0.908230  0.492836  0.622193  0.546138  0.335682  0.811697  0.751039  0.781984  0.564499  0.779253  0.706139  0.531364  0.529032  0.735173  0.873045  0.745802  0.170684  0.694053  0.648000  0.461015  0.641201  0.728944  0.695354  0.798042  0.469219  0.167663  0.319599  0.173839  0.617969  0.881816  0.542683  0.713202  0.278328  0.255373  0.308152  0.295546  0.441516  0.305586  0.311402  0.078412  0.319904  0.398539  0.461513  0.323533  0.254892  0.158429  0.301673  0.458910  0.155235  0.762830  0.168188 
14  0.422839  0.706572  0.665309  0.397799  0.668250  0.771179  0.648583  0.344700  0.740742  0.833330  0.665900  0.694926  0.792415  0.632109 0.0  0.680517  0.861154  0.747835  0.208816  0.293402  0.560077  0.835239  0.572293  0.219565  0.815299  0.724915  0.737948  0.722786  0.673179  0.668730  0.361840  0.206098  0.653959  0.718410  0.798901  0.811585  0.671938  0.704341  0.199277  0.649071  0.617060  0.590785  0.666140  0.710429  0.383648  0.681204  0.615722  0.749513  0.360526  0.750064  0.580239  0.384061  0.399672  1.000000  0.693467  0.681659  0.686616  0.710117  0.331386  0.428202  0.078412  0.760703  0.701931  0.784536  0.748162  0.644859  0.641381  0.370003  0.617084  0.587951  0.660005  0.764462  0.736618  0.837502  0.435056  0.803873  0.659214  0.741238  0.709495  0.653440  0.788130  0.681215  0.684034  0.664766  0.700040  0.718446  0.742304  0.653507  0.732666 
15  0.661133  0.672232  0.637956  0.749431  0.642386  0.078412  0.687558  0.757046  0.664532  0.493852  0.539253  0.445631  0.595637  0.524820  0.680517 0.0  0.803820  0.299852  0.625972  0.614921  0.669804  0.469988  0.596329  0.644309  0.480156  0.479453  0.854996  0.150745  0.467147  0.680980  0.698412  0.828998  0.713339  0.413858  0.162560  0.300234  0.424016  0.455940  0.838198  0.669523  0.535953  0.578360  0.408446  0.646794  0.680209  0.761865  0.716913  0.710570  0.670226  0.305909  0.608737  0.660081  0.738993  0.720349  0.474094  0.848052  0.600795  0.278677  0.767818  0.629806  0.747383  0.636022  0.212730  0.464217  0.504527  0.437781  0.571111  0.755585  0.537050  0.564151  0.453359  0.492318  0.453512  0.450009  0.468541  0.513382  0.427587  0.341016  0.513180  0.311017  0.166463  0.503403  0.391774  0.438962  0.459343  0.166914  0.447875  0.658432  0.437289 
16  0.816692  0.883184  0.893481  0.861439  0.615283  0.846200  0.933834  0.687591  0.779535  0.718681  0.795722  0.785463  0.746420  0.851245  0.861154  0.803820 0.0  0.748559  0.783189  0.868963  0.760676  0.801005  0.762982  0.935145  0.834853  0.860721  0.078412  0.891551  0.976337  0.813557  0.754435  0.737841  0.770406  0.719125  0.834543  0.849673  0.818886  0.847584  0.897266  0.732223  0.971027  0.712827  0.875706  0.862931  0.875165  0.832200  0.805031  0.804367  0.860246  0.863132  0.832494  0.859539  0.746996  0.078412  0.937148  0.802718  0.787735  0.837449  0.849719  0.927580  0.905019  0.812148  0.749229  0.783617  0.762330  0.737942  0.748987  0.839919  0.761939  0.841603  0.672061  0.857042  0.926006  0.797355  0.869227  0.834412  0.776086  0.748045  0.818274  0.747581  0.843785  0.826869  0.806759  0.763268  0.724094  0.737925  0.820983  0.820106  0.722719 
17  0.775370  0.728619  0.716151  0.679724  0.637914  0.284102  0.610313  0.785264  0.608838  0.505768  0.662014  0.449649  0.751488  0.491740  0.747835  0.299852  0.748559 0.0  0.719512  0.651123  0.685952  0.472285  0.625116  0.701561  0.452136  0.411702  0.873749  0.303745  0.490278  0.694457  0.776577  0.720673  0.603038  0.442038  0.257493  0.145849  0.533659  0.424788  0.765743  0.699899  0.606969  0.628993  0.460290  0.781672  0.988588  0.680448  0.682042  0.689467  0.709115  0.159611  0.606310  0.720498  0.706968  0.819136  0.494748  0.603323  0.680025  0.164978  0.688453  0.762966  0.758412  0.769393  0.150788  0.412086  0.428709  0.468785  0.695241  0.779134  0.648194  0.576859  0.452678  0.416062  0.554861  0.472208  0.438818  0.458850  0.551061  0.313009  0.468583  0.144853  0.290637  0.439887  0.525551  0.461529  0.351470  0.301924  0.440136  0.717618  0.474099 
18  0.425555  0.609466  0.587960  0.395801  0.588949  0.716025  0.710575  0.435172  0.681102  0.722060  0.591478  0.568183  0.583989  0.719962  0.208816  0.625972  0.783189  0.719512 0.0  0.293489  0.714483  0.705821  0.581521  0.078412  0.730770  0.665658  0.885031  0.722602  0.760831  0.714667  0.422603  0.078412  0.572690  0.685719  0.735526  0.776654  0.728943  0.694435  0.078412  0.671963  0.551957  0.702653  0.691277  0.692267  0.403854  0.775791  0.605557  0.737331  0.393124  0.732021  0.626035  0.350363  0.440057  0.789266  0.685241  0.834700  0.599008  0.590936  0.338550  0.415416  0.223818  0.749925  0.751776  0.715858  0.795816  0.729730  0.642596  0.340327  0.552586  0.635797  0.831282  0.687733  0.718400  0.619621  0.518437  0.832220  0.694139  0.587459  0.757514  0.810852  0.756009  0.682884  0.689061  0.725793  0.740446  0.621287  0.767764  0.673476  0.716574 
19  0.295371  0.606885  0.579973  0.303744  0.646116  0.624172  0.624665  0.296954  0.656415  0.623959  0.714734  0.642325  0.629681  0.757791  0.293402  0.614921  0.868963  0.651123  0.293489 0.0  0.631333  0.609125  0.639946  0.316413  0.615818  0.566472  0.795877  0.698278  0.742209  0.589379  0.327542  0.280730  0.688710  0.659997  0.687450  0.659045  0.586651  0.649045  0.300399  0.693914  0.716555  0.711038  0.628743  0.669709  0.303813  0.589100  0.658598  0.570325  0.317465  0.588370  0.644256  0.306346  0.252262  0.771278  0.619391  0.572907  0.643666  0.720830  0.319665  0.278046  0.299994  0.552780  0.763562  0.592483  0.619800  0.602369  0.479532  0.263587  0.676596  0.599786  0.665068  0.604365  0.629453  0.534588  0.446411  0.571943  0.706467  0.636434  0.594576  0.574548  0.685275  0.607509  0.641050  0.540122  0.612944  0.680559  0.545469  0.621542  0.637336 
20  0.689869  0.671619  0.249917  0.503709  0.324155  0.577544  0.570825  0.634717  0.632813  0.577314  0.302247  0.637443  0.637573  0.519907  0.560077  0.669804  0.760676  0.685952  0.714483  0.631333 0.0  0.687745  0.268843  0.582615  0.632915  0.712550  0.829063  0.607684  0.683805  0.563429  0.649455  0.641635  0.664850  0.684609  0.682430  0.605089  0.636859  0.664189  0.598575  0.542077  0.642267  0.582983  0.667445  0.572857  0.618657  0.653602  0.306144  0.530242  0.647839  0.616836  0.312807  0.623882  0.624011  0.916217  0.689607  0.555090  0.297529  0.706241  0.681984  0.701185  0.599942  0.573391  0.605712  0.614468  0.537870  0.568717  0.722780  0.648810  0.320182  0.668341  0.616136  0.636793  0.665237  0.607345  0.522020  0.581600  0.627962  0.629166  0.644937  0.643714  0.584326  0.619057  0.520490  0.638319  0.669311  0.625636  0.665972  0.623680  0.645509 
21  0.824143  0.805055  0.630215  0.739725  0.582199  0.447632  0.576340  0.756954  0.783861  0.266060  0.738989  0.288487  0.689447  0.078412  0.835239  0.469988  0.801005  0.472285  0.705821  0.609125  0.687745 0.0  0.632340  0.748731  0.156575  0.303816  0.766569  0.499090  0.259765  0.769962  0.723093  0.774745  0.577882  0.269780  0.486794  0.496105  0.149875  0.299719  0.906855  0.616945  0.599323  0.609518  0.290369  0.826144  0.733344  0.570325  0.600576  0.730814  0.763637  0.448470  0.637352  0.659600  0.707815  0.702889  0.163379  0.711728  0.685343  0.497885  0.679557  0.808095  0.690690  0.691941  0.555255  0.164062  0.311431  0.163755  0.674985  0.839443  0.714026  0.676600  0.288215  0.248675  0.284877  0.277737  0.477939  0.260017  0.277573  0.078412  0.253947  0.508922  0.581085  0.289922  0.285546  0.161892  0.296851  0.464812  0.167010  0.717345  0.150632 
22  0.578541  0.622805  0.320757  0.601162  0.078412  0.739056  0.621234  0.647028  0.627947  0.606864  0.078412  0.571133  0.585138  0.559918  0.572293  0.596329  0.762982  0.625116  0.581521  0.639946  0.268843  0.632340 0.0  0.585615  0.676986  0.589906  0.717766  0.567369  0.653348  0.655137  0.605945  0.584324  0.557689  0.659844  0.638803  0.576464  0.667550  0.644493  0.656301  0.564591  0.731687  0.579940  0.727666  0.736759  0.650805  0.603876  0.311206  0.694287  0.639502  0.517896  0.279563  0.560786  0.559260  0.786332  0.576479  0.648484  0.078412  0.577657  0.731702  0.603292  0.601685  0.530646  0.619253  0.645758  0.580302  0.626430  0.533963  0.719599  0.305531  0.654575  0.738826  0.690162  0.634482  0.544375  0.484606  0.557539  0.629047  0.602897  0.689206  0.706814  0.650091  0.723126  0.629621  0.570689  0.674773  0.585376  0.683641  0.595999  0.579438 
23  0.406460  0.692758  0.569202  0.465113  0.736791  0.781364  0.662973  0.507436  0.709734  0.874351  0.635501  0.864492  0.723581  0.758670  0.219565  0.644309  0.935145  0.701561  0.078412  0.316413  0.582615  0.748731  0.585615 0.0  0.699085  0.801272  0.868573  0.698666  0.822606  0.753425  0.399248  0.132135  0.662354  0.813077  0.791397  0.799537  0.784308  0.740288  0.131608  0.570383  0.622182  0.691126  0.772119  0.765994  0.405508  0.763954  0.569795  0.777928  0.400589  0.759513  0.651975  0.373173  0.453007  0.807418  0.674323  0.618820  0.586246  0.801719  0.388014  0.444064  0.187003  0.712597  0.766245  0.878397  0.797704  0.678019  0.662039  0.515761  0.643657  0.703365  0.755279  0.843198  0.696755  0.800131  0.444442  0.820420  0.706040  0.639426  0.874683  0.701123  0.693530  0.902275  0.808019  0.852494  0.816625  0.832064  0.739236  0.817428  0.710301 
24  0.688837  0.733958  0.618448  0.703864  0.585720  0.511242  0.595281  0.786317  0.709449  0.305401  0.691600  0.255141  0.763847  0.148350  0.815299  0.480156  0.834853  0.452136  0.730770  0.615818  0.632915  0.156575  0.676986  0.699085 0.0  0.274086  0.826518  0.469557  0.249740  0.723032  0.803504  0.724669  0.675083  0.287228  0.451159  0.459363  0.078412  0.275840  0.806565  0.619041  0.668013  0.625861  0.313881  0.843881  0.788051  0.763834  0.745837  0.733109  0.772133  0.480400  0.572456  0.680058  0.678312  0.735699  0.078412  0.731495  0.726860  0.511649  0.637159  0.693664  0.845094  0.638980  0.455370  0.078412  0.279659  0.078412  0.634352  0.795508  0.646102  0.620829  0.275083  0.294685  0.289990  0.294226  0.448713  0.269945  0.298115  0.078412  0.271033  0.501938  0.404597  0.284270  0.282728  0.078412  0.260945  0.436765  0.078412  0.684069  0.078412 
25  0.744908  0.608773  0.690300  0.738834  0.566144  0.427134  0.548341  0.813363  0.697561  0.259531  0.588642  0.340321  0.755713  0.243341  0.724915  0.479453  0.860721  0.411702  0.665658  0.566472  0.712550  0.303816  0.589906  0.801272  0.274086 0.0  0.790606  0.497187  0.267472  0.746661  0.724362  0.696722  0.602226  0.303615  0.469921  0.544048  0.307867  0.259651  0.829323  0.637149  0.760060  0.669847  0.286548  0.745682  0.769359  0.727407  0.561731  0.818431  0.696481  0.577974  0.631540  0.619079  0.829434  0.909505  0.286243  0.742330  0.607133  0.474674  0.760026  0.634491  0.830121  0.695436  0.473382  0.287557  0.281829  0.281539  0.613967  0.742583  0.678195  0.662846  0.264694  0.313612  0.290253  0.129062  0.496533  0.314592  0.329301  0.078412  0.078412  0.493107  0.513669  0.285327  0.315144  0.271499  0.335359  0.533650  0.279732  0.722155  0.275468 
26  0.746188  0.789155  0.765772  0.781045  0.781263  0.821265  0.973871  0.801694  0.836572  0.819392  0.813031  0.868901  0.865731  0.799683  0.737948  0.854996  0.078412  0.873749  0.885031  0.795877  0.829063  0.766569  0.717766  0.868573  0.826518  0.790606 0.0  0.777668  0.789642  0.800804  0.930593  0.818095  0.848610  0.813270  0.797833  0.876666  0.804019  0.820254  0.735459  0.761946  0.794142  0.702547  0.956834  0.865654  0.876309  0.820048  0.771167  0.842801  0.829674  0.892207  0.834960  0.814988  0.753429  0.078412  0.840787  0.901868  0.823637  0.736252  0.758810  0.810863  0.785400  0.877212  0.882833  0.872030  0.924189  0.810530  0.871445  0.894668  0.733757  0.782002  0.837306  0.757594  0.812662  0.903522  0.695695  0.827264  0.774616  0.755416  0.734978  0.792411  0.915093  0.917548  0.855792  0.738793  0.935300  0.692532  0.713282  0.787410  0.750255 
27  0.643757  0.654054  0.662615  0.678321  0.725416  0.161748  0.577830  0.732839  0.703631  0.339808  0.599433  0.425018  0.720950  0.492276  0.722786  0.150745  0.891551  0.303745  0.722602  0.698278  0.607684  0.499090  0.567369  0.698666  0.469557  0.497187  0.777668 0.0  0.466828  0.855420  0.633258  0.752740  0.606119  0.489376  0.078412  0.279989  0.459990  0.494135  0.732350  0.641974  0.572629  0.649207  0.435515  0.720165  0.780782  0.723909  0.638153  0.831807  0.722156  0.261470  0.620939  0.676171  0.763974  0.794438  0.431485  0.769490  0.600838  0.281233  0.751965  0.695507  0.744436  0.848031  0.307163  0.521628  0.461588  0.484624  0.763410  0.789725  0.566169  0.617490  0.462980  0.452831  0.516664  0.491202  0.454944  0.457676  0.526020  0.274335  0.469043  0.300833  0.078412  0.485051  0.482348  0.493560  0.433665  0.078412  0.513397  0.742662  0.522836 
28  0.602737  0.693266  0.625228  0.780051  0.720612  0.436906  0.662382  0.617961  0.763690  0.168627  0.691393  0.078412  0.707261  0.299588  0.673179  0.467147  0.976337  0.490278  0.760831  0.742209  0.683805  0.259765  0.653348  0.822606  0.249740  0.267472  0.789642  0.466828 0.0  0.732651  0.833572  0.677738  0.701436  0.155573  0.395273  0.506001  0.270965  0.159044  0.959939  0.743666  0.621482  0.534650  0.165691  0.815356  0.778774  0.736739  0.695506  0.784772  0.647775  0.428827  0.617715  0.664971  0.697942  0.730630  0.284732  0.737304  0.634649  0.572203  0.769567  0.700385  0.776814  0.786546  0.479851  0.290547  0.160393  0.299928  0.667053  0.697218  0.637486  0.738564  0.078412  0.078412  0.078412  0.271761  0.505947  0.078412  0.078412  0.078412  0.305358  0.489940  0.468047  0.078412  0.078412  0.295828  0.078412  0.449534  0.278488  0.677235  0.283439 
29  0.813435  0.219545  0.647272  0.728711  0.559179  0.767733  0.583007  0.688706  0.209181  0.643870  0.609754  0.620162  0.462422  0.832185  0.668730  0.680980  0.813557  0.694457  0.714667  0.589379  0.563429  0.769962  0.655137  0.753425  0.723032  0.746661  0.800804  0.855420  0.732651 0.0  0.617754  0.758803  0.680879  0.628697  0.802396  0.731885  0.783423  0.765524  0.742963  0.638257  0.640666  0.653380  0.826473  0.078412  0.707255  0.078412  0.686264  0.078412  0.728608  0.770068  0.580105  0.707420  0.752370  0.783036  0.729184  0.386064  0.689233  0.805297  0.682791  0.677248  0.779856  0.078412  0.681870  0.622103  0.752844  0.721846  0.717102  0.706788  0.541359  0.646994  0.661621  0.723116  0.551062  0.845216  0.440849  0.686651  0.760137  0.684463  0.670931  0.688460  0.612664  0.698069  0.772090  0.721632  0.723065  0.742010  0.805983  0.221168  0.659694 
30  0.403348  0.780933  0.598016  0.422091  0.704057  0.713820  0.579714  0.395793  0.724880  0.755113  0.643094  0.696048  0.716953  0.674440  0.361840  0.698412  0.754435  0.776577  0.422603  0.327542  0.649455  0.723093  0.605945  0.399248  0.803504  0.724362  0.930593  0.633258  0.833572  0.617754 0.0  0.349075  0.585224  0.835595  0.759787  0.735204  0.708149  0.747341  0.427192  0.660653  0.556949  0.666541  0.763519  0.712717  0.417310  0.620773  0.720570  0.902305  0.417489  0.663824  0.542601  0.444496  0.416117  0.824527  0.776121  0.676431  0.581914  0.644132  0.440743  0.425013  0.435440  0.704249  0.832500  0.641043  0.710200  0.701189  0.661106  0.386834  0.663859  0.645628  0.713822  0.716067  0.708764  0.696621  0.451344  0.675458  0.798862  0.724430  0.688473  0.858961  0.750378  0.749120  0.769611  0.667546  0.617927  0.717130  0.768789  0.795119  0.685534 
31  0.399815  0.736878  0.674937  0.436193  0.615457  0.645064  0.651239  0.514512  0.626830  0.776582  0.700034  0.859389  0.647987  0.776538  0.206098  0.828998  0.737841  0.720673  0.078412  0.280730  0.641635  0.774745  0.584324  0.132135  0.724669  0.696722  0.818095  0.752740  0.677738  0.758803  0.349075 0.0  0.527998  0.661159  0.695797  0.888234  0.834492  0.695818  0.078412  0.724012  0.751561  0.706897  0.848215  0.833314  0.446042  0.843970  0.630805  0.751449  0.400900  0.800653  0.639199  0.486960  0.490044  0.746902  0.842547  0.678431  0.602179  0.789515  0.353441  0.375188  0.234315  0.680777  0.849049  0.663240  0.735602  0.812136  0.612617  0.491259  0.582145  0.538451  0.865282  0.879861  0.785744  0.861731  0.440469  0.667961  0.829558  0.688136  0.888898  0.795562  0.959911  0.859429  0.841118  0.843730  0.643881  0.724954  0.747245  0.796678  0.718082 
32  0.624576  0.596823  0.560599  0.570690  0.688271  0.561001  0.618419  0.600091  0.650916  0.613598  0.613971  0.567072  0.596799  0.696611  0.653959  0.713339  0.770406  0.603038  0.572690  0.688710  0.664850  0.577882  0.557689  0.662354  0.675083  0.602226  0.848610  0.606119  0.701436  0.680879  0.585224  0.527998 0.0  0.620084  0.585195  0.543840  0.619460  0.660762  0.646088  0.276714  0.293577  0.078412  0.602034  0.617557  0.569039  0.571859  0.643696  0.638978  0.639482  0.691659  0.654027  0.689503  0.706647  0.881440  0.664162  0.583145  0.681049  0.713276  0.628673  0.593265  0.592715  0.647410  0.567699  0.463074  0.576104  0.674185  0.657017  0.613358  0.713786  0.667910  0.629078  0.684968  0.569152  0.612004  0.469444  0.624673  0.645891  0.708298  0.686446  0.591138  0.629771  0.559796  0.716609  0.571915  0.625101  0.720296  0.540644  0.714127  0.720972 
33  0.785427  0.703082  0.634886  0.815242  0.631326  0.417284  0.608484  0.844359  0.688278  0.159718  0.689424  0.165803  0.602161  0.286310  0.718410  0.413858  0.719125  0.442038  0.685719  0.659997  0.684609  0.269780  0.659844  0.813077  0.287228  0.303615  0.813270  0.489376  0.155573  0.628697  0.835595  0.661159  0.620084 0.0  0.471828  0.415291  0.313253  0.078412  0.905853  0.746668  0.563379  0.560831  0.177704  0.791049  0.763864  0.675336  0.570523  0.620129  0.753498  0.447012  0.657637  0.699592  0.673504  0.709001  0.296455  0.781451  0.571088  0.451600  0.741791  0.818500  0.780302  0.711618  0.459390  0.297159  0.162711  0.261822  0.616915  0.800276  0.672039  0.615862  0.170057  0.148043  0.153322  0.274144  0.459761  0.165934  0.145241  0.078412  0.234243  0.477312  0.466433  0.165426  0.158098  0.276583  0.166084  0.512268  0.269534  0.701785  0.310864 
34  0.781220  0.777741  0.576661  0.707761  0.494348  0.172842  0.657428  0.790404  0.676683  0.398029  0.656772  0.480450  0.734345  0.505949  0.798901  0.162560  0.834543  0.257493  0.735526  0.687450  0.682430  0.486794  0.638803  0.791397  0.451159  0.469921  0.797833  0.078412  0.395273  0.802396  0.759787  0.695797  0.585195  0.471828 0.0  0.266801  0.478330  0.458428  0.817705  0.545683  0.558487  0.701046  0.392666  0.627962  0.851435  0.845670  0.609366  0.698967  0.731934  0.271313  0.676705  0.673776  0.816071  0.827137  0.495902  0.642561  0.591310  0.279342  0.780016  0.681250  0.735890  0.795674  0.297186  0.460304  0.427447  0.470725  0.692187  0.803973  0.611202  0.563573  0.517347  0.477539  0.457411  0.563900  0.471815  0.468089  0.430916  0.299636  0.441442  0.262985  0.078412  0.533050  0.461034  0.484608  0.496110  0.078412  0.437946  0.794385  0.476725 
35  0.714190  0.825070  0.642300  0.688656  0.672440  0.249938  0.671250  0.696126  0.726068  0.501057  0.524224  0.485099  0.670792  0.451283  0.811585  0.300234  0.849673  0.145849  0.776654  0.659045  0.605089  0.496105  0.576464  0.799537  0.459363  0.544048  0.876666  0.279989  0.506001  0.731885  0.735204  0.888234  0.543840  0.415291  0.266801 0.0  0.491617  0.456687  0.752728  0.673715  0.723679  0.569425  0.505756  0.782519  0.716237  0.760022  0.642238  0.693069  0.711333  0.128762  0.632097  0.716862  0.852095  0.888035  0.494944  0.762287  0.784887  0.162319  0.739582  0.882671  0.632440  0.643071  0.153483  0.480881  0.535396  0.474924  0.601272  0.763005  0.683686  0.561413  0.448688  0.484253  0.466265  0.432042  0.499146  0.530614  0.499659  0.321840  0.461754  0.172908  0.269332  0.489472  0.479604  0.544378  0.513741  0.311600  0.475251  0.728187  0.415525 
36  0.629532  0.739664  0.604460  0.734968  0.678078  0.484682  0.583820  0.885620  0.656859  0.288802  0.517608  0.285487  0.727566  0.156128  0.671938  0.424016  0.818886  0.533659  0.728943  0.586651  0.636859  0.149875  0.667550  0.784308  0.078412  0.307867  0.804019  0.459990  0.270965  0.783423  0.708149  0.834492  0.619460  0.313253  0.478330  0.491617 0.0  0.308883  0.923808  0.759574  0.668031  0.645437  0.286511  0.740483  0.705469  0.769887  0.638884  0.743635  0.757555  0.403159  0.654403  0.589233  0.864307  0.722360  0.078412  0.620055  0.664803  0.459827  0.622051  0.779286  0.756010  0.735010  0.493861  0.078412  0.282968  0.078412  0.612030  0.690471  0.682571  0.588836  0.303938  0.276908  0.279982  0.308616  0.458109  0.309164  0.301621  0.078412  0.264383  0.507053  0.508901  0.283674  0.282221  0.078412  0.267870  0.494405  0.078412  0.706571  0.078412 
37  0.913885  0.776013  0.575993  0.724402  0.644807  0.545436  0.645815  0.756045  0.694198  0.171539  0.655381  0.151615  0.748704  0.245841  0.704341  0.455940  0.847584  0.424788  0.694435  0.649045  0.664189  0.299719  0.644493  0.740288  0.275840  0.259651  0.820254  0.494135  0.159044  0.765524  0.747341  0.695818  0.660762  0.078412  0.458428  0.456687  0.308883 0.0  0.870323  0.649161  0.689234  0.627178  0.157094  0.683981  0.874357  0.760950  0.611201  0.676959  0.711267  0.441437  0.595258  0.709653  0.795605  0.866984  0.314421  0.781469  0.567235  0.501143  0.785532  0.702493  0.731657  0.632884  0.533394  0.283108  0.149806  0.312120  0.682483  0.921077  0.622686  0.613960  0.153371  0.150416  0.155463  0.252552  0.524999  0.161875  0.153034  0.078412  0.260501  0.503515  0.460740  0.158539  0.155444  0.322756  0.148909  0.464023  0.272618  0.796948  0.263896 
38  0.431350  0.772775  0.542824  0.408944  0.670353  0.735480  0.654594  0.554746  0.701966  0.731620  0.554396  0.709401  0.687906  0.908230  0.199277  0.838198  0.897266  0.765743  0.078412  0.300399  0.598575  0.906855  0.656301  0.131608  0.806565  0.829323  0.735459  0.732350  0.959939  0.742963  0.427192  0.078412  0.646088  0.905853  0.817705  0.752728  0.923808  0.870323 0.0  0.714197  0.666199  0.610887  0.803490  0.773745  0.552308  0.744633  0.602294  0.765781  0.446027  0.835715  0.653308  0.394410  0.496605  0.805751  0.779374  0.708040  0.653359  0.799917  0.374754  0.454167  0.220974  0.769420  0.748969  0.723043  0.822021  0.750352  0.758291  0.486598  0.660815  0.595177  0.707834  0.845164  0.795651  0.800111  0.428084  0.695965  0.773179  0.646155  0.813447  0.870763  0.857625  0.731901  0.829716  0.830901  0.802795  0.783114  0.874032  0.682873  0.810677 
39  0.694407  0.555919  0.635498  0.745986  0.624008  0.742413  0.657461  0.583203  0.506652  0.480618  0.682567  0.582622  0.605346  0.492836  0.649071  0.669523  0.732223  0.699899  0.671963  0.693914  0.542077  0.616945  0.564591  0.570383  0.619041  0.637149  0.761946  0.641974  0.743666  0.638257  0.660653  0.724012  0.276714  0.746668  0.545683  0.673715  0.759574  0.649161  0.714197 0.0  0.288114  0.337755  0.720445  0.576830  0.721603  0.549805  0.636243  0.651809  0.656110  0.592039  0.547151  0.612052  0.627247  0.880177  0.610865  0.688569  0.603277  0.621267  0.531219  0.651742  0.633540  0.644151  0.637073  0.569003  0.565915  0.576479  0.576492  0.665464  0.571512  0.698977  0.592181  0.664280  0.678470  0.513906  0.413068  0.617687  0.612538  0.624419  0.584326  0.604105  0.744604  0.761970  0.503838  0.624480  0.647243  0.554220  0.662192  0.560885  0.625065 
40  0.686294  0.567892  0.695175  0.670234  0.674107  0.582484  0.631549  0.547032  0.602769  0.658156  0.684155  0.596979  0.666178  0.622193  0.617060  0.535953  0.971027  0.606969  0.551957  0.716555  0.642267  0.599323  0.731687  0.622182  0.668013  0.760060  0.794142  0.572629  0.621482  0.640666  0.556949  0.751561  0.293577  0.563379  0.558487  0.723679  0.668031  0.689234  0.666199  0.288114 0.0  0.314978  0.574961  0.639819  0.670937  0.669907  0.665901  0.603011  0.681914  0.726956  0.561583  0.625287  0.560517  0.810800  0.551244  0.659007  0.763828  0.622707  0.707786  0.603424  0.617298  0.609900  0.530974  0.647390  0.648759  0.576420  0.641542  0.645990  0.660976  0.710252  0.590717  0.729756  0.579232  0.631654  0.441213  0.538302  0.567352  0.599992  0.669725  0.568316  0.661623  0.651998  0.640119  0.682382  0.642057  0.685153  0.656164  0.677864  0.667699 
41  0.574340  0.660893  0.462777  0.599811  0.704391  0.657298  0.604707  0.610365  0.695722  0.612607  0.621324  0.626149  0.690890  0.546138  0.590785  0.578360  0.712827  0.628993  0.702653  0.711038  0.582983  0.609518  0.579940  0.691126  0.625861  0.669847  0.702547  0.649207  0.534650  0.653380  0.666541  0.706897  0.078412  0.560831  0.701046  0.569425  0.645437  0.627178  0.610887  0.337755  0.314978 0.0  0.613609  0.602438  0.684347  0.608807  0.703104  0.630604  0.599203  0.621239  0.604550  0.684992  0.621960  0.803307  0.580679  0.619783  0.607200  0.535650  0.618824  0.662253  0.633041  0.668178  0.719255  0.766648  0.702946  0.719843  0.656862  0.642462  0.586853  0.655373  0.676982  0.625776  0.608175  0.579805  0.464995  0.658458  0.598643  0.626280  0.717304  0.620259  0.716514  0.575699  0.621144  0.584190  0.613379  0.573469  0.635545  0.698392  0.609120 
42  0.728433  0.713202  0.605033  0.758875  0.573850  0.411753  0.677247  0.726986  0.799086  0.078412  0.608761  0.165274  0.706155  0.335682  0.666140  0.408446  0.875706  0.460290  0.691277  0.628743  0.667445  0.290369  0.727666  0.772119  0.313881  0.286548  0.956834  0.435515  0.165691  0.826473  0.763519  0.848215  0.602034  0.177704  0.392666  0.505756  0.286511  0.157094  0.803490  0.720445  0.574961  0.613609 0.0  0.714348  0.773530  0.741636  0.673870  0.710326  0.685931  0.502056  0.710581  0.695884  0.872987  0.823800  0.252797  0.708822  0.681524  0.544383  0.675755  0.676995  0.722562  0.676175  0.474778  0.286537  0.078412  0.284459  0.624473  0.738045  0.597996  0.660916  0.159499  0.163671  0.158557  0.279025  0.464815  0.152584  0.156248  0.078412  0.292319  0.395122  0.346518  0.151714  0.162063  0.278361  0.162689  0.397587  0.292123  0.778999  0.288461 
43  0.760797  0.189496  0.650760  0.667167  0.656302  0.819402  0.489592  0.711049  0.199739  0.659215  0.714997  0.813731  0.468432  0.811697  0.710429  0.646794  0.862931  0.781672  0.692267  0.669709  0.572857  0.826144  0.736759  0.765994  0.843881  0.745682  0.865654  0.720165  0.815356  0.078412  0.712717  0.833314  0.617557  0.791049  0.627962  0.782519  0.740483  0.683981  0.773745  0.576830  0.639819  0.602438  0.714348 0.0  0.718367  0.078412  0.586192  0.078412  0.710618  0.664704  0.572114  0.632270  0.598869  0.731021  0.802165  0.488095  0.524133  0.648332  0.618318  0.609847  0.593384  0.078412  0.756936  0.712069  0.775050  0.733886  0.540496  0.678931  0.578628  0.666321  0.777063  0.716412  0.658321  0.775342  0.489150  0.733056  0.690830  0.631895  0.711552  0.653641  0.692529  0.742427  0.673640  0.637948  0.847557  0.737293  0.771499  0.216349  0.634785 
44  0.206225  0.867920  0.707676  0.204184  0.716336  0.860554  0.687426  0.078412  0.690896  0.829112  0.574908  0.691155  0.566798  0.751039  0.383648  0.680209  0.875165  0.988588  0.403854  0.303813  0.618657  0.733344  0.650805  0.405508  0.788051  0.769359  0.876309  0.780782  0.778774  0.707255  0.417310  0.446042  0.569039  0.763864  0.851435  0.716237  0.705469  0.874357  0.552308  0.721603  0.670937  0.684347  0.773530  0.718367 0.0  0.683121  0.628127  0.745691  0.214490  0.714147  0.635848  0.189925  0.078412  0.752693  0.677309  0.695914  0.611565  0.764363  0.235012  0.206797  0.432257  0.735565  0.833199  0.758473  0.819687  0.801291  0.587045  0.170429  0.685102  0.674471  0.577469  0.610853  0.811547  0.941943  0.420328  0.684191  0.687050  0.671085  0.781963  0.820683  0.776044  0.656157  0.790779  0.659449  0.745057  0.766516  0.757731  0.735708  0.762689 
