89
0 0.0  0.807944  0.728374  0.269190  0.601412  0.840200  0.724198  0.336942  0.860462  0.802710  0.766577  0.756453  0.742913  0.759491  0.489407  0.783034  0.823748  0.751275  0.540919  0.313958  0.607763  0.769422  0.737847  0.551188  0.765282  0.809625  0.872909  0.802655  0.744925  0.835197  0.519294  0.495633  0.668220  0.870830  0.869162  0.859353  0.833465  0.744013  0.468295  0.718485  0.637927  0.646421  0.917713  0.773120  0.209521  0.781243  0.651768  0.795724  0.258382  0.814772  0.655349  0.234254  0.219957  0.749078  0.732850  0.835340  0.604860  0.823836  0.286249  0.091777  0.507842  0.767161  0.817130  0.838129  0.710948  0.869414  0.683878  0.344952  0.701230  0.681435  0.799365  0.814843  0.780494  0.737429  0.486449  0.857995  0.793733  0.704092  0.778917  0.813069  0.742453  0.689833  0.807049  0.833697  0.818443  0.746170  0.860963  0.768211  0.796386 
1  0.807944 0.0  0.638581  0.864582  0.658273  0.748624  0.772282  0.766380  0.202222  0.880791  0.633088  0.818158  0.281946  0.764977  0.838233  0.744889  0.838372  0.844973  0.755987  0.679087  0.815767  0.720720  0.627038  0.815083  0.768237  0.844737  0.899794  0.751477  0.793176  0.327605  0.778037  0.843586  0.633393  0.827048  0.811267  0.831704  0.832038  0.734146  0.746041  0.684023  0.657366  0.720393  0.813192  0.212816  0.732693  0.176267  0.679388  0.304364  0.695932  0.822001  0.732753  0.835541  0.729861  0.706505  0.788720  0.476766  0.571684  0.801981  0.769475  0.788555  0.739913  0.151272  0.825158  0.839189  0.918752  0.767635  0.647734  0.751645  0.723930  0.587146  0.824221  0.815128  0.763969  0.723586  0.511544  0.862802  0.877225  0.700778  0.917729  0.827267  0.842107  0.714513  0.694237  0.898992  0.874910  0.817808  0.754457  0.271069  0.753976 
2  0.728374  0.638581 0.0  0.612402  0.363978  0.585254  0.598988  0.816653  0.565458  0.642808  0.309665  0.673978  0.594660  0.741663  0.685601  0.766371  0.766875  0.611735  0.671846  0.655734  0.312245  0.686544  0.325365  0.748955  0.615005  0.633052  0.803000  0.670652  0.689969  0.805257  0.638098  0.656755  0.687997  0.673111  0.669069  0.749130  0.602577  0.613201  0.699873  0.658853  0.635869  0.638987  0.750026  0.674721  0.585763  0.664544  0.324097  0.767318  0.733685  0.716977  0.460496  0.672003  0.628996  0.741778  0.652978  0.611309  0.359157  0.696885  0.706760  0.638889  0.734299  0.804745  0.688293  0.656125  0.698398  0.711977  0.658246  0.736102  0.091777  0.712724  0.596097  0.645105  0.699806  0.684934  0.586240  0.666448  0.782611  0.833950  0.700415  0.630707  0.781824  0.739673  0.661156  0.712272  0.682381  0.631943  0.665492  0.734116  0.655773 
3  0.269190  0.864582  0.612402 0.0  0.655826  0.834950  0.688899  0.281057  0.825322  0.818562  0.650222  0.815400  0.759807  0.776840  0.421134  0.689356  0.851307  0.729528  0.486085  0.333800  0.661415  0.820967  0.609926  0.419561  0.767096  0.742343  0.750879  0.703928  0.788228  0.711628  0.522237  0.445853  0.650779  0.812256  0.863763  0.671835  0.732341  0.740721  0.467218  0.724252  0.710536  0.726001  0.780458  0.751656  0.286233  0.704550  0.682217  0.798002  0.109726  0.880079  0.635469  0.225811  0.250219  0.800277  0.792175  0.750200  0.745557  0.761457  0.222488  0.221205  0.461430  0.749619  0.793280  0.828640  0.746085  0.767438  0.770606  0.193210  0.745026  0.671062  0.740352  0.731538  0.705520  0.750356  0.474996  0.825097  0.760563  0.707210  0.858411  0.793641  0.777277  0.743203  0.797765  0.863640  0.778576  0.772439  0.896594  0.754490  0.840008 
4  0.601412  0.658273  0.363978  0.655826 0.0  0.637872  0.662794  0.694654  0.771502  0.692229  0.177167  0.742062  0.718132  0.795304  0.739002  0.644686  0.765034  0.729475  0.727318  0.702505  0.340367  0.698732  0.116095  0.640728  0.770539  0.658586  0.845067  0.689311  0.678504  0.658403  0.628439  0.684798  0.744285  0.731386  0.743680  0.786534  0.602693  0.639226  0.724423  0.708120  0.769740  0.799985  0.626450  0.701936  0.725354  0.655187  0.214738  0.725148  0.696965  0.712751  0.365545  0.662843  0.720147  0.764201  0.674769  0.742500  0.091777  0.647464  0.677772  0.701522  0.633343  0.728449  0.682112  0.533218  0.705842  0.785517  0.654456  0.716155  0.313747  0.650901  0.672755  0.695299  0.733164  0.650680  0.426023  0.651115  0.769834  0.808769  0.708609  0.655798  0.717489  0.768372  0.625666  0.672085  0.571493  0.675658  0.614524  0.673892  0.641892 
5  0.840200  0.748624  0.585254  0.834950  0.637872 0.0  0.750786  0.783012  0.913953  0.592559  0.658935  0.551633  0.865298  0.522230  0.846404  0.092317  0.839557  0.387298  0.821887  0.603151  0.701648  0.669158  0.677480  0.821630  0.558458  0.592428  0.857429  0.216542  0.642126  0.719902  0.832874  0.913941  0.804480  0.613201  0.125418  0.425106  0.529699  0.487206  0.887691  0.780714  0.751220  0.661248  0.501257  0.810547  0.843670  0.839863  0.721623  0.792606  0.742659  0.293012  0.818977  0.858448  0.870748  0.773420  0.614017  0.759753  0.637653  0.469021  0.827079  0.766536  0.675702  0.722314  0.348139  0.492650  0.521986  0.575466  0.704025  0.846929  0.684649  0.679818  0.480979  0.587033  0.520842  0.618880  0.492652  0.534442  0.542022  0.358468  0.525701  0.278845  0.257855  0.592617  0.565834  0.620270  0.517030  0.197508  0.508864  0.819384  0.579913 
6  0.724198  0.772282  0.598988  0.688899  0.662794  0.750786 0.0  0.633193  0.780133  0.762439  0.628716  0.655657  0.671516  0.639257  0.618220  0.780872  0.714513  0.822287  0.740837  0.666537  0.733499  0.721907  0.658611  0.714155  0.665928  0.711636  0.872377  0.691559  0.689925  0.627912  0.673074  0.669188  0.799676  0.677647  0.689680  0.633905  0.577568  0.667412  0.636307  0.628893  0.753238  0.730199  0.642624  0.682896  0.742394  0.767441  0.631972  0.695052  0.714012  0.658562  0.643338  0.678525  0.635973  0.766681  0.764781  0.655862  0.712981  0.814434  0.717496  0.642138  0.699853  0.645881  0.768919  0.765768  0.681354  0.651574  0.308378  0.684448  0.659224  0.314375  0.740727  0.705516  0.758517  0.619942  0.437091  0.687805  0.650971  0.699593  0.643213  0.681013  0.709875  0.706590  0.649873  0.696383  0.704619  0.717947  0.727724  0.706813  0.695967 
7  0.336942  0.766380  0.816653  0.281057  0.694654  0.783012  0.633193 0.0  0.824417  0.794209  0.690324  0.713658  0.747929  0.878503  0.282063  0.814409  0.820598  0.759913  0.442558  0.359069  0.790010  0.829384  0.703738  0.565741  0.835652  0.824591  0.773532  0.781039  0.708373  0.757748  0.523126  0.700668  0.786403  0.815387  0.920798  0.858396  0.864954  0.956227  0.509095  0.657291  0.724339  0.728749  0.875013  0.701003  0.136481  0.747859  0.801665  0.638456  0.287954  0.906921  0.662653  0.288498  0.091777  0.853653  0.798613  0.718813  0.692047  0.944391  0.234868  0.281967  0.515101  0.790808  0.913503  0.940236  0.855226  0.921361  0.715879  0.300072  0.723369  0.736642  0.822634  0.817734  0.767763  0.829592  0.511175  0.808656  0.747448  0.652500  0.800427  0.781898  0.867789  0.679237  0.733831  0.780059  0.805237  0.924339  0.890128  0.833224  0.784072 
8  0.860462  0.202222  0.565458  0.825322  0.771502  0.913953  0.780133  0.824417 0.0  0.655762  0.624252  0.885197  0.355451  0.739228  0.782090  0.756639  0.858788  0.749393  0.821358  0.682193  0.626755  0.715674  0.555803  0.795425  0.777126  0.917255  0.733786  0.780241  0.799751  0.214325  0.783261  0.839065  0.639513  0.807475  0.737392  0.795440  0.748464  0.754906  0.761158  0.710275  0.632415  0.674272  0.790125  0.340123  0.825434  0.317002  0.700432  0.391147  0.715104  0.793627  0.679314  0.785865  0.817758  0.847365  0.792285  0.455599  0.596668  0.748800  0.825271  0.746998  0.756154  0.323640  0.829108  0.764309  0.789002  0.708250  0.740486  0.718045  0.560821  0.734962  0.755279  0.689311  0.800215  0.870934  0.518056  0.730503  0.754606  0.659818  0.803495  0.769196  0.806762  0.723271  0.850097  0.781262  0.783554  0.806375  0.760611  0.317267  0.836208 
9  0.802710  0.880791  0.642808  0.818562  0.692229  0.592559  0.762439  0.794209  0.655762 0.0  0.741568  0.202648  0.677597  0.394904  0.761974  0.580307  0.863750  0.600599  0.847866  0.634190  0.728220  0.290928  0.686169  0.860777  0.324147  0.355698  0.733506  0.330216  0.309721  0.797193  0.750654  0.810081  0.595985  0.235112  0.431312  0.455298  0.351965  0.187245  0.889090  0.638302  0.570508  0.745913  0.115414  0.795282  0.817345  0.857746  0.700639  0.740992  0.734541  0.466243  0.728720  0.690765  0.909231  0.812220  0.373753  0.725747  0.557927  0.587504  0.954532  0.820539  0.742614  0.777161  0.402111  0.339471  0.091777  0.352733  0.767919  0.859332  0.735979  0.732536  0.236385  0.217771  0.225553  0.314765  0.568588  0.238482  0.227171  0.091777  0.331248  0.488896  0.382253  0.139963  0.252853  0.395476  0.222174  0.402085  0.361417  0.777180  0.288113 
10  0.766577  0.633088  0.309665  0.650222  0.177167  0.658935  0.628716  0.690324  0.624252  0.741568 0.0  0.639557  0.592975  0.636479  0.691180  0.757333  0.838596  0.687258  0.669944  0.726975  0.328018  0.782464  0.092340  0.565739  0.640513  0.716995  0.840366  0.783290  0.732355  0.645761  0.739232  0.625676  0.629643  0.783741  0.819077  0.639209  0.623021  0.716349  0.673715  0.622373  0.741305  0.702801  0.692976  0.706161  0.708671  0.673339  0.354752  0.677805  0.607689  0.651430  0.313573  0.683004  0.724645  0.788098  0.702603  0.671951  0.132954  0.622564  0.573449  0.766995  0.620128  0.749880  0.727016  0.801927  0.687536  0.769929  0.716794  0.650622  0.339397  0.692904  0.714627  0.668040  0.661208  0.538262  0.515308  0.701240  0.588621  0.713999  0.724484  0.647778  0.783527  0.633788  0.778052  0.693072  0.632544  0.832093  0.794299  0.648071  0.662970 
11  0.756453  0.818158  0.673978  0.815400  0.742062  0.551633  0.655657  0.713658  0.885197  0.202648  0.639557 0.0  0.764024  0.343455  0.787874  0.525378  0.757469  0.608502  0.788965  0.805136  0.759871  0.379813  0.599645  0.871891  0.285162  0.399823  0.849756  0.560640  0.091777  0.818486  0.834638  0.862334  0.701547  0.168648  0.520823  0.574362  0.352897  0.155849  0.770439  0.718507  0.704101  0.726737  0.122667  0.737884  0.865755  0.757605  0.632167  0.835857  0.893879  0.674908  0.720695  0.754822  0.669574  0.911760  0.384412  0.839837  0.621337  0.481555  0.764683  0.772583  0.773604  0.851760  0.582157  0.429143  0.153713  0.390568  0.693657  0.915682  0.708206  0.620286  0.153420  0.091777  0.147023  0.381847  0.398161  0.091777  0.133269  0.091777  0.352797  0.497380  0.600151  0.157599  0.130044  0.327418  0.250357  0.496648  0.387539  0.891888  0.400094 
12  0.742913  0.281946  0.594660  0.759807  0.718132  0.865298  0.671516  0.747929  0.355451  0.677597  0.592975  0.764024 0.0  0.884372  0.769958  0.818650  0.799149  0.730573  0.741338  0.599081  0.516485  0.849988  0.654450  0.831986  0.808967  0.742590  0.844040  0.765656  0.805505  0.408836  0.713115  0.747295  0.606434  0.764716  0.821472  0.882015  0.813507  0.786215  0.770551  0.668734  0.684715  0.738950  0.778074  0.477042  0.806333  0.482707  0.640954  0.574785  0.902466  0.807939  0.670813  0.667774  0.798795  0.754781  0.813478  0.214236  0.690251  0.770632  0.865862  0.792332  0.816175  0.405004  0.810727  0.764086  0.888121  0.812061  0.729198  0.815014  0.821185  0.683616  0.770512  0.741985  0.800783  0.734441  0.469987  0.778582  0.848149  0.813041  0.793565  0.721937  0.829372  0.765263  0.741690  0.766999  0.811684  0.795962  0.855986  0.482923  0.821375 
13  0.759491  0.764977  0.741663  0.776840  0.795304  0.522230  0.639257  0.878503  0.739228  0.394904  0.636479  0.343455  0.884372 0.0  0.790182  0.589904  0.779417  0.593696  0.879676  0.719687  0.568332  0.091777  0.649982  0.864078  0.294474  0.364210  0.918753  0.521322  0.255262  0.708225  0.828983  0.866598  0.667564  0.343719  0.557941  0.483092  0.211005  0.378363  0.885600  0.725632  0.681603  0.659213  0.302887  0.828724  0.901889  0.802834  0.781071  0.802558  0.858749  0.570657  0.654615  0.768237  0.897499  0.836344  0.225730  0.750242  0.691907  0.623196  0.779082  0.828334  0.733285  0.790772  0.579698  0.226192  0.389894  0.292537  0.645458  0.805798  0.672262  0.630644  0.263085  0.273986  0.410799  0.380527  0.492950  0.294364  0.363286  0.101902  0.473993  0.491624  0.628299  0.299794  0.350590  0.158856  0.282324  0.649701  0.271773  0.890721  0.263256 
14  0.489407  0.838233  0.685601  0.421134  0.739002  0.846404  0.618220  0.282063  0.782090  0.761974  0.691180  0.787874  0.769958  0.790182 0.0  0.732872  0.844058  0.793060  0.243712  0.306021  0.604382  0.702486  0.645446  0.219024  0.806139  0.800493  0.786885  0.785737  0.736570  0.894319  0.398398  0.240478  0.678069  0.797270  0.731618  0.717111  0.794326  0.773403  0.337139  0.659245  0.637944  0.643758  0.787462  0.779779  0.407679  0.845398  0.609722  0.772485  0.517849  0.769004  0.711659  0.468594  0.444507  0.812322  0.844722  0.966141  0.635243  0.760609  0.454831  0.414815  0.103690  0.758844  0.835498  0.821116  0.764148  0.759299  0.615631  0.444930  0.728112  0.734885  0.742904  0.801274  0.779516  0.826704  0.535798  0.764045  0.817913  0.675227  0.792826  0.755331  0.861366  0.760131  0.742850  0.806453  0.854805  0.807112  0.716422  0.825065  0.744247 
15  0.783034  0.744889  0.766371  0.689356  0.644686  0.092317  0.780872  0.814409  0.756639  0.580307  0.757333  0.525378  0.818650  0.589904  0.732872 0.0  0.842798  0.276468  0.843422  0.554461  0.581409  0.485062  0.705049  0.743437  0.566884  0.510692  0.808324  0.099462  0.584048  0.738734  0.711773  0.802335  0.590573  0.659105  0.131540  0.281851  0.560461  0.610858  0.823861  0.653072  0.690170  0.667468  0.517503  0.685319  0.857420  0.789406  0.716464  0.810146  0.881309  0.346139  0.673675  0.835571  0.793450  0.838802  0.497565  0.904252  0.752363  0.383434  0.849844  0.830015  0.763245  0.760423  0.299489  0.670240  0.563537  0.657485  0.722785  0.825985  0.751590  0.589975  0.585578  0.585431  0.705792  0.621828  0.559508  0.519070  0.535398  0.320990  0.459788  0.360551  0.241816  0.424749  0.547288  0.613031  0.508787  0.181614  0.474891  0.782942  0.524832 
16  0.823748  0.838372  0.766875  0.851307  0.765034  0.839557  0.714513  0.820598  0.858788  0.863750  0.838596  0.757469  0.799149  0.779417  0.844058  0.842798 0.0  0.834299  0.803750  0.862355  0.769028  0.783686  0.875107  0.836864  0.785205  0.762358  0.139800  0.794641  0.876956  0.851376  0.814243  0.669431  0.841907  0.890570  0.809595  0.821454  0.726395  0.927688  0.771319  0.722756  0.896606  0.861906  0.779792  0.879360  0.809677  0.868818  0.816829  0.899541  0.809581  0.804512  0.795494  0.820021  0.808744  0.116889  0.861471  0.741171  0.818099  0.796721  0.900713  0.739913  0.799992  0.765045  0.762562  0.935563  0.817397  0.727529  0.734041  0.782858  0.734549  0.833180  0.837090  0.894213  0.744624  0.793111  0.847825  0.796864  0.820986  0.851708  0.869557  0.804306  0.830857  0.790241  0.847768  0.826460  0.878863  0.839046  0.723266  0.921123  0.861900 
17  0.751275  0.844973  0.611735  0.729528  0.729475  0.387298  0.822287  0.759913  0.749393  0.600599  0.687258  0.608502  0.730573  0.593696  0.793060  0.276468  0.834299 0.0  0.811681  0.703410  0.716129  0.624689  0.711474  0.894482  0.619850  0.519000  0.793345  0.330184  0.595678  0.816312  0.788031  0.798256  0.684749  0.530257  0.315856  0.209763  0.605233  0.613739  0.874137  0.734082  0.698470  0.768722  0.593283  0.795280  0.833377  0.705765  0.765372  0.772395  0.708648  0.239441  0.674079  0.811776  0.886966  0.842573  0.566756  0.651924  0.684245  0.159390  0.796876  0.714658  0.845177  0.807628  0.091777  0.470376  0.658340  0.601651  0.700359  0.935185  0.776831  0.640007  0.497746  0.562796  0.586458  0.594349  0.526364  0.642632  0.643678  0.309845  0.631326  0.164791  0.359992  0.505782  0.520754  0.497551  0.609929  0.397600  0.577217  0.790638  0.628935 
18  0.540919  0.755987  0.671846  0.486085  0.727318  0.821887  0.740837  0.442558  0.821358  0.847866  0.669944  0.788965  0.741338  0.879676  0.243712  0.843422  0.803750  0.811681 0.0  0.363552  0.715868  0.769879  0.766062  0.091777  0.821353  0.834470  0.842120  0.780604  0.797377  0.915116  0.567554  0.091777  0.628928  0.875460  0.748673  0.816853  0.789846  0.923435  0.117659  0.687206  0.702004  0.734435  0.802964  0.807523  0.488353  0.946227  0.679423  0.735140  0.513615  0.859980  0.691817  0.439840  0.430815  0.788110  0.779070  0.852913  0.673004  0.827075  0.548976  0.419033  0.212106  0.880718  0.775276  0.746225  0.808766  0.838711  0.722460  0.500528  0.643886  0.643494  0.705450  0.892381  0.749804  0.793359  0.520553  0.817142  0.757193  0.690386  0.763399  0.788797  0.783444  0.851396  0.875638  0.817062  0.801057  0.833795  0.756084  0.746898  0.814863 
19  0.313958  0.679087  0.655734  0.333800  0.702505  0.603151  0.666537  0.359069  0.682193  0.634190  0.726975  0.805136  0.599081  0.719687  0.306021  0.554461  0.862355  0.703410  0.363552 0.0  0.655879  0.667877  0.730014  0.413863  0.704158  0.719564  0.810567  0.758917  0.641144  0.646417  0.311981  0.350497  0.740944  0.712972  0.737510  0.634377  0.713571  0.709107  0.443855  0.628234  0.682800  0.669094  0.617056  0.726478  0.339914  0.627269  0.652844  0.661152  0.320069  0.638130  0.662151  0.336036  0.438374  0.831480  0.731845  0.623982  0.624999  0.663246  0.377486  0.402474  0.367364  0.721636  0.662477  0.794450  0.614810  0.679419  0.636915  0.353508  0.623788  0.641945  0.706480  0.625037  0.685337  0.637982  0.573192  0.631751  0.576439  0.663012  0.758692  0.825208  0.697785  0.687580  0.675189  0.789368  0.739524  0.722329  0.678230  0.634437  0.616055 
20  0.607763  0.815767  0.312245  0.661415  0.340367  0.701648  0.733499  0.790010  0.626755  0.728220  0.328018  0.759871  0.516485  0.568332  0.604382  0.581409  0.769028  0.716129  0.715868  0.655879 0.0  0.825851  0.422753  0.670634  0.661575  0.661376  0.910285  0.724310  0.554588  0.600183  0.684719  0.687442  0.678288  0.649609  0.694323  0.704184  0.604699  0.684478  0.726826  0.662753  0.614242  0.694082  0.620026  0.724326  0.694564  0.669613  0.382382  0.752023  0.642326  0.603108  0.258122  0.636387  0.710907  0.849104  0.649507  0.673680  0.375883  0.650455  0.757778  0.706179  0.727864  0.678769  0.705611  0.600140  0.620606  0.561028  0.776589  0.667043  0.404943  0.607696  0.628487  0.836950  0.695761  0.810236  0.546722  0.604221  0.686214  0.734550  0.696587  0.695656  0.749427  0.629428  0.662343  0.690447  0.686458  0.782005  0.671567  0.653790  0.774451 
21  0.769422  0.720720  0.686544  0.820967  0.698732  0.669158  0.721907  0.829384  0.715674  0.290928  0.782464  0.379813  0.849988  0.091777  0.702486  0.485062  0.783686  0.624689  0.769879  0.667877  0.825851 0.0  0.660330  0.898244  0.155432  0.449542  0.837003  0.510198  0.343761  0.814583  0.733060  0.891350  0.607404  0.303230  0.595816  0.552684  0.134211  0.330233  0.956914  0.715822  0.711565  0.667959  0.419356  0.813008  0.727557  0.824377  0.730666  0.758809  0.858104  0.515390  0.670955  0.821403  0.833985  0.849962  0.237198  0.853240  0.659270  0.652326  0.734894  0.801227  0.794566  0.806132  0.546598  0.233116  0.333657  0.179850  0.676407  0.807237  0.639361  0.749975  0.227818  0.276064  0.312901  0.304973  0.520036  0.369683  0.424267  0.091777  0.350591  0.534276  0.555387  0.376745  0.398222  0.134168  0.346229  0.599796  0.292563  0.831854  0.173942 
22  0.737847  0.627038  0.325365  0.609926  0.116095  0.677480  0.658611  0.703738  0.555803  0.686169  0.092340  0.599645  0.654450  0.649982  0.645446  0.705049  0.875107  0.711474  0.766062  0.730014  0.422753  0.660330 0.0  0.668893  0.720465  0.756646  0.757003  0.656660  0.671897  0.789815  0.714602  0.728129  0.597309  0.706745  0.606995  0.669102  0.634839  0.774900  0.641948  0.681568  0.731087  0.668395  0.682750  0.775642  0.642705  0.648287  0.231608  0.739041  0.683510  0.633579  0.341085  0.674044  0.754915  0.728334  0.703197  0.704071  0.123695  0.603596  0.687037  0.592329  0.657981  0.782658  0.556517  0.664028  0.632158  0.600141  0.649430  0.659510  0.369313  0.626463  0.700281  0.708896  0.761252  0.673072  0.591451  0.658061  0.713885  0.733768  0.647930  0.713243  0.678714  0.619088  0.642992  0.759215  0.632072  0.654508  0.730506  0.711424  0.703172 
23  0.551188  0.815083  0.748955  0.419561  0.640728  0.821630  0.714155  0.565741  0.795425  0.860777  0.565739  0.871891  0.831986  0.864078  0.219024  0.743437  0.836864  0.894482  0.091777  0.413863  0.670634  0.898244  0.668893 0.0  0.862520  0.942666  0.771681  0.828382  0.899369  0.801746  0.496988  0.174288  0.743680  0.819648  0.854233  0.905830  0.910046  0.787613  0.091777  0.681021  0.698433  0.578608  0.818706  0.860761  0.568673  0.851367  0.679495  0.748842  0.508134  0.979161  0.603526  0.463322  0.622626  0.832367  0.801226  0.842041  0.613171  0.754511  0.567951  0.469222  0.300442  0.797035  0.805140  0.828599  0.785134  0.919359  0.652795  0.611670  0.720574  0.626232  0.831100  0.863335  0.844541  0.900885  0.484674  0.906079  0.830410  0.652739  0.873129  0.877821  0.811280  0.905044  0.908372  0.804056  0.903402  1.000000  0.786787  0.782403  0.928371 
24  0.765282  0.768237  0.615005  0.767096  0.770539  0.558458  0.665928  0.835652  0.777126  0.324147  0.640513  0.285162  0.808967  0.294474  0.806139  0.566884  0.785205  0.619850  0.821353  0.704158  0.661575  0.155432  0.720465  0.862520 0.0  0.353615  0.860039  0.485660  0.200058  0.665045  0.739252  0.806486  0.805313  0.310501  0.466806  0.500516  0.118195  0.420226  0.843245  0.624275  0.740018  0.657013  0.278658  0.796391  0.804723  0.852227  0.760398  0.880554  0.901086  0.553375  0.690262  0.769474  0.760553  0.815303  0.091777  0.861111  0.718919  0.498019  0.775152  0.772062  0.845660  0.852288  0.540821  0.091777  0.387499  0.091777  0.755619  0.829968  0.600942  0.542950  0.363311  0.455899  0.445365  0.363033  0.472671  0.282750  0.336706  0.092514  0.301018  0.575807  0.550196  0.348250  0.404052  0.105230  0.335732  0.552315  0.103002  0.768617  0.091777 
25  0.809625  0.844737  0.633052  0.742343  0.658586  0.592428  0.711636  0.824591  0.917255  0.355698  0.716995  0.399823  0.742590  0.364210  0.800493  0.510692  0.762358  0.519000  0.834470  0.719564  0.661376  0.449542  0.756646  0.942666  0.353615 0.0  0.869247  0.591584  0.299129  0.799573  0.733076  0.947039  0.681035  0.378712  0.591370  0.675147  0.376532  0.433327  0.907497  0.646234  0.643233  0.730147  0.375146  0.679680  0.786074  0.764967  0.618693  0.732674  0.799666  0.648870  0.703949  0.912893  0.781298  0.895250  0.331985  0.731395  0.672808  0.490840  0.779085  0.824562  0.842148  0.767745  0.521059  0.335046  0.331034  0.421977  0.751816  0.981656  0.610573  0.699489  0.329376  0.372706  0.310411  0.154293  0.519727  0.369641  0.362739  0.091777  0.140811  0.554163  0.631864  0.374388  0.316547  0.320415  0.359756  0.588245  0.312757  0.714328  0.388130 
26  0.872909  0.899794  0.803000  0.750879  0.845067  0.857429  0.872377  0.773532  0.733786  0.733506  0.840366  0.849756  0.844040  0.918753  0.786885  0.808324  0.139800  0.793345  0.842120  0.810567  0.910285  0.837003  0.757003  0.771681  0.860039  0.869247 0.0  0.781361  0.856940  0.762955  0.770420  0.859861  0.795947  0.829452  0.794120  0.811359  0.798885  0.809806  0.820852  0.807686  0.886528  0.910944  0.835543  0.795178  0.892843  0.880530  0.854144  0.902631  0.741557  0.924799  0.903304  0.953429  0.811118  0.091777  0.870634  0.850956  0.844643  0.732225  0.831397  0.919992  0.918945  0.773566  0.884709  0.855240  0.834384  0.927264  0.826268  0.907531  0.839616  0.858673  0.800829  0.859529  0.857555  0.858121  0.787878  0.841874  0.754233  0.757410  0.807146  0.738230  0.811250  0.823176  0.827800  0.769576  0.752246  0.768197  0.780634  0.881629  0.844774 
27  0.802655  0.751477  0.670652  0.703928  0.689311  0.216542  0.691559  0.781039  0.780241  0.330216  0.783290  0.560640  0.765656  0.521322  0.785737  0.099462  0.794641  0.330184  0.780604  0.758917  0.724310  0.510198  0.656660  0.828382  0.485660  0.591584  0.781361 0.0  0.530254  0.850387  0.774330  0.765716  0.698742  0.479124  0.115932  0.329130  0.642041  0.461110  0.814309  0.710832  0.733748  0.665518  0.433377  0.740681  0.854591  0.710209  0.744494  0.750962  0.793811  0.362601  0.761821  0.724143  0.867256  0.777378  0.676419  0.829900  0.710032  0.375158  0.819382  0.718429  0.858019  0.813769  0.379618  0.566348  0.400682  0.569331  0.693663  0.867227  0.723025  0.681620  0.610774  0.500318  0.460441  0.638468  0.510600  0.527299  0.567548  0.303572  0.552619  0.259521  0.091777  0.572973  0.456451  0.533128  0.531427  0.091777  0.582902  0.793476  0.610596 
28  0.744925  0.793176  0.689969  0.788228  0.678504  0.642126  0.689925  0.708373  0.799751  0.309721  0.732355  0.091777  0.805505  0.255262  0.736570  0.584048  0.876956  0.595678  0.797377  0.641144  0.554588  0.343761  0.671897  0.899369  0.200058  0.299129  0.856940  0.530254 0.0  0.879077  0.818555  0.899988  0.659916  0.161557  0.687679  0.491661  0.369399  0.170405  0.842247  0.755453  0.699270  0.663067  0.207699  0.676189  0.821726  0.798058  0.569668  0.833573  0.842339  0.535961  0.757659  0.826531  0.723873  0.853796  0.258395  0.856640  0.694208  0.593195  0.802373  0.720210  0.933348  0.818016  0.525361  0.397192  0.114495  0.302350  0.739376  0.915594  0.656283  0.721444  0.101748  0.091777  0.160144  0.387518  0.496208  0.091777  0.091777  0.091777  0.390950  0.537860  0.515659  0.099022  0.112281  0.345607  0.108309  0.596977  0.403605  0.836028  0.369018 
29  0.835197  0.327605  0.805257  0.711628  0.658403  0.719902  0.627912  0.757748  0.214325  0.797193  0.645761  0.818486  0.408836  0.708225  0.894319  0.738734  0.851376  0.816312  0.915116  0.646417  0.600183  0.814583  0.789815  0.801746  0.665045  0.799573  0.762955  0.850387  0.879077 0.0  0.849045  0.869858  0.755609  0.886688  0.770030  0.798232  0.687912  0.795260  0.911945  0.692270  0.699174  0.720306  0.729867  0.112840  0.719382  0.192185  0.709384  0.091777  0.800552  0.922925  0.689819  0.730191  0.745472  0.841123  0.797786  0.402263  0.752904  0.799576  0.833549  0.767462  0.800423  0.091777  0.771887  0.841126  0.872564  0.888679  0.659812  0.744001  0.716647  0.714148  0.883888  0.775947  0.686207  0.810312  0.558036  0.789299  0.776520  0.718327  0.789592  0.839066  0.812435  0.847325  0.694650  0.756491  0.808089  0.776525  0.767403  0.330808  0.780894 
30  0.519294  0.778037  0.638098  0.522237  0.628439  0.832874  0.673074  0.523126  0.783261  0.750654  0.739232  0.834638  0.713115  0.828983  0.398398  0.711773  0.814243  0.788031  0.567554  0.311981  0.684719  0.733060  0.714602  0.496988  0.739252  0.733076  0.770420  0.774330  0.818555  0.849045 0.0  0.430604  0.686528  0.794364  0.729620  0.809230  0.806177  0.868760  0.446762  0.695914  0.656328  0.599399  0.741058  0.797945  0.438376  0.876102  0.712804  0.808898  0.531454  0.768091  0.754296  0.535035  0.501057  0.736169  0.761497  0.754222  0.730092  0.812107  0.482654  0.469028  0.514158  0.871671  0.774087  0.720355  0.768232  0.857661  0.664397  0.514558  0.786516  0.690910  0.798903  0.746955  0.859270  0.806635  0.435378  0.775326  0.738841  0.689674  0.868021  0.795219  0.801635  0.764004  0.725658  0.802589  0.884083  0.788370  0.771982  0.754443  0.745764 
31  0.495633  0.843586  0.656755  0.445853  0.684798  0.913941  0.669188  0.700668  0.839065  0.810081  0.625676  0.862334  0.747295  0.866598  0.240478  0.802335  0.669431  0.798256  0.091777  0.350497  0.687442  0.891350  0.728129  0.174288  0.806486  0.947039  0.859861  0.765716  0.899988  0.869858  0.430604 0.0  0.633259  0.857524  0.918419  0.962864  0.827357  0.932988  0.091777  0.662681  0.660224  0.637083  0.821680  0.794816  0.565625  0.731489  0.669088  0.800994  0.505815  0.780258  0.659941  0.368568  0.543162  0.862784  0.916885  0.810439  0.656425  0.853734  0.458502  0.464939  0.183159  0.780329  0.888286  0.923320  0.779981  0.826324  0.714037  0.591204  0.639026  0.746076  0.928153  0.887799  0.874890  0.892908  0.439172  0.857704  0.971941  0.723512  0.876484  0.846674  0.910409  0.899047  0.878338  0.868108  0.872380  0.851258  0.848677  0.791184  0.873873 
32  0.668220  0.633393  0.687997  0.650779  0.744285  0.804480  0.799676  0.786403  0.639513  0.595985  0.629643  0.701547  0.606434  0.667564  0.678069  0.590573  0.841907  0.684749  0.628928  0.740944  0.678288  0.607404  0.597309  0.743680  0.805313  0.681035  0.795947  0.698742  0.659916  0.755609  0.686528  0.633259 0.0  0.652433  0.591354  0.671184  0.746952  0.752254  0.712361  0.433569  0.299878  0.091777  0.770372  0.572018  0.703331  0.790642  0.679354  0.616016  0.673262  0.680458  0.650678  0.765939  0.630263  0.772018  0.728209  0.696846  0.689155  0.614593  0.812287  0.702994  0.624203  0.644169  0.682783  0.771078  0.670026  0.749174  0.759026  0.699860  0.755058  0.584090  0.659255  0.638103  0.636464  0.700960  0.478353  0.697546  0.634699  0.748652  0.731478  0.696374  0.777130  0.672812  0.628469  0.619797  0.686787  0.717408  0.679278  0.734097  0.672210 
33  0.870830  0.827048  0.673111  0.812256  0.731386  0.613201  0.677647  0.815387  0.807475  0.235112  0.783741  0.168648  0.764716  0.343719  0.797270  0.659105  0.890570  0.530257  0.875460  0.712972  0.649609  0.303230  0.706745  0.819648  0.310501  0.378712  0.829452  0.479124  0.161557  0.886688  0.794364  0.857524  0.652433 0.0  0.629729  0.586813  0.427701  0.091777  0.899140  0.623805  0.597543  0.769786  0.242560  0.842374  0.834154  0.810465  0.660745  0.777713  0.795787  0.553365  0.688733  0.723552  0.892904  0.763584  0.348568  0.791374  0.576918  0.646889  0.801692  0.811133  0.809238  0.764292  0.584350  0.377305  0.199706  0.389078  0.659061  0.894593  0.659592  0.719037  0.152253  0.183746  0.165832  0.476178  0.481839  0.171790  0.239368  0.108393  0.346835  0.527771  0.540492  0.204476  0.304443  0.369545  0.247832  0.628553  0.264786  0.843658  0.356617 
34  0.869162  0.811267  0.669069  0.863763  0.743680  0.125418  0.689680  0.920798  0.737392  0.431312  0.819077  0.520823  0.821472  0.557941  0.731618  0.131540  0.809595  0.315856  0.748673  0.737510  0.694323  0.595816  0.606995  0.854233  0.466806  0.591370  0.794120  0.115932  0.687679  0.770030  0.729620  0.918419  0.591354  0.629729 0.0  0.366689  0.607942  0.566604  0.869373  0.676749  0.707810  0.626371  0.317571  0.795063  0.756006  0.837581  0.612989  0.758150  0.797630  0.372704  0.744703  0.839926  0.932670  0.787635  0.587567  0.877653  0.761289  0.386561  0.932408  0.778881  0.807319  0.793111  0.420294  0.564155  0.434163  0.494819  0.613141  0.877821  0.525433  0.629940  0.513278  0.592479  0.588131  0.567651  0.462793  0.517540  0.432001  0.273875  0.504518  0.276411  0.091777  0.528764  0.656713  0.756672  0.653989  0.122859  0.400536  0.848015  0.528728 
35  0.859353  0.831704  0.749130  0.671835  0.786534  0.425106  0.633905  0.858396  0.795440  0.455298  0.639209  0.574362  0.882015  0.483092  0.717111  0.281851  0.821454  0.209763  0.816853  0.634377  0.704184  0.552684  0.669102  0.905830  0.500516  0.675147  0.811359  0.329130  0.491661  0.798232  0.809230  0.962864  0.671184  0.586813  0.366689 0.0  0.585764  0.648634  0.916734  0.688223  0.750144  0.667064  0.562602  0.746846  0.909491  0.753439  0.730219  0.805808  0.754455  0.172495  0.698111  0.791694  0.825346  0.757889  0.458843  0.734435  0.686003  0.249041  0.765292  0.835072  0.842487  0.752600  0.233980  0.550655  0.446854  0.529519  0.729789  0.840407  0.692720  0.770029  0.532739  0.628602  0.628278  0.596334  0.543637  0.608176  0.525338  0.287320  0.653942  0.191725  0.277899  0.519243  0.500782  0.528662  0.561257  0.342988  0.669942  0.757328  0.609470 
36  0.833465  0.832038  0.602577  0.732341  0.602693  0.529699  0.577568  0.864954  0.748464  0.351965  0.623021  0.352897  0.813507  0.211005  0.794326  0.560461  0.726395  0.605233  0.789846  0.713571  0.604699  0.134211  0.634839  0.910046  0.118195  0.376532  0.798885  0.642041  0.369399  0.687912  0.806177  0.827357  0.746952  0.427701  0.607942  0.585764 0.0  0.346219  0.810310  0.673297  0.656264  0.803117  0.335586  0.767723  0.762378  0.783954  0.666107  0.817241  0.783340  0.508113  0.652206  0.793918  0.879063  0.913467  0.091777  0.829572  0.616056  0.510954  0.782622  0.786902  0.847462  0.708907  0.529560  0.225249  0.318654  0.091777  0.712748  0.843313  0.719830  0.692643  0.385828  0.324568  0.478847  0.417080  0.446526  0.352152  0.332147  0.120062  0.354739  0.615670  0.617365  0.417272  0.233941  0.177097  0.382768  0.540156  0.106157  0.822861  0.091777 
37  0.744013  0.734146  0.613201  0.740721  0.639226  0.487206  0.667412  0.956227  0.754906  0.187245  0.716349  0.155849  0.786215  0.378363  0.773403  0.610858  0.927688  0.613739  0.923435  0.709107  0.684478  0.330233  0.774900  0.787613  0.420226  0.433327  0.809806  0.461110  0.170405  0.795260  0.868760  0.932988  0.752254  0.091777  0.566604  0.648634  0.346219 0.0  0.824908  0.698664  0.738777  0.689075  0.273082  0.802357  0.915190  0.776714  0.659724  0.749378  0.743429  0.468593  0.802387  0.711494  0.817947  0.844311  0.362086  0.797053  0.648972  0.617673  0.792070  0.701725  0.777987  0.871942  0.573735  0.249478  0.205002  0.339160  0.693789  0.773765  0.738171  0.672559  0.098117  0.195251  0.133185  0.388423  0.499609  0.123154  0.096441  0.169892  0.361591  0.598027  0.546900  0.232510  0.248126  0.241719  0.198549  0.557051  0.325314  0.779525  0.366293 
38  0.468295  0.746041  0.699873  0.467218  0.724423  0.887691  0.636307  0.509095  0.761158  0.889090  0.673715  0.770439  0.770551  0.885600  0.337139  0.823861  0.771319  0.874137  0.117659  0.443855  0.726826  0.956914  0.641948  0.091777  0.843245  0.907497  0.820852  0.814309  0.842247  0.911945  0.446762  0.091777  0.712361  0.899140  0.869373  0.916734  0.810310  0.824908 0.0  0.704283  0.611462  0.647401  0.819551  0.712447  0.548898  0.743548  0.638507  0.931294  0.535793  0.864503  0.680556  0.432844  0.573520  0.782431  0.867736  0.789951  0.628599  0.817889  0.556523  0.584484  0.290623  0.807927  0.791552  0.878814  0.899934  0.795916  0.757553  0.553524  0.652672  0.714536  0.898526  0.978167  0.849425  0.974025  0.457611  0.886900  0.944526  0.687170  0.927056  0.813041  0.936417  0.764936  0.814404  0.854796  0.856682  0.915884  0.795130  0.697999  0.832096 
39  0.718485  0.684023  0.658853  0.724252  0.708120  0.780714  0.628893  0.657291  0.710275  0.638302  0.622373  0.718507  0.668734  0.725632  0.659245  0.653072  0.722756  0.734082  0.687206  0.628234  0.662753  0.715822  0.681568  0.681021  0.624275  0.646234  0.807686  0.710832  0.755453  0.692270  0.695914  0.662681  0.433569  0.623805  0.676749  0.688223  0.673297  0.698664  0.704283 0.0  0.331875  0.298176  0.634913  0.678810  0.646074  0.677818  0.764173  0.659762  0.699014  0.652055  0.652199  0.660848  0.576609  0.793967  0.661751  0.623829  0.653892  0.676843  0.721397  0.778733  0.837470  0.688089  0.622328  0.576087  0.626394  0.634997  0.648394  0.821211  0.703311  0.806059  0.667015  0.692914  0.582587  0.657231  0.483507  0.676840  0.591846  0.628209  0.771454  0.666194  0.601660  0.710006  0.690755  0.637412  0.730492  0.696790  0.697479  0.686309  0.703320 
40  0.637927  0.657366  0.635869  0.710536  0.769740  0.751220  0.753238  0.724339  0.632415  0.570508  0.741305  0.704101  0.684715  0.681603  0.637944  0.690170  0.896606  0.698470  0.702004  0.682800  0.614242  0.711565  0.731087  0.698433  0.740018  0.643233  0.886528  0.733748  0.699270  0.699174  0.656328  0.660224  0.299878  0.597543  0.707810  0.750144  0.656264  0.738777  0.611462  0.331875 0.0  0.490947  0.614231  0.704244  0.647209  0.713865  0.650724  0.699493  0.632619  0.625000  0.698878  0.693798  0.657514  0.851459  0.696454  0.717152  0.697040  0.769346  0.681519  0.709978  0.652122  0.736757  0.661635  0.606422  0.601167  0.676616  0.771340  0.591907  0.614264  0.619075  0.715598  0.685066  0.662704  0.615272  0.529786  0.697985  0.718834  0.702324  0.789570  0.700415  0.704249  0.713098  0.679163  0.690936  0.555008  0.690560  0.664372  0.643556  0.663228 
41  0.646421  0.720393  0.638987  0.726001  0.799985  0.661248  0.730199  0.728749  0.674272  0.745913  0.702801  0.726737  0.738950  0.659213  0.643758  0.667468  0.861906  0.768722  0.734435  0.669094  0.694082  0.667959  0.668395  0.578608  0.657013  0.730147  0.910944  0.665518  0.663067  0.720306  0.599399  0.637083  0.091777  0.769786  0.626371  0.667064  0.803117  0.689075  0.647401  0.298176  0.490947 0.0  0.662324  0.665166  0.698511  0.713436  0.711320  0.686471  0.732910  0.679759  0.612733  0.692183  0.580276  0.879093  0.743234  0.611860  0.684074  0.719115  0.702961  0.678495  0.789441  0.680355  0.743010  0.753709  0.699605  0.707539  0.708269  0.716864  0.657095  0.803315  0.483056  0.688984  0.630788  0.809503  0.416347  0.696045  0.739290  0.646802  0.639261  0.584599  0.732450  0.717996  0.719568  0.682751  0.679290  0.704600  0.647893  0.697111  0.585554 
42  0.917713  0.813192  0.750026  0.780458  0.626450  0.501257  0.642624  0.875013  0.790125  0.115414  0.692976  0.122667  0.778074  0.302887  0.787462  0.517503  0.779792  0.593283  0.802964  0.617056  0.620026  0.419356  0.682750  0.818706  0.278658  0.375146  0.835543  0.433377  0.207699  0.729867  0.741058  0.821680  0.770372  0.242560  0.317571  0.562602  0.335586  0.273082  0.819551  0.634913  0.614231  0.662324 0.0  0.902758  0.841382  0.800442  0.719706  0.807339  0.784375  0.579691  0.740428  0.753051  0.864278  0.903872  0.342034  0.772100  0.731707  0.631261  0.777319  0.796406  0.814024  0.821638  0.591650  0.339686  0.163545  0.335243  0.584347  0.852206  0.662183  0.642431  0.127501  0.245971  0.129072  0.305949  0.470857  0.184373  0.261490  0.091777  0.364182  0.581825  0.430451  0.147493  0.161930  0.359480  0.159607  0.417055  0.367077  0.680433  0.385667 
43  0.773120  0.212816  0.674721  0.751656  0.701936  0.810547  0.682896  0.701003  0.340123  0.795282  0.706161  0.737884  0.477042  0.828724  0.779779  0.685319  0.879360  0.795280  0.807523  0.726478  0.724326  0.813008  0.775642  0.860761  0.796391  0.679680  0.795178  0.740681  0.676189  0.112840  0.797945  0.794816  0.572018  0.842374  0.795063  0.746846  0.767723  0.802357  0.712447  0.678810  0.704244  0.665166  0.902758 0.0  0.761501  0.130117  0.709608  0.091777  0.871405  0.831191  0.671142  0.727706  0.838787  0.878952  0.850196  0.610503  0.682240  0.859371  0.898699  0.826036  0.846994  0.091777  0.820964  0.906276  0.833050  0.763873  0.657681  0.709379  0.610210  0.695163  0.829272  0.935210  0.777710  0.812477  0.545532  0.717503  0.719081  0.678973  0.770389  0.833517  0.732769  0.866057  0.767142  0.789563  0.840295  0.833653  0.787745  0.304227  0.772743 
44  0.209521  0.732693  0.585763  0.286233  0.725354  0.843670  0.742394  0.136481  0.825434  0.817345  0.708671  0.865755  0.806333  0.901889  0.407679  0.857420  0.809677  0.833377  0.488353  0.339914  0.694564  0.727557  0.642705  0.568673  0.804723  0.786074  0.892843  0.854591  0.821726  0.719382  0.438376  0.565625  0.703331  0.834154  0.756006  0.909491  0.762378  0.915190  0.548898  0.646074  0.647209  0.698511  0.841382  0.761501 0.0  0.802027  0.657481  0.776067  0.252093  0.849006  0.688969  0.244435  0.101785  0.790647  0.831927  0.694582  0.668804  0.861993  0.334488  0.277298  0.487474  0.788581  0.797321  0.745882  0.930693  0.878859  0.616635  0.193282  0.632090  0.633286  0.756385  0.716785  0.726787  0.929998  0.522885  0.763265  0.821895  0.709394  0.838908  0.869830  0.948063  0.725299  0.791319  0.809267  0.667561  0.892956  0.843354  0.717622  0.802140 
