89
0 0.0  0.732088  0.659956  0.205397  0.593361  0.678961  0.583397  0.196913  0.656007  0.665848  0.533122  0.679194  0.805828  0.614504  0.386556  0.674124  0.758426  0.664639  0.332325  0.282500  0.721321  0.686060  0.545134  0.349209  0.557599  0.729008  0.738795  0.708817  0.833646  0.724561  0.395845  0.349549  0.622460  0.721012  0.788975  0.726228  0.754101  0.670488  0.474175  0.711991  0.707276  0.638473  0.626686  0.654196  0.205531  0.672907  0.736011  0.690430  0.192974  0.750010  0.620062  0.177170  0.189565  0.901296  0.718328  0.825606  0.542188  0.700183  0.216722  0.072477  0.374169  0.601310  0.711656  0.610406  0.694874  0.798466  0.562893  0.207733  0.672143  0.754388  0.704722  0.681108  0.733889  0.707855  0.456317  0.514842  0.764449  0.591204  0.704486  0.680626  0.684367  0.822867  0.638603  0.744145  0.713622  0.656098  0.802617  0.828072  0.721658 
1  0.732088 0.0  0.642997  0.753835  0.672338  0.731024  0.664324  0.758065  0.072477  0.832277  0.581436  0.768190  0.286877  0.790085  0.740080  0.662947  0.578303  0.805787  0.727535  0.700400  0.629389  0.676496  0.610247  0.751397  0.677503  0.723158  0.717770  0.694700  0.701291  0.214333  0.731177  0.728932  0.550495  0.836924  0.696282  0.739240  0.641718  0.736623  0.715309  0.701248  0.705258  0.523027  0.697497  0.208654  0.786295  0.199285  0.690921  0.200488  0.643737  0.697179  0.635714  0.660418  0.819129  0.753289  0.600895  0.428035  0.654465  0.867470  0.675391  0.759162  0.776708  0.165948  0.902359  0.853787  0.623859  0.705809  0.556545  0.773436  0.630503  0.585586  0.793456  0.680779  0.671001  0.696031  0.402104  0.717677  0.799627  0.658237  0.622612  0.804526  0.664330  0.729840  0.769130  0.649767  0.757100  0.693645  0.778149  0.201625  0.744781 
2  0.659956  0.642997 0.0  0.662144  0.294521  0.659761  0.672725  0.654268  0.571587  0.529914  0.302397  0.623534  0.682458  0.578333  0.633439  0.714287  0.812397  0.680805  0.668312  0.645300  0.290817  0.629565  0.306210  0.595629  0.716877  0.651472  0.890575  0.634444  0.613497  0.562857  0.687142  0.583742  0.701559  0.594144  0.669764  0.521599  0.717299  0.635449  0.701227  0.511818  0.638537  0.605607  0.652561  0.573206  0.542613  0.710249  0.263109  0.632507  0.712351  0.545667  0.276049  0.587998  0.644036  0.755911  0.624253  0.738427  0.290423  0.679100  0.599856  0.620620  0.701513  0.603582  0.573778  0.668275  0.578265  0.672042  0.678565  0.617378  0.072477  0.478961  0.660323  0.640194  0.666263  0.666904  0.500025  0.607796  0.586483  0.587701  0.591240  0.661180  0.609135  0.657394  0.704411  0.660665  0.587481  0.623817  0.606866  0.620958  0.711614 
3  0.205397  0.753835  0.662144 0.0  0.664949  0.638375  0.670899  0.205734  0.798314  0.770315  0.727969  0.773293  0.742620  0.764355  0.377161  0.730979  0.848189  0.744446  0.417000  0.327806  0.574156  0.677943  0.663916  0.418116  0.629263  0.756567  0.874517  0.648688  0.703367  0.610957  0.441802  0.437796  0.542362  0.810042  0.701188  0.779737  0.713065  0.720383  0.372744  0.653953  0.567398  0.569109  0.610416  0.762274  0.209733  0.682943  0.635995  0.603798  0.072477  0.695484  0.712987  0.211043  0.222126  0.860873  0.655522  0.804283  0.609530  0.590583  0.202461  0.184326  0.402286  0.786219  0.734132  0.667457  0.683735  0.804773  0.541683  0.209551  0.707160  0.620218  0.840499  0.770928  0.697994  0.600440  0.449038  0.770967  0.832046  0.504951  0.659397  0.814642  0.556921  0.777339  0.611519  0.657911  0.785261  0.813785  0.772234  0.758542  0.700686 
4  0.593361  0.672338  0.294521  0.664949 0.0  0.676163  0.648514  0.634619  0.669319  0.759972  0.072477  0.591851  0.677739  0.601405  0.661136  0.599564  0.789278  0.641735  0.657297  0.625077  0.281946  0.614074  0.072477  0.719584  0.638043  0.676666  0.960267  0.677941  0.625806  0.741503  0.623349  0.661020  0.740649  0.663355  0.516074  0.615131  0.724975  0.630796  0.568653  0.649911  0.677266  0.618884  0.681639  0.570920  0.583891  0.680111  0.290477  0.556003  0.611441  0.695799  0.341298  0.598293  0.601679  0.794203  0.615240  0.686239  0.072477  0.631055  0.507220  0.672743  0.648322  0.700302  0.633073  0.697462  0.551444  0.609920  0.602409  0.722595  0.322698  0.578216  0.627073  0.564394  0.618036  0.628574  0.476542  0.710263  0.592387  0.618213  0.592483  0.676076  0.590977  0.657391  0.618494  0.598024  0.704888  0.572531  0.758820  0.750126  0.677628 
5  0.678961  0.731024  0.659761  0.638375  0.676163 0.0  0.610151  0.808472  0.767292  0.460618  0.643893  0.468398  0.777869  0.454264  0.782063  0.072477  0.862362  0.273382  0.645188  0.735534  0.639211  0.475685  0.578992  0.824508  0.399888  0.456660  0.886651  0.142199  0.469376  0.665197  0.633926  0.833113  0.530693  0.445322  0.150428  0.288498  0.456150  0.508356  0.750824  0.696325  0.631066  0.789533  0.466814  0.714742  0.859569  0.711090  0.707553  0.537897  0.757523  0.292469  0.558868  0.953058  0.751690  0.756670  0.491975  0.778597  0.622405  0.258325  0.677615  0.666781  0.786812  0.708707  0.268012  0.437443  0.500410  0.582993  0.695289  0.788213  0.696652  0.678552  0.431472  0.465113  0.458022  0.524685  0.418487  0.509928  0.388423  0.288315  0.458746  0.275221  0.149775  0.447487  0.443716  0.491549  0.459983  0.163247  0.494892  0.693910  0.523287 
6  0.583397  0.664324  0.672725  0.670899  0.648514  0.610151 0.0  0.632030  0.695508  0.533684  0.608551  0.657229  0.635821  0.674059  0.686376  0.609914  0.748615  0.660986  0.654927  0.638116  0.538207  0.545704  0.663539  0.665086  0.673827  0.670093  0.795750  0.592677  0.689710  0.544603  0.686443  0.485121  0.662145  0.572134  0.677989  0.509304  0.589519  0.733250  0.648229  0.639803  0.676729  0.647500  0.563167  0.657296  0.643659  0.659883  0.667858  0.665455  0.686760  0.590517  0.626066  0.596031  0.638697  0.904652  0.672562  0.684189  0.633281  0.551260  0.660525  0.631068  0.704109  0.716425  0.692912  0.602930  0.605173  0.727121  0.308949  0.700541  0.724452  0.281824  0.714116  0.621566  0.560604  0.683871  0.446659  0.620399  0.611504  0.574206  0.676033  0.675166  0.596943  0.672066  0.675747  0.555557  0.621118  0.781606  0.574405  0.693525  0.628788 
7  0.196913  0.758065  0.654268  0.205734  0.634619  0.808472  0.632030 0.0  0.710623  0.763890  0.689227  0.692569  0.746142  0.658330  0.399969  0.845567  0.924943  0.651818  0.400222  0.297581  0.699354  0.778703  0.684322  0.488792  0.694946  0.773048  0.919107  0.700053  0.581056  0.746268  0.423263  0.435152  0.763373  0.818179  0.768985  0.709111  0.851391  0.866991  0.443237  0.660486  0.707537  0.538213  0.799043  0.693230  0.072477  0.743484  0.609902  0.647391  0.193558  0.835897  0.667231  0.212599  0.072477  0.900851  0.733197  0.654151  0.653612  0.740815  0.212202  0.191982  0.414457  0.765925  0.643190  0.814652  0.812459  0.741371  0.710287  0.148139  0.559861  0.676998  0.617333  0.671916  0.656262  0.841833  0.516154  0.634158  0.718135  0.597036  0.757653  0.698684  0.766018  0.697285  0.833267  0.718807  0.716448  0.850614  0.724634  0.771051  0.757945 
8  0.656007  0.072477  0.571587  0.798314  0.669319  0.767292  0.695508  0.710623 0.0  0.708045  0.609350  0.648946  0.297311  0.717571  0.723198  0.705504  0.910417  0.655719  0.710232  0.605467  0.652005  0.702891  0.646684  0.802667  0.790313  0.690248  0.836567  0.734128  0.727436  0.213936  0.705796  0.712157  0.706591  0.785242  0.717654  0.694025  0.644694  0.735553  0.868086  0.695659  0.615811  0.620749  0.835151  0.189813  0.709828  0.188833  0.694611  0.235546  0.780854  0.673570  0.654411  0.635043  0.881527  0.929758  0.745334  0.375269  0.725020  0.793182  0.831102  0.729474  0.695393  0.217780  0.850946  0.709640  0.670674  0.730604  0.558092  0.683181  0.650842  0.736084  0.739726  0.768879  0.703385  0.785332  0.432314  0.658869  0.774125  0.674683  0.756046  0.761402  0.638907  0.835307  0.807713  0.648077  0.743074  0.700604  0.769760  0.246193  0.725582 
9  0.665848  0.832277  0.529914  0.770315  0.759972  0.460618  0.533684  0.763890  0.708045 0.0  0.672939  0.152202  0.683423  0.310277  0.775564  0.513649  0.828733  0.474349  0.731076  0.561605  0.622496  0.308923  0.603734  0.803508  0.270331  0.302565  0.759683  0.399613  0.156539  0.836001  0.773025  0.660050  0.537234  0.148575  0.365857  0.533305  0.296014  0.145811  0.714992  0.618669  0.584388  0.595401  0.072477  0.708596  0.766782  0.703643  0.612563  0.734689  0.792417  0.461126  0.589816  0.654706  0.776066  0.904324  0.276742  0.761289  0.579981  0.455712  0.791063  0.639326  0.770873  0.604460  0.522335  0.315194  0.072477  0.276413  0.569047  0.701851  0.670300  0.687064  0.160839  0.152493  0.163020  0.282170  0.446375  0.156296  0.159483  0.072477  0.284652  0.479583  0.380514  0.150868  0.171425  0.286528  0.155745  0.407300  0.295441  0.757668  0.266789 
10  0.533122  0.581436  0.302397  0.727969  0.072477  0.643893  0.608551  0.689227  0.609350  0.672939 0.0  0.637695  0.734764  0.672316  0.651577  0.601835  0.743288  0.686879  0.643353  0.528345  0.263160  0.593434  0.072477  0.659452  0.592647  0.626721  0.824659  0.668566  0.572434  0.641406  0.644683  0.591913  0.698926  0.683522  0.526165  0.607791  0.613773  0.564054  0.737803  0.541675  0.712111  0.601550  0.735011  0.572178  0.578717  0.615165  0.304868  0.523557  0.614724  0.566967  0.283394  0.633978  0.671873  0.745686  0.643556  0.665159  0.072477  0.706171  0.683780  0.619910  0.608890  0.687910  0.536569  0.630474  0.601881  0.651463  0.577878  0.589031  0.298099  0.582179  0.659787  0.696164  0.630505  0.561620  0.364192  0.576071  0.689635  0.691068  0.719409  0.582585  0.668069  0.648743  0.742840  0.581137  0.686898  0.656514  0.623798  0.586092  0.586657 
11  0.679194  0.768190  0.623534  0.773293  0.591851  0.468398  0.657229  0.692569  0.648946  0.152202  0.637695 0.0  0.755045  0.310231  0.780754  0.490252  0.866855  0.487965  0.749417  0.630361  0.612261  0.296232  0.679845  0.762447  0.235165  0.334409  0.894986  0.536549  0.072477  0.756025  0.822025  0.766672  0.617050  0.145740  0.445756  0.511394  0.257242  0.155403  0.961041  0.642340  0.580430  0.549426  0.149455  0.731411  0.661816  0.849382  0.557617  0.717434  0.780705  0.490054  0.641023  0.751039  0.550981  0.712999  0.315491  0.717324  0.718680  0.521626  0.730051  0.686236  0.750244  0.750566  0.455557  0.280276  0.145539  0.291932  0.611810  0.750401  0.631362  0.576004  0.072477  0.072477  0.072477  0.374770  0.511942  0.072477  0.072477  0.072477  0.327131  0.530906  0.432735  0.072477  0.072477  0.301631  0.127740  0.521257  0.286012  0.720380  0.298077 
12  0.805828  0.286877  0.682458  0.742620  0.677739  0.777869  0.635821  0.746142  0.297311  0.683423  0.734764  0.755045 0.0  0.797915  0.733698  0.603503  0.792636  0.778867  0.613328  0.587521  0.667604  0.677283  0.701455  0.826363  0.680643  0.713419  0.844336  0.622221  0.654340  0.426769  0.725268  0.765458  0.731027  0.759259  0.683588  0.723830  0.847672  0.713825  0.830388  0.670867  0.496637  0.505485  0.720064  0.419844  0.742710  0.403138  0.603259  0.404260  0.693865  0.845333  0.792495  0.765303  0.715845  0.839421  0.747783  0.191861  0.631177  0.754857  0.736266  0.810754  0.794383  0.346316  0.760902  0.657084  0.784894  0.698740  0.702557  0.759594  0.619859  0.654548  0.675495  0.745420  0.778547  0.716995  0.458520  0.825591  0.813463  0.638216  0.727918  0.656180  0.707925  0.733462  0.646258  0.806901  0.757951  0.700573  0.746862  0.421501  0.687505 
13  0.614504  0.790085  0.578333  0.764355  0.601405  0.454264  0.674059  0.658330  0.717571  0.310277  0.672316  0.310231  0.797915 0.0  0.618933  0.516977  0.768491  0.482774  0.753598  0.639207  0.643734  0.072477  0.601753  0.733723  0.152160  0.250226  0.783127  0.563711  0.283332  0.669814  0.638465  0.846961  0.693559  0.273503  0.513297  0.496633  0.143057  0.305236  0.837853  0.629799  0.641158  0.667945  0.331730  0.682622  0.861724  0.773565  0.616942  0.660752  0.746696  0.417473  0.602094  0.866629  0.809885  0.943194  0.162220  0.760424  0.579257  0.539131  0.643800  0.846857  0.699127  0.689519  0.447970  0.164635  0.269813  0.155050  0.567358  0.709903  0.606637  0.648359  0.264236  0.301234  0.250662  0.259744  0.476014  0.285952  0.274526  0.072477  0.317905  0.440945  0.552024  0.305798  0.267989  0.152912  0.267816  0.550802  0.151141  0.721963  0.159369 
14  0.386556  0.740080  0.633439  0.377161  0.661136  0.782063  0.686376  0.399969  0.723198  0.775564  0.651577  0.780754  0.733698  0.618933 0.0  0.678638  0.810608  0.707628  0.187570  0.280855  0.641478  0.793968  0.653156  0.224474  0.635335  0.692698  0.881539  0.740618  0.770712  0.690782  0.388438  0.198174  0.684251  0.737696  0.686224  0.819485  0.630682  0.830319  0.199566  0.553252  0.608242  0.619827  0.649612  0.608856  0.404021  0.727163  0.528791  0.728400  0.470602  0.644982  0.578760  0.429157  0.424152  0.827776  0.728779  0.722159  0.578176  0.773970  0.447793  0.497237  0.072477  0.678905  0.714834  0.741747  0.680210  0.640162  0.514905  0.469281  0.597953  0.695027  0.742479  0.758839  0.831528  0.753067  0.405357  0.752406  0.770044  0.633721  0.693696  0.690969  0.911104  0.698993  0.723686  0.749019  0.676631  0.659413  0.623485  0.688269  0.657458 
15  0.674124  0.662947  0.714287  0.730979  0.599564  0.072477  0.609914  0.845567  0.705504  0.513649  0.601835  0.490252  0.603503  0.516977  0.678638 0.0  0.753153  0.247813  0.660840  0.570866  0.692431  0.493478  0.732434  0.784148  0.435793  0.513688  0.780914  0.145046  0.446919  0.707428  0.711066  0.768682  0.617997  0.523129  0.145241  0.319741  0.446689  0.473824  0.796850  0.568547  0.666385  0.597860  0.442892  0.673382  0.801492  0.739369  0.516090  0.692563  0.834173  0.325538  0.611657  0.682394  0.698528  0.882717  0.424790  0.700684  0.634920  0.289943  0.741992  0.717068  0.767448  0.656130  0.307751  0.450344  0.498715  0.445599  0.662723  0.914016  0.653616  0.583765  0.509240  0.435786  0.494886  0.507324  0.469863  0.465599  0.423721  0.273254  0.486473  0.246651  0.158736  0.414103  0.490318  0.463508  0.445636  0.154117  0.516882  0.794915  0.418924 
16  0.758426  0.578303  0.812397  0.848189  0.789278  0.862362  0.748615  0.924943  0.910417  0.828733  0.743288  0.866855  0.792636  0.768491  0.810608  0.753153 0.0  0.871232  0.760417  0.777050  0.878665  0.678088  0.818037  0.961462  0.860430  0.773058  0.072477  0.884629  0.827353  0.723690  0.816178  0.829001  0.781073  0.812256  0.736511  0.844991  0.940194  0.919625  0.798980  0.810513  0.892880  0.831233  0.808900  0.877669  0.689175  0.918134  0.895608  0.841168  0.745156  0.815837  0.969525  0.671075  0.838581  0.072477  0.819875  0.890296  0.901845  0.733790  0.743664  0.905639  0.747806  0.722583  0.899352  0.846298  0.851342  0.790318  0.804702  0.754986  0.711846  0.679980  0.772903  0.779600  0.743822  0.699482  0.683465  0.784753  0.841992  0.740901  0.828965  0.881813  0.784393  0.827441  0.922737  0.891293  0.929767  0.874822  0.843913  0.843496  0.763517 
17  0.664639  0.805787  0.680805  0.744446  0.641735  0.273382  0.660986  0.651818  0.655719  0.474349  0.686879  0.487965  0.778867  0.482774  0.707628  0.247813  0.871232 0.0  0.759662  0.725766  0.618439  0.577075  0.566467  0.762919  0.463709  0.491835  0.838758  0.298597  0.454789  0.649257  0.706309  0.759656  0.606361  0.432807  0.276923  0.154509  0.445956  0.505757  0.861000  0.648220  0.688569  0.692167  0.422012  0.725433  0.812947  0.747368  0.593892  0.527367  0.691792  0.156401  0.742294  0.733688  0.656087  0.749185  0.446833  0.787669  0.512031  0.152700  0.744847  0.771910  0.754900  0.678645  0.173447  0.513565  0.390496  0.522586  0.683387  0.780930  0.639605  0.650766  0.492934  0.441350  0.495890  0.483258  0.436764  0.514989  0.416380  0.279376  0.436432  0.165184  0.278123  0.524283  0.461259  0.480816  0.414061  0.308571  0.500233  0.739226  0.466401 
18  0.332325  0.727535  0.668312  0.417000  0.657297  0.645188  0.654927  0.400222  0.710232  0.731076  0.643353  0.749417  0.613328  0.753598  0.187570  0.660840  0.760417  0.759662 0.0  0.253833  0.632815  0.688232  0.645870  0.072477  0.820512  0.730918  0.885942  0.579683  0.744483  0.684114  0.386162  0.072477  0.554547  0.560423  0.724233  0.767291  0.666725  0.735079  0.072477  0.588597  0.606374  0.591031  0.777629  0.733278  0.386377  0.665639  0.712303  0.737430  0.478611  0.772727  0.549938  0.475617  0.401807  0.690500  0.739540  0.805010  0.611443  0.804241  0.461677  0.370908  0.195444  0.760817  0.670814  0.680989  0.768089  0.734059  0.652816  0.450286  0.689086  0.560663  0.710371  0.720306  0.663960  0.695215  0.483480  0.714412  0.721028  0.652072  0.772654  0.803312  0.853017  0.775352  0.768460  0.754218  0.627968  0.707588  0.787550  0.739414  0.753400 
19  0.282500  0.700400  0.645300  0.327806  0.625077  0.735534  0.638116  0.297581  0.605467  0.561605  0.528345  0.630361  0.587521  0.639207  0.280855  0.570866  0.777050  0.725766  0.253833 0.0  0.647973  0.625204  0.611799  0.312626  0.618013  0.542191  0.733259  0.578871  0.637443  0.580777  0.291293  0.317856  0.676562  0.649442  0.552337  0.668555  0.621208  0.583994  0.266505  0.711654  0.521531  0.715634  0.744718  0.615051  0.293913  0.585407  0.683628  0.632104  0.253064  0.619151  0.664545  0.293829  0.282080  0.861487  0.699985  0.589091  0.613146  0.581169  0.270196  0.270938  0.310800  0.708810  0.615839  0.633057  0.677766  0.608541  0.717641  0.255009  0.617650  0.653911  0.676146  0.635677  0.720274  0.588650  0.453769  0.594975  0.656089  0.734511  0.662852  0.602214  0.556955  0.618265  0.669041  0.618482  0.574136  0.614148  0.614744  0.552583  0.639079 
20  0.721321  0.629389  0.290817  0.574156  0.281946  0.639211  0.538207  0.699354  0.652005  0.622496  0.263160  0.612261  0.667604  0.643734  0.641478  0.692431  0.878665  0.618439  0.632815  0.647973 0.0  0.623040  0.322255  0.623538  0.695529  0.594355  0.785972  0.641230  0.634239  0.600000  0.669515  0.633952  0.678911  0.640593  0.597868  0.739898  0.627069  0.535756  0.711196  0.583897  0.595455  0.672607  0.648007  0.582674  0.592497  0.542893  0.231412  0.657605  0.616203  0.541035  0.269410  0.645902  0.633532  0.887997  0.711021  0.700194  0.255103  0.671817  0.635925  0.634548  0.645298  0.577571  0.576520  0.592425  0.625428  0.612905  0.727705  0.687885  0.314262  0.598072  0.494583  0.653606  0.704795  0.557925  0.446603  0.583675  0.597811  0.615352  0.675811  0.630509  0.631531  0.738002  0.660264  0.628900  0.581768  0.609426  0.618652  0.579681  0.655780 
21  0.686060  0.676496  0.629565  0.677943  0.614074  0.475685  0.545704  0.778703  0.702891  0.308923  0.593434  0.296232  0.677283  0.072477  0.793968  0.493478  0.678088  0.577075  0.688232  0.625204  0.623040 0.0  0.665778  0.796675  0.157875  0.288209  0.839080  0.480124  0.273807  0.738432  0.643859  0.712534  0.672305  0.304654  0.411148  0.460226  0.162882  0.285363  0.785116  0.565665  0.701528  0.633961  0.280386  0.666473  0.718927  0.647566  0.557690  0.726105  0.626684  0.493713  0.664674  0.764819  0.665652  0.850524  0.159867  0.757910  0.657237  0.502878  0.692910  0.697077  0.649736  0.814047  0.435855  0.158470  0.299112  0.148639  0.669009  0.919452  0.564102  0.647914  0.274267  0.311767  0.264063  0.276867  0.370187  0.250583  0.307473  0.072477  0.274213  0.483654  0.553858  0.252370  0.279113  0.152669  0.286904  0.479511  0.156424  0.675900  0.142366 
22  0.545134  0.610247  0.306210  0.663916  0.072477  0.578992  0.663539  0.684322  0.646684  0.603734  0.072477  0.679845  0.701455  0.601753  0.653156  0.732434  0.818037  0.566467  0.645870  0.611799  0.322255  0.665778 0.0  0.524515  0.635157  0.635389  0.800422  0.613052  0.623349  0.753050  0.722712  0.686752  0.718921  0.605654  0.671172  0.548964  0.550858  0.593463  0.584981  0.644870  0.619773  0.645284  0.670060  0.668936  0.585330  0.596536  0.317476  0.522916  0.663925  0.666954  0.333970  0.642101  0.604521  0.820908  0.601710  0.589545  0.072477  0.659478  0.682778  0.628859  0.757852  0.664531  0.569540  0.606109  0.619839  0.637391  0.657817  0.624907  0.293405  0.737633  0.649289  0.602494  0.692627  0.721662  0.500200  0.599777  0.801953  0.652916  0.659333  0.655502  0.620419  0.653189  0.577307  0.662155  0.708489  0.583060  0.611661  0.614474  0.559961 
23  0.349209  0.751397  0.595629  0.418116  0.719584  0.824508  0.665086  0.488792  0.802667  0.803508  0.659452  0.762447  0.826363  0.733723  0.224474  0.784148  0.961462  0.762919  0.072477  0.312626  0.623538  0.796675  0.524515 0.0  0.727454  0.923744  0.965022  0.777232  0.786442  0.751805  0.432267  0.128847  0.570122  0.792190  0.759973  0.776212  0.705552  0.732122  0.136152  0.667381  0.683654  0.620652  0.782193  0.830885  0.498722  0.841889  0.579330  0.741721  0.453893  0.871957  0.621393  0.384800  0.489077  0.817609  0.859949  0.743168  0.534269  0.726311  0.374829  0.406488  0.207190  0.720508  0.778357  0.753062  0.728259  0.697650  0.584446  0.469129  0.642670  0.571748  0.774473  0.769459  0.827398  0.832885  0.492653  0.840492  0.855379  0.700971  0.777846  0.756431  0.722645  0.655455  0.754763  0.847181  0.741435  0.724490  0.752290  0.736911  0.760103 
24  0.557599  0.677503  0.716877  0.629263  0.638043  0.399888  0.673827  0.694946  0.790313  0.270331  0.592647  0.235165  0.680643  0.152160  0.635335  0.435793  0.860430  0.463709  0.820512  0.618013  0.695529  0.157875  0.635157  0.727454 0.0  0.291758  0.785863  0.461859  0.258832  0.788164  0.688999  0.794126  0.601380  0.295993  0.527365  0.448830  0.072477  0.260249  0.701353  0.738013  0.549671  0.653362  0.285963  0.751608  0.735828  0.692355  0.634140  0.778987  0.686743  0.531257  0.703131  0.762547  0.652088  0.673441  0.072477  0.545992  0.563735  0.404699  0.740530  0.611467  0.643546  0.588746  0.523522  0.072477  0.303041  0.072477  0.707479  0.814998  0.617272  0.675392  0.285991  0.309503  0.273969  0.300362  0.434642  0.239871  0.315312  0.072477  0.226146  0.499084  0.541194  0.270375  0.298819  0.072477  0.274598  0.518007  0.072477  0.740227  0.072477 
25  0.729008  0.723158  0.651472  0.756567  0.676666  0.456660  0.670093  0.773048  0.690248  0.302565  0.626721  0.334409  0.713419  0.250226  0.692698  0.513688  0.773058  0.491835  0.730918  0.542191  0.594355  0.288209  0.635389  0.923744  0.291758 0.0  0.812666  0.409171  0.273605  0.675318  0.731402  0.783865  0.619280  0.273885  0.484972  0.518601  0.274259  0.255301  0.822410  0.573789  0.616894  0.644217  0.257941  0.720142  0.874543  0.784376  0.695599  0.768082  0.832442  0.447120  0.607015  0.630928  0.840391  0.822462  0.301053  0.775712  0.583215  0.504624  0.744476  0.806744  0.704746  0.723354  0.469588  0.261796  0.273944  0.294282  0.640410  0.799719  0.644095  0.714076  0.306500  0.360585  0.278880  0.136030  0.455180  0.270916  0.243186  0.072477  0.072477  0.535294  0.501452  0.272542  0.310442  0.289862  0.292108  0.422501  0.310217  0.787115  0.232813 
26  0.738795  0.717770  0.890575  0.874517  0.960267  0.886651  0.795750  0.919107  0.836567  0.759683  0.824659  0.894986  0.844336  0.783127  0.881539  0.780914  0.072477  0.838758  0.885942  0.733259  0.785972  0.839080  0.800422  0.965022  0.785863  0.812666 0.0  0.628381  0.776291  0.817163  0.849708  0.754564  0.857753  0.722983  0.799811  0.833900  0.758249  0.800677  0.740689  0.787914  0.724768  0.785957  0.869787  0.765860  0.897538  0.834674  0.744477  0.823302  0.858798  0.679637  0.625320  0.737342  0.715462  0.072477  0.777454  0.831059  0.747613  0.838060  0.843453  0.789583  0.853828  0.731785  0.930866  0.829253  0.875273  0.718911  0.926425  0.864351  0.838259  0.904202  0.874001  0.844698  0.777994  0.885812  0.793371  0.803248  0.908081  0.832791  0.872943  0.861269  0.826678  0.786271  0.777422  0.929532  0.963446  0.828001  0.893746  0.789892  0.736047 
27  0.708817  0.694700  0.634444  0.648688  0.677941  0.142199  0.592677  0.700053  0.734128  0.399613  0.668566  0.536549  0.622221  0.563711  0.740618  0.145046  0.884629  0.298597  0.579683  0.578871  0.641230  0.480124  0.613052  0.777232  0.461859  0.409171  0.628381 0.0  0.506132  0.605876  0.738905  0.806185  0.596779  0.493779  0.072477  0.242519  0.479040  0.448424  0.789593  0.589886  0.672083  0.687305  0.446812  0.703084  0.712555  0.723784  0.659037  0.724851  0.779539  0.296256  0.704642  0.669899  0.677167  0.777453  0.519986  0.713336  0.599821  0.304341  0.635706  0.716939  0.773257  0.716467  0.288883  0.474171  0.356461  0.474615  0.640541  0.781361  0.704093  0.673443  0.497585  0.426857  0.524059  0.456757  0.406702  0.471009  0.475936  0.289964  0.477710  0.261106  0.072477  0.489619  0.487381  0.435873  0.470039  0.072477  0.531014  0.650811  0.512819 
28  0.833646  0.701291  0.613497  0.703367  0.625806  0.469376  0.689710  0.581056  0.727436  0.156539  0.572434  0.072477  0.654340  0.283332  0.770712  0.446919  0.827353  0.454789  0.744483  0.637443  0.634239  0.273807  0.623349  0.786442  0.258832  0.273605  0.776291  0.506132 0.0  0.816890  0.816338  0.901172  0.650332  0.143745  0.511966  0.458413  0.261077  0.150407  0.747671  0.634347  0.616357  0.588643  0.146563  0.779809  0.607456  0.772832  0.687998  0.709918  0.743558  0.495552  0.561232  0.841948  0.784750  0.853869  0.283143  0.732175  0.674838  0.448946  0.675830  0.703783  0.634505  0.622734  0.433436  0.280224  0.160855  0.256458  0.622716  0.629865  0.699116  0.651914  0.072477  0.072477  0.072477  0.267015  0.468012  0.072477  0.072477  0.072477  0.309711  0.539977  0.537296  0.072477  0.072477  0.270842  0.072477  0.487806  0.282322  0.665100  0.286613 
29  0.724561  0.214333  0.562857  0.610957  0.741503  0.665197  0.544603  0.746268  0.213936  0.836001  0.641406  0.756025  0.426769  0.669814  0.690782  0.707428  0.723690  0.649257  0.684114  0.580777  0.600000  0.738432  0.753050  0.751805  0.788164  0.675318  0.817163  0.605876  0.816890 0.0  0.684431  0.699582  0.674797  0.710993  0.741038  0.746670  0.597001  0.700046  0.811397  0.563593  0.593737  0.580318  0.709214  0.072477  0.706685  0.072477  0.634139  0.072477  0.725502  0.734582  0.678263  0.786080  0.758697  0.866859  0.715975  0.480956  0.583913  0.756403  0.724687  0.835021  0.644525  0.072477  0.708434  0.742504  0.897135  0.831394  0.535605  0.741556  0.655472  0.668393  0.676171  0.764268  0.641223  0.698644  0.481732  0.530412  0.834706  0.593080  0.759095  0.746310  0.860402  0.742983  0.769514  0.796456  0.700023  0.883987  0.635771  0.185333  0.767321 
30  0.395845  0.731177  0.687142  0.441802  0.623349  0.633926  0.686443  0.423263  0.705796  0.773025  0.644683  0.822025  0.725268  0.638465  0.388438  0.711066  0.816178  0.706309  0.386162  0.291293  0.669515  0.643859  0.722712  0.432267  0.688999  0.731402  0.849708  0.738905  0.816338  0.684431 0.0  0.404879  0.655301  0.787984  0.776264  0.731478  0.806270  0.648727  0.463590  0.611477  0.602116  0.589472  0.830655  0.739260  0.442254  0.764021  0.642018  0.632410  0.450551  0.782341  0.540103  0.390916  0.401868  0.769140  0.683259  0.723043  0.611257  0.692923  0.436815  0.407927  0.418873  0.717123  0.681434  0.647327  0.751035  0.636894  0.616737  0.406182  0.681069  0.613236  0.650428  0.747499  0.805415  0.681094  0.426739  0.710034  0.677050  0.733895  0.729066  0.733623  0.747381  0.643064  0.655241  0.780409  0.726670  0.722989  0.610016  0.799831  0.680426 
31  0.349549  0.728932  0.583742  0.437796  0.661020  0.833113  0.485121  0.435152  0.712157  0.660050  0.591913  0.766672  0.765458  0.846961  0.198174  0.768682  0.829001  0.759656  0.072477  0.317856  0.633952  0.712534  0.686752  0.128847  0.794126  0.783865  0.754564  0.806185  0.901172  0.699582  0.404879 0.0  0.618501  0.683208  0.831700  0.783490  0.742706  0.709591  0.072477  0.615414  0.722134  0.539188  0.814335  0.755166  0.442021  0.669376  0.649261  0.593731  0.394164  0.728624  0.632842  0.373467  0.453454  0.832285  0.776024  0.777851  0.635549  0.716386  0.435850  0.394494  0.205931  0.741933  0.712258  0.747826  0.804193  0.799436  0.548857  0.435959  0.655541  0.687521  0.730605  0.762171  0.807836  0.729511  0.406105  0.807322  0.800732  0.601854  0.812883  0.704714  0.871066  0.696885  0.768931  0.712914  0.733282  0.883131  0.851629  0.757362  0.824607 
32  0.622460  0.550495  0.701559  0.542362  0.740649  0.530693  0.662145  0.763373  0.706591  0.537234  0.698926  0.617050  0.731027  0.693559  0.684251  0.617997  0.781073  0.606361  0.554547  0.676562  0.678911  0.672305  0.718921  0.570122  0.601380  0.619280  0.857753  0.596779  0.650332  0.674797  0.655301  0.618501 0.0  0.611652  0.680833  0.706587  0.618986  0.624441  0.583988  0.285228  0.271620  0.072477  0.671707  0.586379  0.515031  0.556096  0.611072  0.607583  0.706503  0.620070  0.626092  0.709095  0.584614  0.888158  0.605809  0.685996  0.546824  0.562256  0.616305  0.639295  0.718559  0.645283  0.525239  0.573189  0.644588  0.597489  0.576327  0.681831  0.687172  0.684491  0.634540  0.689821  0.702023  0.653379  0.423778  0.574224  0.603425  0.603949  0.696826  0.665964  0.612445  0.584683  0.676672  0.514805  0.545239  0.683787  0.667787  0.603165  0.632561 
33  0.721012  0.836924  0.594144  0.810042  0.663355  0.445322  0.572134  0.818179  0.785242  0.148575  0.683522  0.145740  0.759259  0.273503  0.737696  0.523129  0.812256  0.432807  0.560423  0.649442  0.640593  0.304654  0.605654  0.792190  0.295993  0.273885  0.722983  0.493779  0.143745  0.710993  0.787984  0.683208  0.611652 0.0  0.541550  0.553933  0.281253  0.072477  0.834307  0.678809  0.720074  0.704535  0.156774  0.711555  0.784147  0.832001  0.623497  0.685821  0.755928  0.488016  0.674005  0.751493  0.758868  1.000000  0.266909  0.758978  0.601956  0.426096  0.760553  0.631783  0.769728  0.703424  0.456937  0.285698  0.148083  0.299448  0.725085  0.727616  0.675822  0.628456  0.164412  0.152980  0.145138  0.306166  0.410767  0.146738  0.154701  0.072477  0.246309  0.469693  0.448572  0.155798  0.153877  0.258673  0.149435  0.433660  0.308702  0.752494  0.296196 
34  0.788975  0.696282  0.669764  0.701188  0.516074  0.150428  0.677989  0.768985  0.717654  0.365857  0.526165  0.445756  0.683588  0.513297  0.686224  0.145241  0.736511  0.276923  0.724233  0.552337  0.597868  0.411148  0.671172  0.759973  0.527365  0.484972  0.799811  0.072477  0.511966  0.741038  0.776264  0.831700  0.680833  0.541550 0.0  0.273229  0.538203  0.498129  0.805796  0.599109  0.542437  0.611701  0.359579  0.725311  0.742992  0.631739  0.602574  0.631094  0.796968  0.290073  0.651969  0.661606  0.823777  0.721162  0.472265  0.733453  0.736345  0.295765  0.759224  0.765422  0.678731  0.737081  0.283306  0.497868  0.306181  0.485229  0.583184  0.635517  0.559330  0.690576  0.509068  0.486088  0.464361  0.477697  0.564786  0.463521  0.506057  0.247722  0.453724  0.265542  0.072477  0.465234  0.484606  0.492522  0.505147  0.072477  0.547119  0.787244  0.484542 
35  0.726228  0.739240  0.521599  0.779737  0.615131  0.288498  0.509304  0.709111  0.694025  0.533305  0.607791  0.511394  0.723830  0.496633  0.819485  0.319741  0.844991  0.154509  0.767291  0.668555  0.739898  0.460226  0.548964  0.776212  0.448830  0.518601  0.833900  0.242519  0.458413  0.746670  0.731478  0.783490  0.706587  0.553933  0.273229 0.0  0.455753  0.482849  0.906459  0.541458  0.570758  0.594363  0.506536  0.840176  0.905698  0.745757  0.634929  0.774926  0.733431  0.127816  0.658438  0.797408  0.927076  0.733698  0.559790  0.950495  0.529439  0.154542  0.698991  0.627823  0.719001  0.663837  0.152950  0.478921  0.480842  0.450014  0.612280  0.804095  0.625277  0.658005  0.464071  0.500556  0.496336  0.583473  0.388543  0.491953  0.478392  0.213936  0.517688  0.157612  0.287793  0.458837  0.493185  0.426323  0.504906  0.265391  0.410532  0.816387  0.570311 
36  0.754101  0.641718  0.717299  0.713065  0.724975  0.456150  0.589519  0.851391  0.644694  0.296014  0.613773  0.257242  0.847672  0.143057  0.630682  0.446689  0.940194  0.445956  0.666725  0.621208  0.627069  0.162882  0.550858  0.705552  0.072477  0.274259  0.758249  0.479040  0.261077  0.597001  0.806270  0.742706  0.618986  0.281253  0.538203  0.455753 0.0  0.259706  0.865219  0.725110  0.653601  0.623266  0.254637  0.706202  0.770193  0.595391  0.607978  0.730189  0.752616  0.479491  0.600283  0.790048  0.878849  0.765269  0.072477  0.619677  0.619891  0.534467  0.782849  0.684365  0.675230  0.688625  0.470197  0.072477  0.297957  0.072477  0.600753  0.777646  0.739608  0.677340  0.262821  0.308860  0.308353  0.295609  0.523868  0.300744  0.274058  0.072477  0.279581  0.490361  0.404408  0.251755  0.250392  0.072477  0.298486  0.430417  0.072477  0.778958  0.072477 
37  0.670488  0.736623  0.635449  0.720383  0.630796  0.508356  0.733250  0.866991  0.735553  0.145811  0.564054  0.155403  0.713825  0.305236  0.830319  0.473824  0.919625  0.505757  0.735079  0.583994  0.535756  0.285363  0.593463  0.732122  0.260249  0.255301  0.800677  0.448424  0.150407  0.700046  0.648727  0.709591  0.624441  0.072477  0.498129  0.482849  0.259706 0.0  0.683728  0.671224  0.564557  0.672922  0.155550  0.773635  0.760585  0.785996  0.629602  0.839449  0.662186  0.434986  0.680871  0.678885  0.660112  0.893254  0.274484  0.731157  0.614779  0.478863  0.766597  0.765463  0.751672  0.642831  0.534488  0.298479  0.151102  0.297060  0.590691  0.777032  0.609888  0.591479  0.160899  0.148086  0.153969  0.334928  0.461830  0.152861  0.163074  0.072477  0.301934  0.522299  0.431650  0.159545  0.142804  0.294170  0.155225  0.502583  0.281636  0.767661  0.284670 
38  0.474175  0.715309  0.701227  0.372744  0.568653  0.750824  0.648229  0.443237  0.868086  0.714992  0.737803  0.961041  0.830388  0.837853  0.199566  0.796850  0.798980  0.861000  0.072477  0.266505  0.711196  0.785116  0.584981  0.136152  0.701353  0.822410  0.740689  0.789593  0.747671  0.811397  0.463590  0.072477  0.583988  0.834307  0.805796  0.906459  0.865219  0.683728 0.0  0.609132  0.639512  0.668633  0.682551  0.768265  0.467055  0.734320  0.589764  0.703155  0.382896  0.872137  0.623583  0.439398  0.502400  0.899326  0.791640  0.661193  0.633176  0.793873  0.377585  0.440696  0.204452  0.718482  0.855824  0.855718  0.753006  0.797798  0.569280  0.484268  0.566280  0.621834  0.819330  0.819976  0.650830  0.815478  0.437952  0.681981  0.724279  0.658144  0.804093  0.751952  0.682096  0.708382  0.829629  0.797947  0.709959  0.835520  0.865655  0.731516  0.839286 
39  0.711991  0.701248  0.511818  0.653953  0.649911  0.696325  0.639803  0.660486  0.695659  0.618669  0.541675  0.642340  0.670867  0.629799  0.553252  0.568547  0.810513  0.648220  0.588597  0.711654  0.583897  0.565665  0.644870  0.667381  0.738013  0.573789  0.787914  0.589886  0.634347  0.563593  0.611477  0.615414  0.285228  0.678809  0.599109  0.541458  0.725110  0.671224  0.609132 0.0  0.243753  0.295371  0.681031  0.720957  0.555552  0.689317  0.647251  0.683707  0.620464  0.565412  0.681781  0.689787  0.691562  0.727249  0.631487  0.642573  0.637315  0.585317  0.712453  0.729314  0.605403  0.723576  0.724703  0.653965  0.570573  0.593188  0.612387  0.629892  0.629518  0.614706  0.616130  0.597125  0.664148  0.634191  0.511272  0.586576  0.644856  0.599464  0.631634  0.675697  0.671760  0.703601  0.675853  0.671607  0.609627  0.592376  0.632885  0.612141  0.618292 
40  0.707276  0.705258  0.638537  0.567398  0.677266  0.631066  0.676729  0.707537  0.615811  0.584388  0.712111  0.580430  0.496637  0.641158  0.608242  0.666385  0.892880  0.688569  0.606374  0.521531  0.595455  0.701528  0.619773  0.683654  0.549671  0.616894  0.724768  0.672083  0.616357  0.593737  0.602116  0.722134  0.271620  0.720074  0.542437  0.570758  0.653601  0.564557  0.639512  0.243753 0.0  0.300129  0.643584  0.652325  0.674252  0.716178  0.673277  0.735791  0.681185  0.580635  0.490349  0.573413  0.568579  0.783183  0.788916  0.629266  0.749166  0.668512  0.754167  0.638120  0.615227  0.680496  0.665827  0.608909  0.602955  0.573691  0.675039  0.612487  0.688399  0.681823  0.636409  0.678294  0.595646  0.621642  0.498839  0.684522  0.642579  0.617491  0.704256  0.626046  0.481586  0.629176  0.700393  0.590166  0.659641  0.549952  0.595993  0.643097  0.624201 
41  0.638473  0.523027  0.605607  0.569109  0.618884  0.789533  0.647500  0.538213  0.620749  0.595401  0.601550  0.549426  0.505485  0.667945  0.619827  0.597860  0.831233  0.692167  0.591031  0.715634  0.672607  0.633961  0.645284  0.620652  0.653362  0.644217  0.785957  0.687305  0.588643  0.580318  0.589472  0.539188  0.072477  0.704535  0.611701  0.594363  0.623266  0.672922  0.668633  0.295371  0.300129 0.0  0.662603  0.643223  0.490624  0.714969  0.626402  0.681036  0.624209  0.702800  0.700548  0.729085  0.546308  0.754615  0.695997  0.589336  0.607957  0.679624  0.610639  0.594383  0.560569  0.689322  0.635334  0.716287  0.589189  0.636772  0.603294  0.560369  0.624296  0.632015  0.655838  0.620048  0.617715  0.681166  0.407007  0.606468  0.678491  0.680138  0.531294  0.636619  0.619917  0.590183  0.651585  0.630569  0.607861  0.597961  0.635976  0.656659  0.597357 
42  0.626686  0.697497  0.652561  0.610416  0.681639  0.466814  0.563167  0.799043  0.835151  0.072477  0.735011  0.149455  0.720064  0.331730  0.649612  0.442892  0.808900  0.422012  0.777629  0.744718  0.648007  0.280386  0.670060  0.782193  0.285963  0.257941  0.869787  0.446812  0.146563  0.709214  0.830655  0.814335  0.671707  0.156774  0.359579  0.506536  0.254637  0.155550  0.682551  0.681031  0.643584  0.662603 0.0  0.716764  0.793127  0.834874  0.656807  0.847648  0.728279  0.501027  0.646845  0.717217  0.841085  0.744762  0.287777  0.686995  0.605852  0.469436  0.661107  0.779124  0.793811  0.865930  0.537826  0.295269  0.072477  0.325318  0.674399  0.743282  0.591531  0.617579  0.160442  0.139250  0.139648  0.266148  0.447050  0.156989  0.160103  0.072477  0.275728  0.461292  0.352948  0.170349  0.146840  0.297627  0.161786  0.439039  0.287626  0.822233  0.296904 
43  0.654196  0.208654  0.573206  0.762274  0.570920  0.714742  0.657296  0.693230  0.189813  0.708596  0.572178  0.731411  0.419844  0.682622  0.608856  0.673382  0.877669  0.725433  0.733278  0.615051  0.582674  0.666473  0.668936  0.830885  0.751608  0.720142  0.765860  0.703084  0.779809  0.072477  0.739260  0.755166  0.586379  0.711555  0.725311  0.840176  0.706202  0.773635  0.768265  0.720957  0.652325  0.643223  0.716764 0.0  0.726203  0.072477  0.653226  0.072477  0.692177  0.777688  0.630541  0.792855  0.638981  0.735215  0.682166  0.394305  0.630391  0.767209  0.732660  0.650718  0.763062  0.072477  0.674445  0.656339  0.685940  0.699179  0.670947  0.828316  0.656733  0.697354  0.712768  0.730757  0.728072  0.650369  0.451645  0.754386  0.708650  0.532931  0.828913  0.645084  0.822696  0.654875  0.679161  0.773713  0.687408  0.824862  0.751844  0.184203  0.571448 
44  0.205531  0.786295  0.542613  0.209733  0.583891  0.859569  0.643659  0.072477  0.709828  0.766782  0.578717  0.661816  0.742710  0.861724  0.404021  0.801492  0.689175  0.812947  0.386377  0.293913  0.592497  0.718927  0.585330  0.498722  0.735828  0.874543  0.897538  0.712555  0.607456  0.706685  0.442254  0.442021  0.515031  0.784147  0.742992  0.905698  0.770193  0.760585  0.467055  0.555552  0.674252  0.490624  0.793127  0.726203 0.0  0.757496  0.676114  0.813283  0.212073  0.783886  0.596473  0.200612  0.072477  0.702003  0.884341  0.716568  0.732731  0.823065  0.224729  0.195242  0.378964  0.731515  0.814489  0.778948  0.832398  0.869343  0.717457  0.165196  0.654195  0.759885  0.815480  0.718336  0.794766  0.746504  0.485589  0.563821  0.757050  0.688711  0.715948  0.841469  0.854627  0.667886  0.670592  0.852904  0.814995  0.778548  0.795183  0.760485  0.926188 
