89
0 0.0  0.798807  0.697281  0.306847  0.680140  0.760744  0.750161  0.179627  0.745970  0.788336  0.704170  0.690908  0.711144  0.697496  0.465771  0.793726  0.779187  0.696298  0.498129  0.404513  0.656360  0.814259  0.719410  0.494783  0.717191  0.789958  0.805645  0.751179  0.779061  0.686807  0.383033  0.537942  0.667921  0.826980  0.745186  0.826812  0.835427  0.859285  0.389885  0.694694  0.659495  0.744246  0.725006  0.628200  0.195128  0.792197  0.635897  0.711983  0.340972  0.747490  0.719274  0.277098  0.297626  0.923269  0.776912  0.805889  0.664312  0.752302  0.264189  0.082792  0.408207  0.830900  0.667735  0.777712  0.816621  0.652783  0.631099  0.276432  0.627186  0.630787  0.817384  0.748788  0.659105  0.795305  0.479297  0.749173  0.712423  0.729842  0.799604  0.775417  0.685992  0.799173  0.757753  0.747890  0.661410  0.673107  0.811963  0.923998  0.712707 
1  0.798807 0.0  0.641999  0.724538  0.719211  0.828024  0.616020  0.768658  0.144764  0.825521  0.647671  0.746457  0.283952  0.737040  0.760601  0.841292  0.829513  0.787949  0.795626  0.629085  0.657342  0.745061  0.644513  0.707040  0.736774  1.000000  0.809288  0.699754  0.709712  0.150335  0.751758  0.762634  0.597711  0.750351  0.742965  0.821498  0.859290  0.753506  0.781664  0.636743  0.696248  0.631167  0.777030  0.365585  0.799866  0.206106  0.673695  0.225572  0.806585  0.702360  0.617198  0.669160  0.805066  0.696891  0.649042  0.458538  0.657817  0.762499  0.715884  0.770204  0.751056  0.160809  0.700047  0.778560  0.804216  0.826500  0.600631  0.848392  0.666147  0.617010  0.889935  0.713897  0.809678  0.707348  0.504494  0.785110  0.813922  0.632635  0.709887  0.728920  0.752577  0.698731  0.820458  0.811540  0.804358  0.740696  0.821529  0.217434  0.772489 
2  0.697281  0.641999 0.0  0.638840  0.330861  0.664736  0.709407  0.693591  0.629045  0.619428  0.259128  0.616001  0.638400  0.692230  0.683279  0.622512  0.859368  0.658223  0.679248  0.637538  0.300074  0.658939  0.229030  0.615327  0.645299  0.682178  0.781834  0.667675  0.668704  0.704091  0.657015  0.698861  0.724549  0.593438  0.692732  0.660326  0.577995  0.594296  0.647879  0.725114  0.666649  0.671677  0.624750  0.638917  0.704036  0.603267  0.267391  0.763461  0.637320  0.691028  0.303949  0.647246  0.648221  0.917511  0.671092  0.695035  0.333319  0.591770  0.589890  0.574918  0.712729  0.708005  0.673824  0.723113  0.590510  0.681428  0.640091  0.748339  0.101737  0.623609  0.654794  0.677478  0.620724  0.719724  0.388581  0.654319  0.606779  0.672138  0.606209  0.648978  0.687829  0.644894  0.776815  0.539125  0.575790  0.741715  0.678927  0.668125  0.623246 
3  0.306847  0.724538  0.638840 0.0  0.623062  0.745495  0.721906  0.258576  0.747584  0.793443  0.668815  0.792234  0.717532  0.723776  0.375711  0.754483  0.763797  0.730622  0.438822  0.376495  0.679622  0.842214  0.585543  0.459626  0.753449  0.696669  0.702085  0.797371  0.852674  0.706296  0.485530  0.434234  0.661970  0.771423  0.772473  0.780542  0.677215  0.804427  0.454647  0.642929  0.683380  0.709102  0.802288  0.741626  0.276286  0.746244  0.578068  0.793667  0.082792  0.721287  0.657793  0.331007  0.196649  0.810449  0.906476  0.750746  0.688406  0.775825  0.237771  0.198197  0.446155  0.833790  0.696916  0.778465  0.708100  0.778226  0.691930  0.246681  0.577429  0.646482  0.832359  0.860109  0.874658  0.858876  0.490407  0.775873  0.757424  0.725710  0.815820  0.752578  0.747116  0.712597  0.800481  0.781555  0.835658  0.859953  0.721989  0.737227  0.745820 
4  0.680140  0.719211  0.330861  0.623062 0.0  0.723818  0.659798  0.749655  0.617214  0.706021  0.082792  0.727375  0.603983  0.728690  0.727816  0.635713  0.812112  0.652721  0.696066  0.726905  0.331454  0.573929  0.111709  0.828358  0.670097  0.688593  0.772883  0.696783  0.677778  0.602518  0.677326  0.641742  0.634286  0.678308  0.703374  0.708113  0.715572  0.724002  0.646382  0.632261  0.692180  0.552211  0.675631  0.726412  0.732533  0.703063  0.307290  0.596295  0.626214  0.686702  0.351222  0.647936  0.629617  0.695757  0.686020  0.654476  0.126022  0.653634  0.718282  0.679697  0.627668  0.695794  0.687971  0.554741  0.722224  0.643838  0.628617  0.689020  0.292239  0.754939  0.610069  0.626447  0.717618  0.695930  0.454374  0.710991  0.725729  0.646546  0.654557  0.708695  0.724757  0.600742  0.708689  0.740734  0.522531  0.698415  0.739927  0.739899  0.667068 
5  0.760744  0.828024  0.664736  0.745495  0.723818 0.0  0.685734  0.763253  0.684268  0.565898  0.707509  0.579154  0.717170  0.508814  0.819348  0.082792  0.759361  0.261898  0.797685  0.618084  0.679528  0.568497  0.703241  0.867643  0.511193  0.559218  0.934433  0.082792  0.569185  0.860586  0.744830  0.845974  0.671592  0.345960  0.155437  0.428777  0.598846  0.560906  0.901324  0.567258  0.683281  0.653348  0.602223  0.755310  0.880182  0.832272  0.660283  0.711463  0.776031  0.328620  0.673758  0.789221  0.794078  0.825739  0.572972  0.792887  0.656129  0.325222  0.761441  0.761142  0.852866  0.777479  0.247587  0.594652  0.576934  0.500692  0.637909  0.843993  0.633462  0.671336  0.524126  0.506719  0.563729  0.487757  0.566352  0.481911  0.552242  0.303410  0.577481  0.337362  0.174259  0.519044  0.466433  0.538082  0.531597  0.181712  0.502999  0.790846  0.630517 
6  0.750161  0.616020  0.709407  0.721906  0.659798  0.685734 0.0  0.591424  0.647450  0.696662  0.651083  0.617754  0.642201  0.565569  0.658360  0.636882  0.747073  0.593304  0.683293  0.643086  0.541180  0.670479  0.578775  0.716304  0.620086  0.652194  0.801782  0.612943  0.700957  0.705613  0.717598  0.739692  0.613290  0.756188  0.663453  0.701488  0.526734  0.573847  0.690152  0.641652  0.656139  0.665450  0.670116  0.668105  0.723118  0.650703  0.670692  0.592601  0.669626  0.655394  0.724431  0.665162  0.596360  0.699996  0.611945  0.743577  0.619463  0.670447  0.680767  0.600888  0.708735  0.660302  0.746884  0.674103  0.643931  0.621852  0.392637  0.643032  0.655300  0.306402  0.689322  0.660577  0.746494  0.691556  0.552625  0.633888  0.718581  0.667175  0.638193  0.779276  0.627996  0.616606  0.661305  0.628691  0.733217  0.637052  0.661296  0.645555  0.640529 
7  0.179627  0.768658  0.693591  0.258576  0.749655  0.763253  0.591424 0.0  0.698157  0.796086  0.601140  0.804540  0.750172  0.906937  0.502119  0.817527  0.847437  0.792447  0.484963  0.279342  0.685883  0.860270  0.714537  0.592693  0.679631  0.932223  0.688929  0.857562  0.658272  0.751092  0.461621  0.623162  0.634477  0.788182  0.860373  0.851385  0.873973  0.769309  0.531332  0.738575  0.652030  0.702386  0.818037  0.791786  0.082792  0.685519  0.787176  0.875455  0.152698  0.809325  0.806507  0.236810  0.216231  0.763393  0.830326  0.700402  0.707985  0.775717  0.268812  0.241255  0.529124  0.781809  0.862954  0.822823  0.867898  0.694206  0.579012  0.243149  0.645567  0.675820  0.805214  0.776123  0.778399  0.824710  0.433341  0.732020  0.740311  0.690578  0.778039  0.722897  0.824456  0.795497  0.755533  0.929540  0.732069  0.951664  0.763230  0.695934  0.770170 
8  0.745970  0.144764  0.629045  0.747584  0.617214  0.684268  0.647450  0.698157 0.0  0.800438  0.667132  0.719478  0.273080  0.807424  0.813672  0.882105  0.841949  0.648190  0.725372  0.641905  0.763653  0.785052  0.545921  0.776188  0.849595  0.702500  0.793234  0.714072  0.779592  0.227048  0.757456  0.763960  0.591038  0.757882  0.731843  0.747400  0.688497  0.722285  0.782568  0.643334  0.641204  0.626398  0.755870  0.312297  0.765129  0.239297  0.664050  0.252613  0.819442  0.676250  0.765364  0.791078  0.685737  0.731542  0.760098  0.398168  0.619209  0.781835  0.700937  0.774910  0.716898  0.235062  0.749982  0.757007  0.774024  0.833817  0.713182  0.797471  0.658977  0.651473  0.609867  0.745487  0.735923  0.713539  0.394106  0.760238  0.881344  0.772373  0.886462  0.626419  0.862412  0.801286  0.825354  0.846096  0.713149  0.752217  0.725896  0.312584  0.767665 
9  0.788336  0.825521  0.619428  0.793443  0.706021  0.565898  0.696662  0.796086  0.800438 0.0  0.787095  0.246818  0.746293  0.323586  0.703343  0.529615  0.794824  0.644469  0.736790  0.620854  0.676258  0.321231  0.648564  0.785657  0.316671  0.337552  0.826318  0.515547  0.119035  0.715151  0.854715  0.807817  0.732825  0.154857  0.456495  0.630899  0.323318  0.250892  0.838684  0.642153  0.612024  0.667154  0.110909  0.818491  0.788593  0.759458  0.683005  0.722084  0.708110  0.472548  0.694802  0.709348  0.909086  0.827387  0.370083  0.818147  0.593113  0.510589  0.785756  0.772133  0.771777  0.789788  0.601409  0.331375  0.082792  0.315595  0.722106  0.773681  0.603197  0.666135  0.217997  0.199584  0.140168  0.390412  0.490243  0.309403  0.217580  0.108114  0.376086  0.487335  0.419846  0.188637  0.219269  0.298037  0.191217  0.416231  0.231920  0.803585  0.302094 
10  0.704170  0.647671  0.259128  0.668815  0.082792  0.707509  0.651083  0.601140  0.667132  0.787095 0.0  0.751610  0.625265  0.680387  0.734816  0.583123  0.813091  0.739183  0.640888  0.614999  0.456646  0.607079  0.173564  0.717413  0.721876  0.529263  0.859942  0.683494  0.618640  0.694882  0.609623  0.623239  0.681847  0.649741  0.624780  0.677693  0.600619  0.586622  0.618618  0.698985  0.566523  0.701807  0.646920  0.655188  0.667151  0.586890  0.274664  0.683484  0.720520  0.666430  0.372849  0.652473  0.561681  0.713211  0.642579  0.600965  0.082792  0.664911  0.702054  0.689841  0.740021  0.700451  0.681123  0.689775  0.675918  0.712030  0.668140  0.659814  0.306303  0.759999  0.671508  0.613848  0.742714  0.664015  0.469550  0.612048  0.602637  0.610153  0.646947  0.662041  0.847309  0.575273  0.709915  0.690039  0.626033  0.628753  0.714988  0.617323  0.681158 
11  0.690908  0.746457  0.616001  0.792234  0.727375  0.579154  0.617754  0.804540  0.719478  0.246818  0.751610 0.0  0.749181  0.369322  0.742534  0.604158  0.886007  0.647036  0.772038  0.533406  0.645648  0.358701  0.629913  0.855552  0.321792  0.283872  0.803163  0.576083  0.082792  0.682540  0.680827  0.922114  0.558323  0.123821  0.606627  0.596998  0.265448  0.089176  0.869431  0.698934  0.655412  0.675311  0.233590  0.843070  0.811625  0.795785  0.671832  0.763040  0.724910  0.586383  0.718782  0.740204  0.698426  0.802492  0.206057  0.801508  0.707617  0.561694  0.761991  0.745760  0.860049  0.687712  0.425970  0.346125  0.199211  0.259310  0.685735  0.969671  0.614893  0.611804  0.082792  0.082792  0.082792  0.466203  0.433478  0.182966  0.082792  0.082792  0.383770  0.459006  0.547734  0.082792  0.082792  0.326270  0.082792  0.487718  0.336684  0.749255  0.515992 
12  0.711144  0.283952  0.638400  0.717532  0.603983  0.717170  0.642201  0.750172  0.273080  0.746293  0.625265  0.749181 0.0  0.736696  0.715336  0.775102  0.813663  0.825787  0.808410  0.671533  0.644380  0.906105  0.661508  0.801934  0.743266  0.760272  0.749976  0.715835  0.672113  0.438547  0.828599  0.854246  0.655140  0.715605  0.797594  0.848690  0.754544  0.747781  0.703649  0.551929  0.663658  0.602152  0.840370  0.430510  0.706936  0.443188  0.664140  0.461970  0.822511  0.796906  0.607326  0.797605  0.683973  0.803115  0.695301  0.149475  0.613202  0.780899  0.712737  0.781719  0.794187  0.483829  0.761788  0.771148  0.789916  0.760137  0.681151  0.798172  0.622079  0.660335  0.797472  0.790254  0.755143  0.780746  0.377235  0.707835  0.747812  0.724394  0.827550  0.717440  0.798127  0.793390  0.733563  0.685169  0.840459  0.781156  0.793202  0.344129  0.803759 
13  0.697496  0.737040  0.692230  0.723776  0.728690  0.508814  0.565569  0.906937  0.807424  0.323586  0.680387  0.369322  0.736696 0.0  0.764718  0.510727  0.797204  0.522373  0.690605  0.595046  0.732207  0.082792  0.625259  0.800731  0.143014  0.265577  0.780071  0.521031  0.261267  0.828998  0.867314  0.797377  0.601705  0.356595  0.587700  0.568975  0.119987  0.397026  0.862532  0.710560  0.639743  0.573539  0.383921  0.621772  0.876899  0.734211  0.554218  0.775387  0.785688  0.542889  0.767055  0.671778  0.799829  0.813503  0.185644  0.869252  0.723020  0.594409  0.756585  0.787414  0.749207  0.785878  0.552107  0.194415  0.347034  0.082792  0.580319  0.721244  0.708730  0.604129  0.424094  0.308629  0.440926  0.339752  0.409175  0.351159  0.347225  0.138096  0.299803  0.572525  0.492741  0.308647  0.423143  0.082792  0.300885  0.483137  0.150555  0.673466  0.268210 
14  0.465771  0.760601  0.683279  0.375711  0.727816  0.819348  0.658360  0.502119  0.813672  0.703343  0.734816  0.742534  0.715336  0.764718 0.0  0.707002  0.820565  0.741774  0.220759  0.308703  0.760729  0.775472  0.736581  0.303927  0.771781  0.708709  0.910399  0.728666  0.848553  0.759533  0.323673  0.300391  0.754483  0.732527  0.814421  0.772439  0.771961  0.746519  0.196524  0.650904  0.686191  0.717084  0.695950  0.682008  0.386811  0.662091  0.675433  0.691638  0.458821  0.725979  0.743689  0.440822  0.451867  0.812624  0.758261  0.732991  0.592619  0.829578  0.421052  0.448342  0.082792  0.833662  0.741534  0.829440  0.801675  0.829202  0.705729  0.393242  0.641648  0.706997  0.797349  0.718344  0.827712  0.772693  0.477086  0.775117  0.748877  0.735760  0.739084  0.704473  0.856434  0.774451  0.742206  0.756354  0.636529  0.789693  0.764677  0.844767  0.652247 
15  0.793726  0.841292  0.622512  0.754483  0.635713  0.082792  0.636882  0.817527  0.882105  0.529615  0.583123  0.604158  0.775102  0.510727  0.707002 0.0  0.825587  0.338030  0.744918  0.710317  0.702685  0.550783  0.636585  0.861517  0.533000  0.467396  0.881953  0.236910  0.575709  0.847987  0.851875  0.859858  0.594015  0.565556  0.214309  0.317983  0.528180  0.515713  0.928685  0.684655  0.711461  0.590685  0.558402  0.802732  0.864460  0.729460  0.714334  0.699858  0.760902  0.237753  0.652433  0.784548  0.911028  0.771959  0.606840  0.787506  0.615319  0.349225  0.765617  0.791398  0.738231  0.894507  0.282259  0.552857  0.420448  0.529684  0.583160  0.750531  0.675134  0.652270  0.472934  0.620877  0.552605  0.516588  0.450107  0.532808  0.494571  0.328802  0.477378  0.355747  0.220615  0.533169  0.501505  0.667080  0.524521  0.177711  0.567354  0.681662  0.533696 
16  0.779187  0.829513  0.859368  0.763797  0.812112  0.759361  0.747073  0.847437  0.841949  0.794824  0.813091  0.886007  0.813663  0.797204  0.820565  0.825587 0.0  0.690936  0.831230  0.866687  0.830863  0.837198  0.738954  0.756158  0.752885  0.829301  0.082792  0.675317  0.763348  0.818503  0.775029  0.807779  0.765188  0.829694  0.858330  0.854579  0.744223  0.645854  0.672350  0.783944  0.784642  0.773572  0.761545  0.750208  0.725642  0.843992  0.783407  0.741834  0.746816  0.835022  0.823811  0.733295  0.800596  0.082792  0.763696  0.795393  0.794870  0.803248  0.779356  0.728421  0.816368  0.799471  0.694559  0.780873  0.791587  0.813915  0.756991  0.745255  0.780703  0.772319  0.736404  0.754765  0.817351  0.734674  0.820827  0.793686  0.808726  0.825212  0.833280  0.814435  0.810190  0.738285  0.797989  0.797875  0.739697  0.771932  0.783106  0.772686  0.793145 
17  0.696298  0.787949  0.658223  0.730622  0.652721  0.261898  0.593304  0.792447  0.648190  0.644469  0.739183  0.647036  0.825787  0.522373  0.741774  0.338030  0.690936 0.0  0.756834  0.645011  0.549199  0.566828  0.722246  0.762263  0.471235  0.585234  0.818788  0.393475  0.470371  0.800052  0.663993  0.905980  0.617233  0.492286  0.345618  0.191423  0.576365  0.482569  0.860641  0.633328  0.679672  0.596400  0.525991  0.809378  0.913580  0.784492  0.593611  0.745896  0.768106  0.122190  0.671772  0.797390  0.839815  0.845192  0.545130  0.707993  0.669125  0.240796  0.782139  0.752178  0.768345  0.741349  0.174394  0.487126  0.530870  0.533635  0.626049  0.806100  0.617137  0.769069  0.546238  0.519817  0.499256  0.441289  0.442027  0.536156  0.481291  0.365580  0.625763  0.204949  0.296344  0.526394  0.541791  0.459557  0.487590  0.347568  0.620167  0.809654  0.437651 
18  0.498129  0.795626  0.679248  0.438822  0.696066  0.797685  0.683293  0.484963  0.725372  0.736790  0.640888  0.772038  0.808410  0.690605  0.220759  0.744918  0.831230  0.756834 0.0  0.408041  0.631730  0.814375  0.655443  0.143586  0.810569  0.760070  0.818877  0.803576  0.726405  0.835879  0.404048  0.102540  0.661080  0.760977  0.856953  0.611766  0.812201  0.738078  0.082792  0.631359  0.667439  0.736613  0.734562  0.782721  0.444751  0.733497  0.770139  0.696276  0.422429  0.868201  0.560434  0.355142  0.479530  0.721408  0.843237  0.812864  0.647260  0.735529  0.471033  0.364810  0.265799  0.710386  0.693072  0.739305  0.749770  0.810650  0.691321  0.419126  0.579387  0.680913  0.703032  0.740274  0.787276  0.769576  0.487579  0.831152  0.718280  0.667106  0.803945  0.754778  0.731332  0.769425  0.739491  0.725178  0.748035  0.748425  0.799903  0.736051  0.753680 
19  0.404513  0.629085  0.637538  0.376495  0.726905  0.618084  0.643086  0.279342  0.641905  0.620854  0.614999  0.533406  0.671533  0.595046  0.308703  0.710317  0.866687  0.645011  0.408041 0.0  0.612454  0.594233  0.725738  0.291624  0.685565  0.710174  0.844257  0.639292  0.599592  0.614791  0.327936  0.377597  0.711922  0.644228  0.694108  0.619278  0.623503  0.607684  0.386068  0.627358  0.684209  0.681100  0.641556  0.681448  0.285786  0.609685  0.678603  0.675184  0.351335  0.751210  0.683290  0.319522  0.308782  0.815406  0.669843  0.672667  0.575121  0.687329  0.413812  0.318869  0.311304  0.631774  0.633635  0.628659  0.736990  0.607970  0.660715  0.328565  0.623470  0.649147  0.664653  0.700158  0.671951  0.703050  0.537274  0.619709  0.619126  0.692558  0.636646  0.594718  0.637549  0.606070  0.646628  0.678176  0.618349  0.675247  0.669477  0.640107  0.626292 
20  0.656360  0.657342  0.300074  0.679622  0.331454  0.679528  0.541180  0.685883  0.763653  0.676258  0.456646  0.645648  0.644380  0.732207  0.760729  0.702685  0.830863  0.549199  0.631730  0.612454 0.0  0.592637  0.286515  0.641475  0.758214  0.652341  0.900779  0.637658  0.651666  0.734732  0.769427  0.599471  0.620025  0.668067  0.637920  0.612946  0.687940  0.703608  0.656710  0.725339  0.701267  0.668462  0.708259  0.607065  0.619184  0.659266  0.268977  0.669178  0.601169  0.655052  0.366408  0.651185  0.655514  0.828018  0.790907  0.658827  0.301956  0.658032  0.564124  0.753044  0.625469  0.727574  0.671533  0.674703  0.610018  0.609040  0.666640  0.708300  0.279945  0.668864  0.661784  0.635350  0.643966  0.694580  0.484843  0.617746  0.717547  0.644399  0.683443  0.696400  0.608202  0.611549  0.675835  0.722141  0.704916  0.624978  0.711587  0.587507  0.715342 
21  0.814259  0.745061  0.658939  0.842214  0.573929  0.568497  0.670479  0.860270  0.785052  0.321231  0.607079  0.358701  0.906105  0.082792  0.775472  0.550783  0.837198  0.566828  0.814375  0.594233  0.592637 0.0  0.687728  0.753300  0.210164  0.379029  0.768656  0.616188  0.338374  0.698302  0.664419  0.766765  0.676403  0.369103  0.554317  0.467953  0.124936  0.387588  0.817191  0.673335  0.644293  0.616401  0.279855  0.832303  0.898806  0.752474  0.566580  0.776494  0.794251  0.575312  0.650909  0.778539  0.807795  0.805850  0.206093  0.765323  0.678718  0.474580  0.795104  0.848195  0.846264  0.805778  0.501320  0.173164  0.359550  0.150359  0.680838  0.817970  0.629762  0.745972  0.401987  0.345163  0.295837  0.430327  0.452233  0.349974  0.355079  0.082792  0.339631  0.590880  0.548510  0.270397  0.259233  0.194946  0.325730  0.440916  0.242236  0.818173  0.176923 
22  0.719410  0.644513  0.229030  0.585543  0.111709  0.703241  0.578775  0.714537  0.545921  0.648564  0.173564  0.629913  0.661508  0.625259  0.736581  0.636585  0.738954  0.722246  0.655443  0.725738  0.286515  0.687728 0.0  0.635559  0.682710  0.652131  0.776596  0.672028  0.751308  0.787461  0.651677  0.754209  0.699460  0.685417  0.639424  0.657220  0.743580  0.587408  0.696319  0.617028  0.679269  0.636221  0.640870  0.537078  0.618891  0.712488  0.315641  0.689037  0.689699  0.705689  0.279889  0.677087  0.567206  0.770087  0.636334  0.535130  0.082792  0.700997  0.601573  0.623754  0.713939  0.692037  0.652749  0.715848  0.667147  0.690311  0.585270  0.679553  0.394542  0.554684  0.747505  0.553526  0.606839  0.624514  0.593297  0.593436  0.608519  0.605893  0.627783  0.622196  0.651011  0.696879  0.746309  0.674997  0.726810  0.678533  0.765079  0.724705  0.681125 
23  0.494783  0.707040  0.615327  0.459626  0.828358  0.867643  0.716304  0.592693  0.776188  0.785657  0.717413  0.855552  0.801934  0.800731  0.303927  0.861517  0.756158  0.762263  0.143586  0.291624  0.641475  0.753300  0.635559 0.0  0.720895  0.869754  0.718767  0.769658  0.850351  0.849070  0.430171  0.125679  0.581092  0.784180  0.818706  0.806336  0.899341  0.845844  0.134116  0.742594  0.744551  0.628571  0.798260  0.757963  0.492516  0.748234  0.722818  0.716768  0.409164  0.848500  0.662140  0.482836  0.542626  0.803790  0.855966  0.783872  0.635974  0.902598  0.388672  0.517231  0.221835  0.690749  0.837214  0.858024  0.732452  0.821979  0.621362  0.641243  0.664084  0.632926  0.787998  0.912601  0.807303  0.821316  0.505706  0.801641  0.778098  0.607567  0.818447  0.880393  0.855272  0.733369  0.842019  0.851622  0.948478  0.775040  0.721807  0.769355  0.776846 
24  0.717191  0.736774  0.645299  0.753449  0.670097  0.511193  0.620086  0.679631  0.849595  0.316671  0.721876  0.321792  0.743266  0.143014  0.771781  0.533000  0.752885  0.471235  0.810569  0.685565  0.758214  0.210164  0.682710  0.720895 0.0  0.316518  0.832759  0.555573  0.375369  0.800519  0.715687  0.907885  0.617990  0.399056  0.538554  0.526024  0.157302  0.312383  0.867375  0.694576  0.638048  0.674942  0.228700  0.811152  0.824970  0.694430  0.716416  0.830325  0.722630  0.592899  0.685308  0.672523  0.822569  0.805418  0.082792  0.723516  0.637347  0.505808  0.775675  0.774082  0.750144  0.766585  0.565879  0.082792  0.383114  0.082792  0.696595  0.756894  0.567922  0.599749  0.290148  0.393166  0.318176  0.449487  0.469135  0.385385  0.280821  0.086107  0.335518  0.467220  0.576758  0.396612  0.377039  0.090565  0.302313  0.552925  0.103484  0.816175  0.142421 
25  0.789958  1.000000  0.682178  0.696669  0.688593  0.559218  0.652194  0.932223  0.702500  0.337552  0.529263  0.283872  0.760272  0.265577  0.708709  0.467396  0.829301  0.585234  0.760070  0.710174  0.652341  0.379029  0.652131  0.869754  0.316518 0.0  0.697410  0.527378  0.354710  0.756651  0.747240  0.828296  0.724322  0.342656  0.531669  0.586830  0.371755  0.336503  0.869847  0.693445  0.742279  0.587323  0.408361  0.710529  0.862591  0.764700  0.797735  0.797735  0.725508  0.581125  0.628676  0.732362  0.801207  0.695159  0.213254  0.738918  0.819243  0.599782  0.763496  0.710469  0.747447  0.719528  0.531440  0.262624  0.276179  0.391572  0.585823  0.821533  0.702557  0.637466  0.277839  0.373802  0.298227  0.197995  0.380852  0.268497  0.290844  0.109636  0.082792  0.586375  0.575849  0.393079  0.255499  0.393461  0.364252  0.515260  0.360320  0.723551  0.366311 
26  0.805645  0.809288  0.781834  0.702085  0.772883  0.934433  0.801782  0.688929  0.793234  0.826318  0.859942  0.803163  0.749976  0.780071  0.910399  0.881953  0.082792  0.818788  0.818877  0.844257  0.900779  0.768656  0.776596  0.718767  0.832759  0.697410 0.0  0.798138  0.814806  0.763560  0.807990  0.899860  0.858887  0.844361  0.817893  0.850194  0.818026  0.842853  0.798248  0.826537  0.846560  0.785849  0.768514  0.870854  0.825747  0.740520  0.758592  0.814391  0.783343  0.695038  0.805752  0.744757  0.810166  0.107207  0.804851  0.789252  0.644061  0.801243  0.838125  0.789320  0.853477  0.827617  0.889923  0.789144  0.762260  0.740046  0.823383  0.807405  0.875920  0.813007  0.773076  0.704118  0.796556  0.809549  0.793341  0.821918  0.760422  0.818135  0.746627  0.726752  0.872199  0.664876  0.805066  0.848120  0.792243  0.904316  0.720550  0.774212  0.870469 
27  0.751179  0.699754  0.667675  0.797371  0.696783  0.082792  0.612943  0.857562  0.714072  0.515547  0.683494  0.576083  0.715835  0.521031  0.728666  0.236910  0.675317  0.393475  0.803576  0.639292  0.637658  0.616188  0.672028  0.769658  0.555573  0.527378  0.798138 0.0  0.495302  0.740974  0.763049  0.866367  0.550077  0.490685  0.082792  0.435847  0.622561  0.472433  0.785028  0.607387  0.706550  0.561957  0.408406  0.746025  0.769822  0.754733  0.535675  0.684504  0.854272  0.301076  0.733093  0.820049  0.851275  0.761557  0.507103  0.841073  0.691258  0.409572  0.712607  0.703637  0.752589  0.647745  0.306189  0.596290  0.437800  0.510362  0.654023  0.806325  0.625621  0.646438  0.488042  0.444140  0.489453  0.562732  0.437952  0.579283  0.607244  0.325135  0.543829  0.395232  0.082792  0.504286  0.462969  0.504002  0.495240  0.108777  0.545773  0.673467  0.589644 
28  0.779061  0.709712  0.668704  0.852674  0.677778  0.569185  0.700957  0.658272  0.779592  0.119035  0.618640  0.082792  0.672113  0.261267  0.848553  0.575709  0.763348  0.470371  0.726405  0.599592  0.651666  0.338374  0.751308  0.850351  0.375369  0.354710  0.814806  0.495302 0.0  0.817128  0.651755  0.853167  0.599702  0.162025  0.505537  0.490310  0.220051  0.191230  0.878170  0.635911  0.661702  0.645410  0.235808  0.819786  0.771780  0.815616  0.625941  0.671745  0.883647  0.468562  0.648943  0.809805  0.660019  0.783340  0.273673  0.792767  0.701360  0.550300  0.713500  0.812594  0.835540  0.713156  0.589038  0.451610  0.219068  0.369816  0.690730  0.789012  0.637386  0.631014  0.082792  0.082792  0.114323  0.344196  0.440259  0.082792  0.082792  0.082792  0.371561  0.566627  0.578000  0.082792  0.100423  0.309195  0.103446  0.441451  0.396804  0.849613  0.348416 
29  0.686807  0.150335  0.704091  0.706296  0.602518  0.860586  0.705613  0.751092  0.227048  0.715151  0.694882  0.682540  0.438547  0.828998  0.759533  0.847987  0.818503  0.800052  0.835879  0.614791  0.734732  0.698302  0.787461  0.849070  0.800519  0.756651  0.763560  0.740974  0.817128 0.0  0.718783  0.714250  0.674005  0.760374  0.819201  0.768501  0.810484  0.748409  0.711625  0.584671  0.640845  0.681673  0.765670  0.082792  0.713491  0.087611  0.663838  0.126928  0.693653  0.731888  0.736740  0.813841  0.718986  0.756880  0.706120  0.388936  0.744401  0.743020  0.764368  0.849547  0.707759  0.129490  0.764317  0.720604  0.650237  0.752812  0.692179  0.792885  0.729446  0.592052  0.750695  0.714632  0.735468  0.799294  0.544476  0.758998  0.729367  0.650012  0.842254  0.786963  0.791423  0.665890  0.791846  0.783991  0.814995  0.737248  0.779496  0.331923  0.715766 
30  0.383033  0.751758  0.657015  0.485530  0.677326  0.744830  0.717598  0.461621  0.757456  0.854715  0.609623  0.680827  0.828599  0.867314  0.323673  0.851875  0.775029  0.663993  0.404048  0.327936  0.769427  0.664419  0.651677  0.430171  0.715687  0.747240  0.807990  0.763049  0.651755  0.718783 0.0  0.519563  0.634343  0.846283  0.718306  0.789126  0.800869  0.759940  0.506968  0.584746  0.562258  0.679238  0.731968  0.732759  0.499817  0.717470  0.677699  0.722288  0.393493  0.738474  0.648241  0.397166  0.482063  0.699279  0.826719  0.760586  0.670197  0.773652  0.312989  0.410337  0.503515  0.805213  0.636234  0.821238  0.818829  0.859943  0.716067  0.556934  0.699058  0.627874  0.856094  0.747754  0.762052  0.817252  0.456704  0.824930  0.678865  0.661170  0.845598  0.783963  0.708445  0.670516  0.735396  0.851080  0.815844  0.791555  0.812770  0.705180  0.858887 
31  0.537942  0.762634  0.698861  0.434234  0.641742  0.845974  0.739692  0.623162  0.763960  0.807817  0.623239  0.922114  0.854246  0.797377  0.300391  0.859858  0.807779  0.905980  0.102540  0.377597  0.599471  0.766765  0.754209  0.125679  0.907885  0.828296  0.899860  0.866367  0.853167  0.714250  0.519563 0.0  0.596262  0.910839  0.869446  0.919703  0.851467  0.796381  0.082792  0.609595  0.590625  0.637572  0.773290  0.733912  0.489288  0.788275  0.720811  0.768781  0.374508  0.916321  0.625104  0.572693  0.535689  0.840458  0.838710  0.769276  0.619936  0.747822  0.505244  0.411307  0.232417  0.755630  0.852088  0.838432  0.821541  0.872202  0.661180  0.619471  0.690873  0.650617  0.874786  0.888930  0.762251  0.816044  0.303882  0.792938  0.832106  0.638376  0.807833  0.746650  0.829974  0.813941  0.767429  0.821997  0.817072  0.777332  0.859448  0.711525  0.759275 
32  0.667921  0.597711  0.724549  0.661970  0.634286  0.671592  0.613290  0.634477  0.591038  0.732825  0.681847  0.558323  0.655140  0.601705  0.754483  0.594015  0.765188  0.617233  0.661080  0.711922  0.620025  0.676403  0.699460  0.581092  0.617990  0.724322  0.858887  0.550077  0.599702  0.674005  0.634343  0.596262 0.0  0.694189  0.705513  0.634269  0.661571  0.653637  0.666378  0.410938  0.303399  0.082792  0.716300  0.693601  0.680818  0.680154  0.688105  0.607875  0.710331  0.696262  0.753237  0.632155  0.627215  0.808630  0.607051  0.692539  0.652974  0.670006  0.621574  0.713730  0.658838  0.727927  0.663836  0.692470  0.681848  0.672908  0.637915  0.730210  0.669480  0.728922  0.635339  0.674760  0.658129  0.623337  0.410436  0.622785  0.727836  0.601711  0.665204  0.668859  0.632426  0.640244  0.725075  0.697122  0.728912  0.694486  0.603871  0.570975  0.700177 
33  0.826980  0.750351  0.593438  0.771423  0.678308  0.345960  0.756188  0.788182  0.757882  0.154857  0.649741  0.123821  0.715605  0.356595  0.732527  0.565556  0.829694  0.492286  0.760977  0.644228  0.668067  0.369103  0.685417  0.784180  0.399056  0.342656  0.844361  0.490685  0.162025  0.760374  0.846283  0.910839  0.694189 0.0  0.479410  0.488922  0.242579  0.082792  0.874607  0.626801  0.706438  0.650196  0.165739  0.764690  0.807477  0.789323  0.581080  0.779403  0.870369  0.487080  0.705373  0.732686  0.869200  0.826526  0.222028  0.819519  0.709535  0.588465  0.653764  0.739051  0.662078  0.755334  0.484820  0.230507  0.198917  0.320530  0.604277  0.804210  0.626683  0.752303  0.266507  0.122510  0.185221  0.346116  0.573903  0.111689  0.205736  0.227807  0.219518  0.457015  0.537606  0.151096  0.227873  0.347012  0.241931  0.534169  0.392070  0.755133  0.350993 
34  0.745186  0.742965  0.692732  0.772473  0.703374  0.155437  0.663453  0.860373  0.731843  0.456495  0.624780  0.606627  0.797594  0.587700  0.814421  0.214309  0.858330  0.345618  0.856953  0.694108  0.637920  0.554317  0.639424  0.818706  0.538554  0.531669  0.817893  0.082792  0.505537  0.819201  0.718306  0.869446  0.705513  0.479410 0.0  0.396439  0.486376  0.520918  0.820373  0.605626  0.571817  0.663963  0.488402  0.709376  0.862055  0.766220  0.750569  0.831347  0.819279  0.306376  0.622401  0.830228  0.812580  0.802818  0.566980  0.873984  0.691341  0.354698  0.687318  0.760939  0.807704  0.824640  0.292849  0.539232  0.439190  0.615953  0.760923  0.834953  0.697398  0.609041  0.466420  0.608237  0.618262  0.503133  0.501508  0.524101  0.559493  0.378598  0.473780  0.289068  0.100809  0.505328  0.460765  0.634157  0.596255  0.114596  0.653075  0.718507  0.492066 
35  0.826812  0.821498  0.660326  0.780542  0.708113  0.428777  0.701488  0.851385  0.747400  0.630899  0.677693  0.596998  0.848690  0.568975  0.772439  0.317983  0.854579  0.191423  0.611766  0.619278  0.612946  0.467953  0.657220  0.806336  0.526024  0.586830  0.850194  0.435847  0.490310  0.768501  0.789126  0.919703  0.634269  0.488922  0.396439 0.0  0.533337  0.475459  0.980809  0.627192  0.677560  0.680259  0.480525  0.806142  0.834670  0.802835  0.665514  0.776235  0.786503  0.198086  0.583993  0.753091  0.862321  0.771487  0.518438  0.785242  0.626532  0.184984  0.773700  0.673306  0.714087  0.813533  0.178723  0.510728  0.515563  0.504964  0.726119  0.793225  0.671416  0.698314  0.517493  0.543518  0.572087  0.501518  0.448623  0.454089  0.531930  0.236435  0.641575  0.145570  0.349754  0.616203  0.588139  0.603643  0.590166  0.367167  0.549292  0.754242  0.603577 
36  0.835427  0.859290  0.577995  0.677215  0.715572  0.598846  0.526734  0.873973  0.688497  0.323318  0.600619  0.265448  0.754544  0.119987  0.771961  0.528180  0.744223  0.576365  0.812201  0.623503  0.687940  0.124936  0.743580  0.899341  0.157302  0.371755  0.818026  0.622561  0.220051  0.810484  0.800869  0.851467  0.661571  0.242579  0.486376  0.533337 0.0  0.386333  0.840467  0.604093  0.736691  0.623758  0.308900  0.725761  0.794945  0.738921  0.737400  0.769129  0.809739  0.489564  0.652579  0.726220  0.846151  0.746630  0.082792  0.799584  0.666260  0.575261  0.694940  0.709799  0.847955  0.725133  0.558035  0.112957  0.403406  0.082792  0.603310  0.830480  0.693506  0.676434  0.291735  0.358574  0.302592  0.343107  0.391126  0.312721  0.391194  0.147514  0.446828  0.525940  0.516795  0.290004  0.413484  0.082792  0.316705  0.535014  0.124464  0.732768  0.108823 
37  0.859285  0.753506  0.594296  0.804427  0.724002  0.560906  0.573847  0.769309  0.722285  0.250892  0.586622  0.089176  0.747781  0.397026  0.746519  0.515713  0.645854  0.482569  0.738078  0.607684  0.703608  0.387588  0.587408  0.845844  0.312383  0.336503  0.842853  0.472433  0.191230  0.748409  0.759940  0.796381  0.653637  0.082792  0.520918  0.475459  0.386333 0.0  0.774710  0.734671  0.692179  0.676932  0.223623  0.759827  0.765409  0.715940  0.594511  0.707285  0.759083  0.441145  0.620983  0.734425  0.880007  0.855214  0.271752  0.811823  0.704613  0.514300  0.660799  0.807685  0.781197  0.803814  0.595528  0.406535  0.229934  0.358768  0.688468  0.815071  0.727535  0.650224  0.306896  0.189129  0.104799  0.398946  0.472142  0.178719  0.219054  0.137419  0.309656  0.524283  0.557989  0.082792  0.141958  0.365403  0.164143  0.508246  0.373716  0.687076  0.258745 
38  0.389885  0.781664  0.647879  0.454647  0.646382  0.901324  0.690152  0.531332  0.782568  0.838684  0.618618  0.869431  0.703649  0.862532  0.196524  0.928685  0.672350  0.860641  0.082792  0.386068  0.656710  0.817191  0.696319  0.134116  0.867375  0.869847  0.798248  0.785028  0.878170  0.711625  0.506968  0.082792  0.666378  0.874607  0.820373  0.980809  0.840467  0.774710 0.0  0.632138  0.589271  0.591268  0.836671  0.743298  0.533706  0.802167  0.603526  0.738427  0.419006  0.834589  0.678359  0.538409  0.511276  0.863643  0.790251  0.699842  0.712926  0.760258  0.454590  0.505228  0.195523  0.886851  0.797752  0.784403  0.783116  0.837447  0.673038  0.632127  0.679741  0.684397  0.877266  0.883899  0.900433  0.899388  0.429200  0.810456  0.733872  0.658262  0.876439  0.821525  0.793396  0.827444  0.794992  0.846962  0.964603  0.796737  0.836800  0.785995  0.860041 
39  0.694694  0.636743  0.725114  0.642929  0.632261  0.567258  0.641652  0.738575  0.643334  0.642153  0.698985  0.698934  0.551929  0.710560  0.650904  0.684655  0.783944  0.633328  0.631359  0.627358  0.725339  0.673335  0.617028  0.742594  0.694576  0.693445  0.826537  0.607387  0.635911  0.584671  0.584746  0.609595  0.410938  0.626801  0.605626  0.627192  0.604093  0.734671  0.632138 0.0  0.378666  0.348818  0.657626  0.612497  0.618140  0.631523  0.734003  0.715310  0.731486  0.590003  0.653193  0.742655  0.722385  0.836551  0.712272  0.597491  0.734771  0.702668  0.650592  0.601229  0.691525  0.650263  0.724446  0.678059  0.662831  0.666468  0.705479  0.715533  0.652280  0.589295  0.638943  0.612414  0.766517  0.740138  0.462117  0.793418  0.724184  0.615068  0.753632  0.691613  0.669509  0.637868  0.613324  0.713655  0.613131  0.638064  0.647686  0.593491  0.736918 
40  0.659495  0.696248  0.666649  0.683380  0.692180  0.683281  0.656139  0.652030  0.641204  0.612024  0.566523  0.655412  0.663658  0.639743  0.686191  0.711461  0.784642  0.679672  0.667439  0.684209  0.701267  0.644293  0.679269  0.744551  0.638048  0.742279  0.846560  0.706550  0.661702  0.640845  0.562258  0.590625  0.303399  0.706438  0.571817  0.677560  0.736691  0.692179  0.589271  0.378666 0.0  0.184906  0.683195  0.595477  0.674918  0.665859  0.612595  0.773315  0.771718  0.690229  0.735480  0.604511  0.593578  0.823375  0.570930  0.725647  0.729582  0.657222  0.683066  0.729379  0.728831  0.636882  0.748298  0.627728  0.624370  0.744450  0.714118  0.699217  0.636357  0.624049  0.585277  0.720918  0.726171  0.693276  0.424441  0.648404  0.681275  0.680062  0.709801  0.703108  0.611579  0.644816  0.733338  0.642546  0.629621  0.723731  0.699166  0.745462  0.688856 
41  0.744246  0.631167  0.671677  0.709102  0.552211  0.653348  0.665450  0.702386  0.626398  0.667154  0.701807  0.675311  0.602152  0.573539  0.717084  0.590685  0.773572  0.596400  0.736613  0.681100  0.668462  0.616401  0.636221  0.628571  0.674942  0.587323  0.785849  0.561957  0.645410  0.681673  0.679238  0.637572  0.082792  0.650196  0.663963  0.680259  0.623758  0.676932  0.591268  0.348818  0.184906 0.0  0.646562  0.738398  0.704755  0.700592  0.703193  0.648782  0.646035  0.709257  0.653801  0.735950  0.703133  0.759254  0.734910  0.646856  0.631236  0.639950  0.755178  0.619870  0.725425  0.669808  0.635795  0.650721  0.693186  0.555216  0.684446  0.664493  0.689069  0.753110  0.641120  0.654462  0.629931  0.657481  0.552678  0.681261  0.763115  0.708148  0.642484  0.674135  0.685160  0.735234  0.596808  0.707285  0.662332  0.652878  0.690327  0.757919  0.693718 
42  0.725006  0.777030  0.624750  0.802288  0.675631  0.602223  0.670116  0.818037  0.755870  0.110909  0.646920  0.233590  0.840370  0.383921  0.695950  0.558402  0.761545  0.525991  0.734562  0.641556  0.708259  0.279855  0.640870  0.798260  0.228700  0.408361  0.768514  0.408406  0.235808  0.765670  0.731968  0.773290  0.716300  0.165739  0.488402  0.480525  0.308900  0.223623  0.836671  0.657626  0.683195  0.646562 0.0  0.653290  0.689188  0.738247  0.689603  0.762691  0.813320  0.525106  0.559727  0.775065  0.651349  0.726988  0.412063  0.754908  0.690738  0.603225  0.852527  0.715417  0.724274  0.748429  0.595561  0.308053  0.082792  0.272896  0.688979  0.835412  0.662686  0.573990  0.246507  0.195318  0.143571  0.428872  0.409432  0.230459  0.241853  0.158716  0.259710  0.595444  0.421134  0.233232  0.210964  0.375077  0.165231  0.348767  0.126696  0.763367  0.334122 
43  0.628200  0.365585  0.638917  0.741626  0.726412  0.755310  0.668105  0.791786  0.312297  0.818491  0.655188  0.843070  0.430510  0.621772  0.682008  0.802732  0.750208  0.809378  0.782721  0.681448  0.607065  0.832303  0.537078  0.757963  0.811152  0.710529  0.870854  0.746025  0.819786  0.082792  0.732759  0.733912  0.693601  0.764690  0.709376  0.806142  0.725761  0.759827  0.743298  0.612497  0.595477  0.738398  0.653290 0.0  0.684414  0.084898  0.653494  0.142274  0.828794  0.780040  0.726908  0.734799  0.818626  0.807535  0.704750  0.442877  0.694777  0.776726  0.804102  0.630007  0.768116  0.082792  0.858795  0.792833  0.766793  0.822100  0.690405  0.828310  0.582686  0.650960  0.770054  0.682828  0.760817  0.753761  0.519494  0.738769  0.775507  0.715136  0.721863  0.849161  0.814815  0.738737  0.754533  0.859213  0.743400  0.827053  0.767465  0.262182  0.842564 
44  0.195128  0.799866  0.704036  0.276286  0.732533  0.880182  0.723118  0.082792  0.765129  0.788593  0.667151  0.811625  0.706936  0.876899  0.386811  0.864460  0.725642  0.913580  0.444751  0.285786  0.619184  0.898806  0.618891  0.492516  0.824970  0.862591  0.825747  0.769822  0.771780  0.713491  0.499817  0.489288  0.680818  0.807477  0.862055  0.834670  0.794945  0.765409  0.533706  0.618140  0.674918  0.704755  0.689188  0.684414 0.0  0.795761  0.603818  0.837645  0.204482  0.813469  0.625506  0.257024  0.098370  0.876179  0.832949  0.768459  0.716876  0.827414  0.271581  0.178148  0.419723  0.827533  0.926680  0.856005  0.731352  0.839583  0.644596  0.282886  0.670260  0.647843  0.817961  0.746701  0.622902  0.772187  0.444339  0.704133  0.739599  0.669510  0.721711  0.830509  0.877034  0.714644  0.737786  0.831212  0.679895  0.817364  0.795426  0.863369  0.799554 
