89
0 0.0  0.767767  0.632906  0.236134  0.647865  0.584782  0.558790  0.241913  0.747813  0.749812  0.629201  0.630813  0.668236  0.682491  0.387691  0.708015  0.755612  0.601089  0.390824  0.340331  0.710730  0.764934  0.669393  0.446648  0.666109  0.850598  0.831478  0.709253  0.744563  0.736626  0.384908  0.423554  0.644191  0.696347  0.759684  0.624536  0.692354  0.802167  0.421862  0.647907  0.654478  0.626166  0.739931  0.654634  0.217117  0.717271  0.594133  0.737429  0.190582  0.772634  0.683300  0.245971  0.236120  0.847607  0.698531  0.743115  0.594217  0.708317  0.213090  0.090495  0.440946  0.764875  0.750765  0.730131  0.772247  0.716112  0.638373  0.204208  0.649052  0.599383  0.638986  0.631050  0.789216  0.786962  0.575200  0.737235  0.726098  0.669875  0.618017  0.668932  0.657168  0.694900  0.775710  0.874940  0.670602  0.647543  0.630267  0.648516  0.630809 
1  0.767767 0.0  0.657026  0.562658  0.668096  0.589234  0.537202  0.709215  0.090495  0.618625  0.647657  0.697857  0.285428  0.607380  0.645375  0.691627  0.885246  0.817835  0.743159  0.637828  0.662271  0.624665  0.660608  0.736683  0.709239  0.699640  0.799696  0.844879  0.731093  0.219315  0.660898  0.744340  0.650519  0.782765  0.622483  0.682525  0.706950  0.665636  0.646419  0.666059  0.675580  0.529567  0.704129  0.219102  0.689900  0.196113  0.544741  0.209847  0.585228  0.711956  0.628457  0.770181  0.808076  0.795353  0.665381  0.435443  0.673229  0.710533  0.713105  0.715455  0.773372  0.222956  0.822627  0.757887  0.765157  0.756057  0.536012  0.703634  0.618560  0.666937  0.722498  0.634672  0.686163  0.640013  0.420311  0.772369  0.778171  0.611812  0.805864  0.681817  0.579029  0.698998  0.663260  0.780688  0.853445  0.709873  0.664828  0.226219  0.797739 
2  0.632906  0.657026 0.0  0.514761  0.319901  0.689419  0.643372  0.650759  0.579709  0.647650  0.296238  0.568075  0.651710  0.582235  0.610369  0.619567  0.761034  0.672410  0.711217  0.673548  0.328761  0.666209  0.346261  0.609324  0.658745  0.643568  0.796562  0.664165  0.744006  0.714228  0.622480  0.745687  0.680552  0.574391  0.649458  0.678628  0.640160  0.644207  0.591294  0.619451  0.666941  0.742347  0.628397  0.588187  0.619609  0.587796  0.299800  0.736806  0.650542  0.664311  0.311599  0.610534  0.552618  0.820187  0.632439  0.680589  0.283225  0.631019  0.739428  0.601310  0.628378  0.688496  0.671361  0.659678  0.580583  0.599216  0.661490  0.668529  0.090495  0.731254  0.595149  0.565345  0.598222  0.676263  0.472717  0.660562  0.675958  0.702935  0.658647  0.691492  0.678211  0.634684  0.584447  0.724813  0.614513  0.623241  0.646824  0.587929  0.586653 
3  0.236134  0.562658  0.514761 0.0  0.657509  0.665587  0.599878  0.221573  0.661254  0.683715  0.575099  0.741242  0.768168  0.715009  0.398332  0.657697  0.663599  0.740315  0.383392  0.298572  0.672129  0.778006  0.576387  0.398214  0.761919  0.749504  0.758573  0.851280  0.767095  0.665704  0.425029  0.346495  0.589107  0.781348  0.596901  0.621163  0.680300  0.633883  0.440858  0.646837  0.705075  0.545092  0.700367  0.608919  0.222474  0.787979  0.673176  0.744064  0.090495  0.810058  0.593269  0.210740  0.215132  0.882027  0.694125  0.644899  0.603232  0.815367  0.199112  0.211593  0.440445  0.678632  0.668912  0.765336  0.745665  0.650771  0.563911  0.227691  0.609050  0.627219  0.665915  0.737132  0.727177  0.786362  0.455288  0.689062  0.658540  0.705473  0.702219  0.658616  0.666434  0.715220  0.732269  0.653176  0.873623  0.687989  0.656006  0.792309  0.702603 
4  0.647865  0.668096  0.319901  0.657509 0.0  0.602017  0.556724  0.616959  0.589907  0.562731  0.090495  0.553615  0.654725  0.741874  0.641385  0.669311  0.824409  0.646707  0.626313  0.694648  0.266315  0.671535  0.090495  0.595921  0.596012  0.688397  0.797186  0.618035  0.648231  0.675296  0.660010  0.611966  0.727154  0.626354  0.616668  0.576517  0.666863  0.734226  0.570654  0.547829  0.765347  0.672958  0.647384  0.583848  0.721970  0.725856  0.327495  0.604937  0.711326  0.709273  0.303347  0.635298  0.499710  0.929582  0.579849  0.658243  0.090495  0.608253  0.730954  0.581946  0.522317  0.655833  0.660104  0.606881  0.563844  0.737457  0.648794  0.672565  0.295178  0.669649  0.649769  0.576709  0.647133  0.648369  0.400789  0.643827  0.613708  0.678289  0.603620  0.627895  0.644431  0.634865  0.591918  0.561711  0.641696  0.661455  0.649158  0.746128  0.666047 
5  0.584782  0.589234  0.689419  0.665587  0.602017 0.0  0.618015  0.817503  0.601791  0.507351  0.553773  0.412880  0.747106  0.478959  0.660434  0.090495  0.779734  0.303812  0.840322  0.664218  0.579062  0.474053  0.661172  0.912862  0.505779  0.475724  0.692926  0.172308  0.468080  0.732920  0.633884  0.843003  0.589063  0.528481  0.177582  0.315188  0.517517  0.468796  0.807811  0.612912  0.661566  0.698157  0.516581  0.601379  0.702909  0.712948  0.739124  0.830802  0.822817  0.309707  0.571149  0.796183  0.680563  0.758826  0.389777  0.645437  0.611037  0.303677  0.707492  0.557749  0.753082  0.707207  0.254208  0.443996  0.523572  0.423917  0.622032  0.795821  0.633130  0.636040  0.509896  0.437861  0.526268  0.461815  0.447086  0.489430  0.416761  0.301011  0.441938  0.271728  0.172915  0.495302  0.480787  0.393883  0.483805  0.173286  0.470392  0.661807  0.515188 
6  0.558790  0.537202  0.643372  0.599878  0.556724  0.618015 0.0  0.559017  0.766144  0.619567  0.580246  0.663893  0.636451  0.756888  0.531322  0.754842  0.667450  0.630137  0.648776  0.685711  0.600002  0.671317  0.602644  0.595160  0.535403  0.630996  0.775139  0.604971  0.591503  0.594822  0.670380  0.599474  0.575512  0.585812  0.687056  0.683001  0.607071  0.686747  0.601080  0.556554  0.577338  0.493657  0.570256  0.583189  0.562726  0.699541  0.558898  0.651827  0.574017  0.630018  0.559758  0.651163  0.620340  0.748572  0.642027  0.696232  0.701248  0.623878  0.711058  0.711071  0.700840  0.673443  0.661433  0.688762  0.636170  0.583593  0.292184  0.564201  0.623952  0.319607  0.553360  0.690732  0.618270  0.623317  0.509856  0.664238  0.695102  0.619370  0.673114  0.636948  0.607464  0.605859  0.580800  0.601223  0.599763  0.596568  0.662909  0.551703  0.665622 
7  0.241913  0.709215  0.650759  0.221573  0.616959  0.817503  0.559017 0.0  0.524090  0.803001  0.613847  0.759020  0.699026  0.736148  0.385899  0.739812  0.803404  0.803285  0.438166  0.312788  0.601772  0.619505  0.731808  0.450530  0.762180  0.787367  0.758661  0.730407  0.599165  0.876695  0.451529  0.524329  0.676908  0.744981  0.710302  0.698007  0.782036  0.850376  0.441735  0.612102  0.706532  0.583734  0.821864  0.663783  0.090495  0.713531  0.636141  0.677715  0.220958  0.869534  0.695647  0.213026  0.090495  0.811906  0.758376  0.715317  0.640506  0.545951  0.250223  0.206561  0.406135  0.821048  0.776385  0.675628  0.771291  0.859823  0.545764  0.169791  0.623662  0.601956  0.635939  0.744648  0.788761  0.767909  0.448395  0.660356  0.732850  0.553123  0.817669  0.711601  0.869205  0.659552  0.786521  0.642178  0.631667  0.729421  0.693841  0.821262  0.559237 
8  0.747813  0.090495  0.579709  0.661254  0.589907  0.601791  0.766144  0.524090 0.0  0.761204  0.577811  0.820814  0.277288  0.634854  0.746390  0.710791  0.807243  0.770032  0.575033  0.679487  0.735562  0.748060  0.703474  0.927665  0.666484  0.757793  0.848859  0.739159  0.912227  0.221885  0.931652  0.737758  0.653633  0.698602  0.707251  0.775849  0.779473  0.656073  0.785661  0.745284  0.570856  0.638264  0.716233  0.203224  0.685178  0.197869  0.558881  0.199978  0.620762  0.639042  0.562376  0.867552  0.805944  0.887780  0.684002  0.392356  0.606685  0.794123  0.803455  0.688818  0.655129  0.204295  0.746878  0.698325  0.830151  0.786318  0.612257  0.710979  0.719874  0.740353  0.682233  0.854818  0.780166  0.686530  0.400644  0.681002  0.645175  0.571261  0.654770  0.626876  0.761904  0.775939  0.777615  0.775987  0.709181  0.762995  0.693409  0.219558  0.710646 
9  0.749812  0.618625  0.647650  0.683715  0.562731  0.507351  0.619567  0.803001  0.761204 0.0  0.557899  0.175678  0.770639  0.310627  0.707430  0.490097  0.751169  0.481592  0.653279  0.610975  0.569491  0.296533  0.571278  0.946993  0.326284  0.273326  0.714039  0.412063  0.169086  0.695909  0.696733  0.759284  0.649755  0.169929  0.437715  0.516814  0.267558  0.160948  0.792571  0.693998  0.541895  0.661359  0.090495  0.813182  0.842041  0.672142  0.655966  0.730837  0.708835  0.532520  0.646825  0.638739  0.830626  0.836887  0.303326  0.666183  0.638895  0.427176  0.725264  0.560445  0.745155  0.665666  0.467810  0.297338  0.090495  0.323747  0.622290  0.773169  0.634653  0.619691  0.175401  0.178907  0.181462  0.314687  0.502959  0.161073  0.171771  0.090495  0.296372  0.488192  0.426643  0.168768  0.181462  0.323089  0.177587  0.376724  0.277473  0.776256  0.316864 
10  0.629201  0.647657  0.296238  0.575099  0.090495  0.553773  0.580246  0.613847  0.577811  0.557899 0.0  0.679849  0.567347  0.498898  0.649081  0.627994  0.844018  0.547227  0.553972  0.634021  0.288025  0.609076  0.090495  0.702867  0.604880  0.615493  0.906088  0.537754  0.690180  0.638014  0.685523  0.634801  0.638965  0.573503  0.671127  0.613820  0.660840  0.626721  0.657516  0.641977  0.554907  0.536275  0.644927  0.569880  0.699683  0.615824  0.308149  0.657630  0.592803  0.519497  0.316206  0.563624  0.610493  0.829291  0.652869  0.681048  0.090495  0.578792  0.642746  0.658384  0.610798  0.647544  0.614573  0.634185  0.580597  0.646397  0.716670  0.660454  0.291673  0.551763  0.694041  0.573347  0.625404  0.673226  0.486123  0.722845  0.516526  0.513294  0.666600  0.655391  0.693314  0.622625  0.614355  0.571436  0.648517  0.658223  0.642702  0.647817  0.555308 
11  0.630813  0.697857  0.568075  0.741242  0.553615  0.412880  0.663893  0.759020  0.820814  0.175678  0.679849 0.0  0.715652  0.276028  0.721231  0.491353  0.806665  0.447561  0.752634  0.632274  0.599130  0.295999  0.599855  0.810708  0.340459  0.328253  0.837198  0.454974  0.090495  0.671971  0.859326  0.888004  0.721063  0.182347  0.482945  0.596245  0.318151  0.156145  0.944301  0.685667  0.605904  0.606320  0.166976  0.639079  0.650057  0.662646  0.604618  0.640114  0.716259  0.456727  0.572269  0.724312  0.697025  0.766930  0.267855  0.718085  0.617342  0.461060  0.650171  0.830161  0.727452  0.721824  0.507673  0.276561  0.168494  0.305476  0.687905  0.679227  0.630887  0.698691  0.090495  0.090495  0.090495  0.344230  0.439881  0.090495  0.090495  0.090495  0.311719  0.508566  0.383514  0.090495  0.090495  0.255678  0.143066  0.548708  0.298900  0.709115  0.274854 
12  0.668236  0.285428  0.651710  0.768168  0.654725  0.747106  0.636451  0.699026  0.277288  0.770639  0.567347  0.715652 0.0  0.755534  0.767678  0.743480  0.951106  0.671201  0.669359  0.779026  0.585172  0.829001  0.726046  0.709210  0.810327  0.659507  0.852512  0.774803  0.736576  0.421774  0.713640  0.816415  0.610894  0.699800  0.735775  0.705730  0.796546  0.791626  0.800676  0.656420  0.644171  0.591894  0.653298  0.418511  0.752837  0.456297  0.535449  0.394498  0.758437  0.763022  0.671586  0.746394  0.675633  0.823376  0.744452  0.225133  0.625693  0.779326  0.675117  0.747276  0.721101  0.407301  0.737424  0.710350  0.721787  0.690396  0.641319  0.784022  0.709116  0.623581  0.675740  0.694314  0.857131  0.722493  0.456661  0.708609  0.617314  0.636640  0.722920  0.758165  0.700957  0.632895  0.617949  0.657248  0.660146  0.796014  0.707595  0.428611  0.739514 
13  0.682491  0.607380  0.582235  0.715009  0.741874  0.478959  0.756888  0.736148  0.634854  0.310627  0.498898  0.276028  0.755534 0.0  0.699507  0.471626  0.737417  0.478124  0.840194  0.646593  0.584078  0.090495  0.603115  0.810029  0.172345  0.303007  0.811080  0.460166  0.281628  0.837314  0.764260  0.807085  0.493476  0.306923  0.400129  0.436330  0.175050  0.291284  0.912169  0.601626  0.641235  0.652538  0.287900  0.713626  0.773870  0.679716  0.663272  0.609259  0.703563  0.459692  0.576124  0.591254  0.798074  0.819414  0.173764  0.744863  0.661938  0.417223  0.715060  0.725472  0.764465  0.693884  0.478282  0.168916  0.306063  0.153986  0.593681  0.803577  0.653692  0.534037  0.296439  0.295190  0.274547  0.269332  0.472218  0.298097  0.249697  0.090495  0.283780  0.469636  0.479849  0.287523  0.299484  0.156621  0.297069  0.484128  0.162773  0.626453  0.176634 
14  0.387691  0.645375  0.610369  0.398332  0.641385  0.660434  0.531322  0.385899  0.746390  0.707430  0.649081  0.721231  0.767678  0.699507 0.0  0.650190  0.833944  0.775270  0.235291  0.277008  0.584797  0.761733  0.671713  0.200167  0.674737  0.686919  0.823120  0.774258  0.774159  0.708074  0.399505  0.219382  0.629097  0.676664  0.619749  0.755393  0.629912  0.831392  0.206857  0.625882  0.600957  0.593412  0.694573  0.661566  0.461952  0.679927  0.633222  0.836043  0.429079  0.706207  0.639618  0.464182  0.441246  0.746519  0.722811  0.662190  0.614193  0.679558  0.404531  0.375941  0.090495  0.663054  0.647578  0.670392  0.846694  0.683566  0.642523  0.418007  0.544362  0.637531  0.712715  0.728900  0.714832  0.696192  0.386143  0.653147  0.785065  0.632301  0.718987  0.711233  0.794500  0.646312  0.662064  0.743863  0.593857  0.753227  0.659679  0.712210  0.688811 
15  0.708015  0.691627  0.619567  0.657697  0.669311  0.090495  0.754842  0.739812  0.710791  0.490097  0.627994  0.491353  0.743480  0.471626  0.650190 0.0  0.792279  0.292251  0.710389  0.557169  0.623507  0.514653  0.592989  0.835357  0.521774  0.452675  0.738276  0.169915  0.501352  0.655752  0.669003  0.766913  0.731115  0.505839  0.185656  0.303676  0.520543  0.527583  0.762759  0.600333  0.556672  0.576276  0.509173  0.668841  0.935419  0.683535  0.667230  0.713309  0.735677  0.309906  0.539678  0.739849  0.731907  0.896420  0.541134  0.512426  0.518082  0.290703  0.861042  0.825394  0.733905  0.675238  0.293712  0.480744  0.526819  0.388082  0.665138  0.777646  0.609805  0.594831  0.518892  0.494342  0.552524  0.489379  0.494676  0.473111  0.465630  0.312797  0.443590  0.297088  0.167528  0.521415  0.490531  0.469930  0.456775  0.162090  0.464598  0.749885  0.517225 
16  0.755612  0.885246  0.761034  0.663599  0.824409  0.779734  0.667450  0.803404  0.807243  0.751169  0.844018  0.806665  0.951106  0.737417  0.833944  0.792279 0.0  0.741852  0.801353  0.841543  0.820331  0.889556  0.748148  0.797583  0.746095  0.756591  0.090495  0.684463  0.767546  0.796670  0.829888  0.777058  0.923748  0.772701  0.756125  0.765221  0.839812  0.696237  0.795661  0.738046  0.754287  0.799325  0.719112  0.794244  0.848977  0.711076  0.765162  0.756673  0.830883  0.889281  0.829626  0.819323  0.777752  0.090495  0.833435  0.772566  0.746679  0.793935  0.828732  0.824969  0.850323  0.733252  0.752000  0.777411  0.837556  0.750525  1.000000  0.926386  0.784448  0.778274  0.724780  0.850042  0.821297  0.857157  0.788613  0.772400  0.855600  0.807601  0.846273  0.748540  0.752532  0.942044  0.883442  0.687326  0.783858  0.795812  0.920683  0.762372  0.720548 
17  0.601089  0.817835  0.672410  0.740315  0.646707  0.303812  0.630137  0.803285  0.770032  0.481592  0.547227  0.447561  0.671201  0.478124  0.775270  0.292251  0.741852 0.0  0.743074  0.605109  0.706895  0.570976  0.747356  0.857811  0.487713  0.448239  0.741560  0.312857  0.426754  0.744541  0.749626  0.819956  0.549233  0.420385  0.271737  0.163850  0.455479  0.517000  0.822709  0.579538  0.674139  0.538344  0.452886  0.796917  0.630712  0.643462  0.713495  0.666749  0.655431  0.164134  0.642657  0.721210  0.713342  0.689131  0.471049  0.675146  0.681270  0.165503  0.788286  0.786891  0.701159  0.705225  0.182459  0.416866  0.539407  0.513138  0.657177  0.851350  0.612485  0.646135  0.473332  0.496518  0.509703  0.498715  0.472897  0.554377  0.491984  0.283947  0.518442  0.161422  0.283803  0.457777  0.463480  0.477462  0.478563  0.328113  0.452228  0.708481  0.471397 
18  0.390824  0.743159  0.711217  0.383392  0.626313  0.840322  0.648776  0.438166  0.575033  0.653279  0.553972  0.752634  0.669359  0.840194  0.235291  0.710389  0.801353  0.743074 0.0  0.319351  0.545201  0.740208  0.595211  0.090495  0.728703  0.794127  0.796098  0.774387  0.779406  0.779516  0.421138  0.090495  0.589765  0.720707  0.784040  0.623994  0.696514  0.751271  0.090495  0.581339  0.712384  0.594509  0.798675  0.631719  0.366117  0.828562  0.714240  0.692067  0.419139  0.701534  0.643992  0.442713  0.398823  0.826071  0.664586  0.734136  0.583325  0.862408  0.426552  0.433770  0.210360  0.677815  0.707494  0.617825  0.683527  0.774525  0.671080  0.362643  0.681430  0.683941  0.647966  0.820949  0.687376  0.768601  0.457982  0.719604  0.617496  0.574079  0.719874  0.735069  0.737737  0.730308  0.806795  0.719983  0.747918  0.785448  0.844335  0.698964  0.740496 
19  0.340331  0.637828  0.673548  0.298572  0.694648  0.664218  0.685711  0.312788  0.679487  0.610975  0.634021  0.632274  0.779026  0.646593  0.277008  0.557169  0.841543  0.605109  0.319351 0.0  0.617932  0.633920  0.616546  0.283674  0.649017  0.625374  0.772254  0.666621  0.568928  0.665227  0.304669  0.327179  0.692957  0.686010  0.649518  0.612764  0.635539  0.574190  0.297401  0.653438  0.577981  0.701771  0.540091  0.648920  0.316996  0.627782  0.606298  0.636554  0.312831  0.604414  0.666571  0.287438  0.338162  0.843567  0.561227  0.549379  0.623656  0.719218  0.293058  0.287105  0.296859  0.675011  0.635069  0.620897  0.575372  0.593308  0.558890  0.298835  0.670407  0.738196  0.590865  0.602601  0.712683  0.587282  0.452084  0.641565  0.633257  0.580260  0.619556  0.598436  0.599966  0.665103  0.661135  0.611260  0.618954  0.640475  0.627862  0.514034  0.555355 
20  0.710730  0.662271  0.328761  0.672129  0.266315  0.579062  0.600002  0.601772  0.735562  0.569491  0.288025  0.599130  0.585172  0.584078  0.584797  0.623507  0.820331  0.706895  0.545201  0.617932 0.0  0.621829  0.279664  0.716756  0.612724  0.693440  0.801029  0.602063  0.619669  0.638217  0.620282  0.683280  0.627944  0.599086  0.620066  0.613433  0.639069  0.634611  0.704640  0.670082  0.622089  0.621448  0.620514  0.577416  0.651322  0.706480  0.314336  0.595607  0.595380  0.600533  0.291419  0.583904  0.671393  0.725077  0.575979  0.669875  0.316886  0.649326  0.610399  0.634471  0.646724  0.736148  0.624211  0.588277  0.553312  0.736232  0.566798  0.667275  0.307464  0.657411  0.620729  0.540889  0.563611  0.617272  0.466537  0.537940  0.696311  0.574703  0.653630  0.642203  0.661624  0.562022  0.679325  0.631138  0.548541  0.626448  0.562133  0.669884  0.750779 
21  0.764934  0.624665  0.666209  0.778006  0.671535  0.474053  0.671317  0.619505  0.748060  0.296533  0.609076  0.295999  0.829001  0.090495  0.761733  0.514653  0.889556  0.570976  0.740208  0.633920  0.621829 0.0  0.632333  0.848047  0.185165  0.301688  0.830504  0.537634  0.287961  0.705806  0.770981  0.747626  0.645072  0.290036  0.461524  0.494455  0.187808  0.281593  0.849904  0.640229  0.619861  0.647394  0.266217  0.815931  0.843390  0.664672  0.588076  0.722586  0.760140  0.469943  0.688273  0.600872  0.804578  0.697552  0.170452  0.630478  0.697516  0.442286  0.690337  0.615772  0.710701  0.753316  0.406201  0.170797  0.304998  0.172531  0.693937  0.758667  0.577217  0.577985  0.279188  0.282168  0.295581  0.290129  0.516609  0.309193  0.288774  0.090495  0.275715  0.443433  0.539334  0.304686  0.319659  0.156062  0.262974  0.505352  0.165892  0.734307  0.159955 
22  0.669393  0.660608  0.346261  0.576387  0.090495  0.661172  0.602644  0.731808  0.703474  0.571278  0.090495  0.599855  0.726046  0.603115  0.671713  0.592989  0.748148  0.747356  0.595211  0.616546  0.279664  0.632333 0.0  0.695560  0.671686  0.632745  0.851344  0.682564  0.613082  0.658893  0.681535  0.592877  0.637901  0.615985  0.600358  0.593959  0.658573  0.682871  0.527822  0.592190  0.598590  0.626834  0.700704  0.611628  0.664558  0.584712  0.300948  0.668207  0.571561  0.585425  0.299208  0.578685  0.599152  0.715500  0.622544  0.590384  0.090495  0.543301  0.592824  0.622080  0.628372  0.553686  0.605836  0.657040  0.612480  0.673031  0.654075  0.677879  0.296212  0.705917  0.652726  0.742215  0.653158  0.664210  0.442019  0.648633  0.618550  0.671176  0.589180  0.627878  0.598522  0.643176  0.548865  0.593652  0.686882  0.662035  0.648887  0.655937  0.585261 
23  0.446648  0.736683  0.609324  0.398214  0.595921  0.912862  0.595160  0.450530  0.927665  0.946993  0.702867  0.810708  0.709210  0.810029  0.200167  0.835357  0.797583  0.857811  0.090495  0.283674  0.716756  0.848047  0.695560 0.0  0.719485  0.800399  0.775027  0.767475  0.711186  0.758476  0.397801  0.140674  0.619352  0.785692  0.818586  0.745768  0.829737  0.791058  0.134512  0.620777  0.643409  0.596838  0.743129  0.681763  0.448200  0.619359  0.640431  0.660920  0.389566  0.761583  0.619737  0.453938  0.490488  0.828476  0.718053  0.661864  0.640423  0.729529  0.433037  0.379222  0.211116  0.715738  0.833073  0.842694  0.764339  0.633291  0.611049  0.490854  0.600736  0.656340  0.831671  0.736394  0.704922  0.693190  0.470007  0.758623  0.662860  0.555616  0.727974  0.812301  0.690111  0.731548  0.708924  0.716710  0.808461  0.872481  0.800439  0.720528  0.773667 
24  0.666109  0.709239  0.658745  0.761919  0.596012  0.505779  0.535403  0.762180  0.666484  0.326284  0.604880  0.340459  0.810327  0.172345  0.674737  0.521774  0.746095  0.487713  0.728703  0.649017  0.612724  0.185165  0.671686  0.719485 0.0  0.336703  0.846294  0.470324  0.300264  0.655020  0.638316  0.831004  0.670213  0.291087  0.490098  0.484179  0.090495  0.264949  0.677717  0.551958  0.589221  0.688111  0.302776  0.660408  0.707649  0.701091  0.631429  0.687792  0.649827  0.422938  0.654278  0.887040  0.706062  0.878834  0.090495  0.643770  0.626600  0.417980  0.754256  0.698037  0.675966  0.597415  0.436332  0.090495  0.276103  0.090495  0.609738  0.685316  0.594535  0.645742  0.295284  0.259553  0.303201  0.280905  0.462998  0.272208  0.295628  0.090495  0.282881  0.504194  0.496996  0.301887  0.308041  0.090495  0.299128  0.403079  0.090495  0.725118  0.090495 
25  0.850598  0.699640  0.643568  0.749504  0.688397  0.475724  0.630996  0.787367  0.757793  0.273326  0.615493  0.328253  0.659507  0.303007  0.686919  0.452675  0.756591  0.448239  0.794127  0.625374  0.693440  0.301688  0.632745  0.800399  0.336703 0.0  0.803538  0.490818  0.273307  0.720778  0.729130  0.758867  0.603309  0.304426  0.487990  0.534723  0.314645  0.278225  0.946459  0.643419  0.574341  0.668742  0.280159  0.602920  0.809128  0.920873  0.596876  0.717047  0.732880  0.570188  0.674213  0.678639  0.894795  0.767661  0.311897  0.711499  0.632467  0.519732  0.686362  0.708697  0.706808  0.748352  0.449036  0.280587  0.292141  0.294947  0.614511  0.905402  0.611886  0.617554  0.311384  0.305499  0.294921  0.148612  0.462449  0.329824  0.287955  0.090495  0.090495  0.516769  0.489545  0.287403  0.293898  0.290766  0.339418  0.455251  0.299735  0.674147  0.319476 
26  0.831478  0.799696  0.796562  0.758573  0.797186  0.692926  0.775139  0.758661  0.848859  0.714039  0.906088  0.837198  0.852512  0.811080  0.823120  0.738276  0.090495  0.741560  0.796098  0.772254  0.801029  0.830504  0.851344  0.775027  0.846294  0.803538 0.0  0.722123  0.816208  0.904254  0.744974  0.863698  0.815870  0.826488  0.811082  0.780212  0.777791  0.909570  0.704307  0.916966  0.788628  0.856650  0.819205  0.889983  0.786453  0.789566  0.847235  0.830605  0.726828  0.719594  0.752515  0.808923  0.888925  0.090495  0.879568  0.702197  0.758628  0.820663  0.931490  0.675940  0.862895  0.843506  0.848570  0.817312  0.856556  0.707911  0.820920  0.685774  0.686754  0.788678  0.852633  0.857152  0.960305  0.834317  0.838135  0.877690  0.886009  0.778979  0.820156  0.713781  0.764008  0.890080  0.676655  0.809231  0.755914  0.918058  0.819672  0.754153  0.710384 
27  0.709253  0.844879  0.664165  0.851280  0.618035  0.172308  0.604971  0.730407  0.739159  0.412063  0.537754  0.454974  0.774803  0.460166  0.774258  0.169915  0.684463  0.312857  0.774387  0.666621  0.602063  0.537634  0.682564  0.767475  0.470324  0.490818  0.722123 0.0  0.478908  0.778081  0.725769  0.658791  0.597614  0.468998  0.090495  0.331134  0.466078  0.442608  0.758491  0.698649  0.491081  0.585136  0.417493  0.737196  0.719800  0.688174  0.656774  0.760154  0.655650  0.287137  0.570095  0.736476  0.705863  0.685623  0.415784  0.693564  0.616925  0.275242  0.666814  0.653150  0.646321  0.747925  0.298134  0.482173  0.383601  0.445988  0.625206  0.889365  0.591733  0.611800  0.485011  0.438978  0.501772  0.426044  0.523329  0.469163  0.461474  0.289185  0.477600  0.309739  0.090495  0.481867  0.501307  0.426026  0.461785  0.090495  0.511824  0.815201  0.432955 
28  0.744563  0.731093  0.744006  0.767095  0.648231  0.468080  0.591503  0.599165  0.912227  0.169086  0.690180  0.090495  0.736576  0.281628  0.774159  0.501352  0.767546  0.426754  0.779406  0.568928  0.619669  0.287961  0.613082  0.711186  0.300264  0.273307  0.816208  0.478908 0.0  0.760523  0.832658  0.758999  0.625972  0.177876  0.492509  0.492720  0.330500  0.161605  0.835014  0.571652  0.667579  0.545173  0.166935  0.712576  0.631073  0.682001  0.546028  0.656827  0.774895  0.474124  0.601962  0.695156  0.610220  0.916424  0.320192  0.775381  0.577066  0.440660  0.744133  0.781883  0.695344  0.826240  0.473088  0.291932  0.169663  0.289974  0.754907  0.745499  0.682349  0.556297  0.090495  0.090495  0.090495  0.291140  0.431573  0.090495  0.090495  0.090495  0.336072  0.439887  0.399141  0.090495  0.090495  0.286362  0.090495  0.466850  0.305098  0.765471  0.302197 
29  0.736626  0.219315  0.714228  0.665704  0.675296  0.732920  0.594822  0.876695  0.221885  0.695909  0.638014  0.671971  0.421774  0.837314  0.708074  0.655752  0.796670  0.744541  0.779516  0.665227  0.638217  0.705806  0.658893  0.758476  0.655020  0.720778  0.904254  0.778081  0.760523 0.0  0.678491  0.761024  0.629946  0.757414  0.622487  0.613998  0.713468  0.725520  0.704107  0.631766  0.617685  0.600499  0.772045  0.090495  0.692814  0.090495  0.620011  0.090495  0.736355  0.733628  0.625689  0.700696  0.671912  0.834418  0.697962  0.426906  0.649328  0.683014  0.587745  0.627263  0.781071  0.090495  0.735672  0.787434  0.797425  0.722813  0.654563  0.660247  0.626246  0.590176  0.679796  0.726494  0.677746  0.847396  0.387844  0.695834  0.747975  0.562584  0.743664  0.804779  0.768133  0.788665  0.735809  0.710562  0.688246  0.676012  0.795221  0.210967  0.614941 
30  0.384908  0.660898  0.622480  0.425029  0.660010  0.633884  0.670380  0.451529  0.931652  0.696733  0.685523  0.859326  0.713640  0.764260  0.399505  0.669003  0.829888  0.749626  0.421138  0.304669  0.620282  0.770981  0.681535  0.397801  0.638316  0.729130  0.744974  0.725769  0.832658  0.678491 0.0  0.419499  0.574053  0.775287  0.788152  0.621949  0.580449  0.686579  0.480202  0.590640  0.646561  0.540098  0.789583  0.667630  0.391362  0.851231  0.563118  0.819460  0.414615  0.710014  0.617345  0.382716  0.463622  0.914605  0.805868  0.755956  0.603672  0.755484  0.432705  0.420487  0.424969  0.761069  0.722382  0.697686  0.788821  0.749353  0.698271  0.414024  0.668107  0.641099  0.686089  0.666967  0.835017  0.735987  0.526568  0.695593  0.657154  0.571686  0.669802  0.748420  0.716829  0.701869  0.603958  0.629847  0.595914  0.783012  0.676631  0.656412  0.676850 
31  0.423554  0.744340  0.745687  0.346495  0.611966  0.843003  0.599474  0.524329  0.737758  0.759284  0.634801  0.888004  0.816415  0.807085  0.219382  0.766913  0.777058  0.819956  0.090495  0.327179  0.683280  0.747626  0.592877  0.140674  0.831004  0.758867  0.863698  0.658791  0.758999  0.761024  0.419499 0.0  0.676934  0.711208  0.726008  0.716842  0.679406  0.792010  0.090495  0.539106  0.630928  0.688677  0.731078  0.631989  0.440138  0.876390  0.653764  0.732170  0.445625  0.690589  0.700341  0.388667  0.433883  0.880937  0.702265  0.696093  0.573601  0.646785  0.402634  0.421162  0.217099  0.814646  0.693579  0.759602  0.837275  0.812884  0.589348  0.443713  0.665162  0.645357  0.705710  0.855867  0.903812  0.942712  0.536468  0.842573  0.829405  0.632247  0.750385  0.742564  0.786061  0.841316  0.763173  0.814083  0.761175  0.837804  0.844351  0.738185  0.840758 
32  0.644191  0.650519  0.680552  0.589107  0.727154  0.589063  0.575512  0.676908  0.653633  0.649755  0.638965  0.721063  0.610894  0.493476  0.629097  0.731115  0.923748  0.549233  0.589765  0.692957  0.627944  0.645072  0.637901  0.619352  0.670213  0.603309  0.815870  0.597614  0.625972  0.629946  0.574053  0.676934 0.0  0.705608  0.618250  0.556324  0.658619  0.522502  0.551759  0.289509  0.277312  0.090495  0.607424  0.616844  0.695422  0.584924  0.555148  0.527275  0.584655  0.733499  0.596124  0.617013  0.609692  0.697778  0.664835  0.583497  0.717450  0.634765  0.567782  0.686329  0.598977  0.618583  0.574922  0.560484  0.569120  0.606233  0.619449  0.584440  0.642641  0.725225  0.635473  0.605667  0.585975  0.710888  0.435748  0.705741  0.578042  0.655034  0.646147  0.623224  0.624964  0.604447  0.502560  0.606200  0.637979  0.619016  0.598739  0.549815  0.674357 
33  0.696347  0.782765  0.574391  0.781348  0.626354  0.528481  0.585812  0.744981  0.698602  0.169929  0.573503  0.182347  0.699800  0.306923  0.676664  0.505839  0.772701  0.420385  0.720707  0.686010  0.599086  0.290036  0.615985  0.785692  0.291087  0.304426  0.826488  0.468998  0.177876  0.757414  0.775287  0.711208  0.705608 0.0  0.448438  0.455015  0.291216  0.090495  0.757044  0.610545  0.572704  0.637740  0.172299  0.679952  0.799433  0.723801  0.531183  0.737101  0.825530  0.467888  0.644656  0.796073  0.864851  0.732095  0.253885  0.706072  0.601682  0.428786  0.706000  0.609463  0.752125  0.672411  0.497614  0.320072  0.176298  0.282885  0.595049  0.713259  0.693420  0.693665  0.161407  0.158839  0.163226  0.289975  0.493601  0.175751  0.157654  0.090495  0.285624  0.480698  0.570565  0.171856  0.169033  0.277613  0.158698  0.490762  0.298211  0.766091  0.301121 
34  0.759684  0.622483  0.649458  0.596901  0.616668  0.177582  0.687056  0.710302  0.707251  0.437715  0.671127  0.482945  0.735775  0.400129  0.619749  0.185656  0.756125  0.271737  0.784040  0.649518  0.620066  0.461524  0.600358  0.818586  0.490098  0.487990  0.811082  0.090495  0.492509  0.622487  0.788152  0.726008  0.618250  0.448438 0.0  0.347923  0.511983  0.445884  0.794986  0.693448  0.653452  0.620003  0.359901  0.711059  0.844094  0.634111  0.652074  0.770323  0.667924  0.296505  0.591958  0.669470  0.863922  0.735530  0.466520  0.671042  0.546840  0.276931  0.724913  0.557428  0.850369  0.703078  0.293402  0.479046  0.414110  0.502531  0.518098  0.777390  0.653202  0.675193  0.534615  0.475904  0.503021  0.439361  0.477153  0.515655  0.529115  0.268585  0.440733  0.308018  0.090495  0.449815  0.580041  0.506111  0.484322  0.090495  0.519462  0.772644  0.470661 
35  0.624536  0.682525  0.678628  0.621163  0.576517  0.315188  0.683001  0.698007  0.775849  0.516814  0.613820  0.596245  0.705730  0.436330  0.755393  0.303676  0.765221  0.163850  0.623994  0.612764  0.613433  0.494455  0.593959  0.745768  0.484179  0.534723  0.780212  0.331134  0.492720  0.613998  0.621949  0.716842  0.556324  0.455015  0.347923 0.0  0.426121  0.512159  0.906576  0.679763  0.667878  0.635428  0.469788  0.658813  0.832419  0.771483  0.617094  0.811577  0.752718  0.132702  0.583824  0.548988  0.709118  0.751515  0.459316  0.718199  0.670429  0.155540  0.605276  0.611357  0.814943  0.803176  0.172483  0.528326  0.478583  0.521372  0.679213  0.750823  0.612830  0.700795  0.479579  0.507870  0.510799  0.479403  0.417609  0.416480  0.515018  0.338298  0.514760  0.164121  0.297715  0.475205  0.499083  0.494891  0.527355  0.305387  0.508089  0.713708  0.485261 
36  0.692354  0.706950  0.640160  0.680300  0.666863  0.517517  0.607071  0.782036  0.779473  0.267558  0.660840  0.318151  0.796546  0.175050  0.629912  0.520543  0.839812  0.455479  0.696514  0.635539  0.639069  0.187808  0.658573  0.829737  0.090495  0.314645  0.777791  0.466078  0.330500  0.713468  0.580449  0.679406  0.658619  0.291216  0.511983  0.426121 0.0  0.286798  0.756760  0.700056  0.739391  0.699384  0.298873  0.583611  0.739555  0.763571  0.666049  0.816015  0.676763  0.479792  0.587170  0.696874  0.782801  0.800646  0.090495  0.538757  0.563347  0.503136  0.697674  0.713214  0.778402  0.674387  0.541245  0.090495  0.273606  0.090495  0.748114  0.813304  0.720444  0.581371  0.246838  0.327231  0.299730  0.286558  0.410954  0.287628  0.266653  0.090495  0.320916  0.518963  0.470987  0.275638  0.288304  0.090495  0.275071  0.473587  0.090495  0.729219  0.090495 
37  0.802167  0.665636  0.644207  0.633883  0.734226  0.468796  0.686747  0.850376  0.656073  0.160948  0.626721  0.156145  0.791626  0.291284  0.831392  0.527583  0.696237  0.517000  0.751271  0.574190  0.634611  0.281593  0.682871  0.791058  0.264949  0.278225  0.909570  0.442608  0.161605  0.725520  0.686579  0.792010  0.522502  0.090495  0.445884  0.512159  0.286798 0.0  0.931732  0.750181  0.594717  0.632994  0.168134  0.638869  0.717970  0.604921  0.704170  0.690075  0.709006  0.428369  0.577410  0.795713  0.896741  0.885856  0.301033  0.732575  0.611948  0.422717  0.807539  0.805895  0.659162  0.680920  0.471916  0.255364  0.166954  0.280257  0.575209  0.843163  0.693572  0.655023  0.171907  0.183646  0.161485  0.284586  0.429392  0.182703  0.189755  0.090495  0.330955  0.522093  0.551206  0.167447  0.174880  0.312711  0.180621  0.456300  0.299797  0.753818  0.320212 
38  0.421862  0.646419  0.591294  0.440858  0.570654  0.807811  0.601080  0.441735  0.785661  0.792571  0.657516  0.944301  0.800676  0.912169  0.206857  0.762759  0.795661  0.822709  0.090495  0.297401  0.704640  0.849904  0.527822  0.134512  0.677717  0.946459  0.704307  0.758491  0.835014  0.704107  0.480202  0.090495  0.551759  0.757044  0.794986  0.906576  0.756760  0.931732 0.0  0.624779  0.599245  0.538318  0.594376  0.664542  0.436947  0.609993  0.700746  0.708086  0.415692  0.813257  0.608092  0.492773  0.516167  0.749744  0.823118  0.728445  0.605043  0.669889  0.365490  0.375804  0.206566  0.802402  0.649020  0.842189  0.793060  0.866921  0.713953  0.443679  0.634481  0.600728  0.800343  0.737046  0.799719  0.728387  0.429446  0.846984  0.853798  0.745560  0.730748  0.790413  0.717079  0.789663  0.774134  0.758378  0.843577  0.831461  0.710940  0.681230  0.746328 
39  0.647907  0.666059  0.619451  0.646837  0.547829  0.612912  0.556554  0.612102  0.745284  0.693998  0.641977  0.685667  0.656420  0.601626  0.625882  0.600333  0.738046  0.579538  0.581339  0.653438  0.670082  0.640229  0.592190  0.620777  0.551958  0.643419  0.916966  0.698649  0.571652  0.631766  0.590640  0.539106  0.289509  0.610545  0.693448  0.679763  0.700056  0.750181  0.624779 0.0  0.314691  0.294504  0.689510  0.649757  0.560019  0.645324  0.618530  0.619706  0.664800  0.624518  0.599893  0.529199  0.621548  0.844036  0.676301  0.629713  0.601586  0.556237  0.594753  0.666234  0.605662  0.622270  0.615197  0.712977  0.671735  0.720424  0.647122  0.683388  0.695716  0.638871  0.640521  0.551689  0.642388  0.660959  0.410227  0.705768  0.524699  0.626724  0.566247  0.661389  0.707027  0.505122  0.750884  0.587609  0.592724  0.520034  0.704448  0.659395  0.694088 
40  0.654478  0.675580  0.666941  0.705075  0.765347  0.661566  0.577338  0.706532  0.570856  0.541895  0.554907  0.605904  0.644171  0.641235  0.600957  0.556672  0.754287  0.674139  0.712384  0.577981  0.622089  0.619861  0.598590  0.643409  0.589221  0.574341  0.788628  0.491081  0.667579  0.617685  0.646561  0.630928  0.277312  0.572704  0.653452  0.667878  0.739391  0.594717  0.599245  0.314691 0.0  0.278907  0.656040  0.562689  0.637079  0.626263  0.565435  0.629548  0.692968  0.694711  0.689312  0.627381  0.506050  0.833871  0.732465  0.633069  0.596444  0.586386  0.607493  0.580705  0.647493  0.657106  0.669556  0.547014  0.609617  0.642609  0.585877  0.617542  0.625969  0.628770  0.643996  0.549763  0.609908  0.664598  0.418459  0.648807  0.546074  0.689561  0.698187  0.674083  0.668705  0.656031  0.615139  0.570346  0.542222  0.619527  0.678742  0.664572  0.634474 
41  0.626166  0.529567  0.742347  0.545092  0.672958  0.698157  0.493657  0.583734  0.638264  0.661359  0.536275  0.606320  0.591894  0.652538  0.593412  0.576276  0.799325  0.538344  0.594509  0.701771  0.621448  0.647394  0.626834  0.596838  0.688111  0.668742  0.856650  0.585136  0.545173  0.600499  0.540098  0.688677  0.090495  0.637740  0.620003  0.635428  0.699384  0.632994  0.538318  0.294504  0.278907 0.0  0.596673  0.686034  0.637709  0.630027  0.622201  0.582011  0.593388  0.636584  0.667137  0.518939  0.638100  0.812918  0.600133  0.627285  0.581249  0.555967  0.522398  0.609371  0.585493  0.617126  0.638472  0.640866  0.637709  0.576104  0.613886  0.662917  0.727794  0.631563  0.671575  0.595287  0.610147  0.645187  0.499904  0.655204  0.696727  0.638151  0.667447  0.573131  0.643061  0.592099  0.612295  0.587539  0.655047  0.602549  0.639440  0.580915  0.504498 
42  0.739931  0.704129  0.628397  0.700367  0.647384  0.516581  0.570256  0.821864  0.716233  0.090495  0.644927  0.166976  0.653298  0.287900  0.694573  0.509173  0.719112  0.452886  0.798675  0.540091  0.620514  0.266217  0.700704  0.743129  0.302776  0.280159  0.819205  0.417493  0.166935  0.772045  0.789583  0.731078  0.607424  0.172299  0.359901  0.469788  0.298873  0.168134  0.594376  0.689510  0.656040  0.596673 0.0  0.713880  0.819201  0.735059  0.644775  0.748311  0.706249  0.521724  0.569362  0.775262  0.731597  0.825964  0.286962  0.813561  0.632965  0.469683  0.682112  0.754389  0.622581  0.739176  0.469879  0.293744  0.090495  0.276189  0.656281  0.768309  0.602235  0.575760  0.185065  0.176398  0.162815  0.305989  0.503592  0.172209  0.168336  0.090495  0.279954  0.402280  0.371554  0.166902  0.174954  0.315496  0.168739  0.423136  0.331859  0.695818  0.293634 
43  0.654634  0.219102  0.588187  0.608919  0.583848  0.601379  0.583189  0.663783  0.203224  0.813182  0.569880  0.639079  0.418511  0.713626  0.661566  0.668841  0.794244  0.796917  0.631719  0.648920  0.577416  0.815931  0.611628  0.681763  0.660408  0.602920  0.889983  0.737196  0.712576  0.090495  0.667630  0.631989  0.616844  0.679952  0.711059  0.658813  0.583611  0.638869  0.664542  0.649757  0.562689  0.686034  0.713880 0.0  0.694943  0.090495  0.541691  0.090495  0.662262  0.793043  0.690438  0.732640  0.737319  0.791658  0.720349  0.396916  0.646925  0.734023  0.707653  0.794167  0.760422  0.090495  0.827069  0.740062  0.809282  0.622376  0.612489  0.870321  0.630182  0.540213  0.740676  0.691882  0.714430  0.795022  0.454941  0.586952  0.774801  0.623390  0.678364  0.718049  0.691873  0.743623  0.705665  0.662163  0.813144  0.663177  0.693679  0.190308  0.808689 
44  0.217117  0.689900  0.619609  0.222474  0.721970  0.702909  0.562726  0.090495  0.685178  0.842041  0.699683  0.650057  0.752837  0.773870  0.461952  0.935419  0.848977  0.630712  0.366117  0.316996  0.651322  0.843390  0.664558  0.448200  0.707649  0.809128  0.786453  0.719800  0.631073  0.692814  0.391362  0.440138  0.695422  0.799433  0.844094  0.832419  0.739555  0.717970  0.436947  0.560019  0.637079  0.637709  0.819201  0.694943 0.0  0.662565  0.627064  0.679932  0.221862  0.959956  0.648053  0.210213  0.090495  0.849281  0.850503  0.713807  0.507053  0.757687  0.185518  0.195615  0.404108  0.713764  0.852837  0.928741  0.820604  0.705035  0.571701  0.166616  0.649282  0.587206  0.627482  0.713713  0.699591  0.787454  0.530095  0.625430  0.757430  0.686598  0.966296  0.754628  0.718978  0.657900  0.717107  0.756488  0.586736  0.753228  0.822316  0.795707  0.802263 
