89
0 0.0  0.807710  0.678697  0.207309  0.668480  0.672917  0.592291  0.194973  0.771777  0.675043  0.566061  0.737427  0.661849  0.724249  0.417269  0.743785  0.872171  0.761337  0.418696  0.272233  0.703199  0.670349  0.634886  0.375107  0.642754  0.660367  0.782316  0.772909  0.736718  0.676502  0.348016  0.408628  0.595481  0.700943  0.717871  0.599754  0.663938  0.765319  0.407890  0.594281  0.597089  0.584907  0.743134  0.773916  0.183524  0.749611  0.543867  0.658200  0.183169  0.702593  0.618963  0.168482  0.177985  0.844666  0.666148  0.656968  0.780950  0.721894  0.186547  0.068378  0.394880  0.768741  0.685206  0.717585  0.719064  0.642484  0.595647  0.208790  0.593489  0.580814  0.697055  0.732440  0.746449  0.656819  0.427556  0.732874  0.692609  0.543794  0.775901  0.656473  0.665849  0.664186  0.679296  0.779554  0.689427  0.679862  0.654017  0.723798  0.732236 
1  0.807710 0.0  0.499390  0.721999  0.616053  0.687393  0.626640  0.684050  0.068378  0.619749  0.616717  0.664859  0.248646  0.698784  0.815527  0.672237  0.832616  0.754064  0.729076  0.644777  0.673900  0.729921  0.697499  0.614485  0.736227  0.701176  0.834997  0.730055  0.713464  0.191828  0.650410  0.707261  0.606677  0.590700  0.824782  0.639000  0.712749  0.582204  0.809812  0.610888  0.508616  0.628439  0.720542  0.181258  0.704740  0.179978  0.611126  0.192605  0.674794  0.696495  0.629570  0.755882  0.666820  0.840045  0.630732  0.386269  0.636667  0.732981  0.770483  0.735963  0.648310  0.188916  0.667970  0.607533  0.787649  0.611870  0.740830  0.726507  0.553353  0.641272  0.668092  0.727107  0.708108  0.774614  0.493075  0.616425  0.661795  0.622804  0.776509  0.563542  0.655422  0.736156  0.793504  0.721242  0.688502  0.659588  0.677192  0.199745  0.633125 
2  0.678697  0.499390 0.0  0.617584  0.286977  0.595991  0.647781  0.722520  0.598566  0.666307  0.248961  0.538290  0.684118  0.674925  0.621867  0.587599  0.731167  0.650163  0.612437  0.649751  0.271164  0.603026  0.279515  0.523039  0.548493  0.635207  0.800386  0.545411  0.662880  0.621155  0.530029  0.618240  0.569811  0.612386  0.601903  0.598653  0.594797  0.594772  0.580724  0.556294  0.601269  0.611789  0.602350  0.648027  0.704656  0.535620  0.251939  0.548088  0.498139  0.619000  0.270598  0.518855  0.633581  0.779821  0.653072  0.589898  0.303067  0.501037  0.569375  0.602117  0.600817  0.549490  0.642442  0.678306  0.622438  0.524487  0.556819  0.562384  0.068378  0.529014  0.605520  0.614134  0.623884  0.568173  0.374627  0.604637  0.607800  0.607755  0.486393  0.632049  0.637056  0.552973  0.603756  0.570831  0.500863  0.639934  0.588093  0.478342  0.530451 
3  0.207309  0.721999  0.617584 0.0  0.679507  0.701586  0.600491  0.170869  0.647888  0.641209  0.500412  0.719690  0.727634  0.766150  0.434392  0.663501  0.688007  0.685561  0.429972  0.246926  0.638561  0.641449  0.597523  0.410447  0.700566  0.750278  0.713973  0.732806  0.632591  0.637841  0.363553  0.367117  0.605018  0.772961  0.780042  0.688173  0.699446  0.769600  0.381431  0.554368  0.660239  0.626388  0.877701  0.683227  0.175945  0.782641  0.594862  0.657418  0.068378  0.664433  0.664434  0.205049  0.186635  0.764132  0.635873  0.631737  0.626417  0.723223  0.204727  0.197092  0.390414  0.714609  0.553365  0.685304  0.650510  0.607670  0.582684  0.197566  0.553054  0.640394  0.705079  0.640729  0.642426  0.686966  0.371425  0.678549  0.626451  0.710667  0.661672  0.732242  0.681851  0.737316  0.736753  0.642081  0.643221  0.640932  0.639833  0.660904  0.747960 
4  0.668480  0.616053  0.286977  0.679507 0.0  0.654541  0.546084  0.626374  0.579889  0.673195  0.068378  0.588464  0.614747  0.572826  0.618308  0.555864  0.753546  0.682502  0.567294  0.589297  0.272739  0.540897  0.068378  0.578585  0.537470  0.554075  0.704867  0.553464  0.597733  0.551401  0.570931  0.614418  0.586462  0.590621  0.587884  0.549497  0.605232  0.586346  0.630954  0.564564  0.591777  0.595148  0.629463  0.688906  0.688592  0.491419  0.272882  0.637340  0.593314  0.529920  0.262685  0.563917  0.585241  0.799095  0.581934  0.656775  0.068378  0.671885  0.635316  0.587231  0.649773  0.468256  0.618977  0.632384  0.648426  0.603799  0.670403  0.542361  0.265578  0.607966  0.677111  0.473308  0.593579  0.552282  0.495842  0.628967  0.580198  0.572051  0.677608  0.611222  0.662946  0.704640  0.537605  0.615810  0.530825  0.564200  0.611606  0.589077  0.697865 
5  0.672917  0.687393  0.595991  0.701586  0.654541 0.0  0.700542  0.583527  0.659204  0.464726  0.650037  0.474109  0.699853  0.367573  0.745122  0.068378  0.849291  0.256667  0.636554  0.577763  0.600982  0.439273  0.590797  0.817374  0.454808  0.437640  0.841525  0.145207  0.445916  0.775306  0.679950  0.682113  0.667280  0.541356  0.155907  0.251662  0.487536  0.466705  0.838167  0.468459  0.554613  0.542387  0.399840  0.784252  0.649848  0.628410  0.558657  0.639670  0.754296  0.247814  0.575658  0.655068  0.658593  0.772952  0.372658  0.678764  0.618410  0.261008  0.723973  0.715703  0.745226  0.700054  0.243867  0.517446  0.462351  0.421986  0.538220  0.762800  0.642162  0.549423  0.467329  0.479404  0.427120  0.411037  0.403419  0.458811  0.477934  0.244192  0.363108  0.281978  0.149410  0.479083  0.461922  0.395902  0.538929  0.150315  0.484092  0.669109  0.451857 
6  0.592291  0.626640  0.647781  0.600491  0.546084  0.700542 0.0  0.574251  0.619338  0.517831  0.565888  0.556231  0.573118  0.653534  0.725260  0.680289  0.726436  0.526231  0.547021  0.565010  0.576743  0.610991  0.672761  0.696367  0.617332  0.639438  0.949175  0.658797  0.712143  0.572726  0.606476  0.544517  0.551048  0.524407  0.552145  0.638839  0.568462  0.672623  0.605673  0.583703  0.588891  0.573946  0.706356  0.625672  0.656728  0.594106  0.634989  0.601306  0.647654  0.500483  0.587958  0.664540  0.582799  0.636540  0.688091  0.574929  0.607371  0.579022  0.541866  0.576766  0.653986  0.554640  0.658301  0.558274  0.518157  0.580477  0.253815  0.583177  0.550094  0.263337  0.619940  0.559903  0.623521  0.644096  0.475156  0.676062  0.580248  0.624721  0.658233  0.486309  0.583768  0.559081  0.515642  0.621465  0.655059  0.433494  0.615407  0.528400  0.652416 
7  0.194973  0.684050  0.722520  0.170869  0.626374  0.583527  0.574251 0.0  0.623484  0.580125  0.627253  0.550358  0.631991  0.801680  0.419573  0.703742  0.768634  0.791241  0.397864  0.294169  0.601695  0.727120  0.602467  0.475065  0.784112  0.730721  0.831916  0.691392  0.605984  0.817038  0.363621  0.462804  0.659750  0.782092  0.691504  0.688511  0.609582  0.790002  0.366387  0.648312  0.566298  0.505634  0.876516  0.660064  0.068378  0.711873  0.594865  0.643498  0.206888  0.624201  0.643823  0.195902  0.068378  0.832268  0.812438  0.550329  0.570749  0.710119  0.213335  0.210017  0.398805  0.739181  0.673724  0.722399  0.753631  0.833838  0.572294  0.150240  0.569077  0.585155  0.629302  0.603864  0.640316  0.756314  0.397564  0.666563  0.666369  0.466513  0.780567  0.741817  0.715909  0.661985  0.597653  0.772629  0.778528  0.757474  0.755350  0.730042  0.699031 
8  0.771777  0.068378  0.598566  0.647888  0.579889  0.659204  0.619338  0.623484 0.0  0.711086  0.563494  0.710498  0.290823  0.643755  0.847448  0.717344  0.669379  0.697529  0.656963  0.599504  0.508615  0.573009  0.596049  0.760386  0.660941  0.646656  0.741683  0.731762  0.558261  0.178624  0.731631  0.689974  0.591323  0.614355  0.684437  0.648589  0.667422  0.740307  0.615009  0.507529  0.625532  0.528746  0.655335  0.195069  0.689135  0.175001  0.616071  0.190418  0.591518  0.662654  0.620539  0.658059  0.695092  0.758733  0.656681  0.458870  0.636825  0.645617  0.748451  0.801027  0.788218  0.178946  0.688507  0.682746  0.777118  0.655386  0.542791  0.640106  0.536761  0.551892  0.659105  0.666901  0.568867  0.732929  0.426601  0.623567  0.673726  0.637588  0.734560  0.681731  0.623907  0.614611  0.698682  0.643855  0.670706  0.740751  0.663973  0.195907  0.720112 
9  0.675043  0.619749  0.666307  0.641209  0.673195  0.464726  0.517831  0.580125  0.711086 0.0  0.614957  0.158731  0.693682  0.269107  0.644380  0.460623  0.824360  0.433428  0.605979  0.598303  0.548402  0.268186  0.652818  0.674904  0.232402  0.285154  0.743666  0.329329  0.149478  0.802261  0.710847  0.838942  0.674104  0.142620  0.391328  0.443756  0.281990  0.144244  0.775751  0.632124  0.644615  0.685526  0.068378  0.673626  0.675458  0.524127  0.563752  0.611954  0.673820  0.473520  0.573061  0.628385  0.733889  0.865510  0.285784  0.707284  0.618992  0.461237  0.595345  0.715964  0.687759  0.626035  0.459068  0.263729  0.068378  0.265119  0.593736  0.652090  0.668459  0.619584  0.161027  0.131257  0.143767  0.246044  0.511771  0.146454  0.153048  0.068378  0.279609  0.480167  0.418420  0.154963  0.127445  0.257304  0.137963  0.380808  0.261554  0.652040  0.284734 
10  0.566061  0.616717  0.248961  0.500412  0.068378  0.650037  0.565888  0.627253  0.563494  0.614957 0.0  0.589334  0.593731  0.693144  0.653320  0.540773  0.815926  0.630715  0.545755  0.578758  0.251401  0.629863  0.068378  0.629004  0.595074  0.632813  0.814408  0.502279  0.632344  0.604751  0.626142  0.597395  0.619005  0.610969  0.629277  0.575999  0.542571  0.538206  0.675603  0.615645  0.626714  0.622553  0.603019  0.580220  0.567072  0.625001  0.294088  0.638525  0.661308  0.686031  0.285032  0.638396  0.528264  0.837338  0.727173  0.592587  0.068378  0.629437  0.606837  0.537057  0.644509  0.612342  0.555332  0.556171  0.606868  0.523306  0.590948  0.658693  0.264167  0.630719  0.609007  0.639528  0.610866  0.600911  0.420231  0.572585  0.557991  0.639496  0.610996  0.506780  0.591270  0.610553  0.666939  0.600466  0.563307  0.598835  0.581095  0.596200  0.680861 
11  0.737427  0.664859  0.538290  0.719690  0.588464  0.474109  0.556231  0.550358  0.710498  0.158731  0.589334 0.0  0.705161  0.248567  0.679009  0.437903  0.728049  0.438870  0.718231  0.553079  0.577655  0.264555  0.598302  0.763941  0.300826  0.326237  0.796735  0.491359  0.068378  0.707366  0.713869  0.842806  0.692008  0.156769  0.476982  0.507761  0.282440  0.163371  0.678548  0.655066  0.599884  0.682466  0.138633  0.711659  0.662331  0.728942  0.573382  0.740405  0.693554  0.567086  0.638297  0.681028  0.737730  0.770373  0.259897  0.680031  0.649761  0.382004  0.668167  0.574816  0.609922  0.614892  0.388596  0.279255  0.137504  0.261348  0.602584  0.811166  0.663730  0.479844  0.068378  0.068378  0.068378  0.295305  0.397310  0.068378  0.068378  0.068378  0.345491  0.438097  0.456745  0.068378  0.068378  0.271310  0.110308  0.493505  0.247960  0.663056  0.302775 
12  0.661849  0.248646  0.684118  0.727634  0.614747  0.699853  0.573118  0.631991  0.290823  0.693682  0.593731  0.705161 0.0  0.801702  0.676871  0.717792  0.723251  0.726993  0.717209  0.656948  0.785872  0.685743  0.555456  0.657438  0.659833  0.664510  0.756832  0.671698  0.702411  0.360908  0.739530  0.718943  0.515634  0.665594  0.749996  0.657569  0.612851  0.644122  0.748153  0.599102  0.535275  0.523797  0.702652  0.353609  0.624682  0.448521  0.596163  0.360261  0.722861  0.738701  0.662970  0.674142  0.705291  0.779192  0.633227  0.192358  0.563438  0.741589  0.777570  0.606592  0.665750  0.385910  0.698173  0.755477  0.715433  0.769845  0.517426  0.755992  0.637289  0.598998  0.630886  0.695533  0.637884  0.705687  0.454029  0.670326  0.725564  0.628467  0.575488  0.721526  0.574628  0.611055  0.714813  0.622119  0.688828  0.596008  0.723081  0.441081  0.654182 
13  0.724249  0.698784  0.674925  0.766150  0.572826  0.367573  0.653534  0.801680  0.643755  0.269107  0.693144  0.248567  0.801702 0.0  0.655197  0.403104  0.836858  0.411987  0.695541  0.605760  0.686389  0.068378  0.623017  0.714807  0.148574  0.275642  0.669533  0.474070  0.294300  0.721374  0.690216  0.760553  0.498818  0.257675  0.491455  0.445087  0.150572  0.311584  0.651427  0.540835  0.592347  0.593523  0.267104  0.575080  0.692494  0.613191  0.587404  0.680947  0.774426  0.424097  0.728088  0.679500  0.750538  0.719187  0.143353  0.697728  0.536263  0.496209  0.687298  0.651010  0.728049  0.671947  0.431272  0.152858  0.241490  0.150060  0.602119  0.865352  0.528945  0.574870  0.261931  0.267815  0.272536  0.235650  0.405845  0.264594  0.283012  0.068378  0.266987  0.403081  0.452391  0.281624  0.240259  0.157191  0.304210  0.399882  0.147746  0.785736  0.158498 
14  0.417269  0.815527  0.621867  0.434392  0.618308  0.745122  0.725260  0.419573  0.847448  0.644380  0.653320  0.679009  0.676871  0.655197 0.0  0.748659  1.000000  0.735147  0.204595  0.291172  0.596361  0.631180  0.560732  0.191419  0.710148  0.798447  0.781269  0.756493  0.663564  0.739982  0.366105  0.193273  0.620947  0.577069  0.636429  0.698713  0.595490  0.787653  0.200742  0.655579  0.599163  0.567274  0.824169  0.610380  0.288917  0.705237  0.601734  0.669644  0.394482  0.703635  0.560413  0.381269  0.401957  0.713593  0.701423  0.671703  0.585131  0.673190  0.378681  0.386111  0.068378  0.727941  0.673572  0.627479  0.662893  0.674966  0.608971  0.358631  0.669509  0.521101  0.739849  0.673100  0.755162  0.691340  0.432539  0.697626  0.636149  0.585490  0.606382  0.657967  0.745380  0.595651  0.745095  0.738976  0.708806  0.742721  0.711776  0.628811  0.685880 
15  0.743785  0.672237  0.587599  0.663501  0.555864  0.068378  0.680289  0.703742  0.717344  0.460623  0.540773  0.437903  0.717792  0.403104  0.748659 0.0  0.803503  0.265355  0.665181  0.644296  0.510770  0.402335  0.585079  0.691044  0.540693  0.489445  0.886592  0.141729  0.446587  0.732292  0.749433  0.790927  0.478461  0.375031  0.150606  0.279484  0.510350  0.511624  0.677226  0.664849  0.683678  0.644689  0.493233  0.724910  0.740192  0.631703  0.549286  0.701086  0.674297  0.282722  0.563582  0.751856  0.732830  0.846402  0.503253  0.602575  0.565354  0.276754  0.722054  0.729252  0.632932  0.696143  0.268969  0.446309  0.452249  0.392932  0.520529  0.622602  0.631671  0.618589  0.451918  0.435415  0.520174  0.486575  0.411120  0.352166  0.408969  0.312945  0.464416  0.267152  0.151718  0.397121  0.418230  0.447623  0.487616  0.155456  0.475664  0.789654  0.459523 
16  0.872171  0.832616  0.731167  0.688007  0.753546  0.849291  0.726436  0.768634  0.669379  0.824360  0.815926  0.728049  0.723251  0.836858  1.000000  0.803503 0.0  0.769381  0.738858  0.715744  0.722754  0.798065  0.721108  0.632057  0.821334  0.698327  0.068378  0.808615  0.831759  0.962312  0.702048  0.854640  0.787842  0.706636  0.884798  0.747584  0.784264  0.827470  0.840957  0.668800  0.665120  0.773583  0.652773  0.921423  0.717684  0.854970  0.751393  0.809958  0.842420  0.784381  0.851096  0.885920  0.736740  0.068378  0.749973  0.820152  0.803283  0.855239  0.845310  0.730872  0.693041  0.702749  0.674325  0.814379  0.873666  0.797946  0.580749  0.751389  0.768878  0.769797  0.736757  0.778212  0.685429  0.797775  0.799215  0.720978  0.716760  0.704700  0.770940  0.818217  0.664845  0.807643  0.789180  0.637920  0.906821  0.875642  0.828810  0.686325  0.828914 
17  0.761337  0.754064  0.650163  0.685561  0.682502  0.256667  0.526231  0.791241  0.697529  0.433428  0.630715  0.438870  0.726993  0.411987  0.735147  0.265355  0.769381 0.0  0.699982  0.595517  0.544517  0.541952  0.602508  0.636232  0.485251  0.478616  0.777378  0.262059  0.438652  0.688172  0.680894  0.800599  0.569521  0.403560  0.278320  0.155401  0.456119  0.513185  0.723225  0.533369  0.607129  0.591845  0.483222  0.687819  0.758045  0.701653  0.586098  0.710718  0.663175  0.125707  0.704209  0.684281  0.687831  0.825321  0.450244  0.586645  0.716621  0.137663  0.715921  0.641094  0.754925  0.626498  0.151515  0.475553  0.429626  0.482163  0.650950  0.678148  0.607425  0.646380  0.536271  0.464312  0.388240  0.399790  0.421138  0.434475  0.442240  0.327823  0.486316  0.146378  0.268123  0.442625  0.394878  0.458238  0.442608  0.239760  0.438456  0.666416  0.500084 
18  0.418696  0.729076  0.612437  0.429972  0.567294  0.636554  0.547021  0.397864  0.656963  0.605979  0.545755  0.718231  0.717209  0.695541  0.204595  0.665181  0.738858  0.699982 0.0  0.268387  0.657015  0.757020  0.490634  0.068378  0.618806  0.641900  0.773983  0.752074  0.636249  0.642242  0.398865  0.068378  0.562550  0.642907  0.605065  0.707268  0.610247  0.685634  0.068378  0.555132  0.593387  0.584704  0.655349  0.730684  0.425235  0.744644  0.589170  0.826979  0.363226  0.767179  0.651814  0.471138  0.355268  0.914497  0.627844  0.733565  0.717924  0.662266  0.414205  0.382764  0.168843  0.607684  0.592143  0.677185  0.685980  0.810565  0.627764  0.328250  0.588819  0.653716  0.781819  0.770707  0.734380  0.730013  0.382531  0.491343  0.749627  0.634742  0.585187  0.570548  0.719081  0.640239  0.740705  0.559867  0.714063  0.692745  0.795307  0.713039  0.673806 
19  0.272233  0.644777  0.649751  0.246926  0.589297  0.577763  0.565010  0.294169  0.599504  0.598303  0.578758  0.553079  0.656948  0.605760  0.291172  0.644296  0.715744  0.595517  0.268387 0.0  0.643841  0.635771  0.666789  0.290469  0.636211  0.585003  0.671040  0.715194  0.633248  0.603689  0.281410  0.249928  0.579885  0.593801  0.590406  0.607791  0.605482  0.649047  0.260479  0.632139  0.589314  0.560126  0.638905  0.558443  0.255992  0.501704  0.540079  0.639614  0.258864  0.473564  0.639344  0.250240  0.305739  0.616292  0.577456  0.637343  0.596733  0.570732  0.271570  0.281799  0.291630  0.610929  0.605205  0.697364  0.647861  0.531445  0.557047  0.295687  0.648291  0.694528  0.530385  0.611551  0.594863  0.658848  0.427108  0.636772  0.592211  0.583688  0.633085  0.624258  0.575131  0.610894  0.630831  0.642187  0.531872  0.543337  0.526195  0.560275  0.663544 
20  0.703199  0.673900  0.271164  0.638561  0.272739  0.600982  0.576743  0.601695  0.508615  0.548402  0.251401  0.577655  0.785872  0.686389  0.596361  0.510770  0.722754  0.544517  0.657015  0.643841 0.0  0.594763  0.264252  0.550082  0.642155  0.650346  0.759734  0.638430  0.600351  0.601553  0.583013  0.714961  0.605317  0.624801  0.686419  0.643944  0.672489  0.636038  0.645177  0.677696  0.653668  0.542054  0.723839  0.569104  0.623762  0.625243  0.256701  0.657626  0.570447  0.527358  0.320021  0.705227  0.580155  0.780265  0.571882  0.546174  0.292150  0.705947  0.538312  0.619352  0.656986  0.568471  0.532674  0.642867  0.745710  0.500944  0.607591  0.637336  0.338131  0.600020  0.604271  0.583226  0.497562  0.715885  0.431894  0.627787  0.619040  0.530569  0.594536  0.687532  0.647505  0.610730  0.559414  0.633443  0.644433  0.528137  0.591234  0.603595  0.719092 
21  0.670349  0.729921  0.603026  0.641449  0.540897  0.439273  0.610991  0.727120  0.573009  0.268186  0.629863  0.264555  0.685743  0.068378  0.631180  0.402335  0.798065  0.541952  0.757020  0.635771  0.594763 0.0  0.562338  0.636200  0.137037  0.278027  0.845316  0.446118  0.298248  0.766321  0.653605  0.750582  0.582595  0.292998  0.436594  0.443102  0.136244  0.256421  0.752489  0.629563  0.605980  0.620900  0.249286  0.653082  0.728965  0.645602  0.587490  0.716404  0.703815  0.405569  0.583787  0.640069  0.775079  0.879278  0.159895  0.695777  0.613795  0.455468  0.665114  0.753481  0.626932  0.746904  0.454138  0.139894  0.268996  0.153567  0.675824  0.727916  0.631052  0.653239  0.278319  0.266464  0.308625  0.271924  0.471792  0.260950  0.252570  0.068378  0.255990  0.449010  0.499570  0.258654  0.256091  0.153324  0.230483  0.429072  0.148899  0.606610  0.144899 
22  0.634886  0.697499  0.279515  0.597523  0.068378  0.590797  0.672761  0.602467  0.596049  0.652818  0.068378  0.598302  0.555456  0.623017  0.560732  0.585079  0.721108  0.602508  0.490634  0.666789  0.264252  0.562338 0.0  0.578667  0.632016  0.634559  0.814975  0.605711  0.657083  0.735653  0.598739  0.680448  0.627608  0.698496  0.622874  0.650503  0.487162  0.617024  0.574513  0.594464  0.512259  0.547210  0.553313  0.621763  0.631241  0.636419  0.277721  0.541627  0.646903  0.521957  0.289196  0.546881  0.642639  0.787127  0.641851  0.546842  0.068378  0.625884  0.541443  0.721411  0.579105  0.674067  0.709278  0.586793  0.641588  0.548494  0.694321  0.677690  0.229027  0.615635  0.560594  0.588477  0.669798  0.592772  0.411646  0.642436  0.631446  0.607628  0.545600  0.559926  0.609186  0.721636  0.491445  0.546674  0.736595  0.561441  0.597694  0.642062  0.605342 
23  0.375107  0.614485  0.523039  0.410447  0.578585  0.817374  0.696367  0.475065  0.760386  0.674904  0.629004  0.763941  0.657438  0.714807  0.191419  0.691044  0.632057  0.636232  0.068378  0.290469  0.550082  0.636200  0.578667 0.0  0.770283  0.822144  0.764517  0.772888  0.606039  0.723558  0.446915  0.122660  0.569069  0.862177  0.779368  0.706190  0.734664  0.692697  0.116657  0.713553  0.620133  0.471195  0.721858  0.612074  0.486367  0.746718  0.604359  0.747537  0.393213  0.815446  0.476566  0.341508  0.542112  0.803243  0.645277  0.687506  0.554106  0.722678  0.378081  0.376247  0.195464  0.704354  0.672848  0.722855  0.786520  0.798221  0.543623  0.501957  0.650778  0.669599  0.744970  0.749394  0.746363  0.790039  0.404421  0.779089  0.755789  0.619054  0.802739  0.773784  0.642239  0.789501  0.638178  0.791395  0.824572  0.699290  0.771651  0.684609  0.669885 
24  0.642754  0.736227  0.548493  0.700566  0.537470  0.454808  0.617332  0.784112  0.660941  0.232402  0.595074  0.300826  0.659833  0.148574  0.710148  0.540693  0.821334  0.485251  0.618806  0.636211  0.642155  0.137037  0.632016  0.770283 0.0  0.292989  0.862775  0.457598  0.276513  0.618946  0.570763  0.761535  0.555001  0.274548  0.430123  0.473470  0.068378  0.268404  0.727560  0.571565  0.603291  0.537779  0.256282  0.663800  0.825596  0.684965  0.700948  0.741734  0.601869  0.448921  0.568191  0.682626  0.780152  0.769925  0.068378  0.702686  0.575250  0.476477  0.668811  0.635661  0.659063  0.721574  0.421854  0.068378  0.229414  0.068378  0.562221  0.862099  0.470749  0.549583  0.289524  0.280320  0.280876  0.273376  0.450959  0.249189  0.228435  0.068378  0.263723  0.450790  0.385413  0.268592  0.301687  0.068378  0.284301  0.483574  0.068378  0.647914  0.068378 
25  0.660367  0.701176  0.635207  0.750278  0.554075  0.437640  0.639438  0.730721  0.646656  0.285154  0.632813  0.326237  0.664510  0.275642  0.798447  0.489445  0.698327  0.478616  0.641900  0.585003  0.650346  0.278027  0.634559  0.822144  0.292989 0.0  0.720829  0.421358  0.281533  0.742614  0.778859  0.852487  0.647785  0.252419  0.457704  0.450646  0.257956  0.288589  0.792043  0.600646  0.619997  0.668251  0.257776  0.746703  0.704632  0.583193  0.648650  0.669735  0.689653  0.405563  0.588128  0.714865  0.726157  0.778776  0.228168  0.639373  0.572277  0.413455  0.633401  0.712032  0.637517  0.648458  0.508676  0.253637  0.290975  0.253738  0.564326  0.830230  0.503326  0.565570  0.283966  0.304979  0.243616  0.114471  0.458026  0.285219  0.266778  0.068378  0.068378  0.521033  0.458381  0.228320  0.265029  0.274227  0.354300  0.413653  0.310212  0.696099  0.256645 
26  0.782316  0.834997  0.800386  0.713973  0.704867  0.841525  0.949175  0.831916  0.741683  0.743666  0.814408  0.796735  0.756832  0.669533  0.781269  0.886592  0.068378  0.777378  0.773983  0.671040  0.759734  0.845316  0.814975  0.764517  0.862775  0.720829 0.0  0.645824  0.775513  0.618025  0.812239  0.774907  0.741770  0.693802  0.728835  0.667743  0.745222  0.799578  0.718575  0.837557  0.901398  0.868553  0.803057  0.758910  0.619973  0.853322  0.773684  0.945093  0.788641  0.769199  0.803969  0.699385  0.809569  0.068378  0.788060  0.697313  0.795237  0.712849  0.784074  0.731147  0.776065  0.715392  0.689475  0.801802  0.858716  0.799117  0.756653  0.822509  0.791405  0.796659  0.868156  0.740236  0.772504  0.769999  0.708839  0.730193  0.706936  0.789582  0.807459  0.661993  0.670108  0.781324  0.808447  0.868222  0.641457  0.848180  0.949542  0.799449  0.679801 
27  0.772909  0.730055  0.545411  0.732806  0.553464  0.145207  0.658797  0.691392  0.731762  0.329329  0.502279  0.491359  0.671698  0.474070  0.756493  0.141729  0.808615  0.262059  0.752074  0.715194  0.638430  0.446118  0.605711  0.772888  0.457598  0.421358  0.645824 0.0  0.434934  0.745792  0.716720  0.744892  0.596810  0.504225  0.068378  0.277622  0.400987  0.390143  0.680941  0.674775  0.561609  0.589094  0.389407  0.721282  0.770925  0.670075  0.577428  0.673896  0.641204  0.280960  0.646005  0.690393  0.648663  0.723628  0.488555  0.795585  0.567287  0.264263  0.626253  0.743302  0.706141  0.831017  0.243352  0.539284  0.367586  0.420042  0.523411  0.755984  0.581359  0.564272  0.426480  0.401688  0.433558  0.447612  0.423965  0.457597  0.484044  0.251098  0.465370  0.292944  0.068378  0.505480  0.455523  0.566709  0.429795  0.068378  0.499383  0.528744  0.521411 
28  0.736718  0.713464  0.662880  0.632591  0.597733  0.445916  0.712143  0.605984  0.558261  0.149478  0.632344  0.068378  0.702411  0.294300  0.663564  0.446587  0.831759  0.438652  0.636249  0.633248  0.600351  0.298248  0.657083  0.606039  0.276513  0.281533  0.775513  0.434934 0.0  0.694385  0.646589  0.833471  0.600032  0.147422  0.439616  0.416788  0.296016  0.141942  0.776590  0.682441  0.608963  0.590819  0.138528  0.707381  0.625732  0.675938  0.554424  0.685017  0.685203  0.508265  0.553336  0.772159  0.681424  0.775708  0.278126  0.699253  0.604734  0.390277  0.733776  0.662548  0.675731  0.703716  0.436939  0.275498  0.149884  0.295931  0.556292  0.665743  0.679998  0.607252  0.068378  0.068378  0.068378  0.279340  0.463985  0.068378  0.068378  0.068378  0.247957  0.467347  0.439010  0.068378  0.068378  0.268598  0.068378  0.452780  0.238104  0.771971  0.284987 
29  0.676502  0.191828  0.621155  0.637841  0.551401  0.775306  0.572726  0.817038  0.178624  0.802261  0.604751  0.707366  0.360908  0.721374  0.739982  0.732292  0.962312  0.688172  0.642242  0.603689  0.601553  0.766321  0.735653  0.723558  0.618946  0.742614  0.618025  0.745792  0.694385 0.0  0.722296  0.630732  0.488515  0.769945  0.637657  0.676871  0.640647  0.781105  0.551060  0.542603  0.631588  0.608340  0.625360  0.068378  0.618161  0.068378  0.611806  0.068378  0.798345  0.757186  0.567002  0.753553  0.843358  0.741122  0.670461  0.386843  0.511167  0.569849  0.667574  0.650152  0.702641  0.068378  0.615453  0.794123  0.714506  0.622550  0.616716  0.823070  0.611953  0.597880  0.604098  0.715747  0.573078  0.675781  0.412650  0.734732  0.665997  0.607825  0.604190  0.675136  0.678075  0.619109  0.670400  0.729603  0.661235  0.647743  0.566427  0.206687  0.670123 
30  0.348016  0.650410  0.530029  0.363553  0.570931  0.679950  0.606476  0.363621  0.731631  0.710847  0.626142  0.713869  0.739530  0.690216  0.366105  0.749433  0.702048  0.680894  0.398865  0.281410  0.583013  0.653605  0.598739  0.446915  0.570763  0.778859  0.812239  0.716720  0.646589  0.722296 0.0  0.386737  0.545274  0.626746  0.739004  0.647513  0.670427  0.701287  0.397565  0.460058  0.546268  0.603694  0.724880  0.712404  0.407345  0.636673  0.628528  0.727098  0.379307  0.768447  0.625272  0.409241  0.346067  0.789047  0.638641  0.694121  0.653243  0.747240  0.384427  0.353665  0.385036  0.638694  0.616084  0.741668  0.702290  0.763749  0.521662  0.357486  0.561669  0.642742  0.775945  0.722241  0.797015  0.787564  0.451456  0.660302  0.702200  0.632776  0.647705  0.666798  0.684662  0.695775  0.694292  0.720263  0.714652  0.778197  0.644110  0.776762  0.750794 
31  0.408628  0.707261  0.618240  0.367117  0.614418  0.682113  0.544517  0.462804  0.689974  0.838942  0.597395  0.842806  0.718943  0.760553  0.193273  0.790927  0.854640  0.800599  0.068378  0.249928  0.714961  0.750582  0.680448  0.122660  0.761535  0.852487  0.774907  0.744892  0.833471  0.630732  0.386737 0.0  0.604545  0.701536  0.775230  0.837052  0.664550  0.647137  0.068378  0.612388  0.588945  0.660097  0.675530  0.737809  0.462240  0.718538  0.621979  0.632124  0.357930  0.779819  0.500795  0.398782  0.449396  0.875519  0.757565  0.736593  0.611793  0.844739  0.417700  0.384256  0.193523  0.719861  0.767450  0.752416  0.766917  0.748059  0.559167  0.443593  0.664289  0.510820  0.738746  0.738534  0.703968  0.674987  0.441102  0.718655  0.730339  0.558899  0.848722  0.736459  0.831707  0.711196  0.725323  0.777250  0.697555  0.758875  0.726304  0.668675  0.708511 
32  0.595481  0.606677  0.569811  0.605018  0.586462  0.667280  0.551048  0.659750  0.591323  0.674104  0.619005  0.692008  0.515634  0.498818  0.620947  0.478461  0.787842  0.569521  0.562550  0.579885  0.605317  0.582595  0.627608  0.569069  0.555001  0.647785  0.741770  0.596810  0.600032  0.488515  0.545274  0.604545 0.0  0.551942  0.657362  0.584076  0.672034  0.671505  0.601983  0.254387  0.278372  0.068378  0.467981  0.644414  0.619453  0.608099  0.515826  0.573677  0.659941  0.545403  0.556197  0.599600  0.588200  0.852202  0.655213  0.484562  0.594607  0.571724  0.584623  0.612582  0.625938  0.468219  0.643647  0.521321  0.682340  0.584665  0.657416  0.649110  0.615368  0.637787  0.566085  0.573379  0.596273  0.643547  0.381328  0.626689  0.747537  0.611213  0.650335  0.515476  0.604181  0.660524  0.619470  0.596707  0.565168  0.623484  0.541695  0.528813  0.606036 
33  0.700943  0.590700  0.612386  0.772961  0.590621  0.541356  0.524407  0.782092  0.614355  0.142620  0.610969  0.156769  0.665594  0.257675  0.577069  0.375031  0.706636  0.403560  0.642907  0.593801  0.624801  0.292998  0.698496  0.862177  0.274548  0.252419  0.693802  0.504225  0.147422  0.769945  0.626746  0.701536  0.551942 0.0  0.427724  0.500113  0.278220  0.068378  0.947443  0.616345  0.603419  0.516394  0.146646  0.761002  0.860019  0.642658  0.532329  0.584676  0.775079  0.412447  0.658696  0.602990  0.650480  0.706364  0.282509  0.655193  0.566771  0.362484  0.662232  0.685102  0.735738  0.614951  0.478677  0.258686  0.142451  0.286184  0.546760  0.676158  0.617320  0.531925  0.152679  0.138956  0.143588  0.290051  0.513427  0.153095  0.146852  0.068378  0.284493  0.468039  0.416795  0.150825  0.138904  0.266301  0.148064  0.470760  0.279930  0.607586  0.292813 
34  0.717871  0.824782  0.601903  0.780042  0.587884  0.155907  0.552145  0.691504  0.684437  0.391328  0.629277  0.476982  0.749996  0.491455  0.636429  0.150606  0.884798  0.278320  0.605065  0.590406  0.686419  0.436594  0.622874  0.779368  0.430123  0.457704  0.728835  0.068378  0.439616  0.637657  0.739004  0.775230  0.657362  0.427724 0.0  0.260125  0.506356  0.428404  0.809228  0.554595  0.731839  0.610634  0.315958  0.654340  0.677213  0.768801  0.537033  0.689100  0.733797  0.281480  0.615604  0.857826  0.726951  0.744826  0.430372  0.661359  0.579586  0.277798  0.774199  0.693563  0.756007  0.658989  0.261128  0.445153  0.349309  0.496949  0.659989  0.716505  0.585354  0.573368  0.450214  0.398239  0.464343  0.477650  0.486548  0.439769  0.449014  0.307973  0.418926  0.227814  0.068378  0.465869  0.413717  0.449898  0.450865  0.068378  0.416811  0.719550  0.441735 
35  0.599754  0.639000  0.598653  0.688173  0.549497  0.251662  0.638839  0.688511  0.648589  0.443756  0.575999  0.507761  0.657569  0.445087  0.698713  0.279484  0.747584  0.155401  0.707268  0.607791  0.643944  0.443102  0.650503  0.706190  0.473470  0.450646  0.667743  0.277622  0.416788  0.676871  0.647513  0.837052  0.584076  0.500113  0.260125 0.0  0.397305  0.510413  0.688273  0.632896  0.651862  0.573187  0.468634  0.699651  0.798532  0.719400  0.570319  0.690738  0.722472  0.117571  0.654123  0.578497  0.776725  0.761177  0.448073  0.774303  0.655880  0.150630  0.690827  0.757544  0.717778  0.698743  0.144567  0.450829  0.532600  0.398241  0.608643  0.847476  0.640438  0.558285  0.400248  0.518282  0.410834  0.451938  0.440200  0.418371  0.486397  0.281225  0.511472  0.150894  0.285196  0.491449  0.421637  0.483421  0.428710  0.284582  0.416390  0.730778  0.417430 
36  0.663938  0.712749  0.594797  0.699446  0.605232  0.487536  0.568462  0.609582  0.667422  0.281990  0.542571  0.282440  0.612851  0.150572  0.595490  0.510350  0.784264  0.456119  0.610247  0.605482  0.672489  0.136244  0.487162  0.734664  0.068378  0.257956  0.745222  0.400987  0.296016  0.640647  0.670427  0.664550  0.672034  0.278220  0.506356  0.397305 0.0  0.297761  0.695532  0.624796  0.513091  0.593917  0.265757  0.645581  0.675445  0.868571  0.585199  0.651699  0.607195  0.360689  0.636563  0.616081  0.687316  0.789426  0.068378  0.668636  0.683501  0.477541  0.667939  0.713970  0.746174  0.704935  0.435427  0.068378  0.260101  0.068378  0.564518  0.754932  0.660580  0.565693  0.250758  0.279230  0.219077  0.251627  0.419597  0.304866  0.294072  0.068378  0.291945  0.436619  0.432198  0.234766  0.258863  0.068378  0.283133  0.420967  0.068378  0.739832  0.068378 
37  0.765319  0.582204  0.594772  0.769600  0.586346  0.466705  0.672623  0.790002  0.740307  0.144244  0.538206  0.163371  0.644122  0.311584  0.787653  0.511624  0.827470  0.513185  0.685634  0.649047  0.636038  0.256421  0.617024  0.692697  0.268404  0.288589  0.799578  0.390143  0.141942  0.781105  0.701287  0.647137  0.671505  0.068378  0.428404  0.510413  0.297761 0.0  0.738681  0.629629  0.614401  0.498126  0.142424  0.620687  0.764927  0.693126  0.683053  0.685367  0.660229  0.406859  0.598275  0.699279  0.731821  0.859543  0.249248  0.618951  0.656326  0.440438  0.663685  0.740740  0.851982  0.587032  0.525077  0.323553  0.146128  0.254877  0.651472  0.899397  0.655156  0.557611  0.144131  0.138147  0.133600  0.283422  0.415534  0.147396  0.155611  0.068378  0.257627  0.390218  0.445030  0.161094  0.144830  0.248747  0.148418  0.503078  0.263910  0.711217  0.250861 
38  0.407890  0.809812  0.580724  0.381431  0.630954  0.838167  0.605673  0.366387  0.615009  0.775751  0.675603  0.678548  0.748153  0.651427  0.200742  0.677226  0.840957  0.723225  0.068378  0.260479  0.645177  0.752489  0.574513  0.116657  0.727560  0.792043  0.718575  0.680941  0.776590  0.551060  0.397565  0.068378  0.601983  0.947443  0.809228  0.688273  0.695532  0.738681 0.0  0.603859  0.652848  0.566419  0.647215  0.702258  0.487371  0.689022  0.592909  0.607498  0.421443  0.607716  0.658588  0.433576  0.399507  0.734756  0.790773  0.781188  0.573550  0.790273  0.315508  0.354184  0.185858  0.835285  0.911735  0.744503  0.657580  0.726573  0.581069  0.417099  0.593317  0.618015  0.639426  0.649408  0.731571  0.825733  0.443457  0.707230  0.623343  0.572934  0.709356  0.853109  0.714764  0.659287  0.822897  0.712880  0.816577  0.740563  0.781922  0.638918  0.793337 
39  0.594281  0.610888  0.556294  0.554368  0.564564  0.468459  0.583703  0.648312  0.507529  0.632124  0.615645  0.655066  0.599102  0.540835  0.655579  0.664849  0.668800  0.533369  0.555132  0.632139  0.677696  0.629563  0.594464  0.713553  0.571565  0.600646  0.837557  0.674775  0.682441  0.542603  0.460058  0.612388  0.254387  0.616345  0.554595  0.632896  0.624796  0.629629  0.603859 0.0  0.219300  0.258963  0.516102  0.585083  0.600306  0.617401  0.622733  0.644118  0.537567  0.709959  0.538234  0.568024  0.590701  0.784745  0.581717  0.609926  0.513987  0.618623  0.507556  0.606127  0.610416  0.581108  0.588453  0.595011  0.695627  0.568426  0.643117  0.626087  0.639854  0.709540  0.604793  0.646848  0.508078  0.591557  0.427469  0.509176  0.573131  0.585494  0.569168  0.658026  0.646726  0.486274  0.638794  0.583611  0.610120  0.584185  0.690084  0.658866  0.528587 
40  0.597089  0.508616  0.601269  0.660239  0.591777  0.554613  0.588891  0.566298  0.625532  0.644615  0.626714  0.599884  0.535275  0.592347  0.599163  0.683678  0.665120  0.607129  0.593387  0.589314  0.653668  0.605980  0.512259  0.620133  0.603291  0.619997  0.901398  0.561609  0.608963  0.631588  0.546268  0.588945  0.278372  0.603419  0.731839  0.651862  0.513091  0.614401  0.652848  0.219300 0.0  0.283701  0.434571  0.666498  0.514861  0.616343  0.659690  0.658580  0.598190  0.577418  0.617588  0.475525  0.568003  0.804786  0.633098  0.580558  0.592715  0.609490  0.665850  0.554652  0.590058  0.613364  0.633091  0.591488  0.565395  0.523423  0.622977  0.528769  0.595747  0.670208  0.659344  0.568944  0.630768  0.572745  0.404171  0.610459  0.574691  0.538608  0.685226  0.644189  0.577444  0.556760  0.582764  0.468757  0.741091  0.685567  0.677642  0.542870  0.675945 
41  0.584907  0.628439  0.611789  0.626388  0.595148  0.542387  0.573946  0.505634  0.528746  0.685526  0.622553  0.682466  0.523797  0.593523  0.567274  0.644689  0.773583  0.591845  0.584704  0.560126  0.542054  0.620900  0.547210  0.471195  0.537779  0.668251  0.868553  0.589094  0.590819  0.608340  0.603694  0.660097  0.068378  0.516394  0.610634  0.573187  0.593917  0.498126  0.566419  0.258963  0.283701 0.0  0.520098  0.590197  0.603587  0.670991  0.594054  0.542760  0.602092  0.630852  0.631438  0.557343  0.688296  0.819933  0.645406  0.588512  0.569126  0.545247  0.628514  0.557547  0.560612  0.608914  0.661371  0.553274  0.572196  0.627308  0.607112  0.578791  0.583799  0.635759  0.508564  0.614413  0.526602  0.605274  0.398426  0.597301  0.608479  0.537797  0.650581  0.556119  0.600590  0.577205  0.549091  0.613566  0.590269  0.701755  0.552537  0.507033  0.581965 
42  0.743134  0.720542  0.602350  0.877701  0.629463  0.399840  0.706356  0.876516  0.655335  0.068378  0.603019  0.138633  0.702652  0.267104  0.824169  0.493233  0.652773  0.483222  0.655349  0.638905  0.723839  0.249286  0.553313  0.721858  0.256282  0.257776  0.803057  0.389407  0.138528  0.625360  0.724880  0.675530  0.467981  0.146646  0.315958  0.468634  0.265757  0.142424  0.647215  0.516102  0.434571  0.520098 0.0  0.569959  0.812881  0.738426  0.606046  0.672576  0.708733  0.398917  0.580411  0.673251  0.726148  0.805574  0.281820  0.749533  0.497901  0.438222  0.711379  0.712478  0.663874  0.574881  0.464151  0.270014  0.068378  0.261307  0.475086  0.811007  0.607522  0.634234  0.148199  0.144585  0.139771  0.295858  0.461227  0.153041  0.146246  0.068378  0.258557  0.346536  0.380538  0.135093  0.149217  0.280371  0.154691  0.373909  0.276071  0.633906  0.283248 
43  0.773916  0.181258  0.648027  0.683227  0.688906  0.784252  0.625672  0.660064  0.195069  0.673626  0.580220  0.711659  0.353609  0.575080  0.610380  0.724910  0.921423  0.687819  0.730684  0.558443  0.569104  0.653082  0.621763  0.612074  0.663800  0.746703  0.758910  0.721282  0.707381  0.068378  0.712404  0.737809  0.644414  0.761002  0.654340  0.699651  0.645581  0.620687  0.702258  0.585083  0.666498  0.590197  0.569959 0.0  0.654530  0.068378  0.569239  0.068378  0.732676  0.717340  0.637855  0.682086  0.703838  0.691375  0.584599  0.417859  0.605845  0.782853  0.747713  0.782516  0.695987  0.068378  0.679927  0.794567  0.629959  0.756064  0.524810  0.650990  0.684069  0.536583  0.693466  0.689732  0.746794  0.573299  0.466767  0.706810  0.704378  0.610831  0.675331  0.722294  0.716007  0.720642  0.667418  0.756026  0.644319  0.828302  0.725677  0.192714  0.604120 
44  0.183524  0.704740  0.704656  0.175945  0.688592  0.649848  0.656728  0.068378  0.689135  0.675458  0.567072  0.662331  0.624682  0.692494  0.288917  0.740192  0.717684  0.758045  0.425235  0.255992  0.623762  0.728965  0.631241  0.486367  0.825596  0.704632  0.619973  0.770925  0.625732  0.618161  0.407345  0.462240  0.619453  0.860019  0.677213  0.798532  0.675445  0.764927  0.487371  0.600306  0.514861  0.603587  0.812881  0.654530 0.0  0.684223  0.645332  0.760665  0.175080  0.612697  0.584786  0.193071  0.068378  0.893879  0.867667  0.829638  0.640528  0.818555  0.189385  0.162204  0.359172  0.824961  0.785533  0.790863  0.754986  0.724419  0.583225  0.156180  0.571898  0.562167  0.626798  0.616887  0.655370  0.715529  0.441728  0.611523  0.637026  0.585779  0.810094  0.803987  0.729700  0.656381  0.655385  0.773788  0.580465  0.788297  0.823299  0.776826  0.758459 
