89
0 0.0  0.833012  0.651549  0.145933  0.734166  0.759373  0.639874  0.248217  0.842956  0.748633  0.618955  0.759404  0.814900  0.748138  0.567529  0.845963  0.814400  0.804587  0.466991  0.301844  0.647050  0.863986  0.676831  0.450237  0.828491  0.730696  0.801087  0.761936  0.683764  0.723575  0.353372  0.406138  0.693345  0.770273  0.797162  0.769442  0.840578  0.764101  0.544347  0.643863  0.713413  0.745064  0.770306  0.742212  0.280205  0.794568  0.640326  0.822469  0.236648  0.725406  0.707909  0.181634  0.171971  0.832940  0.769275  0.764188  0.679393  0.796647  0.285595  0.168031  0.421345  0.803432  0.795266  0.833335  0.841169  0.874146  0.718608  0.207197  0.692451  0.657463  0.767386  0.776906  0.767604  0.767866  0.416657  0.768298  0.726796  0.630358  0.831290  0.708241  0.845927  0.799972  0.689604  0.823347  0.758970  0.682135  0.956839  0.851595  0.804797 
1  0.833012 0.0  0.551951  0.743486  0.733503  0.833213  0.677241  0.822260  0.129450  0.745020  0.690139  0.779546  0.216528  0.827172  0.814931  0.793644  0.676344  0.697466  0.721184  0.639157  0.669796  0.782225  0.715578  0.799423  0.858831  0.794674  0.831308  0.737284  0.774946  0.273211  0.878167  0.800757  0.609530  0.752927  0.846215  0.785373  0.822801  0.743377  0.744517  0.698651  0.691319  0.593870  0.703947  0.236550  0.719705  0.294373  0.697217  0.139925  0.809843  0.822282  0.698601  0.751558  0.817890  0.711660  0.929917  0.532375  0.744392  0.745504  0.826393  0.860509  0.812401  0.172225  0.742884  0.813807  0.762719  0.783403  0.688447  0.793307  0.663094  0.675690  0.770061  0.739146  0.836198  0.812138  0.499503  0.720718  0.884018  0.724739  0.763318  0.759483  0.783827  0.777444  0.777863  0.798754  0.839527  0.842943  0.808634  0.207747  0.764137 
2  0.651549  0.551951 0.0  0.711365  0.260777  0.733905  0.688838  0.645353  0.663919  0.840107  0.311551  0.698506  0.721133  0.604193  0.610548  0.770344  0.793038  0.715784  0.697360  0.643960  0.327575  0.696038  0.319529  0.669633  0.529274  0.635713  0.798773  0.685472  0.694726  0.637390  0.736202  0.604738  0.649428  0.677567  0.712745  0.639895  0.657065  0.656734  0.679208  0.732515  0.683762  0.684868  0.708194  0.744922  0.754871  0.647271  0.376507  0.574237  0.645180  0.634601  0.362043  0.737362  0.649397  0.817268  0.717659  0.608931  0.339743  0.681773  0.729050  0.709178  0.723842  0.618578  0.759142  0.617824  0.663556  0.711394  0.667604  0.701923  0.085069  0.661674  0.641270  0.684732  0.731290  0.685908  0.472611  0.650509  0.621437  0.687108  0.572678  0.597153  0.678439  0.689902  0.690405  0.644919  0.740317  0.750468  0.572220  0.679842  0.685986 
3  0.145933  0.743486  0.711365 0.0  0.636495  0.755709  0.704125  0.181726  0.779554  0.825006  0.639894  0.830172  0.780940  0.743379  0.445874  0.713965  0.779892  0.730443  0.453052  0.359108  0.575047  0.828736  0.650528  0.531840  0.804752  0.766606  0.829311  0.851338  0.758122  0.732520  0.467137  0.503260  0.553348  0.828888  0.693725  0.833798  0.756266  0.732277  0.447658  0.684566  0.681068  0.727820  0.825965  0.745960  0.250267  0.735928  0.764643  0.786169  0.141741  0.844681  0.556916  0.219445  0.258615  0.755562  0.717797  0.781448  0.617411  0.846730  0.230893  0.237111  0.524030  0.764332  0.764556  0.796861  0.746955  0.849948  0.682117  0.305065  0.622894  0.803944  0.782777  0.787697  0.837943  0.805592  0.418101  0.815619  0.797688  0.727224  0.865376  0.746006  0.746066  0.865364  0.752269  0.751190  0.781777  0.815976  0.833314  0.817507  0.812598 
4  0.734166  0.733503  0.260777  0.636495 0.0  0.648487  0.590271  0.662637  0.677846  0.617691  0.169938  0.736604  0.679382  0.608123  0.718771  0.664609  0.854217  0.671848  0.655040  0.682171  0.388629  0.816746  0.085069  0.707784  0.649051  0.716586  0.836707  0.789710  0.615064  0.704584  0.699690  0.614576  0.720217  0.639812  0.770909  0.726979  0.707815  0.700697  0.631927  0.665411  0.699408  0.602067  0.607191  0.590536  0.633412  0.696567  0.279740  0.668641  0.659548  0.689885  0.396076  0.692405  0.651306  0.854395  0.724120  0.646218  0.085069  0.675724  0.785216  0.685798  0.673196  0.581491  0.660872  0.672593  0.703079  0.678844  0.715188  0.742247  0.349264  0.587558  0.660244  0.589894  0.776376  0.672216  0.463374  0.654815  0.699084  0.665090  0.567854  0.699209  0.710032  0.571513  0.623346  0.666315  0.639638  0.621885  0.682214  0.742294  0.676757 
5  0.759373  0.833213  0.733905  0.755709  0.648487 0.0  0.705557  0.815815  0.766352  0.453423  0.611630  0.632606  0.778158  0.569904  0.763635  0.085219  0.757938  0.298041  0.745420  0.676759  0.651871  0.544202  0.614663  0.930924  0.520697  0.558370  0.776407  0.145285  0.559561  0.715183  0.786644  0.805899  0.668047  0.575682  0.195810  0.335449  0.470623  0.533393  0.881935  0.663104  0.607291  0.710525  0.455207  0.808487  0.919934  0.776707  0.659139  0.818315  0.773062  0.368071  0.635153  0.825951  0.799653  0.772866  0.481365  0.837644  0.706740  0.403530  0.744679  0.787206  0.812070  0.738735  0.349789  0.546313  0.591489  0.574232  0.730516  0.897074  0.595030  0.619611  0.568426  0.479122  0.571785  0.472163  0.566379  0.580068  0.590467  0.379569  0.636489  0.281614  0.195441  0.542054  0.577375  0.543912  0.694468  0.144413  0.455640  0.826642  0.590486 
6  0.639874  0.677241  0.688838  0.704125  0.590271  0.705557 0.0  0.655793  0.717475  0.686699  0.584471  0.629870  0.819255  0.695725  0.623912  0.688944  0.766438  0.651912  0.650871  0.670253  0.698304  0.674096  0.638084  0.713723  0.636690  0.655550  0.780235  0.660962  0.661353  0.587771  0.766296  0.693132  0.615820  0.694793  0.598531  0.750017  0.677662  0.630568  0.697101  0.605199  0.825601  0.724398  0.675171  0.724724  0.587472  0.735917  0.683568  0.718415  0.637275  0.669880  0.756264  0.668898  0.652621  0.782802  0.685303  0.580858  0.690728  0.667157  0.709021  0.663181  0.736168  0.636442  0.658884  0.706853  0.629777  0.631239  0.326299  0.716787  0.775746  0.326772  0.652827  0.666791  0.591828  0.697747  0.524874  0.744326  0.665238  0.760420  0.601657  0.612502  0.603995  0.735370  0.546084  0.597118  0.582036  0.742730  0.678920  0.718000  0.598635 
7  0.248217  0.822260  0.645353  0.181726  0.662637  0.815815  0.655793 0.0  0.787520  0.742624  0.654712  0.741569  0.784235  0.771662  0.467736  0.893793  0.857718  0.895365  0.446975  0.391912  0.699417  0.866762  0.668923  0.527397  0.796618  0.776385  0.901365  0.814021  0.677672  0.724059  0.454229  0.485929  0.723346  0.878249  0.886235  0.826015  0.880714  0.859573  0.509271  0.690104  0.608417  0.687172  0.762174  0.829462  0.105780  0.737739  0.692237  0.739753  0.331177  0.907548  0.564762  0.292378  0.085069  0.798788  0.891356  0.847139  0.690039  0.904530  0.244672  0.231807  0.504124  0.786438  0.840039  0.869523  0.865090  0.950880  0.647904  0.252152  0.679333  0.671416  0.793562  0.728458  0.736041  0.875003  0.391205  0.786277  0.753592  0.644940  0.761532  0.841598  0.762933  0.722937  0.734217  0.804082  0.746625  0.951478  0.817098  0.759174  0.745770 
8  0.842956  0.129450  0.663919  0.779554  0.677846  0.766352  0.717475  0.787520 0.0  0.753417  0.761916  0.797883  0.340438  0.805110  0.778968  0.809881  0.717491  0.820192  0.740683  0.677129  0.733808  0.742408  0.746145  0.773505  0.837397  0.706073  0.786372  0.772409  0.877947  0.234180  0.788018  0.854206  0.634161  0.848991  0.667845  0.711490  0.698680  0.705153  0.782069  0.533855  0.642874  0.657004  0.878086  0.149804  0.773837  0.171172  0.724955  0.347995  0.862487  0.758319  0.764486  0.894494  0.869223  0.835571  0.693677  0.389634  0.647703  0.737447  0.833466  0.768531  0.820685  0.374242  0.841601  0.740538  0.758329  0.864588  0.610898  0.784421  0.667567  0.639027  0.818915  0.712218  0.871352  0.758106  0.432055  0.780157  0.797378  0.665084  0.773453  0.811295  0.752861  0.724210  0.709535  0.852008  0.815551  0.804849  0.861571  0.326508  0.820583 
9  0.748633  0.745020  0.840107  0.825006  0.617691  0.453423  0.686699  0.742624  0.753417 0.0  0.580441  0.278904  0.822275  0.455821  0.753784  0.481044  0.807481  0.547053  0.748859  0.695846  0.693157  0.368509  0.723329  0.781160  0.360760  0.298982  0.799011  0.502726  0.136097  0.828932  0.810322  0.840925  0.748287  0.151610  0.511305  0.648962  0.315617  0.285523  0.931732  0.680641  0.701996  0.672609  0.106659  0.744809  0.815441  0.771843  0.708052  0.844167  0.866855  0.522822  0.640350  0.707855  0.840502  0.743770  0.408195  0.747791  0.643389  0.578403  0.710741  0.794822  0.729111  0.807503  0.426913  0.401666  0.085069  0.311158  0.670449  0.886078  0.551032  0.707414  0.248467  0.134746  0.173763  0.317628  0.547728  0.183012  0.156719  0.085069  0.252300  0.515955  0.296447  0.205394  0.290892  0.269288  0.229485  0.450193  0.314991  0.812580  0.302397 
10  0.618955  0.690139  0.311551  0.639894  0.169938  0.611630  0.584471  0.654712  0.761916  0.580441 0.0  0.807402  0.711432  0.645356  0.680601  0.668066  0.812797  0.770469  0.621485  0.697334  0.347897  0.781801  0.094493  0.714662  0.629445  0.696699  0.754914  0.669290  0.637957  0.631517  0.731005  0.549922  0.733253  0.736801  0.699200  0.713593  0.675072  0.748155  0.623700  0.582639  0.649332  0.744354  0.678421  0.693769  0.643154  0.710931  0.346566  0.746602  0.673866  0.802862  0.339256  0.617653  0.703663  0.943712  0.674512  0.621195  0.085069  0.702957  0.621483  0.738323  0.769366  0.707896  0.743419  0.647476  0.643795  0.678475  0.784755  0.678147  0.286240  0.690192  0.615843  0.739745  0.726481  0.732887  0.495901  0.716369  0.672476  0.662025  0.596361  0.674867  0.746240  0.816027  0.647146  0.738798  0.666847  0.725907  0.637909  0.719292  0.638583 
11  0.759404  0.779546  0.698506  0.830172  0.736604  0.632606  0.629870  0.741569  0.797883  0.278904  0.807402 0.0  0.751794  0.336466  0.826835  0.464522  0.761031  0.573772  0.821012  0.628884  0.707635  0.249841  0.641510  0.934518  0.273514  0.437126  0.692917  0.618318  0.085069  0.763903  0.847051  0.950056  0.635921  0.241935  0.490267  0.558677  0.326639  0.143765  0.914165  0.636208  0.595735  0.711565  0.215623  0.684973  0.688455  0.725316  0.643249  0.699892  0.762688  0.692524  0.669094  0.820720  0.756509  0.802875  0.369187  0.776492  0.644096  0.510519  0.785375  0.788291  0.868239  0.877027  0.568708  0.291515  0.227553  0.319253  0.756960  0.760373  0.749631  0.736046  0.085069  0.098826  0.085069  0.369004  0.460820  0.096963  0.085069  0.116546  0.361545  0.619447  0.551620  0.085069  0.126008  0.377704  0.224692  0.541793  0.432965  0.831482  0.331334 
12  0.814900  0.216528  0.721133  0.780940  0.679382  0.778158  0.819255  0.784235  0.340438  0.822275  0.711432  0.751794 0.0  0.838551  0.868813  0.827720  0.790318  0.837244  0.826320  0.704064  0.686565  0.783138  0.681483  0.778164  0.738430  0.762016  0.815695  0.746561  0.806279  0.424361  0.803114  0.763140  0.686089  0.818504  0.819722  0.720635  0.791338  0.783746  0.892942  0.660690  0.750123  0.661175  0.739425  0.478715  0.814264  0.451914  0.699195  0.475666  0.823836  0.821411  0.696330  0.749830  0.904534  0.814554  0.799407  0.232200  0.706666  0.897020  0.789078  0.754645  0.772065  0.424728  0.838456  0.832544  0.696404  0.785873  0.742144  0.743286  0.692238  0.648884  0.779804  0.801306  0.723267  0.743031  0.519026  0.782070  0.813534  0.671057  0.749295  0.786957  0.898060  0.784985  0.812990  0.710865  0.669336  0.723409  0.788942  0.456080  0.714225 
13  0.748138  0.827172  0.604193  0.743379  0.608123  0.569904  0.695725  0.771662  0.805110  0.455821  0.645356  0.336466  0.838551 0.0  0.726115  0.567199  0.886935  0.554588  0.804135  0.733272  0.662020  0.085069  0.649101  0.879110  0.285629  0.224014  0.810274  0.665984  0.350150  0.798800  0.822874  0.840801  0.691437  0.415132  0.588873  0.442241  0.157924  0.321109  0.824279  0.744712  0.693097  0.682350  0.226191  0.740077  0.818363  0.694471  0.662658  0.763048  0.693611  0.491610  0.698648  0.790208  0.883201  0.774498  0.229341  0.755256  0.668611  0.507314  0.698927  0.792556  0.714381  0.764353  0.615672  0.297310  0.299914  0.202316  0.628128  0.868217  0.667522  0.744287  0.323339  0.292766  0.289723  0.299856  0.484417  0.311830  0.389547  0.108759  0.305789  0.528042  0.647697  0.327237  0.279934  0.195652  0.292055  0.495458  0.196218  0.805505  0.185077 
14  0.567529  0.814931  0.610548  0.445874  0.718771  0.763635  0.623912  0.467736  0.778968  0.753784  0.680601  0.826835  0.868813  0.726115 0.0  0.705318  0.794076  0.782960  0.267824  0.295065  0.782926  0.706518  0.660081  0.408951  0.704600  0.694665  0.808799  0.777513  0.830027  0.858403  0.528448  0.393493  0.644233  0.816043  0.781403  0.702366  0.787312  0.824469  0.294040  0.658291  0.641070  0.696687  0.784290  0.745811  0.461448  0.785801  0.732002  0.782007  0.356445  0.795766  0.605569  0.409963  0.384755  0.829590  0.728503  0.733908  0.652620  0.736059  0.537111  0.514892  0.085069  0.701298  0.809586  0.766923  0.796005  0.773229  0.693602  0.460082  0.724780  0.630470  0.870225  0.819049  0.911245  0.787926  0.602415  0.812015  0.806428  0.690104  0.679370  0.874456  0.787225  0.713692  0.865518  0.788286  0.784347  0.855932  0.829372  0.799674  0.742638 
15  0.845963  0.793644  0.770344  0.713965  0.664609  0.085219  0.688944  0.893793  0.809881  0.481044  0.668066  0.464522  0.827720  0.567199  0.705318 0.0  0.844650  0.391472  0.745649  0.682275  0.708767  0.531399  0.681037  0.820224  0.546472  0.513433  0.862991  0.275166  0.582693  0.835933  0.808174  0.898768  0.696299  0.493236  0.161230  0.362516  0.566308  0.540206  0.887707  0.726788  0.670651  0.672678  0.572271  0.782694  0.892768  0.829410  0.722719  0.738313  0.778517  0.303750  0.699939  0.769609  0.896388  0.918261  0.530043  0.775957  0.674801  0.291990  0.792891  0.721759  0.664514  0.776330  0.322427  0.614641  0.566339  0.529217  0.663168  0.843818  0.660643  0.688211  0.605244  0.516028  0.547957  0.561946  0.578927  0.503902  0.598525  0.328563  0.570801  0.285941  0.264135  0.601792  0.568761  0.548987  0.604359  0.166586  0.534014  0.814497  0.567821 
16  0.814400  0.676344  0.793038  0.779892  0.854217  0.757938  0.766438  0.857718  0.717491  0.807481  0.812797  0.761031  0.790318  0.886935  0.794076  0.844650 0.0  0.858234  0.725516  0.868726  0.879701  0.854048  0.854721  0.753716  0.854711  0.907637  0.085069  0.860480  0.770156  0.868880  0.815129  0.783228  0.766305  0.865413  0.777330  0.768087  0.754760  0.886386  0.817358  0.926320  0.872363  0.876961  0.848314  0.895322  0.913374  0.837074  0.809819  0.750419  0.823892  0.793646  0.871426  0.778957  0.873718  0.114699  0.784282  0.811720  0.756491  0.929002  0.837487  0.818056  0.881383  0.787879  0.789578  0.775426  0.816065  0.793043  0.856915  0.838633  0.719243  0.856107  0.875933  0.812804  0.917237  0.793206  0.790458  0.807290  0.782835  0.758340  0.787388  0.852658  0.787424  0.834010  0.813846  0.802807  0.823813  0.807390  0.808025  0.769985  0.913636 
17  0.804587  0.697466  0.715784  0.730443  0.671848  0.298041  0.651912  0.895365  0.820192  0.547053  0.770469  0.573772  0.837244  0.554588  0.782960  0.391472  0.858234 0.0  0.683295  0.748318  0.692932  0.448641  0.710449  0.819071  0.564545  0.483103  0.854642  0.269145  0.596510  0.790536  0.739682  0.859876  0.754780  0.578193  0.342659  0.183104  0.639367  0.503083  0.918314  0.778822  0.656570  0.628761  0.525852  0.813093  0.842109  0.736189  0.700514  0.675009  0.872521  0.209241  0.713054  0.834928  0.806014  0.811973  0.581005  0.847927  0.748996  0.200988  0.836144  0.673879  0.805369  0.757601  0.134429  0.582914  0.501529  0.591633  0.748157  0.875825  0.650655  0.772993  0.657351  0.613544  0.551686  0.467912  0.444858  0.570487  0.593397  0.440880  0.531562  0.201488  0.330594  0.461644  0.540427  0.542085  0.547518  0.379714  0.550296  0.795883  0.600911 
18  0.466991  0.721184  0.697360  0.453052  0.655040  0.745420  0.650871  0.446975  0.740683  0.748859  0.621485  0.821012  0.826320  0.804135  0.267824  0.745649  0.725516  0.683295 0.0  0.274005  0.704726  0.794182  0.657226  0.085069  0.699141  0.817257  0.764915  0.865803  0.810406  0.928494  0.439997  0.086606  0.693247  0.757519  0.851587  0.787664  0.778285  0.832956  0.085069  0.649774  0.723490  0.698768  0.724666  0.750013  0.498287  0.718091  0.697656  0.792350  0.459722  0.815439  0.631727  0.475143  0.393013  0.859078  0.780339  0.782503  0.691989  0.858359  0.474249  0.477859  0.239861  0.841545  0.694917  0.744245  0.706095  0.770422  0.660994  0.381735  0.652294  0.580934  0.793829  0.766095  0.871671  0.770652  0.505403  0.792632  0.741687  0.631968  0.778925  0.807284  0.768017  0.828612  0.797796  0.707748  0.784014  0.686913  0.805751  0.837202  0.726427 
19  0.301844  0.639157  0.643960  0.359108  0.682171  0.676759  0.670253  0.391912  0.677129  0.695846  0.697334  0.628884  0.704064  0.733272  0.295065  0.682275  0.868726  0.748318  0.274005 0.0  0.739872  0.689363  0.615617  0.212557  0.735165  0.604642  0.764131  0.646149  0.736055  0.737338  0.351421  0.361959  0.643397  0.629531  0.626266  0.640345  0.689110  0.723726  0.356169  0.721208  0.655665  0.744947  0.632111  0.653441  0.361464  0.690486  0.711654  0.633642  0.272525  0.694598  0.716035  0.341503  0.359516  0.826982  0.769063  0.636721  0.614290  0.669036  0.347326  0.341872  0.325538  0.544866  0.745712  0.695552  0.566539  0.697487  0.612801  0.307236  0.657262  0.606880  0.690497  0.650208  0.555037  0.690398  0.480858  0.616496  0.611928  0.689238  0.632422  0.703504  0.726187  0.719534  0.692693  0.639869  0.761534  0.625904  0.569451  0.678124  0.646440 
20  0.647050  0.669796  0.327575  0.575047  0.388629  0.651871  0.698304  0.699417  0.733808  0.693157  0.347897  0.707635  0.686565  0.662020  0.782926  0.708767  0.879701  0.692932  0.704726  0.739872 0.0  0.646687  0.362172  0.645348  0.682220  0.598904  0.849151  0.588375  0.678310  0.727210  0.643797  0.612342  0.665387  0.727637  0.734861  0.724422  0.723794  0.606416  0.694496  0.597977  0.678993  0.793544  0.677657  0.668017  0.766561  0.673880  0.346295  0.733866  0.637356  0.698898  0.350614  0.757234  0.577151  0.849424  0.735969  0.701189  0.318665  0.652663  0.660399  0.713773  0.795143  0.678343  0.681894  0.676914  0.616108  0.688130  0.751979  0.686562  0.425937  0.722519  0.697047  0.631777  0.675969  0.664851  0.492619  0.683510  0.697171  0.743646  0.668882  0.593748  0.670441  0.690434  0.704592  0.676286  0.694300  0.684408  0.744012  0.729143  0.672961 
21  0.863986  0.782225  0.696038  0.828736  0.816746  0.544202  0.674096  0.866762  0.742408  0.368509  0.781801  0.249841  0.783138  0.085069  0.706518  0.531399  0.854048  0.448641  0.794182  0.689363  0.646687 0.0  0.678545  0.902351  0.180323  0.240960  0.801695  0.621484  0.370226  0.763991  0.815995  0.792898  0.647540  0.419725  0.586884  0.603320  0.248932  0.383281  0.875824  0.721050  0.629560  0.592076  0.357443  0.762541  0.912523  0.765889  0.627557  0.797217  0.764611  0.426819  0.672940  0.812113  0.873093  0.873587  0.124074  0.821621  0.686176  0.535437  0.832475  0.873734  0.743821  0.792133  0.555872  0.147823  0.302408  0.162275  0.727775  0.687245  0.800394  0.735985  0.460822  0.355338  0.394344  0.346267  0.421758  0.379610  0.366496  0.135209  0.290504  0.636940  0.546119  0.344895  0.340301  0.192165  0.248585  0.520462  0.150902  0.725871  0.204946 
22  0.676831  0.715578  0.319529  0.650528  0.085069  0.614663  0.638084  0.668923  0.746145  0.723329  0.094493  0.641510  0.681483  0.649101  0.660081  0.681037  0.854721  0.710449  0.657226  0.615617  0.362172  0.678545 0.0  0.696624  0.642858  0.659905  0.786667  0.611809  0.683166  0.621357  0.683786  0.695674  0.729445  0.683446  0.678916  0.751498  0.597502  0.671073  0.684468  0.594177  0.554230  0.670396  0.762735  0.716528  0.645078  0.603308  0.301749  0.721149  0.696397  0.599538  0.372179  0.696308  0.720546  0.787044  0.652549  0.646897  0.113035  0.774605  0.664894  0.650428  0.612149  0.754575  0.690118  0.675532  0.689322  0.699744  0.644941  0.676268  0.244318  0.666723  0.682975  0.728142  0.593889  0.674520  0.455732  0.633826  0.571587  0.517980  0.681606  0.752426  0.725861  0.662424  0.628014  0.698866  0.616820  0.784366  0.682075  0.679960  0.709190 
23  0.450237  0.799423  0.669633  0.531840  0.707784  0.930924  0.713723  0.527397  0.773505  0.781160  0.714662  0.934518  0.778164  0.879110  0.408951  0.820224  0.753716  0.819071  0.085069  0.212557  0.645348  0.902351  0.696624 0.0  0.840349  0.868925  0.822264  0.759714  0.849411  0.793608  0.505551  0.159616  0.705341  0.890924  0.765039  0.820306  0.848380  0.841539  0.218311  0.717164  0.750895  0.659861  0.740049  0.826488  0.569652  0.789578  0.753606  0.690729  0.502579  0.866907  0.626923  0.403252  0.601822  0.750342  0.847775  0.776565  0.655304  0.915973  0.518102  0.468857  0.304231  0.791230  0.800628  0.956854  0.800779  0.782605  0.710743  0.545503  0.654767  0.652821  0.840664  0.882647  0.875470  0.886412  0.449714  0.894730  0.838451  0.665034  0.875159  0.809602  0.766581  0.829598  0.822256  0.846078  0.838743  0.638925  0.894175  0.794829  0.868001 
24  0.828491  0.858831  0.529274  0.804752  0.649051  0.520697  0.636690  0.796618  0.837397  0.360760  0.629445  0.273514  0.738430  0.285629  0.704600  0.546472  0.854711  0.564545  0.699141  0.735165  0.682220  0.180323  0.642858  0.840349 0.0  0.332697  0.823066  0.553892  0.362342  0.813868  0.765505  0.805122  0.728606  0.311426  0.550525  0.541772  0.085069  0.280637  0.880882  0.724387  0.736146  0.696249  0.395159  0.675009  0.921619  0.827990  0.683909  0.754319  0.749957  0.573228  0.825740  0.792420  0.899646  0.767990  0.085069  0.754651  0.741025  0.465430  0.724590  0.729871  0.758098  0.768005  0.605166  0.115433  0.335005  0.097378  0.642510  0.834541  0.734398  0.718492  0.364066  0.387749  0.254230  0.223806  0.435435  0.204509  0.307903  0.085069  0.373447  0.580555  0.560420  0.277269  0.400826  0.137034  0.320587  0.544752  0.085069  0.836043  0.085069 
25  0.730696  0.794674  0.635713  0.766606  0.716586  0.558370  0.655550  0.776385  0.706073  0.298982  0.696699  0.437126  0.762016  0.224014  0.694665  0.513433  0.907637  0.483103  0.817257  0.604642  0.598904  0.240960  0.659905  0.868925  0.332697 0.0  0.866836  0.532919  0.358046  0.739807  0.769213  0.916030  0.750487  0.332593  0.507216  0.618232  0.311280  0.362878  0.844907  0.823476  0.607439  0.774396  0.378857  0.825478  0.844251  0.686720  0.660321  0.789557  0.849693  0.521237  0.621122  0.827695  0.865040  0.843205  0.321667  0.717910  0.724323  0.488357  0.776169  0.763998  0.797931  0.728708  0.557042  0.307702  0.287940  0.442778  0.563987  0.851521  0.738975  0.714010  0.344937  0.343067  0.387869  0.119195  0.551269  0.336828  0.344173  0.085069  0.085069  0.588421  0.594106  0.277984  0.352981  0.288503  0.346754  0.472631  0.393676  0.735481  0.363490 
26  0.801087  0.831308  0.798773  0.829311  0.836707  0.776407  0.780235  0.901365  0.786372  0.799011  0.754914  0.692917  0.815695  0.810274  0.808799  0.862991  0.085069  0.854642  0.764915  0.764131  0.849151  0.801695  0.786667  0.822264  0.823066  0.866836 0.0  0.747804  0.783616  0.884109  0.829839  0.842889  0.816419  0.725848  0.880788  0.744782  0.829383  0.867652  0.863594  0.801159  0.793222  0.825585  0.739835  0.827073  0.783297  0.872684  0.741427  0.821960  0.834170  0.812294  0.857421  0.827435  0.920399  0.085069  0.741996  0.774255  0.792621  0.756653  0.882277  0.800429  0.678801  0.849338  0.864207  0.961004  0.831689  0.745735  0.784435  0.783461  0.866394  0.789760  0.855955  0.877069  0.850343  0.748334  0.783905  0.699728  0.834449  0.894227  0.804010  0.837934  0.791299  0.871158  0.817315  0.760001  0.773138  0.728256  0.771960  0.867821  0.823161 
27  0.761936  0.737284  0.685472  0.851338  0.789710  0.145285  0.660962  0.814021  0.772409  0.502726  0.669290  0.618318  0.746561  0.665984  0.777513  0.275166  0.860480  0.269145  0.865803  0.646149  0.588375  0.621484  0.611809  0.759714  0.553892  0.532919  0.747804 0.0  0.560561  0.684960  0.698035  0.932110  0.633115  0.546737  0.085069  0.359474  0.619135  0.527989  0.867120  0.765431  0.699985  0.727768  0.419185  0.851455  0.813382  0.713041  0.631071  0.861053  0.777720  0.380904  0.676697  0.699526  0.810898  0.738025  0.517732  0.719834  0.678431  0.391264  0.679652  0.786746  0.809409  0.743575  0.330770  0.613921  0.481932  0.551216  0.682229  0.880139  0.692697  0.640554  0.560425  0.543035  0.609656  0.564921  0.492823  0.574181  0.498773  0.325043  0.626370  0.240127  0.085069  0.578639  0.547045  0.546131  0.580854  0.093497  0.583909  0.830577  0.574223 
28  0.683764  0.774946  0.694726  0.758122  0.615064  0.559561  0.661353  0.677672  0.877947  0.136097  0.637957  0.085069  0.806279  0.350150  0.830027  0.582693  0.770156  0.596510  0.810406  0.736055  0.678310  0.370226  0.683166  0.849411  0.362342  0.358046  0.783616  0.560561 0.0  0.759328  0.747373  0.795112  0.727486  0.149417  0.552057  0.564479  0.372359  0.231753  0.848664  0.704520  0.684320  0.732404  0.108035  0.820783  0.786831  0.829461  0.813711  0.756026  0.855145  0.563028  0.640142  0.779334  0.767479  0.780235  0.290807  0.844840  0.742727  0.595894  0.788578  0.744919  0.873048  0.768044  0.525084  0.304410  0.218726  0.354520  0.618456  0.726780  0.737271  0.673334  0.115423  0.085069  0.120309  0.346500  0.465121  0.140502  0.086462  0.085069  0.315741  0.516688  0.524265  0.090242  0.106384  0.340227  0.146261  0.580595  0.315111  0.782741  0.365029 
29  0.723575  0.273211  0.637390  0.732520  0.704584  0.715183  0.587771  0.724059  0.234180  0.828932  0.631517  0.763903  0.424361  0.798800  0.858403  0.835933  0.868880  0.790536  0.928494  0.737338  0.727210  0.763991  0.621357  0.793608  0.813868  0.739807  0.884109  0.684960  0.759328 0.0  0.787878  0.798617  0.635817  0.806994  0.737437  0.779565  0.797494  0.798619  0.804338  0.575208  0.768355  0.706956  0.727874  0.125409  0.749135  0.085069  0.721590  0.135260  0.597206  0.707965  0.767134  0.781579  0.713574  0.850373  0.728344  0.542299  0.562035  0.758880  0.745335  0.735174  0.854041  0.085069  0.791499  0.762916  0.745782  0.812130  0.647253  0.797139  0.732461  0.700964  0.802035  0.766212  0.742360  0.856006  0.522786  0.712494  0.823455  0.745321  0.791268  0.762955  0.890045  0.729995  0.703465  0.772110  0.736665  0.784093  0.712831  0.287880  0.753698 
30  0.353372  0.878167  0.736202  0.467137  0.699690  0.786644  0.766296  0.454229  0.788018  0.810322  0.731005  0.847051  0.803114  0.822874  0.528448  0.808174  0.815129  0.739682  0.439997  0.351421  0.643797  0.815995  0.683786  0.505551  0.765505  0.769213  0.829839  0.698035  0.747373  0.787878 0.0  0.480127  0.697007  0.868964  0.731378  0.743002  0.869973  0.785440  0.489520  0.670888  0.682313  0.660139  0.813349  0.785614  0.482281  0.772829  0.650475  0.851316  0.508236  0.755511  0.723508  0.436149  0.423232  0.867206  0.803119  0.771256  0.706332  0.724237  0.472605  0.389783  0.462242  0.854598  0.826397  0.698199  0.840489  0.682836  0.669408  0.379110  0.651823  0.748809  0.815570  0.831337  0.798482  0.829858  0.515504  0.753306  0.820292  0.701901  0.784637  0.824704  0.760749  0.814754  0.702022  0.716420  0.726634  0.830579  0.718074  0.771367  0.852154 
31  0.406138  0.800757  0.604738  0.503260  0.614576  0.805899  0.693132  0.485929  0.854206  0.840925  0.549922  0.950056  0.763140  0.840801  0.393493  0.898768  0.783228  0.859876  0.086606  0.361959  0.612342  0.792898  0.695674  0.159616  0.805122  0.916030  0.842889  0.932110  0.795112  0.798617  0.480127 0.0  0.655793  0.722463  0.857316  0.800123  0.864249  0.869145  0.085069  0.719709  0.679486  0.591347  0.883998  0.722798  0.501992  0.787652  0.712599  0.864034  0.525999  0.974253  0.625322  0.474831  0.544042  0.811540  0.879910  0.865517  0.742196  0.847509  0.417048  0.487561  0.287314  0.823178  0.872987  0.911773  0.883710  0.808344  0.758555  0.543904  0.623995  0.692746  0.847845  0.870044  0.935928  0.906663  0.576468  0.995021  0.818374  0.644659  0.824656  0.876733  0.851972  0.885062  0.849856  0.842471  0.897727  0.805000  0.851986  0.804697  0.895533 
32  0.693345  0.609530  0.649428  0.553348  0.720217  0.668047  0.615820  0.723346  0.634161  0.748287  0.733253  0.635921  0.686089  0.691437  0.644233  0.696299  0.766305  0.754780  0.693247  0.643397  0.665387  0.647540  0.729445  0.705341  0.728606  0.750487  0.816419  0.633115  0.727486  0.635817  0.697007  0.655793 0.0  0.620687  0.587272  0.607659  0.637942  0.634423  0.692442  0.373364  0.333301  0.085069  0.689440  0.625943  0.661691  0.637157  0.697399  0.620209  0.722743  0.658097  0.650486  0.712281  0.618967  0.919532  0.663478  0.677371  0.796194  0.655488  0.735944  0.658400  0.672524  0.670680  0.681424  0.740245  0.682316  0.705729  0.674602  0.673586  0.685040  0.615895  0.662369  0.696349  0.669631  0.778801  0.524932  0.623382  0.574682  0.766019  0.674397  0.671720  0.737817  0.662667  0.661482  0.717633  0.795859  0.663635  0.647964  0.671115  0.739627 
33  0.770273  0.752927  0.677567  0.828888  0.639812  0.575682  0.694793  0.878249  0.848991  0.151610  0.736801  0.241935  0.818504  0.415132  0.816043  0.493236  0.865413  0.578193  0.757519  0.629531  0.727637  0.419725  0.683446  0.890924  0.311426  0.332593  0.725848  0.546737  0.149417  0.806994  0.868964  0.722463  0.620687 0.0  0.600337  0.549964  0.303354  0.134698  0.818631  0.728890  0.627192  0.586120  0.187930  0.721511  0.861216  0.810338  0.679097  0.824048  0.856172  0.655789  0.727542  0.807996  0.808947  0.851182  0.454331  0.766880  0.635273  0.530479  0.772554  0.637808  0.725112  0.727775  0.556629  0.214755  0.188443  0.329396  0.656986  0.796667  0.683760  0.708220  0.247240  0.145330  0.179012  0.355261  0.511134  0.264610  0.233266  0.096623  0.305059  0.588933  0.575014  0.230346  0.184673  0.352273  0.144426  0.557440  0.337205  0.876159  0.309619 
34  0.797162  0.846215  0.712745  0.693725  0.770909  0.195810  0.598531  0.886235  0.667845  0.511305  0.699200  0.490267  0.819722  0.588873  0.781403  0.161230  0.777330  0.342659  0.851587  0.626266  0.734861  0.586884  0.678916  0.765039  0.550525  0.507216  0.880788  0.085069  0.552057  0.737437  0.731378  0.857316  0.587272  0.600337 0.0  0.293922  0.564784  0.511633  0.828586  0.717763  0.685095  0.586809  0.439269  0.820721  0.798484  0.823513  0.728688  0.799188  0.745319  0.318773  0.722420  0.872433  0.732225  0.802687  0.472541  0.765308  0.618576  0.306636  0.751717  0.856724  0.698229  0.747011  0.259185  0.525186  0.499895  0.516380  0.745574  0.821304  0.669443  0.759630  0.580586  0.635144  0.498880  0.582888  0.527527  0.552254  0.485610  0.304240  0.563673  0.416397  0.145579  0.521984  0.639710  0.581246  0.534620  0.085069  0.534527  0.750594  0.666385 
35  0.769442  0.785373  0.639895  0.833798  0.726979  0.335449  0.750017  0.826015  0.711490  0.648962  0.713593  0.558677  0.720635  0.442241  0.702366  0.362516  0.768087  0.183104  0.787664  0.640345  0.724422  0.603320  0.751498  0.820306  0.541772  0.618232  0.744782  0.359474  0.564479  0.779565  0.743002  0.800123  0.607659  0.549964  0.293922 0.0  0.527007  0.479098  0.971801  0.673794  0.726186  0.582870  0.595257  0.789808  0.880662  0.794166  0.615957  0.822546  0.727585  0.166802  0.684213  0.842959  0.892349  0.796709  0.549213  0.831004  0.657794  0.231838  0.762359  0.825020  0.724140  0.787628  0.174284  0.534350  0.554997  0.552476  0.643324  0.812703  0.621995  0.708131  0.466883  0.486084  0.481262  0.581271  0.458547  0.532566  0.595529  0.419546  0.529011  0.119232  0.372694  0.493311  0.457144  0.589219  0.725887  0.356486  0.502363  0.758122  0.625865 
36  0.840578  0.822801  0.657065  0.756266  0.707815  0.470623  0.677662  0.880714  0.698680  0.315617  0.675072  0.326639  0.791338  0.157924  0.787312  0.566308  0.754760  0.639367  0.778285  0.689110  0.723794  0.248932  0.597502  0.848380  0.085069  0.311280  0.829383  0.619135  0.372359  0.797494  0.869973  0.864249  0.637942  0.303354  0.564784  0.527007 0.0  0.356136  0.850592  0.761325  0.646308  0.703738  0.327994  0.796016  0.747744  0.750763  0.690771  0.765141  0.689401  0.589772  0.676067  0.834866  0.917567  0.865324  0.085069  0.808044  0.657335  0.559328  0.707415  0.768360  0.743965  0.762942  0.550898  0.166721  0.329916  0.129355  0.670138  0.853959  0.659781  0.756124  0.299970  0.357420  0.309360  0.332335  0.445233  0.392171  0.307378  0.085069  0.292728  0.454727  0.489143  0.385380  0.317005  0.106286  0.449180  0.569151  0.085069  0.853512  0.085069 
37  0.764101  0.743377  0.656734  0.732277  0.700697  0.533393  0.630568  0.859573  0.705153  0.285523  0.748155  0.143765  0.783746  0.321109  0.824469  0.540206  0.886386  0.503083  0.832956  0.723726  0.606416  0.383281  0.671073  0.841539  0.280637  0.362878  0.867652  0.527989  0.231753  0.798619  0.785440  0.869145  0.634423  0.134698  0.511633  0.479098  0.356136 0.0  0.802650  0.730988  0.570594  0.656592  0.160733  0.718275  0.858652  0.833423  0.826823  0.804558  0.748009  0.573543  0.654856  0.735980  0.885192  0.805960  0.287827  0.762868  0.672098  0.549748  0.708664  0.792003  0.824724  0.720431  0.560248  0.328391  0.104139  0.320369  0.690925  0.831511  0.677424  0.660894  0.241191  0.222478  0.291527  0.399123  0.441867  0.241062  0.127933  0.099517  0.315218  0.573922  0.560415  0.189816  0.169898  0.293005  0.139017  0.571957  0.330697  0.814271  0.284766 
38  0.544347  0.744517  0.679208  0.447658  0.631927  0.881935  0.697101  0.509271  0.782069  0.931732  0.623700  0.914165  0.892942  0.824279  0.294040  0.887707  0.817358  0.918314  0.085069  0.356169  0.694496  0.875824  0.684468  0.218311  0.880882  0.844907  0.863594  0.867120  0.848664  0.804338  0.489520  0.085069  0.692442  0.818631  0.828586  0.971801  0.850592  0.802650 0.0  0.674341  0.752183  0.683611  0.884734  0.818910  0.565740  0.845174  0.604945  0.766506  0.473111  0.895439  0.668325  0.411876  0.532923  0.873002  0.950655  0.820526  0.750120  0.800514  0.360980  0.431144  0.279064  0.695168  0.889713  0.853502  0.798236  0.819696  0.720223  0.539561  0.756570  0.654789  0.921149  0.858190  0.851342  0.865688  0.450354  0.926980  0.904596  0.633864  0.926497  0.863731  0.892457  0.911950  0.825051  0.841594  0.779255  0.863936  0.818156  0.709034  0.786146 
39  0.643863  0.698651  0.732515  0.684566  0.665411  0.663104  0.605199  0.690104  0.533855  0.680641  0.582639  0.636208  0.660690  0.744712  0.658291  0.726788  0.926320  0.778822  0.649774  0.721208  0.597977  0.721050  0.594177  0.717164  0.724387  0.823476  0.801159  0.765431  0.704520  0.575208  0.670888  0.719709  0.373364  0.728890  0.717763  0.673794  0.761325  0.730988  0.674341 0.0  0.353889  0.341233  0.741251  0.704834  0.663377  0.700126  0.709026  0.752670  0.665861  0.619516  0.668008  0.723392  0.685722  0.856079  0.650569  0.679289  0.642917  0.730527  0.622483  0.695294  0.667440  0.674017  0.593461  0.705813  0.730937  0.628755  0.664852  0.632815  0.710954  0.601124  0.807770  0.635741  0.608929  0.702763  0.520875  0.720015  0.724855  0.670235  0.651617  0.681499  0.689460  0.654899  0.622971  0.611621  0.743961  0.748433  0.633747  0.618090  0.681858 
40  0.713413  0.691319  0.683762  0.681068  0.699408  0.607291  0.825601  0.608417  0.642874  0.701996  0.649332  0.595735  0.750123  0.693097  0.641070  0.670651  0.872363  0.656570  0.723490  0.655665  0.678993  0.629560  0.554230  0.750895  0.736146  0.607439  0.793222  0.699985  0.684320  0.768355  0.682313  0.679486  0.333301  0.627192  0.685095  0.726186  0.646308  0.570594  0.752183  0.353889 0.0  0.398644  0.628396  0.701405  0.744212  0.598324  0.626832  0.707351  0.578255  0.660235  0.629690  0.730517  0.708964  0.893097  0.677934  0.589256  0.680138  0.801698  0.578376  0.669907  0.624203  0.624114  0.652044  0.568647  0.611015  0.746316  0.722980  0.780794  0.645449  0.646755  0.701712  0.781621  0.685226  0.702917  0.524007  0.588663  0.717393  0.667216  0.614821  0.681034  0.698274  0.755213  0.737245  0.761993  0.697808  0.712587  0.646687  0.664260  0.819158 
41  0.745064  0.593870  0.684868  0.727820  0.602067  0.710525  0.724398  0.687172  0.657004  0.672609  0.744354  0.711565  0.661175  0.682350  0.696687  0.672678  0.876961  0.628761  0.698768  0.744947  0.793544  0.592076  0.670396  0.659861  0.696249  0.774396  0.825585  0.727768  0.732404  0.706956  0.660139  0.591347  0.085069  0.586120  0.586809  0.582870  0.703738  0.656592  0.683611  0.341233  0.398644 0.0  0.602528  0.665894  0.687008  0.704891  0.731977  0.702003  0.691830  0.709355  0.616732  0.667666  0.717903  0.927138  0.755243  0.772863  0.737280  0.579917  0.704804  0.707277  0.769371  0.782728  0.646736  0.682650  0.677817  0.696140  0.710963  0.624342  0.648192  0.704262  0.722587  0.687827  0.541053  0.732422  0.549232  0.606548  0.645761  0.724907  0.696208  0.783167  0.554503  0.668614  0.726443  0.727611  0.604653  0.672291  0.693543  0.702975  0.697279 
42  0.770306  0.703947  0.708194  0.825965  0.607191  0.455207  0.675171  0.762174  0.878086  0.106659  0.678421  0.215623  0.739425  0.226191  0.784290  0.572271  0.848314  0.525852  0.724666  0.632111  0.677657  0.357443  0.762735  0.740049  0.395159  0.378857  0.739835  0.419185  0.108035  0.727874  0.813349  0.883998  0.689440  0.187930  0.439269  0.595257  0.327994  0.160733  0.884734  0.741251  0.628396  0.602528 0.0  0.860334  0.946469  0.788568  0.729678  0.804861  0.792190  0.544763  0.709940  0.823898  0.771382  0.835786  0.380767  0.723405  0.774778  0.430428  0.766130  0.792306  0.807440  0.799882  0.515010  0.355208  0.090342  0.320683  0.687046  0.931319  0.629229  0.615081  0.137261  0.193957  0.259688  0.413238  0.397341  0.146848  0.158898  0.161538  0.355413  0.645983  0.411673  0.219514  0.278132  0.341828  0.174495  0.389822  0.257632  0.772865  0.268007 
43  0.742212  0.236550  0.744922  0.745960  0.590536  0.808487  0.724724  0.829462  0.149804  0.744809  0.693769  0.684973  0.478715  0.740077  0.745811  0.782694  0.895322  0.813093  0.750013  0.653441  0.668017  0.762541  0.716528  0.826488  0.675009  0.825478  0.827073  0.851455  0.820783  0.125409  0.785614  0.722798  0.625943  0.721511  0.820721  0.789808  0.796016  0.718275  0.818910  0.704834  0.701405  0.665894  0.860334 0.0  0.769635  0.129924  0.664980  0.126688  0.793364  0.792721  0.636992  0.839557  0.794819  0.765421  0.838226  0.397445  0.741361  0.746271  0.790526  0.893127  0.741027  0.138785  0.747254  0.822000  0.790824  0.831790  0.723934  0.740889  0.704233  0.585071  0.802207  0.757300  0.790684  0.774608  0.550645  0.764750  0.761726  0.660183  0.753090  0.773205  0.801526  0.698551  0.749363  0.834544  0.783944  0.718990  0.655076  0.250898  0.746758 
44  0.280205  0.719705  0.754871  0.250267  0.633412  0.919934  0.587472  0.105780  0.773837  0.815441  0.643154  0.688455  0.814264  0.818363  0.461448  0.892768  0.913374  0.842109  0.498287  0.361464  0.766561  0.912523  0.645078  0.569652  0.921619  0.844251  0.783297  0.813382  0.786831  0.749135  0.482281  0.501992  0.661691  0.861216  0.798484  0.880662  0.747744  0.858652  0.565740  0.663377  0.744212  0.687008  0.946469  0.769635 0.0  0.758387  0.695173  0.770622  0.309270  0.838368  0.717383  0.309378  0.099991  0.858614  0.902946  0.709190  0.656190  0.854437  0.220273  0.260062  0.538012  0.833397  0.923915  0.830769  0.820769  0.833912  0.662268  0.296535  0.659788  0.707448  0.707186  0.646271  0.727030  0.872763  0.568447  0.769973  0.802431  0.706426  0.844317  0.836201  0.846247  0.677032  0.746776  0.859032  0.685115  0.711213  0.877964  0.759167  0.912795 
