89
0 0.0  0.761942  0.645648  0.192486  0.697533  0.704644  0.588498  0.217091  0.707990  0.664495  0.640115  0.722740  0.699077  0.660266  0.391001  0.765856  0.871741  0.813832  0.421088  0.306847  0.644091  0.552913  0.631734  0.426477  0.749493  0.691783  0.747166  0.589943  0.640649  0.738283  0.406687  0.472464  0.580117  0.616656  0.669851  0.730025  0.684177  0.827149  0.379477  0.664132  0.591048  0.559458  0.729885  0.790963  0.210844  0.726886  0.667056  0.783975  0.221797  0.854827  0.604129  0.194166  0.254383  0.709641  0.741559  0.781431  0.606744  0.646147  0.220216  0.092851  0.360537  0.688637  0.688182  0.633217  0.644472  0.776762  0.674359  0.191385  0.633055  0.562560  0.648464  0.570177  0.649776  0.710810  0.397863  0.690586  0.635507  0.672266  0.734998  0.747268  0.577928  0.677605  0.656701  0.810368  0.630569  0.531385  0.728568  0.687379  0.710128 
1  0.761942 0.0  0.601309  0.672711  0.620890  0.721899  0.585201  0.698799  0.092851  0.734665  0.678747  0.707780  0.245914  0.661215  0.656182  0.717440  0.706309  0.647361  0.619155  0.682791  0.579453  0.641030  0.530950  0.624570  0.750230  0.675782  0.780857  0.650820  0.787237  0.203626  0.631732  0.678395  0.664902  0.665139  0.670003  0.629470  0.689465  0.720934  0.671859  0.557215  0.542643  0.654693  0.646758  0.194902  0.655175  0.216222  0.652175  0.225227  0.697941  0.739752  0.553318  0.748123  0.697823  0.781574  0.707666  0.389344  0.711728  0.640978  0.671364  0.668360  0.661892  0.234068  0.735728  0.703024  0.781202  0.658101  0.553860  0.650368  0.637398  0.615117  0.704480  0.708764  0.761515  0.702686  0.502465  0.732081  0.657559  0.610111  0.714231  0.746025  0.706272  0.690835  0.767937  0.654046  0.711274  0.661226  0.639140  0.221240  0.654723 
2  0.645648  0.601309 0.0  0.665991  0.291600  0.658016  0.569431  0.654144  0.662077  0.449795  0.276201  0.598397  0.634394  0.625152  0.616058  0.566751  0.786121  0.538449  0.623199  0.501448  0.283587  0.640598  0.276246  0.601078  0.620349  0.666753  0.761567  0.574942  0.639070  0.586593  0.550156  0.723547  0.533135  0.640779  0.598004  0.602377  0.701843  0.633861  0.581545  0.591967  0.514585  0.588485  0.680972  0.639674  0.594574  0.654140  0.299688  0.606262  0.603166  0.612955  0.322366  0.554074  0.674733  0.925796  0.632928  0.483761  0.288731  0.596353  0.559818  0.590811  0.582027  0.623072  0.648947  0.568860  0.598810  0.584331  0.611739  0.558314  0.092851  0.625139  0.626603  0.599506  0.637014  0.600396  0.469122  0.612452  0.555309  0.540952  0.732119  0.589858  0.623632  0.614439  0.547172  0.594047  0.616724  0.659661  0.557295  0.624030  0.630029 
3  0.192486  0.672711  0.665991 0.0  0.574618  0.828015  0.649004  0.233980  0.582291  0.732111  0.671618  0.701476  0.708073  0.667818  0.426604  0.781946  0.799205  0.757924  0.418130  0.288729  0.673446  0.748770  0.658950  0.361740  0.689022  0.661707  0.849989  0.672838  0.704684  0.641510  0.418979  0.407728  0.614118  0.621071  0.640747  0.607250  0.745096  0.741305  0.438380  0.584663  0.598638  0.678912  0.730424  0.809236  0.230906  0.771940  0.637668  0.714398  0.092851  0.768705  0.575422  0.220645  0.214090  0.817643  0.675650  0.614772  0.585365  0.642421  0.226692  0.209628  0.448308  0.776929  0.620566  0.726684  0.705041  0.650689  0.673286  0.197622  0.597003  0.543327  0.647404  0.690285  0.660921  0.654960  0.386927  0.690127  0.688826  0.643013  0.724665  0.567721  0.672818  0.672115  0.672059  0.681344  0.716409  0.632595  0.702471  0.657162  0.723267 
4  0.697533  0.620890  0.291600  0.574618 0.0  0.572965  0.715240  0.707863  0.652556  0.593542  0.092851  0.668640  0.588148  0.496851  0.553913  0.496966  0.686472  0.706657  0.617497  0.478860  0.304471  0.530907  0.092851  0.565271  0.584052  0.644617  0.766521  0.617637  0.563649  0.602301  0.602351  0.695405  0.658582  0.655862  0.656613  0.626773  0.612705  0.500909  0.607611  0.602378  0.586942  0.655928  0.586424  0.580876  0.686061  0.637310  0.307351  0.626934  0.665647  0.622103  0.308533  0.599396  0.648058  0.660120  0.619880  0.597784  0.092851  0.589435  0.668543  0.509935  0.594034  0.577537  0.595851  0.611297  0.517361  0.561853  0.589844  0.576908  0.271501  0.588298  0.638786  0.602230  0.635697  0.565800  0.488454  0.644618  0.701715  0.579758  0.610151  0.723107  0.681754  0.541326  0.535114  0.618287  0.590726  0.648323  0.687659  0.607552  0.572343 
5  0.704644  0.721899  0.658016  0.828015  0.572965 0.0  0.584558  0.843755  0.668358  0.401873  0.627829  0.513628  0.676198  0.437973  0.759023  0.092851  0.700884  0.325814  0.793788  0.523384  0.603858  0.421117  0.490191  0.756405  0.478326  0.506504  0.617810  0.175437  0.444598  0.734183  0.693772  0.818683  0.654844  0.412974  0.173508  0.300317  0.446437  0.451371  0.714891  0.661749  0.637417  0.589722  0.474872  0.700906  0.758920  0.683564  0.643797  0.472819  0.687058  0.295867  0.590611  0.667690  0.708239  0.819386  0.443955  0.722889  0.566103  0.256771  0.567896  0.760609  0.720633  0.729914  0.301088  0.490396  0.448041  0.458374  0.627771  0.854671  0.575382  0.571283  0.538225  0.450300  0.484352  0.381123  0.485018  0.418801  0.435320  0.282384  0.480243  0.232675  0.184695  0.485212  0.434368  0.447516  0.452586  0.173650  0.535654  0.764517  0.461636 
6  0.588498  0.585201  0.569431  0.649004  0.715240  0.584558 0.0  0.573869  0.513988  0.565330  0.667755  0.586915  0.621448  0.566386  0.698849  0.477936  0.759030  0.581234  0.662612  0.621923  0.688250  0.540659  0.593644  0.546807  0.635098  0.742365  0.677142  0.577978  0.657821  0.610266  0.562200  0.569274  0.667979  0.648481  0.720353  0.541061  0.585017  0.588273  0.633917  0.685203  0.633554  0.582014  0.563060  0.571668  0.621980  0.655337  0.623168  0.598970  0.555273  0.577029  0.671922  0.634676  0.649411  0.842162  0.570922  0.621253  0.608970  0.588312  0.482107  0.542648  0.566474  0.651194  0.614997  0.635570  0.689500  0.592264  0.275961  0.603357  0.595867  0.298736  0.662021  0.523506  0.469589  0.562332  0.384477  0.571724  0.653704  0.596893  0.601463  0.575591  0.620173  0.597750  0.621045  0.556173  0.591320  0.584991  0.640475  0.660168  0.684259 
7  0.217091  0.698799  0.654144  0.233980  0.707863  0.843755  0.573869 0.0  0.658902  0.616004  0.556182  0.708101  0.547393  0.645827  0.427392  0.809736  0.827742  0.798954  0.473914  0.279764  0.631604  0.820112  0.608769  0.504530  0.793210  0.780640  0.797676  0.720352  0.690370  0.767232  0.369164  0.511847  0.619491  0.903139  0.791280  0.668258  0.764582  0.700843  0.468098  0.644333  0.575826  0.595192  0.742367  0.781837  0.092851  0.657992  0.645366  0.708348  0.188795  0.672376  0.606917  0.217446  0.092851  0.813747  0.698674  0.749871  0.579943  0.737043  0.234759  0.203667  0.373228  0.689558  0.754597  0.779244  0.792376  0.666465  0.628013  0.167068  0.558550  0.564145  0.688121  0.703342  0.682593  0.728562  0.488539  0.623531  0.639386  0.503865  0.750822  0.738798  0.779124  0.636543  0.573073  0.800062  0.703988  0.682769  0.682619  0.702889  0.650716 
8  0.707990  0.092851  0.662077  0.582291  0.652556  0.668358  0.513988  0.658902 0.0  0.733831  0.618245  0.667689  0.267179  0.589774  0.817495  0.730324  0.818133  0.754586  0.720155  0.522938  0.632164  0.778905  0.662575  0.698450  0.634770  0.646110  0.906038  0.695946  0.655500  0.202313  0.779392  0.856685  0.586947  0.654025  0.797006  0.798072  0.584470  0.664680  0.748220  0.564335  0.630952  0.551967  0.782936  0.191234  0.682410  0.212112  0.571914  0.215981  0.666738  0.640240  0.637702  0.690261  0.670285  0.834334  0.718725  0.444476  0.626988  0.731589  0.774547  0.802897  0.700161  0.234471  0.659760  0.799382  0.787011  0.654902  0.664563  0.796479  0.645729  0.579113  0.619192  0.660413  0.800978  0.800123  0.427022  0.562508  0.712158  0.626108  0.713139  0.621527  0.637755  0.696503  0.664321  0.766128  0.719730  0.660345  0.742687  0.220053  0.680668 
9  0.664495  0.734665  0.449795  0.732111  0.593542  0.401873  0.565330  0.616004  0.733831 0.0  0.635011  0.162720  0.817945  0.267134  0.652396  0.448659  0.967163  0.525255  0.726191  0.623229  0.507994  0.266173  0.611510  0.692593  0.285013  0.238924  0.782182  0.385318  0.165926  0.614607  0.649069  0.812368  0.675620  0.148575  0.416626  0.545151  0.270750  0.166589  0.681900  0.557014  0.588298  0.560682  0.092851  0.847081  0.840673  0.686230  0.619562  0.732033  0.586937  0.482834  0.588585  0.790572  0.695445  0.731532  0.289717  0.596698  0.581395  0.495901  0.835054  0.693008  0.697491  0.636765  0.440760  0.275562  0.092851  0.281805  0.657708  0.801424  0.682230  0.598761  0.169708  0.169280  0.177117  0.285859  0.427348  0.174044  0.169108  0.092851  0.275404  0.490591  0.371845  0.165176  0.158779  0.293999  0.174748  0.325708  0.313722  0.663251  0.273240 
10  0.640115  0.678747  0.276201  0.671618  0.092851  0.627829  0.667755  0.556182  0.618245  0.635011 0.0  0.615199  0.623000  0.544925  0.638466  0.617176  0.775820  0.619854  0.555480  0.543200  0.327553  0.622354  0.092851  0.640924  0.609029  0.590294  0.683493  0.530193  0.507087  0.571883  0.617490  0.542135  0.564942  0.544412  0.548154  0.602575  0.664272  0.645853  0.597752  0.650970  0.606564  0.692090  0.597165  0.556901  0.619065  0.602868  0.307785  0.587008  0.647187  0.561672  0.274770  0.636118  0.604903  0.776784  0.537099  0.640581  0.092851  0.581739  0.642294  0.610884  0.704446  0.607886  0.580954  0.634464  0.679547  0.643986  0.536175  0.589733  0.278610  0.595314  0.668811  0.629182  0.617104  0.558729  0.469933  0.571924  0.602006  0.630952  0.670579  0.617946  0.593843  0.653799  0.585661  0.599289  0.590330  0.646924  0.623153  0.536820  0.614799 
11  0.722740  0.707780  0.598397  0.701476  0.668640  0.513628  0.586915  0.708101  0.667689  0.162720  0.615199 0.0  0.658971  0.272950  0.786311  0.485727  0.954345  0.531495  0.644700  0.719201  0.608908  0.263565  0.585824  0.818234  0.288497  0.317573  0.879133  0.456952  0.092851  0.842250  0.614151  0.816629  0.599461  0.180548  0.456023  0.478613  0.271566  0.173613  0.789809  0.650531  0.576258  0.655827  0.155385  0.672464  0.611748  0.677732  0.595008  0.716812  0.576815  0.470704  0.553835  0.628515  0.589836  0.703993  0.275120  0.596439  0.621436  0.508289  0.748117  0.636955  0.800093  0.750658  0.457927  0.269969  0.174914  0.279493  0.676252  0.753559  0.620492  0.652659  0.092851  0.092851  0.092851  0.317361  0.474769  0.092851  0.092851  0.092851  0.330362  0.477719  0.493233  0.092851  0.092851  0.280380  0.129362  0.479873  0.319292  0.687727  0.248358 
12  0.699077  0.245914  0.634394  0.708073  0.588148  0.676198  0.621448  0.547393  0.267179  0.817945  0.623000  0.658971 0.0  0.807577  0.704130  0.662791  0.907522  0.752475  0.657068  0.640697  0.625390  0.671467  0.634131  0.737602  0.617136  0.703375  0.752653  0.630463  0.785168  0.433617  0.721246  0.707944  0.639543  0.621626  0.761093  0.632333  0.726812  0.648133  0.750937  0.593596  0.614159  0.521976  0.693299  0.380848  0.629809  0.432518  0.652675  0.396652  0.671325  0.786642  0.693995  0.757675  0.662208  0.663686  0.656591  0.213664  0.714155  0.783416  0.655079  0.743851  0.704562  0.370015  0.678080  0.717951  0.662146  0.600127  0.557023  0.679604  0.590430  0.647484  0.576276  0.690293  0.704901  0.646840  0.443483  0.633631  0.655468  0.579929  0.720569  0.662146  0.673833  0.713780  0.729899  0.689269  0.649135  0.675975  0.722134  0.413861  0.594288 
13  0.660266  0.661215  0.625152  0.667818  0.496851  0.437973  0.566386  0.645827  0.589774  0.267134  0.544925  0.272950  0.807577 0.0  0.720926  0.418330  0.819677  0.474192  0.682804  0.636925  0.688331  0.092851  0.607494  0.736052  0.171543  0.267158  0.805123  0.458740  0.285997  0.730041  0.721189  0.718533  0.678876  0.280309  0.440422  0.444305  0.166973  0.285838  0.739437  0.610814  0.610469  0.681989  0.288245  0.697162  0.681442  0.664424  0.620489  0.680151  0.634232  0.454665  0.579452  0.789288  0.727539  0.692311  0.176317  0.685851  0.545429  0.485505  0.666640  0.720353  0.637283  0.722791  0.491238  0.165601  0.310072  0.172801  0.612603  0.756170  0.648144  0.670140  0.280722  0.297689  0.265300  0.270485  0.491101  0.263786  0.287940  0.092851  0.297119  0.499626  0.454207  0.282232  0.299483  0.164677  0.269438  0.464853  0.162197  0.723755  0.161640 
14  0.391001  0.656182  0.616058  0.426604  0.553913  0.759023  0.698849  0.427392  0.817495  0.652396  0.638466  0.786311  0.704130  0.720926 0.0  0.645771  0.699813  0.764991  0.205738  0.296041  0.538813  0.728626  0.676516  0.224235  0.667827  0.773404  0.709916  0.594511  0.675042  0.651336  0.426510  0.202320  0.499988  0.699719  0.690622  0.579209  0.709796  0.808777  0.227172  0.540016  0.678569  0.547663  0.761257  0.657117  0.439996  0.590520  0.598821  0.739066  0.424230  0.707240  0.563344  0.387684  0.376377  0.737804  0.641755  0.752273  0.674489  0.800305  0.401654  0.365178  0.092851  0.756247  0.698347  0.731494  0.663673  0.535824  0.588823  0.439772  0.629457  0.616459  0.695096  0.767432  0.637148  0.621309  0.442987  0.806919  0.662016  0.612652  0.735395  0.735750  0.720201  0.740915  0.699332  0.657399  0.649128  0.702557  0.818907  0.702113  0.569371 
15  0.765856  0.717440  0.566751  0.781946  0.496966  0.092851  0.477936  0.809736  0.730324  0.448659  0.617176  0.485727  0.662791  0.418330  0.645771 0.0  0.853880  0.289464  0.737469  0.557507  0.603013  0.498602  0.631061  0.695500  0.514707  0.401917  0.799222  0.169490  0.454081  0.735344  0.623281  0.665802  0.520841  0.481455  0.168770  0.290705  0.409755  0.511590  0.790773  0.700211  0.622923  0.542129  0.451040  0.683546  0.798875  0.680054  0.646133  0.635046  0.593916  0.304031  0.595986  0.716980  0.803027  0.871200  0.512484  0.670319  0.629916  0.255538  0.650557  0.705631  0.662930  0.768468  0.261340  0.487522  0.400957  0.475435  0.569411  0.763724  0.606253  0.563005  0.517979  0.518695  0.457436  0.464697  0.454301  0.464702  0.484199  0.328627  0.418474  0.277686  0.174341  0.402587  0.426945  0.477200  0.461312  0.162921  0.533057  0.714488  0.497737 
16  0.871741  0.706309  0.786121  0.799205  0.686472  0.700884  0.759030  0.827742  0.818133  0.967163  0.775820  0.954345  0.907522  0.819677  0.699813  0.853880 0.0  0.848990  0.710509  0.881661  0.665935  0.753246  0.699320  0.660439  0.721310  0.718328  0.092851  0.818997  0.905412  0.861439  0.739643  0.712767  0.833495  0.723857  0.717486  0.806172  0.864720  0.775723  0.780337  0.873454  0.733685  0.854741  0.771248  0.794715  0.834008  0.803661  0.876882  0.803199  0.723404  0.807599  0.546165  0.881043  0.715184  0.092851  0.704450  0.803424  0.697235  0.728667  0.799142  0.741353  0.800424  0.842688  0.716664  0.759678  0.726933  0.855850  0.683766  0.669691  0.746190  0.780021  0.694335  0.855484  0.760344  0.710852  0.822504  0.820681  0.848371  0.643593  0.805540  0.876207  0.637366  0.783291  0.695187  0.709247  0.685235  0.944065  0.698605  0.850360  0.684722 
17  0.813832  0.647361  0.538449  0.757924  0.706657  0.325814  0.581234  0.798954  0.754586  0.525255  0.619854  0.531495  0.752475  0.474192  0.764991  0.289464  0.848990 0.0  0.626542  0.679214  0.638438  0.487897  0.557158  0.739650  0.491586  0.532260  0.721805  0.290033  0.510408  0.696890  0.764243  0.890134  0.528305  0.479483  0.295025  0.173943  0.505199  0.467192  0.822285  0.579600  0.604046  0.677715  0.460706  0.649971  0.757756  0.702994  0.607046  0.725897  0.709421  0.157821  0.668686  0.638718  0.811182  0.795961  0.434489  0.641014  0.551424  0.171856  0.784196  0.626527  0.643148  0.624109  0.173073  0.507721  0.491567  0.365774  0.583609  0.786256  0.563341  0.641148  0.427329  0.531084  0.451633  0.482636  0.474630  0.468632  0.476979  0.304703  0.437251  0.171378  0.297308  0.440615  0.450768  0.422219  0.450427  0.273514  0.479701  0.735245  0.425232 
18  0.421088  0.619155  0.623199  0.418130  0.617497  0.793788  0.662612  0.473914  0.720155  0.726191  0.555480  0.644700  0.657068  0.682804  0.205738  0.737469  0.710509  0.626542 0.0  0.248041  0.614776  0.705696  0.534008  0.092851  0.694287  0.720931  0.765030  0.724878  0.682413  0.728409  0.447283  0.092851  0.750013  0.684615  0.607380  0.651548  0.744404  0.719335  0.092851  0.627571  0.587693  0.676079  0.734317  0.621430  0.371893  0.739455  0.571120  0.775429  0.402940  0.750357  0.720719  0.396303  0.421755  0.808822  0.582251  0.650563  0.473464  0.651824  0.414199  0.418133  0.217379  0.684335  0.663995  0.587472  0.793028  0.654975  0.618572  0.419055  0.521140  0.596627  0.743424  0.693537  0.695053  0.571962  0.431416  0.707181  0.700237  0.646476  0.777254  0.882696  0.647622  0.644506  0.550055  0.670215  0.724695  0.676046  0.705680  0.714313  0.660637 
19  0.306847  0.682791  0.501448  0.288729  0.478860  0.523384  0.621923  0.279764  0.522938  0.623229  0.543200  0.719201  0.640697  0.636925  0.296041  0.557507  0.881661  0.679214  0.248041 0.0  0.569677  0.532944  0.650331  0.308313  0.643766  0.588628  0.655626  0.692285  0.649157  0.530082  0.287156  0.274493  0.571591  0.663110  0.582077  0.628383  0.622800  0.638589  0.232686  0.648615  0.649302  0.604206  0.503512  0.603157  0.267139  0.651192  0.589862  0.702445  0.292849  0.626808  0.546603  0.310319  0.303451  0.753419  0.512711  0.658212  0.526762  0.612292  0.283588  0.323911  0.304021  0.643938  0.692367  0.562053  0.602681  0.640849  0.607296  0.281120  0.610550  0.648895  0.658585  0.600211  0.574994  0.617244  0.440002  0.559772  0.551539  0.606324  0.656020  0.645814  0.591287  0.621508  0.578731  0.535331  0.605315  0.610333  0.683770  0.533824  0.547795 
20  0.644091  0.579453  0.283587  0.673446  0.304471  0.603858  0.688250  0.631604  0.632164  0.507994  0.327553  0.608908  0.625390  0.688331  0.538813  0.603013  0.665935  0.638438  0.614776  0.569677 0.0  0.545209  0.267815  0.556465  0.610240  0.599545  0.688777  0.580063  0.600410  0.707903  0.548976  0.607414  0.672765  0.540222  0.603982  0.611161  0.537676  0.626082  0.552501  0.600473  0.639537  0.620840  0.695700  0.581271  0.626129  0.623601  0.320296  0.462746  0.663276  0.508114  0.333830  0.594398  0.628370  0.737517  0.610889  0.667804  0.299386  0.661272  0.618964  0.653447  0.606082  0.648872  0.632140  0.617046  0.762270  0.670639  0.607735  0.562119  0.293535  0.555934  0.571405  0.617537  0.524485  0.561039  0.474135  0.584044  0.554331  0.492365  0.618479  0.655378  0.612345  0.513892  0.553438  0.678707  0.579025  0.534138  0.646023  0.673737  0.599537 
21  0.552913  0.641030  0.640598  0.748770  0.530907  0.421117  0.540659  0.820112  0.778905  0.266173  0.622354  0.263565  0.671467  0.092851  0.728626  0.498602  0.753246  0.487897  0.705696  0.532944  0.545209 0.0  0.511600  0.695179  0.166854  0.286901  0.726910  0.476041  0.290116  0.565356  0.742420  0.635535  0.596128  0.247889  0.466150  0.505196  0.160434  0.257443  0.846361  0.584704  0.569265  0.605581  0.282791  0.733885  0.801629  0.703611  0.622753  0.607033  0.734591  0.526943  0.633612  0.667080  0.756508  0.717199  0.179401  0.666296  0.705080  0.441412  0.774473  0.714985  0.731664  0.608722  0.516458  0.161446  0.262381  0.173338  0.607163  0.863345  0.623087  0.713741  0.269741  0.269860  0.275916  0.281497  0.390546  0.302287  0.281512  0.092851  0.293927  0.430671  0.412405  0.301005  0.271374  0.170605  0.313961  0.456616  0.167236  0.685858  0.166725 
22  0.631734  0.530950  0.276246  0.658950  0.092851  0.490191  0.593644  0.608769  0.662575  0.611510  0.092851  0.585824  0.634131  0.607494  0.676516  0.631061  0.699320  0.557158  0.534008  0.650331  0.267815  0.511600 0.0  0.592762  0.585802  0.591928  0.780983  0.629750  0.582794  0.584036  0.654989  0.654048  0.569966  0.571734  0.634041  0.752242  0.614599  0.612853  0.679384  0.701545  0.594538  0.601712  0.653729  0.615865  0.626391  0.607303  0.285231  0.664699  0.475490  0.593840  0.294049  0.592481  0.591899  0.846542  0.645701  0.591454  0.092851  0.587606  0.680750  0.622322  0.638747  0.537074  0.635011  0.583433  0.654445  0.548075  0.579816  0.614576  0.261420  0.644174  0.636779  0.628418  0.550802  0.612288  0.490038  0.518021  0.610142  0.653887  0.623790  0.664853  0.590736  0.496327  0.565833  0.666566  0.668015  0.640229  0.554164  0.634857  0.554727 
23  0.426477  0.624570  0.601078  0.361740  0.565271  0.756405  0.546807  0.504530  0.698450  0.692593  0.640924  0.818234  0.737602  0.736052  0.224235  0.695500  0.660439  0.739650  0.092851  0.308313  0.556465  0.695179  0.592762 0.0  0.860627  0.799544  0.862704  0.708961  0.765575  0.554554  0.406057  0.141468  0.685681  0.739170  0.692027  0.747479  0.846148  0.842494  0.131725  0.572483  0.690089  0.684148  0.674480  0.631312  0.473645  0.647516  0.592292  0.619695  0.337344  0.756606  0.569968  0.415771  0.398803  0.784752  0.830197  0.542850  0.583353  0.720011  0.350049  0.431974  0.221601  0.691089  0.786023  0.726177  0.667787  0.797663  0.622082  0.473511  0.609952  0.581738  0.752989  0.835133  0.753006  0.744064  0.428166  0.647429  0.646932  0.639031  0.707837  0.824099  0.810501  0.766913  0.739609  0.861698  0.788076  0.761887  0.728272  0.763213  0.783145 
24  0.749493  0.750230  0.620349  0.689022  0.584052  0.478326  0.635098  0.793210  0.634770  0.285013  0.609029  0.288497  0.617136  0.171543  0.667827  0.514707  0.721310  0.491586  0.694287  0.643766  0.610240  0.166854  0.585802  0.860627 0.0  0.281307  0.872230  0.522538  0.300388  0.670787  0.687328  0.838013  0.683336  0.296590  0.490566  0.418772  0.092851  0.247390  0.695942  0.607419  0.705739  0.576368  0.284998  0.696078  0.685816  0.690154  0.536744  0.742889  0.689018  0.386403  0.652818  0.599465  0.735322  0.749752  0.092851  0.651440  0.554145  0.452732  0.611166  0.696697  0.624468  0.761111  0.457413  0.092851  0.243658  0.092851  0.643689  0.792254  0.688389  0.653550  0.286096  0.265186  0.267348  0.320597  0.486241  0.304683  0.309870  0.092851  0.258843  0.467671  0.500395  0.273271  0.292996  0.092851  0.284115  0.440278  0.092851  0.613609  0.092851 
25  0.691783  0.675782  0.666753  0.661707  0.644617  0.506504  0.742365  0.780640  0.646110  0.238924  0.590294  0.317573  0.703375  0.267158  0.773404  0.401917  0.718328  0.532260  0.720931  0.588628  0.599545  0.286901  0.591928  0.799544  0.281307 0.0  0.799448  0.450226  0.233908  0.722173  0.816442  0.780158  0.590476  0.287276  0.472779  0.460407  0.286159  0.302855  0.653159  0.568123  0.571317  0.530057  0.293332  0.722856  0.616653  0.639613  0.589105  0.708835  0.686347  0.548265  0.653791  0.764804  0.715547  0.879862  0.303464  0.594350  0.582214  0.448754  0.717864  0.730268  0.761633  0.631552  0.458929  0.304007  0.297183  0.298172  0.628714  0.779528  0.553702  0.658404  0.303461  0.321235  0.251838  0.148500  0.482268  0.262916  0.279003  0.092851  0.092851  0.510942  0.421374  0.253872  0.307717  0.266526  0.316320  0.446998  0.278601  0.661842  0.277376 
26  0.747166  0.780857  0.761567  0.849989  0.766521  0.617810  0.677142  0.797676  0.906038  0.782182  0.683493  0.879133  0.752653  0.805123  0.709916  0.799222  0.092851  0.721805  0.765030  0.655626  0.688777  0.726910  0.780983  0.862704  0.872230  0.799448 0.0  0.803296  0.736330  0.822574  0.789083  0.756723  0.769627  0.819881  0.790437  0.794677  0.923259  0.760900  0.645677  0.812718  0.833760  0.823196  0.615334  0.894107  0.688862  0.780964  0.679119  0.685999  0.637980  0.803820  0.810101  0.653985  0.798194  0.092851  0.744256  0.784880  0.779440  0.776814  0.817156  0.714215  0.801509  0.874294  0.736804  0.686641  0.838321  0.656641  0.659141  0.891324  0.877172  0.746564  0.788488  0.832623  0.790108  0.798936  0.768480  0.757771  0.811065  0.695128  0.826445  0.759599  0.799132  0.741787  0.780591  0.692544  0.697446  0.818463  0.722340  0.793813  0.818460 
27  0.589943  0.650820  0.574942  0.672838  0.617637  0.175437  0.577978  0.720352  0.695946  0.385318  0.530193  0.456952  0.630463  0.458740  0.594511  0.169490  0.818997  0.290033  0.724878  0.692285  0.580063  0.476041  0.629750  0.708961  0.522538  0.450226  0.803296 0.0  0.538056  0.632541  0.797446  0.870003  0.610737  0.526795  0.092851  0.247120  0.460830  0.506089  0.731121  0.614356  0.556411  0.533164  0.397192  0.635773  0.639952  0.717096  0.598242  0.664312  0.657750  0.287573  0.627032  0.792155  0.764300  0.759743  0.522169  0.697386  0.737697  0.270438  0.738633  0.706252  0.756229  0.783113  0.279877  0.532373  0.385486  0.450681  0.689457  0.846288  0.577004  0.605553  0.336699  0.433976  0.440802  0.542740  0.453089  0.530558  0.470647  0.300720  0.504026  0.280280  0.092851  0.466111  0.466893  0.480695  0.478967  0.092851  0.500422  0.792633  0.475174 
28  0.640649  0.787237  0.639070  0.704684  0.563649  0.444598  0.657821  0.690370  0.655500  0.165926  0.507087  0.092851  0.785168  0.285997  0.675042  0.454081  0.905412  0.510408  0.682413  0.649157  0.600410  0.290116  0.582794  0.765575  0.300388  0.233908  0.736330  0.538056 0.0  0.797081  0.552795  0.704796  0.651109  0.159788  0.477915  0.443011  0.267249  0.171654  0.763667  0.653334  0.573588  0.652247  0.167843  0.721973  0.640255  0.685406  0.619294  0.882312  0.843549  0.419396  0.612936  0.701962  0.723849  0.672652  0.281513  0.648084  0.689996  0.522927  0.632215  0.639015  0.739954  0.698388  0.421147  0.297353  0.163838  0.306452  0.614544  0.766308  0.602002  0.613514  0.092851  0.092851  0.092851  0.316502  0.443095  0.092851  0.092851  0.092851  0.280383  0.495187  0.451409  0.092851  0.092851  0.287055  0.092851  0.433071  0.314454  0.569557  0.277869 
29  0.738283  0.203626  0.586593  0.641510  0.602301  0.734183  0.610266  0.767232  0.202313  0.614607  0.571883  0.842250  0.433617  0.730041  0.651336  0.735344  0.861439  0.696890  0.728409  0.530082  0.707903  0.565356  0.584036  0.554554  0.670787  0.722173  0.822574  0.632541  0.797081 0.0  0.597003  0.679074  0.643052  0.695876  0.679361  0.763713  0.659359  0.717778  0.744208  0.701387  0.656835  0.607938  0.758112  0.092851  0.678543  0.092851  0.665916  0.092851  0.715092  0.719861  0.699539  0.714686  0.797502  0.850934  0.672835  0.473740  0.578808  0.627124  0.682534  0.636460  0.685549  0.092851  0.741317  0.704965  0.668423  0.787203  0.524048  0.667485  0.689601  0.588531  0.689820  0.737235  0.760865  0.826901  0.443545  0.636250  0.687502  0.506010  0.631308  0.719344  0.659688  0.741392  0.736108  0.639236  0.582810  0.708888  0.665648  0.221728  0.738333 
30  0.406687  0.631732  0.550156  0.418979  0.602351  0.693772  0.562200  0.369164  0.779392  0.649069  0.617490  0.614151  0.721246  0.721189  0.426510  0.623281  0.739643  0.764243  0.447283  0.287156  0.548976  0.742420  0.654989  0.406057  0.687328  0.816442  0.789083  0.797446  0.552795  0.597003 0.0  0.439953  0.632026  0.735294  0.599322  0.711400  0.607304  0.639540  0.426427  0.516221  0.634440  0.620738  0.658471  0.759792  0.396116  0.761445  0.544147  0.664150  0.377843  0.666498  0.692563  0.373242  0.383921  0.726900  0.757465  0.724629  0.623681  0.672905  0.347602  0.432520  0.409305  0.637232  0.728157  0.716975  0.626932  0.696590  0.594369  0.386037  0.593209  0.620415  0.594242  0.666297  0.715247  0.729942  0.475312  0.718339  0.573977  0.577784  0.680590  0.728474  0.532083  0.650663  0.658827  0.650097  0.668005  0.749770  0.784935  0.671813  0.733358 
31  0.472464  0.678395  0.723547  0.407728  0.695405  0.818683  0.569274  0.511847  0.856685  0.812368  0.542135  0.816629  0.707944  0.718533  0.202320  0.665802  0.712767  0.890134  0.092851  0.274493  0.607414  0.635535  0.654048  0.141468  0.838013  0.780158  0.756723  0.870003  0.704796  0.679074  0.439953 0.0  0.616500  0.813959  0.782899  0.779665  0.623894  0.854169  0.092851  0.686748  0.553191  0.483338  0.713882  0.721200  0.545874  0.707620  0.667320  0.670447  0.387930  0.865537  0.617140  0.395309  0.505573  0.881400  0.677091  0.674386  0.587371  0.779145  0.428486  0.468349  0.219649  0.748267  0.718806  0.745275  0.586565  0.783532  0.653583  0.510735  0.608480  0.625226  0.843737  0.672922  0.821781  0.681857  0.388591  0.631252  0.755905  0.622995  0.885334  0.690982  0.865324  0.746697  0.661681  0.773210  0.761422  0.791615  0.817641  0.681865  0.784503 
32  0.580117  0.664902  0.533135  0.614118  0.658582  0.654844  0.667979  0.619491  0.586947  0.675620  0.564942  0.599461  0.639543  0.678876  0.499988  0.520841  0.833495  0.528305  0.750013  0.571591  0.672765  0.596128  0.569966  0.685681  0.683336  0.590476  0.769627  0.610737  0.651109  0.643052  0.632026  0.616500 0.0  0.682747  0.614370  0.628542  0.667157  0.583941  0.522599  0.316109  0.264561  0.092851  0.491308  0.580017  0.604885  0.559382  0.661873  0.639743  0.590526  0.670723  0.625791  0.604859  0.688861  0.820756  0.587374  0.636567  0.555836  0.630631  0.534068  0.628115  0.614796  0.575062  0.544154  0.598767  0.635500  0.575438  0.661921  0.562100  0.595484  0.534964  0.566020  0.665271  0.603420  0.605051  0.420301  0.595499  0.650080  0.525543  0.612882  0.613271  0.666910  0.534984  0.612252  0.523739  0.654591  0.607217  0.573824  0.657247  0.619541 
33  0.616656  0.665139  0.640779  0.621071  0.655862  0.412974  0.648481  0.903139  0.654025  0.148575  0.544412  0.180548  0.621626  0.280309  0.699719  0.481455  0.723857  0.479483  0.684615  0.663110  0.540222  0.247889  0.571734  0.739170  0.296590  0.287276  0.819881  0.526795  0.159788  0.695876  0.735294  0.813959  0.682747 0.0  0.464466  0.448425  0.281781  0.092851  0.788106  0.651620  0.640045  0.545536  0.168825  0.669310  0.673851  0.717564  0.637925  0.808181  0.771421  0.472980  0.605681  0.688454  0.773848  0.824731  0.315090  0.585846  0.575663  0.540064  0.730726  0.605381  0.715315  0.646556  0.449393  0.278227  0.158197  0.313108  0.639598  0.754646  0.583050  0.587281  0.177568  0.166889  0.175943  0.298789  0.454296  0.153710  0.175800  0.092851  0.272812  0.498250  0.461165  0.167717  0.176502  0.290415  0.170237  0.476825  0.284681  0.728118  0.293198 
34  0.669851  0.670003  0.598004  0.640747  0.656613  0.173508  0.720353  0.791280  0.797006  0.416626  0.548154  0.456023  0.761093  0.440422  0.690622  0.168770  0.717486  0.295025  0.607380  0.582077  0.603982  0.466150  0.634041  0.692027  0.490566  0.472779  0.790437  0.092851  0.477915  0.679361  0.599322  0.782899  0.614370  0.464466 0.0  0.286992  0.553153  0.518288  0.821025  0.562294  0.551609  0.669857  0.362123  0.731606  0.678893  0.569133  0.687258  0.730493  0.709937  0.262316  0.593374  0.593955  0.647434  0.737766  0.472502  0.785671  0.685330  0.257177  0.776511  0.597473  0.672954  0.640192  0.315213  0.398000  0.431246  0.487562  0.541505  0.645131  0.632615  0.587963  0.493617  0.443772  0.503083  0.487870  0.449317  0.471843  0.446771  0.275591  0.391773  0.282272  0.092851  0.482668  0.418086  0.508077  0.428052  0.092851  0.485608  0.651864  0.469631 
35  0.730025  0.629470  0.602377  0.607250  0.626773  0.300317  0.541061  0.668258  0.798072  0.545151  0.602575  0.478613  0.632333  0.444305  0.579209  0.290705  0.806172  0.173943  0.651548  0.628383  0.611161  0.505196  0.752242  0.747479  0.418772  0.460407  0.794677  0.247120  0.443011  0.763713  0.711400  0.779665  0.628542  0.448425  0.286992 0.0  0.448783  0.400038  0.830787  0.517114  0.644891  0.634085  0.424432  0.569668  0.813510  0.667007  0.600960  0.726741  0.864586  0.148722  0.634018  0.678406  0.757519  0.821602  0.427135  0.747062  0.623791  0.163405  0.698401  0.808333  0.679468  0.649202  0.170698  0.399196  0.427033  0.488602  0.602495  0.704704  0.715484  0.680381  0.447642  0.499729  0.459057  0.531916  0.415853  0.511074  0.433046  0.261309  0.464079  0.139105  0.317811  0.460003  0.571279  0.482385  0.536539  0.288111  0.508140  0.717238  0.484266 
36  0.684177  0.689465  0.701843  0.745096  0.612705  0.446437  0.585017  0.764582  0.584470  0.270750  0.664272  0.271566  0.726812  0.166973  0.709796  0.409755  0.864720  0.505199  0.744404  0.622800  0.537676  0.160434  0.614599  0.846148  0.092851  0.286159  0.923259  0.460830  0.267249  0.659359  0.607304  0.623894  0.667157  0.281781  0.553153  0.448783 0.0  0.308216  0.705030  0.605107  0.611118  0.740010  0.298014  0.612781  0.740028  0.639925  0.683393  0.649697  0.664040  0.447747  0.508462  0.621591  0.881834  0.782263  0.092851  0.712658  0.667797  0.541447  0.721166  0.685776  0.803127  0.744866  0.479512  0.092851  0.312304  0.092851  0.555752  0.643962  0.664766  0.737754  0.272955  0.281129  0.233917  0.302464  0.438625  0.262398  0.287783  0.092851  0.274795  0.476639  0.466643  0.311969  0.323354  0.092851  0.284130  0.412442  0.092851  0.699937  0.092851 
37  0.827149  0.720934  0.633861  0.741305  0.500909  0.451371  0.588273  0.700843  0.664680  0.166589  0.645853  0.173613  0.648133  0.285838  0.808777  0.511590  0.775723  0.467192  0.719335  0.638589  0.626082  0.257443  0.612853  0.842494  0.247390  0.302855  0.760900  0.506089  0.171654  0.717778  0.639540  0.854169  0.583941  0.092851  0.518288  0.400038  0.308216 0.0  0.764235  0.593957  0.626846  0.635185  0.163781  0.671948  0.689458  0.750074  0.471726  0.647721  0.695881  0.526702  0.610316  0.766385  0.785558  0.723508  0.283100  0.777804  0.709643  0.527495  0.689667  0.721247  0.614146  0.641995  0.453425  0.297610  0.167512  0.260495  0.628193  0.685653  0.531088  0.574432  0.153656  0.169239  0.162801  0.311412  0.442566  0.174836  0.163326  0.092851  0.281559  0.519433  0.474082  0.171529  0.162563  0.326188  0.160081  0.442958  0.301490  0.721519  0.306036 
38  0.379477  0.671859  0.581545  0.438380  0.607611  0.714891  0.633917  0.468098  0.748220  0.681900  0.597752  0.789809  0.750937  0.739437  0.227172  0.790773  0.780337  0.822285  0.092851  0.232686  0.552501  0.846361  0.679384  0.131725  0.695942  0.653159  0.645677  0.731121  0.763667  0.744208  0.426427  0.092851  0.522599  0.788106  0.821025  0.830787  0.705030  0.764235 0.0  0.629242  0.617056  0.577939  0.819450  0.587506  0.478466  0.689948  0.677930  0.641281  0.352632  0.782043  0.574445  0.373195  0.474706  0.783756  0.731778  0.605995  0.592311  0.736074  0.381502  0.376530  0.227563  0.641932  0.781962  0.767539  0.605477  0.635408  0.631046  0.446636  0.650517  0.635753  0.722444  0.745034  0.735562  0.738561  0.495972  0.796021  0.731640  0.554359  1.000000  0.718746  0.791177  0.807853  0.720093  0.741094  0.858066  0.717409  0.762446  0.683744  0.770998 
39  0.664132  0.557215  0.591967  0.584663  0.602378  0.661749  0.685203  0.644333  0.564335  0.557014  0.650970  0.650531  0.593596  0.610814  0.540016  0.700211  0.873454  0.579600  0.627571  0.648615  0.600473  0.584704  0.701545  0.572483  0.607419  0.568123  0.812718  0.614356  0.653334  0.701387  0.516221  0.686748  0.316109  0.651620  0.562294  0.517114  0.605107  0.593957  0.629242 0.0  0.292612  0.288716  0.547912  0.622330  0.572038  0.566359  0.586572  0.655355  0.568569  0.620621  0.685807  0.612184  0.635239  0.792514  0.465174  0.660170  0.566949  0.610036  0.675186  0.582445  0.568872  0.570114  0.629792  0.642485  0.561244  0.658989  0.542237  0.660179  0.676133  0.595538  0.724409  0.583343  0.579733  0.571697  0.442683  0.701248  0.511602  0.586200  0.579582  0.546235  0.619880  0.582947  0.635909  0.574556  0.598331  0.588123  0.638645  0.612223  0.583738 
40  0.591048  0.542643  0.514585  0.598638  0.586942  0.637417  0.633554  0.575826  0.630952  0.588298  0.606564  0.576258  0.614159  0.610469  0.678569  0.622923  0.733685  0.604046  0.587693  0.649302  0.639537  0.569265  0.594538  0.690089  0.705739  0.571317  0.833760  0.556411  0.573588  0.656835  0.634440  0.553191  0.264561  0.640045  0.551609  0.644891  0.611118  0.626846  0.617056  0.292612 0.0  0.325218  0.617518  0.540371  0.639430  0.563131  0.634811  0.599759  0.649694  0.606357  0.513517  0.606025  0.578470  0.709256  0.557759  0.535217  0.604372  0.699974  0.632861  0.505789  0.589242  0.552788  0.618242  0.611573  0.652992  0.589516  0.626454  0.622953  0.623968  0.623594  0.575062  0.519303  0.589094  0.712815  0.452811  0.637875  0.560505  0.611639  0.637298  0.646019  0.652819  0.615626  0.452930  0.607053  0.565992  0.636427  0.595494  0.664742  0.628943 
41  0.559458  0.654693  0.588485  0.678912  0.655928  0.589722  0.582014  0.595192  0.551967  0.560682  0.692090  0.655827  0.521976  0.681989  0.547663  0.542129  0.854741  0.677715  0.676079  0.604206  0.620840  0.605581  0.601712  0.684148  0.576368  0.530057  0.823196  0.533164  0.652247  0.607938  0.620738  0.483338  0.092851  0.545536  0.669857  0.634085  0.740010  0.635185  0.577939  0.288716  0.325218 0.0  0.623266  0.650465  0.677771  0.608751  0.611987  0.585348  0.567669  0.597979  0.609463  0.626318  0.575410  0.849485  0.666851  0.553507  0.586429  0.678295  0.575714  0.635846  0.606454  0.648474  0.535476  0.673113  0.647054  0.625696  0.617296  0.551756  0.615600  0.584464  0.636638  0.635099  0.580044  0.554860  0.426924  0.547357  0.616451  0.587278  0.618001  0.584785  0.543370  0.629519  0.616653  0.625059  0.694970  0.667037  0.555824  0.522836  0.628352 
42  0.729885  0.646758  0.680972  0.730424  0.586424  0.474872  0.563060  0.742367  0.782936  0.092851  0.597165  0.155385  0.693299  0.288245  0.761257  0.451040  0.771248  0.460706  0.734317  0.503512  0.695700  0.282791  0.653729  0.674480  0.284998  0.293332  0.615334  0.397192  0.167843  0.758112  0.658471  0.713882  0.491308  0.168825  0.362123  0.424432  0.298014  0.163781  0.819450  0.547912  0.617518  0.623266 0.0  0.689299  0.811966  0.627511  0.624091  0.731722  0.696662  0.462069  0.640205  0.663818  0.804690  0.707775  0.255052  0.714960  0.592995  0.498545  0.744173  0.666466  0.851354  0.716760  0.566258  0.270247  0.092851  0.253037  0.650935  0.621153  0.672206  0.661866  0.166339  0.164834  0.170899  0.266761  0.512799  0.177537  0.165565  0.092851  0.272566  0.495269  0.383958  0.177554  0.171369  0.269667  0.178364  0.441404  0.275637  0.697774  0.301399 
43  0.790963  0.194902  0.639674  0.809236  0.580876  0.700906  0.571668  0.781837  0.191234  0.847081  0.556901  0.672464  0.380848  0.697162  0.657117  0.683546  0.794715  0.649971  0.621430  0.603157  0.581271  0.733885  0.615865  0.631312  0.696078  0.722856  0.894107  0.635773  0.721973  0.092851  0.759792  0.721200  0.580017  0.669310  0.731606  0.569668  0.612781  0.671948  0.587506  0.622330  0.540371  0.650465  0.689299 0.0  0.625962  0.092851  0.469969  0.092851  0.631210  0.711076  0.559006  0.649811  0.722433  0.784855  0.682267  0.411998  0.582128  0.755689  0.802631  0.764747  0.449710  0.092851  0.632239  0.671233  0.716465  0.767263  0.547563  0.716067  0.569739  0.635316  0.734416  0.642243  0.617425  0.666198  0.501934  0.725732  0.553098  0.582615  0.751170  0.691445  0.639743  0.631314  0.704906  0.729304  0.679868  0.725296  0.732210  0.209388  0.743825 
44  0.210844  0.655175  0.594574  0.230906  0.686061  0.758920  0.621980  0.092851  0.682410  0.840673  0.619065  0.611748  0.629809  0.681442  0.439996  0.798875  0.834008  0.757756  0.371893  0.267139  0.626129  0.801629  0.626391  0.473645  0.685816  0.616653  0.688862  0.639952  0.640255  0.678543  0.396116  0.545874  0.604885  0.673851  0.678893  0.813510  0.740028  0.689458  0.478466  0.572038  0.639430  0.677771  0.811966  0.625962 0.0  0.625679  0.616934  0.711340  0.190080  0.642556  0.586072  0.222587  0.092851  0.774481  0.648231  0.723899  0.608052  0.707889  0.226226  0.210127  0.398522  0.686183  0.764262  0.775698  0.609771  0.717309  0.538200  0.163797  0.561417  0.593249  0.695767  0.703281  0.726902  0.653532  0.444134  0.738510  0.654595  0.621604  0.620724  0.787595  0.654378  0.639962  0.746915  0.799925  0.652485  0.861316  0.754543  0.672445  0.728793 
