89
0 0.0  0.634156  0.738094  0.213855  0.683365  0.782574  0.630225  0.216096  0.788021  0.697676  0.653290  0.676892  0.644400  0.615614  0.402165  0.677202  0.812975  0.781081  0.432969  0.318128  0.652401  0.711893  0.649052  0.405412  0.678716  0.697149  0.743785  0.737431  0.768365  0.719415  0.453465  0.408102  0.635116  0.777394  0.734602  0.710465  0.683486  0.644828  0.450868  0.679670  0.612762  0.616769  0.701245  0.872247  0.234766  0.818880  0.708549  0.714554  0.218598  0.744450  0.727084  0.194943  0.206411  0.944202  0.791665  0.690125  0.663343  0.731324  0.214708  0.077979  0.394128  0.775986  0.731398  0.765524  0.752840  0.724642  0.641406  0.227918  0.594906  0.767553  0.739105  0.666567  0.767284  0.736041  0.418701  0.713875  0.775183  0.586527  0.785618  0.667160  0.660360  0.838470  0.810886  0.578145  0.724739  0.655379  0.848837  0.775139  0.710234 
1  0.634156 0.0  0.725068  0.729646  0.612536  0.768739  0.670332  0.760965  0.077979  0.621514  0.561626  0.710870  0.241154  0.758956  0.740236  0.661005  0.751379  0.743734  0.644707  0.612673  0.730719  0.758804  0.582553  0.704264  0.684286  0.701267  0.882570  0.655948  0.892724  0.221490  0.773900  0.702459  0.703656  0.745776  0.748114  0.681252  0.821734  0.727432  0.702432  0.501940  0.638235  0.686580  0.733265  0.198405  0.707224  0.200490  0.762430  0.208090  0.731441  0.796245  0.592676  0.777720  0.667118  0.855395  0.794542  0.455253  0.698528  0.748332  0.805651  0.709750  0.657803  0.203026  0.667823  0.825724  0.625633  0.803061  0.534490  0.660689  0.567443  0.728444  0.735945  0.746718  0.708253  0.762996  0.455703  0.735956  0.735665  0.692353  0.561234  0.781187  0.686174  0.792721  0.777984  0.796976  0.682883  0.789940  0.634288  0.208142  0.657011 
2  0.738094  0.725068 0.0  0.673132  0.291279  0.615200  0.581812  0.643901  0.616502  0.616631  0.309824  0.641516  0.652730  0.597561  0.635428  0.660606  0.617630  0.557216  0.651631  0.767198  0.297655  0.669536  0.280827  0.602705  0.624162  0.667028  0.905889  0.657843  0.649970  0.622406  0.672851  0.597395  0.635249  0.562110  0.630143  0.538707  0.588846  0.568075  0.601422  0.599715  0.672226  0.629023  0.723589  0.629201  0.723765  0.597252  0.292920  0.637226  0.580047  0.624288  0.281216  0.667469  0.676649  0.819342  0.687109  0.638662  0.307040  0.610825  0.691625  0.553286  0.602145  0.702908  0.628167  0.560969  0.720864  0.560001  0.673047  0.644655  0.077979  0.585996  0.572150  0.688032  0.605714  0.631661  0.491923  0.592580  0.650628  0.569667  0.569031  0.566538  0.631986  0.709998  0.617286  0.604926  0.615607  0.615453  0.659225  0.642210  0.637608 
3  0.213855  0.729646  0.673132 0.0  0.662083  0.724177  0.667569  0.212399  0.782848  0.782149  0.593320  0.858259  0.719242  0.657865  0.413200  0.806680  0.742919  0.783872  0.390798  0.268598  0.658986  0.736310  0.671837  0.397282  0.779190  0.736648  0.954398  0.730609  0.776870  0.835760  0.433221  0.387681  0.656056  0.718866  0.656108  0.724423  0.762969  0.718476  0.381072  0.649811  0.650503  0.639791  0.677872  0.665616  0.201846  0.680496  0.605650  0.771771  0.077979  0.781593  0.558139  0.183036  0.198381  0.851630  0.820393  0.596611  0.674848  0.783270  0.193799  0.213769  0.419196  0.641669  0.713654  0.702172  0.799664  0.822396  0.569497  0.220132  0.619156  0.660990  0.746577  0.681471  0.686218  0.744950  0.435252  0.756200  0.806271  0.601944  0.661983  0.715583  0.612330  0.611295  0.751570  0.741230  0.772527  0.665392  0.694846  0.735252  0.704786 
4  0.683365  0.612536  0.291279  0.662083 0.0  0.672540  0.636473  0.605919  0.639666  0.639183  0.077979  0.555730  0.781160  0.701829  0.587800  0.662753  0.739830  0.635878  0.584111  0.742058  0.280955  0.608370  0.077979  0.581460  0.569755  0.605619  0.687771  0.689946  0.716444  0.592805  0.534676  0.714793  0.682204  0.582671  0.628723  0.669307  0.585315  0.674390  0.653688  0.670361  0.541628  0.754570  0.645380  0.613726  0.553123  0.667504  0.276633  0.611748  0.553027  0.640149  0.315459  0.695038  0.621804  0.721586  0.582260  0.679585  0.077979  0.688705  0.666420  0.606616  0.637091  0.630031  0.703889  0.662378  0.635118  0.589845  0.629961  0.551486  0.287780  0.658278  0.683758  0.652065  0.657736  0.684322  0.449494  0.631394  0.609278  0.676396  0.639661  0.690116  0.650936  0.680970  0.598459  0.681009  0.774290  0.732903  0.698269  0.740715  0.624454 
5  0.782574  0.768739  0.615200  0.724177  0.672540 0.0  0.698036  0.862994  0.724193  0.498136  0.585430  0.438080  0.669194  0.459885  0.807909  0.077979  0.814098  0.290190  0.590932  0.593452  0.554853  0.369100  0.606285  0.804735  0.547698  0.519304  0.802576  0.164415  0.453931  0.844490  0.746617  0.814288  0.598270  0.511445  0.167595  0.278195  0.561224  0.503276  0.903076  0.724197  0.653297  0.668460  0.437970  0.645431  0.847352  0.783929  0.689898  0.676748  0.671634  0.274539  0.571528  0.761719  0.714868  0.839053  0.449012  0.716599  0.642015  0.351829  0.714769  0.717339  0.744167  0.683852  0.274073  0.479270  0.459156  0.437075  0.595836  0.794626  0.551336  0.661573  0.485746  0.541083  0.425994  0.459968  0.462168  0.514608  0.421273  0.315042  0.528216  0.289607  0.148237  0.456198  0.455717  0.602588  0.482962  0.169265  0.463351  0.691445  0.530087 
6  0.630225  0.670332  0.581812  0.667569  0.636473  0.698036 0.0  0.660235  0.610236  0.624442  0.603218  0.541527  0.674131  0.641117  0.573772  0.682829  0.823616  0.643275  0.591039  0.566024  0.505144  0.621919  0.600671  0.660531  0.695115  0.518831  0.785407  0.708947  0.522318  0.726984  0.516435  0.740080  0.621839  0.579316  0.707248  0.626406  0.551134  0.639684  0.629424  0.569101  0.651858  0.609512  0.611835  0.694717  0.692749  0.597307  0.587416  0.648851  0.686405  0.674414  0.741852  0.660136  0.555063  0.882661  0.562499  0.652716  0.677022  0.596208  0.584407  0.595206  0.574426  0.562624  0.707809  0.628811  0.669437  0.604488  0.322125  0.585974  0.524232  0.260876  0.562451  0.675484  0.569999  0.561648  0.506107  0.556624  0.593010  0.636927  0.634609  0.612479  0.604431  0.659753  0.724042  0.583892  0.593348  0.716357  0.628138  0.672277  0.623165 
7  0.216096  0.760965  0.643901  0.212399  0.605919  0.862994  0.660235 0.0  0.846996  0.654121  0.677198  0.803599  0.664709  0.694016  0.401406  0.797818  0.969762  0.680224  0.383155  0.305482  0.657046  0.711012  0.617569  0.514901  0.774774  0.593918  0.731627  0.810586  0.703050  0.618888  0.421914  0.475145  0.704720  0.741474  0.799094  0.749797  0.788853  0.746702  0.486195  0.576508  0.649643  0.704801  0.919805  0.663034  0.077979  0.756589  0.594191  0.758379  0.215931  0.928650  0.689368  0.194417  0.077979  0.792146  0.888095  0.708157  0.578948  0.802792  0.224671  0.232512  0.392490  0.859761  0.846011  0.932792  0.866657  0.728756  0.653371  0.161718  0.524740  0.537301  0.775165  0.700862  0.805452  0.846818  0.502386  0.730338  0.637807  0.584662  0.755590  0.678005  0.821699  0.611486  0.609562  0.684587  0.731222  0.894696  0.794312  0.801146  0.887283 
8  0.788021  0.077979  0.616502  0.782848  0.639666  0.724193  0.610236  0.846996 0.0  0.775143  0.615355  0.765159  0.276103  0.804914  0.699274  0.780403  0.788546  0.688417  0.824730  0.561855  0.714090  0.639546  0.586547  0.757611  0.701182  0.705128  0.832494  0.704436  0.709883  0.194225  0.705272  0.705592  0.613234  0.742859  0.784210  0.676320  0.806933  0.769411  0.844131  0.720804  0.691901  0.601946  0.760435  0.225046  0.785591  0.212230  0.568097  0.200787  0.659172  0.654516  0.612756  0.635568  0.800844  0.786742  0.820215  0.428758  0.624048  0.639734  0.699309  0.743407  0.709321  0.213672  0.799250  0.775138  0.724783  0.742521  0.690529  0.760078  0.585431  0.765370  0.819623  0.684726  0.664979  0.559600  0.453070  0.745046  0.817208  0.764686  0.780305  0.622326  0.713914  0.721601  0.667869  0.794208  0.816852  0.647430  0.627149  0.206328  0.724778 
9  0.697676  0.621514  0.616631  0.782149  0.639183  0.498136  0.624442  0.654121  0.775143 0.0  0.682587  0.155422  0.737089  0.282554  0.747455  0.496716  0.809827  0.533732  0.749996  0.750710  0.603960  0.288674  0.651474  0.813678  0.251218  0.256683  0.872693  0.386210  0.149887  0.660095  0.695057  0.702964  0.531190  0.167246  0.370426  0.543858  0.294017  0.157007  0.731484  0.597186  0.574586  0.586511  0.077979  0.790186  0.766284  0.764861  0.496619  0.581004  0.711936  0.493940  0.510876  0.597272  0.828757  0.825120  0.290820  0.804827  0.672617  0.530817  0.641328  0.609308  0.755008  0.800775  0.473437  0.244573  0.077979  0.281330  0.615583  0.775944  0.631195  0.617865  0.151776  0.152257  0.167512  0.305600  0.409052  0.153595  0.164003  0.077979  0.290299  0.489569  0.474124  0.166299  0.155202  0.315474  0.182244  0.400235  0.256414  0.774780  0.304434 
10  0.653290  0.561626  0.309824  0.593320  0.077979  0.585430  0.603218  0.677198  0.615355  0.682587 0.0  0.605551  0.622445  0.706719  0.726648  0.578313  0.762738  0.586570  0.565595  0.587625  0.361067  0.686129  0.077979  0.641949  0.673561  0.607519  0.733021  0.609896  0.599070  0.631793  0.632311  0.591852  0.691340  0.593334  0.641129  0.633361  0.655310  0.567294  0.655704  0.699477  0.575385  0.570521  0.617199  0.602014  0.629549  0.670016  0.330466  0.709349  0.630272  0.610085  0.280184  0.610541  0.595393  0.839137  0.571300  0.660365  0.077979  0.639218  0.514183  0.613228  0.640926  0.750118  0.606240  0.697845  0.634261  0.693809  0.526315  0.590023  0.346860  0.663003  0.669729  0.599683  0.615395  0.614976  0.393577  0.637666  0.756960  0.698003  0.620950  0.687602  0.631493  0.651036  0.599962  0.685967  0.649419  0.577862  0.645981  0.689538  0.671333 
11  0.676892  0.710870  0.641516  0.858259  0.555730  0.438080  0.541527  0.803599  0.765159  0.155422  0.605551 0.0  0.792252  0.321037  0.710209  0.471973  0.745407  0.462507  0.725445  0.702876  0.659862  0.287023  0.646072  0.713344  0.258345  0.347876  0.909116  0.476635  0.077979  0.699346  0.782004  0.785916  0.642441  0.163339  0.484000  0.538446  0.260915  0.162123  0.932527  0.650454  0.564352  0.731876  0.150015  0.790452  0.702576  0.602947  0.592883  0.690191  0.761624  0.534608  0.689369  0.758898  0.860465  0.614891  0.310318  0.777344  0.597956  0.522750  0.660730  0.832757  0.701973  0.664350  0.523324  0.291144  0.170147  0.291821  0.581972  0.804634  0.654437  0.614357  0.077979  0.077979  0.077979  0.364150  0.454300  0.077979  0.077979  0.077979  0.345298  0.466975  0.434166  0.077979  0.077979  0.286753  0.124454  0.477208  0.310091  0.664113  0.293133 
12  0.644400  0.241154  0.652730  0.719242  0.781160  0.669194  0.674131  0.664709  0.276103  0.737089  0.622445  0.792252 0.0  0.764304  0.758581  0.675477  0.837109  0.846565  0.747105  0.613663  0.708350  0.768475  0.577928  0.734241  0.759092  0.735080  0.725142  0.736253  0.607013  0.405931  0.817306  0.732546  0.751698  0.738711  0.630022  0.617581  0.689324  0.703301  0.771047  0.678196  0.703300  0.656358  0.836123  0.433751  0.781967  0.406996  0.635689  0.443611  0.743035  0.712034  0.579236  0.737893  0.653407  0.923086  0.665473  0.208644  0.680333  0.660496  0.635004  0.779041  0.766883  0.382973  0.729824  0.772535  0.813380  0.661571  0.683571  0.798060  0.530479  0.572205  0.756164  0.729087  0.721602  0.741623  0.450535  0.666481  0.616881  0.719639  0.633608  0.771181  0.617967  0.650942  0.670679  0.694174  0.645133  0.692508  0.768712  0.438396  0.744626 
13  0.615614  0.758956  0.597561  0.657865  0.701829  0.459885  0.641117  0.694016  0.804914  0.282554  0.706719  0.321037  0.764304 0.0  0.737719  0.583424  0.742179  0.458566  0.718573  0.555096  0.552984  0.077979  0.557875  0.784633  0.165895  0.299271  0.821503  0.480193  0.284790  0.638512  0.640188  0.735707  0.653181  0.324945  0.498832  0.447421  0.164864  0.300871  0.911964  0.581416  0.669331  0.729438  0.303412  0.605645  0.619170  0.808330  0.697848  0.761474  0.820759  0.506148  0.554657  0.855095  0.778875  0.969431  0.143689  0.774289  0.670549  0.482946  0.832975  0.727828  0.704252  0.693937  0.554834  0.167851  0.266893  0.146883  0.572492  0.954110  0.692706  0.554290  0.280656  0.311059  0.266613  0.282251  0.501407  0.298228  0.307335  0.077979  0.281919  0.489340  0.414368  0.279959  0.265787  0.160371  0.295670  0.483045  0.152600  0.750075  0.159758 
14  0.402165  0.740236  0.635428  0.413200  0.587800  0.807909  0.573772  0.401406  0.699274  0.747455  0.726648  0.710209  0.758581  0.737719 0.0  0.630793  0.820737  0.671880  0.200909  0.312606  0.700822  0.648843  0.724925  0.213646  0.781999  0.748681  0.724672  0.720898  0.743462  0.727084  0.419792  0.222851  0.635909  0.713575  0.767880  0.664679  0.717571  0.532838  0.224932  0.735455  0.541480  0.621727  0.599526  0.677291  0.451342  0.746344  0.607561  0.672693  0.399305  0.660514  0.696373  0.399641  0.403699  0.794301  0.783789  0.848073  0.575296  0.721622  0.399318  0.410185  0.077979  0.695426  0.726664  0.754497  0.738729  0.765989  0.598233  0.397051  0.611089  0.600902  0.730578  0.744788  0.744831  0.736293  0.507518  0.720641  0.781964  0.690849  0.763031  0.807581  0.765545  0.635214  0.735853  0.664446  0.725607  0.687629  0.726962  0.622611  0.697331 
15  0.677202  0.661005  0.660606  0.806680  0.662753  0.077979  0.682829  0.797818  0.780403  0.496716  0.578313  0.471973  0.675477  0.583424  0.630793 0.0  0.764238  0.271016  0.738447  0.538278  0.616778  0.454859  0.562248  0.738937  0.411520  0.478314  0.794295  0.166912  0.485961  0.737453  0.639082  0.791152  0.617915  0.432282  0.173865  0.318940  0.518723  0.545174  0.722069  0.597824  0.587323  0.726548  0.486445  0.662897  0.707381  0.709923  0.687881  0.796068  0.738579  0.270481  0.738463  0.807488  0.790582  0.812424  0.450067  0.613325  0.694500  0.265019  0.855134  0.685335  0.722790  0.675658  0.307245  0.519919  0.581150  0.461543  0.705119  0.800532  0.616936  0.603734  0.519022  0.468748  0.505327  0.490389  0.455683  0.479331  0.531005  0.282629  0.498147  0.269026  0.158698  0.533154  0.494957  0.517652  0.507754  0.153219  0.486484  0.820644  0.532452 
16  0.812975  0.751379  0.617630  0.742919  0.739830  0.814098  0.823616  0.969762  0.788546  0.809827  0.762738  0.745407  0.837109  0.742179  0.820737  0.764238 0.0  0.909168  0.864648  0.794660  0.831086  0.817957  0.927196  0.884986  0.795276  0.887693  0.077979  0.783079  0.784389  0.716919  0.867725  0.795785  0.794322  0.748511  0.808666  0.823262  0.741746  0.890059  0.761086  0.679676  0.755604  0.687457  0.876643  0.668751  0.876022  0.858497  0.820421  0.768327  0.740592  0.858129  0.817843  0.876778  0.794329  0.077979  0.826589  0.916780  0.820216  0.658420  0.879963  0.846815  0.867030  0.782712  0.760295  0.805528  0.791248  0.844563  0.887877  0.643436  0.736159  0.898513  0.829330  0.831539  0.820688  0.834038  0.907685  0.832962  0.807409  0.689486  0.757356  0.783018  0.815405  0.851170  0.797852  0.744541  0.854671  0.887581  0.871867  0.745035  0.687025 
17  0.781081  0.743734  0.557216  0.783872  0.635878  0.290190  0.643275  0.680224  0.688417  0.533732  0.586570  0.462507  0.846565  0.458566  0.671880  0.271016  0.909168 0.0  0.639792  0.734589  0.642579  0.415703  0.605161  0.789987  0.498206  0.405060  0.808366  0.267322  0.537469  0.857955  0.761056  0.801389  0.607138  0.412664  0.335616  0.151623  0.503639  0.406495  0.932281  0.705602  0.580395  0.604737  0.452716  0.831083  0.778576  0.768204  0.632163  0.661840  0.703986  0.160550  0.581143  0.662619  0.785309  0.875052  0.391764  0.841225  0.526278  0.145991  0.697947  0.640625  0.774031  0.817278  0.155661  0.463809  0.497876  0.511078  0.682385  0.842817  0.596401  0.605602  0.497578  0.453432  0.475231  0.465605  0.513006  0.459057  0.514472  0.272434  0.490002  0.153282  0.294692  0.439506  0.516305  0.436100  0.492832  0.291404  0.544751  0.808965  0.458240 
18  0.432969  0.644707  0.651631  0.390798  0.584111  0.590932  0.591039  0.383155  0.824730  0.749996  0.565595  0.725445  0.747105  0.718573  0.200909  0.738447  0.864648  0.639792 0.0  0.304285  0.570500  0.657453  0.675901  0.077979  0.738012  0.812903  0.835711  0.630231  0.751225  0.818787  0.476339  0.077979  0.623540  0.683635  0.773506  0.747831  0.713226  0.618532  0.077979  0.643579  0.595113  0.603670  0.668619  0.781780  0.472838  0.634356  0.601381  0.761657  0.402379  0.713616  0.704742  0.411852  0.406707  0.858107  0.621667  0.824203  0.719495  0.739419  0.432932  0.435490  0.182243  0.696359  0.808371  0.632078  0.675235  0.866387  0.568112  0.393650  0.662557  0.688218  0.846095  0.766226  0.680566  0.689818  0.433311  0.716230  0.752758  0.594980  0.763453  0.709490  0.611125  0.727708  0.607971  0.729891  0.737524  0.703002  0.710062  0.716011  0.800201 
19  0.318128  0.612673  0.767198  0.268598  0.742058  0.593452  0.566024  0.305482  0.561855  0.750710  0.587625  0.702876  0.613663  0.555096  0.312606  0.538278  0.794660  0.734589  0.304285 0.0  0.599206  0.629544  0.618927  0.315526  0.649395  0.620610  0.859364  0.624951  0.734671  0.593419  0.284165  0.328708  0.669807  0.620060  0.652852  0.686480  0.719792  0.560370  0.278256  0.733023  0.656849  0.655321  0.624033  0.721768  0.298698  0.672582  0.617504  0.652621  0.323350  0.630335  0.653439  0.337444  0.286836  0.880352  0.668914  0.677277  0.647679  0.704009  0.271260  0.277162  0.321642  0.640945  0.604629  0.570721  0.664632  0.636680  0.539818  0.298811  0.576668  0.551356  0.701872  0.598996  0.550441  0.652100  0.500186  0.666138  0.670831  0.542781  0.604884  0.595587  0.614416  0.691347  0.686206  0.751548  0.654402  0.657105  0.592296  0.620400  0.593441 
20  0.652401  0.730719  0.297655  0.658986  0.280955  0.554853  0.505144  0.657046  0.714090  0.603960  0.361067  0.659862  0.708350  0.552984  0.700822  0.616778  0.831086  0.642579  0.570500  0.599206 0.0  0.704039  0.318732  0.535607  0.656180  0.595910  0.812650  0.557367  0.662648  0.641821  0.677823  0.625912  0.627635  0.627312  0.618259  0.662032  0.673774  0.621303  0.679440  0.641391  0.712776  0.689348  0.673203  0.577287  0.585185  0.647282  0.306613  0.619212  0.662544  0.540415  0.310786  0.607522  0.678565  0.763474  0.582463  0.669956  0.328907  0.629822  0.596395  0.689899  0.597738  0.687776  0.672783  0.631404  0.631759  0.621223  0.591446  0.674156  0.255145  0.548070  0.623623  0.574230  0.609806  0.598271  0.448754  0.674789  0.709884  0.644237  0.642317  0.546115  0.537150  0.711727  0.625115  0.642105  0.634825  0.653507  0.577481  0.652772  0.718041 
21  0.711893  0.758804  0.669536  0.736310  0.608370  0.369100  0.621919  0.711012  0.639546  0.288674  0.686129  0.287023  0.768475  0.077979  0.648843  0.454859  0.817957  0.415703  0.657453  0.629544  0.704039 0.0  0.618105  0.691705  0.166841  0.273880  0.840167  0.524957  0.281067  0.750211  0.734217  0.827037  0.593645  0.262839  0.499348  0.497995  0.169904  0.290089  0.677729  0.630190  0.564240  0.658922  0.262345  0.749585  0.704039  0.830822  0.671480  0.680929  0.697561  0.421596  0.600983  0.677448  0.880722  0.840978  0.172485  0.728910  0.671286  0.511109  0.790552  0.709795  0.785555  0.796629  0.475945  0.163373  0.307589  0.163505  0.633439  0.881100  0.602145  0.632654  0.261592  0.306025  0.275260  0.310910  0.526714  0.330891  0.249188  0.077979  0.253228  0.463993  0.540089  0.293622  0.243065  0.157658  0.309782  0.499561  0.157048  0.825763  0.149401 
22  0.649052  0.582553  0.280827  0.671837  0.077979  0.606285  0.600671  0.617569  0.586547  0.651474  0.077979  0.646072  0.577928  0.557875  0.724925  0.562248  0.927196  0.605161  0.675901  0.618927  0.318732  0.618105 0.0  0.639856  0.633993  0.686925  0.838153  0.651094  0.715232  0.630963  0.649603  0.558048  0.638183  0.650428  0.657339  0.601086  0.688918  0.641624  0.658272  0.628425  0.681082  0.597402  0.622656  0.678788  0.576062  0.588609  0.302212  0.547446  0.752719  0.674371  0.230723  0.669472  0.681673  0.777574  0.654769  0.601114  0.077979  0.574608  0.575821  0.554450  0.581576  0.622556  0.604968  0.568555  0.663750  0.532048  0.538900  0.635417  0.295218  0.701152  0.610916  0.704108  0.628463  0.627759  0.470407  0.662433  0.670179  0.574500  0.609403  0.651933  0.666149  0.638945  0.600632  0.709674  0.598589  0.700879  0.573564  0.563958  0.694095 
23  0.405412  0.704264  0.602705  0.397282  0.581460  0.804735  0.660531  0.514901  0.757611  0.813678  0.641949  0.713344  0.734241  0.784633  0.213646  0.738937  0.884986  0.789987  0.077979  0.315526  0.535607  0.691705  0.639856 0.0  0.909473  0.793162  0.964557  0.812791  0.694950  0.644753  0.383464  0.132539  0.637423  0.793743  0.877077  0.857999  0.798031  0.734707  0.129193  0.689146  0.630486  0.682427  0.853930  0.552146  0.482665  0.663944  0.699338  0.750209  0.458115  0.778965  0.625123  0.389472  0.503718  0.827701  0.737235  0.834218  0.680065  0.768845  0.439863  0.392643  0.235990  0.789776  0.760284  0.862656  0.847791  0.607323  0.675564  0.529653  0.556237  0.712095  0.846801  0.780201  0.810496  0.686774  0.409860  0.725974  0.723490  0.668560  0.896496  0.749269  0.700126  0.864716  0.700368  0.822442  0.829901  0.627575  0.774330  0.704546  0.791986 
24  0.678716  0.684286  0.624162  0.779190  0.569755  0.547698  0.695115  0.774774  0.701182  0.251218  0.673561  0.258345  0.759092  0.165895  0.781999  0.411520  0.795276  0.498206  0.738012  0.649395  0.656180  0.166841  0.633993  0.909473 0.0  0.273926  0.736479  0.529907  0.266566  0.641052  0.693024  0.814531  0.653495  0.288947  0.491180  0.408586  0.077979  0.263166  0.875962  0.564699  0.549727  0.649172  0.259068  0.673515  0.747333  0.848881  0.721873  0.693998  0.778243  0.504762  0.673143  0.773183  0.740996  0.782388  0.077979  0.786562  0.631766  0.513100  0.751860  0.760082  0.698739  0.681831  0.487113  0.077979  0.271531  0.077979  0.687020  0.776985  0.533454  0.681933  0.305554  0.329438  0.275232  0.310857  0.456507  0.291851  0.308800  0.077979  0.274007  0.487238  0.457022  0.259381  0.279430  0.077979  0.321495  0.528704  0.077979  0.809568  0.077979 
25  0.697149  0.701267  0.667028  0.736648  0.605619  0.519304  0.518831  0.593918  0.705128  0.256683  0.607519  0.347876  0.735080  0.299271  0.748681  0.478314  0.887693  0.405060  0.812903  0.620610  0.595910  0.273880  0.686925  0.793162  0.273926 0.0  0.942590  0.511984  0.256733  0.678411  0.657969  0.678776  0.603360  0.258109  0.606072  0.497976  0.301447  0.249416  0.839391  0.746553  0.636231  0.637900  0.291757  0.800251  0.747530  0.914070  0.642865  0.689390  0.700403  0.521142  0.622850  0.670178  0.793927  0.842331  0.313404  0.809589  0.562948  0.451983  0.605479  0.813308  0.860597  0.758701  0.433935  0.317377  0.279471  0.315514  0.578973  0.815956  0.637627  0.604200  0.297337  0.341841  0.253998  0.136225  0.503200  0.311887  0.297332  0.077979  0.077979  0.541655  0.512372  0.273421  0.252401  0.293192  0.368227  0.431658  0.278432  0.741145  0.313291 
26  0.743785  0.882570  0.905889  0.954398  0.687771  0.802576  0.785407  0.731627  0.832494  0.872693  0.733021  0.909116  0.725142  0.821503  0.724672  0.794295  0.077979  0.808366  0.835711  0.859364  0.812650  0.840167  0.838153  0.964557  0.736479  0.942590 0.0  0.918066  0.896483  0.857532  0.904963  0.718784  0.801696  0.822886  0.836744  0.849541  0.880481  0.785236  0.804897  0.845018  0.842733  0.823604  0.744020  0.758343  0.993807  0.929664  0.802182  0.899573  0.687240  0.835531  0.844469  0.973262  0.953055  0.077979  0.713669  0.869840  0.864204  0.731183  0.936980  0.844720  0.729810  0.755316  0.804180  0.845683  0.758725  0.768121  0.717761  0.741808  0.875617  0.787980  0.786911  0.833720  0.825680  0.815064  1.000000  0.848022  0.802536  0.894702  0.928660  0.685351  0.815096  0.772553  0.710456  0.851999  0.870191  0.747111  0.766477  0.885422  0.807501 
27  0.737431  0.655948  0.657843  0.730609  0.689946  0.164415  0.708947  0.810586  0.704436  0.386210  0.609896  0.476635  0.736253  0.480193  0.720898  0.166912  0.783079  0.267322  0.630231  0.624951  0.557367  0.524957  0.651094  0.812791  0.529907  0.511984  0.918066 0.0  0.504945  0.677263  0.733157  0.751906  0.727506  0.414957  0.077979  0.294446  0.497167  0.529362  0.829150  0.635446  0.645046  0.550897  0.430568  0.703210  0.746580  0.670929  0.613841  0.754607  0.804152  0.295259  0.649774  0.723347  0.854029  0.807133  0.474878  0.582747  0.663901  0.279414  0.820388  0.738610  0.777376  0.763226  0.261622  0.494750  0.417425  0.580690  0.577319  0.746850  0.697513  0.708458  0.483437  0.538850  0.516195  0.473079  0.499454  0.518765  0.520971  0.295234  0.520195  0.263735  0.077979  0.464970  0.449946  0.510127  0.473586  0.077979  0.427737  0.735916  0.487652 
28  0.768365  0.892724  0.649970  0.776870  0.716444  0.453931  0.522318  0.703050  0.709883  0.149887  0.599070  0.077979  0.607013  0.284790  0.743462  0.485961  0.784389  0.537469  0.751225  0.734671  0.662648  0.281067  0.715232  0.694950  0.266566  0.256733  0.896483  0.504945 0.0  0.702196  0.711115  0.799593  0.548635  0.172230  0.459867  0.398124  0.296753  0.167703  0.784205  0.520507  0.624155  0.628559  0.151933  0.748683  0.696907  0.706359  0.492382  0.793992  0.665555  0.478252  0.634841  0.572799  0.668851  0.705101  0.322998  0.883578  0.607545  0.515097  0.665832  0.852117  0.699599  0.701317  0.520936  0.278340  0.150533  0.301411  0.615511  0.797155  0.628817  0.572717  0.077979  0.077979  0.077979  0.273647  0.543225  0.077979  0.077979  0.077979  0.251402  0.471065  0.468251  0.077979  0.077979  0.287780  0.077979  0.464467  0.301237  0.899171  0.315751 
29  0.719415  0.221490  0.622406  0.835760  0.592805  0.844490  0.726984  0.618888  0.194225  0.660095  0.631793  0.699346  0.405931  0.638512  0.727084  0.737453  0.716919  0.857955  0.818787  0.593419  0.641821  0.750211  0.630963  0.644753  0.641052  0.678411  0.857532  0.677263  0.702196 0.0  0.708007  0.736839  0.656115  0.625747  0.739641  0.834491  0.757527  0.680823  0.667811  0.609554  0.621005  0.609102  0.721936  0.077979  0.824101  0.077979  0.659250  0.077979  0.744436  0.724940  0.676628  0.872326  0.687629  0.808602  0.706309  0.367551  0.675891  0.701970  0.727925  0.758264  0.812028  0.077979  0.717107  0.828546  0.796678  0.632484  0.636453  0.893628  0.735181  0.622877  0.714689  0.760846  0.713614  0.763455  0.436251  0.757699  0.708853  0.635328  0.738179  0.709591  0.686252  0.779036  0.723023  0.819885  0.727752  0.640286  0.801199  0.211446  0.678557 
30  0.453465  0.773900  0.672851  0.433221  0.534676  0.746617  0.516435  0.421914  0.705272  0.695057  0.632311  0.782004  0.817306  0.640188  0.419792  0.639082  0.867725  0.761056  0.476339  0.284165  0.677823  0.734217  0.649603  0.383464  0.693024  0.657969  0.904963  0.733157  0.711115  0.708007 0.0  0.410394  0.673088  0.726020  0.729649  0.734948  0.624367  0.791679  0.389990  0.700241  0.673827  0.629023  0.763784  0.672425  0.387668  0.672423  0.666630  0.733464  0.414048  0.681998  0.667120  0.380585  0.420155  0.847500  0.770403  0.612982  0.628497  0.685401  0.381744  0.402067  0.435536  0.677318  0.791219  0.717713  0.683304  0.735506  0.743930  0.505449  0.718881  0.684921  0.642236  0.686271  0.670437  0.729480  0.423553  0.591949  0.707187  0.591945  0.653295  0.773305  0.881291  0.820122  0.703015  0.662481  0.692932  0.825606  0.757710  0.658993  0.599900 
31  0.408102  0.702459  0.597395  0.387681  0.714793  0.814288  0.740080  0.475145  0.705592  0.702964  0.591852  0.785916  0.732546  0.735707  0.222851  0.791152  0.795785  0.801389  0.077979  0.328708  0.625912  0.827037  0.558048  0.132539  0.814531  0.678776  0.718784  0.751906  0.799593  0.736839  0.410394 0.0  0.568309  0.676588  0.707581  0.800127  0.808439  0.786456  0.077979  0.716388  0.570139  0.687555  0.631152  0.741699  0.461928  0.728644  0.642375  0.746762  0.484110  0.907646  0.553494  0.401936  0.504338  0.862201  0.782326  0.760436  0.658415  0.759649  0.387478  0.425990  0.187439  0.735168  0.646870  0.746271  0.668889  0.830934  0.659180  0.510262  0.674029  0.688565  0.713539  0.852218  0.801411  0.815748  0.520581  0.776779  0.804189  0.642242  0.819189  0.865667  0.851654  0.933518  0.723797  0.728285  0.888823  0.783884  0.687155  0.763295  0.913140 
32  0.635116  0.703656  0.635249  0.656056  0.682204  0.598270  0.621839  0.704720  0.613234  0.531190  0.691340  0.642441  0.751698  0.653181  0.635909  0.617915  0.794322  0.607138  0.623540  0.669807  0.627635  0.593645  0.638183  0.637423  0.653495  0.603360  0.801696  0.727506  0.548635  0.656115  0.673088  0.568309 0.0  0.589851  0.584249  0.797437  0.686311  0.613612  0.627788  0.295601  0.302685  0.077979  0.630061  0.698536  0.705597  0.538721  0.674951  0.706265  0.589917  0.633113  0.650351  0.699105  0.560638  0.766252  0.616416  0.632014  0.578524  0.631377  0.573277  0.596525  0.605957  0.620364  0.581092  0.556046  0.655907  0.685863  0.721156  0.626680  0.642333  0.603337  0.543673  0.710731  0.644150  0.566727  0.452602  0.587725  0.558354  0.680533  0.601894  0.642513  0.673531  0.592894  0.736930  0.639603  0.558078  0.618708  0.632419  0.667164  0.577864 
33  0.777394  0.745776  0.562110  0.718866  0.582671  0.511445  0.579316  0.741474  0.742859  0.167246  0.593334  0.163339  0.738711  0.324945  0.713575  0.432282  0.748511  0.412664  0.683635  0.620060  0.627312  0.262839  0.650428  0.793743  0.288947  0.258109  0.822886  0.414957  0.172230  0.625747  0.726020  0.676588  0.589851 0.0  0.438616  0.483912  0.292489  0.077979  0.721525  0.682418  0.679768  0.646863  0.159562  0.727060  0.643149  0.870144  0.512946  0.742257  0.626856  0.490321  0.631576  0.907105  0.790332  0.692819  0.266837  0.697737  0.620795  0.371893  0.696883  0.711611  0.764320  0.692761  0.431183  0.306822  0.154657  0.296887  0.593590  0.865031  0.612245  0.713979  0.151052  0.149582  0.161181  0.284444  0.421376  0.164461  0.166949  0.077979  0.305192  0.421576  0.518569  0.152739  0.157493  0.304149  0.160940  0.511945  0.298746  0.640828  0.284155 
34  0.734602  0.748114  0.630143  0.656108  0.628723  0.167595  0.707248  0.799094  0.784210  0.370426  0.641129  0.484000  0.630022  0.498832  0.767880  0.173865  0.808666  0.335616  0.773506  0.652852  0.618259  0.499348  0.657339  0.877077  0.491180  0.606072  0.836744  0.077979  0.459867  0.739641  0.729649  0.707581  0.584249  0.438616 0.0  0.279126  0.473168  0.466253  0.875079  0.665926  0.700759  0.673817  0.383286  0.658568  0.779885  0.669149  0.580668  0.899280  0.755912  0.294097  0.626099  0.827884  0.904432  0.875729  0.430886  0.689443  0.721473  0.302017  0.716303  0.768951  0.690959  0.720959  0.269493  0.519106  0.370357  0.490669  0.654356  0.721060  0.606239  0.627944  0.463959  0.576497  0.493880  0.519890  0.418802  0.414009  0.500141  0.297459  0.451932  0.281227  0.077979  0.458865  0.521451  0.517465  0.461195  0.077979  0.457702  0.694272  0.546077 
35  0.710465  0.681252  0.538707  0.724423  0.669307  0.278195  0.626406  0.749797  0.676320  0.543858  0.633361  0.538446  0.617581  0.447421  0.664679  0.318940  0.823262  0.151623  0.747831  0.686480  0.662032  0.497995  0.601086  0.857999  0.408586  0.497976  0.849541  0.294446  0.398124  0.834491  0.734948  0.800127  0.797437  0.483912  0.279126 0.0  0.386235  0.475784  0.908968  0.585150  0.644397  0.625834  0.463548  0.536622  0.694017  0.748278  0.595234  0.614596  0.743207  0.134572  0.659679  0.745467  0.808637  0.804847  0.513399  0.782500  0.554923  0.166325  0.815059  0.739971  0.596059  0.735192  0.163903  0.489053  0.478928  0.439490  0.576446  0.864734  0.617212  0.672455  0.448330  0.561687  0.460937  0.518023  0.475118  0.516155  0.458526  0.290876  0.501109  0.161702  0.276253  0.482476  0.517112  0.456159  0.527468  0.292477  0.531238  0.728861  0.435543 
36  0.683486  0.821734  0.588846  0.762969  0.585315  0.561224  0.551134  0.788853  0.806933  0.294017  0.655310  0.260915  0.689324  0.164864  0.717571  0.518723  0.741746  0.503639  0.713226  0.719792  0.673774  0.169904  0.688918  0.798031  0.077979  0.301447  0.880481  0.497167  0.296753  0.757527  0.624367  0.808439  0.686311  0.292489  0.473168  0.386235 0.0  0.344046  0.840680  0.585620  0.595137  0.625005  0.280272  0.788927  0.875327  0.628562  0.621594  0.687473  0.653397  0.445954  0.559801  0.670793  0.717971  0.953310  0.077979  0.649468  0.704932  0.545690  0.600265  0.840637  0.672781  0.888970  0.405267  0.077979  0.308780  0.077979  0.621586  0.836222  0.617441  0.681951  0.297643  0.275178  0.287428  0.280803  0.412075  0.262488  0.268021  0.077979  0.279341  0.541953  0.520578  0.275528  0.307996  0.077979  0.264593  0.533264  0.077979  0.766807  0.077979 
37  0.644828  0.727432  0.568075  0.718476  0.674390  0.503276  0.639684  0.746702  0.769411  0.157007  0.567294  0.162123  0.703301  0.300871  0.532838  0.545174  0.890059  0.406495  0.618532  0.560370  0.621303  0.290089  0.641624  0.734707  0.263166  0.249416  0.785236  0.529362  0.167703  0.680823  0.791679  0.786456  0.613612  0.077979  0.466253  0.475784  0.344046 0.0  0.817544  0.575996  0.612468  0.505444  0.172679  0.750992  0.834154  0.744152  0.747574  0.698695  0.763207  0.445254  0.480097  0.671371  0.794345  0.877876  0.282799  0.716744  0.653380  0.516080  0.755785  0.783354  0.780038  0.788817  0.450300  0.251338  0.148783  0.279917  0.622871  0.769964  0.766047  0.678739  0.154701  0.165429  0.167382  0.296436  0.458069  0.165739  0.168629  0.077979  0.307234  0.537416  0.580591  0.154691  0.162919  0.279146  0.150816  0.445607  0.298733  0.715848  0.318487 
38  0.450868  0.702432  0.601422  0.381072  0.653688  0.903076  0.629424  0.486195  0.844131  0.731484  0.655704  0.932527  0.771047  0.911964  0.224932  0.722069  0.761086  0.932281  0.077979  0.278256  0.679440  0.677729  0.658272  0.129193  0.875962  0.839391  0.804897  0.829150  0.784205  0.667811  0.389990  0.077979  0.627788  0.721525  0.875079  0.908968  0.840680  0.817544 0.0  0.615518  0.631025  0.793603  0.844433  0.621994  0.472911  0.697003  0.700499  0.731942  0.392475  0.693404  0.649140  0.340670  0.544012  0.868882  0.828884  0.696710  0.683379  0.647256  0.430910  0.413211  0.197576  0.703114  0.762504  0.625265  0.716917  0.758299  0.660282  0.529839  0.664617  0.642498  0.728365  0.725629  0.934152  0.838387  0.502356  0.783227  0.863369  0.651025  0.859351  0.783759  0.903886  0.768404  0.693408  0.772151  0.787814  0.831405  0.949513  0.753502  0.746836 
39  0.679670  0.501940  0.599715  0.649811  0.670361  0.724197  0.569101  0.576508  0.720804  0.597186  0.699477  0.650454  0.678196  0.581416  0.735455  0.597824  0.679676  0.705602  0.643579  0.733023  0.641391  0.630190  0.628425  0.689146  0.564699  0.746553  0.845018  0.635446  0.520507  0.609554  0.700241  0.716388  0.295601  0.682418  0.665926  0.585150  0.585620  0.575996  0.615518 0.0  0.290007  0.311325  0.602821  0.677246  0.579564  0.703235  0.638203  0.682276  0.600075  0.680161  0.703223  0.672557  0.640821  0.825070  0.527139  0.613892  0.567288  0.693349  0.640020  0.609965  0.634142  0.607843  0.692778  0.629956  0.746182  0.598109  0.593978  0.634763  0.597826  0.517592  0.619837  0.695891  0.562776  0.681785  0.529037  0.711675  0.701543  0.524354  0.625374  0.641469  0.680068  0.692477  0.578235  0.619510  0.690384  0.631246  0.688695  0.635046  0.632796 
40  0.612762  0.638235  0.672226  0.650503  0.541628  0.653297  0.651858  0.649643  0.691901  0.574586  0.575385  0.564352  0.703300  0.669331  0.541480  0.587323  0.755604  0.580395  0.595113  0.656849  0.712776  0.564240  0.681082  0.630486  0.549727  0.636231  0.842733  0.645046  0.624155  0.621005  0.673827  0.570139  0.302685  0.679768  0.700759  0.644397  0.595137  0.612468  0.631025  0.290007 0.0  0.299511  0.581188  0.649379  0.666380  0.618225  0.666461  0.607995  0.661807  0.627916  0.660010  0.605969  0.579503  0.939690  0.592468  0.672394  0.732836  0.581446  0.645147  0.748133  0.701310  0.636734  0.622793  0.556222  0.758528  0.734766  0.637651  0.604844  0.639278  0.622932  0.574395  0.678556  0.649019  0.647989  0.436050  0.678169  0.571829  0.611330  0.629628  0.581071  0.671412  0.727400  0.699692  0.681602  0.591893  0.632095  0.626636  0.634488  0.658382 
41  0.616769  0.686580  0.629023  0.639791  0.754570  0.668460  0.609512  0.704801  0.601946  0.586511  0.570521  0.731876  0.656358  0.729438  0.621727  0.726548  0.687457  0.604737  0.603670  0.655321  0.689348  0.658922  0.597402  0.682427  0.649172  0.637900  0.823604  0.550897  0.628559  0.609102  0.629023  0.687555  0.077979  0.646863  0.673817  0.625834  0.625005  0.505444  0.793603  0.311325  0.299511 0.0  0.632592  0.656662  0.718659  0.630229  0.675449  0.672707  0.552814  0.687593  0.676306  0.740551  0.556402  0.955824  0.664685  0.630681  0.663793  0.665495  0.632534  0.594478  0.638519  0.682439  0.634412  0.590154  0.586729  0.671631  0.604495  0.656909  0.680274  0.683802  0.597412  0.632343  0.660450  0.630234  0.448071  0.540965  0.611029  0.581650  0.667108  0.730396  0.626539  0.660475  0.521330  0.545644  0.577539  0.606697  0.537107  0.672013  0.667979 
42  0.701245  0.733265  0.723589  0.677872  0.645380  0.437970  0.611835  0.919805  0.760435  0.077979  0.617199  0.150015  0.836123  0.303412  0.599526  0.486445  0.876643  0.452716  0.668619  0.624033  0.673203  0.262345  0.622656  0.853930  0.259068  0.291757  0.744020  0.430568  0.151933  0.721936  0.763784  0.631152  0.630061  0.159562  0.383286  0.463548  0.280272  0.172679  0.844433  0.602821  0.581188  0.632592 0.0  0.750070  0.765444  0.715410  0.643689  0.676246  0.860123  0.445975  0.539573  0.800878  0.868656  0.824845  0.263557  0.797926  0.627991  0.429057  0.715964  0.826824  0.719388  0.718580  0.428128  0.291629  0.077979  0.308207  0.592240  0.684578  0.684075  0.638058  0.161206  0.166026  0.156683  0.334155  0.520157  0.152940  0.163047  0.077979  0.296734  0.543117  0.452772  0.151320  0.160118  0.283297  0.153304  0.393867  0.320322  0.729213  0.247883 
43  0.872247  0.198405  0.629201  0.665616  0.613726  0.645431  0.694717  0.663034  0.225046  0.790186  0.602014  0.790452  0.433751  0.605645  0.677291  0.662897  0.668751  0.831083  0.781780  0.721768  0.577287  0.749585  0.678788  0.552146  0.673515  0.800251  0.758343  0.703210  0.748683  0.077979  0.672425  0.741699  0.698536  0.727060  0.658568  0.536622  0.788927  0.750992  0.621994  0.677246  0.649379  0.656662  0.750070 0.0  0.721878  0.077979  0.669070  0.077979  0.645418  0.704781  0.582598  0.768291  0.719630  0.816507  0.676207  0.418232  0.607045  0.699867  0.720703  0.768007  0.767613  0.077979  0.869605  0.788380  0.705629  0.638282  0.634676  0.675227  0.694666  0.551074  0.770859  0.669790  0.781127  0.877477  0.425011  0.712353  0.715595  0.560463  0.692843  0.683000  0.760028  0.638435  0.747716  0.729207  0.804880  0.758671  0.639892  0.200285  0.834458 
44  0.234766  0.707224  0.723765  0.201846  0.553123  0.847352  0.692749  0.077979  0.785591  0.766284  0.629549  0.702576  0.781967  0.619170  0.451342  0.707381  0.876022  0.778576  0.472838  0.298698  0.585185  0.704039  0.576062  0.482665  0.747333  0.747530  0.993807  0.746580  0.696907  0.824101  0.387668  0.461928  0.705597  0.643149  0.779885  0.694017  0.875327  0.834154  0.472911  0.579564  0.666380  0.718659  0.765444  0.721878 0.0  0.761730  0.630189  0.760269  0.217125  0.775691  0.667427  0.193491  0.077979  0.759476  0.721254  0.689100  0.683987  0.793428  0.209547  0.198427  0.418160  0.720746  0.752863  0.730421  0.608604  0.773257  0.692659  0.150969  0.653983  0.558949  0.697588  0.733695  0.652353  0.646140  0.441794  0.611629  0.606808  0.569294  0.848415  0.593767  0.707077  0.756742  0.765300  0.662908  0.616159  0.709917  0.704446  0.762633  0.765302 
