89
0 0.0  0.705110  0.620053  0.215523  0.578537  0.730666  0.583710  0.218941  0.766665  0.703483  0.573020  0.718810  0.819090  0.652553  0.376732  0.705558  0.839912  0.628949  0.467872  0.310945  0.719618  0.770680  0.759916  0.446992  0.659944  0.787261  0.804528  0.653638  0.725623  0.803487  0.415575  0.377813  0.571627  0.730341  0.779165  0.625429  0.746969  0.800981  0.395646  0.489898  0.626937  0.636736  0.876149  0.689531  0.197596  0.809091  0.654615  0.807360  0.227457  0.692325  0.637183  0.207025  0.215433  0.776106  0.667098  0.715745  0.638912  0.591613  0.221120  0.084742  0.377748  0.652632  0.705864  0.692884  0.639028  0.686457  0.577029  0.215597  0.598798  0.592650  0.687249  0.672150  0.715564  0.656759  0.457706  0.689518  0.682557  0.663384  0.557757  0.668965  0.725168  0.719304  0.741621  0.723159  0.773795  0.782560  0.723354  0.618985  0.631108 
1  0.705110 0.0  0.587361  0.687739  0.458056  0.678228  0.594952  0.711100  0.084742  0.758870  0.584673  0.646780  0.264363  0.648210  0.785706  0.695849  0.755241  0.763883  0.750142  0.516355  0.564781  0.796300  0.669558  0.644866  0.735787  0.758502  0.957104  0.730012  0.698721  0.191933  0.669338  0.657932  0.585065  0.757288  0.695896  0.630267  0.649333  0.728003  0.641983  0.567473  0.713449  0.597314  0.774785  0.212124  0.667174  0.204263  0.673050  0.214360  0.662146  0.719676  0.590593  0.803786  0.769923  0.822313  0.775839  0.440846  0.618205  0.665983  0.754175  0.791762  0.697639  0.223203  0.590434  0.695645  0.735781  0.759936  0.680957  0.697028  0.588842  0.617014  0.667857  0.698958  0.726266  0.654155  0.469546  0.789362  0.703985  0.578224  0.686646  0.692478  0.693788  0.791684  0.805340  0.782495  0.843676  0.786058  0.650667  0.197341  0.627701 
2  0.620053  0.587361 0.0  0.597709  0.306639  0.607431  0.582193  0.594898  0.668493  0.669021  0.283295  0.546497  0.671560  0.709512  0.700885  0.613681  0.777838  0.574978  0.663484  0.634441  0.255882  0.545128  0.294562  0.643293  0.607854  0.666986  0.725220  0.612479  0.753342  0.641420  0.616525  0.513141  0.659868  0.602232  0.611130  0.641451  0.575747  0.636420  0.579477  0.651108  0.673543  0.669646  0.592159  0.571759  0.595956  0.674774  0.317898  0.562010  0.597226  0.674252  0.282735  0.619053  0.609348  0.877872  0.570817  0.614466  0.273960  0.623368  0.623937  0.544235  0.580963  0.550118  0.599120  0.724340  0.616397  0.561467  0.612096  0.684705  0.084742  0.548172  0.634946  0.638466  0.643615  0.689618  0.440474  0.664729  0.645646  0.617459  0.658850  0.665846  0.647089  0.602124  0.646700  0.570344  0.610765  0.719021  0.572990  0.652733  0.614876 
3  0.215523  0.687739  0.597709 0.0  0.638510  0.652363  0.605531  0.218005  0.769897  0.818430  0.660947  0.816252  0.789998  0.693672  0.447092  0.734443  0.672488  0.789335  0.412175  0.256163  0.749555  0.717695  0.650537  0.447981  0.731934  0.671942  0.798411  0.732531  0.731491  0.690250  0.374406  0.403789  0.620354  0.662451  0.727493  0.657692  0.672383  0.758433  0.441992  0.612778  0.662980  0.658461  0.553322  0.778992  0.206539  0.635298  0.489466  0.633020  0.084742  0.689622  0.572136  0.211002  0.198722  0.935171  0.606994  0.755120  0.648362  0.707587  0.206592  0.220558  0.447714  0.614436  0.692362  0.706610  0.761501  0.658179  0.586700  0.191404  0.635089  0.581898  0.688190  0.759511  0.720327  0.682231  0.417853  0.753474  0.711130  0.736495  0.774208  0.664519  0.722671  0.762256  0.807066  0.743180  0.724434  0.684478  0.812575  0.720246  0.700321 
4  0.578537  0.458056  0.306639  0.638510 0.0  0.639463  0.619010  0.583889  0.616732  0.637823  0.084742  0.637346  0.656777  0.633219  0.723160  0.572128  0.745911  0.557045  0.585789  0.553301  0.303038  0.609615  0.084742  0.638359  0.628585  0.665056  0.805589  0.611372  0.696953  0.614374  0.595179  0.623567  0.621280  0.662377  0.573544  0.762625  0.589068  0.641775  0.599069  0.630196  0.637003  0.640374  0.683207  0.620195  0.518274  0.538841  0.316508  0.679508  0.595388  0.653813  0.274493  0.644493  0.682189  0.723190  0.632458  0.583379  0.084742  0.615002  0.692286  0.613737  0.690824  0.653942  0.561002  0.655154  0.735345  0.674082  0.637407  0.670480  0.233187  0.595335  0.642068  0.562166  0.683264  0.606902  0.470715  0.525695  0.630721  0.584060  0.552875  0.606307  0.621383  0.607762  0.581679  0.654914  0.672346  0.601169  0.679583  0.502200  0.694135 
5  0.730666  0.678228  0.607431  0.652363  0.639463 0.0  0.567037  0.833454  0.814073  0.469268  0.643938  0.512210  0.707941  0.447056  0.661785  0.084742  0.824654  0.299910  0.694051  0.554457  0.560650  0.512637  0.630153  0.572277  0.440087  0.498217  0.826495  0.162994  0.470194  0.737272  0.693133  0.813022  0.557339  0.409866  0.161917  0.297765  0.422411  0.436787  0.664627  0.609258  0.660096  0.606801  0.466169  0.636078  0.720333  0.751396  0.570628  0.766793  0.755927  0.320399  0.696567  0.598177  0.758442  0.818686  0.493099  0.734392  0.634367  0.291458  0.750783  0.673703  0.740490  0.786698  0.262540  0.461872  0.492730  0.538171  0.608311  0.774510  0.571074  0.708065  0.474513  0.449549  0.503182  0.464344  0.428017  0.521022  0.464623  0.275558  0.489071  0.308680  0.172389  0.429046  0.450094  0.516930  0.413142  0.176380  0.456039  0.633061  0.464346 
6  0.583710  0.594952  0.582193  0.605531  0.619010  0.567037 0.0  0.569456  0.644521  0.645438  0.697815  0.586862  0.592747  0.707702  0.668537  0.576769  0.827091  0.599750  0.594003  0.618574  0.554530  0.510056  0.612894  0.581377  0.595116  0.654401  0.788683  0.683653  0.683377  0.639088  0.582330  0.708240  0.607590  0.713060  0.717312  0.610764  0.431625  0.537980  0.637469  0.559567  0.543097  0.532175  0.607183  0.596190  0.612212  0.570522  0.577803  0.624286  0.609730  0.638416  0.559204  0.597444  0.633611  0.811121  0.586268  0.649498  0.561634  0.581870  0.646061  0.599891  0.634772  0.670442  0.632871  0.659579  0.647229  0.596204  0.290999  0.700720  0.569065  0.269247  0.540637  0.654128  0.617926  0.554354  0.415328  0.749214  0.550828  0.635327  0.650045  0.698097  0.672160  0.704172  0.674957  0.648268  0.670586  0.645827  0.652882  0.634162  0.644911 
7  0.218941  0.711100  0.594898  0.218005  0.583889  0.833454  0.569456 0.0  0.776486  0.799542  0.544975  0.635777  0.484500  0.644060  0.444366  0.719585  0.780613  0.783672  0.372855  0.268914  0.544546  0.778394  0.545741  0.490230  0.785221  0.740583  0.620921  0.695924  0.659403  0.678237  0.455175  0.476676  0.597954  0.839181  0.798745  0.622687  0.880020  0.772191  0.477048  0.638132  0.671223  0.571049  0.803380  0.708706  0.084742  0.716142  0.596266  0.634867  0.211284  0.749594  0.609696  0.210536  0.084742  0.738192  0.784930  0.760421  0.637069  0.764645  0.205782  0.217119  0.376523  0.665349  0.759061  0.776846  0.700017  0.806552  0.686603  0.170516  0.687849  0.623646  0.721682  0.702877  0.753433  0.713919  0.378020  0.645549  0.746746  0.700800  0.813248  0.817967  0.746425  0.574141  0.713675  0.691876  0.675399  0.819676  0.697680  0.764229  0.863764 
8  0.766665  0.084742  0.668493  0.769897  0.616732  0.814073  0.644521  0.776486 0.0  0.781965  0.583642  0.786052  0.270443  0.755819  0.675526  0.543354  0.868761  0.808599  0.735985  0.582428  0.624539  0.730298  0.553253  0.661861  0.769786  0.698923  0.686278  0.749379  0.644869  0.221673  0.718961  0.701058  0.626710  0.636200  0.791045  0.692586  0.665153  0.634696  0.842926  0.525041  0.621983  0.600768  0.758735  0.219633  0.603178  0.218652  0.620167  0.215014  0.752564  0.640848  0.672106  0.675263  0.645315  0.590681  0.727130  0.476116  0.677844  0.752330  0.749993  0.703430  0.755919  0.233253  0.697702  0.797822  0.677422  0.698642  0.655474  0.724959  0.565131  0.581147  0.707826  0.633350  0.691858  0.723953  0.508201  0.707716  0.649998  0.656847  0.687567  0.928951  0.819239  0.658514  0.697630  0.785535  0.639158  0.703637  0.670875  0.193066  0.718014 
9  0.703483  0.758870  0.669021  0.818430  0.637823  0.469268  0.645438  0.799542  0.781965 0.0  0.574611  0.157558  0.732487  0.289641  0.881216  0.458282  0.892224  0.498230  0.635596  0.751300  0.580899  0.300505  0.613633  0.841404  0.297297  0.315994  0.887400  0.368814  0.174946  0.766764  0.673342  0.660089  0.573467  0.156085  0.442170  0.446149  0.296581  0.163729  0.746112  0.735805  0.620293  0.641901  0.084742  0.701908  0.861335  0.727569  0.552354  0.760356  0.738171  0.458162  0.585750  0.791830  0.773025  0.757629  0.278433  0.590859  0.587536  0.486713  0.698705  0.737875  0.647977  0.601083  0.506094  0.268614  0.084742  0.310390  0.642317  0.713905  0.697412  0.602935  0.163669  0.173010  0.159394  0.262804  0.456996  0.158195  0.169353  0.084742  0.260704  0.501130  0.386774  0.171774  0.157992  0.274333  0.147658  0.413771  0.319181  0.621632  0.305911 
10  0.573020  0.584673  0.283295  0.660947  0.084742  0.643938  0.697815  0.544975  0.583642  0.574611 0.0  0.721143  0.631043  0.621176  0.624254  0.600327  0.779245  0.615479  0.598600  0.516389  0.298424  0.545389  0.084742  0.621270  0.607124  0.631184  0.864237  0.660527  0.711199  0.620534  0.627273  0.610661  0.532584  0.582434  0.627134  0.570089  0.666558  0.561188  0.612885  0.601041  0.652785  0.539109  0.625982  0.675061  0.680274  0.779762  0.281749  0.577893  0.664523  0.640085  0.337495  0.549699  0.672067  0.707825  0.657884  0.668962  0.084742  0.628420  0.552602  0.668812  0.580534  0.624134  0.652449  0.673989  0.678041  0.590023  0.645398  0.571074  0.305862  0.660530  0.582979  0.674269  0.627508  0.658486  0.460222  0.541005  0.710963  0.650039  0.660189  0.623624  0.621863  0.551271  0.508336  0.530432  0.606936  0.490671  0.579589  0.608079  0.604031 
11  0.718810  0.646780  0.546497  0.816252  0.637346  0.512210  0.586862  0.635777  0.786052  0.157558  0.721143 0.0  0.699447  0.323096  0.675410  0.491742  0.781229  0.436726  0.678604  0.606394  0.530667  0.263112  0.596854  0.806573  0.291611  0.300388  0.887190  0.479535  0.084742  0.697322  0.619477  0.828997  0.594546  0.152526  0.451866  0.494726  0.296646  0.164449  0.871514  0.608205  0.580261  0.618473  0.159764  0.653567  0.660883  0.733619  0.663713  0.700439  0.786175  0.524893  0.604384  0.734978  0.675815  0.746439  0.279230  0.696374  0.559414  0.490703  0.654234  0.659805  0.700686  0.701885  0.476532  0.293184  0.167388  0.255663  0.616572  0.698374  0.591560  0.618630  0.084742  0.084742  0.084742  0.297391  0.457588  0.084742  0.084742  0.084742  0.366751  0.460392  0.479485  0.084742  0.084742  0.281337  0.135843  0.538691  0.286992  0.726646  0.288191 
12  0.819090  0.264363  0.671560  0.789998  0.656777  0.707941  0.592747  0.484500  0.270443  0.732487  0.631043  0.699447 0.0  0.687721  0.699568  0.624989  0.741421  0.725352  0.657955  0.568426  0.570283  0.778443  0.622312  0.698249  0.814003  0.734916  0.982292  0.740475  0.710072  0.402874  0.717964  0.613130  0.647130  0.630033  0.716932  0.710941  0.746534  0.666672  0.653294  0.515714  0.638348  0.600968  0.784697  0.437184  0.702052  0.442854  0.699932  0.374232  0.804557  0.759440  0.521873  0.833319  0.786451  0.697567  0.728664  0.217532  0.556971  0.662731  0.675091  0.722621  0.706032  0.427260  0.684242  0.673605  0.636780  0.775343  0.636150  0.732025  0.604849  0.559208  0.644760  0.691081  0.850093  0.873790  0.478109  0.770108  0.605598  0.521076  0.678129  0.724948  0.772760  0.647780  0.752884  0.753659  0.647693  0.850711  0.673016  0.388968  0.856743 
13  0.652553  0.648210  0.709512  0.693672  0.633219  0.447056  0.707702  0.644060  0.755819  0.289641  0.621176  0.323096  0.687721 0.0  0.725632  0.512386  0.804462  0.429899  0.741174  0.611942  0.582227  0.084742  0.571747  0.684848  0.156632  0.265781  0.810185  0.482691  0.270640  0.624970  0.738010  0.761785  0.652664  0.279677  0.440658  0.470753  0.165796  0.263093  0.821438  0.584475  0.693142  0.598611  0.309188  0.789709  0.669857  0.646706  0.520916  0.733740  0.666356  0.473638  0.696810  0.705765  0.750800  0.768605  0.155363  0.755282  0.651723  0.472732  0.651111  0.661290  0.798811  0.655366  0.510395  0.163683  0.288692  0.164725  0.581657  0.867539  0.700001  0.610918  0.279125  0.311070  0.284820  0.272758  0.440128  0.241602  0.295220  0.084742  0.301045  0.492739  0.507008  0.286218  0.269165  0.168147  0.263430  0.508135  0.168943  0.685828  0.166296 
14  0.376732  0.785706  0.700885  0.447092  0.723160  0.661785  0.668537  0.444366  0.675526  0.881216  0.624254  0.675410  0.699568  0.725632 0.0  0.731422  0.686853  0.689392  0.211386  0.332454  0.765582  0.753730  0.729593  0.201390  0.590771  0.822009  0.796100  0.660769  0.703486  0.718085  0.403872  0.215103  0.634288  0.699761  0.648985  0.565697  0.710194  0.694122  0.201414  0.632813  0.562099  0.618661  0.725633  0.693543  0.400367  0.787716  0.500981  0.736544  0.401757  0.670713  0.524739  0.378145  0.397543  0.950204  0.515700  0.767081  0.678019  0.713649  0.378463  0.391815  0.084742  0.772383  0.822908  0.676665  0.703615  0.762098  0.648993  0.391036  0.658267  0.671464  0.692280  0.770277  0.628053  0.774626  0.477196  0.772721  0.612406  0.695763  0.600998  0.736121  0.699969  0.810830  0.679051  0.755444  0.749596  0.773115  0.676367  0.701700  0.758439 
15  0.705558  0.695849  0.613681  0.734443  0.572128  0.084742  0.576769  0.719585  0.543354  0.458282  0.600327  0.491742  0.624989  0.512386  0.731422 0.0  0.905633  0.296187  0.686589  0.681886  0.617877  0.490620  0.564662  0.752280  0.519468  0.406866  0.721973  0.182587  0.401036  0.665625  0.672423  0.632762  0.585125  0.530903  0.165628  0.262325  0.537146  0.363010  0.865104  0.701440  0.660744  0.600020  0.474239  0.713931  0.895746  0.753697  0.571854  0.710070  0.645147  0.288566  0.551375  0.774887  0.712535  0.792560  0.446237  0.723061  0.645839  0.285410  0.695234  0.753880  0.723396  0.765218  0.273098  0.450447  0.474126  0.457810  0.715713  0.665386  0.653437  0.596039  0.474081  0.435544  0.500576  0.412324  0.378917  0.453208  0.478412  0.358075  0.471269  0.268938  0.165265  0.495649  0.457708  0.456673  0.447696  0.168103  0.441196  0.821911  0.514391 
16  0.839912  0.755241  0.777838  0.672488  0.745911  0.824654  0.827091  0.780613  0.868761  0.892224  0.779245  0.781229  0.741421  0.804462  0.686853  0.905633 0.0  0.785254  0.795302  0.715821  0.872370  0.850397  0.877435  0.600124  0.790279  0.757844  0.084742  0.738755  0.876531  0.778419  0.824030  0.873137  0.865262  0.832146  0.753737  0.914486  0.959300  0.840961  0.622533  0.838338  0.813586  0.886191  0.835447  0.744452  0.699673  0.828286  0.856421  0.718124  0.659086  0.784222  0.792184  0.762391  0.918052  0.084742  0.803590  0.744409  0.846595  0.728282  0.777116  0.822681  0.743039  0.820638  0.834336  0.819757  0.735266  0.657631  0.955749  0.845440  0.837065  0.681175  0.590047  0.823216  0.847392  0.807786  0.823067  0.762946  0.632206  0.838011  0.777221  0.850603  0.844986  0.887839  0.822096  0.681853  0.767641  0.871017  0.676395  0.703950  0.720525 
17  0.628949  0.763883  0.574978  0.789335  0.557045  0.299910  0.599750  0.783672  0.808599  0.498230  0.615479  0.436726  0.725352  0.429899  0.689392  0.296187  0.785254 0.0  0.784697  0.591802  0.664845  0.483081  0.589284  0.775372  0.463284  0.495874  0.676496  0.329155  0.492384  0.716555  0.724474  0.712755  0.677873  0.476674  0.268645  0.160406  0.481500  0.449539  0.684901  0.615794  0.675868  0.632994  0.536998  0.679607  0.778642  0.668940  0.674008  0.681205  0.656033  0.151699  0.580538  0.608759  0.808659  0.683655  0.500971  0.714758  0.675542  0.170914  0.658119  0.772507  0.682546  0.640086  0.150788  0.503364  0.408780  0.483654  0.664005  0.779010  0.606069  0.688447  0.504705  0.449456  0.466501  0.401833  0.454267  0.495943  0.474651  0.273313  0.475639  0.155605  0.294122  0.465489  0.527546  0.412288  0.483526  0.318385  0.467689  0.828331  0.430166 
18  0.467872  0.750142  0.663484  0.412175  0.585789  0.694051  0.594003  0.372855  0.735985  0.635596  0.598600  0.678604  0.657955  0.741174  0.211386  0.686589  0.795302  0.784697 0.0  0.294871  0.574709  0.624842  0.670990  0.084742  0.742808  0.632621  0.842751  0.737446  0.658437  0.677198  0.362595  0.084742  0.495302  0.663145  0.835058  0.641162  0.728491  0.827058  0.084742  0.685470  0.574031  0.527774  0.699659  0.840654  0.468909  0.640219  0.659983  0.719868  0.425280  0.740295  0.650890  0.453307  0.421587  0.831936  0.762410  0.757844  0.588755  0.743562  0.361792  0.369173  0.221046  0.746018  0.702117  0.606767  0.710928  0.595201  0.696239  0.404054  0.613237  0.728299  0.720176  0.665297  0.594511  0.852234  0.489611  0.649980  0.769110  0.577088  0.634721  0.859940  0.762500  0.734304  0.690615  0.725215  0.745720  0.713916  0.721101  0.648759  0.737292 
19  0.310945  0.516355  0.634441  0.256163  0.553301  0.554457  0.618574  0.268914  0.582428  0.751300  0.516389  0.606394  0.568426  0.611942  0.332454  0.681886  0.715821  0.591802  0.294871 0.0  0.535246  0.597204  0.644125  0.290509  0.619623  0.633557  0.641169  0.554560  0.615000  0.626755  0.317615  0.288389  0.647596  0.624219  0.587337  0.635711  0.655154  0.657527  0.350875  0.640703  0.671597  0.594512  0.536000  0.641677  0.301253  0.585137  0.562213  0.586769  0.322933  0.633065  0.643744  0.312102  0.329436  0.673441  0.631713  0.687765  0.642836  0.624900  0.289632  0.292403  0.316982  0.579760  0.652173  0.638392  0.629192  0.657867  0.605467  0.277383  0.697308  0.643848  0.578177  0.702086  0.747811  0.524483  0.495061  0.616624  0.636507  0.671497  0.679051  0.639909  0.671044  0.597218  0.560457  0.555609  0.569215  0.605060  0.685268  0.701962  0.538163 
20  0.719618  0.564781  0.255882  0.749555  0.303038  0.560650  0.554530  0.544546  0.624539  0.580899  0.298424  0.530667  0.570283  0.582227  0.765582  0.617877  0.872370  0.664845  0.574709  0.535246 0.0  0.617324  0.293533  0.586151  0.728192  0.688385  0.735041  0.686818  0.546071  0.604903  0.684957  0.620337  0.625456  0.662649  0.637005  0.687536  0.771728  0.635092  0.614980  0.688005  0.566737  0.587520  0.665307  0.687363  0.572060  0.631914  0.259199  0.659773  0.608425  0.657010  0.330900  0.616148  0.695274  0.936593  0.579684  0.629008  0.286674  0.614089  0.608083  0.630591  0.626979  0.674488  0.580773  0.575741  0.644569  0.574835  0.523278  0.545388  0.305382  0.562176  0.630313  0.629236  0.654659  0.608112  0.381429  0.632737  0.640131  0.715324  0.657331  0.645576  0.650133  0.624740  0.558407  0.615100  0.641729  0.569513  0.563883  0.408937  0.684052 
21  0.770680  0.796300  0.545128  0.717695  0.609615  0.512637  0.510056  0.778394  0.730298  0.300505  0.545389  0.263112  0.778443  0.084742  0.753730  0.490620  0.850397  0.483081  0.624842  0.597204  0.617324 0.0  0.628604  0.751201  0.158482  0.259798  0.769386  0.412450  0.303210  0.731993  0.691414  0.786911  0.555944  0.281348  0.517281  0.496982  0.166897  0.259263  0.848505  0.656286  0.661132  0.575188  0.289126  0.648790  0.885009  0.718409  0.585150  0.676082  0.738441  0.488424  0.652239  0.800108  0.768890  0.781412  0.177962  0.670334  0.626860  0.468792  0.705297  0.807648  0.623517  0.679988  0.474065  0.150227  0.305696  0.177147  0.671034  0.836992  0.532705  0.737607  0.265868  0.245627  0.280844  0.278212  0.465071  0.309931  0.280518  0.084742  0.264445  0.457308  0.515851  0.284189  0.329644  0.175877  0.287499  0.427346  0.170168  0.654391  0.178429 
22  0.759916  0.669558  0.294562  0.650537  0.084742  0.630153  0.612894  0.545741  0.553253  0.613633  0.084742  0.596854  0.622312  0.571747  0.729593  0.564662  0.877435  0.589284  0.670990  0.644125  0.293533  0.628604 0.0  0.675495  0.614861  0.616010  0.925721  0.561545  0.526341  0.582588  0.674598  0.641924  0.648023  0.535921  0.596808  0.589093  0.704452  0.518721  0.590700  0.625249  0.666498  0.600055  0.699606  0.591680  0.632487  0.683881  0.272918  0.665410  0.541548  0.646444  0.259968  0.527661  0.627051  0.755731  0.540165  0.592765  0.084742  0.665675  0.558226  0.583152  0.689639  0.663986  0.597775  0.556561  0.602078  0.619919  0.631211  0.704461  0.291452  0.557274  0.697309  0.583011  0.574254  0.609643  0.400116  0.499202  0.656941  0.672039  0.544112  0.708779  0.629283  0.615554  0.599435  0.554040  0.620490  0.619324  0.606798  0.583701  0.633302 
23  0.446992  0.644866  0.643293  0.447981  0.638359  0.572277  0.581377  0.490230  0.661861  0.841404  0.621270  0.806573  0.698249  0.684848  0.201390  0.752280  0.600124  0.775372  0.084742  0.290509  0.586151  0.751201  0.675495 0.0  0.788534  0.688213  0.800609  0.882300  0.703916  0.729961  0.429461  0.138300  0.692934  0.770685  0.713154  0.906095  0.902213  0.804083  0.129954  0.628751  0.601428  0.680999  0.781057  0.786289  0.507836  0.744467  0.603419  0.665036  0.404191  0.688234  0.610694  0.405918  0.453969  0.783098  0.898196  0.842604  0.601754  0.771072  0.389610  0.432923  0.208257  0.740038  0.726469  0.835875  0.820077  0.826559  0.593000  0.520701  0.657175  0.488369  0.733714  0.751676  0.776024  0.819187  0.441447  0.591735  0.794374  0.611231  0.692274  0.825319  0.746089  0.794982  0.737586  0.747093  0.885632  0.889681  0.775887  0.690785  0.681740 
24  0.659944  0.735787  0.607854  0.731934  0.628585  0.440087  0.595116  0.785221  0.769786  0.297297  0.607124  0.291611  0.814003  0.156632  0.590771  0.519468  0.790279  0.463284  0.742808  0.619623  0.728192  0.158482  0.614861  0.788534 0.0  0.283677  0.897355  0.494089  0.262048  0.755088  0.730837  0.742129  0.624231  0.293133  0.450696  0.460386  0.084742  0.290598  0.808494  0.630042  0.597383  0.719987  0.288345  0.780367  0.737746  0.700443  0.618696  0.659829  0.608841  0.379526  0.647598  0.672778  0.820353  0.947191  0.084742  0.779329  0.532770  0.521163  0.820810  0.717871  0.802173  0.667252  0.386477  0.084742  0.242007  0.084742  0.564041  0.774178  0.603882  0.633219  0.258032  0.285133  0.265955  0.321475  0.480277  0.273005  0.298423  0.084742  0.295841  0.384829  0.440466  0.299916  0.305985  0.084742  0.279503  0.529974  0.084742  0.691419  0.084742 
25  0.787261  0.758502  0.666986  0.671942  0.665056  0.498217  0.654401  0.740583  0.698923  0.315994  0.631184  0.300388  0.734916  0.265781  0.822009  0.406866  0.757844  0.495874  0.632621  0.633557  0.688385  0.259798  0.616010  0.688213  0.283677 0.0  0.956072  0.554524  0.245275  0.719242  0.667372  0.847595  0.516231  0.297807  0.470231  0.505960  0.270829  0.304767  0.834893  0.636838  0.641753  0.651352  0.272272  0.632222  0.650313  0.721312  0.531263  0.643892  0.711821  0.522900  0.689775  0.707485  0.904869  0.880183  0.297457  0.617637  0.668525  0.457400  0.780904  0.841776  0.748309  0.833050  0.479728  0.283483  0.306860  0.256749  0.758678  0.728688  0.693881  0.634936  0.285381  0.340736  0.287509  0.133745  0.415463  0.312365  0.306985  0.084742  0.084742  0.492102  0.537699  0.302549  0.290076  0.283808  0.357174  0.464355  0.282282  0.742009  0.291183 
26  0.804528  0.957104  0.725220  0.798411  0.805589  0.826495  0.788683  0.620921  0.686278  0.887400  0.864237  0.887190  0.982292  0.810185  0.796100  0.721973  0.084742  0.676496  0.842751  0.641169  0.735041  0.769386  0.925721  0.800609  0.897355  0.956072 0.0  0.770388  0.857339  0.778855  0.854023  0.898547  0.803821  0.891469  0.795975  0.874937  0.825063  0.695853  0.769966  0.769871  0.809794  0.708208  0.830438  0.749637  0.746877  0.859188  0.819773  0.745365  0.758413  0.817327  0.793995  0.911487  0.693831  0.084742  0.822816  0.711310  0.813125  0.748754  0.767965  0.775574  0.835297  0.680047  0.753781  0.749150  0.790766  0.730397  0.872161  0.751551  0.908356  0.870736  0.923113  0.789896  0.876997  0.819007  0.734325  0.792311  0.868317  0.842508  0.819213  0.862026  0.843228  0.898886  0.788008  0.708934  0.771432  0.892704  0.853312  0.787168  0.886468 
27  0.653638  0.730012  0.612479  0.732531  0.611372  0.162994  0.683653  0.695924  0.749379  0.368814  0.660527  0.479535  0.740475  0.482691  0.660769  0.182587  0.738755  0.329155  0.737446  0.554560  0.686818  0.412450  0.561545  0.882300  0.494089  0.554524  0.770388 0.0  0.513600  0.697752  0.726354  0.806160  0.704361  0.561380  0.084742  0.288391  0.488021  0.536393  0.589210  0.607335  0.534777  0.717764  0.427477  0.558694  0.780465  0.802442  0.586823  0.746393  0.684556  0.298990  0.565949  0.686516  0.825959  0.799868  0.424419  0.724727  0.674611  0.326891  0.681714  0.735798  0.773826  0.660064  0.282789  0.457464  0.407054  0.452037  0.542935  0.836000  0.610916  0.642420  0.460946  0.488455  0.470372  0.462936  0.490653  0.471498  0.418374  0.269609  0.412907  0.299946  0.084742  0.571810  0.537912  0.461116  0.395261  0.084742  0.461830  0.761420  0.471024 
28  0.725623  0.698721  0.753342  0.731491  0.696953  0.470194  0.683377  0.659403  0.644869  0.174946  0.711199  0.084742  0.710072  0.270640  0.703486  0.401036  0.876531  0.492384  0.658437  0.615000  0.546071  0.303210  0.526341  0.703916  0.262048  0.245275  0.857339  0.513600 0.0  0.742417  0.641041  0.885633  0.542326  0.166824  0.498900  0.460520  0.305157  0.174157  0.728054  0.621484  0.606455  0.637863  0.162898  0.789704  0.612933  0.681677  0.548302  0.616651  0.763585  0.416717  0.739068  0.840995  0.639476  0.749677  0.285050  0.697208  0.647003  0.481680  0.732148  0.759221  0.771193  0.704206  0.524401  0.279988  0.168064  0.273586  0.658526  0.718963  0.623031  0.605460  0.084742  0.084742  0.084742  0.296522  0.458378  0.084742  0.084742  0.084742  0.270722  0.433643  0.456717  0.084742  0.084742  0.274475  0.084742  0.480044  0.306722  0.803138  0.302234 
29  0.803487  0.191933  0.641420  0.690250  0.614374  0.737272  0.639088  0.678237  0.221673  0.766764  0.620534  0.697322  0.402874  0.624970  0.718085  0.665625  0.778419  0.716555  0.677198  0.626755  0.604903  0.731993  0.582588  0.729961  0.755088  0.719242  0.778855  0.697752  0.742417 0.0  0.661721  0.725908  0.644465  0.904563  0.650899  0.618182  0.742146  0.777100  0.693155  0.703123  0.624695  0.627728  0.674481  0.084742  0.698162  0.084742  0.546506  0.084742  0.744041  0.722918  0.629431  0.710466  0.790309  0.864145  0.797050  0.428917  0.544607  0.848600  0.668719  0.747759  0.724747  0.084742  0.660869  0.752206  0.719203  0.698623  0.632721  0.618247  0.683949  0.686766  0.676661  0.717988  0.690879  0.727558  0.420299  0.642557  0.742980  0.685046  0.684689  0.700045  0.777001  0.742807  0.649191  0.743998  0.783364  0.698717  0.630334  0.214294  0.685981 
30  0.415575  0.669338  0.616525  0.374406  0.595179  0.693133  0.582330  0.455175  0.718961  0.673342  0.627273  0.619477  0.717964  0.738010  0.403872  0.672423  0.824030  0.724474  0.362595  0.317615  0.684957  0.691414  0.674598  0.429461  0.730837  0.667372  0.854023  0.726354  0.641041  0.661721 0.0  0.389957  0.729308  0.833653  0.630071  0.762773  0.604515  0.682688  0.466102  0.664692  0.584530  0.748083  0.739301  0.675134  0.380722  0.740098  0.528193  0.715398  0.432130  0.818915  0.693894  0.423244  0.437907  0.676941  0.771708  0.671306  0.572738  0.864705  0.361678  0.381634  0.400283  0.772313  0.685501  0.768907  0.714459  0.743414  0.557870  0.472571  0.520410  0.618687  0.715464  0.754808  0.660467  0.732398  0.467479  0.771948  0.752042  0.767368  0.796813  0.690452  0.758140  0.753044  0.648491  0.725331  0.765597  0.700571  0.816748  0.734829  0.725306 
31  0.377813  0.657932  0.513141  0.403789  0.623567  0.813022  0.708240  0.476676  0.701058  0.660089  0.610661  0.828997  0.613130  0.761785  0.215103  0.632762  0.873137  0.712755  0.084742  0.288389  0.620337  0.786911  0.641924  0.138300  0.742129  0.847595  0.898547  0.806160  0.885633  0.725908  0.389957 0.0  0.587292  0.787981  0.833200  0.724929  0.689519  0.758921  0.084742  0.648023  0.628308  0.624321  0.744372  0.767933  0.490654  0.779371  0.634066  0.707679  0.441511  0.667148  0.573308  0.423391  0.491093  0.680129  0.829707  0.841260  0.548606  0.791376  0.434416  0.391825  0.195817  0.618710  0.718447  0.772490  0.958489  0.817686  0.735901  0.491785  0.654542  0.589540  0.718501  0.764420  0.836031  0.819926  0.512207  0.760565  0.719768  0.627778  0.882227  0.697592  0.740111  0.778247  0.746925  0.803527  0.746868  0.784271  0.848775  0.665840  0.800555 
32  0.571627  0.585065  0.659868  0.620354  0.621280  0.557339  0.607590  0.597954  0.626710  0.573467  0.532584  0.594546  0.647130  0.652664  0.634288  0.585125  0.865262  0.677873  0.495302  0.647596  0.625456  0.555944  0.648023  0.692934  0.624231  0.516231  0.803821  0.704361  0.542326  0.644465  0.729308  0.587292 0.0  0.544465  0.664743  0.563498  0.678821  0.578504  0.543403  0.285379  0.285852  0.084742  0.677466  0.707972  0.628237  0.640631  0.750448  0.623126  0.643559  0.475559  0.553336  0.699497  0.654385  0.893391  0.643235  0.676547  0.565606  0.718351  0.633560  0.688465  0.609663  0.651860  0.693243  0.676357  0.636621  0.643362  0.596863  0.621832  0.637768  0.723104  0.581792  0.578598  0.595081  0.721102  0.437700  0.519716  0.600646  0.586958  0.596987  0.489672  0.532389  0.656752  0.565219  0.678233  0.542226  0.608422  0.603862  0.680852  0.588266 
33  0.730341  0.757288  0.602232  0.662451  0.662377  0.409866  0.713060  0.839181  0.636200  0.156085  0.582434  0.152526  0.630033  0.279677  0.699761  0.530903  0.832146  0.476674  0.663145  0.624219  0.662649  0.281348  0.535921  0.770685  0.293133  0.297807  0.891469  0.561380  0.166824  0.904563  0.833653  0.787981  0.544465 0.0  0.442129  0.518275  0.271384  0.084742  0.658873  0.566489  0.611601  0.608046  0.169876  0.687848  0.754497  0.741321  0.537134  0.759761  0.726550  0.489819  0.556144  0.719719  0.738026  0.845095  0.295545  0.774988  0.588692  0.485513  0.732768  0.654290  0.822008  0.766364  0.465659  0.270758  0.172177  0.272957  0.578591  1.000000  0.610181  0.584029  0.160532  0.160736  0.169670  0.299744  0.432294  0.160793  0.156730  0.084742  0.299564  0.469589  0.480225  0.167931  0.159226  0.282441  0.162148  0.473803  0.284669  0.761247  0.268761 
34  0.779165  0.695896  0.611130  0.727493  0.573544  0.161917  0.717312  0.798745  0.791045  0.442170  0.627134  0.451866  0.716932  0.440658  0.648985  0.165628  0.753737  0.268645  0.835058  0.587337  0.637005  0.517281  0.596808  0.713154  0.450696  0.470231  0.795975  0.084742  0.498900  0.650899  0.630071  0.833200  0.664743  0.442129 0.0  0.306353  0.437252  0.429377  0.802432  0.658501  0.647338  0.605329  0.380227  0.746051  0.826933  0.759504  0.554096  0.667802  0.790005  0.279455  0.637497  0.618596  0.789481  0.740175  0.500630  0.685461  0.674689  0.299611  0.704909  0.746663  0.737504  0.763400  0.279024  0.520378  0.432409  0.501230  0.726512  0.815424  0.669853  0.556126  0.429088  0.521463  0.444099  0.421718  0.434939  0.459078  0.467977  0.294698  0.527241  0.292660  0.084742  0.410554  0.521095  0.526978  0.452223  0.084742  0.473111  0.842706  0.478129 
35  0.625429  0.630267  0.641451  0.657692  0.762625  0.297765  0.610764  0.622687  0.692586  0.446149  0.570089  0.494726  0.710941  0.470753  0.565697  0.262325  0.914486  0.160406  0.641162  0.635711  0.687536  0.496982  0.589093  0.906095  0.460386  0.505960  0.874937  0.288391  0.460520  0.618182  0.762773  0.724929  0.563498  0.518275  0.306353 0.0  0.572471  0.526869  0.807072  0.602296  0.661148  0.598998  0.480748  0.712600  0.781887  0.697742  0.658858  0.764092  0.677280  0.147681  0.576817  0.678801  0.772249  0.929156  0.455529  0.671976  0.656072  0.168256  0.708197  0.644666  0.658016  0.835343  0.175774  0.496668  0.489813  0.464114  0.580030  0.627426  0.610887  0.611605  0.489497  0.551949  0.490962  0.470005  0.397623  0.454041  0.437646  0.289696  0.459950  0.152297  0.283974  0.442731  0.527749  0.576400  0.509787  0.277667  0.534890  0.776821  0.488899 
36  0.746969  0.649333  0.575747  0.672383  0.589068  0.422411  0.431625  0.880020  0.665153  0.296581  0.666558  0.296646  0.746534  0.165796  0.710194  0.537146  0.959300  0.481500  0.728491  0.655154  0.771728  0.166897  0.704452  0.902213  0.084742  0.270829  0.825063  0.488021  0.305157  0.742146  0.604515  0.689519  0.678821  0.271384  0.437252  0.572471 0.0  0.296730  0.811550  0.693079  0.563822  0.589564  0.268591  0.764709  0.682229  0.782000  0.579612  0.883904  0.804112  0.412968  0.666019  0.681849  0.848152  0.908792  0.084742  0.657717  0.566891  0.554508  0.771441  0.686092  0.611719  0.727095  0.410738  0.084742  0.274266  0.084742  0.605169  0.799064  0.617202  0.575896  0.299121  0.320451  0.295381  0.286024  0.424826  0.267517  0.298655  0.084742  0.322429  0.483136  0.458821  0.294398  0.296151  0.084742  0.255186  0.485549  0.084742  0.657620  0.084742 
37  0.800981  0.728003  0.636420  0.758433  0.641775  0.436787  0.537980  0.772191  0.634696  0.163729  0.561188  0.164449  0.666672  0.263093  0.694122  0.363010  0.840961  0.449539  0.827058  0.657527  0.635092  0.259263  0.518721  0.804083  0.290598  0.304767  0.695853  0.536393  0.174157  0.777100  0.682688  0.758921  0.578504  0.084742  0.429377  0.526869  0.296730 0.0  0.738949  0.625935  0.594475  0.644449  0.155657  0.833232  0.750729  0.669459  0.566392  0.733207  0.657838  0.448229  0.556010  0.688253  0.827143  0.844263  0.273613  0.702060  0.566137  0.408151  0.718629  0.743361  0.699291  0.750216  0.539692  0.256394  0.178960  0.287552  0.616335  0.793603  0.653080  0.607596  0.172481  0.152956  0.179205  0.289857  0.380623  0.169464  0.160336  0.084742  0.272696  0.458814  0.452574  0.175729  0.154573  0.259172  0.176417  0.461303  0.278112  0.738576  0.278321 
38  0.395646  0.641983  0.579477  0.441992  0.599069  0.664627  0.637469  0.477048  0.842926  0.746112  0.612885  0.871514  0.653294  0.821438  0.201414  0.865104  0.622533  0.684901  0.084742  0.350875  0.614980  0.848505  0.590700  0.129954  0.808494  0.834893  0.769966  0.589210  0.728054  0.693155  0.466102  0.084742  0.543403  0.658873  0.802432  0.807072  0.811550  0.738949 0.0  0.646179  0.638101  0.572298  0.777817  0.681481  0.488592  0.791897  0.619034  0.766577  0.471821  0.957288  0.676686  0.412337  0.466145  0.779091  0.768291  0.874372  0.740304  0.798155  0.346784  0.448586  0.226181  0.699527  0.733379  0.817683  0.700812  0.671623  0.634753  0.448157  0.628384  0.669923  0.768663  0.727258  0.686740  0.834878  0.467128  0.832603  0.693455  0.621907  0.756966  0.821217  0.814187  0.742908  0.715818  0.718186  0.799812  0.697824  0.698284  0.543214  0.688938 
39  0.489898  0.567473  0.651108  0.612778  0.630196  0.609258  0.559567  0.638132  0.525041  0.735805  0.601041  0.608205  0.515714  0.584475  0.632813  0.701440  0.838338  0.615794  0.685470  0.640703  0.688005  0.656286  0.625249  0.628751  0.630042  0.636838  0.769871  0.607335  0.621484  0.703123  0.664692  0.648023  0.285379  0.566489  0.658501  0.602296  0.693079  0.625935  0.646179 0.0  0.286629  0.281400  0.636175  0.624134  0.539607  0.596440  0.686013  0.678176  0.622982  0.599764  0.598812  0.666448  0.669587  0.756209  0.502629  0.617557  0.751015  0.708131  0.543772  0.626077  0.616598  0.500759  0.540392  0.650252  0.595894  0.696170  0.607102  0.585215  0.571968  0.517328  0.600242  0.684349  0.633524  0.535791  0.433203  0.647059  0.635415  0.553337  0.686324  0.605119  0.583842  0.521536  0.609563  0.634669  0.612614  0.548124  0.748974  0.606882  0.719984 
40  0.626937  0.713449  0.673543  0.662980  0.637003  0.660096  0.543097  0.671223  0.621983  0.620293  0.652785  0.580261  0.638348  0.693142  0.562099  0.660744  0.813586  0.675868  0.574031  0.671597  0.566737  0.661132  0.666498  0.601428  0.597383  0.641753  0.809794  0.534777  0.606455  0.624695  0.584530  0.628308  0.285852  0.611601  0.647338  0.661148  0.563822  0.594475  0.638101  0.286629 0.0  0.272765  0.667622  0.668212  0.616051  0.537833  0.566911  0.637655  0.595534  0.579487  0.656778  0.710572  0.635059  0.746823  0.564209  0.547657  0.577680  0.694227  0.583168  0.612984  0.624051  0.617078  0.565321  0.603614  0.654679  0.574514  0.684647  0.557693  0.581776  0.622040  0.653235  0.669010  0.613025  0.617124  0.424090  0.650874  0.598410  0.669392  0.650924  0.619683  0.605779  0.659322  0.589585  0.582198  0.513053  0.658915  0.658999  0.603695  0.608242 
41  0.636736  0.597314  0.669646  0.658461  0.640374  0.606801  0.532175  0.571049  0.600768  0.641901  0.539109  0.618473  0.600968  0.598611  0.618661  0.600020  0.886191  0.632994  0.527774  0.594512  0.587520  0.575188  0.600055  0.680999  0.719987  0.651352  0.708208  0.717764  0.637863  0.627728  0.748083  0.624321  0.084742  0.608046  0.605329  0.598998  0.589564  0.644449  0.572298  0.281400  0.272765 0.0  0.542382  0.652727  0.648522  0.673065  0.609728  0.585173  0.624511  0.556864  0.650268  0.564146  0.573983  0.814521  0.593726  0.643973  0.576051  0.694126  0.643216  0.656443  0.697188  0.620543  0.659631  0.581397  0.586958  0.632861  0.647668  0.648043  0.615000  0.680654  0.625977  0.534049  0.598908  0.674561  0.437969  0.616766  0.586492  0.615448  0.644892  0.628100  0.677547  0.588687  0.551764  0.667011  0.565183  0.615757  0.586838  0.673372  0.651344 
42  0.876149  0.774785  0.592159  0.553322  0.683207  0.466169  0.607183  0.803380  0.758735  0.084742  0.625982  0.159764  0.784697  0.309188  0.725633  0.474239  0.835447  0.536998  0.699659  0.536000  0.665307  0.289126  0.699606  0.781057  0.288345  0.272272  0.830438  0.427477  0.162898  0.674481  0.739301  0.744372  0.677466  0.169876  0.380227  0.480748  0.268591  0.155657  0.777817  0.636175  0.667622  0.542382 0.0  0.683888  0.725667  0.739700  0.521759  0.746642  0.739697  0.466727  0.609401  0.736442  0.901467  0.740929  0.311208  0.755027  0.639812  0.420304  0.695214  0.811112  0.618638  0.799921  0.472693  0.300030  0.084742  0.293596  0.696473  0.769660  0.707491  0.669672  0.161492  0.169848  0.179821  0.258064  0.466423  0.179926  0.172772  0.084742  0.264995  0.453544  0.363133  0.171690  0.163713  0.305757  0.170809  0.443051  0.285167  0.759890  0.289872 
43  0.689531  0.212124  0.571759  0.778992  0.620195  0.636078  0.596190  0.708706  0.219633  0.701908  0.675061  0.653567  0.437184  0.789709  0.693543  0.713931  0.744452  0.679607  0.840654  0.641677  0.687363  0.648790  0.591680  0.786289  0.780367  0.632222  0.749637  0.558694  0.789704  0.084742  0.675134  0.767933  0.707972  0.687848  0.746051  0.712600  0.764709  0.833232  0.681481  0.624134  0.668212  0.652727  0.683888 0.0  0.761435  0.084742  0.549851  0.084742  0.690194  0.731446  0.677875  0.583896  0.725590  0.737433  0.589781  0.413457  0.542631  0.750169  0.751432  0.742142  0.736650  0.084742  0.742880  0.713334  0.760251  0.715811  0.606983  0.820437  0.682860  0.568284  0.703565  0.801494  0.792533  0.724552  0.462324  0.789331  0.713894  0.591430  0.710256  0.687108  0.755140  0.667599  0.730736  0.796379  0.747334  0.674452  0.725233  0.210113  0.717492 
44  0.197596  0.667174  0.595956  0.206539  0.518274  0.720333  0.612212  0.084742  0.603178  0.861335  0.680274  0.660883  0.702052  0.669857  0.400367  0.895746  0.699673  0.778642  0.468909  0.301253  0.572060  0.885009  0.632487  0.507836  0.737746  0.650313  0.746877  0.780465  0.612933  0.698162  0.380722  0.490654  0.628237  0.754497  0.826933  0.781887  0.682229  0.750729  0.488592  0.539607  0.616051  0.648522  0.725667  0.761435 0.0  0.796276  0.720861  0.898237  0.192151  0.743927  0.682872  0.218340  0.084742  0.755237  0.846719  0.797148  0.619427  0.668862  0.213300  0.206939  0.406263  0.708730  0.883512  0.764152  0.642430  0.662386  0.672265  0.152421  0.612300  0.549399  0.619068  0.724018  0.708913  0.771961  0.430531  0.815120  0.712988  0.525158  0.817437  0.654303  0.861310  0.719547  0.703986  0.806719  0.615258  0.784503  0.769550  0.723546  0.767467 
