89
0 0.0  0.801500  0.541203  0.222362  0.652539  0.800758  0.621678  0.220423  0.720638  0.713421  0.569359  0.707566  0.717582  0.683655  0.479105  0.811607  0.797703  0.737845  0.498309  0.289616  0.630539  0.744284  0.686071  0.439376  0.743711  0.702769  0.793665  0.741754  0.611534  0.659130  0.447462  0.438388  0.634921  0.606303  0.680567  0.790096  0.833139  0.667784  0.340085  0.669400  0.613625  0.636892  0.701985  0.671648  0.216804  0.703609  0.646600  0.694422  0.194206  0.689212  0.529678  0.206570  0.236495  0.813247  0.700100  0.619823  0.731589  0.753662  0.194981  0.079747  0.350077  0.762506  0.741890  0.669856  0.723843  0.673212  0.558709  0.198302  0.684788  0.646060  0.685976  0.613996  0.774950  0.659008  0.500871  0.618292  0.662127  0.698787  0.805667  0.826674  0.673619  0.744800  0.782267  0.686887  0.660966  0.637622  0.682821  0.540900  0.696109 
1  0.801500 0.0  0.698764  0.658638  0.549729  0.731230  0.630916  0.726264  0.079747  0.695226  0.625495  0.670797  0.297166  0.665677  0.718047  0.758883  0.760417  0.667337  0.740956  0.596177  0.664887  0.775653  0.674833  0.751756  0.696693  0.643655  0.785705  0.750373  0.758990  0.214376  0.704168  0.744835  0.653273  0.655323  0.723053  0.645120  0.690019  0.532822  0.619245  0.661158  0.599642  0.587214  0.762509  0.198798  0.811430  0.198433  0.612952  0.198947  0.757966  0.691582  0.596884  0.765627  0.655632  0.866595  0.688850  0.438317  0.581890  0.695604  0.757401  0.745168  0.698951  0.231639  0.647752  0.780762  0.734767  0.780781  0.611484  0.629558  0.682895  0.514717  0.653094  0.746489  0.799960  0.739020  0.466542  0.699628  0.791260  0.584799  0.633509  0.738375  0.569541  0.661918  0.712947  0.651156  0.682613  0.808575  0.777321  0.190292  0.772611 
2  0.541203  0.698764 0.0  0.625573  0.324336  0.645020  0.601995  0.569219  0.748558  0.570844  0.292049  0.618707  0.566790  0.641215  0.692202  0.633882  0.747812  0.700916  0.702046  0.623226  0.305627  0.644345  0.308071  0.533007  0.656427  0.622078  0.818089  0.615619  0.673626  0.728811  0.700908  0.527020  0.626142  0.563000  0.572121  0.736329  0.631353  0.549440  0.757061  0.531219  0.653304  0.605570  0.758001  0.625249  0.634165  0.565865  0.309990  0.656494  0.724118  0.638199  0.283367  0.668931  0.582172  0.756691  0.643899  0.618576  0.269647  0.558113  0.569206  0.671378  0.626498  0.581443  0.505272  0.570354  0.564084  0.659760  0.535426  0.568865  0.079747  0.566983  0.578007  0.625456  0.595635  0.598008  0.440470  0.655378  0.639814  0.585870  0.621979  0.674585  0.671538  0.597880  0.695476  0.599709  0.535161  0.605621  0.578872  0.560459  0.626381 
3  0.222362  0.658638  0.625573 0.0  0.610505  0.746212  0.647667  0.181228  0.771440  0.710642  0.650176  0.683125  0.643983  0.722515  0.433141  0.599261  0.729117  0.797850  0.428180  0.276315  0.663352  0.818483  0.659699  0.401978  0.749829  0.793292  0.716322  0.679363  0.729973  0.633318  0.388823  0.445336  0.644061  0.753576  0.624191  0.804728  0.747501  0.713041  0.436347  0.627633  0.650061  0.614922  0.694554  0.766854  0.197620  0.679828  0.718138  0.590408  0.079747  0.652837  0.692345  0.182403  0.210973  0.766766  0.555419  0.749199  0.664711  0.781524  0.208181  0.224334  0.431240  0.739755  0.838446  0.712786  0.667599  0.847619  0.688648  0.199230  0.532243  0.645027  0.701717  0.560037  0.690400  0.673270  0.380465  0.816736  0.650950  0.678684  0.658910  0.751845  0.692575  0.740601  0.636790  0.644423  0.681664  0.689875  0.589606  0.679639  0.658684 
4  0.652539  0.549729  0.324336  0.610505 0.0  0.560554  0.610792  0.543193  0.589501  0.663685  0.079747  0.674655  0.595101  0.565750  0.573879  0.666542  0.808619  0.545173  0.709746  0.618818  0.300392  0.659991  0.079747  0.571652  0.650540  0.660571  0.641457  0.666959  0.582423  0.679359  0.705922  0.637397  0.517518  0.668603  0.769336  0.611247  0.636523  0.626515  0.559873  0.637778  0.647020  0.618828  0.628615  0.599912  0.586223  0.572288  0.314292  0.654360  0.615271  0.630128  0.255032  0.688834  0.618927  0.856927  0.598218  0.662834  0.079747  0.697377  0.727189  0.608013  0.661378  0.542960  0.611907  0.638822  0.617091  0.564444  0.661371  0.552716  0.288806  0.682673  0.607193  0.650827  0.574064  0.564455  0.448017  0.532738  0.639504  0.561297  0.505722  0.648307  0.622842  0.682205  0.596777  0.697120  0.541617  0.735219  0.593678  0.603337  0.620580 
5  0.800758  0.731230  0.645020  0.746212  0.560554 0.0  0.643303  0.805667  0.728220  0.462407  0.662567  0.522713  0.737312  0.359523  0.734278  0.079747  0.902932  0.249800  0.750305  0.671306  0.578917  0.407450  0.585604  0.653446  0.538739  0.444102  0.731555  0.158422  0.496259  0.753428  0.735746  0.808319  0.704265  0.428693  0.153500  0.270551  0.405904  0.533594  0.837099  0.675360  0.670063  0.599341  0.490098  0.697014  0.684630  0.776436  0.624397  0.630605  0.612216  0.285542  0.642809  0.708032  0.743296  0.681264  0.504517  0.818278  0.659235  0.284939  0.790244  0.763500  0.656567  0.718075  0.269652  0.399267  0.510982  0.453200  0.635078  0.702310  0.654330  0.741439  0.489839  0.490989  0.449657  0.491790  0.497673  0.389326  0.486710  0.298842  0.486131  0.278102  0.170038  0.534415  0.514973  0.469380  0.454666  0.144591  0.465597  0.873861  0.500900 
6  0.621678  0.630916  0.601995  0.647667  0.610792  0.643303 0.0  0.657806  0.592041  0.627029  0.613957  0.584839  0.668625  0.703086  0.635947  0.506561  0.845126  0.674225  0.571044  0.620189  0.625520  0.603819  0.671138  0.730920  0.652471  0.637241  0.741464  0.564175  0.588646  0.622317  0.634178  0.511487  0.629439  0.661073  0.601324  0.674775  0.511341  0.565112  0.616855  0.598115  0.524481  0.545594  0.644697  0.620855  0.633927  0.741617  0.524630  0.678697  0.650452  0.680274  0.748441  0.575389  0.561068  0.688447  0.608126  0.636058  0.625346  0.614485  0.596478  0.623338  0.645187  0.594910  0.554691  0.645206  0.523338  0.572543  0.275886  0.620388  0.659316  0.278229  0.526525  0.637333  0.592959  0.723855  0.449936  0.721127  0.605795  0.683942  0.626336  0.588284  0.572666  0.613798  0.483598  0.563988  0.652637  0.616228  0.551418  0.664759  0.535725 
7  0.220423  0.726264  0.569219  0.181228  0.543193  0.805667  0.657806 0.0  0.848652  0.741848  0.475536  0.729756  0.764845  0.822680  0.390305  0.813288  0.664946  0.763255  0.420723  0.304129  0.587164  0.650976  0.689383  0.444437  0.794989  0.805539  0.731170  0.775393  0.676205  0.702001  0.355314  0.473075  0.632574  0.774815  0.768881  0.659174  0.695693  0.673427  0.435345  0.610838  0.609771  0.572613  0.864705  0.674685  0.079747  0.767606  0.593046  0.696309  0.230470  0.760147  0.539515  0.201003  0.079747  0.866692  0.804818  0.785487  0.726987  0.781736  0.202701  0.201909  0.398079  0.729735  0.739532  0.683342  0.792237  0.825854  0.641135  0.167633  0.635552  0.672583  0.632018  0.722190  0.731882  0.732811  0.435299  0.745564  0.719093  0.615194  0.668872  0.720271  0.715894  0.692920  0.692082  0.885712  0.612004  0.633126  0.746781  0.706183  0.792969 
8  0.720638  0.079747  0.748558  0.771440  0.589501  0.728220  0.592041  0.848652 0.0  0.707066  0.606655  0.697950  0.251726  0.700050  0.655733  0.778620  0.830055  0.618937  0.714722  0.632578  0.716189  0.647641  0.678907  0.680273  0.718807  0.697243  0.797576  0.758720  0.734560  0.235551  0.621681  0.860788  0.620630  0.587313  0.683831  0.695990  0.712862  0.612687  0.683563  0.540377  0.695520  0.579899  0.710908  0.214449  0.714584  0.211446  0.618684  0.205335  0.634159  0.639112  0.689470  0.923029  0.804366  0.740566  0.735331  0.469620  0.603055  0.752813  0.536134  0.733710  0.656765  0.227699  0.726479  0.658655  0.644651  0.651873  0.606355  0.768966  0.632707  0.541642  0.710169  0.597380  0.794639  0.654963  0.488164  0.561581  0.643734  0.571824  0.795056  0.666673  0.674779  0.825213  0.713813  0.856087  0.553263  0.675532  0.588209  0.207661  0.635413 
9  0.713421  0.695226  0.570844  0.710642  0.663685  0.462407  0.627029  0.741848  0.707066 0.0  0.639935  0.157973  0.759366  0.297998  0.817996  0.449580  0.827073  0.486522  0.778785  0.615474  0.630224  0.262718  0.669857  0.729534  0.278831  0.267422  0.747750  0.376948  0.150594  0.773762  0.676898  0.723071  0.629942  0.164458  0.302681  0.507747  0.296089  0.161061  0.826361  0.568719  0.598412  0.551660  0.079747  0.687198  0.730357  0.851286  0.619003  0.714602  0.796744  0.450199  0.594529  0.682973  0.711369  0.836747  0.287429  0.674061  0.527896  0.482105  0.706522  0.711711  0.680480  0.701196  0.408803  0.285866  0.079747  0.293214  0.623719  0.693980  0.632875  0.648001  0.161718  0.159850  0.167337  0.310386  0.459148  0.166448  0.158410  0.079747  0.274219  0.518369  0.358628  0.171278  0.168151  0.308843  0.170233  0.346773  0.286778  0.683950  0.279854 
10  0.569359  0.625495  0.292049  0.650176  0.079747  0.662567  0.613957  0.475536  0.606655  0.639935 0.0  0.631611  0.603330  0.561324  0.548035  0.538875  0.791343  0.616636  0.532715  0.705777  0.284968  0.663279  0.079747  0.607868  0.669564  0.638340  0.762552  0.635068  0.592656  0.670781  0.662328  0.722515  0.598619  0.546674  0.656260  0.669513  0.641765  0.585807  0.565843  0.682522  0.664850  0.589048  0.634149  0.542589  0.589353  0.556277  0.283746  0.599250  0.602569  0.706833  0.279162  0.664375  0.522744  0.888456  0.664301  0.550697  0.079747  0.695638  0.580984  0.705676  0.551619  0.580829  0.669363  0.585264  0.527066  0.556510  0.554300  0.644857  0.308424  0.605126  0.613587  0.587427  0.645328  0.599392  0.433283  0.613769  0.524785  0.603568  0.623406  0.668603  0.628205  0.673543  0.677357  0.734824  0.626513  0.563741  0.658274  0.681720  0.605592 
11  0.707566  0.670797  0.618707  0.683125  0.674655  0.522713  0.584839  0.729756  0.697950  0.157973  0.631611 0.0  0.617767  0.252522  0.808126  0.520450  0.817515  0.419580  0.777997  0.563212  0.621003  0.279725  0.630927  0.841400  0.273227  0.328930  0.841640  0.464434  0.079747  0.715612  0.748530  0.820370  0.603676  0.163922  0.499186  0.524563  0.281083  0.171037  0.784089  0.525191  0.678991  0.711837  0.152506  0.712902  0.638431  0.812062  0.594989  0.690451  0.688880  0.465589  0.636878  0.788931  0.582988  1.000000  0.266774  0.810992  0.576207  0.387018  0.748950  0.709102  0.779763  0.625506  0.460350  0.304137  0.171989  0.288170  0.601167  0.714722  0.608979  0.583081  0.079747  0.079747  0.079747  0.274622  0.479541  0.079747  0.079747  0.079747  0.316062  0.499428  0.466184  0.079747  0.079747  0.268033  0.125770  0.463343  0.285782  0.753254  0.275880 
12  0.717582  0.297166  0.566790  0.643983  0.595101  0.737312  0.668625  0.764845  0.251726  0.759366  0.603330  0.617767 0.0  0.651889  0.745581  0.795356  0.899122  0.663073  0.700904  0.720813  0.691633  0.667139  0.594501  0.730958  0.667023  0.766215  0.718966  0.758158  0.523057  0.440066  0.746307  0.755997  0.670934  0.688613  0.681493  0.703847  0.675003  0.672555  0.721525  0.611276  0.723233  0.573676  0.715590  0.400491  0.628340  0.445472  0.698712  0.417976  0.724436  0.689811  0.631099  0.756775  0.777905  0.775283  0.868894  0.201536  0.611854  0.772978  0.680732  0.669307  0.705342  0.414635  0.698167  0.753798  0.652037  0.747315  0.636733  0.758796  0.603095  0.518213  0.774729  0.635195  0.696957  0.693014  0.420345  0.704364  0.592320  0.569218  0.717042  0.577543  0.568557  0.696610  0.674445  0.675519  0.655163  0.769721  0.557763  0.428563  0.671890 
13  0.683655  0.665677  0.641215  0.722515  0.565750  0.359523  0.703086  0.822680  0.700050  0.297998  0.561324  0.252522  0.651889 0.0  0.669403  0.431277  0.868702  0.455140  0.636166  0.637358  0.692313  0.079747  0.678813  0.751994  0.142482  0.256306  0.816762  0.443178  0.281887  0.780489  0.666456  0.726473  0.625704  0.322083  0.441071  0.460091  0.165717  0.271140  0.774510  0.588975  0.579960  0.649635  0.267066  0.680402  0.816509  0.697907  0.634456  0.664177  0.656690  0.447812  0.586353  0.663311  0.681667  0.837797  0.160921  0.580034  0.638417  0.485771  0.805765  0.634589  0.772379  0.750137  0.534771  0.166443  0.263700  0.165505  0.573123  0.919219  0.606892  0.595644  0.296630  0.304694  0.286858  0.268879  0.443801  0.312363  0.279904  0.079747  0.279633  0.436562  0.500905  0.262831  0.302014  0.167710  0.260716  0.545868  0.161803  0.706597  0.145723 
14  0.479105  0.718047  0.692202  0.433141  0.573879  0.734278  0.635947  0.390305  0.655733  0.817996  0.548035  0.808126  0.745581  0.669403 0.0  0.699125  0.749778  0.771412  0.223886  0.276960  0.575635  0.620823  0.587706  0.202575  0.779054  0.669856  0.911529  0.759353  0.767309  0.706992  0.379984  0.199791  0.614510  0.640076  0.723575  0.738522  0.670576  0.672613  0.190863  0.647377  0.700018  0.700185  0.665687  0.757182  0.414304  0.675536  0.634764  0.662357  0.452376  0.760003  0.576582  0.381808  0.411251  0.897223  0.782598  0.616088  0.610874  0.682943  0.414088  0.403406  0.079747  0.715242  0.707876  0.705776  0.795139  0.723532  0.655548  0.416809  0.644650  0.646708  0.639816  0.769420  0.861761  0.645839  0.468765  0.677207  0.671286  0.672546  0.749890  0.704052  0.736627  0.675383  0.634042  0.797232  0.609233  0.755260  0.785071  0.742003  0.619562 
15  0.811607  0.758883  0.633882  0.599261  0.666542  0.079747  0.506561  0.813288  0.778620  0.449580  0.538875  0.520450  0.795356  0.431277  0.699125 0.0  0.723213  0.283948  0.625047  0.678366  0.515201  0.477225  0.505203  0.712521  0.505595  0.505709  0.770910  0.166808  0.469474  0.682599  0.721046  0.656179  0.543910  0.447905  0.157363  0.256673  0.493008  0.476749  0.793383  0.614444  0.582793  0.624155  0.482744  0.858587  0.751548  0.631138  0.545506  0.688918  0.666779  0.300917  0.638692  0.737577  0.799102  0.700195  0.453210  0.712771  0.544837  0.299834  0.672811  0.707288  0.749338  0.803039  0.284712  0.484168  0.532740  0.446687  0.686873  0.724493  0.565232  0.604896  0.494970  0.472349  0.531154  0.537865  0.501205  0.448587  0.478899  0.267865  0.487665  0.305193  0.158944  0.435835  0.498762  0.476762  0.464893  0.155675  0.425654  0.685273  0.436195 
16  0.797703  0.760417  0.747812  0.729117  0.808619  0.902932  0.845126  0.664946  0.830055  0.827073  0.791343  0.817515  0.899122  0.868702  0.749778  0.723213 0.0  0.841306  0.832301  0.831694  0.815449  0.687314  0.792138  0.834863  0.801816  0.755726  0.079747  0.680701  0.787537  0.785351  0.871059  0.804619  0.855142  0.822588  0.685989  0.807170  0.838390  0.893199  0.778975  0.838830  0.772421  0.689881  0.873894  0.754690  0.736058  0.831093  0.775472  0.775958  0.822863  0.865366  0.793696  0.767093  0.831183  0.079747  0.829060  0.838742  0.704510  0.932924  0.767822  0.861519  0.814987  0.796870  0.811215  0.824136  0.928251  0.752854  0.788113  0.761794  0.830250  0.849206  0.843928  0.844054  0.741069  0.756556  0.746380  0.837321  0.741064  0.786133  0.824066  0.905005  0.772896  0.729166  0.794757  0.849703  0.775489  0.750116  0.883367  0.929822  0.748690 
17  0.737845  0.667337  0.700916  0.797850  0.545173  0.249800  0.674225  0.763255  0.618937  0.486522  0.616636  0.419580  0.663073  0.455140  0.771412  0.283948  0.841306 0.0  0.695277  0.553675  0.600873  0.550161  0.562929  0.787293  0.410614  0.512120  0.745595  0.295488  0.515486  0.720707  0.744679  0.761994  0.582832  0.451404  0.273068  0.157962  0.449467  0.503610  0.773882  0.631832  0.592335  0.710563  0.535917  0.683627  0.825891  0.775539  0.663438  0.710037  0.699793  0.174272  0.616586  0.653724  0.853490  0.796982  0.417633  0.733485  0.609011  0.163571  0.779761  0.584216  0.627738  0.604198  0.154324  0.512534  0.541255  0.486011  0.562764  0.722570  0.571171  0.697224  0.493339  0.534073  0.470891  0.474965  0.441736  0.439054  0.464677  0.313555  0.392305  0.151190  0.270813  0.450218  0.428854  0.465647  0.467482  0.284539  0.456055  0.694058  0.507063 
18  0.498309  0.740956  0.702046  0.428180  0.709746  0.750305  0.571044  0.420723  0.714722  0.778785  0.532715  0.777997  0.700904  0.636166  0.223886  0.625047  0.832301  0.695277 0.0  0.321429  0.556052  0.745793  0.677853  0.079747  0.632458  0.688801  0.849793  0.779721  0.620112  0.764076  0.405354  0.079747  0.620054  0.754137  0.774511  0.661812  0.745150  0.742353  0.079747  0.595832  0.553998  0.619066  0.703295  0.723710  0.338913  0.764626  0.599824  0.778777  0.391202  0.785778  0.571204  0.465690  0.353477  0.901297  0.652577  0.779922  0.741296  0.717277  0.406720  0.407802  0.207422  0.741780  0.646671  0.686581  0.605117  0.767711  0.700599  0.452339  0.739262  0.624644  0.841653  0.716999  0.733821  0.714350  0.496384  0.681339  0.678016  0.679766  0.661005  0.742969  0.809360  0.763014  0.752192  0.719957  0.687746  0.732788  0.662387  0.807143  0.718507 
19  0.289616  0.596177  0.623226  0.276315  0.618818  0.671306  0.620189  0.304129  0.632578  0.615474  0.705777  0.563212  0.720813  0.637358  0.276960  0.678366  0.831694  0.553675  0.321429 0.0  0.614384  0.668011  0.616838  0.275810  0.604277  0.631874  0.702753  0.701085  0.586484  0.635304  0.282315  0.306061  0.477536  0.613782  0.619523  0.592865  0.546709  0.615055  0.261068  0.682747  0.557282  0.533449  0.602863  0.559627  0.292867  0.715632  0.641993  0.571220  0.264755  0.686583  0.599800  0.275578  0.268693  0.897041  0.666014  0.638192  0.559601  0.672321  0.318017  0.319213  0.292921  0.613959  0.627220  0.556255  0.720603  0.592576  0.636826  0.287655  0.576908  0.637182  0.596254  0.609087  0.551476  0.668808  0.413810  0.750084  0.701993  0.701982  0.584674  0.685321  0.649436  0.588210  0.670941  0.653151  0.616421  0.569194  0.625403  0.671542  0.618358 
20  0.630539  0.664887  0.305627  0.663352  0.300392  0.578917  0.625520  0.587164  0.716189  0.630224  0.284968  0.621003  0.691633  0.692313  0.575635  0.515201  0.815449  0.600873  0.556052  0.614384 0.0  0.579613  0.280415  0.662036  0.635109  0.626513  0.901930  0.610942  0.623989  0.625211  0.577187  0.627801  0.581830  0.567534  0.658231  0.635635  0.610546  0.614108  0.577556  0.612602  0.585079  0.703100  0.510144  0.619399  0.607558  0.595771  0.310808  0.586729  0.559709  0.727935  0.285020  0.641907  0.655576  0.864930  0.624809  0.639425  0.309225  0.648505  0.623176  0.657407  0.717200  0.521838  0.722731  0.581251  0.602319  0.576347  0.563509  0.617748  0.310757  0.576623  0.551201  0.559524  0.661716  0.593680  0.453196  0.666366  0.605784  0.618344  0.587161  0.666010  0.613206  0.662474  0.683792  0.644965  0.634708  0.703659  0.642929  0.749220  0.621672 
21  0.744284  0.775653  0.644345  0.818483  0.659991  0.407450  0.603819  0.650976  0.647641  0.262718  0.663279  0.279725  0.667139  0.079747  0.620823  0.477225  0.687314  0.550161  0.745793  0.668011  0.579613 0.0  0.612867  0.730719  0.154587  0.271065  0.659559  0.482366  0.268989  0.656796  0.732831  0.751497  0.682185  0.274202  0.460493  0.469753  0.168645  0.281226  0.885262  0.636550  0.600235  0.621370  0.296621  0.710092  0.809256  0.711182  0.658748  0.779508  0.657519  0.534934  0.712627  0.695014  0.849327  0.758830  0.139906  0.745520  0.624420  0.482662  0.787227  0.772805  0.661388  0.658826  0.459188  0.150706  0.291860  0.153731  0.613172  0.792990  0.635148  0.608892  0.265065  0.299005  0.291821  0.286930  0.424009  0.257864  0.294734  0.079747  0.283612  0.504425  0.450964  0.260365  0.269805  0.158404  0.331142  0.476441  0.150222  0.686582  0.163741 
22  0.686071  0.674833  0.308071  0.659699  0.079747  0.585604  0.671138  0.689383  0.678907  0.669857  0.079747  0.630927  0.594501  0.678813  0.587706  0.505203  0.792138  0.562929  0.677853  0.616838  0.280415  0.612867 0.0  0.678785  0.670499  0.550004  0.847704  0.572083  0.662371  0.610129  0.504181  0.677674  0.614542  0.687748  0.661478  0.594123  0.642201  0.576518  0.609792  0.689900  0.608206  0.607190  0.566413  0.690236  0.569382  0.579633  0.266815  0.606578  0.675981  0.704338  0.307870  0.534036  0.610147  0.798751  0.564610  0.577376  0.079747  0.629784  0.506834  0.620458  0.618159  0.498531  0.593705  0.663181  0.647682  0.582808  0.672036  0.646087  0.313653  0.579176  0.649391  0.585844  0.563360  0.639648  0.425566  0.625405  0.603507  0.631539  0.656060  0.636195  0.608124  0.530000  0.612067  0.695734  0.642580  0.623799  0.629927  0.578215  0.595356 
23  0.439376  0.751756  0.533007  0.401978  0.571652  0.653446  0.730920  0.444437  0.680273  0.729534  0.607868  0.841400  0.730958  0.751994  0.202575  0.712521  0.834863  0.787293  0.079747  0.275810  0.662036  0.730719  0.678785 0.0  0.725988  0.715628  0.713766  0.740489  0.791138  0.692485  0.375540  0.134366  0.672931  0.663634  0.761962  0.758511  0.819942  0.869987  0.131297  0.673543  0.651921  0.635883  0.728273  0.754987  0.471664  0.708034  0.589211  0.774384  0.398664  0.913220  0.528654  0.382686  0.513294  0.725295  0.757630  0.637783  0.647099  0.738465  0.373803  0.384775  0.210399  0.662899  0.775548  0.792836  0.713875  0.771886  0.613829  0.493778  0.534195  0.654107  0.802127  0.841869  0.772529  0.775202  0.504722  0.627189  0.712296  0.641726  0.867672  0.809608  0.772627  0.621026  0.738665  0.767024  0.677590  0.844404  0.693876  0.719871  0.723281 
24  0.743711  0.696693  0.656427  0.749829  0.650540  0.538739  0.652471  0.794989  0.718807  0.278831  0.669564  0.273227  0.667023  0.142482  0.779054  0.505595  0.801816  0.410614  0.632458  0.604277  0.635109  0.154587  0.670499  0.725988 0.0  0.293506  0.859501  0.450467  0.349024  0.635646  0.579406  0.791521  0.622930  0.246679  0.464132  0.540938  0.079747  0.250603  0.811847  0.622399  0.547301  0.642068  0.262433  0.625865  0.770651  0.790029  0.652013  0.795839  0.844244  0.488492  0.677509  0.717101  0.768609  0.743371  0.079747  0.697726  0.548174  0.548991  0.637783  0.711536  0.658037  0.691789  0.394056  0.079747  0.283456  0.079747  0.677996  0.756064  0.524885  0.540518  0.301627  0.252546  0.288687  0.255632  0.448889  0.246467  0.289048  0.079747  0.326592  0.542195  0.575644  0.262531  0.291169  0.079747  0.289466  0.413127  0.079747  0.712436  0.079747 
25  0.702769  0.643655  0.622078  0.793292  0.660571  0.444102  0.637241  0.805539  0.697243  0.267422  0.638340  0.328930  0.766215  0.256306  0.669856  0.505709  0.755726  0.512120  0.688801  0.631874  0.626513  0.271065  0.550004  0.715628  0.293506 0.0  0.918678  0.431699  0.300591  0.769041  0.827003  0.804078  0.655930  0.283565  0.486654  0.574059  0.261145  0.246864  0.652707  0.645861  0.638944  0.550190  0.239117  0.765264  0.730115  0.811041  0.717418  0.819113  0.712643  0.495481  0.611397  0.614062  0.687776  0.605451  0.256907  0.747438  0.633399  0.497036  0.675503  0.659073  0.884184  0.720076  0.485105  0.266455  0.281997  0.294395  0.599182  0.682231  0.473810  0.611128  0.261901  0.355687  0.274681  0.134610  0.443336  0.303047  0.267355  0.079747  0.079747  0.426533  0.425837  0.271955  0.272986  0.233112  0.326844  0.469937  0.258991  0.611290  0.306716 
26  0.793665  0.785705  0.818089  0.716322  0.641457  0.731555  0.741464  0.731170  0.797576  0.747750  0.762552  0.841640  0.718966  0.816762  0.911529  0.770910  0.079747  0.745595  0.849793  0.702753  0.901930  0.659559  0.847704  0.713766  0.859501  0.918678 0.0  0.792417  0.826462  0.670042  0.661556  0.809712  0.784310  0.814275  0.714574  0.711421  0.821484  0.644909  0.839570  0.737265  0.855752  0.748037  0.731019  0.695469  0.731212  0.809385  0.862538  0.832224  0.832916  0.923718  0.745248  0.861252  0.684810  0.079747  0.914166  0.900011  0.792856  0.719575  0.813091  0.756819  0.727324  0.872684  0.779554  0.844256  0.878913  0.832799  0.864437  0.812679  0.641505  0.782592  0.821551  0.825104  0.775640  0.867884  0.712708  0.769894  0.820296  0.832484  0.823931  0.917582  0.816844  0.928065  0.788330  0.783981  0.947154  0.699855  0.784692  0.720739  0.832808 
27  0.741754  0.750373  0.615619  0.679363  0.666959  0.158422  0.564175  0.775393  0.758720  0.376948  0.635068  0.464434  0.758158  0.443178  0.759353  0.166808  0.680701  0.295488  0.779721  0.701085  0.610942  0.482366  0.572083  0.740489  0.450467  0.431699  0.792417 0.0  0.443080  0.688249  0.791691  0.812378  0.663436  0.512805  0.079747  0.272689  0.485668  0.546695  0.744719  0.651178  0.595731  0.607443  0.411526  0.771383  0.719806  0.625330  0.617949  0.725509  0.762519  0.271809  0.652118  0.679283  0.707901  0.753222  0.549573  0.691286  0.604831  0.290649  0.716004  0.671517  0.689399  0.684920  0.310693  0.518297  0.381084  0.459550  0.630971  0.648606  0.605226  0.703945  0.504132  0.402211  0.438053  0.519912  0.528983  0.448807  0.474394  0.289244  0.489313  0.266318  0.079747  0.490693  0.511154  0.488465  0.431995  0.079747  0.474008  0.699439  0.472375 
28  0.611534  0.758990  0.673626  0.729973  0.582423  0.496259  0.588646  0.676205  0.734560  0.150594  0.592656  0.079747  0.523057  0.281887  0.767309  0.469474  0.787537  0.515486  0.620112  0.586484  0.623989  0.268989  0.662371  0.791138  0.349024  0.300591  0.826462  0.443080 0.0  0.666930  0.767008  0.787372  0.501413  0.165644  0.488611  0.469404  0.288668  0.154872  0.771051  0.604277  0.564752  0.654411  0.149728  0.715972  0.629483  0.656273  0.491437  0.694461  0.651549  0.529024  0.552773  0.620095  0.609637  0.789907  0.302758  0.707880  0.484727  0.455439  0.788238  0.725931  0.681344  0.784682  0.368481  0.265643  0.155227  0.267951  0.600683  0.732657  0.770765  0.602507  0.079747  0.079747  0.079747  0.244418  0.434462  0.079747  0.079747  0.079747  0.329988  0.509216  0.389464  0.079747  0.079747  0.251271  0.079747  0.512052  0.313962  0.814023  0.261889 
29  0.659130  0.214376  0.728811  0.633318  0.679359  0.753428  0.622317  0.702001  0.235551  0.773762  0.670781  0.715612  0.440066  0.780489  0.706992  0.682599  0.785351  0.720707  0.764076  0.635304  0.625211  0.656796  0.610129  0.692485  0.635646  0.769041  0.670042  0.688249  0.666930 0.0  0.766613  0.768054  0.619618  0.701256  0.751253  0.694342  0.606973  0.712245  0.812071  0.652154  0.667770  0.645562  0.751690  0.079747  0.629102  0.079747  0.601977  0.079747  0.695516  0.704040  0.575595  0.619231  0.612694  0.758619  0.752637  0.446960  0.656113  0.676650  0.697213  0.740204  0.650205  0.079747  0.624409  0.647488  0.712148  0.732759  0.582404  0.704170  0.643575  0.720500  0.738823  0.710746  0.726672  0.695308  0.491247  0.759513  0.711646  0.578124  0.730089  0.650292  0.736352  0.743725  0.695400  0.637011  0.852437  0.676553  0.749343  0.193165  0.653725 
30  0.447462  0.704168  0.700908  0.388823  0.705922  0.735746  0.634178  0.355314  0.621681  0.676898  0.662328  0.748530  0.746307  0.666456  0.379984  0.721046  0.871059  0.744679  0.405354  0.282315  0.577187  0.732831  0.504181  0.375540  0.579406  0.827003  0.661556  0.791691  0.767008  0.766613 0.0  0.414161  0.543076  0.785642  0.592643  0.774896  0.778649  0.759979  0.365428  0.589042  0.628241  0.582139  0.673780  0.701465  0.442229  0.723120  0.602614  0.586291  0.445246  0.709921  0.616340  0.350580  0.379278  0.758206  0.761788  0.713025  0.581283  0.681043  0.457999  0.412518  0.372946  0.590628  0.761281  0.669146  0.638023  0.710010  0.619892  0.372349  0.590680  0.616451  0.770909  0.822224  0.688384  0.665570  0.456298  0.682446  0.577623  0.683195  0.828588  0.705073  0.735696  0.704769  0.582378  0.768948  0.667588  0.762358  0.665491  0.767094  0.634693 
31  0.438388  0.744835  0.527020  0.445336  0.637397  0.808319  0.511487  0.473075  0.860788  0.723071  0.722515  0.820370  0.755997  0.726473  0.199791  0.656179  0.804619  0.761994  0.079747  0.306061  0.627801  0.751497  0.677674  0.134366  0.791521  0.804078  0.809712  0.812378  0.787372  0.768054  0.414161 0.0  0.686662  0.743147  0.914176  0.750157  0.761255  0.727418  0.079747  0.579053  0.588240  0.612708  0.825058  0.756159  0.497641  0.705942  0.593062  0.677911  0.361762  0.642209  0.609655  0.412600  0.508397  0.863642  0.815598  0.555488  0.623055  0.739144  0.428294  0.358283  0.183755  0.734403  0.819450  0.807620  0.825894  0.768857  0.599330  0.506141  0.545310  0.713714  0.741517  0.907114  0.720942  0.708679  0.508805  0.793555  0.738009  0.626665  0.762951  0.810969  0.697262  0.862391  0.733874  0.687445  0.765657  0.674919  0.823730  0.647307  0.841222 
32  0.634921  0.653273  0.626142  0.644061  0.517518  0.704265  0.629439  0.632574  0.620630  0.629942  0.598619  0.603676  0.670934  0.625704  0.614510  0.543910  0.855142  0.582832  0.620054  0.477536  0.581830  0.682185  0.614542  0.672931  0.622930  0.655930  0.784310  0.663436  0.501413  0.619618  0.543076  0.686662 0.0  0.628981  0.679677  0.641903  0.641382  0.695879  0.632953  0.292178  0.281246  0.079747  0.466928  0.621021  0.595571  0.634571  0.641274  0.606836  0.569295  0.607672  0.657204  0.729274  0.619698  0.764271  0.684198  0.622540  0.630863  0.661807  0.561385  0.626801  0.584933  0.625840  0.718581  0.626788  0.652378  0.624157  0.690009  0.674328  0.665890  0.576935  0.627167  0.622388  0.603889  0.623217  0.510547  0.698351  0.635451  0.670042  0.568463  0.639660  0.537468  0.657663  0.618814  0.666777  0.510126  0.628558  0.695726  0.579595  0.595392 
33  0.606303  0.655323  0.563000  0.753576  0.668603  0.428693  0.661073  0.774815  0.587313  0.164458  0.546674  0.163922  0.688613  0.322083  0.640076  0.447905  0.822588  0.451404  0.754137  0.613782  0.567534  0.274202  0.687748  0.663634  0.246679  0.283565  0.814275  0.512805  0.165644  0.701256  0.785642  0.743147  0.628981 0.0  0.482679  0.446494  0.276113  0.079747  0.734111  0.547430  0.611694  0.544813  0.167427  0.745292  0.735798  0.746063  0.604539  0.702480  0.805091  0.534617  0.645063  0.732530  0.840339  0.777557  0.291262  0.773126  0.652544  0.416354  0.795922  0.674768  0.736510  0.739104  0.444069  0.262883  0.159984  0.308124  0.559104  0.709399  0.603895  0.727389  0.158983  0.159486  0.145000  0.299504  0.383472  0.176417  0.183627  0.079747  0.291712  0.438096  0.437242  0.165326  0.157834  0.277793  0.152222  0.428097  0.300386  0.743451  0.239975 
34  0.680567  0.723053  0.572121  0.624191  0.769336  0.153500  0.601324  0.768881  0.683831  0.302681  0.656260  0.499186  0.681493  0.441071  0.723575  0.157363  0.685989  0.273068  0.774511  0.619523  0.658231  0.460493  0.661478  0.761962  0.464132  0.486654  0.714574  0.079747  0.488611  0.751253  0.592643  0.914176  0.679677  0.482679 0.0  0.265718  0.459843  0.480834  0.868040  0.603720  0.492154  0.678158  0.358723  0.706618  0.743466  0.701096  0.699781  0.575318  0.685635  0.313321  0.519691  0.680845  0.705330  0.823461  0.484855  0.646469  0.637978  0.305871  0.727079  0.675165  0.796940  0.755227  0.310593  0.443651  0.310025  0.494912  0.636383  0.732224  0.642024  0.602657  0.482110  0.496740  0.390400  0.484750  0.469789  0.524047  0.352339  0.269940  0.497849  0.284689  0.079747  0.428382  0.496597  0.494688  0.452211  0.079747  0.505234  0.768944  0.509417 
35  0.790096  0.645120  0.736329  0.804728  0.611247  0.270551  0.674775  0.659174  0.695990  0.507747  0.669513  0.524563  0.703847  0.460091  0.738522  0.256673  0.807170  0.157962  0.661812  0.592865  0.635635  0.469753  0.594123  0.758511  0.540938  0.574059  0.711421  0.272689  0.469404  0.694342  0.774896  0.750157  0.641903  0.446494  0.265718 0.0  0.369873  0.476483  0.833787  0.668642  0.634192  0.620652  0.520853  0.645866  0.713875  0.700560  0.630897  0.742820  0.735733  0.130740  0.721195  0.585851  0.846887  0.736897  0.400911  0.713402  0.627389  0.168411  0.603089  0.715186  0.708005  0.705032  0.160376  0.470300  0.513531  0.479618  0.666134  0.728963  0.673683  0.700677  0.516203  0.502655  0.536405  0.507139  0.424011  0.507102  0.462383  0.271928  0.451529  0.170910  0.280698  0.478259  0.453336  0.451684  0.520200  0.313073  0.550177  0.764640  0.405121 
36  0.833139  0.690019  0.631353  0.747501  0.636523  0.405904  0.511341  0.695693  0.712862  0.296089  0.641765  0.281083  0.675003  0.165717  0.670576  0.493008  0.838390  0.449467  0.745150  0.546709  0.610546  0.168645  0.642201  0.819942  0.079747  0.261145  0.821484  0.485668  0.288668  0.606973  0.778649  0.761255  0.641382  0.276113  0.459843  0.369873 0.0  0.252808  0.584510  0.551315  0.644278  0.559430  0.275631  0.711395  0.787502  0.709346  0.672871  0.685701  0.736613  0.459039  0.516696  0.878003  0.916478  0.680763  0.079747  0.671634  0.535041  0.468032  0.680252  0.652985  0.802834  0.756104  0.497167  0.079747  0.280350  0.079747  0.633096  0.761491  0.597173  0.577408  0.234189  0.252554  0.290232  0.268150  0.444334  0.313061  0.330632  0.079747  0.275610  0.508958  0.450508  0.259658  0.271364  0.079747  0.257904  0.472600  0.079747  0.675514  0.079747 
37  0.667784  0.532822  0.549440  0.713041  0.626515  0.533594  0.565112  0.673427  0.612687  0.161061  0.585807  0.171037  0.672555  0.271140  0.672613  0.476749  0.893199  0.503610  0.742353  0.615055  0.614108  0.281226  0.576518  0.869987  0.250603  0.246864  0.644909  0.546695  0.154872  0.712245  0.759979  0.727418  0.695879  0.079747  0.480834  0.476483  0.252808 0.0  0.793077  0.585067  0.587878  0.548752  0.159336  0.732100  0.835227  0.752622  0.654745  0.705645  0.714315  0.517082  0.643760  0.694912  0.735024  0.755046  0.279208  0.736177  0.596369  0.472311  0.792802  0.762860  0.678118  0.640497  0.515913  0.303947  0.156142  0.307065  0.552757  0.816124  0.593497  0.548684  0.156102  0.150433  0.160456  0.319642  0.446270  0.157601  0.162332  0.079747  0.248819  0.438792  0.485986  0.150301  0.146971  0.311784  0.154577  0.467359  0.312859  0.745757  0.288566 
38  0.340085  0.619245  0.757061  0.436347  0.559873  0.837099  0.616855  0.435345  0.683563  0.826361  0.565843  0.784089  0.721525  0.774510  0.190863  0.793383  0.778975  0.773882  0.079747  0.261068  0.577556  0.885262  0.609792  0.131297  0.811847  0.652707  0.839570  0.744719  0.771051  0.812071  0.365428  0.079747  0.632953  0.734111  0.868040  0.833787  0.584510  0.793077 0.0  0.701751  0.730808  0.622083  0.786992  0.771297  0.465161  0.662653  0.675227  0.738382  0.458416  0.794883  0.632428  0.425565  0.506776  0.699261  0.823367  0.690957  0.608067  0.768054  0.414643  0.418400  0.216163  0.642003  0.670732  0.749320  0.651701  0.726844  0.642386  0.451573  0.650821  0.578970  0.710421  0.658532  0.781222  0.862249  0.420085  0.732629  0.779260  0.636947  0.911300  0.700217  0.733179  0.810214  0.704088  0.702846  0.810761  0.780161  0.768046  0.660702  0.870914 
39  0.669400  0.661158  0.531219  0.627633  0.637778  0.675360  0.598115  0.610838  0.540377  0.568719  0.682522  0.525191  0.611276  0.588975  0.647377  0.614444  0.838830  0.631832  0.595832  0.682747  0.612602  0.636550  0.689900  0.673543  0.622399  0.645861  0.737265  0.651178  0.604277  0.652154  0.589042  0.579053  0.292178  0.547430  0.603720  0.668642  0.551315  0.585067  0.701751 0.0  0.293096  0.288317  0.628962  0.591115  0.678712  0.602119  0.524339  0.705325  0.669313  0.653357  0.693746  0.587971  0.787201  0.832708  0.658877  0.678977  0.634945  0.684060  0.586760  0.629142  0.639565  0.632509  0.565943  0.563050  0.457143  0.559170  0.558502  0.619687  0.631832  0.555641  0.647889  0.595712  0.667287  0.671926  0.421930  0.605316  0.672141  0.604657  0.540794  0.623439  0.572604  0.673431  0.594313  0.532530  0.634255  0.672707  0.690276  0.514719  0.631261 
40  0.613625  0.599642  0.653304  0.650061  0.647020  0.670063  0.524481  0.609771  0.695520  0.598412  0.664850  0.678991  0.723233  0.579960  0.700018  0.582793  0.772421  0.592335  0.553998  0.557282  0.585079  0.600235  0.608206  0.651921  0.547301  0.638944  0.855752  0.595731  0.564752  0.667770  0.628241  0.588240  0.281246  0.611694  0.492154  0.634192  0.644278  0.587878  0.730808  0.293096 0.0  0.319565  0.606228  0.680562  0.569522  0.574967  0.707435  0.662590  0.624521  0.597150  0.729153  0.669791  0.673198  0.868809  0.646655  0.679884  0.569273  0.600943  0.628492  0.642556  0.574570  0.565561  0.517520  0.527613  0.615262  0.698283  0.658943  0.637391  0.705013  0.634580  0.707415  0.586687  0.696584  0.656921  0.409848  0.574813  0.685279  0.699324  0.562477  0.566192  0.666285  0.553243  0.604516  0.692956  0.605583  0.577171  0.654431  0.665087  0.636163 
41  0.636892  0.587214  0.605570  0.614922  0.618828  0.599341  0.545594  0.572613  0.579899  0.551660  0.589048  0.711837  0.573676  0.649635  0.700185  0.624155  0.689881  0.710563  0.619066  0.533449  0.703100  0.621370  0.607190  0.635883  0.642068  0.550190  0.748037  0.607443  0.654411  0.645562  0.582139  0.612708  0.079747  0.544813  0.678158  0.620652  0.559430  0.548752  0.622083  0.288317  0.319565 0.0  0.551024  0.583985  0.615864  0.617577  0.624917  0.644662  0.670226  0.579491  0.687688  0.703697  0.654856  0.739427  0.610992  0.659055  0.608496  0.541273  0.560541  0.644375  0.612530  0.605352  0.680303  0.577615  0.630722  0.617958  0.667138  0.628460  0.669952  0.596473  0.650795  0.594774  0.585001  0.497589  0.476907  0.638385  0.616511  0.655022  0.564209  0.585150  0.558580  0.669373  0.614690  0.664553  0.663922  0.603609  0.652538  0.692223  0.479828 
42  0.701985  0.762509  0.758001  0.694554  0.628615  0.490098  0.644697  0.864705  0.710908  0.079747  0.634149  0.152506  0.715590  0.267066  0.665687  0.482744  0.873894  0.535917  0.703295  0.602863  0.510144  0.296621  0.566413  0.728273  0.262433  0.239117  0.731019  0.411526  0.149728  0.751690  0.673780  0.825058  0.466928  0.167427  0.358723  0.520853  0.275631  0.159336  0.786992  0.628962  0.606228  0.551024 0.0  0.666258  0.831039  0.813083  0.552252  0.622933  0.695061  0.461837  0.665549  0.729952  0.853158  0.868088  0.307145  0.844343  0.531278  0.507640  0.639430  0.755008  0.583893  0.739389  0.400065  0.268160  0.079747  0.334611  0.612591  0.807647  0.630448  0.683293  0.155258  0.170406  0.167392  0.299434  0.512481  0.159015  0.148296  0.079747  0.277238  0.439173  0.432157  0.148409  0.148308  0.306849  0.164089  0.422629  0.304708  0.732629  0.279812 
43  0.671648  0.198798  0.625249  0.766854  0.599912  0.697014  0.620855  0.674685  0.214449  0.687198  0.542589  0.712902  0.400491  0.680402  0.757182  0.858587  0.754690  0.683627  0.723710  0.559627  0.619399  0.710092  0.690236  0.754987  0.625865  0.765264  0.695469  0.771383  0.715972  0.079747  0.701465  0.756159  0.621021  0.745292  0.706618  0.645866  0.711395  0.732100  0.771297  0.591115  0.680562  0.583985  0.666258 0.0  0.655940  0.079747  0.625569  0.079747  0.753214  0.554416  0.613208  0.670002  0.686335  0.772703  0.676020  0.424371  0.656222  0.672598  0.681907  0.695295  0.760303  0.079747  0.611336  0.698637  0.611085  0.707983  0.609486  0.719581  0.578235  0.696872  0.793147  0.749336  0.751379  0.665010  0.449634  0.689240  0.736745  0.615588  0.666899  0.725959  0.712937  0.774250  0.745451  0.610308  0.657351  0.716594  0.779220  0.189181  0.716220 
44  0.216804  0.811430  0.634165  0.197620  0.586223  0.684630  0.633927  0.079747  0.714584  0.730357  0.589353  0.638431  0.628340  0.816509  0.414304  0.751548  0.736058  0.825891  0.338913  0.292867  0.607558  0.809256  0.569382  0.471664  0.770651  0.730115  0.731212  0.719806  0.629483  0.629102  0.442229  0.497641  0.595571  0.735798  0.743466  0.713875  0.787502  0.835227  0.465161  0.678712  0.569522  0.615864  0.831039  0.655940 0.0  0.802777  0.627074  0.682223  0.231499  0.844434  0.666399  0.207665  0.079747  0.705383  0.717860  0.670775  0.538464  0.793926  0.182486  0.188219  0.406978  0.702881  0.825923  0.786593  0.791897  0.665841  0.680090  0.164520  0.590480  0.548149  0.716133  0.632288  0.682682  0.665863  0.415358  0.686152  0.663820  0.645103  0.849987  0.782771  0.855471  0.730488  0.629239  0.815110  0.723359  0.662705  0.750547  0.811118  0.736308 
