89
0 0.0  0.783175  0.699177  0.181765  0.662785  0.679446  0.684257  0.293981  0.754289  0.746178  0.641234  0.821482  0.744527  0.754865  0.378702  0.739276  0.776130  0.769412  0.448135  0.339008  0.678885  0.855433  0.632568  0.425489  0.723655  0.737901  0.731416  0.793563  0.822735  0.937256  0.452688  0.491698  0.641514  0.773349  0.815169  0.892822  0.754499  0.679604  0.398983  0.670444  0.739143  0.628527  0.783225  0.754668  0.344005  0.761678  0.744956  0.688655  0.229645  0.924849  0.572911  0.192459  0.173576  0.817657  0.707832  0.768182  0.711294  0.792973  0.248507  0.080816  0.603033  0.810933  0.807105  0.784271  0.854637  0.803457  0.669642  0.240534  0.750289  0.701313  0.847824  0.814471  0.624092  0.735967  0.429520  0.765965  0.814250  0.676500  0.751098  0.882104  0.783912  0.788651  0.818244  0.842684  0.798634  0.914724  0.799974  0.806490  0.848906 
1  0.783175 0.0  0.604330  0.783723  0.704055  0.874585  0.767442  0.835459  0.080816  0.798966  0.729756  0.803988  0.292473  0.765839  0.818698  0.747875  0.787203  0.879257  0.854606  0.634765  0.578155  0.744776  0.763512  0.772241  0.809433  0.754754  0.796878  0.810783  0.659509  0.343813  0.741166  0.790433  0.615197  0.859647  0.820255  0.855929  0.726179  0.876671  0.837901  0.580072  0.659953  0.675265  0.925989  0.300650  0.868054  0.237712  0.672702  0.152342  0.801549  0.799694  0.679717  0.714419  0.856734  0.799567  0.724375  0.350995  0.660160  0.694637  0.816123  0.803301  0.799698  0.318026  0.806061  0.708696  0.836309  0.717441  0.570212  0.692125  0.634848  0.663051  0.764841  0.704271  0.783004  0.788058  0.496414  0.820520  0.748901  0.662649  0.809674  0.884701  0.715427  0.793222  0.881600  0.864122  0.802070  0.848726  0.768088  0.305918  0.827855 
2  0.699177  0.604330 0.0  0.548829  0.274069  0.694814  0.684771  0.786050  0.701854  0.757842  0.375855  0.686072  0.796637  0.649796  0.796413  0.704167  0.836859  0.733558  0.708902  0.631371  0.398396  0.602221  0.335424  0.619549  0.696448  0.624248  0.756808  0.626230  0.727190  0.710963  0.789115  0.635407  0.758133  0.725828  0.667238  0.754053  0.735930  0.663620  0.675665  0.556704  0.714888  0.605850  0.603872  0.668275  0.623871  0.648447  0.289115  0.672164  0.696723  0.738531  0.389637  0.687745  0.688462  0.750842  0.643967  0.667217  0.406103  0.661283  0.654203  0.718755  0.690768  0.682019  0.690163  0.649752  0.731444  0.737558  0.760262  0.640703  0.080816  0.716102  0.615195  0.659289  0.761986  0.668373  0.495451  0.681069  0.759944  0.629998  0.694641  0.687892  0.683857  0.708544  0.621742  0.737869  0.602410  0.662969  0.686027  0.625660  0.634585 
3  0.181765  0.783723  0.548829 0.0  0.590278  0.793355  0.643319  0.267442  0.832001  0.869349  0.657473  0.793047  0.597391  0.748869  0.552444  0.760696  0.833699  0.728068  0.555185  0.393949  0.682908  0.764290  0.660437  0.489641  0.854132  0.730630  0.795475  0.805881  0.776803  0.707225  0.513624  0.453979  0.698113  0.820941  0.794581  0.739770  0.795517  0.825262  0.353820  0.686757  0.671135  0.748328  0.768041  0.714147  0.228618  0.658165  0.761375  0.831508  0.080816  0.885653  0.718593  0.276909  0.325047  0.843758  0.755796  0.922965  0.714964  0.824634  0.260870  0.256141  0.389114  0.837213  0.765196  0.814258  0.748752  0.876416  0.572599  0.128302  0.592629  0.692614  0.843092  0.768276  0.790705  0.855923  0.533749  0.837777  0.800427  0.678506  0.770872  0.801681  0.758285  0.794281  0.815387  0.807256  0.807512  0.788545  0.782289  0.792250  0.866053 
4  0.662785  0.704055  0.274069  0.590278 0.0  0.643772  0.619904  0.687644  0.700773  0.589547  0.131365  0.688756  0.613081  0.695851  0.741588  0.676222  0.772181  0.691760  0.680809  0.623311  0.301442  0.613643  0.080816  0.616072  0.682157  0.739941  0.876930  0.595404  0.624324  0.695613  0.696889  0.703202  0.705313  0.711112  0.585869  0.767459  0.688528  0.625549  0.699470  0.667269  0.722350  0.793274  0.733528  0.687852  0.753993  0.663804  0.357018  0.728220  0.689400  0.660596  0.380901  0.687200  0.626163  0.759670  0.662555  0.794076  0.090566  0.607421  0.720231  0.738596  0.735177  0.677425  0.669088  0.628544  0.770737  0.751482  0.711879  0.701924  0.358094  0.585142  0.609748  0.687479  0.694544  0.659855  0.450983  0.716882  0.611203  0.533332  0.681565  0.696181  0.652651  0.758958  0.705059  0.665421  0.693608  0.609041  0.774322  0.666352  0.746950 
5  0.679446  0.874585  0.694814  0.793355  0.643772 0.0  0.740667  0.786204  0.676405  0.610244  0.642354  0.510670  0.772420  0.559443  0.816206  0.080816  0.799292  0.398144  0.800122  0.655894  0.595662  0.494366  0.617673  0.865923  0.593463  0.508403  0.885164  0.080816  0.557980  0.769602  0.758914  0.837161  0.708008  0.539446  0.110463  0.363984  0.554097  0.487017  0.821476  0.675275  0.642858  0.718762  0.630826  0.906946  0.887927  0.839461  0.660400  0.780162  0.758649  0.353925  0.581257  0.725860  0.932893  0.769755  0.655680  0.817731  0.623083  0.342480  0.866017  0.767360  0.753708  0.737042  0.349066  0.558206  0.609273  0.599450  0.697558  0.840358  0.613567  0.705946  0.558595  0.600800  0.611507  0.512791  0.455043  0.491039  0.549353  0.363523  0.553420  0.307499  0.215402  0.623028  0.518827  0.574953  0.493406  0.142628  0.462636  0.754591  0.643902 
6  0.684257  0.767442  0.684771  0.643319  0.619904  0.740667 0.0  0.710009  0.649220  0.551489  0.643557  0.674598  0.718696  0.738010  0.760367  0.608443  0.871411  0.614520  0.589773  0.679225  0.717799  0.673059  0.796538  0.693326  0.626441  0.694274  0.951238  0.672345  0.639648  0.626092  0.544238  0.615070  0.714313  0.626478  0.651291  0.667581  0.689370  0.757320  0.684088  0.599306  0.711131  0.644893  0.607721  0.567558  0.607258  0.721182  0.637099  0.545641  0.676379  0.807037  0.688626  0.728650  0.647570  0.873874  0.728235  0.669203  0.754366  0.638354  0.576273  0.672973  0.618899  0.721180  0.660007  0.706342  0.737957  0.617525  0.382732  0.646441  0.639548  0.277921  0.642391  0.600229  0.680991  0.625188  0.462980  0.613784  0.598259  0.674337  0.735215  0.674684  0.748335  0.692917  0.652700  0.580231  0.635912  0.598948  0.803385  0.680006  0.661147 
7  0.293981  0.835459  0.786050  0.267442  0.687644  0.786204  0.710009 0.0  0.916531  0.783044  0.592789  0.678496  0.853697  0.852985  0.509325  0.905012  0.825363  0.835085  0.525501  0.325104  0.722642  0.792767  0.624565  0.600341  0.921533  0.774920  0.843917  0.809582  0.642821  0.689678  0.594028  0.505997  0.758819  0.848061  0.832925  0.807534  0.852021  0.924944  0.539291  0.751725  0.658445  0.662370  0.857239  0.614929  0.105437  0.787982  0.689455  0.771146  0.276270  0.919549  0.693513  0.179192  0.104902  0.892003  0.839839  0.769399  0.623973  0.824715  0.292590  0.199337  0.406674  0.810981  0.916606  0.839095  0.916020  0.838605  0.719922  0.084754  0.599563  0.640550  0.727454  0.797606  0.846319  0.834254  0.618949  0.653166  0.832999  0.593729  0.744533  0.775216  0.891679  0.661307  0.727186  0.875000  0.756710  0.791720  0.807041  0.811660  0.880265 
8  0.754289  0.080816  0.701854  0.832001  0.700773  0.676405  0.649220  0.916531 0.0  0.733984  0.659517  0.852692  0.247723  0.740284  0.818059  0.811716  0.823402  0.771795  0.738128  0.677903  0.707279  0.844569  0.665201  0.838770  0.764402  0.749959  0.848790  0.735197  0.668313  0.350233  0.678146  0.854486  0.617142  0.791574  0.702424  0.804208  0.782310  0.860521  0.854105  0.650892  0.656866  0.688033  0.712859  0.227688  0.795753  0.159646  0.670546  0.288183  0.793171  0.761979  0.652540  0.804934  0.782204  0.729662  0.822673  0.433705  0.747478  0.840419  0.868724  0.720317  0.791623  0.219485  0.735462  0.863823  0.834096  0.807214  0.647306  0.719080  0.771578  0.729745  0.754282  0.777276  0.753472  0.780147  0.422063  0.764869  0.771822  0.614499  0.778508  0.828819  0.860398  0.706555  0.797789  0.851409  0.851037  0.698067  0.743846  0.348795  0.795742 
9  0.746178  0.798966  0.757842  0.869349  0.589547  0.610244  0.551489  0.783044  0.733984 0.0  0.608370  0.193390  0.740208  0.384951  0.766485  0.558639  0.911603  0.560446  0.808089  0.572721  0.735879  0.382852  0.702357  0.777745  0.421763  0.271927  0.781779  0.395663  0.205932  0.810799  0.820880  0.800643  0.584389  0.093114  0.374950  0.510196  0.445033  0.167156  0.777678  0.681852  0.741302  0.666029  0.087607  0.785724  0.853251  0.736636  0.733369  0.690305  0.702667  0.559385  0.673230  0.779997  0.858913  0.762301  0.295335  0.750231  0.607782  0.627193  0.746294  0.713911  0.793604  0.847468  0.564730  0.405443  0.155175  0.312090  0.668644  0.969961  0.727805  0.698700  0.206633  0.125377  0.168946  0.353818  0.421999  0.156436  0.199385  0.092442  0.342708  0.623276  0.555052  0.178067  0.245516  0.356078  0.156962  0.439633  0.292024  0.709597  0.308217 
10  0.641234  0.729756  0.375855  0.657473  0.131365  0.642354  0.643557  0.592789  0.659517  0.608370 0.0  0.648430  0.703814  0.611619  0.721887  0.718955  0.796694  0.742352  0.725297  0.695493  0.353375  0.738533  0.080816  0.611581  0.634293  0.707290  0.824299  0.685297  0.631239  0.503300  0.558390  0.760034  0.674532  0.760930  0.788703  0.679271  0.664491  0.601595  0.738673  0.714252  0.561007  0.685999  0.654410  0.628709  0.756732  0.580891  0.347277  0.735050  0.717186  0.575348  0.352236  0.573451  0.670590  0.765006  0.708749  0.656098  0.080816  0.651797  0.670480  0.687413  0.601177  0.637772  0.641673  0.707090  0.693253  0.570634  0.710833  0.638676  0.312676  0.660229  0.656487  0.853708  0.643808  0.695055  0.458966  0.785661  0.795679  0.654775  0.641992  0.753583  0.682645  0.767652  0.732597  0.674652  0.660701  0.724050  0.643865  0.595801  0.694544 
11  0.821482  0.803988  0.686072  0.793047  0.688756  0.510670  0.674598  0.678496  0.852692  0.193390  0.648430 0.0  0.843380  0.325774  0.770671  0.584943  0.894008  0.588927  0.866363  0.636185  0.722639  0.323398  0.631499  0.927341  0.395359  0.392810  0.836916  0.551261  0.080816  0.843919  0.767894  0.935421  0.651984  0.136306  0.580788  0.634603  0.302042  0.103888  0.856293  0.674133  0.702949  0.723348  0.184389  0.687194  0.771164  0.926721  0.724627  0.814261  0.812052  0.569726  0.725745  0.766108  0.806736  0.756323  0.375781  0.777059  0.730687  0.676855  0.728940  0.763089  0.823583  0.665000  0.535771  0.325393  0.213450  0.389883  0.695847  0.843340  0.622539  0.625531  0.092398  0.161346  0.080816  0.456783  0.614244  0.080816  0.080816  0.080816  0.367768  0.403986  0.479460  0.080816  0.101424  0.348753  0.199720  0.533509  0.314733  0.772717  0.262997 
12  0.744527  0.292473  0.796637  0.597391  0.613081  0.772420  0.718696  0.853697  0.247723  0.740208  0.703814  0.843380 0.0  0.750074  0.760467  0.720890  0.730017  0.756271  0.762280  0.672582  0.707668  0.911633  0.618936  0.797475  0.773067  0.751848  0.875778  0.805057  0.844015  0.475105  0.792604  0.828704  0.654437  0.772419  0.698802  0.764392  0.811084  0.694924  0.812439  0.650468  0.729994  0.684918  0.799114  0.454537  0.811711  0.496049  0.668642  0.469487  0.747114  0.800811  0.690454  0.868998  0.843412  0.754103  0.750546  0.352071  0.645954  0.800536  0.823715  0.809642  0.760604  0.453387  0.815842  0.742188  0.752921  0.692261  0.658538  0.820825  0.713030  0.707928  0.786389  0.777971  0.788928  0.772970  0.436334  0.875194  0.864199  0.674314  0.811908  0.851347  0.789705  0.829132  0.796094  0.781664  0.706112  0.881015  0.683366  0.492513  0.799907 
13  0.754865  0.765839  0.649796  0.748869  0.695851  0.559443  0.738010  0.852985  0.740284  0.384951  0.611619  0.325774  0.750074 0.0  0.742267  0.543671  0.815407  0.520582  0.751628  0.621843  0.720210  0.080816  0.654425  0.923921  0.148046  0.363819  0.762592  0.512151  0.332159  0.677579  0.831941  0.862911  0.659941  0.306511  0.544958  0.580387  0.253425  0.412742  0.850881  0.670754  0.678339  0.576624  0.362823  0.770711  0.868657  0.826969  0.635171  0.797983  0.916159  0.606423  0.659327  0.802287  0.795534  0.815553  0.080816  0.769934  0.729597  0.581556  0.773678  0.778074  0.798428  0.807121  0.516167  0.169499  0.266640  0.182986  0.693153  0.823798  0.667995  0.695291  0.225996  0.287197  0.311755  0.311332  0.511668  0.372472  0.378976  0.142314  0.350999  0.601015  0.553177  0.365207  0.286855  0.214833  0.362085  0.677520  0.235315  0.811858  0.173533 
14  0.378702  0.818698  0.796413  0.552444  0.741588  0.816206  0.760367  0.509325  0.818059  0.766485  0.721887  0.770671  0.760467  0.742267 0.0  0.827194  0.790404  0.813925  0.181775  0.266519  0.711407  0.710907  0.695438  0.270795  0.759258  0.750809  0.745097  0.770882  0.732004  0.729797  0.499287  0.221792  0.618274  0.846968  0.670470  0.878128  0.736335  0.715524  0.294839  0.627558  0.607985  0.670947  0.769938  0.767594  0.404253  0.860910  0.666593  0.754445  0.490931  0.785131  0.607873  0.543898  0.550408  0.723483  0.687194  0.900575  0.732714  0.773614  0.566320  0.604304  0.096075  0.749355  0.732979  0.790590  0.731749  0.721362  0.716830  0.546668  0.683386  0.732996  0.820199  0.700569  0.768671  0.783010  0.585013  0.920371  0.780133  0.599164  0.699793  0.773900  0.767076  0.781501  0.905878  0.869474  0.704785  0.820187  0.780122  0.763680  0.817947 
15  0.739276  0.747875  0.704167  0.760696  0.676222  0.080816  0.608443  0.905012  0.811716  0.558639  0.718955  0.584943  0.720890  0.543671  0.827194 0.0  0.826299  0.310508  0.716630  0.682680  0.643254  0.542196  0.659010  0.736861  0.526247  0.591169  0.874307  0.160835  0.543455  0.826382  0.805937  0.855998  0.762097  0.543531  0.153350  0.397168  0.560934  0.602414  0.840700  0.585208  0.709701  0.686462  0.658205  0.754529  0.863412  0.743686  0.679387  0.798306  0.717686  0.271017  0.665601  0.898913  0.859075  0.692763  0.592906  0.792801  0.793836  0.305251  0.817266  0.714923  0.787297  0.870626  0.433960  0.508129  0.500621  0.544780  0.670631  0.884665  0.777565  0.745528  0.548436  0.584416  0.621299  0.552949  0.515867  0.572804  0.570542  0.319760  0.531475  0.317863  0.085229  0.598271  0.616921  0.506622  0.628293  0.080816  0.646534  0.817191  0.628175 
16  0.776130  0.787203  0.836859  0.833699  0.772181  0.799292  0.871411  0.825363  0.823402  0.911603  0.796694  0.894008  0.730017  0.815407  0.790404  0.826299 0.0  0.829679  0.968928  0.913014  0.765398  0.833077  0.816372  0.737074  0.764640  0.797974  0.080816  0.822101  0.870722  0.877056  0.717815  0.839276  0.748948  0.878595  0.890213  0.774017  0.794482  0.798996  0.712128  0.843702  0.920783  0.816603  0.823868  0.848696  0.755088  0.797558  0.906226  0.837473  0.827954  0.837781  0.782486  0.859518  0.770923  0.091907  0.871874  0.788512  0.805567  0.795687  0.832792  0.879548  0.755955  0.810566  0.701572  0.896012  0.835555  0.950073  0.787974  0.789042  0.816396  0.707741  0.882583  0.721960  0.839768  0.914333  0.824949  0.868494  0.874808  0.699614  0.918372  0.894455  0.875306  0.903030  0.824166  0.819236  0.711181  0.835245  0.786511  0.854768  0.896046 
17  0.769412  0.879257  0.733558  0.728068  0.691760  0.398144  0.614520  0.835085  0.771795  0.560446  0.742352  0.588927  0.756271  0.520582  0.813925  0.310508  0.829679 0.0  0.856076  0.687877  0.547301  0.594402  0.658540  0.940230  0.575380  0.635827  0.903375  0.404783  0.607267  0.768584  0.823699  0.857696  0.831388  0.576587  0.328143  0.113266  0.530305  0.637854  0.837836  0.737135  0.645258  0.658486  0.526769  0.811505  0.901134  0.799825  0.718586  0.772465  0.760397  0.080816  0.727354  0.783213  0.791791  0.762226  0.516312  0.872369  0.700676  0.228854  0.773597  0.738144  0.798314  0.903416  0.184858  0.604154  0.532122  0.527105  0.663365  0.803169  0.694285  0.791926  0.535646  0.492833  0.548321  0.533607  0.482940  0.586571  0.547199  0.342452  0.517362  0.211865  0.434033  0.579995  0.575565  0.627765  0.477981  0.319532  0.502015  0.766095  0.504958 
18  0.448135  0.854606  0.708902  0.555185  0.680809  0.800122  0.589773  0.525501  0.738128  0.808089  0.725297  0.866363  0.762280  0.751628  0.181775  0.716630  0.968928  0.856076 0.0  0.174427  0.687120  0.797817  0.615912  0.080816  0.857874  0.833942  0.752562  0.832462  0.726338  0.802849  0.539173  0.098190  0.646790  0.775152  0.823580  0.710717  0.760478  0.778245  0.092755  0.657475  0.769677  0.739981  0.761775  0.722667  0.551956  0.711145  0.611850  0.807163  0.458863  0.873899  0.701170  0.601806  0.442105  0.772472  0.759752  0.838231  0.582768  0.810317  0.450385  0.447555  0.323142  0.812690  0.806233  0.785329  0.830576  0.808479  0.781318  0.536641  0.721189  0.813835  0.658171  0.811901  0.767993  0.845072  0.550217  0.748211  0.794210  0.751027  0.705513  0.818481  0.824323  0.750314  0.778539  0.799213  0.774183  0.799525  0.821900  0.841508  0.676575 
19  0.339008  0.634765  0.631371  0.393949  0.623311  0.655894  0.679225  0.325104  0.677903  0.572721  0.695493  0.636185  0.672582  0.621843  0.266519  0.682680  0.913014  0.687877  0.174427 0.0  0.620050  0.676583  0.665065  0.254943  0.712273  0.716319  0.797718  0.655769  0.646329  0.664975  0.365595  0.266089  0.699742  0.656379  0.631753  0.734841  0.701067  0.763165  0.322209  0.748148  0.558411  0.650554  0.726011  0.749671  0.334476  0.638879  0.673434  0.695049  0.373577  0.568686  0.667689  0.239241  0.274901  0.792311  0.741918  0.666869  0.712865  0.682442  0.315544  0.214404  0.294633  0.635919  0.740262  0.631030  0.689718  0.804728  0.734486  0.351470  0.691561  0.610003  0.714475  0.598811  0.727228  0.720496  0.454836  0.611856  0.596469  0.743354  0.606994  0.605569  0.666586  0.764453  0.710374  0.710868  0.726838  0.662475  0.664084  0.572870  0.697176 
20  0.678885  0.578155  0.398396  0.682908  0.301442  0.595662  0.717799  0.722642  0.707279  0.735879  0.353375  0.722639  0.707668  0.720210  0.711407  0.643254  0.765398  0.547301  0.687120  0.620050 0.0  0.802270  0.429395  0.658392  0.578996  0.749355  0.810522  0.729320  0.679554  0.587581  0.620522  0.583745  0.585716  0.758145  0.625052  0.678446  0.682789  0.599173  0.731338  0.620618  0.615470  0.662308  0.707046  0.600082  0.626297  0.690660  0.275382  0.609172  0.655634  0.667819  0.296521  0.728879  0.590274  0.772383  0.696478  0.641865  0.370246  0.635454  0.741044  0.710163  0.730394  0.649612  0.670117  0.659968  0.726280  0.651953  0.711058  0.674907  0.373268  0.755119  0.687145  0.659538  0.603765  0.703587  0.528133  0.698874  0.676805  0.852180  0.753777  0.601292  0.677135  0.712570  0.725919  0.546870  0.598443  0.640948  0.635578  0.696111  0.677273 
21  0.855433  0.744776  0.602221  0.764290  0.613643  0.494366  0.673059  0.792767  0.844569  0.382852  0.738533  0.323398  0.911633  0.080816  0.710907  0.542196  0.833077  0.594402  0.797817  0.676583  0.802270 0.0  0.691791  0.857734  0.219446  0.407851  0.825981  0.489864  0.365093  0.821344  0.799988  0.857124  0.634954  0.313998  0.443460  0.642118  0.194325  0.394541  0.830284  0.742362  0.768640  0.741947  0.286684  0.812831  0.858518  0.783124  0.799853  0.757680  0.839167  0.552789  0.687282  0.802821  0.852864  0.789675  0.162621  0.811176  0.646217  0.558990  0.794780  0.775070  0.845056  0.725744  0.568037  0.133704  0.365099  0.247854  0.659601  0.802305  0.643240  0.627708  0.326034  0.388072  0.391713  0.493858  0.521206  0.254459  0.362250  0.089545  0.417701  0.515794  0.663741  0.298749  0.427261  0.215797  0.302722  0.594485  0.214984  0.790093  0.145104 
22  0.632568  0.763512  0.335424  0.660437  0.080816  0.617673  0.796538  0.624565  0.665201  0.702357  0.080816  0.631499  0.618936  0.654425  0.695438  0.659010  0.816372  0.658540  0.615912  0.665065  0.429395  0.691791 0.0  0.739773  0.653436  0.637709  0.808120  0.642776  0.718263  0.704085  0.600123  0.774946  0.768622  0.694009  0.630794  0.630105  0.827218  0.645280  0.708093  0.569774  0.810442  0.683726  0.693662  0.718961  0.621362  0.741371  0.324774  0.649312  0.659031  0.757189  0.367138  0.746322  0.678771  0.901070  0.699730  0.674696  0.196225  0.710195  0.577124  0.700574  0.631326  0.611523  0.633778  0.778969  0.645194  0.679859  0.641622  0.688473  0.317657  0.591283  0.609535  0.612973  0.684550  0.695320  0.409093  0.691275  0.667188  0.645767  0.660321  0.620782  0.710601  0.712932  0.767871  0.682117  0.640058  0.662239  0.763042  0.700670  0.642532 
23  0.425489  0.772241  0.619549  0.489641  0.616072  0.865923  0.693326  0.600341  0.838770  0.777745  0.611581  0.927341  0.797475  0.923921  0.270795  0.736861  0.737074  0.940230  0.080816  0.254943  0.658392  0.857734  0.739773 0.0  0.865390  0.992910  0.891310  0.912255  0.918180  0.747006  0.447897  0.080816  0.680027  0.912826  0.804969  0.890059  0.844899  0.787845  0.184464  0.729868  0.697755  0.660269  0.831057  0.778777  0.561983  0.825971  0.726726  0.751721  0.605006  0.935495  0.688845  0.503267  0.573129  0.851947  0.839318  0.697967  0.759942  0.899569  0.385148  0.470040  0.233203  0.860433  0.726663  0.827733  0.970967  0.761151  0.582818  0.561878  0.679629  0.708470  0.775911  0.857866  0.843102  0.985623  0.476928  0.834849  0.960654  0.640300  0.857974  0.869397  0.974670  0.873431  0.916960  0.914213  0.788735  0.822135  0.809880  0.784805  0.840188 
24  0.723655  0.809433  0.696448  0.854132  0.682157  0.593463  0.626441  0.921533  0.764402  0.421763  0.634293  0.395359  0.773067  0.148046  0.759258  0.526247  0.764640  0.575380  0.857874  0.712273  0.578996  0.219446  0.653436  0.865390 0.0  0.387838  0.823125  0.648585  0.393967  0.736999  0.795704  0.904481  0.633773  0.341328  0.498636  0.643051  0.102333  0.318348  0.800998  0.787094  0.640969  0.684551  0.380414  0.798073  0.867313  0.824109  0.691937  0.821858  0.858261  0.568636  0.605764  0.756813  0.858084  0.884044  0.080816  0.790457  0.714394  0.584039  0.786295  0.735981  0.711073  0.857675  0.598221  0.129233  0.241570  0.103575  0.758608  0.805596  0.621570  0.737157  0.343118  0.411652  0.333323  0.247944  0.428550  0.406154  0.318985  0.083177  0.329417  0.582131  0.601920  0.370628  0.340761  0.080816  0.264109  0.606308  0.080816  0.820525  0.080816 
25  0.737901  0.754754  0.624248  0.730630  0.739941  0.508403  0.694274  0.774920  0.749959  0.271927  0.707290  0.392810  0.751848  0.363819  0.750809  0.591169  0.797974  0.635827  0.833942  0.716319  0.749355  0.407851  0.637709  0.992910  0.387838 0.0  0.832031  0.583458  0.376335  0.779644  0.755237  0.904144  0.709349  0.270150  0.512953  0.530823  0.385303  0.294828  0.828454  0.686907  0.741358  0.610027  0.407972  0.780754  0.866704  0.825484  0.625819  0.738256  0.742514  0.677822  0.724873  0.794743  0.904160  0.909745  0.348534  0.680915  0.698389  0.587838  0.785755  0.821987  0.763773  0.800898  0.652011  0.350685  0.372761  0.388419  0.704533  0.909095  0.629093  0.707452  0.312800  0.439831  0.382883  0.183735  0.474365  0.306572  0.302826  0.080816  0.106201  0.553189  0.454535  0.387440  0.307195  0.375558  0.436262  0.481594  0.362269  0.655447  0.374802 
26  0.731416  0.796878  0.756808  0.795475  0.876930  0.885164  0.951238  0.843917  0.848790  0.781779  0.824299  0.836916  0.875778  0.762592  0.745097  0.874307  0.080816  0.903375  0.752562  0.797718  0.810522  0.825981  0.808120  0.891310  0.823125  0.832031 0.0  0.827546  0.888145  0.931991  0.810659  0.826777  0.744961  0.844736  0.838996  0.812327  0.808509  0.753371  0.721847  0.920449  0.857718  0.902435  0.833868  0.892907  0.839983  0.786788  0.826155  0.912265  0.788284  0.800671  0.829602  0.749258  0.819281  0.133299  0.855573  0.707305  0.815705  0.799071  0.859643  0.850938  0.779365  0.876539  0.759893  0.794096  0.811473  0.825155  0.782887  0.863028  0.874864  0.799595  0.691047  0.807591  0.784415  0.809859  0.874641  0.809150  0.790105  0.842767  0.783909  0.892627  0.799610  0.829482  0.765727  0.750138  0.847055  0.778889  0.791293  0.818072  0.859512 
27  0.793563  0.810783  0.626230  0.805881  0.595404  0.080816  0.672345  0.809582  0.735197  0.395663  0.685297  0.551261  0.805057  0.512151  0.770882  0.160835  0.822101  0.404783  0.832462  0.655769  0.729320  0.489864  0.642776  0.912255  0.648585  0.583458  0.827546 0.0  0.683784  0.655249  0.689414  0.843697  0.748923  0.506677  0.080816  0.334280  0.616661  0.620470  0.880624  0.727509  0.665219  0.706323  0.420764  0.757894  0.844749  0.794644  0.666682  0.875547  0.694961  0.315101  0.664768  0.828696  0.887990  0.874900  0.596323  0.798881  0.637401  0.390975  0.761570  0.786309  0.854076  0.708539  0.413102  0.552553  0.561442  0.561131  0.628186  0.872625  0.738084  0.646604  0.630718  0.523327  0.504508  0.492020  0.477579  0.556811  0.592234  0.258232  0.602005  0.307853  0.159546  0.595722  0.546262  0.546292  0.562607  0.080816  0.527071  0.759846  0.542491 
28  0.822735  0.659509  0.727190  0.776803  0.624324  0.557980  0.639648  0.642821  0.668313  0.205932  0.631239  0.080816  0.844015  0.332159  0.732004  0.543455  0.870722  0.607267  0.726338  0.646329  0.679554  0.365093  0.718263  0.918180  0.393967  0.376335  0.888145  0.683784 0.0  0.896500  0.716214  0.732093  0.662080  0.166927  0.599524  0.454515  0.445275  0.209299  0.796034  0.726071  0.654269  0.650609  0.238703  0.772947  0.697338  0.857576  0.591566  0.809241  0.857845  0.451000  0.772078  0.662473  0.809421  0.869415  0.322701  0.794464  0.688332  0.563623  0.843585  0.774350  0.720958  0.823230  0.537778  0.325123  0.132596  0.238863  0.674660  0.849656  0.669690  0.764222  0.103471  0.102093  0.171618  0.368253  0.512779  0.080816  0.080816  0.080816  0.420719  0.535696  0.532714  0.141863  0.134310  0.333959  0.101208  0.525653  0.295918  0.822021  0.421799 
29  0.937256  0.343813  0.710963  0.707225  0.695613  0.769602  0.626092  0.689678  0.350233  0.810799  0.503300  0.843919  0.475105  0.677579  0.729797  0.826382  0.877056  0.768584  0.802849  0.664975  0.587581  0.821344  0.704085  0.747006  0.736999  0.779644  0.931991  0.655249  0.896500 0.0  0.713262  0.749648  0.578465  0.813732  0.839487  0.838912  0.779476  0.771342  0.759599  0.713585  0.636928  0.669120  0.825930  0.092442  0.817376  0.080816  0.702552  0.080816  0.793479  0.823681  0.717253  0.820214  0.845321  0.901819  0.720536  0.357756  0.699418  0.837499  0.762965  0.832672  0.772764  0.136119  0.798247  0.785528  0.699082  0.782397  0.735604  0.698574  0.738348  0.714472  0.861578  0.839251  0.832994  0.796869  0.490652  0.754719  0.750587  0.678137  0.756041  0.650688  0.757522  0.853209  0.797907  0.836774  0.827880  0.784240  0.749371  0.251150  0.787462 
30  0.452688  0.741166  0.789115  0.513624  0.696889  0.758914  0.544238  0.594028  0.678146  0.820880  0.558390  0.767894  0.792604  0.831941  0.499287  0.805937  0.717815  0.823699  0.539173  0.365595  0.620522  0.799988  0.600123  0.447897  0.795704  0.755237  0.810659  0.689414  0.716214  0.713262 0.0  0.471415  0.657577  0.840531  0.784782  0.786871  0.804048  0.805210  0.522843  0.707707  0.733873  0.650868  0.709359  0.856141  0.476959  0.751137  0.684510  0.667567  0.463350  0.733694  0.643957  0.472745  0.465556  0.821002  0.740439  0.801941  0.632508  0.788314  0.481007  0.350835  0.556467  0.757022  0.743985  0.743080  0.738488  0.790671  0.664944  0.495456  0.614285  0.646370  0.768747  0.772181  0.744468  0.688960  0.467737  0.800021  0.808644  0.736227  0.757375  0.801775  0.711965  0.825403  0.797732  0.791279  0.858054  0.881821  0.852286  0.788172  0.778999 
31  0.491698  0.790433  0.635407  0.453979  0.703202  0.837161  0.615070  0.505997  0.854486  0.800643  0.760034  0.935421  0.828704  0.862911  0.221792  0.855998  0.839276  0.857696  0.098190  0.266089  0.583745  0.857124  0.774946  0.080816  0.904481  0.904144  0.826777  0.843697  0.732093  0.749648  0.471415 0.0  0.691540  0.881312  0.863067  0.903401  0.788543  0.914864  0.080816  0.713119  0.672357  0.638840  0.913788  0.854184  0.475759  0.894895  0.683928  0.887585  0.436894  0.893587  0.616566  0.556817  0.534997  0.808213  0.865209  0.754077  0.734723  0.804426  0.549610  0.368772  0.285077  0.829682  0.879098  0.841327  0.795364  0.858551  0.602550  0.630308  0.640640  0.718181  0.880708  0.900637  0.844183  0.962138  0.446090  0.806225  0.837341  0.757130  0.827847  0.817004  0.861315  0.873943  0.914197  0.922188  0.771923  0.914097  0.829586  0.837933  0.854394 
32  0.641514  0.615197  0.758133  0.698113  0.705313  0.708008  0.714313  0.758819  0.617142  0.584389  0.674532  0.651984  0.654437  0.659941  0.618274  0.762097  0.748948  0.831388  0.646790  0.699742  0.585716  0.634954  0.768622  0.680027  0.633773  0.709349  0.744961  0.748923  0.662080  0.578465  0.657577  0.691540 0.0  0.759331  0.694351  0.714307  0.782765  0.715126  0.650691  0.280631  0.241234  0.092009  0.674037  0.643602  0.653123  0.661289  0.760459  0.696581  0.598106  0.643149  0.665112  0.648261  0.731947  0.807393  0.623200  0.710419  0.768833  0.677000  0.733893  0.624387  0.679471  0.751017  0.654040  0.734841  0.635694  0.693171  0.656574  0.741115  0.612732  0.744070  0.630112  0.756713  0.646364  0.664301  0.488017  0.644383  0.618707  0.662382  0.802124  0.574835  0.655305  0.781642  0.637091  0.691588  0.706201  0.722874  0.756177  0.652637  0.710096 
33  0.773349  0.859647  0.725828  0.820941  0.711112  0.539446  0.626478  0.848061  0.791574  0.093114  0.760930  0.136306  0.772419  0.306511  0.846968  0.543531  0.878595  0.576587  0.775152  0.656379  0.758145  0.313998  0.694009  0.912826  0.341328  0.270150  0.844736  0.506677  0.166927  0.813732  0.840531  0.881312  0.759331 0.0  0.542122  0.528369  0.425521  0.119247  0.871152  0.683625  0.632619  0.581471  0.209746  0.760751  0.941668  0.889109  0.744676  0.861818  0.790921  0.491834  0.673953  0.855233  0.861693  0.839234  0.320057  0.869367  0.705223  0.520569  0.702592  0.813568  0.800977  0.800797  0.487241  0.268736  0.200284  0.426819  0.620893  0.947002  0.524118  0.679982  0.195440  0.169802  0.175216  0.453036  0.573022  0.151166  0.182299  0.080816  0.347940  0.599599  0.516921  0.208141  0.161384  0.366958  0.198332  0.541390  0.464170  0.870096  0.416971 
34  0.815169  0.820255  0.667238  0.794581  0.585869  0.110463  0.651291  0.832925  0.702424  0.374950  0.788703  0.580788  0.698802  0.544958  0.670470  0.153350  0.890213  0.328143  0.823580  0.631753  0.625052  0.443460  0.630794  0.804969  0.498636  0.512953  0.838996  0.080816  0.599524  0.839487  0.784782  0.863067  0.694351  0.542122 0.0  0.355773  0.536794  0.618063  0.909791  0.658817  0.617691  0.592952  0.409363  0.738947  0.846100  0.787257  0.664049  0.775684  0.791457  0.336871  0.658539  0.747556  0.835533  0.783275  0.589252  0.741140  0.740667  0.334883  0.737431  0.803730  0.776474  0.796100  0.300135  0.550355  0.436253  0.598237  0.727031  0.778268  0.689302  0.661014  0.533265  0.538232  0.519941  0.478102  0.460396  0.545984  0.527972  0.386549  0.538770  0.402225  0.080816  0.591949  0.499680  0.473914  0.525365  0.080816  0.517353  0.689340  0.542909 
35  0.892822  0.855929  0.754053  0.739770  0.767459  0.363984  0.667581  0.807534  0.804208  0.510196  0.679271  0.634603  0.764392  0.580387  0.878128  0.397168  0.774017  0.113266  0.710717  0.734841  0.678446  0.642118  0.630105  0.890059  0.643051  0.530823  0.812327  0.334280  0.454515  0.838912  0.786871  0.903401  0.714307  0.528369  0.355773 0.0  0.595297  0.558056  0.945885  0.741982  0.601582  0.716114  0.484751  0.642596  0.829275  0.802379  0.684571  0.644997  0.769263  0.208313  0.679497  0.895004  0.852387  0.834941  0.502291  0.720055  0.740870  0.186557  0.791048  0.751086  0.875984  0.691912  0.194614  0.538522  0.539928  0.463323  0.792124  0.861252  0.645165  0.740242  0.550162  0.522887  0.553966  0.691361  0.473828  0.517186  0.598933  0.337541  0.573532  0.201510  0.358192  0.555817  0.541172  0.615705  0.607049  0.285936  0.606263  0.748515  0.573613 
36  0.754499  0.726179  0.735930  0.795517  0.688528  0.554097  0.689370  0.852021  0.782310  0.445033  0.664491  0.302042  0.811084  0.253425  0.736335  0.560934  0.794482  0.530305  0.760478  0.701067  0.682789  0.194325  0.827218  0.844899  0.102333  0.385303  0.808509  0.616661  0.445275  0.779476  0.804048  0.788543  0.782765  0.425521  0.536794  0.595297 0.0  0.358330  0.913780  0.706855  0.609952  0.723632  0.296589  0.831083  0.904160  0.738442  0.618612  0.864223  0.807959  0.582800  0.559630  0.862999  0.811351  0.803858  0.168139  0.738784  0.718846  0.547974  0.844404  0.771183  0.724118  0.751347  0.631145  0.080816  0.343486  0.080816  0.674372  0.825791  0.694994  0.747725  0.401015  0.404873  0.377483  0.401973  0.461154  0.351255  0.248359  0.080816  0.297619  0.526636  0.639174  0.379476  0.347202  0.112021  0.399106  0.556965  0.139991  0.890368  0.080816 
37  0.679604  0.876671  0.663620  0.825262  0.625549  0.487017  0.757320  0.924944  0.860521  0.167156  0.601595  0.103888  0.694924  0.412742  0.715524  0.602414  0.798996  0.637854  0.778245  0.763165  0.599173  0.394541  0.645280  0.787845  0.318348  0.294828  0.753371  0.620470  0.209299  0.771342  0.805210  0.914864  0.715126  0.119247  0.618063  0.558056  0.358330 0.0  0.848146  0.701162  0.650367  0.667369  0.105515  0.862605  0.826029  0.699572  0.725246  0.772788  0.833195  0.517285  0.658104  0.784791  0.831056  0.795297  0.344529  0.774126  0.677605  0.520751  0.766482  0.817768  0.790615  0.780198  0.564679  0.330961  0.128302  0.344088  0.663120  0.781928  0.640844  0.678217  0.209344  0.210335  0.213772  0.359557  0.583832  0.226278  0.215928  0.080816  0.320063  0.630371  0.545844  0.213032  0.179268  0.367697  0.214226  0.609953  0.322819  0.831637  0.368474 
38  0.398983  0.837901  0.675665  0.353820  0.699470  0.821476  0.684088  0.539291  0.854105  0.777678  0.738673  0.856293  0.812439  0.850881  0.294839  0.840700  0.712128  0.837836  0.092755  0.322209  0.731338  0.830284  0.708093  0.184464  0.800998  0.828454  0.721847  0.880624  0.796034  0.759599  0.522843  0.080816  0.650691  0.871152  0.909791  0.945885  0.913780  0.848146 0.0  0.647481  0.731640  0.740996  0.794890  0.911153  0.532938  0.804711  0.661478  0.922239  0.470411  0.799836  0.706011  0.449789  0.656268  0.901834  0.774154  0.776413  0.688026  0.969715  0.471797  0.543640  0.193596  0.775850  0.875806  0.962743  0.935724  0.870732  0.605111  0.513553  0.605187  0.614520  1.000000  0.918463  0.822645  0.822000  0.394402  0.799875  0.937156  0.599561  0.896945  0.849524  0.940291  0.869087  0.896106  0.886077  0.865095  0.900223  0.918255  0.705994  0.786075 
39  0.670444  0.580072  0.556704  0.686757  0.667269  0.675275  0.599306  0.751725  0.650892  0.681852  0.714252  0.674133  0.650468  0.670754  0.627558  0.585208  0.843702  0.737135  0.657475  0.748148  0.620618  0.742362  0.569774  0.729868  0.787094  0.686907  0.920449  0.727509  0.726071  0.713585  0.707707  0.713119  0.280631  0.683625  0.658817  0.741982  0.706855  0.701162  0.647481 0.0  0.289048  0.315846  0.821661  0.640583  0.611539  0.639148  0.744795  0.645544  0.578756  0.728357  0.610056  0.693295  0.702644  0.804816  0.663456  0.670363  0.630419  0.671493  0.635212  0.647713  0.658787  0.719531  0.628723  0.645100  0.645560  0.717571  0.646670  0.680797  0.615391  0.670882  0.623567  0.766510  0.718672  0.795797  0.522864  0.617862  0.639664  0.540654  0.642164  0.708284  0.676317  0.730199  0.623679  0.671152  0.614620  0.569211  0.623022  0.732116  0.675375 
40  0.739143  0.659953  0.714888  0.671135  0.722350  0.642858  0.711131  0.658445  0.656866  0.741302  0.561007  0.702949  0.729994  0.678339  0.607985  0.709701  0.920783  0.645258  0.769677  0.558411  0.615470  0.768640  0.810442  0.697755  0.640969  0.741358  0.857718  0.665219  0.654269  0.636928  0.733873  0.672357  0.241234  0.632619  0.617691  0.601582  0.609952  0.650367  0.731640  0.289048 0.0  0.338908  0.740566  0.630870  0.615057  0.694356  0.642513  0.721371  0.740283  0.591059  0.773020  0.736410  0.664497  0.785173  0.669744  0.713564  0.702649  0.636540  0.693853  0.639276  0.694592  0.769244  0.646477  0.646976  0.637533  0.678084  0.783234  0.724062  0.653109  0.671198  0.694904  0.684457  0.617840  0.689083  0.575521  0.664695  0.686658  0.628589  0.627012  0.722657  0.604228  0.590789  0.640645  0.647729  0.643394  0.697545  0.700592  0.711429  0.635366 
41  0.628527  0.675265  0.605850  0.748328  0.793274  0.718762  0.644893  0.662370  0.688033  0.666029  0.685999  0.723348  0.684918  0.576624  0.670947  0.686462  0.816603  0.658486  0.739981  0.650554  0.662308  0.741947  0.683726  0.660269  0.684551  0.610027  0.902435  0.706323  0.650609  0.669120  0.650868  0.638840  0.092009  0.581471  0.592952  0.716114  0.723632  0.667369  0.740996  0.315846  0.338908 0.0  0.704270  0.728346  0.674024  0.739778  0.658722  0.652317  0.752585  0.719467  0.664550  0.718828  0.683601  0.846905  0.623730  0.749884  0.661898  0.641518  0.717004  0.583909  0.725786  0.672219  0.620809  0.690691  0.635417  0.650551  0.712135  0.766391  0.717311  0.709703  0.698595  0.623937  0.723163  0.794130  0.611141  0.687655  0.742349  0.720499  0.764517  0.728829  0.737267  0.733508  0.634734  0.664335  0.616301  0.690976  0.658058  0.635422  0.662414 
42  0.783225  0.925989  0.603872  0.768041  0.733528  0.630826  0.607721  0.857239  0.712859  0.087607  0.654410  0.184389  0.799114  0.362823  0.769938  0.658205  0.823868  0.526769  0.761775  0.726011  0.707046  0.286684  0.693662  0.831057  0.380414  0.407972  0.833868  0.420764  0.238703  0.825930  0.709359  0.913788  0.674037  0.209746  0.409363  0.484751  0.296589  0.105515  0.794890  0.821661  0.740566  0.704270 0.0  0.741924  0.903063  0.750572  0.697147  0.770500  0.676837  0.442316  0.705109  0.643963  0.894898  0.768005  0.290150  0.738855  0.730147  0.552119  0.735168  0.755795  0.811841  0.816880  0.592103  0.273825  0.087248  0.239401  0.627903  0.744661  0.734613  0.680584  0.215245  0.231949  0.211480  0.351948  0.528284  0.142889  0.197759  0.104288  0.482032  0.453125  0.426351  0.150034  0.201604  0.320076  0.189597  0.499690  0.339904  0.812463  0.430392 
43  0.754668  0.300650  0.668275  0.714147  0.687852  0.906946  0.567558  0.614929  0.227688  0.785724  0.628709  0.687194  0.454537  0.770711  0.767594  0.754529  0.848696  0.811505  0.722667  0.749671  0.600082  0.812831  0.718961  0.778777  0.798073  0.780754  0.892907  0.757894  0.772947  0.092442  0.856141  0.854184  0.643602  0.760751  0.738947  0.642596  0.831083  0.862605  0.911153  0.640583  0.630870  0.728346  0.741924 0.0  0.788610  0.102214  0.800731  0.127518  0.771086  0.712727  0.725900  0.694158  0.791357  0.726059  0.758321  0.500330  0.635252  0.877162  0.756171  0.742873  0.822808  0.098776  0.722081  0.854086  0.874211  0.701098  0.616262  0.876410  0.766290  0.617369  0.766620  0.779205  0.789417  0.727828  0.497607  0.723873  0.750225  0.649324  0.688833  0.781332  0.781613  0.872714  0.759192  0.781011  0.757554  0.817223  0.856185  0.310986  0.854395 
44  0.344005  0.868054  0.623871  0.228618  0.753993  0.887927  0.607258  0.105437  0.795753  0.853251  0.756732  0.771164  0.811711  0.868657  0.404253  0.863412  0.755088  0.901134  0.551956  0.334476  0.626297  0.858518  0.621362  0.561983  0.867313  0.866704  0.839983  0.844749  0.697338  0.817376  0.476959  0.475759  0.653123  0.941668  0.846100  0.829275  0.904160  0.826029  0.532938  0.611539  0.615057  0.674024  0.903063  0.788610 0.0  0.675272  0.673342  0.815077  0.284323  0.824473  0.795863  0.231770  0.155747  0.787849  0.829256  0.887097  0.657623  0.821732  0.198457  0.323619  0.475354  0.837129  0.859300  0.889637  0.747698  0.936524  0.582774  0.230890  0.608809  0.649508  0.764206  0.783106  0.725416  0.862895  0.421474  0.702206  0.745794  0.607521  0.861447  0.843699  0.809261  0.713845  0.699729  0.906113  0.668792  0.857270  0.840047  0.742738  0.895571 
