99
0 0.0  0.580377  0.391327  0.608896  0.356316  0.831147  0.356359  0.554317  0.538199  0.557825  0.257456  0.291901  0.312946  0.302765  0.302697  0.555684  0.280697  0.609267  0.324091  0.555496  0.776246  0.363263  0.653173  0.366444  0.371738  0.537627  0.562837  0.852689  0.321030  0.399614  0.882384  0.659070  0.551809  0.317660  0.321030  0.334371  0.382995  0.299544  0.836592  0.557341  0.301985  0.332281  0.347912  0.586415  0.383272  0.274549  0.420017  0.675889  0.805310  0.422330  0.331703  0.478096  0.572415  0.442084  0.575022  0.307925  0.414806  0.697697  0.352096  0.500288  0.260102  0.432142  0.338065  0.674296  0.700067  0.459300  0.292103  0.399187  0.322101  0.617515  0.355103  0.392537  0.524985  0.344405  0.516002  0.372956  0.562050  0.382036  0.482184  0.611030  0.741581  0.293877  0.359301  0.500086  0.525666  0.776226  0.560137  0.513695  0.452909  0.316083  0.524706  0.434440  0.417528  0.296061  0.346415  0.647244  0.685869  0.225379  0.406947 
1  0.580377 0.0  0.506046  0.570330  0.612536  0.816190  0.494223  0.512439  0.350070  0.511893  0.451971  0.551855  0.510659  0.586125  0.608746  0.435459  0.528522  0.395816  0.624086  0.443995  0.785171  0.465297  0.368473  0.607323  0.523567  0.493507  0.581185  0.862024  0.541412  0.549780  0.828193  0.701218  0.451560  0.584502  0.409353  0.507543  0.536666  0.517617  0.874839  0.690648  0.597568  0.508212  0.577741  0.373724  0.532682  0.458497  0.540490  0.667759  0.612620  0.460562  0.432315  0.391004  0.430586  0.618085  0.290055  0.573560  0.718135  0.864750  0.604995  0.481079  0.483004  0.476676  0.538700  0.361196  0.518833  0.519130  0.585101  0.645834  0.437149  0.395419  0.683374  0.565673  0.378540  0.507505  0.620885  0.510650  0.256053  0.463053  0.591235  0.707972  0.728659  0.482165  0.525697  0.474578  0.332003  0.710786  0.380454  0.543464  0.470264  0.571593  0.597425  0.525731  0.424832  0.594118  0.552649  0.523797  0.902634  0.451669  0.516390 
2  0.391327  0.506046 0.0  0.600215  0.448878  0.961866  0.255891  0.541814  0.578404  0.541380  0.431690  0.323448  0.362664  0.350364  0.289699  0.619339  0.407946  0.544410  0.392446  0.639519  0.782457  0.319806  0.420056  0.387328  0.396814  0.495281  0.518432  0.871187  0.298607  0.422557  0.804364  0.715133  0.539891  0.348387  0.484648  0.301042  0.492438  0.435466  0.846853  0.636920  0.297531  0.284042  0.454276  0.529032  0.413162  0.300742  0.317060  0.656327  0.606552  0.466386  0.449919  0.610810  0.664953  0.378745  0.461985  0.307667  0.308904  0.751531  0.297597  0.374346  0.276293  0.429543  0.224740  0.506913  0.532612  0.553736  0.297634  0.332863  0.314815  0.492811  0.374053  0.396418  0.611232  0.399578  0.640166  0.373413  0.538914  0.346012  0.579393  0.644214  0.736426  0.355470  0.407573  0.640010  0.625191  0.675157  0.510154  0.582501  0.528539  0.392275  0.660722  0.258028  0.271356  0.469979  0.333589  0.614725  0.858472  0.381103  0.555752 
3  0.608896  0.570330  0.600215 0.0  0.617230  0.878913  0.575029  0.496042  0.524370  0.368997  0.639046  0.527925  0.567823  0.373055  0.549563  0.585492  0.603464  0.603662  0.567943  0.540618  0.791330  0.526555  0.521070  0.583775  0.478422  0.573612  0.360503  0.828036  0.659006  0.601003  0.784901  0.588832  0.561255  0.440263  0.368675  0.546908  0.493699  0.571495  0.926582  0.627623  0.518007  0.553767  0.570767  0.478608  0.546999  0.566289  0.514470  0.600651  0.644352  0.508400  0.554862  0.511384  0.650044  0.459267  0.498702  0.536955  0.477020  0.767877  0.625660  0.558064  0.529805  0.491449  0.604096  0.508536  0.528854  0.409324  0.563560  0.579759  0.670435  0.533426  0.500084  0.490967  0.597122  0.589642  0.672345  0.412230  0.569886  0.571532  0.579421  0.575016  0.774734  0.636216  0.530752  0.561813  0.522894  0.636772  0.608255  0.494938  0.320174  0.580631  0.407450  0.581282  0.621007  0.480851  0.580245  0.394984  0.931311  0.629097  0.475613 
4  0.356316  0.612536  0.448878  0.617230 0.0  0.833652  0.441571  0.561726  0.665583  0.501411  0.325496  0.492112  0.501945  0.425858  0.409430  0.559267  0.574060  0.570380  0.409312  0.508249  0.817560  0.466521  0.531820  0.470168  0.550202  0.424996  0.464879  0.925768  0.531439  0.523789  0.764458  0.741873  0.519121  0.475977  0.378736  0.506541  0.431924  0.487370  0.826895  0.657790  0.406623  0.498856  0.494602  0.609917  0.457196  0.429361  0.417720  0.653478  0.605745  0.503543  0.375152  0.549426  0.496282  0.409584  0.555059  0.396985  0.477698  0.857884  0.487733  0.358440  0.549653  0.405722  0.418566  0.575776  0.566288  0.486065  0.431408  0.441161  0.448121  0.585496  0.466473  0.401716  0.492058  0.433303  0.622927  0.449160  0.528799  0.417392  0.436079  0.577872  0.651121  0.490206  0.563507  0.705266  0.563637  0.659002  0.577630  0.347748  0.552666  0.318866  0.626280  0.419912  0.467343  0.503740  0.553907  0.568262  0.853546  0.419621  0.554845 
5  0.831147  0.816190  0.961866  0.878913  0.833652 0.0  0.780057  0.846138  0.831004  0.776698  0.928349  0.798415  0.924260  0.809567  0.878843  0.944891  0.791936  0.851765  0.841527  0.935489  0.642465  0.879099  0.904642  0.870543  0.822949  0.838423  0.813163  0.319488  0.914531  0.896414  0.643474  0.735547  0.819436  0.954317  0.752603  0.893034  0.812594  0.838114  0.360601  0.809652  0.881715  0.907787  0.837177  0.778202  0.889108  0.923028  0.920067  0.810140  0.875930  0.859885  0.860661  0.880156  0.917699  0.947690  0.884231  0.838435  0.874363  0.634033  0.881948  0.865562  0.929312  0.780266  0.882522  0.786824  0.880191  0.828898  0.821426  0.836390  0.805327  0.930191  0.939950  0.912933  0.832747  0.756329  0.842186  0.863646  0.805471  0.761552  0.926341  0.864364  0.749451  0.749074  0.919622  0.899318  0.854245  0.759175  0.865415  0.912480  0.830242  0.836470  0.903346  0.793883  0.786580  0.765049  0.898200  0.980710  0.610457  0.851259  0.847715 
6  0.356359  0.494223  0.255891  0.575029  0.441571  0.780057 0.0  0.632396  0.574319  0.427662  0.331578  0.327013  0.366110  0.307818  0.424892  0.581297  0.333149  0.618881  0.556880  0.509084  0.959480  0.284654  0.616061  0.344111  0.313102  0.514103  0.463245  0.773543  0.408292  0.396268  0.830995  0.689042  0.576613  0.322855  0.413553  0.245155  0.452809  0.303713  0.840808  0.605887  0.402149  0.357488  0.426850  0.516326  0.246665  0.329901  0.292578  0.663429  0.777140  0.316775  0.361324  0.597528  0.480382  0.215981  0.554821  0.291814  0.378591  0.822479  0.407044  0.442401  0.314794  0.464459  0.268904  0.592268  0.578197  0.446085  0.417831  0.362956  0.343339  0.604384  0.310557  0.368740  0.539328  0.302587  0.642082  0.325595  0.556221  0.362164  0.410939  0.705375  0.718242  0.414328  0.260965  0.612477  0.499717  0.649081  0.488537  0.383877  0.456890  0.320551  0.538913  0.323946  0.464794  0.258456  0.285707  0.575144  0.818488  0.485176  0.501003 
7  0.554317  0.512439  0.541814  0.496042  0.561726  0.846138  0.632396 0.0  0.540478  0.437427  0.491338  0.516073  0.615932  0.590626  0.506108  0.587116  0.452619  0.595632  0.520139  0.407059  0.768217  0.524432  0.505368  0.561354  0.421000  0.525512  0.292194  0.842542  0.434614  0.608734  0.793062  0.674195  0.545304  0.489403  0.423518  0.572486  0.591606  0.492787  0.820562  0.580308  0.574465  0.569138  0.464695  0.615018  0.487695  0.584528  0.564312  0.605892  0.604939  0.511031  0.651126  0.525429  0.437120  0.532635  0.515737  0.597084  0.545164  0.868793  0.532833  0.472718  0.549409  0.486922  0.490719  0.551234  0.514875  0.354797  0.621193  0.597394  0.482112  0.619191  0.501344  0.600708  0.532805  0.608920  0.727526  0.613059  0.484990  0.512273  0.542033  0.529372  0.718602  0.463989  0.514234  0.582424  0.510020  0.663910  0.605193  0.515244  0.326999  0.608195  0.470777  0.479632  0.493581  0.560891  0.548024  0.481390  0.820993  0.597944  0.415126 
8  0.538199  0.350070  0.578404  0.524370  0.665583  0.831004  0.574319  0.540478 0.0  0.572426  0.618760  0.572784  0.494295  0.576445  0.565744  0.413446  0.556047  0.382826  0.554581  0.397470  0.585284  0.533494  0.480725  0.545330  0.568294  0.600175  0.583776  0.839641  0.564148  0.469990  0.891347  0.726177  0.390863  0.526087  0.446714  0.533729  0.484522  0.620397  0.910204  0.636997  0.502150  0.470831  0.495051  0.359058  0.641502  0.518936  0.555093  0.663410  0.659740  0.548903  0.563013  0.373140  0.447713  0.555754  0.345329  0.523545  0.543868  0.717351  0.626578  0.573841  0.555821  0.525748  0.555595  0.359569  0.522917  0.392023  0.532579  0.506913  0.643817  0.359005  0.578505  0.505850  0.410097  0.524458  0.651757  0.648923  0.438726  0.483576  0.464887  0.656589  0.686000  0.600376  0.540411  0.580969  0.308241  0.639732  0.486944  0.413664  0.410981  0.631416  0.587469  0.639361  0.627809  0.473567  0.527611  0.437185  0.933857  0.533976  0.569210 
9  0.557825  0.511893  0.541380  0.368997  0.501411  0.776698  0.427662  0.437427  0.572426 0.0  0.525345  0.614310  0.495561  0.455400  0.482501  0.490638  0.592094  0.540715  0.444421  0.499147  0.723712  0.545416  0.443777  0.569566  0.475548  0.547031  0.364583  0.807415  0.677306  0.583960  0.721144  0.550781  0.459298  0.473883  0.427653  0.495002  0.545902  0.445818  0.859165  0.587140  0.520340  0.410011  0.507546  0.508746  0.557248  0.653716  0.447052  0.674772  0.636685  0.535087  0.535266  0.523225  0.507255  0.525433  0.593061  0.499133  0.413575  0.853332  0.546743  0.540080  0.463198  0.510395  0.450938  0.422739  0.397836  0.413527  0.426582  0.542344  0.406235  0.434357  0.557011  0.497685  0.476618  0.498171  0.732064  0.542452  0.533385  0.476030  0.489025  0.671185  0.684801  0.451644  0.463172  0.545707  0.515023  0.664268  0.549542  0.502709  0.335085  0.581990  0.304534  0.483348  0.588955  0.597100  0.439549  0.549664  0.864350  0.382636  0.523638 
10  0.257456  0.451971  0.431690  0.639046  0.325496  0.928349  0.331578  0.491338  0.618760  0.525345 0.0  0.352414  0.307646  0.305334  0.339717  0.534820  0.306715  0.508934  0.385931  0.445932  0.760025  0.314219  0.489170  0.264833  0.380222  0.539926  0.494529  0.850321  0.379675  0.482361  0.839892  0.681769  0.483371  0.321332  0.418244  0.300537  0.358254  0.370470  0.940788  0.627880  0.360812  0.345096  0.267938  0.582812  0.335707  0.292979  0.326996  0.609451  0.599248  0.356436  0.396397  0.632340  0.574563  0.311456  0.530536  0.453829  0.338332  0.816353  0.347763  0.373219  0.383635  0.498079  0.450100  0.625410  0.555456  0.491985  0.339156  0.390231  0.322188  0.583918  0.382230  0.272497  0.474670  0.352786  0.617447  0.286737  0.539966  0.290745  0.518986  0.615469  0.655057  0.419131  0.369762  0.594250  0.567019  0.601962  0.546837  0.361906  0.344870  0.287092  0.595700  0.248126  0.317213  0.302991  0.364183  0.663319  0.783298  0.354201  0.558675 
11  0.291901  0.551855  0.323448  0.527925  0.492112  0.798415  0.327013  0.516073  0.572784  0.614310  0.352414 0.0  0.366414  0.378436  0.276659  0.585067  0.389206  0.623389  0.494377  0.612871  0.770967  0.358593  0.576368  0.269787  0.321931  0.424347  0.418343  0.799425  0.264086  0.412872  0.757888  0.670345  0.609338  0.302042  0.483444  0.342806  0.435622  0.224113  0.836870  0.699606  0.428570  0.362895  0.378123  0.686895  0.359291  0.285151  0.344507  0.629137  0.679357  0.342623  0.348505  0.586879  0.583652  0.304835  0.654428  0.376402  0.329484  0.817842  0.340195  0.426314  0.345540  0.511283  0.270152  0.487200  0.487084  0.443224  0.381072  0.241492  0.291161  0.580271  0.359908  0.247065  0.564606  0.334095  0.682458  0.398174  0.612462  0.274007  0.397976  0.668944  0.834860  0.318201  0.320436  0.596137  0.556446  0.631706  0.595251  0.487557  0.549236  0.392272  0.544527  0.367893  0.350214  0.267976  0.286103  0.484323  0.847861  0.431550  0.554345 
12  0.312946  0.510659  0.362664  0.567823  0.501945  0.924260  0.366110  0.615932  0.494295  0.495561  0.307646  0.366414 0.0  0.339827  0.295200  0.527415  0.352071  0.615258  0.373351  0.587624  0.735060  0.378052  0.612259  0.450075  0.325612  0.492624  0.522439  0.860492  0.411124  0.480606  0.821208  0.775278  0.557830  0.354601  0.442920  0.270936  0.437472  0.358498  0.876530  0.644708  0.377315  0.347321  0.420137  0.466168  0.440527  0.249483  0.393353  0.619843  0.673508  0.299344  0.295776  0.614450  0.569592  0.346845  0.579630  0.353970  0.390944  0.814916  0.188532  0.489293  0.322952  0.405208  0.401765  0.505537  0.659700  0.390306  0.310662  0.350611  0.239918  0.648300  0.434184  0.334781  0.567184  0.274758  0.694425  0.423804  0.496286  0.342708  0.450775  0.570272  0.614124  0.385882  0.290030  0.547188  0.582842  0.774273  0.455698  0.436813  0.564712  0.381328  0.636637  0.383546  0.343974  0.307011  0.228835  0.459945  0.859555  0.280134  0.427500 
13  0.302765  0.586125  0.350364  0.373055  0.425858  0.809567  0.307818  0.590626  0.576445  0.455400  0.305334  0.378436  0.339827 0.0  0.336928  0.461057  0.331287  0.581034  0.408247  0.531573  0.849539  0.355685  0.540862  0.398291  0.370863  0.539691  0.461688  0.847110  0.329820  0.325936  0.840579  0.715240  0.621570  0.312171  0.382551  0.488038  0.379618  0.275350  0.910443  0.637888  0.413811  0.359613  0.332461  0.631617  0.370801  0.404373  0.323525  0.584817  0.727462  0.351902  0.450937  0.596645  0.478967  0.284478  0.539460  0.357496  0.331104  0.707736  0.271979  0.363367  0.335391  0.390767  0.340780  0.629849  0.477354  0.328486  0.274460  0.409351  0.411570  0.552850  0.295279  0.207354  0.633016  0.372088  0.748119  0.361062  0.582795  0.312780  0.530847  0.698860  0.689793  0.242287  0.370180  0.520500  0.550645  0.694844  0.592960  0.468962  0.500751  0.381444  0.628090  0.363248  0.421479  0.263216  0.273424  0.514668  0.885890  0.315872  0.580939 
14  0.302697  0.608746  0.289699  0.549563  0.409430  0.878843  0.424892  0.506108  0.565744  0.482501  0.339717  0.276659  0.295200  0.336928 0.0  0.513688  0.335270  0.648868  0.368225  0.520478  0.729232  0.272710  0.589125  0.296275  0.293471  0.460740  0.489259  0.944774  0.227335  0.367318  0.856663  0.660245  0.554841  0.303118  0.462497  0.409171  0.415037  0.299517  0.827057  0.658756  0.331827  0.333250  0.373828  0.587782  0.315327  0.367754  0.298396  0.648469  0.674511  0.318574  0.253983  0.660169  0.523472  0.311198  0.522005  0.399991  0.280970  0.821872  0.345507  0.471517  0.421014  0.360342  0.313456  0.524884  0.617286  0.525519  0.331483  0.282936  0.370146  0.505320  0.394092  0.346801  0.614734  0.367734  0.625802  0.356795  0.600853  0.318302  0.451981  0.620754  0.742567  0.317475  0.239916  0.491302  0.606810  0.736834  0.560733  0.420888  0.652431  0.388282  0.579667  0.322563  0.399681  0.366127  0.342151  0.641604  0.799340  0.334495  0.512846 
15  0.555684  0.435459  0.619339  0.585492  0.559267  0.944891  0.581297  0.587116  0.413446  0.490638  0.534820  0.585067  0.527415  0.461057  0.513688 0.0  0.506070  0.277131  0.570128  0.480359  0.691673  0.497502  0.390824  0.379031  0.576481  0.519294  0.550295  0.874178  0.550892  0.418573  0.808630  0.664629  0.398365  0.588266  0.378565  0.482427  0.513844  0.456814  0.805178  0.653988  0.636084  0.584461  0.566984  0.465427  0.571613  0.638147  0.500926  0.597984  0.631994  0.599559  0.582341  0.410624  0.467430  0.533614  0.530461  0.550340  0.617298  0.838344  0.557830  0.439609  0.435944  0.500555  0.469686  0.404425  0.323400  0.525625  0.567841  0.530945  0.642006  0.452772  0.531648  0.552336  0.494738  0.485191  0.731250  0.585591  0.467063  0.438138  0.560643  0.696280  0.730751  0.520953  0.538586  0.287331  0.481656  0.656001  0.343655  0.511794  0.418438  0.615167  0.462409  0.523755  0.587896  0.489725  0.496004  0.363516  0.865903  0.576441  0.520850 
16  0.280697  0.528522  0.407946  0.603464  0.574060  0.791936  0.333149  0.452619  0.556047  0.592094  0.306715  0.389206  0.352071  0.331287  0.335270  0.506070 0.0  0.521944  0.436858  0.567615  0.710014  0.373334  0.631814  0.350700  0.348165  0.596777  0.591448  0.772179  0.276788  0.408421  0.826139  0.642907  0.644131  0.360691  0.367699  0.275517  0.520406  0.284308  0.918841  0.626214  0.423912  0.303763  0.456286  0.583361  0.443566  0.324349  0.281094  0.541194  0.646015  0.407031  0.449136  0.533057  0.513810  0.306385  0.566584  0.336183  0.407329  0.801443  0.357330  0.394947  0.424018  0.397690  0.440213  0.524179  0.587099  0.299476  0.405062  0.343701  0.305503  0.525930  0.374433  0.333766  0.531933  0.294665  0.714576  0.357558  0.454228  0.351646  0.464264  0.516498  0.912469  0.202860  0.319026  0.535682  0.520939  0.656377  0.561238  0.435534  0.475358  0.377129  0.515845  0.304705  0.185987  0.424541  0.328277  0.549670  0.798154  0.359421  0.534507 
17  0.609267  0.395816  0.544410  0.603662  0.570380  0.851765  0.618881  0.595632  0.382826  0.540715  0.508934  0.623389  0.615258  0.581034  0.648868  0.277131  0.521944 0.0  0.613229  0.446864  0.776856  0.492701  0.520305  0.547530  0.515869  0.456059  0.496866  0.734792  0.453849  0.524675  0.808394  0.657370  0.543034  0.639063  0.422457  0.651178  0.504754  0.478422  0.953744  0.709052  0.634778  0.434790  0.612090  0.528302  0.620751  0.645537  0.504000  0.627977  0.648322  0.529286  0.558892  0.482187  0.463321  0.621110  0.492255  0.554117  0.537530  0.775554  0.541480  0.364810  0.491867  0.540371  0.647030  0.494351  0.284793  0.447021  0.629148  0.481561  0.573597  0.468506  0.560241  0.534485  0.534173  0.634371  0.630076  0.626562  0.424680  0.562505  0.674422  0.633768  0.754139  0.643793  0.683322  0.386117  0.477409  0.611485  0.373160  0.553209  0.442796  0.604995  0.506281  0.607293  0.457194  0.548690  0.491597  0.345059  0.646930  0.620969  0.543597 
18  0.324091  0.624086  0.392446  0.567943  0.409312  0.841527  0.556880  0.520139  0.554581  0.444421  0.385931  0.494377  0.373351  0.408247  0.368225  0.570128  0.436858  0.613229 0.0  0.589466  0.766619  0.474208  0.490594  0.463607  0.408949  0.554405  0.551449  0.874878  0.458918  0.494808  0.879267  0.651471  0.533695  0.452164  0.449429  0.447388  0.397581  0.398786  0.864665  0.717958  0.509171  0.598765  0.462380  0.602896  0.467268  0.485845  0.402919  0.721765  0.650890  0.450021  0.446901  0.571099  0.493231  0.486425  0.596593  0.403317  0.547964  0.791495  0.491975  0.403711  0.631172  0.326552  0.414923  0.588515  0.507246  0.329708  0.580382  0.356693  0.581016  0.445663  0.479815  0.478412  0.513145  0.447225  0.761154  0.357717  0.612829  0.505521  0.497143  0.687776  0.739791  0.354432  0.394989  0.534319  0.560117  0.739482  0.587307  0.400130  0.505056  0.485113  0.444806  0.476646  0.378224  0.481172  0.470103  0.629347  0.816590  0.408933  0.532884 
19  0.555496  0.443995  0.639519  0.540618  0.508249  0.935489  0.509084  0.407059  0.397470  0.499147  0.445932  0.612871  0.587624  0.531573  0.520478  0.480359  0.567615  0.446864  0.589466 0.0  0.699200  0.671334  0.289438  0.620458  0.603192  0.468258  0.513437  0.847953  0.589736  0.597134  0.815748  0.580969  0.319777  0.442302  0.486340  0.542361  0.529080  0.402818  0.880402  0.687018  0.516953  0.569059  0.558114  0.495635  0.548663  0.530521  0.572026  0.653467  0.610687  0.573779  0.540249  0.369322  0.413422  0.564535  0.362714  0.560848  0.622063  0.840645  0.619811  0.473600  0.456674  0.488263  0.578826  0.466211  0.456295  0.422944  0.526356  0.504051  0.583852  0.308447  0.516925  0.511571  0.365497  0.628721  0.722178  0.606327  0.419720  0.529553  0.555525  0.611851  0.717178  0.526174  0.671212  0.478909  0.275571  0.581486  0.406897  0.516299  0.382107  0.501606  0.673983  0.626826  0.515174  0.608142  0.594316  0.427415  0.912726  0.630363  0.513428 
20  0.776246  0.785171  0.782457  0.791330  0.817560  0.642465  0.959480  0.768217  0.585284  0.723712  0.760025  0.770967  0.735060  0.849539  0.729232  0.691673  0.710014  0.776856  0.766619  0.699200 0.0  0.770578  0.838754  0.651702  0.796879  0.685917  0.761333  0.833632  0.687875  0.835808  0.770207  0.719029  0.741429  0.716947  0.711781  0.610434  0.726486  0.734330  0.770549  0.687788  0.804540  0.691692  0.734284  0.731363  0.691639  0.570496  0.668591  0.654712  0.796899  0.725111  0.712508  0.801241  0.719593  0.737707  0.596938  0.772590  0.780730  0.731225  0.727777  0.785513  0.858810  0.857068  0.836328  0.732412  0.674186  0.805224  0.718378  0.762438  0.704786  0.807758  0.753088  0.756698  0.743065  0.790546  0.679208  0.684497  0.794666  0.801822  0.702685  0.732857  0.300893  0.833732  0.727134  0.759735  0.726284  0.816083  0.712210  0.704290  0.607698  0.787518  0.807485  0.720344  0.742703  0.718107  0.717504  0.671128  0.687946  0.746773  0.762872 
21  0.363263  0.465297  0.319806  0.526555  0.466521  0.879099  0.284654  0.524432  0.533494  0.545416  0.314219  0.358593  0.378052  0.355685  0.272710  0.497502  0.373334  0.492701  0.474208  0.671334  0.770578 0.0  0.613308  0.375669  0.369512  0.512261  0.549370  0.908810  0.351853  0.322025  0.754310  0.647783  0.507614  0.395156  0.375096  0.193886  0.487975  0.291294  0.871527  0.750067  0.362971  0.337375  0.480157  0.553573  0.406711  0.318455  0.317442  0.591109  0.728098  0.285016  0.338462  0.525138  0.543526  0.309030  0.585481  0.397857  0.338769  0.751999  0.316103  0.480869  0.295532  0.310643  0.335610  0.593856  0.475895  0.475960  0.259091  0.285296  0.235593  0.596338  0.316623  0.365726  0.596743  0.240575  0.668563  0.328987  0.469935  0.356170  0.461217  0.635172  0.690813  0.346310  0.339225  0.591209  0.447928  0.628349  0.569388  0.475814  0.582255  0.297121  0.523886  0.384695  0.427037  0.468256  0.335154  0.582701  0.832745  0.334838  0.500248 
22  0.653173  0.368473  0.420056  0.521070  0.531820  0.904642  0.616061  0.505368  0.480725  0.443777  0.489170  0.576368  0.612259  0.540862  0.589125  0.390824  0.631814  0.520305  0.490594  0.289438  0.838754  0.613308 0.0  0.503697  0.572295  0.406559  0.466710  0.790185  0.581639  0.521159  0.818511  0.660821  0.373647  0.510840  0.399814  0.390320  0.500044  0.528269  0.902181  0.619062  0.545653  0.567014  0.552185  0.380103  0.486541  0.470591  0.521058  0.677408  0.764133  0.576172  0.556468  0.390998  0.352253  0.589337  0.389083  0.526558  0.599507  0.803033  0.526863  0.444393  0.541510  0.520178  0.489694  0.400139  0.486545  0.402092  0.467249  0.613247  0.532331  0.411375  0.634247  0.573332  0.462714  0.532654  0.541709  0.486934  0.343745  0.527427  0.517181  0.657916  0.674551  0.503407  0.512746  0.573101  0.407451  0.705012  0.480084  0.491173  0.430916  0.533885  0.481004  0.501708  0.470287  0.566297  0.585648  0.531454  0.902745  0.601388  0.544308 
23  0.366444  0.607323  0.387328  0.583775  0.470168  0.870543  0.344111  0.561354  0.545330  0.569566  0.264833  0.269787  0.450075  0.398291  0.296275  0.379031  0.350700  0.547530  0.463607  0.620458  0.651702  0.375669  0.503697 0.0  0.313766  0.551712  0.415680  0.811439  0.244135  0.311379  0.788231  0.685532  0.516438  0.407547  0.406381  0.261087  0.338334  0.287288  0.785494  0.661922  0.283699  0.387852  0.360015  0.625502  0.336561  0.210221  0.341180  0.591593  0.695033  0.363536  0.329158  0.527555  0.599511  0.318985  0.612857  0.288916  0.278858  0.763602  0.347760  0.434702  0.402366  0.430338  0.390719  0.520298  0.504392  0.348483  0.387475  0.347453  0.357505  0.640058  0.363414  0.330175  0.519420  0.323559  0.700664  0.282857  0.517665  0.462852  0.476260  0.585056  0.720392  0.278864  0.359159  0.520446  0.575816  0.684882  0.541615  0.493076  0.598601  0.436194  0.565044  0.350180  0.387771  0.326750  0.396843  0.541202  0.837200  0.351640  0.611747 
24  0.371738  0.523567  0.396814  0.478422  0.550202  0.822949  0.313102  0.421000  0.568294  0.475548  0.380222  0.321931  0.325612  0.370863  0.293471  0.576481  0.348165  0.515869  0.408949  0.603192  0.796879  0.369512  0.572295  0.313766 0.0  0.634390  0.556352  0.903130  0.403819  0.300587  0.909655  0.633212  0.613945  0.354596  0.354203  0.367540  0.358144  0.394717  0.688162  0.570163  0.375484  0.362991  0.260756  0.500042  0.335739  0.283600  0.336322  0.592366  0.732136  0.371162  0.307711  0.500334  0.551545  0.337412  0.567638  0.438959  0.379965  0.773913  0.236611  0.404807  0.320706  0.351599  0.304193  0.579223  0.608066  0.397005  0.329744  0.330001  0.375889  0.571181  0.296478  0.289810  0.445709  0.300442  0.668461  0.355258  0.573929  0.237464  0.461539  0.625143  0.730270  0.252271  0.478247  0.549643  0.626334  0.693429  0.571269  0.467848  0.573648  0.343637  0.500671  0.381328  0.413357  0.280062  0.356856  0.639553  0.731343  0.256292  0.405075 
25  0.537627  0.493507  0.495281  0.573612  0.424996  0.838423  0.514103  0.525512  0.600175  0.547031  0.539926  0.424347  0.492624  0.539691  0.460740  0.519294  0.596777  0.456059  0.554405  0.468258  0.685917  0.512261  0.406559  0.551712  0.634390 0.0  0.496670  0.895222  0.508379  0.521015  0.839150  0.534330  0.496223  0.502546  0.440528  0.420923  0.581833  0.431444  0.768193  0.670563  0.599712  0.475630  0.355251  0.533204  0.618542  0.535013  0.463458  0.539701  0.666226  0.499608  0.510475  0.607097  0.524309  0.528321  0.566612  0.469844  0.584983  0.771726  0.538565  0.558846  0.501410  0.609957  0.557717  0.498648  0.471513  0.551442  0.611312  0.635692  0.570268  0.457322  0.565159  0.558224  0.495598  0.568981  0.648740  0.450749  0.580116  0.465277  0.645094  0.605641  0.845179  0.566726  0.524576  0.584443  0.565910  0.691509  0.589240  0.562027  0.559776  0.491856  0.463030  0.545507  0.575420  0.491805  0.580547  0.494837  0.851577  0.544509  0.373842 
26  0.562837  0.581185  0.518432  0.360503  0.464879  0.813163  0.463245  0.292194  0.583776  0.364583  0.494529  0.418343  0.522439  0.461688  0.489259  0.550295  0.591448  0.496866  0.551449  0.513437  0.761333  0.549370  0.466710  0.415680  0.556352  0.496670 0.0  0.906675  0.562573  0.466470  0.950193  0.546880  0.497569  0.491859  0.392159  0.448887  0.457611  0.513853  0.846256  0.605210  0.414086  0.489024  0.531228  0.518858  0.604293  0.479161  0.542006  0.582725  0.684663  0.463271  0.488189  0.520710  0.542547  0.625858  0.504586  0.495460  0.511174  0.795236  0.517720  0.492502  0.469293  0.507427  0.511184  0.551630  0.509552  0.339748  0.560483  0.557862  0.461124  0.608634  0.562794  0.528117  0.460820  0.600716  0.565415  0.470310  0.500932  0.525878  0.465317  0.713241  0.755145  0.580020  0.486570  0.428677  0.564877  0.602865  0.502475  0.470110  0.317921  0.577469  0.405412  0.509211  0.488383  0.485532  0.481871  0.564611  0.877192  0.404733  0.499703 
27  0.852689  0.862024  0.871187  0.828036  0.925768  0.319488  0.773543  0.842542  0.839641  0.807415  0.850321  0.799425  0.860492  0.847110  0.944774  0.874178  0.772179  0.734792  0.874878  0.847953  0.833632  0.908810  0.790185  0.811439  0.903130  0.895222  0.906675 0.0  0.784362  0.818579  0.723062  0.855857  0.844330  0.843393  0.841701  0.856290  0.801055  0.789583  0.351019  0.691939  0.781209  0.881969  0.922445  0.816966  0.836545  0.759424  0.806620  0.808803  0.841429  0.932154  0.768980  0.839614  0.773392  0.809167  0.809369  0.907109  0.846631  0.556252  0.783000  0.899921  0.860363  0.868945  0.701840  0.785018  0.847147  0.567600  0.808867  0.750859  0.925843  0.820136  0.806127  0.911590  0.876527  0.844148  0.885330  0.972278  0.821574  0.768076  0.845538  0.905665  0.743445  0.871489  0.836081  0.809994  0.737817  0.838307  0.673051  0.883837  0.882269  0.697120  0.787911  0.861281  0.934372  0.760746  0.831296  0.818488  0.569988  0.918564  0.819845 
28  0.321030  0.541412  0.298607  0.659006  0.531439  0.914531  0.408292  0.434614  0.564148  0.677306  0.379675  0.264086  0.411124  0.329820  0.227335  0.550892  0.276788  0.453849  0.458918  0.589736  0.687875  0.351853  0.581639  0.244135  0.403819  0.508379  0.562573  0.784362 0.0  0.352289  0.906612  0.704509  0.512861  0.329765  0.356115  0.280329  0.329715  0.349194  0.883178  0.706953  0.404007  0.360532  0.268396  0.518988  0.305911  0.386219  0.347906  0.497628  0.660165  0.341703  0.417719  0.633084  0.523709  0.323759  0.467905  0.320530  0.296172  0.786982  0.347416  0.479002  0.411520  0.399946  0.300108  0.464661  0.575631  0.299426  0.325989  0.420216  0.325025  0.589702  0.373629  0.350558  0.648949  0.327857  0.616399  0.315913  0.574210  0.296058  0.422099  0.582726  0.687682  0.454184  0.371779  0.657412  0.422648  0.641931  0.482516  0.515490  0.501529  0.321042  0.642782  0.385861  0.325592  0.356606  0.274317  0.593536  0.807413  0.318813  0.481425 
29  0.399614  0.549780  0.422557  0.601003  0.523789  0.896414  0.396268  0.608734  0.469990  0.583960  0.482361  0.412872  0.480606  0.325936  0.367318  0.418573  0.408421  0.524675  0.494808  0.597134  0.835808  0.322025  0.521159  0.311379  0.300587  0.521015  0.466470  0.818579  0.352289 0.0  0.783357  0.611388  0.553907  0.368100  0.524730  0.434025  0.487468  0.332671  0.858945  0.641550  0.441120  0.492023  0.471618  0.583322  0.375412  0.431339  0.427258  0.689424  0.671188  0.434954  0.503640  0.574850  0.519777  0.469717  0.527031  0.423803  0.449895  0.721441  0.375873  0.398459  0.347191  0.419485  0.386133  0.486706  0.538348  0.382910  0.376382  0.337596  0.405294  0.619995  0.363235  0.457504  0.502006  0.508712  0.600723  0.490741  0.546948  0.374970  0.448971  0.628025  0.848822  0.412060  0.411108  0.666268  0.599762  0.592144  0.557336  0.514508  0.551746  0.326798  0.569907  0.326553  0.492232  0.420413  0.339893  0.616064  0.931868  0.409391  0.583666 
30  0.882384  0.828193  0.804364  0.784901  0.764458  0.643474  0.830995  0.793062  0.891347  0.721144  0.839892  0.757888  0.821208  0.840579  0.856663  0.808630  0.826139  0.808394  0.879267  0.815748  0.770207  0.754310  0.818511  0.788231  0.909655  0.839150  0.950193  0.723062  0.906612  0.783357 0.0  0.816932  0.937120  0.844317  0.827743  0.854674  0.943616  0.806282  0.646747  0.863608  0.746763  0.917851  0.867319  0.833251  0.826065  0.892804  0.838141  0.804822  0.819796  0.905737  0.865069  0.774722  0.879494  0.881139  0.918491  0.866111  0.830180  0.471957  0.822557  0.785958  0.852377  0.769103  0.630329  0.819034  0.868078  0.794075  0.887481  0.824110  0.803992  0.859736  0.871005  0.781937  0.922652  0.836690  0.824333  0.826384  0.854007  0.890071  0.927147  0.812289  0.704318  0.853084  0.792305  0.854922  0.912865  0.839178  0.875270  0.815417  0.781202  0.786276  0.819355  0.764611  0.807780  0.913693  0.913241  0.882232  0.400155  0.810961  0.843609 
31  0.659070  0.701218  0.715133  0.588832  0.741873  0.735547  0.689042  0.674195  0.726177  0.550781  0.681769  0.670345  0.775278  0.715240  0.660245  0.664629  0.642907  0.657370  0.651471  0.580969  0.719029  0.647783  0.660821  0.685532  0.633212  0.534330  0.546880  0.855857  0.704509  0.611388  0.816932 0.0  0.678796  0.671467  0.522014  0.737248  0.674204  0.670867  0.976814  0.388948  0.744264  0.654536  0.546434  0.752532  0.734509  0.711557  0.645966  0.541393  0.467001  0.603643  0.704277  0.620056  0.707652  0.644916  0.537780  0.759465  0.726556  0.886250  0.725659  0.598199  0.661330  0.683511  0.599714  0.699539  0.739702  0.672635  0.689377  0.662892  0.745849  0.690013  0.649171  0.731863  0.639772  0.620453  0.582152  0.698547  0.571796  0.667836  0.662903  0.389096  0.693960  0.752933  0.663713  0.769526  0.798147  0.606042  0.696170  0.678675  0.672615  0.622943  0.705697  0.704844  0.634135  0.668149  0.640738  0.674897  0.911089  0.641803  0.600144 
32  0.551809  0.451560  0.539891  0.561255  0.519121  0.819436  0.576613  0.545304  0.390863  0.459298  0.483371  0.609338  0.557830  0.621570  0.554841  0.398365  0.644131  0.543034  0.533695  0.319777  0.741429  0.507614  0.373647  0.516438  0.613945  0.496223  0.497569  0.844330  0.512861  0.553907  0.937120  0.678796 0.0  0.584515  0.380830  0.679933  0.579456  0.565166  0.903900  0.663697  0.607795  0.491419  0.449222  0.466028  0.529584  0.608856  0.667998  0.647028  0.752343  0.554127  0.575320  0.285247  0.364910  0.527122  0.459646  0.521867  0.476803  0.792232  0.580789  0.460857  0.505071  0.469359  0.437928  0.376549  0.425917  0.421792  0.653179  0.526435  0.698174  0.440856  0.524285  0.532973  0.308355  0.551707  0.575060  0.552768  0.335949  0.558373  0.654191  0.588551  0.705249  0.484174  0.600830  0.382488  0.311181  0.787728  0.476278  0.576065  0.506808  0.640112  0.570494  0.485347  0.513729  0.581360  0.587178  0.511015  0.955062  0.530127  0.494632 
33  0.317660  0.584502  0.348387  0.440263  0.475977  0.954317  0.322855  0.489403  0.526087  0.473883  0.321332  0.302042  0.354601  0.312171  0.303118  0.588266  0.360691  0.639063  0.452164  0.442302  0.716947  0.395156  0.510840  0.407547  0.354596  0.502546  0.491859  0.843393  0.329765  0.368100  0.844317  0.671467  0.584515 0.0  0.496776  0.294466  0.433989  0.250595  0.759734  0.663882  0.317086  0.368090  0.319092  0.465998  0.255976  0.354873  0.399459  0.682211  0.769020  0.432498  0.351379  0.586701  0.594251  0.299254  0.628964  0.358783  0.355258  0.767234  0.316338  0.476340  0.280083  0.422136  0.378487  0.500705  0.552729  0.481987  0.324892  0.366762  0.326783  0.551389  0.346985  0.259147  0.508115  0.406347  0.672515  0.321561  0.523459  0.355922  0.414696  0.605296  0.784803  0.365648  0.272671  0.574112  0.583396  0.689209  0.440872  0.397472  0.418245  0.357348  0.504112  0.282251  0.311770  0.218425  0.213066  0.536433  0.876285  0.306564  0.471608 
34  0.321030  0.409353  0.484648  0.368675  0.378736  0.752603  0.413553  0.423518  0.446714  0.427653  0.418244  0.483444  0.442920  0.382551  0.462497  0.378565  0.367699  0.422457  0.449429  0.486340  0.711781  0.375096  0.399814  0.406381  0.354203  0.440528  0.392159  0.841701  0.356115  0.524730  0.827743  0.522014  0.380830  0.496776 0.0  0.339732  0.510665  0.388641  0.705919  0.631808  0.423825  0.555298  0.450293  0.523345  0.379309  0.437823  0.386239  0.603916  0.549871  0.400078  0.419458  0.396010  0.396202  0.492338  0.417594  0.443160  0.391690  0.779246  0.466942  0.527096  0.401591  0.477291  0.308709  0.411638  0.498765  0.354818  0.437053  0.490909  0.445797  0.457164  0.350781  0.400213  0.486736  0.389970  0.565515  0.382187  0.397176  0.527972  0.461966  0.602092  0.704950  0.372615  0.303544  0.513951  0.392583  0.584538  0.420307  0.339093  0.456748  0.398051  0.467504  0.445804  0.382371  0.403701  0.387178  0.343824  0.826849  0.450239  0.480281 
35  0.334371  0.507543  0.301042  0.546908  0.506541  0.893034  0.245155  0.572486  0.533729  0.495002  0.300537  0.342806  0.270936  0.488038  0.409171  0.482427  0.275517  0.651178  0.447388  0.542361  0.610434  0.193886  0.390320  0.261087  0.367540  0.420923  0.448887  0.856290  0.280329  0.434025  0.854674  0.737248  0.679933  0.294466  0.339732 0.0  0.451377  0.368457  0.795532  0.593212  0.383892  0.369113  0.369952  0.579456  0.334172  0.265058  0.303645  0.636186  0.730960  0.399730  0.322909  0.636417  0.468620  0.361968  0.478788  0.311642  0.354603  0.870538  0.383804  0.374659  0.347184  0.361139  0.372183  0.421973  0.560805  0.416457  0.294173  0.310768  0.305660  0.478405  0.362530  0.308324  0.608837  0.284831  0.629114  0.186155  0.450802  0.415555  0.450312  0.641597  0.693811  0.294628  0.260613  0.644097  0.574305  0.632822  0.594633  0.501377  0.534110  0.339054  0.569745  0.278415  0.384448  0.309995  0.290859  0.582044  0.894716  0.264027  0.555749 
36  0.382995  0.536666  0.492438  0.493699  0.431924  0.812594  0.452809  0.591606  0.484522  0.545902  0.358254  0.435622  0.437472  0.379618  0.415037  0.513844  0.520406  0.504754  0.397581  0.529080  0.726486  0.487975  0.500044  0.338334  0.358144  0.581833  0.457611  0.801055  0.329715  0.487468  0.943616  0.674204  0.579456  0.433989  0.510665  0.451377 0.0  0.375942  0.742367  0.645026  0.504666  0.354701  0.496566  0.479133  0.391300  0.369038  0.418718  0.593425  0.660732  0.302084  0.437970  0.571099  0.540990  0.351792  0.482455  0.442180  0.349025  0.760660  0.418887  0.440823  0.379792  0.467902  0.357872  0.525181  0.530357  0.408629  0.373091  0.361539  0.494116  0.427262  0.425891  0.491667  0.412545  0.355045  0.567950  0.463687  0.408080  0.408858  0.456685  0.623040  0.691987  0.346538  0.454909  0.470581  0.510039  0.658790  0.512087  0.414276  0.431926  0.479019  0.443519  0.452226  0.476776  0.534078  0.373580  0.457572  0.885451  0.474305  0.489266 
37  0.299544  0.517617  0.435466  0.571495  0.487370  0.838114  0.303713  0.492787  0.620397  0.445818  0.370470  0.224113  0.358498  0.275350  0.299517  0.456814  0.284308  0.478422  0.398786  0.402818  0.734330  0.291294  0.528269  0.287288  0.394717  0.431444  0.513853  0.789583  0.349194  0.332671  0.806282  0.670867  0.565166  0.250595  0.388641  0.368457  0.375942 0.0  0.882818  0.530427  0.276010  0.224585  0.379078  0.388962  0.414954  0.202050  0.433263  0.521330  0.712293  0.298291  0.229076  0.522765  0.483322  0.277954  0.550077  0.283481  0.356188  0.834782  0.339336  0.399757  0.384632  0.222735  0.338501  0.592881  0.504906  0.379620  0.288191  0.374781  0.325805  0.523987  0.387491  0.306209  0.642794  0.339438  0.657808  0.284777  0.676675  0.309186  0.519998  0.644729  0.741143  0.401680  0.378357  0.680240  0.613991  0.610416  0.615432  0.514463  0.576104  0.438603  0.590473  0.305009  0.325676  0.423922  0.328585  0.593347  0.794536  0.398476  0.572062 
38  0.836592  0.874839  0.846853  0.926582  0.826895  0.360601  0.840808  0.820562  0.910204  0.859165  0.940788  0.836870  0.876530  0.910443  0.827057  0.805178  0.918841  0.953744  0.864665  0.880402  0.770549  0.871527  0.902181  0.785494  0.688162  0.768193  0.846256  0.351019  0.883178  0.858945  0.646747  0.976814  0.903900  0.759734  0.705919  0.795532  0.742367  0.882818 0.0  0.782444  0.902485  0.831565  0.859695  0.824376  0.966063  0.866033  0.906628  0.935593  0.816223  0.898665  0.816094  0.776882  0.789072  0.875272  0.909408  0.938497  0.854501  0.664984  0.827214  0.922808  0.987345  0.749596  0.860672  0.832239  0.811546  0.709722  0.877772  0.726914  0.870218  0.829960  0.812027  0.905555  0.842281  0.775602  0.874851  0.805712  0.883234  0.891966  0.875724  0.769131  0.758941  0.906433  0.819455  0.815228  0.992724  0.778189  0.867502  0.949931  0.850935  0.844926  0.908657  0.878503  0.906770  0.790311  0.949922  0.930797  0.664779  0.872406  0.872028 
39  0.557341  0.690648  0.636920  0.627623  0.657790  0.809652  0.605887  0.580308  0.636997  0.587140  0.627880  0.699606  0.644708  0.637888  0.658756  0.653988  0.626214  0.709052  0.717958  0.687018  0.687788  0.750067  0.619062  0.661922  0.570163  0.670563  0.605210  0.691939  0.706953  0.641550  0.863608  0.388948  0.663697  0.663882  0.631808  0.593212  0.645026  0.530427  0.782444 0.0  0.598978  0.606830  0.660332  0.717648  0.633285  0.714593  0.654712  0.614472  0.492728  0.677264  0.665600  0.647231  0.623766  0.627868  0.622518  0.687407  0.762976  0.831282  0.596044  0.628401  0.560269  0.694770  0.634411  0.608998  0.641422  0.512525  0.639674  0.633099  0.653514  0.651384  0.725684  0.642645  0.638767  0.602413  0.587636  0.716425  0.729861  0.572585  0.759287  0.431597  0.784223  0.627829  0.644856  0.669150  0.731632  0.604850  0.683185  0.616202  0.561821  0.613407  0.587174  0.659193  0.701915  0.605566  0.696040  0.661862  0.992323  0.661016  0.728501 
