99
0 0.0  0.883063  0.750623  0.828075  0.670225  0.759765  0.535568  0.805041  0.767140  0.617019  0.787832  0.875423  0.894186  0.870324  0.765352  0.901382  0.852563  0.720324  0.877587  0.778742  0.453344  0.804897  0.874133  0.842414  0.887672  0.862646  0.830931  0.899492  0.853690  0.930382  0.731915  0.817029  0.819338  0.887500  0.814172  0.927128  0.867196  0.833075  0.288370  0.817940  0.817646  0.821667  0.780846  0.909315  0.815971  0.780054  0.836133  0.789101  0.879321  0.818178  0.865808  0.882002  0.833358  0.877512  0.741389  0.895898  0.765365  0.869536  0.859021  0.856394  0.748126  0.839858  0.841044  0.828534  0.854896  0.767858  0.896262  0.910121  0.766543  0.778090  0.746892  0.749670  0.912066  0.810497  0.817826  0.895321  0.768568  0.801973  0.806440  0.841158  0.736119  0.925613  0.908906  0.781568  0.858835  0.719506  0.796917  0.919011  0.882186  0.866804  0.761289  0.455870  0.817883  0.781128  0.824075  0.839597  0.759883  0.797361  0.830957 
1  0.883063 0.0  0.229042  0.457111  0.807603  0.268107  0.867239  0.707828  0.301119  0.869221  0.384007  0.287232  0.512883  0.450658  0.335105  0.512770  0.337008  0.399294  0.361500  0.521774  0.862185  0.274101  0.694494  0.264421  0.492692  0.570044  0.349233  0.301112  0.558807  0.374316  0.750849  0.497457  0.477769  0.333870  0.339892  0.219689  0.383350  0.394855  0.900744  0.314104  0.323575  0.351367  0.355905  0.266721  0.307118  0.254299  0.276151  0.487764  0.362228  0.308046  0.420833  0.446014  0.492244  0.331930  0.914697  0.266768  0.608467  0.397987  0.435919  0.604251  0.561685  0.287724  0.286827  0.291718  0.430845  0.359342  0.602228  0.539792  0.477037  0.520195  0.321984  0.427478  0.431991  0.340548  0.522688  0.326098  0.331163  0.478355  0.565399  0.315229  0.436453  0.496610  0.554137  0.812806  0.363149  0.169861  0.697317  0.581362  0.343001  0.454481  0.292946  0.813375  0.349554  0.275730  0.289161  0.323828  0.700556  0.264428  0.398858 
2  0.750623  0.229042 0.0  0.588346  0.788298  0.229501  0.826198  0.719355  0.423520  0.853893  0.480964  0.328809  0.410420  0.493975  0.352930  0.431938  0.400106  0.365702  0.261967  0.604124  0.773715  0.371527  0.684139  0.290818  0.496513  0.594404  0.371542  0.364708  0.563563  0.369082  0.753281  0.476302  0.390273  0.385735  0.433572  0.300252  0.420987  0.397798  0.797686  0.408789  0.411175  0.259950  0.335378  0.456471  0.227564  0.476637  0.271925  0.472033  0.348022  0.343438  0.497556  0.473827  0.515617  0.209135  0.929763  0.364765  0.528474  0.426457  0.247355  0.507934  0.523193  0.360466  0.435368  0.377847  0.357195  0.398010  0.492664  0.505014  0.447522  0.578799  0.374519  0.408117  0.429713  0.284760  0.650840  0.371698  0.362570  0.504673  0.524322  0.435643  0.457594  0.475473  0.530020  0.817186  0.388500  0.422284  0.624770  0.550346  0.353077  0.424775  0.314017  0.842254  0.356455  0.326045  0.354550  0.380093  0.780884  0.314377  0.362506 
3  0.828075  0.457111  0.588346 0.0  0.910827  0.588920  0.739448  0.604283  0.626164  0.858210  0.482297  0.578532  0.441579  0.434760  0.525790  0.482639  0.443920  0.495965  0.581550  0.361526  0.893412  0.445274  0.738319  0.552786  0.341903  0.382562  0.546375  0.598580  0.533954  0.444873  0.777566  0.538932  0.365277  0.546777  0.514894  0.610257  0.500113  0.511915  0.816107  0.563401  0.572548  0.578871  0.724702  0.529925  0.610638  0.544401  0.472880  0.472014  0.630418  0.463674  0.508308  0.583931  0.394026  0.545517  0.917586  0.614721  0.501107  0.496408  0.563024  0.327673  0.447209  0.605781  0.594312  0.611208  0.510374  0.584530  0.608071  0.485470  0.479305  0.508649  0.582021  0.542495  0.484393  0.560053  0.304614  0.521356  0.529661  0.410924  0.561883  0.528944  0.379317  0.306502  0.539074  0.866865  0.581189  0.407207  0.664955  0.524942  0.513804  0.465995  0.622000  0.725943  0.715893  0.566316  0.479788  0.576942  0.933497  0.498045  0.588053 
4  0.670225  0.807603  0.788298  0.910827 0.0  0.771716  0.603190  0.894743  0.765625  0.364333  0.848848  0.787437  0.890836  0.821972  0.896314  0.915898  0.849950  0.931193  0.823274  0.841158  0.517524  0.829620  0.774462  0.912107  0.851070  0.811337  0.867816  0.807964  0.780744  0.780036  0.744535  0.743115  0.965799  0.736169  0.783848  0.788408  0.958193  0.907147  0.670621  0.941202  0.867767  0.870785  0.779412  0.880049  0.811977  0.969042  0.794823  0.750709  0.906310  0.848847  0.697410  0.930955  0.821917  0.912510  0.452961  0.834987  0.772863  0.867569  0.888921  0.843099  0.794825  0.813879  0.804847  0.901016  0.976135  0.881600  0.742531  0.800326  0.846017  0.769995  0.847173  0.934842  0.780062  0.862531  0.912337  0.889067  0.801982  0.826264  0.864537  0.858367  0.707384  0.866773  0.846071  0.279206  0.772936  0.823803  0.863097  0.831175  0.824329  0.757947  0.818211  0.595418  0.736839  0.816302  0.816144  0.952148  0.767502  0.849266  0.823648 
5  0.759765  0.268107  0.229501  0.588920  0.771716 0.0  0.858859  0.598036  0.397901  0.910933  0.432618  0.307284  0.458506  0.480021  0.325848  0.444136  0.397079  0.437262  0.407547  0.674522  0.689873  0.312321  0.793067  0.234059  0.573021  0.528121  0.351233  0.434845  0.579508  0.434830  0.805029  0.460772  0.547513  0.371488  0.383381  0.273076  0.287671  0.293879  0.811926  0.294196  0.385833  0.454452  0.424276  0.402729  0.331311  0.342007  0.398938  0.364011  0.334485  0.345038  0.548866  0.413950  0.490146  0.336538  0.782903  0.311740  0.580502  0.293773  0.350688  0.467544  0.526654  0.335282  0.285873  0.347198  0.345504  0.418305  0.515588  0.555510  0.519449  0.403130  0.326037  0.314012  0.412503  0.380678  0.606842  0.385760  0.393961  0.462596  0.529551  0.388632  0.400874  0.481906  0.608891  0.778814  0.323318  0.336620  0.669738  0.508264  0.218570  0.525622  0.347207  0.886122  0.462551  0.332047  0.316638  0.294011  0.810490  0.343116  0.486829 
6  0.535568  0.867239  0.826198  0.739448  0.603190  0.858859 0.0  0.844345  0.789769  0.601582  0.793387  0.758368  0.754794  0.787626  0.826101  0.794440  0.791462  0.794422  0.723378  0.726621  0.272701  0.803008  0.717070  0.847321  0.816814  0.773174  0.876312  0.916492  0.806693  0.870640  0.646463  0.744675  0.943402  0.870714  0.815525  0.814008  0.792515  0.856513  0.483086  0.852913  0.754117  0.715627  0.867859  0.775598  0.800902  0.916879  0.788212  0.883947  0.945002  0.863437  0.834795  0.906010  0.774433  0.772600  0.689107  0.980160  0.802498  0.781121  0.820090  0.773285  0.891795  0.891859  0.874894  0.859754  0.792472  0.883079  0.896815  0.735956  0.797664  0.708199  0.778743  0.731254  0.753074  0.796878  0.735534  0.698843  0.749314  0.872379  0.843798  0.777515  0.722088  0.830542  0.826814  0.645009  0.778581  0.823569  0.819335  0.796529  0.765225  0.731828  0.779083  0.565490  0.763986  0.860035  0.769030  0.796919  0.796580  0.841111  0.789618 
7  0.805041  0.707828  0.719355  0.604283  0.894743  0.598036  0.844345 0.0  0.556220  0.801420  0.638536  0.574702  0.712238  0.601752  0.683337  0.617610  0.622498  0.609979  0.676668  0.598736  0.781086  0.615867  0.694642  0.621900  0.616306  0.702974  0.551168  0.610072  0.719147  0.541860  0.792923  0.684898  0.620764  0.577789  0.614562  0.653362  0.620490  0.676169  0.827901  0.699196  0.603210  0.615602  0.592963  0.633290  0.539912  0.589026  0.729026  0.673189  0.688231  0.609870  0.542971  0.607153  0.599657  0.656174  0.757462  0.645904  0.763570  0.607991  0.682573  0.607823  0.707713  0.596545  0.673595  0.657660  0.586638  0.728825  0.377760  0.610779  0.648021  0.632823  0.580069  0.567620  0.628959  0.666482  0.695300  0.522057  0.631407  0.541963  0.591809  0.704709  0.625907  0.554613  0.553195  0.804083  0.696995  0.726474  0.439765  0.694876  0.676493  0.583175  0.713396  0.767405  0.687373  0.648743  0.604841  0.599657  0.779983  0.638852  0.595420 
8  0.767140  0.301119  0.423520  0.626164  0.765625  0.397901  0.789769  0.556220 0.0  0.936893  0.509647  0.398319  0.375709  0.559189  0.415005  0.500044  0.410845  0.437438  0.293982  0.452278  0.768540  0.250467  0.759170  0.416598  0.550837  0.426392  0.332751  0.350543  0.544599  0.367816  0.602356  0.592431  0.461632  0.300291  0.340803  0.286212  0.435743  0.276378  0.815535  0.357705  0.320875  0.408541  0.409182  0.516305  0.393666  0.369312  0.380458  0.433906  0.331971  0.293848  0.394869  0.454532  0.466289  0.358694  0.883723  0.332362  0.597026  0.365203  0.274307  0.613811  0.589650  0.321792  0.311711  0.313225  0.362108  0.329206  0.671293  0.596588  0.484283  0.461604  0.417138  0.344920  0.430932  0.396118  0.519206  0.308976  0.343882  0.395274  0.577422  0.478132  0.486384  0.612924  0.551739  0.795798  0.340340  0.417677  0.617525  0.572926  0.401787  0.467070  0.369971  0.839144  0.430790  0.324278  0.334772  0.263933  0.914207  0.331248  0.382726 
9  0.617019  0.869221  0.853893  0.858210  0.364333  0.910933  0.601582  0.801420  0.936893 0.0  0.847548  0.869143  0.777931  0.837967  0.915226  0.773649  0.921727  0.739707  0.817368  0.815217  0.594985  0.876687  0.713771  0.759349  0.837427  0.835157  0.885223  0.728067  0.830785  0.707210  0.695592  0.785621  0.815997  0.849439  0.749380  0.876601  0.858156  0.813114  0.613640  0.902001  0.819988  0.761211  0.889840  0.817231  0.797159  0.775268  0.756926  0.832324  0.835444  0.922368  0.779071  0.912739  0.831764  0.768011  0.438101  0.804923  0.871846  0.824487  0.767674  0.796309  1.000000  0.842237  0.800540  0.826458  0.834807  0.918659  0.748588  0.726210  0.750484  0.833838  0.795200  0.804454  0.859334  0.854480  0.868251  0.815849  0.910048  0.770613  0.862691  0.845212  0.859798  0.934544  0.791064  0.323931  0.907240  0.760015  0.817246  0.871104  0.896998  0.846488  0.869267  0.569925  0.811991  0.884799  0.923759  0.883775  0.906477  0.778521  0.908435 
10  0.787832  0.384007  0.480964  0.482297  0.848848  0.432618  0.793387  0.638536  0.509647  0.847548 0.0  0.452349  0.337146  0.562151  0.358427  0.456141  0.452257  0.383837  0.448911  0.497409  0.807936  0.409625  0.778486  0.326581  0.574693  0.570100  0.418279  0.336168  0.491883  0.376860  0.708504  0.566580  0.496945  0.491151  0.499295  0.507027  0.356397  0.469867  0.820382  0.396797  0.370996  0.445274  0.458046  0.471541  0.385207  0.394223  0.436476  0.375847  0.352087  0.422741  0.344291  0.407007  0.487403  0.371815  0.881459  0.378760  0.555181  0.322002  0.510259  0.524410  0.537591  0.407049  0.459404  0.462206  0.382644  0.470864  0.560886  0.446992  0.585581  0.509435  0.373950  0.448902  0.452378  0.361974  0.493113  0.350936  0.429723  0.422952  0.576767  0.353727  0.404630  0.480790  0.390365  0.832286  0.459866  0.299916  0.727751  0.509116  0.346710  0.500579  0.401643  0.907472  0.394039  0.426890  0.365472  0.484399  0.875000  0.405144  0.530177 
11  0.875423  0.287232  0.328809  0.578532  0.787437  0.307284  0.758368  0.574702  0.398319  0.869143  0.452349 0.0  0.503122  0.520001  0.289313  0.415513  0.408141  0.386814  0.363860  0.558379  0.862022  0.358846  0.776125  0.321737  0.514817  0.586119  0.426868  0.316100  0.492387  0.383603  0.706794  0.601588  0.592866  0.300101  0.348255  0.392330  0.313416  0.360283  0.865664  0.327410  0.345236  0.253601  0.279753  0.428443  0.401471  0.336417  0.297865  0.404151  0.412442  0.357183  0.370378  0.346791  0.489160  0.342347  0.736770  0.375100  0.546194  0.348300  0.382994  0.505908  0.608780  0.383788  0.391019  0.325268  0.340762  0.324125  0.621638  0.612327  0.492419  0.468267  0.321020  0.319672  0.409347  0.388784  0.606003  0.318047  0.378688  0.507984  0.568996  0.479809  0.428290  0.502678  0.523625  0.704330  0.397570  0.370450  0.573340  0.735823  0.347566  0.497526  0.361105  0.869384  0.401263  0.250369  0.302761  0.386707  0.734409  0.352897  0.367068 
12  0.894186  0.512883  0.410420  0.441579  0.890836  0.458506  0.754794  0.712238  0.375709  0.777931  0.337146  0.503122 0.0  0.528628  0.457303  0.543672  0.451920  0.440987  0.453240  0.598916  0.757410  0.568414  0.731390  0.516944  0.577239  0.625438  0.452534  0.384550  0.502848  0.521726  0.719056  0.559074  0.500577  0.336451  0.454292  0.400142  0.461737  0.485982  0.848479  0.542410  0.486082  0.490506  0.409265  0.404441  0.438981  0.522794  0.487992  0.254508  0.448619  0.434989  0.456429  0.324643  0.612288  0.455070  0.794082  0.502274  0.598645  0.467860  0.469996  0.520737  0.606443  0.571539  0.388286  0.502820  0.498261  0.364402  0.532260  0.539893  0.544005  0.486538  0.395958  0.537634  0.342803  0.410644  0.518691  0.444166  0.415983  0.492694  0.601629  0.325749  0.511926  0.662244  0.543044  0.857131  0.390472  0.461844  0.623714  0.524895  0.459237  0.502743  0.456737  0.779237  0.474227  0.424122  0.371667  0.523310  0.716673  0.538885  0.411716 
13  0.870324  0.450658  0.493975  0.434760  0.821972  0.480021  0.787626  0.601752  0.559189  0.837967  0.562151  0.520001  0.528628 0.0  0.467895  0.567228  0.548763  0.556557  0.623023  0.414421  0.755979  0.478518  0.695942  0.513423  0.347374  0.474741  0.542761  0.468441  0.556364  0.458042  0.763158  0.476598  0.352425  0.577024  0.574087  0.522175  0.553972  0.583819  0.827824  0.466242  0.563090  0.539459  0.589260  0.480905  0.631003  0.521720  0.551745  0.516396  0.604586  0.517311  0.539507  0.536646  0.407782  0.382678  0.738540  0.499285  0.346110  0.440967  0.499473  0.428325  0.358968  0.457912  0.572974  0.576618  0.476893  0.509794  0.655601  0.527134  0.403558  0.505531  0.570278  0.358384  0.626510  0.520713  0.414149  0.436799  0.579799  0.505235  0.297250  0.468188  0.400475  0.396886  0.353877  0.826709  0.623517  0.576918  0.630449  0.538578  0.540433  0.576250  0.500558  0.847855  0.524313  0.618761  0.631048  0.482569  0.897244  0.586826  0.525581 
14  0.765352  0.335105  0.352930  0.525790  0.896314  0.325848  0.826101  0.683337  0.415005  0.915226  0.358427  0.289313  0.457303  0.467895 0.0  0.501821  0.337478  0.334257  0.297013  0.482928  0.791819  0.377741  0.743622  0.408672  0.570046  0.534474  0.481474  0.417389  0.556230  0.460265  0.668177  0.638219  0.573159  0.319715  0.313964  0.362627  0.252000  0.451373  0.811873  0.419115  0.281067  0.272233  0.301376  0.334161  0.369216  0.265723  0.325783  0.391146  0.465159  0.218669  0.384033  0.506073  0.509034  0.285396  0.884832  0.465541  0.549787  0.248427  0.270689  0.648503  0.593222  0.369921  0.310348  0.478548  0.304454  0.183218  0.464937  0.507754  0.536351  0.461521  0.284952  0.262557  0.406113  0.307385  0.580915  0.442454  0.261182  0.504876  0.512406  0.470751  0.362157  0.452453  0.499112  0.799938  0.312962  0.379406  0.636897  0.591336  0.448147  0.463016  0.279068  0.908178  0.331088  0.239827  0.372491  0.337665  0.780654  0.398924  0.379432 
15  0.901382  0.512770  0.431938  0.482639  0.915898  0.444136  0.794440  0.617610  0.500044  0.773649  0.456141  0.415513  0.543672  0.567228  0.501821 0.0  0.514980  0.429932  0.551972  0.433485  0.843382  0.578321  0.690067  0.564382  0.478074  0.488650  0.484731  0.453420  0.542853  0.434939  0.779308  0.592006  0.526397  0.525514  0.465244  0.545243  0.415434  0.402527  0.830299  0.544500  0.618088  0.499723  0.568788  0.465270  0.473631  0.467046  0.527307  0.515451  0.562885  0.486859  0.581221  0.518950  0.439759  0.406310  0.857218  0.507977  0.629424  0.480487  0.505076  0.590693  0.484036  0.453572  0.507339  0.525388  0.429092  0.573495  0.677162  0.415269  0.512968  0.445565  0.491648  0.487377  0.559460  0.603910  0.562161  0.521547  0.516978  0.514171  0.494887  0.547386  0.357391  0.479609  0.525188  0.813768  0.496225  0.443531  0.530411  0.428129  0.662818  0.525449  0.562771  0.820581  0.497031  0.468294  0.456296  0.514627  0.655176  0.460866  0.485364 
16  0.852563  0.337008  0.400106  0.443920  0.849950  0.397079  0.791462  0.622498  0.410845  0.921727  0.452257  0.408141  0.451920  0.548763  0.337478  0.514980 0.0  0.277450  0.379695  0.536885  0.782160  0.457083  0.666979  0.342071  0.562632  0.590340  0.423271  0.352638  0.660669  0.354424  0.716640  0.634206  0.510669  0.231015  0.470173  0.326475  0.302255  0.296466  0.825309  0.409834  0.468537  0.305323  0.300286  0.445501  0.404043  0.330273  0.323507  0.471515  0.364173  0.269783  0.447696  0.422663  0.639442  0.308348  0.835747  0.239501  0.616326  0.311137  0.439069  0.425252  0.546555  0.349790  0.316419  0.346560  0.264718  0.443050  0.715245  0.559435  0.472226  0.442770  0.425736  0.344259  0.437902  0.458435  0.699455  0.505630  0.436970  0.425831  0.569986  0.517358  0.503752  0.553534  0.579926  0.862563  0.395785  0.422170  0.573636  0.441453  0.293347  0.613665  0.238391  0.762064  0.365353  0.371150  0.341757  0.378339  0.771536  0.359054  0.268647 
17  0.720324  0.399294  0.365702  0.495965  0.931193  0.437262  0.794422  0.609979  0.437438  0.739707  0.383837  0.386814  0.440987  0.556557  0.334257  0.429932  0.277450 0.0  0.315842  0.570804  0.761210  0.462265  0.757093  0.270090  0.572329  0.460139  0.369497  0.349047  0.581460  0.494291  0.746800  0.590681  0.542014  0.200528  0.352365  0.269491  0.274253  0.339310  0.695560  0.320875  0.363361  0.348430  0.248942  0.496133  0.307162  0.325269  0.284444  0.479881  0.442864  0.442698  0.383614  0.439247  0.477090  0.350410  0.846472  0.309219  0.540560  0.288890  0.397068  0.470557  0.616573  0.404440  0.340750  0.346848  0.382804  0.373280  0.672819  0.486354  0.551390  0.424148  0.352536  0.269030  0.364453  0.418103  0.569900  0.337023  0.463508  0.533755  0.639754  0.454616  0.382849  0.429582  0.487581  0.685793  0.415456  0.374400  0.689184  0.533295  0.308128  0.579306  0.312037  0.844012  0.261976  0.311533  0.374332  0.262826  0.749191  0.363401  0.352262 
18  0.877587  0.361500  0.261967  0.581550  0.823274  0.407547  0.723378  0.676668  0.293982  0.817368  0.448911  0.363860  0.453240  0.623023  0.297013  0.551972  0.379695  0.315842 0.0  0.600664  0.734916  0.407515  0.737387  0.295829  0.547304  0.635626  0.409307  0.343563  0.563055  0.451231  0.811787  0.583008  0.605583  0.368577  0.407471  0.384711  0.339462  0.327052  0.826776  0.278206  0.313491  0.334586  0.318144  0.384769  0.327228  0.368408  0.293719  0.594138  0.382300  0.286685  0.305659  0.403539  0.516856  0.335875  0.852661  0.318865  0.579731  0.358523  0.350810  0.479196  0.414578  0.319443  0.355311  0.402367  0.366116  0.342575  0.591523  0.557462  0.475841  0.478607  0.339216  0.304568  0.519954  0.228200  0.578414  0.321052  0.346727  0.448210  0.552059  0.539321  0.355026  0.551716  0.568074  0.808288  0.318272  0.342231  0.662092  0.502467  0.207767  0.546533  0.351165  0.806234  0.249248  0.315668  0.303083  0.423536  0.774354  0.304741  0.313087 
19  0.778742  0.521774  0.604124  0.361526  0.841158  0.674522  0.726621  0.598736  0.452278  0.815217  0.497409  0.558379  0.598916  0.414421  0.482928  0.433485  0.536885  0.570804  0.600664 0.0  0.823051  0.464409  0.749983  0.436866  0.506155  0.371027  0.598276  0.530831  0.645142  0.438587  0.797638  0.554614  0.522460  0.482646  0.616771  0.425339  0.462356  0.562202  0.823403  0.641922  0.505581  0.556540  0.586335  0.574603  0.579589  0.535048  0.511925  0.526002  0.567990  0.606506  0.578718  0.610490  0.174418  0.509188  0.870129  0.512652  0.359210  0.519592  0.488920  0.461158  0.306512  0.499137  0.605952  0.490052  0.643416  0.499586  0.527403  0.517209  0.395140  0.479090  0.561134  0.595369  0.536572  0.601258  0.498383  0.546644  0.563427  0.588983  0.299924  0.507013  0.467476  0.348991  0.402540  0.755746  0.583630  0.564878  0.628741  0.620200  0.519517  0.535765  0.655950  0.688945  0.701386  0.623594  0.562584  0.587204  0.786241  0.503388  0.633775 
20  0.453344  0.862185  0.773715  0.893412  0.517524  0.689873  0.272701  0.781086  0.768540  0.594985  0.807936  0.862022  0.757410  0.755979  0.791819  0.843382  0.782160  0.761210  0.734916  0.823051 0.0  0.826420  0.785860  0.885024  0.770744  0.763355  0.793489  0.700586  0.779409  0.795832  0.660171  0.946549  0.852243  0.833375  0.810738  0.802912  0.949945  0.815813  0.524859  0.690293  0.913178  0.815829  0.817379  0.762879  0.803609  0.795245  0.804302  0.732669  0.817398  0.797193  0.797211  0.744530  0.814105  0.842371  0.581569  0.763581  0.832808  0.813421  0.826140  0.813450  0.842431  0.833654  0.811621  0.794103  0.811514  0.881062  0.808202  0.879658  0.845363  0.822727  0.836518  0.786522  0.801275  0.852075  0.734305  0.833737  0.820618  0.808817  0.816848  0.849169  0.781344  0.844045  0.870177  0.693205  0.757853  0.827396  0.824364  0.731518  0.824652  0.806017  0.692159  0.472582  0.886585  0.752667  0.752825  0.805678  0.754763  0.797384  0.767116 
21  0.804897  0.274101  0.371527  0.445274  0.829620  0.312321  0.803008  0.615867  0.250467  0.876687  0.409625  0.358846  0.568414  0.478518  0.377741  0.578321  0.457083  0.462265  0.407515  0.464409  0.826420 0.0  0.693185  0.338480  0.541481  0.677923  0.380226  0.377415  0.435003  0.446900  0.765609  0.491565  0.466223  0.362309  0.404927  0.284481  0.372452  0.381164  0.764807  0.336766  0.310083  0.298355  0.300159  0.481279  0.402763  0.307917  0.374420  0.413054  0.327701  0.314271  0.482840  0.481468  0.511760  0.337640  0.933256  0.272231  0.562345  0.397682  0.247884  0.615399  0.553261  0.368482  0.363103  0.345253  0.316521  0.330403  0.508548  0.483866  0.605853  0.500217  0.418322  0.327311  0.413405  0.379068  0.687971  0.427441  0.267476  0.354795  0.585505  0.395043  0.469715  0.682074  0.509065  0.832226  0.360583  0.376916  0.683511  0.556254  0.309459  0.402307  0.402150  0.836180  0.258448  0.396012  0.341259  0.418736  0.783604  0.223118  0.384358 
22  0.874133  0.694494  0.684139  0.738319  0.774462  0.793067  0.717070  0.694642  0.759170  0.713771  0.778486  0.776125  0.731390  0.695942  0.743622  0.690067  0.666979  0.757093  0.737387  0.749983  0.785860  0.693185 0.0  0.708631  0.669092  0.655950  0.765178  0.753503  0.791323  0.739587  0.408920  0.674848  0.751639  0.768693  0.712403  0.754632  0.757797  0.821884  0.719644  0.818921  0.735428  0.760539  0.791338  0.756947  0.775421  0.695579  0.748187  0.686692  0.693971  0.762968  0.784812  0.770809  0.728478  0.673773  0.754199  0.697628  0.707317  0.649380  0.718181  0.780004  0.691734  0.728668  0.720301  0.719039  0.740239  0.804305  0.764576  0.735662  0.666835  0.678525  0.750838  0.685008  0.764899  0.735578  0.688685  0.590496  0.809483  0.754891  0.619398  0.712783  0.679092  0.605546  0.781318  0.763092  0.648462  0.739457  0.819739  0.660917  0.692171  0.734511  0.709700  0.778997  0.753778  0.596888  0.840983  0.822904  0.511486  0.647092  0.718163 
23  0.842414  0.264421  0.290818  0.552786  0.912107  0.234059  0.847321  0.621900  0.416598  0.759349  0.326581  0.321737  0.516944  0.513423  0.408672  0.564382  0.342071  0.270090  0.295829  0.436866  0.885024  0.338480  0.708631 0.0  0.548652  0.505115  0.402970  0.405051  0.473553  0.438579  0.762758  0.547528  0.443992  0.297495  0.392780  0.381504  0.260927  0.363293  0.867761  0.393258  0.267091  0.253993  0.321127  0.409667  0.434195  0.458983  0.358548  0.542974  0.405771  0.387083  0.526857  0.401138  0.562575  0.386183  0.881209  0.434457  0.562766  0.257740  0.309264  0.574487  0.501858  0.300625  0.376963  0.331244  0.448651  0.374406  0.559891  0.515354  0.645506  0.511630  0.377190  0.310089  0.468730  0.375202  0.592885  0.323257  0.344594  0.427116  0.549787  0.333574  0.470095  0.529297  0.565422  0.913370  0.248950  0.360415  0.632077  0.566394  0.342200  0.607829  0.437335  0.749696  0.415504  0.348717  0.294013  0.347930  0.816256  0.418792  0.281544 
24  0.887672  0.492692  0.496513  0.341903  0.851070  0.573021  0.816814  0.616306  0.550837  0.837427  0.574693  0.514817  0.577239  0.347374  0.570046  0.478074  0.562632  0.572329  0.547304  0.506155  0.770744  0.541481  0.669092  0.548652 0.0  0.460012  0.561664  0.555634  0.558621  0.382008  0.725107  0.562045  0.368224  0.566793  0.496264  0.472407  0.570902  0.524732  0.785828  0.504475  0.482522  0.502109  0.582281  0.537763  0.504367  0.536896  0.508475  0.553046  0.579289  0.496893  0.532737  0.478193  0.424660  0.443272  0.829263  0.522693  0.453897  0.560583  0.529200  0.348643  0.402671  0.536599  0.582067  0.622455  0.564132  0.623934  0.569690  0.462472  0.424164  0.341458  0.526802  0.581652  0.528940  0.536788  0.243120  0.508363  0.596961  0.605808  0.413129  0.569776  0.454418  0.498995  0.501595  0.877026  0.539521  0.695552  0.637680  0.603599  0.493463  0.515690  0.554681  0.853337  0.457214  0.508044  0.562800  0.536953  0.875602  0.580537  0.557722 
25  0.862646  0.570044  0.594404  0.382562  0.811337  0.528121  0.773174  0.702974  0.426392  0.835157  0.570100  0.586119  0.625438  0.474741  0.534474  0.488650  0.590340  0.460139  0.635626  0.371027  0.763355  0.677923  0.655950  0.505115  0.460012 0.0  0.512501  0.534277  0.539912  0.489599  0.782262  0.559960  0.477383  0.556818  0.542285  0.511043  0.501296  0.539621  0.856799  0.712497  0.588877  0.472909  0.523079  0.567904  0.572071  0.631296  0.501394  0.587398  0.512682  0.541005  0.531026  0.529498  0.355423  0.522226  0.779457  0.568008  0.378421  0.560309  0.574609  0.446396  0.431161  0.613801  0.467831  0.574672  0.490798  0.469586  0.572652  0.493877  0.538179  0.457101  0.519947  0.574172  0.530484  0.468847  0.470669  0.583095  0.497146  0.521320  0.280302  0.477890  0.506302  0.337226  0.438397  0.933499  0.559986  0.533402  0.731216  0.551433  0.450510  0.508306  0.558769  0.798204  0.507032  0.493768  0.492010  0.635015  0.882314  0.562083  0.432379 
26  0.830931  0.349233  0.371542  0.546375  0.867816  0.351233  0.876312  0.551168  0.332751  0.885223  0.418279  0.426868  0.452534  0.542761  0.481474  0.484731  0.423271  0.369497  0.409307  0.598276  0.793489  0.380226  0.765178  0.402970  0.561664  0.512501 0.0  0.346308  0.431891  0.495387  0.866226  0.562253  0.425847  0.334125  0.364337  0.375938  0.440453  0.295436  0.867101  0.325458  0.244086  0.298537  0.356558  0.441716  0.385573  0.281976  0.367948  0.432886  0.340894  0.380638  0.455786  0.434886  0.541026  0.307783  0.765297  0.420445  0.559520  0.377308  0.382164  0.554415  0.479100  0.402176  0.332818  0.402574  0.296976  0.404947  0.534708  0.501937  0.520280  0.400348  0.448228  0.294118  0.473178  0.313111  0.538179  0.326529  0.375071  0.499177  0.453168  0.404640  0.385974  0.520213  0.476235  0.880667  0.306926  0.351842  0.644199  0.516393  0.281412  0.392006  0.282047  0.884139  0.327486  0.404842  0.412845  0.388888  0.775441  0.265383  0.388863 
27  0.899492  0.301112  0.364708  0.598580  0.807964  0.434845  0.916492  0.610072  0.350543  0.728067  0.336168  0.316100  0.384550  0.468441  0.417389  0.453420  0.352638  0.349047  0.343563  0.530831  0.700586  0.377415  0.753503  0.405051  0.555634  0.534277  0.346308 0.0  0.555983  0.473887  0.716408  0.592366  0.571197  0.279789  0.365370  0.365814  0.384758  0.408639  0.759325  0.365089  0.342025  0.383714  0.339058  0.486746  0.285892  0.368938  0.438965  0.443465  0.327007  0.443345  0.422188  0.459592  0.483779  0.440321  0.914761  0.337539  0.502031  0.284684  0.352531  0.578262  0.579023  0.305961  0.345110  0.436947  0.352283  0.448788  0.599295  0.556178  0.544477  0.371070  0.338498  0.448747  0.458166  0.328467  0.590949  0.265422  0.359319  0.340712  0.591782  0.470630  0.231636  0.516330  0.455076  0.909274  0.407752  0.389390  0.779189  0.550432  0.326308  0.476304  0.330983  0.781196  0.288958  0.383206  0.316539  0.282027  0.852229  0.448728  0.304314 
28  0.853690  0.558807  0.563563  0.533954  0.780744  0.579508  0.806693  0.719147  0.544599  0.830785  0.491883  0.492387  0.502848  0.556364  0.556230  0.542853  0.660669  0.581460  0.563055  0.645142  0.779409  0.435003  0.791323  0.473553  0.558621  0.539912  0.431891  0.555983 0.0  0.409701  0.802626  0.435404  0.501599  0.638169  0.474232  0.633818  0.619931  0.503392  0.826621  0.564514  0.628071  0.574195  0.518842  0.485939  0.550124  0.592931  0.578647  0.515691  0.540893  0.540455  0.390833  0.649199  0.491463  0.459215  0.813784  0.555253  0.570658  0.554940  0.592141  0.503006  0.572980  0.479093  0.504346  0.466945  0.555248  0.510565  0.619660  0.477271  0.575387  0.484032  0.551587  0.459741  0.558446  0.651738  0.437584  0.628805  0.503126  0.540308  0.570113  0.543218  0.460878  0.617578  0.542769  0.949334  0.544483  0.563271  0.698079  0.286609  0.617422  0.398019  0.546436  0.835810  0.383303  0.509380  0.494493  0.522760  0.873580  0.537772  0.500616 
29  0.930382  0.374316  0.369082  0.444873  0.780036  0.434830  0.870640  0.541860  0.367816  0.707210  0.376860  0.383603  0.521726  0.458042  0.460265  0.434939  0.354424  0.494291  0.451231  0.438587  0.795832  0.446900  0.739587  0.438579  0.382008  0.489599  0.495387  0.473887  0.409701 0.0  0.840423  0.422944  0.486118  0.470673  0.420997  0.396685  0.312884  0.434152  0.749612  0.443262  0.324702  0.355639  0.559660  0.345805  0.344811  0.354420  0.457465  0.413344  0.409678  0.365803  0.387305  0.359757  0.378696  0.440474  0.846165  0.390779  0.377981  0.417412  0.365212  0.403342  0.440563  0.397185  0.423845  0.372056  0.450550  0.496085  0.591277  0.531699  0.444086  0.414317  0.398031  0.353099  0.489204  0.378315  0.376472  0.398867  0.451471  0.367423  0.411339  0.453401  0.306299  0.503688  0.382471  0.760083  0.396372  0.309433  0.555517  0.471947  0.420637  0.463197  0.446279  0.810795  0.376336  0.421033  0.427155  0.361492  0.794377  0.422419  0.401424 
30  0.731915  0.750849  0.753281  0.777566  0.744535  0.805029  0.646463  0.792923  0.602356  0.695592  0.708504  0.706794  0.719056  0.763158  0.668177  0.779308  0.716640  0.746800  0.811787  0.797638  0.660171  0.765609  0.408920  0.762758  0.725107  0.782262  0.866226  0.716408  0.802626  0.840423 0.0  0.767455  0.732612  0.791078  0.743736  0.756054  0.597259  0.744347  0.677600  0.710386  0.773311  0.585578  0.652579  0.619384  0.727273  0.770256  0.834901  0.730372  0.755497  0.827943  0.839234  0.717099  0.789528  0.736606  0.639631  0.700876  0.714281  0.743521  0.821376  0.784970  0.787749  0.704063  0.700589  0.767555  0.768036  0.713294  0.715700  0.780684  0.796160  0.764620  0.734432  0.768427  0.798955  0.827409  0.579395  0.770246  0.828653  0.732480  0.799806  0.822401  0.711326  0.704865  0.729887  0.687362  0.777659  0.824712  0.709649  0.759696  0.738090  0.726580  0.781765  0.703680  0.668225  0.693423  0.756142  0.702638  0.365631  0.755537  0.741112 
31  0.817029  0.497457  0.476302  0.538932  0.743115  0.460772  0.744675  0.684898  0.592431  0.785621  0.566580  0.601588  0.559074  0.476598  0.638219  0.592006  0.634206  0.590681  0.583008  0.554614  0.946549  0.491565  0.674848  0.547528  0.562045  0.559960  0.562253  0.592366  0.435404  0.422944  0.767455 0.0  0.562009  0.502250  0.583546  0.551084  0.516235  0.440286  0.833975  0.656446  0.522592  0.617454  0.591025  0.474282  0.548381  0.542854  0.546425  0.531793  0.462275  0.521203  0.541758  0.440529  0.582480  0.602953  0.930580  0.522153  0.506012  0.545720  0.613333  0.570328  0.643096  0.458281  0.498181  0.566007  0.557651  0.627540  0.662835  0.622718  0.534399  0.442420  0.525094  0.539383  0.554773  0.565705  0.531414  0.555395  0.566200  0.577675  0.592340  0.472693  0.542210  0.523771  0.560831  0.897870  0.590675  0.591652  0.610329  0.417813  0.469512  0.397369  0.500159  0.779466  0.571622  0.495263  0.496974  0.578944  0.749863  0.556431  0.601379 
32  0.819338  0.477769  0.390273  0.365277  0.965799  0.547513  0.943402  0.620764  0.461632  0.815997  0.496945  0.592866  0.500577  0.352425  0.573159  0.526397  0.510669  0.542014  0.605583  0.522460  0.852243  0.466223  0.751639  0.443992  0.368224  0.477383  0.425847  0.571197  0.501599  0.486118  0.732612  0.562009 0.0  0.462203  0.496134  0.508512  0.490322  0.544606  0.782378  0.548266  0.552257  0.502967  0.557504  0.542353  0.525666  0.607243  0.446939  0.578017  0.479089  0.576563  0.552087  0.596178  0.391324  0.468660  0.960822  0.534785  0.477243  0.614693  0.481962  0.387401  0.429312  0.502283  0.531048  0.501472  0.582910  0.511887  0.602716  0.470121  0.365344  0.513550  0.605351  0.629758  0.550049  0.523793  0.370857  0.538753  0.580499  0.490777  0.425536  0.473826  0.415774  0.439733  0.428455  0.785845  0.548840  0.473247  0.679031  0.530537  0.473448  0.472096  0.510644  0.773410  0.443739  0.508848  0.564170  0.469735  0.862996  0.561948  0.411886 
33  0.887500  0.333870  0.385735  0.546777  0.736169  0.371488  0.870714  0.577789  0.300291  0.849439  0.491151  0.300101  0.336451  0.577024  0.319715  0.525514  0.231015  0.200528  0.368577  0.482646  0.833375  0.362309  0.768693  0.297495  0.566793  0.556818  0.334125  0.279789  0.638169  0.470673  0.791078  0.502250  0.462203 0.0  0.419534  0.367144  0.316893  0.390616  0.780538  0.403282  0.259489  0.370286  0.421868  0.334360  0.349648  0.360067  0.299125  0.381319  0.426948  0.345028  0.392017  0.449165  0.478802  0.338757  0.815804  0.372507  0.593889  0.297959  0.386405  0.442141  0.582101  0.281997  0.331400  0.389780  0.374240  0.256159  0.553874  0.558216  0.546674  0.513457  0.371157  0.309284  0.461999  0.359222  0.541753  0.367478  0.396671  0.456171  0.440426  0.380100  0.453461  0.494839  0.577014  0.919421  0.341792  0.216800  0.685202  0.596115  0.400309  0.388127  0.367866  0.859516  0.352804  0.353219  0.447255  0.385916  0.875672  0.413872  0.354894 
34  0.814172  0.339892  0.433572  0.514894  0.783848  0.383381  0.815525  0.614562  0.340803  0.749380  0.499295  0.348255  0.454292  0.574087  0.313964  0.465244  0.470173  0.352365  0.407471  0.616771  0.810738  0.404927  0.712403  0.392780  0.496264  0.542285  0.364337  0.365370  0.474232  0.420997  0.743736  0.583546  0.496134  0.419534 0.0  0.345111  0.451018  0.459934  0.799585  0.428259  0.335981  0.344606  0.398411  0.476509  0.528565  0.350242  0.289538  0.283428  0.242977  0.442937  0.482630  0.502012  0.598417  0.322910  0.854454  0.338255  0.546405  0.286257  0.287302  0.454426  0.481594  0.344502  0.356401  0.377877  0.384839  0.431405  0.598125  0.605426  0.435036  0.530941  0.360003  0.320948  0.415460  0.268983  0.602281  0.386521  0.318869  0.369428  0.682849  0.465070  0.359748  0.548410  0.757772  0.905554  0.399718  0.384318  0.634151  0.520400  0.370171  0.603306  0.349422  0.841135  0.347539  0.335270  0.429644  0.342449  0.891419  0.316297  0.474849 
35  0.927128  0.219689  0.300252  0.610257  0.788408  0.273076  0.814008  0.653362  0.286212  0.876601  0.507027  0.392330  0.400142  0.522175  0.362627  0.545243  0.326475  0.269491  0.384711  0.425339  0.802912  0.284481  0.754632  0.381504  0.472407  0.511043  0.375938  0.365814  0.633818  0.396685  0.756054  0.551084  0.508512  0.367144  0.345111 0.0  0.340324  0.328393  0.802932  0.273739  0.348244  0.340586  0.355793  0.418068  0.295190  0.427879  0.388915  0.398980  0.381857  0.275064  0.458218  0.459868  0.512364  0.340009  0.804131  0.379388  0.659228  0.225181  0.434412  0.511535  0.570816  0.331692  0.200972  0.275039  0.327021  0.367374  0.609806  0.533168  0.406304  0.442530  0.450234  0.397908  0.483721  0.405842  0.497657  0.346296  0.340845  0.353886  0.485953  0.408183  0.384014  0.504227  0.548664  0.897595  0.323884  0.366123  0.608450  0.371800  0.245123  0.468149  0.279482  0.796055  0.282456  0.320064  0.312868  0.348054  0.864053  0.394383  0.284566 
36  0.867196  0.383350  0.420987  0.500113  0.958193  0.287671  0.792515  0.620490  0.435743  0.858156  0.356397  0.313416  0.461737  0.553972  0.252000  0.415434  0.302255  0.274253  0.339462  0.462356  0.949945  0.372452  0.757797  0.260927  0.570902  0.501296  0.440453  0.384758  0.619931  0.312884  0.597259  0.516235  0.490322  0.316893  0.451018  0.340324 0.0  0.326636  0.849079  0.399743  0.283607  0.244244  0.198406  0.425722  0.371561  0.317919  0.239664  0.394934  0.304999  0.240628  0.471135  0.332670  0.525796  0.407073  0.870963  0.451112  0.469805  0.374870  0.327505  0.522259  0.447718  0.274953  0.363033  0.261602  0.376748  0.374705  0.575086  0.432811  0.565881  0.455982  0.404578  0.314552  0.515515  0.400601  0.502503  0.414600  0.447706  0.543906  0.617774  0.411085  0.421825  0.496016  0.691103  0.850613  0.387877  0.328475  0.631256  0.524376  0.344856  0.577704  0.469613  0.879903  0.343914  0.342853  0.351186  0.396366  0.796114  0.367900  0.274271 
37  0.833075  0.394855  0.397798  0.511915  0.907147  0.293879  0.856513  0.676169  0.276378  0.813114  0.469867  0.360283  0.485982  0.583819  0.451373  0.402527  0.296466  0.339310  0.327052  0.562202  0.815813  0.381164  0.821884  0.363293  0.524732  0.539621  0.295436  0.408639  0.503392  0.434152  0.744347  0.440286  0.544606  0.390616  0.459934  0.328393  0.326636 0.0  0.921719  0.335280  0.406004  0.322023  0.347991  0.469167  0.288880  0.286497  0.365733  0.413596  0.358963  0.288708  0.410518  0.280179  0.539492  0.328967  0.947469  0.261881  0.623065  0.281435  0.304909  0.489357  0.601327  0.351483  0.311792  0.366603  0.342348  0.350920  0.628276  0.553420  0.612717  0.445265  0.359614  0.355346  0.559615  0.296718  0.439886  0.353075  0.241960  0.380009  0.520610  0.361000  0.397331  0.599731  0.582869  0.828365  0.353983  0.382293  0.674630  0.519963  0.394600  0.405678  0.319127  0.773197  0.321489  0.355750  0.363434  0.323421  0.750052  0.335071  0.364456 
38  0.288370  0.900744  0.797686  0.816107  0.670621  0.811926  0.483086  0.827901  0.815535  0.613640  0.820382  0.865664  0.848479  0.827824  0.811873  0.830299  0.825309  0.695560  0.826776  0.823403  0.524859  0.764807  0.719644  0.867761  0.785828  0.856799  0.867101  0.759325  0.826621  0.749612  0.677600  0.833975  0.782378  0.780538  0.799585  0.802932  0.849079  0.921719 0.0  0.825009  0.803924  0.858785  0.868122  0.810733  0.805883  0.868123  0.801375  0.726527  0.831135  0.850155  0.943989  0.797747  0.848880  0.885681  0.676614  0.779253  0.899956  0.791422  0.847947  0.823939  0.835130  0.737254  0.799197  0.916266  0.842404  0.860445  0.792611  0.876814  0.806922  0.799955  0.755041  0.762289  0.838616  0.824904  0.876379  0.863689  0.766815  0.925944  0.832449  0.918508  0.719611  0.854846  0.835866  0.575368  0.910356  0.811417  0.860788  0.871521  0.879899  0.799941  0.827702  0.452562  0.888576  0.757435  0.806918  0.743237  0.647259  0.868862  0.820852 
39  0.817940  0.314104  0.408789  0.563401  0.941202  0.294196  0.852913  0.699196  0.357705  0.902001  0.396797  0.327410  0.542410  0.466242  0.419115  0.544500  0.409834  0.320875  0.278206  0.641922  0.690293  0.336766  0.818921  0.393258  0.504475  0.712497  0.325458  0.365089  0.564514  0.443262  0.710386  0.656446  0.548266  0.403282  0.428259  0.273739  0.399743  0.335280  0.825009 0.0  0.303812  0.359640  0.347639  0.428423  0.431525  0.427076  0.309319  0.413167  0.285778  0.297028  0.574312  0.387396  0.527496  0.341902  0.801511  0.249203  0.520626  0.392514  0.350958  0.588108  0.582579  0.306487  0.369317  0.335654  0.281505  0.319675  0.545737  0.565135  0.579502  0.513719  0.342473  0.430031  0.548325  0.310115  0.497045  0.335225  0.483243  0.420335  0.544030  0.436731  0.408330  0.528951  0.551806  0.941940  0.289544  0.295885  0.559780  0.557970  0.327590  0.519606  0.372835  0.807486  0.222984  0.428265  0.343102  0.264872  0.814091  0.237398  0.371463 
