99
0 0.0  0.473674  0.399980  0.408786  0.285802  0.374385  0.396501  0.374370  0.399812  0.372486  0.356699  0.319602  0.726854  0.700458  0.485483  0.383752  0.557950  0.303386  0.348886  0.389615  0.698610  0.605425  0.414686  0.255307  0.359832  0.347053  0.414984  0.353745  0.373146  0.482927  0.447663  0.443558  0.496844  0.455293  0.386982  0.445071  0.292350  0.490733  0.434992  0.460877  0.417268  0.382394  0.375489  0.453901  0.397941  0.367954  0.410511  0.449140  0.457511  0.408701  0.300378  0.407203  0.317918  0.315331  0.442614  0.807390  0.365412  0.440451  0.457185  0.408361  0.359225  0.419253  0.261087  0.530575  0.387036  0.415100  0.417869  0.285708  0.431904  0.701461  0.287516  0.362128  0.444500  0.444245  0.425731  0.788552  0.395903  0.460609  0.377122  0.395352  0.330994  0.421652  0.293840  0.434603  0.457909  0.418994  0.270179  0.389836  0.445430  0.581843  0.352439  0.332155  0.877774  0.367267  0.439233  0.761476  0.368136  0.461012  0.456330 
1  0.473674 0.0  0.459591  0.445339  0.536544  0.488235  0.432467  0.446167  0.547085  0.405366  0.462484  0.367103  0.883387  0.703251  0.487171  0.467393  0.561932  0.415454  0.524976  0.547070  0.856062  0.628310  0.532818  0.363228  0.433163  0.377178  0.760034  0.420888  0.446314  0.441668  0.400819  0.446557  0.398936  0.494426  0.444373  0.384774  0.499686  0.393582  0.402524  0.441555  0.509972  0.411542  0.388797  0.433132  0.398301  0.421349  0.425571  0.552104  0.413179  0.488283  0.385032  0.400553  0.388837  0.515326  0.441195  0.771262  0.478491  0.456456  0.398177  0.572663  0.391453  0.337624  0.518580  0.584572  0.410736  0.531007  0.387928  0.427646  0.369905  0.873007  0.489538  0.567170  0.641633  0.444896  0.405574  0.778485  0.416351  0.468560  0.458423  0.521780  0.507226  0.435786  0.410045  0.415391  0.399640  0.539633  0.453009  0.578546  0.453172  0.635787  0.431439  0.453140  0.764696  0.377387  0.373754  0.806750  0.405324  0.403995  0.576496 
2  0.399980  0.459591 0.0  0.361645  0.520463  0.339780  0.347373  0.319131  0.496834  0.523550  0.628424  0.317702  0.834950  0.661907  0.323702  0.540447  0.649698  0.413622  0.494832  0.439224  0.930939  0.655141  0.380286  0.266932  0.287320  0.340447  0.586316  0.289809  0.367738  0.419477  0.337045  0.380491  0.269477  0.364325  0.455436  0.201744  0.550061  0.321360  0.409807  0.319838  0.533072  0.350060  0.312715  0.347338  0.355856  0.499222  0.304687  0.596866  0.433641  0.426632  0.305897  0.315031  0.315807  0.289688  0.482821  0.903465  0.255051  0.354292  0.262871  0.471048  0.403850  0.248548  0.508448  0.557462  0.495258  0.580714  0.385556  0.405399  0.323974  0.846115  0.272383  0.596291  0.584028  0.470133  0.284244  0.878627  0.439504  0.328835  0.285229  0.396139  0.392426  0.374444  0.338198  0.400108  0.267966  0.503434  0.309580  0.283901  0.372554  0.586318  0.347983  0.441147  0.827991  0.246455  0.385299  0.795461  0.455781  0.305902  0.513778 
3  0.408786  0.445339  0.361645 0.0  0.446468  0.305016  0.282053  0.352275  0.524577  0.595445  0.556526  0.350589  0.782994  0.688700  0.351018  0.543264  0.619130  0.288890  0.468541  0.569310  0.742626  0.571554  0.374862  0.402672  0.333023  0.377644  0.485065  0.429609  0.404419  0.488280  0.340079  0.368987  0.265018  0.476823  0.575444  0.384354  0.564911  0.232401  0.356275  0.386199  0.491719  0.358056  0.226939  0.418101  0.305242  0.542816  0.352443  0.590239  0.233193  0.620083  0.296769  0.274711  0.312622  0.346896  0.563984  0.845871  0.253869  0.441233  0.347973  0.527089  0.360945  0.316622  0.541604  0.646807  0.433596  0.514565  0.289372  0.303393  0.332996  0.851636  0.252938  0.588423  0.687939  0.468874  0.282166  0.692866  0.343490  0.309674  0.329051  0.452128  0.384318  0.380095  0.425636  0.423496  0.386161  0.448966  0.255860  0.337723  0.316665  0.584136  0.340890  0.337680  0.768511  0.407143  0.356518  0.768366  0.453895  0.352008  0.593422 
4  0.285802  0.536544  0.520463  0.446468 0.0  0.461554  0.402211  0.481105  0.307431  0.557770  0.473677  0.438985  0.784077  0.709135  0.428422  0.450666  0.516477  0.516475  0.475575  0.475318  0.745251  0.587698  0.509705  0.452906  0.430733  0.477096  0.479797  0.509013  0.493175  0.472285  0.511015  0.481119  0.483091  0.484984  0.422979  0.438181  0.543582  0.415368  0.529983  0.524695  0.405927  0.469222  0.446852  0.457525  0.508473  0.525805  0.469370  0.517495  0.545091  0.449019  0.495152  0.492896  0.456769  0.488518  0.437643  0.819195  0.485353  0.384057  0.505688  0.508006  0.544040  0.460018  0.502936  0.670989  0.489410  0.459374  0.437709  0.410759  0.377531  0.777257  0.529788  0.444577  0.622185  0.509836  0.572552  0.775059  0.521826  0.486090  0.522649  0.437548  0.447089  0.416850  0.422070  0.516117  0.470798  0.570220  0.514746  0.368287  0.425647  0.644119  0.483076  0.485680  0.833057  0.559095  0.511769  0.845324  0.493687  0.451826  0.418815 
5  0.374385  0.488235  0.339780  0.305016  0.461554 0.0  0.358802  0.377764  0.514080  0.429232  0.472274  0.273599  0.726865  0.814148  0.254824  0.510413  0.678138  0.379344  0.587976  0.482461  0.815966  0.541826  0.336060  0.300785  0.264986  0.354352  0.549475  0.389003  0.309275  0.515746  0.364181  0.307537  0.360528  0.512078  0.640925  0.342146  0.472440  0.292176  0.416158  0.275743  0.507500  0.314055  0.334781  0.355271  0.337220  0.519270  0.230822  0.461245  0.454870  0.606972  0.268742  0.291311  0.313264  0.352424  0.466384  0.846182  0.208777  0.274668  0.276138  0.436555  0.297259  0.363595  0.525447  0.571402  0.458114  0.567828  0.337394  0.415804  0.410322  0.885301  0.303282  0.528638  0.624888  0.394067  0.331911  0.780854  0.374439  0.311640  0.265137  0.430946  0.315895  0.298309  0.459059  0.377039  0.366879  0.628171  0.277239  0.227996  0.354963  0.562279  0.324502  0.377040  0.742207  0.318646  0.368460  0.692054  0.550289  0.323169  0.568537 
6  0.396501  0.432467  0.347373  0.282053  0.402211  0.358802 0.0  0.315482  0.503717  0.499051  0.464514  0.277412  0.794180  0.716058  0.296763  0.530198  0.682701  0.299447  0.472384  0.514786  0.878388  0.639086  0.351952  0.363286  0.252485  0.354818  0.525350  0.375008  0.248018  0.438915  0.326970  0.325227  0.307659  0.482174  0.465552  0.310832  0.415587  0.350099  0.332497  0.362508  0.473788  0.301654  0.387085  0.348266  0.377523  0.469032  0.371879  0.510148  0.293191  0.617238  0.312538  0.370465  0.399037  0.262357  0.618100  0.906036  0.360002  0.284957  0.283870  0.513977  0.408172  0.371015  0.510193  0.565943  0.431218  0.470080  0.317786  0.375048  0.373535  0.776686  0.364196  0.497326  0.679352  0.398518  0.288253  0.771448  0.417999  0.285360  0.380538  0.417407  0.241910  0.473452  0.451599  0.351831  0.401114  0.495164  0.355118  0.326808  0.332966  0.606204  0.357122  0.336575  0.794925  0.360953  0.394877  0.843717  0.501172  0.369940  0.546048 
7  0.374370  0.446167  0.319131  0.352275  0.481105  0.377764  0.315482 0.0  0.508044  0.550505  0.457654  0.373878  0.799221  0.634545  0.228482  0.542865  0.743637  0.229032  0.516425  0.433550  0.801618  0.650022  0.256685  0.332834  0.291114  0.285725  0.547598  0.342817  0.226835  0.474592  0.328511  0.308072  0.373572  0.476226  0.471742  0.284447  0.517663  0.304866  0.315238  0.243862  0.456110  0.246494  0.258509  0.374024  0.300390  0.526047  0.287830  0.571550  0.320000  0.582473  0.327071  0.330867  0.356829  0.299959  0.557888  0.830786  0.350413  0.275942  0.317923  0.458035  0.437589  0.298438  0.486697  0.492264  0.420171  0.524014  0.297558  0.371750  0.404541  0.753971  0.302349  0.553356  0.639465  0.439896  0.314489  0.788635  0.491911  0.273575  0.274306  0.298776  0.224242  0.296164  0.531142  0.381800  0.322128  0.576059  0.342538  0.340182  0.262419  0.651151  0.333546  0.414671  0.865121  0.332418  0.478182  0.775789  0.462479  0.332555  0.504643 
8  0.399812  0.547085  0.496834  0.524577  0.307431  0.514080  0.503717  0.508044 0.0  0.431248  0.493731  0.487506  0.825931  0.739417  0.587890  0.498328  0.610304  0.496116  0.500178  0.588238  0.747624  0.561038  0.499034  0.479627  0.540383  0.485844  0.482835  0.571434  0.545139  0.422415  0.603677  0.514474  0.545140  0.592415  0.486176  0.542109  0.491229  0.594503  0.490771  0.469327  0.482205  0.460672  0.468232  0.569879  0.479639  0.521068  0.423824  0.501796  0.425678  0.566534  0.462032  0.490550  0.551504  0.472036  0.490934  0.820609  0.532288  0.562969  0.471556  0.523277  0.437067  0.509168  0.495376  0.618075  0.543239  0.486411  0.510286  0.570862  0.505564  0.761007  0.529162  0.557600  0.632993  0.483887  0.490375  0.822534  0.490135  0.512202  0.494472  0.480030  0.460362  0.534568  0.488417  0.481233  0.509429  0.526531  0.510645  0.471780  0.575361  0.597443  0.420311  0.462852  0.811480  0.556111  0.502824  0.841005  0.413821  0.550842  0.545765 
9  0.372486  0.405366  0.523550  0.595445  0.557770  0.429232  0.499051  0.550505  0.431248 0.0  0.192135  0.479956  0.804223  0.635370  0.545093  0.431615  0.559950  0.488579  0.409616  0.267249  0.784574  0.674794  0.500990  0.472630  0.495127  0.567087  0.384713  0.492124  0.576306  0.542578  0.493265  0.509165  0.582625  0.489896  0.414467  0.519720  0.418240  0.456509  0.538327  0.538079  0.581335  0.520448  0.612146  0.446773  0.540508  0.309058  0.499420  0.333801  0.459869  0.301459  0.519946  0.565283  0.425606  0.598091  0.473315  0.791163  0.488681  0.443234  0.460912  0.335262  0.458748  0.537363  0.472222  0.546670  0.544252  0.366145  0.532134  0.448081  0.461849  0.849092  0.592831  0.482518  0.583307  0.402342  0.542506  0.694935  0.460838  0.460646  0.419893  0.532740  0.574795  0.628697  0.430316  0.621558  0.527719  0.290103  0.533352  0.483975  0.568986  0.611828  0.626387  0.594183  0.836245  0.548806  0.590484  0.833657  0.360052  0.393924  0.441818 
10  0.356699  0.462484  0.628424  0.556526  0.473677  0.472274  0.464514  0.457654  0.493731  0.192135 0.0  0.526095  0.854638  0.659163  0.592157  0.361562  0.642766  0.457340  0.490391  0.354482  0.817742  0.683518  0.492785  0.469988  0.474814  0.515910  0.478156  0.503441  0.455905  0.571276  0.489764  0.468658  0.562437  0.467950  0.381686  0.544037  0.450908  0.585935  0.520918  0.521621  0.489368  0.611909  0.531288  0.516862  0.523543  0.197271  0.459934  0.474092  0.486803  0.246817  0.454407  0.507335  0.511830  0.549859  0.489812  0.854135  0.537776  0.399420  0.555207  0.377806  0.538001  0.579856  0.506262  0.644778  0.490947  0.465808  0.545082  0.520252  0.540266  0.827500  0.444277  0.385385  0.711429  0.564148  0.557312  0.686750  0.461268  0.602977  0.516433  0.436857  0.523464  0.539404  0.438793  0.566665  0.530287  0.322699  0.556092  0.599956  0.460996  0.556800  0.607377  0.511463  0.881581  0.570192  0.471011  0.876365  0.310339  0.484685  0.415164 
11  0.319602  0.367103  0.317702  0.350589  0.438985  0.273599  0.277412  0.373878  0.487506  0.479956  0.526095 0.0  0.838300  0.633930  0.237014  0.486257  0.659805  0.391464  0.549298  0.530863  0.835548  0.626210  0.418619  0.273074  0.279036  0.390705  0.538219  0.238819  0.344698  0.402643  0.329119  0.250365  0.261082  0.541461  0.381654  0.289007  0.574860  0.433190  0.417086  0.289676  0.537454  0.207704  0.254743  0.313755  0.351093  0.471264  0.362873  0.495592  0.226222  0.502931  0.438040  0.289530  0.343398  0.294656  0.531807  0.827613  0.315651  0.396725  0.306229  0.540784  0.314728  0.281408  0.521355  0.653292  0.435695  0.445634  0.250099  0.343244  0.291712  0.722822  0.437899  0.518457  0.653914  0.433119  0.233774  0.873011  0.353193  0.229343  0.315600  0.409396  0.326666  0.357647  0.412403  0.318964  0.397484  0.517866  0.369211  0.354326  0.372659  0.631598  0.280633  0.288068  0.811712  0.373115  0.507526  0.845142  0.528669  0.343762  0.395335 
12  0.726854  0.883387  0.834950  0.782994  0.784077  0.726865  0.794180  0.799221  0.825931  0.804223  0.854638  0.838300 0.0  0.764090  0.730532  0.864333  0.845423  0.831867  0.770607  0.843126  0.311698  0.807194  0.844494  0.870102  0.832601  0.805858  0.851155  0.790417  0.777286  0.783213  0.861261  0.809720  0.865903  0.763053  0.851048  0.844440  0.788325  0.683712  0.864588  0.862295  0.848309  0.779094  0.703788  0.719951  0.745473  0.758998  0.788244  0.819112  0.849593  0.789975  0.904480  0.786985  0.822521  0.941731  0.779927  0.694231  0.798721  0.712578  0.781453  0.854078  0.764462  0.842162  0.752969  0.809754  0.817652  0.771625  0.862617  0.812002  0.695802  0.265096  0.814341  0.814529  0.818404  0.853626  0.848549  0.592153  0.798400  0.779385  0.948589  0.808072  0.803168  0.858600  0.805798  0.802679  0.745971  0.938827  0.809978  0.902279  0.862195  0.712723  1.000000  0.844639  0.339754  0.811531  0.852656  0.529917  0.801189  0.842512  0.855167 
13  0.700458  0.703251  0.661907  0.688700  0.709135  0.814148  0.716058  0.634545  0.739417  0.635370  0.659163  0.633930  0.764090 0.0  0.625541  0.817811  0.719605  0.682992  0.574928  0.667045  0.735106  0.678060  0.730550  0.680044  0.761568  0.624671  0.738037  0.750064  0.669748  0.662530  0.699163  0.766486  0.694618  0.672679  0.599280  0.599826  0.725049  0.719201  0.739984  0.766114  0.724762  0.627257  0.709525  0.788005  0.706168  0.748314  0.717320  0.724229  0.723571  0.666294  0.776074  0.704425  0.672904  0.683374  0.707114  0.684810  0.784870  0.679143  0.719264  0.704461  0.675653  0.663120  0.650971  0.717791  0.724929  0.731078  0.613494  0.676685  0.666921  0.768396  0.803448  0.727111  0.738160  0.734851  0.713804  0.783986  0.784830  0.761686  0.745908  0.771641  0.689787  0.717033  0.682333  0.734264  0.669898  0.784108  0.735279  0.721430  0.601826  0.626712  0.583179  0.666503  0.546496  0.663504  0.632167  0.689806  0.666719  0.766784  0.707098 
14  0.485483  0.487171  0.323702  0.351018  0.428422  0.254824  0.296763  0.228482  0.587890  0.545093  0.592157  0.237014  0.730532  0.625541 0.0  0.608610  0.810330  0.384570  0.523434  0.469933  0.862024  0.686678  0.376624  0.387513  0.433064  0.318176  0.482161  0.272356  0.351030  0.417888  0.310879  0.292064  0.260158  0.563074  0.458023  0.285841  0.411147  0.346581  0.221101  0.227753  0.581581  0.237530  0.309425  0.330900  0.356705  0.554507  0.402711  0.518901  0.326815  0.577006  0.365707  0.315942  0.368570  0.273209  0.596979  0.801902  0.330886  0.328134  0.339107  0.439406  0.405793  0.254896  0.521370  0.687630  0.463950  0.523014  0.340889  0.424212  0.397430  0.829437  0.390661  0.492600  0.639960  0.483206  0.319403  0.757600  0.372583  0.302013  0.343882  0.445001  0.388888  0.321524  0.468273  0.381860  0.464176  0.596439  0.322338  0.312918  0.285258  0.528418  0.314269  0.342769  0.763052  0.306589  0.405382  0.805806  0.578208  0.349405  0.463860 
15  0.383752  0.467393  0.540447  0.543264  0.450666  0.510413  0.530198  0.542865  0.498328  0.431615  0.361562  0.486257  0.864333  0.817811  0.608610 0.0  0.633301  0.516841  0.332934  0.519964  0.763292  0.661034  0.479589  0.442843  0.449697  0.422045  0.364388  0.501899  0.487762  0.479286  0.541648  0.506662  0.513081  0.506403  0.399899  0.477456  0.269414  0.526309  0.485557  0.461189  0.439149  0.459466  0.498127  0.476293  0.614713  0.500121  0.504138  0.377148  0.542221  0.385120  0.477437  0.552080  0.504077  0.455166  0.353451  0.765682  0.489497  0.452492  0.528404  0.389528  0.526039  0.512938  0.369697  0.615695  0.551398  0.330446  0.607787  0.548218  0.494697  0.888759  0.660144  0.293895  0.584289  0.565412  0.537074  0.670614  0.489823  0.500274  0.470458  0.491316  0.473998  0.486344  0.501417  0.524554  0.472003  0.371672  0.501012  0.622702  0.551716  0.577150  0.406582  0.551921  0.709897  0.580658  0.598227  0.777277  0.505110  0.423572  0.409395 
16  0.557950  0.561932  0.649698  0.619130  0.516477  0.678138  0.682701  0.743637  0.610304  0.559950  0.642766  0.659805  0.845423  0.719605  0.810330  0.633301 0.0  0.637577  0.644745  0.704181  0.780843  0.335790  0.618716  0.621832  0.744137  0.682080  0.624428  0.654627  0.738444  0.697448  0.592812  0.652968  0.692118  0.579832  0.597899  0.497071  0.652036  0.730558  0.597038  0.627723  0.643258  0.602558  0.647244  0.679490  0.567557  0.685732  0.657497  0.701329  0.585249  0.642200  0.650358  0.595982  0.529550  0.707747  0.686008  0.851082  0.721151  0.643429  0.593860  0.646189  0.562595  0.562742  0.604738  0.527007  0.633141  0.621903  0.679527  0.575933  0.621582  0.789270  0.551068  0.600963  0.555688  0.738823  0.599680  0.756359  0.689870  0.499332  0.631100  0.579606  0.679988  0.660509  0.634693  0.660570  0.658635  0.794246  0.566281  0.731787  0.763428  0.351183  0.635014  0.553227  0.796648  0.551515  0.663504  0.883267  0.656887  0.705624  0.571225 
17  0.303386  0.415454  0.413622  0.288890  0.516475  0.379344  0.299447  0.229032  0.496116  0.488579  0.457340  0.391464  0.831867  0.682992  0.384570  0.516841  0.637577 0.0  0.440229  0.480585  0.857447  0.564933  0.369960  0.290037  0.229413  0.352750  0.521592  0.261354  0.325516  0.295462  0.329426  0.304556  0.314049  0.419158  0.579862  0.349805  0.523691  0.236999  0.444385  0.316935  0.590406  0.317763  0.323973  0.342487  0.372325  0.503447  0.200905  0.499141  0.333961  0.571785  0.312664  0.378751  0.288321  0.288968  0.526715  0.860842  0.297338  0.273467  0.247624  0.488326  0.321295  0.393807  0.502396  0.616974  0.434086  0.492122  0.324931  0.441994  0.448590  0.790542  0.404836  0.519511  0.552260  0.397512  0.366696  0.851737  0.321350  0.368898  0.377164  0.287417  0.357604  0.170245  0.539170  0.343728  0.410399  0.635574  0.309050  0.311153  0.399177  0.628523  0.367866  0.400363  0.778811  0.317256  0.414979  0.710658  0.605240  0.350078  0.612414 
18  0.348886  0.524976  0.494832  0.468541  0.475575  0.587976  0.472384  0.516425  0.500178  0.409616  0.490391  0.549298  0.770607  0.574928  0.523434  0.332934  0.644745  0.440229 0.0  0.472832  0.838542  0.623938  0.580576  0.566666  0.501408  0.502458  0.350211  0.501349  0.697711  0.534632  0.512442  0.495340  0.575689  0.449414  0.441802  0.573145  0.313649  0.580011  0.550060  0.519737  0.506439  0.510376  0.553813  0.529213  0.568524  0.433090  0.514331  0.338008  0.525161  0.447086  0.526493  0.550125  0.544849  0.535960  0.328812  0.778970  0.489874  0.494205  0.614097  0.416410  0.502520  0.550470  0.373947  0.609424  0.514132  0.444713  0.507129  0.475733  0.573678  0.714237  0.531949  0.408965  0.727434  0.538047  0.493426  0.824241  0.394730  0.465525  0.521772  0.592932  0.506488  0.558137  0.488358  0.511083  0.494009  0.411480  0.493148  0.512993  0.561819  0.501551  0.453625  0.489977  0.820491  0.612447  0.453308  0.766159  0.474893  0.503517  0.210571 
19  0.389615  0.547070  0.439224  0.569310  0.475318  0.482461  0.514786  0.433550  0.588238  0.267249  0.354482  0.530863  0.843126  0.667045  0.469933  0.519964  0.704181  0.480585  0.472832 0.0  0.733512  0.604974  0.605751  0.408080  0.487240  0.528172  0.520272  0.562390  0.502827  0.521378  0.585038  0.556656  0.574526  0.463310  0.478337  0.471827  0.390263  0.422059  0.559429  0.505336  0.484554  0.448851  0.590080  0.547773  0.492442  0.238962  0.452116  0.437710  0.538075  0.335660  0.618118  0.540286  0.526687  0.488224  0.517716  0.902356  0.509863  0.560676  0.584302  0.272426  0.485748  0.511848  0.391113  0.581564  0.480667  0.365091  0.429294  0.527165  0.534611  0.805476  0.532917  0.448702  0.578098  0.505343  0.628595  0.798068  0.464889  0.533076  0.482460  0.581421  0.618768  0.514155  0.536444  0.429480  0.570203  0.314041  0.557146  0.493574  0.617225  0.537401  0.411794  0.526290  0.832502  0.518625  0.468170  0.705055  0.413294  0.566319  0.390428 
20  0.698610  0.856062  0.930939  0.742626  0.745251  0.815966  0.878388  0.801618  0.747624  0.784574  0.817742  0.835548  0.311698  0.735106  0.862024  0.763292  0.780843  0.857447  0.838542  0.733512 0.0  0.830251  0.811628  0.825766  0.815862  0.799424  0.889470  0.756842  0.854999  0.776686  0.764777  0.826661  0.864039  0.896350  0.694184  0.833784  0.856695  0.881880  0.910535  0.854512  0.723222  0.892808  0.844043  0.738600  0.931820  0.766885  0.807169  0.782081  0.829809  0.739601  0.870203  0.826535  0.837261  0.799779  0.797094  0.625924  0.811417  0.869143  0.866444  0.781124  0.826765  0.734078  0.975954  0.758745  0.797709  0.843945  0.875103  0.796544  0.785543  0.274651  0.765238  0.775952  0.737979  0.915608  0.761849  0.585664  0.843978  0.763087  0.814175  0.929519  0.840820  0.924121  0.802637  0.864944  0.770660  0.771263  0.760624  0.861721  0.948189  0.897747  0.753197  0.900987  0.256788  0.845880  0.822985  0.591402  0.813082  0.840968  0.885648 
21  0.605425  0.628310  0.655141  0.571554  0.587698  0.541826  0.639086  0.650022  0.561038  0.674794  0.683518  0.626210  0.807194  0.678060  0.686678  0.661034  0.335790  0.564933  0.623938  0.604974  0.830251 0.0  0.643828  0.600664  0.518260  0.664578  0.686057  0.624662  0.625985  0.568016  0.633420  0.621491  0.663725  0.540756  0.647182  0.642088  0.697905  0.688640  0.585715  0.691529  0.600452  0.568569  0.628889  0.545792  0.683642  0.663856  0.641533  0.708874  0.620536  0.609239  0.709064  0.569703  0.570839  0.513964  0.582980  0.902015  0.701364  0.633190  0.589709  0.660512  0.660265  0.653898  0.697308  0.497813  0.639182  0.588614  0.609738  0.629856  0.601043  0.727092  0.612208  0.595631  0.479381  0.716270  0.597010  0.812650  0.685146  0.604808  0.569280  0.635545  0.670357  0.663295  0.588941  0.543541  0.599000  0.597809  0.552955  0.629207  0.621552  0.407742  0.650029  0.673004  0.766478  0.694492  0.597337  0.730862  0.779199  0.568114  0.587570 
22  0.414686  0.532818  0.380286  0.374862  0.509705  0.336060  0.351952  0.256685  0.499034  0.500990  0.492785  0.418619  0.844494  0.730550  0.376624  0.479589  0.618716  0.369960  0.580576  0.605751  0.811628  0.643828 0.0  0.335512  0.428527  0.312628  0.556718  0.465042  0.360925  0.449822  0.334841  0.349327  0.470138  0.522484  0.491449  0.368440  0.545313  0.334586  0.231527  0.355743  0.513704  0.330026  0.420935  0.382349  0.437335  0.494847  0.413216  0.598608  0.361256  0.660964  0.265092  0.460282  0.358799  0.468029  0.519184  0.787750  0.364398  0.337332  0.310034  0.447485  0.319731  0.312929  0.525463  0.585332  0.498712  0.637776  0.450298  0.330414  0.328151  0.855193  0.272377  0.612323  0.623663  0.475631  0.361368  0.758719  0.380810  0.414499  0.368986  0.405135  0.225753  0.359004  0.370603  0.351115  0.378175  0.467398  0.326733  0.333069  0.400593  0.481846  0.376069  0.228029  0.833834  0.464823  0.506365  0.791510  0.499622  0.362255  0.526882 
23  0.255307  0.363228  0.266932  0.402672  0.452906  0.300785  0.363286  0.332834  0.479627  0.472630  0.469988  0.273074  0.870102  0.680044  0.387513  0.442843  0.621832  0.290037  0.566666  0.408080  0.825766  0.600664  0.335512 0.0  0.283713  0.318847  0.577526  0.328240  0.209248  0.405799  0.310301  0.401625  0.331329  0.560459  0.533123  0.314810  0.470184  0.313613  0.370630  0.366875  0.460509  0.330991  0.308949  0.327809  0.332628  0.479748  0.330999  0.661586  0.201179  0.507710  0.322168  0.357792  0.340496  0.320305  0.474056  0.748119  0.271674  0.341217  0.250026  0.468543  0.275132  0.251232  0.451321  0.562097  0.458432  0.526483  0.330319  0.313183  0.389054  0.712437  0.392436  0.492779  0.659108  0.407735  0.360798  0.776354  0.400001  0.244469  0.279318  0.512261  0.290715  0.268274  0.470504  0.316499  0.374544  0.577514  0.235244  0.259507  0.346105  0.552051  0.407039  0.307303  0.805415  0.349963  0.393195  0.861397  0.520520  0.339232  0.609688 
24  0.359832  0.433163  0.287320  0.333023  0.430733  0.264986  0.252485  0.291114  0.540383  0.495127  0.474814  0.279036  0.832601  0.761568  0.433064  0.449697  0.744137  0.229413  0.501408  0.487240  0.815862  0.518260  0.428527  0.283713 0.0  0.355921  0.556342  0.298630  0.341375  0.583147  0.245894  0.329323  0.291412  0.500923  0.463028  0.385989  0.485511  0.381389  0.410217  0.313936  0.401130  0.375182  0.328947  0.345820  0.413980  0.559576  0.284326  0.525859  0.323864  0.519753  0.441954  0.339509  0.308343  0.230086  0.398619  0.726934  0.283847  0.285625  0.254996  0.630964  0.345212  0.343060  0.515006  0.584568  0.360444  0.478293  0.297927  0.545177  0.377244  0.667043  0.349512  0.538118  0.718198  0.405789  0.279350  0.874329  0.385408  0.289039  0.327313  0.424969  0.290407  0.309727  0.390623  0.316913  0.402165  0.524341  0.279795  0.360692  0.286274  0.609954  0.318181  0.335534  0.855595  0.393061  0.452415  0.821232  0.442400  0.431417  0.510468 
25  0.347053  0.377178  0.340447  0.377644  0.477096  0.354352  0.354818  0.285725  0.485844  0.567087  0.515910  0.390705  0.805858  0.624671  0.318176  0.422045  0.682080  0.352750  0.502458  0.528172  0.799424  0.664578  0.312628  0.318847  0.355921 0.0  0.566470  0.397819  0.322864  0.527740  0.326039  0.342845  0.309743  0.493403  0.509587  0.376689  0.591144  0.374257  0.319607  0.373996  0.393826  0.320637  0.428227  0.459454  0.413021  0.581619  0.342218  0.513266  0.385173  0.599980  0.302218  0.327555  0.445189  0.271991  0.441247  0.720640  0.368242  0.415895  0.401712  0.441928  0.319556  0.379681  0.438824  0.611329  0.463447  0.534199  0.300945  0.443264  0.244907  0.801275  0.285002  0.513490  0.680893  0.417826  0.393366  0.789712  0.479640  0.362459  0.451698  0.336082  0.307729  0.358504  0.479892  0.333939  0.463764  0.509900  0.352948  0.366932  0.410117  0.479089  0.290885  0.414511  0.728829  0.353757  0.513847  0.690448  0.525546  0.366286  0.684339 
26  0.414984  0.760034  0.586316  0.485065  0.479797  0.549475  0.525350  0.547598  0.482835  0.384713  0.478156  0.538219  0.851155  0.738037  0.482161  0.364388  0.624428  0.521592  0.350211  0.520272  0.889470  0.686057  0.556718  0.577526  0.556342  0.566470 0.0  0.610556  0.574510  0.402226  0.554744  0.528311  0.486449  0.647891  0.304602  0.509702  0.325695  0.514608  0.511779  0.525538  0.587465  0.536554  0.522192  0.561100  0.509126  0.500884  0.619242  0.389716  0.439918  0.369499  0.622988  0.560665  0.561693  0.518165  0.339315  0.759040  0.589754  0.577716  0.541346  0.312070  0.494957  0.602820  0.451534  0.626906  0.566692  0.365450  0.569621  0.438843  0.478933  0.875881  0.541748  0.432090  0.694293  0.563833  0.455909  0.732798  0.526803  0.651212  0.598624  0.487654  0.558514  0.549670  0.539549  0.515528  0.506737  0.483639  0.625938  0.487988  0.518119  0.568880  0.465537  0.511577  0.854734  0.505665  0.488619  0.890632  0.532041  0.452852  0.367798 
27  0.353745  0.420888  0.289809  0.429609  0.509013  0.389003  0.375008  0.342817  0.571434  0.492124  0.503441  0.238819  0.790417  0.750064  0.272356  0.501899  0.654627  0.261354  0.501349  0.562390  0.756842  0.624662  0.465042  0.328240  0.298630  0.397819  0.610556 0.0  0.245478  0.377657  0.312163  0.288161  0.360498  0.508817  0.454949  0.349770  0.483592  0.340569  0.302076  0.281822  0.518866  0.309988  0.323571  0.365682  0.379630  0.498985  0.356654  0.514564  0.341194  0.539417  0.301065  0.275041  0.348739  0.325881  0.550414  0.757437  0.332933  0.164112  0.253175  0.606174  0.435281  0.207159  0.507506  0.595763  0.374087  0.549709  0.307488  0.390687  0.405865  0.783211  0.409708  0.559539  0.492300  0.379805  0.397972  0.840585  0.335732  0.269006  0.343237  0.373878  0.315382  0.256224  0.496089  0.388138  0.494437  0.539357  0.351305  0.273949  0.328262  0.660717  0.346028  0.325677  0.801630  0.271516  0.453378  0.745466  0.453480  0.287328  0.444815 
28  0.373146  0.446314  0.367738  0.404419  0.493175  0.309275  0.248018  0.226835  0.545139  0.576306  0.455905  0.344698  0.777286  0.669748  0.351030  0.487762  0.738444  0.325516  0.697711  0.502827  0.854999  0.625985  0.360925  0.209248  0.341375  0.322864  0.574510  0.245478 0.0  0.437953  0.285320  0.308624  0.386566  0.501440  0.573183  0.431752  0.599054  0.403928  0.379027  0.350651  0.447139  0.291012  0.320540  0.289481  0.339475  0.519104  0.303180  0.579264  0.328626  0.486412  0.263928  0.279115  0.314001  0.296214  0.438003  0.745023  0.237166  0.330231  0.371414  0.537004  0.272630  0.351103  0.546395  0.564962  0.409042  0.531347  0.476375  0.481252  0.388914  0.875434  0.345586  0.522964  0.720039  0.366137  0.348834  0.745973  0.448876  0.220156  0.292516  0.404900  0.240234  0.222927  0.321632  0.363008  0.412826  0.533890  0.318384  0.339285  0.345934  0.555949  0.303897  0.300286  0.813012  0.413747  0.457369  0.824515  0.668686  0.354514  0.459703 
29  0.482927  0.441668  0.419477  0.488280  0.472285  0.515746  0.438915  0.474592  0.422415  0.542578  0.571276  0.402643  0.783213  0.662530  0.417888  0.479286  0.697448  0.295462  0.534632  0.521378  0.776686  0.568016  0.449822  0.405799  0.583147  0.527740  0.402226  0.377657  0.437953 0.0  0.399189  0.391562  0.502132  0.456683  0.457692  0.435735  0.506052  0.433799  0.449879  0.442348  0.552612  0.364046  0.426261  0.459390  0.506386  0.514012  0.514837  0.568307  0.366321  0.576561  0.390638  0.305671  0.452379  0.471386  0.495446  0.783874  0.641625  0.405747  0.507547  0.467261  0.391852  0.329975  0.464562  0.561246  0.449654  0.576043  0.384334  0.345679  0.410203  0.783722  0.415107  0.524152  0.568962  0.336702  0.456683  0.713671  0.317272  0.413680  0.437349  0.556144  0.444929  0.454213  0.450482  0.465267  0.442666  0.492261  0.378326  0.409037  0.541115  0.627371  0.395696  0.368821  0.787565  0.360304  0.356403  0.780229  0.579201  0.395327  0.491310 
30  0.447663  0.400819  0.337045  0.340079  0.511015  0.364181  0.326970  0.328511  0.603677  0.493265  0.489764  0.329119  0.861261  0.699163  0.310879  0.541648  0.592812  0.329426  0.512442  0.585038  0.764777  0.633420  0.334841  0.310301  0.245894  0.326039  0.554744  0.312163  0.285320  0.399189 0.0  0.309955  0.243291  0.379990  0.502739  0.352861  0.588603  0.317865  0.390488  0.305450  0.480072  0.354099  0.321719  0.341303  0.310130  0.611315  0.298982  0.667237  0.337792  0.433325  0.378176  0.423965  0.255762  0.291702  0.470896  0.878239  0.417273  0.300463  0.298552  0.526204  0.300846  0.298676  0.574780  0.531970  0.373132  0.597578  0.290499  0.349959  0.494115  0.760470  0.268861  0.565963  0.675398  0.505113  0.359261  0.736842  0.425673  0.267728  0.316709  0.380055  0.389757  0.335045  0.437395  0.274360  0.452386  0.589417  0.347013  0.226568  0.406525  0.612033  0.353206  0.329475  0.771162  0.275959  0.352115  0.803058  0.587561  0.249633  0.491965 
31  0.443558  0.446557  0.380491  0.368987  0.481119  0.307537  0.325227  0.308072  0.514474  0.509165  0.468658  0.250365  0.809720  0.766486  0.292064  0.506662  0.652968  0.304556  0.495340  0.556656  0.826661  0.621491  0.349327  0.401625  0.329323  0.342845  0.528311  0.288161  0.308624  0.391562  0.309955 0.0  0.227322  0.442939  0.555796  0.288267  0.484973  0.372896  0.350926  0.268059  0.541009  0.421905  0.326235  0.331821  0.382028  0.638812  0.323760  0.612418  0.236091  0.522570  0.285889  0.290876  0.389601  0.358220  0.543864  0.791225  0.298049  0.333668  0.261002  0.484312  0.312255  0.441316  0.556574  0.625471  0.336651  0.562009  0.400835  0.329317  0.376834  0.844307  0.362523  0.514102  0.698068  0.518335  0.249769  0.829890  0.367813  0.395726  0.310544  0.332441  0.213969  0.323875  0.470595  0.274981  0.413621  0.562148  0.339463  0.343202  0.362855  0.618509  0.307955  0.406081  0.921206  0.310400  0.284946  0.802010  0.582061  0.265885  0.557420 
32  0.496844  0.398936  0.269477  0.265018  0.483091  0.360528  0.307659  0.373572  0.545140  0.582625  0.562437  0.261082  0.865903  0.694618  0.260158  0.513081  0.692118  0.314049  0.575689  0.574526  0.864039  0.663725  0.470138  0.331329  0.291412  0.309743  0.486449  0.360498  0.386566  0.502132  0.243291  0.227322 0.0  0.478898  0.489065  0.298651  0.465325  0.422521  0.281060  0.273625  0.530266  0.367239  0.317331  0.340013  0.313009  0.497351  0.339375  0.564402  0.337942  0.566231  0.322558  0.270208  0.386565  0.262757  0.445640  0.797869  0.339410  0.269179  0.330423  0.486163  0.345226  0.304728  0.546235  0.586878  0.461807  0.464680  0.337518  0.399974  0.391895  0.794196  0.269521  0.535364  0.559759  0.365558  0.238231  0.674239  0.375569  0.238999  0.330135  0.397517  0.323898  0.268916  0.397494  0.326732  0.409548  0.587130  0.309070  0.356183  0.363915  0.588643  0.317185  0.289439  0.887526  0.342492  0.378290  0.862334  0.535410  0.374614  0.544116 
33  0.455293  0.494426  0.364325  0.476823  0.484984  0.512078  0.482174  0.476226  0.592415  0.489896  0.467950  0.541461  0.763053  0.672679  0.563074  0.506403  0.579832  0.419158  0.449414  0.463310  0.896350  0.540756  0.522484  0.560459  0.500923  0.493403  0.647891  0.508817  0.501440  0.456683  0.379990  0.442939  0.478898 0.0  0.583993  0.515171  0.502116  0.524281  0.450925  0.451956  0.417767  0.342148  0.586565  0.575081  0.491063  0.461860  0.461125  0.438492  0.442250  0.517541  0.477091  0.520104  0.473603  0.419742  0.451521  0.794019  0.480344  0.375379  0.387920  0.533485  0.512495  0.398857  0.529906  0.559080  0.470072  0.582621  0.483983  0.393627  0.462585  0.772833  0.615154  0.450900  0.690760  0.488899  0.488474  0.686819  0.520927  0.426611  0.449491  0.456989  0.500666  0.501871  0.493295  0.478460  0.431874  0.515400  0.500725  0.532689  0.440191  0.569723  0.464468  0.512619  0.761029  0.519409  0.413490  0.756279  0.485487  0.550966  0.392668 
34  0.386982  0.444373  0.455436  0.575444  0.422979  0.640925  0.465552  0.471742  0.486176  0.414467  0.381686  0.381654  0.851048  0.599280  0.458023  0.399899  0.597899  0.579862  0.441802  0.478337  0.694184  0.647182  0.491449  0.533123  0.463028  0.509587  0.304602  0.454949  0.573183  0.457692  0.502739  0.555796  0.489065  0.583993 0.0  0.435503  0.442019  0.409624  0.575827  0.577233  0.613130  0.482590  0.593153  0.625200  0.663492  0.490797  0.541351  0.423970  0.594393  0.467675  0.521439  0.511978  0.486982  0.572372  0.417532  0.826505  0.485548  0.563199  0.457326  0.472614  0.538799  0.491204  0.352022  0.690063  0.511823  0.483608  0.524081  0.506177  0.473540  0.704156  0.528362  0.301306  0.670612  0.518684  0.485895  0.753046  0.483293  0.440994  0.501452  0.523375  0.500704  0.614624  0.561268  0.580942  0.585340  0.555091  0.378432  0.530294  0.423242  0.574996  0.535499  0.521712  0.733077  0.537981  0.523181  0.794828  0.424475  0.585054  0.492092 
35  0.445071  0.384774  0.201744  0.384354  0.438181  0.342146  0.310832  0.284447  0.542109  0.519720  0.544037  0.289007  0.844440  0.599826  0.285841  0.477456  0.497071  0.349805  0.573145  0.471827  0.833784  0.642088  0.368440  0.314810  0.385989  0.376689  0.509702  0.349770  0.431752  0.435735  0.352861  0.288267  0.298651  0.515171  0.435503 0.0  0.438652  0.363419  0.355231  0.430373  0.539090  0.228200  0.316146  0.297964  0.331144  0.631993  0.260959  0.513494  0.342965  0.547023  0.357921  0.434082  0.287507  0.369969  0.526374  0.804778  0.239614  0.406305  0.231930  0.455937  0.338971  0.291939  0.652281  0.533718  0.441756  0.456124  0.277460  0.431682  0.393682  0.870213  0.362008  0.553490  0.575903  0.495485  0.320494  0.762664  0.414561  0.359640  0.293701  0.413831  0.331543  0.233085  0.413858  0.373081  0.480790  0.498167  0.256884  0.370581  0.258095  0.625465  0.340857  0.406294  0.789600  0.396461  0.427140  0.805067  0.609582  0.303361  0.620479 
36  0.292350  0.499686  0.550061  0.564911  0.543582  0.472440  0.415587  0.517663  0.491229  0.418240  0.450908  0.574860  0.788325  0.725049  0.411147  0.269414  0.652036  0.523691  0.313649  0.390263  0.856695  0.697905  0.545313  0.470184  0.485511  0.591144  0.325695  0.483592  0.599054  0.506052  0.588603  0.484973  0.465325  0.502116  0.442019  0.438652 0.0  0.492390  0.516739  0.516818  0.446829  0.471139  0.461162  0.487345  0.551461  0.421873  0.531954  0.508414  0.480561  0.464580  0.602647  0.574046  0.506243  0.568938  0.295258  0.749983  0.456595  0.478126  0.545418  0.348971  0.569975  0.519623  0.375428  0.620055  0.551775  0.355260  0.418259  0.554297  0.405048  0.722522  0.573484  0.395167  0.725917  0.457713  0.579169  0.770559  0.480873  0.563601  0.522505  0.626225  0.537966  0.463750  0.537950  0.492217  0.537808  0.438999  0.538944  0.562132  0.584858  0.591809  0.532991  0.536357  0.720155  0.537884  0.538407  0.806856  0.460304  0.506207  0.310283 
37  0.490733  0.393582  0.321360  0.232401  0.415368  0.292176  0.350099  0.304866  0.594503  0.456509  0.585935  0.433190  0.683712  0.719201  0.346581  0.526309  0.730558  0.236999  0.580011  0.422059  0.881880  0.688640  0.334586  0.313613  0.381389  0.374257  0.514608  0.340569  0.403928  0.433799  0.317865  0.372896  0.422521  0.524281  0.409624  0.363419  0.492390 0.0  0.408585  0.275566  0.587847  0.348808  0.390381  0.393877  0.264555  0.519945  0.240584  0.506982  0.331219  0.616346  0.402334  0.367641  0.348887  0.265459  0.455016  0.781100  0.355488  0.272891  0.406610  0.498001  0.310982  0.355217  0.581081  0.596343  0.412164  0.525647  0.277178  0.445774  0.327839  0.759420  0.354856  0.653906  0.691278  0.487063  0.327753  0.810336  0.349125  0.353149  0.348325  0.446154  0.452404  0.374823  0.449439  0.265240  0.401751  0.660289  0.384020  0.358366  0.316043  0.632441  0.399130  0.301266  0.827911  0.361580  0.386248  0.760145  0.490813  0.348616  0.610024 
38  0.434992  0.402524  0.409807  0.356275  0.529983  0.416158  0.332497  0.315238  0.490771  0.538327  0.520918  0.417086  0.864588  0.739984  0.221101  0.485557  0.597038  0.444385  0.550060  0.559429  0.910535  0.585715  0.231527  0.370630  0.410217  0.319607  0.511779  0.302076  0.379027  0.449879  0.390488  0.350926  0.281060  0.450925  0.575827  0.355231  0.516739  0.408585 0.0  0.352864  0.594108  0.225436  0.368140  0.400993  0.297444  0.501370  0.327562  0.471743  0.359119  0.454918  0.383646  0.335090  0.319874  0.394321  0.478258  0.786811  0.372597  0.408345  0.447216  0.538676  0.324888  0.498964  0.483703  0.505235  0.353830  0.550905  0.373210  0.507605  0.435244  0.803350  0.355197  0.546744  0.745526  0.410693  0.387503  0.825723  0.371505  0.375304  0.303159  0.365577  0.335730  0.306000  0.321167  0.369843  0.363267  0.528062  0.299078  0.408818  0.358166  0.530963  0.369622  0.276700  0.895259  0.351666  0.453276  0.721002  0.527813  0.496364  0.503997 
39  0.460877  0.441555  0.319838  0.386199  0.524695  0.275743  0.362508  0.243862  0.469327  0.538079  0.521621  0.289676  0.862295  0.766114  0.227753  0.461189  0.627723  0.316935  0.519737  0.505336  0.854512  0.691529  0.355743  0.366875  0.313936  0.373996  0.525538  0.281822  0.350651  0.442348  0.305450  0.268059  0.273625  0.451956  0.577233  0.430373  0.516818  0.275566  0.352864 0.0  0.507686  0.332935  0.425699  0.352517  0.271381  0.419684  0.213748  0.483930  0.237886  0.395330  0.336138  0.309059  0.393586  0.293769  0.456491  0.866825  0.261468  0.381721  0.375947  0.531510  0.392649  0.302111  0.557853  0.542420  0.479872  0.492156  0.307111  0.473989  0.372453  0.825684  0.425580  0.529719  0.697507  0.401736  0.369908  0.795781  0.422973  0.329217  0.366143  0.332262  0.351983  0.233583  0.443818  0.329827  0.466560  0.489725  0.288985  0.302598  0.344549  0.641506  0.304345  0.309543  0.748675  0.366744  0.495640  0.748449  0.522180  0.399356  0.586984 
