99
0 0.0  0.317342  0.558860  0.333023  0.306651  0.373273  0.335553  0.326749  0.360868  0.861297  0.497657  0.305919  0.387134  0.462564  0.335587  0.412676  0.239787  0.456413  0.345961  0.860357  0.307023  0.748073  0.540735  0.399367  0.652771  0.427311  0.754982  0.400357  0.263702  0.808276  0.279298  0.408659  0.317358  0.315357  0.395318  0.627048  0.341771  0.326321  0.314386  0.485008  0.502612  0.330113  0.378232  0.287334  0.533903  0.328670  0.425994  0.238781  0.376361  0.419345  0.515181  0.514097  0.216344  0.254973  0.594108  0.347496  0.325618  0.253160  0.377778  0.290705  0.418249  0.718847  0.232858  0.244348  0.393629  0.267817  0.574479  0.655553  0.244956  0.598205  0.262300  0.292910  0.489516  0.405853  0.338858  0.395178  0.502190  0.357748  0.930454  0.315607  0.330400  0.413614  0.638577  0.281982  0.753275  0.257046  0.361582  0.365350  0.325092  0.275354  0.489469  0.228193  0.452287  0.314140  0.398941  0.256406  0.387811  0.805946  0.445026 
1  0.317342 0.0  0.565518  0.357400  0.289804  0.430799  0.383425  0.432425  0.259324  0.729802  0.450575  0.320408  0.241368  0.508237  0.311488  0.517130  0.262477  0.430468  0.277761  0.892436  0.270990  0.851061  0.545421  0.382281  0.609408  0.373360  0.840394  0.385600  0.314907  0.829787  0.273425  0.519931  0.374873  0.363231  0.407261  0.557558  0.372497  0.263383  0.354338  0.569841  0.487322  0.359747  0.319696  0.360039  0.545679  0.346440  0.268550  0.341563  0.289550  0.449468  0.488686  0.517373  0.263665  0.322047  0.655754  0.358677  0.341999  0.237084  0.419492  0.368854  0.676104  0.727035  0.307519  0.377546  0.433662  0.319194  0.440182  0.608905  0.315431  0.504385  0.198239  0.337638  0.372286  0.379300  0.542454  0.427341  0.430565  0.319816  0.811552  0.335582  0.441937  0.277290  0.632039  0.372660  0.804622  0.274322  0.425609  0.301044  0.344124  0.223673  0.408608  0.319560  0.498851  0.333224  0.365243  0.386621  0.336153  0.782902  0.464964 
2  0.558860  0.565518 0.0  0.540629  0.577441  0.387363  0.547152  0.609072  0.372870  0.773227  0.507120  0.556780  0.468944  0.496809  0.533546  0.499620  0.570845  0.631099  0.482520  0.800909  0.559388  0.810871  0.324714  0.512331  0.730410  0.316431  0.731127  0.549011  0.618226  0.867788  0.548754  0.550024  0.437139  0.473914  0.602050  0.564692  0.541927  0.534363  0.503965  0.573930  0.463427  0.536956  0.553648  0.615921  0.488403  0.625733  0.527965  0.508294  0.454834  0.669034  0.337483  0.346428  0.588639  0.482213  0.727125  0.498110  0.576379  0.549069  0.453186  0.629793  0.232613  0.678395  0.492379  0.480938  0.552342  0.568176  0.437311  0.603280  0.488542  0.335934  0.504548  0.443081  0.446355  0.548929  0.517316  0.491684  0.293687  0.639516  0.916833  0.458935  0.483308  0.403443  0.636514  0.463108  0.851494  0.485725  0.364032  0.548195  0.516584  0.483885  0.537116  0.507307  0.397159  0.535458  0.664419  0.572372  0.637608  0.826190  0.479453 
3  0.333023  0.357400  0.540629 0.0  0.279268  0.416780  0.244524  0.249187  0.296544  0.790512  0.484538  0.234558  0.320403  0.503512  0.320232  0.476000  0.414625  0.458527  0.419760  0.838705  0.240872  0.825761  0.406722  0.301828  0.593437  0.382776  0.735492  0.430802  0.265768  0.802687  0.414258  0.491673  0.237718  0.308832  0.401670  0.550422  0.339722  0.371886  0.379140  0.532661  0.410191  0.395668  0.325152  0.367324  0.547915  0.338130  0.417510  0.311823  0.434984  0.350993  0.458525  0.608454  0.312123  0.356819  0.625606  0.404338  0.314210  0.355498  0.422155  0.387430  0.469868  0.697224  0.363958  0.467052  0.413995  0.310870  0.440669  0.589604  0.292285  0.573833  0.346201  0.148157  0.353724  0.306371  0.468842  0.550645  0.540025  0.215298  0.763018  0.348503  0.280210  0.310052  0.790184  0.240540  0.673860  0.354113  0.419695  0.303826  0.310189  0.340670  0.487812  0.322171  0.402643  0.285481  0.287062  0.282450  0.348457  0.752325  0.501839 
4  0.306651  0.289804  0.577441  0.279268 0.0  0.471572  0.279103  0.379895  0.384448  0.721915  0.496511  0.370250  0.317089  0.572814  0.301205  0.421269  0.312700  0.439676  0.325069  0.791938  0.354183  0.837683  0.539589  0.378801  0.617336  0.340914  0.714247  0.402712  0.267753  0.750865  0.337402  0.325513  0.313129  0.276711  0.306827  0.569468  0.288617  0.340054  0.251513  0.485064  0.447100  0.402439  0.275733  0.265446  0.605771  0.249571  0.336031  0.332509  0.346778  0.471118  0.506017  0.549552  0.326918  0.346966  0.602067  0.264345  0.356985  0.307249  0.432222  0.362029  0.494353  0.783608  0.282729  0.353654  0.287133  0.336605  0.490438  0.617469  0.400905  0.448299  0.355262  0.300732  0.401278  0.422957  0.453245  0.423073  0.438010  0.340196  0.838566  0.344996  0.374371  0.335190  0.709154  0.243153  0.690865  0.320528  0.445468  0.358887  0.337583  0.347412  0.478000  0.425136  0.450450  0.295061  0.374855  0.301639  0.353246  0.798566  0.559329 
5  0.373273  0.430799  0.387363  0.416780  0.471572 0.0  0.366504  0.359425  0.451234  0.833415  0.349453  0.326144  0.430203  0.376947  0.260345  0.429759  0.407205  0.409343  0.379921  0.734013  0.358837  0.800825  0.333470  0.302294  0.605189  0.126009  0.787296  0.349761  0.321726  0.673625  0.426599  0.454461  0.414269  0.358053  0.425556  0.596626  0.458250  0.370190  0.414514  0.325480  0.434762  0.370972  0.436762  0.441892  0.332019  0.410316  0.446785  0.392415  0.278017  0.375338  0.402265  0.457452  0.391562  0.487805  0.547566  0.420698  0.398782  0.379476  0.447224  0.396861  0.386679  0.745278  0.372055  0.256639  0.338252  0.446237  0.346482  0.523152  0.511725  0.359933  0.345405  0.355481  0.382773  0.365294  0.380585  0.446890  0.274424  0.437661  0.733862  0.364052  0.374204  0.500501  0.721150  0.515061  0.729375  0.391432  0.386103  0.338146  0.467322  0.395102  0.319271  0.323981  0.361664  0.354767  0.361219  0.416720  0.312646  0.727123  0.471942 
6  0.335553  0.383425  0.547152  0.244524  0.279103  0.366504 0.0  0.361041  0.311212  0.837505  0.423194  0.329790  0.370295  0.472365  0.353285  0.489035  0.289596  0.483619  0.324069  0.670592  0.269746  0.764086  0.498957  0.438772  0.555438  0.364137  0.866094  0.437371  0.364692  0.803757  0.235019  0.485792  0.310206  0.198379  0.382548  0.625550  0.328439  0.347467  0.394684  0.499558  0.448330  0.365517  0.213927  0.322839  0.587510  0.259987  0.284522  0.355940  0.334888  0.414791  0.537259  0.532839  0.316412  0.360849  0.565057  0.331729  0.362924  0.333800  0.368770  0.303255  0.459692  0.702393  0.362773  0.466796  0.442593  0.340171  0.560646  0.640718  0.389108  0.524087  0.348739  0.337754  0.441445  0.367421  0.441445  0.376688  0.502962  0.315116  0.764233  0.296961  0.392465  0.316879  0.707727  0.315226  0.779869  0.371234  0.416338  0.389395  0.264299  0.364460  0.414910  0.344457  0.543679  0.357548  0.194717  0.276823  0.326361  0.839192  0.566437 
7  0.326749  0.432425  0.609072  0.249187  0.379895  0.359425  0.361041 0.0  0.260873  0.735694  0.480637  0.224259  0.292054  0.563589  0.278570  0.486840  0.343463  0.541390  0.394484  0.814831  0.171540  0.811147  0.409441  0.349289  0.726224  0.377362  0.852270  0.333067  0.304778  0.690660  0.327576  0.416856  0.388631  0.395985  0.318393  0.638210  0.403202  0.313966  0.375923  0.519903  0.464025  0.378978  0.342812  0.293338  0.466231  0.377394  0.317644  0.356706  0.337600  0.404328  0.569559  0.619340  0.317675  0.352962  0.707648  0.349328  0.347215  0.223541  0.344008  0.306282  0.618320  0.716160  0.372294  0.410128  0.425354  0.293395  0.611320  0.589157  0.348526  0.540338  0.322972  0.340691  0.367712  0.435927  0.494656  0.461239  0.628102  0.325997  0.792992  0.354548  0.480950  0.432611  0.790694  0.310778  0.741740  0.266024  0.358979  0.219449  0.358124  0.266955  0.468484  0.316668  0.457995  0.303098  0.331182  0.274114  0.388753  0.786249  0.514350 
8  0.360868  0.259324  0.372870  0.296544  0.384448  0.451234  0.311212  0.260873 0.0  0.720004  0.448725  0.222300  0.324662  0.605653  0.301694  0.529002  0.302314  0.449719  0.393255  0.758123  0.289868  0.723613  0.582500  0.327362  0.635240  0.441370  0.806122  0.352772  0.298418  0.805056  0.317047  0.422541  0.266772  0.376441  0.414966  0.616463  0.332332  0.369803  0.367565  0.469809  0.417753  0.484575  0.427185  0.260723  0.526347  0.341866  0.339394  0.336967  0.323591  0.357219  0.563661  0.480524  0.243108  0.359884  0.651338  0.296538  0.364557  0.307737  0.325650  0.274426  0.399469  0.776982  0.242870  0.329224  0.354028  0.366094  0.589040  0.583386  0.326714  0.583970  0.340335  0.292426  0.456199  0.229646  0.591832  0.558843  0.529662  0.321621  0.779017  0.390202  0.379252  0.360327  0.554261  0.356721  0.738721  0.306308  0.416783  0.416595  0.380365  0.315327  0.442157  0.232401  0.428023  0.287873  0.391117  0.325813  0.351973  0.754436  0.553983 
9  0.861297  0.729802  0.773227  0.790512  0.721915  0.833415  0.837505  0.735694  0.720004 0.0  0.812967  0.827843  0.838276  0.793715  0.744099  0.741886  0.801192  0.757717  0.749376  0.683872  0.778847  0.825358  0.860168  0.819363  0.718616  0.789732  0.816380  0.838414  0.886699  0.696607  0.871154  0.765582  0.733367  0.753587  0.781794  0.764064  0.798025  0.728594  0.851238  0.794853  0.717771  0.745715  0.796829  0.785529  0.786011  0.778618  0.835447  0.794243  0.799827  0.779813  0.726502  0.834008  0.745777  0.766684  0.780701  0.897778  0.807120  0.825422  0.751140  0.789017  0.721977  0.513683  0.777146  0.710308  0.747512  0.764335  0.790491  0.763302  0.847046  0.789249  0.736464  0.796707  0.803142  0.768359  0.822898  0.778784  0.796130  0.795624  0.760944  0.793623  0.740540  0.734601  0.484781  0.842889  0.715651  0.867465  0.722595  0.800784  0.781646  0.780781  0.677297  0.752372  0.862887  0.812458  0.736432  0.787649  0.862206  0.762668  0.828084 
10  0.497657  0.450575  0.507120  0.484538  0.496511  0.349453  0.423194  0.480637  0.448725  0.812967 0.0  0.477872  0.408991  0.449273  0.619181  0.240327  0.562680  0.518894  0.531023  0.818699  0.571100  0.788310  0.465466  0.426390  0.550337  0.370082  0.794294  0.519555  0.477476  0.725521  0.399109  0.358160  0.463916  0.447349  0.383202  0.637906  0.396755  0.567678  0.503082  0.392433  0.530948  0.491882  0.468752  0.401617  0.284436  0.483239  0.516970  0.520740  0.445944  0.529818  0.414167  0.475004  0.501456  0.485457  0.548897  0.496013  0.394371  0.564364  0.419708  0.395574  0.389684  0.689553  0.460581  0.511780  0.397057  0.464195  0.525996  0.546364  0.492997  0.435339  0.381317  0.490131  0.443731  0.459316  0.299439  0.466908  0.554079  0.522571  0.841834  0.523921  0.395560  0.478643  0.703944  0.511953  0.929183  0.505004  0.436826  0.509720  0.553150  0.542767  0.576478  0.485721  0.329952  0.495931  0.512065  0.537287  0.486442  0.803290  0.358415 
11  0.305919  0.320408  0.556780  0.234558  0.370250  0.326144  0.329790  0.224259  0.222300  0.827843  0.477872 0.0  0.227396  0.545344  0.295470  0.490028  0.282968  0.347669  0.279609  0.813162  0.293616  0.792608  0.348686  0.322759  0.642739  0.378047  0.765005  0.356737  0.335035  0.769127  0.325773  0.551794  0.189625  0.337240  0.289054  0.637345  0.372919  0.279971  0.256341  0.536200  0.338252  0.427423  0.325103  0.237660  0.423766  0.327398  0.349542  0.381010  0.272019  0.473343  0.463212  0.552457  0.346195  0.307558  0.682666  0.332450  0.383123  0.312679  0.428039  0.283014  0.447649  0.715423  0.317324  0.498977  0.431857  0.318789  0.534734  0.564734  0.298101  0.513745  0.370338  0.378911  0.339767  0.296391  0.387512  0.378247  0.415778  0.311628  0.813630  0.341470  0.452665  0.303380  0.696082  0.332896  0.736141  0.329098  0.359151  0.320077  0.285914  0.298152  0.427170  0.302497  0.470137  0.291912  0.296599  0.304346  0.262390  0.757733  0.513838 
12  0.387134  0.241368  0.468944  0.320403  0.317089  0.430203  0.370295  0.292054  0.324662  0.838276  0.408991  0.227396 0.0  0.527337  0.274375  0.520838  0.200518  0.484102  0.221146  0.810375  0.402667  0.780883  0.487106  0.321506  0.614459  0.452182  0.830119  0.407724  0.312321  0.765992  0.303132  0.372978  0.359317  0.359649  0.281879  0.526551  0.399834  0.328292  0.411748  0.443211  0.465062  0.393749  0.297325  0.330252  0.586151  0.182705  0.283131  0.347719  0.302816  0.386814  0.484739  0.464806  0.298928  0.312555  0.672246  0.370926  0.270820  0.214362  0.546283  0.344731  0.513232  0.811863  0.345015  0.419351  0.361929  0.380647  0.531014  0.578276  0.281000  0.521567  0.267380  0.434577  0.526698  0.314114  0.524222  0.334240  0.482403  0.308248  0.817359  0.367061  0.458870  0.268721  0.816339  0.240985  0.764629  0.277430  0.374330  0.332432  0.257069  0.406645  0.435524  0.392192  0.480518  0.355150  0.293818  0.299791  0.468241  0.820034  0.549759 
13  0.462564  0.508237  0.496809  0.503512  0.572814  0.376947  0.472365  0.563589  0.605653  0.793715  0.449273  0.545344  0.527337 0.0  0.507226  0.524679  0.520422  0.584020  0.501561  0.751455  0.495138  0.770828  0.465242  0.493498  0.582562  0.442573  0.744207  0.574987  0.525665  0.762059  0.519795  0.469472  0.491446  0.571601  0.427106  0.572816  0.510031  0.579016  0.530531  0.587057  0.407162  0.563063  0.545457  0.533561  0.479298  0.526384  0.454082  0.481893  0.560771  0.523446  0.410851  0.439448  0.586414  0.477919  0.702094  0.544486  0.427461  0.404974  0.518763  0.573616  0.508246  0.715251  0.492395  0.516729  0.554529  0.451305  0.409195  0.548363  0.620314  0.480862  0.478523  0.557365  0.488707  0.542365  0.498154  0.561514  0.415701  0.512267  0.697873  0.506581  0.462002  0.484788  0.651334  0.550081  0.812894  0.516454  0.452601  0.464855  0.500493  0.541200  0.546219  0.484158  0.521511  0.552009  0.573494  0.489528  0.549554  0.728283  0.517038 
14  0.335587  0.311488  0.533546  0.320232  0.301205  0.260345  0.353285  0.278570  0.301694  0.744099  0.619181  0.295470  0.274375  0.507226 0.0  0.543114  0.434752  0.406440  0.322714  0.850203  0.274791  0.822916  0.600844  0.369248  0.597569  0.342075  0.796614  0.444264  0.377437  0.803277  0.329544  0.410277  0.303845  0.288837  0.405717  0.663557  0.347814  0.307646  0.297096  0.574309  0.449708  0.386706  0.405759  0.217147  0.577645  0.243140  0.335516  0.261709  0.331917  0.355643  0.580894  0.511179  0.368878  0.238865  0.645747  0.358884  0.333703  0.267090  0.469060  0.263570  0.437543  0.734474  0.320268  0.336409  0.358936  0.344048  0.451356  0.626029  0.330286  0.553033  0.347571  0.344258  0.411895  0.265628  0.493271  0.426830  0.530394  0.336615  0.802935  0.348093  0.504121  0.278825  0.704131  0.263409  0.769581  0.274387  0.424120  0.337086  0.355491  0.370034  0.396754  0.296321  0.447551  0.307391  0.269534  0.263538  0.414921  0.861291  0.603720 
15  0.412676  0.517130  0.499620  0.476000  0.421269  0.429759  0.489035  0.486840  0.529002  0.741886  0.240327  0.490028  0.520838  0.524679  0.543114 0.0  0.493977  0.531835  0.520050  0.767423  0.516816  0.815486  0.468562  0.486488  0.648106  0.435393  0.839790  0.399165  0.519670  0.769992  0.514685  0.524615  0.498289  0.495736  0.534595  0.520938  0.557576  0.590008  0.517322  0.415571  0.490801  0.529002  0.476370  0.543742  0.355944  0.471002  0.475063  0.520126  0.562940  0.436862  0.484567  0.486327  0.559006  0.471138  0.569724  0.523066  0.522916  0.469862  0.402216  0.473581  0.497093  0.685835  0.548012  0.488897  0.470465  0.451346  0.545186  0.614608  0.503604  0.521069  0.431916  0.534358  0.495934  0.561022  0.330066  0.525481  0.545634  0.551600  0.805442  0.496191  0.457128  0.557420  0.686202  0.469872  0.773570  0.451013  0.416991  0.522383  0.489661  0.578287  0.556485  0.570416  0.256744  0.558284  0.527146  0.505231  0.623896  0.762696  0.217325 
16  0.239787  0.262477  0.570845  0.414625  0.312700  0.407205  0.289596  0.343463  0.302314  0.801192  0.562680  0.282968  0.200518  0.520422  0.434752  0.493977 0.0  0.350708  0.321515  0.873970  0.320118  0.849400  0.518106  0.328024  0.727467  0.323191  0.796841  0.427881  0.325787  0.877354  0.317600  0.492752  0.323137  0.248565  0.297453  0.611365  0.383454  0.300817  0.375126  0.442342  0.346844  0.397988  0.211741  0.312475  0.509480  0.364330  0.357666  0.333768  0.341657  0.334757  0.537085  0.605003  0.241227  0.238285  0.595489  0.333312  0.349502  0.321123  0.401310  0.318172  0.477988  0.705359  0.443954  0.477751  0.347548  0.253351  0.579730  0.511441  0.377045  0.507171  0.397538  0.295199  0.555538  0.331526  0.523739  0.440834  0.472384  0.209924  0.688902  0.355037  0.391181  0.306380  0.727477  0.297471  0.769924  0.347464  0.400025  0.329180  0.397487  0.262311  0.403739  0.310177  0.524496  0.310856  0.223660  0.293527  0.335979  0.800287  0.432632 
17  0.456413  0.430468  0.631099  0.458527  0.439676  0.409343  0.483619  0.541390  0.449719  0.757717  0.518894  0.347669  0.484102  0.584020  0.406440  0.531835  0.350708 0.0  0.432553  0.846489  0.353642  0.781184  0.454972  0.461035  0.527491  0.328062  0.795926  0.420709  0.468861  0.759812  0.330677  0.353561  0.390240  0.386622  0.483303  0.604979  0.376063  0.442019  0.352028  0.512111  0.442645  0.369918  0.397895  0.392544  0.549987  0.452821  0.398096  0.380707  0.506165  0.435704  0.497230  0.576771  0.457949  0.440764  0.606947  0.431750  0.431680  0.440679  0.437346  0.431707  0.428197  0.607066  0.537719  0.401246  0.402894  0.345573  0.489858  0.583952  0.474305  0.514342  0.315073  0.506236  0.404315  0.399580  0.455693  0.380459  0.610395  0.395565  0.785440  0.380845  0.341739  0.514057  0.694168  0.460500  0.753155  0.400178  0.383469  0.453370  0.396771  0.459624  0.380507  0.398554  0.445536  0.462634  0.309215  0.503828  0.379775  0.784329  0.555454 
18  0.345961  0.277761  0.482520  0.419760  0.325069  0.379921  0.324069  0.394484  0.393255  0.749376  0.531023  0.279609  0.221146  0.501561  0.322714  0.520050  0.321515  0.432553 0.0  0.836971  0.277722  0.823497  0.604244  0.304939  0.518240  0.394135  0.685814  0.412906  0.314371  0.823149  0.322052  0.430209  0.281662  0.344754  0.331650  0.682748  0.254627  0.323408  0.249164  0.454334  0.402604  0.415159  0.395823  0.338881  0.439972  0.329475  0.316450  0.323391  0.341562  0.373671  0.495075  0.603673  0.281098  0.237658  0.629258  0.389378  0.263546  0.360158  0.489979  0.282223  0.581111  0.626874  0.332299  0.382274  0.413354  0.307116  0.585065  0.656018  0.391575  0.509779  0.453213  0.275622  0.395992  0.311738  0.402243  0.448357  0.568873  0.286975  0.759319  0.286906  0.475031  0.328227  0.706901  0.342358  0.800981  0.298001  0.403247  0.415777  0.312631  0.377556  0.522834  0.300361  0.455305  0.379904  0.284905  0.364702  0.380129  0.808615  0.546368 
19  0.860357  0.892436  0.800909  0.838705  0.791938  0.734013  0.670592  0.814831  0.758123  0.683872  0.818699  0.813162  0.810375  0.751455  0.850203  0.767423  0.873970  0.846489  0.836971 0.0  0.834001  0.675519  0.748944  0.758428  0.744931  0.740144  0.280672  0.770082  0.791535  0.239777  0.874929  0.767821  0.815141  0.783965  0.700903  0.708463  0.812844  0.762824  0.831813  0.844294  0.787424  0.807762  0.724455  0.765998  0.859016  0.847895  0.754955  0.665500  0.814664  0.747444  0.787429  0.761307  0.901578  0.750622  0.756000  0.768703  0.738749  0.819854  0.621567  0.825725  0.836364  0.714239  0.849405  0.715023  0.745903  0.787293  0.768743  0.726376  0.773424  0.769243  0.782138  0.811043  0.698524  0.755841  0.692874  0.845112  0.743880  0.825912  0.541797  0.751602  0.901708  0.838875  0.757639  0.838625  0.699597  0.861624  0.748184  0.883341  0.748768  0.821766  0.747112  0.874138  0.829516  0.798887  0.902415  0.831211  0.796574  0.381159  0.766315 
20  0.307023  0.270990  0.559388  0.240872  0.354183  0.358837  0.269746  0.171540  0.289868  0.778847  0.571100  0.293616  0.402667  0.495138  0.274791  0.516816  0.320118  0.353642  0.277722  0.834001 0.0  0.750980  0.402826  0.332410  0.661091  0.349948  0.773363  0.453109  0.319527  0.841000  0.268690  0.464567  0.465762  0.349242  0.367224  0.598639  0.359901  0.359895  0.305279  0.442155  0.300363  0.521758  0.375074  0.393055  0.447097  0.316887  0.332231  0.294647  0.308602  0.409379  0.448689  0.505478  0.360882  0.425616  0.663139  0.291585  0.288692  0.309911  0.441717  0.371944  0.550537  0.717270  0.375533  0.357614  0.431896  0.327569  0.474375  0.539437  0.295300  0.550211  0.287893  0.264300  0.470563  0.335871  0.499168  0.431511  0.502243  0.330577  0.778348  0.318972  0.406781  0.323044  0.814815  0.383889  0.776175  0.428185  0.304692  0.341694  0.414122  0.226128  0.403380  0.227670  0.484585  0.237935  0.240992  0.302458  0.377743  0.713733  0.616448 
21  0.748073  0.851061  0.810871  0.825761  0.837683  0.800825  0.764086  0.811147  0.723613  0.825358  0.788310  0.792608  0.780883  0.770828  0.822916  0.815486  0.849400  0.781184  0.823497  0.675519  0.750980 0.0  0.887886  0.757415  0.811756  0.731985  0.650869  0.763100  0.781709  0.612477  0.793939  0.800415  0.834283  0.773840  0.799593  0.792699  0.781445  0.868956  0.693365  0.786230  0.799600  0.789866  0.742981  0.719646  0.834088  0.759047  0.762176  0.764966  0.775159  0.779326  0.788209  0.839613  0.878117  0.827498  0.844369  0.752171  0.828059  0.849408  0.782312  0.837411  0.783723  0.708380  0.816192  0.801016  0.820993  0.771919  0.774052  0.767196  0.920234  0.819300  0.892885  0.764431  0.814801  0.699275  0.839245  0.670080  0.820400  0.910501  0.581433  0.833619  0.767184  0.773304  0.596514  0.779756  0.362646  0.785837  0.738352  0.818498  0.832446  0.870509  0.754359  0.745657  0.848964  0.826734  0.787652  0.798469  0.759758  0.583355  0.693426 
22  0.540735  0.545421  0.324714  0.406722  0.539589  0.333470  0.498957  0.409441  0.582500  0.860168  0.465466  0.348686  0.487106  0.465242  0.600844  0.468562  0.518106  0.454972  0.604244  0.748944  0.402826  0.887886 0.0  0.456580  0.646569  0.399720  0.799197  0.526921  0.456202  0.831181  0.364710  0.481400  0.495403  0.485602  0.428608  0.640745  0.495685  0.408575  0.570573  0.570285  0.496948  0.472097  0.548284  0.515678  0.424602  0.494609  0.440846  0.451425  0.466244  0.416749  0.387380  0.466322  0.535696  0.580071  0.559652  0.556640  0.444090  0.570559  0.458860  0.592610  0.368997  0.665569  0.479283  0.502683  0.500044  0.420541  0.430106  0.674831  0.608656  0.395480  0.502536  0.546337  0.513186  0.411912  0.428421  0.530271  0.389225  0.599616  0.826958  0.500126  0.568643  0.474376  0.694011  0.508090  0.816297  0.554361  0.345998  0.567603  0.582817  0.547604  0.492098  0.515872  0.398761  0.510479  0.516157  0.463621  0.543766  0.726053  0.540642 
23  0.399367  0.382281  0.512331  0.301828  0.378801  0.302294  0.438772  0.349289  0.327362  0.819363  0.426390  0.322759  0.321506  0.493498  0.369248  0.486488  0.328024  0.461035  0.304939  0.758428  0.332410  0.757415  0.456580 0.0  0.676675  0.308273  0.797703  0.443837  0.284862  0.751850  0.341323  0.382693  0.335652  0.342223  0.348915  0.630479  0.369295  0.201083  0.246016  0.427192  0.514279  0.358769  0.289035  0.322690  0.470223  0.397862  0.398770  0.304698  0.352339  0.365378  0.539494  0.591087  0.341714  0.333713  0.723471  0.227220  0.326003  0.386620  0.417557  0.276476  0.509356  0.668782  0.333176  0.449432  0.320317  0.327003  0.553444  0.575153  0.328983  0.534964  0.361854  0.298169  0.455820  0.353758  0.517969  0.461010  0.531350  0.333206  0.745659  0.378430  0.409588  0.288066  0.762024  0.322741  0.758030  0.401082  0.386558  0.260055  0.327795  0.327667  0.394972  0.395177  0.544596  0.238210  0.320507  0.260714  0.353774  0.741887  0.476790 
24  0.652771  0.609408  0.730410  0.593437  0.617336  0.605189  0.555438  0.726224  0.635240  0.718616  0.550337  0.642739  0.614459  0.582562  0.597569  0.648106  0.727467  0.527491  0.518240  0.744931  0.661091  0.811756  0.646569  0.676675 0.0  0.524023  0.812102  0.633948  0.668146  0.871653  0.556238  0.710602  0.637453  0.524302  0.645395  0.639505  0.584570  0.663208  0.615730  0.646593  0.646452  0.633038  0.671909  0.634760  0.656203  0.575853  0.608339  0.614817  0.637028  0.657174  0.661463  0.664083  0.668892  0.454532  0.440078  0.676380  0.552475  0.606371  0.582960  0.679571  0.676711  0.734471  0.611028  0.547073  0.663252  0.615750  0.670948  0.489108  0.692512  0.635194  0.711075  0.577593  0.611492  0.619847  0.587823  0.614279  0.545553  0.653026  0.798323  0.683287  0.706622  0.570980  0.702162  0.514524  0.769488  0.566355  0.622345  0.698720  0.670771  0.730970  0.574722  0.545671  0.559354  0.557332  0.621478  0.589523  0.544530  0.829394  0.578730 
25  0.427311  0.373360  0.316431  0.382776  0.340914  0.126009  0.364137  0.377362  0.441370  0.789732  0.370082  0.378047  0.452182  0.442573  0.342075  0.435393  0.323191  0.328062  0.394135  0.740144  0.349948  0.731985  0.399720  0.308273  0.524023 0.0  0.767766  0.457492  0.353185  0.725953  0.344352  0.398434  0.420730  0.367107  0.393006  0.554305  0.409242  0.318895  0.366808  0.447004  0.357543  0.421330  0.443600  0.339460  0.391314  0.329023  0.504204  0.404907  0.292062  0.380584  0.383560  0.425189  0.335509  0.349512  0.594207  0.348093  0.335971  0.395049  0.356626  0.404325  0.445201  0.613193  0.406259  0.358491  0.349412  0.448644  0.467598  0.461648  0.435560  0.442715  0.386098  0.445512  0.456097  0.454008  0.408969  0.421657  0.332983  0.399420  0.756453  0.329589  0.416259  0.483844  0.714431  0.407587  0.712461  0.418427  0.447722  0.322436  0.400846  0.383378  0.354078  0.378632  0.426604  0.337039  0.449972  0.378036  0.466469  0.843703  0.369204 
26  0.754982  0.840394  0.731127  0.735492  0.714247  0.787296  0.866094  0.852270  0.806122  0.816380  0.794294  0.765005  0.830119  0.744207  0.796614  0.839790  0.796841  0.795926  0.685814  0.280672  0.773363  0.650869  0.799197  0.797703  0.812102  0.767766 0.0  0.765671  0.699891  0.350050  0.862360  0.754353  0.812925  0.825738  0.835563  0.753832  0.837738  0.714235  0.878732  0.815552  0.774913  0.772514  0.844000  0.794862  0.867135  0.920414  0.793496  0.704724  0.788377  0.837283  0.823673  0.778710  0.744957  0.726580  0.753948  0.760604  0.774408  0.753573  0.748335  0.860818  0.853936  0.754947  0.774532  0.757877  0.854067  0.760567  0.767858  0.792232  0.748224  0.860319  0.877606  0.870382  0.761242  0.843575  0.754634  0.784040  0.818524  0.713902  0.466552  0.743997  0.773537  0.784869  0.571760  0.846280  0.704107  0.860856  0.756367  0.682165  0.825896  0.739275  0.778006  0.766127  0.783845  0.835332  0.743487  0.844421  0.897109  0.351905  0.800492 
27  0.400357  0.385600  0.549011  0.430802  0.402712  0.349761  0.437371  0.333067  0.352772  0.838414  0.519555  0.356737  0.407724  0.574987  0.444264  0.399165  0.427881  0.420709  0.412906  0.770082  0.453109  0.763100  0.526921  0.443837  0.633948  0.457492  0.765671 0.0  0.392376  0.823575  0.450431  0.431432  0.527452  0.416241  0.449522  0.603046  0.438591  0.453991  0.506825  0.522121  0.420362  0.328306  0.438153  0.452807  0.542260  0.489538  0.394907  0.383411  0.366212  0.415611  0.462465  0.347312  0.451064  0.287471  0.531420  0.454373  0.362610  0.324142  0.489128  0.421783  0.464088  0.727063  0.510907  0.366453  0.323032  0.415052  0.521700  0.578526  0.403414  0.506094  0.453549  0.474887  0.341223  0.360529  0.511351  0.497024  0.446517  0.413653  0.846413  0.420905  0.419096  0.493071  0.782570  0.447269  0.913598  0.365568  0.357232  0.402235  0.371202  0.409679  0.425759  0.439716  0.519512  0.452505  0.434094  0.437814  0.293669  0.757277  0.563581 
28  0.263702  0.314907  0.618226  0.265768  0.267753  0.321726  0.364692  0.304778  0.298418  0.886699  0.477476  0.335035  0.312321  0.525665  0.377437  0.519670  0.325787  0.468861  0.314371  0.791535  0.319527  0.781709  0.456202  0.284862  0.668146  0.353185  0.699891  0.392376 0.0  0.755533  0.238633  0.443752  0.353107  0.326551  0.279893  0.719661  0.294888  0.297616  0.289015  0.551077  0.381038  0.421702  0.285906  0.286590  0.440859  0.281227  0.264348  0.245489  0.363890  0.409149  0.463324  0.521841  0.299482  0.343176  0.478108  0.282750  0.387158  0.401112  0.381356  0.371626  0.462198  0.719148  0.261937  0.323384  0.388155  0.312620  0.561944  0.631812  0.205609  0.530345  0.275024  0.197866  0.445131  0.341547  0.453336  0.377251  0.467456  0.296601  0.851932  0.267278  0.346309  0.283174  0.727532  0.292555  0.827014  0.258175  0.483882  0.354749  0.329790  0.313790  0.405866  0.367704  0.517920  0.382113  0.274851  0.264533  0.396161  0.839889  0.426384 
29  0.808276  0.829787  0.867788  0.802687  0.750865  0.673625  0.803757  0.690660  0.805056  0.696607  0.725521  0.769127  0.765992  0.762059  0.803277  0.769992  0.877354  0.759812  0.823149  0.239777  0.841000  0.612477  0.831181  0.751850  0.871653  0.725953  0.350050  0.823575  0.755533 0.0  0.745803  0.802163  0.731174  0.814776  0.752620  0.846563  0.736550  0.897424  0.843954  0.811764  0.856540  0.701377  0.798850  0.774252  0.810857  0.884187  0.873707  0.718948  0.864803  0.756597  0.830776  0.748607  0.824922  0.860759  0.744422  0.721373  0.823757  0.805207  0.810877  0.932888  0.834736  0.633667  0.862524  0.871313  0.791215  0.784628  0.725090  0.655354  0.780176  0.795594  0.919982  0.800394  0.777623  0.764015  0.844434  0.777683  0.899087  0.804968  0.491486  0.769454  0.803931  0.804434  0.621204  0.839907  0.658762  0.838605  0.742937  0.884077  0.769075  0.765534  0.775320  0.894149  0.766186  0.802678  0.867496  0.816527  0.840824  0.264309  0.871400 
30  0.279298  0.273425  0.548754  0.414258  0.337402  0.426599  0.235019  0.327576  0.317047  0.871154  0.399109  0.325773  0.303132  0.519795  0.329544  0.514685  0.317600  0.330677  0.322052  0.874929  0.268690  0.793939  0.364710  0.341323  0.556238  0.344352  0.862360  0.450431  0.238633  0.745803 0.0  0.359450  0.316273  0.363471  0.290301  0.604661  0.394282  0.405174  0.353391  0.438606  0.365976  0.432693  0.332738  0.218986  0.517626  0.320446  0.292408  0.355980  0.349965  0.457398  0.485812  0.510622  0.290667  0.272351  0.595559  0.337742  0.301786  0.351346  0.381819  0.336125  0.584315  0.739672  0.261768  0.476747  0.338585  0.403592  0.484154  0.572416  0.168445  0.479662  0.377637  0.361984  0.393064  0.281002  0.399141  0.423036  0.464710  0.349588  0.920116  0.303903  0.393736  0.206231  0.803934  0.318613  0.802706  0.237373  0.376994  0.228813  0.267579  0.341535  0.470843  0.323961  0.554062  0.282692  0.360131  0.304418  0.341740  0.700641  0.526182 
31  0.408659  0.519931  0.550024  0.491673  0.325513  0.454461  0.485792  0.416856  0.422541  0.765582  0.358160  0.551794  0.372978  0.469472  0.410277  0.524615  0.492752  0.353561  0.430209  0.767821  0.464567  0.800415  0.481400  0.382693  0.710602  0.398434  0.754353  0.431432  0.443752  0.802163  0.359450 0.0  0.305272  0.425422  0.454955  0.616222  0.375646  0.370527  0.339871  0.514820  0.192189  0.417995  0.381815  0.363967  0.460050  0.457271  0.390345  0.452669  0.418479  0.367409  0.449409  0.487196  0.531392  0.400843  0.591654  0.345926  0.477600  0.356811  0.461519  0.475029  0.513826  0.765692  0.461256  0.319342  0.466595  0.406607  0.534395  0.602038  0.435060  0.490896  0.386924  0.445861  0.491202  0.537363  0.431949  0.424031  0.494316  0.363568  0.865033  0.473000  0.415486  0.375489  0.664220  0.319694  0.765751  0.410275  0.324917  0.461943  0.441937  0.306672  0.341151  0.410265  0.616095  0.410458  0.416279  0.362627  0.340300  0.854202  0.469687 
32  0.317358  0.374873  0.437139  0.237718  0.313129  0.414269  0.310206  0.388631  0.266772  0.733367  0.463916  0.189625  0.359317  0.491446  0.303845  0.498289  0.323137  0.390240  0.281662  0.815141  0.465762  0.834283  0.495403  0.335652  0.637453  0.420730  0.812925  0.527452  0.353107  0.731174  0.316273  0.305272 0.0  0.209735  0.336174  0.577558  0.377833  0.291476  0.364664  0.411106  0.276300  0.409551  0.389863  0.374952  0.552734  0.301088  0.286350  0.228351  0.343739  0.402765  0.531217  0.516388  0.364816  0.345428  0.548405  0.468874  0.301064  0.300499  0.443667  0.404368  0.458013  0.659032  0.307949  0.427224  0.422440  0.372223  0.479724  0.584595  0.323717  0.440663  0.373733  0.258408  0.337277  0.249782  0.562700  0.331723  0.508119  0.258641  0.740127  0.395825  0.367811  0.268165  0.744527  0.390735  0.755686  0.333226  0.437420  0.364815  0.347912  0.371487  0.506098  0.315741  0.443877  0.408952  0.324691  0.234436  0.249815  0.743382  0.572149 
33  0.315357  0.363231  0.473914  0.308832  0.276711  0.358053  0.198379  0.395985  0.376441  0.753587  0.447349  0.337240  0.359649  0.571601  0.288837  0.495736  0.248565  0.386622  0.344754  0.783965  0.349242  0.773840  0.485602  0.342223  0.524302  0.367107  0.825738  0.416241  0.326551  0.814776  0.363471  0.425422  0.209735 0.0  0.256921  0.637023  0.330758  0.292575  0.383828  0.461977  0.361558  0.380169  0.231800  0.336103  0.480095  0.314593  0.330212  0.372889  0.250947  0.438972  0.627872  0.569962  0.353593  0.336060  0.605057  0.273574  0.242461  0.365060  0.457456  0.347269  0.512582  0.784432  0.412965  0.407189  0.387353  0.276298  0.495872  0.616263  0.372476  0.469491  0.255760  0.337947  0.347757  0.242654  0.568863  0.395393  0.511853  0.287536  0.726981  0.262761  0.464856  0.273785  0.680962  0.280858  0.861047  0.336423  0.326246  0.424713  0.298308  0.429822  0.308219  0.310940  0.476775  0.250366  0.274209  0.332786  0.386754  0.751235  0.635265 
34  0.395318  0.407261  0.602050  0.401670  0.306827  0.425556  0.382548  0.318393  0.414966  0.781794  0.383202  0.289054  0.281879  0.427106  0.405717  0.534595  0.297453  0.483303  0.331650  0.700903  0.367224  0.799593  0.428608  0.348915  0.645395  0.393006  0.835563  0.449522  0.279893  0.752620  0.290301  0.454955  0.336174  0.256921 0.0  0.681666  0.290199  0.411241  0.333764  0.533437  0.411042  0.394177  0.375108  0.307034  0.540913  0.306898  0.351401  0.262739  0.306469  0.393110  0.486193  0.580984  0.393995  0.344944  0.603675  0.275960  0.365730  0.331009  0.326016  0.137868  0.547894  0.757124  0.363891  0.387832  0.451758  0.425462  0.544878  0.576798  0.241668  0.474858  0.353705  0.323343  0.413173  0.374105  0.526099  0.454432  0.560843  0.349464  0.853487  0.352079  0.394064  0.355456  0.574259  0.306820  0.891058  0.395757  0.400167  0.409062  0.324373  0.300021  0.534036  0.335863  0.485474  0.360828  0.328458  0.394612  0.291295  0.729885  0.561104 
35  0.627048  0.557558  0.564692  0.550422  0.569468  0.596626  0.625550  0.638210  0.616463  0.764064  0.637906  0.637345  0.526551  0.572816  0.663557  0.520938  0.611365  0.604979  0.682748  0.708463  0.598639  0.792699  0.640745  0.630479  0.639505  0.554305  0.753832  0.603046  0.719661  0.846563  0.604661  0.616222  0.577558  0.637023  0.681666 0.0  0.635633  0.578877  0.606911  0.607851  0.649461  0.677989  0.644295  0.537155  0.548180  0.573157  0.640445  0.499379  0.534147  0.632944  0.724415  0.584870  0.696165  0.568960  0.529697  0.534702  0.592713  0.595333  0.618407  0.508518  0.603076  0.748475  0.660514  0.649620  0.573468  0.681803  0.553677  0.529133  0.554569  0.651367  0.618535  0.615873  0.624844  0.634823  0.682079  0.570209  0.658944  0.639681  0.799857  0.638126  0.701837  0.592329  0.650605  0.649966  0.657754  0.651187  0.580342  0.646262  0.653306  0.589559  0.656500  0.621461  0.611842  0.690026  0.599350  0.543022  0.662332  0.783281  0.628954 
36  0.341771  0.372497  0.541927  0.339722  0.288617  0.458250  0.328439  0.403202  0.332332  0.798025  0.396755  0.372919  0.399834  0.510031  0.347814  0.557576  0.383454  0.376063  0.254627  0.812844  0.359901  0.781445  0.495685  0.369295  0.584570  0.409242  0.837738  0.438591  0.294888  0.736550  0.394282  0.375646  0.377833  0.330758  0.290199  0.635633 0.0  0.363505  0.380479  0.480027  0.461262  0.435925  0.312126  0.251582  0.552385  0.310020  0.294839  0.238267  0.330726  0.434213  0.463849  0.586651  0.258581  0.245854  0.580767  0.305786  0.394762  0.354013  0.427573  0.401118  0.567795  0.606313  0.419753  0.489689  0.482511  0.384667  0.471693  0.596075  0.304096  0.498119  0.292849  0.289773  0.443462  0.388299  0.511212  0.419177  0.476842  0.252222  0.728572  0.299756  0.432977  0.327497  0.635753  0.323819  0.798935  0.302246  0.428522  0.359252  0.343723  0.304574  0.360159  0.286854  0.424261  0.380192  0.321773  0.323409  0.220968  0.822909  0.505609 
37  0.326321  0.263383  0.534363  0.371886  0.340054  0.370190  0.347467  0.313966  0.369803  0.728594  0.567678  0.279971  0.328292  0.579016  0.307646  0.590008  0.300817  0.442019  0.323408  0.762824  0.359895  0.868956  0.408575  0.201083  0.663208  0.318895  0.714235  0.453991  0.297616  0.897424  0.405174  0.370527  0.291476  0.292575  0.411241  0.578877  0.363505 0.0  0.308011  0.512350  0.407107  0.351277  0.287215  0.368764  0.421168  0.377844  0.277600  0.340763  0.413525  0.442451  0.551659  0.487881  0.333212  0.407080  0.656895  0.324599  0.306772  0.238254  0.392677  0.339670  0.599683  0.584474  0.386674  0.367493  0.392439  0.358940  0.543691  0.555473  0.236517  0.499844  0.348457  0.395829  0.444956  0.333956  0.434180  0.441915  0.494204  0.232949  0.731817  0.260806  0.473246  0.299096  0.777921  0.424648  0.732043  0.239659  0.366508  0.409214  0.263497  0.321137  0.412331  0.435464  0.428653  0.278248  0.320961  0.333440  0.282544  0.750802  0.512756 
38  0.314386  0.354338  0.503965  0.379140  0.251513  0.414514  0.394684  0.375923  0.367565  0.851238  0.503082  0.256341  0.411748  0.530531  0.297096  0.517322  0.375126  0.352028  0.249164  0.831813  0.305279  0.693365  0.570573  0.246016  0.615730  0.366808  0.878732  0.506825  0.289015  0.843954  0.353391  0.339871  0.364664  0.383828  0.333764  0.606911  0.380479  0.308011 0.0  0.552336  0.387798  0.391492  0.300696  0.350651  0.539602  0.248364  0.297146  0.335514  0.352591  0.250377  0.474202  0.581121  0.278303  0.471796  0.572465  0.283805  0.373448  0.346445  0.404513  0.341108  0.424105  0.739859  0.284797  0.381063  0.358331  0.310364  0.617702  0.529573  0.357494  0.604134  0.369431  0.384822  0.364611  0.389521  0.501705  0.450816  0.453033  0.415580  0.758501  0.377167  0.500842  0.415037  0.641414  0.338880  0.645917  0.273884  0.384775  0.376250  0.356589  0.400989  0.422644  0.307813  0.604688  0.280751  0.340278  0.405885  0.326084  0.856371  0.512702 
39  0.485008  0.569841  0.573930  0.532661  0.485064  0.325480  0.499558  0.519903  0.469809  0.794853  0.392433  0.536200  0.443211  0.587057  0.574309  0.415571  0.442342  0.512111  0.454334  0.844294  0.442155  0.786230  0.570285  0.427192  0.646593  0.447004  0.815552  0.522121  0.551077  0.811764  0.438606  0.514820  0.411106  0.461977  0.533437  0.607851  0.480027  0.512350  0.552336 0.0  0.472283  0.464348  0.456933  0.396457  0.443117  0.539814  0.492322  0.377973  0.450719  0.557006  0.500077  0.557115  0.560774  0.491648  0.622262  0.401436  0.541636  0.570691  0.552629  0.493055  0.562674  0.636528  0.404006  0.578867  0.483397  0.555427  0.512528  0.627707  0.554429  0.540098  0.484834  0.455497  0.502922  0.496823  0.410341  0.543844  0.564591  0.497113  0.749839  0.440050  0.451987  0.548136  0.784087  0.439745  0.813636  0.510298  0.463946  0.532524  0.569560  0.496737  0.487529  0.496076  0.488632  0.450548  0.469060  0.522592  0.363023  0.817117  0.442448 
