99
0 0.0  0.306976  0.378597  0.757683  0.325927  0.358009  0.444067  0.344862  0.476532  0.362052  0.349550  0.235404  0.259217  0.232383  0.400770  0.267592  0.315398  0.368786  0.291578  0.207346  0.699772  0.519482  0.162965  0.453819  0.575177  0.555366  0.447886  0.501837  0.592148  0.408598  0.506026  0.674277  0.353194  0.454176  0.533941  0.364650  0.320020  0.505762  0.504693  0.681015  0.343387  0.375374  0.561019  0.842108  0.285306  0.655077  0.333160  0.672807  0.596376  0.258429  0.569908  0.270096  0.901156  0.298405  0.365417  0.339341  0.376946  0.311139  0.887260  0.783056  0.507620  0.437835  0.676849  0.357593  0.778136  0.264710  0.345102  0.727788  0.417621  0.700923  0.428534  0.380782  0.671819  0.409248  0.314935  0.381584  0.601129  0.290630  0.328238  0.510436  0.840480  0.514240  0.498774  0.300698  0.566314  0.502513  0.330981  0.357387  0.477440  0.859007  0.597052  0.809789  0.213086  0.535345  0.359696  0.272003  0.487368  0.176087  0.504280 
1  0.306976 0.0  0.330210  0.728424  0.313821  0.345578  0.471545  0.289994  0.566055  0.279758  0.391453  0.248851  0.340801  0.378993  0.337648  0.336359  0.363849  0.314232  0.339988  0.270619  0.703335  0.515789  0.345037  0.492866  0.533902  0.504256  0.371292  0.491581  0.583397  0.471507  0.514348  0.459219  0.226417  0.524633  0.442219  0.378220  0.304771  0.438971  0.599629  0.637660  0.343555  0.395363  0.561181  0.836519  0.376132  0.656782  0.387457  0.604854  0.529353  0.415865  0.539653  0.350446  0.789322  0.253702  0.320408  0.251415  0.321998  0.305543  0.788665  0.681764  0.544923  0.524329  0.678600  0.251201  0.729636  0.250866  0.447406  0.821558  0.357841  0.747928  0.416954  0.386356  0.644086  0.342097  0.355142  0.298667  0.546705  0.382123  0.318134  0.552313  0.805228  0.493296  0.522957  0.231913  0.500985  0.405601  0.309826  0.402346  0.598594  0.776104  0.419849  0.770351  0.336940  0.481271  0.235806  0.338140  0.410481  0.235147  0.417561 
2  0.378597  0.330210 0.0  0.790337  0.371366  0.364371  0.348283  0.500256  0.589328  0.273026  0.312691  0.348732  0.353946  0.348747  0.406548  0.252868  0.278109  0.282016  0.453106  0.304993  0.763538  0.517212  0.374112  0.529075  0.531067  0.593358  0.421029  0.578370  0.527553  0.472550  0.536693  0.503168  0.374568  0.534041  0.416436  0.324448  0.294278  0.482675  0.651197  0.756463  0.268282  0.403963  0.616847  0.764035  0.338434  0.703194  0.370913  0.700412  0.477931  0.339594  0.571779  0.365246  0.796275  0.399866  0.408698  0.371008  0.318438  0.422461  0.782895  0.761691  0.527387  0.535875  0.693180  0.303476  0.776682  0.307710  0.384836  0.797116  0.323159  0.734248  0.454866  0.401040  0.661872  0.307048  0.300138  0.361177  0.569737  0.366824  0.303078  0.515162  0.846237  0.469054  0.538253  0.311179  0.495263  0.423157  0.399030  0.332175  0.560559  0.742388  0.412764  0.919767  0.388874  0.562295  0.292396  0.314723  0.492058  0.364264  0.453360 
3  0.757683  0.728424  0.790337 0.0  0.716224  0.759333  0.835658  0.856732  0.744116  0.855711  0.759789  0.756803  0.855794  0.798252  0.789283  0.850183  0.906165  0.804351  0.765407  0.820745  0.681892  0.756228  0.752778  0.767326  0.739611  0.751343  0.711477  0.832395  0.799643  0.749012  0.856782  0.716463  0.714998  0.785984  0.834971  0.739109  0.874031  0.891459  0.875529  0.748480  0.803518  0.811379  0.817452  0.564899  0.839198  0.823474  0.712767  0.835815  0.840144  0.809309  0.848123  0.809640  0.599725  0.667010  0.835917  0.800261  0.797273  0.897192  0.441533  0.782685  0.737536  0.817655  0.846293  0.730842  0.370900  0.691381  0.809008  0.560144  0.729637  0.264619  0.769635  0.834015  0.676392  0.808274  0.765318  0.725478  0.803743  0.872303  0.758513  0.704707  0.611948  0.803855  0.764806  0.770717  0.793524  0.706376  0.760018  0.782017  0.701694  0.478415  0.770727  0.676851  0.751384  0.774520  0.813933  0.716982  0.720182  0.853680  0.805619 
4  0.325927  0.313821  0.371366  0.716224 0.0  0.347110  0.423371  0.410431  0.462567  0.429467  0.202621  0.264660  0.296205  0.348712  0.336809  0.362087  0.472193  0.296349  0.374266  0.326852  0.655496  0.521431  0.276587  0.436834  0.562422  0.475388  0.419400  0.492291  0.620034  0.471303  0.470071  0.505144  0.355552  0.521191  0.446664  0.377771  0.205994  0.579016  0.538798  0.673277  0.383855  0.451792  0.590427  0.836559  0.363433  0.608193  0.296055  0.668767  0.613932  0.308958  0.442273  0.317615  0.754015  0.406574  0.302801  0.272364  0.404689  0.384796  0.739936  0.768033  0.598430  0.575771  0.713755  0.283263  0.698240  0.264249  0.439631  0.793003  0.319926  0.864809  0.340627  0.367648  0.582079  0.387100  0.384697  0.333653  0.485535  0.461580  0.355521  0.408802  0.673174  0.515878  0.452323  0.291201  0.479184  0.450699  0.289480  0.341775  0.586043  0.813390  0.509191  0.827245  0.389465  0.565405  0.386978  0.395869  0.548186  0.416996  0.451338 
5  0.358009  0.345578  0.364371  0.759333  0.347110 0.0  0.451635  0.492385  0.630763  0.241924  0.383856  0.269872  0.348804  0.362368  0.357072  0.294354  0.292673  0.301518  0.356292  0.301497  0.771312  0.615347  0.243785  0.592987  0.630350  0.557532  0.354373  0.547371  0.549715  0.601064  0.505574  0.532014  0.302412  0.530593  0.488493  0.299388  0.235232  0.531181  0.522438  0.621086  0.310685  0.413468  0.669090  0.782581  0.249219  0.747448  0.462065  0.606381  0.599583  0.281058  0.557650  0.250883  0.849866  0.347446  0.348991  0.376385  0.280876  0.239009  0.713139  0.739782  0.512704  0.485805  0.763532  0.427295  0.826004  0.365179  0.350511  0.815127  0.334429  0.791410  0.416973  0.217589  0.697361  0.294621  0.321550  0.247409  0.594506  0.362377  0.276567  0.498879  0.813338  0.481494  0.513100  0.357900  0.561808  0.583295  0.347291  0.316618  0.549142  0.760072  0.535006  0.869084  0.336938  0.544025  0.354963  0.280239  0.497822  0.329677  0.555326 
6  0.444067  0.471545  0.348283  0.835658  0.423371  0.451635 0.0  0.400591  0.540156  0.419559  0.369850  0.461948  0.383079  0.455378  0.392377  0.320763  0.441609  0.327535  0.427651  0.369569  0.805770  0.604612  0.507464  0.597055  0.574166  0.521127  0.378533  0.519391  0.559899  0.509847  0.540798  0.450568  0.399872  0.586068  0.459579  0.301912  0.415442  0.517922  0.455479  0.609462  0.472563  0.429392  0.657146  0.875368  0.549982  0.714992  0.563121  0.716173  0.547301  0.413473  0.527691  0.464337  0.776005  0.445416  0.420822  0.508600  0.432997  0.422614  0.788218  0.681814  0.500437  0.528034  0.601069  0.489825  0.867262  0.443221  0.403985  0.812306  0.424261  0.911741  0.502724  0.381432  0.556424  0.431452  0.436689  0.401814  0.548134  0.505047  0.447768  0.566063  0.800408  0.516735  0.515852  0.416355  0.565203  0.520866  0.467009  0.442811  0.506121  0.863055  0.433626  0.786779  0.428358  0.563584  0.430061  0.474959  0.558543  0.484796  0.424734 
7  0.344862  0.289994  0.500256  0.856732  0.410431  0.492385  0.400591 0.0  0.356449  0.309903  0.340977  0.408108  0.305195  0.314256  0.338436  0.428265  0.406079  0.495960  0.288057  0.479044  0.763502  0.465157  0.363345  0.404593  0.427355  0.426547  0.545995  0.463414  0.400231  0.376492  0.370173  0.419392  0.500450  0.405500  0.393994  0.342594  0.467359  0.412079  0.315669  0.538387  0.325957  0.427466  0.559449  0.739150  0.449637  0.570839  0.408955  0.464853  0.403008  0.464875  0.351737  0.499168  0.769551  0.344971  0.446220  0.407341  0.400368  0.429567  0.803622  0.709199  0.378437  0.406977  0.532504  0.287924  0.809883  0.391051  0.355736  0.636325  0.447913  0.782143  0.344034  0.393200  0.615805  0.489056  0.461646  0.426294  0.373187  0.348570  0.359729  0.457319  0.759757  0.369440  0.353060  0.403820  0.365420  0.391771  0.410852  0.511620  0.378144  0.720814  0.462459  0.845253  0.382587  0.535808  0.350945  0.405545  0.437371  0.419917  0.404980 
8  0.476532  0.566055  0.589328  0.744116  0.462567  0.630763  0.540156  0.356449 0.0  0.521743  0.567542  0.467590  0.496585  0.471971  0.476104  0.403372  0.542004  0.562794  0.570204  0.454154  0.813528  0.363438  0.637251  0.390137  0.379448  0.509807  0.476901  0.558541  0.451637  0.537282  0.250705  0.534268  0.560682  0.346174  0.547705  0.507575  0.546064  0.507488  0.299226  0.671009  0.531233  0.484741  0.587946  0.895918  0.430071  0.627718  0.510148  0.680918  0.388630  0.472572  0.466809  0.531335  0.772224  0.509918  0.546183  0.497299  0.530540  0.433204  0.764582  0.577435  0.483374  0.557181  0.681732  0.527162  0.789245  0.571703  0.447458  0.749539  0.528421  0.820685  0.517441  0.539761  0.692569  0.504037  0.484471  0.474917  0.321951  0.565439  0.452865  0.385638  0.906492  0.415636  0.571039  0.431053  0.440674  0.477091  0.551331  0.502540  0.436630  0.876112  0.496402  0.828306  0.545574  0.485818  0.583740  0.493577  0.393879  0.479310  0.398418 
9  0.362052  0.279758  0.273026  0.855711  0.429467  0.241924  0.419559  0.309903  0.521743 0.0  0.222984  0.351324  0.259531  0.347800  0.336979  0.188783  0.318608  0.406320  0.389877  0.271508  0.729599  0.503873  0.313765  0.417399  0.506298  0.590682  0.382678  0.608814  0.632138  0.410844  0.575874  0.611079  0.296832  0.459935  0.423407  0.388488  0.296336  0.433430  0.404360  0.653215  0.305497  0.508811  0.602100  0.802958  0.281531  0.695347  0.340512  0.625250  0.468854  0.271121  0.406093  0.363527  0.759954  0.304124  0.335311  0.248966  0.315725  0.422629  0.810623  0.698666  0.460053  0.535210  0.729031  0.318369  0.811280  0.322771  0.407885  0.717056  0.386082  0.813623  0.228037  0.420214  0.669767  0.303523  0.277377  0.318415  0.505013  0.380277  0.360581  0.485817  0.763121  0.467646  0.609611  0.403188  0.489335  0.486852  0.422508  0.314383  0.442860  0.863199  0.414699  0.908993  0.361242  0.606870  0.390712  0.387960  0.562949  0.323043  0.502099 
10  0.349550  0.391453  0.312691  0.759789  0.202621  0.383856  0.369850  0.340977  0.567542  0.222984 0.0  0.339052  0.262510  0.351754  0.399391  0.281370  0.255815  0.365108  0.373934  0.436463  0.773401  0.631587  0.290828  0.500470  0.612135  0.594721  0.381322  0.440563  0.508142  0.562746  0.540662  0.470533  0.304171  0.465913  0.514984  0.349443  0.322156  0.576973  0.494427  0.717002  0.234463  0.344885  0.575278  0.769667  0.324141  0.627179  0.402262  0.649542  0.553091  0.355665  0.529655  0.371356  0.839608  0.352387  0.251085  0.297295  0.286830  0.336309  0.726544  0.666456  0.532948  0.608867  0.667061  0.354059  0.905999  0.377157  0.314783  0.839731  0.298081  0.756467  0.332186  0.404690  0.678910  0.437623  0.274636  0.338978  0.553136  0.251084  0.377688  0.491404  0.858073  0.418166  0.517048  0.306517  0.552748  0.527222  0.370788  0.290213  0.590499  0.809358  0.543639  0.827234  0.311569  0.522435  0.318232  0.377962  0.453171  0.398322  0.501645 
11  0.235404  0.248851  0.348732  0.756803  0.264660  0.269872  0.461948  0.408108  0.467590  0.351324  0.339052 0.0  0.307665  0.449517  0.484354  0.369917  0.374513  0.409219  0.468087  0.356911  0.852458  0.462977  0.339818  0.613711  0.634443  0.538433  0.385630  0.552104  0.486221  0.443229  0.408587  0.563294  0.262805  0.589332  0.414333  0.347875  0.336307  0.512537  0.512312  0.654518  0.246189  0.419754  0.654332  0.782528  0.324810  0.628856  0.311897  0.640214  0.460671  0.359616  0.478163  0.351144  0.771568  0.297560  0.347882  0.251049  0.444320  0.334477  0.816587  0.660937  0.558693  0.454476  0.624525  0.351199  0.783601  0.354079  0.344504  0.892447  0.320224  0.806059  0.356528  0.288311  0.640729  0.357360  0.322767  0.351530  0.563479  0.277245  0.382589  0.470828  0.798773  0.542716  0.531802  0.327949  0.560816  0.469536  0.194108  0.394145  0.560863  0.802458  0.638326  0.823539  0.261088  0.497631  0.360749  0.369028  0.584812  0.313794  0.582382 
12  0.259217  0.340801  0.353946  0.855794  0.296205  0.348804  0.383079  0.305195  0.496585  0.259531  0.262510  0.307665 0.0  0.340675  0.461032  0.189518  0.342755  0.329748  0.389949  0.376047  0.707179  0.538839  0.288836  0.489933  0.622068  0.495667  0.403931  0.525056  0.569558  0.519696  0.429363  0.557448  0.354278  0.503441  0.402068  0.309730  0.271381  0.463937  0.563159  0.639727  0.298920  0.513987  0.619079  0.826481  0.315071  0.655234  0.290787  0.566455  0.479652  0.328443  0.554655  0.372120  0.794737  0.454119  0.427513  0.352812  0.415772  0.230842  0.790490  0.693258  0.595397  0.465541  0.643549  0.375062  0.826131  0.395067  0.391117  0.902907  0.304633  0.765928  0.408145  0.376664  0.614826  0.371341  0.377990  0.353858  0.565943  0.364733  0.322424  0.493589  0.813763  0.658760  0.528471  0.274177  0.516833  0.466069  0.302565  0.339002  0.480411  0.824029  0.532616  0.809305  0.281084  0.564747  0.360411  0.243101  0.534479  0.393338  0.512343 
13  0.232383  0.378993  0.348747  0.798252  0.348712  0.362368  0.455378  0.314256  0.471971  0.347800  0.351754  0.449517  0.340675 0.0  0.428143  0.200398  0.311087  0.355425  0.336852  0.329661  0.716830  0.469094  0.233726  0.516738  0.571575  0.563896  0.423945  0.409793  0.538962  0.479157  0.475121  0.568467  0.350438  0.370122  0.461586  0.172963  0.405053  0.557965  0.523655  0.613656  0.233998  0.497784  0.566763  0.892102  0.373306  0.656385  0.432125  0.719837  0.516414  0.242199  0.571440  0.281088  0.848200  0.263354  0.251448  0.359709  0.401803  0.386171  0.780375  0.716292  0.512890  0.469333  0.624055  0.305208  0.707777  0.407443  0.436263  0.838801  0.284088  0.846572  0.361314  0.394534  0.720364  0.356334  0.456182  0.285662  0.528735  0.275021  0.341469  0.441897  0.779446  0.569479  0.582044  0.365444  0.525466  0.485332  0.302246  0.263377  0.540135  0.824340  0.481390  0.801124  0.279176  0.567004  0.395814  0.262488  0.649932  0.378297  0.485566 
14  0.400770  0.337648  0.406548  0.789283  0.336809  0.357072  0.392377  0.338436  0.476104  0.336979  0.399391  0.484354  0.461032  0.428143 0.0  0.349741  0.417140  0.334611  0.374988  0.410185  0.764321  0.541766  0.332248  0.529638  0.550678  0.599007  0.430700  0.564586  0.534717  0.549690  0.518091  0.615194  0.411894  0.531734  0.408160  0.338364  0.441931  0.539232  0.551993  0.699490  0.429424  0.360018  0.606675  0.824189  0.374305  0.701216  0.413824  0.622845  0.405933  0.263815  0.526690  0.473213  0.740183  0.474529  0.373544  0.274347  0.487504  0.345130  0.837766  0.660062  0.554658  0.505417  0.581020  0.424601  0.854469  0.280264  0.386205  0.774542  0.352382  0.792825  0.285053  0.334703  0.606231  0.269822  0.325717  0.336238  0.503810  0.349095  0.330142  0.606853  0.863131  0.454441  0.593160  0.345228  0.600935  0.521809  0.401765  0.362097  0.528129  0.845543  0.410742  0.824017  0.398310  0.508211  0.367462  0.414030  0.593610  0.298262  0.571097 
15  0.267592  0.336359  0.252868  0.850183  0.362087  0.294354  0.320763  0.428265  0.403372  0.188783  0.281370  0.369917  0.189518  0.200398  0.349741 0.0  0.294955  0.337929  0.309534  0.307604  0.687646  0.419249  0.316393  0.544674  0.584429  0.510953  0.359750  0.550022  0.548106  0.476692  0.485470  0.534317  0.347349  0.510104  0.431188  0.229823  0.311902  0.562049  0.535303  0.645150  0.319139  0.468962  0.522120  0.782073  0.388850  0.669640  0.387438  0.605511  0.491676  0.320588  0.496419  0.309646  0.886529  0.314638  0.306680  0.255581  0.310782  0.303752  0.912328  0.754092  0.387516  0.491925  0.698506  0.296785  0.861809  0.390629  0.343641  0.848307  0.316859  0.708196  0.397993  0.344311  0.759307  0.330894  0.423352  0.289661  0.504398  0.338188  0.261717  0.452791  0.896789  0.610825  0.586674  0.334539  0.572660  0.490813  0.291381  0.300094  0.489986  0.822750  0.560836  0.733997  0.272288  0.574964  0.321335  0.349536  0.629491  0.216143  0.507239 
16  0.315398  0.363849  0.278109  0.906165  0.472193  0.292673  0.441609  0.406079  0.542004  0.318608  0.255815  0.374513  0.342755  0.311087  0.417140  0.294955 0.0  0.284798  0.251182  0.198566  0.646580  0.532707  0.288070  0.579433  0.466104  0.558054  0.439512  0.557389  0.460523  0.620044  0.623926  0.565203  0.307193  0.519163  0.422241  0.268063  0.313929  0.566878  0.494625  0.684785  0.336635  0.461988  0.610041  0.877352  0.444677  0.664526  0.321666  0.634204  0.514091  0.412063  0.429252  0.332876  0.746594  0.354261  0.356884  0.232589  0.316762  0.412712  0.800962  0.644093  0.534595  0.452450  0.603651  0.366146  0.787239  0.394829  0.338280  0.707318  0.338173  0.757979  0.374856  0.286287  0.661053  0.253114  0.434099  0.393036  0.527937  0.302559  0.332645  0.447530  0.822245  0.544136  0.432741  0.279124  0.523901  0.590117  0.337460  0.364112  0.575080  0.757376  0.470474  0.827186  0.371869  0.633535  0.305414  0.216233  0.463035  0.286108  0.559064 
17  0.368786  0.314232  0.282016  0.804351  0.296349  0.301518  0.327535  0.495960  0.562794  0.406320  0.365108  0.409219  0.329748  0.355425  0.334611  0.337929  0.284798 0.0  0.259150  0.314880  0.728919  0.564456  0.383298  0.511770  0.545498  0.639746  0.440130  0.432443  0.578596  0.506234  0.511285  0.533745  0.280955  0.371635  0.389181  0.431323  0.382426  0.569233  0.579028  0.620254  0.219921  0.400268  0.607794  0.811681  0.343202  0.674680  0.296450  0.676662  0.528328  0.344552  0.520375  0.346950  0.878158  0.346384  0.399425  0.364451  0.265812  0.330712  0.802950  0.657592  0.446053  0.527693  0.736218  0.357890  0.847985  0.328902  0.430271  0.798676  0.383499  0.782578  0.329494  0.265763  0.721414  0.328698  0.384071  0.336337  0.499675  0.313661  0.416010  0.521856  0.871205  0.531326  0.532705  0.390209  0.570894  0.475472  0.295342  0.284919  0.532969  0.844507  0.440862  0.870453  0.356613  0.480439  0.383080  0.356222  0.540784  0.379377  0.500097 
18  0.291578  0.339988  0.453106  0.765407  0.374266  0.356292  0.427651  0.288057  0.570204  0.389877  0.373934  0.468087  0.389949  0.336852  0.374988  0.309534  0.251182  0.259150 0.0  0.260872  0.673843  0.596305  0.297456  0.565774  0.706702  0.457558  0.391135  0.576458  0.455510  0.521926  0.493087  0.620238  0.281388  0.616918  0.425066  0.347269  0.246810  0.661620  0.432040  0.596213  0.360197  0.491277  0.695224  0.822928  0.329203  0.623666  0.301639  0.694434  0.612799  0.257543  0.461695  0.264806  0.740070  0.336448  0.346295  0.378010  0.346426  0.376897  0.742212  0.701380  0.534694  0.610924  0.605678  0.371753  0.828869  0.310104  0.312490  0.795709  0.287816  0.778941  0.392445  0.350755  0.687693  0.276829  0.339886  0.368129  0.586654  0.356421  0.347771  0.599395  0.735385  0.367386  0.560670  0.379855  0.527746  0.501104  0.322625  0.264855  0.560221  0.784918  0.530476  0.811054  0.512338  0.587509  0.473619  0.301200  0.611959  0.391676  0.533760 
19  0.207346  0.270619  0.304993  0.820745  0.326852  0.301497  0.369569  0.479044  0.454154  0.271508  0.436463  0.356911  0.376047  0.329661  0.410185  0.307604  0.198566  0.314880  0.260872 0.0  0.646660  0.611814  0.335243  0.500397  0.579933  0.587261  0.343101  0.460748  0.523174  0.473848  0.533153  0.440462  0.248568  0.585178  0.454555  0.338785  0.315403  0.550913  0.503919  0.572607  0.350552  0.408294  0.629300  0.808802  0.318147  0.635759  0.236545  0.547352  0.555601  0.385394  0.530091  0.358629  0.814306  0.293363  0.416092  0.354186  0.280498  0.372268  0.739002  0.640229  0.551476  0.534821  0.567754  0.161274  0.942165  0.237391  0.330000  0.890237  0.384548  0.791589  0.400464  0.279580  0.661543  0.325301  0.237965  0.345253  0.520524  0.393868  0.293940  0.484324  0.942778  0.577986  0.523961  0.319765  0.509403  0.551808  0.395643  0.373822  0.493331  0.735459  0.472609  0.868276  0.188424  0.503849  0.444632  0.304756  0.553478  0.256220  0.613608 
20  0.699772  0.703335  0.763538  0.681892  0.655496  0.771312  0.805770  0.763502  0.813528  0.729599  0.773401  0.852458  0.707179  0.716830  0.764321  0.687646  0.646580  0.728919  0.673843  0.646660 0.0  0.666680  0.674664  0.680222  0.739826  0.661898  0.744784  0.737736  0.741680  0.715478  0.730946  0.703204  0.756912  0.730518  0.680750  0.790403  0.704774  0.679354  0.706209  0.677223  0.683572  0.666473  0.762514  0.786373  0.733169  0.718676  0.715890  0.726933  0.722585  0.633951  0.704293  0.676619  0.644824  0.797827  0.775533  0.734852  0.778555  0.717548  0.662486  0.270734  0.626996  0.630572  0.817158  0.654554  0.696616  0.639108  0.711092  0.642896  0.589434  0.633807  0.739622  0.693993  0.663150  0.763896  0.723726  0.703731  0.663190  0.773575  0.732032  0.726308  0.807011  0.743883  0.734378  0.794318  0.752896  0.744176  0.711803  0.779071  0.780370  0.631153  0.816585  0.757855  0.632744  0.745510  0.684707  0.786907  0.670047  0.688436  0.697805 
21  0.519482  0.515789  0.517212  0.756228  0.521431  0.615347  0.604612  0.465157  0.363438  0.503873  0.631587  0.462977  0.538839  0.469094  0.541766  0.419249  0.532707  0.564456  0.596305  0.611814  0.666680 0.0  0.478612  0.454878  0.486980  0.477810  0.556825  0.598547  0.487391  0.583176  0.376525  0.490162  0.512569  0.360770  0.504191  0.568827  0.544464  0.631093  0.396564  0.527098  0.553134  0.524446  0.649913  0.816032  0.559128  0.631278  0.600757  0.638678  0.276987  0.535674  0.387086  0.593959  0.870890  0.523400  0.527873  0.524051  0.511871  0.528461  0.785993  0.765314  0.270216  0.528232  0.730869  0.670424  0.761259  0.533805  0.521226  0.761787  0.505812  0.732067  0.619227  0.552194  0.743998  0.590325  0.533673  0.508636  0.402925  0.665547  0.563162  0.347499  0.840571  0.447903  0.447319  0.533286  0.491416  0.486440  0.519681  0.538444  0.554924  0.905734  0.567987  0.822157  0.645272  0.387969  0.584756  0.612427  0.400959  0.515180  0.378541 
22  0.162965  0.345037  0.374112  0.752778  0.276587  0.243785  0.507464  0.363345  0.637251  0.313765  0.290828  0.339818  0.288836  0.233726  0.332248  0.316393  0.288070  0.383298  0.297456  0.335243  0.674664  0.478612 0.0  0.530897  0.520170  0.474897  0.375985  0.461888  0.570764  0.552725  0.494319  0.514861  0.303386  0.534357  0.313300  0.340312  0.255821  0.590462  0.655538  0.671772  0.372463  0.510273  0.553276  0.722630  0.310221  0.692090  0.413383  0.615761  0.547563  0.278695  0.519621  0.241825  0.802147  0.420320  0.339704  0.310015  0.304682  0.284209  0.805450  0.734451  0.545805  0.503626  0.615173  0.358228  0.787984  0.352972  0.417795  0.891140  0.319579  0.794252  0.252191  0.311664  0.608355  0.264233  0.360784  0.331881  0.534060  0.454003  0.324145  0.588409  0.853531  0.477121  0.602649  0.269729  0.494643  0.474727  0.251391  0.347183  0.541815  0.823313  0.607950  0.786390  0.297625  0.565281  0.331030  0.354940  0.574582  0.425325  0.544262 
23  0.453819  0.492866  0.529075  0.767326  0.436834  0.592987  0.597055  0.404593  0.390137  0.417399  0.500470  0.613711  0.489933  0.516738  0.529638  0.544674  0.579433  0.511770  0.565774  0.500397  0.680222  0.454878  0.530897 0.0  0.427333  0.573946  0.471856  0.443164  0.189485  0.515406  0.427087  0.522702  0.524958  0.354733  0.526520  0.509155  0.528105  0.477446  0.318710  0.542242  0.595105  0.468358  0.452395  0.872769  0.591574  0.641581  0.538587  0.613953  0.493950  0.498846  0.369414  0.464271  0.784556  0.469500  0.533195  0.535787  0.458167  0.636558  0.822739  0.732353  0.515597  0.495695  0.653782  0.566981  0.828471  0.545805  0.520557  0.838787  0.529450  0.779086  0.521058  0.516690  0.676786  0.473583  0.551704  0.522533  0.490845  0.568759  0.599206  0.437464  0.726373  0.277336  0.495441  0.520466  0.446341  0.515676  0.516062  0.519804  0.411121  0.867008  0.469616  0.827826  0.533889  0.344900  0.560645  0.508101  0.443471  0.519066  0.471444 
24  0.575177  0.533902  0.531067  0.739611  0.562422  0.630350  0.574166  0.427355  0.379448  0.506298  0.612135  0.634443  0.622068  0.571575  0.550678  0.584429  0.466104  0.545498  0.706702  0.579933  0.739826  0.486980  0.520170  0.427333 0.0  0.616687  0.482463  0.525357  0.608382  0.566572  0.279266  0.516000  0.538664  0.285545  0.582187  0.589138  0.590544  0.527211  0.469419  0.575335  0.554862  0.525825  0.497533  0.785742  0.496029  0.562182  0.509834  0.595241  0.340076  0.457414  0.451052  0.505814  0.845611  0.563314  0.529124  0.552697  0.674144  0.527646  0.866899  0.741969  0.419704  0.460125  0.628184  0.558092  0.808233  0.530578  0.483368  0.828141  0.548904  0.869666  0.553127  0.417019  0.669708  0.589827  0.516710  0.545652  0.288868  0.473581  0.574738  0.377636  0.765437  0.504874  0.492174  0.428880  0.553065  0.530409  0.553741  0.502120  0.496456  0.727066  0.503957  0.889918  0.485728  0.462437  0.488177  0.559387  0.300991  0.610125  0.370203 
25  0.555366  0.504256  0.593358  0.751343  0.475388  0.557532  0.521127  0.426547  0.509807  0.590682  0.594721  0.538433  0.495667  0.563896  0.599007  0.510953  0.558054  0.639746  0.457558  0.587261  0.661898  0.477810  0.474897  0.573946  0.616687 0.0  0.552392  0.500586  0.531064  0.306121  0.497602  0.320199  0.472012  0.517739  0.550621  0.547090  0.528100  0.292741  0.543290  0.701825  0.547192  0.530629  0.676130  0.857105  0.556359  0.675082  0.520934  0.673768  0.449720  0.492424  0.570526  0.587710  0.890130  0.540305  0.546583  0.575230  0.465036  0.439618  0.833915  0.736863  0.618266  0.329895  0.617310  0.503701  0.860020  0.564932  0.515783  0.853176  0.652014  0.720888  0.560723  0.606538  0.652210  0.512787  0.466702  0.493507  0.633161  0.548108  0.529924  0.551460  0.853385  0.468887  0.423100  0.576015  0.327230  0.400454  0.529176  0.494285  0.472969  0.877718  0.261966  0.750781  0.538085  0.623252  0.564923  0.540017  0.482575  0.510844  0.483903 
26  0.447886  0.371292  0.421029  0.711477  0.419400  0.354373  0.378533  0.545995  0.476901  0.382678  0.381322  0.385630  0.403931  0.423945  0.430700  0.359750  0.439512  0.440130  0.391135  0.343101  0.744784  0.556825  0.375985  0.471856  0.482463  0.552392 0.0  0.491097  0.557432  0.439899  0.567912  0.547888  0.487535  0.509446  0.401440  0.457030  0.476825  0.438912  0.459923  0.632258  0.399972  0.426718  0.557633  0.790171  0.330418  0.530111  0.487056  0.583074  0.549455  0.465239  0.580021  0.472978  0.745251  0.389796  0.495443  0.435418  0.470581  0.396521  0.859545  0.717832  0.444763  0.416921  0.685073  0.385730  0.853987  0.393313  0.351722  0.760055  0.408761  0.802838  0.383876  0.441960  0.597750  0.369389  0.311021  0.407304  0.461476  0.364256  0.429279  0.430849  0.723210  0.493592  0.554963  0.423625  0.475609  0.499599  0.365875  0.409702  0.427784  0.754550  0.409444  0.847037  0.427918  0.601044  0.492450  0.350718  0.526259  0.440794  0.447927 
27  0.501837  0.491581  0.578370  0.832395  0.492291  0.547371  0.519391  0.463414  0.558541  0.608814  0.440563  0.552104  0.525056  0.409793  0.564586  0.550022  0.557389  0.432443  0.576458  0.460748  0.737736  0.598547  0.461888  0.443164  0.525357  0.500586  0.491097 0.0  0.531737  0.430319  0.458775  0.448635  0.507467  0.503561  0.486837  0.453361  0.515462  0.513232  0.591663  0.538417  0.520671  0.403792  0.574911  0.761402  0.451528  0.440023  0.529158  0.617510  0.583466  0.482603  0.525992  0.463813  0.816735  0.516588  0.528194  0.418575  0.456250  0.479758  0.845369  0.773693  0.470328  0.583552  0.590785  0.520339  0.770978  0.515069  0.516631  0.889426  0.613513  0.749152  0.516734  0.558756  0.676926  0.438960  0.481989  0.498358  0.554737  0.510295  0.461522  0.503282  0.781015  0.502103  0.575441  0.435900  0.484382  0.348230  0.460809  0.492261  0.594927  0.885851  0.510018  0.821938  0.568014  0.508266  0.575573  0.557320  0.527394  0.581683  0.619712 
28  0.592148  0.583397  0.527553  0.799643  0.620034  0.549715  0.559899  0.400231  0.451637  0.632138  0.508142  0.486221  0.569558  0.538962  0.534717  0.548106  0.460523  0.578596  0.455510  0.523174  0.741680  0.487391  0.570764  0.189485  0.608382  0.531064  0.557432  0.531737 0.0  0.567417  0.369754  0.570386  0.527462  0.382775  0.421345  0.556679  0.534224  0.618970  0.320327  0.581289  0.520878  0.499942  0.574269  0.776194  0.433244  0.571836  0.419536  0.633585  0.362646  0.540211  0.347134  0.538560  0.786561  0.527055  0.427837  0.496049  0.633997  0.553323  0.765409  0.700284  0.416233  0.622648  0.549122  0.545055  0.846974  0.535803  0.440328  0.850740  0.457230  0.730748  0.500509  0.497764  0.672927  0.534561  0.505966  0.556254  0.462869  0.568179  0.603169  0.520661  0.843910  0.365904  0.518483  0.445361  0.524788  0.427444  0.546123  0.481055  0.279402  0.864784  0.393682  0.836131  0.510971  0.292070  0.552869  0.628241  0.451286  0.530494  0.399542 
29  0.408598  0.471507  0.472550  0.749012  0.471303  0.601064  0.509847  0.376492  0.537282  0.410844  0.562746  0.443229  0.519696  0.479157  0.549690  0.476692  0.620044  0.506234  0.521926  0.473848  0.715478  0.583176  0.552725  0.515406  0.566572  0.306121  0.439899  0.430319  0.567417 0.0  0.478231  0.287967  0.534690  0.536164  0.418564  0.449740  0.503926  0.357287  0.541256  0.615421  0.572293  0.474497  0.580112  0.819911  0.486616  0.499905  0.487801  0.713620  0.532349  0.504507  0.694182  0.470033  0.825789  0.476717  0.572139  0.492964  0.568358  0.498274  0.701998  0.705696  0.563172  0.322226  0.593011  0.539293  0.797672  0.542686  0.363405  0.793844  0.515604  0.769667  0.590044  0.453984  0.654761  0.489383  0.514098  0.469948  0.449867  0.564798  0.450272  0.657753  0.795757  0.625375  0.387267  0.614962  0.266035  0.331486  0.572810  0.405573  0.482335  0.857480  0.348156  0.745574  0.526908  0.557595  0.521738  0.496797  0.456587  0.501160  0.547303 
30  0.506026  0.514348  0.536693  0.856782  0.470071  0.505574  0.540798  0.370173  0.250705  0.575874  0.540662  0.408587  0.429363  0.475121  0.518091  0.485470  0.623926  0.511285  0.493087  0.533153  0.730946  0.376525  0.494319  0.427087  0.279266  0.497602  0.567912  0.458775  0.369754  0.478231 0.0  0.550451  0.535007  0.367428  0.512315  0.508952  0.516725  0.481982  0.486173  0.645995  0.551888  0.521667  0.677658  0.731535  0.529390  0.641063  0.448151  0.664360  0.474401  0.465743  0.383272  0.508542  0.723902  0.443219  0.562951  0.545854  0.456301  0.558662  0.794279  0.701422  0.403760  0.554826  0.607099  0.538230  0.833857  0.470650  0.436433  0.803967  0.475851  0.794120  0.478390  0.601884  0.545888  0.506228  0.452546  0.532205  0.274031  0.584831  0.512692  0.344674  0.879839  0.551690  0.414640  0.404136  0.572240  0.421687  0.529766  0.471817  0.323392  0.830436  0.516132  0.787974  0.500060  0.471582  0.458746  0.555101  0.327322  0.488795  0.299497 
31  0.674277  0.459219  0.503168  0.716463  0.505144  0.532014  0.450568  0.419392  0.534268  0.611079  0.470533  0.563294  0.557448  0.568467  0.615194  0.534317  0.565203  0.533745  0.620238  0.440462  0.703204  0.490162  0.514861  0.522702  0.516000  0.320199  0.547888  0.448635  0.570386  0.287967  0.550451 0.0  0.501943  0.503489  0.465926  0.472526  0.534566  0.310115  0.443166  0.706230  0.516002  0.497613  0.539576  0.923634  0.498621  0.645114  0.583197  0.715364  0.446221  0.419107  0.449644  0.558991  0.796245  0.523179  0.466327  0.536204  0.478222  0.571093  0.769912  0.650416  0.544171  0.441875  0.600590  0.568078  0.853383  0.505062  0.445444  0.819809  0.608747  0.750290  0.489915  0.616865  0.640287  0.525773  0.632410  0.534168  0.511626  0.523731  0.428999  0.547051  0.822715  0.505676  0.438467  0.615766  0.256516  0.388004  0.538817  0.500903  0.598984  0.860435  0.317712  0.902323  0.624792  0.503604  0.582482  0.502600  0.563004  0.649788  0.483780 
32  0.353194  0.226417  0.374568  0.714998  0.355552  0.302412  0.399872  0.500450  0.560682  0.296832  0.304171  0.262805  0.354278  0.350438  0.411894  0.347349  0.307193  0.280955  0.281388  0.248568  0.756912  0.512569  0.303386  0.524958  0.538664  0.472012  0.487535  0.507467  0.527462  0.534690  0.535007  0.501943 0.0  0.388698  0.489943  0.280241  0.246134  0.554773  0.583479  0.561897  0.212518  0.427200  0.648341  0.784302  0.309256  0.632262  0.341040  0.591145  0.568337  0.295574  0.556510  0.337617  0.881883  0.229317  0.269340  0.222413  0.315802  0.395785  0.803752  0.715121  0.526062  0.432461  0.645150  0.360378  0.813391  0.315651  0.518119  0.942673  0.343588  0.789742  0.382955  0.340876  0.628967  0.362123  0.294218  0.408306  0.568569  0.265321  0.362076  0.497284  0.859475  0.501511  0.396552  0.214243  0.437566  0.429467  0.299919  0.420665  0.427431  0.827192  0.578249  0.816715  0.228843  0.460016  0.297882  0.320733  0.589320  0.324976  0.569371 
33  0.454176  0.524633  0.534041  0.785984  0.521191  0.530593  0.586068  0.405500  0.346174  0.459935  0.465913  0.589332  0.503441  0.370122  0.531734  0.510104  0.519163  0.371635  0.616918  0.585178  0.730518  0.360770  0.534357  0.354733  0.285545  0.517739  0.509446  0.503561  0.382775  0.536164  0.367428  0.503489  0.388698 0.0  0.346757  0.613941  0.502938  0.550381  0.498868  0.694562  0.591464  0.551784  0.611831  0.796863  0.577899  0.699206  0.560827  0.616326  0.350762  0.519741  0.397635  0.556739  0.808655  0.566216  0.583527  0.610871  0.533163  0.536324  0.841200  0.728592  0.296545  0.468185  0.619133  0.477773  0.834351  0.559012  0.526703  0.797375  0.455460  0.768107  0.595882  0.498880  0.580215  0.519738  0.469911  0.479661  0.280400  0.412716  0.482192  0.402922  0.775245  0.529695  0.456981  0.551686  0.448695  0.350098  0.472282  0.541428  0.374572  0.822985  0.529321  0.784027  0.630684  0.501988  0.542119  0.526814  0.270747  0.507074  0.410867 
34  0.533941  0.442219  0.416436  0.834971  0.446664  0.488493  0.459579  0.393994  0.547705  0.423407  0.514984  0.414333  0.402068  0.461586  0.408160  0.431188  0.422241  0.389181  0.425066  0.454555  0.680750  0.504191  0.313300  0.526520  0.582187  0.550621  0.401440  0.486837  0.421345  0.418564  0.512315  0.465926  0.489943  0.346757 0.0  0.468904  0.368172  0.580258  0.553980  0.571487  0.457162  0.419161  0.578762  0.817409  0.529609  0.542030  0.484730  0.611308  0.625583  0.463147  0.503716  0.451114  0.884082  0.399323  0.508506  0.426028  0.423643  0.359657  0.775297  0.654895  0.452710  0.491597  0.662700  0.524180  0.857220  0.382877  0.361556  0.894405  0.352517  0.722740  0.447639  0.485731  0.651494  0.353221  0.408884  0.422998  0.477663  0.338270  0.461345  0.558140  0.823104  0.534920  0.534931  0.416114  0.551965  0.595762  0.466412  0.385532  0.546435  0.782990  0.492306  0.679277  0.593696  0.490428  0.420852  0.394960  0.617765  0.500419  0.552429 
35  0.364650  0.378220  0.324448  0.739109  0.377771  0.299388  0.301912  0.342594  0.507575  0.388488  0.349443  0.347875  0.309730  0.172963  0.338364  0.229823  0.268063  0.431323  0.347269  0.338785  0.790403  0.568827  0.340312  0.509155  0.589138  0.547090  0.457030  0.453361  0.556679  0.449740  0.508952  0.472526  0.280241  0.613941  0.468904 0.0  0.380400  0.632500  0.560310  0.671283  0.240893  0.488910  0.700748  0.900718  0.349410  0.642247  0.286798  0.584218  0.578327  0.330485  0.473586  0.340371  0.771271  0.336206  0.449542  0.304782  0.398083  0.305174  0.831502  0.683563  0.572574  0.534823  0.651446  0.331415  0.753889  0.316222  0.397568  0.757767  0.353773  0.701591  0.394588  0.362304  0.558443  0.298571  0.381735  0.302332  0.570341  0.366236  0.314889  0.515612  0.770718  0.436068  0.488343  0.318586  0.592900  0.555688  0.291361  0.298537  0.468908  0.798671  0.423084  0.887116  0.377849  0.482726  0.238707  0.371144  0.551191  0.344595  0.507022 
36  0.320020  0.304771  0.294278  0.874031  0.205994  0.235232  0.415442  0.467359  0.546064  0.296336  0.322156  0.336307  0.271381  0.405053  0.441931  0.311902  0.313929  0.382426  0.246810  0.315403  0.704774  0.544464  0.255821  0.528105  0.590544  0.528100  0.476825  0.515462  0.534224  0.503926  0.516725  0.534566  0.246134  0.502938  0.368172  0.380400 0.0  0.563417  0.439026  0.576761  0.358544  0.356501  0.551297  0.875855  0.295554  0.600061  0.280853  0.667346  0.475330  0.281131  0.515136  0.312525  0.758009  0.273021  0.301503  0.298758  0.405494  0.285461  0.839256  0.813587  0.648046  0.442076  0.664171  0.424919  0.781205  0.330794  0.500478  0.908454  0.346149  0.821049  0.319146  0.345227  0.754895  0.341550  0.222344  0.416924  0.550224  0.240329  0.339083  0.529388  0.875318  0.580871  0.536406  0.347101  0.568302  0.432413  0.363292  0.365352  0.442258  0.791766  0.511024  0.853748  0.336428  0.447366  0.353190  0.395154  0.603481  0.317935  0.496117 
37  0.505762  0.438971  0.482675  0.891459  0.579016  0.531181  0.517922  0.412079  0.507488  0.433430  0.576973  0.512537  0.463937  0.557965  0.539232  0.562049  0.566878  0.569233  0.661620  0.550913  0.679354  0.631093  0.590462  0.477446  0.527211  0.292741  0.438912  0.513232  0.618970  0.357287  0.481982  0.310115  0.554773  0.550381  0.580258  0.632500  0.563417 0.0  0.412553  0.756288  0.407662  0.547075  0.602438  0.751388  0.418431  0.603513  0.450914  0.636950  0.565021  0.525762  0.521638  0.465491  0.881176  0.440595  0.622056  0.539551  0.457679  0.556682  0.758137  0.774151  0.481490  0.242842  0.696249  0.561067  0.755161  0.541638  0.482065  0.792236  0.462716  0.863025  0.501718  0.580590  0.512764  0.528413  0.666904  0.537670  0.526114  0.605132  0.504845  0.647458  0.896054  0.484371  0.360688  0.561366  0.329415  0.463994  0.463356  0.447219  0.521489  0.903318  0.262650  0.764287  0.602951  0.613353  0.552215  0.431161  0.563353  0.507330  0.533492 
38  0.504693  0.599629  0.651197  0.875529  0.538798  0.522438  0.455479  0.315669  0.299226  0.404360  0.494427  0.512312  0.563159  0.523655  0.551993  0.535303  0.494625  0.579028  0.432040  0.503919  0.706209  0.396564  0.655538  0.318710  0.469419  0.543290  0.459923  0.591663  0.320327  0.541256  0.486173  0.443166  0.583479  0.498868  0.553980  0.560310  0.439026  0.412553 0.0  0.660881  0.599714  0.357000  0.452209  0.949013  0.485691  0.640311  0.485048  0.643705  0.437904  0.539680  0.380115  0.551834  0.879628  0.613006  0.499462  0.522143  0.557620  0.444360  0.874148  0.660068  0.533632  0.672026  0.488222  0.516555  0.849291  0.608695  0.490129  0.816956  0.536547  0.871115  0.590589  0.564012  0.625474  0.608498  0.525899  0.501407  0.455984  0.540850  0.445768  0.356213  0.851594  0.371734  0.494652  0.545775  0.436317  0.462883  0.568978  0.430165  0.456326  0.808419  0.470884  0.757150  0.512679  0.360629  0.562753  0.563245  0.292762  0.487250  0.445425 
39  0.681015  0.637660  0.756463  0.748480  0.673277  0.621086  0.609462  0.538387  0.671009  0.653215  0.717002  0.654518  0.639727  0.613656  0.699490  0.645150  0.684785  0.620254  0.596213  0.572607  0.677223  0.527098  0.671772  0.542242  0.575335  0.701825  0.632258  0.538417  0.581289  0.615421  0.645995  0.706230  0.561897  0.694562  0.571487  0.671283  0.576761  0.756288  0.660881 0.0  0.669606  0.557043  0.567999  0.848529  0.569859  0.527258  0.632808  0.527361  0.691825  0.660866  0.550175  0.661897  0.779557  0.746086  0.636704  0.648432  0.649128  0.693735  0.839040  0.749688  0.596494  0.683994  0.445532  0.700518  0.822502  0.575718  0.597920  0.817515  0.686433  0.877591  0.703867  0.702789  0.310679  0.635466  0.682077  0.643393  0.663806  0.733521  0.667988  0.569974  0.847013  0.704053  0.774481  0.608618  0.652079  0.636436  0.656909  0.620718  0.668181  0.743102  0.664225  0.810175  0.634125  0.562451  0.614973  0.664297  0.640715  0.626939  0.607023 
