99
0 0.0  0.306646  0.376629  0.388559  0.618113  0.793040  0.936858  0.580082  0.506273  0.327227  0.380174  0.259834  0.384451  0.388240  0.890729  0.332058  0.366609  0.415678  0.385124  0.306453  0.535127  0.600583  0.416727  0.423059  0.329324  0.425777  0.520390  0.849788  0.513628  0.542874  0.458203  0.358730  0.577643  0.395428  0.593223  0.379164  0.562119  0.620837  0.421749  0.419528  0.323899  0.465779  0.880432  0.348942  0.539899  0.625178  0.548968  0.793445  0.394626  0.761586  0.300164  0.825394  0.420191  0.462380  0.494606  0.342418  0.352575  0.570094  0.343819  0.400162  0.389072  0.396179  0.436239  0.537487  0.428759  0.611373  0.365902  0.434964  0.436658  0.477122  0.376240  0.589610  0.417287  0.329692  0.594022  0.845216  0.483144  0.540442  0.434824  0.371503  0.312834  0.364599  0.383042  0.524828  0.462928  0.747661  0.418608  0.538285  0.346475  0.898663  0.376571  0.229126  0.945979  0.462341  0.506421  0.365036  0.518822  0.480670  0.510709 
1  0.306646 0.0  0.392797  0.393366  0.557339  0.792667  0.820168  0.503030  0.367751  0.448760  0.267660  0.382563  0.335367  0.291464  0.762118  0.269116  0.337637  0.401990  0.376236  0.478169  0.553353  0.644155  0.294140  0.346002  0.311902  0.404493  0.382345  0.812562  0.578694  0.520570  0.355528  0.384788  0.510223  0.369433  0.520979  0.405292  0.513546  0.605781  0.330408  0.372000  0.388164  0.418603  0.739808  0.414707  0.448827  0.581389  0.738689  0.798758  0.249914  0.740253  0.282053  0.843615  0.349983  0.299469  0.351277  0.441925  0.372970  0.544020  0.341488  0.347085  0.296300  0.328994  0.401549  0.514926  0.465531  0.522891  0.249158  0.364473  0.386514  0.248341  0.331751  0.622684  0.342845  0.383569  0.563425  0.768876  0.552768  0.498644  0.406492  0.257392  0.270135  0.376426  0.325416  0.560304  0.604833  0.607283  0.361018  0.495919  0.553040  0.901432  0.353683  0.387752  0.828811  0.347168  0.494875  0.290080  0.597011  0.518012  0.591513 
2  0.376629  0.392797 0.0  0.521195  0.547829  0.714696  0.795963  0.611122  0.405113  0.397658  0.425040  0.278109  0.442412  0.272054  0.738457  0.420108  0.530127  0.263236  0.306331  0.430318  0.669995  0.717293  0.403889  0.457440  0.428204  0.509199  0.396794  0.864002  0.466965  0.512304  0.375166  0.397318  0.545822  0.351885  0.599761  0.350441  0.501424  0.737519  0.372026  0.451146  0.399526  0.293607  0.760634  0.434449  0.518682  0.588162  0.688537  0.738446  0.426292  0.913063  0.434237  0.774175  0.457351  0.460231  0.478448  0.354408  0.323994  0.606644  0.351300  0.432934  0.397890  0.378331  0.321407  0.390627  0.484480  0.537533  0.411233  0.317419  0.468727  0.369775  0.448855  0.616531  0.412382  0.376209  0.619300  0.751413  0.595937  0.497643  0.377456  0.417277  0.380354  0.474991  0.508302  0.590355  0.522902  0.595932  0.525624  0.546853  0.411117  0.881414  0.528738  0.424712  0.815894  0.323722  0.554754  0.347824  0.605642  0.552493  0.449070 
3  0.388559  0.393366  0.521195 0.0  0.501885  0.731580  0.864888  0.485643  0.526134  0.323837  0.335838  0.238804  0.343711  0.325345  0.889953  0.330159  0.382192  0.373328  0.372576  0.357417  0.497479  0.566345  0.466550  0.313842  0.343229  0.425176  0.502674  0.813320  0.428164  0.500086  0.314743  0.338387  0.366148  0.383632  0.518509  0.386497  0.552187  0.563525  0.264274  0.346145  0.303031  0.337900  0.798251  0.304079  0.607228  0.544088  0.695366  0.813540  0.339791  0.896065  0.250650  0.806303  0.363303  0.347335  0.278943  0.366024  0.289323  0.594778  0.419047  0.286039  0.345846  0.307982  0.286267  0.505619  0.474614  0.605066  0.393754  0.288563  0.445787  0.246449  0.288807  0.432481  0.415320  0.369674  0.619284  0.753374  0.494356  0.587285  0.302591  0.262923  0.302226  0.358871  0.429258  0.612258  0.518558  0.706576  0.370189  0.559879  0.371308  0.846926  0.390225  0.416601  0.749429  0.396936  0.623928  0.322725  0.600406  0.403670  0.558866 
4  0.618113  0.557339  0.547829  0.501885 0.0  0.669568  0.786513  0.518658  0.462526  0.596590  0.611182  0.486577  0.460662  0.563023  0.838168  0.568828  0.487516  0.458196  0.383235  0.575741  0.413787  0.643194  0.593263  0.587920  0.506231  0.471399  0.549977  0.933214  0.254093  0.416469  0.539173  0.603961  0.556160  0.639421  0.503407  0.526526  0.400879  0.599839  0.577353  0.630473  0.460870  0.535261  0.865020  0.548413  0.609165  0.461255  0.700381  0.849913  0.584433  0.781465  0.561696  0.825591  0.482494  0.537231  0.483766  0.598079  0.527299  0.514549  0.605684  0.599409  0.546544  0.606932  0.471171  0.511824  0.519161  0.706310  0.610679  0.614670  0.576878  0.569265  0.564624  0.347113  0.539284  0.523751  0.418536  0.831659  0.438144  0.294137  0.567903  0.599059  0.450424  0.673206  0.527341  0.330130  0.332194  0.729358  0.520611  0.515372  0.582188  0.797985  0.516761  0.557935  0.746398  0.490572  0.605331  0.568575  0.445734  0.489968  0.548211 
5  0.793040  0.792667  0.714696  0.731580  0.669568 0.0  0.869323  0.816132  0.756520  0.682911  0.586971  0.675741  0.691313  0.759110  0.711600  0.806733  0.761645  0.713996  0.788638  0.778374  0.838392  0.735710  0.692870  0.568869  0.699897  0.694511  0.696901  0.625728  0.830588  0.775254  0.822582  0.733479  0.706865  0.705924  0.869214  0.786136  0.718449  0.736925  0.753228  0.680392  0.700660  0.776381  0.790477  0.794448  0.740936  0.666424  0.624287  0.672027  0.626909  0.761152  0.830361  0.695031  0.782615  0.717917  0.713125  0.728209  0.776421  0.807517  0.775829  0.740781  0.810131  0.691621  0.700985  0.793983  0.656249  0.733611  0.637324  0.767531  0.793419  0.734989  0.726454  0.778397  0.670888  0.740483  0.744919  0.708548  0.787283  0.787939  0.785249  0.713123  0.673024  0.704725  0.762671  0.680704  0.704582  0.736047  0.783148  0.700161  0.740068  0.711525  0.636304  0.629813  0.644649  0.631723  0.679867  0.750157  0.698255  0.756369  0.639080 
6  0.936858  0.820168  0.795963  0.864888  0.786513  0.869323 0.0  0.733996  0.809758  0.791106  0.879829  0.896837  0.882821  0.891358  0.618722  0.871450  0.794102  0.849874  0.800830  0.770084  0.804871  0.824713  0.928471  0.852974  0.830505  0.893445  0.849701  0.696147  0.816304  0.905583  0.806826  0.803861  0.867245  0.781477  0.892989  0.878714  0.814509  0.722863  0.782158  0.781623  0.851119  0.833456  0.683661  0.801810  0.895014  0.828522  0.765238  0.298252  0.827872  0.554263  0.863358  0.297665  0.886769  0.935865  0.725105  0.849547  0.759992  0.867399  0.950423  0.823090  0.835070  0.834874  0.825625  0.827547  0.895674  0.835785  0.958412  0.996184  0.898427  0.810346  0.822534  0.799347  0.816740  0.744851  0.876946  0.596264  0.875460  0.810243  0.768560  0.812470  0.883563  0.782019  0.911934  0.862872  0.959789  0.907572  0.883656  0.896177  0.666349  0.374942  0.794539  0.895059  0.372496  0.836852  0.861882  0.905564  0.768128  0.861739  0.867877 
7  0.580082  0.503030  0.611122  0.485643  0.518658  0.816132  0.733996 0.0  0.492746  0.536630  0.520369  0.521195  0.493585  0.533085  0.836938  0.535497  0.540671  0.492082  0.410731  0.430285  0.509765  0.736310  0.528670  0.427039  0.567130  0.602031  0.532274  0.849787  0.543548  0.576756  0.684225  0.432698  0.550962  0.538780  0.240968  0.484550  0.559125  0.523988  0.591744  0.540286  0.621307  0.496920  0.794769  0.545781  0.473256  0.426873  0.650876  0.941555  0.552409  0.684563  0.484399  0.863458  0.396865  0.567256  0.581038  0.600460  0.490855  0.525059  0.491039  0.478513  0.483725  0.474102  0.565198  0.450403  0.506396  0.493315  0.637876  0.512468  0.434451  0.477245  0.387224  0.528659  0.438361  0.440274  0.583403  0.834183  0.532438  0.493885  0.495773  0.585889  0.497369  0.489801  0.576078  0.455090  0.462082  0.676724  0.577931  0.430965  0.488895  0.811718  0.508042  0.538236  0.873846  0.546410  0.432856  0.536608  0.377922  0.370925  0.381223 
8  0.506273  0.367751  0.405113  0.526134  0.462526  0.756520  0.809758  0.492746 0.0  0.446576  0.308073  0.438661  0.411090  0.450469  0.803528  0.388741  0.501193  0.514274  0.363572  0.480464  0.472331  0.625053  0.408003  0.422508  0.391574  0.394213  0.454208  0.837368  0.527731  0.492875  0.434939  0.401130  0.546476  0.251673  0.533991  0.434831  0.523165  0.592860  0.392416  0.465957  0.404750  0.402510  0.680033  0.484262  0.563601  0.488854  0.701074  0.686444  0.501641  0.789059  0.354479  0.818799  0.451664  0.438274  0.431347  0.515172  0.406454  0.565722  0.416370  0.401882  0.412414  0.461025  0.489838  0.563010  0.387710  0.608418  0.331740  0.472874  0.449966  0.535846  0.503682  0.566408  0.216731  0.382432  0.492438  0.721837  0.426377  0.544229  0.490003  0.481972  0.274566  0.506126  0.340338  0.510643  0.507449  0.681257  0.402878  0.550692  0.434478  0.843408  0.470139  0.406779  0.773268  0.368600  0.547582  0.362007  0.531607  0.525181  0.568465 
9  0.327227  0.448760  0.397658  0.323837  0.596590  0.682911  0.791106  0.536630  0.446576 0.0  0.357039  0.362289  0.322591  0.345194  0.785952  0.418539  0.333344  0.464444  0.324241  0.369958  0.641286  0.658222  0.417057  0.276472  0.360426  0.404084  0.418723  0.921746  0.474037  0.619633  0.440447  0.398430  0.624458  0.310312  0.543291  0.255802  0.476398  0.599230  0.336016  0.372229  0.294751  0.257758  0.774953  0.462058  0.644026  0.562812  0.723675  0.871047  0.275424  0.865027  0.259835  0.791536  0.231866  0.330083  0.367367  0.337847  0.367754  0.515443  0.337135  0.347367  0.247325  0.395795  0.270905  0.573988  0.428037  0.453505  0.378222  0.314346  0.331000  0.229849  0.361460  0.413120  0.348688  0.364806  0.517313  0.858082  0.633174  0.539434  0.332563  0.395258  0.361807  0.353152  0.338341  0.460603  0.645743  0.649112  0.488151  0.459806  0.172654  0.842444  0.299188  0.355809  0.792803  0.357038  0.529300  0.344588  0.491796  0.509708  0.472540 
10  0.380174  0.267660  0.425040  0.335838  0.611182  0.586971  0.879829  0.520369  0.308073  0.357039 0.0  0.295474  0.395595  0.281503  0.714299  0.406941  0.275791  0.410267  0.314649  0.309440  0.545869  0.664914  0.392078  0.314197  0.367138  0.364123  0.386476  0.753093  0.635532  0.554976  0.387683  0.296906  0.608878  0.299304  0.520489  0.360195  0.477353  0.648759  0.435366  0.373290  0.440078  0.312595  0.848790  0.442011  0.558216  0.567879  0.602896  0.844876  0.348110  0.839294  0.287664  0.912333  0.277497  0.426905  0.379967  0.400105  0.260972  0.603065  0.369734  0.427512  0.363555  0.285535  0.247675  0.493411  0.457224  0.562531  0.272425  0.356739  0.392749  0.295607  0.370101  0.475030  0.489743  0.339889  0.415177  0.751985  0.596699  0.538410  0.391469  0.314586  0.333370  0.289891  0.315813  0.444803  0.537911  0.662174  0.326436  0.479128  0.363873  0.783900  0.245408  0.294071  0.823784  0.346299  0.482986  0.285157  0.556178  0.499332  0.603512 
11  0.259834  0.382563  0.278109  0.238804  0.486577  0.675741  0.896837  0.521195  0.438661  0.362289  0.295474 0.0  0.362867  0.405738  0.860505  0.350294  0.355309  0.452455  0.357235  0.343089  0.570792  0.587027  0.292771  0.392161  0.328432  0.350895  0.495958  0.910218  0.507991  0.573891  0.523993  0.401377  0.534357  0.364977  0.553774  0.213756  0.601912  0.654092  0.347704  0.419419  0.309199  0.373211  0.783607  0.418112  0.594557  0.563772  0.564746  0.862983  0.212211  0.853448  0.369150  0.779215  0.253095  0.416413  0.326557  0.367928  0.355718  0.622125  0.333105  0.232001  0.308255  0.463614  0.347818  0.564446  0.417168  0.571874  0.341575  0.382959  0.224926  0.417136  0.308499  0.568154  0.447904  0.456312  0.580376  0.740781  0.624651  0.524494  0.317476  0.445126  0.361149  0.404070  0.429147  0.516444  0.527410  0.639838  0.428596  0.579024  0.377125  0.843237  0.307700  0.350294  0.848896  0.251008  0.566582  0.334439  0.519524  0.521740  0.589753 
12  0.384451  0.335367  0.442412  0.343711  0.460662  0.691313  0.882821  0.493585  0.411090  0.322591  0.395595  0.362867 0.0  0.356213  0.900120  0.393924  0.276543  0.488803  0.515396  0.425159  0.458855  0.654912  0.300330  0.271302  0.341683  0.462281  0.534449  0.799959  0.489957  0.554159  0.471308  0.463122  0.616132  0.494756  0.564227  0.328728  0.588825  0.616846  0.327794  0.384169  0.323488  0.324980  0.726485  0.310990  0.538104  0.617677  0.729722  0.865288  0.286669  0.817511  0.485898  0.922624  0.354899  0.363550  0.349489  0.370846  0.171531  0.594442  0.432482  0.358735  0.383518  0.353044  0.471749  0.437695  0.412764  0.426518  0.342724  0.304248  0.365868  0.378996  0.333922  0.517972  0.432615  0.361629  0.527814  0.754796  0.694465  0.586384  0.388384  0.311457  0.305906  0.301241  0.359665  0.591059  0.659814  0.681423  0.380822  0.568250  0.261874  0.836639  0.408253  0.434341  0.918076  0.433963  0.561977  0.377148  0.506612  0.475970  0.557529 
13  0.388240  0.291464  0.272054  0.325345  0.563023  0.759110  0.891358  0.533085  0.450469  0.345194  0.281503  0.405738  0.356213 0.0  0.828167  0.358314  0.355206  0.483481  0.539867  0.307265  0.538563  0.679591  0.343576  0.376745  0.247030  0.315498  0.499480  0.818837  0.495314  0.615764  0.393728  0.398673  0.607193  0.315791  0.564426  0.307978  0.563755  0.551695  0.313665  0.360862  0.432501  0.353665  0.841764  0.442317  0.453302  0.505798  0.644057  0.870454  0.360430  0.769602  0.335129  0.986353  0.253348  0.471588  0.349713  0.331679  0.281826  0.496803  0.363401  0.338128  0.342519  0.353165  0.269788  0.556298  0.428790  0.535453  0.417489  0.273012  0.308500  0.329078  0.416914  0.573307  0.538575  0.416861  0.619509  0.739241  0.564053  0.520944  0.272251  0.329562  0.271922  0.414309  0.245622  0.541924  0.472290  0.640018  0.310325  0.556930  0.364693  0.778885  0.390451  0.282652  0.929184  0.237461  0.402492  0.195572  0.564734  0.584838  0.403748 
14  0.890729  0.762118  0.738457  0.889953  0.838168  0.711600  0.618722  0.836938  0.803528  0.785952  0.714299  0.860505  0.900120  0.828167 0.0  0.901247  0.826766  0.828013  0.867662  0.898536  0.775327  0.845377  0.809027  0.766289  0.856232  0.760320  0.867884  0.823931  0.867166  0.906654  0.904662  0.941671  0.924322  0.852827  0.787258  0.815985  0.831186  0.856489  0.989008  0.862551  0.939342  0.769234  0.497486  0.861809  0.809510  0.874439  0.958560  0.575690  0.737282  0.426758  0.904532  0.712113  0.909803  0.834793  0.819811  0.779556  0.727831  0.791059  0.829127  0.836231  0.850675  0.839046  0.873255  0.841318  0.950701  0.831494  0.780577  0.891585  0.726933  0.796752  0.908530  0.737324  0.911483  0.783160  0.824687  0.425436  0.882946  0.757414  0.852279  0.897693  0.806302  0.831595  0.717342  0.922006  0.827079  0.870113  0.797323  0.766122  0.822614  0.723046  0.781378  0.925706  0.644344  0.791867  0.802461  0.919306  0.882657  0.801817  0.751846 
15  0.332058  0.269116  0.420108  0.330159  0.568828  0.806733  0.871450  0.535497  0.388741  0.418539  0.406941  0.350294  0.393924  0.358314  0.901247 0.0  0.363416  0.491361  0.435602  0.343181  0.541641  0.624681  0.294295  0.276418  0.427010  0.466153  0.480793  0.878154  0.526736  0.511674  0.383831  0.222438  0.580832  0.349244  0.557515  0.337093  0.467280  0.636197  0.308458  0.345228  0.321183  0.472179  0.813536  0.559204  0.428087  0.596806  0.628169  0.847143  0.406939  0.754440  0.354993  0.793614  0.377673  0.248722  0.403532  0.318896  0.465185  0.675714  0.436800  0.388666  0.254979  0.410150  0.381382  0.453506  0.374176  0.521600  0.385471  0.374246  0.331048  0.398650  0.290491  0.544399  0.429059  0.416377  0.580543  0.744803  0.560918  0.542569  0.347563  0.383031  0.537785  0.382490  0.344808  0.606524  0.556493  0.576997  0.400032  0.576701  0.424388  0.930247  0.339142  0.346772  0.798933  0.427451  0.477373  0.442753  0.586392  0.548376  0.639446 
16  0.366609  0.337637  0.530127  0.382192  0.487516  0.761645  0.794102  0.540671  0.501193  0.333344  0.275791  0.355309  0.276543  0.355206  0.826766  0.363416 0.0  0.375497  0.455271  0.456853  0.542813  0.677923  0.319423  0.245092  0.369436  0.295289  0.506989  0.933410  0.530113  0.463653  0.416190  0.274850  0.554201  0.285523  0.600623  0.452845  0.477582  0.573662  0.392360  0.303428  0.421183  0.241654  0.835459  0.292954  0.550075  0.520590  0.628534  0.787838  0.321247  0.822224  0.364507  0.739393  0.268108  0.372200  0.388294  0.360122  0.370065  0.483339  0.220250  0.344804  0.280275  0.325819  0.288851  0.614228  0.352434  0.513082  0.278128  0.322992  0.293748  0.407935  0.322392  0.552473  0.464295  0.405389  0.415750  0.809626  0.591883  0.399248  0.346234  0.335104  0.323539  0.416564  0.328784  0.405354  0.447979  0.643034  0.303042  0.676608  0.217412  0.825210  0.377723  0.312106  0.878561  0.426124  0.538768  0.390855  0.565394  0.506637  0.462261 
17  0.415678  0.401990  0.263236  0.373328  0.458196  0.713996  0.849874  0.492082  0.514274  0.464444  0.410267  0.452455  0.488803  0.483481  0.828013  0.491361  0.375497 0.0  0.440756  0.516411  0.546850  0.690972  0.373302  0.458869  0.460804  0.451154  0.492585  0.724921  0.601392  0.483816  0.305139  0.484218  0.529307  0.423006  0.539510  0.475014  0.505283  0.571409  0.468458  0.479382  0.406565  0.411244  0.799950  0.465294  0.478554  0.555234  0.639470  0.818716  0.461565  0.967499  0.430835  0.762565  0.394243  0.414125  0.475429  0.453865  0.387830  0.452001  0.481212  0.411364  0.553010  0.438425  0.495068  0.472911  0.484376  0.468112  0.462626  0.422233  0.524512  0.453265  0.423260  0.465426  0.365982  0.460055  0.503064  0.845559  0.570717  0.556376  0.429482  0.465571  0.424343  0.392456  0.399428  0.475169  0.524369  0.665604  0.433175  0.545316  0.309673  0.847057  0.450482  0.451586  0.796328  0.441293  0.474320  0.482339  0.535730  0.625395  0.440508 
18  0.385124  0.376236  0.306331  0.372576  0.383235  0.788638  0.800830  0.410731  0.363572  0.324241  0.314649  0.357235  0.515396  0.539867  0.867662  0.435602  0.455271  0.440756 0.0  0.322915  0.406059  0.609903  0.253972  0.391942  0.413953  0.547170  0.447714  0.770370  0.463149  0.497547  0.430386  0.417598  0.313454  0.423902  0.411876  0.427906  0.465994  0.654436  0.374457  0.357627  0.426131  0.353772  0.844443  0.377158  0.396249  0.346368  0.543144  0.858398  0.477525  0.817841  0.366418  0.788003  0.364510  0.408447  0.463918  0.428239  0.417428  0.387151  0.438687  0.316028  0.441135  0.371887  0.464749  0.382403  0.419764  0.493582  0.519123  0.326065  0.367338  0.403014  0.482644  0.497621  0.299004  0.411037  0.420247  0.833417  0.415341  0.457690  0.368242  0.401216  0.338604  0.484841  0.387562  0.397387  0.299423  0.584195  0.498115  0.442469  0.385846  0.722759  0.519949  0.383210  0.762424  0.444579  0.401856  0.363059  0.313310  0.379052  0.487661 
19  0.306453  0.478169  0.430318  0.357417  0.575741  0.778374  0.770084  0.430285  0.480464  0.369958  0.309440  0.343089  0.425159  0.307265  0.898536  0.343181  0.456853  0.516411  0.322915 0.0  0.546476  0.589114  0.356857  0.348337  0.390207  0.381719  0.474859  0.852776  0.515746  0.474697  0.414256  0.355342  0.571624  0.375173  0.588482  0.306084  0.579836  0.682627  0.441082  0.266093  0.354226  0.349515  0.905922  0.476302  0.514023  0.630051  0.496218  0.779309  0.386670  0.809265  0.285335  0.844758  0.312352  0.441885  0.356831  0.323766  0.267998  0.431715  0.419263  0.449007  0.227527  0.353403  0.441938  0.488896  0.440689  0.564805  0.299077  0.345015  0.370648  0.329693  0.461087  0.621093  0.446908  0.523105  0.584517  0.659186  0.602620  0.482056  0.377075  0.513185  0.368953  0.308117  0.298412  0.504540  0.614596  0.617578  0.393335  0.569332  0.315759  0.957956  0.333221  0.299914  0.836164  0.285118  0.582950  0.433207  0.523294  0.461192  0.505282 
20  0.535127  0.553353  0.669995  0.497479  0.413787  0.838392  0.804871  0.509765  0.472331  0.641286  0.545869  0.570792  0.458855  0.538563  0.775327  0.541641  0.542813  0.546850  0.406059  0.546476 0.0  0.567821  0.512909  0.424629  0.580088  0.512885  0.447455  0.852759  0.408547  0.356995  0.633489  0.421898  0.304002  0.723041  0.536488  0.617436  0.310846  0.566364  0.553968  0.592697  0.548166  0.543740  0.928449  0.519277  0.527699  0.423335  0.601934  0.919621  0.608364  0.878971  0.482624  0.853791  0.581964  0.454567  0.553008  0.451863  0.600370  0.472515  0.570771  0.435440  0.490203  0.626545  0.460238  0.526807  0.573591  0.453303  0.573960  0.532706  0.543746  0.574144  0.516616  0.497251  0.421836  0.387616  0.466395  0.774802  0.392841  0.496217  0.605471  0.491436  0.531681  0.484133  0.440266  0.477167  0.356382  0.768311  0.515150  0.591307  0.557860  0.806023  0.464259  0.550817  0.881975  0.545247  0.593817  0.538235  0.503238  0.438944  0.462556 
21  0.600583  0.644155  0.717293  0.566345  0.643194  0.735710  0.824713  0.736310  0.625053  0.658222  0.664914  0.587027  0.654912  0.679591  0.845377  0.624681  0.677923  0.690972  0.609903  0.589114  0.567821 0.0  0.696804  0.515715  0.561857  0.642745  0.671222  0.836559  0.673222  0.612719  0.627723  0.625525  0.485680  0.602362  0.600679  0.625723  0.599085  0.430191  0.642938  0.542169  0.704872  0.593041  0.801750  0.613600  0.724968  0.698769  0.397769  0.768161  0.528219  0.825758  0.662042  0.798222  0.622961  0.677849  0.765529  0.536090  0.718719  0.700935  0.649217  0.641592  0.682028  0.569614  0.609459  0.644853  0.639479  0.778834  0.648922  0.662684  0.686357  0.631572  0.599033  0.555902  0.615776  0.565195  0.617035  0.738722  0.564469  0.668095  0.669612  0.617317  0.591869  0.622190  0.702512  0.613945  0.535612  0.541813  0.547889  0.689858  0.639644  0.875867  0.745188  0.681782  0.776898  0.638890  0.610270  0.639289  0.569033  0.713134  0.683837 
22  0.416727  0.294140  0.403889  0.466550  0.593263  0.692870  0.928471  0.528670  0.408003  0.417057  0.392078  0.292771  0.300330  0.343576  0.809027  0.294295  0.319423  0.373302  0.253972  0.356857  0.512909  0.696804 0.0  0.325653  0.359214  0.349994  0.454375  0.946415  0.661578  0.579682  0.431565  0.397450  0.549219  0.400181  0.573706  0.373983  0.648246  0.500808  0.389193  0.359284  0.492843  0.354422  0.786106  0.412982  0.588888  0.509798  0.516994  0.819448  0.256401  0.882922  0.274221  0.871888  0.351299  0.343590  0.423858  0.464027  0.409147  0.547627  0.289372  0.439728  0.318772  0.299676  0.347856  0.438833  0.497272  0.563147  0.331649  0.381068  0.297520  0.306898  0.342684  0.526742  0.432540  0.280166  0.526788  0.804024  0.542923  0.463297  0.340423  0.389791  0.377358  0.364825  0.325522  0.526341  0.467634  0.694167  0.320125  0.582959  0.251859  0.882793  0.496272  0.402636  0.899363  0.270634  0.537985  0.341570  0.547826  0.511821  0.496814 
23  0.423059  0.346002  0.457440  0.313842  0.587920  0.568869  0.852974  0.427039  0.422508  0.276472  0.314197  0.392161  0.271302  0.376745  0.766289  0.276418  0.245092  0.458869  0.391942  0.348337  0.424629  0.515715  0.325653 0.0  0.268539  0.384254  0.435022  0.846950  0.454396  0.518546  0.302388  0.315924  0.566533  0.416896  0.554244  0.264647  0.584551  0.631793  0.443215  0.277286  0.254904  0.320223  0.875872  0.464804  0.468203  0.657223  0.588908  0.792441  0.415795  0.761934  0.300258  0.896755  0.334744  0.305198  0.436300  0.324501  0.294841  0.536038  0.332168  0.289572  0.323152  0.351883  0.311967  0.509736  0.405702  0.646327  0.414679  0.308828  0.329495  0.322443  0.256017  0.571517  0.240191  0.445533  0.600787  0.823240  0.460081  0.664232  0.472552  0.412899  0.343020  0.330098  0.192899  0.541960  0.614622  0.686958  0.227703  0.613175  0.310569  1.000000  0.344661  0.323054  0.821746  0.332079  0.451132  0.297350  0.571224  0.577753  0.540246 
24  0.329324  0.311902  0.428204  0.343229  0.506231  0.699897  0.830505  0.567130  0.391574  0.360426  0.367138  0.328432  0.341683  0.247030  0.856232  0.427010  0.369436  0.460804  0.413953  0.390207  0.580088  0.561857  0.359214  0.268539 0.0  0.419816  0.500555  0.942577  0.583216  0.503003  0.342735  0.361843  0.533567  0.437492  0.515701  0.482177  0.518892  0.516615  0.340787  0.236002  0.358212  0.257173  0.870783  0.361544  0.598933  0.555115  0.727091  0.822581  0.401678  0.898145  0.324376  0.840941  0.483783  0.323277  0.382083  0.380212  0.297866  0.518545  0.319624  0.298024  0.361622  0.314332  0.324362  0.393348  0.454947  0.521358  0.378620  0.278992  0.356007  0.397975  0.331151  0.457571  0.370727  0.337994  0.606674  0.886322  0.560587  0.575127  0.323018  0.344122  0.322213  0.207257  0.427885  0.537765  0.568670  0.689616  0.328515  0.561823  0.332938  0.835982  0.391713  0.347860  0.954727  0.294778  0.457374  0.327257  0.601948  0.579705  0.608681 
25  0.425777  0.404493  0.509199  0.425176  0.471399  0.694511  0.893445  0.602031  0.394213  0.404084  0.364123  0.350895  0.462281  0.315498  0.760320  0.466153  0.295289  0.451154  0.547170  0.381719  0.512885  0.642745  0.349994  0.384254  0.419816 0.0  0.425857  0.873564  0.502405  0.445366  0.393092  0.368813  0.637024  0.363654  0.483900  0.466979  0.551048  0.800286  0.317991  0.434681  0.495913  0.448530  0.887773  0.502241  0.454969  0.479561  0.659165  0.777952  0.418493  0.784702  0.399402  0.840648  0.298618  0.420665  0.464505  0.317184  0.455636  0.513289  0.378025  0.317321  0.397563  0.360885  0.476677  0.543751  0.402550  0.440164  0.310811  0.540266  0.350230  0.378284  0.429219  0.497822  0.616748  0.416892  0.389261  0.778035  0.511643  0.553615  0.415611  0.360129  0.394452  0.410273  0.357912  0.492539  0.540759  0.631461  0.414795  0.559427  0.452581  0.814426  0.369974  0.503721  0.854565  0.406077  0.485524  0.439937  0.507608  0.497366  0.519508 
26  0.520390  0.382345  0.396794  0.502674  0.549977  0.696901  0.849701  0.532274  0.454208  0.418723  0.386476  0.495958  0.534449  0.499480  0.867884  0.480793  0.506989  0.492585  0.447714  0.474859  0.447455  0.671222  0.454375  0.435022  0.500555  0.425857 0.0  0.815759  0.448968  0.479744  0.435431  0.482823  0.579476  0.421600  0.515548  0.361856  0.496837  0.569521  0.466345  0.497724  0.558177  0.441453  0.932001  0.394639  0.459874  0.514990  0.677521  0.838784  0.522328  0.861941  0.398944  0.877641  0.534766  0.404011  0.505248  0.422118  0.519402  0.582542  0.506197  0.511064  0.526993  0.410003  0.440262  0.536773  0.420043  0.533029  0.343395  0.472505  0.426803  0.442068  0.392829  0.512508  0.358644  0.323963  0.517871  0.846743  0.604191  0.515706  0.508209  0.482411  0.397874  0.404894  0.423152  0.549887  0.605847  0.655614  0.440282  0.533178  0.384200  0.868665  0.367310  0.381119  0.885109  0.409062  0.593015  0.458476  0.451981  0.746178  0.428839 
27  0.849788  0.812562  0.864002  0.813320  0.933214  0.625728  0.696147  0.849787  0.837368  0.921746  0.753093  0.910218  0.799959  0.818837  0.823931  0.878154  0.933410  0.724921  0.770370  0.852776  0.852759  0.836559  0.946415  0.846950  0.942577  0.873564  0.815759 0.0  0.790568  0.831985  0.818777  0.921403  0.864608  0.853161  0.887332  0.797351  0.810414  0.802644  0.771366  0.890636  0.947693  0.945751  0.860842  0.809038  0.859471  0.828668  0.827939  0.719139  0.738555  0.884544  0.875866  0.866775  0.835838  0.859548  0.918457  0.840178  0.823352  0.797380  0.974656  0.842693  0.864312  0.808100  0.731369  0.881268  0.827609  0.872499  0.874676  0.821936  0.886522  0.791481  0.785402  0.983336  0.752001  0.811744  0.870908  0.788510  0.783292  0.944069  0.799707  0.866008  0.944072  0.920502  0.865532  0.837502  0.807115  0.763468  0.825896  0.755643  0.747374  0.803171  0.811296  0.822335  0.750467  0.736986  0.947543  0.773017  0.939416  0.762237  0.794977 
28  0.513628  0.578694  0.466965  0.428164  0.254093  0.830588  0.816304  0.543548  0.527731  0.474037  0.635532  0.507991  0.489957  0.495314  0.867166  0.526736  0.530113  0.601392  0.463149  0.515746  0.408547  0.673222  0.661578  0.454396  0.583216  0.502405  0.448968  0.790568 0.0  0.498781  0.503073  0.639283  0.468360  0.477859  0.414995  0.597892  0.423284  0.743737  0.543959  0.554845  0.501829  0.659665  0.889699  0.496775  0.541119  0.519349  0.597105  0.854402  0.612711  0.825366  0.615382  0.875861  0.545618  0.580684  0.517014  0.536188  0.525067  0.435686  0.607997  0.570688  0.616294  0.584483  0.546728  0.535708  0.491239  0.538922  0.527774  0.604480  0.566563  0.554294  0.600036  0.388763  0.540847  0.412096  0.376617  0.702790  0.407303  0.362403  0.483890  0.562400  0.479502  0.511565  0.501193  0.398379  0.409054  0.700004  0.576609  0.548940  0.561954  0.865715  0.595086  0.472692  0.840990  0.551103  0.535823  0.550080  0.549885  0.503303  0.547611 
29  0.542874  0.520570  0.512304  0.500086  0.416469  0.775254  0.905583  0.576756  0.492875  0.619633  0.554976  0.573891  0.554159  0.615764  0.906654  0.511674  0.463653  0.483816  0.497547  0.474697  0.356995  0.612719  0.579682  0.518546  0.503003  0.445366  0.479744  0.831985  0.498781 0.0  0.366185  0.534987  0.322632  0.473773  0.571476  0.612093  0.289490  0.663734  0.680144  0.587226  0.489611  0.514927  0.792630  0.612135  0.535735  0.278218  0.676921  0.821822  0.524694  0.837823  0.578329  0.890551  0.503845  0.636601  0.543107  0.615408  0.629696  0.526520  0.595265  0.586032  0.624379  0.523396  0.465990  0.467936  0.524305  0.478371  0.604833  0.621341  0.424746  0.572128  0.474662  0.460864  0.561399  0.415904  0.319288  0.792457  0.295153  0.438431  0.581336  0.560007  0.563591  0.661853  0.546294  0.297151  0.503353  0.676906  0.466354  0.516718  0.532652  0.853907  0.521502  0.505818  0.885529  0.510091  0.554989  0.648739  0.306722  0.494334  0.622125 
30  0.458203  0.355528  0.375166  0.314743  0.539173  0.822582  0.806826  0.684225  0.434939  0.440447  0.387683  0.523993  0.471308  0.393728  0.904662  0.383831  0.416190  0.305139  0.430386  0.414256  0.633489  0.627723  0.431565  0.302388  0.342735  0.393092  0.435431  0.818777  0.503073  0.366185 0.0  0.437547  0.476387  0.424498  0.472835  0.499913  0.482433  0.575683  0.366768  0.385682  0.458478  0.445059  0.809550  0.437916  0.487241  0.491541  0.597313  0.771663  0.437255  0.714575  0.498652  0.879639  0.375682  0.365230  0.378801  0.442879  0.438526  0.624962  0.384994  0.446200  0.427673  0.384164  0.458749  0.503644  0.287175  0.402395  0.471377  0.383790  0.340768  0.361879  0.409962  0.540047  0.427585  0.410657  0.543744  0.836095  0.477533  0.475120  0.380767  0.386865  0.445806  0.465514  0.422764  0.542332  0.575946  0.587419  0.466031  0.450273  0.453312  0.822019  0.471103  0.390636  0.860791  0.411066  0.549580  0.432111  0.543885  0.512368  0.548927 
31  0.358730  0.384788  0.397318  0.338387  0.603961  0.733479  0.803861  0.432698  0.401130  0.398430  0.296906  0.401377  0.463122  0.398673  0.941671  0.222438  0.274850  0.484218  0.417598  0.355342  0.421898  0.625525  0.397450  0.315924  0.361843  0.368813  0.482823  0.921403  0.639283  0.534987  0.437547 0.0  0.574878  0.360775  0.478843  0.389748  0.541041  0.620163  0.373584  0.361413  0.296278  0.371461  0.724239  0.480104  0.524460  0.523186  0.683978  0.817917  0.355758  0.822871  0.308533  0.831309  0.373468  0.320222  0.352478  0.223084  0.392777  0.390603  0.392390  0.359265  0.481635  0.340235  0.342819  0.468276  0.401976  0.542106  0.371660  0.400124  0.426486  0.371469  0.360536  0.583834  0.348427  0.412546  0.591914  0.846817  0.575511  0.518114  0.367517  0.290860  0.371417  0.368696  0.343872  0.607033  0.593127  0.677544  0.369394  0.616104  0.398123  0.899150  0.401605  0.394446  0.796943  0.358826  0.603320  0.384141  0.492016  0.467732  0.548148 
32  0.577643  0.510223  0.545822  0.366148  0.556160  0.706865  0.867245  0.550962  0.546476  0.624458  0.608878  0.534357  0.616132  0.607193  0.924322  0.580832  0.554201  0.529307  0.313454  0.571624  0.304002  0.485680  0.549219  0.566533  0.533567  0.637024  0.579476  0.864608  0.468360  0.322632  0.476387  0.574878 0.0  0.591248  0.488851  0.510033  0.321410  0.678658  0.554308  0.571548  0.586659  0.518961  0.792719  0.439172  0.602218  0.429194  0.698962  0.716499  0.562504  0.778631  0.521624  0.850862  0.540259  0.489581  0.526333  0.602286  0.513658  0.583499  0.535618  0.468777  0.645225  0.561801  0.549281  0.539563  0.602264  0.519870  0.522814  0.689391  0.597925  0.572274  0.581659  0.544489  0.495382  0.361065  0.556819  0.835865  0.342452  0.490085  0.485536  0.513316  0.565216  0.588045  0.555080  0.441500  0.429797  0.625216  0.440945  0.533840  0.615714  0.842338  0.552047  0.537947  0.768810  0.550063  0.481342  0.560605  0.337990  0.651648  0.602277 
33  0.395428  0.369433  0.351885  0.383632  0.639421  0.705924  0.781477  0.538780  0.251673  0.310312  0.299304  0.364977  0.494756  0.315791  0.852827  0.349244  0.285523  0.423006  0.423902  0.375173  0.723041  0.602362  0.400181  0.416896  0.437492  0.363654  0.421600  0.853161  0.477859  0.473773  0.424498  0.360775  0.591248 0.0  0.541334  0.431098  0.488580  0.655240  0.265144  0.267898  0.344068  0.357192  0.747259  0.344068  0.543743  0.574815  0.778152  0.865775  0.297453  0.734102  0.372541  0.665523  0.276470  0.403829  0.321011  0.433210  0.268218  0.563862  0.393857  0.418939  0.296715  0.372540  0.301027  0.564601  0.478357  0.512373  0.434977  0.294846  0.448795  0.362782  0.368021  0.537748  0.391085  0.529000  0.464412  0.734050  0.641293  0.572372  0.224965  0.347111  0.332690  0.336069  0.282313  0.560054  0.555801  0.689987  0.348648  0.525134  0.239658  0.855331  0.355838  0.330728  0.835875  0.254816  0.520260  0.388368  0.506970  0.501107  0.567027 
34  0.593223  0.520979  0.599761  0.518509  0.503407  0.869214  0.892989  0.240968  0.533991  0.543291  0.520489  0.553774  0.564227  0.564426  0.787258  0.557515  0.600623  0.539510  0.411876  0.588482  0.536488  0.600679  0.573706  0.554244  0.515701  0.483900  0.515548  0.887332  0.414995  0.571476  0.472835  0.478843  0.488851  0.541334 0.0  0.575225  0.473779  0.670346  0.569161  0.516586  0.479281  0.503701  0.850264  0.585540  0.416244  0.562458  0.636757  0.857145  0.493378  0.752374  0.550153  0.832656  0.523179  0.442131  0.609075  0.549515  0.619212  0.447358  0.646337  0.460530  0.492058  0.426400  0.583489  0.396139  0.572589  0.429508  0.565946  0.535008  0.517486  0.554439  0.512780  0.502335  0.556173  0.444207  0.531473  0.815703  0.511882  0.531761  0.555465  0.456954  0.454500  0.484049  0.524124  0.508360  0.538818  0.563286  0.480179  0.419824  0.381190  0.873107  0.521618  0.620862  0.867104  0.558385  0.488892  0.447929  0.492805  0.433969  0.467936 
35  0.379164  0.405292  0.350441  0.386497  0.526526  0.786136  0.878714  0.484550  0.434831  0.255802  0.360195  0.213756  0.328728  0.307978  0.815985  0.337093  0.452845  0.475014  0.427906  0.306084  0.617436  0.625723  0.373983  0.264647  0.482177  0.466979  0.361856  0.797351  0.597892  0.612093  0.499913  0.389748  0.510033  0.431098  0.575225 0.0  0.570343  0.606637  0.306014  0.418447  0.298016  0.273501  0.876283  0.440692  0.424819  0.597294  0.722427  0.861819  0.303839  0.937935  0.328727  0.790969  0.308975  0.375160  0.393425  0.497515  0.303866  0.504103  0.238537  0.323902  0.405489  0.270988  0.292193  0.515072  0.459708  0.490926  0.353672  0.229114  0.324090  0.311696  0.346131  0.548286  0.350991  0.465211  0.566646  0.775494  0.495152  0.604321  0.437906  0.311201  0.326829  0.336551  0.377341  0.486080  0.578828  0.553939  0.317089  0.575704  0.453939  0.801314  0.288702  0.457553  0.790611  0.396418  0.479450  0.375015  0.663750  0.510758  0.514095 
36  0.562119  0.513546  0.501424  0.552187  0.400879  0.718449  0.814509  0.559125  0.523165  0.476398  0.477353  0.601912  0.588825  0.563755  0.831186  0.467280  0.477582  0.505283  0.465994  0.579836  0.310846  0.599085  0.648246  0.584551  0.518892  0.551048  0.496837  0.810414  0.423284  0.289490  0.482433  0.541041  0.321410  0.488580  0.473779  0.570343 0.0  0.591721  0.550680  0.578910  0.578164  0.577512  0.852814  0.531293  0.584954  0.399199  0.567056  0.825144  0.560226  0.791535  0.503134  0.846045  0.603955  0.502798  0.559823  0.442550  0.587708  0.565157  0.549900  0.570517  0.488022  0.501359  0.591155  0.419327  0.504594  0.573497  0.637114  0.589024  0.503548  0.605580  0.550000  0.476828  0.477382  0.371756  0.587449  0.910132  0.387516  0.414669  0.603119  0.547778  0.442063  0.532383  0.618000  0.446718  0.469885  0.709755  0.483285  0.543469  0.554798  0.916080  0.551552  0.515771  0.890939  0.596535  0.426952  0.645495  0.284864  0.544378  0.590273 
37  0.620837  0.605781  0.737519  0.563525  0.599839  0.736925  0.722863  0.523988  0.592860  0.599230  0.648759  0.654092  0.616846  0.551695  0.856489  0.636197  0.573662  0.571409  0.654436  0.682627  0.566364  0.430191  0.500808  0.631793  0.516615  0.800286  0.569521  0.802644  0.743737  0.663734  0.575683  0.620163  0.678658  0.655240  0.670346  0.606637  0.591721 0.0  0.729936  0.679714  0.550182  0.648390  0.860256  0.580720  0.557498  0.610349  0.358939  0.826421  0.666751  0.773843  0.545132  0.825111  0.544143  0.614926  0.607476  0.590360  0.542659  0.629823  0.726787  0.657023  0.642151  0.514444  0.638353  0.615266  0.586569  0.517682  0.533159  0.584142  0.561168  0.540486  0.632739  0.590977  0.596761  0.624260  0.615111  0.805498  0.615023  0.615904  0.621288  0.619521  0.653363  0.711114  0.609833  0.644832  0.642139  0.455687  0.611619  0.660664  0.555776  0.853601  0.726462  0.648201  0.846026  0.680236  0.644199  0.690077  0.614781  0.616863  0.560758 
38  0.421749  0.330408  0.372026  0.264274  0.577353  0.753228  0.782158  0.591744  0.392416  0.336016  0.435366  0.347704  0.327794  0.313665  0.989008  0.308458  0.392360  0.468458  0.374457  0.441082  0.553968  0.642938  0.389193  0.443215  0.340787  0.317991  0.466345  0.771366  0.543959  0.680144  0.366768  0.373584  0.554308  0.265144  0.569161  0.306014  0.550680  0.729936 0.0  0.269574  0.428466  0.307175  0.847988  0.471211  0.576690  0.578488  0.769021  0.861176  0.431470  0.797355  0.358400  0.766046  0.365447  0.255815  0.413562  0.396060  0.440213  0.536586  0.338875  0.263649  0.334993  0.430093  0.315349  0.509970  0.405288  0.539533  0.391252  0.382107  0.416551  0.315509  0.376853  0.492876  0.499376  0.473772  0.574463  0.833586  0.643345  0.524364  0.386377  0.380100  0.434511  0.335671  0.329032  0.551557  0.579459  0.642246  0.372078  0.459299  0.419003  0.898673  0.264835  0.332752  0.807997  0.350713  0.599947  0.273231  0.523745  0.471945  0.491261 
39  0.419528  0.372000  0.451146  0.346145  0.630473  0.680392  0.781623  0.540286  0.465957  0.372229  0.373290  0.419419  0.384169  0.360862  0.862551  0.345228  0.303428  0.479382  0.357627  0.266093  0.592697  0.542169  0.359284  0.277286  0.236002  0.434681  0.497724  0.890636  0.554845  0.587226  0.385682  0.361413  0.571548  0.267898  0.516586  0.418447  0.578910  0.679714  0.269574 0.0  0.346677  0.324945  0.851910  0.491728  0.562979  0.610696  0.530429  0.813688  0.334109  0.766643  0.339384  0.944527  0.357139  0.281116  0.383295  0.351942  0.290853  0.627536  0.327767  0.280972  0.351339  0.262553  0.256589  0.467788  0.410886  0.572391  0.449478  0.325361  0.464973  0.312270  0.346474  0.469894  0.360341  0.501543  0.635297  0.772680  0.611097  0.626014  0.368592  0.319340  0.300186  0.390162  0.295806  0.520106  0.508775  0.630640  0.409905  0.575351  0.397551  0.878926  0.370100  0.356745  0.902771  0.320025  0.557471  0.354398  0.598626  0.465911  0.520441 
