60
0 0.0  0.624332  0.455529  0.399219  0.504228  0.444474  0.477384  0.559001  0.517192  0.530335  0.481979  0.551385  0.468922  0.681157  0.411463  0.565889  0.530100  0.606461  0.468279  0.651386  0.613632  0.406470  0.549355  0.459477  0.707653  0.509993  0.396864  0.490600  0.712840  0.633834  0.374063  0.515571  0.518117  0.585444  0.514521  0.571309  0.539615  0.477921  0.774973  0.642905  0.506383  0.724462  0.680790  0.437798  0.415978  0.658574  0.529082  0.486451  0.532311  0.589753  0.448137  0.598585  0.573832  0.542817  0.686550  0.464484  0.457445  0.693460  0.505675  0.572491 
1  0.624332 0.0  0.525217  0.561393  0.877792  0.567891  0.458676  0.334724  0.671964  0.767682  0.555430  0.528294  0.503916  0.768684  0.500620  0.630277  0.652164  0.505904  0.585289  0.650011  0.693166  0.688359  0.725759  0.523237  0.744251  0.737164  0.547823  0.633995  0.699248  0.639975  0.665076  0.493482  0.749576  0.636615  0.784085  0.619309  0.759098  0.619451  0.794619  0.615281  0.522741  0.668715  0.660441  0.558824  0.625638  0.753340  0.541134  0.652881  0.495945  0.630221  0.641993  0.656137  0.642052  0.554947  0.654799  0.634559  0.682252  0.687415  0.635884  0.688240 
2  0.455529  0.525217 0.0  0.491101  0.572732  0.496162  0.336860  0.290537  0.486730  0.544965  0.444966  0.345882  0.382218  0.622055  0.343315  0.626423  0.642130  0.309412  0.525672  0.665664  0.697411  0.480457  0.673982  0.437583  0.521425  0.493800  0.461768  0.539403  0.682268  0.627688  0.513885  0.285944  0.472424  0.656302  0.512305  0.663030  0.442985  0.452571  0.642646  0.731926  0.331006  0.590015  0.612555  0.556095  0.505037  0.770343  0.574120  0.573197  0.228084  0.481685  0.514738  0.492884  0.536313  0.573511  0.595544  0.550358  0.393620  0.729348  0.252025  0.596577 
3  0.399219  0.561393  0.491101 0.0  0.516330  0.504114  0.526570  0.537378  0.461236  0.650525  0.696245  0.596904  0.479580  0.432733  0.606226  0.527402  0.482104  0.705981  0.484498  0.723124  0.710627  0.519931  0.469532  0.521954  0.449381  0.359303  0.309188  0.338548  0.824689  0.487230  0.552309  0.592436  0.575815  0.602610  0.454600  0.593646  0.491400  0.429210  0.643987  0.668473  0.474012  0.533205  0.584922  0.339223  0.648809  0.604012  0.529127  0.302232  0.536927  0.470124  0.377366  0.594437  0.422980  0.449311  0.802983  0.641182  0.433713  0.696946  0.515526  0.773276 
4  0.504228  0.877792  0.572732  0.516330 0.0  0.570450  0.700994  0.608687  0.639157  0.561248  0.707822  0.573812  0.556118  0.472341  0.693958  0.536578  0.578470  0.612317  0.543037  0.435350  0.511769  0.663428  0.623943  0.681239  0.647853  0.618485  0.518553  0.607369  0.584458  0.622385  0.493043  0.587927  0.406505  0.439271  0.549680  0.495054  0.522022  0.299446  0.559293  0.598884  0.596295  0.519412  0.689314  0.609962  0.472757  0.717569  0.530625  0.596405  0.588668  0.576327  0.493557  0.443378  0.675355  0.543031  0.549366  0.685352  0.374349  0.661368  0.519788  0.593975 
5  0.444474  0.567891  0.496162  0.504114  0.570450 0.0  0.510879  0.568042  0.702403  0.889307  0.498050  0.575373  0.624864  0.656839  0.651961  0.648782  0.809018  0.589925  0.688756  0.856483  0.818107  0.554027  0.643020  0.392368  0.744881  0.633332  0.483591  0.588880  0.801173  0.578028  0.700133  0.592922  0.727151  0.759864  0.627950  0.738078  0.599619  0.697607  0.639001  0.915155  0.538389  0.790390  0.649203  0.612172  0.630074  0.689026  0.675785  0.629637  0.632678  0.650977  0.487084  0.663908  0.655045  0.775969  0.819342  0.465268  0.662949  0.649521  0.517033  1.000000 
6  0.477384  0.458676  0.336860  0.526570  0.700994  0.510879 0.0  0.442763  0.595989  0.672165  0.447123  0.308829  0.404420  0.644075  0.337697  0.510926  0.621202  0.336449  0.617448  0.667974  0.402078  0.596459  0.639516  0.437011  0.772894  0.527330  0.496765  0.627119  0.589818  0.525803  0.590726  0.271374  0.610114  0.751827  0.553211  0.510756  0.547699  0.567614  0.669548  0.641067  0.338950  0.583419  0.678478  0.514830  0.634576  0.663843  0.618317  0.612265  0.350533  0.636627  0.542870  0.543407  0.426605  0.520831  0.543963  0.508211  0.558090  0.673436  0.453271  0.562073 
7  0.559001  0.334724  0.290537  0.537378  0.608687  0.568042  0.442763 0.0  0.614509  0.759780  0.420216  0.369614  0.459613  0.738876  0.343771  0.639794  0.576140  0.338349  0.465434  0.597516  0.615917  0.509469  0.666443  0.479349  0.564446  0.538486  0.567957  0.633170  0.718252  0.587649  0.613834  0.404040  0.618497  0.693877  0.671786  0.575053  0.560678  0.565986  0.639373  0.646718  0.367363  0.689772  0.751216  0.590850  0.633566  0.766479  0.604905  0.713850  0.340490  0.640669  0.514380  0.555613  0.550031  0.543328  0.660735  0.716668  0.590482  0.549718  0.388627  0.569164 
8  0.517192  0.671964  0.486730  0.461236  0.639157  0.702403  0.595989  0.614509 0.0  0.726841  0.569267  0.498561  0.473234  0.352362  0.599364  0.478616  0.471324  0.519262  0.513795  0.545324  0.637332  0.588738  0.413846  0.583547  0.607352  0.446884  0.389239  0.476862  0.596151  0.423871  0.573894  0.547082  0.480515  0.612220  0.328841  0.555325  0.310320  0.523390  0.520059  0.687344  0.451256  0.760758  0.572254  0.380443  0.447501  0.696499  0.500035  0.501319  0.471454  0.535178  0.300459  0.542187  0.414427  0.498796  0.695891  0.506863  0.463391  0.604915  0.596890  0.747052 
9  0.530335  0.767682  0.544965  0.650525  0.561248  0.889307  0.672165  0.759780  0.726841 0.0  0.637377  0.752208  0.642388  0.646907  0.652401  0.682667  0.598948  0.597844  0.619245  0.467456  0.536568  0.460900  0.807387  0.725713  0.612213  0.721504  0.691136  0.581923  0.537592  0.578410  0.714148  0.636690  0.473904  0.728832  0.545481  0.532946  0.552029  0.645526  0.603475  0.458290  0.693194  0.404546  0.489921  0.579334  0.598101  0.523833  0.661401  0.681310  0.690450  0.741861  0.526010  0.527929  0.505880  0.689455  0.508483  0.601436  0.549481  0.464072  0.666767  0.602836 
10  0.481979  0.555430  0.444966  0.696245  0.707822  0.498050  0.447123  0.420216  0.569267  0.637377 0.0  0.562016  0.417556  0.582721  0.459085  0.622133  0.733186  0.547785  0.672734  0.458385  0.571236  0.561418  0.643398  0.499337  0.745514  0.554261  0.461085  0.607155  0.581225  0.543959  0.681330  0.460137  0.624571  0.753998  0.585527  0.479795  0.609474  0.656904  0.573402  0.565680  0.543280  0.564159  0.693182  0.490082  0.570970  0.585041  0.552863  0.720586  0.395919  0.649965  0.517467  0.613086  0.612160  0.611464  0.610469  0.710611  0.640492  0.625186  0.373935  0.554941 
11  0.551385  0.528294  0.345882  0.596904  0.573812  0.575373  0.308829  0.369614  0.498561  0.752208  0.562016 0.0  0.480998  0.636716  0.337200  0.625525  0.575592  0.351051  0.486345  0.684545  0.514276  0.615339  0.581809  0.423504  0.600058  0.609785  0.498237  0.678588  0.579041  0.571859  0.501004  0.286726  0.462811  0.523133  0.604732  0.556366  0.718247  0.603458  0.592450  0.619119  0.404531  0.567018  0.666915  0.553503  0.614998  0.595371  0.664931  0.656266  0.354536  0.585659  0.557432  0.420019  0.563707  0.609161  0.602186  0.651908  0.625449  0.619302  0.361730  0.624919 
12  0.468922  0.503916  0.382218  0.479580  0.556118  0.624864  0.404420  0.459613  0.473234  0.642388  0.417556  0.480998 0.0  0.545272  0.389891  0.463047  0.705629  0.405326  0.563001  0.551622  0.572273  0.649959  0.706021  0.513429  0.687122  0.484945  0.503968  0.573893  0.611331  0.541743  0.520302  0.418487  0.451991  0.794705  0.543170  0.437646  0.507757  0.475399  0.630511  0.612336  0.349787  0.539916  0.617500  0.503853  0.533699  0.597933  0.444574  0.456794  0.321527  0.571666  0.458011  0.608626  0.656660  0.628723  0.602899  0.699918  0.617583  0.697509  0.470710  0.600983 
13  0.681157  0.768684  0.622055  0.432733  0.472341  0.656839  0.644075  0.738876  0.352362  0.646907  0.582721  0.636716  0.545272 0.0  0.711254  0.569566  0.656374  0.575684  0.538121  0.664391  0.732961  0.550941  0.614340  0.569803  0.582603  0.507511  0.515428  0.465449  0.614293  0.527321  0.429301  0.696111  0.464274  0.561875  0.421061  0.546825  0.364112  0.481802  0.340043  0.644350  0.560399  0.572224  0.542851  0.503548  0.564281  0.613793  0.492046  0.497998  0.571695  0.518610  0.266733  0.612958  0.547187  0.475552  0.606130  0.591894  0.651652  0.620707  0.621208  0.695257 
14  0.411463  0.500620  0.343315  0.606226  0.693958  0.651961  0.337697  0.343771  0.599364  0.652401  0.459085  0.337200  0.389891  0.711254 0.0  0.643863  0.423642  0.534941  0.547913  0.672188  0.543449  0.547700  0.502904  0.455134  0.614689  0.444274  0.383065  0.566553  0.546862  0.767573  0.561820  0.346316  0.693848  0.716937  0.473931  0.659516  0.729942  0.713869  0.653074  0.764233  0.335950  0.599852  0.586233  0.456890  0.495169  0.586338  0.499519  0.544199  0.414855  0.695483  0.594196  0.570201  0.472759  0.669004  0.632787  0.574274  0.594991  0.782515  0.434419  0.564464 
15  0.565889  0.630277  0.626423  0.527402  0.536578  0.648782  0.510926  0.639794  0.478616  0.682667  0.622133  0.625525  0.463047  0.569566  0.643863 0.0  0.629805  0.534554  0.664139  0.574168  0.563429  0.654307  0.567927  0.692476  0.708656  0.603411  0.490483  0.607641  0.677398  0.544400  0.582220  0.483570  0.503584  0.611621  0.577378  0.528788  0.556992  0.439255  0.578622  0.571070  0.465242  0.569328  0.640884  0.600886  0.622611  0.519791  0.576943  0.578307  0.523137  0.564777  0.425114  0.485696  0.559979  0.648938  0.541807  0.666307  0.668809  0.449118  0.584332  0.710296 
16  0.530100  0.652164  0.642130  0.482104  0.578470  0.809018  0.621202  0.576140  0.471324  0.598948  0.733186  0.575592  0.705629  0.656374  0.423642  0.629805 0.0  0.775268  0.708576  0.731019  0.714602  0.560747  0.432375  0.692941  0.319629  0.374058  0.520835  0.799879  0.739075  0.655332  0.503773  0.728875  0.731504  0.612622  0.569030  0.595616  0.612508  0.819788  0.548421  0.793187  0.848892  0.524085  0.454921  0.532577  0.890060  0.611326  0.721008  0.613581  0.549156  0.545310  0.619762  0.660325  0.534533  0.559208  0.675004  0.615086  0.745569  0.776790  0.746117  0.572542 
17  0.606461  0.505904  0.309412  0.705981  0.612317  0.589925  0.336449  0.338349  0.519262  0.597844  0.547785  0.351051  0.405326  0.575684  0.534941  0.534554  0.775268 0.0  0.564166  0.676998  0.654864  0.550269  0.604691  0.597538  0.643832  0.588858  0.645738  0.711783  0.761837  0.546837  0.607554  0.255286  0.457765  0.740235  0.626767  0.604146  0.541379  0.859318  0.723336  0.726130  0.352353  0.542288  0.663788  0.601574  0.661417  0.730428  0.663670  0.745818  0.356683  0.664535  0.480126  0.469071  0.656674  0.739319  0.711771  0.563889  0.582328  0.654543  0.384397  0.578376 
18  0.468279  0.585289  0.525672  0.484498  0.543037  0.688756  0.617448  0.465434  0.513795  0.619245  0.672734  0.486345  0.563001  0.538121  0.547913  0.664139  0.708576  0.564166 0.0  0.680029  0.753130  0.464000  0.517353  0.649330  0.663215  0.541671  0.502456  0.395426  0.750826  0.572808  0.502559  0.510660  0.575819  0.589356  0.494079  0.603111  0.646441  0.452802  0.496355  0.720016  0.522860  0.648237  0.685866  0.625222  0.538374  0.713899  0.642344  0.688955  0.566367  0.609722  0.518981  0.748468  0.632460  0.504169  0.838355  0.651347  0.405352  0.681965  0.488339  0.756876 
19  0.651386  0.650011  0.665664  0.723124  0.435350  0.856483  0.667974  0.597516  0.545324  0.467456  0.458385  0.684545  0.551622  0.664391  0.672188  0.574168  0.731019  0.676998  0.680029 0.0  0.263553  0.545747  0.652521  0.740118  0.673831  0.615303  0.583025  0.701853  0.498521  0.667362  0.648731  0.498347  0.398687  0.606645  0.597758  0.315905  0.602595  0.579922  0.466672  0.299136  0.627993  0.438389  0.566371  0.679347  0.651529  0.436586  0.597446  0.813758  0.575917  0.696937  0.667184  0.382946  0.617772  0.651922  0.476949  0.625892  0.605532  0.608603  0.479486  0.342148 
20  0.613632  0.693166  0.697411  0.710627  0.511769  0.818107  0.402078  0.615917  0.637332  0.536568  0.571236  0.514276  0.572273  0.732961  0.543449  0.563429  0.714602  0.654864  0.753130  0.263553 0.0  0.466411  0.635422  0.805549  0.718953  0.700203  0.594287  0.603482  0.393496  0.606226  0.633232  0.503275  0.347681  0.593100  0.591940  0.278819  0.578490  0.574706  0.553712  0.317788  0.535469  0.471037  0.596022  0.849053  0.670652  0.408013  0.525762  0.723314  0.487021  0.701587  0.602842  0.268768  0.599318  0.706472  0.535655  0.672840  0.639831  0.555597  0.617988  0.288628 
21  0.406470  0.688359  0.480457  0.519931  0.663428  0.554027  0.596459  0.509469  0.588738  0.460900  0.561418  0.615339  0.649959  0.550941  0.547700  0.654307  0.560747  0.550269  0.464000  0.545747  0.466411 0.0  0.508087  0.709840  0.561106  0.446842  0.524136  0.612680  0.577283  0.626943  0.537763  0.537941  0.469972  0.787733  0.679229  0.515140  0.564793  0.593896  0.630147  0.695806  0.573434  0.659048  0.569747  0.551258  0.502328  0.534143  0.562850  0.641042  0.623316  0.557710  0.609304  0.574270  0.633025  0.535430  0.645607  0.537941  0.560321  0.583246  0.499716  0.679637 
22  0.549355  0.725759  0.673982  0.469532  0.623943  0.643020  0.639516  0.666443  0.413846  0.807387  0.643398  0.581809  0.706021  0.614340  0.502904  0.567927  0.432375  0.604691  0.517353  0.652521  0.635422  0.508087 0.0  0.651608  0.423704  0.490756  0.475938  0.526726  0.797608  0.488596  0.584256  0.638748  0.765956  0.604726  0.478761  0.772730  0.537592  0.781826  0.577644  0.696988  0.618921  0.785647  0.542127  0.623484  0.760457  0.641874  0.607692  0.544496  0.701347  0.504941  0.602494  0.663981  0.466951  0.610276  0.709616  0.629114  0.564421  0.581655  0.526724  0.667443 
23  0.459477  0.523237  0.437583  0.521954  0.681239  0.392368  0.437011  0.479349  0.583547  0.725713  0.499337  0.423504  0.513429  0.569803  0.455134  0.692476  0.692941  0.597538  0.649330  0.740118  0.805549  0.709840  0.651608 0.0  0.671541  0.640757  0.532243  0.594248  0.655496  0.475529  0.591626  0.515629  0.629715  0.678198  0.577437  0.718126  0.566786  0.558283  0.607301  0.809410  0.477965  0.743683  0.747055  0.579142  0.605133  0.678897  0.680835  0.632382  0.495702  0.696971  0.559860  0.562468  0.700216  0.589497  0.870226  0.582847  0.615186  0.601376  0.469968  0.644394 
24  0.707653  0.744251  0.521425  0.449381  0.647853  0.744881  0.772894  0.564446  0.607352  0.612213  0.745514  0.600058  0.687122  0.582603  0.614689  0.708656  0.319629  0.643832  0.663215  0.673831  0.718953  0.561106  0.423704  0.671541 0.0  0.549776  0.550679  0.601721  0.616449  0.523477  0.648029  0.614826  0.668432  0.539704  0.700844  0.731754  0.596508  0.774720  0.385506  0.747569  0.610514  0.600727  0.471046  0.622459  0.700006  0.647806  0.724629  0.634881  0.542214  0.488476  0.496803  0.604725  0.621949  0.602978  0.744951  0.546865  0.782163  0.757987  0.631554  0.684499 
25  0.509993  0.737164  0.493800  0.359303  0.618485  0.633332  0.527330  0.538486  0.446884  0.721504  0.554261  0.609785  0.484945  0.507511  0.444274  0.603411  0.374058  0.588858  0.541671  0.615303  0.700203  0.446842  0.490756  0.640757  0.549776 0.0  0.284891  0.513524  0.546197  0.571112  0.523645  0.621335  0.616946  0.560606  0.334336  0.614035  0.455236  0.556707  0.456904  0.550557  0.522202  0.634451  0.631439  0.378692  0.602614  0.565401  0.476450  0.297905  0.525662  0.413497  0.417374  0.682077  0.352605  0.429013  0.648389  0.583313  0.521241  0.681398  0.527595  0.705242 
26  0.396864  0.547823  0.461768  0.309188  0.518553  0.483591  0.496765  0.567957  0.389239  0.691136  0.461085  0.498237  0.503968  0.515428  0.383065  0.490483  0.520835  0.645738  0.502456  0.583025  0.594287  0.524136  0.475938  0.532243  0.550679  0.284891 0.0  0.467319  0.672215  0.548262  0.471497  0.603774  0.647329  0.773642  0.293477  0.561429  0.420034  0.544959  0.542544  0.699413  0.541017  0.606799  0.558929  0.282605  0.572746  0.513735  0.461541  0.287915  0.459235  0.452562  0.342327  0.611777  0.280764  0.453582  0.784167  0.525906  0.474243  0.601596  0.521582  0.637703 
27  0.490600  0.633995  0.539403  0.338548  0.607369  0.588880  0.627119  0.633170  0.476862  0.581923  0.607155  0.678588  0.573893  0.465449  0.566553  0.607641  0.799879  0.711783  0.395426  0.701853  0.603482  0.612680  0.526726  0.594248  0.601721  0.513524  0.467319 0.0  0.686249  0.511090  0.586959  0.595932  0.541984  0.654105  0.473243  0.615830  0.506775  0.438399  0.625501  0.605142  0.472855  0.582964  0.665543  0.461679  0.496758  0.826344  0.603681  0.435066  0.566620  0.522425  0.516849  0.661099  0.516203  0.424957  0.797110  0.675475  0.495808  0.692695  0.468916  0.809956 
28  0.712840  0.699248  0.682268  0.824689  0.584458  0.801173  0.589818  0.718252  0.596151  0.537592  0.581225  0.579041  0.611331  0.614293  0.546862  0.677398  0.739075  0.761837  0.750826  0.498521  0.393496  0.577283  0.797608  0.655496  0.616449  0.546197  0.672215  0.686249 0.0  0.614093  0.611615  0.521651  0.545152  0.715782  0.585354  0.435178  0.821221  0.583695  0.505303  0.428110  0.738584  0.575271  0.512181  0.746240  0.540180  0.347456  0.632881  0.561610  0.628463  0.673435  0.593382  0.541215  0.539493  0.682148  0.574216  0.479410  0.660050  0.579004  0.704014  0.490588 
29  0.633834  0.639975  0.627688  0.487230  0.622385  0.578028  0.525803  0.587649  0.423871  0.578410  0.543959  0.571859  0.541743  0.527321  0.767573  0.544400  0.655332  0.546837  0.572808  0.667362  0.606226  0.626943  0.488596  0.475529  0.523477  0.571112  0.548262  0.511090  0.614093 0.0  0.570673  0.537018  0.469346  0.621208  0.419546  0.524524  0.438077  0.660954  0.454418  0.639592  0.458013  0.673822  0.557026  0.565123  0.698127  0.556851  0.579791  0.550024  0.636680  0.542788  0.373051  0.469964  0.369562  0.567334  0.669416  0.685423  0.679656  0.535129  0.603327  0.631214 
30  0.374063  0.665076  0.513885  0.552309  0.493043  0.700133  0.590726  0.613834  0.573894  0.714148  0.681330  0.501004  0.520302  0.429301  0.561820  0.582220  0.503773  0.607554  0.502559  0.648731  0.633232  0.537763  0.584256  0.591626  0.648029  0.523645  0.471497  0.586959  0.611615  0.570673 0.0  0.591254  0.589593  0.614197  0.635178  0.589856  0.548097  0.623494  0.725634  0.705829  0.612517  0.754894  0.575970  0.595698  0.613209  0.729557  0.580879  0.589874  0.632664  0.588967  0.563010  0.653603  0.609912  0.615136  0.649668  0.638674  0.734032  0.649552  0.563734  0.850852 
31  0.515571  0.493482  0.285944  0.592436  0.587927  0.592922  0.271374  0.404040  0.547082  0.636690  0.460137  0.286726  0.418487  0.696111  0.346316  0.483570  0.728875  0.255286  0.510660  0.498347  0.503275  0.537941  0.638748  0.515629  0.614826  0.621335  0.603774  0.595932  0.521651  0.537018  0.591254 0.0  0.403802  0.725051  0.421477  0.483339  0.524703  0.501964  0.534663  0.676891  0.270329  0.522833  0.528619  0.481708  0.501952  0.666582  0.454176  0.610730  0.328729  0.662365  0.425786  0.390874  0.485518  0.617901  0.633438  0.615054  0.482220  0.597170  0.354088  0.589817 
32  0.518117  0.749576  0.472424  0.575815  0.406505  0.727151  0.610114  0.618497  0.480515  0.473904  0.624571  0.462811  0.451991  0.464274  0.693848  0.503584  0.731504  0.457765  0.575819  0.398687  0.347681  0.469972  0.765956  0.629715  0.668432  0.616946  0.647329  0.541984  0.545152  0.469346  0.589593  0.403802 0.0  0.708499  0.572968  0.273364  0.503235  0.394234  0.620181  0.420005  0.396165  0.458394  0.651364  0.508614  0.490580  0.601471  0.503755  0.534374  0.531358  0.640404  0.513735  0.294040  0.552102  0.769831  0.465082  0.572360  0.410547  0.521123  0.583872  0.528487 
33  0.585444  0.636615  0.656302  0.602610  0.439271  0.759864  0.751827  0.693877  0.612220  0.728832  0.753998  0.523133  0.794705  0.561875  0.716937  0.611621  0.612622  0.740235  0.589356  0.606645  0.593100  0.787733  0.604726  0.678198  0.539704  0.560606  0.773642  0.654105  0.715782  0.621208  0.614197  0.725051  0.708499 0.0  0.614721  0.669475  0.720114  0.547074  0.663496  0.629273  0.620148  0.563046  0.722137  0.611687  0.684897  0.704361  0.713501  0.599897  0.819584  0.587815  0.603604  0.561732  0.658024  0.551807  0.563288  0.725561  0.398837  0.685280  0.649412  0.605424 
34  0.514521  0.784085  0.512305  0.454600  0.549680  0.627950  0.553211  0.671786  0.328841  0.545481  0.585527  0.604732  0.543170  0.421061  0.473931  0.577378  0.569030  0.626767  0.494079  0.597758  0.591940  0.679229  0.478761  0.577437  0.700844  0.334336  0.293477  0.473243  0.585354  0.419546  0.635178  0.421477  0.572968  0.614721 0.0  0.500030  0.331447  0.587503  0.441748  0.647968  0.483010  0.616423  0.517343  0.322988  0.532331  0.655991  0.508616  0.363338  0.413294  0.518560  0.324714  0.567196  0.232413  0.395973  0.768360  0.574208  0.611556  0.485198  0.616746  0.546514 
35  0.571309  0.619309  0.663030  0.593646  0.495054  0.738078  0.510756  0.575053  0.555325  0.532946  0.479795  0.556366  0.437646  0.546825  0.659516  0.528788  0.595616  0.604146  0.603111  0.315905  0.278819  0.515140  0.772730  0.718126  0.731754  0.614035  0.561429  0.615830  0.435178  0.524524  0.589856  0.483339  0.273364  0.669475  0.500030 0.0  0.438015  0.371381  0.720723  0.313270  0.505709  0.446428  0.582201  0.540804  0.452473  0.604052  0.512320  0.742611  0.515594  0.620218  0.523828  0.364861  0.590841  0.728523  0.421258  0.504930  0.589227  0.523719  0.572261  0.426819 
36  0.539615  0.759098  0.442985  0.491400  0.522022  0.599619  0.547699  0.560678  0.310320  0.552029  0.609474  0.718247  0.507757  0.364112  0.729942  0.556992  0.612508  0.541379  0.646441  0.602595  0.578490  0.564793  0.537592  0.566786  0.596508  0.455236  0.420034  0.506775  0.821221  0.438077  0.548097  0.524703  0.503235  0.720114  0.331447  0.438015 0.0  0.462214  0.465562  0.636861  0.566889  0.645895  0.498162  0.428774  0.435916  0.713576  0.500142  0.383709  0.416228  0.431931  0.370617  0.690955  0.437355  0.512202  0.587148  0.581591  0.595725  0.616638  0.635029  0.656040 
37  0.477921  0.619451  0.452571  0.429210  0.299446  0.697607  0.567614  0.565986  0.523390  0.645526  0.656904  0.603458  0.475399  0.481802  0.713869  0.439255  0.819788  0.859318  0.452802  0.579922  0.574706  0.593896  0.781826  0.558283  0.774720  0.556707  0.544959  0.438399  0.583695  0.660954  0.623494  0.501964  0.394234  0.547074  0.587503  0.371381  0.462214 0.0  0.578528  0.706446  0.463184  0.587820  0.708091  0.589250  0.450602  0.727828  0.378621  0.491796  0.601138  0.517820  0.510491  0.487222  0.644041  0.541919  0.541286  0.723139  0.407066  0.676939  0.404163  0.545039 
38  0.774973  0.794619  0.642646  0.643987  0.559293  0.639001  0.669548  0.639373  0.520059  0.603475  0.573402  0.592450  0.630511  0.340043  0.653074  0.578622  0.548421  0.723336  0.496355  0.466672  0.553712  0.630147  0.577644  0.607301  0.385506  0.456904  0.542544  0.625501  0.505303  0.454418  0.725634  0.534663  0.620181  0.663496  0.441748  0.720723  0.465562  0.578528 0.0  0.610318  0.574653  0.673723  0.358052  0.524585  0.781784  0.532963  0.626510  0.592790  0.541805  0.524819  0.361124  0.531111  0.517040  0.606112  0.557351  0.683374  0.638570  0.628657  0.620307  0.537849 
39  0.642905  0.615281  0.731926  0.668473  0.598884  0.915155  0.641067  0.646718  0.687344  0.458290  0.565680  0.619119  0.612336  0.644350  0.764233  0.571070  0.793187  0.726130  0.720016  0.299136  0.317788  0.695806  0.696988  0.809410  0.747569  0.550557  0.699413  0.605142  0.428110  0.639592  0.705829  0.676891  0.420005  0.629273  0.647968  0.313270  0.636861  0.706446  0.610318 0.0  0.683067  0.347664  0.644251  0.683317  0.641574  0.517620  0.651519  0.823934  0.691615  0.634808  0.653087  0.454112  0.805144  0.781206  0.424911  0.785078  0.660264  0.542922  0.767397  0.445214 
40  0.506383  0.522741  0.331006  0.474012  0.596295  0.538389  0.338950  0.367363  0.451256  0.693194  0.543280  0.404531  0.349787  0.560399  0.335950  0.465242  0.848892  0.352353  0.522860  0.627993  0.535469  0.573434  0.618921  0.477965  0.610514  0.522202  0.541017  0.472855  0.738584  0.458013  0.612517  0.270329  0.396165  0.620148  0.483010  0.505709  0.566889  0.463184  0.574653  0.683067 0.0  0.546569  0.605927  0.468215  0.516542  0.731070  0.479867  0.592567  0.292069  0.568396  0.381797  0.499656  0.430062  0.488576  0.682752  0.565512  0.498297  0.495447  0.335588  0.628511 
41  0.724462  0.668715  0.590015  0.533205  0.519412  0.790390  0.583419  0.689772  0.760758  0.404546  0.564159  0.567018  0.539916  0.572224  0.599852  0.569328  0.524085  0.542288  0.648237  0.438389  0.471037  0.659048  0.785647  0.743683  0.600727  0.634451  0.606799  0.582964  0.575271  0.673822  0.754894  0.522833  0.458394  0.563046  0.616423  0.446428  0.645895  0.587820  0.673723  0.347664  0.546569 0.0  0.617393  0.692146  0.610766  0.557696  0.483495  0.657741  0.568566  0.671968  0.639749  0.377523  0.611296  0.610484  0.414045  0.644481  0.614833  0.694888  0.572567  0.417104 
42  0.680790  0.660441  0.612555  0.584922  0.689314  0.649203  0.678478  0.751216  0.572254  0.489921  0.693182  0.666915  0.617500  0.542851  0.586233  0.640884  0.454921  0.663788  0.685866  0.566371  0.596022  0.569747  0.542127  0.747055  0.471046  0.631439  0.558929  0.665543  0.512181  0.557026  0.575970  0.528619  0.651364  0.722137  0.517343  0.582201  0.498162  0.708091  0.358052  0.644251  0.605927  0.617393 0.0  0.531692  0.651121  0.602215  0.677816  0.576341  0.676568  0.538636  0.514930  0.603403  0.511322  0.587725  0.648287  0.568686  0.720627  0.658790  0.754934  0.723217 
43  0.437798  0.558824  0.556095  0.339223  0.609962  0.612172  0.514830  0.590850  0.380443  0.579334  0.490082  0.553503  0.503853  0.503548  0.456890  0.600886  0.532577  0.601574  0.625222  0.679347  0.849053  0.551258  0.623484  0.579142  0.622459  0.378692  0.282605  0.461679  0.746240  0.565123  0.595698  0.481708  0.508614  0.611687  0.322988  0.540804  0.428774  0.589250  0.524585  0.683317  0.468215  0.692146  0.531692 0.0  0.482254  0.783192  0.574274  0.370047  0.546111  0.527473  0.359638  0.727325  0.338419  0.519121  0.741850  0.428617  0.529550  0.598404  0.548444  0.662518 
44  0.415978  0.625638  0.505037  0.648809  0.472757  0.630074  0.634576  0.633566  0.447501  0.598101  0.570970  0.614998  0.533699  0.564281  0.495169  0.622611  0.890060  0.661417  0.538374  0.651529  0.670652  0.502328  0.760457  0.605133  0.700006  0.602614  0.572746  0.496758  0.540180  0.698127  0.613209  0.501952  0.490580  0.684897  0.532331  0.452473  0.435916  0.450602  0.781784  0.641574  0.516542  0.610766  0.651121  0.482254 0.0  0.763654  0.459724  0.614742  0.654357  0.675136  0.550943  0.716762  0.601602  0.560355  0.676008  0.458747  0.530128  0.606223  0.535122  0.585913 
45  0.658574  0.753340  0.770343  0.604012  0.717569  0.689026  0.663843  0.766479  0.696499  0.523833  0.585041  0.595371  0.597933  0.613793  0.586338  0.519791  0.611326  0.730428  0.713899  0.436586  0.408013  0.534143  0.641874  0.678897  0.647806  0.565401  0.513735  0.826344  0.347456  0.556851  0.729557  0.666582  0.601471  0.704361  0.655991  0.604052  0.713576  0.727828  0.532963  0.517620  0.731070  0.557696  0.602215  0.783192  0.763654 0.0  0.654356  0.697884  0.615764  0.476245  0.616942  0.434770  0.680339  0.704030  0.567913  0.553161  0.790507  0.523457  0.630004  0.587592 
46  0.529082  0.541134  0.574120  0.529127  0.530625  0.675785  0.618317  0.604905  0.500035  0.661401  0.552863  0.664931  0.444574  0.492046  0.499519  0.576943  0.721008  0.663670  0.642344  0.597446  0.525762  0.562850  0.607692  0.680835  0.724629  0.476450  0.461541  0.603681  0.632881  0.579791  0.580879  0.454176  0.503755  0.713501  0.508616  0.512320  0.500142  0.378621  0.626510  0.651519  0.479867  0.483495  0.677816  0.574274  0.459724  0.654356 0.0  0.532252  0.470090  0.567677  0.456946  0.469919  0.582435  0.612346  0.612481  0.658963  0.584925  0.621007  0.539418  0.670285 
47  0.486451  0.652881  0.573197  0.302232  0.596405  0.629637  0.612265  0.713850  0.501319  0.681310  0.720586  0.656266  0.456794  0.497998  0.544199  0.578307  0.613581  0.745818  0.688955  0.813758  0.723314  0.641042  0.544496  0.632382  0.634881  0.297905  0.287915  0.435066  0.561610  0.550024  0.589874  0.610730  0.534374  0.599897  0.363338  0.742611  0.383709  0.491796  0.592790  0.823934  0.592567  0.657741  0.576341  0.370047  0.614742  0.697884  0.532252 0.0  0.583930  0.515012  0.441793  0.670628  0.421384  0.489186  0.706767  0.546149  0.597476  0.702788  0.607723  0.601288 
48  0.532311  0.495945  0.228084  0.536927  0.588668  0.632678  0.350533  0.340490  0.471454  0.690450  0.395919  0.354536  0.321527  0.571695  0.414855  0.523137  0.549156  0.356683  0.566367  0.575917  0.487021  0.623316  0.701347  0.495702  0.542214  0.525662  0.459235  0.566620  0.628463  0.636680  0.632664  0.328729  0.531358  0.819584  0.413294  0.515594  0.416228  0.601138  0.541805  0.691615  0.292069  0.568566  0.676568  0.546111  0.654357  0.615764  0.470090  0.583930 0.0  0.624020  0.477281  0.519265  0.554624  0.618411  0.677146  0.401222  0.623786  0.599110  0.354801  0.478298 
49  0.589753  0.630221  0.481685  0.470124  0.576327  0.650977  0.636627  0.640669  0.535178  0.741861  0.649965  0.585659  0.571666  0.518610  0.695483  0.564777  0.545310  0.664535  0.609722  0.696937  0.701587  0.557710  0.504941  0.696971  0.488476  0.413497  0.452562  0.522425  0.673435  0.542788  0.588967  0.662365  0.640404  0.587815  0.518560  0.620218  0.431931  0.517820  0.524819  0.634808  0.568396  0.671968  0.538636  0.527473  0.675136  0.476245  0.567677  0.515012  0.624020 0.0  0.471727  0.594360  0.458572  0.638696  0.647848  0.625509  0.680988  0.607612  0.600065  0.677101 
50  0.448137  0.641993  0.514738  0.377366  0.493557  0.487084  0.542870  0.514380  0.300459  0.526010  0.517467  0.557432  0.458011  0.266733  0.594196  0.425114  0.619762  0.480126  0.518981  0.667184  0.602842  0.609304  0.602494  0.559860  0.496803  0.417374  0.342327  0.516849  0.593382  0.373051  0.563010  0.425786  0.513735  0.603604  0.324714  0.523828  0.370617  0.510491  0.361124  0.653087  0.381797  0.639749  0.514930  0.359638  0.550943  0.616942  0.456946  0.441793  0.477281  0.471727 0.0  0.508158  0.415014  0.479225  0.646201  0.469914  0.496419  0.634940  0.488762  0.683268 
51  0.598585  0.656137  0.492884  0.594437  0.443378  0.663908  0.543407  0.555613  0.542187  0.527929  0.613086  0.420019  0.608626  0.612958  0.570201  0.485696  0.660325  0.469071  0.748468  0.382946  0.268768  0.574270  0.663981  0.562468  0.604725  0.682077  0.611777  0.661099  0.541215  0.469964  0.653603  0.390874  0.294040  0.561732  0.567196  0.364861  0.690955  0.487222  0.531111  0.454112  0.499656  0.377523  0.603403  0.727325  0.716762  0.434770  0.469919  0.670628  0.519265  0.594360  0.508158 0.0  0.830547  0.720053  0.533114  0.619862  0.582016  0.569644  0.484103  0.476330 
52  0.573832  0.642052  0.536313  0.422980  0.675355  0.655045  0.426605  0.550031  0.414427  0.505880  0.612160  0.563707  0.656660  0.547187  0.472759  0.559979  0.534533  0.656674  0.632460  0.617772  0.599318  0.633025  0.466951  0.700216  0.621949  0.352605  0.280764  0.516203  0.539493  0.369562  0.609912  0.485518  0.552102  0.658024  0.232413  0.590841  0.437355  0.644041  0.517040  0.805144  0.430062  0.611296  0.511322  0.338419  0.601602  0.680339  0.582435  0.421384  0.554624  0.458572  0.415014  0.830547 0.0  0.452235  0.512834  0.418966  0.493221  0.562153  0.706470  0.815929 
53  0.542817  0.554947  0.573511  0.449311  0.543031  0.775969  0.520831  0.543328  0.498796  0.689455  0.611464  0.609161  0.628723  0.475552  0.669004  0.648938  0.559208  0.739319  0.504169  0.651922  0.706472  0.535430  0.610276  0.589497  0.602978  0.429013  0.453582  0.424957  0.682148  0.567334  0.615136  0.617901  0.769831  0.551807  0.395973  0.728523  0.512202  0.541919  0.606112  0.781206  0.488576  0.610484  0.587725  0.519121  0.560355  0.704030  0.612346  0.489186  0.618411  0.638696  0.479225  0.720053  0.452235 0.0  0.821605  0.514884  0.442957  0.626828  0.579397  0.705279 
54  0.686550  0.654799  0.595544  0.802983  0.549366  0.819342  0.543963  0.660735  0.695891  0.508483  0.610469  0.602186  0.602899  0.606130  0.632787  0.541807  0.675004  0.711771  0.838355  0.476949  0.535655  0.645607  0.709616  0.870226  0.744951  0.648389  0.784167  0.797110  0.574216  0.669416  0.649668  0.633438  0.465082  0.563288  0.768360  0.421258  0.587148  0.541286  0.557351  0.424911  0.682752  0.414045  0.648287  0.741850  0.676008  0.567913  0.612481  0.706767  0.677146  0.647848  0.646201  0.533114  0.512834  0.821605 0.0  0.680818  0.718667  0.621361  0.793155  0.596218 
55  0.464484  0.634559  0.550358  0.641182  0.685352  0.465268  0.508211  0.716668  0.506863  0.601436  0.710611  0.651908  0.699918  0.591894  0.574274  0.666307  0.615086  0.563889  0.651347  0.625892  0.672840  0.537941  0.629114  0.582847  0.546865  0.583313  0.525906  0.675475  0.479410  0.685423  0.638674  0.615054  0.572360  0.725561  0.574208  0.504930  0.581591  0.723139  0.683374  0.785078  0.565512  0.644481  0.568686  0.428617  0.458747  0.553161  0.658963  0.546149  0.401222  0.625509  0.469914  0.619862  0.418966  0.514884  0.680818 0.0  0.525344  0.677675  0.633629  0.639223 
56  0.457445  0.682252  0.393620  0.433713  0.374349  0.662949  0.558090  0.590482  0.463391  0.549481  0.640492  0.625449  0.617583  0.651652  0.594991  0.668809  0.745569  0.582328  0.405352  0.605532  0.639831  0.560321  0.564421  0.615186  0.782163  0.521241  0.474243  0.495808  0.660050  0.679656  0.734032  0.482220  0.410547  0.398837  0.611556  0.589227  0.595725  0.407066  0.638570  0.660264  0.498297  0.614833  0.720627  0.529550  0.530128  0.790507  0.584925  0.597476  0.623786  0.680988  0.496419  0.582016  0.493221  0.442957  0.718667  0.525344 0.0  0.660628  0.518342  0.609131 
57  0.693460  0.687415  0.729348  0.696946  0.661368  0.649521  0.673436  0.549718  0.604915  0.464072  0.625186  0.619302  0.697509  0.620707  0.782515  0.449118  0.776790  0.654543  0.681965  0.608603  0.555597  0.583246  0.581655  0.601376  0.757987  0.681398  0.601596  0.692695  0.579004  0.535129  0.649552  0.597170  0.521123  0.685280  0.485198  0.523719  0.616638  0.676939  0.628657  0.542922  0.495447  0.694888  0.658790  0.598404  0.606223  0.523457  0.621007  0.702788  0.599110  0.607612  0.634940  0.569644  0.562153  0.626828  0.621361  0.677675  0.660628 0.0  0.644260  0.526092 
58  0.505675  0.635884  0.252025  0.515526  0.519788  0.517033  0.453271  0.388627  0.596890  0.666767  0.373935  0.361730  0.470710  0.621208  0.434419  0.584332  0.746117  0.384397  0.488339  0.479486  0.617988  0.499716  0.526724  0.469968  0.631554  0.527595  0.521582  0.468916  0.704014  0.603327  0.563734  0.354088  0.583872  0.649412  0.616746  0.572261  0.635029  0.404163  0.620307  0.767397  0.335588  0.572567  0.754934  0.548444  0.535122  0.630004  0.539418  0.607723  0.354801  0.600065  0.488762  0.484103  0.706470  0.579397  0.793155  0.633629  0.518342  0.644260 0.0  0.538490 
59  0.572491  0.688240  0.596577  0.773276  0.593975  1.000000  0.562073  0.569164  0.747052  0.602836  0.554941  0.624919  0.600983  0.695257  0.564464  0.710296  0.572542  0.578376  0.756876  0.342148  0.288628  0.679637  0.667443  0.644394  0.684499  0.705242  0.637703  0.809956  0.490588  0.631214  0.850852  0.589817  0.528487  0.605424  0.546514  0.426819  0.656040  0.545039  0.537849  0.445214  0.628511  0.417104  0.723217  0.662518  0.585913  0.587592  0.670285  0.601288  0.478298  0.677101  0.683268  0.476330  0.815929  0.705279  0.596218  0.639223  0.609131  0.526092  0.538490 0.0 
