60
0 0.0  0.589425  0.381569  0.482761  0.608288  0.504320  0.543349  0.528754  0.556794  0.642404  0.505112  0.546398  0.449892  0.551450  0.513799  0.671479  0.585150  0.639787  0.517233  0.607917  0.608642  0.454869  0.634434  0.487276  0.688893  0.496278  0.338032  0.456949  0.690466  0.677662  0.415030  0.510911  0.499533  0.594251  0.527278  0.536690  0.499785  0.502217  0.743019  0.533069  0.553535  0.501692  0.699020  0.377057  0.436112  0.694961  0.555923  0.487655  0.561938  0.627511  0.519224  0.667978  0.460913  0.605945  0.776100  0.485738  0.428827  0.674981  0.496710  0.589706 
1  0.589425 0.0  0.514639  0.548555  0.772857  0.451592  0.552044  0.459772  0.745865  0.752673  0.484071  0.502984  0.512451  0.678975  0.496107  0.602538  0.727637  0.462488  0.752623  0.763667  0.641632  0.666620  0.646854  0.672390  0.761236  0.641478  0.633466  0.566685  0.644758  0.625102  0.643080  0.444966  0.693086  0.669536  0.746953  0.669162  0.666891  0.622486  0.708996  0.666162  0.513565  0.611635  0.842611  0.686753  0.781310  0.666652  0.602012  0.547725  0.448054  0.684860  0.662670  0.637136  0.597106  0.694456  0.741524  0.719150  0.620842  0.747504  0.607569  0.755287 
2  0.381569  0.514639 0.0  0.553343  0.652945  0.514210  0.367515  0.267625  0.528377  0.727920  0.450853  0.283080  0.369120  0.599745  0.343673  0.608273  0.807771  0.303890  0.437694  0.641640  0.657245  0.546561  0.563600  0.404340  0.459438  0.572618  0.455215  0.504525  0.689718  0.661858  0.495633  0.267119  0.551695  0.542719  0.546202  0.602209  0.553390  0.523444  0.656224  0.741452  0.254898  0.594427  0.771896  0.538654  0.598390  0.748840  0.535278  0.618595  0.297316  0.664501  0.553488  0.501012  0.688104  0.540342  0.686273  0.617042  0.574911  0.706493  0.261112  0.598854 
3  0.482761  0.548555  0.553343 0.0  0.540835  0.538402  0.518170  0.571370  0.410971  0.699069  0.632087  0.603002  0.589087  0.456240  0.572572  0.693530  0.537510  0.609693  0.478666  0.683232  0.756859  0.574159  0.476205  0.621373  0.519632  0.323699  0.415290  0.404323  0.687033  0.518433  0.696313  0.643671  0.561750  0.751010  0.473846  0.608649  0.567606  0.493912  0.521220  0.647520  0.436712  0.601076  0.664875  0.393509  0.641730  0.636854  0.596931  0.287033  0.505624  0.453562  0.396354  0.742436  0.398183  0.483239  0.815998  0.611326  0.441943  0.650400  0.518234  0.742565 
4  0.608288  0.772857  0.652945  0.540835 0.0  0.775083  0.647450  0.695750  0.535557  0.538540  0.631704  0.634856  0.672469  0.501498  0.781553  0.588413  0.716141  0.653453  0.557084  0.518968  0.618906  0.658992  0.610625  0.697849  0.647392  0.720225  0.616252  0.591462  0.725993  0.552668  0.571167  0.593714  0.394493  0.511779  0.651683  0.549515  0.429562  0.345268  0.634624  0.576089  0.560065  0.499618  0.622770  0.625002  0.566947  0.592456  0.569560  0.675358  0.656678  0.637630  0.529776  0.451358  0.704551  0.549439  0.599020  0.630015  0.388222  0.585260  0.520669  0.498529 
5  0.504320  0.451592  0.514210  0.538402  0.775083 0.0  0.507887  0.581342  0.647646  0.945120  0.701045  0.574815  0.571672  0.703136  0.621575  0.554646  0.795720  0.585449  0.666082  0.931721  1.000000  0.679826  0.668841  0.375853  0.860420  0.603737  0.580919  0.711712  0.908028  0.730763  0.706729  0.593919  0.696702  0.687273  0.670316  0.737581  0.655173  0.538822  0.659711  0.903860  0.592073  0.780433  0.666030  0.650346  0.629601  0.757364  0.650434  0.659781  0.672117  0.641315  0.575471  0.672740  0.826781  0.666197  0.871742  0.532440  0.651431  0.770081  0.574822  0.853106 
6  0.543349  0.552044  0.367515  0.518170  0.647450  0.507887 0.0  0.394401  0.637162  0.705224  0.473534  0.284239  0.414445  0.669963  0.303842  0.553575  0.652322  0.347388  0.746997  0.691102  0.519903  0.689870  0.709716  0.450935  0.791762  0.550974  0.483694  0.542131  0.631354  0.622434  0.603217  0.259861  0.567478  0.665521  0.567344  0.580797  0.639040  0.582410  0.521509  0.729814  0.367096  0.618431  0.722418  0.536433  0.701239  0.523552  0.704131  0.578033  0.385419  0.568300  0.503323  0.658905  0.511567  0.648131  0.708311  0.543331  0.531796  0.710510  0.370191  0.606547 
7  0.528754  0.459772  0.267625  0.571370  0.695750  0.581342  0.394401 0.0  0.579149  0.762724  0.424094  0.438029  0.481873  0.741948  0.385509  0.599905  0.656143  0.382100  0.540386  0.752372  0.667638  0.492423  0.608629  0.523942  0.576798  0.578853  0.590195  0.565724  0.694662  0.636565  0.687060  0.402596  0.571502  0.766903  0.669888  0.692750  0.788605  0.710105  0.696765  0.761643  0.387268  0.600788  0.725519  0.638834  0.644871  0.736510  0.609895  0.650113  0.425514  0.556149  0.551738  0.608333  0.570056  0.659469  0.773651  0.680111  0.601940  0.758925  0.371877  0.663236 
8  0.556794  0.745865  0.528377  0.410971  0.535557  0.647646  0.637162  0.579149 0.0  0.687021  0.531065  0.552281  0.516086  0.415585  0.487910  0.517303  0.540383  0.620978  0.490448  0.680511  0.553036  0.610229  0.441815  0.571539  0.519472  0.464952  0.393222  0.622473  0.655938  0.366149  0.634095  0.521480  0.456348  0.603092  0.315869  0.506579  0.385806  0.495154  0.507011  0.608581  0.454596  0.683193  0.543464  0.382177  0.521769  0.630426  0.468570  0.455382  0.484861  0.569803  0.279315  0.552600  0.388528  0.423980  0.695606  0.574496  0.483541  0.622848  0.444113  0.625685 
9  0.642404  0.752673  0.727920  0.699069  0.538540  0.945120  0.705224  0.762724  0.687021 0.0  0.774934  0.666051  0.685826  0.568451  0.711873  0.623226  0.610432  0.803307  0.646352  0.540832  0.556020  0.670154  0.781847  0.699661  0.730541  0.659985  0.818568  0.771124  0.547687  0.587010  0.537870  0.648267  0.448352  0.650086  0.655963  0.521685  0.665916  0.634598  0.588553  0.468666  0.619995  0.587768  0.514449  0.589460  0.581165  0.586132  0.590070  0.595306  0.601107  0.709116  0.745999  0.700949  0.602490  0.718265  0.516312  0.615278  0.584350  0.466803  0.703492  0.640133 
10  0.505112  0.484071  0.450853  0.632087  0.631704  0.701045  0.473534  0.424094  0.531065  0.774934 0.0  0.467708  0.432965  0.684619  0.380882  0.631721  0.682136  0.546498  0.806160  0.449606  0.560573  0.529937  0.603181  0.455758  0.745548  0.632626  0.628610  0.622286  0.612634  0.773055  0.675335  0.536744  0.608190  0.727689  0.598024  0.503986  0.625664  0.509214  0.724644  0.756564  0.582837  0.608186  0.791438  0.642114  0.405956  0.762854  0.522434  0.648630  0.397791  0.753773  0.614618  0.600247  0.551886  0.540658  0.710495  0.790878  0.620865  0.722701  0.412475  0.506271 
11  0.546398  0.502984  0.283080  0.603002  0.634856  0.574815  0.284239  0.438029  0.552281  0.666051  0.467708 0.0  0.509467  0.585305  0.276594  0.539247  0.583367  0.324333  0.533942  0.641384  0.518034  0.580665  0.570766  0.516624  0.651932  0.602320  0.615343  0.515431  0.590762  0.585804  0.714296  0.325208  0.540725  0.667394  0.630084  0.502825  0.673519  0.644587  0.714018  0.625800  0.360097  0.637539  0.718964  0.694866  0.687684  0.593890  0.577260  0.787042  0.340195  0.602855  0.488285  0.416433  0.553574  0.571805  0.748092  0.599381  0.507118  0.678569  0.372805  0.553795 
12  0.449892  0.512451  0.369120  0.589087  0.672469  0.571672  0.414445  0.481873  0.516086  0.685826  0.432965  0.509467 0.0  0.495829  0.397563  0.515345  0.651702  0.506875  0.568516  0.585146  0.547854  0.608938  0.728101  0.697640  0.783787  0.452536  0.479846  0.500939  0.627881  0.530689  0.531859  0.434066  0.494956  0.760375  0.510758  0.412529  0.525202  0.454287  0.626060  0.548964  0.313612  0.643077  0.627830  0.616561  0.469493  0.697090  0.443350  0.588914  0.376096  0.461500  0.499568  0.578997  0.569102  0.656067  0.548088  0.574478  0.584071  0.537992  0.428173  0.687791 
13  0.551450  0.678975  0.599745  0.456240  0.501498  0.703136  0.669963  0.741948  0.415585  0.568451  0.684619  0.585305  0.495829 0.0  0.676302  0.556053  0.776322  0.682633  0.491449  0.658764  0.646974  0.607097  0.727421  0.582296  0.620262  0.488934  0.460980  0.606758  0.618900  0.528793  0.475564  0.626397  0.549454  0.692846  0.490211  0.526504  0.388270  0.498936  0.460805  0.677428  0.458122  0.734750  0.550452  0.626949  0.599080  0.686469  0.527201  0.484491  0.659998  0.560912  0.319917  0.564312  0.516308  0.518073  0.723669  0.593755  0.657915  0.579104  0.593011  0.727028 
14  0.513799  0.496107  0.343673  0.572572  0.781553  0.621575  0.303842  0.385509  0.487910  0.711873  0.380882  0.276594  0.397563  0.676302 0.0  0.683996  0.572039  0.529507  0.568997  0.664345  0.601380  0.572280  0.568883  0.555591  0.473424  0.501465  0.450804  0.698373  0.575934  0.696808  0.566031  0.366948  0.702689  0.669887  0.559235  0.585568  0.686605  0.632705  0.692266  0.683211  0.357737  0.672572  0.644868  0.566782  0.578855  0.697610  0.666358  0.607084  0.371883  0.675187  0.665021  0.723379  0.533475  0.563922  0.811088  0.722448  0.610466  0.774124  0.479527  0.608183 
15  0.671479  0.602538  0.608273  0.693530  0.588413  0.554646  0.553575  0.599905  0.517303  0.623226  0.631721  0.539247  0.515345  0.556053  0.683996 0.0  0.763562  0.506769  0.615914  0.637507  0.488677  0.644825  0.645789  0.562704  0.773509  0.667061  0.635760  0.624999  0.590319  0.556463  0.586582  0.484247  0.446835  0.748761  0.502291  0.433253  0.480270  0.592570  0.572287  0.609434  0.503633  0.601772  0.440711  0.537468  0.557719  0.556500  0.550731  0.549152  0.543141  0.541717  0.490932  0.539376  0.616074  0.693762  0.627260  0.666368  0.702743  0.535457  0.680154  0.680850 
16  0.585150  0.727637  0.807771  0.537510  0.716141  0.795720  0.652322  0.656143  0.540383  0.610432  0.682136  0.583367  0.651702  0.776322  0.572039  0.763562 0.0  0.607496  0.692902  0.688978  0.738483  0.645324  0.592249  0.899929  0.303030  0.501541  0.546699  0.838748  0.689037  0.638209  0.665012  0.725283  0.685000  0.672302  0.531647  0.809950  0.674139  0.880856  0.541312  0.811072  0.596509  0.672897  0.468938  0.581283  0.642249  0.582613  0.644310  0.626595  0.653672  0.488046  0.626873  0.619268  0.515229  0.573020  0.656872  0.688443  0.820662  0.736606  0.699109  0.704512 
17  0.639787  0.462488  0.303890  0.609693  0.653453  0.585449  0.347388  0.382100  0.620978  0.803307  0.546498  0.324333  0.506875  0.682633  0.529507  0.506769  0.607496 0.0  0.553965  0.681246  0.638271  0.688032  0.619615  0.522020  0.589393  0.594521  0.584002  0.731876  0.629852  0.537244  0.638550  0.223468  0.539648  0.684023  0.607001  0.601143  0.543278  0.599508  0.505085  0.833645  0.309901  0.574333  0.745161  0.657376  0.714409  0.839343  0.721413  0.692860  0.337444  0.658481  0.474531  0.554338  0.565578  0.793820  0.727524  0.653113  0.654467  0.655501  0.363804  0.588862 
18  0.517233  0.752623  0.437694  0.478666  0.557084  0.666082  0.746997  0.540386  0.490448  0.646352  0.806160  0.533942  0.568516  0.491449  0.568997  0.615914  0.692902  0.553965 0.0  0.585768  0.819832  0.480440  0.538824  0.676817  0.723903  0.542268  0.513869  0.372610  0.679318  0.542756  0.496366  0.622474  0.517466  0.603014  0.613977  0.689232  0.669369  0.530753  0.592575  0.782577  0.449048  0.692066  0.629946  0.596034  0.583139  0.611770  0.615401  0.654921  0.589349  0.659057  0.581833  0.611013  0.601398  0.531428  0.772095  0.536560  0.406725  0.663003  0.535970  0.901654 
19  0.607917  0.763667  0.641640  0.683232  0.518968  0.931721  0.691102  0.752372  0.680511  0.540832  0.449606  0.641384  0.585146  0.658764  0.664345  0.637507  0.688978  0.681246  0.585768 0.0  0.258569  0.565230  0.815738  0.685796  0.636942  0.644516  0.685723  0.891515  0.521277  0.769635  0.697191  0.635327  0.427491  0.641291  0.591950  0.296490  0.635932  0.585937  0.534650  0.311277  0.673808  0.370589  0.684867  0.713656  0.555488  0.491065  0.674666  0.737430  0.583124  0.625966  0.715323  0.450782  0.694358  0.667298  0.436082  0.636142  0.681869  0.644886  0.684420  0.335796 
20  0.608642  0.641632  0.657245  0.756859  0.618906  1.000000  0.519903  0.667638  0.553036  0.556020  0.560573  0.518034  0.547854  0.646974  0.601380  0.488677  0.738483  0.638271  0.819832  0.258569 0.0  0.519347  0.702266  0.846822  0.783656  0.713994  0.570359  0.722339  0.341632  0.610221  0.701199  0.602464  0.336469  0.613231  0.530176  0.341501  0.621712  0.528738  0.588432  0.289116  0.618446  0.498129  0.710228  0.682030  0.676396  0.387578  0.545800  0.667363  0.432324  0.679976  0.512940  0.263791  0.514228  0.723832  0.525956  0.559883  0.640971  0.591319  0.564657  0.305728 
21  0.454869  0.666620  0.546561  0.574159  0.658992  0.679826  0.689870  0.492423  0.610229  0.670154  0.529937  0.580665  0.608938  0.607097  0.572280  0.644825  0.645324  0.688032  0.480440  0.565230  0.519347 0.0  0.552437  0.662041  0.557945  0.439556  0.503944  0.626621  0.583725  0.721554  0.503940  0.502180  0.609012  0.768448  0.616397  0.537353  0.692626  0.738668  0.629240  0.703714  0.601160  0.585114  0.658049  0.694337  0.515279  0.479658  0.647754  0.589620  0.609009  0.593584  0.672506  0.662335  0.492956  0.558509  0.679876  0.563388  0.654806  0.729175  0.532923  0.594646 
22  0.634434  0.646854  0.563600  0.476205  0.610625  0.668841  0.709716  0.608629  0.441815  0.781847  0.603181  0.570766  0.728101  0.727421  0.568883  0.645789  0.592249  0.619615  0.538824  0.815738  0.702266  0.552437 0.0  0.758401  0.498327  0.509245  0.489244  0.617917  0.718254  0.499666  0.617881  0.776476  0.722597  0.576786  0.556759  0.729105  0.486902  0.606956  0.615125  0.718024  0.609380  0.719558  0.569315  0.428694  0.606248  0.682782  0.585987  0.583430  0.713721  0.520232  0.535876  0.633008  0.502257  0.521292  0.766852  0.548448  0.630320  0.638236  0.605346  0.693508 
23  0.487276  0.672390  0.404340  0.621373  0.697849  0.375853  0.450935  0.523942  0.571539  0.699661  0.455758  0.516624  0.697640  0.582296  0.555591  0.562704  0.899929  0.522020  0.676817  0.685796  0.846822  0.662041  0.758401 0.0  0.613622  0.618325  0.580754  0.600640  0.623521  0.504782  0.554455  0.616920  0.561862  0.747301  0.561741  0.703195  0.586141  0.506077  0.704527  0.680499  0.588168  0.648587  0.666897  0.661170  0.581369  0.736694  0.624147  0.600066  0.517358  0.626513  0.527234  0.655063  0.795063  0.682131  0.749395  0.550319  0.516162  0.603125  0.449806  0.661032 
24  0.688893  0.761236  0.459438  0.519632  0.647392  0.860420  0.791762  0.576798  0.519472  0.730541  0.745548  0.651932  0.783787  0.620262  0.473424  0.773509  0.303030  0.589393  0.723903  0.636942  0.783656  0.557945  0.498327  0.613622 0.0  0.573158  0.462153  0.710613  0.752291  0.638223  0.604091  0.628835  0.724229  0.534204  0.704590  0.856703  0.640724  0.892819  0.407031  0.681728  0.665195  0.608445  0.483826  0.659649  0.917691  0.721538  0.792425  0.642807  0.634386  0.533527  0.458433  0.550581  0.634857  0.490852  0.634832  0.630343  0.679684  0.792898  0.523397  0.792034 
25  0.496278  0.641478  0.572618  0.323699  0.720225  0.603737  0.550974  0.578853  0.464952  0.659985  0.632626  0.602320  0.452536  0.488934  0.501465  0.667061  0.501541  0.594521  0.542268  0.644516  0.713994  0.439556  0.509245  0.618325  0.573158 0.0  0.263385  0.564639  0.654575  0.454504  0.602008  0.556198  0.637054  0.562652  0.345684  0.535462  0.431987  0.569903  0.439384  0.664405  0.516115  0.653407  0.521715  0.343246  0.671936  0.547695  0.480451  0.338009  0.448958  0.450719  0.427271  0.639366  0.359923  0.476593  0.760438  0.558341  0.495837  0.688858  0.507319  0.716907 
26  0.338032  0.633466  0.455215  0.415290  0.616252  0.580919  0.483694  0.590195  0.393222  0.818568  0.628610  0.615343  0.479846  0.460980  0.450804  0.635760  0.546699  0.584002  0.513869  0.685723  0.570359  0.503944  0.489244  0.580754  0.462153  0.263385 0.0  0.471164  0.610041  0.522362  0.506743  0.581508  0.573220  0.703660  0.279746  0.663394  0.395263  0.540822  0.481933  0.690755  0.561176  0.640536  0.598020  0.342392  0.615280  0.526665  0.470160  0.238535  0.495254  0.413009  0.362280  0.603634  0.333477  0.448162  0.824802  0.577435  0.558070  0.559179  0.533588  0.622932 
27  0.456949  0.566685  0.504525  0.404323  0.591462  0.711712  0.542131  0.565724  0.622473  0.771124  0.622286  0.515431  0.500939  0.606758  0.698373  0.624999  0.838748  0.731876  0.372610  0.891515  0.722339  0.626621  0.617917  0.600640  0.710613  0.564639  0.471164 0.0  0.673316  0.630035  0.649377  0.557206  0.520896  0.616948  0.507528  0.657162  0.589967  0.362475  0.598354  0.699426  0.583766  0.650459  0.628934  0.494444  0.551542  0.745151  0.529069  0.443795  0.442984  0.578634  0.478393  0.729997  0.525222  0.489265  0.722368  0.541641  0.495889  0.568910  0.452093  0.887766 
28  0.690466  0.644758  0.689718  0.687033  0.725993  0.908028  0.631354  0.694662  0.655938  0.547687  0.612634  0.590762  0.627881  0.618900  0.575934  0.590319  0.689037  0.629852  0.679318  0.521277  0.341632  0.583725  0.718254  0.623521  0.752291  0.654575  0.610041  0.673316 0.0  0.620743  0.665007  0.628022  0.584620  0.602553  0.597734  0.480748  0.632058  0.732038  0.663432  0.413597  0.672665  0.518806  0.701826  0.843450  0.537895  0.369439  0.593047  0.721516  0.559014  0.596775  0.683184  0.535484  0.608532  0.719822  0.553154  0.623740  0.553413  0.646327  0.662235  0.477783 
29  0.677662  0.625102  0.661858  0.518433  0.552668  0.730763  0.622434  0.636565  0.366149  0.587010  0.773055  0.585804  0.530689  0.528793  0.696808  0.556463  0.638209  0.537244  0.542756  0.769635  0.610221  0.721554  0.499666  0.504782  0.638223  0.454504  0.522362  0.630035  0.620743 0.0  0.686955  0.440252  0.503879  0.727202  0.437599  0.575391  0.397384  0.501630  0.459033  0.665388  0.532690  0.754796  0.583922  0.572030  0.560769  0.568089  0.582149  0.524678  0.558665  0.550730  0.414841  0.485642  0.451149  0.514147  0.570907  0.569461  0.494209  0.543177  0.649951  0.810373 
30  0.415030  0.643080  0.495633  0.696313  0.571167  0.706729  0.603217  0.687060  0.634095  0.537870  0.675335  0.714296  0.531859  0.475564  0.566031  0.586582  0.665012  0.638550  0.496366  0.697191  0.701199  0.503940  0.617881  0.554455  0.604091  0.602008  0.506743  0.649377  0.665007  0.686955 0.0  0.677456  0.647495  0.633939  0.667440  0.767280  0.671883  0.653516  0.593001  0.615648  0.557009  0.672012  0.518813  0.616810  0.631093  0.648791  0.491144  0.584945  0.582591  0.661048  0.595480  0.619214  0.665495  0.614963  0.720744  0.646348  0.611019  0.731606  0.619359  0.688332 
31  0.510911  0.444966  0.267119  0.643671  0.593714  0.593919  0.259861  0.402596  0.521480  0.648267  0.536744  0.325208  0.434066  0.626397  0.366948  0.484247  0.725283  0.223468  0.622474  0.635327  0.602464  0.502180  0.776476  0.616920  0.628835  0.556198  0.581508  0.557206  0.628022  0.440252  0.677456 0.0  0.465918  0.667648  0.504507  0.453082  0.492647  0.583686  0.579341  0.676831  0.263156  0.576083  0.521511  0.527769  0.545307  0.803873  0.712249  0.744112  0.353795  0.631592  0.450824  0.558229  0.489289  0.629173  0.680684  0.547686  0.590477  0.659542  0.347394  0.760056 
32  0.499533  0.693086  0.551695  0.561750  0.394493  0.696702  0.567478  0.571502  0.456348  0.448352  0.608190  0.540725  0.494956  0.549454  0.702689  0.446835  0.685000  0.539648  0.517466  0.427491  0.336469  0.609012  0.722597  0.561862  0.724229  0.637054  0.573220  0.520896  0.584620  0.503879  0.647495  0.465918 0.0  0.602935  0.552090  0.266581  0.535101  0.352424  0.526756  0.438001  0.491988  0.445883  0.579721  0.502403  0.449353  0.571137  0.498608  0.671348  0.581177  0.644279  0.482458  0.331218  0.611056  0.717119  0.407390  0.582911  0.425944  0.545926  0.568496  0.536053 
33  0.594251  0.669536  0.542719  0.751010  0.511779  0.687273  0.665521  0.766903  0.603092  0.650086  0.727689  0.667394  0.760375  0.692846  0.669887  0.748761  0.672302  0.684023  0.603014  0.641291  0.613231  0.768448  0.576786  0.747301  0.534204  0.562652  0.703660  0.616948  0.602553  0.727202  0.633939  0.667648  0.602935 0.0  0.688184  0.690730  0.816933  0.487323  0.589781  0.602284  0.657737  0.675337  0.689682  0.601829  0.677951  0.688700  0.546001  0.712380  0.679518  0.601974  0.582235  0.622404  0.738784  0.524447  0.608350  0.657922  0.447365  0.801676  0.668731  0.622069 
34  0.527278  0.746953  0.546202  0.473846  0.651683  0.670316  0.567344  0.669888  0.315869  0.655963  0.598024  0.630084  0.510758  0.490211  0.559235  0.502291  0.531647  0.607001  0.613977  0.591950  0.530176  0.616397  0.556759  0.561741  0.704590  0.345684  0.279746  0.507528  0.597734  0.437599  0.667440  0.504507  0.552090  0.688184 0.0  0.504361  0.324232  0.561773  0.519666  0.683891  0.481142  0.603974  0.479907  0.333221  0.506191  0.645440  0.544347  0.397753  0.507202  0.484335  0.298278  0.603082  0.214600  0.471191  0.700603  0.574602  0.745993  0.628275  0.550375  0.614659 
35  0.536690  0.669162  0.602209  0.608649  0.549515  0.737581  0.580797  0.692750  0.506579  0.521685  0.503986  0.502825  0.412529  0.526504  0.585568  0.433253  0.809950  0.601143  0.689232  0.296490  0.341501  0.537353  0.729105  0.703195  0.856703  0.535462  0.663394  0.657162  0.480748  0.575391  0.767280  0.453082  0.266581  0.690730  0.504361 0.0  0.512579  0.465580  0.670101  0.297459  0.590861  0.382121  0.726337  0.550001  0.429852  0.619211  0.485252  0.594347  0.515919  0.652936  0.496210  0.428352  0.526296  0.723612  0.368529  0.612290  0.690214  0.512671  0.609547  0.421380 
36  0.499785  0.666891  0.553390  0.567606  0.429562  0.655173  0.639040  0.788605  0.385806  0.665916  0.625664  0.673519  0.525202  0.388270  0.686605  0.480270  0.674139  0.543278  0.669369  0.635932  0.621712  0.692626  0.486902  0.586141  0.640724  0.431987  0.395263  0.589967  0.632058  0.397384  0.671883  0.492647  0.535101  0.816933  0.324232  0.512579 0.0  0.433728  0.493385  0.782925  0.528864  0.632128  0.475865  0.429148  0.471719  0.657201  0.526879  0.462522  0.490837  0.404564  0.434948  0.619960  0.416065  0.484137  0.700451  0.589199  0.596890  0.574775  0.643226  0.622251 
37  0.502217  0.622486  0.523444  0.493912  0.345268  0.538822  0.582410  0.710105  0.495154  0.634598  0.509214  0.644587  0.454287  0.498936  0.632705  0.592570  0.880856  0.599508  0.530753  0.585937  0.528738  0.738668  0.606956  0.506077  0.892819  0.569903  0.540822  0.362475  0.732038  0.501630  0.653516  0.583686  0.352424  0.487323  0.561773  0.465580  0.433728 0.0  0.680231  0.662070  0.454451  0.527225  0.689362  0.657317  0.447099  0.779105  0.444379  0.552116  0.522424  0.603767  0.472321  0.592583  0.682287  0.602511  0.613704  0.678226  0.372242  0.712858  0.622915  0.640840 
38  0.743019  0.708996  0.656224  0.521220  0.634624  0.659711  0.521509  0.696765  0.507011  0.588553  0.724644  0.714018  0.626060  0.460805  0.692266  0.572287  0.541312  0.505085  0.592575  0.534650  0.588432  0.629240  0.615125  0.704527  0.407031  0.439384  0.481933  0.598354  0.663432  0.459033  0.593001  0.579341  0.526756  0.589781  0.519666  0.670101  0.493385  0.680231 0.0  0.506338  0.576333  0.635329  0.354201  0.622324  0.863382  0.501535  0.590245  0.647244  0.566165  0.452256  0.403204  0.625592  0.531257  0.560850  0.590183  0.588288  0.748372  0.643833  0.635899  0.734039 
39  0.533069  0.666162  0.741452  0.647520  0.576089  0.903860  0.729814  0.761643  0.608581  0.468666  0.756564  0.625800  0.548964  0.677428  0.683211  0.609434  0.811072  0.833645  0.782577  0.311277  0.289116  0.703714  0.718024  0.680499  0.681728  0.664405  0.690755  0.699426  0.413597  0.665388  0.615648  0.676831  0.438001  0.602284  0.683891  0.297459  0.782925  0.662070  0.506338 0.0  0.650358  0.269951  0.765870  0.665709  0.602441  0.476627  0.681463  0.775994  0.666196  0.645898  0.794360  0.516439  0.579191  0.729569  0.417436  0.743818  0.693756  0.642425  0.799335  0.476081 
40  0.553535  0.513565  0.254898  0.436712  0.560065  0.592073  0.367096  0.387268  0.454596  0.619995  0.582837  0.360097  0.313612  0.458122  0.357737  0.503633  0.596509  0.309901  0.449048  0.673808  0.618446  0.601160  0.609380  0.588168  0.665195  0.516115  0.561176  0.583766  0.672665  0.532690  0.557009  0.263156  0.491988  0.657737  0.481142  0.590861  0.528864  0.454451  0.576333  0.650358 0.0  0.610429  0.627585  0.458748  0.571707  0.855100  0.526135  0.447647  0.315534  0.609667  0.403671  0.537893  0.435354  0.632829  0.660793  0.655979  0.461923  0.717556  0.386469  0.737260 
41  0.501692  0.611635  0.594427  0.601076  0.499618  0.780433  0.618431  0.600788  0.683193  0.587768  0.608186  0.637539  0.643077  0.734750  0.672572  0.601772  0.672897  0.574333  0.692066  0.370589  0.498129  0.585114  0.719558  0.648587  0.608445  0.653407  0.640536  0.650459  0.518806  0.754796  0.672012  0.576083  0.445883  0.675337  0.603974  0.382121  0.632128  0.527225  0.635329  0.269951  0.610429 0.0  0.587616  0.716227  0.640430  0.614563  0.628137  0.619800  0.618816  0.731098  0.595578  0.442567  0.634801  0.598414  0.437279  0.553904  0.559238  0.596845  0.608768  0.477500 
42  0.699020  0.842611  0.771896  0.664875  0.622770  0.666030  0.722418  0.725519  0.543464  0.514449  0.791438  0.718964  0.627830  0.550452  0.644868  0.440711  0.468938  0.745161  0.629946  0.684867  0.710228  0.658049  0.569315  0.666897  0.483826  0.521715  0.598020  0.628934  0.701826  0.583922  0.518813  0.521511  0.579721  0.689682  0.479907  0.726337  0.475865  0.689362  0.354201  0.765870  0.627585  0.587616 0.0  0.538790  0.794502  0.450138  0.672947  0.645171  0.680422  0.549038  0.460928  0.618932  0.443439  0.562492  0.591827  0.552105  0.778728  0.632710  0.783334  0.675043 
43  0.377057  0.686753  0.538654  0.393509  0.625002  0.650346  0.536433  0.638834  0.382177  0.589460  0.642114  0.694866  0.616561  0.626949  0.566782  0.537468  0.581283  0.657376  0.596034  0.713656  0.682030  0.694337  0.428694  0.661170  0.659649  0.343246  0.342392  0.494444  0.843450  0.572030  0.616810  0.527769  0.502403  0.601829  0.333221  0.550001  0.429148  0.657317  0.622324  0.665709  0.458748  0.716227  0.538790 0.0  0.412326  0.766487  0.505406  0.311344  0.511534  0.520298  0.422057  0.721413  0.379664  0.490048  0.843793  0.502601  0.489743  0.616127  0.611998  0.745435 
44  0.436112  0.781310  0.598390  0.641730  0.566947  0.629601  0.701239  0.644871  0.521769  0.581165  0.405956  0.687684  0.469493  0.599080  0.578855  0.557719  0.642249  0.714409  0.583139  0.555488  0.676396  0.515279  0.606248  0.581369  0.917691  0.671936  0.615280  0.551542  0.537895  0.560769  0.631093  0.545307  0.449353  0.677951  0.506191  0.429852  0.471719  0.447099  0.863382  0.602441  0.571707  0.640430  0.794502  0.412326 0.0  0.704806  0.471137  0.610235  0.578325  0.656264  0.469801  0.628392  0.610579  0.583324  0.700274  0.433710  0.601820  0.755208  0.503554  0.654114 
45  0.694961  0.666652  0.748840  0.636854  0.592456  0.757364  0.523552  0.736510  0.630426  0.586132  0.762854  0.593890  0.697090  0.686469  0.697610  0.556500  0.582613  0.839343  0.611770  0.491065  0.387578  0.479658  0.682782  0.736694  0.721538  0.547695  0.526665  0.745151  0.369439  0.568089  0.648791  0.803873  0.571137  0.688700  0.645440  0.619211  0.657201  0.779105  0.501535  0.476627  0.855100  0.614563  0.450138  0.766487  0.704806 0.0  0.731549  0.621224  0.650734  0.574810  0.725171  0.447447  0.708263  0.761234  0.545994  0.636988  0.822559  0.593675  0.656173  0.565765 
46  0.555923  0.602012  0.535278  0.596931  0.569560  0.650434  0.704131  0.609895  0.468570  0.590070  0.522434  0.577260  0.443350  0.527201  0.666358  0.550731  0.644310  0.721413  0.615401  0.674666  0.545800  0.647754  0.585987  0.624147  0.792425  0.480451  0.470160  0.529069  0.593047  0.582149  0.491144  0.712249  0.498608  0.546001  0.544347  0.485252  0.526879  0.444379  0.590245  0.681463  0.526135  0.628137  0.672947  0.505406  0.471137  0.731549 0.0  0.487423  0.579737  0.476482  0.422309  0.478092  0.558184  0.663262  0.557744  0.674853  0.582939  0.613287  0.479856  0.679084 
47  0.487655  0.547725  0.618595  0.287033  0.675358  0.659781  0.578033  0.650113  0.455382  0.595306  0.648630  0.787042  0.588914  0.484491  0.607084  0.549152  0.626595  0.692860  0.654921  0.737430  0.667363  0.589620  0.583430  0.600066  0.642807  0.338009  0.238535  0.443795  0.721516  0.524678  0.584945  0.744112  0.671348  0.712380  0.397753  0.594347  0.462522  0.552116  0.647244  0.775994  0.447647  0.619800  0.645171  0.311344  0.610235  0.621224  0.487423 0.0  0.555701  0.579487  0.447628  0.771036  0.329401  0.562095  0.689986  0.465936  0.583905  0.695752  0.751426  0.812593 
48  0.561938  0.448054  0.297316  0.505624  0.656678  0.672117  0.385419  0.425514  0.484861  0.601107  0.397791  0.340195  0.376096  0.659998  0.371883  0.543141  0.653672  0.337444  0.589349  0.583124  0.432324  0.609009  0.713721  0.517358  0.634386  0.448958  0.495254  0.442984  0.559014  0.558665  0.582591  0.353795  0.581177  0.679518  0.507202  0.515919  0.490837  0.522424  0.566165  0.666196  0.315534  0.618816  0.680422  0.511534  0.578325  0.650734  0.579737  0.555701 0.0  0.506444  0.463159  0.518680  0.564982  0.548233  0.567130  0.529459  0.690399  0.770387  0.347384  0.521486 
49  0.627511  0.684860  0.664501  0.453562  0.637630  0.641315  0.568300  0.556149  0.569803  0.709116  0.753773  0.602855  0.461500  0.560912  0.675187  0.541717  0.488046  0.658481  0.659057  0.625966  0.679976  0.593584  0.520232  0.626513  0.533527  0.450719  0.413009  0.578634  0.596775  0.550730  0.661048  0.631592  0.644279  0.601974  0.484335  0.652936  0.404564  0.603767  0.452256  0.645898  0.609667  0.731098  0.549038  0.520298  0.656264  0.574810  0.476482  0.579487  0.506444 0.0  0.537149  0.561966  0.529347  0.547090  0.828156  0.711912  0.700598  0.743710  0.662713  0.683031 
50  0.519224  0.662670  0.553488  0.396354  0.529776  0.575471  0.503323  0.551738  0.279315  0.745999  0.614618  0.488285  0.499568  0.319917  0.665021  0.490932  0.626873  0.474531  0.581833  0.715323  0.512940  0.672506  0.535876  0.527234  0.458433  0.427271  0.362280  0.478393  0.683184  0.414841  0.595480  0.450824  0.482458  0.582235  0.298278  0.496210  0.434948  0.472321  0.403204  0.794360  0.403671  0.595578  0.460928  0.422057  0.469801  0.725171  0.422309  0.447628  0.463159  0.537149 0.0  0.420444  0.394525  0.435112  0.614071  0.474357  0.428351  0.603512  0.501343  0.750579 
51  0.667978  0.637136  0.501012  0.742436  0.451358  0.672740  0.658905  0.608333  0.552600  0.700949  0.600247  0.416433  0.578997  0.564312  0.723379  0.539376  0.619268  0.554338  0.611013  0.450782  0.263791  0.662335  0.633008  0.655063  0.550581  0.639366  0.603634  0.729997  0.535484  0.485642  0.619214  0.558229  0.331218  0.622404  0.603082  0.428352  0.619960  0.592583  0.625592  0.516439  0.537893  0.442567  0.618932  0.721413  0.628392  0.447447  0.478092  0.771036  0.518680  0.561966  0.420444 0.0  0.848929  0.773219  0.473152  0.621816  0.639074  0.577107  0.460032  0.412711 
52  0.460913  0.597106  0.688104  0.398183  0.704551  0.826781  0.511567  0.570056  0.388528  0.602490  0.551886  0.553574  0.569102  0.516308  0.533475  0.616074  0.515229  0.565578  0.601398  0.694358  0.514228  0.492956  0.502257  0.795063  0.634857  0.359923  0.333477  0.525222  0.608532  0.451149  0.665495  0.489289  0.611056  0.738784  0.214600  0.526296  0.416065  0.682287  0.531257  0.579191  0.435354  0.634801  0.443439  0.379664  0.610579  0.708263  0.558184  0.329401  0.564982  0.529347  0.394525  0.848929 0.0  0.432120  0.570624  0.543751  0.533306  0.594418  0.674514  0.726768 
53  0.605945  0.694456  0.540342  0.483239  0.549439  0.666197  0.648131  0.659469  0.423980  0.718265  0.540658  0.571805  0.656067  0.518073  0.563922  0.693762  0.573020  0.793820  0.531428  0.667298  0.723832  0.558509  0.521292  0.682131  0.490852  0.476593  0.448162  0.489265  0.719822  0.514147  0.614963  0.629173  0.717119  0.524447  0.471191  0.723612  0.484137  0.602511  0.560850  0.729569  0.632829  0.598414  0.562492  0.490048  0.583324  0.761234  0.663262  0.562095  0.548233  0.547090  0.435112  0.773219  0.432120 0.0  0.752190  0.524621  0.419650  0.888055  0.611593  0.733777 
54  0.776100  0.741524  0.686273  0.815998  0.599020  0.871742  0.708311  0.773651  0.695606  0.516312  0.710495  0.748092  0.548088  0.723669  0.811088  0.627260  0.656872  0.727524  0.772095  0.436082  0.525956  0.679876  0.766852  0.749395  0.634832  0.760438  0.824802  0.722368  0.553154  0.570907  0.720744  0.680684  0.407390  0.608350  0.700603  0.368529  0.700451  0.613704  0.590183  0.417436  0.660793  0.437279  0.591827  0.843793  0.700274  0.545994  0.557744  0.689986  0.567130  0.828156  0.614071  0.473152  0.570624  0.752190 0.0  0.552271  0.819848  0.611765  0.691002  0.489037 
55  0.485738  0.719150  0.617042  0.611326  0.630015  0.532440  0.543331  0.680111  0.574496  0.615278  0.790878  0.599381  0.574478  0.593755  0.722448  0.666368  0.688443  0.653113  0.536560  0.636142  0.559883  0.563388  0.548448  0.550319  0.630343  0.558341  0.577435  0.541641  0.623740  0.569461  0.646348  0.547686  0.582911  0.657922  0.574602  0.612290  0.589199  0.678226  0.588288  0.743818  0.655979  0.553904  0.552105  0.502601  0.433710  0.636988  0.674853  0.465936  0.529459  0.711912  0.474357  0.621816  0.543751  0.524621  0.552271 0.0  0.610875  0.631965  0.679694  0.619370 
56  0.428827  0.620842  0.574911  0.441943  0.388222  0.651431  0.531796  0.601940  0.483541  0.584350  0.620865  0.507118  0.584071  0.657915  0.610466  0.702743  0.820662  0.654467  0.406725  0.681869  0.640971  0.654806  0.630320  0.516162  0.679684  0.495837  0.558070  0.495889  0.553413  0.494209  0.611019  0.590477  0.425944  0.447365  0.745993  0.690214  0.596890  0.372242  0.748372  0.693756  0.461923  0.559238  0.778728  0.489743  0.601820  0.822559  0.582939  0.583905  0.690399  0.700598  0.428351  0.639074  0.533306  0.419650  0.819848  0.610875 0.0  0.776149  0.478845  0.722397 
57  0.674981  0.747504  0.706493  0.650400  0.585260  0.770081  0.710510  0.758925  0.622848  0.466803  0.722701  0.678569  0.537992  0.579104  0.774124  0.535457  0.736606  0.655501  0.663003  0.644886  0.591319  0.729175  0.638236  0.603125  0.792898  0.688858  0.559179  0.568910  0.646327  0.543177  0.731606  0.659542  0.545926  0.801676  0.628275  0.512671  0.574775  0.712858  0.643833  0.642425  0.717556  0.596845  0.632710  0.616127  0.755208  0.593675  0.613287  0.695752  0.770387  0.743710  0.603512  0.577107  0.594418  0.888055  0.611765  0.631965  0.776149 0.0  0.763151  0.611279 
58  0.496710  0.607569  0.261112  0.518234  0.520669  0.574822  0.370191  0.371877  0.444113  0.703492  0.412475  0.372805  0.428173  0.593011  0.479527  0.680154  0.699109  0.363804  0.535970  0.684420  0.564657  0.532923  0.605346  0.449806  0.523397  0.507319  0.533588  0.452093  0.662235  0.649951  0.619359  0.347394  0.568496  0.668731  0.550375  0.609547  0.643226  0.622915  0.635899  0.799335  0.386469  0.608768  0.783334  0.611998  0.503554  0.656173  0.479856  0.751426  0.347384  0.662713  0.501343  0.460032  0.674514  0.611593  0.691002  0.679694  0.478845  0.763151 0.0  0.701121 
59  0.589706  0.755287  0.598854  0.742565  0.498529  0.853106  0.606547  0.663236  0.625685  0.640133  0.506271  0.553795  0.687791  0.727028  0.608183  0.680850  0.704512  0.588862  0.901654  0.335796  0.305728  0.594646  0.693508  0.661032  0.792034  0.716907  0.622932  0.887766  0.477783  0.810373  0.688332  0.760056  0.536053  0.622069  0.614659  0.421380  0.622251  0.640840  0.734039  0.476081  0.737260  0.477500  0.675043  0.745435  0.654114  0.565765  0.679084  0.812593  0.521486  0.683031  0.750579  0.412711  0.726768  0.733777  0.489037  0.619370  0.722397  0.611279  0.701121 0.0 
