60
0 0.0  0.645685  0.574678  0.438715  0.543234  0.482110  0.486973  0.620099  0.451707  0.564817  0.424073  0.625198  0.487407  0.580739  0.460946  0.670080  0.708455  0.566019  0.481131  0.562289  0.719611  0.394137  0.596778  0.591349  0.628065  0.446906  0.288829  0.529789  0.671273  0.632862  0.476703  0.606339  0.596000  0.777531  0.566779  0.590337  0.584426  0.444984  0.653977  0.719227  0.589363  0.562708  0.701611  0.430779  0.567338  0.778537  0.510818  0.516248  0.564243  0.641588  0.620017  0.684421  0.589056  0.585551  0.708384  0.520295  0.524553  0.746106  0.483697  0.632440 
1  0.645685 0.0  0.570694  0.736323  0.707919  0.525928  0.572845  0.523910  0.621115  0.895638  0.514983  0.556349  0.530497  0.724708  0.555484  0.597315  0.811901  0.522421  0.732281  0.661256  0.755537  0.651545  0.823720  0.589545  0.780195  0.645183  0.655856  0.639677  0.721300  0.659185  0.735934  0.567212  0.711646  0.745723  0.711502  0.716951  0.597302  0.650666  0.738492  0.747493  0.489184  0.732957  0.708746  0.628352  0.716314  0.763355  0.668076  0.597136  0.554980  0.681464  0.569125  0.639105  0.711216  0.656041  0.813123  0.734384  0.666827  0.674429  0.470824  0.648551 
2  0.574678  0.570694 0.0  0.482353  0.601140  0.513728  0.427758  0.252858  0.503080  0.736832  0.467205  0.311137  0.424636  0.733720  0.414888  0.648618  0.684302  0.360240  0.517756  0.680931  0.618481  0.585893  0.591218  0.346056  0.469824  0.660368  0.603734  0.582913  0.712211  0.598041  0.621085  0.254841  0.433078  0.735034  0.650750  0.562707  0.624373  0.493835  0.679048  0.747049  0.344571  0.553887  0.722780  0.526170  0.629158  0.629045  0.532337  0.595226  0.424932  0.591361  0.546352  0.531474  0.727708  0.580699  0.800517  0.587204  0.548668  0.750504  0.292515  0.651595 
3  0.438715  0.736323  0.482353 0.0  0.644021  0.505146  0.564745  0.609965  0.370627  0.745814  0.649474  0.611150  0.495275  0.451817  0.635108  0.557854  0.703043  0.627880  0.465920  0.853020  0.768874  0.589394  0.551858  0.582659  0.651302  0.399103  0.347994  0.447897  0.713887  0.501688  0.617804  0.612859  0.590482  0.616411  0.441682  0.601848  0.466927  0.467314  0.492324  0.661815  0.458374  0.541187  0.562093  0.495094  0.587486  0.655051  0.541858  0.403677  0.511305  0.485265  0.335957  0.591372  0.443384  0.492124  0.798293  0.497380  0.506080  0.687711  0.549631  0.892695 
4  0.543234  0.707919  0.601140  0.644021 0.0  0.701642  0.683556  0.683107  0.553830  0.573766  0.571917  0.498316  0.528685  0.580869  0.778726  0.510606  0.678880  0.576177  0.584276  0.477610  0.559741  0.788624  0.647108  0.710945  0.609371  0.675366  0.723756  0.651053  0.571274  0.565648  0.553107  0.587258  0.437370  0.423457  0.574265  0.514688  0.636452  0.502324  0.601596  0.556903  0.526263  0.538828  0.676117  0.553894  0.643840  0.610232  0.568121  0.642429  0.567668  0.620679  0.506552  0.422642  0.698578  0.588988  0.550925  0.653691  0.440143  0.640863  0.625024  0.597487 
5  0.482110  0.525928  0.513728  0.505146  0.701642 0.0  0.533740  0.536184  0.688035  0.802272  0.595269  0.593898  0.627806  0.621092  0.610514  0.641184  0.871343  0.507020  0.776418  0.885257  0.875850  0.726844  0.792380  0.453991  0.699986  0.689900  0.640281  0.711040  0.782590  0.618014  0.661016  0.619066  0.758644  0.788839  0.656642  0.813451  0.607795  0.669037  0.769938  0.872701  0.567574  0.787408  0.840025  0.655726  0.603112  0.647247  0.538465  0.673679  0.691354  0.666856  0.576282  0.757349  0.729641  0.806469  0.839057  0.486812  0.716376  0.735864  0.487436  0.813915 
6  0.486973  0.572845  0.427758  0.564745  0.683556  0.533740 0.0  0.405077  0.601672  0.748594  0.388379  0.295106  0.438530  0.755834  0.426033  0.716821  0.658354  0.346084  0.597157  0.693935  0.651505  0.480644  0.700460  0.495803  0.690179  0.467408  0.496106  0.650875  0.651777  0.476460  0.462119  0.294794  0.577135  0.738953  0.513186  0.491576  0.549680  0.601859  0.739718  0.779142  0.398450  0.620936  0.703231  0.513339  0.588338  0.718771  0.633391  0.629621  0.357753  0.644275  0.581600  0.668192  0.455108  0.655844  0.681924  0.737101  0.509484  0.643851  0.597392  0.576801 
7  0.620099  0.523910  0.252858  0.609965  0.683107  0.536184  0.405077 0.0  0.637698  0.762104  0.433032  0.382075  0.497247  0.590508  0.404224  0.532038  0.710048  0.385571  0.612237  0.558549  0.730886  0.551168  0.602589  0.598644  0.574186  0.499962  0.464476  0.673255  0.622029  0.645139  0.638399  0.353132  0.567411  0.704206  0.589791  0.767073  0.657681  0.592843  0.756078  0.726763  0.448805  0.666926  0.638542  0.496625  0.569463  0.710088  0.567818  0.720875  0.335410  0.556598  0.522089  0.656612  0.550247  0.502118  0.717899  0.578017  0.602525  0.763198  0.454721  0.715611 
8  0.451707  0.621115  0.503080  0.370627  0.553830  0.688035  0.601672  0.637698 0.0  0.668035  0.577071  0.602758  0.569814  0.447730  0.597707  0.456095  0.490574  0.484442  0.570830  0.643187  0.500497  0.580835  0.523693  0.577331  0.520916  0.332302  0.423555  0.651337  0.523891  0.388544  0.635007  0.603693  0.504648  0.683890  0.384538  0.597604  0.511663  0.368816  0.596757  0.824011  0.524742  0.777320  0.545270  0.307385  0.440477  0.620886  0.468623  0.490144  0.490103  0.551925  0.358750  0.540214  0.479419  0.446402  0.650856  0.670218  0.509908  0.617105  0.623984  0.652989 
9  0.564817  0.895638  0.736832  0.745814  0.573766  0.802272  0.748594  0.762104  0.668035 0.0  0.699434  0.652569  0.847178  0.606520  0.675817  0.594435  0.711894  0.565384  0.650788  0.568740  0.536492  0.581112  0.794697  0.818198  0.743901  0.717204  0.700521  0.689448  0.514823  0.489521  0.654698  0.592176  0.481626  0.616719  0.768816  0.548693  0.664708  0.601757  0.610121  0.485556  0.634225  0.661827  0.783152  0.643941  0.584141  0.648641  0.646285  0.707100  0.738876  0.738946  0.681053  0.632639  0.631876  0.716547  0.566201  0.675713  0.618410  0.517538  0.761227  0.590299 
10  0.424073  0.514983  0.467205  0.649474  0.571917  0.595269  0.388379  0.433032  0.577071  0.699434 0.0  0.555038  0.445832  0.720524  0.469401  0.580754  0.839713  0.647393  0.610894  0.440518  0.523425  0.514582  0.715944  0.536553  0.751379  0.650782  0.551169  0.689276  0.565609  0.628596  0.651288  0.572028  0.627114  0.748284  0.515647  0.498754  0.574768  0.574721  0.638016  0.700267  0.569519  0.593081  0.651140  0.558660  0.588465  0.571752  0.540858  0.664088  0.460186  0.621434  0.646515  0.670778  0.700971  0.506695  0.685536  0.727271  0.705902  0.688994  0.481528  0.621222 
11  0.625198  0.556349  0.311137  0.611150  0.498316  0.593898  0.295106  0.382075  0.602758  0.652569  0.555038 0.0  0.430803  0.660956  0.276959  0.693953  0.538546  0.313125  0.704144  0.649839  0.510317  0.566967  0.619976  0.458198  0.603560  0.629034  0.609830  0.701210  0.518377  0.633338  0.566749  0.321915  0.527247  0.650787  0.595731  0.641470  0.636179  0.608540  0.699198  0.685158  0.425362  0.647296  0.657315  0.668464  0.661678  0.663693  0.640168  0.699016  0.349339  0.570858  0.467950  0.442622  0.631055  0.714096  0.679893  0.622353  0.635191  0.750422  0.431978  0.638593 
12  0.487407  0.530497  0.424636  0.495275  0.528685  0.627806  0.438530  0.497247  0.569814  0.847178  0.445832  0.430803 0.0  0.467312  0.430048  0.550150  0.731314  0.525481  0.630999  0.603681  0.670156  0.656897  0.742374  0.594150  0.704852  0.566841  0.613867  0.651547  0.665429  0.526438  0.529310  0.590798  0.541273  0.716975  0.503554  0.518123  0.428599  0.559516  0.616898  0.526091  0.320874  0.632684  0.707090  0.554814  0.632938  0.725323  0.409032  0.635806  0.315160  0.541283  0.693959  0.663791  0.587426  0.645965  0.529016  0.608633  0.713991  0.655831  0.561558  0.767324 
13  0.580739  0.724708  0.733720  0.451817  0.580869  0.621092  0.755834  0.590508  0.447730  0.606520  0.720524  0.660956  0.467312 0.0  0.741675  0.522477  0.608143  0.628862  0.543929  0.772030  0.572211  0.537032  0.654458  0.621047  0.582418  0.561639  0.591996  0.594793  0.707903  0.477436  0.556288  0.580624  0.472110  0.601035  0.542487  0.535595  0.317991  0.566148  0.465071  0.733238  0.559052  0.741597  0.542631  0.524719  0.598767  0.704880  0.477994  0.487532  0.658146  0.548080  0.436933  0.618723  0.523953  0.528097  0.492434  0.597750  0.563685  0.750822  0.599874  0.761286 
14  0.460946  0.555484  0.414888  0.635108  0.778726  0.610514  0.426033  0.404224  0.597707  0.675817  0.469401  0.276959  0.430048  0.741675 0.0  0.610951  0.581849  0.533484  0.634609  0.753472  0.533625  0.529607  0.562936  0.505954  0.530633  0.407537  0.456298  0.715255  0.587117  0.666842  0.623681  0.446909  0.669176  0.672298  0.478871  0.554795  0.698547  0.701983  0.744501  0.762141  0.386181  0.685967  0.677417  0.606238  0.719196  0.720344  0.702644  0.597828  0.363156  0.560238  0.615705  0.654847  0.535402  0.614942  0.703574  0.645407  0.605971  0.739957  0.471184  0.723372 
15  0.670080  0.597315  0.648618  0.557854  0.510606  0.641184  0.716821  0.532038  0.456095  0.594435  0.580754  0.693953  0.550150  0.522477  0.610951 0.0  0.776640  0.583704  0.671926  0.583484  0.505191  0.747879  0.678823  0.654586  0.730409  0.633465  0.512494  0.718150  0.510708  0.590903  0.605553  0.622597  0.587009  0.691948  0.586643  0.486982  0.503443  0.526875  0.513916  0.687429  0.439743  0.638163  0.592280  0.551335  0.570661  0.581956  0.485328  0.592979  0.531753  0.568281  0.496009  0.628226  0.651879  0.686280  0.591535  0.602476  0.662317  0.583183  0.590870  0.547071 
16  0.708455  0.811901  0.684302  0.703043  0.678880  0.871343  0.658354  0.710048  0.490574  0.711894  0.839713  0.538546  0.731314  0.608143  0.581849  0.776640 0.0  0.757398  0.771310  0.722357  0.726453  0.593899  0.452536  0.730127  0.386201  0.479367  0.544781  0.791660  0.685164  0.610823  0.689669  0.746624  0.784855  0.576562  0.594555  0.794868  0.631342  0.836586  0.595001  0.771880  0.810170  0.665512  0.492794  0.580980  0.771526  0.581611  0.718288  0.543010  0.655874  0.530020  0.662981  0.674718  0.566170  0.649677  0.720424  0.604233  0.683444  0.616676  0.701826  0.712180 
17  0.566019  0.522421  0.360240  0.627880  0.576177  0.507020  0.346084  0.385571  0.484442  0.565384  0.647393  0.313125  0.525481  0.628862  0.533484  0.583704  0.757398 0.0  0.757493  0.677092  0.624145  0.741279  0.738416  0.557652  0.564171  0.717621  0.587691  0.716715  0.537239  0.571678  0.727775  0.204888  0.547339  0.609332  0.657933  0.551378  0.656291  0.637696  0.677096  0.805152  0.273232  0.655989  0.626451  0.527918  0.619327  0.774126  0.569837  0.713455  0.399108  0.734307  0.548051  0.548824  0.550957  0.670127  0.636207  0.571419  0.759737  0.655185  0.335612  0.642993 
18  0.481131  0.732281  0.517756  0.465920  0.584276  0.776418  0.597157  0.612237  0.570830  0.650788  0.610894  0.704144  0.630999  0.543929  0.634609  0.671926  0.771310  0.757493 0.0  0.732829  0.744895  0.542386  0.533581  0.620919  0.603485  0.577869  0.461174  0.397739  0.687332  0.613505  0.422620  0.581045  0.564101  0.680015  0.600119  0.770071  0.565454  0.539900  0.741772  0.641355  0.560936  0.685933  0.663075  0.527168  0.698719  0.698347  0.657009  0.624286  0.755286  0.624053  0.567352  0.645113  0.595032  0.675516  0.771955  0.670256  0.453560  0.688603  0.495006  0.733854 
19  0.562289  0.661256  0.680931  0.853020  0.477610  0.885257  0.693935  0.558549  0.643187  0.568740  0.440518  0.649839  0.603681  0.772030  0.753472  0.583484  0.722357  0.677092  0.732829 0.0  0.256174  0.452432  0.682819  0.774593  0.645754  0.705013  0.706137  0.771022  0.386448  0.723573  0.746806  0.562931  0.385504  0.663425  0.611907  0.389969  0.748811  0.694287  0.520933  0.349886  0.660757  0.382007  0.628735  0.690499  0.611154  0.533414  0.568280  0.679232  0.514763  0.749314  0.692982  0.411715  0.711733  0.731333  0.456210  0.652312  0.640043  0.673907  0.662029  0.298527 
20  0.719611  0.755537  0.618481  0.768874  0.559741  0.875850  0.651505  0.730886  0.500497  0.536492  0.523425  0.510317  0.670156  0.572211  0.533625  0.505191  0.726453  0.624145  0.744895  0.256174 0.0  0.511520  0.746698  0.814987  0.773866  0.697899  0.562151  0.852686  0.368468  0.498225  0.760546  0.574421  0.428166  0.703413  0.664537  0.333098  0.653350  0.574846  0.614447  0.408682  0.642489  0.441594  0.797371  0.699402  0.646568  0.467327  0.646782  0.814301  0.486262  0.579402  0.649385  0.350506  0.756182  0.708574  0.492001  0.593238  0.552974  0.613695  0.603474  0.374515 
21  0.394137  0.651545  0.585893  0.589394  0.788624  0.726844  0.480644  0.551168  0.580835  0.581112  0.514582  0.566967  0.656897  0.537032  0.529607  0.747879  0.593899  0.741279  0.542386  0.452432  0.511520 0.0  0.620451  0.683571  0.523943  0.561248  0.453853  0.607872  0.586748  0.647586  0.542992  0.629694  0.599064  0.717548  0.700201  0.602349  0.723140  0.726132  0.696839  0.583927  0.654984  0.581812  0.616504  0.525445  0.466206  0.556137  0.561078  0.767032  0.649274  0.593906  0.554800  0.549856  0.614774  0.535494  0.664815  0.637164  0.622144  0.738495  0.554924  0.629886 
22  0.596778  0.823720  0.591218  0.551858  0.647108  0.792380  0.700460  0.602589  0.523693  0.794697  0.715944  0.619976  0.742374  0.654458  0.562936  0.678823  0.452536  0.738416  0.533581  0.682819  0.746698  0.620451 0.0  0.708546  0.549817  0.484917  0.453220  0.730400  0.684249  0.639490  0.615251  0.609212  0.800149  0.698320  0.531669  0.674648  0.652518  0.643810  0.617425  0.782321  0.694421  0.723630  0.558019  0.618795  0.730104  0.658842  0.634264  0.551001  0.667153  0.535589  0.596373  0.590235  0.639558  0.561268  0.784922  0.674371  0.661122  0.720189  0.625231  0.846283 
23  0.591349  0.589545  0.346056  0.582659  0.710945  0.453991  0.495803  0.598644  0.577331  0.818198  0.536553  0.458198  0.594150  0.621047  0.505954  0.654586  0.730127  0.557652  0.620919  0.774593  0.814987  0.683571  0.708546 0.0  0.727746  0.646077  0.613920  0.661767  0.705600  0.698398  0.629012  0.589728  0.692481  0.730409  0.461602  0.688077  0.702553  0.564110  0.730674  0.811709  0.569953  0.735713  0.804013  0.567456  0.565334  0.720541  0.610561  0.614007  0.597117  0.664846  0.604165  0.611316  0.814466  0.679808  0.777216  0.487439  0.606630  0.724334  0.515335  0.740560 
24  0.628065  0.780195  0.469824  0.651302  0.609371  0.699986  0.690179  0.574186  0.520916  0.743901  0.751379  0.603560  0.704852  0.582418  0.530633  0.730409  0.386201  0.564171  0.603485  0.645754  0.773866  0.523943  0.549817  0.727746 0.0  0.673416  0.603613  0.787915  0.682162  0.488856  0.642114  0.647759  0.773441  0.541416  0.631316  0.855105  0.627741  0.800868  0.482040  0.750894  0.567504  0.618925  0.472847  0.647333  0.839202  0.645025  0.723719  0.632881  0.637196  0.555992  0.548089  0.550408  0.605383  0.678572  0.626779  0.610851  0.680057  0.727440  0.547542  0.711768 
25  0.446906  0.645183  0.660368  0.399103  0.675366  0.689900  0.467408  0.499962  0.332302  0.717204  0.650782  0.629034  0.566841  0.561639  0.407537  0.633465  0.479367  0.717621  0.577869  0.705013  0.697899  0.561248  0.484917  0.646077  0.673416 0.0  0.382490  0.547734  0.595740  0.586285  0.635767  0.502589  0.606703  0.582082  0.315401  0.544022  0.477232  0.567627  0.480469  0.602872  0.580462  0.745894  0.553402  0.357154  0.652597  0.604837  0.558388  0.402592  0.431794  0.445450  0.471478  0.692180  0.425684  0.496542  0.658710  0.608757  0.652285  0.644042  0.602684  0.623392 
26  0.288829  0.655856  0.603734  0.347994  0.723756  0.640281  0.496106  0.464476  0.423555  0.700521  0.551169  0.609830  0.613867  0.591996  0.456298  0.512494  0.544781  0.587691  0.461174  0.706137  0.562151  0.453853  0.453220  0.613920  0.603613  0.382490 0.0  0.486959  0.557097  0.532793  0.529740  0.644923  0.624638  0.742133  0.221917  0.606031  0.404002  0.564344  0.488206  0.778963  0.553566  0.605399  0.558172  0.306587  0.492100  0.546622  0.560010  0.250402  0.534326  0.485683  0.365528  0.628168  0.247266  0.592527  0.778604  0.453540  0.669214  0.619089  0.595898  0.646354 
27  0.529789  0.639677  0.582913  0.447897  0.651053  0.711040  0.650875  0.673255  0.651337  0.689448  0.689276  0.701210  0.651547  0.594793  0.715255  0.718150  0.791660  0.716715  0.397739  0.771022  0.852686  0.607872  0.730400  0.661767  0.787915  0.547734  0.486959 0.0  0.724427  0.646777  0.594589  0.656008  0.525066  0.700213  0.577822  0.601968  0.512923  0.376020  0.669710  0.715282  0.547209  0.768680  0.762871  0.512128  0.525803  0.766954  0.672542  0.414328  0.491700  0.612842  0.505100  0.774121  0.560211  0.462343  0.802296  0.694984  0.481565  0.618654  0.650907  0.841453 
28  0.671273  0.721300  0.712211  0.713887  0.571274  0.782590  0.651777  0.622029  0.523891  0.514823  0.565609  0.518377  0.665429  0.707903  0.587117  0.510708  0.685164  0.537239  0.687332  0.386448  0.368468  0.586748  0.684249  0.705600  0.682162  0.595740  0.557097  0.724427 0.0  0.765642  0.755057  0.646056  0.575164  0.615893  0.550170  0.459507  0.660239  0.616484  0.637476  0.498249  0.598859  0.594288  0.666045  0.755633  0.588883  0.310469  0.708964  0.706985  0.639918  0.789367  0.680223  0.570148  0.621968  0.755375  0.624239  0.587085  0.683293  0.632235  0.642108  0.493376 
29  0.632862  0.659185  0.598041  0.501688  0.565648  0.618014  0.476460  0.645139  0.388544  0.489521  0.628596  0.633338  0.526438  0.477436  0.666842  0.590903  0.610823  0.571678  0.613505  0.723573  0.498225  0.647586  0.639490  0.698398  0.488856  0.586285  0.532793  0.646777  0.765642 0.0  0.681970  0.728329  0.554841  0.743832  0.549695  0.643938  0.486455  0.416009  0.637958  0.690366  0.615616  0.807171  0.538168  0.427692  0.660878  0.559005  0.594162  0.654459  0.551433  0.518955  0.532185  0.481247  0.425898  0.497985  0.733607  0.555570  0.550275  0.450119  0.640055  0.640811 
30  0.476703  0.735934  0.621085  0.617804  0.553107  0.661016  0.462119  0.638399  0.635007  0.654698  0.651288  0.566749  0.529310  0.556288  0.623681  0.605553  0.689669  0.727775  0.422620  0.746806  0.760546  0.542992  0.615251  0.629012  0.642114  0.635767  0.529740  0.594589  0.755057  0.681970 0.0  0.621479  0.512073  0.800071  0.634266  0.641476  0.571222  0.638704  0.704837  0.780686  0.615502  0.661816  0.648729  0.599202  0.475864  0.654533  0.574012  0.593185  0.486808  0.665186  0.624270  0.599807  0.655933  0.753592  0.726242  0.635538  0.755604  0.786939  0.610859  0.752612 
31  0.606339  0.567212  0.254841  0.612859  0.587258  0.619066  0.294794  0.353132  0.603693  0.592176  0.572028  0.321915  0.590798  0.580624  0.446909  0.622597  0.746624  0.204888  0.581045  0.562931  0.574421  0.629694  0.609212  0.589728  0.647759  0.502589  0.644923  0.656008  0.646056  0.728329  0.621479 0.0  0.418340  0.746479  0.463471  0.596347  0.538441  0.629132  0.601278  0.564757  0.213001  0.595182  0.702991  0.552474  0.656994  0.854799  0.540477  0.688090  0.381341  0.649391  0.430391  0.576344  0.552005  0.535688  0.632423  0.650497  0.583385  0.609283  0.424364  0.685887 
32  0.596000  0.711646  0.433078  0.590482  0.437370  0.758644  0.577135  0.567411  0.504648  0.481626  0.627114  0.527247  0.541273  0.472110  0.669176  0.587009  0.784855  0.547339  0.564101  0.385504  0.428166  0.599064  0.800149  0.692481  0.773441  0.606703  0.624638  0.525066  0.575164  0.554841  0.512073  0.418340 0.0  0.684260  0.517430  0.328596  0.526199  0.446196  0.762356  0.551008  0.332791  0.389530  0.665997  0.545176  0.402436  0.697608  0.492976  0.654941  0.551074  0.665680  0.479326  0.386097  0.651662  0.707476  0.365711  0.578469  0.498469  0.543847  0.625839  0.532568 
33  0.777531  0.745723  0.735034  0.616411  0.423457  0.788839  0.738953  0.704206  0.683890  0.616719  0.748284  0.650787  0.716975  0.601035  0.672298  0.691948  0.576562  0.609332  0.680015  0.663425  0.703413  0.717548  0.698320  0.730409  0.541416  0.582082  0.742133  0.700213  0.615893  0.743832  0.800071  0.746479  0.684260 0.0  0.713860  0.702620  0.718336  0.515131  0.672211  0.576650  0.755417  0.716104  0.701138  0.616397  0.776391  0.675800  0.751410  0.663962  0.652569  0.675917  0.686958  0.614641  0.663029  0.622876  0.670033  0.660291  0.467263  0.695792  0.641597  0.635223 
34  0.566779  0.711502  0.650750  0.441682  0.574265  0.656642  0.513186  0.589791  0.384538  0.768816  0.515647  0.595731  0.503554  0.542487  0.478871  0.586643  0.594555  0.657933  0.600119  0.611907  0.664537  0.700201  0.531669  0.461602  0.631316  0.315401  0.221917  0.577822  0.550170  0.549695  0.634266  0.463471  0.517430  0.713860 0.0  0.395467  0.301449  0.506452  0.503619  0.678265  0.608139  0.683248  0.455956  0.409452  0.600548  0.577718  0.544076  0.444357  0.384427  0.579471  0.294661  0.696334  0.306557  0.516880  0.622485  0.579608  0.653115  0.564248  0.686678  0.679812 
35  0.590337  0.716951  0.562707  0.601848  0.514688  0.813451  0.491576  0.767073  0.597604  0.548693  0.498754  0.641470  0.518123  0.535595  0.554795  0.486982  0.794868  0.551378  0.770071  0.389969  0.333098  0.602349  0.674648  0.688077  0.855105  0.544022  0.606031  0.601968  0.459507  0.643938  0.641476  0.596347  0.328596  0.702620  0.395467 0.0  0.515146  0.476424  0.695660  0.224634  0.524431  0.366116  0.654280  0.567194  0.435042  0.546581  0.496788  0.681358  0.561702  0.624575  0.555652  0.358356  0.695015  0.708668  0.429586  0.565994  0.632144  0.533265  0.696684  0.465550 
36  0.584426  0.597302  0.624373  0.466927  0.636452  0.607795  0.549680  0.657681  0.511663  0.664708  0.574768  0.636179  0.428599  0.317991  0.698547  0.503443  0.631342  0.656291  0.565454  0.748811  0.653350  0.723140  0.652518  0.702553  0.627741  0.477232  0.404002  0.512923  0.660239  0.486455  0.571222  0.538441  0.526199  0.718336  0.301449  0.515146 0.0  0.355606  0.400592  0.614184  0.591935  0.616039  0.356043  0.422968  0.514714  0.733877  0.443827  0.387752  0.532081  0.478446  0.354094  0.589259  0.506625  0.565079  0.662074  0.587748  0.723721  0.601794  0.589608  0.647397 
37  0.444984  0.650666  0.493835  0.467314  0.502324  0.669037  0.601859  0.592843  0.368816  0.601757  0.574721  0.608540  0.559516  0.566148  0.701983  0.526875  0.836586  0.637696  0.539900  0.694287  0.574846  0.726132  0.643810  0.564110  0.800868  0.567627  0.564344  0.376020  0.616484  0.416009  0.638704  0.629132  0.446196  0.515131  0.506452  0.476424  0.355606 0.0  0.728481  0.579619  0.607639  0.622988  0.828044  0.548995  0.436354  0.687319  0.376286  0.488635  0.530822  0.579959  0.498784  0.522960  0.593908  0.607056  0.667735  0.748888  0.324058  0.656847  0.543199  0.710874 
38  0.653977  0.738492  0.679048  0.492324  0.601596  0.769938  0.739718  0.756078  0.596757  0.610121  0.638016  0.699198  0.616898  0.465071  0.744501  0.513916  0.595001  0.677096  0.741772  0.520933  0.614447  0.696839  0.617425  0.730674  0.482040  0.480469  0.488206  0.669710  0.637476  0.637958  0.704837  0.601278  0.762356  0.672211  0.503619  0.695660  0.400592  0.728481 0.0  0.605398  0.593653  0.690274  0.464668  0.686755  0.698242  0.522568  0.604162  0.578362  0.525211  0.508299  0.405642  0.649748  0.611237  0.609741  0.700482  0.714911  0.724211  0.642030  0.667730  0.682376 
39  0.719227  0.747493  0.747049  0.661815  0.556903  0.872701  0.779142  0.726763  0.824011  0.485556  0.700267  0.685158  0.526091  0.733238  0.762141  0.687429  0.771880  0.805152  0.641355  0.349886  0.408682  0.583927  0.782321  0.811709  0.750894  0.602872  0.778963  0.715282  0.498249  0.690366  0.780686  0.564757  0.551008  0.576650  0.678265  0.224634  0.614184  0.579619  0.605398 0.0  0.814761  0.356308  0.764494  0.665851  0.673356  0.523151  0.768539  0.663219  0.709566  0.622619  0.794780  0.570425  0.674698  0.833926  0.462609  0.768692  0.615612  0.586895  0.788486  0.478860 
40  0.589363  0.489184  0.344571  0.458374  0.526263  0.567574  0.398450  0.448805  0.524742  0.634225  0.569519  0.425362  0.320874  0.559052  0.386181  0.439743  0.810170  0.273232  0.560936  0.660757  0.642489  0.654984  0.694421  0.569953  0.567504  0.580462  0.553566  0.547209  0.598859  0.615616  0.615502  0.213001  0.332791  0.755417  0.608139  0.524431  0.591935  0.607639  0.593653  0.814761 0.0  0.650189  0.693384  0.464278  0.587347  0.790056  0.499641  0.588134  0.370565  0.590368  0.503066  0.574021  0.485883  0.548439  0.603295  0.583652  0.509417  0.713142  0.397300  0.818668 
41  0.562708  0.732957  0.553887  0.541187  0.538828  0.787408  0.620936  0.666926  0.777320  0.661827  0.593081  0.647296  0.632684  0.741597  0.685967  0.638163  0.665512  0.655989  0.685933  0.382007  0.441594  0.581812  0.723630  0.735713  0.618925  0.745894  0.605399  0.768680  0.594288  0.807171  0.661816  0.595182  0.389530  0.716104  0.683248  0.366116  0.616039  0.622988  0.690274  0.356308  0.650189 0.0  0.654294  0.718567  0.666064  0.625805  0.694559  0.693635  0.728629  0.693139  0.735115  0.483753  0.715437  0.698630  0.523605  0.624461  0.636857  0.670292  0.624694  0.450375 
42  0.701611  0.708746  0.722780  0.562093  0.676117  0.840025  0.703231  0.638542  0.545270  0.783152  0.651140  0.657315  0.707090  0.542631  0.677417  0.592280  0.492794  0.626451  0.663075  0.628735  0.797371  0.616504  0.558019  0.804013  0.472847  0.553402  0.558172  0.762871  0.666045  0.538168  0.648729  0.702991  0.665997  0.701138  0.455956  0.654280  0.356043  0.828044  0.464668  0.764494  0.693384  0.654294 0.0  0.524867  0.670376  0.604403  0.791195  0.511065  0.729242  0.637065  0.497883  0.598474  0.574672  0.556370  0.625104  0.590136  0.690037  0.766121  0.682454  0.789527 
43  0.430779  0.628352  0.526170  0.495094  0.553894  0.655726  0.513339  0.496625  0.307385  0.643941  0.558660  0.668464  0.554814  0.524719  0.606238  0.551335  0.580980  0.527918  0.527168  0.690499  0.699402  0.525445  0.618795  0.567456  0.647333  0.357154  0.306587  0.512128  0.755633  0.427692  0.599202  0.552474  0.545176  0.616397  0.409452  0.567194  0.422968  0.548995  0.686755  0.665851  0.464278  0.718567  0.524867 0.0  0.441884  0.802917  0.600664  0.397206  0.598567  0.579888  0.288865  0.680585  0.288898  0.489577  0.692388  0.548137  0.541533  0.726852  0.687941  0.781402 
44  0.567338  0.716314  0.629158  0.587486  0.643840  0.603112  0.588338  0.569463  0.440477  0.584141  0.588465  0.661678  0.632938  0.598767  0.719196  0.570661  0.771526  0.619327  0.698719  0.611154  0.646568  0.466206  0.730104  0.565334  0.839202  0.652597  0.492100  0.525803  0.588883  0.660878  0.475864  0.656994  0.402436  0.776391  0.600548  0.435042  0.514714  0.436354  0.698242  0.673356  0.587347  0.666064  0.670376  0.441884 0.0  0.747684  0.562607  0.638507  0.710112  0.547990  0.629205  0.684583  0.553503  0.600195  0.574804  0.473988  0.576867  0.595977  0.521739  0.597141 
45  0.778537  0.763355  0.629045  0.655051  0.610232  0.647247  0.718771  0.710088  0.620886  0.648641  0.571752  0.663693  0.725323  0.704880  0.720344  0.581956  0.581611  0.774126  0.698347  0.533414  0.467327  0.556137  0.658842  0.720541  0.645025  0.604837  0.546622  0.766954  0.310469  0.559005  0.654533  0.854799  0.697608  0.675800  0.577718  0.546581  0.733877  0.687319  0.522568  0.523151  0.790056  0.625805  0.604403  0.802917  0.747684 0.0  0.635858  0.748863  0.692847  0.590731  0.708041  0.369233  0.638825  0.740049  0.615147  0.486622  0.664023  0.608974  0.789595  0.538402 
46  0.510818  0.668076  0.532337  0.541858  0.568121  0.538465  0.633391  0.567818  0.468623  0.646285  0.540858  0.640168  0.409032  0.477994  0.702644  0.485328  0.718288  0.569837  0.657009  0.568280  0.646782  0.561078  0.634264  0.610561  0.723719  0.558388  0.560010  0.672542  0.708964  0.594162  0.574012  0.540477  0.492976  0.751410  0.544076  0.496788  0.443827  0.376286  0.604162  0.768539  0.499641  0.694559  0.791195  0.600664  0.562607  0.635858 0.0  0.520073  0.574021  0.502133  0.501752  0.619526  0.716478  0.549545  0.596578  0.565626  0.630628  0.623378  0.495097  0.635900 
47  0.516248  0.597136  0.595226  0.403677  0.642429  0.673679  0.629621  0.720875  0.490144  0.707100  0.664088  0.699016  0.635806  0.487532  0.597828  0.592979  0.543010  0.713455  0.624286  0.679232  0.814301  0.767032  0.551001  0.614007  0.632881  0.402592  0.250402  0.414328  0.706985  0.654459  0.593185  0.688090  0.654941  0.663962  0.444357  0.681358  0.387752  0.488635  0.578362  0.663219  0.588134  0.693635  0.511065  0.397206  0.638507  0.748863  0.520073 0.0  0.626503  0.553159  0.382676  0.682115  0.418241  0.537557  0.705635  0.600538  0.583746  0.710920  0.639005  0.785735 
48  0.564243  0.554980  0.424932  0.511305  0.567668  0.691354  0.357753  0.335410  0.490103  0.738876  0.460186  0.349339  0.315160  0.658146  0.363156  0.531753  0.655874  0.399108  0.755286  0.514763  0.486262  0.649274  0.667153  0.597117  0.637196  0.431794  0.534326  0.491700  0.639918  0.551433  0.486808  0.381341  0.551074  0.652569  0.384427  0.561702  0.532081  0.530822  0.525211  0.709566  0.370565  0.728629  0.729242  0.598567  0.710112  0.692847  0.574021  0.626503 0.0  0.640631  0.505408  0.520649  0.616106  0.671783  0.638286  0.635056  0.634462  0.616026  0.371600  0.555078 
49  0.641588  0.681464  0.591361  0.485265  0.620679  0.666856  0.644275  0.556598  0.551925  0.738946  0.621434  0.570858  0.541283  0.548080  0.560238  0.568281  0.530020  0.734307  0.624053  0.749314  0.579402  0.593906  0.535589  0.664846  0.555992  0.445450  0.485683  0.612842  0.789367  0.518955  0.665186  0.649391  0.665680  0.675917  0.579471  0.624575  0.478446  0.579959  0.508299  0.622619  0.590368  0.693139  0.637065  0.579888  0.547990  0.590731  0.502133  0.553159  0.640631 0.0  0.545934  0.651949  0.518555  0.523426  0.629201  0.565684  0.714358  0.700363  0.627703  0.679498 
50  0.620017  0.569125  0.546352  0.335957  0.506552  0.576282  0.581600  0.522089  0.358750  0.681053  0.646515  0.467950  0.693959  0.436933  0.615705  0.496009  0.662981  0.548051  0.567352  0.692982  0.649385  0.554800  0.596373  0.604165  0.548089  0.471478  0.365528  0.505100  0.680223  0.532185  0.624270  0.430391  0.479326  0.686958  0.294661  0.555652  0.354094  0.498784  0.405642  0.794780  0.503066  0.735115  0.497883  0.288865  0.629205  0.708041  0.501752  0.382676  0.505408  0.545934 0.0  0.436711  0.482025  0.444466  0.616049  0.466340  0.535082  0.596092  0.560301  0.652905 
51  0.684421  0.639105  0.531474  0.591372  0.422642  0.757349  0.668192  0.656612  0.540214  0.632639  0.670778  0.442622  0.663791  0.618723  0.654847  0.628226  0.674718  0.548824  0.645113  0.411715  0.350506  0.549856  0.590235  0.611316  0.550408  0.692180  0.628168  0.774121  0.570148  0.481247  0.599807  0.576344  0.386097  0.614641  0.696334  0.358356  0.589259  0.522960  0.649748  0.570425  0.574021  0.483753  0.598474  0.680585  0.684583  0.369233  0.619526  0.682115  0.520649  0.651949  0.436711 0.0  0.728617  0.693239  0.502446  0.666946  0.595611  0.577155  0.404963  0.378843 
52  0.589056  0.711216  0.727708  0.443384  0.698578  0.729641  0.455108  0.550247  0.479419  0.631876  0.700971  0.631055  0.587426  0.523953  0.535402  0.651879  0.566170  0.550957  0.595032  0.711733  0.756182  0.614774  0.639558  0.814466  0.605383  0.425684  0.247266  0.560211  0.621968  0.425898  0.655933  0.552005  0.651662  0.663029  0.306557  0.695015  0.506625  0.593908  0.611237  0.674698  0.485883  0.715437  0.574672  0.288898  0.553503  0.638825  0.716478  0.418241  0.616106  0.518555  0.482025  0.728617 0.0  0.463617  0.675685  0.465820  0.577926  0.604590  0.717983  0.784466 
53  0.585551  0.656041  0.580699  0.492124  0.588988  0.806469  0.655844  0.502118  0.446402  0.716547  0.506695  0.714096  0.645965  0.528097  0.614942  0.686280  0.649677  0.670127  0.675516  0.731333  0.708574  0.535494  0.561268  0.679808  0.678572  0.496542  0.592527  0.462343  0.755375  0.497985  0.753592  0.535688  0.707476  0.622876  0.516880  0.708668  0.565079  0.607056  0.609741  0.833926  0.548439  0.698630  0.556370  0.489577  0.600195  0.740049  0.549545  0.537557  0.671783  0.523426  0.444466  0.693239  0.463617 0.0  0.849339  0.650697  0.519453  1.000000  0.543730  0.712236 
54  0.708384  0.813123  0.800517  0.798293  0.550925  0.839057  0.681924  0.717899  0.650856  0.566201  0.685536  0.679893  0.529016  0.492434  0.703574  0.591535  0.720424  0.636207  0.771955  0.456210  0.492001  0.664815  0.784922  0.777216  0.626779  0.658710  0.778604  0.802296  0.624239  0.733607  0.726242  0.632423  0.365711  0.670033  0.622485  0.429586  0.662074  0.667735  0.700482  0.462609  0.603295  0.523605  0.625104  0.692388  0.574804  0.615147  0.596578  0.705635  0.638286  0.629201  0.616049  0.502446  0.675685  0.849339 0.0  0.710525  0.692714  0.606535  0.697971  0.571514 
55  0.520295  0.734384  0.587204  0.497380  0.653691  0.486812  0.737101  0.578017  0.670218  0.675713  0.727271  0.622353  0.608633  0.597750  0.645407  0.602476  0.604233  0.571419  0.670256  0.652312  0.593238  0.637164  0.674371  0.487439  0.610851  0.608757  0.453540  0.694984  0.587085  0.555570  0.635538  0.650497  0.578469  0.660291  0.579608  0.565994  0.587748  0.748888  0.714911  0.768692  0.583652  0.624461  0.590136  0.548137  0.473988  0.486622  0.565626  0.600538  0.635056  0.565684  0.466340  0.666946  0.465820  0.650697  0.710525 0.0  0.564300  0.687902  0.612945  0.612397 
56  0.524553  0.666827  0.548668  0.506080  0.440143  0.716376  0.509484  0.602525  0.509908  0.618410  0.705902  0.635191  0.713991  0.563685  0.605971  0.662317  0.683444  0.759737  0.453560  0.640043  0.552974  0.622144  0.661122  0.606630  0.680057  0.652285  0.669214  0.481565  0.683293  0.550275  0.755604  0.583385  0.498469  0.467263  0.653115  0.632144  0.723721  0.324058  0.724211  0.615612  0.509417  0.636857  0.690037  0.541533  0.576867  0.664023  0.630628  0.583746  0.634462  0.714358  0.535082  0.595611  0.577926  0.519453  0.692714  0.564300 0.0  0.752710  0.538778  0.739423 
57  0.746106  0.674429  0.750504  0.687711  0.640863  0.735864  0.643851  0.763198  0.617105  0.517538  0.688994  0.750422  0.655831  0.750822  0.739957  0.583183  0.616676  0.655185  0.688603  0.673907  0.613695  0.738495  0.720189  0.724334  0.727440  0.644042  0.619089  0.618654  0.632235  0.450119  0.786939  0.609283  0.543847  0.695792  0.564248  0.533265  0.601794  0.656847  0.642030  0.586895  0.713142  0.670292  0.766121  0.726852  0.595977  0.608974  0.623378  0.710920  0.616026  0.700363  0.596092  0.577155  0.604590  1.000000  0.606535  0.687902  0.752710 0.0  0.706906  0.654555 
58  0.483697  0.470824  0.292515  0.549631  0.625024  0.487436  0.597392  0.454721  0.623984  0.761227  0.481528  0.431978  0.561558  0.599874  0.471184  0.590870  0.701826  0.335612  0.495006  0.662029  0.603474  0.554924  0.625231  0.515335  0.547542  0.602684  0.595898  0.650907  0.642108  0.640055  0.610859  0.424364  0.625839  0.641597  0.686678  0.696684  0.589608  0.543199  0.667730  0.788486  0.397300  0.624694  0.682454  0.687941  0.521739  0.789595  0.495097  0.639005  0.371600  0.627703  0.560301  0.404963  0.717983  0.543730  0.697971  0.612945  0.538778  0.706906 0.0  0.631071 
59  0.632440  0.648551  0.651595  0.892695  0.597487  0.813915  0.576801  0.715611  0.652989  0.590299  0.621222  0.638593  0.767324  0.761286  0.723372  0.547071  0.712180  0.642993  0.733854  0.298527  0.374515  0.629886  0.846283  0.740560  0.711768  0.623392  0.646354  0.841453  0.493376  0.640811  0.752612  0.685887  0.532568  0.635223  0.679812  0.465550  0.647397  0.710874  0.682376  0.478860  0.818668  0.450375  0.789527  0.781402  0.597141  0.538402  0.635900  0.785735  0.555078  0.679498  0.652905  0.378843  0.784466  0.712236  0.571514  0.612397  0.739423  0.654555  0.631071 0.0 
