60
0 0.0  0.569798  0.487651  0.426541  0.557924  0.389281  0.561867  0.495507  0.613015  0.657021  0.542982  0.547598  0.529394  0.506035  0.513687  0.788869  0.781362  0.683590  0.482496  0.666035  0.611827  0.439893  0.639499  0.470432  0.721858  0.546412  0.351934  0.529357  0.783727  0.710362  0.452134  0.547427  0.582531  0.730156  0.557689  0.546111  0.628293  0.442668  0.823849  0.784588  0.669519  0.641219  0.813957  0.412426  0.488748  0.635451  0.508300  0.500276  0.463001  0.528855  0.535193  0.628953  0.587388  0.639051  0.733341  0.679123  0.479585  0.712961  0.426200  0.667282 
1  0.569798 0.0  0.484456  0.758047  0.804379  0.556894  0.570934  0.452422  0.761370  0.768036  0.529850  0.527108  0.515932  0.764688  0.501343  0.613810  0.807175  0.510405  0.674863  0.762319  0.715453  0.633554  0.664568  0.642543  0.932557  0.659860  0.622187  0.841700  0.746405  0.705829  0.695085  0.532387  0.719811  0.855413  0.814822  0.696289  0.763325  0.707618  0.758756  0.831794  0.567040  0.760366  0.656240  0.722744  0.710981  0.705873  0.666329  0.755077  0.506469  0.706831  0.741372  0.746197  0.817848  0.816189  0.746612  0.701141  0.627017  0.769471  0.575438  0.781103 
2  0.487651  0.484456 0.0  0.545195  0.662203  0.580989  0.397178  0.302943  0.612270  0.610362  0.463894  0.294127  0.413303  0.657352  0.367783  0.622513  0.630192  0.336260  0.541291  0.611598  0.688380  0.613071  0.552058  0.356819  0.580902  0.647699  0.569672  0.506595  0.812997  0.666018  0.590588  0.259959  0.573011  0.773027  0.534542  0.713857  0.546895  0.487129  0.728710  0.854067  0.305185  0.644392  0.754012  0.599729  0.615127  0.836596  0.633297  0.687576  0.232438  0.617107  0.481153  0.616568  0.757907  0.568616  0.782594  0.657398  0.588784  0.756935  0.273635  0.671438 
3  0.426541  0.758047  0.545195 0.0  0.796242  0.510327  0.588083  0.619535  0.481006  0.694105  0.748700  0.651036  0.608864  0.486658  0.685938  0.551896  0.648522  0.694377  0.413335  0.851415  0.860922  0.625687  0.454323  0.513351  0.638779  0.298144  0.397897  0.361182  0.754550  0.669120  0.540815  0.642468  0.625962  0.772306  0.534324  0.738713  0.540749  0.570371  0.490558  0.716326  0.518435  0.775978  0.687197  0.380879  0.683710  0.711433  0.596857  0.420666  0.541124  0.459855  0.406994  0.764848  0.440007  0.446851  0.768829  0.697921  0.458239  0.781838  0.623306  0.803846 
4  0.557924  0.804379  0.662203  0.796242 0.0  0.816909  0.586962  0.718125  0.730472  0.630893  0.734110  0.634575  0.565460  0.471905  0.742230  0.577915  0.768770  0.586837  0.618776  0.572152  0.555335  0.747928  0.751582  0.653956  0.756275  0.683115  0.632624  0.627091  0.712382  0.576255  0.686412  0.637341  0.511991  0.437356  0.631244  0.475895  0.505587  0.532164  0.559421  0.539542  0.500689  0.592192  0.816443  0.639333  0.616653  0.731361  0.589362  0.666890  0.649813  0.642800  0.483539  0.485551  0.720751  0.655666  0.575251  0.727177  0.387826  0.724022  0.473237  0.527464 
5  0.389281  0.556894  0.580989  0.510327  0.816909 0.0  0.709924  0.514201  0.725208  0.853323  0.583999  0.686629  0.609180  0.730243  0.782314  0.755497  0.960725  0.477564  0.761505  0.842331  0.894550  0.808263  0.727233  0.316324  0.719300  0.652240  0.660644  0.567746  0.774881  0.665549  0.720003  0.615632  0.757332  0.881170  0.722291  0.719531  0.692841  0.720637  0.700459  0.921825  0.752348  0.873729  0.681094  0.826994  0.571290  0.790543  0.558697  0.677249  0.606407  0.668868  0.558281  0.803387  0.827830  0.812554  0.968362  0.631015  0.758346  0.674174  0.612508  1.000000 
6  0.561867  0.570934  0.397178  0.588083  0.586962  0.709924 0.0  0.405489  0.642499  0.736907  0.600045  0.319953  0.528865  0.723889  0.289557  0.603904  0.690327  0.393508  0.660508  0.679914  0.548685  0.751371  0.688605  0.517204  0.777423  0.517018  0.543649  0.654824  0.616549  0.646061  0.622795  0.258490  0.604503  0.804149  0.540769  0.541254  0.639971  0.651074  0.670269  0.738274  0.398721  0.633593  0.814327  0.548485  0.663022  0.812437  0.629865  0.630300  0.475363  0.692113  0.579803  0.605317  0.540270  0.616216  0.848142  0.478184  0.644765  0.742401  0.524240  0.658268 
7  0.495507  0.452422  0.302943  0.619535  0.718125  0.514201  0.405489 0.0  0.694829  0.733358  0.439997  0.468729  0.427612  0.822515  0.294416  0.613019  0.830292  0.468961  0.633266  0.654620  0.731346  0.535392  0.727098  0.616468  0.690315  0.545370  0.598701  0.706569  0.710000  0.684948  0.767577  0.465951  0.621260  0.764460  0.683408  0.707324  0.708349  0.592026  0.650838  0.756338  0.440021  0.787979  0.689788  0.753250  0.664195  0.770180  0.560487  0.661643  0.522540  0.837755  0.686035  0.635456  0.553459  0.600697  0.736203  0.775630  0.667682  0.806811  0.362469  0.767818 
8  0.613015  0.761370  0.612270  0.481006  0.730472  0.725208  0.642499  0.694829 0.0  0.662045  0.554110  0.555849  0.474287  0.490625  0.588319  0.654156  0.540535  0.602733  0.642687  0.761924  0.614008  0.531482  0.401380  0.704758  0.516733  0.435728  0.354396  0.628472  0.677034  0.443349  0.691140  0.577115  0.618591  0.630443  0.407081  0.495179  0.291325  0.526341  0.478514  0.731101  0.439091  0.775893  0.628129  0.488381  0.333744  0.721555  0.457865  0.531945  0.472756  0.491143  0.384761  0.672169  0.398264  0.384578  0.697637  0.633392  0.465050  0.643875  0.577596  0.664158 
9  0.657021  0.768036  0.610362  0.694105  0.630893  0.853323  0.736907  0.733358  0.662045 0.0  0.752255  0.608834  0.705707  0.755260  0.811319  0.599429  0.725463  0.653179  0.708626  0.473843  0.706921  0.649786  0.887129  0.869415  0.699309  0.749096  0.690721  0.615701  0.542894  0.610978  0.740828  0.696574  0.602153  0.742831  0.682623  0.592177  0.695790  0.625176  0.635092  0.555718  0.728725  0.515359  0.585898  0.650445  0.540316  0.635855  0.706936  0.787146  0.684831  0.636139  0.654695  0.706607  0.563430  0.692855  0.564517  0.570885  0.652348  0.460924  0.765584  0.674126 
10  0.542982  0.529850  0.463894  0.748700  0.734110  0.583999  0.600045  0.439997  0.554110  0.752255 0.0  0.497877  0.436263  0.927558  0.501110  0.623456  0.657828  0.504763  0.516701  0.601725  0.645031  0.674448  0.673742  0.599953  0.864522  0.506252  0.588741  0.786863  0.679838  0.656308  0.655753  0.577939  0.523167  0.695365  0.651953  0.592388  0.597514  0.663627  0.825557  0.745181  0.585341  0.708401  0.791035  0.571191  0.693860  0.608093  0.639465  0.761847  0.473862  0.691680  0.691184  0.607011  0.659370  0.616754  0.749710  0.665366  0.748425  0.685881  0.603293  0.661244 
11  0.547598  0.527108  0.294127  0.651036  0.634575  0.686629  0.319953  0.468729  0.555849  0.608834  0.497877 0.0  0.406916  0.601902  0.374881  0.558533  0.573027  0.444356  0.530873  0.754264  0.431766  0.611655  0.643769  0.458003  0.558189  0.759493  0.632377  0.724312  0.591554  0.639975  0.592441  0.319287  0.477805  0.620538  0.630757  0.701317  0.684059  0.554582  0.684312  0.621709  0.510097  0.554189  0.628097  0.681630  0.651613  0.593298  0.591969  0.681662  0.347393  0.752313  0.684087  0.468714  0.608810  0.600128  0.787385  0.613365  0.513072  0.793672  0.448108  0.673099 
12  0.529394  0.515932  0.413303  0.608864  0.565460  0.609180  0.528865  0.427612  0.474287  0.705707  0.436263  0.406916 0.0  0.657355  0.367266  0.553484  0.894979  0.384482  0.611465  0.568384  0.630025  0.683408  0.663222  0.510088  0.841085  0.524890  0.599823  0.662537  0.607049  0.723987  0.489104  0.380755  0.447164  0.872340  0.587757  0.437433  0.500763  0.460452  0.659066  0.620962  0.343369  0.645546  0.664097  0.574823  0.469102  0.758454  0.507305  0.576041  0.341733  0.622060  0.591985  0.630796  0.591353  0.699121  0.620538  0.639664  0.710367  0.695718  0.525511  0.634187 
13  0.506035  0.764688  0.657352  0.486658  0.471905  0.730243  0.723889  0.822515  0.490625  0.755260  0.927558  0.601902  0.657355 0.0  0.663006  0.583652  0.729631  0.648959  0.715374  0.785985  0.614938  0.640128  0.716661  0.590517  0.610535  0.654010  0.518878  0.600281  0.658371  0.474653  0.608024  0.545314  0.561862  0.701600  0.381198  0.635945  0.475186  0.514189  0.579694  0.735346  0.550528  0.708767  0.555609  0.552592  0.683101  0.593625  0.555009  0.567581  0.636681  0.578950  0.404415  0.693903  0.447827  0.620245  0.619634  0.655032  0.633744  0.755099  0.731449  0.832111 
14  0.513687  0.501343  0.367783  0.685938  0.742230  0.782314  0.289557  0.294416  0.588319  0.811319  0.501110  0.374881  0.367266  0.663006 0.0  0.715708  0.525434  0.516689  0.608941  0.707590  0.550643  0.565086  0.574123  0.550954  0.607037  0.432641  0.568648  0.659757  0.685679  0.684703  0.700541  0.497481  0.622617  0.696678  0.546420  0.592651  0.693859  0.639347  0.701189  0.746686  0.404470  0.651654  0.816596  0.515119  0.642218  0.625621  0.644330  0.647979  0.372947  0.666864  0.665973  0.714834  0.602933  0.670332  0.809494  0.724757  0.699388  0.772758  0.547661  0.643570 
15  0.788869  0.613810  0.622513  0.551896  0.577915  0.755497  0.603904  0.613019  0.654156  0.599429  0.623456  0.558533  0.553484  0.583652  0.715708 0.0  0.666134  0.529076  0.690734  0.690330  0.497257  0.660321  0.652216  0.626872  0.801532  0.606641  0.679897  0.635573  0.618661  0.535010  0.731454  0.667037  0.474217  0.680937  0.563982  0.599951  0.493991  0.594696  0.511549  0.588213  0.600236  0.673952  0.678585  0.675902  0.723389  0.635486  0.613026  0.571635  0.637452  0.618141  0.681367  0.625881  0.561283  0.681766  0.674353  0.651648  0.703748  0.576622  0.643036  0.672964 
16  0.781362  0.807175  0.630192  0.648522  0.768770  0.960725  0.690327  0.830292  0.540535  0.725463  0.657828  0.573027  0.894979  0.729631  0.525434  0.666134 0.0  0.826198  0.776200  0.691588  0.762976  0.616783  0.525878  0.845895  0.394117  0.554730  0.500369  0.796537  0.762808  0.649310  0.783583  0.792219  0.873832  0.750545  0.681932  0.780497  0.746403  0.909487  0.575949  0.815474  0.816267  0.751519  0.487017  0.619869  0.954286  0.667029  0.742495  0.678065  0.575292  0.620546  0.673077  0.725447  0.504274  0.666355  0.865057  0.659799  0.896568  0.820492  0.853742  0.603538 
17  0.683590  0.510405  0.336260  0.694377  0.586837  0.477564  0.393508  0.468961  0.602733  0.653179  0.504763  0.444356  0.384482  0.648959  0.516689  0.529076  0.826198 0.0  0.793602  0.620265  0.583578  0.711023  0.739609  0.541942  0.712559  0.790882  0.644028  0.690683  0.725983  0.604334  0.723754  0.156148  0.619838  0.730859  0.637921  0.571312  0.632305  0.741223  0.734359  0.780583  0.382975  0.669887  0.574948  0.754895  0.697168  0.807716  0.639534  0.605170  0.444638  0.661632  0.488629  0.520428  0.636291  0.640199  0.708661  0.584577  0.689936  0.641792  0.356441  0.702330 
18  0.482496  0.674863  0.541291  0.413335  0.618776  0.761505  0.660508  0.633266  0.642687  0.708626  0.516701  0.530873  0.611465  0.715374  0.608941  0.690734  0.776200  0.793602 0.0  0.707692  0.576990  0.496666  0.592301  0.699764  0.650866  0.525173  0.601269  0.313671  0.692789  0.740768  0.558695  0.611117  0.539518  0.667311  0.664476  0.645322  0.748840  0.507768  0.618747  0.739360  0.477514  0.681296  0.754815  0.682200  0.570428  0.709369  0.597439  0.573556  0.585246  0.458690  0.492929  0.644217  0.689379  0.618600  0.874384  0.671227  0.504757  0.861173  0.512611  0.798715 
19  0.666035  0.762319  0.611598  0.851415  0.572152  0.842331  0.679914  0.654620  0.761924  0.473843  0.601725  0.754264  0.568384  0.785985  0.707590  0.690330  0.691588  0.620265  0.707692 0.0  0.241923  0.534266  0.815564  0.925273  0.625819  0.679638  0.749187  0.922205  0.580827  0.765762  0.588186  0.682153  0.517440  0.679352  0.678075  0.303239  0.663476  0.570279  0.598824  0.302715  0.685644  0.396542  0.725134  0.725204  0.642646  0.576263  0.674688  0.709932  0.512127  0.728656  0.812637  0.446279  0.798592  0.761593  0.478681  0.613562  0.666190  0.591585  0.639750  0.333548 
20  0.611827  0.715453  0.688380  0.860922  0.555335  0.894550  0.548685  0.731346  0.614008  0.706921  0.645031  0.431766  0.630025  0.614938  0.550643  0.497257  0.762976  0.583578  0.576990  0.241923 0.0  0.576834  0.757439  0.788659  0.747307  0.663913  0.600924  0.746285  0.390537  0.621258  0.598912  0.601265  0.456317  0.665065  0.661126  0.325388  0.559227  0.759629  0.564789  0.422686  0.751354  0.407480  0.663664  0.751241  0.729341  0.586782  0.621534  0.684677  0.554227  0.576700  0.475574  0.274666  0.762358  0.785835  0.551718  0.753527  0.685029  0.586169  0.672253  0.284584 
21  0.439893  0.633554  0.613071  0.625687  0.747928  0.808263  0.751371  0.535392  0.531482  0.649786  0.674448  0.611655  0.683408  0.640128  0.565086  0.660321  0.616783  0.711023  0.496666  0.534266  0.576834 0.0  0.641256  0.767709  0.558562  0.381619  0.516153  0.670128  0.694038  0.678250  0.629174  0.632606  0.673921  0.699192  0.584469  0.529586  0.701839  0.673600  0.613246  0.636303  0.572061  0.649721  0.698635  0.568011  0.563077  0.642034  0.636154  0.681312  0.672109  0.679285  0.591096  0.684368  0.622077  0.517858  0.718577  0.601273  0.554454  0.692963  0.571309  0.614958 
22  0.639499  0.664568  0.552058  0.454323  0.751582  0.727233  0.688605  0.727098  0.401380  0.887129  0.673742  0.643769  0.663222  0.716661  0.574123  0.652216  0.525878  0.739609  0.592301  0.815564  0.757439  0.641256 0.0  0.631798  0.561094  0.583935  0.564495  0.752391  0.778048  0.689953  0.586535  0.683831  0.679966  0.638065  0.531436  0.768654  0.648278  0.732988  0.649207  0.861118  0.701831  0.788062  0.608313  0.623557  0.684820  0.699491  0.593381  0.451502  0.590167  0.480643  0.487302  0.712201  0.535229  0.560518  0.763085  0.694748  0.681578  0.834243  0.764350  0.752014 
23  0.470432  0.642543  0.356819  0.513351  0.653956  0.316324  0.517204  0.616468  0.704758  0.869415  0.599953  0.458003  0.510088  0.590517  0.550954  0.626872  0.845895  0.541942  0.699764  0.925273  0.788659  0.767709  0.631798 0.0  0.789470  0.621235  0.454051  0.579749  0.753216  0.560647  0.690774  0.659500  0.691714  0.864592  0.629034  0.853315  0.643858  0.661750  0.738196  0.832205  0.631624  0.841429  0.779894  0.732465  0.684287  0.676103  0.751994  0.674414  0.514632  0.620876  0.527780  0.682986  0.849150  0.663732  0.878424  0.611863  0.656288  0.689932  0.488360  0.791213 
24  0.721858  0.932557  0.580902  0.638779  0.756275  0.719300  0.777423  0.690315  0.516733  0.699309  0.864522  0.558189  0.841085  0.610535  0.607037  0.801532  0.394117  0.712559  0.650866  0.625819  0.747307  0.558562  0.561094  0.789470 0.0  0.576112  0.651834  0.700619  0.791703  0.505369  0.826770  0.651557  0.704239  0.678752  0.644525  0.806558  0.712033  0.735139  0.601890  0.886298  0.678233  0.648122  0.561249  0.615985  0.769349  0.598615  0.734298  0.684121  0.586253  0.513205  0.484268  0.572724  0.575853  0.666950  0.723945  0.689624  0.764204  0.815988  0.612574  0.788313 
25  0.546412  0.659860  0.647699  0.298144  0.683115  0.652240  0.517018  0.545370  0.435728  0.749096  0.506252  0.759493  0.524890  0.654010  0.432641  0.606641  0.554730  0.790882  0.525173  0.679638  0.663913  0.381619  0.583935  0.621235  0.576112 0.0  0.332837  0.613512  0.701931  0.511451  0.579473  0.704058  0.618116  0.580828  0.351687  0.697025  0.521266  0.651510  0.525625  0.754443  0.534586  0.669595  0.622265  0.479713  0.632277  0.516521  0.476012  0.356703  0.454550  0.551868  0.457846  0.598686  0.444678  0.476542  0.753166  0.499266  0.610584  0.636546  0.638897  0.677403 
26  0.351934  0.622187  0.569672  0.397897  0.632624  0.660644  0.543649  0.598701  0.354396  0.690721  0.588741  0.632377  0.599823  0.518878  0.568648  0.679897  0.500369  0.644028  0.601269  0.749187  0.600924  0.516153  0.564495  0.454051  0.651834  0.332837 0.0  0.590870  0.648771  0.544163  0.641554  0.643242  0.709937  0.691004  0.361814  0.568986  0.409134  0.554511  0.588528  0.714096  0.523513  0.753337  0.551802  0.392243  0.714157  0.572908  0.516281  0.312586  0.481583  0.386968  0.338535  0.635981  0.384175  0.480619  0.754050  0.571242  0.715731  0.657428  0.650709  0.695551 
27  0.529357  0.841700  0.506595  0.361182  0.627091  0.567746  0.654824  0.706569  0.628472  0.615701  0.786863  0.724312  0.662537  0.600281  0.659757  0.635573  0.796537  0.690683  0.313671  0.922205  0.746285  0.670128  0.752391  0.579749  0.700619  0.613512  0.590870 0.0  0.718542  0.720387  0.571545  0.584923  0.587639  0.679956  0.482495  0.708029  0.532284  0.395334  0.771909  0.809180  0.439963  0.688956  0.795953  0.685301  0.617957  0.873207  0.569873  0.399295  0.603960  0.551494  0.587880  0.768718  0.599954  0.450132  0.679125  0.661750  0.577255  0.628235  0.760065  0.830311 
28  0.783727  0.746405  0.812997  0.754550  0.712382  0.774881  0.616549  0.710000  0.677034  0.542894  0.679838  0.591554  0.607049  0.658371  0.685679  0.618661  0.762808  0.725983  0.692789  0.580827  0.390537  0.694038  0.778048  0.753216  0.791703  0.701931  0.648771  0.718542 0.0  0.591973  0.710108  0.592882  0.595073  0.736711  0.607975  0.509587  0.672904  0.780672  0.724083  0.498176  0.672010  0.715551  0.717056  0.789178  0.661225  0.336832  0.744909  0.760844  0.642491  0.704211  0.673858  0.568778  0.619791  0.804035  0.478454  0.685706  0.767332  0.632646  0.786217  0.624353 
29  0.710362  0.705829  0.666018  0.669120  0.576255  0.665549  0.646061  0.684948  0.443349  0.610978  0.656308  0.639975  0.723987  0.474653  0.684703  0.535010  0.649310  0.604334  0.740768  0.765762  0.621258  0.678250  0.689953  0.560647  0.505369  0.511451  0.544163  0.720387  0.591973 0.0  0.756171  0.487454  0.534741  0.646204  0.486586  0.626341  0.492318  0.509615  0.439644  0.848535  0.558256  0.831439  0.645362  0.587419  0.608885  0.664862  0.518019  0.641758  0.662430  0.485205  0.355768  0.457247  0.471783  0.556154  0.678403  0.675797  0.532537  0.587483  0.606742  0.758675 
30  0.452134  0.695085  0.590588  0.540815  0.686412  0.720003  0.622795  0.767577  0.691140  0.740828  0.655753  0.592441  0.489104  0.608024  0.700541  0.731454  0.783583  0.723754  0.558695  0.588186  0.598912  0.629174  0.586535  0.690774  0.826770  0.579473  0.641554  0.571545  0.710108  0.756171 0.0  0.677120  0.553410  0.710529  0.556545  0.617302  0.556189  0.651651  0.611649  0.740724  0.638940  0.737054  0.554560  0.656434  0.598832  0.769660  0.681196  0.622544  0.528715  0.727563  0.650781  0.761998  0.601446  0.782687  0.736815  0.613213  0.767340  0.817040  0.719313  0.754030 
31  0.547427  0.532387  0.259959  0.642468  0.637341  0.615632  0.258490  0.465951  0.577115  0.696574  0.577939  0.319287  0.380755  0.545314  0.497481  0.667037  0.792219  0.156148  0.611117  0.682153  0.601265  0.632606  0.683831  0.659500  0.651557  0.704058  0.643242  0.584923  0.592882  0.487454  0.677120 0.0  0.451762  0.665400  0.480491  0.606566  0.506838  0.609133  0.736235  0.745779  0.306377  0.694928  0.636993  0.593809  0.524213  0.848675  0.650978  0.626870  0.304167  0.673807  0.488103  0.568509  0.677794  0.645431  0.647201  0.690711  0.558138  0.580061  0.275702  0.693486 
32  0.582531  0.719811  0.573011  0.625962  0.511991  0.757332  0.604503  0.621260  0.618591  0.602153  0.523167  0.477805  0.447164  0.561862  0.622617  0.474217  0.873832  0.619838  0.539518  0.517440  0.456317  0.673921  0.679966  0.691714  0.704239  0.618116  0.709937  0.587639  0.595073  0.534741  0.553410  0.451762 0.0  0.744946  0.637613  0.281734  0.496013  0.382268  0.655627  0.553113  0.498366  0.584529  0.610216  0.614902  0.482891  0.656693  0.535751  0.690963  0.612878  0.699726  0.547008  0.307592  0.562803  0.680259  0.517336  0.681701  0.396317  0.547837  0.529958  0.459569 
33  0.730156  0.855413  0.773027  0.772306  0.437356  0.881170  0.804149  0.764460  0.630443  0.742831  0.695365  0.620538  0.872340  0.701600  0.696678  0.680937  0.750545  0.730859  0.667311  0.679352  0.665065  0.699192  0.638065  0.864592  0.678752  0.580828  0.691004  0.679956  0.736711  0.646204  0.710529  0.665400  0.744946 0.0  0.744338  0.723383  0.724870  0.469566  0.683659  0.739212  0.610594  0.602931  0.703329  0.627073  0.884274  0.663104  0.738967  0.821892  0.654689  0.812255  0.798927  0.605315  0.689630  0.682253  0.617835  0.658285  0.452854  0.768585  0.714769  0.586487 
34  0.557689  0.814822  0.534542  0.534324  0.631244  0.722291  0.540769  0.683408  0.407081  0.682623  0.651953  0.630757  0.587757  0.381198  0.546420  0.563982  0.681932  0.637921  0.664476  0.678075  0.661126  0.584469  0.531436  0.629034  0.644525  0.351687  0.361814  0.482495  0.607975  0.486586  0.556545  0.480491  0.637613  0.744338 0.0  0.480845  0.314041  0.625629  0.544408  0.611677  0.438104  0.686332  0.601903  0.414157  0.572365  0.758999  0.517680  0.447921  0.464663  0.419587  0.281081  0.527773  0.199876  0.422079  0.786056  0.558767  0.673933  0.574428  0.562011  0.745814 
35  0.546111  0.696289  0.713857  0.738713  0.475895  0.719531  0.541254  0.707324  0.495179  0.592177  0.592388  0.701317  0.437433  0.635945  0.592651  0.599951  0.780497  0.571312  0.645322  0.303239  0.325388  0.529586  0.768654  0.853315  0.806558  0.697025  0.568986  0.708029  0.509587  0.626341  0.617302  0.606566  0.281734  0.723383  0.480845 0.0  0.495137  0.519158  0.756904  0.337761  0.639308  0.472596  0.806080  0.671121  0.489086  0.657361  0.495860  0.639754  0.623435  0.709836  0.490933  0.417431  0.680774  0.799120  0.434454  0.582610  0.685163  0.511919  0.717290  0.410578 
36  0.628293  0.763325  0.546895  0.540749  0.505587  0.692841  0.639971  0.708349  0.291325  0.695790  0.597514  0.684059  0.500763  0.475186  0.693859  0.493991  0.746403  0.632305  0.748840  0.663476  0.559227  0.701839  0.648278  0.643858  0.712033  0.521266  0.409134  0.532284  0.672904  0.492318  0.556189  0.506838  0.496013  0.724870  0.314041  0.495137 0.0  0.486296  0.492264  0.795580  0.454312  0.649994  0.531433  0.570811  0.525537  0.797544  0.451769  0.563609  0.438930  0.354869  0.351618  0.643896  0.540541  0.532092  0.766595  0.621509  0.709667  0.549283  0.675601  0.739318 
37  0.442668  0.707618  0.487129  0.570371  0.532164  0.720637  0.651074  0.592026  0.526341  0.625176  0.663627  0.554582  0.460452  0.514189  0.639347  0.594696  0.909487  0.741223  0.507768  0.570279  0.759629  0.673600  0.732988  0.661750  0.735139  0.651510  0.554511  0.395334  0.780672  0.509615  0.651651  0.609133  0.382268  0.469566  0.625629  0.519158  0.486296 0.0  0.711493  0.736830  0.538339  0.546485  0.694397  0.613451  0.442158  0.934566  0.548215  0.466564  0.712893  0.545403  0.475932  0.549024  0.622686  0.613438  0.741434  0.727672  0.415378  0.754695  0.567922  0.632825 
38  0.823849  0.758756  0.728710  0.490558  0.559421  0.700459  0.670269  0.650838  0.478514  0.635092  0.825557  0.684312  0.659066  0.579694  0.701189  0.511549  0.575949  0.734359  0.618747  0.598824  0.564789  0.613246  0.649207  0.738196  0.601890  0.525625  0.588528  0.771909  0.724083  0.439644  0.611649  0.736235  0.655627  0.683659  0.544408  0.756904  0.492264  0.711493 0.0  0.684758  0.735511  0.769387  0.591510  0.630216  0.702654  0.476445  0.702738  0.645111  0.625475  0.537753  0.529900  0.573141  0.491566  0.504963  0.581904  0.684147  0.648731  0.684080  0.584691  0.768286 
39  0.784588  0.831794  0.854067  0.716326  0.539542  0.921825  0.738274  0.756338  0.731101  0.555718  0.745181  0.621709  0.620962  0.735346  0.746686  0.588213  0.815474  0.780583  0.739360  0.302715  0.422686  0.636303  0.861118  0.832205  0.886298  0.754443  0.714096  0.809180  0.498176  0.848535  0.740724  0.745779  0.553113  0.739212  0.611677  0.337761  0.795580  0.736830  0.684758 0.0  0.793104  0.256263  0.803796  0.852161  0.726867  0.597785  0.661605  0.812184  0.733644  0.788888  0.832308  0.544757  0.754723  0.770613  0.429232  0.877259  0.708565  0.655489  0.778093  0.439625 
40  0.669519  0.567040  0.305185  0.518435  0.500689  0.752348  0.398721  0.440021  0.439091  0.728725  0.585341  0.510097  0.343369  0.550528  0.404470  0.600236  0.816267  0.382975  0.477514  0.685644  0.751354  0.572061  0.701831  0.631624  0.678233  0.534586  0.523513  0.439963  0.672010  0.558256  0.638940  0.306377  0.498366  0.610594  0.438104  0.639308  0.454312  0.538339  0.735511  0.793104 0.0  0.786060  0.716139  0.500674  0.519635  0.894884  0.491987  0.620906  0.298400  0.688240  0.533298  0.582044  0.475086  0.720485  0.704071  0.687600  0.561836  0.769886  0.378359  0.725938 
41  0.641219  0.760366  0.644392  0.775978  0.592192  0.873729  0.633593  0.787979  0.775893  0.515359  0.708401  0.554189  0.645546  0.708767  0.651654  0.673952  0.751519  0.669887  0.681296  0.396542  0.407480  0.649721  0.788062  0.841429  0.648122  0.669595  0.753337  0.688956  0.715551  0.831439  0.737054  0.694928  0.584529  0.602931  0.686332  0.472596  0.649994  0.546485  0.769387  0.256263  0.786060 0.0  0.734177  0.700333  0.646299  0.668823  0.580877  0.719647  0.639634  0.683073  0.772794  0.481964  0.597116  0.658559  0.332749  0.669832  0.715377  0.624864  0.644415  0.438233 
42  0.813957  0.656240  0.754012  0.687197  0.816443  0.681094  0.814327  0.689788  0.628129  0.585898  0.791035  0.628097  0.664097  0.555609  0.816596  0.678585  0.487017  0.574948  0.754815  0.725134  0.663664  0.698635  0.608313  0.779894  0.561249  0.622265  0.551802  0.795953  0.717056  0.645362  0.554560  0.636993  0.610216  0.703329  0.601903  0.806080  0.531433  0.694397  0.591510  0.803796  0.716139  0.734177 0.0  0.672693  0.676323  0.724715  0.770934  0.694463  0.665481  0.572711  0.551986  0.684553  0.565723  0.432123  0.709017  0.691322  0.744932  0.702336  0.857648  0.756394 
43  0.412426  0.722744  0.599729  0.380879  0.639333  0.826994  0.548485  0.753250  0.488381  0.650445  0.571191  0.681630  0.574823  0.552592  0.515119  0.675902  0.619869  0.754895  0.682200  0.725204  0.751241  0.568011  0.623557  0.732465  0.615985  0.479713  0.392243  0.685301  0.789178  0.587419  0.656434  0.593809  0.614902  0.627073  0.414157  0.671121  0.570811  0.613451  0.630216  0.852161  0.500674  0.700333  0.672693 0.0  0.481631  0.791560  0.572139  0.353718  0.608798  0.671899  0.409662  0.832071  0.447073  0.521086  0.673991  0.522336  0.534881  0.592640  0.767480  0.711836 
44  0.488748  0.710981  0.615127  0.683710  0.616653  0.571290  0.663022  0.664195  0.333744  0.540316  0.693860  0.651613  0.469102  0.683101  0.642218  0.723389  0.954286  0.697168  0.570428  0.642646  0.729341  0.563077  0.684820  0.684287  0.769349  0.632277  0.714157  0.617957  0.661225  0.608885  0.598832  0.524213  0.482891  0.884274  0.572365  0.489086  0.525537  0.442158  0.702654  0.726867  0.519635  0.646299  0.676323  0.481631 0.0  0.779164  0.520192  0.713180  0.546374  0.676957  0.602152  0.714055  0.657722  0.594118  0.634638  0.441346  0.589792  0.541590  0.591773  0.702932 
45  0.635451  0.705873  0.836596  0.711433  0.731361  0.790543  0.812437  0.770180  0.721555  0.635855  0.608093  0.593298  0.758454  0.593625  0.625621  0.635486  0.667029  0.807716  0.709369  0.576263  0.586782  0.642034  0.699491  0.676103  0.598615  0.516521  0.572908  0.873207  0.336832  0.664862  0.769660  0.848675  0.656693  0.663104  0.758999  0.657361  0.797544  0.934566  0.476445  0.597785  0.894884  0.668823  0.724715  0.791560  0.779164 0.0  0.838801  0.680282  0.651720  0.630299  0.713853  0.491732  0.653420  0.723018  0.460991  0.624459  0.734592  0.616969  0.788650  0.659401 
46  0.508300  0.666329  0.633297  0.596857  0.589362  0.558697  0.629865  0.560487  0.457865  0.706936  0.639465  0.591969  0.507305  0.555009  0.644330  0.613026  0.742495  0.639534  0.597439  0.674688  0.621534  0.636154  0.593381  0.751994  0.734298  0.476012  0.516281  0.569873  0.744909  0.518019  0.681196  0.650978  0.535751  0.738967  0.517680  0.495860  0.451769  0.548215  0.702738  0.661605  0.491987  0.580877  0.770934  0.572139  0.520192  0.838801 0.0  0.460341  0.654553  0.617628  0.542687  0.658286  0.644633  0.620284  0.567846  0.680900  0.657291  0.713432  0.468285  0.760740 
47  0.500276  0.755077  0.687576  0.420666  0.666890  0.677249  0.630300  0.661643  0.531945  0.787146  0.761847  0.681662  0.576041  0.567581  0.647979  0.571635  0.678065  0.605170  0.573556  0.709932  0.684677  0.681312  0.451502  0.674414  0.684121  0.356703  0.312586  0.399295  0.760844  0.641758  0.622544  0.626870  0.690963  0.821892  0.447921  0.639754  0.563609  0.466564  0.645111  0.812184  0.620906  0.719647  0.694463  0.353718  0.713180  0.680282  0.460341 0.0  0.693738  0.549699  0.529470  0.732633  0.428486  0.593877  0.754607  0.572532  0.604531  0.771228  0.756134  0.800937 
48  0.463001  0.506469  0.232438  0.541124  0.649813  0.606407  0.475363  0.522540  0.472756  0.684831  0.473862  0.347393  0.341733  0.636681  0.372947  0.637452  0.575292  0.444638  0.585246  0.512127  0.554227  0.672109  0.590167  0.514632  0.586253  0.454550  0.481583  0.603960  0.642491  0.662430  0.528715  0.304167  0.612878  0.654689  0.464663  0.623435  0.438930  0.712893  0.625475  0.733644  0.298400  0.639634  0.665481  0.608798  0.546374  0.651720  0.654553  0.693738 0.0  0.526148  0.545425  0.413511  0.557196  0.507373  0.670438  0.748247  0.646409  0.722447  0.301652  0.676948 
49  0.528855  0.706831  0.617107  0.459855  0.642800  0.668868  0.692113  0.837755  0.491143  0.636139  0.691680  0.752313  0.622060  0.578950  0.666864  0.618141  0.620546  0.661632  0.458690  0.728656  0.576700  0.679285  0.480643  0.620876  0.513205  0.551868  0.386968  0.551494  0.704211  0.485205  0.727563  0.673807  0.699726  0.812255  0.419587  0.709836  0.354869  0.545403  0.537753  0.788888  0.688240  0.683073  0.572711  0.671899  0.676957  0.630299  0.617628  0.549699  0.526148 0.0  0.510663  0.491087  0.559777  0.577357  0.830466  0.644687  0.658068  0.620874  0.726184  0.800595 
50  0.535193  0.741372  0.481153  0.406994  0.483539  0.558281  0.579803  0.686035  0.384761  0.654695  0.691184  0.684087  0.591985  0.404415  0.665973  0.681367  0.673077  0.488629  0.492929  0.812637  0.475574  0.591096  0.487302  0.527780  0.484268  0.457846  0.338535  0.587880  0.673858  0.355768  0.650781  0.488103  0.547008  0.798927  0.281081  0.490933  0.351618  0.475932  0.529900  0.832308  0.533298  0.772794  0.551986  0.409662  0.602152  0.713853  0.542687  0.529470  0.545425  0.510663 0.0  0.448522  0.338638  0.503597  0.658533  0.512016  0.526371  0.566871  0.587363  0.731861 
51  0.628953  0.746197  0.616568  0.764848  0.485551  0.803387  0.605317  0.635456  0.672169  0.706607  0.607011  0.468714  0.630796  0.693903  0.714834  0.625881  0.725447  0.520428  0.644217  0.446279  0.274666  0.684368  0.712201  0.682986  0.572724  0.598686  0.635981  0.768718  0.568778  0.457247  0.761998  0.568509  0.307592  0.605315  0.527773  0.417431  0.643896  0.549024  0.573141  0.544757  0.582044  0.481964  0.684553  0.832071  0.714055  0.491732  0.658286  0.732633  0.413511  0.491087  0.448522 0.0  0.806612  0.780533  0.423498  0.739498  0.665839  0.643280  0.448199  0.437935 
52  0.587388  0.817848  0.757907  0.440007  0.720751  0.827830  0.540270  0.553459  0.398264  0.563430  0.659370  0.608810  0.591353  0.447827  0.602933  0.561283  0.504274  0.636291  0.689379  0.798592  0.762358  0.622077  0.535229  0.849150  0.575853  0.444678  0.384175  0.599954  0.619791  0.471783  0.601446  0.677794  0.562803  0.689630  0.199876  0.680774  0.540541  0.622686  0.491566  0.754723  0.475086  0.597116  0.565723  0.447073  0.657722  0.653420  0.644633  0.428486  0.557196  0.559777  0.338638  0.806612 0.0  0.384739  0.642435  0.525864  0.543843  0.728837  0.763123  0.724453 
53  0.639051  0.816189  0.568616  0.446851  0.655666  0.812554  0.616216  0.600697  0.384578  0.692855  0.616754  0.600128  0.699121  0.620245  0.670332  0.681766  0.666355  0.640199  0.618600  0.761593  0.785835  0.517858  0.560518  0.663732  0.666950  0.476542  0.480619  0.450132  0.804035  0.556154  0.782687  0.645431  0.680259  0.682253  0.422079  0.799120  0.532092  0.613438  0.504963  0.770613  0.720485  0.658559  0.432123  0.521086  0.594118  0.723018  0.620284  0.593877  0.507373  0.577357  0.503597  0.780533  0.384739 0.0  0.817474  0.539817  0.479395  0.714753  0.647009  0.681946 
54  0.733341  0.746612  0.782594  0.768829  0.575251  0.968362  0.848142  0.736203  0.697637  0.564517  0.749710  0.787385  0.620538  0.619634  0.809494  0.674353  0.865057  0.708661  0.874384  0.478681  0.551718  0.718577  0.763085  0.878424  0.723945  0.753166  0.754050  0.679125  0.478454  0.678403  0.736815  0.647201  0.517336  0.617835  0.786056  0.434454  0.766595  0.741434  0.581904  0.429232  0.704071  0.332749  0.709017  0.673991  0.634638  0.460991  0.567846  0.754607  0.670438  0.830466  0.658533  0.423498  0.642435  0.817474 0.0  0.619978  0.743154  0.647032  0.711782  0.585811 
55  0.679123  0.701141  0.657398  0.697921  0.727177  0.631015  0.478184  0.775630  0.633392  0.570885  0.665366  0.613365  0.639664  0.655032  0.724757  0.651648  0.659799  0.584577  0.671227  0.613562  0.753527  0.601273  0.694748  0.611863  0.689624  0.499266  0.571242  0.661750  0.685706  0.675797  0.613213  0.690711  0.681701  0.658285  0.558767  0.582610  0.621509  0.727672  0.684147  0.877259  0.687600  0.669832  0.691322  0.522336  0.441346  0.624459  0.680900  0.572532  0.748247  0.644687  0.512016  0.739498  0.525864  0.539817  0.619978 0.0  0.568725  0.738193  0.646678  0.735183 
56  0.479585  0.627017  0.588784  0.458239  0.387826  0.758346  0.644765  0.667682  0.465050  0.652348  0.748425  0.513072  0.710367  0.633744  0.699388  0.703748  0.896568  0.689936  0.504757  0.666190  0.685029  0.554454  0.681578  0.656288  0.764204  0.610584  0.715731  0.577255  0.767332  0.532537  0.767340  0.558138  0.396317  0.452854  0.673933  0.685163  0.709667  0.415378  0.648731  0.708565  0.561836  0.715377  0.744932  0.534881  0.589792  0.734592  0.657291  0.604531  0.646409  0.658068  0.526371  0.665839  0.543843  0.479395  0.743154  0.568725 0.0  0.723420  0.557274  0.802667 
57  0.712961  0.769471  0.756935  0.781838  0.724022  0.674174  0.742401  0.806811  0.643875  0.460924  0.685881  0.793672  0.695718  0.755099  0.772758  0.576622  0.820492  0.641792  0.861173  0.591585  0.586169  0.692963  0.834243  0.689932  0.815988  0.636546  0.657428  0.628235  0.632646  0.587483  0.817040  0.580061  0.547837  0.768585  0.574428  0.511919  0.549283  0.754695  0.684080  0.655489  0.769886  0.624864  0.702336  0.592640  0.541590  0.616969  0.713432  0.771228  0.722447  0.620874  0.566871  0.643280  0.728837  0.714753  0.647032  0.738193  0.723420 0.0  0.685951  0.666718 
58  0.426200  0.575438  0.273635  0.623306  0.473237  0.612508  0.524240  0.362469  0.577596  0.765584  0.603293  0.448108  0.525511  0.731449  0.547661  0.643036  0.853742  0.356441  0.512611  0.639750  0.672253  0.571309  0.764350  0.488360  0.612574  0.638897  0.650709  0.760065  0.786217  0.606742  0.719313  0.275702  0.529958  0.714769  0.562011  0.717290  0.675601  0.567922  0.584691  0.778093  0.378359  0.644415  0.857648  0.767480  0.591773  0.788650  0.468285  0.756134  0.301652  0.726184  0.587363  0.448199  0.763123  0.647009  0.711782  0.646678  0.557274  0.685951 0.0  0.578915 
59  0.667282  0.781103  0.671438  0.803846  0.527464  1.000000  0.658268  0.767818  0.664158  0.674126  0.661244  0.673099  0.634187  0.832111  0.643570  0.672964  0.603538  0.702330  0.798715  0.333548  0.284584  0.614958  0.752014  0.791213  0.788313  0.677403  0.695551  0.830311  0.624353  0.758675  0.754030  0.693486  0.459569  0.586487  0.745814  0.410578  0.739318  0.632825  0.768286  0.439625  0.725938  0.438233  0.756394  0.711836  0.702932  0.659401  0.760740  0.800937  0.676948  0.800595  0.731861  0.437935  0.724453  0.681946  0.585811  0.735183  0.802667  0.666718  0.578915 0.0 
