60
0 0.0  0.518339  0.481998  0.406713  0.593272  0.489450  0.614347  0.615329  0.526449  0.622939  0.495524  0.604223  0.486253  0.611710  0.514341  0.627102  0.672750  0.545376  0.500346  0.700278  0.569632  0.470630  0.576060  0.552744  0.712169  0.501957  0.379385  0.480867  0.788909  0.636661  0.452717  0.489359  0.470341  0.682643  0.572166  0.594886  0.556816  0.453761  0.668216  0.696265  0.552364  0.602676  0.764882  0.477427  0.498992  0.593788  0.529007  0.500118  0.550090  0.574391  0.494615  0.600088  0.473855  0.560642  0.847769  0.527500  0.487440  0.642712  0.486175  0.740924 
1  0.518339 0.0  0.475667  0.626771  0.753183  0.570888  0.536459  0.492334  0.681573  0.765756  0.527016  0.519460  0.467480  0.677875  0.504594  0.616240  0.802415  0.528244  0.666992  0.789814  0.733570  0.721613  0.622156  0.511397  0.740885  0.778775  0.595398  0.697026  0.800045  0.565969  0.733125  0.554104  0.628047  0.651057  0.615106  0.761613  0.635920  0.695819  0.819924  0.895093  0.499944  0.683443  0.706661  0.667157  0.701129  0.793587  0.677455  0.713087  0.614328  0.683873  0.576562  0.766913  0.753655  0.757921  0.775196  0.718514  0.602077  0.725247  0.575536  0.686315 
2  0.481998  0.475667 0.0  0.578580  0.597755  0.535249  0.384067  0.334661  0.592997  0.744381  0.473943  0.355122  0.395757  0.590416  0.357923  0.684060  0.659608  0.321273  0.503033  0.675425  0.631320  0.584951  0.575768  0.427837  0.448724  0.603927  0.522219  0.533273  0.693933  0.684237  0.504977  0.320920  0.546651  0.734883  0.578036  0.671121  0.584790  0.535638  0.662061  0.831937  0.280473  0.698684  0.700131  0.517200  0.528872  0.898802  0.580969  0.638555  0.291213  0.649717  0.476992  0.518455  0.588626  0.640126  0.749552  0.654573  0.522638  0.651135  0.253634  0.624765 
3  0.406713  0.626771  0.578580 0.0  0.614831  0.578727  0.546155  0.595562  0.515638  0.710308  0.762680  0.685495  0.584093  0.441137  0.582824  0.650295  0.558222  0.825806  0.437633  0.910108  0.825150  0.520795  0.558402  0.571183  0.555490  0.372476  0.368880  0.388128  0.702169  0.462110  0.554352  0.603035  0.488378  0.631699  0.460247  0.588984  0.420263  0.548449  0.543487  0.739044  0.496331  0.667674  0.615493  0.362705  0.643779  0.610385  0.520390  0.327411  0.562863  0.533110  0.423637  0.645844  0.377856  0.504655  0.648957  0.543264  0.545946  0.664381  0.478315  0.757690 
4  0.593272  0.753183  0.597755  0.614831 0.0  0.775562  0.689289  0.665947  0.551935  0.526698  0.739555  0.590952  0.538862  0.571972  0.813196  0.502796  0.683601  0.484797  0.574535  0.561594  0.627970  0.612817  0.718854  0.614788  0.737455  0.582963  0.654938  0.665250  0.717443  0.556237  0.591940  0.596529  0.422147  0.517475  0.630279  0.463277  0.527867  0.358518  0.576815  0.571658  0.513085  0.584411  0.678307  0.608136  0.564048  0.714780  0.595378  0.621797  0.603467  0.610362  0.560773  0.456074  0.644460  0.573750  0.591919  0.653839  0.464993  0.603571  0.646907  0.576472 
5  0.489450  0.570888  0.535249  0.578727  0.775562 0.0  0.570525  0.586844  0.674547  0.833602  0.570464  0.689847  0.723206  0.743225  0.739567  0.639639  0.865731  0.546447  0.631684  0.804682  0.837294  0.660801  0.637095  0.395231  0.725279  0.584346  0.644088  0.674197  0.879287  0.615556  0.654747  0.509891  0.670478  0.729728  0.769524  0.913067  0.723804  0.729672  0.636169  0.903694  0.590475  0.826240  0.782879  0.603986  0.705521  0.758780  0.550557  0.603113  0.634979  0.662477  0.649798  0.778735  0.702589  0.667686  0.835825  0.541881  0.653015  0.772150  0.535263  1.000000 
6  0.614347  0.536459  0.384067  0.546155  0.689289  0.570525 0.0  0.419939  0.595891  0.651513  0.441487  0.323336  0.470741  0.807991  0.329663  0.553407  0.783623  0.329301  0.532572  0.649778  0.597809  0.588651  0.716384  0.506135  0.741738  0.558602  0.535862  0.545113  0.620948  0.625681  0.620284  0.332311  0.656961  0.718859  0.533649  0.525654  0.585401  0.570058  0.697734  0.660810  0.431758  0.553357  0.797180  0.579948  0.671021  0.707524  0.774339  0.588575  0.403325  0.770155  0.509151  0.595665  0.563209  0.551615  0.766104  0.594282  0.451174  0.684611  0.458153  0.547017 
7  0.615329  0.492334  0.334661  0.595562  0.665947  0.586844  0.419939 0.0  0.567159  0.785918  0.442496  0.428235  0.475255  0.623574  0.400563  0.689083  0.686670  0.349919  0.613147  0.581565  0.634658  0.533780  0.710440  0.539046  0.551222  0.536880  0.468165  0.674674  0.726664  0.634609  0.647554  0.430129  0.664314  0.700245  0.712292  0.685107  0.664061  0.672881  0.598920  0.759145  0.396249  0.586620  0.643296  0.628139  0.644009  0.764262  0.605302  0.604242  0.396276  0.750807  0.640612  0.600132  0.685877  0.542429  0.740494  0.626543  0.584833  0.894322  0.402108  0.685171 
8  0.526449  0.681573  0.592997  0.515638  0.551935  0.674547  0.595891  0.567159 0.0  0.648308  0.610088  0.576069  0.560844  0.406012  0.633434  0.510614  0.556466  0.557522  0.611693  0.714951  0.481771  0.469436  0.461334  0.597442  0.540738  0.452266  0.377738  0.498808  0.627781  0.420685  0.675921  0.590369  0.508623  0.547896  0.411735  0.541363  0.431849  0.498593  0.558442  0.778430  0.469973  0.582963  0.504514  0.400803  0.516907  0.614939  0.527811  0.451404  0.592176  0.589772  0.298056  0.535767  0.406735  0.481951  0.564500  0.500907  0.551329  0.630170  0.502887  0.691131 
9  0.622939  0.765756  0.744381  0.710308  0.526698  0.833602  0.651513  0.785918  0.648308 0.0  0.781691  0.635098  0.690430  0.592274  0.678766  0.612234  0.638687  0.588385  0.602526  0.561923  0.624606  0.627110  0.774397  0.847293  0.707791  0.738729  0.752571  0.679631  0.564707  0.609498  0.771925  0.654309  0.576899  0.676936  0.710569  0.566309  0.700001  0.690076  0.657653  0.543400  0.672269  0.563112  0.592389  0.616186  0.653612  0.558815  0.622143  0.661165  0.650228  0.709900  0.634192  0.616727  0.668161  0.740526  0.506718  0.655620  0.625661  0.478795  0.690674  0.585074 
10  0.495524  0.527016  0.473943  0.762680  0.739555  0.570464  0.441487  0.442496  0.610088  0.781691 0.0  0.557732  0.468964  0.660957  0.459779  0.638056  0.691396  0.580386  0.694652  0.549009  0.595894  0.583642  0.612105  0.462303  0.813665  0.637440  0.598869  0.713780  0.646404  0.571338  0.667564  0.475254  0.616819  0.753938  0.578636  0.542232  0.612268  0.592261  0.745131  0.710739  0.605277  0.491560  0.817191  0.564398  0.567178  0.722093  0.494749  0.699777  0.421600  0.659736  0.559330  0.659099  0.597446  0.592006  0.775996  0.665588  0.622468  0.706623  0.401580  0.522935 
11  0.604223  0.519460  0.355122  0.685495  0.590952  0.689847  0.323336  0.428235  0.576069  0.635098  0.557732 0.0  0.480926  0.739890  0.383267  0.617714  0.548284  0.326036  0.463330  0.686788  0.523020  0.519713  0.617922  0.488214  0.586436  0.662831  0.593038  0.684938  0.564041  0.503886  0.652975  0.303253  0.523376  0.673155  0.622848  0.603280  0.683270  0.644315  0.757620  0.707109  0.466004  0.614126  0.709104  0.706527  0.597702  0.690648  0.643564  0.725821  0.401312  0.590513  0.554210  0.507926  0.520250  0.605742  0.684726  0.675894  0.494375  0.704040  0.412215  0.563743 
12  0.486253  0.467480  0.395757  0.584093  0.538862  0.723206  0.470741  0.475255  0.560844  0.690430  0.468964  0.480926 0.0  0.553393  0.398191  0.551484  0.931956  0.495778  0.524713  0.614251  0.641569  0.612314  0.724385  0.603612  0.743438  0.593830  0.543473  0.584869  0.591968  0.664039  0.536753  0.436797  0.467535  0.749644  0.629068  0.396361  0.504933  0.466857  0.644330  0.622406  0.360278  0.587618  0.717709  0.586165  0.486483  0.684206  0.521103  0.542844  0.392862  0.594065  0.583801  0.632097  0.637684  0.741211  0.637048  0.708716  0.626190  0.575308  0.538809  0.709548 
13  0.611710  0.677875  0.590416  0.441137  0.571972  0.743225  0.807991  0.623574  0.406012  0.592274  0.660957  0.739890  0.553393 0.0  0.775897  0.575202  0.659021  0.542058  0.579000  0.668044  0.720555  0.626033  0.626742  0.676952  0.536199  0.434225  0.389811  0.610511  0.593372  0.491561  0.570421  0.493637  0.543230  0.665069  0.437094  0.588041  0.393457  0.599931  0.439827  0.733261  0.451412  0.602936  0.575389  0.491795  0.566758  0.635776  0.493165  0.607034  0.580547  0.572569  0.334677  0.495221  0.595044  0.527072  0.654558  0.622769  0.653090  0.616156  0.571400  0.766158 
14  0.514341  0.504594  0.357923  0.582824  0.813196  0.739567  0.329663  0.400563  0.633434  0.678766  0.459779  0.383267  0.398191  0.775897 0.0  0.656414  0.524234  0.530199  0.639337  0.668406  0.637534  0.637268  0.688072  0.530892  0.630758  0.472462  0.464649  0.693207  0.632730  0.654446  0.599809  0.434145  0.615260  0.739803  0.581934  0.574128  0.561721  0.749718  0.660830  0.612425  0.440438  0.681030  0.775691  0.588664  0.625788  0.734271  0.609443  0.595573  0.388976  0.558198  0.531584  0.646839  0.543511  0.667874  0.754695  0.608491  0.636922  0.622305  0.503026  0.672152 
15  0.627102  0.616240  0.684060  0.650295  0.502796  0.639639  0.553407  0.689083  0.510614  0.612234  0.638056  0.617714  0.551484  0.575202  0.656414 0.0  0.744051  0.485514  0.685845  0.685553  0.502217  0.577019  0.592877  0.634174  0.645370  0.614845  0.557398  0.628860  0.729691  0.520918  0.653660  0.561560  0.518441  0.665559  0.549496  0.454359  0.604780  0.579858  0.532919  0.615097  0.535526  0.663306  0.621978  0.520968  0.602978  0.632056  0.644919  0.564061  0.633928  0.608008  0.562688  0.546684  0.569540  0.636754  0.578301  0.624824  0.658474  0.532590  0.592448  0.680713 
16  0.672750  0.802415  0.659608  0.558222  0.683601  0.865731  0.783623  0.686670  0.556466  0.638687  0.691396  0.548284  0.931956  0.659021  0.524234  0.744051 0.0  0.756908  0.629099  0.649329  0.666814  0.595677  0.514257  0.706502  0.372632  0.498209  0.497427  0.767244  0.817166  0.599618  0.782636  0.853545  0.737640  0.729205  0.575551  0.638201  0.672120  0.872416  0.531315  0.885912  0.663814  0.709445  0.528372  0.613552  0.812484  0.539827  0.720788  0.547767  0.669490  0.500617  0.744093  0.699670  0.563666  0.569174  0.747081  0.621433  0.850164  0.768519  0.571811  0.731301 
17  0.545376  0.528244  0.321273  0.825806  0.484797  0.546447  0.329301  0.349919  0.557522  0.588385  0.580386  0.326036  0.495778  0.542058  0.530199  0.485514  0.756908 0.0  0.720889  0.671391  0.673363  0.703339  0.667515  0.594691  0.626637  0.814309  0.583366  0.781945  0.715491  0.528661  0.664679  0.264203  0.483890  0.635205  0.561017  0.647650  0.550589  0.716220  0.677038  0.815072  0.332477  0.651163  0.660134  0.658946  0.751755  0.923323  0.553335  0.670470  0.392594  0.744249  0.563228  0.607374  0.680921  0.747290  0.708624  0.538919  0.565427  0.693148  0.387020  0.618700 
18  0.500346  0.666992  0.503033  0.437633  0.574535  0.631684  0.532572  0.613147  0.611693  0.602526  0.694652  0.463330  0.524713  0.579000  0.639337  0.685845  0.629099  0.720889 0.0  0.779517  0.789850  0.500057  0.499067  0.659054  0.655979  0.528013  0.500709  0.390567  0.626746  0.590258  0.485088  0.603791  0.535225  0.646830  0.622521  0.637780  0.706558  0.532903  0.636132  0.720569  0.554517  0.685634  0.700167  0.656174  0.565913  0.629571  0.668823  0.664372  0.627294  0.665482  0.574096  0.717267  0.682123  0.518322  0.790881  0.659051  0.482811  0.810049  0.611875  0.806354 
19  0.700278  0.789814  0.675425  0.910108  0.561594  0.804682  0.649778  0.581565  0.714951  0.561923  0.549009  0.686788  0.614251  0.668044  0.668406  0.685553  0.649329  0.671391  0.779517 0.0  0.324003  0.542669  0.719445  0.786026  0.749903  0.645640  0.758115  0.812495  0.445768  0.771315  0.815513  0.608868  0.557507  0.646914  0.592584  0.349334  0.628776  0.652706  0.655357  0.355943  0.708924  0.366107  0.667944  0.744376  0.516172  0.526143  0.658466  0.713831  0.624392  0.624834  0.790265  0.413082  0.739138  0.743429  0.395797  0.634271  0.738464  0.675691  0.539604  0.348926 
20  0.569632  0.733570  0.631320  0.825150  0.627970  0.837294  0.597809  0.634658  0.481771  0.624606  0.595894  0.523020  0.641569  0.720555  0.637534  0.502217  0.666814  0.673363  0.789850  0.324003 0.0  0.594377  0.650326  0.779607  0.736617  0.602707  0.617013  0.785739  0.376600  0.598521  0.768137  0.560336  0.436469  0.661833  0.668299  0.327246  0.583109  0.685643  0.584899  0.349016  0.670508  0.483740  0.807553  0.694121  0.595990  0.439445  0.544131  0.744397  0.507015  0.569633  0.586893  0.284157  0.667495  0.687118  0.498790  0.605397  0.630013  0.563849  0.596097  0.381648 
21  0.470630  0.721613  0.584951  0.520795  0.612817  0.660801  0.588651  0.533780  0.469436  0.627110  0.583642  0.519713  0.612314  0.626033  0.637268  0.577019  0.595677  0.703339  0.500057  0.542669  0.594377 0.0  0.532901  0.729968  0.544169  0.444613  0.444261  0.600081  0.685472  0.561901  0.564488  0.610718  0.609367  0.780719  0.643059  0.584165  0.590841  0.638448  0.543674  0.562954  0.733577  0.591785  0.578967  0.656767  0.563996  0.537098  0.521193  0.593591  0.632405  0.617171  0.528132  0.659832  0.533270  0.556446  0.743030  0.631234  0.565615  0.646003  0.533250  0.576183 
22  0.576060  0.622156  0.575768  0.558402  0.718854  0.637095  0.716384  0.710440  0.461334  0.774397  0.612105  0.617922  0.724385  0.626742  0.688072  0.592877  0.514257  0.667515  0.499067  0.719445  0.650326  0.532901 0.0  0.520233  0.559455  0.431195  0.536008  0.655454  0.718359  0.571995  0.644382  0.645898  0.710849  0.629579  0.553535  0.603693  0.605878  0.812170  0.617393  0.796830  0.698860  0.655521  0.668120  0.473679  0.684497  0.587059  0.659681  0.537824  0.638097  0.542537  0.529557  0.648328  0.618889  0.647681  0.801580  0.598956  0.701356  0.749224  0.674431  0.816379 
23  0.552744  0.511397  0.427837  0.571183  0.614788  0.395231  0.506135  0.539046  0.597442  0.847293  0.462303  0.488214  0.603612  0.676952  0.530892  0.634174  0.706502  0.594691  0.659054  0.786026  0.779607  0.729968  0.520233 0.0  0.751677  0.600573  0.621822  0.590431  0.757373  0.615969  0.651364  0.543801  0.704220  0.738146  0.591503  0.579707  0.592636  0.573364  0.738199  0.916942  0.512775  0.738215  0.758070  0.604786  0.587390  0.722760  0.806847  0.640481  0.495661  0.583986  0.652886  0.628996  0.679369  0.644801  0.858775  0.618271  0.666323  0.653602  0.507766  0.745245 
24  0.712169  0.740885  0.448724  0.555490  0.737455  0.725279  0.741738  0.551222  0.540738  0.707791  0.813665  0.586436  0.743438  0.536199  0.630758  0.645370  0.372632  0.626637  0.655979  0.749903  0.736617  0.544169  0.559455  0.751677 0.0  0.691664  0.471226  0.744709  0.645903  0.641002  0.669216  0.759884  0.852503  0.601675  0.659553  0.801970  0.592122  0.859958  0.440527  0.769773  0.720421  0.689151  0.518260  0.693512  0.724753  0.640439  0.648563  0.627058  0.660033  0.530594  0.600461  0.584519  0.675383  0.597470  0.756133  0.552667  0.836244  0.925037  0.641760  0.732000 
25  0.501957  0.778775  0.603927  0.372476  0.582963  0.584346  0.558602  0.536880  0.452266  0.738729  0.637440  0.662831  0.593830  0.434225  0.472462  0.614845  0.498209  0.814309  0.528013  0.645640  0.602707  0.444613  0.431195  0.600573  0.691664 0.0  0.289434  0.519303  0.677769  0.546271  0.572844  0.626473  0.518936  0.643389  0.320375  0.641303  0.467117  0.554820  0.572968  0.645818  0.589248  0.655920  0.581023  0.341997  0.591663  0.604223  0.514454  0.367904  0.562570  0.462391  0.435000  0.629897  0.327237  0.462769  0.734736  0.700810  0.628469  0.673602  0.568626  0.670606 
26  0.379385  0.595398  0.522219  0.368880  0.654938  0.644088  0.535862  0.468165  0.377738  0.752571  0.598869  0.593038  0.543473  0.389811  0.464649  0.557398  0.497427  0.583366  0.500709  0.758115  0.617013  0.444261  0.536008  0.621822  0.471226  0.289434 0.0  0.550871  0.548691  0.486489  0.618985  0.481975  0.646683  0.652726  0.303967  0.594608  0.491108  0.537917  0.530848  0.769290  0.474832  0.579157  0.591474  0.371100  0.573849  0.659434  0.529514  0.340787  0.450850  0.439379  0.394610  0.488312  0.365939  0.506642  0.780160  0.530939  0.685469  0.603044  0.636956  0.716582 
27  0.480867  0.697026  0.533273  0.388128  0.665250  0.674197  0.545113  0.674674  0.498808  0.679631  0.713780  0.684938  0.584869  0.610511  0.693207  0.628860  0.767244  0.781945  0.390567  0.812495  0.785739  0.600081  0.655454  0.590431  0.744709  0.519303  0.550871 0.0  0.594241  0.633189  0.626372  0.635205  0.586481  0.729082  0.539836  0.561120  0.560202  0.471171  0.611997  0.621328  0.481920  0.541619  0.748002  0.661939  0.506930  0.806251  0.614698  0.514585  0.515352  0.565955  0.547095  0.721703  0.506169  0.513355  0.752743  0.695984  0.537299  0.626744  0.548225  0.680695 
28  0.788909  0.800045  0.693933  0.702169  0.717443  0.879287  0.620948  0.726664  0.627781  0.564707  0.646404  0.564041  0.591968  0.593372  0.632730  0.729691  0.817166  0.715491  0.626746  0.445768  0.376600  0.685472  0.718359  0.757373  0.645903  0.677769  0.548691  0.594241 0.0  0.627286  0.728566  0.619924  0.621674  0.695201  0.624468  0.490032  0.784231  0.724172  0.666677  0.498086  0.629460  0.576481  0.749142  0.771424  0.702857  0.415480  0.790871  0.683640  0.656100  0.727201  0.705103  0.507247  0.646052  0.801486  0.530760  0.692246  0.620977  0.602163  0.746464  0.448295 
29  0.636661  0.565969  0.684237  0.462110  0.556237  0.615556  0.625681  0.634609  0.420685  0.609498  0.571338  0.503886  0.664039  0.491561  0.654446  0.520918  0.599618  0.528661  0.590258  0.771315  0.598521  0.561901  0.571995  0.615969  0.641002  0.546271  0.486489  0.633189  0.627286 0.0  0.752283  0.526132  0.510836  0.663536  0.467118  0.583787  0.512971  0.593295  0.457600  0.640133  0.542578  0.699231  0.563315  0.624967  0.604379  0.630108  0.661805  0.575919  0.725858  0.532751  0.405835  0.601974  0.460536  0.512524  0.684085  0.639294  0.607283  0.594692  0.580599  0.752422 
30  0.452717  0.733125  0.504977  0.554352  0.591940  0.654747  0.620284  0.647554  0.675921  0.771925  0.667564  0.652975  0.536753  0.570421  0.599809  0.653660  0.782636  0.664679  0.485088  0.815513  0.768137  0.564488  0.644382  0.651364  0.669216  0.572844  0.618985  0.626372  0.728566  0.752283 0.0  0.550769  0.569515  0.576880  0.625169  0.679520  0.565621  0.707267  0.678204  0.799870  0.690017  0.821790  0.592863  0.500169  0.595473  0.602922  0.583991  0.598284  0.662388  0.580961  0.716090  0.773654  0.698341  0.743011  0.786330  0.735259  0.775195  0.667024  0.616706  0.686777 
31  0.489359  0.554104  0.320920  0.603035  0.596529  0.509891  0.332311  0.430129  0.590369  0.654309  0.475254  0.303253  0.436797  0.493637  0.434145  0.561560  0.853545  0.264203  0.603791  0.608868  0.560336  0.610718  0.645898  0.543801  0.759884  0.626473  0.481975  0.635205  0.619924  0.526132  0.550769 0.0  0.504946  0.715059  0.485447  0.506161  0.477916  0.550387  0.674603  0.693960  0.288739  0.659168  0.650482  0.556491  0.615368  0.906418  0.659776  0.731686  0.381994  0.745901  0.461398  0.518776  0.486453  0.701833  0.589244  0.560969  0.610671  0.646727  0.361268  0.595794 
32  0.470341  0.628047  0.546651  0.488378  0.422147  0.670478  0.656961  0.664314  0.508623  0.576899  0.616819  0.523376  0.467535  0.543230  0.615260  0.518441  0.737640  0.483890  0.535225  0.557507  0.436469  0.609367  0.710849  0.704220  0.852503  0.518936  0.646683  0.586481  0.621674  0.510836  0.569515  0.504946 0.0  0.590992  0.582664  0.327414  0.451343  0.384705  0.595309  0.507278  0.410286  0.505049  0.669030  0.593350  0.473597  0.625891  0.496886  0.474890  0.582136  0.692245  0.569000  0.309311  0.546550  0.707083  0.512873  0.563364  0.501947  0.526773  0.590168  0.545673 
33  0.682643  0.651057  0.734883  0.631699  0.517475  0.729728  0.718859  0.700245  0.547896  0.676936  0.753938  0.673155  0.749644  0.665069  0.739803  0.665559  0.729205  0.635205  0.646830  0.646914  0.661833  0.780719  0.629579  0.738146  0.601675  0.643389  0.652726  0.729082  0.695201  0.663536  0.576880  0.715059  0.590992 0.0  0.725143  0.722429  0.804558  0.425105  0.642028  0.636322  0.620894  0.686476  0.675707  0.678756  0.668480  0.685086  0.708871  0.671449  0.713803  0.783507  0.615252  0.528400  0.577023  0.613908  0.630622  0.699930  0.434342  0.700825  0.655133  0.566076 
34  0.572166  0.615106  0.578036  0.460247  0.630279  0.769524  0.533649  0.712292  0.411735  0.710569  0.578636  0.622848  0.629068  0.437094  0.581934  0.549496  0.575551  0.561017  0.622521  0.592584  0.668299  0.643059  0.553535  0.591503  0.659553  0.320375  0.303967  0.539836  0.624468  0.467118  0.625169  0.485447  0.582664  0.725143 0.0  0.529351  0.330950  0.630566  0.523455  0.691682  0.509244  0.616549  0.511976  0.338334  0.544335  0.564986  0.560254  0.410692  0.533595  0.560602  0.340504  0.619723  0.291005  0.433604  0.692777  0.535406  0.653091  0.766520  0.570444  0.642340 
35  0.594886  0.761613  0.671121  0.588984  0.463277  0.913067  0.525654  0.685107  0.541363  0.566309  0.542232  0.603280  0.396361  0.588041  0.574128  0.454359  0.638201  0.647650  0.637780  0.349334  0.327246  0.584165  0.603693  0.579707  0.801970  0.641303  0.594608  0.561120  0.490032  0.583787  0.679520  0.506161  0.327414  0.722429  0.529351 0.0  0.484428  0.532380  0.659502  0.329048  0.530111  0.390476  0.668941  0.547530  0.529183  0.565815  0.453977  0.550242  0.583773  0.526852  0.547875  0.411597  0.530354  0.713626  0.410121  0.689956  0.649387  0.480225  0.574659  0.534558 
36  0.556816  0.635920  0.584790  0.420263  0.527867  0.723804  0.585401  0.664061  0.431849  0.700001  0.612268  0.683270  0.504933  0.393457  0.561721  0.604780  0.672120  0.550589  0.706558  0.628776  0.583109  0.590841  0.605878  0.592636  0.592122  0.467117  0.491108  0.560202  0.784231  0.512971  0.565621  0.477916  0.451343  0.804558  0.330950  0.484428 0.0  0.411246  0.516810  0.710423  0.543319  0.549266  0.527224  0.415313  0.519048  0.707925  0.480057  0.446891  0.541120  0.436886  0.336279  0.568219  0.497680  0.519182  0.698209  0.594144  0.583931  0.713700  0.585513  0.556557 
37  0.453761  0.695819  0.535638  0.548449  0.358518  0.729672  0.570058  0.672881  0.498593  0.690076  0.592261  0.644315  0.466857  0.599931  0.749718  0.579858  0.872416  0.716220  0.532903  0.652706  0.685643  0.638448  0.812170  0.573364  0.859958  0.554820  0.537917  0.471171  0.724172  0.593295  0.707267  0.550387  0.384705  0.425105  0.630566  0.532380  0.411246 0.0  0.678396  0.631689  0.511866  0.613375  0.672289  0.544885  0.469739  0.794154  0.445569  0.437420  0.517564  0.600389  0.425738  0.596340  0.751618  0.590875  0.603148  0.695436  0.394024  0.713205  0.541704  0.746639 
38  0.668216  0.819924  0.662061  0.543487  0.576815  0.636169  0.697734  0.598920  0.558442  0.657653  0.745131  0.757620  0.644330  0.439827  0.660830  0.532919  0.531315  0.677038  0.636132  0.655357  0.584899  0.543674  0.617393  0.738199  0.440527  0.572968  0.530848  0.611997  0.666677  0.457600  0.678204  0.674603  0.595309  0.642028  0.523455  0.659502  0.516810  0.678396 0.0  0.547100  0.710931  0.735046  0.475552  0.649824  0.992184  0.550178  0.590167  0.553114  0.682499  0.467982  0.505040  0.562860  0.524857  0.520952  0.567755  0.803082  0.719370  0.541886  0.596077  0.671907 
39  0.696265  0.895093  0.831937  0.739044  0.571658  0.903694  0.660810  0.759145  0.778430  0.543400  0.710739  0.707109  0.622406  0.733261  0.612425  0.615097  0.885912  0.815072  0.720569  0.355943  0.349016  0.562954  0.796830  0.916942  0.769773  0.645818  0.769290  0.621328  0.498086  0.640133  0.799870  0.693960  0.507278  0.636322  0.691682  0.329048  0.710423  0.631689  0.547100 0.0  0.743991  0.345415  0.700687  0.706385  0.759933  0.443887  0.641961  0.900916  0.745979  0.547847  0.830174  0.483789  0.664141  0.738273  0.501747  0.636684  0.534024  0.613086  0.643031  0.408450 
40  0.552364  0.499944  0.280473  0.496331  0.513085  0.590475  0.431758  0.396249  0.469973  0.672269  0.605277  0.466004  0.360278  0.451412  0.440438  0.535526  0.663814  0.332477  0.554517  0.708924  0.670508  0.733577  0.698860  0.512775  0.720421  0.589248  0.474832  0.481920  0.629460  0.542578  0.690017  0.288739  0.410286  0.620894  0.509244  0.530111  0.543319  0.511866  0.710931  0.743991 0.0  0.635646  0.667294  0.506094  0.609367  0.795066  0.547448  0.579677  0.315384  0.676451  0.412678  0.569637  0.535549  0.576182  0.639424  0.556623  0.476260  0.669822  0.394217  0.723634 
41  0.602676  0.683443  0.698684  0.667674  0.584411  0.826240  0.553357  0.586620  0.582963  0.563112  0.491560  0.614126  0.587618  0.602936  0.681030  0.663306  0.709445  0.651163  0.685634  0.366107  0.483740  0.591785  0.655521  0.738215  0.689151  0.655920  0.579157  0.541619  0.576481  0.699231  0.821790  0.659168  0.505049  0.686476  0.616549  0.390476  0.549266  0.613375  0.735046  0.345415  0.635646 0.0  0.651345  0.517909  0.635350  0.566532  0.607105  0.760131  0.683452  0.777137  0.683885  0.430809  0.655670  0.655239  0.452377  0.704065  0.578910  0.656996  0.632927  0.494986 
42  0.764882  0.706661  0.700131  0.615493  0.678307  0.782879  0.797180  0.643296  0.504514  0.592389  0.817191  0.709104  0.717709  0.575389  0.775691  0.621978  0.528372  0.660134  0.700167  0.667944  0.807553  0.578967  0.668120  0.758070  0.518260  0.581023  0.591474  0.748002  0.749142  0.563315  0.592863  0.650482  0.669030  0.675707  0.511976  0.668941  0.527224  0.672289  0.475552  0.700687  0.667294  0.651345 0.0  0.534097  0.704448  0.621460  0.610938  0.563182  0.593266  0.577341  0.534697  0.702541  0.513694  0.497056  0.627002  0.646938  0.774111  0.774554  0.743114  0.721355 
43  0.477427  0.667157  0.517200  0.362705  0.608136  0.603986  0.579948  0.628139  0.400803  0.616186  0.564398  0.706527  0.586165  0.491795  0.588664  0.520968  0.613552  0.658946  0.656174  0.744376  0.694121  0.656767  0.473679  0.604786  0.693512  0.341997  0.371100  0.661939  0.771424  0.624967  0.500169  0.556491  0.593350  0.678756  0.338334  0.547530  0.415313  0.544885  0.649824  0.706385  0.506094  0.517909  0.534097 0.0  0.519014  0.780258  0.569939  0.337241  0.648990  0.528580  0.427452  0.779304  0.301713  0.472826  0.733983  0.419131  0.527517  0.591893  0.591179  0.729353 
44  0.498992  0.701129  0.528872  0.643779  0.564048  0.705521  0.671021  0.644009  0.516907  0.653612  0.567178  0.597702  0.486483  0.566758  0.625788  0.602978  0.812484  0.751755  0.565913  0.516172  0.595990  0.563996  0.684497  0.587390  0.724753  0.591663  0.573849  0.506930  0.702857  0.604379  0.595473  0.615368  0.473597  0.668480  0.544335  0.529183  0.519048  0.469739  0.992184  0.759933  0.609367  0.635350  0.704448  0.519014 0.0  0.690965  0.501820  0.557151  0.559449  0.724971  0.608789  0.684379  0.641594  0.614362  0.711589  0.564418  0.625917  0.556645  0.552516  0.677212 
45  0.593788  0.793587  0.898802  0.610385  0.714780  0.758780  0.707524  0.764262  0.614939  0.558815  0.722093  0.690648  0.684206  0.635776  0.734271  0.632056  0.539827  0.923323  0.629571  0.526143  0.439445  0.537098  0.587059  0.722760  0.640439  0.604223  0.659434  0.806251  0.415480  0.630108  0.602922  0.906418  0.625891  0.685086  0.564986  0.565815  0.707925  0.794154  0.550178  0.443887  0.795066  0.566532  0.621460  0.780258  0.690965 0.0  0.628856  0.593104  0.681274  0.559106  0.666525  0.518150  0.654349  0.778630  0.638124  0.552611  0.884695  0.589469  0.659405  0.580147 
46  0.529007  0.677455  0.580969  0.520390  0.595378  0.550557  0.774339  0.605302  0.527811  0.622143  0.494749  0.643564  0.521103  0.493165  0.609443  0.644919  0.720788  0.553335  0.668823  0.658466  0.544131  0.521193  0.659681  0.806847  0.648563  0.514454  0.529514  0.614698  0.790871  0.661805  0.583991  0.659776  0.496886  0.708871  0.560254  0.453977  0.480057  0.445569  0.590167  0.641961  0.547448  0.607105  0.610938  0.569939  0.501820  0.628856 0.0  0.451827  0.564076  0.548269  0.429198  0.489753  0.610636  0.519239  0.634944  0.639039  0.628375  0.630797  0.553173  0.676950 
47  0.500118  0.713087  0.638555  0.327411  0.621797  0.603113  0.588575  0.604242  0.451404  0.661165  0.699777  0.725821  0.542844  0.607034  0.595573  0.564061  0.547767  0.670470  0.664372  0.713831  0.744397  0.593591  0.537824  0.640481  0.627058  0.367904  0.340787  0.514585  0.683640  0.575919  0.598284  0.731686  0.474890  0.671449  0.410692  0.550242  0.446891  0.437420  0.553114  0.900916  0.579677  0.760131  0.563182  0.337241  0.557151  0.593104  0.451827 0.0  0.561770  0.570885  0.453838  0.776329  0.442790  0.502087  0.713322  0.617949  0.588558  0.807026  0.735659  0.667196 
48  0.550090  0.614328  0.291213  0.562863  0.603467  0.634979  0.403325  0.396276  0.592176  0.650228  0.421600  0.401312  0.392862  0.580547  0.388976  0.633928  0.669490  0.392594  0.627294  0.624392  0.507015  0.632405  0.638097  0.495661  0.660033  0.562570  0.450850  0.515352  0.656100  0.725858  0.662388  0.381994  0.582136  0.713803  0.533595  0.583773  0.541120  0.517564  0.682499  0.745979  0.315384  0.683452  0.593266  0.648990  0.559449  0.681274  0.564076  0.561770 0.0  0.651761  0.519361  0.460986  0.579548  0.526086  0.611794  0.672837  0.732665  0.593398  0.352397  0.577286 
49  0.574391  0.683873  0.649717  0.533110  0.610362  0.662477  0.770155  0.750807  0.589772  0.709900  0.659736  0.590513  0.594065  0.572569  0.558198  0.608008  0.500617  0.744249  0.665482  0.624834  0.569633  0.617171  0.542537  0.583986  0.530594  0.462391  0.439379  0.565955  0.727201  0.532751  0.580961  0.745901  0.692245  0.783507  0.560602  0.526852  0.436886  0.600389  0.467982  0.547847  0.676451  0.777137  0.577341  0.528580  0.724971  0.559106  0.548269  0.570885  0.651761 0.0  0.482179  0.590322  0.459245  0.545756  0.839789  0.701320  0.733494  0.823322  0.619569  0.682270 
50  0.494615  0.576562  0.476992  0.423637  0.560773  0.649798  0.509151  0.640612  0.298056  0.634192  0.559330  0.554210  0.583801  0.334677  0.531584  0.562688  0.744093  0.563228  0.574096  0.790265  0.586893  0.528132  0.529557  0.652886  0.600461  0.435000  0.394610  0.547095  0.705103  0.405835  0.716090  0.461398  0.569000  0.615252  0.340504  0.547875  0.336279  0.425738  0.505040  0.830174  0.412678  0.683885  0.534697  0.427452  0.608789  0.666525  0.429198  0.453838  0.519361  0.482179 0.0  0.558225  0.437198  0.492752  0.609212  0.493335  0.471292  0.698638  0.461078  0.765339 
51  0.600088  0.766913  0.518455  0.645844  0.456074  0.778735  0.595665  0.600132  0.535767  0.616727  0.659099  0.507926  0.632097  0.495221  0.646839  0.546684  0.699670  0.607374  0.717267  0.413082  0.284157  0.659832  0.648328  0.628996  0.584519  0.629897  0.488312  0.721703  0.507247  0.601974  0.773654  0.518776  0.309311  0.528400  0.619723  0.411597  0.568219  0.596340  0.562860  0.483789  0.569637  0.430809  0.702541  0.779304  0.684379  0.518150  0.489753  0.776329  0.460986  0.590322  0.558225 0.0  0.631102  0.824120  0.492129  0.657270  0.610582  0.526578  0.445021  0.459704 
52  0.473855  0.753655  0.588626  0.377856  0.644460  0.702589  0.563209  0.685877  0.406735  0.668161  0.597446  0.520250  0.637684  0.595044  0.543511  0.569540  0.563666  0.680921  0.682123  0.739138  0.667495  0.533270  0.618889  0.679369  0.675383  0.327237  0.365939  0.506169  0.646052  0.460536  0.698341  0.486453  0.546550  0.577023  0.291005  0.530354  0.497680  0.751618  0.524857  0.664141  0.535549  0.655670  0.513694  0.301713  0.641594  0.654349  0.610636  0.442790  0.579548  0.459245  0.437198  0.631102 0.0  0.394665  0.623139  0.493383  0.566948  0.592990  0.734322  0.755613 
53  0.560642  0.757921  0.640126  0.504655  0.573750  0.667686  0.551615  0.542429  0.481951  0.740526  0.592006  0.605742  0.741211  0.527072  0.667874  0.636754  0.569174  0.747290  0.518322  0.743429  0.687118  0.556446  0.647681  0.644801  0.597470  0.462769  0.506642  0.513355  0.801486  0.512524  0.743011  0.701833  0.707083  0.613908  0.433604  0.713626  0.519182  0.590875  0.520952  0.738273  0.576182  0.655239  0.497056  0.472826  0.614362  0.778630  0.519239  0.502087  0.526086  0.545756  0.492752  0.824120  0.394665 0.0  0.877080  0.550590  0.508203  0.824640  0.578256  0.640576 
54  0.847769  0.775196  0.749552  0.648957  0.591919  0.835825  0.766104  0.740494  0.564500  0.506718  0.775996  0.684726  0.637048  0.654558  0.754695  0.578301  0.747081  0.708624  0.790881  0.395797  0.498790  0.743030  0.801580  0.858775  0.756133  0.734736  0.780160  0.752743  0.530760  0.684085  0.786330  0.589244  0.512873  0.630622  0.692777  0.410121  0.698209  0.603148  0.567755  0.501747  0.639424  0.452377  0.627002  0.733983  0.711589  0.638124  0.634944  0.713322  0.611794  0.839789  0.609212  0.492129  0.623139  0.877080 0.0  0.725114  0.711237  0.653661  0.779191  0.628564 
55  0.527500  0.718514  0.654573  0.543264  0.653839  0.541881  0.594282  0.626543  0.500907  0.655620  0.665588  0.675894  0.708716  0.622769  0.608491  0.624824  0.621433  0.538919  0.659051  0.634271  0.605397  0.631234  0.598956  0.618271  0.552667  0.700810  0.530939  0.695984  0.692246  0.639294  0.735259  0.560969  0.563364  0.699930  0.535406  0.689956  0.594144  0.695436  0.803082  0.636684  0.556623  0.704065  0.646938  0.419131  0.564418  0.552611  0.639039  0.617949  0.672837  0.701320  0.493335  0.657270  0.493383  0.550590  0.725114 0.0  0.556551  0.687191  0.699943  0.686518 
56  0.487440  0.602077  0.522638  0.545946  0.464993  0.653015  0.451174  0.584833  0.551329  0.625661  0.622468  0.494375  0.626190  0.653090  0.636922  0.658474  0.850164  0.565427  0.482811  0.738464  0.630013  0.565615  0.701356  0.666323  0.836244  0.628469  0.685469  0.537299  0.620977  0.607283  0.775195  0.610671  0.501947  0.434342  0.653091  0.649387  0.583931  0.394024  0.719370  0.534024  0.476260  0.578910  0.774111  0.527517  0.625917  0.884695  0.628375  0.588558  0.732665  0.733494  0.471292  0.610582  0.566948  0.508203  0.711237  0.556551 0.0  0.759250  0.605706  0.770650 
57  0.642712  0.725247  0.651135  0.664381  0.603571  0.772150  0.684611  0.894322  0.630170  0.478795  0.706623  0.704040  0.575308  0.616156  0.622305  0.532590  0.768519  0.693148  0.810049  0.675691  0.563849  0.646003  0.749224  0.653602  0.925037  0.673602  0.603044  0.626744  0.602163  0.594692  0.667024  0.646727  0.526773  0.700825  0.766520  0.480225  0.713700  0.713205  0.541886  0.613086  0.669822  0.656996  0.774554  0.591893  0.556645  0.589469  0.630797  0.807026  0.593398  0.823322  0.698638  0.526578  0.592990  0.824640  0.653661  0.687191  0.759250 0.0  0.622440  0.582325 
58  0.486175  0.575536  0.253634  0.478315  0.646907  0.535263  0.458153  0.402108  0.502887  0.690674  0.401580  0.412215  0.538809  0.571400  0.503026  0.592448  0.571811  0.387020  0.611875  0.539604  0.596097  0.533250  0.674431  0.507766  0.641760  0.568626  0.636956  0.548225  0.746464  0.580599  0.616706  0.361268  0.590168  0.655133  0.570444  0.574659  0.585513  0.541704  0.596077  0.643031  0.394217  0.632927  0.743114  0.591179  0.552516  0.659405  0.553173  0.735659  0.352397  0.619569  0.461078  0.445021  0.734322  0.578256  0.779191  0.699943  0.605706  0.622440 0.0  0.596203 
59  0.740924  0.686315  0.624765  0.757690  0.576472  1.000000  0.547017  0.685171  0.691131  0.585074  0.522935  0.563743  0.709548  0.766158  0.672152  0.680713  0.731301  0.618700  0.806354  0.348926  0.381648  0.576183  0.816379  0.745245  0.732000  0.670606  0.716582  0.680695  0.448295  0.752422  0.686777  0.595794  0.545673  0.566076  0.642340  0.534558  0.556557  0.746639  0.671907  0.408450  0.723634  0.494986  0.721355  0.729353  0.677212  0.580147  0.676950  0.667196  0.577286  0.682270  0.765339  0.459704  0.755613  0.640576  0.628564  0.686518  0.770650  0.582325  0.596203 0.0 
