60
0 0.0  0.626054  0.486909  0.393967  0.605937  0.586190  0.529845  0.529299  0.535347  0.582307  0.489734  0.560625  0.528947  0.590408  0.534326  0.612812  0.645568  0.636242  0.470918  0.644072  0.728078  0.479383  0.558310  0.584409  0.658608  0.537403  0.399342  0.549163  0.708294  0.638733  0.465002  0.594814  0.573867  0.667472  0.507486  0.521058  0.569699  0.440474  0.809588  0.670101  0.546538  0.735895  0.670283  0.468772  0.460274  0.707575  0.429173  0.561251  0.602982  0.650152  0.500846  0.786812  0.498221  0.488664  0.656712  0.583402  0.471384  0.686622  0.486048  0.785598 
1  0.626054 0.0  0.535794  0.673482  0.766469  0.553372  0.520022  0.540530  0.776780  0.855684  0.532951  0.452021  0.533977  0.774463  0.591450  0.621032  0.740777  0.703288  0.742904  0.820816  0.749123  0.687293  0.811309  0.544627  0.839837  0.678094  0.622481  0.628168  0.752403  0.651099  0.811628  0.467675  0.649749  0.833677  0.763956  0.538141  0.768177  0.690617  0.697349  0.679204  0.606615  0.704667  0.774155  0.654366  0.681811  0.910505  0.645193  0.708759  0.630487  0.591560  0.632659  0.738969  0.646258  0.748368  0.725338  0.628057  0.708989  0.792124  0.554728  0.787284 
2  0.486909  0.535794 0.0  0.508928  0.631312  0.604574  0.379612  0.315781  0.570911  0.766533  0.431287  0.312214  0.365056  0.711403  0.341850  0.641624  0.712277  0.272587  0.481182  0.631648  0.753050  0.584369  0.688054  0.441100  0.624291  0.597701  0.439462  0.591839  0.832434  0.680903  0.626061  0.240995  0.616800  0.717733  0.609141  0.630750  0.647541  0.550987  0.721434  0.745446  0.272763  0.669369  0.667263  0.726376  0.540136  0.809814  0.569763  0.621746  0.305561  0.727761  0.540358  0.525090  0.651324  0.654597  0.671957  0.706589  0.570236  0.753736  0.280068  0.752065 
3  0.393967  0.673482  0.508928 0.0  0.674928  0.570495  0.579723  0.604815  0.404984  0.797687  0.723734  0.626290  0.624181  0.501121  0.626545  0.619846  0.574882  0.654744  0.487006  0.795162  0.822379  0.525183  0.515703  0.556998  0.535366  0.330716  0.355628  0.361301  0.823156  0.592314  0.642733  0.643258  0.622089  0.656020  0.492526  0.708282  0.540190  0.522452  0.483098  0.733840  0.571006  0.690929  0.707769  0.398821  0.664095  0.739249  0.554826  0.339687  0.450985  0.512152  0.407029  0.702550  0.404898  0.480261  0.705284  0.553385  0.523617  0.734317  0.614131  0.848949 
4  0.605937  0.766469  0.631312  0.674928 0.0  0.642397  0.581389  0.813317  0.622236  0.564366  0.757438  0.628884  0.638441  0.580715  0.765263  0.531397  0.645971  0.683908  0.527099  0.616430  0.564358  0.655220  0.580131  0.608940  0.687003  0.721998  0.601949  0.719460  0.621858  0.598211  0.632071  0.512326  0.413793  0.480622  0.609666  0.585849  0.587251  0.365137  0.659450  0.722517  0.582898  0.601715  0.620418  0.624986  0.557158  0.669116  0.577901  0.696786  0.641509  0.573989  0.484981  0.565014  0.679630  0.728150  0.567640  0.686930  0.419455  0.769393  0.567093  0.692386 
5  0.586190  0.553372  0.604574  0.570495  0.642397 0.0  0.598642  0.648843  0.629173  0.937646  0.588713  0.739912  0.710839  0.747066  0.590973  0.690844  0.840739  0.529396  0.657892  0.886098  0.882857  0.740763  0.630026  0.382084  0.828166  0.601256  0.576189  0.690917  0.826748  0.628434  0.678560  0.561343  0.711332  0.898342  0.716047  0.646416  0.606828  0.782496  0.761376  1.000000  0.575804  0.862165  0.806134  0.684316  0.586807  0.825421  0.637461  0.575287  0.627719  0.590562  0.578683  0.680874  0.698571  0.758123  0.850210  0.559358  0.612695  0.743510  0.540905  0.931754 
6  0.529845  0.520022  0.379612  0.579723  0.581389  0.598642 0.0  0.441128  0.697573  0.679412  0.422839  0.282221  0.464482  0.719582  0.331462  0.588159  0.631402  0.364463  0.662967  0.706704  0.528348  0.640631  0.740180  0.476153  0.683337  0.638366  0.559323  0.592519  0.575997  0.537162  0.691130  0.268863  0.697001  0.650001  0.507347  0.585424  0.676758  0.600924  0.728639  0.716680  0.438813  0.592944  0.550378  0.530747  0.635296  0.791299  0.734533  0.564666  0.439807  0.755148  0.548658  0.644173  0.503744  0.673766  0.861595  0.564370  0.524237  0.631742  0.491750  0.663819 
7  0.529299  0.540530  0.315781  0.604815  0.813317  0.648843  0.441128 0.0  0.620390  0.720871  0.460168  0.463343  0.478062  0.765298  0.363735  0.630290  0.606852  0.400435  0.613145  0.633892  0.646234  0.543905  0.616964  0.567398  0.627536  0.593147  0.545512  0.653860  0.821435  0.616151  0.723443  0.406085  0.633647  0.736744  0.576917  0.580594  0.712827  0.564135  0.649899  0.719439  0.381774  0.743220  0.716314  0.533705  0.726389  0.747483  0.690549  0.562664  0.382821  0.618698  0.591135  0.490941  0.624714  0.607623  0.876173  0.720213  0.649905  0.769639  0.406666  0.653829 
8  0.535347  0.776780  0.570911  0.404984  0.622236  0.629173  0.697573  0.620390 0.0  0.717255  0.644236  0.564610  0.624218  0.450741  0.536508  0.510636  0.537926  0.546021  0.520484  0.637404  0.586916  0.491782  0.476151  0.646001  0.551463  0.418211  0.376378  0.589755  0.716407  0.422284  0.730530  0.562968  0.540114  0.628816  0.371294  0.578209  0.419470  0.581977  0.583371  0.716463  0.451308  0.633944  0.564339  0.368806  0.473833  0.718554  0.519662  0.413098  0.604933  0.500128  0.284427  0.602414  0.418512  0.537760  0.705084  0.595400  0.529523  0.705993  0.587915  0.662315 
9  0.582307  0.855684  0.766533  0.797687  0.564366  0.937646  0.679412  0.720871  0.717255 0.0  0.680285  0.821224  0.661325  0.738489  0.752674  0.632484  0.814458  0.943424  0.512822  0.493083  0.602639  0.686732  0.723916  0.842993  0.644116  0.713851  0.682473  0.663579  0.535118  0.610892  0.613030  0.588705  0.599657  0.718203  0.684734  0.538928  0.744646  0.769192  0.619915  0.538120  0.680255  0.484204  0.631862  0.693840  0.586090  0.569884  0.672116  0.806512  0.726528  0.781326  0.705707  0.592588  0.632133  0.609359  0.498291  0.699188  0.695612  0.530952  0.725468  0.692953 
10  0.489734  0.532951  0.431287  0.723734  0.757438  0.588713  0.422839  0.460168  0.644236  0.680285 0.0  0.585381  0.469983  0.760124  0.379799  0.699125  0.834716  0.639947  0.640857  0.605304  0.598959  0.597301  0.555197  0.488996  0.788829  0.542758  0.512668  0.661406  0.588805  0.703351  0.653944  0.496558  0.627655  0.766969  0.650935  0.529088  0.589638  0.565670  0.764694  0.709532  0.555935  0.677839  0.678810  0.620632  0.549173  0.630829  0.534819  0.657549  0.422419  0.638567  0.710391  0.614100  0.610378  0.705369  0.729449  0.769144  0.688918  0.758743  0.453129  0.618909 
11  0.560625  0.452021  0.312214  0.626290  0.628884  0.739912  0.282221  0.463343  0.564610  0.821224  0.585381 0.0  0.562542  0.769077  0.370144  0.722597  0.598480  0.349046  0.463479  0.667900  0.512200  0.560706  0.699622  0.489665  0.457779  0.711193  0.603834  0.625990  0.635975  0.620355  0.601124  0.291152  0.570800  0.747404  0.644150  0.677928  0.610354  0.569123  0.732152  0.622823  0.454858  0.600336  0.746628  0.703923  0.781190  0.615188  0.716261  0.711231  0.374130  0.744924  0.586435  0.499317  0.589844  0.635101  0.857065  0.623034  0.601103  0.791892  0.443494  0.696296 
12  0.528947  0.533977  0.365056  0.624181  0.638441  0.710839  0.464482  0.478062  0.624218  0.661325  0.469983  0.562542 0.0  0.551559  0.500445  0.490482  0.762484  0.520294  0.620549  0.543329  0.585766  0.575919  0.833529  0.598227  0.745739  0.542796  0.563946  0.543801  0.666009  0.627669  0.547021  0.451932  0.476998  0.739890  0.550684  0.542339  0.428770  0.396068  0.769397  0.646751  0.332999  0.684197  0.707094  0.553459  0.548839  0.838108  0.532995  0.512144  0.362578  0.611374  0.598161  0.528545  0.646024  0.715025  0.522331  0.660143  0.748550  0.576156  0.464111  0.564978 
13  0.590408  0.774463  0.711403  0.501121  0.580715  0.747066  0.719582  0.765298  0.450741  0.738489  0.760124  0.769077  0.551559 0.0  0.755875  0.489058  0.761678  0.656836  0.578747  0.717794  0.657352  0.696019  0.556737  0.685898  0.473263  0.545530  0.462055  0.539947  0.732044  0.452055  0.537043  0.585146  0.457438  0.593663  0.463754  0.615117  0.416363  0.522360  0.418916  0.712636  0.551838  0.705959  0.546736  0.481264  0.561781  0.703713  0.556668  0.509473  0.621499  0.586766  0.310522  0.596769  0.470369  0.560398  0.671883  0.780533  0.591786  0.772580  0.569794  0.672855 
14  0.534326  0.591450  0.341850  0.626545  0.765263  0.590973  0.331462  0.363735  0.536508  0.752674  0.379799  0.370144  0.500445  0.755875 0.0  0.727817  0.550591  0.480467  0.683453  0.747916  0.590135  0.579442  0.683173  0.570837  0.639266  0.569050  0.489297  0.681850  0.627965  0.708907  0.579733  0.362418  0.626818  0.727931  0.566614  0.632873  0.693696  0.630288  0.612889  0.702298  0.394825  0.710027  0.817463  0.524897  0.642797  0.674919  0.648178  0.739659  0.412063  0.700591  0.607933  0.543480  0.533903  0.678653  0.894925  0.744381  0.546330  0.741367  0.478960  0.607314 
15  0.612812  0.621032  0.641624  0.619846  0.531397  0.690844  0.588159  0.630290  0.510636  0.632484  0.699125  0.722597  0.490482  0.489058  0.727817 0.0  0.705359  0.500800  0.617502  0.582404  0.602225  0.517688  0.538561  0.686440  0.747387  0.654408  0.645770  0.574911  0.710223  0.633860  0.665603  0.682090  0.500755  0.746300  0.526949  0.545908  0.507961  0.762549  0.605217  0.598660  0.502280  0.608284  0.615286  0.527528  0.606859  0.690777  0.609106  0.545018  0.646148  0.603244  0.501473  0.566586  0.600031  0.693149  0.531959  0.676131  0.586654  0.462211  0.635428  0.715624 
16  0.645568  0.740777  0.712277  0.574882  0.645971  0.840739  0.631402  0.606852  0.537926  0.814458  0.834716  0.598480  0.762484  0.761678  0.550591  0.705359 0.0  0.808250  0.718112  0.752772  0.731446  0.710350  0.434901  0.692431  0.364191  0.485800  0.518956  0.830689  0.713848  0.639495  0.771662  0.858373  0.812892  0.680734  0.635744  0.825926  0.701867  0.913968  0.465493  0.760825  0.817985  0.703948  0.569322  0.541048  0.838217  0.597294  0.706758  0.533895  0.700998  0.505774  0.606197  0.783811  0.573648  0.685988  0.625795  0.628016  0.890273  0.799796  0.711446  0.669923 
17  0.636242  0.703288  0.272587  0.654744  0.683908  0.529396  0.364463  0.400435  0.546021  0.943424  0.639947  0.349046  0.520294  0.656836  0.480467  0.500800  0.808250 0.0  0.729810  0.653557  0.608578  0.771125  0.748752  0.573726  0.560141  0.645068  0.602701  0.865975  0.808195  0.548891  0.625249  0.272148  0.534372  0.763381  0.678565  0.660498  0.614830  0.719959  0.668331  0.800747  0.364900  0.596143  0.640810  0.598238  0.629619  0.756878  0.618786  0.714171  0.341876  0.760205  0.443129  0.589560  0.555269  0.687468  0.696188  0.586159  0.674943  0.675894  0.427225  0.728881 
18  0.470918  0.742904  0.481182  0.487006  0.527099  0.657892  0.662967  0.613145  0.520484  0.512822  0.640857  0.463479  0.620549  0.578747  0.683453  0.617502  0.718112  0.729810 0.0  0.787052  0.708565  0.489784  0.578227  0.663252  0.780462  0.537670  0.580327  0.413984  0.807171  0.539112  0.568424  0.655547  0.579975  0.631967  0.667866  0.835486  0.718143  0.533366  0.518256  0.700751  0.392323  0.780392  0.677558  0.574558  0.532984  0.687652  0.625061  0.660019  0.660991  0.631730  0.662712  0.547717  0.645373  0.451316  0.879359  0.611952  0.424564  0.739241  0.531038  0.911903 
19  0.644072  0.820816  0.631648  0.795162  0.616430  0.886098  0.706704  0.633892  0.637404  0.493083  0.605304  0.667900  0.543329  0.717794  0.747916  0.582404  0.752772  0.653557  0.787052 0.0  0.314873  0.534299  0.711886  0.903748  0.688695  0.674291  0.562480  0.692109  0.470808  0.676124  0.725771  0.599456  0.443522  0.619538  0.652648  0.316006  0.598757  0.738362  0.708925  0.316829  0.726166  0.427072  0.626450  0.726954  0.681560  0.566607  0.676252  0.695889  0.525415  0.748342  0.734289  0.432441  0.687675  0.679126  0.468458  0.758032  0.599347  0.666584  0.640139  0.365975 
20  0.728078  0.749123  0.753050  0.822379  0.564358  0.882857  0.528348  0.646234  0.586916  0.602639  0.598959  0.512200  0.585766  0.657352  0.590135  0.602225  0.731446  0.608578  0.708565  0.314873 0.0  0.600958  0.742098  0.963001  0.783822  0.634186  0.598604  0.805294  0.419136  0.651940  0.750378  0.620401  0.428461  0.652152  0.585721  0.323634  0.703430  0.635931  0.631015  0.392956  0.692708  0.488151  0.830466  0.624533  0.727219  0.476027  0.610538  0.690477  0.680154  0.613020  0.540603  0.276431  0.669135  0.792413  0.490061  0.657112  0.693127  0.569854  0.657314  0.331501 
21  0.479383  0.687293  0.584369  0.525183  0.655220  0.740763  0.640631  0.543905  0.491782  0.686732  0.597301  0.560706  0.575919  0.696019  0.579442  0.517688  0.710350  0.771125  0.489784  0.534299  0.600958 0.0  0.548736  0.674413  0.717649  0.511633  0.493410  0.597810  0.619173  0.624231  0.556004  0.619890  0.571221  0.691103  0.607084  0.586593  0.636044  0.740525  0.547692  0.645882  0.620310  0.729783  0.651763  0.582985  0.517477  0.587661  0.604526  0.665270  0.626425  0.720856  0.672283  0.585953  0.552395  0.548027  0.639131  0.662645  0.580576  0.761997  0.666949  0.669770 
22  0.558310  0.811309  0.688054  0.515703  0.580131  0.630026  0.740180  0.616964  0.476151  0.723916  0.555197  0.699622  0.833529  0.556737  0.683173  0.538561  0.434901  0.748752  0.578227  0.711886  0.742098  0.548736 0.0  0.698499  0.517814  0.468172  0.499965  0.744695  0.751557  0.473309  0.638506  0.620609  0.622910  0.618866  0.588682  0.697631  0.696481  0.573602  0.718035  0.898662  0.629615  0.602098  0.567050  0.557651  0.817240  0.684544  0.578853  0.549399  0.700278  0.494900  0.563607  0.609377  0.638286  0.684836  0.759142  0.554828  0.746674  0.830339  0.687066  0.767522 
23  0.584409  0.544627  0.441100  0.556998  0.608940  0.382084  0.476153  0.567398  0.646001  0.842993  0.488996  0.489665  0.598227  0.685898  0.570837  0.686440  0.692431  0.573726  0.663252  0.903748  0.963001  0.674413  0.698499 0.0  0.686099  0.705376  0.514885  0.697586  0.721228  0.623692  0.654807  0.540712  0.681898  0.832879  0.567710  0.780287  0.696837  0.507503  0.753287  0.757151  0.632016  0.730526  0.743364  0.676191  0.545870  0.589840  0.565248  0.659210  0.609236  0.622448  0.646442  0.619163  0.671248  0.553704  0.733674  0.607722  0.696749  0.627453  0.521495  0.686008 
24  0.658608  0.839837  0.624291  0.535366  0.687003  0.828166  0.683337  0.627536  0.551463  0.644116  0.788829  0.457779  0.745739  0.473263  0.639266  0.747387  0.364191  0.560141  0.780462  0.688695  0.783822  0.717649  0.517814  0.686099 0.0  0.574071  0.578272  0.701155  0.748316  0.674646  0.674637  0.618651  0.674729  0.683924  0.504778  0.847330  0.625545  0.801764  0.431393  0.824997  0.610073  0.589879  0.435623  0.635425  0.742104  0.716697  0.694206  0.583258  0.623139  0.655809  0.559502  0.596267  0.584128  0.645259  0.769384  0.748218  0.700037  0.776092  0.598930  0.793900 
25  0.537403  0.678094  0.597701  0.330716  0.721998  0.601256  0.638366  0.593147  0.418211  0.713851  0.542758  0.711193  0.542796  0.545530  0.569050  0.654408  0.485800  0.645068  0.537670  0.674291  0.634186  0.511633  0.468172  0.705376  0.574071 0.0  0.240946  0.574412  0.494738  0.604501  0.620343  0.582730  0.685252  0.673012  0.321721  0.616866  0.499809  0.548804  0.589487  0.657219  0.590718  0.795411  0.527473  0.371304  0.669016  0.612697  0.562287  0.317944  0.514235  0.501411  0.395098  0.657636  0.374837  0.530967  0.825376  0.527721  0.572287  0.707332  0.533633  0.713972 
26  0.399342  0.622481  0.439462  0.355628  0.601949  0.576189  0.559323  0.545512  0.376378  0.682473  0.512668  0.603834  0.563946  0.462055  0.489297  0.645770  0.518956  0.602701  0.580327  0.562480  0.598604  0.493410  0.499965  0.514885  0.578272  0.240946 0.0  0.459099  0.576349  0.492901  0.581556  0.679742  0.635103  0.669251  0.311795  0.557413  0.499276  0.491748  0.515910  0.761110  0.574035  0.691430  0.525704  0.294535  0.579048  0.467299  0.523484  0.279050  0.414062  0.431082  0.359310  0.595229  0.366240  0.423459  0.720793  0.604475  0.648545  0.551080  0.496776  0.718349 
27  0.549163  0.628168  0.591839  0.361301  0.719460  0.690917  0.592519  0.653860  0.589755  0.663579  0.661406  0.625990  0.543801  0.539947  0.681850  0.574911  0.830689  0.865975  0.413984  0.692109  0.805294  0.597810  0.744695  0.697586  0.701155  0.574412  0.459099 0.0  0.646955  0.586510  0.727032  0.689460  0.549830  0.713650  0.506233  0.736849  0.504205  0.433185  0.706799  0.728883  0.518169  0.568933  0.779041  0.683788  0.550470  0.832718  0.579603  0.528835  0.544945  0.511273  0.568269  0.748233  0.395459  0.444750  0.763414  0.632554  0.573146  0.760515  0.539565  0.854934 
28  0.708294  0.752403  0.832434  0.823156  0.621858  0.826748  0.575997  0.821435  0.716407  0.535118  0.588805  0.635975  0.666009  0.732044  0.627965  0.710223  0.713848  0.808195  0.807171  0.470808  0.419136  0.619173  0.751557  0.721228  0.748316  0.494738  0.576349  0.646955 0.0  0.532916  0.605523  0.674136  0.625850  0.572941  0.559152  0.437159  0.804233  0.742938  0.695078  0.440801  0.740135  0.624145  0.706419  0.770370  0.665842  0.424811  0.699034  0.687840  0.552153  0.571590  0.773272  0.562393  0.651323  0.824099  0.603319  0.663805  0.765756  0.634017  0.619509  0.514459 
29  0.638733  0.651099  0.680903  0.592314  0.598211  0.628434  0.537162  0.616151  0.422284  0.610892  0.703351  0.620355  0.627669  0.452055  0.708907  0.633860  0.639495  0.548891  0.539112  0.676124  0.651940  0.624231  0.473309  0.623692  0.674646  0.604501  0.492901  0.586510  0.532916 0.0  0.784359  0.535861  0.470980  0.566307  0.465074  0.622856  0.503133  0.594210  0.541258  0.701534  0.563682  0.862541  0.571727  0.560157  0.604489  0.654580  0.552428  0.594284  0.505013  0.462446  0.455821  0.472101  0.458982  0.533365  0.699657  0.630221  0.524101  0.518017  0.606721  0.750780 
30  0.465002  0.811628  0.626061  0.642733  0.632071  0.678560  0.691130  0.723443  0.730530  0.613030  0.653944  0.601124  0.547021  0.537043  0.579733  0.665603  0.771662  0.625249  0.568424  0.725771  0.750378  0.556004  0.638506  0.654807  0.674637  0.620343  0.581556  0.727032  0.605523  0.784359 0.0  0.612359  0.626990  0.627646  0.617027  0.663065  0.630875  0.733924  0.612192  0.721409  0.652940  0.809996  0.708591  0.641425  0.674255  0.665938  0.611667  0.657129  0.611053  0.656211  0.633895  0.716541  0.600055  0.722515  0.697522  0.717002  0.803255  0.830637  0.640337  0.741112 
31  0.594814  0.467675  0.240995  0.643258  0.512326  0.561343  0.268863  0.406085  0.562968  0.588705  0.496558  0.291152  0.451932  0.585146  0.362418  0.682090  0.858373  0.272148  0.655547  0.599456  0.620401  0.619890  0.620609  0.540712  0.618651  0.582730  0.679742  0.689460  0.674136  0.535861  0.612359 0.0  0.443279  0.669959  0.519164  0.515495  0.524954  0.576668  0.728570  0.641541  0.289093  0.697708  0.655161  0.530743  0.616758  0.800932  0.568306  0.647481  0.406402  0.757663  0.492256  0.536673  0.571753  0.665570  0.705692  0.486079  0.546502  0.693877  0.391283  0.569815 
32  0.573867  0.649749  0.616800  0.622089  0.413793  0.711332  0.697001  0.633647  0.540114  0.599657  0.627655  0.570800  0.476998  0.457438  0.626818  0.500755  0.812892  0.534372  0.579975  0.443522  0.428461  0.571221  0.622910  0.681898  0.674729  0.685252  0.635103  0.549830  0.625850  0.470980  0.626990  0.443279 0.0  0.729507  0.518179  0.289828  0.540447  0.378745  0.632312  0.399018  0.429861  0.454267  0.564086  0.627403  0.427677  0.633494  0.507919  0.657276  0.505611  0.820896  0.460528  0.349530  0.512731  0.737451  0.491581  0.674392  0.524636  0.561792  0.610033  0.615205 
33  0.667472  0.833677  0.717733  0.656020  0.480622  0.898342  0.650001  0.736744  0.628816  0.718203  0.766969  0.747404  0.739890  0.593663  0.727931  0.746300  0.680734  0.763381  0.631967  0.619538  0.652152  0.691103  0.618866  0.832879  0.683924  0.673012  0.669251  0.713650  0.572941  0.566307  0.627646  0.669959  0.729507 0.0  0.710324  0.729535  0.779878  0.521291  0.534380  0.620761  0.703814  0.556838  0.658892  0.598450  0.831879  0.651040  0.756837  0.724928  0.762238  0.719981  0.604107  0.604328  0.701054  0.672866  0.692726  0.716656  0.408734  0.772203  0.587159  0.660944 
34  0.507486  0.763956  0.609141  0.492526  0.609666  0.716047  0.507347  0.576917  0.371294  0.684734  0.650935  0.644150  0.550684  0.463754  0.566614  0.526949  0.635744  0.678565  0.667866  0.652648  0.585721  0.607084  0.588682  0.567710  0.504778  0.321721  0.311795  0.506233  0.559152  0.465074  0.617027  0.519164  0.518179  0.710324 0.0  0.466821  0.371851  0.555917  0.565587  0.767974  0.584514  0.641743  0.597335  0.317156  0.497034  0.708324  0.634423  0.421933  0.439500  0.577294  0.313805  0.698452  0.302478  0.534186  0.598049  0.547692  0.594255  0.602323  0.551130  0.759067 
35  0.521058  0.538141  0.630750  0.708282  0.585849  0.646416  0.585424  0.580594  0.578209  0.538928  0.529088  0.677928  0.542339  0.615117  0.632873  0.545908  0.825926  0.660498  0.835486  0.316006  0.323634  0.586593  0.697631  0.780287  0.847330  0.616866  0.557413  0.736849  0.437159  0.622856  0.663065  0.515495  0.289828  0.729535  0.466821 0.0  0.492642  0.523602  0.763838  0.318217  0.662910  0.409924  0.710080  0.715430  0.496558  0.639522  0.592692  0.663442  0.515291  0.559266  0.575005  0.427472  0.606458  0.680567  0.390840  0.611728  0.656611  0.569500  0.671468  0.468197 
36  0.569699  0.768177  0.647541  0.540190  0.587251  0.606828  0.676758  0.712827  0.419470  0.744646  0.589638  0.610354  0.428770  0.416363  0.693696  0.507961  0.701867  0.614830  0.718143  0.598757  0.703430  0.636044  0.696481  0.696837  0.625545  0.499809  0.499276  0.504205  0.804233  0.503133  0.630875  0.524954  0.540447  0.779878  0.371851  0.492642 0.0  0.424477  0.462091  0.736934  0.539748  0.537676  0.544554  0.406019  0.433092  0.562510  0.532497  0.465033  0.455052  0.522574  0.421773  0.622160  0.461915  0.455747  0.629107  0.614367  0.738004  0.625262  0.603443  0.625904 
37  0.440474  0.690617  0.550987  0.522452  0.365137  0.782496  0.600924  0.564135  0.581977  0.769192  0.565670  0.569123  0.396068  0.522360  0.630288  0.762549  0.913968  0.719959  0.533366  0.738362  0.635931  0.740525  0.573602  0.507503  0.801764  0.548804  0.491748  0.433185  0.742938  0.594210  0.733924  0.576668  0.378745  0.521291  0.555917  0.523602  0.424477 0.0  0.727915  0.694597  0.553670  0.567562  0.729438  0.596571  0.459741  0.813457  0.462881  0.584203  0.625112  0.615667  0.519001  0.545436  0.677763  0.619299  0.623113  0.701200  0.376334  0.698790  0.546702  0.642513 
38  0.809588  0.697349  0.721434  0.483098  0.659450  0.761376  0.728639  0.649899  0.583371  0.619915  0.764694  0.732152  0.769397  0.418916  0.612889  0.605217  0.465493  0.668331  0.518256  0.708925  0.631015  0.547692  0.718035  0.753287  0.431393  0.589487  0.515910  0.706799  0.695078  0.541258  0.612192  0.728570  0.632312  0.534380  0.565587  0.763838  0.462091  0.727915 0.0  0.705623  0.690490  0.719144  0.431052  0.636654  0.829420  0.482510  0.623532  0.579125  0.590714  0.461902  0.484098  0.509495  0.595667  0.672905  0.698578  0.637885  0.738417  0.646481  0.633583  0.636970 
39  0.670101  0.679204  0.745446  0.733840  0.722517  1.000000  0.716680  0.719439  0.716463  0.538120  0.709532  0.622823  0.646751  0.712636  0.702298  0.598660  0.760825  0.800747  0.700751  0.316829  0.392956  0.645882  0.898662  0.757151  0.824997  0.657219  0.761110  0.728883  0.440801  0.701534  0.721409  0.641541  0.399018  0.620761  0.767974  0.318217  0.736934  0.694597  0.705623 0.0  0.800610  0.319820  0.673990  0.762718  0.766026  0.528435  0.798062  0.865835  0.668886  0.682311  0.793047  0.541874  0.696351  0.916555  0.384565  0.705079  0.639006  0.632894  0.715232  0.527769 
40  0.546538  0.606615  0.272763  0.571006  0.582898  0.575804  0.438813  0.381774  0.451308  0.680255  0.555935  0.454858  0.332999  0.551838  0.394825  0.502280  0.817985  0.364900  0.392323  0.726166  0.692708  0.620310  0.629615  0.632016  0.610073  0.590718  0.574035  0.518169  0.740135  0.563682  0.652940  0.289093  0.429861  0.703814  0.584514  0.662910  0.539748  0.553670  0.690490  0.800610 0.0  0.547902  0.589368  0.518204  0.528329  0.893169  0.578050  0.555450  0.356952  0.512285  0.467509  0.646229  0.423601  0.480685  0.696886  0.505154  0.506172  0.684609  0.447305  0.814757 
41  0.735895  0.704667  0.669369  0.690929  0.601715  0.862165  0.592944  0.743220  0.633944  0.484204  0.677839  0.600336  0.684197  0.705959  0.710027  0.608284  0.703948  0.596143  0.780392  0.427072  0.488151  0.729783  0.602098  0.730526  0.589879  0.795411  0.691430  0.568933  0.624145  0.862541  0.809996  0.697708  0.454267  0.556838  0.641743  0.409924  0.537676  0.567562  0.719144  0.319820  0.547902 0.0  0.926673  0.734083  0.608878  0.564339  0.564389  0.657160  0.606352  0.701772  0.751393  0.389581  0.713961  0.721341  0.482331  0.653212  0.676078  0.708931  0.512361  0.476655 
42  0.670283  0.774155  0.667263  0.707769  0.620418  0.806134  0.550378  0.716314  0.564339  0.631862  0.678810  0.746628  0.707094  0.546736  0.817463  0.615286  0.569322  0.640810  0.677558  0.626450  0.830466  0.651763  0.567050  0.743364  0.435623  0.527473  0.525704  0.779041  0.706419  0.571727  0.708591  0.655161  0.564086  0.658892  0.597335  0.710080  0.544554  0.729438  0.431052  0.673990  0.589368  0.926673 0.0  0.571612  0.718497  0.545674  0.681305  0.562527  0.633779  0.612247  0.605279  0.791745  0.505784  0.603197  0.672246  0.674374  0.667019  0.671358  0.709331  0.736494 
43  0.468772  0.654366  0.726376  0.398821  0.624986  0.684316  0.530747  0.533705  0.368806  0.693840  0.620632  0.703923  0.553459  0.481264  0.524897  0.527528  0.541048  0.598238  0.574558  0.726954  0.624533  0.582985  0.557651  0.676191  0.635425  0.371304  0.294535  0.683788  0.770370  0.560157  0.641425  0.530743  0.627403  0.598450  0.317156  0.715430  0.406019  0.596571  0.636654  0.762718  0.518204  0.734083  0.571612 0.0  0.480774  0.844214  0.607902  0.319930  0.618898  0.568443  0.383750  0.804293  0.376913  0.414382  0.794301  0.494561  0.530219  0.595138  0.591691  0.855930 
44  0.460274  0.681811  0.540136  0.664095  0.557158  0.586807  0.635296  0.726389  0.473833  0.586090  0.549173  0.781190  0.548839  0.561781  0.642797  0.606859  0.838217  0.629619  0.532984  0.681560  0.727219  0.517477  0.817240  0.545870  0.742104  0.669016  0.579048  0.550470  0.665842  0.604489  0.674255  0.616758  0.427677  0.831879  0.497034  0.496558  0.433092  0.459741  0.829420  0.766026  0.528329  0.608878  0.718497  0.480774 0.0  0.667018  0.481228  0.641163  0.588407  0.692689  0.507586  0.800388  0.596074  0.665502  0.628121  0.517159  0.673040  0.653815  0.535919  0.769812 
45  0.707575  0.910505  0.809814  0.739249  0.669116  0.825421  0.791299  0.747483  0.718554  0.569884  0.630829  0.615188  0.838108  0.703713  0.674919  0.690777  0.597294  0.756878  0.687652  0.566607  0.476027  0.587661  0.684544  0.589840  0.716697  0.612697  0.467299  0.832718  0.424811  0.654580  0.665938  0.800932  0.633494  0.651040  0.708324  0.639522  0.562510  0.813457  0.482510  0.528435  0.893169  0.564339  0.545674  0.844214  0.667018 0.0  0.702789  0.780893  0.741225  0.585948  0.585595  0.543267  0.705125  0.883348  0.587637  0.664094  0.788621  0.581246  0.757844  0.634500 
46  0.429173  0.645193  0.569763  0.554826  0.577901  0.637461  0.734533  0.690549  0.519662  0.672116  0.534819  0.716261  0.532995  0.556668  0.648178  0.609106  0.706758  0.618786  0.625061  0.676252  0.610538  0.604526  0.578853  0.565248  0.694206  0.562287  0.523484  0.579603  0.699034  0.552428  0.611667  0.568306  0.507919  0.756837  0.634423  0.592692  0.532497  0.462881  0.623532  0.798062  0.578050  0.564389  0.681305  0.607902  0.481228  0.702789 0.0  0.451035  0.545313  0.540279  0.567277  0.624774  0.610349  0.620053  0.580669  0.555759  0.551991  0.467250  0.563506  0.710166 
47  0.561251  0.708759  0.621746  0.339687  0.696786  0.575287  0.564666  0.562664  0.413098  0.806512  0.657549  0.711231  0.512144  0.509473  0.739659  0.545018  0.533895  0.714171  0.660019  0.695889  0.690477  0.665270  0.549399  0.659210  0.583258  0.317944  0.279050  0.528835  0.687840  0.594284  0.657129  0.647481  0.657276  0.724928  0.421933  0.663442  0.465033  0.584203  0.579125  0.865835  0.555450  0.657160  0.562527  0.319930  0.641163  0.780893  0.451035 0.0  0.561539  0.501092  0.489232  0.684005  0.344278  0.593349  0.734623  0.601830  0.668092  0.724405  0.599102  0.821352 
48  0.602982  0.630487  0.305561  0.450985  0.641509  0.627719  0.439807  0.382821  0.604933  0.726528  0.422419  0.374130  0.362578  0.621499  0.412063  0.646148  0.700998  0.341876  0.660991  0.525415  0.680154  0.626425  0.700278  0.609236  0.623139  0.514235  0.414062  0.544945  0.552153  0.505013  0.611053  0.406402  0.505611  0.762238  0.439500  0.515291  0.455052  0.625112  0.590714  0.668886  0.356952  0.606352  0.633779  0.618898  0.588407  0.741225  0.545313  0.561539 0.0  0.579867  0.535297  0.514884  0.516095  0.632982  0.688696  0.644995  0.703949  0.640939  0.412444  0.544429 
49  0.650152  0.591560  0.727761  0.512152  0.573989  0.590562  0.755148  0.618698  0.500128  0.781326  0.638567  0.744924  0.611374  0.586766  0.700591  0.603244  0.505774  0.760205  0.631730  0.748342  0.613020  0.720856  0.494900  0.622448  0.655809  0.501411  0.431082  0.511273  0.571590  0.462446  0.656211  0.757663  0.820896  0.719981  0.577294  0.559266  0.522574  0.615667  0.461902  0.682311  0.512285  0.701772  0.612247  0.568443  0.692689  0.585948  0.540279  0.501092  0.579867 0.0  0.524368  0.530920  0.596201  0.579365  0.745979  0.679417  0.564218  0.716688  0.702851  0.714346 
50  0.500846  0.632659  0.540358  0.407029  0.484981  0.578683  0.548658  0.591135  0.284427  0.705707  0.710391  0.586435  0.598161  0.310522  0.607933  0.501473  0.606197  0.443129  0.662712  0.734289  0.540603  0.672283  0.563607  0.646442  0.559502  0.395098  0.359310  0.568269  0.773272  0.455821  0.633895  0.492256  0.460528  0.604107  0.313805  0.575005  0.421773  0.519001  0.484098  0.793047  0.467509  0.751393  0.605279  0.383750  0.507586  0.585595  0.567277  0.489232  0.535297  0.524368 0.0  0.513044  0.387851  0.502644  0.583145  0.526958  0.488406  0.601511  0.506208  0.666767 
51  0.786812  0.738969  0.525090  0.702550  0.565014  0.680874  0.644173  0.490941  0.602414  0.592588  0.614100  0.499317  0.528545  0.596769  0.543480  0.566586  0.783811  0.589560  0.547717  0.432441  0.276431  0.585953  0.609377  0.619163  0.596267  0.657636  0.595229  0.748233  0.562393  0.472101  0.716541  0.536673  0.349530  0.604328  0.698452  0.427472  0.622160  0.545436  0.509495  0.541874  0.646229  0.389581  0.791745  0.804293  0.800388  0.543267  0.624774  0.684005  0.514884  0.530920  0.513044 0.0  0.695228  0.710658  0.531312  0.730008  0.589871  0.562868  0.474953  0.467678 
52  0.498221  0.646258  0.651324  0.404898  0.679630  0.698571  0.503744  0.624714  0.418512  0.632133  0.610378  0.589844  0.646024  0.470369  0.533903  0.600031  0.573648  0.555269  0.645373  0.687675  0.669135  0.552395  0.638286  0.671248  0.584128  0.374837  0.366240  0.395459  0.651323  0.458982  0.600055  0.571753  0.512731  0.701054  0.302478  0.606458  0.461915  0.677763  0.595667  0.696351  0.423601  0.713961  0.505784  0.376913  0.596074  0.705125  0.610349  0.344278  0.516095  0.596201  0.387851  0.695228 0.0  0.437939  0.628910  0.500603  0.573174  0.671832  0.639796  0.767095 
53  0.488664  0.748368  0.654597  0.480261  0.728150  0.758123  0.673766  0.607623  0.537760  0.609359  0.705369  0.635101  0.715025  0.560398  0.678653  0.693149  0.685988  0.687468  0.451316  0.679126  0.792413  0.548027  0.684836  0.553704  0.645259  0.530967  0.423459  0.444750  0.824099  0.533365  0.722515  0.665570  0.737451  0.672866  0.534186  0.680567  0.455747  0.619299  0.672905  0.916555  0.480685  0.721341  0.603197  0.414382  0.665502  0.883348  0.620053  0.593349  0.632982  0.579365  0.502644  0.710658  0.437939 0.0  0.779391  0.457128  0.505881  0.841546  0.627939  0.770447 
54  0.656712  0.725338  0.671957  0.705284  0.567640  0.850210  0.861595  0.876173  0.705084  0.498291  0.729449  0.857065  0.522331  0.671883  0.894925  0.531959  0.625795  0.696188  0.879359  0.468458  0.490061  0.639131  0.759142  0.733674  0.769384  0.825376  0.720793  0.763414  0.603319  0.699657  0.697522  0.705692  0.491581  0.692726  0.598049  0.390840  0.629107  0.623113  0.698578  0.384565  0.696886  0.482331  0.672246  0.794301  0.628121  0.587637  0.580669  0.734623  0.688696  0.745979  0.583145  0.531312  0.628910  0.779391 0.0  0.621110  0.765961  0.600097  0.809233  0.563571 
55  0.583402  0.628057  0.706589  0.553385  0.686930  0.559358  0.564370  0.720213  0.595400  0.699188  0.769144  0.623034  0.660143  0.780533  0.744381  0.676131  0.628016  0.586159  0.611952  0.758032  0.657112  0.662645  0.554828  0.607722  0.748218  0.527721  0.604475  0.632554  0.663805  0.630221  0.717002  0.486079  0.674392  0.716656  0.547692  0.611728  0.614367  0.701200  0.637885  0.705079  0.505154  0.653212  0.674374  0.494561  0.517159  0.664094  0.555759  0.601830  0.644995  0.679417  0.526958  0.730008  0.500603  0.457128  0.621110 0.0  0.612848  0.657780  0.658577  0.680468 
56  0.471384  0.708989  0.570236  0.523617  0.419455  0.612695  0.524237  0.649905  0.529523  0.695612  0.688918  0.601103  0.748550  0.591786  0.546330  0.586654  0.890273  0.674943  0.424564  0.599347  0.693127  0.580576  0.746674  0.696749  0.700037  0.572287  0.648545  0.573146  0.765756  0.524101  0.803255  0.546502  0.524636  0.408734  0.594255  0.656611  0.738004  0.376334  0.738417  0.639006  0.506172  0.676078  0.667019  0.530219  0.673040  0.788621  0.551991  0.668092  0.703949  0.564218  0.488406  0.589871  0.573174  0.505881  0.765961  0.612848 0.0  0.714813  0.569095  0.759115 
57  0.686622  0.792124  0.753736  0.734317  0.769393  0.743510  0.631742  0.769639  0.705993  0.530952  0.758743  0.791892  0.576156  0.772580  0.741367  0.462211  0.799796  0.675894  0.739241  0.666584  0.569854  0.761997  0.830339  0.627453  0.776092  0.707332  0.551080  0.760515  0.634017  0.518017  0.830637  0.693877  0.561792  0.772203  0.602323  0.569500  0.625262  0.698790  0.646481  0.632894  0.684609  0.708931  0.671358  0.595138  0.653815  0.581246  0.467250  0.724405  0.640939  0.716688  0.601511  0.562868  0.671832  0.841546  0.600097  0.657780  0.714813 0.0  0.694363  0.660963 
58  0.486048  0.554728  0.280068  0.614131  0.567093  0.540905  0.491750  0.406666  0.587915  0.725468  0.453129  0.443494  0.464111  0.569794  0.478960  0.635428  0.711446  0.427225  0.531038  0.640139  0.657314  0.666949  0.687066  0.521495  0.598930  0.533633  0.496776  0.539565  0.619509  0.606721  0.640337  0.391283  0.610033  0.587159  0.551130  0.671468  0.603443  0.546702  0.633583  0.715232  0.447305  0.512361  0.709331  0.591691  0.535919  0.757844  0.563506  0.599102  0.412444  0.702851  0.506208  0.474953  0.639796  0.627939  0.809233  0.658577  0.569095  0.694363 0.0  0.673202 
59  0.785598  0.787284  0.752065  0.848949  0.692386  0.931754  0.663819  0.653829  0.662315  0.692953  0.618909  0.696296  0.564978  0.672855  0.607314  0.715624  0.669923  0.728881  0.911903  0.365975  0.331501  0.669770  0.767522  0.686008  0.793900  0.713972  0.718349  0.854934  0.514459  0.750780  0.741112  0.569815  0.615205  0.660944  0.759067  0.468197  0.625904  0.642513  0.636970  0.527769  0.814757  0.476655  0.736494  0.855930  0.769812  0.634500  0.710166  0.821352  0.544429  0.714346  0.666767  0.467678  0.767095  0.770447  0.563571  0.680468  0.759115  0.660963  0.673202 0.0 
