60
0 0.0  0.649432  0.412555  0.419535  0.607249  0.550956  0.718994  0.481687  0.525246  0.663182  0.635106  0.682745  0.422660  0.717831  0.558573  0.586990  0.791541  0.650097  0.496070  0.648719  0.700488  0.458643  0.605288  0.559614  0.645601  0.490555  0.332022  0.420114  0.687875  0.757828  0.485624  0.561572  0.570059  0.719470  0.595337  0.577606  0.621396  0.520921  0.755818  0.827513  0.529037  0.574804  0.756352  0.397344  0.527598  0.625326  0.500854  0.450613  0.546883  0.644552  0.531441  0.687244  0.656343  0.614823  0.722274  0.480108  0.487164  0.712168  0.570972  0.776781 
1  0.649432 0.0  0.517308  0.591193  0.837629  0.525752  0.485904  0.520794  0.859391  0.781642  0.547765  0.600635  0.601265  0.778554  0.519665  0.615573  0.926778  0.608196  0.813578  0.689207  0.681661  0.684123  0.738881  0.737614  0.756276  0.704077  0.615209  0.686048  0.773248  0.692426  0.752783  0.627582  0.729921  0.896860  0.728411  0.746061  0.675256  0.675409  0.761868  0.758473  0.597969  0.745725  0.771896  0.697953  0.716796  0.778849  0.709580  0.671629  0.652521  0.666518  0.611468  0.694884  0.756790  0.653342  0.799325  0.646701  0.645909  0.730071  0.515987  0.844081 
2  0.412555  0.517308 0.0  0.502711  0.585625  0.546031  0.326833  0.446415  0.639599  0.774782  0.504473  0.355743  0.380127  0.609385  0.304367  0.709669  0.797099  0.355848  0.510247  0.747956  0.774394  0.559214  0.740182  0.416671  0.639657  0.593732  0.452511  0.523184  0.725868  0.610478  0.694054  0.164795  0.527089  0.757608  0.563542  0.690746  0.509684  0.482930  0.756847  0.907396  0.322955  0.658732  0.789359  0.532156  0.547015  0.867752  0.453584  0.623409  0.275945  0.582177  0.542272  0.427560  0.576001  0.542928  0.765695  0.658822  0.672231  0.671206  0.271435  0.668861 
3  0.419535  0.591193  0.502711 0.0  0.588965  0.545660  0.624423  0.659794  0.380989  0.746127  0.641837  0.505731  0.572765  0.509625  0.496034  0.567593  0.552992  0.672412  0.404090  0.750049  0.751061  0.515030  0.589882  0.614352  0.560500  0.356125  0.348797  0.263540  0.836484  0.578870  0.642738  0.543657  0.566301  0.689614  0.556369  0.752033  0.421906  0.406879  0.603175  0.685689  0.515508  0.574285  0.688398  0.450988  0.664255  0.759528  0.559357  0.344996  0.613885  0.475278  0.431743  0.662624  0.336224  0.336963  0.697866  0.621521  0.507230  0.807010  0.633605  0.843778 
4  0.607249  0.837629  0.585625  0.588965 0.0  0.729680  0.643290  0.758749  0.586731  0.544949  0.608261  0.628429  0.565967  0.480601  0.721665  0.573566  0.621475  0.611581  0.580584  0.535134  0.622577  0.746255  0.778467  0.801926  0.646499  0.649364  0.705979  0.597178  0.716506  0.671278  0.682165  0.641294  0.445459  0.487442  0.632259  0.446319  0.502399  0.486007  0.647973  0.573307  0.541555  0.576650  0.643787  0.662542  0.465326  0.740967  0.599788  0.641209  0.615847  0.765289  0.562446  0.499771  0.739167  0.737870  0.697567  0.683167  0.411756  0.673606  0.534615  0.538856 
5  0.550956  0.525752  0.546031  0.545660  0.729680 0.0  0.648515  0.529574  0.817281  0.890601  0.613779  0.643050  0.657055  0.825625  0.747313  0.627515  0.923211  0.666370  0.788427  1.000000  0.996723  0.814931  0.684683  0.424298  0.927675  0.716126  0.673689  0.771536  0.829130  0.634234  0.577791  0.657157  0.799423  0.705222  0.760192  0.755833  0.667324  0.785430  0.793557  0.956546  0.616968  0.800562  0.833850  0.667546  0.727626  0.735227  0.677461  0.682935  0.435423  0.686695  0.595837  0.855695  0.772854  0.786744  0.924991  0.484332  0.621662  0.801981  0.635677  0.909161 
6  0.718994  0.485904  0.326833  0.624423  0.643290  0.648515 0.0  0.429743  0.691967  0.786275  0.527338  0.236193  0.449079  0.825700  0.349494  0.588846  0.814103  0.266520  0.720408  0.728430  0.578551  0.669207  0.633264  0.508771  0.762300  0.648525  0.513684  0.595825  0.509454  0.611562  0.639628  0.234309  0.497063  0.785442  0.637406  0.742169  0.648832  0.682686  0.762434  0.722848  0.385124  0.585505  0.722403  0.579982  0.612331  0.787413  0.608453  0.583322  0.461975  0.589264  0.672863  0.643171  0.526068  0.644010  0.808578  0.586658  0.636856  0.693918  0.591072  0.685966 
7  0.481687  0.520794  0.446415  0.659794  0.758749  0.529574  0.429743 0.0  0.647282  0.880094  0.440534  0.449164  0.503557  0.572540  0.368304  0.589149  0.757582  0.489386  0.720221  0.629784  0.652178  0.530924  0.671790  0.581839  0.624775  0.532231  0.604551  0.556547  0.828453  0.680194  0.667368  0.453059  0.704950  0.763923  0.623544  0.689562  0.690702  0.712621  0.674688  0.689697  0.350128  0.885809  0.775949  0.679279  0.821864  0.796313  0.661361  0.702491  0.461341  0.741186  0.530932  0.721537  0.582533  0.632062  0.810358  0.767571  0.582037  0.741906  0.398539  0.825571 
8  0.525246  0.859391  0.639599  0.380989  0.586731  0.817281  0.691967  0.647282 0.0  0.682616  0.536528  0.590888  0.643337  0.349091  0.638879  0.496340  0.570903  0.573797  0.714072  0.698581  0.632022  0.534982  0.497119  0.738750  0.605816  0.396469  0.429106  0.549901  0.696525  0.457078  0.780035  0.552010  0.529838  0.699346  0.321875  0.497253  0.497910  0.530016  0.616868  0.725566  0.428809  0.746750  0.596324  0.486571  0.536804  0.757980  0.540144  0.419475  0.541846  0.377785  0.348695  0.641761  0.431622  0.477100  0.662065  0.588019  0.467357  0.642565  0.469518  0.688719 
9  0.663182  0.781642  0.774782  0.746127  0.544949  0.890601  0.786275  0.880094  0.682616 0.0  0.662866  0.707595  0.705047  0.611895  0.867445  0.684802  0.778066  0.819671  0.840137  0.541107  0.678498  0.649347  0.753452  0.722775  0.771102  0.761882  0.705497  0.683438  0.571845  0.761698  0.792209  0.626239  0.597295  0.781107  0.675529  0.575965  0.675711  0.734118  0.569697  0.561082  0.727990  0.552361  0.708527  0.598495  0.739823  0.610495  0.694228  0.841077  0.817508  0.708997  0.801894  0.652481  0.621296  0.777816  0.609241  0.756114  0.592370  0.505115  0.741546  0.621263 
10  0.635106  0.547765  0.504473  0.641837  0.608261  0.613779  0.527338  0.440534  0.536528  0.662866 0.0  0.583592  0.530036  0.778944  0.468664  0.676564  0.724504  0.581213  0.639302  0.608342  0.620616  0.441835  0.620137  0.633047  0.818143  0.596513  0.554155  0.729968  0.658239  0.674460  0.720506  0.617958  0.715197  0.875825  0.605102  0.552362  0.597267  0.632975  0.778428  0.719074  0.572214  0.754391  0.710606  0.627688  0.625890  0.653999  0.613034  0.683267  0.459208  0.768572  0.582589  0.577145  0.722041  0.752638  0.761740  0.750308  0.643406  0.745255  0.458372  0.618535 
11  0.682745  0.600635  0.355743  0.505731  0.628429  0.643050  0.236193  0.449164  0.590888  0.707595  0.583592 0.0  0.608297  0.670136  0.368969  0.672078  0.612498  0.365214  0.609828  0.624061  0.555029  0.631466  0.660181  0.536984  0.632974  0.747698  0.596750  0.592048  0.634624  0.740353  0.602774  0.227000  0.455295  0.625396  0.535634  0.721737  0.691383  0.626451  0.698977  0.658390  0.405456  0.553185  0.746904  0.694617  0.699327  0.704688  0.643002  0.743524  0.281228  0.573978  0.500845  0.509491  0.572900  0.638599  0.743377  0.640115  0.671477  0.750063  0.462842  0.599655 
12  0.422660  0.601265  0.380127  0.572765  0.565967  0.657055  0.449079  0.503557  0.643337  0.705047  0.530036  0.608297 0.0  0.559500  0.418097  0.642362  0.880945  0.544641  0.619790  0.734048  0.682239  0.660772  0.588565  0.628408  0.715165  0.568993  0.638378  0.600298  0.707825  0.606471  0.599464  0.312755  0.464447  0.871618  0.575257  0.435497  0.559521  0.563846  0.714326  0.676080  0.310680  0.786318  0.734804  0.535371  0.571850  0.780959  0.560239  0.645826  0.497444  0.593705  0.517048  0.615871  0.563320  0.799668  0.637333  0.740991  0.821270  0.639473  0.485499  0.660869 
13  0.717831  0.778554  0.609385  0.509625  0.480601  0.825625  0.825700  0.572540  0.349091  0.611895  0.778944  0.670136  0.559500 0.0  0.771423  0.571365  0.717754  0.630150  0.593619  0.726922  0.651893  0.668414  0.687273  0.537188  0.710134  0.441204  0.587453  0.573964  0.796375  0.532639  0.670536  0.595124  0.476853  0.630502  0.445454  0.618778  0.447160  0.570804  0.499423  0.675447  0.555551  0.727825  0.629430  0.509096  0.647456  0.674403  0.538582  0.541055  0.686919  0.607391  0.236186  0.596165  0.518710  0.575184  0.609070  0.650221  0.641944  0.753782  0.719215  0.785827 
14  0.558573  0.519665  0.304367  0.496034  0.721665  0.747313  0.349494  0.368304  0.638879  0.867445  0.468664  0.368969  0.418097  0.771423 0.0  0.656314  0.664537  0.407301  0.643966  0.765760  0.622989  0.610150  0.559403  0.537326  0.728356  0.493821  0.558716  0.519746  0.581537  0.731661  0.638782  0.421617  0.677789  0.788104  0.609406  0.665690  0.729986  0.683660  0.664599  0.784687  0.542363  0.727804  0.741303  0.624393  0.636680  0.692377  0.611129  0.742162  0.451918  0.596250  0.665671  0.599516  0.515007  0.593287  0.744051  0.673829  0.651439  0.764095  0.491723  0.738055 
15  0.586990  0.615573  0.709669  0.567593  0.573566  0.627515  0.588846  0.589149  0.496340  0.684802  0.676564  0.672078  0.642362  0.571365  0.656314 0.0  0.749419  0.512631  0.575413  0.671238  0.572669  0.594009  0.609828  0.676346  0.706752  0.618325  0.623711  0.631716  0.728290  0.571550  0.598786  0.650138  0.588706  0.765579  0.620259  0.468822  0.460666  0.566187  0.681355  0.496055  0.597092  0.677756  0.650219  0.658983  0.545962  0.648123  0.627495  0.634943  0.622451  0.638961  0.647881  0.586277  0.650630  0.711449  0.577270  0.615716  0.587335  0.443878  0.636697  0.677051 
16  0.791541  0.926778  0.797099  0.552992  0.621475  0.923211  0.814103  0.757582  0.570903  0.778066  0.724504  0.612498  0.880945  0.717754  0.664537  0.749419 0.0  0.824920  0.674415  0.724728  0.692935  0.580165  0.545911  0.712257  0.404566  0.629085  0.710888  0.909984  0.647479  0.722939  0.645818  0.808296  0.781042  0.683803  0.618242  0.788973  0.611339  0.961514  0.518422  0.905348  0.656950  0.677768  0.548742  0.548958  0.891233  0.686192  0.831465  0.511626  0.797125  0.599941  0.678515  0.691433  0.491762  0.543165  0.719562  0.656349  0.778118  0.694002  0.696160  0.676739 
17  0.650097  0.608196  0.355848  0.672412  0.611581  0.666370  0.266520  0.489386  0.573797  0.819671  0.581213  0.365214  0.544641  0.630150  0.407301  0.512631  0.824920 0.0  0.639480  0.686926  0.742401  0.775594  0.679911  0.522995  0.717511  0.779638  0.608884  0.646655  0.678020  0.628925  0.758355  0.321244  0.693208  0.727997  0.637084  0.518275  0.536703  0.712333  0.698347  0.889105  0.199698  0.742847  0.712530  0.607795  0.623411  0.875888  0.769665  0.703939  0.297903  0.754918  0.574291  0.485208  0.650749  0.673314  0.706652  0.622721  0.702366  0.683338  0.480576  0.670176 
18  0.496070  0.813578  0.510247  0.404090  0.580584  0.788427  0.720408  0.720221  0.714072  0.840137  0.639302  0.609828  0.619790  0.593619  0.643966  0.575413  0.674415  0.639480 0.0  0.725479  0.816236  0.539070  0.566937  0.654423  0.671828  0.520279  0.520269  0.439835  0.807737  0.674237  0.612802  0.607738  0.578796  0.556969  0.727855  0.728365  0.614792  0.560809  0.650396  0.662365  0.604690  0.712694  0.632174  0.675860  0.657933  0.795573  0.640397  0.675446  0.640003  0.589941  0.502133  0.584017  0.638840  0.658904  0.872641  0.684174  0.354316  0.773825  0.491419  0.797340 
19  0.648719  0.689207  0.747956  0.750049  0.535134  1.000000  0.728430  0.629784  0.698581  0.541107  0.608342  0.624061  0.734048  0.726922  0.765760  0.671238  0.724728  0.686926  0.725479 0.0  0.294734  0.505171  0.646830  0.943798  0.612245  0.775132  0.754663  0.825901  0.586568  0.627856  0.500027  0.547827  0.392202  0.657392  0.595177  0.299964  0.678673  0.662650  0.621695  0.427487  0.722618  0.296722  0.705870  0.853349  0.645072  0.572305  0.702894  0.830865  0.558970  0.783399  0.633540  0.317207  0.778256  0.724474  0.497492  0.760750  0.723754  0.679894  0.645476  0.347427 
20  0.700488  0.681661  0.774394  0.751061  0.622577  0.996723  0.578551  0.652178  0.632022  0.678498  0.620616  0.555029  0.682239  0.651893  0.622989  0.572669  0.692935  0.742401  0.816236  0.294734 0.0  0.602924  0.781582  0.808718  0.664731  0.678993  0.495597  0.849243  0.390372  0.614902  0.678182  0.632518  0.502210  0.656530  0.717531  0.311104  0.725010  0.672752  0.643683  0.318218  0.734385  0.497239  0.737832  0.803520  0.660451  0.312487  0.686031  0.759761  0.600235  0.820586  0.724286  0.278433  0.718010  0.795675  0.548003  0.627963  0.634510  0.560583  0.636052  0.317726 
21  0.458643  0.684123  0.559214  0.515030  0.746255  0.814931  0.669207  0.530924  0.534982  0.649347  0.441835  0.631466  0.660772  0.668414  0.610150  0.594009  0.580165  0.775594  0.539070  0.505171  0.602924 0.0  0.598050  0.659340  0.633484  0.462971  0.535292  0.714790  0.565661  0.707030  0.593762  0.731765  0.665709  0.701579  0.653465  0.555302  0.725077  0.623142  0.732662  0.717289  0.702782  0.633268  0.712375  0.657100  0.518396  0.546690  0.439990  0.677752  0.719474  0.667693  0.631746  0.636790  0.673458  0.608659  0.576558  0.551527  0.597645  0.880049  0.606950  0.567574 
22  0.605288  0.738881  0.740182  0.589882  0.778467  0.684683  0.633264  0.671790  0.497119  0.753452  0.620137  0.660181  0.588565  0.687273  0.559403  0.609828  0.545911  0.679911  0.566937  0.646830  0.781582  0.598050 0.0  0.692753  0.562566  0.479850  0.637243  0.755611  0.751840  0.589917  0.673106  0.677466  0.760517  0.667515  0.615597  0.809714  0.625926  0.527646  0.572269  0.736447  0.635288  0.729055  0.607167  0.656941  0.657903  0.693844  0.612267  0.560697  0.590402  0.529758  0.523725  0.636552  0.610967  0.546523  0.751261  0.702519  0.633030  0.864889  0.662089  0.733651 
23  0.559614  0.737614  0.416671  0.614352  0.801926  0.424298  0.508771  0.581839  0.738750  0.722775  0.633047  0.536984  0.628408  0.537188  0.537326  0.676346  0.712257  0.522995  0.654423  0.943798  0.808718  0.659340  0.692753 0.0  0.752287  0.619846  0.554770  0.716832  0.749936  0.571485  0.563754  0.554386  0.551503  0.869652  0.582042  0.724988  0.644592  0.631725  0.680775  0.809137  0.561988  0.789309  0.719760  0.647696  0.623523  0.618917  0.668236  0.675904  0.558566  0.634961  0.600059  0.704891  0.723595  0.684705  0.830722  0.667296  0.633949  0.575890  0.401584  0.710211 
24  0.645601  0.756276  0.639657  0.560500  0.646499  0.927675  0.762300  0.624775  0.605816  0.771102  0.818143  0.632974  0.715165  0.710134  0.728356  0.706752  0.404566  0.717511  0.671828  0.612245  0.664731  0.633484  0.562566  0.752287 0.0  0.525393  0.574395  0.785311  0.760075  0.592341  0.713243  0.666945  0.706547  0.737226  0.679228  0.863903  0.625124  0.752253  0.433902  0.838537  0.593641  0.709926  0.596384  0.715366  0.883279  0.680341  0.619234  0.742266  0.532114  0.604653  0.559681  0.749083  0.548590  0.608154  0.873602  0.678396  0.751463  0.743556  0.507589  0.675381 
25  0.490555  0.704077  0.593732  0.356125  0.649364  0.716126  0.648525  0.532231  0.396469  0.761882  0.596513  0.747698  0.568993  0.441204  0.493821  0.618325  0.629085  0.779638  0.520279  0.775132  0.678993  0.462971  0.479850  0.619846  0.525393 0.0  0.318243  0.565650  0.581250  0.604356  0.664123  0.708790  0.583542  0.743695  0.331442  0.579154  0.452841  0.624179  0.567223  0.664155  0.640357  0.633131  0.603215  0.350086  0.612468  0.671765  0.496328  0.287255  0.476071  0.537124  0.461953  0.597067  0.277161  0.417826  0.765792  0.703482  0.691221  0.800401  0.639584  0.750487 
26  0.332022  0.615209  0.452511  0.348797  0.705979  0.673689  0.513684  0.604551  0.429106  0.705497  0.554155  0.596750  0.638378  0.587453  0.558716  0.623711  0.710888  0.608884  0.520269  0.754663  0.495597  0.535292  0.637243  0.554770  0.574395  0.318243 0.0  0.630730  0.608142  0.497514  0.502062  0.640924  0.603916  0.718700  0.292817  0.595723  0.408251  0.657179  0.590535  0.785928  0.598167  0.677045  0.650714  0.370538  0.621521  0.603116  0.583942  0.307891  0.506721  0.481163  0.301425  0.639411  0.302472  0.460964  0.880440  0.718216  0.638768  0.701306  0.538704  0.610264 
27  0.420114  0.686048  0.523184  0.263540  0.597178  0.771536  0.595825  0.556547  0.549901  0.683438  0.729968  0.592048  0.600298  0.573964  0.519746  0.631716  0.909984  0.646655  0.439835  0.825901  0.849243  0.714790  0.755611  0.716832  0.785311  0.565650  0.630730 0.0  0.748083  0.680473  0.673944  0.561756  0.581200  0.776469  0.530339  0.661620  0.558204  0.438845  0.726069  0.786381  0.557781  0.619753  0.747483  0.744427  0.585257  0.870908  0.643129  0.439406  0.621881  0.614036  0.555800  0.714516  0.524255  0.518311  0.751084  0.598602  0.484586  0.689852  0.488555  0.824177 
28  0.687875  0.773248  0.725868  0.836484  0.716506  0.829130  0.509454  0.828453  0.696525  0.571845  0.658239  0.634624  0.707825  0.796375  0.581537  0.728290  0.647479  0.678020  0.807737  0.586568  0.390372  0.565661  0.751840  0.749936  0.760075  0.581250  0.608142  0.748083 0.0  0.644637  0.784484  0.632802  0.438061  0.802002  0.618861  0.518743  0.657944  0.648932  0.583199  0.528512  0.779527  0.746031  0.732848  0.696399  0.659398  0.411966  0.632272  0.714198  0.556592  0.768631  0.778607  0.562732  0.626577  0.698346  0.591708  0.617091  0.653957  0.706590  0.701805  0.647936 
29  0.757828  0.692426  0.610478  0.578870  0.671278  0.634234  0.611562  0.680194  0.457078  0.761698  0.674460  0.740353  0.606471  0.532639  0.731661  0.571550  0.722939  0.628925  0.674237  0.627856  0.614902  0.707030  0.589917  0.571485  0.592341  0.604356  0.497514  0.680473  0.644637 0.0  0.765224  0.573137  0.658580  0.666012  0.456720  0.619950  0.571278  0.473085  0.557487  0.675295  0.527934  0.789069  0.621947  0.575946  0.593803  0.838226  0.675645  0.613433  0.525390  0.621603  0.369505  0.493884  0.499570  0.471963  0.777535  0.635884  0.594524  0.614258  0.577296  0.840525 
30  0.485624  0.752783  0.694054  0.642738  0.682165  0.577791  0.639628  0.667368  0.780035  0.792209  0.720506  0.602774  0.599464  0.670536  0.638782  0.598786  0.645818  0.758355  0.612802  0.500027  0.678182  0.593762  0.673106  0.563754  0.713243  0.664123  0.502062  0.673944  0.784484  0.765224 0.0  0.625154  0.698240  0.771327  0.751672  0.700701  0.659597  0.660622  0.788502  0.722445  0.708283  0.819826  0.614121  0.554664  0.654459  0.730439  0.509327  0.656016  0.638124  0.635380  0.636127  0.691908  0.580453  0.617603  0.880578  0.638651  0.828948  0.837666  0.527816  0.681628 
31  0.561572  0.627582  0.164795  0.543657  0.641294  0.657157  0.234309  0.453059  0.552010  0.626239  0.617958  0.227000  0.312755  0.595124  0.421617  0.650138  0.808296  0.321244  0.607738  0.547827  0.632518  0.731765  0.677466  0.554386  0.666945  0.708790  0.640924  0.561756  0.632802  0.573137  0.625154 0.0  0.471433  0.732403  0.542939  0.523445  0.675579  0.535260  0.700286  0.686962  0.281328  0.670330  0.687966  0.560273  0.590112  0.789779  0.592758  0.708543  0.421627  0.711588  0.554714  0.549414  0.488214  0.557020  0.658710  0.599826  0.454333  0.674006  0.291506  0.738127 
32  0.570059  0.729921  0.527089  0.566301  0.445459  0.799423  0.497063  0.704950  0.529838  0.597295  0.715197  0.455295  0.464447  0.476853  0.677789  0.588706  0.781042  0.693208  0.578796  0.392202  0.502210  0.665709  0.760517  0.551503  0.706547  0.583542  0.603916  0.581200  0.438061  0.658580  0.698240  0.471433 0.0  0.723636  0.586140  0.331483  0.457496  0.365034  0.616569  0.471670  0.520179  0.572779  0.653398  0.663956  0.549636  0.694477  0.564529  0.650655  0.585744  0.636530  0.509224  0.418194  0.672855  0.712542  0.409185  0.671187  0.385684  0.562128  0.529302  0.529369 
33  0.719470  0.896860  0.757608  0.689614  0.487442  0.705222  0.785442  0.763923  0.699346  0.781107  0.875825  0.625396  0.871618  0.630502  0.788104  0.765579  0.683803  0.727997  0.556969  0.657392  0.656530  0.701579  0.667515  0.869652  0.737226  0.743695  0.718700  0.776469  0.802002  0.666012  0.771327  0.732403  0.723636 0.0  0.714668  0.687220  0.738195  0.476500  0.662223  0.875363  0.718282  0.776952  0.710741  0.700846  0.818568  0.742920  0.647458  0.775800  0.805504  0.751284  0.612580  0.545065  0.678859  0.603413  0.744511  0.715179  0.398889  0.895490  0.642532  0.562341 
34  0.595337  0.728411  0.563542  0.556369  0.632259  0.760192  0.637406  0.623544  0.321875  0.675529  0.605102  0.535634  0.575257  0.445454  0.609406  0.620259  0.618242  0.637084  0.727855  0.595177  0.717531  0.653465  0.615597  0.582042  0.679228  0.331442  0.292817  0.530339  0.618861  0.456720  0.751672  0.542939  0.586140  0.714668 0.0  0.476750  0.353265  0.635499  0.483711  0.831097  0.536052  0.696879  0.590782  0.395809  0.556737  0.697355  0.653500  0.420987  0.561260  0.523800  0.299049  0.754948  0.318331  0.444175  0.698156  0.617144  0.702236  0.636405  0.604924  0.574619 
35  0.577606  0.746061  0.690746  0.752033  0.446319  0.755833  0.742169  0.689562  0.497253  0.575965  0.552362  0.721737  0.435497  0.618778  0.665690  0.468822  0.788973  0.518275  0.728365  0.299964  0.311104  0.555302  0.809714  0.724988  0.863903  0.579154  0.595723  0.661620  0.518743  0.619950  0.700701  0.523445  0.331483  0.687220  0.476750 0.0  0.530342  0.454999  0.677296  0.290563  0.527981  0.447326  0.773604  0.580311  0.576916  0.692150  0.447879  0.661683  0.508083  0.565976  0.631429  0.455207  0.665844  0.771014  0.429695  0.634440  0.646387  0.527559  0.551638  0.474614 
36  0.621396  0.675256  0.509684  0.421906  0.502399  0.667324  0.648832  0.690702  0.497910  0.675711  0.597267  0.691383  0.559521  0.447160  0.729986  0.460666  0.611339  0.536703  0.614792  0.678673  0.725010  0.725077  0.625926  0.644592  0.625124  0.452841  0.408251  0.558204  0.657944  0.571278  0.659597  0.675579  0.457496  0.738195  0.353265  0.530342 0.0  0.451024  0.549895  0.757423  0.478262  0.682620  0.562207  0.481489  0.516945  0.784574  0.547228  0.437369  0.480614  0.533612  0.394485  0.563012  0.474971  0.611305  0.666226  0.628726  0.743011  0.650648  0.570974  0.728961 
37  0.520921  0.675409  0.482930  0.406879  0.486007  0.785430  0.682686  0.712621  0.530016  0.734118  0.632975  0.626451  0.563846  0.570804  0.683660  0.566187  0.961514  0.712333  0.560809  0.662650  0.672752  0.623142  0.527646  0.631725  0.752253  0.624179  0.657179  0.438845  0.648932  0.473085  0.660622  0.535260  0.365034  0.476500  0.635499  0.454999  0.451024 0.0  0.856277  0.642509  0.567941  0.506651  0.697658  0.614612  0.550794  0.849579  0.444458  0.484921  0.507008  0.587227  0.475995  0.655801  0.657547  0.575728  0.583877  0.642036  0.270445  0.819872  0.508538  0.729807 
38  0.755818  0.761868  0.756847  0.603175  0.647973  0.793557  0.762434  0.674688  0.616868  0.569697  0.778428  0.698977  0.714326  0.499423  0.664599  0.681355  0.518422  0.698347  0.650396  0.621695  0.643683  0.732662  0.572269  0.680775  0.433902  0.567223  0.590535  0.726069  0.583199  0.557487  0.788502  0.700286  0.616569  0.662223  0.483711  0.677296  0.549895  0.856277 0.0  0.664559  0.670367  0.575558  0.327397  0.663159  0.778863  0.645297  0.641424  0.686148  0.603252  0.549564  0.571413  0.520214  0.485082  0.520016  0.733248  0.653637  0.724650  0.679548  0.661660  0.729143 
39  0.827513  0.758473  0.907396  0.685689  0.573307  0.956546  0.722848  0.689697  0.725566  0.561082  0.719074  0.658390  0.676080  0.675447  0.784687  0.496055  0.905348  0.889105  0.662365  0.427487  0.318218  0.717289  0.736447  0.809137  0.838537  0.664155  0.785928  0.786381  0.528512  0.675295  0.722445  0.686962  0.471670  0.875363  0.831097  0.290563  0.757423  0.642509  0.664559 0.0  0.720909  0.431657  0.799186  0.630941  0.800952  0.538127  0.555447  0.827334  0.719531  0.638953  0.795966  0.560033  0.806560  0.828532  0.395494  0.759359  0.810550  0.687545  0.831733  0.517267 
40  0.529037  0.597969  0.322955  0.515508  0.541555  0.616968  0.385124  0.350128  0.428809  0.727990  0.572214  0.405456  0.310680  0.555551  0.542363  0.597092  0.656950  0.199698  0.604690  0.722618  0.734385  0.702782  0.635288  0.561988  0.593641  0.640357  0.598167  0.557781  0.779527  0.527934  0.708283  0.281328  0.520179  0.718282  0.536052  0.527981  0.478262  0.567941  0.670367  0.720909 0.0  0.689879  0.639071  0.505246  0.603601  0.818221  0.531499  0.583458  0.351484  0.684171  0.527778  0.538159  0.627657  0.642185  0.687344  0.625960  0.454733  0.608213  0.408181  0.727407 
41  0.574804  0.745725  0.658732  0.574285  0.576650  0.800562  0.585505  0.885809  0.746750  0.552361  0.754391  0.553185  0.786318  0.727825  0.727804  0.677756  0.677768  0.742847  0.712694  0.296722  0.497239  0.633268  0.729055  0.789309  0.709926  0.633131  0.677045  0.619753  0.746031  0.789069  0.819826  0.670330  0.572779  0.776952  0.696879  0.447326  0.682620  0.506651  0.575558  0.431657  0.689879 0.0  0.700155  0.691172  0.707596  0.650528  0.671567  0.822935  0.728627  0.678485  0.661005  0.439442  0.786429  0.738094  0.643382  0.621067  0.638395  0.627582  0.611297  0.520249 
42  0.756352  0.771896  0.789359  0.688398  0.643787  0.833850  0.722403  0.775949  0.596324  0.708527  0.710606  0.746904  0.734804  0.629430  0.741303  0.650219  0.548742  0.712530  0.632174  0.705870  0.737832  0.712375  0.607167  0.719760  0.596384  0.603215  0.650714  0.747483  0.732848  0.621947  0.614121  0.687966  0.653398  0.710741  0.590782  0.773604  0.562207  0.697658  0.327397  0.799186  0.639071  0.700155 0.0  0.563165  0.745518  0.721380  0.711277  0.616764  0.770172  0.513988  0.515342  0.663086  0.553858  0.574218  0.658164  0.623644  0.841892  0.740808  0.789463  0.776225 
43  0.397344  0.697953  0.532156  0.450988  0.662542  0.667546  0.579982  0.679279  0.486571  0.598495  0.627688  0.694617  0.535371  0.509096  0.624393  0.658983  0.548958  0.607795  0.675860  0.853349  0.803520  0.657100  0.656941  0.647696  0.715366  0.350086  0.370538  0.744427  0.696399  0.575946  0.554664  0.560273  0.663956  0.700846  0.395809  0.580311  0.481489  0.614612  0.663159  0.630941  0.505246  0.691172  0.563165 0.0  0.555795  0.835931  0.586235  0.317928  0.542760  0.536952  0.305155  0.792811  0.362191  0.490376  0.754237  0.588969  0.597073  0.700344  0.559709  0.764124 
44  0.527598  0.716796  0.547015  0.664255  0.465326  0.727626  0.612331  0.821864  0.536804  0.739823  0.625890  0.699327  0.571850  0.647456  0.636680  0.545962  0.891233  0.623411  0.657933  0.645072  0.660451  0.518396  0.657903  0.623523  0.883279  0.612468  0.621521  0.585257  0.659398  0.593803  0.654459  0.590112  0.549636  0.818568  0.556737  0.576916  0.516945  0.550794  0.778863  0.800952  0.603601  0.707596  0.745518  0.555795 0.0  0.742184  0.563247  0.676361  0.615437  0.736913  0.554456  0.660688  0.619384  0.574375  0.665241  0.414239  0.600964  0.591875  0.556918  0.607794 
45  0.625326  0.778849  0.867752  0.759528  0.740967  0.735227  0.787413  0.796313  0.757980  0.610495  0.653999  0.704688  0.780959  0.674403  0.692377  0.648123  0.686192  0.875888  0.795573  0.572305  0.312487  0.546690  0.693844  0.618917  0.680341  0.671765  0.603116  0.870908  0.411966  0.838226  0.730439  0.789779  0.694477  0.742920  0.697355  0.692150  0.784574  0.849579  0.645297  0.538127  0.818221  0.650528  0.721380  0.835931  0.742184 0.0  0.767646  0.869976  0.674073  0.691236  0.686870  0.561260  0.675200  0.769396  0.689668  0.558996  0.745660  0.720944  0.889879  0.548530 
46  0.500854  0.709580  0.453584  0.559357  0.599788  0.677461  0.608453  0.661361  0.540144  0.694228  0.613034  0.643002  0.560239  0.538582  0.611129  0.627495  0.831465  0.769665  0.640397  0.702894  0.686031  0.439990  0.612267  0.668236  0.619234  0.496328  0.583942  0.643129  0.632272  0.675645  0.509327  0.592758  0.564529  0.647458  0.653500  0.447879  0.547228  0.444458  0.641424  0.555447  0.531499  0.671567  0.711277  0.586235  0.563247  0.767646 0.0  0.562216  0.653313  0.629033  0.598448  0.570046  0.650673  0.688593  0.695802  0.695386  0.646783  0.652193  0.546468  0.749647 
47  0.450613  0.671629  0.623409  0.344996  0.641209  0.682935  0.583322  0.702491  0.419475  0.841077  0.683267  0.743524  0.645826  0.541055  0.742162  0.634943  0.511626  0.703939  0.675446  0.830865  0.759761  0.677752  0.560697  0.675904  0.742266  0.287255  0.307891  0.439406  0.714198  0.613433  0.656016  0.708543  0.650655  0.775800  0.420987  0.661683  0.437369  0.484921  0.686148  0.827334  0.583458  0.822935  0.616764  0.317928  0.676361  0.869976  0.562216 0.0  0.681545  0.562749  0.494858  0.745542  0.268297  0.524788  0.793039  0.568696  0.520172  0.749671  0.648807  0.751946 
48  0.546883  0.652521  0.275945  0.613885  0.615847  0.435423  0.461975  0.461341  0.541846  0.817508  0.459208  0.281228  0.497444  0.686919  0.451918  0.622451  0.797125  0.297903  0.640003  0.558970  0.600235  0.719474  0.590402  0.558566  0.532114  0.476071  0.506721  0.621881  0.556592  0.525390  0.638124  0.421627  0.585744  0.805504  0.561260  0.508083  0.480614  0.507008  0.603252  0.719531  0.351484  0.728627  0.770172  0.542760  0.615437  0.674073  0.653313  0.681545 0.0  0.600118  0.524098  0.504033  0.579254  0.600828  0.707469  0.646972  0.680535  0.646040  0.323582  0.611944 
49  0.644552  0.666518  0.582177  0.475278  0.765289  0.686695  0.589264  0.741186  0.377785  0.708997  0.768572  0.573978  0.593705  0.607391  0.596250  0.638961  0.599941  0.754918  0.589941  0.783399  0.820586  0.667693  0.529758  0.634961  0.604653  0.537124  0.481163  0.614036  0.768631  0.621603  0.635380  0.711588  0.636530  0.751284  0.523800  0.565976  0.533612  0.587227  0.549564  0.638953  0.684171  0.678485  0.513988  0.536952  0.736913  0.691236  0.629033  0.562749  0.600118 0.0  0.489039  0.638371  0.470372  0.523122  0.681294  0.745329  0.631496  0.732378  0.594532  0.739452 
50  0.531441  0.611468  0.542272  0.431743  0.562446  0.595837  0.672863  0.530932  0.348695  0.801894  0.582589  0.500845  0.517048  0.236186  0.665671  0.647881  0.678515  0.574291  0.502133  0.633540  0.724286  0.631746  0.523725  0.600059  0.559681  0.461953  0.301425  0.555800  0.778607  0.369505  0.636127  0.554714  0.509224  0.612580  0.299049  0.631429  0.394485  0.475995  0.571413  0.795966  0.527778  0.661005  0.515342  0.305155  0.554456  0.686870  0.598448  0.494858  0.524098  0.489039 0.0  0.609452  0.381029  0.448905  0.754054  0.526209  0.432581  0.738999  0.576490  0.857625 
51  0.687244  0.694884  0.427560  0.662624  0.499771  0.855695  0.643171  0.721537  0.641761  0.652481  0.577145  0.509491  0.615871  0.596165  0.599516  0.586277  0.691433  0.485208  0.584017  0.317207  0.278433  0.636790  0.636552  0.704891  0.749083  0.597067  0.639411  0.714516  0.562732  0.493884  0.691908  0.549414  0.418194  0.545065  0.754948  0.455207  0.563012  0.655801  0.520214  0.560033  0.538159  0.439442  0.663086  0.792811  0.660688  0.561260  0.570046  0.745542  0.504033  0.638371  0.609452 0.0  0.781975  0.778123  0.456168  0.678811  0.638981  0.595607  0.386717  0.487372 
52  0.656343  0.756790  0.576001  0.336224  0.739167  0.772854  0.526068  0.582533  0.431622  0.621296  0.722041  0.572900  0.563320  0.518710  0.515007  0.650630  0.491762  0.650749  0.638840  0.778256  0.718010  0.673458  0.610967  0.723595  0.548590  0.277161  0.302472  0.524255  0.626577  0.499570  0.580453  0.488214  0.672855  0.678859  0.318331  0.665844  0.474971  0.657547  0.485082  0.806560  0.627657  0.786429  0.553858  0.362191  0.619384  0.675200  0.650673  0.268297  0.579254  0.470372  0.381029  0.781975 0.0  0.512311  0.672713  0.445679  0.621646  0.842681  0.649090  0.764684 
53  0.614823  0.653342  0.542928  0.336963  0.737870  0.786744  0.644010  0.632062  0.477100  0.777816  0.752638  0.638599  0.799668  0.575184  0.593287  0.711449  0.543165  0.673314  0.658904  0.724474  0.795675  0.608659  0.546523  0.684705  0.608154  0.417826  0.460964  0.518311  0.698346  0.471963  0.617603  0.557020  0.712542  0.603413  0.444175  0.771014  0.611305  0.575728  0.520016  0.828532  0.642185  0.738094  0.574218  0.490376  0.574375  0.769396  0.688593  0.524788  0.600828  0.523122  0.448905  0.778123  0.512311 0.0  0.885652  0.675914  0.543139  0.806637  0.670088  0.830938 
54  0.722274  0.799325  0.765695  0.697866  0.697567  0.924991  0.808578  0.810358  0.662065  0.609241  0.761740  0.743377  0.637333  0.609070  0.744051  0.577270  0.719562  0.706652  0.872641  0.497492  0.548003  0.576558  0.751261  0.830722  0.873602  0.765792  0.880440  0.751084  0.591708  0.777535  0.880578  0.658710  0.409185  0.744511  0.698156  0.429695  0.666226  0.583877  0.733248  0.395494  0.687344  0.643382  0.658164  0.754237  0.665241  0.689668  0.695802  0.793039  0.707469  0.681294  0.754054  0.456168  0.672713  0.885652 0.0  0.580976  0.696051  0.557843  0.852149  0.662546 
55  0.480108  0.646701  0.658822  0.621521  0.683167  0.484332  0.586658  0.767571  0.588019  0.756114  0.750308  0.640115  0.740991  0.650221  0.673829  0.615716  0.656349  0.622721  0.684174  0.760750  0.627963  0.551527  0.702519  0.667296  0.678396  0.703482  0.718216  0.598602  0.617091  0.635884  0.638651  0.599826  0.671187  0.715179  0.617144  0.634440  0.628726  0.642036  0.653637  0.759359  0.625960  0.621067  0.623644  0.588969  0.414239  0.558996  0.695386  0.568696  0.646972  0.745329  0.526209  0.678811  0.445679  0.675914  0.580976 0.0  0.643608  0.803594  0.655337  0.693069 
56  0.487164  0.645909  0.672231  0.507230  0.411756  0.621662  0.636856  0.582037  0.467357  0.592370  0.643406  0.671477  0.821270  0.641944  0.651439  0.587335  0.778118  0.702366  0.354316  0.723754  0.634510  0.597645  0.633030  0.633949  0.751463  0.691221  0.638768  0.484586  0.653957  0.594524  0.828948  0.454333  0.385684  0.398889  0.702236  0.646387  0.743011  0.270445  0.724650  0.810550  0.454733  0.638395  0.841892  0.597073  0.600964  0.745660  0.646783  0.520172  0.680535  0.631496  0.432581  0.638981  0.621646  0.543139  0.696051  0.643608 0.0  0.845100  0.557389  0.675993 
57  0.712168  0.730071  0.671206  0.807010  0.673606  0.801981  0.693918  0.741906  0.642565  0.505115  0.745255  0.750063  0.639473  0.753782  0.764095  0.443878  0.694002  0.683338  0.773825  0.679894  0.560583  0.880049  0.864889  0.575890  0.743556  0.800401  0.701306  0.689852  0.706590  0.614258  0.837666  0.674006  0.562128  0.895490  0.636405  0.527559  0.650648  0.819872  0.679548  0.687545  0.608213  0.627582  0.740808  0.700344  0.591875  0.720944  0.652193  0.749671  0.646040  0.732378  0.738999  0.595607  0.842681  0.806637  0.557843  0.803594  0.845100 0.0  0.741757  0.578920 
58  0.570972  0.515987  0.271435  0.633605  0.534615  0.635677  0.591072  0.398539  0.469518  0.741546  0.458372  0.462842  0.485499  0.719215  0.491723  0.636697  0.696160  0.480576  0.491419  0.645476  0.636052  0.606950  0.662089  0.401584  0.507589  0.639584  0.538704  0.488555  0.701805  0.577296  0.527816  0.291506  0.529302  0.642532  0.604924  0.551638  0.570974  0.508538  0.661660  0.831733  0.408181  0.611297  0.789463  0.559709  0.556918  0.889879  0.546468  0.648807  0.323582  0.594532  0.576490  0.386717  0.649090  0.670088  0.852149  0.655337  0.557389  0.741757 0.0  0.695272 
59  0.776781  0.844081  0.668861  0.843778  0.538856  0.909161  0.685966  0.825571  0.688719  0.621263  0.618535  0.599655  0.660869  0.785827  0.738055  0.677051  0.676739  0.670176  0.797340  0.347427  0.317726  0.567574  0.733651  0.710211  0.675381  0.750487  0.610264  0.824177  0.647936  0.840525  0.681628  0.738127  0.529369  0.562341  0.574619  0.474614  0.728961  0.729807  0.729143  0.517267  0.727407  0.520249  0.776225  0.764124  0.607794  0.548530  0.749647  0.751946  0.611944  0.739452  0.857625  0.487372  0.764684  0.830938  0.662546  0.693069  0.675993  0.578920  0.695272 0.0 
