60
0 0.0  0.642594  0.465574  0.445910  0.575056  0.584563  0.468738  0.501707  0.521515  0.649994  0.450378  0.566873  0.492740  0.596224  0.525154  0.649271  0.726029  0.658701  0.657784  0.639551  0.663072  0.508276  0.746545  0.471900  0.742363  0.487959  0.490638  0.460130  0.784979  0.564734  0.500821  0.551299  0.504348  0.777136  0.513652  0.582337  0.577480  0.538750  0.761308  0.736863  0.572964  0.573097  0.840015  0.495843  0.485278  0.654408  0.624879  0.457054  0.597107  0.628047  0.544447  0.673563  0.612733  0.637441  0.829592  0.567305  0.506875  0.772328  0.503994  0.693554 
1  0.642594 0.0  0.543543  0.703589  0.830076  0.737928  0.466598  0.531842  0.751867  0.743321  0.610344  0.567032  0.645755  0.662996  0.491474  0.632865  0.780192  0.562750  0.766133  0.689734  0.763018  0.714721  0.807866  0.664567  0.774344  0.701683  0.695686  0.754868  0.720310  0.696771  0.691095  0.537876  0.760304  0.854054  0.767717  0.698679  0.791042  0.745232  0.854741  0.683886  0.537899  0.784667  0.849940  0.702850  0.676779  0.768277  0.590959  0.717770  0.659747  0.745322  0.712309  0.755143  0.790119  0.675311  0.710522  0.703982  0.733579  0.751626  0.583451  0.867897 
2  0.465574  0.543543 0.0  0.525828  0.560353  0.563003  0.441843  0.340429  0.674201  0.790153  0.442159  0.326949  0.426749  0.661720  0.311426  0.611893  0.675126  0.274336  0.607698  0.679487  0.717438  0.589192  0.687626  0.513757  0.574399  0.676310  0.431039  0.663427  0.694085  0.693709  0.597102  0.309142  0.584533  0.788794  0.591134  0.736147  0.606131  0.495600  0.698614  0.816381  0.427838  0.790049  0.641846  0.583696  0.532943  0.836328  0.616980  0.680195  0.306420  0.773574  0.573924  0.606323  0.717872  0.531284  0.808814  0.665356  0.555027  0.781906  0.271298  0.590215 
3  0.445910  0.703589  0.525828 0.0  0.647916  0.591025  0.666862  0.592725  0.294950  0.648316  0.741372  0.665326  0.580863  0.494374  0.532044  0.573858  0.600884  0.715340  0.432539  0.801243  0.808386  0.521568  0.502512  0.529248  0.503697  0.397668  0.434097  0.352791  0.838526  0.511918  0.582006  0.674855  0.576182  0.761699  0.477030  0.681469  0.625640  0.613182  0.654079  0.757800  0.551257  0.653620  0.611428  0.357987  0.715864  0.725711  0.501369  0.406136  0.611919  0.537590  0.466008  0.586068  0.461948  0.422403  0.737435  0.584510  0.568983  0.695747  0.591868  0.837758 
4  0.575056  0.830076  0.560353  0.647916 0.0  0.780172  0.734980  0.743252  0.649068  0.551522  0.756876  0.558651  0.605375  0.535403  0.816059  0.622220  0.723179  0.664716  0.605044  0.609494  0.455184  0.717844  0.648065  0.726186  0.613697  0.728176  0.773766  0.670656  0.581104  0.724715  0.636640  0.593271  0.466880  0.546697  0.631258  0.578784  0.540301  0.401767  0.693278  0.521484  0.553679  0.646412  0.669188  0.637711  0.570794  0.652188  0.643549  0.628714  0.690897  0.529848  0.554027  0.457457  0.643529  0.706338  0.625625  0.754862  0.338332  0.718099  0.644025  0.651605 
5  0.584563  0.737928  0.563003  0.591025  0.780172 0.0  0.625000  0.603365  0.774307  0.907927  0.520419  0.657585  0.701297  0.742199  0.748634  0.672024  1.000000  0.635966  0.770538  0.840996  0.917393  0.775849  0.690012  0.310828  0.666605  0.635749  0.605846  0.670469  0.742445  0.700847  0.689634  0.611040  0.780921  0.936282  0.765988  0.853443  0.714931  0.749235  0.774692  0.895288  0.654844  0.885387  0.759997  0.585544  0.672675  0.788349  0.681152  0.619985  0.694198  0.724089  0.589015  0.736266  0.785281  0.799700  0.896359  0.651555  0.701887  0.858711  0.556963  0.895553 
6  0.468738  0.466598  0.441843  0.666862  0.734980  0.625000 0.0  0.414629  0.642687  0.597001  0.628117  0.346578  0.488351  0.743597  0.375083  0.615783  0.728451  0.348291  0.755937  0.706313  0.531564  0.727989  0.662120  0.470612  0.787766  0.614178  0.488398  0.671486  0.650246  0.592274  0.719296  0.388823  0.517304  0.750613  0.567953  0.568599  0.650666  0.641092  0.712857  0.751286  0.536363  0.746648  0.735773  0.512039  0.739212  0.809123  0.735427  0.751082  0.334452  0.779711  0.643836  0.633674  0.432363  0.751790  0.745256  0.675290  0.599129  0.656669  0.468078  0.651468 
7  0.501707  0.531842  0.340429  0.592725  0.743252  0.603365  0.414629 0.0  0.611311  0.821256  0.405376  0.394007  0.503736  0.536325  0.307924  0.604824  0.663097  0.279448  0.680089  0.595145  0.645568  0.545985  0.705933  0.704960  0.692521  0.654372  0.536938  0.659523  0.763233  0.609062  0.634849  0.352463  0.591952  0.755428  0.690965  0.752557  0.610034  0.699830  0.654296  0.732848  0.313239  0.648746  0.739590  0.621684  0.759761  0.795736  0.603031  0.551140  0.460014  0.774930  0.588796  0.693903  0.594549  0.674483  0.759893  0.672021  0.667239  0.705944  0.449014  0.626696 
8  0.521515  0.751867  0.674201  0.294950  0.649068  0.774307  0.642687  0.611311 0.0  0.722580  0.580863  0.587706  0.623225  0.450653  0.656605  0.505979  0.629623  0.454090  0.594341  0.678568  0.526766  0.507811  0.437083  0.723420  0.563096  0.410482  0.373576  0.566629  0.552499  0.477875  0.759958  0.656641  0.621363  0.674213  0.414575  0.524387  0.459699  0.532254  0.533721  0.836932  0.556518  0.834294  0.540983  0.472298  0.515180  0.850106  0.475152  0.417819  0.666843  0.688949  0.303457  0.655030  0.340794  0.550197  0.778973  0.647316  0.619741  0.638466  0.633985  0.703325 
9  0.649994  0.743321  0.790153  0.648316  0.551522  0.907927  0.597001  0.821256  0.722580 0.0  0.748659  0.746450  0.635624  0.667236  0.734480  0.636429  0.759053  0.780895  0.742861  0.600965  0.611809  0.614360  0.737837  0.801484  0.753984  0.670592  0.662208  0.639710  0.572352  0.671408  0.668626  0.695102  0.623855  0.655081  0.589498  0.484478  0.600662  0.739519  0.526659  0.626930  0.644852  0.528883  0.597243  0.759769  0.542109  0.669066  0.639339  0.758797  0.747003  0.873626  0.743205  0.589301  0.653974  0.704462  0.538862  0.744780  0.545491  0.430651  0.847398  0.755304 
10  0.450378  0.610344  0.442159  0.741372  0.756876  0.520419  0.628117  0.405376  0.580863  0.748659 0.0  0.598699  0.523702  0.850959  0.368519  0.631752  0.767668  0.606569  0.664598  0.488688  0.542028  0.521872  0.629944  0.671112  0.865139  0.563949  0.552984  0.645131  0.605723  0.761890  0.719970  0.638752  0.692029  0.871024  0.528063  0.478568  0.603496  0.589834  0.793981  0.660154  0.713040  0.656711  0.832397  0.548890  0.617492  0.617478  0.572125  0.693163  0.394583  0.703800  0.726434  0.595907  0.704087  0.517864  0.716878  0.687344  0.641644  0.684504  0.461203  0.549378 
11  0.566873  0.567032  0.326949  0.665326  0.558651  0.657585  0.346578  0.394007  0.587706  0.746450  0.598699 0.0  0.595268  0.661900  0.414280  0.727347  0.552945  0.396813  0.519862  0.594532  0.603473  0.578862  0.669980  0.610867  0.669108  0.739353  0.601780  0.753015  0.639810  0.572008  0.618351  0.381947  0.477328  0.677086  0.567427  0.572407  0.675155  0.642428  0.575775  0.785657  0.438068  0.571181  0.664538  0.746510  0.734595  0.714518  0.631801  0.756523  0.354721  0.662758  0.518862  0.368440  0.653424  0.625218  0.673088  0.643752  0.584055  0.749491  0.445473  0.645949 
12  0.492740  0.645755  0.426749  0.580863  0.605375  0.701297  0.488351  0.503736  0.623225  0.635624  0.523702  0.595268 0.0  0.621557  0.458120  0.573918  0.928781  0.536033  0.676653  0.583614  0.587241  0.578583  0.650980  0.557950  0.739963  0.529286  0.553336  0.512520  0.597255  0.720931  0.573391  0.418728  0.441365  0.863278  0.479497  0.341764  0.523979  0.524270  0.656895  0.695000  0.331070  0.692213  0.734899  0.597449  0.587013  0.727521  0.511525  0.551932  0.403619  0.605856  0.594058  0.671243  0.597433  0.720028  0.579064  0.774322  0.704483  0.608817  0.440086  0.707396 
13  0.596224  0.662996  0.661720  0.494374  0.535403  0.742199  0.743597  0.536325  0.450653  0.667236  0.850959  0.661900  0.621557 0.0  0.775947  0.588368  0.648096  0.615923  0.652980  0.801231  0.633208  0.740148  0.667467  0.668231  0.567014  0.586880  0.518000  0.633452  0.603256  0.536093  0.433587  0.672669  0.427877  0.683732  0.494479  0.603527  0.375824  0.572738  0.440459  0.816653  0.645708  0.736718  0.550589  0.461886  0.635238  0.676765  0.600973  0.464920  0.581970  0.417645  0.318168  0.558364  0.640165  0.430741  0.771284  0.698423  0.711115  0.727038  0.656242  0.722877 
14  0.525154  0.491474  0.311426  0.532044  0.816059  0.748634  0.375083  0.307924  0.656605  0.734480  0.368519  0.414280  0.458120  0.775947 0.0  0.701469  0.577895  0.479559  0.547978  0.713122  0.642905  0.470082  0.690443  0.526677  0.647559  0.592032  0.494242  0.722738  0.641826  0.726568  0.559228  0.408419  0.607892  0.793107  0.600112  0.654355  0.714827  0.732997  0.763278  0.718513  0.528732  0.715265  0.657087  0.597264  0.647665  0.719204  0.644427  0.659206  0.420977  0.636336  0.677200  0.656874  0.586205  0.667208  0.718661  0.648913  0.624550  0.796108  0.514907  0.597703 
15  0.649271  0.632865  0.611893  0.573858  0.622220  0.672024  0.615783  0.604824  0.505979  0.636429  0.631752  0.727347  0.573918  0.588368  0.701469 0.0  0.748971  0.561629  0.747896  0.690166  0.602895  0.691866  0.617433  0.597558  0.746606  0.593547  0.659970  0.595546  0.631882  0.477906  0.638021  0.584289  0.446199  0.669041  0.525901  0.472276  0.497454  0.663170  0.651845  0.738768  0.603072  0.733622  0.639607  0.728439  0.608633  0.693679  0.589674  0.629199  0.614670  0.478312  0.563126  0.633452  0.605981  0.653268  0.666064  0.597754  0.783958  0.433266  0.609715  0.736518 
16  0.726029  0.780192  0.675126  0.600884  0.723179  1.000000  0.728451  0.663097  0.629623  0.759053  0.767668  0.552945  0.928781  0.648096  0.577895  0.748971 0.0  0.821512  0.687226  0.644253  0.777460  0.588737  0.520806  0.836875  0.315607  0.584830  0.534820  0.685630  0.630141  0.689676  0.776611  0.840439  0.900594  0.731293  0.532095  0.763930  0.691198  0.952263  0.576222  0.856656  0.844241  0.588443  0.509026  0.690121  0.760334  0.635955  0.756303  0.567358  0.705006  0.623877  0.667090  0.699841  0.622457  0.659986  0.753378  0.767220  0.799234  0.825634  0.784950  0.713639 
17  0.658701  0.562750  0.274336  0.715340  0.664716  0.635966  0.348291  0.279448  0.454090  0.780895  0.606569  0.396813  0.536033  0.615923  0.479559  0.561629  0.821512 0.0  0.742259  0.785544  0.585037  0.757774  0.688016  0.633435  0.630636  0.714579  0.640361  0.781244  0.703588  0.583541  0.707659  0.292876  0.556491  0.735176  0.626813  0.576818  0.617052  0.649310  0.686961  0.897315  0.421103  0.762499  0.668952  0.591953  0.742389  0.921044  0.771256  0.795165  0.524829  0.730359  0.621454  0.578027  0.656079  0.733268  0.746331  0.603034  0.708796  0.624242  0.450871  0.700305 
18  0.657784  0.766133  0.607698  0.432539  0.605044  0.770538  0.755937  0.680089  0.594341  0.742861  0.664598  0.519862  0.676653  0.652980  0.547978  0.747896  0.687226  0.742259 0.0  0.718062  0.756194  0.563853  0.566317  0.658681  0.579215  0.468690  0.545567  0.335562  0.819260  0.684619  0.469226  0.692150  0.620202  0.650022  0.680533  0.818617  0.662734  0.632011  0.531748  0.765412  0.486960  0.688188  0.776619  0.695311  0.579773  0.721367  0.663865  0.778365  0.732154  0.581291  0.544322  0.581721  0.647494  0.672300  0.789290  0.670858  0.371190  0.816080  0.452660  0.818573 
19  0.639551  0.689734  0.679487  0.801243  0.609494  0.840996  0.706313  0.595145  0.678568  0.600965  0.488688  0.594532  0.583614  0.801231  0.713122  0.690166  0.644253  0.785544  0.718062 0.0  0.261175  0.608354  0.747724  0.984140  0.753801  0.728846  0.746319  0.775256  0.523049  0.776735  0.761153  0.594546  0.353850  0.631217  0.670933  0.344595  0.784113  0.632615  0.578013  0.288357  0.641899  0.395881  0.573081  0.699294  0.641963  0.520532  0.663353  0.797853  0.625688  0.718256  0.630794  0.364932  0.765076  0.792392  0.470829  0.683136  0.755414  0.569241  0.596689  0.364566 
20  0.663072  0.763018  0.717438  0.808386  0.455184  0.917393  0.531564  0.645568  0.526766  0.611809  0.542028  0.603473  0.587241  0.633208  0.642905  0.602895  0.777460  0.585037  0.756194  0.261175 0.0  0.658306  0.568550  0.948743  0.739366  0.646685  0.778792  0.793118  0.371850  0.749709  0.730004  0.531165  0.377297  0.692632  0.674728  0.382743  0.743403  0.693823  0.620229  0.407644  0.638413  0.410428  0.576015  0.757533  0.729879  0.482001  0.646461  0.804568  0.470818  0.729351  0.626100  0.403694  0.800777  0.807462  0.587205  0.662791  0.616755  0.644025  0.549187  0.340577 
21  0.508276  0.714721  0.589192  0.521568  0.717844  0.775849  0.727989  0.545985  0.507811  0.614360  0.521872  0.578862  0.578583  0.740148  0.470082  0.691866  0.588737  0.757774  0.563853  0.608354  0.658306 0.0  0.594031  0.628541  0.613114  0.566089  0.492004  0.562983  0.662887  0.662864  0.626427  0.666241  0.690629  0.741451  0.658898  0.565782  0.675944  0.726746  0.585767  0.548692  0.645270  0.634211  0.647571  0.569399  0.567249  0.523353  0.566914  0.748839  0.631479  0.579720  0.654677  0.658487  0.617567  0.587051  0.740501  0.638592  0.577780  0.696733  0.566492  0.622087 
22  0.746545  0.807866  0.687626  0.502512  0.648065  0.690012  0.662120  0.705933  0.437083  0.737837  0.629944  0.669980  0.650980  0.667467  0.690443  0.617433  0.520806  0.688016  0.566317  0.747724  0.568550  0.594031 0.0  0.703786  0.459078  0.401903  0.577805  0.649494  0.847961  0.526195  0.640672  0.745652  0.810454  0.703211  0.584644  0.789363  0.655438  0.642566  0.579180  0.803224  0.727674  0.836240  0.612045  0.690223  0.610572  0.693632  0.597758  0.605372  0.591992  0.572064  0.515496  0.744352  0.511615  0.626819  0.741007  0.681848  0.657947  0.803584  0.604414  0.691824 
23  0.471900  0.664567  0.513757  0.529248  0.726186  0.310828  0.470612  0.704960  0.723420  0.801484  0.671112  0.610867  0.557950  0.668231  0.526677  0.597558  0.836875  0.633435  0.658681  0.984140  0.948743  0.628541  0.703786 0.0  0.825318  0.575954  0.454091  0.602128  0.843009  0.625981  0.687242  0.559974  0.613407  0.940034  0.604892  0.700154  0.652206  0.596494  0.783891  0.915843  0.511619  0.772897  0.713131  0.599636  0.613532  0.734589  0.729657  0.697617  0.587815  0.549712  0.724444  0.614642  0.782699  0.714991  0.900323  0.578266  0.688587  0.720856  0.605180  0.710711 
24  0.742363  0.774344  0.574399  0.503697  0.613697  0.666605  0.787766  0.692521  0.563096  0.753984  0.865139  0.669108  0.739963  0.567014  0.647559  0.746606  0.315607  0.630636  0.579215  0.753801  0.739366  0.613114  0.459078  0.825318 0.0  0.606134  0.643752  0.789414  0.738821  0.677622  0.652827  0.674547  0.747295  0.649198  0.541283  0.933108  0.586629  0.770103  0.453791  0.808559  0.758442  0.658443  0.501381  0.694023  0.828070  0.663304  0.818166  0.689648  0.667274  0.589958  0.586338  0.613504  0.582486  0.661471  0.815961  0.685622  0.683082  0.855723  0.619011  0.790766 
25  0.487959  0.701683  0.676310  0.397668  0.728176  0.635749  0.614178  0.654372  0.410482  0.670592  0.563949  0.739353  0.529286  0.586880  0.592032  0.593547  0.584830  0.714579  0.468690  0.728846  0.646685  0.566089  0.401903  0.575954  0.606134 0.0  0.204069  0.531395  0.630986  0.534133  0.636735  0.717248  0.589262  0.754182  0.362028  0.569234  0.497488  0.545108  0.473575  0.688179  0.606242  0.615786  0.657778  0.390449  0.630736  0.578281  0.657709  0.397937  0.564889  0.557204  0.603366  0.732834  0.352924  0.454987  0.758773  0.591458  0.493000  0.747463  0.565274  0.795013 
26  0.490638  0.695686  0.431039  0.434097  0.773766  0.605846  0.488398  0.536938  0.373576  0.662208  0.552984  0.601780  0.553336  0.518000  0.494242  0.659970  0.534820  0.640361  0.545567  0.746319  0.778792  0.492004  0.577805  0.454091  0.643752  0.204069 0.0  0.422445  0.601224  0.471177  0.490387  0.583713  0.637568  0.731109  0.313883  0.483461  0.553919  0.608087  0.498794  0.849451  0.506446  0.700071  0.695416  0.452150  0.610019  0.560103  0.572332  0.414387  0.414489  0.528977  0.447064  0.641572  0.402617  0.469579  0.727499  0.633004  0.576100  0.708927  0.599406  0.705504 
27  0.460130  0.754868  0.663427  0.352791  0.670656  0.670469  0.671486  0.659523  0.566629  0.639710  0.645131  0.753015  0.512520  0.633452  0.722738  0.595546  0.685630  0.781244  0.335562  0.775256  0.793118  0.562983  0.649494  0.602128  0.789414  0.531395  0.422445 0.0  0.710152  0.631164  0.651841  0.531915  0.627394  0.642818  0.472984  0.845541  0.555950  0.495230  0.631406  0.746800  0.451812  0.726237  0.652557  0.462767  0.534920  0.773061  0.592434  0.375518  0.597170  0.647417  0.525576  0.833858  0.568400  0.526399  0.744112  0.762820  0.529133  0.699169  0.643546  0.798457 
28  0.784979  0.720310  0.694085  0.838526  0.581104  0.742445  0.650246  0.763233  0.552499  0.572352  0.605723  0.639810  0.597255  0.603256  0.641826  0.631882  0.630141  0.703588  0.819260  0.523049  0.371850  0.662887  0.847961  0.843009  0.738821  0.630986  0.601224  0.710152 0.0  0.590795  0.735575  0.617863  0.527102  0.623712  0.677465  0.490236  0.804399  0.696487  0.640580  0.487819  0.618815  0.600295  0.709772  0.763501  0.666301  0.412618  0.748065  0.725629  0.608597  0.838999  0.945044  0.455082  0.706737  0.896898  0.615995  0.607105  0.756011  0.659521  0.585826  0.545412 
29  0.564734  0.696771  0.693709  0.511918  0.724715  0.700847  0.592274  0.609062  0.477875  0.671408  0.761890  0.572008  0.720931  0.536093  0.726568  0.477906  0.689676  0.583541  0.684619  0.776735  0.749709  0.662864  0.526195  0.625981  0.677622  0.534133  0.471177  0.631164  0.590795 0.0  0.727350  0.569760  0.626107  0.674950  0.452662  0.683748  0.433971  0.540044  0.591813  0.618361  0.555149  0.706547  0.630103  0.707073  0.690132  0.649002  0.620165  0.498898  0.621528  0.573113  0.398803  0.621133  0.504862  0.695009  0.768242  0.759142  0.653212  0.559278  0.603282  0.735584 
30  0.500821  0.691095  0.597102  0.582006  0.636640  0.689634  0.719296  0.634849  0.759958  0.668626  0.719970  0.618351  0.573391  0.433587  0.559228  0.638021  0.776611  0.707659  0.469226  0.761153  0.730004  0.626427  0.640672  0.687242  0.652827  0.636735  0.490387  0.651841  0.735575  0.727350 0.0  0.633823  0.601633  0.783189  0.661178  0.712174  0.670816  0.795802  0.707279  0.690101  0.618192  0.745284  0.663398  0.573431  0.587629  0.775966  0.652337  0.620969  0.765515  0.649329  0.621784  0.704260  0.753886  0.685491  0.782894  0.683423  0.711983  0.801147  0.607092  0.817403 
31  0.551299  0.537876  0.309142  0.674855  0.593271  0.611040  0.388823  0.352463  0.656641  0.695102  0.638752  0.381947  0.418728  0.672669  0.408419  0.584289  0.840439  0.292876  0.692150  0.594546  0.531165  0.666241  0.745652  0.559974  0.674547  0.717248  0.583713  0.531915  0.617863  0.569760  0.633823 0.0  0.408372  0.723883  0.447630  0.590651  0.505570  0.507471  0.625880  0.610930  0.280724  0.781782  0.678891  0.570121  0.573463  0.713458  0.692245  0.726358  0.401814  0.786281  0.531035  0.552523  0.583985  0.702277  0.680371  0.577454  0.676290  0.652660  0.383489  0.656914 
32  0.504348  0.760304  0.584533  0.576182  0.466880  0.780921  0.517304  0.591952  0.621363  0.623855  0.692029  0.477328  0.441365  0.427877  0.607892  0.446199  0.900594  0.556491  0.620202  0.353850  0.377297  0.690629  0.810454  0.613407  0.747295  0.589262  0.637568  0.627394  0.527102  0.626107  0.601633  0.408372 0.0  0.550128  0.590129  0.322515  0.602705  0.374598  0.668125  0.474767  0.345080  0.409717  0.657772  0.552840  0.481523  0.663293  0.548533  0.730886  0.595876  0.587548  0.565982  0.370514  0.582268  0.538045  0.529670  0.753440  0.428437  0.507684  0.572347  0.651083 
33  0.777136  0.854054  0.788794  0.761699  0.546697  0.936282  0.750613  0.755428  0.674213  0.655081  0.871024  0.677086  0.863278  0.683732  0.793107  0.669041  0.731293  0.735176  0.650022  0.631217  0.692632  0.741451  0.703211  0.940034  0.649198  0.754182  0.731109  0.642818  0.623712  0.674950  0.783189  0.723883  0.550128 0.0  0.765078  0.639797  0.791636  0.531784  0.690365  0.737335  0.701715  0.668656  0.692035  0.666365  0.714345  0.755596  0.678219  0.689275  0.727021  0.747469  0.729107  0.661453  0.692520  0.728522  0.784075  0.507167  0.417827  0.711479  0.642589  0.732168 
34  0.513652  0.767717  0.591134  0.477030  0.631258  0.765988  0.567953  0.690965  0.414575  0.589498  0.528063  0.567427  0.479497  0.494479  0.600112  0.525901  0.532095  0.626813  0.680533  0.670933  0.674728  0.658898  0.584644  0.604892  0.541283  0.362028  0.313883  0.472984  0.677465  0.452662  0.661178  0.447630  0.590129  0.765078 0.0  0.469123  0.335450  0.521582  0.608323  0.701677  0.507177  0.636561  0.599526  0.322323  0.543033  0.707408  0.589712  0.374564  0.626411  0.561350  0.401547  0.652286  0.209253  0.514837  0.743987  0.619561  0.732354  0.516350  0.630244  0.719940 
35  0.582337  0.698679  0.736147  0.681469  0.578784  0.853443  0.568599  0.752557  0.524387  0.484478  0.478568  0.572407  0.341764  0.603527  0.654355  0.472276  0.763930  0.576818  0.818617  0.344595  0.382743  0.565782  0.789363  0.700154  0.933108  0.569234  0.483461  0.845541  0.490236  0.683748  0.712174  0.590651  0.322515  0.639797  0.469123 0.0  0.599526  0.597477  0.684591  0.224242  0.446826  0.367682  0.705702  0.626827  0.552058  0.587133  0.524512  0.679087  0.482842  0.699237  0.618779  0.362879  0.762755  0.667199  0.389700  0.656330  0.719859  0.574327  0.704631  0.448482 
36  0.577480  0.791042  0.606131  0.625640  0.540301  0.714931  0.650666  0.610034  0.459699  0.600662  0.603496  0.675155  0.523979  0.375824  0.714827  0.497454  0.691198  0.617052  0.662734  0.784113  0.743403  0.675944  0.655438  0.652206  0.586629  0.497488  0.553919  0.555950  0.804399  0.433971  0.670816  0.505570  0.602705  0.791636  0.335450  0.599526 0.0  0.553459  0.498969  0.648401  0.640924  0.678908  0.538342  0.453318  0.485561  0.744289  0.510099  0.469589  0.569948  0.497644  0.348749  0.656289  0.426174  0.561605  0.654736  0.642757  0.719481  0.583475  0.549401  0.648375 
37  0.538750  0.745232  0.495600  0.613182  0.401767  0.749235  0.641092  0.699830  0.532254  0.739519  0.589834  0.642428  0.524270  0.572738  0.732997  0.663170  0.952263  0.649310  0.632011  0.632615  0.693823  0.726746  0.642566  0.596494  0.770103  0.545108  0.608087  0.495230  0.696487  0.540044  0.795802  0.507471  0.374598  0.531784  0.521582  0.597477  0.553459 0.0  0.775944  0.765408  0.565099  0.639579  0.820337  0.660317  0.561581  0.721825  0.408838  0.537779  0.597342  0.648239  0.468447  0.605314  0.602916  0.718083  0.621655  0.595214  0.372210  0.735413  0.576419  0.578441 
38  0.761308  0.854741  0.698614  0.654079  0.693278  0.774692  0.712857  0.654296  0.533721  0.526659  0.793981  0.575775  0.656895  0.440459  0.763278  0.651845  0.576222  0.686961  0.531748  0.578013  0.620229  0.585767  0.579180  0.783891  0.453791  0.473575  0.498794  0.631406  0.640580  0.591813  0.707279  0.625880  0.668125  0.690365  0.608323  0.684591  0.498969  0.775944 0.0  0.547856  0.666013  0.754050  0.438285  0.642234  0.866986  0.509748  0.648230  0.622855  0.618443  0.496472  0.469163  0.600693  0.648063  0.613469  0.617687  0.571025  0.848460  0.686961  0.708767  0.644531 
39  0.736863  0.683886  0.816381  0.757800  0.521484  0.895288  0.751286  0.732848  0.836932  0.626930  0.660154  0.785657  0.695000  0.816653  0.718513  0.738768  0.856656  0.897315  0.765412  0.288357  0.407644  0.548692  0.803224  0.915843  0.808559  0.688179  0.849451  0.746800  0.487819  0.618361  0.690101  0.610930  0.474767  0.737335  0.701677  0.224242  0.648401  0.765408  0.547856 0.0  0.805193  0.288154  0.707770  0.807877  0.793195  0.428560  0.683673  0.776437  0.715165  0.699548  0.727421  0.554546  0.678950  0.848289  0.537081  0.751924  0.737167  0.613337  0.909897  0.491625 
40  0.572964  0.537899  0.427838  0.551257  0.553679  0.654844  0.536363  0.313239  0.556518  0.644852  0.713040  0.438068  0.331070  0.645708  0.528732  0.603072  0.844241  0.421103  0.486960  0.641899  0.638413  0.645270  0.727674  0.511619  0.758442  0.606242  0.506446  0.451812  0.618815  0.555149  0.618192  0.280724  0.345080  0.701715  0.507177  0.446826  0.640924  0.565099  0.666013  0.805193 0.0  0.569468  0.729947  0.480466  0.514508  0.802983  0.511257  0.554502  0.351314  0.639351  0.584547  0.565622  0.428221  0.545339  0.747204  0.525363  0.495778  0.646151  0.286851  0.737192 
41  0.573097  0.784667  0.790049  0.653620  0.646412  0.885387  0.746648  0.648746  0.834294  0.528883  0.656711  0.571181  0.692213  0.736718  0.715265  0.733622  0.588443  0.762499  0.688188  0.395881  0.410428  0.634211  0.836240  0.772897  0.658443  0.615786  0.700071  0.726237  0.600295  0.706547  0.745284  0.781782  0.409717  0.668656  0.636561  0.367682  0.678908  0.639579  0.754050  0.288154  0.569468 0.0  0.822683  0.669839  0.665519  0.563595  0.580022  0.748332  0.704438  0.697257  0.661961  0.491541  0.790811  0.736721  0.470236  0.682647  0.658202  0.685827  0.625304  0.481800 
42  0.840015  0.849940  0.641846  0.611428  0.669188  0.759997  0.735773  0.739590  0.540983  0.597243  0.832397  0.664538  0.734899  0.550589  0.657087  0.639607  0.509026  0.668952  0.776619  0.573081  0.576015  0.647571  0.612045  0.713131  0.501381  0.657778  0.695416  0.652557  0.709772  0.630103  0.663398  0.678891  0.657772  0.692035  0.599526  0.705702  0.538342  0.820337  0.438285  0.707770  0.729947  0.822683 0.0  0.592615  0.688112  0.581705  0.662217  0.611505  0.782261  0.581808  0.478661  0.716858  0.515947  0.715648  0.656027  0.731955  0.670896  0.784574  0.781043  0.704135 
43  0.495843  0.702850  0.583696  0.357987  0.637711  0.585544  0.512039  0.621684  0.472298  0.759769  0.548890  0.746510  0.597449  0.461886  0.597264  0.728439  0.690121  0.591953  0.695311  0.699294  0.757533  0.569399  0.690223  0.599636  0.694023  0.390449  0.452150  0.462767  0.763501  0.707073  0.573431  0.570121  0.552840  0.666365  0.322323  0.626827  0.453318  0.660317  0.642234  0.807877  0.480466  0.669839  0.592615 0.0  0.600988  0.858200  0.610037  0.354891  0.664570  0.658117  0.478197  0.787881  0.418104  0.561064  0.581143  0.445525  0.474460  0.722898  0.621226  0.583042 
44  0.485278  0.676779  0.532943  0.715864  0.570794  0.672675  0.739212  0.759761  0.515180  0.542109  0.617492  0.734595  0.587013  0.635238  0.647665  0.608633  0.760334  0.742389  0.579773  0.641963  0.729879  0.567249  0.610572  0.613532  0.828070  0.630736  0.610019  0.534920  0.666301  0.690132  0.587629  0.573463  0.481523  0.714345  0.543033  0.552058  0.485561  0.561581  0.866986  0.793195  0.514508  0.665519  0.688112  0.600988 0.0  0.779585  0.465535  0.580742  0.566849  0.722190  0.485483  0.784640  0.582962  0.612553  0.832832  0.501259  0.702340  0.615455  0.640801  0.599405 
45  0.654408  0.768277  0.836328  0.725711  0.652188  0.788349  0.809123  0.795736  0.850106  0.669066  0.617478  0.714518  0.727521  0.676765  0.719204  0.693679  0.635955  0.921044  0.721367  0.520532  0.482001  0.523353  0.693632  0.734589  0.663304  0.578281  0.560103  0.773061  0.412618  0.649002  0.775966  0.713458  0.663293  0.755596  0.707408  0.587133  0.744289  0.721825  0.509748  0.428560  0.802983  0.563595  0.581705  0.858200  0.779585 0.0  0.709044  0.833218  0.682390  0.708564  0.748680  0.571966  0.697191  0.860404  0.607006  0.707009  0.707941  0.649814  0.806784  0.599834 
46  0.624879  0.590959  0.616980  0.501369  0.643549  0.681152  0.735427  0.603031  0.475152  0.639339  0.572125  0.631801  0.511525  0.600973  0.644427  0.589674  0.756303  0.771256  0.663865  0.663353  0.646461  0.566914  0.597758  0.729657  0.818166  0.657709  0.572332  0.592434  0.748065  0.620165  0.652337  0.692245  0.548533  0.678219  0.589712  0.524512  0.510099  0.408838  0.648230  0.683673  0.511257  0.580022  0.662217  0.610037  0.465535  0.709044 0.0  0.497280  0.513849  0.598619  0.584927  0.667582  0.610588  0.714341  0.582444  0.550345  0.599864  0.738408  0.589152  0.676559 
47  0.457054  0.717770  0.680195  0.406136  0.628714  0.619985  0.751082  0.551140  0.417819  0.758797  0.693163  0.756523  0.551932  0.464920  0.659206  0.629199  0.567358  0.795165  0.778365  0.797853  0.804568  0.748839  0.605372  0.697617  0.689648  0.397937  0.414387  0.375518  0.725629  0.498898  0.620969  0.726358  0.730886  0.689275  0.374564  0.679087  0.469589  0.537779  0.622855  0.776437  0.554502  0.748332  0.611505  0.354891  0.580742  0.833218  0.497280 0.0  0.522424  0.560318  0.466998  0.852125  0.455432  0.569041  0.861970  0.609860  0.647855  0.721891  0.687425  0.730641 
48  0.597107  0.659747  0.306420  0.611919  0.690897  0.694198  0.334452  0.460014  0.666843  0.747003  0.394583  0.354721  0.403619  0.581970  0.420977  0.614670  0.705006  0.524829  0.732154  0.625688  0.470818  0.631479  0.591992  0.587815  0.667274  0.564889  0.414489  0.597170  0.608597  0.621528  0.765515  0.401814  0.595876  0.727021  0.626411  0.482842  0.569948  0.597342  0.618443  0.715165  0.351314  0.704438  0.782261  0.664570  0.566849  0.682390  0.513849  0.522424 0.0  0.622025  0.580181  0.441550  0.499134  0.573976  0.781000  0.710938  0.642646  0.626726  0.463444  0.602988 
49  0.628047  0.745322  0.773574  0.537590  0.529848  0.724089  0.779711  0.774930  0.688949  0.873626  0.703800  0.662758  0.605856  0.417645  0.636336  0.478312  0.623877  0.730359  0.581291  0.718256  0.729351  0.579720  0.572064  0.549712  0.589958  0.557204  0.528977  0.647417  0.838999  0.573113  0.649329  0.786281  0.587548  0.747469  0.561350  0.699237  0.497644  0.648239  0.496472  0.699548  0.639351  0.697257  0.581808  0.658117  0.722190  0.708564  0.598619  0.560318  0.622025 0.0  0.524270  0.715287  0.539007  0.603451  0.763483  0.599980  0.739280  0.726578  0.771919  0.795403 
50  0.544447  0.712309  0.573924  0.466008  0.554027  0.589015  0.643836  0.588796  0.303457  0.743205  0.726434  0.518862  0.594058  0.318168  0.677200  0.563126  0.667090  0.621454  0.544322  0.630794  0.626100  0.654677  0.515496  0.724444  0.586338  0.603366  0.447064  0.525576  0.945044  0.398803  0.621784  0.531035  0.565982  0.729107  0.401547  0.618779  0.348749  0.468447  0.469163  0.727421  0.584547  0.661961  0.478661  0.478197  0.485483  0.748680  0.584927  0.466998  0.580181  0.524270 0.0  0.554070  0.428924  0.483776  0.704092  0.480786  0.554148  0.680401  0.515763  0.777752 
51  0.673563  0.755143  0.606323  0.586068  0.457457  0.736266  0.633674  0.693903  0.655030  0.589301  0.595907  0.368440  0.671243  0.558364  0.656874  0.633452  0.699841  0.578027  0.581721  0.364932  0.403694  0.658487  0.744352  0.614642  0.613504  0.732834  0.641572  0.833858  0.455082  0.621133  0.704260  0.552523  0.370514  0.661453  0.652286  0.362879  0.656289  0.605314  0.600693  0.554546  0.565622  0.491541  0.716858  0.787881  0.784640  0.571966  0.667582  0.852125  0.441550  0.715287  0.554070 0.0  0.819171  0.794414  0.479657  0.641721  0.644886  0.581442  0.402740  0.371144 
52  0.612733  0.790119  0.717872  0.461948  0.643529  0.785281  0.432363  0.594549  0.340794  0.653974  0.704087  0.653424  0.597433  0.640165  0.586205  0.605981  0.622457  0.656079  0.647494  0.765076  0.800777  0.617567  0.511615  0.782699  0.582486  0.352924  0.402617  0.568400  0.706737  0.504862  0.753886  0.583985  0.582268  0.692520  0.209253  0.762755  0.426174  0.602916  0.648063  0.678950  0.428221  0.790811  0.515947  0.418104  0.582962  0.697191  0.610588  0.455432  0.499134  0.539007  0.428924  0.819171 0.0  0.468046  0.624350  0.587726  0.576673  0.780545  0.741903  0.809163 
53  0.637441  0.675311  0.531284  0.422403  0.706338  0.799700  0.751790  0.674483  0.550197  0.704462  0.517864  0.625218  0.720028  0.430741  0.667208  0.653268  0.659986  0.733268  0.672300  0.792392  0.807462  0.587051  0.626819  0.714991  0.661471  0.454987  0.469579  0.526399  0.896898  0.695009  0.685491  0.702277  0.538045  0.728522  0.514837  0.667199  0.561605  0.718083  0.613469  0.848289  0.545339  0.736721  0.715648  0.561064  0.612553  0.860404  0.714341  0.569041  0.573976  0.603451  0.483776  0.794414  0.468046 0.0  0.819408  0.564534  0.502295  0.890514  0.628013  0.582101 
54  0.829592  0.710522  0.808814  0.737435  0.625625  0.896359  0.745256  0.759893  0.778973  0.538862  0.716878  0.673088  0.579064  0.771284  0.718661  0.666064  0.753378  0.746331  0.789290  0.470829  0.587205  0.740501  0.741007  0.900323  0.815961  0.758773  0.727499  0.744112  0.615995  0.768242  0.782894  0.680371  0.529670  0.784075  0.743987  0.389700  0.654736  0.621655  0.617687  0.537081  0.747204  0.470236  0.656027  0.581143  0.832832  0.607006  0.582444  0.861970  0.781000  0.763483  0.704092  0.479657  0.624350  0.819408 0.0  0.739993  0.684214  0.766127  0.786295  0.698966 
55  0.567305  0.703982  0.665356  0.584510  0.754862  0.651555  0.675290  0.672021  0.647316  0.744780  0.687344  0.643752  0.774322  0.698423  0.648913  0.597754  0.767220  0.603034  0.670858  0.683136  0.662791  0.638592  0.681848  0.578266  0.685622  0.591458  0.633004  0.762820  0.607105  0.759142  0.683423  0.577454  0.753440  0.507167  0.619561  0.656330  0.642757  0.595214  0.571025  0.751924  0.525363  0.682647  0.731955  0.445525  0.501259  0.707009  0.550345  0.609860  0.710938  0.599980  0.480786  0.641721  0.587726  0.564534  0.739993 0.0  0.698836  0.638885  0.605404  0.737331 
56  0.506875  0.733579  0.555027  0.568983  0.338332  0.701887  0.599129  0.667239  0.619741  0.545491  0.641644  0.584055  0.704483  0.711115  0.624550  0.783958  0.799234  0.708796  0.371190  0.755414  0.616755  0.577780  0.657947  0.688587  0.683082  0.493000  0.576100  0.529133  0.756011  0.653212  0.711983  0.676290  0.428437  0.417827  0.732354  0.719859  0.719481  0.372210  0.848460  0.737167  0.495778  0.658202  0.670896  0.474460  0.702340  0.707941  0.599864  0.647855  0.642646  0.739280  0.554148  0.644886  0.576673  0.502295  0.684214  0.698836 0.0  0.743687  0.655985  0.594216 
57  0.772328  0.751626  0.781906  0.695747  0.718099  0.858711  0.656669  0.705944  0.638466  0.430651  0.684504  0.749491  0.608817  0.727038  0.796108  0.433266  0.825634  0.624242  0.816080  0.569241  0.644025  0.696733  0.803584  0.720856  0.855723  0.747463  0.708927  0.699169  0.659521  0.559278  0.801147  0.652660  0.507684  0.711479  0.516350  0.574327  0.583475  0.735413  0.686961  0.613337  0.646151  0.685827  0.784574  0.722898  0.615455  0.649814  0.738408  0.721891  0.626726  0.726578  0.680401  0.581442  0.780545  0.890514  0.766127  0.638885  0.743687 0.0  0.732564  0.646033 
58  0.503994  0.583451  0.271298  0.591868  0.644025  0.556963  0.468078  0.449014  0.633985  0.847398  0.461203  0.445473  0.440086  0.656242  0.514907  0.609715  0.784950  0.450871  0.452660  0.596689  0.549187  0.566492  0.604414  0.605180  0.619011  0.565274  0.599406  0.643546  0.585826  0.603282  0.607092  0.383489  0.572347  0.642589  0.630244  0.704631  0.549401  0.576419  0.708767  0.909897  0.286851  0.625304  0.781043  0.621226  0.640801  0.806784  0.589152  0.687425  0.463444  0.771919  0.515763  0.402740  0.741903  0.628013  0.786295  0.605404  0.655985  0.732564 0.0  0.647635 
59  0.693554  0.867897  0.590215  0.837758  0.651605  0.895553  0.651468  0.626696  0.703325  0.755304  0.549378  0.645949  0.707396  0.722877  0.597703  0.736518  0.713639  0.700305  0.818573  0.364566  0.340577  0.622087  0.691824  0.710711  0.790766  0.795013  0.705504  0.798457  0.545412  0.735584  0.817403  0.656914  0.651083  0.732168  0.719940  0.448482  0.648375  0.578441  0.644531  0.491625  0.737192  0.481800  0.704135  0.583042  0.599405  0.599834  0.676559  0.730641  0.602988  0.795403  0.777752  0.371144  0.809163  0.582101  0.698966  0.737331  0.594216  0.646033  0.647635 0.0 
