60
0 0.0  0.541134  0.434362  0.447423  0.520626  0.453933  0.506666  0.555007  0.393250  0.596571  0.503153  0.532403  0.472101  0.612075  0.488573  0.567531  0.838552  0.635829  0.483550  0.572519  0.571276  0.390797  0.656788  0.525725  0.691551  0.418481  0.359764  0.551471  0.617762  0.609664  0.426517  0.411276  0.557637  0.598035  0.574006  0.594637  0.507420  0.463004  0.643046  0.682786  0.498979  0.594502  0.741180  0.379164  0.402515  0.665850  0.499359  0.468418  0.541447  0.573752  0.465167  0.563620  0.503009  0.539457  0.791650  0.521505  0.401025  0.709707  0.376708  0.634125 
1  0.541134 0.0  0.597022  0.671338  0.701418  0.484093  0.436710  0.440171  0.616016  0.652470  0.507947  0.562705  0.439448  0.735537  0.499410  0.643796  0.819937  0.502742  0.658859  0.711700  0.742914  0.560220  0.697798  0.650481  0.797764  0.654477  0.691527  0.687810  0.660742  0.592007  0.658418  0.572652  0.667389  0.779909  0.675562  0.615584  0.724437  0.628091  0.852433  0.715871  0.492251  0.730038  0.686169  0.621808  0.635510  0.646622  0.632596  0.617017  0.555941  0.591784  0.579631  0.768196  0.728410  0.764140  0.703160  0.765483  0.656602  0.644769  0.600067  0.719619 
2  0.434362  0.597022 0.0  0.495890  0.495938  0.561226  0.361763  0.316870  0.558068  0.695279  0.444500  0.337724  0.376104  0.577148  0.414460  0.659620  0.713915  0.319884  0.472473  0.649808  0.642348  0.534115  0.635444  0.459424  0.550426  0.594572  0.414317  0.550322  0.710869  0.617694  0.590726  0.243126  0.509287  0.682181  0.556529  0.706089  0.591947  0.447210  0.517237  0.698736  0.295177  0.621704  0.593106  0.574279  0.533843  0.780877  0.596025  0.593026  0.318957  0.481630  0.520148  0.499915  0.557152  0.647795  0.665656  0.623886  0.425029  0.602068  0.258066  0.647985 
3  0.447423  0.671338  0.495890 0.0  0.550039  0.534620  0.580683  0.578243  0.393679  0.707594  0.712094  0.591637  0.570342  0.561052  0.577831  0.557150  0.647857  0.631837  0.503478  0.742693  0.725366  0.636574  0.499951  0.487754  0.502900  0.344428  0.370172  0.302775  0.657907  0.561661  0.547077  0.547588  0.614219  0.620093  0.435087  0.623708  0.469166  0.494684  0.508829  0.640552  0.480378  0.703507  0.609106  0.490382  0.595799  0.711862  0.572079  0.341832  0.580386  0.506537  0.379894  0.651391  0.428463  0.426886  0.692580  0.595897  0.396784  0.653124  0.410602  0.696421 
4  0.520626  0.701418  0.495938  0.550039 0.0  0.633548  0.659236  0.682386  0.560249  0.575165  0.690806  0.504021  0.538488  0.453554  0.717893  0.470331  0.649729  0.569475  0.540186  0.527438  0.555999  0.574906  0.610800  0.632139  0.630329  0.610298  0.567971  0.620139  0.623345  0.607315  0.540507  0.593896  0.427952  0.407081  0.587860  0.617532  0.513086  0.357756  0.541396  0.595247  0.603878  0.614060  0.587629  0.605032  0.497034  0.651358  0.494284  0.686200  0.529325  0.578162  0.460937  0.410103  0.647565  0.572583  0.543979  0.646621  0.368691  0.718203  0.476046  0.526801 
5  0.453933  0.484093  0.561226  0.534620  0.633548 0.0  0.555378  0.611516  0.732190  0.739472  0.603428  0.627176  0.629770  0.718460  0.733276  0.592104  0.968508  0.600077  0.766801  0.848973  0.886879  0.747802  0.583449  0.353322  0.812839  0.659756  0.545692  0.622546  1.000000  0.750953  0.604536  0.603676  0.721429  0.816120  0.598016  0.775557  0.668086  0.710714  0.797774  0.878506  0.594214  0.735257  0.665631  0.561400  0.624105  0.705324  0.532220  0.621785  0.525139  0.611399  0.607089  0.749148  0.691649  0.742351  0.927236  0.586503  0.645807  0.868442  0.480661  0.858266 
6  0.506666  0.436710  0.361763  0.580683  0.659236  0.555378 0.0  0.428593  0.560409  0.676875  0.456824  0.302201  0.486153  0.733612  0.340018  0.613216  0.679034  0.318742  0.595549  0.659967  0.549870  0.592314  0.605723  0.467807  0.685168  0.575118  0.498722  0.453803  0.567122  0.608240  0.717026  0.259636  0.578457  0.668318  0.557767  0.500654  0.573448  0.620900  0.510116  0.658399  0.393183  0.620669  0.671504  0.528228  0.591580  0.650886  0.604236  0.676227  0.421042  0.583487  0.503605  0.541597  0.458273  0.732675  0.711697  0.560898  0.603281  0.632698  0.400256  0.589828 
7  0.555007  0.440171  0.316870  0.578243  0.682386  0.611516  0.428593 0.0  0.702277  0.820040  0.442554  0.424830  0.429962  0.633687  0.394422  0.605020  0.646591  0.362331  0.577231  0.587247  0.611537  0.549673  0.702285  0.521742  0.528389  0.544572  0.581550  0.587746  0.634220  0.563274  0.606702  0.357044  0.597351  0.660783  0.611643  0.691565  0.611635  0.703469  0.609225  0.664348  0.333263  0.577949  0.698945  0.589826  0.667110  0.770957  0.587158  0.578108  0.367416  0.667353  0.620988  0.469733  0.627126  0.581167  0.828467  0.658994  0.592685  0.594567  0.370616  0.583639 
8  0.393250  0.616016  0.558068  0.393679  0.560249  0.732190  0.560409  0.702277 0.0  0.737759  0.666304  0.591545  0.618810  0.350486  0.582272  0.489687  0.554408  0.506102  0.506195  0.594732  0.607464  0.496216  0.486550  0.657774  0.550854  0.443826  0.385372  0.489489  0.679015  0.531842  0.592972  0.593843  0.533167  0.637052  0.331301  0.529069  0.440211  0.505077  0.496781  0.680863  0.418563  0.491770  0.495962  0.414251  0.449564  0.676415  0.473642  0.478745  0.526431  0.545837  0.269197  0.571259  0.400137  0.462263  0.680764  0.561127  0.501895  0.694705  0.524769  0.578295 
9  0.596571  0.652470  0.695279  0.707594  0.575165  0.739472  0.676875  0.820040  0.737759 0.0  0.677667  0.676284  0.737937  0.598135  0.654030  0.633935  0.694795  0.755856  0.665213  0.571413  0.611989  0.701097  0.757484  0.639652  0.704885  0.641498  0.699821  0.684221  0.574918  0.619469  0.684184  0.631507  0.573489  0.646443  0.623769  0.578736  0.690521  0.707631  0.676678  0.446522  0.694112  0.516666  0.600173  0.648786  0.524209  0.603853  0.729505  0.680966  0.619471  0.734262  0.759995  0.553607  0.561488  0.738988  0.548440  0.604098  0.451638  0.410625  0.688971  0.641839 
10  0.503153  0.507947  0.444500  0.712094  0.690806  0.603428  0.456824  0.442554  0.666304  0.677667 0.0  0.453358  0.406813  0.708466  0.536309  0.614360  0.661899  0.521654  0.692108  0.522941  0.492086  0.544255  0.607290  0.403119  0.673870  0.578773  0.565886  0.638786  0.681756  0.712014  0.629718  0.485089  0.700142  0.851434  0.531521  0.540490  0.636237  0.556933  0.749882  0.649201  0.477050  0.675653  0.659195  0.538522  0.595323  0.667423  0.547726  0.674201  0.358006  0.597326  0.589712  0.587937  0.614986  0.655359  0.720418  0.688312  0.677511  0.629588  0.489676  0.591792 
11  0.532403  0.562705  0.337724  0.591637  0.504021  0.627176  0.302201  0.424830  0.591545  0.676284  0.453358 0.0  0.516183  0.639088  0.304635  0.624615  0.566104  0.373561  0.541139  0.646635  0.518729  0.576450  0.630693  0.495217  0.528795  0.587076  0.674812  0.654187  0.596309  0.552893  0.608410  0.323071  0.470671  0.714708  0.717976  0.620720  0.613100  0.625889  0.637988  0.642060  0.373098  0.554152  0.552586  0.700010  0.617829  0.591400  0.603247  0.729658  0.351674  0.592843  0.444854  0.407187  0.661319  0.684127  0.588704  0.608222  0.549787  0.679369  0.403599  0.612325 
12  0.472101  0.439448  0.376104  0.570342  0.538488  0.629770  0.486153  0.429962  0.618810  0.737937  0.406813  0.516183 0.0  0.569631  0.424719  0.444504  0.798949  0.443449  0.562858  0.642494  0.593103  0.603394  0.689522  0.491830  0.553554  0.586048  0.495098  0.586074  0.634567  0.670635  0.472439  0.389532  0.428858  0.743551  0.557675  0.503554  0.489082  0.533323  0.595562  0.597258  0.309104  0.638171  0.719671  0.543052  0.483888  0.628827  0.416045  0.451170  0.372142  0.525418  0.500367  0.496520  0.671403  0.641447  0.551727  0.674290  0.708323  0.605310  0.473008  0.654574 
13  0.612075  0.735537  0.577148  0.561052  0.453554  0.718460  0.733612  0.633687  0.350486  0.598135  0.708466  0.639088  0.569631 0.0  0.683875  0.567077  0.693347  0.578313  0.559542  0.693927  0.592366  0.659273  0.607678  0.697694  0.501678  0.486439  0.469576  0.570401  0.565247  0.454294  0.482210  0.546277  0.434213  0.605125  0.432175  0.449863  0.404762  0.543936  0.408484  0.722582  0.478645  0.696501  0.552769  0.444730  0.591659  0.587763  0.536307  0.509665  0.632996  0.526827  0.282982  0.587764  0.448221  0.543514  0.679433  0.527292  0.532384  0.653464  0.638842  0.748269 
14  0.488573  0.499410  0.414460  0.577831  0.717893  0.733276  0.340018  0.394422  0.582272  0.654030  0.536309  0.304635  0.424719  0.683875 0.0  0.766179  0.536719  0.532650  0.604809  0.610995  0.553094  0.493115  0.613560  0.553608  0.591119  0.542473  0.414862  0.640987  0.588438  0.601970  0.601287  0.443433  0.534626  0.762195  0.513594  0.613333  0.650084  0.664216  0.618882  0.786046  0.437119  0.714456  0.705087  0.580127  0.595807  0.638434  0.596754  0.538467  0.358315  0.677017  0.553357  0.710835  0.544668  0.621085  0.740285  0.656006  0.559157  0.684843  0.457247  0.651598 
15  0.567531  0.643796  0.659620  0.557150  0.470331  0.592104  0.613216  0.605020  0.489687  0.633935  0.614360  0.624615  0.444504  0.567077  0.766179 0.0  0.662447  0.582635  0.562846  0.601464  0.457838  0.617245  0.562025  0.675189  0.675705  0.609407  0.556855  0.584614  0.595381  0.500888  0.551554  0.567200  0.430447  0.573609  0.548373  0.410885  0.527107  0.560500  0.559688  0.639483  0.594787  0.621203  0.618315  0.539604  0.593201  0.702995  0.620654  0.527997  0.593070  0.517322  0.609637  0.511929  0.546043  0.698512  0.568251  0.587831  0.689587  0.546544  0.670861  0.696831 
16  0.838552  0.819937  0.713915  0.647857  0.649729  0.968508  0.679034  0.646591  0.554408  0.694795  0.661899  0.566104  0.798949  0.693347  0.536719  0.662447 0.0  0.687552  0.644285  0.720669  0.751770  0.552067  0.551691  0.773512  0.326469  0.504870  0.546477  0.845632  0.656992  0.562061  0.733944  0.809142  0.676039  0.596558  0.522312  0.917866  0.556215  0.804764  0.551521  0.703308  0.761539  0.646644  0.459080  0.490006  0.723043  0.478840  0.846760  0.561428  0.711694  0.530774  0.664102  0.579550  0.654794  0.543283  0.744312  0.610736  0.767753  0.730723  0.779221  0.617289 
17  0.635829  0.502742  0.319884  0.631837  0.569475  0.600077  0.318742  0.362331  0.506102  0.755856  0.521654  0.373561  0.443449  0.578313  0.532650  0.582635  0.687552 0.0  0.632653  0.697143  0.628108  0.700714  0.688287  0.570407  0.574953  0.656865  0.607037  0.642062  0.718724  0.548907  0.661126  0.199226  0.509408  0.643369  0.484482  0.601256  0.598650  0.635487  0.631134  0.891072  0.329091  0.537639  0.650341  0.605232  0.647227  0.811308  0.615366  0.653356  0.359740  0.682625  0.577359  0.524156  0.551976  0.705559  0.666182  0.506974  0.593655  0.640459  0.394242  0.577550 
18  0.483550  0.658859  0.472473  0.503478  0.540186  0.766801  0.595549  0.577231  0.506195  0.665213  0.692108  0.541139  0.562858  0.559542  0.604809  0.562846  0.644285  0.632653 0.0  0.673714  0.674362  0.454841  0.603883  0.590020  0.721132  0.514624  0.482318  0.348928  0.696433  0.520886  0.582034  0.580949  0.483837  0.563428  0.673179  0.674803  0.671539  0.627071  0.577137  0.714575  0.426639  0.613523  0.551919  0.687018  0.553232  0.659946  0.510072  0.645344  0.571309  0.641515  0.523174  0.559436  0.581748  0.531987  0.671115  0.669928  0.469703  0.685291  0.516620  0.881103 
19  0.572519  0.711700  0.649808  0.742693  0.527438  0.848973  0.659967  0.587247  0.594732  0.571413  0.522941  0.646635  0.642494  0.693927  0.610995  0.601464  0.720669  0.697143  0.673714 0.0  0.313933  0.483193  0.600613  0.819155  0.680146  0.632214  0.701964  0.814041  0.483020  0.518699  0.645251  0.548519  0.411750  0.766076  0.625186  0.330081  0.640911  0.725561  0.523233  0.253406  0.663933  0.384143  0.634183  0.644980  0.583010  0.505242  0.656888  0.800731  0.578602  0.698528  0.560149  0.428505  0.606651  0.687470  0.445103  0.710414  0.805307  0.543111  0.630887  0.344396 
20  0.571276  0.742914  0.642348  0.725366  0.555999  0.886879  0.549870  0.611537  0.607464  0.611989  0.492086  0.518729  0.593103  0.592366  0.553094  0.457838  0.751770  0.628108  0.674362  0.313933 0.0  0.509445  0.670280  0.757570  0.766035  0.604460  0.588105  0.739516  0.372949  0.634534  0.573556  0.562578  0.387271  0.687792  0.560690  0.291227  0.543792  0.585585  0.568033  0.368812  0.607426  0.473477  0.719021  0.574407  0.617801  0.409391  0.525409  0.816261  0.463612  0.584372  0.588081  0.216591  0.606807  0.714854  0.540704  0.559252  0.574999  0.534491  0.566500  0.344590 
21  0.390797  0.560220  0.534115  0.636574  0.574906  0.747802  0.592314  0.549673  0.496216  0.701097  0.544255  0.576450  0.603394  0.659273  0.493115  0.617245  0.552067  0.700714  0.454841  0.483193  0.509445 0.0  0.519814  0.546242  0.532966  0.452146  0.478530  0.621926  0.593979  0.565809  0.528437  0.645647  0.683129  0.772079  0.579978  0.520170  0.591463  0.571647  0.640617  0.564917  0.711340  0.640932  0.672345  0.547931  0.501820  0.524214  0.629142  0.601953  0.645244  0.651082  0.677424  0.553868  0.553979  0.549300  0.657476  0.570565  0.598293  0.707874  0.503930  0.572578 
22  0.656788  0.697798  0.635444  0.499951  0.610800  0.583449  0.605723  0.702285  0.486550  0.757484  0.607290  0.630693  0.689522  0.607678  0.613560  0.562025  0.551691  0.688287  0.603883  0.600613  0.670280  0.519814 0.0  0.603020  0.547322  0.445012  0.544920  0.670679  0.613077  0.515774  0.668973  0.695079  0.742871  0.640497  0.537939  0.585616  0.567470  0.669271  0.540081  0.841043  0.552896  0.722735  0.561592  0.589064  0.607068  0.555429  0.649448  0.497541  0.617186  0.443905  0.476301  0.490871  0.556437  0.566522  0.580815  0.606871  0.509518  0.774402  0.564036  0.766437 
23  0.525725  0.650481  0.459424  0.487754  0.632139  0.353322  0.467807  0.521742  0.657774  0.639652  0.403119  0.495217  0.491830  0.697694  0.553608  0.675189  0.773512  0.570407  0.590020  0.819155  0.757570  0.546242  0.603020 0.0  0.688421  0.495101  0.490776  0.524384  0.608284  0.522778  0.639033  0.539694  0.565228  0.636032  0.601072  0.741729  0.524175  0.561543  0.603423  0.704550  0.485261  0.716659  0.711878  0.552783  0.533230  0.592472  0.583121  0.677409  0.531142  0.639411  0.518279  0.648008  0.726039  0.637448  0.881602  0.561783  0.630306  0.607268  0.472324  0.737258 
24  0.691551  0.797764  0.550426  0.502900  0.630329  0.812839  0.685168  0.528389  0.550854  0.704885  0.673870  0.528795  0.553554  0.501678  0.591119  0.675705  0.326469  0.574953  0.721132  0.680146  0.766035  0.532966  0.547322  0.688421 0.0  0.458356  0.506105  0.582819  0.694697  0.577152  0.683490  0.523252  0.807231  0.594622  0.692617  0.862523  0.625569  0.670288  0.423430  0.781473  0.656180  0.687979  0.406176  0.584265  0.786615  0.632008  0.742361  0.681611  0.588265  0.548520  0.540912  0.489266  0.645341  0.595768  0.739971  0.557060  0.822297  0.682607  0.563391  0.658647 
25  0.418481  0.654477  0.594572  0.344428  0.610298  0.659756  0.575118  0.544572  0.443826  0.641498  0.578773  0.587076  0.586048  0.486439  0.542473  0.609407  0.504870  0.656865  0.514624  0.632214  0.604460  0.452146  0.445012  0.495101  0.458356 0.0  0.254892  0.549331  0.651686  0.471344  0.589814  0.607674  0.551359  0.469031  0.330377  0.582526  0.454505  0.524458  0.584688  0.598433  0.521186  0.626343  0.524305  0.407522  0.613419  0.516628  0.580803  0.354171  0.469558  0.431562  0.439807  0.683657  0.346281  0.473503  0.662042  0.609791  0.644512  0.658651  0.502425  0.705566 
26  0.359764  0.691527  0.414317  0.370172  0.567971  0.545692  0.498722  0.581550  0.385372  0.699821  0.565886  0.674812  0.495098  0.469576  0.414862  0.556855  0.546477  0.607037  0.482318  0.701964  0.588105  0.478530  0.544920  0.490776  0.506105  0.254892 0.0  0.490022  0.677901  0.467492  0.578962  0.538829  0.536867  0.556776  0.270193  0.585170  0.471184  0.378963  0.666603  0.614641  0.574660  0.675340  0.588112  0.324660  0.604048  0.541992  0.470859  0.285340  0.350652  0.463832  0.346561  0.571992  0.343735  0.500120  0.835554  0.609451  0.529761  0.635523  0.515715  0.662736 
27  0.551471  0.687810  0.550322  0.302775  0.620139  0.622546  0.453803  0.587746  0.489489  0.684221  0.638786  0.654187  0.586074  0.570401  0.640987  0.584614  0.845632  0.642062  0.348928  0.814041  0.739516  0.621926  0.670679  0.524384  0.582819  0.549331  0.490022 0.0  0.600559  0.591278  0.571153  0.591485  0.507640  0.749908  0.567616  0.675427  0.481404  0.447943  0.705521  0.657800  0.473775  0.577188  0.666494  0.504354  0.455906  0.716121  0.562430  0.506808  0.484971  0.617814  0.461111  0.725065  0.491453  0.410122  0.673524  0.551333  0.443462  0.668920  0.639446  0.737721 
28  0.617762  0.660742  0.710869  0.657907  0.623345  1.000000  0.567122  0.634220  0.679015  0.574918  0.681756  0.596309  0.634567  0.565247  0.588438  0.595381  0.656992  0.718724  0.696433  0.483020  0.372949  0.593979  0.613077  0.608284  0.694697  0.651686  0.677901  0.600559 0.0  0.506689  0.476097  0.560131  0.597090  0.545815  0.590235  0.517218  0.836066  0.608483  0.617838  0.462421  0.632134  0.559028  0.703465  0.614681  0.555627  0.343494  0.693971  0.606912  0.592423  0.737943  0.775807  0.511709  0.583391  0.874431  0.616524  0.711773  0.623576  0.549212  0.636087  0.394048 
29  0.609664  0.592007  0.617694  0.561661  0.607315  0.750953  0.608240  0.563274  0.531842  0.619469  0.712014  0.552893  0.670635  0.454294  0.601970  0.500888  0.562061  0.548907  0.520886  0.518699  0.634534  0.565809  0.515774  0.522778  0.577152  0.471344  0.467492  0.591278  0.506689 0.0  0.681937  0.497085  0.516582  0.683752  0.422546  0.628054  0.462662  0.524885  0.505979  0.610946  0.457764  0.767637  0.640195  0.560476  0.510481  0.548065  0.601815  0.623748  0.601216  0.560895  0.384182  0.563363  0.462516  0.562264  0.644232  0.652706  0.602100  0.512203  0.557624  0.703041 
30  0.426517  0.658418  0.590726  0.547077  0.540507  0.604536  0.717026  0.606702  0.592972  0.684184  0.629718  0.608410  0.472439  0.482210  0.601287  0.551554  0.733944  0.661126  0.582034  0.645251  0.573556  0.528437  0.668973  0.639033  0.683490  0.589814  0.578962  0.571153  0.476097  0.681937 0.0  0.633924  0.605677  0.763627  0.684052  0.544628  0.584825  0.591735  0.652981  0.605627  0.541566  0.702840  0.607711  0.578457  0.660042  0.646622  0.579108  0.555586  0.600536  0.606551  0.610128  0.611229  0.539613  0.731763  0.677858  0.635285  0.651906  0.794634  0.622682  0.665990 
31  0.411276  0.572652  0.243126  0.547588  0.593896  0.603676  0.259636  0.357044  0.593843  0.631507  0.485089  0.323071  0.389532  0.546277  0.443433  0.567200  0.809142  0.199226  0.580949  0.548519  0.562578  0.645647  0.695079  0.539694  0.523252  0.607674  0.538829  0.591485  0.560131  0.497085  0.633924 0.0  0.394669  0.580159  0.513430  0.446061  0.553614  0.552111  0.582844  0.595112  0.297196  0.615885  0.613960  0.514006  0.459345  0.694774  0.547319  0.598436  0.312131  0.693096  0.440100  0.479146  0.540263  0.552965  0.567342  0.486159  0.470350  0.643300  0.372274  0.652323 
32  0.557637  0.667389  0.509287  0.614219  0.427952  0.721429  0.578457  0.597351  0.533167  0.573489  0.700142  0.470671  0.428858  0.434213  0.534626  0.430447  0.676039  0.509408  0.483837  0.411750  0.387271  0.683129  0.742871  0.565228  0.807231  0.551359  0.536867  0.507640  0.597090  0.516582  0.605677  0.394669 0.0  0.735095  0.505456  0.288172  0.538331  0.378716  0.599550  0.448197  0.410166  0.406986  0.608183  0.548972  0.446118  0.544202  0.567843  0.542395  0.573634  0.662211  0.532245  0.303492  0.540628  0.599784  0.440377  0.609703  0.489576  0.556023  0.579913  0.525908 
33  0.598035  0.779909  0.682181  0.620093  0.407081  0.816120  0.668318  0.660783  0.637052  0.646443  0.851434  0.714708  0.743551  0.605125  0.762195  0.573609  0.596558  0.643369  0.563428  0.766076  0.687792  0.772079  0.640497  0.636032  0.594622  0.469031  0.556776  0.749908  0.545815  0.683752  0.763627  0.580159  0.735095 0.0  0.719780  0.627861  0.544141  0.583887  0.672385  0.535257  0.624691  0.574565  0.588059  0.658599  0.731139  0.669600  0.759318  0.743061  0.731436  0.627723  0.563168  0.626504  0.644758  0.612876  0.692756  0.614249  0.354946  0.671213  0.589230  0.581206 
34  0.574006  0.675562  0.556529  0.435087  0.587860  0.598016  0.557767  0.611643  0.331301  0.623769  0.531521  0.717976  0.557675  0.432175  0.513594  0.548373  0.522312  0.484482  0.673179  0.625186  0.560690  0.579978  0.537939  0.601072  0.692617  0.330377  0.270193  0.567616  0.590235  0.422546  0.684052  0.513430  0.505456  0.719780 0.0  0.447460  0.352834  0.548596  0.480356  0.666021  0.417209  0.611427  0.599706  0.333004  0.519183  0.638900  0.526905  0.415874  0.415299  0.466260  0.343172  0.578604  0.243549  0.445922  0.751576  0.637960  0.660586  0.622509  0.601073  0.632906 
35  0.594637  0.615584  0.706089  0.623708  0.617532  0.775557  0.500654  0.691565  0.529069  0.578736  0.540490  0.620720  0.503554  0.449863  0.613333  0.410885  0.917866  0.601256  0.674803  0.330081  0.291227  0.520170  0.585616  0.741729  0.862523  0.582526  0.585170  0.675427  0.517218  0.628054  0.544628  0.446061  0.288172  0.627861  0.447460 0.0  0.502826  0.460770  0.636215  0.345706  0.531418  0.365351  0.683551  0.666694  0.463009  0.519471  0.540053  0.529286  0.576683  0.578139  0.572068  0.381760  0.597090  0.761147  0.433758  0.612346  0.583894  0.550488  0.560508  0.463232 
36  0.507420  0.724437  0.591947  0.469166  0.513086  0.668086  0.573448  0.611635  0.440211  0.690521  0.636237  0.613100  0.489082  0.404762  0.650084  0.527107  0.556215  0.598650  0.671539  0.640911  0.543792  0.591463  0.567470  0.524175  0.625569  0.454505  0.471184  0.481404  0.836066  0.462662  0.584825  0.553614  0.538331  0.544141  0.352834  0.502826 0.0  0.352070  0.422443  0.703647  0.612540  0.691580  0.550223  0.380390  0.535209  0.697691  0.439186  0.440852  0.526645  0.508317  0.330722  0.554088  0.404289  0.500494  0.722475  0.577444  0.603214  0.618156  0.621688  0.696585 
37  0.463004  0.628091  0.447210  0.494684  0.357756  0.710714  0.620900  0.703469  0.505077  0.707631  0.556933  0.625889  0.533323  0.543936  0.664216  0.560500  0.804764  0.635487  0.627071  0.725561  0.585585  0.571647  0.669271  0.561543  0.670288  0.524458  0.378963  0.447943  0.608483  0.524885  0.591735  0.552111  0.378716  0.583887  0.548596  0.460770  0.352070 0.0  0.762661  0.720344  0.418428  0.489823  0.602321  0.599838  0.451424  0.763052  0.460771  0.424731  0.602617  0.556466  0.456351  0.548940  0.606869  0.513990  0.546169  0.702059  0.386248  0.562306  0.551812  0.669503 
38  0.643046  0.852433  0.517237  0.508829  0.541396  0.797774  0.510116  0.609225  0.496781  0.676678  0.749882  0.637988  0.595562  0.408484  0.618882  0.559688  0.551521  0.631134  0.577137  0.523233  0.568033  0.640617  0.540081  0.603423  0.423430  0.584688  0.666603  0.705521  0.617838  0.505979  0.652981  0.582844  0.599550  0.672385  0.480356  0.636215  0.422443  0.762661 0.0  0.495401  0.667793  0.684486  0.391769  0.564269  0.789316  0.495709  0.637448  0.559483  0.578977  0.506626  0.441784  0.567820  0.554965  0.474124  0.644588  0.601541  0.695496  0.642224  0.586492  0.657891 
39  0.682786  0.715871  0.698736  0.640552  0.595247  0.878506  0.658399  0.664348  0.680863  0.446522  0.649201  0.642060  0.597258  0.722582  0.786046  0.639483  0.703308  0.891072  0.714575  0.253406  0.368812  0.564917  0.841043  0.704550  0.781473  0.598433  0.614641  0.657800  0.462421  0.610946  0.605627  0.595112  0.448197  0.535257  0.666021  0.345706  0.703647  0.720344  0.495401 0.0  0.738042  0.330654  0.662826  0.696418  0.686218  0.510417  0.616461  0.876767  0.685286  0.677021  0.776491  0.464690  0.659333  0.814373  0.434952  0.664285  0.742963  0.493596  0.660241  0.435097 
40  0.498979  0.492251  0.295177  0.480378  0.603878  0.594214  0.393183  0.333263  0.418563  0.694112  0.477050  0.373098  0.309104  0.478645  0.437119  0.594787  0.761539  0.329091  0.426639  0.663933  0.607426  0.711340  0.552896  0.485261  0.656180  0.521186  0.574660  0.473775  0.632134  0.457764  0.541566  0.297196  0.410166  0.624691  0.417209  0.531418  0.612540  0.418428  0.667793  0.738042 0.0  0.674682  0.575105  0.521779  0.478574  0.699258  0.500887  0.517828  0.313842  0.584931  0.352774  0.526992  0.541519  0.500392  0.674470  0.518112  0.434749  0.587851  0.388151  0.697100 
41  0.594502  0.730038  0.621704  0.703507  0.614060  0.735257  0.620669  0.577949  0.491770  0.516666  0.675653  0.554152  0.638171  0.696501  0.714456  0.621203  0.646644  0.537639  0.613523  0.384143  0.473477  0.640932  0.722735  0.716659  0.687979  0.626343  0.675340  0.577188  0.559028  0.767637  0.702840  0.615885  0.406986  0.574565  0.611427  0.365351  0.691580  0.489823  0.684486  0.330654  0.674682 0.0  0.671418  0.612517  0.616489  0.613653  0.631505  0.732615  0.565074  0.722651  0.678723  0.499514  0.625940  0.691551  0.392881  0.522761  0.567184  0.477818  0.594004  0.504767 
42  0.741180  0.686169  0.593106  0.609106  0.587629  0.665631  0.671504  0.698945  0.495962  0.600173  0.659195  0.552586  0.719671  0.552769  0.705087  0.618315  0.459080  0.650341  0.551919  0.634183  0.719021  0.672345  0.561592  0.711878  0.406176  0.524305  0.588112  0.666494  0.703465  0.640195  0.607711  0.613960  0.608183  0.588059  0.599706  0.683551  0.550223  0.602321  0.391769  0.662826  0.575105  0.671418 0.0  0.425147  0.759050  0.622659  0.775588  0.588321  0.660273  0.473862  0.597073  0.689701  0.551157  0.546596  0.663751  0.519586  0.546364  0.637093  0.749380  0.718914 
43  0.379164  0.621808  0.574279  0.490382  0.605032  0.561400  0.528228  0.589826  0.414251  0.648786  0.538522  0.700010  0.543052  0.444730  0.580127  0.539604  0.490006  0.605232  0.687018  0.644980  0.574407  0.547931  0.589064  0.552783  0.584265  0.407522  0.324660  0.504354  0.614681  0.560476  0.578457  0.514006  0.548972  0.658599  0.333004  0.666694  0.380390  0.599838  0.564269  0.696418  0.521779  0.612517  0.425147 0.0  0.453543  0.704556  0.572900  0.351055  0.492541  0.517676  0.363955  0.652308  0.380725  0.428109  0.764463  0.527188  0.548459  0.652828  0.607086  0.732940 
44  0.402515  0.635510  0.533843  0.595799  0.497034  0.624105  0.591580  0.667110  0.449564  0.524209  0.595323  0.617829  0.483888  0.591659  0.595807  0.593201  0.723043  0.647227  0.553232  0.583010  0.617801  0.501820  0.607068  0.533230  0.786615  0.613419  0.604048  0.455906  0.555627  0.510481  0.660042  0.459345  0.446118  0.731139  0.519183  0.463009  0.535209  0.451424  0.789316  0.686218  0.478574  0.616489  0.759050  0.453543 0.0  0.694998  0.403249  0.601442  0.565471  0.625084  0.608476  0.667906  0.655902  0.604037  0.691083  0.478296  0.663781  0.607076  0.516815  0.632735 
45  0.665850  0.646622  0.780877  0.711862  0.651358  0.705324  0.650886  0.770957  0.676415  0.603853  0.667423  0.591400  0.628827  0.587763  0.638434  0.702995  0.478840  0.811308  0.659946  0.505242  0.409391  0.524214  0.555429  0.592472  0.632008  0.516628  0.541992  0.716121  0.343494  0.548065  0.646622  0.694774  0.544202  0.669600  0.638900  0.519471  0.697691  0.763052  0.495709  0.510417  0.699258  0.613653  0.622659  0.704556  0.694998 0.0  0.665110  0.766057  0.564469  0.495584  0.635476  0.480584  0.587752  0.692655  0.572133  0.670508  0.744445  0.545822  0.727404  0.550421 
46  0.499359  0.632596  0.596025  0.572079  0.494284  0.532220  0.604236  0.587158  0.473642  0.729505  0.547726  0.603247  0.416045  0.536307  0.596754  0.620654  0.846760  0.615366  0.510072  0.656888  0.525409  0.629142  0.649448  0.583121  0.742361  0.580803  0.470859  0.562430  0.693971  0.601815  0.579108  0.547319  0.567843  0.759318  0.526905  0.540053  0.439186  0.460771  0.637448  0.616461  0.500887  0.631505  0.775588  0.572900  0.403249  0.665110 0.0  0.443755  0.527393  0.426994  0.522999  0.496967  0.613334  0.589393  0.665352  0.544486  0.585747  0.606519  0.652572  0.616884 
47  0.468418  0.617017  0.593026  0.341832  0.686200  0.621785  0.676227  0.578108  0.478745  0.680966  0.674201  0.729658  0.451170  0.509665  0.538467  0.527997  0.561428  0.653356  0.645344  0.800731  0.816261  0.601953  0.497541  0.677409  0.681611  0.354171  0.285340  0.506808  0.606912  0.623748  0.555586  0.598436  0.542395  0.743061  0.415874  0.529286  0.440852  0.424731  0.559483  0.876767  0.517828  0.732615  0.588321  0.351055  0.601442  0.766057  0.443755 0.0  0.594683  0.489686  0.403982  0.720007  0.358424  0.467700  0.711061  0.546723  0.591670  0.723013  0.577141  0.816293 
48  0.541447  0.555941  0.318957  0.580386  0.529325  0.525139  0.421042  0.367416  0.526431  0.619471  0.358006  0.351674  0.372142  0.632996  0.358315  0.593070  0.711694  0.359740  0.571309  0.578602  0.463612  0.645244  0.617186  0.531142  0.588265  0.469558  0.350652  0.484971  0.592423  0.601216  0.600536  0.312131  0.573634  0.731436  0.415299  0.576683  0.526645  0.602617  0.578977  0.685286  0.313842  0.565074  0.660273  0.492541  0.565471  0.564469  0.527393  0.594683 0.0  0.575381  0.582343  0.415474  0.515616  0.569098  0.545270  0.711720  0.673587  0.761906  0.325256  0.485432 
49  0.573752  0.591784  0.481630  0.506537  0.578162  0.611399  0.583487  0.667353  0.545837  0.734262  0.597326  0.592843  0.525418  0.526827  0.677017  0.517322  0.530774  0.682625  0.641515  0.698528  0.584372  0.651082  0.443905  0.639411  0.548520  0.431562  0.463832  0.617814  0.737943  0.560895  0.606551  0.693096  0.662211  0.627723  0.466260  0.578139  0.508317  0.556466  0.506626  0.677021  0.584931  0.722651  0.473862  0.517676  0.625084  0.495584  0.426994  0.489686  0.575381 0.0  0.454557  0.586207  0.542479  0.520727  0.628637  0.711331  0.585754  0.604127  0.638710  0.740670 
50  0.465167  0.579631  0.520148  0.379894  0.460937  0.607089  0.503605  0.620988  0.269197  0.759995  0.589712  0.444854  0.500367  0.282982  0.553357  0.609637  0.664102  0.577359  0.523174  0.560149  0.588081  0.677424  0.476301  0.518279  0.540912  0.439807  0.346561  0.461111  0.775807  0.384182  0.610128  0.440100  0.532245  0.563168  0.343172  0.572068  0.330722  0.456351  0.441784  0.776491  0.352774  0.678723  0.597073  0.363955  0.608476  0.635476  0.522999  0.403982  0.582343  0.454557 0.0  0.556476  0.397172  0.440789  0.603059  0.499738  0.406550  0.593473  0.571151  0.753854 
51  0.563620  0.768196  0.499915  0.651391  0.410103  0.749148  0.541597  0.469733  0.571259  0.553607  0.587937  0.407187  0.496520  0.587764  0.710835  0.511929  0.579550  0.524156  0.559436  0.428505  0.216591  0.553868  0.490871  0.648008  0.489266  0.683657  0.571992  0.725065  0.511709  0.563363  0.611229  0.479146  0.303492  0.626504  0.578604  0.381760  0.554088  0.548940  0.567820  0.464690  0.526992  0.499514  0.689701  0.652308  0.667906  0.480584  0.496967  0.720007  0.415474  0.586207  0.556476 0.0  0.785100  0.751867  0.462473  0.577300  0.666529  0.501412  0.437262  0.457393 
52  0.503009  0.728410  0.557152  0.428463  0.647565  0.691649  0.458273  0.627126  0.400137  0.561488  0.614986  0.661319  0.671403  0.448221  0.544668  0.546043  0.654794  0.551976  0.581748  0.606651  0.606807  0.553979  0.556437  0.726039  0.645341  0.346281  0.343735  0.491453  0.583391  0.462516  0.539613  0.540263  0.540628  0.644758  0.243549  0.597090  0.404289  0.606869  0.554965  0.659333  0.541519  0.625940  0.551157  0.380725  0.655902  0.587752  0.613334  0.358424  0.515616  0.542479  0.397172  0.785100 0.0  0.392639  0.709585  0.499851  0.498662  0.648953  0.655380  0.715626 
53  0.539457  0.764140  0.647795  0.426886  0.572583  0.742351  0.732675  0.581167  0.462263  0.738988  0.655359  0.684127  0.641447  0.543514  0.621085  0.698512  0.543283  0.705559  0.531987  0.687470  0.714854  0.549300  0.566522  0.637448  0.595768  0.473503  0.500120  0.410122  0.874431  0.562264  0.731763  0.552965  0.599784  0.612876  0.445922  0.761147  0.500494  0.513990  0.474124  0.814373  0.500392  0.691551  0.546596  0.428109  0.604037  0.692655  0.589393  0.467700  0.569098  0.520727  0.440789  0.751867  0.392639 0.0  0.814746  0.536974  0.430534  0.840317  0.514887  0.735982 
54  0.791650  0.703160  0.665656  0.692580  0.543979  0.927236  0.711697  0.828467  0.680764  0.548440  0.720418  0.588704  0.551727  0.679433  0.740285  0.568251  0.744312  0.666182  0.671115  0.445103  0.540704  0.657476  0.580815  0.881602  0.739971  0.662042  0.835554  0.673524  0.616524  0.644232  0.677858  0.567342  0.440377  0.692756  0.751576  0.433758  0.722475  0.546169  0.644588  0.434952  0.674470  0.392881  0.663751  0.764463  0.691083  0.572133  0.665352  0.711061  0.545270  0.628637  0.603059  0.462473  0.709585  0.814746 0.0  0.734107  0.765888  0.580501  0.651189  0.551699 
55  0.521505  0.765483  0.623886  0.595897  0.646621  0.586503  0.560898  0.658994  0.561127  0.604098  0.688312  0.608222  0.674290  0.527292  0.656006  0.587831  0.610736  0.506974  0.669928  0.710414  0.559252  0.570565  0.606871  0.561783  0.557060  0.609791  0.609451  0.551333  0.711773  0.652706  0.635285  0.486159  0.609703  0.614249  0.637960  0.612346  0.577444  0.702059  0.601541  0.664285  0.518112  0.522761  0.519586  0.527188  0.478296  0.670508  0.544486  0.546723  0.711720  0.711331  0.499738  0.577300  0.499851  0.536974  0.734107 0.0  0.578738  0.620304  0.742074  0.657706 
56  0.401025  0.656602  0.425029  0.396784  0.368691  0.645807  0.603281  0.592685  0.501895  0.451638  0.677511  0.549787  0.708323  0.532384  0.559157  0.689587  0.767753  0.593655  0.469703  0.805307  0.574999  0.598293  0.509518  0.630306  0.822297  0.644512  0.529761  0.443462  0.623576  0.602100  0.651906  0.470350  0.489576  0.354946  0.660586  0.583894  0.603214  0.386248  0.695496  0.742963  0.434749  0.567184  0.546364  0.548459  0.663781  0.744445  0.585747  0.591670  0.673587  0.585754  0.406550  0.666529  0.498662  0.430534  0.765888  0.578738 0.0  0.711819  0.585538  0.691229 
57  0.709707  0.644769  0.602068  0.653124  0.718203  0.868442  0.632698  0.594567  0.694705  0.410625  0.629588  0.679369  0.605310  0.653464  0.684843  0.546544  0.730723  0.640459  0.685291  0.543111  0.534491  0.707874  0.774402  0.607268  0.682607  0.658651  0.635523  0.668920  0.549212  0.512203  0.794634  0.643300  0.556023  0.671213  0.622509  0.550488  0.618156  0.562306  0.642224  0.493596  0.587851  0.477818  0.637093  0.652828  0.607076  0.545822  0.606519  0.723013  0.761906  0.604127  0.593473  0.501412  0.648953  0.840317  0.580501  0.620304  0.711819 0.0  0.658458  0.608158 
58  0.376708  0.600067  0.258066  0.410602  0.476046  0.480661  0.400256  0.370616  0.524769  0.688971  0.489676  0.403599  0.473008  0.638842  0.457247  0.670861  0.779221  0.394242  0.516620  0.630887  0.566500  0.503930  0.564036  0.472324  0.563391  0.502425  0.515715  0.639446  0.636087  0.557624  0.622682  0.372274  0.579913  0.589230  0.601073  0.560508  0.621688  0.551812  0.586492  0.660241  0.388151  0.594004  0.749380  0.607086  0.516815  0.727404  0.652572  0.577141  0.325256  0.638710  0.571151  0.437262  0.655380  0.514887  0.651189  0.742074  0.585538  0.658458 0.0  0.545207 
59  0.634125  0.719619  0.647985  0.696421  0.526801  0.858266  0.589828  0.583639  0.578295  0.641839  0.591792  0.612325  0.654574  0.748269  0.651598  0.696831  0.617289  0.577550  0.881103  0.344396  0.344590  0.572578  0.766437  0.737258  0.658647  0.705566  0.662736  0.737721  0.394048  0.703041  0.665990  0.652323  0.525908  0.581206  0.632906  0.463232  0.696585  0.669503  0.657891  0.435097  0.697100  0.504767  0.718914  0.732940  0.632735  0.550421  0.616884  0.816293  0.485432  0.740670  0.753854  0.457393  0.715626  0.735982  0.551699  0.657706  0.691229  0.608158  0.545207 0.0 
