60
0 0.0  0.707872  0.478116  0.500849  0.540517  0.486322  0.601071  0.555729  0.576043  0.642569  0.507031  0.538392  0.545728  0.648142  0.523365  0.677620  0.723696  0.664267  0.537560  0.786132  0.669568  0.536920  0.657503  0.502874  0.714357  0.456768  0.432088  0.605320  0.790258  0.721330  0.481472  0.478742  0.509930  0.767657  0.498557  0.642238  0.548349  0.582195  0.690390  0.760904  0.508873  0.692375  0.786453  0.468209  0.462547  0.741713  0.444128  0.420632  0.510542  0.543740  0.598406  0.666356  0.612311  0.511850  0.627249  0.497197  0.500673  0.901601  0.454617  0.632140 
1  0.707872 0.0  0.494157  0.639866  0.771019  0.690094  0.441129  0.526479  0.711306  0.884151  0.493209  0.573984  0.427114  0.766114  0.536238  0.579562  0.771184  0.669975  0.687845  0.712885  0.699019  0.733974  0.760943  0.575693  0.725130  0.649288  0.611997  0.719954  0.837059  0.725228  0.746844  0.565216  0.632018  0.881800  0.678261  0.686964  0.810123  0.660351  0.894520  0.671542  0.534323  0.754372  0.689603  0.718028  0.659996  0.775323  0.809948  0.735957  0.528292  0.688221  0.681853  0.759458  0.809497  0.791964  0.851383  0.740352  0.623049  0.797556  0.559830  0.717010 
2  0.478116  0.494157 0.0  0.630967  0.605767  0.486177  0.398576  0.296750  0.603140  0.724662  0.490020  0.335806  0.403943  0.695958  0.398624  0.654461  0.719541  0.331868  0.502249  0.637326  0.640282  0.622335  0.726915  0.430909  0.582831  0.598020  0.587612  0.551496  0.818000  0.659757  0.568345  0.301790  0.513701  0.653862  0.568806  0.694043  0.585752  0.584735  0.745406  0.839153  0.310281  0.579864  0.681636  0.593451  0.619478  0.726244  0.509980  0.646926  0.334733  0.628906  0.543221  0.527818  0.569762  0.625232  0.697714  0.676872  0.675675  0.851221  0.272340  0.762789 
3  0.500849  0.639866  0.630967 0.0  0.668183  0.649384  0.602984  0.663011  0.503096  0.671104  0.750843  0.711210  0.620879  0.501498  0.618161  0.733423  0.669308  0.657145  0.549210  0.738328  0.724551  0.582678  0.545682  0.590725  0.636955  0.353463  0.341535  0.424337  0.801929  0.681035  0.646021  0.605757  0.664809  0.711700  0.531092  0.650393  0.530525  0.590479  0.592636  0.673758  0.521397  0.727095  0.674628  0.460041  0.793653  0.740937  0.575315  0.304792  0.618565  0.497170  0.367759  0.670262  0.420353  0.487619  0.761321  0.598449  0.533794  0.728925  0.669071  0.937590 
4  0.540517  0.771019  0.605767  0.668183 0.0  0.613440  0.647946  0.716731  0.643729  0.526497  0.728029  0.630938  0.583495  0.491426  0.714543  0.586004  0.756149  0.673799  0.552579  0.465080  0.552329  0.832352  0.616772  0.625458  0.635165  0.656981  0.653488  0.547399  0.639914  0.640552  0.663243  0.679836  0.412627  0.538350  0.699223  0.604523  0.639662  0.356940  0.705179  0.745318  0.641304  0.570066  0.733955  0.686231  0.542286  0.740787  0.673556  0.699594  0.686395  0.656272  0.704714  0.534214  0.746935  0.656323  0.694213  0.710455  0.404229  0.676331  0.612551  0.628973 
5  0.486322  0.690094  0.486177  0.649384  0.613440 0.0  0.617131  0.575956  0.769054  0.883454  0.627181  0.690951  0.728746  0.715398  0.635212  0.711030  0.963554  0.608128  0.634489  0.743044  0.952582  0.723004  0.681463  0.440843  0.727218  0.703904  0.688564  0.659683  0.881885  0.723580  0.772069  0.595869  0.713625  0.796535  0.682912  0.915473  0.695661  0.670533  0.903828  0.987551  0.707214  0.788901  0.897697  0.700841  0.713570  0.785533  0.642420  0.584854  0.701057  0.712368  0.648256  0.659065  0.672933  0.724605  0.875514  0.684151  0.759986  0.744937  0.546989  0.932638 
6  0.601071  0.441129  0.398576  0.602984  0.647946  0.617131 0.0  0.378966  0.686749  0.866026  0.445698  0.335455  0.590291  0.755172  0.382850  0.644697  0.699782  0.406952  0.736295  0.614146  0.634440  0.697499  0.734792  0.543043  0.882663  0.539150  0.486786  0.587637  0.606384  0.593311  0.616152  0.365160  0.646304  0.727544  0.563565  0.594247  0.606181  0.698421  0.714637  0.680509  0.508561  0.640959  0.725046  0.525950  0.611185  0.897526  0.664224  0.671128  0.452481  0.677749  0.584034  0.628892  0.524175  0.777257  0.812244  0.530252  0.609951  0.663527  0.517019  0.621538 
7  0.555729  0.526479  0.296750  0.663011  0.716731  0.575956  0.378966 0.0  0.604948  0.806760  0.470622  0.489060  0.457080  0.677434  0.378075  0.603994  0.822523  0.429028  0.620594  0.559904  0.670149  0.532606  0.792988  0.565731  0.621668  0.602836  0.567824  0.587959  0.762829  0.617348  0.709100  0.419457  0.715049  0.731293  0.657763  0.630670  0.707926  0.608550  0.746746  0.811437  0.353359  0.712618  0.796486  0.526936  0.684169  0.766412  0.703081  0.709455  0.446124  0.762654  0.442506  0.534280  0.766455  0.591658  0.848073  0.627357  0.670081  0.753670  0.361576  0.821524 
8  0.576043  0.711306  0.603140  0.503096  0.643729  0.769054  0.686749  0.604948 0.0  0.741955  0.567993  0.658821  0.604845  0.384285  0.608632  0.501209  0.515742  0.688381  0.589447  0.700113  0.574103  0.528943  0.508268  0.644375  0.501783  0.427936  0.392968  0.543517  0.716814  0.527089  0.575578  0.570227  0.535180  0.680441  0.325378  0.604903  0.409289  0.548928  0.517865  0.686801  0.432343  0.779718  0.596751  0.431148  0.502378  0.698221  0.549106  0.512724  0.660118  0.546918  0.300204  0.525269  0.485877  0.488199  0.680272  0.571936  0.561909  0.678263  0.588983  0.622458 
9  0.642569  0.884151  0.724662  0.671104  0.526497  0.883454  0.866026  0.806760  0.741955 0.0  0.723865  0.633955  0.766666  0.581125  0.819826  0.651508  0.698084  0.779097  0.787331  0.472533  0.653987  0.662885  0.784987  0.808788  0.703396  0.764313  0.780754  0.708991  0.590692  0.661403  0.742805  0.707680  0.641806  0.746947  0.667829  0.567279  0.746327  0.650181  0.593391  0.532862  0.692115  0.479957  0.738954  0.532859  0.613129  0.632642  0.726082  0.738442  0.825483  0.815197  0.727648  0.580496  0.571431  0.805366  0.495091  0.657320  0.618533  0.470062  0.728861  0.680847 
10  0.507031  0.493209  0.490020  0.750843  0.728029  0.627181  0.445698  0.470622  0.567993  0.723865 0.0  0.566956  0.558858  0.742414  0.488495  0.676349  0.697674  0.605578  0.704245  0.502074  0.578212  0.590632  0.726736  0.609682  0.744077  0.659269  0.536765  0.676184  0.698916  0.767511  0.613403  0.557871  0.606261  0.672487  0.635315  0.488228  0.584529  0.579877  0.647024  0.759984  0.501557  0.824631  0.745106  0.602736  0.637888  0.609921  0.694972  0.778665  0.462780  0.709468  0.650329  0.597865  0.745801  0.739474  0.570750  0.674870  0.767078  0.697471  0.455914  0.630303 
11  0.538392  0.573984  0.335806  0.711210  0.630938  0.690951  0.335455  0.489060  0.658821  0.633955  0.566956 0.0  0.537097  0.625740  0.331692  0.635661  0.586613  0.333787  0.481432  0.701381  0.598231  0.704466  0.542524  0.502183  0.594189  0.615536  0.617302  0.778967  0.614626  0.644746  0.734797  0.316015  0.501733  0.678223  0.774721  0.678013  0.751093  0.660079  0.737964  0.723813  0.465774  0.514376  0.832618  0.829556  0.660517  0.603378  0.676162  0.815329  0.326616  0.629690  0.579669  0.489373  0.698396  0.637665  0.682106  0.739644  0.618339  0.698681  0.397169  0.672792 
12  0.545728  0.427114  0.403943  0.620879  0.583495  0.728746  0.590291  0.457080  0.604845  0.766666  0.558858  0.537097 0.0  0.534409  0.444668  0.505031  0.953902  0.522885  0.623713  0.606441  0.700283  0.640743  0.838202  0.577839  0.826585  0.543974  0.533912  0.615849  0.651898  0.618485  0.513974  0.451098  0.563749  0.777193  0.646699  0.436626  0.529829  0.515465  0.768141  0.639130  0.452963  0.666059  0.727829  0.632869  0.639035  0.791418  0.512535  0.603185  0.379731  0.620691  0.619574  0.564326  0.642611  0.663950  0.613427  0.661255  0.769014  0.670826  0.494278  0.833331 
13  0.648142  0.766114  0.695958  0.501498  0.491426  0.715398  0.755172  0.677434  0.384285  0.581125  0.742414  0.625740  0.534409 0.0  0.753707  0.599891  0.735501  0.670282  0.648788  0.731867  0.650043  0.672114  0.721497  0.597840  0.550090  0.539499  0.495946  0.616630  0.789001  0.506414  0.545651  0.577523  0.496515  0.747770  0.534256  0.606924  0.457821  0.569233  0.510181  0.684481  0.476499  0.747594  0.602867  0.552264  0.610681  0.614715  0.570060  0.603018  0.645914  0.625173  0.314082  0.541999  0.586001  0.538577  0.642767  0.616579  0.637900  0.531061  0.595739  0.759853 
14  0.523365  0.536238  0.398624  0.618161  0.714543  0.635212  0.382850  0.378075  0.608632  0.819826  0.488495  0.331692  0.444668  0.753707 0.0  0.613674  0.591717  0.499410  0.603335  0.848476  0.576073  0.549975  0.587316  0.600535  0.642661  0.536769  0.521212  0.712561  0.616141  0.905911  0.675429  0.477970  0.649668  0.723919  0.625612  0.563021  0.678285  0.721390  0.680384  0.666581  0.414282  0.776078  0.643414  0.592554  0.739432  0.776996  0.551976  0.605335  0.435111  0.733663  0.684375  0.686128  0.608395  0.690092  0.741370  0.746977  0.712007  0.871585  0.493355  0.755111 
15  0.677620  0.579562  0.654461  0.733423  0.586004  0.711030  0.644697  0.603994  0.501209  0.651508  0.676349  0.635661  0.505031  0.599891  0.613674 0.0  0.819231  0.547210  0.691026  0.604630  0.607871  0.682988  0.683704  0.686909  0.709114  0.626309  0.570784  0.701481  0.616641  0.536966  0.662523  0.604489  0.457597  0.647535  0.528761  0.576179  0.561239  0.658109  0.712389  0.668789  0.548212  0.705872  0.718580  0.612502  0.559954  0.698268  0.537122  0.671082  0.636174  0.718479  0.516197  0.585073  0.556368  0.761029  0.491444  0.512068  0.698299  0.571929  0.736818  0.613916 
16  0.723696  0.771184  0.719541  0.669308  0.756149  0.963554  0.699782  0.822523  0.515742  0.698084  0.697674  0.586613  0.953902  0.735501  0.591717  0.819231 0.0  0.820905  0.836781  0.677422  0.805062  0.634770  0.568778  0.793435  0.359627  0.429350  0.572781  0.840082  0.783031  0.536050  0.666934  0.882051  0.844156  0.667266  0.560881  0.815190  0.692532  0.766127  0.555395  0.824340  0.734163  0.670771  0.526663  0.582557  0.842133  0.725644  0.800997  0.559360  0.836015  0.607429  0.808059  0.767055  0.622210  0.719412  0.750530  0.691792  0.887592  0.839488  0.726458  0.785184 
17  0.664267  0.669975  0.331868  0.657145  0.673799  0.608128  0.406952  0.429028  0.688381  0.779097  0.605578  0.333787  0.522885  0.670282  0.499410  0.547210  0.820905 0.0  0.663396  0.746306  0.587652  0.663996  0.737436  0.667297  0.607446  0.776024  0.694674  0.902208  0.769579  0.629899  0.703422  0.237085  0.565555  0.726605  0.648223  0.570795  0.571352  0.756613  0.612833  0.916823  0.373429  0.646106  0.639672  0.694710  0.733666  0.814151  0.743396  0.713273  0.426616  0.798520  0.604110  0.511126  0.573912  0.726051  0.798032  0.642544  0.675829  0.664337  0.401221  0.643397 
18  0.537560  0.687845  0.502249  0.549210  0.552579  0.634489  0.736295  0.620594  0.589447  0.787331  0.704245  0.481432  0.623713  0.648788  0.603335  0.691026  0.836781  0.663396 0.0  0.796592  0.690876  0.477136  0.585945  0.730864  0.736738  0.557512  0.561240  0.397755  0.686717  0.649955  0.479923  0.561410  0.527945  0.634966  0.702969  0.715454  0.733747  0.597807  0.727981  0.816961  0.605203  0.728925  0.705402  0.652424  0.505161  0.626557  0.605497  0.626827  0.708226  0.739646  0.514965  0.589582  0.566050  0.522363  0.686667  0.698018  0.457425  0.668103  0.576694  0.863242 
19  0.786132  0.712885  0.637326  0.738328  0.465080  0.743044  0.614146  0.559904  0.700113  0.472533  0.502074  0.701381  0.606441  0.731867  0.848476  0.604630  0.677422  0.746306  0.796592 0.0  0.328801  0.565252  0.855845  0.891832  0.654192  0.697905  0.641625  0.848493  0.485082  0.731905  0.697434  0.626057  0.497512  0.695648  0.725610  0.322288  0.758205  0.654318  0.652813  0.330718  0.764417  0.427501  0.679756  0.743855  0.644662  0.504193  0.750161  0.726917  0.728846  0.623412  0.764537  0.500635  0.727007  0.645424  0.460135  0.617921  0.698496  0.705332  0.641095  0.381308 
20  0.669568  0.699019  0.640282  0.724551  0.552329  0.952582  0.634440  0.670149  0.574103  0.653987  0.578212  0.598231  0.700283  0.650043  0.576073  0.607871  0.805062  0.587652  0.690876  0.328801 0.0  0.670026  0.847956  0.829901  0.757094  0.782768  0.659457  0.612152  0.410054  0.676552  0.709089  0.718326  0.326184  0.630623  0.613655  0.351135  0.693913  0.717370  0.603936  0.312215  0.781458  0.488532  0.781028  0.691404  0.611683  0.426599  0.643626  0.794990  0.617818  0.680504  0.561780  0.257455  0.636760  0.814261  0.552772  0.644099  0.589804  0.542859  0.671377  0.337011 
21  0.536920  0.733974  0.622335  0.582678  0.832352  0.723004  0.697499  0.532606  0.528943  0.662885  0.590632  0.704466  0.640743  0.672114  0.549975  0.682988  0.634770  0.663996  0.477136  0.565252  0.670026 0.0  0.530876  0.616436  0.645820  0.566870  0.416193  0.738939  0.609340  0.686015  0.587007  0.780624  0.638863  0.787363  0.661152  0.642858  0.724747  0.706945  0.710889  0.715604  0.693338  0.672188  0.697328  0.583089  0.542044  0.591118  0.671021  0.570798  0.591039  0.638458  0.630872  0.542622  0.559164  0.596033  0.691569  0.536966  0.648005  0.850070  0.580367  0.694065 
22  0.657503  0.760943  0.726915  0.545682  0.616772  0.681463  0.734792  0.792988  0.508268  0.784987  0.726736  0.542524  0.838202  0.721497  0.587316  0.683704  0.568778  0.737436  0.585945  0.855845  0.847956  0.530876 0.0  0.657731  0.475965  0.512776  0.506054  0.733335  0.755179  0.605154  0.705763  0.657565  0.860975  0.733214  0.757216  0.785884  0.702045  0.716193  0.605264  0.892413  0.625238  0.672467  0.619382  0.527347  0.678670  0.732432  0.655354  0.635952  0.703423  0.584682  0.573551  0.575039  0.657861  0.679751  0.852959  0.739761  0.783712  0.636227  0.697436  0.830349 
23  0.502874  0.575693  0.430909  0.590725  0.625458  0.440843  0.543043  0.565731  0.644375  0.808788  0.609682  0.502183  0.577839  0.597840  0.600535  0.686909  0.793435  0.667297  0.730864  0.891832  0.829901  0.616436  0.657731 0.0  0.874759  0.608343  0.553766  0.615798  0.802230  0.638219  0.645998  0.528789  0.714185  0.722123  0.601595  0.860579  0.684802  0.737306  0.772197  0.861102  0.596102  0.774087  0.828225  0.585773  0.531298  0.685299  0.696380  0.690422  0.558418  0.719561  0.584243  0.578778  0.687040  0.641058  0.907375  0.584167  0.747575  0.781433  0.552722  0.853249 
24  0.714357  0.725130  0.582831  0.636955  0.635165  0.727218  0.882663  0.621668  0.501783  0.703396  0.744077  0.594189  0.826585  0.550090  0.642661  0.709114  0.359627  0.607446  0.736738  0.654192  0.757094  0.645820  0.475965  0.874759 0.0  0.689077  0.720340  0.722867  0.684860  0.640236  0.666616  0.660184  0.882757  0.692395  0.755531  0.979997  0.589780  0.762491  0.476094  0.773628  0.841659  0.755215  0.440726  0.636563  0.827489  0.585266  0.771989  0.654375  0.574835  0.573919  0.632196  0.637488  0.706645  0.710544  0.706950  0.660117  0.799531  0.791545  0.692216  0.665785 
25  0.456768  0.649288  0.598020  0.353463  0.656981  0.703904  0.539150  0.602836  0.427936  0.764313  0.659269  0.615536  0.543974  0.539499  0.536769  0.626309  0.429350  0.776024  0.557512  0.697905  0.782768  0.566870  0.512776  0.608343  0.689077 0.0  0.274956  0.605941  0.684515  0.532955  0.643105  0.664822  0.690780  0.680280  0.375838  0.583083  0.456281  0.526019  0.515719  0.687100  0.544869  0.647180  0.588383  0.405692  0.619767  0.649069  0.515258  0.410071  0.477661  0.517890  0.439133  0.709186  0.311490  0.561843  0.661950  0.529612  0.684966  0.643914  0.559724  0.716210 
26  0.432088  0.611997  0.587612  0.341535  0.653488  0.688564  0.486786  0.567824  0.392968  0.780754  0.536765  0.617302  0.533912  0.495946  0.521212  0.570784  0.572781  0.694674  0.561240  0.641625  0.659457  0.416193  0.506054  0.553766  0.720340  0.274956 0.0  0.541510  0.620139  0.544650  0.596581  0.658152  0.658665  0.731847  0.373699  0.537678  0.503194  0.664395  0.580222  0.759064  0.631519  0.714507  0.637848  0.324484  0.754020  0.548698  0.637980  0.313516  0.506162  0.533660  0.369273  0.611821  0.367626  0.482312  0.718840  0.551298  0.621219  0.729466  0.614827  0.682000 
27  0.605320  0.719954  0.551496  0.424337  0.547399  0.659683  0.587637  0.587959  0.543517  0.708991  0.676184  0.778967  0.615849  0.616630  0.712561  0.701481  0.840082  0.902208  0.397755  0.848493  0.612152  0.738939  0.733335  0.615798  0.722867  0.605941  0.541510 0.0  0.771675  0.614324  0.644238  0.599688  0.610330  0.696748  0.580574  0.710446  0.482619  0.452859  0.718572  0.671949  0.540611  0.677655  0.679453  0.569292  0.519920  0.706172  0.632868  0.551340  0.569339  0.563986  0.669703  0.786130  0.570664  0.509491  0.673525  0.669179  0.430391  0.664281  0.645366  0.964741 
28  0.790258  0.837059  0.818000  0.801929  0.639914  0.881885  0.606384  0.762829  0.716814  0.590692  0.698916  0.614626  0.651898  0.789001  0.616141  0.616641  0.783031  0.769579  0.686717  0.485082  0.410054  0.609340  0.755179  0.802230  0.684860  0.684515  0.620139  0.771675 0.0  0.674641  0.751975  0.678506  0.659052  0.753824  0.597493  0.601975  0.679827  0.722120  0.630534  0.464910  0.719262  0.614711  0.723580  0.779247  0.675325  0.388792  0.698112  0.769368  0.715831  0.780812  0.824173  0.551854  0.705071  0.885444  0.561267  0.698598  0.710626  0.617587  0.759898  0.533979 
29  0.721330  0.725228  0.659757  0.681035  0.640552  0.723580  0.593311  0.617348  0.527089  0.661403  0.767511  0.644746  0.618485  0.506414  0.905911  0.536966  0.536050  0.629899  0.649955  0.731905  0.676552  0.686015  0.605154  0.638219  0.640236  0.532955  0.544650  0.614324  0.674641 0.0  0.727202  0.587310  0.558790  0.723415  0.495750  0.742199  0.517934  0.749008  0.543731  0.823624  0.593043  0.832657  0.647331  0.598025  0.566084  0.688721  0.721129  0.543353  0.635159  0.657816  0.417265  0.475031  0.431075  0.558343  0.702913  0.579162  0.637615  0.523613  0.665992  0.737784 
30  0.481472  0.746844  0.568345  0.646021  0.663243  0.772069  0.616152  0.709100  0.575578  0.742805  0.613403  0.734797  0.513974  0.545651  0.675429  0.662523  0.666934  0.703422  0.479923  0.697434  0.709089  0.587007  0.705763  0.645998  0.666616  0.643105  0.596581  0.644238  0.751975  0.727202 0.0  0.614449  0.646590  0.845321  0.628403  0.668806  0.613866  0.669020  0.746758  0.702416  0.594816  0.810106  0.691302  0.619424  0.632265  0.760692  0.657880  0.656586  0.662347  0.718955  0.611207  0.679608  0.625286  0.673207  0.868076  0.584033  0.679336  0.983948  0.566371  0.714030 
31  0.478742  0.565216  0.301790  0.605757  0.679836  0.595869  0.365160  0.419457  0.570227  0.707680  0.557871  0.316015  0.451098  0.577523  0.477970  0.604489  0.882051  0.237085  0.561410  0.626057  0.718326  0.780624  0.657565  0.528789  0.660184  0.664822  0.658152  0.599688  0.678506  0.587310  0.614449 0.0  0.529936  0.704135  0.555863  0.582461  0.496681  0.615356  0.700952  0.647720  0.312981  0.677522  0.662598  0.493326  0.561798  0.815269  0.552612  0.716015  0.380718  0.711806  0.472336  0.520999  0.593908  0.573198  0.778909  0.598832  0.501095  0.723537  0.407580  0.667407 
32  0.509930  0.632018  0.513701  0.664809  0.412627  0.713625  0.646304  0.715049  0.535180  0.641806  0.606261  0.501733  0.563749  0.496515  0.649668  0.457597  0.844156  0.565555  0.527945  0.497512  0.326184  0.638863  0.860975  0.714185  0.882757  0.690780  0.658665  0.610330  0.659052  0.558790  0.646590  0.529936 0.0  0.723127  0.559663  0.315371  0.532278  0.385783  0.641131  0.477849  0.455626  0.473313  0.630453  0.577973  0.475983  0.713883  0.519598  0.584212  0.572932  0.710890  0.586411  0.352726  0.634011  0.766681  0.430831  0.676773  0.454000  0.621607  0.502070  0.498409 
33  0.767657  0.881800  0.653862  0.711700  0.538350  0.796535  0.727544  0.731293  0.680441  0.746947  0.672487  0.678223  0.777193  0.747770  0.723919  0.647535  0.667266  0.726605  0.634966  0.695648  0.630623  0.787363  0.733214  0.722123  0.692395  0.680280  0.731847  0.696748  0.753824  0.723415  0.845321  0.704135  0.723127 0.0  0.808521  0.702858  0.763768  0.487577  0.668493  0.722055  0.622440  0.635754  0.657738  0.738774  0.721156  0.722126  0.760525  0.846522  0.767705  0.750150  0.593761  0.627138  0.681769  0.665274  0.667609  0.760596  0.390067  0.805779  0.773832  0.631735 
34  0.498557  0.678261  0.568806  0.531092  0.699223  0.682912  0.563565  0.657763  0.325378  0.667829  0.635315  0.774721  0.646699  0.534256  0.625612  0.528761  0.560881  0.648223  0.702969  0.725610  0.613655  0.661152  0.757216  0.601595  0.755531  0.375838  0.373699  0.580574  0.597493  0.495750  0.628403  0.555863  0.559663  0.808521 0.0  0.492496  0.409102  0.572555  0.603938  0.764161  0.504224  0.823530  0.571188  0.368953  0.647344  0.668663  0.529481  0.375179  0.438594  0.535628  0.318377  0.666377  0.313910  0.486716  0.668010  0.532261  0.678970  0.586556  0.703416  0.562694 
35  0.642238  0.686964  0.694043  0.650393  0.604523  0.915473  0.594247  0.630670  0.604903  0.567279  0.488228  0.678013  0.436626  0.606924  0.563021  0.576179  0.815190  0.570795  0.715454  0.322288  0.351135  0.642858  0.785884  0.860579  0.979997  0.583083  0.537678  0.710446  0.601975  0.742199  0.668806  0.582461  0.315371  0.702858  0.492496 0.0  0.532016  0.532100  0.679837  0.340081  0.573206  0.470710  0.750310  0.606682  0.496612  0.544014  0.528789  0.730792  0.569042  0.714977  0.650767  0.417562  0.738463  0.714809  0.494920  0.595993  0.753690  0.558568  0.615528  0.516931 
36  0.548349  0.810123  0.585752  0.530525  0.639662  0.695661  0.606181  0.707926  0.409289  0.746327  0.584529  0.751093  0.529829  0.457821  0.678285  0.561239  0.692532  0.571352  0.733747  0.758205  0.693913  0.724747  0.702045  0.684802  0.589780  0.456281  0.503194  0.482619  0.679827  0.517934  0.613866  0.496681  0.532278  0.763768  0.409102  0.532016 0.0  0.479353  0.469138  0.787827  0.551079  0.693024  0.548183  0.393319  0.534200  0.731629  0.497759  0.448281  0.551867  0.497883  0.398622  0.557591  0.476101  0.505071  0.728648  0.520346  0.588554  0.714485  0.612521  0.663202 
37  0.582195  0.660351  0.584735  0.590479  0.356940  0.670533  0.698421  0.608550  0.548928  0.650181  0.579877  0.660079  0.515465  0.569233  0.721390  0.658109  0.766127  0.756613  0.597807  0.654318  0.717370  0.706945  0.716193  0.737306  0.762491  0.526019  0.664395  0.452859  0.722120  0.749008  0.669020  0.615356  0.385783  0.487577  0.572555  0.532100  0.479353 0.0  0.650456  0.732125  0.523598  0.718448  0.774260  0.638254  0.436535  0.917006  0.546717  0.614610  0.576759  0.723690  0.538329  0.594907  0.720833  0.698305  0.613491  0.757623  0.346016  0.747772  0.495765  0.646265 
38  0.690390  0.894520  0.745406  0.592636  0.705179  0.903828  0.714637  0.746746  0.517865  0.593391  0.647024  0.737964  0.768141  0.510181  0.680384  0.712389  0.555395  0.612833  0.727981  0.652813  0.603936  0.710889  0.605264  0.772197  0.476094  0.515719  0.580222  0.718572  0.630534  0.543731  0.746758  0.700952  0.641131  0.668493  0.603938  0.679837  0.469138  0.650456 0.0  0.688189  0.543166  0.710651  0.423551  0.597903  0.828943  0.632761  0.668503  0.649624  0.650864  0.527209  0.578026  0.654981  0.604772  0.587191  0.650613  0.755567  0.661274  0.658206  0.801728  0.677916 
39  0.760904  0.671542  0.839153  0.673758  0.745318  0.987551  0.680509  0.811437  0.686801  0.532862  0.759984  0.723813  0.639130  0.684481  0.666581  0.668789  0.824340  0.916823  0.816961  0.330718  0.312215  0.715604  0.892413  0.861102  0.773628  0.687100  0.759064  0.671949  0.464910  0.823624  0.702416  0.647720  0.477849  0.722055  0.764161  0.340081  0.787827  0.732125  0.688189 0.0  0.529620  0.336254  0.772596  0.706580  0.670194  0.533874  0.643109  0.728947  0.611910  0.687477  0.755830  0.491306  0.714444  0.929962  0.496473  0.791906  0.752317  0.623634  0.817276  0.476195 
40  0.508873  0.534323  0.310281  0.521397  0.641304  0.707214  0.508561  0.353359  0.432343  0.692115  0.501557  0.465774  0.452963  0.476499  0.414282  0.548212  0.734163  0.373429  0.605203  0.764417  0.781458  0.693338  0.625238  0.596102  0.841659  0.544869  0.631519  0.540611  0.719262  0.593043  0.594816  0.312981  0.455626  0.622440  0.504224  0.573206  0.551079  0.523598  0.543166  0.529620 0.0  0.738189  0.701746  0.622271  0.597078  0.839413  0.565847  0.678673  0.300842  0.624842  0.447417  0.529612  0.549375  0.562923  0.634331  0.644770  0.499811  0.730535  0.396315  0.710043 
41  0.692375  0.754372  0.579864  0.727095  0.570066  0.788901  0.640959  0.712618  0.779718  0.479957  0.824631  0.514376  0.666059  0.747594  0.776078  0.705872  0.670771  0.646106  0.728925  0.427501  0.488532  0.672188  0.672467  0.774087  0.755215  0.647180  0.714507  0.677655  0.614711  0.832657  0.810106  0.677522  0.473313  0.635754  0.823530  0.470710  0.693024  0.718448  0.710651  0.336254  0.738189 0.0  0.822710  0.732045  0.691588  0.682680  0.647566  0.723124  0.484872  0.724172  0.670037  0.487217  0.756092  0.678155  0.435622  0.670652  0.572662  0.792379  0.642940  0.478122 
42  0.786453  0.689603  0.681636  0.674628  0.733955  0.897697  0.725046  0.796486  0.596751  0.738954  0.745106  0.832618  0.727829  0.602867  0.643414  0.718580  0.526663  0.639672  0.705402  0.679756  0.781028  0.697328  0.619382  0.828225  0.440726  0.588383  0.637848  0.679453  0.723580  0.647331  0.691302  0.662598  0.630453  0.657738  0.571188  0.750310  0.548183  0.774260  0.423551  0.772596  0.701746  0.822710 0.0  0.526810  0.828974  0.591252  0.706676  0.633578  0.723427  0.554925  0.525690  0.679676  0.519386  0.648197  0.715904  0.663588  0.694156  0.702562  0.706627  0.731405 
43  0.468209  0.718028  0.593451  0.460041  0.686231  0.700841  0.525950  0.526936  0.431148  0.532859  0.602736  0.829556  0.632869  0.552264  0.592554  0.612502  0.582557  0.694710  0.652424  0.743855  0.691404  0.583089  0.527347  0.585773  0.636563  0.405692  0.324484  0.569292  0.779247  0.598025  0.619424  0.493326  0.577973  0.738774  0.368953  0.606682  0.393319  0.638254  0.597903  0.706580  0.622271  0.732045  0.526810 0.0  0.553951  0.950009  0.581545  0.373650  0.631794  0.484902  0.322695  0.854182  0.378067  0.491123  0.761469  0.502826  0.700302  0.734478  0.677517  0.637525 
44  0.462547  0.659996  0.619478  0.793653  0.542286  0.713570  0.611185  0.684169  0.502378  0.613129  0.637888  0.660517  0.639035  0.610681  0.739432  0.559954  0.842133  0.733666  0.505161  0.644662  0.611683  0.542044  0.678670  0.531298  0.827489  0.619767  0.754020  0.519920  0.675325  0.566084  0.632265  0.561798  0.475983  0.721156  0.647344  0.496612  0.534200  0.436535  0.828943  0.670194  0.597078  0.691588  0.828974  0.553951 0.0  0.747481  0.549283  0.629657  0.538363  0.781973  0.599693  0.676193  0.676173  0.562441  0.586100  0.573453  0.693201  0.586402  0.603064  0.728226 
45  0.741713  0.775323  0.726244  0.740937  0.740787  0.785533  0.897526  0.766412  0.698221  0.632642  0.609921  0.603378  0.791418  0.614715  0.776996  0.698268  0.725644  0.814151  0.626557  0.504193  0.426599  0.591118  0.732432  0.685299  0.585266  0.649069  0.548698  0.706172  0.388792  0.688721  0.760692  0.815269  0.713883  0.722126  0.668663  0.544014  0.731629  0.917006  0.632761  0.533874  0.839413  0.682680  0.591252  0.950009  0.747481 0.0  0.762323  0.743027  0.724147  0.621582  0.868166  0.494503  0.740158  0.791580  0.590760  0.620753  0.813101  0.560538  0.720706  0.636908 
46  0.444128  0.809948  0.509980  0.575315  0.673556  0.642420  0.664224  0.703081  0.549106  0.726082  0.694972  0.676162  0.512535  0.570060  0.551976  0.537122  0.800997  0.743396  0.605497  0.750161  0.643626  0.671021  0.655354  0.696380  0.771989  0.515258  0.637980  0.632868  0.698112  0.721129  0.657880  0.552612  0.519598  0.760525  0.529481  0.528789  0.497759  0.546717  0.668503  0.643109  0.565847  0.647566  0.706676  0.581545  0.549283  0.762323 0.0  0.482537  0.508856  0.570435  0.484706  0.634411  0.650457  0.661407  0.631447  0.680468  0.590426  0.738711  0.580958  0.798830 
47  0.420632  0.735957  0.646926  0.304792  0.699594  0.584854  0.671128  0.709455  0.512724  0.738442  0.778665  0.815329  0.603185  0.603018  0.605335  0.671082  0.559360  0.713273  0.626827  0.726917  0.794990  0.570798  0.635952  0.690422  0.654375  0.410071  0.313516  0.551340  0.769368  0.543353  0.656586  0.716015  0.584212  0.846522  0.375179  0.730792  0.448281  0.614610  0.649624  0.728947  0.678673  0.723124  0.633578  0.373650  0.629657  0.743027  0.482537 0.0  0.674310  0.547448  0.494943  0.768833  0.409649  0.535932  0.696701  0.705057  0.679905  0.691191  0.686604  0.702717 
48  0.510542  0.528292  0.334733  0.618565  0.686395  0.701057  0.452481  0.446124  0.660118  0.825483  0.462780  0.326616  0.379731  0.645914  0.435111  0.636174  0.836015  0.426616  0.708226  0.728846  0.617818  0.591039  0.703423  0.558418  0.574835  0.477661  0.506162  0.569339  0.715831  0.635159  0.662347  0.380718  0.572932  0.767705  0.438594  0.569042  0.551867  0.576759  0.650864  0.611910  0.300842  0.484872  0.723427  0.631794  0.538363  0.724147  0.508856  0.674310 0.0  0.628496  0.505471  0.548319  0.585310  0.600074  0.762098  0.643402  0.630936  0.711011  0.363662  0.541297 
49  0.543740  0.688221  0.628906  0.497170  0.656272  0.712368  0.677749  0.762654  0.546918  0.815197  0.709468  0.629690  0.620691  0.625173  0.733663  0.718479  0.607429  0.798520  0.739646  0.623412  0.680504  0.638458  0.584682  0.719561  0.573919  0.517890  0.533660  0.563986  0.780812  0.657816  0.718955  0.711806  0.710890  0.750150  0.535628  0.714977  0.497883  0.723690  0.527209  0.687477  0.624842  0.724172  0.554925  0.484902  0.781973  0.621582  0.570435  0.547448  0.628496 0.0  0.620760  0.672567  0.475735  0.586726  0.780000  0.662056  0.694858  0.752445  0.697427  0.717617 
50  0.598406  0.681853  0.543221  0.367759  0.704714  0.648256  0.584034  0.442506  0.300204  0.727648  0.650329  0.579669  0.619574  0.314082  0.684375  0.516197  0.808059  0.604110  0.514965  0.764537  0.561780  0.630872  0.573551  0.584243  0.632196  0.439133  0.369273  0.669703  0.824173  0.417265  0.611207  0.472336  0.586411  0.593761  0.318377  0.650767  0.398622  0.538329  0.578026  0.755830  0.447417  0.670037  0.525690  0.322695  0.599693  0.868166  0.484706  0.494943  0.505471  0.620760 0.0  0.508221  0.406919  0.502868  0.722165  0.538191  0.518426  0.661270  0.557337  0.676825 
51  0.666356  0.759458  0.527818  0.670262  0.534214  0.659065  0.628892  0.534280  0.525269  0.580496  0.597865  0.489373  0.564326  0.541999  0.686128  0.585073  0.767055  0.511126  0.589582  0.500635  0.257455  0.542622  0.575039  0.578778  0.637488  0.709186  0.611821  0.786130  0.551854  0.475031  0.679608  0.520999  0.352726  0.627138  0.666377  0.417562  0.557591  0.594907  0.654981  0.491306  0.529612  0.487217  0.679676  0.854182  0.676193  0.494503  0.634411  0.768833  0.548319  0.672567  0.508221 0.0  0.801770  0.789327  0.591139  0.666582  0.649314  0.543161  0.550734  0.464808 
52  0.612311  0.809497  0.569762  0.420353  0.746935  0.672933  0.524175  0.766455  0.485877  0.571431  0.745801  0.698396  0.642611  0.586001  0.608395  0.556368  0.622210  0.573912  0.566050  0.727007  0.636760  0.559164  0.657861  0.687040  0.706645  0.311490  0.367626  0.570664  0.705071  0.431075  0.625286  0.593908  0.634011  0.681769  0.313910  0.738463  0.476101  0.720833  0.604772  0.714444  0.549375  0.756092  0.519386  0.378067  0.676173  0.740158  0.650457  0.409649  0.585310  0.475735  0.406919  0.801770 0.0  0.433095  0.678972  0.530154  0.550871  0.679387  0.730400  0.739578 
53  0.511850  0.791964  0.625232  0.487619  0.656323  0.724605  0.777257  0.591658  0.488199  0.805366  0.739474  0.637665  0.663950  0.538577  0.690092  0.761029  0.719412  0.726051  0.522363  0.645424  0.814261  0.596033  0.679751  0.641058  0.710544  0.561843  0.482312  0.509491  0.885444  0.558343  0.673207  0.573198  0.766681  0.665274  0.486716  0.714809  0.505071  0.698305  0.587191  0.929962  0.562923  0.678155  0.648197  0.491123  0.562441  0.791580  0.661407  0.535932  0.600074  0.586726  0.502868  0.789327  0.433095 0.0  1.000000  0.582920  0.454683  0.919529  0.646618  0.725146 
54  0.627249  0.851383  0.697714  0.761321  0.694213  0.875514  0.812244  0.848073  0.680272  0.495091  0.570750  0.682106  0.613427  0.642767  0.741370  0.491444  0.750530  0.798032  0.686667  0.460135  0.552772  0.691569  0.852959  0.907375  0.706950  0.661950  0.718840  0.673525  0.561267  0.702913  0.868076  0.778909  0.430831  0.667609  0.668010  0.494920  0.728648  0.613491  0.650613  0.496473  0.634331  0.435622  0.715904  0.761469  0.586100  0.590760  0.631447  0.696701  0.762098  0.780000  0.722165  0.591139  0.678972  1.000000 0.0  0.760213  0.717337  0.571837  0.818211  0.561188 
55  0.497197  0.740352  0.676872  0.598449  0.710455  0.684151  0.530252  0.627357  0.571936  0.657320  0.674870  0.739644  0.661255  0.616579  0.746977  0.512068  0.691792  0.642544  0.698018  0.617921  0.644099  0.536966  0.739761  0.584167  0.660117  0.529612  0.551298  0.669179  0.698598  0.579162  0.584033  0.598832  0.676773  0.760596  0.532261  0.595993  0.520346  0.757623  0.755567  0.791906  0.644770  0.670652  0.663588  0.502826  0.573453  0.620753  0.680468  0.705057  0.643402  0.662056  0.538191  0.666582  0.530154  0.582920  0.760213 0.0  0.585099  0.805362  0.661617  0.709400 
56  0.500673  0.623049  0.675675  0.533794  0.404229  0.759986  0.609951  0.670081  0.561909  0.618533  0.767078  0.618339  0.769014  0.637900  0.712007  0.698299  0.887592  0.675829  0.457425  0.698496  0.589804  0.648005  0.783712  0.747575  0.799531  0.684966  0.621219  0.430391  0.710626  0.637615  0.679336  0.501095  0.454000  0.390067  0.678970  0.753690  0.588554  0.346016  0.661274  0.752317  0.499811  0.572662  0.694156  0.700302  0.693201  0.813101  0.590426  0.679905  0.630936  0.694858  0.518426  0.649314  0.550871  0.454683  0.717337  0.585099 0.0  0.739334  0.553744  0.750407 
57  0.901601  0.797556  0.851221  0.728925  0.676331  0.744937  0.663527  0.753670  0.678263  0.470062  0.697471  0.698681  0.670826  0.531061  0.871585  0.571929  0.839488  0.664337  0.668103  0.705332  0.542859  0.850070  0.636227  0.781433  0.791545  0.643914  0.729466  0.664281  0.617587  0.523613  0.983948  0.723537  0.621607  0.805779  0.586556  0.558568  0.714485  0.747772  0.658206  0.623634  0.730535  0.792379  0.702562  0.734478  0.586402  0.560538  0.738711  0.691191  0.711011  0.752445  0.661270  0.543161  0.679387  0.919529  0.571837  0.805362  0.739334 0.0  0.692000  0.681700 
58  0.454617  0.559830  0.272340  0.669071  0.612551  0.546989  0.517019  0.361576  0.588983  0.728861  0.455914  0.397169  0.494278  0.595739  0.493355  0.736818  0.726458  0.401221  0.576694  0.641095  0.671377  0.580367  0.697436  0.552722  0.692216  0.559724  0.614827  0.645366  0.759898  0.665992  0.566371  0.407580  0.502070  0.773832  0.703416  0.615528  0.612521  0.495765  0.801728  0.817276  0.396315  0.642940  0.706627  0.677517  0.603064  0.720706  0.580958  0.686604  0.363662  0.697427  0.557337  0.550734  0.730400  0.646618  0.818211  0.661617  0.553744  0.692000 0.0  0.695776 
59  0.632140  0.717010  0.762789  0.937590  0.628973  0.932638  0.621538  0.821524  0.622458  0.680847  0.630303  0.672792  0.833331  0.759853  0.755111  0.613916  0.785184  0.643397  0.863242  0.381308  0.337011  0.694065  0.830349  0.853249  0.665785  0.716210  0.682000  0.964741  0.533979  0.737784  0.714030  0.667407  0.498409  0.631735  0.562694  0.516931  0.663202  0.646265  0.677916  0.476195  0.710043  0.478122  0.731405  0.637525  0.728226  0.636908  0.798830  0.702717  0.541297  0.717617  0.676825  0.464808  0.739578  0.725146  0.561188  0.709400  0.750407  0.681700  0.695776 0.0 
