60
0 0.0  0.597933  0.521886  0.452601  0.569316  0.609956  0.640344  0.564841  0.513446  0.709118  0.579312  0.544072  0.556833  0.677013  0.575516  0.694498  0.688757  0.762391  0.682400  0.694396  0.690223  0.528164  0.560308  0.526023  0.648437  0.517153  0.556333  0.587663  0.606107  0.658648  0.440692  0.658879  0.508760  0.682313  0.494820  0.608065  0.695256  0.468063  0.632824  0.772053  0.536820  0.678919  0.736480  0.526557  0.415484  0.744623  0.564947  0.611317  0.506539  0.574883  0.457586  0.760416  0.592567  0.679610  0.855971  0.579292  0.645740  0.617380  0.528780  0.824011 
1  0.597933 0.0  0.562942  0.690307  0.915171  0.642447  0.509501  0.573818  0.667442  0.834550  0.562865  0.570577  0.546795  0.836648  0.504143  0.645915  0.926384  0.563252  0.777237  0.757331  0.797192  0.736379  0.705467  0.682728  0.856023  0.714935  0.739575  0.695423  0.810866  0.592508  0.781614  0.513899  0.673947  0.849776  0.811725  0.740606  0.779249  0.740846  0.850055  0.852445  0.757340  0.708253  0.811327  0.633800  0.737075  0.879363  0.747271  0.708722  0.683450  0.798713  0.608051  0.799476  0.703672  0.733588  0.751789  0.805514  0.851232  0.721846  0.675446  0.778908 
2  0.521886  0.562942 0.0  0.604415  0.517642  0.494479  0.463254  0.283346  0.554336  0.710481  0.585844  0.426433  0.353874  0.676831  0.334073  0.658372  0.692956  0.280378  0.583921  0.775271  0.698681  0.496307  0.704788  0.480341  0.598847  0.623827  0.603546  0.598362  0.733410  0.705184  0.663113  0.167150  0.491539  0.718043  0.589778  0.801617  0.650778  0.640651  0.602400  0.822721  0.178004  0.737344  0.717208  0.627827  0.520881  0.768330  0.575911  0.773732  0.406897  0.635529  0.509187  0.559768  0.697536  0.602354  0.776220  0.712617  0.644907  0.717919  0.282414  0.778731 
3  0.452601  0.690307  0.604415 0.0  0.539703  0.680552  0.668931  0.611880  0.417387  0.710476  0.698257  0.781087  0.651868  0.634558  0.596205  0.771700  0.594172  0.685570  0.518702  0.897824  0.918896  0.757516  0.522773  0.679104  0.528857  0.363832  0.504171  0.422081  0.823386  0.659761  0.711191  0.670772  0.593561  0.731240  0.524571  0.769668  0.601500  0.417580  0.734494  0.805398  0.536582  0.746725  0.725672  0.476660  0.768837  0.757237  0.611497  0.464037  0.645624  0.502375  0.502240  0.669844  0.472385  0.599305  0.645480  0.682926  0.574795  0.736323  0.632194  0.855840 
4  0.569316  0.915171  0.517642  0.539703 0.0  0.848158  0.704653  0.699152  0.619439  0.616138  0.815310  0.658841  0.614985  0.523539  0.820708  0.625548  0.720482  0.666821  0.581519  0.658182  0.612185  0.819937  0.851175  0.708084  0.719854  0.680377  0.621769  0.665615  0.765156  0.713378  0.651567  0.679128  0.481029  0.522327  0.697022  0.505628  0.618034  0.360199  0.530757  0.656581  0.683790  0.636887  0.720530  0.705662  0.584991  0.746319  0.626931  0.670610  0.644564  0.780065  0.571931  0.436927  0.812669  0.631111  0.688856  0.696116  0.440067  0.661679  0.653783  0.612801 
5  0.609956  0.642447  0.494479  0.680552  0.848158 0.0  0.596954  0.673158  0.846490  0.950765  0.594660  0.781121  0.611962  0.809442  0.772978  0.683254  0.966866  0.655807  0.590150  0.915024  0.970640  0.831447  0.732455  0.470379  0.869016  0.739263  0.671415  0.798500  0.902441  0.765670  0.725195  0.662342  0.784088  0.788215  0.784633  0.869723  0.790941  0.807792  0.639756  1.000000  0.665203  0.852233  0.820454  0.635848  0.721437  0.831967  0.787663  0.610595  0.664021  0.678123  0.660539  0.854125  0.843004  0.911538  0.940084  0.650513  0.764934  0.704429  0.600553  0.912242 
6  0.640344  0.509501  0.463254  0.668931  0.704653  0.596954 0.0  0.410883  0.622560  0.732809  0.565013  0.298518  0.514505  0.835546  0.426073  0.622422  0.744776  0.375454  0.700146  0.698255  0.581152  0.643890  0.693733  0.612749  0.777972  0.558558  0.440380  0.614685  0.694700  0.703890  0.568563  0.214483  0.704730  0.862433  0.598133  0.681065  0.749247  0.802265  0.758960  0.728395  0.466899  0.722000  0.916649  0.601307  0.789457  0.778715  0.664625  0.683439  0.431851  0.715022  0.584697  0.637304  0.613531  0.758509  0.754063  0.626332  0.593196  0.802836  0.481634  0.603987 
7  0.564841  0.573818  0.283346  0.611880  0.699152  0.673158  0.410883 0.0  0.619249  0.765496  0.444047  0.390471  0.424490  0.749910  0.388274  0.620411  0.709962  0.389505  0.540828  0.765933  0.694078  0.652280  0.687376  0.457315  0.653355  0.501475  0.705495  0.731892  0.774063  0.748045  0.759009  0.525708  0.664763  0.805001  0.739165  0.782832  0.685133  0.782135  0.752606  0.873929  0.415175  0.685118  0.868366  0.679829  0.756841  0.765036  0.685413  0.604464  0.344634  0.748875  0.707505  0.685579  0.734012  0.693809  0.747642  0.631335  0.746117  0.801744  0.391219  0.808663 
8  0.513446  0.667442  0.554336  0.417387  0.619439  0.846490  0.622560  0.619249 0.0  0.749918  0.542843  0.651606  0.559980  0.578226  0.580123  0.657236  0.524105  0.637142  0.543330  0.606991  0.662226  0.607214  0.495961  0.612201  0.647657  0.444774  0.456337  0.566774  0.695854  0.491765  0.767320  0.613263  0.635752  0.680200  0.380828  0.601870  0.417619  0.529935  0.509704  0.783595  0.440927  0.757458  0.601943  0.383764  0.556038  0.721912  0.477142  0.359439  0.598617  0.570997  0.358866  0.653851  0.355908  0.513687  0.786728  0.609347  0.539460  0.598392  0.607241  0.856361 
9  0.709118  0.834550  0.710481  0.710476  0.616138  0.950765  0.732809  0.765496  0.749918 0.0  0.912039  0.762179  0.842228  0.739715  0.751081  0.605749  0.821680  0.786917  0.895487  0.487836  0.714040  0.593926  0.797117  0.886023  0.679667  0.827698  0.757074  0.830494  0.646083  0.742658  0.780732  0.655807  0.604118  0.767570  0.664557  0.606637  0.669813  0.718008  0.605375  0.467892  0.797343  0.481873  0.627675  0.577829  0.594894  0.688940  0.717342  0.919567  0.851401  0.727050  0.797882  0.667495  0.648651  0.879235  0.688509  0.628058  0.560113  0.540243  0.771948  0.679422 
10  0.579312  0.562865  0.585844  0.698257  0.815310  0.594660  0.565013  0.444047  0.542843  0.912039 0.0  0.533987  0.593745  0.944412  0.536124  0.669278  0.757639  0.556667  0.645074  0.379348  0.593905  0.530143  0.769914  0.597906  0.934951  0.659936  0.666036  0.624000  0.695905  0.818218  0.577016  0.653401  0.661382  0.806237  0.515931  0.505612  0.654789  0.659873  0.887594  0.686239  0.594796  0.652200  0.764363  0.650254  0.725890  0.675154  0.664923  0.738777  0.418855  0.637601  0.731161  0.656609  0.701518  0.744620  0.723770  0.750295  0.713681  0.674723  0.386076  0.547883 
11  0.544072  0.570577  0.426433  0.781087  0.658841  0.781121  0.298518  0.390471  0.651606  0.762179  0.533987 0.0  0.513923  0.745684  0.481579  0.706292  0.573340  0.396786  0.624470  0.725266  0.579125  0.736752  0.676881  0.577611  0.620809  0.668299  0.640025  0.680215  0.579687  0.499788  0.692073  0.320009  0.645563  0.705103  0.731104  0.656898  0.770815  0.683514  0.743837  0.795228  0.465273  0.670540  0.775210  0.677348  0.667626  0.766823  0.693464  0.933104  0.441476  0.661100  0.584737  0.345100  0.489426  0.648267  0.641657  0.639600  0.634558  0.879188  0.367381  0.824951 
12  0.556833  0.546795  0.353874  0.651868  0.614985  0.611962  0.514505  0.424490  0.559980  0.842228  0.593745  0.513923 0.0  0.545972  0.459108  0.504855  0.870187  0.502894  0.661807  0.836692  0.592016  0.632011  0.641903  0.537307  0.917325  0.537875  0.645943  0.574972  0.598246  0.611158  0.536006  0.417000  0.479288  0.926422  0.565224  0.509440  0.564096  0.584817  0.733883  0.726662  0.353002  0.790448  0.787247  0.632090  0.601812  0.786691  0.560962  0.562439  0.320779  0.636184  0.665629  0.542110  0.743524  0.742041  0.700767  0.650951  0.735527  0.704298  0.478111  0.650662 
13  0.677013  0.836648  0.676831  0.634558  0.523539  0.809442  0.835546  0.749910  0.578226  0.739715  0.944412  0.745684  0.545972 0.0  0.762466  0.691633  0.720225  0.733368  0.571113  0.773678  0.726530  0.638507  0.645120  0.670565  0.585879  0.612543  0.464936  0.563178  0.747197  0.557017  0.568577  0.650119  0.456516  0.680260  0.413764  0.667512  0.413100  0.542314  0.564590  0.942085  0.622753  0.708210  0.726513  0.489913  0.648957  0.717140  0.626144  0.543528  0.728800  0.772210  0.415928  0.641374  0.617919  0.673585  0.719390  0.663353  0.740500  0.661373  0.661274  0.901737 
14  0.575516  0.504143  0.334073  0.596205  0.820708  0.772978  0.426073  0.388274  0.580123  0.751081  0.536124  0.481579  0.459108  0.762466 0.0  0.739786  0.678150  0.563686  0.648501  0.674354  0.697668  0.549528  0.798339  0.669458  0.712032  0.553617  0.499809  0.698509  0.600290  0.815657  0.690554  0.382406  0.616670  0.852138  0.547627  0.729761  0.834458  0.646598  0.704174  0.713881  0.349546  0.726452  0.672190  0.685877  0.725826  0.699292  0.693442  0.677900  0.463369  0.712053  0.640147  0.732459  0.557728  0.636957  0.850341  0.796790  0.727283  0.810259  0.482779  0.696873 
15  0.694498  0.645915  0.658372  0.771700  0.625548  0.683254  0.622422  0.620411  0.657236  0.605749  0.669278  0.706292  0.504855  0.691633  0.739786 0.0  0.740063  0.651732  0.723622  0.807576  0.570449  0.661840  0.677274  0.662886  0.713962  0.649003  0.682588  0.625469  0.705554  0.502263  0.680340  0.598809  0.615333  0.693942  0.624985  0.533880  0.559320  0.604718  0.768051  0.734995  0.602415  0.558182  0.644590  0.625581  0.653583  0.683824  0.694395  0.548154  0.618970  0.593600  0.492976  0.545482  0.677460  0.802777  0.540866  0.691057  0.760783  0.544379  0.691271  0.783307 
16  0.688757  0.926384  0.692956  0.594172  0.720482  0.966866  0.744776  0.709962  0.524105  0.821680  0.757639  0.573340  0.870187  0.720225  0.678150  0.740063 0.0  0.931462  0.874114  0.654699  0.744890  0.589354  0.497650  0.883757  0.384642  0.540845  0.591154  0.871994  0.761350  0.793709  0.769859  0.790660  0.846892  0.802011  0.547357  0.925160  0.625275  0.931589  0.645888  0.719858  0.836313  0.726336  0.582146  0.577689  0.934730  0.678356  0.705619  0.625367  0.703664  0.527924  0.749237  0.802987  0.656715  0.672908  0.823150  0.817706  0.714669  0.890652  0.704792  0.751611 
17  0.762391  0.563252  0.280378  0.685570  0.666821  0.655807  0.375454  0.389505  0.637142  0.786917  0.556667  0.396786  0.502894  0.733368  0.563686  0.651732  0.931462 0.0  0.862695  0.762086  0.601681  0.800515  0.830916  0.696037  0.727478  0.730005  0.680839  0.758120  0.845895  0.737694  0.794425  0.294482  0.579796  0.811804  0.652583  0.631404  0.652670  0.726403  0.628832  0.897686  0.340096  0.673227  0.787328  0.590777  0.767966  0.818875  0.730208  0.784165  0.370201  0.719969  0.534629  0.547504  0.683208  0.764223  0.704202  0.663749  0.688365  0.783074  0.413142  0.714119 
18  0.682400  0.777237  0.583921  0.518702  0.581519  0.590150  0.700146  0.540828  0.543330  0.895487  0.645074  0.624470  0.661807  0.571113  0.648501  0.723622  0.874114  0.862695 0.0  0.753424  0.789277  0.582170  0.606820  0.648904  0.850636  0.642919  0.506663  0.404678  0.728366  0.699565  0.611688  0.489340  0.597533  0.626042  0.671697  0.792031  0.716235  0.548331  0.754038  0.875663  0.629326  0.692546  0.764369  0.682828  0.581712  0.743872  0.642099  0.678370  0.622555  0.604527  0.558399  0.705152  0.570266  0.678851  0.937753  0.723201  0.561748  0.815074  0.570962  0.934692 
19  0.694396  0.757331  0.775271  0.897824  0.658182  0.915024  0.698255  0.765933  0.606991  0.487836  0.379348  0.725266  0.836692  0.773678  0.674354  0.807576  0.654699  0.762086  0.753424 0.0  0.217421  0.687663  0.772270  0.918376  0.760418  0.807095  0.668613  0.855257  0.510114  0.737822  0.599837  0.594050  0.420879  0.708356  0.695810  0.388844  0.711565  0.631024  0.635524  0.382704  0.690875  0.421527  0.665690  0.787622  0.626646  0.451482  0.655417  0.863997  0.658674  0.816862  0.742185  0.454072  0.827202  0.717442  0.507083  0.709803  0.811063  0.636857  0.650870  0.305931 
20  0.690223  0.797192  0.698681  0.918896  0.612185  0.970640  0.581152  0.694078  0.662226  0.714040  0.593905  0.579125  0.592016  0.726530  0.697668  0.570449  0.744890  0.601681  0.789277  0.217421 0.0  0.664136  0.836960  0.738277  0.845302  0.765593  0.629604  0.896934  0.381732  0.627999  0.748184  0.591994  0.425892  0.782327  0.639533  0.418018  0.694172  0.747024  0.537255  0.384076  0.711835  0.522689  0.660786  0.691719  0.807252  0.475817  0.659493  0.860171  0.685704  0.667742  0.623132  0.267187  0.714861  0.743948  0.423738  0.693877  0.739495  0.507523  0.656818  0.357061 
21  0.528164  0.736379  0.496307  0.757516  0.819937  0.831447  0.643890  0.652280  0.607214  0.593926  0.530143  0.736752  0.632011  0.638507  0.549528  0.661840  0.589354  0.800515  0.582170  0.687663  0.664136 0.0  0.585050  0.827043  0.562711  0.604730  0.507329  0.564207  0.690629  0.684537  0.663529  0.797240  0.735239  0.725390  0.648613  0.683625  0.696180  0.765832  0.774647  0.807773  0.752343  0.755909  0.644980  0.568805  0.652636  0.573747  0.581691  0.640482  0.712944  0.713268  0.638000  0.698119  0.684176  0.645215  0.774438  0.677400  0.664740  0.703886  0.459630  0.784499 
22  0.560308  0.705467  0.704788  0.522773  0.851175  0.732455  0.693733  0.687376  0.495961  0.797117  0.769914  0.676881  0.641903  0.645120  0.798339  0.677274  0.497650  0.830916  0.606820  0.772270  0.836960  0.585050 0.0  0.760586  0.657485  0.453377  0.620078  0.658847  0.741471  0.612057  0.775641  0.723413  0.924185  0.712784  0.561366  0.831604  0.662567  0.790068  0.636495  0.914849  0.656833  0.797257  0.661154  0.643164  0.672462  0.726711  0.581297  0.518451  0.709187  0.602266  0.554966  0.731477  0.575727  0.636401  0.887224  0.620878  0.843833  0.804549  0.742545  0.864851 
23  0.526023  0.682728  0.480341  0.679104  0.708084  0.470379  0.612749  0.457315  0.612201  0.886023  0.597906  0.577611  0.537307  0.670565  0.669458  0.662886  0.883757  0.696037  0.648904  0.918376  0.738277  0.827043  0.760586 0.0  0.791025  0.605156  0.544433  0.705765  0.664325  0.604573  0.551948  0.496877  0.637498  0.821647  0.661571  0.766284  0.669479  0.667930  0.883142  0.978836  0.747926  0.765344  0.763027  0.725655  0.500589  0.661187  0.613224  0.672633  0.534482  0.774915  0.715185  0.730031  0.855352  0.698549  0.949239  0.639051  0.786764  0.740370  0.423900  0.769651 
24  0.648437  0.856023  0.598847  0.528857  0.719854  0.869016  0.777972  0.653355  0.647657  0.679667  0.934951  0.620809  0.917325  0.585879  0.712032  0.713962  0.384642  0.727478  0.850636  0.760418  0.845302  0.562711  0.657485  0.791025 0.0  0.597826  0.620145  0.764381  0.919450  0.624060  0.795591  0.641514  0.908786  0.599119  0.683074  0.874612  0.667371  0.794215  0.483184  0.811377  0.644442  0.711846  0.522991  0.583777  0.873385  0.657270  0.834910  0.732871  0.646670  0.618268  0.530581  0.585893  0.776602  0.715722  0.906738  0.686918  0.905416  0.739144  0.692880  0.757379 
25  0.517153  0.714935  0.623827  0.363832  0.680377  0.739263  0.558558  0.501475  0.444774  0.827698  0.659936  0.668299  0.537875  0.612543  0.553617  0.649003  0.540845  0.730005  0.642919  0.807095  0.765593  0.604730  0.453377  0.605156  0.597826 0.0  0.267162  0.584943  0.645170  0.568479  0.606695  0.702711  0.776298  0.689518  0.367222  0.722067  0.448324  0.624646  0.711133  0.689298  0.674330  0.689410  0.672716  0.415582  0.638677  0.669914  0.696160  0.354386  0.594528  0.510306  0.363110  0.682378  0.343624  0.505751  0.843745  0.648829  0.555271  0.779066  0.587564  0.750533 
26  0.556333  0.739575  0.603546  0.504171  0.621769  0.671415  0.440380  0.705495  0.456337  0.757074  0.666036  0.640025  0.645943  0.464936  0.499809  0.682588  0.591154  0.680839  0.506663  0.668613  0.629604  0.507329  0.620078  0.544433  0.620145  0.267162 0.0  0.500645  0.678065  0.537579  0.636217  0.721877  0.552309  0.774202  0.378529  0.610797  0.547422  0.481965  0.563997  0.846290  0.579117  0.719453  0.655912  0.329059  0.633847  0.611285  0.525142  0.385995  0.539569  0.584368  0.421204  0.728299  0.378455  0.532109  0.770231  0.566573  0.592221  0.715996  0.636387  0.724762 
27  0.587663  0.695423  0.598362  0.422081  0.665615  0.798500  0.614685  0.731892  0.566774  0.830494  0.624000  0.680215  0.574972  0.563178  0.698509  0.625469  0.871994  0.758120  0.404678  0.855257  0.896934  0.564207  0.658847  0.705765  0.764381  0.584943  0.500645 0.0  0.717291  0.611844  0.696749  0.779650  0.582597  0.809324  0.522867  0.840663  0.565377  0.421351  0.617713  0.760396  0.513339  0.700517  0.760212  0.642108  0.485588  0.861208  0.604204  0.481001  0.624232  0.695602  0.499025  0.753546  0.593500  0.427688  0.845015  0.657821  0.485078  0.723272  0.602038  0.924234 
28  0.606107  0.810866  0.733410  0.823386  0.765156  0.902441  0.694700  0.774063  0.695854  0.646083  0.695905  0.579687  0.598246  0.747197  0.600290  0.705554  0.761350  0.845895  0.728366  0.510114  0.381732  0.690629  0.741471  0.664325  0.919450  0.645170  0.678065  0.717291 0.0  0.638064  0.784759  0.649857  0.647612  0.647512  0.790471  0.569551  0.732199  0.747128  0.683410  0.642203  0.738323  0.596552  0.737194  0.719119  0.686549  0.447659  0.679222  0.720135  0.742378  0.781772  0.688848  0.717448  0.588017  0.951237  0.636109  0.763128  0.782857  0.771215  0.745121  0.435257 
29  0.658648  0.592508  0.705184  0.659761  0.713378  0.765670  0.703890  0.748045  0.491765  0.742658  0.818218  0.499788  0.611158  0.557017  0.815657  0.502263  0.793709  0.737694  0.699565  0.737822  0.627999  0.684537  0.612057  0.604573  0.624060  0.568479  0.537579  0.611844  0.638064 0.0  0.790084  0.538373  0.582600  0.665965  0.447317  0.791084  0.548646  0.664041  0.434186  0.675575  0.616651  0.649451  0.605839  0.546178  0.566524  0.742089  0.723730  0.727600  0.680726  0.598904  0.415166  0.579746  0.442920  0.561345  0.773924  0.696470  0.640644  0.699781  0.618455  0.675466 
30  0.440692  0.781614  0.663113  0.711191  0.651567  0.725195  0.568563  0.759009  0.767320  0.780732  0.577016  0.692073  0.536006  0.568577  0.690554  0.680340  0.769859  0.794425  0.611688  0.599837  0.748184  0.663529  0.775641  0.551948  0.795591  0.606695  0.636217  0.696749  0.784759  0.790084 0.0  0.674041  0.663120  0.731804  0.734871  0.654866  0.664902  0.690082  0.750122  0.882817  0.643956  0.757904  0.606519  0.722328  0.620119  0.693378  0.572121  0.600443  0.680907  0.708344  0.765894  0.702836  0.691868  0.684954  0.859806  0.711584  0.750420  0.842211  0.724272  0.767402 
31  0.658879  0.513899  0.167150  0.670772  0.679128  0.662342  0.214483  0.525708  0.613263  0.655807  0.653401  0.320009  0.417000  0.650119  0.382406  0.598809  0.790660  0.294482  0.489340  0.594050  0.591994  0.797240  0.723413  0.496877  0.641514  0.702711  0.721877  0.779650  0.649857  0.538373  0.674041 0.0  0.430731  0.786764  0.539641  0.530562  0.676310  0.480708  0.736385  0.702584  0.328416  0.729625  0.754492  0.639828  0.660598  0.840209  0.587100  0.695197  0.397032  0.644023  0.520491  0.566385  0.483962  0.658881  0.676519  0.664809  0.600626  0.640323  0.476381  0.831522 
32  0.508760  0.673947  0.491539  0.593561  0.481029  0.784088  0.704730  0.664763  0.635752  0.604118  0.661382  0.645563  0.479288  0.456516  0.616670  0.615333  0.846892  0.579796  0.597533  0.420879  0.425892  0.735239  0.924185  0.637498  0.908786  0.776298  0.552309  0.582597  0.647612  0.582600  0.663120  0.430731 0.0  0.781567  0.697010  0.327496  0.469787  0.408228  0.667559  0.463116  0.561043  0.589622  0.673118  0.599370  0.491868  0.783667  0.531518  0.668426  0.605745  0.731845  0.610897  0.242542  0.692386  0.775841  0.447396  0.675540  0.510908  0.598128  0.544250  0.571367 
33  0.682313  0.849776  0.718043  0.731240  0.522327  0.788215  0.862433  0.805001  0.680200  0.767570  0.806237  0.705103  0.926422  0.680260  0.852138  0.693942  0.802011  0.811804  0.626042  0.708356  0.782327  0.725390  0.712784  0.821647  0.599119  0.689518  0.774202  0.809324  0.647512  0.665965  0.731804  0.786764  0.781567 0.0  0.707263  0.729853  0.826245  0.520373  0.801158  0.732162  0.645516  0.825385  0.786114  0.729198  0.773649  0.657103  0.648320  0.792512  0.773021  0.742317  0.706845  0.664240  0.754114  0.517480  0.678887  0.739871  0.353971  0.897744  0.738429  0.549051 
34  0.494820  0.811725  0.589778  0.524571  0.697022  0.784633  0.598133  0.739165  0.380828  0.664557  0.515931  0.731104  0.565224  0.413764  0.547627  0.624985  0.547357  0.652583  0.671697  0.695810  0.639533  0.648613  0.561366  0.661571  0.683074  0.367222  0.378529  0.522867  0.790471  0.447317  0.734871  0.539641  0.697010  0.707263 0.0  0.559387  0.410552  0.514192  0.544947  0.774153  0.520785  0.663201  0.683692  0.334992  0.611250  0.715030  0.693973  0.473175  0.484942  0.564343  0.373353  0.764574  0.330024  0.494750  0.776047  0.636308  0.653879  0.569824  0.645046  0.704605 
35  0.608065  0.740606  0.801617  0.769668  0.505628  0.869723  0.681065  0.782832  0.601870  0.606637  0.505612  0.656898  0.509440  0.667512  0.729761  0.533880  0.925160  0.631404  0.792031  0.388844  0.418018  0.683625  0.831604  0.766284  0.874612  0.722067  0.610797  0.840663  0.569551  0.791084  0.654866  0.530562  0.327496  0.729853  0.559387 0.0  0.530634  0.634259  0.728808  0.489834  0.579650  0.379788  0.842435  0.628372  0.520320  0.647012  0.634167  0.633764  0.648114  0.666967  0.600410  0.439686  0.675426  0.757939  0.440174  0.662952  0.543960  0.597112  0.676842  0.529117 
36  0.695256  0.779249  0.650778  0.601500  0.618034  0.790941  0.749247  0.685133  0.417619  0.669813  0.654789  0.770815  0.564096  0.413100  0.834458  0.559320  0.625275  0.652670  0.716235  0.711565  0.694172  0.696180  0.662567  0.669479  0.667371  0.448324  0.547422  0.565377  0.732199  0.548646  0.664902  0.676310  0.469787  0.826245  0.410552  0.530634 0.0  0.460490  0.615604  0.828258  0.555540  0.793069  0.601592  0.475310  0.512430  0.834820  0.497188  0.401278  0.624749  0.510242  0.452860  0.702230  0.449851  0.488211  0.801670  0.581797  0.685143  0.571719  0.683606  0.762803 
37  0.468063  0.740846  0.640651  0.417580  0.360199  0.807792  0.802265  0.782135  0.529935  0.718008  0.659873  0.683514  0.584817  0.542314  0.646598  0.604718  0.931589  0.726403  0.548331  0.631024  0.747024  0.765832  0.790068  0.667930  0.794215  0.624646  0.481965  0.421351  0.747128  0.664041  0.690082  0.480708  0.408228  0.520373  0.514192  0.634259  0.460490 0.0  0.659373  0.777390  0.600147  0.601924  0.809442  0.701870  0.404474  0.706049  0.378299  0.513682  0.552418  0.603419  0.538400  0.580407  0.565994  0.516255  0.726588  0.796439  0.443737  0.797932  0.588269  0.720387 
38  0.632824  0.850055  0.602400  0.734494  0.530757  0.639756  0.758960  0.752606  0.509704  0.605375  0.887594  0.743837  0.733883  0.564590  0.704174  0.768051  0.645888  0.628832  0.754038  0.635524  0.537255  0.774647  0.636495  0.883142  0.483184  0.711133  0.563997  0.617713  0.683410  0.434186  0.750122  0.736385  0.667559  0.801158  0.544947  0.728808  0.615604  0.659373 0.0  0.536083  0.680593  0.730047  0.469341  0.761271  0.689961  0.485905  0.818062  0.646947  0.669691  0.507544  0.473026  0.550690  0.583220  0.669816  0.638825  0.739130  0.694307  0.641998  0.679496  0.712794 
39  0.772053  0.852445  0.822721  0.805398  0.656581  1.000000  0.728395  0.873929  0.783595  0.467892  0.686239  0.795228  0.726662  0.942085  0.713881  0.734995  0.719858  0.897686  0.875663  0.382704  0.384076  0.807773  0.914849  0.978836  0.811377  0.689298  0.846290  0.760396  0.642203  0.675575  0.882817  0.702584  0.463116  0.732162  0.774153  0.489834  0.828258  0.777390  0.536083 0.0  0.773464  0.345249  0.809862  0.944630  0.692715  0.429672  0.718076  0.787923  0.664388  0.690909  0.782609  0.600183  0.802375  0.899191  0.524747  0.709490  0.793263  0.681690  0.764603  0.391299 
40  0.536820  0.757340  0.178004  0.536582  0.683790  0.665203  0.466899  0.415175  0.440927  0.797343  0.594796  0.465273  0.353002  0.622753  0.349546  0.602415  0.836313  0.340096  0.629326  0.690875  0.711835  0.752343  0.656833  0.747926  0.644442  0.674330  0.579117  0.513339  0.738323  0.616651  0.643956  0.328416  0.561043  0.645516  0.520785  0.579650  0.555540  0.600147  0.680593  0.773464 0.0  0.757067  0.659242  0.557508  0.631998  0.821991  0.584280  0.600193  0.347827  0.672780  0.493631  0.702839  0.649276  0.702579  0.670327  0.656902  0.624737  0.605503  0.434950  0.782112 
41  0.678919  0.708253  0.737344  0.746725  0.636887  0.852233  0.722000  0.685118  0.757458  0.481873  0.652200  0.670540  0.790448  0.708210  0.726452  0.558182  0.726336  0.673227  0.692546  0.421527  0.522689  0.755909  0.797257  0.765344  0.711846  0.689410  0.719453  0.700517  0.596552  0.649451  0.757904  0.729625  0.589622  0.825385  0.663201  0.379788  0.793069  0.601924  0.730047  0.345249  0.757067 0.0  0.775594  0.668904  0.724755  0.606017  0.541644  0.812032  0.837277  0.737308  0.698901  0.581301  0.779589  0.772937  0.453437  0.678639  0.589120  0.779402  0.718381  0.433118 
42  0.736480  0.811327  0.717208  0.725672  0.720530  0.820454  0.916649  0.868366  0.601943  0.627675  0.764363  0.775210  0.787247  0.726513  0.672190  0.644590  0.582146  0.787328  0.764369  0.665690  0.660786  0.644980  0.661154  0.763027  0.522991  0.672716  0.655912  0.760212  0.737194  0.605839  0.606519  0.754492  0.673118  0.786114  0.683692  0.842435  0.601592  0.809442  0.469341  0.809862  0.659242  0.775594 0.0  0.603866  0.772530  0.671489  0.741072  0.711560  0.829233  0.630842  0.714148  0.878669  0.517498  0.685436  0.678009  0.736437  0.683880  0.717031  0.783035  0.765769 
43  0.526557  0.633800  0.627827  0.476660  0.705662  0.635848  0.601307  0.679829  0.383764  0.577829  0.650254  0.677348  0.632090  0.489913  0.685877  0.625581  0.577689  0.590777  0.682828  0.787622  0.691719  0.568805  0.643164  0.725655  0.583777  0.415582  0.329059  0.642108  0.719119  0.546178  0.722328  0.639828  0.599370  0.729198  0.334992  0.628372  0.475310  0.701870  0.761271  0.944630  0.557508  0.668904  0.603866 0.0  0.543856  0.824033  0.770257  0.281708  0.561309  0.569459  0.576791  0.777283  0.399848  0.574397  0.832712  0.485276  0.643555  0.674874  0.764680  0.667668 
44  0.415484  0.737075  0.520881  0.768837  0.584991  0.721437  0.789457  0.756841  0.556038  0.594894  0.725890  0.667626  0.601812  0.648957  0.725826  0.653583  0.934730  0.767966  0.581712  0.626646  0.807252  0.652636  0.672462  0.500589  0.873385  0.638677  0.633847  0.485588  0.686549  0.566524  0.620119  0.660598  0.491868  0.773649  0.611250  0.520320  0.512430  0.404474  0.689961  0.692715  0.631998  0.724755  0.772530  0.543856 0.0  0.727257  0.422522  0.731487  0.668432  0.767485  0.689817  0.813630  0.735015  0.607195  0.697063  0.565739  0.654381  0.638233  0.577070  0.719232 
45  0.744623  0.879363  0.768330  0.757237  0.746319  0.831967  0.778715  0.765036  0.721912  0.688940  0.675154  0.766823  0.786691  0.717140  0.699292  0.683824  0.678356  0.818875  0.743872  0.451482  0.475817  0.573747  0.726711  0.661187  0.657270  0.669914  0.611285  0.861208  0.447659  0.742089  0.693378  0.840209  0.783667  0.657103  0.715030  0.647012  0.834820  0.706049  0.485905  0.429672  0.821991  0.606017  0.671489  0.824033  0.727257 0.0  0.750041  0.817813  0.661239  0.610381  0.745246  0.600406  0.734170  0.885264  0.671969  0.633629  0.783256  0.704150  0.870135  0.599523 
46  0.564947  0.747271  0.575911  0.611497  0.626931  0.787663  0.664625  0.685413  0.477142  0.717342  0.664923  0.693464  0.560962  0.626144  0.693442  0.694395  0.705619  0.730208  0.642099  0.655417  0.659493  0.581691  0.581297  0.613224  0.834910  0.696160  0.525142  0.604204  0.679222  0.723730  0.572121  0.587100  0.531518  0.648320  0.693973  0.634167  0.497188  0.378299  0.818062  0.718076  0.584280  0.541644  0.741072  0.770257  0.422522  0.750041 0.0  0.520115  0.608269  0.556944  0.509988  0.656219  0.670423  0.567392  0.797943  0.665460  0.698235  0.669058  0.514037  0.756163 
47  0.611317  0.708722  0.773732  0.464037  0.670610  0.610595  0.683439  0.604464  0.359439  0.919567  0.738777  0.933104  0.562439  0.543528  0.677900  0.548154  0.625367  0.784165  0.678370  0.863997  0.860171  0.640482  0.518451  0.672633  0.732871  0.354386  0.385995  0.481001  0.720135  0.727600  0.600443  0.695197  0.668426  0.792512  0.473175  0.633764  0.401278  0.513682  0.646947  0.787923  0.600193  0.812032  0.711560  0.281708  0.731487  0.817813  0.520115 0.0  0.730139  0.579293  0.600507  0.814054  0.370800  0.671911  0.873553  0.567654  0.685701  0.701832  0.655932  0.837215 
48  0.506539  0.683450  0.406897  0.645624  0.644564  0.664021  0.431851  0.344634  0.598617  0.851401  0.418855  0.441476  0.320779  0.728800  0.463369  0.618970  0.703664  0.370201  0.622555  0.658674  0.685704  0.712944  0.709187  0.534482  0.646670  0.594528  0.539569  0.624232  0.742378  0.680726  0.680907  0.397032  0.605745  0.773021  0.484942  0.648114  0.624749  0.552418  0.669691  0.664388  0.347827  0.837277  0.829233  0.561309  0.668432  0.661239  0.608269  0.730139 0.0  0.672153  0.463435  0.474048  0.640058  0.544158  0.763515  0.610561  0.696690  0.706798  0.461581  0.619247 
49  0.574883  0.798713  0.635529  0.502375  0.780065  0.678123  0.715022  0.748875  0.570997  0.727050  0.637601  0.661100  0.636184  0.772210  0.712053  0.593600  0.527924  0.719969  0.604527  0.816862  0.667742  0.713268  0.602266  0.774915  0.618268  0.510306  0.584368  0.695602  0.781772  0.598904  0.708344  0.644023  0.731845  0.742317  0.564343  0.666967  0.510242  0.603419  0.507544  0.690909  0.672780  0.737308  0.630842  0.569459  0.767485  0.610381  0.556944  0.579293  0.672153 0.0  0.527976  0.600710  0.551161  0.609849  0.722451  0.732323  0.705636  0.710779  0.721164  0.734150 
50  0.457586  0.608051  0.509187  0.502240  0.571931  0.660539  0.584697  0.707505  0.358866  0.797882  0.731161  0.584737  0.665629  0.415928  0.640147  0.492976  0.749237  0.534629  0.558399  0.742185  0.623132  0.638000  0.554966  0.715185  0.530581  0.363110  0.421204  0.499025  0.688848  0.415166  0.765894  0.520491  0.610897  0.706845  0.373353  0.600410  0.452860  0.538400  0.473026  0.782609  0.493631  0.698901  0.714148  0.576791  0.689817  0.745246  0.509988  0.600507  0.463435  0.527976 0.0  0.531828  0.488311  0.526043  0.611184  0.560371  0.503192  0.648515  0.576900  0.741175 
51  0.760416  0.799476  0.559768  0.669844  0.436927  0.854125  0.637304  0.685579  0.653851  0.667495  0.656609  0.345100  0.542110  0.641374  0.732459  0.545482  0.802987  0.547504  0.705152  0.454072  0.267187  0.698119  0.731477  0.730031  0.585893  0.682378  0.728299  0.753546  0.717448  0.579746  0.702836  0.566385  0.242542  0.664240  0.764574  0.439686  0.702230  0.580407  0.550690  0.600183  0.702839  0.581301  0.878669  0.777283  0.813630  0.600406  0.656219  0.814054  0.474048  0.600710  0.531828 0.0  0.785829  0.838554  0.551015  0.640747  0.677663  0.579348  0.587757  0.540667 
52  0.592567  0.703672  0.697536  0.472385  0.812669  0.843004  0.613531  0.734012  0.355908  0.648651  0.701518  0.489426  0.743524  0.617919  0.557728  0.677460  0.656715  0.683208  0.570266  0.827202  0.714861  0.684176  0.575727  0.855352  0.776602  0.343624  0.378455  0.593500  0.588017  0.442920  0.691868  0.483962  0.692386  0.754114  0.330024  0.675426  0.449851  0.565994  0.583220  0.802375  0.649276  0.779589  0.517498  0.399848  0.735015  0.734170  0.670423  0.370800  0.640058  0.551161  0.488311  0.785829 0.0  0.429681  0.710134  0.690945  0.668453  0.753595  0.686484  0.799541 
53  0.679610  0.733588  0.602354  0.599305  0.631111  0.911538  0.758509  0.693809  0.513687  0.879235  0.744620  0.648267  0.742041  0.673585  0.636957  0.802777  0.672908  0.764223  0.678851  0.717442  0.743948  0.645215  0.636401  0.698549  0.715722  0.505751  0.532109  0.427688  0.951237  0.561345  0.684954  0.658881  0.775841  0.517480  0.494750  0.757939  0.488211  0.516255  0.669816  0.899191  0.702579  0.772937  0.685436  0.574397  0.607195  0.885264  0.567392  0.671911  0.544158  0.609849  0.526043  0.838554  0.429681 0.0  0.870346  0.541964  0.518643  0.862831  0.568122  0.854324 
54  0.855971  0.751789  0.776220  0.645480  0.688856  0.940084  0.754063  0.747642  0.786728  0.688509  0.723770  0.641657  0.700767  0.719390  0.850341  0.540866  0.823150  0.704202  0.937753  0.507083  0.423738  0.774438  0.887224  0.949239  0.906738  0.843745  0.770231  0.845015  0.636109  0.773924  0.859806  0.676519  0.447396  0.678887  0.776047  0.440174  0.801670  0.726588  0.638825  0.524747  0.670327  0.453437  0.678009  0.832712  0.697063  0.671969  0.797943  0.873553  0.763515  0.722451  0.611184  0.551015  0.710134  0.870346 0.0  0.756411  0.813667  0.706183  0.793960  0.742554 
55  0.579292  0.805514  0.712617  0.682926  0.696116  0.650513  0.626332  0.631335  0.609347  0.628058  0.750295  0.639600  0.650951  0.663353  0.796790  0.691057  0.817706  0.663749  0.723201  0.709803  0.693877  0.677400  0.620878  0.639051  0.686918  0.648829  0.566573  0.657821  0.763128  0.696470  0.711584  0.664809  0.675540  0.739871  0.636308  0.662952  0.581797  0.796439  0.739130  0.709490  0.656902  0.678639  0.736437  0.485276  0.565739  0.633629  0.665460  0.567654  0.610561  0.732323  0.560371  0.640747  0.690945  0.541964  0.756411 0.0  0.606370  0.799816  0.597548  0.738960 
56  0.645740  0.851232  0.644907  0.574795  0.440067  0.764934  0.593196  0.746117  0.539460  0.560113  0.713681  0.634558  0.735527  0.740500  0.727283  0.760783  0.714669  0.688365  0.561748  0.811063  0.739495  0.664740  0.843833  0.786764  0.905416  0.555271  0.592221  0.485078  0.782857  0.640644  0.750420  0.600626  0.510908  0.353971  0.653879  0.543960  0.685143  0.443737  0.694307  0.793263  0.624737  0.589120  0.683880  0.643555  0.654381  0.783256  0.698235  0.685701  0.696690  0.705636  0.503192  0.677663  0.668453  0.518643  0.813667  0.606370 0.0  0.912441  0.519166  0.833384 
57  0.617380  0.721846  0.717919  0.736323  0.661679  0.704429  0.802836  0.801744  0.598392  0.540243  0.674723  0.879188  0.704298  0.661373  0.810259  0.544379  0.890652  0.783074  0.815074  0.636857  0.507523  0.703886  0.804549  0.740370  0.739144  0.779066  0.715996  0.723272  0.771215  0.699781  0.842211  0.640323  0.598128  0.897744  0.569824  0.597112  0.571719  0.797932  0.641998  0.681690  0.605503  0.779402  0.717031  0.674874  0.638233  0.704150  0.669058  0.701832  0.706798  0.710779  0.648515  0.579348  0.753595  0.862831  0.706183  0.799816  0.912441 0.0  0.677935  0.674521 
58  0.528780  0.675446  0.282414  0.632194  0.653783  0.600553  0.481634  0.391219  0.607241  0.771948  0.386076  0.367381  0.478111  0.661274  0.482779  0.691271  0.704792  0.413142  0.570962  0.650870  0.656818  0.459630  0.742545  0.423900  0.692880  0.587564  0.636387  0.602038  0.745121  0.618455  0.724272  0.476381  0.544250  0.738429  0.645046  0.676842  0.683606  0.588269  0.679496  0.764603  0.434950  0.718381  0.783035  0.764680  0.577070  0.870135  0.514037  0.655932  0.461581  0.721164  0.576900  0.587757  0.686484  0.568122  0.793960  0.597548  0.519166  0.677935 0.0  0.652825 
59  0.824011  0.778908  0.778731  0.855840  0.612801  0.912242  0.603987  0.808663  0.856361  0.679422  0.547883  0.824951  0.650662  0.901737  0.696873  0.783307  0.751611  0.714119  0.934692  0.305931  0.357061  0.784499  0.864851  0.769651  0.757379  0.750533  0.724762  0.924234  0.435257  0.675466  0.767402  0.831522  0.571367  0.549051  0.704605  0.529117  0.762803  0.720387  0.712794  0.391299  0.782112  0.433118  0.765769  0.667668  0.719232  0.599523  0.756163  0.837215  0.619247  0.734150  0.741175  0.540667  0.799541  0.854324  0.742554  0.738960  0.833384  0.674521  0.652825 0.0 
