60
0 0.0  0.637708  0.533079  0.448285  0.525460  0.518224  0.575250  0.525063  0.502018  0.767886  0.539872  0.478568  0.609057  0.758050  0.598623  0.536010  0.745387  0.697403  0.556168  0.682101  0.800403  0.354607  0.685476  0.622138  0.800522  0.427666  0.471459  0.552896  0.722672  0.805274  0.362781  0.637220  0.627670  0.680791  0.618206  0.592316  0.506313  0.555322  0.749649  0.791650  0.594673  0.728442  0.750835  0.512793  0.551618  0.678439  0.569499  0.543892  0.520255  0.670109  0.617213  0.600589  0.600380  0.558709  0.834526  0.546593  0.563067  0.710803  0.584089  0.817286 
1  0.637708 0.0  0.611444  0.712764  0.695669  0.661620  0.614884  0.480127  0.693532  0.745994  0.551218  0.684428  0.485405  0.823433  0.486812  0.718168  0.906903  0.517006  0.830568  0.936975  0.694192  0.682263  0.681213  0.663023  0.883717  0.682557  0.716190  0.816061  0.818419  0.642275  0.806643  0.474475  0.797260  0.905242  0.884226  0.745979  0.776953  0.670057  0.867066  0.762674  0.539571  0.802648  0.773906  0.828442  0.767839  0.818864  0.636976  0.651449  0.730203  0.830278  0.791028  0.844489  0.813661  0.787699  0.893784  0.782344  0.731815  0.834580  0.694516  0.837518 
2  0.533079  0.611444 0.0  0.629112  0.648419  0.584794  0.393965  0.340286  0.541116  0.778351  0.485363  0.293765  0.443826  0.778614  0.383248  0.662407  0.789132  0.351325  0.618914  0.623272  0.804177  0.621024  0.703709  0.410076  0.625041  0.624931  0.618871  0.660857  0.663526  0.693674  0.621632  0.259361  0.635161  0.741070  0.503464  0.771160  0.626542  0.529593  0.719730  0.870051  0.335600  0.736147  0.729417  0.620588  0.618134  0.858301  0.650620  0.556379  0.305587  0.638462  0.610748  0.665189  0.810473  0.634848  0.872478  0.755615  0.582858  0.821451  0.192551  0.732121 
3  0.448285  0.712764  0.629112 0.0  0.647272  0.695380  0.669907  0.544482  0.517155  0.586654  0.669659  0.680104  0.598732  0.385042  0.688339  0.609434  0.788230  0.820001  0.501698  0.892754  0.763232  0.595572  0.623003  0.576205  0.605488  0.385397  0.393592  0.347053  0.826639  0.619656  0.623526  0.657438  0.679706  0.798112  0.516344  0.735452  0.421108  0.457791  0.633973  0.728504  0.564203  0.654845  0.609705  0.422139  0.719385  0.737825  0.696103  0.403817  0.609034  0.644204  0.443084  0.696655  0.525598  0.565109  0.764523  0.739361  0.489404  0.742513  0.697895  0.949396 
4  0.525460  0.695669  0.648419  0.647272 0.0  0.775243  0.731321  0.812880  0.707882  0.634233  0.802737  0.585719  0.734725  0.521646  0.838672  0.772802  0.697185  0.681850  0.554187  0.564313  0.584673  0.722413  0.818861  0.728917  0.678049  0.750621  0.794768  0.732024  0.661303  0.853249  0.532544  0.637064  0.546699  0.555721  0.728863  0.568332  0.659791  0.500772  0.639584  0.803685  0.666388  0.637694  0.642122  0.612179  0.596871  0.714237  0.582295  0.681525  0.710248  0.569934  0.617814  0.480859  0.727871  0.635454  0.602045  0.659289  0.432611  0.827859  0.662558  0.750207 
5  0.518224  0.661620  0.584794  0.695380  0.775243 0.0  0.579263  0.676021  0.768758  0.871874  0.630110  0.706895  0.731982  0.748284  0.778091  0.764860  0.943625  0.603452  0.657746  0.920617  0.928910  0.778119  0.651259  0.441720  0.792915  0.685795  0.756837  0.727677  0.828841  0.828973  0.659686  0.616563  0.742802  0.902994  0.755135  0.817929  0.769407  0.694220  0.934383  0.928296  0.697602  0.826549  0.794828  0.655047  0.693118  0.730097  0.653522  0.742434  0.643154  0.705830  0.680901  0.868008  0.815866  0.895776  0.967047  0.513940  0.824332  0.905816  0.583026  0.924143 
6  0.575250  0.614884  0.393965  0.669907  0.731321  0.579263 0.0  0.463105  0.749807  0.805158  0.662175  0.261764  0.617769  0.808156  0.361281  0.714253  0.770438  0.471242  0.693440  0.665676  0.556760  0.637524  0.812528  0.494193  0.934788  0.678591  0.474626  0.573557  0.527748  0.699402  0.802858  0.328065  0.604268  0.857650  0.540178  0.552186  0.668418  0.747865  0.740739  0.682696  0.559345  0.730824  0.819360  0.608644  0.716013  0.814502  0.750219  0.778000  0.432251  0.882850  0.615639  0.712030  0.639748  0.694547  0.861374  0.620989  0.587243  0.730349  0.476215  0.704290 
7  0.525063  0.480127  0.340286  0.544482  0.812880  0.676021  0.463105 0.0  0.691608  0.851147  0.494521  0.324964  0.518282  0.824183  0.397357  0.734576  0.767729  0.444448  0.725577  0.729146  0.768907  0.556880  0.699339  0.493108  0.591273  0.692381  0.698072  0.732843  0.696001  0.615586  0.692209  0.462825  0.684723  0.902838  0.662896  0.717570  0.878419  0.709462  0.823817  0.881541  0.443500  0.842340  0.750563  0.558239  0.717824  0.796733  0.591259  0.656105  0.431841  0.783620  0.715835  0.580335  0.778544  0.603007  0.910695  0.693619  0.732468  0.789788  0.437165  0.651373 
8  0.502018  0.693532  0.541116  0.517155  0.707882  0.768758  0.749807  0.691608 0.0  0.746979  0.593804  0.688172  0.544463  0.492323  0.444442  0.558192  0.552201  0.615615  0.676254  0.752092  0.745859  0.578527  0.597281  0.726580  0.577055  0.425216  0.365084  0.553354  0.661527  0.481378  0.678035  0.668143  0.588667  0.869961  0.363091  0.547798  0.292993  0.536513  0.555915  0.872857  0.470839  0.744609  0.593738  0.376574  0.490034  0.690306  0.477259  0.504947  0.472541  0.562828  0.282820  0.684438  0.524565  0.543279  0.786675  0.538447  0.630390  0.578330  0.554607  0.784123 
9  0.767886  0.745994  0.778351  0.586654  0.634233  0.871874  0.805158  0.851147  0.746979 0.0  0.808583  0.764567  0.853444  0.702311  0.833611  0.816963  0.845989  0.809401  0.732596  0.624875  0.721663  0.632382  0.831761  0.920111  0.753969  0.779669  0.894617  0.681936  0.526740  0.581494  0.714483  0.743278  0.590570  0.824702  0.752695  0.519805  0.754714  0.734801  0.625147  0.528527  0.814904  0.569289  0.743087  0.519848  0.525444  0.475904  0.644407  0.854369  0.775011  0.903841  0.744008  0.618951  0.653600  0.805607  0.547722  0.681722  0.755864  0.454025  0.784239  0.757672 
10  0.539872  0.551218  0.485363  0.669659  0.802737  0.630110  0.662175  0.494521  0.593804  0.808583 0.0  0.500296  0.513322  0.764871  0.552745  0.732162  0.793801  0.598400  0.678795  0.512909  0.617759  0.524027  0.602713  0.633373  0.890271  0.500019  0.674371  0.713919  0.646076  0.668448  0.590436  0.486689  0.672156  0.975322  0.799692  0.457879  0.715198  0.636807  0.828677  0.909297  0.630104  0.677050  0.881027  0.761317  0.744700  0.629129  0.753923  0.727797  0.461996  0.849347  0.767363  0.559413  0.790989  0.645710  0.697096  0.812556  0.740929  0.656892  0.510869  0.571347 
11  0.478568  0.684428  0.293765  0.680104  0.585719  0.706895  0.261764  0.324964  0.688172  0.764567  0.500296 0.0  0.671297  0.669925  0.370685  0.613962  0.643432  0.399807  0.467255  0.770677  0.591687  0.639623  0.775618  0.658816  0.648932  0.662235  0.741918  0.739299  0.611219  0.671040  0.628610  0.318662  0.600420  0.576541  0.608202  0.731806  0.686848  0.564207  0.704247  0.708275  0.425007  0.609937  0.738285  0.809423  0.701411  0.610545  0.688983  0.867704  0.437986  0.699406  0.619194  0.496166  0.588525  0.631896  0.812125  0.762425  0.518048  0.757874  0.461025  0.705756 
12  0.609057  0.485405  0.443826  0.598732  0.734725  0.731982  0.617769  0.518282  0.544463  0.853444  0.513322  0.671297 0.0  0.689314  0.453524  0.552020  0.905312  0.445206  0.759604  0.601954  0.505290  0.742276  0.818633  0.596499  0.777535  0.571042  0.665961  0.597412  0.763575  0.639195  0.562863  0.439054  0.518223  0.896051  0.684167  0.458909  0.523788  0.528556  0.672147  0.739314  0.356591  0.735236  0.835446  0.587555  0.542367  0.688103  0.510281  0.676902  0.422492  0.621372  0.508907  0.702205  0.656607  0.826517  0.692526  0.621544  0.832132  0.661001  0.683426  0.821603 
13  0.758050  0.823433  0.778614  0.385042  0.521646  0.748284  0.808156  0.824183  0.492323  0.702311  0.764871  0.669925  0.689314 0.0  0.990084  0.532858  0.884801  0.623565  0.572588  0.734654  0.759454  0.737491  0.756205  0.540927  0.656561  0.591178  0.676434  0.658840  0.781122  0.468155  0.554165  0.735933  0.616585  0.693372  0.559195  0.564618  0.453056  0.653140  0.503235  0.881288  0.568069  0.812072  0.553913  0.588450  0.729714  0.696423  0.584825  0.580403  0.717134  0.616803  0.344520  0.674554  0.575108  0.725504  0.734573  0.685085  0.753857  0.760423  0.812198  0.827882 
14  0.598623  0.486812  0.383248  0.688339  0.838672  0.778091  0.361281  0.397357  0.444442  0.833611  0.552745  0.370685  0.453524  0.990084 0.0  0.692782  0.645304  0.495740  0.628955  0.769190  0.699932  0.588337  0.631931  0.493243  0.713856  0.487076  0.406141  0.809195  0.692139  0.719615  0.738508  0.442970  0.745232  0.739136  0.607556  0.731317  0.671243  0.787757  0.756086  0.819296  0.387171  0.823323  0.710367  0.685406  0.572327  0.695922  0.673334  0.680906  0.393692  0.723921  0.637031  0.677566  0.525745  0.642530  0.741024  0.771463  0.694740  0.909264  0.400058  0.685872 
15  0.536010  0.718168  0.662407  0.609434  0.772802  0.764860  0.714253  0.734576  0.558192  0.816963  0.732162  0.613962  0.552020  0.532858  0.692782 0.0  0.783286  0.585330  0.754960  0.724752  0.646177  0.700747  0.590290  0.816293  0.745448  0.668040  0.584839  0.618579  0.598518  0.665835  0.680567  0.700165  0.424674  0.813798  0.637097  0.640106  0.596951  0.599639  0.699858  0.614585  0.575110  0.724086  0.582337  0.688740  0.484764  0.601875  0.592477  0.689616  0.603213  0.562744  0.529911  0.554481  0.562136  0.831374  0.650457  0.808500  0.869712  0.532568  0.565396  0.731150 
16  0.745387  0.906903  0.789132  0.788230  0.697185  0.943625  0.770438  0.767729  0.552201  0.845989  0.793801  0.643432  0.905312  0.884801  0.645304  0.783286 0.0  0.831525  0.947583  0.687641  0.755828  0.798582  0.435584  0.872101  0.353787  0.474802  0.594303  0.948675  0.753949  0.673430  0.859255  0.868120  0.918887  0.783712  0.518066  0.867323  0.665321  0.986662  0.621090  0.866599  0.845778  0.738465  0.610658  0.570936  0.839942  0.747061  0.759080  0.732202  0.669969  0.605761  0.757741  0.801261  0.612511  0.653673  0.819676  0.786100  0.800929  0.771270  0.665783  0.773214 
17  0.697403  0.517006  0.351325  0.820001  0.681850  0.603452  0.471242  0.444448  0.615615  0.809401  0.598400  0.399807  0.445206  0.623565  0.495740  0.585330  0.831525 0.0  0.797537  0.739790  0.590109  0.715398  0.800766  0.620903  0.637335  0.728300  0.690565  0.769096  0.836526  0.648168  0.701761  0.225848  0.643002  0.856036  0.558624  0.651335  0.667304  0.745887  0.695512  0.847663  0.528310  0.797837  0.664656  0.670241  0.748809  0.883000  0.699642  0.777785  0.398614  0.734336  0.574485  0.522108  0.726777  0.821226  0.872272  0.654583  0.806543  0.746715  0.366839  0.764710 
18  0.556168  0.830568  0.618914  0.501698  0.554187  0.657746  0.693440  0.725577  0.676254  0.732596  0.678795  0.467255  0.759604  0.572588  0.628955  0.754960  0.947583  0.797537 0.0  0.774983  0.865887  0.634257  0.551456  0.718048  0.746903  0.667466  0.568610  0.432825  0.799250  0.692425  0.567687  0.619499  0.642633  0.615094  0.595663  0.734470  0.757551  0.556746  0.700054  0.653874  0.529358  0.801685  0.765947  0.555177  0.774988  0.755290  0.640765  0.815859  0.677665  0.581409  0.577781  0.749084  0.634709  0.612742  0.862779  0.730285  0.638038  0.776189  0.537040  0.948853 
19  0.682101  0.936975  0.623272  0.892754  0.564313  0.920617  0.665676  0.729146  0.752092  0.624875  0.512909  0.770677  0.601954  0.734654  0.769190  0.724752  0.687641  0.739790  0.774983 0.0  0.339215  0.529231  0.773042  0.936251  0.725939  0.774241  0.856581  1.000000  0.514788  0.749387  0.717160  0.662729  0.581251  0.777568  0.600599  0.397453  0.683602  0.723226  0.565752  0.319327  0.745544  0.484251  0.721342  0.784078  0.685770  0.585874  0.603726  0.803509  0.678177  0.784409  0.725869  0.404399  0.792313  0.824020  0.463817  0.777859  0.642976  0.617948  0.634116  0.283804 
20  0.800403  0.694192  0.804177  0.763232  0.584673  0.928910  0.556760  0.768907  0.745859  0.721663  0.617759  0.591687  0.505290  0.759454  0.699932  0.646177  0.755828  0.590109  0.865887  0.339215 0.0  0.690026  0.764724  0.900093  0.951378  0.658766  0.683020  0.795820  0.393625  0.704199  0.896200  0.762531  0.483043  0.668558  0.668676  0.341540  0.648119  0.665822  0.563758  0.415695  0.671124  0.520312  0.717174  0.780482  0.718444  0.437798  0.586112  0.819816  0.482075  0.708430  0.588633  0.225863  0.775872  0.767204  0.531137  0.741863  0.642968  0.691787  0.664574  0.266988 
21  0.354607  0.682263  0.621024  0.595572  0.722413  0.778119  0.637524  0.556880  0.578527  0.632382  0.524027  0.639623  0.742276  0.737491  0.588337  0.700747  0.798582  0.715398  0.634257  0.529231  0.690026 0.0  0.690992  0.585610  0.747669  0.560176  0.656483  0.630356  0.530281  0.675481  0.664564  0.739016  0.736011  0.816789  0.661299  0.613139  0.651868  0.674209  0.781692  0.720790  0.645217  0.820551  0.640560  0.661677  0.529975  0.574209  0.662584  0.657091  0.609535  0.712155  0.716190  0.699546  0.635093  0.631211  0.745846  0.731698  0.749943  0.702782  0.754864  0.622378 
22  0.685476  0.681213  0.703709  0.623003  0.818861  0.651259  0.812528  0.699339  0.597281  0.831761  0.602713  0.775618  0.818633  0.756205  0.631931  0.590290  0.435584  0.800766  0.551456  0.773042  0.764724  0.690992 0.0  0.668393  0.618837  0.414410  0.581917  0.814834  0.751205  0.547024  0.726307  0.808767  0.747672  0.648656  0.474436  0.672327  0.635131  0.714634  0.729618  0.869886  0.807674  0.757383  0.680673  0.616990  0.749497  0.728517  0.681677  0.649238  0.731372  0.527431  0.711194  0.703168  0.507372  0.536722  0.808134  0.765449  0.707302  0.754289  0.709333  0.629733 
23  0.622138  0.663023  0.410076  0.576205  0.728917  0.441720  0.494193  0.493108  0.726580  0.920111  0.633373  0.658816  0.596499  0.540927  0.493243  0.816293  0.872101  0.620903  0.718048  0.936251  0.900093  0.585610  0.668393 0.0  0.815923  0.660398  0.652256  0.743099  0.708583  0.599349  0.617047  0.537026  0.699890  0.948484  0.622072  0.809088  0.659372  0.585545  0.742706  0.974539  0.668871  0.815061  0.816540  0.739175  0.698583  0.765730  0.622896  0.694028  0.599000  0.656524  0.601487  0.709796  0.769812  0.647817  0.998942  0.589676  0.698612  0.762705  0.480408  0.835495 
24  0.800522  0.883717  0.625041  0.605488  0.678049  0.792915  0.934788  0.591273  0.577055  0.753969  0.890271  0.648932  0.777535  0.656561  0.713856  0.745448  0.353787  0.637335  0.746903  0.725939  0.951378  0.747669  0.618837  0.815923 0.0  0.674473  0.660998  0.732018  0.795337  0.596242  0.747692  0.765500  0.917501  0.740844  0.741215  0.893764  0.717942  0.814079  0.550405  0.784489  0.744056  0.639196  0.623894  0.714140  0.823282  0.715928  0.764249  0.732506  0.677190  0.585892  0.637293  0.741283  0.627611  0.733216  0.826261  0.667950  0.758550  0.803086  0.738047  0.670595 
25  0.427666  0.682557  0.624931  0.385397  0.750621  0.685795  0.678591  0.692381  0.425216  0.779669  0.500019  0.662235  0.571042  0.591178  0.487076  0.668040  0.474802  0.728300  0.667466  0.774241  0.658766  0.560176  0.414410  0.660398  0.674473 0.0  0.275410  0.650980  0.693011  0.501715  0.526243  0.523612  0.607153  0.789469  0.399633  0.718938  0.479560  0.745951  0.583787  0.673869  0.625094  0.752217  0.631041  0.393932  0.642522  0.679706  0.628283  0.465466  0.629949  0.558048  0.483570  0.764804  0.461163  0.498924  0.737301  0.747930  0.619810  0.754059  0.656102  0.842181 
26  0.471459  0.716190  0.618871  0.393592  0.794768  0.756837  0.474626  0.698072  0.365084  0.894617  0.674371  0.741918  0.665961  0.676434  0.406141  0.584839  0.594303  0.690565  0.568610  0.856581  0.683020  0.656483  0.581917  0.652256  0.660998  0.275410 0.0  0.554037  0.695462  0.544918  0.557611  0.576584  0.728374  0.887001  0.311303  0.578814  0.561143  0.663287  0.520732  0.705368  0.628163  0.720834  0.615669  0.346375  0.700636  0.588280  0.681515  0.464514  0.416251  0.452715  0.471125  0.579006  0.541463  0.449196  0.747334  0.507569  0.704071  0.766338  0.683998  0.660033 
27  0.552896  0.816061  0.660857  0.347053  0.732024  0.727677  0.573557  0.732843  0.553354  0.681936  0.713919  0.739299  0.597412  0.658840  0.809195  0.618579  0.948675  0.769096  0.432825  1.000000  0.795820  0.630356  0.814834  0.743099  0.732018  0.650980  0.554037 0.0  0.719108  0.663296  0.758229  0.664012  0.740343  0.708228  0.559246  0.711080  0.617528  0.493920  0.651138  0.840247  0.540604  0.733270  0.803383  0.605863  0.484516  0.906510  0.616435  0.575728  0.601928  0.562196  0.557840  0.755794  0.591771  0.571462  0.827699  0.738849  0.644316  0.763883  0.636974  0.919408 
28  0.722672  0.818419  0.663526  0.826639  0.661303  0.828841  0.527748  0.696001  0.661527  0.526740  0.646076  0.611219  0.763575  0.781122  0.692139  0.598518  0.753949  0.836526  0.799250  0.514788  0.393625  0.530281  0.751205  0.708583  0.795337  0.693011  0.695462  0.719108 0.0  0.591967  0.698471  0.775591  0.563872  0.702365  0.732939  0.594226  0.818859  0.843108  0.674031  0.509779  0.774622  0.653796  0.781610  0.824101  0.739203  0.322496  0.715876  0.768176  0.704423  0.723270  0.751585  0.656220  0.732077  0.785059  0.653548  0.634727  0.676335  0.725114  0.745806  0.610481 
29  0.805274  0.642275  0.693674  0.619656  0.853249  0.828973  0.699402  0.615586  0.481378  0.581494  0.668448  0.671040  0.639195  0.468155  0.719615  0.665835  0.673430  0.648168  0.692425  0.749387  0.704199  0.675481  0.547024  0.599349  0.596242  0.501715  0.544918  0.663296  0.591967 0.0  0.866084  0.679737  0.473871  0.624155  0.578967  0.655588  0.494106  0.544527  0.583593  0.668653  0.574765  0.720712  0.657806  0.704107  0.695203  0.677366  0.713186  0.715211  0.704892  0.508243  0.378139  0.476732  0.284680  0.722842  0.779847  0.727716  0.650257  0.550316  0.665864  0.737668 
30  0.362781  0.806643  0.621632  0.623526  0.532544  0.659686  0.802858  0.692209  0.678035  0.714483  0.590436  0.628610  0.562863  0.554165  0.738508  0.680567  0.859255  0.701761  0.567687  0.717160  0.896200  0.664564  0.726307  0.617047  0.747692  0.526243  0.557611  0.758229  0.698471  0.866084 0.0  0.596730  0.582792  0.664987  0.642750  0.697179  0.656249  0.746616  0.711404  0.860859  0.675666  0.727660  0.685503  0.649371  0.689338  0.812586  0.696509  0.652018  0.681213  0.777756  0.723139  0.763440  0.640412  0.758755  0.754043  0.713446  0.817102  0.881454  0.576638  0.878717 
31  0.637220  0.474475  0.259361  0.657438  0.637064  0.616563  0.328065  0.462825  0.668143  0.743278  0.486689  0.318662  0.439054  0.735933  0.442970  0.700165  0.868120  0.225848  0.619499  0.662729  0.762531  0.739016  0.808767  0.537026  0.765500  0.523612  0.576584  0.664012  0.775591  0.679737  0.596730 0.0  0.385731  0.795048  0.609330  0.554137  0.615040  0.635350  0.701045  0.695588  0.253931  0.654635  0.731053  0.620539  0.625489  0.916225  0.672586  0.705972  0.515340  0.800377  0.524732  0.494299  0.660494  0.664859  0.702240  0.639055  0.428091  0.651070  0.445383  0.876304 
32  0.627670  0.797260  0.635161  0.679706  0.546699  0.742802  0.604268  0.684723  0.588667  0.590570  0.672156  0.600420  0.518223  0.616585  0.745232  0.424674  0.918887  0.643002  0.642633  0.581251  0.483043  0.736011  0.747672  0.699890  0.917501  0.607153  0.728374  0.740343  0.563872  0.473871  0.582792  0.385731 0.0  0.790622  0.715332  0.339646  0.573674  0.434559  0.692140  0.501379  0.311862  0.466596  0.783131  0.687603  0.373958  0.763072  0.545492  0.681139  0.678404  0.705649  0.531644  0.416697  0.591973  0.837628  0.477486  0.730013  0.586162  0.596151  0.561219  0.639549 
33  0.680791  0.905242  0.741070  0.798112  0.555721  0.902994  0.857650  0.902838  0.869961  0.824702  0.975322  0.576541  0.896051  0.693372  0.739136  0.813798  0.783712  0.856036  0.615094  0.777568  0.668558  0.816789  0.648656  0.948484  0.740844  0.789469  0.887001  0.708228  0.702365  0.624155  0.664987  0.795048  0.790622 0.0  0.777197  0.805024  0.782133  0.544573  0.684427  0.685412  0.785769  0.688172  0.745717  0.703172  0.835931  0.805325  0.717483  0.748342  0.772153  0.731311  0.775531  0.712621  0.811273  0.708851  0.717320  0.728024  0.401566  0.785761  0.754713  0.778882 
34  0.618206  0.884226  0.503464  0.516344  0.728863  0.755135  0.540178  0.662896  0.363091  0.752695  0.799692  0.608202  0.684167  0.559195  0.607556  0.637097  0.518066  0.558624  0.595663  0.600599  0.668676  0.661299  0.474436  0.622072  0.741215  0.399633  0.311303  0.559246  0.732939  0.578967  0.642750  0.609330  0.715332  0.777197 0.0  0.558311  0.317137  0.440715  0.495793  0.709422  0.467662  0.726462  0.634786  0.364065  0.602812  0.666905  0.716154  0.400990  0.373077  0.539051  0.313943  0.676527  0.302699  0.466472  0.713754  0.550929  0.722876  0.682929  0.674648  0.797771 
35  0.592316  0.745979  0.771160  0.735452  0.568332  0.817929  0.552186  0.717570  0.547798  0.519805  0.457879  0.731806  0.458909  0.564618  0.731317  0.640106  0.867323  0.651335  0.734470  0.397453  0.341540  0.613139  0.672327  0.809088  0.893764  0.718938  0.578814  0.711080  0.594226  0.655588  0.697179  0.554137  0.339646  0.805024  0.558311 0.0  0.599716  0.608734  0.718653  0.224894  0.656534  0.357824  0.752188  0.671040  0.587501  0.581093  0.591222  0.625363  0.466593  0.713552  0.586238  0.531082  0.611003  0.774165  0.451238  0.822063  0.707669  0.569589  0.613853  0.533355 
36  0.506313  0.776953  0.626542  0.421108  0.659791  0.769407  0.668418  0.878419  0.292993  0.754714  0.715198  0.686848  0.523788  0.453056  0.671243  0.596951  0.665321  0.667304  0.757551  0.683602  0.648119  0.651868  0.635131  0.659372  0.717942  0.479560  0.561143  0.617528  0.818859  0.494106  0.656249  0.615040  0.573674  0.782133  0.317137  0.599716 0.0  0.551453  0.633925  0.799431  0.639317  0.766691  0.606995  0.411892  0.630128  0.896314  0.531348  0.422579  0.503330  0.520280  0.362987  0.605348  0.512143  0.554800  0.751642  0.663245  0.647730  0.697358  0.570895  0.623530 
37  0.555322  0.670057  0.529593  0.457791  0.500772  0.694220  0.747865  0.709462  0.536513  0.734801  0.636807  0.564207  0.528556  0.653140  0.787757  0.599639  0.986662  0.745887  0.556746  0.723226  0.665822  0.674209  0.714634  0.585545  0.814079  0.745951  0.663287  0.493920  0.843108  0.544527  0.746616  0.635350  0.434559  0.544573  0.440715  0.608734  0.551453 0.0  0.767305  0.655610  0.583019  0.685524  0.873091  0.686046  0.441377  0.863378  0.469988  0.559196  0.698359  0.724492  0.453395  0.584162  0.623448  0.619011  0.780767  0.740692  0.401605  0.735014  0.538949  0.834902 
38  0.749649  0.867066  0.719730  0.633973  0.639584  0.934383  0.740739  0.823817  0.555915  0.625147  0.828677  0.704247  0.672147  0.503235  0.756086  0.699858  0.621090  0.695512  0.700054  0.565752  0.563758  0.781692  0.729618  0.742706  0.550405  0.583787  0.520732  0.651138  0.674031  0.583593  0.711404  0.701045  0.692140  0.684427  0.495793  0.718653  0.633925  0.767305 0.0  0.652772  0.696032  0.768121  0.325816  0.654195  0.901725  0.573918  0.757035  0.658630  0.781273  0.523999  0.511616  0.667360  0.521146  0.665568  0.728146  0.680443  0.763673  0.603987  0.714435  0.676136 
39  0.791650  0.762674  0.870051  0.728504  0.803685  0.928296  0.682696  0.881541  0.872857  0.528527  0.909297  0.708275  0.739314  0.881288  0.819296  0.614585  0.866599  0.847663  0.653874  0.319327  0.415695  0.720790  0.869886  0.974539  0.784489  0.673869  0.705368  0.840247  0.509779  0.668653  0.860859  0.695588  0.501379  0.685412  0.709422  0.224894  0.799431  0.655610  0.652772 0.0  0.734722  0.331945  0.725650  0.998943  0.807531  0.592056  0.806820  0.828034  0.681645  0.709521  0.805143  0.530194  0.837429  0.896899  0.476383  0.782432  0.816782  0.639074  0.769563  0.427298 
40  0.594673  0.539571  0.335600  0.564203  0.666388  0.697602  0.559345  0.443500  0.470839  0.814904  0.630104  0.425007  0.356591  0.568069  0.387171  0.575110  0.845778  0.528310  0.529358  0.745544  0.671124  0.645217  0.807674  0.668871  0.744056  0.625094  0.628163  0.540604  0.774622  0.574765  0.675666  0.253931  0.311862  0.785769  0.467662  0.656534  0.639317  0.583019  0.696032  0.734722 0.0  0.742127  0.590095  0.612593  0.515729  0.875499  0.588016  0.539535  0.336968  0.641362  0.458863  0.583180  0.418485  0.678694  0.757320  0.586663  0.560682  0.684102  0.418556  0.765215 
41  0.728442  0.802648  0.736147  0.654845  0.637694  0.826549  0.730824  0.842340  0.744609  0.569289  0.677050  0.609937  0.735236  0.812072  0.823323  0.724086  0.738465  0.797837  0.801685  0.484251  0.520312  0.820551  0.757383  0.815061  0.639196  0.752217  0.720834  0.733270  0.653796  0.720712  0.727660  0.654635  0.466596  0.688172  0.726462  0.357824  0.766691  0.685524  0.768121  0.331945  0.742127 0.0  0.838177  0.777840  0.799239  0.659204  0.715397  0.753366  0.725327  0.698067  0.606554  0.533087  0.729074  0.945989  0.479924  0.734278  0.554919  0.699798  0.616278  0.485676 
42  0.750835  0.773906  0.729417  0.609705  0.642122  0.794828  0.819360  0.750563  0.593738  0.743087  0.881027  0.738285  0.835446  0.553913  0.710367  0.582337  0.610658  0.664656  0.765947  0.721342  0.717174  0.640560  0.680673  0.816540  0.623894  0.631041  0.615669  0.803383  0.781610  0.657806  0.685503  0.731053  0.783131  0.745717  0.634786  0.752188  0.606995  0.873091  0.325816  0.725650  0.590095  0.838177 0.0  0.644180  0.951937  0.706599  0.722207  0.697532  0.746028  0.573555  0.516714  0.709762  0.447588  0.608043  0.753507  0.728551  0.697957  0.860330  0.914867  0.862444 
43  0.512793  0.828442  0.620588  0.422139  0.612179  0.655047  0.608644  0.558239  0.376574  0.519848  0.761317  0.809423  0.587555  0.588450  0.685406  0.688740  0.570936  0.670241  0.555177  0.784078  0.780482  0.661677  0.616990  0.739175  0.714140  0.393932  0.346375  0.605863  0.824101  0.704107  0.649371  0.620539  0.687603  0.703172  0.364065  0.671040  0.411892  0.686046  0.654195  0.998943  0.612593  0.777840  0.644180 0.0  0.529934  0.896725  0.552233  0.336606  0.514964  0.583112  0.516744  0.844059  0.446567  0.466386  0.778345  0.534674  0.522318  0.700270  0.598024  0.754830 
44  0.551618  0.767839  0.618134  0.719385  0.596871  0.693118  0.716013  0.717824  0.490034  0.525444  0.744700  0.701411  0.542367  0.729714  0.572327  0.484764  0.839942  0.748809  0.774988  0.685770  0.718444  0.529975  0.749497  0.698583  0.823282  0.642522  0.700636  0.484516  0.739203  0.695203  0.689338  0.625489  0.373958  0.835931  0.602812  0.587501  0.630128  0.441377  0.901725  0.807531  0.515729  0.799239  0.951937  0.529934 0.0  0.761496  0.594900  0.678800  0.538200  0.786384  0.616625  0.765137  0.733825  0.690538  0.885179  0.507601  0.574058  0.708172  0.465155  0.738160 
45  0.678439  0.818864  0.858301  0.737825  0.714237  0.730097  0.814502  0.796733  0.690306  0.475904  0.629129  0.610545  0.688103  0.696423  0.695922  0.601875  0.747061  0.883000  0.755290  0.585874  0.437798  0.574209  0.728517  0.765730  0.715928  0.679706  0.588280  0.906510  0.322496  0.677366  0.812586  0.916225  0.763072  0.805325  0.666905  0.581093  0.896314  0.863378  0.573918  0.592056  0.875499  0.659204  0.706599  0.896725  0.761496 0.0  0.732254  0.903528  0.599401  0.628788  0.712300  0.627637  0.734153  0.768064  0.633460  0.657067  0.793167  0.711188  0.785460  0.572999 
46  0.569499  0.636976  0.650620  0.696103  0.582295  0.653522  0.750219  0.591259  0.477259  0.644407  0.753923  0.688983  0.510281  0.584825  0.673334  0.592477  0.759080  0.699642  0.640765  0.603726  0.586112  0.662584  0.681677  0.622896  0.764249  0.628283  0.681515  0.616435  0.715876  0.713186  0.696509  0.672586  0.545492  0.717483  0.716154  0.591222  0.531348  0.469988  0.757035  0.806820  0.588016  0.715397  0.722207  0.552233  0.594900  0.732254 0.0  0.482617  0.597950  0.494582  0.508848  0.734400  0.670632  0.707585  0.739699  0.675929  0.610786  0.588442  0.523317  0.755732 
47  0.543892  0.651449  0.556379  0.403817  0.681525  0.742434  0.778000  0.656105  0.504947  0.854369  0.727797  0.867704  0.676902  0.580403  0.680906  0.689616  0.732202  0.777785  0.815859  0.803509  0.819816  0.657091  0.649238  0.694028  0.732506  0.465466  0.464514  0.575728  0.768176  0.715211  0.652018  0.705972  0.681139  0.748342  0.400990  0.625363  0.422579  0.559196  0.658630  0.828034  0.539535  0.753366  0.697532  0.336606  0.678800  0.903528  0.482617 0.0  0.689530  0.592985  0.493508  0.755518  0.497198  0.492513  0.833874  0.567311  0.707584  0.772291  0.712865  0.828158 
48  0.520255  0.730203  0.305587  0.609034  0.710248  0.643154  0.432251  0.431841  0.472541  0.775011  0.461996  0.437986  0.422492  0.717134  0.393692  0.603213  0.669969  0.398614  0.677665  0.678177  0.482075  0.609535  0.731372  0.599000  0.677190  0.629949  0.416251  0.601928  0.704423  0.704892  0.681213  0.515340  0.678404  0.772153  0.373077  0.466593  0.503330  0.698359  0.781273  0.681645  0.336968  0.725327  0.746028  0.514964  0.538200  0.599401  0.597950  0.689530 0.0  0.533996  0.477450  0.524855  0.685050  0.706194  0.697223  0.687284  0.677921  0.604282  0.397484  0.575355 
49  0.670109  0.830278  0.638462  0.644204  0.569934  0.705830  0.882850  0.783620  0.562828  0.903841  0.849347  0.699406  0.621372  0.616803  0.723921  0.562744  0.605761  0.734336  0.581409  0.784409  0.708430  0.712155  0.527431  0.656524  0.585892  0.558048  0.452715  0.562196  0.723270  0.508243  0.777756  0.800377  0.705649  0.731311  0.539051  0.713552  0.520280  0.724492  0.523999  0.709521  0.641362  0.698067  0.573555  0.583112  0.786384  0.628788  0.494582  0.592985  0.533996 0.0  0.558793  0.661718  0.526684  0.693368  0.782662  0.691490  0.753303  0.820732  0.670343  0.717739 
50  0.617213  0.791028  0.610748  0.443084  0.617814  0.680901  0.615639  0.715835  0.282820  0.744008  0.767363  0.619194  0.508907  0.344520  0.637031  0.529911  0.757741  0.574485  0.577781  0.725869  0.588633  0.716190  0.711194  0.601487  0.637293  0.483570  0.471125  0.557840  0.751585  0.378139  0.723139  0.524732  0.531644  0.775531  0.313943  0.586238  0.362987  0.453395  0.511616  0.805143  0.458863  0.606554  0.516714  0.516744  0.616625  0.712300  0.508848  0.493508  0.477450  0.558793 0.0  0.485709  0.429075  0.568228  0.701320  0.622926  0.511987  0.751388  0.679803  0.739945 
51  0.600589  0.844489  0.665189  0.696655  0.480859  0.868008  0.712030  0.580335  0.684438  0.618951  0.559413  0.496166  0.702205  0.674554  0.677566  0.554481  0.801261  0.522108  0.749084  0.404399  0.225863  0.699546  0.703168  0.709796  0.741283  0.764804  0.579006  0.755794  0.656220  0.476732  0.763440  0.494299  0.416697  0.712621  0.676527  0.531082  0.605348  0.584162  0.667360  0.530194  0.583180  0.533087  0.709762  0.844059  0.765137  0.627637  0.734400  0.755518  0.524855  0.661718  0.485709 0.0  0.752494  0.785646  0.546435  0.683630  0.674427  0.662588  0.473855  0.449018 
52  0.600380  0.813661  0.810473  0.525598  0.727871  0.815866  0.639748  0.778544  0.524565  0.653600  0.790989  0.588525  0.656607  0.575108  0.525745  0.562136  0.612511  0.726777  0.634709  0.792313  0.775872  0.635093  0.507372  0.769812  0.627611  0.461163  0.541463  0.591771  0.732077  0.284680  0.640412  0.660494  0.591973  0.811273  0.302699  0.611003  0.512143  0.623448  0.521146  0.837429  0.418485  0.729074  0.447588  0.446567  0.733825  0.734153  0.670632  0.497198  0.685050  0.526684  0.429075  0.752494 0.0  0.424917  0.760836  0.428077  0.463737  0.647429  0.734342  0.856277 
53  0.558709  0.787699  0.634848  0.565109  0.635454  0.895776  0.694547  0.603007  0.543279  0.805607  0.645710  0.631896  0.826517  0.725504  0.642530  0.831374  0.653673  0.821226  0.612742  0.824020  0.767204  0.631211  0.536722  0.647817  0.733216  0.498924  0.449196  0.571462  0.785059  0.722842  0.758755  0.664859  0.837628  0.708851  0.466472  0.774165  0.554800  0.619011  0.665568  0.896899  0.678694  0.945989  0.608043  0.466386  0.690538  0.768064  0.707585  0.492513  0.706194  0.693368  0.568228  0.785646  0.424917 0.0  0.850097  0.689444  0.540358  0.911444  0.710129  0.813768 
54  0.834526  0.893784  0.872478  0.764523  0.602045  0.967047  0.861374  0.910695  0.786675  0.547722  0.697096  0.812125  0.692526  0.734573  0.741024  0.650457  0.819676  0.872272  0.862779  0.463817  0.531137  0.745846  0.808134  0.998942  0.826261  0.737301  0.747334  0.827699  0.653548  0.779847  0.754043  0.702240  0.477486  0.717320  0.713754  0.451238  0.751642  0.780767  0.728146  0.476383  0.757320  0.479924  0.753507  0.778345  0.885179  0.633460  0.739699  0.833874  0.697223  0.782662  0.701320  0.546435  0.760836  0.850097 0.0  0.668445  0.771892  0.686504  0.761780  0.681099 
55  0.546593  0.782344  0.755615  0.739361  0.659289  0.513940  0.620989  0.693619  0.538447  0.681722  0.812556  0.762425  0.621544  0.685085  0.771463  0.808500  0.786100  0.654583  0.730285  0.777859  0.741863  0.731698  0.765449  0.589676  0.667950  0.747930  0.507569  0.738849  0.634727  0.727716  0.713446  0.639055  0.730013  0.728024  0.550929  0.822063  0.663245  0.740692  0.680443  0.782432  0.586663  0.734278  0.728551  0.534674  0.507601  0.657067  0.675929  0.567311  0.687284  0.691490  0.622926  0.683630  0.428077  0.689444  0.668445 0.0  0.603874  0.673351  0.697371  0.835391 
56  0.563067  0.731815  0.582858  0.489404  0.432611  0.824332  0.587243  0.732468  0.630390  0.755864  0.740929  0.518048  0.832132  0.753857  0.694740  0.869712  0.800929  0.806543  0.638038  0.642976  0.642968  0.749943  0.707302  0.698612  0.758550  0.619810  0.704071  0.644316  0.676335  0.650257  0.817102  0.428091  0.586162  0.401566  0.722876  0.707669  0.647730  0.401605  0.763673  0.816782  0.560682  0.554919  0.697957  0.522318  0.574058  0.793167  0.610786  0.707584  0.677921  0.753303  0.511987  0.674427  0.463737  0.540358  0.771892  0.603874 0.0  0.796429  0.559790  0.790460 
57  0.710803  0.834580  0.821451  0.742513  0.827859  0.905816  0.730349  0.789788  0.578330  0.454025  0.656892  0.757874  0.661001  0.760423  0.909264  0.532568  0.771270  0.746715  0.776189  0.617948  0.691787  0.702782  0.754289  0.762705  0.803086  0.754059  0.766338  0.763883  0.725114  0.550316  0.881454  0.651070  0.596151  0.785761  0.682929  0.569589  0.697358  0.735014  0.603987  0.639074  0.684102  0.699798  0.860330  0.700270  0.708172  0.711188  0.588442  0.772291  0.604282  0.820732  0.751388  0.662588  0.647429  0.911444  0.686504  0.673351  0.796429 0.0  0.822589  0.630825 
58  0.584089  0.694516  0.192551  0.697895  0.662558  0.583026  0.476215  0.437165  0.554607  0.784239  0.510869  0.461025  0.683426  0.812198  0.400058  0.565396  0.665783  0.366839  0.537040  0.634116  0.664574  0.754864  0.709333  0.480408  0.738047  0.656102  0.683998  0.636974  0.745806  0.665864  0.576638  0.445383  0.561219  0.754713  0.674648  0.613853  0.570895  0.538949  0.714435  0.769563  0.418556  0.616278  0.914867  0.598024  0.465155  0.785460  0.523317  0.712865  0.397484  0.670343  0.679803  0.473855  0.734342  0.710129  0.761780  0.697371  0.559790  0.822589 0.0  0.651394 
59  0.817286  0.837518  0.732121  0.949396  0.750207  0.924143  0.704290  0.651373  0.784123  0.757672  0.571347  0.705756  0.821603  0.827882  0.685872  0.731150  0.773214  0.764710  0.948853  0.283804  0.266988  0.622378  0.629733  0.835495  0.670595  0.842181  0.660033  0.919408  0.610481  0.737668  0.878717  0.876304  0.639549  0.778882  0.797771  0.533355  0.623530  0.834902  0.676136  0.427298  0.765215  0.485676  0.862444  0.754830  0.738160  0.572999  0.755732  0.828158  0.575355  0.717739  0.739945  0.449018  0.856277  0.813768  0.681099  0.835391  0.790460  0.630825  0.651394 0.0 
