60
0 0.0  0.685961  0.465604  0.461605  0.531717  0.454883  0.458364  0.545722  0.603927  0.611554  0.548938  0.651885  0.535526  0.602202  0.475111  0.692041  0.645651  0.645918  0.523958  0.555332  0.685833  0.341814  0.566650  0.412347  0.676818  0.565264  0.297527  0.580085  0.700883  0.625241  0.395603  0.496522  0.512405  0.538800  0.637533  0.500255  0.506010  0.358513  0.721758  0.845299  0.495719  0.696625  0.761894  0.562009  0.465703  0.607328  0.504058  0.511693  0.532083  0.668712  0.532552  0.635000  0.602288  0.548439  0.697109  0.551422  0.457119  0.604117  0.338147  0.756257 
1  0.685961 0.0  0.587749  0.664855  0.706345  0.686620  0.515278  0.470900  0.738231  0.752811  0.566625  0.634256  0.596053  0.752489  0.521142  0.502284  0.913902  0.602586  0.703116  0.772466  0.745626  0.657008  0.765083  0.652685  0.798741  0.729521  0.681317  0.701906  0.738769  0.616137  0.745640  0.456020  0.605387  0.725745  0.838350  0.740512  0.633132  0.794085  0.731451  0.645217  0.536725  0.743935  0.701587  0.631774  0.789335  0.677276  0.581373  0.692020  0.618907  0.735323  0.672292  0.762864  0.741181  0.693512  0.703160  0.687064  0.636991  0.755937  0.589049  0.766865 
2  0.465604  0.587749 0.0  0.413672  0.684875  0.493151  0.418216  0.308432  0.502332  0.731438  0.449927  0.321137  0.370596  0.661938  0.352664  0.587745  0.725368  0.255238  0.517532  0.650915  0.723110  0.550103  0.693588  0.511597  0.522714  0.616275  0.607729  0.612801  0.830878  0.549648  0.624218  0.308230  0.536285  0.740304  0.589658  0.718178  0.619736  0.511713  0.673579  0.717899  0.286501  0.682504  0.716329  0.468890  0.581821  0.684474  0.699244  0.594343  0.310219  0.674390  0.533559  0.530925  0.630559  0.640774  0.764356  0.535710  0.549330  0.850290  0.160958  0.677143 
3  0.461605  0.664855  0.413672 0.0  0.671754  0.630695  0.544848  0.481912  0.372414  0.660480  0.674320  0.639566  0.708442  0.484418  0.675750  0.618544  0.734897  0.590692  0.521532  0.816184  0.677904  0.536459  0.590095  0.587609  0.642638  0.383784  0.321968  0.345895  0.834302  0.626702  0.690644  0.633898  0.482368  0.678881  0.511212  0.624596  0.428421  0.567616  0.608524  0.776054  0.535975  0.649555  0.634768  0.377399  0.755121  0.657709  0.619890  0.273450  0.442718  0.470877  0.458150  0.726747  0.436393  0.479390  0.754305  0.478600  0.547265  0.921318  0.588077  0.828757 
4  0.531717  0.706345  0.684875  0.671754 0.0  0.735570  0.602728  0.645326  0.639430  0.645479  0.784904  0.609213  0.601042  0.585272  0.707049  0.502563  0.794393  0.653606  0.606940  0.614713  0.452406  0.781444  0.647869  0.640940  0.568895  0.609605  0.620012  0.617366  0.639432  0.673499  0.593730  0.543402  0.491522  0.424695  0.631981  0.584152  0.608107  0.366704  0.508544  0.534446  0.575810  0.402796  0.701554  0.614721  0.580396  0.620490  0.543781  0.631396  0.547676  0.689607  0.599428  0.415882  0.662277  0.698471  0.698714  0.755706  0.326314  0.730888  0.552518  0.589043 
5  0.454883  0.686620  0.493151  0.630695  0.735570 0.0  0.566065  0.607312  0.830679  0.989698  0.625458  0.706489  0.740759  0.757941  0.680978  0.709762  0.866947  0.607900  0.695002  0.826911  0.829746  0.638404  0.689986  0.425370  0.701579  0.644072  0.598625  0.694739  0.814785  0.655276  0.621340  0.656960  0.698459  0.838103  0.700507  0.769463  0.717937  0.679379  0.777201  1.000000  0.656773  0.735254  0.718708  0.590250  0.630889  0.731027  0.645602  0.615998  0.631467  0.810396  0.684026  0.800699  0.801411  0.736653  0.802190  0.611839  0.766482  0.760537  0.458755  0.975902 
6  0.458364  0.515278  0.418216  0.544848  0.602728  0.566065 0.0  0.526451  0.634840  0.730619  0.403502  0.274205  0.533251  0.758499  0.508460  0.561942  0.744938  0.317929  0.646745  0.613537  0.587067  0.682240  0.588620  0.417680  0.671523  0.621609  0.554323  0.695209  0.706756  0.569408  0.659709  0.227745  0.532916  0.790683  0.535890  0.538247  0.774682  0.728162  0.647827  0.677633  0.377341  0.718655  0.820005  0.668482  0.719726  0.566321  0.588871  0.568370  0.376895  0.757887  0.563827  0.634967  0.509605  0.688889  0.774899  0.633957  0.685566  0.723035  0.557271  0.541672 
7  0.545722  0.470900  0.308432  0.481912  0.645326  0.607312  0.526451 0.0  0.560782  0.827896  0.394845  0.454395  0.538008  0.635866  0.418483  0.648980  0.643452  0.285315  0.621702  0.661851  0.702003  0.556105  0.726761  0.512888  0.649860  0.515356  0.515821  0.587334  0.665830  0.657543  0.612778  0.297727  0.607239  0.806900  0.719908  0.590226  0.625430  0.715258  0.682617  0.625762  0.431049  0.680102  0.762177  0.532354  0.672045  0.752011  0.650986  0.638674  0.478988  0.750757  0.623478  0.640219  0.599719  0.601951  0.736007  0.656955  0.625274  0.737358  0.282839  0.759394 
8  0.603927  0.738231  0.502332  0.372414  0.639430  0.830679  0.634840  0.560782 0.0  0.686483  0.583189  0.603718  0.511460  0.419961  0.545510  0.495655  0.531792  0.603679  0.543069  0.596087  0.641253  0.420841  0.556871  0.691081  0.503191  0.444309  0.394537  0.611941  0.614671  0.351517  0.712750  0.552163  0.493730  0.635856  0.446142  0.597040  0.385793  0.562319  0.614949  0.775453  0.441107  0.670874  0.556325  0.393058  0.457296  0.706226  0.509692  0.491333  0.527974  0.483973  0.231421  0.553507  0.419171  0.454651  0.652126  0.593532  0.547835  0.649106  0.498424  0.641364 
9  0.611554  0.752811  0.731438  0.660480  0.645479  0.989698  0.730619  0.827896  0.686483 0.0  0.794880  0.770007  0.698011  0.712069  0.714346  0.674793  0.697737  0.724333  0.590191  0.658030  0.669063  0.677750  0.820788  0.727690  0.663673  0.745440  0.691280  0.663596  0.586379  0.674682  0.648836  0.683366  0.654157  0.729981  0.672284  0.609649  0.658680  0.763385  0.645691  0.485301  0.606531  0.515867  0.670243  0.673604  0.506217  0.604719  0.764043  0.698286  0.666499  0.795515  0.683387  0.679593  0.682629  0.664728  0.669658  0.468036  0.594031  0.445307  0.736463  0.667014 
10  0.548938  0.566625  0.449927  0.674320  0.784904  0.625458  0.403502  0.394845  0.583189  0.794880 0.0  0.535827  0.422611  0.847207  0.423253  0.647209  0.828214  0.524497  0.751954  0.591948  0.659893  0.636188  0.568009  0.609194  0.817797  0.624931  0.541722  0.722283  0.721373  0.689805  0.721055  0.612954  0.630905  0.754688  0.587634  0.552373  0.716399  0.603786  0.779727  0.623661  0.523972  0.677245  0.796403  0.700108  0.555606  0.697268  0.589697  0.647551  0.506182  0.736093  0.608399  0.558534  0.704684  0.582700  0.705246  0.656571  0.682668  0.785916  0.427006  0.538900 
11  0.651885  0.634256  0.321137  0.639566  0.609213  0.706489  0.274205  0.454395  0.603718  0.770007  0.535827 0.0  0.508164  0.610196  0.298897  0.710294  0.577590  0.440809  0.517923  0.690180  0.625655  0.566300  0.585741  0.527850  0.622848  0.586060  0.631245  0.607524  0.624572  0.702471  0.736616  0.348596  0.516437  0.715545  0.630965  0.587816  0.589515  0.627582  0.692930  0.729341  0.440574  0.624548  0.606594  0.767728  0.796321  0.649444  0.619174  0.843896  0.456750  0.579252  0.524568  0.480731  0.565520  0.603580  0.673337  0.664056  0.568149  0.780406  0.499973  0.682394 
12  0.535526  0.596053  0.370596  0.708442  0.601042  0.740759  0.533251  0.538008  0.511460  0.698011  0.422611  0.508164 0.0  0.511359  0.369717  0.522658  0.818893  0.621132  0.588927  0.510149  0.629213  0.683604  0.656233  0.628867  0.751653  0.593208  0.586319  0.520153  0.535699  0.718166  0.579008  0.486007  0.502203  0.836629  0.529639  0.466173  0.531716  0.640882  0.666175  0.684861  0.313187  0.552725  0.680746  0.574725  0.572174  0.738710  0.466178  0.502137  0.373503  0.647914  0.564025  0.575352  0.539509  0.679261  0.726431  0.625144  0.636785  0.523521  0.484233  0.645082 
13  0.602202  0.752489  0.661938  0.484418  0.585272  0.757941  0.758499  0.635866  0.419961  0.712069  0.847207  0.610196  0.511359 0.0  0.712630  0.529773  0.728751  0.627217  0.574130  0.795385  0.620689  0.669424  0.616697  0.655971  0.614193  0.532643  0.547769  0.582998  0.664906  0.582511  0.487824  0.595181  0.513812  0.776811  0.315576  0.517227  0.284135  0.607568  0.389335  0.748160  0.558712  0.640114  0.636641  0.596097  0.636959  0.610000  0.555003  0.548370  0.547084  0.605558  0.232925  0.582578  0.499713  0.537718  0.681746  0.646712  0.683870  0.708706  0.701616  0.662383 
14  0.475111  0.521142  0.352664  0.675750  0.707049  0.680978  0.508460  0.418483  0.545510  0.714346  0.423253  0.298897  0.369717  0.712630 0.0  0.603811  0.568684  0.561462  0.596331  0.682260  0.526849  0.506375  0.553261  0.443193  0.621184  0.581203  0.488720  0.618055  0.631353  0.810897  0.651380  0.372362  0.599155  0.773517  0.551191  0.696222  0.786427  0.672890  0.687317  0.589086  0.365343  0.648109  0.658397  0.590533  0.646946  0.673517  0.572669  0.622532  0.484959  0.674110  0.612002  0.683021  0.621109  0.502330  0.745982  0.682150  0.617835  0.805846  0.449060  0.709871 
15  0.692041  0.502284  0.587745  0.618544  0.502563  0.709762  0.561942  0.648980  0.495655  0.674793  0.647209  0.710294  0.522658  0.529773  0.603811 0.0  0.761070  0.584878  0.530787  0.660052  0.601218  0.575407  0.751947  0.583183  0.823171  0.674780  0.676371  0.539924  0.729609  0.542689  0.699598  0.572021  0.471713  0.618010  0.552617  0.554999  0.636992  0.741640  0.698285  0.667404  0.652354  0.627180  0.627623  0.457235  0.581765  0.706162  0.428147  0.761819  0.619986  0.641869  0.559553  0.565097  0.681516  0.658927  0.603780  0.604767  0.846960  0.514732  0.666965  0.631541 
16  0.645651  0.913902  0.725368  0.734897  0.794393  0.866947  0.744938  0.643452  0.531792  0.697737  0.828214  0.577590  0.818893  0.728751  0.568684  0.761070 0.0  0.721708  0.725732  0.616435  0.814558  0.647970  0.486736  0.661128  0.383401  0.427228  0.511272  0.905296  0.690321  0.684981  0.768936  0.789751  0.804316  0.619319  0.634748  0.832066  0.644835  0.771175  0.559701  0.797725  0.758286  0.634898  0.441827  0.709172  0.826277  0.695353  0.660353  0.674898  0.709384  0.699192  0.713465  0.695366  0.605101  0.582081  0.811369  0.656823  0.809738  0.834052  0.717284  0.733951 
17  0.645918  0.602586  0.255238  0.590692  0.653606  0.607900  0.317929  0.285315  0.603679  0.724333  0.524497  0.440809  0.621132  0.627217  0.561462  0.584878  0.721708 0.0  0.804825  0.715000  0.623660  0.799750  0.588604  0.628140  0.508811  0.632204  0.705943  0.666552  0.713577  0.606066  0.664354  0.169864  0.539472  0.727975  0.614736  0.563403  0.508063  0.783892  0.826556  0.818214  0.352825  0.673413  0.653587  0.649379  0.738405  0.868206  0.652185  0.743660  0.348894  0.700472  0.618633  0.542257  0.561629  0.686801  0.705078  0.496682  0.702496  0.621850  0.411286  0.650091 
18  0.523958  0.703116  0.517532  0.521532  0.606940  0.695002  0.646745  0.621702  0.543069  0.590191  0.751954  0.517923  0.588927  0.574130  0.596331  0.530787  0.725732  0.804825 0.0  0.734626  0.758561  0.418857  0.680930  0.608917  0.671609  0.441599  0.541932  0.479387  0.706873  0.577879  0.571201  0.649925  0.571882  0.637261  0.608536  0.701403  0.649055  0.503351  0.661348  0.742694  0.587371  0.649545  0.650724  0.662822  0.567866  0.736657  0.690645  0.649567  0.636139  0.645157  0.635261  0.593603  0.552781  0.533954  0.630088  0.730455  0.446165  0.688801  0.537965  0.727198 
19  0.555332  0.772466  0.650915  0.816184  0.614713  0.826911  0.613537  0.661851  0.596087  0.658030  0.591948  0.690180  0.510149  0.795385  0.682260  0.660052  0.616435  0.715000  0.734626 0.0  0.349636  0.616258  0.772659  0.762610  0.643711  0.652185  0.636821  0.721160  0.495512  0.742688  0.723976  0.597591  0.523706  0.636823  0.667174  0.374622  0.646374  0.695901  0.579079  0.270352  0.526871  0.436743  0.708001  0.773875  0.649811  0.569497  0.683282  0.851124  0.671475  0.678918  0.714758  0.491028  0.751579  0.686342  0.499069  0.725753  0.691189  0.667366  0.623303  0.342338 
20  0.685833  0.745626  0.723110  0.677904  0.452406  0.829746  0.587067  0.702003  0.641253  0.669063  0.659893  0.625655  0.629213  0.620689  0.526849  0.601218  0.814558  0.623660  0.758561  0.349636 0.0  0.630632  0.665707  0.815899  0.696326  0.720621  0.586455  0.653441  0.377621  0.589917  0.678937  0.597512  0.392629  0.718952  0.683168  0.352655  0.655881  0.658742  0.730079  0.328931  0.709198  0.464943  0.725599  0.780311  0.647308  0.403629  0.683081  0.695873  0.612690  0.713626  0.575701  0.377973  0.716451  0.734783  0.485831  0.581103  0.567091  0.712008  0.552468  0.271461 
21  0.341814  0.657008  0.550103  0.536459  0.781444  0.638404  0.682240  0.556105  0.420841  0.677750  0.636188  0.566300  0.683604  0.669424  0.506375  0.575407  0.647970  0.799750  0.418857  0.616258  0.630632 0.0  0.593357  0.694222  0.635783  0.585847  0.485595  0.646972  0.507095  0.596057  0.580269  0.632194  0.528313  0.643640  0.582923  0.546392  0.691888  0.704910  0.682729  0.615417  0.615944  0.585012  0.731653  0.549987  0.547525  0.516233  0.693652  0.616002  0.513107  0.653600  0.687385  0.637696  0.516419  0.630322  0.650081  0.587103  0.534236  0.817672  0.534306  0.554399 
22  0.566650  0.765083  0.693588  0.590095  0.647869  0.689986  0.588620  0.726761  0.556871  0.820788  0.568009  0.585741  0.656233  0.616697  0.553261  0.751947  0.486736  0.588604  0.680930  0.772659  0.665707  0.593357 0.0  0.692353  0.533019  0.508647  0.452878  0.761020  0.605618  0.527665  0.664841  0.682517  0.754011  0.673235  0.589753  0.779050  0.611796  0.835095  0.477203  0.771206  0.742072  0.746847  0.603188  0.657750  0.690303  0.678536  0.658120  0.588758  0.673702  0.585823  0.556949  0.598231  0.644583  0.476953  0.823691  0.662299  0.665429  0.790607  0.622883  0.697740 
23  0.412347  0.652685  0.511597  0.587609  0.640940  0.425370  0.417680  0.512888  0.691081  0.727690  0.609194  0.527850  0.628867  0.655971  0.443193  0.583183  0.661128  0.628140  0.608917  0.762610  0.815899  0.694222  0.692353 0.0  0.758324  0.655752  0.553656  0.684346  0.686258  0.541458  0.517381  0.571434  0.660557  0.767463  0.582215  0.733092  0.598964  0.663513  0.714729  0.845789  0.604337  0.721417  0.791647  0.601732  0.606951  0.627264  0.578304  0.649067  0.589328  0.665689  0.506225  0.727946  0.716379  0.619678  0.890994  0.549832  0.620837  0.551932  0.420452  0.766940 
24  0.676818  0.798741  0.522714  0.642638  0.568895  0.701579  0.671523  0.649860  0.503191  0.663673  0.817797  0.622848  0.751653  0.614193  0.621184  0.823171  0.383401  0.508811  0.671609  0.643711  0.696326  0.635783  0.533019  0.758324 0.0  0.601589  0.607205  0.694155  0.745369  0.655573  0.654771  0.542196  0.822335  0.574579  0.589572  0.761276  0.628404  0.841827  0.463371  0.807615  0.664925  0.682941  0.368454  0.623730  0.819964  0.769122  0.761736  0.624060  0.650117  0.527938  0.622800  0.658883  0.522177  0.576784  0.608562  0.688832  0.710603  0.859222  0.682992  0.589617 
25  0.565264  0.729521  0.616275  0.383784  0.609605  0.644072  0.621609  0.515356  0.444309  0.745440  0.624931  0.586060  0.593208  0.532643  0.581203  0.674780  0.427228  0.632204  0.441599  0.652185  0.720621  0.585847  0.508647  0.655752  0.601589 0.0  0.279442  0.529009  0.604754  0.444460  0.664294  0.599008  0.731563  0.604785  0.232175  0.662930  0.612154  0.583235  0.693494  0.612010  0.635915  0.736625  0.558576  0.313357  0.611577  0.665259  0.539527  0.404840  0.552989  0.451600  0.373337  0.650078  0.399949  0.430359  0.698833  0.670114  0.595907  0.614395  0.437441  0.654739 
26  0.297527  0.681317  0.607729  0.321968  0.620012  0.598625  0.554323  0.515821  0.394537  0.691280  0.541722  0.631245  0.586319  0.547769  0.488720  0.676371  0.511272  0.705943  0.541932  0.636821  0.586455  0.485595  0.452878  0.553656  0.607205  0.279442 0.0  0.389425  0.633762  0.505565  0.522092  0.573004  0.586094  0.673622  0.323243  0.595282  0.503641  0.547357  0.586109  0.692380  0.578667  0.614006  0.641856  0.245013  0.629438  0.540483  0.528615  0.327003  0.444316  0.451588  0.394659  0.533768  0.381087  0.512512  0.782730  0.463516  0.646254  0.639505  0.635729  0.610393 
27  0.580085  0.701906  0.612801  0.345895  0.617366  0.694739  0.695209  0.587334  0.611941  0.663596  0.722283  0.607524  0.520153  0.582998  0.618055  0.539924  0.905296  0.666552  0.479387  0.721160  0.653441  0.646972  0.761020  0.684346  0.694155  0.529009  0.389425 0.0  0.731154  0.578656  0.612023  0.661619  0.661469  0.649180  0.649548  0.832911  0.517366  0.469617  0.719920  0.692306  0.450897  0.636289  0.665362  0.506277  0.541549  0.755054  0.537559  0.517905  0.565619  0.706617  0.535879  0.719567  0.629534  0.467292  0.787461  0.708001  0.594016  0.694214  0.553368  0.809629 
28  0.700883  0.738769  0.830878  0.834302  0.639432  0.814785  0.706756  0.665830  0.614671  0.586379  0.721373  0.624572  0.535699  0.664906  0.631353  0.729609  0.690321  0.713577  0.706873  0.495512  0.377621  0.507095  0.605618  0.686258  0.745369  0.604754  0.633762  0.731154 0.0  0.614201  0.744426  0.732566  0.625991  0.632180  0.671458  0.537900  0.713570  0.704377  0.652631  0.486939  0.683709  0.570905  0.706563  0.752918  0.618567  0.418586  0.585216  0.682129  0.560913  0.737449  0.677443  0.473173  0.626321  0.693709  0.612519  0.672639  0.758292  0.651687  0.682027  0.458168 
29  0.625241  0.616137  0.549648  0.626702  0.673499  0.655276  0.569408  0.657543  0.351517  0.674682  0.689805  0.702471  0.718166  0.582511  0.810897  0.542689  0.684981  0.606066  0.577879  0.742688  0.589917  0.596057  0.527665  0.541458  0.655573  0.444460  0.505565  0.578656  0.614201 0.0  0.878788  0.557954  0.569996  0.531775  0.458890  0.526989  0.499222  0.639520  0.521643  0.680242  0.484682  0.707993  0.551790  0.530467  0.594147  0.557324  0.535925  0.754603  0.513763  0.456478  0.394928  0.517372  0.424640  0.671486  0.652476  0.595330  0.655771  0.537168  0.637323  0.670316 
30  0.395603  0.745640  0.624218  0.690644  0.593730  0.621340  0.659709  0.612778  0.712750  0.648836  0.721055  0.736616  0.579008  0.487824  0.651380  0.699598  0.768936  0.664354  0.571201  0.723976  0.678937  0.580269  0.664841  0.517381  0.654771  0.664294  0.522092  0.612023  0.744426  0.878788 0.0  0.679094  0.765035  0.736498  0.671557  0.755584  0.556106  0.642132  0.675252  0.803527  0.768686  0.711826  0.533106  0.619596  0.607835  0.714353  0.604731  0.512471  0.629411  0.685063  0.686209  0.662650  0.603858  0.681994  0.830329  0.784146  0.705516  0.688872  0.656575  0.840732 
31  0.496522  0.456020  0.308230  0.633898  0.543402  0.656960  0.227745  0.297727  0.552163  0.683366  0.612954  0.348596  0.486007  0.595181  0.372362  0.572021  0.789751  0.169864  0.649925  0.597591  0.597512  0.632194  0.682517  0.571434  0.542196  0.599008  0.573004  0.661619  0.732566  0.557954  0.679094 0.0  0.535594  0.629706  0.518910  0.473274  0.505477  0.518780  0.622076  0.738778  0.365642  0.667933  0.664893  0.604961  0.537507  0.822030  0.645953  0.628489  0.406195  0.646988  0.567331  0.516435  0.563190  0.688379  0.601652  0.641006  0.429165  0.711490  0.364643  0.693166 
32  0.512405  0.605387  0.536285  0.482368  0.491522  0.698459  0.532916  0.607239  0.493730  0.654157  0.630905  0.516437  0.502203  0.513812  0.599155  0.471713  0.804316  0.539472  0.571882  0.523706  0.392629  0.528313  0.754011  0.660557  0.822335  0.731563  0.586094  0.661469  0.625991  0.569996  0.765035  0.535594 0.0  0.685161  0.570279  0.319461  0.506596  0.372364  0.519976  0.428405  0.400063  0.565208  0.710242  0.622852  0.561890  0.650174  0.536311  0.665712  0.599874  0.591592  0.534271  0.485129  0.601161  0.677906  0.448544  0.743680  0.498063  0.561470  0.512015  0.527742 
33  0.538800  0.725745  0.740304  0.678881  0.424695  0.838103  0.790683  0.806900  0.635856  0.729981  0.754688  0.715545  0.836629  0.776811  0.773517  0.618010  0.619319  0.727975  0.637261  0.636823  0.718952  0.643640  0.673235  0.767463  0.574579  0.604785  0.673622  0.649180  0.632180  0.531775  0.736498  0.629706  0.685161 0.0  0.709121  0.709893  0.798165  0.618292  0.678689  0.656248  0.641343  0.685573  0.739527  0.684521  0.836083  0.725959  0.643270  0.695005  0.762272  0.539374  0.655795  0.615296  0.722236  0.679505  0.785514  0.678228  0.372511  0.806286  0.725859  0.600699 
34  0.637533  0.838350  0.589658  0.511212  0.631981  0.700507  0.535890  0.719908  0.446142  0.672284  0.587634  0.630965  0.529639  0.315576  0.551191  0.552617  0.634748  0.614736  0.608536  0.667174  0.683168  0.582923  0.589753  0.582215  0.589572  0.232175  0.323243  0.649548  0.671458  0.458890  0.671557  0.518910  0.570279  0.709121 0.0  0.368632  0.242204  0.499912  0.556916  0.661298  0.503421  0.646054  0.574372  0.312568  0.571964  0.579571  0.633768  0.331503  0.455753  0.462003  0.383021  0.691305  0.284334  0.501221  0.709121  0.454207  0.617213  0.542750  0.628935  0.675235 
35  0.500255  0.740512  0.718178  0.624596  0.584152  0.769463  0.538247  0.590226  0.597040  0.609649  0.552373  0.587816  0.466173  0.517227  0.696222  0.554999  0.832066  0.563403  0.701403  0.374622  0.352655  0.546392  0.779050  0.733092  0.761276  0.662930  0.595282  0.832911  0.537900  0.526989  0.755584  0.473274  0.319461  0.709893  0.368632 0.0  0.487512  0.472967  0.717698  0.271855  0.632148  0.392622  0.683446  0.511236  0.541855  0.559528  0.520152  0.654108  0.501961  0.722463  0.657767  0.320729  0.526040  0.711778  0.397003  0.685306  0.615473  0.491034  0.467558  0.499176 
36  0.506010  0.633132  0.619736  0.428421  0.608107  0.717937  0.774682  0.625430  0.385793  0.658680  0.716399  0.589515  0.531716  0.284135  0.786427  0.636992  0.644835  0.508063  0.649055  0.646374  0.655881  0.691888  0.611796  0.598964  0.628404  0.612154  0.503641  0.517366  0.713570  0.499222  0.556106  0.505477  0.506596  0.798165  0.242204  0.487512 0.0  0.454376  0.480607  0.660495  0.505807  0.580414  0.500450  0.449746  0.584479  0.845499  0.525595  0.403884  0.534130  0.461095  0.297658  0.732263  0.406646  0.491328  0.634773  0.513363  0.669829  0.645450  0.573375  0.766429 
37  0.358513  0.794085  0.511713  0.567616  0.366704  0.679379  0.728162  0.715258  0.562319  0.763385  0.603786  0.627582  0.640882  0.607568  0.672890  0.741640  0.771175  0.783892  0.503351  0.695901  0.658742  0.704910  0.835095  0.663513  0.841827  0.583235  0.547357  0.469617  0.704377  0.639520  0.642132  0.518780  0.372364  0.618292  0.499912  0.472967  0.454376 0.0  0.659135  0.602060  0.391722  0.697035  0.734070  0.566428  0.452341  0.841911  0.418138  0.538237  0.642155  0.757282  0.502746  0.539043  0.682904  0.549445  0.630813  0.783482  0.392986  0.681269  0.552480  0.648484 
38  0.721758  0.731451  0.673579  0.608524  0.508544  0.777201  0.647827  0.682617  0.614949  0.645691  0.779727  0.692930  0.666175  0.389335  0.687317  0.698285  0.559701  0.826556  0.661348  0.579079  0.730079  0.682729  0.477203  0.714729  0.463371  0.693494  0.586109  0.719920  0.652631  0.521643  0.675252  0.622076  0.519976  0.678689  0.556916  0.717698  0.480607  0.659135 0.0  0.675374  0.705886  0.678541  0.419737  0.528395  0.711288  0.566762  0.630416  0.660486  0.626757  0.532257  0.492941  0.662141  0.542912  0.682816  0.672716  0.690462  0.684337  0.663817  0.658897  0.726122 
39  0.845299  0.645217  0.717899  0.776054  0.534446  1.000000  0.677633  0.625762  0.775453  0.485301  0.623661  0.729341  0.684861  0.748160  0.589086  0.667404  0.797725  0.818214  0.742694  0.270352  0.328931  0.615417  0.771206  0.845789  0.807615  0.612010  0.692380  0.692306  0.486939  0.680242  0.803527  0.738778  0.428405  0.656248  0.661298  0.271855  0.660495  0.602060  0.675374 0.0  0.798075  0.355671  0.667523  0.710134  0.758501  0.484106  0.606287  0.757741  0.621309  0.605881  0.766874  0.567015  0.641025  0.848988  0.425639  0.855601  0.625539  0.735976  0.745336  0.511419 
40  0.495719  0.536725  0.286501  0.535975  0.575810  0.656773  0.377341  0.431049  0.441107  0.606531  0.523972  0.440574  0.313187  0.558712  0.365343  0.652354  0.758286  0.352825  0.587371  0.526871  0.709198  0.615944  0.742072  0.604337  0.664925  0.635915  0.578667  0.450897  0.683709  0.484682  0.768686  0.365642  0.400063  0.641343  0.503421  0.632148  0.505807  0.391722  0.705886  0.798075 0.0  0.642657  0.572054  0.639784  0.505046  0.832701  0.578969  0.585329  0.413558  0.641896  0.366153  0.599216  0.442103  0.616922  0.631778  0.592070  0.652701  0.706467  0.452450  0.658461 
41  0.696625  0.743935  0.682504  0.649555  0.402796  0.735254  0.718655  0.680102  0.670874  0.515867  0.677245  0.624548  0.552725  0.640114  0.648109  0.627180  0.634898  0.673413  0.649545  0.436743  0.464943  0.585012  0.746847  0.721417  0.682941  0.736625  0.614006  0.636289  0.570905  0.707993  0.711826  0.667933  0.565208  0.685573  0.646054  0.392622  0.580414  0.697035  0.678541  0.355671  0.642657 0.0  0.659699  0.681322  0.631415  0.620920  0.587675  0.715588  0.705466  0.656499  0.641438  0.435197  0.680903  0.757790  0.508437  0.737604  0.724609  0.695445  0.563453  0.546330 
42  0.761894  0.701587  0.716329  0.634768  0.701554  0.718708  0.820005  0.762177  0.556325  0.670243  0.796403  0.606594  0.680746  0.636641  0.658397  0.627623  0.441827  0.653587  0.650724  0.708001  0.725599  0.731653  0.603188  0.791647  0.368454  0.558576  0.641856  0.665362  0.706563  0.551790  0.533106  0.664893  0.710242  0.739527  0.574372  0.683446  0.500450  0.734070  0.419737  0.667523  0.572054  0.659699 0.0  0.500319  0.762962  0.667115  0.768202  0.683100  0.776220  0.620005  0.648126  0.670512  0.582238  0.713804  0.599397  0.709773  0.801895  0.747497  0.736347  0.779231 
43  0.562009  0.631774  0.468890  0.377399  0.614721  0.590250  0.668482  0.532354  0.393058  0.673604  0.700108  0.767728  0.574725  0.596097  0.590533  0.457235  0.709172  0.649379  0.662822  0.773875  0.780311  0.549987  0.657750  0.601732  0.623730  0.313357  0.245013  0.506277  0.752918  0.530467  0.619596  0.604961  0.622852  0.684521  0.312568  0.511236  0.449746  0.566428  0.528395  0.710134  0.639784  0.681322  0.500319 0.0  0.596099  0.724736  0.597350  0.267700  0.588405  0.515073  0.435490  0.723455  0.297489  0.434155  0.781311  0.358881  0.541875  0.618119  0.601846  0.686378 
44  0.465703  0.789335  0.581821  0.755121  0.580396  0.630889  0.719726  0.672045  0.457296  0.506217  0.555606  0.796321  0.572174  0.636959  0.646946  0.581765  0.826277  0.738405  0.567866  0.649811  0.647308  0.547525  0.690303  0.606951  0.819964  0.611577  0.629438  0.541549  0.618567  0.594147  0.607835  0.537507  0.561890  0.836083  0.571964  0.541855  0.584479  0.452341  0.711288  0.758501  0.505046  0.631415  0.762962  0.596099 0.0  0.718656  0.393980  0.575229  0.641780  0.678593  0.546537  0.663022  0.596206  0.514299  0.795106  0.573561  0.556740  0.610558  0.520666  0.593991 
45  0.607328  0.677276  0.684474  0.657709  0.620490  0.731027  0.566321  0.752011  0.706226  0.604719  0.697268  0.649444  0.738710  0.610000  0.673517  0.706162  0.695353  0.868206  0.736657  0.569497  0.403629  0.516233  0.678536  0.627264  0.769122  0.665259  0.540483  0.755054  0.418586  0.557324  0.714353  0.822030  0.650174  0.725959  0.579571  0.559528  0.845499  0.841911  0.566762  0.484106  0.832701  0.620920  0.667115  0.724736  0.718656 0.0  0.727358  0.807672  0.668862  0.512535  0.687605  0.511738  0.751033  0.752313  0.647985  0.545736  0.793809  0.620551  0.709338  0.596466 
46  0.504058  0.581373  0.699244  0.619890  0.543781  0.645602  0.588871  0.650986  0.509692  0.764043  0.589697  0.619174  0.466178  0.555003  0.572669  0.428147  0.660353  0.652185  0.690645  0.683282  0.683081  0.693652  0.658120  0.578304  0.761736  0.539527  0.528615  0.537559  0.585216  0.535925  0.604731  0.645953  0.536311  0.643270  0.633768  0.520152  0.525595  0.418138  0.630416  0.606287  0.578969  0.587675  0.768202  0.597350  0.393980  0.727358 0.0  0.483188  0.490629  0.542601  0.539573  0.563270  0.731433  0.617512  0.682790  0.613612  0.599875  0.546037  0.488883  0.641591 
47  0.511693  0.692020  0.594343  0.273450  0.631396  0.615998  0.568370  0.638674  0.491333  0.698286  0.647551  0.843896  0.502137  0.548370  0.622532  0.761819  0.674898  0.743660  0.649567  0.851124  0.695873  0.616002  0.588758  0.649067  0.624060  0.404840  0.327003  0.517905  0.682129  0.754603  0.512471  0.628489  0.665712  0.695005  0.331503  0.654108  0.403884  0.538237  0.660486  0.757741  0.585329  0.715588  0.683100  0.267700  0.575229  0.807672  0.483188 0.0  0.478268  0.540220  0.388139  0.733685  0.368096  0.549593  0.756774  0.568931  0.470394  0.717840  0.674074  0.738823 
48  0.532083  0.618907  0.310219  0.442718  0.547676  0.631467  0.376895  0.478988  0.527974  0.666499  0.506182  0.456750  0.373503  0.547084  0.484959  0.619986  0.709384  0.348894  0.636139  0.671475  0.612690  0.513107  0.673702  0.589328  0.650117  0.552989  0.444316  0.565619  0.560913  0.513763  0.629411  0.406195  0.599874  0.762272  0.455753  0.501961  0.534130  0.642155  0.626757  0.621309  0.413558  0.705466  0.776220  0.588405  0.641780  0.668862  0.490629  0.478268 0.0  0.687032  0.635920  0.440201  0.504905  0.618523  0.633593  0.643470  0.707071  0.654592  0.344445  0.529758 
49  0.668712  0.735323  0.674390  0.470877  0.689607  0.810396  0.757887  0.750757  0.483973  0.795515  0.736093  0.579252  0.647914  0.605558  0.674110  0.641869  0.699192  0.700472  0.645157  0.678918  0.713626  0.653600  0.585823  0.665689  0.527938  0.451600  0.451588  0.706617  0.737449  0.456478  0.685063  0.646988  0.591592  0.539374  0.462003  0.722463  0.461095  0.757282  0.532257  0.605881  0.641896  0.656499  0.620005  0.515073  0.678593  0.512535  0.542601  0.540220  0.687032 0.0  0.403962  0.593078  0.555914  0.472631  0.721263  0.661391  0.712015  0.716607  0.700546  0.757650 
50  0.532552  0.672292  0.533559  0.458150  0.599428  0.684026  0.563827  0.623478  0.231421  0.683387  0.608399  0.524568  0.564025  0.232925  0.612002  0.559553  0.713465  0.618633  0.635261  0.714758  0.575701  0.687385  0.556949  0.506225  0.622800  0.373337  0.394659  0.535879  0.677443  0.394928  0.686209  0.567331  0.534271  0.655795  0.383021  0.657767  0.297658  0.502746  0.492941  0.766874  0.366153  0.641438  0.648126  0.435490  0.546537  0.687605  0.539573  0.388139  0.635920  0.403962 0.0  0.477065  0.411189  0.636900  0.669694  0.531061  0.511262  0.569384  0.552084  0.623976 
51  0.635000  0.762864  0.530925  0.726747  0.415882  0.800699  0.634967  0.640219  0.553507  0.679593  0.558534  0.480731  0.575352  0.582578  0.683021  0.565097  0.695366  0.542257  0.593603  0.491028  0.377973  0.637696  0.598231  0.727946  0.658883  0.650078  0.533768  0.719567  0.473173  0.517372  0.662650  0.516435  0.485129  0.615296  0.691305  0.320729  0.732263  0.539043  0.662141  0.567015  0.599216  0.435197  0.670512  0.723455  0.663022  0.511738  0.563270  0.733685  0.440201  0.593078  0.477065 0.0  0.651591  0.708201  0.474319  0.594791  0.650585  0.579189  0.442404  0.460345 
52  0.602288  0.741181  0.630559  0.436393  0.662277  0.801411  0.509605  0.599719  0.419171  0.682629  0.704684  0.565520  0.539509  0.499713  0.621109  0.681516  0.605101  0.561629  0.552781  0.751579  0.716451  0.516419  0.644583  0.716379  0.522177  0.399949  0.381087  0.629534  0.626321  0.424640  0.603858  0.563190  0.601161  0.722236  0.284334  0.526040  0.406646  0.682904  0.542912  0.641025  0.442103  0.680903  0.582238  0.297489  0.596206  0.751033  0.731433  0.368096  0.504905  0.555914  0.411189  0.651591 0.0  0.422070  0.732660  0.533800  0.556913  0.702279  0.823230  0.793208 
53  0.548439  0.693512  0.640774  0.479390  0.698471  0.736653  0.688889  0.601951  0.454651  0.664728  0.582700  0.603580  0.679261  0.537718  0.502330  0.658927  0.582081  0.686801  0.533954  0.686342  0.734783  0.630322  0.476953  0.619678  0.576784  0.430359  0.512512  0.467292  0.693709  0.671486  0.681994  0.688379  0.677906  0.679505  0.501221  0.711778  0.491328  0.549445  0.682816  0.848988  0.616922  0.757790  0.713804  0.434155  0.514299  0.752313  0.617512  0.549593  0.618523  0.472631  0.636900  0.708201  0.422070 0.0  0.731501  0.659918  0.483524  0.875010  0.494399  0.796838 
54  0.697109  0.703160  0.764356  0.754305  0.698714  0.802190  0.774899  0.736007  0.652126  0.669658  0.705246  0.673337  0.726431  0.681746  0.745982  0.603780  0.811369  0.705078  0.630088  0.499069  0.485831  0.650081  0.823691  0.890994  0.608562  0.698833  0.782730  0.787461  0.612519  0.652476  0.830329  0.601652  0.448544  0.785514  0.709121  0.397003  0.634773  0.630813  0.672716  0.425639  0.631778  0.508437  0.599397  0.781311  0.795106  0.647985  0.682790  0.756774  0.633593  0.721263  0.669694  0.474319  0.732660  0.731501 0.0  0.656075  0.670508  0.568664  0.761919  0.631568 
55  0.551422  0.687064  0.535710  0.478600  0.755706  0.611839  0.633957  0.656955  0.593532  0.468036  0.656571  0.664056  0.625144  0.646712  0.682150  0.604767  0.656823  0.496682  0.730455  0.725753  0.581103  0.587103  0.662299  0.549832  0.688832  0.670114  0.463516  0.708001  0.672639  0.595330  0.784146  0.641006  0.743680  0.678228  0.454207  0.685306  0.513363  0.783482  0.690462  0.855601  0.592070  0.737604  0.709773  0.358881  0.573561  0.545736  0.613612  0.568931  0.643470  0.661391  0.531061  0.594791  0.533800  0.659918  0.656075 0.0  0.611937  0.736698  0.618113  0.725445 
56  0.457119  0.636991  0.549330  0.547265  0.326314  0.766482  0.685566  0.625274  0.547835  0.594031  0.682668  0.568149  0.636785  0.683870  0.617835  0.846960  0.809738  0.702496  0.446165  0.691189  0.567091  0.534236  0.665429  0.620837  0.710603  0.595907  0.646254  0.594016  0.758292  0.655771  0.705516  0.429165  0.498063  0.372511  0.617213  0.615473  0.669829  0.392986  0.684337  0.625539  0.652701  0.724609  0.801895  0.541875  0.556740  0.793809  0.599875  0.470394  0.707071  0.712015  0.511262  0.650585  0.556913  0.483524  0.670508  0.611937 0.0  0.784114  0.577872  0.761821 
57  0.604117  0.755937  0.850290  0.921318  0.730888  0.760537  0.723035  0.737358  0.649106  0.445307  0.785916  0.780406  0.523521  0.708706  0.805846  0.514732  0.834052  0.621850  0.688801  0.667366  0.712008  0.817672  0.790607  0.551932  0.859222  0.614395  0.639505  0.694214  0.651687  0.537168  0.688872  0.711490  0.561470  0.806286  0.542750  0.491034  0.645450  0.681269  0.663817  0.735976  0.706467  0.695445  0.747497  0.618119  0.610558  0.620551  0.546037  0.717840  0.654592  0.716607  0.569384  0.579189  0.702279  0.875010  0.568664  0.736698  0.784114 0.0  0.714860  0.682664 
58  0.338147  0.589049  0.160958  0.588077  0.552518  0.458755  0.557271  0.282839  0.498424  0.736463  0.427006  0.499973  0.484233  0.701616  0.449060  0.666965  0.717284  0.411286  0.537965  0.623303  0.552468  0.534306  0.622883  0.420452  0.682992  0.437441  0.635729  0.553368  0.682027  0.637323  0.656575  0.364643  0.512015  0.725859  0.628935  0.467558  0.573375  0.552480  0.658897  0.745336  0.452450  0.563453  0.736347  0.601846  0.520666  0.709338  0.488883  0.674074  0.344445  0.700546  0.552084  0.442404  0.823230  0.494399  0.761919  0.618113  0.577872  0.714860 0.0  0.664859 
59  0.756257  0.766865  0.677143  0.828757  0.589043  0.975902  0.541672  0.759394  0.641364  0.667014  0.538900  0.682394  0.645082  0.662383  0.709871  0.631541  0.733951  0.650091  0.727198  0.342338  0.271461  0.554399  0.697740  0.766940  0.589617  0.654739  0.610393  0.809629  0.458168  0.670316  0.840732  0.693166  0.527742  0.600699  0.675235  0.499176  0.766429  0.648484  0.726122  0.511419  0.658461  0.546330  0.779231  0.686378  0.593991  0.596466  0.641591  0.738823  0.529758  0.757650  0.623976  0.460345  0.793208  0.796838  0.631568  0.725445  0.761821  0.682664  0.664859 0.0 
