60
0 0.0  0.663284  0.470605  0.496684  0.515402  0.528025  0.566625  0.469382  0.439238  0.592315  0.516343  0.577470  0.559343  0.553195  0.484066  0.667724  0.701301  0.565379  0.591849  0.624105  0.650852  0.399647  0.567664  0.483843  0.709328  0.521781  0.369665  0.526507  0.702152  0.530114  0.448454  0.509470  0.559813  0.652391  0.494081  0.499878  0.468525  0.515069  0.771874  0.590326  0.573741  0.628584  0.696788  0.463530  0.405405  0.695300  0.595143  0.522168  0.450391  0.540216  0.502126  0.669025  0.481111  0.568676  0.746815  0.599159  0.532748  0.752372  0.429568  0.666529 
1  0.663284 0.0  0.522113  0.725345  0.764420  0.528169  0.507135  0.481258  0.693354  0.650343  0.510663  0.506305  0.525321  0.857405  0.508035  0.571486  0.730785  0.560087  0.777504  0.634676  0.698256  0.584606  0.753728  0.485314  0.833166  0.735256  0.631599  0.737452  0.709202  0.642107  0.694649  0.494051  0.729597  0.790785  0.663446  0.782189  0.952799  0.689963  0.686947  0.785414  0.496434  0.694844  0.757024  0.677711  0.638942  0.566917  0.656287  0.664272  0.553254  0.648246  0.692700  0.598135  0.700829  0.690770  0.627762  0.596282  0.637540  0.608132  0.448323  0.689192 
2  0.470605  0.522113 0.0  0.574253  0.649836  0.548825  0.306712  0.293561  0.524557  0.726041  0.387796  0.302355  0.433051  0.614277  0.353957  0.595724  0.674272  0.325932  0.495917  0.615599  0.640765  0.539806  0.628458  0.456339  0.734683  0.586569  0.518611  0.505747  0.724357  0.549477  0.570478  0.275788  0.499624  0.700721  0.603899  0.623930  0.589890  0.541832  0.720345  0.739566  0.321643  0.678323  0.654328  0.586600  0.575547  0.870346  0.610531  0.520085  0.273155  0.533414  0.437956  0.504986  0.666168  0.538776  0.843119  0.611029  0.549725  0.719754  0.269513  0.678079 
3  0.496684  0.725345  0.574253 0.0  0.622296  0.617975  0.680284  0.576520  0.432839  0.768857  0.670140  0.651547  0.548188  0.504595  0.572749  0.719053  0.666810  0.661384  0.441319  0.796472  0.664048  0.485119  0.507211  0.659582  0.535637  0.355247  0.394500  0.370522  0.828249  0.592069  0.617582  0.633776  0.601803  0.567363  0.479900  0.650061  0.534309  0.575425  0.496534  0.660833  0.583565  0.672971  0.593374  0.398715  0.775681  0.724773  0.588378  0.319819  0.599622  0.431611  0.403930  0.693462  0.349029  0.434872  0.713010  0.641711  0.404041  0.805951  0.466078  0.715168 
4  0.515402  0.764420  0.649836  0.622296 0.0  0.786963  0.590193  0.783093  0.632805  0.537791  0.630421  0.666022  0.486021  0.482584  0.805556  0.553428  0.756593  0.652946  0.547915  0.548747  0.568427  0.752751  0.707743  0.637806  0.643511  0.714722  0.685711  0.630374  0.574906  0.674667  0.625678  0.535748  0.430899  0.429710  0.636347  0.519169  0.653831  0.348976  0.638091  0.643387  0.560855  0.534660  0.658767  0.582035  0.530047  0.632906  0.591561  0.649248  0.655114  0.746584  0.584361  0.451943  0.620728  0.637686  0.581684  0.707556  0.326209  0.577796  0.653945  0.634907 
5  0.528025  0.528169  0.548825  0.617975  0.786963 0.0  0.517424  0.526873  0.731185  0.676413  0.563221  0.647564  0.516889  0.693920  0.718820  0.595522  0.920359  0.551090  0.679309  0.759779  0.860166  0.707505  0.678125  0.375456  0.804116  0.716929  0.605949  0.631417  0.807526  0.666509  0.540024  0.576284  0.737543  0.801422  0.750502  0.649600  0.737022  0.704802  0.779388  0.916829  0.522479  0.728700  0.871429  0.527418  0.636949  0.826526  0.588307  0.521565  0.688740  0.673835  0.576028  0.778469  0.673696  0.666886  0.963995  0.571730  0.641758  0.752512  0.514336  0.860662 
6  0.566625  0.507135  0.306712  0.680284  0.590193  0.517424 0.0  0.444483  0.630757  0.759258  0.484360  0.313561  0.505831  0.735116  0.349813  0.698099  0.661464  0.349008  0.567668  0.501216  0.575855  0.649321  0.693626  0.469265  0.801802  0.536270  0.507291  0.548836  0.606119  0.586073  0.594979  0.277648  0.574205  0.561282  0.554306  0.562123  0.675730  0.725939  0.782780  0.624086  0.383277  0.567704  0.615209  0.507218  0.674655  0.658093  0.555556  0.588490  0.336646  0.707378  0.567727  0.603967  0.519250  0.633028  0.827861  0.634231  0.558000  0.723164  0.446743  0.646141 
7  0.469382  0.481258  0.293561  0.576520  0.783093  0.526873  0.444483 0.0  0.620548  0.686967  0.404374  0.416273  0.462382  0.570827  0.380996  0.629974  0.640166  0.403489  0.528169  0.602635  0.632924  0.512831  0.676655  0.598368  0.425902  0.606580  0.567244  0.592052  0.775609  0.626265  0.576814  0.424977  0.680969  0.762437  0.652492  0.628224  0.643452  0.515468  0.671415  0.851057  0.377577  0.585164  0.744512  0.640828  0.729873  0.703869  0.544898  0.622767  0.371811  0.737715  0.644151  0.595041  0.559123  0.533927  0.917576  0.720314  0.576907  0.877851  0.374762  0.686296 
8  0.439238  0.693354  0.524557  0.432839  0.632805  0.731185  0.630757  0.620548 0.0  0.733316  0.540777  0.556700  0.589464  0.396878  0.609339  0.487750  0.513249  0.548333  0.499412  0.652449  0.600774  0.492382  0.532827  0.553264  0.546755  0.391956  0.392751  0.516557  0.525958  0.448984  0.691484  0.613066  0.484060  0.739955  0.365413  0.645967  0.401705  0.522270  0.448647  0.690114  0.488571  0.634024  0.465152  0.400988  0.425497  0.664500  0.505713  0.445138  0.602105  0.506040  0.317066  0.531762  0.401089  0.463972  0.644900  0.654910  0.549229  0.614123  0.502152  0.670644 
9  0.592315  0.650343  0.726041  0.768857  0.537791  0.676413  0.759258  0.686967  0.733316 0.0  0.753206  0.615973  0.743357  0.601330  0.751420  0.629416  0.628420  0.675091  0.548935  0.494490  0.643561  0.586106  0.858403  0.837570  0.661079  0.641358  0.660304  0.627680  0.573414  0.606049  0.762262  0.685244  0.571887  0.729668  0.749892  0.545395  0.688728  0.562557  0.546340  0.454728  0.660095  0.569678  0.544656  0.645231  0.458776  0.552732  0.707411  0.821694  0.683995  0.671096  0.734098  0.580669  0.562960  0.849221  0.490347  0.557322  0.635727  0.478554  0.809819  0.632536 
10  0.516343  0.510663  0.387796  0.670140  0.630421  0.563221  0.484360  0.404374  0.540777  0.753206 0.0  0.611542  0.499684  0.786896  0.458178  0.550568  0.570976  0.547314  0.803637  0.594653  0.589667  0.558058  0.643052  0.559169  0.793259  0.500749  0.571459  0.683696  0.594602  0.726585  0.730669  0.457938  0.598520  0.725647  0.560179  0.533297  0.662576  0.659707  0.722170  0.720207  0.388196  0.678952  0.789690  0.534407  0.533361  0.794199  0.559436  0.636863  0.418591  0.644415  0.583008  0.567244  0.756072  0.607707  0.744822  0.614927  0.554710  0.730990  0.426662  0.504069 
11  0.577470  0.506305  0.302355  0.651547  0.666022  0.647564  0.313561  0.416273  0.556700  0.615973  0.611542 0.0  0.531298  0.748702  0.323322  0.645119  0.619666  0.359517  0.486727  0.722352  0.441936  0.674507  0.606444  0.521164  0.532440  0.699165  0.593613  0.787116  0.655095  0.625812  0.671359  0.299759  0.506179  0.659430  0.575154  0.643156  0.583122  0.519010  0.658104  0.644184  0.428127  0.554459  0.637928  0.718676  0.627474  0.749814  0.631884  0.774645  0.384101  0.661600  0.569862  0.494671  0.628389  0.598961  0.632835  0.608712  0.534571  0.706428  0.397970  0.614451 
12  0.559343  0.525321  0.433051  0.548188  0.486021  0.516889  0.505831  0.462382  0.589464  0.743357  0.499684  0.531298 0.0  0.574337  0.464557  0.627721  0.773907  0.467579  0.591921  0.609937  0.560474  0.636291  0.669709  0.554791  0.698377  0.529381  0.549375  0.535912  0.639701  0.618676  0.576052  0.370706  0.419759  0.733529  0.636529  0.418449  0.451451  0.501864  0.662078  0.684086  0.363080  0.654722  0.710864  0.587472  0.541538  0.741495  0.537417  0.567796  0.368823  0.531352  0.502457  0.666359  0.614111  0.687286  0.570393  0.636960  0.622083  0.556244  0.475261  0.530856 
13  0.553195  0.857405  0.614277  0.504595  0.482584  0.693920  0.735116  0.570827  0.396878  0.601330  0.786896  0.748702  0.574337 0.0  0.808522  0.601034  0.719412  0.630304  0.515346  0.683533  0.668341  0.579625  0.675378  0.605039  0.552625  0.490432  0.480637  0.563015  0.683690  0.472555  0.481627  0.453077  0.396423  0.582728  0.434305  0.496061  0.440380  0.501177  0.469683  0.736112  0.531013  0.666145  0.511744  0.537854  0.560772  0.649681  0.497973  0.572619  0.683966  0.537519  0.314801  0.566117  0.522919  0.536191  0.595007  0.733816  0.542878  0.525911  0.638907  0.709814 
14  0.484066  0.508035  0.353957  0.572749  0.805556  0.718820  0.349813  0.380996  0.609339  0.751420  0.458178  0.323322  0.464557  0.808522 0.0  0.684521  0.556735  0.505107  0.586916  0.808356  0.587486  0.647406  0.576009  0.495626  0.521636  0.475146  0.487620  0.557680  0.620951  0.719589  0.623315  0.418817  0.776936  0.816657  0.554242  0.656598  0.743745  0.671338  0.671405  0.671378  0.362538  0.682541  0.830774  0.506569  0.645731  0.648884  0.605482  0.634427  0.436796  0.653363  0.613664  0.647151  0.559129  0.590738  0.830147  0.658459  0.673717  0.658424  0.485744  0.741236 
15  0.667724  0.571486  0.595724  0.719053  0.553428  0.595522  0.698099  0.629974  0.487750  0.629416  0.550568  0.645119  0.627721  0.601034  0.684521 0.0  0.797562  0.553638  0.692523  0.610204  0.566728  0.670856  0.660294  0.641207  0.655294  0.557773  0.595524  0.586767  0.585170  0.527500  0.570922  0.549034  0.510173  0.687097  0.571408  0.502327  0.532958  0.575030  0.531265  0.654308  0.505630  0.591003  0.525756  0.620443  0.599106  0.558440  0.489828  0.542162  0.668379  0.599867  0.577494  0.485171  0.560361  0.581060  0.583936  0.554930  0.647741  0.543696  0.609602  0.610234 
16  0.701301  0.730785  0.674272  0.666810  0.756593  0.920359  0.661464  0.640166  0.513249  0.628420  0.570976  0.619666  0.773907  0.719412  0.556735  0.797562 0.0  0.778316  0.804171  0.614498  0.708933  0.573790  0.457981  0.810047  0.370493  0.483678  0.547513  0.846060  0.648975  0.587925  0.644294  0.803129  0.781080  0.647937  0.634954  0.806009  0.521434  0.925601  0.542546  0.699955  0.615967  0.720771  0.441750  0.533402  0.799394  0.591583  0.754871  0.551504  0.671788  0.537967  0.723800  0.679230  0.507774  0.610755  0.731440  0.685924  0.770385  0.904694  0.658912  0.677345 
17  0.565379  0.560087  0.325932  0.661384  0.652946  0.551090  0.349008  0.403489  0.548333  0.675091  0.547314  0.359517  0.467579  0.630304  0.505107  0.553638  0.778316 0.0  0.611564  0.633802  0.708301  0.710618  0.661131  0.520412  0.606437  0.784556  0.673273  0.660596  0.626951  0.656702  0.664699  0.278119  0.559528  0.694164  0.574320  0.596850  0.567004  0.732137  0.691440  0.785544  0.320752  0.670057  0.785894  0.633738  0.705886  0.822897  0.673951  0.682990  0.382782  0.756586  0.543687  0.515098  0.636588  0.736504  0.757473  0.640116  0.691736  0.773880  0.383047  0.643619 
18  0.591849  0.777504  0.495917  0.441319  0.547915  0.679309  0.567668  0.528169  0.499412  0.548935  0.803637  0.486727  0.591921  0.515346  0.586916  0.692523  0.804171  0.611564 0.0  0.616006  0.697967  0.481881  0.504819  0.610293  0.582886  0.483980  0.581326  0.428174  0.736895  0.552635  0.511559  0.573365  0.640192  0.532790  0.562427  0.763809  0.795474  0.563706  0.642715  0.750929  0.532818  0.630508  0.691214  0.559561  0.585680  0.625915  0.633379  0.655130  0.692900  0.610068  0.512882  0.635145  0.547114  0.550141  0.740391  0.659654  0.436507  0.795974  0.564865  0.853758 
19  0.624105  0.634676  0.615599  0.796472  0.548747  0.759779  0.501216  0.602635  0.652449  0.494490  0.594653  0.722352  0.609937  0.683533  0.808356  0.610204  0.614498  0.633802  0.616006 0.0  0.275015  0.559696  0.789519  0.815041  0.755574  0.651120  0.674491  0.825685  0.501206  0.750986  0.705378  0.608099  0.449639  0.649876  0.616512  0.314417  0.632424  0.657752  0.507438  0.330293  0.537963  0.419089  0.593773  0.833638  0.599243  0.438292  0.575789  0.736659  0.643100  0.662060  0.648547  0.436105  0.724483  0.642782  0.452295  0.664633  0.687215  0.588377  0.573891  0.350058 
20  0.650852  0.698256  0.640765  0.664048  0.568427  0.860166  0.575855  0.632924  0.600774  0.643561  0.589667  0.441936  0.560474  0.668341  0.587486  0.566728  0.708933  0.708301  0.697967  0.275015 0.0  0.562860  0.769919  0.827300  0.657569  0.656014  0.623011  0.721554  0.403194  0.577949  0.684467  0.535657  0.398867  0.748699  0.586567  0.319243  0.736098  0.629466  0.596418  0.335407  0.694178  0.495149  0.824411  0.747369  0.567115  0.384956  0.562551  0.701122  0.567283  0.640322  0.546765  0.236101  0.684845  0.736144  0.584438  0.619580  0.680269  0.565122  0.714692  0.326115 
21  0.399647  0.584606  0.539806  0.485119  0.752751  0.707505  0.649321  0.512831  0.492382  0.586106  0.558058  0.674507  0.636291  0.579625  0.647406  0.670856  0.573790  0.710618  0.481881  0.559696  0.562860 0.0  0.574175  0.652267  0.613368  0.477570  0.463781  0.627676  0.675481  0.706017  0.505553  0.645330  0.592531  0.651446  0.656179  0.528001  0.699269  0.709492  0.729076  0.635303  0.690991  0.717995  0.667744  0.591387  0.590548  0.545391  0.503867  0.592691  0.594701  0.586170  0.540753  0.640175  0.588171  0.638777  0.694390  0.451627  0.618766  0.657009  0.517507  0.797315 
22  0.567664  0.753728  0.628458  0.507211  0.707743  0.678125  0.693626  0.676655  0.532827  0.858403  0.643052  0.606444  0.669709  0.675378  0.576009  0.660294  0.457981  0.661131  0.504819  0.789519  0.769919  0.574175 0.0  0.686073  0.491313  0.438311  0.554367  0.722991  0.632698  0.579872  0.668212  0.643815  0.782880  0.620683  0.579405  0.797218  0.594221  0.669357  0.554902  0.793077  0.578916  0.679379  0.610886  0.547055  0.619798  0.711869  0.619179  0.521630  0.665118  0.574463  0.577831  0.583447  0.556901  0.549692  0.675693  0.691686  0.756482  0.701690  0.563500  0.722104 
23  0.483843  0.485314  0.456339  0.659582  0.637806  0.375456  0.469265  0.598368  0.553264  0.837570  0.559169  0.521164  0.554791  0.605039  0.495626  0.641207  0.810047  0.520412  0.610293  0.815041  0.827300  0.652267  0.686073 0.0  0.617141  0.660930  0.647265  0.600653  0.834852  0.544189  0.630217  0.480479  0.626845  0.764532  0.606092  0.724772  0.580671  0.599451  0.701494  0.849685  0.594254  0.747512  0.808123  0.708595  0.448474  0.729051  0.572493  0.624588  0.479434  0.578030  0.559141  0.609062  0.751686  0.609817  0.857222  0.675399  0.683650  0.631125  0.416986  0.737252 
24  0.709328  0.833166  0.734683  0.535637  0.643511  0.804116  0.801802  0.425902  0.546755  0.661079  0.793259  0.532440  0.698377  0.552625  0.521636  0.655294  0.370493  0.606437  0.582886  0.755574  0.657569  0.613368  0.491313  0.617141 0.0  0.575909  0.585333  0.715941  0.711184  0.631168  0.626652  0.600823  0.643912  0.611629  0.552777  0.799808  0.610288  0.797181  0.418322  0.854530  0.689791  0.625964  0.427163  0.618821  0.703140  0.654570  0.711956  0.586793  0.596350  0.604643  0.516587  0.547904  0.531502  0.460417  0.719687  0.567141  0.717988  0.741222  0.623092  0.740545 
25  0.521781  0.735256  0.586569  0.355247  0.714722  0.716929  0.536270  0.606580  0.391956  0.641358  0.500749  0.699165  0.529381  0.490432  0.475146  0.557773  0.483678  0.784556  0.483980  0.651120  0.656014  0.477570  0.438311  0.660930  0.575909 0.0  0.270372  0.571618  0.579212  0.402119  0.616146  0.547326  0.610268  0.682637  0.273359  0.517439  0.494709  0.650059  0.538525  0.622191  0.392304  0.698300  0.542104  0.324181  0.605758  0.535852  0.491304  0.354183  0.517231  0.497114  0.490367  0.681065  0.377393  0.478987  0.691617  0.487119  0.689679  0.738707  0.580918  0.802053 
26  0.369665  0.631599  0.518611  0.394500  0.685711  0.605949  0.507291  0.567244  0.392751  0.660304  0.571459  0.593613  0.549375  0.480637  0.487620  0.595524  0.547513  0.673273  0.581326  0.674491  0.623011  0.463781  0.554367  0.647265  0.585333  0.270372 0.0  0.558556  0.654257  0.505753  0.548609  0.632198  0.653946  0.677478  0.316228  0.587865  0.446655  0.584333  0.584147  0.733750  0.511789  0.716716  0.638629  0.323007  0.571276  0.618119  0.479961  0.292523  0.471076  0.494821  0.369692  0.570808  0.315902  0.414192  0.762037  0.618125  0.573766  0.591080  0.538945  0.632291 
27  0.526507  0.737452  0.505747  0.370522  0.630374  0.631417  0.548836  0.592052  0.516557  0.627680  0.683696  0.787116  0.535912  0.563015  0.557680  0.586767  0.846060  0.660596  0.428174  0.825685  0.721554  0.627676  0.722991  0.600653  0.715941  0.571618  0.558556 0.0  0.709592  0.646516  0.544194  0.562726  0.579020  0.737956  0.526401  0.602978  0.470949  0.444507  0.708044  0.734725  0.550601  0.727687  0.742052  0.540540  0.494621  0.651263  0.625556  0.517576  0.418687  0.539558  0.516760  0.825220  0.457889  0.492544  0.796438  0.652662  0.456686  0.643880  0.602201  0.921709 
28  0.702152  0.709202  0.724357  0.828249  0.574906  0.807526  0.606119  0.775609  0.525958  0.573414  0.594602  0.655095  0.639701  0.683690  0.620951  0.585170  0.648975  0.626951  0.736895  0.501206  0.403194  0.675481  0.632698  0.834852  0.711184  0.579212  0.654257  0.709592 0.0  0.636694  0.645567  0.693663  0.580019  0.564069  0.632480  0.504240  0.774315  0.700114  0.552673  0.575748  0.666014  0.414808  0.762552  0.768597  0.475723  0.413222  0.698395  0.851693  0.595475  0.805002  0.754092  0.537341  0.532326  0.823947  0.639861  0.578750  0.688793  0.701294  0.592401  0.430540 
29  0.530114  0.642107  0.549477  0.592069  0.674667  0.666509  0.586073  0.626265  0.448984  0.606049  0.726585  0.625812  0.618676  0.472555  0.719589  0.527500  0.587925  0.656702  0.552635  0.750986  0.577949  0.706017  0.579872  0.544189  0.631168  0.402119  0.505753  0.646516  0.636694 0.0  0.797366  0.606830  0.493234  0.722132  0.471478  0.601242  0.499565  0.497530  0.452474  0.673318  0.590826  0.654929  0.578107  0.507129  0.578721  0.635025  0.673398  0.542528  0.554216  0.567989  0.469962  0.558086  0.406291  0.530125  0.785515  0.663139  0.508115  0.487029  0.571737  0.662000 
30  0.448454  0.694649  0.570478  0.617582  0.625678  0.540024  0.594979  0.576814  0.691484  0.762262  0.730669  0.671359  0.576052  0.481627  0.623315  0.570922  0.644294  0.664699  0.511559  0.705378  0.684467  0.505553  0.668212  0.630217  0.626652  0.616146  0.548609  0.544194  0.645567  0.797366 0.0  0.716621  0.529808  0.670419  0.587651  0.758340  0.640083  0.695533  0.715213  0.798554  0.735947  0.642496  0.660792  0.547428  0.536939  0.687106  0.553689  0.637499  0.566486  0.642657  0.666005  0.797588  0.661214  0.629848  0.843063  0.601911  0.826565  0.771427  0.634684  0.635553 
31  0.509470  0.494051  0.275788  0.633776  0.535748  0.576284  0.277648  0.424977  0.613066  0.685244  0.457938  0.299759  0.370706  0.453077  0.418817  0.549034  0.803129  0.278119  0.573365  0.608099  0.535657  0.645330  0.643815  0.480479  0.600823  0.547326  0.632198  0.562726  0.693663  0.606830  0.716621 0.0  0.457953  0.660254  0.508250  0.490769  0.525360  0.526093  0.512725  0.602231  0.298987  0.625944  0.595585  0.540926  0.672251  0.719924  0.612491  0.684071  0.382085  0.779277  0.486146  0.588740  0.393205  0.610346  0.782910  0.594997  0.554987  0.673591  0.367100  0.688345 
32  0.559813  0.729597  0.499624  0.601803  0.430899  0.737543  0.574205  0.680969  0.484060  0.571887  0.598520  0.506179  0.419759  0.396423  0.776936  0.510173  0.781080  0.559528  0.640192  0.449639  0.398867  0.592531  0.782880  0.626845  0.643912  0.610268  0.653946  0.579020  0.580019  0.493234  0.529808  0.457953 0.0  0.600611  0.572682  0.267294  0.477524  0.343389  0.519363  0.438436  0.442005  0.509709  0.751908  0.534093  0.459868  0.627184  0.407766  0.552272  0.551984  0.577408  0.533717  0.332783  0.565104  0.731306  0.481884  0.624382  0.508006  0.516249  0.628523  0.549390 
33  0.652391  0.790785  0.700721  0.567363  0.429710  0.801422  0.561282  0.762437  0.739955  0.729668  0.725647  0.659430  0.733529  0.582728  0.816657  0.687097  0.647937  0.694164  0.532790  0.649876  0.748699  0.651446  0.620683  0.764532  0.611629  0.682637  0.677478  0.737956  0.564069  0.722132  0.670419  0.660254  0.600611 0.0  0.742059  0.649898  0.812404  0.531134  0.800483  0.600542  0.646494  0.590660  0.627800  0.686868  0.727282  0.649896  0.652383  0.644537  0.888730  0.698948  0.611217  0.681075  0.793780  0.697162  0.681155  0.608981  0.431097  1.000000  0.685835  0.659095 
34  0.494081  0.663446  0.603899  0.479900  0.636347  0.750502  0.554306  0.652492  0.365413  0.749892  0.560179  0.575154  0.636529  0.434305  0.554242  0.571408  0.634954  0.574320  0.562427  0.616512  0.586567  0.656179  0.579405  0.606092  0.552777  0.273359  0.316228  0.526401  0.632480  0.471478  0.587651  0.508250  0.572682  0.742059 0.0  0.558195  0.359206  0.479199  0.480188  0.776076  0.500862  0.674234  0.540914  0.373474  0.464554  0.656777  0.495713  0.410951  0.413764  0.519946  0.380951  0.674072  0.236918  0.496891  0.669563  0.505892  0.615384  0.594514  0.556700  0.563732 
35  0.499878  0.782189  0.623930  0.650061  0.519169  0.649600  0.562123  0.628224  0.645967  0.545395  0.533297  0.643156  0.418449  0.496061  0.656598  0.502327  0.806009  0.596850  0.763809  0.314417  0.319243  0.528001  0.797218  0.724772  0.799808  0.517439  0.587865  0.602978  0.504240  0.601242  0.758340  0.490769  0.267294  0.649898  0.558195 0.0  0.572004  0.521589  0.616868  0.303981  0.532668  0.362007  0.644508  0.549288  0.572713  0.552145  0.516479  0.631982  0.468560  0.573838  0.507581  0.409312  0.540123  0.711514  0.446415  0.576641  0.546256  0.576154  0.574380  0.458857 
36  0.468525  0.952799  0.589890  0.534309  0.653831  0.737022  0.675730  0.643452  0.401705  0.688728  0.662576  0.583122  0.451451  0.440380  0.743745  0.532958  0.521434  0.567004  0.795474  0.632424  0.736098  0.699269  0.594221  0.580671  0.610288  0.494709  0.446655  0.470949  0.774315  0.499565  0.640083  0.525360  0.477524  0.812404  0.359206  0.572004 0.0  0.391991  0.485334  0.706583  0.492772  0.641657  0.583347  0.363660  0.496488  0.694618  0.511189  0.496082  0.485425  0.443877  0.372626  0.587679  0.458876  0.539043  0.639601  0.548605  0.580846  0.583930  0.540016  0.690812 
37  0.515069  0.689963  0.541832  0.575425  0.348976  0.704802  0.725939  0.515468  0.522270  0.562557  0.659707  0.519010  0.501864  0.501177  0.671338  0.575030  0.925601  0.732137  0.563706  0.657752  0.629466  0.709492  0.669357  0.599451  0.797181  0.650059  0.584333  0.444507  0.700114  0.497530  0.695533  0.526093  0.343389  0.531134  0.479199  0.521589  0.391991 0.0  0.681092  0.685909  0.473574  0.583408  0.679806  0.610044  0.456223  0.709641  0.396361  0.475661  0.552258  0.613962  0.407289  0.572676  0.541497  0.578509  0.580089  0.821981  0.355873  0.608761  0.521541  0.641042 
38  0.771874  0.686947  0.720345  0.496534  0.638091  0.779388  0.782780  0.671415  0.448647  0.546340  0.722170  0.658104  0.662078  0.469683  0.671405  0.531265  0.542546  0.691440  0.642715  0.507438  0.596418  0.729076  0.554902  0.701494  0.418322  0.538525  0.584147  0.708044  0.552673  0.452474  0.715213  0.512725  0.519363  0.800483  0.480188  0.616868  0.485334  0.681092 0.0  0.524495  0.651459  0.679461  0.373018  0.583668  0.785814  0.571473  0.701947  0.497711  0.574197  0.472876  0.468187  0.557149  0.554752  0.515317  0.551417  0.649414  0.665113  0.628475  0.700296  0.682990 
39  0.590326  0.785414  0.739566  0.660833  0.643387  0.916829  0.624086  0.851057  0.690114  0.454728  0.720207  0.644184  0.684086  0.736112  0.671378  0.654308  0.699955  0.785544  0.750929  0.330293  0.335407  0.635303  0.793077  0.849685  0.854530  0.622191  0.733750  0.734725  0.575748  0.673318  0.798554  0.602231  0.438436  0.600542  0.776076  0.303981  0.706583  0.685909  0.524495 0.0  0.825636  0.300670  0.592401  0.659255  0.797522  0.512953  0.645305  0.696216  0.582079  0.737904  0.748765  0.539139  0.788011  0.809827  0.452924  0.673408  0.830219  0.574318  0.848722  0.469208 
40  0.573741  0.496434  0.321643  0.583565  0.560855  0.522479  0.383277  0.377577  0.488571  0.660095  0.388196  0.428127  0.363080  0.531013  0.362538  0.505630  0.615967  0.320752  0.532818  0.537963  0.694178  0.690991  0.578916  0.594254  0.689791  0.392304  0.511789  0.550601  0.666014  0.590826  0.735947  0.298987  0.442005  0.646494  0.500862  0.532668  0.492772  0.473574  0.651459  0.825636 0.0  0.618388  0.627055  0.502589  0.554878  0.731094  0.556474  0.533078  0.414011  0.649175  0.449779  0.587836  0.531355  0.553987  0.590300  0.591985  0.600195  0.560267  0.390444  0.680880 
41  0.628584  0.694844  0.678323  0.672971  0.534660  0.728700  0.567704  0.585164  0.634024  0.569678  0.678952  0.554459  0.654722  0.666145  0.682541  0.591003  0.720771  0.670057  0.630508  0.419089  0.495149  0.717995  0.679379  0.747512  0.625964  0.698300  0.716716  0.727687  0.414808  0.654929  0.642496  0.625944  0.509709  0.590660  0.674234  0.362007  0.641657  0.583408  0.679461  0.300670  0.618388 0.0  0.715128  0.674638  0.705592  0.568105  0.599967  0.672444  0.638990  0.732682  0.709719  0.459274  0.563567  0.709397  0.463634  0.723733  0.634936  0.738022  0.577721  0.446839 
42  0.696788  0.757024  0.654328  0.593374  0.658767  0.871429  0.615209  0.744512  0.465152  0.544656  0.789690  0.637928  0.710864  0.511744  0.830774  0.525756  0.441750  0.785894  0.691214  0.593773  0.824411  0.667744  0.610886  0.808123  0.427163  0.542104  0.638629  0.742052  0.762552  0.578107  0.660792  0.595585  0.751908  0.627800  0.540914  0.644508  0.583347  0.679806  0.373018  0.592401  0.627055  0.715128 0.0  0.521116  0.604676  0.617615  0.717846  0.536737  0.737887  0.536705  0.501111  0.597074  0.600143  0.625028  0.645537  0.640760  0.679563  0.655069  0.667370  0.779540 
43  0.463530  0.677711  0.586600  0.398715  0.582035  0.527418  0.507218  0.640828  0.400988  0.645231  0.534407  0.718676  0.587472  0.537854  0.506569  0.620443  0.533402  0.633738  0.559561  0.833638  0.747369  0.591387  0.547055  0.708595  0.618821  0.324181  0.323007  0.540540  0.768597  0.507129  0.547428  0.540926  0.534093  0.686868  0.373474  0.549288  0.363660  0.610044  0.583668  0.659255  0.502589  0.674638  0.521116 0.0  0.539957  0.672074  0.541209  0.324472  0.658966  0.584022  0.417323  0.862781  0.362123  0.459439  0.727928  0.441041  0.470207  0.613398  0.578322  0.648552 
44  0.405405  0.638942  0.575547  0.775681  0.530047  0.636949  0.674655  0.729873  0.425497  0.458776  0.533361  0.627474  0.541538  0.560772  0.645731  0.599106  0.799394  0.705886  0.585680  0.599243  0.567115  0.590548  0.619798  0.448474  0.703140  0.605758  0.571276  0.494621  0.475723  0.578721  0.536939  0.672251  0.459868  0.727282  0.464554  0.572713  0.496488  0.456223  0.785814  0.797522  0.554878  0.705592  0.604676  0.539957 0.0  0.534453  0.528653  0.570070  0.629370  0.652142  0.587997  0.624394  0.629276  0.603144  0.571257  0.618327  0.619881  0.658188  0.517987  0.699351 
45  0.695300  0.566917  0.870346  0.724773  0.632906  0.826526  0.658093  0.703869  0.664500  0.552732  0.794199  0.749814  0.741495  0.649681  0.648884  0.558440  0.591583  0.822897  0.625915  0.438292  0.384956  0.545391  0.711869  0.729051  0.654570  0.535852  0.618119  0.651263  0.413222  0.635025  0.687106  0.719924  0.627184  0.649896  0.656777  0.552145  0.694618  0.709641  0.571473  0.512953  0.731094  0.568105  0.617615  0.672074  0.534453 0.0  0.661174  0.770248  0.635249  0.510719  0.713939  0.505433  0.734296  0.758721  0.539677  0.507448  0.881018  0.614340  0.786743  0.669754 
46  0.595143  0.656287  0.610531  0.588378  0.591561  0.588307  0.555556  0.544898  0.505713  0.707411  0.559436  0.631884  0.537417  0.497973  0.605482  0.489828  0.754871  0.673951  0.633379  0.575789  0.562551  0.503867  0.619179  0.572493  0.711956  0.491304  0.479961  0.625556  0.698395  0.673398  0.553689  0.612491  0.407766  0.652383  0.495713  0.516479  0.511189  0.396361  0.701947  0.645305  0.556474  0.599967  0.717846  0.541209  0.528653  0.661174 0.0  0.493929  0.535829  0.670094  0.543174  0.508512  0.606912  0.599808  0.630173  0.698286  0.624128  0.658505  0.473098  0.650240 
47  0.522168  0.664272  0.520085  0.319819  0.649248  0.521565  0.588490  0.622767  0.445138  0.821694  0.636863  0.774645  0.567796  0.572619  0.634427  0.542162  0.551504  0.682990  0.655130  0.736659  0.701122  0.592691  0.521630  0.624588  0.586793  0.354183  0.292523  0.517576  0.851693  0.542528  0.637499  0.684071  0.552272  0.644537  0.410951  0.631982  0.496082  0.475661  0.497711  0.696216  0.533078  0.672444  0.536737  0.324472  0.570070  0.770248  0.493929 0.0  0.561856  0.591239  0.430334  0.823146  0.334274  0.560716  0.668938  0.575349  0.675857  0.563733  0.667358  0.752370 
48  0.450391  0.553254  0.273155  0.599622  0.655114  0.688740  0.336646  0.371811  0.602105  0.683995  0.418591  0.384101  0.368823  0.683966  0.436796  0.668379  0.671788  0.382782  0.692900  0.643100  0.567283  0.594701  0.665118  0.479434  0.596350  0.517231  0.471076  0.418687  0.595475  0.554216  0.566486  0.382085  0.551984  0.888730  0.413764  0.468560  0.485425  0.552258  0.574197  0.582079  0.414011  0.638990  0.737887  0.658966  0.629370  0.635249  0.535829  0.561856 0.0  0.580839  0.475948  0.508455  0.688898  0.481697  0.825786  0.633327  0.674641  0.719895  0.295827  0.551077 
49  0.540216  0.648246  0.533414  0.431611  0.746584  0.673835  0.707378  0.737715  0.506040  0.671096  0.644415  0.661600  0.531352  0.537519  0.653363  0.599867  0.537967  0.756586  0.610068  0.662060  0.640322  0.586170  0.574463  0.578030  0.604643  0.497114  0.494821  0.539558  0.805002  0.567989  0.642657  0.779277  0.577408  0.698948  0.519946  0.573838  0.443877  0.613962  0.472876  0.737904  0.649175  0.732682  0.536705  0.584022  0.652142  0.510719  0.670094  0.591239  0.580839 0.0  0.576843  0.541734  0.557350  0.562987  0.699477  0.498165  0.634679  0.552338  0.658818  0.724478 
50  0.502126  0.692700  0.437956  0.403930  0.584361  0.576028  0.567727  0.644151  0.317066  0.734098  0.583008  0.569862  0.502457  0.314801  0.613664  0.577494  0.723800  0.543687  0.512882  0.648547  0.546765  0.540753  0.577831  0.559141  0.516587  0.490367  0.369692  0.516760  0.754092  0.469962  0.666005  0.486146  0.533717  0.611217  0.380951  0.507581  0.372626  0.407289  0.468187  0.748765  0.449779  0.709719  0.501111  0.417323  0.587997  0.713939  0.543174  0.430334  0.475948  0.576843 0.0  0.499227  0.348739  0.463071  0.673495  0.463328  0.452355  0.736911  0.505035  0.762668 
51  0.669025  0.598135  0.504986  0.693462  0.451943  0.778469  0.603967  0.595041  0.531762  0.580669  0.567244  0.494671  0.666359  0.566117  0.647151  0.485171  0.679230  0.515098  0.635145  0.436105  0.236101  0.640175  0.583447  0.609062  0.547904  0.681065  0.570808  0.825220  0.537341  0.558086  0.797588  0.588740  0.332783  0.681075  0.674072  0.409312  0.587679  0.572676  0.557149  0.539139  0.587836  0.459274  0.597074  0.862781  0.624394  0.505433  0.508512  0.823146  0.508455  0.541734  0.499227 0.0  0.892027  0.715076  0.496108  0.596828  0.613959  0.589574  0.477893  0.500158 
52  0.481111  0.700829  0.666168  0.349029  0.620728  0.673696  0.519250  0.559123  0.401089  0.562960  0.756072  0.628389  0.614111  0.522919  0.559129  0.560361  0.507774  0.636588  0.547114  0.724483  0.684845  0.588171  0.556901  0.751686  0.531502  0.377393  0.315902  0.457889  0.532326  0.406291  0.661214  0.393205  0.565104  0.793780  0.236918  0.540123  0.458876  0.541497  0.554752  0.788011  0.531355  0.563567  0.600143  0.362123  0.629276  0.734296  0.606912  0.334274  0.688898  0.557350  0.348739  0.892027 0.0  0.455693  0.730652  0.574524  0.511934  0.691629  0.641194  0.678862 
53  0.568676  0.690770  0.538776  0.434872  0.637686  0.666886  0.633028  0.533927  0.463972  0.849221  0.607707  0.598961  0.687286  0.536191  0.590738  0.581060  0.610755  0.736504  0.550141  0.642782  0.736144  0.638777  0.549692  0.609817  0.460417  0.478987  0.414192  0.492544  0.823947  0.530125  0.629848  0.610346  0.731306  0.697162  0.496891  0.711514  0.539043  0.578509  0.515317  0.809827  0.553987  0.709397  0.625028  0.459439  0.603144  0.758721  0.599808  0.560716  0.481697  0.562987  0.463071  0.715076  0.455693 0.0  0.800405  0.517615  0.474916  0.889924  0.518910  0.803584 
54  0.746815  0.627762  0.843119  0.713010  0.581684  0.963995  0.827861  0.917576  0.644900  0.490347  0.744822  0.632835  0.570393  0.595007  0.830147  0.583936  0.731440  0.757473  0.740391  0.452295  0.584438  0.694390  0.675693  0.857222  0.719687  0.691617  0.762037  0.796438  0.639861  0.785515  0.843063  0.782910  0.481884  0.681155  0.669563  0.446415  0.639601  0.580089  0.551417  0.452924  0.590300  0.463634  0.645537  0.727928  0.571257  0.539677  0.630173  0.668938  0.825786  0.699477  0.673495  0.496108  0.730652  0.800405 0.0  0.715340  0.756124  0.597898  0.561507  0.576796 
55  0.599159  0.596282  0.611029  0.641711  0.707556  0.571730  0.634231  0.720314  0.654910  0.557322  0.614927  0.608712  0.636960  0.733816  0.658459  0.554930  0.685924  0.640116  0.659654  0.664633  0.619580  0.451627  0.691686  0.675399  0.567141  0.487119  0.618125  0.652662  0.578750  0.663139  0.601911  0.594997  0.624382  0.608981  0.505892  0.576641  0.548605  0.821981  0.649414  0.673408  0.591985  0.723733  0.640760  0.441041  0.618327  0.507448  0.698286  0.575349  0.633327  0.498165  0.463328  0.596828  0.574524  0.517615  0.715340 0.0  0.647676  0.649491  0.585241  0.612679 
56  0.532748  0.637540  0.549725  0.404041  0.326209  0.641758  0.558000  0.576907  0.549229  0.635727  0.554710  0.534571  0.622083  0.542878  0.673717  0.647741  0.770385  0.691736  0.436507  0.687215  0.680269  0.618766  0.756482  0.683650  0.717988  0.689679  0.573766  0.456686  0.688793  0.508115  0.826565  0.554987  0.508006  0.431097  0.615384  0.546256  0.580846  0.355873  0.665113  0.830219  0.600195  0.634936  0.679563  0.470207  0.619881  0.881018  0.624128  0.675857  0.674641  0.634679  0.452355  0.613959  0.511934  0.474916  0.756124  0.647676 0.0  0.719923  0.606171  0.784326 
57  0.752372  0.608132  0.719754  0.805951  0.577796  0.752512  0.723164  0.877851  0.614123  0.478554  0.730990  0.706428  0.556244  0.525911  0.658424  0.543696  0.904694  0.773880  0.795974  0.588377  0.565122  0.657009  0.701690  0.631125  0.741222  0.738707  0.591080  0.643880  0.701294  0.487029  0.771427  0.673591  0.516249  1.000000  0.594514  0.576154  0.583930  0.608761  0.628475  0.574318  0.560267  0.738022  0.655069  0.613398  0.658188  0.614340  0.658505  0.563733  0.719895  0.552338  0.736911  0.589574  0.691629  0.889924  0.597898  0.649491  0.719923 0.0  0.632033  0.503070 
58  0.429568  0.448323  0.269513  0.466078  0.653945  0.514336  0.446743  0.374762  0.502152  0.809819  0.426662  0.397970  0.475261  0.638907  0.485744  0.609602  0.658912  0.383047  0.564865  0.573891  0.714692  0.517507  0.563500  0.416986  0.623092  0.580918  0.538945  0.602201  0.592401  0.571737  0.634684  0.367100  0.628523  0.685835  0.556700  0.574380  0.540016  0.521541  0.700296  0.848722  0.390444  0.577721  0.667370  0.578322  0.517987  0.786743  0.473098  0.667358  0.295827  0.658818  0.505035  0.477893  0.641194  0.518910  0.561507  0.585241  0.606171  0.632033 0.0  0.582397 
59  0.666529  0.689192  0.678079  0.715168  0.634907  0.860662  0.646141  0.686296  0.670644  0.632536  0.504069  0.614451  0.530856  0.709814  0.741236  0.610234  0.677345  0.643619  0.853758  0.350058  0.326115  0.797315  0.722104  0.737252  0.740545  0.802053  0.632291  0.921709  0.430540  0.662000  0.635553  0.688345  0.549390  0.659095  0.563732  0.458857  0.690812  0.641042  0.682990  0.469208  0.680880  0.446839  0.779540  0.648552  0.699351  0.669754  0.650240  0.752370  0.551077  0.724478  0.762668  0.500158  0.678862  0.803584  0.576796  0.612679  0.784326  0.503070  0.582397 0.0 
