60
0 0.0  0.685802  0.362597  0.595962  0.728223  0.575303  0.529972  0.664001  0.483735  0.672520  0.559099  0.562959  0.511669  0.717187  0.591038  0.611426  0.731327  0.621705  0.591631  0.570798  0.746131  0.488777  0.658050  0.560894  0.716789  0.522253  0.348714  0.486801  0.805515  0.743416  0.350861  0.562514  0.534340  0.758179  0.549671  0.699693  0.568726  0.523024  0.682627  0.789405  0.483341  0.715120  0.762161  0.421326  0.582884  0.791636  0.586207  0.477460  0.567381  0.567695  0.583166  0.732988  0.585839  0.534701  0.846882  0.579569  0.508525  0.775818  0.553215  0.754738 
1  0.685802 0.0  0.695058  0.800572  0.863965  0.679143  0.532072  0.576044  0.631447  0.832959  0.627020  0.588091  0.608022  0.858080  0.478120  0.680676  0.903101  0.687732  0.731912  0.778338  0.799930  0.670792  0.677798  0.627798  0.799685  0.694454  0.647786  0.788316  0.749851  0.784154  0.762488  0.525478  0.821196  0.890042  0.876392  0.717415  0.868968  0.666872  0.752017  0.858144  0.548423  0.753832  0.804380  0.735128  0.620889  0.856072  0.704974  0.613184  0.497255  0.666175  0.709143  0.782049  0.694473  0.680188  0.732943  0.752676  0.727377  0.730365  0.639939  0.764547 
2  0.362597  0.695058 0.0  0.539489  0.639428  0.551195  0.403733  0.396634  0.605061  0.756736  0.471146  0.269561  0.496717  0.724533  0.305144  0.637318  0.741899  0.405454  0.537196  0.673235  0.613841  0.544448  0.648164  0.364846  0.575499  0.568584  0.583936  0.616992  0.725743  0.676114  0.709594  0.235028  0.641234  0.767467  0.603250  0.619020  0.618528  0.540353  0.804778  0.805817  0.288592  0.678228  0.685732  0.583344  0.655703  0.797537  0.763137  0.620367  0.319461  0.693856  0.642128  0.606903  0.694382  0.616250  0.730231  0.719699  0.697828  0.739953  0.261405  0.689283 
3  0.595962  0.800572  0.539489 0.0  0.643868  0.499426  0.746839  0.612511  0.488886  0.734131  0.721506  0.606835  0.765585  0.544416  0.762322  0.680921  0.612179  0.803690  0.576314  0.789032  0.795081  0.638283  0.503559  0.605813  0.488679  0.293286  0.407928  0.435815  0.779885  0.574750  0.602412  0.660598  0.635964  0.731531  0.468903  0.761672  0.500642  0.535958  0.655631  0.729120  0.541877  0.715686  0.619596  0.429355  0.620011  0.835844  0.623933  0.361741  0.627971  0.552950  0.434177  0.593006  0.493259  0.547748  0.791288  0.636031  0.501903  0.757809  0.674819  0.892211 
4  0.728223  0.863965  0.639428  0.643868 0.0  0.735115  0.751128  0.800942  0.643826  0.631976  0.725134  0.699884  0.541662  0.615058  0.697243  0.535572  0.650498  0.718556  0.603394  0.647825  0.693442  0.695440  0.690631  0.659477  0.683917  0.830518  0.653398  0.686845  0.630257  0.719527  0.625657  0.686925  0.588663  0.479433  0.734655  0.588347  0.465877  0.392944  0.665939  0.627061  0.569178  0.587311  0.675197  0.504756  0.670765  0.707738  0.594199  0.802936  0.764708  0.641807  0.560168  0.578063  0.741058  0.556249  0.732499  0.647355  0.367126  0.736467  0.571438  0.656888 
5  0.575303  0.679143  0.551195  0.499426  0.735115 0.0  0.603865  0.679320  0.878022  0.966857  0.572724  0.811630  0.577769  0.795274  0.838173  0.826555  0.896125  0.661079  0.743524  0.814398  0.885846  0.780068  0.747212  0.488052  0.933099  0.726521  0.572807  0.699456  0.877874  0.724991  0.683855  0.626284  0.784228  0.911401  0.654602  0.963266  0.685996  0.728956  0.722410  1.000000  0.735252  0.799682  0.798499  0.741662  0.738031  0.818634  0.755851  0.689067  0.596726  0.644478  0.617587  0.831937  0.806889  0.790015  0.890622  0.508832  0.758805  0.779313  0.447601  0.980050 
6  0.529972  0.532072  0.403733  0.746839  0.751128  0.603865 0.0  0.445214  0.653318  0.772080  0.476490  0.222665  0.396865  0.721987  0.420786  0.658880  0.682489  0.457656  0.699075  0.651123  0.587304  0.682487  0.615199  0.577765  0.786216  0.577245  0.522838  0.653968  0.664030  0.645018  0.785936  0.330892  0.571500  0.855515  0.558355  0.706546  0.684304  0.617806  0.749891  0.801042  0.389727  0.664642  0.814224  0.569127  0.692009  0.613916  0.660160  0.731759  0.326165  0.731631  0.560027  0.634494  0.512794  0.723929  0.750540  0.592955  0.619421  0.842793  0.477067  0.638922 
7  0.664001  0.576044  0.396634  0.612511  0.800942  0.679320  0.445214 0.0  0.690826  0.788355  0.468597  0.438491  0.415312  0.682275  0.352259  0.667339  0.794519  0.413090  0.727336  0.674689  0.782810  0.635910  0.724996  0.655878  0.517170  0.650236  0.546542  0.622159  0.684031  0.659426  0.809570  0.543075  0.679510  0.848547  0.637035  0.773988  0.858683  0.731690  0.685420  0.774511  0.453970  0.620076  0.795698  0.669543  0.791446  0.795750  0.703585  0.678665  0.436401  0.801863  0.599073  0.629871  0.779840  0.524239  0.834334  0.669505  0.728312  0.740186  0.426138  0.731070 
8  0.483735  0.631447  0.605061  0.488886  0.643826  0.878022  0.653318  0.690826 0.0  0.850825  0.570317  0.659953  0.590555  0.462585  0.674800  0.627458  0.585836  0.690292  0.660615  0.814835  0.682200  0.534120  0.602177  0.648191  0.639047  0.430764  0.371910  0.610640  0.724455  0.400753  0.741644  0.536522  0.508299  0.602889  0.472228  0.533214  0.477505  0.601651  0.676152  0.767400  0.508521  0.721401  0.562065  0.515415  0.566254  0.761331  0.512048  0.549711  0.566162  0.627669  0.299977  0.588468  0.409764  0.596376  0.692791  0.555066  0.580098  0.633061  0.626367  0.768665 
9  0.672520  0.832959  0.756736  0.734131  0.631976  0.966857  0.772080  0.788355  0.850825 0.0  0.768520  0.694212  0.740036  0.693711  0.824446  0.729728  0.691857  0.736506  0.738251  0.605963  0.665380  0.686033  0.850466  0.844414  0.590259  0.712177  0.728768  0.787304  0.617940  0.732999  0.714659  0.561157  0.566020  0.861787  0.614681  0.616865  0.788350  0.662042  0.758640  0.579826  0.766181  0.538045  0.683132  0.539777  0.618021  0.646582  0.675565  0.828197  0.802807  0.807623  0.736242  0.657581  0.525109  0.788902  0.583001  0.716969  0.655208  0.530047  0.763456  0.746202 
10  0.559099  0.627020  0.471146  0.721506  0.725134  0.572724  0.476490  0.468597  0.570317  0.768520 0.0  0.577459  0.471574  0.794988  0.451227  0.611508  0.812897  0.675960  0.799183  0.641690  0.666149  0.598492  0.697635  0.626594  0.958570  0.687802  0.578476  0.776487  0.745299  0.733350  0.571084  0.514720  0.650305  0.677807  0.579369  0.536972  0.608825  0.753424  0.841507  0.653644  0.549945  0.731069  0.790442  0.666961  0.531945  0.684324  0.606043  0.733682  0.440675  0.642850  0.653631  0.590354  0.739393  0.598854  0.869147  0.806130  0.728764  0.669168  0.417685  0.672074 
11  0.562959  0.588091  0.269561  0.606835  0.699884  0.811630  0.222665  0.438491  0.659953  0.694212  0.577459 0.0  0.570828  0.656330  0.406007  0.687117  0.635526  0.378049  0.488136  0.700885  0.622153  0.574351  0.666155  0.622929  0.628264  0.769385  0.580550  0.843794  0.643898  0.743705  0.694245  0.422688  0.539498  0.665886  0.705753  0.597733  0.704447  0.694546  0.695545  0.694843  0.433007  0.557436  0.751921  0.671064  0.735665  0.702294  0.691896  0.766662  0.392554  0.822985  0.588969  0.408618  0.672258  0.676681  0.794154  0.740837  0.601766  0.737069  0.419759  0.697293 
12  0.511669  0.608022  0.496717  0.765585  0.541662  0.577769  0.396865  0.415312  0.590555  0.740036  0.471574  0.570828 0.0  0.591688  0.443463  0.489949  0.880563  0.416556  0.771092  0.705824  0.676715  0.595229  0.801853  0.570804  0.912809  0.589306  0.500024  0.687201  0.647133  0.698414  0.609727  0.498885  0.368424  0.752128  0.667889  0.546229  0.432620  0.531309  0.652977  0.683724  0.326246  0.811651  0.745370  0.632791  0.589060  0.724306  0.626283  0.577483  0.302363  0.626110  0.494319  0.616244  0.636012  0.663758  0.608903  0.729729  0.785012  0.677971  0.546373  0.714695 
13  0.717187  0.858080  0.724533  0.544416  0.615058  0.795274  0.721987  0.682275  0.462585  0.693711  0.794988  0.656330  0.591688 0.0  0.860764  0.542532  0.720357  0.622667  0.604318  0.618597  0.661970  0.617817  0.564190  0.754739  0.583242  0.465000  0.566090  0.672919  0.691335  0.474115  0.609386  0.606802  0.556337  0.697150  0.540674  0.693594  0.349230  0.494623  0.462789  0.677998  0.667804  0.689903  0.471288  0.585170  0.559339  0.757909  0.621541  0.723892  0.647705  0.650752  0.347779  0.744172  0.651655  0.541327  0.752574  0.792426  0.691887  0.708475  0.593632  0.807858 
14  0.591038  0.478120  0.305144  0.762322  0.697243  0.838173  0.420786  0.352259  0.674800  0.824446  0.451227  0.406007  0.443463  0.860764 0.0  0.655655  0.614813  0.444424  0.581740  0.725971  0.682601  0.670959  0.673252  0.516882  0.780132  0.557595  0.500468  0.734023  0.626090  0.759214  0.655037  0.481575  0.758738  0.854953  0.678234  0.701615  0.646665  0.789350  0.662399  0.701148  0.413350  0.560471  0.769796  0.643314  0.797434  0.611553  0.664838  0.700783  0.371428  0.696086  0.625151  0.708088  0.653737  0.567789  0.782825  0.636739  0.562917  0.807469  0.439843  0.781052 
15  0.611426  0.680676  0.637318  0.680921  0.535572  0.826555  0.658880  0.667339  0.627458  0.729728  0.611508  0.687117  0.489949  0.542532  0.655655 0.0  0.817275  0.582694  0.738969  0.746214  0.719251  0.676336  0.521328  0.636103  0.672599  0.659447  0.634404  0.663276  0.623379  0.531042  0.640509  0.589140  0.532766  0.863890  0.663789  0.449838  0.616548  0.669538  0.641488  0.760772  0.665148  0.614110  0.569401  0.595504  0.657354  0.617038  0.624353  0.572971  0.601602  0.654254  0.589142  0.545637  0.574637  0.743086  0.515184  0.639034  0.795461  0.565319  0.579980  0.629012 
16  0.731327  0.903101  0.741899  0.612179  0.650498  0.896125  0.682489  0.794519  0.585836  0.691857  0.812897  0.635526  0.880563  0.720357  0.614813  0.817275 0.0  0.740668  0.831531  0.705956  0.767282  0.662068  0.380545  0.908289  0.320123  0.636070  0.408543  0.989954  0.674717  0.551900  0.877338  0.818844  0.885297  0.666780  0.622976  0.923136  0.666562  0.870390  0.566944  0.877650  0.808045  0.653650  0.691494  0.581642  0.830327  0.685796  0.748007  0.639728  0.746940  0.568144  0.738061  0.774368  0.527739  0.686478  0.660225  0.737594  0.857496  0.896521  0.727493  0.757089 
17  0.621705  0.687732  0.405454  0.803690  0.718556  0.661079  0.457656  0.413090  0.690292  0.736506  0.675960  0.378049  0.416556  0.622667  0.444424  0.582694  0.740668 0.0  0.767488  0.637431  0.619949  0.746430  0.809409  0.627880  0.645637  0.725284  0.730118  0.890077  0.764369  0.680221  0.641716  0.311612  0.587960  0.815270  0.646665  0.664386  0.634928  0.796482  0.839558  0.868717  0.357903  0.766751  0.674815  0.620195  0.586354  0.696865  0.767899  0.827005  0.430935  0.718831  0.538351  0.536534  0.569915  0.826552  0.741250  0.586377  0.697011  0.696313  0.393800  0.686373 
18  0.591631  0.731912  0.537196  0.576314  0.603394  0.743524  0.699075  0.727336  0.660615  0.738251  0.799183  0.488136  0.771092  0.604318  0.581740  0.738969  0.831531  0.767488 0.0  0.762019  0.808159  0.612932  0.644442  0.703380  0.688270  0.623142  0.547185  0.300833  0.695454  0.584754  0.629308  0.592052  0.595872  0.641751  0.694637  0.803225  0.738113  0.554197  0.578743  0.785275  0.660135  0.677400  0.676512  0.728521  0.673287  0.675155  0.726659  0.719496  0.557401  0.634783  0.632723  0.766790  0.653450  0.499844  0.885082  0.748772  0.495393  0.730269  0.538546  0.815558 
19  0.570798  0.778338  0.673235  0.789032  0.647825  0.814398  0.651123  0.674689  0.814835  0.605963  0.641690  0.700885  0.705824  0.618597  0.725971  0.746214  0.705956  0.637431  0.762019 0.0  0.255892  0.648394  0.730911  0.715215  0.730204  0.637892  0.707265  0.822283  0.527337  0.686309  0.745990  0.681281  0.422560  0.737152  0.643909  0.462316  0.702275  0.541213  0.632279  0.357897  0.767838  0.409296  0.680377  0.741810  0.667399  0.494847  0.643945  0.838590  0.624270  0.732745  0.690391  0.478859  0.758673  0.736511  0.476781  0.695233  0.674886  0.815893  0.603152  0.322561 
20  0.746131  0.799930  0.613841  0.795081  0.693442  0.885846  0.587304  0.782810  0.682200  0.665380  0.666149  0.622153  0.676715  0.661970  0.682601  0.719251  0.767282  0.619949  0.808159  0.255892 0.0  0.615592  0.762515  0.799682  0.764043  0.716306  0.598356  0.727589  0.454635  0.509192  0.823926  0.650718  0.373536  0.709008  0.622598  0.354619  0.731042  0.540704  0.697378  0.422821  0.656437  0.488813  0.714710  0.751024  0.700498  0.484032  0.490589  0.781867  0.521408  0.702841  0.709326  0.296883  0.787838  0.777932  0.400951  0.631470  0.680218  0.620970  0.671710  0.381773 
21  0.488777  0.670792  0.544448  0.638283  0.695440  0.780068  0.682487  0.635910  0.534120  0.686033  0.598492  0.574351  0.595229  0.617817  0.670959  0.676336  0.662068  0.746430  0.612932  0.648394  0.615592 0.0  0.549506  0.740137  0.681144  0.523816  0.467438  0.693714  0.619460  0.599491  0.554862  0.699615  0.559324  0.860456  0.678980  0.539639  0.632878  0.730677  0.619127  0.610609  0.705582  0.731076  0.694945  0.625596  0.611481  0.534035  0.533954  0.662517  0.632095  0.620410  0.633337  0.639633  0.536506  0.530623  0.652451  0.623875  0.573589  0.787118  0.587834  0.701021 
22  0.658050  0.677798  0.648164  0.503559  0.690631  0.747212  0.615199  0.724996  0.602177  0.850466  0.697635  0.666155  0.801853  0.564190  0.673252  0.521328  0.380545  0.809409  0.644442  0.730911  0.762515  0.549506 0.0  0.728118  0.601140  0.505921  0.596654  0.783947  0.853153  0.568135  0.748265  0.684838  0.781231  0.679916  0.592267  0.756365  0.686930  0.825902  0.620109  0.815769  0.696709  0.784316  0.733282  0.630678  0.848617  0.710585  0.657511  0.514775  0.731793  0.504073  0.584214  0.711899  0.572680  0.623898  0.835223  0.739623  0.652520  0.774993  0.708321  0.866651 
23  0.560894  0.627798  0.364846  0.605813  0.659477  0.488052  0.577765  0.655878  0.648191  0.844414  0.626594  0.622929  0.570804  0.754739  0.516882  0.636103  0.908289  0.627880  0.703380  0.715215  0.799682  0.740137  0.728118 0.0  0.682955  0.639260  0.569598  0.729935  0.637406  0.568849  0.679432  0.623746  0.748319  0.893851  0.676669  0.892021  0.642133  0.660530  0.734705  0.954568  0.650052  0.854315  0.739289  0.674975  0.669218  0.638554  0.679786  0.865409  0.567066  0.610407  0.557184  0.803211  0.824132  0.723761  0.863883  0.700658  0.670440  0.801887  0.558694  0.759756 
24  0.716789  0.799685  0.575499  0.488679  0.683917  0.933099  0.786216  0.517170  0.639047  0.590259  0.958570  0.628264  0.912809  0.583242  0.780132  0.672599  0.320123  0.645637  0.688270  0.730204  0.764043  0.681144  0.601140  0.682955 0.0  0.630057  0.616591  0.784782  0.795116  0.698192  0.640632  0.760877  0.781144  0.639845  0.755496  0.785536  0.641308  0.775243  0.533570  0.944620  0.708697  0.679895  0.535553  0.789917  0.882250  0.611291  0.686807  0.668091  0.619181  0.608315  0.593805  0.612146  0.602981  0.589587  0.717309  0.747055  0.861185  0.924730  0.612258  0.824714 
25  0.522253  0.694454  0.568584  0.293286  0.830518  0.726521  0.577245  0.650236  0.430764  0.712177  0.687802  0.769385  0.589306  0.465000  0.557595  0.659447  0.636070  0.725284  0.623142  0.637892  0.716306  0.523816  0.505921  0.639260  0.630057 0.0  0.199370  0.601317  0.752622  0.554436  0.679937  0.693015  0.730456  0.701291  0.329399  0.570244  0.621984  0.551564  0.648611  0.712788  0.730724  0.586410  0.687404  0.253645  0.648762  0.556039  0.615376  0.359768  0.489441  0.485144  0.404170  0.642853  0.365936  0.581858  0.694042  0.594466  0.607839  0.715937  0.639865  0.756116 
26  0.348714  0.647786  0.583936  0.407928  0.653398  0.572807  0.522838  0.546542  0.371910  0.728768  0.578476  0.580550  0.500024  0.566090  0.500468  0.634404  0.408543  0.730118  0.547185  0.707265  0.598356  0.467438  0.596654  0.569598  0.616591  0.199370 0.0  0.535776  0.675013  0.578213  0.634656  0.689543  0.701840  0.761023  0.209002  0.546254  0.548900  0.594307  0.572145  0.714465  0.568762  0.694608  0.658767  0.344547  0.624396  0.712662  0.556720  0.405081  0.617571  0.393651  0.493801  0.563190  0.445505  0.452951  0.791795  0.561280  0.563063  0.679324  0.630508  0.652229 
27  0.486801  0.788316  0.616992  0.435815  0.686845  0.699456  0.653968  0.622159  0.610640  0.787304  0.776487  0.843794  0.687201  0.672919  0.734023  0.663276  0.989954  0.890077  0.300833  0.822283  0.727589  0.693714  0.783947  0.729935  0.784782  0.601317  0.535776 0.0  0.830558  0.676322  0.708224  0.522383  0.600119  0.705810  0.537984  0.766636  0.565370  0.417509  0.689964  0.928064  0.526286  0.714117  0.797007  0.544474  0.478233  0.798351  0.556478  0.620285  0.598317  0.634546  0.524442  0.823057  0.608586  0.473282  0.680453  0.624347  0.621223  0.801220  0.648870  0.738142 
28  0.805515  0.749851  0.725743  0.779885  0.630257  0.877874  0.664030  0.684031  0.724455  0.617940  0.745299  0.643898  0.647133  0.691335  0.626090  0.623379  0.674717  0.764369  0.695454  0.527337  0.454635  0.619460  0.853153  0.637406  0.795116  0.752622  0.675013  0.830558 0.0  0.749578  0.721713  0.647206  0.664785  0.719158  0.655684  0.539341  0.835341  0.777435  0.644558  0.446534  0.772415  0.792422  0.868582  0.870783  0.759099  0.356624  0.744305  0.800586  0.667311  0.650922  0.730013  0.497835  0.612619  0.857412  0.549288  0.735945  0.718282  0.791712  0.700714  0.668659 
29  0.743416  0.784154  0.676114  0.574750  0.719527  0.724991  0.645018  0.659426  0.400753  0.732999  0.733350  0.743705  0.698414  0.474115  0.759214  0.531042  0.551900  0.680221  0.584754  0.686309  0.509192  0.599491  0.568135  0.568849  0.698192  0.554436  0.578213  0.676322  0.749578 0.0  0.700507  0.657372  0.589606  0.657056  0.433571  0.654720  0.526334  0.573254  0.571822  0.791947  0.580057  0.827581  0.475506  0.548055  0.653751  0.758440  0.610812  0.565961  0.678377  0.579338  0.491832  0.538240  0.507013  0.585803  0.942695  0.676072  0.605751  0.597685  0.708194  0.753105 
30  0.350861  0.762488  0.709594  0.602412  0.625657  0.683855  0.785936  0.809570  0.741644  0.714659  0.571084  0.694245  0.609727  0.609386  0.655037  0.640509  0.877338  0.641716  0.629308  0.745990  0.823926  0.554862  0.748265  0.679432  0.640632  0.679937  0.634656  0.708224  0.721713  0.700507 0.0  0.648765  0.630588  0.756864  0.785664  0.695059  0.599859  0.624243  0.656390  0.852112  0.733461  0.851040  0.638350  0.599403  0.754364  0.651356  0.676558  0.502572  0.633708  0.525536  0.706261  0.743283  0.753121  0.746760  0.837528  0.806972  0.706184  0.868400  0.622038  0.847308 
31  0.562514  0.525478  0.235028  0.660598  0.686925  0.626284  0.330892  0.543075  0.536522  0.561157  0.514720  0.422688  0.498885  0.606802  0.481575  0.589140  0.818844  0.311612  0.592052  0.681281  0.650718  0.699615  0.684838  0.623746  0.760877  0.693015  0.689543  0.522383  0.647206  0.657372  0.648765 0.0  0.610877  0.693618  0.635323  0.582114  0.570091  0.610565  0.610589  0.683374  0.366825  0.690565  0.634957  0.581005  0.561611  0.772310  0.585418  0.714844  0.386241  0.764202  0.503821  0.527123  0.625106  0.720643  0.706347  0.635183  0.520757  0.710649  0.374675  0.738968 
32  0.534340  0.821196  0.641234  0.635964  0.588663  0.784228  0.571500  0.679510  0.508299  0.566020  0.650305  0.539498  0.368424  0.556337  0.758738  0.532766  0.885297  0.587960  0.595872  0.422560  0.373536  0.559324  0.781231  0.748319  0.781144  0.730456  0.701840  0.600119  0.664785  0.589606  0.630588  0.610877 0.0  0.712116  0.502154  0.458865  0.600338  0.396295  0.636376  0.494362  0.442851  0.458475  0.735251  0.635875  0.447413  0.699822  0.550727  0.719696  0.572500  0.730275  0.584260  0.317737  0.679578  0.758236  0.490034  0.767418  0.509360  0.469374  0.634297  0.569271 
33  0.758179  0.890042  0.767467  0.731531  0.479433  0.911401  0.855515  0.848547  0.602889  0.861787  0.677807  0.665886  0.752128  0.697150  0.854953  0.863890  0.666780  0.815270  0.641751  0.737152  0.709008  0.860456  0.679916  0.893851  0.639845  0.701291  0.761023  0.705810  0.719158  0.657056  0.756864  0.693618  0.712116 0.0  0.757058  0.750909  0.758251  0.541713  0.705964  0.750292  0.674600  0.716406  0.688521  0.708805  0.788822  0.873486  0.668463  0.744561  0.808404  0.658977  0.806691  0.648626  0.793050  0.674032  0.752863  0.760500  0.463906  0.835624  0.741850  0.706761 
34  0.549671  0.876392  0.603250  0.468903  0.734655  0.654602  0.558355  0.637035  0.472228  0.614681  0.579369  0.705753  0.667889  0.540674  0.678234  0.663789  0.622976  0.646665  0.694637  0.643909  0.622598  0.678980  0.592267  0.676669  0.755496  0.329399  0.209002  0.537984  0.655684  0.433571  0.785664  0.635323  0.502154  0.757058 0.0  0.582690  0.346201  0.577479  0.573409  0.645461  0.538633  0.779259  0.613453  0.426685  0.566636  0.709397  0.689208  0.451733  0.445941  0.512815  0.410633  0.747435  0.295826  0.502982  0.816989  0.626467  0.584529  0.804415  0.726513  0.638964 
35  0.699693  0.717415  0.619020  0.761672  0.588347  0.963266  0.706546  0.773988  0.533214  0.616865  0.536972  0.597733  0.546229  0.693594  0.701615  0.449838  0.923136  0.664386  0.803225  0.462316  0.354619  0.539639  0.756365  0.892021  0.785536  0.570244  0.546254  0.766636  0.539341  0.654720  0.695059  0.582114  0.458865  0.750909  0.582690 0.0  0.500612  0.561635  0.700903  0.300154  0.550214  0.461470  0.696456  0.671614  0.614235  0.579967  0.557359  0.630052  0.638489  0.704291  0.587174  0.457340  0.746784  0.781860  0.399009  0.676120  0.842927  0.595938  0.666912  0.551596 
36  0.568726  0.868968  0.618528  0.500642  0.465877  0.685996  0.684304  0.858683  0.477505  0.788350  0.608825  0.704447  0.432620  0.349230  0.646665  0.616548  0.666562  0.634928  0.738113  0.702275  0.731042  0.632878  0.686930  0.642133  0.641308  0.621984  0.548900  0.565370  0.835341  0.526334  0.599859  0.570091  0.600338  0.758251  0.346201  0.500612 0.0  0.507907  0.555341  0.718080  0.640354  0.788886  0.525965  0.313990  0.494543  0.781224  0.392210  0.523678  0.439080  0.587909  0.449688  0.647821  0.548834  0.550877  0.686182  0.615153  0.650636  0.644458  0.672162  0.675419 
37  0.523024  0.666872  0.540353  0.535958  0.392944  0.728956  0.617806  0.731690  0.601651  0.662042  0.753424  0.694546  0.531309  0.494623  0.789350  0.669538  0.870390  0.796482  0.554197  0.541213  0.540704  0.730677  0.825902  0.660530  0.775243  0.551564  0.594307  0.417509  0.777435  0.573254  0.624243  0.610565  0.396295  0.541713  0.577479  0.561635  0.507907 0.0  0.648388  0.609147  0.531919  0.703496  0.800704  0.663160  0.486620  0.775681  0.533817  0.537467  0.625333  0.600616  0.473232  0.675711  0.638778  0.658511  0.810293  0.826658  0.347733  0.748398  0.577572  0.621321 
38  0.682627  0.752017  0.804778  0.655631  0.665939  0.722410  0.749891  0.685420  0.676152  0.758640  0.841507  0.695545  0.652977  0.462789  0.662399  0.641488  0.566944  0.839558  0.578743  0.632279  0.697378  0.619127  0.620109  0.734705  0.533570  0.648611  0.572145  0.689964  0.644558  0.571822  0.656390  0.610589  0.636376  0.705964  0.573409  0.700903  0.555341  0.648388 0.0  0.545044  0.665601  0.763704  0.435018  0.731321  0.866366  0.528437  0.772004  0.543366  0.575442  0.659521  0.584812  0.655141  0.614381  0.605587  0.707100  0.671590  0.824995  0.714998  0.753158  0.648339 
39  0.789405  0.858144  0.805817  0.729120  0.627061  1.000000  0.801042  0.774511  0.767400  0.579826  0.653644  0.694843  0.683724  0.677998  0.701148  0.760772  0.877650  0.868717  0.785275  0.357897  0.422821  0.610609  0.815769  0.954568  0.944620  0.712788  0.714465  0.928064  0.446534  0.791947  0.852112  0.683374  0.494362  0.750292  0.645461  0.300154  0.718080  0.609147  0.545044 0.0  0.777838  0.211248  0.730334  0.861142  0.797039  0.519933  0.796115  0.818963  0.584764  0.816192  0.704534  0.523617  0.713426  0.887644  0.504647  0.799981  0.693490  0.570314  0.771245  0.523973 
40  0.483341  0.548423  0.288592  0.541877  0.569178  0.735252  0.389727  0.453970  0.508521  0.766181  0.549945  0.433007  0.326246  0.667804  0.413350  0.665148  0.808045  0.357903  0.660135  0.767838  0.656437  0.705582  0.696709  0.650052  0.708697  0.730724  0.568762  0.526286  0.772415  0.580057  0.733461  0.366825  0.442851  0.674600  0.538633  0.550214  0.640354  0.531919  0.665601  0.777838 0.0  0.684585  0.653016  0.649435  0.506236  0.968160  0.598317  0.581649  0.345327  0.723710  0.498254  0.551522  0.626220  0.636198  0.639723  0.664954  0.610602  0.756510  0.495629  0.725858 
41  0.715120  0.753832  0.678228  0.715686  0.587311  0.799682  0.664642  0.620076  0.721401  0.538045  0.731069  0.557436  0.811651  0.689903  0.560471  0.614110  0.653650  0.766751  0.677400  0.409296  0.488813  0.731076  0.784316  0.854315  0.679895  0.586410  0.694608  0.714117  0.792422  0.827581  0.851040  0.690565  0.458475  0.716406  0.779259  0.461470  0.788886  0.703496  0.763704  0.211248  0.684585 0.0  0.684910  0.746243  0.754255  0.541109  0.648567  0.831079  0.656404  0.729569  0.731694  0.536797  0.745992  0.736891  0.550756  0.708513  0.570518  0.776606  0.591050  0.594565 
42  0.762161  0.804380  0.685732  0.619596  0.675197  0.798499  0.814224  0.795698  0.562065  0.683132  0.790442  0.751921  0.745370  0.471288  0.769796  0.569401  0.691494  0.674815  0.676512  0.680377  0.714710  0.694945  0.733282  0.739289  0.535553  0.687404  0.658767  0.797007  0.868582  0.475506  0.638350  0.634957  0.735251  0.688521  0.613453  0.696456  0.525965  0.800704  0.435018  0.730334  0.653016  0.684910 0.0  0.585703  0.690454  0.706706  0.764178  0.548373  0.759003  0.558519  0.576668  0.814706  0.535050  0.607254  0.740009  0.725962  0.767940  0.683546  0.872808  0.864651 
43  0.421326  0.735128  0.583344  0.429355  0.504756  0.741662  0.569127  0.669543  0.515415  0.539777  0.666961  0.671064  0.632791  0.585170  0.643314  0.595504  0.581642  0.620195  0.728521  0.741810  0.751024  0.625596  0.630678  0.674975  0.789917  0.253645  0.344547  0.544474  0.870783  0.548055  0.599403  0.581005  0.635875  0.708805  0.426685  0.671614  0.313990  0.663160  0.731321  0.861142  0.649435  0.746243  0.585703 0.0  0.494706  0.734608  0.554697  0.283701  0.657514  0.501532  0.496133  0.823641  0.316896  0.577471  0.754416  0.614583  0.475637  0.656830  0.600858  0.826478 
44  0.582884  0.620889  0.655703  0.620011  0.670765  0.738031  0.692009  0.791446  0.566254  0.618021  0.531945  0.735665  0.589060  0.559339  0.797434  0.657354  0.830327  0.586354  0.673287  0.667399  0.700498  0.611481  0.848617  0.669218  0.882250  0.648762  0.624396  0.478233  0.759099  0.653751  0.754364  0.561611  0.447413  0.788822  0.566636  0.614235  0.494543  0.486620  0.866366  0.797039  0.506236  0.754255  0.690454  0.494706 0.0  0.767153  0.443874  0.690282  0.685782  0.779028  0.525846  0.740360  0.572903  0.608684  0.717680  0.540695  0.700099  0.620450  0.583797  0.551672 
45  0.791636  0.856072  0.797537  0.835844  0.707738  0.818634  0.613916  0.795750  0.761331  0.646582  0.684324  0.702294  0.724306  0.757909  0.611553  0.617038  0.685796  0.696865  0.675155  0.494847  0.484032  0.534035  0.710585  0.638554  0.611291  0.556039  0.712662  0.798351  0.356624  0.758440  0.651356  0.772310  0.699822  0.873486  0.709397  0.579967  0.781224  0.775681  0.528437  0.519933  0.968160  0.541109  0.706706  0.734608  0.767153 0.0  0.773974  0.954356  0.695562  0.617774  0.681704  0.628608  0.797942  0.866893  0.606627  0.569392  0.820553  0.547961  0.898625  0.719271 
46  0.586207  0.704974  0.763137  0.623933  0.594199  0.755851  0.660160  0.703585  0.512048  0.675565  0.606043  0.691896  0.626283  0.621541  0.664838  0.624353  0.748007  0.767899  0.726659  0.643945  0.490589  0.533954  0.657511  0.679786  0.686807  0.615376  0.556720  0.556478  0.744305  0.610812  0.676558  0.585418  0.550727  0.668463  0.689208  0.557359  0.392210  0.533817  0.772004  0.796115  0.598317  0.648567  0.764178  0.554697  0.443874  0.773974 0.0  0.602966  0.600565  0.661520  0.594260  0.583949  0.793700  0.671580  0.633080  0.565020  0.692308  0.633104  0.524708  0.715136 
47  0.477460  0.613184  0.620367  0.361741  0.802936  0.689067  0.731759  0.678665  0.549711  0.828197  0.733682  0.766662  0.577483  0.723892  0.700783  0.572971  0.639728  0.827005  0.719496  0.838590  0.781867  0.662517  0.514775  0.865409  0.668091  0.359768  0.405081  0.620285  0.800586  0.565961  0.502572  0.714844  0.719696  0.744561  0.451733  0.630052  0.523678  0.537467  0.543366  0.818963  0.581649  0.831079  0.548373  0.283701  0.690282  0.954356  0.602966 0.0  0.542867  0.581862  0.385090  0.891365  0.445007  0.493280  0.625997  0.536158  0.706859  0.792891  0.724811  0.838360 
48  0.567381  0.497255  0.319461  0.627971  0.764708  0.596726  0.326165  0.436401  0.566162  0.802807  0.440675  0.392554  0.302363  0.647705  0.371428  0.601602  0.746940  0.430935  0.557401  0.624270  0.521408  0.632095  0.731793  0.567066  0.619181  0.489441  0.617571  0.598317  0.667311  0.678377  0.633708  0.386241  0.572500  0.808404  0.445941  0.638489  0.439080  0.625333  0.575442  0.584764  0.345327  0.656404  0.759003  0.657514  0.685782  0.695562  0.600565  0.542867 0.0  0.627489  0.570874  0.594084  0.562787  0.559080  0.762539  0.654685  0.630436  0.737861  0.391530  0.613181 
49  0.567695  0.666175  0.693856  0.552950  0.641807  0.644478  0.731631  0.801863  0.627669  0.807623  0.642850  0.822985  0.626110  0.650752  0.696086  0.654254  0.568144  0.718831  0.634783  0.732745  0.702841  0.620410  0.504073  0.610407  0.608315  0.485144  0.393651  0.634546  0.650922  0.579338  0.525536  0.764202  0.730275  0.658977  0.512815  0.704291  0.587909  0.600616  0.659521  0.816192  0.723710  0.729569  0.558519  0.501532  0.779028  0.617774  0.661520  0.581862  0.627489 0.0  0.596293  0.594645  0.555680  0.524144  0.803246  0.640841  0.683252  0.764883  0.642074  0.767951 
50  0.583166  0.709143  0.642128  0.434177  0.560168  0.617587  0.560027  0.599073  0.299977  0.736242  0.653631  0.588969  0.494319  0.347779  0.625151  0.589142  0.738061  0.538351  0.632723  0.690391  0.709326  0.633337  0.584214  0.557184  0.593805  0.404170  0.493801  0.524442  0.730013  0.491832  0.706261  0.503821  0.584260  0.806691  0.410633  0.587174  0.449688  0.473232  0.584812  0.704534  0.498254  0.731694  0.576668  0.496133  0.525846  0.681704  0.594260  0.385090  0.570874  0.596293 0.0  0.504829  0.529338  0.375057  0.794492  0.481400  0.519526  0.754227  0.552187  0.613105 
51  0.732988  0.782049  0.606903  0.593006  0.578063  0.831937  0.634494  0.629871  0.588468  0.657581  0.590354  0.408618  0.616244  0.744172  0.708088  0.545637  0.774368  0.536534  0.766790  0.478859  0.296883  0.639633  0.711899  0.803211  0.612146  0.642853  0.563190  0.823057  0.497835  0.538240  0.743283  0.527123  0.317737  0.648626  0.747435  0.457340  0.647821  0.675711  0.655141  0.523617  0.551522  0.536797  0.814706  0.823641  0.740360  0.628608  0.583949  0.891365  0.594084  0.594645  0.504829 0.0  0.727142  0.857990  0.470449  0.602532  0.652071  0.531913  0.403038  0.544298 
52  0.585839  0.694473  0.694382  0.493259  0.741058  0.806889  0.512794  0.779840  0.409764  0.525109  0.739393  0.672258  0.636012  0.651655  0.653737  0.574637  0.527739  0.569915  0.653450  0.758673  0.787838  0.536506  0.572680  0.824132  0.602981  0.365936  0.445505  0.608586  0.612619  0.507013  0.753121  0.625106  0.679578  0.793050  0.295826  0.746784  0.548834  0.638778  0.614381  0.713426  0.626220  0.745992  0.535050  0.316896  0.572903  0.797942  0.793700  0.445007  0.562787  0.555680  0.529338  0.727142 0.0  0.489515  0.797770  0.576416  0.585955  0.726342  0.706430  0.846502 
53  0.534701  0.680188  0.616250  0.547748  0.556249  0.790015  0.723929  0.524239  0.596376  0.788902  0.598854  0.676681  0.663758  0.541327  0.567789  0.743086  0.686478  0.826552  0.499844  0.736511  0.777932  0.530623  0.623898  0.723761  0.589587  0.581858  0.452951  0.473282  0.857412  0.585803  0.746760  0.720643  0.758236  0.674032  0.502982  0.781860  0.550877  0.658511  0.605587  0.887644  0.636198  0.736891  0.607254  0.577471  0.608684  0.866893  0.671580  0.493280  0.559080  0.524144  0.375057  0.857990  0.489515 0.0  0.849088  0.655198  0.548645  0.864888  0.671034  0.721044 
54  0.846882  0.732943  0.730231  0.791288  0.732499  0.890622  0.750540  0.834334  0.692791  0.583001  0.869147  0.794154  0.608903  0.752574  0.782825  0.515184  0.660225  0.741250  0.885082  0.476781  0.400951  0.652451  0.835223  0.863883  0.717309  0.694042  0.791795  0.680453  0.549288  0.942695  0.837528  0.706347  0.490034  0.752863  0.816989  0.399009  0.686182  0.810293  0.707100  0.504647  0.639723  0.550756  0.740009  0.754416  0.717680  0.606627  0.633080  0.625997  0.762539  0.803246  0.794492  0.470449  0.797770  0.849088 0.0  0.847715  0.694630  0.553014  0.706968  0.667852 
55  0.579569  0.752676  0.719699  0.636031  0.647355  0.508832  0.592955  0.669505  0.555066  0.716969  0.806130  0.740837  0.729729  0.792426  0.636739  0.639034  0.737594  0.586377  0.748772  0.695233  0.631470  0.623875  0.739623  0.700658  0.747055  0.594466  0.561280  0.624347  0.735945  0.676072  0.806972  0.635183  0.767418  0.760500  0.626467  0.676120  0.615153  0.826658  0.671590  0.799981  0.664954  0.708513  0.725962  0.614583  0.540695  0.569392  0.565020  0.536158  0.654685  0.640841  0.481400  0.602532  0.576416  0.655198  0.847715 0.0  0.609681  0.773239  0.675809  0.762715 
56  0.508525  0.727377  0.697828  0.501903  0.367126  0.758805  0.619421  0.728312  0.580098  0.655208  0.728764  0.601766  0.785012  0.691887  0.562917  0.795461  0.857496  0.697011  0.495393  0.674886  0.680218  0.573589  0.652520  0.670440  0.861185  0.607839  0.563063  0.621223  0.718282  0.605751  0.706184  0.520757  0.509360  0.463906  0.584529  0.842927  0.650636  0.347733  0.824995  0.693490  0.610602  0.570518  0.767940  0.475637  0.700099  0.820553  0.692308  0.706859  0.630436  0.683252  0.519526  0.652071  0.585955  0.548645  0.694630  0.609681 0.0  0.919286  0.621430  0.758102 
57  0.775818  0.730365  0.739953  0.757809  0.736467  0.779313  0.842793  0.740186  0.633061  0.530047  0.669168  0.737069  0.677971  0.708475  0.807469  0.565319  0.896521  0.696313  0.730269  0.815893  0.620970  0.787118  0.774993  0.801887  0.924730  0.715937  0.679324  0.801220  0.791712  0.597685  0.868400  0.710649  0.469374  0.835624  0.804415  0.595938  0.644458  0.748398  0.714998  0.570314  0.756510  0.776606  0.683546  0.656830  0.620450  0.547961  0.633104  0.792891  0.737861  0.764883  0.754227  0.531913  0.726342  0.864888  0.553014  0.773239  0.919286 0.0  0.608064  0.730199 
58  0.553215  0.639939  0.261405  0.674819  0.571438  0.447601  0.477067  0.426138  0.626367  0.763456  0.417685  0.419759  0.546373  0.593632  0.439843  0.579980  0.727493  0.393800  0.538546  0.603152  0.671710  0.587834  0.708321  0.558694  0.612258  0.639865  0.630508  0.648870  0.700714  0.708194  0.622038  0.374675  0.634297  0.741850  0.726513  0.666912  0.672162  0.577572  0.753158  0.771245  0.495629  0.591050  0.872808  0.600858  0.583797  0.898625  0.524708  0.724811  0.391530  0.642074  0.552187  0.403038  0.706430  0.671034  0.706968  0.675809  0.621430  0.608064 0.0  0.607413 
59  0.754738  0.764547  0.689283  0.892211  0.656888  0.980050  0.638922  0.731070  0.768665  0.746202  0.672074  0.697293  0.714695  0.807858  0.781052  0.629012  0.757089  0.686373  0.815558  0.322561  0.381773  0.701021  0.866651  0.759756  0.824714  0.756116  0.652229  0.738142  0.668659  0.753105  0.847308  0.738968  0.569271  0.706761  0.638964  0.551596  0.675419  0.621321  0.648339  0.523973  0.725858  0.594565  0.864651  0.826478  0.551672  0.719271  0.715136  0.838360  0.613181  0.767951  0.613105  0.544298  0.846502  0.721044  0.667852  0.762715  0.758102  0.730199  0.607413 0.0 
