60
0 0.0  0.592961  0.523196  0.390336  0.526068  0.575862  0.452198  0.556185  0.555427  0.606485  0.606213  0.605212  0.495972  0.685164  0.437407  0.623154  0.781015  0.677622  0.511622  0.745310  0.780162  0.444654  0.535209  0.438027  0.699146  0.497199  0.421309  0.473851  0.711463  0.567303  0.433415  0.476789  0.550302  0.706941  0.568506  0.543615  0.513746  0.527150  0.662141  0.724602  0.537593  0.717006  0.838805  0.449497  0.483180  0.684639  0.553087  0.458053  0.500158  0.729501  0.428671  0.799160  0.612294  0.540375  0.746311  0.579214  0.538923  0.630595  0.435980  0.752304 
1  0.592961 0.0  0.439746  0.736256  0.725880  0.621507  0.472774  0.392570  0.693018  0.828296  0.525713  0.512304  0.529433  0.674666  0.489190  0.655937  0.833633  0.470307  0.677368  0.813236  0.758934  0.749049  0.759516  0.630031  0.774328  0.763857  0.613523  0.826151  0.816617  0.706468  0.751892  0.569815  0.674875  0.745982  0.764048  0.669378  0.685410  0.822793  0.776734  0.718667  0.494934  0.755855  0.810111  0.641591  0.665404  0.775343  0.739552  0.752607  0.490384  0.672599  0.643270  0.717869  0.671960  0.723452  0.689633  0.649871  0.582569  0.809294  0.532899  0.757986 
2  0.523196  0.439746 0.0  0.550693  0.606479  0.655826  0.341050  0.329448  0.618035  0.747619  0.472386  0.351978  0.468218  0.591779  0.368507  0.663410  0.827934  0.286769  0.475410  0.659401  0.572839  0.589074  0.710186  0.466412  0.568031  0.469299  0.472255  0.536292  0.589730  0.555711  0.630879  0.291060  0.524399  0.629512  0.597794  0.625060  0.624608  0.546343  0.751313  0.855437  0.353838  0.553772  0.646277  0.614109  0.570760  0.754263  0.654389  0.586832  0.267765  0.644676  0.474109  0.494277  0.780797  0.624551  0.688933  0.691502  0.620091  0.749107  0.243249  0.763450 
3  0.390336  0.736256  0.550693 0.0  0.605168  0.601411  0.626664  0.587597  0.464870  0.717289  0.703962  0.549369  0.608511  0.460894  0.666798  0.708556  0.605637  0.689787  0.441753  0.689798  0.801316  0.639785  0.545615  0.608874  0.553314  0.390735  0.364397  0.396061  0.752973  0.493124  0.757336  0.667238  0.502728  0.648169  0.543425  0.607543  0.472785  0.470168  0.617838  0.766118  0.466548  0.687999  0.601127  0.417883  0.553427  0.815710  0.579355  0.349295  0.493942  0.470856  0.406470  0.582065  0.404126  0.428250  0.702520  0.612480  0.517576  0.745938  0.616364  0.799757 
4  0.526068  0.725880  0.606479  0.605168 0.0  0.686553  0.745502  0.702391  0.691628  0.568671  0.711312  0.577136  0.590444  0.564963  0.869472  0.639586  0.707816  0.616631  0.568457  0.555525  0.627412  0.739239  0.728744  0.574091  0.732259  0.732737  0.683677  0.640397  0.723851  0.612982  0.577560  0.669565  0.447169  0.467013  0.587865  0.585543  0.589154  0.376995  0.553553  0.578593  0.490480  0.634992  0.590920  0.573936  0.535713  0.831929  0.488606  0.738854  0.686980  0.773344  0.644829  0.520122  0.735957  0.687047  0.572508  0.710580  0.422011  0.667678  0.607085  0.605066 
5  0.575862  0.621507  0.655826  0.601411  0.686553 0.0  0.559878  0.630044  0.749589  0.946315  0.593541  0.623828  0.597718  0.792508  0.707581  0.759143  0.868960  0.495766  0.792384  0.782947  0.833316  0.680242  0.784512  0.325111  0.758637  0.572475  0.667151  0.644572  0.875033  0.807144  0.628253  0.561027  0.744878  0.710045  0.648187  0.728126  0.734672  0.700259  0.799700  0.959654  0.556000  0.784221  0.728918  0.647473  0.749124  0.769605  0.570442  0.654848  0.571903  0.559836  0.574639  0.790634  0.657646  0.810288  0.825185  0.683362  0.539853  0.788729  0.543548  0.967167 
6  0.452198  0.472774  0.341050  0.626664  0.745502  0.559878 0.0  0.423499  0.643793  0.794101  0.519599  0.352253  0.495162  0.840835  0.352196  0.677887  0.821109  0.339824  0.657618  0.570954  0.574106  0.676790  0.765854  0.394114  0.858310  0.586622  0.552879  0.567167  0.510879  0.652588  0.598842  0.345720  0.634129  0.683500  0.526511  0.618592  0.757679  0.701803  0.708186  0.787367  0.361011  0.556285  0.709446  0.649986  0.608844  0.657391  0.627378  0.654773  0.377426  0.686395  0.534578  0.663579  0.501113  0.661936  0.820232  0.526949  0.533024  0.616077  0.519297  0.721144 
7  0.556185  0.392570  0.329448  0.587597  0.702391  0.630044  0.423499 0.0  0.572333  0.823821  0.411436  0.412698  0.495738  0.636378  0.357498  0.617199  0.615888  0.416905  0.610197  0.632801  0.809596  0.529857  0.800732  0.499642  0.546381  0.563616  0.564326  0.520201  0.790856  0.683746  0.721346  0.399668  0.651231  0.881997  0.559291  0.701013  0.639829  0.754478  0.689772  0.756048  0.391907  0.578342  0.713454  0.629595  0.681361  0.819879  0.620947  0.748606  0.423396  0.719719  0.616897  0.751657  0.579494  0.560115  0.607216  0.689049  0.687491  0.625864  0.392586  0.680272 
8  0.555427  0.693018  0.618035  0.464870  0.691628  0.749589  0.643793  0.572333 0.0  0.812719  0.618178  0.616189  0.589932  0.427590  0.584132  0.468548  0.545347  0.484869  0.561692  0.592234  0.528455  0.467385  0.531996  0.672369  0.602328  0.404673  0.380604  0.586510  0.624770  0.449874  0.779675  0.649442  0.486268  0.605841  0.338835  0.424922  0.468139  0.503568  0.476736  0.770034  0.468073  0.600019  0.515561  0.426452  0.502738  0.725347  0.431694  0.416586  0.461729  0.611823  0.278336  0.623713  0.410873  0.577473  0.732933  0.528659  0.465670  0.740229  0.579066  0.693630 
9  0.606485  0.828296  0.747619  0.717289  0.568671  0.946315  0.794101  0.823821  0.812719 0.0  0.770682  0.696850  0.735990  0.781959  0.645399  0.725899  0.767996  0.711316  0.756097  0.565017  0.714844  0.670844  0.746370  0.728964  0.607959  0.815859  0.743024  0.684951  0.641686  0.598107  0.721528  0.671917  0.579511  0.609609  0.564232  0.523392  0.743789  0.739515  0.659410  0.498550  0.779549  0.609143  0.691054  0.574928  0.600679  0.798440  0.702556  0.877793  0.752668  0.789496  0.661224  0.726321  0.552907  0.755705  0.591060  0.657056  0.582865  0.548384  0.776136  0.701441 
10  0.606213  0.525713  0.472386  0.703962  0.711312  0.593541  0.519599  0.411436  0.618178  0.770682 0.0  0.520345  0.474893  0.697235  0.491533  0.706153  0.842480  0.624605  0.807938  0.591072  0.534654  0.557913  0.669750  0.544150  0.852132  0.616875  0.530307  0.694416  0.701413  0.688808  0.680121  0.501234  0.547887  0.825278  0.656089  0.587103  0.625506  0.662316  0.713295  0.703968  0.456240  0.739153  0.807969  0.564749  0.585543  0.695508  0.650723  0.659705  0.450702  0.618976  0.697906  0.640327  0.820471  0.556091  0.714166  0.497060  0.707159  0.731246  0.453332  0.593013 
11  0.605212  0.512304  0.351978  0.549369  0.577136  0.623828  0.352253  0.412698  0.616189  0.696850  0.520345 0.0  0.538959  0.615251  0.288946  0.684082  0.777119  0.365141  0.513673  0.656107  0.621500  0.648046  0.704652  0.539725  0.549577  0.654794  0.670291  0.701466  0.629398  0.591217  0.679790  0.312544  0.515011  0.631683  0.631684  0.496135  0.603432  0.609655  0.705891  0.692493  0.461643  0.588613  0.751517  0.663057  0.774229  0.687224  0.708899  0.835056  0.383551  0.739243  0.571698  0.453110  0.632792  0.556537  0.689846  0.626311  0.545696  0.751941  0.409041  0.612006 
12  0.495972  0.529433  0.468218  0.608511  0.590444  0.597718  0.495162  0.495738  0.589932  0.735990  0.474893  0.538959 0.0  0.576484  0.410927  0.573988  0.889823  0.457804  0.684691  0.673023  0.559012  0.582563  0.670206  0.585604  0.807324  0.697817  0.489673  0.697606  0.623426  0.628900  0.628711  0.367217  0.400943  0.769515  0.621736  0.469311  0.507454  0.501332  0.695302  0.607710  0.323299  0.673063  0.707377  0.634798  0.513789  0.777116  0.450535  0.532387  0.420209  0.661468  0.637439  0.597764  0.688988  0.717692  0.578927  0.728946  0.603235  0.667910  0.508196  0.721697 
13  0.685164  0.674666  0.591779  0.460894  0.564963  0.792508  0.840835  0.636378  0.427590  0.781959  0.697235  0.615251  0.576484 0.0  0.866104  0.481647  0.726059  0.627626  0.542866  0.667667  0.695346  0.710144  0.663096  0.725275  0.572576  0.559042  0.495296  0.624775  0.730502  0.511702  0.432494  0.684675  0.522495  0.738584  0.444258  0.628868  0.431914  0.569474  0.473208  0.650967  0.548769  0.635644  0.594717  0.505147  0.659049  0.661598  0.510793  0.490521  0.642721  0.617340  0.293306  0.605853  0.519183  0.553867  0.646797  0.766411  0.790456  0.768995  0.683630  0.819168 
14  0.437407  0.489190  0.368507  0.666798  0.869472  0.707581  0.352196  0.357498  0.584132  0.645399  0.491533  0.288946  0.410927  0.866104 0.0  0.656105  0.509999  0.519446  0.706740  0.684449  0.641306  0.502162  0.611220  0.504896  0.636237  0.460829  0.486584  0.650087  0.621516  0.811317  0.530947  0.427604  0.731923  0.812043  0.575218  0.659080  0.672499  0.686847  0.712501  0.621765  0.425571  0.744362  0.706198  0.614149  0.730955  0.670576  0.637004  0.696964  0.437601  0.636617  0.608798  0.672040  0.560950  0.767708  0.807278  0.752010  0.678483  0.775534  0.505697  0.763821 
15  0.623154  0.655937  0.663410  0.708556  0.639586  0.759143  0.677887  0.617199  0.468548  0.725899  0.706153  0.684082  0.573988  0.481647  0.656105 0.0  0.660872  0.519740  0.736757  0.606407  0.555781  0.621792  0.710984  0.635322  0.714635  0.664536  0.506136  0.594787  0.641352  0.551454  0.684323  0.617341  0.524685  0.674068  0.578517  0.485280  0.608982  0.618131  0.649501  0.628686  0.580095  0.683181  0.666841  0.642225  0.600828  0.741026  0.554507  0.563204  0.625053  0.605079  0.641400  0.596132  0.625716  0.690346  0.632038  0.636661  0.697989  0.622389  0.669975  0.653975 
16  0.781015  0.833633  0.827934  0.605637  0.707816  0.868960  0.821109  0.615888  0.545347  0.767996  0.842480  0.777119  0.889823  0.726059  0.509999  0.660872 0.0  0.700361  0.757427  0.738660  0.795401  0.604295  0.516326  0.803045  0.400555  0.466569  0.615595  1.000000  0.642516  0.615632  0.798995  0.874985  0.825836  0.710810  0.599242  0.888024  0.666001  0.795889  0.625762  0.877372  0.671020  0.610517  0.439294  0.528102  0.863582  0.717322  0.800648  0.667782  0.792475  0.595505  0.670603  0.754710  0.586880  0.577230  0.799581  0.692223  0.833917  0.784838  0.810297  0.714500 
17  0.677622  0.470307  0.286769  0.689787  0.616631  0.495766  0.339824  0.416905  0.484869  0.711316  0.624605  0.365141  0.457804  0.627626  0.519446  0.519740  0.700361 0.0  0.617136  0.758331  0.693502  0.632206  0.713332  0.524243  0.588888  0.702550  0.740938  0.613318  0.684323  0.607962  0.547040  0.243584  0.461869  0.744917  0.654034  0.694080  0.681387  0.660668  0.596075  0.682910  0.347241  0.675557  0.747101  0.644878  0.674924  0.796855  0.615830  0.802442  0.460798  0.732356  0.572268  0.445572  0.673589  0.732275  0.652506  0.731326  0.629574  0.786712  0.366693  0.610460 
18  0.511622  0.677368  0.475410  0.441753  0.568457  0.792384  0.657618  0.610197  0.561692  0.756097  0.807938  0.513673  0.684691  0.542866  0.706740  0.736757  0.757427  0.617136 0.0  0.759991  0.730632  0.495616  0.617813  0.643952  0.776936  0.539185  0.566908  0.376913  0.730284  0.530500  0.627957  0.599030  0.507706  0.568502  0.758664  0.679190  0.821890  0.493035  0.648645  0.717929  0.535640  0.665401  0.667913  0.696251  0.700691  0.787164  0.626610  0.717784  0.707805  0.590624  0.559603  0.622681  0.584096  0.545181  0.744809  0.689137  0.451887  0.776912  0.585103  0.814849 
19  0.745310  0.813236  0.659401  0.689798  0.555525  0.782947  0.570954  0.632801  0.592234  0.565017  0.591072  0.656107  0.673023  0.667667  0.684449  0.606407  0.738660  0.758331  0.759991 0.0  0.285877  0.624224  0.818679  0.931688  0.784277  0.845354  0.649810  0.814384  0.574272  0.568115  0.683002  0.540720  0.525785  0.585182  0.564057  0.304074  0.658449  0.591049  0.538125  0.357587  0.727988  0.397970  0.558725  0.770812  0.652912  0.586055  0.724581  0.649954  0.614620  0.667421  0.784167  0.481749  0.757980  0.693870  0.467560  0.643808  0.808434  0.667993  0.646179  0.380836 
20  0.780162  0.758934  0.572839  0.801316  0.627412  0.833316  0.574106  0.809596  0.528455  0.714844  0.534654  0.621500  0.559012  0.695346  0.641306  0.555781  0.795401  0.693502  0.730632  0.285877 0.0  0.591831  0.708000  0.811666  0.653673  0.668170  0.623002  0.658319  0.352134  0.549298  0.773244  0.606333  0.369583  0.612052  0.605430  0.305950  0.632637  0.711335  0.606987  0.353622  0.716711  0.476107  0.749401  0.747570  0.787371  0.546343  0.605927  0.819686  0.558791  0.596843  0.516216  0.271506  0.654497  0.643857  0.485139  0.644802  0.678911  0.548945  0.568582  0.326440 
21  0.444654  0.749049  0.589074  0.639785  0.739239  0.680242  0.676790  0.529857  0.467385  0.670844  0.557913  0.648046  0.582563  0.710144  0.502162  0.621792  0.604295  0.632206  0.495616  0.624224  0.591831 0.0  0.648156  0.783685  0.719840  0.477952  0.587854  0.637306  0.624097  0.720864  0.544322  0.668076  0.635803  0.686538  0.622122  0.601468  0.703262  0.754135  0.748602  0.673096  0.675083  0.533939  0.736695  0.545084  0.538820  0.618402  0.486564  0.727392  0.620090  0.734419  0.643030  0.678024  0.557735  0.569286  0.627632  0.569848  0.602553  0.722012  0.553338  0.762862 
22  0.535209  0.759516  0.710186  0.545615  0.728744  0.784512  0.765854  0.800732  0.531996  0.746370  0.669750  0.704652  0.670206  0.663096  0.611220  0.710984  0.516326  0.713332  0.617813  0.818679  0.708000  0.648156 0.0  0.766968  0.563702  0.539300  0.506841  0.715084  0.845945  0.644991  0.635259  0.690187  0.789160  0.613765  0.592190  0.637772  0.631285  0.683151  0.590428  0.813633  0.693111  0.705373  0.673661  0.585436  0.688486  0.692884  0.723868  0.558487  0.673551  0.530265  0.590947  0.599213  0.572994  0.492989  0.782971  0.683403  0.649375  0.780024  0.564569  0.751071 
23  0.438027  0.630031  0.466412  0.608874  0.574091  0.325111  0.394114  0.499642  0.672369  0.728964  0.544150  0.539725  0.585604  0.725275  0.504896  0.635322  0.803045  0.524243  0.643952  0.931688  0.811666  0.783685  0.766968 0.0  0.686070  0.519363  0.607588  0.527584  0.731864  0.558919  0.613767  0.634838  0.661790  0.895444  0.654203  0.698860  0.609969  0.610878  0.682005  0.830891  0.607346  0.785995  0.728258  0.665571  0.498166  0.671762  0.749703  0.692014  0.587429  0.718973  0.598980  0.615896  0.664560  0.674564  0.853151  0.619227  0.726625  0.655310  0.538236  0.684664 
24  0.699146  0.774328  0.568031  0.553314  0.732259  0.758637  0.858310  0.546381  0.602328  0.607959  0.852132  0.549577  0.807324  0.572576  0.636237  0.714635  0.400555  0.588888  0.776936  0.784277  0.653673  0.719840  0.563702  0.686070 0.0  0.560815  0.661846  0.684870  0.859197  0.648814  0.741220  0.562406  0.656107  0.730407  0.655163  0.929988  0.584495  0.888865  0.419949  0.880160  0.803659  0.657896  0.474583  0.595047  0.810415  0.610066  0.788866  0.700581  0.658463  0.598162  0.588293  0.452230  0.499388  0.691136  0.763619  0.578889  0.749233  0.838719  0.561527  0.756650 
25  0.497199  0.763857  0.469299  0.390735  0.732737  0.572475  0.586622  0.563616  0.404673  0.815859  0.616875  0.654794  0.697817  0.559042  0.460829  0.664536  0.466569  0.702550  0.539185  0.845354  0.668170  0.477952  0.539300  0.519363  0.560815 0.0  0.295748  0.520957  0.623648  0.540014  0.657751  0.582559  0.710266  0.759955  0.334673  0.522083  0.455911  0.611946  0.575048  0.592031  0.582456  0.712360  0.658167  0.286326  0.644321  0.592258  0.559290  0.323665  0.608184  0.430257  0.492207  0.584969  0.389284  0.458858  0.739775  0.596199  0.707349  0.717278  0.599071  0.600874 
26  0.421309  0.613523  0.472255  0.364397  0.683677  0.667151  0.552879  0.564326  0.380604  0.743024  0.530307  0.670291  0.489673  0.495296  0.486584  0.506136  0.615595  0.740938  0.566908  0.649810  0.623002  0.587854  0.506841  0.607588  0.661846  0.295748 0.0  0.460149  0.716141  0.525953  0.527414  0.557466  0.668616  0.605885  0.371056  0.694723  0.385543  0.665432  0.537885  0.713044  0.565478  0.711842  0.570131  0.348503  0.554807  0.586322  0.571734  0.271344  0.470863  0.470345  0.386927  0.667146  0.301803  0.535437  0.838675  0.543052  0.557899  0.603757  0.603122  0.643254 
27  0.473851  0.826151  0.536292  0.396061  0.640397  0.644572  0.567167  0.520201  0.586510  0.684951  0.694416  0.701466  0.697606  0.624775  0.650087  0.594787  1.000000  0.613318  0.376913  0.814384  0.658319  0.637306  0.715084  0.527584  0.684870  0.520957  0.460149 0.0  0.710501  0.612934  0.732269  0.634689  0.588253  0.634626  0.456554  0.678407  0.580502  0.456578  0.731553  0.790447  0.500624  0.611454  0.830167  0.613311  0.575040  0.663279  0.542069  0.506338  0.585831  0.650155  0.603566  0.658543  0.590258  0.523969  0.904416  0.713917  0.588454  0.741698  0.581126  0.784883 
28  0.711463  0.816617  0.589730  0.752973  0.723851  0.875033  0.510879  0.790856  0.624770  0.641686  0.701413  0.629398  0.623426  0.730502  0.621516  0.641352  0.642516  0.684323  0.730284  0.574272  0.352134  0.624097  0.845945  0.731864  0.859197  0.623648  0.716141  0.710501 0.0  0.687202  0.690628  0.604594  0.621174  0.664793  0.654541  0.437472  0.674175  0.785787  0.700145  0.507982  0.737117  0.681553  0.813989  0.610146  0.687096  0.361600  0.738759  0.786414  0.593499  0.681739  0.795943  0.559986  0.670860  0.789093  0.638996  0.714692  0.704612  0.695503  0.773277  0.449479 
29  0.567303  0.706468  0.555711  0.493124  0.612982  0.807144  0.652588  0.683746  0.449874  0.598107  0.688808  0.591217  0.628900  0.511702  0.811317  0.551454  0.615632  0.607962  0.530500  0.568115  0.549298  0.720864  0.644991  0.558919  0.648814  0.540014  0.525953  0.612934  0.687202 0.0  0.632665  0.599504  0.532674  0.659546  0.547236  0.580852  0.475020  0.602543  0.511871  0.656999  0.588730  0.792763  0.490712  0.539596  0.631173  0.603987  0.549688  0.658571  0.611693  0.608784  0.465213  0.532978  0.469608  0.533024  0.607391  0.689193  0.582849  0.522244  0.600049  0.716655 
30  0.433415  0.751892  0.630879  0.757336  0.577560  0.628253  0.598842  0.721346  0.779675  0.721528  0.680121  0.679790  0.628711  0.432494  0.530947  0.684323  0.798995  0.547040  0.627957  0.683002  0.773244  0.544322  0.635259  0.613767  0.741220  0.657751  0.527414  0.732269  0.690628  0.632665 0.0  0.722050  0.640644  0.722818  0.514485  0.811798  0.737935  0.608497  0.612873  0.888675  0.695994  0.656701  0.585335  0.540884  0.673572  0.759481  0.565383  0.635084  0.671216  0.691644  0.552167  0.707784  0.567963  0.645109  0.829199  0.762073  0.700025  0.565958  0.577856  0.826462 
31  0.476789  0.569815  0.291060  0.667238  0.669565  0.561027  0.345720  0.399668  0.649442  0.671917  0.501234  0.312544  0.367217  0.684675  0.427604  0.617341  0.874985  0.243584  0.599030  0.540720  0.606333  0.668076  0.690187  0.634838  0.562406  0.582559  0.557466  0.634689  0.604594  0.599504  0.722050 0.0  0.395371  0.655842  0.509574  0.587791  0.601519  0.596235  0.705781  0.689000  0.280909  0.630066  0.677947  0.553861  0.632806  0.839895  0.576644  0.668680  0.448745  0.677001  0.444027  0.522894  0.544463  0.697119  0.731116  0.609351  0.581699  0.702096  0.372772  0.720897 
32  0.550302  0.674875  0.524399  0.502728  0.447169  0.744878  0.634129  0.651231  0.486268  0.579511  0.547887  0.515011  0.400943  0.522495  0.731923  0.524685  0.825836  0.461869  0.507706  0.525785  0.369583  0.635803  0.789160  0.661790  0.656107  0.710266  0.668616  0.588253  0.621174  0.532674  0.640644  0.395371 0.0  0.612333  0.563754  0.308695  0.515843  0.377448  0.540429  0.526810  0.428507  0.451363  0.775000  0.577834  0.477437  0.568085  0.467809  0.748752  0.545456  0.743869  0.553654  0.325110  0.676649  0.631435  0.501230  0.720736  0.435639  0.576077  0.584334  0.613176 
33  0.706941  0.745982  0.629512  0.648169  0.467013  0.710045  0.683500  0.881997  0.605841  0.609609  0.825278  0.631683  0.769515  0.738584  0.812043  0.674068  0.710810  0.744917  0.568502  0.585182  0.612052  0.686538  0.613765  0.895444  0.730407  0.759955  0.605885  0.634626  0.664793  0.659546  0.722818  0.655842  0.612333 0.0  0.719016  0.652167  0.772222  0.526328  0.635443  0.676048  0.683734  0.668866  0.762413  0.788802  0.736632  0.811740  0.675453  0.771230  0.676962  0.607754  0.598928  0.661027  0.710792  0.698099  0.638601  0.724768  0.447555  0.724288  0.823537  0.633849 
34  0.568506  0.764048  0.597794  0.543425  0.587865  0.648187  0.526511  0.559291  0.338835  0.564232  0.656089  0.631684  0.621736  0.444258  0.575218  0.578517  0.599242  0.654034  0.758664  0.564057  0.605430  0.622122  0.592190  0.654203  0.655163  0.334673  0.371056  0.456554  0.654541  0.547236  0.514485  0.509574  0.563754  0.719016 0.0  0.437123  0.331945  0.558566  0.550679  0.657981  0.503767  0.706755  0.597160  0.320865  0.506241  0.700216  0.569485  0.464918  0.484866  0.517199  0.315216  0.686094  0.255011  0.494424  0.735099  0.548280  0.531023  0.670689  0.716173  0.659922 
35  0.543615  0.669378  0.625060  0.607543  0.585543  0.728126  0.618592  0.701013  0.424922  0.523392  0.587103  0.496135  0.469311  0.628868  0.659080  0.485280  0.888024  0.694080  0.679190  0.304074  0.305950  0.601468  0.637772  0.698860  0.929988  0.522083  0.694723  0.678407  0.437472  0.580852  0.811798  0.587791  0.308695  0.652167  0.437123 0.0  0.534243  0.523111  0.644245  0.355822  0.581069  0.375793  0.811954  0.599479  0.548327  0.517925  0.494339  0.640254  0.536672  0.578096  0.546422  0.465197  0.600800  0.800461  0.374412  0.621852  0.599818  0.506238  0.587148  0.432628 
36  0.513746  0.685410  0.624608  0.472785  0.589154  0.734672  0.757679  0.639829  0.468139  0.743789  0.625506  0.603432  0.507454  0.431914  0.672499  0.608982  0.666001  0.681387  0.821890  0.658449  0.632637  0.703262  0.631285  0.609969  0.584495  0.455911  0.385543  0.580502  0.674175  0.475020  0.737935  0.601519  0.515843  0.772222  0.331945  0.534243 0.0  0.455526  0.465409  0.743024  0.562757  0.664969  0.615128  0.481074  0.520256  0.857016  0.488311  0.446136  0.497305  0.455410  0.439178  0.645061  0.458352  0.543383  0.746002  0.535082  0.717166  0.609357  0.619117  0.658367 
37  0.527150  0.822793  0.546343  0.470168  0.376995  0.700259  0.701803  0.754478  0.503568  0.739515  0.662316  0.609655  0.501332  0.569474  0.686847  0.618131  0.795889  0.660668  0.493035  0.591049  0.711335  0.754135  0.683151  0.610878  0.888865  0.611946  0.665432  0.456578  0.785787  0.602543  0.608497  0.596235  0.377448  0.526328  0.558566  0.523111  0.455526 0.0  0.692133  0.624502  0.554336  0.600391  0.643024  0.576215  0.409542  0.753272  0.385952  0.590101  0.576099  0.633061  0.476502  0.555353  0.602641  0.606614  0.592794  0.731561  0.357584  0.700060  0.537001  0.694934 
38  0.662141  0.776734  0.751313  0.617838  0.553553  0.799700  0.708186  0.689772  0.476736  0.659410  0.713295  0.705891  0.695302  0.473208  0.712501  0.649501  0.625762  0.596075  0.648645  0.538125  0.606987  0.748602  0.590428  0.682005  0.419949  0.575048  0.537885  0.731553  0.700145  0.511871  0.612873  0.705781  0.540429  0.635443  0.550679  0.644245  0.465409  0.692133 0.0  0.606506  0.658654  0.567612  0.371601  0.522608  0.769837  0.567479  0.660752  0.668927  0.704235  0.526379  0.461425  0.565810  0.479385  0.551097  0.587422  0.685705  0.699349  0.790919  0.727753  0.725523 
39  0.724602  0.718667  0.855437  0.766118  0.578593  0.959654  0.787367  0.756048  0.770034  0.498550  0.703968  0.692493  0.607710  0.650967  0.621765  0.628686  0.877372  0.682910  0.717929  0.357587  0.353622  0.673096  0.813633  0.830891  0.880160  0.592031  0.713044  0.790447  0.507982  0.656999  0.888675  0.689000  0.526810  0.676048  0.657981  0.355822  0.743024  0.624502  0.606506 0.0  0.762939  0.357538  0.716937  0.687318  0.712097  0.460090  0.758814  0.711582  0.764547  0.760708  0.865640  0.567763  0.801495  0.748296  0.428798  0.768512  0.731558  0.624153  0.701435  0.483454 
40  0.537593  0.494934  0.353838  0.466548  0.490480  0.556000  0.361011  0.391907  0.468073  0.779549  0.456240  0.461643  0.323299  0.548769  0.425571  0.580095  0.671020  0.347241  0.535640  0.727988  0.716711  0.675083  0.693111  0.607346  0.803659  0.582456  0.565478  0.500624  0.737117  0.588730  0.695994  0.280909  0.428507  0.683734  0.503767  0.581069  0.562757  0.554336  0.658654  0.762939 0.0  0.707454  0.602806  0.651843  0.551548  0.840094  0.530832  0.611657  0.360971  0.653043  0.456645  0.722874  0.473837  0.678770  0.670356  0.547340  0.535329  0.692852  0.375910  0.697558 
41  0.717006  0.755855  0.553772  0.687999  0.634992  0.784221  0.556285  0.578342  0.600019  0.609143  0.739153  0.588613  0.673063  0.635644  0.744362  0.683181  0.610517  0.675557  0.665401  0.397970  0.476107  0.533939  0.705373  0.785995  0.657896  0.712360  0.711842  0.611454  0.681553  0.792763  0.656701  0.630066  0.451363  0.668866  0.706755  0.375793  0.664969  0.600391  0.567612  0.357538  0.707454 0.0  0.762186  0.693590  0.597856  0.664798  0.692084  0.788218  0.632996  0.730444  0.616261  0.502723  0.655684  0.687992  0.436953  0.738528  0.636168  0.610905  0.671860  0.487388 
42  0.838805  0.810111  0.646277  0.601127  0.590920  0.728918  0.709446  0.713454  0.515561  0.691054  0.807969  0.751517  0.707377  0.594717  0.706198  0.666841  0.439294  0.747101  0.667913  0.558725  0.749401  0.736695  0.673661  0.728258  0.474583  0.658167  0.570131  0.830167  0.813989  0.490712  0.585335  0.677947  0.775000  0.762413  0.597160  0.811954  0.615128  0.643024  0.371601  0.716937  0.602806  0.762186 0.0  0.557259  0.807315  0.724768  0.706476  0.634402  0.604691  0.470147  0.517012  0.669820  0.636563  0.579497  0.587106  0.633199  0.791866  0.885906  0.700576  0.788227 
43  0.449497  0.641591  0.614109  0.417883  0.573936  0.647473  0.649986  0.629595  0.426452  0.574928  0.564749  0.663057  0.634798  0.505147  0.614149  0.642225  0.528102  0.644878  0.696251  0.770812  0.747570  0.545084  0.585436  0.665571  0.595047  0.286326  0.348503  0.613311  0.610146  0.539596  0.540884  0.553861  0.577834  0.788802  0.320865  0.599479  0.481074  0.576215  0.522608  0.687318  0.651843  0.693590  0.557259 0.0  0.492344  0.607565  0.589706  0.337314  0.640858  0.561606  0.377060  0.776910  0.361984  0.527363  0.843484  0.561064  0.560986  0.591122  0.534634  0.784689 
44  0.483180  0.665404  0.570760  0.553427  0.535713  0.749124  0.608844  0.681361  0.502738  0.600679  0.585543  0.774229  0.513789  0.659049  0.730955  0.600828  0.863582  0.674924  0.700691  0.652912  0.787371  0.538820  0.688486  0.498166  0.810415  0.644321  0.554807  0.575040  0.687096  0.631173  0.673572  0.632806  0.477437  0.736632  0.506241  0.548327  0.520256  0.409542  0.769837  0.712097  0.551548  0.597856  0.807315  0.492344 0.0  0.708872  0.525406  0.679942  0.613213  0.634767  0.607561  0.675259  0.655725  0.610335  0.687897  0.617401  0.557646  0.656156  0.608678  0.709528 
45  0.684639  0.775343  0.754263  0.815710  0.831929  0.769605  0.657391  0.819879  0.725347  0.798440  0.695508  0.687224  0.777116  0.661598  0.670576  0.741026  0.717322  0.796855  0.787164  0.586055  0.546343  0.618402  0.692884  0.671762  0.610066  0.592258  0.586322  0.663279  0.361600  0.603987  0.759481  0.839895  0.568085  0.811740  0.700216  0.517925  0.857016  0.753272  0.567479  0.460090  0.840094  0.664798  0.724768  0.607565  0.708872 0.0  0.765635  0.750854  0.716102  0.587004  0.698456  0.451944  0.709619  0.755344  0.677221  0.594469  0.837353  0.641106  0.792315  0.626286 
46  0.553087  0.739552  0.654389  0.579355  0.488606  0.570442  0.627378  0.620947  0.431694  0.702556  0.650723  0.708899  0.450535  0.510793  0.637004  0.554507  0.800648  0.615830  0.626610  0.724581  0.605927  0.486564  0.723868  0.749703  0.788866  0.559290  0.571734  0.542069  0.738759  0.549688  0.565383  0.576644  0.467809  0.675453  0.569485  0.494339  0.488311  0.385952  0.660752  0.758814  0.530832  0.692084  0.706476  0.589706  0.525406  0.765635 0.0  0.424772  0.498003  0.479743  0.527395  0.588608  0.676351  0.672265  0.589589  0.555518  0.501839  0.571096  0.598026  0.655381 
47  0.458053  0.752607  0.586832  0.349295  0.738854  0.654848  0.654773  0.748606  0.416586  0.877793  0.659705  0.835056  0.532387  0.490521  0.696964  0.563204  0.667782  0.802442  0.717784  0.649954  0.819686  0.727392  0.558487  0.692014  0.700581  0.323665  0.271344  0.506338  0.786414  0.658571  0.635084  0.668680  0.748752  0.771230  0.464918  0.640254  0.446136  0.590101  0.668927  0.711582  0.611657  0.788218  0.634402  0.337314  0.679942  0.750854  0.424772 0.0  0.549445  0.510336  0.501093  0.664262  0.421891  0.533888  0.618933  0.463858  0.602268  0.755833  0.696764  0.703778 
48  0.500158  0.490384  0.267765  0.493942  0.686980  0.571903  0.377426  0.423396  0.461729  0.752668  0.450702  0.383551  0.420209  0.642721  0.437601  0.625053  0.792475  0.460798  0.707805  0.614620  0.558791  0.620090  0.673551  0.587429  0.658463  0.608184  0.470863  0.585831  0.593499  0.611693  0.671216  0.448745  0.545456  0.676962  0.484866  0.536672  0.497305  0.576099  0.704235  0.764547  0.360971  0.632996  0.604691  0.640858  0.613213  0.716102  0.498003  0.549445 0.0  0.575409  0.556256  0.446395  0.507848  0.599850  0.632429  0.589045  0.605095  0.764827  0.389710  0.631796 
49  0.729501  0.672599  0.644676  0.470856  0.773344  0.559836  0.686395  0.719719  0.611823  0.789496  0.618976  0.739243  0.661468  0.617340  0.636617  0.605079  0.595505  0.732356  0.590624  0.667421  0.596843  0.734419  0.530265  0.718973  0.598162  0.430257  0.470345  0.650155  0.681739  0.608784  0.691644  0.677001  0.743869  0.607754  0.517199  0.578096  0.455410  0.633061  0.526379  0.760708  0.653043  0.730444  0.470147  0.561606  0.634767  0.587004  0.479743  0.510336  0.575409 0.0  0.561866  0.621473  0.462684  0.550479  0.685143  0.647817  0.632383  0.748185  0.649977  0.760278 
50  0.428671  0.643270  0.474109  0.406470  0.644829  0.574639  0.534578  0.616897  0.278336  0.661224  0.697906  0.571698  0.637439  0.293306  0.608798  0.641400  0.670603  0.572268  0.559603  0.784167  0.516216  0.643030  0.590947  0.598980  0.588293  0.492207  0.386927  0.603566  0.795943  0.465213  0.552167  0.444027  0.553654  0.598928  0.315216  0.546422  0.439178  0.476502  0.461425  0.865640  0.456645  0.616261  0.517012  0.377060  0.607561  0.698456  0.527395  0.501093  0.556256  0.561866 0.0  0.466652  0.444443  0.483161  0.734060  0.537559  0.507215  0.673002  0.513912  0.664357 
51  0.799160  0.717869  0.494277  0.582065  0.520122  0.790634  0.663579  0.751657  0.623713  0.726321  0.640327  0.453110  0.597764  0.605853  0.672040  0.596132  0.754710  0.445572  0.622681  0.481749  0.271506  0.678024  0.599213  0.615896  0.452230  0.584969  0.667146  0.658543  0.559986  0.532978  0.707784  0.522894  0.325110  0.661027  0.686094  0.465197  0.645061  0.555353  0.565810  0.567763  0.722874  0.502723  0.669820  0.776910  0.675259  0.451944  0.588608  0.664262  0.446395  0.621473  0.466652 0.0  0.860467  0.833244  0.523020  0.713545  0.744459  0.692566  0.477963  0.488058 
52  0.612294  0.671960  0.780797  0.404126  0.735957  0.657646  0.501113  0.579494  0.410873  0.552907  0.820471  0.632792  0.688988  0.519183  0.560950  0.625716  0.586880  0.673589  0.584096  0.757980  0.654497  0.557735  0.572994  0.664560  0.499388  0.389284  0.301803  0.590258  0.670860  0.469608  0.567963  0.544463  0.676649  0.710792  0.255011  0.600800  0.458352  0.602641  0.479385  0.801495  0.473837  0.655684  0.636563  0.361984  0.655725  0.709619  0.676351  0.421891  0.507848  0.462684  0.444443  0.860467 0.0  0.403343  0.657564  0.536883  0.554421  0.574066  0.793417  0.870709 
53  0.540375  0.723452  0.624551  0.428250  0.687047  0.810288  0.661936  0.560115  0.577473  0.755705  0.556091  0.556537  0.717692  0.553867  0.767708  0.690346  0.577230  0.732275  0.545181  0.693870  0.643857  0.569286  0.492989  0.674564  0.691136  0.458858  0.535437  0.523969  0.789093  0.533024  0.645109  0.697119  0.631435  0.698099  0.494424  0.800461  0.543383  0.606614  0.551097  0.748296  0.678770  0.687992  0.579497  0.527363  0.610335  0.755344  0.672265  0.533888  0.599850  0.550479  0.483161  0.833244  0.403343 0.0  0.810898  0.565846  0.469405  0.799450  0.516743  0.765082 
54  0.746311  0.689633  0.688933  0.702520  0.572508  0.825185  0.820232  0.607216  0.732933  0.591060  0.714166  0.689846  0.578927  0.646797  0.807278  0.632038  0.799581  0.652506  0.744809  0.467560  0.485139  0.627632  0.782971  0.853151  0.763619  0.739775  0.838675  0.904416  0.638996  0.607391  0.829199  0.731116  0.501230  0.638601  0.735099  0.374412  0.746002  0.592794  0.587422  0.428798  0.670356  0.436953  0.587106  0.843484  0.687897  0.677221  0.589589  0.618933  0.632429  0.685143  0.734060  0.523020  0.657564  0.810898 0.0  0.713890  0.782734  0.776213  0.733914  0.612842 
55  0.579214  0.649871  0.691502  0.612480  0.710580  0.683362  0.526949  0.689049  0.528659  0.657056  0.497060  0.626311  0.728946  0.766411  0.752010  0.636661  0.692223  0.731326  0.689137  0.643808  0.644802  0.569848  0.683403  0.619227  0.578889  0.596199  0.543052  0.713917  0.714692  0.689193  0.762073  0.609351  0.720736  0.724768  0.548280  0.621852  0.535082  0.731561  0.685705  0.768512  0.547340  0.738528  0.633199  0.561064  0.617401  0.594469  0.555518  0.463858  0.589045  0.647817  0.537559  0.713545  0.536883  0.565846  0.713890 0.0  0.612867  0.672322  0.626765  0.723707 
56  0.538923  0.582569  0.620091  0.517576  0.422011  0.539853  0.533024  0.687491  0.465670  0.582865  0.707159  0.545696  0.603235  0.790456  0.678483  0.697989  0.833917  0.629574  0.451887  0.808434  0.678911  0.602553  0.649375  0.726625  0.749233  0.707349  0.557899  0.588454  0.704612  0.582849  0.700025  0.581699  0.435639  0.447555  0.531023  0.599818  0.717166  0.357584  0.699349  0.731558  0.535329  0.636168  0.791866  0.560986  0.557646  0.837353  0.501839  0.602268  0.605095  0.632383  0.507215  0.744459  0.554421  0.469405  0.782734  0.612867 0.0  0.787469  0.517688  0.709369 
57  0.630595  0.809294  0.749107  0.745938  0.667678  0.788729  0.616077  0.625864  0.740229  0.548384  0.731246  0.751941  0.667910  0.768995  0.775534  0.622389  0.784838  0.786712  0.776912  0.667993  0.548945  0.722012  0.780024  0.655310  0.838719  0.717278  0.603757  0.741698  0.695503  0.522244  0.565958  0.702096  0.576077  0.724288  0.670689  0.506238  0.609357  0.700060  0.790919  0.624153  0.692852  0.610905  0.885906  0.591122  0.656156  0.641106  0.571096  0.755833  0.764827  0.748185  0.673002  0.692566  0.574066  0.799450  0.776213  0.672322  0.787469 0.0  0.654663  0.626846 
58  0.435980  0.532899  0.243249  0.616364  0.607085  0.543548  0.519297  0.392586  0.579066  0.776136  0.453332  0.409041  0.508196  0.683630  0.505697  0.669975  0.810297  0.366693  0.585103  0.646179  0.568582  0.553338  0.564569  0.538236  0.561527  0.599071  0.603122  0.581126  0.773277  0.600049  0.577856  0.372772  0.584334  0.823537  0.716173  0.587148  0.619117  0.537001  0.727753  0.701435  0.375910  0.671860  0.700576  0.534634  0.608678  0.792315  0.598026  0.696764  0.389710  0.649977  0.513912  0.477963  0.793417  0.516743  0.733914  0.626765  0.517688  0.654663 0.0  0.657480 
59  0.752304  0.757986  0.763450  0.799757  0.605066  0.967167  0.721144  0.680272  0.693630  0.701441  0.593013  0.612006  0.721697  0.819168  0.763821  0.653975  0.714500  0.610460  0.814849  0.380836  0.326440  0.762862  0.751071  0.684664  0.756650  0.600874  0.643254  0.784883  0.449479  0.716655  0.826462  0.720897  0.613176  0.633849  0.659922  0.432628  0.658367  0.694934  0.725523  0.483454  0.697558  0.487388  0.788227  0.784689  0.709528  0.626286  0.655381  0.703778  0.631796  0.760278  0.664357  0.488058  0.870709  0.765082  0.612842  0.723707  0.709369  0.626846  0.657480 0.0 
