60
0 0.0  0.639045  0.459695  0.536800  0.694171  0.675622  0.587782  0.586700  0.438068  0.601139  0.463354  0.671122  0.602176  0.641132  0.535805  0.503571  0.721493  0.646597  0.543297  0.690622  0.840324  0.377094  0.587349  0.588206  0.674722  0.481648  0.401972  0.566033  0.778781  0.588578  0.413471  0.537644  0.598881  0.703477  0.502345  0.488685  0.533794  0.588473  0.675650  0.805316  0.552634  0.619896  0.720348  0.369826  0.533066  0.734036  0.525859  0.428741  0.453072  0.635828  0.547273  0.730906  0.518566  0.585907  0.801045  0.537051  0.605254  0.647295  0.414397  0.766099 
1  0.639045 0.0  0.601287  0.724281  0.776423  0.616659  0.510777  0.409116  0.697848  0.855495  0.603114  0.533289  0.516897  0.828948  0.448883  0.533944  0.819452  0.548961  0.571153  0.674617  0.669041  0.778314  0.800674  0.613211  0.823861  0.741400  0.608631  0.755737  0.738855  0.702530  0.711211  0.632943  0.617341  0.735105  0.704845  0.684246  0.719722  0.620608  0.875055  0.754797  0.518080  0.823736  0.820757  0.684536  0.670537  0.790468  0.584047  0.669124  0.580584  0.713369  0.654152  0.715427  0.727196  0.647134  0.800320  0.700663  0.714772  0.756763  0.634861  0.746962 
2  0.459695  0.601287 0.0  0.538886  0.699638  0.478092  0.350929  0.319766  0.637389  0.687638  0.492533  0.462155  0.408055  0.739253  0.417108  0.635031  0.772524  0.295990  0.660846  0.654262  0.571698  0.575834  0.741419  0.413170  0.559817  0.614698  0.581707  0.492954  0.678131  0.677465  0.646664  0.342422  0.589499  0.765431  0.527036  0.766594  0.480214  0.479517  0.699425  0.790250  0.400055  0.552083  0.667210  0.670609  0.651928  0.848432  0.626253  0.637398  0.254467  0.613696  0.598934  0.589395  0.670619  0.505617  0.805853  0.564689  0.548305  0.741363  0.318902  0.681152 
3  0.536800  0.724281  0.538886 0.0  0.725440  0.623316  0.621505  0.514066  0.568162  0.756914  0.756889  0.547702  0.530066  0.486599  0.647660  0.648185  0.550910  0.687468  0.504527  0.699476  0.747994  0.583223  0.533253  0.603281  0.636196  0.370508  0.451479  0.464783  0.769605  0.444596  0.554313  0.627000  0.660392  0.765240  0.528674  0.705764  0.584437  0.571931  0.627421  0.738215  0.424558  0.611370  0.743956  0.440672  0.651782  0.723318  0.575029  0.411334  0.567108  0.508204  0.408357  0.785610  0.438211  0.450189  0.794737  0.542591  0.540965  0.650184  0.632011  0.745918 
4  0.694171  0.776423  0.699638  0.725440 0.0  0.726884  0.559501  0.671031  0.609921  0.683947  0.700191  0.647876  0.650833  0.461421  0.827702  0.588302  0.721645  0.636306  0.704404  0.587489  0.654784  0.696741  0.734450  0.694547  0.631186  0.663788  0.698811  0.628028  0.590207  0.587234  0.617095  0.619700  0.389910  0.383766  0.725503  0.580223  0.556899  0.380989  0.600849  0.671936  0.594822  0.553225  0.697195  0.505993  0.642926  0.627726  0.586323  0.660645  0.547318  0.722956  0.641998  0.425605  0.750611  0.564979  0.533269  0.708907  0.465363  0.695649  0.611024  0.537994 
5  0.675622  0.616659  0.478092  0.623316  0.726884 0.0  0.571038  0.614922  0.745972  0.949847  0.623529  0.656839  0.716018  0.753367  0.672417  0.691074  0.984076  0.664470  0.699567  1.000000  0.761384  0.727794  0.594940  0.474392  0.855340  0.679607  0.538094  0.760847  0.782131  0.704682  0.680459  0.672856  0.786504  0.823867  0.736169  0.786771  0.711395  0.764747  0.739473  0.861948  0.639931  0.799468  0.791974  0.669378  0.680042  0.850980  0.743049  0.579090  0.657012  0.585644  0.671868  0.774685  0.740024  0.685758  0.793793  0.579336  0.593374  0.807377  0.553894  0.887107 
6  0.587782  0.510777  0.350929  0.621505  0.559501  0.571038 0.0  0.535644  0.680578  0.723913  0.447833  0.334353  0.536055  0.824154  0.352611  0.618651  0.686632  0.445035  0.691265  0.719421  0.440368  0.702825  0.754459  0.422573  0.645609  0.646225  0.481093  0.591152  0.649501  0.622501  0.615289  0.373686  0.618615  0.845102  0.485652  0.590664  0.689340  0.689404  0.643652  0.818620  0.451649  0.707262  0.625222  0.574616  0.669905  0.670672  0.637351  0.650390  0.446773  0.709580  0.575622  0.557578  0.621679  0.670940  0.829890  0.555414  0.620966  0.761114  0.496978  0.647328 
7  0.586700  0.409116  0.319766  0.514066  0.671031  0.614922  0.535644 0.0  0.559065  0.722331  0.431442  0.536869  0.503531  0.642793  0.412709  0.661729  0.591959  0.399327  0.568231  0.590104  0.620705  0.555578  0.675998  0.508952  0.606603  0.628028  0.467645  0.652292  0.741942  0.641945  0.738106  0.381858  0.688922  0.756385  0.713335  0.582860  0.526698  0.617504  0.762392  0.775518  0.495568  0.749243  0.753724  0.591284  0.720355  0.700777  0.711094  0.658392  0.441393  0.743551  0.592459  0.601214  0.604816  0.675300  0.727545  0.605727  0.616486  0.841949  0.488201  0.585547 
8  0.438068  0.697848  0.637389  0.568162  0.609921  0.745972  0.680578  0.559065 0.0  0.729866  0.532544  0.614849  0.554736  0.480373  0.657517  0.492494  0.569789  0.572102  0.642687  0.743615  0.588937  0.531531  0.451329  0.704726  0.519314  0.417705  0.353551  0.482057  0.707205  0.542158  0.686891  0.623374  0.534079  0.724391  0.276924  0.569659  0.419203  0.588807  0.418637  0.676532  0.496530  0.781055  0.554789  0.440231  0.513001  0.676289  0.580353  0.437574  0.538584  0.470338  0.266732  0.480477  0.445386  0.561071  0.607275  0.614327  0.648199  0.653399  0.494212  0.697757 
9  0.601139  0.855495  0.687638  0.756914  0.683947  0.949847  0.723913  0.722331  0.729866 0.0  0.790959  0.712776  0.662323  0.729430  0.732568  0.605049  0.692481  0.744120  0.762004  0.549522  0.561352  0.656818  0.813129  0.767396  0.684016  0.699279  0.752875  0.732873  0.682873  0.619722  0.823873  0.610976  0.537620  0.689580  0.578507  0.586076  0.716454  0.702770  0.598270  0.563188  0.631089  0.535149  0.726746  0.723111  0.547729  0.646877  0.817358  0.836077  0.780589  0.729175  0.582071  0.710045  0.493335  0.738135  0.627020  0.823190  0.674987  0.504957  0.792721  0.762380 
10  0.463354  0.603114  0.492533  0.756889  0.700191  0.623529  0.447833  0.431442  0.532544  0.790959 0.0  0.568549  0.493534  0.789486  0.494663  0.537780  0.793921  0.624435  0.638952  0.619730  0.670738  0.525209  0.654569  0.474371  0.779964  0.570346  0.463300  0.701693  0.539916  0.662050  0.680523  0.553701  0.766219  0.718952  0.630399  0.608932  0.642018  0.654528  0.805293  0.673831  0.498802  0.655382  0.839313  0.660091  0.595383  0.618492  0.591390  0.692003  0.525836  0.715241  0.584663  0.660313  0.644847  0.558939  0.706438  0.806014  0.726921  0.741444  0.448155  0.562907 
11  0.671122  0.533289  0.462155  0.547702  0.647876  0.656839  0.334353  0.536869  0.614849  0.712776  0.568549 0.0  0.470865  0.618828  0.399030  0.620937  0.625951  0.415347  0.551050  0.769852  0.616217  0.591021  0.612316  0.571428  0.583193  0.620248  0.536390  0.775827  0.485250  0.615522  0.619275  0.341488  0.575032  0.637558  0.600373  0.594402  0.703748  0.728407  0.674460  0.641918  0.454274  0.613282  0.710310  0.684170  0.677962  0.528641  0.612251  0.853750  0.396316  0.558967  0.619589  0.397878  0.692763  0.677088  0.697820  0.667227  0.571392  0.726833  0.399469  0.627626 
12  0.602176  0.516897  0.408055  0.530066  0.650833  0.716018  0.536055  0.503531  0.554736  0.662323  0.493534  0.470865 0.0  0.579474  0.404958  0.482926  0.813055  0.426412  0.568933  0.599844  0.547985  0.492919  0.796391  0.540518  0.849673  0.580537  0.605142  0.474592  0.621209  0.755118  0.581587  0.329509  0.454056  0.803408  0.613394  0.480619  0.601135  0.460910  0.656090  0.705108  0.351912  0.740091  0.758170  0.528968  0.592210  0.638347  0.522121  0.527985  0.464453  0.653597  0.648255  0.675123  0.570259  0.605913  0.602141  0.646943  0.745023  0.523416  0.492749  0.685094 
13  0.641132  0.828948  0.739253  0.486599  0.461421  0.753367  0.824154  0.642793  0.480373  0.729430  0.789486  0.618828  0.579474 0.0  0.777319  0.533385  0.810140  0.550432  0.569368  0.740367  0.675419  0.623202  0.690001  0.766308  0.664578  0.609171  0.580433  0.578945  0.735679  0.573792  0.578208  0.649257  0.478666  0.605643  0.437778  0.655454  0.440611  0.529054  0.446163  0.727650  0.618544  0.620470  0.590338  0.487732  0.551741  0.679915  0.504869  0.521487  0.734310  0.612392  0.317477  0.492407  0.496712  0.617819  0.642975  0.632318  0.675590  0.859818  0.591827  0.790175 
14  0.535805  0.448883  0.417108  0.647660  0.827702  0.672417  0.352611  0.412709  0.657517  0.732568  0.494663  0.399030  0.404958  0.777319 0.0  0.702591  0.506952  0.473659  0.580483  0.683015  0.636609  0.512886  0.707415  0.501949  0.703703  0.499787  0.486836  0.662769  0.552762  0.729887  0.626480  0.502228  0.680473  0.712351  0.640047  0.697498  0.642320  0.631790  0.717194  0.752385  0.405911  0.737237  0.652502  0.620049  0.538383  0.856316  0.643084  0.602089  0.407735  0.576707  0.657712  0.702608  0.522140  0.660479  0.805269  0.742076  0.614490  0.754593  0.622480  0.785850 
15  0.503571  0.533944  0.635031  0.648185  0.588302  0.691074  0.618651  0.661729  0.492494  0.605049  0.537780  0.620937  0.482926  0.533385  0.702591 0.0  0.636655  0.623711  0.665196  0.633091  0.560232  0.702338  0.663656  0.693956  0.792967  0.577310  0.605920  0.576174  0.706074  0.572442  0.654320  0.513799  0.515003  0.714188  0.621898  0.456927  0.490392  0.629222  0.623723  0.575819  0.578870  0.624046  0.646177  0.621407  0.551236  0.583103  0.498575  0.470000  0.676878  0.644609  0.547491  0.474047  0.655073  0.752496  0.549586  0.577893  0.625113  0.490387  0.703300  0.677328 
16  0.721493  0.819452  0.772524  0.550910  0.721645  0.984076  0.686632  0.591959  0.569789  0.692481  0.793921  0.625951  0.813055  0.810140  0.506952  0.636655 0.0  0.834747  0.743575  0.582305  0.843962  0.676333  0.471217  0.924788  0.381110  0.545820  0.497226  0.764670  0.607436  0.684433  0.840278  0.779126  0.778307  0.764504  0.609308  0.865307  0.791747  0.825876  0.564700  0.627587  0.669855  0.712908  0.541287  0.627805  0.810041  0.616695  0.816954  0.590515  0.660160  0.631256  0.653137  0.649386  0.665792  0.525885  0.688047  0.571145  0.713712  0.828208  0.708875  0.583101 
17  0.646597  0.548961  0.295990  0.687468  0.636306  0.664470  0.445035  0.399327  0.572102  0.744120  0.624435  0.415347  0.426412  0.550432  0.473659  0.623711  0.834747 0.0  0.714687  0.609777  0.646131  0.778500  0.784908  0.657121  0.669786  0.723606  0.647506  0.737652  0.735149  0.611960  0.790600  0.187800  0.449217  0.704399  0.600381  0.566273  0.531970  0.660627  0.711049  0.879361  0.338143  0.722048  0.620327  0.616987  0.702175  0.903855  0.631489  0.779469  0.540360  0.759200  0.466681  0.437786  0.550179  0.711433  0.718882  0.723938  0.710985  0.676432  0.386656  0.755819 
18  0.543297  0.571153  0.660846  0.504527  0.704404  0.699567  0.691265  0.568231  0.642687  0.762004  0.638952  0.551050  0.568933  0.569368  0.580483  0.665196  0.743575  0.714687 0.0  0.797586  0.704019  0.532822  0.673998  0.737692  0.654869  0.371902  0.489290  0.353296  0.790596  0.660707  0.628011  0.530928  0.603129  0.571784  0.533298  0.639926  0.729677  0.488433  0.666618  0.723751  0.575710  0.799302  0.718119  0.686642  0.591375  0.671646  0.641528  0.654685  0.655673  0.571849  0.525038  0.684993  0.637829  0.584863  0.712698  0.673303  0.432819  0.725742  0.516273  0.933611 
19  0.690622  0.674617  0.654262  0.699476  0.587489  1.000000  0.719421  0.590104  0.743615  0.549522  0.619730  0.769852  0.599844  0.740367  0.683015  0.633091  0.582305  0.609777  0.797586 0.0  0.246039  0.606906  0.788857  0.899200  0.650589  0.753788  0.751410  0.668917  0.541692  0.667319  0.709469  0.553680  0.507919  0.668359  0.603292  0.374177  0.751122  0.620399  0.602705  0.324606  0.645372  0.445378  0.618716  0.636440  0.629844  0.463632  0.717662  0.801305  0.721571  0.850878  0.720151  0.319060  0.678637  0.707531  0.492994  0.775817  0.777238  0.685264  0.598380  0.324450 
20  0.840324  0.669041  0.571698  0.747994  0.654784  0.761384  0.440368  0.620705  0.588937  0.561352  0.670738  0.616217  0.547985  0.675419  0.636609  0.560232  0.843962  0.646131  0.704019  0.246039 0.0  0.556407  0.801892  0.740202  0.763569  0.675101  0.771468  0.712641  0.457073  0.603961  0.696206  0.611593  0.500107  0.714241  0.598940  0.348092  0.628651  0.689422  0.596932  0.334778  0.814321  0.514405  0.662762  0.700735  0.791099  0.532348  0.626076  0.715693  0.572414  0.622439  0.604680  0.244204  0.618541  0.732102  0.474282  0.599698  0.617688  0.443462  0.676171  0.425103 
21  0.377094  0.778314  0.575834  0.583223  0.696741  0.727794  0.702825  0.555578  0.531531  0.656818  0.525209  0.591021  0.492919  0.623202  0.512886  0.702338  0.676333  0.778500  0.532822  0.606906  0.556407 0.0  0.520483  0.630262  0.565975  0.525403  0.503695  0.715550  0.672870  0.643525  0.535485  0.535956  0.629557  0.710010  0.577202  0.533583  0.563008  0.604613  0.639348  0.659760  0.671650  0.628057  0.597921  0.577533  0.562080  0.484840  0.511754  0.613380  0.668976  0.595878  0.669719  0.698418  0.573238  0.579185  0.656176  0.614238  0.659521  0.725160  0.585653  0.679788 
22  0.587349  0.800674  0.741419  0.533253  0.734450  0.594940  0.754459  0.675998  0.451329  0.813129  0.654569  0.612316  0.796391  0.690001  0.707415  0.663656  0.471217  0.784908  0.673998  0.788857  0.801892  0.520483 0.0  0.640081  0.609674  0.393619  0.462313  0.748030  0.764730  0.506830  0.649838  0.584186  0.756701  0.537360  0.638695  0.816160  0.526045  0.722095  0.653269  0.831315  0.600729  0.679009  0.681294  0.582829  0.698114  0.774224  0.670400  0.658684  0.731719  0.580109  0.559463  0.742123  0.501676  0.636259  0.798256  0.670917  0.678750  0.861415  0.589697  0.753660 
23  0.588206  0.613211  0.413170  0.603281  0.694547  0.474392  0.422573  0.508952  0.704726  0.767396  0.474371  0.571428  0.540518  0.766308  0.501949  0.693956  0.924788  0.657121  0.737692  0.899200  0.740202  0.630262  0.640081 0.0  0.731539  0.607671  0.486391  0.670156  0.802167  0.488492  0.554961  0.536827  0.645847  0.791214  0.696707  0.710105  0.651842  0.596109  0.770971  0.835529  0.581947  0.696162  0.776385  0.654815  0.613120  0.712782  0.721505  0.667752  0.524046  0.609613  0.645899  0.670662  0.784323  0.572754  0.798554  0.579775  0.657092  0.738952  0.547120  0.806838 
24  0.674722  0.823861  0.559817  0.636196  0.631186  0.855340  0.645609  0.606603  0.519314  0.684016  0.779964  0.583193  0.849673  0.664578  0.703703  0.792967  0.381110  0.669786  0.654869  0.650589  0.763569  0.565975  0.609674  0.731539 0.0  0.585792  0.537917  0.720288  0.758572  0.642595  0.726554  0.689276  0.706788  0.627945  0.648606  0.822568  0.688041  0.764187  0.502249  0.742867  0.647371  0.702051  0.528539  0.678335  0.826827  0.671768  0.789777  0.629544  0.775029  0.505029  0.524940  0.687981  0.578597  0.586200  0.752119  0.587326  0.744416  0.778727  0.738118  0.778772 
25  0.481648  0.741400  0.614698  0.370508  0.663788  0.679607  0.646225  0.628028  0.417705  0.699279  0.570346  0.620248  0.580537  0.609171  0.499787  0.577310  0.545820  0.723606  0.371902  0.753788  0.675101  0.525403  0.393619  0.607671  0.585792 0.0  0.303637  0.515137  0.623716  0.499638  0.599591  0.586623  0.631235  0.661421  0.373366  0.659552  0.542879  0.596899  0.521572  0.756726  0.651610  0.700847  0.664625  0.390296  0.620608  0.688169  0.631734  0.334069  0.528950  0.428296  0.416621  0.637307  0.385329  0.459179  0.757196  0.667710  0.632312  0.774144  0.466345  0.600966 
26  0.401972  0.608631  0.581707  0.451479  0.698811  0.538094  0.481093  0.467645  0.353551  0.752875  0.463300  0.536390  0.605142  0.580433  0.486836  0.605920  0.497226  0.647506  0.489290  0.751410  0.771468  0.503695  0.462313  0.486391  0.537917  0.303637 0.0  0.484658  0.589142  0.475148  0.631078  0.485309  0.568937  0.767496  0.354736  0.659443  0.333923  0.609332  0.511504  0.652442  0.505265  0.679573  0.597617  0.298624  0.674000  0.556600  0.518204  0.286841  0.472722  0.453951  0.534070  0.549476  0.352405  0.536941  0.814764  0.535170  0.659013  0.661471  0.614101  0.663060 
27  0.566033  0.755737  0.492954  0.464783  0.628028  0.760847  0.591152  0.652292  0.482057  0.732873  0.701693  0.775827  0.474592  0.578945  0.662769  0.576174  0.764670  0.737652  0.353296  0.668917  0.712641  0.715550  0.748030  0.670156  0.720288  0.515137  0.484658 0.0  0.764936  0.654375  0.748280  0.555548  0.522295  0.705861  0.603201  0.605136  0.477844  0.525177  0.655233  0.641885  0.562199  0.575180  0.679404  0.690390  0.565070  0.959796  0.573750  0.507383  0.565687  0.603280  0.532466  0.841007  0.512994  0.448676  0.712920  0.570436  0.632222  0.749290  0.583261  0.788691 
28  0.778781  0.738855  0.678131  0.769605  0.590207  0.782131  0.649501  0.741942  0.707205  0.682873  0.539916  0.485250  0.621209  0.735679  0.552762  0.706074  0.607436  0.735149  0.790596  0.541692  0.457073  0.672870  0.764730  0.802167  0.758572  0.623716  0.589142  0.764936 0.0  0.638242  0.742799  0.668898  0.636312  0.595735  0.675818  0.417926  0.670306  0.700297  0.612804  0.461032  0.608628  0.621937  0.759638  0.748150  0.658748  0.294065  0.681195  0.691153  0.681436  0.671656  0.710523  0.598650  0.545435  0.782974  0.720906  0.712551  0.683923  0.648343  0.707823  0.533821 
29  0.588578  0.702530  0.677465  0.444596  0.587234  0.704682  0.622501  0.641945  0.542158  0.619722  0.662050  0.615522  0.755118  0.573792  0.729887  0.572442  0.684433  0.611960  0.660707  0.667319  0.603961  0.643525  0.506830  0.488492  0.642595  0.499638  0.475148  0.654375  0.638242 0.0  0.757164  0.557311  0.586606  0.608571  0.572849  0.628982  0.515091  0.546198  0.640192  0.776229  0.486876  0.737773  0.660241  0.623071  0.575720  0.661745  0.607037  0.649434  0.499724  0.513968  0.440498  0.501427  0.489453  0.525769  0.694121  0.608673  0.571090  0.626715  0.571316  0.783955 
30  0.413471  0.711211  0.646664  0.554313  0.617095  0.680459  0.615289  0.738106  0.686891  0.823873  0.680523  0.619275  0.581587  0.578208  0.626480  0.654320  0.840278  0.790600  0.628011  0.709469  0.696206  0.535485  0.649838  0.554961  0.726554  0.599591  0.631078  0.748280  0.742799  0.757164 0.0  0.586395  0.710808  0.714976  0.651197  0.791185  0.661492  0.585701  0.674490  0.806641  0.622349  0.703361  0.688759  0.532648  0.680936  0.754556  0.659213  0.653999  0.680005  0.753480  0.655119  0.618745  0.617551  0.694675  0.735065  0.660548  0.683533  0.822558  0.622767  0.840935 
31  0.537644  0.632943  0.342422  0.627000  0.619700  0.672856  0.373686  0.381858  0.623374  0.610976  0.553701  0.341488  0.329509  0.649257  0.502228  0.513799  0.779126  0.187800  0.530928  0.553680  0.611593  0.535956  0.584186  0.536827  0.689276  0.586623  0.485309  0.555548  0.668898  0.557311  0.586395 0.0  0.465064  0.702112  0.540577  0.446666  0.549714  0.587450  0.653097  0.653428  0.297800  0.682552  0.624239  0.614315  0.589080  0.733190  0.550636  0.662213  0.318492  0.683513  0.455444  0.503228  0.563170  0.690636  0.701834  0.575105  0.652715  0.700370  0.410791  0.589085 
32  0.598881  0.617341  0.589499  0.660392  0.389910  0.786504  0.618615  0.688922  0.534079  0.537620  0.766219  0.575032  0.454056  0.478666  0.680473  0.515003  0.778307  0.449217  0.603129  0.507919  0.500107  0.629557  0.756701  0.645847  0.706788  0.631235  0.568937  0.522295  0.636312  0.586606  0.710808  0.465064 0.0  0.690726  0.535581  0.300749  0.585437  0.397770  0.634580  0.444339  0.494202  0.528423  0.589463  0.560192  0.556285  0.730260  0.499379  0.585804  0.551819  0.518833  0.513252  0.313901  0.645077  0.598729  0.421088  0.627146  0.489080  0.711888  0.588101  0.701637 
33  0.703477  0.735105  0.765431  0.765240  0.383766  0.823867  0.845102  0.756385  0.724391  0.689580  0.718952  0.637558  0.803408  0.605643  0.712351  0.714188  0.764504  0.704399  0.571784  0.668359  0.714241  0.710010  0.537360  0.791214  0.627945  0.661421  0.767496  0.705861  0.595735  0.608571  0.714976  0.702112  0.690726 0.0  0.789671  0.764633  0.739711  0.459469  0.675054  0.632190  0.674695  0.699882  0.706022  0.742412  0.750944  0.676629  0.654801  0.679614  0.820766  0.649493  0.702504  0.702300  0.828136  0.590611  0.686705  0.571174  0.435135  0.770096  0.692994  0.790466 
34  0.502345  0.704845  0.527036  0.528674  0.725503  0.736169  0.485652  0.713335  0.276924  0.578507  0.630399  0.600373  0.613394  0.437778  0.640047  0.621898  0.609308  0.600381  0.533298  0.603292  0.598940  0.577202  0.638695  0.696707  0.648606  0.373366  0.354736  0.603201  0.675818  0.572849  0.651197  0.540577  0.535581  0.789671 0.0  0.461213  0.318530  0.558579  0.529099  0.655529  0.603872  0.695825  0.559832  0.536259  0.577431  0.593758  0.590182  0.400017  0.451410  0.408604  0.327338  0.767851  0.353717  0.424349  0.729329  0.540270  0.690574  0.565788  0.646970  0.523710 
35  0.488685  0.684246  0.766594  0.705764  0.580223  0.786771  0.590664  0.582860  0.569659  0.586076  0.608932  0.594402  0.480619  0.655454  0.697498  0.456927  0.865307  0.566273  0.639926  0.374177  0.348092  0.533583  0.816160  0.710105  0.822568  0.659552  0.659443  0.605136  0.417926  0.628982  0.791185  0.446666  0.300749  0.764633  0.461213 0.0  0.524998  0.531513  0.631459  0.314317  0.618247  0.450294  0.715152  0.643359  0.395240  0.633722  0.578591  0.693916  0.515641  0.668913  0.506882  0.472456  0.555431  0.852477  0.388946  0.781056  0.668277  0.476078  0.603291  0.410016 
36  0.533794  0.719722  0.480214  0.584437  0.556899  0.711395  0.689340  0.526698  0.419203  0.716454  0.642018  0.703748  0.601135  0.440611  0.642320  0.490392  0.791747  0.531970  0.729677  0.751122  0.628651  0.563008  0.526045  0.651842  0.688041  0.542879  0.333923  0.477844  0.670306  0.515091  0.661492  0.549714  0.585437  0.739711  0.318530  0.524998 0.0  0.509455  0.533500  0.698997  0.605989  0.655031  0.544271  0.421971  0.589928  0.704263  0.474831  0.517904  0.510393  0.413076  0.418624  0.593903  0.429041  0.584385  0.674068  0.598193  0.659126  0.623692  0.568806  0.556602 
37  0.588473  0.620608  0.479517  0.571931  0.380989  0.764747  0.689404  0.617504  0.588807  0.702770  0.654528  0.728407  0.460910  0.529054  0.631790  0.629222  0.825876  0.660627  0.488433  0.620399  0.689422  0.604613  0.722095  0.596109  0.764187  0.596899  0.609332  0.525177  0.700297  0.546198  0.585701  0.587450  0.397770  0.459469  0.558579  0.531513  0.509455 0.0  0.702605  0.733792  0.507273  0.575780  0.681861  0.582060  0.408117  0.746855  0.463587  0.499460  0.638111  0.542801  0.484502  0.517695  0.502855  0.611450  0.594651  0.738293  0.273794  0.637863  0.520856  0.598642 
38  0.675650  0.875055  0.699425  0.627421  0.600849  0.739473  0.643652  0.762392  0.418637  0.598270  0.805293  0.674460  0.656090  0.446163  0.717194  0.623723  0.564700  0.711049  0.666618  0.602705  0.596932  0.639348  0.653269  0.770971  0.502249  0.521572  0.511504  0.655233  0.612804  0.640192  0.674490  0.653097  0.634580  0.675054  0.529099  0.631459  0.533500  0.702605 0.0  0.469834  0.640162  0.738821  0.495596  0.457817  0.782528  0.527151  0.674417  0.652185  0.534544  0.611583  0.481147  0.658622  0.638749  0.586621  0.544179  0.619121  0.765343  0.692294  0.652005  0.702136 
39  0.805316  0.754797  0.790250  0.738215  0.671936  0.861948  0.818620  0.775518  0.676532  0.563188  0.673831  0.641918  0.705108  0.727650  0.752385  0.575819  0.627587  0.879361  0.723751  0.324606  0.334778  0.659760  0.831315  0.835529  0.742867  0.756726  0.652442  0.641885  0.461032  0.776229  0.806641  0.653428  0.444339  0.632190  0.655529  0.314317  0.698997  0.733792  0.469834 0.0  0.739074  0.327456  0.643105  0.719947  0.754028  0.417718  0.690978  0.740122  0.710694  0.747328  0.758003  0.532020  0.750100  0.793037  0.435609  0.722270  0.704344  0.588881  0.735242  0.419957 
40  0.552634  0.518080  0.400055  0.424558  0.594822  0.639931  0.451649  0.495568  0.496530  0.631089  0.498802  0.454274  0.351912  0.618544  0.405911  0.578870  0.669855  0.338143  0.575710  0.645372  0.814321  0.671650  0.600729  0.581947  0.647371  0.651610  0.505265  0.562199  0.608628  0.486876  0.622349  0.297800  0.494202  0.674695  0.603872  0.618247  0.605989  0.507273  0.640162  0.739074 0.0  0.662553  0.631116  0.546435  0.566979  0.843809  0.586540  0.594014  0.346185  0.780258  0.440837  0.749576  0.528287  0.610405  0.718721  0.612599  0.499927  0.567502  0.335104  0.681723 
41  0.619896  0.823736  0.552083  0.611370  0.553225  0.799468  0.707262  0.749243  0.781055  0.535149  0.655382  0.613282  0.740091  0.620470  0.737237  0.624046  0.712908  0.722048  0.799302  0.445378  0.514405  0.628057  0.679009  0.696162  0.702051  0.700847  0.679573  0.575180  0.621937  0.737773  0.703361  0.682552  0.528423  0.699882  0.695825  0.450294  0.655031  0.575780  0.738821  0.327456  0.662553 0.0  0.670867  0.746685  0.664028  0.584509  0.655969  0.652763  0.672337  0.748966  0.692365  0.616395  0.814676  0.738389  0.519118  0.666567  0.617205  0.695649  0.628293  0.503223 
42  0.720348  0.820757  0.667210  0.743956  0.697195  0.791974  0.625222  0.753724  0.554789  0.726746  0.839313  0.710310  0.758170  0.590338  0.652502  0.646177  0.541287  0.620327  0.718119  0.618716  0.662762  0.597921  0.681294  0.776385  0.528539  0.664625  0.597617  0.679404  0.759638  0.660241  0.688759  0.624239  0.589463  0.706022  0.559832  0.715152  0.544271  0.681861  0.495596  0.643105  0.631116  0.670867 0.0  0.604895  0.693684  0.600010  0.749524  0.586092  0.805651  0.629799  0.503705  0.761248  0.533303  0.502013  0.633370  0.560581  0.621923  0.782740  0.714025  0.789859 
43  0.369826  0.684536  0.670609  0.440672  0.505993  0.669378  0.574616  0.591284  0.440231  0.723111  0.660091  0.684170  0.528968  0.487732  0.620049  0.621407  0.627805  0.616987  0.686642  0.636440  0.700735  0.577533  0.582829  0.654815  0.678335  0.390296  0.298624  0.690390  0.748150  0.623071  0.532648  0.614315  0.560192  0.742412  0.536259  0.643359  0.421971  0.582060  0.457817  0.719947  0.546435  0.746685  0.604895 0.0  0.505104  0.794244  0.543714  0.319432  0.530413  0.555857  0.452526  0.785144  0.350916  0.449471  0.803789  0.572888  0.542637  0.686468  0.708075  0.819405 
44  0.533066  0.670537  0.651928  0.651782  0.642926  0.680042  0.669905  0.720355  0.513001  0.547729  0.595383  0.677962  0.592210  0.551741  0.538383  0.551236  0.810041  0.702175  0.591375  0.629844  0.791099  0.562080  0.698114  0.613120  0.826827  0.620608  0.674000  0.565070  0.658748  0.575720  0.680936  0.589080  0.556285  0.750944  0.577431  0.395240  0.589928  0.408117  0.782528  0.754028  0.566979  0.664028  0.693684  0.505104 0.0  0.694813  0.446746  0.549406  0.600974  0.693190  0.574082  0.741358  0.667719  0.649303  0.653010  0.622153  0.611747  0.537107  0.568992  0.653891 
45  0.734036  0.790468  0.848432  0.723318  0.627726  0.850980  0.670672  0.700777  0.676289  0.646877  0.618492  0.528641  0.638347  0.679915  0.856316  0.583103  0.616695  0.903855  0.671646  0.463632  0.532348  0.484840  0.774224  0.712782  0.671768  0.688169  0.556600  0.959796  0.294065  0.661745  0.754556  0.733190  0.730260  0.676629  0.593758  0.633722  0.704263  0.746855  0.527151  0.417718  0.843809  0.584509  0.600010  0.794244  0.694813 0.0  0.706691  0.704140  0.682442  0.526247  0.682603  0.489348  0.832601  0.776668  0.589236  0.531990  0.791833  0.600146  0.658845  0.550167 
46  0.525859  0.584047  0.626253  0.575029  0.586323  0.743049  0.637351  0.711094  0.580353  0.817358  0.591390  0.612251  0.522121  0.504869  0.643084  0.498575  0.816954  0.631489  0.641528  0.717662  0.626076  0.511754  0.670400  0.721505  0.789777  0.631734  0.518204  0.573750  0.681195  0.607037  0.659213  0.550636  0.499379  0.654801  0.590182  0.578591  0.474831  0.463587  0.674417  0.690978  0.586540  0.655969  0.749524  0.543714  0.446746  0.706691 0.0  0.542212  0.493562  0.562978  0.561972  0.615638  0.619585  0.649318  0.586514  0.572799  0.583412  0.655323  0.547793  0.713302 
47  0.428741  0.669124  0.637398  0.411334  0.660645  0.579090  0.650390  0.658392  0.437574  0.836077  0.692003  0.853750  0.527985  0.521487  0.602089  0.470000  0.590515  0.779469  0.654685  0.801305  0.715693  0.613380  0.658684  0.667752  0.629544  0.334069  0.286841  0.507383  0.691153  0.649434  0.653999  0.662213  0.585804  0.679614  0.400017  0.693916  0.517904  0.499460  0.652185  0.740122  0.594014  0.652763  0.586092  0.319432  0.549406  0.704140  0.542212 0.0  0.667299  0.477288  0.437196  0.817235  0.344578  0.590446  0.700880  0.491472  0.671596  0.746222  0.677454  0.746218 
48  0.453072  0.580584  0.254467  0.567108  0.547318  0.657012  0.446773  0.441393  0.538584  0.780589  0.525836  0.396316  0.464453  0.734310  0.407735  0.676878  0.660160  0.540360  0.655673  0.721571  0.572414  0.668976  0.731719  0.524046  0.775029  0.528950  0.472722  0.565687  0.681436  0.499724  0.680005  0.318492  0.551819  0.820766  0.451410  0.515641  0.510393  0.638111  0.534544  0.710694  0.346185  0.672337  0.805651  0.530413  0.600974  0.682442  0.493562  0.667299 0.0  0.568421  0.524316  0.461739  0.506450  0.514628  0.714614  0.624024  0.576822  0.723463  0.342525  0.615254 
49  0.635828  0.713369  0.613696  0.508204  0.722956  0.585644  0.709580  0.743551  0.470338  0.729175  0.715241  0.558967  0.653597  0.612392  0.576707  0.644609  0.631256  0.759200  0.571849  0.850878  0.622439  0.595878  0.580109  0.609613  0.505029  0.428296  0.453951  0.603280  0.671656  0.513968  0.753480  0.683513  0.518833  0.649493  0.408604  0.668913  0.413076  0.542801  0.611583  0.747328  0.780258  0.748966  0.629799  0.555857  0.693190  0.526247  0.562978  0.477288  0.568421 0.0  0.448674  0.597175  0.469270  0.582734  0.643440  0.618933  0.607492  0.656691  0.574576  0.782197 
50  0.547273  0.654152  0.598934  0.408357  0.641998  0.671868  0.575622  0.592459  0.266732  0.582071  0.584663  0.619589  0.648255  0.317477  0.657712  0.547491  0.653137  0.466681  0.525038  0.720151  0.604680  0.669719  0.559463  0.645899  0.524940  0.416621  0.534070  0.532466  0.710523  0.440498  0.655119  0.455444  0.513252  0.702504  0.327338  0.506882  0.418624  0.484502  0.481147  0.758003  0.440837  0.692365  0.503705  0.452526  0.574082  0.682603  0.561972  0.437196  0.524316  0.448674 0.0  0.544814  0.426302  0.567839  0.712958  0.526908  0.437166  0.678813  0.606998  0.740499 
51  0.730906  0.715427  0.589395  0.785610  0.425605  0.774685  0.557578  0.601214  0.480477  0.710045  0.660313  0.397878  0.675123  0.492407  0.702608  0.474047  0.649386  0.437786  0.684993  0.319060  0.244204  0.698418  0.742123  0.670662  0.687981  0.637307  0.549476  0.841007  0.598650  0.501427  0.618745  0.503228  0.313901  0.702300  0.767851  0.472456  0.593903  0.517695  0.658622  0.532020  0.749576  0.616395  0.761248  0.785144  0.741358  0.489348  0.615638  0.817235  0.461739  0.597175  0.544814 0.0  0.766428  0.833377  0.501794  0.676081  0.578619  0.653381  0.499548  0.488222 
52  0.518566  0.727196  0.670619  0.438211  0.750611  0.740024  0.621679  0.604816  0.445386  0.493335  0.644847  0.692763  0.570259  0.496712  0.522140  0.655073  0.665792  0.550179  0.637829  0.678637  0.618541  0.573238  0.501676  0.784323  0.578597  0.385329  0.352405  0.512994  0.545435  0.489453  0.617551  0.563170  0.645077  0.828136  0.353717  0.555431  0.429041  0.502855  0.638749  0.750100  0.528287  0.814676  0.533303  0.350916  0.667719  0.832601  0.619585  0.344578  0.506450  0.469270  0.426302  0.766428 0.0  0.457879  0.721258  0.486731  0.593619  0.693356  0.767661  0.832517 
53  0.585907  0.647134  0.505617  0.450189  0.564979  0.685758  0.670940  0.675300  0.561071  0.738135  0.558939  0.677088  0.605913  0.617819  0.660479  0.752496  0.525885  0.711433  0.584863  0.707531  0.732102  0.579185  0.636259  0.572754  0.586200  0.459179  0.536941  0.448676  0.782974  0.525769  0.694675  0.690636  0.598729  0.590611  0.424349  0.852477  0.584385  0.611450  0.586621  0.793037  0.610405  0.738389  0.502013  0.449471  0.649303  0.776668  0.649318  0.590446  0.514628  0.582734  0.567839  0.833377  0.457879 0.0  0.858684  0.541941  0.402696  0.890796  0.618850  0.722982 
54  0.801045  0.800320  0.805853  0.794737  0.533269  0.793793  0.829890  0.727545  0.607275  0.627020  0.706438  0.697820  0.602141  0.642975  0.805269  0.549586  0.688047  0.718882  0.712698  0.492994  0.474282  0.656176  0.798256  0.798554  0.752119  0.757196  0.814764  0.712920  0.720906  0.694121  0.735065  0.701834  0.421088  0.686705  0.729329  0.388946  0.674068  0.594651  0.544179  0.435609  0.718721  0.519118  0.633370  0.803789  0.653010  0.589236  0.586514  0.700880  0.714614  0.643440  0.712958  0.501794  0.721258  0.858684 0.0  0.752610  0.805012  0.678966  0.745207  0.564836 
55  0.537051  0.700663  0.564689  0.542591  0.708907  0.579336  0.555414  0.605727  0.614327  0.823190  0.806014  0.667227  0.646943  0.632318  0.742076  0.577893  0.571145  0.723938  0.673303  0.775817  0.599698  0.614238  0.670917  0.579775  0.587326  0.667710  0.535170  0.570436  0.712551  0.608673  0.660548  0.575105  0.627146  0.571174  0.540270  0.781056  0.598193  0.738293  0.619121  0.722270  0.612599  0.666567  0.560581  0.572888  0.622153  0.531990  0.572799  0.491472  0.624024  0.618933  0.526908  0.676081  0.486731  0.541941  0.752610 0.0  0.577628  0.778192  0.708549  0.763767 
56  0.605254  0.714772  0.548305  0.540965  0.465363  0.593374  0.620966  0.616486  0.648199  0.674987  0.726921  0.571392  0.745023  0.675590  0.614490  0.625113  0.713712  0.710985  0.432819  0.777238  0.617688  0.659521  0.678750  0.657092  0.744416  0.632312  0.659013  0.632222  0.683923  0.571090  0.683533  0.652715  0.489080  0.435135  0.690574  0.668277  0.659126  0.273794  0.765343  0.704344  0.499927  0.617205  0.621923  0.542637  0.611747  0.791833  0.583412  0.671596  0.576822  0.607492  0.437166  0.578619  0.593619  0.402696  0.805012  0.577628 0.0  0.696608  0.550506  0.734203 
57  0.647295  0.756763  0.741363  0.650184  0.695649  0.807377  0.761114  0.841949  0.653399  0.504957  0.741444  0.726833  0.523416  0.859818  0.754593  0.490387  0.828208  0.676432  0.725742  0.685264  0.443462  0.725160  0.861415  0.738952  0.778727  0.774144  0.661471  0.749290  0.648343  0.626715  0.822558  0.700370  0.711888  0.770096  0.565788  0.476078  0.623692  0.637863  0.692294  0.588881  0.567502  0.695649  0.782740  0.686468  0.537107  0.600146  0.655323  0.746222  0.723463  0.656691  0.678813  0.653381  0.693356  0.890796  0.678966  0.778192  0.696608 0.0  0.771074  0.704999 
58  0.414397  0.634861  0.318902  0.632011  0.611024  0.553894  0.496978  0.488201  0.494212  0.792721  0.448155  0.399469  0.492749  0.591827  0.622480  0.703300  0.708875  0.386656  0.516273  0.598380  0.676171  0.585653  0.589697  0.547120  0.738118  0.466345  0.614101  0.583261  0.707823  0.571316  0.622767  0.410791  0.588101  0.692994  0.646970  0.603291  0.568806  0.520856  0.652005  0.735242  0.335104  0.628293  0.714025  0.708075  0.568992  0.658845  0.547793  0.677454  0.342525  0.574576  0.606998  0.499548  0.767661  0.618850  0.745207  0.708549  0.550506  0.771074 0.0  0.654663 
59  0.766099  0.746962  0.681152  0.745918  0.537994  0.887107  0.647328  0.585547  0.697757  0.762380  0.562907  0.627626  0.685094  0.790175  0.785850  0.677328  0.583101  0.755819  0.933611  0.324450  0.425103  0.679788  0.753660  0.806838  0.778772  0.600966  0.663060  0.788691  0.533821  0.783955  0.840935  0.589085  0.701637  0.790466  0.523710  0.410016  0.556602  0.598642  0.702136  0.419957  0.681723  0.503223  0.789859  0.819405  0.653891  0.550167  0.713302  0.746218  0.615254  0.782197  0.740499  0.488222  0.832517  0.722982  0.564836  0.763767  0.734203  0.704999  0.654663 0.0 
