30
0 0.0  0.618383  0.435509  0.807682  0.613980  0.620346  0.700623  0.587647  0.652341  0.881464  0.936021  0.792299  0.627307  0.952480  0.665432  0.995553  0.839748  0.673421  0.946790  0.681911  0.635062  0.822146  0.798186  0.383862  0.607435  0.778314  0.488417  0.572169  0.560979  0.517557 
1  0.618383 0.0  0.694784  0.975910  0.555444  0.612488  0.583769  0.612881  0.311262  0.870250  0.863327  0.757555  0.661741  0.941025  0.699074  0.800778  0.728695  0.701940  0.839277  0.717882  0.449033  0.847894  0.800755  0.666207  0.639249  0.703615  0.608301  0.521031  0.279818  0.603690 
2  0.435509  0.694784 0.0  0.909913  0.651232  0.578559  0.643886  0.553449  0.633217  0.848490  0.796992  0.868344  0.749253  0.867634  0.616133  0.783400  0.825963  0.610000  1.000000  0.729428  0.622993  0.897800  0.663645  0.451315  0.694307  0.658812  0.454360  0.710534  0.699967  0.525947 
3  0.807682  0.975910  0.909913 0.0  0.834812  0.721501  0.872806  0.801164  0.894645  0.386515  0.562215  0.486011  0.662070  0.236356  0.943774  0.560619  0.845481  0.820036  0.437594  0.881716  0.797976  0.364492  0.862681  0.849652  0.915658  0.715106  0.905489  0.797279  0.951604  0.825126 
4  0.613980  0.555444  0.651232  0.834812 0.0  0.596480  0.554238  0.572998  0.598901  0.800599  0.907952  0.786103  0.664852  0.788801  0.671136  0.860844  0.784290  0.557127  0.903738  0.561338  0.646012  0.865711  0.828182  0.591319  0.636028  0.840607  0.625466  0.639769  0.614069  0.472276 
5  0.620346  0.612488  0.578559  0.721501  0.596480 0.0  0.714082  0.607349  0.650087  0.667288  0.666408  0.626118  0.570793  0.727170  0.606050  0.604071  0.676510  0.729846  0.725698  0.695730  0.650287  0.710744  0.715409  0.579115  0.673183  0.710668  0.620163  0.589625  0.675458  0.853221 
6  0.700623  0.583769  0.643886  0.872806  0.554238  0.714082 0.0  0.574742  0.597739  0.885755  0.888025  0.791389  0.675127  0.884154  0.640984  0.861757  0.825489  0.738340  0.822249  0.693265  0.606728  0.861951  0.759795  0.636367  0.670397  0.821663  0.747304  0.504713  0.595321  0.560170 
7  0.587647  0.612881  0.553449  0.801164  0.572998  0.607349  0.574742 0.0  0.659446  0.845294  0.739124  0.871287  0.548212  0.717901  0.391115  0.858933  0.702571  0.344479  0.762613  0.422704  0.539592  0.769371  0.619744  0.560918  0.409069  0.785416  0.537395  0.632532  0.538541  0.572321 
8  0.652341  0.311262  0.633217  0.894645  0.598901  0.650087  0.597739  0.659446 0.0  0.950197  0.707374  0.867487  0.665736  0.762732  0.754516  0.838204  0.726082  0.785873  0.870987  0.696801  0.563186  0.791975  0.759025  0.677554  0.595642  0.732296  0.608340  0.525666  0.373199  0.670645 
9  0.881464  0.870250  0.848490  0.386515  0.800599  0.667288  0.885755  0.845294  0.950197 0.0  0.529689  0.281153  0.664484  0.540759  0.758997  0.461777  0.762136  0.874077  0.405165  0.836438  0.720845  0.483083  0.785776  0.832718  0.897513  0.781903  0.824796  0.868057  0.905947  0.811617 
10  0.936021  0.863327  0.796992  0.562215  0.907952  0.666408  0.888025  0.739124  0.707374  0.529689 0.0  0.605381  0.611323  0.587728  0.843213  0.571767  0.775331  0.851597  0.605099  0.859911  0.665217  0.699708  0.658183  0.699383  0.960332  0.789394  0.818665  0.800486  0.718866  0.811763 
11  0.792299  0.757555  0.868344  0.486011  0.786103  0.626118  0.791389  0.871287  0.867487  0.281153  0.605381 0.0  0.786352  0.473480  0.830454  0.362810  0.789583  0.795676  0.378363  0.823621  0.830122  0.442338  0.872855  0.760360  0.893202  0.781609  0.860419  0.813029  0.801959  0.884743 
12  0.627307  0.661741  0.749253  0.662070  0.664852  0.570793  0.675127  0.548212  0.665736  0.664484  0.611323  0.786352 0.0  0.641465  0.735021  0.645921  0.552320  0.779740  0.633370  0.663398  0.760456  0.556497  0.686627  0.647844  0.789739  0.693078  0.665512  0.674659  0.680922  0.641389 
13  0.952480  0.941025  0.867634  0.236356  0.788801  0.727170  0.884154  0.717901  0.762732  0.540759  0.587728  0.473480  0.641465 0.0  0.840946  0.485278  0.829334  0.942843  0.371454  0.840578  0.859539  0.413912  0.814059  0.900743  0.751498  0.749575  0.922750  0.912488  0.914495  0.806261 
14  0.665432  0.699074  0.616133  0.943774  0.671136  0.606050  0.640984  0.391115  0.754516  0.758997  0.843213  0.830454  0.735021  0.840946 0.0  0.954072  0.740933  0.351643  0.979444  0.379223  0.674713  0.883132  0.588866  0.639325  0.475252  0.813935  0.633353  0.791673  0.742492  0.612151 
15  0.995553  0.800778  0.783400  0.560619  0.860844  0.604071  0.861757  0.858933  0.838204  0.461777  0.571767  0.362810  0.645921  0.485278  0.954072 0.0  0.753283  0.862504  0.476093  0.938575  0.809034  0.486907  0.764058  0.803798  0.900208  0.740079  0.904867  0.867565  0.774539  0.795699 
16  0.839748  0.728695  0.825963  0.845481  0.784290  0.676510  0.825489  0.702571  0.726082  0.762136  0.775331  0.789583  0.552320  0.829334  0.740933  0.753283 0.0  0.746081  0.760180  0.808399  0.717208  0.695535  0.735971  0.769594  0.808085  0.451844  0.793847  0.831790  0.813925  0.679559 
17  0.673421  0.701940  0.610000  0.820036  0.557127  0.729846  0.738340  0.344479  0.785873  0.874077  0.851597  0.795676  0.779740  0.942843  0.351643  0.862504  0.746081 0.0  0.732654  0.359610  0.596924  0.872554  0.600341  0.663351  0.445314  0.761828  0.684907  0.634188  0.643537  0.674361 
18  0.946790  0.839277  1.000000  0.437594  0.903738  0.725698  0.822249  0.762613  0.870987  0.405165  0.605099  0.378363  0.633370  0.371454  0.979444  0.476093  0.760180  0.732654 0.0  0.869416  0.887162  0.436123  0.758509  0.837599  0.709622  0.820218  0.861151  0.878307  0.729093  0.877354 
19  0.681911  0.717882  0.729428  0.881716  0.561338  0.695730  0.693265  0.422704  0.696801  0.836438  0.859911  0.823621  0.663398  0.840578  0.379223  0.938575  0.808399  0.359610  0.869416 0.0  0.678216  0.968668  0.583399  0.629515  0.511666  0.690306  0.664707  0.737716  0.675780  0.586479 
20  0.635062  0.449033  0.622993  0.797976  0.646012  0.650287  0.606728  0.539592  0.563186  0.720845  0.665217  0.830122  0.760456  0.859539  0.674713  0.809034  0.717208  0.596924  0.887162  0.678216 0.0  0.753643  0.786214  0.640219  0.552844  0.807552  0.643334  0.392694  0.486825  0.540795 
21  0.822146  0.847894  0.897800  0.364492  0.865711  0.710744  0.861951  0.769371  0.791975  0.483083  0.699708  0.442338  0.556497  0.413912  0.883132  0.486907  0.695535  0.872554  0.436123  0.968668  0.753643 0.0  0.814378  0.805404  0.827169  0.678925  0.839451  0.886372  0.837292  0.844384 
22  0.798186  0.800755  0.663645  0.862681  0.828182  0.715409  0.759795  0.619744  0.759025  0.785776  0.658183  0.872855  0.686627  0.814059  0.588866  0.764058  0.735971  0.600341  0.758509  0.583399  0.786214  0.814378 0.0  0.761409  0.620280  0.828358  0.810137  0.820923  0.799773  0.790626 
23  0.383862  0.666207  0.451315  0.849652  0.591319  0.579115  0.636367  0.560918  0.677554  0.832718  0.699383  0.760360  0.647844  0.900743  0.639325  0.803798  0.769594  0.663351  0.837599  0.629515  0.640219  0.805404  0.761409 0.0  0.551541  0.699055  0.425886  0.547390  0.589716  0.604873 
24  0.607435  0.639249  0.694307  0.915658  0.636028  0.673183  0.670397  0.409069  0.595642  0.897513  0.960332  0.893202  0.789739  0.751498  0.475252  0.900208  0.808085  0.445314  0.709622  0.511666  0.552844  0.827169  0.620280  0.551541 0.0  0.844090  0.650241  0.639777  0.675474  0.683446 
25  0.778314  0.703615  0.658812  0.715106  0.840607  0.710668  0.821663  0.785416  0.732296  0.781903  0.789394  0.781609  0.693078  0.749575  0.813935  0.740079  0.451844  0.761828  0.820218  0.690306  0.807552  0.678925  0.828358  0.699055  0.844090 0.0  0.739289  0.782898  0.761352  0.724976 
26  0.488417  0.608301  0.454360  0.905489  0.625466  0.620163  0.747304  0.537395  0.608340  0.824796  0.818665  0.860419  0.665512  0.922750  0.633353  0.904867  0.793847  0.684907  0.861151  0.664707  0.643334  0.839451  0.810137  0.425886  0.650241  0.739289 0.0  0.666905  0.523130  0.609095 
27  0.572169  0.521031  0.710534  0.797279  0.639769  0.589625  0.504713  0.632532  0.525666  0.868057  0.800486  0.813029  0.674659  0.912488  0.791673  0.867565  0.831790  0.634188  0.878307  0.737716  0.392694  0.886372  0.820923  0.547390  0.639777  0.782898  0.666905 0.0  0.512057  0.731577 
28  0.560979  0.279818  0.699967  0.951604  0.614069  0.675458  0.595321  0.538541  0.373199  0.905947  0.718866  0.801959  0.680922  0.914495  0.742492  0.774539  0.813925  0.643537  0.729093  0.675780  0.486825  0.837292  0.799773  0.589716  0.675474  0.761352  0.523130  0.512057 0.0  0.640276 
29  0.517557  0.603690  0.525947  0.825126  0.472276  0.853221  0.560170  0.572321  0.670645  0.811617  0.811763  0.884743  0.641389  0.806261  0.612151  0.795699  0.679559  0.674361  0.877354  0.586479  0.540795  0.844384  0.790626  0.604873  0.683446  0.724976  0.609095  0.731577  0.640276 0.0 
