30
0 0.0  0.900258  0.910968  0.586520  0.686728  0.839290  0.558752  0.762380  0.826221  0.709492  0.668759  0.582231  0.598428  0.493204  0.679323  0.625484  0.505205  0.670145  0.710491  0.503294  0.501653  0.732202  0.865857  0.908347  0.572965  0.844013  0.844989  0.603470  0.436960  0.855818 
1  0.900258 0.0  0.740352  0.850609  0.811617  0.443653  0.937275  0.732883  0.380083  0.724196  0.685477  0.814929  0.843409  0.816866  0.741749  0.709462  0.808348  0.776419  0.765360  0.794819  0.837260  0.868755  0.414962  0.540793  0.746153  0.624730  0.692638  0.849741  0.776483  0.825084 
2  0.910968  0.740352 0.0  0.537256  0.500296  0.724240  0.628990  0.757545  0.710236  0.854361  0.774946  0.577983  0.734287  0.658427  0.491030  0.722077  0.811326  0.475572  0.754355  0.627809  0.766009  0.430737  0.798108  0.696090  0.780860  0.850468  0.758486  0.650813  0.878142  0.757173 
3  0.586520  0.850609  0.537256 0.0  0.829433  0.930032  0.610068  0.898999  0.872328  0.819018  0.661198  0.439944  0.764795  0.554728  0.587853  0.716229  0.612955  0.964697  0.743210  0.598127  0.763442  1.000000  0.811552  0.964962  0.700365  0.921380  0.798461  0.511704  0.576745  0.666893 
4  0.686728  0.811617  0.500296  0.829433 0.0  0.869182  0.835604  0.782968  0.751572  0.720607  0.896932  0.887577  0.938803  0.828333  0.758782  0.721407  0.594339  0.520871  0.710773  0.863762  0.823724  0.360133  0.780120  0.812168  0.797750  0.833833  0.769908  0.755826  0.691882  0.829104 
5  0.839290  0.443653  0.724240  0.930032  0.869182 0.0  0.850823  0.775697  0.414831  0.765536  0.819752  0.900240  0.814952  0.799418  0.888599  0.686950  0.803145  0.787933  0.806585  0.858645  0.849471  0.804601  0.321251  0.415315  0.933077  0.604024  0.720574  0.843337  0.774085  0.816705 
6  0.558752  0.937275  0.628990  0.610068  0.835604  0.850823 0.0  0.716244  0.850584  0.890566  0.689421  0.486154  0.618487  0.405829  0.364057  0.621652  0.559458  0.837801  0.860328  0.334384  0.783269  0.864577  0.848380  0.794577  0.818775  0.849628  0.792654  0.361768  0.730710  0.866113 
7  0.762380  0.732883  0.757545  0.898999  0.782968  0.775697  0.716244 0.0  0.839816  0.820814  0.739105  0.743667  0.762599  0.706954  0.806581  0.606101  0.788591  0.763035  0.345852  0.802931  0.776948  0.772291  0.764949  0.813558  0.762377  0.897413  0.872318  0.745123  0.713160  0.650272 
8  0.826221  0.380083  0.710236  0.872328  0.751572  0.414831  0.850584  0.839816 0.0  0.739734  0.970463  0.884562  0.850063  0.927510  0.941408  0.758004  0.939225  0.869468  0.778104  0.839665  0.878325  0.876109  0.355940  0.335966  0.913019  0.586296  0.797872  0.809236  0.888951  0.737955 
9  0.709492  0.724196  0.854361  0.819018  0.720607  0.765536  0.890566  0.820814  0.739734 0.0  0.738676  0.809009  0.724108  0.803088  0.775976  0.675139  0.778557  0.822673  0.783173  0.852039  0.745895  0.726989  0.794655  0.749437  0.733751  0.759959  0.567765  0.723472  0.805346  0.907587 
10  0.668759  0.685477  0.774946  0.661198  0.896932  0.819752  0.689421  0.739105  0.970463  0.738676 0.0  0.725896  0.577802  0.695220  0.705101  0.554685  0.604853  0.887380  0.815432  0.707654  0.712690  0.861656  0.927842  0.922751  0.620362  0.846316  0.698875  0.630304  0.720883  0.715296 
11  0.582231  0.814929  0.577983  0.439944  0.887577  0.900240  0.486154  0.743667  0.884562  0.809009  0.725896 0.0  0.627982  0.492585  0.572243  0.615723  0.642816  0.890712  0.817409  0.511656  0.599800  0.846620  0.856986  0.758646  0.605992  0.698326  0.896139  0.489406  0.709414  0.722080 
12  0.598428  0.843409  0.734287  0.764795  0.938803  0.814952  0.618487  0.762599  0.850063  0.724108  0.577802  0.627982 0.0  0.633791  0.691304  0.651346  0.604848  0.756753  0.765370  0.691604  0.623786  0.809841  0.926725  0.841884  0.523537  0.885942  0.800160  0.747576  0.648353  0.785491 
13  0.493204  0.816866  0.658427  0.554728  0.828333  0.799418  0.405829  0.706954  0.927510  0.803088  0.695220  0.492585  0.633791 0.0  0.320066  0.714386  0.702982  0.773042  0.738596  0.405882  0.812071  0.800424  0.851338  0.897423  0.665618  0.926195  0.755463  0.578865  0.518207  0.761207 
14  0.679323  0.741749  0.491030  0.587853  0.758782  0.888599  0.364057  0.806581  0.941408  0.775976  0.705101  0.572243  0.691304  0.320066 0.0  0.689175  0.677937  0.788529  0.815329  0.328323  0.742526  0.794004  0.809667  0.856611  0.609267  0.708566  0.767759  0.512075  0.684368  0.823274 
15  0.625484  0.709462  0.722077  0.716229  0.721407  0.686950  0.621652  0.606101  0.758004  0.675139  0.554685  0.615723  0.651346  0.714386  0.689175 0.0  0.796086  0.618163  0.661110  0.688040  0.751184  0.579333  0.598241  0.749274  0.608547  0.525745  0.677687  0.670247  0.685820  0.623675 
16  0.505205  0.808348  0.811326  0.612955  0.594339  0.803145  0.559458  0.788591  0.939225  0.778557  0.604853  0.642816  0.604848  0.702982  0.677937  0.796086 0.0  0.703141  0.742319  0.536076  0.621277  0.557195  0.858072  0.803453  0.562168  0.805209  0.813793  0.586108  0.464014  0.811360 
17  0.670145  0.776419  0.475572  0.964697  0.520871  0.787933  0.837801  0.763035  0.869468  0.822673  0.887380  0.890712  0.756753  0.773042  0.788529  0.618163  0.703141 0.0  0.809852  0.765433  0.784109  0.415221  0.854820  0.935226  0.807517  0.793362  0.731207  0.775445  0.729386  0.756435 
18  0.710491  0.765360  0.754355  0.743210  0.710773  0.806585  0.860328  0.345852  0.778104  0.783173  0.815432  0.817409  0.765370  0.738596  0.815329  0.661110  0.742319  0.809852 0.0  0.743441  0.921208  0.764464  0.859225  0.796919  0.700040  0.766000  0.756485  0.804391  0.788649  0.690177 
19  0.503294  0.794819  0.627809  0.598127  0.863762  0.858645  0.334384  0.802931  0.839665  0.852039  0.707654  0.511656  0.691604  0.405882  0.328323  0.688040  0.536076  0.765433  0.743441 0.0  0.594693  0.827007  0.959321  0.850851  0.743848  0.820887  0.761355  0.376607  0.617128  0.771336 
20  0.501653  0.837260  0.766009  0.763442  0.823724  0.849471  0.783269  0.776948  0.878325  0.745895  0.712690  0.599800  0.623786  0.812071  0.742526  0.751184  0.621277  0.784109  0.921208  0.594693 0.0  0.760580  0.995627  0.812378  0.364587  0.831386  0.757654  0.714295  0.678441  0.803850 
21  0.732202  0.868755  0.430737  1.000000  0.360133  0.804601  0.864577  0.772291  0.876109  0.726989  0.861656  0.846620  0.809841  0.800424  0.794004  0.579333  0.557195  0.415221  0.764464  0.827007  0.760580 0.0  0.809383  0.919872  0.820068  0.841268  0.748851  0.777016  0.679834  0.886676 
22  0.865857  0.414962  0.798108  0.811552  0.780120  0.321251  0.848380  0.764949  0.355940  0.794655  0.927842  0.856986  0.926725  0.851338  0.809667  0.598241  0.858072  0.854820  0.859225  0.959321  0.995627  0.809383 0.0  0.438628  0.917765  0.551751  0.817401  0.808968  0.812938  0.831630 
23  0.908347  0.540793  0.696090  0.964962  0.812168  0.415315  0.794577  0.813558  0.335966  0.749437  0.922751  0.758646  0.841884  0.897423  0.856611  0.749274  0.803453  0.935226  0.796919  0.850851  0.812378  0.919872  0.438628 0.0  0.811145  0.566342  0.674532  0.842042  0.950118  0.691530 
24  0.572965  0.746153  0.780860  0.700365  0.797750  0.933077  0.818775  0.762377  0.913019  0.733751  0.620362  0.605992  0.523537  0.665618  0.609267  0.608547  0.562168  0.807517  0.700040  0.743848  0.364587  0.820068  0.917765  0.811145 0.0  0.827626  0.808807  0.708511  0.687286  0.788901 
25  0.844013  0.624730  0.850468  0.921380  0.833833  0.604024  0.849628  0.897413  0.586296  0.759959  0.846316  0.698326  0.885942  0.926195  0.708566  0.525745  0.805209  0.793362  0.766000  0.820887  0.831386  0.841268  0.551751  0.566342  0.827626 0.0  0.686358  0.847245  0.930484  0.779755 
26  0.844989  0.692638  0.758486  0.798461  0.769908  0.720574  0.792654  0.872318  0.797872  0.567765  0.698875  0.896139  0.800160  0.755463  0.767759  0.677687  0.813793  0.731207  0.756485  0.761355  0.757654  0.748851  0.817401  0.674532  0.808807  0.686358 0.0  0.761581  0.789391  0.771568 
27  0.603470  0.849741  0.650813  0.511704  0.755826  0.843337  0.361768  0.745123  0.809236  0.723472  0.630304  0.489406  0.747576  0.578865  0.512075  0.670247  0.586108  0.775445  0.804391  0.376607  0.714295  0.777016  0.808968  0.842042  0.708511  0.847245  0.761581 0.0  0.701387  0.775923 
28  0.436960  0.776483  0.878142  0.576745  0.691882  0.774085  0.730710  0.713160  0.888951  0.805346  0.720883  0.709414  0.648353  0.518207  0.684368  0.685820  0.464014  0.729386  0.788649  0.617128  0.678441  0.679834  0.812938  0.950118  0.687286  0.930484  0.789391  0.701387 0.0  0.769383 
29  0.855818  0.825084  0.757173  0.666893  0.829104  0.816705  0.866113  0.650272  0.737955  0.907587  0.715296  0.722080  0.785491  0.761207  0.823274  0.623675  0.811360  0.756435  0.690177  0.771336  0.803850  0.886676  0.831630  0.691530  0.788901  0.779755  0.771568  0.775923  0.769383 0.0 
