30
0 0.0  0.291202  0.808852  0.833929  0.963153  0.536752  0.806196  0.916891  0.837432  0.780552  0.393300  0.761401  0.791292  0.782835  0.880775  0.838555  0.878599  0.797419  0.819719  0.807944  0.745229  0.482477  0.614247  0.436254  0.830664  0.804661  0.838522  0.755196  0.705469  0.821746 
1  0.291202 0.0  0.862507  1.000000  0.846538  0.572738  0.789579  0.761598  0.844265  0.818611  0.399278  0.896401  0.843130  0.711300  0.985162  0.840059  0.840750  0.691294  0.841069  0.783872  0.853309  0.468358  0.568821  0.412304  0.826100  0.731612  0.785657  0.729455  0.691359  0.838349 
2  0.808852  0.862507 0.0  0.607529  0.849093  0.743475  0.795131  0.650382  0.808067  0.715053  0.812327  0.863700  0.701517  0.740693  0.788520  0.767271  0.888099  0.693195  0.781868  0.766981  0.835165  0.827062  0.643926  0.848272  0.768604  0.561744  0.833894  0.704578  0.599582  0.788099 
3  0.833929  1.000000  0.607529 0.0  0.758618  0.813671  0.874346  0.629410  0.784572  0.545920  0.900614  0.789847  0.654516  0.693531  0.719725  0.921398  0.765405  0.756620  0.837849  0.790533  0.872993  0.817782  0.647948  0.796383  0.815716  0.435288  0.857105  0.774747  0.652222  0.961409 
4  0.963153  0.846538  0.849093  0.758618 0.0  0.850540  0.561000  0.533702  0.491296  0.652259  0.772099  0.535213  0.711934  0.865804  0.694895  0.630094  0.505774  0.714754  0.487848  0.765553  0.676269  0.830151  0.694781  0.864348  0.504242  0.789915  0.508890  0.825506  0.693774  0.651443 
5  0.536752  0.572738  0.743475  0.813671  0.850540 0.0  0.751684  0.808173  0.914674  0.908202  0.549771  0.851342  0.829611  0.725540  0.817123  0.982694  0.812852  0.755859  0.875303  0.794861  0.880441  0.517896  0.726984  0.531523  0.830523  0.845394  0.829553  0.827059  0.681204  0.801240 
6  0.806196  0.789579  0.795131  0.874346  0.561000  0.751684 0.0  0.658046  0.345868  0.685734  0.862266  0.332047  0.631611  0.700816  0.680842  0.628439  0.440109  0.746239  0.520902  0.799363  0.687909  0.841634  0.636197  0.881591  0.329227  0.763807  0.605437  0.750973  0.654627  0.559745 
7  0.916891  0.761598  0.650382  0.629410  0.533702  0.808173  0.658046 0.0  0.515671  0.363770  0.861764  0.689446  0.437770  0.784366  0.635967  0.598493  0.627568  0.811346  0.523554  0.753491  0.561625  0.886923  0.629558  0.728746  0.545431  0.858207  0.623816  0.750040  0.628526  0.516325 
8  0.837432  0.844265  0.808067  0.784572  0.491296  0.914674  0.345868  0.515671 0.0  0.601628  0.894267  0.419429  0.622259  0.818777  0.627581  0.669870  0.472208  0.833831  0.311983  0.771704  0.628132  0.706396  0.599182  0.966145  0.406885  0.740414  0.410189  0.771486  0.717557  0.535871 
9  0.780552  0.818611  0.715053  0.545920  0.652259  0.908202  0.685734  0.363770  0.601628 0.0  0.885493  0.669751  0.512072  0.715453  0.694795  0.634644  0.611874  0.808183  0.725650  0.779248  0.653405  0.741894  0.563602  0.929882  0.720233  0.798998  0.602834  0.731223  0.711190  0.616134 
10  0.393300  0.399278  0.812327  0.900614  0.772099  0.549771  0.862266  0.861764  0.894267  0.885493 0.0  0.845219  0.948360  0.767121  0.835364  0.833406  0.843007  0.776211  0.849607  0.809705  0.744578  0.280631  0.665464  0.504115  0.863186  0.700421  0.900812  0.789037  0.758892  0.731960 
11  0.761401  0.896401  0.863700  0.789847  0.535213  0.851342  0.332047  0.689446  0.419429  0.669751  0.845219 0.0  0.586252  0.714801  0.716006  0.604446  0.400350  0.748080  0.429699  0.724861  0.698982  0.813463  0.661595  0.785734  0.307148  0.709529  0.485721  0.841062  0.669979  0.576245 
12  0.791292  0.843130  0.701517  0.654516  0.711934  0.829611  0.631611  0.437770  0.622259  0.512072  0.948360  0.586252 0.0  0.828799  0.643576  0.612431  0.671602  0.658990  0.594200  0.870974  0.647452  0.797335  0.655961  0.918521  0.646628  0.824954  0.596945  0.719898  0.631387  0.489655 
13  0.782835  0.711300  0.740693  0.693531  0.865804  0.725540  0.700816  0.784366  0.818777  0.715453  0.767121  0.714801  0.828799 0.0  0.912718  0.853319  0.783378  0.710765  0.806667  0.793152  0.741892  0.924994  0.668479  0.936127  0.674035  0.689272  0.828710  0.446644  0.668276  0.690019 
14  0.880775  0.985162  0.788520  0.719725  0.694895  0.817123  0.680842  0.635967  0.627581  0.694795  0.835364  0.716006  0.643576  0.912718 0.0  0.434999  0.740348  0.905368  0.716410  0.781148  0.509350  0.814845  0.695330  0.789283  0.676733  0.531941  0.825941  0.827239  0.671933  0.623203 
15  0.838555  0.840059  0.767271  0.921398  0.630094  0.982694  0.628439  0.598493  0.669870  0.634644  0.833406  0.604446  0.612431  0.853319  0.434999 0.0  0.594457  0.825940  0.657522  0.661587  0.535987  0.834839  0.561345  0.841701  0.818229  0.527665  0.690322  0.777685  0.642230  0.554380 
16  0.878599  0.840750  0.888099  0.765405  0.505774  0.812852  0.440109  0.627568  0.472208  0.611874  0.843007  0.400350  0.671602  0.783378  0.740348  0.594457 0.0  0.927044  0.533131  0.780548  0.674539  0.898649  0.671048  0.874297  0.267844  0.924745  0.553905  0.838010  0.587801  0.538527 
17  0.797419  0.691294  0.693195  0.756620  0.714754  0.755859  0.746239  0.811346  0.833831  0.808183  0.776211  0.748080  0.658990  0.710765  0.905368  0.825940  0.927044 0.0  0.645431  0.801449  0.775940  0.708658  0.620696  0.766797  0.726671  0.775468  0.783318  0.733607  0.683623  0.691107 
18  0.819719  0.841069  0.781868  0.837849  0.487848  0.875303  0.520902  0.523554  0.311983  0.725650  0.849607  0.429699  0.594200  0.806667  0.716410  0.657522  0.533131  0.645431 0.0  0.789448  0.638525  0.827970  0.736375  0.994468  0.505814  0.773565  0.378364  0.766922  0.637782  0.668548 
19  0.807944  0.783872  0.766981  0.790533  0.765553  0.794861  0.799363  0.753491  0.771704  0.779248  0.809705  0.724861  0.870974  0.793152  0.781148  0.661587  0.780548  0.801449  0.789448 0.0  0.762087  0.771103  0.634113  0.694924  0.772025  0.772634  0.802033  0.861772  0.711576  0.867471 
20  0.745229  0.853309  0.835165  0.872993  0.676269  0.880441  0.687909  0.561625  0.628132  0.653405  0.744578  0.698982  0.647452  0.741892  0.509350  0.535987  0.674539  0.775940  0.638525  0.762087 0.0  0.845032  0.665747  0.828061  0.604058  0.730479  0.616729  0.810237  0.596859  0.676761 
21  0.482477  0.468358  0.827062  0.817782  0.830151  0.517896  0.841634  0.886923  0.706396  0.741894  0.280631  0.813463  0.797335  0.924994  0.814845  0.834839  0.898649  0.708658  0.827970  0.771103  0.845032 0.0  0.734567  0.407568  0.812933  0.685773  0.864701  0.695637  0.696869  0.814933 
22  0.614247  0.568821  0.643926  0.647948  0.694781  0.726984  0.636197  0.629558  0.599182  0.563602  0.665464  0.661595  0.655961  0.668479  0.695330  0.561345  0.671048  0.620696  0.736375  0.634113  0.665747  0.734567 0.0  0.689803  0.810781  0.665842  0.710815  0.669896  0.679092  0.668705 
23  0.436254  0.412304  0.848272  0.796383  0.864348  0.531523  0.881591  0.728746  0.966145  0.929882  0.504115  0.785734  0.918521  0.936127  0.789283  0.841701  0.874297  0.766797  0.994468  0.694924  0.828061  0.407568  0.689803 0.0  0.903893  0.894364  0.880317  0.741713  0.737155  0.768159 
24  0.830664  0.826100  0.768604  0.815716  0.504242  0.830523  0.329227  0.545431  0.406885  0.720233  0.863186  0.307148  0.646628  0.674035  0.676733  0.818229  0.267844  0.726671  0.505814  0.772025  0.604058  0.812933  0.810781  0.903893 0.0  0.793698  0.571459  0.814755  0.598583  0.651413 
25  0.804661  0.731612  0.561744  0.435288  0.789915  0.845394  0.763807  0.858207  0.740414  0.798998  0.700421  0.709529  0.824954  0.689272  0.531941  0.527665  0.924745  0.775468  0.773565  0.772634  0.730479  0.685773  0.665842  0.894364  0.793698 0.0  0.820361  0.822996  0.528107  0.809570 
26  0.838522  0.785657  0.833894  0.857105  0.508890  0.829553  0.605437  0.623816  0.410189  0.602834  0.900812  0.485721  0.596945  0.828710  0.825941  0.690322  0.553905  0.783318  0.378364  0.802033  0.616729  0.864701  0.710815  0.880317  0.571459  0.820361 0.0  0.797415  0.710571  0.622437 
27  0.755196  0.729455  0.704578  0.774747  0.825506  0.827059  0.750973  0.750040  0.771486  0.731223  0.789037  0.841062  0.719898  0.446644  0.827239  0.777685  0.838010  0.733607  0.766922  0.861772  0.810237  0.695637  0.669896  0.741713  0.814755  0.822996  0.797415 0.0  0.568113  0.742731 
28  0.705469  0.691359  0.599582  0.652222  0.693774  0.681204  0.654627  0.628526  0.717557  0.711190  0.758892  0.669979  0.631387  0.668276  0.671933  0.642230  0.587801  0.683623  0.637782  0.711576  0.596859  0.696869  0.679092  0.737155  0.598583  0.528107  0.710571  0.568113 0.0  0.769970 
29  0.821746  0.838349  0.788099  0.961409  0.651443  0.801240  0.559745  0.516325  0.535871  0.616134  0.731960  0.576245  0.489655  0.690019  0.623203  0.554380  0.538527  0.691107  0.668548  0.867471  0.676761  0.814933  0.668705  0.768159  0.651413  0.809570  0.622437  0.742731  0.769970 0.0 
