30
0 0.0  0.789176  0.523639  0.703855  0.388277  0.329166  0.738111  0.754312  0.761187  0.624166  0.791588  0.817832  0.840536  0.774882  0.754483  0.719149  0.840574  0.688748  0.364397  0.831304  0.794953  0.710943  0.834488  0.744699  0.773597  0.830346  0.852501  0.541622  0.360808  0.799036 
1  0.789176 0.0  0.745193  0.726428  0.769265  0.639512  0.726097  0.782048  0.717388  0.525309  0.812144  0.800267  0.660813  0.832459  0.682744  0.311623  0.697162  0.633248  0.770837  0.747405  0.667550  0.693969  0.742090  0.798044  0.741694  0.758844  0.754719  0.663765  0.697710  0.757908 
2  0.523639  0.745193 0.0  0.748064  0.284976  0.398173  0.834490  0.757761  0.824091  0.573017  0.720548  0.836703  0.817771  0.803347  0.724501  0.841405  0.904416  0.623756  0.459420  0.945133  0.807446  0.851522  0.818329  0.756306  0.696742  0.785725  0.908823  0.561897  0.335392  0.739711 
3  0.703855  0.726428  0.748064 0.0  0.728207  0.825530  0.776292  0.533030  0.821451  0.627882  0.808759  0.450070  0.624318  0.700603  0.579480  0.789934  0.736030  0.620416  0.646771  0.568910  0.536571  0.778411  0.445734  0.694964  0.456034  0.698473  0.678921  0.661295  0.761654  0.726618 
4  0.388277  0.769265  0.284976  0.728207 0.0  0.524555  0.908061  0.904233  0.776555  0.698387  0.732316  0.808811  0.693662  0.747990  0.789789  0.825916  0.904363  0.535227  0.494939  0.938159  0.819320  0.712689  0.869441  0.707067  0.778641  0.814804  0.874876  0.587851  0.367511  0.734898 
5  0.329166  0.639512  0.398173  0.825530  0.524555 0.0  0.878788  0.838277  0.698884  0.734460  0.629513  0.916013  0.824375  0.731942  0.862900  0.777382  0.818576  0.622612  0.324247  0.807653  0.729959  0.797100  0.857240  0.730714  0.728110  0.813331  0.751399  0.705237  0.441794  0.671599 
6  0.738111  0.726097  0.834490  0.776292  0.908061  0.878788 0.0  0.697903  0.510648  0.651548  0.749107  0.520808  0.474221  0.538776  0.670385  0.638419  0.483941  0.633000  0.847438  0.503445  0.635983  0.719478  0.571194  0.737839  0.710646  0.558872  0.490804  0.579782  0.798468  0.779743 
7  0.754312  0.782048  0.757761  0.533030  0.904233  0.838277  0.697903 0.0  0.677998  0.749479  0.774658  0.344878  0.648630  0.565370  0.284418  0.739228  0.482826  0.715472  0.774254  0.339589  0.448737  0.820058  0.365716  0.776072  0.696588  0.624880  0.707311  0.655470  0.895572  0.698791 
8  0.761187  0.717388  0.824091  0.821451  0.776555  0.698884  0.510648  0.677998 0.0  0.692695  0.674279  0.545718  0.659592  0.513428  0.735959  0.687386  0.564884  0.724133  0.804993  0.663172  0.590606  0.810234  0.704702  0.758866  0.834817  0.394951  0.474245  0.645462  0.851011  0.787186 
9  0.624166  0.525309  0.573017  0.627882  0.698387  0.734460  0.651548  0.749479  0.692695 0.0  0.625371  0.620003  0.633161  0.607978  0.674768  0.585433  0.669830  0.710427  0.688450  0.576085  0.590317  0.553726  0.617076  0.675940  0.613526  0.615573  0.592670  0.672653  0.616079  0.589514 
10  0.791588  0.812144  0.720548  0.808759  0.732316  0.629513  0.749107  0.774658  0.674279  0.625371 0.0  0.840744  0.767567  0.768460  0.692857  0.727340  0.755561  0.636663  0.832448  0.773079  0.716765  0.811173  0.779276  0.485760  0.672783  0.799458  0.707756  0.472137  0.728421  0.677336 
11  0.817832  0.800267  0.836703  0.450070  0.808811  0.916013  0.520808  0.344878  0.545718  0.620003  0.840744 0.0  0.706077  0.465005  0.455560  0.776672  0.635977  0.642563  0.747638  0.443698  0.522678  0.814600  0.409579  0.783036  0.849475  0.634682  0.709015  0.708173  0.816452  0.637440 
12  0.840536  0.660813  0.817771  0.624318  0.693662  0.824375  0.474221  0.648630  0.659592  0.633161  0.767567  0.706077 0.0  0.384121  0.609429  0.787871  0.661219  0.635043  0.780468  0.521250  0.686281  0.655604  0.594710  0.784443  0.613584  0.584719  0.564636  0.608230  0.822111  0.721309 
13  0.774882  0.832459  0.803347  0.700603  0.747990  0.731942  0.538776  0.565370  0.513428  0.607978  0.768460  0.465005  0.384121 0.0  0.629084  0.656697  0.485435  0.653654  0.785822  0.579687  0.473610  0.699542  0.533679  0.804716  0.569521  0.475267  0.587936  0.561294  0.803044  0.739422 
14  0.754483  0.682744  0.724501  0.579480  0.789789  0.862900  0.670385  0.284418  0.735959  0.674768  0.692857  0.455560  0.609429  0.629084 0.0  0.858881  0.660828  0.649390  0.842903  0.398583  0.509875  0.794206  0.451517  0.673464  0.805252  0.552550  0.657484  0.693697  0.854355  0.679238 
15  0.719149  0.311623  0.841405  0.789934  0.825916  0.777382  0.638419  0.739228  0.687386  0.585433  0.727340  0.776672  0.787871  0.656697  0.858881 0.0  0.719621  0.687712  0.746007  0.760658  0.763581  0.714364  0.661601  0.626270  0.791362  0.747479  0.783633  0.572906  0.805019  0.810141 
16  0.840574  0.697162  0.904416  0.736030  0.904363  0.818576  0.483941  0.482826  0.564884  0.669830  0.755561  0.635977  0.661219  0.485435  0.660828  0.719621 0.0  0.587167  1.000000  0.748872  0.730498  0.750238  0.621333  0.800091  0.674973  0.599673  0.583093  0.677796  0.738621  0.805602 
17  0.688748  0.633248  0.623756  0.620416  0.535227  0.622612  0.633000  0.715472  0.724133  0.710427  0.636663  0.642563  0.635043  0.653654  0.649390  0.687712  0.587167 0.0  0.708472  0.645624  0.568462  0.568350  0.588615  0.559480  0.707898  0.597834  0.752358  0.543190  0.699877  0.689299 
18  0.364397  0.770837  0.459420  0.646771  0.494939  0.324247  0.847438  0.774254  0.804993  0.688450  0.832448  0.747638  0.780468  0.785822  0.842903  0.746007  1.000000  0.708472 0.0  0.781987  0.818045  0.674343  0.748710  0.731602  0.890767  0.846712  0.826934  0.669489  0.414312  0.767927 
19  0.831304  0.747405  0.945133  0.568910  0.938159  0.807653  0.503445  0.339589  0.663172  0.576085  0.773079  0.443698  0.521250  0.579687  0.398583  0.760658  0.748872  0.645624  0.781987 0.0  0.547290  0.751190  0.341968  0.689573  0.856331  0.748363  0.630599  0.649739  0.926638  0.765667 
20  0.794953  0.667550  0.807446  0.536571  0.819320  0.729959  0.635983  0.448737  0.590606  0.590317  0.716765  0.522678  0.686281  0.473610  0.509875  0.763581  0.730498  0.568462  0.818045  0.547290 0.0  0.665251  0.468070  0.676359  0.781902  0.633796  0.540289  0.616193  0.718972  0.679690 
21  0.710943  0.693969  0.851522  0.778411  0.712689  0.797100  0.719478  0.820058  0.810234  0.553726  0.811173  0.814600  0.655604  0.699542  0.794206  0.714364  0.750238  0.568350  0.674343  0.751190  0.665251 0.0  0.673985  0.751520  0.650344  0.639898  0.784619  0.688222  0.725761  0.517167 
22  0.834488  0.742090  0.818329  0.445734  0.869441  0.857240  0.571194  0.365716  0.704702  0.617076  0.779276  0.409579  0.594710  0.533679  0.451517  0.661601  0.621333  0.588615  0.748710  0.341968  0.468070  0.673985 0.0  0.685629  0.784640  0.644621  0.619717  0.652201  0.776603  0.765136 
23  0.744699  0.798044  0.756306  0.694964  0.707067  0.730714  0.737839  0.776072  0.758866  0.675940  0.485760  0.783036  0.784443  0.804716  0.673464  0.626270  0.800091  0.559480  0.731602  0.689573  0.676359  0.751520  0.685629 0.0  0.800187  0.679901  0.727715  0.630295  0.799782  0.723009 
24  0.773597  0.741694  0.696742  0.456034  0.778641  0.728110  0.710646  0.696588  0.834817  0.613526  0.672783  0.849475  0.613584  0.569521  0.805252  0.791362  0.674973  0.707898  0.890767  0.856331  0.781902  0.650344  0.784640  0.800187 0.0  0.754765  0.821636  0.605359  0.749215  0.756775 
25  0.830346  0.758844  0.785725  0.698473  0.814804  0.813331  0.558872  0.624880  0.394951  0.615573  0.799458  0.634682  0.584719  0.475267  0.552550  0.747479  0.599673  0.597834  0.846712  0.748363  0.633796  0.639898  0.644621  0.679901  0.754765 0.0  0.534408  0.618529  0.800443  0.671262 
26  0.852501  0.754719  0.908823  0.678921  0.874876  0.751399  0.490804  0.707311  0.474245  0.592670  0.707756  0.709015  0.564636  0.587936  0.657484  0.783633  0.583093  0.752358  0.826934  0.630599  0.540289  0.784619  0.619717  0.727715  0.821636  0.534408 0.0  0.639780  0.784850  0.777641 
27  0.541622  0.663765  0.561897  0.661295  0.587851  0.705237  0.579782  0.655470  0.645462  0.672653  0.472137  0.708173  0.608230  0.561294  0.693697  0.572906  0.677796  0.543190  0.669489  0.649739  0.616193  0.688222  0.652201  0.630295  0.605359  0.618529  0.639780 0.0  0.607712  0.634960 
28  0.360808  0.697710  0.335392  0.761654  0.367511  0.441794  0.798468  0.895572  0.851011  0.616079  0.728421  0.816452  0.822111  0.803044  0.854355  0.805019  0.738621  0.699877  0.414312  0.926638  0.718972  0.725761  0.776603  0.799782  0.749215  0.800443  0.784850  0.607712 0.0  0.810580 
29  0.799036  0.757908  0.739711  0.726618  0.734898  0.671599  0.779743  0.698791  0.787186  0.589514  0.677336  0.637440  0.721309  0.739422  0.679238  0.810141  0.805602  0.689299  0.767927  0.765667  0.679690  0.517167  0.765136  0.723009  0.756775  0.671262  0.777641  0.634960  0.810580 0.0 
