30
0 0.0  0.843759  0.581062  0.729956  0.463961  0.975877  0.624188  0.852157  0.609330  0.670566  0.783792  0.555421  0.820682  0.637473  0.581752  0.709057  0.554984  0.531848  0.670746  0.578167  0.724539  0.610485  0.579125  0.771680  0.580367  0.826597  0.739149  0.870835  0.573020  0.563509 
1  0.843759 0.0  0.834363  0.775801  0.840957  0.671185  0.885453  0.389554  0.863710  0.821930  0.511730  0.916604  0.437366  0.725241  0.858419  0.660953  0.860796  0.729338  0.885592  0.792253  0.415482  0.886572  0.840035  0.429241  0.790001  0.775264  0.769708  0.717324  0.963691  0.829599 
2  0.581062  0.834363 0.0  0.853278  0.549821  0.877630  0.607366  0.909688  0.631191  0.824349  0.866898  0.569750  0.778615  0.605874  0.637672  0.588436  0.501388  0.585071  0.603521  0.674462  0.944706  0.687583  0.713732  0.817602  0.569691  0.740927  0.763273  0.821236  0.623217  0.941076 
3  0.729956  0.775801  0.853278 0.0  0.777645  0.747141  0.733240  0.757934  0.876635  0.823486  0.724428  0.762142  0.713724  0.740810  0.724100  0.663816  0.688553  0.835051  0.732710  0.851863  0.757135  0.853368  0.811363  0.879495  0.793348  0.789509  0.388855  0.788523  0.747915  0.832981 
4  0.463961  0.840957  0.549821  0.777645 0.0  0.898976  0.729296  0.848236  0.685712  0.898227  0.767890  0.536394  0.861307  0.766144  0.443674  0.639902  0.604256  0.549465  0.634936  0.787601  0.858860  0.839746  0.694419  0.866218  0.551417  0.774193  0.754374  0.790088  0.647305  0.856225 
5  0.975877  0.671185  0.877630  0.747141  0.898976 0.0  0.804327  0.546932  0.870100  0.811861  0.612932  0.902478  0.563488  0.653022  0.899714  0.643519  0.886298  0.841925  0.888815  0.786333  0.645060  0.799660  0.863465  0.607558  0.875718  0.753482  0.842351  0.755091  0.921410  0.867594 
6  0.624188  0.885453  0.607366  0.733240  0.729296  0.804327 0.0  0.798753  0.397427  0.880120  0.905187  0.669138  0.916148  0.696522  0.693108  0.655072  0.521967  0.741265  0.744000  0.355539  0.777247  0.770633  0.358589  0.886354  0.755223  0.852497  0.870138  0.736799  0.522102  0.791920 
7  0.852157  0.389554  0.909688  0.757934  0.848236  0.546932  0.798753 0.0  0.783632  0.734611  0.413451  0.870791  0.418315  0.779852  0.826631  0.697246  0.708113  0.853408  0.876553  0.822620  0.523495  0.936753  0.872323  0.502755  0.856377  0.793497  0.813731  0.570635  0.856553  0.877155 
8  0.609330  0.863710  0.631191  0.876635  0.685712  0.870100  0.397427  0.783632 0.0  0.820916  0.924849  0.632735  0.924499  0.642015  0.646362  0.791547  0.385685  0.530549  0.821554  0.404848  0.930611  0.829904  0.346348  0.900785  0.825147  0.735013  0.701814  0.774010  0.492075  0.809511 
9  0.670566  0.821930  0.824349  0.823486  0.898227  0.811861  0.880120  0.734611  0.820916 0.0  0.852612  0.783185  0.801830  0.662137  0.873500  0.595459  0.818217  0.757354  0.803201  0.799434  0.798383  0.310407  0.713776  0.847790  0.959594  0.772027  0.760258  0.849926  0.805478  0.446259 
10  0.783792  0.511730  0.866898  0.724428  0.767890  0.612932  0.905187  0.413451  0.924849  0.852612 0.0  0.901510  0.312196  0.614959  0.896612  0.616760  0.813989  0.853131  0.825427  0.889984  0.411150  0.794702  0.853558  0.461259  0.979196  0.623499  0.830277  0.827019  0.852836  0.669734 
11  0.555421  0.916604  0.569750  0.762142  0.536394  0.902478  0.669138  0.870791  0.632735  0.783185  0.901510 0.0  0.936207  0.734554  0.569326  0.656171  0.597344  0.612722  0.350459  0.725425  0.837494  0.828045  0.717275  0.873216  0.388912  0.660991  0.693272  0.764750  0.676911  0.776912 
12  0.820682  0.437366  0.778615  0.713724  0.861307  0.563488  0.916148  0.418315  0.924499  0.801830  0.312196  0.936207 0.0  0.636630  0.866389  0.575287  0.885066  0.899284  0.843438  0.867869  0.421191  0.856879  0.880457  0.337892  0.937138  0.873897  0.838977  0.649713  0.809918  0.718208 
13  0.637473  0.725241  0.605874  0.740810  0.766144  0.653022  0.696522  0.779852  0.642015  0.662137  0.614959  0.734554  0.636630 0.0  0.716341  0.707440  0.643489  0.636558  0.708042  0.706928  0.678975  0.653626  0.808353  0.663602  0.655440  0.642318  0.746313  0.635753  0.577216  0.614970 
14  0.581752  0.858419  0.637672  0.724100  0.443674  0.899714  0.693108  0.826631  0.646362  0.873500  0.896612  0.569326  0.866389  0.716341 0.0  0.758535  0.553555  0.650331  0.585175  0.749399  0.774041  0.892698  0.711925  0.790297  0.515600  0.793330  0.731157  0.822024  0.628703  0.899096 
15  0.709057  0.660953  0.588436  0.663816  0.639902  0.643519  0.655072  0.697246  0.791547  0.595459  0.616760  0.656171  0.575287  0.707440  0.758535 0.0  0.623709  0.592166  0.718282  0.537269  0.714631  0.627684  0.643913  0.591423  0.747701  0.604593  0.698163  0.605343  0.675171  0.652050 
16  0.554984  0.860796  0.501388  0.688553  0.604256  0.886298  0.521967  0.708113  0.385685  0.818217  0.813989  0.597344  0.885066  0.643489  0.553555  0.623709 0.0  0.626319  0.695706  0.537774  0.862397  0.787542  0.402075  0.921050  0.682879  0.837012  0.724654  0.752018  0.517457  0.867043 
17  0.531848  0.729338  0.585071  0.835051  0.549465  0.841925  0.741265  0.853408  0.530549  0.757354  0.853131  0.612722  0.899284  0.636558  0.650331  0.592166  0.626319 0.0  0.530905  0.587028  0.797822  0.777952  0.617695  0.806213  0.574710  0.841925  0.805913  0.728220  0.582370  0.759175 
18  0.670746  0.885592  0.603521  0.732710  0.634936  0.888815  0.744000  0.876553  0.821554  0.803201  0.825427  0.350459  0.843438  0.708042  0.585175  0.718282  0.695706  0.530905 0.0  0.587031  0.865115  0.804340  0.791003  0.881779  0.263080  0.782944  0.730827  0.701019  0.578281  0.813794 
19  0.578167  0.792253  0.674462  0.851863  0.787601  0.786333  0.355539  0.822620  0.404848  0.799434  0.889984  0.725425  0.867869  0.706928  0.749399  0.537269  0.537774  0.587028  0.587031 0.0  0.741894  0.839296  0.438973  0.941729  0.668062  0.676348  0.713186  0.793014  0.477246  0.909297 
20  0.724539  0.415482  0.944706  0.757135  0.858860  0.645060  0.777247  0.523495  0.930611  0.798383  0.411150  0.837494  0.421191  0.678975  0.774041  0.714631  0.862397  0.797822  0.865115  0.741894 0.0  0.749233  0.894174  0.277898  0.795488  0.776731  0.733687  0.675451  0.809060  0.784412 
21  0.610485  0.886572  0.687583  0.853368  0.839746  0.799660  0.770633  0.936753  0.829904  0.310407  0.794702  0.828045  0.856879  0.653626  0.892698  0.627684  0.787542  0.777952  0.804340  0.839296  0.749233 0.0  0.828189  0.813703  0.829718  0.775615  0.855844  0.838384  0.840325  0.483855 
22  0.579125  0.840035  0.713732  0.811363  0.694419  0.863465  0.358589  0.872323  0.346348  0.713776  0.853558  0.717275  0.880457  0.808353  0.711925  0.643913  0.402075  0.617695  0.791003  0.438973  0.894174  0.828189 0.0  0.824059  0.772500  0.774530  0.884773  0.763618  0.379662  0.807706 
23  0.771680  0.429241  0.817602  0.879495  0.866218  0.607558  0.886354  0.502755  0.900785  0.847790  0.461259  0.873216  0.337892  0.663602  0.790297  0.591423  0.921050  0.806213  0.881779  0.941729  0.277898  0.813703  0.824059 0.0  0.765490  0.706676  0.746885  0.785081  0.753793  0.781554 
24  0.580367  0.790001  0.569691  0.793348  0.551417  0.875718  0.755223  0.856377  0.825147  0.959594  0.979196  0.388912  0.937138  0.655440  0.515600  0.747701  0.682879  0.574710  0.263080  0.668062  0.795488  0.829718  0.772500  0.765490 0.0  0.791580  0.903320  0.717492  0.791131  0.915199 
25  0.826597  0.775264  0.740927  0.789509  0.774193  0.753482  0.852497  0.793497  0.735013  0.772027  0.623499  0.660991  0.873897  0.642318  0.793330  0.604593  0.837012  0.841925  0.782944  0.676348  0.776731  0.775615  0.774530  0.706676  0.791580 0.0  0.877812  0.829355  0.842776  0.742019 
26  0.739149  0.769708  0.763273  0.388855  0.754374  0.842351  0.870138  0.813731  0.701814  0.760258  0.830277  0.693272  0.838977  0.746313  0.731157  0.698163  0.724654  0.805913  0.730827  0.713186  0.733687  0.855844  0.884773  0.746885  0.903320  0.877812 0.0  0.776227  0.736563  0.740753 
27  0.870835  0.717324  0.821236  0.788523  0.790088  0.755091  0.736799  0.570635  0.774010  0.849926  0.827019  0.764750  0.649713  0.635753  0.822024  0.605343  0.752018  0.728220  0.701019  0.793014  0.675451  0.838384  0.763618  0.785081  0.717492  0.829355  0.776227 0.0  0.740754  0.841738 
28  0.573020  0.963691  0.623217  0.747915  0.647305  0.921410  0.522102  0.856553  0.492075  0.805478  0.852836  0.676911  0.809918  0.577216  0.628703  0.675171  0.517457  0.582370  0.578281  0.477246  0.809060  0.840325  0.379662  0.753793  0.791131  0.842776  0.736563  0.740754 0.0  1.000000 
29  0.563509  0.829599  0.941076  0.832981  0.856225  0.867594  0.791920  0.877155  0.809511  0.446259  0.669734  0.776912  0.718208  0.614970  0.899096  0.652050  0.867043  0.759175  0.813794  0.909297  0.784412  0.483855  0.807706  0.781554  0.915199  0.742019  0.740753  0.841738  1.000000 0.0 
