30
0 0.0  0.751357  0.768938  0.558281  0.681903  0.841700  0.801654  0.697769  0.618848  0.771113  0.520819  0.900271  0.456623  0.755710  0.521207  0.606125  0.805144  0.750741  0.686251  0.677087  0.746837  0.434324  0.609605  0.814855  0.734806  0.872736  0.790339  0.726530  0.266503  0.696940 
1  0.751357 0.0  0.893294  0.896727  0.881569  0.670524  0.895276  0.885878  0.853572  0.611634  0.984233  0.476976  0.786930  0.796004  0.868826  0.866118  0.876161  0.808983  0.821624  0.709448  0.806409  0.814926  0.781984  0.920767  0.914215  0.443181  0.781199  0.952077  0.881708  0.904690 
2  0.768938  0.893294 0.0  0.639179  0.695799  0.775295  0.752937  0.702804  0.610480  0.925530  0.661279  0.883751  0.655821  0.832622  0.628236  0.693086  0.772340  0.726914  0.589846  0.738686  0.314574  0.651007  0.548156  0.717796  0.679346  0.832590  0.600429  0.647506  0.741217  0.808978 
3  0.558281  0.896727  0.639179 0.0  0.409947  0.712250  0.752862  0.474791  0.456124  0.860953  0.537451  0.962296  0.570870  0.583454  0.617712  0.338669  0.887380  0.517728  0.449987  0.374250  0.596946  0.715460  0.583853  0.717663  0.551564  0.801253  0.843830  0.655330  0.749399  0.727440 
4  0.681903  0.881569  0.695799  0.409947 0.0  0.888876  0.803218  0.392237  0.455036  0.850630  0.795146  0.864145  0.744911  0.593812  0.737481  0.423028  0.767126  0.464082  0.491147  0.335421  0.719116  0.669246  0.796698  0.722689  0.539030  0.782334  0.857309  0.645847  0.669685  0.813672 
5  0.841700  0.670524  0.775295  0.712250  0.888876 0.0  0.728825  0.827767  0.784674  0.801181  0.717611  0.872049  0.773549  0.843111  0.793932  0.859049  0.927575  0.830159  0.796215  1.000000  0.749755  0.708417  0.826484  0.476214  0.809235  0.855645  0.856807  0.733838  0.775742  0.859668 
6  0.801654  0.895276  0.752937  0.752862  0.803218  0.728825 0.0  0.860333  0.811627  0.761097  0.712196  0.772547  0.766660  0.841027  0.824339  0.763089  0.777745  0.756363  0.717032  0.655990  0.893682  0.818358  0.813594  0.789800  0.801940  0.777109  0.749815  0.856297  0.778442  0.734875 
7  0.697769  0.885878  0.702804  0.474791  0.392237  0.827767  0.860333 0.0  0.373673  0.760825  0.742804  0.803702  0.757723  0.609690  0.677307  0.235415  0.752932  0.462135  0.495937  0.504051  0.654491  0.596121  0.725042  0.844834  0.636748  0.983018  0.820967  0.737677  0.767162  0.726074 
8  0.618848  0.853572  0.610480  0.456124  0.455036  0.784674  0.811627  0.373673 0.0  0.862543  0.795382  0.889212  0.678905  0.626693  0.762001  0.480304  0.805615  0.504997  0.548326  0.383453  0.713939  0.663391  0.684608  0.816871  0.575143  0.892763  0.823816  0.705498  0.693869  0.738969 
9  0.771113  0.611634  0.925530  0.860953  0.850630  0.801181  0.761097  0.760825  0.862543 0.0  0.859846  0.651874  0.767427  0.812815  0.845914  0.880611  0.697249  0.928154  0.800294  0.843982  0.879061  0.852786  0.866018  0.840773  0.802319  0.652611  0.900078  0.832555  0.904427  0.850859 
10  0.520819  0.984233  0.661279  0.537451  0.795146  0.717611  0.712196  0.742804  0.795382  0.859846 0.0  0.877351  0.331279  0.754372  0.346951  0.688936  0.805844  0.682134  0.570463  0.795813  0.622664  0.587065  0.462326  0.815563  0.525390  0.869876  0.800015  0.733168  0.744271  0.826049 
11  0.900271  0.476976  0.883751  0.962296  0.864145  0.872049  0.772547  0.803702  0.889212  0.651874  0.877351 0.0  0.795019  0.760790  0.984849  0.839036  0.723173  0.830506  0.915516  0.795311  0.885004  0.912203  0.888169  0.767040  0.835586  0.382838  0.869845  0.831915  0.908238  0.851412 
12  0.456623  0.786930  0.655821  0.570870  0.744911  0.773549  0.766660  0.757723  0.678905  0.767427  0.331279  0.795019 0.0  0.744166  0.383885  0.661984  0.807184  0.764420  0.641745  0.672912  0.733345  0.611924  0.588700  0.789145  0.699451  0.888629  0.786247  0.563297  0.695098  0.787977 
13  0.755710  0.796004  0.832622  0.583454  0.593812  0.843111  0.841027  0.609690  0.626693  0.812815  0.754372  0.760790  0.744166 0.0  0.772360  0.627454  0.711585  0.623040  0.619550  0.537771  0.752221  0.746585  0.782342  0.882938  0.820855  0.755360  0.435281  0.832983  0.775221  0.834849 
14  0.521207  0.868826  0.628236  0.617712  0.737481  0.793932  0.824339  0.677307  0.762001  0.845914  0.346951  0.984849  0.383885  0.772360 0.0  0.776019  0.862349  0.602500  0.679205  0.775275  0.673103  0.561977  0.643375  0.759558  0.682838  0.936241  0.758276  0.735228  0.534465  0.699044 
15  0.606125  0.866118  0.693086  0.338669  0.423028  0.859049  0.763089  0.235415  0.480304  0.880611  0.688936  0.839036  0.661984  0.627454  0.776019 0.0  0.825597  0.426650  0.519867  0.542374  0.697768  0.686308  0.717140  0.803141  0.704201  0.852760  0.915636  0.742151  0.695794  0.774385 
16  0.805144  0.876161  0.772340  0.887380  0.767126  0.927575  0.777745  0.752932  0.805615  0.697249  0.805844  0.723173  0.807184  0.711585  0.862349  0.825597 0.0  0.742846  0.861432  0.839319  0.957775  0.896458  0.853446  0.782057  0.783106  0.747094  0.726042  0.816587  0.709520  0.354493 
17  0.750741  0.808983  0.726914  0.517728  0.464082  0.830159  0.756363  0.462135  0.504997  0.928154  0.682134  0.830506  0.764420  0.623040  0.602500  0.426650  0.742846 0.0  0.517239  0.461063  0.671173  0.695023  0.691420  0.860891  0.690658  0.882411  0.866457  0.766213  0.713531  0.710776 
18  0.686251  0.821624  0.589846  0.449987  0.491147  0.796215  0.717032  0.495937  0.548326  0.800294  0.570463  0.915516  0.641745  0.619550  0.679205  0.519867  0.861432  0.517239 0.0  0.510444  0.733290  0.673111  0.682915  0.699733  0.545310  0.831293  0.833496  0.622742  0.791506  0.783411 
19  0.677087  0.709448  0.738686  0.374250  0.335421  1.000000  0.655990  0.504051  0.383453  0.843982  0.795813  0.795311  0.672912  0.537771  0.775275  0.542374  0.839319  0.461063  0.510444 0.0  0.827590  0.635280  0.631545  0.749463  0.530917  0.790645  0.902497  0.665397  0.622288  0.832209 
20  0.746837  0.806409  0.314574  0.596946  0.719116  0.749755  0.893682  0.654491  0.713939  0.879061  0.622664  0.885004  0.733345  0.752221  0.673103  0.697768  0.957775  0.671173  0.733290  0.827590 0.0  0.631385  0.716974  0.802925  0.654133  0.881243  0.821416  0.515880  0.641589  0.734065 
21  0.434324  0.814926  0.651007  0.715460  0.669246  0.708417  0.818358  0.596121  0.663391  0.852786  0.587065  0.912203  0.611924  0.746585  0.561977  0.686308  0.896458  0.695023  0.673111  0.635280  0.631385 0.0  0.562881  0.767140  0.653760  0.856670  0.807938  0.720856  0.630397  0.805321 
22  0.609605  0.781984  0.548156  0.583853  0.796698  0.826484  0.813594  0.725042  0.684608  0.866018  0.462326  0.888169  0.588700  0.782342  0.643375  0.717140  0.853446  0.691420  0.682915  0.631545  0.716974  0.562881 0.0  0.779094  0.584902  0.913318  0.962289  0.682752  0.469062  0.826373 
23  0.814855  0.920767  0.717796  0.717663  0.722689  0.476214  0.789800  0.844834  0.816871  0.840773  0.815563  0.767040  0.789145  0.882938  0.759558  0.803141  0.782057  0.860891  0.699733  0.749463  0.802925  0.767140  0.779094 0.0  0.863580  0.755527  0.721805  0.834795  0.814401  0.814283 
24  0.734806  0.914215  0.679346  0.551564  0.539030  0.809235  0.801940  0.636748  0.575143  0.802319  0.525390  0.835586  0.699451  0.820855  0.682838  0.704201  0.783106  0.690658  0.545310  0.530917  0.654133  0.653760  0.584902  0.863580 0.0  0.824221  0.909316  0.684271  0.517769  0.919577 
25  0.872736  0.443181  0.832590  0.801253  0.782334  0.855645  0.777109  0.983018  0.892763  0.652611  0.869876  0.382838  0.888629  0.755360  0.936241  0.852760  0.747094  0.882411  0.831293  0.790645  0.881243  0.856670  0.913318  0.755527  0.824221 0.0  0.884515  0.809382  0.819590  0.820367 
26  0.790339  0.781199  0.600429  0.843830  0.857309  0.856807  0.749815  0.820967  0.823816  0.900078  0.800015  0.869845  0.786247  0.435281  0.758276  0.915636  0.726042  0.866457  0.833496  0.902497  0.821416  0.807938  0.962289  0.721805  0.909316  0.884515 0.0  0.680843  0.941191  0.806614 
27  0.726530  0.952077  0.647506  0.655330  0.645847  0.733838  0.856297  0.737677  0.705498  0.832555  0.733168  0.831915  0.563297  0.832983  0.735228  0.742151  0.816587  0.766213  0.622742  0.665397  0.515880  0.720856  0.682752  0.834795  0.684271  0.809382  0.680843 0.0  0.617344  0.758876 
28  0.266503  0.881708  0.741217  0.749399  0.669685  0.775742  0.778442  0.767162  0.693869  0.904427  0.744271  0.908238  0.695098  0.775221  0.534465  0.695794  0.709520  0.713531  0.791506  0.622288  0.641589  0.630397  0.469062  0.814401  0.517769  0.819590  0.941191  0.617344 0.0  0.749025 
29  0.696940  0.904690  0.808978  0.727440  0.813672  0.859668  0.734875  0.726074  0.738969  0.850859  0.826049  0.851412  0.787977  0.834849  0.699044  0.774385  0.354493  0.710776  0.783411  0.832209  0.734065  0.805321  0.826373  0.814283  0.919577  0.820367  0.806614  0.758876  0.749025 0.0 
