30
0 0.0  0.735809  0.775794  0.750671  0.793260  0.744328  0.762141  0.692914  0.760272  0.723847  0.793145  0.735041  0.768921  0.771732  0.811760  0.875410  0.801052  0.767653  0.765294  0.681295  0.576470  0.439603  0.728664  0.841216  0.720313  0.843225  0.727600  0.763594  0.792356  0.800880 
1  0.735809 0.0  0.864994  0.654218  0.610820  0.585580  0.868477  0.632067  0.842882  0.744364  0.779484  0.691684  0.887554  0.796238  0.678614  0.601920  0.525494  0.694512  0.565434  0.414987  0.668502  0.671322  0.814590  0.583634  0.837701  0.554162  0.400722  0.562673  0.307084  0.611528 
2  0.775794  0.864994 0.0  0.858741  0.799934  0.826698  0.795319  0.791900  0.310590  0.756362  0.301759  0.703533  0.464378  0.363574  0.899210  0.689134  0.856510  0.816223  0.837858  0.763948  0.646723  0.736356  0.855039  0.840604  0.446458  0.832667  0.821169  0.853867  0.872934  0.883733 
3  0.750671  0.654218  0.858741 0.0  0.575881  0.559603  0.867443  0.340214  0.807062  0.797199  0.859146  0.511984  0.828601  0.880407  0.380636  0.581119  0.714562  0.796906  0.565017  0.701449  0.630032  0.767639  0.673069  0.653436  0.766584  0.705186  0.808741  0.646405  0.718359  0.456220 
4  0.793260  0.610820  0.799934  0.575881 0.0  0.511787  0.656501  0.488165  0.786548  0.767141  0.692857  0.664906  0.777387  0.823376  0.545312  0.588134  0.333324  0.754491  0.550478  0.552249  0.693269  0.809878  0.560309  0.463559  0.786851  0.606959  0.609024  0.472110  0.611467  0.598233 
5  0.744328  0.585580  0.826698  0.559603  0.511787 0.0  0.676050  0.579243  0.748309  0.772206  0.750049  0.531972  0.808726  0.886639  0.674959  0.548781  0.490535  0.697976  0.630081  0.724213  0.648782  0.746202  0.631244  0.552952  0.868201  0.688784  0.568514  0.670926  0.622957  0.583075 
6  0.762141  0.868477  0.795319  0.867443  0.656501  0.676050 0.0  0.635588  0.813965  0.715525  0.673483  0.666274  0.801744  0.931848  0.771566  0.890138  0.636845  0.693832  0.768845  0.831290  0.586894  0.785032  0.358062  0.727345  0.814089  0.752383  0.853136  0.766969  0.868859  0.800112 
7  0.692914  0.632067  0.791900  0.340214  0.488165  0.579243  0.635588 0.0  0.825717  0.700724  0.865908  0.591242  0.870266  0.951401  0.506872  0.484880  0.630776  0.781824  0.710369  0.609896  0.566331  0.583618  0.812987  0.616179  0.858597  0.574109  0.613090  0.593641  0.622160  0.266615 
8  0.760272  0.842882  0.310590  0.807062  0.786548  0.748309  0.813965  0.825717 0.0  0.813267  0.374074  0.675863  0.503305  0.426585  0.856074  0.735352  0.860497  0.744857  0.751592  0.891906  0.653627  0.736487  0.891693  0.848924  0.354980  0.787827  0.753954  0.809977  0.805425  0.748162 
9  0.723847  0.744364  0.756362  0.797199  0.767141  0.772206  0.715525  0.700724  0.813267 0.0  0.768251  0.555950  0.715055  0.785482  0.830028  0.823997  0.778216  0.244774  0.743364  0.698553  0.640823  0.853354  0.719205  0.753589  0.809965  0.746151  0.728432  0.769556  0.782833  0.847457 
10  0.793145  0.779484  0.301759  0.859146  0.692857  0.750049  0.673483  0.865908  0.374074  0.768251 0.0  0.681640  0.392762  0.292179  0.791259  0.838480  0.770626  0.725344  0.782773  0.733051  0.582475  0.892253  0.825979  0.857070  0.475839  0.890274  0.826274  0.840959  0.888654  0.777651 
11  0.735041  0.691684  0.703533  0.511984  0.664906  0.531972  0.666274  0.591242  0.675863  0.555950  0.681640 0.0  0.615637  0.585375  0.685277  0.636925  0.603023  0.611435  0.664015  0.594877  0.706504  0.682429  0.684803  0.649319  0.677787  0.654433  0.607967  0.644349  0.616163  0.598109 
12  0.768921  0.887554  0.464378  0.828601  0.777387  0.808726  0.801744  0.870266  0.503305  0.715055  0.392762  0.615637 0.0  0.279591  0.840940  0.757401  0.825229  0.746876  0.771820  0.869268  0.617057  0.736391  0.878733  0.909417  0.447377  0.775672  0.861077  0.838181  0.838986  0.917940 
13  0.771732  0.796238  0.363574  0.880407  0.823376  0.886639  0.931848  0.951401  0.426585  0.785482  0.292179  0.585375  0.279591 0.0  0.911245  0.717071  0.931540  0.770244  0.833604  0.803682  0.544670  0.731611  0.903064  0.867365  0.465106  0.932460  1.000000  0.827190  0.762288  0.881500 
14  0.811760  0.678614  0.899210  0.380636  0.545312  0.674959  0.771566  0.506872  0.856074  0.830028  0.791259  0.685277  0.840940  0.911245 0.0  0.628744  0.682983  0.743543  0.660858  0.657983  0.640113  0.668598  0.714584  0.733231  0.742292  0.695140  0.618591  0.514936  0.628248  0.413101 
15  0.875410  0.601920  0.689134  0.581119  0.588134  0.548781  0.890138  0.484880  0.735352  0.823997  0.838480  0.636925  0.757401  0.717071  0.628744 0.0  0.538466  0.800196  0.647763  0.504418  0.680319  0.864495  0.828487  0.611524  0.788760  0.561593  0.550719  0.389181  0.580205  0.542613 
16  0.801052  0.525494  0.856510  0.714562  0.333324  0.490535  0.636845  0.630776  0.860497  0.778216  0.770626  0.603023  0.825229  0.931540  0.682983  0.538466 0.0  0.747605  0.743412  0.588827  0.668492  0.754630  0.668581  0.691902  0.746057  0.734388  0.640535  0.632739  0.506498  0.712626 
17  0.767653  0.694512  0.816223  0.796906  0.754491  0.697976  0.693832  0.781824  0.744857  0.244774  0.725344  0.611435  0.746876  0.770244  0.743543  0.800196  0.747605 0.0  0.892093  0.808411  0.638871  0.731897  0.821097  0.835180  0.756772  0.721515  0.780492  0.823889  0.742252  0.792276 
18  0.765294  0.565434  0.837858  0.565017  0.550478  0.630081  0.768845  0.710369  0.751592  0.743364  0.782773  0.664015  0.771820  0.833604  0.660858  0.647763  0.743412  0.892093 0.0  0.364100  0.602583  0.647168  0.768972  0.275978  0.750263  0.643633  0.487232  0.582163  0.566302  0.597459 
19  0.681295  0.414987  0.763948  0.701449  0.552249  0.724213  0.831290  0.609896  0.891906  0.698553  0.733051  0.594877  0.869268  0.803682  0.657983  0.504418  0.588827  0.808411  0.364100 0.0  0.649872  0.742516  0.771858  0.483115  0.852642  0.650502  0.505677  0.593251  0.517910  0.674764 
20  0.576470  0.668502  0.646723  0.630032  0.693269  0.648782  0.586894  0.566331  0.653627  0.640823  0.582475  0.706504  0.617057  0.544670  0.640113  0.680319  0.668492  0.638871  0.602583  0.649872 0.0  0.634819  0.644887  0.671191  0.671464  0.655271  0.594301  0.653263  0.732928  0.600473 
21  0.439603  0.671322  0.736356  0.767639  0.809878  0.746202  0.785032  0.583618  0.736487  0.853354  0.892253  0.682429  0.736391  0.731611  0.668598  0.864495  0.754630  0.731897  0.647168  0.742516  0.634819 0.0  0.584892  0.784375  0.615422  0.776372  0.696487  0.764504  0.706806  0.812013 
22  0.728664  0.814590  0.855039  0.673069  0.560309  0.631244  0.358062  0.812987  0.891693  0.719205  0.825979  0.684803  0.878733  0.903064  0.714584  0.828487  0.668581  0.821097  0.768972  0.771858  0.644887  0.584892 0.0  0.795961  0.769620  0.756607  0.863040  0.862040  0.773846  0.852048 
23  0.841216  0.583634  0.840604  0.653436  0.463559  0.552952  0.727345  0.616179  0.848924  0.753589  0.857070  0.649319  0.909417  0.867365  0.733231  0.611524  0.691902  0.835180  0.275978  0.483115  0.671191  0.784375  0.795961 0.0  0.835857  0.405069  0.471306  0.528358  0.420465  0.732449 
24  0.720313  0.837701  0.446458  0.766584  0.786851  0.868201  0.814089  0.858597  0.354980  0.809965  0.475839  0.677787  0.447377  0.465106  0.742292  0.788760  0.746057  0.756772  0.750263  0.852642  0.671464  0.615422  0.769620  0.835857 0.0  0.689845  0.834966  0.819768  0.857262  0.763995 
25  0.843225  0.554162  0.832667  0.705186  0.606959  0.688784  0.752383  0.574109  0.787827  0.746151  0.890274  0.654433  0.775672  0.932460  0.695140  0.561593  0.734388  0.721515  0.643633  0.650502  0.655271  0.776372  0.756607  0.405069  0.689845 0.0  0.507520  0.645801  0.486454  0.632396 
26  0.727600  0.400722  0.821169  0.808741  0.609024  0.568514  0.853136  0.613090  0.753954  0.728432  0.826274  0.607967  0.861077  1.000000  0.618591  0.550719  0.640535  0.780492  0.487232  0.505677  0.594301  0.696487  0.863040  0.471306  0.834966  0.507520 0.0  0.577606  0.471916  0.731729 
27  0.763594  0.562673  0.853867  0.646405  0.472110  0.670926  0.766969  0.593641  0.809977  0.769556  0.840959  0.644349  0.838181  0.827190  0.514936  0.389181  0.632739  0.823889  0.582163  0.593251  0.653263  0.764504  0.862040  0.528358  0.819768  0.645801  0.577606 0.0  0.659119  0.639072 
28  0.792356  0.307084  0.872934  0.718359  0.611467  0.622957  0.868859  0.622160  0.805425  0.782833  0.888654  0.616163  0.838986  0.762288  0.628248  0.580205  0.506498  0.742252  0.566302  0.517910  0.732928  0.706806  0.773846  0.420465  0.857262  0.486454  0.471916  0.659119 0.0  0.520852 
29  0.800880  0.611528  0.883733  0.456220  0.598233  0.583075  0.800112  0.266615  0.748162  0.847457  0.777651  0.598109  0.917940  0.881500  0.413101  0.542613  0.712626  0.792276  0.597459  0.674764  0.600473  0.812013  0.852048  0.732449  0.763995  0.632396  0.731729  0.639072  0.520852 0.0 
