45
0 0.0  0.780434  0.755407  0.729300  0.702397  0.746198  0.709902  0.660989  0.794215  0.778634  0.724249  0.685202  0.625566  0.702087  0.666622  0.717166  0.864723  0.781641  0.723425  0.766946  0.643086  0.691359  0.696745  0.725635  0.663691  0.666611  0.710255  0.662813  0.693739  0.551609  0.773735  0.670803  0.778159  0.673489  0.702109  0.708883  0.667821  0.638425  0.734418  0.734665  0.754981  0.755667  0.709032  0.679796  0.720468 
1  0.780434 0.0  0.806326  0.814659  0.761350  0.786615  0.686192  0.881033  0.753647  0.853043  0.664860  0.703498  0.554491  0.718265  0.761502  0.852284  0.826039  0.780560  0.669548  0.597687  0.770863  0.821170  0.826006  0.847905  0.694710  0.859378  0.524166  0.734358  0.746136  0.763094  0.727103  0.522876  0.718280  0.751078  0.811915  0.839035  0.821339  0.786711  0.624497  0.829454  0.796728  0.697741  0.793275  0.747863  0.831067 
2  0.755407  0.806326 0.0  0.836829  0.756284  0.764980  0.652479  0.674569  0.735014  0.783197  0.612580  0.715936  0.589806  0.799121  0.807119  0.693712  0.791976  0.822616  0.343271  0.734046  0.545670  0.666778  0.763788  0.692669  0.818983  0.753268  0.680444  0.749562  0.713793  0.670275  0.514150  0.707120  0.791536  0.791848  0.745313  0.802164  0.625212  0.800370  0.701594  0.482062  0.724812  0.736941  0.677419  0.738125  0.787333 
3  0.729300  0.814659  0.836829 0.0  0.487212  0.705780  0.758452  0.625158  0.605302  0.731848  0.694133  0.467224  0.613448  0.609557  0.622717  0.723662  0.835225  0.693391  0.649833  0.781590  0.676108  0.608031  0.608973  0.830612  0.710040  0.743673  0.921208  0.667512  0.751828  0.699415  0.665069  0.894836  0.732592  0.861325  0.464192  0.830211  0.728590  0.735830  0.831297  0.762331  0.645049  0.849714  0.564339  0.712542  0.618471 
4  0.702397  0.761350  0.756284  0.487212 0.0  0.697408  0.787159  0.592959  0.570683  0.760617  0.805060  0.524098  0.616733  0.679120  0.655599  0.602830  0.815957  0.698274  0.751521  0.822957  0.729779  0.485817  0.625764  0.712418  0.848442  0.537008  0.845791  0.641069  0.663428  0.777315  0.801181  0.838659  0.742614  0.852909  0.544046  0.843729  0.828926  0.782116  0.711971  0.739144  0.604693  0.857010  0.464643  0.614912  0.645635 
5  0.746198  0.786615  0.764980  0.705780  0.697408 0.0  0.855488  0.561113  0.462374  0.661404  0.770390  0.355819  0.607564  0.521737  0.439274  0.481244  0.812252  0.377318  0.780837  0.852854  0.688552  0.664933  0.521833  0.864619  0.769111  0.341966  0.973013  0.460864  0.410986  0.724301  0.699467  0.733065  0.683201  0.733818  0.657328  0.705904  0.879471  0.655607  0.826126  0.724226  0.457868  0.782252  0.688476  0.364213  0.510927 
6  0.709902  0.686192  0.652479  0.758452  0.787159  0.855488 0.0  0.800642  0.906981  0.802257  0.783090  0.771048  0.730719  0.826829  0.822733  0.791348  0.782821  0.785941  0.746286  0.439610  0.739459  0.751686  0.844669  0.808629  0.529800  0.687137  0.593144  0.776086  0.872442  0.722261  0.695922  0.353139  0.779614  0.809564  0.861852  0.861354  0.787548  0.811257  0.540782  0.706214  0.846621  0.458205  0.966215  0.867946  0.884766 
7  0.660989  0.881033  0.674569  0.625158  0.592959  0.561113  0.800642 0.0  0.505729  0.775423  0.816310  0.485996  0.662799  0.586874  0.542769  0.485126  0.763516  0.570218  0.710002  0.821038  0.737688  0.676527  0.426354  0.765426  0.776639  0.595787  0.845499  0.370996  0.558311  0.732098  0.859435  0.776247  0.770834  0.877751  0.620781  0.843589  0.754291  0.695557  0.870058  0.591036  0.550446  0.806225  0.688250  0.435862  0.531285 
8  0.794215  0.753647  0.735014  0.605302  0.570683  0.462374  0.906981  0.505729 0.0  0.826081  0.721400  0.391909  0.679595  0.527682  0.357607  0.589323  0.783198  0.438812  0.762282  0.775743  0.712968  0.689314  0.518224  0.798116  0.809676  0.452947  0.747612  0.377614  0.430942  0.734874  0.865210  0.809400  0.798881  0.793014  0.681548  0.757529  0.769670  0.877510  0.765308  0.797197  0.337647  0.856104  0.636089  0.460938  0.529682 
9  0.778634  0.853043  0.783197  0.731848  0.760617  0.661404  0.802257  0.775423  0.826081 0.0  0.717385  0.648109  0.686080  0.779461  0.899399  0.717081  0.768455  0.648044  0.638051  0.864146  0.744965  0.729495  0.822657  0.564082  0.888666  0.835336  0.847810  0.803592  0.840459  0.711913  0.761699  0.784966  0.735899  0.516052  0.789204  0.464130  0.398476  0.494270  0.809199  0.735602  0.745691  0.708308  0.772451  0.759974  0.884918 
10  0.724249  0.664860  0.612580  0.694133  0.805060  0.770390  0.783090  0.816310  0.721400  0.717385 0.0  0.833706  0.560896  0.686578  0.666522  0.708007  0.851297  0.773287  0.524521  0.789773  0.497481  0.770815  0.770434  0.798710  0.646435  0.772821  0.686434  0.711256  0.688851  0.650505  0.450837  0.747319  0.755818  0.752798  0.797824  0.635524  0.813203  0.684577  0.750971  0.557206  0.758043  0.687390  0.707973  0.712826  0.745151 
11  0.685202  0.703498  0.715936  0.467224  0.524098  0.355819  0.771048  0.485996  0.391909  0.648109  0.833706 0.0  0.692167  0.356624  0.420578  0.411924  0.868000  0.495323  0.775126  0.714761  0.707455  0.621271  0.285988  0.771143  0.720717  0.391657  0.759032  0.492393  0.346342  0.823842  0.794759  0.714534  0.792365  0.802107  0.583589  0.676968  0.790138  0.825645  0.675240  0.686379  0.475735  0.758014  0.551017  0.330455  0.447011 
12  0.625566  0.554491  0.589806  0.613448  0.616733  0.607564  0.730719  0.662799  0.679595  0.686080  0.560896  0.692167 0.0  0.515888  0.699385  0.624544  0.750923  0.643634  0.631710  0.616762  0.621110  0.555346  0.597807  0.629993  0.487558  0.675861  0.708040  0.743261  0.621810  0.617909  0.680044  0.639698  0.550404  0.608302  0.673744  0.644583  0.638712  0.682881  0.599655  0.576039  0.603050  0.620525  0.584738  0.590298  0.601389 
13  0.702087  0.718265  0.799121  0.609557  0.679120  0.521737  0.826829  0.586874  0.527682  0.779461  0.686578  0.356624  0.515888 0.0  0.553501  0.535876  0.842393  0.567633  0.793462  0.746473  0.658591  0.621591  0.568799  0.868112  0.895554  0.495664  0.840849  0.575919  0.573076  0.696507  0.829822  0.780470  0.702993  0.884972  0.664263  0.890509  0.817293  0.788005  0.818805  0.658832  0.509755  0.903788  0.655708  0.467526  0.507402 
14  0.666622  0.761502  0.807119  0.622717  0.655599  0.439274  0.822733  0.542769  0.357607  0.899399  0.666522  0.420578  0.699385  0.553501 0.0  0.402997  0.901392  0.349079  0.828181  0.824223  0.659311  0.621718  0.512539  0.784218  0.752486  0.414944  0.871322  0.584546  0.425263  0.796807  0.731757  0.761360  0.704652  0.710575  0.543306  0.752385  0.692782  0.780953  0.828837  0.757049  0.357993  0.793030  0.769026  0.398156  0.510843 
15  0.717166  0.852284  0.693712  0.723662  0.602830  0.481244  0.791348  0.485126  0.589323  0.717081  0.708007  0.411924  0.624544  0.535876  0.402997 0.0  0.725236  0.479907  0.764087  0.846952  0.663865  0.658000  0.516646  0.818597  0.716079  0.389872  0.840772  0.516027  0.358318  0.725054  0.715242  0.802176  0.744736  0.728276  0.703469  0.755436  0.762411  0.819280  0.787786  0.787959  0.450515  0.698847  0.610247  0.429672  0.501379 
16  0.864723  0.826039  0.791976  0.835225  0.815957  0.812252  0.782821  0.763516  0.783198  0.768455  0.851297  0.868000  0.750923  0.842393  0.901392  0.725236 0.0  0.754271  0.765180  0.769785  0.717800  0.722836  0.790916  0.893077  0.840141  0.906306  0.691270  0.835606  0.916032  0.939559  0.776967  0.907818  0.896719  0.855962  0.851525  0.762970  0.847673  0.868446  0.771575  0.749368  0.797667  0.757631  0.819279  0.841202  0.843615 
17  0.781641  0.780560  0.822616  0.693391  0.698274  0.377318  0.785941  0.570218  0.438812  0.648044  0.773287  0.495323  0.643634  0.567633  0.349079  0.479907  0.754271 0.0  0.723273  0.748772  0.720479  0.709380  0.562930  0.763811  0.811779  0.497774  0.818891  0.489769  0.324945  0.694534  0.713592  0.757110  0.664566  0.896275  0.679994  0.911958  0.789199  0.734218  0.857593  0.779733  0.404747  0.721150  0.652061  0.343081  0.536910 
18  0.723425  0.669548  0.343271  0.649833  0.751521  0.780837  0.746286  0.710002  0.762282  0.638051  0.524521  0.775126  0.631710  0.793462  0.828181  0.764087  0.765180  0.723273 0.0  0.660913  0.613420  0.669724  0.726602  0.710107  0.684769  0.688640  0.731263  0.571124  0.714530  0.739819  0.494519  0.716416  0.721211  0.748338  0.675366  0.682638  0.750852  0.800103  0.658512  0.320130  0.769693  0.729339  0.846263  0.659230  0.689925 
19  0.766946  0.597687  0.734046  0.781590  0.822957  0.852854  0.439610  0.821038  0.775743  0.864146  0.789773  0.714761  0.616762  0.746473  0.824223  0.846952  0.769785  0.748772  0.660913 0.0  0.760225  0.703579  0.841345  0.827389  0.524040  0.825381  0.524917  0.714008  0.715605  0.806319  0.645684  0.446176  0.706152  0.783736  0.867679  0.831916  0.793830  0.795648  0.558122  0.804405  0.903677  0.412144  0.796477  0.762267  0.775159 
20  0.643086  0.770863  0.545670  0.676108  0.729779  0.688552  0.739459  0.737688  0.712968  0.744965  0.497481  0.707455  0.621110  0.658591  0.659311  0.663865  0.717800  0.720479  0.613420  0.760225 0.0  0.788189  0.669672  0.734982  0.828288  0.739701  0.732137  0.657873  0.701677  0.725195  0.603636  0.736535  0.791369  0.721516  0.734333  0.706186  0.670801  0.749955  0.684375  0.582706  0.816915  0.844124  0.731349  0.735571  0.780103 
21  0.691359  0.821170  0.666778  0.608031  0.485817  0.664933  0.751686  0.676527  0.689314  0.729495  0.770815  0.621271  0.555346  0.621591  0.621718  0.658000  0.722836  0.709380  0.669724  0.703579  0.788189 0.0  0.590230  0.703261  0.830481  0.567273  0.745656  0.670580  0.616425  0.626834  0.647883  0.769919  0.650920  0.885614  0.508386  0.700726  0.902943  0.803953  0.725491  0.804433  0.674448  0.795903  0.536909  0.651941  0.523217 
22  0.696745  0.826006  0.763788  0.608973  0.625764  0.521833  0.844669  0.426354  0.518224  0.822657  0.770434  0.285988  0.597807  0.568799  0.512539  0.516646  0.790916  0.562930  0.726602  0.841345  0.669672  0.590230 0.0  0.852313  0.808843  0.469569  0.762956  0.525181  0.402492  0.672231  0.811848  0.773562  0.682030  0.712993  0.603236  0.792736  0.759305  0.768541  0.868748  0.705917  0.405951  0.828923  0.617934  0.478041  0.656968 
23  0.725635  0.847905  0.692669  0.830612  0.712418  0.864619  0.808629  0.765426  0.798116  0.564082  0.798710  0.771143  0.629993  0.868112  0.784218  0.818597  0.893077  0.763811  0.710107  0.827389  0.734982  0.703261  0.852313 0.0  0.723725  0.762642  0.756547  0.781740  0.784029  0.737260  0.768551  0.767765  0.747114  0.571204  0.803723  0.482218  0.569695  0.554369  0.777507  0.813039  0.767345  0.754608  0.721453  0.828201  0.831321 
24  0.663691  0.694710  0.818983  0.710040  0.848442  0.769111  0.529800  0.776639  0.809676  0.888666  0.646435  0.720717  0.487558  0.895554  0.752486  0.716079  0.840141  0.811779  0.684769  0.524040  0.828288  0.830481  0.808843  0.723725 0.0  0.854569  0.721024  0.824302  0.805560  0.706485  0.794442  0.457756  0.773345  0.803407  0.849540  0.923398  0.753092  0.770888  0.497183  0.736717  0.815034  0.337698  0.807159  0.747494  0.730368 
25  0.666611  0.859378  0.753268  0.743673  0.537008  0.341966  0.687137  0.595787  0.452947  0.835336  0.772821  0.391657  0.675861  0.495664  0.414944  0.389872  0.906306  0.497774  0.688640  0.825381  0.739701  0.567273  0.469569  0.762642  0.854569 0.0  0.780388  0.457962  0.423987  0.697158  0.733911  0.831564  0.694982  0.751832  0.611766  0.796739  0.797611  0.771434  0.886018  0.687293  0.431803  0.761620  0.780036  0.480559  0.318074 
26  0.710255  0.524166  0.680444  0.921208  0.845791  0.973013  0.593144  0.845499  0.747612  0.847810  0.686434  0.759032  0.708040  0.840849  0.871322  0.840772  0.691270  0.818891  0.731263  0.524917  0.732137  0.745656  0.762956  0.756547  0.721024  0.780388 0.0  0.821554  0.850819  0.711431  0.766555  0.576181  0.768376  0.732136  0.936963  0.861055  0.887677  0.970320  0.557190  0.681423  0.824532  0.562639  0.819426  0.847669  0.838053 
27  0.662813  0.734358  0.749562  0.667512  0.641069  0.460864  0.776086  0.370996  0.377614  0.803592  0.711256  0.492393  0.743261  0.575919  0.584546  0.516027  0.835606  0.489769  0.571124  0.714008  0.657873  0.670580  0.525181  0.781740  0.824302  0.457962  0.821554 0.0  0.528392  0.702288  0.679573  0.919763  0.709052  0.789871  0.667062  0.688375  0.886143  0.750058  0.868139  0.758100  0.528658  0.851947  0.772585  0.617672  0.512376 
28  0.693739  0.746136  0.713793  0.751828  0.663428  0.410986  0.872442  0.558311  0.430942  0.840459  0.688851  0.346342  0.621810  0.573076  0.425263  0.358318  0.916032  0.324945  0.714530  0.715605  0.701677  0.616425  0.402492  0.784029  0.805560  0.423987  0.850819  0.528392 0.0  0.681140  0.828144  0.857853  0.685132  0.900623  0.620053  0.767706  0.740244  0.788203  0.743817  0.694107  0.461948  0.703700  0.649103  0.417970  0.523203 
29  0.551609  0.763094  0.670275  0.699415  0.777315  0.724301  0.722261  0.732098  0.734874  0.711913  0.650505  0.823842  0.617909  0.696507  0.796807  0.725054  0.939559  0.694534  0.739819  0.806319  0.725195  0.626834  0.672231  0.737260  0.706485  0.697158  0.711431  0.702288  0.681140 0.0  0.691694  0.690471  0.744733  0.700788  0.596476  0.724934  0.700067  0.771548  0.773868  0.789309  0.693605  0.744308  0.787143  0.757151  0.676677 
30  0.773735  0.727103  0.514150  0.665069  0.801181  0.699467  0.695922  0.859435  0.865210  0.761699  0.450837  0.794759  0.680044  0.829822  0.731757  0.715242  0.776967  0.713592  0.494519  0.645684  0.603636  0.647883  0.811848  0.768551  0.794442  0.733911  0.766555  0.679573  0.828144  0.691694 0.0  0.653383  0.732466  0.682576  0.806925  0.852512  0.737196  0.814705  0.822957  0.610427  0.703044  0.718305  0.761294  0.722619  0.722500 
31  0.670803  0.522876  0.707120  0.894836  0.838659  0.733065  0.353139  0.776247  0.809400  0.784966  0.747319  0.714534  0.639698  0.780470  0.761360  0.802176  0.907818  0.757110  0.716416  0.446176  0.736535  0.769919  0.773562  0.767765  0.457756  0.831564  0.576181  0.919763  0.857853  0.690471  0.653383 0.0  0.840887  0.685632  0.768971  0.791839  0.815797  0.816865  0.381169  0.645860  0.820339  0.425186  0.875710  0.877637  0.827461 
32  0.778159  0.718280  0.791536  0.732592  0.742614  0.683201  0.779614  0.770834  0.798881  0.735899  0.755818  0.792365  0.550404  0.702993  0.704652  0.744736  0.896719  0.664566  0.721211  0.706152  0.791369  0.650920  0.682030  0.747114  0.773345  0.694982  0.768376  0.709052  0.685132  0.744733  0.732466  0.840887 0.0  0.666245  0.764313  0.714724  0.750823  0.734142  0.643689  0.827598  0.747572  0.645958  0.700592  0.683123  0.714757 
33  0.673489  0.751078  0.791848  0.861325  0.852909  0.733818  0.809564  0.877751  0.793014  0.516052  0.752798  0.802107  0.608302  0.884972  0.710575  0.728276  0.855962  0.896275  0.748338  0.783736  0.721516  0.885614  0.712993  0.571204  0.803407  0.751832  0.732136  0.789871  0.900623  0.700788  0.682576  0.685632  0.666245 0.0  0.815972  0.362407  0.220491  0.688993  0.769330  0.675146  0.732195  0.778803  0.674463  0.857916  1.000000 
34  0.702109  0.811915  0.745313  0.464192  0.544046  0.657328  0.861852  0.620781  0.681548  0.789204  0.797824  0.583589  0.673744  0.664263  0.543306  0.703469  0.851525  0.679994  0.675366  0.867679  0.734333  0.508386  0.603236  0.803723  0.849540  0.611766  0.936963  0.667062  0.620053  0.596476  0.806925  0.768971  0.764313  0.815972 0.0  0.779474  0.781553  0.799134  0.867130  0.691761  0.720879  0.833936  0.439393  0.648888  0.729361 
35  0.708883  0.839035  0.802164  0.830211  0.843729  0.705904  0.861354  0.843589  0.757529  0.464130  0.635524  0.676968  0.644583  0.890509  0.752385  0.755436  0.762970  0.911958  0.682638  0.831916  0.706186  0.700726  0.792736  0.482218  0.923398  0.796739  0.861055  0.688375  0.767706  0.724934  0.852512  0.791839  0.714724  0.362407  0.779474 0.0  0.495004  0.758636  0.680909  0.706657  0.829416  0.797410  0.785498  0.833626  0.775432 
36  0.667821  0.821339  0.625212  0.728590  0.828926  0.879471  0.787548  0.754291  0.769670  0.398476  0.813203  0.790138  0.638712  0.817293  0.692782  0.762411  0.847673  0.789199  0.750852  0.793830  0.670801  0.902943  0.759305  0.569695  0.753092  0.797611  0.887677  0.886143  0.740244  0.700067  0.737196  0.815797  0.750823  0.220491  0.781553  0.495004 0.0  0.546511  0.746885  0.767378  0.789349  0.890154  0.766611  0.832686  0.799980 
37  0.638425  0.786711  0.800370  0.735830  0.782116  0.655607  0.811257  0.695557  0.877510  0.494270  0.684577  0.825645  0.682881  0.788005  0.780953  0.819280  0.868446  0.734218  0.800103  0.795648  0.749955  0.803953  0.768541  0.554369  0.770888  0.771434  0.970320  0.750058  0.788203  0.771548  0.814705  0.816865  0.734142  0.688993  0.799134  0.758636  0.546511 0.0  0.957278  0.784515  0.762579  0.776719  0.814085  0.741606  0.782824 
38  0.734418  0.624497  0.701594  0.831297  0.711971  0.826126  0.540782  0.870058  0.765308  0.809199  0.750971  0.675240  0.599655  0.818805  0.828837  0.787786  0.771575  0.857593  0.658512  0.558122  0.684375  0.725491  0.868748  0.777507  0.497183  0.886018  0.557190  0.868139  0.743817  0.773868  0.822957  0.381169  0.643689  0.769330  0.867130  0.680909  0.746885  0.957278 0.0  0.751273  0.799984  0.430045  0.823345  0.815791  0.780145 
39  0.734665  0.829454  0.482062  0.762331  0.739144  0.724226  0.706214  0.591036  0.797197  0.735602  0.557206  0.686379  0.576039  0.658832  0.757049  0.787959  0.749368  0.779733  0.320130  0.804405  0.582706  0.804433  0.705917  0.813039  0.736717  0.687293  0.681423  0.758100  0.694107  0.789309  0.610427  0.645860  0.827598  0.675146  0.691761  0.706657  0.767378  0.784515  0.751273 0.0  0.770651  0.696792  0.811199  0.724577  0.711807 
40  0.754981  0.796728  0.724812  0.645049  0.604693  0.457868  0.846621  0.550446  0.337647  0.745691  0.758043  0.475735  0.603050  0.509755  0.357993  0.450515  0.797667  0.404747  0.769693  0.903677  0.816915  0.674448  0.405951  0.767345  0.815034  0.431803  0.824532  0.528658  0.461948  0.693605  0.703044  0.820339  0.747572  0.732195  0.720879  0.829416  0.789349  0.762579  0.799984  0.770651 0.0  0.814050  0.633514  0.459158  0.384182 
41  0.755667  0.697741  0.736941  0.849714  0.857010  0.782252  0.458205  0.806225  0.856104  0.708308  0.687390  0.758014  0.620525  0.903788  0.793030  0.698847  0.757631  0.721150  0.729339  0.412144  0.844124  0.795903  0.828923  0.754608  0.337698  0.761620  0.562639  0.851947  0.703700  0.744308  0.718305  0.425186  0.645958  0.778803  0.833936  0.797410  0.890154  0.776719  0.430045  0.696792  0.814050 0.0  0.805980  0.816456  0.799037 
42  0.709032  0.793275  0.677419  0.564339  0.464643  0.688476  0.966215  0.688250  0.636089  0.772451  0.707973  0.551017  0.584738  0.655708  0.769026  0.610247  0.819279  0.652061  0.846263  0.796477  0.731349  0.536909  0.617934  0.721453  0.807159  0.780036  0.819426  0.772585  0.649103  0.787143  0.761294  0.875710  0.700592  0.674463  0.439393  0.785498  0.766611  0.814085  0.823345  0.811199  0.633514  0.805980 0.0  0.685147  0.635596 
43  0.679796  0.747863  0.738125  0.712542  0.614912  0.364213  0.867946  0.435862  0.460938  0.759974  0.712826  0.330455  0.590298  0.467526  0.398156  0.429672  0.841202  0.343081  0.659230  0.762267  0.735571  0.651941  0.478041  0.828201  0.747494  0.480559  0.847669  0.617672  0.417970  0.757151  0.722619  0.877637  0.683123  0.857916  0.648888  0.833626  0.832686  0.741606  0.815791  0.724577  0.459158  0.816456  0.685147 0.0  0.464017 
44  0.720468  0.831067  0.787333  0.618471  0.645635  0.510927  0.884766  0.531285  0.529682  0.884918  0.745151  0.447011  0.601389  0.507402  0.510843  0.501379  0.843615  0.536910  0.689925  0.775159  0.780103  0.523217  0.656968  0.831321  0.730368  0.318074  0.838053  0.512376  0.523203  0.676677  0.722500  0.827461  0.714757  1.000000  0.729361  0.775432  0.799980  0.782824  0.780145  0.711807  0.384182  0.799037  0.635596  0.464017 0.0 
