45
0 0.0  0.763996  0.752694  0.860185  0.536192  0.819584  0.769613  0.767865  0.836705  0.741630  0.439023  0.717789  0.747638  0.710439  0.731044  0.670257  0.665522  0.774499  0.657358  0.764533  0.726647  0.793831  0.837326  0.753733  0.954731  0.862298  0.690936  0.711960  0.725319  0.718725  0.749137  0.769142  0.687185  0.780685  0.716295  0.854749  0.659531  0.565873  0.721766  0.758725  0.798478  0.742966  0.857674  0.799683  0.482059 
1  0.763996 0.0  0.752376  0.750608  0.818673  0.563002  0.742726  0.719019  0.729542  0.774387  0.822807  0.735398  0.677363  0.831410  0.801876  0.768767  0.630660  0.813389  0.722078  0.676400  0.699750  0.820696  0.899173  0.729124  0.695802  0.753827  0.740452  0.738888  0.760165  0.777062  0.702038  0.813623  0.822490  0.768667  0.797240  0.940717  0.694024  0.706544  0.817438  0.652100  0.703832  0.743112  0.719317  0.761876  0.743029 
2  0.752694  0.752376 0.0  0.731036  0.765621  0.773607  0.762345  0.750575  0.755965  0.833519  0.737022  0.789347  0.712400  0.893132  0.815129  0.706372  0.600199  0.802419  0.710246  0.842720  0.769215  0.839058  0.776600  0.590797  0.850413  0.565526  0.743079  0.835462  0.749126  0.589947  0.806706  0.786451  0.822845  0.634243  0.684396  0.837697  0.814911  0.782378  0.806960  0.849912  0.824868  0.441724  0.484855  0.746415  0.760819 
3  0.860185  0.750608  0.731036 0.0  0.848233  0.727915  0.752647  0.584626  0.558318  0.635303  0.817700  0.511111  0.862469  0.877882  0.696046  0.737021  0.667698  0.804218  0.673345  0.478308  0.639448  0.742355  0.690893  0.794103  0.739938  0.864166  0.686834  0.600350  0.838022  0.930044  0.422580  0.730654  0.734593  0.789445  0.721534  0.776476  0.664418  0.695923  0.762259  0.744099  0.648069  0.826533  0.777571  0.680066  0.800034 
4  0.536192  0.818673  0.765621  0.848233 0.0  0.693152  0.737181  0.614296  0.747601  0.762112  0.509827  0.728126  0.652244  0.797157  0.731215  0.745614  0.593106  0.682756  0.695048  0.810948  0.788604  0.813358  0.772760  0.778024  0.779046  0.737655  0.710774  0.676929  0.769408  0.859390  0.675060  0.801181  0.783657  0.794375  0.736948  0.913081  0.823422  0.521125  0.680335  0.857155  0.739096  0.677160  0.797915  0.792094  0.530575 
5  0.819584  0.563002  0.773607  0.727915  0.693152 0.0  0.776851  0.656544  0.596334  0.683895  0.765859  0.911071  0.758325  0.691964  0.776399  0.756222  0.592442  0.766063  0.724552  0.675977  0.761968  0.757396  0.810882  0.783204  0.780666  0.690657  0.729138  0.734419  0.771492  0.789524  0.703900  0.738236  0.739782  0.773504  0.831355  0.859946  0.691962  0.851972  0.762831  0.690369  0.789990  0.637579  0.777866  0.808921  0.854575 
6  0.769613  0.742726  0.762345  0.752647  0.737181  0.776851 0.0  0.671461  0.728638  0.559123  0.820427  0.602481  0.718366  0.884960  0.556303  0.854884  0.709667  0.338507  0.601712  0.675224  0.443297  0.730556  0.506064  0.886904  0.626984  0.835183  0.587659  0.589150  0.795889  0.847182  0.603025  0.751390  0.859343  0.819248  0.822172  0.747781  0.560639  0.731134  0.604088  0.840636  0.420462  0.815923  0.717562  0.484123  0.746094 
7  0.767865  0.719019  0.750575  0.584626  0.614296  0.656544  0.671461 0.0  0.496760  0.776986  0.817339  0.458904  0.800668  0.811777  0.725710  0.859421  0.565261  0.625926  0.623171  0.516394  0.659280  0.894367  0.617787  0.780944  0.763687  0.952433  0.668322  0.662889  0.801710  0.870113  0.526485  0.703388  0.855709  0.682935  0.756564  0.942094  0.687554  0.788184  0.664764  0.826389  0.651460  0.792199  0.871235  0.687408  0.775675 
8  0.836705  0.729542  0.755965  0.558318  0.747601  0.596334  0.728638  0.496760 0.0  0.708051  0.702729  0.442045  0.906484  0.869858  0.618505  0.829732  0.574603  0.659400  0.640605  0.557073  0.676618  0.789554  0.613288  0.756943  0.643841  0.870211  0.640955  0.626880  0.750502  0.790371  0.565639  0.798865  0.757782  0.812126  0.810357  0.814492  0.548866  0.778467  0.655154  0.787463  0.719867  0.855805  0.869314  0.745895  0.803151 
9  0.741630  0.774387  0.833519  0.635303  0.762112  0.683895  0.559123  0.776986  0.708051 0.0  0.767381  0.747493  0.751412  0.852067  0.612282  0.816080  0.639953  0.503857  0.478655  0.651076  0.493344  0.766923  0.428399  0.802151  0.370391  0.719314  0.504155  0.422821  0.855980  0.824969  0.727922  0.792063  0.816442  0.695719  0.651053  0.801473  0.416660  0.697553  0.542412  0.889445  0.556402  0.822360  0.781492  0.656633  0.637202 
10  0.439023  0.822807  0.737022  0.817700  0.509827  0.765859  0.820427  0.817339  0.702729  0.767381 0.0  0.834550  0.731495  0.756148  0.821154  0.787163  0.660162  0.781783  0.756613  0.830278  0.763567  0.712569  0.731398  0.835396  0.800487  0.827607  0.695346  0.772109  0.832670  0.717232  0.630195  0.804671  0.672093  0.766510  0.674337  0.807498  0.802097  0.529568  0.752720  0.752224  0.814642  0.764240  0.667030  0.711083  0.542439 
11  0.717789  0.735398  0.789347  0.511111  0.728126  0.911071  0.602481  0.458904  0.442045  0.747493  0.834550 0.0  0.840380  0.816019  0.723282  0.774203  0.624496  0.765534  0.528707  0.553188  0.668489  0.853477  0.563555  0.773117  0.628694  0.787823  0.670490  0.717692  0.847487  0.860821  0.583401  0.750494  0.907278  0.784991  0.779314  0.849070  0.637995  0.709615  0.651805  0.749338  0.704141  0.816231  0.760078  0.749628  0.804064 
12  0.747638  0.677363  0.712400  0.862469  0.652244  0.758325  0.718366  0.800668  0.906484  0.751412  0.731495  0.840380 0.0  0.487629  0.780460  0.537948  0.693769  0.849929  0.915577  0.827186  0.808730  0.296527  0.821421  0.754700  0.791295  0.732165  0.825918  0.759078  0.374814  0.843114  0.854794  0.602621  0.516003  0.685293  0.678575  0.884261  0.792612  0.749554  0.790819  0.432779  0.830167  0.803399  0.722854  0.705087  0.704938 
13  0.710439  0.831410  0.893132  0.877882  0.797157  0.691964  0.884960  0.811777  0.869858  0.852067  0.756148  0.816019  0.487629 0.0  0.890885  0.460632  0.678699  0.895632  0.784706  0.838960  0.741619  0.531682  0.800050  0.881545  0.851420  0.766674  0.815554  0.894356  0.608861  0.875716  0.861128  0.815388  0.498309  0.763212  0.694047  0.883403  0.755191  0.752474  0.775414  0.422498  0.778018  0.733625  0.837228  0.813875  0.789789 
14  0.731044  0.801876  0.815129  0.696046  0.731215  0.776399  0.556303  0.725710  0.618505  0.612282  0.821154  0.723282  0.780460  0.890885 0.0  0.782482  0.532806  0.525085  0.489530  0.625694  0.482070  0.792107  0.446549  0.777777  0.569873  0.872900  0.578508  0.482294  0.779121  0.826348  0.535997  0.634880  0.717988  0.792912  0.774958  0.817674  0.339720  0.740740  0.503159  0.866853  0.433993  0.840568  0.831161  0.430566  0.640608 
15  0.670257  0.768767  0.706372  0.737021  0.745614  0.756222  0.854884  0.859421  0.829732  0.816080  0.787163  0.774203  0.537948  0.460632  0.782482 0.0  0.606058  0.839215  0.912270  0.703035  0.867065  0.445369  0.739239  0.778541  0.780323  0.896729  0.808908  0.865436  0.573307  0.827210  0.849523  0.719191  0.498162  0.760193  0.774912  0.746241  0.843534  0.696366  0.914471  0.548905  0.782418  0.849878  0.813412  0.737778  0.806025 
16  0.665522  0.630660  0.600199  0.667698  0.593106  0.592442  0.709667  0.565261  0.574603  0.639953  0.660162  0.624496  0.693769  0.678699  0.532806  0.606058 0.0  0.633852  0.584695  0.665397  0.669335  0.780121  0.608031  0.612715  0.694086  0.603209  0.652134  0.641812  0.670701  0.563881  0.684352  0.642333  0.591118  0.677405  0.682977  0.896799  0.591234  0.595483  0.626414  0.643563  0.771425  0.670356  0.526044  0.750407  0.646132 
17  0.774499  0.813389  0.802419  0.804218  0.682756  0.766063  0.338507  0.625926  0.659400  0.503857  0.781783  0.765534  0.849929  0.895632  0.525085  0.839215  0.633852 0.0  0.607321  0.738791  0.382535  0.760900  0.424999  0.823897  0.591728  0.705936  0.618906  0.567609  0.818677  0.846835  0.785682  0.845146  0.828332  0.818033  0.823848  0.829015  0.589730  0.746156  0.539798  0.871029  0.351380  0.830904  0.829389  0.538141  0.834906 
18  0.657358  0.722078  0.710246  0.673345  0.695048  0.724552  0.601712  0.623171  0.640605  0.478655  0.756613  0.528707  0.915577  0.784706  0.489530  0.912270  0.584695  0.607321 0.0  0.702653  0.542405  0.810215  0.568441  0.774692  0.463043  0.890299  0.492833  0.365413  0.779398  0.797177  0.752804  0.768842  0.728314  0.767141  0.768017  0.867802  0.515867  0.710088  0.463024  0.811660  0.531381  0.817433  0.832516  0.616573  0.817879 
19  0.764533  0.676400  0.842720  0.478308  0.810948  0.675977  0.675224  0.516394  0.557073  0.651076  0.830278  0.553188  0.827186  0.838960  0.625694  0.703035  0.665397  0.738791  0.702653 0.0  0.681225  0.851948  0.809108  0.749656  0.744160  0.809837  0.705210  0.729225  0.811720  0.902820  0.413235  0.823108  0.771383  0.736811  0.784703  0.808646  0.791738  0.723314  0.686603  0.832150  0.720380  0.843725  0.923581  0.729794  0.693319 
20  0.726647  0.699750  0.769215  0.639448  0.788604  0.761968  0.443297  0.659280  0.676618  0.493344  0.763567  0.668489  0.808730  0.741619  0.482070  0.867065  0.669335  0.382535  0.542405  0.681225 0.0  0.838313  0.454824  0.778740  0.589915  0.806195  0.548040  0.536197  0.760288  0.796295  0.707875  0.729633  0.838144  0.720454  0.665089  0.801352  0.614077  0.826489  0.555113  0.774668  0.492629  0.720537  0.834037  0.635925  0.687306 
21  0.793831  0.820696  0.839058  0.742355  0.813358  0.757396  0.730556  0.894367  0.789554  0.766923  0.712569  0.853477  0.296527  0.531682  0.792107  0.445369  0.780121  0.760900  0.810215  0.851948  0.838313 0.0  0.711653  0.835451  0.861414  0.780829  0.888246  0.831808  0.465474  0.832932  0.822929  0.676198  0.469730  0.712867  0.871534  0.826546  0.797463  0.683955  0.864608  0.395222  0.825911  0.758606  0.813874  0.743057  0.619132 
22  0.837326  0.899173  0.776600  0.690893  0.772760  0.810882  0.506064  0.617787  0.613288  0.428399  0.731398  0.563555  0.821421  0.800050  0.446549  0.739239  0.608031  0.424999  0.568441  0.809108  0.454824  0.711653 0.0  0.779518  0.507734  0.826460  0.407999  0.458768  0.704193  0.886028  0.597880  0.673440  0.840986  0.804665  0.751499  0.715661  0.515565  0.697424  0.483411  0.793073  0.661631  0.775596  0.708043  0.509165  0.853682 
23  0.753733  0.729124  0.590797  0.794103  0.778024  0.783204  0.886904  0.780944  0.756943  0.802151  0.835396  0.773117  0.754700  0.881545  0.777777  0.778541  0.612715  0.823897  0.774692  0.749656  0.778740  0.835451  0.779518 0.0  0.730692  0.676051  0.792123  0.773243  0.694611  0.526016  0.855592  0.753227  0.769486  0.770154  0.785611  0.744725  0.878330  0.771871  0.780812  0.749497  0.717374  0.667733  0.635338  0.839908  0.741784 
24  0.954731  0.695802  0.850413  0.739938  0.779046  0.780666  0.626984  0.763687  0.643841  0.370391  0.800487  0.628694  0.791295  0.851420  0.569873  0.780323  0.694086  0.591728  0.463043  0.744160  0.589915  0.861414  0.507734  0.730692 0.0  0.830244  0.433704  0.447458  0.796804  0.839267  0.734696  0.690521  0.886398  0.750441  0.841821  0.901410  0.551239  0.729386  0.514740  0.746932  0.569892  1.000000  0.797079  0.555311  0.667744 
25  0.862298  0.753827  0.565526  0.864166  0.737655  0.690657  0.835183  0.952433  0.870211  0.719314  0.827607  0.787823  0.732165  0.766674  0.872900  0.896729  0.603209  0.705936  0.890299  0.809837  0.806195  0.780829  0.826460  0.676051  0.830244 0.0  0.833567  0.948634  0.870307  0.604689  0.839496  0.747627  0.868542  0.777132  0.574595  0.934518  0.876480  0.729247  0.870103  0.801953  0.806623  0.625206  0.462810  0.764300  0.819636 
26  0.690936  0.740452  0.743079  0.686834  0.710774  0.729138  0.587659  0.668322  0.640955  0.504155  0.695346  0.670490  0.825918  0.815554  0.578508  0.808908  0.652134  0.618906  0.492833  0.705210  0.548040  0.888246  0.407999  0.792123  0.433704  0.833567 0.0  0.450812  0.837462  0.846869  0.741286  0.659192  0.922097  0.761934  0.699632  0.882436  0.565282  0.696015  0.544295  0.748699  0.645453  0.901749  0.858602  0.609047  0.751788 
27  0.711960  0.738888  0.835462  0.600350  0.676929  0.734419  0.589150  0.662889  0.626880  0.422821  0.772109  0.717692  0.759078  0.894356  0.482294  0.865436  0.641812  0.567609  0.365413  0.729225  0.536197  0.831808  0.458768  0.773243  0.447458  0.948634  0.450812 0.0  0.797905  0.835377  0.693347  0.800788  0.782513  0.730982  0.802519  0.779899  0.403000  0.695087  0.497194  0.857331  0.548146  0.870673  0.867791  0.584601  0.709891 
28  0.725319  0.760165  0.749126  0.838022  0.769408  0.771492  0.795889  0.801710  0.750502  0.855980  0.832670  0.847487  0.374814  0.608861  0.779121  0.573307  0.670701  0.818677  0.779398  0.811720  0.760288  0.465474  0.704193  0.694611  0.796804  0.870307  0.837462  0.797905 0.0  0.930624  0.828610  0.699747  0.566718  0.705443  0.643905  0.920649  0.812796  0.775148  0.809688  0.505363  0.822754  0.837919  0.908251  0.877796  0.661008 
29  0.718725  0.777062  0.589947  0.930044  0.859390  0.789524  0.847182  0.870113  0.790371  0.824969  0.717232  0.860821  0.843114  0.875716  0.826348  0.827210  0.563881  0.846835  0.797177  0.902820  0.796295  0.832932  0.886028  0.526016  0.839267  0.604689  0.846869  0.835377  0.930624 0.0  0.905605  0.658856  0.771042  0.917435  0.799011  0.804084  0.863455  0.758322  0.847031  0.960284  0.883428  0.651622  0.684261  0.898283  0.727766 
30  0.749137  0.702038  0.806706  0.422580  0.675060  0.703900  0.603025  0.526485  0.565639  0.727922  0.630195  0.583401  0.854794  0.861128  0.535997  0.849523  0.684352  0.785682  0.752804  0.413235  0.707875  0.822929  0.597880  0.855592  0.734696  0.839496  0.741286  0.693347  0.828610  0.905605 0.0  0.828754  0.847962  0.734435  0.751930  0.768637  0.697131  0.781110  0.739090  0.774820  0.665564  0.807169  0.839187  0.653827  0.721749 
31  0.769142  0.813623  0.786451  0.730654  0.801181  0.738236  0.751390  0.703388  0.798865  0.792063  0.804671  0.750494  0.602621  0.815388  0.634880  0.719191  0.642333  0.845146  0.768842  0.823108  0.729633  0.676198  0.673440  0.753227  0.690521  0.747627  0.659192  0.800788  0.699747  0.658856  0.828754 0.0  0.719214  0.599962  0.551044  0.876984  0.800910  0.653760  0.709257  0.735716  0.712371  0.766079  0.722181  0.753164  0.756679 
32  0.687185  0.822490  0.822845  0.734593  0.783657  0.739782  0.859343  0.855709  0.757782  0.816442  0.672093  0.907278  0.516003  0.498309  0.717988  0.498162  0.591118  0.828332  0.728314  0.771383  0.838144  0.469730  0.840986  0.769486  0.886398  0.868542  0.922097  0.782513  0.566718  0.771042  0.847962  0.719214 0.0  0.716168  0.879032  0.852106  0.793283  0.794203  0.730277  0.470281  0.885847  0.772099  0.866290  0.947149  0.730446 
33  0.780685  0.768667  0.634243  0.789445  0.794375  0.773504  0.819248  0.682935  0.812126  0.695719  0.766510  0.784991  0.685293  0.763212  0.792912  0.760193  0.677405  0.818033  0.767141  0.736811  0.720454  0.712867  0.804665  0.770154  0.750441  0.777132  0.761934  0.730982  0.705443  0.917435  0.734435  0.599962  0.716168 0.0  0.466156  0.797989  0.743376  0.722525  0.706659  0.772724  0.900205  0.776710  0.716293  0.756799  0.654128 
34  0.716295  0.797240  0.684396  0.721534  0.736948  0.831355  0.822172  0.756564  0.810357  0.651053  0.674337  0.779314  0.678575  0.694047  0.774958  0.774912  0.682977  0.823848  0.768017  0.784703  0.665089  0.871534  0.751499  0.785611  0.841821  0.574595  0.699632  0.802519  0.643905  0.799011  0.751930  0.551044  0.879032  0.466156 0.0  0.820523  0.783945  0.775883  0.792370  0.779048  0.714098  0.746023  0.803994  0.707990  0.774693 
35  0.854749  0.940717  0.837697  0.776476  0.913081  0.859946  0.747781  0.942094  0.814492  0.801473  0.807498  0.849070  0.884261  0.883403  0.817674  0.746241  0.896799  0.829015  0.867802  0.808646  0.801352  0.826546  0.715661  0.744725  0.901410  0.934518  0.882436  0.779899  0.920649  0.804084  0.768637  0.876984  0.852106  0.797989  0.820523 0.0  0.815977  0.849991  0.886014  0.814290  0.846706  0.888727  0.777074  0.823919  0.845522 
36  0.659531  0.694024  0.814911  0.664418  0.823422  0.691962  0.560639  0.687554  0.548866  0.416660  0.802097  0.637995  0.792612  0.755191  0.339720  0.843534  0.591234  0.589730  0.515867  0.791738  0.614077  0.797463  0.515565  0.878330  0.551239  0.876480  0.565282  0.403000  0.812796  0.863455  0.697131  0.800910  0.793283  0.743376  0.783945  0.815977 0.0  0.702473  0.623164  0.764317  0.506170  0.892554  0.926957  0.564095  0.752322 
37  0.565873  0.706544  0.782378  0.695923  0.521125  0.851972  0.731134  0.788184  0.778467  0.697553  0.529568  0.709615  0.749554  0.752474  0.740740  0.696366  0.595483  0.746156  0.710088  0.723314  0.826489  0.683955  0.697424  0.771871  0.729386  0.729247  0.696015  0.695087  0.775148  0.758322  0.781110  0.653760  0.794203  0.722525  0.775883  0.849991  0.702473 0.0  0.721640  0.795616  0.674437  0.827290  0.682356  0.727596  0.490063 
38  0.721766  0.817438  0.806960  0.762259  0.680335  0.762831  0.604088  0.664764  0.655154  0.542412  0.752720  0.651805  0.790819  0.775414  0.503159  0.914471  0.626414  0.539798  0.463024  0.686603  0.555113  0.864608  0.483411  0.780812  0.514740  0.870103  0.544295  0.497194  0.809688  0.847031  0.739090  0.709257  0.730277  0.706659  0.792370  0.886014  0.623164  0.721640 0.0  0.861744  0.500794  0.845710  0.757789  0.357430  0.745178 
39  0.758725  0.652100  0.849912  0.744099  0.857155  0.690369  0.840636  0.826389  0.787463  0.889445  0.752224  0.749338  0.432779  0.422498  0.866853  0.548905  0.643563  0.871029  0.811660  0.832150  0.774668  0.395222  0.793073  0.749497  0.746932  0.801953  0.748699  0.857331  0.505363  0.960284  0.774820  0.735716  0.470281  0.772724  0.779048  0.814290  0.764317  0.795616  0.861744 0.0  0.848902  0.732354  0.808795  0.754900  0.796286 
40  0.798478  0.703832  0.824868  0.648069  0.739096  0.789990  0.420462  0.651460  0.719867  0.556402  0.814642  0.704141  0.830167  0.778018  0.433993  0.782418  0.771425  0.351380  0.531381  0.720380  0.492629  0.825911  0.661631  0.717374  0.569892  0.806623  0.645453  0.548146  0.822754  0.883428  0.665564  0.712371  0.885847  0.900205  0.714098  0.846706  0.506170  0.674437  0.500794  0.848902 0.0  0.909366  0.790970  0.617454  0.719055 
41  0.742966  0.743112  0.441724  0.826533  0.677160  0.637579  0.815923  0.792199  0.855805  0.822360  0.764240  0.816231  0.803399  0.733625  0.840568  0.849878  0.670356  0.830904  0.817433  0.843725  0.720537  0.758606  0.775596  0.667733  1.000000  0.625206  0.901749  0.870673  0.837919  0.651622  0.807169  0.766079  0.772099  0.776710  0.746023  0.888727  0.892554  0.827290  0.845710  0.732354  0.909366 0.0  0.560998  0.894534  0.777316 
42  0.857674  0.719317  0.484855  0.777571  0.797915  0.777866  0.717562  0.871235  0.869314  0.781492  0.667030  0.760078  0.722854  0.837228  0.831161  0.813412  0.526044  0.829389  0.832516  0.923581  0.834037  0.813874  0.708043  0.635338  0.797079  0.462810  0.858602  0.867791  0.908251  0.684261  0.839187  0.722181  0.866290  0.716293  0.803994  0.777074  0.926957  0.682356  0.757789  0.808795  0.790970  0.560998 0.0  0.808191  0.741358 
43  0.799683  0.761876  0.746415  0.680066  0.792094  0.808921  0.484123  0.687408  0.745895  0.656633  0.711083  0.749628  0.705087  0.813875  0.430566  0.737778  0.750407  0.538141  0.616573  0.729794  0.635925  0.743057  0.509165  0.839908  0.555311  0.764300  0.609047  0.584601  0.877796  0.898283  0.653827  0.753164  0.947149  0.756799  0.707990  0.823919  0.564095  0.727596  0.357430  0.754900  0.617454  0.894534  0.808191 0.0  0.739577 
44  0.482059  0.743029  0.760819  0.800034  0.530575  0.854575  0.746094  0.775675  0.803151  0.637202  0.542439  0.804064  0.704938  0.789789  0.640608  0.806025  0.646132  0.834906  0.817879  0.693319  0.687306  0.619132  0.853682  0.741784  0.667744  0.819636  0.751788  0.709891  0.661008  0.727766  0.721749  0.756679  0.730446  0.654128  0.774693  0.845522  0.752322  0.490063  0.745178  0.796286  0.719055  0.777316  0.741358  0.739577 0.0 
