45
0 0.0  0.813965  0.635997  0.818596  0.809669  0.874172  0.953820  0.810418  0.763785  0.486549  0.848854  0.711199  0.491625  0.716323  0.800309  0.806782  0.881487  0.608625  0.437074  0.847306  0.736227  0.917940  0.845673  0.864018  0.745103  0.801941  0.762278  0.557682  0.881433  0.906324  0.581762  0.658048  0.832377  0.451326  0.925644  0.803649  0.922856  0.878062  0.381122  0.536666  0.855449  0.774979  0.866434  0.772231  0.839949 
1  0.813965 0.0  0.898073  0.766514  0.798958  0.775632  0.770594  0.831061  0.792471  0.773982  0.611124  0.779017  0.756710  0.713179  0.790684  0.628497  0.888219  0.827789  0.738488  0.722646  0.626379  0.816126  0.743941  0.801047  0.434438  0.820445  0.812011  0.788532  0.805984  0.715632  0.867712  0.902698  0.827471  0.854550  0.837074  0.867310  0.761168  0.971019  0.831144  0.807440  0.491113  0.782201  0.724446  0.660015  0.701429 
2  0.635997  0.898073 0.0  0.862950  0.853070  0.977927  0.963384  0.926617  0.861347  0.602166  0.975656  0.897130  0.675087  0.777011  0.807643  0.948427  0.891769  0.521858  0.739023  0.914002  0.901308  0.853777  0.951815  0.983597  0.791435  0.731976  0.909152  0.352649  0.893714  0.838015  0.631202  0.409469  0.957558  0.596155  0.952353  0.933417  0.865526  0.960185  0.683434  0.629568  0.793682  0.889083  0.888631  0.773083  0.832764 
3  0.818596  0.766514  0.862950 0.0  0.845244  0.457901  0.915410  0.894287  0.813391  0.865371  0.824495  0.766800  0.800984  0.841070  0.828672  0.926842  0.795408  0.932193  0.860336  0.683428  0.776056  0.972706  0.897570  0.821273  0.791309  0.705491  0.721061  0.935648  0.874366  0.939069  0.798674  0.838244  0.899314  0.873136  0.799458  0.765712  0.557296  0.718212  0.806505  0.825986  0.778311  0.741488  0.926104  0.838482  0.926758 
4  0.809669  0.798958  0.853070  0.845244 0.0  0.805942  0.430807  0.721179  0.584199  0.850266  0.489836  0.658197  0.907272  0.843096  0.489857  0.536173  0.620702  0.948311  0.897590  0.497361  0.589545  0.588718  0.619347  0.743088  0.762502  0.852462  0.675584  0.792349  0.864326  0.411592  0.850214  0.994603  0.625321  0.918580  0.600310  0.725608  0.841391  0.408560  0.856398  0.849005  0.741276  0.778719  0.437737  0.757006  0.639229 
5  0.874172  0.775632  0.977927  0.457901  0.805942 0.0  0.898133  0.862137  0.915126  0.890510  0.907061  0.782552  0.782113  0.706644  0.876181  0.988082  0.773131  0.761568  0.883374  0.837715  0.745806  0.821496  0.864137  0.785735  0.697424  0.787313  0.808494  0.885322  0.848712  0.752815  0.853434  0.744342  0.819459  0.868325  0.838080  0.841793  0.561860  0.925103  0.914673  0.969949  0.774529  0.626752  0.918718  0.782168  0.965098 
6  0.953820  0.770594  0.963384  0.915410  0.430807  0.898133 0.0  0.663847  0.356994  0.855094  0.646463  0.705742  0.881880  0.752256  0.449506  0.604207  0.463733  0.746519  0.892180  0.597543  0.497540  0.556590  0.572474  0.679273  0.810072  0.770334  0.807658  0.886322  0.811827  0.480285  0.832861  0.917918  0.585057  0.856073  0.610528  0.731993  0.790124  0.576883  0.715491  0.906040  0.752721  0.898261  0.664077  0.872857  0.710358 
7  0.810418  0.831061  0.926617  0.894287  0.721179  0.862137  0.663847 0.0  0.742485  0.874160  0.732832  0.527300  0.878617  0.729299  0.678688  0.690609  0.627555  0.899615  0.889952  0.691681  0.782065  0.709325  0.758051  0.426871  0.799433  0.710009  0.723134  0.863502  0.860605  0.645599  0.927238  0.857251  0.702829  0.870429  0.481888  0.896124  0.892338  0.685351  0.746078  0.927797  0.790291  0.924542  0.685261  0.783005  0.430010 
8  0.763785  0.792471  0.861347  0.813391  0.584199  0.915126  0.356994  0.742485 0.0  0.879744  0.525776  0.751545  0.872622  0.829088  0.343153  0.482948  0.646106  0.827429  0.838912  0.453604  0.461464  0.504501  0.586216  0.683853  0.806001  0.771106  0.757982  0.902660  0.914104  0.404246  0.963185  0.968742  0.660453  0.759334  0.649602  0.809427  0.853306  0.377691  0.883004  0.872542  0.768794  0.894826  0.478870  0.784878  0.748833 
9  0.486549  0.773982  0.602166  0.865371  0.850266  0.890510  0.855094  0.874160  0.879744 0.0  0.834343  0.875423  0.546841  0.786429  0.872076  0.835515  0.801930  0.620121  0.547523  0.765453  0.907004  0.840371  0.955776  0.905915  0.642660  0.690329  0.839820  0.669026  0.878255  0.798809  0.518727  0.720339  0.870450  0.614896  0.975834  0.867560  0.908792  0.899352  0.539169  0.555603  0.722289  0.869017  0.907222  0.852629  0.910319 
10  0.848854  0.611124  0.975656  0.824495  0.489836  0.907061  0.646463  0.732832  0.525776  0.834343 0.0  0.736427  0.875018  0.711686  0.630013  0.519234  0.469711  0.881655  0.790158  0.520852  0.587899  0.459988  0.622581  0.716443  0.808324  0.750883  0.964062  0.763886  0.890404  0.586421  0.901485  0.974461  0.624138  0.868804  0.767902  0.851917  0.771643  0.546094  0.770550  0.888019  0.826998  0.821856  0.574877  0.705922  0.706019 
11  0.711199  0.779017  0.897130  0.766800  0.658197  0.782552  0.705742  0.527300  0.751545  0.875423  0.736427 0.0  0.944655  0.735195  0.702419  0.671862  0.678609  0.877906  0.872835  0.557794  0.754872  0.574131  0.740723  0.572827  0.883007  0.790297  0.772863  0.860867  0.868626  0.662932  0.972314  0.985298  0.672809  0.811355  0.577935  0.739791  0.858577  0.613880  0.888426  0.810071  0.794768  0.778010  0.716765  0.737190  0.619881 
12  0.491625  0.756710  0.675087  0.800984  0.907272  0.782113  0.881880  0.878617  0.872622  0.546841  0.875018  0.944655 0.0  0.656074  0.844509  0.874382  0.803159  0.707497  0.542819  0.910166  0.880336  0.911204  0.918475  0.872491  0.774483  0.740603  0.839270  0.631839  0.873311  0.882333  0.587942  0.831141  0.929770  0.622643  0.796215  0.729551  0.847882  0.836107  0.468028  0.552769  0.766503  0.865174  0.875261  0.758928  1.000000 
13  0.716323  0.713179  0.777011  0.841070  0.843096  0.706644  0.752256  0.729299  0.829088  0.786429  0.711686  0.735195  0.656074 0.0  0.722123  0.734994  0.825395  0.912166  0.770520  0.785071  0.818570  0.832633  0.769948  0.704418  0.839592  0.871439  0.436480  0.800653  0.908746  0.789810  0.759419  0.827711  0.912317  0.724870  0.704777  0.854147  0.734827  0.728578  0.854036  0.824233  0.762798  0.808668  0.655999  0.640267  0.748643 
14  0.800309  0.790684  0.807643  0.828672  0.489857  0.876181  0.449506  0.678688  0.343153  0.872076  0.630013  0.702419  0.844509  0.722123 0.0  0.447890  0.551108  0.837044  0.794150  0.441211  0.435755  0.508057  0.625505  0.711203  0.759097  0.879703  0.718572  0.872567  0.821664  0.510935  0.863486  0.863763  0.529255  0.896525  0.824343  0.797036  0.772570  0.533923  0.819220  0.854257  0.882161  0.919433  0.537056  0.736625  0.723817 
15  0.806782  0.628497  0.948427  0.926842  0.536173  0.988082  0.604207  0.690609  0.482948  0.835515  0.519234  0.671862  0.874382  0.734994  0.447890 0.0  0.590974  0.767080  0.757008  0.513784  0.453139  0.583043  0.488535  0.667057  0.806745  0.799908  0.766179  0.901267  0.942329  0.410252  0.790827  0.825839  0.660747  0.758432  0.631061  0.761254  0.739834  0.447725  0.863550  0.920697  0.776815  0.824845  0.542315  0.896638  0.774741 
16  0.881487  0.888219  0.891769  0.795408  0.620702  0.773131  0.463733  0.627555  0.646106  0.801930  0.469711  0.678609  0.803159  0.825395  0.551108  0.590974 0.0  0.760480  0.906614  0.714978  0.606689  0.596582  0.587799  0.628496  0.806689  0.719796  0.908183  0.883495  0.884153  0.550648  0.874041  0.934412  0.507572  0.787964  0.686528  0.743964  0.704464  0.526594  0.761036  0.830854  0.806031  0.867868  0.644645  0.809719  0.695800 
17  0.608625  0.827789  0.521858  0.932193  0.948311  0.761568  0.746519  0.899615  0.827429  0.620121  0.881655  0.877906  0.707497  0.912166  0.837044  0.767080  0.760480 0.0  0.649718  0.831277  0.771970  0.686691  0.873963  0.885775  0.853280  0.770051  0.798504  0.556018  0.799538  0.862926  0.618785  0.510903  0.776042  0.704822  0.811682  0.767402  0.833526  0.724793  0.650711  0.571657  0.805931  0.901986  0.819494  0.893782  0.907566 
18  0.437074  0.738488  0.739023  0.860336  0.897590  0.883374  0.892180  0.889952  0.838912  0.547523  0.790158  0.872835  0.542819  0.770520  0.794150  0.757008  0.906614  0.649718 0.0  0.780422  0.697876  0.830982  0.807611  0.855310  0.738273  0.712659  0.818619  0.608174  0.972119  0.897471  0.488377  0.637931  0.799687  0.577768  0.830561  0.812840  0.889711  0.771239  0.514740  0.440135  0.772790  0.796143  0.843116  0.807185  0.846895 
19  0.847306  0.722646  0.914002  0.683428  0.497361  0.837715  0.597543  0.691681  0.453604  0.765453  0.520852  0.557794  0.910166  0.785071  0.441211  0.513784  0.714978  0.831277  0.780422 0.0  0.387653  0.533363  0.641272  0.626444  0.856622  0.735031  0.820631  0.843764  0.836007  0.486724  0.863721  0.889177  0.539923  0.795534  0.711106  0.677653  0.874245  0.533064  0.783199  0.830802  0.882104  0.787609  0.475749  0.784395  0.801881 
20  0.736227  0.626379  0.901308  0.776056  0.589545  0.745806  0.497540  0.782065  0.461464  0.907004  0.587899  0.754872  0.880336  0.818570  0.435755  0.453139  0.606689  0.771970  0.697876  0.387653 0.0  0.529637  0.575889  0.759519  0.801063  0.765311  0.849300  0.849672  0.857308  0.403450  0.878103  0.800973  0.654217  0.998963  0.759256  0.752592  0.892864  0.433665  0.874717  0.796732  0.683975  0.767381  0.522478  0.743831  0.734860 
21  0.917940  0.816126  0.853777  0.972706  0.588718  0.821496  0.556590  0.709325  0.504501  0.840371  0.459988  0.574131  0.911204  0.832633  0.508057  0.583043  0.596582  0.686691  0.830982  0.533363  0.529637 0.0  0.539597  0.755052  0.875407  0.850450  0.770326  0.869101  0.876104  0.547759  0.929825  0.747758  0.500908  0.894864  0.758632  0.834140  0.896226  0.583928  0.805597  0.894300  0.784867  0.877358  0.496304  0.765343  0.721917 
22  0.845673  0.743941  0.951815  0.897570  0.619347  0.864137  0.572474  0.758051  0.586216  0.955776  0.622581  0.740723  0.918475  0.769948  0.625505  0.488535  0.587799  0.873963  0.807611  0.641272  0.575889  0.539597 0.0  0.631910  0.706647  0.755433  0.735126  0.797881  0.899419  0.524908  0.835356  0.853520  0.683290  0.964727  0.792438  0.700610  0.774361  0.626573  0.852558  0.683985  0.739257  0.726535  0.462056  0.844104  0.620646 
23  0.864018  0.801047  0.983597  0.821273  0.743088  0.785735  0.679273  0.426871  0.683853  0.905915  0.716443  0.572827  0.872491  0.704418  0.711203  0.667057  0.628496  0.885775  0.855310  0.626444  0.759519  0.755052  0.631910 0.0  0.912290  0.819080  0.745597  0.934262  0.798326  0.758866  0.849419  0.863673  0.829440  0.842363  0.693829  0.832770  0.843395  0.743611  0.879132  0.863260  0.761254  0.828659  0.662532  0.816322  0.432211 
24  0.745103  0.434438  0.791435  0.791309  0.762502  0.697424  0.810072  0.799433  0.806001  0.642660  0.808324  0.883007  0.774483  0.839592  0.759097  0.806745  0.806689  0.853280  0.738273  0.856622  0.801063  0.875407  0.706647  0.912290 0.0  0.821366  0.815809  0.832425  0.774602  0.870326  0.824149  0.730960  0.860749  0.826629  0.718209  0.840193  0.744014  0.714781  0.862652  0.789608  0.492329  0.711265  0.815115  0.727312  0.760127 
25  0.801941  0.820445  0.731976  0.705491  0.852462  0.787313  0.770334  0.710009  0.771106  0.690329  0.750883  0.790297  0.740603  0.871439  0.879703  0.799908  0.719796  0.770051  0.712659  0.735031  0.765311  0.850450  0.755433  0.819080  0.821366 0.0  0.815109  0.742444  0.956909  0.784456  0.844129  0.723446  0.659558  0.794492  0.761784  0.699505  0.779725  0.896117  0.978385  0.760855  0.713314  0.732895  0.827506  0.824774  0.766457 
26  0.762278  0.812011  0.909152  0.721061  0.675584  0.808494  0.807658  0.723134  0.757982  0.839820  0.964062  0.772863  0.839270  0.436480  0.718572  0.766179  0.908183  0.798504  0.818619  0.820631  0.849300  0.770326  0.735126  0.745597  0.815809  0.815109 0.0  0.908448  0.929203  0.784620  0.744052  0.780328  0.746292  0.841701  0.720947  0.830722  0.760094  0.704440  0.823806  0.787025  0.805052  0.732942  0.788771  0.626913  0.769288 
27  0.557682  0.788532  0.352649  0.935648  0.792349  0.885322  0.886322  0.863502  0.902660  0.669026  0.763886  0.860867  0.631839  0.800653  0.872567  0.901267  0.883495  0.556018  0.608174  0.843764  0.849672  0.869101  0.797881  0.934262  0.832425  0.742444  0.908448 0.0  0.855963  0.831536  0.607335  0.356613  0.781505  0.656889  0.890398  0.694936  0.940029  0.897162  0.665598  0.618944  0.732370  0.832659  0.825218  0.702934  0.852585 
28  0.881433  0.805984  0.893714  0.874366  0.864326  0.848712  0.811827  0.860605  0.914104  0.878255  0.890404  0.868626  0.873311  0.908746  0.821664  0.942329  0.884153  0.799538  0.972119  0.836007  0.857308  0.876104  0.899419  0.798326  0.774602  0.956909  0.929203  0.855963 0.0  0.847994  0.944507  0.845473  0.841884  0.781227  0.789241  0.921990  0.883136  0.853444  0.966696  0.858349  0.755640  0.929132  0.875678  0.918885  0.896923 
29  0.906324  0.715632  0.838015  0.939069  0.411592  0.752815  0.480285  0.645599  0.404246  0.798809  0.586421  0.662932  0.882333  0.789810  0.510935  0.410252  0.550648  0.862926  0.897471  0.486724  0.403450  0.547759  0.524908  0.758866  0.870326  0.784456  0.784620  0.831536  0.847994 0.0  0.787995  0.949438  0.642250  0.835787  0.708578  0.795540  0.837107  0.495496  0.849809  0.883038  0.868429  0.911640  0.529157  0.691802  0.716920 
30  0.581762  0.867712  0.631202  0.798674  0.850214  0.853434  0.832861  0.927238  0.963185  0.518727  0.901485  0.972314  0.587942  0.759419  0.863486  0.790827  0.874041  0.618785  0.488377  0.863721  0.878103  0.929825  0.835356  0.849419  0.824149  0.844129  0.744052  0.607335  0.944507  0.787995 0.0  0.520260  0.883118  0.616743  0.903478  0.738366  0.902577  0.853227  0.465143  0.521523  0.887381  0.902684  0.696441  0.812558  0.891900 
31  0.658048  0.902698  0.409469  0.838244  0.994603  0.744342  0.917918  0.857251  0.968742  0.720339  0.974461  0.985298  0.831141  0.827711  0.863763  0.825839  0.934412  0.510903  0.637931  0.889177  0.800973  0.747758  0.853520  0.863673  0.730960  0.723446  0.780328  0.356613  0.845473  0.949438  0.520260 0.0  0.791250  0.818483  0.900447  0.781076  0.815981  0.809850  0.778494  0.696484  0.784120  0.877431  0.847962  0.766910  0.942898 
32  0.832377  0.827471  0.957558  0.899314  0.625321  0.819459  0.585057  0.702829  0.660453  0.870450  0.624138  0.672809  0.929770  0.912317  0.529255  0.660747  0.507572  0.776042  0.799687  0.539923  0.654217  0.500908  0.683290  0.829440  0.860749  0.659558  0.746292  0.781505  0.841884  0.642250  0.883118  0.791250 0.0  0.859440  0.826901  0.712416  0.822049  0.667015  0.827580  0.740376  0.768732  0.880458  0.652630  0.756890  0.736899 
33  0.451326  0.854550  0.596155  0.873136  0.918580  0.868325  0.856073  0.870429  0.759334  0.614896  0.868804  0.811355  0.622643  0.724870  0.896525  0.758432  0.787964  0.704822  0.577768  0.795534  0.998963  0.894864  0.964727  0.842363  0.826629  0.794492  0.841701  0.656889  0.781227  0.835787  0.616743  0.818483  0.859440 0.0  0.920000  0.799012  0.845897  0.817330  0.575980  0.448121  0.759849  0.800062  0.890708  0.758610  0.820569 
34  0.925644  0.837074  0.952353  0.799458  0.600310  0.838080  0.610528  0.481888  0.649602  0.975834  0.767902  0.577935  0.796215  0.704777  0.824343  0.631061  0.686528  0.811682  0.830561  0.711106  0.759256  0.758632  0.792438  0.693829  0.718209  0.761784  0.720947  0.890398  0.789241  0.708578  0.903478  0.900447  0.826901  0.920000 0.0  0.781563  0.869909  0.664753  0.911392  0.795103  0.768159  0.787104  0.760090  0.607692  0.610017 
35  0.803649  0.867310  0.933417  0.765712  0.725608  0.841793  0.731993  0.896124  0.809427  0.867560  0.851917  0.739791  0.729551  0.854147  0.797036  0.761254  0.743964  0.767402  0.812840  0.677653  0.752592  0.834140  0.700610  0.832770  0.840193  0.699505  0.830722  0.694936  0.921990  0.795540  0.738366  0.781076  0.712416  0.799012  0.781563 0.0  0.733852  0.794329  0.696346  0.778625  0.729420  0.705350  0.829652  0.806504  0.733557 
36  0.922856  0.761168  0.865526  0.557296  0.841391  0.561860  0.790124  0.892338  0.853306  0.908792  0.771643  0.858577  0.847882  0.734827  0.772570  0.739834  0.704464  0.833526  0.889711  0.874245  0.892864  0.896226  0.774361  0.843395  0.744014  0.779725  0.760094  0.940029  0.883136  0.837107  0.902577  0.815981  0.822049  0.845897  0.869909  0.733852 0.0  0.792737  0.721922  0.906798  0.809335  0.591694  0.747587  0.716484  0.778245 
37  0.878062  0.971019  0.960185  0.718212  0.408560  0.925103  0.576883  0.685351  0.377691  0.899352  0.546094  0.613880  0.836107  0.728578  0.533923  0.447725  0.526594  0.724793  0.771239  0.533064  0.433665  0.583928  0.626573  0.743611  0.714781  0.896117  0.704440  0.897162  0.853444  0.495496  0.853227  0.809850  0.667015  0.817330  0.664753  0.794329  0.792737 0.0  0.803376  0.826622  0.842444  0.795102  0.456616  0.715975  0.670302 
38  0.381122  0.831144  0.683434  0.806505  0.856398  0.914673  0.715491  0.746078  0.883004  0.539169  0.770550  0.888426  0.468028  0.854036  0.819220  0.863550  0.761036  0.650711  0.514740  0.783199  0.874717  0.805597  0.852558  0.879132  0.862652  0.978385  0.823806  0.665598  0.966696  0.849809  0.465143  0.778494  0.827580  0.575980  0.911392  0.696346  0.721922  0.803376 0.0  0.518379  0.876605  0.752831  0.785256  0.754563  0.830434 
39  0.536666  0.807440  0.629568  0.825986  0.849005  0.969949  0.906040  0.927797  0.872542  0.555603  0.888019  0.810071  0.552769  0.824233  0.854257  0.920697  0.830854  0.571657  0.440135  0.830802  0.796732  0.894300  0.683985  0.863260  0.789608  0.760855  0.787025  0.618944  0.858349  0.883038  0.521523  0.696484  0.740376  0.448121  0.795103  0.778625  0.906798  0.826622  0.518379 0.0  0.827122  0.944276  0.856909  0.854514  0.773802 
40  0.855449  0.491113  0.793682  0.778311  0.741276  0.774529  0.752721  0.790291  0.768794  0.722289  0.826998  0.794768  0.766503  0.762798  0.882161  0.776815  0.806031  0.805931  0.772790  0.882104  0.683975  0.784867  0.739257  0.761254  0.492329  0.713314  0.805052  0.732370  0.755640  0.868429  0.887381  0.784120  0.768732  0.759849  0.768159  0.729420  0.809335  0.842444  0.876605  0.827122 0.0  0.944646  0.863559  0.964060  0.773910 
41  0.774979  0.782201  0.889083  0.741488  0.778719  0.626752  0.898261  0.924542  0.894826  0.869017  0.821856  0.778010  0.865174  0.808668  0.919433  0.824845  0.867868  0.901986  0.796143  0.787609  0.767381  0.877358  0.726535  0.828659  0.711265  0.732895  0.732942  0.832659  0.929132  0.911640  0.902684  0.877431  0.880458  0.800062  0.787104  0.705350  0.591694  0.795102  0.752831  0.944276  0.944646 0.0  0.799582  0.711385  0.842727 
42  0.866434  0.724446  0.888631  0.926104  0.437737  0.918718  0.664077  0.685261  0.478870  0.907222  0.574877  0.716765  0.875261  0.655999  0.537056  0.542315  0.644645  0.819494  0.843116  0.475749  0.522478  0.496304  0.462056  0.662532  0.815115  0.827506  0.788771  0.825218  0.875678  0.529157  0.696441  0.847962  0.652630  0.890708  0.760090  0.829652  0.747587  0.456616  0.785256  0.856909  0.863559  0.799582 0.0  0.708081  0.657924 
43  0.772231  0.660015  0.773083  0.838482  0.757006  0.782168  0.872857  0.783005  0.784878  0.852629  0.705922  0.737190  0.758928  0.640267  0.736625  0.896638  0.809719  0.893782  0.807185  0.784395  0.743831  0.765343  0.844104  0.816322  0.727312  0.824774  0.626913  0.702934  0.918885  0.691802  0.812558  0.766910  0.756890  0.758610  0.607692  0.806504  0.716484  0.715975  0.754563  0.854514  0.964060  0.711385  0.708081 0.0  0.720712 
44  0.839949  0.701429  0.832764  0.926758  0.639229  0.965098  0.710358  0.430010  0.748833  0.910319  0.706019  0.619881  1.000000  0.748643  0.723817  0.774741  0.695800  0.907566  0.846895  0.801881  0.734860  0.721917  0.620646  0.432211  0.760127  0.766457  0.769288  0.852585  0.896923  0.716920  0.891900  0.942898  0.736899  0.820569  0.610017  0.733557  0.778245  0.670302  0.830434  0.773802  0.773910  0.842727  0.657924  0.720712 0.0 
