45
0 0.0  0.799556  0.887681  0.858925  0.886280  0.776456  0.826714  0.888710  0.814372  0.896838  0.937723  0.901289  0.885317  0.778862  0.925418  0.848333  0.867007  0.780952  0.769073  0.779571  0.949051  0.791438  0.880451  0.758943  0.849337  0.819859  0.968827  0.815163  0.883877  0.867591  0.872615  0.851664  0.835075  0.805517  0.903935  0.923693  0.907475  0.312974  0.838741  0.793712  0.877395  0.855284  0.915198  0.828619  0.919313 
1  0.799556 0.0  0.724773  0.855468  0.679358  0.587118  0.630962  0.959175  0.752791  0.522753  0.655335  0.478612  0.782029  0.660441  0.844069  0.681708  0.876725  0.818242  0.520387  0.763169  0.702233  0.369548  0.587688  0.649470  0.844359  0.753287  0.926227  0.705676  0.891026  0.736449  0.652226  0.857819  0.792323  0.664083  0.781911  0.697157  0.883328  0.974418  0.639475  0.781372  0.595104  0.620637  0.748934  0.688381  0.806128 
2  0.887681  0.724773 0.0  0.781133  0.745177  0.712763  0.836487  0.761139  0.737431  0.617003  0.678722  0.808761  0.722870  0.697487  0.819418  0.775127  0.724127  0.771989  0.802214  0.688515  0.783896  0.848455  0.774228  0.854729  0.708011  0.724420  0.715369  0.775770  0.799484  0.731501  0.597582  0.735689  0.652922  0.788519  0.779243  0.741259  0.694939  0.941873  0.786784  0.770953  0.769428  0.537694  0.536218  0.753968  0.783035 
3  0.858925  0.855468  0.781133 0.0  0.786644  0.906571  0.925855  0.789198  0.797762  0.803071  0.754958  0.734671  0.754887  0.834779  0.883274  0.817329  0.874534  0.428943  0.808685  0.555429  0.736748  0.734500  0.811529  0.827569  0.716337  0.821860  0.784646  0.844043  0.855350  0.461449  0.594518  0.725269  0.797551  0.855381  0.830234  0.815945  0.565196  0.915374  0.846846  0.811218  0.803156  0.763165  0.694075  0.745730  0.823464 
4  0.886280  0.679358  0.745177  0.786644 0.0  0.672588  0.572390  0.964270  0.480724  0.624276  0.701509  0.638306  0.812567  0.402623  0.717782  0.707155  0.827489  0.838221  0.525384  0.783834  0.723175  0.751339  0.715176  0.407177  0.772399  0.332434  0.802931  0.401154  0.831581  0.766760  0.608062  0.767553  0.840810  0.498840  0.587961  0.601152  0.816822  0.837874  0.633611  0.694439  0.555652  0.750262  0.847665  0.517179  0.912139 
5  0.776456  0.587118  0.712763  0.906571  0.672588 0.0  0.701567  0.830848  0.683810  0.622125  0.715819  0.678976  0.719374  0.749914  0.825113  0.459969  0.942578  0.794888  0.690449  0.704467  0.698261  0.647146  0.613674  0.623297  0.728091  0.704992  0.894831  0.712971  0.742105  0.751767  0.639622  0.787818  0.805513  0.671701  0.736164  0.571254  0.742964  0.778771  0.710495  0.810878  0.669400  0.802880  0.817632  0.662056  0.745428 
6  0.826714  0.630962  0.836487  0.925855  0.572390  0.701567 0.0  0.847397  0.664894  0.516264  0.755481  0.676367  0.833448  0.689779  0.908157  0.750586  0.819199  0.849595  0.439421  0.889853  0.693213  0.630701  0.580838  0.627054  0.713254  0.611007  0.994115  0.553877  0.845654  0.781504  0.579131  0.742956  0.719125  0.426388  0.639937  0.599044  0.807194  0.775468  0.426722  0.829896  0.496422  0.787748  0.726971  0.454108  0.729420 
7  0.888710  0.959175  0.761139  0.789198  0.964270  0.830848  0.847397 0.0  0.794623  0.891170  0.780634  0.918593  0.733659  0.846055  0.538741  0.800957  0.465029  0.786163  0.873163  0.858818  0.650592  0.831503  0.871158  0.931208  0.736024  0.969791  0.510212  0.831858  0.740814  0.797963  0.601203  0.453735  0.574806  0.782597  0.889785  0.895680  0.858248  0.820610  0.793075  0.742371  0.788351  0.693710  0.873104  0.873806  0.718285 
8  0.814372  0.752791  0.737431  0.797762  0.480724  0.683810  0.664894  0.794623 0.0  0.570737  0.751925  0.709036  0.875216  0.463951  0.749565  0.621528  0.922883  0.884195  0.511567  0.807964  0.735721  0.688760  0.569656  0.439131  0.710184  0.486373  0.824478  0.385329  0.826373  0.745073  0.632301  0.752118  0.815398  0.566076  0.457671  0.536675  0.794578  0.827291  0.577756  0.824790  0.614695  0.798278  0.622317  0.548414  0.879046 
9  0.896838  0.522753  0.617003  0.803071  0.624276  0.622125  0.516264  0.891170  0.570737 0.0  0.849056  0.796088  0.795026  0.595569  0.806855  0.669303  0.806958  0.806721  0.513414  0.889298  0.814247  0.580196  0.605921  0.497398  0.850647  0.597533  0.793900  0.602545  0.872786  0.785438  0.637006  0.744022  0.801504  0.461806  0.682618  0.575182  0.758735  0.839052  0.457965  0.722046  0.414587  0.813041  0.874457  0.510444  0.787780 
10  0.937723  0.655335  0.678722  0.754958  0.701509  0.715819  0.755481  0.780634  0.751925  0.849056 0.0  0.797784  0.724160  0.805831  0.765399  0.671771  0.721854  0.747228  0.652979  0.799753  0.695360  0.785762  0.700730  0.780023  0.812004  0.756332  0.772238  0.724692  0.756295  0.760014  0.660275  0.816836  0.724326  0.654117  0.744068  0.784479  0.800816  0.902048  0.636631  0.793420  0.735484  0.413784  0.573492  0.664635  0.799403 
11  0.901289  0.478612  0.808761  0.734671  0.638306  0.678976  0.676367  0.918593  0.709036  0.796088  0.797784 0.0  0.746052  0.590049  0.808851  0.593761  0.843545  0.839484  0.705162  0.721016  0.732681  0.520433  0.702429  0.627830  0.767224  0.671877  0.892202  0.773164  0.831829  0.761799  0.699998  0.782227  0.675378  0.643525  0.758205  0.723652  0.823254  1.000000  0.858580  0.796562  0.627817  0.734899  0.706018  0.668823  0.837547 
12  0.885317  0.782029  0.722870  0.754887  0.812567  0.719374  0.833448  0.733659  0.875216  0.795026  0.724160  0.746052 0.0  0.641300  0.815020  0.749598  0.726514  0.792916  0.846381  0.725493  0.748312  0.720287  0.662684  0.665675  0.811542  0.692742  0.780111  0.743529  0.689395  0.793206  0.651282  0.755674  0.731291  0.728468  0.684996  0.736980  0.740157  0.808723  0.822851  0.794911  0.631715  0.825397  0.687965  0.780522  0.791632 
13  0.778862  0.660441  0.697487  0.834779  0.402623  0.749914  0.689779  0.846055  0.463951  0.595569  0.805831  0.590049  0.641300 0.0  0.809053  0.687980  0.916836  0.778490  0.491424  0.816265  0.783234  0.777134  0.580719  0.501350  0.804107  0.421988  0.756277  0.445625  0.900517  0.717935  0.637456  0.770471  0.825503  0.522317  0.417338  0.577928  0.773714  0.848992  0.593770  0.712231  0.622086  0.781305  0.778550  0.517121  0.852500 
14  0.925418  0.844069  0.819418  0.883274  0.717782  0.825113  0.908157  0.538741  0.749565  0.806855  0.765399  0.808851  0.815020  0.809053 0.0  0.840562  0.543842  0.819875  0.887870  0.873694  0.775481  0.826048  0.828686  0.926360  0.692259  0.820477  0.431643  0.872867  0.626845  0.823781  0.740800  0.603420  0.580538  0.876972  0.781104  0.837000  0.762222  0.785644  0.939565  0.701263  0.761278  0.776859  0.734935  0.758531  0.602960 
15  0.848333  0.681708  0.775127  0.817329  0.707155  0.459969  0.750586  0.800957  0.621528  0.669303  0.671771  0.593761  0.749598  0.687980  0.840562 0.0  0.859119  0.800338  0.780306  0.744861  0.833260  0.548008  0.726823  0.640720  0.709623  0.696260  0.823993  0.634673  0.834851  0.801835  0.640671  0.756481  0.825629  0.716823  0.768684  0.714481  0.831238  0.867276  0.606628  0.728843  0.699155  0.799832  0.749421  0.654638  0.876598 
16  0.867007  0.876725  0.724127  0.874534  0.827489  0.942578  0.819199  0.465029  0.922883  0.806958  0.721854  0.843545  0.726514  0.916836  0.543842  0.859119 0.0  0.895193  0.796701  0.777024  0.791786  0.789433  0.881999  0.806008  0.857051  0.762455  0.457038  0.851686  0.603761  0.735173  0.725483  0.559710  0.684802  0.753052  0.775867  0.798617  0.916742  0.909853  0.754478  0.793363  0.868089  0.701126  0.738451  0.774898  0.534675 
17  0.780952  0.818242  0.771989  0.428943  0.838221  0.794888  0.849595  0.786163  0.884195  0.806721  0.747228  0.839484  0.792916  0.778490  0.819875  0.800338  0.895193 0.0  0.834042  0.517976  0.892469  0.795749  0.751316  0.774204  0.708644  0.820845  0.830097  0.854062  0.897782  0.531704  0.577923  0.755273  0.788048  0.856874  0.880891  0.841506  0.462270  0.905699  0.966956  0.703957  0.700611  0.742864  0.792072  0.754578  0.870657 
18  0.769073  0.520387  0.802214  0.808685  0.525384  0.690449  0.439421  0.873163  0.511567  0.513414  0.652979  0.705162  0.846381  0.491424  0.887870  0.780306  0.796701  0.834042 0.0  0.739575  0.728204  0.617123  0.496306  0.466722  0.671734  0.510376  0.785380  0.574477  0.815515  0.778891  0.622565  0.703978  0.841221  0.480679  0.578607  0.548681  0.805783  0.893746  0.441687  0.708722  0.437512  0.666697  0.753733  0.496356  0.918659 
19  0.779571  0.763169  0.688515  0.555429  0.783834  0.704467  0.889853  0.858818  0.807964  0.889298  0.799753  0.721016  0.725493  0.816265  0.873694  0.744861  0.777024  0.517976  0.739575 0.0  0.805801  0.776989  0.880750  0.773608  0.719627  0.729497  0.786060  0.857328  0.867375  0.495482  0.689023  0.731663  0.770034  0.819648  0.748589  0.813751  0.472648  0.883486  0.902049  0.729018  0.913371  0.760950  0.749018  0.834576  0.783499 
20  0.949051  0.702233  0.783896  0.736748  0.723175  0.698261  0.693213  0.650592  0.735721  0.814247  0.695360  0.732681  0.748312  0.783234  0.775481  0.833260  0.791786  0.892469  0.728204  0.805801 0.0  0.674355  0.825621  0.860178  0.324963  0.610990  0.685941  0.683063  0.753725  0.685195  0.688692  0.721518  0.817229  0.779975  0.663703  0.716358  0.780240  0.835916  0.759629  0.550541  0.837990  0.742738  0.668245  0.762924  0.768883 
21  0.791438  0.369548  0.848455  0.734500  0.751339  0.647146  0.630701  0.831503  0.688760  0.580196  0.785762  0.520433  0.720287  0.777134  0.826048  0.548008  0.789433  0.795749  0.617123  0.776989  0.674355 0.0  0.689003  0.528693  0.768593  0.763848  0.841954  0.724700  0.759434  0.812954  0.601562  0.728634  0.825179  0.673335  0.743340  0.651550  0.741005  0.873278  0.678469  0.734862  0.573131  0.757232  0.766363  0.769563  0.849527 
22  0.880451  0.587688  0.774228  0.811529  0.715176  0.613674  0.580838  0.871158  0.569656  0.605921  0.700730  0.702429  0.662684  0.580719  0.828686  0.726823  0.881999  0.751316  0.496306  0.880750  0.825621  0.689003 0.0  0.563855  0.789474  0.564693  0.909696  0.573865  0.845337  0.847876  0.697577  0.755489  0.706568  0.582728  0.463632  0.344963  0.821158  0.800105  0.518957  0.759925  0.542876  0.776186  0.703859  0.487310  0.904517 
23  0.758943  0.649470  0.854729  0.827569  0.407177  0.623297  0.627054  0.931208  0.439131  0.497398  0.780023  0.627830  0.665675  0.501350  0.926360  0.640720  0.806008  0.774204  0.466722  0.773608  0.860178  0.528693  0.563855 0.0  0.760189  0.457268  0.856809  0.390992  0.918978  0.709996  0.649465  0.787896  0.726612  0.566025  0.642565  0.517220  0.789575  0.957466  0.470909  0.891919  0.672973  0.786302  0.746315  0.499997  0.800119 
24  0.849337  0.844359  0.708011  0.716337  0.772399  0.728091  0.713254  0.736024  0.710184  0.850647  0.812004  0.767224  0.811542  0.804107  0.692259  0.709623  0.857051  0.708644  0.671734  0.719627  0.324963  0.768593  0.789474  0.760189 0.0  0.847922  0.734543  0.761195  0.834991  0.671240  0.668547  0.703330  0.714166  0.876149  0.633415  0.718171  0.681970  0.833379  0.707343  0.629232  0.757660  0.727592  0.835905  0.668335  0.730451 
25  0.819859  0.753287  0.724420  0.821860  0.332434  0.704992  0.611007  0.969791  0.486373  0.597533  0.756332  0.671877  0.692742  0.421988  0.820477  0.696260  0.762455  0.820845  0.510376  0.729497  0.610990  0.763848  0.564693  0.457268  0.847922 0.0  0.851020  0.347111  0.788054  0.814310  0.725517  0.815908  0.891026  0.543546  0.519602  0.531796  0.876531  0.928301  0.535053  0.913100  0.619197  0.629655  0.680137  0.548042  0.833605 
26  0.968827  0.926227  0.715369  0.784646  0.802931  0.894831  0.994115  0.510212  0.824478  0.793900  0.772238  0.892202  0.780111  0.756277  0.431643  0.823993  0.457038  0.830097  0.785380  0.786060  0.685941  0.841954  0.909696  0.856809  0.734543  0.851020 0.0  0.867799  0.715478  0.864907  0.783125  0.480655  0.675000  0.845990  0.835488  0.931020  0.843423  0.720399  0.870380  0.666976  0.829808  0.607529  0.797652  0.833965  0.614858 
27  0.815163  0.705676  0.775770  0.844043  0.401154  0.712971  0.553877  0.831858  0.385329  0.602545  0.724692  0.773164  0.743529  0.445625  0.872867  0.634673  0.851686  0.854062  0.574477  0.857328  0.683063  0.724700  0.573865  0.390992  0.761195  0.347111  0.867799 0.0  0.804708  0.860011  0.614028  0.691373  0.838673  0.509400  0.499781  0.579055  0.817339  0.927265  0.479748  0.726972  0.488767  0.621431  0.738615  0.609948  0.820772 
28  0.883877  0.891026  0.799484  0.855350  0.831581  0.742105  0.845654  0.740814  0.826373  0.872786  0.756295  0.831829  0.689395  0.900517  0.626845  0.834851  0.603761  0.897782  0.815515  0.867375  0.753725  0.759434  0.845337  0.918978  0.834991  0.788054  0.715478  0.804708 0.0  0.830651  0.736692  0.449517  0.484476  0.942027  0.973771  0.901792  0.739393  0.827026  0.774829  0.732228  0.882541  0.818653  0.772090  0.824287  0.570261 
29  0.867591  0.736449  0.731501  0.461449  0.766760  0.751767  0.781504  0.797963  0.745073  0.785438  0.760014  0.761799  0.793206  0.717935  0.823781  0.801835  0.735173  0.531704  0.778891  0.495482  0.685195  0.812954  0.847876  0.709996  0.671240  0.814310  0.864907  0.860011  0.830651 0.0  0.688110  0.744923  0.822650  0.785514  0.809861  0.672479  0.475974  0.859585  0.821564  0.770708  0.852491  0.808244  0.685737  0.743631  0.939338 
30  0.872615  0.652226  0.597582  0.594518  0.608062  0.639622  0.579131  0.601203  0.632301  0.637006  0.660275  0.699998  0.651282  0.637456  0.740800  0.640671  0.725483  0.577923  0.622565  0.689023  0.688692  0.601562  0.697577  0.649465  0.668547  0.725517  0.783125  0.614028  0.736692  0.688110 0.0  0.550593  0.646946  0.613469  0.570600  0.490756  0.627095  0.850717  0.592698  0.637141  0.597901  0.692315  0.634552  0.643646  0.711458 
31  0.851664  0.857819  0.735689  0.725269  0.767553  0.787818  0.742956  0.453735  0.752118  0.744022  0.816836  0.782227  0.755674  0.770471  0.603420  0.756481  0.559710  0.755273  0.703978  0.731663  0.721518  0.728634  0.755489  0.787896  0.703330  0.815908  0.480655  0.691373  0.449517  0.744923  0.550593 0.0  0.553041  0.621646  0.805532  0.759634  0.666579  0.814101  0.782173  0.677588  0.673173  0.745341  0.671710  0.771709  0.424401 
32  0.835075  0.792323  0.652922  0.797551  0.840810  0.805513  0.719125  0.574806  0.815398  0.801504  0.724326  0.675378  0.731291  0.825503  0.580538  0.825629  0.684802  0.788048  0.841221  0.770034  0.817229  0.825179  0.706568  0.726612  0.714166  0.891026  0.675000  0.838673  0.484476  0.822650  0.646946  0.553041 0.0  0.734456  0.918800  0.910321  0.754547  0.790068  0.710794  0.689836  0.819879  0.704926  0.826394  0.869045  0.652043 
33  0.805517  0.664083  0.788519  0.855381  0.498840  0.671701  0.426388  0.782597  0.566076  0.461806  0.654117  0.643525  0.728468  0.522317  0.876972  0.716823  0.753052  0.856874  0.480679  0.819648  0.779975  0.673335  0.582728  0.566025  0.876149  0.543546  0.845990  0.509400  0.942027  0.785514  0.613469  0.621646  0.734456 0.0  0.554884  0.576089  0.736803  0.832110  0.401181  0.715654  0.477311  0.849941  0.799066  0.347543  0.901374 
34  0.903935  0.781911  0.779243  0.830234  0.587961  0.736164  0.639937  0.889785  0.457671  0.682618  0.744068  0.758205  0.684996  0.417338  0.781104  0.768684  0.775867  0.880891  0.578607  0.748589  0.663703  0.743340  0.463632  0.642565  0.633415  0.519602  0.835488  0.499781  0.973771  0.809861  0.570600  0.805532  0.918800  0.554884 0.0  0.565114  0.841885  0.847422  0.516517  0.752453  0.672566  0.702269  0.823055  0.567097  0.801790 
35  0.923693  0.697157  0.741259  0.815945  0.601152  0.571254  0.599044  0.895680  0.536675  0.575182  0.784479  0.723652  0.736980  0.577928  0.837000  0.714481  0.798617  0.841506  0.548681  0.813751  0.716358  0.651550  0.344963  0.517220  0.718171  0.531796  0.931020  0.579055  0.901792  0.672479  0.490756  0.759634  0.910321  0.576089  0.565114 0.0  0.697623  0.867579  0.532531  0.742397  0.644989  0.721259  0.815724  0.595919  0.729687 
36  0.907475  0.883328  0.694939  0.565196  0.816822  0.742964  0.807194  0.858248  0.794578  0.758735  0.800816  0.823254  0.740157  0.773714  0.762222  0.831238  0.916742  0.462270  0.805783  0.472648  0.780240  0.741005  0.821158  0.789575  0.681970  0.876531  0.843423  0.817339  0.739393  0.475974  0.627095  0.666579  0.754547  0.736803  0.841885  0.697623 0.0  0.857287  0.835342  0.819502  0.829987  0.688595  0.668953  0.786880  0.835232 
37  0.312974  0.974418  0.941873  0.915374  0.837874  0.778771  0.775468  0.820610  0.827291  0.839052  0.902048  1.000000  0.808723  0.848992  0.785644  0.867276  0.909853  0.905699  0.893746  0.883486  0.835916  0.873278  0.800105  0.957466  0.833379  0.928301  0.720399  0.927265  0.827026  0.859585  0.850717  0.814101  0.790068  0.832110  0.847422  0.867579  0.857287 0.0  0.819253  0.853700  0.943039  0.819008  0.867546  0.850363  0.824285 
38  0.838741  0.639475  0.786784  0.846846  0.633611  0.710495  0.426722  0.793075  0.577756  0.457965  0.636631  0.858580  0.822851  0.593770  0.939565  0.606628  0.754478  0.966956  0.441687  0.902049  0.759629  0.678469  0.518957  0.470909  0.707343  0.535053  0.870380  0.479748  0.774829  0.821564  0.592698  0.782173  0.710794  0.401181  0.516517  0.532531  0.835342  0.819253 0.0  0.738623  0.497695  0.706439  0.744861  0.409747  0.807232 
39  0.793712  0.781372  0.770953  0.811218  0.694439  0.810878  0.829896  0.742371  0.824790  0.722046  0.793420  0.796562  0.794911  0.712231  0.701263  0.728843  0.793363  0.703957  0.708722  0.729018  0.550541  0.734862  0.759925  0.891919  0.629232  0.913100  0.666976  0.726972  0.732228  0.770708  0.637141  0.677588  0.689836  0.715654  0.752453  0.742397  0.819502  0.853700  0.738623 0.0  0.793586  0.738914  0.744190  0.797303  0.779175 
40  0.877395  0.595104  0.769428  0.803156  0.555652  0.669400  0.496422  0.788351  0.614695  0.414587  0.735484  0.627817  0.631715  0.622086  0.761278  0.699155  0.868089  0.700611  0.437512  0.913371  0.837990  0.573131  0.542876  0.672973  0.757660  0.619197  0.829808  0.488767  0.882541  0.852491  0.597901  0.673173  0.819879  0.477311  0.672566  0.644989  0.829987  0.943039  0.497695  0.793586 0.0  0.835669  0.728844  0.378071  0.727231 
41  0.855284  0.620637  0.537694  0.763165  0.750262  0.802880  0.787748  0.693710  0.798278  0.813041  0.413784  0.734899  0.825397  0.781305  0.776859  0.799832  0.701126  0.742864  0.666697  0.760950  0.742738  0.757232  0.776186  0.786302  0.727592  0.629655  0.607529  0.621431  0.818653  0.808244  0.692315  0.745341  0.704926  0.849941  0.702269  0.721259  0.688595  0.819008  0.706439  0.738914  0.835669 0.0  0.549291  0.831588  0.761817 
42  0.915198  0.748934  0.536218  0.694075  0.847665  0.817632  0.726971  0.873104  0.622317  0.874457  0.573492  0.706018  0.687965  0.778550  0.734935  0.749421  0.738451  0.792072  0.753733  0.749018  0.668245  0.766363  0.703859  0.746315  0.835905  0.680137  0.797652  0.738615  0.772090  0.685737  0.634552  0.671710  0.826394  0.799066  0.823055  0.815724  0.668953  0.867546  0.744861  0.744190  0.728844  0.549291 0.0  0.798482  0.725156 
43  0.828619  0.688381  0.753968  0.745730  0.517179  0.662056  0.454108  0.873806  0.548414  0.510444  0.664635  0.668823  0.780522  0.517121  0.758531  0.654638  0.774898  0.754578  0.496356  0.834576  0.762924  0.769563  0.487310  0.499997  0.668335  0.548042  0.833965  0.609948  0.824287  0.743631  0.643646  0.771709  0.869045  0.347543  0.567097  0.595919  0.786880  0.850363  0.409747  0.797303  0.378071  0.831588  0.798482 0.0  0.783632 
44  0.919313  0.806128  0.783035  0.823464  0.912139  0.745428  0.729420  0.718285  0.879046  0.787780  0.799403  0.837547  0.791632  0.852500  0.602960  0.876598  0.534675  0.870657  0.918659  0.783499  0.768883  0.849527  0.904517  0.800119  0.730451  0.833605  0.614858  0.820772  0.570261  0.939338  0.711458  0.424401  0.652043  0.901374  0.801790  0.729687  0.835232  0.824285  0.807232  0.779175  0.727231  0.761817  0.725156  0.783632 0.0 
