45
0 0.0  0.785437  0.600318  0.803309  0.455091  0.420107  0.495446  0.506792  0.807348  0.764917  0.693783  0.813576  0.735523  0.606327  0.802396  0.640017  0.755947  0.646251  0.524480  0.760776  0.652904  0.820918  0.467937  0.758575  0.591344  0.806265  0.811003  0.696363  0.778603  0.851993  0.501366  0.825438  0.745998  0.832082  0.838652  0.676593  0.676950  0.777318  0.814747  0.757720  0.750210  0.717666  0.535672  0.507663  0.531441 
1  0.785437 0.0  0.757955  0.720781  0.846508  0.853092  0.695971  0.799596  0.894739  0.838400  0.759691  0.787800  0.802874  0.861177  0.552379  0.732726  0.788558  0.760798  0.767213  0.661242  0.814678  0.784555  0.636649  0.808528  0.816653  0.643473  0.739814  0.499600  0.812595  0.564071  0.750321  0.369922  0.710096  0.594770  0.530936  0.687009  0.752773  0.806923  0.665209  0.797718  0.857528  0.731601  0.789401  0.780515  0.780117 
2  0.600318  0.757955 0.0  0.746817  0.579949  0.587755  0.352397  0.393587  0.784386  0.819382  0.809118  0.875316  0.686498  0.349160  0.831616  0.688469  0.802489  0.676273  0.407560  0.798094  0.759923  0.817750  0.458582  0.674194  0.390366  0.803781  0.780560  0.830189  0.767448  0.780892  0.583845  0.778499  0.672524  0.785865  0.761822  0.628822  0.711829  0.731372  0.806850  0.733126  0.778804  0.810146  0.343410  0.520906  0.382839 
3  0.803309  0.720781  0.746817 0.0  0.756395  0.675621  0.754750  0.708583  0.831199  0.854313  0.586142  0.704154  0.718419  0.807080  0.783649  0.746835  0.700810  0.844506  0.713592  0.517389  0.656168  0.683440  0.737605  0.718061  0.640096  0.730479  0.711993  0.696382  0.746046  0.737163  0.759774  0.678611  0.452139  0.772928  0.718394  0.744476  0.825059  0.768822  0.762769  0.544204  0.806529  0.723651  0.727986  0.750505  0.727610 
4  0.455091  0.846508  0.579949  0.756395 0.0  0.410340  0.593886  0.601776  0.799007  0.769606  0.765039  0.831663  0.747014  0.491784  0.852768  0.641532  0.683210  0.777854  0.532327  0.713904  0.589280  0.821392  0.538692  0.855810  0.473187  0.766448  0.703824  0.775885  0.760074  0.798995  0.365236  0.756229  0.791669  0.813170  0.757640  0.525340  0.656284  0.810679  0.770489  0.812463  0.777067  0.774795  0.606617  0.463679  0.451784 
5  0.420107  0.853092  0.587755  0.675621  0.410340 0.0  0.555792  0.540927  0.760931  0.875194  0.775142  0.864364  0.681625  0.562702  0.756692  0.651201  0.697523  0.734293  0.606362  0.678910  0.642479  0.844529  0.566929  0.754050  0.569106  0.835003  0.806399  0.747121  0.910708  0.890408  0.406068  0.792866  0.785589  0.863558  0.824785  0.751592  0.648091  0.709986  0.811899  0.741439  0.884120  0.756476  0.638644  0.428245  0.599253 
6  0.495446  0.695971  0.352397  0.754750  0.593886  0.555792 0.0  0.436700  0.838693  0.865177  0.813131  0.868918  0.654793  0.468245  0.775888  0.681172  0.848582  0.701625  0.403898  0.726975  0.705030  0.834613  0.449321  0.726568  0.438759  0.836933  0.816168  0.646644  0.818359  0.777070  0.479178  0.794045  0.824599  0.848576  0.737639  0.699981  0.734055  0.808418  0.818747  0.686716  0.668910  0.692608  0.446677  0.506877  0.441273 
7  0.506792  0.799596  0.393587  0.708583  0.601776  0.540927  0.436700 0.0  0.896407  0.784426  0.744379  0.736468  0.606333  0.380512  0.824198  0.677702  0.767369  0.598598  0.387751  0.745310  0.721742  0.743857  0.423997  0.672063  0.430501  0.793139  0.730823  0.626398  0.720733  0.760332  0.598747  0.724314  0.827061  0.760333  0.741709  0.605258  0.651178  0.637384  0.794348  0.793290  0.831065  0.775135  0.327716  0.637971  0.316828 
8  0.807348  0.894739  0.784386  0.831199  0.799007  0.760931  0.838693  0.896407 0.0  0.916619  0.805030  0.768300  0.819247  0.744031  0.834303  0.802507  0.901731  0.893218  0.877706  0.920158  0.893844  0.831364  0.803369  0.780060  0.883608  0.914935  0.832654  0.875310  0.872089  0.802985  0.890825  0.805683  0.818885  0.906957  0.767982  0.800716  0.881551  0.839416  0.867486  0.685168  0.870798  0.860014  0.793950  0.813601  0.857912 
9  0.764917  0.838400  0.819382  0.854313  0.769606  0.875194  0.865177  0.784426  0.916619 0.0  0.617078  0.502366  0.688603  0.821399  0.822461  0.778662  0.688376  0.838230  0.844986  0.743889  0.841064  0.789820  0.811283  0.379361  0.819825  0.691716  0.333968  0.699061  0.733255  0.757405  0.812820  0.768429  0.696041  0.775518  0.764048  0.792728  0.752122  0.769309  0.854134  0.719143  0.290848  0.848535  0.788999  0.836400  0.876161 
10  0.693783  0.759691  0.809118  0.586142  0.765039  0.775142  0.813131  0.744379  0.805030  0.617078 0.0  0.794028  0.757835  0.692847  0.798771  0.702342  0.689434  0.784580  0.708801  0.529304  0.661340  0.714155  0.733038  0.778728  0.709986  0.735232  0.708492  0.896613  0.737142  0.824852  0.721219  0.798374  0.519110  0.686659  0.773793  0.837484  0.762639  0.776677  0.811768  0.616527  0.745999  0.784815  0.665368  0.764813  0.775861 
11  0.813576  0.787800  0.875316  0.704154  0.831663  0.864364  0.868918  0.736468  0.768300  0.502366  0.794028 0.0  0.889666  0.841467  0.803047  0.818445  0.778350  0.799664  0.737666  0.761892  0.720787  0.523149  0.755259  0.478530  0.854357  0.801095  0.524647  0.831283  0.640996  0.773946  0.912084  0.785233  0.801340  0.818387  0.729398  0.777309  0.737661  0.772963  0.884893  0.758919  0.503746  0.690873  0.893638  0.845891  0.800784 
12  0.735523  0.802874  0.686498  0.718419  0.747014  0.681625  0.654793  0.606333  0.819247  0.688603  0.757835  0.889666 0.0  0.586060  0.899046  0.504181  0.763839  0.467634  0.559203  0.756228  0.522347  0.799782  0.711639  0.826559  0.681339  0.816284  0.812953  0.759156  0.767610  0.862094  0.633462  0.743820  0.749800  0.993883  1.000000  0.509910  0.455922  0.821529  0.709941  0.754832  0.717387  0.648803  0.714152  0.723717  0.678697 
13  0.606327  0.861177  0.349160  0.807080  0.491784  0.562702  0.468245  0.380512  0.744031  0.821399  0.692847  0.841467  0.586060 0.0  0.728170  0.661693  0.731176  0.676679  0.424832  0.753028  0.792152  0.694548  0.500640  0.745999  0.439638  0.817920  0.798653  0.688556  0.807392  0.639461  0.503218  0.719039  0.645423  0.732531  0.779778  0.565027  0.627996  0.722250  0.764111  0.781855  0.807467  0.731440  0.403000  0.488273  0.330041 
14  0.802396  0.552379  0.831616  0.783649  0.852768  0.756692  0.775888  0.824198  0.834303  0.822461  0.798771  0.803047  0.899046  0.728170 0.0  0.772406  0.669744  0.867386  0.719697  0.753638  0.908916  0.864764  0.788710  0.748992  0.742537  0.615174  0.756806  0.524224  0.917359  0.575199  0.768437  0.548378  0.679294  0.498384  0.653226  0.779488  0.896215  0.781978  0.614913  0.783776  0.816069  0.776577  0.715671  0.833107  0.709972 
15  0.640017  0.732726  0.688469  0.746835  0.641532  0.651201  0.681172  0.677702  0.802507  0.778662  0.702342  0.818445  0.504181  0.661693  0.772406 0.0  0.757939  0.518140  0.640792  0.761850  0.495033  0.867288  0.607512  0.911553  0.676993  0.908241  0.875957  0.750057  0.845894  0.817031  0.648737  0.774107  0.799483  0.912956  0.726551  0.644832  0.445497  0.799682  0.796965  0.794469  0.845448  0.774157  0.654014  0.606007  0.680519 
16  0.755947  0.788558  0.802489  0.700810  0.683210  0.697523  0.848582  0.767369  0.901731  0.688376  0.689434  0.778350  0.763839  0.731176  0.669744  0.757939 0.0  0.671283  0.695976  0.775226  0.724498  0.774304  0.692846  0.810464  0.719892  0.779854  0.740139  0.753531  0.728422  0.807442  0.662280  0.727434  0.714222  0.693906  0.691900  0.708748  0.668851  0.705868  0.767253  0.724425  0.684494  0.513511  0.934377  0.681888  0.710999 
17  0.646251  0.760798  0.676273  0.844506  0.777854  0.734293  0.701625  0.598598  0.893218  0.838230  0.784580  0.799664  0.467634  0.676679  0.867386  0.518140  0.671283 0.0  0.621602  0.773963  0.528314  0.770581  0.690286  0.803715  0.610287  0.823400  0.705049  0.877345  0.804666  0.783855  0.647671  0.757435  0.822611  0.785549  0.760281  0.379931  0.595072  0.838879  0.868355  0.678655  0.888149  0.711177  0.710242  0.606411  0.715999 
18  0.524480  0.767213  0.407560  0.713592  0.532327  0.606362  0.403898  0.387751  0.877706  0.844986  0.708801  0.737666  0.559203  0.424832  0.719697  0.640792  0.695976  0.621602 0.0  0.834710  0.643309  0.809654  0.455280  0.795211  0.394321  0.821585  0.862966  0.735487  0.732242  0.877313  0.565783  0.702841  0.659754  0.791443  0.789557  0.696680  0.702861  0.695796  0.824118  0.762088  0.784275  0.710487  0.409746  0.447198  0.357647 
19  0.760776  0.661242  0.798094  0.517389  0.713904  0.678910  0.726975  0.745310  0.920158  0.743889  0.529304  0.761892  0.756228  0.753028  0.753638  0.761850  0.775226  0.773963  0.834710 0.0  0.657002  0.752892  0.757092  0.715453  0.873216  0.734822  0.831786  0.784943  0.688498  0.730485  0.782422  0.711636  0.596926  0.731825  0.613764  0.740510  0.660556  0.724664  0.916628  0.565074  0.669265  0.597210  0.699901  0.836862  0.742864 
20  0.652904  0.814678  0.759923  0.656168  0.589280  0.642479  0.705030  0.721742  0.893844  0.841064  0.661340  0.720787  0.522347  0.792152  0.908916  0.495033  0.724498  0.528314  0.643309  0.657002 0.0  0.818120  0.729229  0.814696  0.645732  0.881381  0.806969  0.780611  0.773686  0.854041  0.631186  0.873933  0.718614  0.834915  0.782944  0.589981  0.371498  0.732294  0.794938  0.669783  0.822383  0.787341  0.761072  0.646753  0.677261 
21  0.820918  0.784555  0.817750  0.683440  0.821392  0.844529  0.834613  0.743857  0.831364  0.789820  0.714155  0.523149  0.799782  0.694548  0.864764  0.867288  0.774304  0.770581  0.809654  0.752892  0.818120 0.0  0.711538  0.569067  0.874276  0.772801  0.544552  0.841516  0.494030  0.813745  0.755644  0.760818  0.800855  0.869050  0.870659  0.858054  0.809826  0.784815  0.845872  0.635295  0.683800  0.786402  0.800888  0.777525  0.697571 
22  0.467937  0.636649  0.458582  0.737605  0.538692  0.566929  0.449321  0.423997  0.803369  0.811283  0.733038  0.755259  0.711639  0.500640  0.788710  0.607512  0.692846  0.690286  0.455280  0.757092  0.729229  0.711538 0.0  0.735831  0.384298  0.778601  0.863141  0.768274  0.827353  0.756238  0.446678  0.783092  0.780070  0.848698  0.773410  0.676212  0.607034  0.806525  0.783979  0.703259  0.848493  0.802667  0.481589  0.490027  0.462497 
23  0.758575  0.808528  0.674194  0.718061  0.855810  0.754050  0.726568  0.672063  0.780060  0.379361  0.778728  0.478530  0.826559  0.745999  0.748992  0.911553  0.810464  0.803715  0.795211  0.715453  0.814696  0.569067  0.735831 0.0  0.852990  0.743792  0.356342  0.806646  0.690405  0.799654  0.779931  0.813874  0.741718  0.745434  0.786255  0.867437  0.790825  0.750886  0.904209  0.812971  0.402001  0.680368  0.835343  0.763816  0.773680 
24  0.591344  0.816653  0.390366  0.640096  0.473187  0.569106  0.438759  0.430501  0.883608  0.819825  0.709986  0.854357  0.681339  0.439638  0.742537  0.676993  0.719892  0.610287  0.394321  0.873216  0.645732  0.874276  0.384298  0.852990 0.0  0.865570  0.747009  0.727598  0.814703  0.750308  0.641354  0.658812  0.683170  0.704662  0.844238  0.712833  0.630242  0.752175  0.835049  0.669567  0.820827  0.725494  0.353389  0.433623  0.528629 
25  0.806265  0.643473  0.803781  0.730479  0.766448  0.835003  0.836933  0.793139  0.914935  0.691716  0.735232  0.801095  0.816284  0.817920  0.615174  0.908241  0.779854  0.823400  0.821585  0.734822  0.881381  0.772801  0.778601  0.743792  0.865570 0.0  0.838137  0.545409  0.882924  0.620944  0.877838  0.619926  0.697931  0.502646  0.723602  0.866756  0.765242  0.804429  0.545954  0.776412  0.833271  0.758832  0.778922  0.852263  0.812047 
26  0.811003  0.739814  0.780560  0.711993  0.703824  0.806399  0.816168  0.730823  0.832654  0.333968  0.708492  0.524647  0.812953  0.798653  0.756806  0.875957  0.740139  0.705049  0.862966  0.831786  0.806969  0.544552  0.863141  0.356342  0.747009  0.838137 0.0  0.895568  0.622636  0.729324  0.782578  0.839837  0.772115  0.820489  0.809372  0.735663  0.822858  0.727118  0.794710  0.774487  0.404196  0.698285  0.835551  0.793440  0.754733 
27  0.696363  0.499600  0.830189  0.696382  0.775885  0.747121  0.646644  0.626398  0.875310  0.699061  0.896613  0.831283  0.759156  0.688556  0.524224  0.750057  0.753531  0.877345  0.735487  0.784943  0.780611  0.841516  0.768274  0.806646  0.727598  0.545409  0.895568 0.0  0.780612  0.583099  0.767992  0.572078  0.722407  0.644493  0.556701  0.830685  0.784817  0.729986  0.607718  0.704507  0.674725  0.902494  0.885567  0.697301  0.756196 
28  0.778603  0.812595  0.767448  0.746046  0.760074  0.910708  0.818359  0.720733  0.872089  0.733255  0.737142  0.640996  0.767610  0.807392  0.917359  0.845894  0.728422  0.804666  0.732242  0.688498  0.773686  0.494030  0.827353  0.690405  0.814703  0.882924  0.622636  0.780612 0.0  0.846195  0.737336  0.839163  0.787449  0.802584  0.760364  0.749366  0.864411  0.720524  0.813716  0.776757  0.579011  0.804677  0.844239  0.711768  0.786394 
29  0.851993  0.564071  0.780892  0.737163  0.798995  0.890408  0.777070  0.760332  0.802985  0.757405  0.824852  0.773946  0.862094  0.639461  0.575199  0.817031  0.807442  0.783855  0.877313  0.730485  0.854041  0.813745  0.756238  0.799654  0.750308  0.620944  0.729324  0.583099  0.846195 0.0  0.734407  0.511134  0.665629  0.399161  0.635840  0.911385  0.778469  0.731883  0.648991  0.775384  0.819213  0.755009  0.810108  0.803620  0.904384 
30  0.501366  0.750321  0.583845  0.759774  0.365236  0.406068  0.479178  0.598747  0.890825  0.812820  0.721219  0.912084  0.633462  0.503218  0.768437  0.648737  0.662280  0.647671  0.565783  0.782422  0.631186  0.755644  0.446678  0.779931  0.641354  0.877838  0.782578  0.767992  0.737336  0.734407 0.0  0.810470  0.723194  0.881790  0.720852  0.673350  0.647576  0.750387  0.773758  0.846786  0.790395  0.798862  0.549346  0.434672  0.565431 
31  0.825438  0.369922  0.778499  0.678611  0.756229  0.792866  0.794045  0.724314  0.805683  0.768429  0.798374  0.785233  0.743820  0.719039  0.548378  0.774107  0.727434  0.757435  0.702841  0.711636  0.873933  0.760818  0.783092  0.813874  0.658812  0.619926  0.839837  0.572078  0.839163  0.511134  0.810470 0.0  0.775744  0.455767  0.634387  0.778180  0.800557  0.853262  0.658616  0.778057  0.794104  0.778251  0.764230  0.764830  0.752274 
32  0.745998  0.710096  0.672524  0.452139  0.791669  0.785589  0.824599  0.827061  0.818885  0.696041  0.519110  0.801340  0.749800  0.645423  0.679294  0.799483  0.714222  0.822611  0.659754  0.596926  0.718614  0.800855  0.780070  0.741718  0.683170  0.697931  0.772115  0.722407  0.787449  0.665629  0.723194  0.775744 0.0  0.756189  0.789084  0.759193  0.641421  0.753840  0.752074  0.503858  0.703708  0.721148  0.822686  0.813100  0.712491 
33  0.832082  0.594770  0.785865  0.772928  0.813170  0.863558  0.848576  0.760333  0.906957  0.775518  0.686659  0.818387  0.993883  0.732531  0.498384  0.912956  0.693906  0.785549  0.791443  0.731825  0.834915  0.869050  0.848698  0.745434  0.704662  0.502646  0.820489  0.644493  0.802584  0.399161  0.881790  0.455767  0.756189 0.0  0.670554  0.717273  0.862245  0.763104  0.585575  0.711109  0.726267  0.717472  0.767013  0.880973  0.711803 
34  0.838652  0.530936  0.761822  0.718394  0.757640  0.824785  0.737639  0.741709  0.767982  0.764048  0.773793  0.729398  1.000000  0.779778  0.653226  0.726551  0.691900  0.760281  0.789557  0.613764  0.782944  0.870659  0.773410  0.786255  0.844238  0.723602  0.809372  0.556701  0.760364  0.635840  0.720852  0.634387  0.789084  0.670554 0.0  0.872809  0.901992  0.799754  0.310928  0.696327  0.828169  0.669604  0.739393  0.783310  0.782919 
35  0.676593  0.687009  0.628822  0.744476  0.525340  0.751592  0.699981  0.605258  0.800716  0.792728  0.837484  0.777309  0.509910  0.565027  0.779488  0.644832  0.708748  0.379931  0.696680  0.740510  0.589981  0.858054  0.676212  0.867437  0.712833  0.866756  0.735663  0.830685  0.749366  0.911385  0.673350  0.778180  0.759193  0.717273  0.872809 0.0  0.488785  0.848475  0.744733  0.693615  0.832319  0.764846  0.653230  0.670522  0.717280 
36  0.676950  0.752773  0.711829  0.825059  0.656284  0.648091  0.734055  0.651178  0.881551  0.752122  0.762639  0.737661  0.455922  0.627996  0.896215  0.445497  0.668851  0.595072  0.702861  0.660556  0.371498  0.809826  0.607034  0.790825  0.630242  0.765242  0.822858  0.784817  0.864411  0.778469  0.647576  0.800557  0.641421  0.862245  0.901992  0.488785 0.0  0.781418  0.762000  0.688959  0.818210  0.765084  0.699107  0.724576  0.710848 
37  0.777318  0.806923  0.731372  0.768822  0.810679  0.709986  0.808418  0.637384  0.839416  0.769309  0.776677  0.772963  0.821529  0.722250  0.781978  0.799682  0.705868  0.838879  0.695796  0.724664  0.732294  0.784815  0.806525  0.750886  0.752175  0.804429  0.727118  0.729986  0.720524  0.731883  0.750387  0.853262  0.753840  0.763104  0.799754  0.848475  0.781418 0.0  0.815724  0.797380  0.721913  0.757830  0.802453  0.723491  0.790077 
38  0.814747  0.665209  0.806850  0.762769  0.770489  0.811899  0.818747  0.794348  0.867486  0.854134  0.811768  0.884893  0.709941  0.764111  0.614913  0.796965  0.767253  0.868355  0.824118  0.916628  0.794938  0.845872  0.783979  0.904209  0.835049  0.545954  0.794710  0.607718  0.813716  0.648991  0.773758  0.658616  0.752074  0.585575  0.310928  0.744733  0.762000  0.815724 0.0  0.838979  0.871807  0.765273  0.792243  0.897523  0.809417 
39  0.757720  0.797718  0.733126  0.544204  0.812463  0.741439  0.686716  0.793290  0.685168  0.719143  0.616527  0.758919  0.754832  0.781855  0.783776  0.794469  0.724425  0.678655  0.762088  0.565074  0.669783  0.635295  0.703259  0.812971  0.669567  0.776412  0.774487  0.704507  0.776757  0.775384  0.846786  0.778057  0.503858  0.711109  0.696327  0.693615  0.688959  0.797380  0.838979 0.0  0.734718  0.676720  0.775795  0.723068  0.792570 
40  0.750210  0.857528  0.778804  0.806529  0.777067  0.884120  0.668910  0.831065  0.870798  0.290848  0.745999  0.503746  0.717387  0.807467  0.816069  0.845448  0.684494  0.888149  0.784275  0.669265  0.822383  0.683800  0.848493  0.402001  0.820827  0.833271  0.404196  0.674725  0.579011  0.819213  0.790395  0.794104  0.703708  0.726267  0.828169  0.832319  0.818210  0.721913  0.871807  0.734718 0.0  0.646916  0.692515  0.804000  0.842068 
41  0.717666  0.731601  0.810146  0.723651  0.774795  0.756476  0.692608  0.775135  0.860014  0.848535  0.784815  0.690873  0.648803  0.731440  0.776577  0.774157  0.513511  0.711177  0.710487  0.597210  0.787341  0.786402  0.802667  0.680368  0.725494  0.758832  0.698285  0.902494  0.804677  0.755009  0.798862  0.778251  0.721148  0.717472  0.669604  0.764846  0.765084  0.757830  0.765273  0.676720  0.646916 0.0  0.751255  0.778317  0.783347 
42  0.535672  0.789401  0.343410  0.727986  0.606617  0.638644  0.446677  0.327716  0.793950  0.788999  0.665368  0.893638  0.714152  0.403000  0.715671  0.654014  0.934377  0.710242  0.409746  0.699901  0.761072  0.800888  0.481589  0.835343  0.353389  0.778922  0.835551  0.885567  0.844239  0.810108  0.549346  0.764230  0.822686  0.767013  0.739393  0.653230  0.699107  0.802453  0.792243  0.775795  0.692515  0.751255 0.0  0.570392  0.409486 
43  0.507663  0.780515  0.520906  0.750505  0.463679  0.428245  0.506877  0.637971  0.813601  0.836400  0.764813  0.845891  0.723717  0.488273  0.833107  0.606007  0.681888  0.606411  0.447198  0.836862  0.646753  0.777525  0.490027  0.763816  0.433623  0.852263  0.793440  0.697301  0.711768  0.803620  0.434672  0.764830  0.813100  0.880973  0.783310  0.670522  0.724576  0.723491  0.897523  0.723068  0.804000  0.778317  0.570392 0.0  0.488396 
44  0.531441  0.780117  0.382839  0.727610  0.451784  0.599253  0.441273  0.316828  0.857912  0.876161  0.775861  0.800784  0.678697  0.330041  0.709972  0.680519  0.710999  0.715999  0.357647  0.742864  0.677261  0.697571  0.462497  0.773680  0.528629  0.812047  0.754733  0.756196  0.786394  0.904384  0.565431  0.752274  0.712491  0.711803  0.782919  0.717280  0.710848  0.790077  0.809417  0.792570  0.842068  0.783347  0.409486  0.488396 0.0 
