44
0 0.0  0.846291  0.670367  0.648626  0.684012  0.901072  0.837739  0.659539  0.738331  0.648160  0.628138  0.589910  0.846517  0.782382  0.616105  0.776889  0.941270  0.799632  0.415401  0.709170  0.548341  0.892227  0.830143  0.808356  0.633769  0.638975  0.542380  0.723986  0.551643  0.792601  0.290758  0.802500  0.781662  0.796124  0.749494  0.617287  0.781503  0.858166  0.573856  0.927272  0.737498  0.596067  0.808441  0.486749 
1  0.846291 0.0  0.773303  0.803714  0.843801  0.605729  0.733785  0.819627  0.570381  0.848840  0.924073  0.762338  0.808243  0.778544  0.826729  0.810306  0.708970  0.531406  0.811963  0.743741  0.836088  0.835448  0.764321  0.671594  0.783993  0.840593  0.812198  0.793763  0.779301  0.571033  1.000000  0.836200  0.924428  0.535532  0.597304  0.631003  0.670041  0.830022  0.838856  0.778138  0.754166  0.769253  0.638155  0.870698 
2  0.670367  0.773303 0.0  0.805273  0.665168  0.688233  0.569747  0.539371  0.768012  0.460528  0.281741  0.379484  0.770748  0.779587  0.581873  0.629149  0.786845  0.579010  0.328792  0.783193  0.585055  0.888047  0.699435  0.842775  0.690977  0.677189  0.646010  0.717856  0.572575  0.751157  0.435587  0.544773  0.798073  0.746187  0.824987  0.717747  0.775124  0.737334  0.725137  0.708206  0.558466  0.668252  0.809457  0.491402 
3  0.648626  0.803714  0.805273 0.0  0.835838  0.601291  0.404861  0.811871  0.769661  0.628106  0.619316  0.804547  0.674937  0.587083  0.785589  0.628505  0.724017  0.600190  0.709297  0.581490  0.587233  0.600893  0.598541  0.536360  0.691241  0.773958  0.773230  0.535686  0.834997  0.708986  0.840997  0.591709  0.867918  0.756756  0.612480  0.688456  0.485830  0.682178  0.752352  0.602556  0.682380  0.525915  0.677475  0.730127 
4  0.684012  0.843801  0.665168  0.835838 0.0  0.866683  0.714002  0.634085  0.897962  0.642775  0.592826  0.768555  0.819109  0.766541  0.587818  0.873983  0.822773  0.793682  0.645806  0.453949  0.682875  0.851601  0.808676  0.845902  0.386737  0.473312  0.468582  0.781275  0.481059  0.847589  0.487087  0.861801  0.724899  0.855679  0.947144  0.543357  0.832365  0.675139  0.447759  0.817659  0.794144  0.791284  0.771484  0.537775 
5  0.901072  0.605729  0.688233  0.601291  0.866683 0.0  0.604738  0.855679  0.604653  0.880743  0.721255  0.785890  0.697195  0.537562  0.798093  0.620144  0.749193  0.422807  0.840301  0.594117  0.608768  0.638449  0.663370  0.433531  0.854110  0.786630  0.760512  0.837817  0.802405  0.633220  0.904482  0.628323  0.778626  0.529540  0.530462  0.615392  0.641002  0.559609  0.793203  0.701578  0.681826  0.745010  0.526547  0.688403 
6  0.837739  0.733785  0.569747  0.404861  0.714002  0.604738 0.0  0.769428  0.761521  0.703505  0.696260  0.736610  0.615411  0.704563  0.797155  0.522631  0.730469  0.545308  0.701919  0.692102  0.614144  0.659163  0.646217  0.639393  0.623092  0.766766  0.765939  0.637259  0.705194  0.702603  0.846111  0.538398  0.806149  0.876165  0.522283  0.752071  0.396486  0.580173  0.750202  0.695496  0.583445  0.582474  0.504250  0.790945 
7  0.659539  0.819627  0.539371  0.811871  0.634085  0.855679  0.769428 0.0  0.969032  0.520168  0.649109  0.677203  0.767519  0.863425  0.534389  0.945266  0.804253  0.908948  0.431264  0.668385  0.579466  0.960483  0.757361  0.889561  0.607437  0.653072  0.395177  0.664380  0.511923  0.744719  0.460188  0.783473  0.741487  0.740626  0.872649  0.606666  0.714696  0.745097  0.626309  0.809449  0.858987  0.676706  0.875377  0.420058 
8  0.738331  0.570381  0.768012  0.769661  0.897962  0.604653  0.761521  0.969032 0.0  0.714515  0.866796  0.757237  0.783092  0.688336  0.864422  0.625883  0.739232  0.587112  0.806526  0.786075  0.716054  0.903378  0.712602  0.569828  0.827697  0.735866  0.818128  0.815475  0.814118  0.484086  0.858124  0.857857  0.885750  0.400463  0.604212  0.587774  0.758578  0.789554  0.858403  0.791132  0.721660  0.855103  0.646250  0.779664 
9  0.648160  0.848840  0.460528  0.628106  0.642775  0.880743  0.703505  0.520168  0.714515 0.0  0.512644  0.729483  0.725707  0.621543  0.626683  0.660998  0.810378  0.609663  0.717264  0.780568  0.525493  0.728143  0.634111  0.715658  0.667811  0.819329  0.661388  0.489332  0.506620  0.805380  0.742048  0.682082  0.937191  0.857873  0.721753  0.718638  0.689434  0.611715  0.732653  0.598076  0.541674  0.564016  0.753394  0.649521 
10  0.628138  0.924073  0.281741  0.619316  0.592826  0.721255  0.696260  0.649109  0.866796  0.512644 0.0  0.470276  0.612931  0.676809  0.624240  0.750747  0.737355  0.689185  0.357783  0.753061  0.494410  0.718919  0.610614  0.701123  0.790783  0.702256  0.611474  0.602204  0.616284  0.949135  0.590365  0.707565  0.822067  0.813226  0.680647  0.790911  0.604327  0.844233  0.727153  0.708261  0.662773  0.590332  0.748846  0.509952 
11  0.589910  0.762338  0.379484  0.804547  0.768555  0.785890  0.736610  0.677203  0.757237  0.729483  0.470276 0.0  0.720260  0.644515  0.655791  0.719648  0.735390  0.755486  0.413259  0.657854  0.555645  0.608455  0.714848  0.762778  0.673260  0.706181  0.552032  0.651502  0.676571  0.695780  0.547084  0.718270  0.793470  0.665804  0.731568  0.571001  0.720808  0.658431  0.615958  0.813005  0.774700  0.486342  0.741034  0.440436 
12  0.846517  0.808243  0.770748  0.674937  0.819109  0.697195  0.615411  0.767519  0.783092  0.725707  0.612931  0.720260 0.0  0.641666  0.662652  0.622047  0.604338  0.623274  0.892216  0.793363  0.757707  0.395463  0.461703  0.566540  0.894801  0.819574  0.781060  0.681236  0.822604  0.831871  0.808708  0.470407  0.795008  0.743540  0.655439  0.774263  0.540954  0.661089  0.799213  0.447349  0.674102  0.696231  0.738463  0.781143 
13  0.782382  0.778544  0.779587  0.587083  0.766541  0.537562  0.704563  0.863425  0.688336  0.621543  0.676809  0.644515  0.641666 0.0  0.769676  0.482584  0.711256  0.759928  0.688460  0.797053  0.706380  0.728077  0.593956  0.649499  0.908642  0.764777  0.916044  0.740598  0.835872  0.797802  0.876071  0.675565  0.872114  0.692731  0.549552  0.835506  0.783470  0.677327  0.728317  0.676413  0.579301  0.729018  0.622247  0.803752 
14  0.616105  0.826729  0.581873  0.785589  0.587818  0.798093  0.797155  0.534389  0.864422  0.626683  0.624240  0.655791  0.662652  0.769676 0.0  0.870237  0.691936  0.802797  0.516670  0.644598  0.704358  0.796520  0.789288  0.793790  0.428095  0.604450  0.475470  0.662011  0.525256  0.857809  0.535349  0.754366  0.800690  0.841967  0.804462  0.682626  0.774581  0.780751  0.507990  0.827957  0.658903  0.671118  0.878289  0.445253 
15  0.776889  0.810306  0.629149  0.628505  0.873983  0.620144  0.522631  0.945266  0.625883  0.660998  0.750747  0.719648  0.622047  0.482584  0.870237 0.0  0.707771  0.692374  0.816340  0.704034  0.630763  0.685318  0.683149  0.612893  0.806647  0.633489  0.755433  0.865918  0.678306  0.650386  0.717859  0.632355  0.743700  0.755201  0.563407  0.797856  0.648873  0.635079  0.635908  0.551378  0.537349  0.583178  0.634755  0.806976 
16  0.941270  0.708970  0.786845  0.724017  0.822773  0.749193  0.730469  0.804253  0.739232  0.810378  0.737355  0.735390  0.604338  0.711256  0.691936  0.707771 0.0  0.866278  0.879296  0.755141  0.849987  0.559683  0.514737  0.743527  0.950386  0.883695  0.782171  0.765977  0.772726  0.753892  0.739465  0.459520  0.830510  0.732196  0.846757  0.793772  0.614957  0.767956  0.851685  0.615825  0.584073  0.806942  0.885266  0.862474 
17  0.799632  0.531406  0.579010  0.600190  0.793682  0.422807  0.545308  0.908948  0.587112  0.609663  0.689185  0.755486  0.623274  0.759928  0.802797  0.692374  0.866278 0.0  0.712424  0.640042  0.617951  0.665666  0.627753  0.469602  0.685224  0.753440  0.790834  0.669509  0.776133  0.703523  0.787862  0.727233  0.855570  0.645604  0.455873  0.664420  0.713180  0.704694  0.749295  0.666503  0.758157  0.531362  0.394847  0.834295 
18  0.415401  0.811963  0.328792  0.709297  0.645806  0.840301  0.701919  0.431264  0.806526  0.717264  0.357783  0.413259  0.892216  0.688460  0.516670  0.816340  0.879296  0.712424 0.0  0.641623  0.765915  0.815414  0.726598  0.857180  0.530264  0.564307  0.600579  0.681622  0.560240  0.867600  0.462924  0.847114  0.734501  0.836621  0.837443  0.702264  0.668862  0.815708  0.622162  0.749699  0.828063  0.728866  0.871355  0.507801 
19  0.709170  0.743741  0.783193  0.581490  0.453949  0.594117  0.692102  0.668385  0.786075  0.780568  0.753061  0.657854  0.793363  0.797053  0.644598  0.704034  0.755141  0.640042  0.641623 0.0  0.592026  0.634768  0.774226  0.738820  0.560324  0.581977  0.523600  0.708048  0.502785  0.866737  0.760838  0.813638  0.774193  0.826472  0.827656  0.624439  0.808874  0.658519  0.522942  0.832345  0.716662  0.666434  0.692080  0.678339 
20  0.548341  0.836088  0.585055  0.587233  0.682875  0.608768  0.614144  0.579466  0.716054  0.525493  0.494410  0.555645  0.757707  0.706380  0.704358  0.630763  0.849987  0.617951  0.765915  0.592026 0.0  0.590969  0.774615  0.783014  0.593927  0.836750  0.656558  0.542196  0.615009  0.868360  0.621242  0.692384  0.898779  0.712983  0.835117  0.739703  0.732607  0.653131  0.755567  0.645623  0.711304  0.433878  0.650270  0.604136 
21  0.892227  0.835448  0.888047  0.600893  0.851601  0.638449  0.659163  0.960483  0.903378  0.728143  0.718919  0.608455  0.395463  0.728077  0.796520  0.685318  0.559683  0.665666  0.815414  0.634768  0.590969 0.0  0.443517  0.701566  0.815363  0.908221  0.907302  0.863077  0.850466  0.710388  0.902028  0.467257  0.749026  0.810064  0.771610  0.786862  0.649908  0.473280  0.789045  0.498168  0.577246  0.621869  0.663194  0.761816 
22  0.830143  0.764321  0.699435  0.598541  0.808676  0.663370  0.646217  0.757361  0.712602  0.634111  0.610614  0.714848  0.461703  0.593956  0.789288  0.683149  0.514737  0.627753  0.726598  0.774226  0.774615  0.443517 0.0  0.591044  0.917863  0.876432  0.683499  0.690921  0.728099  0.816046  0.773868  0.352057  0.736301  0.941108  0.640341  0.783287  0.682920  0.551947  0.820325  0.546239  0.561446  0.711142  0.636317  0.746260 
23  0.808356  0.671594  0.842775  0.536360  0.845902  0.433531  0.639393  0.889561  0.569828  0.715658  0.701123  0.762778  0.566540  0.649499  0.793790  0.612893  0.743527  0.469602  0.857180  0.738820  0.783014  0.701566  0.591044 0.0  0.838470  0.770872  0.895691  0.690167  0.807395  0.566002  0.822897  0.745769  0.930937  0.593255  0.458870  0.688928  0.685402  0.699855  0.790996  0.564686  0.630212  0.742049  0.452946  0.777590 
24  0.633769  0.783993  0.690977  0.691241  0.386737  0.854110  0.623092  0.607437  0.827697  0.667811  0.790783  0.673260  0.894801  0.908642  0.428095  0.806647  0.950386  0.685224  0.530264  0.560324  0.593927  0.815363  0.917863  0.838470 0.0  0.512455  0.328060  0.701773  0.381034  0.887218  0.558659  0.841212  0.736743  0.781888  0.847450  0.615771  0.799199  0.745226  0.487998  0.832886  0.720721  0.812974  0.775506  0.503323 
25  0.638975  0.840593  0.677189  0.773958  0.473312  0.786630  0.766766  0.653072  0.735866  0.819329  0.702256  0.706181  0.819574  0.764777  0.604450  0.633489  0.883695  0.753440  0.564307  0.581977  0.836750  0.908221  0.876432  0.770872  0.512455 0.0  0.451900  0.812485  0.388859  0.772678  0.667074  0.839717  0.755792  0.692904  0.722265  0.649419  0.762797  0.799876  0.513996  0.874703  0.708786  0.766391  0.876166  0.482532 
26  0.542380  0.812198  0.646010  0.773230  0.468582  0.760512  0.765939  0.395177  0.818128  0.661388  0.611474  0.552032  0.781060  0.916044  0.475470  0.755433  0.782171  0.790834  0.600579  0.523600  0.656558  0.907302  0.683499  0.895691  0.328060  0.451900 0.0  0.681595  0.251491  0.806415  0.552665  0.700328  0.710263  0.899653  0.865153  0.579406  0.672923  0.864495  0.535813  0.684655  0.624677  0.706220  0.821770  0.574655 
27  0.723986  0.793763  0.717856  0.535686  0.781275  0.837817  0.637259  0.664380  0.815475  0.489332  0.602204  0.651502  0.681236  0.740598  0.662011  0.865918  0.765977  0.669509  0.681622  0.708048  0.542196  0.863077  0.690921  0.690167  0.701773  0.812485  0.681595 0.0  0.717637  0.907949  0.677001  0.655595  0.779911  0.691736  0.618158  0.798100  0.512239  0.571868  0.837384  0.698288  0.681327  0.432032  0.598760  0.681043 
28  0.551643  0.779301  0.572575  0.834997  0.481059  0.802405  0.705194  0.511923  0.814118  0.506620  0.616284  0.676571  0.822604  0.835872  0.525256  0.678306  0.772726  0.776133  0.560240  0.502785  0.615009  0.850466  0.728099  0.807395  0.381034  0.388859  0.251491  0.717637 0.0  0.694070  0.543417  0.757882  0.532618  0.816507  0.746768  0.608787  0.643016  0.872374  0.481937  0.929800  0.745849  0.756216  0.875761  0.556296 
29  0.792601  0.571033  0.751157  0.708986  0.847589  0.633220  0.702603  0.744719  0.484086  0.805380  0.949135  0.695780  0.831871  0.797802  0.857809  0.650386  0.753892  0.703523  0.867600  0.866737  0.868360  0.710388  0.816046  0.566002  0.887218  0.772678  0.806415  0.907949  0.694070 0.0  0.899578  0.819498  0.861003  0.537334  0.611915  0.673237  0.710850  0.798310  0.829841  0.842136  0.866802  0.776693  0.828298  0.817837 
30  0.290758  1.000000  0.435587  0.840997  0.487087  0.904482  0.846111  0.460188  0.858124  0.742048  0.590365  0.547084  0.808708  0.876071  0.535349  0.717859  0.739465  0.787862  0.462924  0.760838  0.621242  0.902028  0.773868  0.822897  0.558659  0.667074  0.552665  0.677001  0.543417  0.899578 0.0  0.759856  0.800634  0.990663  0.841463  0.725255  0.655516  0.876956  0.600177  0.757797  0.764463  0.599451  0.805451  0.543035 
31  0.802500  0.836200  0.544773  0.591709  0.861801  0.628323  0.538398  0.783473  0.857857  0.682082  0.707565  0.718270  0.470407  0.675565  0.754366  0.632355  0.459520  0.727233  0.847114  0.813638  0.692384  0.467257  0.352057  0.745769  0.841212  0.839717  0.700328  0.655595  0.757882  0.819498  0.759856 0.0  0.719472  0.862142  0.603987  0.773504  0.489156  0.572376  0.821777  0.483467  0.522864  0.664084  0.671580  0.846919 
32  0.781662  0.924428  0.798073  0.867918  0.724899  0.778626  0.806149  0.741487  0.885750  0.937191  0.822067  0.793470  0.795008  0.872114  0.800690  0.743700  0.830510  0.855570  0.734501  0.774193  0.898779  0.749026  0.736301  0.930937  0.736743  0.755792  0.710263  0.779911  0.532618  0.861003  0.800634  0.719472 0.0  0.887732  0.808387  0.735342  0.834515  0.809635  0.751297  0.686316  0.789490  0.788945  0.842644  0.696815 
33  0.796124  0.535532  0.746187  0.756756  0.855679  0.529540  0.876165  0.740626  0.400463  0.857873  0.813226  0.665804  0.743540  0.692731  0.841967  0.755201  0.732196  0.645604  0.836621  0.826472  0.712983  0.810064  0.941108  0.593255  0.781888  0.692904  0.899653  0.691736  0.816507  0.537334  0.990663  0.862142  0.887732 0.0  0.584825  0.645128  0.742162  0.767138  0.719534  0.792795  0.630773  0.796310  0.695410  0.798920 
34  0.749494  0.597304  0.824987  0.612480  0.947144  0.530462  0.522283  0.872649  0.604212  0.721753  0.680647  0.731568  0.655439  0.549552  0.804462  0.563407  0.846757  0.455873  0.837443  0.827656  0.835117  0.771610  0.640341  0.458870  0.847450  0.722265  0.865153  0.618158  0.746768  0.611915  0.841463  0.603987  0.808387  0.584825 0.0  0.636281  0.510764  0.696697  0.722993  0.677315  0.674851  0.591106  0.540313  0.744898 
35  0.617287  0.631003  0.717747  0.688456  0.543357  0.615392  0.752071  0.606666  0.587774  0.718638  0.790911  0.571001  0.774263  0.835506  0.682626  0.797856  0.793772  0.664420  0.702264  0.624439  0.739703  0.786862  0.783287  0.688928  0.615771  0.649419  0.579406  0.798100  0.608787  0.673237  0.725255  0.773504  0.735342  0.645128  0.636281 0.0  0.794449  0.686072  0.687925  0.886298  0.761575  0.688236  0.606239  0.661720 
36  0.781503  0.670041  0.775124  0.485830  0.832365  0.641002  0.396486  0.714696  0.758578  0.689434  0.604327  0.720808  0.540954  0.783470  0.774581  0.648873  0.614957  0.713180  0.668862  0.808874  0.732607  0.649908  0.682920  0.685402  0.799199  0.762797  0.672923  0.512239  0.643016  0.710850  0.655516  0.489156  0.834515  0.742162  0.510764  0.794449 0.0  0.547814  0.856760  0.643387  0.550161  0.488010  0.601772  0.821319 
37  0.858166  0.830022  0.737334  0.682178  0.675139  0.559609  0.580173  0.745097  0.789554  0.611715  0.844233  0.658431  0.661089  0.677327  0.780751  0.635079  0.767956  0.704694  0.815708  0.658519  0.653131  0.473280  0.551947  0.699855  0.745226  0.799876  0.864495  0.571868  0.872374  0.798310  0.876956  0.572376  0.809635  0.767138  0.696697  0.686072  0.547814 0.0  0.817474  0.457562  0.710082  0.681987  0.617424  0.798695 
38  0.573856  0.838856  0.725137  0.752352  0.447759  0.793203  0.750202  0.626309  0.858403  0.732653  0.727153  0.615958  0.799213  0.728317  0.507990  0.635908  0.851685  0.749295  0.622162  0.522942  0.755567  0.789045  0.820325  0.790996  0.487998  0.513996  0.535813  0.837384  0.481937  0.829841  0.600177  0.821777  0.751297  0.719534  0.722993  0.687925  0.856760  0.817474 0.0  0.864193  0.733351  0.812492  0.870367  0.562243 
39  0.927272  0.778138  0.708206  0.602556  0.817659  0.701578  0.695496  0.809449  0.791132  0.598076  0.708261  0.813005  0.447349  0.676413  0.827957  0.551378  0.615825  0.666503  0.749699  0.832345  0.645623  0.498168  0.546239  0.564686  0.832886  0.874703  0.684655  0.698288  0.929800  0.842136  0.757797  0.483467  0.686316  0.792795  0.677315  0.886298  0.643387  0.457562  0.864193 0.0  0.516790  0.678015  0.656244  0.799485 
40  0.737498  0.754166  0.558466  0.682380  0.794144  0.681826  0.583445  0.858987  0.721660  0.541674  0.662773  0.774700  0.674102  0.579301  0.658903  0.537349  0.584073  0.758157  0.828063  0.716662  0.711304  0.577246  0.561446  0.630212  0.720721  0.708786  0.624677  0.681327  0.745849  0.866802  0.764463  0.522864  0.789490  0.630773  0.674851  0.761575  0.550161  0.710082  0.733351  0.516790 0.0  0.638448  0.600402  0.879558 
41  0.596067  0.769253  0.668252  0.525915  0.791284  0.745010  0.582474  0.676706  0.855103  0.564016  0.590332  0.486342  0.696231  0.729018  0.671118  0.583178  0.806942  0.531362  0.728866  0.666434  0.433878  0.621869  0.711142  0.742049  0.812974  0.766391  0.706220  0.432032  0.756216  0.776693  0.599451  0.664084  0.788945  0.796310  0.591106  0.688236  0.488010  0.681987  0.812492  0.678015  0.638448 0.0  0.644440  0.584370 
42  0.808441  0.638155  0.809457  0.677475  0.771484  0.526547  0.504250  0.875377  0.646250  0.753394  0.748846  0.741034  0.738463  0.622247  0.878289  0.634755  0.885266  0.394847  0.871355  0.692080  0.650270  0.663194  0.636317  0.452946  0.775506  0.876166  0.821770  0.598760  0.875761  0.828298  0.805451  0.671580  0.842644  0.695410  0.540313  0.606239  0.601772  0.617424  0.870367  0.656244  0.600402  0.644440 0.0  0.811484 
43  0.486749  0.870698  0.491402  0.730127  0.537775  0.688403  0.790945  0.420058  0.779664  0.649521  0.509952  0.440436  0.781143  0.803752  0.445253  0.806976  0.862474  0.834295  0.507801  0.678339  0.604136  0.761816  0.746260  0.777590  0.503323  0.482532  0.574655  0.681043  0.556296  0.817837  0.543035  0.846919  0.696815  0.798920  0.744898  0.661720  0.821319  0.798695  0.562243  0.799485  0.879558  0.584370  0.811484 0.0 
