44
0 0.0  0.975089  0.595712  0.739345  0.624889  0.940961  0.955202  0.811224  0.572708  0.931834  0.724446  0.844217  0.820408  0.381521  0.779671  0.803965  0.927699  0.656140  0.899912  0.745376  0.737989  0.702040  0.886996  0.710001  0.669893  0.756758  0.988699  0.614163  0.803972  0.815630  0.784627  0.887868  0.733211  0.761787  0.712418  0.814342  0.764689  0.899191  0.718866  0.903743  0.715710  0.754674  0.711647  0.882454 
1  0.975089 0.0  0.809870  0.901992  0.689993  0.724946  0.635070  0.814394  0.750551  0.656218  0.694119  0.619236  0.805798  0.910532  0.885784  0.577806  0.673654  0.759661  0.785912  0.547646  0.719937  0.895804  0.938412  0.767190  0.851178  0.716712  0.776565  0.919940  0.579207  0.631294  0.714053  0.613115  0.781756  0.710873  0.718017  0.615772  0.701255  0.671558  0.787849  0.659351  0.705288  0.761158  0.793584  0.665440 
2  0.595712  0.809870 0.0  0.801197  0.876230  0.630219  0.838338  0.540649  0.721581  0.789273  0.732577  0.775236  0.658272  0.746854  0.639283  0.670791  0.485581  0.463501  0.523047  0.822700  0.797539  0.458400  1.000000  0.759075  0.620343  0.809848  0.882444  0.478160  0.824201  0.673004  0.440937  0.707054  0.392906  0.881135  0.623003  0.810850  0.892637  0.635169  0.453839  0.925757  0.919152  0.589613  0.571807  0.801657 
3  0.739345  0.901992  0.801197 0.0  0.794295  0.653397  0.599960  0.540319  0.660267  0.858680  0.888643  0.836707  0.664239  0.727833  0.420828  0.659642  0.591150  0.439526  0.591847  0.843137  0.822420  0.416591  0.723089  0.778946  0.434856  0.948883  0.850439  0.458859  0.873013  0.689089  0.732295  0.685243  0.522800  0.647263  0.404326  0.666839  0.834514  0.630287  0.509078  0.855741  0.759625  0.460643  0.480489  0.813642 
4  0.624889  0.689993  0.876230  0.794295 0.0  0.655884  0.686436  0.726830  0.673074  0.625332  0.530985  0.499997  0.808494  0.736423  0.845684  0.682668  0.653771  0.791131  0.720635  0.662038  0.501526  0.637692  0.880011  0.796611  0.786708  0.526130  0.757220  0.760023  0.625913  0.675711  0.752152  0.648839  0.745213  0.635037  0.812655  0.346586  0.749320  0.722532  0.748772  0.638063  0.631691  0.824492  0.680544  0.796386 
5  0.940961  0.724946  0.630219  0.653397  0.655884 0.0  0.501759  0.565332  0.699967  0.780016  0.727930  0.762375  0.728739  0.875052  0.759931  0.514889  0.494914  0.485899  0.667862  0.665070  0.802453  0.656812  0.825122  0.789330  0.680022  0.890943  0.885167  0.712553  0.671009  0.401602  0.544740  0.392601  0.665334  0.564763  0.726013  0.673253  0.711648  0.406339  0.637195  0.676994  0.548917  0.543359  0.780153  0.838826 
6  0.955202  0.635070  0.838338  0.599960  0.686436  0.501759 0.0  0.667745  0.745358  0.695589  0.671919  0.538488  0.754517  0.827355  0.587500  0.511959  0.606418  0.609880  0.633652  0.583107  0.686432  0.676736  0.682307  0.814449  0.742563  0.794467  0.609576  0.890815  0.588757  0.648404  0.699615  0.583063  0.814833  0.607299  0.825949  0.731074  0.631495  0.536615  0.728682  0.509128  0.641366  0.675487  0.774190  0.889433 
7  0.811224  0.814394  0.540649  0.540319  0.726830  0.565332  0.667745 0.0  0.597539  0.976780  0.856251  0.776590  0.667112  0.808537  0.662873  0.706581  0.589683  0.434363  0.526982  0.779594  0.813311  0.546462  0.762255  0.698133  0.633156  0.865702  0.919817  0.333859  0.782100  0.575611  0.570406  0.617824  0.490138  0.755489  0.680270  0.820698  0.897753  0.552294  0.540226  0.797539  0.801687  0.476461  0.611199  0.835297 
8  0.572708  0.750551  0.721581  0.660267  0.673074  0.699967  0.745358  0.597539 0.0  0.773106  0.722867  0.741760  0.606568  0.698164  0.650963  0.816711  0.834102  0.762402  0.763830  0.785959  0.707116  0.654717  0.816522  0.622871  0.769288  0.790581  0.659016  0.629595  0.794426  0.721262  0.721701  0.839282  0.642021  0.566248  0.675867  0.641676  0.909757  0.767714  0.611642  0.834022  0.742498  0.689355  0.661196  0.794946 
9  0.931834  0.656218  0.789273  0.858680  0.625332  0.780016  0.695589  0.976780  0.773106 0.0  0.709458  0.639481  0.753767  0.768136  0.913135  0.795169  0.855788  0.734544  0.877038  0.623257  0.640395  0.843555  0.580790  0.436010  0.826395  0.859939  0.562487  0.883781  0.730817  0.857387  0.727613  0.632396  0.833279  0.767826  0.742129  0.521309  0.498438  0.707272  0.847916  0.653019  0.586036  0.821833  0.839051  0.529469 
10  0.724446  0.694119  0.732577  0.888643  0.530985  0.727930  0.671919  0.856251  0.722867  0.709458 0.0  0.713363  0.870414  0.738699  0.796489  0.652935  0.748818  0.863907  0.718758  0.707519  0.388241  0.815703  0.827113  0.911714  0.895751  0.543958  0.824313  0.826543  0.596086  0.645485  0.717883  0.663647  0.769276  0.627771  0.892889  0.541756  0.711309  0.693986  0.807638  0.703868  0.557954  0.896687  0.675554  0.812180 
11  0.844217  0.619236  0.775236  0.836707  0.499997  0.762375  0.538488  0.776590  0.741760  0.639481  0.713363 0.0  0.776060  0.931442  0.738190  0.625587  0.646198  0.746932  0.818661  0.489647  0.604177  0.782868  0.807750  0.874291  0.916400  0.850306  0.732722  0.868982  0.795200  0.606218  0.683025  0.693104  0.836731  0.672128  0.820642  0.559625  0.589524  0.722796  0.808315  0.650290  0.597498  0.791386  0.823813  0.635485 
12  0.820408  0.805798  0.658272  0.664239  0.808494  0.728739  0.754517  0.667112  0.606568  0.753767  0.870414  0.776060 0.0  0.947664  0.496495  0.754059  0.749910  0.500536  0.675901  0.812106  0.779906  0.552369  0.829222  0.602286  0.496885  0.847792  0.799344  0.634918  0.901852  0.893060  0.783896  0.811139  0.633413  0.942864  0.301963  0.797466  0.721772  0.814939  0.645991  0.857404  0.861560  0.731454  0.388215  0.769582 
13  0.381521  0.910532  0.746854  0.727833  0.736423  0.875052  0.827355  0.808537  0.698164  0.768136  0.738699  0.931442  0.947664 0.0  0.879870  0.887191  0.841634  0.782221  0.960518  0.814806  0.753560  0.653319  0.827133  0.874457  0.817171  0.698433  0.812414  0.603957  0.810203  0.801067  0.662890  0.819139  0.666641  0.751542  0.788599  0.768028  0.836853  0.952840  0.840433  0.884843  0.645644  0.835176  0.729076  0.793692 
14  0.779671  0.885784  0.639283  0.420828  0.845684  0.759931  0.587500  0.662873  0.650963  0.913135  0.796489  0.738190  0.496495  0.879870 0.0  0.484964  0.704085  0.420493  0.659046  0.846846  0.948850  0.419885  0.615811  0.694689  0.325972  0.864360  0.780780  0.641456  0.769518  0.799150  0.707579  0.668856  0.658573  0.740627  0.576043  0.871044  0.966033  0.662691  0.511527  0.759178  0.774014  0.609411  0.369599  0.714561 
15  0.803965  0.577806  0.670791  0.659642  0.682668  0.514889  0.511959  0.706581  0.816711  0.795169  0.652935  0.625587  0.754059  0.887191  0.484964 0.0  0.405001  0.556661  0.568139  0.651605  0.734270  0.709469  0.687775  0.829569  0.663557  0.853138  0.780087  0.658218  0.730288  0.500996  0.696195  0.371053  0.618844  0.643990  0.843799  0.634323  0.645528  0.329462  0.724357  0.562257  0.549999  0.612005  0.714993  0.824013 
16  0.927699  0.673654  0.485581  0.591150  0.653771  0.494914  0.606418  0.589683  0.834102  0.855788  0.748818  0.646198  0.749910  0.841634  0.704085  0.405001 0.0  0.412047  0.448966  0.606727  0.742756  0.704612  0.715663  0.771396  0.667914  0.801040  0.815062  0.721533  0.794518  0.374940  0.594684  0.359321  0.561427  0.610005  0.816354  0.703095  0.739310  0.408412  0.663654  0.724666  0.655338  0.497268  0.641136  0.790405 
17  0.656140  0.759661  0.463501  0.439526  0.791131  0.485899  0.609880  0.434363  0.762402  0.734544  0.863907  0.746932  0.500536  0.782221  0.420493  0.556661  0.412047 0.0  0.467437  0.847032  0.797788  0.400367  0.662313  0.527401  0.503033  0.896433  0.740852  0.453919  0.770093  0.531457  0.475507  0.445090  0.453601  0.628451  0.471917  0.678848  0.753798  0.433029  0.532280  0.669796  0.772325  0.449380  0.479148  0.692043 
18  0.899912  0.785912  0.523047  0.591847  0.720635  0.667862  0.633652  0.526982  0.763830  0.877038  0.718758  0.818661  0.675901  0.960518  0.659046  0.568139  0.448966  0.467437 0.0  0.730253  0.848611  0.715124  0.794006  0.674197  0.573242  0.857307  0.743711  0.644570  0.828979  0.564985  0.547365  0.509652  0.610423  0.672132  0.720733  0.781289  0.794743  0.398964  0.557296  0.812969  0.725393  0.619227  0.735081  0.741275 
19  0.745376  0.547646  0.822700  0.843137  0.662038  0.665070  0.583107  0.779594  0.785959  0.623257  0.707519  0.489647  0.812106  0.814806  0.846846  0.651605  0.606727  0.847032  0.730253 0.0  0.751651  0.786464  0.734194  0.811872  0.839863  0.824975  0.689224  0.925692  0.730477  0.701695  0.813500  0.738980  0.862492  0.669701  0.783378  0.628335  0.478092  0.597894  0.800067  0.626650  0.576921  0.820679  0.804650  0.670451 
20  0.737989  0.719937  0.797539  0.822420  0.501526  0.802453  0.686432  0.813311  0.707116  0.640395  0.388241  0.604177  0.779906  0.753560  0.948850  0.734270  0.742756  0.797788  0.848611  0.751651 0.0  0.804958  0.773937  0.760110  0.867170  0.582256  0.777641  0.780521  0.594125  0.717978  0.754125  0.704879  0.773706  0.752126  0.810976  0.604574  0.632957  0.602340  0.698017  0.760669  0.523504  0.798354  0.797357  0.812022 
21  0.702040  0.895804  0.458400  0.416591  0.637692  0.656812  0.676736  0.546462  0.654717  0.843555  0.815703  0.782868  0.552369  0.653319  0.419885  0.709469  0.704612  0.400367  0.715124  0.786464  0.804958 0.0  0.828400  0.636199  0.424981  0.856422  0.829363  0.542335  0.813453  0.723412  0.734282  0.669115  0.604272  0.725916  0.425616  0.793606  0.854893  0.743002  0.600941  0.777858  0.826689  0.573835  0.443094  0.855346 
22  0.886996  0.938412  1.000000  0.723089  0.880011  0.825122  0.682307  0.762255  0.816522  0.580790  0.827113  0.807750  0.829222  0.827133  0.615811  0.687775  0.715663  0.662313  0.794006  0.734194  0.773937  0.828400 0.0  0.625660  0.727406  0.749561  0.622008  0.769458  0.775282  0.719488  0.823446  0.823186  0.842398  0.809870  0.835799  0.745486  0.616196  0.794655  0.869339  0.627016  0.763568  0.807111  0.923407  0.555847 
23  0.710001  0.767190  0.759075  0.778946  0.796611  0.789330  0.814449  0.698133  0.622871  0.436010  0.911714  0.874291  0.602286  0.874457  0.694689  0.829569  0.771396  0.527401  0.674197  0.811872  0.760110  0.636199  0.625660 0.0  0.736838  0.733845  0.602598  0.806979  0.859507  0.813630  0.800672  0.939162  0.711870  0.756381  0.623418  0.821112  0.572385  0.751888  0.629438  0.783141  0.743258  0.824287  0.662701  0.592888 
24  0.669893  0.851178  0.620343  0.434856  0.786708  0.680022  0.742563  0.633156  0.769288  0.826395  0.895751  0.916400  0.496885  0.817171  0.325972  0.663557  0.667914  0.503033  0.573242  0.839863  0.867170  0.424981  0.727406  0.736838 0.0  0.890117  0.795584  0.716727  0.792365  0.666995  0.814857  0.637016  0.627712  0.713098  0.442644  0.890818  0.855505  0.737876  0.656418  0.831366  0.844754  0.580376  0.367796  0.819461 
25  0.756758  0.716712  0.809848  0.948883  0.526130  0.890943  0.794467  0.865702  0.790581  0.859939  0.543958  0.850306  0.847792  0.698433  0.864360  0.853138  0.801040  0.896433  0.857307  0.824975  0.582256  0.856422  0.749561  0.733845  0.890117 0.0  0.659897  0.815728  0.628436  0.912108  0.692062  0.832526  0.790470  0.812374  0.839203  0.571617  0.778873  0.911702  0.705926  0.796902  0.650119  0.905584  0.833771  0.663590 
26  0.988699  0.776565  0.882444  0.850439  0.757220  0.885167  0.609576  0.919817  0.659016  0.562487  0.824313  0.732722  0.799344  0.812414  0.780780  0.780087  0.815062  0.740852  0.743711  0.689224  0.777641  0.829363  0.622008  0.602598  0.795584  0.659897 0.0  0.784427  0.828059  0.717921  0.812376  0.924844  0.911823  0.805523  0.826572  0.762199  0.531238  0.831017  0.784428  0.615150  0.777190  0.913559  0.783523  0.345919 
27  0.614163  0.919940  0.478160  0.458859  0.760023  0.712553  0.890815  0.333859  0.629595  0.883781  0.826543  0.868982  0.634918  0.603957  0.641456  0.658218  0.721533  0.453919  0.644570  0.925692  0.780521  0.542335  0.769458  0.806979  0.716727  0.815728  0.784427 0.0  0.873914  0.595481  0.508958  0.639047  0.429214  0.870387  0.644750  0.739921  0.832495  0.738464  0.416861  0.805523  0.794247  0.585929  0.599470  0.905481 
28  0.803972  0.579207  0.824201  0.873013  0.625913  0.671009  0.588757  0.782100  0.794426  0.730817  0.596086  0.795200  0.901852  0.810203  0.769518  0.730288  0.794518  0.770093  0.828979  0.730477  0.594125  0.813453  0.775282  0.859507  0.792365  0.628436  0.828059  0.873914 0.0  0.599358  0.803081  0.719119  0.834408  0.674934  0.766726  0.423104  0.780265  0.724402  0.828242  0.539396  0.600431  0.872236  0.805503  0.874241 
29  0.815630  0.631294  0.673004  0.689089  0.675711  0.401602  0.648404  0.575611  0.721262  0.857387  0.645485  0.606218  0.893060  0.801067  0.799150  0.500996  0.374940  0.531457  0.564985  0.701695  0.717978  0.723412  0.719488  0.813630  0.666995  0.912108  0.717921  0.595481  0.599358 0.0  0.654826  0.479790  0.690293  0.561028  0.879701  0.632213  0.692589  0.551104  0.728764  0.691566  0.589724  0.719054  0.754438  0.921792 
30  0.784627  0.714053  0.440937  0.732295  0.752152  0.544740  0.699615  0.570406  0.721701  0.727613  0.717883  0.683025  0.783896  0.662890  0.707579  0.696195  0.594684  0.475507  0.547365  0.813500  0.754125  0.734282  0.823446  0.800672  0.814857  0.692062  0.812376  0.508958  0.803081  0.654826 0.0  0.634231  0.345935  0.746302  0.647036  0.723138  0.781754  0.592689  0.657018  0.790797  0.673549  0.610369  0.531504  0.824693 
31  0.887868  0.613115  0.707054  0.685243  0.648839  0.392601  0.583063  0.617824  0.839282  0.632396  0.663647  0.693104  0.811139  0.819139  0.668856  0.371053  0.359321  0.445090  0.509652  0.738980  0.704879  0.669115  0.823186  0.939162  0.637016  0.832526  0.924844  0.639047  0.719119  0.479790  0.634231 0.0  0.724920  0.588412  0.733564  0.687584  0.780277  0.404229  0.552762  0.643785  0.628505  0.547286  0.704597  0.758943 
32  0.733211  0.781756  0.392906  0.522800  0.745213  0.665334  0.814833  0.490138  0.642021  0.833279  0.769276  0.836731  0.633413  0.666641  0.658573  0.618844  0.561427  0.453601  0.610423  0.862492  0.773706  0.604272  0.842398  0.711870  0.627712  0.790470  0.911823  0.429214  0.834408  0.690293  0.345935  0.724920 0.0  0.840059  0.570523  0.825063  0.859283  0.735114  0.472764  0.878977  0.919946  0.570349  0.620824  0.914010 
33  0.761787  0.710873  0.881135  0.647263  0.635037  0.564763  0.607299  0.755489  0.566248  0.767826  0.627771  0.672128  0.942864  0.751542  0.740627  0.643990  0.610005  0.628451  0.672132  0.669701  0.752126  0.725916  0.809870  0.756381  0.713098  0.812374  0.805523  0.870387  0.674934  0.561028  0.746302  0.588412  0.840059 0.0  0.941195  0.617813  0.741175  0.634698  0.844094  0.647390  0.694526  0.673639  0.717966  0.794189 
34  0.712418  0.718017  0.623003  0.404326  0.812655  0.726013  0.825949  0.680270  0.675867  0.742129  0.892889  0.820642  0.301963  0.788599  0.576043  0.843799  0.816354  0.471917  0.720733  0.783378  0.810976  0.425616  0.835799  0.623418  0.442644  0.839203  0.826572  0.644750  0.766726  0.879701  0.647036  0.733564  0.570523  0.941195 0.0  0.837097  0.778664  0.774828  0.533279  0.910807  0.733144  0.503740  0.387188  0.677814 
35  0.814342  0.615772  0.810850  0.666839  0.346586  0.673253  0.731074  0.820698  0.641676  0.521309  0.541756  0.559625  0.797466  0.768028  0.871044  0.634323  0.703095  0.678848  0.781289  0.628335  0.604574  0.793606  0.745486  0.821112  0.890818  0.571617  0.762199  0.739921  0.423104  0.632213  0.723138  0.687584  0.825063  0.617813  0.837097 0.0  0.666079  0.658042  0.677690  0.606451  0.542063  0.855999  0.854535  0.768667 
36  0.764689  0.701255  0.892637  0.834514  0.749320  0.711648  0.631495  0.897753  0.909757  0.498438  0.711309  0.589524  0.721772  0.836853  0.966033  0.645528  0.739310  0.753798  0.794743  0.478092  0.632957  0.854893  0.616196  0.572385  0.855505  0.778873  0.531238  0.832495  0.780265  0.692589  0.781754  0.780277  0.859283  0.741175  0.778664  0.666079 0.0  0.702622  0.837602  0.503785  0.590930  0.835571  0.777691  0.414670 
37  0.899191  0.671558  0.635169  0.630287  0.722532  0.406339  0.536615  0.552294  0.767714  0.707272  0.693986  0.722796  0.814939  0.952840  0.662691  0.329462  0.408412  0.433029  0.398964  0.597894  0.602340  0.743002  0.794655  0.751888  0.737876  0.911702  0.831017  0.738464  0.724402  0.551104  0.592689  0.404229  0.735114  0.634698  0.774828  0.658042  0.702622 0.0  0.647322  0.626152  0.685938  0.656898  0.750651  0.768481 
38  0.718866  0.787849  0.453839  0.509078  0.748772  0.637195  0.728682  0.540226  0.611642  0.847916  0.807638  0.808315  0.645991  0.840433  0.511527  0.724357  0.663654  0.532280  0.557296  0.800067  0.698017  0.600941  0.869339  0.629438  0.656418  0.705926  0.784428  0.416861  0.828242  0.728764  0.657018  0.552762  0.472764  0.844094  0.533279  0.677690  0.837602  0.647322 0.0  0.747011  0.663382  0.420672  0.432011  0.897987 
39  0.903743  0.659351  0.925757  0.855741  0.638063  0.676994  0.509128  0.797539  0.834022  0.653019  0.703868  0.650290  0.857404  0.884843  0.759178  0.562257  0.724666  0.669796  0.812969  0.626650  0.760669  0.777858  0.627016  0.783141  0.831366  0.796902  0.615150  0.805523  0.539396  0.691566  0.790797  0.643785  0.878977  0.647390  0.910807  0.606451  0.503785  0.626152  0.747011 0.0  0.600496  0.760872  0.837001  0.635776 
40  0.715710  0.705288  0.919152  0.759625  0.631691  0.548917  0.641366  0.801687  0.742498  0.586036  0.557954  0.597498  0.861560  0.645644  0.774014  0.549999  0.655338  0.772325  0.725393  0.576921  0.523504  0.826689  0.763568  0.743258  0.844754  0.650119  0.777190  0.794247  0.600431  0.589724  0.673549  0.628505  0.919946  0.694526  0.733144  0.542063  0.590930  0.685938  0.663382  0.600496 0.0  0.813018  0.876197  0.709184 
41  0.754674  0.761158  0.589613  0.460643  0.824492  0.543359  0.675487  0.476461  0.689355  0.821833  0.896687  0.791386  0.731454  0.835176  0.609411  0.612005  0.497268  0.449380  0.619227  0.820679  0.798354  0.573835  0.807111  0.824287  0.580376  0.905584  0.913559  0.585929  0.872236  0.719054  0.610369  0.547286  0.570349  0.673639  0.503740  0.855999  0.835571  0.656898  0.420672  0.760872  0.813018 0.0  0.596286  0.946223 
42  0.711647  0.793584  0.571807  0.480489  0.680544  0.780153  0.774190  0.611199  0.661196  0.839051  0.675554  0.823813  0.388215  0.729076  0.369599  0.714993  0.641136  0.479148  0.735081  0.804650  0.797357  0.443094  0.923407  0.662701  0.367796  0.833771  0.783523  0.599470  0.805503  0.754438  0.531504  0.704597  0.620824  0.717966  0.387188  0.854535  0.777691  0.750651  0.432011  0.837001  0.876197  0.596286 0.0  0.821862 
43  0.882454  0.665440  0.801657  0.813642  0.796386  0.838826  0.889433  0.835297  0.794946  0.529469  0.812180  0.635485  0.769582  0.793692  0.714561  0.824013  0.790405  0.692043  0.741275  0.670451  0.812022  0.855346  0.555847  0.592888  0.819461  0.663590  0.345919  0.905481  0.874241  0.921792  0.824693  0.758943  0.914010  0.794189  0.677814  0.768667  0.414670  0.768481  0.897987  0.635776  0.709184  0.946223  0.821862 0.0 
