44
0 0.0  0.599404  0.789635  0.853137  0.832508  0.548386  0.769716  0.746019  0.776406  0.717222  0.519812  0.702488  0.533664  0.790839  0.644315  0.685183  0.394059  0.623979  0.691860  0.582642  0.901212  0.279213  0.508786  0.710318  0.699799  0.760203  0.468824  0.408161  0.749570  0.716595  0.672125  0.728898  0.666518  0.537002  0.484048  0.502562  0.820870  0.834468  0.744901  0.659361  0.647482  0.595021  0.379368  0.313784 
1  0.599404 0.0  0.799767  0.626885  0.727687  0.745644  0.649023  0.622281  0.713306  0.702375  0.582017  0.753660  0.829017  0.740595  0.828272  0.656015  0.710805  0.635650  0.748099  0.731165  0.805908  0.669129  0.577419  0.841098  0.832953  0.805909  0.639356  0.570585  0.715823  0.757893  0.682526  0.645465  0.592501  0.632365  0.687826  0.617055  0.736460  0.780309  0.703786  0.687991  0.765139  0.792471  0.725209  0.629356 
2  0.789635  0.799767 0.0  0.623191  0.680544  0.405646  0.576195  0.745412  0.569335  0.589599  0.685373  0.512713  0.463871  0.781240  0.465101  0.416727  0.763202  0.766779  0.252022  0.593665  0.584158  0.621032  0.631789  0.831815  0.702267  0.606695  0.679940  0.780202  0.675653  0.544764  0.704572  0.498379  0.826822  0.694141  0.575412  0.597707  0.717664  0.715111  0.659289  0.628089  0.314907  0.533055  0.650692  0.671558 
3  0.853137  0.626885  0.623191 0.0  0.604064  0.668238  0.658849  0.705887  0.557991  0.672662  0.873662  0.581216  0.674158  0.655399  0.658338  0.549524  0.730969  0.698976  0.581172  0.817375  0.616539  0.815403  0.691937  0.765349  0.543232  0.544324  0.696972  0.733547  0.732316  0.682672  0.794935  0.509489  0.705584  0.748013  0.708700  0.895620  0.558659  0.454382  0.491574  0.848468  0.690152  0.553999  0.785587  0.886716 
4  0.832508  0.727687  0.680544  0.604064 0.0  0.836206  0.523017  0.735362  0.511171  0.715459  0.929491  0.735831  0.803461  0.815610  0.816180  0.743619  0.785797  0.673094  0.770677  0.820914  0.855122  0.820077  0.788973  0.634458  0.791212  0.862476  0.765721  0.722090  0.750505  0.712534  0.962284  0.726384  0.796714  0.755649  0.769815  0.801564  0.621091  0.723681  0.549064  0.853330  0.856836  0.786066  0.758054  0.821746 
5  0.548386  0.745644  0.405646  0.668238  0.836206 0.0  0.714543  0.815660  0.680054  0.584939  0.583425  0.575907  0.313936  0.529252  0.441054  0.380093  0.539959  0.681972  0.453494  0.583726  0.552884  0.626919  0.550623  0.780455  0.757498  0.618341  0.625263  0.584789  0.648255  0.432311  0.510474  0.599062  0.720179  0.598569  0.617199  0.448405  0.662371  0.642073  0.583294  0.322868  0.457336  0.445759  0.646670  0.459999 
6  0.769716  0.649023  0.576195  0.658849  0.523017  0.714543 0.0  0.754909  0.409486  0.642149  0.770272  0.428051  0.667369  0.499124  0.750540  0.642327  0.776787  0.684917  0.526429  0.756270  0.688232  0.735955  0.701508  0.818679  0.682988  0.648112  0.705626  0.821356  0.556313  0.676141  0.766410  0.440353  0.761138  0.760311  0.723093  0.635912  0.418798  0.651910  0.511169  0.736209  0.695047  0.722928  0.644345  0.740568 
7  0.746019  0.622281  0.745412  0.705887  0.735362  0.815660  0.754909 0.0  0.738442  0.723566  0.810864  0.635568  0.877810  0.800176  0.939514  0.679969  0.716705  0.784437  0.711208  0.979108  0.714470  0.727158  0.666798  0.739483  0.772758  0.815484  0.684946  0.635259  0.880567  0.793244  0.814030  0.745710  0.743951  0.694503  0.791172  0.814767  0.661586  0.721887  0.757612  0.834922  0.854540  0.740759  0.826520  0.817091 
8  0.776406  0.713306  0.569335  0.557991  0.511171  0.680054  0.409486  0.738442 0.0  0.653814  0.851866  0.550077  0.675323  0.626946  0.716647  0.769702  0.743859  0.792704  0.521670  0.794320  0.616121  0.699274  0.837387  0.690539  0.786249  0.639239  0.765038  0.713407  0.622598  0.723129  0.902209  0.632113  0.669889  0.800247  0.708387  0.767908  0.442409  0.620743  0.500486  0.608987  0.638971  0.611589  0.624881  0.813873 
9  0.717222  0.702375  0.589599  0.672662  0.715459  0.584939  0.642149  0.723566  0.653814 0.0  0.718452  0.576194  0.640475  0.572940  0.597474  0.638448  0.727868  0.627631  0.548503  0.700342  0.442804  0.761293  0.804450  0.520223  0.520893  0.624017  0.733777  0.777723  0.395230  0.495676  0.855614  0.601358  0.749529  0.831554  0.649205  0.587187  0.651985  0.697727  0.711735  0.681645  0.745508  0.737511  0.675000  0.787039 
10  0.519812  0.582017  0.685373  0.873662  0.929491  0.583425  0.770272  0.810864  0.851866  0.718452 0.0  0.769927  0.573867  0.931589  0.674173  0.711956  0.541658  0.539279  0.680941  0.391002  0.765333  0.459686  0.449747  0.856830  0.762057  0.890687  0.471489  0.668803  0.798007  0.625997  0.541808  0.764512  0.689166  0.441107  0.574842  0.412182  0.806157  0.796265  0.879675  0.492996  0.551184  0.444620  0.630222  0.581427 
11  0.702488  0.753660  0.512713  0.581216  0.735831  0.575907  0.428051  0.635568  0.550077  0.576194  0.769927 0.0  0.714784  0.522022  0.641227  0.561754  0.620025  0.686359  0.459026  0.806541  0.590610  0.672421  0.783716  0.697125  0.593953  0.561652  0.698843  0.740190  0.478500  0.590967  0.719737  0.463047  0.716066  0.725001  0.728745  0.750056  0.629130  0.687500  0.443173  0.775321  0.704880  0.536804  0.709650  0.695937 
12  0.533664  0.829017  0.463871  0.674158  0.803461  0.313936  0.667369  0.877810  0.675323  0.640475  0.573867  0.714784 0.0  0.767455  0.506305  0.523504  0.586518  0.687311  0.361602  0.737684  0.683115  0.689280  0.587148  0.773878  0.648079  0.689478  0.596365  0.620641  0.653476  0.355201  0.602426  0.504440  0.718939  0.568272  0.557334  0.434452  0.661778  0.562052  0.722745  0.564933  0.348849  0.383195  0.598364  0.562534 
13  0.790839  0.740595  0.781240  0.655399  0.815610  0.529252  0.499124  0.800176  0.626946  0.572940  0.931589  0.522022  0.767455 0.0  0.754823  0.649715  0.855900  0.656896  0.696103  0.766796  0.456950  0.797654  0.736855  0.556137  0.340157  0.512357  0.706132  0.792916  0.554128  0.735301  0.828677  0.571578  0.747840  0.849938  0.829667  0.762061  0.665353  0.527541  0.672724  0.745471  0.660711  0.628928  0.707608  0.802890 
14  0.644315  0.828272  0.465101  0.658338  0.816180  0.441054  0.750540  0.939514  0.716647  0.597474  0.674173  0.641227  0.506305  0.754823 0.0  0.505137  0.618733  0.602038  0.518411  0.666626  0.648932  0.715271  0.705875  0.780945  0.556420  0.716655  0.532239  0.638621  0.593245  0.400932  0.564512  0.646020  0.783067  0.438726  0.582457  0.501180  0.738282  0.625831  0.739213  0.344953  0.393604  0.499993  0.600391  0.650156 
15  0.685183  0.656015  0.416727  0.549524  0.743619  0.380093  0.642327  0.679969  0.769702  0.638448  0.711956  0.561754  0.523504  0.649715  0.505137 0.0  0.667989  0.716092  0.458745  0.663220  0.698369  0.717694  0.628871  0.779625  0.676132  0.514389  0.660335  0.621869  0.633809  0.306233  0.586327  0.582565  0.733123  0.454921  0.734829  0.568095  0.608758  0.644864  0.457549  0.520298  0.436546  0.351681  0.691002  0.667089 
16  0.394059  0.710805  0.763202  0.730969  0.785797  0.539959  0.776787  0.716705  0.743859  0.727868  0.541658  0.620025  0.586518  0.855900  0.618733  0.667989 0.0  0.565608  0.661893  0.417465  0.840337  0.427199  0.580635  0.760860  0.749130  0.704828  0.626243  0.340797  0.782457  0.576148  0.623640  0.786111  0.720472  0.701260  0.511896  0.460644  1.000000  0.793529  0.765485  0.696287  0.727161  0.664427  0.328218  0.422037 
17  0.623979  0.635650  0.766779  0.698976  0.673094  0.681972  0.684917  0.784437  0.792704  0.627631  0.539279  0.686359  0.687311  0.656896  0.602038  0.716092  0.565608 0.0  0.607561  0.529667  0.627936  0.539406  0.690331  0.623223  0.575953  0.737124  0.559432  0.590860  0.594914  0.754624  0.689777  0.586111  0.679490  0.604901  0.624853  0.557819  0.899075  0.705891  0.732788  0.681083  0.670438  0.765227  0.404193  0.615971 
18  0.691860  0.748099  0.252022  0.581172  0.770677  0.453494  0.526429  0.711208  0.521670  0.548503  0.680941  0.459026  0.361602  0.696103  0.518411  0.458745  0.661893  0.607561 0.0  0.693761  0.710956  0.624740  0.557995  0.792643  0.663537  0.582089  0.608213  0.688330  0.621316  0.486472  0.677794  0.623291  0.770315  0.598014  0.576620  0.351709  0.737588  0.704743  0.649908  0.595237  0.526277  0.594373  0.535478  0.626464 
19  0.582642  0.731165  0.593665  0.817375  0.820914  0.583726  0.756270  0.979108  0.794320  0.700342  0.391002  0.806541  0.737684  0.766796  0.666626  0.663220  0.417465  0.529667  0.693761 0.0  0.725661  0.499386  0.345790  0.806850  0.842663  0.744468  0.508696  0.606341  0.743545  0.491580  0.430659  0.755985  0.641480  0.556090  0.615975  0.381073  0.783777  0.703246  0.925424  0.401084  0.699211  0.528318  0.538351  0.517894 
20  0.901212  0.805908  0.584158  0.616539  0.855122  0.552884  0.688232  0.714470  0.616121  0.442804  0.765333  0.590610  0.683115  0.456950  0.648932  0.698369  0.840337  0.627936  0.710956  0.725661 0.0  0.760105  0.843048  0.427720  0.184623  0.520918  0.676106  0.759777  0.438072  0.640177  0.784651  0.683636  0.574903  0.768272  0.755321  0.733951  0.659605  0.596477  0.698887  0.700711  0.706997  0.659536  0.730755  0.756689 
21  0.279213  0.669129  0.621032  0.815403  0.820077  0.626919  0.735955  0.727158  0.699274  0.761293  0.459686  0.672421  0.689280  0.797654  0.715271  0.717694  0.427199  0.539406  0.624740  0.499386  0.760105 0.0  0.513680  0.832114  0.777418  0.761183  0.529128  0.413228  0.712606  0.659229  0.670299  0.622771  0.663564  0.638100  0.419607  0.497697  0.820555  0.735943  0.757469  0.644580  0.638157  0.743518  0.420712  0.279544 
22  0.508786  0.577419  0.631789  0.691937  0.788973  0.550623  0.701508  0.666798  0.837387  0.804450  0.449747  0.783716  0.587148  0.736855  0.705875  0.628871  0.580635  0.690331  0.557995  0.345790  0.843048  0.513680 0.0  0.853488  0.826793  0.805906  0.445916  0.484770  0.894366  0.610999  0.574471  0.605997  0.542828  0.405684  0.657420  0.406748  0.651483  0.809364  0.755383  0.427340  0.602654  0.508278  0.652356  0.583368 
23  0.710318  0.841098  0.831815  0.765349  0.634458  0.780455  0.818679  0.739483  0.690539  0.520223  0.856830  0.697125  0.773878  0.556137  0.780945  0.779625  0.760860  0.623223  0.792643  0.806850  0.427720  0.832114  0.853488 0.0  0.380547  0.687670  0.711930  0.761703  0.576385  0.769040  0.750693  0.745684  0.657731  0.844928  0.726095  0.649861  0.776843  0.767664  0.850931  0.757336  0.727566  0.816932  0.726673  0.795180 
24  0.699799  0.832953  0.702267  0.543232  0.791212  0.757498  0.682988  0.772758  0.786249  0.520893  0.762057  0.593953  0.648079  0.340157  0.556420  0.676132  0.749130  0.575953  0.663537  0.842663  0.184623  0.777418  0.826793  0.380547 0.0  0.521507  0.759694  0.794339  0.379708  0.678683  0.740979  0.548678  0.584890  0.793939  0.704837  0.665156  0.633014  0.539866  0.747147  0.563131  0.612412  0.575996  0.859901  0.716163 
25  0.760203  0.805909  0.606695  0.544324  0.862476  0.618341  0.648112  0.815484  0.639239  0.624017  0.890687  0.561652  0.689478  0.512357  0.716655  0.514389  0.704828  0.737124  0.582089  0.744468  0.520918  0.761183  0.805906  0.687670  0.521507 0.0  0.699490  0.770888  0.668320  0.595342  0.680253  0.582227  0.496640  0.766227  0.657095  0.661695  0.706627  0.482911  0.687820  0.664764  0.631326  0.575312  0.678256  0.712966 
26  0.468824  0.639356  0.679940  0.696972  0.765721  0.625263  0.705626  0.684946  0.765038  0.733777  0.471489  0.698843  0.596365  0.706132  0.532239  0.660335  0.626243  0.559432  0.608213  0.508696  0.676106  0.529128  0.445916  0.711930  0.759694  0.699490 0.0  0.551204  0.704434  0.631646  0.466471  0.674813  0.628883  0.473724  0.601235  0.368645  0.776225  0.685714  0.757849  0.555910  0.440058  0.591652  0.604725  0.481331 
27  0.408161  0.570585  0.780202  0.733547  0.722090  0.584789  0.821356  0.635259  0.713407  0.777723  0.668803  0.740190  0.620641  0.792916  0.638621  0.621869  0.340797  0.590860  0.688330  0.606341  0.759777  0.413228  0.484770  0.761703  0.794339  0.770888  0.551204 0.0  0.865483  0.641790  0.580577  0.742216  0.606266  0.607224  0.607657  0.481647  0.763624  0.709103  0.727962  0.633405  0.711926  0.741926  0.435010  0.403598 
28  0.749570  0.715823  0.675653  0.732316  0.750505  0.648255  0.556313  0.880567  0.622598  0.395230  0.798007  0.478500  0.653476  0.554128  0.593245  0.633809  0.782457  0.594914  0.621316  0.743545  0.438072  0.712606  0.894366  0.576385  0.379708  0.668320  0.704434  0.865483 0.0  0.672618  0.871667  0.533775  0.622557  0.843720  0.627244  0.574428  0.549868  0.650117  0.562020  0.668138  0.637746  0.589679  0.699903  0.793835 
29  0.716595  0.757893  0.544764  0.682672  0.712534  0.432311  0.676141  0.793244  0.723129  0.495676  0.625997  0.590967  0.355201  0.735301  0.400932  0.306233  0.576148  0.754624  0.486472  0.491580  0.640177  0.659229  0.610999  0.769040  0.678683  0.595342  0.631646  0.641790  0.672618 0.0  0.441686  0.579361  0.789091  0.469934  0.487151  0.593604  0.724064  0.591216  0.657898  0.460538  0.335479  0.403365  0.630315  0.630258 
30  0.672125  0.682526  0.704572  0.794935  0.962284  0.510474  0.766410  0.814030  0.902209  0.855614  0.541808  0.719737  0.602426  0.828677  0.564512  0.586327  0.623640  0.689777  0.677794  0.430659  0.784651  0.670299  0.574471  0.750693  0.740979  0.680253  0.466471  0.580577  0.871667  0.441686 0.0  0.647244  0.720482  0.356341  0.697309  0.459607  0.776610  0.677190  0.866491  0.388467  0.551749  0.517661  0.716903  0.768005 
31  0.728898  0.645465  0.498379  0.509489  0.726384  0.599062  0.440353  0.745710  0.632113  0.601358  0.764512  0.463047  0.504440  0.571578  0.646020  0.582565  0.786111  0.586111  0.623291  0.755985  0.683636  0.622771  0.605997  0.745684  0.548678  0.582227  0.674813  0.742216  0.533775  0.579361  0.647244 0.0  0.481559  0.765102  0.588577  0.754857  0.496197  0.550036  0.556427  0.552693  0.582046  0.635689  0.688175  0.724567 
32  0.666518  0.592501  0.826822  0.705584  0.796714  0.720179  0.761138  0.743951  0.669889  0.749529  0.689166  0.716066  0.718939  0.747840  0.783067  0.733123  0.720472  0.679490  0.770315  0.641480  0.574903  0.663564  0.542828  0.657731  0.584890  0.496640  0.628883  0.606266  0.622557  0.789091  0.720482  0.481559 0.0  0.760783  0.686132  0.567351  0.833133  0.670350  0.731050  0.847387  0.845426  0.740522  0.658004  0.611815 
33  0.537002  0.632365  0.694141  0.748013  0.755649  0.598569  0.760311  0.694503  0.800247  0.831554  0.441107  0.725001  0.568272  0.849938  0.438726  0.454921  0.701260  0.604901  0.598014  0.556090  0.768272  0.638100  0.405684  0.844928  0.793939  0.766227  0.473724  0.607224  0.843720  0.469934  0.356341  0.765102  0.760783 0.0  0.523138  0.403276  0.762276  0.803086  0.724522  0.429101  0.596778  0.447734  0.592742  0.634159 
34  0.484048  0.687826  0.575412  0.708700  0.769815  0.617199  0.723093  0.791172  0.708387  0.649205  0.574842  0.728745  0.557334  0.829667  0.582457  0.734829  0.511896  0.624853  0.576620  0.615975  0.755321  0.419607  0.657420  0.726095  0.704837  0.657095  0.601235  0.607657  0.627244  0.487151  0.697309  0.588577  0.686132  0.523138 0.0  0.538076  0.735919  0.906671  0.753231  0.532847  0.569916  0.517360  0.530483  0.515083 
35  0.502562  0.617055  0.597707  0.895620  0.801564  0.448405  0.635912  0.814767  0.767908  0.587187  0.412182  0.750056  0.434452  0.762061  0.501180  0.568095  0.460644  0.557819  0.351709  0.381073  0.733951  0.497697  0.406748  0.649861  0.665156  0.661695  0.368645  0.481647  0.574428  0.593604  0.459607  0.754857  0.567351  0.403276  0.538076 0.0  0.662452  0.694822  0.777424  0.469668  0.430298  0.503353  0.428868  0.392920 
36  0.820870  0.736460  0.717664  0.558659  0.621091  0.662371  0.418798  0.661586  0.442409  0.651985  0.806157  0.629130  0.661778  0.665353  0.738282  0.608758  1.000000  0.899075  0.737588  0.783777  0.659605  0.820555  0.651483  0.776843  0.633014  0.706627  0.776225  0.763624  0.549868  0.724064  0.776610  0.496197  0.833133  0.762276  0.735919  0.662452 0.0  0.591393  0.425350  0.766171  0.672765  0.636133  0.807174  0.774930 
37  0.834468  0.780309  0.715111  0.454382  0.723681  0.642073  0.651910  0.721887  0.620743  0.697727  0.796265  0.687500  0.562052  0.527541  0.625831  0.644864  0.793529  0.705891  0.704743  0.703246  0.596477  0.735943  0.809364  0.767664  0.539866  0.482911  0.685714  0.709103  0.650117  0.591216  0.677190  0.550036  0.670350  0.803086  0.906671  0.694822  0.591393 0.0  0.629450  0.715422  0.655405  0.601893  0.709472  0.883380 
38  0.744901  0.703786  0.659289  0.491574  0.549064  0.583294  0.511169  0.757612  0.500486  0.711735  0.879675  0.443173  0.722745  0.672724  0.739213  0.457549  0.765485  0.732788  0.649908  0.925424  0.698887  0.757469  0.755383  0.850931  0.747147  0.687820  0.757849  0.727962  0.562020  0.657898  0.866491  0.556427  0.731050  0.724522  0.753231  0.777424  0.425350  0.629450 0.0  0.712134  0.619162  0.633851  0.751116  0.748041 
39  0.659361  0.687991  0.628089  0.848468  0.853330  0.322868  0.736209  0.834922  0.608987  0.681645  0.492996  0.775321  0.564933  0.745471  0.344953  0.520298  0.696287  0.681083  0.595237  0.401084  0.700711  0.644580  0.427340  0.757336  0.563131  0.664764  0.555910  0.633405  0.668138  0.460538  0.388467  0.552693  0.847387  0.429101  0.532847  0.469668  0.766171  0.715422  0.712134 0.0  0.416029  0.420521  0.690497  0.544780 
40  0.647482  0.765139  0.314907  0.690152  0.856836  0.457336  0.695047  0.854540  0.638971  0.745508  0.551184  0.704880  0.348849  0.660711  0.393604  0.436546  0.727161  0.670438  0.526277  0.699211  0.706997  0.638157  0.602654  0.727566  0.612412  0.631326  0.440058  0.711926  0.637746  0.335479  0.551749  0.582046  0.845426  0.596778  0.569916  0.430298  0.672765  0.655405  0.619162  0.416029 0.0  0.377339  0.631671  0.698107 
41  0.595021  0.792471  0.533055  0.553999  0.786066  0.445759  0.722928  0.740759  0.611589  0.737511  0.444620  0.536804  0.383195  0.628928  0.499993  0.351681  0.664427  0.765227  0.594373  0.528318  0.659536  0.743518  0.508278  0.816932  0.575996  0.575312  0.591652  0.741926  0.589679  0.403365  0.517661  0.635689  0.740522  0.447734  0.517360  0.503353  0.636133  0.601893  0.633851  0.420521  0.377339 0.0  0.521183  0.740878 
42  0.379368  0.725209  0.650692  0.785587  0.758054  0.646670  0.644345  0.826520  0.624881  0.675000  0.630222  0.709650  0.598364  0.707608  0.600391  0.691002  0.328218  0.404193  0.535478  0.538351  0.730755  0.420712  0.652356  0.726673  0.859901  0.678256  0.604725  0.435010  0.699903  0.630315  0.716903  0.688175  0.658004  0.592742  0.530483  0.428868  0.807174  0.709472  0.751116  0.690497  0.631671  0.521183 0.0  0.458405 
43  0.313784  0.629356  0.671558  0.886716  0.821746  0.459999  0.740568  0.817091  0.813873  0.787039  0.581427  0.695937  0.562534  0.802890  0.650156  0.667089  0.422037  0.615971  0.626464  0.517894  0.756689  0.279544  0.583368  0.795180  0.716163  0.712966  0.481331  0.403598  0.793835  0.630258  0.768005  0.724567  0.611815  0.634159  0.515083  0.392920  0.774930  0.883380  0.748041  0.544780  0.698107  0.740878  0.458405 0.0 
