44
0 0.0  0.671466  0.673189  0.673030  0.739327  0.730858  0.706512  0.621163  0.754513  0.729589  0.558413  0.774929  0.735044  0.669920  0.717236  0.707901  0.562772  0.650436  0.660646  0.688074  0.687584  0.682633  0.633810  0.665359  0.737269  0.674980  0.732006  0.590986  0.677810  0.691156  0.301488  0.653334  0.709927  0.646767  0.643646  0.653429  0.697964  0.660027  0.583907  0.763094  0.613579  0.637114  0.654810  0.515147 
1  0.671466 0.0  0.583528  0.689459  0.324139  0.800928  0.754745  0.604456  0.626169  0.576337  0.505601  0.617085  0.824787  0.615053  0.522370  0.727473  0.609482  0.684508  0.666404  0.700703  0.666350  0.939256  0.658497  1.000000  0.659454  0.693375  0.760696  0.668980  0.546697  0.690850  0.830384  0.357664  0.563385  0.542437  0.611780  0.619537  0.611093  0.672298  0.675742  0.875876  0.655780  0.698517  0.518820  0.788625 
2  0.673189  0.583528 0.0  0.789782  0.612525  0.886790  0.626076  0.555179  0.761741  0.623953  0.648219  0.638144  0.691638  0.566513  0.636007  0.717028  0.516379  0.596083  0.718453  0.625915  0.657166  0.728756  0.423660  0.698212  0.505579  0.686538  0.645546  0.853367  0.546370  0.804078  0.725180  0.628784  0.512613  0.590322  0.706691  0.716780  0.729777  0.867926  0.761196  0.722396  0.486011  0.743440  0.550523  0.632204 
3  0.673030  0.689459  0.789782 0.0  0.621273  0.789711  0.667946  0.716456  0.767652  0.574042  0.621804  0.858192  0.658808  0.817865  0.744853  0.573158  0.646645  0.789810  0.546699  0.783516  0.548719  0.754453  0.769031  0.852003  0.742208  0.631329  0.839946  0.359647  0.593326  0.606516  0.682593  0.770480  0.743027  0.840139  0.680941  0.657057  0.271952  0.557362  0.605858  0.720867  0.722410  0.576016  0.762652  0.607099 
4  0.739327  0.324139  0.612525  0.621273 0.0  0.815700  0.679645  0.692250  0.747523  0.575411  0.611618  0.556397  0.756438  0.597529  0.575921  0.751219  0.417026  0.614536  0.660572  0.582932  0.607572  0.932280  0.627330  0.991489  0.495280  0.613152  0.595895  0.645579  0.446702  0.644694  0.799350  0.363074  0.588697  0.637279  0.634436  0.629707  0.690046  0.593517  0.666076  0.807445  0.595067  0.664107  0.331684  0.744445 
5  0.730858  0.800928  0.886790  0.789711  0.815700 0.0  0.751325  0.674857  0.854123  0.817238  0.841673  0.681219  0.817297  0.605104  0.812501  0.693538  0.857668  0.749676  0.898635  0.599112  0.776112  0.793391  0.683182  0.727980  0.664488  0.922321  0.676135  0.703114  0.813446  0.798941  0.717405  0.852293  0.664863  0.727387  0.782227  0.906555  0.722333  0.732626  0.769384  0.403199  0.616102  0.831823  0.887244  0.862033 
6  0.706512  0.754745  0.626076  0.667946  0.679645  0.751325 0.0  0.781082  0.545872  0.726116  0.681784  0.812137  0.651982  0.958028  0.744692  0.678315  0.612952  0.878972  0.628715  0.780448  0.549711  0.618659  0.815750  0.726560  0.807390  0.360773  0.806630  0.703714  0.717085  0.549499  0.707243  0.752985  0.795124  0.802103  0.876252  0.473297  0.639730  0.529562  0.444656  0.881590  0.817847  0.652155  0.682497  0.451826 
7  0.621163  0.604456  0.555179  0.716456  0.692250  0.674857  0.781082 0.0  0.794377  0.519187  0.768571  0.347662  0.752703  0.614778  0.599625  0.580956  0.635716  0.571392  0.821857  0.514199  0.689936  0.736410  0.456799  0.713000  0.368229  0.816098  0.402033  0.759120  0.597182  0.680155  0.643013  0.587252  0.528030  0.567645  0.550505  0.874182  0.754791  0.663000  0.796976  0.627498  0.419249  0.753908  0.630912  0.854986 
8  0.754513  0.626169  0.761741  0.767652  0.747523  0.854123  0.545872  0.794377 0.0  0.727202  0.623744  0.756169  0.476090  0.893556  0.821457  0.712481  0.696309  0.745544  0.711739  0.857205  0.500559  0.499286  0.914849  0.512771  0.963560  0.574748  0.629531  0.638298  0.785456  0.600273  0.603706  0.818622  0.962286  0.753347  0.882570  0.454938  0.758824  0.698895  0.474401  0.861438  0.687333  0.683032  0.718531  0.472127 
9  0.729589  0.576337  0.623953  0.574042  0.575411  0.817238  0.726116  0.519187  0.727202 0.0  0.711681  0.625202  0.684367  0.452972  0.430414  0.761792  0.645527  0.484966  0.710968  0.789350  0.498299  0.866640  0.687329  0.787402  0.730390  0.688747  0.625960  0.666542  0.499675  0.766884  0.845892  0.441661  0.459270  0.594205  0.367254  0.579117  0.629785  0.573245  0.761973  0.716466  0.690693  0.622353  0.528478  0.742757 
10  0.558413  0.505601  0.648219  0.621804  0.611618  0.841673  0.681784  0.768571  0.623744  0.711681 0.0  0.700158  0.702130  0.662535  0.639127  0.510752  0.536421  0.777350  0.624884  0.697177  0.670255  0.842654  0.772916  0.863013  0.674369  0.607521  0.797403  0.651418  0.506636  0.616193  0.753262  0.690278  0.729403  0.835445  0.649211  0.530662  0.696788  0.679809  0.661175  0.806695  0.814901  0.630349  0.656617  0.639390 
11  0.774929  0.617085  0.638144  0.858192  0.556397  0.681219  0.812137  0.347662  0.756169  0.625202  0.700158 0.0  0.673801  0.585287  0.580515  0.747838  0.654333  0.476792  0.782767  0.538647  0.725850  0.776200  0.568616  0.629712  0.343662  0.770241  0.508056  0.805481  0.593595  0.812265  0.613353  0.610075  0.479764  0.468072  0.689145  0.840582  0.854494  0.753938  0.653179  0.704822  0.436179  0.767628  0.555711  0.760854 
12  0.735044  0.824787  0.691638  0.658808  0.756438  0.817297  0.651982  0.752703  0.476090  0.684367  0.702130  0.673801 0.0  0.787023  0.724967  0.850926  0.613704  0.653791  0.535028  0.848667  0.643951  0.739371  0.781825  0.618960  0.802187  0.487417  0.658442  0.653502  0.715196  0.646615  0.715933  0.649542  0.802954  0.782042  0.867051  0.578084  0.641637  0.630434  0.499928  0.799284  0.817380  0.445174  0.749677  0.546096 
13  0.669920  0.615053  0.566513  0.817865  0.597529  0.605104  0.958028  0.614778  0.893556  0.452972  0.662535  0.585287  0.787023 0.0  0.407897  0.598453  0.726335  0.593325  0.722346  0.585711  0.786717  0.804686  0.567954  0.757141  0.430478  0.852059  0.592989  0.829004  0.702084  0.709464  0.716626  0.470249  0.360498  0.382759  0.429700  0.814946  0.829442  0.751653  0.762049  0.847812  0.626983  0.723295  0.579139  0.863605 
14  0.717236  0.522370  0.636007  0.744853  0.575921  0.812501  0.744692  0.599625  0.821457  0.430414  0.639127  0.580515  0.724967  0.407897 0.0  0.635313  0.646986  0.498757  0.686255  0.554211  0.865147  0.702400  0.712895  0.722956  0.617492  0.760080  0.696406  0.732451  0.583300  0.867786  0.699199  0.472691  0.418331  0.428128  0.415739  0.725606  0.798238  0.748968  0.693873  0.757421  0.587865  0.773370  0.611022  0.723366 
15  0.707901  0.727473  0.717028  0.573158  0.751219  0.693538  0.678315  0.580956  0.712481  0.761792  0.510752  0.747838  0.850926  0.598453  0.635313 0.0  0.717569  0.766365  0.624119  0.647560  0.637076  0.779112  0.679486  0.691533  0.669453  0.829488  0.703342  0.716780  0.716608  0.708414  0.623745  0.824540  0.612770  0.728232  0.685010  0.769679  0.522594  0.536034  0.722345  0.585594  0.568618  0.624022  0.772776  0.690710 
16  0.562772  0.609482  0.516379  0.646645  0.417026  0.857668  0.612952  0.635716  0.696309  0.645527  0.536421  0.654333  0.613704  0.726335  0.646986  0.717569 0.0  0.817346  0.619982  0.649219  0.581468  0.711554  0.659173  0.745004  0.646382  0.514437  0.766011  0.658789  0.654735  0.618763  0.690834  0.628158  0.697477  0.746556  0.838658  0.680363  0.753941  0.532274  0.637242  0.893211  0.732260  0.705224  0.499711  0.667706 
17  0.650436  0.684508  0.596083  0.789810  0.614536  0.749676  0.878972  0.571392  0.745544  0.484966  0.777350  0.476792  0.653791  0.593325  0.498757  0.766365  0.817346 0.0  0.862749  0.616959  0.872497  0.848999  0.581834  0.606153  0.559993  0.612627  0.528964  0.796224  0.718240  0.807143  0.635304  0.520422  0.552742  0.437520  0.470733  0.682485  0.811179  0.777187  0.790062  0.765193  0.509062  0.843991  0.675524  0.727668 
18  0.660646  0.666404  0.718453  0.546699  0.660572  0.898635  0.628715  0.821857  0.711739  0.710968  0.624884  0.782767  0.535028  0.722346  0.686255  0.624119  0.619982  0.862749 0.0  0.731124  0.627977  0.791055  0.574528  0.805723  0.763273  0.717874  0.870979  0.596403  0.613280  0.527080  0.808693  0.675207  0.736760  0.819887  0.722789  0.697304  0.581207  0.643373  0.700913  0.824680  0.882195  0.708719  0.613682  0.783395 
19  0.688074  0.700703  0.625915  0.783516  0.582932  0.599112  0.780448  0.514199  0.857205  0.789350  0.697177  0.538647  0.848667  0.585711  0.554211  0.647560  0.649219  0.616959  0.731124 0.0  0.894836  0.893118  0.520007  0.660044  0.366071  0.802330  0.497752  0.923001  0.650311  0.786384  0.685304  0.705542  0.594587  0.564709  0.748778  0.817763  0.945486  0.718970  0.885292  0.726384  0.359417  0.760774  0.689294  0.860627 
20  0.687584  0.666350  0.657166  0.548719  0.607572  0.776112  0.549711  0.689936  0.500559  0.498299  0.670255  0.725850  0.643951  0.786717  0.865147  0.637076  0.581468  0.872497  0.627977  0.894836 0.0  0.794114  0.819295  0.609057  0.868412  0.696443  0.752510  0.582204  0.613236  0.489692  0.742028  0.611697  0.824018  0.718109  0.767186  0.569459  0.609388  0.494227  0.496704  0.730917  0.787853  0.534680  0.672365  0.581490 
21  0.682633  0.939256  0.728756  0.754453  0.932280  0.793391  0.618659  0.736410  0.499286  0.866640  0.842654  0.776200  0.739371  0.804686  0.702400  0.779112  0.711554  0.848999  0.791055  0.893118  0.794114 0.0  0.876271  0.278884  0.863221  0.557721  0.775940  0.862699  0.825644  0.673984  0.709680  0.743649  0.785506  0.861727  0.811902  0.566114  0.869083  0.660627  0.648568  0.835002  0.664922  0.700201  0.839153  0.546663 
22  0.633810  0.658497  0.423660  0.769031  0.627330  0.683182  0.815750  0.456799  0.914849  0.687329  0.772916  0.568616  0.781825  0.567954  0.712895  0.679486  0.659173  0.581834  0.574528  0.520007  0.819295  0.876271 0.0  0.735047  0.532361  0.839656  0.455653  0.753814  0.698414  0.688866  0.719326  0.780750  0.445616  0.502430  0.634484  0.720173  0.722319  0.769407  0.857015  0.816927  0.542127  0.707419  0.526845  0.802841 
23  0.665359  1.000000  0.698212  0.852003  0.991489  0.727980  0.726560  0.713000  0.512771  0.787402  0.863013  0.629712  0.618960  0.757141  0.722956  0.691533  0.745004  0.606153  0.805723  0.660044  0.609057  0.278884  0.735047 0.0  0.657554  0.611576  0.582776  0.792918  0.938440  0.764890  0.637004  0.765633  0.668216  0.654648  0.760641  0.712384  0.738114  0.751840  0.487481  0.701129  0.656381  0.835775  0.850779  0.623342 
24  0.737269  0.659454  0.505579  0.742208  0.495280  0.664488  0.807390  0.368229  0.963560  0.730390  0.674369  0.343662  0.802187  0.430478  0.617492  0.669453  0.646382  0.559993  0.763273  0.366071  0.868412  0.863221  0.532361  0.657554 0.0  0.808217  0.462779  0.795988  0.575309  0.801889  0.623326  0.682244  0.490986  0.461917  0.586437  0.796717  0.908184  0.792670  0.773191  0.780722  0.592946  0.793481  0.577648  0.662705 
25  0.674980  0.693375  0.686538  0.631329  0.613152  0.922321  0.360773  0.816098  0.574748  0.688747  0.607521  0.770241  0.487417  0.852059  0.760080  0.829488  0.514437  0.612627  0.717874  0.802330  0.696443  0.557721  0.839656  0.611576  0.808217 0.0  0.782834  0.716465  0.737791  0.413437  0.652657  0.736868  0.841372  0.752734  0.836087  0.397413  0.635871  0.627081  0.462164  0.803121  0.794853  0.618092  0.658167  0.346024 
26  0.732006  0.760696  0.645546  0.839946  0.595895  0.676135  0.806630  0.402033  0.629531  0.625960  0.797403  0.508056  0.658442  0.592989  0.696406  0.703342  0.766011  0.528964  0.870979  0.497752  0.752510  0.775940  0.455653  0.582776  0.462779  0.782834 0.0  0.733879  0.828845  0.785995  0.625552  0.671350  0.564694  0.631794  0.737256  0.673401  0.701833  0.713620  0.757408  0.789646  0.512834  0.757245  0.716673  0.689817 
27  0.590986  0.668980  0.853367  0.359647  0.645579  0.703114  0.703714  0.759120  0.638298  0.666542  0.651418  0.805481  0.653502  0.829004  0.732451  0.716780  0.658789  0.796224  0.596403  0.923001  0.582204  0.862699  0.753814  0.792918  0.795988  0.716465  0.733879 0.0  0.620622  0.674410  0.748116  0.678705  0.824223  0.841421  0.700305  0.697999  0.435131  0.549438  0.807016  0.733150  0.852180  0.607411  0.667960  0.621600 
28  0.677810  0.546697  0.546370  0.593326  0.446702  0.813446  0.717085  0.597182  0.785456  0.499675  0.506636  0.593595  0.715196  0.702084  0.583300  0.716608  0.654735  0.718240  0.613280  0.650311  0.613236  0.825644  0.698414  0.938440  0.575309  0.737791  0.828845  0.620622 0.0  0.578031  0.685833  0.487505  0.747089  0.684173  0.565479  0.671093  0.613606  0.561319  0.700732  0.718154  0.750726  0.656665  0.439092  0.603434 
29  0.691156  0.690850  0.804078  0.606516  0.644694  0.798941  0.549499  0.680155  0.600273  0.766884  0.616193  0.812265  0.646615  0.709464  0.867786  0.708414  0.618763  0.807143  0.527080  0.786384  0.489692  0.673984  0.688866  0.764890  0.801889  0.413437  0.785995  0.674410  0.578031 0.0  0.767257  0.634705  0.808427  0.766338  0.762140  0.416562  0.639508  0.522975  0.516461  0.790392  0.709465  0.612040  0.613436  0.439827 
30  0.301488  0.830384  0.725180  0.682593  0.799350  0.717405  0.707243  0.643013  0.603706  0.845892  0.753262  0.613353  0.715933  0.716626  0.699199  0.623745  0.690834  0.635304  0.808693  0.685304  0.742028  0.709680  0.719326  0.637004  0.623326  0.652657  0.625552  0.748116  0.685833  0.767257 0.0  0.760952  0.715582  0.611601  0.640647  0.631355  0.705297  0.628847  0.600364  0.739608  0.611761  0.728769  0.789191  0.581183 
31  0.653334  0.357664  0.628784  0.770480  0.363074  0.852293  0.752985  0.587252  0.818622  0.441661  0.690278  0.610075  0.649542  0.470249  0.472691  0.824540  0.628158  0.520422  0.675207  0.705542  0.611697  0.743649  0.780750  0.765633  0.682244  0.736868  0.671350  0.678705  0.487505  0.634705  0.760952 0.0  0.528819  0.605684  0.458753  0.682358  0.618663  0.599942  0.664079  0.781728  0.651974  0.663585  0.422207  0.645495 
32  0.709927  0.563385  0.512613  0.743027  0.588697  0.664863  0.795124  0.528030  0.962286  0.459270  0.729403  0.479764  0.802954  0.360498  0.418331  0.612770  0.697477  0.552742  0.736760  0.594587  0.824018  0.785506  0.445616  0.668216  0.490986  0.841372  0.564694  0.824223  0.747089  0.808427  0.715582  0.528819 0.0  0.297519  0.434330  0.819451  0.900912  0.837825  0.804958  0.753044  0.578354  0.877457  0.619421  0.812421 
33  0.646767  0.542437  0.590322  0.840139  0.637279  0.727387  0.802103  0.567645  0.753347  0.594205  0.835445  0.468072  0.782042  0.382759  0.428128  0.728232  0.746556  0.437520  0.819887  0.564709  0.718109  0.861727  0.502430  0.654648  0.461917  0.752734  0.631794  0.841421  0.684173  0.766338  0.611601  0.605684  0.297519 0.0  0.436722  0.737527  0.815128  0.736540  0.773702  0.697740  0.519575  0.845061  0.674392  0.825497 
34  0.643646  0.611780  0.706691  0.680941  0.634436  0.782227  0.876252  0.550505  0.882570  0.367254  0.649211  0.689145  0.867051  0.429700  0.415739  0.685010  0.838658  0.470733  0.722789  0.748778  0.767186  0.811902  0.634484  0.760641  0.586437  0.836087  0.737256  0.700305  0.565479  0.762140  0.640647  0.458753  0.434330  0.436722 0.0  0.857784  0.809647  0.802611  0.801072  0.849722  0.549976  0.692889  0.681529  0.818776 
35  0.653429  0.619537  0.716780  0.657057  0.629707  0.906555  0.473297  0.874182  0.454938  0.579117  0.530662  0.840582  0.578084  0.814946  0.725606  0.769679  0.680363  0.682485  0.697304  0.817763  0.569459  0.566114  0.720173  0.712384  0.796717  0.397413  0.673401  0.697999  0.671093  0.416562  0.631355  0.682358  0.819451  0.737527  0.857784 0.0  0.666692  0.621469  0.455160  0.874315  0.835405  0.721085  0.620426  0.354813 
36  0.697964  0.611093  0.729777  0.271952  0.690046  0.722333  0.639730  0.754791  0.758824  0.629785  0.696788  0.854494  0.641637  0.829442  0.798238  0.522594  0.753941  0.811179  0.581207  0.945486  0.609388  0.869083  0.722319  0.738114  0.908184  0.635871  0.701833  0.435131  0.613606  0.639508  0.705297  0.618663  0.900912  0.815128  0.809647  0.666692 0.0  0.522223  0.659634  0.833137  0.719175  0.511465  0.631446  0.613497 
37  0.660027  0.672298  0.867926  0.557362  0.593517  0.732626  0.529562  0.663000  0.698895  0.573245  0.679809  0.753938  0.630434  0.751653  0.748968  0.536034  0.532274  0.777187  0.643373  0.718970  0.494227  0.660627  0.769407  0.751840  0.792670  0.627081  0.713620  0.549438  0.561319  0.522975  0.628847  0.599942  0.837825  0.736540  0.802611  0.621469  0.522223 0.0  0.561367  0.797310  0.661239  0.553638  0.519391  0.660170 
38  0.583907  0.675742  0.761196  0.605858  0.666076  0.769384  0.444656  0.796976  0.474401  0.761973  0.661175  0.653179  0.499928  0.762049  0.693873  0.722345  0.637242  0.790062  0.700913  0.885292  0.496704  0.648568  0.857015  0.487481  0.773191  0.462164  0.757408  0.807016  0.700732  0.516461  0.600364  0.664079  0.804958  0.773702  0.801072  0.455160  0.659634  0.561367 0.0  0.800640  0.764758  0.579235  0.696302  0.497614 
39  0.763094  0.875876  0.722396  0.720867  0.807445  0.403199  0.881590  0.627498  0.861438  0.716466  0.806695  0.704822  0.799284  0.847812  0.757421  0.585594  0.893211  0.765193  0.824680  0.726384  0.730917  0.835002  0.816927  0.701129  0.780722  0.803121  0.789646  0.733150  0.718154  0.790392  0.739608  0.781728  0.753044  0.697740  0.849722  0.874315  0.833137  0.797310  0.800640 0.0  0.659805  0.694336  0.792142  0.864427 
40  0.613579  0.655780  0.486011  0.722410  0.595067  0.616102  0.817847  0.419249  0.687333  0.690693  0.814901  0.436179  0.817380  0.626983  0.587865  0.568618  0.732260  0.509062  0.882195  0.359417  0.787853  0.664922  0.542127  0.656381  0.592946  0.794853  0.512834  0.852180  0.750726  0.709465  0.611761  0.651974  0.578354  0.519575  0.549976  0.835405  0.719175  0.661239  0.764758  0.659805 0.0  0.707155  0.540940  0.754943 
41  0.637114  0.698517  0.743440  0.576016  0.664107  0.831823  0.652155  0.753908  0.683032  0.622353  0.630349  0.767628  0.445174  0.723295  0.773370  0.624022  0.705224  0.843991  0.708719  0.760774  0.534680  0.700201  0.707419  0.835775  0.793481  0.618092  0.757245  0.607411  0.656665  0.612040  0.728769  0.663585  0.877457  0.845061  0.692889  0.721085  0.511465  0.553638  0.579235  0.694336  0.707155 0.0  0.700226  0.649989 
42  0.654810  0.518820  0.550523  0.762652  0.331684  0.887244  0.682497  0.630912  0.718531  0.528478  0.656617  0.555711  0.749677  0.579139  0.611022  0.772776  0.499711  0.675524  0.613682  0.689294  0.672365  0.839153  0.526845  0.850779  0.577648  0.658167  0.716673  0.667960  0.439092  0.613436  0.789191  0.422207  0.619421  0.674392  0.681529  0.620426  0.631446  0.519391  0.696302  0.792142  0.540940  0.700226 0.0  0.772517 
43  0.515147  0.788625  0.632204  0.607099  0.744445  0.862033  0.451826  0.854986  0.472127  0.742757  0.639390  0.760854  0.546096  0.863605  0.723366  0.690710  0.667706  0.727668  0.783395  0.860627  0.581490  0.546663  0.802841  0.623342  0.662705  0.346024  0.689817  0.621600  0.603434  0.439827  0.581183  0.645495  0.812421  0.825497  0.818776  0.354813  0.613497  0.660170  0.497614  0.864427  0.754943  0.649989  0.772517 0.0 
