44
0 0.0  0.895689  0.727750  0.627007  0.547051  0.487753  0.572433  0.838991  0.396267  0.755102  0.610860  0.631493  0.775511  0.433610  0.555023  0.724787  0.592662  0.516942  0.613841  0.870789  0.494841  0.747397  0.746016  0.694122  0.563534  0.690133  0.858296  0.723682  0.745368  0.432617  0.679341  0.629189  0.717582  0.451237  0.807243  0.651626  0.796680  0.782519  0.525522  0.690152  0.446394  0.803506  0.921251  0.901672 
1  0.895689 0.0  0.532803  0.487009  0.854414  0.720365  0.666523  0.769182  0.758520  0.722394  0.683898  0.599131  0.659716  0.804717  0.762038  0.545898  0.617657  0.698256  0.755816  0.619113  0.614934  0.741166  0.719044  0.541900  0.658760  0.617009  0.572661  0.541557  0.557477  0.764034  0.717465  0.818336  0.825039  0.740164  0.739449  0.606825  0.556638  0.476260  0.812768  0.640507  0.703401  0.618834  0.611840  0.554479 
2  0.727750  0.532803 0.0  0.639183  0.773791  0.691126  0.703738  0.768175  0.702010  0.407181  0.847772  0.766739  0.744887  0.690087  0.819858  0.512018  0.624318  0.769532  0.791842  0.630965  0.748660  0.788557  0.579510  0.779017  0.726861  0.718699  0.399751  0.587108  0.622828  0.766603  0.530275  0.738532  0.647402  0.769696  0.778684  0.703427  0.603865  0.602795  0.753507  0.805319  0.779826  0.588079  0.513301  0.650550 
3  0.627007  0.487009  0.639183 0.0  0.680186  0.453930  0.537887  0.845719  0.663505  0.631103  0.821926  0.499961  0.723369  0.579121  0.438006  0.838289  0.437974  0.421497  0.515110  0.626888  0.548018  0.833372  0.600351  0.777660  0.784280  0.407000  0.629012  0.604786  0.596605  0.537180  0.688323  0.701401  0.792377  0.599966  0.881424  0.535092  0.625396  0.607277  0.597580  0.458251  0.567366  0.703694  0.629861  0.587875 
4  0.547051  0.854414  0.773791  0.680186 0.0  0.564219  0.718936  0.866973  0.576209  0.858233  0.738534  0.695263  0.665090  0.453527  0.580744  0.683306  0.716989  0.599209  0.605866  0.872605  0.554867  0.669657  0.849084  0.685661  0.633636  0.600201  0.876216  0.590391  0.739744  0.570126  0.726911  0.694247  0.917088  0.463936  0.891662  0.565945  0.889252  0.850855  0.398985  0.554440  0.604664  0.791063  0.871957  0.942028 
5  0.487753  0.720365  0.691126  0.453930  0.564219 0.0  0.555351  0.807496  0.615286  0.780376  0.754316  0.629381  0.720635  0.512669  0.507770  0.769310  0.609349  0.544480  0.691206  0.857776  0.548602  0.653480  0.773321  0.680744  0.640970  0.626769  0.811262  0.712001  0.686342  0.568148  0.703360  0.516632  0.796371  0.495727  0.721626  0.524374  0.844596  0.746884  0.483774  0.707020  0.380993  0.825259  0.726576  0.677877 
6  0.572433  0.666523  0.703738  0.537887  0.718936  0.555351 0.0  0.815417  0.666624  0.643622  0.745638  0.771274  0.743744  0.487960  0.665461  0.649657  0.667803  0.453197  0.711755  0.723131  0.285751  0.829197  0.704574  0.825144  0.683697  0.583457  0.749736  0.776344  0.611294  0.618423  0.680027  0.719073  0.835772  0.503401  0.803284  0.737316  0.684136  0.695386  0.506524  0.450952  0.688428  0.605308  0.629883  0.701364 
7  0.838991  0.769182  0.768175  0.845719  0.866973  0.807496  0.815417 0.0  0.775169  0.797644  0.930872  0.834665  0.705714  0.845106  0.843869  0.850927  0.823169  0.711940  0.826252  0.561057  0.788445  0.616684  0.452389  0.658901  0.754487  0.856742  0.731412  0.637979  0.485614  0.736918  0.670101  0.741221  0.769923  0.897710  0.530107  0.751997  0.806631  0.602926  0.816720  0.835374  0.682055  0.966510  0.684145  0.775470 
8  0.396267  0.758520  0.702010  0.663505  0.576209  0.615286  0.666624  0.775169 0.0  0.784609  0.625929  0.426270  0.705476  0.580120  0.572682  0.687133  0.677044  0.707916  0.292598  0.824024  0.610021  0.528871  0.811797  0.560984  0.427340  0.581490  0.742800  0.659149  0.794927  0.515555  0.706535  0.467628  0.744098  0.465629  0.761649  0.397751  0.749860  0.719234  0.546773  0.630803  0.514809  0.868636  0.830284  0.818717 
9  0.755102  0.722394  0.407181  0.631103  0.858233  0.780376  0.643622  0.797644  0.784609 0.0  0.813045  0.677092  0.531005  0.770709  0.886136  0.583070  0.705111  0.696210  0.699221  0.728895  0.767565  0.791487  0.712402  0.767294  0.748830  0.585744  0.368246  0.689253  0.374884  0.773229  0.702745  0.785137  0.863613  0.746850  0.844584  0.653418  0.582373  0.662235  0.937143  0.646339  0.757911  0.462895  0.474592  0.624641 
10  0.610860  0.683898  0.847772  0.821926  0.738534  0.754316  0.745638  0.930872  0.625929  0.813045 0.0  0.745151  0.890020  0.701173  0.708851  0.728442  0.893087  0.809330  0.686519  0.924242  0.762760  0.704693  0.944939  0.594148  0.671315  0.803862  0.717735  0.766168  0.832614  0.751059  0.722521  0.723605  0.542112  0.602011  0.884724  0.829585  0.882043  1.000000  0.726096  0.887121  0.710989  0.854185  0.896125  0.778986 
11  0.631493  0.599131  0.766739  0.499961  0.695263  0.629381  0.771274  0.834665  0.426270  0.677092  0.745151 0.0  0.664230  0.727217  0.504492  0.722322  0.617749  0.572666  0.429019  0.692984  0.703057  0.836826  0.814456  0.699697  0.764106  0.640536  0.782438  0.647637  0.669185  0.567301  0.774739  0.648491  0.798663  0.637310  0.732705  0.465379  0.747003  0.802854  0.690116  0.610399  0.477431  0.762272  0.670244  0.589018 
12  0.775511  0.659716  0.744887  0.723369  0.665090  0.720635  0.743744  0.705714  0.705476  0.531005  0.890020  0.664230 0.0  0.800767  0.684916  0.644401  0.510690  0.768155  0.628998  0.664599  0.779596  0.824627  0.654474  0.870344  0.762127  0.552900  0.734117  0.686774  0.640469  0.729052  0.523299  0.699850  0.834036  0.823833  0.710253  0.618343  0.527413  0.599244  0.801837  0.585401  0.648548  0.552482  0.593430  0.628111 
13  0.433610  0.804717  0.690087  0.579121  0.453527  0.512669  0.487960  0.845106  0.580120  0.770709  0.701173  0.727217  0.800767 0.0  0.525457  0.769983  0.587691  0.530881  0.610735  0.827536  0.506961  0.729517  0.881787  0.707530  0.680960  0.620129  0.823023  0.772064  0.787677  0.670778  0.706565  0.591296  0.676799  0.402003  0.940370  0.710103  0.832109  0.771802  0.363907  0.579338  0.539851  0.933170  0.796184  0.845650 
14  0.555023  0.762038  0.819858  0.438006  0.580744  0.507770  0.665461  0.843869  0.572682  0.886136  0.708851  0.504492  0.684916  0.525457 0.0  0.809710  0.554381  0.454807  0.658740  0.783989  0.477205  0.743062  0.876653  0.579659  0.589345  0.598327  0.750042  0.679049  0.702665  0.622400  0.814958  0.673557  0.756766  0.390805  0.877035  0.534657  0.766813  0.833909  0.348845  0.537943  0.488273  0.796845  0.794802  0.760415 
15  0.724787  0.545898  0.512018  0.838289  0.683306  0.769310  0.649657  0.850927  0.687133  0.583070  0.728442  0.722322  0.644401  0.769983  0.809710 0.0  0.762450  0.742283  0.862606  0.616661  0.679470  0.861589  0.693315  0.722395  0.698422  0.794470  0.673382  0.617261  0.603521  0.736263  0.593968  0.745031  0.683855  0.758825  0.855606  0.817153  0.670712  0.706535  0.838988  0.659661  0.885252  0.560880  0.441708  0.633318 
16  0.592662  0.617657  0.624318  0.437974  0.716989  0.609349  0.667803  0.823169  0.677044  0.705111  0.893087  0.617749  0.510690  0.587691  0.554381  0.762450 0.0  0.643932  0.737998  0.694740  0.643114  0.775845  0.750244  0.769139  0.830884  0.375475  0.554348  0.616875  0.734866  0.780461  0.653165  0.815660  0.745241  0.698330  0.821831  0.490445  0.630829  0.623157  0.638001  0.429853  0.632105  0.562215  0.521685  0.546677 
17  0.516942  0.698256  0.769532  0.421497  0.599209  0.544480  0.453197  0.711940  0.707916  0.696210  0.809330  0.572666  0.768155  0.530881  0.454807  0.742283  0.643932 0.0  0.550582  0.662096  0.378918  0.707883  0.754250  0.683267  0.728858  0.602088  0.793875  0.753299  0.694048  0.679447  0.743790  0.681440  0.768572  0.444631  0.706491  0.685149  0.796934  0.726231  0.494688  0.608579  0.563733  0.728725  0.822168  0.736480 
18  0.613841  0.755816  0.791842  0.515110  0.605866  0.691206  0.711755  0.826252  0.292598  0.699221  0.686519  0.429019  0.628998  0.610735  0.658740  0.862606  0.737998  0.550582 0.0  0.907115  0.688433  0.690940  0.693385  0.705894  0.677100  0.556553  0.757148  0.751687  0.734268  0.520243  0.751261  0.359940  0.767644  0.628856  0.785652  0.335433  0.744868  0.857395  0.545653  0.616811  0.471443  0.853321  0.760820  0.803857 
19  0.870789  0.619113  0.630965  0.626888  0.872605  0.857776  0.723131  0.561057  0.824024  0.728895  0.924242  0.692984  0.664599  0.827536  0.783989  0.616661  0.694740  0.662096  0.907115 0.0  0.855624  0.648205  0.417042  0.674763  0.708922  0.611780  0.662805  0.754944  0.447681  0.865545  0.599485  0.902019  0.749236  0.746531  0.578177  0.720677  0.696382  0.394693  0.817990  0.725937  0.815794  0.737692  0.534944  0.564774 
20  0.494841  0.614934  0.748660  0.548018  0.554867  0.548602  0.285751  0.788445  0.610021  0.767565  0.762760  0.703057  0.779596  0.506961  0.477205  0.679470  0.643114  0.378918  0.688433  0.855624 0.0  0.806598  0.797048  0.860537  0.734492  0.552618  0.660129  0.711949  0.734429  0.549543  0.705481  0.658078  0.822314  0.510927  0.800064  0.706721  0.803571  0.825773  0.265550  0.510236  0.617578  0.832600  0.785559  0.797839 
21  0.747397  0.741166  0.788557  0.833372  0.669657  0.653480  0.829197  0.616684  0.528871  0.791487  0.704693  0.836826  0.824627  0.729517  0.743062  0.861589  0.775845  0.707883  0.690940  0.648205  0.806598 0.0  0.636611  0.517091  0.701716  0.897856  0.777129  0.637254  0.652638  0.620105  0.708405  0.599539  0.766064  0.632290  0.427929  0.641973  0.895218  0.588380  0.647639  0.825906  0.701557  0.915296  0.835753  0.865347 
22  0.746016  0.719044  0.579510  0.600351  0.849084  0.773321  0.704574  0.452389  0.811797  0.712402  0.944939  0.814456  0.654474  0.881787  0.876653  0.693315  0.750244  0.754250  0.693385  0.417042  0.797048  0.636611 0.0  0.678594  0.852104  0.661318  0.571655  0.660885  0.366293  0.748500  0.600984  0.775760  0.761894  0.811043  0.705645  0.702513  0.621164  0.472315  0.854802  0.668987  0.803140  0.593900  0.757738  0.720476 
23  0.694122  0.541900  0.779017  0.777660  0.685661  0.680744  0.825144  0.658901  0.560984  0.767294  0.594148  0.699697  0.870344  0.707530  0.579659  0.722395  0.769139  0.683267  0.705894  0.674763  0.860537  0.517091  0.678594 0.0  0.622707  0.774063  0.684598  0.363088  0.676851  0.621888  0.810718  0.736627  0.735309  0.660450  0.671330  0.732137  0.708953  0.762486  0.607584  0.880319  0.572777  0.749083  0.705763  0.764696 
24  0.563534  0.658760  0.726861  0.784280  0.633636  0.640970  0.683697  0.754487  0.427340  0.748830  0.671315  0.764106  0.762127  0.680960  0.589345  0.698422  0.830884  0.728858  0.677100  0.708922  0.734492  0.701716  0.852104  0.622707 0.0  0.735539  0.650673  0.582766  0.749893  0.636661  0.733758  0.615127  0.664476  0.702872  0.903219  0.720080  0.596162  0.773453  0.662317  0.903842  0.670360  0.654741  0.706276  0.648096 
25  0.690133  0.617009  0.718699  0.407000  0.600201  0.626769  0.583457  0.856742  0.581490  0.585744  0.803862  0.640536  0.552900  0.620129  0.598327  0.794470  0.375475  0.602088  0.556553  0.611780  0.552618  0.897856  0.661318  0.774063  0.735539 0.0  0.746806  0.651681  0.591555  0.696658  0.636722  0.677449  0.918680  0.614013  0.787042  0.534680  0.543718  0.582292  0.733730  0.413291  0.583636  0.610853  0.601368  0.585467 
26  0.858296  0.572661  0.399751  0.629012  0.876216  0.811262  0.749736  0.731412  0.742800  0.368246  0.717735  0.782438  0.734117  0.823023  0.750042  0.673382  0.554348  0.793875  0.757148  0.662805  0.660129  0.777129  0.571655  0.684598  0.650673  0.746806 0.0  0.639933  0.572890  0.727929  0.680712  0.734340  0.713643  0.653006  0.809853  0.698574  0.584646  0.653839  0.894369  0.665979  0.865852  0.434777  0.504303  0.570053 
27  0.723682  0.541557  0.587108  0.604786  0.590391  0.712001  0.776344  0.637979  0.659149  0.689253  0.766168  0.647637  0.686774  0.772064  0.679049  0.617261  0.616875  0.753299  0.751687  0.754944  0.711949  0.637254  0.660885  0.363088  0.582766  0.651681  0.639933 0.0  0.535592  0.746245  0.736651  0.668328  0.791808  0.781476  0.677612  0.523279  0.661859  0.537527  0.752305  0.742144  0.664663  0.669723  0.692147  0.685566 
28  0.745368  0.557477  0.622828  0.596605  0.739744  0.686342  0.611294  0.485614  0.794927  0.374884  0.832614  0.669185  0.640469  0.787677  0.702665  0.603521  0.734866  0.694048  0.734268  0.447681  0.734429  0.652638  0.366293  0.676851  0.749893  0.591555  0.572890  0.535592 0.0  0.620341  0.587164  0.679774  0.835094  0.652317  0.566810  0.585525  0.670308  0.644000  0.686521  0.660370  0.679332  0.643257  0.516861  0.720392 
29  0.432617  0.764034  0.766603  0.537180  0.570126  0.568148  0.618423  0.736918  0.515555  0.773229  0.751059  0.567301  0.729052  0.670778  0.622400  0.736263  0.780461  0.679447  0.520243  0.865545  0.549543  0.620105  0.748500  0.621888  0.636661  0.696658  0.727929  0.746245  0.620341 0.0  0.696000  0.405693  0.744193  0.540595  0.734236  0.559154  0.741144  0.854868  0.612192  0.695657  0.559357  0.820307  0.854384  0.761061 
30  0.679341  0.717465  0.530275  0.688323  0.726911  0.703360  0.680027  0.670101  0.706535  0.702745  0.722521  0.774739  0.523299  0.706565  0.814958  0.593968  0.653165  0.743790  0.751261  0.599485  0.705481  0.708405  0.600984  0.810718  0.733758  0.636722  0.680712  0.736651  0.587164  0.696000 0.0  0.653766  0.828797  0.815568  0.731369  0.716271  0.712914  0.631270  0.730451  0.666974  0.735758  0.608632  0.635831  0.671625 
31  0.629189  0.818336  0.738532  0.701401  0.694247  0.516632  0.719073  0.741221  0.467628  0.785137  0.723605  0.648491  0.699850  0.591296  0.673557  0.745031  0.815660  0.681440  0.359940  0.902019  0.658078  0.599539  0.775760  0.736627  0.615127  0.677449  0.734340  0.668328  0.679774  0.405693  0.653766 0.0  0.861175  0.602968  0.806171  0.287940  0.882514  0.882991  0.674223  0.751653  0.642829  0.835460  0.891592  0.799238 
32  0.717582  0.825039  0.647402  0.792377  0.917088  0.796371  0.835772  0.769923  0.744098  0.863613  0.542112  0.798663  0.834036  0.676799  0.756766  0.683855  0.745241  0.768572  0.767644  0.749236  0.822314  0.766064  0.761894  0.735309  0.664476  0.918680  0.713643  0.791808  0.835094  0.744193  0.828797  0.861175 0.0  0.713470  0.846838  0.847852  0.783950  0.803145  0.748152  0.826880  0.856243  0.853818  0.761693  0.815594 
33  0.451237  0.740164  0.769696  0.599966  0.463936  0.495727  0.503401  0.897710  0.465629  0.746850  0.602011  0.637310  0.823833  0.402003  0.390805  0.758825  0.698330  0.444631  0.628856  0.746531  0.510927  0.632290  0.811043  0.660450  0.702872  0.614013  0.653006  0.781476  0.652317  0.540595  0.815568  0.602968  0.713470 0.0  0.927584  0.661934  0.793741  0.830926  0.426628  0.572416  0.540289  0.911931  0.688441  0.719510 
34  0.807243  0.739449  0.778684  0.881424  0.891662  0.721626  0.803284  0.530107  0.761649  0.844584  0.884724  0.732705  0.710253  0.940370  0.877035  0.855606  0.821831  0.706491  0.785652  0.578177  0.800064  0.427929  0.705645  0.671330  0.903219  0.787042  0.809853  0.677612  0.566810  0.734236  0.731369  0.806171  0.846838  0.927584 0.0  0.760576  0.802308  0.656611  0.823803  0.984899  0.917753  0.786702  0.751600  0.865015 
35  0.651626  0.606825  0.703427  0.535092  0.565945  0.524374  0.737316  0.751997  0.397751  0.653418  0.829585  0.465379  0.618343  0.710103  0.534657  0.817153  0.490445  0.685149  0.335433  0.720677  0.706721  0.641973  0.702513  0.732137  0.720080  0.534680  0.698574  0.523279  0.585525  0.559154  0.716271  0.287940  0.847852  0.661934  0.760576 0.0  0.552474  0.653853  0.571882  0.601187  0.522506  0.622963  0.668274  0.744176 
36  0.796680  0.556638  0.603865  0.625396  0.889252  0.844596  0.684136  0.806631  0.749860  0.582373  0.882043  0.747003  0.527413  0.832109  0.766813  0.670712  0.630829  0.796934  0.744868  0.696382  0.803571  0.895218  0.621164  0.708953  0.596162  0.543718  0.584646  0.661859  0.670308  0.741144  0.712914  0.882514  0.783950  0.793741  0.802308  0.552474 0.0  0.646095  0.807683  0.564018  0.745522  0.421600  0.649846  0.461200 
37  0.782519  0.476260  0.602795  0.607277  0.850855  0.746884  0.695386  0.602926  0.719234  0.662235  1.000000  0.802854  0.599244  0.771802  0.833909  0.706535  0.623157  0.726231  0.857395  0.394693  0.825773  0.588380  0.472315  0.762486  0.773453  0.582292  0.653839  0.537527  0.644000  0.854868  0.631270  0.882991  0.803145  0.830926  0.656611  0.653853  0.646095 0.0  0.842437  0.705364  0.739221  0.649006  0.545587  0.566148 
38  0.525522  0.812768  0.753507  0.597580  0.398985  0.483774  0.506524  0.816720  0.546773  0.937143  0.726096  0.690116  0.801837  0.363907  0.348845  0.838988  0.638001  0.494688  0.545653  0.817990  0.265550  0.647639  0.854802  0.607584  0.662317  0.733730  0.894369  0.752305  0.686521  0.612192  0.730451  0.674223  0.748152  0.426628  0.823803  0.571882  0.807683  0.842437 0.0  0.595496  0.564779  0.731149  0.827537  0.725807 
39  0.690152  0.640507  0.805319  0.458251  0.554440  0.707020  0.450952  0.835374  0.630803  0.646339  0.887121  0.610399  0.585401  0.579338  0.537943  0.659661  0.429853  0.608579  0.616811  0.725937  0.510236  0.825906  0.668987  0.880319  0.903842  0.413291  0.665979  0.742144  0.660370  0.695657  0.666974  0.751653  0.826880  0.572416  0.984899  0.601187  0.564018  0.705364  0.595496 0.0  0.728405  0.672157  0.665225  0.598427 
40  0.446394  0.703401  0.779826  0.567366  0.604664  0.380993  0.688428  0.682055  0.514809  0.757911  0.710989  0.477431  0.648548  0.539851  0.488273  0.885252  0.632105  0.563733  0.471443  0.815794  0.617578  0.701557  0.803140  0.572777  0.670360  0.583636  0.865852  0.664663  0.679332  0.559357  0.735758  0.642829  0.856243  0.540289  0.917753  0.522506  0.745522  0.739221  0.564779  0.728405 0.0  0.709304  0.820967  0.747505 
41  0.803506  0.618834  0.588079  0.703694  0.791063  0.825259  0.605308  0.966510  0.868636  0.462895  0.854185  0.762272  0.552482  0.933170  0.796845  0.560880  0.562215  0.728725  0.853321  0.737692  0.832600  0.915296  0.593900  0.749083  0.654741  0.610853  0.434777  0.669723  0.643257  0.820307  0.608632  0.835460  0.853818  0.911931  0.786702  0.622963  0.421600  0.649006  0.731149  0.672157  0.709304 0.0  0.418532  0.509475 
42  0.921251  0.611840  0.513301  0.629861  0.871957  0.726576  0.629883  0.684145  0.830284  0.474592  0.896125  0.670244  0.593430  0.796184  0.794802  0.441708  0.521685  0.822168  0.760820  0.534944  0.785559  0.835753  0.757738  0.705763  0.706276  0.601368  0.504303  0.692147  0.516861  0.854384  0.635831  0.891592  0.761693  0.688441  0.751600  0.668274  0.649846  0.545587  0.827537  0.665225  0.820967  0.418532 0.0  0.600514 
43  0.901672  0.554479  0.650550  0.587875  0.942028  0.677877  0.701364  0.775470  0.818717  0.624641  0.778986  0.589018  0.628111  0.845650  0.760415  0.633318  0.546677  0.736480  0.803857  0.564774  0.797839  0.865347  0.720476  0.764696  0.648096  0.585467  0.570053  0.685566  0.720392  0.761061  0.671625  0.799238  0.815594  0.719510  0.865015  0.744176  0.461200  0.566148  0.725807  0.598427  0.747505  0.509475  0.600514 0.0 
