44
0 0.0  0.788300  0.345201  0.873003  0.805208  0.711801  0.737783  0.688368  0.707426  0.494953  0.724651  0.586039  0.691731  0.374485  0.688810  0.638408  0.724175  0.806722  0.607278  0.587897  0.677697  0.808120  0.638646  0.552023  0.731897  0.760752  0.456145  0.740396  0.789423  0.618178  0.874967  0.839684  0.785217  0.864187  0.745088  0.839170  0.455848  0.592356  0.667996  0.629232  0.719670  0.586904  0.528447  0.708580 
1  0.788300 0.0  0.778239  0.267632  0.677305  0.734690  0.637440  0.689219  0.721401  0.740173  0.808877  0.801497  0.591853  0.715887  0.687669  0.670517  0.803883  0.636166  0.572107  0.783585  0.618516  0.646888  0.723332  0.812370  0.292675  0.745602  0.741330  0.687436  0.685052  0.636494  0.591159  0.719161  0.631363  0.642518  0.702891  0.719668  0.701351  0.733115  0.790634  0.732300  0.646264  0.550069  0.804998  0.776055 
2  0.345201  0.778239 0.0  0.806497  0.825801  0.631991  0.777657  0.506909  0.723822  0.635876  0.690056  0.664358  0.635838  0.400573  0.572390  0.651677  0.741152  0.958212  0.611189  0.563396  0.834824  0.837575  0.606313  0.701658  0.723970  0.752092  0.576323  0.747574  0.899144  0.534737  0.784625  0.858871  0.873995  0.910834  0.673361  0.746989  0.622562  0.616953  0.684222  0.765041  0.759529  0.664384  0.516330  0.606812 
3  0.873003  0.267632  0.806497 0.0  0.709934  0.771293  0.800314  1.000000  0.594866  0.803078  0.813364  0.889249  0.620733  0.677257  0.713661  0.586179  0.653148  0.724614  0.620293  0.853631  0.621934  0.696983  0.840732  0.777968  0.272239  0.679497  0.681536  0.668051  0.724026  0.677519  0.702466  0.643865  0.784995  0.787261  0.777873  0.694823  0.730232  0.768652  0.799602  0.826663  0.597374  0.560041  0.654069  0.725047 
4  0.805208  0.677305  0.825801  0.709934 0.0  0.651003  0.544095  0.889638  0.816581  0.817487  0.780722  0.605686  0.390916  0.705305  0.680756  0.854942  0.796034  0.373495  0.722454  0.801013  0.498284  0.523861  0.852201  0.530753  0.702759  0.490964  0.833841  0.508315  0.511281  0.795910  0.431837  0.491883  0.706285  0.550492  0.572563  0.496821  0.813570  0.790822  0.818411  0.469730  0.856293  0.671196  0.839827  0.571834 
5  0.711801  0.734690  0.631991  0.771293  0.651003 0.0  0.838982  0.790766  0.631068  0.748493  0.734636  0.415194  0.480924  0.606853  0.454465  0.753445  0.767455  0.735626  0.589254  0.648706  0.696787  0.541659  0.665920  0.517316  0.643010  0.668952  0.631601  0.703712  0.729831  0.586688  0.648286  0.583147  0.673027  0.844791  0.590981  0.654605  0.700044  0.577631  0.842829  0.713657  0.774322  0.590732  0.621206  0.760243 
6  0.737783  0.637440  0.777657  0.800314  0.544095  0.838982 0.0  0.824642  0.626020  0.851833  0.533498  0.740337  0.517438  0.722741  0.726463  0.664872  0.706854  0.621414  0.570784  0.593630  0.619048  0.553411  0.703817  0.773625  0.747665  0.733379  0.764295  0.557615  0.592589  0.732213  0.693981  0.680663  0.732276  0.790602  0.638190  0.522360  0.927839  0.786103  0.864125  0.738245  0.527745  0.753032  0.579214  0.469499 
7  0.688368  0.689219  0.506909  1.000000  0.889638  0.790766  0.824642 0.0  0.673159  0.406290  0.892548  0.639783  0.705033  0.515890  0.707548  0.604094  0.693122  0.790612  0.623905  0.795353  0.794627  0.701346  0.728207  0.788836  0.638000  0.702330  0.403691  0.751295  0.869221  0.504733  0.918820  0.785243  0.786399  0.860677  0.711333  0.782133  0.399989  0.609085  0.621911  0.568136  0.807133  0.565599  0.586913  0.798874 
8  0.707426  0.721401  0.723822  0.594866  0.816581  0.631068  0.626020  0.673159 0.0  0.645403  0.633862  0.752963  0.765799  0.629609  0.649156  0.589102  0.786449  0.673754  0.557002  0.463722  0.771123  0.786495  0.522261  0.727284  0.759493  0.734705  0.644850  0.732671  0.830801  0.603397  0.837605  0.950530  0.492149  0.837318  0.743403  0.915355  0.549138  0.520202  0.861668  0.708457  0.453823  0.620396  0.400838  0.791441 
9  0.494953  0.740173  0.635876  0.803078  0.817487  0.748493  0.851833  0.406290  0.645403 0.0  0.924102  0.787253  0.840542  0.388487  0.564496  0.721618  0.770223  0.729588  0.604138  0.618362  0.747563  0.817976  0.686462  0.772154  0.636553  0.820472  0.443683  0.704474  0.841545  0.534187  0.827203  0.806677  0.754320  0.706810  0.737985  0.912483  0.372402  0.595568  0.499522  0.736724  0.794538  0.707674  0.682245  0.814543 
10  0.724651  0.808877  0.690056  0.813364  0.780722  0.734636  0.533498  0.892548  0.633862  0.924102 0.0  0.712595  0.635405  0.845395  0.848547  0.541671  0.775865  0.782076  0.789437  0.604004  0.825626  0.788700  0.660757  0.757387  0.668789  0.708669  0.783549  0.781429  0.896397  0.712505  0.883806  0.813227  0.553686  0.744794  0.803385  0.766097  0.802533  0.785620  0.713361  0.798727  0.587861  0.693571  0.644972  0.732797 
11  0.586039  0.801497  0.664358  0.889249  0.605686  0.415194  0.740337  0.639783  0.752963  0.787253  0.712595 0.0  0.418712  0.691508  0.464773  0.769838  0.744423  0.570408  0.560286  0.701200  0.647210  0.669041  0.751136  0.489035  0.582937  0.553902  0.649231  0.698819  0.673301  0.636625  0.573966  0.514529  0.898624  0.843348  0.464881  0.682409  0.627008  0.676288  0.890570  0.570469  0.786470  0.563422  0.596833  0.624369 
12  0.691731  0.591853  0.635838  0.620733  0.390916  0.480924  0.517438  0.705033  0.765799  0.840542  0.635405  0.418712 0.0  0.684114  0.558425  0.690289  0.706255  0.481294  0.830551  0.618983  0.620962  0.425176  0.819346  0.472203  0.619853  0.513108  0.754578  0.445775  0.390609  0.705229  0.487343  0.513164  0.805326  0.830658  0.550991  0.428376  0.651336  0.916481  0.879163  0.637325  0.804012  0.715624  0.636305  0.494369 
13  0.374485  0.715887  0.400573  0.677257  0.705305  0.606853  0.722741  0.515890  0.629609  0.388487  0.845395  0.691508  0.684114 0.0  0.656328  0.679342  0.688581  0.788905  0.671733  0.707069  0.735976  0.854017  0.783856  0.670852  0.697253  0.781329  0.381423  0.791558  0.902950  0.529052  0.827046  0.789505  0.726085  0.831849  0.656829  0.724810  0.428391  0.548487  0.471684  0.778395  0.768439  0.469540  0.608038  0.795474 
14  0.688810  0.687669  0.572390  0.713661  0.680756  0.454465  0.726463  0.707548  0.649156  0.564496  0.848547  0.464773  0.558425  0.656328 0.0  0.685862  0.737396  0.625829  0.519905  0.754396  0.687162  0.610948  0.674352  0.523738  0.661556  0.673662  0.564990  0.642411  0.706525  0.534377  0.629666  0.408694  0.731941  0.801687  0.369604  0.690233  0.690186  0.539238  0.700671  0.542355  0.847487  0.614328  0.678209  0.703685 
15  0.638408  0.670517  0.651677  0.586179  0.854942  0.753445  0.664872  0.604094  0.589102  0.721618  0.541671  0.769838  0.690289  0.679342  0.685862 0.0  0.732942  0.856252  0.651245  0.431887  0.757827  0.867490  0.481430  0.723266  0.524043  0.710243  0.666316  0.840200  0.701432  0.465669  0.790023  0.909461  0.644028  0.815623  0.729466  0.922977  0.664487  0.632634  0.762960  0.727403  0.626682  0.525041  0.489423  0.887308 
16  0.724175  0.803883  0.741152  0.653148  0.796034  0.767455  0.706854  0.693122  0.786449  0.770223  0.775865  0.744423  0.706255  0.688581  0.737396  0.732942 0.0  0.703017  0.686974  0.814807  0.742430  0.819616  0.896538  0.817771  0.787489  0.850847  0.707542  0.856584  0.802107  0.708026  0.786934  0.729894  0.764405  0.487360  0.750140  0.982872  0.793941  0.864087  0.763671  0.649412  0.862867  0.563505  0.820134  0.881397 
17  0.806722  0.636166  0.958212  0.724614  0.373495  0.735626  0.621414  0.790612  0.673754  0.729588  0.782076  0.570408  0.481294  0.788905  0.625829  0.856252  0.703017 0.0  0.714979  0.747538  0.555964  0.460443  0.926324  0.639631  0.687851  0.394852  0.740852  0.670179  0.356745  0.821983  0.577465  0.423344  0.851689  0.684265  0.662773  0.598065  0.749775  0.840935  0.865613  0.520304  0.982516  0.748747  0.903818  0.657868 
18  0.607278  0.572107  0.611189  0.620293  0.722454  0.589254  0.570784  0.623905  0.557002  0.604138  0.789437  0.560286  0.830551  0.671733  0.519905  0.651245  0.686974  0.714979 0.0  0.644049  0.812465  0.745519  0.635520  0.565088  0.623005  0.759752  0.542204  0.790224  0.761933  0.457554  0.702017  0.751652  0.652365  0.854134  0.597909  0.791385  0.601378  0.569682  0.759652  0.654955  0.772890  0.401967  0.610632  0.778010 
19  0.587897  0.783585  0.563396  0.853631  0.801013  0.648706  0.593630  0.795353  0.463722  0.618362  0.604004  0.701200  0.618983  0.707069  0.754396  0.431887  0.814807  0.747538  0.644049 0.0  0.690777  0.809040  0.438654  0.630428  0.625497  0.727388  0.694096  0.906192  0.837465  0.655948  0.826871  0.690243  0.579359  0.842527  0.558855  0.736674  0.765964  0.480346  0.822102  0.645379  0.554659  0.659165  0.339190  0.731189 
20  0.677697  0.618516  0.834824  0.621934  0.498284  0.696787  0.619048  0.794627  0.771123  0.747563  0.825626  0.647210  0.620962  0.735976  0.687162  0.757827  0.742430  0.555964  0.812465  0.690777 0.0  0.612222  0.841060  0.834978  0.630164  0.738634  0.702431  0.587800  0.622432  0.736501  0.621470  0.613400  0.745103  0.584696  0.716334  0.319598  0.770060  0.871679  0.817457  0.666815  0.833627  0.782231  0.738067  0.503856 
21  0.808120  0.646888  0.837575  0.696983  0.523861  0.541659  0.553411  0.701346  0.786495  0.817976  0.788700  0.669041  0.425176  0.854017  0.610948  0.867490  0.819616  0.460443  0.745519  0.809040  0.612222 0.0  0.848457  0.493939  0.711888  0.591585  0.837339  0.533621  0.553788  0.721496  0.482746  0.597369  0.720279  0.735774  0.550932  0.527186  0.849667  0.814982  0.816349  0.656449  0.898332  0.780071  0.747082  0.484202 
22  0.638646  0.723332  0.606313  0.840732  0.852201  0.665920  0.703817  0.728207  0.522261  0.686462  0.660757  0.751136  0.819346  0.783856  0.674352  0.481430  0.896538  0.926324  0.635520  0.438654  0.841060  0.848457 0.0  0.792885  0.753005  0.682739  0.686514  0.876059  0.930761  0.581985  0.723057  0.859236  0.649261  0.858473  0.576826  0.805083  0.735829  0.631384  0.845601  0.561284  0.543753  0.495846  0.526447  0.840425 
23  0.552023  0.812370  0.701658  0.777968  0.530753  0.517316  0.773625  0.788836  0.727284  0.772154  0.757387  0.489035  0.472203  0.670852  0.523738  0.723266  0.817771  0.639631  0.565088  0.630428  0.834978  0.493939  0.792885 0.0  0.604088  0.426828  0.695013  0.664349  0.701790  0.587829  0.685212  0.604099  0.871801  0.890981  0.367729  0.702254  0.704235  0.644041  0.846856  0.501874  0.914097  0.762097  0.634947  0.727105 
24  0.731897  0.292675  0.723970  0.272239  0.702759  0.643010  0.747665  0.638000  0.759493  0.636553  0.668789  0.582937  0.619853  0.697253  0.661556  0.524043  0.787489  0.687851  0.623005  0.625497  0.630164  0.711888  0.753005  0.604088 0.0  0.707478  0.643644  0.821773  0.700509  0.581698  0.689070  0.790302  0.723384  0.768509  0.763066  0.616263  0.675353  0.552868  0.753834  0.745547  0.732812  0.541195  0.723584  0.725208 
25  0.760752  0.745602  0.752092  0.679497  0.490964  0.668952  0.733379  0.702330  0.734705  0.820472  0.708669  0.553902  0.513108  0.781329  0.673662  0.710243  0.850847  0.394852  0.759752  0.727388  0.738634  0.591585  0.682739  0.426828  0.707478 0.0  0.763864  0.561721  0.425031  0.546869  0.483301  0.559938  0.804812  0.797597  0.531372  0.673758  0.712402  0.714198  0.875402  0.404664  0.740971  0.665164  0.762133  0.740505 
26  0.456145  0.741330  0.576323  0.681536  0.833841  0.631601  0.764295  0.403691  0.644850  0.443683  0.783549  0.649231  0.754578  0.381423  0.564990  0.666316  0.707542  0.740852  0.542204  0.694096  0.702431  0.837339  0.686514  0.695013  0.643644  0.763864 0.0  0.841538  0.776470  0.548046  0.803823  0.748841  0.816833  0.835419  0.745918  0.802499  0.392907  0.715327  0.514888  0.674116  0.756357  0.639884  0.716682  0.865491 
27  0.740396  0.687436  0.747574  0.668051  0.508315  0.703712  0.557615  0.751295  0.732671  0.704474  0.781429  0.698819  0.445775  0.791558  0.642411  0.840200  0.856584  0.670179  0.790224  0.906192  0.587800  0.533621  0.876059  0.664349  0.821773  0.561721  0.841538 0.0  0.614852  0.754796  0.584680  0.508411  0.808700  0.740481  0.616677  0.391248  0.800144  0.743090  0.889954  0.659172  0.898655  0.800471  0.737552  0.454633 
28  0.789423  0.685052  0.899144  0.724026  0.511281  0.729831  0.592589  0.869221  0.830801  0.841545  0.896397  0.673301  0.390609  0.902950  0.706525  0.701432  0.802107  0.356745  0.761933  0.837465  0.622432  0.553788  0.930761  0.701790  0.700509  0.425031  0.776470  0.614852 0.0  0.680191  0.434059  0.357933  0.727378  0.665769  0.640628  0.494712  0.791464  0.676831  0.841639  0.486507  0.832466  0.665993  0.718109  0.623975 
29  0.618178  0.636494  0.534737  0.677519  0.795910  0.586688  0.732213  0.504733  0.603397  0.534187  0.712505  0.636625  0.705229  0.529052  0.534377  0.465669  0.708026  0.821983  0.457554  0.655948  0.736501  0.721496  0.581985  0.587829  0.581698  0.546869  0.548046  0.754796  0.680191 0.0  0.669473  0.846263  0.637373  0.797368  0.646980  0.806985  0.573539  0.419823  0.857197  0.621731  0.541440  0.483771  0.488778  0.767609 
30  0.874967  0.591159  0.784625  0.702466  0.431837  0.648286  0.693981  0.918820  0.837605  0.827203  0.883806  0.573966  0.487343  0.827046  0.629666  0.790023  0.786934  0.577465  0.702017  0.826871  0.621470  0.482746  0.723057  0.685212  0.689070  0.483301  0.803823  0.584680  0.434059  0.669473 0.0  0.536047  0.855279  0.737714  0.653327  0.663461  0.847653  0.781220  0.764058  0.573526  0.738614  0.748599  0.722797  0.645859 
31  0.839684  0.719161  0.858871  0.643865  0.491883  0.583147  0.680663  0.785243  0.950530  0.806677  0.813227  0.514529  0.513164  0.789505  0.408694  0.909461  0.729894  0.423344  0.751652  0.690243  0.613400  0.597369  0.859236  0.604099  0.790302  0.559938  0.748841  0.508411  0.357933  0.846263  0.536047 0.0  0.860285  0.693548  0.534603  0.613935  0.620793  0.764120  0.755598  0.564479  0.766223  0.733404  0.851732  0.664184 
32  0.785217  0.631363  0.873995  0.784995  0.706285  0.673027  0.732276  0.786399  0.492149  0.754320  0.553686  0.898624  0.805326  0.726085  0.731941  0.644028  0.764405  0.851689  0.652365  0.579359  0.745103  0.720279  0.649261  0.871801  0.723384  0.804812  0.816833  0.808700  0.727378  0.637373  0.855279  0.860285 0.0  0.861691  0.795223  0.942516  0.718768  0.693927  0.677766  0.887368  0.355609  0.806057  0.568291  0.787924 
33  0.864187  0.642518  0.910834  0.787261  0.550492  0.844791  0.790602  0.860677  0.837318  0.706810  0.744794  0.843348  0.830658  0.831849  0.801687  0.815623  0.487360  0.684265  0.854134  0.842527  0.584696  0.735774  0.858473  0.890981  0.768509  0.797597  0.835419  0.740481  0.665769  0.797368  0.737714  0.693548  0.861691 0.0  0.778094  0.664517  0.673303  0.820154  0.681239  0.785845  0.842857  0.734868  0.718146  0.728682 
34  0.745088  0.702891  0.673361  0.777873  0.572563  0.590981  0.638190  0.711333  0.743403  0.737985  0.803385  0.464881  0.550991  0.656829  0.369604  0.729466  0.750140  0.662773  0.597909  0.558855  0.716334  0.550932  0.576826  0.367729  0.763066  0.531372  0.745918  0.616677  0.640628  0.646980  0.653327  0.534603  0.795223  0.778094 0.0  0.535129  0.668634  0.701039  0.754127  0.527291  0.929916  0.633005  0.713697  0.603361 
35  0.839170  0.719668  0.746989  0.694823  0.496821  0.654605  0.522360  0.782133  0.915355  0.912483  0.766097  0.682409  0.428376  0.724810  0.690233  0.922977  0.982872  0.598065  0.791385  0.736674  0.319598  0.527186  0.805083  0.702254  0.616263  0.673758  0.802499  0.391248  0.494712  0.806985  0.663461  0.613935  0.942516  0.664517  0.535129 0.0  0.830688  0.784292  0.804276  0.843840  0.739931  0.711075  0.691651  0.422374 
36  0.455848  0.701351  0.622562  0.730232  0.813570  0.700044  0.927839  0.399989  0.549138  0.372402  0.802533  0.627008  0.651336  0.428391  0.690186  0.664487  0.793941  0.749775  0.601378  0.765964  0.770060  0.849667  0.735829  0.704235  0.675353  0.712402  0.392907  0.800144  0.791464  0.573539  0.847653  0.620793  0.718768  0.673303  0.668634  0.830688 0.0  0.552431  0.484568  0.606121  0.837117  0.509854  0.681292  0.864724 
37  0.592356  0.733115  0.616953  0.768652  0.790822  0.577631  0.786103  0.609085  0.520202  0.595568  0.785620  0.676288  0.916481  0.548487  0.539238  0.632634  0.864087  0.840935  0.569682  0.480346  0.871679  0.814982  0.631384  0.644041  0.552868  0.714198  0.715327  0.743090  0.676831  0.419823  0.781220  0.764120  0.693927  0.820154  0.701039  0.784292  0.552431 0.0  0.712450  0.722588  0.655998  0.644812  0.553347  0.810838 
38  0.667996  0.790634  0.684222  0.799602  0.818411  0.842829  0.864125  0.621911  0.861668  0.499522  0.713361  0.890570  0.879163  0.471684  0.700671  0.762960  0.763671  0.865613  0.759652  0.822102  0.817457  0.816349  0.845601  0.846856  0.753834  0.875402  0.514888  0.889954  0.841639  0.857197  0.764058  0.755598  0.677766  0.681239  0.754127  0.804276  0.484568  0.712450 0.0  0.612662  0.691326  0.688337  0.896126  0.815915 
39  0.629232  0.732300  0.765041  0.826663  0.469730  0.713657  0.738245  0.568136  0.708457  0.736724  0.798727  0.570469  0.637325  0.778395  0.542355  0.727403  0.649412  0.520304  0.654955  0.645379  0.666815  0.656449  0.561284  0.501874  0.745547  0.404664  0.674116  0.659172  0.486507  0.621731  0.573526  0.564479  0.887368  0.785845  0.527291  0.843840  0.606121  0.722588  0.612662 0.0  0.936595  0.661333  0.568883  0.683233 
40  0.719670  0.646264  0.759529  0.597374  0.856293  0.774322  0.527745  0.807133  0.453823  0.794538  0.587861  0.786470  0.804012  0.768439  0.847487  0.626682  0.862867  0.982516  0.772890  0.554659  0.833627  0.898332  0.543753  0.914097  0.732812  0.740971  0.756357  0.898655  0.832466  0.541440  0.738614  0.766223  0.355609  0.842857  0.929916  0.739931  0.837117  0.655998  0.691326  0.936595 0.0  0.757777  0.556263  0.783345 
41  0.586904  0.550069  0.664384  0.560041  0.671196  0.590732  0.753032  0.565599  0.620396  0.707674  0.693571  0.563422  0.715624  0.469540  0.614328  0.525041  0.563505  0.748747  0.401967  0.659165  0.782231  0.780071  0.495846  0.762097  0.541195  0.665164  0.639884  0.800471  0.665993  0.483771  0.748599  0.733404  0.806057  0.734868  0.633005  0.711075  0.509854  0.644812  0.688337  0.661333  0.757777 0.0  0.684574  0.673045 
42  0.528447  0.804998  0.516330  0.654069  0.839827  0.621206  0.579214  0.586913  0.400838  0.682245  0.644972  0.596833  0.636305  0.608038  0.678209  0.489423  0.820134  0.903818  0.610632  0.339190  0.738067  0.747082  0.526447  0.634947  0.723584  0.762133  0.716682  0.737552  0.718109  0.488778  0.722797  0.851732  0.568291  0.718146  0.713697  0.691651  0.681292  0.553347  0.896126  0.568883  0.556263  0.684574 0.0  0.747360 
43  0.708580  0.776055  0.606812  0.725047  0.571834  0.760243  0.469499  0.798874  0.791441  0.814543  0.732797  0.624369  0.494369  0.795474  0.703685  0.887308  0.881397  0.657868  0.778010  0.731189  0.503856  0.484202  0.840425  0.727105  0.725208  0.740505  0.865491  0.454633  0.623975  0.767609  0.645859  0.664184  0.787924  0.728682  0.603361  0.422374  0.864724  0.810838  0.815915  0.683233  0.783345  0.673045  0.747360 0.0 
