44
0 0.0  0.622714  0.560486  0.750329  0.618724  0.712055  0.785867  0.454496  0.769807  0.737824  0.724543  0.675968  0.797227  0.464463  0.497741  0.690994  0.887309  0.646349  0.640314  0.520050  0.737074  0.761910  0.567865  0.569616  0.528872  0.761939  0.543329  0.599533  0.765754  0.383985  0.628665  0.624629  0.644315  0.710158  0.550308  0.809459  0.651367  0.701389  0.791156  0.644386  0.708883  0.575825  0.696857  0.826065 
1  0.622714 0.0  0.664701  0.655349  0.664639  0.785142  0.708436  0.495757  0.704903  0.671704  0.653719  0.616466  0.742912  0.652532  0.555160  0.663423  0.798621  0.575215  0.679236  0.678989  0.775014  0.846095  0.634263  0.621560  0.426237  0.798238  0.583362  0.824528  0.694304  0.727419  0.410920  0.727618  0.832515  0.777679  0.410497  0.776575  0.634870  0.363196  0.464658  0.822251  0.742819  0.846282  0.525336  0.687071 
2  0.560486  0.664701 0.0  0.787624  0.499903  0.676718  0.910955  0.727172  0.760991  0.666234  0.634339  0.647720  0.742894  0.657051  0.570791  0.632754  0.774672  0.627859  0.651995  0.546925  0.743242  0.781143  0.673402  0.572103  0.569391  0.823850  0.677695  0.570303  0.654312  0.736004  0.603310  0.720036  0.736806  0.693350  0.589631  0.755001  0.722402  0.632348  0.724123  0.681167  0.745316  0.582555  0.795230  0.816561 
3  0.750329  0.655349  0.787624 0.0  0.565825  0.626852  0.769951  0.597273  0.696051  0.540648  0.667529  0.608024  0.834674  0.603668  0.624579  0.727681  0.682108  0.480819  0.605197  0.659936  0.662822  0.847309  0.481956  0.591266  0.584006  0.686111  0.638301  0.680046  0.632913  0.797593  0.627335  0.670383  0.732242  0.635279  0.612667  0.789853  0.549788  0.594719  0.764384  0.875637  0.684117  0.753736  0.536329  0.691764 
4  0.618724  0.664639  0.499903  0.565825 0.0  0.703517  0.869725  0.482513  0.887167  0.706043  0.671790  0.647447  0.840083  0.456866  0.417376  0.753260  0.811772  0.596575  0.681155  0.422979  0.564435  0.815578  0.640670  0.710092  0.658952  0.776731  0.622255  0.537500  0.752480  0.697303  0.702725  0.656755  0.571274  0.697249  0.703473  0.777774  0.708594  0.604426  0.767920  0.709018  0.671011  0.558658  0.803516  0.736186 
5  0.712055  0.785142  0.676718  0.626852  0.703517 0.0  0.676000  0.728608  0.366810  0.510682  0.490566  0.591777  0.510584  0.795170  0.741933  0.579220  0.347413  0.759289  0.472595  0.756926  0.760364  0.453508  0.673638  0.631147  0.827453  0.558660  0.554620  0.839370  0.637604  0.671516  0.790692  0.390536  0.888111  0.650692  0.743058  0.351696  0.584495  0.825457  0.794999  0.583617  0.433700  0.722322  0.662412  0.589492 
6  0.785867  0.708436  0.910955  0.769951  0.869725  0.676000 0.0  0.796189  0.480100  0.787654  0.737934  0.861146  0.601588  0.807808  0.668201  0.629661  0.682930  0.667444  0.791273  0.795589  0.793727  0.753046  0.802667  0.829046  0.700855  0.815970  0.768279  0.806467  0.797798  0.786106  0.792724  0.719693  0.775551  0.745353  0.788567  0.629199  0.814063  0.663770  0.674254  0.687842  0.752301  0.663722  0.661850  0.601868 
7  0.454496  0.495757  0.727172  0.597273  0.482513  0.728608  0.796189 0.0  0.755468  0.596319  0.649462  0.816122  0.820140  0.536419  0.566040  0.741408  0.679900  0.760983  0.666158  0.593628  0.854492  0.738219  0.479460  0.624749  0.603590  0.639145  0.551074  0.630923  0.724967  0.510506  0.520342  0.787173  0.751615  0.691870  0.585589  0.698733  0.713650  0.752958  0.751362  0.731960  0.771397  0.624488  0.674497  0.730517 
8  0.769807  0.704903  0.760991  0.696051  0.887167  0.366810  0.480100  0.755468 0.0  0.606923  0.516075  0.533792  0.372928  0.836075  0.768291  0.444696  0.489929  0.698681  0.489463  0.717893  0.821551  0.406998  0.754059  0.792009  0.624444  0.552784  0.578757  0.806764  0.675381  0.702078  0.665664  0.437011  0.897213  0.609448  0.785839  0.456509  0.654638  0.795409  0.754292  0.450759  0.428031  0.682602  0.574894  0.718059 
9  0.737824  0.671704  0.666234  0.540648  0.706043  0.510682  0.787654  0.596319  0.606923 0.0  0.453398  0.373495  0.589089  0.644924  0.630037  0.643042  0.603302  0.621918  0.377508  0.572766  0.692857  0.626765  0.522823  0.588670  0.662988  0.601205  0.361167  0.757522  0.659120  0.784088  0.581614  0.589633  0.787662  0.502754  0.708512  0.665280  0.541881  0.636809  0.803751  0.613938  0.475780  0.760711  0.767596  0.634223 
10  0.724543  0.653719  0.634339  0.667529  0.671790  0.490566  0.737934  0.649462  0.516075  0.453398 0.0  0.503978  0.441778  0.795294  0.728622  0.761755  0.429164  0.631582  0.477942  0.646283  0.803213  0.541824  0.695871  0.659917  0.573441  0.722601  0.525986  0.846081  0.686995  0.756536  0.745232  0.508230  0.843523  0.696278  0.614207  0.560469  0.574333  0.673564  0.662187  0.754224  0.573426  0.793144  0.815380  0.824536 
11  0.675968  0.616466  0.647720  0.608024  0.647447  0.591777  0.861146  0.816122  0.533792  0.373495  0.503978 0.0  0.651535  0.652782  0.649683  0.617635  0.592266  0.649679  0.382227  0.550311  0.778398  0.536738  0.549128  0.592878  0.501028  0.696657  0.424893  0.680350  0.528431  0.806503  0.627043  0.516732  0.814949  0.661542  0.643948  0.625760  0.312783  0.698639  0.846741  0.667216  0.490227  0.757191  0.809115  0.628211 
12  0.797227  0.742912  0.742894  0.834674  0.840083  0.510584  0.601588  0.820140  0.372928  0.589089  0.441778  0.651535 0.0  0.810464  0.793877  0.555808  0.504473  0.730759  0.609058  0.835971  0.822801  0.364969  0.745555  0.930907  0.814614  0.645084  0.504955  0.830389  0.688736  0.836666  0.898942  0.437104  0.811817  0.670401  0.740736  0.375903  0.560064  0.737909  0.785668  0.629119  0.540521  0.625875  0.517847  0.595390 
13  0.464463  0.652532  0.657051  0.603668  0.456866  0.795170  0.807808  0.536419  0.836075  0.644924  0.795294  0.652782  0.810464 0.0  0.363849  0.753381  0.835576  0.587356  0.619695  0.229893  0.658551  0.702190  0.588641  0.684713  0.587423  0.817003  0.705313  0.427301  0.747708  0.597565  0.586393  0.729943  0.453221  0.715568  0.582031  0.872035  0.656180  0.708058  0.706013  0.710123  0.647915  0.501756  0.715641  0.608853 
14  0.497741  0.555160  0.570791  0.624579  0.417376  0.741933  0.668201  0.566040  0.768291  0.630037  0.728622  0.649683  0.793877  0.363849 0.0  0.767535  0.830834  0.708538  0.630642  0.372533  0.711036  0.614158  0.601162  0.625949  0.593774  0.773247  0.559117  0.452296  0.694379  0.660769  0.655676  0.661491  0.450441  0.743167  0.647374  0.796551  0.612904  0.655489  0.795529  0.722310  0.704544  0.475578  0.659268  0.573455 
15  0.690994  0.663423  0.632754  0.727681  0.753260  0.579220  0.629661  0.741408  0.444696  0.643042  0.761755  0.617635  0.555808  0.753381  0.767535 0.0  0.567923  0.851251  0.609029  0.710641  0.814707  0.471316  0.664582  0.756222  0.653488  0.463352  0.603109  0.753577  0.482634  0.536897  0.799471  0.639921  0.726337  0.470450  0.717051  0.588313  0.651735  0.749419  0.745715  0.406216  0.572701  0.579827  0.654842  0.530453 
16  0.887309  0.798621  0.774672  0.682108  0.811772  0.347413  0.682930  0.679900  0.489929  0.603302  0.429164  0.592266  0.504473  0.835576  0.830834  0.567923 0.0  0.692610  0.479582  0.766665  0.767205  0.551870  0.591031  0.790707  0.796505  0.585958  0.517506  0.796355  0.575753  0.675828  0.709113  0.387739  0.780521  0.582721  0.861524  0.474668  0.517773  0.768753  0.913522  0.626454  0.360944  0.652129  0.637947  0.567599 
17  0.646349  0.575215  0.627859  0.480819  0.596575  0.759289  0.667444  0.760983  0.698681  0.621918  0.631582  0.649679  0.730759  0.587356  0.708538  0.851251  0.692610 0.0  0.562884  0.562875  0.666016  0.737005  0.626453  0.519242  0.617537  0.649762  0.646612  0.765959  0.663713  0.732770  0.561162  0.606945  0.759713  0.724699  0.592308  0.810003  0.640863  0.595504  0.668316  0.847231  0.608743  0.777393  0.629764  0.837804 
18  0.640314  0.679236  0.651995  0.605197  0.681155  0.472595  0.791273  0.666158  0.489463  0.377508  0.477942  0.382227  0.609058  0.619695  0.630642  0.609029  0.479582  0.562884 0.0  0.712969  0.772672  0.591168  0.539744  0.688239  0.571209  0.701002  0.321346  0.707873  0.527646  0.817079  0.732691  0.451660  0.720939  0.594014  0.601612  0.467726  0.442030  0.660759  0.749580  0.725747  0.634686  0.764986  0.673281  0.557991 
19  0.520050  0.678989  0.546925  0.659936  0.422979  0.756926  0.795589  0.593628  0.717893  0.572766  0.646283  0.550311  0.835971  0.229893  0.372533  0.710641  0.766665  0.562875  0.712969 0.0  0.685501  0.661805  0.628039  0.674958  0.708207  0.807856  0.691241  0.525279  0.720007  0.675528  0.591933  0.710213  0.532021  0.731335  0.605936  0.842202  0.662762  0.683003  0.777349  0.723392  0.723784  0.466903  0.674644  0.553080 
20  0.737074  0.775014  0.743242  0.662822  0.564435  0.760364  0.793727  0.854492  0.821551  0.692857  0.803213  0.778398  0.822801  0.658551  0.711036  0.814707  0.767205  0.666016  0.772672  0.685501 0.0  0.831222  0.634836  0.715526  0.825013  0.782735  0.720003  0.655032  0.620993  0.800334  0.792870  0.780924  0.528403  0.625024  0.867488  0.809249  0.680759  0.675012  0.660452  0.874469  0.679833  0.600834  0.722688  0.562533 
21  0.761910  0.846095  0.781143  0.847309  0.815578  0.453508  0.753046  0.738219  0.406998  0.626765  0.541824  0.536738  0.364969  0.702190  0.614158  0.471316  0.551870  0.737005  0.591168  0.661805  0.831222 0.0  0.823561  0.831324  0.749225  0.646970  0.649843  0.691842  0.687613  0.556823  0.786584  0.608802  0.709684  0.663670  0.810665  0.472194  0.504047  0.814479  0.770183  0.459000  0.449929  0.508998  0.585686  0.766500 
22  0.567865  0.634263  0.673402  0.481956  0.640670  0.673638  0.802667  0.479460  0.754059  0.522823  0.695871  0.549128  0.745555  0.588641  0.601162  0.664582  0.591031  0.626453  0.539744  0.628039  0.634836  0.823561 0.0  0.572218  0.645900  0.574141  0.507844  0.801090  0.562032  0.646591  0.573496  0.703223  0.743224  0.544678  0.571835  0.724796  0.419321  0.682085  0.810879  0.758365  0.673237  0.727628  0.735005  0.510374 
23  0.569616  0.621560  0.572103  0.591266  0.710092  0.631147  0.829046  0.624749  0.792009  0.588670  0.659917  0.592878  0.930907  0.684713  0.625949  0.756222  0.790707  0.519242  0.688239  0.674958  0.715526  0.831324  0.572218 0.0  0.473552  0.692335  0.642463  0.793649  0.543284  0.732169  0.598963  0.808360  0.801419  0.640237  0.414053  0.772849  0.577785  0.443174  0.663539  0.663341  0.636158  0.702321  0.687140  0.686527 
24  0.528872  0.426237  0.569391  0.584006  0.658952  0.827453  0.700855  0.603590  0.624444  0.662988  0.573441  0.501028  0.814614  0.587423  0.593774  0.653488  0.796505  0.617537  0.571209  0.708207  0.825013  0.749225  0.645900  0.473552 0.0  0.705622  0.525036  0.765393  0.769104  0.715134  0.429897  0.714315  0.772645  0.671218  0.431043  0.729796  0.681720  0.342452  0.564817  0.838953  0.723251  0.826806  0.766923  0.759839 
25  0.761939  0.798238  0.823850  0.686111  0.776731  0.558660  0.815970  0.639145  0.552784  0.601205  0.722601  0.696657  0.645084  0.817003  0.773247  0.463352  0.585958  0.649762  0.701002  0.807856  0.782735  0.646970  0.574141  0.692335  0.705622 0.0  0.686683  0.738533  0.477776  0.633505  0.763902  0.596135  1.000000  0.390073  0.784547  0.490947  0.601767  0.861916  0.826682  0.403744  0.463137  0.614841  0.691331  0.615301 
26  0.543329  0.583362  0.677695  0.638301  0.622255  0.554620  0.768279  0.551074  0.578757  0.361167  0.525986  0.424893  0.504955  0.705313  0.559117  0.603109  0.517506  0.646612  0.321346  0.691241  0.720003  0.649843  0.507844  0.642463  0.525036  0.686683 0.0  0.624688  0.618138  0.839858  0.595877  0.662832  0.709122  0.729734  0.533337  0.450753  0.447307  0.538212  0.713752  0.698092  0.531411  0.640998  0.738518  0.747812 
27  0.599533  0.824528  0.570303  0.680046  0.537500  0.839370  0.806467  0.630923  0.806764  0.757522  0.846081  0.680350  0.830389  0.427301  0.452296  0.753577  0.796355  0.765959  0.707873  0.525279  0.655032  0.691842  0.801090  0.793649  0.765393  0.738533  0.624688 0.0  0.751320  0.588004  0.729624  0.650129  0.415761  0.717251  0.670627  0.829534  0.818729  0.769202  0.626233  0.741241  0.753693  0.656048  0.774143  0.620314 
28  0.765754  0.694304  0.654312  0.632913  0.752480  0.637604  0.797798  0.724967  0.675381  0.659120  0.686995  0.528431  0.688736  0.747708  0.694379  0.482634  0.575753  0.663713  0.527646  0.720007  0.620993  0.687613  0.562032  0.543284  0.769104  0.477776  0.618138  0.751320 0.0  0.748905  0.747991  0.591038  0.761630  0.484400  0.794751  0.584878  0.572706  0.726130  0.810912  0.480966  0.470006  0.644189  0.656012  0.525971 
29  0.383985  0.727419  0.736004  0.797593  0.697303  0.671516  0.786106  0.510506  0.702078  0.784088  0.756536  0.806503  0.836666  0.597565  0.660769  0.536897  0.675828  0.732770  0.817079  0.675528  0.800334  0.556823  0.646591  0.732169  0.715134  0.633505  0.839858  0.588004  0.748905 0.0  0.709256  0.681292  0.553941  0.730551  0.669639  0.619117  0.855257  0.698782  0.710233  0.543626  0.503388  0.526390  0.627898  0.695178 
30  0.628665  0.410920  0.603310  0.627335  0.702725  0.790692  0.792724  0.520342  0.665664  0.581614  0.745232  0.627043  0.898942  0.586393  0.655676  0.799471  0.709113  0.561162  0.732691  0.591933  0.792870  0.786584  0.573496  0.598963  0.429897  0.763902  0.595877  0.729624  0.747991  0.709256 0.0  0.703083  0.778062  0.712962  0.383166  0.742490  0.645859  0.365346  0.397620  0.798969  0.625803  0.811016  0.667388  0.667589 
31  0.624629  0.727618  0.720036  0.670383  0.656755  0.390536  0.719693  0.787173  0.437011  0.589633  0.508230  0.516732  0.437104  0.729943  0.661491  0.639921  0.387739  0.606945  0.451660  0.710213  0.780924  0.608802  0.703223  0.808360  0.714315  0.596135  0.662832  0.650129  0.591038  0.681292  0.703083 0.0  0.629000  0.585808  0.667014  0.415693  0.607406  0.753244  0.679232  0.570139  0.493773  0.714420  0.641216  0.568140 
32  0.644315  0.832515  0.736806  0.732242  0.571274  0.888111  0.775551  0.751615  0.897213  0.787662  0.843523  0.814949  0.811817  0.453221  0.450441  0.726337  0.780521  0.759713  0.720939  0.532021  0.528403  0.709684  0.743224  0.801419  0.772645  1.000000  0.709122  0.415761  0.761630  0.553941  0.778062  0.629000 0.0  0.801613  0.870264  0.752078  0.790944  0.918399  0.666311  0.630640  0.669835  0.618029  0.665851  0.579747 
33  0.710158  0.777679  0.693350  0.635279  0.697249  0.650692  0.745353  0.691870  0.609448  0.502754  0.696278  0.661542  0.670401  0.715568  0.743167  0.470450  0.582721  0.724699  0.594014  0.731335  0.625024  0.663670  0.544678  0.640237  0.671218  0.390073  0.729734  0.717251  0.484400  0.730551  0.712962  0.585808  0.801613 0.0  0.676756  0.652520  0.489471  0.656258  0.678132  0.523491  0.569742  0.695018  0.591654  0.491760 
34  0.550308  0.410497  0.589631  0.612667  0.703473  0.743058  0.788567  0.585589  0.785839  0.708512  0.614207  0.643948  0.740736  0.582031  0.647374  0.717051  0.861524  0.592308  0.601612  0.605936  0.867488  0.810665  0.571835  0.414053  0.431043  0.784547  0.533337  0.670627  0.794751  0.669639  0.383166  0.667014  0.870264  0.676756 0.0  0.639229  0.686878  0.357103  0.548263  0.878479  0.818644  0.796960  0.643846  0.763561 
35  0.809459  0.776575  0.755001  0.789853  0.777774  0.351696  0.629199  0.698733  0.456509  0.665280  0.560469  0.625760  0.375903  0.872035  0.796551  0.588313  0.474668  0.810003  0.467726  0.842202  0.809249  0.472194  0.724796  0.772849  0.729796  0.490947  0.450753  0.829534  0.584878  0.619117  0.742490  0.415693  0.752078  0.652520  0.639229 0.0  0.594375  0.758335  0.776519  0.472759  0.497769  0.580062  0.601003  0.604473 
36  0.651367  0.634870  0.722402  0.549788  0.708594  0.584495  0.814063  0.713650  0.654638  0.541881  0.574333  0.312783  0.560064  0.656180  0.612904  0.651735  0.517773  0.640863  0.442030  0.662762  0.680759  0.504047  0.419321  0.577785  0.681720  0.601767  0.447307  0.818729  0.572706  0.855257  0.645859  0.607406  0.790944  0.489471  0.686878  0.594375 0.0  0.683608  0.924415  0.688709  0.462156  0.835341  0.727628  0.738723 
37  0.701389  0.363196  0.632348  0.594719  0.604426  0.825457  0.663770  0.752958  0.795409  0.636809  0.673564  0.698639  0.737909  0.708058  0.655489  0.749419  0.768753  0.595504  0.660759  0.683003  0.675012  0.814479  0.682085  0.443174  0.342452  0.861916  0.538212  0.769202  0.726130  0.698782  0.365346  0.753244  0.918399  0.656258  0.357103  0.758335  0.683608 0.0  0.606562  0.861541  0.820767  0.771971  0.575960  0.754598 
38  0.791156  0.464658  0.724123  0.764384  0.767920  0.794999  0.674254  0.751362  0.754292  0.803751  0.662187  0.846741  0.785668  0.706013  0.795529  0.745715  0.913522  0.668316  0.749580  0.777349  0.660452  0.770183  0.810879  0.663539  0.564817  0.826682  0.713752  0.626233  0.810912  0.710233  0.397620  0.679232  0.666311  0.678132  0.548263  0.776519  0.924415  0.606562 0.0  0.769413  0.721430  0.825883  0.687555  0.816130 
39  0.644386  0.822251  0.681167  0.875637  0.709018  0.583617  0.687842  0.731960  0.450759  0.613938  0.754224  0.667216  0.629119  0.710123  0.722310  0.406216  0.626454  0.847231  0.725747  0.723392  0.874469  0.459000  0.758365  0.663341  0.838953  0.403744  0.698092  0.741241  0.480966  0.543626  0.798969  0.570139  0.630640  0.523491  0.878479  0.472759  0.688709  0.861541  0.769413 0.0  0.404283  0.579594  0.655107  0.574881 
40  0.708883  0.742819  0.745316  0.684117  0.671011  0.433700  0.752301  0.771397  0.428031  0.475780  0.573426  0.490227  0.540521  0.647915  0.704544  0.572701  0.360944  0.608743  0.634686  0.723784  0.679833  0.449929  0.673237  0.636158  0.723251  0.463137  0.531411  0.753693  0.470006  0.503388  0.625803  0.493773  0.669835  0.569742  0.818644  0.497769  0.462156  0.820767  0.721430  0.404283 0.0  0.545240  0.625693  0.515691 
41  0.575825  0.846282  0.582555  0.753736  0.558658  0.722322  0.663722  0.624488  0.682602  0.760711  0.793144  0.757191  0.625875  0.501756  0.475578  0.579827  0.652129  0.777393  0.764986  0.466903  0.600834  0.508998  0.727628  0.702321  0.826806  0.614841  0.640998  0.656048  0.644189  0.526390  0.811016  0.714420  0.618029  0.695018  0.796960  0.580062  0.835341  0.771971  0.825883  0.579594  0.545240 0.0  0.596428  0.493189 
42  0.696857  0.525336  0.795230  0.536329  0.803516  0.662412  0.661850  0.674497  0.574894  0.767596  0.815380  0.809115  0.517847  0.715641  0.659268  0.654842  0.637947  0.629764  0.673281  0.674644  0.722688  0.585686  0.735005  0.687140  0.766923  0.691331  0.738518  0.774143  0.656012  0.627898  0.667388  0.641216  0.665851  0.591654  0.643846  0.601003  0.727628  0.575960  0.687555  0.655107  0.625693  0.596428 0.0  0.609580 
43  0.826065  0.687071  0.816561  0.691764  0.736186  0.589492  0.601868  0.730517  0.718059  0.634223  0.824536  0.628211  0.595390  0.608853  0.573455  0.530453  0.567599  0.837804  0.557991  0.553080  0.562533  0.766500  0.510374  0.686527  0.759839  0.615301  0.747812  0.620314  0.525971  0.695178  0.667589  0.568140  0.579747  0.491760  0.763561  0.604473  0.738723  0.754598  0.816130  0.574881  0.515691  0.493189  0.609580 0.0 
