44
0 0.0  0.800944  0.798459  0.794331  0.503798  0.679676  0.502312  0.549008  0.718952  0.721738  0.781590  0.680609  0.664755  0.533828  0.610086  0.692754  0.508778  0.772110  0.843395  0.755867  0.773162  0.396361  0.900379  0.759098  0.726929  0.393608  0.809216  0.491605  0.887407  0.796567  0.593833  0.591872  0.377888  0.341414  0.581866  0.769218  0.349420  0.586891  0.811827  0.800801  0.632434  0.514369  0.807162  0.545391 
1  0.800944 0.0  0.717820  0.717310  0.738030  0.536546  0.787003  0.762622  0.631924  0.645120  0.595298  0.606456  0.739529  0.642640  0.878746  0.575718  0.835531  0.621096  0.590756  0.664046  0.636101  0.790330  0.495858  0.546164  0.635079  0.858496  0.768010  0.802543  0.687663  0.550332  0.669960  0.796178  0.649252  0.847921  0.730285  0.411034  0.819238  0.754118  0.327988  0.806235  0.670656  0.731509  0.822886  0.839867 
2  0.798459  0.717820 0.0  0.815447  0.706898  0.735247  0.760141  0.734108  0.754970  0.736737  0.896444  0.753982  0.657620  0.909504  0.787543  0.771312  0.580294  0.841345  0.877318  0.835634  0.839592  0.738019  0.775098  0.786358  0.810768  0.718430  0.929996  0.777978  0.794000  0.785271  0.822991  0.713105  0.747102  0.677310  0.785495  0.779324  0.682707  0.761849  0.771178  0.878064  0.820502  0.635023  0.804266  0.675814 
3  0.794331  0.717310  0.815447 0.0  0.951599  0.631490  0.875670  0.842374  0.700738  0.701162  0.583119  0.706606  0.714010  0.755429  0.816096  0.503770  0.779135  0.706417  0.520418  0.627174  0.518383  0.824089  0.737717  0.492953  0.588410  0.918279  0.616452  0.765960  0.532645  0.557478  0.764962  0.822444  0.827067  0.838361  0.789416  0.666306  0.985801  0.846786  0.635870  0.656603  0.783743  0.897151  0.709213  0.850833 
4  0.503798  0.738030  0.706898  0.951599 0.0  0.790430  0.321859  0.281765  0.633422  0.682973  0.720839  0.591855  0.638753  0.603863  0.439162  0.749231  0.504055  0.743511  0.733626  0.616875  0.917760  0.646320  0.716670  0.829649  0.684355  0.594783  0.861386  0.568516  0.899151  0.836075  0.675413  0.665666  0.637101  0.590039  0.554388  0.718566  0.596631  0.462481  0.670680  0.718138  0.734328  0.427231  0.916715  0.692801 
5  0.679676  0.536546  0.735247  0.631490  0.790430 0.0  0.726347  0.642545  0.735659  0.427207  0.610478  0.331061  0.627071  0.424911  0.744351  0.647511  0.638174  0.697513  0.711362  0.683027  0.787253  0.524298  0.778211  0.634520  0.694489  0.692338  0.733551  0.663205  0.638559  0.695918  0.554351  0.654125  0.595481  0.596778  0.346268  0.736601  0.632412  0.554903  0.536383  0.730859  0.340155  0.428925  0.863450  0.607929 
6  0.502312  0.787003  0.760141  0.875670  0.321859  0.726347 0.0  0.455655  0.651857  0.634203  0.743827  0.629127  0.724956  0.643876  0.436925  0.761433  0.462247  0.683391  0.750518  0.704810  0.898946  0.726942  0.832324  0.817500  0.706533  0.692895  0.784170  0.542026  0.858250  0.695868  0.765003  0.636580  0.719632  0.634828  0.528394  0.770744  0.663690  0.399769  0.777880  0.767428  0.576370  0.574273  0.821173  0.618057 
7  0.549008  0.762622  0.734108  0.842374  0.281765  0.642545  0.455655 0.0  0.714975  0.791419  0.779969  0.651678  0.667874  0.661397  0.393695  0.682679  0.564096  0.682760  0.955292  0.576348  0.752966  0.618978  0.798657  0.801431  0.759966  0.535576  0.842563  0.565006  0.820138  0.831971  0.689498  0.712166  0.727181  0.553940  0.583267  0.732515  0.606991  0.332400  0.894645  0.813613  0.736876  0.542371  0.824148  0.609284 
8  0.718952  0.631924  0.754970  0.700738  0.633422  0.735659  0.651857  0.714975 0.0  0.664214  0.722849  0.611643  0.556665  0.745691  0.694021  0.613081  0.673537  0.662537  0.725789  0.544635  0.572442  0.677912  0.682321  0.626197  0.547248  0.727466  0.615382  0.761411  0.641435  0.672165  0.666726  0.363054  0.714916  0.642099  0.683106  0.629730  0.678812  0.660258  0.612793  0.677819  0.682216  0.619354  0.586389  0.788037 
9  0.721738  0.645120  0.736737  0.701162  0.682973  0.427207  0.634203  0.791419  0.664214 0.0  0.730715  0.403127  0.736834  0.492511  0.677849  0.662384  0.763284  0.604371  0.801864  0.535352  0.675019  0.637733  0.800947  0.768066  0.645775  0.551831  0.811625  0.552014  0.718219  0.645125  0.374745  0.755262  0.627921  0.700054  0.376230  0.596401  0.673518  0.688600  0.707001  0.765768  0.457669  0.604676  0.812691  0.667064 
10  0.781590  0.595298  0.896444  0.583119  0.720839  0.610478  0.743827  0.779969  0.722849  0.730715 0.0  0.642767  0.778403  0.777632  0.815893  0.593475  0.725778  0.724141  0.451770  0.625222  0.568326  0.885045  0.828316  0.506709  0.628921  0.827376  0.624866  0.856881  0.624518  0.776272  0.660762  0.707985  0.778370  0.804122  0.592584  0.429755  0.797874  0.742093  0.636700  0.545629  0.623509  0.846594  0.572017  0.818362 
11  0.680609  0.606456  0.753982  0.706606  0.591855  0.331061  0.629127  0.651678  0.611643  0.403127  0.642767 0.0  0.757905  0.492583  0.802687  0.546301  0.735881  0.506866  0.729547  0.624672  0.599668  0.658576  0.827427  0.658482  0.705105  0.777514  0.804444  0.617823  0.575309  0.592624  0.471087  0.805214  0.595969  0.780229  0.457875  0.595293  0.618128  0.760613  0.689294  0.681640  0.350943  0.596942  0.842967  0.692169 
12  0.664755  0.739529  0.657620  0.714010  0.638753  0.627071  0.724956  0.667874  0.556665  0.736834  0.778403  0.757905 0.0  0.836727  0.639911  0.684976  0.583789  0.651850  0.723718  0.821078  0.837538  0.720517  0.673421  0.609517  0.705830  0.659274  0.717496  0.712375  0.731034  0.763412  0.734015  0.639512  0.673554  0.632039  0.774660  0.734139  0.783316  0.672642  0.672778  0.741168  0.827883  0.593007  0.829487  0.714429 
13  0.533828  0.642640  0.909504  0.755429  0.603863  0.424911  0.643876  0.661397  0.745691  0.492511  0.777632  0.492583  0.836727 0.0  0.702231  0.663990  0.629663  0.564734  0.651388  0.520856  0.693006  0.509275  0.856759  0.736512  0.676192  0.686618  0.870198  0.582268  0.779669  0.607378  0.416521  0.783027  0.590032  0.584968  0.299349  0.556933  0.579458  0.603706  0.692634  0.821661  0.416695  0.644839  0.823550  0.711346 
14  0.610086  0.878746  0.787543  0.816096  0.439162  0.744351  0.436925  0.393695  0.694021  0.677849  0.815893  0.802687  0.639911  0.702231 0.0  0.682942  0.586082  0.816009  0.834926  0.671696  0.823603  0.609293  0.771511  0.818607  0.803315  0.637609  0.811232  0.502232  0.781176  0.833891  0.759784  0.584791  0.626416  0.580345  0.743206  0.949430  0.656310  0.477481  0.844582  0.809122  0.715421  0.541120  0.756796  0.518797 
15  0.692754  0.575718  0.771312  0.503770  0.749231  0.647511  0.761433  0.682679  0.613081  0.662384  0.593475  0.546301  0.684976  0.663990  0.682942 0.0  0.777175  0.688109  0.405530  0.591016  0.495936  0.770053  0.667230  0.462146  0.532380  0.685005  0.544599  0.783415  0.486040  0.555794  0.622889  0.721518  0.710370  0.804675  0.611469  0.568191  0.839492  0.744029  0.602336  0.706094  0.603406  0.667090  0.497097  0.631753 
16  0.508778  0.835531  0.580294  0.779135  0.504055  0.638174  0.462247  0.564096  0.673537  0.763284  0.725778  0.735881  0.583789  0.629663  0.586082  0.777175 0.0  0.847867  0.787743  0.787161  0.664253  0.470343  0.667189  0.756479  0.816370  0.495002  0.831094  0.572403  0.793754  0.834946  0.687626  0.621881  0.538573  0.437884  0.518833  0.722320  0.641399  0.509816  0.718259  0.892005  0.710101  0.412119  0.762177  0.614593 
17  0.772110  0.621096  0.841345  0.706417  0.743511  0.697513  0.683391  0.682760  0.662537  0.604371  0.724141  0.506866  0.651850  0.564734  0.816009  0.688109  0.847867 0.0  0.734139  0.549419  0.649885  0.879354  0.790898  0.623132  0.696176  0.735634  0.774460  0.701137  0.725996  0.689164  0.607762  0.852844  0.782881  0.828179  0.558425  0.642055  0.726128  0.774417  0.780422  0.708628  0.527238  0.756802  0.758417  0.766297 
18  0.843395  0.590756  0.877318  0.520418  0.733626  0.711362  0.750518  0.955292  0.725789  0.801864  0.451770  0.729547  0.723718  0.651388  0.834926  0.405530  0.787743  0.734139 0.0  0.723927  0.474061  0.876956  0.819788  0.568922  0.562180  0.866889  0.466685  0.857291  0.501490  0.666248  0.708916  0.657173  0.833155  0.902127  0.724008  0.462569  0.730177  0.864388  0.626017  0.660822  0.634465  0.864103  0.447766  0.734735 
19  0.755867  0.664046  0.835634  0.627174  0.616875  0.683027  0.704810  0.576348  0.544635  0.535352  0.625222  0.624672  0.821078  0.520856  0.671696  0.591016  0.787161  0.549419  0.723927 0.0  0.719085  0.795210  0.845142  0.623592  0.557067  0.754216  0.814470  0.773516  0.514658  0.635700  0.578304  0.762551  0.676939  0.798137  0.402624  0.521348  0.718500  0.769465  0.533354  0.683942  0.531824  0.765506  0.758515  0.743711 
20  0.773162  0.636101  0.839592  0.518383  0.917760  0.787253  0.898946  0.752966  0.572442  0.675019  0.568326  0.599668  0.837538  0.693006  0.823603  0.495936  0.664253  0.649885  0.474061  0.719085 0.0  0.810111  0.703644  0.637733  0.581896  0.863375  0.565354  0.935438  0.490663  0.627797  0.678770  0.674048  0.767244  0.862921  0.673131  0.456422  0.822304  0.816442  0.649547  0.534771  0.747860  0.746663  0.522038  0.773944 
21  0.396361  0.790330  0.738019  0.824089  0.646320  0.524298  0.726942  0.618978  0.677912  0.637733  0.885045  0.658576  0.720517  0.509275  0.609293  0.770053  0.470343  0.879354  0.876956  0.795210  0.810111 0.0  0.797501  0.789656  0.888425  0.428074  0.888969  0.564098  0.759292  0.776621  0.603436  0.784560  0.558749  0.384193  0.600193  0.803843  0.400075  0.590800  0.896413  0.865005  0.570352  0.379673  0.847701  0.476049 
22  0.900379  0.495858  0.775098  0.737717  0.716670  0.778211  0.832324  0.798657  0.682321  0.800947  0.828316  0.827427  0.673421  0.856759  0.771511  0.667230  0.667189  0.790898  0.819788  0.845142  0.703644  0.797501 0.0  0.784265  0.816856  0.685597  0.640381  0.827350  0.894469  0.751293  0.859284  0.798085  0.608226  0.709820  0.755787  0.867355  0.788872  0.805549  0.453757  0.709236  0.775610  0.768411  0.676387  0.881235 
23  0.759098  0.546164  0.786358  0.492953  0.829649  0.634520  0.817500  0.801431  0.626197  0.768066  0.506709  0.658482  0.609517  0.736512  0.818607  0.462146  0.756479  0.623132  0.568922  0.623592  0.637733  0.789656  0.784265 0.0  0.583532  0.726039  0.631806  0.902045  0.490761  0.661837  0.730536  0.757137  0.564084  0.742786  0.754978  0.510945  0.893864  0.800668  0.520398  0.714431  0.595617  0.688887  0.676419  0.856302 
24  0.726929  0.635079  0.810768  0.588410  0.684355  0.694489  0.706533  0.759966  0.547248  0.645775  0.628921  0.705105  0.705830  0.676192  0.803315  0.532380  0.816370  0.696176  0.562180  0.557067  0.581896  0.888425  0.816856  0.583532 0.0  0.810895  0.863555  0.663838  0.566445  0.752083  0.668679  0.644480  0.622911  0.774679  0.573834  0.570725  0.690177  0.818771  0.549332  0.791397  0.633386  0.823746  0.742351  0.901384 
25  0.393608  0.858496  0.718430  0.918279  0.594783  0.692338  0.692895  0.535576  0.727466  0.551831  0.827376  0.777514  0.659274  0.686618  0.637609  0.685005  0.495002  0.735634  0.866889  0.754216  0.863375  0.428074  0.685597  0.726039  0.810895 0.0  0.810455  0.588222  0.806320  0.900157  0.605905  0.706265  0.391795  0.458434  0.691031  0.837969  0.414925  0.647906  0.727686  0.824020  0.649658  0.505152  0.856276  0.433520 
26  0.809216  0.768010  0.929996  0.616452  0.861386  0.733551  0.784170  0.842563  0.615382  0.811625  0.624866  0.804444  0.717496  0.870198  0.811232  0.544599  0.831094  0.774460  0.466685  0.814470  0.565354  0.888969  0.640381  0.631806  0.863555  0.810455 0.0  0.822611  0.558762  0.701130  0.865433  0.664468  0.792465  0.851739  0.728030  0.716190  0.748705  0.848930  0.749388  0.545830  0.789380  0.817926  0.427691  0.830273 
27  0.491605  0.802543  0.777978  0.765960  0.568516  0.663205  0.542026  0.565006  0.761411  0.552014  0.856881  0.617823  0.712375  0.582268  0.502232  0.783415  0.572403  0.701137  0.857291  0.773516  0.935438  0.564098  0.827350  0.902045  0.663838  0.588222  0.822611 0.0  0.824685  0.851286  0.698911  0.707770  0.642261  0.469150  0.559598  0.772071  0.417135  0.484016  0.790448  0.769288  0.516833  0.352989  0.866398  0.558894 
28  0.887407  0.687663  0.794000  0.532645  0.899151  0.638559  0.858250  0.820138  0.641435  0.718219  0.624518  0.575309  0.731034  0.779669  0.781176  0.486040  0.793754  0.725996  0.501490  0.514658  0.490663  0.759292  0.894469  0.490761  0.566445  0.806320  0.558762  0.824685 0.0  0.752097  0.606446  0.518217  0.905586  0.791288  0.664874  0.392901  0.842253  1.000000  0.620565  0.488014  0.748930  0.797470  0.577772  0.798992 
29  0.796567  0.550332  0.785271  0.557478  0.836075  0.695918  0.695868  0.831971  0.672165  0.645125  0.776272  0.592624  0.763412  0.607378  0.833891  0.555794  0.834946  0.689164  0.666248  0.635700  0.627797  0.776621  0.751293  0.661837  0.752083  0.900157  0.701130  0.851286  0.752097 0.0  0.643181  0.730277  0.653522  0.775774  0.677941  0.826719  0.880824  0.792488  0.727571  0.748746  0.605812  0.798116  0.765324  0.660514 
30  0.593833  0.669960  0.822991  0.764962  0.675413  0.554351  0.765003  0.689498  0.666726  0.374745  0.660762  0.471087  0.734015  0.416521  0.759784  0.622889  0.687626  0.607762  0.708916  0.578304  0.678770  0.603436  0.859284  0.730536  0.668679  0.605905  0.865433  0.698911  0.606446  0.643181 0.0  0.815567  0.547161  0.679472  0.462537  0.732809  0.598564  0.675628  0.747734  0.786441  0.463144  0.616279  0.813864  0.661084 
31  0.591872  0.796178  0.713105  0.822444  0.665666  0.654125  0.636580  0.712166  0.363054  0.755262  0.707985  0.805214  0.639512  0.783027  0.584791  0.721518  0.621881  0.852844  0.657173  0.762551  0.674048  0.784560  0.798085  0.757137  0.644480  0.706265  0.664468  0.707770  0.518217  0.730277  0.815567 0.0  0.692649  0.640515  0.832207  0.728531  0.679552  0.665036  0.674641  0.685094  0.781897  0.623509  0.702890  0.564750 
32  0.377888  0.649252  0.747102  0.827067  0.637101  0.595481  0.719632  0.727181  0.714916  0.627921  0.778370  0.595969  0.673554  0.590032  0.626416  0.710370  0.538573  0.782881  0.833155  0.676939  0.767244  0.558749  0.608226  0.564084  0.622911  0.391795  0.792465  0.642261  0.905586  0.653522  0.547161  0.692649 0.0  0.433366  0.618547  0.764538  0.467823  0.660281  0.811833  0.758701  0.625479  0.474498  0.830789  0.557019 
33  0.341414  0.847921  0.677310  0.838361  0.590039  0.596778  0.634828  0.553940  0.642099  0.700054  0.804122  0.780229  0.632039  0.584968  0.580345  0.804675  0.437884  0.828179  0.902127  0.798137  0.862921  0.384193  0.709820  0.742786  0.774679  0.458434  0.851739  0.469150  0.791288  0.775774  0.679472  0.640515  0.433366 0.0  0.578815  0.710001  0.393888  0.620282  0.703616  0.759485  0.624939  0.443024  0.887666  0.564673 
34  0.581866  0.730285  0.785495  0.789416  0.554388  0.346268  0.528394  0.583267  0.683106  0.376230  0.592584  0.457875  0.774660  0.299349  0.743206  0.611469  0.518833  0.558425  0.724008  0.402624  0.673131  0.600193  0.755787  0.754978  0.573834  0.691031  0.728030  0.559598  0.664874  0.677941  0.462537  0.832207  0.618547  0.578815 0.0  0.609541  0.673846  0.632062  0.668174  0.826861  0.370309  0.601196  0.824710  0.579383 
35  0.769218  0.411034  0.779324  0.666306  0.718566  0.736601  0.770744  0.732515  0.629730  0.596401  0.429755  0.595293  0.734139  0.556933  0.949430  0.568191  0.722320  0.642055  0.462569  0.521348  0.456422  0.803843  0.867355  0.510945  0.570725  0.837969  0.716190  0.772071  0.392901  0.826719  0.732809  0.728531  0.764538  0.710001  0.609541 0.0  0.823461  0.729318  0.621897  0.576181  0.727381  0.849440  0.526674  0.877843 
36  0.349420  0.819238  0.682707  0.985801  0.596631  0.632412  0.663690  0.606991  0.678812  0.673518  0.797874  0.618128  0.783316  0.579458  0.656310  0.839492  0.641399  0.726128  0.730177  0.718500  0.822304  0.400075  0.788872  0.893864  0.690177  0.414925  0.748705  0.417135  0.842253  0.880824  0.598564  0.679552  0.467823  0.393888  0.673846  0.823461 0.0  0.444762  0.784799  0.804483  0.630470  0.524533  0.941597  0.504573 
37  0.586891  0.754118  0.761849  0.846786  0.462481  0.554903  0.399769  0.332400  0.660258  0.688600  0.742093  0.760613  0.672642  0.603706  0.477481  0.744029  0.509816  0.774417  0.864388  0.769465  0.816442  0.590800  0.805549  0.800668  0.818771  0.647906  0.848930  0.484016  1.000000  0.792488  0.675628  0.665036  0.660281  0.620282  0.632062  0.729318  0.444762 0.0  0.831193  0.755720  0.682057  0.687680  0.875563  0.675206 
38  0.811827  0.327988  0.771178  0.635870  0.670680  0.536383  0.777880  0.894645  0.612793  0.707001  0.636700  0.689294  0.672778  0.692634  0.844582  0.602336  0.718259  0.780422  0.626017  0.533354  0.649547  0.896413  0.453757  0.520398  0.549332  0.727686  0.749388  0.790448  0.620565  0.727571  0.747734  0.674641  0.811833  0.703616  0.668174  0.621897  0.784799  0.831193 0.0  0.797209  0.688327  0.818692  0.830744  0.881650 
39  0.800801  0.806235  0.878064  0.656603  0.718138  0.730859  0.767428  0.813613  0.677819  0.765768  0.545629  0.681640  0.741168  0.821661  0.809122  0.706094  0.892005  0.708628  0.660822  0.683942  0.534771  0.865005  0.709236  0.714431  0.791397  0.824020  0.545830  0.769288  0.488014  0.748746  0.786441  0.685094  0.758701  0.759485  0.826861  0.576181  0.804483  0.755720  0.797209 0.0  0.647751  0.827083  0.592420  0.825679 
40  0.632434  0.670656  0.820502  0.783743  0.734328  0.340155  0.576370  0.736876  0.682216  0.457669  0.623509  0.350943  0.827883  0.416695  0.715421  0.603406  0.710101  0.527238  0.634465  0.531824  0.747860  0.570352  0.775610  0.595617  0.633386  0.649658  0.789380  0.516833  0.748930  0.605812  0.463144  0.781897  0.625479  0.624939  0.370309  0.727381  0.630470  0.682057  0.688327  0.647751 0.0  0.566389  0.805139  0.641261 
41  0.514369  0.731509  0.635023  0.897151  0.427231  0.428925  0.574273  0.542371  0.619354  0.604676  0.846594  0.596942  0.593007  0.644839  0.541120  0.667090  0.412119  0.756802  0.864103  0.765506  0.746663  0.379673  0.768411  0.688887  0.823746  0.505152  0.817926  0.352989  0.797470  0.798116  0.616279  0.623509  0.474498  0.443024  0.601196  0.849440  0.524533  0.687680  0.818692  0.827083  0.566389 0.0  0.892810  0.565042 
42  0.807162  0.822886  0.804266  0.709213  0.916715  0.863450  0.821173  0.824148  0.586389  0.812691  0.572017  0.842967  0.829487  0.823550  0.756796  0.497097  0.762177  0.758417  0.447766  0.758515  0.522038  0.847701  0.676387  0.676419  0.742351  0.856276  0.427691  0.866398  0.577772  0.765324  0.813864  0.702890  0.830789  0.887666  0.824710  0.526674  0.941597  0.875563  0.830744  0.592420  0.805139  0.892810 0.0  0.760473 
43  0.545391  0.839867  0.675814  0.850833  0.692801  0.607929  0.618057  0.609284  0.788037  0.667064  0.818362  0.692169  0.714429  0.711346  0.518797  0.631753  0.614593  0.766297  0.734735  0.743711  0.773944  0.476049  0.881235  0.856302  0.901384  0.433520  0.830273  0.558894  0.798992  0.660514  0.661084  0.564750  0.557019  0.564673  0.579383  0.877843  0.504573  0.675206  0.881650  0.825679  0.641261  0.565042  0.760473 0.0 
