44
0 0.0  0.785397  0.567037  0.535251  0.629801  0.610221  0.491056  0.826072  0.706099  0.771050  0.586707  0.788863  0.378265  0.576182  0.549309  0.806520  0.584038  0.603859  0.942255  0.477847  0.762078  0.601442  0.437627  0.727695  0.819495  0.831955  0.568083  0.666056  0.665095  0.733112  0.795186  0.896920  0.577123  0.644332  0.836319  0.575137  0.431418  0.730792  0.754718  0.684189  0.781097  0.678836  0.831020  0.880140 
1  0.785397 0.0  0.862743  0.788833  0.617077  0.752180  0.867585  0.698665  0.721785  0.654519  0.642737  0.429303  0.774381  0.870457  0.722705  0.483562  0.621329  1.000000  0.727951  0.564089  0.846942  0.772571  0.724414  0.758635  0.522727  0.763898  0.781719  0.837817  0.727916  0.832806  0.577237  0.634116  0.693516  0.758095  0.588408  0.707446  0.845241  0.584270  0.635906  0.787376  0.706363  0.737783  0.663948  0.838202 
2  0.567037  0.862743 0.0  0.506399  0.666914  0.641090  0.602721  0.693664  0.786143  0.761964  0.664565  0.862380  0.650709  0.615950  0.720836  0.680148  0.586878  0.534496  0.748630  0.540440  0.799634  0.602549  0.559019  0.723765  0.777767  0.792836  0.520261  0.500722  0.689218  0.723571  0.764990  0.730046  0.397421  0.443595  0.685109  0.556520  0.352796  0.832628  0.659272  0.399420  0.746947  0.596942  0.862150  0.839977 
3  0.535251  0.788833  0.506399 0.0  0.673497  0.509672  0.404798  0.680211  0.476269  0.691779  0.398618  0.778635  0.477510  0.384241  0.487139  0.671309  0.474987  0.348990  0.580815  0.580278  0.401207  0.517039  0.361901  0.668541  0.606549  0.621620  0.589129  0.441664  0.922693  0.779408  0.728642  0.595855  0.549030  0.455476  0.554454  0.599299  0.354115  0.787548  0.662588  0.476339  0.645359  0.428133  0.773370  0.675977 
4  0.629801  0.617077  0.666914  0.673497 0.0  0.827291  0.815754  0.603630  0.630455  0.310311  0.691491  0.598872  0.882962  0.810583  0.632114  0.599603  0.713120  0.882508  0.610446  0.666339  0.661015  0.617845  0.703574  0.880679  0.588833  0.533476  0.739393  0.792031  0.603278  0.388105  0.504652  0.551958  0.855329  0.807381  0.538101  0.648038  0.698331  0.488275  0.427005  0.901798  0.953131  0.851494  0.532626  0.661015 
5  0.610221  0.752180  0.641090  0.509672  0.827291 0.0  0.500829  0.833791  0.664133  0.716066  0.588053  0.649309  0.506291  0.484712  0.514783  0.779602  0.500400  0.595893  0.690943  0.618970  0.626890  0.720769  0.445000  0.782922  0.721989  0.737656  0.712175  0.684681  0.716635  0.774454  0.640035  0.803392  0.585809  0.690479  0.696000  0.650301  0.675869  0.600251  0.625458  0.666760  0.767058  0.604658  0.865385  0.754003 
6  0.491056  0.867585  0.602721  0.404798  0.815754  0.500829 0.0  0.716742  0.574000  0.793723  0.590216  0.715128  0.552089  0.326060  0.506019  0.687443  0.635885  0.534688  0.656641  0.689787  0.666089  0.634884  0.525084  0.701428  0.777655  0.619052  0.526029  0.539158  0.696650  0.842938  0.829756  0.748313  0.451354  0.609684  0.678018  0.578560  0.572970  0.811178  0.705718  0.648395  0.670891  0.596472  0.685917  0.734213 
7  0.826072  0.698665  0.693664  0.680211  0.603630  0.833791  0.716742 0.0  0.665971  0.574377  0.511630  0.679694  0.838301  0.703256  0.571198  0.519860  0.588385  0.660362  0.754834  0.686902  0.554469  0.627942  0.740537  0.812603  0.531635  0.581626  0.771235  0.707984  0.530551  0.737442  0.639665  0.529822  0.765739  0.764887  0.549875  0.630335  0.635927  0.621072  0.572951  0.573356  0.837382  0.700648  0.584551  0.759746 
8  0.706099  0.721785  0.786143  0.476269  0.630455  0.664133  0.574000  0.665971 0.0  0.578302  0.384942  0.671035  0.526258  0.698323  0.381087  0.719920  0.521281  0.690299  0.638823  0.465750  0.365488  0.827615  0.604165  0.845348  0.669666  0.681607  0.740116  0.753052  0.666943  0.785451  0.694520  0.678328  0.760949  0.720433  0.550290  0.722315  0.691822  0.656230  0.629060  0.633317  0.896038  0.727373  0.810097  0.815440 
9  0.771050  0.654519  0.761964  0.691779  0.310311  0.716066  0.793723  0.574377  0.578302 0.0  0.720159  0.756155  0.696375  0.775248  0.656695  0.610348  0.693965  0.757644  0.665667  0.621092  0.678516  0.635927  0.826533  0.756343  0.795168  0.349586  0.756115  0.772453  0.593322  0.554032  0.585085  0.374546  0.848874  0.701830  0.632710  0.630787  0.795901  0.437951  0.485503  0.782943  0.797373  0.802568  0.367410  0.538232 
10  0.586707  0.642737  0.664565  0.398618  0.691491  0.588053  0.590216  0.511630  0.384942  0.720159 0.0  0.594312  0.582286  0.578490  0.434583  0.576768  0.490859  0.651423  0.776395  0.501404  0.333534  0.698694  0.513243  0.762272  0.593151  0.629047  0.849534  0.667831  0.677687  0.760184  0.643115  0.595996  0.742177  0.694554  0.644317  0.701833  0.712444  0.669453  0.554769  0.666933  0.883129  0.579411  0.645289  0.772144 
11  0.788863  0.429303  0.862380  0.778635  0.598872  0.649309  0.715128  0.679694  0.671035  0.756155  0.594312 0.0  0.787402  0.902344  0.669145  0.625915  0.706926  0.749386  0.619800  0.652251  0.633216  0.638424  0.684977  0.685972  0.494716  0.655337  0.714271  0.775505  0.615631  0.861867  0.646039  0.629892  0.771669  0.744382  0.576147  0.771029  0.805525  0.555623  0.442665  0.834358  0.753130  0.710865  0.735421  0.667887 
12  0.378265  0.774381  0.650709  0.477510  0.882962  0.506291  0.552089  0.838301  0.526258  0.696375  0.582286  0.787402 0.0  0.573502  0.571155  0.796456  0.713091  0.622098  0.874191  0.597673  0.609241  0.685421  0.580819  0.601836  0.735373  0.824089  0.559034  0.533585  0.838565  0.844848  0.768145  0.823415  0.443136  0.583075  0.661669  0.656250  0.559790  0.837492  0.660211  0.503425  0.663439  0.680225  0.821835  0.780969 
13  0.576182  0.870457  0.615950  0.384241  0.810583  0.484712  0.326060  0.703256  0.698323  0.775248  0.578490  0.902344  0.573502 0.0  0.651539  0.659371  0.586944  0.527179  0.755439  0.631143  0.599328  0.517118  0.574727  0.639381  0.779649  0.811170  0.526233  0.487212  0.889543  0.836325  0.672291  0.694459  0.627508  0.547039  0.702229  0.628662  0.536200  0.846578  0.696602  0.494147  0.871808  0.566113  0.870791  0.809455 
14  0.549309  0.722705  0.720836  0.487139  0.632114  0.514783  0.506019  0.571198  0.381087  0.656695  0.434583  0.669145  0.571155  0.651539 0.0  0.616360  0.360299  0.670236  0.814478  0.443156  0.358388  0.684550  0.581494  0.712219  0.728165  0.579655  0.718452  0.596276  0.601711  0.661748  0.586566  0.646534  0.665096  0.699484  0.600802  0.665076  0.720458  0.661519  0.472426  0.744446  0.913587  0.595131  0.625179  0.853046 
15  0.806520  0.483562  0.680148  0.671309  0.599603  0.779602  0.687443  0.519860  0.719920  0.610348  0.576768  0.625915  0.796456  0.659371  0.616360 0.0  0.549307  0.711504  0.716815  0.787421  0.640328  0.581372  0.776646  0.796019  0.359041  0.566371  0.768120  0.679573  0.505834  0.754586  0.550686  0.605098  0.957094  0.729637  0.483896  0.753411  0.627754  0.725180  0.478588  0.644491  0.896156  0.651219  0.633401  0.951644 
16  0.584038  0.621329  0.586878  0.474987  0.713120  0.500400  0.635885  0.588385  0.521281  0.693965  0.490859  0.706926  0.713091  0.586944  0.360299  0.549307 0.0  0.571620  0.743969  0.266123  0.333143  0.575757  0.684936  0.796456  0.646046  0.622929  0.685320  0.685010  0.629636  0.782996  0.722907  0.596975  0.743162  0.644709  0.591752  0.784781  0.535168  0.666131  0.630004  0.624886  0.857612  0.589224  0.709964  0.842393 
17  0.603859  1.000000  0.534496  0.348990  0.882508  0.595893  0.534688  0.660362  0.690299  0.757644  0.651423  0.749386  0.622098  0.527179  0.670236  0.711504  0.571620 0.0  0.721647  0.577173  0.610645  0.641067  0.402103  0.753304  0.675062  0.797977  0.560763  0.586048  0.797396  0.838103  0.737783  0.822089  0.524173  0.550772  0.714567  0.664009  0.540816  0.793203  0.715299  0.378337  0.639775  0.568880  0.741274  0.814903 
18  0.942255  0.727951  0.748630  0.580815  0.610446  0.690943  0.656641  0.754834  0.638823  0.665667  0.776395  0.619800  0.874191  0.755439  0.814478  0.716815  0.743969  0.721647 0.0  0.863246  0.694611  0.643303  0.729751  0.832002  0.715762  0.513804  0.821532  0.639482  0.793299  0.528977  0.546141  0.490972  0.844643  0.749992  0.690571  0.683061  0.758282  0.629898  0.629020  0.775020  0.873457  0.675567  0.694986  0.623132 
19  0.477847  0.564089  0.540440  0.580278  0.666339  0.618970  0.689787  0.686902  0.465750  0.621092  0.501404  0.652251  0.597673  0.631143  0.443156  0.787421  0.266123  0.577173  0.863246 0.0  0.387315  0.715781  0.580833  0.786789  0.736084  0.645182  0.676818  0.629534  0.746612  0.821308  0.694719  0.646811  0.589175  0.652887  0.672424  0.677664  0.607463  0.582021  0.570223  0.643787  0.791812  0.666910  0.596645  0.700770 
20  0.762078  0.846942  0.799634  0.401207  0.661015  0.626890  0.666089  0.554469  0.365488  0.678516  0.333534  0.633216  0.609241  0.599328  0.358388  0.640328  0.333143  0.610645  0.694611  0.387315 0.0  0.708668  0.676432  0.772941  0.619039  0.576994  0.735265  0.703666  0.757851  0.748313  0.642263  0.554386  0.854989  0.658503  0.490857  0.866021  0.639308  0.618929  0.542028  0.592857  0.757666  0.556918  0.649128  0.900437 
21  0.601442  0.772571  0.602549  0.517039  0.617845  0.720769  0.634884  0.627942  0.827615  0.635927  0.698694  0.638424  0.685421  0.517118  0.684550  0.581372  0.575757  0.641067  0.643303  0.715781  0.708668 0.0  0.620575  0.677232  0.771589  0.555617  0.767595  0.719576  0.812090  0.710598  0.639373  0.617362  0.573609  0.553286  0.672936  0.727498  0.497333  0.664881  0.794088  0.510379  0.659387  0.625446  0.548112  0.717326 
22  0.437627  0.724414  0.559019  0.361901  0.703574  0.445000  0.525084  0.740537  0.604165  0.826533  0.513243  0.684977  0.580819  0.574727  0.581494  0.776646  0.684936  0.402103  0.729751  0.580833  0.676432  0.620575 0.0  0.717092  0.718304  0.797369  0.563852  0.586711  0.707584  0.782459  0.759591  0.842529  0.419587  0.521331  0.695428  0.733895  0.500620  0.722031  0.781530  0.540828  0.621524  0.571905  0.722035  0.885234 
23  0.727695  0.758635  0.723765  0.668541  0.880679  0.782922  0.701428  0.812603  0.845348  0.756343  0.762272  0.685972  0.601836  0.639381  0.712219  0.796019  0.796456  0.753304  0.832002  0.786789  0.772941  0.677232  0.717092 0.0  0.736427  0.751907  0.793639  0.735657  0.687852  0.759374  0.786383  0.706855  0.684888  0.816323  0.751761  0.591275  0.745730  0.745448  0.864980  0.652547  0.287255  0.792437  0.801949  0.790359 
24  0.819495  0.522727  0.777767  0.606549  0.588833  0.721989  0.777655  0.531635  0.669666  0.795168  0.593151  0.494716  0.735373  0.779649  0.728165  0.359041  0.646046  0.675062  0.715762  0.736084  0.619039  0.771589  0.718304  0.736427 0.0  0.642666  0.829388  0.724305  0.591166  0.857239  0.639863  0.575837  0.663288  0.859081  0.575332  0.750589  0.743300  0.725728  0.654759  0.781786  0.768495  0.755461  0.690384  0.846008 
25  0.831955  0.763898  0.792836  0.621620  0.533476  0.737656  0.619052  0.581626  0.681607  0.349586  0.629047  0.655337  0.824089  0.811170  0.579655  0.566371  0.622929  0.797977  0.513804  0.645182  0.576994  0.555617  0.797369  0.751907  0.642666 0.0  0.902269  0.664354  0.627024  0.519196  0.455000  0.436773  0.724326  0.799635  0.582619  0.608716  0.737510  0.543155  0.636427  0.809716  0.816931  0.495817  0.566295  0.673082 
26  0.568083  0.781719  0.520261  0.589129  0.739393  0.712175  0.526029  0.771235  0.740116  0.756115  0.849534  0.714271  0.559034  0.526233  0.718452  0.768120  0.685320  0.560763  0.821532  0.676818  0.735265  0.767595  0.563852  0.793639  0.829388  0.902269 0.0  0.369105  0.754535  0.756896  0.852847  0.821033  0.453002  0.349637  0.853292  0.487321  0.550859  0.739427  0.566990  0.460812  0.608747  0.473558  0.768148  0.770938 
27  0.666056  0.837817  0.500722  0.441664  0.792031  0.684681  0.539158  0.707984  0.753052  0.772453  0.667831  0.775505  0.533585  0.487212  0.596276  0.679573  0.685010  0.586048  0.639482  0.629534  0.703666  0.719576  0.586711  0.735657  0.724305  0.664354  0.369105 0.0  0.725915  0.738513  0.825182  0.820016  0.557706  0.341847  0.762212  0.666182  0.477590  0.910718  0.783473  0.266115  0.699265  0.460726  0.846674  0.736549 
28  0.665095  0.727916  0.689218  0.922693  0.603278  0.716635  0.696650  0.530551  0.666943  0.593322  0.677687  0.615631  0.838565  0.889543  0.601711  0.505834  0.629636  0.797396  0.793299  0.746612  0.757851  0.812090  0.707584  0.687852  0.591166  0.627024  0.754535  0.725915 0.0  0.658140  0.698791  0.633843  0.762376  0.713949  0.728236  0.638193  0.733115  0.551814  0.499424  0.799112  0.920381  0.719670  0.594521  0.701805 
29  0.733112  0.832806  0.723571  0.779408  0.388105  0.774454  0.842938  0.737442  0.785451  0.554032  0.760184  0.861867  0.844848  0.836325  0.661748  0.754586  0.782996  0.838103  0.528977  0.821308  0.748313  0.710598  0.782459  0.759374  0.857239  0.519196  0.756896  0.738513  0.658140 0.0  0.685069  0.477455  0.815743  0.844255  0.772222  0.692865  0.760250  0.638934  0.577814  0.734964  0.882666  0.748930  0.600914  0.422044 
30  0.795186  0.577237  0.764990  0.728642  0.504652  0.640035  0.829756  0.639665  0.694520  0.585085  0.643115  0.646039  0.768145  0.672291  0.586566  0.550686  0.722907  0.737783  0.546141  0.694719  0.642263  0.639373  0.759591  0.786383  0.639863  0.455000  0.852847  0.825182  0.698791  0.685069 0.0  0.475171  0.626993  0.757567  0.640767  0.734889  0.727026  0.549168  0.520156  0.896165  0.668126  0.829235  0.609149  0.702885 
31  0.896920  0.634116  0.730046  0.595855  0.551958  0.803392  0.748313  0.529822  0.678328  0.374546  0.595996  0.629892  0.823415  0.694459  0.646534  0.605098  0.596975  0.822089  0.490972  0.646811  0.554386  0.617362  0.842529  0.706855  0.575837  0.436773  0.821033  0.820016  0.633843  0.477455  0.475171 0.0  0.819703  0.692340  0.581484  0.794080  0.694712  0.579200  0.543097  0.717119  0.826575  0.729473  0.593684  0.661431 
32  0.577123  0.693516  0.397421  0.549030  0.855329  0.585809  0.451354  0.765739  0.760949  0.848874  0.742177  0.771669  0.443136  0.627508  0.665096  0.957094  0.743162  0.524173  0.844643  0.589175  0.854989  0.573609  0.419587  0.684888  0.663288  0.724326  0.453002  0.557706  0.762376  0.815743  0.626993  0.819703 0.0  0.423710  0.812069  0.589836  0.348127  0.848364  0.652374  0.422489  0.681898  0.543252  0.814586  0.805759 
33  0.644332  0.758095  0.443595  0.455476  0.807381  0.690479  0.609684  0.764887  0.720433  0.701830  0.694554  0.744382  0.583075  0.547039  0.699484  0.729637  0.644709  0.550772  0.749992  0.652887  0.658503  0.553286  0.521331  0.816323  0.859081  0.799635  0.349637  0.341847  0.713949  0.844255  0.757567  0.692340  0.423710 0.0  0.751444  0.715524  0.414035  0.733004  0.775914  0.350498  0.687706  0.498968  0.862698  0.764006 
34  0.836319  0.588408  0.685109  0.554454  0.538101  0.696000  0.678018  0.549875  0.550290  0.632710  0.644317  0.576147  0.661669  0.702229  0.600802  0.483896  0.591752  0.714567  0.690571  0.672424  0.490857  0.672936  0.695428  0.751761  0.575332  0.582619  0.853292  0.762212  0.728236  0.772222  0.640767  0.581484  0.812069  0.751444 0.0  0.742113  0.701980  0.585537  0.621262  0.682911  0.780459  0.838826  0.588438  0.804003 
35  0.575137  0.707446  0.556520  0.599299  0.648038  0.650301  0.578560  0.630335  0.722315  0.630787  0.701833  0.771029  0.656250  0.628662  0.665076  0.753411  0.784781  0.664009  0.683061  0.677664  0.866021  0.727498  0.733895  0.591275  0.750589  0.608716  0.487321  0.666182  0.638193  0.692865  0.734889  0.794080  0.589836  0.715524  0.742113 0.0  0.703334  0.654384  0.663595  0.658969  0.671005  0.694414  0.655507  0.691606 
36  0.431418  0.845241  0.352796  0.354115  0.698331  0.675869  0.572970  0.635927  0.691822  0.795901  0.712444  0.805525  0.559790  0.536200  0.720458  0.627754  0.535168  0.540816  0.758282  0.607463  0.639308  0.497333  0.500620  0.745730  0.743300  0.737510  0.550859  0.477590  0.733115  0.760250  0.727026  0.694712  0.348127  0.414035  0.701980  0.703334 0.0  0.845534  0.722104  0.472540  0.714198  0.476219  0.794988  0.810087 
37  0.730792  0.584270  0.832628  0.787548  0.488275  0.600251  0.811178  0.621072  0.656230  0.437951  0.669453  0.555623  0.837492  0.846578  0.661519  0.725180  0.666131  0.793203  0.629898  0.582021  0.618929  0.664881  0.722031  0.745448  0.725728  0.543155  0.739427  0.910718  0.551814  0.638934  0.549168  0.579200  0.848364  0.733004  0.585537  0.654384  0.845534 0.0  0.513770  0.818879  0.825538  0.769739  0.348096  0.524407 
38  0.754718  0.635906  0.659272  0.662588  0.427005  0.625458  0.705718  0.572951  0.629060  0.485503  0.554769  0.442665  0.660211  0.696602  0.472426  0.478588  0.630004  0.715299  0.629020  0.570223  0.542028  0.794088  0.781530  0.864980  0.654759  0.636427  0.566990  0.783473  0.499424  0.577814  0.520156  0.543097  0.652374  0.775914  0.621262  0.663595  0.722104  0.513770 0.0  0.628681  0.867529  0.632171  0.499575  0.642585 
39  0.684189  0.787376  0.399420  0.476339  0.901798  0.666760  0.648395  0.573356  0.633317  0.782943  0.666933  0.834358  0.503425  0.494147  0.744446  0.644491  0.624886  0.378337  0.775020  0.643787  0.592857  0.510379  0.540828  0.652547  0.781786  0.809716  0.460812  0.266115  0.799112  0.734964  0.896165  0.717119  0.422489  0.350498  0.682911  0.658969  0.472540  0.818879  0.628681 0.0  0.690412  0.515134  0.788563  0.755165 
40  0.781097  0.706363  0.746947  0.645359  0.953131  0.767058  0.670891  0.837382  0.896038  0.797373  0.883129  0.753130  0.663439  0.871808  0.913587  0.896156  0.857612  0.639775  0.873457  0.791812  0.757666  0.659387  0.621524  0.287255  0.768495  0.816931  0.608747  0.699265  0.920381  0.882666  0.668126  0.826575  0.681898  0.687706  0.780459  0.671005  0.714198  0.825538  0.867529  0.690412 0.0  0.730457  0.846136  0.942595 
41  0.678836  0.737783  0.596942  0.428133  0.851494  0.604658  0.596472  0.700648  0.727373  0.802568  0.579411  0.710865  0.680225  0.566113  0.595131  0.651219  0.589224  0.568880  0.675567  0.666910  0.556918  0.625446  0.571905  0.792437  0.755461  0.495817  0.473558  0.460726  0.719670  0.748930  0.829235  0.729473  0.543252  0.498968  0.838826  0.694414  0.476219  0.769739  0.632171  0.515134  0.730457 0.0  0.831236  0.727390 
42  0.831020  0.663948  0.862150  0.773370  0.532626  0.865385  0.685917  0.584551  0.810097  0.367410  0.645289  0.735421  0.821835  0.870791  0.625179  0.633401  0.709964  0.741274  0.694986  0.596645  0.649128  0.548112  0.722035  0.801949  0.690384  0.566295  0.768148  0.846674  0.594521  0.600914  0.609149  0.593684  0.814586  0.862698  0.588438  0.655507  0.794988  0.348096  0.499575  0.788563  0.846136  0.831236 0.0  0.488302 
43  0.880140  0.838202  0.839977  0.675977  0.661015  0.754003  0.734213  0.759746  0.815440  0.538232  0.772144  0.667887  0.780969  0.809455  0.853046  0.951644  0.842393  0.814903  0.623132  0.700770  0.900437  0.717326  0.885234  0.790359  0.846008  0.673082  0.770938  0.736549  0.701805  0.422044  0.702885  0.661431  0.805759  0.764006  0.804003  0.691606  0.810087  0.524407  0.642585  0.755165  0.942595  0.727390  0.488302 0.0 
