44
0 0.0  0.685831  0.778952  0.690151  0.770089  0.374080  0.605683  0.603086  0.839040  0.745746  0.637863  0.734296  0.743929  0.760258  0.670507  0.872883  0.659839  0.626572  0.706992  0.866605  0.802776  0.568098  0.702007  0.755374  0.776012  0.773428  0.560084  0.702682  0.652189  0.747442  0.611788  0.832213  0.873098  0.650688  0.678979  0.680197  0.709604  0.815606  0.725616  0.520789  0.703363  0.786419  0.538176  0.669076 
1  0.685831 0.0  0.693772  0.746177  0.796569  0.783634  0.867407  0.683109  0.845264  0.481569  0.587867  0.563264  0.673727  0.714006  0.892374  0.497281  0.318474  0.985416  0.589429  0.833926  0.744621  0.764923  0.743447  0.847931  0.698073  0.750252  0.727334  0.428715  0.776446  0.718084  0.663586  0.442217  0.557128  0.605472  0.731925  0.508074  0.645009  0.750247  0.825553  0.759137  0.510423  0.851478  0.734110  0.523336 
2  0.778952  0.693772 0.0  0.924593  0.908076  0.824661  0.881404  0.812822  0.834448  0.598288  0.659207  0.616746  0.506432  0.793055  0.822611  0.582792  0.662128  0.904696  0.649749  0.746634  0.606273  0.761118  0.827936  0.525336  0.604281  0.623646  0.817478  0.695444  0.774011  0.553879  0.750583  0.450699  0.476437  0.797469  0.752952  0.707986  0.297199  0.659516  0.783352  0.813922  0.606671  0.872851  0.929500  0.434826 
3  0.690151  0.746177  0.924593 0.0  0.851162  0.618990  0.699798  0.579914  0.849770  0.766916  0.716824  0.812626  0.754446  0.579430  0.736348  0.838853  0.674925  0.801787  0.683736  0.875601  0.737717  0.718383  0.375691  0.892254  0.898086  0.815205  0.725946  0.692323  0.732325  0.652531  0.520876  0.858779  0.865283  0.431553  0.494597  0.708350  0.772685  0.850661  0.699501  0.711508  0.788253  0.590149  0.750222  0.709072 
4  0.770089  0.796569  0.908076  0.851162 0.0  0.695965  0.611014  0.867316  0.822534  0.859557  0.878740  0.704992  0.867875  0.778572  0.668003  0.917846  0.747768  0.550364  0.836952  0.812054  0.695067  0.750292  0.898110  0.852432  0.787859  0.700969  0.585405  0.869569  0.837780  0.748555  0.641056  0.735321  0.900404  0.800365  0.790332  0.887638  0.822675  0.473393  0.714390  0.625506  0.854266  0.640454  0.439153  0.698423 
5  0.374080  0.783634  0.824661  0.618990  0.695965 0.0  0.667471  0.610325  0.876090  0.661919  0.679244  0.839480  0.908757  0.566991  0.570980  0.814099  0.740813  0.632200  0.668345  0.838262  0.715600  0.697094  0.666480  0.829687  0.736232  0.770224  0.600193  0.718963  0.621915  0.632820  0.542992  0.788338  0.837586  0.652459  0.695301  0.776048  0.706942  0.702619  0.579726  0.584202  0.824598  0.784616  0.513852  0.713721 
6  0.605683  0.867407  0.881404  0.699798  0.611014  0.667471 0.0  0.627785  0.933116  0.660235  0.675019  0.766095  0.812878  0.496492  0.587464  0.857076  0.734774  0.524162  0.771172  0.752052  0.680083  0.667822  0.667800  0.705778  0.829650  0.711184  0.375026  0.740859  0.637247  0.856994  0.457214  0.768459  0.748856  0.701956  0.726321  0.789572  0.925831  0.668679  0.552882  0.532348  0.722500  0.873753  0.595167  0.751310 
7  0.603086  0.683109  0.812822  0.579914  0.867316  0.610325  0.627785 0.0  0.774341  0.667875  0.721015  0.782711  0.749095  0.659664  0.842054  0.823854  0.759229  0.740010  0.719933  0.661543  0.842505  0.788655  0.560270  0.801326  0.792129  0.906269  0.745761  0.632202  0.713652  0.781037  0.568505  0.880207  0.749914  0.383126  0.276807  0.601201  0.935392  0.896784  0.638630  0.710745  0.736453  0.479150  0.832834  0.731743 
8  0.839040  0.845264  0.834448  0.849770  0.822534  0.876090  0.933116  0.774341 0.0  0.837756  0.873788  0.714580  0.766815  0.997083  0.893096  0.646789  0.794977  0.791914  0.862649  0.382569  0.844965  0.854523  0.835403  0.697759  0.675175  0.801631  0.758785  0.880631  0.939059  0.738224  0.720084  0.733439  0.655452  0.887835  0.664492  0.937038  0.695471  0.828628  0.788718  0.819405  0.859303  0.868445  0.911311  0.826625 
9  0.745746  0.481569  0.598288  0.766916  0.859557  0.661919  0.660235  0.667875  0.837756 0.0  0.540214  0.605564  0.588172  0.739596  0.809102  0.400173  0.401992  0.659837  0.613624  0.726125  0.732822  0.828631  0.889587  0.643203  0.600706  0.610783  0.690008  0.483091  0.735902  0.646956  0.638638  0.592542  0.455580  0.709755  0.766409  0.568720  0.587337  0.744152  0.791024  0.726001  0.500784  0.838639  0.735230  0.455780 
10  0.637863  0.587867  0.659207  0.716824  0.878740  0.679244  0.675019  0.721015  0.873788  0.540214 0.0  0.652124  0.668191  0.594554  0.764071  0.588134  0.620506  0.812975  0.341905  0.854248  0.722748  0.647181  0.739882  0.590239  0.737990  0.750496  0.672540  0.518039  0.765793  0.554767  0.576241  0.583799  0.593031  0.701269  0.571183  0.431287  0.712629  0.789083  0.693940  0.734505  0.534455  0.834404  0.906587  0.481025 
11  0.734296  0.563264  0.616746  0.812626  0.704992  0.839480  0.766095  0.782711  0.714580  0.605564  0.652124 0.0  0.576038  0.867156  0.869279  0.468672  0.410804  0.903100  0.645199  0.696130  0.722103  0.852606  0.749004  0.670927  0.642201  0.649695  0.775492  0.600893  0.851153  0.759225  0.830568  0.472241  0.291072  0.744939  0.704981  0.683294  0.481316  0.771465  0.815226  0.868319  0.575877  0.769355  0.979519  0.495034 
12  0.743929  0.673727  0.506432  0.754446  0.867875  0.908757  0.812878  0.749095  0.766815  0.588172  0.668191  0.576038 0.0  0.800906  0.737292  0.509855  0.684985  0.763149  0.677426  0.696142  0.647974  0.772178  0.800947  0.343897  0.531176  0.607641  0.810928  0.655832  0.813028  0.358564  0.679357  0.556119  0.630465  0.790884  0.848815  0.667538  0.537435  0.712032  0.868758  0.851610  0.630922  0.858792  0.899273  0.506839 
13  0.760258  0.714006  0.793055  0.579430  0.778572  0.566991  0.496492  0.659664  0.997083  0.739596  0.594554  0.867156  0.800906 0.0  0.638431  0.820411  0.782657  0.577656  0.764197  0.831891  0.616443  0.722570  0.767152  0.738539  0.826910  0.845972  0.436585  0.704276  0.614509  0.725382  0.600672  0.906042  0.672539  0.650563  0.658383  0.570734  0.910197  0.797100  0.322443  0.531967  0.772229  0.868806  0.579145  0.546861 
14  0.670507  0.892374  0.822611  0.736348  0.668003  0.570980  0.587464  0.842054  0.893096  0.809102  0.764071  0.869279  0.737292  0.638431 0.0  0.889886  0.847355  0.456289  0.949771  0.919529  0.660079  0.659844  0.824858  0.859008  0.679621  0.807953  0.539267  0.783866  0.802342  0.843674  0.597385  0.842658  0.874370  0.718138  0.867472  0.856870  0.785462  0.532901  0.617785  0.492184  0.771000  0.698649  0.558621  0.692672 
15  0.872883  0.497281  0.582792  0.838853  0.917846  0.814099  0.857076  0.823854  0.646789  0.400173  0.588134  0.468672  0.509855  0.820411  0.889886 0.0  0.428166  0.859010  0.574975  0.780658  0.634232  0.843457  0.898873  0.553124  0.660124  0.659165  0.839975  0.656013  0.808557  0.628945  0.663069  0.370047  0.519256  0.856873  0.823213  0.545078  0.492271  0.582091  0.877614  0.841446  0.553954  0.810352  1.000000  0.446626 
16  0.659839  0.318474  0.662128  0.674925  0.747768  0.740813  0.734774  0.759229  0.794977  0.401992  0.620506  0.410804  0.684985  0.782657  0.847355  0.428166 0.0  0.868354  0.675408  0.735689  0.831542  0.737995  0.720431  0.585846  0.671363  0.662350  0.783974  0.588379  0.789435  0.741432  0.748814  0.284694  0.482091  0.620189  0.839421  0.523008  0.570296  0.795322  0.695571  0.738945  0.547472  0.759327  0.807299  0.677110 
17  0.626572  0.985416  0.904696  0.801787  0.550364  0.632200  0.524162  0.740010  0.791914  0.659837  0.812975  0.903100  0.763149  0.577656  0.456289  0.859010  0.868354 0.0  0.751971  0.801627  0.647676  0.638110  0.805461  0.818404  0.813749  0.769734  0.518413  0.882227  0.853541  0.844422  0.633483  0.832198  0.801117  0.752177  0.813619  0.890971  0.812580  0.824722  0.550635  0.521692  0.855694  0.694506  0.599318  0.682992 
18  0.706992  0.589429  0.649749  0.683736  0.836952  0.668345  0.771172  0.719933  0.862649  0.613624  0.341905  0.645199  0.677426  0.764197  0.949771  0.574975  0.675408  0.751971 0.0  0.806741  0.647797  0.627336  0.699829  0.723862  0.740970  0.746527  0.573082  0.492529  0.629780  0.555441  0.567908  0.607043  0.691989  0.652806  0.646525  0.554593  0.595506  0.827732  0.535539  0.712403  0.492455  0.840856  0.684480  0.423320 
19  0.866605  0.833926  0.746634  0.875601  0.812054  0.838262  0.752052  0.661543  0.382569  0.726125  0.854248  0.696130  0.696142  0.831891  0.919529  0.780658  0.735689  0.801627  0.806741 0.0  0.654603  0.854886  0.628203  0.917880  0.790198  0.681369  0.884916  0.913634  0.740038  0.791877  0.849851  0.702610  0.674327  0.806071  0.844065  0.969399  0.819461  0.804409  0.963928  0.876412  0.851530  0.858696  0.809927  0.785168 
20  0.802776  0.744621  0.606273  0.737717  0.695067  0.715600  0.680083  0.842505  0.844965  0.732822  0.722748  0.722103  0.647974  0.616443  0.660079  0.634232  0.831542  0.647676  0.647797  0.654603 0.0  0.769848  0.811896  0.608127  0.616090  0.586300  0.724650  0.810535  0.775741  0.677707  0.776630  0.729364  0.754946  0.778042  0.780027  0.743188  0.656054  0.531512  0.588549  0.706378  0.695935  0.723386  0.721587  0.583413 
21  0.568098  0.764923  0.761118  0.718383  0.750292  0.697094  0.667822  0.788655  0.854523  0.828631  0.647181  0.852606  0.772178  0.722570  0.659844  0.843457  0.737995  0.638110  0.627336  0.854886  0.769848 0.0  0.710033  0.836605  0.713149  0.830798  0.504990  0.761691  0.714397  0.635396  0.511576  0.810743  0.784472  0.657080  0.535098  0.780654  0.698989  0.724601  0.736435  0.677811  0.755685  0.763632  0.528828  0.879625 
22  0.702007  0.743447  0.827936  0.375691  0.898110  0.666480  0.667800  0.560270  0.835403  0.889587  0.739882  0.749004  0.800947  0.767152  0.824858  0.898873  0.720431  0.805461  0.699829  0.628203  0.811896  0.710033 0.0  0.803696  0.933542  0.820609  0.731689  0.703511  0.650791  0.764859  0.611340  0.827048  0.728096  0.389623  0.430878  0.806861  0.762190  0.702986  0.763741  0.723592  0.633308  0.541453  0.665726  0.809519 
23  0.755374  0.847931  0.525336  0.892254  0.852432  0.829687  0.705778  0.801326  0.697759  0.643203  0.590239  0.670927  0.343897  0.738539  0.859008  0.553124  0.585846  0.818404  0.723862  0.917880  0.608127  0.836605  0.803696 0.0  0.600088  0.580860  0.790260  0.576861  0.781910  0.361020  0.644345  0.574881  0.642670  0.718270  0.815994  0.657620  0.534365  0.604580  0.782207  0.913856  0.695992  0.772706  0.901183  0.469508 
24  0.776012  0.698073  0.604281  0.898086  0.787859  0.736232  0.829650  0.792129  0.675175  0.600706  0.737990  0.642201  0.531176  0.826910  0.679621  0.660124  0.671363  0.813749  0.740970  0.790198  0.616090  0.713149  0.933542  0.600088 0.0  0.488287  0.690643  0.851217  0.829810  0.421123  0.732737  0.689277  0.689966  0.833013  0.810134  0.807541  0.523579  0.744616  0.736858  0.699221  0.696868  0.852676  0.745463  0.580450 
25  0.773428  0.750252  0.623646  0.815205  0.700969  0.770224  0.711184  0.906269  0.801631  0.610783  0.750496  0.649695  0.607641  0.845972  0.807953  0.659165  0.662350  0.769734  0.746527  0.681369  0.586300  0.830798  0.820609  0.580860  0.488287 0.0  0.773446  0.777883  0.788768  0.541816  0.601017  0.604198  0.552916  0.825577  0.789521  0.741528  0.610964  0.593115  0.812117  0.777248  0.641492  0.833040  0.782065  0.461652 
26  0.560084  0.727334  0.817478  0.725946  0.585405  0.600193  0.375026  0.745761  0.758785  0.690008  0.672540  0.775492  0.810928  0.436585  0.539267  0.839975  0.783974  0.518413  0.573082  0.884916  0.724650  0.504990  0.731689  0.790260  0.690643  0.773446 0.0  0.668689  0.688246  0.861110  0.472288  0.859413  0.957341  0.653162  0.675367  0.585985  0.915773  0.629130  0.465386  0.406340  0.843634  0.794012  0.475730  0.843554 
27  0.702682  0.428715  0.695444  0.692323  0.869569  0.718963  0.740859  0.632202  0.880631  0.483091  0.518039  0.600893  0.655832  0.704276  0.783866  0.656013  0.588379  0.882227  0.492529  0.913634  0.810535  0.761691  0.703511  0.576861  0.851217  0.777883  0.668689 0.0  0.690550  0.636395  0.641279  0.590951  0.390665  0.658560  0.783781  0.487779  0.615948  0.731205  0.689094  0.776975  0.467300  0.919169  0.737234  0.613154 
28  0.652189  0.776446  0.774011  0.732325  0.837780  0.621915  0.637247  0.713652  0.939059  0.735902  0.765793  0.851153  0.813028  0.614509  0.802342  0.808557  0.789435  0.853541  0.629780  0.740038  0.775741  0.714397  0.650791  0.781910  0.829810  0.788768  0.688246  0.690550 0.0  0.655845  0.623401  0.840296  0.883286  0.572000  0.640636  0.681104  0.812920  0.760112  0.735419  0.634393  0.691902  0.895165  0.628758  0.709269 
29  0.747442  0.718084  0.553879  0.652531  0.748555  0.632820  0.856994  0.781037  0.738224  0.646956  0.554767  0.759225  0.358564  0.725382  0.843674  0.628945  0.741432  0.844422  0.555441  0.791877  0.677707  0.635396  0.764859  0.361020  0.421123  0.541816  0.861110  0.636395  0.655845 0.0  0.595669  0.747156  0.713216  0.833554  0.811705  0.636234  0.613368  0.748119  0.606369  0.707104  0.628386  0.761258  0.804373  0.607185 
30  0.611788  0.663586  0.750583  0.520876  0.641056  0.542992  0.457214  0.568505  0.720084  0.638638  0.576241  0.830568  0.679357  0.600672  0.597385  0.663069  0.748814  0.633483  0.567908  0.849851  0.776630  0.511576  0.611340  0.644345  0.732737  0.601017  0.472288  0.641279  0.623401  0.595669 0.0  0.627354  0.770663  0.588863  0.608484  0.624059  0.607689  0.770965  0.561821  0.526204  0.723641  0.806502  0.528473  0.754196 
31  0.832213  0.442217  0.450699  0.858779  0.735321  0.788338  0.768459  0.880207  0.733439  0.592542  0.583799  0.472241  0.556119  0.906042  0.842658  0.370047  0.284694  0.832198  0.607043  0.702610  0.729364  0.810743  0.827048  0.574881  0.689277  0.604198  0.859413  0.590951  0.840296  0.747156  0.627354 0.0  0.391271  0.734912  0.707085  0.599457  0.501021  0.695495  0.720911  0.822032  0.648859  0.754856  0.915630  0.460417 
32  0.873098  0.557128  0.476437  0.865283  0.900404  0.837586  0.748856  0.749914  0.655452  0.455580  0.593031  0.291072  0.630465  0.672539  0.874370  0.519256  0.482091  0.801117  0.691989  0.674327  0.754946  0.784472  0.728096  0.642670  0.689966  0.552916  0.957341  0.390665  0.883286  0.713216  0.770663  0.391271 0.0  0.813911  0.800770  0.635332  0.471553  0.695598  0.888274  0.896859  0.562871  0.902754  0.721562  0.436716 
33  0.650688  0.605472  0.797469  0.431553  0.800365  0.652459  0.701956  0.383126  0.887835  0.709755  0.701269  0.744939  0.790884  0.650563  0.718138  0.856873  0.620189  0.752177  0.652806  0.806071  0.778042  0.657080  0.389623  0.718270  0.833013  0.825577  0.653162  0.658560  0.572000  0.833554  0.588863  0.734912  0.813911 0.0  0.284578  0.653842  0.753165  0.825579  0.752105  0.607168  0.747881  0.545019  0.620485  0.889996 
34  0.678979  0.731925  0.752952  0.494597  0.790332  0.695301  0.726321  0.276807  0.664492  0.766409  0.571183  0.704981  0.848815  0.658383  0.867472  0.823213  0.839421  0.813619  0.646525  0.844065  0.780027  0.535098  0.430878  0.815994  0.810134  0.789521  0.675367  0.783781  0.640636  0.811705  0.608484  0.707085  0.800770  0.284578 0.0  0.626257  0.768261  0.947228  0.686218  0.593584  0.844252  0.513613  0.735399  0.794147 
35  0.680197  0.508074  0.707986  0.708350  0.887638  0.776048  0.789572  0.601201  0.937038  0.568720  0.431287  0.683294  0.667538  0.570734  0.856870  0.545078  0.523008  0.890971  0.554593  0.969399  0.743188  0.780654  0.806861  0.657620  0.807541  0.741528  0.585985  0.487779  0.681104  0.636234  0.624059  0.599457  0.635332  0.653842  0.626257 0.0  0.616163  0.867815  0.671279  0.766981  0.490490  0.820670  0.831100  0.543970 
36  0.709604  0.645009  0.297199  0.772685  0.822675  0.706942  0.925831  0.935392  0.695471  0.587337  0.712629  0.481316  0.537435  0.910197  0.785462  0.492271  0.570296  0.812580  0.595506  0.819461  0.656054  0.698989  0.762190  0.534365  0.523579  0.610964  0.915773  0.615948  0.812920  0.613368  0.607689  0.501021  0.471553  0.753165  0.768261  0.616163 0.0  0.637730  0.814320  0.745559  0.645814  0.807188  0.840470  0.526392 
37  0.815606  0.750247  0.659516  0.850661  0.473393  0.702619  0.668679  0.896784  0.828628  0.744152  0.789083  0.771465  0.712032  0.797100  0.532901  0.582091  0.795322  0.824722  0.827732  0.804409  0.531512  0.724601  0.702986  0.604580  0.744616  0.593115  0.629130  0.731205  0.760112  0.748119  0.770965  0.695495  0.695598  0.825579  0.947228  0.867815  0.637730 0.0  0.714183  0.537820  0.797295  0.773820  0.534295  0.607672 
38  0.725616  0.825553  0.783352  0.699501  0.714390  0.579726  0.552882  0.638630  0.788718  0.791024  0.693940  0.815226  0.868758  0.322443  0.617785  0.877614  0.695571  0.550635  0.535539  0.963928  0.588549  0.736435  0.763741  0.782207  0.736858  0.812117  0.465386  0.689094  0.735419  0.606369  0.561821  0.720911  0.888274  0.752105  0.686218  0.671279  0.814320  0.714183 0.0  0.462369  0.733506  0.916802  0.629683  0.550716 
39  0.520789  0.759137  0.813922  0.711508  0.625506  0.584202  0.532348  0.710745  0.819405  0.726001  0.734505  0.868319  0.851610  0.531967  0.492184  0.841446  0.738945  0.521692  0.712403  0.876412  0.706378  0.677811  0.723592  0.913856  0.699221  0.777248  0.406340  0.776975  0.634393  0.707104  0.526204  0.822032  0.896859  0.607168  0.593584  0.766981  0.745559  0.537820  0.462369 0.0  0.750968  0.904843  0.397018  0.729909 
40  0.703363  0.510423  0.606671  0.788253  0.854266  0.824598  0.722500  0.736453  0.859303  0.500784  0.534455  0.575877  0.630922  0.772229  0.771000  0.553954  0.547472  0.855694  0.492455  0.851530  0.695935  0.755685  0.633308  0.695992  0.696868  0.641492  0.843634  0.467300  0.691902  0.628386  0.723641  0.648859  0.562871  0.747881  0.844252  0.490490  0.645814  0.797295  0.733506  0.750968 0.0  0.769515  0.856813  0.528391 
41  0.786419  0.851478  0.872851  0.590149  0.640454  0.784616  0.873753  0.479150  0.868445  0.838639  0.834404  0.769355  0.858792  0.868806  0.698649  0.810352  0.759327  0.694506  0.840856  0.858696  0.723386  0.763632  0.541453  0.772706  0.852676  0.833040  0.794012  0.919169  0.895165  0.761258  0.806502  0.754856  0.902754  0.545019  0.513613  0.820670  0.807188  0.773820  0.916802  0.904843  0.769515 0.0  0.748029  0.775045 
42  0.538176  0.734110  0.929500  0.750222  0.439153  0.513852  0.595167  0.832834  0.911311  0.735230  0.906587  0.979519  0.899273  0.579145  0.558621  1.000000  0.807299  0.599318  0.684480  0.809927  0.721587  0.528828  0.665726  0.901183  0.745463  0.782065  0.475730  0.737234  0.628758  0.804373  0.528473  0.915630  0.721562  0.620485  0.735399  0.831100  0.840470  0.534295  0.629683  0.397018  0.856813  0.748029 0.0  0.767534 
43  0.669076  0.523336  0.434826  0.709072  0.698423  0.713721  0.751310  0.731743  0.826625  0.455780  0.481025  0.495034  0.506839  0.546861  0.692672  0.446626  0.677110  0.682992  0.423320  0.785168  0.583413  0.879625  0.809519  0.469508  0.580450  0.461652  0.843554  0.613154  0.709269  0.607185  0.754196  0.460417  0.436716  0.889996  0.794147  0.543970  0.526392  0.607672  0.550716  0.729909  0.528391  0.775045  0.767534 0.0 
