62
0 0.0  0.762880  0.605958  0.719842  0.956640  0.835494  0.786804  0.830567  0.743755  0.732132  0.784166  0.838921  0.785418  0.749878  0.528314  0.800376  0.278493  0.381635  0.490668  0.487219  0.751955  0.800324  0.800054  0.841581  0.770001  0.757328  0.641505  0.908710  0.616311  0.706898  0.647948  0.745828  0.824965  0.749612  0.727645  0.877386  0.736938  0.761550  0.806060  0.863192  0.729688  0.832058  0.828897  0.842008  0.698657  0.639961  0.846505  0.731365  0.769840  0.600870  0.890825  0.540159  0.563026  0.712132  0.824538  0.815407  0.665910  0.675089  0.820636  0.737531  0.531109  0.444711 
1  0.762880 0.0  0.718433  0.640141  0.867391  0.806452  0.578929  0.666846  0.700613  0.803415  0.821997  0.983302  0.836716  0.708859  0.746804  0.552293  0.856570  0.815996  0.838500  0.836676  0.883932  0.796195  0.739369  0.759151  0.549968  0.844167  0.895687  0.810109  0.738125  0.834888  0.700559  0.953163  0.788420  0.794604  0.775913  0.790722  0.760472  0.724948  0.739817  0.782552  0.755674  0.829393  0.597817  0.818289  0.844668  0.842619  0.841576  0.753136  0.712675  0.795093  0.851653  0.785808  0.808636  0.863898  0.915453  0.730765  0.703484  0.612931  0.740293  0.710499  0.683189  0.799535 
2  0.605958  0.718433 0.0  0.786859  0.783855  0.821556  0.729861  0.829718  0.505102  0.753126  0.920592  0.814151  0.554627  0.741740  0.407004  0.694415  0.544084  0.591571  0.470803  0.475232  0.894364  0.796843  0.850168  0.752541  0.829333  0.820573  0.731880  0.730805  0.483655  0.676168  0.697349  0.685970  0.748992  0.813467  0.776699  0.749918  0.827855  0.770342  0.768722  0.713044  0.758762  0.781238  0.802730  0.756855  0.594381  0.759721  0.848602  0.899474  0.751804  0.541262  0.780300  0.509706  0.458176  0.603699  0.778178  0.892691  0.533272  0.603294  0.746044  0.697376  0.531137  0.478677 
3  0.719842  0.640141  0.786859 0.0  0.859156  0.594691  0.565139  0.633696  0.627841  0.769020  0.825039  0.833752  0.779330  0.683534  0.699843  0.592079  0.836319  0.748967  0.760031  0.745206  0.807635  0.675009  0.827224  0.919476  0.719376  0.908627  0.711196  0.771127  0.729719  0.841844  0.716873  0.818837  0.793395  0.771817  0.904611  0.870452  0.693675  0.774888  0.792995  0.801518  0.892567  0.771215  0.714575  0.799359  0.755662  0.833558  0.763272  0.728124  0.825250  0.674107  0.869393  0.717213  0.677510  0.830389  0.873490  0.826313  0.604214  0.735238  0.798255  0.881038  0.683421  0.770334 
4  0.956640  0.867391  0.783855  0.859156 0.0  0.884256  0.733788  0.840982  0.781922  0.697660  0.768587  0.808853  0.755389  0.714843  0.764587  0.791814  0.844741  0.844478  0.834857  0.749809  0.414997  0.606049  0.541959  0.460171  0.749226  0.630419  0.758071  0.829726  0.818534  0.698846  0.493299  0.631357  0.644035  0.540558  0.578817  0.648820  0.605992  0.549371  0.538234  0.552853  0.585106  0.260547  0.924772  0.496121  0.845790  0.769199  0.393228  0.424574  0.561189  0.741848  0.352731  0.787223  0.740469  0.805103  0.442916  0.537651  0.789654  0.766400  0.705643  0.675796  0.704172  0.854318 
5  0.835494  0.806452  0.821556  0.594691  0.884256 0.0  0.611487  0.580965  0.719423  0.856248  0.829258  0.897153  0.753555  0.900103  0.690840  0.693910  0.731012  0.731930  0.763686  0.715076  0.854809  0.871735  0.800260  0.884552  0.681625  0.800001  0.793298  0.807655  0.614768  0.782680  0.819861  0.946526  0.892193  0.825943  0.835579  0.806248  0.912000  0.764440  0.816699  0.929193  0.810967  0.899386  0.600614  0.865295  0.741132  0.635284  0.892112  0.926540  0.928564  0.602575  0.848751  0.847953  0.779591  0.828678  0.834335  0.826837  0.757359  0.697221  0.766514  0.860328  0.735636  0.764413 
6  0.786804  0.578929  0.729861  0.565139  0.733788  0.611487 0.0  0.594737  0.697995  0.883920  0.795762  0.896620  0.753879  0.807308  0.748596  0.799523  0.799179  0.839119  0.800713  0.814923  0.781996  0.847052  0.864392  0.798867  0.761073  0.982103  0.932684  0.791927  0.675755  0.818064  0.830405  0.824287  0.849400  0.850998  0.902041  0.832197  0.857888  0.836962  0.854428  0.863277  0.927478  0.813171  0.726037  0.834809  0.867555  0.799352  0.814511  0.765105  0.746371  0.766948  0.774693  0.707024  0.702829  0.715290  0.900420  0.897116  0.756760  0.679710  0.830205  0.860353  0.841709  0.805479 
7  0.830567  0.666846  0.829718  0.633696  0.840982  0.580965  0.594737 0.0  0.733747  0.754720  0.868050  0.912193  0.812024  0.704205  0.724657  0.639037  0.840446  0.692084  0.817279  0.835963  0.721955  0.850789  0.800559  0.892455  0.608851  0.854666  0.951904  0.785170  0.768838  0.920975  0.898707  0.851842  0.787094  0.933837  0.885534  0.872334  0.914749  0.698961  0.825914  0.785320  0.796713  0.785665  0.677719  0.861232  0.703237  0.810859  0.851257  0.921404  0.863779  0.680825  0.722057  0.704128  0.765917  0.851739  0.922209  0.900638  0.705530  0.780460  0.789251  0.844864  0.725176  0.789623 
8  0.743755  0.700613  0.505102  0.627841  0.781922  0.719423  0.697995  0.733747 0.0  0.741531  0.805059  0.756966  0.816238  0.802065  0.661699  0.594019  0.677015  0.638505  0.670863  0.651621  0.686573  0.848886  0.798803  0.774161  0.740085  0.768501  0.809101  0.863426  0.553131  0.814616  0.818633  0.754866  0.809082  0.669449  0.835752  0.878782  0.682193  0.804849  0.877095  0.775229  0.756407  0.869415  0.528869  0.747259  0.676784  0.841228  0.770699  0.791160  0.821321  0.555163  0.956914  0.714379  0.573872  0.733399  0.794900  0.726872  0.560780  0.609093  0.731069  0.724741  0.674420  0.691225 
9  0.732132  0.803415  0.753126  0.769020  0.697660  0.856248  0.883920  0.754720  0.741531 0.0  0.829564  0.734478  0.816711  0.655027  0.822045  0.753783  0.826306  0.759866  0.711269  0.745837  0.603924  0.563988  0.636973  0.627887  0.691670  0.611731  0.816291  0.869480  0.661718  0.554249  0.601431  0.594675  0.561133  0.574749  0.634657  0.593569  0.562067  0.584838  0.609615  0.581002  0.615717  0.614725  0.802162  0.651691  0.907697  0.733422  0.642493  0.686954  0.546819  0.674948  0.676047  0.788908  0.726585  0.870744  0.747791  0.596877  0.696360  0.608903  0.748867  0.530439  0.728748  0.774519 
10  0.784166  0.821997  0.920592  0.825039  0.768587  0.829258  0.795762  0.868050  0.805059  0.829564 0.0  0.479195  0.905917  0.767225  0.835198  0.855534  0.758548  0.794255  0.914429  0.942093  0.750358  0.691156  0.727661  0.743419  0.767851  0.718011  0.855668  0.596762  0.930929  0.769989  0.796477  0.919953  0.772682  0.789499  0.814904  0.811657  0.852131  0.810789  0.802050  0.792095  0.710425  0.848480  0.802283  0.707263  0.891038  0.835988  0.834337  0.801020  0.831360  0.830882  0.842094  0.868879  0.949968  0.848610  0.900921  0.849578  0.743692  0.706880  0.618441  0.811811  0.927221  0.915675 
11  0.838921  0.983302  0.814151  0.833752  0.808853  0.897153  0.896620  0.912193  0.756966  0.734478  0.479195 0.0  0.848276  0.796910  0.844083  0.768195  0.801162  0.854945  0.839457  0.688585  0.810694  0.737622  0.769609  0.786260  0.758665  0.853590  0.811847  0.590573  0.807418  0.912872  0.719570  0.856734  0.761447  0.888120  0.776095  0.843116  0.713458  0.862600  0.772021  0.822343  0.851877  0.797258  0.866920  0.640747  0.987691  0.999083  0.870533  0.825468  0.683470  1.000000  0.907189  0.856826  0.738037  0.866609  0.821182  0.809436  0.813845  0.937630  0.698617  0.814628  0.955165  0.837592 
12  0.785418  0.836716  0.554627  0.779330  0.755389  0.753555  0.753879  0.812024  0.816238  0.816711  0.905917  0.848276 0.0  0.779831  0.678964  0.758073  0.621325  0.689059  0.639343  0.733470  0.769187  0.855842  0.817585  0.680761  0.862011  0.700165  0.343239  0.836816  0.739686  0.787972  0.805573  0.835324  0.851769  0.769022  0.682095  0.852402  0.663419  0.619045  0.823511  0.880635  0.818558  0.761209  0.863162  0.818003  0.722762  0.547996  0.937784  0.798472  0.730955  0.803696  0.836245  0.729553  0.600731  0.780768  0.745374  0.849004  0.708496  0.786882  0.887785  0.782187  0.739780  0.707785 
13  0.749878  0.708859  0.741740  0.683534  0.714843  0.900103  0.807308  0.704205  0.802065  0.655027  0.767225  0.796910  0.779831 0.0  0.627175  0.780745  0.848342  0.745923  0.676370  0.836902  0.631797  0.561266  0.625782  0.414545  0.795595  0.539263  0.720602  0.833837  0.788414  0.601518  0.593578  0.456815  0.578148  0.470650  0.601207  0.467313  0.504544  0.478479  0.506371  0.542175  0.607643  0.702600  0.843244  0.516380  0.758706  0.848820  0.609108  0.584377  0.447640  0.771616  0.637767  0.761690  0.761304  0.856302  0.584205  0.462915  0.912521  0.806732  0.711622  0.554078  0.688079  0.748510 
14  0.528314  0.746804  0.407004  0.699843  0.764587  0.690840  0.748596  0.724657  0.661699  0.822045  0.835198  0.844083  0.678964  0.627175 0.0  0.743353  0.486878  0.451089  0.429116  0.580689  0.803215  0.700736  0.806948  0.774262  0.774140  0.798016  0.796594  0.915135  0.568872  0.746618  0.764096  0.838444  0.789150  0.812963  0.833031  0.792383  0.737221  0.857862  0.877439  0.838096  0.825605  0.807890  0.843047  0.761425  0.575352  0.706565  0.826611  0.788378  0.769882  0.571690  0.925129  0.468063  0.339804  0.668548  0.783284  0.853902  0.624646  0.604871  0.868202  0.865119  0.426448  0.446536 
15  0.800376  0.552293  0.694415  0.592079  0.791814  0.693910  0.799523  0.639037  0.594019  0.753783  0.855534  0.768195  0.758073  0.780745  0.743353 0.0  0.891704  0.784687  0.638005  0.792710  0.714865  0.811744  0.771842  0.855960  0.693281  0.730907  0.843080  0.749665  0.724805  0.763483  0.778355  0.789196  0.721248  0.803593  0.754852  0.820921  0.719914  0.718718  0.777893  0.665806  0.808011  0.830481  0.718018  0.848748  0.887492  0.777659  0.812303  0.729694  0.693571  0.847564  0.743662  0.816227  0.768018  0.810125  0.813080  0.799033  0.657137  0.715610  0.869730  0.833948  0.773269  0.787693 
16  0.278493  0.856570  0.544084  0.836319  0.844741  0.731012  0.799179  0.840446  0.677015  0.826306  0.758548  0.801162  0.621325  0.848342  0.486878  0.891704 0.0  0.390747  0.416597  0.518968  0.780560  0.745479  0.750065  0.767263  0.762573  0.827552  0.736454  0.867891  0.621869  0.735411  0.850251  0.704738  0.861096  0.742370  0.886343  0.695571  0.748001  0.697821  0.770060  0.773671  0.683169  0.746815  0.746904  0.870491  0.570189  0.573972  0.817274  0.753169  0.800038  0.560230  0.742294  0.423664  0.550313  0.595612  0.704886  0.703574  0.690354  0.661934  0.842787  0.821135  0.497054  0.401879 
17  0.381635  0.815996  0.591571  0.748967  0.844478  0.731930  0.839119  0.692084  0.638505  0.759866  0.794255  0.854945  0.689059  0.745923  0.451089  0.784687  0.390747 0.0  0.286407  0.375427  0.717093  0.670337  0.962111  0.732389  0.854940  0.765828  0.607189  0.946680  0.595155  0.782405  0.795304  0.810084  0.782235  0.785628  0.757249  0.781355  0.661523  0.761006  0.837728  0.773568  0.814662  0.784482  0.886868  0.708847  0.600884  0.691646  0.848258  0.805170  0.842248  0.695078  0.832480  0.484796  0.579961  0.677457  0.897921  0.762751  0.716707  0.704914  0.761457  0.764471  0.380375  0.278168 
18  0.490668  0.838500  0.470803  0.760031  0.834857  0.763686  0.800713  0.817279  0.670863  0.711269  0.914429  0.839457  0.639343  0.676370  0.429116  0.638005  0.416597  0.286407 0.0  0.378288  0.675974  0.884256  0.845482  0.745197  0.737368  0.730658  0.654347  0.849238  0.661826  0.715782  0.731706  0.697688  0.768734  0.765902  0.745905  0.720200  0.786946  0.760342  0.708083  0.835213  0.795010  0.791017  0.746560  0.771867  0.568925  0.683937  0.739552  0.744843  0.759257  0.650072  0.707987  0.385695  0.603526  0.543164  0.805443  0.786931  0.628870  0.636488  0.848443  0.740931  0.273594  0.372758 
19  0.487219  0.836676  0.475232  0.745206  0.749809  0.715076  0.814923  0.835963  0.651621  0.745837  0.942093  0.688585  0.733470  0.836902  0.580689  0.792710  0.518968  0.375427  0.378288 0.0  0.828858  0.685009  0.822741  0.825326  0.792842  0.712354  0.624048  0.803218  0.619488  0.696423  0.780945  0.717512  0.769564  0.705533  0.700657  0.852770  0.760239  0.739566  0.751132  0.756557  0.810881  0.782106  0.736718  0.708442  0.592702  0.703209  0.709194  0.709153  0.817146  0.669110  0.679730  0.377468  0.409464  0.705873  0.687977  0.707605  0.638878  0.578534  0.804231  0.882838  0.461865  0.392798 
20  0.751955  0.883932  0.894364  0.807635  0.414997  0.854809  0.781996  0.721955  0.686573  0.603924  0.750358  0.810694  0.769187  0.631797  0.803215  0.714865  0.780560  0.717093  0.675974  0.828858 0.0  0.522597  0.524582  0.547371  0.781219  0.598222  0.873565  0.819141  0.875586  0.721940  0.477083  0.554210  0.564638  0.611961  0.639844  0.627251  0.608678  0.674070  0.569856  0.609674  0.554732  0.388263  0.811687  0.413013  0.745256  0.907411  0.526998  0.474804  0.632115  0.853087  0.367606  0.741238  0.857532  0.917290  0.447763  0.400853  0.806557  0.822825  0.739035  0.609781  0.779454  0.792816 
21  0.800324  0.796195  0.796843  0.675009  0.606049  0.871735  0.847052  0.850789  0.848886  0.563988  0.691156  0.737622  0.855842  0.561266  0.700736  0.811744  0.745479  0.670337  0.884256  0.685009  0.522597 0.0  0.575709  0.355445  0.779234  0.210969  0.714405  0.565530  0.808554  0.455861  0.425085  0.438793  0.478340  0.325143  0.577092  0.446745  0.337973  0.248820  0.418199  0.208017  0.305824  0.641955  0.740647  0.604410  0.885816  0.747676  0.510707  0.438595  0.320235  0.721245  0.599917  0.820907  0.810066  0.833248  0.523163  0.340573  0.708601  0.706538  0.798807  0.278736  0.779566  0.931487 
22  0.800054  0.739369  0.850168  0.827224  0.541959  0.800260  0.864392  0.800559  0.798803  0.636973  0.727661  0.769609  0.817585  0.625782  0.806948  0.771842  0.750065  0.962111  0.845482  0.822741  0.524582  0.575709 0.0  0.583259  0.793199  0.571013  0.828152  0.827353  0.968567  0.578519  0.563837  0.737568  0.634050  0.570846  0.589729  0.692548  0.612569  0.673315  0.628947  0.629530  0.647687  0.537049  0.788650  0.537997  0.943439  0.888369  0.499965  0.605016  0.633465  0.800144  0.494834  0.840575  0.729463  0.838171  0.564118  0.666469  0.815688  0.895143  0.719437  0.565513  0.862825  0.740981 
23  0.841581  0.759151  0.752541  0.919476  0.460171  0.884552  0.798867  0.892455  0.774161  0.627887  0.743419  0.786260  0.680761  0.414545  0.774262  0.855960  0.767263  0.732389  0.745197  0.825326  0.547371  0.355445  0.583259 0.0  0.818838  0.400222  0.794469  0.858952  0.708861  0.473120  0.657754  0.384976  0.493275  0.358132  0.453690  0.590007  0.489823  0.463965  0.254924  0.409762  0.411235  0.501520  0.822966  0.463931  0.809437  0.704809  0.546061  0.422793  0.360201  0.851226  0.600149  0.868081  0.765205  0.825669  0.497453  0.473044  0.815994  0.820128  0.737118  0.488092  0.772626  0.855137 
24  0.770001  0.549968  0.829333  0.719376  0.749226  0.681625  0.761073  0.608851  0.740085  0.691670  0.767851  0.758665  0.862011  0.795595  0.774140  0.693281  0.762573  0.854940  0.737368  0.792842  0.781219  0.779234  0.793199  0.818838 0.0  0.778938  0.841398  0.789104  0.723326  0.785455  0.830441  0.789936  0.782511  0.799973  0.815251  0.936168  0.754976  0.872342  0.826478  0.779162  0.866667  0.836210  0.308125  0.890271  0.743563  0.825438  0.841689  0.731527  0.743567  0.853431  0.835644  0.721527  0.764737  0.733675  0.925650  0.809367  0.731648  0.732598  0.757130  0.848631  0.852154  0.707197 
25  0.757328  0.844167  0.820573  0.908627  0.630419  0.800001  0.982103  0.854666  0.768501  0.611731  0.718011  0.853590  0.700165  0.539263  0.798016  0.730907  0.827552  0.765828  0.730658  0.712354  0.598222  0.210969  0.571013  0.400222  0.778938 0.0  0.817575  0.850985  0.756396  0.391161  0.388305  0.342040  0.486102  0.406004  0.498839  0.530725  0.246454  0.393496  0.335901  0.066194  0.392494  0.544826  0.876469  0.567306  0.839822  0.816050  0.510489  0.510985  0.260057  0.820876  0.650212  0.747422  0.742079  0.862291  0.565950  0.492558  0.828609  0.712930  0.849973  0.427862  0.789697  0.865664 
26  0.641505  0.895687  0.731880  0.711196  0.758071  0.793298  0.932684  0.951904  0.809101  0.816291  0.855668  0.811847  0.343239  0.720602  0.796594  0.843080  0.736454  0.607189  0.654347  0.624048  0.873565  0.714405  0.828152  0.794469  0.841398  0.817575 0.0  0.863282  0.824772  0.874234  0.781551  0.722135  0.700904  0.799929  0.843642  0.701443  0.918122  0.720946  0.829633  0.766507  0.855554  0.726686  0.786141  0.864408  0.720624  0.573860  0.690925  0.788428  0.784572  0.700709  0.814904  0.654893  0.726255  0.686050  0.834980  0.771771  0.809876  0.795212  0.886216  0.770578  0.656613  0.577545 
27  0.908710  0.810109  0.730805  0.771127  0.829726  0.807655  0.791927  0.785170  0.863426  0.869480  0.596762  0.590573  0.836816  0.833837  0.915135  0.749665  0.867891  0.946680  0.849238  0.803218  0.819141  0.565530  0.827353  0.858952  0.789104  0.850985  0.863282 0.0  0.895028  0.808528  0.862599  0.681033  0.713257  0.662048  0.766072  0.856741  0.783007  0.797265  0.836801  0.827687  0.772294  0.893905  0.767704  0.732751  0.889447  0.848024  0.767608  0.866754  0.880476  0.894499  0.849513  0.851424  0.832744  0.940112  0.736254  0.803041  0.791821  0.834136  0.818172  0.826432  0.868746  0.762779 
28  0.616311  0.738125  0.483655  0.729719  0.818534  0.614768  0.675755  0.768838  0.553131  0.661718  0.930929  0.807418  0.739686  0.788414  0.568872  0.724805  0.621869  0.595155  0.661826  0.619488  0.875586  0.808554  0.968567  0.708861  0.723326  0.756396  0.824772  0.895028 0.0  0.777297  0.757084  0.755200  0.905935  0.686132  0.764710  0.663555  0.740309  0.758789  0.799585  0.818284  0.736520  0.860415  0.735723  0.788470  0.596552  0.743792  0.833108  0.773501  0.830578  0.585833  0.840009  0.589470  0.651527  0.679132  0.890197  0.599818  0.654644  0.401222  0.799699  0.756749  0.551135  0.704785 
29  0.706898  0.834888  0.676168  0.841844  0.698846  0.782680  0.818064  0.920975  0.814616  0.554249  0.769989  0.912872  0.787972  0.601518  0.746618  0.763483  0.735411  0.782405  0.715782  0.696423  0.721940  0.455861  0.578519  0.473120  0.785455  0.391161  0.874234  0.808528  0.777297 0.0  0.641331  0.426766  0.356059  0.547318  0.351002  0.337820  0.492736  0.359570  0.457169  0.421447  0.472597  0.693177  0.816342  0.461261  0.763911  0.725470  0.630098  0.547157  0.446855  0.909322  0.592638  0.795516  0.771092  0.795625  0.600669  0.525023  0.762920  0.798445  0.752550  0.487804  0.806448  0.801679 
30  0.647948  0.700559  0.697349  0.716873  0.493299  0.819861  0.830405  0.898707  0.818633  0.601431  0.796477  0.719570  0.805573  0.593578  0.764096  0.778355  0.850251  0.795304  0.731706  0.780945  0.477083  0.425085  0.563837  0.657754  0.830441  0.388305  0.781551  0.862599  0.757084  0.641331 0.0  0.408983  0.513641  0.471044  0.397170  0.532509  0.572217  0.373319  0.469440  0.511855  0.418960  0.535861  0.883321  0.519530  0.827781  0.763140  0.586424  0.370428  0.455288  0.822463  0.491665  0.779936  0.834414  0.831839  0.313058  0.412780  0.740590  0.783778  0.769527  0.461071  0.885677  0.688837 
31  0.745828  0.953163  0.685970  0.818837  0.631357  0.946526  0.824287  0.851842  0.754866  0.594675  0.919953  0.856734  0.835324  0.456815  0.838444  0.789196  0.704738  0.810084  0.697688  0.717512  0.554210  0.438793  0.737568  0.384976  0.789936  0.342040  0.722135  0.681033  0.755200  0.426766  0.408983 0.0  0.411070  0.337342  0.427450  0.330492  0.462106  0.279217  0.473315  0.346890  0.522028  0.693813  0.823730  0.597355  0.719976  0.973472  0.597048  0.640905  0.421283  0.734485  0.641684  0.750056  0.937124  0.823040  0.553032  0.521542  0.754914  0.796074  0.712510  0.448485  0.717138  0.803161 
32  0.824965  0.788420  0.748992  0.793395  0.644035  0.892193  0.849400  0.787094  0.809082  0.561133  0.772682  0.761447  0.851769  0.578148  0.789150  0.721248  0.861096  0.782235  0.768734  0.769564  0.564638  0.478340  0.634050  0.493275  0.782511  0.486102  0.700904  0.713257  0.905935  0.356059  0.513641  0.411070 0.0  0.436373  0.440434  0.507335  0.545809  0.407623  0.465940  0.485519  0.493805  0.559982  0.679218  0.586053  0.802201  0.755500  0.650149  0.494580  0.443332  0.748940  0.651430  0.878231  0.813542  0.773801  0.491821  0.584125  0.733480  0.897035  0.844053  0.508350  0.857458  0.730784 
33  0.749612  0.794604  0.813467  0.771817  0.540558  0.825943  0.850998  0.933837  0.669449  0.574749  0.789499  0.888120  0.769022  0.470650  0.812963  0.803593  0.742370  0.785628  0.765902  0.705533  0.611961  0.325143  0.570846  0.358132  0.799973  0.406004  0.799929  0.662048  0.686132  0.547318  0.471044  0.337342  0.436373 0.0  0.416122  0.449264  0.336210  0.430557  0.239597  0.404383  0.207399  0.660332  0.755484  0.445220  0.798314  0.779475  0.593401  0.600327  0.159902  0.871156  0.447034  0.796961  0.667772  0.825040  0.536970  0.500305  0.774407  0.936840  0.826390  0.196970  0.821178  0.712676 
34  0.727645  0.775913  0.776699  0.904611  0.578817  0.835579  0.902041  0.885534  0.835752  0.634657  0.814904  0.776095  0.682095  0.601207  0.833031  0.754852  0.886343  0.757249  0.745905  0.700657  0.639844  0.577092  0.589729  0.453690  0.815251  0.498839  0.843642  0.766072  0.764710  0.351002  0.397170  0.427450  0.440434  0.416122 0.0  0.367735  0.313465  0.288875  0.359586  0.426197  0.382310  0.623706  0.755552  0.610247  0.723506  0.795467  0.569655  0.645230  0.437240  0.809500  0.686603  0.844524  0.727965  0.816324  0.552431  0.670050  0.787214  0.798350  0.658354  0.334115  0.722154  0.788603 
35  0.877386  0.790722  0.749918  0.870452  0.648820  0.806248  0.832197  0.872334  0.878782  0.593569  0.811657  0.843116  0.852402  0.467313  0.792383  0.820921  0.695571  0.781355  0.720200  0.852770  0.627251  0.446745  0.692548  0.590007  0.936168  0.530725  0.701443  0.856741  0.663555  0.337820  0.532509  0.330492  0.507335  0.449264  0.367735 0.0  0.406107  0.284920  0.444658  0.431526  0.481810  0.651423  0.824523  0.482225  0.840955  0.743992  0.587402  0.566698  0.451706  0.879875  0.557862  0.777435  0.780623  0.771064  0.570500  0.522809  0.805721  0.664218  0.773558  0.438065  0.814348  0.722903 
36  0.736938  0.760472  0.827855  0.693675  0.605992  0.912000  0.857888  0.914749  0.682193  0.562067  0.852131  0.713458  0.663419  0.504544  0.737221  0.719914  0.748001  0.661523  0.786946  0.760239  0.608678  0.337973  0.612569  0.489823  0.754976  0.246454  0.918122  0.783007  0.740309  0.492736  0.572217  0.462106  0.545809  0.336210  0.313465  0.406107 0.0  0.354870  0.301868  0.170555  0.377699  0.567388  0.757239  0.559527  0.809359  0.852711  0.627998  0.457455  0.153668  0.754317  0.679718  0.857410  0.781506  0.874584  0.412741  0.547534  0.771487  0.739359  0.773340  0.035968  0.772505  0.739939 
37  0.761550  0.724948  0.770342  0.774888  0.549371  0.764440  0.836962  0.698961  0.804849  0.584838  0.810789  0.862600  0.619045  0.478479  0.857862  0.718718  0.697821  0.761006  0.760342  0.739566  0.674070  0.248820  0.673315  0.463965  0.872342  0.393496  0.720946  0.797265  0.758789  0.359570  0.373319  0.279217  0.407623  0.430557  0.288875  0.284920  0.354870 0.0  0.384005  0.348316  0.346708  0.607423  0.818380  0.556873  0.737300  0.845942  0.522137  0.531591  0.219379  0.737129  0.644760  0.773384  0.718058  0.786491  0.572997  0.539212  0.656174  0.779055  0.815922  0.359278  0.717803  0.824086 
38  0.806060  0.739817  0.768722  0.792995  0.538234  0.816699  0.854428  0.825914  0.877095  0.609615  0.802050  0.772021  0.823511  0.506371  0.877439  0.777893  0.770060  0.837728  0.708083  0.751132  0.569856  0.418199  0.628947  0.254924  0.826478  0.335901  0.829633  0.836801  0.799585  0.457169  0.469440  0.473315  0.465940  0.239597  0.359586  0.444658  0.301868  0.384005 0.0  0.408106  0.380330  0.607072  0.780519  0.546347  0.749180  0.789487  0.489079  0.514406  0.282041  0.733361  0.591903  0.854023  0.843372  0.814266  0.523995  0.421423  0.707431  0.784160  0.665969  0.251304  0.785686  0.735012 
39  0.863192  0.782552  0.713044  0.801518  0.552853  0.929193  0.863277  0.785320  0.775229  0.581002  0.792095  0.822343  0.880635  0.542175  0.838096  0.665806  0.773671  0.773568  0.835213  0.756557  0.609674  0.208017  0.629530  0.409762  0.779162  0.066194  0.766507  0.827687  0.818284  0.421447  0.511855  0.346890  0.485519  0.404383  0.426197  0.431526  0.170555  0.348316  0.408106 0.0  0.336491  0.555357  0.873946  0.634266  0.744343  0.630659  0.589272  0.484473  0.301577  0.833442  0.598273  0.846114  0.959459  0.717583  0.545674  0.539980  0.698889  0.793223  0.684396  0.207983  0.805861  0.858090 
40  0.729688  0.755674  0.758762  0.892567  0.585106  0.810967  0.927478  0.796713  0.756407  0.615717  0.710425  0.851877  0.818558  0.607643  0.825605  0.808011  0.683169  0.814662  0.795010  0.810881  0.554732  0.305824  0.647687  0.411235  0.866667  0.392494  0.855554  0.772294  0.736520  0.472597  0.418960  0.522028  0.493805  0.207399  0.382310  0.481810  0.377699  0.346708  0.380330  0.336491 0.0  0.689639  0.814380  0.461297  0.782869  0.795993  0.588506  0.424918  0.432673  0.856764  0.550713  0.775807  0.840124  0.831992  0.445867  0.383793  0.755638  0.777246  0.615977  0.470061  0.890833  0.721027 
41  0.832058  0.829393  0.781238  0.771215  0.260547  0.899386  0.813171  0.785665  0.869415  0.614725  0.848480  0.797258  0.761209  0.702600  0.807890  0.830481  0.746815  0.784482  0.791017  0.782106  0.388263  0.641955  0.537049  0.501520  0.836210  0.544826  0.726686  0.893905  0.860415  0.693177  0.535861  0.693813  0.559982  0.660332  0.623706  0.651423  0.567388  0.607423  0.607072  0.555357  0.689639 0.0  0.930103  0.483861  0.812666  0.774193  0.412928  0.420271  0.604092  0.839580  0.332458  0.807111  0.728994  0.861811  0.481569  0.501147  0.870642  0.848062  0.772854  0.611586  0.831075  0.888194 
42  0.828897  0.597817  0.802730  0.714575  0.924772  0.600614  0.726037  0.677719  0.528869  0.802162  0.802283  0.866920  0.863162  0.843244  0.843047  0.718018  0.746904  0.886868  0.746560  0.736718  0.811687  0.740647  0.788650  0.822966  0.308125  0.876469  0.786141  0.767704  0.735723  0.816342  0.883321  0.823730  0.679218  0.755484  0.755552  0.824523  0.757239  0.818380  0.780519  0.873946  0.814380  0.930103 0.0  0.733706  0.873042  0.781144  0.847735  0.895978  0.902113  0.867188  0.927081  0.801983  0.805118  0.832714  0.816423  0.825420  0.703262  0.659933  0.824925  0.858636  0.751486  0.708370 
43  0.842008  0.818289  0.756855  0.799359  0.496121  0.865295  0.834809  0.861232  0.747259  0.651691  0.707263  0.640747  0.818003  0.516380  0.761425  0.848748  0.870491  0.708847  0.771867  0.708442  0.413013  0.604410  0.537997  0.463931  0.890271  0.567306  0.864408  0.732751  0.788470  0.461261  0.519530  0.597355  0.586053  0.445220  0.610247  0.482225  0.559527  0.556873  0.546347  0.634266  0.461297  0.483861  0.733706 0.0  0.853059  0.796818  0.454766  0.533663  0.630063  0.797621  0.474228  0.783022  0.847864  0.860125  0.490303  0.452429  0.744300  0.845716  0.764810  0.530531  0.808191  0.787903 
44  0.698657  0.844668  0.594381  0.755662  0.845790  0.741132  0.867555  0.703237  0.676784  0.907697  0.891038  0.987691  0.722762  0.758706  0.575352  0.887492  0.570189  0.600884  0.568925  0.592702  0.745256  0.885816  0.943439  0.809437  0.743563  0.839822  0.720624  0.889447  0.596552  0.763911  0.827781  0.719976  0.802201  0.798314  0.723506  0.840955  0.809359  0.737300  0.749180  0.744343  0.782869  0.812666  0.873042  0.853059 0.0  0.740175  0.790518  0.721133  0.846153  0.523325  0.803222  0.544439  0.434691  0.615983  0.810658  0.786023  0.613812  0.669355  0.869507  0.655463  0.435295  0.559657 
45  0.639961  0.842619  0.759721  0.833558  0.769199  0.635284  0.799352  0.810859  0.841228  0.733422  0.835988  0.999083  0.547996  0.848820  0.706565  0.777659  0.573972  0.691646  0.683937  0.703209  0.907411  0.747676  0.888369  0.704809  0.825438  0.816050  0.573860  0.848024  0.743792  0.725470  0.763140  0.973472  0.755500  0.779475  0.795467  0.743992  0.852711  0.845942  0.789487  0.630659  0.795993  0.774193  0.781144  0.796818  0.740175 0.0  0.766996  0.788710  0.884843  0.832489  0.740143  0.701965  0.761930  0.566720  0.806820  0.787967  0.857020  0.810059  0.789699  0.839490  0.630348  0.679399 
46  0.846505  0.841576  0.848602  0.763272  0.393228  0.892112  0.814511  0.851257  0.770699  0.642493  0.834337  0.870533  0.937784  0.609108  0.826611  0.812303  0.817274  0.848258  0.739552  0.709194  0.526998  0.510707  0.499965  0.546061  0.841689  0.510489  0.690925  0.767608  0.833108  0.630098  0.586424  0.597048  0.650149  0.593401  0.569655  0.587402  0.627998  0.522137  0.489079  0.589272  0.588506  0.412928  0.847735  0.454766  0.790518  0.766996 0.0  0.519714  0.553771  0.819795  0.467299  0.844298  0.850794  0.812346  0.416398  0.547201  0.779155  0.772355  0.756720  0.499877  0.806287  0.825117 
47  0.731365  0.753136  0.899474  0.728124  0.424574  0.926540  0.765105  0.921404  0.791160  0.686954  0.801020  0.825468  0.798472  0.584377  0.788378  0.729694  0.753169  0.805170  0.744843  0.709153  0.474804  0.438595  0.605016  0.422793  0.731527  0.510985  0.788428  0.866754  0.773501  0.547157  0.370428  0.640905  0.494580  0.600327  0.645230  0.566698  0.457455  0.531591  0.514406  0.484473  0.424918  0.420271  0.895978  0.533663  0.721133  0.788710  0.519714 0.0  0.629179  0.816167  0.557677  0.767687  0.756816  0.736007  0.367164  0.437892  0.800464  0.861437  0.791030  0.534772  0.903504  0.913655 
48  0.769840  0.712675  0.751804  0.825250  0.561189  0.928564  0.746371  0.863779  0.821321  0.546819  0.831360  0.683470  0.730955  0.447640  0.769882  0.693571  0.800038  0.842248  0.759257  0.817146  0.632115  0.320235  0.633465  0.360201  0.743567  0.260057  0.784572  0.880476  0.830578  0.446855  0.455288  0.421283  0.443332  0.159902  0.437240  0.451706  0.153668  0.219379  0.282041  0.301577  0.432673  0.604092  0.902113  0.630063  0.846153  0.884843  0.553771  0.629179 0.0  0.801415  0.542838  0.780024  0.734059  0.889165  0.448313  0.395134  0.758078  0.753831  0.776911  0.141691  0.767473  0.731376 
49  0.600870  0.795093  0.541262  0.674107  0.741848  0.602575  0.766948  0.680825  0.555163  0.674948  0.830882  1.000000  0.803696  0.771616  0.571690  0.847564  0.560230  0.695078  0.650072  0.669110  0.853087  0.721245  0.800144  0.851226  0.853431  0.820876  0.700709  0.894499  0.585833  0.909322  0.822463  0.734485  0.748940  0.871156  0.809500  0.879875  0.754317  0.737129  0.733361  0.833442  0.856764  0.839580  0.867188  0.797621  0.523325  0.832489  0.819795  0.816167  0.801415 0.0  0.685547  0.661772  0.409658  0.688724  0.762590  0.741420  0.624355  0.540815  0.884400  0.694518  0.603339  0.703930 
50  0.890825  0.851653  0.780300  0.869393  0.352731  0.848751  0.774693  0.722057  0.956914  0.676047  0.842094  0.907189  0.836245  0.637767  0.925129  0.743662  0.742294  0.832480  0.707987  0.679730  0.367606  0.599917  0.494834  0.600149  0.835644  0.650212  0.814904  0.849513  0.840009  0.592638  0.491665  0.641684  0.651430  0.447034  0.686603  0.557862  0.679718  0.644760  0.591903  0.598273  0.550713  0.332458  0.927081  0.474228  0.803222  0.740143  0.467299  0.557677  0.542838  0.685547 0.0  0.738430  0.652389  0.818267  0.483828  0.474825  0.873915  0.801356  0.639948  0.526766  0.850256  0.686169 
51  0.540159  0.785808  0.509706  0.717213  0.787223  0.847953  0.707024  0.704128  0.714379  0.788908  0.868879  0.856826  0.729553  0.761690  0.468063  0.816227  0.423664  0.484796  0.385695  0.377468  0.741238  0.820907  0.840575  0.868081  0.721527  0.747422  0.654893  0.851424  0.589470  0.795516  0.779936  0.750056  0.878231  0.796961  0.844524  0.777435  0.857410  0.773384  0.854023  0.846114  0.775807  0.807111  0.801983  0.783022  0.544439  0.701965  0.844298  0.767687  0.780024  0.661772  0.738430 0.0  0.418314  0.554480  0.831475  0.735260  0.615385  0.689923  0.771828  0.769890  0.322765  0.349746 
52  0.563026  0.808636  0.458176  0.677510  0.740469  0.779591  0.702829  0.765917  0.573872  0.726585  0.949968  0.738037  0.600731  0.761304  0.339804  0.768018  0.550313  0.579961  0.603526  0.409464  0.857532  0.810066  0.729463  0.765205  0.764737  0.742079  0.726255  0.832744  0.651527  0.771092  0.834414  0.937124  0.813542  0.667772  0.727965  0.780623  0.781506  0.718058  0.843372  0.959459  0.840124  0.728994  0.805118  0.847864  0.434691  0.761930  0.850794  0.756816  0.734059  0.409658  0.652389  0.418314 0.0  0.666862  0.781609  0.791126  0.682407  0.605390  0.923473  0.806409  0.466269  0.556229 
53  0.712132  0.863898  0.603699  0.830389  0.805103  0.828678  0.715290  0.851739  0.733399  0.870744  0.848610  0.866609  0.780768  0.856302  0.668548  0.810125  0.595612  0.677457  0.543164  0.705873  0.917290  0.833248  0.838171  0.825669  0.733675  0.862291  0.686050  0.940112  0.679132  0.795625  0.831839  0.823040  0.773801  0.825040  0.816324  0.771064  0.874584  0.786491  0.814266  0.717583  0.831992  0.861811  0.832714  0.860125  0.615983  0.566720  0.812346  0.736007  0.889165  0.688724  0.818267  0.554480  0.666862 0.0  0.811630  0.834407  0.777839  0.706644  0.727174  0.783480  0.595647  0.533544 
54  0.824538  0.915453  0.778178  0.873490  0.442916  0.834335  0.900420  0.922209  0.794900  0.747791  0.900921  0.821182  0.745374  0.584205  0.783284  0.813080  0.704886  0.897921  0.805443  0.687977  0.447763  0.523163  0.564118  0.497453  0.925650  0.565950  0.834980  0.736254  0.890197  0.600669  0.313058  0.553032  0.491821  0.536970  0.552431  0.570500  0.412741  0.572997  0.523995  0.545674  0.445867  0.481569  0.816423  0.490303  0.810658  0.806820  0.416398  0.367164  0.448313  0.762590  0.483828  0.831475  0.781609  0.811630 0.0  0.424268  0.930344  0.683588  0.726211  0.609850  0.844526  0.823031 
55  0.815407  0.730765  0.892691  0.826313  0.537651  0.826837  0.897116  0.900638  0.726872  0.596877  0.849578  0.809436  0.849004  0.462915  0.853902  0.799033  0.703574  0.762751  0.786931  0.707605  0.400853  0.340573  0.666469  0.473044  0.809367  0.492558  0.771771  0.803041  0.599818  0.525023  0.412780  0.521542  0.584125  0.500305  0.670050  0.522809  0.547534  0.539212  0.421423  0.539980  0.383793  0.501147  0.825420  0.452429  0.786023  0.787967  0.547201  0.437892  0.395134  0.741420  0.474825  0.735260  0.791126  0.834407  0.424268 0.0  0.765694  0.825650  0.710085  0.402312  0.727478  0.826617 
56  0.665910  0.703484  0.533272  0.604214  0.789654  0.757359  0.756760  0.705530  0.560780  0.696360  0.743692  0.813845  0.708496  0.912521  0.624646  0.657137  0.690354  0.716707  0.628870  0.638878  0.806557  0.708601  0.815688  0.815994  0.731648  0.828609  0.809876  0.791821  0.654644  0.762920  0.740590  0.754914  0.733480  0.774407  0.787214  0.805721  0.771487  0.656174  0.707431  0.698889  0.755638  0.870642  0.703262  0.744300  0.613812  0.857020  0.779155  0.800464  0.758078  0.624355  0.873915  0.615385  0.682407  0.777839  0.930344  0.765694 0.0  0.432727  0.800008  0.765900  0.643846  0.672279 
57  0.675089  0.612931  0.603294  0.735238  0.766400  0.697221  0.679710  0.780460  0.609093  0.608903  0.706880  0.937630  0.786882  0.806732  0.604871  0.715610  0.661934  0.704914  0.636488  0.578534  0.822825  0.706538  0.895143  0.820128  0.732598  0.712930  0.795212  0.834136  0.401222  0.798445  0.783778  0.796074  0.897035  0.936840  0.798350  0.664218  0.739359  0.779055  0.784160  0.793223  0.777246  0.848062  0.659933  0.845716  0.669355  0.810059  0.772355  0.861437  0.753831  0.540815  0.801356  0.689923  0.605390  0.706644  0.683588  0.825650  0.432727 0.0  0.873991  0.843868  0.610697  0.746650 
58  0.820636  0.740293  0.746044  0.798255  0.705643  0.766514  0.830205  0.789251  0.731069  0.748867  0.618441  0.698617  0.887785  0.711622  0.868202  0.869730  0.842787  0.761457  0.848443  0.804231  0.739035  0.798807  0.719437  0.737118  0.757130  0.849973  0.886216  0.818172  0.799699  0.752550  0.769527  0.712510  0.844053  0.826390  0.658354  0.773558  0.773340  0.815922  0.665969  0.684396  0.615977  0.772854  0.824925  0.764810  0.869507  0.789699  0.756720  0.791030  0.776911  0.884400  0.639948  0.771828  0.923473  0.727174  0.726211  0.710085  0.800008  0.873991 0.0  0.695248  0.870714  0.865852 
59  0.737531  0.710499  0.697376  0.881038  0.675796  0.860328  0.860353  0.844864  0.724741  0.530439  0.811811  0.814628  0.782187  0.554078  0.865119  0.833948  0.821135  0.764471  0.740931  0.882838  0.609781  0.278736  0.565513  0.488092  0.848631  0.427862  0.770578  0.826432  0.756749  0.487804  0.461071  0.448485  0.508350  0.196970  0.334115  0.438065  0.035968  0.359278  0.251304  0.207983  0.470061  0.611586  0.858636  0.530531  0.655463  0.839490  0.499877  0.534772  0.141691  0.694518  0.526766  0.769890  0.806409  0.783480  0.609850  0.402312  0.765900  0.843868  0.695248 0.0  0.762794  0.847777 
60  0.531109  0.683189  0.531137  0.683421  0.704172  0.735636  0.841709  0.725176  0.674420  0.728748  0.927221  0.955165  0.739780  0.688079  0.426448  0.773269  0.497054  0.380375  0.273594  0.461865  0.779454  0.779566  0.862825  0.772626  0.852154  0.789697  0.656613  0.868746  0.551135  0.806448  0.885677  0.717138  0.857458  0.821178  0.722154  0.814348  0.772505  0.717803  0.785686  0.805861  0.890833  0.831075  0.751486  0.808191  0.435295  0.630348  0.806287  0.903504  0.767473  0.603339  0.850256  0.322765  0.466269  0.595647  0.844526  0.727478  0.643846  0.610697  0.870714  0.762794 0.0  0.477762 
61  0.444711  0.799535  0.478677  0.770334  0.854318  0.764413  0.805479  0.789623  0.691225  0.774519  0.915675  0.837592  0.707785  0.748510  0.446536  0.787693  0.401879  0.278168  0.372758  0.392798  0.792816  0.931487  0.740981  0.855137  0.707197  0.865664  0.577545  0.762779  0.704785  0.801679  0.688837  0.803161  0.730784  0.712676  0.788603  0.722903  0.739939  0.824086  0.735012  0.858090  0.721027  0.888194  0.708370  0.787903  0.559657  0.679399  0.825117  0.913655  0.731376  0.703930  0.686169  0.349746  0.556229  0.533544  0.823031  0.826617  0.672279  0.746650  0.865852  0.847777  0.477762 0.0 
