62
0 0.0  0.856629  0.597694  0.805154  0.839612  0.812928  0.712280  0.787229  0.647986  0.835032  0.852653  0.912426  0.703592  0.694064  0.524803  0.760770  0.330790  0.430179  0.471069  0.430933  0.879628  0.740708  0.804873  0.780953  0.659962  0.757670  0.603217  0.856734  0.614865  0.784453  0.664219  0.854638  0.810020  0.916474  0.848331  0.848963  0.718818  0.780375  0.864793  0.694086  0.730086  0.852365  0.836274  0.752385  0.607924  0.581318  0.783594  0.815843  0.819821  0.678870  0.885963  0.473806  0.568014  0.692508  0.720949  0.723844  0.630514  0.656702  0.781463  0.769265  0.379658  0.333378 
1  0.856629 0.0  0.754542  0.688364  0.845088  0.672751  0.682186  0.659808  0.715392  0.769791  0.817011  0.669694  0.866974  0.660976  0.684868  0.592467  0.794648  0.807592  0.722118  0.836166  0.888855  0.689063  0.906186  0.794578  0.533632  0.749281  0.866008  0.727018  0.643710  0.897103  0.669992  0.729201  0.840929  0.760841  0.796305  0.767870  0.740090  0.819959  0.769621  0.760533  0.740249  0.884305  0.497974  0.907266  0.716682  0.848281  0.773172  0.685754  0.710611  0.839506  0.716015  0.715708  0.736872  0.804382  0.813305  0.835280  0.718273  0.703677  0.872596  0.826275  0.651542  0.744023 
2  0.597694  0.754542 0.0  0.717388  0.815145  0.789783  0.771858  0.735211  0.650276  0.718705  0.793340  0.806772  0.756976  0.699133  0.469781  0.750062  0.514618  0.465193  0.558573  0.608270  0.757143  0.820421  0.830858  0.741349  0.730851  0.741008  0.531176  0.887135  0.419105  0.731628  0.721671  0.717995  0.763647  0.867604  0.854987  0.839836  0.712669  0.812920  0.785893  0.781843  0.827690  0.700606  0.743009  0.760403  0.587914  0.717306  0.713438  0.903463  0.790965  0.544803  0.854166  0.415183  0.370092  0.733313  0.743630  0.854921  0.634749  0.585164  0.951529  0.687549  0.420429  0.544772 
3  0.805154  0.688364  0.717388 0.0  0.856646  0.565076  0.572059  0.576086  0.715637  0.656925  0.790779  0.809966  0.788069  0.650817  0.730448  0.633567  0.700446  0.734461  0.729860  0.577354  1.000000  0.810864  0.866026  0.719356  0.487965  0.792536  0.823767  0.858928  0.697503  0.974627  0.785304  0.736628  0.824731  0.804071  0.793677  0.892165  0.695122  0.853262  0.819175  0.839524  0.681956  0.785971  0.551940  0.686017  0.718647  0.851383  0.702185  0.813170  0.733809  0.701891  0.906784  0.764657  0.681612  0.781477  0.876989  0.915041  0.574424  0.637100  0.804003  0.750919  0.670183  0.595506 
4  0.839612  0.845088  0.815145  0.856646 0.0  0.888935  0.780580  0.885213  0.790319  0.675196  0.663185  0.801209  0.766808  0.646245  0.843215  0.667782  0.707510  0.877649  0.824883  0.868671  0.455579  0.556384  0.555282  0.559220  0.913856  0.563878  0.796311  0.732639  0.843594  0.565890  0.550603  0.575557  0.632511  0.475396  0.633077  0.691300  0.538601  0.675371  0.611859  0.606274  0.579728  0.264463  0.824588  0.540401  0.809897  0.830424  0.416102  0.410714  0.585005  0.732231  0.349019  0.737973  0.796618  0.804028  0.487946  0.538057  0.765130  0.764441  0.771210  0.544538  0.791355  0.851425 
5  0.812928  0.672751  0.789783  0.565076  0.888935 0.0  0.457295  0.468233  0.702859  0.877340  0.932509  0.939829  0.831620  0.820775  0.807301  0.757154  0.804711  0.752228  0.871236  0.833374  0.912555  0.897997  0.828818  0.835298  0.646561  0.881010  0.844098  0.873130  0.639802  0.829954  0.893370  0.888148  0.856632  0.826404  0.796560  0.753814  0.728012  0.903383  0.852036  0.836208  0.811566  0.778308  0.800894  0.756187  0.646319  0.867338  0.858248  0.855033  0.810591  0.733521  0.782320  0.752451  0.680510  0.821457  0.834827  0.873651  0.728390  0.682890  0.894015  0.842060  0.758171  0.678232 
6  0.712280  0.682186  0.771858  0.572059  0.780580  0.457295 0.0  0.511103  0.697343  0.769316  0.968688  0.729634  0.810086  0.727353  0.744959  0.667481  0.778225  0.799903  0.776967  0.810401  0.731365  0.761892  0.974216  0.829184  0.665453  0.819331  0.872094  0.784927  0.724652  0.703725  0.851705  0.915100  0.805620  0.843523  0.790166  0.791153  0.826898  0.818392  0.832526  0.771350  0.939606  0.908269  0.591217  0.803221  0.702065  0.812822  0.954977  0.791353  0.763839  0.807109  0.850665  0.690902  0.769305  0.739706  0.814520  0.868366  0.674590  0.774763  0.838576  0.763294  0.771585  0.867728 
7  0.787229  0.659808  0.735211  0.576086  0.885213  0.468233  0.511103 0.0  0.710074  0.796301  0.892963  0.837586  0.935226  0.818896  0.867218  0.622119  0.765390  0.751364  0.859507  0.807326  0.884319  0.837430  0.792877  0.824395  0.644107  0.874694  0.890741  0.784778  0.711405  0.731016  0.900380  0.903039  0.869953  0.896021  0.788982  0.841420  0.830545  0.790958  0.822411  0.862883  0.979891  0.848559  0.725447  0.840502  0.714918  0.851919  0.855254  0.812136  0.793853  0.757067  0.801308  0.848108  0.806064  0.636438  0.815368  0.815734  0.845237  0.753922  0.782834  0.901378  0.826219  0.760019 
8  0.647986  0.715392  0.650276  0.715637  0.790319  0.702859  0.697343  0.710074 0.0  0.683313  0.793752  0.778162  0.721907  0.882542  0.639680  0.608175  0.673510  0.654886  0.631886  0.713959  0.742930  0.774440  0.764100  0.763077  0.657142  0.752691  0.717283  0.788878  0.591025  0.735573  0.758207  0.816954  0.827567  0.670716  0.673527  0.730614  0.834284  0.808216  0.700822  0.833098  0.749165  0.687992  0.707542  0.772056  0.724480  0.753980  0.795012  0.723313  0.834557  0.650346  0.872912  0.723989  0.683672  0.739752  0.726768  0.804861  0.523169  0.590824  0.804673  0.727258  0.699804  0.716357 
9  0.835032  0.769791  0.718705  0.656925  0.675196  0.877340  0.769316  0.796301  0.683313 0.0  0.914827  0.827785  0.839820  0.503013  0.733845  0.795488  0.732071  0.746836  0.827839  0.740380  0.647686  0.629373  0.682515  0.512296  0.743414  0.610268  0.737450  0.854915  0.844584  0.604460  0.633880  0.543983  0.619079  0.591144  0.509274  0.540165  0.479817  0.596943  0.664832  0.638861  0.656414  0.675315  0.807179  0.585415  0.776259  0.750674  0.562371  0.685569  0.530280  0.708871  0.671296  0.768726  0.797376  0.928683  0.626073  0.625017  0.711426  0.730643  0.802324  0.537058  0.727865  0.714474 
10  0.852653  0.817011  0.793340  0.790779  0.663185  0.932509  0.968688  0.892963  0.793752  0.914827 0.0  0.435490  0.943778  0.778630  0.834109  0.760663  0.836868  0.755211  0.878696  0.839990  0.831000  0.810886  0.700460  0.851035  0.816221  0.860488  0.777734  0.559955  0.772823  0.826356  0.856408  0.860992  0.647703  0.752860  0.720111  0.698055  0.771727  0.748337  0.799374  0.697368  0.742203  0.846914  0.775392  0.754194  0.884875  0.871374  0.820873  0.806575  0.781007  0.908301  0.692107  0.792615  0.856786  0.817636  0.835385  0.857851  0.854781  0.777625  0.682015  0.740539  0.741878  0.826740 
11  0.912426  0.669694  0.806772  0.809966  0.801209  0.939829  0.729634  0.837586  0.778162  0.827785  0.435490 0.0  0.953417  0.912997  0.873727  0.789537  0.891323  0.838265  0.799496  0.935051  0.754687  0.741035  0.843976  0.909997  0.712886  0.710938  0.851363  0.624130  0.962937  0.725892  0.830119  0.714995  0.856687  0.729152  0.808215  0.800617  0.821685  0.736636  0.729007  0.712088  0.726561  0.824122  0.824658  0.799362  0.972088  0.904964  0.860167  0.756431  0.752380  0.815267  0.868486  0.888870  0.892922  0.956785  0.748495  0.618955  0.851917  0.875451  0.624116  0.761556  0.954800  0.986839 
12  0.703592  0.866974  0.756976  0.788069  0.766808  0.831620  0.810086  0.935226  0.721907  0.839820  0.943778  0.953417 0.0  0.746845  0.682904  0.827677  0.557296  0.720375  0.734994  0.766142  0.694652  0.658758  0.790868  0.843765  0.918326  0.791038  0.386392  0.980558  0.705521  0.728075  0.763441  0.774735  0.779908  0.772740  0.788747  0.812343  0.807603  0.689459  0.741120  0.708016  0.809791  0.899688  0.813266  0.766005  0.694495  0.595501  0.866101  0.823317  0.800977  0.644503  0.768485  0.741267  0.669330  0.753258  0.704381  0.900786  0.760368  0.824545  0.914676  0.693094  0.753843  0.771053 
13  0.694064  0.660976  0.699133  0.650817  0.646245  0.820775  0.727353  0.818896  0.882542  0.503013  0.778630  0.912997  0.746845 0.0  0.765915  0.712579  0.733649  0.684185  0.698936  0.843497  0.603621  0.588654  0.616773  0.436370  0.804683  0.561978  0.868240  0.735792  0.708010  0.481933  0.562018  0.411458  0.649093  0.503591  0.544949  0.447654  0.450322  0.516829  0.386842  0.610931  0.481792  0.554059  0.773654  0.459568  0.841022  0.719916  0.613234  0.646266  0.432854  0.862820  0.659856  0.721027  0.774224  0.825328  0.624477  0.681311  0.774919  0.738081  0.834397  0.464011  0.883151  0.811820 
14  0.524803  0.684868  0.469781  0.730448  0.843215  0.807301  0.744959  0.867218  0.639680  0.733845  0.834109  0.873727  0.682904  0.765915 0.0  0.739350  0.529285  0.472019  0.347202  0.395833  0.843099  0.783634  0.764017  0.830038  0.788260  0.743374  0.721857  0.831081  0.524422  0.761684  0.654798  0.791328  0.736778  0.777083  0.815338  0.804139  0.735710  0.906582  0.854651  0.728286  0.836179  0.759838  0.723420  0.755428  0.453560  0.632829  0.889797  0.757842  0.731888  0.534478  0.943479  0.331621  0.324173  0.708257  0.810838  0.780382  0.619341  0.687109  0.844515  0.635479  0.440610  0.397876 
15  0.760770  0.592467  0.750062  0.633567  0.667782  0.757154  0.667481  0.622119  0.608175  0.795488  0.760663  0.789537  0.827677  0.712579  0.739350 0.0  0.724120  0.708126  0.707492  0.744172  0.693432  0.767598  0.703429  0.812379  0.778356  0.686782  0.859490  0.732600  0.718288  0.781730  0.778675  0.807624  0.777898  0.671088  0.739925  0.731544  0.624070  0.675805  0.696330  0.762164  0.865963  0.838807  0.618086  0.751681  0.792156  0.819220  0.750135  0.791639  0.871187  0.699139  0.900922  0.787236  0.695337  0.744966  0.805540  0.810212  0.628227  0.672910  0.843482  0.885880  0.753687  0.721847 
16  0.330790  0.794648  0.514618  0.700446  0.707510  0.804711  0.778225  0.765390  0.673510  0.732071  0.836868  0.891323  0.557296  0.733649  0.529285  0.724120 0.0  0.293551  0.513450  0.473579  0.780020  0.814890  0.833893  0.646651  0.831959  0.762417  0.713124  0.774430  0.726115  0.801230  0.772379  0.789522  0.788898  0.781649  0.762542  0.793573  0.799908  0.769323  0.747603  0.755270  0.747009  0.775168  0.721412  0.812844  0.744795  0.657247  0.765414  0.733564  0.800922  0.634195  0.812500  0.485376  0.503171  0.602795  0.776044  0.737870  0.692843  0.675176  0.923942  0.747224  0.431825  0.461985 
17  0.430179  0.807592  0.465193  0.734461  0.877649  0.752228  0.799903  0.751364  0.654886  0.746836  0.755211  0.838265  0.720375  0.684185  0.472019  0.708126  0.293551 0.0  0.566321  0.293024  0.805143  0.806385  0.932479  0.761727  0.826032  0.762833  0.661272  0.837175  0.558565  0.722031  0.731792  0.707375  0.781377  0.811947  0.742677  0.679847  0.739634  0.677420  0.719165  0.840669  0.795078  0.781356  0.761176  0.792011  0.672820  0.659826  0.713828  0.776701  0.697484  0.643297  0.849020  0.518907  0.478750  0.661564  0.773112  0.887895  0.474910  0.715639  0.941774  0.746120  0.335895  0.371153 
18  0.471069  0.722118  0.558573  0.729860  0.824883  0.871236  0.776967  0.859507  0.631886  0.827839  0.878696  0.799496  0.734994  0.698936  0.347202  0.707492  0.513450  0.566321 0.0  0.461372  0.879990  0.720072  0.797143  0.659363  0.809645  0.899526  0.653288  0.948017  0.571257  0.802198  0.808215  0.865945  0.813238  0.703117  0.796946  0.696961  0.833088  0.698659  0.825806  0.716621  0.726838  0.676831  0.809778  0.798161  0.556207  0.766883  0.760170  0.725061  0.758626  0.669224  0.798491  0.448062  0.507874  0.575997  0.712381  0.773272  0.646513  0.660846  0.894879  0.867983  0.285468  0.302873 
19  0.430933  0.836166  0.608270  0.577354  0.868671  0.833374  0.810401  0.807326  0.713959  0.740380  0.839990  0.935051  0.766142  0.843497  0.395833  0.744172  0.473579  0.293024  0.461372 0.0  0.919390  0.701759  0.822327  0.784198  0.736660  0.789695  0.613790  0.844449  0.593566  0.701117  0.829417  0.801953  0.697376  0.760492  0.716285  0.647641  0.749531  0.771389  0.684067  0.857180  0.748039  0.809322  0.763235  0.779127  0.643602  0.603692  0.721091  0.684951  0.753204  0.615222  0.725800  0.472152  0.458311  0.714610  0.892320  0.710527  0.657994  0.628828  0.848914  0.801416  0.345330  0.448916 
20  0.879628  0.888855  0.757143  1.000000  0.455579  0.912555  0.731365  0.884319  0.742930  0.647686  0.831000  0.754687  0.694652  0.603621  0.843099  0.693432  0.780020  0.805143  0.879990  0.919390 0.0  0.536841  0.552623  0.673464  0.857700  0.574516  0.776762  0.691214  0.822335  0.663948  0.502008  0.554856  0.587606  0.533073  0.584003  0.482679  0.562220  0.614984  0.586767  0.483300  0.537925  0.329824  0.833066  0.541553  0.778412  0.745276  0.546416  0.452634  0.553090  0.820870  0.489162  0.747449  0.766083  0.886645  0.564915  0.573094  0.795945  0.720655  0.721190  0.598835  0.788439  0.706798 
21  0.740708  0.689063  0.820421  0.810864  0.556384  0.897997  0.761892  0.837430  0.774440  0.629373  0.810886  0.741035  0.658758  0.588654  0.783634  0.767598  0.814890  0.806385  0.720072  0.701759  0.536841 0.0  0.649990  0.275184  0.827063  0.161133  0.763797  0.843644  0.704521  0.470923  0.458695  0.482325  0.475011  0.324253  0.454154  0.383451  0.295645  0.445785  0.468018  0.267404  0.259291  0.547748  0.832738  0.546815  0.804032  0.807605  0.486584  0.513588  0.330064  0.770493  0.487044  0.639834  0.846803  0.929617  0.481675  0.412207  0.815359  0.749239  0.776764  0.311001  0.784010  0.833541 
22  0.804873  0.906186  0.830858  0.866026  0.555282  0.828818  0.974216  0.792877  0.764100  0.682515  0.700460  0.843976  0.790868  0.616773  0.764017  0.703429  0.833893  0.932479  0.797143  0.822327  0.552623  0.649990 0.0  0.581516  0.934876  0.575787  0.853210  0.818369  0.870105  0.582470  0.606942  0.585406  0.629863  0.623468  0.688349  0.596293  0.632801  0.674213  0.658388  0.545249  0.559717  0.572730  0.791892  0.522507  0.778633  0.797601  0.471651  0.532195  0.597008  0.819320  0.434386  0.915798  0.694638  0.790236  0.566509  0.461175  0.790355  0.803317  0.701064  0.663104  0.743679  0.813884 
23  0.780953  0.794578  0.741349  0.719356  0.559220  0.835298  0.829184  0.824395  0.763077  0.512296  0.851035  0.909997  0.843765  0.436370  0.830038  0.812379  0.646651  0.761727  0.659363  0.784198  0.673464  0.275184  0.581516 0.0  0.807038  0.481730  0.762225  0.818493  0.689467  0.473300  0.437373  0.292725  0.504063  0.380942  0.500524  0.392317  0.367351  0.459225  0.203991  0.483522  0.360202  0.634483  0.823789  0.456537  0.826236  0.812694  0.458098  0.470940  0.420974  0.627488  0.616207  0.753566  0.764195  0.870600  0.592029  0.465213  0.711440  0.826878  0.825829  0.489653  0.779636  0.755930 
24  0.659962  0.533632  0.730851  0.487965  0.913856  0.646561  0.665453  0.644107  0.657142  0.743414  0.816221  0.712886  0.918326  0.804683  0.788260  0.778356  0.831959  0.826032  0.809645  0.736660  0.857700  0.827063  0.934876  0.807038 0.0  0.820122  0.792908  0.798934  0.646870  0.813646  0.853569  0.865393  0.913330  0.730471  0.836896  0.872246  0.813210  0.770564  0.750357  0.815537  0.862507  0.888160  0.234347  0.918445  0.697794  0.812484  0.807119  0.888256  0.784444  0.795182  0.736929  0.796352  0.769280  0.764449  0.843758  0.755805  0.674218  0.731948  0.809428  0.717866  0.859856  0.723082 
25  0.757670  0.749281  0.741008  0.792536  0.563878  0.881010  0.819331  0.874694  0.752691  0.610268  0.860488  0.710938  0.791038  0.561978  0.743374  0.686782  0.762417  0.762833  0.899526  0.789695  0.574516  0.161133  0.575787  0.481730  0.820122 0.0  0.710373  0.761484  0.754795  0.321433  0.436387  0.343930  0.381797  0.338370  0.344903  0.423009  0.385934  0.322534  0.366097  0.086202  0.502757  0.544532  0.834920  0.563286  0.811447  0.689946  0.522373  0.502752  0.277248  0.824739  0.550744  0.848883  0.744985  0.893223  0.496606  0.487520  0.674691  0.764673  0.750851  0.278567  0.795409  0.831974 
26  0.603217  0.866008  0.531176  0.823767  0.796311  0.844098  0.872094  0.890741  0.717283  0.737450  0.777734  0.851363  0.386392  0.868240  0.721857  0.859490  0.713124  0.661272  0.653288  0.613790  0.776762  0.763797  0.853210  0.762225  0.792908  0.710373 0.0  0.810894  0.757412  0.740080  0.788110  0.763170  0.826198  0.830194  0.676818  0.809189  0.710051  0.868978  0.734321  0.785529  0.710740  0.792221  0.909172  0.761579  0.622523  0.664024  0.757163  0.849012  0.809693  0.793461  0.884136  0.577017  0.709339  0.863566  0.797437  0.836086  0.763221  0.770120  0.923548  0.666382  0.604914  0.613661 
27  0.856734  0.727018  0.887135  0.858928  0.732639  0.873130  0.784927  0.784778  0.788878  0.854915  0.559955  0.624130  0.980558  0.735792  0.831081  0.732600  0.774430  0.837175  0.948017  0.844449  0.691214  0.843644  0.818369  0.818493  0.798934  0.761484  0.810894 0.0  0.778908  0.842011  0.720247  0.817565  0.829573  0.821124  0.769799  0.726482  0.804916  0.667888  0.878433  0.814577  0.789722  0.846362  0.827090  0.775557  0.953927  0.810469  0.772910  0.855831  0.713821  0.810140  0.866510  0.819321  0.851045  0.972354  0.648959  0.852014  0.737502  0.846133  0.714367  0.767963  0.816323  0.917151 
28  0.614865  0.643710  0.419105  0.697503  0.843594  0.639802  0.724652  0.711405  0.591025  0.844584  0.772823  0.962937  0.705521  0.708010  0.524422  0.718288  0.726115  0.558565  0.571257  0.593566  0.822335  0.704521  0.870105  0.689467  0.646870  0.754795  0.757412  0.778908 0.0  0.711801  0.832889  0.783428  0.785346  0.821527  0.819353  0.815970  0.788323  0.756324  0.742743  0.644861  0.771169  0.969243  0.638112  0.783834  0.604524  0.690547  0.691956  0.764430  0.765979  0.583866  0.818595  0.599986  0.530715  0.612173  0.762748  0.694150  0.465702  0.556999  0.859302  0.753328  0.536182  0.628875 
29  0.784453  0.897103  0.731628  0.974627  0.565890  0.829954  0.703725  0.731016  0.735573  0.604460  0.826356  0.725892  0.728075  0.481933  0.761684  0.781730  0.801230  0.722031  0.802198  0.701117  0.663948  0.470923  0.582470  0.473300  0.813646  0.321433  0.740080  0.842011  0.711801 0.0  0.556240  0.485877  0.394127  0.402962  0.254303  0.379744  0.388136  0.395554  0.418601  0.453859  0.560440  0.530213  0.742858  0.546026  0.788977  0.802897  0.557905  0.598190  0.441147  0.740772  0.641388  0.712930  0.825239  0.847293  0.499014  0.520332  0.687164  0.723655  0.682750  0.493131  0.705102  0.741261 
30  0.664219  0.669992  0.721671  0.785304  0.550603  0.893370  0.851705  0.900380  0.758207  0.633880  0.856408  0.830119  0.763441  0.562018  0.654798  0.778675  0.772379  0.731792  0.808215  0.829417  0.502008  0.458695  0.606942  0.437373  0.853569  0.436387  0.788110  0.720247  0.832889  0.556240 0.0  0.656787  0.558171  0.426579  0.621362  0.456644  0.489002  0.449740  0.496827  0.372830  0.454531  0.491728  0.767383  0.463336  0.773002  0.841476  0.549024  0.492479  0.436385  0.782102  0.588247  0.769625  0.753793  0.823216  0.329367  0.290198  0.891771  0.695751  0.662052  0.595117  0.786355  0.762077 
31  0.854638  0.729201  0.717995  0.736628  0.575557  0.888148  0.915100  0.903039  0.816954  0.543983  0.860992  0.714995  0.774735  0.411458  0.791328  0.807624  0.789522  0.707375  0.865945  0.801953  0.554856  0.482325  0.585406  0.292725  0.865393  0.343930  0.763170  0.817565  0.783428  0.485877  0.656787 0.0  0.505648  0.444724  0.429704  0.377689  0.304042  0.291180  0.394066  0.511298  0.501992  0.670799  0.755948  0.519004  0.715154  0.807765  0.604180  0.476045  0.438822  0.680121  0.639070  0.708585  0.713312  0.912951  0.584897  0.409622  0.797187  0.817825  0.779822  0.382316  0.649066  0.821585 
32  0.810020  0.840929  0.763647  0.824731  0.632511  0.856632  0.805620  0.869953  0.827567  0.619079  0.647703  0.856687  0.779908  0.649093  0.736778  0.777898  0.788898  0.781377  0.813238  0.697376  0.587606  0.475011  0.629863  0.504063  0.913330  0.381797  0.826198  0.829573  0.785346  0.394127  0.558171  0.505648 0.0  0.592145  0.459591  0.437085  0.517275  0.538687  0.531696  0.411188  0.418833  0.627824  0.723549  0.573313  0.850505  0.840667  0.594701  0.558788  0.403835  0.780102  0.516983  0.846821  0.920413  0.840819  0.575557  0.483658  0.794279  0.773423  0.817242  0.481541  0.843471  0.728405 
33  0.916474  0.760841  0.867604  0.804071  0.475396  0.826404  0.843523  0.896021  0.670716  0.591144  0.752860  0.729152  0.772740  0.503591  0.777083  0.671088  0.781649  0.811947  0.703117  0.760492  0.533073  0.324253  0.623468  0.380942  0.730471  0.338370  0.830194  0.821124  0.821527  0.402962  0.426579  0.444724  0.592145 0.0  0.496899  0.526954  0.271514  0.432667  0.259015  0.283998  0.242629  0.666380  0.782370  0.446142  0.774495  0.861202  0.607721  0.482050  0.301889  0.841945  0.635490  0.860147  0.795639  0.746779  0.503889  0.378189  0.763384  0.803948  0.659647  0.365089  0.781998  0.811106 
34  0.848331  0.796305  0.854987  0.793677  0.633077  0.796560  0.790166  0.788982  0.673527  0.509274  0.720111  0.808215  0.788747  0.544949  0.815338  0.739925  0.762542  0.742677  0.796946  0.716285  0.584003  0.454154  0.688349  0.500524  0.836896  0.344903  0.676818  0.769799  0.819353  0.254303  0.621362  0.429704  0.459591  0.496899 0.0  0.201158  0.429330  0.334720  0.438456  0.435761  0.507699  0.637985  0.853501  0.626958  0.860310  0.849054  0.545616  0.518172  0.484286  0.897391  0.710545  0.797153  0.754871  0.839313  0.568031  0.617754  0.817133  0.858872  0.756584  0.435171  0.758134  0.747337 
35  0.848963  0.767870  0.839836  0.892165  0.691300  0.753814  0.791153  0.841420  0.730614  0.540165  0.698055  0.800617  0.812343  0.447654  0.804139  0.731544  0.793573  0.679847  0.696961  0.647641  0.482679  0.383451  0.596293  0.392317  0.872246  0.423009  0.809189  0.726482  0.815970  0.379744  0.456644  0.377689  0.437085  0.526954  0.201158 0.0  0.482560  0.296034  0.549110  0.484481  0.574906  0.651462  0.717380  0.533163  0.800023  0.836750  0.683543  0.568998  0.432109  0.881553  0.628739  0.783990  0.748108  0.772648  0.616461  0.579140  0.772423  0.753252  0.717399  0.248029  0.749622  0.855831 
36  0.718818  0.740090  0.712669  0.695122  0.538601  0.728012  0.826898  0.830545  0.834284  0.479817  0.771727  0.821685  0.807603  0.450322  0.735710  0.624070  0.799908  0.739634  0.833088  0.749531  0.562220  0.295645  0.632801  0.367351  0.813210  0.385934  0.710051  0.804916  0.788323  0.388136  0.489002  0.304042  0.517275  0.271514  0.429330  0.482560 0.0  0.224957  0.316190  0.256296  0.422076  0.698176  0.819813  0.602903  0.787065  0.786067  0.613769  0.448892  0.148940  0.739074  0.639684  0.832784  0.822574  0.828940  0.538371  0.497600  0.861318  0.658297  0.703540  0.069095  0.841582  0.765763 
37  0.780375  0.819959  0.812920  0.853262  0.675371  0.903383  0.818392  0.790958  0.808216  0.596943  0.748337  0.736636  0.689459  0.516829  0.906582  0.675805  0.769323  0.677420  0.698659  0.771389  0.614984  0.445785  0.674213  0.459225  0.770564  0.322534  0.868978  0.667888  0.756324  0.395554  0.449740  0.291180  0.538687  0.432667  0.334720  0.296034  0.224957 0.0  0.399970  0.417074  0.433318  0.588890  0.838876  0.533957  0.756543  0.877770  0.606254  0.574032  0.349221  0.720246  0.602339  0.715145  0.734912  0.734744  0.615027  0.450210  0.708365  0.687267  0.840246  0.294278  0.791410  0.675803 
38  0.864793  0.769621  0.785893  0.819175  0.611859  0.852036  0.832526  0.822411  0.700822  0.664832  0.799374  0.729007  0.741120  0.386842  0.854651  0.696330  0.747603  0.719165  0.825806  0.684067  0.586767  0.468018  0.658388  0.203991  0.750357  0.366097  0.734321  0.878433  0.742743  0.418601  0.496827  0.394066  0.531696  0.259015  0.438456  0.549110  0.316190  0.399970 0.0  0.357027  0.291047  0.628793  0.651169  0.521105  0.834512  0.950876  0.540328  0.596791  0.259943  0.819572  0.535322  0.782449  0.778382  0.776582  0.490409  0.553422  0.766225  0.817360  0.737722  0.327492  0.749002  0.801861 
39  0.694086  0.760533  0.781843  0.839524  0.606274  0.836208  0.771350  0.862883  0.833098  0.638861  0.697368  0.712088  0.708016  0.610931  0.728286  0.762164  0.755270  0.840669  0.716621  0.857180  0.483300  0.267404  0.545249  0.483522  0.815537  0.086202  0.785529  0.814577  0.644861  0.453859  0.372830  0.511298  0.411188  0.283998  0.435761  0.484481  0.256296  0.417074  0.357027 0.0  0.458290  0.570247  0.747804  0.553277  0.732160  0.818790  0.620503  0.609236  0.309077  0.724686  0.506508  0.775764  0.804509  0.718500  0.553652  0.432615  0.762316  0.843473  0.660508  0.213177  0.753899  0.747276 
40  0.730086  0.740249  0.827690  0.681956  0.579728  0.811566  0.939606  0.979891  0.749165  0.656414  0.742203  0.726561  0.809791  0.481792  0.836179  0.865963  0.747009  0.795078  0.726838  0.748039  0.537925  0.259291  0.559717  0.360202  0.862507  0.502757  0.710740  0.789722  0.771169  0.560440  0.454531  0.501992  0.418833  0.242629  0.507699  0.574906  0.422076  0.433318  0.291047  0.458290 0.0  0.643091  0.745918  0.502874  0.767003  0.875550  0.461241  0.507934  0.433673  0.755768  0.493435  0.738786  0.781311  0.791585  0.439896  0.372327  0.894992  0.710744  0.792883  0.419099  0.787706  0.779990 
41  0.852365  0.884305  0.700606  0.785971  0.264463  0.778308  0.908269  0.848559  0.687992  0.675315  0.846914  0.824122  0.899688  0.554059  0.759838  0.838807  0.775168  0.781356  0.676831  0.809322  0.329824  0.547748  0.572730  0.634483  0.888160  0.544532  0.792221  0.846362  0.969243  0.530213  0.491728  0.670799  0.627824  0.666380  0.637985  0.651462  0.698176  0.588890  0.628793  0.570247  0.643091 0.0  0.877331  0.497701  0.893902  0.905989  0.395619  0.630722  0.560553  0.801575  0.266099  0.805907  0.819409  0.882641  0.492107  0.452202  0.797831  0.816091  0.765332  0.631682  0.880861  0.777762 
42  0.836274  0.497974  0.743009  0.551940  0.824588  0.800894  0.591217  0.725447  0.707542  0.807179  0.775392  0.824658  0.813266  0.773654  0.723420  0.618086  0.721412  0.761176  0.809778  0.763235  0.833066  0.832738  0.791892  0.823789  0.234347  0.834920  0.909172  0.827090  0.638112  0.742858  0.767383  0.755948  0.723549  0.782370  0.853501  0.717380  0.819813  0.838876  0.651169  0.747804  0.745918  0.877331 0.0  0.758890  0.876819  0.779511  0.814114  0.802571  0.800250  0.769686  0.886387  0.694034  0.827153  0.727851  0.842785  0.761564  0.802755  0.712238  0.887605  0.778811  0.843348  0.860421 
43  0.752385  0.907266  0.760403  0.686017  0.540401  0.756187  0.803221  0.840502  0.772056  0.585415  0.754194  0.799362  0.766005  0.459568  0.755428  0.751681  0.812844  0.792011  0.798161  0.779127  0.541553  0.546815  0.522507  0.456537  0.918445  0.563286  0.761579  0.775557  0.783834  0.546026  0.463336  0.519004  0.573313  0.446142  0.626958  0.533163  0.602903  0.533957  0.521105  0.553277  0.502874  0.497701  0.758890 0.0  0.836182  0.871429  0.409000  0.621040  0.446732  0.825979  0.554117  0.756284  0.783163  0.821660  0.473885  0.447635  0.696396  0.786063  0.593392  0.477671  0.742008  0.799039 
44  0.607924  0.716682  0.587914  0.718647  0.809897  0.646319  0.702065  0.714918  0.724480  0.776259  0.884875  0.972088  0.694495  0.841022  0.453560  0.792156  0.744795  0.672820  0.556207  0.643602  0.778412  0.804032  0.778633  0.826236  0.697794  0.811447  0.622523  0.953927  0.604524  0.788977  0.773002  0.715154  0.850505  0.774495  0.860310  0.800023  0.787065  0.756543  0.834512  0.732160  0.767003  0.893902  0.876819  0.836182 0.0  0.681370  0.860779  0.752371  0.774365  0.461851  0.909163  0.602325  0.497982  0.668471  0.670770  0.827646  0.558540  0.715446  0.789506  0.796629  0.589490  0.577460 
45  0.581318  0.848281  0.717306  0.851383  0.830424  0.867338  0.812822  0.851919  0.753980  0.750674  0.871374  0.904964  0.595501  0.719916  0.632829  0.819220  0.657247  0.659826  0.766883  0.603692  0.745276  0.807605  0.797601  0.812694  0.812484  0.689946  0.664024  0.810469  0.690547  0.802897  0.841476  0.807765  0.840667  0.861202  0.849054  0.836750  0.786067  0.877770  0.950876  0.818790  0.875550  0.905989  0.779511  0.871429  0.681370 0.0  0.851020  0.849001  0.821276  0.727044  0.867017  0.640112  0.641782  0.651147  0.885683  0.823409  0.700788  0.823366  0.831303  0.814625  0.592451  0.778780 
46  0.783594  0.773172  0.713438  0.702185  0.416102  0.858248  0.954977  0.855254  0.795012  0.562371  0.820873  0.860167  0.866101  0.613234  0.889797  0.750135  0.765414  0.713828  0.760170  0.721091  0.546416  0.486584  0.471651  0.458098  0.807119  0.522373  0.757163  0.772910  0.691956  0.557905  0.549024  0.604180  0.594701  0.607721  0.545616  0.683543  0.613769  0.606254  0.540328  0.620503  0.461241  0.395619  0.814114  0.409000  0.860779  0.851020 0.0  0.441080  0.423327  0.812531  0.462798  0.777107  0.708774  0.925719  0.474231  0.556116  0.812246  0.840669  0.554730  0.533520  0.838446  0.723047 
47  0.815843  0.685754  0.903463  0.813170  0.410714  0.855033  0.791353  0.812136  0.723313  0.685569  0.806575  0.756431  0.823317  0.646266  0.757842  0.791639  0.733564  0.776701  0.725061  0.684951  0.452634  0.513588  0.532195  0.470940  0.888256  0.502752  0.849012  0.855831  0.764430  0.598190  0.492479  0.476045  0.558788  0.482050  0.518172  0.568998  0.448892  0.574032  0.596791  0.609236  0.507934  0.630722  0.802571  0.621040  0.752371  0.849001  0.441080 0.0  0.481150  0.807972  0.365803  0.705547  0.809093  0.740362  0.170607  0.463210  0.843031  0.830765  0.626710  0.491176  0.825581  0.796469 
48  0.819821  0.710611  0.790965  0.733809  0.585005  0.810591  0.763839  0.793853  0.834557  0.530280  0.781007  0.752380  0.800977  0.432854  0.731888  0.871187  0.800922  0.697484  0.758626  0.753204  0.553090  0.330064  0.597008  0.420974  0.784444  0.277248  0.809693  0.713821  0.765979  0.441147  0.436385  0.438822  0.403835  0.301889  0.484286  0.432109  0.148940  0.349221  0.259943  0.309077  0.433673  0.560553  0.800250  0.446732  0.774365  0.821276  0.423327  0.481150 0.0  0.823733  0.689549  0.864747  0.757976  0.885528  0.563800  0.463411  0.826137  0.793695  0.828033  0.000000  0.724017  0.746230 
49  0.678870  0.839506  0.544803  0.701891  0.732231  0.733521  0.807109  0.757067  0.650346  0.708871  0.908301  0.815267  0.644503  0.862820  0.534478  0.699139  0.634195  0.643297  0.669224  0.615222  0.820870  0.770493  0.819320  0.627488  0.795182  0.824739  0.793461  0.810140  0.583866  0.740772  0.782102  0.680121  0.780102  0.841945  0.897391  0.881553  0.739074  0.720246  0.819572  0.724686  0.755768  0.801575  0.769686  0.825979  0.461851  0.727044  0.812531  0.807972  0.823733 0.0  0.750294  0.703099  0.551045  0.713685  0.802285  0.697086  0.579130  0.570905  0.802782  0.762879  0.693520  0.608139 
50  0.885963  0.716015  0.854166  0.906784  0.349019  0.782320  0.850665  0.801308  0.872912  0.671296  0.692107  0.868486  0.768485  0.659856  0.943479  0.900922  0.812500  0.849020  0.798491  0.725800  0.489162  0.487044  0.434386  0.616207  0.736929  0.550744  0.884136  0.866510  0.818595  0.641388  0.588247  0.639070  0.516983  0.635490  0.710545  0.628739  0.639684  0.602339  0.535322  0.506508  0.493435  0.266099  0.886387  0.554117  0.909163  0.867017  0.462798  0.365803  0.689549  0.750294 0.0  0.898287  0.832994  0.821583  0.462851  0.518419  0.898001  0.753500  0.719652  0.572564  0.753331  0.907319 
51  0.473806  0.715708  0.415183  0.764657  0.737973  0.752451  0.690902  0.848108  0.723989  0.768726  0.792615  0.888870  0.741267  0.721027  0.331621  0.787236  0.485376  0.518907  0.448062  0.472152  0.747449  0.639834  0.915798  0.753566  0.796352  0.848883  0.577017  0.819321  0.599986  0.712930  0.769625  0.708585  0.846821  0.860147  0.797153  0.783990  0.832784  0.715145  0.782449  0.775764  0.738786  0.805907  0.694034  0.756284  0.602325  0.640112  0.777107  0.705547  0.864747  0.703099  0.898287 0.0  0.413565  0.627515  0.896136  0.847110  0.742017  0.545037  0.897225  0.843527  0.302080  0.410189 
52  0.568014  0.736872  0.370092  0.681612  0.796618  0.680510  0.769305  0.806064  0.683672  0.797376  0.856786  0.892922  0.669330  0.774224  0.324173  0.695337  0.503171  0.478750  0.507874  0.458311  0.766083  0.846803  0.694638  0.764195  0.769280  0.744985  0.709339  0.851045  0.530715  0.825239  0.753793  0.713312  0.920413  0.795639  0.754871  0.748108  0.822574  0.734912  0.778382  0.804509  0.781311  0.819409  0.827153  0.783163  0.497982  0.641782  0.708774  0.809093  0.757976  0.551045  0.832994  0.413565 0.0  0.615922  0.874921  0.783061  0.601198  0.555599  0.891758  0.787169  0.499755  0.428811 
53  0.692508  0.804382  0.733313  0.781477  0.804028  0.821457  0.739706  0.636438  0.739752  0.928683  0.817636  0.956785  0.753258  0.825328  0.708257  0.744966  0.602795  0.661564  0.575997  0.714610  0.886645  0.929617  0.790236  0.870600  0.764449  0.893223  0.863566  0.972354  0.612173  0.847293  0.823216  0.912951  0.840819  0.746779  0.839313  0.772648  0.828940  0.734744  0.776582  0.718500  0.791585  0.882641  0.727851  0.821660  0.668471  0.651147  0.925719  0.740362  0.885528  0.713685  0.821583  0.627515  0.615922 0.0  0.776821  0.881781  0.686708  0.714995  0.861236  0.851604  0.542320  0.587387 
54  0.720949  0.813305  0.743630  0.876989  0.487946  0.834827  0.814520  0.815368  0.726768  0.626073  0.835385  0.748495  0.704381  0.624477  0.810838  0.805540  0.776044  0.773112  0.712381  0.892320  0.564915  0.481675  0.566509  0.592029  0.843758  0.496606  0.797437  0.648959  0.762748  0.499014  0.329367  0.584897  0.575557  0.503889  0.568031  0.616461  0.538371  0.615027  0.490409  0.553652  0.439896  0.492107  0.842785  0.473885  0.670770  0.885683  0.474231  0.170607  0.563800  0.802285  0.462851  0.896136  0.874921  0.776821 0.0  0.435931  0.750040  0.836032  0.676391  0.636034  0.685212  0.894419 
55  0.723844  0.835280  0.854921  0.915041  0.538057  0.873651  0.868366  0.815734  0.804861  0.625017  0.857851  0.618955  0.900786  0.681311  0.780382  0.810212  0.737870  0.887895  0.773272  0.710527  0.573094  0.412207  0.461175  0.465213  0.755805  0.487520  0.836086  0.852014  0.694150  0.520332  0.290198  0.409622  0.483658  0.378189  0.617754  0.579140  0.497600  0.450210  0.553422  0.432615  0.372327  0.452202  0.761564  0.447635  0.827646  0.823409  0.556116  0.463210  0.463411  0.697086  0.518419  0.847110  0.783061  0.881781  0.435931 0.0  0.905743  0.733041  0.677656  0.432905  0.708831  0.859296 
56  0.630514  0.718273  0.634749  0.574424  0.765130  0.728390  0.674590  0.845237  0.523169  0.711426  0.854781  0.851917  0.760368  0.774919  0.619341  0.628227  0.692843  0.474910  0.646513  0.657994  0.795945  0.815359  0.790355  0.711440  0.674218  0.674691  0.763221  0.737502  0.465702  0.687164  0.891771  0.797187  0.794279  0.763384  0.817133  0.772423  0.861318  0.708365  0.766225  0.762316  0.894992  0.797831  0.802755  0.696396  0.558540  0.700788  0.812246  0.843031  0.826137  0.579130  0.898001  0.742017  0.601198  0.686708  0.750040  0.905743 0.0  0.359012  0.869020  0.716282  0.668910  0.690358 
57  0.656702  0.703677  0.585164  0.637100  0.764441  0.682890  0.774763  0.753922  0.590824  0.730643  0.777625  0.875451  0.824545  0.738081  0.687109  0.672910  0.675176  0.715639  0.660846  0.628828  0.720655  0.749239  0.803317  0.826878  0.731948  0.764673  0.770120  0.846133  0.556999  0.723655  0.695751  0.817825  0.773423  0.803948  0.858872  0.753252  0.658297  0.687267  0.817360  0.843473  0.710744  0.816091  0.712238  0.786063  0.715446  0.823366  0.840669  0.830765  0.793695  0.570905  0.753500  0.545037  0.555599  0.714995  0.836032  0.733041  0.359012 0.0  0.751003  0.739907  0.563059  0.639733 
58  0.781463  0.872596  0.951529  0.804003  0.771210  0.894015  0.838576  0.782834  0.804673  0.802324  0.682015  0.624116  0.914676  0.834397  0.844515  0.843482  0.923942  0.941774  0.894879  0.848914  0.721190  0.776764  0.701064  0.825829  0.809428  0.750851  0.923548  0.714367  0.859302  0.682750  0.662052  0.779822  0.817242  0.659647  0.756584  0.717399  0.703540  0.840246  0.737722  0.660508  0.792883  0.765332  0.887605  0.593392  0.789506  0.831303  0.554730  0.626710  0.828033  0.802782  0.719652  0.897225  0.891758  0.861236  0.676391  0.677656  0.869020  0.751003 0.0  0.666185  0.727787  0.787182 
59  0.769265  0.826275  0.687549  0.750919  0.544538  0.842060  0.763294  0.901378  0.727258  0.537058  0.740539  0.761556  0.693094  0.464011  0.635479  0.885880  0.747224  0.746120  0.867983  0.801416  0.598835  0.311001  0.663104  0.489653  0.717866  0.278567  0.666382  0.767963  0.753328  0.493131  0.595117  0.382316  0.481541  0.365089  0.435171  0.248029  0.069095  0.294278  0.327492  0.213177  0.419099  0.631682  0.778811  0.477671  0.796629  0.814625  0.533520  0.491176  0.000000  0.762879  0.572564  0.843527  0.787169  0.851604  0.636034  0.432905  0.716282  0.739907  0.666185 0.0  0.824819  0.686842 
60  0.379658  0.651542  0.420429  0.670183  0.791355  0.758171  0.771585  0.826219  0.699804  0.727865  0.741878  0.954800  0.753843  0.883151  0.440610  0.753687  0.431825  0.335895  0.285468  0.345330  0.788439  0.784010  0.743679  0.779636  0.859856  0.795409  0.604914  0.816323  0.536182  0.705102  0.786355  0.649066  0.843471  0.781998  0.758134  0.749622  0.841582  0.791410  0.749002  0.753899  0.787706  0.880861  0.843348  0.742008  0.589490  0.592451  0.838446  0.825581  0.724017  0.693520  0.753331  0.302080  0.499755  0.542320  0.685212  0.708831  0.668910  0.563059  0.727787  0.824819 0.0  0.328954 
61  0.333378  0.744023  0.544772  0.595506  0.851425  0.678232  0.867728  0.760019  0.716357  0.714474  0.826740  0.986839  0.771053  0.811820  0.397876  0.721847  0.461985  0.371153  0.302873  0.448916  0.706798  0.833541  0.813884  0.755930  0.723082  0.831974  0.613661  0.917151  0.628875  0.741261  0.762077  0.821585  0.728405  0.811106  0.747337  0.855831  0.765763  0.675803  0.801861  0.747276  0.779990  0.777762  0.860421  0.799039  0.577460  0.778780  0.723047  0.796469  0.746230  0.608139  0.907319  0.410189  0.428811  0.587387  0.894419  0.859296  0.690358  0.639733  0.787182  0.686842  0.328954 0.0 
