62
0 0.0  0.765697  0.504350  0.795028  0.792440  0.835329  0.803786  0.847934  0.620108  0.784614  0.921843  0.799607  0.681612  0.777455  0.496908  0.674097  0.270662  0.498708  0.466580  0.435261  0.708458  0.782078  0.662053  0.838687  0.760785  0.739682  0.579403  0.871982  0.597893  0.782777  0.718023  0.811409  0.817046  0.762559  0.782960  0.737186  0.780606  0.782108  0.731533  0.776735  0.748811  0.815249  0.780001  0.725397  0.518551  0.592095  0.792811  0.791856  0.813439  0.583137  0.866302  0.423077  0.533489  0.682368  0.727557  0.700766  0.690790  0.697407  0.810005  0.793937  0.564819  0.413069 
1  0.765697 0.0  0.830045  0.783821  0.885213  0.826685  0.671373  0.685040  0.734657  0.791002  0.836304  0.684879  0.889085  0.705813  0.609865  0.473556  0.877958  0.822859  0.722940  0.723240  0.876885  0.799703  0.777401  0.770938  0.566230  0.841151  0.773946  0.852565  0.716347  0.806091  0.802721  0.775395  0.799310  0.794726  0.926276  0.870492  0.827748  0.731211  0.806869  0.749537  0.807590  0.830249  0.561692  0.856215  0.777903  0.780845  0.757064  0.778743  0.776373  0.835954  0.847143  0.730347  0.810565  0.813706  0.825568  0.876667  0.741596  0.752277  0.791114  0.778134  0.770891  0.811744 
2  0.504350  0.830045 0.0  0.630528  0.726940  0.811702  0.790615  0.914866  0.507478  0.813322  0.817848  0.908319  0.680767  0.798435  0.439941  0.747347  0.532247  0.459255  0.561892  0.513623  0.894289  0.715769  0.736901  0.752458  0.839205  0.682445  0.758331  0.855007  0.530486  0.892744  0.792176  0.811802  0.763210  0.775923  0.721814  0.770188  0.751868  0.617382  0.754084  0.764101  0.824757  0.814403  0.671461  0.699252  0.530209  0.619634  0.883374  0.807860  0.746087  0.557222  0.777629  0.447439  0.518577  0.678532  0.843362  0.764823  0.547563  0.547494  0.770171  0.806173  0.551131  0.498067 
3  0.795028  0.783821  0.630528 0.0  0.889111  0.604042  0.606012  0.665903  0.616119  0.798866  0.870369  0.868324  0.764351  0.802457  0.719835  0.519634  0.777949  0.710758  0.722610  0.785679  0.891790  0.906373  0.808713  0.806150  0.652538  0.859241  0.783576  0.802927  0.657305  0.806251  0.727037  0.905056  0.845527  0.691653  0.844883  0.821294  0.804344  0.886291  0.766254  0.745780  0.791573  0.802442  0.677066  0.782645  0.617351  0.809479  0.837950  0.876584  0.798830  0.778404  0.785941  0.741863  0.721977  0.755731  0.845865  0.886893  0.629379  0.602259  0.911204  0.816190  0.729112  0.686456 
4  0.792440  0.885213  0.726940  0.889111 0.0  0.842759  0.855130  0.807917  0.873671  0.712646  0.609955  0.809401  0.766955  0.509943  0.796098  0.802109  0.807914  0.750978  0.714117  0.787084  0.331117  0.392836  0.551619  0.681931  0.812126  0.544954  0.758077  0.763566  0.684101  0.619833  0.502928  0.636152  0.524586  0.590535  0.555545  0.601781  0.549545  0.544388  0.471699  0.410539  0.564673  0.299352  0.724164  0.422261  0.780289  0.927326  0.293823  0.425781  0.514781  0.921256  0.284393  0.791460  0.812389  0.708209  0.390493  0.444520  0.794423  0.897973  0.736984  0.549690  0.850451  0.895005 
5  0.835329  0.826685  0.811702  0.604042  0.842759 0.0  0.481492  0.643899  0.694097  0.805500  0.917387  0.801486  0.763125  0.801043  0.776971  0.670934  0.722530  0.739189  0.798330  0.912475  0.872797  0.906351  0.892568  0.849742  0.617967  0.948446  0.880325  0.883301  0.781674  0.852209  0.783295  0.802762  0.749861  0.898185  0.794411  0.794124  0.807207  0.778365  0.809846  0.725761  0.830543  0.860021  0.688270  0.711435  0.666293  0.818041  0.719920  0.891493  0.930938  0.612640  0.892220  0.713651  0.804617  0.757763  0.933396  0.820155  0.664674  0.672508  0.807969  0.840294  0.650498  0.751038 
6  0.803786  0.671373  0.790615  0.606012  0.855130  0.481492 0.0  0.536112  0.735706  0.852027  0.886368  0.864924  0.778801  0.851067  0.818342  0.642531  0.784268  0.783599  0.827801  0.753669  0.813228  0.817297  0.846470  0.778556  0.681602  0.842193  1.000000  0.925675  0.782985  0.841782  0.822802  0.838792  0.861358  0.895260  0.722048  0.847804  0.811533  0.916409  0.853474  0.946531  0.826338  0.842150  0.693966  0.871839  0.724469  0.816724  0.805309  0.948690  0.877307  0.715207  0.721154  0.852974  0.766850  0.802047  0.725556  0.876419  0.716940  0.691992  0.874422  0.778097  0.756651  0.853427 
7  0.847934  0.685040  0.914866  0.665903  0.807917  0.643899  0.536112 0.0  0.698690  0.797109  0.780278  0.858143  0.838575  0.825707  0.795376  0.719730  0.774448  0.836323  0.771283  0.808236  0.862042  0.815861  0.783550  0.833247  0.586446  0.801199  0.856252  0.865777  0.756889  0.816657  0.804729  0.840268  0.903536  0.818944  0.809819  0.891371  0.771257  0.792959  0.893460  0.742420  0.775220  0.771681  0.594417  0.801449  0.782340  0.815374  0.804018  0.861229  0.743564  0.640293  0.868640  0.773701  0.731164  0.873280  0.874063  0.774001  0.705821  0.719830  0.857932  0.810791  0.634230  0.851375 
8  0.620108  0.734657  0.507478  0.616119  0.873671  0.694097  0.735706  0.698690 0.0  0.789119  0.710239  0.761211  0.835496  0.819823  0.695614  0.628051  0.753801  0.686167  0.666525  0.648703  0.775642  0.624126  0.847788  0.762681  0.695685  0.728749  0.781804  0.792140  0.517338  0.721886  0.603774  0.692432  0.744857  0.754126  0.878060  0.739317  0.785990  0.673565  0.658825  0.713567  0.822343  0.748796  0.763488  0.794947  0.772099  0.789105  0.646544  0.839784  0.769905  0.629441  0.694856  0.725338  0.599002  0.869462  0.763598  0.724594  0.532141  0.546954  0.752032  0.826134  0.796065  0.717944 
9  0.784614  0.791002  0.813322  0.798866  0.712646  0.805500  0.852027  0.797109  0.789119 0.0  0.804912  0.841623  0.829164  0.557908  0.798274  0.638580  0.685702  0.775553  0.809389  0.755427  0.707439  0.564050  0.654610  0.604569  0.692193  0.639932  0.860646  0.698115  0.796775  0.527869  0.554195  0.596063  0.502632  0.561046  0.400650  0.542859  0.668459  0.483033  0.503247  0.611696  0.519372  0.767329  0.811198  0.643636  0.771159  0.775168  0.623567  0.645123  0.539970  0.744526  0.717818  0.726157  0.763878  0.759225  0.643587  0.678242  0.682589  0.715927  0.766989  0.569081  0.765453  0.801755 
10  0.921843  0.836304  0.817848  0.870369  0.609955  0.917387  0.886368  0.780278  0.710239  0.804912 0.0  0.449274  0.958719  0.769930  0.832072  0.761032  0.911197  0.801852  0.902689  0.893833  0.657633  0.773076  0.856910  0.768176  0.783076  0.824281  0.896322  0.719060  0.806089  0.846960  0.817228  0.784804  0.803898  0.837390  0.736056  0.802726  0.783803  0.771571  0.864629  0.829225  0.892355  0.762413  0.850528  0.702897  0.851569  0.903351  0.812385  0.766215  0.863097  0.894520  0.770960  0.912598  0.786226  0.823668  0.841584  0.726020  0.792222  0.882713  0.706002  0.713651  0.786958  0.806869 
11  0.799607  0.684879  0.908319  0.868324  0.809401  0.801486  0.864924  0.858143  0.761211  0.841623  0.449274 0.0  0.813232  0.729799  0.909515  0.819739  0.829949  0.813617  0.938305  0.865452  0.826209  0.864945  0.802916  0.796184  0.771888  0.700248  0.751491  0.703145  0.812159  0.778679  0.745179  0.712270  0.728221  0.752614  0.674106  0.831808  0.837883  0.833540  0.893033  0.824541  0.743247  0.802446  0.804887  0.763778  0.826564  0.970085  0.862335  0.795077  0.803957  0.870409  0.799073  0.921320  0.771188  0.920679  0.769242  0.821388  0.809325  0.706257  0.735969  0.730522  0.854808  0.934721 
12  0.681612  0.889085  0.680767  0.764351  0.766955  0.763125  0.778801  0.838575  0.835496  0.829164  0.958719  0.813232 0.0  0.786558  0.684239  0.771372  0.615278  0.728900  0.635711  0.718195  0.768067  0.731478  0.850770  0.811617  0.806211  0.836948  0.364676  0.859684  0.711290  0.694986  0.828718  0.795823  0.763512  0.757467  0.755406  0.719916  0.702907  0.731330  0.696775  0.810699  0.780250  0.732914  0.923638  0.773314  0.702769  0.528157  0.800223  0.896441  0.919791  0.700933  0.849151  0.678123  0.772451  0.719411  0.849417  0.769529  0.772755  0.742872  0.816255  0.765069  0.639102  0.737564 
13  0.777455  0.705813  0.798435  0.802457  0.509943  0.801043  0.851067  0.825707  0.819823  0.557908  0.769930  0.729799  0.786558 0.0  0.840027  0.724663  0.744862  0.681140  0.723718  0.810237  0.703343  0.517855  0.612676  0.443532  0.675442  0.580627  0.740984  0.820602  0.758797  0.526523  0.483654  0.466417  0.510752  0.520460  0.428761  0.550735  0.426990  0.533344  0.499459  0.585745  0.584653  0.544247  0.801958  0.616750  0.853407  0.824759  0.488923  0.544034  0.528770  0.689015  0.652860  0.833990  0.772193  0.847573  0.614764  0.486673  0.793011  0.614757  0.732846  0.377656  0.856591  0.845170 
14  0.496908  0.609865  0.439941  0.719835  0.796098  0.776971  0.818342  0.795376  0.695614  0.798274  0.832072  0.909515  0.684239  0.840027 0.0  0.699075  0.612895  0.471619  0.412520  0.434155  0.684501  0.782014  0.782826  0.773592  0.784008  0.725014  0.643545  0.893528  0.726420  0.760604  0.816422  0.734552  0.842074  0.638596  0.711620  0.789991  0.733314  0.766447  0.706660  0.724783  0.722072  0.925450  0.813660  0.796472  0.398895  0.578724  0.814097  0.834420  0.829820  0.599664  0.771325  0.364918  0.336267  0.624785  0.847319  0.743451  0.606187  0.628699  0.771329  0.713424  0.324201  0.514340 
15  0.674097  0.473556  0.747347  0.519634  0.802109  0.670934  0.642531  0.719730  0.628051  0.638580  0.761032  0.819739  0.771372  0.724663  0.699075 0.0  0.690865  0.862158  0.759697  0.749521  0.821943  0.720422  0.773233  0.792412  0.525196  0.685283  0.807984  0.719859  0.736133  0.850863  0.677719  0.680755  0.735364  0.758613  0.676430  0.764010  0.789926  0.717967  0.638770  0.713246  0.695163  0.719586  0.525351  0.836249  0.739084  0.720118  0.696588  0.747222  0.731400  0.626958  0.797268  0.702097  0.734530  0.749579  0.758763  0.736911  0.686526  0.671216  0.799724  0.689422  0.746206  0.781085 
16  0.270662  0.877958  0.532247  0.777949  0.807914  0.722530  0.784268  0.774448  0.753801  0.685702  0.911197  0.829949  0.615278  0.744862  0.612895  0.690865 0.0  0.415659  0.516096  0.509923  0.739389  0.718267  0.868494  0.706125  0.740772  0.788701  0.651653  0.879923  0.536723  0.800450  0.797586  0.710708  0.667731  0.804384  0.809963  0.757155  0.686403  0.672255  0.765599  0.781897  0.774725  0.777505  0.759156  0.763297  0.630731  0.575567  0.824751  0.851354  0.719386  0.669321  0.767305  0.598273  0.570149  0.570883  0.778799  0.762027  0.680898  0.647281  0.839580  0.854194  0.408336  0.424595 
17  0.498708  0.822859  0.459255  0.710758  0.750978  0.739189  0.783599  0.836323  0.686167  0.775553  0.801852  0.813617  0.728900  0.681140  0.471619  0.862158  0.415659 0.0  0.396208  0.379468  0.812461  0.795729  0.913426  0.735181  0.756378  0.749051  0.746245  0.778653  0.536357  0.759775  0.849699  0.789111  0.775261  0.787973  0.758167  0.754404  0.750600  0.747145  0.666459  0.766219  0.720687  0.770289  0.707080  0.776931  0.698918  0.593190  0.801033  0.804969  0.853501  0.754522  0.717123  0.387956  0.574400  0.653577  0.778989  0.733055  0.599544  0.647609  0.783590  0.846690  0.524931  0.336994 
18  0.466580  0.722940  0.561892  0.722610  0.714117  0.798330  0.827801  0.771283  0.666525  0.809389  0.902689  0.938305  0.635711  0.723718  0.412520  0.759697  0.516096  0.396208 0.0  0.420658  0.684095  0.739703  0.803720  0.758070  0.678161  0.773346  0.601830  0.861610  0.636859  0.798340  0.819321  0.684889  0.780453  0.786609  0.755769  0.768088  0.816367  0.849440  0.765242  0.777060  0.750349  0.865287  0.760344  0.795837  0.501112  0.572219  0.827025  0.736621  0.645177  0.649712  0.675173  0.351236  0.373794  0.606237  0.786167  0.718306  0.623013  0.565254  0.784022  0.804304  0.196095  0.321996 
19  0.435261  0.723240  0.513623  0.785679  0.787084  0.912475  0.753669  0.808236  0.648703  0.755427  0.893833  0.865452  0.718195  0.810237  0.434155  0.749521  0.509923  0.379468  0.420658 0.0  0.723610  0.761696  0.875973  0.779463  0.804155  0.675472  0.659851  0.839043  0.536031  0.814579  0.777023  0.792686  0.813885  0.833910  0.683999  0.915526  0.723207  0.848828  0.752796  0.728867  0.777265  0.760859  0.778895  0.782787  0.718914  0.697951  0.825157  0.681941  0.793867  0.600926  0.915021  0.465834  0.490929  0.624438  0.649201  0.912434  0.648876  0.625826  0.849705  0.644957  0.415276  0.360932 
20  0.708458  0.876885  0.894289  0.891790  0.331117  0.872797  0.813228  0.862042  0.775642  0.707439  0.657633  0.826209  0.768067  0.703343  0.684501  0.821943  0.739389  0.812461  0.684095  0.723610 0.0  0.594008  0.461763  0.602154  0.697693  0.508307  0.824179  0.789262  0.669305  0.573607  0.499819  0.668948  0.572159  0.645693  0.465551  0.582318  0.470907  0.555680  0.527353  0.500048  0.528791  0.310475  0.762379  0.510589  0.724424  0.907909  0.354558  0.389389  0.473132  0.819797  0.426644  0.697496  0.758255  0.795229  0.512105  0.514988  0.790740  0.741734  0.711091  0.536461  0.857252  0.737923 
21  0.782078  0.799703  0.715769  0.906373  0.392836  0.906351  0.817297  0.815861  0.624126  0.564050  0.773076  0.864945  0.731478  0.517855  0.782014  0.720422  0.718267  0.795729  0.739703  0.761696  0.594008 0.0  0.596717  0.347339  0.850737  0.171286  0.743856  0.786672  0.780814  0.502718  0.377533  0.478966  0.484634  0.325843  0.413507  0.476462  0.369453  0.506588  0.425555  0.349673  0.298367  0.601616  0.743448  0.607008  0.756577  0.803262  0.517761  0.578987  0.397984  0.751801  0.655466  0.709252  0.674325  0.785261  0.427579  0.425731  0.757793  0.760248  0.769990  0.355498  0.754478  0.699857 
22  0.662053  0.777401  0.736901  0.808713  0.551619  0.892568  0.846470  0.783550  0.847788  0.654610  0.856910  0.802916  0.850770  0.612676  0.782826  0.773233  0.868494  0.913426  0.803720  0.875973  0.461763  0.596717 0.0  0.593377  0.776287  0.670631  0.753551  0.810634  0.832311  0.582795  0.591453  0.639103  0.504656  0.570801  0.571531  0.730735  0.580487  0.714249  0.538823  0.668319  0.697370  0.426783  0.827057  0.571393  0.904997  0.872008  0.379028  0.549883  0.617574  0.771348  0.477698  0.826462  0.744424  0.767953  0.529082  0.514735  0.807159  0.786952  0.633688  0.636391  0.745154  0.828417 
23  0.838687  0.770938  0.752458  0.806150  0.681931  0.849742  0.778556  0.833247  0.762681  0.604569  0.768176  0.796184  0.811617  0.443532  0.773592  0.792412  0.706125  0.735181  0.758070  0.779463  0.602154  0.347339  0.593377 0.0  0.720417  0.430452  0.803750  0.731741  0.733228  0.486358  0.501763  0.300491  0.558628  0.279414  0.556501  0.506685  0.288203  0.397894  0.233380  0.363919  0.437979  0.697802  0.796485  0.558402  0.707761  0.734587  0.619595  0.549032  0.376219  0.727240  0.611717  0.804681  0.782772  0.730173  0.570509  0.576829  0.762289  0.870904  0.849858  0.353574  0.839190  0.774073 
24  0.760785  0.566230  0.839205  0.652538  0.812126  0.617967  0.681602  0.586446  0.695685  0.692193  0.783076  0.771888  0.806211  0.675442  0.784008  0.525196  0.740772  0.756378  0.678161  0.804155  0.697693  0.850737  0.776287  0.720417 0.0  0.826796  0.795453  0.904284  0.756316  0.771697  0.736122  0.745391  0.698403  0.775120  0.764979  0.670719  0.821621  0.791767  0.726353  0.717098  0.654255  0.853771  0.158676  0.845237  0.776385  0.809828  0.817363  0.910742  0.874334  0.719078  0.794725  0.801370  0.723337  0.731794  0.708136  0.677977  0.722145  0.771848  0.746305  0.766630  0.807662  0.766554 
25  0.739682  0.841151  0.682445  0.859241  0.544954  0.948446  0.842193  0.801199  0.728749  0.639932  0.824281  0.700248  0.836948  0.580627  0.725014  0.685283  0.788701  0.749051  0.773346  0.675472  0.508307  0.171286  0.670631  0.430452  0.826796 0.0  0.733045  0.699446  0.795752  0.424010  0.488215  0.497923  0.419273  0.262841  0.353550  0.445721  0.382432  0.369647  0.249127  0.212205  0.393986  0.628108  0.778773  0.470262  0.761972  0.731176  0.617217  0.467964  0.356886  0.797103  0.530261  0.738990  0.738666  0.877838  0.555610  0.393568  0.823450  0.845773  0.743982  0.280015  0.874029  0.818355 
26  0.579403  0.773946  0.758331  0.783576  0.758077  0.880325  1.000000  0.856252  0.781804  0.860646  0.896322  0.751491  0.364676  0.740984  0.643545  0.807984  0.651653  0.746245  0.601830  0.659851  0.824179  0.743856  0.753551  0.803750  0.795453  0.733045 0.0  0.823702  0.761028  0.712776  0.760629  0.806234  0.720680  0.763364  0.787195  0.835048  0.811591  0.695776  0.669088  0.737757  0.756117  0.813323  0.854343  0.793027  0.688971  0.612109  0.782228  0.789496  0.743127  0.751532  0.701811  0.685502  0.699770  0.583006  0.693698  0.772331  0.757055  0.892190  0.829376  0.797504  0.655952  0.564505 
27  0.871982  0.852565  0.855007  0.802927  0.763566  0.883301  0.925675  0.865777  0.792140  0.698115  0.719060  0.703145  0.859684  0.820602  0.893528  0.719859  0.879923  0.778653  0.861610  0.839043  0.789262  0.786672  0.810634  0.731741  0.904284  0.699446  0.823702 0.0  0.801605  0.799585  0.801868  0.790485  0.753955  0.656926  0.719539  0.763031  0.730492  0.796544  0.738908  0.840534  0.806533  0.749236  0.762016  0.700673  0.845799  0.900749  0.782109  0.759486  0.782887  0.690526  0.681935  0.889767  0.855333  0.774816  0.697954  0.761679  0.790225  0.829083  0.613071  0.776041  0.864373  0.828096 
28  0.597893  0.716347  0.530486  0.657305  0.684101  0.781674  0.782985  0.756889  0.517338  0.796775  0.806089  0.812159  0.711290  0.758797  0.726420  0.736133  0.536723  0.536357  0.636859  0.536031  0.669305  0.780814  0.832311  0.733228  0.756316  0.795752  0.761028  0.801605 0.0  0.752210  0.774070  0.667230  0.832398  0.818762  0.853407  0.745514  0.759463  0.745879  0.790885  0.724721  0.817044  0.785061  0.800476  0.824728  0.658702  0.696850  0.796420  0.839073  0.628526  0.454790  0.727074  0.607991  0.596061  0.636184  0.759445  0.637511  0.500879  0.411529  0.926230  0.702988  0.567534  0.710348 
29  0.782777  0.806091  0.892744  0.806251  0.619833  0.852209  0.841782  0.816657  0.721886  0.527869  0.846960  0.778679  0.694986  0.526523  0.760604  0.850863  0.800450  0.759775  0.798340  0.814579  0.573607  0.502718  0.582795  0.486358  0.771697  0.424010  0.712776  0.799585  0.752210 0.0  0.559987  0.456860  0.294350  0.515821  0.309771  0.369361  0.457680  0.365801  0.510989  0.454500  0.535442  0.572868  0.795730  0.608823  0.818431  0.687834  0.736713  0.541146  0.431459  0.810238  0.538057  0.782623  0.710940  0.753978  0.601478  0.507643  0.879615  0.715853  0.731128  0.429271  0.732475  0.768621 
30  0.718023  0.802721  0.792176  0.727037  0.502928  0.783295  0.822802  0.804729  0.603774  0.554195  0.817228  0.745179  0.828718  0.483654  0.816422  0.677719  0.797586  0.849699  0.819321  0.777023  0.499819  0.377533  0.591453  0.501763  0.736122  0.488215  0.760629  0.801868  0.774070  0.559987 0.0  0.470879  0.557771  0.462532  0.544997  0.481778  0.407154  0.480482  0.492684  0.480936  0.429753  0.479934  0.865218  0.442574  0.838118  0.704441  0.522719  0.251068  0.601702  0.744122  0.504373  0.709611  0.771896  0.733545  0.346572  0.418980  0.798949  0.763125  0.654372  0.550729  0.759088  0.807874 
31  0.811409  0.775395  0.811802  0.905056  0.636152  0.802762  0.838792  0.840268  0.692432  0.596063  0.784804  0.712270  0.795823  0.466417  0.734552  0.680755  0.710708  0.789111  0.684889  0.792686  0.668948  0.478966  0.639103  0.300491  0.745391  0.497923  0.806234  0.790485  0.667230  0.456860  0.470879 0.0  0.480930  0.426407  0.380365  0.265259  0.323081  0.313537  0.335088  0.372963  0.368687  0.656642  0.750124  0.622934  0.716847  0.752083  0.554590  0.499007  0.308908  0.754775  0.575568  0.769555  0.794306  0.853635  0.507906  0.504743  0.744020  0.716225  0.755190  0.285037  0.753531  0.841605 
32  0.817046  0.799310  0.763210  0.845527  0.524586  0.749861  0.861358  0.903536  0.744857  0.502632  0.803898  0.728221  0.763512  0.510752  0.842074  0.735364  0.667731  0.775261  0.780453  0.813885  0.572159  0.484634  0.504656  0.558628  0.698403  0.419273  0.720680  0.753955  0.832398  0.294350  0.557771  0.480930 0.0  0.375659  0.382743  0.393744  0.478787  0.417712  0.613078  0.476595  0.589794  0.549405  0.784347  0.696501  0.704824  0.782260  0.653984  0.525267  0.486275  0.773716  0.643977  0.761617  0.771879  0.755350  0.505991  0.472798  0.708854  0.781680  0.699276  0.493187  0.737482  0.705396 
33  0.762559  0.794726  0.775923  0.691653  0.590535  0.898185  0.895260  0.818944  0.754126  0.561046  0.837390  0.752614  0.757467  0.520460  0.638596  0.758613  0.804384  0.787973  0.786609  0.833910  0.645693  0.325843  0.570801  0.279414  0.775120  0.262841  0.763364  0.656926  0.818762  0.515821  0.462532  0.426407  0.375659 0.0  0.365416  0.420328  0.244257  0.452230  0.224237  0.353709  0.311386  0.612127  0.909204  0.469752  0.794551  0.807150  0.477060  0.541173  0.208348  0.803439  0.576856  0.692657  0.792398  0.830753  0.494109  0.515826  0.657963  0.715618  0.626110  0.142013  0.772521  0.791721 
34  0.782960  0.926276  0.721814  0.844883  0.555545  0.794411  0.722048  0.809819  0.878060  0.400650  0.736056  0.674106  0.755406  0.428761  0.711620  0.676430  0.809963  0.758167  0.755769  0.683999  0.465551  0.413507  0.571531  0.556501  0.764979  0.353550  0.787195  0.719539  0.853407  0.309771  0.544997  0.380365  0.382743  0.365416 0.0  0.281529  0.398004  0.293685  0.429621  0.364372  0.463256  0.514771  0.824724  0.602189  0.729752  0.751894  0.510200  0.487916  0.394509  0.782361  0.643875  0.833801  0.639371  0.836026  0.586235  0.636662  0.856270  0.674184  0.724288  0.428613  0.780342  0.650472 
35  0.737186  0.870492  0.770188  0.821294  0.601781  0.794124  0.847804  0.891371  0.739317  0.542859  0.802726  0.831808  0.719916  0.550735  0.789991  0.764010  0.757155  0.754404  0.768088  0.915526  0.582318  0.476462  0.730735  0.506685  0.670719  0.445721  0.835048  0.763031  0.745514  0.369361  0.481778  0.265259  0.393744  0.420328  0.281529 0.0  0.361121  0.258912  0.368601  0.393481  0.453100  0.602190  0.824134  0.512473  0.854171  0.738653  0.547856  0.554486  0.320344  0.854116  0.671939  0.698895  0.750823  0.780396  0.616819  0.557794  0.932002  0.731954  0.729827  0.369558  0.681167  0.779923 
36  0.780606  0.827748  0.751868  0.804344  0.549545  0.807207  0.811533  0.771257  0.785990  0.668459  0.783803  0.837883  0.702907  0.426990  0.733314  0.789926  0.686403  0.750600  0.816367  0.723207  0.470907  0.369453  0.580487  0.288203  0.821621  0.382432  0.811591  0.730492  0.759463  0.457680  0.407154  0.323081  0.478787  0.244257  0.398004  0.361121 0.0  0.273705  0.385921  0.215811  0.432142  0.558128  0.767380  0.546789  0.766848  0.882796  0.503927  0.582204  0.107879  0.765636  0.673006  0.722100  0.706543  0.891555  0.487130  0.472911  0.684241  0.731057  0.650718  0.097529  0.786262  0.735175 
37  0.782108  0.731211  0.617382  0.886291  0.544388  0.778365  0.916409  0.792959  0.673565  0.483033  0.771571  0.833540  0.731330  0.533344  0.766447  0.717967  0.672255  0.747145  0.849440  0.848828  0.555680  0.506588  0.714249  0.397894  0.791767  0.369647  0.695776  0.796544  0.745879  0.365801  0.480482  0.313537  0.417712  0.452230  0.293685  0.258912  0.273705 0.0  0.361879  0.233972  0.457989  0.534790  0.825015  0.493911  0.744251  0.878460  0.609349  0.614629  0.369492  0.848352  0.632264  0.700298  0.791505  0.867318  0.501916  0.374928  0.705699  0.695049  0.755303  0.239546  0.823591  0.780277 
38  0.731533  0.806869  0.754084  0.766254  0.471699  0.809846  0.853474  0.893460  0.658825  0.503247  0.864629  0.893033  0.696775  0.499459  0.706660  0.638770  0.765599  0.666459  0.765242  0.752796  0.527353  0.425555  0.538823  0.233380  0.726353  0.249127  0.669088  0.738908  0.790885  0.510989  0.492684  0.335088  0.613078  0.224237  0.429621  0.368601  0.385921  0.361879 0.0  0.347515  0.424292  0.681842  0.828945  0.573505  0.721091  0.806437  0.472732  0.523626  0.173782  0.779581  0.597318  0.892064  0.731697  0.785059  0.634874  0.371905  0.760839  0.855826  0.770870  0.282726  0.761436  0.781860 
39  0.776735  0.749537  0.764101  0.745780  0.410539  0.725761  0.946531  0.742420  0.713567  0.611696  0.829225  0.824541  0.810699  0.585745  0.724783  0.713246  0.781897  0.766219  0.777060  0.728867  0.500048  0.349673  0.668319  0.363919  0.717098  0.212205  0.737757  0.840534  0.724721  0.454500  0.480936  0.372963  0.476595  0.353709  0.364372  0.393481  0.215811  0.233972  0.347515 0.0  0.343082  0.551272  0.783737  0.542658  0.753455  0.783361  0.529167  0.539230  0.213098  0.843774  0.610642  0.896555  0.723123  0.682519  0.482624  0.456349  0.829489  0.798039  0.761740  0.257625  0.785463  0.801819 
40  0.748811  0.807590  0.824757  0.791573  0.564673  0.830543  0.826338  0.775220  0.822343  0.519372  0.892355  0.743247  0.780250  0.584653  0.722072  0.695163  0.774725  0.720687  0.750349  0.777265  0.528791  0.298367  0.697370  0.437979  0.654255  0.393986  0.756117  0.806533  0.817044  0.535442  0.429753  0.368687  0.589794  0.311386  0.463256  0.453100  0.432142  0.457989  0.424292  0.343082 0.0  0.510059  0.848011  0.528612  0.872266  0.701062  0.568257  0.485666  0.305340  0.864684  0.548188  0.688534  0.817301  0.822153  0.522021  0.335629  0.664869  0.698917  0.645872  0.311048  0.732892  0.689021 
41  0.815249  0.830249  0.814403  0.802442  0.299352  0.860021  0.842150  0.771681  0.748796  0.767329  0.762413  0.802446  0.732914  0.544247  0.925450  0.719586  0.777505  0.770289  0.865287  0.760859  0.310475  0.601616  0.426783  0.697802  0.853771  0.628108  0.813323  0.749236  0.785061  0.572868  0.479934  0.656642  0.549405  0.612127  0.514771  0.602190  0.558128  0.534790  0.681842  0.551272  0.510059 0.0  0.801893  0.533883  0.852000  0.905338  0.429232  0.458793  0.616584  0.756347  0.270620  0.877389  0.808425  0.812745  0.401476  0.621291  0.768721  0.768242  0.705232  0.582952  0.788844  0.756015 
42  0.780001  0.561692  0.671461  0.677066  0.724164  0.688270  0.693966  0.594417  0.763488  0.811198  0.850528  0.804887  0.923638  0.801958  0.813660  0.525351  0.759156  0.707080  0.760344  0.778895  0.762379  0.743448  0.827057  0.796485  0.158676  0.778773  0.854343  0.762016  0.800476  0.795730  0.865218  0.750124  0.784347  0.909204  0.824724  0.824134  0.767380  0.825015  0.828945  0.783737  0.848011  0.801893 0.0  0.711307  0.716564  0.865228  0.868201  0.748254  0.683070  0.745264  0.836722  0.815346  0.676989  0.780118  0.776136  0.776149  0.632789  0.750067  0.783809  0.721231  0.733252  0.890965 
43  0.725397  0.856215  0.699252  0.782645  0.422261  0.711435  0.871839  0.801449  0.794947  0.643636  0.702897  0.763778  0.773314  0.616750  0.796472  0.836249  0.763297  0.776931  0.795837  0.782787  0.510589  0.607008  0.571393  0.558402  0.845237  0.470262  0.793027  0.700673  0.824728  0.608823  0.442574  0.622934  0.696501  0.469752  0.602189  0.512473  0.546789  0.493911  0.573505  0.542658  0.528612  0.533883  0.711307 0.0  0.763468  0.865465  0.528428  0.611440  0.376889  0.757376  0.563758  0.592766  0.788307  0.798408  0.509542  0.509589  0.691286  0.824021  0.747071  0.464647  0.735143  0.826234 
44  0.518551  0.777903  0.530209  0.617351  0.780289  0.666293  0.724469  0.782340  0.772099  0.771159  0.851569  0.826564  0.702769  0.853407  0.398895  0.739084  0.630731  0.698918  0.501112  0.718914  0.724424  0.756577  0.904997  0.707761  0.776385  0.761972  0.688971  0.845799  0.658702  0.818431  0.838118  0.716847  0.704824  0.794551  0.729752  0.854171  0.766848  0.744251  0.721091  0.753455  0.872266  0.852000  0.716564  0.763468 0.0  0.737025  0.790597  0.798989  0.746685  0.569763  0.835104  0.462712  0.459955  0.531588  0.767407  0.872953  0.724301  0.656258  0.781429  0.782878  0.592099  0.592213 
45  0.592095  0.780845  0.619634  0.809479  0.927326  0.818041  0.816724  0.815374  0.789105  0.775168  0.903351  0.970085  0.528157  0.824759  0.578724  0.720118  0.575567  0.593190  0.572219  0.697951  0.907909  0.803262  0.872008  0.734587  0.809828  0.731176  0.612109  0.900749  0.696850  0.687834  0.704441  0.752083  0.782260  0.807150  0.751894  0.738653  0.882796  0.878460  0.806437  0.783361  0.701062  0.905338  0.865228  0.865465  0.737025 0.0  0.706527  0.763330  0.855078  0.599211  0.889591  0.597291  0.750575  0.596091  0.822059  0.771823  0.779057  0.691851  0.893588  0.777935  0.574735  0.621181 
46  0.792811  0.757064  0.883374  0.837950  0.293823  0.719920  0.805309  0.804018  0.646544  0.623567  0.812385  0.862335  0.800223  0.488923  0.814097  0.696588  0.824751  0.801033  0.827025  0.825157  0.354558  0.517761  0.379028  0.619595  0.817363  0.617217  0.782228  0.782109  0.796420  0.736713  0.522719  0.554590  0.653984  0.477060  0.510200  0.547856  0.503927  0.609349  0.472732  0.529167  0.568257  0.429232  0.868201  0.528428  0.790597  0.706527 0.0  0.523599  0.676595  0.802650  0.438207  0.718284  0.846883  0.844989  0.444861  0.535901  0.766724  0.774146  0.706386  0.589633  0.783131  0.796800 
47  0.791856  0.778743  0.807860  0.876584  0.425781  0.891493  0.948690  0.861229  0.839784  0.645123  0.766215  0.795077  0.896441  0.544034  0.834420  0.747222  0.851354  0.804969  0.736621  0.681941  0.389389  0.578987  0.549883  0.549032  0.910742  0.467964  0.789496  0.759486  0.839073  0.541146  0.251068  0.499007  0.525267  0.541173  0.487916  0.554486  0.582204  0.614629  0.523626  0.539230  0.485666  0.458793  0.748254  0.611440  0.798989  0.763330  0.523599 0.0  0.609154  0.793074  0.488560  0.722959  0.870229  0.856970  0.314304  0.412663  0.746073  0.793531  0.779632  0.460354  0.782091  0.821583 
48  0.813439  0.776373  0.746087  0.798830  0.514781  0.930938  0.877307  0.743564  0.769905  0.539970  0.863097  0.803957  0.919791  0.528770  0.829820  0.731400  0.719386  0.853501  0.645177  0.793867  0.473132  0.397984  0.617574  0.376219  0.874334  0.356886  0.743127  0.782887  0.628526  0.431459  0.601702  0.308908  0.486275  0.208348  0.394509  0.320344  0.107879  0.369492  0.173782  0.213098  0.305340  0.616584  0.683070  0.376889  0.746685  0.855078  0.676595  0.609154 0.0  0.728896  0.555810  0.731468  0.635163  0.890720  0.448929  0.443320  0.812323  0.741946  0.711268  0.044183  0.866719  0.743900 
49  0.583137  0.835954  0.557222  0.778404  0.921256  0.612640  0.715207  0.640293  0.629441  0.744526  0.894520  0.870409  0.700933  0.689015  0.599664  0.626958  0.669321  0.754522  0.649712  0.600926  0.819797  0.751801  0.771348  0.727240  0.719078  0.797103  0.751532  0.690526  0.454790  0.810238  0.744122  0.754775  0.773716  0.803439  0.782361  0.854116  0.765636  0.848352  0.779581  0.843774  0.864684  0.756347  0.745264  0.757376  0.569763  0.599211  0.802650  0.793074  0.728896 0.0  0.836196  0.656765  0.650213  0.565896  0.868595  0.879535  0.574806  0.461120  0.864550  0.697620  0.586604  0.652162 
50  0.866302  0.847143  0.777629  0.785941  0.284393  0.892220  0.721154  0.868640  0.694856  0.717818  0.770960  0.799073  0.849151  0.652860  0.771325  0.797268  0.767305  0.717123  0.675173  0.915021  0.426644  0.655466  0.477698  0.611717  0.794725  0.530261  0.701811  0.681935  0.727074  0.538057  0.504373  0.575568  0.643977  0.576856  0.643875  0.671939  0.673006  0.632264  0.597318  0.610642  0.548188  0.270620  0.836722  0.563758  0.835104  0.889591  0.438207  0.488560  0.555810  0.836196 0.0  0.857644  0.768951  0.849046  0.578001  0.478214  0.796496  0.792182  0.754326  0.515378  0.802987  0.836864 
51  0.423077  0.730347  0.447439  0.741863  0.791460  0.713651  0.852974  0.773701  0.725338  0.726157  0.912598  0.921320  0.678123  0.833990  0.364918  0.702097  0.598273  0.387956  0.351236  0.465834  0.697496  0.709252  0.826462  0.804681  0.801370  0.738990  0.685502  0.889767  0.607991  0.782623  0.709611  0.769555  0.761617  0.692657  0.833801  0.698895  0.722100  0.700298  0.892064  0.896555  0.688534  0.877389  0.815346  0.592766  0.462712  0.597291  0.718284  0.722959  0.731468  0.656765  0.857644 0.0  0.455637  0.633928  0.801426  0.748417  0.571843  0.620262  0.818095  0.818396  0.383208  0.384605 
52  0.533489  0.810565  0.518577  0.721977  0.812389  0.804617  0.766850  0.731164  0.599002  0.763878  0.786226  0.771188  0.772451  0.772193  0.336267  0.734530  0.570149  0.574400  0.373794  0.490929  0.758255  0.674325  0.744424  0.782772  0.723337  0.738666  0.699770  0.855333  0.596061  0.710940  0.771896  0.794306  0.771879  0.792398  0.639371  0.750823  0.706543  0.791505  0.731697  0.723123  0.817301  0.808425  0.676989  0.788307  0.459955  0.750575  0.846883  0.870229  0.635163  0.650213  0.768951  0.455637 0.0  0.618362  0.890682  0.680362  0.633241  0.591865  0.923851  0.615581  0.405388  0.430899 
53  0.682368  0.813706  0.678532  0.755731  0.708209  0.757763  0.802047  0.873280  0.869462  0.759225  0.823668  0.920679  0.719411  0.847573  0.624785  0.749579  0.570883  0.653577  0.606237  0.624438  0.795229  0.785261  0.767953  0.730173  0.731794  0.877838  0.583006  0.774816  0.636184  0.753978  0.733545  0.853635  0.755350  0.830753  0.836026  0.780396  0.891555  0.867318  0.785059  0.682519  0.822153  0.812745  0.780118  0.798408  0.531588  0.596091  0.844989  0.856970  0.890720  0.565896  0.849046  0.633928  0.618362 0.0  0.975060  0.790449  0.731199  0.694877  0.829678  0.817326  0.612945  0.520346 
54  0.727557  0.825568  0.843362  0.845865  0.390493  0.933396  0.725556  0.874063  0.763598  0.643587  0.841584  0.769242  0.849417  0.614764  0.847319  0.758763  0.778799  0.778989  0.786167  0.649201  0.512105  0.427579  0.529082  0.570509  0.708136  0.555610  0.693698  0.697954  0.759445  0.601478  0.346572  0.507906  0.505991  0.494109  0.586235  0.616819  0.487130  0.501916  0.634874  0.482624  0.522021  0.401476  0.776136  0.509542  0.767407  0.822059  0.444861  0.314304  0.448929  0.868595  0.578001  0.801426  0.890682  0.975060 0.0  0.394271  0.769416  0.763540  0.600915  0.494921  0.779612  0.862124 
55  0.700766  0.876667  0.764823  0.886893  0.444520  0.820155  0.876419  0.774001  0.724594  0.678242  0.726020  0.821388  0.769529  0.486673  0.743451  0.736911  0.762027  0.733055  0.718306  0.912434  0.514988  0.425731  0.514735  0.576829  0.677977  0.393568  0.772331  0.761679  0.637511  0.507643  0.418980  0.504743  0.472798  0.515826  0.636662  0.557794  0.472911  0.374928  0.371905  0.456349  0.335629  0.621291  0.776149  0.509589  0.872953  0.771823  0.535901  0.412663  0.443320  0.879535  0.478214  0.748417  0.680362  0.790449  0.394271 0.0  0.718145  0.761577  0.777553  0.517691  0.863186  0.774648 
56  0.690790  0.741596  0.547563  0.629379  0.794423  0.664674  0.716940  0.705821  0.532141  0.682589  0.792222  0.809325  0.772755  0.793011  0.606187  0.686526  0.680898  0.599544  0.623013  0.648876  0.790740  0.757793  0.807159  0.762289  0.722145  0.823450  0.757055  0.790225  0.500879  0.879615  0.798949  0.744020  0.708854  0.657963  0.856270  0.932002  0.684241  0.705699  0.760839  0.829489  0.664869  0.768721  0.632789  0.691286  0.724301  0.779057  0.766724  0.746073  0.812323  0.574806  0.796496  0.571843  0.633241  0.731199  0.769416  0.718145 0.0  0.384196  0.774501  0.823417  0.717372  0.665352 
57  0.697407  0.752277  0.547494  0.602259  0.897973  0.672508  0.691992  0.719830  0.546954  0.715927  0.882713  0.706257  0.742872  0.614757  0.628699  0.671216  0.647281  0.647609  0.565254  0.625826  0.741734  0.760248  0.786952  0.870904  0.771848  0.845773  0.892190  0.829083  0.411529  0.715853  0.763125  0.716225  0.781680  0.715618  0.674184  0.731954  0.731057  0.695049  0.855826  0.798039  0.698917  0.768242  0.750067  0.824021  0.656258  0.691851  0.774146  0.793531  0.741946  0.461120  0.792182  0.620262  0.591865  0.694877  0.763540  0.761577  0.384196 0.0  0.862424  0.855518  0.575662  0.705159 
58  0.810005  0.791114  0.770171  0.911204  0.736984  0.807969  0.874422  0.857932  0.752032  0.766989  0.706002  0.735969  0.816255  0.732846  0.771329  0.799724  0.839580  0.783590  0.784022  0.849705  0.711091  0.769990  0.633688  0.849858  0.746305  0.743982  0.829376  0.613071  0.926230  0.731128  0.654372  0.755190  0.699276  0.626110  0.724288  0.729827  0.650718  0.755303  0.770870  0.761740  0.645872  0.705232  0.783809  0.747071  0.781429  0.893588  0.706386  0.779632  0.711268  0.864550  0.754326  0.818095  0.923851  0.829678  0.600915  0.777553  0.774501  0.862424 0.0  0.799298  0.792460  0.828393 
59  0.793937  0.778134  0.806173  0.816190  0.549690  0.840294  0.778097  0.810791  0.826134  0.569081  0.713651  0.730522  0.765069  0.377656  0.713424  0.689422  0.854194  0.846690  0.804304  0.644957  0.536461  0.355498  0.636391  0.353574  0.766630  0.280015  0.797504  0.776041  0.702988  0.429271  0.550729  0.285037  0.493187  0.142013  0.428613  0.369558  0.097529  0.239546  0.282726  0.257625  0.311048  0.582952  0.721231  0.464647  0.782878  0.777935  0.589633  0.460354  0.044183  0.697620  0.515378  0.818396  0.615581  0.817326  0.494921  0.517691  0.823417  0.855518  0.799298 0.0  0.877038  0.817080 
60  0.564819  0.770891  0.551131  0.729112  0.850451  0.650498  0.756651  0.634230  0.796065  0.765453  0.786958  0.854808  0.639102  0.856591  0.324201  0.746206  0.408336  0.524931  0.196095  0.415276  0.857252  0.754478  0.745154  0.839190  0.807662  0.874029  0.655952  0.864373  0.567534  0.732475  0.759088  0.753531  0.737482  0.772521  0.780342  0.681167  0.786262  0.823591  0.761436  0.785463  0.732892  0.788844  0.733252  0.735143  0.592099  0.574735  0.783131  0.782091  0.866719  0.586604  0.802987  0.383208  0.405388  0.612945  0.779612  0.863186  0.717372  0.575662  0.792460  0.877038 0.0  0.517059 
61  0.413069  0.811744  0.498067  0.686456  0.895005  0.751038  0.853427  0.851375  0.717944  0.801755  0.806869  0.934721  0.737564  0.845170  0.514340  0.781085  0.424595  0.336994  0.321996  0.360932  0.737923  0.699857  0.828417  0.774073  0.766554  0.818355  0.564505  0.828096  0.710348  0.768621  0.807874  0.841605  0.705396  0.791721  0.650472  0.779923  0.735175  0.780277  0.781860  0.801819  0.689021  0.756015  0.890965  0.826234  0.592213  0.621181  0.796800  0.821583  0.743900  0.652162  0.836864  0.384605  0.430899  0.520346  0.862124  0.774648  0.665352  0.705159  0.828393  0.817080  0.517059 0.0 
