62
0 0.0  0.774857  0.608993  0.780181  0.686394  0.769961  0.775890  0.816056  0.717908  0.690239  0.783201  0.800526  0.653092  0.780947  0.563040  0.807415  0.321022  0.435916  0.350342  0.461958  0.786196  0.840619  0.847926  0.714648  0.780927  0.844799  0.630017  0.860201  0.577445  0.715550  0.843411  0.815388  0.785092  0.769721  0.773350  0.719388  0.845582  0.712970  0.724949  0.694872  0.798999  0.789545  0.732019  0.750375  0.592029  0.634722  0.835559  0.752446  0.735196  0.571819  0.811877  0.477178  0.492230  0.640167  0.846826  0.683029  0.739040  0.644782  0.782532  0.738400  0.530805  0.325865 
1  0.774857 0.0  0.741722  0.561347  0.743960  0.737910  0.738117  0.542551  0.518132  0.739481  0.789076  0.804380  0.768607  0.795417  0.683321  0.567468  0.768208  0.882846  0.815399  0.790419  0.753372  0.744060  0.735925  0.744719  0.518512  0.693685  0.887631  0.740652  0.768639  0.694573  0.723795  0.691571  0.848929  0.751202  0.814803  0.745607  0.902606  0.744046  0.755927  0.820845  0.813089  0.798760  0.609917  0.856594  0.864819  0.832632  0.884595  0.758150  0.642993  0.836774  0.756821  0.710860  0.745083  0.813108  0.751866  0.863346  0.718155  0.652525  0.896317  0.714673  0.759727  0.716583 
2  0.608993  0.741722 0.0  0.854745  0.788376  0.699240  0.809314  0.657959  0.693632  0.733164  0.875831  0.899844  0.686954  0.749205  0.298231  0.651542  0.656613  0.571053  0.498981  0.656102  0.799003  0.744432  0.884942  0.702318  0.716240  0.743723  0.707621  0.791231  0.375362  0.752049  0.686241  0.749532  0.660481  0.721026  0.807594  0.819258  0.744223  0.697280  0.749386  0.880429  0.738593  0.810394  0.686743  0.849530  0.471008  0.618022  0.863534  0.819451  0.629405  0.519852  0.724577  0.619930  0.354250  0.661317  0.720964  0.925087  0.607526  0.603794  0.922955  0.770794  0.569368  0.602250 
3  0.780181  0.561347  0.854745 0.0  0.809655  0.569750  0.577519  0.619455  0.690860  0.757872  0.917493  0.897194  0.834733  0.783194  0.805136  0.600835  0.878615  0.793707  0.778076  0.711138  0.743392  0.901321  0.800511  0.835961  0.694366  0.808047  0.815958  0.845272  0.723770  0.800013  0.826939  0.817849  0.853101  0.674115  0.733570  0.755805  0.719507  0.835755  0.827495  0.799182  0.704059  0.837879  0.637612  0.914347  0.754540  0.726093  0.898242  0.846221  0.809848  0.716756  0.854924  0.735573  0.734328  0.764060  0.735855  0.842348  0.557779  0.645851  0.901237  0.904161  0.739329  0.803315 
4  0.686394  0.743960  0.788376  0.809655 0.0  0.788453  0.831876  0.866372  0.695589  0.662770  0.867088  0.831748  0.770463  0.641110  0.764865  0.757804  0.847951  0.884561  0.799666  0.836446  0.367872  0.420484  0.481279  0.524662  0.802193  0.472343  0.844873  0.757196  0.751419  0.561214  0.513845  0.576183  0.567547  0.508436  0.625114  0.585661  0.593063  0.557079  0.624005  0.554940  0.489038  0.370954  0.845791  0.448334  0.853310  0.824791  0.416188  0.355907  0.463497  0.829884  0.356985  0.814558  0.754532  0.814167  0.407356  0.470649  0.872577  0.714919  0.624408  0.494995  0.835797  0.838126 
5  0.769961  0.737910  0.699240  0.569750  0.788453 0.0  0.514693  0.600086  0.718426  0.840988  0.771591  0.881053  0.863547  0.837162  0.742785  0.830870  0.779340  0.814571  0.789441  0.857859  0.787576  0.780846  0.826892  0.976353  0.800382  0.847716  0.924446  0.884738  0.674360  0.907307  0.866549  0.819052  0.771140  0.847610  0.815567  0.944283  0.712074  0.795377  0.841941  0.807576  0.781048  0.847795  0.718190  0.819559  0.729464  0.811817  0.732706  0.846170  0.913926  0.705976  0.790297  0.737432  0.817960  0.856981  0.865935  0.728618  0.705674  0.668715  0.849798  0.744874  0.808022  0.773458 
6  0.775890  0.738117  0.809314  0.577519  0.831876  0.514693 0.0  0.613335  0.748344  0.837933  0.937685  0.844970  0.821556  0.863575  0.747423  0.773489  0.764597  0.786829  0.739453  0.781934  0.834783  0.825345  0.839230  0.854472  0.689629  0.825231  0.831782  0.875006  0.763248  0.900210  0.845422  0.859912  0.771558  0.870374  0.760994  0.852358  0.764415  0.754323  0.847720  0.783831  0.858360  0.859468  0.640441  0.792493  0.722074  0.773274  0.883713  0.777932  0.830016  0.785709  0.786853  0.716022  0.726742  0.863658  0.842699  0.884408  0.593788  0.693325  0.887155  0.724693  0.768921  0.672809 
7  0.816056  0.542551  0.657959  0.619455  0.866372  0.600086  0.613335 0.0  0.757705  0.818030  0.796317  0.868285  0.752076  0.867629  0.774882  0.654331  0.750151  0.803011  0.769481  0.832102  0.821839  0.865461  0.736722  0.840643  0.586741  0.870466  0.828248  0.804840  0.755325  0.834425  0.822872  0.703743  0.879434  0.770138  0.844159  0.794693  0.722738  0.725381  0.858309  0.799632  0.821672  0.772474  0.707467  0.724226  0.678825  0.753644  0.830880  0.946155  0.804244  0.799447  0.891319  0.769301  0.773020  0.773077  0.686912  0.796277  0.683641  0.761730  0.877047  0.806401  0.884415  0.815226 
8  0.717908  0.518132  0.693632  0.690860  0.695589  0.718426  0.748344  0.757705 0.0  0.803573  0.803075  0.776481  0.890764  0.775065  0.627806  0.704979  0.692679  0.684663  0.667240  0.718438  0.805185  0.723578  0.905647  0.711518  0.594790  0.788873  0.764313  0.753713  0.636344  0.881619  0.712360  0.751404  0.813587  0.690262  0.820354  0.756224  0.851066  0.811478  0.794026  0.780123  0.730488  0.845404  0.750170  0.757337  0.749000  0.736279  0.782130  0.749620  0.707492  0.646314  0.720179  0.684272  0.544203  0.753425  0.890026  0.747034  0.595598  0.506377  0.809314  0.724265  0.666387  0.751600 
9  0.690239  0.739481  0.733164  0.757872  0.662770  0.840988  0.837933  0.818030  0.803573 0.0  0.825058  0.859202  0.841640  0.579688  0.613680  0.854550  0.619306  0.680517  0.798107  0.671999  0.532331  0.650476  0.721371  0.630882  0.706485  0.628368  0.859801  0.742176  0.702432  0.630576  0.564847  0.569988  0.559684  0.591612  0.522548  0.431237  0.535436  0.518311  0.507509  0.648851  0.628506  0.626655  0.890340  0.625529  0.734952  0.747951  0.510287  0.560560  0.451037  0.803174  0.655908  0.768718  0.722498  0.790499  0.743534  0.617406  0.834074  0.778566  0.685632  0.559386  0.806497  0.721822 
10  0.783201  0.789076  0.875831  0.917493  0.867088  0.771591  0.937685  0.796317  0.803075  0.825058 0.0  0.312867  0.907544  0.800181  0.780475  0.782643  0.919738  0.901433  0.909030  0.832165  0.781473  0.778299  0.772153  0.639468  0.933054  0.822710  0.907012  0.628456  0.857421  0.859449  0.779324  0.784026  0.809524  0.852951  0.843756  0.690392  0.827889  0.785647  0.713865  0.791404  0.745981  0.875210  0.816825  0.798484  0.821052  0.802744  0.810325  0.725157  0.824882  1.000000  0.740991  0.755692  0.771247  0.873293  0.762255  0.685034  0.912341  0.721201  0.738161  0.845692  0.848367  0.899642 
11  0.800526  0.804380  0.899844  0.897194  0.831748  0.881053  0.844970  0.868285  0.776481  0.859202  0.312867 0.0  0.895917  0.838174  0.853366  0.893716  0.829386  0.936304  0.849818  0.781113  0.781749  0.741443  0.749461  0.835946  0.775473  0.770720  0.742264  0.619509  0.844976  0.917068  0.819913  0.918571  0.799492  0.869476  0.830501  0.861778  0.739701  0.754789  0.775824  0.675020  0.771609  0.748122  0.719255  0.790271  0.881301  0.843353  0.864636  0.833951  0.799661  0.870199  0.947500  0.919208  0.911929  0.935546  0.873695  0.778809  0.881988  0.769698  0.744698  0.751941  0.847549  0.793122 
12  0.653092  0.768607  0.686954  0.834733  0.770463  0.863547  0.821556  0.752076  0.890764  0.841640  0.907544  0.895917 0.0  0.905868  0.683108  0.802599  0.643565  0.634482  0.634301  0.681950  0.680053  0.753979  0.921955  0.789330  0.890181  0.836530  0.400068  0.822213  0.818617  0.761301  0.816383  0.797786  0.828462  0.785325  0.740343  0.813340  0.786095  0.873088  0.792129  0.742514  0.770235  0.843199  0.734297  0.755552  0.742462  0.473172  0.790946  0.795361  0.868393  0.681535  0.814076  0.675689  0.817409  0.645723  0.729993  0.840895  0.792587  0.772015  0.842103  0.729277  0.718405  0.638877 
13  0.780947  0.795417  0.749205  0.783194  0.641110  0.837162  0.863575  0.867629  0.775065  0.579688  0.800181  0.838174  0.905868 0.0  0.795975  0.752718  0.742517  0.817548  0.817599  0.743016  0.565146  0.529281  0.645851  0.391987  0.729638  0.587859  0.848722  0.915749  0.756714  0.378490  0.546336  0.370210  0.534227  0.537693  0.547512  0.487978  0.515755  0.475050  0.484349  0.494743  0.455296  0.644674  0.788316  0.470527  0.828971  0.836269  0.655477  0.605477  0.584288  0.834605  0.510877  0.808606  0.825137  0.822991  0.495525  0.444864  0.697546  0.738379  0.739019  0.394525  0.762371  0.728676 
14  0.563040  0.683321  0.298231  0.805136  0.764865  0.742785  0.747423  0.774882  0.627806  0.613680  0.780475  0.853366  0.683108  0.795975 0.0  0.822808  0.508755  0.424676  0.382584  0.554189  0.815749  0.672468  0.816356  0.627237  0.796637  0.811005  0.636248  0.794860  0.586908  0.727815  0.756208  0.836045  0.766238  0.731685  0.645996  0.685268  0.798735  0.796361  0.737029  0.746892  0.733317  0.852749  0.838890  0.807857  0.538404  0.676647  0.807327  0.845351  0.766952  0.598305  0.871019  0.483224  0.236144  0.650447  0.834257  0.748618  0.551819  0.650850  0.915106  0.776270  0.433291  0.487473 
15  0.807415  0.567468  0.651542  0.600835  0.757804  0.830870  0.773489  0.654331  0.704979  0.854550  0.782643  0.893716  0.802599  0.752718  0.822808 0.0  0.723167  0.708134  0.697043  0.725769  0.831380  0.788116  0.793824  0.752415  0.605245  0.749503  0.732435  0.741705  0.648529  0.682358  0.747987  0.691471  0.748021  0.750125  0.730260  0.737817  0.691026  0.780886  0.693263  0.864428  0.793731  0.778369  0.605444  0.630293  0.738276  0.796895  0.833971  0.747664  0.792964  0.636774  0.849628  0.801679  0.819400  0.791402  0.828379  0.808228  0.585944  0.707720  0.745505  0.823373  0.794624  0.751203 
16  0.321022  0.768208  0.656613  0.878615  0.847951  0.779340  0.764597  0.750151  0.692679  0.619306  0.919738  0.829386  0.643565  0.742517  0.508755  0.723167 0.0  0.378274  0.548618  0.467313  0.721398  0.766714  0.817466  0.843658  0.738593  0.662392  0.596156  0.856404  0.542678  0.793505  0.744595  0.842765  0.824158  0.611589  0.792697  0.795703  0.769985  0.690908  0.733764  0.735767  0.735533  0.757671  0.825936  0.830908  0.609960  0.664761  0.792678  0.756734  0.736528  0.636663  0.791827  0.494456  0.499992  0.524196  0.786719  0.768657  0.644815  0.536281  0.817277  0.687996  0.474159  0.453900 
17  0.435916  0.882846  0.571053  0.793707  0.884561  0.814571  0.786829  0.803011  0.684663  0.680517  0.901433  0.936304  0.634482  0.817548  0.424676  0.708134  0.378274 0.0  0.449460  0.370020  0.708101  0.735839  0.835202  0.769456  0.900433  0.788582  0.678028  0.871863  0.601020  0.754060  0.729697  0.816391  0.812406  0.779268  0.696267  0.758422  0.734471  0.728871  0.809372  0.756365  0.761206  0.778731  0.808554  0.844329  0.611803  0.720346  0.874129  0.874841  0.634671  0.605129  0.798897  0.521062  0.534476  0.759155  0.817381  0.770094  0.566431  0.663063  0.795854  0.791950  0.538703  0.362332 
18  0.350342  0.815399  0.498981  0.778076  0.799666  0.789441  0.739453  0.769481  0.667240  0.798107  0.909030  0.849818  0.634301  0.817599  0.382584  0.697043  0.548618  0.449460 0.0  0.464852  0.773297  0.750630  0.815511  0.768871  0.740602  0.717883  0.721875  0.853884  0.605621  0.800466  0.813124  0.757948  0.707575  0.648380  0.705698  0.788799  0.726445  0.774182  0.729114  0.697737  0.726065  0.766259  0.729563  0.801495  0.539568  0.732699  0.776491  0.797263  0.801417  0.647915  0.769727  0.243089  0.355244  0.718043  0.880395  0.782426  0.693266  0.649648  0.845089  0.696229  0.300449  0.313431 
19  0.461958  0.790419  0.656102  0.711138  0.836446  0.857859  0.781934  0.832102  0.718438  0.671999  0.832165  0.781113  0.681950  0.743016  0.554189  0.725769  0.467313  0.370020  0.464852 0.0  0.608456  0.784431  0.777073  0.702994  0.797576  0.747028  0.614776  0.864046  0.558975  0.775464  0.718482  0.768900  0.725724  0.729991  0.727009  0.720504  0.837783  0.818843  0.787027  0.625620  0.760295  0.685761  0.787324  0.727978  0.557485  0.803596  0.699227  0.826927  0.764299  0.652433  0.813932  0.540865  0.527010  0.625242  0.656331  0.777557  0.706747  0.624271  0.839079  0.736709  0.411707  0.470129 
20  0.786196  0.753372  0.799003  0.743392  0.367872  0.787576  0.834783  0.821839  0.805185  0.532331  0.781473  0.781749  0.680053  0.565146  0.815749  0.831380  0.721398  0.708101  0.773297  0.608456 0.0  0.523550  0.630630  0.543588  0.742327  0.583556  0.730846  0.779027  0.823543  0.463677  0.454527  0.579154  0.609285  0.452083  0.645825  0.620843  0.645146  0.622665  0.647865  0.516496  0.505330  0.549149  0.861831  0.517977  0.790851  0.740318  0.450660  0.379144  0.490264  0.832352  0.353950  0.827976  0.815386  0.957043  0.464369  0.541911  0.771416  0.850052  0.729871  0.648212  0.811470  0.776698 
21  0.840619  0.744060  0.744432  0.901321  0.420484  0.780846  0.825345  0.865461  0.723578  0.650476  0.778299  0.741443  0.753979  0.529281  0.672468  0.788116  0.766714  0.735839  0.750630  0.784431  0.523550 0.0  0.677116  0.449562  0.820576  0.372455  0.802482  0.735326  0.786140  0.465295  0.348666  0.381740  0.449323  0.359802  0.500283  0.387172  0.325624  0.481069  0.373284  0.271666  0.282352  0.626827  0.813986  0.570158  0.839251  0.711739  0.617122  0.509890  0.337340  0.751595  0.646629  0.727600  0.807612  0.830272  0.420130  0.381790  0.800582  0.698816  0.717765  0.371783  0.813240  0.703360 
22  0.847926  0.735925  0.884942  0.800511  0.481279  0.826892  0.839230  0.736722  0.905647  0.721371  0.772153  0.749461  0.921955  0.645851  0.816356  0.793824  0.817466  0.835202  0.815511  0.777073  0.630630  0.677116 0.0  0.660889  0.741957  0.668754  0.801705  0.778236  0.837982  0.673990  0.526024  0.626327  0.594920  0.630439  0.744454  0.606168  0.573266  0.645843  0.654770  0.688877  0.616936  0.544506  0.783388  0.490748  0.859055  0.823888  0.511474  0.557965  0.601923  0.866917  0.497815  0.778793  0.797580  0.827854  0.671072  0.592094  0.830936  0.656285  0.655601  0.652955  0.796111  0.865825 
23  0.714648  0.744719  0.702318  0.835961  0.524662  0.976353  0.854472  0.840643  0.711518  0.630882  0.639468  0.835946  0.789330  0.391987  0.627237  0.752415  0.843658  0.769456  0.768871  0.702994  0.543588  0.449562  0.660889 0.0  0.800975  0.530404  0.839989  0.805064  0.806366  0.510829  0.445745  0.315181  0.433479  0.301481  0.485829  0.471629  0.159899  0.440897  0.236766  0.404655  0.410387  0.557228  0.802819  0.437104  0.772045  0.852635  0.562270  0.579735  0.396738  0.785024  0.551271  0.790365  0.690346  0.829362  0.507621  0.424314  0.721402  0.728682  0.749208  0.314542  0.800934  0.772491 
24  0.780927  0.518512  0.716240  0.694366  0.802193  0.800382  0.689629  0.586741  0.594790  0.706485  0.933054  0.775473  0.890181  0.729638  0.796637  0.605245  0.738593  0.900433  0.740602  0.797576  0.742327  0.820576  0.741957  0.800975 0.0  0.797458  0.816552  0.782844  0.782022  0.750881  0.754639  0.687817  0.869296  0.766670  0.816155  0.815993  0.665237  0.843821  0.834453  0.695508  0.678626  0.864096  0.143011  0.723058  0.826607  0.822316  0.860785  0.851475  0.770700  0.783391  0.836489  0.748082  0.823306  0.815257  0.751643  0.794664  0.764436  0.806659  0.787009  0.859392  0.816689  0.752448 
25  0.844799  0.693685  0.743723  0.808047  0.472343  0.847716  0.825231  0.870466  0.788873  0.628368  0.822710  0.770720  0.836530  0.587859  0.811005  0.749503  0.662392  0.788582  0.717883  0.747028  0.583556  0.372455  0.668754  0.530404  0.797458 0.0  0.702530  0.739152  0.858998  0.339273  0.402977  0.415156  0.462069  0.332910  0.461445  0.382155  0.301284  0.373139  0.397287  0.212518  0.353142  0.560146  0.797044  0.659507  0.811323  0.824918  0.514069  0.522555  0.393461  0.856579  0.587876  0.813946  0.788745  0.805613  0.413435  0.471075  0.795857  0.693048  0.679839  0.243491  0.710107  0.708906 
26  0.630017  0.887631  0.707621  0.815958  0.844873  0.924446  0.831782  0.828248  0.764313  0.859801  0.907012  0.742264  0.400068  0.848722  0.636248  0.732435  0.596156  0.678028  0.721875  0.614776  0.730846  0.802482  0.801705  0.839989  0.816552  0.702530 0.0  0.918367  0.718540  0.707567  0.786687  0.775938  0.719835  0.749795  0.720667  0.704288  0.812289  0.848594  0.783170  0.702947  0.753358  0.660649  0.786853  0.812909  0.713545  0.671249  0.830146  0.794264  0.695425  0.711697  0.726983  0.626500  0.755061  0.778984  0.831944  0.735446  0.771295  0.740760  0.917078  0.854690  0.853124  0.608014 
27  0.860201  0.740652  0.791231  0.845272  0.757196  0.884738  0.875006  0.804840  0.753713  0.742176  0.628456  0.619509  0.822213  0.915749  0.794860  0.741705  0.856404  0.871863  0.853884  0.864046  0.779027  0.735326  0.778236  0.805064  0.782844  0.739152  0.918367 0.0  0.807368  0.727001  0.849955  0.761546  0.822845  0.763706  0.773488  0.701527  0.956232  0.733425  0.804772  0.752227  0.860450  0.774871  0.778158  0.788314  0.876571  0.888246  0.795855  0.791449  0.758793  0.879664  0.801251  0.899421  0.814767  0.793014  0.823353  0.716423  0.870271  0.788319  0.774497  0.802742  0.836402  0.849192 
28  0.577445  0.768639  0.375362  0.723770  0.751419  0.674360  0.763248  0.755325  0.636344  0.702432  0.857421  0.844976  0.818617  0.756714  0.586908  0.648529  0.542678  0.601020  0.605621  0.558975  0.823543  0.786140  0.837982  0.806366  0.782022  0.858998  0.718540  0.807368 0.0  0.851579  0.724484  0.795399  0.789728  0.672926  0.834592  0.783877  0.781499  0.719834  0.813747  0.805855  0.742296  0.771566  0.763354  0.763445  0.581066  0.772550  0.783049  0.949069  0.789632  0.625058  0.917324  0.544114  0.596581  0.730211  0.736629  0.753550  0.473387  0.467818  0.823275  0.815845  0.648216  0.670995 
29  0.715550  0.694573  0.752049  0.800013  0.561214  0.907307  0.900210  0.834425  0.881619  0.630576  0.859449  0.917068  0.761301  0.378490  0.727815  0.682358  0.793505  0.754060  0.800466  0.775464  0.463677  0.465295  0.673990  0.510829  0.750881  0.339273  0.707567  0.727001  0.851579 0.0  0.504061  0.430956  0.278001  0.444711  0.400662  0.465311  0.429772  0.317416  0.409460  0.294253  0.452192  0.597888  0.715542  0.554256  0.930481  0.791938  0.655192  0.454811  0.293910  0.842821  0.644111  0.720270  0.778378  0.777319  0.458054  0.358741  0.689178  0.725294  0.689111  0.447775  0.691447  0.784305 
30  0.843411  0.723795  0.686241  0.826939  0.513845  0.866549  0.845422  0.822872  0.712360  0.564847  0.779324  0.819913  0.816383  0.546336  0.756208  0.747987  0.744595  0.729697  0.813124  0.718482  0.454527  0.348666  0.526024  0.445745  0.754639  0.402977  0.786687  0.849955  0.724484  0.504061 0.0  0.566004  0.507907  0.503783  0.588158  0.587810  0.411032  0.427893  0.522151  0.599021  0.406050  0.485583  0.884003  0.500156  0.763273  0.839214  0.480951  0.292388  0.513870  0.802632  0.589642  0.800871  0.723289  0.734519  0.398760  0.343676  0.743329  0.836143  0.687097  0.462713  0.801066  0.823692 
31  0.815388  0.691571  0.749532  0.817849  0.576183  0.819052  0.859912  0.703743  0.751404  0.569988  0.784026  0.918571  0.797786  0.370210  0.836045  0.691471  0.842765  0.816391  0.757948  0.768900  0.579154  0.381740  0.626327  0.315181  0.687817  0.415156  0.775938  0.761546  0.795399  0.430956  0.566004 0.0  0.510953  0.448236  0.438375  0.346856  0.368926  0.361311  0.392710  0.406351  0.499215  0.684217  0.823009  0.575495  0.754796  0.796710  0.621349  0.562503  0.374292  0.867380  0.580421  0.699972  0.746955  0.793898  0.410396  0.517319  0.747729  0.764436  0.720117  0.233119  0.812410  0.768860 
32  0.785092  0.848929  0.660481  0.853101  0.567547  0.771140  0.771558  0.879434  0.813587  0.559684  0.809524  0.799492  0.828462  0.534227  0.766238  0.748021  0.824158  0.812406  0.707575  0.725724  0.609285  0.449323  0.594920  0.433479  0.869296  0.462069  0.719835  0.822845  0.789728  0.278001  0.507907  0.510953 0.0  0.533641  0.378367  0.474612  0.480218  0.517969  0.507486  0.499970  0.453759  0.637427  0.821532  0.569722  0.849867  0.728503  0.623173  0.576092  0.437140  0.826535  0.689295  0.727437  0.843676  0.848810  0.591244  0.464473  0.783062  0.812501  0.722858  0.535063  0.787791  0.750868 
33  0.769721  0.751202  0.721026  0.674115  0.508436  0.847610  0.870374  0.770138  0.690262  0.591612  0.852951  0.869476  0.785325  0.537693  0.731685  0.750125  0.611589  0.779268  0.648380  0.729991  0.452083  0.359802  0.630439  0.301481  0.766670  0.332910  0.749795  0.763706  0.672926  0.444711  0.503783  0.448236  0.533641 0.0  0.389675  0.476161  0.313332  0.357134  0.292597  0.396827  0.366540  0.574538  0.696128  0.483500  0.756306  0.881611  0.601495  0.488369  0.330041  0.846507  0.571295  0.812686  0.696942  0.703559  0.452702  0.408255  0.768928  0.860928  0.606127  0.248252  0.839852  0.780753 
34  0.773350  0.814803  0.807594  0.733570  0.625114  0.815567  0.760994  0.844159  0.820354  0.522548  0.843756  0.830501  0.740343  0.547512  0.645996  0.730260  0.792697  0.696267  0.705698  0.727009  0.645825  0.500283  0.744454  0.485829  0.816155  0.461445  0.720667  0.773488  0.834592  0.400662  0.588158  0.438375  0.378367  0.389675 0.0  0.205851  0.461545  0.199626  0.371100  0.488459  0.385708  0.537884  0.745450  0.652194  0.842763  0.800201  0.688376  0.505693  0.400607  0.852801  0.556276  0.917653  0.735339  0.778401  0.566842  0.641177  0.711852  0.863370  0.751333  0.401081  0.820584  0.762842 
35  0.719388  0.745607  0.819258  0.755805  0.585661  0.944283  0.852358  0.794693  0.756224  0.431237  0.690392  0.861778  0.813340  0.487978  0.685268  0.737817  0.795703  0.758422  0.788799  0.720504  0.620843  0.387172  0.606168  0.471629  0.815993  0.382155  0.704288  0.701527  0.783877  0.465311  0.587810  0.346856  0.474612  0.476161  0.205851 0.0  0.334781  0.312554  0.391967  0.505035  0.473041  0.600959  0.836387  0.550545  0.766697  0.859039  0.695727  0.481930  0.286503  0.815544  0.650293  0.721816  0.784010  0.780400  0.582917  0.446443  0.766859  0.852404  0.814362  0.362942  0.779410  0.844205 
36  0.845582  0.902606  0.744223  0.719507  0.593063  0.712074  0.764415  0.722738  0.851066  0.535436  0.827889  0.739701  0.786095  0.515755  0.798735  0.691026  0.769985  0.734471  0.726445  0.837783  0.645146  0.325624  0.573266  0.159899  0.665237  0.301284  0.812289  0.956232  0.781499  0.429772  0.411032  0.368926  0.480218  0.313332  0.461545  0.334781 0.0  0.288958  0.245742  0.279949  0.382176  0.535784  0.811122  0.586724  0.827861  0.767792  0.624005  0.503922  0.145514  0.752686  0.514771  0.791597  0.828334  0.749265  0.474131  0.490651  0.803220  0.718526  0.589341  0.106974  0.774583  0.744673 
37  0.712970  0.744046  0.697280  0.835755  0.557079  0.795377  0.754323  0.725381  0.811478  0.518311  0.785647  0.754789  0.873088  0.475050  0.796361  0.780886  0.690908  0.728871  0.774182  0.818843  0.622665  0.481069  0.645843  0.440897  0.843821  0.373139  0.848594  0.733425  0.719834  0.317416  0.427893  0.361311  0.517969  0.357134  0.199626  0.312554  0.288958 0.0  0.417173  0.327130  0.443929  0.561617  0.822460  0.578810  0.694985  0.786259  0.487386  0.515025  0.285056  0.764740  0.429505  0.778933  0.761452  0.782890  0.400288  0.497872  0.797550  0.749646  0.727355  0.252816  0.800094  0.860515 
38  0.724949  0.755927  0.749386  0.827495  0.624005  0.841941  0.847720  0.858309  0.794026  0.507509  0.713865  0.775824  0.792129  0.484349  0.737029  0.693263  0.733764  0.809372  0.729114  0.787027  0.647865  0.373284  0.654770  0.236766  0.834453  0.397287  0.783170  0.804772  0.813747  0.409460  0.522151  0.392710  0.507486  0.292597  0.371100  0.391967  0.245742  0.417173 0.0  0.190671  0.252147  0.539283  0.827875  0.502507  0.802789  0.772126  0.510623  0.560437  0.322686  0.775643  0.535155  0.684558  0.800360  0.813216  0.451780  0.433914  0.751640  0.877444  0.694984  0.241421  0.789249  0.633116 
39  0.694872  0.820845  0.880429  0.799182  0.554940  0.807576  0.783831  0.799632  0.780123  0.648851  0.791404  0.675020  0.742514  0.494743  0.746892  0.864428  0.735767  0.756365  0.697737  0.625620  0.516496  0.271666  0.688877  0.404655  0.695508  0.212518  0.702947  0.752227  0.805855  0.294253  0.599021  0.406351  0.499970  0.396827  0.488459  0.505035  0.279949  0.327130  0.190671 0.0  0.365435  0.480000  0.791825  0.516017  0.767787  0.735184  0.542304  0.524113  0.229430  0.778554  0.586624  0.739815  0.797485  0.816093  0.483058  0.450666  0.761414  0.749201  0.735209  0.332414  0.689317  0.781389 
40  0.798999  0.813089  0.738593  0.704059  0.489038  0.781048  0.858360  0.821672  0.730488  0.628506  0.745981  0.771609  0.770235  0.455296  0.733317  0.793731  0.735533  0.761206  0.726065  0.760295  0.505330  0.282352  0.616936  0.410387  0.678626  0.353142  0.753358  0.860450  0.742296  0.452192  0.406050  0.499215  0.453759  0.366540  0.385708  0.473041  0.382176  0.443929  0.252147  0.365435 0.0  0.639498  0.829944  0.495987  0.837702  0.898744  0.476332  0.544216  0.292870  0.794816  0.445891  0.676498  0.946976  0.810560  0.485946  0.422157  0.774143  0.780363  0.820368  0.359067  0.777259  0.793104 
41  0.789545  0.798760  0.810394  0.837879  0.370954  0.847795  0.859468  0.772474  0.845404  0.626655  0.875210  0.748122  0.843199  0.644674  0.852749  0.778369  0.757671  0.778731  0.766259  0.685761  0.549149  0.626827  0.544506  0.557228  0.864096  0.560146  0.660649  0.774871  0.771566  0.597888  0.485583  0.684217  0.637427  0.574538  0.537884  0.600959  0.535784  0.561617  0.539283  0.480000  0.639498 0.0  0.820890  0.516237  0.878306  0.934640  0.479832  0.449809  0.622957  0.892656  0.271182  0.740610  0.755233  0.818196  0.270380  0.470960  0.862521  0.789460  0.778262  0.572155  0.822224  0.858784 
42  0.732019  0.609917  0.686743  0.637612  0.845791  0.718190  0.640441  0.707467  0.750170  0.890340  0.816825  0.719255  0.734297  0.788316  0.838890  0.605444  0.825936  0.808554  0.729563  0.787324  0.861831  0.813986  0.783388  0.802819  0.143011  0.797044  0.786853  0.778158  0.763354  0.715542  0.884003  0.823009  0.821532  0.696128  0.745450  0.836387  0.811122  0.822460  0.827875  0.791825  0.829944  0.820890 0.0  0.691120  0.649497  0.808359  0.808312  0.832165  0.794891  0.863166  0.799448  0.767390  0.698583  0.727857  0.804145  0.909975  0.750368  0.703145  0.815955  0.803145  0.827786  0.750896 
43  0.750375  0.856594  0.849530  0.914347  0.448334  0.819559  0.792493  0.724226  0.757337  0.625529  0.798484  0.790271  0.755552  0.470527  0.807857  0.630293  0.830908  0.844329  0.801495  0.727978  0.517977  0.570158  0.490748  0.437104  0.723058  0.659507  0.812909  0.788314  0.763445  0.554256  0.500156  0.575495  0.569722  0.483500  0.652194  0.550545  0.586724  0.578810  0.502507  0.516017  0.495987  0.516237  0.691120 0.0  0.749758  0.783795  0.548227  0.539015  0.607583  0.729973  0.522332  0.783181  0.718173  0.718594  0.451639  0.329014  0.753739  0.875161  0.698135  0.633611  0.793407  0.703418 
44  0.592029  0.864819  0.471008  0.754540  0.853310  0.729464  0.722074  0.678825  0.749000  0.734952  0.821052  0.881301  0.742462  0.828971  0.538404  0.738276  0.609960  0.611803  0.539568  0.557485  0.790851  0.839251  0.859055  0.772045  0.826607  0.811323  0.713545  0.876571  0.581066  0.930481  0.763273  0.754796  0.849867  0.756306  0.842763  0.766697  0.827861  0.694985  0.802789  0.767787  0.837702  0.878306  0.649497  0.749758 0.0  0.761247  0.754307  0.812289  0.826263  0.534188  0.864888  0.587742  0.523178  0.554827  0.776397  0.748972  0.680071  0.625538  0.831686  0.812185  0.580779  0.590722 
45  0.634722  0.832632  0.618022  0.726093  0.824791  0.811817  0.773274  0.753644  0.736279  0.747951  0.802744  0.843353  0.473172  0.836269  0.676647  0.796895  0.664761  0.720346  0.732699  0.803596  0.740318  0.711739  0.823888  0.852635  0.822316  0.824918  0.671249  0.888246  0.772550  0.791938  0.839214  0.796710  0.728503  0.881611  0.800201  0.859039  0.767792  0.786259  0.772126  0.735184  0.898744  0.934640  0.808359  0.783795  0.761247 0.0  0.863303  0.723456  0.867768  0.602628  0.869819  0.699978  0.604278  0.644833  0.790404  0.853626  0.826757  0.654984  0.910980  0.703181  0.618614  0.721412 
46  0.835559  0.884595  0.863534  0.898242  0.416188  0.732706  0.883713  0.830880  0.782130  0.510287  0.810325  0.864636  0.790946  0.655477  0.807327  0.833971  0.792678  0.874129  0.776491  0.699227  0.450660  0.617122  0.511474  0.562270  0.860785  0.514069  0.830146  0.795855  0.783049  0.655192  0.480951  0.621349  0.623173  0.601495  0.688376  0.695727  0.624005  0.487386  0.510623  0.542304  0.476332  0.479832  0.808312  0.548227  0.754307  0.863303 0.0  0.337602  0.596899  0.618854  0.487757  0.777960  0.672964  0.926131  0.528533  0.477404  0.911927  0.744813  0.645198  0.497696  0.836029  0.835876 
47  0.752446  0.758150  0.819451  0.846221  0.355907  0.846170  0.777932  0.946155  0.749620  0.560560  0.725157  0.833951  0.795361  0.605477  0.845351  0.747664  0.756734  0.874841  0.797263  0.826927  0.379144  0.509890  0.557965  0.579735  0.851475  0.522555  0.794264  0.791449  0.949069  0.454811  0.292388  0.562503  0.576092  0.488369  0.505693  0.481930  0.503922  0.515025  0.560437  0.524113  0.544216  0.449809  0.832165  0.539015  0.812289  0.723456  0.337602 0.0  0.521992  0.790221  0.366308  0.713447  0.831380  0.904130  0.282992  0.390673  0.827888  0.783865  0.691055  0.475097  0.802905  0.810516 
48  0.735196  0.642993  0.629405  0.809848  0.463497  0.913926  0.830016  0.804244  0.707492  0.451037  0.824882  0.799661  0.868393  0.584288  0.766952  0.792964  0.736528  0.634671  0.801417  0.764299  0.490264  0.337340  0.601923  0.396738  0.770700  0.393461  0.695425  0.758793  0.789632  0.293910  0.513870  0.374292  0.437140  0.330041  0.400607  0.286503  0.145514  0.285056  0.322686  0.229430  0.292870  0.622957  0.794891  0.607583  0.826263  0.867768  0.596899  0.521992 0.0  0.821482  0.540307  0.737069  0.753671  0.719557  0.521554  0.417938  0.757776  0.810643  0.676335  0.039281  0.666023  0.723793 
49  0.571819  0.836774  0.519852  0.716756  0.829884  0.705976  0.785709  0.799447  0.646314  0.803174  1.000000  0.870199  0.681535  0.834605  0.598305  0.636774  0.636663  0.605129  0.647915  0.652433  0.832352  0.751595  0.866917  0.785024  0.783391  0.856579  0.711697  0.879664  0.625058  0.842821  0.802632  0.867380  0.826535  0.846507  0.852801  0.815544  0.752686  0.764740  0.775643  0.778554  0.794816  0.892656  0.863166  0.729973  0.534188  0.602628  0.618854  0.790221  0.821482 0.0  0.746246  0.593954  0.603217  0.658095  0.886351  0.819363  0.623810  0.474740  0.809762  0.775508  0.587286  0.504307 
50  0.811877  0.756821  0.724577  0.854924  0.356985  0.790297  0.786853  0.891319  0.720179  0.655908  0.740991  0.947500  0.814076  0.510877  0.871019  0.849628  0.791827  0.798897  0.769727  0.813932  0.353950  0.646629  0.497815  0.551271  0.836489  0.587876  0.726983  0.801251  0.917324  0.644111  0.589642  0.580421  0.689295  0.571295  0.556276  0.650293  0.514771  0.429505  0.535155  0.586624  0.445891  0.271182  0.799448  0.522332  0.864888  0.869819  0.487757  0.366308  0.540307  0.746246 0.0  0.779338  0.730708  0.824920  0.427200  0.521763  0.790899  0.739245  0.699123  0.659462  0.890777  0.849392 
51  0.477178  0.710860  0.619930  0.735573  0.814558  0.737432  0.716022  0.769301  0.684272  0.768718  0.755692  0.919208  0.675689  0.808606  0.483224  0.801679  0.494456  0.521062  0.243089  0.540865  0.827976  0.727600  0.778793  0.790365  0.748082  0.813946  0.626500  0.899421  0.544114  0.720270  0.800871  0.699972  0.727437  0.812686  0.917653  0.721816  0.791597  0.778933  0.684558  0.739815  0.676498  0.740610  0.767390  0.783181  0.587742  0.699978  0.777960  0.713447  0.737069  0.593954  0.779338 0.0  0.498031  0.618759  0.740471  0.739519  0.680631  0.586278  0.804490  0.757088  0.408820  0.432702 
52  0.492230  0.745083  0.354250  0.734328  0.754532  0.817960  0.726742  0.773020  0.544203  0.722498  0.771247  0.911929  0.817409  0.825137  0.236144  0.819400  0.499992  0.534476  0.355244  0.527010  0.815386  0.807612  0.797580  0.690346  0.823306  0.788745  0.755061  0.814767  0.596581  0.778378  0.723289  0.746955  0.843676  0.696942  0.735339  0.784010  0.828334  0.761452  0.800360  0.797485  0.946976  0.755233  0.698583  0.718173  0.523178  0.604278  0.672964  0.831380  0.753671  0.603217  0.730708  0.498031 0.0  0.501882  0.749405  0.882466  0.687394  0.521753  0.852630  0.793493  0.380590  0.439289 
53  0.640167  0.813108  0.661317  0.764060  0.814167  0.856981  0.863658  0.773077  0.753425  0.790499  0.873293  0.935546  0.645723  0.822991  0.650447  0.791402  0.524196  0.759155  0.718043  0.625242  0.957043  0.830272  0.827854  0.829362  0.815257  0.805613  0.778984  0.793014  0.730211  0.777319  0.734519  0.793898  0.848810  0.703559  0.778401  0.780400  0.749265  0.782890  0.813216  0.816093  0.810560  0.818196  0.727857  0.718594  0.554827  0.644833  0.926131  0.904130  0.719557  0.658095  0.824920  0.618759  0.501882 0.0  0.750007  0.853061  0.754865  0.737569  0.907752  0.903805  0.636837  0.572643 
54  0.846826  0.751866  0.720964  0.735855  0.407356  0.865935  0.842699  0.686912  0.890026  0.743534  0.762255  0.873695  0.729993  0.495525  0.834257  0.828379  0.786719  0.817381  0.880395  0.656331  0.464369  0.420130  0.671072  0.507621  0.751643  0.413435  0.831944  0.823353  0.736629  0.458054  0.398760  0.410396  0.591244  0.452702  0.566842  0.582917  0.474131  0.400288  0.451780  0.483058  0.485946  0.270380  0.804145  0.451639  0.776397  0.790404  0.528533  0.282992  0.521554  0.886351  0.427200  0.740471  0.749405  0.750007 0.0  0.377743  0.757982  0.811147  0.672798  0.431549  0.812320  0.762911 
55  0.683029  0.863346  0.925087  0.842348  0.470649  0.728618  0.884408  0.796277  0.747034  0.617406  0.685034  0.778809  0.840895  0.444864  0.748618  0.808228  0.768657  0.770094  0.782426  0.777557  0.541911  0.381790  0.592094  0.424314  0.794664  0.471075  0.735446  0.716423  0.753550  0.358741  0.343676  0.517319  0.464473  0.408255  0.641177  0.446443  0.490651  0.497872  0.433914  0.450666  0.422157  0.470960  0.909975  0.329014  0.748972  0.853626  0.477404  0.390673  0.417938  0.819363  0.521763  0.739519  0.882466  0.853061  0.377743 0.0  0.802779  0.779229  0.789202  0.454607  0.923717  0.732066 
56  0.739040  0.718155  0.607526  0.557779  0.872577  0.705674  0.593788  0.683641  0.595598  0.834074  0.912341  0.881988  0.792587  0.697546  0.551819  0.585944  0.644815  0.566431  0.693266  0.706747  0.771416  0.800582  0.830936  0.721402  0.764436  0.795857  0.771295  0.870271  0.473387  0.689178  0.743329  0.747729  0.783062  0.768928  0.711852  0.766859  0.803220  0.797550  0.751640  0.761414  0.774143  0.862521  0.750368  0.753739  0.680071  0.826757  0.911927  0.827888  0.757776  0.623810  0.790899  0.680631  0.687394  0.754865  0.757982  0.802779 0.0  0.378083  0.855379  0.848860  0.714450  0.634555 
57  0.644782  0.652525  0.603794  0.645851  0.714919  0.668715  0.693325  0.761730  0.506377  0.778566  0.721201  0.769698  0.772015  0.738379  0.650850  0.707720  0.536281  0.663063  0.649648  0.624271  0.850052  0.698816  0.656285  0.728682  0.806659  0.693048  0.740760  0.788319  0.467818  0.725294  0.836143  0.764436  0.812501  0.860928  0.863370  0.852404  0.718526  0.749646  0.877444  0.749201  0.780363  0.789460  0.703145  0.875161  0.625538  0.654984  0.744813  0.783865  0.810643  0.474740  0.739245  0.586278  0.521753  0.737569  0.811147  0.779229  0.378083 0.0  0.814418  0.751687  0.633431  0.554763 
58  0.782532  0.896317  0.922955  0.901237  0.624408  0.849798  0.887155  0.877047  0.809314  0.685632  0.738161  0.744698  0.842103  0.739019  0.915106  0.745505  0.817277  0.795854  0.845089  0.839079  0.729871  0.717765  0.655601  0.749208  0.787009  0.679839  0.917078  0.774497  0.823275  0.689111  0.687097  0.720117  0.722858  0.606127  0.751333  0.814362  0.589341  0.727355  0.694984  0.735209  0.820368  0.778262  0.815955  0.698135  0.831686  0.910980  0.645198  0.691055  0.676335  0.809762  0.699123  0.804490  0.852630  0.907752  0.672798  0.789202  0.855379  0.814418 0.0  0.702536  0.829251  0.848856 
59  0.738400  0.714673  0.770794  0.904161  0.494995  0.744874  0.724693  0.806401  0.724265  0.559386  0.845692  0.751941  0.729277  0.394525  0.776270  0.823373  0.687996  0.791950  0.696229  0.736709  0.648212  0.371783  0.652955  0.314542  0.859392  0.243491  0.854690  0.802742  0.815845  0.447775  0.462713  0.233119  0.535063  0.248252  0.401081  0.362942  0.106974  0.252816  0.241421  0.332414  0.359067  0.572155  0.803145  0.633611  0.812185  0.703181  0.497696  0.475097  0.039281  0.775508  0.659462  0.757088  0.793493  0.903805  0.431549  0.454607  0.848860  0.751687  0.702536 0.0  0.795103  0.836659 
60  0.530805  0.759727  0.569368  0.739329  0.835797  0.808022  0.768921  0.884415  0.666387  0.806497  0.848367  0.847549  0.718405  0.762371  0.433291  0.794624  0.474159  0.538703  0.300449  0.411707  0.811470  0.813240  0.796111  0.800934  0.816689  0.710107  0.853124  0.836402  0.648216  0.691447  0.801066  0.812410  0.787791  0.839852  0.820584  0.779410  0.774583  0.800094  0.789249  0.689317  0.777259  0.822224  0.827786  0.793407  0.580779  0.618614  0.836029  0.802905  0.666023  0.587286  0.890777  0.408820  0.380590  0.636837  0.812320  0.923717  0.714450  0.633431  0.829251  0.795103 0.0  0.377444 
61  0.325865  0.716583  0.602250  0.803315  0.838126  0.773458  0.672809  0.815226  0.751600  0.721822  0.899642  0.793122  0.638877  0.728676  0.487473  0.751203  0.453900  0.362332  0.313431  0.470129  0.776698  0.703360  0.865825  0.772491  0.752448  0.708906  0.608014  0.849192  0.670995  0.784305  0.823692  0.768860  0.750868  0.780753  0.762842  0.844205  0.744673  0.860515  0.633116  0.781389  0.793104  0.858784  0.750896  0.703418  0.590722  0.721412  0.835876  0.810516  0.723793  0.504307  0.849392  0.432702  0.439289  0.572643  0.762911  0.732066  0.634555  0.554763  0.848856  0.836659  0.377444 0.0 
