62
0 0.0  0.820887  0.600510  0.725962  0.744216  0.758864  0.726115  0.779193  0.686886  0.845092  0.927963  0.812892  0.691510  0.806498  0.485583  0.639574  0.243524  0.349416  0.561342  0.359779  0.767645  0.786162  0.806862  0.741762  0.745142  0.760414  0.599797  0.886391  0.704501  0.776845  0.729071  0.779031  0.809576  0.816942  0.690619  0.721405  0.797965  0.696794  0.637854  0.678966  0.821543  0.792139  0.777278  0.709807  0.540541  0.711613  0.784343  0.646746  0.804458  0.616112  0.807353  0.455304  0.428390  0.692743  0.801409  0.800587  0.739302  0.659752  0.834162  0.767445  0.384824  0.337329 
1  0.820887 0.0  0.850229  0.651838  0.707784  0.581656  0.621215  0.633140  0.694021  0.703380  0.842953  0.836127  0.718067  0.748018  0.828393  0.484841  0.770620  0.767990  0.755456  0.757682  0.814059  0.835970  0.774477  0.810180  0.466008  0.858112  0.893682  0.635949  0.771943  0.720356  0.778244  0.621033  0.751441  0.696453  0.718010  0.605837  0.800386  0.763649  0.915378  0.782528  0.812854  0.701388  0.553872  0.818823  0.833406  0.783678  0.836224  0.782308  0.806806  0.826650  0.879397  0.832612  0.882501  0.700275  0.706959  0.767124  0.696487  0.717348  0.846455  0.818672  0.701633  0.681749 
2  0.600510  0.850229 0.0  0.706162  0.823573  0.665164  0.743773  0.747990  0.646614  0.742150  0.949480  0.740196  0.631975  0.797941  0.490787  0.729555  0.504962  0.573884  0.476963  0.505201  0.764975  0.796197  0.820791  0.745517  0.771143  0.825244  0.751627  0.769171  0.585804  0.728668  0.843011  0.733894  0.712479  0.779614  0.800479  0.707281  0.676396  0.852804  0.735754  0.684616  0.741256  0.821838  0.888318  0.744259  0.405451  0.716366  0.786434  0.816378  0.743448  0.608264  0.832286  0.431315  0.364515  0.619782  0.717307  0.723333  0.554003  0.541114  0.753459  0.759051  0.507512  0.511398 
3  0.725962  0.651838  0.706162 0.0  0.737725  0.630062  0.614607  0.633942  0.607797  0.802178  0.939887  0.835366  0.839320  0.698179  0.711919  0.602157  0.570972  0.775327  0.783887  0.721827  0.791214  0.778772  0.768039  0.763142  0.730465  0.781295  0.819731  0.715924  0.649779  0.788050  0.790552  0.820492  0.794768  0.789470  0.716456  0.793234  0.811326  0.816442  0.712272  0.746945  0.801304  0.745397  0.713967  0.799288  0.770448  0.724086  0.816209  0.758936  0.717081  0.694847  0.759966  0.697879  0.747664  0.772386  0.805736  0.832423  0.568532  0.711841  0.778173  0.726792  0.664734  0.739936 
4  0.744216  0.707784  0.823573  0.737725 0.0  0.953514  0.821277  0.814814  0.859900  0.722582  0.758744  0.734204  0.794395  0.634262  0.784654  0.790015  0.702797  0.822585  0.721085  0.798351  0.363527  0.550800  0.473166  0.585550  0.825166  0.668632  0.766017  0.781453  0.747394  0.598140  0.515668  0.557021  0.648286  0.545073  0.571659  0.606404  0.580734  0.474406  0.580480  0.482084  0.474447  0.316141  0.819954  0.445685  0.855002  0.836772  0.445548  0.293766  0.551197  0.782358  0.293988  0.827758  0.786675  0.722461  0.429036  0.455729  0.814521  0.760045  0.769681  0.605109  0.710677  0.704638 
5  0.758864  0.581656  0.665164  0.630062  0.953514 0.0  0.490405  0.538804  0.724562  0.771294  0.896467  0.817377  0.753268  0.833855  0.715997  0.641080  0.721392  0.748042  0.760801  0.733445  0.861048  0.760992  0.964844  0.732285  0.609358  0.725247  0.837560  0.825156  0.717701  0.803375  0.819203  0.922676  0.849804  0.796534  0.820938  0.832451  0.788092  0.679045  0.941803  0.902099  0.821428  0.752506  0.709211  0.786628  0.690982  0.806148  0.766875  0.817435  0.868764  0.709163  0.822961  0.793685  0.737381  0.703619  0.792888  0.772850  0.686084  0.681451  0.870554  0.833617  0.773185  0.779252 
6  0.726115  0.621215  0.743773  0.614607  0.821277  0.490405 0.0  0.601299  0.696295  0.820923  0.902917  0.816391  0.847006  0.735156  0.743760  0.640307  0.741088  0.710295  0.709658  0.752901  0.755434  0.851089  0.782436  0.791869  0.597775  0.794377  0.850683  0.865097  0.745353  0.726632  0.806631  0.867521  0.744103  0.766544  0.752459  0.768828  0.854012  0.780451  0.828700  0.770512  0.843010  0.857838  0.690881  0.846773  0.839998  0.729846  0.758031  0.835641  0.888822  0.711050  0.811829  0.788127  0.753424  0.734598  0.841056  0.735811  0.712497  0.574592  0.832374  0.805861  0.708206  0.799707 
7  0.779193  0.633140  0.747990  0.633942  0.814814  0.538804  0.601299 0.0  0.623976  0.753115  0.791126  0.841701  0.865513  0.924751  0.811058  0.515032  0.738812  0.773009  0.743692  0.806468  0.784444  0.763364  0.852683  0.719382  0.622825  0.861145  0.812496  0.867932  0.731249  0.655770  0.819408  0.786802  1.000000  0.842883  0.787549  0.846548  0.777728  0.910562  0.902659  0.763180  0.744444  0.747927  0.620643  0.826442  0.742280  0.843710  0.713655  0.818376  0.742513  0.873584  0.815791  0.795451  0.687481  0.773270  0.863630  0.741209  0.690032  0.635133  0.792699  0.765010  0.798573  0.744048 
8  0.686886  0.694021  0.646614  0.607797  0.859900  0.724562  0.696295  0.623976 0.0  0.761123  0.873168  0.823925  0.804683  0.816527  0.680343  0.644938  0.806127  0.755798  0.612189  0.691103  0.805057  0.792042  0.821045  0.754979  0.599243  0.818812  0.597243  0.783021  0.587713  0.681075  0.770752  0.675911  0.830822  0.769351  0.714843  0.741079  0.759471  0.837607  0.793950  0.810873  0.728848  0.782178  0.669117  0.784219  0.576453  0.747347  0.785643  0.840080  0.823943  0.732774  0.842822  0.659440  0.574961  0.653044  0.860492  0.662135  0.465368  0.470589  0.661306  0.704604  0.700856  0.662904 
9  0.845092  0.703380  0.742150  0.802178  0.722582  0.771294  0.820923  0.753115  0.761123 0.0  0.734678  0.756506  0.835741  0.638001  0.703070  0.698173  0.760144  0.709279  0.711062  0.765611  0.638730  0.570092  0.637591  0.620905  0.789778  0.643641  0.738298  0.805896  0.666256  0.469199  0.587349  0.438627  0.526225  0.455458  0.459596  0.526897  0.551337  0.601360  0.517657  0.609707  0.581593  0.592101  0.763423  0.617229  0.801537  0.791298  0.553322  0.652167  0.562081  0.790510  0.761905  0.664710  0.680853  0.859892  0.641801  0.684003  0.734827  0.627839  0.593492  0.606480  0.752699  0.733952 
10  0.927963  0.842953  0.949480  0.939887  0.758744  0.896467  0.902917  0.791126  0.873168  0.734678 0.0  0.292984  0.949925  0.740850  0.800811  0.912404  0.970711  0.830389  0.914994  0.779966  0.758725  0.912761  0.632388  0.741750  0.766306  0.804665  0.905536  0.577075  0.835478  0.804814  0.655443  0.784204  0.809054  0.708719  0.841244  0.668498  0.727814  0.858583  0.878967  0.860886  0.871717  0.758327  0.874044  0.831080  0.844429  0.816059  0.830330  0.693445  0.794752  0.914941  0.790533  0.743065  0.835304  0.833933  0.817069  0.822464  0.862312  0.868476  0.612586  0.844525  0.915346  0.844564 
11  0.812892  0.836127  0.740196  0.835366  0.734204  0.817377  0.816391  0.841701  0.823925  0.756506  0.292984 0.0  0.861265  0.771098  0.766353  0.826843  0.803219  0.813386  0.826021  0.826095  0.856012  0.816731  0.763790  0.815647  0.737673  0.764260  0.934860  0.544880  0.904662  0.899155  0.701251  0.711622  0.757273  0.792028  0.835421  0.723907  0.797866  0.831722  0.831835  0.839547  0.739534  0.710788  0.685764  0.682738  0.803489  0.758414  0.746220  0.806561  0.814487  0.854586  0.729768  0.924347  0.812336  0.889400  0.895358  0.781705  0.801525  0.948158  0.727699  0.665925  0.942534  0.777743 
12  0.691510  0.718067  0.631975  0.839320  0.794395  0.753268  0.847006  0.865513  0.804683  0.835741  0.949925  0.861265 0.0  0.743890  0.671758  0.818794  0.705249  0.719155  0.676768  0.612358  0.735573  0.738360  0.670213  0.721492  0.794873  0.741249  0.288663  0.811884  0.675094  0.813037  0.799895  0.810191  0.773816  0.929103  0.688375  0.803331  0.824169  0.696258  0.783643  0.690631  0.821995  0.721060  0.868012  0.863934  0.775264  0.465557  0.752570  0.734943  0.796270  0.661680  0.797105  0.691588  0.658300  0.628536  0.739020  0.825161  0.809223  0.875944  0.818281  0.800383  0.696390  0.609927 
13  0.806498  0.748018  0.797941  0.698179  0.634262  0.833855  0.735156  0.924751  0.816527  0.638001  0.740850  0.771098  0.743890 0.0  0.818321  0.852846  0.844972  0.712499  0.702872  0.736906  0.571408  0.398806  0.640242  0.458986  0.765939  0.495512  0.743268  0.799320  0.816503  0.557633  0.512329  0.456796  0.609599  0.510039  0.456082  0.447245  0.556216  0.417728  0.424792  0.454153  0.516659  0.672559  0.706100  0.472134  0.724327  0.760827  0.463285  0.531449  0.539456  0.785946  0.636236  0.781934  0.785191  0.656883  0.642748  0.490712  0.776173  0.826130  0.780134  0.544156  0.716396  0.711270 
14  0.485583  0.828393  0.490787  0.711919  0.784654  0.715997  0.743760  0.811058  0.680343  0.703070  0.800811  0.766353  0.671758  0.818321 0.0  0.646438  0.522754  0.528477  0.480006  0.467328  0.817653  0.747666  0.760744  0.745288  0.771426  0.739967  0.680333  0.806596  0.564476  0.700852  0.744823  0.770479  0.797442  0.671049  0.674030  0.670904  0.696180  0.761723  0.673510  0.719765  0.754888  0.837472  0.738381  0.880790  0.585574  0.487125  0.807107  0.800674  0.749383  0.490841  0.786340  0.440979  0.368775  0.582436  0.756025  0.869841  0.560432  0.548956  0.758081  0.686997  0.433019  0.501076 
15  0.639574  0.484841  0.729555  0.602157  0.790015  0.641080  0.640307  0.515032  0.644938  0.698173  0.912404  0.826843  0.818794  0.852846  0.646438 0.0  0.747237  0.715699  0.736763  0.773092  0.757132  0.804170  0.759770  0.831149  0.624935  0.783460  0.760077  0.675771  0.630443  0.645077  0.861701  0.751225  0.724749  0.688690  0.786794  0.726070  0.734197  0.801972  0.657625  0.811629  0.707836  0.699138  0.718141  0.873538  0.677571  0.823127  0.740161  0.736349  0.782773  0.735306  0.810656  0.718512  0.682348  0.754399  0.805009  0.714152  0.790001  0.710629  0.739191  0.611487  0.692461  0.682371 
16  0.243524  0.770620  0.504962  0.570972  0.702797  0.721392  0.741088  0.738812  0.806127  0.760144  0.970711  0.803219  0.705249  0.844972  0.522754  0.747237 0.0  0.307366  0.476109  0.535279  0.690151  0.745165  0.858319  0.823765  0.821247  0.817274  0.602931  0.864636  0.555629  0.750741  0.732045  0.754174  0.706791  0.806485  0.680143  0.664956  0.626872  0.807037  0.766727  0.647474  0.783982  0.851391  0.732545  0.709918  0.559420  0.512133  0.773421  0.687028  0.741013  0.657152  0.741758  0.510226  0.565615  0.582281  0.734393  0.798981  0.532718  0.577049  0.823936  0.661941  0.471485  0.425903 
17  0.349416  0.767990  0.573884  0.775327  0.822585  0.748042  0.710295  0.773009  0.755798  0.709279  0.830389  0.813386  0.719155  0.712499  0.528477  0.715699  0.307366 0.0  0.407327  0.279254  0.722237  0.773303  0.720399  0.738395  0.858378  0.690094  0.662203  0.851774  0.482161  0.777058  0.764228  0.819719  0.692754  0.777722  0.690230  0.789219  0.846680  0.746097  0.750269  0.735022  0.734096  0.763916  0.792650  0.691076  0.624335  0.647256  0.766424  0.723861  0.810583  0.720051  0.828049  0.492030  0.473964  0.757628  0.611899  0.718402  0.666187  0.612044  0.827957  0.655379  0.430443  0.343859 
18  0.561342  0.755456  0.476963  0.783887  0.721085  0.760801  0.709658  0.743692  0.612189  0.711062  0.914994  0.826021  0.676768  0.702872  0.480006  0.736763  0.476109  0.407327 0.0  0.355555  0.789963  0.634316  0.830579  0.713998  0.749763  0.793614  0.728795  0.848115  0.522972  0.654212  0.793099  0.652056  0.711414  0.676042  0.692466  0.860692  0.772848  0.695102  0.913596  0.768945  0.738634  0.734085  0.752809  0.762406  0.582777  0.636897  0.750661  0.779275  0.714581  0.520877  0.738731  0.479877  0.422213  0.587720  0.700301  0.780077  0.626082  0.634403  0.937265  0.842645  0.244129  0.352295 
19  0.359779  0.757682  0.505201  0.721827  0.798351  0.733445  0.752901  0.806468  0.691103  0.765611  0.779966  0.826095  0.612358  0.736906  0.467328  0.773092  0.535279  0.279254  0.355555 0.0  0.779092  0.822328  0.801071  0.703888  0.784737  0.690048  0.587162  0.976843  0.567846  0.712839  0.706018  0.721386  0.761816  0.746347  0.812440  0.671602  0.726450  0.762945  0.779803  0.720749  0.813289  0.768262  0.819841  0.767448  0.500556  0.671408  0.765479  0.794034  0.737494  0.588958  0.725093  0.464072  0.409706  0.590598  0.829479  0.773369  0.545799  0.519323  0.823417  0.684130  0.435455  0.411542 
20  0.767645  0.814059  0.764975  0.791214  0.363527  0.861048  0.755434  0.784444  0.805057  0.638730  0.758725  0.856012  0.735573  0.571408  0.817653  0.757132  0.690151  0.722237  0.789963  0.779092 0.0  0.569796  0.505107  0.575773  0.955356  0.514060  0.834178  0.888867  0.802631  0.613921  0.513748  0.570384  0.618232  0.536511  0.577849  0.556306  0.514287  0.631105  0.501167  0.484958  0.487927  0.395943  0.743435  0.499576  0.838737  0.807378  0.384052  0.328890  0.542251  0.790928  0.393727  0.782533  0.727953  0.767937  0.430992  0.468902  0.714763  0.800192  0.678571  0.582697  0.739247  0.749404 
21  0.786162  0.835970  0.796197  0.778772  0.550800  0.760992  0.851089  0.763364  0.792042  0.570092  0.912761  0.816731  0.738360  0.398806  0.747666  0.804170  0.745165  0.773303  0.634316  0.822328  0.569796 0.0  0.647728  0.554708  0.735090  0.286867  0.812616  0.749959  0.768735  0.487104  0.415512  0.339047  0.487449  0.431253  0.460652  0.461470  0.323727  0.357805  0.292688  0.202244  0.351910  0.569525  0.744052  0.497144  0.673392  0.602313  0.594455  0.473812  0.282796  0.770940  0.518656  0.641676  0.810661  0.815688  0.447752  0.425983  0.691170  0.784717  0.721898  0.356781  0.772436  0.691327 
22  0.806862  0.774477  0.820791  0.768039  0.473166  0.964844  0.782436  0.852683  0.821045  0.637591  0.632388  0.763790  0.670213  0.640242  0.760744  0.759770  0.858319  0.720399  0.830579  0.801071  0.505107  0.647728 0.0  0.608880  0.767687  0.551018  0.731347  0.713868  0.766430  0.592042  0.573404  0.659632  0.601205  0.572719  0.627524  0.762106  0.614679  0.559858  0.611582  0.617459  0.628571  0.458370  0.753612  0.522403  0.811227  0.680599  0.452488  0.559477  0.577216  0.766090  0.528104  0.799208  0.696127  0.775645  0.555155  0.601483  0.809773  0.794508  0.676638  0.614277  0.762801  0.763334 
23  0.741762  0.810180  0.745517  0.763142  0.585550  0.732285  0.791869  0.719382  0.754979  0.620905  0.741750  0.815647  0.721492  0.458986  0.745288  0.831149  0.823765  0.738395  0.713998  0.703888  0.575773  0.554708  0.608880 0.0  0.895262  0.414153  0.784196  0.709436  0.779959  0.426164  0.528052  0.404149  0.570798  0.225204  0.335788  0.467175  0.374056  0.431065  0.187388  0.398209  0.428679  0.557754  0.730925  0.534402  0.770137  0.728457  0.576899  0.572246  0.320876  0.800588  0.584711  0.668873  0.722688  0.698260  0.503596  0.422857  0.765587  0.704535  0.783806  0.290941  0.736117  0.754692 
24  0.745142  0.466008  0.771143  0.730465  0.825166  0.609358  0.597775  0.622825  0.599243  0.789778  0.766306  0.737673  0.794873  0.765939  0.771426  0.624935  0.821247  0.858378  0.749763  0.784737  0.955356  0.735090  0.767687  0.895262 0.0  0.835325  0.878216  0.827608  0.746759  0.689518  0.806920  0.821439  0.697322  0.750297  0.845232  0.760913  0.897736  0.776807  0.872040  0.845018  0.744976  0.715612  0.153542  0.802858  0.788602  0.773904  0.811025  0.900062  0.707885  0.684483  0.790572  0.827931  0.793906  0.739531  0.784373  0.805421  0.755704  0.709475  0.755852  0.709809  0.794598  0.898962 
25  0.760414  0.858112  0.825244  0.781295  0.668632  0.725247  0.794377  0.861145  0.818812  0.643641  0.804665  0.764260  0.741249  0.495512  0.739967  0.783460  0.817274  0.690094  0.793614  0.690048  0.514060  0.286867  0.551018  0.414153  0.835325 0.0  0.697996  0.780171  0.818971  0.454498  0.451408  0.328752  0.496547  0.318559  0.413077  0.462346  0.247932  0.360717  0.363125  0.158733  0.264920  0.461407  0.805043  0.609291  0.822097  0.717851  0.641956  0.501897  0.326756  0.766136  0.542638  0.705713  0.688419  0.838963  0.448010  0.399371  0.693566  0.804246  0.744096  0.324490  0.677268  0.843439 
26  0.599797  0.893682  0.751627  0.819731  0.766017  0.837560  0.850683  0.812496  0.597243  0.738298  0.905536  0.934860  0.288663  0.743268  0.680333  0.760077  0.602931  0.662203  0.728795  0.587162  0.834178  0.812616  0.731347  0.784196  0.878216  0.697996 0.0  0.840278  0.679245  0.638033  0.681964  0.761447  0.754282  0.874295  0.749442  0.759180  0.776221  0.777650  0.797697  0.766561  0.770549  0.799376  0.858995  0.790377  0.713867  0.594938  0.741669  0.720541  0.732312  0.645437  0.763513  0.589510  0.669074  0.766578  0.746759  0.799909  0.670194  0.755425  0.988199  0.818034  0.612652  0.717862 
27  0.886391  0.635949  0.769171  0.715924  0.781453  0.825156  0.865097  0.867932  0.783021  0.805896  0.577075  0.544880  0.811884  0.799320  0.806596  0.675771  0.864636  0.851774  0.848115  0.976843  0.888867  0.749959  0.713868  0.709436  0.827608  0.780171  0.840278 0.0  0.817479  0.798028  0.886161  0.891892  0.878536  0.677278  0.797331  0.809036  0.720460  0.827640  0.782434  0.706391  0.741580  0.765458  0.814990  0.761079  0.844903  0.820743  0.805143  0.802428  0.786390  0.826697  0.711894  0.898187  0.862454  0.771989  0.749321  0.759362  0.820854  0.759641  0.674316  0.755981  0.727839  0.787793 
28  0.704501  0.771943  0.585804  0.649779  0.747394  0.717701  0.745353  0.731249  0.587713  0.666256  0.835478  0.904662  0.675094  0.816503  0.564476  0.630443  0.555629  0.482161  0.522972  0.567846  0.802631  0.768735  0.766430  0.779959  0.746759  0.818971  0.679245  0.817479 0.0  0.786768  0.744159  0.677754  0.777971  0.750552  0.762764  0.790804  0.743682  0.770231  0.682903  0.756703  0.787709  0.709767  0.680243  0.745810  0.555083  0.711754  0.821030  0.634248  0.792893  0.524741  0.741426  0.474593  0.593480  0.765244  0.813987  0.784347  0.548494  0.418597  0.787266  0.789104  0.492276  0.612863 
29  0.776845  0.720356  0.728668  0.788050  0.598140  0.803375  0.726632  0.655770  0.681075  0.469199  0.804814  0.899155  0.813037  0.557633  0.700852  0.645077  0.750741  0.777058  0.654212  0.712839  0.613921  0.487104  0.592042  0.426164  0.689518  0.454498  0.638033  0.798028  0.786768 0.0  0.539236  0.360655  0.377605  0.419502  0.343024  0.378659  0.301629  0.420776  0.453828  0.391611  0.560050  0.556380  0.798101  0.440379  0.778437  0.705669  0.545559  0.506720  0.364034  0.741417  0.509204  0.801562  0.917508  0.936569  0.568595  0.423640  0.765647  0.726716  0.737511  0.447633  0.783194  0.771325 
30  0.729071  0.778244  0.843011  0.790552  0.515668  0.819203  0.806631  0.819408  0.770752  0.587349  0.655443  0.701251  0.799895  0.512329  0.744823  0.861701  0.732045  0.764228  0.793099  0.706018  0.513748  0.415512  0.573404  0.528052  0.806920  0.451408  0.681964  0.886161  0.744159  0.539236 0.0  0.617660  0.523332  0.515497  0.550849  0.493677  0.388104  0.535894  0.472266  0.507882  0.418899  0.480913  0.791926  0.421416  0.825687  0.729020  0.495982  0.392865  0.478563  0.730331  0.640314  0.820403  0.745952  0.720058  0.292623  0.409105  0.769017  0.828067  0.841387  0.453376  0.621905  0.778397 
31  0.779031  0.621033  0.733894  0.820492  0.557021  0.922676  0.867521  0.786802  0.675911  0.438627  0.784204  0.711622  0.810191  0.456796  0.770479  0.751225  0.754174  0.819719  0.652056  0.721386  0.570384  0.339047  0.659632  0.404149  0.821439  0.328752  0.761447  0.891892  0.677754  0.360655  0.617660 0.0  0.577300  0.409276  0.386723  0.288570  0.355812  0.317110  0.371822  0.496397  0.446924  0.578170  0.843481  0.473637  0.757681  0.783892  0.638903  0.483748  0.478238  0.818931  0.538321  0.764121  0.735715  0.807037  0.392473  0.421187  0.740040  0.678908  0.733120  0.270794  0.779128  0.740832 
32  0.809576  0.751441  0.712479  0.794768  0.648286  0.849804  0.744103  1.000000  0.830822  0.526225  0.809054  0.757273  0.773816  0.609599  0.797442  0.724749  0.706791  0.692754  0.711414  0.761816  0.618232  0.487449  0.601205  0.570798  0.697322  0.496547  0.754282  0.878536  0.777971  0.377605  0.523332  0.577300 0.0  0.614787  0.442665  0.377994  0.450460  0.491167  0.459779  0.427806  0.554595  0.598294  0.642757  0.586242  0.710317  0.846770  0.547080  0.532419  0.365590  0.765974  0.630367  0.804303  0.695031  0.840722  0.666622  0.577625  0.781960  0.750700  0.706735  0.477134  0.716334  0.684558 
33  0.816942  0.696453  0.779614  0.789470  0.545073  0.796534  0.766544  0.842883  0.769351  0.455458  0.708719  0.792028  0.929103  0.510039  0.671049  0.688690  0.806485  0.777722  0.676042  0.746347  0.536511  0.431253  0.572719  0.225204  0.750297  0.318559  0.874295  0.677278  0.750552  0.419502  0.515497  0.409276  0.614787 0.0  0.423997  0.397118  0.179329  0.351203  0.211987  0.335829  0.241554  0.530725  0.747364  0.522751  0.720845  0.714000  0.557545  0.505450  0.266999  0.729877  0.521567  0.749748  0.728630  0.731204  0.402675  0.482852  0.790070  0.732162  0.744074  0.295130  0.702280  0.744043 
34  0.690619  0.718010  0.800479  0.716456  0.571659  0.820938  0.752459  0.787549  0.714843  0.459596  0.841244  0.835421  0.688375  0.456082  0.674030  0.786794  0.680143  0.690230  0.692466  0.812440  0.577849  0.460652  0.627524  0.335788  0.845232  0.413077  0.749442  0.797331  0.762764  0.343024  0.550849  0.386723  0.442665  0.423997 0.0  0.291242  0.307496  0.279047  0.399060  0.419521  0.408292  0.655208  0.741733  0.531929  0.727877  0.812071  0.525800  0.532420  0.375736  0.855725  0.673832  0.853744  0.812315  0.759338  0.509184  0.496831  0.714514  0.769982  0.745562  0.310420  0.821519  0.751135 
35  0.721405  0.605837  0.707281  0.793234  0.606404  0.832451  0.768828  0.846548  0.741079  0.526897  0.668498  0.723907  0.803331  0.447245  0.670904  0.726070  0.664956  0.789219  0.860692  0.671602  0.556306  0.461470  0.762106  0.467175  0.760913  0.462346  0.759180  0.809036  0.790804  0.378659  0.493677  0.288570  0.377994  0.397118  0.291242 0.0  0.360520  0.282803  0.476156  0.403784  0.468172  0.562348  0.653799  0.577791  0.732069  0.794383  0.622879  0.454757  0.365566  0.810761  0.596299  0.701592  0.693255  0.814158  0.619397  0.549602  0.682947  0.689175  0.771183  0.419682  0.712813  0.745034 
36  0.797965  0.800386  0.676396  0.811326  0.580734  0.788092  0.854012  0.777728  0.759471  0.551337  0.727814  0.797866  0.824169  0.556216  0.696180  0.734197  0.626872  0.846680  0.772848  0.726450  0.514287  0.323727  0.614679  0.374056  0.897736  0.247932  0.776221  0.720460  0.743682  0.301629  0.388104  0.355812  0.450460  0.179329  0.307496  0.360520 0.0  0.261193  0.282806  0.237814  0.389399  0.528659  0.743814  0.449769  0.873831  0.751696  0.605946  0.515930  0.119236  0.791246  0.425100  0.787935  0.666944  0.718524  0.497258  0.426246  0.757263  0.665898  0.712698  0.057881  0.859406  0.791926 
37  0.696794  0.763649  0.852804  0.816442  0.474406  0.679045  0.780451  0.910562  0.837607  0.601360  0.858583  0.831722  0.696258  0.417728  0.761723  0.801972  0.807037  0.746097  0.695102  0.762945  0.631105  0.357805  0.559858  0.431065  0.776807  0.360717  0.777650  0.827640  0.770231  0.420776  0.535894  0.317110  0.491167  0.351203  0.279047  0.282803  0.261193 0.0  0.377966  0.386834  0.506242  0.678294  0.765658  0.491688  0.664787  0.664420  0.649747  0.540830  0.379050  0.784863  0.586567  0.655261  0.737759  0.696381  0.628298  0.549682  0.819710  0.735687  0.692690  0.334785  0.769931  0.822721 
38  0.637854  0.915378  0.735754  0.712272  0.580480  0.941803  0.828700  0.902659  0.793950  0.517657  0.878967  0.831835  0.783643  0.424792  0.673510  0.657625  0.766727  0.750269  0.913596  0.779803  0.501167  0.292688  0.611582  0.187388  0.872040  0.363125  0.797697  0.782434  0.682903  0.453828  0.472266  0.371822  0.459779  0.211987  0.399060  0.476156  0.282806  0.377966 0.0  0.269475  0.354761  0.578448  0.815631  0.492320  0.702303  0.783833  0.548618  0.446557  0.366004  0.776921  0.593700  0.789549  0.772031  0.869756  0.577456  0.350891  0.832629  0.732329  0.768692  0.260430  0.742512  0.742186 
39  0.678966  0.782528  0.684616  0.746945  0.482084  0.902099  0.770512  0.763180  0.810873  0.609707  0.860886  0.839547  0.690631  0.454153  0.719765  0.811629  0.647474  0.735022  0.768945  0.720749  0.484958  0.202244  0.617459  0.398209  0.845018  0.158733  0.766561  0.706391  0.756703  0.391611  0.507882  0.496397  0.427806  0.335829  0.419521  0.403784  0.237814  0.386834  0.269475 0.0  0.368520  0.484842  0.781299  0.460794  0.724862  0.835347  0.493156  0.529967  0.300690  0.795610  0.532687  0.801067  0.802570  0.707243  0.476269  0.389822  0.756283  0.817656  0.667881  0.165390  0.721514  0.778387 
40  0.821543  0.812854  0.741256  0.801304  0.474447  0.821428  0.843010  0.744444  0.728848  0.581593  0.871717  0.739534  0.821995  0.516659  0.754888  0.707836  0.783982  0.734096  0.738634  0.813289  0.487927  0.351910  0.628571  0.428679  0.744976  0.264920  0.770549  0.741580  0.787709  0.560050  0.418899  0.446924  0.554595  0.241554  0.408292  0.468172  0.389399  0.506242  0.354761  0.368520 0.0  0.584192  0.790744  0.419130  0.827889  0.717783  0.595393  0.482140  0.395399  0.728453  0.538343  0.702127  0.729240  0.777969  0.351938  0.487851  0.860218  0.684837  0.775327  0.440556  0.739530  0.777423 
41  0.792139  0.701388  0.821838  0.745397  0.316141  0.752506  0.857838  0.747927  0.782178  0.592101  0.758327  0.710788  0.721060  0.672559  0.837472  0.699138  0.851391  0.763916  0.734085  0.768262  0.395943  0.569525  0.458370  0.557754  0.715612  0.461407  0.799376  0.765458  0.709767  0.556380  0.480913  0.578170  0.598294  0.530725  0.655208  0.562348  0.528659  0.678294  0.578448  0.484842  0.584192 0.0  0.815435  0.468194  0.786485  0.782569  0.393236  0.503825  0.475909  0.862704  0.250791  0.859948  0.885976  0.774345  0.465959  0.496120  0.859571  0.716192  0.756033  0.653770  0.819391  0.729673 
42  0.777278  0.553872  0.888318  0.713967  0.819954  0.709211  0.690881  0.620643  0.669117  0.763423  0.874044  0.685764  0.868012  0.706100  0.738381  0.718141  0.732545  0.792650  0.752809  0.819841  0.743435  0.744052  0.753612  0.730925  0.153542  0.805043  0.858995  0.814990  0.680243  0.798101  0.791926  0.843481  0.642757  0.747364  0.741733  0.653799  0.743814  0.765658  0.815631  0.781299  0.790744  0.815435 0.0  0.706554  0.824306  0.866066  0.840226  0.780279  0.792716  0.748943  0.778277  0.799242  0.701793  0.778696  0.784143  0.693802  0.783312  0.752916  0.767890  0.780479  0.652389  0.687155 
43  0.709807  0.818823  0.744259  0.799288  0.445685  0.786628  0.846773  0.826442  0.784219  0.617229  0.831080  0.682738  0.863934  0.472134  0.880790  0.873538  0.709918  0.691076  0.762406  0.767448  0.499576  0.497144  0.522403  0.534402  0.802858  0.609291  0.790377  0.761079  0.745810  0.440379  0.421416  0.473637  0.586242  0.522751  0.531929  0.577791  0.449769  0.491688  0.492320  0.460794  0.419130  0.468194  0.706554 0.0  0.797018  0.799012  0.364715  0.380790  0.608722  0.773774  0.520524  0.771583  0.643564  0.821950  0.459861  0.418791  0.688576  0.878383  0.682768  0.463014  0.748378  0.799852 
44  0.540541  0.833406  0.405451  0.770448  0.855002  0.690982  0.839998  0.742280  0.576453  0.801537  0.844429  0.803489  0.775264  0.724327  0.585574  0.677571  0.559420  0.624335  0.582777  0.500556  0.838737  0.673392  0.811227  0.770137  0.788602  0.822097  0.713867  0.844903  0.555083  0.778437  0.825687  0.757681  0.710317  0.720845  0.727877  0.732069  0.873831  0.664787  0.702303  0.724862  0.827889  0.786485  0.824306  0.797018 0.0  0.693896  0.835375  0.795287  0.864454  0.446200  0.815056  0.583172  0.569239  0.586759  0.804671  0.764761  0.628682  0.593625  0.778877  0.780044  0.529263  0.669990 
45  0.711613  0.783678  0.716366  0.724086  0.836772  0.806148  0.729846  0.843710  0.747347  0.791298  0.816059  0.758414  0.465557  0.760827  0.487125  0.823127  0.512133  0.647256  0.636897  0.671408  0.807378  0.602313  0.680599  0.728457  0.773904  0.717851  0.594938  0.820743  0.711754  0.705669  0.729020  0.783892  0.846770  0.714000  0.812071  0.794383  0.751696  0.664420  0.783833  0.835347  0.717783  0.782569  0.866066  0.799012  0.693896 0.0  0.839710  0.790921  0.768197  0.696706  0.791796  0.546125  0.791514  0.594581  0.734175  0.820532  0.659035  0.675427  0.917642  0.804652  0.680482  0.613055 
46  0.784343  0.836224  0.786434  0.816209  0.445548  0.766875  0.758031  0.713655  0.785643  0.553322  0.830330  0.746220  0.752570  0.463285  0.807107  0.740161  0.773421  0.766424  0.750661  0.765479  0.384052  0.594455  0.452488  0.576899  0.811025  0.641956  0.741669  0.805143  0.821030  0.545559  0.495982  0.638903  0.547080  0.557545  0.525800  0.622879  0.605946  0.649747  0.548618  0.493156  0.595393  0.393236  0.840226  0.364715  0.835375  0.839710 0.0  0.382493  0.549154  0.844845  0.509585  0.778412  0.752980  0.794943  0.372723  0.514191  0.766953  0.772866  0.575721  0.440295  0.828587  0.732270 
47  0.646746  0.782308  0.816378  0.758936  0.293766  0.817435  0.835641  0.818376  0.840080  0.652167  0.693445  0.806561  0.734943  0.531449  0.800674  0.736349  0.687028  0.723861  0.779275  0.794034  0.328890  0.473812  0.559477  0.572246  0.900062  0.501897  0.720541  0.802428  0.634248  0.506720  0.392865  0.483748  0.532419  0.505450  0.532420  0.454757  0.515930  0.540830  0.446557  0.529967  0.482140  0.503825  0.780279  0.380790  0.795287  0.790921  0.382493 0.0  0.523568  0.842371  0.416569  0.786043  0.722005  0.860310  0.304945  0.341633  0.842981  0.847382  0.712399  0.440053  0.739898  0.852528 
48  0.804458  0.806806  0.743448  0.717081  0.551197  0.868764  0.888822  0.742513  0.823943  0.562081  0.794752  0.814487  0.796270  0.539456  0.749383  0.782773  0.741013  0.810583  0.714581  0.737494  0.542251  0.282796  0.577216  0.320876  0.707885  0.326756  0.732312  0.786390  0.792893  0.364034  0.478563  0.478238  0.365590  0.266999  0.375736  0.365566  0.119236  0.379050  0.366004  0.300690  0.395399  0.475909  0.792716  0.608722  0.864454  0.768197  0.549154  0.523568 0.0  0.648116  0.606798  0.778952  0.837954  0.837829  0.553729  0.473126  0.753176  0.779130  0.849705  0.000000  0.740367  0.742410 
49  0.616112  0.826650  0.608264  0.694847  0.782358  0.709163  0.711050  0.873584  0.732774  0.790510  0.914941  0.854586  0.661680  0.785946  0.490841  0.735306  0.657152  0.720051  0.520877  0.588958  0.790928  0.770940  0.766090  0.800588  0.684483  0.766136  0.645437  0.826697  0.524741  0.741417  0.730331  0.818931  0.765974  0.729877  0.855725  0.810761  0.791246  0.784863  0.776921  0.795610  0.728453  0.862704  0.748943  0.773774  0.446200  0.696706  0.844845  0.842371  0.648116 0.0  0.714731  0.592415  0.499105  0.607596  0.719279  0.807648  0.643493  0.481861  0.809129  0.707907  0.626582  0.562394 
50  0.807353  0.879397  0.832286  0.759966  0.293988  0.822961  0.811829  0.815791  0.842822  0.761905  0.790533  0.729768  0.797105  0.636236  0.786340  0.810656  0.741758  0.828049  0.738731  0.725093  0.393727  0.518656  0.528104  0.584711  0.790572  0.542638  0.763513  0.711894  0.741426  0.509204  0.640314  0.538321  0.630367  0.521567  0.673832  0.596299  0.425100  0.586567  0.593700  0.532687  0.538343  0.250791  0.778277  0.520524  0.815056  0.791796  0.509585  0.416569  0.606798  0.714731 0.0  0.873517  0.734698  0.914700  0.454240  0.551265  0.671338  0.734961  0.699079  0.564436  0.789670  0.750504 
51  0.455304  0.832612  0.431315  0.697879  0.827758  0.793685  0.788127  0.795451  0.659440  0.664710  0.743065  0.924347  0.691588  0.781934  0.440979  0.718512  0.510226  0.492030  0.479877  0.464072  0.782533  0.641676  0.799208  0.668873  0.827931  0.705713  0.589510  0.898187  0.474593  0.801562  0.820403  0.764121  0.804303  0.749748  0.853744  0.701592  0.787935  0.655261  0.789549  0.801067  0.702127  0.859948  0.799242  0.771583  0.583172  0.546125  0.778412  0.786043  0.778952  0.592415  0.873517 0.0  0.352977  0.635872  0.768317  0.679886  0.670455  0.577494  0.827480  0.733617  0.359708  0.306402 
52  0.428390  0.882501  0.364515  0.747664  0.786675  0.737381  0.753424  0.687481  0.574961  0.680853  0.835304  0.812336  0.658300  0.785191  0.368775  0.682348  0.565615  0.473964  0.422213  0.409706  0.727953  0.810661  0.696127  0.722688  0.793906  0.688419  0.669074  0.862454  0.593480  0.917508  0.745952  0.735715  0.695031  0.728630  0.812315  0.693255  0.666944  0.737759  0.772031  0.802570  0.729240  0.885976  0.701793  0.643564  0.569239  0.791514  0.752980  0.722005  0.837954  0.499105  0.734698  0.352977 0.0  0.569509  0.666907  0.751377  0.718847  0.495619  0.772615  0.657772  0.466247  0.465485 
53  0.692743  0.700275  0.619782  0.772386  0.722461  0.703619  0.734598  0.773270  0.653044  0.859892  0.833933  0.889400  0.628536  0.656883  0.582436  0.754399  0.582281  0.757628  0.587720  0.590598  0.767937  0.815688  0.775645  0.698260  0.739531  0.838963  0.766578  0.771989  0.765244  0.936569  0.720058  0.807037  0.840722  0.731204  0.759338  0.814158  0.718524  0.696381  0.869756  0.707243  0.777969  0.774345  0.778696  0.821950  0.586759  0.594581  0.794943  0.860310  0.837829  0.607596  0.914700  0.635872  0.569509 0.0  0.775018  0.825372  0.619006  0.646653  0.971275  0.869063  0.509037  0.568911 
54  0.801409  0.706959  0.717307  0.805736  0.429036  0.792888  0.841056  0.863630  0.860492  0.641801  0.817069  0.895358  0.739020  0.642748  0.756025  0.805009  0.734393  0.611899  0.700301  0.829479  0.430992  0.447752  0.555155  0.503596  0.784373  0.448010  0.746759  0.749321  0.813987  0.568595  0.292623  0.392473  0.666622  0.402675  0.509184  0.619397  0.497258  0.628298  0.577456  0.476269  0.351938  0.465959  0.784143  0.459861  0.804671  0.734175  0.372723  0.304945  0.553729  0.719279  0.454240  0.768317  0.666907  0.775018 0.0  0.235740  0.595894  0.768912  0.678799  0.520792  0.698419  0.764517 
55  0.800587  0.767124  0.723333  0.832423  0.455729  0.772850  0.735811  0.741209  0.662135  0.684003  0.822464  0.781705  0.825161  0.490712  0.869841  0.714152  0.798981  0.718402  0.780077  0.773369  0.468902  0.425983  0.601483  0.422857  0.805421  0.399371  0.799909  0.759362  0.784347  0.423640  0.409105  0.421187  0.577625  0.482852  0.496831  0.549602  0.426246  0.549682  0.350891  0.389822  0.487851  0.496120  0.693802  0.418791  0.764761  0.820532  0.514191  0.341633  0.473126  0.807648  0.551265  0.679886  0.751377  0.825372  0.235740 0.0  0.804763  0.814700  0.727109  0.536164  0.767944  0.825893 
56  0.739302  0.696487  0.554003  0.568532  0.814521  0.686084  0.712497  0.690032  0.465368  0.734827  0.862312  0.801525  0.809223  0.776173  0.560432  0.790001  0.532718  0.666187  0.626082  0.545799  0.714763  0.691170  0.809773  0.765587  0.755704  0.693566  0.670194  0.820854  0.548494  0.765647  0.769017  0.740040  0.781960  0.790070  0.714514  0.682947  0.757263  0.819710  0.832629  0.756283  0.860218  0.859571  0.783312  0.688576  0.628682  0.659035  0.766953  0.842981  0.753176  0.643493  0.671338  0.670455  0.718847  0.619006  0.595894  0.804763 0.0  0.385228  0.763457  0.762465  0.570304  0.616035 
57  0.659752  0.717348  0.541114  0.711841  0.760045  0.681451  0.574592  0.635133  0.470589  0.627839  0.868476  0.948158  0.875944  0.826130  0.548956  0.710629  0.577049  0.612044  0.634403  0.519323  0.800192  0.784717  0.794508  0.704535  0.709475  0.804246  0.755425  0.759641  0.418597  0.726716  0.828067  0.678908  0.750700  0.732162  0.769982  0.689175  0.665898  0.735687  0.732329  0.817656  0.684837  0.716192  0.752916  0.878383  0.593625  0.675427  0.772866  0.847382  0.779130  0.481861  0.734961  0.577494  0.495619  0.646653  0.768912  0.814700  0.385228 0.0  0.866712  0.841674  0.616726  0.569982 
58  0.834162  0.846455  0.753459  0.778173  0.769681  0.870554  0.832374  0.792699  0.661306  0.593492  0.612586  0.727699  0.818281  0.780134  0.758081  0.739191  0.823936  0.827957  0.937265  0.823417  0.678571  0.721898  0.676638  0.783806  0.755852  0.744096  0.988199  0.674316  0.787266  0.737511  0.841387  0.733120  0.706735  0.744074  0.745562  0.771183  0.712698  0.692690  0.768692  0.667881  0.775327  0.756033  0.767890  0.682768  0.778877  0.917642  0.575721  0.712399  0.849705  0.809129  0.699079  0.827480  0.772615  0.971275  0.678799  0.727109  0.763457  0.866712 0.0  0.723387  0.754137  0.856403 
59  0.767445  0.818672  0.759051  0.726792  0.605109  0.833617  0.805861  0.765010  0.704604  0.606480  0.844525  0.665925  0.800383  0.544156  0.686997  0.611487  0.661941  0.655379  0.842645  0.684130  0.582697  0.356781  0.614277  0.290941  0.709809  0.324490  0.818034  0.755981  0.789104  0.447633  0.453376  0.270794  0.477134  0.295130  0.310420  0.419682  0.057881  0.334785  0.260430  0.165390  0.440556  0.653770  0.780479  0.463014  0.780044  0.804652  0.440295  0.440053  0.000000  0.707907  0.564436  0.733617  0.657772  0.869063  0.520792  0.536164  0.762465  0.841674  0.723387 0.0  0.668176  0.805412 
60  0.384824  0.701633  0.507512  0.664734  0.710677  0.773185  0.708206  0.798573  0.700856  0.752699  0.915346  0.942534  0.696390  0.716396  0.433019  0.692461  0.471485  0.430443  0.244129  0.435455  0.739247  0.772436  0.762801  0.736117  0.794598  0.677268  0.612652  0.727839  0.492276  0.783194  0.621905  0.779128  0.716334  0.702280  0.821519  0.712813  0.859406  0.769931  0.742512  0.721514  0.739530  0.819391  0.652389  0.748378  0.529263  0.680482  0.828587  0.739898  0.740367  0.626582  0.789670  0.359708  0.466247  0.509037  0.698419  0.767944  0.570304  0.616726  0.754137  0.668176 0.0  0.394772 
61  0.337329  0.681749  0.511398  0.739936  0.704638  0.779252  0.799707  0.744048  0.662904  0.733952  0.844564  0.777743  0.609927  0.711270  0.501076  0.682371  0.425903  0.343859  0.352295  0.411542  0.749404  0.691327  0.763334  0.754692  0.898962  0.843439  0.717862  0.787793  0.612863  0.771325  0.778397  0.740832  0.684558  0.744043  0.751135  0.745034  0.791926  0.822721  0.742186  0.778387  0.777423  0.729673  0.687155  0.799852  0.669990  0.613055  0.732270  0.852528  0.742410  0.562394  0.750504  0.306402  0.465485  0.568911  0.764517  0.825893  0.616035  0.569982  0.856403  0.805412  0.394772 0.0 
