62
0 0.0  0.738483  0.536232  0.780492  0.798946  0.848262  0.804276  0.780837  0.763962  0.711082  0.943363  0.926199  0.623396  0.775554  0.417263  0.703532  0.224035  0.398440  0.430060  0.486886  0.860710  0.825006  0.721183  0.698226  0.876208  0.672238  0.598099  0.653309  0.638473  0.738720  0.834046  0.828287  0.766178  0.901717  0.700814  0.765909  0.780567  0.758888  0.780884  0.703313  0.834003  0.868924  0.810099  0.745522  0.649473  0.682789  0.754713  0.807217  0.685387  0.733801  0.803514  0.419706  0.535228  0.657737  0.820056  0.697585  0.668092  0.680018  0.824886  0.754990  0.487103  0.400486 
1  0.738483 0.0  0.785187  0.594345  0.725277  0.683316  0.653703  0.651213  0.601061  0.865729  0.812305  0.804469  0.853528  0.714305  0.740022  0.609385  0.903593  0.750793  0.814970  0.790758  0.829008  0.806983  0.793951  0.768717  0.407209  0.811968  0.878799  0.824736  0.727824  0.770739  0.797453  0.730653  0.779447  0.648536  0.828189  0.798757  0.743407  0.769453  0.735287  0.934922  0.821311  0.797884  0.513999  0.761167  0.795787  0.953156  0.738659  0.910629  0.814937  0.739838  0.693402  0.846730  0.789068  0.883264  0.794797  0.780811  0.676151  0.653080  0.727458  0.743613  0.789417  0.767194 
2  0.536232  0.785187 0.0  0.770348  0.829319  0.759754  0.671067  0.770078  0.570677  0.758798  0.856253  0.930307  0.731715  0.739294  0.373124  0.711564  0.604960  0.606740  0.479176  0.594370  0.976612  0.719998  0.830550  0.805730  0.662707  0.707634  0.739927  0.836378  0.479525  0.783442  0.893474  0.788896  0.723204  0.646025  0.724906  0.707870  0.765800  0.763125  0.771209  0.757397  0.680323  0.740713  0.878644  0.694826  0.549220  0.675379  0.694047  0.764719  0.741385  0.548848  0.920814  0.515427  0.431882  0.654077  0.809067  0.867298  0.634248  0.595026  0.863277  0.844169  0.471125  0.591877 
3  0.780492  0.594345  0.770348 0.0  0.821264  0.590085  0.619676  0.632485  0.623825  0.814654  0.914119  0.794777  0.865068  0.809840  0.679121  0.649537  0.712433  0.814827  0.843869  0.749576  0.762030  0.868469  0.782866  0.878836  0.555862  0.746023  0.845162  0.784609  0.724637  0.839186  0.749983  0.758068  0.752929  0.715776  0.804650  0.817904  0.794689  0.797271  0.858637  0.752904  0.893056  0.751585  0.640395  0.817322  0.607245  0.784529  0.771966  0.799883  0.900770  0.739723  0.758948  0.733132  0.849136  0.765910  0.860284  0.837266  0.584080  0.708743  0.812830  0.834978  0.823793  0.880820 
4  0.798946  0.725277  0.829319  0.821264 0.0  0.900478  0.838520  0.806114  0.782582  0.729171  0.847130  0.913921  0.837042  0.600135  0.836759  0.829073  0.759412  0.703100  0.775441  0.829012  0.290792  0.536171  0.544208  0.607453  0.866667  0.533472  0.831617  0.837205  0.957156  0.512316  0.496234  0.625907  0.629184  0.607176  0.664339  0.685309  0.552653  0.654806  0.585458  0.546418  0.509523  0.415608  0.925368  0.387979  0.856320  0.918353  0.459631  0.493242  0.617390  0.863987  0.407505  0.770216  0.731935  0.844940  0.444462  0.480551  0.862584  0.798187  0.771982  0.494076  0.748766  0.873519 
5  0.848262  0.683316  0.759754  0.590085  0.900478 0.0  0.462661  0.572497  0.696183  0.821917  0.890533  0.778115  0.857506  0.822218  0.800534  0.660644  0.866936  0.723318  0.849054  0.791108  0.927484  0.846852  0.829577  0.783612  0.767647  0.804762  0.856790  0.717063  0.874673  0.764075  0.894861  0.828186  0.716002  0.930250  0.825420  0.814590  0.945722  0.860824  0.856174  0.799205  0.807089  0.884396  0.719484  0.795904  0.725724  0.784457  0.832952  0.778309  0.812118  0.732539  0.761563  0.794608  0.796653  0.677313  0.828127  0.849032  0.678346  0.758636  0.873087  0.870683  0.802448  0.779568 
6  0.804276  0.653703  0.671067  0.619676  0.838520  0.462661 0.0  0.630505  0.734569  0.889956  0.908523  0.813871  0.818328  0.820345  0.813513  0.748123  0.783227  0.774822  0.835616  0.789797  0.822404  0.821516  0.818896  0.806106  0.662034  0.819867  0.825305  0.840059  0.747201  0.854007  0.781014  0.810165  0.789213  0.858208  0.792827  0.888829  0.768188  0.839410  0.795423  0.961293  0.802926  0.868791  0.679050  0.807837  0.750982  0.744373  0.861586  0.839201  0.899586  0.762474  0.928783  0.777799  0.819753  0.752822  0.855876  0.857978  0.741252  0.697987  0.911831  0.878569  0.823066  0.759495 
7  0.780837  0.651213  0.770078  0.632485  0.806114  0.572497  0.630505 0.0  0.663026  0.799180  0.786511  0.801425  0.788582  0.770337  0.837857  0.643446  0.705137  0.747619  0.843865  0.747314  0.783780  0.957935  0.817205  0.899653  0.575549  0.757745  0.918092  0.739110  0.799647  0.851532  0.683314  0.739619  0.773340  0.792092  0.818066  0.823797  0.741140  0.754213  0.763394  0.902669  0.875302  0.776428  0.623951  0.775010  0.839078  0.933194  0.765130  0.920193  0.808409  0.820657  0.770535  0.919694  0.863439  0.749041  0.876637  0.829715  0.618663  0.831718  0.815413  0.841768  0.693450  0.904813 
8  0.763962  0.601061  0.570677  0.623825  0.782582  0.696183  0.734569  0.663026 0.0  0.711778  0.897104  0.849974  0.805207  0.847274  0.637466  0.661130  0.661342  0.642614  0.848307  0.640039  0.786230  0.689088  1.000000  0.816632  0.726993  0.730114  0.788086  0.774033  0.522721  0.731640  0.829445  0.765466  0.806980  0.777299  0.834102  0.745256  0.734773  0.716765  0.854028  0.746553  0.811059  0.923056  0.763049  0.766089  0.713103  0.837464  0.912314  0.783717  0.864249  0.599128  0.626963  0.696781  0.511286  0.700861  0.671033  0.833907  0.460678  0.580520  0.902704  0.738553  0.796024  0.764967 
9  0.711082  0.865729  0.758798  0.814654  0.729171  0.821917  0.889956  0.799180  0.711778 0.0  0.885866  0.749818  0.727775  0.588394  0.752559  0.734284  0.733875  0.709836  0.672574  0.698993  0.731641  0.634408  0.651384  0.629579  0.821727  0.570616  0.771481  0.753020  0.861544  0.570015  0.614518  0.597240  0.563827  0.674847  0.472853  0.533836  0.686582  0.585219  0.564219  0.574942  0.594540  0.614681  0.726510  0.729710  0.724408  0.858915  0.671846  0.672632  0.541261  0.756458  0.698626  0.784995  0.816563  0.792461  0.581440  0.627175  0.664329  0.793253  0.792488  0.575918  0.761724  0.707440 
10  0.943363  0.812305  0.856253  0.914119  0.847130  0.890533  0.908523  0.786511  0.897104  0.885866 0.0  0.474127  0.833802  0.852916  0.864170  0.812410  0.839837  0.837531  0.816696  0.873883  0.751584  0.783351  0.779926  0.806036  0.833714  0.897747  0.878028  0.612377  0.837461  0.731691  0.758878  0.791880  0.862313  0.794565  0.853911  0.756161  0.903755  0.743875  0.764427  0.848952  0.814974  0.822897  0.870615  0.792011  0.898329  0.851437  0.844910  0.709981  0.842704  0.948110  0.806316  0.792009  0.900559  0.865844  0.715384  0.820019  0.913967  0.763809  0.681226  0.755234  0.875053  0.846020 
11  0.926199  0.804469  0.930307  0.794777  0.913921  0.778115  0.813871  0.801425  0.849974  0.749818  0.474127 0.0  0.813539  0.814333  0.887527  0.734540  0.898560  0.871140  0.931074  0.867291  0.835336  0.787271  0.717729  0.794044  0.808418  0.764464  0.844876  0.510481  0.857608  0.696056  0.783333  0.753062  0.759496  0.787976  0.875780  0.827683  0.786132  0.742276  0.760521  0.887475  0.712011  0.856136  0.735552  0.761430  0.882062  0.858189  0.682385  0.845028  0.873110  0.987894  0.734418  0.932306  0.924293  0.889929  0.780488  0.707797  0.857441  0.826313  0.710899  0.914381  0.885768  0.763850 
12  0.623396  0.853528  0.731715  0.865068  0.837042  0.857506  0.818328  0.788582  0.805207  0.727775  0.833802  0.813539 0.0  0.895771  0.759978  0.916268  0.707040  0.711753  0.744141  0.625057  0.860162  0.830752  0.832003  0.905591  0.807694  0.833580  0.485953  0.858092  0.684099  0.669281  0.818825  0.818937  0.840060  0.750633  0.679984  0.765241  0.663702  0.895328  0.784588  0.808454  0.901600  0.780519  0.849778  0.799710  0.762420  0.643255  0.851508  0.811538  0.744342  0.740495  0.784010  0.642274  0.725759  0.734367  0.719123  0.761313  0.697677  0.775368  0.838183  0.870969  0.656981  0.732647 
13  0.775554  0.714305  0.739294  0.809840  0.600135  0.822218  0.820345  0.770337  0.847274  0.588394  0.852916  0.814333  0.895771 0.0  0.803975  0.821408  0.878020  0.829212  0.702137  0.763259  0.655705  0.616604  0.550081  0.489562  0.801009  0.608968  0.850420  0.866402  0.687355  0.609590  0.487550  0.524111  0.506985  0.389019  0.449804  0.495459  0.351320  0.492585  0.453320  0.604223  0.603088  0.762788  0.819098  0.480861  0.792931  0.796819  0.508614  0.544788  0.364014  0.849407  0.636812  0.825760  0.715857  0.778563  0.624236  0.443955  0.831372  0.745959  0.729519  0.548795  0.725145  0.786546 
14  0.417263  0.740022  0.373124  0.679121  0.836759  0.800534  0.813513  0.837857  0.637466  0.752559  0.864170  0.887527  0.759978  0.803975 0.0  0.755693  0.477312  0.455851  0.394258  0.392166  0.808486  0.728020  0.764920  0.717712  0.854089  0.780565  0.617382  0.945592  0.484610  0.857183  0.690831  0.691274  0.697315  0.838297  0.784607  0.876061  0.720849  0.714428  0.840056  0.730624  0.742778  0.768304  0.690851  0.819191  0.554210  0.689578  0.715561  0.814804  0.855820  0.652970  0.765478  0.397470  0.252343  0.704552  0.747965  0.742513  0.702240  0.605492  0.862340  0.798347  0.375421  0.513826 
15  0.703532  0.609385  0.711564  0.649537  0.829073  0.660644  0.748123  0.643446  0.661130  0.734284  0.812410  0.734540  0.916268  0.821408  0.755693 0.0  0.881745  0.758625  0.845446  0.690727  0.852425  0.852573  0.652799  0.743112  0.542028  0.756644  0.707293  0.791989  0.692972  0.804505  0.751258  0.723116  0.728040  0.820706  0.764479  0.784589  0.755463  0.671301  0.805219  0.677684  0.820002  0.849953  0.591587  0.785021  0.631551  0.860048  0.823375  0.824219  0.725410  0.736504  0.801037  0.766607  0.684588  0.781367  0.806519  0.828329  0.696393  0.721745  0.764123  0.743366  0.778459  0.687868 
16  0.224035  0.903593  0.604960  0.712433  0.759412  0.866936  0.783227  0.705137  0.661342  0.733875  0.839837  0.898560  0.707040  0.878020  0.477312  0.881745 0.0  0.472449  0.463860  0.453057  0.799287  0.746537  0.743971  0.765817  0.862203  0.741480  0.569224  0.870513  0.724828  0.676453  0.711496  0.820274  0.651498  0.762498  0.733621  0.705086  0.680424  0.789144  0.858928  0.846110  0.681540  0.850475  0.760361  0.790749  0.606085  0.624039  0.878896  0.712135  0.870833  0.692485  0.865479  0.576288  0.619302  0.642091  0.797523  0.831127  0.688981  0.642952  0.944238  0.869346  0.470046  0.411956 
17  0.398440  0.750793  0.606740  0.814827  0.703100  0.723318  0.774822  0.747619  0.642614  0.709836  0.837531  0.871140  0.711753  0.829212  0.455851  0.758625  0.472449 0.0  0.391457  0.332885  0.783287  0.779071  0.748246  0.790491  0.704058  0.749818  0.625395  0.794221  0.555429  0.665845  0.772140  0.870770  0.711069  0.869680  0.650449  0.793582  0.728577  0.768966  0.771467  0.726170  0.782165  0.826305  0.780855  0.754585  0.636700  0.735764  0.779279  0.743889  0.726851  0.668511  0.752803  0.495437  0.570547  0.795811  0.774920  0.776572  0.658674  0.555010  0.813933  0.861278  0.419594  0.284625 
18  0.430060  0.814970  0.479176  0.843869  0.775441  0.849054  0.835616  0.843865  0.848307  0.672574  0.816696  0.931074  0.744141  0.702137  0.394258  0.845446  0.463860  0.391457 0.0  0.428673  0.802573  0.708880  0.896285  0.777602  0.875793  0.801630  0.567247  0.735604  0.551651  0.750407  0.784954  0.715218  0.747062  0.765119  0.678374  0.750842  0.726337  0.737113  0.741804  0.805735  0.933105  0.990772  0.803015  0.780773  0.585678  0.636367  0.807254  0.814796  0.770877  0.741974  0.686138  0.412545  0.578010  0.636848  0.677857  0.813945  0.578776  0.600861  0.839653  0.794183  0.370971  0.357879 
19  0.486886  0.790758  0.594370  0.749576  0.829012  0.791108  0.789797  0.747314  0.640039  0.698993  0.873883  0.867291  0.625057  0.763259  0.392166  0.690727  0.453057  0.332885  0.428673 0.0  0.796448  0.878163  0.812884  0.809499  0.683854  0.862635  0.695575  0.732920  0.525850  0.655710  0.858369  0.729218  0.651377  0.808861  0.761010  0.753619  0.706140  0.768216  0.771972  0.756561  0.786336  0.709849  0.775227  0.775824  0.613850  0.617310  0.740119  0.788018  0.735790  0.606235  0.791470  0.425893  0.459212  0.602131  0.658930  0.786952  0.679509  0.599734  0.869707  0.750767  0.416837  0.483237 
20  0.860710  0.829008  0.976612  0.762030  0.290792  0.927484  0.822404  0.783780  0.786230  0.731641  0.751584  0.835336  0.860162  0.655705  0.808486  0.852425  0.799287  0.783287  0.802573  0.796448 0.0  0.406465  0.699930  0.563738  0.777854  0.498440  0.728153  0.770400  0.723878  0.666315  0.416072  0.534632  0.549196  0.507371  0.572499  0.649387  0.621621  0.621355  0.603585  0.526473  0.502438  0.444035  0.803385  0.539947  0.777047  0.826249  0.437987  0.417839  0.600018  0.849954  0.391671  0.810247  0.712382  0.785696  0.484681  0.456331  0.777208  0.924767  0.717804  0.519985  0.841589  0.732429 
21  0.825006  0.806983  0.719998  0.868469  0.536171  0.846852  0.821516  0.957935  0.689088  0.634408  0.783351  0.787271  0.830752  0.616604  0.728020  0.852573  0.746537  0.779071  0.708880  0.878163  0.406465 0.0  0.590504  0.358538  0.826115  0.188448  0.783502  0.935852  0.829012  0.498064  0.431471  0.487050  0.435286  0.379939  0.389852  0.412422  0.424022  0.523529  0.401808  0.316607  0.244994  0.745292  0.755593  0.619982  0.822998  0.846190  0.537126  0.480163  0.393301  0.722925  0.516121  0.772753  0.750737  0.803704  0.422033  0.454721  0.876380  0.766392  0.708025  0.264819  0.835609  0.802401 
22  0.721183  0.793951  0.830550  0.782866  0.544208  0.829577  0.818896  0.817205  1.000000  0.651384  0.779926  0.717729  0.832003  0.550081  0.764920  0.652799  0.743971  0.748246  0.896285  0.812884  0.699930  0.590504 0.0  0.652123  0.733429  0.648089  0.782363  0.668755  0.895822  0.626348  0.567110  0.704535  0.661359  0.552935  0.645105  0.678550  0.611753  0.580001  0.629618  0.539338  0.594574  0.440301  0.739684  0.513291  0.849051  0.727817  0.293773  0.456285  0.646315  0.835997  0.530483  0.878724  0.835862  0.848305  0.573623  0.614461  0.833726  0.807808  0.663667  0.612471  0.877709  0.794996 
23  0.698226  0.768717  0.805730  0.878836  0.607453  0.783612  0.806106  0.899653  0.816632  0.629579  0.806036  0.794044  0.905591  0.489562  0.717712  0.743112  0.765817  0.790491  0.777602  0.809499  0.563738  0.358538  0.652123 0.0  0.696492  0.457259  0.893535  0.777791  0.812507  0.441452  0.537792  0.401767  0.517849  0.413947  0.563957  0.459871  0.359102  0.421620  0.249071  0.352300  0.389958  0.614531  0.785025  0.595951  0.802468  0.823186  0.571722  0.584648  0.406124  0.825755  0.633690  0.780985  0.732345  0.937290  0.544160  0.456999  0.735696  0.841323  0.712431  0.384715  0.792232  0.820841 
24  0.876208  0.407209  0.662707  0.555862  0.866667  0.767647  0.662034  0.575549  0.726993  0.821727  0.833714  0.808418  0.807694  0.801009  0.854089  0.542028  0.862203  0.704058  0.875793  0.683854  0.777854  0.826115  0.733429  0.696492 0.0  0.754009  0.815324  0.844577  0.823463  0.785058  0.732638  0.627136  0.878841  0.781801  0.788383  0.802229  0.778172  0.750666  0.745533  0.765066  0.717556  0.774577  0.184301  0.766560  0.729280  0.898164  0.775534  0.813862  0.804559  0.760828  0.751204  0.722624  0.701017  0.733961  0.766796  0.753753  0.698612  0.725125  0.923647  0.854495  0.857977  0.802562 
25  0.672238  0.811968  0.707634  0.746023  0.533472  0.804762  0.819867  0.757745  0.730114  0.570616  0.897747  0.764464  0.833580  0.608968  0.780565  0.756644  0.741480  0.749818  0.801630  0.862635  0.498440  0.188448  0.648089  0.457259  0.754009 0.0  0.795442  0.836809  0.853207  0.413363  0.497613  0.392869  0.540759  0.412516  0.471780  0.504606  0.416909  0.475247  0.350066  0.131750  0.465689  0.539935  0.776874  0.434822  0.783152  0.658402  0.547591  0.491793  0.261674  0.820554  0.609497  0.771509  0.836091  0.887987  0.464875  0.516010  0.781154  0.748767  0.756245  0.322380  0.764306  0.816458 
26  0.598099  0.878799  0.739927  0.845162  0.831617  0.856790  0.825305  0.918092  0.788086  0.771481  0.878028  0.844876  0.485953  0.850420  0.617382  0.707293  0.569224  0.625395  0.567247  0.695575  0.728153  0.783502  0.782363  0.893535  0.815324  0.795442 0.0  0.847366  0.850223  0.717907  0.738479  0.767236  0.848881  0.776875  0.864554  0.856413  0.847967  0.714691  0.729428  0.894402  0.847841  0.681708  0.897880  0.760724  0.678759  0.564658  0.834211  0.809569  0.767844  0.684859  0.729375  0.785347  0.764743  0.592553  0.828313  0.975306  0.755831  0.808375  0.801268  0.763175  0.728892  0.765777 
27  0.653309  0.824736  0.836378  0.784609  0.837205  0.717063  0.840059  0.739110  0.774033  0.753020  0.612377  0.510481  0.858092  0.866402  0.945592  0.791989  0.870513  0.794221  0.735604  0.732920  0.770400  0.935852  0.668755  0.777791  0.844577  0.836809  0.847366 0.0  0.984120  0.764660  0.834029  0.696167  0.869129  0.697083  0.811857  0.750913  0.730049  0.733317  0.786663  0.797714  0.764122  0.799107  0.784812  0.814166  0.780676  0.895956  0.777903  0.805986  0.879194  0.929968  0.829110  0.876770  0.793974  0.909165  0.840567  0.802924  0.821963  0.753572  0.636162  0.741996  0.789032  0.791936 
28  0.638473  0.727824  0.479525  0.724637  0.957156  0.874673  0.747201  0.799647  0.522721  0.861544  0.837461  0.857608  0.684099  0.687355  0.484610  0.692972  0.724828  0.555429  0.551651  0.525850  0.723878  0.829012  0.895822  0.812507  0.823463  0.853207  0.850223  0.984120 0.0  0.788813  0.770656  0.808310  0.689214  0.699041  0.761463  0.733104  0.743750  0.654371  0.696168  0.796359  0.815196  0.712876  0.747187  0.741301  0.679743  0.584065  0.830686  0.964079  0.759978  0.632880  0.779892  0.582991  0.616482  0.645231  0.842990  0.733619  0.550470  0.452100  0.862156  0.714983  0.541531  0.619973 
29  0.738720  0.770739  0.783442  0.839186  0.512316  0.764075  0.854007  0.851532  0.731640  0.570015  0.731691  0.696056  0.669281  0.609590  0.857183  0.804505  0.676453  0.665845  0.750407  0.655710  0.666315  0.498064  0.626348  0.441452  0.785058  0.413363  0.717907  0.764660  0.788813 0.0  0.499752  0.457817  0.333832  0.467503  0.295285  0.386861  0.417370  0.358856  0.441052  0.329622  0.468972  0.505748  0.747725  0.483518  0.862637  0.842145  0.533035  0.540160  0.402128  0.771502  0.686634  0.865804  0.783668  0.810680  0.516114  0.490989  0.736980  0.768613  0.682963  0.429910  0.800497  0.742678 
30  0.834046  0.797453  0.893474  0.749983  0.496234  0.894861  0.781014  0.683314  0.829445  0.614518  0.758878  0.783333  0.818825  0.487550  0.690831  0.751258  0.711496  0.772140  0.784954  0.858369  0.416072  0.431471  0.567110  0.537792  0.732638  0.497613  0.738479  0.834029  0.770656  0.499752 0.0  0.357099  0.545328  0.424572  0.552697  0.422752  0.502819  0.478276  0.567945  0.437647  0.433681  0.573998  0.801181  0.514509  0.911104  0.686362  0.512319  0.404284  0.310699  0.791292  0.471802  0.853706  0.867774  0.787667  0.355477  0.438874  0.850112  0.782631  0.764877  0.535890  0.819501  0.736876 
31  0.828287  0.730653  0.788896  0.758068  0.625907  0.828186  0.810165  0.739619  0.765466  0.597240  0.791880  0.753062  0.818937  0.524111  0.691274  0.723116  0.820274  0.870770  0.715218  0.729218  0.534632  0.487050  0.704535  0.401767  0.627136  0.392869  0.767236  0.696167  0.808310  0.457817  0.357099 0.0  0.435981  0.424573  0.257071  0.254207  0.396509  0.324209  0.468160  0.423128  0.500380  0.650345  0.838043  0.498892  0.751048  0.725786  0.600931  0.511197  0.285231  0.777196  0.556921  0.842222  0.782067  0.812382  0.469272  0.574018  0.750983  0.863012  0.677214  0.374606  0.805243  0.817153 
32  0.766178  0.779447  0.723204  0.752929  0.629184  0.716002  0.789213  0.773340  0.806980  0.563827  0.862313  0.759496  0.840060  0.506985  0.697315  0.728040  0.651498  0.711069  0.747062  0.651377  0.549196  0.435286  0.661359  0.517849  0.878841  0.540759  0.848881  0.869129  0.689214  0.333832  0.545328  0.435981 0.0  0.455245  0.375842  0.486339  0.437807  0.494910  0.593429  0.442116  0.525966  0.563748  0.900363  0.526163  0.798456  0.684536  0.557770  0.528629  0.544567  0.800151  0.704617  0.774991  0.777074  0.778516  0.549002  0.560892  0.821503  0.771810  0.862279  0.373057  0.717055  0.654010 
33  0.901717  0.648536  0.646025  0.715776  0.607176  0.930250  0.858208  0.792092  0.777299  0.674847  0.794565  0.787976  0.750633  0.389019  0.838297  0.820706  0.762498  0.869680  0.765119  0.808861  0.507371  0.379939  0.552935  0.413947  0.781801  0.412516  0.776875  0.697083  0.699041  0.467503  0.424572  0.424573  0.455245 0.0  0.462438  0.484969  0.281687  0.577755  0.302630  0.347221  0.322668  0.527815  0.771850  0.578498  0.812242  0.817842  0.603960  0.486414  0.244516  0.784277  0.556325  0.856764  0.716392  0.712896  0.463044  0.527352  0.761719  0.803016  0.679634  0.244345  0.815791  0.760290 
34  0.700814  0.828189  0.724906  0.804650  0.664339  0.825420  0.792827  0.818066  0.834102  0.472853  0.853911  0.875780  0.679984  0.449804  0.784607  0.764479  0.733621  0.650449  0.678374  0.761010  0.572499  0.389852  0.645105  0.563957  0.788383  0.471780  0.864554  0.811857  0.761463  0.295285  0.552697  0.257071  0.375842  0.462438 0.0  0.240428  0.414537  0.252325  0.494323  0.427140  0.434028  0.604342  0.906286  0.605829  0.749881  0.808316  0.519893  0.475244  0.434266  0.855015  0.613373  0.724768  0.779932  0.825970  0.547451  0.548048  0.628847  0.819515  0.752151  0.298859  0.810002  0.835815 
35  0.765909  0.798757  0.707870  0.817904  0.685309  0.814590  0.888829  0.823797  0.745256  0.533836  0.756161  0.827683  0.765241  0.495459  0.876061  0.784589  0.705086  0.793582  0.750842  0.753619  0.649387  0.412422  0.678550  0.459871  0.802229  0.504606  0.856413  0.750913  0.733104  0.386861  0.422752  0.254207  0.486339  0.484969  0.240428 0.0  0.382129  0.332561  0.417118  0.366815  0.459616  0.648646  0.782706  0.506910  0.853833  0.780756  0.579653  0.586770  0.342438  0.768468  0.566851  0.868385  0.743829  0.834861  0.572998  0.562507  0.803287  0.697003  0.630535  0.432798  0.857545  0.824567 
36  0.780567  0.743407  0.765800  0.794689  0.552653  0.945722  0.768188  0.741140  0.734773  0.686582  0.903755  0.786132  0.663702  0.351320  0.720849  0.755463  0.680424  0.728577  0.726337  0.706140  0.621621  0.424022  0.611753  0.359102  0.778172  0.416909  0.847967  0.730049  0.743750  0.417370  0.502819  0.396509  0.437807  0.281687  0.414537  0.382129 0.0  0.250316  0.305235  0.291949  0.409744  0.683578  0.765450  0.570481  0.830736  0.780329  0.673144  0.488849  0.117561  0.780755  0.645691  0.759383  0.837004  0.798838  0.394155  0.486249  0.671974  0.737137  0.735663  0.112677  0.750831  0.727524 
37  0.758888  0.769453  0.763125  0.797271  0.654806  0.860824  0.839410  0.754213  0.716765  0.585219  0.743875  0.742276  0.895328  0.492585  0.714428  0.671301  0.789144  0.768966  0.737113  0.768216  0.621355  0.523529  0.580001  0.421620  0.750666  0.475247  0.714691  0.733317  0.654371  0.358856  0.478276  0.324209  0.494910  0.577755  0.252325  0.332561  0.250316 0.0  0.359491  0.296596  0.386933  0.638698  0.731985  0.525326  0.890145  0.800030  0.616288  0.630722  0.357895  0.922335  0.547582  0.831681  0.781204  0.803858  0.580273  0.474249  0.917802  0.798491  0.729628  0.324506  0.720891  0.729250 
38  0.780884  0.735287  0.771209  0.858637  0.585458  0.856174  0.795423  0.763394  0.854028  0.564219  0.764427  0.760521  0.784588  0.453320  0.840056  0.805219  0.858928  0.771467  0.741804  0.771972  0.603585  0.401808  0.629618  0.249071  0.745533  0.350066  0.729428  0.786663  0.696168  0.441052  0.567945  0.468160  0.593429  0.302630  0.494323  0.417118  0.305235  0.359491 0.0  0.355090  0.502928  0.703613  0.849850  0.607788  0.865757  0.808180  0.449215  0.463412  0.244828  0.814816  0.647561  0.624455  0.915615  0.732257  0.493136  0.556887  0.873203  0.708193  0.739090  0.267616  0.827469  0.786655 
39  0.703313  0.934922  0.757397  0.752904  0.546418  0.799205  0.961293  0.902669  0.746553  0.574942  0.848952  0.887475  0.808454  0.604223  0.730624  0.677684  0.846110  0.726170  0.805735  0.756561  0.526473  0.316607  0.539338  0.352300  0.765066  0.131750  0.894402  0.797714  0.796359  0.329622  0.437647  0.423128  0.442116  0.347221  0.427140  0.366815  0.291949  0.296596  0.355090 0.0  0.368751  0.568729  0.743488  0.561704  0.708914  0.864219  0.534908  0.461238  0.275793  0.751808  0.553723  0.715945  0.805978  0.841890  0.520695  0.475544  0.798946  0.802707  0.736493  0.366552  0.721362  0.810418 
40  0.834003  0.821311  0.680323  0.893056  0.509523  0.807089  0.802926  0.875302  0.811059  0.594540  0.814974  0.712011  0.901600  0.603088  0.742778  0.820002  0.681540  0.782165  0.933105  0.786336  0.502438  0.244994  0.594574  0.389958  0.717556  0.465689  0.847841  0.764122  0.815196  0.468972  0.433681  0.500380  0.525966  0.322668  0.434028  0.459616  0.409744  0.386933  0.502928  0.368751 0.0  0.520628  0.836567  0.400975  0.862865  0.803366  0.513258  0.468099  0.393215  0.688310  0.527731  0.750921  0.773936  0.866526  0.477646  0.405697  0.793253  0.918055  0.745506  0.411827  0.781595  0.745338 
41  0.868924  0.797884  0.740713  0.751585  0.415608  0.884396  0.868791  0.776428  0.923056  0.614681  0.822897  0.856136  0.780519  0.762788  0.768304  0.849953  0.850475  0.826305  0.990772  0.709849  0.444035  0.745292  0.440301  0.614531  0.774577  0.539935  0.681708  0.799107  0.712876  0.505748  0.573998  0.650345  0.563748  0.527815  0.604342  0.648646  0.683578  0.638698  0.703613  0.568729  0.520628 0.0  0.846680  0.513023  0.799236  0.774610  0.416073  0.418822  0.609014  0.763550  0.155200  0.771609  0.765110  0.812156  0.451714  0.586631  0.752261  0.793011  0.634917  0.631936  0.759231  0.795606 
42  0.810099  0.513999  0.878644  0.640395  0.925368  0.719484  0.679050  0.623951  0.763049  0.726510  0.870615  0.735552  0.849778  0.819098  0.690851  0.591587  0.760361  0.780855  0.803015  0.775227  0.803385  0.755593  0.739684  0.785025  0.184301  0.776874  0.897880  0.784812  0.747187  0.747725  0.801181  0.838043  0.900363  0.771850  0.906286  0.782706  0.765450  0.731985  0.849850  0.743488  0.836567  0.846680 0.0  0.834993  0.853479  0.726088  0.807280  0.712698  0.807640  0.719817  0.749368  0.871511  0.761263  0.994127  0.851801  0.728730  0.660185  0.798459  0.814287  0.809331  0.775586  0.816182 
43  0.745522  0.761167  0.694826  0.817322  0.387979  0.795904  0.807837  0.775010  0.766089  0.729710  0.792011  0.761430  0.799710  0.480861  0.819191  0.785021  0.790749  0.754585  0.780773  0.775824  0.539947  0.619982  0.513291  0.595951  0.766560  0.434822  0.760724  0.814166  0.741301  0.483518  0.514509  0.498892  0.526163  0.578498  0.605829  0.506910  0.570481  0.525326  0.607788  0.561704  0.400975  0.513023  0.834993 0.0  0.723288  0.830999  0.413539  0.546771  0.548246  0.827153  0.544878  0.831164  0.786132  0.869904  0.461205  0.357482  0.824741  0.776541  0.744392  0.535658  0.751213  0.737666 
44  0.649473  0.795787  0.549220  0.607245  0.856320  0.725724  0.750982  0.839078  0.713103  0.724408  0.898329  0.882062  0.762420  0.792931  0.554210  0.631551  0.606085  0.636700  0.585678  0.613850  0.777047  0.822998  0.849051  0.802468  0.729280  0.783152  0.678759  0.780676  0.679743  0.862637  0.911104  0.751048  0.798456  0.812242  0.749881  0.853833  0.830736  0.890145  0.865757  0.708914  0.862865  0.799236  0.853479  0.723288 0.0  0.570835  0.735574  0.793579  0.834488  0.551279  0.791387  0.513770  0.514282  0.489275  0.794468  0.668791  0.693184  0.615434  0.880379  0.817220  0.434454  0.593459 
45  0.682789  0.953156  0.675379  0.784529  0.918353  0.784457  0.744373  0.933194  0.837464  0.858915  0.851437  0.858189  0.643255  0.796819  0.689578  0.860048  0.624039  0.735764  0.636367  0.617310  0.826249  0.846190  0.727817  0.823186  0.898164  0.658402  0.564658  0.895956  0.584065  0.842145  0.686362  0.725786  0.684536  0.817842  0.808316  0.780756  0.780329  0.800030  0.808180  0.864219  0.803366  0.774610  0.726088  0.830999  0.570835 0.0  0.801602  0.875344  0.771515  0.759288  0.890488  0.805959  0.694108  0.667615  0.864427  0.837526  0.815542  0.611135  0.919529  0.744542  0.609230  0.600646 
46  0.754713  0.738659  0.694047  0.771966  0.459631  0.832952  0.861586  0.765130  0.912314  0.671846  0.844910  0.682385  0.851508  0.508614  0.715561  0.823375  0.878896  0.779279  0.807254  0.740119  0.437987  0.537126  0.293773  0.571722  0.775534  0.547591  0.834211  0.777903  0.830686  0.533035  0.512319  0.600931  0.557770  0.603960  0.519893  0.579653  0.673144  0.616288  0.449215  0.534908  0.513258  0.416073  0.807280  0.413539  0.735574  0.801602 0.0  0.428662  0.518088  0.729048  0.414783  0.811085  0.824425  0.795092  0.478450  0.550665  0.828575  0.772390  0.805990  0.517033  0.922686  0.729215 
47  0.807217  0.910629  0.764719  0.799883  0.493242  0.778309  0.839201  0.920193  0.783717  0.672632  0.709981  0.845028  0.811538  0.544788  0.814804  0.824219  0.712135  0.743889  0.814796  0.788018  0.417839  0.480163  0.456285  0.584648  0.813862  0.491793  0.809569  0.805986  0.964079  0.540160  0.404284  0.511197  0.528629  0.486414  0.475244  0.586770  0.488849  0.630722  0.463412  0.461238  0.468099  0.418822  0.712698  0.546771  0.793579  0.875344  0.428662 0.0  0.500167  0.845685  0.502504  0.721713  0.807124  0.831694  0.163328  0.418158  0.835112  0.937420  0.762368  0.476826  0.776202  0.614192 
48  0.685387  0.814937  0.741385  0.900770  0.617390  0.812118  0.899586  0.808409  0.864249  0.541261  0.842704  0.873110  0.744342  0.364014  0.855820  0.725410  0.870833  0.726851  0.770877  0.735790  0.600018  0.393301  0.646315  0.406124  0.804559  0.261674  0.767844  0.879194  0.759978  0.402128  0.310699  0.285231  0.544567  0.244516  0.434266  0.342438  0.117561  0.357895  0.244828  0.275793  0.393215  0.609014  0.807640  0.548246  0.834488  0.771515  0.518088  0.500167 0.0  0.769539  0.578253  0.800763  0.782631  0.803366  0.501333  0.472865  0.898847  0.788174  0.866664  0.000000  0.787758  0.778425 
49  0.733801  0.739838  0.548848  0.739723  0.863987  0.732539  0.762474  0.820657  0.599128  0.756458  0.948110  0.987894  0.740495  0.849407  0.652970  0.736504  0.692485  0.668511  0.741974  0.606235  0.849954  0.722925  0.835997  0.825755  0.760828  0.820554  0.684859  0.929968  0.632880  0.771502  0.791292  0.777196  0.800151  0.784277  0.855015  0.768468  0.780755  0.922335  0.814816  0.751808  0.688310  0.763550  0.719817  0.827153  0.551279  0.759288  0.729048  0.845685  0.769539 0.0  0.929796  0.553495  0.466893  0.588977  0.798330  0.813303  0.664759  0.658659  0.862958  0.758889  0.655403  0.700984 
50  0.803514  0.693402  0.920814  0.758948  0.407505  0.761563  0.928783  0.770535  0.626963  0.698626  0.806316  0.734418  0.784010  0.636812  0.765478  0.801037  0.865479  0.752803  0.686138  0.791470  0.391671  0.516121  0.530483  0.633690  0.751204  0.609497  0.729375  0.829110  0.779892  0.686634  0.471802  0.556921  0.704617  0.556325  0.613373  0.566851  0.645691  0.547582  0.647561  0.553723  0.527731  0.155200  0.749368  0.544878  0.791387  0.890488  0.414783  0.502504  0.578253  0.929796 0.0  0.850082  0.833526  0.738310  0.489365  0.420707  0.853207  0.808159  0.671829  0.637026  0.746980  0.823871 
51  0.419706  0.846730  0.515427  0.733132  0.770216  0.794608  0.777799  0.919694  0.696781  0.784995  0.792009  0.932306  0.642274  0.825760  0.397470  0.766607  0.576288  0.495437  0.412545  0.425893  0.810247  0.772753  0.878724  0.780985  0.722624  0.771509  0.785347  0.876770  0.582991  0.865804  0.853706  0.842222  0.774991  0.856764  0.724768  0.868385  0.759383  0.831681  0.624455  0.715945  0.750921  0.771609  0.871511  0.831164  0.513770  0.805959  0.811085  0.721713  0.800763  0.553495  0.850082 0.0  0.380878  0.670004  0.701515  0.719440  0.617639  0.730710  0.802276  0.757719  0.369191  0.395187 
52  0.535228  0.789068  0.431882  0.849136  0.731935  0.796653  0.819753  0.863439  0.511286  0.816563  0.900559  0.924293  0.725759  0.715857  0.252343  0.684588  0.619302  0.570547  0.578010  0.459212  0.712382  0.750737  0.835862  0.732345  0.701017  0.836091  0.764743  0.793974  0.616482  0.783668  0.867774  0.782067  0.777074  0.716392  0.779932  0.743829  0.837004  0.781204  0.915615  0.805978  0.773936  0.765110  0.761263  0.786132  0.514282  0.694108  0.824425  0.807124  0.782631  0.466893  0.833526  0.380878 0.0  0.695048  0.721237  0.745628  0.644859  0.628943  0.984397  0.822931  0.476216  0.499922 
53  0.657737  0.883264  0.654077  0.765910  0.844940  0.677313  0.752822  0.749041  0.700861  0.792461  0.865844  0.889929  0.734367  0.778563  0.704552  0.781367  0.642091  0.795811  0.636848  0.602131  0.785696  0.803704  0.848305  0.937290  0.733961  0.887987  0.592553  0.909165  0.645231  0.810680  0.787667  0.812382  0.778516  0.712896  0.825970  0.834861  0.798838  0.803858  0.732257  0.841890  0.866526  0.812156  0.994127  0.869904  0.489275  0.667615  0.795092  0.831694  0.803366  0.588977  0.738310  0.670004  0.695048 0.0  0.818506  0.895137  0.630977  0.736263  0.826707  0.885027  0.677245  0.622287 
54  0.820056  0.794797  0.809067  0.860284  0.444462  0.828127  0.855876  0.876637  0.671033  0.581440  0.715384  0.780488  0.719123  0.624236  0.747965  0.806519  0.797523  0.774920  0.677857  0.658930  0.484681  0.422033  0.573623  0.544160  0.766796  0.464875  0.828313  0.840567  0.842990  0.516114  0.355477  0.469272  0.549002  0.463044  0.547451  0.572998  0.394155  0.580273  0.493136  0.520695  0.477646  0.451714  0.851801  0.461205  0.794468  0.864427  0.478450  0.163328  0.501333  0.798330  0.489365  0.701515  0.721237  0.818506 0.0  0.289807  0.824850  0.739090  0.666423  0.421734  0.801003  0.848602 
55  0.697585  0.780811  0.867298  0.837266  0.480551  0.849032  0.857978  0.829715  0.833907  0.627175  0.820019  0.707797  0.761313  0.443955  0.742513  0.828329  0.831127  0.776572  0.813945  0.786952  0.456331  0.454721  0.614461  0.456999  0.753753  0.516010  0.975306  0.802924  0.733619  0.490989  0.438874  0.574018  0.560892  0.527352  0.548048  0.562507  0.486249  0.474249  0.556887  0.475544  0.405697  0.586631  0.728730  0.357482  0.668791  0.837526  0.550665  0.418158  0.472865  0.813303  0.420707  0.719440  0.745628  0.895137  0.289807 0.0  0.749368  0.911841  0.741636  0.376637  0.714059  0.856456 
56  0.668092  0.676151  0.634248  0.584080  0.862584  0.678346  0.741252  0.618663  0.460678  0.664329  0.913967  0.857441  0.697677  0.831372  0.702240  0.696393  0.688981  0.658674  0.578776  0.679509  0.777208  0.876380  0.833726  0.735696  0.698612  0.781154  0.755831  0.821963  0.550470  0.736980  0.850112  0.750983  0.821503  0.761719  0.628847  0.803287  0.671974  0.917802  0.873203  0.798946  0.793253  0.752261  0.660185  0.824741  0.693184  0.815542  0.828575  0.835112  0.898847  0.664759  0.853207  0.617639  0.644859  0.630977  0.824850  0.749368 0.0  0.442820  0.861753  0.777033  0.584583  0.633277 
57  0.680018  0.653080  0.595026  0.708743  0.798187  0.758636  0.697987  0.831718  0.580520  0.793253  0.763809  0.826313  0.775368  0.745959  0.605492  0.721745  0.642952  0.555010  0.600861  0.599734  0.924767  0.766392  0.807808  0.841323  0.725125  0.748767  0.808375  0.753572  0.452100  0.768613  0.782631  0.863012  0.771810  0.803016  0.819515  0.697003  0.737137  0.798491  0.708193  0.802707  0.918055  0.793011  0.798459  0.776541  0.615434  0.611135  0.772390  0.937420  0.788174  0.658659  0.808159  0.730710  0.628943  0.736263  0.739090  0.911841  0.442820 0.0  0.822177  0.766919  0.698398  0.726780 
58  0.824886  0.727458  0.863277  0.812830  0.771982  0.873087  0.911831  0.815413  0.902704  0.792488  0.681226  0.710899  0.838183  0.729519  0.862340  0.764123  0.944238  0.813933  0.839653  0.869707  0.717804  0.708025  0.663667  0.712431  0.923647  0.756245  0.801268  0.636162  0.862156  0.682963  0.764877  0.677214  0.862279  0.679634  0.752151  0.630535  0.735663  0.729628  0.739090  0.736493  0.745506  0.634917  0.814287  0.744392  0.880379  0.919529  0.805990  0.762368  0.866664  0.862958  0.671829  0.802276  0.984397  0.826707  0.666423  0.741636  0.861753  0.822177 0.0  0.723677  0.889487  0.751979 
59  0.754990  0.743613  0.844169  0.834978  0.494076  0.870683  0.878569  0.841768  0.738553  0.575918  0.755234  0.914381  0.870969  0.548795  0.798347  0.743366  0.869346  0.861278  0.794183  0.750767  0.519985  0.264819  0.612471  0.384715  0.854495  0.322380  0.763175  0.741996  0.714983  0.429910  0.535890  0.374606  0.373057  0.244345  0.298859  0.432798  0.112677  0.324506  0.267616  0.366552  0.411827  0.631936  0.809331  0.535658  0.817220  0.744542  0.517033  0.476826  0.000000  0.758889  0.637026  0.757719  0.822931  0.885027  0.421734  0.376637  0.777033  0.766919  0.723677 0.0  0.794942  0.855652 
60  0.487103  0.789417  0.471125  0.823793  0.748766  0.802448  0.823066  0.693450  0.796024  0.761724  0.875053  0.885768  0.656981  0.725145  0.375421  0.778459  0.470046  0.419594  0.370971  0.416837  0.841589  0.835609  0.877709  0.792232  0.857977  0.764306  0.728892  0.789032  0.541531  0.800497  0.819501  0.805243  0.717055  0.815791  0.810002  0.857545  0.750831  0.720891  0.827469  0.721362  0.781595  0.759231  0.775586  0.751213  0.434454  0.609230  0.922686  0.776202  0.787758  0.655403  0.746980  0.369191  0.476216  0.677245  0.801003  0.714059  0.584583  0.698398  0.889487  0.794942 0.0  0.338702 
61  0.400486  0.767194  0.591877  0.880820  0.873519  0.779568  0.759495  0.904813  0.764967  0.707440  0.846020  0.763850  0.732647  0.786546  0.513826  0.687868  0.411956  0.284625  0.357879  0.483237  0.732429  0.802401  0.794996  0.820841  0.802562  0.816458  0.765777  0.791936  0.619973  0.742678  0.736876  0.817153  0.654010  0.760290  0.835815  0.824567  0.727524  0.729250  0.786655  0.810418  0.745338  0.795606  0.816182  0.737666  0.593459  0.600646  0.729215  0.614192  0.778425  0.700984  0.823871  0.395187  0.499922  0.622287  0.848602  0.856456  0.633277  0.726780  0.751979  0.855652  0.338702 0.0 
