62
0 0.0  0.821401  0.495473  0.812081  0.734869  0.749438  0.854431  0.753039  0.605076  0.675567  0.893882  0.797487  0.616139  0.804038  0.576116  0.727399  0.254288  0.453574  0.414118  0.381563  0.798391  0.721799  0.808587  0.778342  0.802366  0.766933  0.680968  0.745733  0.643494  0.664695  0.814118  0.639141  0.760032  0.768683  0.835716  0.692381  0.767187  0.839137  0.714813  0.798740  0.788921  0.811902  0.717525  0.801435  0.594446  0.645110  0.848315  0.704691  0.718850  0.668474  0.755321  0.583329  0.575147  0.667733  0.678333  0.712902  0.623795  0.724528  0.825022  0.712187  0.471999  0.424583 
1  0.821401 0.0  0.712273  0.761572  0.854585  0.618210  0.669943  0.728231  0.555654  0.694965  0.861101  0.815762  0.739441  0.721266  0.752771  0.488016  0.829924  0.713389  0.679365  0.800279  0.732750  0.732718  0.649859  0.753271  0.473290  0.764878  0.856995  0.715925  0.824474  0.793791  0.796067  0.825030  0.767631  0.884460  0.810000  0.757221  0.752907  0.788497  0.857578  0.885473  0.585481  0.710812  0.518390  0.684530  0.831403  0.816626  0.724649  0.732708  0.771044  0.725870  0.762136  0.730370  0.689607  0.786867  0.762615  0.731027  0.771268  0.785405  0.859561  0.728171  0.738789  0.713919 
2  0.495473  0.712273 0.0  0.835093  0.753143  0.754845  0.825124  0.771874  0.786693  0.683071  0.913808  0.802278  0.833401  0.707868  0.439894  0.698660  0.562749  0.519953  0.502479  0.429292  0.849346  0.691475  0.801100  0.771466  0.823664  0.791013  0.647236  0.860517  0.431467  0.721238  0.773459  0.742424  0.713277  0.782948  0.836933  0.756666  0.729923  0.689043  0.801677  0.684664  0.777690  0.799521  0.749224  0.741727  0.588246  0.617356  0.787069  0.752457  0.744838  0.550305  0.842197  0.507711  0.330954  0.572510  0.664093  0.741264  0.522144  0.465933  0.958077  0.777320  0.445446  0.663886 
3  0.812081  0.761572  0.835093 0.0  0.871024  0.539948  0.507577  0.680225  0.684999  0.858631  0.811380  0.895375  0.734591  0.749026  0.699061  0.716593  0.711202  0.780474  0.671984  0.767183  0.780611  0.728228  0.729894  0.802673  0.715468  0.801516  0.689026  0.737116  0.626407  0.822153  0.828473  0.764876  0.745117  0.739525  0.756981  0.811257  0.757894  0.743408  0.746134  0.828422  0.843114  0.823726  0.601993  0.722073  0.741609  0.915985  0.869894  0.973771  0.871606  0.641348  0.855965  0.636114  0.665230  0.755365  0.833433  0.772193  0.744756  0.621247  0.813663  0.859723  0.779135  0.722278 
4  0.734869  0.854585  0.753143  0.871024 0.0  0.772016  0.833299  0.869425  0.692209  0.550832  0.811214  0.789775  0.721851  0.549377  0.780365  0.762268  0.796403  0.679218  0.710619  0.776358  0.282150  0.475395  0.564959  0.598484  0.710368  0.532035  0.847066  0.689632  0.757721  0.568827  0.441933  0.593837  0.471349  0.572928  0.524921  0.641999  0.631671  0.567333  0.493006  0.591151  0.578751  0.347502  0.765368  0.499079  0.802881  0.705826  0.414247  0.358005  0.534834  0.675700  0.370304  0.784778  0.748449  0.716327  0.411478  0.410823  0.894291  0.783422  0.666708  0.552823  0.903555  0.700404 
5  0.749438  0.618210  0.754845  0.539948  0.772016 0.0  0.408598  0.540528  0.672158  0.866085  0.798877  0.913977  0.845857  0.791752  0.816270  0.646279  0.806860  0.785696  0.722691  0.709415  0.725618  0.869798  0.896691  0.869282  0.623272  0.821140  0.731233  0.803579  0.757932  0.733266  0.725350  0.855892  0.814183  0.865648  0.798262  0.821584  0.797642  0.673638  0.854602  0.773567  0.708673  0.840890  0.690466  0.839694  0.661127  0.617216  0.797750  0.883034  0.925320  0.657437  0.890729  0.738081  0.828191  0.785316  0.810358  0.836722  0.731450  0.691806  0.736224  0.885373  0.658409  0.801376 
6  0.854431  0.669943  0.825124  0.507577  0.833299  0.408598 0.0  0.583873  0.675690  0.795936  0.781085  0.769063  0.854461  0.782709  0.777392  0.678397  0.734649  0.813948  0.792159  0.841669  0.903230  0.844316  0.858034  0.810708  0.620660  0.762416  0.715668  0.810719  0.676349  0.781463  0.864134  0.679928  0.919369  0.836093  0.804304  0.743835  0.783841  0.810592  0.716750  0.734695  0.809120  0.869924  0.658990  0.722397  0.691937  0.810350  0.865696  0.897255  0.897443  0.641443  0.890436  0.767498  0.814991  0.826415  0.860761  0.737951  0.619652  0.692806  0.864417  0.657953  0.745410  0.706400 
7  0.753039  0.728231  0.771874  0.680225  0.869425  0.540528  0.583873 0.0  0.696390  0.800915  0.790578  0.932566  0.860903  0.728060  0.736793  0.576388  0.843185  0.747359  0.778247  0.725006  0.816012  0.780690  0.789372  0.814591  0.615496  0.885934  0.821599  0.895449  0.775762  0.718319  0.745798  0.762329  0.725242  0.790239  0.767284  0.770260  0.802365  0.852530  0.741518  0.852653  0.794797  0.825517  0.611242  0.810011  0.718331  0.853671  0.790685  0.671678  0.786720  0.769170  0.726004  0.854951  0.728554  0.840702  0.719650  0.893428  0.691645  0.679309  0.839547  0.802373  0.746021  0.868360 
8  0.605076  0.555654  0.786693  0.684999  0.692209  0.672158  0.675690  0.696390 0.0  0.748149  0.808073  0.886011  0.755127  0.704130  0.641510  0.621350  0.688259  0.657529  0.599642  0.617398  0.746101  0.739928  0.801797  0.679877  0.668160  0.745882  0.776323  0.784123  0.667843  0.734709  0.762458  0.749510  0.841287  0.776311  0.797151  0.606946  0.683747  0.735196  0.690672  0.797086  0.737204  0.812962  0.710093  0.713802  0.688003  0.744427  0.767944  0.718942  0.806676  0.654440  0.701888  0.655393  0.591510  0.599214  0.758132  0.801317  0.530096  0.539740  0.744143  0.685667  0.732933  0.689026 
9  0.675567  0.694965  0.683071  0.858631  0.550832  0.866085  0.795936  0.800915  0.748149 0.0  0.733069  0.771113  0.782102  0.623516  0.740416  0.757147  0.644628  0.643628  0.722197  0.710530  0.633081  0.614853  0.629820  0.508947  0.795500  0.598939  0.768528  0.828863  0.756360  0.453805  0.668068  0.579768  0.455024  0.518907  0.512234  0.499458  0.554564  0.483050  0.573408  0.609141  0.532985  0.600119  0.761673  0.556224  0.838955  0.795156  0.778225  0.531058  0.551632  0.775284  0.627257  0.811773  0.734588  0.775619  0.544011  0.550165  0.660814  0.750681  0.790550  0.565139  0.706558  0.717304 
10  0.893882  0.861101  0.913808  0.811380  0.811214  0.798877  0.781085  0.790578  0.808073  0.733069 0.0  0.419282  0.928720  0.723823  0.898988  0.827298  0.862261  0.834407  0.814025  0.918147  0.897356  0.949566  0.744091  0.747935  0.836741  0.780333  0.922407  0.552475  0.913695  0.727526  0.816468  0.867843  0.755117  0.669810  0.828963  0.755930  0.836577  0.772435  0.714222  0.811672  0.785598  0.692410  0.765881  0.847268  0.911945  0.775280  0.694822  0.748611  0.738105  0.979533  0.754710  0.794360  0.829553  0.848121  0.671515  0.755390  0.797438  0.845703  0.714146  0.823833  0.769344  0.867619 
11  0.797487  0.815762  0.802278  0.895375  0.789775  0.913977  0.769063  0.932566  0.886011  0.771113  0.419282 0.0  0.813918  0.760267  0.812603  0.841592  0.863185  0.885919  0.855207  0.816128  0.761305  0.745374  0.747994  0.808280  0.803174  0.784556  0.911607  0.568793  0.817779  0.915030  0.823194  0.690624  0.740130  0.692567  0.859998  0.750373  0.721314  0.828805  0.739969  0.766727  0.725636  0.755888  0.835150  0.805766  0.812669  0.723935  0.810497  0.717128  0.774835  1.000000  0.778343  0.932319  0.759143  0.803954  0.724682  0.848727  0.844909  0.858686  0.765286  0.739538  0.911914  0.900379 
12  0.616139  0.739441  0.833401  0.734591  0.721851  0.845857  0.854461  0.860903  0.755127  0.782102  0.928720  0.813918 0.0  0.723809  0.648509  0.803370  0.620719  0.771812  0.691766  0.623871  0.701617  0.829219  0.743158  0.853648  0.881484  0.730287  0.485533  0.818524  0.572289  0.725940  0.772011  0.771607  0.812863  0.760494  0.764941  0.869788  0.709202  0.786380  0.825604  0.852033  0.730146  0.830540  0.783064  0.802743  0.719829  0.614141  0.832584  0.735814  0.731101  0.694278  0.701801  0.717076  0.714472  0.562446  0.674367  0.703897  0.762158  0.556363  0.852770  0.801573  0.646419  0.682897 
13  0.804038  0.721266  0.707868  0.749026  0.549377  0.791752  0.782709  0.728060  0.704130  0.623516  0.723823  0.760267  0.723809 0.0  0.726496  0.728130  0.661234  0.656707  0.721664  0.775352  0.617387  0.560643  0.686003  0.435684  0.792990  0.472608  0.716049  0.789057  0.751280  0.475956  0.611708  0.435774  0.585444  0.452823  0.524795  0.555968  0.457983  0.317461  0.443733  0.526932  0.595413  0.597885  0.726391  0.569709  0.687941  0.639577  0.500103  0.682137  0.511390  0.630096  0.679630  0.733659  0.785600  0.762085  0.437567  0.542376  0.699723  0.758831  0.734885  0.422159  0.770833  0.762129 
14  0.576116  0.752771  0.439894  0.699061  0.780365  0.816270  0.777392  0.736793  0.641510  0.740416  0.898988  0.812603  0.648509  0.726496 0.0  0.754980  0.415486  0.404322  0.310796  0.483101  0.765178  0.863564  0.727813  0.814190  0.755777  0.771455  0.620539  0.795926  0.602504  0.731754  0.722602  0.719039  0.753963  0.818896  0.707470  0.681032  0.698517  0.796410  0.709540  0.744371  0.832203  0.812784  0.822387  0.698358  0.466732  0.672327  0.762526  0.739363  0.660012  0.633451  0.747691  0.407901  0.265113  0.496608  0.792537  0.789278  0.671292  0.656868  0.830877  0.814995  0.386751  0.466025 
15  0.727399  0.488016  0.698660  0.716593  0.762268  0.646279  0.678397  0.576388  0.621350  0.757147  0.827298  0.841592  0.803370  0.728130  0.754980 0.0  0.754179  0.756055  0.711938  0.658287  0.713096  0.788780  0.783812  0.764483  0.555618  0.866964  0.823482  0.778558  0.636329  0.706259  0.775843  0.776622  0.751787  0.701750  0.737873  0.695584  0.769441  0.788281  0.777664  0.696273  0.789688  0.733207  0.679738  0.750057  0.701835  0.716273  0.804565  0.805745  0.754678  0.792663  0.798727  0.664154  0.620224  0.752133  0.712367  0.743077  0.702075  0.705802  0.867388  0.866157  0.739050  0.790311 
16  0.254288  0.829924  0.562749  0.711202  0.796403  0.806860  0.734649  0.843185  0.688259  0.644628  0.862261  0.863185  0.620719  0.661234  0.415486  0.754179 0.0  0.363551  0.429361  0.417516  0.762231  0.817060  0.702919  0.773721  0.652415  0.720655  0.511661  0.852805  0.536684  0.729660  0.788804  0.725330  0.762327  0.709416  0.785622  0.733986  0.662988  0.635523  0.701711  0.684349  0.875173  0.759534  0.732052  0.699581  0.552816  0.626855  0.742500  0.739653  0.733284  0.579895  0.739526  0.509905  0.564761  0.571907  0.830545  0.822919  0.604866  0.638073  0.763820  0.688044  0.415531  0.325060 
17  0.453574  0.713389  0.519953  0.780474  0.679218  0.785696  0.813948  0.747359  0.657529  0.643628  0.834407  0.885919  0.771812  0.656707  0.404322  0.756055  0.363551 0.0  0.364877  0.331567  0.702104  0.751310  0.793582  0.721044  0.747318  0.800267  0.602934  0.773935  0.631588  0.725955  0.692311  0.729301  0.733279  0.728225  0.679915  0.754014  0.777278  0.919001  0.698491  0.718322  0.708897  0.725839  0.737737  0.790633  0.689182  0.691890  0.759619  0.876798  0.698651  0.549839  0.755213  0.497267  0.433069  0.561032  0.708171  0.678743  0.655199  0.506741  0.855071  0.741701  0.378234  0.570559 
18  0.414118  0.679365  0.502479  0.671984  0.710619  0.722691  0.792159  0.778247  0.599642  0.722197  0.814025  0.855207  0.691766  0.721664  0.310796  0.711938  0.429361  0.364877 0.0  0.510781  0.803169  0.699506  0.782906  0.783754  0.694740  0.892068  0.625516  0.847563  0.524149  0.734414  0.768119  0.682240  0.612141  0.688970  0.819342  0.760053  0.769762  0.662149  0.707178  0.885401  0.829288  0.779042  0.785229  0.776243  0.517995  0.611710  0.740581  0.783601  0.795919  0.553163  0.745175  0.451009  0.568730  0.516806  0.884476  0.827535  0.640453  0.593778  0.784957  0.687333  0.236721  0.413683 
19  0.381563  0.800279  0.429292  0.767183  0.776358  0.709415  0.841669  0.725006  0.617398  0.710530  0.918147  0.816128  0.623871  0.775352  0.483101  0.658287  0.417516  0.331567  0.510781 0.0  0.766867  0.729905  0.846285  0.740951  0.874142  0.716737  0.626221  0.770852  0.625962  0.727084  0.815395  0.685176  0.682956  0.751496  0.687581  0.631983  0.778455  0.726383  0.723300  0.673182  0.769241  0.790134  0.908992  0.764232  0.556183  0.614925  0.820263  0.709984  0.629629  0.670509  0.786109  0.370176  0.468318  0.655291  0.735280  0.672390  0.633877  0.669936  0.942749  0.740032  0.494585  0.356477 
20  0.798391  0.732750  0.849346  0.780611  0.282150  0.725618  0.903230  0.816012  0.746101  0.633081  0.897356  0.761305  0.701617  0.617387  0.765178  0.713096  0.762231  0.702104  0.803169  0.766867 0.0  0.564734  0.599866  0.567370  0.828443  0.550013  0.868760  0.732710  0.782465  0.494132  0.405055  0.609204  0.560875  0.634431  0.589731  0.639763  0.509561  0.605010  0.562701  0.590382  0.596584  0.429084  0.797204  0.386809  0.778263  0.776018  0.401743  0.348552  0.419405  0.734566  0.351711  0.704245  0.719790  0.923683  0.330284  0.526499  0.772470  0.840470  0.877092  0.508185  0.761988  0.732335 
21  0.721799  0.732718  0.691475  0.728228  0.475395  0.869798  0.844316  0.780690  0.739928  0.614853  0.949566  0.745374  0.829219  0.560643  0.863564  0.788780  0.817060  0.751310  0.699506  0.729905  0.564734 0.0  0.687765  0.364697  0.802477  0.161955  0.753061  0.710151  0.717633  0.317919  0.477757  0.480573  0.579313  0.401235  0.331557  0.407749  0.287727  0.371139  0.399544  0.288165  0.317949  0.472040  0.853669  0.358896  0.712964  0.745052  0.515379  0.558832  0.339683  0.730462  0.653958  0.838431  0.694157  0.704151  0.361115  0.439730  0.628467  0.768241  0.749937  0.356148  0.742148  0.675065 
22  0.808587  0.649859  0.801100  0.729894  0.564959  0.896691  0.858034  0.789372  0.801797  0.629820  0.744091  0.747994  0.743158  0.686003  0.727813  0.783812  0.702919  0.793582  0.782906  0.846285  0.599866  0.687765 0.0  0.568253  0.738202  0.592709  0.744603  0.772478  0.735430  0.674027  0.603839  0.681486  0.591339  0.561765  0.612929  0.584769  0.620149  0.609774  0.564751  0.569231  0.604461  0.543602  0.873178  0.509630  0.732959  0.725767  0.399573  0.468308  0.523991  0.922255  0.536456  0.712062  0.688297  0.722911  0.522075  0.643117  0.790432  0.796926  0.650077  0.691749  0.728850  0.881620 
23  0.778342  0.753271  0.771466  0.802673  0.598484  0.869282  0.810708  0.814591  0.679877  0.508947  0.747935  0.808280  0.853648  0.435684  0.814190  0.764483  0.773721  0.721044  0.783754  0.740951  0.567370  0.364697  0.568253 0.0  0.789776  0.490663  0.743758  0.815947  0.704989  0.463327  0.417807  0.332597  0.452463  0.362985  0.432507  0.430813  0.436349  0.384538  0.238650  0.458071  0.504649  0.561886  0.746422  0.469240  0.845112  0.775601  0.582870  0.629100  0.357072  0.732129  0.656883  0.696104  0.696464  0.822028  0.363074  0.406056  0.692384  0.786436  0.662569  0.348974  0.851354  0.782656 
24  0.802366  0.473290  0.823664  0.715468  0.710368  0.623272  0.620660  0.615496  0.668160  0.795500  0.836741  0.803174  0.881484  0.792990  0.755777  0.555618  0.652415  0.747318  0.694740  0.874142  0.828443  0.802477  0.738202  0.789776 0.0  0.840307  0.836286  0.754830  0.734285  0.909842  0.818662  0.719233  0.700345  0.771982  0.849178  0.758594  0.861360  0.770834  0.732851  0.731603  0.777353  0.731359  0.193030  0.713721  0.766881  0.935444  0.829088  0.816258  0.803923  0.631978  0.826718  0.697622  0.688889  0.764336  0.891364  0.786525  0.721808  0.819329  0.778022  0.724332  0.814564  0.841064 
25  0.766933  0.764878  0.791013  0.801516  0.532035  0.821140  0.762416  0.885934  0.745882  0.598939  0.780333  0.784556  0.730287  0.472608  0.771455  0.866964  0.720655  0.800267  0.892068  0.716737  0.550013  0.161955  0.592709  0.490663  0.840307 0.0  0.691971  0.847202  0.695014  0.264158  0.478397  0.421528  0.500185  0.416620  0.392813  0.391917  0.328501  0.396034  0.400947  0.105770  0.372501  0.512061  0.708513  0.448818  0.881902  0.750376  0.375441  0.562077  0.391043  0.770585  0.510011  0.748286  0.686832  0.784563  0.559918  0.486800  0.747321  0.857246  0.794180  0.271000  0.787951  0.778022 
26  0.680968  0.856995  0.647236  0.689026  0.847066  0.731233  0.715668  0.821599  0.776323  0.768528  0.922407  0.911607  0.485533  0.716049  0.620539  0.823482  0.511661  0.602934  0.625516  0.626221  0.868760  0.753061  0.744603  0.743758  0.836286  0.691971 0.0  0.744321  0.633127  0.910417  0.760122  0.774659  0.831025  0.790960  0.736875  0.670091  0.704486  0.742753  0.827707  0.742891  0.840513  0.791833  0.854285  0.744575  0.643431  0.531943  0.739463  0.778224  0.724453  0.793321  0.781463  0.803042  0.744829  0.749941  0.831541  0.836595  0.791201  0.717199  0.723258  0.763502  0.717909  0.663384 
27  0.745733  0.715925  0.860517  0.737116  0.689632  0.803579  0.810719  0.895449  0.784123  0.828863  0.552475  0.568793  0.818524  0.789057  0.795926  0.778558  0.852805  0.773935  0.847563  0.770852  0.732710  0.710151  0.772478  0.815947  0.754830  0.847202  0.744321 0.0  0.801602  0.733272  0.693536  0.666284  0.715905  0.812562  0.821825  0.770518  0.898893  0.764647  0.826710  0.803974  0.664213  0.809349  0.780130  0.776678  0.804453  0.789093  0.698550  0.767138  0.779037  0.929944  0.830428  0.799452  0.852993  0.858895  0.859891  0.669515  0.895898  0.888043  0.732233  0.810690  0.757679  0.871080 
28  0.643494  0.824474  0.431467  0.626407  0.757721  0.757932  0.676349  0.775762  0.667843  0.756360  0.913695  0.817779  0.572289  0.751280  0.602504  0.636329  0.536684  0.631588  0.524149  0.625962  0.782465  0.717633  0.735430  0.704989  0.734285  0.695014  0.633127  0.801602 0.0  0.757676  0.740191  0.664480  0.717754  0.697811  0.684832  0.631657  0.666902  0.749903  0.743122  0.651506  0.676797  0.774727  0.746774  0.706564  0.567397  0.832906  0.812904  0.843465  0.719168  0.548785  0.778458  0.639256  0.505921  0.730094  0.749162  0.733554  0.507836  0.431298  0.770337  0.721873  0.626993  0.691125 
29  0.664695  0.793791  0.721238  0.822153  0.568827  0.733266  0.781463  0.718319  0.734709  0.453805  0.727526  0.915030  0.725940  0.475956  0.731754  0.706259  0.729660  0.725955  0.734414  0.727084  0.494132  0.317919  0.674027  0.463327  0.909842  0.264158  0.910417  0.733272  0.757676 0.0  0.454613  0.370304  0.329159  0.480360  0.327328  0.366803  0.466472  0.371584  0.448795  0.364697  0.401559  0.527337  0.727076  0.563602  0.750882  0.710644  0.573478  0.435434  0.377304  0.823327  0.544883  0.662385  0.757682  0.828929  0.527146  0.462582  0.673848  0.647551  0.622486  0.420501  0.736224  0.840823 
30  0.814118  0.796067  0.773459  0.828473  0.441933  0.725350  0.864134  0.745798  0.762458  0.668068  0.816468  0.823194  0.772011  0.611708  0.722602  0.775843  0.788804  0.692311  0.768119  0.815395  0.405055  0.477757  0.603839  0.417807  0.818662  0.478397  0.760122  0.693536  0.740191  0.454613 0.0  0.455030  0.639275  0.481592  0.519211  0.617888  0.513393  0.520149  0.495778  0.463165  0.449731  0.511491  0.800372  0.456411  0.803640  0.808862  0.510989  0.375833  0.438588  0.742010  0.415339  0.874795  0.783385  0.837498  0.222717  0.310989  0.909658  0.847314  0.640863  0.435889  0.763504  0.724477 
31  0.639141  0.825030  0.742424  0.764876  0.593837  0.855892  0.679928  0.762329  0.749510  0.579768  0.867843  0.690624  0.771607  0.435774  0.719039  0.776622  0.725330  0.729301  0.682240  0.685176  0.609204  0.480573  0.681486  0.332597  0.719233  0.421528  0.774659  0.666284  0.664480  0.370304  0.455030 0.0  0.487375  0.393048  0.403370  0.279923  0.457786  0.273744  0.272843  0.490477  0.389243  0.607418  0.729645  0.592887  0.708088  0.748752  0.654425  0.518329  0.373093  0.728802  0.719011  0.765933  0.769888  0.864034  0.487900  0.455849  0.814728  0.766139  0.744207  0.439373  0.695314  0.773854 
32  0.760032  0.767631  0.713277  0.745117  0.471349  0.814183  0.919369  0.725242  0.841287  0.455024  0.755117  0.740130  0.812863  0.585444  0.753963  0.751787  0.762327  0.733279  0.612141  0.682956  0.560875  0.579313  0.591339  0.452463  0.700345  0.500185  0.831025  0.715905  0.717754  0.329159  0.639275  0.487375 0.0  0.472603  0.427030  0.428370  0.423905  0.432511  0.488910  0.497561  0.620970  0.569747  0.648181  0.628937  0.749540  0.835755  0.571189  0.495685  0.485706  0.748110  0.600280  0.733699  0.815083  0.835464  0.426121  0.447404  0.752732  0.760680  0.706284  0.552950  0.677593  0.761322 
33  0.768683  0.884460  0.782948  0.739525  0.572928  0.865648  0.836093  0.790239  0.776311  0.518907  0.669810  0.692567  0.760494  0.452823  0.818896  0.701750  0.709416  0.728225  0.688970  0.751496  0.634431  0.401235  0.561765  0.362985  0.771982  0.416620  0.790960  0.812562  0.697811  0.480360  0.481592  0.393048  0.472603 0.0  0.471036  0.381468  0.231048  0.479485  0.225982  0.320863  0.247639  0.732907  0.767144  0.501082  0.705324  0.746849  0.518029  0.515748  0.205685  0.825685  0.498557  0.730633  0.765381  0.810148  0.447104  0.376800  0.844583  0.693494  0.703690  0.255642  0.785639  0.668382 
34  0.835716  0.810000  0.836933  0.756981  0.524921  0.798262  0.804304  0.767284  0.797151  0.512234  0.828963  0.859998  0.764941  0.524795  0.707470  0.737873  0.785622  0.679915  0.819342  0.687581  0.589731  0.331557  0.612929  0.432507  0.849178  0.392813  0.736875  0.821825  0.684832  0.327328  0.519211  0.403370  0.427030  0.471036 0.0  0.257913  0.323797  0.425239  0.467399  0.287320  0.462689  0.570408  0.766804  0.572841  0.691673  0.707428  0.546061  0.618107  0.416291  0.766466  0.634543  0.705161  0.712023  0.726307  0.621297  0.563344  0.796037  0.831088  0.729886  0.368784  0.642828  0.763088 
35  0.692381  0.757221  0.756666  0.811257  0.641999  0.821584  0.743835  0.770260  0.606946  0.499458  0.755930  0.750373  0.869788  0.555968  0.681032  0.695584  0.733986  0.754014  0.760053  0.631983  0.639763  0.407749  0.584769  0.430813  0.758594  0.391917  0.670091  0.770518  0.631657  0.366803  0.617888  0.279923  0.428370  0.381468  0.257913 0.0  0.344764  0.269281  0.471997  0.317429  0.478699  0.617256  0.754661  0.541781  0.847919  0.746483  0.594040  0.535428  0.551029  0.686952  0.572321  0.782472  0.762569  0.822525  0.520172  0.545794  0.721477  0.716189  0.701682  0.453859  0.680977  0.709110 
36  0.767187  0.752907  0.729923  0.757894  0.631671  0.797642  0.783841  0.802365  0.683747  0.554564  0.836577  0.721314  0.709202  0.457983  0.698517  0.769441  0.662988  0.777278  0.769762  0.778455  0.509561  0.287727  0.620149  0.436349  0.861360  0.328501  0.704486  0.898893  0.666902  0.466472  0.513393  0.457786  0.423905  0.231048  0.323797  0.344764 0.0  0.282158  0.295638  0.151235  0.438511  0.618613  0.687120  0.533440  0.662361  0.793533  0.566061  0.427351  0.187311  0.774726  0.583962  0.704749  0.752524  0.719003  0.599476  0.463552  0.735958  0.632926  0.799027  0.088200  0.725853  0.751602 
37  0.839137  0.788497  0.689043  0.743408  0.567333  0.673638  0.810592  0.852530  0.735196  0.483050  0.772435  0.828805  0.786380  0.317461  0.796410  0.788281  0.635523  0.919001  0.662149  0.726383  0.605010  0.371139  0.609774  0.384538  0.770834  0.396034  0.742753  0.764647  0.749903  0.371584  0.520149  0.273744  0.432511  0.479485  0.425239  0.269281  0.282158 0.0  0.379928  0.394682  0.402613  0.513445  0.700119  0.536901  0.750369  0.721568  0.455692  0.474894  0.273164  0.682103  0.684411  0.714412  0.708365  0.810965  0.469498  0.536833  0.772008  0.755945  0.677635  0.387523  0.776078  0.775305 
38  0.714813  0.857578  0.801677  0.746134  0.493006  0.854602  0.716750  0.741518  0.690672  0.573408  0.714222  0.739969  0.825604  0.443733  0.709540  0.777664  0.701711  0.698491  0.707178  0.723300  0.562701  0.399544  0.564751  0.238650  0.732851  0.400947  0.827707  0.826710  0.743122  0.448795  0.495778  0.272843  0.488910  0.225982  0.467399  0.471997  0.295638  0.379928 0.0  0.365817  0.381766  0.597258  0.760185  0.422163  0.792534  0.745727  0.453129  0.459047  0.288784  0.742582  0.514145  0.849885  0.768106  0.798190  0.535741  0.396691  0.753204  0.745964  0.588062  0.273974  0.678885  0.772409 
39  0.798740  0.885473  0.684664  0.828422  0.591151  0.773567  0.734695  0.852653  0.797086  0.609141  0.811672  0.766727  0.852033  0.526932  0.744371  0.696273  0.684349  0.718322  0.885401  0.673182  0.590382  0.288165  0.569231  0.458071  0.731603  0.105770  0.742891  0.803974  0.651506  0.364697  0.463165  0.490477  0.497561  0.320863  0.287320  0.317429  0.151235  0.394682  0.365817 0.0  0.374661  0.604363  0.810725  0.478020  0.826503  0.672425  0.538623  0.473309  0.381813  0.822833  0.543666  0.749519  0.725012  0.804835  0.524546  0.441305  0.815707  0.682378  0.732879  0.292256  0.653806  0.782184 
40  0.788921  0.585481  0.777690  0.843114  0.578751  0.708673  0.809120  0.794797  0.737204  0.532985  0.785598  0.725636  0.730146  0.595413  0.832203  0.789688  0.875173  0.708897  0.829288  0.769241  0.596584  0.317949  0.604461  0.504649  0.777353  0.372501  0.840513  0.664213  0.676797  0.401559  0.449731  0.389243  0.620970  0.247639  0.462689  0.478699  0.438511  0.402613  0.381766  0.374661 0.0  0.482152  0.826901  0.516832  0.864394  0.857129  0.495479  0.574444  0.380237  0.820570  0.483807  0.824483  0.770029  0.823077  0.375751  0.423016  0.725202  0.823844  0.602497  0.319541  0.704083  0.697052 
41  0.811902  0.710812  0.799521  0.823726  0.347502  0.840890  0.869924  0.825517  0.812962  0.600119  0.692410  0.755888  0.830540  0.597885  0.812784  0.733207  0.759534  0.725839  0.779042  0.790134  0.429084  0.472040  0.543602  0.561886  0.731359  0.512061  0.791833  0.809349  0.774727  0.527337  0.511491  0.607418  0.569747  0.732907  0.570408  0.617256  0.618613  0.513445  0.597258  0.604363  0.482152 0.0  0.822813  0.451546  0.794394  0.793368  0.433866  0.498072  0.629418  0.679472  0.223416  0.791593  0.785261  0.722818  0.470286  0.476073  0.789668  0.885892  0.721882  0.491262  0.683090  0.783876 
42  0.717525  0.518390  0.749224  0.601993  0.765368  0.690466  0.658990  0.611242  0.710093  0.761673  0.765881  0.835150  0.783064  0.726391  0.822387  0.679738  0.732052  0.737737  0.785229  0.908992  0.797204  0.853669  0.873178  0.746422  0.193030  0.708513  0.854285  0.780130  0.746774  0.727076  0.800372  0.729645  0.648181  0.767144  0.766804  0.754661  0.687120  0.700119  0.760185  0.810725  0.826901  0.822813 0.0  0.692528  0.739995  0.833105  0.862493  0.718315  0.787394  0.785116  0.805336  0.710607  0.757009  0.746556  0.833525  0.827726  0.574411  0.671755  0.872442  0.773651  0.807194  0.823488 
43  0.801435  0.684530  0.741727  0.722073  0.499079  0.839694  0.722397  0.810011  0.713802  0.556224  0.847268  0.805766  0.802743  0.569709  0.698358  0.750057  0.699581  0.790633  0.776243  0.764232  0.386809  0.358896  0.509630  0.469240  0.713721  0.448818  0.744575  0.776678  0.706564  0.563602  0.456411  0.592887  0.628937  0.501082  0.572841  0.541781  0.533440  0.536901  0.422163  0.478020  0.516832  0.451546  0.692528 0.0  0.842859  0.819717  0.412029  0.469706  0.497587  0.751697  0.408006  0.729795  0.677768  0.794976  0.494298  0.443271  0.829121  0.792082  0.610837  0.543860  0.771361  0.806185 
44  0.594446  0.831403  0.588246  0.741609  0.802881  0.661127  0.691937  0.718331  0.688003  0.838955  0.911945  0.812669  0.719829  0.687941  0.466732  0.701835  0.552816  0.689182  0.517995  0.556183  0.778263  0.712964  0.732959  0.845112  0.766881  0.881902  0.643431  0.804453  0.567397  0.750882  0.803640  0.708088  0.749540  0.705324  0.691673  0.847919  0.662361  0.750369  0.792534  0.826503  0.864394  0.794394  0.739995  0.842859 0.0  0.687025  0.830216  0.824164  0.791968  0.421157  0.815104  0.569895  0.479900  0.582611  0.722902  0.812718  0.632873  0.527590  0.839799  0.711452  0.633597  0.540466 
45  0.645110  0.816626  0.617356  0.915985  0.705826  0.617216  0.810350  0.853671  0.744427  0.795156  0.775280  0.723935  0.614141  0.639577  0.672327  0.716273  0.626855  0.691890  0.611710  0.614925  0.776018  0.745052  0.725767  0.775601  0.935444  0.750376  0.531943  0.789093  0.832906  0.710644  0.808862  0.748752  0.835755  0.746849  0.707428  0.746483  0.793533  0.721568  0.745727  0.672425  0.857129  0.793368  0.833105  0.819717  0.687025 0.0  0.817279  0.773636  0.756357  0.696368  0.816433  0.598744  0.624470  0.607535  0.656254  0.761256  0.781726  0.781457  0.901610  0.796596  0.658096  0.698618 
46  0.848315  0.724649  0.787069  0.869894  0.414247  0.797750  0.865696  0.790685  0.767944  0.778225  0.694822  0.810497  0.832584  0.500103  0.762526  0.804565  0.742500  0.759619  0.740581  0.820263  0.401743  0.515379  0.399573  0.582870  0.829088  0.375441  0.739463  0.698550  0.812904  0.573478  0.510989  0.654425  0.571189  0.518029  0.546061  0.594040  0.566061  0.455692  0.453129  0.538623  0.495479  0.433866  0.862493  0.412029  0.830216  0.817279 0.0  0.517822  0.473031  0.777182  0.485740  0.770347  0.742614  0.720164  0.457432  0.445787  0.726011  0.760907  0.774535  0.512942  0.858265  0.906836 
47  0.704691  0.732708  0.752457  0.973771  0.358005  0.883034  0.897255  0.671678  0.718942  0.531058  0.748611  0.717128  0.735814  0.682137  0.739363  0.805745  0.739653  0.876798  0.783601  0.709984  0.348552  0.558832  0.468308  0.629100  0.816258  0.562077  0.778224  0.767138  0.843465  0.435434  0.375833  0.518329  0.495685  0.515748  0.618107  0.535428  0.427351  0.474894  0.459047  0.473309  0.574444  0.498072  0.718315  0.469706  0.824164  0.773636  0.517822 0.0  0.567191  0.815900  0.537486  0.739649  0.707447  0.713132  0.252306  0.377544  0.820031  0.790873  0.671868  0.467177  0.768486  0.732192 
48  0.718850  0.771044  0.744838  0.871606  0.534834  0.925320  0.897443  0.786720  0.806676  0.551632  0.738105  0.774835  0.731101  0.511390  0.660012  0.754678  0.733284  0.698651  0.795919  0.629629  0.419405  0.339683  0.523991  0.357072  0.803923  0.391043  0.724453  0.779037  0.719168  0.377304  0.438588  0.373093  0.485706  0.205685  0.416291  0.551029  0.187311  0.273164  0.288784  0.381813  0.380237  0.629418  0.787394  0.497587  0.791968  0.756357  0.473031  0.567191 0.0  0.814978  0.676214  0.841405  0.773575  0.747519  0.448450  0.632125  0.819744  0.792533  0.762877  0.000000  0.777349  0.644165 
49  0.668474  0.725870  0.550305  0.641348  0.675700  0.657437  0.641443  0.769170  0.654440  0.775284  0.979533  1.000000  0.694278  0.630096  0.633451  0.792663  0.579895  0.549839  0.553163  0.670509  0.734566  0.730462  0.922255  0.732129  0.631978  0.770585  0.793321  0.929944  0.548785  0.823327  0.742010  0.728802  0.748110  0.825685  0.766466  0.686952  0.774726  0.682103  0.742582  0.822833  0.820570  0.679472  0.785116  0.751697  0.421157  0.696368  0.777182  0.815900  0.814978 0.0  0.827212  0.637327  0.556185  0.708653  0.721539  0.744649  0.618917  0.680409  0.786194  0.687211  0.519099  0.686156 
50  0.755321  0.762136  0.842197  0.855965  0.370304  0.890729  0.890436  0.726004  0.701888  0.627257  0.754710  0.778343  0.701801  0.679630  0.747691  0.798727  0.739526  0.755213  0.745175  0.786109  0.351711  0.653958  0.536456  0.656883  0.826718  0.510011  0.781463  0.830428  0.778458  0.544883  0.415339  0.719011  0.600280  0.498557  0.634543  0.572321  0.583962  0.684411  0.514145  0.543666  0.483807  0.223416  0.805336  0.408006  0.815104  0.816433  0.485740  0.537486  0.676214  0.827212 0.0  0.728602  0.803889  0.833080  0.389101  0.467373  0.796607  0.802595  0.611911  0.597414  0.700150  0.797199 
51  0.583329  0.730370  0.507711  0.636114  0.784778  0.738081  0.767498  0.854951  0.655393  0.811773  0.794360  0.932319  0.717076  0.733659  0.407901  0.664154  0.509905  0.497267  0.451009  0.370176  0.704245  0.838431  0.712062  0.696104  0.697622  0.748286  0.803042  0.799452  0.639256  0.662385  0.874795  0.765933  0.733699  0.730633  0.705161  0.782472  0.704749  0.714412  0.849885  0.749519  0.824483  0.791593  0.710607  0.729795  0.569895  0.598744  0.770347  0.739649  0.841405  0.637327  0.728602 0.0  0.453210  0.631070  0.768676  0.803360  0.664065  0.555670  0.842108  0.755298  0.401860  0.484821 
52  0.575147  0.689607  0.330954  0.665230  0.748449  0.828191  0.814991  0.728554  0.591510  0.734588  0.829553  0.759143  0.714472  0.785600  0.265113  0.620224  0.564761  0.433069  0.568730  0.468318  0.719790  0.694157  0.688297  0.696464  0.688889  0.686832  0.744829  0.852993  0.505921  0.757682  0.783385  0.769888  0.815083  0.765381  0.712023  0.762569  0.752524  0.708365  0.768106  0.725012  0.770029  0.785261  0.757009  0.677768  0.479900  0.624470  0.742614  0.707447  0.773575  0.556185  0.803889  0.453210 0.0  0.615952  0.762341  0.777447  0.583528  0.606253  0.855588  0.611036  0.276062  0.521485 
53  0.667733  0.786867  0.572510  0.755365  0.716327  0.785316  0.826415  0.840702  0.599214  0.775619  0.848121  0.803954  0.562446  0.762085  0.496608  0.752133  0.571907  0.561032  0.516806  0.655291  0.923683  0.704151  0.722911  0.822028  0.764336  0.784563  0.749941  0.858895  0.730094  0.828929  0.837498  0.864034  0.835464  0.810148  0.726307  0.822525  0.719003  0.810965  0.798190  0.804835  0.823077  0.722818  0.746556  0.794976  0.582611  0.607535  0.720164  0.713132  0.747519  0.708653  0.833080  0.631070  0.615952 0.0  0.755235  0.760082  0.639567  0.726320  0.846117  0.732542  0.637701  0.610979 
54  0.678333  0.762615  0.664093  0.833433  0.411478  0.810358  0.860761  0.719650  0.758132  0.544011  0.671515  0.724682  0.674367  0.437567  0.792537  0.712367  0.830545  0.708171  0.884476  0.735280  0.330284  0.361115  0.522075  0.363074  0.891364  0.559918  0.831541  0.859891  0.749162  0.527146  0.222717  0.487900  0.426121  0.447104  0.621297  0.520172  0.599476  0.469498  0.535741  0.524546  0.375751  0.470286  0.833525  0.494298  0.722902  0.656254  0.457432  0.252306  0.448450  0.721539  0.389101  0.768676  0.762341  0.755235 0.0  0.463003  0.686434  0.654226  0.773344  0.590033  0.727965  0.862949 
55  0.712902  0.731027  0.741264  0.772193  0.410823  0.836722  0.737951  0.893428  0.801317  0.550165  0.755390  0.848727  0.703897  0.542376  0.789278  0.743077  0.822919  0.678743  0.827535  0.672390  0.526499  0.439730  0.643117  0.406056  0.786525  0.486800  0.836595  0.669515  0.733554  0.462582  0.310989  0.455849  0.447404  0.376800  0.563344  0.545794  0.463552  0.536833  0.396691  0.441305  0.423016  0.476073  0.827726  0.443271  0.812718  0.761256  0.445787  0.377544  0.632125  0.744649  0.467373  0.803360  0.777447  0.760082  0.463003 0.0  0.644078  0.884435  0.627569  0.485204  0.735548  0.797315 
56  0.623795  0.771268  0.522144  0.744756  0.894291  0.731450  0.619652  0.691645  0.530096  0.660814  0.797438  0.844909  0.762158  0.699723  0.671292  0.702075  0.604866  0.655199  0.640453  0.633877  0.772470  0.628467  0.790432  0.692384  0.721808  0.747321  0.791201  0.895898  0.507836  0.673848  0.909658  0.814728  0.752732  0.844583  0.796037  0.721477  0.735958  0.772008  0.753204  0.815707  0.725202  0.789668  0.574411  0.829121  0.632873  0.781726  0.726011  0.820031  0.819744  0.618917  0.796607  0.664065  0.583528  0.639567  0.686434  0.644078 0.0  0.456444  0.874304  0.652920  0.653277  0.643438 
57  0.724528  0.785405  0.465933  0.621247  0.783422  0.691806  0.692806  0.679309  0.539740  0.750681  0.845703  0.858686  0.556363  0.758831  0.656868  0.705802  0.638073  0.506741  0.593778  0.669936  0.840470  0.768241  0.796926  0.786436  0.819329  0.857246  0.717199  0.888043  0.431298  0.647551  0.847314  0.766139  0.760680  0.693494  0.831088  0.716189  0.632926  0.755945  0.745964  0.682378  0.823844  0.885892  0.671755  0.792082  0.527590  0.781457  0.760907  0.790873  0.792533  0.680409  0.802595  0.555670  0.606253  0.726320  0.654226  0.884435  0.456444 0.0  0.739635  0.794401  0.607668  0.535266 
58  0.825022  0.859561  0.958077  0.813663  0.666708  0.736224  0.864417  0.839547  0.744143  0.790550  0.714146  0.765286  0.852770  0.734885  0.830877  0.867388  0.763820  0.855071  0.784957  0.942749  0.877092  0.749937  0.650077  0.662569  0.778022  0.794180  0.723258  0.732233  0.770337  0.622486  0.640863  0.744207  0.706284  0.703690  0.729886  0.701682  0.799027  0.677635  0.588062  0.732879  0.602497  0.721882  0.872442  0.610837  0.839799  0.901610  0.774535  0.671868  0.762877  0.786194  0.611911  0.842108  0.855588  0.846117  0.773344  0.627569  0.874304  0.739635 0.0  0.803131  0.731562  0.781624 
59  0.712187  0.728171  0.777320  0.859723  0.552823  0.885373  0.657953  0.802373  0.685667  0.565139  0.823833  0.739538  0.801573  0.422159  0.814995  0.866157  0.688044  0.741701  0.687333  0.740032  0.508185  0.356148  0.691749  0.348974  0.724332  0.271000  0.763502  0.810690  0.721873  0.420501  0.435889  0.439373  0.552950  0.255642  0.368784  0.453859  0.088200  0.387523  0.273974  0.292256  0.319541  0.491262  0.773651  0.543860  0.711452  0.796596  0.512942  0.467177  0.000000  0.687211  0.597414  0.755298  0.611036  0.732542  0.590033  0.485204  0.652920  0.794401  0.803131 0.0  0.763416  0.763302 
60  0.471999  0.738789  0.445446  0.779135  0.903555  0.658409  0.745410  0.746021  0.732933  0.706558  0.769344  0.911914  0.646419  0.770833  0.386751  0.739050  0.415531  0.378234  0.236721  0.494585  0.761988  0.742148  0.728850  0.851354  0.814564  0.787951  0.717909  0.757679  0.626993  0.736224  0.763504  0.695314  0.677593  0.785639  0.642828  0.680977  0.725853  0.776078  0.678885  0.653806  0.704083  0.683090  0.807194  0.771361  0.633597  0.658096  0.858265  0.768486  0.777349  0.519099  0.700150  0.401860  0.276062  0.637701  0.727965  0.735548  0.653277  0.607668  0.731562  0.763416 0.0  0.275174 
61  0.424583  0.713919  0.663886  0.722278  0.700404  0.801376  0.706400  0.868360  0.689026  0.717304  0.867619  0.900379  0.682897  0.762129  0.466025  0.790311  0.325060  0.570559  0.413683  0.356477  0.732335  0.675065  0.881620  0.782656  0.841064  0.778022  0.663384  0.871080  0.691125  0.840823  0.724477  0.773854  0.761322  0.668382  0.763088  0.709110  0.751602  0.775305  0.772409  0.782184  0.697052  0.783876  0.823488  0.806185  0.540466  0.698618  0.906836  0.732192  0.644165  0.686156  0.797199  0.484821  0.521485  0.610979  0.862949  0.797315  0.643438  0.535266  0.781624  0.763302  0.275174 0.0 
