62
0 0.0  0.633732  0.516975  0.848397  0.833614  0.779827  0.845584  0.658828  0.556089  0.749239  0.830260  0.796150  0.703276  0.724411  0.515672  0.710042  0.222773  0.409746  0.335146  0.371937  0.696077  0.689987  0.848324  0.781814  0.769334  0.727871  0.688216  0.696531  0.559180  0.670246  0.808466  0.706622  0.669062  0.726480  0.806372  0.738370  0.800725  0.723248  0.781941  0.686282  0.755013  0.860103  0.796435  0.798498  0.542835  0.567136  0.741110  0.776211  0.676494  0.655336  0.731080  0.380355  0.445826  0.644940  0.811765  0.782681  0.639334  0.633932  0.731678  0.725573  0.459178  0.434374 
1  0.633732 0.0  0.734890  0.470166  0.705431  0.716676  0.648661  0.696314  0.715179  0.703262  0.726867  0.821726  0.738713  0.752041  0.614185  0.491892  0.728769  0.756667  0.823190  0.802598  0.797538  0.842428  0.702419  0.725701  0.564366  0.754050  0.767832  0.753695  0.756004  0.730980  0.773173  0.768508  0.814205  0.681755  0.781989  0.794222  0.790665  0.661376  0.749482  0.743677  0.777267  0.702361  0.570313  0.758921  0.756948  0.797091  0.586231  0.724937  0.707254  0.690817  0.857993  0.761977  0.644918  0.656583  0.840917  0.795348  0.720719  0.705225  0.774390  0.800085  0.795728  0.791479 
2  0.516975  0.734890 0.0  0.675401  0.800170  0.666333  0.663464  0.737784  0.571423  0.684254  0.801491  0.828551  0.771197  0.746772  0.586352  0.652211  0.528963  0.545149  0.634641  0.557778  0.740105  0.704718  0.790550  0.819030  0.680712  0.791453  0.678379  0.762650  0.501995  0.804609  0.834476  0.816569  0.678426  0.789797  0.754129  0.819560  0.761767  0.823140  0.751052  0.757165  0.704730  0.783437  0.795567  0.721470  0.526925  0.727469  0.924560  0.776232  0.790142  0.511431  0.863979  0.420199  0.408629  0.649504  0.807808  0.760346  0.583142  0.536121  0.842643  0.853642  0.393058  0.625871 
3  0.848397  0.470166  0.675401 0.0  0.747901  0.609717  0.542492  0.682201  0.568228  0.754252  0.790085  0.731548  0.812808  0.679656  0.710410  0.616177  0.723544  0.785689  0.748324  0.682175  0.853590  0.769588  0.880194  0.805723  0.689284  0.744576  0.694419  0.846724  0.754855  0.708542  0.828839  0.739699  0.779311  0.714318  0.623196  0.829298  0.837005  0.784433  0.803297  0.791333  0.709692  0.871358  0.558165  0.855537  0.696389  0.799271  0.775237  0.803480  0.750830  0.712633  0.672549  0.784394  0.697193  0.733994  0.818037  0.770345  0.656220  0.678623  0.716600  0.712756  0.712837  0.726716 
4  0.833614  0.705431  0.800170  0.747901 0.0  0.842905  0.891905  0.842023  0.770754  0.696347  0.730336  0.715891  0.899251  0.605537  0.738328  0.713134  0.703940  0.683321  0.816507  0.717982  0.391401  0.430542  0.469037  0.531746  0.847633  0.577534  0.824930  0.783890  0.791060  0.591452  0.448398  0.539732  0.613774  0.426366  0.586905  0.677125  0.550881  0.587485  0.493263  0.445606  0.495975  0.321558  0.814013  0.578360  0.836717  0.754183  0.422972  0.357125  0.561317  0.761988  0.364044  0.742074  0.666910  0.844295  0.304586  0.463196  0.781587  0.733784  0.703956  0.610107  0.731653  0.756560 
5  0.779827  0.716676  0.666333  0.609717  0.842905 0.0  0.492416  0.623334  0.672436  0.806040  0.885750  0.911869  0.862685  0.724081  0.839325  0.671816  0.776169  0.695906  0.696409  0.776938  0.865473  0.797892  0.863443  0.763972  0.621205  0.724558  0.813505  0.813968  0.750141  0.801477  0.813146  0.933756  0.729382  0.813874  0.840938  0.804973  0.870063  0.680698  0.801866  0.773138  0.815172  0.802227  0.668168  0.892515  0.797169  0.698154  0.761860  0.861601  0.795732  0.680088  0.743802  0.637123  0.731237  0.706274  0.813860  0.939883  0.562781  0.722939  0.810816  0.787768  0.637544  0.771789 
6  0.845584  0.648661  0.663464  0.542492  0.891905  0.492416 0.0  0.579837  0.721861  0.787296  0.723353  0.849717  0.835954  0.816930  0.669195  0.593440  0.772581  0.887864  0.712503  0.704572  0.767587  0.840920  0.830128  0.782182  0.710662  0.785065  0.761703  0.803514  0.765581  0.801952  0.768877  0.873513  0.898352  0.781571  0.778119  0.809938  0.777838  0.849009  0.787825  0.753372  0.752637  0.799793  0.687910  0.830745  0.709690  0.752250  1.000000  0.738516  0.841900  0.760131  0.914670  0.690060  0.678310  0.719856  0.827215  0.720855  0.654999  0.744648  0.794441  0.798151  0.746120  0.741734 
7  0.658828  0.696314  0.737784  0.682201  0.842023  0.623334  0.579837 0.0  0.700830  0.833980  0.814671  0.815845  0.827381  0.904408  0.712848  0.692989  0.839124  0.685565  0.829624  0.710618  0.805692  0.748133  0.768636  0.768002  0.684078  0.799683  0.853153  0.773542  0.692402  0.793330  0.840807  0.843007  0.806458  0.800378  0.710100  0.820910  0.815836  0.772903  0.820444  0.737551  0.859012  0.746122  0.645775  0.780910  0.699083  0.719438  0.843717  0.858895  0.750947  0.749278  0.809962  0.669605  0.709610  0.827851  0.823294  0.734156  0.622204  0.682660  0.691037  0.739510  0.683101  0.749495 
8  0.556089  0.715179  0.571423  0.568228  0.770754  0.672436  0.721861  0.700830 0.0  0.615822  0.823255  0.936165  0.673700  0.844972  0.679547  0.551649  0.685823  0.570578  0.609133  0.639079  0.632601  0.811023  0.711927  0.744310  0.745244  0.811918  0.713142  0.740635  0.652474  0.725915  0.726161  0.636202  0.725082  0.798776  0.809118  0.669450  0.755075  0.862378  0.722708  0.792841  0.663263  0.716100  0.622774  0.725617  0.641509  0.764631  0.912165  0.705271  0.705226  0.684130  0.746875  0.581880  0.636586  0.769848  0.635273  0.878311  0.479477  0.502094  0.864373  0.815596  0.536634  0.658387 
9  0.749239  0.703262  0.684254  0.754252  0.696347  0.806040  0.787296  0.833980  0.615822 0.0  0.767332  0.803694  0.724408  0.527434  0.757161  0.805289  0.682367  0.636337  0.673392  0.650215  0.606367  0.493849  0.726639  0.450000  0.716696  0.563268  0.758697  0.746841  0.722453  0.471256  0.585727  0.479281  0.410662  0.537599  0.466148  0.482967  0.526682  0.487945  0.646225  0.608642  0.551639  0.575567  0.823185  0.537209  0.759644  0.776852  0.643567  0.527057  0.481462  0.729941  0.637147  0.805141  0.627407  0.770615  0.690088  0.617526  0.804716  0.815352  0.598589  0.531446  0.654555  0.646668 
10  0.830260  0.726867  0.801491  0.790085  0.730336  0.885750  0.723353  0.814671  0.823255  0.767332 0.0  0.388148  0.873308  0.715655  0.835192  0.772171  0.736268  0.844160  0.844229  0.847807  0.827872  0.769233  0.726874  0.789549  0.795385  0.826747  0.824737  0.653677  0.834695  0.888998  0.775758  0.732243  0.837478  0.758477  0.715159  0.774249  0.789090  0.815560  0.805997  0.823342  0.747540  0.782243  0.891460  0.739437  0.811836  0.792274  0.740093  0.762644  0.757997  0.964693  0.701994  0.842891  0.816919  0.846946  0.730223  0.742857  0.870017  0.766623  0.676960  0.779915  0.731469  0.854235 
11  0.796150  0.821726  0.828551  0.731548  0.715891  0.911869  0.849717  0.815845  0.936165  0.803694  0.388148 0.0  0.930284  0.863266  0.860634  0.762767  0.739813  0.812775  0.780376  0.860553  0.778032  0.692874  0.711835  0.789570  0.783018  0.792872  0.908388  0.658021  0.761914  0.832102  0.636835  0.803584  0.703925  0.680738  0.802402  0.725562  0.752427  0.761472  0.778431  0.690915  0.709238  0.766921  0.719577  0.732795  0.865944  0.861572  0.644901  0.857580  0.752458  0.840639  0.745220  0.742529  0.834292  0.884361  0.815851  0.720992  0.792461  0.820476  0.649914  0.799625  0.835122  0.740169 
12  0.703276  0.738713  0.771197  0.812808  0.899251  0.862685  0.835954  0.827381  0.673700  0.724408  0.873308  0.930284 0.0  0.692780  0.702307  0.842785  0.611566  0.668711  0.739911  0.638094  0.828634  0.813212  0.871712  0.722049  0.900106  0.750394  0.359120  0.743741  0.641385  0.783493  0.817580  0.642050  0.740739  0.685271  0.820333  0.714823  0.822664  0.773377  0.626935  0.693317  0.770899  0.704841  0.815856  0.814389  0.762985  0.520218  0.768979  0.689982  0.895448  0.718533  0.746432  0.668025  0.698154  0.729146  0.681625  0.746649  0.687732  0.696917  0.890001  0.748054  0.603669  0.666418 
13  0.724411  0.752041  0.746772  0.679656  0.605537  0.724081  0.816930  0.904408  0.844972  0.527434  0.715655  0.863266  0.692780 0.0  0.804535  0.728483  0.707007  0.795669  0.690111  0.679672  0.688077  0.554386  0.545733  0.307186  0.814431  0.496686  0.697961  0.726641  0.704110  0.468394  0.579260  0.375263  0.612385  0.377426  0.502069  0.503069  0.400125  0.449623  0.466304  0.346653  0.404298  0.562215  0.769600  0.557294  0.776213  0.748408  0.556489  0.542340  0.420741  0.769181  0.622929  0.837017  0.806926  0.720374  0.568921  0.457394  0.708967  0.694837  0.710792  0.455521  0.617987  0.801801 
14  0.515672  0.614185  0.586352  0.710410  0.738328  0.839325  0.669195  0.712848  0.679547  0.757161  0.835192  0.860634  0.702307  0.804535 0.0  0.579187  0.624958  0.638672  0.423981  0.387386  0.674814  0.741916  0.713055  0.759002  0.677511  0.740642  0.641405  0.822521  0.427739  0.596628  0.721291  0.840887  0.720213  0.740969  0.774481  0.766669  0.777018  0.677537  0.720119  0.771189  0.775996  0.725655  0.708040  0.830734  0.449774  0.666388  0.757523  0.722823  0.717434  0.724775  0.882391  0.395560  0.304382  0.645189  0.928212  0.672535  0.555964  0.522274  0.845909  0.704752  0.401975  0.556103 
15  0.710042  0.491892  0.652211  0.616177  0.713134  0.671816  0.593440  0.692989  0.551649  0.805289  0.772171  0.762767  0.842785  0.728483  0.579187 0.0  0.809434  0.621793  0.665508  0.642122  0.787497  0.698540  0.738041  0.740612  0.573607  0.745820  0.770202  0.736551  0.681381  0.688848  0.775007  0.699744  0.687520  0.704737  0.720130  0.842196  0.748879  0.739807  0.716634  0.840063  0.698518  0.709423  0.719210  0.811748  0.708359  0.700934  0.836786  0.820676  0.723956  0.754415  0.791241  0.762212  0.711952  0.837698  0.685584  0.752427  0.594772  0.660524  0.760530  0.759863  0.738880  0.784932 
16  0.222773  0.728769  0.528963  0.723544  0.703940  0.776169  0.772581  0.839124  0.685823  0.682367  0.736268  0.739813  0.611566  0.707007  0.624958  0.809434 0.0  0.319992  0.569157  0.483329  0.785636  0.761317  0.827282  0.894045  0.766987  0.814889  0.664180  0.870623  0.632824  0.634900  0.643661  0.737436  0.755730  0.681211  0.742271  0.769360  0.775627  0.786872  0.698438  0.751815  0.789171  0.836303  0.966710  0.826418  0.531449  0.738518  0.857636  0.737710  0.761331  0.662994  0.873544  0.559627  0.535007  0.592892  0.801003  0.746633  0.695899  0.616235  0.806121  0.754787  0.451982  0.365332 
17  0.409746  0.756667  0.545149  0.785689  0.683321  0.695906  0.887864  0.685565  0.570578  0.636337  0.844160  0.812775  0.668711  0.795669  0.638672  0.621793  0.319992 0.0  0.322040  0.388677  0.665207  0.816483  0.845888  0.715126  0.840286  0.716692  0.479560  0.857182  0.591704  0.738823  0.787905  0.674946  0.692326  0.822730  0.650202  0.719858  0.683388  0.750900  0.800535  0.702450  0.703778  0.745705  0.604056  0.813001  0.551280  0.555715  0.720592  0.758803  0.753956  0.621159  0.725838  0.559956  0.444075  0.637332  0.804438  0.817012  0.629485  0.580106  0.839099  0.647992  0.452717  0.424970 
18  0.335146  0.823190  0.634641  0.748324  0.816507  0.696409  0.712503  0.829624  0.609133  0.673392  0.844229  0.780376  0.739911  0.690111  0.423981  0.665508  0.569157  0.322040 0.0  0.461345  0.783856  0.629753  0.776650  0.777837  0.710059  0.744588  0.559620  0.836497  0.597391  0.632405  0.777479  0.682598  0.798834  0.733963  0.679750  0.699739  0.720219  0.703026  0.646934  0.775447  0.721434  0.817153  0.673817  0.781325  0.536092  0.691735  0.773319  0.763870  0.764038  0.663834  0.835073  0.465600  0.496302  0.556742  0.740838  0.771260  0.821597  0.606979  0.789090  0.808719  0.275877  0.267120 
19  0.371937  0.802598  0.557778  0.682175  0.717982  0.776938  0.704572  0.710618  0.639079  0.650215  0.847807  0.860553  0.638094  0.679672  0.387386  0.642122  0.483329  0.388677  0.461345 0.0  0.683309  0.720124  0.814872  0.771212  0.833311  0.729219  0.634557  0.740644  0.623679  0.677901  0.802297  0.739856  0.761079  0.797857  0.800625  0.723257  0.849852  0.718124  0.792888  0.727903  0.805340  0.712206  0.782977  0.801638  0.630697  0.668721  0.784823  0.773501  0.721956  0.634218  0.818480  0.472993  0.481906  0.696016  0.770318  0.751097  0.600960  0.619939  0.806656  0.706247  0.472464  0.357715 
20  0.696077  0.797538  0.740105  0.853590  0.391401  0.865473  0.767587  0.805692  0.632601  0.606367  0.827872  0.778032  0.828634  0.688077  0.674814  0.787497  0.785636  0.665207  0.783856  0.683309 0.0  0.479066  0.649754  0.544122  0.633687  0.508516  0.825544  0.805579  0.781166  0.569250  0.533694  0.482732  0.600311  0.477738  0.538615  0.627902  0.690547  0.575803  0.537007  0.588192  0.483274  0.412446  0.824045  0.585560  0.823480  0.764520  0.390731  0.474939  0.611040  0.762317  0.441987  0.760581  0.747756  0.809015  0.444474  0.425304  0.787757  0.751913  0.719049  0.519188  0.708659  0.745051 
21  0.689987  0.842428  0.704718  0.769588  0.430542  0.797892  0.840920  0.748133  0.811023  0.493849  0.769233  0.692874  0.813212  0.554386  0.741916  0.698540  0.761317  0.816483  0.629753  0.720124  0.479066 0.0  0.636796  0.403080  0.688408  0.171658  0.758210  0.859314  0.549270  0.475507  0.454652  0.473154  0.578282  0.299437  0.484227  0.458694  0.302393  0.431506  0.386827  0.287606  0.332229  0.578097  0.780010  0.481610  0.762790  0.868225  0.542744  0.511488  0.419960  0.785951  0.457513  0.709721  0.847964  0.785422  0.407181  0.448527  0.831291  0.695044  0.781056  0.308681  0.716853  0.794004 
22  0.848324  0.702419  0.790550  0.880194  0.469037  0.863443  0.830128  0.768636  0.711927  0.726639  0.726874  0.711835  0.871712  0.545733  0.713055  0.738041  0.827282  0.845888  0.776650  0.814872  0.649754  0.636796 0.0  0.570205  0.772452  0.596014  0.879923  0.770605  0.847960  0.605138  0.536242  0.648095  0.620813  0.620207  0.481859  0.557945  0.561925  0.607561  0.642805  0.638901  0.561945  0.430046  0.811589  0.515381  0.855713  0.717094  0.550107  0.473983  0.745273  0.769918  0.403490  0.833880  0.849801  0.733307  0.604770  0.554108  0.742414  0.819920  0.705449  0.695933  0.819313  0.785466 
23  0.781814  0.725701  0.819030  0.805723  0.531746  0.763972  0.782182  0.768002  0.744310  0.450000  0.789549  0.789570  0.722049  0.307186  0.759002  0.740612  0.894045  0.715126  0.777837  0.771212  0.544122  0.403080  0.570205 0.0  0.699895  0.372673  0.908823  0.776968  0.740064  0.554227  0.438116  0.423629  0.435179  0.300812  0.352017  0.476250  0.289904  0.392951  0.173074  0.550383  0.435364  0.659292  0.697475  0.471421  0.663844  0.811145  0.490407  0.519488  0.422897  0.649365  0.590157  0.671399  0.784933  0.889442  0.536735  0.325097  0.786073  0.764583  0.719486  0.242076  0.791605  0.789984 
24  0.769334  0.564366  0.680712  0.689284  0.847633  0.621205  0.710662  0.684078  0.745244  0.716696  0.795385  0.783018  0.900106  0.814431  0.677511  0.573607  0.766987  0.840286  0.710059  0.833311  0.633687  0.688408  0.772452  0.699895 0.0  0.798968  0.764838  0.883990  0.713687  0.727344  0.787818  0.776467  0.721077  0.781483  0.740498  0.742987  0.802797  0.827800  0.831781  0.717735  0.704209  0.767583  0.163896  0.845181  0.777191  0.793799  0.761246  0.837014  0.721143  0.717328  0.740272  0.829622  0.724319  0.787115  0.777624  0.827364  0.696668  0.675706  0.849998  0.747583  0.778257  0.755484 
25  0.727871  0.754050  0.791453  0.744576  0.577534  0.724558  0.785065  0.799683  0.811918  0.563268  0.826747  0.792872  0.750394  0.496686  0.740642  0.745820  0.814889  0.716692  0.744588  0.729219  0.508516  0.171658  0.596014  0.372673  0.798968 0.0  0.765438  0.666107  0.749217  0.433578  0.444733  0.303157  0.402427  0.347351  0.445081  0.366331  0.282316  0.408166  0.375662  0.158564  0.501863  0.478863  0.764154  0.655287  0.766142  0.777376  0.588326  0.587981  0.293084  0.712254  0.626023  0.740023  0.697705  0.752809  0.430050  0.412363  0.718909  0.812422  0.645570  0.272475  0.575947  0.706212 
26  0.688216  0.767832  0.678379  0.694419  0.824930  0.813505  0.761703  0.853153  0.713142  0.758697  0.824737  0.908388  0.359120  0.697961  0.641405  0.770202  0.664180  0.479560  0.559620  0.634557  0.825544  0.758210  0.879923  0.908823  0.764838  0.765438 0.0  0.825687  0.739706  0.678360  0.792784  0.795623  0.712335  0.732127  0.799952  0.830633  0.721660  0.875454  0.770501  0.742187  0.749866  0.753483  0.882541  0.776787  0.775438  0.562757  0.961256  0.810871  0.750330  0.620056  0.741209  0.670266  0.754226  0.707499  0.867116  0.889726  0.914741  0.726128  0.842355  0.746159  0.582492  0.716950 
27  0.696531  0.753695  0.762650  0.846724  0.783890  0.813968  0.803514  0.773542  0.740635  0.746841  0.653677  0.658021  0.743741  0.726641  0.822521  0.736551  0.870623  0.857182  0.836497  0.740644  0.805579  0.859314  0.770605  0.776968  0.883990  0.666107  0.825687 0.0  0.836474  0.833618  0.741284  0.853888  0.731621  0.708452  0.728206  0.814583  0.676777  0.733548  0.772869  0.746427  0.810263  0.942900  0.621088  0.658346  0.851920  0.867447  0.736356  0.782177  0.720157  0.790136  0.747339  0.864888  0.935815  0.709520  0.838537  0.728550  0.825095  0.906892  0.709866  0.764704  0.804749  0.868836 
28  0.559180  0.756004  0.501995  0.754855  0.791060  0.750141  0.765581  0.692402  0.652474  0.722453  0.834695  0.761914  0.641385  0.704110  0.427739  0.681381  0.632824  0.591704  0.597391  0.623679  0.781166  0.549270  0.847960  0.740064  0.713687  0.749217  0.739706  0.836474 0.0  0.694875  0.819566  0.691789  0.726170  0.742037  0.680261  0.726270  0.731686  0.711551  0.856384  0.643771  0.814374  0.826968  0.796918  0.731776  0.533056  0.645179  0.738639  0.758551  0.754460  0.578952  0.809987  0.643747  0.496123  0.676774  0.745249  0.758957  0.451347  0.407777  0.902521  0.635248  0.505492  0.623725 
29  0.670246  0.730980  0.804609  0.708542  0.591452  0.801477  0.801952  0.793330  0.725915  0.471256  0.888998  0.832102  0.783493  0.468394  0.596628  0.688848  0.634900  0.738823  0.632405  0.677901  0.569250  0.475507  0.605138  0.554227  0.727344  0.433578  0.678360  0.833618  0.694875 0.0  0.449562  0.457400  0.193733  0.545993  0.384833  0.279394  0.454429  0.320340  0.437182  0.367634  0.498470  0.655038  0.849958  0.550527  0.840824  0.777716  0.507774  0.561213  0.386187  0.749311  0.544755  0.854017  0.686195  0.810824  0.465912  0.484313  0.788858  0.808718  0.664509  0.385311  0.704050  0.743097 
30  0.808466  0.773173  0.834476  0.828839  0.448398  0.813146  0.768877  0.840807  0.726161  0.585727  0.775758  0.636835  0.817580  0.579260  0.721291  0.775007  0.643661  0.787905  0.777479  0.802297  0.533694  0.454652  0.536242  0.438116  0.787818  0.444733  0.792784  0.741284  0.819566  0.449562 0.0  0.468892  0.474705  0.471954  0.551266  0.424737  0.509742  0.492539  0.455755  0.341410  0.375139  0.510999  0.896084  0.355973  0.747876  0.798541  0.447150  0.331728  0.336015  0.782146  0.601504  0.705452  0.764640  0.794893  0.235501  0.301364  0.781004  0.802030  0.815877  0.432818  0.735206  0.812629 
31  0.706622  0.768508  0.816569  0.739699  0.539732  0.933756  0.873513  0.843007  0.636202  0.479281  0.732243  0.803584  0.642050  0.375263  0.840887  0.699744  0.737436  0.674946  0.682598  0.739856  0.482732  0.473154  0.648095  0.423629  0.776467  0.303157  0.795623  0.853888  0.691789  0.457400  0.468892 0.0  0.458255  0.380355  0.489274  0.329576  0.426016  0.326265  0.282299  0.320528  0.426482  0.492533  0.784053  0.593373  0.816814  0.758577  0.496730  0.480019  0.265847  0.850027  0.548010  0.824638  0.788697  0.896631  0.523215  0.427976  0.690634  0.710078  0.705276  0.315549  0.743611  0.778502 
32  0.669062  0.814205  0.678426  0.779311  0.613774  0.729382  0.898352  0.806458  0.725082  0.410662  0.837478  0.703925  0.740739  0.612385  0.720213  0.687520  0.755730  0.692326  0.798834  0.761079  0.600311  0.578282  0.620813  0.435179  0.721077  0.402427  0.712335  0.731621  0.726170  0.193733  0.474705  0.458255 0.0  0.520723  0.424530  0.360621  0.493836  0.400558  0.522014  0.445156  0.531666  0.598866  0.790691  0.560552  0.714277  0.788574  0.600125  0.560443  0.454784  0.709428  0.590136  0.724840  0.751480  0.819541  0.499911  0.595536  0.765625  0.796775  0.704218  0.378657  0.677711  0.778591 
33  0.726480  0.681755  0.789797  0.714318  0.426366  0.813874  0.781571  0.800378  0.798776  0.537599  0.758477  0.680738  0.685271  0.377426  0.740969  0.704737  0.681211  0.822730  0.733963  0.797857  0.477738  0.299437  0.620207  0.300812  0.781483  0.347351  0.732127  0.708452  0.742037  0.545993  0.471954  0.380355  0.520723 0.0  0.429768  0.390002  0.265531  0.390728  0.120271  0.343990  0.362185  0.579339  0.771306  0.498793  0.743645  0.809232  0.505101  0.548923  0.360143  0.802319  0.545554  0.690545  0.822255  0.754505  0.359307  0.360831  0.705214  0.742146  0.836680  0.229928  0.697407  0.745112 
34  0.806372  0.781989  0.754129  0.623196  0.586905  0.840938  0.778119  0.710100  0.809118  0.466148  0.715159  0.802402  0.820333  0.502069  0.774481  0.720130  0.742271  0.650202  0.679750  0.800625  0.538615  0.484227  0.481859  0.352017  0.740498  0.445081  0.799952  0.728206  0.680261  0.384833  0.551266  0.489274  0.424530  0.429768 0.0  0.087074  0.436740  0.352601  0.331024  0.478114  0.458895  0.587878  0.839839  0.546971  0.826577  0.608742  0.511202  0.544315  0.394568  0.721400  0.612081  0.718466  0.749005  0.783114  0.472689  0.624522  0.866076  0.711799  0.817251  0.300788  0.724887  0.725044 
35  0.738370  0.794222  0.819560  0.829298  0.677125  0.804973  0.809938  0.820910  0.669450  0.482967  0.774249  0.725562  0.714823  0.503069  0.766669  0.842196  0.769360  0.719858  0.699739  0.723257  0.627902  0.458694  0.557945  0.476250  0.742987  0.366331  0.830633  0.814583  0.726270  0.279394  0.424737  0.329576  0.360621  0.390002  0.087074 0.0  0.473171  0.315844  0.532704  0.378528  0.563261  0.596455  0.758216  0.545219  0.729664  0.737260  0.551130  0.498778  0.392002  0.752633  0.549620  0.760697  0.739216  0.835023  0.618573  0.472947  0.874897  0.663548  0.708715  0.515002  0.747403  0.662921 
36  0.800725  0.790665  0.761767  0.837005  0.550881  0.870063  0.777838  0.815836  0.755075  0.526682  0.789090  0.752427  0.822664  0.400125  0.777018  0.748879  0.775627  0.683388  0.720219  0.849852  0.690547  0.302393  0.561925  0.289904  0.802797  0.282316  0.721660  0.676777  0.731686  0.454429  0.509742  0.426016  0.493836  0.265531  0.436740  0.473171 0.0  0.256932  0.325587  0.306438  0.311712  0.657182  0.801362  0.471714  0.834983  0.732631  0.564168  0.593227  0.089938  0.712315  0.611715  0.715434  0.720205  0.724952  0.510474  0.414949  0.782495  0.685537  0.733158  0.112198  0.672802  0.767939 
37  0.723248  0.661376  0.823140  0.784433  0.587485  0.680698  0.849009  0.772903  0.862378  0.487945  0.815560  0.761472  0.773377  0.449623  0.677537  0.739807  0.786872  0.750900  0.703026  0.718124  0.575803  0.431506  0.607561  0.392951  0.827800  0.408166  0.875454  0.733548  0.711551  0.320340  0.492539  0.326265  0.400558  0.390728  0.352601  0.315844  0.256932 0.0  0.339259  0.310336  0.361631  0.633973  0.758073  0.491198  0.700362  0.763617  0.531324  0.627923  0.405041  0.742692  0.539886  0.658652  0.670394  0.814627  0.527801  0.566822  0.698467  0.732774  0.770979  0.299473  0.719505  0.764444 
38  0.781941  0.749482  0.751052  0.803297  0.493263  0.801866  0.787825  0.820444  0.722708  0.646225  0.805997  0.778431  0.626935  0.466304  0.720119  0.716634  0.698438  0.800535  0.646934  0.792888  0.537007  0.386827  0.642805  0.173074  0.831781  0.375662  0.770501  0.772869  0.856384  0.437182  0.455755  0.282299  0.522014  0.120271  0.331024  0.532704  0.325587  0.339259 0.0  0.383027  0.379656  0.579963  0.771303  0.508504  0.903862  0.897157  0.601314  0.488480  0.428635  0.788585  0.553695  0.690925  0.721045  0.806116  0.441557  0.347688  0.697749  0.705567  0.600520  0.347643  0.742696  0.715741 
39  0.686282  0.743677  0.757165  0.791333  0.445606  0.773138  0.753372  0.737551  0.792841  0.608642  0.823342  0.690915  0.693317  0.346653  0.771189  0.840063  0.751815  0.702450  0.775447  0.727903  0.588192  0.287606  0.638901  0.550383  0.717735  0.158564  0.742187  0.746427  0.643771  0.367634  0.341410  0.320528  0.445156  0.343990  0.478114  0.378528  0.306438  0.310336  0.383027 0.0  0.392905  0.573076  0.775107  0.503913  0.742631  0.776982  0.491080  0.437958  0.148353  0.776127  0.497534  0.815451  0.791893  0.811536  0.516305  0.408021  0.695582  0.721754  0.782425  0.235364  0.722014  0.740414 
40  0.755013  0.777267  0.704730  0.709692  0.495975  0.815172  0.752637  0.859012  0.663263  0.551639  0.747540  0.709238  0.770899  0.404298  0.775996  0.698518  0.789171  0.703778  0.721434  0.805340  0.483274  0.332229  0.561945  0.435364  0.704209  0.501863  0.749866  0.810263  0.814374  0.498470  0.375139  0.426482  0.531666  0.362185  0.458895  0.563261  0.311712  0.361631  0.379656  0.392905 0.0  0.532011  0.827399  0.482748  0.748176  0.831840  0.460533  0.329276  0.329000  0.731388  0.449081  0.748267  0.758000  0.686067  0.501804  0.357758  0.712378  0.664346  0.790801  0.309817  0.804755  0.763181 
41  0.860103  0.702361  0.783437  0.871358  0.321558  0.802227  0.799793  0.746122  0.716100  0.575567  0.782243  0.766921  0.704841  0.562215  0.725655  0.709423  0.836303  0.745705  0.817153  0.712206  0.412446  0.578097  0.430046  0.659292  0.767583  0.478863  0.753483  0.942900  0.826968  0.655038  0.510999  0.492533  0.598866  0.579339  0.587878  0.596455  0.657182  0.633973  0.579963  0.573076  0.532011 0.0  0.692211  0.438379  0.842240  0.857200  0.365156  0.551088  0.550165  0.753440  0.263359  0.773914  0.707679  0.793469  0.519419  0.539766  0.871366  0.740645  0.668472  0.519930  0.747675  0.751272 
42  0.796435  0.570313  0.795567  0.558165  0.814013  0.668168  0.687910  0.645775  0.622774  0.823185  0.891460  0.719577  0.815856  0.769600  0.708040  0.719210  0.966710  0.604056  0.673817  0.782977  0.824045  0.780010  0.811589  0.697475  0.163896  0.764154  0.882541  0.621088  0.796918  0.849958  0.896084  0.784053  0.790691  0.771306  0.839839  0.758216  0.801362  0.758073  0.771303  0.775107  0.827399  0.692211 0.0  0.761847  0.667564  0.798381  0.741955  0.683902  0.769357  0.709501  0.686157  0.761816  0.749383  0.775265  0.706270  0.838054  0.661654  0.683974  0.822907  0.719875  0.719136  0.757714 
43  0.798498  0.758921  0.721470  0.855537  0.578360  0.892515  0.830745  0.780910  0.725617  0.537209  0.739437  0.732795  0.814389  0.557294  0.830734  0.811748  0.826418  0.813001  0.781325  0.801638  0.585560  0.481610  0.515381  0.471421  0.845181  0.655287  0.776787  0.658346  0.731776  0.550527  0.355973  0.593373  0.560552  0.498793  0.546971  0.545219  0.471714  0.491198  0.508504  0.503913  0.482748  0.438379  0.761847 0.0  0.768256  0.789202  0.453844  0.493067  0.494616  0.883093  0.556365  0.776023  0.836298  0.758920  0.549033  0.327640  0.774897  0.749592  0.741846  0.475248  0.737370  0.674530 
44  0.542835  0.756948  0.526925  0.696389  0.836717  0.797169  0.709690  0.699083  0.641509  0.759644  0.811836  0.865944  0.762985  0.776213  0.449774  0.708359  0.531449  0.551280  0.536092  0.630697  0.823480  0.762790  0.855713  0.663844  0.777191  0.766142  0.775438  0.851920  0.533056  0.840824  0.747876  0.816814  0.714277  0.743645  0.826577  0.729664  0.834983  0.700362  0.903862  0.742631  0.748176  0.842240  0.667564  0.768256 0.0  0.643126  0.867326  0.854475  0.799243  0.453040  0.731086  0.440353  0.406368  0.514836  0.823572  0.847634  0.617358  0.541667  0.756195  0.766239  0.532070  0.544678 
45  0.567136  0.797091  0.727469  0.799271  0.754183  0.698154  0.752250  0.719438  0.764631  0.776852  0.792274  0.861572  0.520218  0.748408  0.666388  0.700934  0.738518  0.555715  0.691735  0.668721  0.764520  0.868225  0.717094  0.811145  0.793799  0.777376  0.562757  0.867447  0.645179  0.777716  0.798541  0.758577  0.788574  0.809232  0.608742  0.737260  0.732631  0.763617  0.897157  0.776982  0.831840  0.857200  0.798381  0.789202  0.643126 0.0  0.773001  0.875080  0.716642  0.647807  0.730392  0.599020  0.673596  0.583094  0.767471  0.831690  0.765344  0.720017  0.882282  0.725776  0.627003  0.666772 
46  0.741110  0.586231  0.924560  0.775237  0.422972  0.761860  1.000000  0.843717  0.912165  0.643567  0.740093  0.644901  0.768979  0.556489  0.757523  0.836786  0.857636  0.720592  0.773319  0.784823  0.390731  0.542744  0.550107  0.490407  0.761246  0.588326  0.961256  0.736356  0.738639  0.507774  0.447150  0.496730  0.600125  0.505101  0.511202  0.551130  0.564168  0.531324  0.601314  0.491080  0.460533  0.365156  0.741955  0.453844  0.867326  0.773001 0.0  0.549794  0.576870  0.766859  0.380881  0.704224  0.786717  0.758299  0.473748  0.476448  0.828715  0.755127  0.830830  0.465934  0.731615  0.728368 
47  0.776211  0.724937  0.776232  0.803480  0.357125  0.861601  0.738516  0.858895  0.705271  0.527057  0.762644  0.857580  0.689982  0.542340  0.722823  0.820676  0.737710  0.758803  0.763870  0.773501  0.474939  0.511488  0.473983  0.519488  0.837014  0.587981  0.810871  0.782177  0.758551  0.561213  0.331728  0.480019  0.560443  0.548923  0.544315  0.498778  0.593227  0.627923  0.488480  0.437958  0.329276  0.551088  0.683902  0.493067  0.854475  0.875080  0.549794 0.0  0.490432  0.820310  0.517996  0.649650  0.798565  0.807127  0.234685  0.453648  0.737494  0.734462  0.651599  0.518843  0.765278  0.738395 
48  0.676494  0.707254  0.790142  0.750830  0.561317  0.795732  0.841900  0.750947  0.705226  0.481462  0.757997  0.752458  0.895448  0.420741  0.717434  0.723956  0.761331  0.753956  0.764038  0.721956  0.611040  0.419960  0.745273  0.422897  0.721143  0.293084  0.750330  0.720157  0.754460  0.386187  0.336015  0.265847  0.454784  0.360143  0.394568  0.392002  0.089938  0.405041  0.428635  0.148353  0.329000  0.550165  0.769357  0.494616  0.799243  0.716642  0.576870  0.490432 0.0  0.698159  0.532700  0.760825  0.726069  0.839641  0.399173  0.435093  0.683157  0.747097  0.687620  0.000000  0.762687  0.673958 
49  0.655336  0.690817  0.511431  0.712633  0.761988  0.680088  0.760131  0.749278  0.684130  0.729941  0.964693  0.840639  0.718533  0.769181  0.724775  0.754415  0.662994  0.621159  0.663834  0.634218  0.762317  0.785951  0.769918  0.649365  0.717328  0.712254  0.620056  0.790136  0.578952  0.749311  0.782146  0.850027  0.709428  0.802319  0.721400  0.752633  0.712315  0.742692  0.788585  0.776127  0.731388  0.753440  0.709501  0.883093  0.453040  0.647807  0.766859  0.820310  0.698159 0.0  0.907992  0.663487  0.550875  0.649031  0.673605  0.700602  0.549259  0.499199  0.896339  0.769323  0.586083  0.606061 
50  0.731080  0.857993  0.863979  0.672549  0.364044  0.743802  0.914670  0.809962  0.746875  0.637147  0.701994  0.745220  0.746432  0.622929  0.882391  0.791241  0.873544  0.725838  0.835073  0.818480  0.441987  0.457513  0.403490  0.590157  0.740272  0.626023  0.741209  0.747339  0.809987  0.544755  0.601504  0.548010  0.590136  0.545554  0.612081  0.549620  0.611715  0.539886  0.553695  0.497534  0.449081  0.263359  0.686157  0.556365  0.731086  0.730392  0.380881  0.517996  0.532700  0.907992 0.0  0.827440  0.668800  0.735310  0.454006  0.538727  0.777022  0.697852  0.693652  0.564142  0.699532  0.698267 
51  0.380355  0.761977  0.420199  0.784394  0.742074  0.637123  0.690060  0.669605  0.581880  0.805141  0.842891  0.742529  0.668025  0.837017  0.395560  0.762212  0.559627  0.559956  0.465600  0.472993  0.760581  0.709721  0.833880  0.671399  0.829622  0.740023  0.670266  0.864888  0.643747  0.854017  0.705452  0.824638  0.724840  0.690545  0.718466  0.760697  0.715434  0.658652  0.690925  0.815451  0.748267  0.773914  0.761816  0.776023  0.440353  0.599020  0.704224  0.649650  0.760825  0.663487  0.827440 0.0  0.447243  0.628662  0.850997  0.792130  0.759654  0.598534  0.778105  0.758706  0.306363  0.319786 
52  0.445826  0.644918  0.408629  0.697193  0.666910  0.731237  0.678310  0.709610  0.636586  0.627407  0.816919  0.834292  0.698154  0.806926  0.304382  0.711952  0.535007  0.444075  0.496302  0.481906  0.747756  0.847964  0.849801  0.784933  0.724319  0.697705  0.754226  0.935815  0.496123  0.686195  0.764640  0.788697  0.751480  0.822255  0.749005  0.739216  0.720205  0.670394  0.721045  0.791893  0.758000  0.707679  0.749383  0.836298  0.406368  0.673596  0.786717  0.798565  0.726069  0.550875  0.668800  0.447243 0.0  0.636042  0.818747  0.751925  0.735136  0.555609  0.809792  0.736456  0.433304  0.478602 
53  0.644940  0.656583  0.649504  0.733994  0.844295  0.706274  0.719856  0.827851  0.769848  0.770615  0.846946  0.884361  0.729146  0.720374  0.645189  0.837698  0.592892  0.637332  0.556742  0.696016  0.809015  0.785422  0.733307  0.889442  0.787115  0.752809  0.707499  0.709520  0.676774  0.810824  0.794893  0.896631  0.819541  0.754505  0.783114  0.835023  0.724952  0.814627  0.806116  0.811536  0.686067  0.793469  0.775265  0.758920  0.514836  0.583094  0.758299  0.807127  0.839641  0.649031  0.735310  0.628662  0.636042 0.0  0.789231  0.834510  0.741882  0.685529  0.834679  0.817931  0.584527  0.658663 
54  0.811765  0.840917  0.807808  0.818037  0.304586  0.813860  0.827215  0.823294  0.635273  0.690088  0.730223  0.815851  0.681625  0.568921  0.928212  0.685584  0.801003  0.804438  0.740838  0.770318  0.444474  0.407181  0.604770  0.536735  0.777624  0.430050  0.867116  0.838537  0.745249  0.465912  0.235501  0.523215  0.499911  0.359307  0.472689  0.618573  0.510474  0.527801  0.441557  0.516305  0.501804  0.519419  0.706270  0.549033  0.823572  0.767471  0.473748  0.234685  0.399173  0.673605  0.454006  0.850997  0.818747  0.789231 0.0  0.396607  0.744117  0.727945  0.527114  0.486267  0.712018  0.684907 
55  0.782681  0.795348  0.760346  0.770345  0.463196  0.939883  0.720855  0.734156  0.878311  0.617526  0.742857  0.720992  0.746649  0.457394  0.672535  0.752427  0.746633  0.817012  0.771260  0.751097  0.425304  0.448527  0.554108  0.325097  0.827364  0.412363  0.889726  0.728550  0.758957  0.484313  0.301364  0.427976  0.595536  0.360831  0.624522  0.472947  0.414949  0.566822  0.347688  0.408021  0.357758  0.539766  0.838054  0.327640  0.847634  0.831690  0.476448  0.453648  0.435093  0.700602  0.538727  0.792130  0.751925  0.834510  0.396607 0.0  0.647448  0.770462  0.685449  0.437067  0.758840  0.634256 
56  0.639334  0.720719  0.583142  0.656220  0.781587  0.562781  0.654999  0.622204  0.479477  0.804716  0.870017  0.792461  0.687732  0.708967  0.555964  0.594772  0.695899  0.629485  0.821597  0.600960  0.787757  0.831291  0.742414  0.786073  0.696668  0.718909  0.914741  0.825095  0.451347  0.788858  0.781004  0.690634  0.765625  0.705214  0.866076  0.874897  0.782495  0.698467  0.697749  0.695582  0.712378  0.871366  0.661654  0.774897  0.617358  0.765344  0.828715  0.737494  0.683157  0.549259  0.777022  0.759654  0.735136  0.741882  0.744117  0.647448 0.0  0.381365  0.802802  0.742956  0.659483  0.625377 
57  0.633932  0.705225  0.536121  0.678623  0.733784  0.722939  0.744648  0.682660  0.502094  0.815352  0.766623  0.820476  0.696917  0.694837  0.522274  0.660524  0.616235  0.580106  0.606979  0.619939  0.751913  0.695044  0.819920  0.764583  0.675706  0.812422  0.726128  0.906892  0.407777  0.808718  0.802030  0.710078  0.796775  0.742146  0.711799  0.663548  0.685537  0.732774  0.705567  0.721754  0.664346  0.740645  0.683974  0.749592  0.541667  0.720017  0.755127  0.734462  0.747097  0.499199  0.697852  0.598534  0.555609  0.685529  0.727945  0.770462  0.381365 0.0  0.747039  0.738202  0.531359  0.660713 
58  0.731678  0.774390  0.842643  0.716600  0.703956  0.810816  0.794441  0.691037  0.864373  0.598589  0.676960  0.649914  0.890001  0.710792  0.845909  0.760530  0.806121  0.839099  0.789090  0.806656  0.719049  0.781056  0.705449  0.719486  0.849998  0.645570  0.842355  0.709866  0.902521  0.664509  0.815877  0.705276  0.704218  0.836680  0.817251  0.708715  0.733158  0.770979  0.600520  0.782425  0.790801  0.668472  0.822907  0.741846  0.756195  0.882282  0.830830  0.651599  0.687620  0.896339  0.693652  0.778105  0.809792  0.834679  0.527114  0.685449  0.802802  0.747039 0.0  0.701535  0.737119  0.831925 
59  0.725573  0.800085  0.853642  0.712756  0.610107  0.787768  0.798151  0.739510  0.815596  0.531446  0.779915  0.799625  0.748054  0.455521  0.704752  0.759863  0.754787  0.647992  0.808719  0.706247  0.519188  0.308681  0.695933  0.242076  0.747583  0.272475  0.746159  0.764704  0.635248  0.385311  0.432818  0.315549  0.378657  0.229928  0.300788  0.515002  0.112198  0.299473  0.347643  0.235364  0.309817  0.519930  0.719875  0.475248  0.766239  0.725776  0.465934  0.518843  0.000000  0.769323  0.564142  0.758706  0.736456  0.817931  0.486267  0.437067  0.742956  0.738202  0.701535 0.0  0.780075  0.747303 
60  0.459178  0.795728  0.393058  0.712837  0.731653  0.637544  0.746120  0.683101  0.536634  0.654555  0.731469  0.835122  0.603669  0.617987  0.401975  0.738880  0.451982  0.452717  0.275877  0.472464  0.708659  0.716853  0.819313  0.791605  0.778257  0.575947  0.582492  0.804749  0.505492  0.704050  0.735206  0.743611  0.677711  0.697407  0.724887  0.747403  0.672802  0.719505  0.742696  0.722014  0.804755  0.747675  0.719136  0.737370  0.532070  0.627003  0.731615  0.765278  0.762687  0.586083  0.699532  0.306363  0.433304  0.584527  0.712018  0.758840  0.659483  0.531359  0.737119  0.780075 0.0  0.410430 
61  0.434374  0.791479  0.625871  0.726716  0.756560  0.771789  0.741734  0.749495  0.658387  0.646668  0.854235  0.740169  0.666418  0.801801  0.556103  0.784932  0.365332  0.424970  0.267120  0.357715  0.745051  0.794004  0.785466  0.789984  0.755484  0.706212  0.716950  0.868836  0.623725  0.743097  0.812629  0.778502  0.778591  0.745112  0.725044  0.662921  0.767939  0.764444  0.715741  0.740414  0.763181  0.751272  0.757714  0.674530  0.544678  0.666772  0.728368  0.738395  0.673958  0.606061  0.698267  0.319786  0.478602  0.658663  0.684907  0.634256  0.625377  0.660713  0.831925  0.747303  0.410430 0.0 
