62
0 0.0  0.728611  0.556501  0.734437  0.772829  0.826313  0.824550  0.868850  0.607385  0.767721  0.880532  0.824829  0.713075  0.753609  0.556636  0.663766  0.330283  0.416514  0.361666  0.478099  0.827873  0.771510  0.730798  0.745554  0.802086  0.815877  0.626574  0.887393  0.500375  0.704861  0.778344  0.702727  0.715456  0.838509  0.779731  0.782467  0.780501  0.811381  0.759805  0.770605  0.905049  0.767644  0.759429  0.754061  0.632539  0.688452  0.765296  0.840015  0.693179  0.614976  0.775052  0.352524  0.618514  0.627024  0.760424  0.735529  0.611509  0.613534  0.808140  0.782333  0.465383  0.425040 
1  0.728611 0.0  0.669190  0.725279  0.753964  0.690090  0.768086  0.609226  0.701913  0.708233  0.844081  0.853733  0.748632  0.744576  0.826613  0.500812  0.698534  0.721693  0.828205  0.653254  0.829137  0.778990  0.784514  0.880460  0.599168  0.709513  0.783565  0.725495  0.789548  0.720704  0.815550  0.782863  0.821796  0.738738  0.698789  0.635472  0.772257  0.728230  0.649397  0.790578  0.675607  0.834290  0.492685  0.715039  0.802903  0.817478  0.859521  0.898715  0.645871  0.707251  0.721690  0.735126  0.730159  0.792046  0.730952  0.764870  0.696854  0.774929  0.789574  0.645948  0.697365  0.754210 
2  0.556501  0.669190 0.0  0.665240  0.858066  0.733415  0.751901  0.784161  0.713202  0.749068  0.784527  0.776215  0.718837  0.706659  0.378218  0.773852  0.507072  0.449037  0.485393  0.588789  0.825754  0.855328  0.891174  0.790677  0.741657  0.675489  0.714927  0.802734  0.532432  0.665314  0.815956  0.751587  0.700905  0.839157  0.847698  0.711176  0.718143  0.789464  0.674062  0.808376  0.700978  0.840337  0.840765  0.784630  0.547056  0.742816  0.757928  0.726176  0.881164  0.544522  0.758361  0.582354  0.526468  0.612161  0.762046  0.800453  0.643015  0.504659  0.903845  0.796869  0.601070  0.512453 
3  0.734437  0.725279  0.665240 0.0  0.799247  0.544305  0.660595  0.539123  0.612296  0.780922  0.825017  0.862820  0.838094  0.662227  0.733390  0.633244  0.819180  0.704328  0.790112  0.796787  0.870725  0.795143  0.856253  0.793803  0.605833  0.696906  0.828478  0.832214  0.701956  0.764235  0.786254  0.801022  0.787415  0.886843  0.805151  0.746873  0.775942  0.771366  0.734155  0.804730  0.794498  0.796811  0.608001  0.795047  0.650771  0.809567  0.685475  0.762115  0.889855  0.565383  0.853274  0.706469  0.628657  0.797034  0.752237  0.810794  0.749826  0.601888  0.659780  0.838392  0.588548  0.804580 
4  0.772829  0.753964  0.858066  0.799247 0.0  0.864528  0.796638  0.786687  0.812020  0.566982  0.903411  0.733532  0.757457  0.552853  0.786581  0.760022  0.855001  0.736064  0.731621  0.716339  0.244237  0.539110  0.443338  0.566208  0.755609  0.609896  0.763291  0.658907  0.882878  0.595786  0.375389  0.647991  0.641121  0.592545  0.590781  0.512320  0.636827  0.552419  0.598744  0.605015  0.519692  0.241163  0.851382  0.447005  0.822321  0.834189  0.436566  0.415753  0.454680  0.824760  0.328927  0.767463  0.729790  0.817463  0.508664  0.504879  0.767193  0.725364  0.754273  0.583076  0.807898  0.837482 
5  0.826313  0.690090  0.733415  0.544305  0.864528 0.0  0.492719  0.639531  0.672357  0.744200  0.769009  0.978787  0.752213  0.702039  0.784334  0.748582  0.797056  0.738458  0.831474  0.691140  0.763701  0.706359  0.930335  0.751040  0.621470  0.846527  0.738428  0.917417  0.721045  0.869503  0.721386  0.877117  0.833013  0.789426  0.888279  0.746360  0.903887  0.776094  0.817459  0.789875  0.846007  0.855711  0.679519  0.809809  0.768521  0.909223  0.831886  0.928713  0.705823  0.690570  0.766470  0.687564  0.699810  0.817099  0.946248  0.749107  0.793955  0.729454  0.847223  0.823634  0.728938  0.835092 
6  0.824550  0.768086  0.751901  0.660595  0.796638  0.492719 0.0  0.536366  0.650861  0.697225  0.751932  0.813954  0.804113  0.852001  0.757138  0.663072  0.738368  0.831894  0.762078  0.678128  0.896137  0.810628  0.749116  0.821450  0.642594  0.902827  0.697674  0.844246  0.744824  0.840784  0.925377  0.853800  0.808503  0.774565  0.778834  0.861154  0.892548  0.812834  0.763537  0.822542  0.826756  0.869905  0.599721  0.840183  0.758618  0.832613  0.883537  0.878488  0.758243  0.762001  0.842582  0.759790  0.721568  0.777997  0.856463  0.793976  0.644667  0.743481  0.786874  0.856708  0.830160  0.818695 
7  0.868850  0.609226  0.784161  0.539123  0.786687  0.639531  0.536366 0.0  0.765523  0.828014  0.780639  0.754433  0.780639  0.838533  0.773393  0.622029  0.840278  0.746475  0.809448  0.811078  0.829244  0.740579  0.922394  0.791493  0.690297  0.810228  0.799478  0.842106  0.700770  0.780535  0.756149  0.826255  0.942034  0.846327  0.850075  0.901319  0.706940  0.784459  0.718136  0.854522  0.824237  0.866587  0.703535  0.831721  0.758344  0.873928  0.858925  0.852486  0.828271  0.691780  0.760815  0.799485  0.887545  0.781003  0.869237  0.833620  0.653063  0.792566  0.820446  0.802084  0.762508  0.890967 
8  0.607385  0.701913  0.713202  0.612296  0.812020  0.672357  0.650861  0.765523 0.0  0.723066  0.862824  0.849290  0.733459  0.602761  0.616850  0.604512  0.630961  0.610539  0.723082  0.734906  0.823014  0.802470  0.763632  0.835136  0.677120  0.753782  0.697090  0.856979  0.607467  0.735320  0.728106  0.779530  0.728466  0.781002  0.686609  0.739849  0.704600  0.818955  0.828769  0.753818  0.735441  0.791006  0.674391  0.724455  0.613522  0.771351  0.772162  0.782374  0.810949  0.686003  0.850251  0.613691  0.592980  0.756045  0.800485  0.612644  0.496607  0.531712  0.738354  0.729283  0.710311  0.738316 
9  0.767721  0.708233  0.749068  0.780922  0.566982  0.744200  0.697225  0.828014  0.723066 0.0  0.836818  0.932451  0.642959  0.581522  0.728384  0.790998  0.799448  0.682156  0.842946  0.733519  0.727947  0.563146  0.599970  0.669824  0.752186  0.601423  0.908421  0.779996  0.758272  0.540066  0.612455  0.518916  0.524107  0.533673  0.460448  0.516899  0.570836  0.548256  0.468509  0.607278  0.491312  0.677397  0.752713  0.563271  0.767343  0.722543  0.570411  0.634245  0.581060  0.781239  0.639311  0.799328  0.722430  0.817642  0.551683  0.592995  0.807301  0.552523  0.706124  0.569840  0.841044  0.747902 
10  0.880532  0.844081  0.784527  0.825017  0.903411  0.769009  0.751932  0.780639  0.862824  0.836818 0.0  0.485240  0.883084  0.756952  0.850085  0.743467  0.845867  0.854763  0.853710  0.877487  0.772258  0.700984  0.727433  0.787505  0.919604  0.814624  0.888484  0.595774  0.858082  0.801017  0.807021  0.867444  0.879947  0.892688  0.814870  0.801431  0.816282  0.806660  0.735874  0.787027  0.837494  0.778438  0.895915  0.797807  0.811570  0.847831  0.783105  0.785119  0.845340  0.854603  0.883872  0.828301  0.821096  0.897927  0.846255  0.672423  0.894018  0.832377  0.717743  0.872611  0.876815  0.809309 
11  0.824829  0.853733  0.776215  0.862820  0.733532  0.978787  0.813954  0.754433  0.849290  0.932451  0.485240 0.0  0.767117  0.792778  0.816375  0.801157  0.970548  0.825830  0.905027  0.709444  0.645902  0.732358  0.759103  0.805684  0.775838  0.732392  0.758739  0.591464  0.820169  0.854145  0.700991  0.843482  0.760534  0.702386  0.829019  0.816100  0.781323  0.744477  0.888795  0.886776  0.807777  0.722014  0.805538  0.771051  0.931450  0.939172  0.832238  0.837613  0.719161  0.832731  0.767013  0.850991  0.779809  0.887781  0.739605  0.770637  0.866140  0.768972  0.636931  0.726817  0.853116  0.937004 
12  0.713075  0.748632  0.718837  0.838094  0.757457  0.752213  0.804113  0.780639  0.733459  0.642959  0.883084  0.767117 0.0  0.750813  0.747182  0.751753  0.558623  0.686012  0.682735  0.698633  0.844091  0.757284  0.903381  0.747012  1.000000  0.757963  0.383210  0.994044  0.732128  0.788743  0.885980  0.797548  0.739054  0.820275  0.659819  0.812153  0.870091  0.836425  0.815652  0.725709  0.700744  0.705368  0.761521  0.713284  0.712148  0.595056  0.874221  0.742833  0.815912  0.732949  0.853109  0.577743  0.888824  0.681675  0.765785  0.960220  0.794086  0.730100  0.847494  0.839516  0.591154  0.670768 
13  0.753609  0.744576  0.706659  0.662227  0.552853  0.702039  0.852001  0.838533  0.602761  0.581522  0.756952  0.792778  0.750813 0.0  0.843961  0.731418  0.793029  0.770300  0.731275  0.798396  0.598452  0.560867  0.652076  0.302032  0.842987  0.514959  0.824474  0.777506  0.820244  0.533057  0.531076  0.390067  0.641959  0.426233  0.624549  0.468737  0.495005  0.594067  0.442581  0.451438  0.536302  0.517596  0.853223  0.546796  0.798903  0.831731  0.503767  0.546607  0.444989  0.701786  0.793216  0.711073  0.817048  0.713350  0.654802  0.628546  0.781176  0.832770  0.739387  0.430106  0.761827  0.701856 
14  0.556636  0.826613  0.378218  0.733390  0.786581  0.784334  0.757138  0.773393  0.616850  0.728384  0.850085  0.816375  0.747182  0.843961 0.0  0.698855  0.528795  0.555635  0.285831  0.532982  0.805473  0.861071  0.717736  0.778202  0.843826  0.718750  0.667600  0.838515  0.530328  0.824794  0.757268  0.697183  0.782905  0.818730  0.867728  0.825480  0.780741  0.873020  0.701417  0.836748  0.891582  0.875982  0.777753  0.673959  0.513965  0.783803  0.896943  0.869989  0.775384  0.494966  0.741639  0.376080  0.202196  0.550306  0.875938  0.721789  0.543093  0.526805  0.788151  0.772274  0.402663  0.465413 
15  0.663766  0.500812  0.773852  0.633244  0.760022  0.748582  0.663072  0.622029  0.604512  0.790998  0.743467  0.801157  0.751753  0.731418  0.698855 0.0  0.844401  0.736332  0.800963  0.775911  0.811199  0.723232  0.790539  0.764767  0.554820  0.755294  0.860512  0.758486  0.707861  0.758073  0.767746  0.805476  0.725881  0.741913  0.707432  0.755969  0.698289  0.779370  0.771766  0.718215  0.846914  0.739617  0.493582  0.832958  0.749939  0.754531  0.894719  0.710403  0.727818  0.736129  0.850455  0.692581  0.795883  0.784943  0.644351  0.755206  0.654388  0.646393  0.807575  0.858970  0.778848  0.814597 
16  0.330283  0.698534  0.507072  0.819180  0.855001  0.797056  0.738368  0.840278  0.630961  0.799448  0.845867  0.970548  0.558623  0.793029  0.528795  0.844401 0.0  0.335474  0.404962  0.459204  0.838306  0.711655  0.855994  0.875759  0.752652  0.743759  0.705195  0.826126  0.649090  0.860667  0.732986  0.858636  0.711855  0.682407  0.731073  0.748607  0.680768  0.748489  0.805527  0.829729  0.757769  0.724687  0.802436  0.841127  0.637574  0.597582  0.798480  0.704429  0.688443  0.619756  0.815531  0.484001  0.512433  0.544083  0.816497  0.788612  0.758613  0.663474  0.749380  0.761446  0.433600  0.452219 
17  0.416514  0.721693  0.449037  0.704328  0.736064  0.738458  0.831894  0.746475  0.610539  0.682156  0.854763  0.825830  0.686012  0.770300  0.555635  0.736332  0.335474 0.0  0.348291  0.320167  0.736089  0.728890  0.761947  0.759351  0.863413  0.911476  0.636690  0.908502  0.555740  0.804485  0.835366  0.802635  0.759525  0.618605  0.821143  0.774835  0.749565  0.743342  0.747464  0.824864  0.716408  0.845222  0.799487  0.704460  0.610088  0.574605  0.837846  0.779134  0.811095  0.658603  0.726828  0.541990  0.353154  0.604154  0.771248  0.811349  0.673410  0.675589  0.845000  0.771857  0.462580  0.325888 
18  0.361666  0.828205  0.485393  0.790112  0.731621  0.831474  0.762078  0.809448  0.723082  0.842946  0.853710  0.905027  0.682735  0.731275  0.285831  0.800963  0.404962  0.348291 0.0  0.392795  0.692159  0.871786  0.838127  0.856914  0.755974  0.772187  0.662242  0.807786  0.556217  0.677881  0.729376  0.685398  0.736354  0.775443  0.789096  0.679144  0.749370  0.725385  0.684035  0.677146  0.803820  0.894826  0.828944  0.673941  0.527300  0.581445  0.724353  0.655385  0.718272  0.489474  0.751424  0.338322  0.411857  0.679345  0.716539  0.713265  0.670040  0.715006  0.802139  0.830512  0.422740  0.238099 
19  0.478099  0.653254  0.588789  0.796787  0.716339  0.691140  0.678128  0.811078  0.734906  0.733519  0.877487  0.709444  0.698633  0.798396  0.532982  0.775911  0.459204  0.320167  0.392795 0.0  0.656513  0.815808  0.706534  0.757623  0.742976  0.780909  0.668975  0.795049  0.621015  0.704303  0.769153  0.725683  0.826398  0.749461  0.589907  0.771131  0.720859  0.683556  0.672697  0.697056  0.769666  0.781906  0.727228  0.847841  0.649017  0.587723  0.871672  0.659787  0.707162  0.599428  0.854393  0.544909  0.499966  0.643098  0.860768  0.831067  0.704656  0.574812  0.820048  0.726948  0.446999  0.327207 
20  0.827873  0.829137  0.825754  0.870725  0.244237  0.763701  0.896137  0.829244  0.823014  0.727947  0.772258  0.645902  0.844091  0.598452  0.805473  0.811199  0.838306  0.736089  0.692159  0.656513 0.0  0.651341  0.586532  0.552821  0.820782  0.596487  0.721204  0.737188  0.851060  0.650846  0.395795  0.708179  0.555555  0.441806  0.659498  0.469540  0.553898  0.515947  0.644460  0.567549  0.527325  0.375315  0.918997  0.462550  0.859449  0.739288  0.541077  0.585117  0.535160  0.709459  0.466063  0.836564  0.778258  0.755713  0.455034  0.531688  0.690931  0.769296  0.762795  0.605300  0.753955  0.777564 
21  0.771510  0.778990  0.855328  0.795143  0.539110  0.706359  0.810628  0.740579  0.802470  0.563146  0.700984  0.732358  0.757284  0.560867  0.861071  0.723232  0.711655  0.728890  0.871786  0.815808  0.651341 0.0  0.581150  0.336277  0.690433  0.244447  0.821260  0.702989  0.735497  0.371664  0.399146  0.427022  0.408383  0.404062  0.493420  0.490567  0.290374  0.360136  0.316548  0.445164  0.244495  0.501587  0.846440  0.625700  0.822530  0.912423  0.480887  0.473789  0.315892  0.786037  0.664033  0.748620  0.765981  0.803511  0.506886  0.483440  0.821740  0.717585  0.749455  0.260528  0.858600  0.708828 
22  0.730798  0.784514  0.891174  0.856253  0.443338  0.930335  0.749116  0.922394  0.763632  0.599970  0.727433  0.759103  0.903381  0.652076  0.717736  0.790539  0.855994  0.761947  0.838127  0.706534  0.586532  0.581150 0.0  0.596971  0.855762  0.546242  0.869091  0.706700  0.811434  0.683406  0.551157  0.652066  0.682166  0.504972  0.602199  0.579299  0.586792  0.664567  0.683198  0.721771  0.582331  0.577490  0.838688  0.517554  0.774607  0.736798  0.482422  0.544923  0.610321  0.886261  0.523861  0.800600  0.857125  0.902466  0.492309  0.497429  0.811099  0.804194  0.720568  0.684010  0.819934  0.846208 
23  0.745554  0.880460  0.790677  0.793803  0.566208  0.751040  0.821450  0.791493  0.835136  0.669824  0.787505  0.805684  0.747012  0.302032  0.778202  0.764767  0.875759  0.759351  0.856914  0.757623  0.552821  0.336277  0.596971 0.0  0.740206  0.398614  0.792296  0.859097  0.769083  0.418474  0.536958  0.426060  0.537126  0.277654  0.462694  0.500470  0.301861  0.450435  0.360725  0.379538  0.349036  0.527035  0.818975  0.536382  0.857802  0.744472  0.680963  0.534953  0.332544  0.800255  0.645758  0.772298  0.788719  0.887351  0.543906  0.389081  0.690734  0.871057  0.691641  0.449464  0.805186  0.842540 
24  0.802086  0.599168  0.741657  0.605833  0.755609  0.621470  0.642594  0.690297  0.677120  0.752186  0.919604  0.775838  1.000000  0.842987  0.843826  0.554820  0.752652  0.863413  0.755974  0.742976  0.820782  0.690433  0.855762  0.740206 0.0  0.652678  0.840769  0.763095  0.632763  0.747785  0.863297  0.753219  0.668718  0.838962  0.886899  0.760349  0.742379  0.784130  0.815305  0.805194  0.924183  0.699683  0.244769  0.800972  0.742609  0.745451  0.858353  0.802903  0.755235  0.668063  0.808994  0.696223  0.826045  0.864648  0.786979  0.790349  0.699939  0.725102  0.797560  0.824754  0.718978  0.750562 
25  0.815877  0.709513  0.675489  0.696906  0.609896  0.846527  0.902827  0.810228  0.753782  0.601423  0.814624  0.732392  0.757963  0.514959  0.718750  0.755294  0.743759  0.911476  0.772187  0.780909  0.596487  0.244447  0.546242  0.398614  0.652678 0.0  0.697615  0.692432  0.707207  0.479378  0.468624  0.311752  0.365300  0.343242  0.411843  0.433986  0.339220  0.437025  0.324491  0.169653  0.381509  0.454862  0.779286  0.489194  0.810748  0.797505  0.349520  0.565395  0.309417  0.754398  0.616840  0.823416  0.682643  0.849176  0.470383  0.541331  0.735237  0.753038  0.738110  0.338706  0.772168  0.701853 
26  0.626574  0.783565  0.714927  0.828478  0.763291  0.738428  0.697674  0.799478  0.697090  0.908421  0.888484  0.758739  0.383210  0.824474  0.667600  0.860512  0.705195  0.636690  0.662242  0.668975  0.721204  0.821260  0.869091  0.792296  0.840769  0.697615 0.0  0.890048  0.696352  0.764257  0.804111  0.763067  0.730916  0.800138  0.815041  0.750434  0.802016  0.833912  0.819577  0.709601  0.769766  0.837289  0.902362  0.740908  0.575800  0.623211  0.927838  0.799294  0.725629  0.818615  0.844247  0.645029  0.707281  0.676103  0.750351  0.788745  0.682773  0.794277  0.854762  0.732668  0.630565  0.625439 
27  0.887393  0.725495  0.802734  0.832214  0.658907  0.917417  0.844246  0.842106  0.856979  0.779996  0.595774  0.591464  0.994044  0.777506  0.838515  0.758486  0.826126  0.908502  0.807786  0.795049  0.737188  0.702989  0.706700  0.859097  0.763095  0.692432  0.890048 0.0  0.842729  0.829732  0.822869  0.804105  0.762135  0.789605  0.669495  0.687284  0.766526  0.778117  0.717475  0.811204  0.759094  0.750873  0.747980  0.843596  0.845755  0.907530  0.824015  0.886491  0.801404  0.862060  0.748764  0.884384  0.903624  0.789601  0.796645  0.913182  0.726927  0.844386  0.761570  0.830675  0.822107  0.852156 
28  0.500375  0.789548  0.532432  0.701956  0.882878  0.721045  0.744824  0.700770  0.607467  0.758272  0.858082  0.820169  0.732128  0.820244  0.530328  0.707861  0.649090  0.555740  0.556217  0.621015  0.851060  0.735497  0.811434  0.769083  0.632763  0.707207  0.696352  0.842729 0.0  0.865867  0.800833  0.759331  0.695838  0.812906  0.686368  0.825048  0.741517  0.673378  0.743245  0.799225  0.761702  0.757948  0.713370  0.799679  0.560265  0.732285  0.651603  0.755769  0.755210  0.594702  0.763093  0.604030  0.588428  0.639634  0.769394  0.754278  0.448268  0.483660  0.925573  0.706166  0.645744  0.578500 
29  0.704861  0.720704  0.665314  0.764235  0.595786  0.869503  0.840784  0.780535  0.735320  0.540066  0.801017  0.854145  0.788743  0.533057  0.824794  0.758073  0.860667  0.804485  0.677881  0.704303  0.650846  0.371664  0.683406  0.418474  0.747785  0.479378  0.764257  0.829732  0.865867 0.0  0.441893  0.512542  0.266496  0.454115  0.209207  0.381903  0.417330  0.385656  0.475172  0.395386  0.506615  0.712130  0.812773  0.580551  0.690038  0.768589  0.615691  0.534839  0.378685  0.737365  0.487025  0.838757  0.867599  0.898704  0.523596  0.579987  0.885464  0.793937  0.745882  0.346195  0.792066  0.709721 
30  0.778344  0.815550  0.815956  0.786254  0.375389  0.721386  0.925377  0.756149  0.728106  0.612455  0.807021  0.700991  0.885980  0.531076  0.757268  0.767746  0.732986  0.835366  0.729376  0.769153  0.395795  0.399146  0.551157  0.536958  0.863297  0.468624  0.804111  0.822869  0.800833  0.441893 0.0  0.531331  0.542387  0.499666  0.508220  0.464581  0.521876  0.499936  0.503976  0.441120  0.460273  0.448550  0.922914  0.469382  0.764879  0.767555  0.537249  0.375304  0.433374  0.805591  0.491139  0.737721  0.744718  0.824283  0.358773  0.332064  0.814911  0.819646  0.716814  0.625542  0.760231  0.814001 
31  0.702727  0.782863  0.751587  0.801022  0.647991  0.877117  0.853800  0.826255  0.779530  0.518916  0.867444  0.843482  0.797548  0.390067  0.697183  0.805476  0.858636  0.802635  0.685398  0.725683  0.708179  0.427022  0.652066  0.426060  0.753219  0.311752  0.763067  0.804105  0.759331  0.512542  0.531331 0.0  0.522365  0.407032  0.422267  0.315669  0.290670  0.381905  0.422068  0.454716  0.402705  0.569318  0.759520  0.473327  0.796601  0.825071  0.533337  0.501844  0.416253  0.716983  0.707739  0.760077  0.790091  0.765123  0.455232  0.445723  0.786676  0.677825  0.734016  0.433341  0.744398  0.879057 
32  0.715456  0.821796  0.700905  0.787415  0.641121  0.833013  0.808503  0.942034  0.728466  0.524107  0.879947  0.760534  0.739054  0.641959  0.782905  0.725881  0.711855  0.759525  0.736354  0.826398  0.555555  0.408383  0.682166  0.537126  0.668718  0.365300  0.730916  0.762135  0.695838  0.266496  0.542387  0.522365 0.0  0.419736  0.320924  0.470101  0.403109  0.457917  0.478090  0.448681  0.507384  0.666366  0.726515  0.625142  0.788861  0.840248  0.624998  0.500547  0.463031  0.787013  0.612525  0.700695  0.757107  0.790296  0.482614  0.587819  0.765502  0.806759  0.898608  0.463573  0.610199  0.661846 
33  0.838509  0.738738  0.839157  0.886843  0.592545  0.789426  0.774565  0.846327  0.781002  0.533673  0.892688  0.702386  0.820275  0.426233  0.818730  0.741913  0.682407  0.618605  0.775443  0.749461  0.441806  0.404062  0.504972  0.277654  0.838962  0.343242  0.800138  0.789605  0.812906  0.454115  0.499666  0.407032  0.419736 0.0  0.401480  0.491085  0.296897  0.317794  0.188435  0.370054  0.376471  0.643742  0.825052  0.562995  0.939223  0.840053  0.566498  0.543919  0.356913  0.866699  0.577525  0.713336  0.786819  0.798935  0.507390  0.474226  0.693162  0.706908  0.731939  0.318452  0.691180  0.876350 
34  0.779731  0.698789  0.847698  0.805151  0.590781  0.888279  0.778834  0.850075  0.686609  0.460448  0.814870  0.829019  0.659819  0.624549  0.867728  0.707432  0.731073  0.821143  0.789096  0.589907  0.659498  0.493420  0.602199  0.462694  0.886899  0.411843  0.815041  0.669495  0.686368  0.209207  0.508220  0.422267  0.320924  0.401480 0.0  0.298506  0.407007  0.305924  0.553743  0.439947  0.496924  0.534200  0.924112  0.589135  0.851529  0.792540  0.589404  0.551738  0.369717  0.743888  0.606248  0.711426  0.785317  0.835524  0.517082  0.631467  0.745823  0.795587  0.812658  0.332426  0.775226  0.699006 
35  0.782467  0.635472  0.711176  0.746873  0.512320  0.746360  0.861154  0.901319  0.739849  0.516899  0.801431  0.816100  0.812153  0.468737  0.825480  0.755969  0.748607  0.774835  0.679144  0.771131  0.469540  0.490567  0.579299  0.500470  0.760349  0.433986  0.750434  0.687284  0.825048  0.381903  0.464581  0.315669  0.470101  0.491085  0.298506 0.0  0.357817  0.295633  0.500392  0.416691  0.615292  0.592329  0.832247  0.692214  0.719900  0.807112  0.643155  0.476940  0.368934  0.878171  0.630416  0.804855  0.827061  0.741011  0.451526  0.577506  0.757769  0.792014  0.844254  0.364622  0.715875  0.711875 
36  0.780501  0.772257  0.718143  0.775942  0.636827  0.903887  0.892548  0.706940  0.704600  0.570836  0.816282  0.781323  0.870091  0.495005  0.780741  0.698289  0.680768  0.749565  0.749370  0.720859  0.553898  0.290374  0.586792  0.301861  0.742379  0.339220  0.802016  0.766526  0.741517  0.417330  0.521876  0.290670  0.403109  0.296897  0.407007  0.357817 0.0  0.307666  0.334003  0.078758  0.397994  0.591176  0.876042  0.346953  0.680041  0.755174  0.420008  0.543167  0.081838  0.820406  0.530767  0.803968  0.856974  0.767126  0.495899  0.376922  0.706696  0.638846  0.734532  0.101512  0.783073  0.742902 
37  0.811381  0.728230  0.789464  0.771366  0.552419  0.776094  0.812834  0.784459  0.818955  0.548256  0.806660  0.744477  0.836425  0.594067  0.873020  0.779370  0.748489  0.743342  0.725385  0.683556  0.515947  0.360136  0.664567  0.450435  0.784130  0.437025  0.833912  0.778117  0.673378  0.385656  0.499936  0.381905  0.457917  0.317794  0.305924  0.295633  0.307666 0.0  0.281549  0.333854  0.435741  0.647412  0.858651  0.615399  0.759770  0.975209  0.455305  0.655627  0.371099  0.876182  0.523261  0.753494  0.842642  0.805580  0.501531  0.491034  0.779673  0.749401  0.740765  0.406454  0.882358  0.799766 
38  0.759805  0.649397  0.674062  0.734155  0.598744  0.817459  0.763537  0.718136  0.828769  0.468509  0.735874  0.888795  0.815652  0.442581  0.701417  0.771766  0.805527  0.747464  0.684035  0.672697  0.644460  0.316548  0.683198  0.360725  0.815305  0.324491  0.819577  0.717475  0.743245  0.475172  0.503976  0.422068  0.478090  0.188435  0.553743  0.500392  0.334003  0.281549 0.0  0.299459  0.280977  0.592962  0.861185  0.537361  0.778146  0.758584  0.637262  0.452003  0.250683  0.801779  0.588946  0.781936  0.797426  0.863584  0.577096  0.500744  0.733720  0.746600  0.693402  0.294747  0.787120  0.690347 
39  0.770605  0.790578  0.808376  0.804730  0.605015  0.789875  0.822542  0.854522  0.753818  0.607278  0.787027  0.886776  0.725709  0.451438  0.836748  0.718215  0.829729  0.824864  0.677146  0.697056  0.567549  0.445164  0.721771  0.379538  0.805194  0.169653  0.709601  0.811204  0.799225  0.395386  0.441120  0.454716  0.448681  0.370054  0.439947  0.416691  0.078758  0.333854  0.299459 0.0  0.397938  0.631949  0.815529  0.587086  0.860562  0.922870  0.517575  0.584641  0.240207  0.742992  0.551408  0.729938  0.815569  0.734025  0.367545  0.441610  0.844152  0.695743  0.740439  0.325472  0.722896  0.717468 
40  0.905049  0.675607  0.700978  0.794498  0.519692  0.846007  0.826756  0.824237  0.735441  0.491312  0.837494  0.807777  0.700744  0.536302  0.891582  0.846914  0.757769  0.716408  0.803820  0.769666  0.527325  0.244495  0.582331  0.349036  0.924183  0.381509  0.769766  0.759094  0.761702  0.506615  0.460273  0.402705  0.507384  0.376471  0.496924  0.615292  0.397994  0.435741  0.280977  0.397938 0.0  0.600540  0.846315  0.536792  0.790435  0.899170  0.520600  0.417430  0.354360  0.771563  0.561404  0.841884  0.722266  0.718048  0.499656  0.371550  0.849500  0.795436  0.772804  0.416419  0.852133  0.740596 
41  0.767644  0.834290  0.840337  0.796811  0.241163  0.855711  0.869905  0.866587  0.791006  0.677397  0.778438  0.722014  0.705368  0.517596  0.875982  0.739617  0.724687  0.845222  0.894826  0.781906  0.375315  0.501587  0.577490  0.527035  0.699683  0.454862  0.837289  0.750873  0.757948  0.712130  0.448550  0.569318  0.666366  0.643742  0.534200  0.592329  0.591176  0.647412  0.592962  0.631949  0.600540 0.0  0.816394  0.560366  0.711748  0.865695  0.361115  0.429200  0.579176  0.800622  0.313341  0.885661  0.774436  0.845600  0.396851  0.519087  0.740582  0.804021  0.669383  0.569726  0.722703  0.632329 
42  0.759429  0.492685  0.840765  0.608001  0.851382  0.679519  0.599721  0.703535  0.674391  0.752713  0.895915  0.805538  0.761521  0.853223  0.777753  0.493582  0.802436  0.799487  0.828944  0.727228  0.918997  0.846440  0.838688  0.818975  0.244769  0.779286  0.902362  0.747980  0.713370  0.812773  0.922914  0.759520  0.726515  0.825052  0.924112  0.832247  0.876042  0.858651  0.861185  0.815529  0.846315  0.816394 0.0  0.816891  0.876836  0.853888  0.899883  0.866677  0.772217  0.828385  0.669233  0.786648  0.725346  0.787958  0.875657  0.754402  0.772924  0.655281  0.756371  0.858897  0.798124  0.825666 
43  0.754061  0.715039  0.784630  0.795047  0.447005  0.809809  0.840183  0.831721  0.724455  0.563271  0.797807  0.771051  0.713284  0.546796  0.673959  0.832958  0.841127  0.704460  0.673941  0.847841  0.462550  0.625700  0.517554  0.536382  0.800972  0.489194  0.740908  0.843596  0.799679  0.580551  0.469382  0.473327  0.625142  0.562995  0.589135  0.692214  0.346953  0.615399  0.537361  0.587086  0.536792  0.560366  0.816891 0.0  0.768659  0.866666  0.386907  0.498646  0.548815  0.742009  0.487571  0.686449  0.859451  0.867643  0.560871  0.427479  0.780437  0.749643  0.771771  0.523090  0.678876  0.761936 
44  0.632539  0.802903  0.547056  0.650771  0.822321  0.768521  0.758618  0.758344  0.613522  0.767343  0.811570  0.931450  0.712148  0.798903  0.513965  0.749939  0.637574  0.610088  0.527300  0.649017  0.859449  0.822530  0.774607  0.857802  0.742609  0.810748  0.575800  0.845755  0.560265  0.690038  0.764879  0.796601  0.788861  0.939223  0.851529  0.719900  0.680041  0.759770  0.778146  0.860562  0.790435  0.711748  0.876836  0.768659 0.0  0.648643  0.789099  0.809159  0.826023  0.539420  0.757471  0.500531  0.468083  0.586594  0.763496  0.739785  0.539771  0.587651  0.780905  0.864715  0.494459  0.644389 
45  0.688452  0.817478  0.742816  0.809567  0.834189  0.909223  0.832613  0.873928  0.771351  0.722543  0.847831  0.939172  0.595056  0.831731  0.783803  0.754531  0.597582  0.574605  0.581445  0.587723  0.739288  0.912423  0.736798  0.744472  0.745451  0.797505  0.623211  0.907530  0.732285  0.768589  0.767555  0.825071  0.840248  0.840053  0.792540  0.807112  0.755174  0.975209  0.758584  0.922870  0.899170  0.865695  0.853888  0.866666  0.648643 0.0  0.679686  0.857870  0.835274  0.835070  0.913756  0.630725  0.755076  0.708375  0.830583  0.908526  0.771546  0.765789  0.906593  0.855123  0.595573  0.750898 
46  0.765296  0.859521  0.757928  0.685475  0.436566  0.831886  0.883537  0.858925  0.772162  0.570411  0.783105  0.832238  0.874221  0.503767  0.896943  0.894719  0.798480  0.837846  0.724353  0.871672  0.541077  0.480887  0.482422  0.680963  0.858353  0.349520  0.927838  0.824015  0.651603  0.615691  0.537249  0.533337  0.624998  0.566498  0.589404  0.643155  0.420008  0.455305  0.637262  0.517575  0.520600  0.361115  0.899883  0.386907  0.789099  0.679686 0.0  0.441283  0.655806  0.806738  0.399268  0.755592  0.821173  0.829270  0.376373  0.542669  0.765018  0.815043  0.610509  0.655530  0.912725  0.755636 
47  0.840015  0.898715  0.726176  0.762115  0.415753  0.928713  0.878488  0.852486  0.782374  0.634245  0.785119  0.837613  0.742833  0.546607  0.869989  0.710403  0.704429  0.779134  0.655385  0.659787  0.585117  0.473789  0.544923  0.534953  0.802903  0.565395  0.799294  0.886491  0.755769  0.534839  0.375304  0.501844  0.500547  0.543919  0.551738  0.476940  0.543167  0.655627  0.452003  0.584641  0.417430  0.429200  0.866677  0.498646  0.809159  0.857870  0.441283 0.0  0.549361  0.860166  0.463308  0.818803  0.720114  0.746701  0.263981  0.343066  0.731214  0.827186  0.858659  0.468527  0.854285  0.818977 
48  0.693179  0.645871  0.881164  0.889855  0.454680  0.705823  0.758243  0.828271  0.810949  0.581060  0.845340  0.719161  0.815912  0.444989  0.775384  0.727818  0.688443  0.811095  0.718272  0.707162  0.535160  0.315892  0.610321  0.332544  0.755235  0.309417  0.725629  0.801404  0.755210  0.378685  0.433374  0.416253  0.463031  0.356913  0.369717  0.368934  0.081838  0.371099  0.250683  0.240207  0.354360  0.579176  0.772217  0.548815  0.826023  0.835274  0.655806  0.549361 0.0  0.824073  0.528192  0.843079  0.739904  0.857925  0.437574  0.504707  0.731478  0.744911  0.824049  0.000000  0.826232  0.703849 
49  0.614976  0.707251  0.544522  0.565383  0.824760  0.690570  0.762001  0.691780  0.686003  0.781239  0.854603  0.832731  0.732949  0.701786  0.494966  0.736129  0.619756  0.658603  0.489474  0.599428  0.709459  0.786037  0.886261  0.800255  0.668063  0.754398  0.818615  0.862060  0.594702  0.737365  0.805591  0.716983  0.787013  0.866699  0.743888  0.878171  0.820406  0.876182  0.801779  0.742992  0.771563  0.800622  0.828385  0.742009  0.539420  0.835070  0.806738  0.860166  0.824073 0.0  0.879019  0.507664  0.494301  0.757569  0.784246  0.852564  0.577636  0.529651  0.868413  0.715739  0.720170  0.591912 
50  0.775052  0.721690  0.758361  0.853274  0.328927  0.766470  0.842582  0.760815  0.850251  0.639311  0.883872  0.767013  0.853109  0.793216  0.741639  0.850455  0.815531  0.726828  0.751424  0.854393  0.466063  0.664033  0.523861  0.645758  0.808994  0.616840  0.844247  0.748764  0.763093  0.487025  0.491139  0.707739  0.612525  0.577525  0.606248  0.630416  0.530767  0.523261  0.588946  0.551408  0.561404  0.313341  0.669233  0.487571  0.757471  0.913756  0.399268  0.463308  0.528192  0.879019 0.0  0.686734  0.775315  0.811313  0.460449  0.417991  0.839253  0.845039  0.827475  0.618549  0.766257  0.859112 
51  0.352524  0.735126  0.582354  0.706469  0.767463  0.687564  0.759790  0.799485  0.613691  0.799328  0.828301  0.850991  0.577743  0.711073  0.376080  0.692581  0.484001  0.541990  0.338322  0.544909  0.836564  0.748620  0.800600  0.772298  0.696223  0.823416  0.645029  0.884384  0.604030  0.838757  0.737721  0.760077  0.700695  0.713336  0.711426  0.804855  0.803968  0.753494  0.781936  0.729938  0.841884  0.885661  0.786648  0.686449  0.500531  0.630725  0.755592  0.818803  0.843079  0.507664  0.686734 0.0  0.460331  0.612135  0.801717  0.903497  0.780733  0.602918  0.916305  0.759765  0.284889  0.425714 
52  0.618514  0.730159  0.526468  0.628657  0.729790  0.699810  0.721568  0.887545  0.592980  0.722430  0.821096  0.779809  0.888824  0.817048  0.202196  0.795883  0.512433  0.353154  0.411857  0.499966  0.778258  0.765981  0.857125  0.788719  0.826045  0.682643  0.707281  0.903624  0.588428  0.867599  0.744718  0.790091  0.757107  0.786819  0.785317  0.827061  0.856974  0.842642  0.797426  0.815569  0.722266  0.774436  0.725346  0.859451  0.468083  0.755076  0.821173  0.720114  0.739904  0.494301  0.775315  0.460331 0.0  0.675061  0.763839  0.760782  0.606825  0.658568  0.837113  0.751098  0.423282  0.574241 
53  0.627024  0.792046  0.612161  0.797034  0.817463  0.817099  0.777997  0.781003  0.756045  0.817642  0.897927  0.887781  0.681675  0.713350  0.550306  0.784943  0.544083  0.604154  0.679345  0.643098  0.755713  0.803511  0.902466  0.887351  0.864648  0.849176  0.676103  0.789601  0.639634  0.898704  0.824283  0.765123  0.790296  0.798935  0.835524  0.741011  0.767126  0.805580  0.863584  0.734025  0.718048  0.845600  0.787958  0.867643  0.586594  0.708375  0.829270  0.746701  0.857925  0.757569  0.811313  0.612135  0.675061 0.0  0.936706  0.790048  0.632856  0.771753  0.894006  0.718752  0.665582  0.523903 
54  0.760424  0.730952  0.762046  0.752237  0.508664  0.946248  0.856463  0.869237  0.800485  0.551683  0.846255  0.739605  0.765785  0.654802  0.875938  0.644351  0.816497  0.771248  0.716539  0.860768  0.455034  0.506886  0.492309  0.543906  0.786979  0.470383  0.750351  0.796645  0.769394  0.523596  0.358773  0.455232  0.482614  0.507390  0.517082  0.451526  0.495899  0.501531  0.577096  0.367545  0.499656  0.396851  0.875657  0.560871  0.763496  0.830583  0.376373  0.263981  0.437574  0.784246  0.460449  0.801717  0.763839  0.936706 0.0  0.343225  0.846646  0.800221  0.821440  0.502401  0.693165  0.724833 
55  0.735529  0.764870  0.800453  0.810794  0.504879  0.749107  0.793976  0.833620  0.612644  0.592995  0.672423  0.770637  0.960220  0.628546  0.721789  0.755206  0.788612  0.811349  0.713265  0.831067  0.531688  0.483440  0.497429  0.389081  0.790349  0.541331  0.788745  0.913182  0.754278  0.579987  0.332064  0.445723  0.587819  0.474226  0.631467  0.577506  0.376922  0.491034  0.500744  0.441610  0.371550  0.519087  0.754402  0.427479  0.739785  0.908526  0.542669  0.343066  0.504707  0.852564  0.417991  0.903497  0.760782  0.790048  0.343225 0.0  0.841875  0.789960  0.715546  0.429936  0.826744  0.847022 
56  0.611509  0.696854  0.643015  0.749826  0.767193  0.793955  0.644667  0.653063  0.496607  0.807301  0.894018  0.866140  0.794086  0.781176  0.543093  0.654388  0.758613  0.673410  0.670040  0.704656  0.690931  0.821740  0.811099  0.690734  0.699939  0.735237  0.682773  0.726927  0.448268  0.885464  0.814911  0.786676  0.765502  0.693162  0.745823  0.757769  0.706696  0.779673  0.733720  0.844152  0.849500  0.740582  0.772924  0.780437  0.539771  0.771546  0.765018  0.731214  0.731478  0.577636  0.839253  0.780733  0.606825  0.632856  0.846646  0.841875 0.0  0.501059  0.832559  0.805486  0.680900  0.729118 
57  0.613534  0.774929  0.504659  0.601888  0.725364  0.729454  0.743481  0.792566  0.531712  0.552523  0.832377  0.768972  0.730100  0.832770  0.526805  0.646393  0.663474  0.675589  0.715006  0.574812  0.769296  0.717585  0.804194  0.871057  0.725102  0.753038  0.794277  0.844386  0.483660  0.793937  0.819646  0.677825  0.806759  0.706908  0.795587  0.792014  0.638846  0.749401  0.746600  0.695743  0.795436  0.804021  0.655281  0.749643  0.587651  0.765789  0.815043  0.827186  0.744911  0.529651  0.845039  0.602918  0.658568  0.771753  0.800221  0.789960  0.501059 0.0  0.887099  0.864673  0.541790  0.564512 
58  0.808140  0.789574  0.903845  0.659780  0.754273  0.847223  0.786874  0.820446  0.738354  0.706124  0.717743  0.636931  0.847494  0.739387  0.788151  0.807575  0.749380  0.845000  0.802139  0.820048  0.762795  0.749455  0.720568  0.691641  0.797560  0.738110  0.854762  0.761570  0.925573  0.745882  0.716814  0.734016  0.898608  0.731939  0.812658  0.844254  0.734532  0.740765  0.693402  0.740439  0.772804  0.669383  0.756371  0.771771  0.780905  0.906593  0.610509  0.858659  0.824049  0.868413  0.827475  0.916305  0.837113  0.894006  0.821440  0.715546  0.832559  0.887099 0.0  0.764065  0.878095  0.793783 
59  0.782333  0.645948  0.796869  0.838392  0.583076  0.823634  0.856708  0.802084  0.729283  0.569840  0.872611  0.726817  0.839516  0.430106  0.772274  0.858970  0.761446  0.771857  0.830512  0.726948  0.605300  0.260528  0.684010  0.449464  0.824754  0.338706  0.732668  0.830675  0.706166  0.346195  0.625542  0.433341  0.463573  0.318452  0.332426  0.364622  0.101512  0.406454  0.294747  0.325472  0.416419  0.569726  0.858897  0.523090  0.864715  0.855123  0.655530  0.468527  0.000000  0.715739  0.618549  0.759765  0.751098  0.718752  0.502401  0.429936  0.805486  0.864673  0.764065 0.0  0.819923  0.648903 
60  0.465383  0.697365  0.601070  0.588548  0.807898  0.728938  0.830160  0.762508  0.710311  0.841044  0.876815  0.853116  0.591154  0.761827  0.402663  0.778848  0.433600  0.462580  0.422740  0.446999  0.753955  0.858600  0.819934  0.805186  0.718978  0.772168  0.630565  0.822107  0.645744  0.792066  0.760231  0.744398  0.610199  0.691180  0.775226  0.715875  0.783073  0.882358  0.787120  0.722896  0.852133  0.722703  0.798124  0.678876  0.494459  0.595573  0.912725  0.854285  0.826232  0.720170  0.766257  0.284889  0.423282  0.665582  0.693165  0.826744  0.680900  0.541790  0.878095  0.819923 0.0  0.343782 
61  0.425040  0.754210  0.512453  0.804580  0.837482  0.835092  0.818695  0.890967  0.738316  0.747902  0.809309  0.937004  0.670768  0.701856  0.465413  0.814597  0.452219  0.325888  0.238099  0.327207  0.777564  0.708828  0.846208  0.842540  0.750562  0.701853  0.625439  0.852156  0.578500  0.709721  0.814001  0.879057  0.661846  0.876350  0.699006  0.711875  0.742902  0.799766  0.690347  0.717468  0.740596  0.632329  0.825666  0.761936  0.644389  0.750898  0.755636  0.818977  0.703849  0.591912  0.859112  0.425714  0.574241  0.523903  0.724833  0.847022  0.729118  0.564512  0.793783  0.648903  0.343782 0.0 
