62
0 0.0  0.744911  0.640581  0.743374  0.858162  0.665758  0.794243  0.808175  0.657991  0.783555  0.891338  0.860230  0.623131  0.767346  0.580628  0.843304  0.278297  0.408327  0.381656  0.407407  0.766457  0.758636  0.860514  0.734425  0.775265  0.736170  0.681403  0.856972  0.505628  0.702763  0.787812  0.701445  0.737950  0.836731  0.769674  0.747455  0.830319  0.773006  0.691548  0.838083  0.731893  0.846197  0.765225  0.854167  0.655379  0.674537  0.785133  0.765837  0.835429  0.642089  0.822095  0.497198  0.618033  0.692760  0.880081  0.836940  0.695284  0.587120  0.876075  0.749042  0.447576  0.403347 
1  0.744911 0.0  0.903334  0.638860  0.860517  0.658848  0.762640  0.725689  0.793619  0.662800  0.758912  0.809146  0.803443  0.755717  0.711124  0.472651  0.822729  0.825334  0.838689  0.781467  0.717430  0.719834  0.772830  0.820118  0.547978  0.906538  0.760097  0.730497  0.730889  0.786982  0.843840  0.930848  0.840588  0.705512  0.732711  0.795622  0.718507  0.833445  0.786744  0.797012  0.718774  0.821358  0.590640  0.862146  0.706212  0.785059  0.832032  0.901050  0.759097  0.786066  0.723955  0.875627  0.787289  0.755295  0.759639  0.918335  0.740989  0.644050  0.915024  0.779669  0.727408  0.740657 
2  0.640581  0.903334 0.0  0.701769  0.783494  0.805458  0.803438  0.704393  0.664356  0.768513  0.840131  0.814918  0.710277  0.767905  0.378319  0.790189  0.547803  0.483736  0.525302  0.515557  0.764589  0.771820  0.726408  0.669727  0.751203  0.778608  0.690292  0.879673  0.473810  0.772932  0.881678  0.672622  0.732130  0.830792  0.771691  0.709554  0.790223  0.769858  0.768580  0.735417  0.702599  0.776151  0.840993  0.775385  0.495438  0.632581  0.848027  0.712868  0.890708  0.470799  0.924762  0.461894  0.368015  0.578518  0.817571  0.810654  0.588032  0.561722  0.841757  0.708262  0.502963  0.564241 
3  0.743374  0.638860  0.701769 0.0  0.903914  0.584837  0.552890  0.539663  0.647769  0.775024  0.785268  0.823781  0.788343  0.808795  0.731307  0.672184  0.875159  0.694959  0.689026  0.787355  0.818944  0.836905  0.917917  0.825371  0.577539  0.856610  0.780631  0.805711  0.692267  0.889619  0.815356  0.867114  0.822261  0.754946  0.806162  0.803008  0.823805  0.892351  0.783146  0.762595  0.760622  0.885958  0.699021  0.816255  0.543870  0.771520  0.845037  0.764622  0.928984  0.742829  0.797066  0.744661  0.700628  0.683458  0.785066  0.850970  0.683403  0.691688  0.762925  0.813589  0.697607  0.750853 
4  0.858162  0.860517  0.783494  0.903914 0.0  0.886090  0.787170  0.831319  0.883180  0.656985  0.798027  0.705528  0.728770  0.572075  0.883507  0.879380  0.826417  0.832204  0.817044  0.778467  0.374598  0.511604  0.464898  0.515446  0.752092  0.631018  0.746528  0.824527  0.746397  0.554636  0.523668  0.497012  0.545595  0.492070  0.575284  0.579466  0.598442  0.737931  0.597084  0.573655  0.535520  0.356261  0.836510  0.509264  0.719726  0.853337  0.537926  0.346403  0.575035  0.733062  0.378031  0.785017  0.753915  0.839034  0.497589  0.498791  0.785494  0.823664  0.762271  0.657572  0.921457  0.724496 
5  0.665758  0.658848  0.805458  0.584837  0.886090 0.0  0.522132  0.777727  0.660080  0.814152  0.978739  0.836781  0.876249  0.805682  0.686021  0.617671  0.765601  0.695981  0.855776  0.732395  0.830041  0.741860  0.964586  0.838518  0.682523  0.808971  0.778644  0.915728  0.894592  0.797555  0.808880  0.804077  0.777936  0.619852  0.715876  0.802924  0.820140  0.838814  0.901779  0.853826  0.783403  0.810534  0.702337  0.906273  0.748168  0.783049  0.848751  0.730343  0.870450  0.804829  0.888916  0.795498  0.771865  0.764627  0.805444  0.820443  0.636201  0.720689  0.761049  0.882689  0.800703  0.819749 
6  0.794243  0.762640  0.803438  0.552890  0.787170  0.522132 0.0  0.605273  0.702964  0.777712  0.762679  0.828427  0.911713  0.862969  0.811335  0.781506  0.851067  0.729784  0.783242  0.749159  0.844732  0.722311  0.790317  0.840145  0.691154  0.889265  0.914791  0.856982  0.740291  0.758212  0.846176  0.735346  0.754448  0.967797  0.868129  0.831421  0.808212  0.897799  0.854395  0.786704  0.849974  0.867954  0.655374  0.959618  0.829859  0.868532  0.861741  0.825162  0.798686  0.703715  0.792588  0.788879  0.727679  0.883715  0.699477  0.768632  0.719228  0.757648  0.881550  0.901753  0.747257  0.828362 
7  0.808175  0.725689  0.704393  0.539663  0.831319  0.777727  0.605273 0.0  0.697452  0.828807  0.850093  0.810464  0.750708  0.843098  0.742865  0.655651  0.844163  0.733795  0.727181  0.791682  0.768879  0.906278  0.797782  0.879146  0.557917  0.852881  0.843521  0.752819  0.792155  0.800594  0.886026  0.807314  0.854715  0.867126  0.797854  0.765650  0.798141  0.869153  0.823467  0.859076  0.731247  0.743751  0.655608  0.818825  0.741163  0.860204  0.872011  0.826506  0.806648  0.774347  0.762729  0.714654  0.704161  0.824626  0.857280  0.844959  0.810847  0.747419  0.888597  0.779344  0.825127  0.874423 
8  0.657991  0.793619  0.664356  0.647769  0.883180  0.660080  0.702964  0.697452 0.0  0.761885  0.869229  0.870612  0.735876  0.768912  0.744895  0.702448  0.798066  0.743153  0.721320  0.702599  0.912991  0.723531  0.792910  0.830241  0.739996  0.607342  0.821192  0.750700  0.552419  0.788328  0.756688  0.768216  0.789279  0.787304  0.679851  0.766988  0.861569  0.694339  0.808735  0.790816  0.820540  0.797754  0.643856  0.777167  0.699122  0.786959  0.807353  0.808205  0.890503  0.606780  0.892231  0.705184  0.536547  0.719452  0.691584  0.890919  0.569852  0.523332  0.889179  0.812553  0.639779  0.790341 
9  0.783555  0.662800  0.768513  0.775024  0.656985  0.814152  0.777712  0.828807  0.761885 0.0  0.741533  0.813233  0.803364  0.467493  0.627961  0.720157  0.670941  0.865108  0.620613  0.740491  0.630288  0.565974  0.651167  0.557845  0.710239  0.605497  0.769877  0.786345  0.800784  0.560321  0.635361  0.529010  0.644433  0.611146  0.564553  0.554753  0.542804  0.485981  0.637397  0.576039  0.635243  0.705555  0.780004  0.589979  0.715839  0.794891  0.587718  0.659453  0.547599  0.802259  0.708648  0.751586  0.741709  0.805515  0.707971  0.734935  0.724585  0.779585  0.771230  0.504540  0.731136  0.777523 
10  0.891338  0.758912  0.840131  0.785268  0.798027  0.978739  0.762679  0.850093  0.869229  0.741533 0.0  0.493106  0.924618  0.733890  0.943797  0.824474  0.724003  0.745897  0.892212  0.929873  0.756048  0.815399  0.826613  0.854237  0.931670  0.774066  0.825549  0.628323  0.871303  0.872780  0.850023  0.833918  0.861038  0.756066  0.743191  0.784130  0.807832  0.848802  0.648719  0.737588  0.818615  0.806869  0.735271  0.738123  0.860277  0.872682  0.796949  0.891562  0.861702  0.798049  0.744693  0.898490  0.757880  0.810721  0.828651  0.771788  0.810617  0.907603  0.655890  0.813439  0.938705  0.896214 
11  0.860230  0.809146  0.814918  0.823781  0.705528  0.836781  0.828427  0.810464  0.870612  0.813233  0.493106 0.0  0.868270  0.703561  0.844326  0.832003  0.833683  0.755629  0.834461  0.779789  0.807640  0.816961  0.768741  0.707824  0.842566  0.737320  0.900587  0.501322  0.946985  0.824441  0.759157  0.814859  0.837125  0.835705  0.724777  0.884438  0.759776  0.739624  0.801106  0.795672  0.752642  0.700288  0.790389  0.757801  0.923754  0.899520  0.754618  0.837010  0.775319  0.729638  0.927468  0.922635  0.901172  0.737594  0.800297  0.922209  0.849788  0.853049  0.660208  0.778251  0.956565  0.761815 
12  0.623131  0.803443  0.710277  0.788343  0.728770  0.876249  0.911713  0.750708  0.735876  0.803364  0.924618  0.868270 0.0  0.729243  0.741414  0.750876  0.524541  0.678707  0.763517  0.714991  0.855839  0.809771  0.792593  0.699627  0.765612  0.831365  0.442161  0.864097  0.720050  0.786890  0.787832  0.735780  0.751782  0.854955  0.785300  0.809830  0.792675  0.817626  0.761584  0.752674  0.735608  0.865036  0.797626  0.791245  0.725666  0.509913  0.821355  0.824949  0.735082  0.736233  0.741723  0.763281  0.698104  0.691088  0.826206  0.798933  0.676687  0.742822  0.838890  0.767447  0.717389  0.655008 
13  0.767346  0.755717  0.767905  0.808795  0.572075  0.805682  0.862969  0.843098  0.768912  0.467493  0.733890  0.703561  0.729243 0.0  0.936507  0.769518  0.810982  0.827011  0.811959  0.759063  0.654089  0.514786  0.572086  0.404128  0.809870  0.579098  0.710675  0.692056  0.775954  0.552979  0.492556  0.456947  0.530859  0.492836  0.512082  0.515241  0.528878  0.491284  0.537401  0.547168  0.470035  0.637843  0.774960  0.504479  0.837445  0.876291  0.586319  0.550414  0.463453  0.762955  0.614194  0.766665  0.797585  0.878575  0.516361  0.524571  0.747202  0.759432  0.787217  0.498469  0.769999  0.787676 
14  0.580628  0.711124  0.378319  0.731307  0.883507  0.686021  0.811335  0.742865  0.744895  0.627961  0.943797  0.844326  0.741414  0.936507 0.0  0.678536  0.439452  0.465689  0.505316  0.504794  0.757972  0.822680  0.881643  0.843025  0.766348  0.695212  0.637609  0.750925  0.510060  0.768244  0.842023  0.761872  0.688806  0.731163  0.824297  0.798793  0.740019  0.799988  0.741657  0.723544  0.762799  0.882554  0.787469  0.799897  0.630661  0.744214  0.778730  0.869408  0.808584  0.614289  0.743846  0.328982  0.319949  0.709547  0.715472  0.716229  0.613268  0.555705  0.735421  0.763782  0.359816  0.421852 
15  0.843304  0.472651  0.790189  0.672184  0.879380  0.617671  0.781506  0.655651  0.702448  0.720157  0.824474  0.832003  0.750876  0.769518  0.678536 0.0  0.851532  0.736896  0.689307  0.771297  0.709526  0.865393  0.819939  0.720273  0.554786  0.757320  0.837140  0.806161  0.790250  0.776485  0.689629  0.848406  0.762388  0.852523  0.695978  0.773540  0.720029  0.845694  0.773969  0.783176  0.741282  0.805844  0.582392  0.800825  0.713514  0.840600  0.785665  0.787153  0.791879  0.782020  0.728541  0.742327  0.728801  0.834602  0.753034  0.847353  0.793818  0.656533  0.840168  0.844331  0.796875  0.735217 
16  0.278297  0.822729  0.547803  0.875159  0.826417  0.765601  0.851067  0.844163  0.798066  0.670941  0.724003  0.833683  0.524541  0.810982  0.439452  0.851532 0.0  0.493664  0.451656  0.436350  0.864548  0.773323  0.876079  0.679656  0.855978  0.860369  0.670511  0.804212  0.641776  0.766067  0.813860  0.748006  0.758415  0.790685  0.775060  0.742801  0.818542  0.839817  0.834990  0.802233  0.811457  0.787394  0.781239  0.729895  0.692391  0.627971  0.814781  0.727371  0.777972  0.722494  0.642997  0.518234  0.597559  0.712567  0.841960  0.795717  0.660932  0.690841  0.794319  0.787760  0.475085  0.464729 
17  0.408327  0.825334  0.483736  0.694959  0.832204  0.695981  0.729784  0.733795  0.743153  0.865108  0.745897  0.755629  0.678707  0.827011  0.465689  0.736896  0.493664 0.0  0.358548  0.374048  0.827563  0.757911  0.817088  0.878064  0.734056  0.859292  0.614794  0.883008  0.703601  0.737943  0.842022  0.769675  0.716301  0.814505  0.714071  0.707326  0.857268  0.797773  0.850170  0.826897  0.845703  0.807148  0.812271  0.855601  0.572118  0.737307  0.769032  0.678762  0.679455  0.570963  0.778401  0.440599  0.505103  0.647391  0.761319  0.788024  0.633108  0.742960  0.809681  0.755942  0.417489  0.386787 
18  0.381656  0.838689  0.525302  0.689026  0.817044  0.855776  0.783242  0.727181  0.721320  0.620613  0.892212  0.834461  0.763517  0.811959  0.505316  0.689307  0.451656  0.358548 0.0  0.474499  0.826846  0.787761  0.830695  0.731580  0.843296  0.828464  0.767661  0.942349  0.588218  0.846997  0.633440  0.787924  0.766877  0.840946  0.858786  0.874134  0.720530  0.715938  0.849081  0.710324  0.744610  0.905676  0.828847  0.855164  0.623161  0.652266  0.833825  0.793677  0.874173  0.685200  0.748516  0.484181  0.479094  0.497655  0.722950  0.864866  0.724362  0.577325  0.755596  0.755332  0.308170  0.442534 
19  0.407407  0.781467  0.515557  0.787355  0.778467  0.732395  0.749159  0.791682  0.702599  0.740491  0.929873  0.779789  0.714991  0.759063  0.504794  0.771297  0.436350  0.374048  0.474499 0.0  0.800421  0.751396  0.763501  0.710173  0.680080  0.792823  0.627081  0.888008  0.611970  0.716579  0.775420  0.761164  0.696141  0.776141  0.585000  0.652758  0.759522  0.774168  0.761400  0.800365  0.640808  0.888955  0.861207  0.854828  0.544408  0.646526  0.750927  0.681844  0.783891  0.583061  0.711109  0.527781  0.539500  0.714903  0.788757  0.712766  0.529819  0.666028  0.795476  0.742537  0.312074  0.436190 
20  0.766457  0.717430  0.764589  0.818944  0.374598  0.830041  0.844732  0.768879  0.912991  0.630288  0.756048  0.807640  0.855839  0.654089  0.757972  0.709526  0.864548  0.827563  0.826846  0.800421 0.0  0.508827  0.669506  0.549116  0.818289  0.552682  0.697174  0.771345  0.726302  0.598004  0.528721  0.514472  0.648551  0.535650  0.538530  0.552817  0.577624  0.560567  0.582515  0.544592  0.615935  0.404209  0.868898  0.582070  0.782615  0.843437  0.453599  0.429520  0.505822  0.895279  0.465576  0.792944  0.831175  0.865946  0.366259  0.459017  0.899092  0.732137  0.741840  0.574677  0.828703  0.758814 
21  0.758636  0.719834  0.771820  0.836905  0.511604  0.741860  0.722311  0.906278  0.723531  0.565974  0.815399  0.816961  0.809771  0.514786  0.822680  0.865393  0.773323  0.757911  0.787761  0.751396  0.508827 0.0  0.551955  0.408389  0.848612  0.327574  0.790426  0.872748  0.778392  0.416007  0.415954  0.490228  0.490007  0.399042  0.418451  0.539934  0.308419  0.491356  0.410722  0.461301  0.377051  0.616949  0.778831  0.467088  0.828949  0.771999  0.503637  0.524857  0.327863  0.845409  0.571980  0.828880  0.716275  0.884385  0.429477  0.455284  0.699527  0.684499  0.665077  0.240624  0.779022  0.828163 
22  0.860514  0.772830  0.726408  0.917917  0.464898  0.964586  0.790317  0.797782  0.792910  0.651167  0.826613  0.768741  0.792593  0.572086  0.881643  0.819939  0.876079  0.817088  0.830695  0.763501  0.669506  0.551955 0.0  0.559696  0.805406  0.610465  0.772592  0.764238  0.791386  0.692095  0.630702  0.667592  0.707640  0.527735  0.617632  0.700653  0.603729  0.593085  0.512987  0.730373  0.569657  0.487397  0.834672  0.518791  0.810940  0.897085  0.539228  0.614466  0.538810  0.763914  0.471288  0.697632  0.901917  0.810967  0.575711  0.598566  0.794285  0.764070  0.727043  0.709799  0.848777  0.822166 
23  0.734425  0.820118  0.669727  0.825371  0.515446  0.838518  0.840145  0.879146  0.830241  0.557845  0.854237  0.707824  0.699627  0.404128  0.843025  0.720273  0.679656  0.878064  0.731580  0.710173  0.549116  0.408389  0.559696 0.0  0.722636  0.405801  0.848982  0.684405  0.748978  0.480764  0.472961  0.355876  0.512426  0.279068  0.473927  0.402610  0.417105  0.353337  0.286286  0.539403  0.352045  0.592254  0.847488  0.634647  0.774569  0.806231  0.449219  0.479834  0.302702  0.820685  0.490370  0.777375  0.808309  0.749685  0.519692  0.449109  0.829952  0.775857  0.700456  0.424891  0.832266  0.663562 
24  0.775265  0.547978  0.751203  0.577539  0.752092  0.682523  0.691154  0.557917  0.739996  0.710239  0.931670  0.842566  0.765612  0.809870  0.766348  0.554786  0.855978  0.734056  0.843296  0.680080  0.818289  0.848612  0.805406  0.722636 0.0  0.788573  0.843203  0.812602  0.724728  0.743020  0.767597  0.680759  0.831356  0.738715  0.778151  0.859810  0.835248  0.782013  0.823621  0.794675  0.909972  0.934486  0.128397  0.672390  0.778661  0.799743  0.859184  0.857090  0.803586  0.813900  0.699578  0.716566  0.772925  0.789658  0.792873  0.788894  0.717138  0.734829  0.709605  0.857583  0.782053  0.771684 
25  0.736170  0.906538  0.778608  0.856610  0.631018  0.808971  0.889265  0.852881  0.607342  0.605497  0.774066  0.737320  0.831365  0.579098  0.695212  0.757320  0.860369  0.859292  0.828464  0.792823  0.552682  0.327574  0.610465  0.405801  0.788573 0.0  0.748507  0.774075  0.722293  0.334565  0.320334  0.392191  0.475357  0.403488  0.455139  0.404593  0.443040  0.339006  0.443764  0.127733  0.360121  0.619919  0.757328  0.468757  0.805202  0.836216  0.522091  0.528915  0.389273  0.748930  0.573422  0.757019  0.755085  0.806842  0.448712  0.534580  0.809594  0.751987  0.803735  0.263778  0.876567  0.702946 
26  0.681403  0.760097  0.690292  0.780631  0.746528  0.778644  0.914791  0.843521  0.821192  0.769877  0.825549  0.900587  0.442161  0.710675  0.637609  0.837140  0.670511  0.614794  0.767661  0.627081  0.697174  0.790426  0.772592  0.848982  0.843203  0.748507 0.0  0.892941  0.768099  0.843208  0.828759  0.669962  0.753274  0.828086  0.752695  0.827394  0.855516  0.702338  0.819454  0.812788  0.682606  0.677633  0.789664  0.839519  0.648003  0.573989  0.727198  0.683055  0.749496  0.614506  0.769139  0.630828  0.703872  0.587603  0.738071  0.820965  0.816341  0.713109  0.934629  0.746010  0.706753  0.557482 
27  0.856972  0.730497  0.879673  0.805711  0.824527  0.915728  0.856982  0.752819  0.750700  0.786345  0.628323  0.501322  0.864097  0.692056  0.750925  0.806161  0.804212  0.883008  0.942349  0.888008  0.771345  0.872748  0.764238  0.684405  0.812602  0.774075  0.892941 0.0  0.803308  0.869437  0.640553  0.782360  0.901051  0.869080  0.798294  0.851691  0.807028  0.833973  0.723887  0.696841  0.895880  0.743678  0.664886  0.671290  0.814548  0.881035  0.838076  0.792231  0.814164  1.000000  0.822039  0.822269  0.719642  0.831714  0.835830  0.887812  0.846563  0.866672  0.753800  0.634205  0.870881  0.808251 
28  0.505628  0.730889  0.473810  0.692267  0.746397  0.894592  0.740291  0.792155  0.552419  0.800784  0.871303  0.946985  0.720050  0.775954  0.510060  0.790250  0.641776  0.703601  0.588218  0.611970  0.726302  0.778392  0.791386  0.748978  0.724728  0.722293  0.768099  0.803308 0.0  0.833919  0.673562  0.708043  0.790039  0.677837  0.781647  0.616426  0.737303  0.704954  0.778316  0.753117  0.594648  0.778122  0.738478  0.852402  0.534519  0.640703  0.802255  0.652759  0.765242  0.576291  0.824930  0.472288  0.520586  0.794741  0.726394  0.866670  0.520740  0.473386  0.853113  0.728173  0.562831  0.598404 
29  0.702763  0.786982  0.772932  0.889619  0.554636  0.797555  0.758212  0.800594  0.788328  0.560321  0.872780  0.824441  0.786890  0.552979  0.768244  0.776485  0.766067  0.737943  0.846997  0.716579  0.598004  0.416007  0.692095  0.480764  0.743020  0.334565  0.843208  0.869437  0.833919 0.0  0.468460  0.511510  0.393718  0.406847  0.296171  0.279828  0.377412  0.269164  0.586709  0.342886  0.486783  0.627544  0.823780  0.693318  0.781982  0.676845  0.575178  0.596189  0.316167  0.823203  0.654968  0.729882  0.819220  0.808229  0.501262  0.608863  0.747759  0.752632  0.767344  0.480410  0.791562  0.754875 
30  0.787812  0.843840  0.881678  0.815356  0.523668  0.808880  0.846176  0.886026  0.756688  0.635361  0.850023  0.759157  0.787832  0.492556  0.842023  0.689629  0.813860  0.842022  0.633440  0.775420  0.528721  0.415954  0.630702  0.472961  0.767597  0.320334  0.828759  0.640553  0.673562  0.468460 0.0  0.440534  0.482721  0.438872  0.601365  0.534141  0.491070  0.538205  0.487687  0.386730  0.350634  0.469767  0.783696  0.441516  0.799173  0.842926  0.552192  0.423874  0.535256  0.774621  0.507513  0.818804  0.773218  0.835495  0.285944  0.295294  0.778483  0.672176  0.753833  0.497580  0.690527  0.747667 
31  0.701445  0.930848  0.672622  0.867114  0.497012  0.804077  0.735346  0.807314  0.768216  0.529010  0.833918  0.814859  0.735780  0.456947  0.761872  0.848406  0.748006  0.769675  0.787924  0.761164  0.514472  0.490228  0.667592  0.355876  0.680759  0.392191  0.669962  0.782360  0.708043  0.511510  0.440534 0.0  0.475940  0.402858  0.439872  0.384621  0.437296  0.320657  0.421988  0.376548  0.394451  0.626526  0.895539  0.603018  0.691788  0.725294  0.695129  0.566603  0.343195  0.732242  0.552493  0.811321  0.774594  0.768128  0.552459  0.549570  0.841346  0.776964  0.744620  0.310011  0.873988  0.746640 
32  0.737950  0.840588  0.732130  0.822261  0.545595  0.777936  0.754448  0.854715  0.789279  0.644433  0.861038  0.837125  0.751782  0.530859  0.688806  0.762388  0.758415  0.716301  0.766877  0.696141  0.648551  0.490007  0.707640  0.512426  0.831356  0.475357  0.753274  0.901051  0.790039  0.393718  0.482721  0.475940 0.0  0.532666  0.424284  0.468620  0.354002  0.454563  0.601145  0.428616  0.503702  0.706041  0.821538  0.378770  0.791543  0.788522  0.497871  0.629344  0.491411  0.768114  0.599246  0.785024  0.724490  0.806265  0.504521  0.503292  0.841227  0.778104  0.806654  0.515667  0.695826  0.723043 
33  0.836731  0.705512  0.830792  0.754946  0.492070  0.619852  0.967797  0.867126  0.787304  0.611146  0.756066  0.835705  0.854955  0.492836  0.731163  0.852523  0.790685  0.814505  0.840946  0.776141  0.535650  0.399042  0.527735  0.279068  0.738715  0.403488  0.828086  0.869080  0.677837  0.406847  0.438872  0.402858  0.532666 0.0  0.383862  0.510666  0.289632  0.482654  0.280948  0.276227  0.253576  0.595383  0.796565  0.484206  0.891683  0.774031  0.518238  0.521471  0.282627  0.897405  0.541019  0.749658  0.701235  0.776077  0.556206  0.398877  0.786292  0.731707  0.777489  0.303519  0.885690  0.761478 
34  0.769674  0.732711  0.771691  0.806162  0.575284  0.715876  0.868129  0.797854  0.679851  0.564553  0.743191  0.724777  0.785300  0.512082  0.824297  0.695978  0.775060  0.714071  0.858786  0.585000  0.538530  0.418451  0.617632  0.473927  0.778151  0.455139  0.752695  0.798294  0.781647  0.296171  0.601365  0.439872  0.424284  0.383862 0.0  0.277234  0.319521  0.336392  0.430054  0.426042  0.478860  0.596767  0.839061  0.617831  0.890285  0.832361  0.481227  0.618378  0.377880  0.625009  0.534926  0.717563  0.778412  0.793618  0.499417  0.555439  0.830597  0.750493  0.683920  0.344483  0.719940  0.763352 
35  0.747455  0.795622  0.709554  0.803008  0.579466  0.802924  0.831421  0.765650  0.766988  0.554753  0.784130  0.884438  0.809830  0.515241  0.798793  0.773540  0.742801  0.707326  0.874134  0.652758  0.552817  0.539934  0.700653  0.402610  0.859810  0.404593  0.827394  0.851691  0.616426  0.279828  0.534141  0.384621  0.468620  0.510666  0.277234 0.0  0.417211  0.315651  0.381843  0.430441  0.501842  0.574680  0.896193  0.471519  0.812769  0.807133  0.576797  0.615185  0.410364  0.807694  0.554270  0.826955  0.677420  0.830419  0.608782  0.583330  0.654419  0.871609  0.656692  0.351827  0.751309  0.685634 
36  0.830319  0.718507  0.790223  0.823805  0.598442  0.820140  0.808212  0.798141  0.861569  0.542804  0.807832  0.759776  0.792675  0.528878  0.740019  0.720029  0.818542  0.857268  0.720530  0.759522  0.577624  0.308419  0.603729  0.417105  0.835248  0.443040  0.855516  0.807028  0.737303  0.377412  0.491070  0.437296  0.354002  0.289632  0.319521  0.417211 0.0  0.245843  0.426700  0.205216  0.447598  0.632671  0.853811  0.544424  0.741578  0.824813  0.516760  0.572227  0.175371  0.794329  0.560598  0.902306  0.731577  0.750896  0.456005  0.490936  0.807416  0.644927  0.674512  0.215083  0.792608  0.708688 
37  0.773006  0.833445  0.769858  0.892351  0.737931  0.838814  0.897799  0.869153  0.694339  0.485981  0.848802  0.739624  0.817626  0.491284  0.799988  0.845694  0.839817  0.797773  0.715938  0.774168  0.560567  0.491356  0.593085  0.353337  0.782013  0.339006  0.702338  0.833973  0.704954  0.269164  0.538205  0.320657  0.454563  0.482654  0.336392  0.315651  0.245843 0.0  0.464602  0.325438  0.417780  0.536435  0.909377  0.604651  0.887478  0.805836  0.480221  0.533543  0.365388  0.817890  0.566822  0.686741  0.825439  0.855075  0.566754  0.422027  0.747792  0.821974  0.723381  0.357741  0.719439  0.740225 
38  0.691548  0.786744  0.768580  0.783146  0.597084  0.901779  0.854395  0.823467  0.808735  0.637397  0.648719  0.801106  0.761584  0.537401  0.741657  0.773969  0.834990  0.850170  0.849081  0.761400  0.582515  0.410722  0.512987  0.286286  0.823621  0.443764  0.819454  0.723887  0.778316  0.586709  0.487687  0.421988  0.601145  0.280948  0.430054  0.381843  0.426700  0.464602 0.0  0.462005  0.237752  0.586230  0.854802  0.528079  0.796135  0.837983  0.660043  0.625499  0.282638  0.890206  0.681493  0.929105  0.754034  0.827940  0.424198  0.502747  0.843286  0.796107  0.668564  0.268697  0.745879  0.715445 
39  0.838083  0.797012  0.735417  0.762595  0.573655  0.853826  0.786704  0.859076  0.790816  0.576039  0.737588  0.795672  0.752674  0.547168  0.723544  0.783176  0.802233  0.826897  0.710324  0.800365  0.544592  0.461301  0.730373  0.539403  0.794675  0.127733  0.812788  0.696841  0.753117  0.342886  0.386730  0.376548  0.428616  0.276227  0.426042  0.430441  0.205216  0.325438  0.462005 0.0  0.368990  0.629526  0.793618  0.506553  0.791316  0.917556  0.707764  0.537130  0.252979  0.835807  0.508569  0.808325  0.869795  0.771054  0.486835  0.466932  0.835228  0.838864  0.760782  0.221989  0.706413  0.798655 
40  0.731893  0.718774  0.702599  0.760622  0.535520  0.783403  0.849974  0.731247  0.820540  0.635243  0.818615  0.752642  0.735608  0.470035  0.762799  0.741282  0.811457  0.845703  0.744610  0.640808  0.615935  0.377051  0.569657  0.352045  0.909972  0.360121  0.682606  0.895880  0.594648  0.486783  0.350634  0.394451  0.503702  0.253576  0.478860  0.501842  0.447598  0.417780  0.237752  0.368990 0.0  0.455850  0.635941  0.499757  0.855527  0.841261  0.613204  0.537638  0.439946  0.847480  0.611993  0.776547  0.686136  0.882862  0.442873  0.481878  0.779174  0.792064  0.838902  0.283681  0.744284  0.800356 
41  0.846197  0.821358  0.776151  0.885958  0.356261  0.810534  0.867954  0.743751  0.797754  0.705555  0.806869  0.700288  0.865036  0.637843  0.882554  0.805844  0.787394  0.807148  0.905676  0.888955  0.404209  0.616949  0.487397  0.592254  0.934486  0.619919  0.677633  0.743678  0.778122  0.627544  0.469767  0.626526  0.706041  0.595383  0.596767  0.574680  0.632671  0.536435  0.586230  0.629526  0.455850 0.0  0.831276  0.555125  0.784667  0.878586  0.415373  0.425376  0.606485  0.706229  0.157569  0.777611  0.793949  0.833019  0.479903  0.355126  0.755532  0.869630  0.746776  0.574718  0.765822  0.840584 
42  0.765225  0.590640  0.840993  0.699021  0.836510  0.702337  0.655374  0.655608  0.643856  0.780004  0.735271  0.790389  0.797626  0.774960  0.787469  0.582392  0.781239  0.812271  0.828847  0.861207  0.868898  0.778831  0.834672  0.847488  0.128397  0.757328  0.789664  0.664886  0.738478  0.823780  0.783696  0.895539  0.821538  0.796565  0.839061  0.896193  0.853811  0.909377  0.854802  0.793618  0.635941  0.831276 0.0  0.765733  0.778064  0.861257  0.816046  0.744871  0.770335  0.827950  0.815282  0.821354  0.798302  0.798123  0.866871  0.792974  0.708171  0.698016  0.847262  0.924369  0.814892  0.816753 
43  0.854167  0.862146  0.775385  0.816255  0.509264  0.906273  0.959618  0.818825  0.777167  0.589979  0.738123  0.757801  0.791245  0.504479  0.799897  0.800825  0.729895  0.855601  0.855164  0.854828  0.582070  0.467088  0.518791  0.634647  0.672390  0.468757  0.839519  0.671290  0.852402  0.693318  0.441516  0.603018  0.378770  0.484206  0.617831  0.471519  0.544424  0.604651  0.528079  0.506553  0.499757  0.555125  0.765733 0.0  0.787167  0.825059  0.519336  0.473564  0.537876  0.788017  0.558945  0.915129  0.737052  0.797653  0.571033  0.433057  0.819454  0.910507  0.662108  0.629624  0.838424  0.845343 
44  0.655379  0.706212  0.495438  0.543870  0.719726  0.748168  0.829859  0.741163  0.699122  0.715839  0.860277  0.923754  0.725666  0.837445  0.630661  0.713514  0.692391  0.572118  0.623161  0.544408  0.782615  0.828949  0.810940  0.774569  0.778661  0.805202  0.648003  0.814548  0.534519  0.781982  0.799173  0.691788  0.791543  0.891683  0.890285  0.812769  0.741578  0.887478  0.796135  0.791316  0.855527  0.784667  0.778064  0.787167 0.0  0.650797  0.870354  0.860676  0.691498  0.532211  0.725934  0.484702  0.477476  0.606726  0.729926  0.852865  0.651858  0.599930  0.792310  0.751164  0.509567  0.552555 
45  0.674537  0.785059  0.632581  0.771520  0.853337  0.783049  0.868532  0.860204  0.786959  0.794891  0.872682  0.899520  0.509913  0.876291  0.744214  0.840600  0.627971  0.737307  0.652266  0.646526  0.843437  0.771999  0.897085  0.806231  0.799743  0.836216  0.573989  0.881035  0.640703  0.676845  0.842926  0.725294  0.788522  0.774031  0.832361  0.807133  0.824813  0.805836  0.837983  0.917556  0.841261  0.878586  0.861257  0.825059  0.650797 0.0  0.861243  0.835951  0.745868  0.689771  0.919198  0.656029  0.545861  0.620681  0.765506  0.741115  0.736626  0.743269  0.847304  0.751497  0.619192  0.621424 
46  0.785133  0.832032  0.848027  0.845037  0.537926  0.848751  0.861741  0.872011  0.807353  0.587718  0.796949  0.754618  0.821355  0.586319  0.778730  0.785665  0.814781  0.769032  0.833825  0.750927  0.453599  0.503637  0.539228  0.449219  0.859184  0.522091  0.727198  0.838076  0.802255  0.575178  0.552192  0.695129  0.497871  0.518238  0.481227  0.576797  0.516760  0.480221  0.660043  0.707764  0.613204  0.415373  0.816046  0.519336  0.870354  0.861243 0.0  0.398399  0.558986  0.917958  0.553007  0.720040  0.743373  0.736219  0.534479  0.415980  0.895508  0.763954  0.888212  0.621087  0.742139  0.750283 
47  0.765837  0.901050  0.712868  0.764622  0.346403  0.730343  0.825162  0.826506  0.808205  0.659453  0.891562  0.837010  0.824949  0.550414  0.869408  0.787153  0.727371  0.678762  0.793677  0.681844  0.429520  0.524857  0.614466  0.479834  0.857090  0.528915  0.683055  0.792231  0.652759  0.596189  0.423874  0.566603  0.629344  0.521471  0.618378  0.615185  0.572227  0.533543  0.625499  0.537130  0.537638  0.425376  0.744871  0.473564  0.860676  0.835951  0.398399 0.0  0.514862  0.804907  0.511317  0.732910  0.817596  0.895764  0.194401  0.390247  0.646311  0.757444  0.690675  0.530615  0.759372  0.841377 
48  0.835429  0.759097  0.890708  0.928984  0.575035  0.870450  0.798686  0.806648  0.890503  0.547599  0.861702  0.775319  0.735082  0.463453  0.808584  0.791879  0.777972  0.679455  0.874173  0.783891  0.505822  0.327863  0.538810  0.302702  0.803586  0.389273  0.749496  0.814164  0.765242  0.316167  0.535256  0.343195  0.491411  0.282627  0.377880  0.410364  0.175371  0.365388  0.282638  0.252979  0.439946  0.606485  0.770335  0.537876  0.691498  0.745868  0.558986  0.514862 0.0  0.719141  0.596133  0.787307  0.736934  0.811446  0.505291  0.507901  0.747207  0.734026  0.714438  0.000000  0.845258  0.739121 
49  0.642089  0.786066  0.470799  0.742829  0.733062  0.804829  0.703715  0.774347  0.606780  0.802259  0.798049  0.729638  0.736233  0.762955  0.614289  0.782020  0.722494  0.570963  0.685200  0.583061  0.895279  0.845409  0.763914  0.820685  0.813900  0.748930  0.614506  1.000000  0.576291  0.823203  0.774621  0.732242  0.768114  0.897405  0.625009  0.807694  0.794329  0.817890  0.890206  0.835807  0.847480  0.706229  0.827950  0.788017  0.532211  0.689771  0.917958  0.804907  0.719141 0.0  0.890587  0.527138  0.613097  0.738671  0.800493  0.855810  0.564623  0.559107  0.926764  0.830066  0.563387  0.648256 
50  0.822095  0.723955  0.924762  0.797066  0.378031  0.888916  0.792588  0.762729  0.892231  0.708648  0.744693  0.927468  0.741723  0.614194  0.743846  0.728541  0.642997  0.778401  0.748516  0.711109  0.465576  0.571980  0.471288  0.490370  0.699578  0.573422  0.769139  0.822039  0.824930  0.654968  0.507513  0.552493  0.599246  0.541019  0.534926  0.554270  0.560598  0.566822  0.681493  0.508569  0.611993  0.157569  0.815282  0.558945  0.725934  0.919198  0.553007  0.511317  0.596133  0.890587 0.0  0.813727  0.803632  0.809035  0.458656  0.588580  0.850070  0.853307  0.807681  0.646132  0.742074  0.732709 
51  0.497198  0.875627  0.461894  0.744661  0.785017  0.795498  0.788879  0.714654  0.705184  0.751586  0.898490  0.922635  0.763281  0.766665  0.328982  0.742327  0.518234  0.440599  0.484181  0.527781  0.792944  0.828880  0.697632  0.777375  0.716566  0.757019  0.630828  0.822269  0.472288  0.729882  0.818804  0.811321  0.785024  0.749658  0.717563  0.826955  0.902306  0.686741  0.929105  0.808325  0.776547  0.777611  0.821354  0.915129  0.484702  0.656029  0.720040  0.732910  0.787307  0.527138  0.813727 0.0  0.485005  0.637244  0.767975  0.685723  0.614448  0.710410  0.849261  0.693506  0.286820  0.429183 
52  0.618033  0.787289  0.368015  0.700628  0.753915  0.771865  0.727679  0.704161  0.536547  0.741709  0.757880  0.901172  0.698104  0.797585  0.319949  0.728801  0.597559  0.505103  0.479094  0.539500  0.831175  0.716275  0.901917  0.808309  0.772925  0.755085  0.703872  0.719642  0.520586  0.819220  0.773218  0.774594  0.724490  0.701235  0.778412  0.677420  0.731577  0.825439  0.754034  0.869795  0.686136  0.793949  0.798302  0.737052  0.477476  0.545861  0.743373  0.817596  0.736934  0.613097  0.803632  0.485005 0.0  0.689029  0.763682  0.751348  0.557608  0.555823  0.772407  0.727555  0.431919  0.487386 
53  0.692760  0.755295  0.578518  0.683458  0.839034  0.764627  0.883715  0.824626  0.719452  0.805515  0.810721  0.737594  0.691088  0.878575  0.709547  0.834602  0.712567  0.647391  0.497655  0.714903  0.865946  0.884385  0.810967  0.749685  0.789658  0.806842  0.587603  0.831714  0.794741  0.808229  0.835495  0.768128  0.806265  0.776077  0.793618  0.830419  0.750896  0.855075  0.827940  0.771054  0.882862  0.833019  0.798123  0.797653  0.606726  0.620681  0.736219  0.895764  0.811446  0.738671  0.809035  0.637244  0.689029 0.0  0.858406  0.772592  0.708814  0.718516  0.856500  0.763877  0.665581  0.691781 
54  0.880081  0.759639  0.817571  0.785066  0.497589  0.805444  0.699477  0.857280  0.691584  0.707971  0.828651  0.800297  0.826206  0.516361  0.715472  0.753034  0.841960  0.761319  0.722950  0.788757  0.366259  0.429477  0.575711  0.519692  0.792873  0.448712  0.738071  0.835830  0.726394  0.501262  0.285944  0.552459  0.504521  0.556206  0.499417  0.608782  0.456005  0.566754  0.424198  0.486835  0.442873  0.479903  0.866871  0.571033  0.729926  0.765506  0.534479  0.194401  0.505291  0.800493  0.458656  0.767975  0.763682  0.858406 0.0  0.397468  0.738611  0.796226  0.789385  0.574051  0.830663  0.787988 
55  0.836940  0.918335  0.810654  0.850970  0.498791  0.820443  0.768632  0.844959  0.890919  0.734935  0.771788  0.922209  0.798933  0.524571  0.716229  0.847353  0.795717  0.788024  0.864866  0.712766  0.459017  0.455284  0.598566  0.449109  0.788894  0.534580  0.820965  0.887812  0.866670  0.608863  0.295294  0.549570  0.503292  0.398877  0.555439  0.583330  0.490936  0.422027  0.502747  0.466932  0.481878  0.355126  0.792974  0.433057  0.852865  0.741115  0.415980  0.390247  0.507901  0.855810  0.588580  0.685723  0.751348  0.772592  0.397468 0.0  0.815020  0.783877  0.677160  0.503084  0.804445  0.845163 
56  0.695284  0.740989  0.588032  0.683403  0.785494  0.636201  0.719228  0.810847  0.569852  0.724585  0.810617  0.849788  0.676687  0.747202  0.613268  0.793818  0.660932  0.633108  0.724362  0.529819  0.899092  0.699527  0.794285  0.829952  0.717138  0.809594  0.816341  0.846563  0.520740  0.747759  0.778483  0.841346  0.841227  0.786292  0.830597  0.654419  0.807416  0.747792  0.843286  0.835228  0.779174  0.755532  0.708171  0.819454  0.651858  0.736626  0.895508  0.646311  0.747207  0.564623  0.850070  0.614448  0.557608  0.708814  0.738611  0.815020 0.0  0.419214  0.697790  0.716224  0.735910  0.583502 
57  0.587120  0.644050  0.561722  0.691688  0.823664  0.720689  0.757648  0.747419  0.523332  0.779585  0.907603  0.853049  0.742822  0.759432  0.555705  0.656533  0.690841  0.742960  0.577325  0.666028  0.732137  0.684499  0.764070  0.775857  0.734829  0.751987  0.713109  0.866672  0.473386  0.752632  0.672176  0.776964  0.778104  0.731707  0.750493  0.871609  0.644927  0.821974  0.796107  0.838864  0.792064  0.869630  0.698016  0.910507  0.599930  0.743269  0.763954  0.757444  0.734026  0.559107  0.853307  0.710410  0.555823  0.718516  0.796226  0.783877  0.419214 0.0  0.795083  0.804731  0.642174  0.779123 
58  0.876075  0.915024  0.841757  0.762925  0.762271  0.761049  0.881550  0.888597  0.889179  0.771230  0.655890  0.660208  0.838890  0.787217  0.735421  0.840168  0.794319  0.809681  0.755596  0.795476  0.741840  0.665077  0.727043  0.700456  0.709605  0.803735  0.934629  0.753800  0.853113  0.767344  0.753833  0.744620  0.806654  0.777489  0.683920  0.656692  0.674512  0.723381  0.668564  0.760782  0.838902  0.746776  0.847262  0.662108  0.792310  0.847304  0.888212  0.690675  0.714438  0.926764  0.807681  0.849261  0.772407  0.856500  0.789385  0.677160  0.697790  0.795083 0.0  0.692570  0.888480  0.803904 
59  0.749042  0.779669  0.708262  0.813589  0.657572  0.882689  0.901753  0.779344  0.812553  0.504540  0.813439  0.778251  0.767447  0.498469  0.763782  0.844331  0.787760  0.755942  0.755332  0.742537  0.574677  0.240624  0.709799  0.424891  0.857583  0.263778  0.746010  0.634205  0.728173  0.480410  0.497580  0.310011  0.515667  0.303519  0.344483  0.351827  0.215083  0.357741  0.268697  0.221989  0.283681  0.574718  0.924369  0.629624  0.751164  0.751497  0.621087  0.530615  0.000000  0.830066  0.646132  0.693506  0.727555  0.763877  0.574051  0.503084  0.716224  0.804731  0.692570 0.0  0.710588  0.803078 
60  0.447576  0.727408  0.502963  0.697607  0.921457  0.800703  0.747257  0.825127  0.639779  0.731136  0.938705  0.956565  0.717389  0.769999  0.359816  0.796875  0.475085  0.417489  0.308170  0.312074  0.828703  0.779022  0.848777  0.832266  0.782053  0.876567  0.706753  0.870881  0.562831  0.791562  0.690527  0.873988  0.695826  0.885690  0.719940  0.751309  0.792608  0.719439  0.745879  0.706413  0.744284  0.765822  0.814892  0.838424  0.509567  0.619192  0.742139  0.759372  0.845258  0.563387  0.742074  0.286820  0.431919  0.665581  0.830663  0.804445  0.735910  0.642174  0.888480  0.710588 0.0  0.447999 
61  0.403347  0.740657  0.564241  0.750853  0.724496  0.819749  0.828362  0.874423  0.790341  0.777523  0.896214  0.761815  0.655008  0.787676  0.421852  0.735217  0.464729  0.386787  0.442534  0.436190  0.758814  0.828163  0.822166  0.663562  0.771684  0.702946  0.557482  0.808251  0.598404  0.754875  0.747667  0.746640  0.723043  0.761478  0.763352  0.685634  0.708688  0.740225  0.715445  0.798655  0.800356  0.840584  0.816753  0.845343  0.552555  0.621424  0.750283  0.841377  0.739121  0.648256  0.732709  0.429183  0.487386  0.691781  0.787988  0.845163  0.583502  0.779123  0.803904  0.803078  0.447999 0.0 
