62
0 0.0  0.740540  0.552832  0.694824  0.778198  0.742620  0.850432  0.755291  0.737026  0.735229  0.796006  0.914274  0.684302  0.747524  0.538995  0.672763  0.250564  0.370843  0.383537  0.523930  0.789684  0.722054  0.767169  0.815194  0.687586  0.686343  0.634960  0.772764  0.670850  0.702687  0.643910  0.792792  0.766891  0.754149  0.651765  0.858459  0.685757  0.755020  0.747411  0.755658  0.801328  0.714141  0.828578  0.767086  0.559097  0.723013  0.792632  0.788414  0.750899  0.588248  0.775274  0.441482  0.669502  0.605272  0.735376  0.723089  0.737485  0.613511  0.716230  0.706335  0.501582  0.384806 
1  0.740540 0.0  0.664534  0.633979  0.716239  0.773798  0.611184  0.677174  0.580428  0.698609  0.752830  0.795974  0.854172  0.798602  0.777167  0.514280  0.787301  0.726981  0.742293  0.809039  0.843718  0.854374  0.758649  0.847326  0.398903  0.649245  0.732283  0.757609  0.657666  0.833724  0.793757  0.765289  0.786133  0.693243  0.692557  0.746933  0.743541  0.688736  0.836841  0.796810  0.792064  0.737264  0.484122  0.681926  0.644997  0.883093  0.794294  0.752739  0.812625  0.806604  0.856273  0.667086  0.785066  0.801725  0.776712  0.711715  0.650742  0.763764  0.721063  0.752786  0.727803  0.785260 
2  0.552832  0.664534 0.0  0.748213  0.775039  0.698499  0.756218  0.766060  0.591438  0.712787  0.806962  0.951431  0.608912  0.727765  0.259610  0.783424  0.569776  0.541246  0.476546  0.565770  0.684249  0.736331  0.802199  0.690717  0.764755  0.799718  0.639404  0.764528  0.533416  0.707152  0.800762  0.760308  0.711218  0.620538  0.722716  0.753265  0.730294  0.695255  0.750682  0.750945  0.693675  0.718148  0.804495  0.760110  0.492831  0.681779  0.662391  0.666192  0.755542  0.444298  0.826761  0.530780  0.409122  0.756027  0.815533  0.739838  0.553284  0.542710  0.805953  0.769239  0.480341  0.506076 
3  0.694824  0.633979  0.748213 0.0  0.787929  0.610175  0.570687  0.448141  0.636015  0.752160  0.705315  0.878036  0.834892  0.756987  0.781197  0.575396  0.688186  0.684843  0.827147  0.710516  0.728513  0.758042  0.801315  0.696713  0.680725  0.758598  0.796577  0.769933  0.671240  0.748165  0.905116  0.747363  0.850118  0.853567  0.790774  0.779053  0.760701  0.763006  0.808338  0.767852  0.799959  0.799386  0.592926  0.772492  0.633252  0.757073  0.762696  0.720500  0.885591  0.756117  0.885645  0.675475  0.682162  0.704274  0.817299  0.781634  0.553187  0.681160  0.790123  0.771759  0.625639  0.900837 
4  0.778198  0.716239  0.775039  0.787929 0.0  0.810626  0.740604  0.766954  0.744026  0.600322  0.656174  0.794359  0.791557  0.512486  0.784519  0.674738  0.782736  0.711512  0.743278  0.701677  0.269848  0.512449  0.526048  0.604618  0.707666  0.479721  0.807353  0.698681  0.812360  0.556730  0.495647  0.617344  0.662351  0.548437  0.447802  0.614967  0.637909  0.610068  0.504378  0.529869  0.536358  0.222864  0.784896  0.468125  0.786563  0.754213  0.437909  0.460011  0.524582  0.770611  0.343145  0.806334  0.855297  0.805944  0.472604  0.575083  0.748740  0.789301  0.752089  0.502072  0.709773  0.798787 
5  0.742620  0.773798  0.698499  0.610175  0.810626 0.0  0.554584  0.587856  0.597154  0.832175  0.831375  0.882999  0.863184  0.759387  0.652737  0.729656  0.793958  0.735341  0.656562  0.742895  0.846887  0.748805  0.846141  0.901817  0.555567  0.775892  0.748472  0.709374  0.798383  0.835799  0.771170  0.744501  0.781408  0.691463  0.794272  0.706852  0.771348  0.834689  0.726479  0.639482  0.826951  0.811399  0.684227  0.819193  0.725062  0.745128  0.803895  0.767983  0.671723  0.724863  0.770915  0.790239  0.728245  0.764842  0.715402  0.724696  0.615105  0.673597  0.784764  0.697488  0.745679  0.716628 
6  0.850432  0.611184  0.756218  0.570687  0.740604  0.554584 0.0  0.556251  0.709734  0.774845  0.932768  0.761178  0.783386  0.865994  0.776429  0.663369  0.725776  0.800351  0.767350  0.672766  0.827199  0.817404  0.889542  0.776870  0.618397  0.769326  0.812575  0.816187  0.759246  0.630833  0.807842  0.824887  0.691166  0.865035  0.759902  0.783460  0.860439  0.779037  0.754640  0.745837  0.791887  0.813854  0.644280  0.832011  0.690091  0.816286  0.852071  0.780379  0.775683  0.666076  0.832848  0.739460  0.792006  0.789460  0.687055  0.731817  0.653904  0.719719  0.840459  0.713462  0.839203  0.749860 
7  0.755291  0.677174  0.766060  0.448141  0.766954  0.587856  0.556251 0.0  0.730240  0.760894  0.763908  0.810668  1.000000  0.747335  0.715377  0.710755  0.744299  0.687881  0.684474  0.791988  0.929795  0.884460  0.777291  0.757553  0.613276  0.864403  0.816245  0.771225  0.767686  0.738507  0.793679  0.863899  0.770181  0.752774  0.755085  0.671686  0.762755  0.717529  0.772349  0.742384  0.820150  0.748101  0.560533  0.696182  0.701965  0.851292  0.818043  0.808900  0.770097  0.647652  0.724631  0.814242  0.757645  0.833018  0.702263  0.812646  0.737817  0.747939  0.775763  0.703576  0.741599  0.808742 
8  0.737026  0.580428  0.591438  0.636015  0.744026  0.597154  0.709734  0.730240 0.0  0.723208  0.807436  0.768508  0.782279  0.749889  0.651687  0.611008  0.687256  0.622949  0.581928  0.664710  0.874026  0.800518  0.714547  0.764184  0.601035  0.704454  0.706294  0.760321  0.486847  0.692460  0.806838  0.615234  0.746728  0.651958  0.765052  0.666089  0.699900  0.684906  0.719649  0.718280  0.703580  0.758064  0.806037  0.749604  0.671719  0.712991  0.828791  0.770101  0.636720  0.638264  0.811271  0.684781  0.733407  0.789926  0.682068  0.811763  0.484851  0.531256  0.670444  0.812971  0.532506  0.711656 
9  0.735229  0.698609  0.712787  0.752160  0.600322  0.832175  0.774845  0.760894  0.723208 0.0  0.807782  0.774017  0.752157  0.522838  0.726978  0.719411  0.668752  0.797164  0.736294  0.748237  0.557410  0.498711  0.679011  0.547987  0.655678  0.580249  0.726632  0.767646  0.625287  0.471762  0.612647  0.564287  0.598819  0.566037  0.485318  0.471459  0.552704  0.570432  0.496395  0.465967  0.572820  0.579533  0.660279  0.603847  0.776262  0.711181  0.624671  0.596965  0.593810  0.678230  0.680866  0.871970  0.623657  0.685374  0.620515  0.624042  0.771505  0.741258  0.855089  0.481984  0.733866  0.781452 
10  0.796006  0.752830  0.806962  0.705315  0.656174  0.831375  0.932768  0.763908  0.807436  0.807782 0.0  0.389431  0.658280  0.766696  0.831379  0.802649  0.771343  0.820514  0.831729  0.898878  0.740109  0.799119  0.718541  0.711855  0.771806  0.837164  0.871888  0.622265  0.812684  0.778881  0.812825  0.715516  0.776670  0.677402  0.734990  0.713492  0.778082  0.775804  0.731160  0.798745  0.702183  0.815769  0.907997  0.709949  0.845438  0.854932  0.715989  0.721988  0.729648  0.860006  0.757347  0.729301  0.904201  0.855232  0.776241  0.774110  0.865962  0.823703  0.637768  0.766567  0.842016  0.865849 
11  0.914274  0.795974  0.951431  0.878036  0.794359  0.882999  0.761178  0.810668  0.768508  0.774017  0.389431 0.0  0.890894  0.818327  0.791931  0.797806  0.818466  0.786000  0.716332  0.874919  0.797127  0.797767  0.680953  0.643727  0.749469  0.899979  0.940544  0.678877  0.863465  0.731172  0.749986  0.732733  0.803289  0.792629  0.781317  0.810643  0.783712  0.767988  0.752821  0.701725  0.735518  0.736651  0.791110  0.756359  0.867066  0.824374  0.742076  0.700108  0.779143  0.833845  0.693965  0.865928  0.809375  0.856520  0.707357  0.730804  0.817056  0.828954  0.589235  0.744459  0.725927  0.782800 
12  0.684302  0.854172  0.608912  0.834892  0.791557  0.863184  0.783386  1.000000  0.782279  0.752157  0.658280  0.890894 0.0  0.757017  0.636220  0.777945  0.631774  0.594319  0.678712  0.695980  0.710559  0.741358  0.844276  0.759009  0.879409  0.714129  0.381303  0.741003  0.829302  0.755652  0.903797  0.726011  0.670709  0.809785  0.659885  0.746860  0.731240  0.840926  0.748486  0.753105  0.848644  0.766900  0.776224  0.677366  0.749418  0.604891  0.627267  0.862016  0.730123  0.699446  0.839867  0.632807  0.640428  0.619941  0.843194  0.747289  0.825229  0.786394  0.786342  0.680236  0.735712  0.670270 
13  0.747524  0.798602  0.727765  0.756987  0.512486  0.759387  0.865994  0.747335  0.749889  0.522838  0.766696  0.818327  0.757017 0.0  0.705700  0.727209  0.709146  0.786521  0.790069  0.805693  0.495439  0.533638  0.569086  0.572493  0.707370  0.528545  0.767424  0.762207  0.708864  0.442417  0.538664  0.483912  0.564006  0.483463  0.352286  0.576324  0.441353  0.512473  0.491937  0.527968  0.402076  0.575569  0.683605  0.511241  0.779385  0.757536  0.555935  0.543642  0.477073  0.737963  0.643646  0.743030  0.793476  0.834421  0.458463  0.589477  0.720898  0.778289  0.812461  0.576555  0.680728  0.794184 
14  0.538995  0.777167  0.259610  0.781197  0.784519  0.652737  0.776429  0.715377  0.651687  0.726978  0.831379  0.791931  0.636220  0.705700 0.0  0.721159  0.517487  0.542807  0.376249  0.464380  0.798166  0.749218  0.788495  0.729891  0.783034  0.717919  0.702478  0.802351  0.525715  0.688211  0.763770  0.723537  0.756536  0.740870  0.764078  0.693429  0.739924  0.792715  0.750248  0.846513  0.772924  0.756198  0.821724  0.696118  0.539586  0.581676  0.655704  0.790361  0.792440  0.602616  0.770320  0.385574  0.348851  0.617042  0.685909  0.741415  0.568442  0.667880  0.843855  0.716166  0.410896  0.465000 
15  0.672763  0.514280  0.783424  0.575396  0.674738  0.729656  0.663369  0.710755  0.611008  0.719411  0.802649  0.797806  0.777945  0.727209  0.721159 0.0  0.699158  0.739453  0.729279  0.701511  0.803089  0.757668  0.773118  0.913400  0.593414  0.710873  0.715170  0.695951  0.798787  0.721043  0.734183  0.796777  0.761642  0.763150  0.670524  0.661832  0.821509  0.749958  0.758286  0.814535  0.697966  0.717264  0.491833  0.682373  0.673296  0.899877  0.765493  0.825823  0.648305  0.628357  0.783780  0.767987  0.652037  0.680075  0.690227  0.776510  0.581578  0.680491  0.762550  0.666853  0.714032  0.683403 
16  0.250564  0.787301  0.569776  0.688186  0.782736  0.793958  0.725776  0.744299  0.687256  0.668752  0.771343  0.818466  0.631774  0.709146  0.517487  0.699158 0.0  0.448768  0.473623  0.461065  0.688957  0.798952  0.790775  0.715860  0.766566  0.748694  0.610990  0.689260  0.602186  0.692971  0.794420  0.704680  0.764973  0.784628  0.647469  0.654269  0.681110  0.655488  0.686041  0.819050  0.683909  0.748297  0.652244  0.748752  0.545201  0.596126  0.733018  0.747681  0.709355  0.586972  0.669763  0.533902  0.519429  0.613832  0.731553  0.728545  0.733968  0.596555  0.783327  0.711686  0.482270  0.431179 
17  0.370843  0.726981  0.541246  0.684843  0.711512  0.735341  0.800351  0.687881  0.622949  0.797164  0.820514  0.786000  0.594319  0.786521  0.542807  0.739453  0.448768 0.0  0.299778  0.484550  0.652272  0.765539  0.731217  0.788748  0.826561  0.682242  0.567548  0.785726  0.696512  0.709293  0.701109  0.734868  0.741770  0.730355  0.724947  0.780171  0.630156  0.640163  0.721800  0.686146  0.750904  0.722440  0.665710  0.648507  0.491815  0.678637  0.689115  0.758358  0.644561  0.695212  0.852833  0.548762  0.586076  0.556021  0.729953  0.746164  0.716336  0.647273  0.889390  0.806801  0.411579  0.361164 
18  0.383537  0.742293  0.476546  0.827147  0.743278  0.656562  0.767350  0.684474  0.581928  0.736294  0.831729  0.716332  0.678712  0.790069  0.376249  0.729279  0.473623  0.299778 0.0  0.387691  0.764393  0.750247  0.749467  0.739920  0.754498  0.834297  0.627896  0.783279  0.626669  0.639732  0.707075  0.838438  0.748291  0.793666  0.701632  0.637678  0.811693  0.753033  0.836227  0.821338  0.786708  0.737802  0.809837  0.797416  0.590239  0.517020  0.730405  0.662349  0.821809  0.630453  0.829712  0.405533  0.505806  0.571731  0.752042  0.751734  0.575705  0.621159  0.821120  0.758518  0.256022  0.323214 
19  0.523930  0.809039  0.565770  0.710516  0.701677  0.742895  0.672766  0.791988  0.664710  0.748237  0.898878  0.874919  0.695980  0.805693  0.464380  0.701511  0.461065  0.484550  0.387691 0.0  0.672950  0.669483  0.619294  0.789899  0.803094  0.853802  0.687625  0.858141  0.628011  0.770607  0.656655  0.700089  0.736017  0.704652  0.699668  0.582113  0.858715  0.735157  0.707603  0.706368  0.772159  0.755047  0.667212  0.749306  0.532776  0.699629  0.699880  0.823209  0.767105  0.592405  0.709676  0.482417  0.580709  0.688058  0.682939  0.749960  0.687096  0.648667  0.870533  0.760399  0.306285  0.495839 
20  0.789684  0.843718  0.684249  0.728513  0.269848  0.846887  0.827199  0.929795  0.874026  0.557410  0.740109  0.797127  0.710559  0.495439  0.798166  0.803089  0.688957  0.652272  0.764393  0.672950 0.0  0.548623  0.513438  0.544932  0.785366  0.460124  0.708211  0.766863  0.705561  0.551829  0.478252  0.584187  0.567896  0.476360  0.666114  0.486938  0.492960  0.517891  0.566643  0.614787  0.487432  0.349481  0.750993  0.449175  0.743323  0.780783  0.465017  0.412841  0.533118  0.671081  0.386968  0.677303  0.854110  0.738022  0.425244  0.451400  0.759154  0.798994  0.719170  0.583536  0.757276  0.638901 
21  0.722054  0.854374  0.736331  0.758042  0.512449  0.748805  0.817404  0.884460  0.800518  0.498711  0.799119  0.797767  0.741358  0.533638  0.749218  0.757668  0.798952  0.765539  0.750247  0.669483  0.548623 0.0  0.592584  0.319798  0.898292  0.278489  0.738997  0.720215  0.806882  0.457311  0.421144  0.426410  0.459230  0.362626  0.337466  0.385977  0.351120  0.413134  0.350269  0.212928  0.336221  0.454634  0.669167  0.510253  0.664417  0.809241  0.442477  0.472427  0.274135  0.763918  0.481088  0.750052  0.788632  0.705629  0.568812  0.387529  0.791153  0.816347  0.757283  0.308298  0.623040  0.938766 
22  0.767169  0.758649  0.802199  0.801315  0.526048  0.846141  0.889542  0.777291  0.714547  0.679011  0.718541  0.680953  0.844276  0.569086  0.788495  0.773118  0.790775  0.731217  0.749467  0.619294  0.513438  0.592584 0.0  0.710913  0.852024  0.578021  0.752641  0.767329  0.774714  0.557371  0.585108  0.665270  0.629047  0.538823  0.560602  0.622521  0.686719  0.579819  0.597347  0.600041  0.572170  0.457150  0.804692  0.535434  0.716824  0.892530  0.373999  0.464215  0.577487  0.783949  0.425993  0.756118  0.766601  0.827406  0.521840  0.561518  0.783217  0.684835  0.657766  0.559239  0.834981  0.737927 
23  0.815194  0.847326  0.690717  0.696713  0.604618  0.901817  0.776870  0.757553  0.764184  0.547987  0.711855  0.643727  0.759009  0.572493  0.729891  0.913400  0.715860  0.788748  0.739920  0.789899  0.544932  0.319798  0.710913 0.0  0.842617  0.311866  0.765970  0.801667  0.748650  0.468503  0.512985  0.341234  0.612452  0.454990  0.555894  0.285834  0.395030  0.372511  0.177724  0.482301  0.341038  0.510480  0.808145  0.534252  0.691067  0.765950  0.561624  0.545122  0.316388  0.716378  0.533105  0.780293  0.718875  0.768486  0.455097  0.443834  0.716459  0.804439  0.761050  0.350362  0.783371  0.938365 
24  0.687586  0.398903  0.764755  0.680725  0.707666  0.555567  0.618397  0.613276  0.601035  0.655678  0.771806  0.749469  0.879409  0.707370  0.783034  0.593414  0.766566  0.826561  0.754498  0.803094  0.785366  0.898292  0.852024  0.842617 0.0  0.695018  0.872461  0.798954  0.697461  0.777436  0.756712  0.745325  0.728858  0.736932  0.706749  0.698337  0.801885  0.760137  0.672158  0.693206  0.752917  0.711383  0.241269  0.776410  0.647019  0.799098  0.743955  0.815828  0.790755  0.752217  0.773204  0.738526  0.774818  0.805448  0.698036  0.777833  0.605547  0.629694  0.770100  0.826166  0.653002  0.741694 
25  0.686343  0.649245  0.799718  0.758598  0.479721  0.775892  0.769326  0.864403  0.704454  0.580249  0.837164  0.899979  0.714129  0.528545  0.717919  0.710873  0.748694  0.682242  0.834297  0.853802  0.460124  0.278489  0.578021  0.311866  0.695018 0.0  0.679224  0.765092  0.751218  0.303814  0.414829  0.352632  0.410396  0.289967  0.411941  0.485255  0.290763  0.279692  0.368301  0.103391  0.441260  0.568708  0.751167  0.502732  0.700082  0.741243  0.509270  0.494308  0.271357  0.767197  0.559173  0.692127  0.673824  0.771221  0.441786  0.393518  0.863231  0.717257  0.719828  0.281541  0.746086  0.795743 
26  0.634960  0.732283  0.639404  0.796577  0.807353  0.748472  0.812575  0.816245  0.706294  0.726632  0.871888  0.940544  0.381303  0.767424  0.702478  0.715170  0.610990  0.567548  0.627896  0.687625  0.708211  0.738997  0.752641  0.765970  0.872461  0.679224 0.0  0.795496  0.705056  0.770621  0.765329  0.767888  0.785319  0.709316  0.723713  0.772955  0.839294  0.755316  0.680901  0.675487  0.879904  0.710051  0.861162  0.724647  0.604256  0.492377  0.768451  0.718767  0.787413  0.727973  0.714638  0.583913  0.628244  0.646649  0.833717  0.724202  0.656171  0.693353  0.821588  0.734272  0.623891  0.609628 
27  0.772764  0.757609  0.764528  0.769933  0.698681  0.709374  0.816187  0.771225  0.760321  0.767646  0.622265  0.678877  0.741003  0.762207  0.802351  0.695951  0.689260  0.785726  0.783279  0.858141  0.766863  0.720215  0.767329  0.801667  0.798954  0.765092  0.795496 0.0  0.894262  0.688431  0.723827  0.786765  0.779848  0.787991  0.840272  0.793820  0.729572  0.769687  0.816215  0.800915  0.679292  0.650210  0.662574  0.678155  0.805117  0.689746  0.755533  0.808658  0.659823  0.856231  0.727845  0.703464  0.734306  0.794035  0.726573  0.860980  0.796125  0.797466  0.796715  0.775091  0.860728  0.820317 
28  0.670850  0.657666  0.533416  0.671240  0.812360  0.798383  0.759246  0.767686  0.486847  0.625287  0.812684  0.863465  0.829302  0.708864  0.525715  0.798787  0.602186  0.696512  0.626669  0.628011  0.705561  0.806882  0.774714  0.748650  0.697461  0.751218  0.705056  0.894262 0.0  0.803230  0.830256  0.645968  0.723228  0.667974  0.766610  0.656064  0.698845  0.599578  0.685349  0.784195  0.745126  0.742504  0.724457  0.778861  0.663050  0.719015  0.806592  0.762366  0.721336  0.485699  0.720252  0.571690  0.630991  0.745141  0.697164  0.693895  0.494942  0.438133  0.817821  0.728914  0.525740  0.645827 
29  0.702687  0.833724  0.707152  0.748165  0.556730  0.835799  0.630833  0.738507  0.692460  0.471762  0.778881  0.731172  0.755652  0.442417  0.688211  0.721043  0.692971  0.709293  0.639732  0.770607  0.551829  0.457311  0.557371  0.468503  0.777436  0.303814  0.770621  0.688431  0.803230 0.0  0.516647  0.359546  0.376309  0.468069  0.283446  0.369548  0.306345  0.321206  0.496388  0.458402  0.395110  0.640935  0.858217  0.545034  0.787529  0.713110  0.612215  0.551651  0.389980  0.793503  0.675855  0.692428  0.837822  0.699984  0.564446  0.447355  0.746670  0.692845  0.748115  0.381785  0.790888  0.693223 
30  0.643910  0.793757  0.800762  0.905116  0.495647  0.771170  0.807842  0.793679  0.806838  0.612647  0.812825  0.749986  0.903797  0.538664  0.763770  0.734183  0.794420  0.701109  0.707075  0.656655  0.478252  0.421144  0.585108  0.512985  0.756712  0.414829  0.765329  0.723827  0.830256  0.516647 0.0  0.471509  0.530705  0.498137  0.455548  0.491393  0.408057  0.499276  0.563809  0.419297  0.372698  0.365859  0.733063  0.393338  0.827331  0.788854  0.416383  0.410698  0.502980  0.806561  0.461216  0.725791  0.697894  0.766005  0.327109  0.278042  0.677779  0.815681  0.666915  0.539959  0.781530  0.662232 
31  0.792792  0.765289  0.760308  0.747363  0.617344  0.744501  0.824887  0.863899  0.615234  0.564287  0.715516  0.732733  0.726011  0.483912  0.723537  0.796777  0.704680  0.734868  0.838438  0.700089  0.584187  0.426410  0.665270  0.341234  0.745325  0.352632  0.767888  0.786765  0.645968  0.359546  0.471509 0.0  0.462071  0.398579  0.298532  0.389420  0.387096  0.265819  0.346140  0.471574  0.421654  0.535877  0.769828  0.592419  0.869567  0.767077  0.603415  0.498241  0.401637  0.688457  0.520176  0.698551  0.781011  0.741880  0.497349  0.430870  0.805329  0.770490  0.661716  0.365706  0.842098  0.721295 
32  0.766891  0.786133  0.711218  0.850118  0.662351  0.781408  0.691166  0.770181  0.746728  0.598819  0.776670  0.803289  0.670709  0.564006  0.756536  0.761642  0.764973  0.741770  0.748291  0.736017  0.567896  0.459230  0.629047  0.612452  0.728858  0.410396  0.785319  0.779848  0.723228  0.376309  0.530705  0.462071 0.0  0.427083  0.503705  0.453885  0.317044  0.525726  0.485403  0.371350  0.329408  0.629570  0.776918  0.418347  0.761055  0.781756  0.575222  0.644689  0.379079  0.793361  0.577276  0.724598  0.729216  0.832114  0.541286  0.545116  0.823010  0.701690  0.761223  0.327099  0.698783  0.700599 
33  0.754149  0.693243  0.620538  0.853567  0.548437  0.691463  0.865035  0.752774  0.651958  0.566037  0.677402  0.792629  0.809785  0.483463  0.740870  0.763150  0.784628  0.730355  0.793666  0.704652  0.476360  0.362626  0.538823  0.454990  0.736932  0.289967  0.709316  0.787991  0.667974  0.468069  0.498137  0.398579  0.427083 0.0  0.430535  0.340129  0.301383  0.384081  0.182514  0.332007  0.297363  0.603660  0.834451  0.408353  0.757066  0.712416  0.404694  0.389077  0.305219  0.768261  0.566134  0.682472  0.753495  0.777316  0.491225  0.462817  0.853067  0.651874  0.791993  0.298094  0.770114  0.713055 
34  0.651765  0.692557  0.722716  0.790774  0.447802  0.794272  0.759902  0.755085  0.765052  0.485318  0.734990  0.781317  0.659885  0.352286  0.764078  0.670524  0.647469  0.724947  0.701632  0.699668  0.666114  0.337466  0.560602  0.555894  0.706749  0.411941  0.723713  0.840272  0.766610  0.283446  0.455548  0.298532  0.503705  0.430535 0.0  0.334824  0.366099  0.341276  0.375488  0.351269  0.485150  0.585163  0.812241  0.619740  0.665872  0.816401  0.638667  0.587821  0.406220  0.611528  0.610176  0.710375  0.695843  0.818016  0.510395  0.600417  0.747331  0.688556  0.785782  0.341576  0.744915  0.731563 
35  0.858459  0.746933  0.753265  0.779053  0.614967  0.706852  0.783460  0.671686  0.666089  0.471459  0.713492  0.810643  0.746860  0.576324  0.693429  0.661832  0.654269  0.780171  0.637678  0.582113  0.486938  0.385977  0.622521  0.285834  0.698337  0.485255  0.772955  0.793820  0.656064  0.369548  0.491393  0.389420  0.453885  0.340129  0.334824 0.0  0.459352  0.219511  0.442428  0.456711  0.340657  0.593137  0.782845  0.574213  0.715612  0.752155  0.619410  0.587014  0.368708  0.839574  0.663402  0.709641  0.788677  0.898458  0.485596  0.440915  0.772304  0.736638  0.674163  0.502041  0.755751  0.726386 
36  0.685757  0.743541  0.730294  0.760701  0.637909  0.771348  0.860439  0.762755  0.699900  0.552704  0.778082  0.783712  0.731240  0.441353  0.739924  0.821509  0.681110  0.630156  0.811693  0.858715  0.492960  0.351120  0.686719  0.395030  0.801885  0.290763  0.839294  0.729572  0.698845  0.306345  0.408057  0.387096  0.317044  0.301383  0.366099  0.459352 0.0  0.324385  0.304456  0.257913  0.358626  0.608011  0.803257  0.402468  0.721128  0.731082  0.514529  0.467228  0.131967  0.742588  0.492142  0.814108  0.726361  0.832690  0.579425  0.371861  0.731915  0.757528  0.784383  0.128005  0.707551  0.635793 
37  0.755020  0.688736  0.695255  0.763006  0.610068  0.834689  0.779037  0.717529  0.684906  0.570432  0.775804  0.767988  0.840926  0.512473  0.792715  0.749958  0.655488  0.640163  0.753033  0.735157  0.517891  0.413134  0.579819  0.372511  0.760137  0.279692  0.755316  0.769687  0.599578  0.321206  0.499276  0.265819  0.525726  0.384081  0.341276  0.219511  0.324385 0.0  0.308627  0.399310  0.482689  0.568707  0.812161  0.450560  0.762225  0.722996  0.730291  0.473594  0.251846  0.715943  0.616608  0.740647  0.752969  0.732560  0.602668  0.445503  0.689350  0.729054  0.721633  0.365065  0.766065  0.750039 
38  0.747411  0.836841  0.750682  0.808338  0.504378  0.726479  0.754640  0.772349  0.719649  0.496395  0.731160  0.752821  0.748486  0.491937  0.750248  0.758286  0.686041  0.721800  0.836227  0.707603  0.566643  0.350269  0.597347  0.177724  0.672158  0.368301  0.680901  0.816215  0.685349  0.496388  0.563809  0.346140  0.485403  0.182514  0.375488  0.442428  0.304456  0.308627 0.0  0.286296  0.317848  0.571356  0.701311  0.488945  0.766334  0.751717  0.540104  0.526804  0.338490  0.806052  0.601137  0.720644  0.606043  0.768845  0.352189  0.390932  0.741393  0.780190  0.614086  0.317925  0.660388  0.656190 
39  0.755658  0.796810  0.750945  0.767852  0.529869  0.639482  0.745837  0.742384  0.718280  0.465967  0.798745  0.701725  0.753105  0.527968  0.846513  0.814535  0.819050  0.686146  0.821338  0.706368  0.614787  0.212928  0.600041  0.482301  0.693206  0.103391  0.675487  0.800915  0.784195  0.458402  0.419297  0.471574  0.371350  0.332007  0.351269  0.456711  0.257913  0.399310  0.286296 0.0  0.355711  0.555529  0.813153  0.480855  0.869491  0.646801  0.543392  0.495478  0.266440  0.728938  0.553021  0.723507  0.624754  0.792659  0.461373  0.474187  0.745395  0.710330  0.714929  0.330735  0.816642  0.645726 
40  0.801328  0.792064  0.693675  0.799959  0.536358  0.826951  0.791887  0.820150  0.703580  0.572820  0.702183  0.735518  0.848644  0.402076  0.772924  0.697966  0.683909  0.750904  0.786708  0.772159  0.487432  0.336221  0.572170  0.341038  0.752917  0.441260  0.879904  0.679292  0.745126  0.395110  0.372698  0.421654  0.329408  0.297363  0.485150  0.340657  0.358626  0.482689  0.317848  0.355711 0.0  0.551083  0.861027  0.502143  0.796785  0.785572  0.433300  0.447965  0.364995  0.718592  0.592843  0.793221  0.722781  0.699001  0.423332  0.425564  0.776218  0.736487  0.622947  0.385887  0.736381  0.691290 
41  0.714141  0.737264  0.718148  0.799386  0.222864  0.811399  0.813854  0.748101  0.758064  0.579533  0.815769  0.736651  0.766900  0.575569  0.756198  0.717264  0.748297  0.722440  0.737802  0.755047  0.349481  0.454634  0.457150  0.510480  0.711383  0.568708  0.710051  0.650210  0.742504  0.640935  0.365859  0.535877  0.629570  0.603660  0.585163  0.593137  0.608011  0.568707  0.571356  0.555529  0.551083 0.0  0.756388  0.476077  0.839181  0.748748  0.293775  0.478059  0.492079  0.858802  0.273343  0.719175  0.758269  0.754577  0.459457  0.568843  0.809191  0.785914  0.710375  0.562190  0.824484  0.799578 
42  0.828578  0.484122  0.804495  0.592926  0.784896  0.684227  0.644280  0.560533  0.806037  0.660279  0.907997  0.791110  0.776224  0.683605  0.821724  0.491833  0.652244  0.665710  0.809837  0.667212  0.750993  0.669167  0.804692  0.808145  0.241269  0.751167  0.861162  0.662574  0.724457  0.858217  0.733063  0.769828  0.776918  0.834451  0.812241  0.782845  0.803257  0.812161  0.701311  0.813153  0.861027  0.756388 0.0  0.803857  0.749639  0.766084  0.900620  0.784047  0.676362  0.712493  0.888910  0.766523  0.794092  0.725880  0.682087  0.722675  0.640827  0.761873  0.812042  0.820876  0.804962  0.811728 
43  0.767086  0.681926  0.760110  0.772492  0.468125  0.819193  0.832011  0.696182  0.749604  0.603847  0.709949  0.756359  0.677366  0.511241  0.696118  0.682373  0.748752  0.648507  0.797416  0.749306  0.449175  0.510253  0.535434  0.534252  0.776410  0.502732  0.724647  0.678155  0.778861  0.545034  0.393338  0.592419  0.418347  0.408353  0.619740  0.574213  0.402468  0.450560  0.488945  0.480855  0.502143  0.476077  0.803857 0.0  0.738666  0.790275  0.480603  0.461364  0.500884  0.758531  0.493315  0.743172  0.797459  0.771366  0.467694  0.331387  0.668641  0.753144  0.742925  0.490382  0.725588  0.815944 
44  0.559097  0.644997  0.492831  0.633252  0.786563  0.725062  0.690091  0.701965  0.671719  0.776262  0.845438  0.867066  0.749418  0.779385  0.539586  0.673296  0.545201  0.491815  0.590239  0.532776  0.743323  0.664417  0.716824  0.691067  0.647019  0.700082  0.604256  0.805117  0.663050  0.787529  0.827331  0.869567  0.761055  0.757066  0.665872  0.715612  0.721128  0.762225  0.766334  0.869491  0.796785  0.839181  0.749639  0.738666 0.0  0.607912  0.698907  0.763743  0.843214  0.576446  0.827128  0.538186  0.508382  0.537755  0.679947  0.715944  0.481376  0.527352  0.861029  0.726897  0.574884  0.501367 
45  0.723013  0.883093  0.681779  0.757073  0.754213  0.745128  0.816286  0.851292  0.712991  0.711181  0.854932  0.824374  0.604891  0.757536  0.581676  0.899877  0.596126  0.678637  0.517020  0.699629  0.780783  0.809241  0.892530  0.765950  0.799098  0.741243  0.492377  0.689746  0.719015  0.713110  0.788854  0.767077  0.781756  0.712416  0.816401  0.752155  0.731082  0.722996  0.751717  0.646801  0.785572  0.748748  0.766084  0.790275  0.607912 0.0  0.770391  0.722326  0.809277  0.639002  0.763794  0.575817  0.669386  0.753439  0.739580  0.750435  0.723841  0.679583  0.914539  0.789670  0.544401  0.603481 
46  0.792632  0.794294  0.662391  0.762696  0.437909  0.803895  0.852071  0.818043  0.828791  0.624671  0.715989  0.742076  0.627267  0.555935  0.655704  0.765493  0.733018  0.689115  0.730405  0.699880  0.465017  0.442477  0.373999  0.561624  0.743955  0.509270  0.768451  0.755533  0.806592  0.612215  0.416383  0.603415  0.575222  0.404694  0.638667  0.619410  0.514529  0.730291  0.540104  0.543392  0.433300  0.293775  0.900620  0.480603  0.698907  0.770391 0.0  0.548628  0.551587  0.793441  0.432858  0.784819  0.840151  0.840371  0.404271  0.554238  0.754180  0.611035  0.567149  0.543179  0.756456  0.788206 
47  0.788414  0.752739  0.666192  0.720500  0.460011  0.767983  0.780379  0.808900  0.770101  0.596965  0.721988  0.700108  0.862016  0.543642  0.790361  0.825823  0.747681  0.758358  0.662349  0.823209  0.412841  0.472427  0.464215  0.545122  0.815828  0.494308  0.718767  0.808658  0.762366  0.551651  0.410698  0.498241  0.644689  0.389077  0.587821  0.587014  0.467228  0.473594  0.526804  0.495478  0.447965  0.478059  0.784047  0.461364  0.763743  0.722326  0.548628 0.0  0.491889  0.891023  0.574826  0.716540  0.818643  0.816087  0.143015  0.512211  0.669350  0.729192  0.696361  0.456141  0.761483  0.699433 
48  0.750899  0.812625  0.755542  0.885591  0.524582  0.671723  0.775683  0.770097  0.636720  0.593810  0.729648  0.779143  0.730123  0.477073  0.792440  0.648305  0.709355  0.644561  0.821809  0.767105  0.533118  0.274135  0.577487  0.316388  0.790755  0.271357  0.787413  0.659823  0.721336  0.389980  0.502980  0.401637  0.379079  0.305219  0.406220  0.368708  0.131967  0.251846  0.338490  0.266440  0.364995  0.492079  0.676362  0.500884  0.843214  0.809277  0.551587  0.491889 0.0  0.818373  0.632857  0.676156  0.766356  0.679241  0.454366  0.513146  0.725865  0.756248  0.722149  0.005771  0.670204  0.734448 
49  0.588248  0.806604  0.444298  0.756117  0.770611  0.724863  0.666076  0.647652  0.638264  0.678230  0.860006  0.833845  0.699446  0.737963  0.602616  0.628357  0.586972  0.695212  0.630453  0.592405  0.671081  0.763918  0.783949  0.716378  0.752217  0.767197  0.727973  0.856231  0.485699  0.793503  0.806561  0.688457  0.793361  0.768261  0.611528  0.839574  0.742588  0.715943  0.806052  0.728938  0.718592  0.858802  0.712493  0.758531  0.576446  0.639002  0.793441  0.891023  0.818373 0.0  0.768103  0.604565  0.496795  0.663921  0.792025  0.864244  0.591814  0.436823  0.814176  0.773981  0.565809  0.606476 
50  0.775274  0.856273  0.826761  0.885645  0.343145  0.770915  0.832848  0.724631  0.811271  0.680866  0.757347  0.693965  0.839867  0.643646  0.770320  0.783780  0.669763  0.852833  0.829712  0.709676  0.386968  0.481088  0.425993  0.533105  0.773204  0.559173  0.714638  0.727845  0.720252  0.675855  0.461216  0.520176  0.577276  0.566134  0.610176  0.663402  0.492142  0.616608  0.601137  0.553021  0.592843  0.273343  0.888910  0.493315  0.827128  0.763794  0.432858  0.574826  0.632857  0.768103 0.0  0.751893  0.791075  0.784951  0.406197  0.500822  0.825254  0.765895  0.701935  0.486643  0.655823  0.827039 
51  0.441482  0.667086  0.530780  0.675475  0.806334  0.790239  0.739460  0.814242  0.684781  0.871970  0.729301  0.865928  0.632807  0.743030  0.385574  0.767987  0.533902  0.548762  0.405533  0.482417  0.677303  0.750052  0.756118  0.780293  0.738526  0.692127  0.583913  0.703464  0.571690  0.692428  0.725791  0.698551  0.724598  0.682472  0.710375  0.709641  0.814108  0.740647  0.720644  0.723507  0.793221  0.719175  0.766523  0.743172  0.538186  0.575817  0.784819  0.716540  0.676156  0.604565  0.751893 0.0  0.349602  0.591520  0.767117  0.851264  0.683095  0.527661  0.721454  0.733151  0.299724  0.408623 
52  0.669502  0.785066  0.409122  0.682162  0.855297  0.728245  0.792006  0.757645  0.733407  0.623657  0.904201  0.809375  0.640428  0.793476  0.348851  0.652037  0.519429  0.586076  0.505806  0.580709  0.854110  0.788632  0.766601  0.718875  0.774818  0.673824  0.628244  0.734306  0.630991  0.837822  0.697894  0.781011  0.729216  0.753495  0.695843  0.788677  0.726361  0.752969  0.606043  0.624754  0.722781  0.758269  0.794092  0.797459  0.508382  0.669386  0.840151  0.818643  0.766356  0.496795  0.791075  0.349602 0.0  0.579146  0.743861  0.643764  0.615125  0.631064  0.831344  0.779201  0.361783  0.499818 
53  0.605272  0.801725  0.756027  0.704274  0.805944  0.764842  0.789460  0.833018  0.789926  0.685374  0.855232  0.856520  0.619941  0.834421  0.617042  0.680075  0.613832  0.556021  0.571731  0.688058  0.738022  0.705629  0.827406  0.768486  0.805448  0.771221  0.646649  0.794035  0.745141  0.699984  0.766005  0.741880  0.832114  0.777316  0.818016  0.898458  0.832690  0.732560  0.768845  0.792659  0.699001  0.754577  0.725880  0.771366  0.537755  0.753439  0.840371  0.816087  0.679241  0.663921  0.784951  0.591520  0.579146 0.0  0.866923  0.699264  0.664623  0.699700  0.811687  0.703285  0.623945  0.677184 
54  0.735376  0.776712  0.815533  0.817299  0.472604  0.715402  0.687055  0.702263  0.682068  0.620515  0.776241  0.707357  0.843194  0.458463  0.685909  0.690227  0.731553  0.729953  0.752042  0.682939  0.425244  0.568812  0.521840  0.455097  0.698036  0.441786  0.833717  0.726573  0.697164  0.564446  0.327109  0.497349  0.541286  0.491225  0.510395  0.485596  0.579425  0.602668  0.352189  0.461373  0.423332  0.459457  0.682087  0.467694  0.679947  0.739580  0.404271  0.143015  0.454366  0.792025  0.406197  0.767117  0.743861  0.866923 0.0  0.330873  0.748191  0.749708  0.600212  0.368089  0.727394  0.699962 
55  0.723089  0.711715  0.739838  0.781634  0.575083  0.724696  0.731817  0.812646  0.811763  0.624042  0.774110  0.730804  0.747289  0.589477  0.741415  0.776510  0.728545  0.746164  0.751734  0.749960  0.451400  0.387529  0.561518  0.443834  0.777833  0.393518  0.724202  0.860980  0.693895  0.447355  0.278042  0.430870  0.545116  0.462817  0.600417  0.440915  0.371861  0.445503  0.390932  0.474187  0.425564  0.568843  0.722675  0.331387  0.715944  0.750435  0.554238  0.512211  0.513146  0.864244  0.500822  0.851264  0.643764  0.699264  0.330873 0.0  0.833721  0.735012  0.576393  0.401716  0.769977  0.785442 
56  0.737485  0.650742  0.553284  0.553187  0.748740  0.615105  0.653904  0.737817  0.484851  0.771505  0.865962  0.817056  0.825229  0.720898  0.568442  0.581578  0.733968  0.716336  0.575705  0.687096  0.759154  0.791153  0.783217  0.716459  0.605547  0.863231  0.656171  0.796125  0.494942  0.746670  0.677779  0.805329  0.823010  0.853067  0.747331  0.772304  0.731915  0.689350  0.741393  0.745395  0.776218  0.809191  0.640827  0.668641  0.481376  0.723841  0.754180  0.669350  0.725865  0.591814  0.825254  0.683095  0.615125  0.664623  0.748191  0.833721 0.0  0.410988  0.753344  0.788484  0.534850  0.683071 
57  0.613511  0.763764  0.542710  0.681160  0.789301  0.673597  0.719719  0.747939  0.531256  0.741258  0.823703  0.828954  0.786394  0.778289  0.667880  0.680491  0.596555  0.647273  0.621159  0.648667  0.798994  0.816347  0.684835  0.804439  0.629694  0.717257  0.693353  0.797466  0.438133  0.692845  0.815681  0.770490  0.701690  0.651874  0.688556  0.736638  0.757528  0.729054  0.780190  0.710330  0.736487  0.785914  0.761873  0.753144  0.527352  0.679583  0.611035  0.729192  0.756248  0.436823  0.765895  0.527661  0.631064  0.699700  0.749708  0.735012  0.410988 0.0  0.753505  0.817127  0.701386  0.609642 
58  0.716230  0.721063  0.805953  0.790123  0.752089  0.784764  0.840459  0.775763  0.670444  0.855089  0.637768  0.589235  0.786342  0.812461  0.843855  0.762550  0.783327  0.889390  0.821120  0.870533  0.719170  0.757283  0.657766  0.761050  0.770100  0.719828  0.821588  0.796715  0.817821  0.748115  0.666915  0.661716  0.761223  0.791993  0.785782  0.674163  0.784383  0.721633  0.614086  0.714929  0.622947  0.710375  0.812042  0.742925  0.861029  0.914539  0.567149  0.696361  0.722149  0.814176  0.701935  0.721454  0.831344  0.811687  0.600212  0.576393  0.753344  0.753505 0.0  0.700881  0.744902  0.845995 
59  0.706335  0.752786  0.769239  0.771759  0.502072  0.697488  0.713462  0.703576  0.812971  0.481984  0.766567  0.744459  0.680236  0.576555  0.716166  0.666853  0.711686  0.806801  0.758518  0.760399  0.583536  0.308298  0.559239  0.350362  0.826166  0.281541  0.734272  0.775091  0.728914  0.381785  0.539959  0.365706  0.327099  0.298094  0.341576  0.502041  0.128005  0.365065  0.317925  0.330735  0.385887  0.562190  0.820876  0.490382  0.726897  0.789670  0.543179  0.456141  0.005771  0.773981  0.486643  0.733151  0.779201  0.703285  0.368089  0.401716  0.788484  0.817127  0.700881 0.0  0.788490  0.770901 
60  0.501582  0.727803  0.480341  0.625639  0.709773  0.745679  0.839203  0.741599  0.532506  0.733866  0.842016  0.725927  0.735712  0.680728  0.410896  0.714032  0.482270  0.411579  0.256022  0.306285  0.757276  0.623040  0.834981  0.783371  0.653002  0.746086  0.623891  0.860728  0.525740  0.790888  0.781530  0.842098  0.698783  0.770114  0.744915  0.755751  0.707551  0.766065  0.660388  0.816642  0.736381  0.824484  0.804962  0.725588  0.574884  0.544401  0.756456  0.761483  0.670204  0.565809  0.655823  0.299724  0.361783  0.623945  0.727394  0.769977  0.534850  0.701386  0.744902  0.788490 0.0  0.332592 
61  0.384806  0.785260  0.506076  0.900837  0.798787  0.716628  0.749860  0.808742  0.711656  0.781452  0.865849  0.782800  0.670270  0.794184  0.465000  0.683403  0.431179  0.361164  0.323214  0.495839  0.638901  0.938766  0.737927  0.938365  0.741694  0.795743  0.609628  0.820317  0.645827  0.693223  0.662232  0.721295  0.700599  0.713055  0.731563  0.726386  0.635793  0.750039  0.656190  0.645726  0.691290  0.799578  0.811728  0.815944  0.501367  0.603481  0.788206  0.699433  0.734448  0.606476  0.827039  0.408623  0.499818  0.677184  0.699962  0.785442  0.683071  0.609642  0.845995  0.770901  0.332592 0.0 
