62
0 0.0  0.782154  0.604902  0.733044  0.817477  0.756360  0.846102  0.667343  0.677517  0.749922  0.864068  0.897643  0.715805  0.760925  0.514778  0.808774  0.249235  0.349839  0.398551  0.596322  0.688586  0.717098  0.803534  0.800448  0.783178  0.674681  0.663972  0.708861  0.605252  0.689961  0.785981  0.761927  0.744416  0.792361  0.798671  0.791634  0.813370  0.772334  0.709243  0.819445  0.767192  0.734149  0.801738  0.704808  0.506596  0.718778  0.734517  0.772813  0.790646  0.706141  0.818225  0.405899  0.503453  0.719360  0.741946  0.825887  0.683678  0.550775  0.795601  0.798179  0.510842  0.295563 
1  0.782154 0.0  0.750039  0.603359  0.872978  0.671596  0.642139  0.651740  0.677225  0.808966  0.809098  0.740103  0.839003  0.735651  0.705361  0.617772  0.744097  0.807946  0.769771  0.932380  0.717895  0.919321  0.823745  0.800978  0.449269  0.701223  0.689109  0.735629  0.729280  0.676546  0.892325  0.747849  0.819289  0.831261  0.621951  0.631552  0.852540  0.838182  0.777043  0.836951  0.717906  0.814759  0.584188  0.756905  0.783872  0.876036  0.806007  0.780717  0.894857  0.721745  0.844721  0.761820  0.776070  0.896783  0.886735  0.765982  0.630634  0.701178  0.784142  0.945316  0.807694  0.692548 
2  0.604902  0.750039 0.0  0.721756  0.774838  0.752521  0.845618  0.732279  0.617314  0.746291  0.805765  0.840982  0.698546  0.702543  0.358356  0.690840  0.520632  0.532715  0.609190  0.468241  0.788848  0.723818  0.732841  0.861508  0.672044  0.803233  0.654871  0.890793  0.351285  0.762595  0.848403  0.756926  0.862766  0.806070  0.878178  0.849461  0.709593  0.812315  0.819493  0.815721  0.747125  0.788653  0.725790  0.828848  0.525127  0.664138  0.773414  0.809357  0.802397  0.400012  0.874322  0.572954  0.504749  0.693222  0.821964  0.729728  0.673910  0.549234  0.792523  0.745860  0.560489  0.592645 
3  0.733044  0.603359  0.721756 0.0  0.637520  0.595022  0.650620  0.661405  0.697763  0.760474  0.897887  0.858962  0.738161  0.830717  0.748075  0.825754  0.699730  0.669680  0.805541  0.741415  0.807382  0.804020  0.874600  0.742541  0.599369  0.808268  0.826011  0.750178  0.606176  0.737850  0.802622  0.861542  0.857390  0.711008  0.940719  0.768589  0.803175  0.761245  0.762288  0.784184  0.827401  0.850403  0.604160  0.694563  0.806002  0.801744  0.888886  0.747202  0.777582  0.698076  0.794006  0.682485  0.817268  0.827511  0.789850  0.742673  0.677791  0.677579  0.955867  0.707912  0.669330  0.777526 
4  0.817477  0.872978  0.774838  0.637520 0.0  0.838308  0.857985  0.872564  0.818533  0.616447  0.722649  0.845796  0.735273  0.591100  0.775298  0.785684  0.778280  0.689002  0.804199  0.701122  0.288466  0.570473  0.479652  0.557802  0.889282  0.544000  0.784925  0.678917  0.887671  0.588943  0.307437  0.614866  0.629577  0.569362  0.623265  0.611507  0.528753  0.589753  0.519029  0.596439  0.559561  0.244462  0.677930  0.603782  0.803214  0.847854  0.402375  0.444474  0.583974  0.869187  0.402145  0.954767  0.783070  0.771237  0.401464  0.470061  0.786205  0.790182  0.697701  0.540723  0.714499  0.883257 
5  0.756360  0.671596  0.752521  0.595022  0.838308 0.0  0.555219  0.568202  0.740429  0.722135  0.897680  0.864456  0.983852  0.798531  0.768699  0.719493  0.776644  0.745020  0.739581  0.816858  0.636086  0.842067  0.843474  0.839800  0.648250  0.796512  0.876155  0.866579  0.752775  0.936013  0.854731  0.851799  0.791528  0.863301  0.856820  0.838403  0.888109  0.790569  0.838537  0.814078  0.784407  0.845444  0.766525  0.875620  0.647139  0.771691  0.793879  0.866292  0.761239  0.718419  0.832664  0.723997  0.750696  0.783619  0.896561  0.919263  0.739610  0.722448  0.854313  0.859640  0.760184  0.737742 
6  0.846102  0.642139  0.845618  0.650620  0.857985  0.555219 0.0  0.580185  0.868726  0.766125  0.886601  0.852204  0.814415  0.850774  0.771340  0.764772  0.675016  0.714085  0.793911  0.813674  0.821750  0.879170  0.806698  0.827026  0.628993  0.945847  0.849626  0.913593  0.797385  0.789535  0.714178  0.839640  0.827914  0.802687  0.948486  0.832478  0.777683  0.960785  0.877501  0.786966  0.912177  0.855809  0.587423  0.846007  0.833679  0.845247  0.879610  0.904307  0.890173  0.699321  0.829618  0.788120  0.808530  0.796115  0.850264  0.906265  0.727363  0.678333  0.778339  0.803053  0.715077  0.739800 
7  0.667343  0.651740  0.732279  0.661405  0.872564  0.568202  0.580185 0.0  0.811088  0.838984  0.810847  0.867036  0.734096  0.861678  0.774753  0.559662  0.846552  0.857347  0.734915  0.819685  0.809094  0.813896  0.759707  0.717386  0.689268  0.808754  0.767367  0.783438  0.634980  0.684901  0.730390  0.812548  0.845477  0.877196  0.899523  0.787574  0.867149  0.830433  0.810385  0.902370  0.886790  0.886179  0.711192  0.859682  0.844200  0.916538  0.832754  0.843654  0.883025  0.765917  0.873122  0.746686  0.751309  0.791895  0.745574  0.830228  0.775415  0.729447  0.826862  0.842331  0.847745  0.743113 
8  0.677517  0.677225  0.617314  0.697763  0.818533  0.740429  0.868726  0.811088 0.0  0.732681  0.802969  0.907777  0.814295  0.689654  0.670182  0.597747  0.724583  0.673828  0.702068  0.583088  0.777396  0.785518  0.828285  0.815893  0.708846  0.824368  0.739567  0.863523  0.574597  0.754655  0.744944  0.760596  0.759415  0.726687  0.802815  0.688936  0.860597  0.766200  0.627686  0.899802  0.833781  0.786421  0.758498  0.718021  0.669254  0.740458  0.780860  0.715439  0.708068  0.639860  0.906477  0.771990  0.633574  0.768343  0.814548  0.721546  0.526504  0.521702  0.764819  0.778440  0.644344  0.634405 
9  0.749922  0.808966  0.746291  0.760474  0.616447  0.722135  0.766125  0.838984  0.732681 0.0  0.762875  0.811871  0.767391  0.533816  0.724549  0.844105  0.645501  0.731527  0.819591  0.813263  0.805385  0.572673  0.664717  0.590359  0.784826  0.596889  0.788626  0.912768  0.822872  0.512039  0.560328  0.488069  0.515263  0.537801  0.476942  0.474114  0.534157  0.412528  0.511112  0.556855  0.767913  0.698269  0.717491  0.695195  0.746683  0.740697  0.703113  0.603358  0.605761  0.835614  0.687550  0.806786  0.657178  0.787953  0.564541  0.529869  0.751819  0.763781  0.813993  0.525833  0.689498  0.764362 
10  0.864068  0.809098  0.805765  0.897887  0.722649  0.897680  0.886601  0.810847  0.802969  0.762875 0.0  0.347437  0.840930  0.773353  0.928249  0.794651  0.789253  0.959785  0.912110  0.793368  0.760467  0.886363  0.800086  0.773772  0.746859  0.705564  0.829331  0.629021  0.901545  0.756092  0.806329  0.799322  0.792617  0.771771  0.756247  0.784725  0.764727  0.805634  0.842762  0.734367  0.838035  0.653038  0.898940  0.718584  0.824263  0.844826  0.634002  0.732397  0.753093  0.804808  0.685315  0.824119  0.839315  0.944111  0.860428  0.606167  0.819041  0.923049  0.641790  0.600354  0.796221  0.939075 
11  0.897643  0.740103  0.840982  0.858962  0.845796  0.864456  0.852204  0.867036  0.907777  0.811871  0.347437 0.0  0.920722  0.737075  0.855960  0.800454  0.992558  0.850163  0.951285  0.793928  0.827734  0.668771  0.876507  0.782951  0.753071  0.782475  0.943753  0.669757  0.822746  0.795923  0.802890  0.832135  0.788013  0.749509  0.796965  0.767335  0.748879  0.864550  0.770560  0.741163  0.842356  0.758730  0.907168  0.839956  0.906278  0.908603  0.693934  0.850462  0.800636  0.830168  0.740033  0.971802  0.864561  0.864288  0.700034  0.823017  0.794560  0.875014  0.622480  0.782905  0.848966  0.889331 
12  0.715805  0.839003  0.698546  0.738161  0.735273  0.983852  0.814415  0.734096  0.814295  0.767391  0.840930  0.920722 0.0  0.806984  0.680585  0.872319  0.645505  0.650690  0.683248  0.658585  0.858554  0.812926  0.861697  0.830508  0.883596  0.816068  0.324924  0.904060  0.815338  0.755724  0.791283  0.756821  0.896752  0.743874  0.741365  0.733717  0.808563  0.758810  0.836332  0.843633  0.860332  0.836997  0.855949  0.745601  0.688162  0.554530  0.812333  0.718775  0.814510  0.741217  0.822978  0.643537  0.694671  0.612766  0.795945  0.819769  0.766882  0.749424  0.868121  0.778937  0.738989  0.719891 
13  0.760925  0.735651  0.702543  0.830717  0.591100  0.798531  0.850774  0.861678  0.689654  0.533816  0.773353  0.737075  0.806984 0.0  0.754857  0.732269  0.709298  0.767113  0.636450  0.743881  0.637116  0.521841  0.709996  0.488136  0.818041  0.537731  0.830443  0.728831  0.737240  0.501554  0.550304  0.357177  0.502688  0.573529  0.419870  0.512069  0.513332  0.489770  0.556421  0.427725  0.298238  0.608700  0.749682  0.657233  0.773841  0.898791  0.486766  0.640067  0.566257  0.779671  0.515380  0.835364  0.706603  0.703634  0.497399  0.499894  0.750743  0.686026  0.776097  0.365271  0.810822  0.649893 
14  0.514778  0.705361  0.358356  0.748075  0.775298  0.768699  0.771340  0.774753  0.670182  0.724549  0.928249  0.855960  0.680585  0.754857 0.0  0.619283  0.531613  0.477730  0.448207  0.447943  0.878666  0.853837  0.816447  0.929797  0.777431  0.707595  0.700795  0.797097  0.526107  0.762958  0.741339  0.736853  0.801860  0.786789  0.779308  0.722051  0.800704  0.777569  0.773634  0.907404  0.796855  0.866696  0.753854  0.788810  0.560855  0.786206  0.793244  0.690734  0.738796  0.701383  0.777656  0.412476  0.265318  0.641073  0.633940  0.798260  0.577045  0.500315  0.863481  0.785090  0.459192  0.501713 
15  0.808774  0.617772  0.690840  0.825754  0.785684  0.719493  0.764772  0.559662  0.597747  0.844105  0.794651  0.800454  0.872319  0.732269  0.619283 0.0  0.747864  0.669897  0.778882  0.644440  0.834147  0.786544  0.827094  0.678049  0.495106  0.743672  0.759634  0.925326  0.688134  0.802620  0.838721  0.734961  0.726161  0.735722  0.734401  0.769578  0.752415  0.770554  0.847844  0.726033  0.802591  0.688222  0.662470  0.806371  0.865215  0.747337  0.788026  0.791712  0.825220  0.813527  0.771042  0.800423  0.728992  0.740543  0.744833  0.748001  0.605052  0.707073  0.724049  0.723000  0.711562  0.712447 
16  0.249235  0.744097  0.520632  0.699730  0.778280  0.776644  0.675016  0.846552  0.724583  0.645501  0.789253  0.992558  0.645505  0.709298  0.531613  0.747864 0.0  0.420949  0.449291  0.539109  0.874836  0.679865  0.862645  0.806987  0.766323  0.696646  0.687604  0.858355  0.655035  0.784539  0.791322  0.765999  0.836578  0.810955  0.683389  0.755821  0.735217  0.764273  0.721063  0.740330  0.876948  0.770114  0.798933  0.731564  0.526086  0.757236  0.824252  0.779528  0.738471  0.717754  0.751326  0.455800  0.654454  0.573178  0.810553  0.810052  0.632827  0.724743  0.760226  0.854605  0.447698  0.388371 
17  0.349839  0.807946  0.532715  0.669680  0.689002  0.745020  0.714085  0.857347  0.673828  0.731527  0.959785  0.850163  0.650690  0.767113  0.477730  0.669897  0.420949 0.0  0.306038  0.340569  0.760407  0.875444  0.739834  0.749094  0.805155  0.641912  0.592318  0.827104  0.623777  0.766230  0.749070  0.755293  0.713573  0.825833  0.780982  0.739127  0.851813  0.868657  0.767825  0.698794  0.761061  0.859813  0.607067  0.759254  0.599031  0.709695  0.860806  0.766076  0.793994  0.602471  0.789076  0.515029  0.499840  0.718030  0.810794  0.871866  0.571087  0.568884  0.823934  0.779997  0.387108  0.357758 
18  0.398551  0.769771  0.609190  0.805541  0.804199  0.739581  0.793911  0.734915  0.702068  0.819591  0.912110  0.951285  0.683248  0.636450  0.448207  0.778882  0.449291  0.306038 0.0  0.537568  0.830182  0.688546  0.758734  0.725649  0.861252  0.680019  0.730707  0.763836  0.700313  0.732196  0.715729  0.689211  0.772538  0.750995  0.756308  0.807643  0.834429  0.686787  0.816152  0.756189  0.879200  0.772539  0.789451  0.871376  0.634405  0.727848  0.836379  0.893310  0.722645  0.602431  0.784022  0.461505  0.432122  0.642526  0.725742  0.798384  0.632356  0.630459  0.794135  0.780411  0.245263  0.328911 
19  0.596322  0.932380  0.468241  0.741415  0.701122  0.816858  0.813674  0.819685  0.583088  0.813263  0.793368  0.793928  0.658585  0.743881  0.447943  0.644440  0.539109  0.340569  0.537568 0.0  0.789961  0.751134  0.671080  0.728481  0.890978  0.754957  0.703714  0.844918  0.702823  0.786970  0.726415  0.760779  0.623505  0.734857  0.692205  0.807977  0.788067  0.713507  0.748733  0.927563  0.788036  0.880599  0.742696  0.734699  0.650649  0.607104  0.713145  0.689941  0.670598  0.628440  0.812969  0.340985  0.499148  0.645984  0.765301  0.740868  0.622920  0.678746  0.938286  0.681064  0.444519  0.516503 
20  0.688586  0.717895  0.788848  0.807382  0.288466  0.636086  0.821750  0.809094  0.777396  0.805385  0.760467  0.827734  0.858554  0.637116  0.878666  0.834147  0.874836  0.760407  0.830182  0.789961 0.0  0.544836  0.557087  0.577331  0.998588  0.564964  0.742404  0.790129  0.790977  0.656338  0.413566  0.618933  0.610591  0.544639  0.545094  0.538300  0.574828  0.589584  0.571866  0.539784  0.697355  0.363061  0.820362  0.558229  0.846656  0.760891  0.473058  0.364908  0.650582  0.765924  0.406816  0.792346  0.835501  0.841193  0.485846  0.422745  0.771276  0.811663  0.682940  0.610001  0.803191  0.765865 
21  0.717098  0.919321  0.723818  0.804020  0.570473  0.842067  0.879170  0.813896  0.785518  0.572673  0.886363  0.668771  0.812926  0.521841  0.853837  0.786544  0.679865  0.875444  0.688546  0.751134  0.544836 0.0  0.596944  0.430675  0.797561  0.180329  0.800282  0.717013  0.623091  0.480527  0.487340  0.456548  0.484815  0.352776  0.482327  0.390385  0.301620  0.350679  0.370396  0.410233  0.272888  0.634003  0.893977  0.444287  0.806764  0.786631  0.674838  0.529066  0.271986  0.743837  0.524093  0.747272  0.715526  0.835440  0.377740  0.466757  0.748853  0.725683  0.695581  0.368532  0.918640  0.756736 
22  0.803534  0.823745  0.732841  0.874600  0.479652  0.843474  0.806698  0.759707  0.828285  0.664717  0.800086  0.876507  0.861697  0.709996  0.816447  0.827094  0.862645  0.739834  0.758734  0.671080  0.557087  0.596944 0.0  0.610877  0.889294  0.666009  0.816966  0.846112  0.851457  0.627744  0.542718  0.615145  0.655221  0.478644  0.710613  0.662237  0.591914  0.684596  0.638102  0.724233  0.500576  0.388393  0.900327  0.412343  0.921909  0.821407  0.590362  0.550413  0.583841  0.850959  0.532970  0.744634  0.801049  0.763274  0.529282  0.546414  0.726582  0.690522  0.637641  0.465123  0.770646  0.830844 
23  0.800448  0.800978  0.861508  0.742541  0.557802  0.839800  0.827026  0.717386  0.815893  0.590359  0.773772  0.782951  0.830508  0.488136  0.929797  0.678049  0.806987  0.749094  0.725649  0.728481  0.577331  0.430675  0.610877 0.0  0.821150  0.522316  0.774788  0.771037  0.620177  0.564061  0.382378  0.294528  0.534130  0.358975  0.353128  0.472936  0.432311  0.418847  0.282441  0.421377  0.348027  0.680015  0.914319  0.356687  0.734843  0.873455  0.596508  0.488859  0.452900  0.646843  0.609523  0.890478  0.821903  0.783422  0.507065  0.457021  0.803838  0.783752  0.634588  0.314783  0.843393  0.770452 
24  0.783178  0.449269  0.672044  0.599369  0.889282  0.648250  0.628993  0.689268  0.708846  0.784826  0.746859  0.753071  0.883596  0.818041  0.777431  0.495106  0.766323  0.805155  0.861252  0.890978  0.998588  0.797561  0.889294  0.821150 0.0  0.817620  0.889543  0.839710  0.674435  0.731819  0.697429  0.874224  0.785112  0.691379  0.742992  0.774918  0.761914  0.845412  0.738471  0.789374  0.724083  0.764482  0.234291  0.718648  0.680481  0.927754  0.781058  0.795316  0.828897  0.626354  0.751661  0.745583  0.822474  0.868708  0.882322  0.763910  0.633096  0.676847  0.830826  0.914427  0.795067  0.807466 
25  0.674681  0.701223  0.803233  0.808268  0.544000  0.796512  0.945847  0.808754  0.824368  0.596889  0.705564  0.782475  0.816068  0.537731  0.707595  0.743672  0.696646  0.641912  0.680019  0.754957  0.564964  0.180329  0.666009  0.522316  0.817620 0.0  0.855987  0.764584  0.667005  0.290584  0.464696  0.418679  0.423704  0.464667  0.489682  0.473086  0.281786  0.343370  0.362992  0.228056  0.336048  0.579254  0.941287  0.518615  0.874670  0.968424  0.478420  0.584641  0.352348  0.818853  0.542588  0.862468  0.610656  0.807041  0.467513  0.468251  0.768687  0.799730  0.726884  0.314344  0.918659  0.805014 
26  0.663972  0.689109  0.654871  0.826011  0.784925  0.876155  0.849626  0.767367  0.739567  0.788626  0.829331  0.943753  0.324924  0.830443  0.700795  0.759634  0.687604  0.592318  0.730707  0.703714  0.742404  0.800282  0.816966  0.774788  0.889543  0.855987 0.0  0.822359  0.687190  0.759699  0.776980  0.789857  0.817598  0.809058  0.788795  0.807468  0.887982  0.688983  0.843897  0.819383  0.760856  0.754129  0.805474  0.845824  0.583592  0.503211  0.749108  0.784621  0.870244  0.731980  0.749476  0.623467  0.702324  0.759388  0.702447  0.813055  0.725717  0.709596  0.839429  0.756606  0.705646  0.659529 
27  0.708861  0.735629  0.890793  0.750178  0.678917  0.866579  0.913593  0.783438  0.863523  0.912768  0.629021  0.669757  0.904060  0.728831  0.797097  0.925326  0.858355  0.827104  0.763836  0.844918  0.790129  0.717013  0.846112  0.771037  0.839710  0.764584  0.822359 0.0  0.817900  0.824343  0.889882  0.802556  0.837636  0.749907  0.847992  0.727848  0.776889  0.779811  0.755915  0.837588  0.768367  0.870046  0.706575  0.745675  0.826898  0.916697  0.824746  0.835903  0.861198  0.854256  0.784107  0.830807  0.947073  0.907195  0.779259  0.902285  0.782861  0.801943  0.709191  0.815644  0.804147  0.972522 
28  0.605252  0.729280  0.351285  0.606176  0.887671  0.752775  0.797385  0.634980  0.574597  0.822872  0.901545  0.822746  0.815338  0.737240  0.526107  0.688134  0.655035  0.623777  0.700313  0.702823  0.790977  0.623091  0.851457  0.620177  0.674435  0.667005  0.687190  0.817900 0.0  0.711588  0.695410  0.717678  0.751610  0.831096  0.784378  0.675539  0.805280  0.820675  0.796302  0.905496  0.681602  0.817184  0.706789  0.887214  0.700185  0.739059  0.739340  0.811292  0.784206  0.588018  0.716901  0.650350  0.630191  0.748353  0.738914  0.718730  0.629338  0.522686  0.652207  0.833775  0.584222  0.670643 
29  0.689961  0.676546  0.762595  0.737850  0.588943  0.936013  0.789535  0.684901  0.754655  0.512039  0.756092  0.795923  0.755724  0.501554  0.762958  0.802620  0.784539  0.766230  0.732196  0.786970  0.656338  0.480527  0.627744  0.564061  0.731819  0.290584  0.759699  0.824343  0.711588 0.0  0.389861  0.501895  0.440308  0.397445  0.353868  0.437252  0.439359  0.328262  0.548014  0.441459  0.426771  0.628145  0.894585  0.558047  0.659881  0.913761  0.494772  0.587600  0.456668  0.761265  0.667510  0.703675  0.795792  0.797539  0.606426  0.470249  0.833172  0.809683  0.748035  0.563995  0.807390  0.698898 
30  0.785981  0.892325  0.848403  0.802622  0.307437  0.854731  0.714178  0.730390  0.744944  0.560328  0.806329  0.802890  0.791283  0.550304  0.741339  0.838721  0.791322  0.749070  0.715729  0.726415  0.413566  0.487340  0.542718  0.382378  0.697429  0.464696  0.776980  0.889882  0.695410  0.389861 0.0  0.472889  0.596245  0.465707  0.518023  0.539868  0.352656  0.538308  0.429746  0.379688  0.441950  0.573262  0.793880  0.500132  0.753602  0.890329  0.484670  0.376026  0.498527  0.763003  0.399895  0.799599  0.804750  0.899755  0.313394  0.379221  0.782016  0.749378  0.714870  0.502445  0.702678  0.800884 
31  0.761927  0.747849  0.756926  0.861542  0.614866  0.851799  0.839640  0.812548  0.760596  0.488069  0.799322  0.832135  0.756821  0.357177  0.736853  0.734961  0.765999  0.755293  0.689211  0.760779  0.618933  0.456548  0.615145  0.294528  0.874224  0.418679  0.789857  0.802556  0.717678  0.501895  0.472889 0.0  0.499975  0.320371  0.385100  0.350378  0.345886  0.265977  0.422462  0.341019  0.500822  0.499063  0.795183  0.548325  0.838928  0.792576  0.547258  0.566999  0.231241  0.724747  0.530514  0.914046  0.831932  0.804359  0.495278  0.464346  0.777195  0.865810  0.692371  0.396461  0.783639  0.750964 
32  0.744416  0.819289  0.862766  0.857390  0.629577  0.791528  0.827914  0.845477  0.759415  0.515263  0.792617  0.788013  0.896752  0.502688  0.801860  0.726161  0.836578  0.713573  0.772538  0.623505  0.610591  0.484815  0.655221  0.534130  0.785112  0.423704  0.817598  0.837636  0.751610  0.440308  0.596245  0.499975 0.0  0.459639  0.421253  0.426682  0.487917  0.444787  0.524835  0.425860  0.550691  0.633462  0.798693  0.666474  0.775393  0.816126  0.543256  0.662126  0.414459  0.704747  0.692674  0.726650  0.820057  0.795470  0.598942  0.464435  0.855832  0.736512  0.632623  0.491540  0.782019  0.678035 
33  0.792361  0.831261  0.806070  0.711008  0.569362  0.863301  0.802687  0.877196  0.726687  0.537801  0.771771  0.749509  0.743874  0.573529  0.786789  0.735722  0.810955  0.825833  0.750995  0.734857  0.544639  0.352776  0.478644  0.358975  0.691379  0.464667  0.809058  0.749907  0.831096  0.397445  0.465707  0.320371  0.459639 0.0  0.451617  0.491712  0.440707  0.358824  0.193161  0.330114  0.252345  0.506709  0.825583  0.515091  0.781668  0.887831  0.465933  0.503493  0.246856  0.827541  0.554137  0.723705  0.905959  0.819411  0.557371  0.458981  0.787594  0.771985  0.740048  0.211118  0.739052  0.717857 
34  0.798671  0.621951  0.878178  0.940719  0.623265  0.856820  0.948486  0.899523  0.802815  0.476942  0.756247  0.796965  0.741365  0.419870  0.779308  0.734401  0.683389  0.780982  0.756308  0.692205  0.545094  0.482327  0.710613  0.353128  0.742992  0.489682  0.788795  0.847992  0.784378  0.353868  0.518023  0.385100  0.421253  0.451617 0.0  0.189527  0.461791  0.244793  0.524526  0.291273  0.529369  0.708382  0.793093  0.574496  0.857754  0.681433  0.657646  0.456442  0.386015  0.675444  0.600523  0.778749  0.857521  0.872434  0.585443  0.424185  0.669750  0.707348  0.758082  0.459866  0.729386  0.792430 
35  0.791634  0.631552  0.849461  0.768589  0.611507  0.838403  0.832478  0.787574  0.688936  0.474114  0.784725  0.767335  0.733717  0.512069  0.722051  0.769578  0.755821  0.739127  0.807643  0.807977  0.538300  0.390385  0.662237  0.472936  0.774918  0.473086  0.807468  0.727848  0.675539  0.437252  0.539868  0.350378  0.426682  0.491712  0.189527 0.0  0.385595  0.264331  0.357822  0.353080  0.495065  0.634482  0.832635  0.519392  0.737720  0.735492  0.618303  0.692335  0.280580  0.704453  0.608803  0.743408  0.756233  0.809611  0.601976  0.527118  0.748105  0.700283  0.735110  0.390718  0.693211  0.706319 
36  0.813370  0.852540  0.709593  0.803175  0.528753  0.888109  0.777683  0.867149  0.860597  0.534157  0.764727  0.748879  0.808563  0.513332  0.800704  0.752415  0.735217  0.851813  0.834429  0.788067  0.574828  0.301620  0.591914  0.432311  0.761914  0.281786  0.887982  0.776889  0.805280  0.439359  0.352656  0.345886  0.487917  0.440707  0.461791  0.385595 0.0  0.307968  0.240835  0.269280  0.215997  0.521641  0.771007  0.490635  0.775020  0.707158  0.559925  0.524270  0.214099  0.819831  0.549829  0.855869  0.748004  0.865200  0.498676  0.431512  0.783751  0.724424  0.726807  0.071009  0.736045  0.759236 
37  0.772334  0.838182  0.812315  0.761245  0.589753  0.790569  0.960785  0.830433  0.766200  0.412528  0.805634  0.864550  0.758810  0.489770  0.777569  0.770554  0.764273  0.868657  0.686787  0.713507  0.589584  0.350679  0.684596  0.418847  0.845412  0.343370  0.688983  0.779811  0.820675  0.328262  0.538308  0.265977  0.444787  0.358824  0.244793  0.264331  0.307968 0.0  0.331649  0.391816  0.293972  0.596891  0.760002  0.498260  0.800290  0.924294  0.559695  0.522753  0.409622  0.769085  0.630457  0.795601  0.743578  0.816886  0.602538  0.522801  0.732736  0.831701  0.671957  0.337851  0.760052  0.754620 
38  0.709243  0.777043  0.819493  0.762288  0.519029  0.838537  0.877501  0.810385  0.627686  0.511112  0.842762  0.770560  0.836332  0.556421  0.773634  0.847844  0.721063  0.767825  0.816152  0.748733  0.571866  0.370396  0.638102  0.282441  0.738471  0.362992  0.843897  0.755915  0.796302  0.548014  0.429746  0.422462  0.524835  0.193161  0.524526  0.357822  0.240835  0.331649 0.0  0.465087  0.389742  0.550377  0.799563  0.454116  0.793863  0.871273  0.547012  0.488444  0.391736  0.750530  0.532029  0.672627  0.748224  0.886665  0.601770  0.507908  0.640213  0.804657  0.637306  0.206059  0.811492  0.771431 
39  0.819445  0.836951  0.815721  0.784184  0.596439  0.814078  0.786966  0.902370  0.899802  0.556855  0.734367  0.741163  0.843633  0.427725  0.907404  0.726033  0.740330  0.698794  0.756189  0.927563  0.539784  0.410233  0.724233  0.421377  0.789374  0.228056  0.819383  0.837588  0.905496  0.441459  0.379688  0.341019  0.425860  0.330114  0.291273  0.353080  0.269280  0.391816  0.465087 0.0  0.475929  0.569324  0.700293  0.493465  0.813008  0.798607  0.651027  0.501794  0.289531  0.849130  0.494719  0.760031  0.672077  0.811877  0.522477  0.421697  0.677731  0.832587  0.729902  0.266235  0.768119  0.780238 
40  0.767192  0.717906  0.747125  0.827401  0.559561  0.784407  0.912177  0.886790  0.833781  0.767913  0.838035  0.842356  0.860332  0.298238  0.796855  0.802591  0.876948  0.761061  0.879200  0.788036  0.697355  0.272888  0.500576  0.348027  0.724083  0.336048  0.760856  0.768367  0.681602  0.426771  0.441950  0.500822  0.550691  0.252345  0.529369  0.495065  0.215997  0.293972  0.389742  0.475929 0.0  0.635184  0.786836  0.319557  0.867299  0.721437  0.545374  0.557442  0.368104  0.855799  0.547277  0.832154  0.795907  0.854859  0.340855  0.347502  0.791045  0.711681  0.750926  0.318109  0.744345  0.830903 
41  0.734149  0.814759  0.788653  0.850403  0.244462  0.845444  0.855809  0.886179  0.786421  0.698269  0.653038  0.758730  0.836997  0.608700  0.866696  0.688222  0.770114  0.859813  0.772539  0.880599  0.363061  0.634003  0.388393  0.680015  0.764482  0.579254  0.754129  0.870046  0.817184  0.628145  0.573262  0.499063  0.633462  0.506709  0.708382  0.634482  0.521641  0.596891  0.550377  0.569324  0.635184 0.0  0.852165  0.530462  0.705769  0.789295  0.334499  0.425737  0.466298  0.803075  0.203507  0.726586  0.773236  0.871067  0.476974  0.545817  0.759350  0.789123  0.722211  0.616311  0.898161  0.844034 
42  0.801738  0.584188  0.725790  0.604160  0.677930  0.766525  0.587423  0.711192  0.758498  0.717491  0.898940  0.907168  0.855949  0.749682  0.753854  0.662470  0.798933  0.607067  0.789451  0.742696  0.820362  0.893977  0.900327  0.914319  0.234291  0.941287  0.805474  0.706575  0.706789  0.894585  0.793880  0.795183  0.798693  0.825583  0.793093  0.832635  0.771007  0.760002  0.799563  0.700293  0.786836  0.852165 0.0  0.838900  0.757522  0.809122  0.846240  0.824593  0.819128  0.720406  0.709237  0.686059  0.832486  0.911228  0.771961  0.790781  0.703744  0.611420  0.842803  0.854825  0.729771  0.862596 
43  0.704808  0.756905  0.828848  0.694563  0.603782  0.875620  0.846007  0.859682  0.718021  0.695195  0.718584  0.839956  0.745601  0.657233  0.788810  0.806371  0.731564  0.759254  0.871376  0.734699  0.558229  0.444287  0.412343  0.356687  0.718648  0.518615  0.845824  0.745675  0.887214  0.558047  0.500132  0.548325  0.666474  0.515091  0.574496  0.519392  0.490635  0.498260  0.454116  0.493465  0.319557  0.530462  0.838900 0.0  0.857474  0.834156  0.447311  0.410915  0.547122  0.817348  0.492017  0.761455  0.735661  0.863475  0.536422  0.325374  0.875227  0.796205  0.736971  0.672564  0.789163  0.826372 
44  0.506596  0.783872  0.525127  0.806002  0.803214  0.647139  0.833679  0.844200  0.669254  0.746683  0.824263  0.906278  0.688162  0.773841  0.560855  0.865215  0.526086  0.599031  0.634405  0.650649  0.846656  0.806764  0.921909  0.734843  0.680481  0.874670  0.583592  0.826898  0.700185  0.659881  0.753602  0.838928  0.775393  0.781668  0.857754  0.737720  0.775020  0.800290  0.793863  0.813008  0.867299  0.705769  0.757522  0.857474 0.0  0.767700  0.854594  0.792775  0.801360  0.509968  0.909310  0.505000  0.445755  0.606155  0.910717  0.763360  0.731031  0.582402  0.812987  0.794210  0.571783  0.501568 
45  0.718778  0.876036  0.664138  0.801744  0.847854  0.771691  0.845247  0.916538  0.740458  0.740697  0.844826  0.908603  0.554530  0.898791  0.786206  0.747337  0.757236  0.709695  0.727848  0.607104  0.760891  0.786631  0.821407  0.873455  0.927754  0.968424  0.503211  0.916697  0.739059  0.913761  0.890329  0.792576  0.816126  0.887831  0.681433  0.735492  0.707158  0.924294  0.871273  0.798607  0.721437  0.789295  0.809122  0.834156  0.767700 0.0  0.915615  0.685307  0.839460  0.703859  0.813787  0.611063  0.634882  0.632873  0.876893  0.833403  0.830020  0.679363  0.780647  0.800137  0.669274  0.592561 
46  0.734517  0.806007  0.773414  0.888886  0.402375  0.793879  0.879610  0.832754  0.780860  0.703113  0.634002  0.693934  0.812333  0.486766  0.793244  0.788026  0.824252  0.860806  0.836379  0.713145  0.473058  0.674838  0.590362  0.596508  0.781058  0.478420  0.749108  0.824746  0.739340  0.494772  0.484670  0.547258  0.543256  0.465933  0.657646  0.618303  0.559925  0.559695  0.547012  0.651027  0.545374  0.334499  0.846240  0.447311  0.854594  0.915615 0.0  0.460025  0.570222  0.763020  0.395684  0.825038  0.872080  0.882596  0.397501  0.545267  0.798452  0.757690  0.772885  0.571930  0.755855  0.776656 
47  0.772813  0.780717  0.809357  0.747202  0.444474  0.866292  0.904307  0.843654  0.715439  0.603358  0.732397  0.850462  0.718775  0.640067  0.690734  0.791712  0.779528  0.766076  0.893310  0.689941  0.364908  0.529066  0.550413  0.488859  0.795316  0.584641  0.784621  0.835903  0.811292  0.587600  0.376026  0.566999  0.662126  0.503493  0.456442  0.692335  0.524270  0.522753  0.488444  0.501794  0.557442  0.425737  0.824593  0.410915  0.792775  0.685307  0.460025 0.0  0.533327  0.840573  0.482189  0.812240  0.744344  0.787226  0.152383  0.441178  0.791897  0.750179  0.739533  0.380423  0.775950  0.720912 
48  0.790646  0.894857  0.802397  0.777582  0.583974  0.761239  0.890173  0.883025  0.708068  0.605761  0.753093  0.800636  0.814510  0.566257  0.738796  0.825220  0.738471  0.793994  0.722645  0.670598  0.650582  0.271986  0.583841  0.452900  0.828897  0.352348  0.870244  0.861198  0.784206  0.456668  0.498527  0.231241  0.414459  0.246856  0.386015  0.280580  0.214099  0.409622  0.391736  0.289531  0.368104  0.466298  0.819128  0.547122  0.801360  0.839460  0.570222  0.533327 0.0  0.801144  0.571842  0.714962  0.858619  0.836375  0.490495  0.450420  0.821953  0.866510  0.757745  0.118769  0.671884  0.678771 
49  0.706141  0.721745  0.400012  0.698076  0.869187  0.718419  0.699321  0.765917  0.639860  0.835614  0.804808  0.830168  0.741217  0.779671  0.701383  0.813527  0.717754  0.602471  0.602431  0.628440  0.765924  0.743837  0.850959  0.646843  0.626354  0.818853  0.731980  0.854256  0.588018  0.761265  0.763003  0.724747  0.704747  0.827541  0.675444  0.704453  0.819831  0.769085  0.750530  0.849130  0.855799  0.803075  0.720406  0.817348  0.509968  0.703859  0.763020  0.840573  0.801144 0.0  0.824825  0.658969  0.654342  0.689932  0.706339  0.754800  0.614441  0.506930  1.000000  0.762111  0.630331  0.578562 
50  0.818225  0.844721  0.874322  0.794006  0.402145  0.832664  0.829618  0.873122  0.906477  0.687550  0.685315  0.740033  0.822978  0.515380  0.777656  0.771042  0.751326  0.789076  0.784022  0.812969  0.406816  0.524093  0.532970  0.609523  0.751661  0.542588  0.749476  0.784107  0.716901  0.667510  0.399895  0.530514  0.692674  0.554137  0.600523  0.608803  0.549829  0.630457  0.532029  0.494719  0.547277  0.203507  0.709237  0.492017  0.909310  0.813787  0.395684  0.482189  0.571842  0.824825 0.0  0.765556  0.721883  0.904056  0.518709  0.478435  0.718342  0.888441  0.770850  0.596992  0.762092  0.728462 
51  0.405899  0.761820  0.572954  0.682485  0.954767  0.723997  0.788120  0.746686  0.771990  0.806786  0.824119  0.971802  0.643537  0.835364  0.412476  0.800423  0.455800  0.515029  0.461505  0.340985  0.792346  0.747272  0.744634  0.890478  0.745583  0.862468  0.623467  0.830807  0.650350  0.703675  0.799599  0.914046  0.726650  0.723705  0.778749  0.743408  0.855869  0.795601  0.672627  0.760031  0.832154  0.726586  0.686059  0.761455  0.505000  0.611063  0.825038  0.812240  0.714962  0.658969  0.765556 0.0  0.330643  0.656771  0.780034  0.768140  0.606207  0.605133  0.914727  0.755370  0.257813  0.391691 
52  0.503453  0.776070  0.504749  0.817268  0.783070  0.750696  0.808530  0.751309  0.633574  0.657178  0.839315  0.864561  0.694671  0.706603  0.265318  0.728992  0.654454  0.499840  0.432122  0.499148  0.835501  0.715526  0.801049  0.821903  0.822474  0.610656  0.702324  0.947073  0.630191  0.795792  0.804750  0.831932  0.820057  0.905959  0.857521  0.756233  0.748004  0.743578  0.748224  0.672077  0.795907  0.773236  0.832486  0.735661  0.445755  0.634882  0.872080  0.744344  0.858619  0.654342  0.721883  0.330643 0.0  0.575410  0.839990  0.887116  0.639784  0.510981  0.886121  0.722990  0.404258  0.544926 
53  0.719360  0.896783  0.693222  0.827511  0.771237  0.783619  0.796115  0.791895  0.768343  0.787953  0.944111  0.864288  0.612766  0.703634  0.641073  0.740543  0.573178  0.718030  0.642526  0.645984  0.841193  0.835440  0.763274  0.783422  0.868708  0.807041  0.759388  0.907195  0.748353  0.797539  0.899755  0.804359  0.795470  0.819411  0.872434  0.809611  0.865200  0.816886  0.886665  0.811877  0.854859  0.871067  0.911228  0.863475  0.606155  0.632873  0.882596  0.787226  0.836375  0.689932  0.904056  0.656771  0.575410 0.0  0.822868  0.855293  0.716338  0.666479  0.809640  0.733871  0.656813  0.614817 
54  0.741946  0.886735  0.821964  0.789850  0.401464  0.896561  0.850264  0.745574  0.814548  0.564541  0.860428  0.700034  0.795945  0.497399  0.633940  0.744833  0.810553  0.810794  0.725742  0.765301  0.485846  0.377740  0.529282  0.507065  0.882322  0.467513  0.702447  0.779259  0.738914  0.606426  0.313394  0.495278  0.598942  0.557371  0.585443  0.601976  0.498676  0.602538  0.601770  0.522477  0.340855  0.476974  0.771961  0.536422  0.910717  0.876893  0.397501  0.152383  0.490495  0.706339  0.518709  0.780034  0.839990  0.822868 0.0  0.308324  0.680689  0.787539  0.763571  0.424524  0.743185  0.847125 
55  0.825887  0.765982  0.729728  0.742673  0.470061  0.919263  0.906265  0.830228  0.721546  0.529869  0.606167  0.823017  0.819769  0.499894  0.798260  0.748001  0.810052  0.871866  0.798384  0.740868  0.422745  0.466757  0.546414  0.457021  0.763910  0.468251  0.813055  0.902285  0.718730  0.470249  0.379221  0.464346  0.464435  0.458981  0.424185  0.527118  0.431512  0.522801  0.507908  0.421697  0.347502  0.545817  0.790781  0.325374  0.763360  0.833403  0.545267  0.441178  0.450420  0.754800  0.478435  0.768140  0.887116  0.855293  0.308324 0.0  0.816462  0.910581  0.820377  0.526743  0.844246  0.806105 
56  0.683678  0.630634  0.673910  0.677791  0.786205  0.739610  0.727363  0.775415  0.526504  0.751819  0.819041  0.794560  0.766882  0.750743  0.577045  0.605052  0.632827  0.571087  0.632356  0.622920  0.771276  0.748853  0.726582  0.803838  0.633096  0.768687  0.725717  0.782861  0.629338  0.833172  0.782016  0.777195  0.855832  0.787594  0.669750  0.748105  0.783751  0.732736  0.640213  0.677731  0.791045  0.759350  0.703744  0.875227  0.731031  0.830020  0.798452  0.791897  0.821953  0.614441  0.718342  0.606207  0.639784  0.716338  0.680689  0.816462 0.0  0.392731  0.754189  0.788816  0.669290  0.754440 
57  0.550775  0.701178  0.549234  0.677579  0.790182  0.722448  0.678333  0.729447  0.521702  0.763781  0.923049  0.875014  0.749424  0.686026  0.500315  0.707073  0.724743  0.568884  0.630459  0.678746  0.811663  0.725683  0.690522  0.783752  0.676847  0.799730  0.709596  0.801943  0.522686  0.809683  0.749378  0.865810  0.736512  0.771985  0.707348  0.700283  0.724424  0.831701  0.804657  0.832587  0.711681  0.789123  0.611420  0.796205  0.582402  0.679363  0.757690  0.750179  0.866510  0.506930  0.888441  0.605133  0.510981  0.666479  0.787539  0.910581  0.392731 0.0  0.843423  0.769587  0.669095  0.673540 
58  0.795601  0.784142  0.792523  0.955867  0.697701  0.854313  0.778339  0.826862  0.764819  0.813993  0.641790  0.622480  0.868121  0.776097  0.863481  0.724049  0.760226  0.823934  0.794135  0.938286  0.682940  0.695581  0.637641  0.634588  0.830826  0.726884  0.839429  0.709191  0.652207  0.748035  0.714870  0.692371  0.632623  0.740048  0.758082  0.735110  0.726807  0.671957  0.637306  0.729902  0.750926  0.722211  0.842803  0.736971  0.812987  0.780647  0.772885  0.739533  0.757745  1.000000  0.770850  0.914727  0.886121  0.809640  0.763571  0.820377  0.754189  0.843423 0.0  0.702850  0.836292  0.784557 
59  0.798179  0.945316  0.745860  0.707912  0.540723  0.859640  0.803053  0.842331  0.778440  0.525833  0.600354  0.782905  0.778937  0.365271  0.785090  0.723000  0.854605  0.779997  0.780411  0.681064  0.610001  0.368532  0.465123  0.314783  0.914427  0.314344  0.756606  0.815644  0.833775  0.563995  0.502445  0.396461  0.491540  0.211118  0.459866  0.390718  0.071009  0.337851  0.206059  0.266235  0.318109  0.616311  0.854825  0.672564  0.794210  0.800137  0.571930  0.380423  0.118769  0.762111  0.596992  0.755370  0.722990  0.733871  0.424524  0.526743  0.788816  0.769587  0.702850 0.0  0.727283  0.823104 
60  0.510842  0.807694  0.560489  0.669330  0.714499  0.760184  0.715077  0.847745  0.644344  0.689498  0.796221  0.848966  0.738989  0.810822  0.459192  0.711562  0.447698  0.387108  0.245263  0.444519  0.803191  0.918640  0.770646  0.843393  0.795067  0.918659  0.705646  0.804147  0.584222  0.807390  0.702678  0.783639  0.782019  0.739052  0.729386  0.693211  0.736045  0.760052  0.811492  0.768119  0.744345  0.898161  0.729771  0.789163  0.571783  0.669274  0.755855  0.775950  0.671884  0.630331  0.762092  0.257813  0.404258  0.656813  0.743185  0.844246  0.669290  0.669095  0.836292  0.727283 0.0  0.242388 
61  0.295563  0.692548  0.592645  0.777526  0.883257  0.737742  0.739800  0.743113  0.634405  0.764362  0.939075  0.889331  0.719891  0.649893  0.501713  0.712447  0.388371  0.357758  0.328911  0.516503  0.765865  0.756736  0.830844  0.770452  0.807466  0.805014  0.659529  0.972522  0.670643  0.698898  0.800884  0.750964  0.678035  0.717857  0.792430  0.706319  0.759236  0.754620  0.771431  0.780238  0.830903  0.844034  0.862596  0.826372  0.501568  0.592561  0.776656  0.720912  0.678771  0.578562  0.728462  0.391691  0.544926  0.614817  0.847125  0.806105  0.754440  0.673540  0.784557  0.823104  0.242388 0.0 
