62
0 0.0  0.706595  0.639145  0.832677  0.790237  0.817316  0.791017  0.813524  0.671852  0.744186  0.922960  0.828300  0.656299  0.653905  0.566118  0.803571  0.376195  0.418561  0.377253  0.392886  0.802144  0.803498  0.835640  0.751456  0.797637  0.664378  0.602585  0.890589  0.569618  0.661521  0.731219  0.772527  0.759621  0.816483  0.706695  0.660861  0.735314  0.756792  0.744131  0.841185  0.863269  0.744756  0.736968  0.785011  0.609058  0.598095  0.731897  0.704173  0.815982  0.633386  0.735937  0.528828  0.494164  0.610949  0.755303  0.765564  0.718157  0.597413  0.817298  0.719927  0.425813  0.268069 
1  0.706595 0.0  0.794291  0.697802  0.793269  0.660026  0.778149  0.626965  0.702945  0.757092  0.878962  0.844513  0.966594  0.748445  0.782117  0.491507  0.737937  0.795952  0.788366  0.881694  0.793402  0.684387  0.850388  0.791511  0.560157  0.816496  0.759721  0.826929  0.664792  0.687754  0.728118  0.787029  0.780538  0.714524  0.740300  0.930931  0.772226  0.857181  0.730484  0.699053  0.856747  0.868123  0.571398  0.782687  0.852840  0.873272  0.887063  0.780680  0.755584  0.759866  0.782257  0.704518  0.918076  0.930933  0.729024  0.740260  0.720531  0.817547  0.855750  0.753547  0.821931  0.781485 
2  0.639145  0.794291 0.0  0.642129  0.817785  0.839306  0.687771  0.817372  0.656436  0.788140  0.873551  0.903914  0.759795  0.761626  0.410198  0.645214  0.641123  0.437475  0.610627  0.455848  0.821711  0.846131  0.782769  0.807213  0.744328  0.678152  0.692877  0.939617  0.462838  0.853650  0.866368  0.852011  0.852128  0.784539  0.728187  0.787149  0.772258  0.786403  0.873462  0.838041  0.724957  0.731813  0.678840  0.683826  0.498551  0.722126  0.743522  0.769169  0.757016  0.532198  0.774053  0.548245  0.370761  0.639264  0.778042  0.745544  0.492845  0.460869  0.807328  0.787014  0.450613  0.520619 
3  0.832677  0.697802  0.642129 0.0  0.630596  0.667659  0.505608  0.657764  0.684655  0.840286  0.836320  0.942724  0.785745  0.807230  0.704422  0.626204  0.777135  0.653516  0.852361  0.876375  0.834645  0.666495  0.845473  0.852676  0.614541  0.816126  0.752188  0.755555  0.676811  0.862031  0.917614  0.776488  0.876493  0.788407  0.735780  0.813618  0.775758  0.798905  0.776633  0.821168  0.755587  0.824512  0.763668  0.882523  0.743220  0.811199  0.735923  0.761155  0.817602  0.569831  0.828873  0.806065  0.699974  0.762134  0.792601  0.884432  0.646918  0.658389  0.808986  0.774794  0.749369  0.706735 
4  0.790237  0.793269  0.817785  0.630596 0.0  0.911625  0.862363  0.858274  0.791425  0.760476  0.805779  0.763817  0.767093  0.603418  0.880160  0.763302  0.867317  0.741074  0.775098  0.854318  0.320953  0.486583  0.489807  0.536960  0.751717  0.543520  0.819719  0.927006  0.804196  0.595501  0.440208  0.561652  0.635779  0.573478  0.606808  0.686166  0.578803  0.630347  0.571746  0.516279  0.493010  0.273570  0.850196  0.507894  0.840560  0.839704  0.302372  0.503503  0.613661  0.802382  0.370566  0.853644  0.842188  0.867938  0.394099  0.563601  0.908194  0.848031  0.678735  0.495078  0.839111  0.768216 
5  0.817316  0.660026  0.839306  0.667659  0.911625 0.0  0.526687  0.638280  0.713873  0.748311  0.918952  0.962702  0.789367  0.784431  0.824337  0.589842  0.778793  0.694490  0.753378  0.791701  0.802521  0.813416  0.785828  0.896186  0.749131  0.802059  0.788449  0.828520  0.816363  0.784934  0.860563  0.824539  0.806151  0.838036  0.913055  0.807562  0.941630  0.809232  0.850184  0.836405  0.769962  0.785501  0.663917  0.738876  0.865839  0.848513  0.761658  0.838744  0.757176  0.647861  0.877263  0.820453  0.745884  0.736492  0.932051  0.925757  0.587301  0.687728  0.947528  0.799672  0.831284  0.644955 
6  0.791017  0.778149  0.687771  0.505608  0.862363  0.526687 0.0  0.432380  0.767938  0.984278  0.778536  0.855262  0.825264  0.828133  0.966807  0.646614  0.802992  0.707333  0.803880  0.743006  0.854483  0.801730  0.854615  0.913142  0.672461  0.805081  0.835682  0.893701  0.802448  0.767400  0.831628  0.772823  0.721193  0.732220  0.865017  0.745668  0.857880  0.806710  0.830982  0.810628  0.827210  0.826939  0.678626  0.820005  0.710082  0.855181  0.855566  0.864996  0.790478  0.726958  0.729795  0.800445  0.762872  0.800478  0.853444  0.828839  0.656994  0.766518  0.792614  0.893356  0.865817  0.751136 
7  0.813524  0.626965  0.817372  0.657764  0.858274  0.638280  0.432380 0.0  0.726596  0.757248  0.830948  0.811469  0.861391  0.866178  0.829267  0.653890  0.807352  0.825174  0.798448  0.830414  0.804272  0.807619  0.782421  0.818760  0.587763  0.824679  0.794908  0.952405  0.643260  0.887000  0.845125  0.831758  0.846657  0.748803  0.905833  0.784340  0.905089  0.763617  0.773344  0.809067  0.801341  0.876275  0.633840  0.777168  0.806095  0.749467  0.758823  0.881690  0.776246  0.799909  0.797619  0.734895  0.892982  0.838867  0.983293  0.800758  0.835875  0.668686  0.951593  0.824652  0.939755  0.874148 
8  0.671852  0.702945  0.656436  0.684655  0.791425  0.713873  0.767938  0.726596 0.0  0.779189  0.825355  0.858084  0.824198  0.785852  0.740291  0.645087  0.768361  0.671060  0.679921  0.663329  0.859478  0.798917  0.791647  0.870801  0.652477  0.858774  0.721623  0.827825  0.687034  0.919179  0.824720  0.726017  0.797316  0.791150  0.690696  0.795901  0.816818  0.802424  0.711103  0.802207  0.836389  0.740823  0.684195  0.806118  0.537438  0.625335  0.910665  0.784555  0.808558  0.550681  0.815615  0.721850  0.702095  0.820352  0.825755  0.749198  0.457316  0.505713  0.774746  0.795022  0.715262  0.676271 
9  0.744186  0.757092  0.788140  0.840286  0.760476  0.748311  0.984278  0.757248  0.779189 0.0  0.802555  0.811920  0.754329  0.587463  0.806286  0.875161  0.760938  0.797175  0.757345  0.715454  0.631248  0.626088  0.808331  0.563477  0.824704  0.487739  0.850239  0.836059  0.800879  0.566619  0.692679  0.479704  0.488002  0.519789  0.464572  0.526702  0.543486  0.512531  0.453413  0.641750  0.637928  0.667209  0.844824  0.755862  0.805953  0.796886  0.760285  0.551196  0.542636  0.765481  0.699966  0.770373  0.709494  0.702947  0.588976  0.672048  0.651679  0.772660  0.832019  0.465062  0.745019  0.849656 
10  0.922960  0.878962  0.873551  0.836320  0.805779  0.918952  0.778536  0.830948  0.825355  0.802555 0.0  0.395170  0.846195  0.760446  0.863270  0.801521  0.914032  0.758376  0.981246  0.903538  0.835797  0.801047  0.732856  0.779149  0.876783  0.713671  0.856767  0.633013  0.898908  0.771271  0.699591  0.851800  0.790015  0.755102  0.903006  0.826250  0.823872  0.870484  0.763815  0.762493  0.781348  0.777787  0.830401  0.696888  1.000000  0.952362  0.843195  0.866531  0.833092  0.851412  0.815548  0.865727  0.786176  0.875035  0.817909  0.696334  0.782936  0.903418  0.675088  0.778429  0.883001  0.935576 
11  0.828300  0.844513  0.903914  0.942724  0.763817  0.962702  0.855262  0.811469  0.858084  0.811920  0.395170 0.0  0.895014  0.804185  0.872592  0.827719  0.826668  0.713698  0.936135  0.783925  0.894457  0.792439  0.820802  0.736106  0.766454  0.732108  0.898528  0.639180  0.919323  0.865081  0.800789  0.805875  0.890863  0.862111  0.834267  0.896267  0.950479  0.936070  0.866673  0.744958  0.703714  0.911254  0.737238  0.685704  0.898698  0.841680  0.739373  0.721178  0.842628  0.910711  0.660825  0.857207  0.879146  0.854058  0.721473  0.893908  0.940899  0.942832  0.773721  0.854619  0.833718  0.896494 
12  0.656299  0.966594  0.759795  0.785745  0.767093  0.789367  0.825264  0.861391  0.824198  0.754329  0.846195  0.895014 0.0  0.868928  0.686622  0.866072  0.647545  0.712564  0.779642  0.642796  0.877327  0.760353  0.828476  0.890760  0.916773  0.895716  0.373376  0.859176  0.793392  0.771084  0.773701  0.851922  0.904018  0.786074  0.803287  0.797384  0.805048  0.710848  0.847817  0.852336  0.739314  0.831682  0.839419  0.904730  0.690041  0.580767  0.871681  0.785563  0.802808  0.789455  0.783040  0.605149  0.632135  0.673412  0.746110  0.827196  0.749041  0.706135  0.906002  0.794544  0.635245  0.670565 
13  0.653905  0.748445  0.761626  0.807230  0.603418  0.784431  0.828133  0.866178  0.785852  0.587463  0.760446  0.804185  0.868928 0.0  0.854939  0.717509  0.812044  0.660793  0.768270  0.757233  0.582148  0.503666  0.716107  0.559388  0.837544  0.582855  0.800704  0.762636  0.811461  0.503584  0.475356  0.406104  0.513675  0.572253  0.539376  0.612367  0.442219  0.548578  0.439714  0.438310  0.553367  0.481411  0.942677  0.592078  0.771331  0.921599  0.653744  0.524523  0.397854  0.776200  0.658569  0.742721  0.908711  0.863900  0.541243  0.605213  0.751280  0.688928  0.673686  0.405009  0.747422  0.784316 
14  0.566118  0.782117  0.410198  0.704422  0.880160  0.824337  0.966807  0.829267  0.740291  0.806286  0.863270  0.872592  0.686622  0.854939 0.0  0.740278  0.487980  0.535393  0.411052  0.551664  0.851238  0.826226  0.770301  0.733170  0.801709  0.824209  0.846771  0.753835  0.577389  0.773556  0.911647  0.739915  0.784776  0.759881  0.681651  0.681646  0.785919  0.702025  0.767602  0.807055  0.789568  0.752060  0.735732  0.786694  0.509641  0.627934  0.840833  0.682915  0.982952  0.594253  0.851665  0.417327  0.453723  0.614088  0.835954  0.808759  0.616951  0.625472  0.880436  0.739584  0.345531  0.514620 
15  0.803571  0.491507  0.645214  0.626204  0.763302  0.589842  0.646614  0.653890  0.645087  0.875161  0.801521  0.827719  0.866072  0.717509  0.740278 0.0  0.746535  0.791293  0.738563  0.728252  0.850102  0.674424  0.822788  0.690850  0.644013  0.699498  0.735949  0.816761  0.784633  0.656075  0.702888  0.780858  0.751108  0.865752  0.828483  0.763161  0.820365  0.797484  0.826333  0.760453  0.716312  0.773895  0.602485  0.736100  0.734593  0.968641  0.778574  0.854118  0.837061  0.723383  0.901878  0.808093  0.655230  0.784902  0.782421  0.783261  0.612670  0.642444  0.798541  0.590806  0.658212  0.809196 
16  0.376195  0.737937  0.641123  0.777135  0.867317  0.778793  0.802992  0.807352  0.768361  0.760938  0.914032  0.826668  0.647545  0.812044  0.487980  0.746535 0.0  0.400624  0.448347  0.404115  0.754307  0.909334  0.926126  0.729430  0.755636  0.789083  0.666807  0.854364  0.693180  0.715242  0.764767  0.792138  0.732547  0.822921  0.796433  0.774040  0.704697  0.661499  0.722568  0.745637  0.722240  0.665141  0.774632  0.814198  0.563203  0.692006  0.792274  0.843829  0.881470  0.585610  0.799538  0.382156  0.525823  0.623474  0.770257  0.796743  0.658649  0.648124  0.855764  0.861387  0.500287  0.363981 
17  0.418561  0.795952  0.437475  0.653516  0.741074  0.694490  0.707333  0.825174  0.671060  0.797175  0.758376  0.713698  0.712564  0.660793  0.535393  0.791293  0.400624 0.0  0.398244  0.349228  0.760570  0.828967  0.828084  0.785594  0.818896  0.700619  0.662962  0.752969  0.638244  0.758883  0.766012  0.817773  0.783920  0.802258  0.666324  0.734916  0.673683  0.789844  0.839024  0.782214  0.835660  0.717652  0.818881  0.846218  0.624727  0.756554  0.809042  0.816075  0.744045  0.581327  0.767248  0.498309  0.481314  0.657032  0.773742  0.758834  0.645578  0.667521  0.797582  0.726128  0.415944  0.354380 
18  0.377253  0.788366  0.610627  0.852361  0.775098  0.753378  0.803880  0.798448  0.679921  0.757345  0.981246  0.936135  0.779642  0.768270  0.411052  0.738563  0.448347  0.398244 0.0  0.521275  0.758467  0.854227  0.838539  0.748487  0.700656  0.659584  0.733644  0.814301  0.595867  0.834653  0.794074  0.843259  0.759520  0.741774  0.853731  0.773441  0.741283  0.667479  0.771001  0.939449  0.764868  0.760652  0.858992  0.739073  0.559002  0.742738  0.818069  0.855159  0.759090  0.656035  0.769975  0.399317  0.498504  0.611196  0.740383  0.690324  0.559662  0.666364  0.938866  0.794974  0.293309  0.253417 
19  0.392886  0.881694  0.455848  0.876375  0.854318  0.791701  0.743006  0.830414  0.663329  0.715454  0.903538  0.783925  0.642796  0.757233  0.551664  0.728252  0.404115  0.349228  0.521275 0.0  0.666110  0.832740  0.755764  0.726880  0.719746  0.673593  0.727262  0.928555  0.626724  0.748878  0.859337  0.742205  0.803480  0.696132  0.771158  0.809548  0.778117  0.721934  0.773832  0.689344  0.779659  0.778090  0.778615  0.792278  0.520007  0.641915  0.837008  0.724743  0.750010  0.507399  0.791483  0.426667  0.515648  0.707604  0.803693  0.775039  0.597346  0.577519  0.882376  0.807791  0.443263  0.569411 
20  0.802144  0.793402  0.821711  0.834645  0.320953  0.802521  0.854483  0.804272  0.859478  0.631248  0.835797  0.894457  0.877327  0.582148  0.851238  0.850102  0.754307  0.760570  0.758467  0.666110 0.0  0.498322  0.474496  0.484877  0.916515  0.423979  0.798781  0.802100  0.779349  0.613803  0.640636  0.570790  0.535982  0.634467  0.567851  0.444319  0.616163  0.623312  0.648501  0.582379  0.574190  0.362262  0.810058  0.640797  0.766516  0.834952  0.551058  0.326599  0.629138  0.828616  0.286171  0.733400  0.827402  0.895647  0.403284  0.508888  0.673079  0.739239  0.764847  0.513338  0.755476  0.646396 
21  0.803498  0.684387  0.846131  0.666495  0.486583  0.813416  0.801730  0.807619  0.798917  0.626088  0.801047  0.792439  0.760353  0.503666  0.826226  0.674424  0.909334  0.828967  0.854227  0.832740  0.498322 0.0  0.591260  0.316890  0.768795  0.288997  0.792992  0.794123  0.812824  0.419203  0.409509  0.449138  0.469429  0.223752  0.374170  0.522951  0.356969  0.396833  0.348542  0.268193  0.441861  0.609612  0.799212  0.432225  0.749965  0.825070  0.527590  0.449317  0.459106  0.712140  0.584960  0.781497  0.802301  0.754676  0.415847  0.482618  0.732725  0.698706  0.713819  0.357451  0.709031  0.932889 
22  0.835640  0.850388  0.782769  0.845473  0.489807  0.785828  0.854615  0.782421  0.791647  0.808331  0.732856  0.820802  0.828476  0.716107  0.770301  0.822788  0.926126  0.828084  0.838539  0.755764  0.474496  0.591260 0.0  0.639369  0.815810  0.547104  0.809341  0.732341  0.828372  0.669295  0.546241  0.512855  0.593193  0.567032  0.611841  0.638589  0.654659  0.737653  0.645185  0.723888  0.637557  0.514304  0.844055  0.508966  0.860015  0.912588  0.402582  0.547665  0.599960  0.876154  0.574607  0.826410  0.813087  0.797129  0.575961  0.398647  0.824737  0.854710  0.680474  0.552202  0.746048  0.853062 
23  0.751456  0.791511  0.807213  0.852676  0.536960  0.896186  0.913142  0.818760  0.870801  0.563477  0.779149  0.736106  0.890760  0.559388  0.733170  0.690850  0.729430  0.785594  0.748487  0.726880  0.484877  0.316890  0.639369 0.0  0.791518  0.361619  0.864297  0.748495  0.815011  0.442065  0.500681  0.447350  0.445193  0.322074  0.443964  0.482669  0.416008  0.506519  0.220468  0.316597  0.331598  0.688621  0.691730  0.448639  0.780364  0.807029  0.557062  0.549314  0.312968  0.903015  0.576335  0.705076  0.807768  0.955226  0.613562  0.467976  0.716270  0.898936  0.826422  0.374489  0.804881  0.663221 
24  0.797637  0.560157  0.744328  0.614541  0.751717  0.749131  0.672461  0.587763  0.652477  0.824704  0.876783  0.766454  0.916773  0.837544  0.801709  0.644013  0.755636  0.818896  0.700656  0.719746  0.916515  0.768795  0.815810  0.791518 0.0  0.847599  0.912767  0.797291  0.818530  0.873080  0.845404  0.820105  0.950647  0.732027  0.841188  0.792081  0.823307  0.859782  0.880073  0.840019  0.759251  0.836869  0.172952  0.757728  0.699236  0.819970  0.813705  0.851598  0.883137  0.779722  0.772857  0.810235  0.886469  0.809587  0.772703  0.798211  0.774020  0.708019  0.941497  0.790006  0.882920  0.745243 
25  0.664378  0.816496  0.678152  0.816126  0.543520  0.802059  0.805081  0.824679  0.858774  0.487739  0.713671  0.732108  0.895716  0.582855  0.824209  0.699498  0.789083  0.700619  0.659584  0.673593  0.423979  0.288997  0.547104  0.361619  0.847599 0.0  0.822316  0.754076  0.750401  0.418598  0.411049  0.487591  0.450811  0.393569  0.408175  0.304187  0.285377  0.547863  0.492294  0.236384  0.302791  0.530521  0.843251  0.534782  0.692534  0.753056  0.550089  0.398837  0.364609  0.750782  0.515798  0.736504  0.812145  0.927563  0.400510  0.384586  0.875921  0.754382  0.844236  0.247483  0.756128  0.826861 
26  0.602585  0.759721  0.692877  0.752188  0.819719  0.788449  0.835682  0.794908  0.721623  0.850239  0.856767  0.898528  0.373376  0.800704  0.846771  0.735949  0.666807  0.662962  0.733644  0.727262  0.798781  0.792992  0.809341  0.864297  0.912767  0.822316 0.0  0.765523  0.772025  0.709867  0.797558  0.752783  0.809473  0.862186  0.675049  0.786201  0.910725  0.835897  0.735428  0.886412  0.802135  0.758371  0.805635  0.830742  0.648541  0.490023  0.805771  0.772680  0.809354  0.832190  0.656846  0.695397  0.727538  0.748433  0.912114  0.798774  0.653435  0.727605  0.919317  0.675358  0.667883  0.619995 
27  0.890589  0.826929  0.939617  0.755555  0.927006  0.828520  0.893701  0.952405  0.827825  0.836059  0.633013  0.639180  0.859176  0.762636  0.753835  0.816761  0.854364  0.752969  0.814301  0.928555  0.802100  0.794123  0.732341  0.748495  0.797291  0.754076  0.765523 0.0  0.819300  0.725427  0.764158  0.788657  0.830669  0.677133  0.805046  0.838072  0.727375  0.832485  0.799901  0.808050  0.827176  0.854312  0.842560  0.776738  0.955436  0.899863  0.843235  0.774337  0.758189  0.840918  0.726466  0.971120  0.970238  0.867915  0.748224  0.807942  0.820754  0.791933  0.624032  0.741770  0.848099  0.842885 
28  0.569618  0.664792  0.462838  0.676811  0.804196  0.816363  0.802448  0.643260  0.687034  0.800879  0.898908  0.919323  0.793392  0.811461  0.577389  0.784633  0.693180  0.638244  0.595867  0.626724  0.779349  0.812824  0.828372  0.815011  0.818530  0.750401  0.772025  0.819300 0.0  0.807136  0.775578  0.764481  0.790795  0.742212  0.701196  0.674461  0.734225  0.766870  0.802146  0.804042  0.698362  0.761690  0.785654  0.781996  0.670930  0.679631  0.837352  0.667656  0.653088  0.447678  0.794454  0.548494  0.479306  0.750662  0.657761  0.743254  0.633303  0.421122  0.892426  0.851251  0.574030  0.627465 
29  0.661521  0.687754  0.853650  0.862031  0.595501  0.784934  0.767400  0.887000  0.919179  0.566619  0.771271  0.865081  0.771084  0.503584  0.773556  0.656075  0.715242  0.758883  0.834653  0.748878  0.613803  0.419203  0.669295  0.442065  0.873080  0.418598  0.709867  0.725427  0.807136 0.0  0.471174  0.425565  0.284888  0.501800  0.210060  0.430816  0.453197  0.490785  0.511669  0.291368  0.379032  0.526897  0.713931  0.560518  0.839374  0.808162  0.573785  0.446751  0.416384  0.916038  0.604888  0.733115  0.829249  0.837110  0.467676  0.642179  0.776055  0.771923  0.687282  0.473982  0.705176  0.774659 
30  0.731219  0.728118  0.866368  0.917614  0.440208  0.860563  0.831628  0.845125  0.824720  0.692679  0.699591  0.800789  0.773701  0.475356  0.911647  0.702888  0.764767  0.766012  0.794074  0.859337  0.640636  0.409509  0.546241  0.500681  0.845404  0.411049  0.797558  0.764158  0.775578  0.471174 0.0  0.463842  0.475357  0.488548  0.545570  0.542171  0.455970  0.444345  0.411892  0.451714  0.482488  0.527424  0.775958  0.616491  0.855631  0.812527  0.480844  0.348700  0.462046  0.821799  0.496124  0.753080  0.788210  0.831131  0.241465  0.302023  0.833645  0.713708  0.665290  0.497704  0.793887  0.758858 
31  0.772527  0.787029  0.852011  0.776488  0.561652  0.824539  0.772823  0.831758  0.726017  0.479704  0.851800  0.805875  0.851922  0.406104  0.739915  0.780858  0.792138  0.817773  0.843259  0.742205  0.570790  0.449138  0.512855  0.447350  0.820105  0.487591  0.752783  0.788657  0.764481  0.425565  0.463842 0.0  0.369899  0.457146  0.442904  0.381415  0.266547  0.241996  0.402438  0.405750  0.338713  0.703844  0.754282  0.533683  0.735822  0.818594  0.565713  0.613953  0.392917  0.761029  0.686204  0.809849  0.634482  0.823229  0.535120  0.563465  0.758785  0.784176  0.721248  0.398204  0.782999  0.710671 
32  0.759621  0.780538  0.852128  0.876493  0.635779  0.806151  0.721193  0.846657  0.797316  0.488002  0.790015  0.890863  0.904018  0.513675  0.784776  0.751108  0.732547  0.783920  0.759520  0.803480  0.535982  0.469429  0.593193  0.445193  0.950647  0.450811  0.809473  0.830669  0.790795  0.284888  0.475357  0.369899 0.0  0.483694  0.453958  0.474385  0.565357  0.466695  0.609128  0.463330  0.566135  0.649874  0.904147  0.603624  0.769129  0.827794  0.707883  0.564817  0.512394  0.754682  0.560593  0.788214  0.766825  0.880164  0.633754  0.534747  0.705164  0.783743  0.807276  0.534584  0.763961  0.854969 
33  0.816483  0.714524  0.784539  0.788407  0.573478  0.838036  0.732220  0.748803  0.791150  0.519789  0.755102  0.862111  0.786074  0.572253  0.759881  0.865752  0.822921  0.802258  0.741774  0.696132  0.634467  0.223752  0.567032  0.322074  0.732027  0.393569  0.862186  0.677133  0.742212  0.501800  0.488548  0.457146  0.483694 0.0  0.428748  0.382402  0.431212  0.525312  0.137162  0.312365  0.320561  0.611202  0.816552  0.558696  0.830917  0.754688  0.649913  0.491147  0.272321  0.773751  0.683747  0.676238  0.732934  0.767872  0.418603  0.550500  0.769808  0.798964  0.758023  0.352205  0.832411  0.733463 
34  0.706695  0.740300  0.728187  0.735780  0.606808  0.913055  0.865017  0.905833  0.690696  0.464572  0.903006  0.834267  0.803287  0.539376  0.681651  0.828483  0.796433  0.666324  0.853731  0.771158  0.567851  0.374170  0.611841  0.443964  0.841188  0.408175  0.675049  0.805046  0.701196  0.210060  0.545570  0.442904  0.453958  0.428748 0.0  0.318671  0.354325  0.259157  0.547705  0.404562  0.521958  0.615234  0.785006  0.615571  0.816168  0.683495  0.562745  0.504635  0.376439  0.752395  0.574543  0.816062  0.812491  0.794607  0.613639  0.440887  0.836587  0.758610  0.776269  0.377636  0.713135  0.833922 
35  0.660861  0.930931  0.787149  0.813618  0.686166  0.807562  0.745668  0.784340  0.795901  0.526702  0.826250  0.896267  0.797384  0.612367  0.681646  0.763161  0.774040  0.734916  0.773441  0.809548  0.444319  0.522951  0.638589  0.482669  0.792081  0.304187  0.786201  0.838072  0.674461  0.430816  0.542171  0.381415  0.474385  0.382402  0.318671 0.0  0.402284  0.330949  0.489582  0.438519  0.350152  0.543136  0.883066  0.538210  0.828416  0.829740  0.687623  0.573948  0.462416  0.768564  0.600749  0.681064  0.750467  0.829136  0.725581  0.523426  0.768005  0.890369  0.663151  0.253895  0.747422  0.862533 
36  0.735314  0.772226  0.772258  0.775758  0.578803  0.941630  0.857880  0.905089  0.816818  0.543486  0.823872  0.950479  0.805048  0.442219  0.785919  0.820365  0.704697  0.673683  0.741283  0.778117  0.616163  0.356969  0.654659  0.416008  0.823307  0.285377  0.910725  0.727375  0.734225  0.453197  0.455970  0.266547  0.565357  0.431212  0.354325  0.402284 0.0  0.271059  0.345625  0.231084  0.406082  0.527780  0.842882  0.469343  0.849341  0.733555  0.586177  0.481107  0.140375  0.855625  0.662358  0.827067  0.905844  0.870243  0.385262  0.499811  0.802587  0.813258  0.734773  0.116679  0.855477  0.761107 
37  0.756792  0.857181  0.786403  0.798905  0.630347  0.809232  0.806710  0.763617  0.802424  0.512531  0.870484  0.936070  0.710848  0.548578  0.702025  0.797484  0.661499  0.789844  0.667479  0.721934  0.623312  0.396833  0.737653  0.506519  0.859782  0.547863  0.835897  0.832485  0.766870  0.490785  0.444345  0.241996  0.466695  0.525312  0.259157  0.330949  0.271059 0.0  0.395703  0.384612  0.404552  0.597368  0.855745  0.598584  0.872352  0.811088  0.651448  0.546990  0.222363  0.725687  0.614591  0.653954  0.879456  0.910379  0.573844  0.511288  0.767243  0.628797  0.819533  0.359120  0.720124  0.839832 
38  0.744131  0.730484  0.873462  0.776633  0.571746  0.850184  0.830982  0.773344  0.711103  0.453413  0.763815  0.866673  0.847817  0.439714  0.767602  0.826333  0.722568  0.839024  0.771001  0.773832  0.648501  0.348542  0.645185  0.220468  0.880073  0.492294  0.735428  0.799901  0.802146  0.511669  0.411892  0.402438  0.609128  0.137162  0.547705  0.489582  0.345625  0.395703 0.0  0.420154  0.309311  0.620661  0.782070  0.621826  0.815951  0.810394  0.531781  0.467520  0.356360  0.801361  0.540732  0.816279  0.779468  0.932849  0.575199  0.474497  0.766030  0.802074  0.672312  0.245724  0.747585  0.889693 
39  0.841185  0.699053  0.838041  0.821168  0.516279  0.836405  0.810628  0.809067  0.802207  0.641750  0.762493  0.744958  0.852336  0.438310  0.807055  0.760453  0.745637  0.782214  0.939449  0.689344  0.582379  0.268193  0.723888  0.316597  0.840019  0.236384  0.886412  0.808050  0.804042  0.291368  0.451714  0.405750  0.463330  0.312365  0.404562  0.438519  0.231084  0.384612  0.420154 0.0  0.506805  0.549767  0.774254  0.491437  0.787276  0.803915  0.569246  0.476422  0.257460  0.764390  0.497575  0.742622  0.828589  0.821704  0.530178  0.467036  0.835125  0.705288  0.688070  0.244677  0.810588  0.774140 
40  0.863269  0.856747  0.724957  0.755587  0.493010  0.769962  0.827210  0.801341  0.836389  0.637928  0.781348  0.703714  0.739314  0.553367  0.789568  0.716312  0.722240  0.835660  0.764868  0.779659  0.574190  0.441861  0.637557  0.331598  0.759251  0.302791  0.802135  0.827176  0.698362  0.379032  0.482488  0.338713  0.566135  0.320561  0.521958  0.350152  0.406082  0.404552  0.309311  0.506805 0.0  0.574860  0.721835  0.504350  0.719236  0.895218  0.466671  0.555820  0.350755  0.883454  0.460449  0.688482  0.796098  0.850313  0.518764  0.422646  0.746979  0.837980  0.813404  0.398295  0.660532  0.740511 
41  0.744756  0.868123  0.731813  0.824512  0.273570  0.785501  0.826939  0.876275  0.740823  0.667209  0.777787  0.911254  0.831682  0.481411  0.752060  0.773895  0.665141  0.717652  0.760652  0.778090  0.362262  0.609612  0.514304  0.688621  0.836869  0.530521  0.758371  0.854312  0.761690  0.526897  0.527424  0.703844  0.649874  0.611202  0.615234  0.543136  0.527780  0.597368  0.620661  0.549767  0.574860 0.0  0.869137  0.564246  0.826369  0.799102  0.437113  0.394978  0.628580  0.833683  0.287679  0.859489  0.837795  0.959907  0.541240  0.525801  0.798747  0.863939  0.660258  0.629418  0.877898  0.834317 
42  0.736968  0.571398  0.678840  0.763668  0.850196  0.663917  0.678626  0.633840  0.684195  0.844824  0.830401  0.737238  0.839419  0.942677  0.735732  0.602485  0.774632  0.818881  0.858992  0.778615  0.810058  0.799212  0.844055  0.691730  0.172952  0.843251  0.805635  0.842560  0.785654  0.713931  0.775958  0.754282  0.904147  0.816552  0.785006  0.883066  0.842882  0.855745  0.782070  0.774254  0.721835  0.869137 0.0  0.804919  0.669169  0.895851  0.885334  0.808092  0.760326  0.766909  0.791828  0.702380  0.787685  0.820862  0.790257  0.864288  0.621832  0.701243  0.829557  0.785431  0.838083  0.879186 
43  0.785011  0.782687  0.683826  0.882523  0.507894  0.738876  0.820005  0.777168  0.806118  0.755862  0.696888  0.685704  0.904730  0.592078  0.786694  0.736100  0.814198  0.846218  0.739073  0.792278  0.640797  0.432225  0.508966  0.448639  0.757728  0.534782  0.830742  0.776738  0.781996  0.560518  0.616491  0.533683  0.603624  0.558696  0.615571  0.538210  0.469343  0.598584  0.621826  0.491437  0.504350  0.564246  0.804919 0.0  0.760614  0.873165  0.417349  0.546481  0.589022  0.787459  0.458453  0.762782  0.773408  0.882652  0.493076  0.388686  0.837625  0.862703  0.720684  0.480399  0.793624  0.764424 
44  0.609058  0.852840  0.498551  0.743220  0.840560  0.865839  0.710082  0.806095  0.537438  0.805953  1.000000  0.898698  0.690041  0.771331  0.509641  0.734593  0.563203  0.624727  0.559002  0.520007  0.766516  0.749965  0.860015  0.780364  0.699236  0.692534  0.648541  0.955436  0.670930  0.839374  0.855631  0.735822  0.769129  0.830917  0.816168  0.828416  0.849341  0.872352  0.815951  0.787276  0.719236  0.826369  0.669169  0.760614 0.0  0.653133  0.808642  0.836984  0.737666  0.435292  0.884976  0.614824  0.538651  0.591955  0.977300  0.804555  0.734204  0.652881  0.832569  0.833227  0.591130  0.525264 
45  0.598095  0.873272  0.722126  0.811199  0.839704  0.848513  0.855181  0.749467  0.625335  0.796886  0.952362  0.841680  0.580767  0.921599  0.627934  0.968641  0.692006  0.756554  0.742738  0.641915  0.834952  0.825070  0.912588  0.807029  0.819970  0.753056  0.490023  0.899863  0.679631  0.808162  0.812527  0.818594  0.827794  0.754688  0.683495  0.829740  0.733555  0.811088  0.810394  0.803915  0.895218  0.799102  0.895851  0.873165  0.653133 0.0  0.772143  0.789874  0.769603  0.739853  0.839546  0.720904  0.599418  0.571451  0.779125  0.792518  0.742458  0.774942  0.843118  0.671969  0.647627  0.671567 
46  0.731897  0.887063  0.743522  0.735923  0.302372  0.761658  0.855566  0.758823  0.910665  0.760285  0.843195  0.739373  0.871681  0.653744  0.840833  0.778574  0.792274  0.809042  0.818069  0.837008  0.551058  0.527590  0.402582  0.557062  0.813705  0.550089  0.805771  0.843235  0.837352  0.573785  0.480844  0.565713  0.707883  0.649913  0.562745  0.687623  0.586177  0.651448  0.531781  0.569246  0.466671  0.437113  0.885334  0.417349  0.808642  0.772143 0.0  0.508608  0.498117  0.724439  0.504196  0.779551  0.761306  0.855218  0.584126  0.557294  0.819171  0.865329  0.610666  0.495021  0.711820  0.792074 
47  0.704173  0.780680  0.769169  0.761155  0.503503  0.838744  0.864996  0.881690  0.784555  0.551196  0.866531  0.721178  0.785563  0.524523  0.682915  0.854118  0.843829  0.816075  0.855159  0.724743  0.326599  0.449317  0.547665  0.549314  0.851598  0.398837  0.772680  0.774337  0.667656  0.446751  0.348700  0.613953  0.564817  0.491147  0.504635  0.573948  0.481107  0.546990  0.467520  0.476422  0.555820  0.394978  0.808092  0.546481  0.836984  0.789874  0.508608 0.0  0.534471  0.791314  0.409978  0.800625  0.768899  0.793185  0.278821  0.352413  0.810093  0.863151  0.699887  0.575003  0.750277  0.794989 
48  0.815982  0.755584  0.757016  0.817602  0.613661  0.757176  0.790478  0.776246  0.808558  0.542636  0.833092  0.842628  0.802808  0.397854  0.982952  0.837061  0.881470  0.744045  0.759090  0.750010  0.629138  0.459106  0.599960  0.312968  0.883137  0.364609  0.809354  0.758189  0.653088  0.416384  0.462046  0.392917  0.512394  0.272321  0.376439  0.462416  0.140375  0.222363  0.356360  0.257460  0.350755  0.628580  0.760326  0.589022  0.737666  0.769603  0.498117  0.534471 0.0  0.787007  0.530040  0.834442  0.753347  0.836397  0.443392  0.426755  0.875771  0.837358  0.793935  0.000000  0.760794  0.887088 
49  0.633386  0.759866  0.532198  0.569831  0.802382  0.647861  0.726958  0.799909  0.550681  0.765481  0.851412  0.910711  0.789455  0.776200  0.594253  0.723383  0.585610  0.581327  0.656035  0.507399  0.828616  0.712140  0.876154  0.903015  0.779722  0.750782  0.832190  0.840918  0.447678  0.916038  0.821799  0.761029  0.754682  0.773751  0.752395  0.768564  0.855625  0.725687  0.801361  0.764390  0.883454  0.833683  0.766909  0.787459  0.435292  0.739853  0.724439  0.791314  0.787007 0.0  0.842569  0.536596  0.503481  0.727214  0.891528  0.847546  0.654768  0.520066  0.894844  0.805272  0.699434  0.686334 
50  0.735937  0.782257  0.774053  0.828873  0.370566  0.877263  0.729795  0.797619  0.815615  0.699966  0.815548  0.660825  0.783040  0.658569  0.851665  0.901878  0.799538  0.767248  0.769975  0.791483  0.286171  0.584960  0.574607  0.576335  0.772857  0.515798  0.656846  0.726466  0.794454  0.604888  0.496124  0.686204  0.560593  0.683747  0.574543  0.600749  0.662358  0.614591  0.540732  0.497575  0.460449  0.287679  0.791828  0.458453  0.884976  0.839546  0.504196  0.409978  0.530040  0.842569 0.0  0.755862  0.787692  0.907176  0.420582  0.575667  0.892464  0.860102  0.769854  0.518118  0.825356  0.818626 
51  0.528828  0.704518  0.548245  0.806065  0.853644  0.820453  0.800445  0.734895  0.721850  0.770373  0.865727  0.857207  0.605149  0.742721  0.417327  0.808093  0.382156  0.498309  0.399317  0.426667  0.733400  0.781497  0.826410  0.705076  0.810235  0.736504  0.695397  0.971120  0.548494  0.733115  0.753080  0.809849  0.788214  0.676238  0.816062  0.681064  0.827067  0.653954  0.816279  0.742622  0.688482  0.859489  0.702380  0.762782  0.614824  0.720904  0.779551  0.800625  0.834442  0.536596  0.755862 0.0  0.402853  0.633323  0.851650  0.729220  0.681854  0.662676  0.752473  0.785048  0.404984  0.466650 
52  0.494164  0.918076  0.370761  0.699974  0.842188  0.745884  0.762872  0.892982  0.702095  0.709494  0.786176  0.879146  0.632135  0.908711  0.453723  0.655230  0.525823  0.481314  0.498504  0.515648  0.827402  0.802301  0.813087  0.807768  0.886469  0.812145  0.727538  0.970238  0.479306  0.829249  0.788210  0.634482  0.766825  0.732934  0.812491  0.750467  0.905844  0.879456  0.779468  0.828589  0.796098  0.837795  0.787685  0.773408  0.538651  0.599418  0.761306  0.768899  0.753347  0.503481  0.787692  0.402853 0.0  0.578662  0.827801  0.670080  0.596197  0.539760  0.898432  0.721990  0.511330  0.448198 
53  0.610949  0.930933  0.639264  0.762134  0.867938  0.736492  0.800478  0.838867  0.820352  0.702947  0.875035  0.854058  0.673412  0.863900  0.614088  0.784902  0.623474  0.657032  0.611196  0.707604  0.895647  0.754676  0.797129  0.955226  0.809587  0.927563  0.748433  0.867915  0.750662  0.837110  0.831131  0.823229  0.880164  0.767872  0.794607  0.829136  0.870243  0.910379  0.932849  0.821704  0.850313  0.959907  0.820862  0.882652  0.591955  0.571451  0.855218  0.793185  0.836397  0.727214  0.907176  0.633323  0.578662 0.0  0.883845  0.874432  0.673763  0.617405  0.974569  0.815809  0.586305  0.687524 
54  0.755303  0.729024  0.778042  0.792601  0.394099  0.932051  0.853444  0.983293  0.825755  0.588976  0.817909  0.721473  0.746110  0.541243  0.835954  0.782421  0.770257  0.773742  0.740383  0.803693  0.403284  0.415847  0.575961  0.613562  0.772703  0.400510  0.912114  0.748224  0.657761  0.467676  0.241465  0.535120  0.633754  0.418603  0.613639  0.725581  0.385262  0.573844  0.575199  0.530178  0.518764  0.541240  0.790257  0.493076  0.977300  0.779125  0.584126  0.278821  0.443392  0.891528  0.420582  0.851650  0.827801  0.883845 0.0  0.489054  0.833486  0.746907  0.704997  0.466905  0.755322  0.729979 
55  0.765564  0.740260  0.745544  0.884432  0.563601  0.925757  0.828839  0.800758  0.749198  0.672048  0.696334  0.893908  0.827196  0.605213  0.808759  0.783261  0.796743  0.758834  0.690324  0.775039  0.508888  0.482618  0.398647  0.467976  0.798211  0.384586  0.798774  0.807942  0.743254  0.642179  0.302023  0.563465  0.534747  0.550500  0.440887  0.523426  0.499811  0.511288  0.474497  0.467036  0.422646  0.525801  0.864288  0.388686  0.804555  0.792518  0.557294  0.352413  0.426755  0.847546  0.575667  0.729220  0.670080  0.874432  0.489054 0.0  0.895059  0.800163  0.686874  0.427668  0.819673  0.735154 
56  0.718157  0.720531  0.492845  0.646918  0.908194  0.587301  0.656994  0.835875  0.457316  0.651679  0.782936  0.940899  0.749041  0.751280  0.616951  0.612670  0.658649  0.645578  0.559662  0.597346  0.673079  0.732725  0.824737  0.716270  0.774020  0.875921  0.653435  0.820754  0.633303  0.776055  0.833645  0.758785  0.705164  0.769808  0.836587  0.768005  0.802587  0.767243  0.766030  0.835125  0.746979  0.798747  0.621832  0.837625  0.734204  0.742458  0.819171  0.810093  0.875771  0.654768  0.892464  0.681854  0.596197  0.673763  0.833486  0.895059 0.0  0.556133  0.855947  0.716167  0.594900  0.641367 
57  0.597413  0.817547  0.460869  0.658389  0.848031  0.687728  0.766518  0.668686  0.505713  0.772660  0.903418  0.942832  0.706135  0.688928  0.625472  0.642444  0.648124  0.667521  0.666364  0.577519  0.739239  0.698706  0.854710  0.898936  0.708019  0.754382  0.727605  0.791933  0.421122  0.771923  0.713708  0.784176  0.783743  0.798964  0.758610  0.890369  0.813258  0.628797  0.802074  0.705288  0.837980  0.863939  0.701243  0.862703  0.652881  0.774942  0.865329  0.863151  0.837358  0.520066  0.860102  0.662676  0.539760  0.617405  0.746907  0.800163  0.556133 0.0  0.803045  0.786492  0.567058  0.558472 
58  0.817298  0.855750  0.807328  0.808986  0.678735  0.947528  0.792614  0.951593  0.774746  0.832019  0.675088  0.773721  0.906002  0.673686  0.880436  0.798541  0.855764  0.797582  0.938866  0.882376  0.764847  0.713819  0.680474  0.826422  0.941497  0.844236  0.919317  0.624032  0.892426  0.687282  0.665290  0.721248  0.807276  0.758023  0.776269  0.663151  0.734773  0.819533  0.672312  0.688070  0.813404  0.660258  0.829557  0.720684  0.832569  0.843118  0.610666  0.699887  0.793935  0.894844  0.769854  0.752473  0.898432  0.974569  0.704997  0.686874  0.855947  0.803045 0.0  0.707136  0.727983  0.880286 
59  0.719927  0.753547  0.787014  0.774794  0.495078  0.799672  0.893356  0.824652  0.795022  0.465062  0.778429  0.854619  0.794544  0.405009  0.739584  0.590806  0.861387  0.726128  0.794974  0.807791  0.513338  0.357451  0.552202  0.374489  0.790006  0.247483  0.675358  0.741770  0.851251  0.473982  0.497704  0.398204  0.534584  0.352205  0.377636  0.253895  0.116679  0.359120  0.245724  0.244677  0.398295  0.629418  0.785431  0.480399  0.833227  0.671969  0.495021  0.575003  0.000000  0.805272  0.518118  0.785048  0.721990  0.815809  0.466905  0.427668  0.716167  0.786492  0.707136 0.0  0.899042  0.774845 
60  0.425813  0.821931  0.450613  0.749369  0.839111  0.831284  0.865817  0.939755  0.715262  0.745019  0.883001  0.833718  0.635245  0.747422  0.345531  0.658212  0.500287  0.415944  0.293309  0.443263  0.755476  0.709031  0.746048  0.804881  0.882920  0.756128  0.667883  0.848099  0.574030  0.705176  0.793887  0.782999  0.763961  0.832411  0.713135  0.747422  0.855477  0.720124  0.747585  0.810588  0.660532  0.877898  0.838083  0.793624  0.591130  0.647627  0.711820  0.750277  0.760794  0.699434  0.825356  0.404984  0.511330  0.586305  0.755322  0.819673  0.594900  0.567058  0.727983  0.899042 0.0  0.442685 
61  0.268069  0.781485  0.520619  0.706735  0.768216  0.644955  0.751136  0.874148  0.676271  0.849656  0.935576  0.896494  0.670565  0.784316  0.514620  0.809196  0.363981  0.354380  0.253417  0.569411  0.646396  0.932889  0.853062  0.663221  0.745243  0.826861  0.619995  0.842885  0.627465  0.774659  0.758858  0.710671  0.854969  0.733463  0.833922  0.862533  0.761107  0.839832  0.889693  0.774140  0.740511  0.834317  0.879186  0.764424  0.525264  0.671567  0.792074  0.794989  0.887088  0.686334  0.818626  0.466650  0.448198  0.687524  0.729979  0.735154  0.641367  0.558472  0.880286  0.774845  0.442685 0.0 
