62
0 0.0  0.900651  0.563982  0.765307  0.710932  0.765192  0.854557  0.939039  0.730538  0.856337  0.782881  0.884159  0.738080  0.842773  0.518392  0.715327  0.239126  0.357283  0.417709  0.477477  0.903146  0.699922  0.831975  0.824390  0.752838  0.822238  0.591191  0.867525  0.569576  0.681495  0.805703  0.745699  0.794172  0.681805  0.735446  0.854161  0.849957  0.718428  0.757578  0.807044  0.761540  0.796801  0.735810  0.833226  0.630418  0.578130  0.927460  0.768113  0.697442  0.723115  0.861231  0.570325  0.672585  0.717032  0.757850  0.785870  0.613689  0.685669  0.899173  0.789155  0.495894  0.290091 
1  0.900651 0.0  0.788343  0.563649  0.725263  0.766354  0.761488  0.768970  0.755648  0.762326  0.853710  0.823946  0.757622  0.795547  0.877237  0.531550  0.793349  0.765966  0.827032  0.850521  0.751297  0.715311  0.822604  0.696362  0.522450  0.753106  0.918977  0.794125  0.762720  0.848832  0.839248  0.852239  0.785133  0.733343  0.821327  0.788693  0.710646  0.819400  0.858315  0.774351  0.697801  0.881627  0.583260  0.869493  0.894333  0.816724  0.791750  0.751901  0.873221  0.704369  0.768671  0.700882  0.772927  0.811683  0.790537  0.892457  0.640369  0.748414  0.901401  0.726289  0.771043  0.761784 
2  0.563982  0.788343 0.0  0.768086  0.923044  0.739767  0.796909  0.757171  0.612887  0.812548  0.740318  0.883729  0.788223  0.851099  0.464646  0.878546  0.580236  0.573703  0.494245  0.499140  0.713518  0.847493  0.753228  0.805197  0.739268  0.797641  0.748412  0.822653  0.470821  0.767015  0.719987  0.740868  0.816722  0.744547  0.841731  0.765378  0.798144  0.740984  0.716396  0.872656  0.784130  0.803332  0.787071  0.902199  0.651178  0.631748  0.932899  0.762589  0.799675  0.585680  0.873472  0.676386  0.372166  0.615600  0.754423  0.809950  0.526942  0.572679  0.911932  0.910876  0.564561  0.501495 
3  0.765307  0.563649  0.768086 0.0  0.867792  0.620066  0.460921  0.629823  0.642395  0.762429  0.870098  0.850332  0.863056  0.773918  0.723659  0.564313  0.744447  0.772860  0.708057  0.716725  0.816928  0.715228  0.928661  0.810037  0.769968  0.890744  0.845241  0.866244  0.698984  0.835943  0.812324  0.862811  0.918880  0.862715  0.751297  0.839867  0.772743  0.885410  0.650661  0.769341  0.857723  0.878244  0.532932  0.842535  0.768488  0.746783  0.741228  0.802401  0.824793  0.612438  0.850235  0.809411  0.849841  0.794290  0.799648  0.760099  0.616944  0.697316  0.651878  0.737508  0.781924  0.728146 
4  0.710932  0.725263  0.923044  0.867792 0.0  0.831656  0.762614  0.877034  0.892939  0.671007  0.869607  0.817412  0.752212  0.773439  0.827276  0.775223  0.849801  0.735582  0.862825  0.781963  0.282462  0.508493  0.587712  0.688365  0.812465  0.592990  0.875073  0.880192  0.643781  0.565708  0.355207  0.637966  0.590227  0.580231  0.520226  0.481647  0.533884  0.555891  0.522961  0.575193  0.564894  0.443646  0.752455  0.479947  0.944712  0.761776  0.457056  0.352110  0.535244  0.845840  0.308892  0.825858  0.883764  0.915536  0.494599  0.561881  0.824149  0.844804  0.766926  0.466457  0.710074  0.733782 
5  0.765192  0.766354  0.739767  0.620066  0.831656 0.0  0.552521  0.621011  0.703409  0.729039  0.821185  0.915347  0.777685  0.830709  0.863618  0.625439  0.804633  0.835724  0.846803  0.805312  0.913140  0.931564  0.899629  0.908261  0.694193  0.819435  0.914900  0.887127  0.774760  0.821163  0.825687  0.813948  0.797982  0.832028  0.729684  0.917003  0.906030  0.809504  0.839199  0.932579  0.842180  0.907566  0.722977  0.876269  0.767741  0.732284  0.837816  0.763058  0.926500  0.711781  0.891313  0.797065  0.649223  0.815923  0.764149  0.872891  0.690363  0.636161  0.840205  0.838730  0.741286  0.763377 
6  0.854557  0.761488  0.796909  0.460921  0.762614  0.552521 0.0  0.607483  0.726965  0.800933  0.843458  0.959048  0.789501  0.869104  0.714650  0.682416  0.844105  0.832780  0.696523  0.788261  0.817592  0.839965  0.854685  0.869935  0.674298  0.797149  0.780227  0.909278  0.769923  0.794731  0.989316  0.771559  0.815873  0.719440  0.904353  0.757870  0.864660  0.722080  0.822278  0.950194  0.814803  0.913660  0.692581  0.827464  0.878289  0.857095  0.894253  0.868623  0.764577  0.736745  0.822260  0.734131  0.778387  0.901365  0.846316  0.955962  0.894589  0.741929  0.883634  0.771318  0.740544  0.809814 
7  0.939039  0.768970  0.757171  0.629823  0.877034  0.621011  0.607483 0.0  0.734574  0.895249  0.904278  0.725371  0.814034  0.933061  0.827937  0.632643  0.793584  0.701493  0.796807  0.873296  0.868647  0.799807  0.844568  0.800911  0.727256  0.758031  0.889529  0.832000  0.754802  0.776683  0.762352  0.897487  0.809977  0.864223  0.773267  0.893268  0.790966  0.863031  0.927480  0.869152  0.860221  0.844005  0.555447  0.842437  0.848846  0.856823  0.852243  0.874590  0.911102  0.724143  0.874206  0.813642  0.759813  0.820234  0.882750  0.756385  0.754015  0.772498  0.781765  0.838290  0.785527  0.845311 
8  0.730538  0.755648  0.612887  0.642395  0.892939  0.703409  0.726965  0.734574 0.0  0.777658  0.808934  0.886466  0.770006  0.836970  0.794076  0.685152  0.720277  0.647566  0.613546  0.580451  0.824395  0.855283  0.898977  0.813953  0.766469  0.743636  0.800832  0.852578  0.561003  0.791543  0.796750  0.832905  0.755644  0.804576  0.772579  0.702829  0.768704  0.814109  0.760043  0.761074  0.721282  0.865272  0.759333  0.835364  0.662519  0.722354  0.745750  0.769587  0.651946  0.553290  0.876625  0.694801  0.732029  0.772991  0.774052  0.800631  0.562792  0.395862  0.909019  0.649790  0.733074  0.652247 
9  0.856337  0.762326  0.812548  0.762429  0.671007  0.729039  0.800933  0.895249  0.777658 0.0  0.860213  0.731901  0.740751  0.587164  0.827024  0.679169  0.776736  0.729072  0.749000  0.773484  0.628874  0.638054  0.701856  0.685683  0.841350  0.628756  0.741883  0.842201  0.695340  0.586163  0.669382  0.536007  0.636045  0.632492  0.511707  0.558183  0.513751  0.375587  0.557194  0.565538  0.552802  0.784255  0.693105  0.708011  0.785635  0.811660  0.622059  0.610807  0.626251  0.615239  0.758584  0.858249  0.796252  0.881529  0.722651  0.610495  0.780191  0.778160  0.810174  0.559041  0.766113  0.741916 
10  0.782881  0.853710  0.740318  0.870098  0.869607  0.821185  0.843458  0.904278  0.808934  0.860213 0.0  0.456084  0.859369  0.749506  0.914267  0.776940  0.824996  0.902465  0.844954  0.858059  0.802699  0.762883  0.672624  0.831564  0.824764  0.751004  0.842360  0.717501  0.879469  0.799688  0.849180  0.793606  0.873498  0.772311  0.783852  0.788770  0.684654  0.761209  0.760859  0.746585  0.687463  0.827870  0.841790  0.779407  0.858101  0.865317  0.743495  0.822553  0.753219  0.847279  0.815417  0.843169  0.957138  0.851078  0.808072  0.718509  0.942966  0.961468  0.749615  0.860430  0.893390  0.915218 
11  0.884159  0.823946  0.883729  0.850332  0.817412  0.915347  0.959048  0.725371  0.886466  0.731901  0.456084 0.0  0.912336  0.742764  0.933597  0.786604  0.847779  0.832413  0.882515  0.868223  0.750698  0.761757  0.700556  0.929028  0.847962  0.882776  0.985819  0.647969  0.837247  0.880601  0.771205  0.787744  0.798128  0.801977  0.832303  0.827748  0.810808  0.775778  0.853226  0.844494  0.876120  0.780964  0.803702  0.861480  0.876747  1.000000  0.857962  0.830464  0.822341  0.844289  0.822356  0.797960  0.806695  0.874052  0.832314  0.873640  0.901586  0.862354  0.772320  0.896415  0.787038  0.891367 
12  0.738080  0.757622  0.788223  0.863056  0.752212  0.777685  0.789501  0.814034  0.770006  0.740751  0.859369  0.912336 0.0  0.743477  0.706565  0.834554  0.695845  0.663835  0.662311  0.683068  0.772231  0.756256  0.841629  0.803764  0.903093  0.767767  0.404477  0.865789  0.700526  0.682826  0.843257  0.790880  0.754865  0.742488  0.765200  0.682636  0.766630  0.902937  0.861076  0.859653  0.776823  0.775654  0.849224  0.814725  0.671142  0.612755  0.849457  0.769964  0.742444  0.771539  0.794017  0.732721  0.667357  0.668292  0.881235  0.873413  0.746003  0.793642  0.889975  0.754151  0.803583  0.685764 
13  0.842773  0.795547  0.851099  0.773918  0.773439  0.830709  0.869104  0.933061  0.836970  0.587164  0.749506  0.742764  0.743477 0.0  0.736096  0.734454  0.859301  0.669991  0.782248  0.684470  0.738013  0.510884  0.703276  0.476644  0.805975  0.454754  0.659269  0.773481  0.847550  0.453788  0.518655  0.395924  0.522727  0.495072  0.592004  0.482551  0.416530  0.579326  0.541204  0.454727  0.608073  0.537548  0.707620  0.505616  0.743118  0.763067  0.652938  0.428411  0.404869  0.714520  0.733311  0.706778  0.757346  0.791341  0.545944  0.557370  0.870407  0.811394  0.799409  0.474283  0.825634  0.804628 
14  0.518392  0.877237  0.464646  0.723659  0.827276  0.863618  0.714650  0.827937  0.794076  0.827024  0.914267  0.933597  0.706565  0.736096 0.0  0.869594  0.584483  0.600705  0.420236  0.453835  0.767708  0.900205  0.845692  0.699300  0.887993  0.734115  0.718568  0.888792  0.563249  0.706173  0.852257  0.714772  0.700127  0.746612  0.878893  0.856282  0.818084  0.792435  0.813711  0.751557  0.792984  0.747814  0.747108  0.845753  0.538509  0.628607  0.679134  0.718437  0.867887  0.651021  0.871451  0.452816  0.263122  0.550952  0.900724  0.791443  0.665945  0.542649  0.794106  0.834401  0.310461  0.332670 
15  0.715327  0.531550  0.878546  0.564313  0.775223  0.625439  0.682416  0.632643  0.685152  0.679169  0.776940  0.786604  0.834554  0.734454  0.869594 0.0  0.870473  0.752134  0.691867  0.713693  0.775545  0.817693  0.902666  0.708917  0.488310  0.762269  0.890319  0.831652  0.821043  0.803719  0.773748  0.741035  0.752607  0.886848  0.708712  0.926595  0.812757  0.772451  0.811985  0.827366  0.789169  0.779267  0.601461  0.805600  0.802398  0.776647  0.851649  0.831829  0.856878  0.782371  0.737714  0.816679  0.838951  0.749904  0.835663  0.657461  0.703296  0.758985  0.775988  0.736368  0.780687  0.857289 
16  0.239126  0.793349  0.580236  0.744447  0.849801  0.804633  0.844105  0.793584  0.720277  0.776736  0.824996  0.847779  0.695845  0.859301  0.584483  0.870473 0.0  0.454506  0.541042  0.535826  0.805232  0.826646  0.807073  0.829048  0.751901  0.743386  0.617809  0.811187  0.620964  0.804988  0.858887  0.778491  0.853221  0.792637  0.707684  0.649521  0.727189  0.825715  0.771400  0.706227  0.850150  0.771912  0.854752  0.869573  0.618684  0.715852  0.750076  0.850514  0.722072  0.682897  0.851831  0.543244  0.588225  0.737981  0.846715  0.820579  0.674544  0.622669  0.816985  0.857331  0.433944  0.459682 
17  0.357283  0.765966  0.573703  0.772860  0.735582  0.835724  0.832780  0.701493  0.647566  0.729072  0.902465  0.832413  0.663835  0.669991  0.600705  0.752134  0.454506 0.0  0.394576  0.339890  0.853421  0.750911  0.746419  0.779903  0.769790  0.784237  0.662840  0.809652  0.578032  0.713648  0.770612  0.691270  0.716217  0.850917  0.716992  0.779459  0.805028  0.796071  0.814050  0.822701  0.761980  0.837134  0.877526  0.800855  0.586659  0.680241  0.865687  0.794691  0.716429  0.664395  0.779786  0.525546  0.479720  0.655425  0.830688  0.831047  0.857353  0.707485  0.883818  0.677756  0.360839  0.308559 
18  0.417709  0.827032  0.494245  0.708057  0.862825  0.846803  0.696523  0.796807  0.613546  0.749000  0.844954  0.882515  0.662311  0.782248  0.420236  0.691867  0.541042  0.394576 0.0  0.434222  0.845496  0.758071  0.768168  0.854152  0.866271  0.831542  0.647804  0.896271  0.534574  0.696495  0.773574  0.743090  0.719733  0.775923  0.808074  0.699247  0.730388  0.680436  0.796211  0.712528  0.801698  0.875096  0.847359  0.852801  0.555185  0.581706  0.767217  0.662141  0.767164  0.562915  0.798708  0.413082  0.461728  0.749967  0.729153  0.829637  0.715997  0.666564  0.936556  0.726958  0.298949  0.265502 
19  0.477477  0.850521  0.499140  0.716725  0.781963  0.805312  0.788261  0.873296  0.580451  0.773484  0.858059  0.868223  0.683068  0.684470  0.453835  0.713693  0.535826  0.339890  0.434222 0.0  0.820805  0.742805  0.842934  0.753404  0.739594  0.781832  0.684958  0.843666  0.655602  0.740595  0.827443  0.810845  0.793693  0.810093  0.775445  0.861112  0.805739  0.830375  0.702425  0.802440  0.810720  0.757840  0.764307  0.762567  0.593532  0.710676  0.812368  0.680553  0.713539  0.718080  0.814395  0.506978  0.596434  0.665977  0.869365  0.715086  0.691137  0.640804  0.877957  0.712546  0.414159  0.298975 
20  0.903146  0.751297  0.713518  0.816928  0.282462  0.913140  0.817592  0.868647  0.824395  0.628874  0.802699  0.750698  0.772231  0.738013  0.767708  0.775545  0.805232  0.853421  0.845496  0.820805 0.0  0.689740  0.466745  0.639855  0.881596  0.565445  0.883687  0.841700  0.825854  0.647173  0.478403  0.619049  0.609252  0.558861  0.630121  0.551761  0.672342  0.710630  0.522141  0.567973  0.606860  0.282679  0.808374  0.610992  0.693291  0.708045  0.491138  0.397012  0.575016  0.881516  0.288819  0.749563  0.858039  0.774880  0.434102  0.592645  0.804360  0.849441  0.678705  0.438689  0.856387  0.788310 
21  0.699922  0.715311  0.847493  0.715228  0.508493  0.931564  0.839965  0.799807  0.855283  0.638054  0.762883  0.761757  0.756256  0.510884  0.900205  0.817693  0.826646  0.750911  0.758071  0.742805  0.689740 0.0  0.625108  0.262424  0.801621  0.282469  0.779002  0.840437  0.948494  0.533061  0.471633  0.391905  0.437735  0.257540  0.447087  0.484204  0.360201  0.443613  0.408022  0.241133  0.308136  0.586994  0.744641  0.511549  0.717250  0.747087  0.614363  0.400306  0.400144  0.720541  0.629003  0.766792  0.739134  0.816650  0.433698  0.475458  0.787757  0.810233  0.721652  0.345102  0.829125  0.856063 
22  0.831975  0.822604  0.753228  0.928661  0.587712  0.899629  0.854685  0.844568  0.898977  0.701856  0.672624  0.700556  0.841629  0.703276  0.845692  0.902666  0.807073  0.746419  0.768168  0.842934  0.466745  0.625108 0.0  0.547213  0.731050  0.611602  0.797359  0.834193  0.839882  0.633992  0.628222  0.476816  0.584277  0.589139  0.737325  0.629192  0.634510  0.722962  0.615422  0.488297  0.711324  0.622656  0.836077  0.460367  0.837735  0.843017  0.514253  0.528348  0.630181  0.840466  0.478906  0.786149  0.803441  0.846184  0.586569  0.570832  0.890830  0.764028  0.739055  0.568187  0.806702  0.763190 
23  0.824390  0.696362  0.805197  0.810037  0.688365  0.908261  0.869935  0.800911  0.813953  0.685683  0.831564  0.929028  0.803764  0.476644  0.699300  0.708917  0.829048  0.779903  0.854152  0.753404  0.639855  0.262424  0.547213 0.0  0.871229  0.455722  0.800264  0.709731  0.739471  0.530587  0.468320  0.349255  0.599922  0.266877  0.547646  0.475012  0.368310  0.356929  0.233270  0.484855  0.397421  0.603759  0.870926  0.404104  0.803378  0.805393  0.438575  0.419124  0.335526  0.851345  0.461966  0.761410  0.775795  0.925029  0.528413  0.371130  0.823052  0.710160  0.610236  0.406854  0.840037  0.806666 
24  0.752838  0.522450  0.739268  0.769968  0.812465  0.694193  0.674298  0.727256  0.766469  0.841350  0.824764  0.847962  0.903093  0.805975  0.887993  0.488310  0.751901  0.769790  0.866271  0.739594  0.881596  0.801621  0.731050  0.871229 0.0  0.791303  0.876697  0.844904  0.775277  0.912389  0.924025  0.730237  0.791138  0.876172  0.837483  0.856788  0.868356  0.844105  0.724108  0.725350  0.721016  0.852002  0.209795  0.819997  0.715407  0.810558  0.721089  0.898656  0.794460  0.662247  0.793570  0.727401  0.700311  0.827666  0.830296  0.886290  0.703446  0.790781  0.941353  0.778893  0.852758  0.814415 
25  0.822238  0.753106  0.797641  0.890744  0.592990  0.819435  0.797149  0.758031  0.743636  0.628756  0.751004  0.882776  0.767767  0.454754  0.734115  0.762269  0.743386  0.784237  0.831542  0.781832  0.565445  0.282469  0.611602  0.455722  0.791303 0.0  0.838234  0.782148  0.769306  0.380061  0.508191  0.420852  0.482238  0.408714  0.317385  0.438295  0.224861  0.488840  0.479199  0.167427  0.445894  0.563513  0.736524  0.560125  0.787188  0.815635  0.504296  0.401772  0.338921  0.784742  0.619140  0.761762  0.838941  0.805128  0.515708  0.522303  0.818595  0.760189  0.716804  0.275547  0.694000  0.841400 
26  0.591191  0.918977  0.748412  0.845241  0.875073  0.914900  0.780227  0.889529  0.800832  0.741883  0.842360  0.985819  0.404477  0.659269  0.718568  0.890319  0.617809  0.662840  0.647804  0.684958  0.883687  0.779002  0.797359  0.800264  0.876697  0.838234 0.0  0.788318  0.753091  0.846525  0.823942  0.787393  0.786456  0.775720  0.870328  0.799325  0.749837  0.863233  0.735612  0.824728  0.697160  0.880257  0.879324  0.734672  0.706440  0.514900  0.879149  0.714518  0.796841  0.745546  0.813617  0.710000  0.739246  0.603289  0.836410  0.741594  0.791102  0.765100  0.922462  0.802633  0.597272  0.610659 
27  0.867525  0.794125  0.822653  0.866244  0.880192  0.887127  0.909278  0.832000  0.852578  0.842201  0.717501  0.647969  0.865789  0.773481  0.888792  0.831652  0.811187  0.809652  0.896271  0.843666  0.841700  0.840437  0.834193  0.709731  0.844904  0.782148  0.788318 0.0  0.852902  0.846986  0.833611  0.788438  0.856139  0.810587  0.801181  0.970239  0.889661  0.752279  0.789302  0.668892  0.795941  0.798036  0.792726  0.738603  0.848463  0.883550  0.717625  0.843223  0.740223  0.845940  0.879037  0.809150  0.776841  0.941221  0.823478  0.780453  0.883492  0.854409  0.855813  0.872986  0.854755  0.825316 
28  0.569576  0.762720  0.470821  0.698984  0.643781  0.774760  0.769923  0.754802  0.561003  0.695340  0.879469  0.837247  0.700526  0.847550  0.563249  0.821043  0.620964  0.578032  0.534574  0.655602  0.825854  0.948494  0.839882  0.739471  0.775277  0.769306  0.753091  0.852902 0.0  0.825586  0.842215  0.793956  0.816276  0.711482  0.812414  0.809073  0.727709  0.730925  0.874252  0.818668  0.732937  0.854040  0.744715  0.851019  0.682685  0.744176  0.857207  0.863907  0.694647  0.647868  0.788550  0.634184  0.534877  0.670310  0.762102  0.806513  0.617462  0.486045  0.862298  0.759056  0.643497  0.512330 
29  0.681495  0.848832  0.767015  0.835943  0.565708  0.821163  0.794731  0.776683  0.791543  0.586163  0.799688  0.880601  0.682826  0.453788  0.706173  0.803719  0.804988  0.713648  0.696495  0.740595  0.647173  0.533061  0.633992  0.530587  0.912389  0.380061  0.846525  0.846986  0.825586 0.0  0.579790  0.569299  0.406161  0.500891  0.366030  0.403375  0.394569  0.466691  0.486222  0.331524  0.431742  0.623906  0.772164  0.579668  0.816554  0.804897  0.645409  0.536610  0.414538  0.828212  0.496322  0.786151  0.772945  0.846568  0.552030  0.502714  0.790452  0.791841  0.735084  0.320447  0.823659  0.856450 
30  0.805703  0.839248  0.719987  0.812324  0.355207  0.825687  0.989316  0.762352  0.796750  0.669382  0.849180  0.771205  0.843257  0.518655  0.852257  0.773748  0.858887  0.770612  0.773574  0.827443  0.478403  0.471633  0.628222  0.468320  0.924025  0.508191  0.823942  0.833611  0.842215  0.579790 0.0  0.572112  0.552946  0.605530  0.448369  0.506324  0.515072  0.510819  0.462115  0.410005  0.302837  0.453725  0.916597  0.501891  0.751792  0.904357  0.533476  0.333039  0.523646  0.775144  0.447201  0.902196  0.799363  0.796368  0.403490  0.362043  0.789131  0.806634  0.721990  0.514614  0.891517  0.760157 
31  0.745699  0.852239  0.740868  0.862811  0.637966  0.813948  0.771559  0.897487  0.832905  0.536007  0.793606  0.787744  0.790880  0.395924  0.714772  0.741035  0.778491  0.691270  0.743090  0.810845  0.619049  0.391905  0.476816  0.349255  0.730237  0.420852  0.787393  0.788438  0.793956  0.569299  0.572112 0.0  0.548849  0.321383  0.388992  0.349793  0.369893  0.336877  0.388895  0.428068  0.479962  0.575836  0.831726  0.512642  0.822281  0.809955  0.528638  0.512718  0.360193  0.693100  0.604181  0.749206  0.725006  0.773284  0.636464  0.552171  0.660510  0.651138  0.814612  0.378112  0.893696  0.758436 
32  0.794172  0.785133  0.816722  0.918880  0.590227  0.797982  0.815873  0.809977  0.755644  0.636045  0.873498  0.798128  0.754865  0.522727  0.700127  0.752607  0.853221  0.716217  0.719733  0.793693  0.609252  0.437735  0.584277  0.599922  0.791138  0.482238  0.786456  0.856139  0.816276  0.406161  0.552946  0.548849 0.0  0.567482  0.416821  0.550067  0.426845  0.454608  0.562381  0.515705  0.494724  0.706183  0.773586  0.580972  0.835044  0.871990  0.659064  0.578960  0.469614  0.906218  0.581803  0.757997  0.873022  0.797197  0.584432  0.545825  0.661525  0.834493  0.773152  0.526466  0.834774  0.813227 
33  0.681805  0.733343  0.744547  0.862715  0.580231  0.832028  0.719440  0.864223  0.804576  0.632492  0.772311  0.801977  0.742488  0.495072  0.746612  0.886848  0.792637  0.850917  0.775923  0.810093  0.558861  0.257540  0.589139  0.266877  0.876172  0.408714  0.775720  0.810587  0.711482  0.500891  0.605530  0.321383  0.567482 0.0  0.495266  0.366351  0.364656  0.477439  0.137520  0.444588  0.296286  0.617860  0.713900  0.507611  0.894742  0.720483  0.573633  0.464355  0.381527  0.799848  0.695398  0.824200  0.789892  0.850213  0.570154  0.420901  0.851550  0.899564  0.775567  0.186674  0.865302  0.858342 
34  0.735446  0.821327  0.841731  0.751297  0.520226  0.729684  0.904353  0.773267  0.772579  0.511707  0.783852  0.832303  0.765200  0.592004  0.878893  0.708712  0.707684  0.716992  0.808074  0.775445  0.630121  0.447087  0.737325  0.547646  0.837483  0.317385  0.870328  0.801181  0.812414  0.366030  0.448369  0.388992  0.416821  0.495266 0.0  0.257297  0.384998  0.299331  0.421583  0.374730  0.471346  0.685180  0.824835  0.704205  0.794628  0.730082  0.631731  0.531177  0.378786  0.750620  0.570093  0.840619  0.717175  0.737938  0.517760  0.587188  0.791827  0.693495  0.727938  0.462470  0.814829  0.795327 
35  0.854161  0.788693  0.765378  0.839867  0.481647  0.917003  0.757870  0.893268  0.702829  0.558183  0.788770  0.827748  0.682636  0.482551  0.856282  0.926595  0.649521  0.779459  0.699247  0.861112  0.551761  0.484204  0.629192  0.475012  0.856788  0.438295  0.799325  0.970239  0.809073  0.403375  0.506324  0.349793  0.550067  0.366351  0.257297 0.0  0.405167  0.206352  0.376622  0.495550  0.406801  0.573036  0.799868  0.618569  0.775529  0.769814  0.636516  0.486447  0.437273  0.803182  0.626056  0.879592  0.739243  0.892399  0.534214  0.527846  0.726615  0.771581  0.777209  0.418188  0.728503  0.727729 
36  0.849957  0.710646  0.798144  0.772743  0.533884  0.906030  0.864660  0.790966  0.768704  0.513751  0.684654  0.810808  0.766630  0.416530  0.818084  0.812757  0.727189  0.805028  0.730388  0.805739  0.672342  0.360201  0.634510  0.368310  0.868356  0.224861  0.749837  0.889661  0.727709  0.394569  0.515072  0.369893  0.426845  0.364656  0.384998  0.405167 0.0  0.428431  0.309993  0.220646  0.409118  0.682809  0.884122  0.505352  0.923209  0.809007  0.578226  0.474347  0.081811  0.830215  0.509708  0.751974  0.726723  0.846305  0.602468  0.514007  0.823043  0.777349  0.884611  0.137254  0.816993  0.719875 
37  0.718428  0.819400  0.740984  0.885410  0.555891  0.809504  0.722080  0.863031  0.814109  0.375587  0.761209  0.775778  0.902937  0.579326  0.792435  0.772451  0.825715  0.796071  0.680436  0.830375  0.710630  0.443613  0.722962  0.356929  0.844105  0.488840  0.863233  0.752279  0.730925  0.466691  0.510819  0.336877  0.454608  0.477439  0.299331  0.206352  0.428431 0.0  0.375627  0.389457  0.412552  0.615479  0.840688  0.576732  0.921003  0.760600  0.602875  0.619499  0.274173  0.829745  0.567321  0.842056  0.880134  0.789715  0.458132  0.521439  0.819944  0.752628  0.649272  0.354670  0.850249  0.812809 
38  0.757578  0.858315  0.716396  0.650661  0.522961  0.839199  0.822278  0.927480  0.760043  0.557194  0.760859  0.853226  0.861076  0.541204  0.813711  0.811985  0.771400  0.814050  0.796211  0.702425  0.522141  0.408022  0.615422  0.233270  0.724108  0.479199  0.735612  0.789302  0.874252  0.486222  0.462115  0.388895  0.562381  0.137520  0.421583  0.376622  0.309993  0.375627 0.0  0.235152  0.426783  0.529180  0.741273  0.565479  0.860730  0.798891  0.593215  0.581417  0.353413  0.751290  0.610399  0.875297  0.786568  0.746309  0.541249  0.415479  0.757621  0.728862  0.787686  0.301839  0.821935  0.706648 
39  0.807044  0.774351  0.872656  0.769341  0.575193  0.932579  0.950194  0.869152  0.761074  0.565538  0.746585  0.844494  0.859653  0.454727  0.751557  0.827366  0.706227  0.822701  0.712528  0.802440  0.567973  0.241133  0.488297  0.484855  0.725350  0.167427  0.824728  0.668892  0.818668  0.331524  0.410005  0.428068  0.515705  0.444588  0.374730  0.495550  0.220646  0.389457  0.235152 0.0  0.308197  0.556247  0.762917  0.500976  0.800112  0.863866  0.588692  0.445950  0.275381  0.878099  0.630916  0.822745  0.814395  0.789150  0.562081  0.505422  0.750461  0.789645  0.837764  0.287335  0.781857  0.715060 
40  0.761540  0.697801  0.784130  0.857723  0.564894  0.842180  0.814803  0.860221  0.721282  0.552802  0.687463  0.876120  0.776823  0.608073  0.792984  0.789169  0.850150  0.761980  0.801698  0.810720  0.606860  0.308136  0.711324  0.397421  0.721016  0.445894  0.697160  0.795941  0.732937  0.431742  0.302837  0.479962  0.494724  0.296286  0.471346  0.406801  0.409118  0.412552  0.426783  0.308197 0.0  0.466254  0.853249  0.405561  0.850068  0.904553  0.535017  0.523877  0.494434  0.744829  0.634680  0.767342  0.792934  0.699386  0.449236  0.344099  0.723426  0.692535  0.755517  0.289902  0.831838  0.843856 
41  0.796801  0.881627  0.803332  0.878244  0.443646  0.907566  0.913660  0.844005  0.865272  0.784255  0.827870  0.780964  0.775654  0.537548  0.747814  0.779267  0.771912  0.837134  0.875096  0.757840  0.282679  0.586994  0.622656  0.603759  0.852002  0.563513  0.880257  0.798036  0.854040  0.623906  0.453725  0.575836  0.706183  0.617860  0.685180  0.573036  0.682809  0.615479  0.529180  0.556247  0.466254 0.0  0.791380  0.571581  0.804644  0.772547  0.395149  0.579077  0.634486  0.755163  0.390153  0.760613  0.777160  0.929056  0.388560  0.466021  0.736608  0.809860  0.766885  0.444231  0.795151  0.741321 
42  0.735810  0.583260  0.787071  0.532932  0.752455  0.722977  0.692581  0.555447  0.759333  0.693105  0.841790  0.803702  0.849224  0.707620  0.747108  0.601461  0.854752  0.877526  0.847359  0.764307  0.808374  0.744641  0.836077  0.870926  0.209795  0.736524  0.879324  0.792726  0.744715  0.772164  0.916597  0.831726  0.773586  0.713900  0.824835  0.799868  0.884122  0.840688  0.741273  0.762917  0.853249  0.791380 0.0  0.880155  0.800876  0.902802  0.899119  0.744290  0.850700  0.797036  0.849022  0.682207  0.796786  0.839327  0.780919  0.766970  0.806391  0.758160  0.875776  0.794488  0.828596  0.669375 
43  0.833226  0.869493  0.902199  0.842535  0.479947  0.876269  0.827464  0.842437  0.835364  0.708011  0.779407  0.861480  0.814725  0.505616  0.845753  0.805600  0.869573  0.800855  0.852801  0.762567  0.610992  0.511549  0.460367  0.404104  0.819997  0.560125  0.734672  0.738603  0.851019  0.579668  0.501891  0.512642  0.580972  0.507611  0.704205  0.618569  0.505352  0.576732  0.565479  0.500976  0.405561  0.571581  0.880155 0.0  0.820084  0.794469  0.366785  0.388847  0.513682  0.844401  0.584117  0.730461  0.678496  0.689522  0.442180  0.490643  0.842090  0.788963  0.780870  0.466570  0.793071  0.861313 
44  0.630418  0.894333  0.651178  0.768488  0.944712  0.767741  0.878289  0.848846  0.662519  0.785635  0.858101  0.876747  0.671142  0.743118  0.538509  0.802398  0.618684  0.586659  0.555185  0.593532  0.693291  0.717250  0.837735  0.803378  0.715407  0.787188  0.706440  0.848463  0.682685  0.816554  0.751792  0.822281  0.835044  0.894742  0.794628  0.775529  0.923209  0.921003  0.860730  0.800112  0.850068  0.804644  0.800876  0.820084 0.0  0.688220  0.841462  0.759968  0.736240  0.491770  0.828965  0.534458  0.499224  0.718287  0.784460  0.836969  0.643634  0.618226  0.906376  0.793425  0.483395  0.680717 
45  0.578130  0.816724  0.631748  0.746783  0.761776  0.732284  0.857095  0.856823  0.722354  0.811660  0.865317  1.000000  0.612755  0.763067  0.628607  0.776647  0.715852  0.680241  0.581706  0.710676  0.708045  0.747087  0.843017  0.805393  0.810558  0.815635  0.514900  0.883550  0.744176  0.804897  0.904357  0.809955  0.871990  0.720483  0.730082  0.769814  0.809007  0.760600  0.798891  0.863866  0.904553  0.772547  0.902802  0.794469  0.688220 0.0  0.820930  0.800271  0.873454  0.708616  0.815969  0.799031  0.726235  0.698866  0.742465  0.883830  0.761319  0.651605  0.821622  0.838478  0.716408  0.651228 
46  0.927460  0.791750  0.932899  0.741228  0.457056  0.837816  0.894253  0.852243  0.745750  0.622059  0.743495  0.857962  0.849457  0.652938  0.679134  0.851649  0.750076  0.865687  0.767217  0.812368  0.491138  0.614363  0.514253  0.438575  0.721089  0.504296  0.879149  0.717625  0.857207  0.645409  0.533476  0.528638  0.659064  0.573633  0.631731  0.636516  0.578226  0.602875  0.593215  0.588692  0.535017  0.395149  0.899119  0.366785  0.841462  0.820930 0.0  0.399426  0.485332  0.696407  0.543291  0.653277  0.908789  0.844050  0.532589  0.395956  0.871858  0.806705  0.664172  0.665279  0.907378  0.898457 
47  0.768113  0.751901  0.762589  0.802401  0.352110  0.763058  0.868623  0.874590  0.769587  0.610807  0.822553  0.830464  0.769964  0.428411  0.718437  0.831829  0.850514  0.794691  0.662141  0.680553  0.397012  0.400306  0.528348  0.419124  0.898656  0.401772  0.714518  0.843223  0.863907  0.536610  0.333039  0.512718  0.578960  0.464355  0.531177  0.486447  0.474347  0.619499  0.581417  0.445950  0.523877  0.579077  0.744290  0.388847  0.759968  0.800271  0.399426 0.0  0.547615  0.771345  0.495204  0.829101  0.848411  0.821242  0.243237  0.412318  0.783708  0.816708  0.690646  0.624301  0.822853  0.731564 
48  0.697442  0.873221  0.799675  0.824793  0.535244  0.926500  0.764577  0.911102  0.651946  0.626251  0.753219  0.822341  0.742444  0.404869  0.867887  0.856878  0.722072  0.716429  0.767164  0.713539  0.575016  0.400144  0.630181  0.335526  0.794460  0.338921  0.796841  0.740223  0.694647  0.414538  0.523646  0.360193  0.469614  0.381527  0.378786  0.437273  0.081811  0.274173  0.353413  0.275381  0.494434  0.634486  0.850700  0.513682  0.736240  0.873454  0.485332  0.547615 0.0  0.793427  0.640126  0.775092  0.753304  0.817743  0.508625  0.412472  0.744451  0.777705  0.717609  0.119031  0.767106  0.859452 
49  0.723115  0.704369  0.585680  0.612438  0.845840  0.711781  0.736745  0.724143  0.553290  0.615239  0.847279  0.844289  0.771539  0.714520  0.651021  0.782371  0.682897  0.664395  0.562915  0.718080  0.881516  0.720541  0.840466  0.851345  0.662247  0.784742  0.745546  0.845940  0.647868  0.828212  0.775144  0.693100  0.906218  0.799848  0.750620  0.803182  0.830215  0.829745  0.751290  0.878099  0.744829  0.755163  0.797036  0.844401  0.491770  0.708616  0.696407  0.771345  0.793427 0.0  0.942033  0.553308  0.559964  0.699581  0.710876  0.782378  0.614292  0.621014  0.918857  0.771661  0.615544  0.647719 
50  0.861231  0.768671  0.873472  0.850235  0.308892  0.891313  0.822260  0.874206  0.876625  0.758584  0.815417  0.822356  0.794017  0.733311  0.871451  0.737714  0.851831  0.779786  0.798708  0.814395  0.288819  0.629003  0.478906  0.461966  0.793570  0.619140  0.813617  0.879037  0.788550  0.496322  0.447201  0.604181  0.581803  0.695398  0.570093  0.626056  0.509708  0.567321  0.610399  0.630916  0.634680  0.390153  0.849022  0.584117  0.828965  0.815969  0.543291  0.495204  0.640126  0.942033 0.0  0.803592  0.747080  0.839872  0.554965  0.461084  0.792534  0.867551  0.653270  0.577119  0.741706  0.830602 
51  0.570325  0.700882  0.676386  0.809411  0.825858  0.797065  0.734131  0.813642  0.694801  0.858249  0.843169  0.797960  0.732721  0.706778  0.452816  0.816679  0.543244  0.525546  0.413082  0.506978  0.749563  0.766792  0.786149  0.761410  0.727401  0.761762  0.710000  0.809150  0.634184  0.786151  0.902196  0.749206  0.757997  0.824200  0.840619  0.879592  0.751974  0.842056  0.875297  0.822745  0.767342  0.760613  0.682207  0.730461  0.534458  0.799031  0.653277  0.829101  0.775092  0.553308  0.803592 0.0  0.527876  0.638810  0.761072  0.785487  0.689185  0.558394  0.761767  0.791192  0.391581  0.386704 
52  0.672585  0.772927  0.372166  0.849841  0.883764  0.649223  0.778387  0.759813  0.732029  0.796252  0.957138  0.806695  0.667357  0.757346  0.263122  0.838951  0.588225  0.479720  0.461728  0.596434  0.858039  0.739134  0.803441  0.775795  0.700311  0.838941  0.739246  0.776841  0.534877  0.772945  0.799363  0.725006  0.873022  0.789892  0.717175  0.739243  0.726723  0.880134  0.786568  0.814395  0.792934  0.777160  0.796786  0.678496  0.499224  0.726235  0.908789  0.848411  0.753304  0.559964  0.747080  0.527876 0.0  0.733156  0.791893  0.780827  0.675104  0.672746  0.880214  0.752757  0.377652  0.537026 
53  0.717032  0.811683  0.615600  0.794290  0.915536  0.815923  0.901365  0.820234  0.772991  0.881529  0.851078  0.874052  0.668292  0.791341  0.550952  0.749904  0.737981  0.655425  0.749967  0.665977  0.774880  0.816650  0.846184  0.925029  0.827666  0.805128  0.603289  0.941221  0.670310  0.846568  0.796368  0.773284  0.797197  0.850213  0.737938  0.892399  0.846305  0.789715  0.746309  0.789150  0.699386  0.929056  0.839327  0.689522  0.718287  0.698866  0.844050  0.821242  0.817743  0.699581  0.839872  0.638810  0.733156 0.0  0.910713  0.888545  0.776111  0.672247  0.858474  0.849580  0.631221  0.750305 
54  0.757850  0.790537  0.754423  0.799648  0.494599  0.764149  0.846316  0.882750  0.774052  0.722651  0.808072  0.832314  0.881235  0.545944  0.900724  0.835663  0.846715  0.830688  0.729153  0.869365  0.434102  0.433698  0.586569  0.528413  0.830296  0.515708  0.836410  0.823478  0.762102  0.552030  0.403490  0.636464  0.584432  0.570154  0.517760  0.534214  0.602468  0.458132  0.541249  0.562081  0.449236  0.388560  0.780919  0.442180  0.784460  0.742465  0.532589  0.243237  0.508625  0.710876  0.554965  0.761072  0.791893  0.910713 0.0  0.411539  0.782864  0.812182  0.596837  0.512799  0.860191  0.760936 
55  0.785870  0.892457  0.809950  0.760099  0.561881  0.872891  0.955962  0.756385  0.800631  0.610495  0.718509  0.873640  0.873413  0.557370  0.791443  0.657461  0.820579  0.831047  0.829637  0.715086  0.592645  0.475458  0.570832  0.371130  0.886290  0.522303  0.741594  0.780453  0.806513  0.502714  0.362043  0.552171  0.545825  0.420901  0.587188  0.527846  0.514007  0.521439  0.415479  0.505422  0.344099  0.466021  0.766970  0.490643  0.836969  0.883830  0.395956  0.412318  0.412472  0.782378  0.461084  0.785487  0.780827  0.888545  0.411539 0.0  0.851213  0.796668  0.647778  0.485168  0.817356  0.768073 
56  0.613689  0.640369  0.526942  0.616944  0.824149  0.690363  0.894589  0.754015  0.562792  0.780191  0.942966  0.901586  0.746003  0.870407  0.665945  0.703296  0.674544  0.857353  0.715997  0.691137  0.804360  0.787757  0.890830  0.823052  0.703446  0.818595  0.791102  0.883492  0.617462  0.790452  0.789131  0.660510  0.661525  0.851550  0.791827  0.726615  0.823043  0.819944  0.757621  0.750461  0.723426  0.736608  0.806391  0.842090  0.643634  0.761319  0.871858  0.783708  0.744451  0.614292  0.792534  0.689185  0.675104  0.776111  0.782864  0.851213 0.0  0.542508  0.821632  0.798055  0.636870  0.695158 
57  0.685669  0.748414  0.572679  0.697316  0.844804  0.636161  0.741929  0.772498  0.395862  0.778160  0.961468  0.862354  0.793642  0.811394  0.542649  0.758985  0.622669  0.707485  0.666564  0.640804  0.849441  0.810233  0.764028  0.710160  0.790781  0.760189  0.765100  0.854409  0.486045  0.791841  0.806634  0.651138  0.834493  0.899564  0.693495  0.771581  0.777349  0.752628  0.728862  0.789645  0.692535  0.809860  0.758160  0.788963  0.618226  0.651605  0.806705  0.816708  0.777705  0.621014  0.867551  0.558394  0.672746  0.672247  0.812182  0.796668  0.542508 0.0  0.850559  0.847368  0.707982  0.646494 
58  0.899173  0.901401  0.911932  0.651878  0.766926  0.840205  0.883634  0.781765  0.909019  0.810174  0.749615  0.772320  0.889975  0.799409  0.794106  0.775988  0.816985  0.883818  0.936556  0.877957  0.678705  0.721652  0.739055  0.610236  0.941353  0.716804  0.922462  0.855813  0.862298  0.735084  0.721990  0.814612  0.773152  0.775567  0.727938  0.777209  0.884611  0.649272  0.787686  0.837764  0.755517  0.766885  0.875776  0.780870  0.906376  0.821622  0.664172  0.690646  0.717609  0.918857  0.653270  0.761767  0.880214  0.858474  0.596837  0.647778  0.821632  0.850559 0.0  0.674160  0.840206  0.742216 
59  0.789155  0.726289  0.910876  0.737508  0.466457  0.838730  0.771318  0.838290  0.649790  0.559041  0.860430  0.896415  0.754151  0.474283  0.834401  0.736368  0.857331  0.677756  0.726958  0.712546  0.438689  0.345102  0.568187  0.406854  0.778893  0.275547  0.802633  0.872986  0.759056  0.320447  0.514614  0.378112  0.526466  0.186674  0.462470  0.418188  0.137254  0.354670  0.301839  0.287335  0.289902  0.444231  0.794488  0.466570  0.793425  0.838478  0.665279  0.624301  0.119031  0.771661  0.577119  0.791192  0.752757  0.849580  0.512799  0.485168  0.798055  0.847368  0.674160 0.0  0.887269  0.792642 
60  0.495894  0.771043  0.564561  0.781924  0.710074  0.741286  0.740544  0.785527  0.733074  0.766113  0.893390  0.787038  0.803583  0.825634  0.310461  0.780687  0.433944  0.360839  0.298949  0.414159  0.856387  0.829125  0.806702  0.840037  0.852758  0.694000  0.597272  0.854755  0.643497  0.823659  0.891517  0.893696  0.834774  0.865302  0.814829  0.728503  0.816993  0.850249  0.821935  0.781857  0.831838  0.795151  0.828596  0.793071  0.483395  0.716408  0.907378  0.822853  0.767106  0.615544  0.741706  0.391581  0.377652  0.631221  0.860191  0.817356  0.636870  0.707982  0.840206  0.887269 0.0  0.305378 
61  0.290091  0.761784  0.501495  0.728146  0.733782  0.763377  0.809814  0.845311  0.652247  0.741916  0.915218  0.891367  0.685764  0.804628  0.332670  0.857289  0.459682  0.308559  0.265502  0.298975  0.788310  0.856063  0.763190  0.806666  0.814415  0.841400  0.610659  0.825316  0.512330  0.856450  0.760157  0.758436  0.813227  0.858342  0.795327  0.727729  0.719875  0.812809  0.706648  0.715060  0.843856  0.741321  0.669375  0.861313  0.680717  0.651228  0.898457  0.731564  0.859452  0.647719  0.830602  0.386704  0.537026  0.750305  0.760936  0.768073  0.695158  0.646494  0.742216  0.792642  0.305378 0.0 
