62
0 0.0  0.749905  0.661687  0.741126  0.786299  0.776313  0.766460  0.837845  0.597436  0.781537  0.914726  0.894595  0.662138  0.878288  0.451629  0.758714  0.200251  0.465020  0.448531  0.423061  0.761725  0.774454  0.829351  0.785500  0.874533  0.706570  0.663296  0.843145  0.616072  0.855135  0.686153  0.727524  0.665323  0.762465  0.813150  0.535535  0.774767  0.826835  0.817412  0.762675  0.798531  0.836562  0.805343  0.877301  0.660246  0.721827  0.835261  0.814639  0.795059  0.643890  0.835418  0.485762  0.614983  0.610754  0.798648  0.812086  0.645414  0.575941  0.815010  0.702786  0.558481  0.395874 
1  0.749905 0.0  0.687472  0.727442  0.902958  0.746053  0.702618  0.559492  0.768025  0.690836  0.854139  0.725275  0.907078  0.727046  0.784323  0.537540  0.834891  0.788448  0.719891  0.894015  0.960716  0.744476  0.766556  0.800021  0.585709  0.791335  0.817125  0.773241  0.755154  0.849811  0.761131  0.782281  0.782164  0.746234  0.882859  0.792127  0.703935  0.696319  0.752464  0.730697  0.797478  0.823172  0.560923  0.735054  0.699829  0.849753  0.762456  0.927055  0.832355  0.794308  0.767363  0.639424  0.753094  0.770990  0.777914  0.843548  0.679535  0.779448  0.848899  0.784814  0.777851  0.814891 
2  0.661687  0.687472 0.0  0.700956  0.822841  0.607837  0.808140  0.663740  0.586528  0.657899  0.802318  0.909969  0.768574  0.858498  0.482349  0.770475  0.528850  0.497610  0.462057  0.553518  0.725502  0.777365  0.736121  0.797167  0.821202  0.802564  0.638682  0.799287  0.421117  0.773237  0.793577  0.796255  0.815657  0.641584  0.754465  0.766904  0.790236  0.652735  0.796626  0.842540  0.770547  0.772586  0.776976  0.763177  0.505180  0.672232  0.719092  0.684425  0.679726  0.546249  0.869402  0.508467  0.486813  0.711386  0.830855  0.876910  0.541072  0.611762  0.816656  0.754840  0.458199  0.510705 
3  0.741126  0.727442  0.700956 0.0  0.841298  0.562997  0.478601  0.665064  0.660789  0.750314  0.844108  0.838696  0.820781  0.805321  0.716103  0.614186  0.713653  0.765063  0.730445  0.643144  0.793733  0.668169  0.768013  0.846327  0.544141  0.762357  0.828198  0.846042  0.780275  0.803904  0.802218  0.794443  0.842009  0.711050  0.703439  0.884722  0.740187  0.747329  0.798047  0.792151  0.877181  0.815399  0.651628  0.798152  0.750806  0.821478  0.751506  0.828708  0.823739  0.724754  0.908770  0.803346  0.635862  0.625886  0.838885  0.820868  0.638926  0.609051  0.854033  0.785428  0.831772  0.843753 
4  0.786299  0.902958  0.822841  0.841298 0.0  0.829652  0.903172  0.849118  0.801657  0.674682  0.824911  0.750689  0.837126  0.613132  0.837746  0.915800  0.874103  0.881071  0.874148  0.717691  0.257171  0.619201  0.448286  0.552029  0.731432  0.590148  0.778541  0.710040  0.803055  0.542139  0.401211  0.617310  0.532299  0.566005  0.544065  0.512015  0.592544  0.568024  0.560999  0.632008  0.582117  0.232138  0.726490  0.477162  0.845534  0.795490  0.418615  0.337777  0.555162  0.913759  0.353639  0.878412  0.788586  0.741803  0.393755  0.540166  0.736103  0.773015  0.686211  0.591695  0.826692  0.784380 
5  0.776313  0.746053  0.607837  0.562997  0.829652 0.0  0.480211  0.629631  0.661337  0.774037  0.745451  0.761610  0.785674  1.000000  0.687456  0.802209  0.756657  0.715536  0.745161  0.874256  0.841224  0.800490  0.826982  0.777864  0.797988  0.806379  0.879756  0.849352  0.761422  0.859572  0.858307  0.792127  0.865271  0.821009  0.778956  0.698129  0.845460  0.922409  0.831583  0.853541  0.817131  0.765646  0.654614  0.829615  0.730567  0.749608  0.854006  0.700154  0.811341  0.700433  0.864296  0.788500  0.747658  0.779927  0.762707  0.901647  0.679229  0.665129  0.832799  0.839992  0.759573  0.677466 
6  0.766460  0.702618  0.808140  0.478601  0.903172  0.480211 0.0  0.617964  0.683346  0.841263  0.759834  0.916934  0.860492  0.824491  0.825643  0.701158  0.731151  0.764308  0.820681  0.744280  0.820085  0.837082  0.775900  0.859640  0.647159  0.815721  0.832432  0.821825  0.704227  0.802302  0.823674  0.847473  0.784961  0.688840  0.781465  0.795853  0.923482  0.829599  0.911470  0.841947  0.791241  0.742389  0.659317  0.863049  0.846676  0.759710  0.830570  0.925076  0.848865  0.727293  0.919685  0.780173  0.871163  0.834622  0.764733  0.811213  0.707695  0.771428  0.864123  0.777285  0.759949  0.713126 
7  0.837845  0.559492  0.663740  0.665064  0.849118  0.629631  0.617964 0.0  0.717253  0.911300  0.967146  0.799222  0.835095  0.821290  0.815999  0.766069  0.855277  0.815094  0.748451  0.724038  0.838533  0.820641  0.820928  0.785820  0.600568  0.676464  0.789279  0.823983  0.774412  0.853683  0.835467  0.803800  0.740076  0.854381  0.777753  0.829416  0.808354  0.872143  0.867846  0.751936  0.874648  0.874027  0.465750  0.896551  0.825869  0.849638  0.891849  0.811705  0.809351  0.726039  0.864280  0.747389  0.759560  0.741559  0.780510  0.824361  0.772274  0.688480  0.885640  0.713888  0.834118  0.773143 
8  0.597436  0.768025  0.586528  0.660789  0.801657  0.661337  0.683346  0.717253 0.0  0.782888  0.776424  0.912188  0.822371  0.760318  0.737361  0.723429  0.650532  0.752281  0.621444  0.641607  0.809906  0.852818  0.871261  0.774255  0.629929  0.718365  0.700128  0.739822  0.560382  0.907392  0.782344  0.779450  0.772692  0.730284  0.800540  0.814224  0.808158  0.798513  0.721838  0.807217  0.818565  0.836892  0.697846  0.830660  0.573358  0.658428  0.703694  0.832347  0.695417  0.579997  0.721478  0.586232  0.825174  0.841354  0.709447  0.752917  0.431581  0.601266  0.776018  0.654742  0.631155  0.826741 
9  0.781537  0.690836  0.657899  0.750314  0.674682  0.774037  0.841263  0.911300  0.782888 0.0  0.759416  0.689794  0.753087  0.589720  0.764320  0.735782  0.794082  0.795970  0.756560  0.761862  0.623606  0.660323  0.761244  0.431520  0.864472  0.585953  0.806328  0.682967  0.678706  0.574833  0.566271  0.549575  0.519860  0.664129  0.448584  0.457813  0.500583  0.509717  0.583249  0.544403  0.601260  0.650889  0.791186  0.642663  0.796960  0.729122  0.621596  0.656708  0.490686  0.765389  0.705027  0.716461  0.735659  0.797691  0.630863  0.507377  0.654847  0.570778  0.778092  0.534329  0.656114  0.634454 
10  0.914726  0.854139  0.802318  0.844108  0.824911  0.745451  0.759834  0.967146  0.776424  0.759416 0.0  0.405015  0.786778  0.733320  0.823139  0.741400  0.866920  0.863486  0.839113  0.958740  0.844471  0.866017  0.843086  0.782661  0.828503  0.824378  0.971130  0.589581  0.870602  0.745834  0.809334  0.790371  0.748825  0.795231  0.804808  0.775811  0.856083  0.893645  0.779190  0.831640  0.908211  0.816292  0.785154  0.755256  0.969475  0.956239  0.843310  0.799859  0.843499  0.863173  0.843390  0.758735  0.862342  0.806762  0.817115  0.734859  0.848678  0.911617  0.672752  0.696916  0.835485  0.950420 
11  0.894595  0.725275  0.909969  0.838696  0.750689  0.761610  0.916934  0.799222  0.912188  0.689794  0.405015 0.0  0.911062  0.748704  0.866924  0.709777  0.824556  0.858261  0.762139  0.922127  0.861728  0.868723  0.741369  0.757517  0.850729  0.771101  0.847724  0.727608  0.821091  0.684126  0.856197  0.766509  0.826289  0.711039  0.854796  0.816028  0.803729  0.802802  0.710459  0.695424  0.760910  0.923607  0.808105  0.831883  0.902189  0.866030  0.854630  0.757279  0.767202  0.828714  0.666611  0.997613  0.755899  0.990471  0.732678  0.871773  0.793727  0.801159  0.692347  0.760493  0.862419  0.808022 
12  0.662138  0.907078  0.768574  0.820781  0.837126  0.785674  0.860492  0.835095  0.822371  0.753087  0.786778  0.911062 0.0  0.672173  0.710459  0.819893  0.563063  0.643646  0.653574  0.638088  0.750885  0.726387  0.767822  0.887830  0.865869  0.855293  0.327773  0.795692  0.836684  0.803832  0.816656  0.751627  0.792110  0.794846  0.822699  0.796901  0.776044  0.883710  0.736245  0.792590  0.774889  0.854103  0.863290  0.781995  0.692058  0.577654  0.805081  0.857226  0.838142  0.752340  0.860640  0.749452  0.698697  0.675505  0.718916  0.726492  0.798114  0.575535  0.872008  0.828378  0.773382  0.685355 
13  0.878288  0.727046  0.858498  0.805321  0.613132  1.000000  0.824491  0.821290  0.760318  0.589720  0.733320  0.748704  0.672173 0.0  0.840484  0.773252  0.837533  0.791303  0.751518  0.764377  0.605596  0.541357  0.564083  0.381273  0.833496  0.498225  0.795488  0.741430  0.765707  0.528822  0.498981  0.388701  0.503449  0.511420  0.566061  0.506545  0.529182  0.476363  0.645835  0.450797  0.453696  0.611180  0.735482  0.677190  0.757325  0.806905  0.468597  0.507755  0.420252  0.842712  0.558342  0.753476  0.840976  0.871154  0.614719  0.534459  0.809516  0.808823  0.612257  0.440484  0.850363  0.713950 
14  0.451629  0.784323  0.482349  0.716103  0.837746  0.687456  0.825643  0.815999  0.737361  0.764320  0.823139  0.866924  0.710459  0.840484 0.0  0.702370  0.568932  0.586915  0.562723  0.504534  0.643460  0.836864  0.812258  0.865976  0.649253  0.738065  0.688553  0.879445  0.473221  0.745662  0.715217  0.811903  0.843454  0.796942  0.783182  0.780301  0.778785  0.737136  0.714030  0.789313  0.895423  0.787430  0.791687  0.732451  0.511137  0.603664  0.785924  0.848103  0.744170  0.556611  0.805353  0.270791  0.295649  0.703278  0.788562  0.899248  0.600122  0.588225  0.780038  0.748666  0.385860  0.542636 
15  0.758714  0.537540  0.770475  0.614186  0.915800  0.802209  0.701158  0.766069  0.723429  0.735782  0.741400  0.709777  0.819893  0.773252  0.702370 0.0  0.707230  0.751657  0.809860  0.682613  0.782276  0.797509  0.724264  0.726375  0.535489  0.872920  0.710610  0.667579  0.722462  0.744555  0.722124  0.793659  0.787714  0.703266  0.846734  0.804907  0.741380  0.770551  0.763683  0.808194  0.715781  0.637815  0.537235  0.787132  0.718572  0.709372  0.771367  0.722922  0.741639  0.701034  0.822671  0.683731  0.711432  0.879046  0.751280  0.727300  0.582327  0.698443  0.876724  0.760225  0.696829  0.768265 
16  0.200251  0.834891  0.528850  0.713653  0.874103  0.756657  0.731151  0.855277  0.650532  0.794082  0.866920  0.824556  0.563063  0.837533  0.568932  0.707230 0.0  0.415083  0.421565  0.469885  0.847410  0.764113  0.846504  0.717438  0.735096  0.794249  0.691134  0.854524  0.621804  0.836379  0.754640  0.814749  0.722124  0.696086  0.818496  0.781418  0.736517  0.608971  0.829458  0.718540  0.708380  0.713813  0.789408  0.841555  0.602086  0.675205  0.797704  0.899156  0.829787  0.695188  0.802672  0.576222  0.564559  0.650391  0.739209  0.800266  0.580816  0.669268  0.881752  0.807757  0.530258  0.413330 
17  0.465020  0.788448  0.497610  0.765063  0.881071  0.715536  0.764308  0.815094  0.752281  0.795970  0.863486  0.858261  0.643646  0.791303  0.586915  0.751657  0.415083 0.0  0.433957  0.394242  0.784497  0.796622  0.825683  0.672201  0.724262  0.602408  0.590409  0.760605  0.710796  0.791251  0.740138  0.756780  0.801910  0.735544  0.651530  0.798921  0.866243  0.743739  0.854738  0.688258  0.764105  0.728151  0.758478  0.848496  0.636010  0.657539  0.891264  0.778063  0.791320  0.664468  0.674041  0.441424  0.519270  0.737754  0.873360  0.765599  0.583502  0.665113  0.832200  0.790053  0.453822  0.385718 
18  0.448531  0.719891  0.462057  0.730445  0.874148  0.745161  0.820681  0.748451  0.621444  0.756560  0.839113  0.762139  0.653574  0.751518  0.562723  0.809860  0.421565  0.433957 0.0  0.365912  0.759336  0.695189  0.763144  0.780721  0.810316  0.775709  0.722004  0.871642  0.546000  0.756230  0.838186  0.682881  0.786402  0.707373  0.750304  0.747140  0.794279  0.784080  0.837204  0.803710  0.872498  0.778274  0.780354  0.792381  0.627567  0.649668  0.784988  0.852098  0.760634  0.579564  0.859726  0.398246  0.409318  0.660786  0.741592  0.851074  0.722708  0.617594  0.889933  0.755138  0.322541  0.362262 
19  0.423061  0.894015  0.553518  0.643144  0.717691  0.874256  0.744280  0.724038  0.641607  0.761862  0.958740  0.922127  0.638088  0.764377  0.504534  0.682613  0.469885  0.394242  0.365912 0.0  0.794723  0.780598  0.802526  0.717445  0.808014  0.723284  0.567334  0.806076  0.688254  0.768104  0.680535  0.744607  0.807245  0.689612  0.883965  0.815276  0.722146  0.745169  0.700643  0.672791  0.931450  0.766253  0.710529  0.839087  0.674891  0.655971  0.805859  0.761779  0.752426  0.698842  0.786570  0.540738  0.558715  0.597837  0.746608  0.724584  0.685283  0.661956  0.811153  0.752333  0.430179  0.506965 
20  0.761725  0.960716  0.725502  0.793733  0.257171  0.841224  0.820085  0.838533  0.809906  0.623606  0.844471  0.861728  0.750885  0.605596  0.643460  0.782276  0.847410  0.784497  0.759336  0.794723 0.0  0.561685  0.703598  0.690450  0.749677  0.618133  0.771208  0.809262  0.839539  0.485322  0.509287  0.593508  0.616690  0.500709  0.511427  0.628229  0.519312  0.628104  0.591123  0.550231  0.464156  0.455028  0.782703  0.495867  0.708989  0.820432  0.418239  0.478896  0.680087  0.726926  0.366103  0.797127  0.850215  0.715168  0.421010  0.523995  0.841066  0.816641  0.800392  0.568796  0.742091  0.836151 
21  0.774454  0.744476  0.777365  0.668169  0.619201  0.800490  0.837082  0.820641  0.852818  0.660323  0.866017  0.868723  0.726387  0.541357  0.836864  0.797509  0.764113  0.796622  0.695189  0.780598  0.561685 0.0  0.674007  0.446409  0.761325  0.363056  0.743181  0.764532  0.785780  0.501618  0.410427  0.406259  0.626280  0.364609  0.451503  0.444817  0.384105  0.465470  0.495805  0.231171  0.317092  0.667325  0.669696  0.558049  0.757633  0.813771  0.518958  0.402015  0.358948  0.777471  0.608252  0.778142  0.723831  0.799765  0.429254  0.473879  0.914303  0.720556  0.873235  0.337129  0.783055  0.717498 
22  0.829351  0.766556  0.736121  0.768013  0.448286  0.826982  0.775900  0.820928  0.871261  0.761244  0.843086  0.741369  0.767822  0.564083  0.812258  0.724264  0.846504  0.825683  0.763144  0.802526  0.703598  0.674007 0.0  0.666033  0.818238  0.688995  0.826935  0.874571  0.789749  0.524647  0.591071  0.613871  0.690323  0.467075  0.623948  0.604214  0.595907  0.604325  0.610330  0.693631  0.564945  0.512196  0.806669  0.467699  0.863226  0.839817  0.577244  0.388123  0.680661  0.799959  0.583287  0.835010  0.772622  0.933705  0.600440  0.547145  0.796398  0.802161  0.767493  0.584161  0.730091  0.828699 
23  0.785500  0.800021  0.797167  0.846327  0.552029  0.777864  0.859640  0.785820  0.774255  0.431520  0.782661  0.757517  0.887830  0.381273  0.865976  0.726375  0.717438  0.672201  0.780721  0.717445  0.690450  0.446409  0.666033 0.0  0.874628  0.512917  0.732046  0.644190  0.787955  0.452919  0.441779  0.439023  0.510584  0.299718  0.448042  0.479741  0.325273  0.260344  0.253292  0.395185  0.327188  0.631479  0.746340  0.527940  0.859718  0.817885  0.633409  0.514008  0.336955  0.738292  0.577104  0.840277  0.743223  0.859675  0.594244  0.552045  0.775400  0.914099  0.716404  0.433955  0.710770  0.751448 
24  0.874533  0.585709  0.821202  0.544141  0.731432  0.797988  0.647159  0.600568  0.629929  0.864472  0.828503  0.850729  0.865869  0.833496  0.649253  0.535489  0.735096  0.724262  0.810316  0.808014  0.749677  0.761325  0.818238  0.874628 0.0  0.755959  0.902886  0.788095  0.805391  0.873963  0.715067  0.733568  0.818836  0.799112  0.865358  0.813980  0.894605  0.830661  0.762095  0.855977  0.753511  0.830749  0.165516  0.749442  0.695616  0.845581  0.707212  0.841846  0.889801  0.694146  0.770036  0.678509  0.860853  0.802759  0.781982  0.754074  0.611920  0.677094  0.775277  0.815626  0.724543  0.830684 
25  0.706570  0.791335  0.802564  0.762357  0.590148  0.806379  0.815721  0.676464  0.718365  0.585953  0.824378  0.771101  0.855293  0.498225  0.738065  0.872920  0.794249  0.602408  0.775709  0.723284  0.618133  0.363056  0.688995  0.512917  0.755959 0.0  0.767326  0.790459  0.846220  0.408411  0.500773  0.452069  0.489377  0.445757  0.416327  0.384865  0.253058  0.383794  0.394032  0.245301  0.439592  0.442216  0.801460  0.500289  0.736499  0.929627  0.446194  0.428373  0.341948  0.797994  0.588229  0.798033  0.840049  0.815371  0.429797  0.509884  0.722305  0.695830  0.690371  0.305209  0.785590  0.759277 
26  0.663296  0.817125  0.638682  0.828198  0.778541  0.879756  0.832432  0.789279  0.700128  0.806328  0.971130  0.847724  0.327773  0.795488  0.688553  0.710610  0.691134  0.590409  0.722004  0.567334  0.771208  0.743181  0.826935  0.732046  0.902886  0.767326 0.0  0.842758  0.667422  0.893168  0.767638  0.725605  0.736488  0.743876  0.720255  0.782951  0.813719  0.680155  0.839021  0.787705  0.810116  0.817671  0.897179  0.751590  0.740855  0.528441  0.797653  0.890274  0.802773  0.710143  0.825654  0.642077  0.680176  0.692976  0.802875  0.704933  0.735592  0.841504  0.865945  0.775162  0.682286  0.757741 
27  0.843145  0.773241  0.799287  0.846042  0.710040  0.849352  0.821825  0.823983  0.739822  0.682967  0.589581  0.727608  0.795692  0.741430  0.879445  0.667579  0.854524  0.760605  0.871642  0.806076  0.809262  0.764532  0.874571  0.644190  0.788095  0.790459  0.842758 0.0  0.822585  0.843655  0.757635  0.866812  0.812516  0.911495  0.787617  0.805448  0.745881  0.773700  0.785999  0.829894  0.824681  0.896815  0.807062  0.790647  0.850041  0.928307  0.846623  0.818946  0.807621  0.964892  0.742431  0.833026  0.755301  0.924021  0.875903  0.800045  0.812927  0.877012  0.733294  0.777069  0.821637  0.825264 
28  0.616072  0.755154  0.421117  0.780275  0.803055  0.761422  0.704227  0.774412  0.560382  0.678706  0.870602  0.821091  0.836684  0.765707  0.473221  0.722462  0.621804  0.710796  0.546000  0.688254  0.839539  0.785780  0.789749  0.787955  0.805391  0.846220  0.667422  0.822585 0.0  0.747704  0.705246  0.717042  0.809305  0.750852  0.629821  0.780573  0.678867  0.768163  0.841250  0.875749  0.751607  0.850177  0.769574  0.852986  0.536353  0.756047  0.822920  0.788475  0.650250  0.563415  0.706648  0.519724  0.539427  0.581578  0.767355  0.790496  0.556572  0.487885  0.825938  0.788003  0.516040  0.536580 
29  0.855135  0.849811  0.773237  0.803904  0.542139  0.859572  0.802302  0.853683  0.907392  0.574833  0.745834  0.684126  0.803832  0.528822  0.745662  0.744555  0.836379  0.791251  0.756230  0.768104  0.485322  0.501618  0.524647  0.452919  0.873963  0.408411  0.893168  0.843655  0.747704 0.0  0.528637  0.509634  0.314419  0.452123  0.418658  0.448397  0.354147  0.419956  0.489300  0.388752  0.519184  0.644528  0.730609  0.582268  0.850341  0.803265  0.565703  0.421791  0.401463  0.857760  0.618334  0.837080  0.763899  0.896120  0.459148  0.527366  0.783740  0.856111  0.789016  0.395774  0.755293  0.652445 
30  0.686153  0.761131  0.793577  0.802218  0.401211  0.858307  0.823674  0.835467  0.782344  0.566271  0.809334  0.856197  0.816656  0.498981  0.715217  0.722124  0.754640  0.740138  0.838186  0.680535  0.509287  0.410427  0.591071  0.441779  0.715067  0.500773  0.767638  0.757635  0.705246  0.528637 0.0  0.456900  0.665689  0.430663  0.544551  0.436609  0.426693  0.504727  0.458341  0.458456  0.454567  0.497207  0.779972  0.405616  0.901682  0.718927  0.483740  0.413341  0.475479  0.824703  0.515993  0.855675  0.760702  0.886181  0.355420  0.263094  0.878655  0.803968  0.687120  0.542777  0.794291  0.743117 
31  0.727524  0.782281  0.796255  0.794443  0.617310  0.792127  0.847473  0.803800  0.779450  0.549575  0.790371  0.766509  0.751627  0.388701  0.811903  0.793659  0.814749  0.756780  0.682881  0.744607  0.593508  0.406259  0.613871  0.439023  0.733568  0.452069  0.725605  0.866812  0.717042  0.509634  0.456900 0.0  0.506761  0.326190  0.507395  0.306368  0.329638  0.298141  0.321197  0.415287  0.407523  0.592804  0.774725  0.577507  0.861709  0.815651  0.516206  0.476242  0.452564  0.857672  0.604776  0.804818  0.737726  0.790143  0.614793  0.446598  0.754852  0.867498  0.723661  0.339476  0.797853  0.791405 
32  0.665323  0.782164  0.815657  0.842009  0.532299  0.865271  0.784961  0.740076  0.772692  0.519860  0.748825  0.826289  0.792110  0.503449  0.843454  0.787714  0.722124  0.801910  0.786402  0.807245  0.616690  0.626280  0.690323  0.510584  0.818836  0.489377  0.736488  0.812516  0.809305  0.314419  0.665689  0.506761 0.0  0.461829  0.336688  0.406179  0.571816  0.420521  0.471718  0.464376  0.598628  0.747541  0.821632  0.572068  0.796358  0.664858  0.562196  0.577886  0.487182  0.851978  0.540001  0.799516  0.862418  0.845241  0.550001  0.584413  0.778382  0.814717  0.740427  0.559813  0.735089  0.664514 
33  0.762465  0.746234  0.641584  0.711050  0.566005  0.821009  0.688840  0.854381  0.730284  0.664129  0.795231  0.711039  0.794846  0.511420  0.796942  0.703266  0.696086  0.735544  0.707373  0.689612  0.500709  0.364609  0.467075  0.299718  0.799112  0.445757  0.743876  0.911495  0.750852  0.452123  0.430663  0.326190  0.461829 0.0  0.381020  0.455249  0.408434  0.407457  0.212772  0.264179  0.310973  0.593896  0.696007  0.469712  0.886145  0.703630  0.469841  0.559397  0.270354  0.746139  0.601597  0.723781  0.785064  0.777009  0.370057  0.414881  0.692332  0.673250  0.686472  0.268260  0.876253  0.796834 
34  0.813150  0.882859  0.754465  0.703439  0.544065  0.778956  0.781465  0.777753  0.800540  0.448584  0.804808  0.854796  0.822699  0.566061  0.783182  0.846734  0.818496  0.651530  0.750304  0.883965  0.511427  0.451503  0.623948  0.448042  0.865358  0.416327  0.720255  0.787617  0.629821  0.418658  0.544551  0.507395  0.336688  0.381020 0.0  0.339875  0.395387  0.165012  0.492301  0.409008  0.493500  0.566846  0.693473  0.637229  0.750402  0.790809  0.548831  0.516727  0.413562  0.749998  0.626889  0.790817  0.830996  0.761927  0.552309  0.481789  0.706319  0.740847  0.830058  0.420160  0.751347  0.749508 
35  0.535535  0.792127  0.766904  0.884722  0.512015  0.698129  0.795853  0.829416  0.814224  0.457813  0.775811  0.816028  0.796901  0.506545  0.780301  0.804907  0.781418  0.798921  0.747140  0.815276  0.628229  0.444817  0.604214  0.479741  0.813980  0.384865  0.782951  0.805448  0.780573  0.448397  0.436609  0.306368  0.406179  0.455249  0.339875 0.0  0.445427  0.244757  0.374362  0.373338  0.506037  0.600186  0.908008  0.554114  0.768597  0.851424  0.556887  0.623449  0.456530  0.795455  0.549261  0.709696  0.629986  0.919601  0.555571  0.407121  0.691677  0.678844  0.812086  0.394127  0.794353  0.797945 
36  0.774767  0.703935  0.790236  0.740187  0.592544  0.845460  0.923482  0.808354  0.808158  0.500583  0.856083  0.803729  0.776044  0.529182  0.778785  0.741380  0.736517  0.866243  0.794279  0.722146  0.519312  0.384105  0.595907  0.325273  0.894605  0.253058  0.813719  0.745881  0.678867  0.354147  0.426693  0.329638  0.571816  0.408434  0.395387  0.445427 0.0  0.351036  0.307968  0.278806  0.382849  0.555380  0.766356  0.590811  0.706645  0.793493  0.620886  0.542479  0.207257  0.774825  0.579873  0.715704  0.828236  0.834469  0.461319  0.546962  0.758516  0.742052  0.631908  0.059528  0.799662  0.783748 
37  0.826835  0.696319  0.652735  0.747329  0.568024  0.922409  0.829599  0.872143  0.798513  0.509717  0.893645  0.802802  0.883710  0.476363  0.737136  0.770551  0.608971  0.743739  0.784080  0.745169  0.628104  0.465470  0.604325  0.260344  0.830661  0.383794  0.680155  0.773700  0.768163  0.419956  0.504727  0.298141  0.420521  0.407457  0.165012  0.244757  0.351036 0.0  0.615252  0.367172  0.465649  0.583206  0.897352  0.546767  0.768383  0.774802  0.539107  0.592956  0.380624  0.740651  0.518263  0.759297  0.830970  0.740409  0.574131  0.568537  0.786277  0.764266  0.713417  0.384504  0.741562  0.773882 
38  0.817412  0.752464  0.796626  0.798047  0.560999  0.831583  0.911470  0.867846  0.721838  0.583249  0.779190  0.710459  0.736245  0.645835  0.714030  0.763683  0.829458  0.854738  0.837204  0.700643  0.591123  0.495805  0.610330  0.253292  0.762095  0.394032  0.839021  0.785999  0.841250  0.489300  0.458341  0.321197  0.471718  0.212772  0.492301  0.374362  0.307968  0.615252 0.0  0.409424  0.398014  0.464542  0.790124  0.456272  0.804497  0.699790  0.548722  0.520189  0.312962  0.709505  0.516543  0.736787  0.768522  0.771434  0.426250  0.414217  0.685550  0.770597  0.681548  0.373269  0.827171  0.825205 
39  0.762675  0.730697  0.842540  0.792151  0.632008  0.853541  0.841947  0.751936  0.807217  0.544403  0.831640  0.695424  0.792590  0.450797  0.789313  0.808194  0.718540  0.688258  0.803710  0.672791  0.550231  0.231171  0.693631  0.395185  0.855977  0.245301  0.787705  0.829894  0.875749  0.388752  0.458456  0.415287  0.464376  0.264179  0.409008  0.373338  0.278806  0.367172  0.409424 0.0  0.295438  0.592351  0.983486  0.473009  0.777655  0.877088  0.529623  0.554687  0.173925  0.828276  0.654494  0.806774  0.731667  0.743000  0.485948  0.487506  0.821494  0.764969  0.803568  0.197917  0.854629  0.732065 
40  0.798531  0.797478  0.770547  0.877181  0.582117  0.817131  0.791241  0.874648  0.818565  0.601260  0.908211  0.760910  0.774889  0.453696  0.895423  0.715781  0.708380  0.764105  0.872498  0.931450  0.464156  0.317092  0.564945  0.327188  0.753511  0.439592  0.810116  0.824681  0.751607  0.519184  0.454567  0.407523  0.598628  0.310973  0.493500  0.506037  0.382849  0.465649  0.398014  0.295438 0.0  0.510995  0.698043  0.457542  0.730919  0.789252  0.514015  0.468930  0.374378  0.792193  0.616720  0.790859  0.720597  0.888004  0.505429  0.352310  0.715462  0.867698  0.648771  0.369181  0.854439  0.862617 
41  0.836562  0.823172  0.772586  0.815399  0.232138  0.765646  0.742389  0.874027  0.836892  0.650889  0.816292  0.923607  0.854103  0.611180  0.787430  0.637815  0.713813  0.728151  0.778274  0.766253  0.455028  0.667325  0.512196  0.631479  0.830749  0.442216  0.817671  0.896815  0.850177  0.644528  0.497207  0.592804  0.747541  0.593896  0.566846  0.600186  0.555380  0.583206  0.464542  0.592351  0.510995 0.0  0.818482  0.476976  0.763182  0.756370  0.450014  0.531233  0.564457  0.784020  0.291425  0.763362  0.733422  0.801589  0.532113  0.432973  0.819507  0.747075  0.698765  0.503478  0.830559  0.767505 
42  0.805343  0.560923  0.776976  0.651628  0.726490  0.654614  0.659317  0.465750  0.697846  0.791186  0.785154  0.808105  0.863290  0.735482  0.791687  0.537235  0.789408  0.758478  0.780354  0.710529  0.782703  0.669696  0.806669  0.746340  0.165516  0.801460  0.897179  0.807062  0.769574  0.730609  0.779972  0.774725  0.821632  0.696007  0.693473  0.908008  0.766356  0.897352  0.790124  0.983486  0.698043  0.818482 0.0  0.797633  0.795124  0.812817  0.781569  0.802956  0.843649  0.729204  0.821103  0.764902  0.802721  0.734023  0.738615  0.875944  0.735158  0.844176  0.770738  0.860003  0.745290  0.768974 
43  0.877301  0.735054  0.763177  0.798152  0.477162  0.829615  0.863049  0.896551  0.830660  0.642663  0.755256  0.831883  0.781995  0.677190  0.732451  0.787132  0.841555  0.848496  0.792381  0.839087  0.495867  0.558049  0.467699  0.527940  0.749442  0.500289  0.751590  0.790647  0.852986  0.582268  0.405616  0.577507  0.572068  0.469712  0.637229  0.554114  0.590811  0.546767  0.456272  0.473009  0.457542  0.476976  0.797633 0.0  0.747885  0.863791  0.548704  0.523098  0.529435  0.723742  0.673713  0.757244  0.752075  0.823684  0.463350  0.398801  0.765663  0.775714  0.761822  0.487470  0.704300  0.881049 
44  0.660246  0.699829  0.505180  0.750806  0.845534  0.730567  0.846676  0.825869  0.573358  0.796960  0.969475  0.902189  0.692058  0.757325  0.511137  0.718572  0.602086  0.636010  0.627567  0.674891  0.708989  0.757633  0.863226  0.859718  0.695616  0.736499  0.740855  0.850041  0.536353  0.850341  0.901682  0.861709  0.796358  0.886145  0.750402  0.768597  0.706645  0.768383  0.804497  0.777655  0.730919  0.763182  0.795124  0.747885 0.0  0.682195  0.735436  0.746287  0.664102  0.569929  0.796927  0.580605  0.515447  0.527250  0.758800  0.738743  0.619634  0.675372  0.814199  0.840742  0.546454  0.693373 
45  0.721827  0.849753  0.672232  0.821478  0.795490  0.749608  0.759710  0.849638  0.658428  0.729122  0.956239  0.866030  0.577654  0.806905  0.603664  0.709372  0.675205  0.657539  0.649668  0.655971  0.820432  0.813771  0.839817  0.817885  0.845581  0.929627  0.528441  0.928307  0.756047  0.803265  0.718927  0.815651  0.664858  0.703630  0.790809  0.851424  0.793493  0.774802  0.699790  0.877088  0.789252  0.756370  0.812817  0.863791  0.682195 0.0  0.744974  0.848143  0.742689  0.738252  0.781452  0.585135  0.705709  0.512558  0.722592  0.827172  0.630292  0.799166  0.845356  0.706799  0.744507  0.730535 
46  0.835261  0.762456  0.719092  0.751506  0.418615  0.854006  0.830570  0.891849  0.703694  0.621596  0.843310  0.854630  0.805081  0.468597  0.785924  0.771367  0.797704  0.891264  0.784988  0.805859  0.418239  0.518958  0.577244  0.633409  0.707212  0.446194  0.797653  0.846623  0.822920  0.565703  0.483740  0.516206  0.562196  0.469841  0.548831  0.556887  0.620886  0.539107  0.548722  0.529623  0.514015  0.450014  0.781569  0.548704  0.735436  0.744974 0.0  0.517804  0.617828  0.727614  0.529514  0.783308  0.885489  0.836064  0.366605  0.520262  0.836575  0.768979  0.754502  0.614907  0.862587  0.637664 
47  0.814639  0.927055  0.684425  0.828708  0.337777  0.700154  0.925076  0.811705  0.832347  0.656708  0.799859  0.757279  0.857226  0.507755  0.848103  0.722922  0.899156  0.778063  0.852098  0.761779  0.478896  0.402015  0.388123  0.514008  0.841846  0.428373  0.890274  0.818946  0.788475  0.421791  0.413341  0.476242  0.577886  0.559397  0.516727  0.623449  0.542479  0.592956  0.520189  0.554687  0.468930  0.531233  0.802956  0.523098  0.746287  0.848143  0.517804 0.0  0.576408  0.844196  0.435929  0.771965  0.801237  0.794001  0.239016  0.350166  0.777332  0.726011  0.636063  0.557310  0.796871  0.829443 
48  0.795059  0.832355  0.679726  0.823739  0.555162  0.811341  0.848865  0.809351  0.695417  0.490686  0.843499  0.767202  0.838142  0.420252  0.744170  0.741639  0.829787  0.791320  0.760634  0.752426  0.680087  0.358948  0.680661  0.336955  0.889801  0.341948  0.802773  0.807621  0.650250  0.401463  0.475479  0.452564  0.487182  0.270354  0.413562  0.456530  0.207257  0.380624  0.312962  0.173925  0.374378  0.564457  0.843649  0.529435  0.664102  0.742689  0.617828  0.576408 0.0  0.742750  0.556476  0.915411  0.823755  0.693099  0.512527  0.485972  0.651857  0.732825  0.664494  0.016154  0.747324  0.720929 
49  0.643890  0.794308  0.546249  0.724754  0.913759  0.700433  0.727293  0.726039  0.579997  0.765389  0.863173  0.828714  0.752340  0.842712  0.556611  0.701034  0.695188  0.664468  0.579564  0.698842  0.726926  0.777471  0.799959  0.738292  0.694146  0.797994  0.710143  0.964892  0.563415  0.857760  0.824703  0.857672  0.851978  0.746139  0.749998  0.795455  0.774825  0.740651  0.709505  0.828276  0.792193  0.784020  0.729204  0.723742  0.569929  0.738252  0.727614  0.844196  0.742750 0.0  0.759029  0.638581  0.537752  0.603087  0.835212  0.805713  0.614850  0.441207  0.823972  0.795804  0.566526  0.463604 
50  0.835418  0.767363  0.869402  0.908770  0.353639  0.864296  0.919685  0.864280  0.721478  0.705027  0.843390  0.666611  0.860640  0.558342  0.805353  0.822671  0.802672  0.674041  0.859726  0.786570  0.366103  0.608252  0.583287  0.577104  0.770036  0.588229  0.825654  0.742431  0.706648  0.618334  0.515993  0.604776  0.540001  0.601597  0.626889  0.549261  0.579873  0.518263  0.516543  0.654494  0.616720  0.291425  0.821103  0.673713  0.796927  0.781452  0.529514  0.435929  0.556476  0.759029 0.0  0.782454  0.742660  0.708906  0.510087  0.524326  0.757780  0.778416  0.725853  0.524064  0.824143  0.805469 
51  0.485762  0.639424  0.508467  0.803346  0.878412  0.788500  0.780173  0.747389  0.586232  0.716461  0.758735  0.997613  0.749452  0.753476  0.270791  0.683731  0.576222  0.441424  0.398246  0.540738  0.797127  0.778142  0.835010  0.840277  0.678509  0.798033  0.642077  0.833026  0.519724  0.837080  0.855675  0.804818  0.799516  0.723781  0.790817  0.709696  0.715704  0.759297  0.736787  0.806774  0.790859  0.763362  0.764902  0.757244  0.580605  0.585135  0.783308  0.771965  0.915411  0.638581  0.782454 0.0  0.543611  0.611073  0.856272  0.688076  0.563107  0.604809  0.796606  0.752356  0.236483  0.390249 
52  0.614983  0.753094  0.486813  0.635862  0.788586  0.747658  0.871163  0.759560  0.825174  0.735659  0.862342  0.755899  0.698697  0.840976  0.295649  0.711432  0.564559  0.519270  0.409318  0.558715  0.850215  0.723831  0.772622  0.743223  0.860853  0.840049  0.680176  0.755301  0.539427  0.763899  0.760702  0.737726  0.862418  0.785064  0.830996  0.629986  0.828236  0.830970  0.768522  0.731667  0.720597  0.733422  0.802721  0.752075  0.515447  0.705709  0.885489  0.801237  0.823755  0.537752  0.742660  0.543611 0.0  0.686602  0.757690  0.800227  0.657002  0.606263  0.802422  0.829416  0.456292  0.498449 
53  0.610754  0.770990  0.711386  0.625886  0.741803  0.779927  0.834622  0.741559  0.841354  0.797691  0.806762  0.990471  0.675505  0.871154  0.703278  0.879046  0.650391  0.737754  0.660786  0.597837  0.715168  0.799765  0.933705  0.859675  0.802759  0.815371  0.692976  0.924021  0.581578  0.896120  0.886181  0.790143  0.845241  0.777009  0.761927  0.919601  0.834469  0.740409  0.771434  0.743000  0.888004  0.801589  0.734023  0.823684  0.527250  0.512558  0.836064  0.794001  0.693099  0.603087  0.708906  0.611073  0.686602 0.0  0.815902  0.818041  0.761439  0.713047  0.871631  0.786873  0.677042  0.659646 
54  0.798648  0.777914  0.830855  0.838885  0.393755  0.762707  0.764733  0.780510  0.709447  0.630863  0.817115  0.732678  0.718916  0.614719  0.788562  0.751280  0.739209  0.873360  0.741592  0.746608  0.421010  0.429254  0.600440  0.594244  0.781982  0.429797  0.802875  0.875903  0.767355  0.459148  0.355420  0.614793  0.550001  0.370057  0.552309  0.555571  0.461319  0.574131  0.426250  0.485948  0.505429  0.532113  0.738615  0.463350  0.758800  0.722592  0.366605  0.239016  0.512527  0.835212  0.510087  0.856272  0.757690  0.815902 0.0  0.451118  0.768178  0.826829  0.638073  0.526108  0.841730  0.723675 
55  0.812086  0.843548  0.876910  0.820868  0.540166  0.901647  0.811213  0.824361  0.752917  0.507377  0.734859  0.871773  0.726492  0.534459  0.899248  0.727300  0.800266  0.765599  0.851074  0.724584  0.523995  0.473879  0.547145  0.552045  0.754074  0.509884  0.704933  0.800045  0.790496  0.527366  0.263094  0.446598  0.584413  0.414881  0.481789  0.407121  0.546962  0.568537  0.414217  0.487506  0.352310  0.432973  0.875944  0.398801  0.738743  0.827172  0.520262  0.350166  0.485972  0.805713  0.524326  0.688076  0.800227  0.818041  0.451118 0.0  0.737112  0.833556  0.803259  0.407689  0.719969  0.793828 
56  0.645414  0.679535  0.541072  0.638926  0.736103  0.679229  0.707695  0.772274  0.431581  0.654847  0.848678  0.793727  0.798114  0.809516  0.600122  0.582327  0.580816  0.583502  0.722708  0.685283  0.841066  0.914303  0.796398  0.775400  0.611920  0.722305  0.735592  0.812927  0.556572  0.783740  0.878655  0.754852  0.778382  0.692332  0.706319  0.691677  0.758516  0.786277  0.685550  0.821494  0.715462  0.819507  0.735158  0.765663  0.619634  0.630292  0.836575  0.777332  0.651857  0.614850  0.757780  0.563107  0.657002  0.761439  0.768178  0.737112 0.0  0.450219  0.883336  0.813088  0.614713  0.715550 
57  0.575941  0.779448  0.611762  0.609051  0.773015  0.665129  0.771428  0.688480  0.601266  0.570778  0.911617  0.801159  0.575535  0.808823  0.588225  0.698443  0.669268  0.665113  0.617594  0.661956  0.816641  0.720556  0.802161  0.914099  0.677094  0.695830  0.841504  0.877012  0.487885  0.856111  0.803968  0.867498  0.814717  0.673250  0.740847  0.678844  0.742052  0.764266  0.770597  0.764969  0.867698  0.747075  0.844176  0.775714  0.675372  0.799166  0.768979  0.726011  0.732825  0.441207  0.778416  0.604809  0.606263  0.713047  0.826829  0.833556  0.450219 0.0  0.807685  0.830279  0.507315  0.588815 
58  0.815010  0.848899  0.816656  0.854033  0.686211  0.832799  0.864123  0.885640  0.776018  0.778092  0.672752  0.692347  0.872008  0.612257  0.780038  0.876724  0.881752  0.832200  0.889933  0.811153  0.800392  0.873235  0.767493  0.716404  0.775277  0.690371  0.865945  0.733294  0.825938  0.789016  0.687120  0.723661  0.740427  0.686472  0.830058  0.812086  0.631908  0.713417  0.681548  0.803568  0.648771  0.698765  0.770738  0.761822  0.814199  0.845356  0.754502  0.636063  0.664494  0.823972  0.725853  0.796606  0.802422  0.871631  0.638073  0.803259  0.883336  0.807685 0.0  0.773715  0.991180  0.845015 
59  0.702786  0.784814  0.754840  0.785428  0.591695  0.839992  0.777285  0.713888  0.654742  0.534329  0.696916  0.760493  0.828378  0.440484  0.748666  0.760225  0.807757  0.790053  0.755138  0.752333  0.568796  0.337129  0.584161  0.433955  0.815626  0.305209  0.775162  0.777069  0.788003  0.395774  0.542777  0.339476  0.559813  0.268260  0.420160  0.394127  0.059528  0.384504  0.373269  0.197917  0.369181  0.503478  0.860003  0.487470  0.840742  0.706799  0.614907  0.557310  0.016154  0.795804  0.524064  0.752356  0.829416  0.786873  0.526108  0.407689  0.813088  0.830279  0.773715 0.0  0.782220  0.827959 
60  0.558481  0.777851  0.458199  0.831772  0.826692  0.759573  0.759949  0.834118  0.631155  0.656114  0.835485  0.862419  0.773382  0.850363  0.385860  0.696829  0.530258  0.453822  0.322541  0.430179  0.742091  0.783055  0.730091  0.710770  0.724543  0.785590  0.682286  0.821637  0.516040  0.755293  0.794291  0.797853  0.735089  0.876253  0.751347  0.794353  0.799662  0.741562  0.827171  0.854629  0.854439  0.830559  0.745290  0.704300  0.546454  0.744507  0.862587  0.796871  0.747324  0.566526  0.824143  0.236483  0.456292  0.677042  0.841730  0.719969  0.614713  0.507315  0.991180  0.782220 0.0  0.235117 
61  0.395874  0.814891  0.510705  0.843753  0.784380  0.677466  0.713126  0.773143  0.826741  0.634454  0.950420  0.808022  0.685355  0.713950  0.542636  0.768265  0.413330  0.385718  0.362262  0.506965  0.836151  0.717498  0.828699  0.751448  0.830684  0.759277  0.757741  0.825264  0.536580  0.652445  0.743117  0.791405  0.664514  0.796834  0.749508  0.797945  0.783748  0.773882  0.825205  0.732065  0.862617  0.767505  0.768974  0.881049  0.693373  0.730535  0.637664  0.829443  0.720929  0.463604  0.805469  0.390249  0.498449  0.659646  0.723675  0.793828  0.715550  0.588815  0.845015  0.827959  0.235117 0.0 
