146
0 0.0  0.776060  0.866268  0.152098  0.271254  0.664098  0.150506  0.279981  0.354753  0.281846  0.185906  0.248796  0.201003  0.831260  0.488305  0.252852  0.660190  0.621489  0.178898  0.449091  0.291658  0.818360  0.375286  0.390842  0.801964  0.708870  0.397249  0.293350  0.315003  0.308269  0.237990  0.275942  0.277776  0.283061  0.808213  0.275033  0.329636  0.728318  0.282608  0.771163  0.708550  0.265172  0.091395  0.263358  0.790542  0.320694  0.275474  0.206056  0.325341  0.430843  0.187988  0.366206  0.083730  0.282834  0.555571  0.401972  0.311565  0.305567  0.497790  0.361520  0.298877  0.267216  0.389344  0.735867  0.332958  0.192926  0.230997  0.767378  0.874612  0.318228  0.259677  0.243722  0.366166  0.390943  0.302372  0.128419  0.156708  0.243048  0.222790  0.816958  0.370528  0.310954  0.770182  0.189867  0.221861  0.252727  0.322181  0.301783  0.699235  0.369053  0.361728  0.295204  0.543392  0.477907  0.083730  0.619865  0.320561  0.831859  0.340643  0.365484  0.316130  0.306634  0.359617  0.309976  0.224777  0.402938  0.379554  0.841037  0.164086  0.198106  0.191574  0.210767  0.308521  0.170757  0.346389  0.277591  0.385490  0.437138  0.255176  0.756602  0.387418  0.162881  0.200823  0.672239  0.182630  0.245724  0.142490  0.481438  0.780698  0.170757  0.382203  0.131978  0.365616  0.355342  0.863109  0.151263  0.313960  0.395191  0.380136  0.701353  0.373946  0.219783  0.734235  0.331110  0.278696  0.143864 
1  0.776060 0.0  0.266485  0.782733  0.932634  0.823960  0.835917  0.882454  0.886690  0.847525  0.793341  0.854446  0.843246  0.786690  0.794923  0.749545  0.663409  0.622442  0.707240  0.701562  0.893954  0.529019  0.802907  0.376041  0.794002  0.755514  0.826234  0.762707  0.738079  0.866695  0.809984  0.838016  0.834637  0.909637  0.617931  0.832068  0.816682  0.692449  0.859509  0.234240  0.680216  0.744009  0.881489  0.840903  0.752586  0.788598  0.865953  0.786999  0.723291  0.837052  0.803830  0.881887  0.833092  0.863219  0.710537  0.819149  0.816408  0.751642  0.500613  0.795716  0.835981  0.819184  0.864384  0.689434  0.814058  0.823250  0.814545  0.549968  0.820752  0.580350  0.771917  0.791079  0.905525  0.907305  0.876528  0.776182  0.821955  0.834226  0.823846  0.593825  0.893773  0.817380  0.748521  0.759996  0.821435  0.804362  0.629667  0.842869  0.619683  0.814627  0.722580  0.809802  0.781323  0.409216  0.793563  0.836540  0.838537  0.420726  0.827880  0.807411  0.822070  0.812111  0.829562  0.810696  0.850043  0.794527  0.880393  0.654220  0.842261  0.822503  0.830314  0.926209  0.761896  0.729455  0.865154  0.821417  0.507058  0.789610  0.873345  0.598498  0.829062  0.808477  0.789952  0.419804  0.776638  0.793541  0.757966  0.780787  0.784182  0.806569  0.837528  0.805337  0.670735  0.674462  0.682750  0.857332  0.891355  0.709631  0.828744  0.683225  0.853256  0.769539  0.641048  0.763054  0.749914  0.770627 
2  0.866268  0.266485 0.0  0.755821  0.785464  0.803742  0.799885  0.897388  0.776524  0.767016  0.855921  0.786724  0.775672  0.681392  0.821186  0.748477  0.643451  0.607394  0.831595  0.806207  0.805078  0.472703  0.802002  0.436590  0.670355  0.815848  0.820053  0.769980  0.689175  0.810590  0.794971  0.815305  0.781687  0.750788  0.550399  0.932908  0.927765  0.741642  0.868717  0.253901  0.618764  0.769947  0.805331  0.840871  0.714307  0.827162  0.736493  0.889382  0.775259  0.738017  0.863050  0.781483  0.762675  0.831214  0.777117  0.693187  0.818424  0.554963  0.420411  0.741925  0.731214  0.751204  0.820556  0.770969  0.827318  0.876857  0.806630  0.435360  0.850035  0.700497  0.799466  0.845461  0.777317  0.881618  0.854673  0.861741  0.784882  0.743664  0.795991  0.501594  0.826717  0.741918  0.823428  0.854737  0.781492  0.706314  0.510833  0.779269  0.606566  0.883224  0.786547  0.740664  0.842601  0.460719  0.828297  0.852739  0.674043  0.402288  0.809178  0.867142  0.823636  0.783689  0.785628  0.819905  0.809220  0.719983  0.766196  0.671912  0.828725  0.776405  0.850033  0.770717  0.713920  0.743421  0.805556  0.703149  0.434360  0.697893  0.743102  0.567831  0.907801  0.866065  0.826429  0.465326  0.821198  0.864059  0.761440  0.807697  0.907144  0.827172  0.727572  0.731259  0.634383  0.784043  0.818063  0.785834  0.823911  0.725305  0.772895  0.623757  0.725337  0.771987  0.725402  0.733200  0.759392  0.814910 
3  0.152098  0.782733  0.755821 0.0  0.186719  0.605645  0.129850  0.285009  0.387222  0.304163  0.130264  0.407518  0.175044  0.789602  0.460196  0.216347  0.750956  0.635778  0.203625  0.461330  0.144676  0.879860  0.263022  0.414582  0.862835  0.744410  0.359444  0.218175  0.274892  0.244809  0.243519  0.171707  0.202890  0.394418  0.834197  0.320573  0.220817  0.693834  0.297027  0.834942  0.697025  0.249695  0.154914  0.083730  0.703337  0.357366  0.231665  0.112948  0.353489  0.444052  0.126900  0.347724  0.160024  0.368015  0.448987  0.378890  0.318341  0.453654  0.428893  0.346562  0.315483  0.325534  0.323955  0.721735  0.217070  0.089167  0.231434  0.753666  0.894613  0.256317  0.161690  0.185555  0.257918  0.449992  0.243151  0.213039  0.246214  0.251950  0.135113  0.799985  0.270519  0.306516  0.756616  0.201105  0.220979  0.251449  0.256062  0.377478  0.637512  0.248757  0.279546  0.240748  0.593478  0.449382  0.223344  0.685499  0.344678  0.774855  0.280655  0.225598  0.365550  0.308048  0.304798  0.303599  0.312839  0.373112  0.286633  0.776105  0.123581  0.223699  0.264267  0.202159  0.330069  0.184763  0.311942  0.389204  0.405581  0.438798  0.270138  0.748161  0.275934  0.114586  0.108089  0.743216  0.166331  0.311711  0.169395  0.450134  0.676925  0.190725  0.450279  0.159100  0.427974  0.408146  0.800249  0.086862  0.361972  0.342529  0.313884  0.510967  0.226823  0.231738  0.658665  0.363136  0.312046  0.190918 
4  0.271254  0.932634  0.785464  0.186719 0.0  0.586655  0.185671  0.253821  0.480122  0.274291  0.182444  0.272889  0.199179  0.701541  0.361883  0.300108  0.630425  0.665603  0.251271  0.392496  0.259921  0.846558  0.329142  0.440598  0.720415  0.871340  0.371374  0.348654  0.350543  0.167378  0.381700  0.175510  0.273991  0.252171  0.872192  0.256654  0.347515  0.816138  0.148227  0.652444  0.708349  0.287968  0.196467  0.243680  0.775659  0.279538  0.214047  0.222160  0.349444  0.249110  0.154517  0.298619  0.317128  0.282527  0.533557  0.298910  0.307307  0.326936  0.461324  0.399619  0.345368  0.325379  0.409850  0.787393  0.300654  0.201278  0.184005  0.771422  0.750245  0.369700  0.153720  0.161112  0.322755  0.300975  0.391601  0.274987  0.098036  0.083730  0.253177  0.768343  0.368157  0.332895  0.732795  0.228040  0.206438  0.242890  0.300444  0.222261  0.666240  0.343106  0.338995  0.293522  0.387849  0.522923  0.257815  0.485916  0.430112  0.813899  0.392144  0.359626  0.393158  0.359179  0.337278  0.335488  0.215474  0.283797  0.361435  0.873394  0.225008  0.276362  0.236361  0.083730  0.111672  0.128211  0.349655  0.145027  0.398041  0.352256  0.171100  0.803988  0.374400  0.276829  0.117782  0.616837  0.287723  0.204264  0.181106  0.569739  0.694179  0.212932  0.344671  0.248925  0.414350  0.462653  0.738573  0.236973  0.328221  0.371376  0.236224  0.601495  0.411661  0.216341  0.778773  0.410574  0.300468  0.245854 
5  0.664098  0.823960  0.803742  0.605645  0.586655 0.0  0.679792  0.551544  0.511947  0.545300  0.554514  0.616700  0.537373  0.761907  0.569599  0.626695  0.767308  0.563725  0.576898  0.315335  0.579271  0.749109  0.630055  0.490547  0.746742  0.789650  0.657834  0.636310  0.691446  0.657680  0.597244  0.666118  0.652512  0.566019  0.882284  0.605924  0.463164  0.701821  0.585185  0.672956  0.788662  0.438299  0.653788  0.548148  0.729295  0.552913  0.627908  0.577845  0.655765  0.539754  0.650361  0.491815  0.654447  0.666562  0.548189  0.621435  0.617258  0.321746  0.511212  0.696628  0.620708  0.547915  0.579839  0.660584  0.627313  0.651780  0.712127  0.843903  0.820663  0.249296  0.512577  0.588259  0.588338  0.562197  0.692097  0.604220  0.578334  0.586768  0.525733  0.764582  0.650894  0.597546  0.778180  0.450239  0.550086  0.652075  0.364815  0.591194  0.573612  0.654388  0.520449  0.611993  0.161065  0.425543  0.685479  0.142598  0.597253  0.929404  0.690954  0.611431  0.639862  0.604645  0.636296  0.551521  0.638056  0.641720  0.737505  0.702927  0.572991  0.758211  0.624310  0.545053  0.690099  0.551184  0.629021  0.665878  0.443661  0.528058  0.580932  0.701252  0.574066  0.654161  0.549010  0.737928  0.644454  0.573551  0.582899  0.487308  0.815231  0.610113  0.590098  0.615459  0.406000  0.315185  0.668917  0.613574  0.611207  0.649626  0.589332  0.651466  0.654414  0.648685  0.692817  0.631650  0.671584  0.467616 
6  0.150506  0.835917  0.799885  0.129850  0.185671  0.679792 0.0  0.271266  0.372249  0.397837  0.169135  0.303176  0.311373  0.726842  0.469066  0.327771  0.753383  0.575819  0.240700  0.380709  0.159611  0.764140  0.384241  0.421097  0.866017  0.799197  0.372156  0.279953  0.312706  0.145604  0.376495  0.256415  0.253814  0.318035  0.785916  0.262536  0.240727  0.688114  0.318806  0.698632  0.675724  0.323494  0.216675  0.083730  0.711931  0.373412  0.296898  0.240946  0.255183  0.375139  0.213004  0.310324  0.159265  0.353263  0.561088  0.343606  0.356998  0.293136  0.450830  0.308041  0.320302  0.210577  0.318285  0.679433  0.317016  0.110515  0.083730  0.718364  0.820120  0.343064  0.224943  0.201445  0.286662  0.445328  0.366001  0.169507  0.254274  0.232015  0.200389  0.846951  0.285427  0.318999  0.815965  0.189148  0.206930  0.254602  0.314207  0.347504  0.602226  0.301046  0.413090  0.250768  0.486757  0.420414  0.167258  0.692566  0.284426  0.856354  0.300033  0.332343  0.273697  0.309638  0.374477  0.292451  0.210795  0.330584  0.346708  0.760151  0.139586  0.131277  0.279843  0.248426  0.234393  0.115193  0.352374  0.230030  0.465787  0.366577  0.259643  0.709386  0.270788  0.083730  0.237760  0.722424  0.172555  0.229327  0.150181  0.457298  0.791301  0.378758  0.433487  0.153104  0.388136  0.465083  0.809637  0.195990  0.355199  0.304702  0.217295  0.597770  0.330592  0.285279  0.680160  0.290467  0.297600  0.218686 
7  0.279981  0.882454  0.897388  0.285009  0.253821  0.551544  0.271266 0.0  0.418577  0.170956  0.298526  0.262780  0.198689  0.712483  0.346191  0.381832  0.661871  0.639802  0.193781  0.402402  0.280232  0.753030  0.293582  0.496774  0.818002  0.828598  0.165684  0.237818  0.278426  0.366509  0.130407  0.344954  0.306102  0.213235  0.763524  0.289671  0.140647  0.576927  0.442125  0.712790  0.774227  0.224360  0.307569  0.267195  0.752612  0.326584  0.328131  0.331883  0.151967  0.117502  0.417400  0.312341  0.235803  0.108993  0.450730  0.222437  0.342882  0.270093  0.420238  0.083730  0.334980  0.266350  0.203733  0.626551  0.190359  0.327138  0.330733  0.668640  0.816090  0.289654  0.339952  0.325021  0.163827  0.424694  0.193615  0.271929  0.317814  0.359410  0.237426  0.717766  0.148263  0.152466  0.801494  0.373456  0.249345  0.308437  0.385031  0.120232  0.607832  0.230104  0.220814  0.083730  0.631248  0.305320  0.416961  0.557930  0.150728  0.760171  0.155346  0.083730  0.217918  0.083730  0.204982  0.145108  0.339150  0.211572  0.163871  0.816486  0.442445  0.255123  0.287134  0.343903  0.215745  0.275622  0.083730  0.354285  0.548741  0.306461  0.348970  0.770417  0.190819  0.362148  0.285476  0.720656  0.328258  0.226402  0.296228  0.545955  0.815111  0.276699  0.148254  0.366768  0.496367  0.423422  0.841063  0.275738  0.183886  0.174251  0.233008  0.706373  0.083730  0.298024  0.663098  0.179891  0.119244  0.235478 
8  0.354753  0.886690  0.776524  0.387222  0.480122  0.511947  0.372249  0.418577 0.0  0.462442  0.427311  0.461721  0.327805  0.726328  0.200153  0.448697  0.748038  0.634926  0.313274  0.355698  0.492898  0.760293  0.506613  0.506894  0.723545  0.747337  0.455224  0.381669  0.392552  0.559678  0.387901  0.481151  0.323123  0.381351  0.824497  0.475705  0.381411  0.695899  0.508412  0.717050  0.726353  0.164469  0.515991  0.496161  0.719009  0.401874  0.392919  0.341366  0.431419  0.419983  0.393921  0.482810  0.429379  0.341381  0.518366  0.429321  0.456215  0.268915  0.503812  0.474051  0.473065  0.458258  0.417240  0.636628  0.370478  0.485489  0.466693  0.736423  0.879310  0.273131  0.390621  0.400400  0.418420  0.223571  0.432263  0.339080  0.521075  0.366316  0.331487  0.852915  0.440115  0.405333  0.718457  0.388311  0.425808  0.434257  0.299668  0.411287  0.555821  0.412465  0.450786  0.554091  0.618579  0.487666  0.511650  0.554891  0.400899  0.768080  0.347720  0.517213  0.407884  0.391677  0.435654  0.419414  0.498429  0.391102  0.486721  0.723206  0.360493  0.467234  0.408227  0.502118  0.385889  0.389244  0.489744  0.483039  0.469559  0.260255  0.434243  0.687733  0.354728  0.432012  0.460379  0.668668  0.408311  0.426973  0.406007  0.467923  0.753983  0.338347  0.499016  0.523516  0.491605  0.465564  0.830607  0.459880  0.379150  0.382932  0.419100  0.660484  0.473648  0.391634  0.703181  0.372971  0.471467  0.224123 
9  0.281846  0.847525  0.767016  0.304163  0.274291  0.545300  0.397837  0.170956  0.462442 0.0  0.304360  0.083730  0.241873  0.796662  0.494584  0.255499  0.697585  0.683385  0.260675  0.432299  0.254709  0.821935  0.103669  0.465036  0.704304  0.694048  0.195416  0.086063  0.166310  0.268242  0.186310  0.247708  0.239772  0.125583  0.865316  0.307358  0.280487  0.709528  0.357252  0.757411  0.652549  0.286963  0.284043  0.441112  0.685521  0.262926  0.257388  0.332598  0.249401  0.245534  0.249094  0.153318  0.264951  0.095644  0.478328  0.208525  0.148783  0.352324  0.469701  0.190269  0.286495  0.339436  0.221462  0.658672  0.083730  0.249576  0.216471  0.780149  0.739957  0.378447  0.325627  0.281127  0.171347  0.350651  0.201428  0.198049  0.318916  0.257555  0.238294  0.820770  0.227886  0.232466  0.734274  0.195720  0.360634  0.286786  0.354415  0.104491  0.603275  0.154695  0.168630  0.184605  0.564553  0.464553  0.235678  0.577858  0.133983  0.802330  0.171625  0.219530  0.206829  0.163679  0.254904  0.124959  0.224470  0.230428  0.115835  0.784104  0.331493  0.243702  0.248152  0.259338  0.299942  0.266767  0.162357  0.344354  0.439888  0.300173  0.321726  0.762794  0.154050  0.154393  0.273153  0.733022  0.282626  0.280580  0.302262  0.407517  0.860446  0.226835  0.241092  0.301227  0.461860  0.427056  0.807164  0.174071  0.274783  0.144475  0.150856  0.571850  0.156295  0.381327  0.823119  0.112025  0.254588  0.233036 
10  0.185906  0.793341  0.855921  0.130264  0.182444  0.554514  0.169135  0.298526  0.427311  0.304360 0.0  0.217635  0.289984  0.752572  0.450683  0.184038  0.742578  0.559818  0.279865  0.390993  0.219884  0.831606  0.278205  0.491267  0.781464  0.723112  0.309651  0.217301  0.344364  0.237317  0.253562  0.182114  0.216477  0.304567  0.740704  0.276136  0.321401  0.733351  0.184091  0.658856  0.618917  0.270284  0.182350  0.217365  0.820614  0.248150  0.384655  0.132450  0.326850  0.384802  0.185815  0.327948  0.139200  0.293238  0.517708  0.366046  0.320072  0.287667  0.384737  0.361890  0.289567  0.302313  0.298753  0.753175  0.386197  0.205655  0.099632  0.780086  0.838497  0.345193  0.182602  0.299589  0.284682  0.429285  0.297978  0.083730  0.193485  0.164845  0.221148  0.803045  0.303879  0.333205  0.725963  0.165214  0.154613  0.293680  0.345912  0.196334  0.657778  0.339970  0.322732  0.278517  0.528216  0.354997  0.211457  0.623678  0.300960  0.789316  0.306666  0.367047  0.410230  0.281790  0.322575  0.333109  0.290422  0.288110  0.310744  0.750502  0.175294  0.245433  0.204323  0.186059  0.207878  0.217589  0.331916  0.270924  0.368604  0.288339  0.309201  0.745074  0.267218  0.106126  0.231562  0.692223  0.216423  0.289476  0.167157  0.452275  0.765696  0.194636  0.356108  0.159140  0.472746  0.438017  0.882765  0.209964  0.385948  0.282357  0.261818  0.599359  0.389891  0.234773  0.659011  0.333732  0.490235  0.210680 
11  0.248796  0.854446  0.786724  0.407518  0.272889  0.616700  0.303176  0.262780  0.461721  0.083730  0.217635 0.0  0.200164  0.695739  0.395576  0.264499  0.740973  0.540290  0.161079  0.406302  0.317214  0.875571  0.280037  0.352550  0.783923  0.691231  0.270587  0.150365  0.188490  0.434942  0.187868  0.309084  0.165032  0.276384  0.790521  0.376924  0.217936  0.748696  0.281122  0.804741  0.741114  0.370200  0.288683  0.258291  0.719456  0.354239  0.273416  0.341325  0.323640  0.236919  0.306480  0.094124  0.271978  0.220792  0.517320  0.180922  0.104409  0.266313  0.415492  0.179202  0.377080  0.260611  0.187651  0.660754  0.245174  0.332234  0.329484  0.669484  0.843654  0.339334  0.308770  0.218671  0.211078  0.244214  0.181644  0.368874  0.344745  0.355626  0.204947  0.744608  0.298376  0.226528  0.820760  0.264325  0.337076  0.244650  0.359538  0.215099  0.548329  0.280888  0.228580  0.224395  0.497446  0.405576  0.280233  0.647418  0.189821  0.789901  0.193100  0.178759  0.242571  0.153093  0.263654  0.268203  0.387036  0.169504  0.276806  0.870435  0.331732  0.282570  0.305454  0.224283  0.365854  0.370711  0.322335  0.311154  0.471922  0.341173  0.360851  0.754383  0.254496  0.261631  0.292588  0.707983  0.263476  0.285832  0.266659  0.477588  0.803992  0.273876  0.227257  0.305760  0.355656  0.445187  0.728830  0.312568  0.256939  0.268705  0.213430  0.656952  0.170010  0.259666  0.618043  0.298804  0.169245  0.100613 
12  0.201003  0.843246  0.775672  0.175044  0.199179  0.537373  0.311373  0.198689  0.327805  0.241873  0.289984  0.200164 0.0  0.793671  0.376689  0.258480  0.680655  0.587283  0.134223  0.352826  0.230558  0.833890  0.342731  0.373819  0.727554  0.671981  0.271373  0.206616  0.329778  0.226004  0.152093  0.276336  0.175716  0.314709  0.742199  0.261767  0.249303  0.736984  0.177792  0.864787  0.663572  0.279978  0.171038  0.249295  0.825666  0.295197  0.192038  0.218793  0.317289  0.299053  0.127640  0.269131  0.339797  0.165479  0.512187  0.251939  0.202795  0.362587  0.434986  0.276763  0.221791  0.148990  0.262749  0.659326  0.233871  0.160908  0.286455  0.814526  0.863061  0.247135  0.265409  0.170792  0.216728  0.359696  0.295766  0.155253  0.254701  0.287148  0.203810  0.776315  0.270522  0.200863  0.735963  0.247157  0.298206  0.214595  0.296049  0.206524  0.693402  0.246123  0.271773  0.209728  0.517899  0.520570  0.373228  0.486280  0.231673  0.798189  0.272856  0.240836  0.201876  0.241245  0.268525  0.238982  0.203178  0.238737  0.223164  0.734892  0.223669  0.212912  0.287406  0.220704  0.263044  0.275162  0.239886  0.235138  0.505947  0.328395  0.183465  0.772693  0.190657  0.217682  0.197246  0.610796  0.232753  0.300742  0.211596  0.547390  0.849597  0.268641  0.271826  0.295037  0.475515  0.323835  0.709994  0.275917  0.261026  0.128841  0.341572  0.604536  0.250744  0.311423  0.714328  0.117421  0.264627  0.182506 
13  0.831260  0.786690  0.681392  0.789602  0.701541  0.761907  0.726842  0.712483  0.726328  0.796662  0.752572  0.695739  0.793671 0.0  0.823841  0.678332  0.751536  0.664420  0.902367  0.703974  0.700718  0.832109  0.906347  0.421741  0.725255  0.763619  0.854827  0.763432  0.745075  0.787411  0.785652  0.714574  0.736970  0.758186  0.845616  0.786735  0.758471  0.760388  0.755217  0.670171  0.798444  0.814105  0.741683  0.856680  0.236130  0.782251  0.797558  0.758260  0.715517  0.768155  0.804706  0.723452  0.797244  0.681175  0.755675  0.756863  0.737630  0.634650  0.454619  0.766957  0.747329  0.802691  0.788067  0.672713  0.804320  0.688257  0.811167  0.767473  0.805594  0.619686  0.740426  0.782613  0.714451  0.717274  0.703178  0.759427  0.819498  0.743707  0.691826  0.870276  0.717030  0.730894  0.741992  0.777639  0.737291  0.759028  0.549781  0.742612  0.619848  0.733295  0.782781  0.740439  0.816673  0.434603  0.810601  0.796819  0.732194  0.806868  0.738060  0.709635  0.754396  0.714549  0.763170  0.672161  0.775442  0.772730  0.708496  0.649193  0.738316  0.789602  0.707694  0.720795  0.868811  0.689435  0.804684  0.756301  0.397560  0.775671  0.739485  0.828423  0.752362  0.729093  0.701672  0.676571  0.852690  0.803222  0.747716  0.804213  0.470135  0.744259  0.743734  0.784998  0.752898  0.708880  0.789938  0.787028  0.677796  0.798074  0.713899  0.612372  0.802435  0.684948  0.641270  0.713308  0.767913  0.783255 
14  0.488305  0.794923  0.821186  0.460196  0.361883  0.569599  0.469066  0.346191  0.200153  0.494584  0.450683  0.395576  0.376689  0.823841 0.0  0.370951  0.788274  0.584574  0.320443  0.414704  0.407337  0.784786  0.370343  0.525775  0.739177  0.665378  0.341604  0.457056  0.349892  0.362245  0.377781  0.399508  0.321523  0.498428  0.817142  0.446677  0.398924  0.734386  0.374007  0.672655  0.697169  0.201130  0.359767  0.320242  0.807491  0.423651  0.413856  0.360895  0.312785  0.397601  0.400976  0.462032  0.454827  0.356107  0.450750  0.447229  0.357033  0.303480  0.362870  0.386033  0.425208  0.420355  0.469340  0.752204  0.435703  0.438047  0.411791  0.828823  0.785969  0.205309  0.394382  0.432719  0.338259  0.096918  0.378083  0.397152  0.471428  0.404670  0.330267  0.802647  0.316513  0.486788  0.759707  0.386206  0.445135  0.394322  0.275312  0.355095  0.577038  0.472060  0.309697  0.417306  0.585286  0.354719  0.406049  0.601846  0.493144  0.864008  0.462807  0.409954  0.404227  0.305528  0.325748  0.401333  0.399398  0.456247  0.354231  0.707803  0.475323  0.317224  0.406133  0.456181  0.438160  0.380524  0.445429  0.297233  0.448150  0.209141  0.456827  0.843165  0.399375  0.459636  0.379597  0.688027  0.310138  0.373590  0.446277  0.483303  0.741152  0.403347  0.422463  0.370860  0.378303  0.375290  0.808360  0.302732  0.410740  0.354303  0.480292  0.633352  0.405450  0.401377  0.626967  0.373056  0.455309  0.247619 
15  0.252852  0.749545  0.748477  0.216347  0.300108  0.626695  0.327771  0.381832  0.448697  0.255499  0.184038  0.264499  0.258480  0.678332  0.370951 0.0  0.643917  0.597576  0.149263  0.408544  0.094997  0.823864  0.284989  0.447108  0.817166  0.880706  0.291087  0.330868  0.381548  0.325448  0.205296  0.151951  0.101667  0.397992  0.878640  0.083730  0.251021  0.698743  0.219969  0.629515  0.709536  0.278602  0.240564  0.185100  0.739788  0.263432  0.093566  0.262189  0.288734  0.334592  0.275183  0.357888  0.276846  0.307869  0.481948  0.289584  0.252287  0.211638  0.489683  0.317086  0.273809  0.227679  0.444597  0.751207  0.381821  0.268247  0.223348  0.728707  0.842945  0.263720  0.341718  0.225067  0.395399  0.406206  0.364660  0.228468  0.308667  0.308085  0.148442  0.801302  0.325177  0.365172  0.696854  0.112007  0.102645  0.083730  0.253624  0.355041  0.589237  0.283456  0.341108  0.309118  0.522929  0.391366  0.163973  0.683630  0.267522  0.890936  0.261835  0.358648  0.308882  0.309799  0.379719  0.288802  0.083730  0.283173  0.332589  0.804999  0.193604  0.232367  0.083730  0.263681  0.186948  0.339047  0.276068  0.198886  0.405003  0.447971  0.157562  0.768560  0.305755  0.275501  0.260236  0.602424  0.288428  0.140896  0.090841  0.449350  0.797503  0.083730  0.318676  0.083730  0.347216  0.450372  0.827487  0.186480  0.268500  0.310172  0.209291  0.576976  0.334899  0.373239  0.632487  0.345642  0.350397  0.235347 
16  0.660190  0.663409  0.643451  0.750956  0.630425  0.767308  0.753383  0.661871  0.748038  0.697585  0.742578  0.740973  0.680655  0.751536  0.788274  0.643917 0.0  0.548561  0.749501  0.759894  0.594228  0.659463  0.655890  0.446154  0.629469  0.789504  0.737529  0.690321  0.659098  0.724379  0.741217  0.723716  0.707152  0.677725  0.609698  0.725299  0.647183  0.689933  0.626138  0.673802  0.784733  0.812232  0.831694  0.775266  0.626123  0.739542  0.703936  0.636702  0.609224  0.666328  0.649538  0.734744  0.774535  0.670198  0.654400  0.657082  0.691101  0.633482  0.407948  0.676572  0.662075  0.597048  0.715653  0.696952  0.777746  0.664614  0.759900  0.668882  0.698519  0.604388  0.672870  0.732163  0.629098  0.671270  0.765954  0.682242  0.655899  0.744531  0.728110  0.736915  0.630530  0.656740  0.724015  0.680229  0.643327  0.679169  0.587633  0.710359  0.340481  0.736661  0.720485  0.653768  0.755333  0.425442  0.612466  0.744808  0.822649  0.782158  0.700786  0.695675  0.718840  0.734896  0.732134  0.635585  0.741050  0.657942  0.740308  0.629014  0.737652  0.725879  0.648442  0.741076  0.721558  0.624319  0.745237  0.700397  0.409010  0.692603  0.751731  0.727259  0.640805  0.681318  0.752930  0.648399  0.738740  0.796379  0.749564  0.746098  0.770990  0.694159  0.728602  0.675980  0.710769  0.744235  0.762295  0.681053  0.687032  0.715098  0.673236  0.647941  0.702447  0.649712  0.721028  0.692288  0.693087  0.673025 
17  0.621489  0.622442  0.607394  0.635778  0.665603  0.563725  0.575819  0.639802  0.634926  0.683385  0.559818  0.540290  0.587283  0.664420  0.584574  0.597576  0.548561 0.0  0.600561  0.572327  0.657873  0.572482  0.651632  0.385067  0.708282  0.588480  0.624119  0.634767  0.624124  0.617657  0.590128  0.707282  0.559387  0.597957  0.604521  0.613158  0.626187  0.659518  0.665361  0.604873  0.639719  0.631510  0.541351  0.670351  0.588816  0.616360  0.641741  0.651234  0.708497  0.527403  0.555528  0.593493  0.605642  0.705876  0.598024  0.696697  0.655626  0.591065  0.439172  0.579292  0.634295  0.558434  0.614380  0.652494  0.603440  0.640231  0.571756  0.615939  0.583061  0.603754  0.563852  0.639979  0.608404  0.564600  0.680355  0.580125  0.596527  0.536360  0.628674  0.615323  0.541491  0.563877  0.667638  0.519999  0.634766  0.564366  0.609359  0.658962  0.626286  0.645916  0.572871  0.494755  0.674530  0.471271  0.634040  0.606915  0.577226  0.593906  0.634079  0.636150  0.590671  0.585926  0.606529  0.574320  0.595292  0.594848  0.595354  0.718866  0.650440  0.690882  0.542227  0.569431  0.634523  0.551606  0.540239  0.469671  0.501657  0.569858  0.575179  0.577129  0.531532  0.598896  0.604457  0.595577  0.629073  0.614701  0.574325  0.676313  0.596049  0.548653  0.584172  0.668165  0.713715  0.629392  0.716253  0.643700  0.672413  0.611457  0.692004  0.573226  0.692606  0.603812  0.485435  0.582966  0.651407  0.690434 
18  0.178898  0.707240  0.831595  0.203625  0.251271  0.576898  0.240700  0.193781  0.313274  0.260675  0.279865  0.161079  0.134223  0.902367  0.320443  0.149263  0.749501  0.600561 0.0  0.429193  0.251811  0.819994  0.237495  0.392215  0.818272  0.681888  0.168759  0.285746  0.276874  0.277408  0.293728  0.184141  0.160699  0.178955  0.746382  0.237195  0.133304  0.710752  0.194913  0.637587  0.765734  0.304697  0.213659  0.232408  0.676912  0.205374  0.236238  0.360272  0.363960  0.268306  0.275259  0.273519  0.144555  0.146763  0.468523  0.324810  0.167146  0.278368  0.425073  0.254393  0.268732  0.287866  0.260382  0.757882  0.275316  0.221097  0.219717  0.808353  0.799636  0.301197  0.261203  0.248193  0.201851  0.311696  0.294959  0.258145  0.331269  0.188616  0.132887  0.804959  0.259755  0.138618  0.726143  0.246167  0.333477  0.291108  0.376410  0.282973  0.674489  0.105347  0.239580  0.290435  0.515218  0.491376  0.223982  0.540422  0.190468  0.832190  0.300101  0.244271  0.289193  0.189635  0.318694  0.250896  0.179662  0.220291  0.192642  0.648343  0.284618  0.250606  0.331150  0.164212  0.187007  0.296148  0.165820  0.203012  0.464884  0.356213  0.278842  0.676603  0.175055  0.292361  0.274879  0.694077  0.220597  0.276145  0.243917  0.488886  0.825494  0.194209  0.236999  0.261517  0.393812  0.435773  0.853805  0.238792  0.199903  0.243695  0.235356  0.670545  0.194712  0.220427  0.710535  0.226735  0.225946  0.153721 
19  0.449091  0.701562  0.806207  0.461330  0.392496  0.315335  0.380709  0.402402  0.355698  0.432299  0.390993  0.406302  0.352826  0.703974  0.414704  0.408544  0.759894  0.572327  0.429193 0.0  0.512470  0.635424  0.412284  0.431018  0.681198  0.694946  0.496257  0.401434  0.545332  0.372421  0.344575  0.396984  0.424238  0.434130  0.764365  0.407501  0.419341  0.760370  0.446314  0.747202  0.812533  0.337823  0.359863  0.489271  0.682497  0.537321  0.457294  0.397063  0.496623  0.390034  0.448792  0.412186  0.375722  0.357111  0.530090  0.404460  0.463841  0.347813  0.438587  0.380262  0.527247  0.442409  0.433555  0.697170  0.496138  0.365565  0.456222  0.680213  0.663808  0.275011  0.592958  0.413674  0.406348  0.386651  0.471301  0.376568  0.381470  0.495469  0.448292  0.825164  0.383320  0.389227  0.682928  0.495577  0.460617  0.429062  0.337471  0.427849  0.753211  0.395049  0.511149  0.461399  0.167782  0.405500  0.426463  0.244326  0.491441  0.797707  0.388766  0.432436  0.350195  0.431759  0.326202  0.421805  0.468386  0.396314  0.405768  0.741081  0.465195  0.467790  0.393973  0.361294  0.432372  0.512885  0.439031  0.420631  0.493960  0.457597  0.390291  0.739799  0.466190  0.386324  0.387454  0.722373  0.416124  0.367951  0.466007  0.367088  0.644439  0.491917  0.372050  0.387484  0.328145  0.429952  0.670518  0.451773  0.442523  0.452787  0.443329  0.662996  0.437276  0.392418  0.704484  0.465642  0.365326  0.399262 
20  0.291658  0.893954  0.805078  0.144676  0.259921  0.579271  0.159611  0.280232  0.492898  0.254709  0.219884  0.317214  0.230558  0.700718  0.407337  0.094997  0.594228  0.657873  0.251811  0.512470 0.0  0.863064  0.162627  0.506274  0.840416  0.789695  0.299492  0.201564  0.359202  0.202677  0.235458  0.223589  0.099592  0.342915  0.740951  0.083730  0.315691  0.694388  0.116174  0.720482  0.739259  0.332137  0.306716  0.175323  0.745560  0.220864  0.122061  0.245957  0.270173  0.285382  0.193944  0.242302  0.195771  0.305858  0.455261  0.305870  0.294602  0.274584  0.379458  0.303792  0.320701  0.310383  0.312462  0.630889  0.323787  0.186127  0.220469  0.772330  0.829555  0.195744  0.188726  0.244673  0.147267  0.409768  0.232866  0.198842  0.221303  0.113679  0.274806  0.769188  0.260919  0.359269  0.857244  0.150148  0.144689  0.094783  0.345096  0.283412  0.710624  0.281341  0.283906  0.216723  0.512962  0.398237  0.120449  0.563767  0.292531  0.857512  0.231341  0.207532  0.357508  0.332374  0.187233  0.359629  0.180329  0.229059  0.339897  0.708915  0.172156  0.085943  0.187509  0.239254  0.221072  0.133141  0.349424  0.115004  0.415050  0.412371  0.090679  0.770319  0.266215  0.222348  0.188095  0.638365  0.114883  0.124376  0.162235  0.541377  0.699862  0.140369  0.294144  0.131334  0.432809  0.462808  0.803887  0.181396  0.294903  0.260360  0.139681  0.620372  0.385778  0.256996  0.718502  0.336541  0.199246  0.164840 
21  0.818360  0.529019  0.472703  0.879860  0.846558  0.749109  0.764140  0.753030  0.760293  0.821935  0.831606  0.875571  0.833890  0.832109  0.784786  0.823864  0.659463  0.572482  0.819994  0.635424  0.863064 0.0  0.786615  0.464539  0.666702  0.799026  0.808402  0.793071  0.767762  0.841877  0.705016  0.710239  0.721166  0.733920  0.127184  0.800167  0.800337  0.756515  0.801726  0.421017  0.676218  0.800658  0.810349  0.776203  0.782851  0.828464  0.833681  0.770307  0.762254  0.812604  0.739316  0.765285  0.793987  0.844449  0.709943  0.863927  0.818874  0.594938  0.391017  0.894189  0.719408  0.840226  0.742163  0.755192  0.790038  0.745537  0.786563  0.180984  0.746228  0.651462  0.742992  0.852850  0.867475  0.705906  0.787639  0.778300  0.813912  0.832907  0.754776  0.347780  0.845995  0.882065  0.782985  0.896198  0.793710  0.760442  0.504420  0.856749  0.650280  0.851387  0.791272  0.810994  0.736516  0.455493  0.838871  0.729440  0.923182  0.582739  0.843517  0.874578  0.744976  0.889592  0.813487  0.767827  0.848862  0.793942  0.741934  0.760723  0.748848  0.890449  0.845726  0.872448  0.846601  0.736048  0.827429  0.775883  0.369968  0.812171  0.818692  0.114517  0.858273  0.826914  0.757309  0.431270  0.783788  0.812863  0.770042  0.823657  0.774021  0.848194  0.806106  0.748203  0.746766  0.741084  0.835453  0.819173  0.862079  0.822921  0.851885  0.629295  0.836762  0.873347  0.750930  0.836857  0.756400  0.777884 
22  0.375286  0.802907  0.802002  0.263022  0.329142  0.630055  0.384241  0.293582  0.506613  0.103669  0.278205  0.280037  0.342731  0.906347  0.370343  0.284989  0.655890  0.651632  0.237495  0.412284  0.162627  0.786615 0.0  0.475424  0.611951  0.764893  0.108190  0.180963  0.191693  0.291301  0.309360  0.320234  0.342674  0.194097  0.892757  0.332216  0.083730  0.650279  0.286882  0.745669  0.721758  0.326870  0.329320  0.307569  0.707227  0.346031  0.284313  0.287950  0.148435  0.170985  0.347688  0.253652  0.253309  0.223952  0.518041  0.273408  0.220664  0.289127  0.526053  0.158809  0.313439  0.348557  0.229139  0.736307  0.197675  0.319226  0.305543  0.769701  0.795130  0.309247  0.341597  0.325111  0.230665  0.419441  0.128637  0.290142  0.321961  0.270781  0.124739  0.776063  0.240572  0.146098  0.643502  0.363717  0.297849  0.270895  0.288890  0.217818  0.668102  0.222831  0.183842  0.199290  0.550437  0.502507  0.241216  0.704695  0.185197  0.842581  0.179432  0.184106  0.091889  0.262382  0.205647  0.130015  0.407415  0.210480  0.217509  0.712894  0.306824  0.279930  0.264183  0.353379  0.319056  0.277756  0.206252  0.268996  0.444040  0.330059  0.364765  0.773845  0.251944  0.389290  0.306282  0.754832  0.350244  0.304200  0.348994  0.487596  0.837408  0.323500  0.206515  0.294964  0.431975  0.450451  0.776636  0.335885  0.136378  0.221649  0.159352  0.593021  0.256730  0.401509  0.688991  0.216393  0.160585  0.251333 
23  0.390842  0.376041  0.436590  0.414582  0.440598  0.490547  0.421097  0.496774  0.506894  0.465036  0.491267  0.352550  0.373819  0.421741  0.525775  0.447108  0.446154  0.385067  0.392215  0.431018  0.506274  0.464539  0.475424 0.0  0.428039  0.423447  0.415682  0.412262  0.413151  0.481304  0.489921  0.358395  0.427738  0.409591  0.443493  0.340824  0.406156  0.504544  0.465578  0.428335  0.451416  0.460184  0.391208  0.464810  0.437538  0.392296  0.378882  0.359561  0.452331  0.433289  0.384081  0.420334  0.487399  0.348183  0.459842  0.476921  0.448227  0.468503  0.407216  0.407369  0.432736  0.433914  0.525828  0.468491  0.424162  0.426001  0.360541  0.417310  0.459143  0.392391  0.395693  0.430303  0.471041  0.453306  0.329510  0.461745  0.345742  0.427421  0.506239  0.410854  0.508288  0.424341  0.437987  0.499593  0.485851  0.425642  0.407944  0.451536  0.345886  0.465314  0.426317  0.428829  0.407059  0.453454  0.452428  0.455665  0.406083  0.351929  0.416725  0.431839  0.454197  0.486973  0.352840  0.544208  0.442375  0.425844  0.416434  0.664856  0.424568  0.495415  0.460989  0.425564  0.384184  0.483409  0.371012  0.350456  0.483584  0.428009  0.427845  0.480777  0.379780  0.441812  0.464591  0.399254  0.475547  0.503837  0.470230  0.488450  0.498534  0.456728  0.405067  0.422961  0.445497  0.472185  0.472033  0.458719  0.458755  0.354926  0.480727  0.431557  0.397900  0.490708  0.364481  0.441550  0.457369  0.472701 
24  0.801964  0.794002  0.670355  0.862835  0.720415  0.746742  0.866017  0.818002  0.723545  0.704304  0.781464  0.783923  0.727554  0.725255  0.739177  0.817166  0.629469  0.708282  0.818272  0.681198  0.840416  0.666702  0.611951  0.428039 0.0  0.132402  0.753911  0.744691  0.876688  0.786812  0.872962  0.760634  0.828527  0.707662  0.752408  0.739518  0.790395  0.435342  0.743019  0.772422  0.403056  0.786051  0.740854  0.744188  0.786906  0.809132  0.765381  0.780338  0.784399  0.844850  0.760365  0.832877  0.749501  0.756066  0.768697  0.775770  0.720817  0.649702  0.344369  0.801796  0.738033  0.663299  0.775407  0.723851  0.740076  0.779689  0.737672  0.800468  0.652683  0.633051  0.772511  0.718145  0.786802  0.784442  0.702533  0.792846  0.738334  0.791823  0.786102  0.718874  0.744149  0.703084  0.765084  0.773399  0.768147  0.829204  0.676165  0.773778  0.512837  0.780094  0.681286  0.735325  0.802985  0.369306  0.768712  0.822010  0.799576  0.769071  0.715834  0.816764  0.740725  0.764078  0.748507  0.662850  0.673022  0.759322  0.795961  0.709885  0.702689  0.772008  0.755660  0.823803  0.829585  0.859872  0.696015  0.712072  0.375795  0.709052  0.713368  0.722012  0.776169  0.735352  0.716528  0.686332  0.675993  0.815496  0.727474  0.780962  0.748202  0.790965  0.664784  0.860612  0.748472  0.697126  0.753775  0.727241  0.738071  0.831542  0.780479  0.205228  0.708816  0.808908  0.626598  0.829724  0.649690  0.800595 
25  0.708870  0.755514  0.815848  0.744410  0.871340  0.789650  0.799197  0.828598  0.747337  0.694048  0.723112  0.691231  0.671981  0.763619  0.665378  0.880706  0.789504  0.588480  0.681888  0.694946  0.789695  0.799026  0.764893  0.423447  0.132402 0.0  0.782941  0.842348  0.719641  0.678184  0.742291  0.734280  0.749152  0.724309  0.729405  0.779564  0.725736  0.618023  0.855444  0.708362  0.512056  0.836665  0.744071  0.730134  0.813697  0.806947  0.801481  0.799445  0.715820  0.724441  0.743115  0.801268  0.764705  0.736367  0.841012  0.681005  0.727406  0.563134  0.541113  0.676924  0.816806  0.715565  0.743215  0.792987  0.779671  0.721359  0.722415  0.808911  0.755740  0.668810  0.755984  0.780618  0.695220  0.745054  0.824223  0.830048  0.703827  0.815737  0.744175  0.804223  0.787094  0.788119  0.844293  0.882018  0.736400  0.799169  0.608811  0.738410  0.552253  0.718904  0.714531  0.771806  0.823963  0.390417  0.782648  0.722911  0.739617  0.803988  0.827492  0.695354  0.549809  0.778322  0.727377  0.760162  0.828725  0.730384  0.824789  0.795177  0.715252  0.824087  0.837447  0.771268  0.740229  0.776942  0.704745  0.769644  0.447619  0.813791  0.765257  0.751836  0.770336  0.759787  0.653782  0.663185  0.777530  0.715805  0.800926  0.737327  0.831494  0.787266  0.824087  0.722238  0.691151  0.646503  0.758516  0.810640  0.686686  0.745119  0.769456  0.253391  0.720039  0.803725  0.619991  0.795291  0.671059  0.791245 
26  0.397249  0.826234  0.820053  0.359444  0.371374  0.657834  0.372156  0.165684  0.455224  0.195416  0.309651  0.270587  0.271373  0.854827  0.341604  0.291087  0.737529  0.624119  0.168759  0.496257  0.299492  0.808402  0.108190  0.415682  0.753911  0.782941 0.0  0.220482  0.150031  0.326291  0.247234  0.302509  0.288688  0.163145  0.936134  0.282264  0.199351  0.730212  0.346695  0.711077  0.681807  0.227673  0.302399  0.313461  0.820178  0.313074  0.361776  0.234554  0.221032  0.135515  0.338690  0.208880  0.336942  0.167305  0.509981  0.144006  0.257950  0.342895  0.466259  0.083730  0.262373  0.194048  0.159840  0.694891  0.218040  0.412362  0.307355  0.777556  0.857944  0.390221  0.332634  0.384155  0.224485  0.422217  0.083730  0.419868  0.304954  0.212235  0.164094  0.845510  0.126963  0.101233  0.790775  0.262391  0.342767  0.337205  0.339154  0.175310  0.561405  0.206754  0.186254  0.119381  0.536590  0.488796  0.367118  0.535607  0.083730  0.864365  0.178051  0.083730  0.328440  0.119634  0.258294  0.241190  0.388279  0.120380  0.127430  0.729147  0.305264  0.303178  0.313162  0.316042  0.312682  0.303235  0.137920  0.272289  0.348215  0.402993  0.397491  0.703299  0.183995  0.427897  0.293657  0.653995  0.452129  0.319941  0.406041  0.400281  0.811410  0.245259  0.216598  0.186334  0.404584  0.355204  0.830394  0.195970  0.171564  0.212953  0.120094  0.595578  0.205747  0.320953  0.666478  0.186672  0.144101  0.154520 
