146
0 0.0  0.784686  0.803120  0.125186  0.183256  0.490633  0.131303  0.270488  0.359145  0.212858  0.086136  0.231875  0.190553  0.658442  0.349098  0.182765  0.572085  0.564748  0.189328  0.344665  0.159684  0.796400  0.252477  0.405818  0.736160  0.851288  0.247841  0.251852  0.228650  0.183303  0.250319  0.187100  0.193090  0.271016  0.718570  0.195127  0.211765  0.687412  0.198394  0.680548  0.634047  0.309759  0.091746  0.132445  0.649169  0.262579  0.194229  0.144098  0.238496  0.278270  0.137756  0.289495  0.086944  0.252166  0.471542  0.253338  0.241956  0.316406  0.421998  0.245735  0.242552  0.209606  0.269710  0.595848  0.251897  0.129543  0.134961  0.695404  0.823799  0.272488  0.124152  0.192867  0.252776  0.324188  0.249781  0.087492  0.160072  0.186413  0.145640  0.718735  0.285494  0.277193  0.743507  0.151166  0.183066  0.183592  0.278906  0.241560  0.615806  0.282132  0.251177  0.233179  0.469133  0.438544  0.106077  0.531432  0.239396  0.862096  0.274273  0.264913  0.266656  0.255365  0.236819  0.242866  0.199539  0.272814  0.275312  0.676178  0.139225  0.157930  0.186670  0.170140  0.181370  0.126469  0.278134  0.180379  0.459117  0.311271  0.193653  0.769324  0.251566  0.129905  0.202592  0.644260  0.130854  0.204493  0.167129  0.444571  0.789038  0.194896  0.232345  0.155554  0.409005  0.422194  0.780988  0.121162  0.255063  0.245624  0.223087  0.452106  0.282794  0.175997  0.694849  0.239386  0.257278  0.150445 
1  0.784686 0.0  0.190406  0.799193  0.729400  0.704806  0.682532  0.679259  0.822316  0.772616  0.734846  0.881663  0.763293  0.685613  0.787895  0.862048  0.693992  0.598353  0.830772  0.770779  0.658671  0.497344  0.737844  0.457518  0.731500  0.726587  0.896471  0.753727  0.849695  0.714921  0.724024  0.774804  0.873574  0.794636  0.529233  0.682140  0.784082  0.769270  0.880702  0.187502  0.593837  0.633878  0.749107  0.739589  0.636142  0.825319  0.674039  0.660510  0.852600  0.842852  0.828626  0.706416  0.833771  0.828103  0.762619  0.654449  0.771983  0.627288  0.459338  0.913870  0.840206  0.757922  0.814306  0.752053  0.823633  0.808094  0.712507  0.396811  0.890587  0.683680  0.785020  0.791499  0.922448  0.786578  0.791356  0.759616  0.740657  0.880680  0.740871  0.508337  0.780843  0.784246  0.721479  0.544862  0.811998  0.584454  0.611802  0.848269  0.635194  0.904466  0.706075  0.734170  0.874559  0.451880  0.742213  0.864054  0.888106  0.344019  0.901034  0.737662  0.819714  0.871575  0.825706  0.796682  0.841707  0.786688  0.803191  0.801854  0.735570  0.690491  0.822774  0.821717  0.684641  0.762369  0.838450  0.829432  0.432816  0.797315  0.824962  0.435759  0.684408  0.725713  0.794548  0.382841  0.781242  0.908519  0.762409  0.818356  0.760248  0.726370  0.889388  0.923537  0.758379  0.716859  0.803244  0.846106  0.914713  0.764269  0.656080  0.585067  0.760192  0.736709  0.692025  0.664764  0.765556  0.664860 
2  0.803120  0.190406 0.0  0.757601  0.659070  0.852848  0.678682  0.696953  0.693566  0.763754  0.797771  0.767096  0.708155  0.654814  0.729874  0.690762  0.686425  0.629929  0.728290  0.758683  0.840253  0.471460  0.779173  0.434926  0.718801  0.786891  0.719905  0.722359  0.798335  0.723734  0.669640  0.809160  0.806590  0.644002  0.467796  0.685016  0.777139  0.717636  0.723548  0.213427  0.793618  0.655709  0.820417  0.776814  0.871153  0.824775  0.788990  0.802435  0.847228  0.881536  0.693217  0.757843  0.789579  0.657201  0.790853  0.791169  0.769699  0.614465  0.455941  0.670797  0.758682  0.822621  0.752808  0.663431  0.792794  0.726329  0.892813  0.394734  0.660973  0.610058  0.751900  0.832832  0.656867  0.682987  0.663478  0.753193  0.740228  0.738762  0.738909  0.474065  0.772634  0.656539  0.892972  0.796853  0.799288  0.706393  0.671959  0.706750  0.591862  0.824191  0.858059  0.788875  0.769846  0.415922  0.651778  0.824588  0.820484  0.308102  0.838674  0.785397  0.683560  0.616795  0.767093  0.725952  0.712660  0.727937  0.760090  0.738911  0.700714  0.859998  0.876986  0.753717  0.882336  0.750581  0.766413  0.791767  0.444132  0.756980  0.830135  0.461916  0.644391  0.820163  0.635555  0.398297  0.822766  0.711824  0.702289  0.814453  0.756053  0.903109  0.773198  0.761279  0.702646  0.652173  0.664297  0.736047  0.866411  0.791652  0.804941  0.552572  0.708725  0.710796  0.758077  0.708422  0.722675  0.789852 
3  0.125186  0.799193  0.757601 0.0  0.175165  0.589285  0.088984  0.268477  0.370426  0.207115  0.137568  0.210146  0.197555  0.913304  0.312135  0.196020  0.600650  0.575405  0.180602  0.391499  0.159314  0.695414  0.260261  0.410361  0.670165  0.679184  0.207000  0.217330  0.269833  0.173105  0.220020  0.186367  0.211436  0.271645  0.745783  0.177717  0.272918  0.575380  0.184340  0.776331  0.718929  0.302568  0.123519  0.087621  0.722549  0.246772  0.205682  0.103479  0.266287  0.253372  0.141536  0.235368  0.131844  0.218460  0.467152  0.268243  0.242717  0.288314  0.438511  0.280327  0.235119  0.212176  0.251479  0.674719  0.237168  0.084058  0.087905  0.806421  0.847172  0.273456  0.138578  0.178653  0.267530  0.346538  0.258121  0.137972  0.178527  0.175596  0.156878  0.764976  0.236898  0.262853  0.878591  0.153154  0.168431  0.193512  0.291149  0.279963  0.621878  0.237050  0.288786  0.223943  0.424022  0.479784  0.142159  0.577271  0.221856  0.915539  0.261314  0.251142  0.230997  0.254328  0.267716  0.257503  0.179538  0.243672  0.234024  0.781836  0.083530  0.171954  0.175874  0.176325  0.200526  0.121336  0.246840  0.179208  0.374395  0.307080  0.177503  0.674966  0.280036  0.086754  0.171239  0.616292  0.125739  0.208501  0.149968  0.449446  0.735921  0.174026  0.259585  0.169485  0.364520  0.367956  0.808435  0.119520  0.235877  0.246980  0.197720  0.572778  0.281834  0.183264  0.703797  0.206102  0.262871  0.149047 
4  0.183256  0.729400  0.659070  0.175165 0.0  0.578694  0.197896  0.226691  0.325947  0.244060  0.172174  0.247722  0.202220  0.793754  0.318452  0.167829  0.719904  0.513459  0.197603  0.407840  0.154869  0.895058  0.262986  0.431023  0.677074  0.650836  0.246841  0.236412  0.245330  0.142907  0.261108  0.130907  0.191786  0.253390  0.674884  0.217939  0.220900  0.787775  0.143991  0.673100  0.592588  0.288398  0.161409  0.194369  0.748853  0.228281  0.198131  0.194844  0.245865  0.252126  0.208321  0.253640  0.162380  0.227236  0.459694  0.255523  0.269788  0.281134  0.503687  0.258941  0.256143  0.202658  0.249843  0.641374  0.254782  0.196385  0.185057  0.728605  0.892088  0.266853  0.174016  0.132703  0.288177  0.357900  0.259111  0.187979  0.131193  0.085605  0.144041  0.888966  0.284646  0.298702  0.702491  0.158965  0.175688  0.185099  0.287172  0.239071  0.510915  0.257543  0.291327  0.234447  0.505212  0.452735  0.185727  0.476880  0.257445  0.903458  0.240414  0.258776  0.292516  0.246614  0.224608  0.229077  0.199815  0.223840  0.238815  0.765050  0.196060  0.163560  0.194232  0.125025  0.087698  0.189813  0.269700  0.106496  0.426525  0.321288  0.194881  0.845874  0.261313  0.209135  0.144700  0.693255  0.166925  0.201141  0.164698  0.473189  0.758733  0.185737  0.259760  0.162665  0.366258  0.362076  0.708797  0.167365  0.234673  0.268597  0.228295  0.496448  0.302745  0.135572  0.669113  0.264080  0.236640  0.149917 
5  0.490633  0.704806  0.852848  0.589285  0.578694 0.0  0.526417  0.573242  0.555356  0.601257  0.474970  0.529628  0.559922  0.667188  0.542878  0.485103  0.722433  0.620208  0.474274  0.174083  0.549826  0.732782  0.545811  0.387642  0.773299  0.747592  0.547810  0.496893  0.512580  0.628505  0.538700  0.488182  0.464644  0.492863  0.737812  0.524494  0.539256  0.730988  0.470027  0.561198  0.764520  0.466758  0.514237  0.522820  0.743905  0.443508  0.587954  0.534959  0.494312  0.499101  0.522018  0.569977  0.510524  0.486008  0.484518  0.534937  0.582792  0.288990  0.484265  0.592036  0.482376  0.528832  0.572286  0.733148  0.533091  0.594040  0.604161  0.726340  0.903839  0.307942  0.556170  0.615060  0.606197  0.517008  0.474082  0.532706  0.498669  0.559978  0.452076  0.832302  0.532552  0.528500  0.767035  0.575137  0.534334  0.548691  0.270774  0.559622  0.630239  0.678117  0.538136  0.476640  0.126649  0.479855  0.571123  0.148623  0.523049  0.817727  0.569171  0.579705  0.580091  0.525537  0.620503  0.569006  0.564809  0.482497  0.604971  0.840996  0.529962  0.553393  0.573812  0.538125  0.512948  0.508459  0.587848  0.533728  0.401840  0.503407  0.527153  0.758067  0.505607  0.470866  0.504077  0.653621  0.610062  0.542408  0.535103  0.510167  0.847892  0.574623  0.594543  0.578313  0.445164  0.353396  0.839957  0.512089  0.547552  0.552081  0.523018  0.544682  0.562417  0.587035  0.599621  0.630129  0.545172  0.472391 
6  0.131303  0.682532  0.678682  0.088984  0.197896  0.526417 0.0  0.249850  0.393601  0.194937  0.138947  0.290213  0.233791  0.765705  0.303109  0.199059  0.662887  0.509637  0.210927  0.406271  0.159049  0.665027  0.269640  0.451561  0.673334  0.736705  0.263803  0.233739  0.245506  0.203034  0.237416  0.204135  0.178220  0.251948  0.690348  0.176077  0.193697  0.621497  0.181762  0.631792  0.783408  0.270472  0.124807  0.082405  0.645734  0.252687  0.202905  0.110246  0.242539  0.242821  0.118197  0.267073  0.150333  0.243784  0.522754  0.289319  0.258096  0.296477  0.449798  0.265783  0.229005  0.214230  0.206577  0.754149  0.255641  0.085077  0.085424  0.681870  0.775280  0.285685  0.145115  0.182309  0.269143  0.316450  0.270475  0.147710  0.162335  0.193518  0.153906  0.769970  0.234674  0.267051  0.844014  0.155112  0.163036  0.180871  0.290357  0.268622  0.578695  0.261640  0.273104  0.201040  0.493503  0.524830  0.146107  0.471824  0.240296  0.781944  0.243328  0.313338  0.271371  0.261365  0.225196  0.250041  0.173085  0.252214  0.296144  0.875713  0.087090  0.169203  0.179671  0.162318  0.205866  0.126855  0.257980  0.187125  0.471248  0.294151  0.178099  0.737608  0.296581  0.093267  0.190403  0.719785  0.123779  0.199106  0.185093  0.497916  0.712123  0.169526  0.260017  0.151037  0.380094  0.382867  0.769709  0.115851  0.270583  0.295627  0.224283  0.670703  0.245712  0.199158  0.755600  0.296003  0.255916  0.142553 
7  0.270488  0.679259  0.696953  0.268477  0.226691  0.573242  0.249850 0.0  0.346851  0.162186  0.273372  0.178437  0.186471  0.790058  0.358485  0.237250  0.765162  0.573338  0.204367  0.327584  0.233587  0.690011  0.134322  0.511293  0.800106  0.743479  0.086422  0.161889  0.143188  0.238514  0.164014  0.256518  0.268343  0.139758  0.782738  0.221296  0.107180  0.710599  0.268076  0.558638  0.675939  0.269216  0.246568  0.254553  0.741845  0.275829  0.237864  0.237432  0.136378  0.134535  0.227131  0.194298  0.268406  0.164027  0.466680  0.088028  0.200922  0.281010  0.354677  0.089465  0.236913  0.232049  0.086472  0.700840  0.140087  0.274211  0.227190  0.687719  0.783830  0.255219  0.232770  0.234929  0.130107  0.319498  0.141056  0.226932  0.256921  0.267039  0.137243  0.786001  0.073957  0.132653  0.822462  0.210183  0.251155  0.269655  0.310316  0.088003  0.648925  0.135642  0.138168  0.104408  0.446313  0.444790  0.273599  0.652480  0.073957  0.926477  0.138312  0.087824  0.143432  0.073957  0.145830  0.135694  0.300822  0.109556  0.073957  0.781966  0.256202  0.264320  0.232419  0.273878  0.244050  0.253155  0.146976  0.306190  0.440319  0.332006  0.281975  0.738719  0.135873  0.258552  0.258780  0.597950  0.278710  0.236275  0.235712  0.401347  0.773750  0.231736  0.086708  0.246080  0.346173  0.353437  0.815226  0.254658  0.146771  0.137513  0.154066  0.639430  0.107077  0.263790  0.696443  0.138898  0.142457  0.158256 
8  0.359145  0.822316  0.693566  0.370426  0.325947  0.555356  0.393601  0.346851 0.0  0.327920  0.362284  0.343920  0.329645  0.759239  0.103554  0.379488  0.756624  0.659054  0.330745  0.421750  0.334042  0.863190  0.350232  0.439552  0.755902  0.777842  0.365285  0.337276  0.354040  0.343990  0.313565  0.323040  0.328712  0.331079  0.795827  0.385275  0.330577  0.665898  0.370103  0.689910  0.755272  0.151147  0.332198  0.346231  0.627917  0.325245  0.374083  0.359816  0.374654  0.319969  0.351867  0.361782  0.363629  0.358320  0.422111  0.321202  0.313657  0.296888  0.415252  0.378886  0.350644  0.340472  0.352096  0.532959  0.384717  0.320188  0.331767  0.825659  0.726768  0.263090  0.340920  0.376322  0.359521  0.099433  0.362553  0.293752  0.338118  0.388080  0.284341  0.702712  0.345450  0.355511  0.681583  0.339057  0.370978  0.368138  0.293776  0.359914  0.555494  0.384314  0.321659  0.342358  0.516477  0.417371  0.344624  0.484756  0.360056  0.708476  0.362905  0.390890  0.404227  0.324679  0.380519  0.348449  0.417592  0.424022  0.390126  0.697950  0.383077  0.372895  0.331969  0.386252  0.312101  0.392729  0.338392  0.400506  0.410826  0.175358  0.355589  0.682365  0.368429  0.371522  0.383404  0.656620  0.337181  0.354278  0.361178  0.463323  0.729825  0.371716  0.341999  0.402456  0.358166  0.358546  0.725176  0.331123  0.368075  0.373050  0.314877  0.612566  0.401633  0.435433  0.723122  0.314708  0.354993  0.248943 
9  0.212858  0.772616  0.763754  0.207115  0.244060  0.601257  0.194937  0.162186  0.327920 0.0  0.249671  0.143634  0.199539  0.772354  0.359243  0.197267  0.699356  0.612032  0.185227  0.398805  0.245307  0.787822  0.145878  0.427010  0.693435  0.721870  0.150253  0.109179  0.168958  0.249966  0.144801  0.236116  0.231529  0.140053  0.717883  0.222238  0.140266  0.792367  0.231461  0.689594  0.601260  0.275462  0.209980  0.203039  0.677349  0.233136  0.231451  0.218381  0.151097  0.153678  0.247806  0.154836  0.211029  0.105224  0.454899  0.142494  0.136433  0.271202  0.426378  0.151090  0.210920  0.220834  0.160605  0.625918  0.148977  0.188026  0.222681  0.724585  0.723051  0.264568  0.241763  0.215250  0.153624  0.342170  0.152468  0.212577  0.233779  0.213691  0.146945  0.752588  0.161984  0.169465  0.724347  0.216715  0.255147  0.222322  0.303699  0.161201  0.542079  0.156522  0.162249  0.161937  0.457455  0.381977  0.229553  0.515297  0.158718  0.841808  0.150510  0.150483  0.147955  0.162350  0.162880  0.158780  0.248872  0.162459  0.153581  0.691196  0.272443  0.212609  0.201739  0.247749  0.204035  0.220262  0.128136  0.217061  0.444811  0.314334  0.233326  0.816759  0.146251  0.233039  0.241882  0.657073  0.234708  0.236460  0.233516  0.473099  0.680207  0.218854  0.151991  0.232124  0.384707  0.388694  0.726614  0.241610  0.157293  0.156923  0.104438  0.564751  0.166620  0.245706  0.629971  0.148422  0.143147  0.162422 
10  0.086136  0.734846  0.797771  0.137568  0.172174  0.474970  0.138947  0.273372  0.362284  0.249671 0.0  0.256848  0.200301  0.835687  0.335837  0.184423  0.641483  0.583193  0.214078  0.426515  0.160871  0.703472  0.256416  0.435774  0.748296  0.760495  0.268650  0.225427  0.312674  0.206025  0.248314  0.201034  0.196439  0.265254  0.785256  0.190010  0.205433  0.724579  0.197525  0.741828  0.738013  0.263545  0.093552  0.150017  0.708047  0.252504  0.189767  0.130536  0.247152  0.260834  0.136007  0.249359  0.082644  0.211142  0.465139  0.305600  0.238570  0.299667  0.450237  0.236950  0.262659  0.237290  0.274109  0.582280  0.282100  0.134612  0.139355  0.706813  0.771177  0.249065  0.146998  0.197078  0.245611  0.358120  0.236809  0.073957  0.183799  0.184253  0.145532  0.811821  0.254721  0.265181  0.695977  0.156550  0.179216  0.187997  0.280246  0.233613  0.584560  0.255500  0.274267  0.218024  0.462842  0.395307  0.104376  0.502593  0.276101  0.679263  0.279776  0.250559  0.270175  0.233179  0.279548  0.237884  0.200884  0.265289  0.257273  0.704430  0.147441  0.183722  0.205119  0.177158  0.187520  0.134200  0.252821  0.197033  0.450239  0.278248  0.181420  0.750502  0.272079  0.142586  0.196026  0.632524  0.123299  0.195044  0.163651  0.527218  0.731162  0.180213  0.264419  0.186606  0.405579  0.368798  0.756999  0.124883  0.270003  0.280868  0.236678  0.512021  0.283778  0.182860  0.792208  0.251007  0.293632  0.155947 
11  0.231875  0.881663  0.767096  0.210146  0.247722  0.529628  0.290213  0.178437  0.343920  0.143634  0.256848 0.0  0.203646  0.731419  0.282504  0.259384  0.723003  0.549112  0.211741  0.419224  0.241165  0.780863  0.176066  0.442131  0.719556  0.852889  0.168212  0.142027  0.156395  0.290299  0.125320  0.272777  0.247371  0.167769  0.714661  0.248080  0.162293  0.685816  0.236504  0.737401  0.680201  0.292536  0.249492  0.259886  0.745255  0.243794  0.275177  0.256716  0.178363  0.182411  0.235274  0.094689  0.265684  0.152879  0.412781  0.173552  0.091263  0.282264  0.471790  0.157828  0.242971  0.213674  0.184724  0.654020  0.185909  0.253523  0.211489  0.730666  0.915455  0.278426  0.248838  0.237109  0.168173  0.312850  0.184235  0.275483  0.263032  0.241046  0.141210  0.591498  0.182829  0.174073  0.734272  0.245275  0.261306  0.243597  0.278119  0.163690  0.575327  0.171311  0.184624  0.157594  0.550889  0.413710  0.267145  0.526581  0.176515  0.831473  0.189496  0.153646  0.172915  0.180784  0.158620  0.156558  0.233339  0.162051  0.166852  0.792656  0.238554  0.244314  0.255424  0.253658  0.237762  0.248037  0.159025  0.234381  0.410821  0.294999  0.249666  0.704449  0.184341  0.224923  0.235010  0.628489  0.249549  0.248709  0.246533  0.431302  0.875019  0.246594  0.191053  0.227930  0.366915  0.405322  0.747880  0.252154  0.192551  0.182994  0.168124  0.557946  0.169606  0.252766  0.663129  0.167340  0.165899  0.151043 
12  0.190553  0.763293  0.708155  0.197555  0.202220  0.559922  0.233791  0.186471  0.329645  0.199539  0.200301  0.203646 0.0  0.818452  0.308227  0.200074  0.663152  0.549535  0.126962  0.378436  0.194719  0.826951  0.207392  0.358168  0.765143  0.772721  0.197151  0.205096  0.221505  0.214192  0.215506  0.211520  0.204779  0.191607  0.706172  0.187357  0.192871  0.660368  0.199763  0.562496  0.735086  0.275632  0.209105  0.192532  0.738287  0.199320  0.197488  0.181015  0.209039  0.184383  0.218347  0.189637  0.204636  0.190755  0.458340  0.183150  0.193357  0.297198  0.483771  0.199208  0.194772  0.216118  0.203053  0.616647  0.203933  0.198261  0.191031  0.740701  0.739464  0.286817  0.149542  0.197807  0.206019  0.277989  0.215963  0.203204  0.179560  0.192998  0.145135  0.684015  0.200366  0.185623  0.730859  0.203246  0.178845  0.202971  0.287970  0.171788  0.659057  0.219475  0.211272  0.198007  0.482931  0.410477  0.190473  0.527041  0.205516  0.821005  0.224864  0.202067  0.201735  0.226834  0.202157  0.205449  0.191526  0.218729  0.188034  0.746662  0.207528  0.185550  0.182850  0.187897  0.209998  0.174923  0.196613  0.203942  0.448683  0.321754  0.200726  0.661006  0.217659  0.212830  0.196606  0.683528  0.189373  0.202791  0.189176  0.402753  0.726882  0.189618  0.203987  0.170578  0.377950  0.367676  0.763345  0.205946  0.214604  0.200268  0.213735  0.562044  0.222063  0.182031  0.766225  0.206203  0.221303  0.146557 
13  0.658442  0.685613  0.654814  0.913304  0.793754  0.667188  0.765705  0.790058  0.759239  0.772354  0.835687  0.731419  0.818452 0.0  0.790516  0.701352  0.729897  0.554892  0.779279  0.568878  0.681375  0.616173  0.720731  0.415724  0.764316  0.732222  0.804825  0.721554  0.717679  0.709262  0.834848  0.753727  0.629133  0.746784  0.786880  0.729559  0.869308  0.529264  0.868232  0.604356  0.672337  0.663167  0.765748  0.754881  0.161779  0.800446  0.626175  0.771294  0.701045  0.750701  0.787613  0.771356  0.828121  0.710297  0.604773  0.704482  0.660855  0.547650  0.361867  0.773995  0.666925  0.737705  0.709059  0.623948  0.733469  0.778757  0.792731  0.733855  0.751344  0.625848  0.781549  0.642242  0.760669  0.783468  0.728833  0.751919  0.693009  0.673660  0.860687  0.694528  0.612600  0.756248  0.836869  0.715292  0.670563  0.565120  0.572545  0.800173  0.597251  0.738281  0.788372  0.782736  0.729268  0.376165  0.730521  0.717062  0.762717  0.731455  0.727587  0.673925  0.760517  0.731395  0.647138  0.724385  0.688270  0.795490  0.768179  0.823990  0.756972  0.742732  0.672174  0.687999  0.826910  0.691521  0.782493  0.840612  0.444562  0.817472  0.541123  0.822426  0.689413  0.752872  0.739021  0.647623  0.765104  0.705574  0.883492  0.741265  0.433319  0.728877  0.686742  0.746536  0.685510  0.662367  0.705862  0.746730  0.753423  0.671893  0.727028  0.597742  0.704281  0.636127  0.709349  0.783210  0.646150  0.852604 
14  0.349098  0.787895  0.729874  0.312135  0.318452  0.542878  0.303109  0.358485  0.103554  0.359243  0.335837  0.282504  0.308227  0.790516 0.0  0.367241  0.825058  0.624880  0.312305  0.458468  0.334325  0.726228  0.329101  0.452573  0.586776  0.710130  0.366790  0.336643  0.346092  0.368454  0.343226  0.336890  0.365924  0.302590  0.773505  0.337401  0.341742  0.602463  0.376296  0.803012  0.647766  0.153502  0.317549  0.326455  0.902479  0.348927  0.318854  0.330936  0.357066  0.305303  0.318584  0.326586  0.388062  0.353970  0.454611  0.352798  0.389991  0.278901  0.460004  0.383909  0.330439  0.330805  0.406977  0.664260  0.346765  0.330434  0.337579  0.856408  0.757922  0.272297  0.360606  0.379260  0.380006  0.102910  0.384213  0.316484  0.329232  0.337638  0.249994  0.637679  0.374876  0.350702  0.731126  0.319239  0.321253  0.364885  0.275092  0.387030  0.585720  0.320658  0.330005  0.329794  0.516784  0.456827  0.350580  0.502650  0.385606  0.775291  0.383791  0.346104  0.345793  0.372861  0.382230  0.308657  0.312187  0.305816  0.351817  0.774500  0.337166  0.343452  0.368550  0.332177  0.305229  0.331820  0.384155  0.320525  0.395686  0.188946  0.319159  0.675517  0.306645  0.340834  0.381801  0.715371  0.369268  0.368210  0.327217  0.446566  0.735854  0.337111  0.339218  0.335219  0.382539  0.347963  0.776793  0.326979  0.332929  0.306465  0.274795  0.547235  0.313154  0.339449  0.625443  0.319765  0.318909  0.266478 
15  0.182765  0.862048  0.690762  0.196020  0.167829  0.485103  0.199059  0.237250  0.379488  0.197267  0.184423  0.259384  0.200074  0.701352  0.367241 0.0  0.619520  0.561716  0.206543  0.384381  0.101273  0.790339  0.296638  0.409696  0.773727  0.740395  0.266702  0.217418  0.230881  0.202734  0.239354  0.168915  0.086487  0.270123  0.884512  0.085570  0.195665  0.694918  0.190914  0.572241  0.677286  0.279814  0.191067  0.174657  0.729194  0.244620  0.087085  0.175287  0.253373  0.269350  0.168165  0.252511  0.196026  0.228646  0.420001  0.255160  0.275067  0.270354  0.396343  0.269519  0.248900  0.230668  0.293347  0.756374  0.260964  0.185852  0.193467  0.716480  0.725901  0.282537  0.178683  0.171504  0.236735  0.345645  0.279425  0.178469  0.161736  0.182375  0.137864  0.756251  0.266826  0.263170  0.850115  0.103482  0.094348  0.087485  0.293455  0.251577  0.511614  0.226277  0.258523  0.219178  0.535779  0.419761  0.196081  0.544668  0.264819  0.909802  0.269104  0.291720  0.248928  0.258315  0.254324  0.264425  0.086474  0.270795  0.240985  0.778476  0.204444  0.085711  0.087298  0.169951  0.189687  0.176057  0.246742  0.181615  0.396024  0.326346  0.086544  0.654707  0.240440  0.184355  0.188657  0.599248  0.185650  0.088242  0.093234  0.487812  0.877078  0.083343  0.252870  0.092386  0.422946  0.432138  0.828698  0.185221  0.226869  0.223109  0.240115  0.565959  0.263465  0.166408  0.650741  0.289058  0.274898  0.158012 
16  0.572085  0.693992  0.686425  0.600650  0.719904  0.722433  0.662887  0.765162  0.756624  0.699356  0.641483  0.723003  0.663152  0.729897  0.825058  0.619520 0.0  0.639200  0.673564  0.669457  0.653702  0.724698  0.601260  0.378158  0.660417  0.658614  0.687068  0.706519  0.622112  0.768436  0.684621  0.647192  0.736312  0.623660  0.672838  0.652651  0.557049  0.743411  0.739071  0.660069  0.604485  0.609936  0.650267  0.772168  0.555607  0.587437  0.695788  0.759149  0.712776  0.633982  0.761821  0.663648  0.689101  0.668555  0.708782  0.792307  0.753749  0.621680  0.409842  0.761608  0.705055  0.815383  0.789690  0.714986  0.589680  0.628340  0.652274  0.644632  0.774812  0.567262  0.701345  0.685599  0.727342  0.785015  0.708797  0.617928  0.690173  0.618615  0.777790  0.785040  0.637189  0.722632  0.592397  0.702934  0.697108  0.697931  0.529446  0.697878  0.293249  0.710664  0.648530  0.738398  0.734483  0.486149  0.762879  0.756201  0.732470  0.699595  0.751858  0.673283  0.735488  0.592891  0.722744  0.663965  0.618224  0.612736  0.671112  0.789867  0.634873  0.674837  0.695907  0.729875  0.769501  0.661797  0.664743  0.590731  0.412469  0.696990  0.663806  0.660565  0.589316  0.578506  0.677428  0.623732  0.749582  0.813947  0.594303  0.723609  0.712810  0.643982  0.663842  0.758674  0.673423  0.662809  0.713886  0.710221  0.657961  0.606279  0.665768  0.672515  0.651394  0.753732  0.691127  0.618609  0.727257  0.519528 
17  0.564748  0.598353  0.629929  0.575405  0.513459  0.620208  0.509637  0.573338  0.659054  0.612032  0.583193  0.549112  0.549535  0.554892  0.624880  0.561716  0.639200 0.0  0.635158  0.556884  0.580530  0.594431  0.535778  0.409226  0.575670  0.540367  0.625489  0.561094  0.634480  0.578398  0.635511  0.628087  0.562785  0.700012  0.514858  0.680750  0.643386  0.582998  0.645443  0.557698  0.548759  0.569450  0.591109  0.585170  0.635051  0.580691  0.618133  0.609644  0.556723  0.564732  0.576389  0.569776  0.670157  0.673799  0.593356  0.596991  0.640895  0.650666  0.454162  0.611843  0.602551  0.603351  0.714145  0.621837  0.655599  0.634070  0.572663  0.582402  0.568297  0.584211  0.603692  0.696666  0.633608  0.575515  0.561213  0.656032  0.519199  0.570122  0.625392  0.643791  0.676856  0.569544  0.657782  0.610707  0.567049  0.573469  0.516053  0.597051  0.544512  0.530751  0.596143  0.592740  0.549929  0.407668  0.591668  0.566864  0.642038  0.756525  0.633356  0.633288  0.540063  0.550156  0.533071  0.640905  0.593814  0.578448  0.673793  0.789164  0.706647  0.510836  0.651170  0.564622  0.634277  0.633099  0.644483  0.578746  0.378998  0.563132  0.556123  0.519393  0.576694  0.598900  0.638636  0.531545  0.617654  0.588162  0.673522  0.597445  0.541716  0.579661  0.488881  0.556333  0.610035  0.644897  0.619999  0.599698  0.597330  0.462234  0.467117  0.550452  0.615466  0.572200  0.605494  0.607148  0.548322  0.552545 
18  0.189328  0.830772  0.728290  0.180602  0.197603  0.474274  0.210927  0.204367  0.330745  0.185227  0.214078  0.211741  0.126962  0.779279  0.312305  0.206543  0.673564  0.635158 0.0  0.400534  0.212261  0.809541  0.189833  0.438586  0.854567  0.705469  0.194256  0.206732  0.203364  0.234759  0.194748  0.206156  0.213379  0.195757  0.639161  0.175285  0.184368  0.621548  0.206619  0.764635  0.686917  0.255130  0.193114  0.209768  0.693850  0.175558  0.198401  0.197848  0.193269  0.195969  0.216874  0.203944  0.220555  0.188814  0.497872  0.212982  0.200205  0.290675  0.422621  0.183381  0.178641  0.195035  0.182283  0.618009  0.193882  0.193997  0.220496  0.757348  0.884722  0.277356  0.187403  0.186797  0.159914  0.295848  0.209023  0.177519  0.204517  0.194296  0.141217  0.772044  0.188174  0.203612  0.726158  0.193724  0.183451  0.220005  0.301557  0.184318  0.631983  0.195826  0.211200  0.219328  0.477383  0.430815  0.195033  0.485580  0.174730  0.755117  0.222191  0.196568  0.205088  0.205719  0.207496  0.211946  0.204677  0.181595  0.202429  0.761159  0.197158  0.212470  0.205731  0.192748  0.200485  0.211159  0.208503  0.194373  0.446591  0.295365  0.203605  0.764616  0.196909  0.184874  0.180394  0.681865  0.213036  0.196392  0.186000  0.431546  0.766306  0.197104  0.201045  0.201765  0.396144  0.423599  0.688665  0.196594  0.180761  0.194538  0.185773  0.661675  0.193939  0.193349  0.617059  0.184940  0.190427  0.146912 
19  0.344665  0.770779  0.758683  0.391499  0.407840  0.174083  0.406271  0.327584  0.421750  0.398805  0.426515  0.419224  0.378436  0.568878  0.458468  0.384381  0.669457  0.556884  0.400534 0.0  0.393295  0.687156  0.425357  0.373751  0.641194  0.596923  0.403900  0.320552  0.407294  0.390152  0.443437  0.372835  0.397754  0.329857  0.616342  0.384994  0.356414  0.688133  0.385263  0.582840  0.779044  0.480194  0.385912  0.438700  0.730296  0.358179  0.348476  0.396740  0.382060  0.378875  0.366877  0.393757  0.414697  0.358689  0.388498  0.346375  0.339998  0.285101  0.358944  0.354492  0.363385  0.372729  0.427314  0.683153  0.373495  0.336534  0.372049  0.712477  0.745451  0.271596  0.385347  0.433322  0.390753  0.373857  0.399148  0.330512  0.398850  0.399037  0.415024  0.734101  0.360973  0.385000  0.681446  0.442490  0.404298  0.393154  0.256334  0.441454  0.615081  0.423495  0.336009  0.355571  0.199269  0.389849  0.373275  0.195940  0.375058  0.820591  0.374816  0.383591  0.428378  0.348126  0.371695  0.398054  0.424274  0.381484  0.416537  0.801937  0.359909  0.359054  0.378891  0.381656  0.388119  0.352023  0.332812  0.420303  0.436910  0.351044  0.342044  0.661941  0.408410  0.393127  0.392359  0.682353  0.406362  0.409273  0.380036  0.372463  0.736767  0.417609  0.339612  0.389238  0.368254  0.393301  0.702956  0.357583  0.341823  0.366636  0.326741  0.526735  0.372272  0.375286  0.587030  0.420284  0.406213  0.431479 
20  0.159684  0.658671  0.840253  0.159314  0.154869  0.549826  0.159049  0.233587  0.334042  0.245307  0.160871  0.241165  0.194719  0.681375  0.334325  0.101273  0.653702  0.580530  0.212261  0.393295 0.0  0.598849  0.233547  0.433900  0.800655  0.649168  0.225522  0.228568  0.222299  0.142409  0.249359  0.158856  0.108015  0.216993  0.788142  0.108994  0.228638  0.745072  0.142044  0.604267  0.770528  0.258332  0.154482  0.152687  0.650517  0.232882  0.102448  0.143352  0.228997  0.218277  0.152475  0.222093  0.147496  0.232033  0.425406  0.217891  0.226222  0.270121  0.481030  0.212665  0.241530  0.226787  0.244877  0.533060  0.228764  0.147396  0.150786  0.683116  0.811173  0.265441  0.149687  0.153870  0.256471  0.310872  0.217981  0.151891  0.142685  0.142965  0.161354  0.759678  0.258776  0.227141  0.788603  0.102440  0.107844  0.100584  0.273113  0.242559  0.697820  0.245909  0.219277  0.204463  0.448787  0.417963  0.146681  0.539001  0.198546  0.737111  0.243981  0.223903  0.240887  0.223946  0.245130  0.214595  0.102483  0.236117  0.227749  0.735414  0.146582  0.103466  0.105183  0.161616  0.160962  0.153419  0.249687  0.148485  0.387867  0.341427  0.106845  0.678243  0.220454  0.155087  0.159951  0.834266  0.163301  0.105223  0.104940  0.460886  0.780471  0.108154  0.206486  0.104311  0.411916  0.384133  0.752780  0.159687  0.227252  0.235417  0.208115  0.542805  0.232083  0.152350  0.663308  0.208611  0.186996  0.140175 
21  0.796400  0.497344  0.471460  0.695414  0.895058  0.732782  0.665027  0.690011  0.863190  0.787822  0.703472  0.780863  0.826951  0.616173  0.726228  0.790339  0.724698  0.594431  0.809541  0.687156  0.598849 0.0  0.885323  0.447696  0.799878  0.801446  0.754663  0.705510  0.699524  0.899467  0.733934  0.680458  0.670693  0.784694  0.120133  0.806182  0.632438  0.579002  0.800753  0.404973  0.721882  0.823544  0.709484  0.746760  0.680473  0.770177  0.737481  0.714524  0.748611  0.726306  0.761158  0.684501  0.599204  0.872664  0.769718  0.745796  0.706409  0.527058  0.433227  0.657160  0.887137  0.716984  0.967256  0.558590  0.739972  0.811051  0.716536  0.168718  0.911643  0.590654  0.705199  0.700757  0.847630  0.697170  0.771303  0.661568  0.718611  0.680961  0.596877  0.306312  0.701493  0.785570  0.741370  0.802840  0.639129  0.830301  0.575544  0.790081  0.532061  0.868390  0.694452  0.745300  0.755985  0.371172  0.781799  0.673967  0.828627  0.554528  0.751273  0.630489  0.652575  0.735546  0.747282  0.662615  0.807948  0.802524  0.784368  0.674500  0.729735  0.763769  0.757674  0.745453  0.738325  0.659438  0.839020  0.829126  0.390099  0.734056  0.759893  0.159215  0.820809  0.814281  0.770524  0.330912  0.866774  0.698568  0.729305  0.777054  0.873939  0.731085  0.919120  0.797819  0.643774  0.734944  0.756973  0.907444  0.749619  0.717910  0.783816  0.621527  0.689663  0.663483  0.634231  0.769857  0.725650  0.686764 
22  0.252477  0.737844  0.779173  0.260261  0.262986  0.545811  0.269640  0.134322  0.350232  0.145878  0.256416  0.176066  0.207392  0.720731  0.329101  0.296638  0.601260  0.535778  0.189833  0.425357  0.233547  0.885323 0.0  0.449155  0.753387  0.724834  0.133112  0.155574  0.135334  0.220365  0.164044  0.268867  0.235300  0.139943  0.703608  0.243923  0.104587  0.668808  0.266737  0.513243  0.703435  0.275543  0.270208  0.258253  0.698475  0.208119  0.263820  0.276318  0.137798  0.147689  0.249706  0.185143  0.274649  0.146009  0.456415  0.129323  0.169236  0.312366  0.461099  0.134073  0.271906  0.215461  0.140458  0.848708  0.139017  0.225108  0.221499  0.778284  0.777084  0.281724  0.293495  0.262301  0.136462  0.312091  0.131663  0.260188  0.237087  0.239478  0.146825  0.689028  0.142218  0.129369  0.753962  0.257870  0.236745  0.229144  0.267879  0.142735  0.579611  0.117092  0.133113  0.110610  0.487231  0.495614  0.267315  0.589744  0.139169  0.924121  0.136353  0.134900  0.123632  0.147207  0.127289  0.128868  0.260939  0.137326  0.125818  0.815736  0.260046  0.249209  0.261740  0.256006  0.295290  0.247230  0.144253  0.301980  0.453530  0.319573  0.251080  0.724569  0.133602  0.246335  0.280117  0.547511  0.241461  0.262798  0.287817  0.484040  0.661852  0.283620  0.137464  0.209551  0.337453  0.436622  0.704675  0.232098  0.133466  0.127877  0.162196  0.643432  0.133733  0.247356  0.750354  0.136629  0.107931  0.144369 
23  0.405818  0.457518  0.434926  0.410361  0.431023  0.387642  0.451561  0.511293  0.439552  0.427010  0.435774  0.442131  0.358168  0.415724  0.452573  0.409696  0.378158  0.409226  0.438586  0.373751  0.433900  0.447696  0.449155 0.0  0.424952  0.432951  0.406219  0.429376  0.397035  0.446923  0.452999  0.419030  0.397272  0.404238  0.441094  0.446952  0.427086  0.393993  0.446865  0.438808  0.436472  0.347404  0.407835  0.430058  0.472528  0.391353  0.335348  0.458319  0.442220  0.426593  0.465762  0.439871  0.425305  0.408685  0.423176  0.425901  0.463095  0.461117  0.398015  0.429297  0.444160  0.405222  0.372956  0.414865  0.460626  0.420368  0.449867  0.439381  0.442991  0.402433  0.394154  0.414858  0.458316  0.438929  0.390738  0.404615  0.404057  0.389362  0.388156  0.447082  0.419314  0.445373  0.465308  0.439024  0.367265  0.483533  0.411163  0.444526  0.380739  0.400972  0.468305  0.449969  0.354940  0.489075  0.410253  0.364040  0.438098  0.446563  0.382934  0.447835  0.399436  0.416941  0.409977  0.360721  0.384348  0.498580  0.451796  0.764291  0.403678  0.389452  0.322952  0.419180  0.412443  0.455600  0.405355  0.403905  0.451405  0.383099  0.407933  0.409470  0.378208  0.469783  0.449992  0.418247  0.477126  0.461192  0.486938  0.413428  0.396801  0.380237  0.471055  0.467796  0.429730  0.403113  0.379154  0.443832  0.455377  0.449128  0.450181  0.357496  0.428813  0.451020  0.424515  0.455874  0.365854  0.419354 
24  0.736160  0.731500  0.718801  0.670165  0.677074  0.773299  0.673334  0.800106  0.755902  0.693435  0.748296  0.719556  0.765143  0.764316  0.586776  0.773727  0.660417  0.575670  0.854567  0.641194  0.800655  0.799878  0.753387  0.424952 0.0  0.073957  0.698065  0.678410  0.628886  0.682118  0.667033  0.633475  0.686722  0.815711  0.674756  0.690104  0.791192  0.342286  0.769421  0.568718  0.395081  0.809623  0.691089  0.808755  0.778670  0.778827  0.753482  0.788265  0.807226  0.832074  0.884498  0.711064  0.624657  0.708430  0.657073  0.762592  0.657435  0.528383  0.453851  0.669578  0.778501  0.633920  0.772656  0.757382  0.731732  0.625010  0.738938  0.742280  0.793279  0.523114  0.641921  0.705054  0.785672  0.660386  0.732568  0.628509  0.823206  0.775309  0.763797  0.691523  0.815809  0.730383  0.748804  0.747065  0.664750  0.789424  0.608127  0.702775  0.651584  0.805667  0.803132  0.687083  0.644795  0.382018  0.710495  0.594089  0.824333  0.745560  0.699133  0.748940  0.651564  0.789140  0.706587  0.730720  0.761953  0.873245  0.746772  0.741113  0.813689  0.903655  0.807364  0.782001  0.583737  0.681342  0.732393  0.810082  0.397385  0.556522  0.843624  0.759467  0.773887  0.772015  0.700988  0.713739  0.641926  0.721490  0.770625  0.581851  0.811608  0.688334  0.643454  0.751913  0.628306  0.678268  0.668626  0.759505  0.787188  0.738373  0.627283  0.304517  0.658119  0.753364  0.645708  0.782519  0.706322  0.762823 
25  0.851288  0.726587  0.786891  0.679184  0.650836  0.747592  0.736705  0.743479  0.777842  0.721870  0.760495  0.852889  0.772721  0.732222  0.710130  0.740395  0.658614  0.540367  0.705469  0.596923  0.649168  0.801446  0.724834  0.432951  0.073957 0.0  0.644147  0.721375  0.795625  0.659541  0.758352  0.778261  0.688498  0.793103  0.805093  0.663083  0.751657  0.399618  0.691014  0.583683  0.447498  0.804716  0.747465  0.721209  0.731307  0.750765  0.822187  0.810904  0.659930  0.673442  0.795259  0.778668  0.786273  0.634008  0.749115  0.802957  0.679877  0.738272  0.431907  0.716656  0.746208  0.667440  0.795944  0.709982  0.762801  0.744054  0.709105  0.651934  0.740982  0.621820  0.769144  0.854132  0.714001  0.635725  0.800512  0.683015  0.698932  0.805026  0.775292  0.733891  0.702594  0.869072  0.790384  0.727507  0.657674  0.662842  0.644255  0.752470  0.619326  0.711857  0.749118  0.707861  0.727787  0.509969  0.627557  0.651573  0.790000  0.683677  0.766345  0.719909  0.881478  0.674873  0.681948  0.766359  0.657416  0.637097  0.842367  0.765468  0.750975  0.710778  0.767824  0.734543  0.707927  0.682538  0.777562  0.825441  0.410061  0.812941  0.770495  0.669603  0.625013  0.751835  0.839815  0.602989  0.660417  0.732410  0.634602  0.747854  0.676923  0.774199  0.629806  0.771239  0.691395  0.552684  0.763358  0.739489  0.724039  0.764547  0.605754  0.278260  0.772117  0.783257  0.701611  0.666323  0.760938  0.734219 
26  0.247841  0.896471  0.719905  0.207000  0.246841  0.547810  0.263803  0.086422  0.365285  0.150253  0.268650  0.168212  0.197151  0.804825  0.366790  0.266702  0.687068  0.625489  0.194256  0.403900  0.225522  0.754663  0.133112  0.406219  0.698065  0.644147 0.0  0.157970  0.125721  0.276401  0.190836  0.237009  0.266161  0.132141  0.850592  0.268752  0.101673  0.704870  0.265021  0.717482  0.588110  0.241646  0.242310  0.286124  0.758103  0.252445  0.300482  0.254158  0.148753  0.140789  0.239862  0.168495  0.258376  0.155383  0.425845  0.086650  0.208213  0.303799  0.476518  0.087585  0.229131  0.236475  0.087037  0.686504  0.138498  0.286536  0.269215  0.619414  0.887562  0.293740  0.254091  0.254486  0.138317  0.371780  0.145743  0.248621  0.259154  0.244204  0.152536  0.699766  0.088376  0.141132  0.733783  0.223188  0.263531  0.264359  0.272698  0.073957  0.698343  0.142117  0.135412  0.107340  0.508911  0.422662  0.259076  0.509920  0.087791  0.761194  0.124317  0.085051  0.134385  0.087246  0.134158  0.128163  0.229862  0.115117  0.087189  0.829964  0.252226  0.242940  0.262365  0.257029  0.228702  0.242174  0.128786  0.243444  0.448100  0.320341  0.227239  0.753276  0.123943  0.231721  0.254031  0.735541  0.236301  0.261599  0.216225  0.437931  0.720883  0.268672  0.084546  0.212790  0.454790  0.416060  0.785434  0.223950  0.135544  0.130069  0.154501  0.510170  0.099392  0.267851  0.765286  0.133406  0.123129  0.150253 
