146
0 0.0  0.761654  0.846338  0.201921  0.334224  0.659495  0.084875  0.371524  0.358701  0.198219  0.158220  0.298900  0.161406  0.846077  0.360893  0.239878  0.790529  0.626585  0.253765  0.319258  0.220265  0.831565  0.318670  0.406996  0.776107  0.769850  0.333189  0.336206  0.320078  0.269578  0.357550  0.260252  0.204890  0.250828  0.773359  0.313739  0.249530  0.793202  0.201261  0.692561  0.679549  0.301363  0.071810  0.150854  0.746263  0.294032  0.313019  0.076124  0.354866  0.339476  0.171480  0.290451  0.188963  0.289488  0.517016  0.330801  0.352836  0.219547  0.427029  0.336671  0.302487  0.216980  0.338999  0.746856  0.307420  0.147581  0.071810  0.722163  0.859418  0.223992  0.125000  0.298672  0.393226  0.418089  0.263517  0.145579  0.154671  0.262992  0.212077  0.785729  0.371463  0.316318  0.752469  0.234305  0.191135  0.300609  0.410818  0.350065  0.651923  0.342213  0.412180  0.335885  0.501844  0.514807  0.163114  0.706752  0.329735  0.707525  0.268979  0.314555  0.368384  0.266574  0.302838  0.359780  0.252869  0.276424  0.303268  0.643971  0.186947  0.242461  0.267783  0.147870  0.190119  0.169418  0.336554  0.195712  0.547831  0.385114  0.183169  0.883978  0.351203  0.131971  0.173360  0.741433  0.141052  0.116268  0.192910  0.427317  0.757307  0.304202  0.330456  0.204237  0.317146  0.460794  0.824618  0.152426  0.282818  0.309857  0.248369  0.596330  0.370633  0.298241  0.796458  0.331143  0.306857  0.182344 
1  0.761654 0.0  0.237062  0.779949  0.824174  0.920175  0.855606  0.814792  0.844685  0.775679  0.858644  0.853480  0.803533  0.776031  0.841844  0.834064  0.718821  0.619697  0.779184  0.703441  0.812437  0.534310  0.780636  0.476801  0.761637  0.809730  0.722062  0.824629  0.827240  0.902156  0.755879  0.813728  0.853599  0.838486  0.555338  0.775389  0.840044  0.702920  0.800781  0.174591  0.715988  0.759113  0.939490  0.823256  0.635196  0.873685  0.881168  0.820321  0.880043  0.911681  0.797468  0.839221  0.835847  0.845121  0.791459  0.896034  0.799559  0.676310  0.472442  0.853804  0.925715  0.855803  0.683472  0.710156  0.731979  0.861501  0.844739  0.444260  0.777665  0.697121  0.832859  0.821381  0.867296  0.808114  0.855836  0.762199  0.799009  0.881098  0.815602  0.478327  0.866163  0.806949  0.759492  0.757324  0.838968  0.804078  0.688342  0.795743  0.584564  0.835705  0.768563  0.871955  0.919084  0.539651  0.823092  0.852269  0.851896  0.391770  0.946130  0.839382  0.738927  0.876742  0.930372  0.836466  0.871939  0.895643  0.802997  0.678060  0.753154  0.776845  0.862098  0.817688  0.814147  0.779502  0.846461  0.815452  0.437922  0.778647  0.892299  0.515659  0.792349  0.899390  0.821664  0.338325  0.851195  0.847367  0.775317  0.734403  0.775377  0.917286  0.767800  0.949153  0.716642  0.651439  0.806598  0.883546  0.722434  0.886772  0.870909  0.662776  0.890023  0.840880  0.711729  0.822820  0.921813  0.754752 
2  0.846338  0.237062 0.0  0.842919  0.801144  0.875580  0.800741  0.713447  0.812281  0.804912  0.828700  0.832721  0.829865  0.733049  0.826830  0.787563  0.706833  0.610345  0.800639  0.635128  0.826311  0.549789  0.867958  0.321954  0.694750  0.787228  0.847559  0.798449  0.832462  0.755037  0.923702  0.811169  0.870307  0.741834  0.575763  0.900963  0.779400  0.759804  0.878556  0.199964  0.709521  0.785287  0.861644  0.768335  0.790357  0.845443  0.776957  0.864958  0.856867  0.859248  0.887145  0.802157  0.807849  0.815170  0.814132  0.771584  0.809759  0.643445  0.499369  0.800288  0.888493  0.773459  0.858909  0.690579  0.741991  0.889310  0.730021  0.525520  0.837671  0.726706  0.749493  0.886526  0.858579  0.829945  0.766464  0.829184  0.799403  0.772429  0.861998  0.564432  0.847280  0.882292  0.728831  0.750341  0.816915  0.785129  0.500119  0.790842  0.538427  0.838460  0.823396  0.793088  0.851520  0.396999  0.857120  0.766506  0.808030  0.309322  0.793474  0.867833  0.897303  0.662003  0.768132  0.769410  0.791052  0.860599  0.869678  0.688989  0.906206  0.777220  0.859772  0.777094  0.853112  0.837995  0.775270  0.770809  0.473765  0.858906  0.759889  0.496542  0.821624  0.808131  0.817251  0.404735  0.757839  0.784251  0.766594  0.700288  0.792737  0.848626  0.788857  0.792375  0.817180  0.831517  0.836704  0.761241  0.859264  0.899468  0.785998  0.625793  0.872050  0.913807  0.795700  0.836065  0.781843  0.760394 
3  0.201921  0.779949  0.842919 0.0  0.196474  0.674462  0.101323  0.382496  0.367447  0.309014  0.165418  0.236325  0.431519  0.798819  0.410588  0.139737  0.687204  0.641479  0.186889  0.503957  0.187816  0.882081  0.307815  0.432454  0.757277  0.739025  0.288904  0.276527  0.356936  0.200503  0.269153  0.288209  0.256361  0.397437  0.890267  0.237649  0.390545  0.644560  0.234444  0.665721  0.644075  0.278516  0.252761  0.097609  0.746476  0.227092  0.215417  0.081922  0.268598  0.165949  0.176278  0.398008  0.206348  0.191988  0.506434  0.323249  0.382151  0.199146  0.417868  0.352824  0.254613  0.301762  0.333356  0.792674  0.355196  0.071810  0.121485  0.713593  0.886045  0.321681  0.246965  0.287634  0.275112  0.437650  0.302083  0.195540  0.211223  0.129398  0.197908  0.818695  0.282004  0.301868  0.709642  0.250920  0.333689  0.206139  0.225620  0.297133  0.702070  0.372065  0.389228  0.181830  0.548509  0.424595  0.132500  0.556596  0.361616  0.827628  0.285840  0.318856  0.342411  0.413260  0.369991  0.316013  0.301573  0.308597  0.238012  0.825130  0.156831  0.278428  0.210624  0.181869  0.245330  0.090073  0.303512  0.128800  0.515790  0.361915  0.258639  0.794673  0.293483  0.071810  0.249080  0.810904  0.159784  0.210564  0.211690  0.397119  0.776575  0.245242  0.398477  0.175241  0.424501  0.431776  0.817912  0.238160  0.253656  0.417701  0.284080  0.561869  0.314278  0.134418  0.788684  0.467332  0.283408  0.302179 
4  0.334224  0.824174  0.801144  0.196474 0.0  0.683183  0.288623  0.345052  0.405143  0.311355  0.250335  0.282978  0.280588  0.659359  0.464206  0.199154  0.779426  0.598461  0.235064  0.436506  0.071810  0.758050  0.365800  0.435411  0.834381  0.843792  0.286052  0.241099  0.354928  0.193108  0.232024  0.207640  0.297331  0.339946  0.791809  0.270236  0.292853  0.762386  0.106637  0.775920  0.850761  0.334140  0.169826  0.225032  0.671423  0.208095  0.344191  0.252753  0.309866  0.413347  0.213371  0.323523  0.176946  0.300086  0.515357  0.299907  0.382399  0.348062  0.356950  0.334119  0.271782  0.241983  0.295023  0.760411  0.320990  0.258496  0.257306  0.803326  0.817713  0.352834  0.338458  0.088819  0.244237  0.445948  0.346769  0.229017  0.185794  0.115511  0.180926  0.748646  0.378353  0.296198  0.836678  0.237913  0.180295  0.223737  0.277866  0.257640  0.617534  0.295810  0.252841  0.271624  0.475036  0.423380  0.276874  0.673034  0.324732  0.827611  0.353317  0.263418  0.291117  0.291014  0.298195  0.356337  0.299246  0.330971  0.420124  0.692993  0.237647  0.241985  0.230486  0.193437  0.203790  0.245767  0.281961  0.071810  0.544288  0.349502  0.210188  0.801660  0.372001  0.224376  0.185483  0.844489  0.144770  0.277830  0.186291  0.574831  0.839384  0.213954  0.312582  0.165516  0.434476  0.438321  0.759386  0.203740  0.393710  0.334210  0.347352  0.585639  0.340299  0.160139  0.894046  0.369383  0.382369  0.153619 
5  0.659495  0.920175  0.875580  0.674462  0.683183 0.0  0.551800  0.584702  0.695838  0.537718  0.618298  0.525861  0.500304  0.766804  0.658885  0.628979  0.769468  0.705301  0.519204  0.270610  0.672284  0.797801  0.694369  0.324331  0.769202  0.749079  0.716627  0.658020  0.638757  0.598504  0.626185  0.563871  0.686470  0.622974  0.801718  0.737902  0.577211  0.805324  0.603331  0.682042  0.728004  0.492833  0.634209  0.635857  0.798186  0.702797  0.621109  0.603610  0.637738  0.704881  0.617392  0.683282  0.683551  0.547706  0.524966  0.590837  0.603138  0.339451  0.441891  0.642528  0.613153  0.549530  0.587312  0.787048  0.634815  0.607448  0.654960  0.833009  0.846748  0.350105  0.579038  0.610949  0.564528  0.640263  0.618022  0.529587  0.553115  0.563265  0.442158  0.850509  0.655761  0.630983  0.832764  0.589242  0.571782  0.611205  0.334531  0.549208  0.569028  0.581744  0.629936  0.590184  0.175080  0.425179  0.584540  0.234287  0.712652  0.877678  0.656716  0.766138  0.640878  0.682041  0.667390  0.649416  0.658902  0.598926  0.616456  0.784794  0.548757  0.647424  0.617653  0.522489  0.600808  0.548614  0.563841  0.597374  0.380920  0.524083  0.647829  0.832178  0.659220  0.598928  0.650802  0.643871  0.545455  0.748348  0.613458  0.519863  0.864575  0.741869  0.588187  0.571568  0.462072  0.482342  0.924085  0.667042  0.637575  0.711662  0.598932  0.545044  0.606280  0.649414  0.670627  0.696875  0.681520  0.395960 
6  0.084875  0.855606  0.800741  0.101323  0.288623  0.551800 0.0  0.417099  0.419839  0.274346  0.145052  0.238173  0.227207  0.798415  0.369782  0.246610  0.666534  0.576818  0.238270  0.345248  0.167814  0.781714  0.298473  0.455907  0.862458  0.793001  0.340394  0.260656  0.385541  0.245852  0.347628  0.223385  0.191544  0.370606  0.794864  0.174869  0.275724  0.732599  0.258811  0.728559  0.708052  0.321453  0.192759  0.071810  0.740892  0.392360  0.218805  0.106503  0.316112  0.373526  0.195501  0.324795  0.148659  0.242181  0.533973  0.323149  0.346048  0.332255  0.457528  0.466817  0.233832  0.229810  0.202180  0.811637  0.310157  0.103925  0.114881  0.759314  0.907731  0.261544  0.298111  0.197564  0.307464  0.369531  0.353848  0.286781  0.244253  0.261296  0.145902  0.809762  0.338475  0.254588  0.802595  0.245597  0.211987  0.344111  0.404254  0.305688  0.552377  0.360299  0.369731  0.300380  0.472891  0.479545  0.225364  0.682706  0.299541  0.948269  0.380467  0.336206  0.293642  0.375348  0.345024  0.298760  0.177822  0.346655  0.363340  0.745330  0.088633  0.158126  0.248542  0.173852  0.206792  0.113405  0.440150  0.211728  0.396562  0.364982  0.245515  0.772501  0.365682  0.118724  0.196191  0.670280  0.157063  0.268835  0.160251  0.424071  0.821011  0.262921  0.322200  0.165814  0.510728  0.480926  0.816507  0.114017  0.411187  0.380116  0.289797  0.656976  0.283301  0.185758  0.682108  0.252972  0.339087  0.123439 
7  0.371524  0.814792  0.713447  0.382496  0.345052  0.584702  0.417099 0.0  0.374361  0.235669  0.354226  0.150311  0.260723  0.784277  0.381960  0.366036  0.664583  0.597959  0.167906  0.391445  0.322563  0.785154  0.134426  0.467211  0.817989  0.757165  0.074485  0.159857  0.147294  0.255142  0.223461  0.338390  0.318763  0.184243  0.902921  0.310019  0.157728  0.720954  0.300875  0.634830  0.638461  0.371400  0.273343  0.305551  0.809682  0.378810  0.275583  0.265446  0.196568  0.197990  0.268053  0.220762  0.343378  0.151990  0.463509  0.108575  0.152015  0.282206  0.354230  0.071810  0.259917  0.292075  0.071810  0.759602  0.106014  0.402107  0.504409  0.733391  0.874413  0.309588  0.302340  0.256136  0.188761  0.444335  0.266432  0.329605  0.311644  0.274621  0.167392  0.772711  0.072781  0.221304  0.770231  0.283034  0.406001  0.353512  0.366142  0.071810  0.630906  0.219911  0.171903  0.082355  0.538495  0.523152  0.276220  0.697868  0.097242  0.847838  0.241494  0.071810  0.187934  0.071810  0.175950  0.171882  0.374264  0.143660  0.071810  0.702994  0.350587  0.351650  0.258642  0.270359  0.250996  0.316129  0.112949  0.281723  0.465816  0.402259  0.270369  0.735572  0.187245  0.260880  0.315214  0.655313  0.347951  0.377262  0.347435  0.499935  0.858372  0.280130  0.159868  0.275667  0.467736  0.516882  0.776296  0.276947  0.071810  0.211679  0.200272  0.616224  0.123587  0.324218  0.722613  0.102589  0.125250  0.155371 
8  0.358701  0.844685  0.812281  0.367447  0.405143  0.695838  0.419839  0.374361 0.0  0.402949  0.505183  0.472523  0.452739  0.847828  0.132513  0.424439  0.894062  0.570881  0.379790  0.448109  0.431000  0.827626  0.437071  0.436856  0.715453  0.823509  0.452148  0.364387  0.263914  0.470137  0.445021  0.451740  0.449724  0.421314  0.787371  0.445340  0.380300  0.735571  0.354406  0.711633  0.663367  0.172860  0.530721  0.459026  0.854674  0.491924  0.462210  0.396833  0.331035  0.415129  0.451232  0.484899  0.413195  0.402748  0.597333  0.459629  0.442258  0.271537  0.350750  0.463299  0.496727  0.432574  0.504775  0.796438  0.501679  0.429135  0.435955  0.735565  0.844341  0.317300  0.450556  0.390064  0.522581  0.217938  0.419611  0.418330  0.409610  0.288488  0.364794  0.886818  0.356562  0.502522  0.701386  0.388128  0.453223  0.366722  0.256761  0.418672  0.593524  0.541371  0.483523  0.381617  0.498116  0.470290  0.533833  0.641995  0.446315  0.840884  0.522612  0.482918  0.397428  0.427040  0.537367  0.370601  0.336627  0.409870  0.407985  0.723150  0.468343  0.499901  0.546352  0.417673  0.391152  0.390219  0.405474  0.496332  0.439541  0.192218  0.472564  0.755897  0.419381  0.428985  0.465779  0.742253  0.411675  0.414735  0.470081  0.467322  0.749006  0.373943  0.496142  0.492183  0.422866  0.419803  0.811657  0.439120  0.460369  0.368508  0.398913  0.607619  0.431968  0.414296  0.756802  0.438120  0.405188  0.313581 
9  0.198219  0.775679  0.804912  0.309014  0.311355  0.537718  0.274346  0.235669  0.402949 0.0  0.272254  0.219700  0.281521  0.781950  0.396395  0.272437  0.770684  0.625349  0.220138  0.487820  0.183892  0.871099  0.269073  0.405831  0.855317  0.721805  0.130508  0.077149  0.122427  0.230161  0.151504  0.326918  0.289420  0.239144  0.883807  0.339201  0.208807  0.785387  0.216134  0.724245  0.757431  0.310665  0.284910  0.193161  0.691051  0.280390  0.276735  0.253804  0.190312  0.193756  0.314956  0.188134  0.142311  0.112629  0.452178  0.180284  0.071810  0.354822  0.480397  0.183946  0.270849  0.288972  0.098272  0.775992  0.132374  0.231764  0.275714  0.644507  0.840890  0.413872  0.364291  0.273734  0.276411  0.416698  0.155051  0.256134  0.322323  0.242872  0.165823  0.812146  0.187473  0.207396  0.824907  0.300045  0.244495  0.420120  0.307954  0.245526  0.562633  0.239684  0.223195  0.252503  0.543293  0.485270  0.230814  0.648239  0.279813  0.782941  0.090032  0.255104  0.269680  0.221162  0.071810  0.190458  0.227702  0.128525  0.191946  0.762482  0.263015  0.282734  0.304993  0.240735  0.306352  0.291516  0.233641  0.262493  0.444460  0.339342  0.276693  0.812031  0.169770  0.267945  0.285557  0.807902  0.204882  0.277765  0.206651  0.422702  0.840041  0.307398  0.228729  0.343466  0.441170  0.391277  0.867028  0.213934  0.223031  0.168522  0.071810  0.638669  0.157152  0.321547  0.750169  0.177427  0.205076  0.195684 
10  0.158220  0.858644  0.828700  0.165418  0.250335  0.618298  0.145052  0.354226  0.505183  0.272254 0.0  0.346965  0.252437  0.854201  0.434298  0.243946  0.750627  0.492602  0.224475  0.466199  0.212887  0.800269  0.362291  0.402706  0.772597  0.730951  0.331591  0.277488  0.440924  0.264738  0.331158  0.165611  0.268946  0.317924  0.745289  0.200413  0.246681  0.681795  0.149597  0.686083  0.689090  0.248679  0.127192  0.193536  0.733368  0.305450  0.205797  0.152852  0.289796  0.361857  0.135317  0.327008  0.076031  0.339416  0.510453  0.415621  0.357100  0.225354  0.435089  0.388271  0.313570  0.314809  0.337500  0.650762  0.352898  0.184354  0.207993  0.796176  0.785181  0.360940  0.118121  0.241147  0.286572  0.316391  0.273232  0.071810  0.159688  0.278696  0.194613  0.732956  0.258407  0.263701  0.662697  0.132354  0.176392  0.224942  0.266036  0.298615  0.667581  0.300375  0.365798  0.241309  0.519921  0.458053  0.216166  0.646540  0.199453  0.869898  0.386863  0.385377  0.332867  0.236641  0.261498  0.353398  0.264660  0.262194  0.318623  0.689174  0.222654  0.174079  0.300360  0.144944  0.215191  0.182756  0.304493  0.208354  0.475874  0.441135  0.194876  0.747340  0.348971  0.221356  0.198366  0.762385  0.101991  0.267498  0.188009  0.384760  0.824271  0.345518  0.360013  0.135418  0.493090  0.370959  0.771006  0.222410  0.269060  0.300869  0.371548  0.631975  0.309736  0.270057  0.701332  0.294146  0.383214  0.099334 
11  0.298900  0.853480  0.832721  0.236325  0.282978  0.525861  0.238173  0.150311  0.472523  0.219700  0.346965 0.0  0.240832  0.686786  0.388713  0.346749  0.716923  0.595696  0.261332  0.430598  0.248137  0.766228  0.271826  0.491420  0.579327  0.704414  0.197383  0.178099  0.126255  0.337038  0.145235  0.230845  0.377970  0.224048  0.751830  0.279472  0.163504  0.693122  0.311246  0.660624  0.833025  0.252605  0.103470  0.400413  0.755616  0.325799  0.254420  0.205954  0.272841  0.256868  0.356651  0.161249  0.372111  0.204133  0.503818  0.231245  0.103262  0.201886  0.455869  0.125447  0.232858  0.424462  0.213989  0.720864  0.299644  0.266503  0.365954  0.817135  0.883298  0.344166  0.214319  0.273718  0.246934  0.353013  0.226209  0.347238  0.438426  0.290874  0.217040  0.789752  0.208386  0.245456  0.848518  0.261479  0.276205  0.192810  0.339491  0.138865  0.618081  0.206221  0.145184  0.212692  0.570664  0.528610  0.401027  0.646300  0.111636  0.757884  0.228386  0.214199  0.261424  0.191501  0.116649  0.216530  0.345598  0.175023  0.240726  0.751279  0.247106  0.494015  0.303813  0.360399  0.383593  0.292678  0.216173  0.327050  0.348137  0.414001  0.438158  0.835225  0.175534  0.349607  0.229744  0.604198  0.260503  0.326647  0.339977  0.455326  0.832611  0.335402  0.292072  0.229206  0.321711  0.470194  0.798008  0.249630  0.166619  0.150887  0.148956  0.644284  0.182233  0.224616  0.751123  0.114047  0.214486  0.189725 
12  0.161406  0.803533  0.829865  0.431519  0.280588  0.500304  0.227207  0.260723  0.452739  0.281521  0.252437  0.240832 0.0  0.709854  0.405491  0.223417  0.791243  0.640473  0.168876  0.403490  0.172541  0.813030  0.172762  0.358606  0.784737  0.779688  0.148672  0.173862  0.286219  0.192176  0.221276  0.246960  0.205211  0.180264  0.918274  0.227087  0.207616  0.826640  0.233364  0.740353  0.719015  0.301179  0.305556  0.217906  0.811231  0.233388  0.117968  0.230750  0.136989  0.217767  0.247750  0.287778  0.312768  0.269628  0.465146  0.294519  0.246184  0.399492  0.438996  0.277557  0.206839  0.229044  0.228012  0.691740  0.218197  0.293491  0.229935  0.676162  0.781801  0.285149  0.202207  0.239197  0.161116  0.356299  0.125327  0.278364  0.183968  0.172486  0.105254  0.886346  0.215640  0.119831  0.924629  0.198906  0.260452  0.303159  0.306896  0.159787  0.612871  0.123998  0.166896  0.203875  0.675448  0.451571  0.339310  0.526624  0.177334  0.748972  0.218398  0.225157  0.280191  0.259232  0.158151  0.298962  0.214116  0.310432  0.301338  0.854445  0.228695  0.341616  0.298658  0.200036  0.237234  0.215366  0.206758  0.277189  0.442617  0.388367  0.255705  0.835047  0.221250  0.249562  0.198995  0.729025  0.134854  0.187921  0.154525  0.502613  0.849397  0.218942  0.212667  0.227160  0.470616  0.439150  0.863656  0.277267  0.175812  0.282393  0.194426  0.549834  0.181522  0.208040  0.687342  0.137312  0.333245  0.236059 
13  0.846077  0.776031  0.733049  0.798819  0.659359  0.766804  0.798415  0.784277  0.847828  0.781950  0.854201  0.686786  0.709854 0.0  0.824792  0.890823  0.760538  0.555832  0.763912  0.774311  0.720111  0.822850  0.702578  0.423398  0.774779  0.818550  0.761027  0.786688  0.861853  0.792260  0.731768  0.787081  0.756876  0.755235  0.809197  0.866227  0.791206  0.776392  0.845900  0.678154  0.700240  0.731534  0.811021  0.803238  0.284428  0.813245  0.722307  0.797058  0.805894  0.822469  0.714749  0.765955  0.696358  0.735217  0.822259  0.658958  0.645841  0.680478  0.415986  0.822326  0.758871  0.734700  0.772589  0.667475  0.739664  0.792984  0.734128  0.802523  0.838965  0.596434  0.759972  0.858633  0.869181  0.864494  0.701329  0.718281  0.793339  0.824227  0.727228  0.798706  0.718429  0.826448  0.805732  0.748844  0.923332  0.799280  0.623962  0.826200  0.546950  0.795965  0.810187  0.748373  0.743068  0.364371  0.835237  0.752723  0.800374  0.820009  0.775911  0.745341  0.903570  0.805150  0.791198  0.753192  0.789739  0.822810  0.743913  0.746139  0.722937  0.821410  0.848346  0.747173  0.682500  0.815912  0.793170  0.713504  0.372462  0.778909  0.809658  0.711738  0.821797  0.780783  0.691734  0.764393  0.720745  0.806416  0.787168  0.792244  0.492194  0.853167  0.811286  0.768709  0.807649  0.701924  0.820272  0.701695  0.803612  0.755345  0.783355  0.593063  0.711007  0.846676  0.701593  0.736154  0.802136  0.796202 
14  0.360893  0.841844  0.826830  0.410588  0.464206  0.658885  0.369782  0.381960  0.132513  0.396395  0.434298  0.388713  0.405491  0.824792 0.0  0.393354  0.811032  0.629600  0.277576  0.460010  0.380819  0.887024  0.406613  0.519143  0.746342  0.758056  0.371627  0.310883  0.283892  0.462492  0.576114  0.449182  0.386008  0.441335  0.734493  0.418159  0.300347  0.664040  0.424980  0.710956  0.759858  0.204648  0.404154  0.377232  0.795773  0.382352  0.495386  0.301263  0.438710  0.298572  0.425123  0.397754  0.378143  0.421567  0.475479  0.451382  0.487713  0.349029  0.362880  0.436247  0.316417  0.494405  0.476980  0.807248  0.438853  0.387892  0.397478  0.786336  0.766344  0.315747  0.352077  0.351455  0.309189  0.158727  0.357296  0.353409  0.461688  0.408974  0.255994  0.785686  0.332776  0.377883  0.794197  0.448003  0.447715  0.388755  0.323570  0.442726  0.677067  0.445464  0.503340  0.343023  0.478021  0.450286  0.474640  0.566490  0.423932  0.839068  0.401086  0.437428  0.385426  0.474146  0.491784  0.352728  0.448896  0.388154  0.384799  0.702968  0.374568  0.450761  0.448911  0.409021  0.496266  0.454238  0.400605  0.469671  0.423081  0.185115  0.477581  0.666356  0.341031  0.366195  0.388689  0.651132  0.445640  0.394330  0.294261  0.479003  0.785415  0.527985  0.389365  0.370595  0.401640  0.369389  0.910666  0.549274  0.454311  0.400673  0.396819  0.799656  0.441884  0.421720  0.732229  0.408361  0.459685  0.278196 
15  0.239878  0.834064  0.787563  0.139737  0.199154  0.628979  0.246610  0.366036  0.424439  0.272437  0.243946  0.346749  0.223417  0.890823  0.393354 0.0  0.766017  0.590368  0.146955  0.506689  0.227476  0.768745  0.347946  0.538213  0.779815  0.837639  0.223690  0.331372  0.370258  0.256916  0.283809  0.207429  0.071810  0.295003  0.856760  0.115768  0.209687  0.730191  0.246386  0.745327  0.663673  0.294799  0.262459  0.187865  0.794416  0.313943  0.248506  0.226602  0.318625  0.241236  0.266120  0.387378  0.278061  0.291454  0.458293  0.323799  0.284388  0.323731  0.392347  0.284997  0.332123  0.240560  0.318534  0.722199  0.354696  0.184991  0.285697  0.714293  0.911122  0.279489  0.332667  0.247601  0.318669  0.471216  0.312526  0.208947  0.198776  0.235622  0.071810  0.744877  0.312099  0.350540  0.816183  0.071810  0.102480  0.071810  0.258693  0.355751  0.519006  0.260602  0.323317  0.299616  0.604127  0.486298  0.188512  0.646682  0.265312  0.785893  0.335548  0.293236  0.417260  0.330852  0.301369  0.309203  0.071810  0.274538  0.310228  0.674149  0.213655  0.071810  0.071810  0.167311  0.262625  0.207807  0.317075  0.184485  0.499179  0.374785  0.096918  0.737048  0.340714  0.289586  0.216866  0.753376  0.242535  0.071810  0.071810  0.390221  0.810788  0.092559  0.321983  0.135948  0.421392  0.325547  0.699934  0.166709  0.367097  0.386978  0.258252  0.679080  0.371379  0.251561  0.644445  0.367057  0.272609  0.170531 
16  0.790529  0.718821  0.706833  0.687204  0.779426  0.769468  0.666534  0.664583  0.894062  0.770684  0.750627  0.716923  0.791243  0.760538  0.811032  0.766017 0.0  0.589284  0.693433  0.640873  0.768825  0.828356  0.801785  0.479822  0.758142  0.685324  0.548738  0.755261  0.715900  0.751149  0.748048  0.538157  0.718249  0.653151  0.878511  0.803488  0.680964  0.714660  0.714517  0.754449  0.717081  0.788137  0.779896  0.614171  0.664325  0.683265  0.732693  0.705279  0.716065  0.637787  0.799043  0.645162  0.697863  0.800882  0.776630  0.715036  0.836317  0.680920  0.419971  0.748270  0.721798  0.800608  0.762148  0.778496  0.611738  0.697617  0.739303  0.740424  0.601397  0.635257  0.796673  0.726725  0.629315  0.716701  0.636646  0.763260  0.649241  0.805822  0.697433  0.686397  0.787380  0.730515  0.759509  0.707898  0.734786  0.740963  0.667366  0.772280  0.333328  0.674435  0.734650  0.611205  0.641003  0.403930  0.671212  0.773984  0.781732  0.685750  0.749189  0.695240  0.783748  0.711208  0.694374  0.625770  0.734855  0.757596  0.728149  0.746789  0.722951  0.756818  0.712155  0.735750  0.705366  0.700008  0.757080  0.723329  0.551914  0.779942  0.728047  0.748006  0.666336  0.774063  0.780767  0.664752  0.796425  0.769293  0.674877  0.804277  0.755098  0.765901  0.723477  0.706072  0.750683  0.712583  0.745118  0.790221  0.700936  0.762764  0.618523  0.664239  0.670436  0.790429  0.746161  0.797202  0.671606  0.724322 
17  0.626585  0.619697  0.610345  0.641479  0.598461  0.705301  0.576818  0.597959  0.570881  0.625349  0.492602  0.595696  0.640473  0.555832  0.629600  0.590368  0.589284 0.0  0.577601  0.642183  0.669082  0.604450  0.562186  0.498482  0.589412  0.528150  0.663004  0.613558  0.656691  0.597766  0.558193  0.646021  0.699760  0.587876  0.729944  0.595468  0.608458  0.602022  0.590740  0.586393  0.640089  0.602586  0.650317  0.615257  0.603947  0.619666  0.612012  0.619667  0.569002  0.694807  0.600835  0.617284  0.569129  0.638803  0.586159  0.634498  0.612933  0.694372  0.408645  0.696134  0.584033  0.580443  0.722464  0.603577  0.548081  0.604902  0.603172  0.630405  0.606691  0.594445  0.515050  0.587956  0.628302  0.674919  0.651868  0.613403  0.550900  0.706254  0.663058  0.647704  0.637856  0.598135  0.583117  0.595449  0.536596  0.635333  0.596061  0.584434  0.654493  0.630775  0.599859  0.679354  0.608498  0.322684  0.583317  0.635339  0.610728  0.684781  0.622696  0.624026  0.569589  0.670134  0.685265  0.581021  0.620504  0.521160  0.682287  0.786368  0.661201  0.635733  0.641526  0.667946  0.655704  0.725330  0.637720  0.648281  0.366305  0.651986  0.670932  0.506683  0.614513  0.590555  0.644433  0.591349  0.670534  0.702579  0.644138  0.552721  0.656165  0.698591  0.606249  0.561401  0.672067  0.610133  0.612087  0.665044  0.634698  0.685581  0.603704  0.616334  0.585467  0.710234  0.539664  0.648845  0.645044  0.497430 
18  0.253765  0.779184  0.800639  0.186889  0.235064  0.519204  0.238270  0.167906  0.379790  0.220138  0.224475  0.261332  0.168876  0.763912  0.277576  0.146955  0.693433  0.577601 0.0  0.420463  0.181088  0.835849  0.258895  0.482152  0.767844  0.762398  0.181394  0.239846  0.354545  0.231528  0.194187  0.329676  0.319417  0.310104  0.866583  0.241470  0.233850  0.657261  0.263435  0.667557  0.611246  0.256928  0.251274  0.237211  0.779434  0.251171  0.167317  0.302567  0.218571  0.190496  0.230140  0.232574  0.270756  0.198968  0.547117  0.225967  0.266741  0.298089  0.448609  0.159152  0.270835  0.198240  0.227674  0.683110  0.218867  0.267155  0.198858  0.739710  0.844954  0.272964  0.182575  0.233369  0.144458  0.312802  0.247461  0.218998  0.184899  0.314600  0.234079  0.828832  0.223142  0.226269  0.736799  0.264550  0.224848  0.232945  0.266528  0.246188  0.652074  0.226150  0.254264  0.210521  0.569060  0.461596  0.308402  0.583375  0.268737  0.895305  0.257886  0.121239  0.259917  0.201294  0.292918  0.202958  0.291696  0.271933  0.240144  0.758552  0.188441  0.226608  0.214267  0.234221  0.117179  0.330323  0.257119  0.148453  0.463648  0.353929  0.374715  0.799798  0.200788  0.213035  0.235981  0.694850  0.271471  0.171264  0.223860  0.408429  0.846917  0.143559  0.202148  0.411911  0.500925  0.400408  0.869611  0.223944  0.242765  0.220231  0.274324  0.719110  0.258910  0.301783  0.732409  0.148574  0.247698  0.208992 
19  0.319258  0.703441  0.635128  0.503957  0.436506  0.270610  0.345248  0.391445  0.448109  0.487820  0.466199  0.430598  0.403490  0.774311  0.460010  0.506689  0.640873  0.642183  0.420463 0.0  0.431347  0.734487  0.387160  0.495076  0.674185  0.806099  0.443159  0.396074  0.347097  0.377643  0.387829  0.469334  0.376063  0.437389  0.682160  0.442166  0.402154  0.786201  0.467209  0.755024  0.699430  0.370226  0.411389  0.491499  0.739009  0.423702  0.430722  0.424264  0.340702  0.464852  0.448008  0.352523  0.396883  0.407793  0.484544  0.491019  0.421213  0.320280  0.325202  0.433832  0.446000  0.423209  0.430374  0.863515  0.477640  0.485463  0.388126  0.801490  0.769380  0.266630  0.410366  0.457276  0.427462  0.410811  0.455911  0.396213  0.417321  0.321370  0.435782  0.618103  0.343729  0.469083  0.816118  0.369146  0.414132  0.458813  0.328186  0.334719  0.655067  0.424742  0.342063  0.478003  0.210809  0.394593  0.357560  0.225131  0.488965  0.697028  0.340002  0.533644  0.428816  0.359041  0.299031  0.407534  0.493627  0.496660  0.457183  0.782903  0.394335  0.444896  0.470112  0.393523  0.472346  0.353288  0.485621  0.301275  0.466038  0.424497  0.380769  0.720037  0.406746  0.326302  0.382652  0.739948  0.393303  0.433372  0.429867  0.414206  0.666494  0.427626  0.438394  0.383402  0.493665  0.448471  0.821437  0.396239  0.416249  0.397168  0.538837  0.488624  0.414208  0.443555  0.694736  0.469932  0.425734  0.521547 
20  0.220265  0.812437  0.826311  0.187816  0.071810  0.672284  0.167814  0.322563  0.431000  0.183892  0.212887  0.248137  0.172541  0.720111  0.380819  0.227476  0.768825  0.669082  0.181088  0.431347 0.0  0.756216  0.345673  0.452426  0.789944  0.684049  0.311254  0.338833  0.207349  0.212977  0.371493  0.163162  0.071810  0.334739  0.783451  0.087668  0.238854  0.683616  0.192975  0.710396  0.653940  0.268876  0.240226  0.189295  0.787245  0.309534  0.071810  0.188477  0.250311  0.260340  0.239123  0.280510  0.222781  0.275730  0.402783  0.206100  0.271598  0.199202  0.452812  0.234893  0.248646  0.245311  0.155566  0.796483  0.265758  0.204834  0.255482  0.825538  0.805299  0.355756  0.121182  0.109400  0.346251  0.370458  0.227749  0.195160  0.264037  0.189704  0.184385  0.770418  0.289740  0.257416  0.795774  0.180218  0.077526  0.071810  0.410029  0.271612  0.639048  0.291572  0.187645  0.154978  0.573619  0.458838  0.233070  0.642082  0.264011  0.891792  0.262512  0.303228  0.234992  0.264066  0.277883  0.206916  0.151893  0.306920  0.179707  0.831238  0.193689  0.118911  0.144046  0.242731  0.204251  0.151879  0.306107  0.167691  0.386475  0.446151  0.114317  0.708696  0.303590  0.230569  0.197100  0.643976  0.215491  0.093694  0.071810  0.461166  0.859823  0.106272  0.258900  0.213601  0.410326  0.413904  0.829343  0.207856  0.313710  0.245022  0.288176  0.513041  0.344014  0.159761  0.645068  0.281101  0.358169  0.225362 
21  0.831565  0.534310  0.549789  0.882081  0.758050  0.797801  0.781714  0.785154  0.827626  0.871099  0.800269  0.766228  0.813030  0.822850  0.887024  0.768745  0.828356  0.604450  0.835849  0.734487  0.756216 0.0  0.834068  0.327893  0.815802  0.774822  0.835510  0.751691  0.723978  0.922978  0.846792  0.799155  0.819993  0.798024  0.082347  0.820543  0.830107  0.638932  0.798067  0.416877  0.783087  0.866346  0.713856  0.803472  0.819770  0.802483  0.823137  0.874374  0.965369  0.837465  0.819030  0.799454  0.768484  0.846147  0.703406  0.787883  0.740096  0.548347  0.370589  0.859067  0.792827  0.854752  0.786606  0.721383  0.834799  0.823216  0.818898  0.237068  0.804400  0.553780  0.857699  0.768317  0.744339  0.874919  0.827153  0.858322  0.765282  0.841705  0.711990  0.416652  0.901926  0.795226  0.697276  0.797645  0.791899  0.778638  0.607101  0.788003  0.568293  0.680987  0.810941  0.798981  0.813689  0.399921  0.819052  0.853163  0.793469  0.587160  0.827206  0.767002  0.760084  0.903591  0.863543  0.770408  0.741049  0.788284  0.849836  0.746792  0.794561  0.835949  0.859439  0.824768  0.784852  0.841937  0.862169  0.845864  0.374257  0.841436  0.732292  0.157561  0.904342  0.858540  0.815681  0.415531  0.879688  0.858762  0.769933  0.771479  0.784517  0.874936  0.821006  0.788403  0.663363  0.774971  0.851083  0.762372  0.712300  0.859957  0.776623  0.599591  0.820746  0.798741  0.648935  0.783065  0.780771  0.866798 
22  0.318670  0.780636  0.867958  0.307815  0.365800  0.694369  0.298473  0.134426  0.437071  0.269073  0.362291  0.271826  0.172762  0.702578  0.406613  0.347946  0.801785  0.562186  0.258895  0.387160  0.345673  0.834068 0.0  0.533788  0.821290  0.792017  0.127387  0.071810  0.190139  0.338961  0.216508  0.265959  0.336208  0.181874  0.853038  0.426987  0.203986  0.795898  0.341286  0.654522  0.782356  0.305482  0.409567  0.358618  0.797683  0.262411  0.299938  0.441540  0.250175  0.193044  0.379818  0.210154  0.350005  0.271314  0.504361  0.239352  0.254547  0.277711  0.400577  0.201135  0.151594  0.306876  0.140836  0.696176  0.168904  0.335029  0.353060  0.732539  0.856677  0.340163  0.256591  0.342223  0.218539  0.425114  0.209524  0.240952  0.283433  0.292264  0.197568  0.736277  0.098649  0.177459  0.773286  0.335096  0.327846  0.206379  0.410317  0.219484  0.620838  0.189015  0.162544  0.156965  0.582330  0.417306  0.310333  0.556803  0.161686  0.828151  0.287648  0.140523  0.143882  0.161663  0.207750  0.197823  0.332053  0.205282  0.194944  0.775250  0.265045  0.281061  0.317488  0.256152  0.199572  0.337919  0.071810  0.391608  0.460782  0.341113  0.354206  0.745837  0.256489  0.357286  0.316809  0.669739  0.279112  0.307929  0.252632  0.554966  0.812399  0.310361  0.164825  0.282594  0.363959  0.386814  0.798400  0.396330  0.169566  0.208759  0.226021  0.636490  0.178335  0.421349  0.800989  0.232550  0.194967  0.168465 
23  0.406996  0.476801  0.321954  0.432454  0.435411  0.324331  0.455907  0.467211  0.436856  0.405831  0.402706  0.491420  0.358606  0.423398  0.519143  0.538213  0.479822  0.498482  0.482152  0.495076  0.452426  0.327893  0.533788 0.0  0.359843  0.359029  0.525401  0.499799  0.359773  0.558059  0.332312  0.497757  0.433797  0.437747  0.460119  0.455488  0.412346  0.464994  0.332798  0.383401  0.395300  0.363040  0.450329  0.430943  0.494455  0.561957  0.441664  0.468063  0.443615  0.472418  0.460090  0.341982  0.471831  0.475055  0.432403  0.446947  0.447324  0.335685  0.541052  0.441149  0.524718  0.476898  0.484667  0.548424  0.426761  0.421112  0.470877  0.494748  0.503111  0.450204  0.438346  0.509032  0.431719  0.335468  0.487278  0.357816  0.385893  0.444629  0.504743  0.414085  0.472636  0.405249  0.421515  0.393949  0.452797  0.461935  0.508501  0.433141  0.492268  0.439631  0.504769  0.352178  0.501718  0.464687  0.471210  0.358615  0.449398  0.382854  0.441152  0.519167  0.461834  0.493358  0.486827  0.558229  0.552877  0.510279  0.445447  0.722192  0.426011  0.463160  0.464647  0.469764  0.338901  0.479363  0.460015  0.335155  0.380321  0.468282  0.432884  0.589080  0.546031  0.486691  0.364694  0.395658  0.462272  0.352451  0.425931  0.420632  0.403773  0.472360  0.514502  0.462823  0.554876  0.430534  0.357244  0.456745  0.388874  0.402354  0.436089  0.440372  0.414627  0.373575  0.459047  0.520428  0.476070  0.451123 
24  0.776107  0.761637  0.694750  0.757277  0.834381  0.769202  0.862458  0.817989  0.715453  0.855317  0.772597  0.579327  0.784737  0.774779  0.746342  0.779815  0.758142  0.589412  0.767844  0.674185  0.789944  0.815802  0.821290  0.359843 0.0  0.071810  0.808748  0.722633  0.753463  0.732355  0.739532  0.744661  0.818989  0.750279  0.638914  0.840683  0.775956  0.444737  0.806032  0.657195  0.488153  0.791933  0.735137  0.722807  0.749888  0.789201  0.760396  0.745790  0.685240  0.746560  0.790986  0.920680  0.786907  0.785296  0.798520  0.866365  0.749889  0.636978  0.499826  0.913043  0.900514  0.776229  0.852011  0.678971  0.868307  0.785206  0.802604  0.805861  0.833591  0.668547  0.779428  0.752196  0.796469  0.647517  0.752673  0.803610  0.670762  0.846644  0.759295  0.683888  0.688067  0.798227  0.831906  0.707506  0.809135  0.673906  0.635023  0.768702  0.709363  0.714195  0.796212  0.816338  0.782204  0.483173  0.733499  0.765250  0.778948  0.804662  0.866269  0.745963  0.768178  0.761551  0.764899  0.749332  0.662813  0.701281  0.733823  0.713706  0.789691  0.711216  0.745607  0.809533  0.840543  0.782565  0.782688  0.824320  0.477596  0.839456  0.752632  0.825854  0.800332  0.779805  0.807483  0.724978  0.665458  0.792281  0.656797  0.763237  0.845622  0.911410  0.793511  0.694206  0.729990  0.666715  0.758526  0.876404  0.719927  0.753573  0.824862  0.277606  0.829564  0.758001  0.727938  0.800797  0.717263  0.643106 
25  0.769850  0.809730  0.787228  0.739025  0.843792  0.749079  0.793001  0.757165  0.823509  0.721805  0.730951  0.704414  0.779688  0.818550  0.758056  0.837639  0.685324  0.528150  0.762398  0.806099  0.684049  0.774822  0.792017  0.359029  0.071810 0.0  0.804673  0.786542  0.843147  0.856104  0.728277  0.774648  0.695727  0.914210  0.767093  0.823019  0.848471  0.467449  0.702818  0.673041  0.423727  0.789627  0.739949  0.757174  0.737056  0.770032  0.850654  0.730448  0.687331  0.784259  0.810891  0.700036  0.825217  0.773708  0.802684  0.743600  0.727070  0.554772  0.399062  0.810647  0.801912  0.758694  0.742291  0.670214  0.787406  0.762711  0.834778  0.702879  0.782603  0.468556  0.777992  0.794374  0.718952  0.753096  0.789620  0.808494  0.771820  0.840890  0.747238  0.791299  0.734293  0.775766  0.810653  0.820050  0.817918  0.816015  0.651869  0.870008  0.485531  0.742999  0.794134  0.824545  0.738151  0.412851  0.769471  0.700230  0.838017  0.649014  0.895961  0.786431  0.743092  0.811748  0.834734  0.763186  0.821422  0.784301  0.696806  0.716394  0.768715  0.789174  0.806346  0.735054  0.857128  0.815313  0.821962  0.839719  0.441977  0.902142  0.800092  0.765179  0.837908  0.667228  0.821051  0.772844  0.736452  0.809906  0.808516  0.760621  0.848404  0.805598  0.629560  0.766104  0.734129  0.723646  0.735293  0.805016  0.818957  0.820826  0.809730  0.357749  0.696250  0.745209  0.699573  0.783494  0.801583  0.903919 
26  0.333189  0.722062  0.847559  0.288904  0.286052  0.716627  0.340394  0.074485  0.452148  0.130508  0.331591  0.197383  0.148672  0.761027  0.371627  0.223690  0.548738  0.663004  0.181394  0.443159  0.311254  0.835510  0.127387  0.525401  0.808748  0.804673 0.0  0.139441  0.186064  0.387979  0.180136  0.286455  0.336469  0.225926  0.843678  0.286313  0.200467  0.770372  0.323037  0.674983  0.779447  0.385316  0.335430  0.357094  0.785969  0.326323  0.309221  0.376387  0.239992  0.209626  0.320543  0.261992  0.355219  0.214673  0.475157  0.071810  0.225716  0.347617  0.480214  0.111246  0.289007  0.333754  0.119461  0.652470  0.146143  0.347846  0.331214  0.696309  0.939566  0.319103  0.312572  0.322120  0.243509  0.363901  0.200267  0.267553  0.325546  0.334025  0.213310  0.751474  0.098830  0.137291  0.825550  0.230322  0.380738  0.307467  0.311063  0.214327  0.596939  0.132262  0.088504  0.158515  0.504265  0.360089  0.291643  0.673372  0.071810  0.840920  0.195159  0.071810  0.111783  0.102260  0.122742  0.168664  0.258800  0.093818  0.151330  0.853920  0.386293  0.335869  0.362956  0.213479  0.430187  0.312319  0.151473  0.339743  0.503721  0.367103  0.259778  0.709683  0.195447  0.341444  0.314191  0.715803  0.258898  0.285435  0.362506  0.414575  0.807576  0.279302  0.071810  0.362245  0.387729  0.474459  0.805812  0.282323  0.224548  0.212659  0.081807  0.717775  0.071810  0.350940  0.723324  0.189702  0.071810  0.150614 
