146
0 0.0  0.839770  0.775227  0.105440  0.175773  0.685851  0.173588  0.405025  0.489301  0.295643  0.073754  0.291540  0.197893  0.741536  0.305019  0.259066  0.713099  0.500543  0.249105  0.416444  0.266148  0.886563  0.325538  0.496707  0.714219  0.710114  0.282479  0.312617  0.382284  0.248885  0.375008  0.213015  0.292026  0.350560  0.824285  0.359077  0.342307  0.735841  0.253270  0.703505  0.692135  0.280469  0.198214  0.102184  0.804752  0.245534  0.289345  0.197869  0.265689  0.328159  0.096054  0.357891  0.093538  0.258910  0.558299  0.315297  0.360817  0.238713  0.442019  0.294220  0.242387  0.267917  0.348854  0.747784  0.384459  0.126969  0.128309  0.845693  0.966967  0.331555  0.184050  0.223110  0.344187  0.394236  0.260250  0.126733  0.175666  0.311924  0.154158  0.869970  0.324069  0.355159  0.753143  0.203655  0.283924  0.298708  0.292837  0.391027  0.602665  0.326357  0.346390  0.344656  0.654151  0.513009  0.142255  0.708276  0.436688  0.853568  0.316146  0.286817  0.307134  0.371333  0.307579  0.381582  0.234793  0.271433  0.303972  0.728356  0.169025  0.228168  0.345991  0.187276  0.153647  0.118513  0.352684  0.291764  0.480967  0.407600  0.311302  0.793623  0.285139  0.196049  0.193814  0.671221  0.130105  0.234825  0.187376  0.548659  0.864432  0.229096  0.432431  0.222272  0.403150  0.369719  0.732133  0.241053  0.364276  0.349200  0.319872  0.672180  0.386286  0.209358  0.778360  0.212551  0.281184  0.229932 
1  0.839770 0.0  0.239389  0.918146  0.890815  0.827078  0.822437  0.849761  0.851552  0.824559  0.876708  0.862400  0.881416  0.781028  0.749280  0.855692  0.755133  0.537381  0.868690  0.763573  0.800469  0.550006  0.842131  0.441273  0.653772  0.809632  0.846296  0.754471  0.861317  0.907509  0.796487  0.795957  0.788039  0.858830  0.512457  0.840349  0.877629  0.761279  0.792082  0.363231  0.792525  0.667542  0.904448  0.791445  0.879307  0.755559  0.823031  0.817041  0.812486  0.829027  0.867584  0.870997  0.718766  0.860151  0.807702  0.787165  0.927017  0.531273  0.474107  0.902811  0.780580  0.778200  0.812075  0.718472  0.878302  0.947944  0.924010  0.503752  0.795800  0.578051  0.839793  0.766671  0.783521  0.888017  0.873614  0.923204  0.817722  0.863421  0.843312  0.538283  0.872273  0.853495  0.734075  0.833194  0.853609  0.863548  0.639619  0.848729  0.651037  0.899825  0.980653  0.825681  0.861833  0.449358  0.843395  0.860430  0.933047  0.333781  0.871484  0.879172  0.904844  0.729011  0.946868  0.974081  0.873237  0.879665  0.901910  0.734080  0.819010  0.948258  0.834497  0.811916  0.864474  0.871535  0.783004  0.734041  0.479621  0.763212  0.812790  0.522024  0.872722  0.891221  0.802065  0.497045  0.840633  0.765162  0.780944  0.756808  0.799013  0.849035  0.857733  0.800077  0.746384  0.710500  0.830438  0.884567  0.775327  0.918442  0.826127  0.637963  0.913484  0.826279  0.842393  0.759481  0.799151  0.805531 
2  0.775227  0.239389 0.0  0.921059  0.805720  0.879490  0.821772  0.767680  0.778147  0.831756  0.843639  0.840517  0.934130  0.783512  0.812911  0.855964  0.729466  0.622842  0.787302  0.764095  0.868710  0.528244  0.769372  0.429596  0.781825  0.771359  0.743689  0.900390  0.867915  0.849240  0.785284  0.827375  0.723740  0.820699  0.589592  0.793252  0.801399  0.617509  0.772329  0.174022  0.718270  0.752271  0.716449  0.865365  0.799792  0.864282  0.749958  0.769391  0.812396  0.815326  0.777003  0.808917  0.751967  0.841953  0.763939  0.883065  0.870569  0.522892  0.403395  0.847446  0.812442  0.804392  0.851533  0.648147  0.747568  0.829771  0.824860  0.557302  0.802426  0.581689  0.833398  0.793204  0.893044  0.888125  0.830757  0.819675  0.795138  0.905322  0.697681  0.616515  0.759943  0.787063  0.794694  0.805744  0.845750  0.833565  0.569498  0.816465  0.680025  0.731372  0.909459  0.783808  0.836877  0.469808  0.852829  0.758268  0.884252  0.480213  0.869278  0.778178  0.749539  0.824436  0.889769  0.863742  0.812395  0.842351  0.867623  0.715093  0.776468  0.835576  0.802005  0.901894  0.778608  0.794127  0.762968  0.902772  0.468466  0.792804  0.805313  0.520738  0.765382  0.949399  0.826882  0.387752  0.789009  0.824674  0.721846  0.734038  0.834312  0.773521  0.886829  0.739509  0.655044  0.669422  0.771432  0.874499  0.866770  0.924216  0.847057  0.599350  0.852374  0.882373  0.743628  0.769836  0.814452  0.774448 
3  0.105440  0.918146  0.921059 0.0  0.211390  0.594195  0.073754  0.339301  0.440863  0.281444  0.245122  0.341308  0.169905  0.768437  0.420252  0.278409  0.708646  0.647059  0.241946  0.436653  0.246897  0.784413  0.212372  0.403590  0.773082  0.782728  0.364366  0.319538  0.310395  0.223783  0.297549  0.254848  0.206948  0.310068  0.813705  0.276177  0.320740  0.791447  0.232043  0.719977  0.756161  0.358955  0.272204  0.073754  0.860119  0.370501  0.081055  0.187744  0.306336  0.401993  0.102947  0.316356  0.260542  0.329023  0.496275  0.346909  0.359303  0.296453  0.466247  0.240600  0.324737  0.251666  0.361000  0.765218  0.305309  0.086933  0.107716  0.714596  0.960027  0.264620  0.287113  0.319135  0.283519  0.453949  0.326535  0.197921  0.229712  0.229763  0.073754  0.855430  0.403646  0.349459  0.797944  0.107619  0.189150  0.266856  0.376051  0.326632  0.586247  0.397407  0.296224  0.249939  0.590995  0.442903  0.194678  0.594652  0.435088  0.760990  0.324102  0.375968  0.364169  0.317217  0.345630  0.283546  0.214125  0.180012  0.292694  0.620543  0.106591  0.199180  0.249314  0.118455  0.302878  0.147749  0.349700  0.255025  0.457714  0.395151  0.272476  0.716746  0.401976  0.073754  0.253569  0.719263  0.101064  0.281619  0.233006  0.597518  0.862377  0.173821  0.377128  0.187670  0.377467  0.397353  0.811642  0.161461  0.348775  0.359482  0.238679  0.636374  0.325388  0.259760  0.755407  0.322133  0.341784  0.082980 
4  0.175773  0.890815  0.805720  0.211390 0.0  0.602898  0.225112  0.371095  0.316704  0.306520  0.240155  0.272067  0.306472  0.834267  0.425429  0.248672  0.760103  0.586544  0.174832  0.478563  0.306015  0.775090  0.355941  0.348240  0.790793  0.846017  0.180671  0.306363  0.321235  0.157591  0.323900  0.217425  0.179194  0.290981  0.794286  0.204284  0.296615  0.684028  0.177734  0.786671  0.769254  0.189296  0.166039  0.223873  0.817577  0.306331  0.288287  0.273909  0.233060  0.401191  0.311385  0.366966  0.199895  0.225162  0.506129  0.335324  0.328258  0.267408  0.319677  0.331666  0.268882  0.245367  0.326380  0.658524  0.297100  0.278398  0.271662  0.825918  0.920389  0.298308  0.218944  0.247708  0.373885  0.422119  0.262192  0.229199  0.125340  0.222836  0.162017  0.804561  0.264748  0.259617  0.800711  0.201759  0.251271  0.174564  0.281225  0.293755  0.751693  0.318743  0.369283  0.293109  0.650950  0.452227  0.272926  0.636340  0.374291  0.849036  0.417043  0.391977  0.357111  0.348143  0.291073  0.301950  0.202253  0.323573  0.296840  0.662252  0.249131  0.263774  0.244049  0.221795  0.127099  0.320994  0.466199  0.167092  0.436268  0.375781  0.317780  0.792438  0.264522  0.224087  0.154273  0.791242  0.194276  0.239657  0.199844  0.589715  0.866480  0.297793  0.302110  0.250734  0.396691  0.375642  0.844379  0.146633  0.248364  0.293581  0.245806  0.578147  0.307976  0.090793  0.738914  0.259878  0.396260  0.189158 
5  0.685851  0.827078  0.879490  0.594195  0.602898 0.0  0.616605  0.671344  0.625013  0.560804  0.687491  0.680945  0.439135  0.764122  0.592828  0.637275  0.748970  0.542551  0.613861  0.263088  0.602432  0.835674  0.741440  0.488877  0.765926  0.833078  0.660729  0.584186  0.667392  0.578051  0.584211  0.694125  0.743213  0.678905  0.810730  0.715982  0.592575  0.704401  0.681936  0.689224  0.650856  0.478927  0.733290  0.621860  0.828475  0.721688  0.597017  0.614639  0.552814  0.576611  0.606567  0.555625  0.710472  0.618389  0.552759  0.694361  0.611497  0.209318  0.452435  0.702034  0.478614  0.615122  0.717682  0.757265  0.684405  0.614044  0.641915  0.774757  0.855404  0.285490  0.737259  0.538738  0.633979  0.626131  0.635631  0.645639  0.662351  0.552554  0.603474  0.811744  0.552209  0.574545  0.759449  0.484510  0.668830  0.547788  0.372989  0.590752  0.702627  0.565985  0.650230  0.572237  0.126916  0.409668  0.664885  0.227976  0.687035  0.856553  0.585770  0.523432  0.706442  0.642942  0.687109  0.673118  0.687130  0.652282  0.538288  0.752380  0.670348  0.708821  0.633101  0.684202  0.623711  0.579924  0.589375  0.728239  0.502647  0.525063  0.648316  0.804207  0.605268  0.677543  0.604957  0.729421  0.588463  0.578456  0.564673  0.495867  0.745454  0.536937  0.621017  0.696564  0.431664  0.446452  0.780023  0.606809  0.630304  0.666882  0.642760  0.697818  0.616635  0.668606  0.721667  0.567595  0.686931  0.542105 
6  0.173588  0.822437  0.821772  0.073754  0.225112  0.616605 0.0  0.203558  0.439369  0.289212  0.186163  0.230878  0.226891  0.781344  0.434019  0.172144  0.698590  0.556778  0.189458  0.347472  0.178742  0.820223  0.412474  0.331174  0.717856  0.850570  0.275479  0.386155  0.317002  0.246236  0.233984  0.202181  0.300452  0.272939  0.756214  0.247446  0.344194  0.729758  0.209599  0.719609  0.689246  0.322741  0.211855  0.117608  0.725021  0.314511  0.151963  0.190846  0.374153  0.315673  0.073754  0.311984  0.094455  0.276699  0.443856  0.367713  0.335124  0.269552  0.385029  0.377845  0.237096  0.254084  0.381064  0.763910  0.351791  0.194036  0.095972  0.737278  0.877004  0.379642  0.212425  0.215560  0.273587  0.397287  0.429744  0.245847  0.314687  0.185025  0.127986  0.854596  0.261193  0.344152  0.746854  0.189724  0.220939  0.227307  0.315231  0.462230  0.577632  0.223570  0.331293  0.238998  0.517449  0.472693  0.177907  0.637813  0.344752  0.812111  0.355077  0.331874  0.380702  0.414867  0.411658  0.288214  0.190324  0.289966  0.386700  0.815345  0.170392  0.200662  0.166193  0.260407  0.184446  0.104353  0.272682  0.219351  0.518537  0.400236  0.177285  0.848282  0.304722  0.108362  0.307887  0.657513  0.180599  0.244273  0.228230  0.543983  0.865145  0.177131  0.322886  0.164283  0.478859  0.278104  0.844441  0.167067  0.321577  0.291513  0.362314  0.584256  0.396880  0.313527  0.713855  0.362262  0.304813  0.213344 
7  0.405025  0.849761  0.767680  0.339301  0.371095  0.671344  0.203558 0.0  0.430524  0.205728  0.274242  0.327677  0.109012  0.745599  0.346701  0.343952  0.775130  0.672696  0.240176  0.504521  0.242588  0.851157  0.229547  0.493341  0.740837  0.730984  0.073754  0.144144  0.142660  0.307371  0.196489  0.340872  0.361263  0.232936  0.877662  0.206748  0.073754  0.808059  0.296957  0.728877  0.749437  0.288426  0.250240  0.267966  0.726941  0.320456  0.333186  0.384058  0.280020  0.238698  0.381203  0.202800  0.404870  0.208396  0.517472  0.073754  0.227179  0.322345  0.450085  0.156546  0.258783  0.268488  0.170104  0.677404  0.106627  0.247835  0.245613  0.836982  0.835924  0.228647  0.313561  0.286192  0.211420  0.437063  0.211396  0.333401  0.297539  0.312098  0.240841  0.803326  0.073754  0.211835  0.799745  0.237061  0.235770  0.372534  0.336055  0.073754  0.667594  0.225066  0.150602  0.161134  0.547594  0.422935  0.280539  0.589068  0.119474  0.838600  0.157359  0.073754  0.132977  0.087957  0.125739  0.238667  0.403198  0.152626  0.120275  0.744271  0.221849  0.344821  0.260042  0.302050  0.349938  0.295594  0.128033  0.333745  0.404831  0.359388  0.389223  0.758631  0.252645  0.319313  0.422942  0.782344  0.240844  0.341451  0.330456  0.491891  0.927491  0.303152  0.073754  0.233710  0.453345  0.391337  0.759052  0.275459  0.211319  0.201590  0.123276  0.612426  0.172243  0.287344  0.774976  0.168596  0.158705  0.182657 
8  0.489301  0.851552  0.778147  0.440863  0.316704  0.625013  0.439369  0.430524 0.0  0.452482  0.383757  0.491461  0.305651  0.788518  0.109260  0.447158  0.802590  0.638947  0.394291  0.466550  0.422195  0.836782  0.510400  0.463956  0.851783  0.848797  0.485111  0.452318  0.431390  0.432829  0.474511  0.439272  0.446167  0.398777  0.900791  0.503898  0.380394  0.760221  0.344603  0.749460  0.761115  0.106746  0.431434  0.358525  0.800075  0.355239  0.412306  0.451940  0.487792  0.457570  0.398476  0.396143  0.387155  0.307567  0.481600  0.430838  0.506221  0.388608  0.436770  0.495885  0.406425  0.350987  0.335507  0.723045  0.456165  0.478097  0.430000  0.886730  0.839175  0.254739  0.412796  0.501573  0.447732  0.135927  0.369788  0.420538  0.447190  0.327686  0.332289  0.829367  0.448784  0.448708  0.841515  0.537689  0.438945  0.472384  0.329802  0.387956  0.714677  0.484744  0.387816  0.398030  0.638782  0.539469  0.462341  0.588929  0.443712  0.857623  0.473715  0.503456  0.503197  0.415609  0.387330  0.441196  0.522490  0.524159  0.382897  0.750907  0.400397  0.394570  0.364937  0.468262  0.431609  0.401847  0.477418  0.459322  0.488755  0.194195  0.374113  0.743981  0.495582  0.256002  0.536432  0.782971  0.455267  0.433375  0.376767  0.456535  0.870815  0.415733  0.402242  0.408876  0.467058  0.317246  0.897107  0.417230  0.488508  0.493269  0.357022  0.689963  0.484831  0.481589  0.757474  0.354110  0.499658  0.318864 
9  0.295643  0.824559  0.831756  0.281444  0.306520  0.560804  0.289212  0.205728  0.452482 0.0  0.306591  0.143512  0.166593  0.923724  0.403522  0.328402  0.682068  0.640446  0.210048  0.393862  0.352034  0.853053  0.248611  0.440353  0.747191  0.736826  0.269164  0.203337  0.136619  0.240300  0.208358  0.331962  0.199363  0.163494  0.861950  0.267477  0.224374  0.664362  0.355647  0.781497  0.826690  0.345718  0.198382  0.143095  0.800943  0.297896  0.176377  0.253020  0.234342  0.208239  0.246294  0.214463  0.276022  0.146649  0.555146  0.148768  0.186106  0.292633  0.529161  0.183795  0.292680  0.247274  0.258963  0.675827  0.266646  0.235766  0.175689  0.714290  0.803071  0.350810  0.352577  0.284318  0.184294  0.299521  0.230141  0.251169  0.297520  0.163621  0.176299  0.865517  0.197752  0.118523  0.824938  0.253870  0.279133  0.296885  0.322640  0.258594  0.599968  0.189314  0.239968  0.110551  0.510748  0.329978  0.207128  0.599668  0.225763  0.846327  0.171489  0.175828  0.168878  0.103749  0.139660  0.108111  0.282705  0.220884  0.241200  0.774105  0.275336  0.345262  0.259292  0.400342  0.241330  0.322488  0.214833  0.247023  0.443217  0.379979  0.229273  0.765418  0.279871  0.328703  0.307783  0.656192  0.278522  0.341740  0.285487  0.450262  0.787928  0.228155  0.136797  0.288768  0.425963  0.363380  0.810132  0.288799  0.175227  0.197453  0.073754  0.552484  0.210777  0.293885  0.711525  0.119020  0.201443  0.095495 
10  0.073754  0.876708  0.843639  0.245122  0.240155  0.687491  0.186163  0.274242  0.383757  0.306591 0.0  0.257069  0.149901  0.814010  0.388854  0.172685  0.762585  0.712737  0.238713  0.430904  0.165717  0.845717  0.340622  0.572509  0.807154  0.794551  0.348736  0.301237  0.297157  0.314089  0.316350  0.313337  0.287721  0.307699  0.846080  0.175733  0.395713  0.796283  0.212861  0.710332  0.768026  0.325241  0.083336  0.135970  0.768539  0.374923  0.210015  0.168055  0.338845  0.464945  0.168100  0.272270  0.079829  0.388961  0.529039  0.381307  0.264085  0.244465  0.416124  0.296953  0.422473  0.191686  0.311967  0.792597  0.397036  0.145716  0.213884  0.726364  0.832230  0.260310  0.168410  0.280418  0.386392  0.338390  0.318338  0.073754  0.264625  0.222372  0.214021  0.861045  0.338397  0.389114  0.781240  0.199618  0.207754  0.320748  0.319459  0.379435  0.646118  0.294666  0.398649  0.301555  0.561998  0.403892  0.073754  0.525820  0.298853  0.855503  0.216688  0.317496  0.237607  0.303921  0.301268  0.346524  0.273280  0.286093  0.375308  0.738314  0.126325  0.191739  0.187711  0.295905  0.378654  0.184051  0.237619  0.299970  0.435510  0.399305  0.319702  0.820194  0.423797  0.226075  0.272677  0.718430  0.120646  0.318855  0.196945  0.538132  0.890791  0.236755  0.307556  0.231829  0.349517  0.330058  0.839994  0.131687  0.299426  0.420859  0.223452  0.603474  0.234681  0.234964  0.709666  0.370159  0.283178  0.243218 
11  0.291540  0.862400  0.840517  0.341308  0.272067  0.680945  0.230878  0.327677  0.491461  0.143512  0.257069 0.0  0.348615  0.856577  0.478963  0.268477  0.755338  0.737548  0.265366  0.459878  0.315213  0.834520  0.287326  0.553594  0.810967  0.840396  0.162341  0.181211  0.165643  0.276309  0.197699  0.398263  0.277883  0.253665  0.677994  0.317568  0.215739  0.803982  0.299124  0.740231  0.692258  0.314830  0.324058  0.243624  0.745017  0.353029  0.305159  0.277495  0.279032  0.145034  0.251342  0.105542  0.374134  0.084220  0.597665  0.142207  0.084529  0.256395  0.536189  0.128513  0.349858  0.233974  0.221044  0.735511  0.244614  0.211864  0.337229  0.798569  0.913374  0.311202  0.332830  0.306180  0.077088  0.284829  0.273644  0.293224  0.367307  0.256085  0.165087  0.837445  0.185916  0.096249  0.735559  0.298022  0.257820  0.347319  0.265062  0.257010  0.585398  0.220486  0.162642  0.188144  0.573890  0.447432  0.312764  0.545287  0.188713  0.849114  0.302398  0.329446  0.272679  0.292985  0.223152  0.291814  0.259637  0.202576  0.118180  0.746478  0.453243  0.280386  0.283630  0.343779  0.381259  0.210746  0.283650  0.302665  0.445864  0.352530  0.323257  0.816903  0.213304  0.244191  0.255970  0.748439  0.278321  0.258991  0.253453  0.384468  0.862341  0.333490  0.235081  0.384226  0.361542  0.447839  0.844411  0.253145  0.250903  0.171079  0.136229  0.629999  0.144483  0.284107  0.722319  0.159594  0.220647  0.189305 
12  0.197893  0.881416  0.934130  0.169905  0.306472  0.439135  0.226891  0.109012  0.305651  0.166593  0.149901  0.348615 0.0  0.855092  0.304808  0.278546  0.693481  0.594911  0.170284  0.481532  0.231765  0.851410  0.276738  0.506315  0.804106  0.952373  0.156719  0.152561  0.186663  0.171133  0.250784  0.219330  0.173486  0.233159  0.781916  0.323192  0.253230  0.706735  0.073754  0.821236  0.600651  0.298878  0.232579  0.187724  0.732132  0.213853  0.341466  0.329981  0.226994  0.234115  0.305723  0.195926  0.216965  0.209180  0.518582  0.255916  0.315475  0.254772  0.419080  0.236026  0.325382  0.267730  0.188894  0.807652  0.094079  0.190621  0.176009  0.793146  0.864055  0.259405  0.156406  0.144868  0.302210  0.296924  0.179053  0.222288  0.274552  0.257857  0.226518  0.831005  0.209054  0.205517  0.807187  0.281264  0.333140  0.255572  0.369469  0.261499  0.648736  0.210412  0.250905  0.296021  0.506967  0.529250  0.254162  0.570742  0.287384  0.850126  0.182270  0.275195  0.188521  0.215310  0.206097  0.253766  0.249833  0.211621  0.276458  0.730908  0.258425  0.258634  0.241250  0.226687  0.212792  0.211877  0.238627  0.151583  0.507345  0.404082  0.231711  0.736190  0.261481  0.263912  0.328197  0.719793  0.169252  0.200488  0.258478  0.574784  0.743065  0.270310  0.258024  0.225983  0.440435  0.441409  0.770658  0.273565  0.266638  0.335348  0.231521  0.654637  0.242988  0.192157  0.741468  0.229640  0.309868  0.211887 
13  0.741536  0.781028  0.783512  0.768437  0.834267  0.764122  0.781344  0.745599  0.788518  0.923724  0.814010  0.856577  0.855092 0.0  0.793694  0.782424  0.591912  0.646052  0.846205  0.771040  0.681585  0.892907  0.720458  0.420035  0.708866  0.770956  0.738573  0.800452  0.843936  0.802227  0.812178  0.830558  0.754392  0.723242  0.770563  0.787936  0.720299  0.724656  0.737163  0.676694  0.808349  0.822640  0.800242  0.725126  0.125594  0.832890  0.851284  0.774261  0.822628  0.712799  0.731234  0.819826  0.715373  0.783748  0.940477  0.758567  0.673279  0.662261  0.451965  0.723159  0.832144  0.757596  0.726299  0.600129  0.751225  0.845209  0.818276  0.757473  0.743711  0.620458  0.685380  0.770512  0.800813  0.755112  0.863620  0.743836  0.804161  0.751057  0.824639  0.763144  0.758238  0.687522  0.897088  0.710092  0.795833  0.748130  0.628572  0.871057  0.658333  0.886722  0.771415  0.745155  0.813610  0.416032  0.896117  0.830131  0.738116  0.796882  0.834036  0.906194  0.716320  0.841557  0.749074  0.738885  0.831152  0.773885  0.782610  0.738029  0.757425  0.860667  0.816991  0.783012  0.799626  0.818538  0.794468  0.827602  0.368313  0.745606  0.918547  0.763975  0.681344  0.808799  0.791198  0.741897  0.800520  0.907584  0.834966  0.708456  0.540304  0.776734  0.750474  0.784418  0.745146  0.696829  0.694795  0.859972  0.830133  0.790712  0.810808  0.629558  0.755568  0.827867  0.715760  0.826761  0.813477  0.838460 
14  0.305019  0.749280  0.812911  0.420252  0.425429  0.592828  0.434019  0.346701  0.109260  0.403522  0.388854  0.478963  0.304808  0.793694 0.0  0.328906  0.762929  0.622937  0.351379  0.326494  0.370226  0.848192  0.473000  0.426191  0.815438  0.877613  0.451162  0.283732  0.316414  0.389334  0.454426  0.528450  0.470013  0.370630  0.913547  0.319257  0.437498  0.749943  0.360699  0.648991  0.824733  0.111370  0.384010  0.354065  0.736091  0.406019  0.423534  0.422203  0.358124  0.397143  0.415899  0.411934  0.368986  0.351326  0.614904  0.360525  0.404121  0.329569  0.479214  0.385679  0.420908  0.462791  0.423910  0.724194  0.349883  0.292491  0.380723  0.737041  0.800739  0.359650  0.485639  0.375344  0.413487  0.198065  0.499625  0.409767  0.304692  0.463440  0.199235  0.866575  0.452949  0.455356  0.807784  0.481285  0.354552  0.484707  0.325843  0.364365  0.604914  0.450464  0.396255  0.449521  0.639972  0.440664  0.348486  0.522242  0.362781  0.886758  0.372790  0.330801  0.486065  0.400036  0.384034  0.431649  0.372940  0.431944  0.527476  0.753598  0.496047  0.424151  0.433187  0.440935  0.311544  0.426682  0.379871  0.448189  0.412318  0.219878  0.335800  0.703491  0.363309  0.464939  0.393514  0.757392  0.390246  0.434225  0.395445  0.516852  0.806193  0.353777  0.338064  0.381501  0.425502  0.389490  0.803183  0.491035  0.395677  0.297597  0.373771  0.620506  0.438754  0.381808  0.676959  0.350101  0.374790  0.269565 
15  0.259066  0.855692  0.855964  0.278409  0.248672  0.637275  0.172144  0.343952  0.447158  0.328402  0.172685  0.268477  0.278546  0.782424  0.328906 0.0  0.790418  0.627211  0.279579  0.446777  0.077124  0.871167  0.388243  0.346466  0.783110  0.717174  0.254611  0.230482  0.369857  0.228210  0.314767  0.281998  0.073754  0.280238  0.817567  0.168360  0.287399  0.727503  0.278294  0.764203  0.811405  0.426656  0.292061  0.286173  0.774541  0.337709  0.128028  0.073754  0.233963  0.331868  0.242774  0.462580  0.253684  0.358238  0.469465  0.351672  0.273286  0.259374  0.405653  0.313835  0.305317  0.273174  0.312488  0.785735  0.345253  0.233957  0.157149  0.638961  0.862051  0.259150  0.422119  0.213456  0.292339  0.343000  0.352463  0.301146  0.171225  0.265558  0.152774  0.834312  0.360080  0.364883  0.805851  0.140739  0.154774  0.114362  0.318579  0.297870  0.598808  0.274859  0.290880  0.260250  0.533445  0.385663  0.291876  0.552430  0.305742  0.779377  0.300846  0.277374  0.213695  0.374779  0.289828  0.424621  0.073754  0.360161  0.320816  0.837936  0.202990  0.077465  0.092642  0.278888  0.225052  0.188651  0.318719  0.217179  0.459195  0.363747  0.143039  0.720978  0.284487  0.264272  0.254588  0.707472  0.278708  0.162538  0.073754  0.497905  0.839435  0.073754  0.254430  0.073754  0.410223  0.368428  0.748109  0.189126  0.349968  0.408875  0.302548  0.709961  0.416130  0.375446  0.808879  0.319108  0.406906  0.116977 
16  0.713099  0.755133  0.729466  0.708646  0.760103  0.748970  0.698590  0.775130  0.802590  0.682068  0.762585  0.755338  0.693481  0.591912  0.762929  0.790418 0.0  0.611118  0.710580  0.797993  0.714526  0.830072  0.756114  0.516930  0.677772  0.706635  0.771188  0.697299  0.696012  0.742306  0.777176  0.772808  0.698778  0.703068  0.623155  0.637642  0.791610  0.816004  0.644586  0.699276  0.696557  0.815706  0.733519  0.665189  0.649834  0.890592  0.860823  0.768865  0.668240  0.740213  0.632244  0.783008  0.821123  0.768257  0.687686  0.668487  0.708361  0.598020  0.478999  0.722833  0.732670  0.776031  0.757935  0.746988  0.847043  0.776420  0.746127  0.723326  0.731076  0.562068  0.718730  0.750233  0.710420  0.769758  0.733636  0.696925  0.701578  0.679000  0.733623  0.798781  0.742298  0.664463  0.697547  0.694825  0.784894  0.761243  0.618946  0.716227  0.284263  0.662124  0.672593  0.800182  0.664712  0.471127  0.839316  0.649691  0.773026  0.716420  0.765929  0.705127  0.750836  0.660216  0.809011  0.735391  0.745839  0.730159  0.668449  0.735716  0.757941  0.731405  0.685521  0.696510  0.713938  0.755069  0.627608  0.781612  0.492146  0.743995  0.702116  0.692621  0.685969  0.691826  0.723697  0.678764  0.675085  0.794641  0.625583  0.756203  0.805325  0.728364  0.765176  0.647240  0.750651  0.707096  0.573777  0.778389  0.712749  0.667606  0.755536  0.593305  0.678234  0.734615  0.675376  0.818753  0.683324  0.672374 
17  0.500543  0.537381  0.622842  0.647059  0.586544  0.542551  0.556778  0.672696  0.638947  0.640446  0.712737  0.737548  0.594911  0.646052  0.622937  0.627211  0.611118 0.0  0.693223  0.594422  0.593001  0.552952  0.735657  0.390733  0.538070  0.740859  0.577125  0.562778  0.663929  0.597992  0.676732  0.608915  0.677804  0.703179  0.670111  0.657874  0.687891  0.482558  0.716455  0.712371  0.631209  0.580165  0.557772  0.578346  0.621383  0.652451  0.657766  0.584747  0.559275  0.551637  0.627697  0.637544  0.622929  0.555804  0.588800  0.600655  0.560821  0.595599  0.447244  0.607941  0.566085  0.593689  0.606598  0.644688  0.627204  0.668017  0.647695  0.650302  0.612959  0.616670  0.618506  0.543951  0.711075  0.582838  0.665851  0.631924  0.649067  0.617801  0.599236  0.589320  0.620055  0.658749  0.537371  0.744664  0.698099  0.566250  0.697552  0.662778  0.545122  0.570619  0.616092  0.673705  0.607776  0.400973  0.628766  0.665671  0.525898  0.634117  0.585265  0.625672  0.537203  0.670936  0.639427  0.733690  0.602652  0.599376  0.644630  0.687302  0.646843  0.667877  0.691017  0.560405  0.566214  0.682526  0.610430  0.626419  0.444412  0.629685  0.572411  0.602157  0.650358  0.547511  0.648647  0.634990  0.649511  0.597055  0.651380  0.681442  0.777326  0.653197  0.679699  0.564113  0.690162  0.637793  0.715009  0.766876  0.592482  0.726015  0.558246  0.675981  0.654240  0.661926  0.595630  0.620333  0.658060  0.703408 
18  0.249105  0.868690  0.787302  0.241946  0.174832  0.613861  0.189458  0.240176  0.394291  0.210048  0.238713  0.265366  0.170284  0.846205  0.351379  0.279579  0.710580  0.693223 0.0  0.388778  0.237850  0.710446  0.264411  0.464483  0.701645  0.753021  0.310404  0.237995  0.265963  0.194860  0.248722  0.293340  0.224377  0.196273  0.760640  0.268847  0.190212  0.623117  0.195251  0.694553  0.808734  0.333225  0.315561  0.289053  0.862113  0.202453  0.253630  0.302766  0.315514  0.225518  0.262921  0.271793  0.227563  0.224088  0.577648  0.126087  0.165072  0.242530  0.423771  0.375326  0.174899  0.286915  0.321108  0.671405  0.264221  0.235791  0.260851  0.780287  0.928771  0.338256  0.259588  0.288396  0.225057  0.378972  0.224742  0.198892  0.287140  0.291749  0.102220  0.851145  0.215968  0.205377  0.832025  0.197550  0.208818  0.247599  0.221829  0.242654  0.582877  0.262617  0.244029  0.220139  0.552788  0.499667  0.275779  0.599966  0.303306  0.847046  0.229345  0.315551  0.220958  0.261921  0.236741  0.228832  0.237139  0.385087  0.247347  0.778681  0.251766  0.280173  0.150668  0.202309  0.224443  0.189597  0.271360  0.159426  0.491474  0.332794  0.179114  0.787697  0.238053  0.314878  0.217364  0.839573  0.233999  0.218472  0.260646  0.522505  0.793671  0.210761  0.299677  0.201162  0.467666  0.373486  0.911402  0.186143  0.251972  0.177228  0.294233  0.599880  0.158945  0.219240  0.739534  0.245268  0.308863  0.178430 
19  0.416444  0.763573  0.764095  0.436653  0.478563  0.263088  0.347472  0.504521  0.466550  0.393862  0.430904  0.459878  0.481532  0.771040  0.326494  0.446777  0.797993  0.594422  0.388778 0.0  0.497346  0.674732  0.506941  0.442888  0.777874  0.829596  0.523477  0.480203  0.305484  0.374283  0.480032  0.331257  0.483063  0.308047  0.745796  0.374036  0.401942  0.761236  0.439121  0.741555  0.663572  0.492795  0.444421  0.469859  0.669029  0.435637  0.450978  0.461021  0.396317  0.431764  0.437368  0.376814  0.431881  0.485541  0.489543  0.479123  0.428054  0.321796  0.411176  0.461253  0.450620  0.472022  0.456918  0.776308  0.386091  0.435051  0.469849  0.718730  0.663709  0.281056  0.415466  0.459404  0.379962  0.442404  0.448516  0.447375  0.351168  0.491182  0.421986  0.787817  0.460388  0.477002  0.725088  0.530404  0.450885  0.346696  0.274348  0.454036  0.599203  0.510610  0.426866  0.377908  0.287145  0.437627  0.359942  0.205783  0.425003  0.716063  0.382627  0.473865  0.436586  0.348020  0.376816  0.439596  0.409858  0.517454  0.470098  0.721681  0.403812  0.393399  0.416863  0.472359  0.500482  0.485173  0.514609  0.408510  0.467102  0.486725  0.541128  0.714278  0.383213  0.518349  0.411278  0.721601  0.453439  0.517015  0.409456  0.402944  0.738041  0.415807  0.417091  0.479900  0.449602  0.442598  0.845004  0.534309  0.428984  0.419308  0.443983  0.732394  0.477083  0.459161  0.806534  0.370898  0.406228  0.464403 
20  0.266148  0.800469  0.868710  0.246897  0.306015  0.602432  0.178742  0.242588  0.422195  0.352034  0.165717  0.315213  0.231765  0.681585  0.370226  0.077124  0.714526  0.593001  0.237850  0.497346 0.0  0.757719  0.201674  0.433113  0.820955  0.693669  0.215053  0.312621  0.263017  0.210265  0.234122  0.119231  0.073754  0.224420  0.849658  0.121400  0.272642  0.699479  0.185620  0.697332  0.696473  0.321078  0.224187  0.240069  0.807134  0.230435  0.170362  0.162528  0.221948  0.271154  0.192988  0.331713  0.217362  0.273883  0.454449  0.148594  0.205220  0.282629  0.403466  0.221397  0.368878  0.334243  0.269165  0.685261  0.359331  0.147139  0.305500  0.833643  0.825858  0.311397  0.259527  0.257080  0.291628  0.456400  0.251602  0.251097  0.149436  0.155114  0.087485  0.808272  0.285309  0.205831  0.773714  0.082424  0.084485  0.209805  0.261801  0.330014  0.674575  0.293398  0.227610  0.325301  0.695307  0.373294  0.224174  0.562723  0.386997  0.878582  0.297753  0.191248  0.272089  0.320124  0.292117  0.252592  0.073754  0.292213  0.282862  0.803897  0.150760  0.157775  0.155336  0.138828  0.141619  0.219460  0.344350  0.278417  0.390863  0.340011  0.141405  0.811219  0.203745  0.142849  0.084408  0.712888  0.290995  0.102589  0.228449  0.465342  0.773689  0.126814  0.179609  0.115526  0.396071  0.455744  0.788505  0.152182  0.290093  0.332943  0.306653  0.682368  0.325338  0.141756  0.813555  0.273000  0.234965  0.148772 
21  0.886563  0.550006  0.528244  0.784413  0.775090  0.835674  0.820223  0.851157  0.836782  0.853053  0.845717  0.834520  0.851410  0.892907  0.848192  0.871167  0.830072  0.552952  0.710446  0.674732  0.757719 0.0  0.777423  0.476391  0.791731  0.732975  0.870457  0.771323  0.853907  0.822907  0.831528  0.796575  0.774292  0.826336  0.203569  0.919725  0.718414  0.739822  0.867198  0.484453  0.765489  0.825750  0.774480  0.829632  0.801416  0.713608  0.835663  0.802901  0.868113  0.752717  0.758709  0.740143  0.893367  0.878930  0.765041  0.781774  0.849135  0.604645  0.522737  0.819311  0.880595  0.909994  0.878096  0.762516  0.846044  0.818619  0.824705  0.128710  0.783125  0.566024  0.860529  0.738663  0.809701  0.832126  0.852770  0.875657  0.874971  0.745402  0.698256  0.323773  0.773016  0.885608  0.759823  0.790270  0.866902  0.894762  0.653913  0.825900  0.667984  0.857041  0.885496  0.837138  0.857779  0.406818  0.892172  0.851881  0.758170  0.488871  0.821620  0.828273  0.851618  0.936684  0.781282  0.839456  0.862513  0.815106  0.809420  0.722363  0.853505  0.877207  0.796646  0.867507  0.615475  0.749410  0.807529  0.783553  0.477319  0.796140  0.904837  0.194519  0.762826  0.837544  0.720881  0.397919  0.783033  0.861387  0.918129  0.831072  0.826903  0.900180  0.840530  0.779359  0.771225  0.655844  0.916528  0.737601  0.784925  0.916408  0.957888  0.569052  0.842432  0.848925  0.756172  0.752198  0.812748  0.758947 
22  0.325538  0.842131  0.769372  0.212372  0.355941  0.741440  0.412474  0.229547  0.510400  0.248611  0.340622  0.287326  0.276738  0.720458  0.473000  0.388243  0.756114  0.735657  0.264411  0.506941  0.201674  0.777423 0.0  0.533313  0.868662  0.715263  0.179136  0.230235  0.157305  0.408921  0.210763  0.351665  0.333876  0.145245  0.843370  0.293338  0.172962  0.718375  0.317893  0.656008  0.706984  0.311486  0.316918  0.374763  0.845509  0.269287  0.355589  0.406369  0.074634  0.232585  0.311805  0.214070  0.378257  0.202259  0.532717  0.112377  0.118748  0.285226  0.395254  0.167711  0.367132  0.404965  0.130781  0.679058  0.243210  0.275653  0.405639  0.762445  0.854701  0.313857  0.262188  0.341133  0.139276  0.390797  0.212070  0.267083  0.287317  0.306809  0.134332  0.801976  0.197229  0.090892  0.784270  0.269610  0.275669  0.327481  0.302071  0.168871  0.599993  0.139934  0.153666  0.073754  0.552362  0.443755  0.321574  0.553872  0.184699  0.853265  0.073754  0.118656  0.257453  0.305674  0.189373  0.158553  0.211794  0.156698  0.164251  0.696551  0.304185  0.320252  0.343959  0.351813  0.329868  0.335441  0.214662  0.342907  0.407175  0.371801  0.336509  0.698918  0.217022  0.289752  0.318451  0.763613  0.351754  0.420409  0.352157  0.553103  0.803897  0.355971  0.217842  0.172214  0.375096  0.413212  0.790882  0.294331  0.216991  0.270695  0.209471  0.597637  0.183582  0.324884  0.725928  0.254924  0.096087  0.263042 
23  0.496707  0.441273  0.429596  0.403590  0.348240  0.488877  0.331174  0.493341  0.463956  0.440353  0.572509  0.553594  0.506315  0.420035  0.426191  0.346466  0.516930  0.390733  0.464483  0.442888  0.433113  0.476391  0.533313 0.0  0.454962  0.410665  0.447343  0.441888  0.444371  0.341537  0.402134  0.507200  0.435487  0.466427  0.486576  0.459789  0.358587  0.368384  0.393892  0.453717  0.498187  0.431045  0.445427  0.407320  0.445007  0.458761  0.323868  0.438468  0.476601  0.434630  0.505852  0.347497  0.532461  0.461804  0.445725  0.351391  0.370753  0.392548  0.416841  0.418273  0.391101  0.425384  0.413792  0.485606  0.470375  0.414077  0.455636  0.478733  0.466843  0.451063  0.540669  0.459341  0.472540  0.490202  0.412477  0.432373  0.533216  0.485069  0.440511  0.429468  0.442900  0.460600  0.469454  0.492597  0.423557  0.441968  0.468803  0.405675  0.562237  0.403876  0.496288  0.459040  0.410050  0.505033  0.450253  0.489201  0.465423  0.509067  0.469970  0.542044  0.417483  0.508562  0.307823  0.468120  0.395552  0.433698  0.524077  0.821057  0.490969  0.421792  0.522235  0.414700  0.471959  0.515166  0.510994  0.487017  0.375391  0.389410  0.402377  0.523302  0.487558  0.514299  0.479862  0.372483  0.424225  0.445194  0.403555  0.602645  0.520967  0.412552  0.385030  0.528393  0.441603  0.423791  0.272654  0.436707  0.450102  0.418448  0.377518  0.440548  0.355541  0.472535  0.441233  0.499895  0.331354  0.462237 
24  0.714219  0.653772  0.781825  0.773082  0.790793  0.765926  0.717856  0.740837  0.851783  0.747191  0.807154  0.810967  0.804106  0.708866  0.815438  0.783110  0.677772  0.538070  0.701645  0.777874  0.820955  0.791731  0.868662  0.454962 0.0  0.109455  0.768265  0.769046  0.821647  0.798448  0.881580  0.619635  0.663738  0.713383  0.780268  0.735109  0.755572  0.386833  0.714818  0.733577  0.440512  0.725339  0.667809  0.640034  0.709953  0.720512  0.707360  0.819383  0.744630  0.816356  0.840629  0.888531  0.801369  0.809955  0.694761  0.735539  0.750836  0.480756  0.470966  0.851450  0.793473  0.735731  0.847476  0.712947  0.750644  0.766240  0.911902  0.700855  0.815688  0.688911  0.826179  0.737902  0.884698  0.729916  0.718872  0.814090  0.760433  0.858943  0.891043  0.804123  0.791752  0.917113  0.806062  0.772840  0.792596  0.657206  0.690683  0.758683  0.622012  0.782465  0.745585  0.854885  0.725422  0.498312  0.714247  0.829604  0.759421  0.694667  0.787374  0.748387  0.873264  0.778297  0.797974  0.732436  0.825305  0.806033  0.832476  0.690622  0.770799  0.787888  0.819393  0.773129  0.883896  0.808172  0.843989  0.645674  0.405184  0.821221  0.878882  0.745614  0.830811  0.775663  0.764310  0.713298  0.818163  0.751720  0.837114  0.815133  0.648268  0.725604  0.833204  0.732869  0.639133  0.730084  0.733746  0.745626  0.718354  0.712507  0.824448  0.321603  0.778357  0.716675  0.695580  0.768698  0.824321  0.796273 
25  0.710114  0.809632  0.771359  0.782728  0.846017  0.833078  0.850570  0.730984  0.848797  0.736826  0.794551  0.840396  0.952373  0.770956  0.877613  0.717174  0.706635  0.740859  0.753021  0.829596  0.693669  0.732975  0.715263  0.410665  0.109455 0.0  0.932782  0.754720  0.795047  0.727654  0.723874  0.773272  0.767836  0.822919  0.724352  0.759850  0.781410  0.395233  0.753527  0.706500  0.401484  0.733103  0.760206  0.731234  0.861203  0.722615  0.756375  0.787295  0.841005  0.813919  0.734857  0.766229  0.841886  0.852980  0.820334  0.793252  0.788771  0.674927  0.438838  0.843453  0.785125  0.762555  0.708056  0.629013  0.777734  0.722662  0.829972  0.774870  0.758291  0.582613  0.779375  0.870718  0.822889  0.762843  0.784429  0.765876  0.682598  0.841880  0.847444  0.790039  0.854316  0.856640  0.850473  0.695296  0.724059  0.768105  0.715214  0.894545  0.619220  0.787643  0.624696  0.800928  0.749532  0.449803  0.752394  0.780864  0.801712  0.682522  0.782100  0.714975  0.736475  0.829386  0.808544  0.808019  0.888348  0.783653  0.684720  0.765860  0.787081  0.779283  0.863333  0.773437  0.837856  0.805019  0.827745  0.838180  0.359617  0.798489  0.769108  0.801894  0.763650  0.835897  0.797471  0.784739  0.775075  0.748531  0.838613  0.789809  0.823402  0.770276  0.753569  0.750122  0.734022  0.642833  0.810322  0.756432  0.666636  0.776712  0.750458  0.458825  0.800540  0.815004  0.720261  0.772108  0.803980  0.805376 
26  0.282479  0.846296  0.743689  0.364366  0.180671  0.660729  0.275479  0.073754  0.485111  0.269164  0.348736  0.162341  0.156719  0.738573  0.451162  0.254611  0.771188  0.577125  0.310404  0.523477  0.215053  0.870457  0.179136  0.447343  0.768265  0.932782 0.0  0.144520  0.209549  0.394791  0.265164  0.266656  0.367488  0.110584  0.867685  0.333982  0.132663  0.789603  0.199553  0.698632  0.726810  0.285622  0.312378  0.322228  0.739941  0.254537  0.290890  0.258674  0.160661  0.073754  0.436068  0.230119  0.300076  0.270081  0.478942  0.122786  0.281461  0.310155  0.462849  0.073754  0.346337  0.170126  0.073754  0.735868  0.171070  0.363710  0.278645  0.692247  0.870020  0.229845  0.227349  0.336500  0.244917  0.308015  0.191597  0.248292  0.234239  0.275793  0.125338  0.780823  0.106724  0.152351  0.684732  0.180827  0.285985  0.352902  0.261343  0.113893  0.600649  0.204066  0.108046  0.085458  0.565268  0.473419  0.303314  0.709727  0.171556  0.915189  0.229388  0.223419  0.188642  0.073754  0.185122  0.193440  0.380430  0.102508  0.073754  0.793546  0.286446  0.328819  0.382239  0.280225  0.314019  0.329931  0.121486  0.320765  0.514137  0.376012  0.308625  0.735078  0.079994  0.318261  0.231722  0.722338  0.349159  0.275260  0.249384  0.446946  0.787266  0.273716  0.142561  0.345363  0.367994  0.407679  0.789077  0.195130  0.146245  0.281511  0.211110  0.689880  0.099219  0.333682  0.661097  0.073754  0.151545  0.127214 
