146
0 0.0  0.825604  0.776282  0.148339  0.190027  0.499656  0.137663  0.248381  0.342747  0.218412  0.087857  0.245212  0.197498  0.660596  0.367282  0.183759  0.674521  0.542288  0.197196  0.400028  0.159898  0.850780  0.260721  0.383651  0.718450  0.683553  0.241162  0.249081  0.250077  0.189825  0.234356  0.171971  0.174517  0.254826  0.712997  0.198143  0.224312  0.682735  0.175601  0.599314  0.656484  0.278792  0.094505  0.130354  0.732485  0.246148  0.171158  0.135599  0.248312  0.270966  0.136765  0.253309  0.089181  0.215412  0.465729  0.281927  0.242048  0.307437  0.399852  0.254379  0.255579  0.245747  0.236982  0.664599  0.251980  0.136326  0.137399  0.701427  0.671613  0.270007  0.142569  0.169457  0.245049  0.304921  0.257034  0.088755  0.173065  0.173973  0.155312  0.780968  0.273510  0.238551  0.644415  0.148086  0.160497  0.172604  0.244745  0.256228  0.558019  0.249647  0.225605  0.216110  0.485351  0.404572  0.106606  0.483487  0.202879  0.915691  0.226448  0.244268  0.247775  0.242683  0.286199  0.282234  0.164612  0.231855  0.241225  0.702038  0.138771  0.194701  0.197278  0.180360  0.188053  0.125355  0.256219  0.179841  0.477789  0.328270  0.182681  0.628827  0.246620  0.139580  0.181671  0.710477  0.135879  0.176557  0.165567  0.504298  0.668841  0.179426  0.253160  0.176385  0.418514  0.344234  0.718574  0.117860  0.255302  0.260860  0.240061  0.688250  0.266301  0.165032  0.631883  0.273320  0.238615  0.155734 
1  0.825604 0.0  0.195802  0.689193  0.651909  0.794723  0.707652  0.772230  0.747980  0.801381  0.713693  0.733644  0.844454  0.672638  0.785814  0.735875  0.589657  0.593158  0.743064  0.618383  0.767575  0.514047  0.730017  0.414648  0.677353  0.526318  0.689659  0.719581  0.646072  0.731677  0.695243  0.835050  0.691889  0.792838  0.516204  0.676513  0.739489  0.715170  0.889818  0.200056  0.721454  0.724832  0.835234  0.689922  0.740897  0.775254  0.725318  0.977850  0.895139  0.795309  0.844649  0.734865  0.677926  0.736420  0.631478  0.702849  0.808526  0.594408  0.475613  0.685423  0.814375  0.909559  0.812354  0.589516  0.735557  0.769941  0.869356  0.387709  0.837198  0.609653  0.751079  0.732393  0.904152  0.738383  0.654185  0.780527  0.689737  0.712431  0.778190  0.550413  0.752193  0.803720  0.747837  0.821248  0.713719  0.740214  0.622264  0.697641  0.650895  0.791294  0.787615  0.769311  0.684875  0.390383  0.769375  0.787698  0.719649  0.362483  0.781375  0.726005  0.878673  0.778036  0.816910  0.805276  0.793125  0.750738  0.755781  0.766788  0.786825  0.613079  0.837098  0.710697  0.754855  0.845190  0.740162  0.739125  0.473193  0.726074  0.751940  0.444739  0.806255  0.822561  0.875938  0.375627  0.664138  0.721194  0.657187  0.796778  0.705638  0.816666  0.757821  0.793403  0.581986  0.596676  0.854358  0.740188  0.766784  0.718700  0.651099  0.629057  0.751149  0.744404  0.591229  0.761793  0.724839  0.752207 
2  0.776282  0.195802 0.0  0.759380  0.814921  0.813337  0.773365  0.836728  0.803341  0.768628  0.766886  0.676603  0.764885  0.690440  0.878729  0.756271  0.621962  0.462137  0.810824  0.687308  0.799024  0.553667  0.746994  0.425033  0.678422  0.702324  0.846070  0.714048  0.706435  0.777121  0.715259  0.733623  0.749107  0.855615  0.438161  0.831081  0.682617  0.673233  0.841531  0.203368  0.696699  0.728135  0.726972  0.735501  0.601323  0.881779  0.713637  0.758979  0.783967  0.646477  0.822986  0.861880  0.920518  0.673487  0.728198  0.693480  0.708551  0.597735  0.459737  0.876944  0.673033  0.713110  0.753020  0.700744  0.727647  0.694854  0.779875  0.450243  0.642381  0.572779  0.870046  0.751971  0.813829  0.723336  0.788521  0.872929  0.690566  0.824230  0.750816  0.533338  0.797785  0.873044  0.766621  0.704583  0.673868  0.725651  0.605048  0.739442  0.640503  0.832088  0.693803  0.627025  0.756306  0.334366  0.947145  0.756747  0.776503  0.282637  0.792383  0.800590  0.604115  0.755442  0.647931  0.714334  0.779333  0.621669  0.772506  0.657441  0.733547  0.704396  0.687602  0.685773  0.775607  0.697930  0.721573  0.826406  0.438520  0.756952  0.823156  0.400987  0.748706  0.806555  0.739772  0.397108  0.722959  0.748361  0.741688  0.652807  0.702608  0.702933  0.813279  0.659017  0.688581  0.595378  0.679539  0.868356  0.696639  0.705687  0.749647  0.652574  0.635435  0.706106  0.801156  0.765142  0.793899  0.656332 
3  0.148339  0.689193  0.759380 0.0  0.188792  0.548391  0.089810  0.248206  0.323092  0.231836  0.139679  0.234508  0.193572  0.821819  0.320425  0.179426  0.605680  0.633154  0.179924  0.389625  0.171489  0.744769  0.256910  0.421860  0.770218  0.627921  0.242929  0.232820  0.261141  0.169137  0.225562  0.185897  0.195879  0.232217  0.826210  0.189149  0.224684  0.653109  0.184494  0.594411  0.661757  0.275011  0.132151  0.090723  0.703832  0.249206  0.172273  0.104350  0.262350  0.251415  0.137847  0.268145  0.147420  0.231646  0.435995  0.246914  0.261056  0.237268  0.451700  0.258429  0.254936  0.235538  0.249658  0.704776  0.242216  0.088654  0.087672  0.720833  0.748605  0.304050  0.140086  0.177569  0.301250  0.335635  0.301500  0.137925  0.162013  0.185176  0.151008  0.801920  0.246651  0.273934  0.606357  0.158211  0.179414  0.181307  0.257296  0.267145  0.519695  0.252137  0.252936  0.230990  0.484201  0.426450  0.145355  0.565271  0.264821  0.755721  0.247669  0.243345  0.267313  0.252552  0.216937  0.236958  0.196433  0.254068  0.254862  0.751307  0.089204  0.173616  0.180341  0.177587  0.166503  0.130753  0.224182  0.171416  0.440996  0.324667  0.169342  0.791166  0.263063  0.089018  0.181516  0.710459  0.124428  0.178978  0.179526  0.404007  0.667122  0.162540  0.242090  0.183392  0.443055  0.409359  0.675475  0.135314  0.252149  0.235950  0.245305  0.576682  0.232231  0.186064  0.679392  0.265430  0.242203  0.150220 
4  0.190027  0.651909  0.814921  0.188792 0.0  0.543274  0.200197  0.232431  0.326425  0.232882  0.188075  0.279278  0.193138  0.724523  0.304191  0.190709  0.587569  0.534214  0.194497  0.410564  0.148029  0.641011  0.266081  0.426543  0.717158  0.691430  0.261015  0.248110  0.282562  0.152532  0.246400  0.140894  0.170464  0.221956  0.836160  0.192923  0.228179  0.563214  0.126079  0.638641  0.640825  0.258803  0.171356  0.210608  0.774089  0.237446  0.205795  0.202582  0.253443  0.278081  0.204695  0.238872  0.202556  0.218185  0.376007  0.245579  0.258457  0.271632  0.433629  0.259336  0.237475  0.221083  0.205377  0.804268  0.253672  0.175699  0.190729  0.738616  0.814995  0.300635  0.204702  0.141435  0.274795  0.316505  0.245961  0.200457  0.121491  0.087714  0.159891  0.858543  0.235711  0.237642  0.711203  0.158226  0.171149  0.184146  0.291863  0.272434  0.618733  0.264562  0.267340  0.254919  0.443788  0.416410  0.197775  0.599879  0.224297  0.745568  0.262487  0.230936  0.271797  0.257691  0.236366  0.230625  0.201220  0.234044  0.239351  0.837387  0.176915  0.200840  0.180886  0.124485  0.088619  0.179473  0.260510  0.105719  0.410028  0.327533  0.169684  0.641054  0.250649  0.214407  0.143688  0.706126  0.167361  0.183404  0.176553  0.403791  0.753041  0.197649  0.240107  0.166981  0.420727  0.407084  0.613594  0.178298  0.252000  0.241044  0.244298  0.546010  0.268837  0.143099  0.726181  0.269827  0.265928  0.147188 
5  0.499656  0.794723  0.813337  0.548391  0.543274 0.0  0.585849  0.540408  0.447879  0.517009  0.586065  0.557195  0.504874  0.835535  0.493747  0.497791  0.706096  0.647780  0.473831  0.191210  0.488853  0.715092  0.505244  0.496374  0.751196  0.770008  0.492392  0.453741  0.520862  0.615402  0.569571  0.525440  0.520241  0.595522  0.811101  0.474601  0.568457  0.592650  0.548925  0.702400  0.686360  0.412385  0.504937  0.554848  0.706240  0.543726  0.590811  0.599491  0.505567  0.507645  0.548830  0.584930  0.557542  0.503061  0.428927  0.447803  0.513871  0.286619  0.434803  0.616428  0.492938  0.520214  0.477804  0.742420  0.523910  0.482720  0.542606  0.746499  0.788963  0.296886  0.566182  0.509590  0.466733  0.421107  0.560543  0.595398  0.510909  0.570702  0.424830  0.716277  0.524455  0.513475  0.734888  0.457335  0.499565  0.492219  0.282851  0.490303  0.609361  0.497248  0.480773  0.475984  0.127410  0.474253  0.552230  0.146226  0.585337  0.725894  0.557695  0.595396  0.487680  0.474569  0.475122  0.545351  0.546899  0.542807  0.472293  0.800727  0.578726  0.476626  0.529868  0.514157  0.543063  0.550747  0.554864  0.591879  0.422916  0.434009  0.573927  0.703365  0.532027  0.575483  0.574212  0.720597  0.529741  0.539111  0.477902  0.403844  0.855083  0.564884  0.498389  0.495033  0.361572  0.419956  0.633878  0.539870  0.566944  0.561603  0.576543  0.630255  0.550653  0.591390  0.663048  0.509020  0.579796  0.437186 
6  0.137663  0.707652  0.773365  0.089810  0.200197  0.585849 0.0  0.257436  0.402800  0.220399  0.142934  0.231898  0.219483  0.692662  0.335288  0.163341  0.572912  0.592016  0.201265  0.429561  0.156342  0.668559  0.263940  0.467673  0.683402  0.708948  0.259274  0.242303  0.267952  0.183038  0.226805  0.192931  0.176680  0.258986  0.831029  0.205956  0.225967  0.658683  0.178882  0.646088  0.706441  0.249111  0.123829  0.083556  0.757444  0.251654  0.225674  0.109997  0.261962  0.235286  0.135128  0.253305  0.137455  0.214396  0.434100  0.280680  0.236343  0.280088  0.462189  0.248254  0.266318  0.195965  0.238398  0.605623  0.275856  0.088894  0.089138  0.737270  0.935751  0.287336  0.138978  0.192182  0.254785  0.321729  0.234636  0.150007  0.151491  0.195356  0.155530  0.774420  0.291728  0.274856  0.665211  0.144450  0.176451  0.180450  0.257563  0.255826  0.456359  0.245153  0.252220  0.218654  0.505922  0.453132  0.139904  0.566956  0.243720  0.766079  0.239509  0.238353  0.290276  0.248061  0.254051  0.264838  0.172021  0.252226  0.281228  0.714553  0.090210  0.196557  0.194796  0.165838  0.203579  0.127265  0.265436  0.189232  0.394696  0.329207  0.185326  0.690755  0.252156  0.095863  0.187622  0.682533  0.131676  0.186909  0.184212  0.479859  0.805988  0.195450  0.265809  0.161964  0.374630  0.392939  0.697939  0.121078  0.245653  0.254570  0.209640  0.603942  0.249005  0.208258  0.725315  0.286185  0.256078  0.157530 
7  0.248381  0.772230  0.836728  0.248206  0.232431  0.540408  0.257436 0.0  0.315070  0.162253  0.254992  0.177782  0.206101  0.751183  0.363720  0.290217  0.663616  0.628536  0.211290  0.358035  0.247258  0.703760  0.135789  0.400245  0.696960  0.554603  0.086960  0.158972  0.141868  0.282451  0.176330  0.256735  0.250129  0.126399  0.773076  0.264398  0.109393  0.661045  0.246719  0.563055  0.619099  0.262084  0.261140  0.252189  0.686168  0.257733  0.243906  0.284112  0.146742  0.134541  0.241583  0.197107  0.247938  0.154283  0.505454  0.087735  0.178066  0.285180  0.376354  0.087231  0.273938  0.226395  0.087598  0.577525  0.140901  0.269811  0.247538  0.751743  0.787304  0.263249  0.225030  0.273022  0.132825  0.299363  0.130802  0.237863  0.229746  0.292573  0.149605  0.780809  0.075928  0.147190  0.673351  0.227502  0.232760  0.241399  0.265465  0.088315  0.610485  0.130919  0.136928  0.105847  0.539397  0.376486  0.267636  0.555383  0.075928  0.848402  0.137345  0.088504  0.144560  0.075928  0.153708  0.148645  0.248084  0.104894  0.075928  0.683598  0.249370  0.231849  0.277258  0.221213  0.260946  0.266255  0.146595  0.250323  0.387724  0.319799  0.250447  0.683230  0.131185  0.240577  0.252024  0.733987  0.255792  0.283372  0.249240  0.451183  0.713072  0.255185  0.089762  0.247949  0.390811  0.430529  0.698546  0.245572  0.139664  0.144688  0.144319  0.538833  0.109873  0.213582  0.584314  0.132814  0.138934  0.150957 
8  0.342747  0.747980  0.803341  0.323092  0.326425  0.447879  0.402800  0.315070 0.0  0.385528  0.342286  0.300003  0.279847  0.673704  0.108388  0.370076  0.724613  0.619390  0.288355  0.350449  0.359043  0.730783  0.355033  0.415325  0.722339  0.713516  0.378881  0.310088  0.352826  0.349875  0.329567  0.307548  0.373789  0.340513  0.801120  0.387238  0.300160  0.754657  0.365024  0.592472  0.645603  0.151423  0.380275  0.363886  0.721665  0.353228  0.318768  0.351921  0.347331  0.345620  0.367634  0.401612  0.369202  0.366725  0.446334  0.269706  0.362097  0.228631  0.394838  0.347461  0.383748  0.327831  0.344238  0.667415  0.312767  0.363103  0.356378  0.732800  0.716267  0.291403  0.397980  0.347784  0.321174  0.104544  0.362396  0.362422  0.373780  0.350998  0.259040  0.755237  0.349692  0.383012  0.716608  0.335764  0.334279  0.347121  0.289932  0.363180  0.539174  0.373563  0.319915  0.294687  0.439924  0.444214  0.333538  0.528192  0.354468  0.748424  0.372681  0.300662  0.374703  0.374991  0.401315  0.349412  0.306884  0.364281  0.340979  0.746842  0.343912  0.352854  0.366900  0.382183  0.331260  0.317282  0.375854  0.371778  0.457530  0.192653  0.333489  0.721303  0.395732  0.342105  0.337110  0.676228  0.366508  0.387462  0.266393  0.486230  0.747247  0.377246  0.395257  0.343823  0.373136  0.426103  0.816983  0.353563  0.325688  0.300221  0.332419  0.536662  0.397926  0.401420  0.625019  0.313469  0.361078  0.262121 
9  0.218412  0.801381  0.768628  0.231836  0.232882  0.517009  0.220399  0.162253  0.385528 0.0  0.219413  0.158796  0.204916  0.835095  0.330497  0.208457  0.614920  0.572798  0.213022  0.388560  0.207274  0.858320  0.148185  0.495743  0.689838  0.632011  0.146929  0.102515  0.160112  0.203685  0.153197  0.246200  0.225381  0.153102  0.672898  0.209470  0.153888  0.658457  0.213076  0.755639  0.609101  0.283401  0.241326  0.259130  0.699816  0.188546  0.192694  0.215280  0.158853  0.150936  0.221398  0.141134  0.211798  0.102799  0.454924  0.148254  0.128699  0.293661  0.418617  0.146834  0.225674  0.211738  0.153870  0.678233  0.148609  0.233715  0.226965  0.769872  0.727672  0.271457  0.202647  0.227569  0.144568  0.345483  0.156706  0.200958  0.222068  0.215002  0.156189  0.728452  0.166521  0.152188  0.689803  0.216808  0.244074  0.237159  0.273631  0.160618  0.620377  0.144760  0.165703  0.148923  0.527848  0.461028  0.221714  0.426960  0.150470  0.787909  0.147158  0.145822  0.151124  0.156603  0.140526  0.149995  0.233677  0.149682  0.146972  0.702873  0.222841  0.214728  0.208835  0.253971  0.218266  0.198214  0.154956  0.231942  0.392051  0.273047  0.227575  0.795635  0.147909  0.199619  0.241742  0.633646  0.203821  0.225691  0.200618  0.440296  0.773048  0.235742  0.149990  0.211528  0.455411  0.366611  0.779279  0.225626  0.158964  0.139509  0.108185  0.556258  0.156205  0.248259  0.693285  0.147782  0.153886  0.152180 
10  0.087857  0.713693  0.766886  0.139679  0.188075  0.586065  0.142934  0.254992  0.342286  0.219413 0.0  0.239329  0.195413  0.716401  0.333142  0.193412  0.651548  0.684898  0.189629  0.393813  0.159192  0.759244  0.244445  0.380899  0.696780  0.795353  0.227425  0.231652  0.270287  0.202335  0.212985  0.181041  0.174986  0.240821  0.765905  0.196193  0.236551  0.778535  0.189972  0.522291  0.606121  0.261834  0.097485  0.142788  0.660338  0.245589  0.202995  0.148132  0.249433  0.211167  0.134475  0.223422  0.084888  0.211762  0.440883  0.251549  0.249931  0.275608  0.415955  0.286121  0.229320  0.222447  0.259260  0.651145  0.260865  0.137533  0.149423  0.618303  0.853667  0.262315  0.142013  0.205456  0.230371  0.304374  0.272819  0.075928  0.163931  0.179926  0.141551  0.713139  0.278301  0.261079  0.665170  0.143684  0.177012  0.209668  0.269262  0.237348  0.586209  0.251344  0.318648  0.234046  0.488827  0.415923  0.114771  0.528136  0.245372  0.698888  0.227751  0.254914  0.266084  0.264667  0.267480  0.261821  0.196475  0.267722  0.217074  0.761263  0.142963  0.187951  0.180722  0.153657  0.195320  0.123719  0.273567  0.184390  0.454904  0.322333  0.167338  0.812597  0.274568  0.144355  0.149351  0.651348  0.124372  0.177844  0.168133  0.499424  0.726083  0.178530  0.275937  0.151361  0.366594  0.399708  0.758694  0.125068  0.240959  0.293499  0.226952  0.658520  0.241496  0.179360  0.665579  0.266852  0.267841  0.152591 
11  0.245212  0.733644  0.676603  0.234508  0.279278  0.557195  0.231898  0.177782  0.300003  0.158796  0.239329 0.0  0.199887  0.858684  0.312308  0.257547  0.630631  0.637622  0.196745  0.374831  0.231729  0.731586  0.173570  0.439765  0.758072  0.723724  0.168119  0.157339  0.180987  0.226453  0.123661  0.239191  0.247451  0.175876  0.762442  0.246436  0.151474  0.761505  0.262047  0.803159  0.739572  0.252447  0.250451  0.229023  0.722364  0.246920  0.258268  0.251142  0.183274  0.179349  0.234557  0.092333  0.231392  0.153862  0.392164  0.165029  0.094412  0.266663  0.457918  0.158409  0.256086  0.263488  0.187782  0.653385  0.167267  0.193840  0.241107  0.742875  0.793280  0.302242  0.246729  0.264707  0.174264  0.352875  0.165235  0.256326  0.252187  0.234355  0.151774  0.694641  0.176124  0.178288  0.703999  0.225075  0.240472  0.257325  0.246618  0.169709  0.640202  0.178991  0.168589  0.166475  0.429909  0.459917  0.253336  0.518429  0.185750  0.782663  0.163890  0.176096  0.169245  0.190971  0.184119  0.174766  0.248224  0.167836  0.184943  0.882904  0.208343  0.259650  0.236957  0.260272  0.263756  0.245101  0.166578  0.257009  0.447607  0.264324  0.244850  0.691089  0.164349  0.213727  0.242506  0.708222  0.247030  0.258168  0.262601  0.431220  0.752297  0.222698  0.163021  0.258337  0.351682  0.400109  0.761826  0.244614  0.202037  0.175838  0.156952  0.575920  0.174969  0.225936  0.614341  0.189881  0.176108  0.139039 
12  0.197498  0.844454  0.764885  0.193572  0.193138  0.504874  0.219483  0.206101  0.279847  0.204916  0.195413  0.199887 0.0  0.755453  0.282008  0.190888  0.639566  0.651835  0.118952  0.372872  0.186650  0.748025  0.198879  0.446671  0.811206  0.654185  0.175402  0.196994  0.218384  0.200499  0.216229  0.196512  0.196468  0.210115  0.664700  0.186130  0.188516  0.632238  0.188367  0.679974  0.748801  0.279534  0.204548  0.170646  0.637213  0.188958  0.188456  0.213798  0.200312  0.188716  0.181183  0.182870  0.200965  0.194491  0.526846  0.170491  0.204204  0.268477  0.413559  0.185254  0.189525  0.206379  0.211366  0.637662  0.192645  0.181509  0.181114  0.729965  0.819046  0.285754  0.207624  0.188589  0.181466  0.329654  0.181561  0.198550  0.189289  0.194818  0.147393  0.671310  0.189672  0.199880  0.715395  0.191121  0.197907  0.194732  0.313679  0.208316  0.490967  0.207847  0.205948  0.210144  0.396127  0.414314  0.217907  0.418171  0.189022  0.828731  0.207830  0.200426  0.187884  0.188263  0.176749  0.190533  0.202687  0.207852  0.194807  0.738239  0.179160  0.189314  0.194471  0.211272  0.198053  0.196947  0.184798  0.214649  0.415047  0.316077  0.194489  0.699306  0.207781  0.193123  0.195088  0.589996  0.184780  0.203574  0.186479  0.454921  0.803721  0.225990  0.202705  0.202966  0.372719  0.455222  0.781550  0.195066  0.192446  0.192549  0.192120  0.588380  0.199533  0.201919  0.648578  0.205912  0.203407  0.152215 
13  0.660596  0.672638  0.690440  0.821819  0.724523  0.835535  0.692662  0.751183  0.673704  0.835095  0.716401  0.858684  0.755453 0.0  0.657517  0.642255  0.632043  0.526235  0.671965  0.785834  0.709739  0.829930  0.787942  0.390130  0.672028  0.756698  0.644301  0.693603  0.698617  0.744343  0.637327  0.706736  0.706149  0.775349  0.538277  0.687083  0.754835  0.524395  0.597304  0.601839  0.715145  0.631205  0.608712  0.758740  0.160686  0.828684  0.732634  0.604550  0.754727  0.762341  0.756704  0.808908  0.738540  0.616245  0.752172  0.855772  0.676391  0.603735  0.391702  0.738172  0.699799  0.790216  0.752185  0.553081  0.779915  0.752450  0.731894  0.714986  0.688557  0.540415  0.704019  0.737870  0.659577  0.755559  0.738928  0.689623  0.669750  0.743123  0.705627  0.822485  0.614640  0.633095  0.806281  0.702921  0.736301  0.648505  0.557888  0.720609  0.685797  0.654179  0.691322  0.778449  0.713474  0.433714  0.675081  0.685993  0.700891  0.661797  0.697675  0.653955  0.663660  0.782752  0.753398  0.689547  0.724346  0.634226  0.785522  0.810825  0.770289  0.586643  0.712386  0.674951  0.725108  0.687977  0.694535  0.741749  0.424345  0.725860  0.742853  0.801706  0.629750  0.632766  0.794760  0.636546  0.712982  0.789960  0.754064  0.781891  0.524200  0.585248  0.759794  0.771802  0.779848  0.641322  0.699007  0.793227  0.642083  0.634609  0.672251  0.644049  0.730493  0.660535  0.689124  0.701557  0.760017  0.677813 
14  0.367282  0.785814  0.878729  0.320425  0.304191  0.493747  0.335288  0.363720  0.108388  0.330497  0.333142  0.312308  0.282008  0.657517 0.0  0.374624  0.707570  0.657371  0.292276  0.392059  0.361302  0.815829  0.335509  0.387545  0.635324  0.652474  0.331077  0.349158  0.311587  0.360895  0.342454  0.362707  0.341392  0.351051  0.714308  0.351806  0.312301  0.634029  0.328054  0.616558  0.540390  0.147698  0.326732  0.320166  0.733198  0.348102  0.320076  0.281124  0.366636  0.311903  0.356310  0.352092  0.323104  0.268570  0.388426  0.408844  0.335312  0.245180  0.462260  0.357633  0.295487  0.399388  0.343012  0.737492  0.295133  0.322567  0.350687  0.749399  0.621708  0.296081  0.356440  0.293311  0.357331  0.100705  0.346162  0.344439  0.336865  0.290646  0.247514  0.644102  0.345946  0.339326  0.695969  0.365713  0.363390  0.330351  0.289463  0.336534  0.634229  0.366422  0.357908  0.353712  0.450181  0.444466  0.354128  0.475841  0.328585  0.731281  0.365778  0.348806  0.367455  0.300419  0.364870  0.306792  0.348880  0.314035  0.346902  0.816500  0.381439  0.326794  0.334720  0.317788  0.342470  0.412872  0.349311  0.348944  0.504665  0.207972  0.329152  0.763607  0.295029  0.345455  0.341594  0.672059  0.351586  0.361148  0.329963  0.447284  0.662713  0.321014  0.339852  0.322194  0.321096  0.275886  0.720835  0.355286  0.300918  0.371927  0.306177  0.565133  0.338960  0.322973  0.657645  0.334244  0.346443  0.310741 
15  0.183759  0.735875  0.756271  0.179426  0.190709  0.497791  0.163341  0.290217  0.370076  0.208457  0.193412  0.257547  0.190888  0.642255  0.374624 0.0  0.723310  0.622033  0.206490  0.326664  0.106842  0.751915  0.299080  0.398791  0.757439  0.715008  0.269486  0.227358  0.241309  0.183042  0.250541  0.177541  0.086619  0.250528  0.704320  0.090513  0.240884  0.633141  0.168743  0.650307  0.672837  0.269178  0.164816  0.166035  0.817669  0.247219  0.090839  0.177819  0.266124  0.243733  0.196597  0.237308  0.191572  0.229708  0.429053  0.286555  0.237764  0.287295  0.395105  0.271801  0.202024  0.225186  0.259077  0.707099  0.221334  0.191542  0.181107  0.735775  0.873118  0.295325  0.167678  0.184636  0.292269  0.324447  0.270848  0.168224  0.177383  0.184808  0.157795  0.631942  0.245903  0.271939  0.617056  0.103438  0.098037  0.089940  0.281284  0.253297  0.536898  0.243567  0.247660  0.208047  0.464297  0.411752  0.180336  0.616210  0.232851  0.804084  0.280289  0.255941  0.257683  0.264084  0.220440  0.246604  0.085189  0.254995  0.256946  0.766478  0.183190  0.090137  0.088978  0.167465  0.186446  0.141133  0.272298  0.209073  0.468509  0.301190  0.086529  0.585348  0.283356  0.184971  0.178762  0.660952  0.173183  0.089972  0.096290  0.446973  0.791825  0.090533  0.256641  0.095834  0.358273  0.334080  0.714090  0.172710  0.264013  0.226086  0.209742  0.627526  0.261962  0.200461  0.733950  0.230619  0.251880  0.153045 
16  0.674521  0.589657  0.621962  0.605680  0.587569  0.706096  0.572912  0.663616  0.724613  0.614920  0.651548  0.630631  0.639566  0.632043  0.707570  0.723310 0.0  0.630978  0.653530  0.668013  0.591250  0.782415  0.629066  0.448979  0.628828  0.599642  0.684840  0.626447  0.572600  0.677150  0.708280  0.633320  0.604259  0.629778  0.784901  0.663967  0.642024  0.695317  0.786293  0.649965  0.633687  0.647116  0.668190  0.668755  0.659219  0.576765  0.659151  0.586150  0.560525  0.591962  0.701323  0.645512  0.723671  0.720039  0.731888  0.641130  0.619124  0.619476  0.440789  0.623061  0.729315  0.621203  0.664330  0.536887  0.603791  0.730274  0.739666  0.655258  0.572629  0.567182  0.591535  0.589908  0.814491  0.647551  0.606750  0.692756  0.708419  0.778130  0.602337  0.607259  0.768788  0.714364  0.665701  0.634474  0.625406  0.747308  0.568597  0.781173  0.295641  0.605485  0.863826  0.674281  0.729654  0.404911  0.716443  0.704052  0.610398  0.684652  0.689497  0.655158  0.601073  0.648323  0.675896  0.549985  0.723880  0.576595  0.674953  0.883937  0.696766  0.702236  0.775386  0.704265  0.576954  0.686516  0.701689  0.640153  0.443961  0.683777  0.755272  0.651402  0.700707  0.721634  0.584809  0.586061  0.640325  0.763945  0.644651  0.726717  0.719322  0.724679  0.697610  0.684112  0.569224  0.740887  0.708584  0.640279  0.684997  0.633376  0.652249  0.596839  0.597642  0.572833  0.599031  0.554681  0.701972  0.701269 
17  0.542288  0.593158  0.462137  0.633154  0.534214  0.647780  0.592016  0.628536  0.619390  0.572798  0.684898  0.637622  0.651835  0.526235  0.657371  0.622033  0.630978 0.0  0.541717  0.546386  0.541450  0.519151  0.614817  0.452497  0.581571  0.534769  0.620722  0.532173  0.556557  0.626578  0.553516  0.603711  0.615420  0.566702  0.666620  0.589568  0.529368  0.654541  0.600878  0.498326  0.590580  0.519317  0.530485  0.559692  0.688174  0.617161  0.514911  0.584675  0.482213  0.511314  0.490796  0.538910  0.561019  0.506240  0.620854  0.655005  0.535366  0.647794  0.462028  0.624468  0.617054  0.651833  0.550440  0.443047  0.654282  0.559729  0.540688  0.672533  0.618980  0.613857  0.614979  0.512085  0.630531  0.609810  0.539727  0.632942  0.625875  0.598449  0.611593  0.549518  0.622676  0.673123  0.591648  0.570653  0.550883  0.582936  0.616871  0.647743  0.553943  0.653394  0.596500  0.587595  0.548285  0.369141  0.622572  0.689744  0.587125  0.617289  0.625233  0.615651  0.561024  0.576209  0.605991  0.652524  0.538331  0.561127  0.602681  0.799068  0.656284  0.555009  0.666439  0.679797  0.575397  0.569373  0.651235  0.655182  0.430897  0.622569  0.564002  0.641331  0.552304  0.580052  0.573521  0.492211  0.615419  0.616368  0.444144  0.540085  0.701423  0.668864  0.530405  0.517057  0.614435  0.614493  0.641707  0.599175  0.638462  0.583751  0.593271  0.412615  0.648853  0.659966  0.592593  0.616772  0.586318  0.616958 
18  0.197196  0.743064  0.810824  0.179924  0.194497  0.473831  0.201265  0.211290  0.288355  0.213022  0.189629  0.196745  0.118952  0.671965  0.292276  0.206490  0.653530  0.541717 0.0  0.393355  0.191060  0.674640  0.191426  0.344534  0.793915  0.788321  0.208430  0.176278  0.191355  0.194972  0.223170  0.205863  0.198281  0.218348  0.770276  0.184934  0.167677  0.703406  0.189579  0.706636  0.672402  0.278235  0.212928  0.201349  0.672606  0.209320  0.189981  0.192603  0.188537  0.193804  0.191358  0.203587  0.205542  0.194905  0.422084  0.228568  0.192865  0.269295  0.433890  0.209231  0.199120  0.190231  0.190150  0.791796  0.200450  0.186211  0.196894  0.685596  0.704998  0.290742  0.205188  0.223979  0.167411  0.328415  0.212468  0.212773  0.190425  0.195467  0.148699  0.706563  0.213532  0.225450  0.734680  0.160619  0.202544  0.197726  0.271719  0.178526  0.488006  0.205066  0.195020  0.201780  0.396412  0.387376  0.187068  0.501834  0.199354  0.768344  0.204413  0.187039  0.200441  0.196795  0.191605  0.197972  0.184257  0.212221  0.214826  0.826969  0.202184  0.175671  0.212311  0.190406  0.202202  0.211927  0.192290  0.192014  0.402358  0.316312  0.178398  0.734916  0.198839  0.184895  0.202440  0.637180  0.184174  0.192084  0.192680  0.439765  0.805170  0.202774  0.198934  0.174590  0.388263  0.387674  0.701625  0.194894  0.202784  0.205704  0.184924  0.522516  0.190335  0.193455  0.650536  0.193179  0.206185  0.152274 
19  0.400028  0.618383  0.687308  0.389625  0.410564  0.191210  0.429561  0.358035  0.350449  0.388560  0.393813  0.374831  0.372872  0.785834  0.392059  0.326664  0.668013  0.546386  0.393355 0.0  0.314069  0.783797  0.408950  0.445121  0.655236  0.615454  0.378056  0.405038  0.370402  0.360610  0.424694  0.382339  0.350779  0.436566  0.792468  0.401850  0.353370  0.690333  0.389054  0.612035  0.741065  0.380236  0.410590  0.371762  0.616489  0.408896  0.399162  0.374765  0.417749  0.388498  0.365287  0.337077  0.362595  0.420963  0.418970  0.374832  0.417265  0.259117  0.369311  0.380902  0.357050  0.418924  0.385179  0.677726  0.378263  0.417908  0.384150  0.611262  0.665326  0.259054  0.375807  0.353950  0.369247  0.367389  0.445557  0.379184  0.356387  0.388051  0.363969  0.696895  0.409200  0.347768  0.671213  0.369653  0.407901  0.398735  0.284976  0.367235  0.604786  0.411719  0.334235  0.406435  0.209181  0.404409  0.409326  0.205137  0.364532  0.673259  0.335257  0.388015  0.345659  0.382930  0.466706  0.359170  0.393934  0.369819  0.378939  0.712635  0.416476  0.405984  0.349119  0.390492  0.382973  0.407509  0.385944  0.400647  0.428197  0.393141  0.354486  0.668177  0.372005  0.416677  0.381081  0.647552  0.333617  0.426968  0.387288  0.367310  0.674292  0.397917  0.439002  0.390784  0.405283  0.425925  0.691971  0.396304  0.436907  0.408839  0.407578  0.533400  0.420612  0.382102  0.571579  0.416541  0.415675  0.367277 
20  0.159898  0.767575  0.799024  0.171489  0.148029  0.488853  0.156342  0.247258  0.359043  0.207274  0.159192  0.231729  0.186650  0.709739  0.361302  0.106842  0.591250  0.541450  0.191060  0.314069 0.0  0.837786  0.213395  0.435465  0.764074  0.629524  0.240593  0.237200  0.222310  0.155591  0.206787  0.150819  0.108279  0.218945  0.704536  0.107413  0.250218  0.709367  0.139127  0.747755  0.668453  0.284398  0.159673  0.157570  0.730203  0.208276  0.100546  0.151977  0.212441  0.232278  0.158447  0.251137  0.153096  0.244837  0.470334  0.237253  0.242256  0.271758  0.383559  0.230913  0.241496  0.230792  0.232380  0.544810  0.223759  0.151497  0.137829  0.754501  0.843212  0.288532  0.164172  0.143475  0.242195  0.373725  0.241713  0.157801  0.161448  0.153400  0.156071  0.725386  0.226916  0.215320  0.765211  0.103596  0.101213  0.105195  0.279152  0.233017  0.660562  0.228506  0.230543  0.244628  0.516918  0.407840  0.147829  0.566489  0.226533  0.877548  0.244517  0.202619  0.214670  0.236367  0.238420  0.236187  0.105881  0.237586  0.218120  0.685435  0.150045  0.112004  0.109380  0.147673  0.167575  0.166715  0.220508  0.138733  0.475561  0.290012  0.103656  0.661189  0.218400  0.147136  0.165978  0.763713  0.155387  0.109774  0.103567  0.439205  0.767561  0.106542  0.221313  0.106146  0.414743  0.425096  0.662441  0.161147  0.203777  0.224647  0.240399  0.604053  0.235409  0.135662  0.666999  0.219679  0.187575  0.150312 
21  0.850780  0.514047  0.553667  0.744769  0.641011  0.715092  0.668559  0.703760  0.730783  0.858320  0.759244  0.731586  0.748025  0.829930  0.815829  0.751915  0.782415  0.519151  0.674640  0.783797  0.837786 0.0  0.740676  0.411761  0.525278  0.654540  0.819598  0.794217  0.715724  0.714092  0.819353  0.745365  0.764727  0.788397  0.124269  0.742874  0.697375  0.704936  0.711415  0.399154  0.700679  0.642877  0.792686  0.660027  0.708103  0.769706  0.682868  0.924060  0.806690  0.744207  0.755705  0.702438  0.786721  0.845254  0.698352  0.749124  0.648033  0.684782  0.380414  0.790603  0.781869  0.723069  0.800977  0.658133  0.752464  0.629203  0.779837  0.162414  0.694359  0.552241  0.745527  0.810046  0.684069  0.898220  0.860598  0.766143  0.717199  0.733347  0.834359  0.321913  0.539831  0.791637  0.679599  0.709677  0.764750  0.750605  0.630582  0.704845  0.660356  0.833144  0.700541  0.842271  0.765712  0.386381  0.794943  0.776518  0.823238  0.455366  0.801811  0.690715  0.863189  0.742626  0.694508  0.788546  0.716817  0.810653  0.742887  0.752820  0.810082  0.732503  0.602738  0.766974  0.762857  0.745184  0.693215  0.826296  0.417897  0.751795  0.722532  0.152879  0.689640  0.845236  0.738194  0.397104  0.824048  0.723557  0.821801  0.758640  0.732530  0.724928  0.761310  0.796586  0.665001  0.650781  0.648094  0.879761  0.755764  0.847047  0.709400  0.632637  0.922846  0.669808  0.705520  0.739577  0.817817  0.750968 
22  0.260721  0.730017  0.746994  0.256910  0.266081  0.505244  0.263940  0.135789  0.355033  0.148185  0.244445  0.173570  0.198879  0.787942  0.335509  0.299080  0.629066  0.614817  0.191426  0.408950  0.213395  0.740676 0.0  0.389831  0.737118  0.844219  0.143523  0.157015  0.128908  0.263524  0.163924  0.299026  0.237117  0.146336  0.831179  0.244276  0.104854  0.656424  0.241969  0.637718  0.622911  0.255419  0.238251  0.243315  0.678051  0.258365  0.251017  0.249897  0.127322  0.139894  0.220819  0.167991  0.250437  0.158581  0.426097  0.135888  0.177405  0.294048  0.405677  0.139847  0.251461  0.220322  0.128359  0.688629  0.147357  0.279304  0.265177  0.691605  0.692447  0.259276  0.276215  0.234187  0.134523  0.316669  0.136154  0.250926  0.245705  0.245417  0.148900  0.770652  0.136300  0.133699  0.621616  0.230873  0.230382  0.259759  0.269309  0.137522  0.589548  0.136809  0.132091  0.107274  0.475880  0.480070  0.277051  0.537804  0.142362  0.746958  0.139227  0.140631  0.142391  0.141416  0.134660  0.152636  0.286763  0.140112  0.128030  0.679604  0.267042  0.262089  0.293726  0.236286  0.272444  0.254303  0.138546  0.238217  0.417941  0.331775  0.238647  0.720491  0.144399  0.266762  0.248156  0.744045  0.258540  0.236180  0.258316  0.457779  0.762845  0.254671  0.157091  0.224653  0.367326  0.385411  0.789914  0.221421  0.137668  0.139492  0.159829  0.561546  0.142069  0.273559  0.604968  0.130448  0.105308  0.153961 
23  0.383651  0.414648  0.425033  0.421860  0.426543  0.496374  0.467673  0.400245  0.415325  0.495743  0.380899  0.439765  0.446671  0.390130  0.387545  0.398791  0.448979  0.452497  0.344534  0.445121  0.435465  0.411761  0.389831 0.0  0.403895  0.446211  0.404372  0.401444  0.432258  0.443722  0.391914  0.479918  0.365186  0.433867  0.444866  0.407747  0.459458  0.369527  0.440286  0.416480  0.440201  0.447143  0.409515  0.476799  0.422852  0.417353  0.458942  0.380892  0.366687  0.390705  0.475753  0.470065  0.462926  0.449805  0.404811  0.370562  0.440022  0.400920  0.477282  0.356310  0.446770  0.435604  0.451691  0.375501  0.506892  0.455845  0.437973  0.389064  0.377225  0.394817  0.440639  0.421273  0.475857  0.441191  0.429749  0.461451  0.402980  0.432498  0.452103  0.400284  0.443888  0.444972  0.423231  0.442542  0.476301  0.406372  0.447917  0.445868  0.460479  0.422519  0.432392  0.408875  0.413050  0.477404  0.426847  0.445679  0.403091  0.398571  0.413067  0.391786  0.413022  0.470414  0.493850  0.394364  0.381877  0.396308  0.469615  0.711423  0.371599  0.384635  0.424655  0.451163  0.433028  0.369745  0.310101  0.400566  0.470935  0.443756  0.487449  0.348546  0.460704  0.424233  0.395503  0.407257  0.416700  0.399922  0.434481  0.434292  0.504376  0.435634  0.420454  0.393253  0.483863  0.397166  0.419329  0.435916  0.456480  0.452181  0.468522  0.468470  0.474451  0.387654  0.364039  0.480535  0.390714  0.422888 
24  0.718450  0.677353  0.678422  0.770218  0.717158  0.751196  0.683402  0.696960  0.722339  0.689838  0.696780  0.758072  0.811206  0.672028  0.635324  0.757439  0.628828  0.581571  0.793915  0.655236  0.764074  0.525278  0.737118  0.403895 0.0  0.075928  0.789001  0.770958  0.822457  0.729902  0.745695  0.738886  0.764285  0.797725  0.696932  0.773786  0.692967  0.352141  0.866832  0.635870  0.380898  0.710759  0.533074  0.625195  0.683382  0.764196  0.686053  0.758967  0.682297  0.662275  0.634713  0.752466  0.706001  0.700673  0.667279  0.663961  0.801390  0.663377  0.501271  0.634154  0.607007  0.728731  0.637107  0.622256  0.683183  0.616112  0.623927  0.735223  0.687897  0.635050  0.784845  0.712287  0.694911  0.740721  0.728242  0.702816  0.617474  0.716823  0.666421  0.671226  0.658393  0.691026  0.835590  0.770291  0.693450  0.864353  0.647407  0.695653  0.576789  0.886947  0.725251  0.693170  0.779602  0.425861  0.752264  0.795905  0.724140  0.689080  0.599146  0.733504  0.666673  0.631782  0.622517  0.665733  0.737003  0.681437  0.863449  0.642440  0.821234  0.759073  0.545284  0.765764  0.656300  0.707096  0.731392  0.780999  0.408159  0.758745  0.656241  0.702327  0.677332  0.724731  0.740817  0.684319  0.744197  0.766234  0.804571  0.824186  0.745550  0.769878  0.663899  0.793409  0.705340  0.626757  0.753061  0.689868  0.638311  0.633221  0.826590  0.281123  0.705123  0.729241  0.640025  0.755797  0.728545  0.727722 
25  0.683553  0.526318  0.702324  0.627921  0.691430  0.770008  0.708948  0.554603  0.713516  0.632011  0.795353  0.723724  0.654185  0.756698  0.652474  0.715008  0.599642  0.534769  0.788321  0.615454  0.629524  0.654540  0.844219  0.446211  0.075928 0.0  0.797640  0.728459  0.707581  0.659791  0.598944  0.853661  0.618878  0.639028  0.740709  0.808217  0.721756  0.365186  0.697636  0.584235  0.365637  0.768815  0.833740  0.712448  0.717529  0.653733  0.669662  0.670394  0.767288  0.800559  0.642431  0.746301  0.658160  0.565856  0.618850  0.706535  0.597931  0.673892  0.353174  0.772313  0.849244  0.618005  0.816213  0.560519  0.638862  0.716700  0.833245  0.886870  0.749231  0.576746  0.731083  0.755396  0.687060  0.738735  0.634652  0.666916  0.832973  0.693738  0.665935  0.685294  0.705900  0.588354  0.707333  0.620228  0.771512  0.638359  0.568373  0.687205  0.529208  0.748415  0.698205  0.769005  0.734541  0.414601  0.630661  0.735239  0.683513  0.693445  0.744573  0.665854  0.805014  0.750582  0.650918  0.743122  0.757471  0.712790  0.712772  0.721289  0.678212  0.515762  0.676683  0.712166  0.628688  0.622643  0.664172  0.779224  0.453049  0.771232  0.718977  0.741957  0.734430  0.781798  0.809604  0.704246  0.733591  0.731304  0.786545  0.681982  0.789535  0.829841  0.712492  0.838883  0.594645  0.632556  0.686503  0.688292  0.773848  0.651725  0.822266  0.294729  0.726562  0.663040  0.611490  0.755767  0.765471  0.783806 
26  0.241162  0.689659  0.846070  0.242929  0.261015  0.492392  0.259274  0.086960  0.378881  0.146929  0.227425  0.168119  0.175402  0.644301  0.331077  0.269486  0.684840  0.620722  0.208430  0.378056  0.240593  0.819598  0.143523  0.404372  0.789001  0.797640 0.0  0.151645  0.133949  0.244621  0.153649  0.224940  0.246212  0.137623  0.707643  0.248226  0.100277  0.657970  0.228950  0.635130  0.722342  0.243043  0.249692  0.248528  0.709275  0.246819  0.263785  0.232098  0.140163  0.140638  0.245691  0.191217  0.238118  0.156976  0.445485  0.087516  0.178857  0.291018  0.413154  0.087687  0.246617  0.212814  0.091641  0.672433  0.132647  0.253756  0.270802  0.664873  0.949729  0.301271  0.229584  0.257021  0.131619  0.296491  0.137519  0.236356  0.232926  0.277921  0.157070  0.763944  0.089613  0.138371  0.806174  0.244470  0.207345  0.243099  0.365028  0.075928  0.420588  0.133255  0.144690  0.108712  0.448729  0.458347  0.275845  0.547167  0.089032  0.728751  0.136026  0.087224  0.140330  0.086315  0.127862  0.139581  0.261635  0.102508  0.087569  0.860594  0.252422  0.286900  0.251983  0.251475  0.298816  0.252813  0.128678  0.248544  0.394904  0.294210  0.232911  0.615010  0.125928  0.289598  0.216864  0.750878  0.229004  0.263687  0.226493  0.504323  0.643833  0.234066  0.087874  0.266346  0.415021  0.332812  0.839177  0.219778  0.132344  0.129901  0.149080  0.541958  0.108873  0.253564  0.741802  0.138173  0.136833  0.138762 
