146
0 0.0  0.892024  0.840111  0.201886  0.307013  0.550330  0.222853  0.205353  0.471385  0.243977  0.173916  0.372739  0.173369  0.800318  0.338873  0.295674  0.718995  0.674182  0.201171  0.388630  0.178080  0.815578  0.319623  0.451212  0.714446  0.760296  0.369366  0.358512  0.362549  0.219428  0.409142  0.224737  0.243225  0.364899  0.930366  0.252092  0.263304  0.703961  0.205781  0.685337  0.694376  0.254195  0.084270  0.158990  0.848045  0.316128  0.176257  0.255523  0.364938  0.370791  0.218947  0.330283  0.091617  0.287768  0.411435  0.385512  0.332808  0.223165  0.434943  0.317956  0.395589  0.274693  0.339441  0.740290  0.210935  0.116418  0.215296  0.767363  0.929513  0.360196  0.084270  0.270005  0.378819  0.484383  0.270659  0.084270  0.248012  0.146430  0.129272  0.821648  0.241057  0.378145  0.822733  0.233291  0.255752  0.211055  0.314376  0.367158  0.529869  0.382830  0.339217  0.325819  0.601905  0.486948  0.084270  0.583247  0.377278  0.842351  0.304137  0.241839  0.381683  0.305188  0.348857  0.249762  0.170626  0.334449  0.231364  0.801362  0.169868  0.256480  0.139684  0.286018  0.335198  0.154587  0.296174  0.250027  0.466381  0.454347  0.267381  0.724444  0.368690  0.162254  0.305198  0.696311  0.144189  0.254869  0.228272  0.525999  0.796721  0.251706  0.354298  0.195384  0.225577  0.414025  0.859408  0.131174  0.286013  0.357363  0.282328  0.542863  0.280693  0.154441  0.639877  0.346968  0.406330  0.120127 
1  0.892024 0.0  0.306161  0.812273  0.763105  0.844705  0.807097  0.898545  0.831603  0.903456  0.803612  0.828615  0.833203  0.726569  0.854368  0.902238  0.741534  0.697352  0.775629  0.739734  0.857884  0.470768  0.913972  0.461220  0.728258  0.824204  0.777744  0.803110  0.845773  0.884924  0.853057  0.913545  0.911199  0.790362  0.536126  0.795471  0.782539  0.686076  0.850841  0.286859  0.664652  0.695856  0.931758  0.893933  0.768235  0.793367  0.887590  0.904800  0.755761  0.835127  0.882723  0.869028  0.891292  0.940411  0.841444  0.841484  0.805418  0.532473  0.326245  0.876126  0.850789  0.860689  0.726972  0.737075  0.800567  0.874311  0.853416  0.559603  0.923396  0.647290  0.769640  0.879941  0.850601  0.771710  0.721634  0.796465  0.885985  0.745463  0.810950  0.541878  0.762101  0.970806  0.821405  0.853317  0.738210  0.893782  0.646120  0.878462  0.574566  0.889220  0.877486  0.880392  0.726707  0.408717  0.895894  0.922023  0.862902  0.309072  0.860341  0.890496  0.873296  0.866485  0.894755  0.890985  0.823267  0.843535  0.802747  0.702902  0.867596  0.916172  0.846104  0.851305  0.835376  0.907321  0.865505  0.823889  0.467808  0.794248  0.888103  0.514007  0.810300  0.913117  0.846341  0.479160  0.805698  0.881623  0.922451  0.774773  0.789034  0.850309  0.895148  0.898639  0.654379  0.837871  0.806716  0.820271  0.788001  0.763212  0.887959  0.661668  0.899650  0.821232  0.734583  0.857400  0.834445  0.751839 
2  0.840111  0.306161 0.0  0.873087  0.867675  0.902340  0.735239  0.838837  0.805526  0.896026  0.771549  0.790664  0.827909  0.771314  0.858561  0.763689  0.744804  0.596463  0.777216  0.668268  0.680451  0.601156  0.885015  0.279129  0.841134  0.739402  0.673548  0.845118  0.760525  0.774384  0.874882  0.783886  0.801554  0.724413  0.571615  0.780723  0.794109  0.723670  0.773554  0.198233  0.741220  0.759740  0.814040  0.850044  0.706590  0.876267  0.760993  0.848937  0.821722  0.801714  0.882507  0.803034  0.793824  0.782856  0.728680  0.864273  0.848629  0.630556  0.486729  0.785093  0.867421  0.869193  0.924613  0.765888  0.764912  0.803701  0.817833  0.509127  0.851813  0.643395  0.809745  0.812662  0.895223  0.750190  0.884590  0.811218  0.832232  0.866486  0.805618  0.565570  0.806385  0.862044  0.799558  0.883066  0.777216  0.926797  0.666714  0.793181  0.686497  0.796414  0.832868  0.802012  0.769727  0.436010  0.771565  0.894493  0.848039  0.448446  0.779936  0.840760  0.780312  0.757753  0.778219  0.774345  0.800238  0.823724  0.787639  0.758205  0.851114  0.849318  0.943319  0.812565  0.818128  0.905241  0.837135  0.855399  0.387692  0.823228  0.841810  0.589767  0.779615  0.858767  0.777187  0.457202  0.837531  0.860562  0.860186  0.870838  0.852285  0.734272  0.806934  0.803154  0.791197  0.720550  0.764755  0.854079  0.885280  0.867551  0.723952  0.608115  0.793018  0.870224  0.735989  0.817422  0.826602  0.771252 
3  0.201886  0.812273  0.873087 0.0  0.205156  0.597578  0.145396  0.283233  0.374891  0.307025  0.250727  0.379805  0.220573  0.742898  0.455265  0.285425  0.758089  0.664257  0.180191  0.511395  0.127004  0.863741  0.306597  0.350058  0.828436  0.826725  0.290571  0.242903  0.222886  0.226235  0.206934  0.280058  0.235061  0.364552  0.832592  0.217081  0.272271  0.772690  0.268740  0.711279  0.725284  0.310715  0.192414  0.084270  0.742277  0.289680  0.226113  0.139742  0.234717  0.323397  0.196734  0.330474  0.217821  0.274609  0.444973  0.300648  0.407993  0.317222  0.458361  0.262409  0.294179  0.207620  0.372804  0.734808  0.407881  0.084270  0.124981  0.750548  0.915099  0.207396  0.161143  0.221440  0.356319  0.441373  0.329288  0.197845  0.202496  0.191864  0.154991  0.858995  0.302336  0.391323  0.874040  0.266494  0.248951  0.254311  0.239671  0.356271  0.613545  0.341443  0.369973  0.319118  0.548220  0.413195  0.166173  0.610452  0.274975  0.797508  0.316533  0.281905  0.254458  0.360199  0.265924  0.362006  0.250000  0.328011  0.371350  0.713864  0.084270  0.209633  0.251436  0.276713  0.144578  0.145385  0.336433  0.167360  0.449160  0.385241  0.336462  0.820353  0.385881  0.137343  0.259132  0.799609  0.149211  0.346630  0.232256  0.574603  0.899637  0.171036  0.444545  0.175148  0.360513  0.416813  0.803476  0.159413  0.296666  0.352264  0.285994  0.623932  0.308489  0.226732  0.735387  0.295065  0.270904  0.192909 
4  0.307013  0.763105  0.867675  0.205156 0.0  0.608685  0.232378  0.306770  0.334105  0.305948  0.324937  0.344678  0.254708  0.825296  0.538572  0.205156  0.773993  0.661823  0.294426  0.433380  0.201886  0.787641  0.349101  0.562570  0.847190  0.708258  0.460366  0.260478  0.253381  0.103775  0.346836  0.208336  0.183381  0.327421  0.740588  0.225633  0.320875  0.772749  0.085965  0.756562  0.850208  0.303358  0.307021  0.179913  0.763835  0.397626  0.268868  0.222588  0.367797  0.306970  0.278796  0.279690  0.259304  0.321553  0.479043  0.259234  0.397472  0.315916  0.388646  0.315399  0.307827  0.188284  0.378763  0.725731  0.416733  0.289062  0.203354  0.879927  0.853376  0.337556  0.166308  0.189963  0.339726  0.393903  0.372756  0.260305  0.178170  0.108373  0.200208  0.822432  0.295112  0.397301  0.719923  0.208945  0.250707  0.176871  0.374211  0.310903  0.701833  0.375279  0.368595  0.201705  0.603594  0.461789  0.300183  0.655138  0.310719  0.819630  0.444802  0.306921  0.443035  0.383117  0.361392  0.359646  0.365977  0.380619  0.351131  0.694661  0.222629  0.231495  0.277598  0.090177  0.084270  0.191811  0.348828  0.114906  0.398421  0.427491  0.274205  0.822028  0.296246  0.305372  0.224805  0.788030  0.255918  0.203015  0.179207  0.571689  0.897185  0.292582  0.409939  0.153560  0.380658  0.409345  0.790497  0.149455  0.359131  0.306291  0.251538  0.696209  0.286151  0.207933  0.773981  0.412304  0.304031  0.205956 
5  0.550330  0.844705  0.902340  0.597578  0.608685 0.0  0.603714  0.655934  0.590656  0.502897  0.635130  0.702635  0.457780  0.784485  0.605581  0.562099  0.747052  0.721968  0.498894  0.233251  0.700316  0.861281  0.706849  0.394462  0.834910  0.781178  0.636511  0.613432  0.699565  0.650361  0.561130  0.682696  0.633873  0.651296  0.903788  0.628394  0.566915  0.685690  0.663122  0.698856  0.685828  0.535145  0.644605  0.605511  0.717188  0.547353  0.707006  0.819228  0.686135  0.649438  0.702095  0.536496  0.636382  0.663137  0.477106  0.643697  0.593323  0.315904  0.365932  0.633081  0.615531  0.635758  0.602373  0.652159  0.670608  0.641797  0.696688  0.813010  0.913731  0.324490  0.630241  0.635704  0.600823  0.682406  0.473202  0.627165  0.643612  0.675747  0.443860  0.795700  0.722509  0.617750  0.848815  0.604683  0.593632  0.575313  0.290274  0.648956  0.631593  0.733408  0.690422  0.533461  0.099417  0.479569  0.617691  0.203782  0.622758  0.897915  0.632620  0.659103  0.620832  0.528313  0.622021  0.541177  0.587130  0.571672  0.661525  0.704984  0.538592  0.678748  0.534139  0.618769  0.618386  0.652025  0.633605  0.608908  0.414047  0.558430  0.683715  0.837250  0.662192  0.643500  0.647270  0.757137  0.616943  0.591707  0.599717  0.493717  0.877989  0.639103  0.746634  0.642579  0.492765  0.394558  0.791974  0.589002  0.655181  0.696795  0.503077  0.549127  0.560772  0.819544  0.851394  0.607929  0.653292  0.590414 
6  0.222853  0.807097  0.735239  0.145396  0.232378  0.603714 0.0  0.348343  0.435402  0.266071  0.212562  0.340866  0.262577  0.814487  0.444229  0.266776  0.688830  0.680210  0.280522  0.427097  0.151292  0.790544  0.294863  0.471944  0.777809  0.846168  0.330581  0.289355  0.367071  0.237615  0.241786  0.296186  0.351870  0.346637  0.774225  0.300699  0.256750  0.834415  0.215558  0.670033  0.775313  0.290375  0.218831  0.084270  0.781151  0.218507  0.194971  0.141709  0.303312  0.380105  0.197138  0.345565  0.183262  0.260231  0.503136  0.305288  0.281570  0.231943  0.481962  0.405599  0.231353  0.268093  0.346478  0.832329  0.306486  0.116116  0.141869  0.808040  0.956900  0.267903  0.116282  0.294611  0.390803  0.447784  0.449215  0.169722  0.235605  0.270076  0.211424  0.863592  0.390715  0.364955  0.868262  0.228698  0.177988  0.358241  0.343515  0.384452  0.572821  0.361470  0.360836  0.348649  0.542752  0.470130  0.219708  0.736175  0.378747  0.908713  0.327936  0.280934  0.307139  0.378071  0.306853  0.302464  0.281631  0.333984  0.253991  0.792602  0.127468  0.141352  0.215724  0.210213  0.322743  0.118867  0.393691  0.310142  0.423142  0.448346  0.184045  0.675680  0.402743  0.126780  0.255782  0.767334  0.118368  0.200199  0.343407  0.511365  0.875786  0.248448  0.295026  0.340503  0.559652  0.420546  0.865774  0.140039  0.326773  0.383756  0.303049  0.634052  0.276431  0.309132  0.704725  0.335744  0.326244  0.135003 
7  0.205353  0.898545  0.838837  0.283233  0.306770  0.655934  0.348343 0.0  0.417525  0.232387  0.330461  0.209735  0.215263  0.894018  0.486366  0.393221  0.749529  0.665632  0.168598  0.359683  0.309501  0.846382  0.175538  0.534209  0.714397  0.764721  0.114761  0.261253  0.294860  0.295922  0.376270  0.355225  0.299762  0.228986  0.923367  0.368815  0.090872  0.679871  0.292216  0.621580  0.714388  0.345914  0.330823  0.316330  0.801735  0.259664  0.434178  0.401571  0.132936  0.170324  0.320090  0.328216  0.305557  0.173667  0.490258  0.084270  0.223280  0.383299  0.364142  0.100463  0.369705  0.361014  0.133590  0.753766  0.168295  0.400831  0.288855  0.794337  0.798404  0.364369  0.347935  0.368188  0.207284  0.411507  0.195716  0.248470  0.433836  0.335347  0.122697  0.789750  0.084270  0.167876  0.720626  0.215449  0.302626  0.396727  0.286690  0.124699  0.745326  0.225346  0.218476  0.158171  0.518420  0.429574  0.342986  0.605425  0.171614  0.848982  0.182009  0.093989  0.234428  0.084270  0.211437  0.135479  0.328575  0.092692  0.084270  0.704076  0.352948  0.255604  0.416535  0.394995  0.423895  0.376339  0.162264  0.357087  0.517908  0.463437  0.315767  0.839475  0.216739  0.460117  0.299810  0.749268  0.333831  0.288669  0.397841  0.576387  0.798793  0.459298  0.084270  0.346113  0.536481  0.410979  0.895078  0.241141  0.262084  0.205676  0.247069  0.574930  0.191153  0.305065  0.642028  0.084270  0.112032  0.205168 
8  0.471385  0.831603  0.805526  0.374891  0.334105  0.590656  0.435402  0.417525 0.0  0.481695  0.386075  0.458635  0.294746  0.803593  0.124861  0.499222  0.730664  0.680427  0.445357  0.400199  0.453379  0.800903  0.459899  0.436242  0.650924  0.724675  0.443611  0.462531  0.470233  0.428376  0.440121  0.421660  0.428875  0.418018  0.857546  0.462097  0.424425  0.724171  0.332313  0.753491  0.706582  0.200112  0.549846  0.342110  0.701256  0.543971  0.482267  0.546274  0.414676  0.404915  0.482428  0.452661  0.435818  0.442177  0.500299  0.506965  0.519194  0.332119  0.482983  0.423862  0.458874  0.419241  0.378590  0.779319  0.398551  0.427155  0.450872  0.799820  0.826070  0.409707  0.306685  0.484752  0.470193  0.148890  0.540961  0.506108  0.441091  0.455600  0.377288  0.846640  0.433305  0.453743  0.792660  0.363377  0.466224  0.422901  0.265322  0.408732  0.559076  0.400893  0.457212  0.393018  0.619787  0.434223  0.463793  0.586089  0.436987  0.836322  0.446344  0.458354  0.369552  0.368444  0.406237  0.477064  0.520317  0.427170  0.413361  0.803395  0.395788  0.449191  0.401859  0.417309  0.494526  0.400409  0.514710  0.435109  0.442537  0.158899  0.436384  0.790394  0.440443  0.398267  0.428998  0.736032  0.417684  0.405842  0.423463  0.583584  0.841769  0.450090  0.452633  0.395747  0.347818  0.562037  0.786233  0.463905  0.467089  0.476725  0.325521  0.706136  0.499175  0.354806  0.765451  0.446105  0.433167  0.337717 
9  0.243977  0.903456  0.896026  0.307025  0.305948  0.502897  0.266071  0.232387  0.481695 0.0  0.220947  0.084270  0.293047  0.814925  0.397744  0.310995  0.747355  0.584727  0.244970  0.478404  0.234270  0.835678  0.211560  0.376243  0.797468  0.749530  0.115500  0.084270  0.210885  0.304257  0.254057  0.357116  0.276458  0.209491  0.775967  0.241136  0.212881  0.777690  0.292393  0.742024  0.797310  0.268396  0.386203  0.226301  0.813540  0.239899  0.297438  0.316441  0.199972  0.265244  0.287766  0.249078  0.306690  0.111115  0.451093  0.196876  0.202404  0.307841  0.351727  0.144252  0.245338  0.296036  0.168793  0.748366  0.168832  0.205339  0.296176  0.797228  0.800534  0.237191  0.251542  0.322185  0.204586  0.480025  0.239680  0.261762  0.308316  0.285408  0.241559  0.808253  0.319592  0.209323  0.752407  0.229940  0.313486  0.197284  0.371896  0.158576  0.685494  0.206730  0.130885  0.218391  0.560529  0.454628  0.201550  0.648812  0.227549  0.900405  0.166084  0.084270  0.235069  0.136920  0.206200  0.255645  0.284259  0.135267  0.281522  0.735206  0.249452  0.362875  0.307564  0.207529  0.294071  0.320181  0.252356  0.286412  0.501181  0.342252  0.397567  0.830217  0.160659  0.276561  0.331775  0.786404  0.224519  0.270291  0.314262  0.494138  0.817523  0.284169  0.084270  0.248067  0.465207  0.389721  0.786526  0.328792  0.219700  0.170066  0.157923  0.651884  0.212500  0.275148  0.715262  0.136799  0.196789  0.151669 
10  0.173916  0.803612  0.771549  0.250727  0.324937  0.635130  0.212562  0.330461  0.386075  0.220947 0.0  0.307408  0.277059  0.844312  0.444729  0.191672  0.744893  0.591910  0.224637  0.384069  0.326138  0.828048  0.429946  0.378836  0.836868  0.792445  0.280848  0.264042  0.314211  0.324869  0.279635  0.235337  0.383835  0.421361  0.809937  0.301595  0.250574  0.768976  0.176992  0.752659  0.691990  0.306280  0.084270  0.231653  0.763007  0.393684  0.210305  0.187112  0.261319  0.370250  0.159134  0.379137  0.142005  0.267658  0.539400  0.318646  0.299887  0.339688  0.465900  0.302026  0.253560  0.274075  0.328452  0.758054  0.390740  0.174450  0.163079  0.807161  0.897974  0.311349  0.131578  0.264840  0.328683  0.316322  0.325575  0.098561  0.205651  0.289255  0.229062  0.885507  0.397379  0.352194  0.796892  0.163405  0.276772  0.268306  0.133683  0.293420  0.641302  0.354528  0.344021  0.188364  0.545973  0.456413  0.142580  0.655869  0.313541  0.860502  0.399107  0.368630  0.375947  0.329842  0.287604  0.419824  0.221783  0.248990  0.320262  0.718975  0.267594  0.227663  0.279480  0.281157  0.351695  0.103312  0.293113  0.252020  0.504598  0.358533  0.275908  0.778715  0.273521  0.297565  0.209311  0.760779  0.199437  0.193568  0.223962  0.524802  0.782046  0.230139  0.349268  0.252823  0.422129  0.443369  0.752237  0.220144  0.352128  0.329630  0.269334  0.682406  0.342431  0.331165  0.674233  0.250722  0.349667  0.213242 
11  0.372739  0.828615  0.790664  0.379805  0.344678  0.702635  0.340866  0.209735  0.458635  0.084270  0.307408 0.0  0.260863  0.904821  0.370879  0.257121  0.729318  0.600464  0.219384  0.418922  0.297028  0.830497  0.262443  0.479430  0.835586  0.843853  0.241919  0.143489  0.245265  0.265533  0.292078  0.267667  0.282552  0.219167  0.887033  0.319128  0.226896  0.786169  0.431493  0.798637  0.640273  0.356183  0.302024  0.341627  0.734560  0.230099  0.357597  0.277307  0.256306  0.207327  0.259932  0.162187  0.332585  0.188970  0.541955  0.268339  0.136977  0.285271  0.489768  0.204666  0.292579  0.328806  0.299869  0.714810  0.306370  0.410197  0.291750  0.839857  0.938284  0.325113  0.323385  0.255797  0.174170  0.303217  0.233946  0.334208  0.377420  0.293595  0.286596  0.833940  0.164930  0.217585  0.778297  0.209728  0.366330  0.368816  0.220474  0.159626  0.571449  0.278948  0.280528  0.247546  0.557001  0.473939  0.220243  0.660775  0.205215  0.863611  0.234568  0.317037  0.220020  0.121330  0.256301  0.182337  0.266537  0.313067  0.206844  0.745407  0.386506  0.302605  0.334968  0.377018  0.278866  0.342701  0.287343  0.360829  0.458688  0.377707  0.371191  0.801760  0.219246  0.367932  0.279639  0.759910  0.311768  0.326097  0.229077  0.619397  0.852409  0.424262  0.273574  0.263271  0.402656  0.433270  0.850976  0.317988  0.227842  0.201844  0.113353  0.528308  0.136977  0.238645  0.721384  0.254133  0.260728  0.199244 
12  0.173369  0.833203  0.827909  0.220573  0.254708  0.457780  0.262577  0.215263  0.294746  0.293047  0.277059  0.260863 0.0  0.759732  0.395701  0.270285  0.683517  0.604381  0.172632  0.413429  0.269833  0.747940  0.281993  0.533246  0.684411  0.741796  0.164207  0.228959  0.270804  0.239509  0.260958  0.249418  0.224266  0.247118  0.841315  0.290181  0.138785  0.746240  0.174067  0.824302  0.746725  0.316055  0.215233  0.300293  0.802956  0.148687  0.238696  0.253385  0.261157  0.247721  0.221622  0.262372  0.210583  0.234780  0.567583  0.191616  0.296411  0.188557  0.476654  0.239542  0.227816  0.161787  0.276082  0.738656  0.249737  0.256592  0.185599  0.729269  0.887771  0.298664  0.168103  0.307436  0.169755  0.360724  0.217015  0.287449  0.233385  0.220228  0.132599  0.743988  0.195697  0.295546  0.912577  0.191853  0.327672  0.208476  0.309081  0.225266  0.567875  0.259067  0.177788  0.220951  0.510929  0.430218  0.223707  0.601469  0.265527  0.826113  0.248217  0.188481  0.213395  0.267856  0.163204  0.253840  0.278802  0.310283  0.214146  0.714134  0.330660  0.305805  0.223369  0.299785  0.181440  0.246535  0.199061  0.291139  0.434608  0.342144  0.203240  0.787713  0.288390  0.233742  0.201053  0.722119  0.154924  0.226088  0.188959  0.527788  0.840573  0.238972  0.184532  0.192404  0.473356  0.393088  0.842974  0.236457  0.186637  0.222963  0.226711  0.586535  0.180980  0.236999  0.674527  0.173781  0.262372  0.154225 
13  0.800318  0.726569  0.771314  0.742898  0.825296  0.784485  0.814487  0.894018  0.803593  0.814925  0.844312  0.904821  0.759732 0.0  0.843318  0.831204  0.729695  0.511932  0.741073  0.710613  0.815641  0.799184  0.819946  0.494947  0.824873  0.764210  0.717975  0.844158  0.800721  0.803292  0.760404  0.825242  0.871836  0.815682  0.757812  0.837218  0.756146  0.686006  0.707480  0.752698  0.794287  0.818525  0.737722  0.785903  0.112545  0.731806  0.879971  0.738053  0.771835  0.718093  0.767177  0.700265  0.767562  0.802113  0.854545  0.745234  0.809460  0.686546  0.426445  0.838791  0.757423  0.747599  0.851049  0.693236  0.923637  0.842879  0.770169  0.741442  0.806623  0.550003  0.729006  0.849314  0.727410  0.818640  0.825480  0.874407  0.802154  0.757649  0.715276  0.815299  0.774597  0.806090  0.780856  0.805691  0.598951  0.782737  0.688022  0.763811  0.532982  0.748275  0.744873  0.864657  0.711398  0.454265  0.724136  0.842988  0.829234  0.844882  0.843962  0.737881  0.796062  0.833084  0.794484  0.726870  0.732855  0.778157  0.797287  0.754409  0.737811  0.768686  0.782774  0.831167  0.798261  0.755983  0.736013  0.773916  0.332748  0.714173  0.820382  0.750318  0.763300  0.832356  0.764128  0.816342  0.769408  0.831927  0.775335  0.771794  0.525439  0.820466  0.783201  0.743018  0.792577  0.762908  0.733007  0.777243  0.805512  0.873309  0.753506  0.743535  0.755763  0.809610  0.753053  0.685309  0.709452  0.717063 
14  0.338873  0.854368  0.858561  0.455265  0.538572  0.605581  0.444229  0.486366  0.124861  0.397744  0.444729  0.370879  0.395701  0.843318 0.0  0.425357  0.823342  0.608134  0.351037  0.412859  0.494292  0.924661  0.402898  0.527671  0.799791  0.834547  0.447086  0.461176  0.394010  0.374534  0.333064  0.422535  0.381612  0.445266  0.820619  0.322787  0.443711  0.774437  0.421332  0.674410  0.705669  0.104271  0.429252  0.414332  0.732045  0.312549  0.442268  0.441568  0.426329  0.455319  0.411664  0.384902  0.375838  0.307335  0.609283  0.371467  0.479731  0.297846  0.492871  0.463951  0.388277  0.340114  0.430223  0.725753  0.443795  0.484762  0.401838  0.857615  0.806521  0.336197  0.411106  0.531742  0.419611  0.087955  0.368335  0.440791  0.403370  0.386920  0.367208  0.743274  0.438364  0.392225  0.707208  0.442645  0.460787  0.365161  0.309502  0.408049  0.645348  0.363177  0.341420  0.317254  0.543077  0.414930  0.358989  0.573175  0.399632  0.813589  0.431762  0.306882  0.398251  0.397972  0.453887  0.378180  0.356039  0.436243  0.382386  0.811772  0.341226  0.406699  0.421263  0.410580  0.414337  0.470088  0.418261  0.400742  0.501979  0.281798  0.464236  0.705838  0.339386  0.394804  0.361225  0.736925  0.439831  0.398999  0.405155  0.482385  0.779814  0.451776  0.529313  0.413954  0.460037  0.376653  0.848530  0.351440  0.415218  0.387981  0.415806  0.646316  0.422777  0.415198  0.750866  0.384092  0.395351  0.288128 
15  0.295674  0.902238  0.763689  0.285425  0.205156  0.562099  0.266776  0.393221  0.499222  0.310995  0.191672  0.257121  0.270285  0.831204  0.425357 0.0  0.773357  0.652828  0.272459  0.501232  0.107465  0.884488  0.325525  0.488641  0.878965  0.825985  0.343261  0.284210  0.283587  0.214044  0.352583  0.286901  0.221833  0.332367  0.893344  0.137921  0.306638  0.663010  0.245632  0.735498  0.723381  0.356173  0.228455  0.139895  0.849079  0.314870  0.163510  0.237798  0.417420  0.323506  0.217541  0.271559  0.283094  0.293842  0.496228  0.389336  0.386543  0.246860  0.379583  0.297982  0.357425  0.283408  0.324967  0.766241  0.237826  0.344654  0.169768  0.774302  0.837301  0.227881  0.230261  0.221385  0.343411  0.488846  0.304213  0.205281  0.322788  0.201305  0.286600  0.815109  0.321936  0.368093  0.722833  0.096315  0.136214  0.184810  0.284138  0.329225  0.654470  0.262858  0.320133  0.224974  0.622588  0.358745  0.239331  0.590990  0.262359  0.709782  0.336504  0.401808  0.431067  0.304714  0.370632  0.293099  0.084270  0.332511  0.342973  0.648531  0.235092  0.130484  0.197550  0.241257  0.254699  0.124971  0.348832  0.282196  0.475672  0.403871  0.084270  0.845636  0.374608  0.339407  0.233127  0.865757  0.283966  0.092744  0.159811  0.519760  0.864923  0.113598  0.365833  0.091856  0.426037  0.431125  0.856659  0.270598  0.331042  0.295684  0.294956  0.620060  0.359304  0.159642  0.787572  0.362880  0.290542  0.177320 
16  0.718995  0.741534  0.744804  0.758089  0.773993  0.747052  0.688830  0.749529  0.730664  0.747355  0.744893  0.729318  0.683517  0.729695  0.823342  0.773357 0.0  0.695224  0.716713  0.749433  0.886905  0.807916  0.722582  0.506345  0.849718  0.636360  0.693708  0.711165  0.702599  0.609938  0.590359  0.761502  0.718877  0.551425  0.787375  0.768500  0.615899  0.671149  0.694303  0.744912  0.726245  0.815968  0.683208  0.847973  0.789988  0.774511  0.645188  0.728070  0.733973  0.819016  0.649252  0.747766  0.647887  0.710764  0.735779  0.815260  0.774599  0.545244  0.526180  0.875788  0.720700  0.706180  0.675433  0.708357  0.648522  0.763569  0.698004  0.669817  0.799890  0.688829  0.719896  0.698815  0.697097  0.775611  0.639076  0.702627  0.812866  0.665799  0.719792  0.756386  0.740097  0.715592  0.705191  0.653199  0.684262  0.692787  0.577409  0.682350  0.311562  0.702776  0.782777  0.782774  0.858048  0.545532  0.778952  0.726484  0.722678  0.626779  0.721149  0.759242  0.807438  0.773139  0.794162  0.739765  0.770423  0.775442  0.709665  0.834726  0.725384  0.774101  0.692019  0.714019  0.764353  0.855512  0.774958  0.637466  0.459685  0.805067  0.756046  0.700504  0.684419  0.731957  0.798337  0.753152  0.792770  0.669683  0.746905  0.824443  0.689180  0.743582  0.588514  0.708640  0.726625  0.729452  0.770713  0.679328  0.752129  0.652720  0.719490  0.510095  0.776101  0.701954  0.793996  0.677488  0.731236  0.706788 
17  0.674182  0.697352  0.596463  0.664257  0.661823  0.721968  0.680210  0.665632  0.680427  0.584727  0.591910  0.600464  0.604381  0.511932  0.608134  0.652828  0.695224 0.0  0.643546  0.713302  0.579002  0.565812  0.645874  0.496245  0.630771  0.619962  0.685776  0.713582  0.578070  0.626852  0.618358  0.624630  0.661115  0.547276  0.592811  0.736837  0.634864  0.662013  0.557007  0.635290  0.708205  0.629747  0.531399  0.789877  0.586689  0.636729  0.630533  0.648173  0.666269  0.602292  0.557233  0.619875  0.610357  0.665987  0.651571  0.580510  0.613271  0.528379  0.382642  0.545684  0.650371  0.656924  0.639353  0.634532  0.659575  0.603344  0.590405  0.650550  0.688899  0.536333  0.652389  0.707892  0.752674  0.680052  0.616013  0.628116  0.643362  0.645004  0.632015  0.588668  0.555410  0.610032  0.711978  0.662918  0.680956  0.662896  0.621825  0.676225  0.592475  0.582441  0.770223  0.675175  0.652144  0.466326  0.675461  0.657491  0.604645  0.624967  0.696973  0.561165  0.692614  0.656015  0.616091  0.655732  0.533118  0.668575  0.577042  0.732243  0.529751  0.577065  0.609333  0.580954  0.583094  0.571694  0.706587  0.634501  0.451668  0.608813  0.556523  0.555023  0.643326  0.763754  0.672605  0.567495  0.619450  0.573913  0.649251  0.604309  0.659920  0.621253  0.578223  0.640113  0.639334  0.600207  0.632043  0.670255  0.703479  0.624041  0.571090  0.620350  0.743562  0.637885  0.659379  0.662406  0.720419  0.735099 
18  0.201171  0.775629  0.777216  0.180191  0.294426  0.498894  0.280522  0.168598  0.445357  0.244970  0.224637  0.219384  0.172632  0.741073  0.351037  0.272459  0.716713  0.643546 0.0  0.550128  0.274851  0.812078  0.264349  0.355160  0.861472  0.936887  0.231559  0.337348  0.224273  0.157568  0.315480  0.232506  0.182530  0.270101  0.723416  0.214584  0.282251  0.801977  0.249483  0.753493  0.696159  0.316750  0.211115  0.210528  0.863663  0.197276  0.225140  0.301664  0.147698  0.228532  0.218330  0.255014  0.261673  0.291745  0.550656  0.184329  0.322992  0.407225  0.526651  0.228272  0.249085  0.338841  0.282316  0.656793  0.251910  0.284067  0.263859  0.804083  0.746307  0.352372  0.195902  0.279878  0.234855  0.353998  0.268331  0.191174  0.194588  0.109813  0.191255  0.858762  0.320792  0.216260  0.742646  0.348757  0.243537  0.156854  0.347471  0.165889  0.522501  0.307124  0.246362  0.208579  0.683422  0.397084  0.169106  0.567204  0.259494  0.860706  0.180155  0.214704  0.249598  0.330376  0.390357  0.254199  0.245216  0.286528  0.227109  0.739623  0.336144  0.146221  0.276723  0.292715  0.207551  0.223179  0.269462  0.255038  0.482282  0.395028  0.175168  0.814822  0.204179  0.246163  0.240078  0.730602  0.250280  0.221269  0.273877  0.464972  0.823264  0.183693  0.275528  0.196467  0.588513  0.437742  0.809571  0.228433  0.172270  0.338292  0.319545  0.666092  0.300090  0.311297  0.790515  0.205949  0.253394  0.223372 
19  0.388630  0.739734  0.668268  0.511395  0.433380  0.233251  0.427097  0.359683  0.400199  0.478404  0.384069  0.418922  0.413429  0.710613  0.412859  0.501232  0.749433  0.713302  0.550128 0.0  0.437039  0.813321  0.359211  0.510913  0.792140  0.721319  0.503609  0.445242  0.428869  0.464298  0.456266  0.484550  0.487021  0.518752  0.671662  0.400360  0.472352  0.745889  0.376791  0.761008  0.644479  0.485302  0.443246  0.414051  0.765019  0.362248  0.478825  0.429569  0.469667  0.453646  0.332393  0.492221  0.416347  0.414370  0.437061  0.430766  0.545722  0.242721  0.552113  0.417379  0.378486  0.424015  0.456515  0.662798  0.443405  0.468475  0.416820  0.775034  0.781906  0.316603  0.353091  0.436027  0.402276  0.363660  0.522314  0.380582  0.454881  0.492651  0.397415  0.716987  0.395402  0.323544  0.758297  0.430785  0.379381  0.404386  0.320124  0.459918  0.657333  0.453231  0.422323  0.420148  0.217668  0.388227  0.372493  0.169591  0.455862  0.703015  0.368569  0.481183  0.451625  0.463509  0.484301  0.380989  0.305773  0.528074  0.460815  0.764898  0.450848  0.403290  0.299702  0.521530  0.445585  0.424644  0.480445  0.500645  0.463728  0.377539  0.391328  0.714682  0.403250  0.468610  0.460138  0.757810  0.438133  0.454391  0.429608  0.495259  0.769291  0.315273  0.514527  0.370104  0.487012  0.516732  0.836938  0.390291  0.335233  0.416611  0.484307  0.537639  0.473345  0.507031  0.789634  0.437969  0.391915  0.468120 
20  0.178080  0.857884  0.680451  0.127004  0.201886  0.700316  0.151292  0.309501  0.453379  0.234270  0.326138  0.297028  0.269833  0.815641  0.494292  0.107465  0.886905  0.579002  0.274851  0.437039 0.0  0.880120  0.260146  0.421190  0.735103  0.793237  0.332014  0.368453  0.252765  0.150500  0.255722  0.264250  0.084270  0.132881  0.755585  0.084270  0.336298  0.745723  0.254893  0.765046  0.747250  0.368397  0.159566  0.084270  0.724634  0.303518  0.195044  0.170884  0.291386  0.201211  0.127079  0.243370  0.250460  0.278955  0.550633  0.204572  0.289742  0.297895  0.497748  0.314156  0.333687  0.209047  0.263351  0.730711  0.380949  0.170478  0.194148  0.811642  0.852207  0.365079  0.248866  0.247223  0.228882  0.423246  0.294300  0.148742  0.192565  0.286511  0.137015  0.819619  0.411283  0.264041  0.867833  0.241610  0.099110  0.126470  0.317967  0.339401  0.673262  0.250886  0.353557  0.247980  0.568974  0.452449  0.219930  0.500790  0.329594  0.860549  0.227684  0.287036  0.311261  0.313748  0.253957  0.283361  0.105182  0.159510  0.268184  0.671470  0.182662  0.220853  0.179873  0.204662  0.148083  0.205194  0.358907  0.248473  0.344980  0.416267  0.140535  0.777261  0.326064  0.153359  0.207065  0.798077  0.232848  0.116140  0.170418  0.506334  0.789383  0.084270  0.392059  0.115681  0.430633  0.373377  0.803564  0.138936  0.301349  0.319113  0.165501  0.595733  0.341135  0.257920  0.727602  0.342984  0.216844  0.167158 
21  0.815578  0.470768  0.601156  0.863741  0.787641  0.861281  0.790544  0.846382  0.800903  0.835678  0.828048  0.830497  0.747940  0.799184  0.924661  0.884488  0.807916  0.565812  0.812078  0.813321  0.880120 0.0  0.735548  0.448532  0.789109  0.915843  0.842817  0.802009  0.793480  0.876046  0.737613  0.842992  0.789323  0.927596  0.153181  0.805435  0.881617  0.698550  0.806248  0.455199  0.643405  0.786813  0.854630  0.926534  0.789761  0.806071  0.825598  0.793493  0.741972  0.863179  0.849403  0.810350  0.817721  0.852896  0.718032  0.838798  0.879692  0.580937  0.446229  0.757304  0.833585  0.791628  0.800817  0.743651  0.824893  0.881125  0.880528  0.208481  0.830214  0.603866  0.858065  0.800673  0.809579  0.891966  0.808194  0.923124  0.871466  0.816013  0.775913  0.306291  0.751521  0.794761  0.840951  0.805206  0.825573  0.799154  0.711639  0.886015  0.690687  0.764067  0.959100  0.790770  0.753215  0.455069  0.851497  0.811604  0.781540  0.565979  0.821923  0.923226  0.867109  0.777089  0.753511  0.761784  0.859174  0.827930  0.780804  0.761673  0.691937  0.794700  0.840600  0.946455  0.755353  0.814998  0.798204  0.787109  0.515521  0.900384  0.886137  0.111547  0.914281  0.720558  0.847103  0.359523  0.836053  0.744643  0.905396  0.804356  0.808916  0.799518  0.752376  0.690607  0.716200  0.705530  0.784380  0.723179  0.844943  0.813735  0.727766  0.642466  0.793316  0.786116  0.672108  0.815990  0.774740  0.729897 
22  0.319623  0.913972  0.885015  0.306597  0.349101  0.706849  0.294863  0.175538  0.459899  0.211560  0.429946  0.262443  0.281993  0.819946  0.402898  0.325525  0.722582  0.645874  0.264349  0.359211  0.260146  0.735548 0.0  0.491700  0.795296  0.802303  0.135210  0.263092  0.165048  0.319160  0.299145  0.322460  0.366819  0.229179  0.762650  0.402252  0.134075  0.712699  0.365573  0.720783  0.715695  0.249285  0.287243  0.296219  0.776373  0.315746  0.305309  0.435074  0.164676  0.161482  0.355379  0.293754  0.342583  0.267929  0.561109  0.204319  0.253164  0.348491  0.490585  0.190162  0.312804  0.205906  0.278913  0.783621  0.148626  0.318353  0.296936  0.769364  0.918292  0.321639  0.381308  0.340255  0.123468  0.456387  0.178803  0.263245  0.190210  0.284678  0.229497  0.847110  0.183033  0.276340  0.821717  0.214479  0.276041  0.297737  0.338783  0.212940  0.540115  0.162203  0.096159  0.114875  0.559917  0.485795  0.342438  0.612778  0.167074  0.870554  0.112892  0.210659  0.166924  0.242125  0.195930  0.137100  0.398190  0.190407  0.163567  0.725688  0.353002  0.377882  0.366794  0.306326  0.369937  0.403124  0.143902  0.335343  0.380666  0.397704  0.367372  0.813642  0.156685  0.372493  0.315919  0.728858  0.353730  0.356751  0.269761  0.556459  0.865715  0.408956  0.228997  0.339989  0.354078  0.343632  0.914180  0.303337  0.174288  0.175931  0.286684  0.707603  0.267904  0.290159  0.717094  0.109315  0.117537  0.166656 
23  0.451212  0.461220  0.279129  0.350058  0.562570  0.394462  0.471944  0.534209  0.436242  0.376243  0.378836  0.479430  0.533246  0.494947  0.527671  0.488641  0.506345  0.496245  0.355160  0.510913  0.421190  0.448532  0.491700 0.0  0.486820  0.503140  0.507198  0.463114  0.505955  0.505056  0.503230  0.485906  0.363263  0.460165  0.412445  0.463614  0.422798  0.413253  0.492259  0.529834  0.385660  0.426013  0.457010  0.587469  0.540645  0.468667  0.429145  0.485537  0.405566  0.522945  0.465925  0.398799  0.446586  0.447702  0.489122  0.486326  0.444838  0.448761  0.499348  0.375873  0.450879  0.407472  0.478811  0.435590  0.382890  0.504066  0.390498  0.498275  0.405481  0.439815  0.459509  0.366183  0.516548  0.393682  0.420032  0.562665  0.526116  0.517919  0.474932  0.383908  0.435783  0.439175  0.426400  0.402186  0.508352  0.427215  0.488139  0.543190  0.446323  0.313720  0.533630  0.444162  0.455558  0.481364  0.469983  0.468116  0.484376  0.496827  0.451963  0.569935  0.527778  0.451279  0.435007  0.505251  0.549737  0.477185  0.551067  0.791011  0.455496  0.380959  0.471377  0.407272  0.536276  0.530536  0.474765  0.597990  0.465987  0.393553  0.420291  0.519798  0.546080  0.445495  0.401616  0.422221  0.466692  0.510883  0.505605  0.441009  0.447417  0.507750  0.498183  0.472849  0.422479  0.529532  0.436336  0.426284  0.422203  0.456643  0.537564  0.456151  0.452452  0.505260  0.455632  0.439323  0.514244  0.437046 
24  0.714446  0.728258  0.841134  0.828436  0.847190  0.834910  0.777809  0.714397  0.650924  0.797468  0.836868  0.835586  0.684411  0.824873  0.799791  0.878965  0.849718  0.630771  0.861472  0.792140  0.735103  0.789109  0.795296  0.486820 0.0  0.084270  0.840271  0.789573  0.734594  0.819178  0.765570  0.835107  0.822870  0.880099  0.780158  0.767425  0.740472  0.503853  0.728763  0.692029  0.402090  0.732784  0.889738  0.796222  0.831869  0.785226  0.779017  0.855994  0.779725  0.707691  0.753461  0.841582  0.802461  0.705590  0.795000  0.814832  0.731871  0.699102  0.423734  0.861983  0.792681  0.723306  0.769951  0.746839  0.854373  0.761638  0.814555  0.799929  0.785085  0.682076  0.797945  0.799027  0.804897  0.880735  0.730449  0.808072  0.642806  0.747670  0.721673  0.807077  0.805040  0.785222  0.760260  0.786663  0.782041  0.885961  0.626566  0.736181  0.655258  0.782673  0.843250  0.788028  0.747775  0.476889  0.827442  0.817804  0.825528  0.817926  0.826483  0.694155  0.825738  0.740543  0.713142  0.823385  0.797493  0.754598  0.723215  0.721437  0.717790  0.884555  0.710542  0.757273  0.807950  0.807786  0.806862  0.741914  0.411892  0.721547  0.782247  0.812071  0.829287  0.761460  0.805713  0.741246  0.859851  0.711959  0.789657  0.817641  0.749443  0.805990  0.735622  0.783560  0.625689  0.732446  0.754880  0.749092  0.829808  0.780652  0.812877  0.317532  0.746961  0.784088  0.732979  0.781286  0.788282  0.840060 
25  0.760296  0.824204  0.739402  0.826725  0.708258  0.781178  0.846168  0.764721  0.724675  0.749530  0.792445  0.843853  0.741796  0.764210  0.834547  0.825985  0.636360  0.619962  0.936887  0.721319  0.793237  0.915843  0.802303  0.503140  0.084270 0.0  0.799978  0.725790  0.826601  0.838287  0.868328  0.834933  0.819279  0.720223  0.757299  0.825659  0.784216  0.465587  0.802142  0.760948  0.440156  0.722300  0.755610  0.825437  0.765075  0.799126  0.779916  0.813607  0.774667  0.792017  0.822571  0.700097  0.613373  0.778146  0.763066  0.786010  0.891766  0.717483  0.392494  0.862460  0.693843  0.843507  0.766125  0.792891  0.779703  0.761242  0.807952  0.736699  0.816606  0.538876  0.748530  0.843376  0.818888  0.774174  0.855044  0.885169  0.869013  0.770938  0.811997  0.730697  0.737428  0.843843  0.741864  0.741698  0.862852  0.675864  0.634302  0.769339  0.547809  0.785460  0.825467  0.804382  0.769672  0.514148  0.797434  0.723002  0.772254  0.816328  0.746830  0.767457  0.812248  0.744468  0.879887  0.728912  0.822978  0.838465  0.697410  0.809336  0.859704  0.727259  0.771733  0.789448  0.778486  0.813114  0.809292  0.757642  0.470914  0.811847  0.757108  0.695629  0.849720  0.789497  0.701086  0.689957  0.820832  0.646362  0.761466  0.859941  0.827597  0.836750  0.829066  0.784845  0.789915  0.743251  0.868382  0.768098  0.771139  0.752696  0.695965  0.287455  0.803954  0.764280  0.700044  0.837884  0.717954  0.753374 
26  0.369366  0.777744  0.673548  0.290571  0.460366  0.636511  0.330581  0.114761  0.443611  0.115500  0.280848  0.241919  0.164207  0.717975  0.447086  0.343261  0.693708  0.685776  0.231559  0.503609  0.332014  0.842817  0.135210  0.507198  0.840271  0.799978 0.0  0.211386  0.152666  0.417629  0.231717  0.250443  0.241633  0.084270  0.789251  0.326293  0.143479  0.814488  0.417740  0.760867  0.738405  0.323515  0.280242  0.396517  0.845599  0.270203  0.330490  0.325084  0.211741  0.202860  0.373964  0.294045  0.277525  0.182274  0.510636  0.093940  0.197572  0.178202  0.318554  0.084270  0.419884  0.325391  0.102556  0.644661  0.190794  0.294114  0.341490  0.719360  0.960596  0.349595  0.295145  0.317947  0.143815  0.257277  0.232423  0.350105  0.281110  0.380503  0.212973  0.850424  0.084270  0.171952  0.739732  0.244498  0.255229  0.304722  0.386004  0.084270  0.603885  0.128109  0.250486  0.090489  0.577701  0.481160  0.383881  0.721811  0.084270  0.787633  0.154368  0.084270  0.180589  0.084270  0.154526  0.172812  0.319905  0.217404  0.084270  0.708962  0.382960  0.335700  0.344613  0.221143  0.397649  0.368169  0.115785  0.292098  0.387960  0.386318  0.393071  0.841915  0.275258  0.277580  0.428955  0.725239  0.405182  0.334641  0.251883  0.481709  0.773520  0.212494  0.196553  0.271327  0.483172  0.423954  0.684252  0.294767  0.136613  0.319961  0.338698  0.655745  0.084270  0.328525  0.798714  0.181983  0.164924  0.293692 
