146
0 0.0  0.891447  0.856630  0.140935  0.208484  0.637738  0.201852  0.267705  0.403709  0.148855  0.078693  0.192196  0.303520  0.823190  0.471245  0.180017  0.714218  0.691761  0.319926  0.378524  0.246651  0.902411  0.393559  0.589270  0.733970  0.701363  0.349691  0.301384  0.304255  0.196086  0.313038  0.217688  0.256709  0.331882  0.930116  0.163424  0.301528  0.668692  0.255012  0.646541  0.662404  0.303526  0.080782  0.202090  0.749616  0.224028  0.196591  0.185037  0.280897  0.356125  0.138056  0.422807  0.078693  0.295268  0.519161  0.310076  0.249860  0.314530  0.575950  0.342885  0.366673  0.279598  0.238816  0.854014  0.269812  0.230760  0.208610  0.873003  0.930585  0.259132  0.179489  0.280840  0.330856  0.419574  0.333830  0.126362  0.161610  0.272544  0.203120  0.802262  0.413701  0.342487  0.852849  0.118703  0.288950  0.225410  0.347083  0.322169  0.635325  0.321939  0.344365  0.373394  0.551790  0.387461  0.079753  0.632723  0.309573  0.829995  0.494052  0.327904  0.314079  0.336136  0.258406  0.306356  0.271300  0.377383  0.337852  0.803394  0.216374  0.222464  0.265660  0.293694  0.269237  0.122217  0.271758  0.243019  0.408693  0.363244  0.178540  0.700780  0.324840  0.182883  0.207672  0.700097  0.179036  0.220190  0.277565  0.592378  0.891920  0.373489  0.232444  0.090925  0.354897  0.430611  0.859892  0.202752  0.294965  0.414106  0.158671  0.658083  0.390986  0.228614  0.805946  0.362154  0.211250  0.196960 
1  0.891447 0.0  0.257639  0.907198  0.804609  0.915926  0.930937  0.812277  0.880273  0.884609  0.774235  0.890339  0.746569  0.827969  0.932285  0.880743  0.728559  0.604500  0.784638  0.771234  0.934996  0.566595  0.869071  0.526976  0.773019  0.739350  0.858009  0.702123  0.788826  0.882460  0.770766  0.898827  0.721823  0.869379  0.549389  0.871589  0.881230  0.740337  0.890473  0.236474  0.741849  0.725875  0.919262  0.848036  0.811422  0.793962  0.962072  0.844922  0.844276  0.825006  0.798952  0.776462  0.769292  0.867735  0.792034  0.904436  0.814045  0.619691  0.492720  0.887322  0.796547  0.808687  0.810677  0.715429  0.849740  0.918305  0.807671  0.458247  0.916783  0.641897  0.894439  0.826756  0.842272  0.795883  0.836607  0.990526  0.855194  0.842047  0.765257  0.493401  0.802936  0.898728  0.741879  0.985759  0.900897  0.921846  0.706235  0.868056  0.690772  0.826184  0.829098  0.825585  0.848687  0.491734  0.808300  0.812745  0.871503  0.377587  0.806495  0.751973  0.770293  0.840726  0.875697  0.842761  0.747338  0.845463  0.870950  0.697624  0.883703  0.827133  0.798469  0.802699  0.910538  0.845823  0.836626  0.788820  0.504126  0.935864  0.854150  0.612223  0.830337  0.824390  0.838555  0.455655  0.793610  0.891902  0.882283  0.861492  0.801499  0.858268  0.906663  0.846716  0.593345  0.677358  0.843509  0.889081  0.817407  0.943586  0.997068  0.705525  0.949635  0.753219  0.765986  0.881242  0.863500  0.773497 
2  0.856630  0.257639 0.0  0.813488  0.778693  0.879044  0.835091  0.840779  0.799698  0.861637  0.872546  0.832246  0.867024  0.788861  0.863663  0.735007  0.756476  0.618794  0.777555  0.640640  0.895504  0.445786  0.804178  0.399880  0.795364  0.708113  0.811153  0.721862  0.820485  0.822707  0.885309  0.862620  0.745552  0.929871  0.639787  0.821087  0.817417  0.685917  0.904281  0.231578  0.728154  0.778207  0.639905  0.884990  0.837674  0.882416  0.710395  0.775763  0.933400  0.896152  0.807528  0.772359  0.785088  0.817173  0.843122  0.859872  0.793888  0.649647  0.327454  0.756857  0.873535  0.774992  0.827762  0.750377  0.869662  0.746205  0.868582  0.540291  0.926701  0.595113  0.847262  0.913055  0.769343  0.875244  0.815998  0.815705  0.855291  0.809211  0.834109  0.482510  0.815857  0.774182  0.871015  0.856406  0.853957  0.827932  0.701599  0.876519  0.629439  0.876122  0.869104  0.899387  0.828761  0.387372  0.804046  0.747159  0.843119  0.421578  0.816426  0.763060  0.855192  0.768707  0.863753  0.814040  0.787457  0.920432  0.861850  0.784138  0.870599  0.768590  0.893408  0.770730  0.862734  0.692958  0.846495  0.859761  0.506742  0.729030  0.731905  0.603693  0.826770  0.773023  0.892727  0.347703  0.876218  0.863426  0.843076  0.815870  0.760039  0.794822  0.811424  0.769431  0.736655  0.754100  0.742956  0.784115  0.845352  0.849137  0.938558  0.661335  0.803340  0.913062  0.714111  0.836245  0.801943  0.818830 
3  0.140935  0.907198  0.813488 0.0  0.253376  0.731563  0.078693  0.338599  0.384882  0.417225  0.196113  0.449588  0.248229  0.722411  0.471291  0.266117  0.676655  0.661227  0.249217  0.412733  0.115273  0.792743  0.338186  0.437902  0.799206  0.779508  0.251858  0.292262  0.321877  0.259169  0.271919  0.169272  0.174560  0.311235  0.833900  0.337032  0.231015  0.749436  0.208566  0.712738  0.739542  0.373535  0.245021  0.078693  0.715382  0.274946  0.225634  0.207861  0.284327  0.400829  0.105438  0.303526  0.178737  0.203299  0.572691  0.294003  0.284705  0.364417  0.497147  0.279637  0.315977  0.363660  0.343793  0.699497  0.272958  0.078693  0.078693  0.860028  0.939307  0.245587  0.197696  0.275420  0.351971  0.392763  0.386569  0.101099  0.269263  0.194874  0.181835  0.896897  0.401478  0.252284  0.876389  0.207033  0.327583  0.294100  0.356231  0.386835  0.557391  0.390194  0.281822  0.275060  0.629779  0.540251  0.194675  0.610150  0.295666  0.941355  0.323700  0.376964  0.343428  0.293486  0.372470  0.425193  0.220559  0.337420  0.364544  0.752668  0.155512  0.193604  0.202682  0.170271  0.224602  0.212486  0.417751  0.245641  0.411729  0.385715  0.147511  0.782421  0.386505  0.099800  0.305430  0.698302  0.276571  0.184764  0.167085  0.516971  0.890117  0.206979  0.281745  0.253266  0.434827  0.475454  0.779012  0.175132  0.328240  0.382782  0.260238  0.674677  0.303317  0.341023  0.833132  0.223061  0.416236  0.122402 
4  0.208484  0.804609  0.778693  0.253376 0.0  0.734628  0.283118  0.399232  0.457408  0.157743  0.294095  0.246049  0.238061  0.706547  0.401882  0.267682  0.699855  0.673035  0.264639  0.490766  0.166432  0.814275  0.302799  0.402830  0.815006  0.851683  0.301225  0.340668  0.350159  0.240099  0.335552  0.229474  0.286567  0.358797  0.792613  0.220320  0.344585  0.781002  0.170886  0.781902  0.738522  0.409264  0.286623  0.309585  0.838592  0.257725  0.296416  0.268949  0.314566  0.373925  0.325386  0.262311  0.337023  0.229460  0.434014  0.381622  0.348885  0.315223  0.369959  0.312929  0.272406  0.279689  0.256353  0.734210  0.351784  0.373157  0.265544  0.832711  0.898588  0.255826  0.200883  0.227601  0.317193  0.345127  0.296993  0.241158  0.097453  0.165030  0.127325  0.865346  0.269473  0.295842  0.832257  0.237000  0.251986  0.317983  0.313819  0.309146  0.647500  0.246634  0.345535  0.162413  0.594047  0.513056  0.198864  0.640532  0.343750  0.849185  0.290064  0.409357  0.364128  0.357103  0.296596  0.317091  0.248678  0.346510  0.347339  0.720415  0.171839  0.247397  0.207513  0.093295  0.152150  0.210923  0.372714  0.078693  0.381145  0.446296  0.139846  0.704244  0.347506  0.234651  0.146611  0.740924  0.165324  0.252081  0.277636  0.535843  0.895738  0.221181  0.228265  0.239499  0.486894  0.452610  0.768854  0.222108  0.376046  0.499369  0.341106  0.552555  0.293052  0.276971  0.765756  0.332878  0.363715  0.181858 
5  0.637738  0.915926  0.879044  0.731563  0.734628 0.0  0.664350  0.592897  0.596795  0.595498  0.613017  0.583494  0.567941  0.809209  0.570029  0.571732  0.801427  0.634303  0.554072  0.175398  0.685798  0.894569  0.653492  0.409766  0.794605  0.735221  0.691564  0.595960  0.647830  0.601095  0.632467  0.599274  0.620621  0.692782  0.871807  0.713605  0.502318  0.696419  0.607423  0.741220  0.843554  0.521179  0.674526  0.622485  0.766578  0.567626  0.628070  0.695594  0.587465  0.624193  0.711684  0.617991  0.657814  0.580592  0.561669  0.687967  0.597180  0.241264  0.489128  0.618572  0.643469  0.578865  0.673296  0.738330  0.595681  0.667930  0.545206  0.838679  0.790155  0.218891  0.690329  0.702751  0.619539  0.592698  0.716491  0.562165  0.711104  0.626038  0.554291  0.765370  0.629333  0.630103  0.752904  0.610286  0.634335  0.710133  0.275930  0.609090  0.602881  0.537060  0.596220  0.644121  0.078693  0.546310  0.661624  0.183456  0.627073  0.866695  0.641536  0.669974  0.587560  0.631803  0.735719  0.639738  0.579749  0.593377  0.569953  0.804141  0.531922  0.654083  0.704478  0.603534  0.540763  0.619071  0.692048  0.612214  0.494475  0.489103  0.702388  0.676829  0.621119  0.732546  0.621318  0.849400  0.684921  0.668878  0.665608  0.508698  0.889053  0.633089  0.694992  0.605480  0.479193  0.407983  0.831383  0.643298  0.688570  0.628858  0.651459  0.616505  0.667659  0.565927  0.726307  0.654851  0.677324  0.610151 
6  0.201852  0.930937  0.835091  0.078693  0.283118  0.664350 0.0  0.312631  0.448020  0.218345  0.122089  0.295525  0.215919  0.799809  0.391874  0.342550  0.718884  0.586227  0.201232  0.444583  0.240173  0.794296  0.339911  0.500247  0.800712  0.853411  0.365917  0.311888  0.365796  0.236184  0.255692  0.196893  0.254852  0.369562  0.877220  0.200952  0.300284  0.738586  0.274945  0.764503  0.687137  0.408080  0.225375  0.078693  0.803559  0.325562  0.237183  0.123411  0.321130  0.318457  0.242975  0.291669  0.151852  0.170530  0.473295  0.276629  0.346005  0.293370  0.426487  0.303724  0.249500  0.255017  0.350034  0.736364  0.427517  0.160034  0.122976  0.921600  0.923649  0.292370  0.167184  0.375463  0.352468  0.493848  0.248805  0.175989  0.251263  0.246986  0.148339  0.899842  0.278044  0.304727  0.879990  0.160711  0.144895  0.281659  0.301535  0.365982  0.652633  0.453063  0.307310  0.282835  0.553166  0.592881  0.098283  0.583023  0.371103  0.863173  0.290217  0.376866  0.331771  0.354609  0.361360  0.333820  0.288086  0.294424  0.393115  0.781093  0.078693  0.272577  0.259028  0.223095  0.281145  0.149861  0.328832  0.313128  0.421780  0.392052  0.244201  0.813213  0.447894  0.146719  0.209709  0.802334  0.210805  0.155177  0.242741  0.493183  0.890331  0.245580  0.401930  0.295808  0.437787  0.493160  0.916521  0.090695  0.427123  0.273042  0.326293  0.619750  0.301240  0.331340  0.684002  0.380374  0.340727  0.078693 
7  0.267705  0.812277  0.840779  0.338599  0.399232  0.592897  0.312631 0.0  0.383093  0.313071  0.339338  0.215158  0.201920  0.815830  0.472186  0.333270  0.681526  0.719852  0.169996  0.383162  0.297619  0.925253  0.165637  0.531221  0.771918  0.716562  0.169029  0.263618  0.183570  0.359294  0.217938  0.378347  0.352889  0.151400  0.816717  0.291435  0.219391  0.681655  0.316858  0.722365  0.727286  0.379873  0.256713  0.322701  0.891751  0.303387  0.231205  0.410701  0.241867  0.161139  0.372325  0.267124  0.342050  0.180130  0.541575  0.226582  0.236490  0.376210  0.504673  0.078693  0.259843  0.321295  0.231593  0.799705  0.208679  0.336232  0.316539  0.805688  1.000000  0.262555  0.349026  0.394943  0.201591  0.438088  0.088441  0.426373  0.340596  0.247615  0.164325  0.845489  0.100626  0.216668  0.755722  0.270202  0.359126  0.291654  0.319390  0.136216  0.553172  0.246674  0.117168  0.168957  0.552771  0.364666  0.302013  0.648529  0.134972  0.817151  0.254985  0.113431  0.214836  0.078693  0.229127  0.246904  0.288603  0.171243  0.110900  0.864515  0.260285  0.246447  0.273347  0.286528  0.398156  0.317361  0.167743  0.343204  0.487460  0.386433  0.321138  0.841900  0.237756  0.420344  0.313035  0.662805  0.389713  0.378497  0.313707  0.419254  0.897759  0.358402  0.078693  0.376356  0.451335  0.493876  0.818787  0.387167  0.243772  0.227108  0.314414  0.593614  0.253109  0.324888  0.734684  0.140694  0.223298  0.170592 
8  0.403709  0.880273  0.799698  0.384882  0.457408  0.596795  0.448020  0.383093 0.0  0.471353  0.381400  0.494705  0.417190  0.801078  0.078693  0.391956  0.676338  0.646614  0.360377  0.482815  0.410572  0.815738  0.438373  0.447900  0.851943  0.746055  0.406526  0.487954  0.396340  0.491611  0.393644  0.545413  0.457663  0.370618  0.793045  0.585042  0.392395  0.758536  0.474699  0.675892  0.733163  0.200868  0.444054  0.415314  0.865432  0.500073  0.393240  0.471316  0.416596  0.535085  0.419568  0.499287  0.371856  0.454433  0.472355  0.498039  0.439980  0.288052  0.397203  0.428172  0.515623  0.392606  0.460548  0.680321  0.330025  0.457331  0.477133  0.898820  0.924352  0.402400  0.505301  0.511059  0.392321  0.169208  0.597767  0.420703  0.365196  0.497471  0.424997  0.855087  0.430580  0.370423  0.802447  0.474373  0.455736  0.497045  0.315650  0.422183  0.680385  0.420954  0.506791  0.388100  0.636054  0.425564  0.507537  0.596168  0.432929  0.919538  0.367983  0.474456  0.406213  0.435348  0.455369  0.478236  0.565115  0.371664  0.390378  0.832236  0.375352  0.438455  0.416297  0.478287  0.523611  0.504067  0.451483  0.438452  0.476406  0.210480  0.586406  0.787275  0.361607  0.454079  0.451433  0.704100  0.441642  0.331574  0.456704  0.654202  0.883439  0.417816  0.398921  0.439210  0.423753  0.441735  0.762163  0.509526  0.403379  0.414850  0.325796  0.605696  0.455937  0.488007  0.723595  0.405164  0.408943  0.259630 
9  0.148855  0.884609  0.861637  0.417225  0.157743  0.595498  0.218345  0.313071  0.471353 0.0  0.342224  0.213868  0.202512  0.830289  0.436404  0.286556  0.695341  0.643617  0.230373  0.482458  0.260853  0.915374  0.110045  0.462153  0.747012  0.850501  0.112092  0.134564  0.173322  0.294356  0.275700  0.234816  0.287304  0.192884  0.842999  0.275123  0.221701  0.702378  0.353666  0.721995  0.823413  0.392807  0.314202  0.313513  0.826327  0.200830  0.308454  0.308630  0.122298  0.127839  0.215272  0.201329  0.340570  0.155275  0.448509  0.178100  0.168203  0.258681  0.500236  0.201450  0.217471  0.210110  0.251249  0.865168  0.187587  0.290978  0.281740  0.777824  0.889021  0.337424  0.276047  0.335892  0.206674  0.397271  0.168304  0.346832  0.230718  0.268708  0.204029  0.873375  0.226578  0.253633  0.745706  0.290333  0.319046  0.295184  0.386987  0.209406  0.473419  0.228450  0.127121  0.159022  0.533056  0.427991  0.224105  0.584791  0.145005  0.839433  0.189796  0.171398  0.091217  0.203565  0.249688  0.181009  0.209447  0.148653  0.225812  0.767221  0.281852  0.361927  0.276566  0.214727  0.320861  0.222045  0.195922  0.280008  0.529395  0.434574  0.286698  0.850564  0.121425  0.365397  0.264444  0.744499  0.260806  0.306097  0.228769  0.534885  0.721568  0.281011  0.185175  0.268431  0.268692  0.318196  0.860101  0.355307  0.146352  0.167073  0.086610  0.623066  0.220039  0.328461  0.774872  0.078693  0.232834  0.228805 
10  0.078693  0.774235  0.872546  0.196113  0.294095  0.613017  0.122089  0.339338  0.381400  0.342224 0.0  0.298551  0.351958  0.816369  0.449382  0.338771  0.772709  0.532239  0.248134  0.477860  0.228863  0.773873  0.286959  0.422432  0.827909  0.784550  0.334577  0.258949  0.330577  0.312849  0.280616  0.259793  0.354319  0.356270  0.774215  0.244073  0.172372  0.650848  0.162174  0.737175  0.837297  0.346795  0.202472  0.211331  0.750573  0.234323  0.322796  0.247762  0.466260  0.314923  0.272613  0.261770  0.151488  0.298193  0.459122  0.397108  0.357358  0.278462  0.490618  0.361682  0.287650  0.212036  0.367552  0.698196  0.268302  0.202849  0.210875  0.876171  0.881983  0.304701  0.188885  0.230797  0.314415  0.426902  0.333112  0.124235  0.303993  0.299916  0.336597  0.856886  0.324941  0.389049  0.784009  0.272048  0.203704  0.256459  0.309753  0.321597  0.638765  0.377608  0.421902  0.230049  0.649252  0.520212  0.227069  0.597991  0.227897  0.708159  0.326466  0.268619  0.273493  0.430014  0.352686  0.341176  0.183211  0.284602  0.344733  0.865732  0.118575  0.233864  0.186672  0.177744  0.196842  0.128477  0.351022  0.212641  0.591592  0.349903  0.278006  0.964187  0.387349  0.165343  0.174700  0.704714  0.206951  0.312416  0.155057  0.572284  0.818279  0.279045  0.286200  0.244424  0.414100  0.410386  0.814589  0.240877  0.378588  0.321668  0.289295  0.545329  0.405754  0.230174  0.811694  0.286004  0.361270  0.195975 
11  0.192196  0.890339  0.832246  0.449588  0.246049  0.583494  0.295525  0.215158  0.494705  0.213868  0.298551 0.0  0.243027  0.795843  0.492363  0.263214  0.794980  0.635751  0.293651  0.482868  0.318054  0.840357  0.237793  0.411904  0.773120  0.819314  0.305355  0.186240  0.266600  0.258878  0.156349  0.340941  0.286613  0.186934  0.958514  0.421178  0.103857  0.823520  0.297044  0.737801  0.668009  0.242192  0.402491  0.310717  0.816412  0.305285  0.335726  0.446574  0.249818  0.306950  0.313035  0.082816  0.255440  0.160008  0.433533  0.138269  0.180721  0.273856  0.410281  0.185360  0.334275  0.330134  0.146247  0.722539  0.147430  0.280691  0.225391  0.827262  0.964687  0.241051  0.291004  0.309649  0.078693  0.358849  0.246568  0.317118  0.235691  0.320889  0.183068  0.764711  0.242679  0.229148  0.772017  0.288845  0.314544  0.293659  0.356810  0.212407  0.661652  0.380005  0.221440  0.159802  0.510072  0.488864  0.297264  0.540246  0.333048  0.927754  0.232193  0.134040  0.234052  0.290463  0.253579  0.185707  0.286933  0.273083  0.328598  0.833327  0.375722  0.212790  0.361765  0.351334  0.371407  0.407513  0.228513  0.315144  0.440402  0.336071  0.256327  0.777236  0.291608  0.334806  0.397530  0.743183  0.406954  0.318799  0.321412  0.543102  0.830092  0.345981  0.224680  0.267084  0.487735  0.423905  0.748342  0.254194  0.214624  0.211461  0.245889  0.624364  0.240450  0.320430  0.735610  0.107415  0.197113  0.173283 
12  0.303520  0.746569  0.867024  0.248229  0.238061  0.567941  0.215919  0.201920  0.417190  0.202512  0.351958  0.243027 0.0  0.840061  0.395981  0.244962  0.782402  0.606584  0.254622  0.413828  0.286765  0.831489  0.272812  0.490988  0.863592  0.839413  0.191675  0.166096  0.196138  0.283686  0.343145  0.261482  0.326680  0.269341  0.828905  0.285299  0.299004  0.750040  0.177556  0.711480  0.691545  0.257131  0.252235  0.272755  0.816356  0.170505  0.200057  0.139799  0.217003  0.185213  0.213722  0.264650  0.285728  0.258042  0.471893  0.182871  0.255584  0.357322  0.457722  0.292864  0.283600  0.178804  0.198823  0.689341  0.234514  0.302649  0.210400  0.824163  0.844963  0.282862  0.234983  0.292495  0.211771  0.339600  0.322339  0.253720  0.230697  0.255712  0.250109  0.932324  0.278867  0.319426  0.804546  0.217880  0.254108  0.273553  0.439929  0.171039  0.615694  0.190439  0.223251  0.233221  0.693783  0.498509  0.290823  0.575426  0.293095  0.855423  0.264196  0.330165  0.294712  0.266414  0.208553  0.186321  0.225136  0.228707  0.216638  0.759444  0.164007  0.221946  0.216994  0.264374  0.274207  0.303946  0.268303  0.309351  0.465265  0.412420  0.137417  0.737708  0.284240  0.273390  0.204719  0.783222  0.263345  0.204321  0.101839  0.468316  0.800150  0.333622  0.358737  0.353722  0.469855  0.441708  0.771148  0.250276  0.228021  0.168543  0.209545  0.629489  0.127444  0.301240  0.610175  0.266750  0.194845  0.173247 
13  0.823190  0.827969  0.788861  0.722411  0.706547  0.809209  0.799809  0.815830  0.801078  0.830289  0.816369  0.795843  0.840061 0.0  0.890153  0.891905  0.735042  0.687189  0.692064  0.711570  0.825970  0.819156  0.901851  0.442353  0.737633  0.789481  0.808368  0.765579  0.778107  0.757006  0.708467  0.783673  0.756575  0.852564  0.804996  0.830842  0.764123  0.700098  0.781866  0.663002  0.802257  0.877907  0.921563  0.736900  0.164318  0.790646  0.877661  0.821414  0.816149  0.646649  0.806552  0.834806  0.811963  0.846316  0.735346  0.865841  0.858637  0.630008  0.418646  0.758801  0.797986  0.809411  0.767362  0.691585  0.772993  0.720381  0.823460  0.835828  0.802654  0.600512  0.740079  0.794571  0.761866  0.752025  0.806093  0.861885  0.872757  0.807270  0.824944  0.750445  0.694954  0.689832  0.794387  0.696274  0.764184  0.731749  0.574897  0.680508  0.603819  0.792326  0.772173  0.734624  0.849216  0.474608  0.659489  0.798757  0.769936  0.788545  0.744333  0.736243  0.807218  0.806012  0.776157  0.792022  0.661539  0.867595  0.756339  0.733974  0.857802  0.756962  0.703481  0.852085  0.705786  0.729228  0.731979  0.739072  0.523073  0.779392  0.651276  0.614190  0.885165  0.731959  0.706423  0.749892  0.811162  0.803969  0.739724  0.762992  0.595065  0.787876  0.735284  0.781512  0.684896  0.750047  0.757834  0.759678  0.757355  0.745091  0.886350  0.689610  0.754635  0.884129  0.689418  0.843490  0.709238  0.802140 
14  0.471245  0.932285  0.863663  0.471291  0.401882  0.570029  0.391874  0.472186  0.078693  0.436404  0.449382  0.492363  0.395981  0.890153 0.0  0.411428  0.691597  0.601285  0.440297  0.440849  0.468795  0.908155  0.402561  0.410251  0.800665  0.767481  0.369243  0.437912  0.370301  0.381473  0.342445  0.399696  0.402960  0.439185  0.765880  0.451820  0.266930  0.726666  0.449969  0.629918  0.803442  0.257049  0.387565  0.404117  0.743911  0.321768  0.395769  0.397639  0.400483  0.421134  0.463959  0.387718  0.395517  0.384663  0.548635  0.445206  0.519927  0.244950  0.551513  0.522786  0.403354  0.396594  0.339415  0.764277  0.409352  0.395079  0.435337  0.869372  0.866276  0.240953  0.350713  0.425866  0.417262  0.177367  0.352959  0.402673  0.446346  0.455664  0.321475  0.775196  0.449009  0.392131  0.750513  0.426098  0.388727  0.420954  0.401938  0.362085  0.695363  0.336599  0.452351  0.433386  0.524149  0.493159  0.387579  0.615771  0.408897  0.848235  0.479966  0.282091  0.434771  0.441677  0.326265  0.458981  0.430304  0.506655  0.485517  0.763218  0.362904  0.385045  0.420902  0.453158  0.378809  0.389193  0.413358  0.338096  0.399381  0.179099  0.386754  0.779792  0.454663  0.365375  0.481051  0.770356  0.463764  0.416000  0.334571  0.470135  0.815077  0.383772  0.492848  0.509443  0.376575  0.372368  0.786627  0.348096  0.418422  0.442419  0.418197  0.562626  0.413101  0.369396  0.748966  0.409154  0.437470  0.419077 
15  0.180017  0.880743  0.735007  0.266117  0.267682  0.571732  0.342550  0.333270  0.391956  0.286556  0.338771  0.263214  0.244962  0.891905  0.411428 0.0  0.714685  0.756030  0.338233  0.390559  0.078693  0.754425  0.319349  0.517550  0.705375  0.712694  0.291731  0.163961  0.358271  0.247284  0.389037  0.227612  0.169636  0.299780  0.849685  0.222963  0.265801  0.630951  0.174070  0.755325  0.711234  0.353152  0.210747  0.204537  0.762399  0.238153  0.078693  0.246283  0.303917  0.402312  0.244784  0.362301  0.202186  0.250326  0.505690  0.317728  0.231167  0.297386  0.536293  0.292657  0.277171  0.261514  0.403683  0.776885  0.328931  0.276931  0.145178  0.795258  0.899190  0.294947  0.302544  0.193167  0.385677  0.429970  0.346766  0.294080  0.192272  0.294053  0.079190  0.797113  0.258779  0.296705  0.779187  0.114919  0.108294  0.165224  0.299229  0.330635  0.582862  0.205577  0.318836  0.279055  0.539540  0.395972  0.386314  0.675802  0.389060  0.843239  0.311073  0.376093  0.338660  0.339869  0.356081  0.366847  0.129371  0.367358  0.309877  0.793574  0.121161  0.131330  0.109574  0.229135  0.304214  0.179449  0.326736  0.345601  0.530019  0.375429  0.133590  0.705336  0.300156  0.208269  0.212691  0.691796  0.190715  0.083787  0.154142  0.555518  0.839253  0.078693  0.339946  0.135020  0.468054  0.530831  0.939300  0.126625  0.249723  0.327987  0.201487  0.666433  0.331398  0.274666  0.716571  0.382091  0.386305  0.130924 
16  0.714218  0.728559  0.756476  0.676655  0.699855  0.801427  0.718884  0.681526  0.676338  0.695341  0.772709  0.794980  0.782402  0.735042  0.691597  0.714685 0.0  0.682627  0.745152  0.764409  0.819275  0.814869  0.722120  0.470465  0.688261  0.766333  0.732845  0.778665  0.698017  0.697700  0.760273  0.750981  0.803633  0.688545  0.641311  0.708544  0.716556  0.712080  0.740341  0.707703  0.812675  0.702769  0.777562  0.810442  0.762051  0.652711  0.705595  0.648825  0.649521  0.699240  0.765725  0.768254  0.737620  0.775064  0.718777  0.734077  0.679352  0.548501  0.477758  0.783296  0.774893  0.753530  0.766595  0.786270  0.684212  0.841964  0.744035  0.701263  0.761755  0.617767  0.773434  0.659647  0.767036  0.724246  0.814573  0.725287  0.738174  0.754609  0.764605  0.644194  0.707693  0.717088  0.760179  0.827346  0.655433  0.795597  0.673407  0.694893  0.336809  0.755177  0.781266  0.715200  0.747553  0.464014  0.725980  0.692285  0.759238  0.761797  0.628687  0.776422  0.714605  0.662272  0.760330  0.730132  0.694167  0.745006  0.737806  0.719988  0.641492  0.743009  0.832350  0.675069  0.839753  0.816132  0.678509  0.863452  0.431353  0.684677  0.804665  0.694016  0.760814  0.746853  0.663149  0.701270  0.671274  0.669564  0.768842  0.862050  0.721258  0.803788  0.697220  0.730327  0.849153  0.706356  0.681191  0.785309  0.763831  0.702999  0.818181  0.546885  0.717866  0.684517  0.781999  0.806207  0.714295  0.689561 
17  0.691761  0.604500  0.618794  0.661227  0.673035  0.634303  0.586227  0.719852  0.646614  0.643617  0.532239  0.635751  0.606584  0.687189  0.601285  0.756030  0.682627 0.0  0.645720  0.609125  0.582679  0.630106  0.648189  0.386026  0.523117  0.597759  0.605099  0.749870  0.595977  0.641906  0.782087  0.656392  0.683067  0.637336  0.636876  0.594156  0.691644  0.631163  0.712828  0.621972  0.720554  0.583807  0.673219  0.622042  0.620248  0.650675  0.552446  0.612817  0.673922  0.646140  0.688650  0.549247  0.613063  0.554891  0.687276  0.691128  0.649713  0.604782  0.390022  0.723776  0.580562  0.687987  0.627938  0.647423  0.585193  0.630144  0.691751  0.618458  0.696234  0.705996  0.654483  0.653272  0.579860  0.685717  0.624367  0.601333  0.705242  0.613320  0.674744  0.740100  0.613087  0.582490  0.615898  0.603051  0.638551  0.678309  0.573359  0.703976  0.651357  0.694829  0.557853  0.595369  0.630497  0.408437  0.634910  0.742263  0.608914  0.683976  0.627842  0.677851  0.675080  0.599929  0.725828  0.679424  0.588434  0.647359  0.692012  0.804740  0.600469  0.584984  0.610035  0.626560  0.663007  0.591523  0.689119  0.680578  0.470347  0.624568  0.705944  0.692750  0.619963  0.558834  0.814930  0.648624  0.614621  0.467606  0.631762  0.715642  0.677701  0.681469  0.738541  0.607987  0.658469  0.627729  0.598297  0.630922  0.675236  0.587684  0.642134  0.526973  0.571297  0.587445  0.685603  0.607242  0.613102  0.669231 
18  0.319926  0.784638  0.777555  0.249217  0.264639  0.554072  0.201232  0.169996  0.360377  0.230373  0.248134  0.293651  0.254622  0.692064  0.440297  0.338233  0.745152  0.645720 0.0  0.454362  0.089412  0.854872  0.169206  0.401244  0.830513  0.729139  0.179513  0.275335  0.221492  0.170474  0.288335  0.272724  0.189711  0.257675  0.864120  0.135671  0.206053  0.768934  0.314430  0.722826  0.779895  0.259051  0.175055  0.286734  0.781859  0.189256  0.231003  0.161584  0.139153  0.393542  0.244975  0.294532  0.273849  0.250089  0.482790  0.199702  0.138561  0.337162  0.414938  0.140213  0.234817  0.349345  0.149524  0.781223  0.174522  0.354444  0.254477  0.763770  0.895554  0.266488  0.312131  0.269544  0.260231  0.437596  0.218028  0.222527  0.268604  0.221412  0.141857  0.821815  0.270516  0.213244  0.745543  0.259213  0.218251  0.309157  0.293525  0.309799  0.596564  0.283312  0.217164  0.224339  0.644242  0.516213  0.273064  0.713943  0.307836  0.921758  0.182701  0.389376  0.264448  0.238226  0.207853  0.232713  0.086273  0.208544  0.279365  0.790290  0.153800  0.259528  0.286863  0.224284  0.192459  0.123739  0.243381  0.229547  0.483027  0.340704  0.408689  0.850061  0.271261  0.296943  0.331902  0.732036  0.221560  0.139105  0.157458  0.563099  0.830935  0.271178  0.257242  0.180991  0.395304  0.480435  0.920883  0.212126  0.214612  0.223954  0.281094  0.602780  0.211229  0.230719  0.679340  0.328884  0.288303  0.158009 
19  0.378524  0.771234  0.640640  0.412733  0.490766  0.175398  0.444583  0.383162  0.482815  0.482458  0.477860  0.482868  0.413828  0.711570  0.440849  0.390559  0.764409  0.609125  0.454362 0.0  0.399506  0.727572  0.350564  0.347306  0.777122  0.837049  0.395788  0.440262  0.417871  0.338087  0.444287  0.440381  0.518920  0.437338  0.724685  0.560245  0.454428  0.818108  0.411520  0.675577  0.710590  0.434438  0.522625  0.496969  0.728767  0.498140  0.504306  0.362937  0.469381  0.432867  0.424165  0.392156  0.521009  0.484084  0.434702  0.485545  0.441325  0.334342  0.468583  0.511416  0.454034  0.498695  0.519687  0.800603  0.480706  0.484975  0.361861  0.795814  0.701633  0.296019  0.488064  0.517847  0.398857  0.424556  0.434044  0.320156  0.408249  0.507139  0.423083  0.755418  0.427066  0.488890  0.749904  0.461685  0.389002  0.342887  0.364287  0.505968  0.727467  0.513000  0.469435  0.508358  0.267300  0.488964  0.407358  0.140422  0.448162  0.828619  0.446846  0.326907  0.404793  0.455810  0.251552  0.474186  0.529881  0.497719  0.424577  0.868579  0.439896  0.397297  0.379522  0.424121  0.380398  0.352903  0.460110  0.409686  0.456642  0.431239  0.382917  0.724212  0.378626  0.412423  0.443603  0.748961  0.459341  0.366680  0.459026  0.492837  0.613901  0.559952  0.459028  0.429188  0.488938  0.477498  0.704089  0.409382  0.435675  0.482422  0.401852  0.631409  0.341853  0.312214  0.725028  0.411156  0.579148  0.516111 
20  0.246651  0.934996  0.895504  0.115273  0.166432  0.685798  0.240173  0.297619  0.410572  0.260853  0.228863  0.318054  0.286765  0.825970  0.468795  0.078693  0.819275  0.582679  0.089412  0.399506 0.0  0.924820  0.341989  0.465420  0.846697  0.652320  0.211831  0.299001  0.278270  0.109975  0.260786  0.185096  0.246753  0.360316  0.963217  0.130648  0.342934  0.770435  0.208121  0.718894  0.718361  0.302160  0.183418  0.239287  0.751353  0.246275  0.193298  0.096902  0.324889  0.332973  0.201358  0.270689  0.224130  0.290439  0.556740  0.202227  0.316487  0.317097  0.479937  0.269596  0.267110  0.247416  0.237883  0.743741  0.276482  0.179335  0.187366  0.796200  0.832505  0.338341  0.191153  0.235178  0.229280  0.583515  0.284208  0.165091  0.176464  0.186459  0.238911  0.746782  0.300552  0.273125  0.793202  0.113666  0.095074  0.078693  0.303990  0.192665  0.565499  0.274136  0.201892  0.144085  0.589971  0.453103  0.152194  0.555390  0.236101  0.822462  0.326132  0.263489  0.335161  0.208038  0.330984  0.338399  0.192614  0.277895  0.323057  0.799863  0.193259  0.078693  0.078693  0.192995  0.148795  0.187864  0.342678  0.241729  0.351817  0.347563  0.155894  0.790510  0.376762  0.136051  0.277861  0.688624  0.106808  0.120072  0.231567  0.641045  0.807019  0.141289  0.354707  0.142475  0.346254  0.386956  0.838680  0.228691  0.230842  0.262352  0.224500  0.596945  0.368573  0.154454  0.740558  0.354025  0.325050  0.164756 
21  0.902411  0.566595  0.445786  0.792743  0.814275  0.894569  0.794296  0.925253  0.815738  0.915374  0.773873  0.840357  0.831489  0.819156  0.908155  0.754425  0.814869  0.630106  0.854872  0.727572  0.924820 0.0  0.871940  0.477951  0.699574  0.850995  0.815055  0.805126  0.877078  0.883928  0.861448  0.903194  0.845233  0.826331  0.198903  0.834986  0.814914  0.685828  0.864752  0.500690  0.772376  0.834020  0.773519  0.852596  0.666851  0.848366  0.926540  0.864461  0.815755  0.815261  0.886327  0.839247  0.792571  0.763283  0.742932  0.884500  0.734846  0.727326  0.442445  0.746923  0.841730  0.845968  0.802889  0.639191  0.839837  0.852279  0.824571  0.112195  0.792784  0.614694  0.824869  0.871822  0.724543  0.809740  0.787624  0.841431  0.824232  0.860517  0.829313  0.432934  0.843404  0.800670  0.888923  0.863267  0.830746  0.898317  0.580690  0.885296  0.702197  0.885966  0.838223  0.807801  0.814553  0.352081  0.905775  0.884528  0.910707  0.572058  0.847853  0.851066  0.838741  0.799348  0.883567  0.834065  0.870113  0.868421  0.882258  0.756374  0.766829  0.870755  0.692539  0.777549  0.874052  0.861544  0.822631  0.853670  0.410817  0.870108  0.865373  0.132163  0.745167  0.832619  0.844887  0.483781  0.812346  0.749715  0.852149  0.808982  0.803790  0.895799  0.697343  0.791814  0.683029  0.787717  0.936720  0.802138  0.815681  0.856983  0.805396  0.706579  0.876983  0.817377  0.799324  0.877301  0.873855  0.735555 
22  0.393559  0.869071  0.804178  0.338186  0.302799  0.653492  0.339911  0.165637  0.438373  0.110045  0.286959  0.237793  0.272812  0.901851  0.402561  0.319349  0.722120  0.648189  0.169206  0.350564  0.341989  0.871940 0.0  0.433662  0.775267  0.831656  0.131162  0.107413  0.182644  0.367952  0.167007  0.351086  0.293507  0.155721  0.859531  0.407028  0.078693  0.710648  0.303301  0.680184  0.725724  0.322300  0.399256  0.333290  0.911520  0.289875  0.428704  0.280339  0.188594  0.250697  0.327640  0.205066  0.372430  0.278501  0.544067  0.243790  0.286014  0.322139  0.498949  0.093876  0.279571  0.284776  0.138640  0.656407  0.089003  0.408140  0.330547  0.841525  0.920683  0.353841  0.241643  0.352985  0.153260  0.481982  0.170481  0.374706  0.330126  0.346355  0.242885  0.844548  0.120537  0.152786  0.811046  0.196713  0.345657  0.314628  0.281571  0.210986  0.656530  0.152517  0.115961  0.144654  0.505820  0.508873  0.391552  0.602723  0.295036  0.916765  0.114104  0.224949  0.252801  0.103174  0.181714  0.140482  0.300449  0.131082  0.089139  0.749707  0.312387  0.443632  0.430770  0.244463  0.334056  0.295367  0.095236  0.297523  0.404841  0.322038  0.346390  0.880170  0.202344  0.335225  0.474445  0.731768  0.326022  0.302033  0.275026  0.544924  0.854541  0.393905  0.162825  0.361140  0.390831  0.486496  0.700903  0.203218  0.169761  0.223918  0.112041  0.647627  0.281365  0.363538  0.688216  0.131858  0.078693  0.255486 
23  0.589270  0.526976  0.399880  0.437902  0.402830  0.409766  0.500247  0.531221  0.447900  0.462153  0.422432  0.411904  0.490988  0.442353  0.410251  0.517550  0.470465  0.386026  0.401244  0.347306  0.465420  0.477951  0.433662 0.0  0.461236  0.578540  0.426535  0.465798  0.447786  0.423443  0.487025  0.460739  0.470393  0.441725  0.472430  0.468099  0.418937  0.501815  0.474447  0.441194  0.558197  0.479337  0.496139  0.527601  0.387517  0.514034  0.395759  0.433617  0.444349  0.436005  0.527544  0.496521  0.476431  0.466926  0.495960  0.504801  0.442658  0.437998  0.447835  0.476892  0.447288  0.486947  0.448770  0.412534  0.440360  0.462600  0.492025  0.423983  0.481824  0.402929  0.528198  0.402175  0.450948  0.503673  0.469172  0.399790  0.447739  0.509574  0.375229  0.465786  0.391548  0.464285  0.489620  0.374197  0.504508  0.489028  0.409025  0.450579  0.469908  0.297026  0.461740  0.421945  0.419975  0.447647  0.394166  0.407983  0.431937  0.361830  0.466816  0.437380  0.544668  0.570045  0.507445  0.424806  0.567610  0.508343  0.476705  0.826309  0.409002  0.483914  0.438533  0.468686  0.433925  0.471392  0.472163  0.409477  0.505281  0.494240  0.455391  0.471348  0.547307  0.407671  0.451760  0.402313  0.435623  0.422293  0.520723  0.443534  0.421021  0.463485  0.432677  0.440423  0.488073  0.418734  0.470498  0.447697  0.494288  0.437558  0.464431  0.386118  0.374872  0.479637  0.366633  0.406627  0.352715  0.458746 
24  0.733970  0.773019  0.795364  0.799206  0.815006  0.794605  0.800712  0.771918  0.851943  0.747012  0.827909  0.773120  0.863592  0.737633  0.800665  0.705375  0.688261  0.523117  0.830513  0.777122  0.846697  0.699574  0.775267  0.461236 0.0  0.123992  0.748297  0.888338  0.859144  0.764345  0.759771  0.820456  0.738310  0.895674  0.762574  0.902532  0.861151  0.417883  0.764790  0.701348  0.467426  0.860916  0.841341  0.763933  0.776547  0.769000  0.804920  0.791601  0.867033  0.785410  0.734822  0.873580  0.713684  0.787149  0.875788  0.745442  0.821444  0.611579  0.465580  0.816970  0.753079  0.785941  0.811013  0.706295  0.796827  0.837664  0.771626  0.750723  0.775472  0.559974  0.796478  0.881700  0.765688  0.768353  0.778989  0.777058  0.819218  0.777545  0.862981  0.813018  0.692768  0.777457  0.755084  0.805093  0.719836  0.725034  0.540221  0.763783  0.663305  0.783910  0.804802  0.777774  0.712531  0.451113  0.820657  0.778978  0.839417  0.760751  0.846199  0.772036  0.819504  0.787748  0.815256  0.801701  0.931022  0.815187  0.814821  0.719503  0.801202  0.735898  0.731864  0.694783  0.660612  0.862544  0.786118  0.737255  0.473455  0.754963  0.770600  0.792445  0.723004  0.901890  0.836099  0.705208  0.868756  0.830029  0.789487  0.695163  0.790710  0.858492  0.812845  0.796740  0.797521  0.691095  0.823483  0.821916  0.732902  0.721428  0.693801  0.369244  0.737639  0.729634  0.756241  0.802975  0.730280  0.863261 
25  0.701363  0.739350  0.708113  0.779508  0.851683  0.735221  0.853411  0.716562  0.746055  0.850501  0.784550  0.819314  0.839413  0.789481  0.767481  0.712694  0.766333  0.597759  0.729139  0.837049  0.652320  0.850995  0.831656  0.578540  0.123992 0.0  0.741719  0.837307  0.831107  0.766384  0.808506  0.756041  0.718772  0.828371  0.840283  0.867888  0.784359  0.509480  0.800585  0.718790  0.557347  0.736220  0.712558  0.812088  0.815939  0.830722  0.778262  0.784020  0.765747  0.771803  0.813979  0.770406  0.860733  0.858729  0.769460  0.775520  0.784491  0.568451  0.522853  0.763374  0.830864  0.772256  0.848421  0.644413  0.726460  0.778010  0.773029  0.856244  0.829921  0.633946  0.878067  0.802514  0.678008  0.776209  0.829540  0.761531  0.784752  0.765614  0.864633  0.741989  0.822542  0.778470  0.838951  0.823045  0.840212  0.747313  0.691020  0.812561  0.750182  0.831719  0.837657  0.775958  0.788798  0.585827  0.719230  0.849206  0.833503  0.822113  0.735736  0.698286  0.796981  0.754908  0.745504  0.673993  0.826046  0.734112  0.846580  0.760247  0.810939  0.751065  0.785145  0.828217  0.776372  0.798534  0.732312  0.761332  0.513348  0.782710  0.801953  0.820864  0.771473  0.809647  0.837122  0.730848  0.732104  0.776838  0.741996  0.928744  0.826678  0.818890  0.781967  0.760894  0.714714  0.738646  0.848128  0.856681  0.792394  0.845062  0.858366  0.370835  0.841549  0.736369  0.776239  0.865725  0.774595  0.754697 
26  0.349691  0.858009  0.811153  0.251858  0.301225  0.691564  0.365917  0.169029  0.406526  0.112092  0.334577  0.305355  0.191675  0.808368  0.369243  0.291731  0.732845  0.605099  0.179513  0.395788  0.211831  0.815055  0.131162  0.426535  0.748297  0.741719 0.0  0.107424  0.202669  0.439077  0.161395  0.466724  0.397688  0.220169  0.885449  0.287419  0.101800  0.685502  0.352902  0.690733  0.608810  0.384570  0.341179  0.409312  0.820746  0.280410  0.294827  0.326573  0.188798  0.163379  0.429428  0.181774  0.324725  0.249399  0.520519  0.103949  0.174074  0.277081  0.445019  0.078693  0.328725  0.249966  0.133789  0.733020  0.138001  0.372757  0.308962  0.854452  0.793856  0.250146  0.290462  0.344599  0.292770  0.487053  0.179872  0.343233  0.339406  0.387037  0.172394  0.878464  0.094502  0.199654  0.792410  0.331128  0.324765  0.371952  0.386076  0.129216  0.534159  0.147671  0.164820  0.095026  0.622695  0.422067  0.373606  0.643107  0.147008  0.783444  0.203792  0.078693  0.088095  0.233538  0.184582  0.287721  0.443403  0.132972  0.108953  0.771009  0.437605  0.329253  0.371461  0.312855  0.336274  0.265676  0.203348  0.394007  0.395881  0.449544  0.326991  0.814695  0.078693  0.349860  0.401474  0.759492  0.264356  0.321606  0.282606  0.493198  0.846488  0.261143  0.114099  0.320965  0.453218  0.334883  0.834935  0.258560  0.219337  0.128300  0.162481  0.609692  0.225018  0.366557  0.837655  0.195698  0.140781  0.143661 
