146
0 0.0  0.672273  0.755893  0.136785  0.185296  0.457804  0.147566  0.261363  0.327439  0.204205  0.089238  0.208970  0.195368  0.621663  0.292336  0.184485  0.646675  0.615498  0.197947  0.286596  0.157151  0.779021  0.265791  0.447689  0.651334  0.630411  0.216612  0.236392  0.261276  0.182773  0.225386  0.184362  0.184307  0.256952  0.772075  0.174310  0.198499  0.646062  0.176976  0.555922  0.608021  0.254679  0.090454  0.137859  0.705606  0.248096  0.183429  0.136084  0.255743  0.213588  0.132795  0.245993  0.087978  0.211097  0.413045  0.244720  0.251212  0.257067  0.442048  0.249646  0.243279  0.207356  0.251019  0.620332  0.219624  0.139433  0.139066  0.629945  0.842503  0.287003  0.143312  0.176918  0.246300  0.331975  0.249920  0.088125  0.160861  0.189150  0.146572  0.676492  0.234279  0.265583  0.771200  0.149886  0.166078  0.170979  0.269685  0.240250  0.484516  0.227518  0.273561  0.195219  0.460602  0.409332  0.108357  0.474274  0.252938  0.713600  0.235023  0.250476  0.229462  0.262820  0.251784  0.274086  0.192388  0.241185  0.226110  0.676868  0.135980  0.178079  0.167370  0.180635  0.207397  0.123266  0.232217  0.195608  0.373020  0.338179  0.171212  0.706450  0.236932  0.140508  0.180580  0.745807  0.120630  0.169802  0.177778  0.449700  0.765571  0.199845  0.233730  0.170372  0.369702  0.386479  0.697187  0.129347  0.265952  0.248837  0.221622  0.561618  0.241463  0.177737  0.582321  0.259227  0.251116  0.141307 
1  0.672273 0.0  0.186195  0.951542  0.733894  0.786432  0.796340  0.745655  0.741981  0.607239  0.672226  0.605706  0.647234  0.722287  0.756997  0.727787  0.648669  0.545444  0.764027  0.617724  0.764801  0.454450  0.650603  0.408799  0.673778  0.718157  0.602903  0.734145  0.776466  0.709948  0.715760  0.795157  0.746552  0.749232  0.507975  0.738581  0.779216  0.559300  0.724313  0.185154  0.525473  0.622825  0.693216  0.662322  0.720892  0.838454  0.690086  0.790425  0.745241  0.703127  0.844661  0.829854  0.663144  0.707846  0.702265  0.744929  0.723939  0.526650  0.443399  0.749004  0.719607  0.654904  0.571366  0.724886  0.806064  0.617613  0.717128  0.405530  0.683097  0.584874  0.691026  0.771966  0.760295  0.784465  0.661888  0.670760  0.731938  0.787321  0.689510  0.499720  0.769256  0.703145  0.691595  0.835796  0.752123  0.873953  0.589044  0.748754  0.541912  0.765817  0.740164  0.732906  0.642865  0.464331  0.894809  0.779882  0.734506  0.305167  0.754086  0.694469  0.795038  0.744741  0.725329  0.714252  0.672886  0.841984  0.805450  0.711373  0.881459  0.636012  0.495170  0.718210  0.740569  0.712352  0.746735  0.699796  0.384450  0.691329  0.757829  0.380174  0.673566  0.789654  0.652515  0.431324  0.703776  0.607191  1.000000  0.629162  0.765111  0.638673  0.787655  0.709533  0.592567  0.766239  0.767640  0.739469  0.970266  0.823285  0.618498  0.473022  0.695073  0.756720  0.617104  0.793611  0.812631  0.697422 
2  0.755893  0.186195 0.0  0.642951  0.701283  0.714616  0.580947  0.655715  0.680107  0.768472  0.843639  0.750885  0.702892  0.614717  0.738361  0.728889  0.597922  0.559844  0.683511  0.628528  0.774177  0.503485  0.745735  0.389793  0.855159  0.569632  0.710627  0.756734  0.687179  0.780341  0.723049  0.764164  0.608084  0.699350  0.482577  0.660352  0.701649  0.621023  0.692097  0.197019  0.746472  0.650429  0.585332  0.782198  0.680671  0.652889  0.752144  0.783211  0.630437  0.704110  0.776410  0.607420  0.701847  0.715450  0.660171  0.816500  0.690327  0.533145  0.422954  0.770599  0.799846  0.731493  0.709241  0.554293  0.717012  0.677654  0.730463  0.481182  0.762780  0.556560  0.778948  0.761783  0.735362  0.643798  0.673015  0.652697  0.638176  0.741360  0.722591  0.465463  0.747799  0.749584  0.701769  0.610677  0.653678  0.712402  0.592585  0.599352  0.548868  0.727612  0.632452  0.716112  0.768039  0.399834  0.609466  0.666655  0.633605  0.296821  0.711773  0.657009  0.702613  0.501753  0.658296  0.684818  0.699200  0.805455  0.761428  0.591020  0.687719  0.678213  0.708349  0.631461  0.768699  0.768457  0.842900  0.811226  0.428615  0.650588  0.832448  0.430625  0.664466  0.765372  0.621197  0.357221  0.696004  0.659184  0.789047  0.768759  0.656587  0.639532  0.736069  0.785462  0.728394  0.620039  0.739292  0.693295  0.640345  0.737229  0.706006  0.606950  0.722648  0.686399  0.511995  0.704086  0.658107  0.737725 
3  0.136785  0.951542  0.642951 0.0  0.178946  0.480467  0.090094  0.272303  0.345724  0.238099  0.133975  0.208931  0.194799  0.721627  0.353306  0.166338  0.604135  0.607485  0.199070  0.382595  0.156889  0.727039  0.242638  0.435217  0.653357  0.707152  0.221329  0.219418  0.244367  0.175229  0.245915  0.180008  0.155983  0.256103  0.729393  0.173997  0.227492  0.571959  0.177543  0.661960  0.590067  0.263089  0.121453  0.087174  0.663597  0.206910  0.176911  0.111341  0.231912  0.260443  0.136323  0.256819  0.136692  0.225773  0.477506  0.239994  0.226841  0.281289  0.341037  0.242965  0.229543  0.206214  0.228689  0.704135  0.263472  0.089863  0.088174  0.624952  0.864685  0.263601  0.133669  0.190121  0.271134  0.274959  0.228787  0.137718  0.181230  0.181710  0.140381  0.703973  0.220715  0.258994  0.771526  0.158276  0.154111  0.167821  0.302571  0.229688  0.581615  0.270232  0.228528  0.193865  0.487914  0.399382  0.138187  0.526798  0.237144  0.611759  0.239016  0.228947  0.241488  0.246983  0.201990  0.251824  0.169607  0.243264  0.218763  0.727103  0.087263  0.180629  0.186717  0.171422  0.181564  0.133444  0.250604  0.174258  0.423771  0.313937  0.185894  0.713276  0.271580  0.089525  0.169756  0.646261  0.122063  0.177634  0.167881  0.401694  0.707905  0.185544  0.254786  0.178339  0.312193  0.376200  0.729478  0.119600  0.256806  0.229833  0.215763  0.508342  0.253015  0.174034  0.519453  0.226602  0.249763  0.157507 
4  0.185296  0.733894  0.701283  0.178946 0.0  0.478164  0.175555  0.286670  0.315374  0.213663  0.166760  0.225270  0.215184  0.675014  0.301540  0.186325  0.616400  0.606182  0.194144  0.329924  0.161878  0.751033  0.233426  0.326525  0.665310  0.670203  0.236688  0.207372  0.245606  0.139076  0.248298  0.151222  0.174351  0.250930  0.673707  0.175558  0.207781  0.551997  0.137964  0.700992  0.733747  0.248038  0.159870  0.191584  0.675387  0.197914  0.205217  0.178694  0.273160  0.214250  0.167460  0.267999  0.207842  0.217803  0.447028  0.243549  0.250464  0.261147  0.398709  0.238193  0.226797  0.207992  0.241777  0.600913  0.224598  0.142151  0.189989  0.602650  0.877596  0.278281  0.181879  0.142747  0.278030  0.326313  0.269009  0.189617  0.115409  0.087187  0.164786  0.704968  0.248656  0.225422  0.753119  0.145474  0.164274  0.214940  0.260396  0.242985  0.612992  0.240200  0.256364  0.243040  0.426096  0.394664  0.184888  0.541189  0.260985  0.665704  0.296891  0.227545  0.248428  0.270450  0.222171  0.256077  0.192953  0.268011  0.228049  0.623898  0.180270  0.195405  0.170679  0.128705  0.090264  0.177604  0.229086  0.103663  0.388875  0.316845  0.195656  0.678172  0.228882  0.192371  0.140198  0.639375  0.179421  0.191026  0.161144  0.368339  0.735953  0.169077  0.246205  0.184155  0.386847  0.325792  0.681204  0.181612  0.249470  0.241039  0.214580  0.531670  0.275871  0.139065  0.579862  0.238066  0.234691  0.150913 
5  0.457804  0.786432  0.714616  0.480467  0.478164 0.0  0.462739  0.477211  0.473123  0.506630  0.438409  0.478896  0.458471  0.684478  0.483050  0.499451  0.603613  0.590615  0.446164  0.204281  0.456272  0.831408  0.479230  0.428359  0.727164  0.657074  0.578382  0.538173  0.494296  0.488170  0.493536  0.495987  0.493015  0.492481  0.644400  0.571876  0.497318  0.647429  0.506169  0.560613  0.616698  0.397203  0.537097  0.512988  0.647011  0.450743  0.518288  0.420705  0.405645  0.514487  0.556405  0.508525  0.464149  0.488742  0.414412  0.469869  0.535367  0.285146  0.419997  0.493151  0.498760  0.476620  0.509677  0.714097  0.467810  0.558275  0.574463  0.650515  0.771238  0.282513  0.563345  0.574182  0.462849  0.405435  0.485937  0.590962  0.489544  0.479790  0.452907  0.764426  0.485748  0.507308  0.684155  0.578312  0.500383  0.476079  0.269797  0.468408  0.560077  0.582388  0.577120  0.534333  0.114551  0.371443  0.552568  0.141807  0.479619  0.706997  0.560439  0.489219  0.491318  0.504045  0.470548  0.541818  0.627096  0.567213  0.475085  0.649222  0.474065  0.532724  0.510392  0.486415  0.517079  0.423022  0.597146  0.480321  0.426738  0.460752  0.568499  0.698242  0.479943  0.485592  0.447262  0.620258  0.433013  0.491554  0.541829  0.424257  0.674532  0.497172  0.553762  0.526443  0.375641  0.367964  0.761319  0.425449  0.448584  0.483580  0.503502  0.612218  0.519671  0.439277  0.776031  0.543275  0.565869  0.360185 
6  0.147566  0.796340  0.580947  0.090094  0.175555  0.462739 0.0  0.231888  0.321135  0.231901  0.141541  0.219861  0.172758  0.663222  0.333361  0.168553  0.618479  0.465102  0.199810  0.382953  0.149924  0.685349  0.212664  0.412412  0.692806  0.691187  0.240056  0.238915  0.241227  0.194350  0.248316  0.174408  0.186476  0.242684  0.644827  0.202586  0.217272  0.526152  0.197259  0.696298  0.557268  0.287027  0.118424  0.082879  0.710578  0.213565  0.195206  0.102281  0.249515  0.273751  0.136303  0.267826  0.137353  0.222369  0.367546  0.281403  0.266641  0.280931  0.427222  0.265501  0.252602  0.198124  0.234574  0.607668  0.237228  0.090178  0.087317  0.751875  0.712332  0.258912  0.137130  0.192127  0.222992  0.326667  0.279125  0.144466  0.161279  0.174579  0.140933  0.637004  0.248678  0.259407  0.691910  0.151789  0.172158  0.179203  0.247744  0.227897  0.499698  0.226393  0.241893  0.223846  0.487105  0.424712  0.144807  0.528546  0.251123  0.697889  0.252580  0.229991  0.229861  0.249143  0.258190  0.276669  0.162675  0.261899  0.223360  0.753556  0.087830  0.173152  0.179766  0.160582  0.166421  0.112672  0.270913  0.180061  0.383473  0.295686  0.185931  0.557617  0.256873  0.094886  0.202537  0.641454  0.128091  0.177443  0.154002  0.407338  0.682239  0.192550  0.275691  0.174296  0.380146  0.328180  0.660474  0.130200  0.249636  0.244230  0.183862  0.585621  0.201663  0.183001  0.563597  0.271998  0.247294  0.143643 
7  0.261363  0.745655  0.655715  0.272303  0.286670  0.477211  0.231888 0.0  0.355628  0.147976  0.252647  0.161882  0.184324  0.755169  0.301588  0.271318  0.681287  0.595480  0.184150  0.435366  0.218703  0.660911  0.141920  0.349274  0.803992  0.588530  0.091621  0.164199  0.144587  0.237167  0.176777  0.237248  0.267027  0.139055  0.723538  0.249772  0.104793  0.680031  0.239368  0.549896  0.695562  0.246489  0.249839  0.228992  0.643587  0.219149  0.263362  0.247186  0.130147  0.132648  0.259644  0.165292  0.260185  0.155719  0.447545  0.088105  0.149053  0.276163  0.417560  0.089305  0.245263  0.226833  0.088340  0.694173  0.123468  0.217871  0.216326  0.690931  0.710988  0.310398  0.246716  0.222779  0.128761  0.341396  0.137021  0.275846  0.242979  0.224375  0.148774  0.742829  0.076848  0.135394  0.727731  0.208673  0.229645  0.260056  0.247541  0.087876  0.513500  0.133177  0.138416  0.108969  0.468906  0.455567  0.230887  0.496535  0.076848  0.747171  0.134965  0.089488  0.141178  0.076848  0.137187  0.135135  0.251228  0.110344  0.076848  0.693615  0.263309  0.256416  0.241491  0.245678  0.237950  0.227501  0.147267  0.237597  0.437120  0.290917  0.224521  0.699475  0.130042  0.243678  0.253534  0.618118  0.231867  0.243210  0.235859  0.458051  0.707854  0.262316  0.089393  0.226372  0.395148  0.370621  0.758682  0.217456  0.142694  0.143396  0.138404  0.598026  0.108224  0.270753  0.616365  0.135301  0.136193  0.141014 
8  0.327439  0.741981  0.680107  0.345724  0.315374  0.473123  0.321135  0.355628 0.0  0.331044  0.331316  0.333081  0.284559  0.694828  0.104668  0.369226  0.705795  0.414901  0.309977  0.383252  0.313554  0.765835  0.324343  0.437469  0.785693  0.656772  0.308675  0.305024  0.321798  0.382339  0.353637  0.330427  0.335736  0.355880  0.699071  0.334938  0.354763  0.575457  0.322870  0.586494  0.594458  0.150220  0.357995  0.385382  0.699982  0.286958  0.336975  0.331561  0.331703  0.352182  0.367009  0.342443  0.321300  0.314746  0.385717  0.354145  0.294858  0.238439  0.435590  0.338553  0.347709  0.292136  0.292473  0.713994  0.293395  0.352132  0.346316  0.655807  0.669639  0.297565  0.312056  0.310237  0.324902  0.102477  0.335778  0.364166  0.329380  0.318601  0.261491  0.853359  0.381715  0.346561  0.687436  0.297729  0.313719  0.340182  0.237210  0.318757  0.567369  0.318010  0.376521  0.356119  0.508165  0.460083  0.315456  0.435589  0.348828  0.644903  0.327134  0.349827  0.303813  0.311157  0.352227  0.366932  0.369598  0.356398  0.340148  0.777657  0.382390  0.312556  0.331772  0.303757  0.329858  0.327377  0.334916  0.349501  0.426041  0.193649  0.301564  0.717724  0.279306  0.289051  0.380347  0.658946  0.354994  0.395669  0.371962  0.411830  0.662529  0.327080  0.288777  0.296451  0.454507  0.394445  0.652810  0.306046  0.295150  0.343623  0.314589  0.494728  0.332922  0.399570  0.587282  0.313818  0.328388  0.245747 
9  0.204205  0.607239  0.768472  0.238099  0.213663  0.506630  0.231901  0.147976  0.331044 0.0  0.214757  0.152659  0.173383  0.691956  0.325759  0.243247  0.732750  0.582854  0.203302  0.430913  0.223948  0.694294  0.148340  0.400283  0.713790  0.583351  0.144340  0.106392  0.145218  0.228614  0.147856  0.192974  0.230840  0.146463  0.622978  0.229476  0.162511  0.717787  0.189391  0.605893  0.594984  0.262534  0.221371  0.236862  0.655271  0.205080  0.242469  0.207920  0.151865  0.146818  0.209140  0.169238  0.235454  0.105883  0.363436  0.139803  0.149245  0.296622  0.414086  0.154353  0.195655  0.199393  0.149274  0.605997  0.140480  0.227495  0.216770  0.678055  0.659041  0.260143  0.231217  0.209339  0.148195  0.313937  0.142036  0.219017  0.219626  0.214629  0.141369  0.582866  0.146042  0.134488  0.696594  0.205912  0.200054  0.238936  0.291228  0.157489  0.633560  0.144818  0.146479  0.161821  0.528452  0.408166  0.210480  0.501230  0.151789  0.729451  0.160422  0.157515  0.156456  0.143534  0.143797  0.156265  0.193925  0.144180  0.159927  0.640289  0.229751  0.236832  0.197058  0.222321  0.201865  0.210111  0.146222  0.212647  0.379899  0.325195  0.209932  0.647529  0.152007  0.222875  0.214683  0.656623  0.217349  0.211978  0.217277  0.476205  0.773804  0.224165  0.154028  0.239149  0.352424  0.363790  0.707466  0.224711  0.158741  0.163916  0.104894  0.456211  0.141624  0.227468  0.596642  0.159469  0.147506  0.146230 
10  0.089238  0.672226  0.843639  0.133975  0.166760  0.438409  0.141541  0.252647  0.331316  0.214757 0.0  0.232723  0.191314  0.709682  0.320803  0.182757  0.589554  0.500256  0.175456  0.373079  0.141851  0.815387  0.236393  0.385162  0.782509  0.588337  0.251623  0.213870  0.252270  0.174621  0.253122  0.165884  0.172838  0.235045  0.662229  0.192269  0.215412  0.681950  0.172038  0.585847  0.629642  0.216840  0.097213  0.146065  0.646259  0.207090  0.173543  0.126787  0.247108  0.281758  0.138447  0.283532  0.083788  0.216137  0.398228  0.302603  0.234063  0.251503  0.376399  0.253144  0.198014  0.233569  0.257553  0.610524  0.263115  0.133912  0.138439  0.564397  0.961690  0.245227  0.125319  0.173117  0.259624  0.291765  0.233460  0.076848  0.172022  0.203508  0.159821  0.754586  0.244075  0.207264  0.619305  0.136124  0.158901  0.164906  0.285091  0.255134  0.503519  0.269807  0.271127  0.216779  0.499418  0.411308  0.113939  0.487685  0.235798  0.671998  0.261151  0.252999  0.278247  0.220229  0.248492  0.253872  0.190937  0.267544  0.249929  0.826608  0.139303  0.180148  0.179757  0.171038  0.181172  0.121935  0.254013  0.189381  0.485888  0.263514  0.197471  0.710374  0.256010  0.139866  0.176050  0.691040  0.134699  0.197900  0.167364  0.422979  0.819395  0.184245  0.258336  0.183364  0.409604  0.382050  0.646926  0.122574  0.242449  0.226670  0.232146  0.435450  0.243605  0.192249  0.575623  0.252859  0.210762  0.147844 
11  0.208970  0.605706  0.750885  0.208931  0.225270  0.478896  0.219861  0.161882  0.333081  0.152659  0.232723 0.0  0.197270  0.728965  0.324091  0.246264  0.695563  0.557500  0.199243  0.334187  0.229832  0.724773  0.172498  0.396868  0.672098  0.632129  0.167624  0.157493  0.160834  0.224067  0.131935  0.248956  0.230806  0.175830  0.590904  0.219942  0.159074  0.642359  0.243936  0.653525  0.680080  0.289553  0.252305  0.223929  0.683892  0.249001  0.223414  0.245304  0.149382  0.162787  0.234022  0.095915  0.234720  0.141769  0.478490  0.171956  0.096988  0.308159  0.390628  0.167086  0.245676  0.262411  0.170404  0.694778  0.177249  0.249050  0.239959  0.798099  0.779164  0.276535  0.202396  0.268966  0.160075  0.327721  0.159242  0.211279  0.225804  0.205219  0.139956  0.781100  0.166026  0.173333  0.688735  0.200910  0.245609  0.250296  0.284197  0.160731  0.552872  0.167747  0.151327  0.155969  0.540301  0.393065  0.216209  0.496001  0.171294  0.817541  0.159240  0.152375  0.151471  0.159356  0.180239  0.165559  0.222965  0.178244  0.165983  0.754298  0.231701  0.233394  0.227497  0.222340  0.201913  0.221502  0.185030  0.255804  0.396616  0.292608  0.250200  0.712399  0.159508  0.212689  0.221563  0.605212  0.203177  0.246189  0.254190  0.431191  0.699238  0.224377  0.155600  0.243066  0.324402  0.352339  0.647138  0.219756  0.186981  0.167585  0.152021  0.569091  0.170196  0.244826  0.584104  0.171096  0.172054  0.141188 
12  0.195368  0.647234  0.702892  0.194799  0.215184  0.458471  0.172758  0.184324  0.284559  0.173383  0.191314  0.197270 0.0  0.680761  0.304661  0.180973  0.656848  0.568088  0.117812  0.403901  0.192328  0.684639  0.179252  0.451286  0.745661  0.640203  0.179249  0.188315  0.201418  0.188638  0.195426  0.190914  0.176055  0.185507  0.620862  0.196906  0.181453  0.664523  0.168304  0.535874  0.690930  0.261546  0.203658  0.187942  0.682047  0.190557  0.188714  0.198717  0.179309  0.169006  0.188577  0.203690  0.188889  0.175527  0.424351  0.181617  0.199966  0.298924  0.433703  0.195557  0.203504  0.191144  0.192482  0.592002  0.202813  0.173383  0.199728  0.684250  0.699801  0.279296  0.208990  0.176898  0.185165  0.270458  0.215173  0.190715  0.182361  0.183822  0.162302  0.817451  0.190736  0.204613  0.686515  0.200993  0.190580  0.208570  0.287966  0.210348  0.640175  0.172761  0.204226  0.187816  0.515296  0.441985  0.165894  0.459704  0.190005  0.726067  0.223464  0.213631  0.203932  0.187093  0.185786  0.200652  0.190058  0.191598  0.193538  0.718321  0.195493  0.209839  0.182949  0.187462  0.209257  0.194654  0.186908  0.188175  0.416659  0.304746  0.202783  0.577677  0.181302  0.177774  0.192047  0.608571  0.211373  0.170567  0.177138  0.400193  0.677706  0.189872  0.186727  0.188345  0.369337  0.409822  0.746056  0.196106  0.186379  0.191709  0.181090  0.566244  0.178385  0.174057  0.639261  0.185833  0.200678  0.159011 
13  0.621663  0.722287  0.614717  0.721627  0.675014  0.684478  0.663222  0.755169  0.694828  0.691956  0.709682  0.728965  0.680761 0.0  0.732765  0.649598  0.829897  0.599930  0.612292  0.627439  0.542001  0.690242  0.763058  0.362251  0.596912  0.711966  0.722809  0.692386  0.762300  0.626924  0.722789  0.718742  0.673426  0.576117  0.666133  0.688324  0.666622  0.667124  0.728090  0.652255  0.613634  0.611536  0.750002  0.758349  0.147867  0.688501  0.713613  0.724046  0.635466  0.622123  0.613419  0.628353  0.743425  0.678898  0.744522  0.593883  0.821158  0.558907  0.363795  0.630837  0.699774  0.700497  0.653555  0.648411  0.776650  0.700519  0.629151  0.668602  0.709534  0.548583  0.722063  0.664215  0.615759  0.840194  0.747595  0.757407  0.771860  0.705326  0.664846  0.710758  0.702731  0.758569  0.694262  0.699321  0.625307  0.646113  0.563736  0.746264  0.603396  0.541568  0.619795  0.641419  0.772705  0.403747  0.619825  0.540586  0.642307  0.782972  0.679155  0.653093  0.620805  0.645889  0.660725  0.701063  0.627083  0.738276  0.643382  0.750163  0.691548  0.673472  0.671710  0.675106  0.744946  0.612558  0.740299  0.702670  0.423031  0.652685  0.607252  0.699861  0.726829  0.723434  0.758038  0.604371  0.680721  0.598326  0.699235  0.684292  0.385684  0.783909  0.744372  0.650307  0.621777  0.728401  0.702335  0.802504  0.636822  0.614534  0.613479  0.526225  0.682560  0.658344  0.643606  0.713827  0.635371  0.857835 
14  0.292336  0.756997  0.738361  0.353306  0.301540  0.483050  0.333361  0.301588  0.104668  0.325759  0.320803  0.324091  0.304661  0.732765 0.0  0.324215  0.602302  0.574189  0.321078  0.284815  0.326225  0.680105  0.334773  0.426843  0.688021  0.675641  0.299742  0.353905  0.316451  0.328314  0.372075  0.309055  0.349622  0.321923  0.755914  0.378950  0.313870  0.563990  0.337819  0.546585  0.634346  0.142239  0.364269  0.343577  0.780585  0.330075  0.325060  0.344240  0.348868  0.313295  0.327417  0.340395  0.294852  0.272720  0.371149  0.315357  0.319618  0.285435  0.427356  0.299602  0.313490  0.278345  0.311770  0.670862  0.330064  0.327544  0.324233  0.702591  0.778173  0.271686  0.333283  0.331336  0.304474  0.112739  0.361717  0.291876  0.333539  0.308331  0.249781  0.835123  0.315006  0.322556  0.719161  0.305778  0.304433  0.348569  0.261334  0.282597  0.444686  0.306797  0.318070  0.345335  0.483561  0.453624  0.289005  0.383387  0.382352  0.738987  0.343578  0.319372  0.323609  0.328645  0.331607  0.327461  0.309959  0.283345  0.337188  0.651990  0.325251  0.320293  0.332622  0.357512  0.318212  0.296040  0.343574  0.264375  0.481201  0.194752  0.266345  0.650481  0.351794  0.330159  0.331475  0.600321  0.302385  0.330930  0.327016  0.467119  0.850054  0.347911  0.330366  0.269279  0.434433  0.391839  0.811677  0.322294  0.309624  0.301601  0.332220  0.593665  0.338647  0.305936  0.615114  0.331900  0.360630  0.296051 
15  0.184485  0.727787  0.728889  0.166338  0.186325  0.499451  0.168553  0.271318  0.369226  0.243247  0.182757  0.246264  0.180973  0.649598  0.324215 0.0  0.688540  0.549922  0.187392  0.361709  0.101981  0.698949  0.238207  0.424754  0.630004  0.701580  0.251794  0.242194  0.264182  0.165115  0.231145  0.182085  0.090119  0.240197  0.817057  0.087106  0.215961  0.597978  0.174401  0.616373  0.663017  0.239917  0.188751  0.189756  0.774289  0.229345  0.087127  0.172240  0.252769  0.273222  0.195019  0.245180  0.171551  0.207573  0.473649  0.257130  0.224401  0.252445  0.439089  0.224926  0.215134  0.204922  0.247662  0.678462  0.220620  0.162721  0.167119  0.620772  0.749149  0.263545  0.171499  0.190424  0.241963  0.301269  0.253626  0.176899  0.165615  0.177615  0.152649  0.756072  0.241165  0.255371  0.698270  0.102317  0.095111  0.089859  0.294993  0.271707  0.539333  0.247053  0.232789  0.223592  0.387382  0.443710  0.177613  0.535859  0.242639  0.791052  0.261885  0.230622  0.238156  0.266699  0.250665  0.249719  0.089581  0.248127  0.239678  0.699874  0.184123  0.089327  0.089085  0.147838  0.175648  0.164162  0.250979  0.176728  0.428872  0.286395  0.089204  0.604755  0.250419  0.169660  0.160660  0.716375  0.163958  0.091079  0.096280  0.418883  0.637334  0.089994  0.250168  0.093992  0.395963  0.359055  0.680297  0.165670  0.234035  0.220633  0.206510  0.550837  0.257504  0.165910  0.604967  0.264307  0.236104  0.141159 
16  0.646675  0.648669  0.597922  0.604135  0.616400  0.603613  0.618479  0.681287  0.705795  0.732750  0.589554  0.695563  0.656848  0.829897  0.602302  0.688540 0.0  0.497390  0.700045  0.748176  0.758659  0.573583  0.627827  0.428602  0.673693  0.646735  0.666097  0.532538  0.626158  0.723122  0.631318  0.551006  0.512501  0.601874  0.546363  0.564131  0.586126  0.624784  0.590610  0.650184  0.679279  0.660484  0.623474  0.488459  0.708036  0.634045  0.596309  0.613821  0.685933  0.676760  0.675517  0.668247  0.667607  0.585995  0.651574  0.680748  0.554432  0.496707  0.406319  0.717484  0.650384  0.654792  0.728257  0.661810  0.671730  0.594647  0.737916  0.664860  0.699654  0.536892  0.630516  0.546128  0.590805  0.701136  0.625948  0.597017  0.566877  0.584251  0.595818  0.680095  0.666114  0.656465  0.601700  0.657197  0.609933  0.642156  0.526831  0.662753  0.258791  0.708531  0.538520  0.617875  0.627953  0.398040  0.720469  0.618319  0.572627  0.660563  0.638491  0.605796  0.586584  0.587398  0.625132  0.633861  0.656455  0.649800  0.694141  0.836178  0.634702  0.601047  0.698021  0.616459  0.666608  0.690262  0.665573  0.572414  0.365091  0.633308  0.736783  0.692612  0.514001  0.614092  0.612788  0.678768  0.667243  0.553583  0.582154  0.665431  0.659490  0.699515  0.618806  0.613862  0.625918  0.706668  0.732639  0.618701  0.737728  0.650892  0.523293  0.654434  0.712789  0.625250  0.701771  0.615995  0.650280  0.641827 
17  0.615498  0.545444  0.559844  0.607485  0.606182  0.590615  0.465102  0.595480  0.414901  0.582854  0.500256  0.557500  0.568088  0.599930  0.574189  0.549922  0.497390 0.0  0.521746  0.527208  0.590153  0.504979  0.598859  0.396192  0.496359  0.512568  0.477016  0.647680  0.640143  0.629486  0.546754  0.537567  0.499074  0.524772  0.507537  0.685074  0.505641  0.534128  0.643100  0.556666  0.525673  0.515996  0.622580  0.591119  0.541998  0.582474  0.608684  0.513200  0.445300  0.513865  0.654885  0.634504  0.517720  0.509803  0.572740  0.527526  0.552511  0.549920  0.411708  0.618194  0.496364  0.603840  0.507648  0.598229  0.528063  0.477186  0.550164  0.520253  0.597345  0.516829  0.571161  0.595476  0.587508  0.637912  0.547839  0.628304  0.601294  0.565340  0.579071  0.489315  0.559021  0.597186  0.586232  0.536950  0.610497  0.606446  0.558889  0.515206  0.546527  0.547135  0.594132  0.558178  0.487368  0.447940  0.473737  0.539536  0.550072  0.518274  0.607620  0.518765  0.607788  0.515882  0.527765  0.598731  0.472958  0.542058  0.612145  0.748592  0.569439  0.518272  0.600482  0.567789  0.577253  0.606379  0.599601  0.584249  0.389579  0.556502  0.570807  0.592306  0.559324  0.531146  0.591577  0.556376  0.558580  0.525028  0.576258  0.600231  0.620818  0.580210  0.568403  0.610626  0.549136  0.511696  0.499265  0.510785  0.618071  0.633194  0.515779  0.587622  0.477074  0.621862  0.583006  0.562127  0.588074  0.557153 
18  0.197947  0.764027  0.683511  0.199070  0.194144  0.446164  0.199810  0.184150  0.309977  0.203302  0.175456  0.199243  0.117812  0.612292  0.321078  0.187392  0.700045  0.521746 0.0  0.335117  0.211555  0.744214  0.189293  0.407339  0.707570  0.699258  0.183884  0.193221  0.213077  0.180116  0.176128  0.185675  0.206378  0.206372  0.699015  0.179188  0.212661  0.667015  0.195201  0.576051  0.630956  0.292776  0.198211  0.190936  0.671524  0.198307  0.189282  0.186378  0.187627  0.199700  0.181641  0.202783  0.195500  0.198303  0.423493  0.181300  0.182641  0.301714  0.412843  0.188697  0.190336  0.189588  0.194684  0.700035  0.202034  0.186464  0.188778  0.640680  0.726759  0.280989  0.199710  0.200030  0.205487  0.338606  0.208074  0.212683  0.184338  0.199945  0.149379  0.657116  0.201089  0.181876  0.800007  0.184007  0.181599  0.181653  0.272218  0.193437  0.524672  0.172438  0.173640  0.205667  0.448023  0.388701  0.219427  0.531443  0.177509  0.703958  0.188880  0.187825  0.174835  0.191722  0.181323  0.211385  0.183836  0.197146  0.177955  0.737870  0.200578  0.193802  0.193150  0.196293  0.201757  0.182404  0.192941  0.216560  0.414043  0.301381  0.195872  0.593137  0.184950  0.198056  0.193359  0.482138  0.186228  0.201748  0.201873  0.477458  0.729000  0.189945  0.192013  0.171482  0.391069  0.353572  0.644098  0.197200  0.189556  0.184732  0.206565  0.667697  0.175268  0.186260  0.568787  0.206530  0.202427  0.144133 
19  0.286596  0.617724  0.628528  0.382595  0.329924  0.204281  0.382953  0.435366  0.383252  0.430913  0.373079  0.334187  0.403901  0.627439  0.284815  0.361709  0.748176  0.527208  0.335117 0.0  0.344770  0.645974  0.390759  0.407210  0.665803  0.682706  0.387947  0.358046  0.405802  0.341718  0.375741  0.417095  0.370515  0.384406  0.622303  0.391642  0.386260  0.592461  0.369483  0.584607  0.577831  0.396855  0.401690  0.396471  0.727606  0.390099  0.330303  0.351439  0.403546  0.373639  0.415336  0.391334  0.397966  0.370250  0.356611  0.353143  0.388458  0.261826  0.398991  0.371966  0.355299  0.353415  0.369397  0.670015  0.366206  0.348973  0.391628  0.745780  0.642604  0.287259  0.374598  0.353552  0.396486  0.354850  0.382540  0.361678  0.380903  0.421025  0.369093  0.638028  0.399866  0.372348  0.623391  0.323021  0.411630  0.377320  0.293317  0.359599  0.633452  0.434242  0.376458  0.370040  0.185440  0.399127  0.381621  0.195817  0.375124  0.583626  0.387808  0.339004  0.383033  0.387674  0.372414  0.420617  0.339880  0.361428  0.375771  0.711891  0.336621  0.363666  0.363391  0.329588  0.401318  0.334274  0.316073  0.303116  0.469347  0.410549  0.390635  0.586414  0.353035  0.336577  0.371718  0.477587  0.338107  0.367813  0.380462  0.395872  0.559634  0.326114  0.388277  0.420753  0.320172  0.353204  0.647252  0.333161  0.387277  0.380633  0.404848  0.546310  0.375703  0.350898  0.660342  0.367829  0.303952  0.339540 
20  0.157151  0.764801  0.774177  0.156889  0.161878  0.456272  0.149924  0.218703  0.313554  0.223948  0.141851  0.229832  0.192328  0.542001  0.326225  0.101981  0.758659  0.590153  0.211555  0.344770 0.0  0.788571  0.239122  0.362469  0.654800  0.539145  0.215154  0.209847  0.214544  0.157969  0.202179  0.151046  0.102614  0.242577  0.788052  0.105900  0.196515  0.548558  0.159103  0.621387  0.740239  0.272611  0.153468  0.146436  0.705203  0.206690  0.103941  0.149739  0.216063  0.216942  0.148542  0.213873  0.153438  0.223375  0.472714  0.216178  0.208782  0.242972  0.395550  0.229298  0.234971  0.205571  0.225435  0.635479  0.230846  0.158983  0.154402  0.712879  0.693199  0.258409  0.144513  0.147686  0.224547  0.337505  0.219816  0.142367  0.152670  0.140787  0.156841  0.842916  0.223969  0.222496  0.679897  0.109932  0.110703  0.100635  0.280365  0.219672  0.538462  0.200953  0.232370  0.226471  0.468030  0.385232  0.145731  0.461022  0.227496  0.635723  0.203417  0.227952  0.211029  0.213235  0.213711  0.214900  0.106333  0.225321  0.226895  0.577872  0.151666  0.106320  0.106399  0.156566  0.146303  0.148364  0.216146  0.146949  0.425227  0.315584  0.106142  0.698876  0.186385  0.145298  0.157133  0.670164  0.152658  0.110984  0.107888  0.489890  0.783535  0.105313  0.219926  0.105034  0.353014  0.351208  0.781680  0.145584  0.225994  0.203338  0.222260  0.532732  0.223495  0.159566  0.713762  0.208094  0.242441  0.163066 
21  0.779021  0.454450  0.503485  0.727039  0.751033  0.831408  0.685349  0.660911  0.765835  0.694294  0.815387  0.724773  0.684639  0.690242  0.680105  0.698949  0.573583  0.504979  0.744214  0.645974  0.788571 0.0  0.706432  0.386277  0.767152  0.746993  0.578092  0.676040  0.734366  0.632109  0.779506  0.755529  0.756867  0.774304  0.118885  0.689776  0.692815  0.606788  0.728568  0.320697  0.720912  0.663123  0.754334  0.783844  0.607909  0.671930  0.627373  0.656374  0.735111  0.801847  0.661046  0.747561  0.708724  0.731192  0.721513  0.644955  0.792289  0.499659  0.478243  0.750658  0.656586  0.669643  0.689056  0.670245  0.864578  0.646068  0.624052  0.137502  0.747298  0.554343  0.639868  0.862015  0.694104  0.671358  0.740320  0.642263  0.771751  0.772440  0.597902  0.323781  0.755652  0.647934  0.726489  0.676697  0.680099  0.665740  0.555910  0.602717  0.574911  0.638834  0.732650  0.757882  0.728252  0.470759  0.733134  0.730595  0.747553  0.471727  0.678971  0.754803  0.764576  0.614538  0.704177  0.693758  0.859210  0.762979  0.689045  0.676527  0.823392  0.729236  0.762514  0.689127  0.768486  0.733007  0.758375  0.610908  0.359220  0.668626  0.685748  0.142809  0.719702  0.713629  0.754392  0.392823  0.729995  0.868913  0.641379  0.664144  0.748489  0.665451  0.640873  0.623082  0.733572  0.697490  0.879532  0.704359  0.704874  0.791325  0.606963  0.544236  0.667405  0.769831  0.605439  0.752523  0.747328  0.753452 
22  0.265791  0.650603  0.745735  0.242638  0.233426  0.479230  0.212664  0.141920  0.324343  0.148340  0.236393  0.172498  0.179252  0.763058  0.334773  0.238207  0.627827  0.598859  0.189293  0.390759  0.239122  0.706432 0.0  0.445163  0.703300  0.735928  0.143022  0.150758  0.137822  0.246698  0.193252  0.236585  0.242644  0.138561  0.680953  0.258921  0.103746  0.597334  0.240606  0.756859  0.591100  0.260976  0.233291  0.218040  0.744684  0.226519  0.259615  0.235201  0.130611  0.145003  0.262478  0.161733  0.248572  0.156255  0.455184  0.129198  0.176796  0.299178  0.346018  0.141744  0.237466  0.236382  0.136323  0.623296  0.125867  0.248704  0.235020  0.678764  0.707755  0.280677  0.245408  0.249350  0.132654  0.349251  0.143838  0.241192  0.288730  0.224054  0.141674  0.789315  0.136295  0.140030  0.663541  0.222905  0.238356  0.258808  0.269693  0.131227  0.613562  0.136442  0.127616  0.104338  0.455539  0.345902  0.265227  0.459679  0.135714  0.705475  0.141208  0.128254  0.131020  0.141712  0.134046  0.137104  0.244662  0.129152  0.140769  0.760682  0.214915  0.239948  0.226063  0.237266  0.220757  0.221701  0.137331  0.223958  0.425554  0.310702  0.277829  0.682286  0.141489  0.226727  0.230787  0.675713  0.239912  0.245890  0.233064  0.395959  0.646057  0.245298  0.134871  0.218030  0.413562  0.366957  0.694158  0.199788  0.135109  0.131676  0.145651  0.441449  0.125556  0.231482  0.615345  0.145127  0.109163  0.150061 
23  0.447689  0.408799  0.389793  0.435217  0.326525  0.428359  0.412412  0.349274  0.437469  0.400283  0.385162  0.396868  0.451286  0.362251  0.426843  0.424754  0.428602  0.396192  0.407339  0.407210  0.362469  0.386277  0.445163 0.0  0.380797  0.434047  0.404150  0.406472  0.364294  0.409699  0.374293  0.375601  0.424051  0.422259  0.384947  0.405768  0.395393  0.363487  0.407750  0.357579  0.479055  0.408475  0.421708  0.405868  0.462972  0.416317  0.399525  0.403060  0.405531  0.417720  0.439358  0.441837  0.339977  0.428974  0.461135  0.418852  0.416227  0.387022  0.401622  0.459095  0.337725  0.346506  0.447666  0.406739  0.403891  0.372085  0.513853  0.430350  0.379903  0.342451  0.359852  0.453665  0.408832  0.431814  0.465220  0.413579  0.415505  0.432083  0.389736  0.372528  0.401133  0.416598  0.446486  0.472867  0.396646  0.393736  0.412495  0.400654  0.449398  0.445430  0.434796  0.361578  0.409808  0.467668  0.426718  0.390098  0.424377  0.428500  0.390676  0.387898  0.398227  0.458525  0.374284  0.420671  0.393500  0.397186  0.389007  0.703818  0.382698  0.400713  0.408843  0.442327  0.421241  0.369352  0.400035  0.383313  0.428594  0.394417  0.394950  0.426505  0.390884  0.338744  0.395317  0.384138  0.465401  0.332986  0.410390  0.418266  0.430186  0.370943  0.435429  0.344264  0.400901  0.380759  0.385391  0.420745  0.396791  0.420841  0.391655  0.417420  0.396097  0.398862  0.382324  0.387346  0.397282  0.451107 
24  0.651334  0.673778  0.855159  0.653357  0.665310  0.727164  0.692806  0.803992  0.785693  0.713790  0.782509  0.672098  0.745661  0.596912  0.688021  0.630004  0.673693  0.496359  0.707570  0.665803  0.654800  0.767152  0.703300  0.380797 0.0  0.076848  0.738527  0.646555  0.731075  0.543209  0.637026  0.505277  0.661406  0.736203  0.726253  0.820167  0.670828  0.344920  0.587536  0.660114  0.315239  0.631698  0.726100  0.734310  0.563391  0.693557  0.598271  0.669072  0.684553  0.675162  0.716697  0.588238  0.584465  0.699819  0.682064  0.651368  0.684574  0.612245  0.439749  0.613565  0.661254  0.679978  0.714284  0.696958  0.757412  0.774607  0.624743  0.832656  0.584328  0.534376  0.651769  0.724856  0.698609  0.638208  0.628720  0.668359  0.694756  0.707391  0.745379  0.680605  0.658303  0.700323  0.846275  0.640981  0.661048  0.696615  0.516371  0.717501  0.572082  0.657036  0.754610  0.645433  0.624661  0.419750  0.832017  0.777719  0.648188  0.634761  0.697413  0.612198  0.669763  0.697445  0.687141  0.696452  0.725739  0.604460  0.816725  0.709618  0.721820  0.690957  0.804734  0.657142  0.826041  0.639404  0.730027  0.679721  0.387211  0.602295  0.625362  0.752477  0.886057  0.733095  0.645960  0.717920  0.734099  0.727753  0.685578  0.716446  0.706348  0.761685  0.639794  0.704828  0.595888  0.604535  0.684824  0.661498  0.763786  0.700771  0.779684  0.264801  0.609986  0.667614  0.663038  0.762379  0.600523  0.675784 
25  0.630411  0.718157  0.569632  0.707152  0.670203  0.657074  0.691187  0.588530  0.656772  0.583351  0.588337  0.632129  0.640203  0.711966  0.675641  0.701580  0.646735  0.512568  0.699258  0.682706  0.539145  0.746993  0.735928  0.434047  0.076848 0.0  0.687962  0.730656  0.648092  0.685702  0.675212  0.668375  0.700504  0.767160  0.698109  0.710859  0.742621  0.365291  0.776969  0.609467  0.345248  0.644067  0.657268  0.820024  0.767250  0.712072  0.741279  0.737835  0.687720  0.628220  0.734954  0.619713  0.733709  0.745431  0.673321  0.699855  0.568052  0.516163  0.465916  0.681065  0.684348  0.720033  0.645320  0.729647  0.585182  0.761857  0.579439  0.706070  0.702579  0.514325  0.673042  0.763541  0.725904  0.591462  0.639180  0.571576  0.632073  0.713714  0.711527  0.770399  0.605899  0.679944  0.793226  0.748776  0.734618  0.670619  0.555616  0.677115  0.554200  0.750615  0.648923  0.552438  0.631201  0.398045  0.723354  0.622830  0.596525  0.749680  0.669515  0.602791  0.675666  0.554167  0.655909  0.733282  0.584058  0.697701  0.703519  0.626193  0.590032  0.737446  0.743879  0.683061  0.722113  0.715881  0.615267  0.591572  0.363606  0.630294  0.662834  0.623424  0.723862  0.612090  0.687159  0.612490  0.718039  0.660858  0.700456  0.719333  0.769216  0.715433  0.745309  0.696592  0.570655  0.586563  0.644840  0.608558  0.823445  0.636522  0.770830  0.267948  0.717155  0.726709  0.584462  0.643391  0.816442  0.779099 
26  0.216612  0.602903  0.710627  0.221329  0.236688  0.578382  0.240056  0.091621  0.308675  0.144340  0.251623  0.167624  0.179249  0.722809  0.299742  0.251794  0.666097  0.477016  0.183884  0.387947  0.215154  0.578092  0.143022  0.404150  0.738527  0.687962 0.0  0.151601  0.137877  0.269527  0.158476  0.272985  0.244987  0.139030  0.790259  0.240757  0.105691  0.632470  0.225267  0.710021  0.660865  0.248065  0.253842  0.233269  0.657379  0.256129  0.239241  0.274730  0.135676  0.127375  0.230188  0.176021  0.251588  0.154312  0.455001  0.088746  0.180384  0.288118  0.404007  0.088500  0.244683  0.205026  0.087788  0.568860  0.141346  0.273992  0.257885  0.718589  0.674578  0.254912  0.255064  0.234621  0.135580  0.319182  0.139631  0.247338  0.225220  0.247598  0.152398  0.641865  0.088727  0.138565  0.797553  0.210987  0.240610  0.242551  0.251746  0.076848  0.582841  0.126131  0.129191  0.104046  0.518924  0.383412  0.252946  0.515635  0.089097  0.770010  0.138486  0.089190  0.145785  0.087744  0.132876  0.128522  0.270140  0.105681  0.090988  0.701858  0.263549  0.230461  0.240080  0.229616  0.226942  0.255158  0.134567  0.256450  0.423413  0.282326  0.262311  0.705002  0.138576  0.248969  0.274027  0.457137  0.235819  0.232053  0.220454  0.414259  0.748532  0.228570  0.091308  0.230912  0.342197  0.300999  0.641989  0.215493  0.136532  0.135413  0.150146  0.553124  0.110136  0.277731  0.600974  0.135216  0.142554  0.149886 
