146
0 0.0  0.856806  0.882677  0.260499  0.240158  0.574814  0.270581  0.308757  0.399683  0.267518  0.089042  0.233870  0.195808  0.712568  0.406261  0.250378  0.770029  0.639985  0.196692  0.359484  0.158637  0.975782  0.324594  0.508709  0.714902  0.800222  0.336210  0.235080  0.253634  0.222333  0.440145  0.265265  0.285599  0.418936  0.726065  0.228724  0.280691  0.679964  0.192253  0.669584  0.794489  0.281026  0.209337  0.200752  0.701498  0.274574  0.217675  0.188071  0.362005  0.327240  0.297079  0.402874  0.152876  0.256614  0.526999  0.315750  0.420666  0.288495  0.484851  0.413988  0.281402  0.200078  0.275436  0.691790  0.388925  0.194332  0.257792  0.844099  0.841339  0.254833  0.110095  0.261630  0.324485  0.418005  0.306962  0.089042  0.248501  0.288026  0.186978  0.786622  0.349706  0.370164  0.819471  0.167691  0.186101  0.245127  0.379667  0.393821  0.628888  0.365177  0.286740  0.208930  0.626369  0.351952  0.089042  0.631082  0.352386  0.831424  0.245272  0.355620  0.402086  0.341928  0.310236  0.357488  0.223810  0.294421  0.385518  0.812326  0.259063  0.251206  0.149733  0.224904  0.266920  0.178999  0.310610  0.316503  0.471550  0.312904  0.196436  0.765554  0.388881  0.124927  0.183034  0.714211  0.175879  0.298272  0.227480  0.632539  0.801198  0.276230  0.338847  0.197354  0.417404  0.382790  0.765068  0.143792  0.386421  0.340315  0.341418  0.631531  0.315216  0.211517  0.674304  0.345177  0.306580  0.321359 
1  0.856806 0.0  0.227169  0.895089  0.862006  0.877352  0.841493  0.912468  0.868204  0.839062  0.824242  0.780120  0.880831  0.774510  0.862710  0.894067  0.733299  0.618560  0.842499  0.795753  0.801225  0.517340  0.775715  0.493138  0.769745  0.753059  0.859851  0.797352  0.829381  0.833743  0.849241  0.810365  0.832105  0.935628  0.640633  0.807516  0.866318  0.728739  0.911451  0.197913  0.767134  0.869460  0.890789  0.769857  0.772531  0.852162  0.837776  0.807543  0.878145  0.835188  0.823661  0.798664  0.863224  0.894950  0.816032  0.883021  0.821297  0.599992  0.448768  0.720444  0.825553  0.849021  0.805809  0.718725  0.875994  0.717578  0.890335  0.434153  0.871093  0.612256  0.799423  0.847661  0.813481  0.874504  0.909901  0.853409  0.887768  0.820704  0.786590  0.495764  0.905040  0.898506  0.820320  0.826381  0.724409  0.883992  0.615673  0.897757  0.605604  0.835461  0.784465  0.974734  0.857210  0.363024  0.889624  0.878576  0.817718  0.439948  0.809622  0.866318  0.826125  0.854278  0.803040  0.810319  0.907949  0.881883  0.863864  0.798513  0.841166  0.874069  0.786184  0.775122  0.739487  0.880602  0.908767  0.831764  0.439177  0.824104  0.847506  0.447100  0.834758  0.788761  0.865042  0.596023  0.758291  0.767974  0.882673  0.741836  0.798294  0.970560  0.862267  0.952790  0.716241  0.708522  0.822204  0.870563  0.842260  0.852956  0.800039  0.647928  0.914492  0.793118  0.787242  0.866374  0.842115  0.743921 
2  0.882677  0.227169 0.0  0.809604  0.807099  0.836113  0.844339  0.793037  0.877462  0.865964  0.864936  0.842144  0.764121  0.740407  0.785516  0.822351  0.756672  0.678303  0.823762  0.638657  0.837370  0.528531  0.840542  0.468783  0.725027  0.852192  0.749063  0.821335  0.826877  0.881486  0.812958  0.794441  0.806822  0.777903  0.635613  0.840700  0.856847  0.591939  0.863740  0.187726  0.689029  0.744428  0.824858  0.927063  0.760773  0.695312  0.783886  0.695080  0.789959  0.770188  0.870281  0.766147  0.808285  0.883082  0.783381  0.821957  0.788608  0.588113  0.480854  0.798980  0.830632  0.747858  0.780194  0.716324  0.854509  0.676351  0.894985  0.554184  0.796017  0.539081  0.790034  0.834734  0.802735  0.799852  0.856543  0.780804  0.857108  0.882518  0.783792  0.589346  0.745433  0.799525  0.803855  0.725738  0.707166  0.740593  0.607708  0.857162  0.569995  0.755703  0.778432  0.799897  0.885019  0.465054  0.788897  0.788948  0.842355  0.442490  0.795734  0.793983  0.748256  0.844961  0.792452  0.831294  0.735877  0.818116  0.715048  0.777504  0.817958  0.794684  0.791421  0.740641  0.854066  0.751491  0.875942  0.804412  0.512168  0.742093  0.711105  0.480373  0.817849  0.739935  0.819245  0.462935  0.736477  0.806977  0.803478  0.791184  0.752774  0.737662  0.782485  0.827158  0.713322  0.642785  0.800797  0.786258  0.862656  0.890565  0.801415  0.568223  0.850342  0.717094  0.692133  0.878241  0.789366  0.839213 
3  0.260499  0.895089  0.809604 0.0  0.299503  0.646489  0.133708  0.358000  0.484786  0.254175  0.214916  0.407159  0.260019  0.856233  0.429062  0.283244  0.756278  0.605846  0.207034  0.422719  0.167330  0.921682  0.323314  0.528269  0.870293  0.775292  0.391290  0.226025  0.236999  0.264095  0.258838  0.240306  0.212332  0.317941  0.821708  0.282356  0.316827  0.736634  0.178073  0.701797  0.792504  0.352672  0.167274  0.089042  0.657543  0.273661  0.341986  0.141746  0.299723  0.288259  0.210235  0.372548  0.247708  0.361092  0.543056  0.334095  0.326081  0.344184  0.480889  0.310994  0.286062  0.313559  0.341869  0.754247  0.336979  0.208470  0.094033  0.738851  0.831827  0.263729  0.184757  0.274206  0.313678  0.477293  0.363543  0.259478  0.246083  0.232031  0.288961  0.716406  0.334157  0.345153  0.573591  0.219320  0.259769  0.203196  0.363701  0.311111  0.628734  0.434574  0.313395  0.234207  0.638196  0.381102  0.254818  0.626133  0.229418  0.810395  0.307676  0.367575  0.386166  0.177430  0.378765  0.406241  0.249541  0.295008  0.300968  0.809733  0.167340  0.269510  0.187195  0.252917  0.269503  0.199312  0.333352  0.211382  0.418220  0.400068  0.192965  0.750601  0.374885  0.089042  0.273910  0.712483  0.179726  0.264557  0.247961  0.518173  0.746997  0.223404  0.305809  0.175662  0.381181  0.376178  0.804192  0.217285  0.338438  0.398503  0.285160  0.676281  0.349957  0.174050  0.609202  0.245222  0.300207  0.166787 
4  0.240158  0.862006  0.807099  0.299503 0.0  0.654797  0.228725  0.311912  0.454333  0.240166  0.328901  0.334860  0.290797  0.818511  0.496983  0.297340  0.720396  0.668911  0.251974  0.346940  0.188496  0.722833  0.393781  0.462696  0.761972  0.748120  0.367313  0.315232  0.305049  0.336383  0.339194  0.120073  0.231354  0.275494  0.687726  0.189204  0.249812  0.710410  0.179139  0.684327  0.776129  0.430470  0.309107  0.311730  0.723436  0.282385  0.171634  0.213858  0.367739  0.339289  0.295895  0.313926  0.175162  0.253595  0.497462  0.478726  0.351298  0.410475  0.403790  0.320365  0.324901  0.285839  0.343202  0.636772  0.304334  0.284459  0.299858  0.787625  0.948639  0.348032  0.182340  0.135529  0.365091  0.442172  0.449236  0.170080  0.130727  0.089042  0.116339  0.795387  0.384842  0.280640  0.803098  0.205645  0.196000  0.200635  0.309114  0.225473  0.650424  0.290284  0.388373  0.384495  0.589990  0.458759  0.244119  0.635258  0.294929  0.810269  0.341490  0.439470  0.337575  0.359988  0.292801  0.316713  0.307176  0.390900  0.339717  0.685583  0.278459  0.229874  0.246545  0.223413  0.089042  0.218668  0.340225  0.129556  0.451138  0.380893  0.324216  0.797684  0.356691  0.289854  0.176228  0.599981  0.243819  0.291167  0.249759  0.572815  0.746555  0.206856  0.360939  0.193857  0.443530  0.412402  0.791089  0.222049  0.299169  0.358562  0.349509  0.632677  0.333406  0.189212  0.663827  0.394315  0.343126  0.196556 
5  0.574814  0.877352  0.836113  0.646489  0.654797 0.0  0.587140  0.632962  0.574949  0.653292  0.628924  0.595250  0.543211  0.763122  0.538449  0.683355  0.662622  0.687575  0.573067  0.222398  0.604491  0.768234  0.561775  0.492593  0.830297  0.696788  0.729744  0.545345  0.564649  0.680912  0.658522  0.655799  0.723909  0.599286  0.819049  0.564054  0.668580  0.707954  0.678946  0.668157  0.769817  0.421258  0.554669  0.648506  0.744951  0.617076  0.689632  0.679659  0.567758  0.641741  0.579422  0.570934  0.608396  0.583141  0.551121  0.659955  0.642002  0.351516  0.469596  0.618369  0.577569  0.512617  0.633185  0.816596  0.558145  0.672420  0.608574  0.727892  0.825075  0.300839  0.712691  0.671769  0.710946  0.611149  0.549229  0.635318  0.702280  0.717686  0.508482  0.783136  0.754184  0.522307  0.823533  0.597508  0.584348  0.636977  0.255796  0.618130  0.586108  0.637827  0.621277  0.606732  0.089042  0.366081  0.668566  0.237720  0.621987  0.924378  0.594875  0.633208  0.650998  0.615548  0.697702  0.625601  0.654553  0.633762  0.562675  0.803088  0.751501  0.591776  0.617977  0.513981  0.640974  0.636931  0.643144  0.593612  0.450069  0.550717  0.597131  0.813359  0.724414  0.561930  0.653939  0.741215  0.635913  0.614322  0.651103  0.548976  0.919168  0.669567  0.654928  0.600690  0.392446  0.442400  0.711914  0.533768  0.588167  0.506516  0.713856  0.624710  0.685864  0.510894  0.672583  0.633123  0.577161  0.427832 
6  0.270581  0.841493  0.844339  0.133708  0.228725  0.587140 0.0  0.361837  0.430163  0.208336  0.146502  0.375242  0.258793  0.788050  0.400988  0.227809  0.768248  0.671537  0.270949  0.466766  0.219765  0.834764  0.331608  0.469012  0.742820  0.802343  0.405515  0.231238  0.329090  0.211821  0.295406  0.318327  0.253139  0.373614  0.877081  0.281598  0.343704  0.700322  0.207556  0.700524  0.788005  0.237290  0.205305  0.089042  0.862895  0.385864  0.218621  0.135689  0.423927  0.412441  0.169712  0.278288  0.095332  0.362145  0.487532  0.355798  0.309323  0.403206  0.492872  0.363680  0.271800  0.196325  0.387477  0.700961  0.361528  0.123504  0.202433  0.711904  0.946384  0.328049  0.261856  0.303329  0.328188  0.377028  0.341785  0.138680  0.262448  0.259400  0.241279  0.832277  0.306491  0.282914  0.737038  0.213143  0.253410  0.227032  0.290523  0.399397  0.639531  0.380847  0.337548  0.325131  0.497389  0.538550  0.134446  0.671280  0.397000  0.877682  0.417519  0.366956  0.357119  0.358012  0.399003  0.411296  0.340408  0.410535  0.372797  0.816081  0.175937  0.238247  0.215169  0.181806  0.208079  0.149520  0.281234  0.178268  0.473903  0.393524  0.302519  0.760639  0.344010  0.089042  0.216084  0.715959  0.202343  0.336688  0.212785  0.451159  0.771296  0.300287  0.346896  0.261297  0.377122  0.430718  0.806963  0.232762  0.323579  0.316699  0.281760  0.616432  0.416602  0.227481  0.800010  0.296134  0.257512  0.147859 
7  0.308757  0.912468  0.793037  0.358000  0.311912  0.632962  0.361837 0.0  0.490366  0.258691  0.294444  0.199621  0.273038  0.840417  0.449079  0.284469  0.766506  0.585619  0.300464  0.396197  0.228100  0.823897  0.206750  0.439849  0.851361  0.788332  0.093689  0.164624  0.090463  0.466874  0.354721  0.264270  0.351566  0.226844  0.844733  0.352819  0.257497  0.718591  0.297493  0.820444  0.781209  0.346723  0.244590  0.263743  0.781831  0.389879  0.324979  0.326676  0.258918  0.124023  0.255055  0.130239  0.276795  0.174241  0.459182  0.109798  0.213735  0.308331  0.431088  0.107868  0.333417  0.282807  0.089042  0.686255  0.292617  0.316808  0.310519  0.861883  0.830577  0.341974  0.260082  0.308339  0.160761  0.392816  0.158862  0.398342  0.311333  0.356029  0.222624  0.937020  0.103298  0.268885  0.804097  0.170475  0.326887  0.359871  0.342961  0.089042  0.637327  0.196010  0.128371  0.203420  0.631122  0.514516  0.433299  0.558674  0.089042  0.994001  0.198829  0.089042  0.214356  0.089042  0.216157  0.292655  0.333427  0.168105  0.175786  0.741683  0.289679  0.305216  0.372637  0.347228  0.327244  0.315377  0.152803  0.274142  0.415385  0.374754  0.304580  0.822496  0.240208  0.310487  0.266978  0.789181  0.311354  0.297964  0.413193  0.487167  0.778099  0.398476  0.142857  0.284425  0.401656  0.412837  0.791465  0.342686  0.105023  0.163552  0.213574  0.580921  0.131551  0.349198  0.710929  0.166647  0.183507  0.231516 
8  0.399683  0.868204  0.877462  0.484786  0.454333  0.574949  0.430163  0.490366 0.0  0.394557  0.447433  0.431504  0.449680  0.808092  0.109431  0.427799  0.835743  0.631903  0.350540  0.361526  0.463029  0.830938  0.403911  0.442502  0.786127  0.810176  0.332162  0.422983  0.337093  0.414185  0.361922  0.393806  0.429362  0.441861  0.880812  0.403771  0.377367  0.777115  0.284844  0.696114  0.812649  0.210832  0.415632  0.418966  0.764179  0.358080  0.397988  0.438918  0.445010  0.446625  0.465658  0.474697  0.480098  0.429272  0.532820  0.456751  0.361183  0.341510  0.434754  0.505702  0.456414  0.449233  0.451060  0.789390  0.420201  0.443166  0.460810  0.785860  0.866355  0.315870  0.425725  0.467762  0.487816  0.107669  0.450650  0.435069  0.514843  0.482057  0.343795  0.883616  0.443577  0.318310  0.736806  0.439394  0.477338  0.423820  0.266312  0.461560  0.594579  0.495172  0.442240  0.467431  0.535710  0.509491  0.377297  0.641556  0.500183  0.884256  0.447075  0.410637  0.417118  0.449237  0.378275  0.300287  0.443666  0.470916  0.448796  0.835703  0.374404  0.467941  0.520269  0.459220  0.436019  0.510354  0.450082  0.468134  0.437875  0.139841  0.447154  0.789090  0.400288  0.349480  0.472839  0.796576  0.510902  0.412468  0.435508  0.542164  0.900204  0.443215  0.453842  0.476434  0.422275  0.352698  0.847673  0.364285  0.480107  0.456048  0.373257  0.619724  0.356040  0.380588  0.720575  0.512706  0.483623  0.323937 
9  0.267518  0.839062  0.865964  0.254175  0.240166  0.653292  0.208336  0.258691  0.394557 0.0  0.328259  0.224174  0.296324  0.757386  0.365060  0.262182  0.598790  0.660531  0.273493  0.415158  0.325407  0.817045  0.205482  0.407472  0.745341  0.734817  0.273052  0.089042  0.176453  0.307608  0.264795  0.224136  0.284425  0.228900  0.878578  0.301101  0.245725  0.678831  0.292831  0.629538  0.653062  0.321844  0.329812  0.300033  0.718685  0.266556  0.329141  0.336398  0.193398  0.287636  0.382822  0.139833  0.285980  0.144299  0.518441  0.206986  0.251894  0.281194  0.500380  0.240612  0.291663  0.273191  0.105749  0.738424  0.233173  0.377412  0.245355  0.844764  0.864744  0.371835  0.254772  0.280603  0.129252  0.367285  0.226762  0.223164  0.333652  0.247565  0.147428  0.806961  0.136194  0.238705  0.803742  0.305211  0.424638  0.302629  0.355462  0.138932  0.719764  0.181324  0.272493  0.210386  0.631100  0.543928  0.239834  0.615194  0.138227  0.804199  0.234138  0.233136  0.144331  0.149418  0.122280  0.219313  0.363520  0.132945  0.208832  0.733109  0.348072  0.344011  0.288224  0.333333  0.311796  0.211635  0.175839  0.285999  0.535262  0.355769  0.207305  0.849930  0.142846  0.350183  0.294165  0.717680  0.334708  0.220177  0.314675  0.484522  0.792674  0.253502  0.107550  0.246716  0.420242  0.496821  0.855580  0.238634  0.089042  0.215324  0.089042  0.649911  0.222120  0.318912  0.636064  0.185332  0.234109  0.326925 
10  0.089042  0.824242  0.864936  0.214916  0.328901  0.628924  0.146502  0.294444  0.447433  0.328259 0.0  0.370732  0.127512  0.855997  0.411708  0.257020  0.703439  0.581141  0.301190  0.453108  0.213536  0.853346  0.325487  0.452301  0.796776  0.767500  0.276650  0.364224  0.301186  0.256562  0.351241  0.261202  0.250561  0.343488  0.805152  0.196813  0.388662  0.735532  0.273168  0.697783  0.768680  0.281667  0.199459  0.255345  0.812605  0.357584  0.230334  0.155264  0.382228  0.300881  0.289552  0.322081  0.203594  0.273546  0.575443  0.377254  0.351205  0.253144  0.464521  0.431289  0.249330  0.326163  0.240904  0.788249  0.343997  0.134481  0.200992  0.666062  0.829643  0.308134  0.121097  0.354752  0.333874  0.445326  0.266177  0.089042  0.208760  0.266759  0.150393  0.768201  0.399925  0.387972  0.697068  0.220369  0.198234  0.218748  0.394132  0.333482  0.587078  0.327736  0.382529  0.242114  0.490091  0.449853  0.131931  0.657028  0.344693  0.957593  0.428535  0.389016  0.398536  0.324938  0.361264  0.400571  0.293768  0.336537  0.407370  0.694991  0.252029  0.265546  0.278762  0.223020  0.335153  0.222234  0.383966  0.298183  0.390850  0.352867  0.312626  0.741862  0.340684  0.170305  0.306474  0.768435  0.193766  0.261498  0.271618  0.479731  0.810957  0.317842  0.508688  0.339050  0.418758  0.332264  0.813126  0.191365  0.257409  0.389200  0.299732  0.567996  0.416787  0.231981  0.662631  0.298734  0.245988  0.300539 
11  0.233870  0.780120  0.842144  0.407159  0.334860  0.595250  0.375242  0.199621  0.431504  0.224174  0.370732 0.0  0.223709  0.737573  0.399520  0.383529  0.702244  0.580476  0.206782  0.386175  0.293970  0.770939  0.205047  0.430085  0.670369  0.787956  0.371011  0.210781  0.185674  0.287571  0.138187  0.265336  0.343289  0.324564  0.809413  0.355639  0.263420  0.652461  0.343414  0.593548  0.708102  0.259711  0.309130  0.323460  0.727282  0.300959  0.224397  0.274677  0.193184  0.158349  0.313226  0.222462  0.365340  0.238123  0.553122  0.209014  0.089042  0.385283  0.429169  0.264225  0.258005  0.258247  0.153143  0.771430  0.236153  0.332697  0.312247  0.737192  0.844826  0.243003  0.349746  0.331221  0.188622  0.341081  0.188429  0.254642  0.335991  0.364765  0.225089  0.890267  0.162308  0.234935  0.760256  0.306417  0.331837  0.296878  0.395501  0.217669  0.584614  0.178707  0.141694  0.216925  0.620606  0.338331  0.435325  0.668151  0.176308  0.932305  0.263946  0.183630  0.242274  0.190136  0.271974  0.226424  0.315471  0.191139  0.134392  0.837497  0.228358  0.275360  0.314010  0.334634  0.319595  0.344360  0.190185  0.375894  0.393939  0.398558  0.383321  0.822627  0.217174  0.336310  0.291118  0.758370  0.292905  0.299542  0.295216  0.396226  0.739244  0.369141  0.247648  0.217977  0.467117  0.475963  0.802756  0.312493  0.178924  0.177071  0.220008  0.645871  0.316474  0.305459  0.707705  0.244732  0.268358  0.161307 
12  0.195808  0.880831  0.764121  0.260019  0.290797  0.543211  0.258793  0.273038  0.449680  0.296324  0.127512  0.223709 0.0  0.825389  0.483773  0.255459  0.746986  0.681534  0.123771  0.424775  0.301191  0.775465  0.182556  0.446678  0.794750  0.794724  0.190874  0.157111  0.227076  0.308106  0.302210  0.300687  0.259041  0.257233  0.807649  0.309764  0.274397  0.708057  0.237849  0.619039  0.782233  0.301691  0.336960  0.197891  0.813526  0.271063  0.258065  0.317378  0.199822  0.328067  0.241526  0.232053  0.221835  0.215455  0.498987  0.237604  0.151330  0.368733  0.418808  0.169403  0.266845  0.316121  0.219312  0.706145  0.205700  0.209850  0.236944  0.692508  0.858514  0.187522  0.357448  0.176927  0.245171  0.408090  0.330651  0.320921  0.210439  0.212313  0.228386  0.875187  0.365764  0.222504  0.710871  0.251559  0.273093  0.248355  0.340037  0.192549  0.631067  0.334592  0.228832  0.221246  0.533235  0.398382  0.249936  0.514903  0.237871  0.798330  0.184751  0.245066  0.224004  0.309431  0.229127  0.212767  0.220102  0.254646  0.182464  0.749197  0.250003  0.287412  0.250652  0.294860  0.305800  0.314152  0.197483  0.177916  0.405253  0.389777  0.255985  0.763273  0.289139  0.168166  0.277036  0.693012  0.263700  0.220170  0.194363  0.433680  0.762485  0.259285  0.309881  0.224046  0.396920  0.428907  0.841220  0.124441  0.295549  0.217285  0.263207  0.587733  0.203566  0.267327  0.686245  0.224650  0.270136  0.153521 
13  0.712568  0.774510  0.740407  0.856233  0.818511  0.763122  0.788050  0.840417  0.808092  0.757386  0.855997  0.737573  0.825389 0.0  0.799502  0.761664  0.649539  0.603075  0.676984  0.738935  0.794562  0.810608  0.761158  0.440889  0.776666  0.743620  0.749148  0.785838  0.737617  0.775850  0.794800  0.734487  0.798808  0.749495  0.834373  0.796828  0.771144  0.782881  0.733923  0.665781  0.802722  0.752826  0.737445  0.805428  0.197284  0.684644  0.777063  0.825824  0.761830  0.814879  0.818697  0.768893  0.895149  0.800977  0.685454  0.735742  0.767450  0.619676  0.450087  0.748509  0.790175  0.681792  0.686683  0.722650  0.867308  0.823931  0.801937  0.781021  0.791135  0.572689  0.894096  0.792894  0.782448  0.846160  0.833144  0.814790  0.839885  0.774113  0.745736  0.735085  0.774666  0.800860  0.781798  0.845516  0.762206  0.787287  0.669423  0.789218  0.687173  0.849092  0.863267  0.718241  0.712964  0.460810  0.814060  0.774012  0.733567  0.819908  0.814567  0.844844  0.847884  0.734226  0.751448  0.789825  0.736982  0.758392  0.701279  0.717637  0.768076  0.763954  0.823409  0.859660  0.838428  0.744865  0.837264  0.694287  0.501587  0.781283  0.860085  0.856978  0.854049  0.733816  0.706318  0.677909  0.807639  0.894800  0.755144  0.766999  0.503484  0.735826  0.764805  0.800226  0.680652  0.836380  0.735202  0.772591  0.711140  0.796988  0.797190  0.714994  0.776574  0.721424  0.718644  0.726741  0.700254  0.759767 
14  0.406261  0.862710  0.785516  0.429062  0.496983  0.538449  0.400988  0.449079  0.109431  0.365060  0.411708  0.399520  0.483773  0.799502 0.0  0.411987  0.651286  0.611388  0.375609  0.527378  0.382368  0.718486  0.381661  0.516217  0.792785  0.815733  0.420712  0.442626  0.375528  0.365315  0.403737  0.340019  0.476072  0.397886  0.848755  0.397914  0.417119  0.690665  0.409588  0.705916  0.774025  0.172724  0.389190  0.365468  0.808847  0.419845  0.381515  0.405855  0.374910  0.413753  0.401907  0.546373  0.436648  0.564226  0.518287  0.459951  0.449008  0.286460  0.508771  0.384284  0.444129  0.469935  0.394966  0.757635  0.335293  0.546146  0.430962  0.766136  0.787348  0.333718  0.457239  0.446031  0.360914  0.184691  0.483597  0.430590  0.467153  0.277599  0.299913  0.721997  0.454667  0.350622  0.784090  0.437963  0.426183  0.351771  0.312860  0.383601  0.677393  0.431452  0.404456  0.394403  0.533816  0.421838  0.296187  0.619243  0.382915  0.870979  0.351474  0.449233  0.371499  0.416245  0.348332  0.303134  0.431513  0.471474  0.313133  0.672499  0.460240  0.395168  0.306207  0.466451  0.427999  0.415688  0.447010  0.378666  0.460971  0.250835  0.424237  0.737621  0.408345  0.438803  0.412872  0.672204  0.482613  0.418567  0.419516  0.440941  0.863994  0.524909  0.422072  0.457117  0.403019  0.359183  0.795439  0.410317  0.436863  0.470979  0.403298  0.681462  0.350065  0.440620  0.706743  0.380999  0.422273  0.272123 
15  0.250378  0.894067  0.822351  0.283244  0.297340  0.683355  0.227809  0.284469  0.427799  0.262182  0.257020  0.383529  0.255459  0.761664  0.411987 0.0  0.702489  0.689532  0.251603  0.461399  0.189224  0.797230  0.377027  0.467303  0.743933  0.838282  0.271810  0.327203  0.302740  0.207200  0.330308  0.236417  0.137590  0.373153  0.883322  0.111950  0.273267  0.681739  0.318963  0.639312  0.793699  0.285395  0.166448  0.217081  0.798008  0.335701  0.176112  0.224893  0.346250  0.385433  0.203832  0.336577  0.355996  0.276098  0.465666  0.358732  0.294034  0.309961  0.402754  0.409509  0.327228  0.240754  0.293669  0.649625  0.406712  0.187009  0.260679  0.785821  0.915181  0.393827  0.221906  0.276779  0.346698  0.370195  0.343048  0.217422  0.213084  0.219121  0.220987  0.685901  0.300921  0.418925  0.707580  0.089042  0.089042  0.089042  0.312812  0.255008  0.668870  0.285486  0.300528  0.304600  0.577221  0.473843  0.199002  0.574321  0.315316  0.865029  0.271724  0.413001  0.306637  0.297871  0.407336  0.315628  0.146625  0.362489  0.348408  0.792087  0.193860  0.089042  0.090849  0.207218  0.151765  0.199381  0.302500  0.142463  0.454493  0.285162  0.127070  0.783289  0.390825  0.341427  0.203857  0.762383  0.205713  0.125273  0.092212  0.424181  0.861342  0.089042  0.301956  0.097526  0.414356  0.466627  0.735448  0.215534  0.287158  0.413357  0.235856  0.553111  0.241929  0.261407  0.665815  0.302760  0.329741  0.173009 
16  0.770029  0.733299  0.756672  0.756278  0.720396  0.662622  0.768248  0.766506  0.835743  0.598790  0.703439  0.702244  0.746986  0.649539  0.651286  0.702489 0.0  0.738147  0.768597  0.752817  0.804537  0.700695  0.673958  0.531683  0.771057  0.614057  0.649803  0.758342  0.714118  0.662058  0.741486  0.760435  0.709956  0.687366  0.723012  0.690467  0.656661  0.672732  0.711517  0.754143  0.722593  0.741759  0.671395  0.761750  0.718046  0.778018  0.723556  0.686901  0.754600  0.680101  0.710282  0.774530  0.681029  0.687327  0.601206  0.732622  0.705395  0.534076  0.440390  0.716898  0.847938  0.774537  0.759290  0.805860  0.707858  0.701242  0.768027  0.786679  0.741518  0.666182  0.645338  0.729232  0.758094  0.686861  0.775250  0.738130  0.758125  0.656065  0.706928  0.813746  0.719733  0.765233  0.704213  0.807579  0.707943  0.698099  0.710159  0.811853  0.306442  0.637596  0.718027  0.675168  0.680153  0.483221  0.658540  0.565826  0.743461  0.753934  0.720284  0.779883  0.794034  0.726684  0.718441  0.680704  0.702767  0.690141  0.763222  0.775474  0.702284  0.862268  0.711365  0.875828  0.765007  0.692973  0.747331  0.716290  0.389412  0.763453  0.785431  0.756969  0.795174  0.688326  0.692820  0.788211  0.747942  0.680530  0.723572  0.718060  0.658936  0.748526  0.751584  0.698123  0.744018  0.707487  0.716434  0.639771  0.784122  0.774376  0.729615  0.550403  0.718304  0.714293  0.750831  0.796572  0.675692  0.737679 
17  0.639985  0.618560  0.678303  0.605846  0.668911  0.687575  0.671537  0.585619  0.631903  0.660531  0.581141  0.580476  0.681534  0.603075  0.611388  0.689532  0.738147 0.0  0.534330  0.674945  0.600081  0.510895  0.710553  0.431779  0.555656  0.493291  0.638131  0.614266  0.669775  0.734469  0.658800  0.673631  0.734416  0.665864  0.708453  0.668185  0.641218  0.616560  0.650052  0.691866  0.650089  0.652589  0.541031  0.618700  0.647144  0.642348  0.517029  0.650376  0.582775  0.658590  0.550612  0.580681  0.560212  0.630891  0.514844  0.564357  0.658433  0.697038  0.413735  0.620374  0.557667  0.691791  0.648124  0.673735  0.618515  0.684420  0.634472  0.565248  0.541715  0.625821  0.636166  0.600840  0.662755  0.603628  0.649576  0.640739  0.677291  0.597408  0.556950  0.600469  0.616419  0.644352  0.598777  0.638315  0.610379  0.664018  0.641298  0.621057  0.563371  0.597736  0.625272  0.669924  0.592534  0.579105  0.698292  0.618289  0.617184  0.516794  0.627361  0.582735  0.620421  0.603314  0.629645  0.609343  0.588910  0.579179  0.676852  0.835033  0.548340  0.629157  0.672775  0.655262  0.625340  0.541493  0.600322  0.572864  0.467468  0.560876  0.498536  0.596128  0.499771  0.577255  0.672591  0.550092  0.690211  0.515901  0.559014  0.620015  0.628175  0.619938  0.709711  0.691679  0.620134  0.583611  0.599581  0.651638  0.675408  0.565688  0.589927  0.688487  0.567073  0.643869  0.566098  0.625462  0.681940  0.652166 
18  0.196692  0.842499  0.823762  0.207034  0.251974  0.573067  0.270949  0.300464  0.350540  0.273493  0.301190  0.206782  0.123771  0.676984  0.375609  0.251603  0.768597  0.534330 0.0  0.333922  0.289755  0.846013  0.228379  0.495160  0.767958  0.830721  0.262329  0.275406  0.194152  0.230823  0.315853  0.296407  0.226711  0.274820  0.770781  0.377458  0.257285  0.832194  0.261785  0.646272  0.741953  0.345817  0.294800  0.259128  0.794911  0.145421  0.254206  0.255442  0.264322  0.265838  0.256469  0.121844  0.217679  0.272429  0.524523  0.287201  0.221052  0.337556  0.436567  0.234584  0.248896  0.186183  0.268553  0.750461  0.236995  0.190918  0.250646  0.792069  0.814680  0.274886  0.152171  0.223797  0.229684  0.284406  0.231324  0.244797  0.225104  0.341383  0.237513  0.899190  0.223379  0.247216  0.820185  0.225276  0.190642  0.264525  0.314144  0.246616  0.617506  0.254981  0.191301  0.205007  0.520129  0.497006  0.227296  0.581264  0.367966  0.753734  0.218956  0.231319  0.239231  0.292307  0.308688  0.136556  0.214816  0.195569  0.297830  0.855296  0.209923  0.275419  0.231533  0.269177  0.235130  0.210185  0.270573  0.245884  0.459381  0.370182  0.316996  0.774865  0.375650  0.237672  0.327335  0.629174  0.297710  0.218055  0.247128  0.489062  0.757553  0.232465  0.273077  0.254468  0.373148  0.430939  0.899393  0.197026  0.175117  0.170358  0.225048  0.578136  0.224342  0.329614  0.701880  0.119650  0.201627  0.261759 
19  0.359484  0.795753  0.638657  0.422719  0.346940  0.222398  0.466766  0.396197  0.361526  0.415158  0.453108  0.386175  0.424775  0.738935  0.527378  0.461399  0.752817  0.674945  0.333922 0.0  0.426476  0.623534  0.543471  0.433176  0.879250  0.789976  0.309622  0.343639  0.437410  0.454741  0.412387  0.487567  0.368540  0.422037  0.778316  0.426684  0.450380  0.586727  0.339555  0.749666  0.671908  0.340366  0.449358  0.426460  0.722158  0.396822  0.472719  0.407475  0.329089  0.416946  0.390154  0.420842  0.397883  0.408672  0.486286  0.507500  0.375278  0.365484  0.414063  0.459171  0.453000  0.374121  0.471077  0.806705  0.388323  0.449416  0.387630  0.667942  0.654936  0.265148  0.546397  0.430566  0.474339  0.457183  0.416490  0.418823  0.573284  0.367155  0.416630  0.721638  0.451783  0.468543  0.817384  0.562850  0.416167  0.379796  0.303233  0.418311  0.648850  0.421325  0.455135  0.404318  0.229312  0.543214  0.357379  0.251681  0.443767  0.817763  0.440309  0.444457  0.374116  0.352264  0.469819  0.457968  0.475609  0.532271  0.384363  0.822523  0.428229  0.419226  0.487152  0.503573  0.472083  0.456706  0.493462  0.460917  0.465402  0.535831  0.374213  0.656476  0.355874  0.286709  0.412419  0.644580  0.402198  0.389743  0.536428  0.409276  0.707030  0.504165  0.407023  0.495474  0.396428  0.436547  0.736042  0.494530  0.517585  0.496042  0.447883  0.624399  0.394170  0.287376  0.802035  0.472068  0.498349  0.421180 
20  0.158637  0.801225  0.837370  0.167330  0.188496  0.604491  0.219765  0.228100  0.463029  0.325407  0.213536  0.293970  0.301191  0.794562  0.382368  0.189224  0.804537  0.600081  0.289755  0.426476 0.0  0.801389  0.315371  0.443849  0.816058  0.787248  0.287999  0.316159  0.213794  0.272623  0.208297  0.257497  0.114744  0.362745  0.916548  0.180320  0.322063  0.747743  0.167709  0.599367  0.741594  0.341918  0.302843  0.132316  0.825867  0.343820  0.099647  0.189949  0.309853  0.323307  0.258027  0.204647  0.166918  0.302669  0.519479  0.325061  0.393836  0.400119  0.361528  0.322382  0.343762  0.364483  0.198357  0.693566  0.279147  0.202860  0.212730  0.809094  0.883381  0.300428  0.265706  0.292049  0.296681  0.456225  0.354464  0.090548  0.204954  0.172933  0.167204  0.776334  0.323346  0.298192  0.683571  0.128262  0.153128  0.168793  0.278932  0.323767  0.581278  0.261500  0.315725  0.346674  0.619006  0.431487  0.097374  0.523076  0.236198  0.883269  0.213543  0.323085  0.248728  0.327764  0.256386  0.290789  0.137968  0.242376  0.182041  0.823791  0.213205  0.138503  0.188784  0.203627  0.193208  0.190029  0.245731  0.190276  0.531928  0.386619  0.109554  0.705265  0.216375  0.118703  0.232996  0.787925  0.231076  0.114885  0.121226  0.536700  0.930492  0.133232  0.313685  0.146137  0.560740  0.312594  0.845892  0.183050  0.271084  0.307251  0.353140  0.596856  0.275390  0.207709  0.757647  0.351951  0.302168  0.220379 
21  0.975782  0.517340  0.528531  0.921682  0.722833  0.768234  0.834764  0.823897  0.830938  0.817045  0.853346  0.770939  0.775465  0.810608  0.718486  0.797230  0.700695  0.510895  0.846013  0.623534  0.801389 0.0  0.752785  0.555031  0.799869  0.786974  0.825157  0.777332  0.896202  0.893950  0.799910  0.848159  0.841570  0.838835  0.089042  0.855254  0.894450  0.605282  0.858456  0.414117  0.684089  0.834374  0.814114  0.906321  0.848344  0.920234  0.800139  0.770027  0.724700  0.783922  0.772466  0.835334  0.903334  0.839369  0.771202  0.802795  0.815721  0.644027  0.458160  0.747039  0.750807  0.745238  0.792863  0.743517  0.924116  0.763572  0.789672  0.215337  0.907160  0.682320  0.778592  0.809545  0.726879  0.824286  0.914514  0.835694  0.781837  0.883898  0.937884  0.315074  0.791287  0.805249  0.843786  0.807069  0.803165  0.772360  0.505755  0.781546  0.707861  0.858258  0.837927  0.812215  0.837192  0.373643  0.869879  0.726465  0.854828  0.612986  0.845683  0.812071  0.858859  0.777626  0.829655  0.720821  0.856080  0.801773  0.907443  0.823798  0.814669  0.848466  0.937388  0.823723  0.796918  0.719196  0.871472  0.848363  0.475105  0.824607  0.837895  0.180315  0.786083  0.787458  0.821554  0.348323  0.831131  0.726627  0.767697  0.852078  0.844772  0.786299  0.806026  0.837289  0.727264  0.652580  0.688733  0.842473  0.780929  0.793492  0.893840  0.659335  0.816832  0.788107  0.705120  0.747734  0.751151  0.794720 
22  0.324594  0.775715  0.840542  0.323314  0.393781  0.561775  0.331608  0.206750  0.403911  0.205482  0.325487  0.205047  0.182556  0.761158  0.381661  0.377027  0.673958  0.710553  0.228379  0.543471  0.315371  0.752785 0.0  0.449646  0.733199  0.758207  0.150136  0.248283  0.179913  0.325232  0.286709  0.339150  0.421315  0.182065  0.813652  0.395347  0.186318  0.691365  0.359250  0.669250  0.707303  0.298702  0.300952  0.351269  0.801935  0.298317  0.211891  0.344170  0.139531  0.227066  0.402765  0.318705  0.338528  0.209520  0.511095  0.150606  0.258492  0.265656  0.487222  0.281034  0.233999  0.261021  0.153538  0.780291  0.106181  0.393988  0.344857  0.695829  0.952830  0.254270  0.356494  0.460399  0.197571  0.463022  0.133217  0.259840  0.345042  0.387039  0.196594  0.801575  0.147804  0.147949  0.769969  0.224443  0.246816  0.226479  0.325866  0.181205  0.575294  0.193545  0.257501  0.116632  0.522707  0.489949  0.365098  0.643562  0.178022  0.888622  0.266751  0.282690  0.177563  0.106162  0.205371  0.199604  0.400895  0.141114  0.204429  0.652274  0.330666  0.344233  0.349788  0.333591  0.388487  0.306875  0.175119  0.335624  0.353546  0.300038  0.345773  0.803769  0.174369  0.332975  0.255752  0.823798  0.290105  0.335606  0.329487  0.506072  0.863677  0.254920  0.089042  0.337901  0.425157  0.430981  0.809032  0.338957  0.182170  0.214866  0.234449  0.611959  0.206235  0.293811  0.669953  0.130091  0.153331  0.190675 
23  0.508709  0.493138  0.468783  0.528269  0.462696  0.492593  0.469012  0.439849  0.442502  0.407472  0.452301  0.430085  0.446678  0.440889  0.516217  0.467303  0.531683  0.431779  0.495160  0.433176  0.443849  0.555031  0.449646 0.0  0.520757  0.338095  0.418448  0.431399  0.416496  0.427522  0.497817  0.408806  0.551890  0.404594  0.416509  0.528961  0.501563  0.417326  0.449682  0.566395  0.407814  0.430084  0.453974  0.502651  0.406547  0.380810  0.398697  0.542712  0.382686  0.465736  0.460672  0.410540  0.521470  0.472611  0.411829  0.389406  0.483586  0.469725  0.332155  0.475702  0.458597  0.423714  0.455175  0.433449  0.444584  0.506403  0.429067  0.351119  0.429827  0.447127  0.474324  0.483143  0.399636  0.411251  0.467615  0.490794  0.361889  0.486079  0.413699  0.511963  0.412629  0.570324  0.536203  0.477629  0.375154  0.404214  0.445126  0.379801  0.479655  0.387145  0.376909  0.415586  0.469498  0.508949  0.448049  0.443885  0.515919  0.408032  0.517311  0.460789  0.446668  0.425868  0.456501  0.415732  0.502304  0.365923  0.510150  0.731648  0.490735  0.494804  0.474116  0.458712  0.433212  0.489572  0.526460  0.445639  0.440740  0.519800  0.468757  0.379069  0.577057  0.351661  0.473145  0.415400  0.431858  0.456416  0.390942  0.493364  0.503711  0.461635  0.390017  0.417969  0.378901  0.559462  0.481316  0.422617  0.474622  0.454786  0.440429  0.464398  0.484158  0.436055  0.444025  0.465812  0.457957  0.491807 
24  0.714902  0.769745  0.725027  0.870293  0.761972  0.830297  0.742820  0.851361  0.786127  0.745341  0.796776  0.670369  0.794750  0.776666  0.792785  0.743933  0.771057  0.555656  0.767958  0.879250  0.816058  0.799869  0.733199  0.520757 0.0  0.089042  0.762552  0.766351  0.702610  0.739274  0.823760  0.795745  0.736174  0.788475  0.728045  0.806519  0.795630  0.430256  0.767759  0.741273  0.453227  0.789885  0.701741  0.772938  0.761635  0.781764  0.702442  0.697599  0.696514  0.785251  0.852435  0.802160  0.780220  0.764364  0.843294  0.728693  0.727680  0.657395  0.420528  0.840634  0.760930  0.785688  0.855363  0.690196  0.776799  0.754859  0.824266  0.778423  0.757596  0.676601  0.776080  0.720355  0.776999  0.886629  0.814522  0.835308  0.726951  0.717923  0.792916  0.844690  0.782002  0.797018  0.831251  0.797289  0.779615  0.809953  0.652283  0.708118  0.656771  0.849124  0.782519  0.854994  0.803465  0.500119  0.647531  0.734013  0.785014  0.646725  0.769154  0.835403  0.915393  0.763109  0.658484  0.683710  0.771557  0.794445  0.789392  0.715340  0.834460  0.694273  0.615075  0.725242  0.777244  0.797203  0.779496  0.775383  0.525734  0.784542  0.716323  0.812943  0.769039  0.694976  0.840991  0.780615  0.856901  0.830223  0.772923  0.890160  0.824513  0.809387  0.795322  0.857482  0.698248  0.647267  0.668524  0.747452  0.752713  0.792842  0.739664  0.280753  0.805329  0.823632  0.746356  0.798829  0.789007  0.770569 
25  0.800222  0.753059  0.852192  0.775292  0.748120  0.696788  0.802343  0.788332  0.810176  0.734817  0.767500  0.787956  0.794724  0.743620  0.815733  0.838282  0.614057  0.493291  0.830721  0.789976  0.787248  0.786974  0.758207  0.338095  0.089042 0.0  0.789031  0.798491  0.816848  0.772623  0.827298  0.836695  0.774466  0.750120  0.810901  0.696756  0.772381  0.439785  0.699598  0.741495  0.414499  0.765243  0.792313  0.805427  0.765922  0.819035  0.699516  0.818838  0.742507  0.725052  0.788118  0.750082  0.692116  0.755697  0.802988  0.796413  0.836448  0.571623  0.422087  0.822494  0.772057  0.921891  0.758690  0.709313  0.777692  0.840378  0.729536  0.713129  0.771240  0.693844  0.843356  0.849571  0.752022  0.841594  0.681577  0.724481  0.748930  0.733312  0.830867  0.731114  0.746226  0.730133  0.707965  0.803443  0.703483  0.857245  0.672926  0.791852  0.571003  0.795335  0.779394  0.784560  0.755598  0.434684  0.797929  0.750880  0.788460  0.669753  0.825282  0.813860  0.785552  0.784626  0.804789  0.856859  0.765595  0.705422  0.798828  0.802682  0.865032  0.722610  0.857244  0.784017  0.682451  0.680338  0.731396  0.789831  0.485138  0.850609  0.749188  0.867395  0.782464  0.762549  0.770985  0.730476  0.802250  0.731921  0.720155  0.833870  0.847771  0.735992  0.817695  0.770529  0.735438  0.764048  0.756026  0.800960  0.698593  0.710828  0.703981  0.280940  0.875315  0.744148  0.730412  0.742045  0.730649  0.793057 
26  0.336210  0.859851  0.749063  0.391290  0.367313  0.729744  0.405515  0.093689  0.332162  0.273052  0.276650  0.371011  0.190874  0.749148  0.420712  0.271810  0.649803  0.638131  0.262329  0.309622  0.287999  0.825157  0.150136  0.418448  0.762552  0.789031 0.0  0.181614  0.319214  0.349140  0.241489  0.240768  0.250700  0.146146  0.843105  0.360075  0.089042  0.701379  0.319835  0.703905  0.726837  0.299559  0.277699  0.354036  0.771914  0.364625  0.335356  0.324902  0.101973  0.176639  0.376012  0.173917  0.291073  0.178978  0.512411  0.209281  0.312470  0.246797  0.470426  0.121345  0.368805  0.240161  0.191303  0.747892  0.173034  0.256276  0.389093  0.760899  0.936103  0.278753  0.369717  0.346039  0.102303  0.497863  0.132662  0.375545  0.288675  0.322710  0.174585  0.812817  0.089042  0.225126  0.724661  0.326565  0.272804  0.280504  0.371618  0.126003  0.585052  0.239043  0.145613  0.089042  0.561697  0.517582  0.416207  0.628305  0.089042  0.816370  0.208532  0.113713  0.176035  0.179174  0.203176  0.148190  0.336339  0.089042  0.120027  0.823911  0.373227  0.398681  0.277747  0.284578  0.249618  0.374631  0.237172  0.329745  0.517721  0.326210  0.347668  0.778041  0.203890  0.295512  0.328763  0.674637  0.307953  0.362914  0.195754  0.554295  0.762805  0.205882  0.089042  0.305861  0.420869  0.385693  0.823604  0.441084  0.164051  0.166815  0.111699  0.568683  0.100462  0.251240  0.703057  0.170501  0.110582  0.103375 
