146
0 0.0  0.732504  0.741085  0.152645  0.196213  0.564859  0.152658  0.251749  0.320055  0.228984  0.098464  0.249165  0.221190  0.711009  0.306486  0.206458  0.811274  0.625168  0.183099  0.434101  0.149777  0.715898  0.261416  0.395518  0.725514  0.731108  0.268467  0.219489  0.263620  0.200268  0.207233  0.181957  0.182790  0.273844  0.766763  0.192347  0.235583  0.577780  0.189766  0.654549  0.697878  0.306190  0.100931  0.148146  0.769502  0.237033  0.194812  0.132788  0.271623  0.240137  0.143739  0.234469  0.097327  0.227925  0.476560  0.284797  0.260971  0.273126  0.448157  0.271341  0.240567  0.218592  0.278538  0.665863  0.262390  0.156843  0.148590  0.645594  0.729313  0.269379  0.134725  0.209290  0.258478  0.367956  0.262075  0.095264  0.178138  0.207850  0.146648  0.781740  0.262400  0.253585  0.553797  0.163284  0.176210  0.184655  0.263489  0.229252  0.686730  0.253492  0.269858  0.235295  0.398358  0.429580  0.118070  0.499050  0.265183  0.879881  0.252218  0.228136  0.226660  0.264304  0.260513  0.272392  0.191538  0.259889  0.275632  0.724562  0.143859  0.167347  0.201213  0.173461  0.188632  0.135029  0.272604  0.184321  0.417511  0.316270  0.177838  0.721313  0.254483  0.142080  0.193742  0.717012  0.137367  0.182376  0.177774  0.485013  0.690563  0.202952  0.223062  0.194497  0.394894  0.382018  0.605082  0.130837  0.283749  0.275922  0.252349  0.516581  0.261055  0.194415  0.635205  0.250698  0.270086  0.165965 
1  0.732504 0.0  0.227656  0.865253  0.846129  0.639167  0.705336  0.835605  0.792940  0.842167  0.712332  0.653022  0.744542  0.641592  0.761833  0.866628  0.580191  0.553413  0.812349  0.610350  0.811582  0.544304  0.844408  0.437826  0.695147  0.723787  0.782545  0.871371  0.716006  0.755450  0.737667  0.787526  0.815563  0.710123  0.504044  0.760476  0.752900  0.670648  0.686518  0.202131  0.592321  0.749838  0.708632  0.797365  0.773622  0.708788  0.729876  0.741538  0.800484  0.828148  0.687474  0.763866  0.539548  0.798492  0.695370  0.640434  0.712038  0.436500  0.413207  0.776972  0.702609  0.792473  0.790829  0.674916  0.854813  0.746161  0.782092  0.362146  0.821685  0.524855  0.668130  0.831553  0.664173  0.664887  0.813165  0.701329  0.663653  0.714985  0.626948  0.437415  0.724295  0.766125  0.701550  0.662446  0.824814  0.779751  0.646195  0.775765  0.661005  0.723883  0.738206  0.830761  0.815463  0.476116  0.837960  0.747409  0.623624  0.350646  0.638818  0.762345  0.789744  0.848362  0.723502  0.771171  0.689743  0.791611  0.740292  0.760018  0.756859  0.761063  0.835331  0.793754  0.717766  0.785190  0.824585  0.702226  0.434620  0.723651  0.765786  0.464725  0.728324  0.687885  0.714719  0.361295  0.796776  0.700062  0.685685  0.725107  0.807227  0.738279  0.807903  0.859421  0.750639  0.706911  0.842581  0.787115  0.834473  0.777520  0.663914  0.553985  0.953783  0.740238  0.656857  0.758770  0.757048  0.681954 
2  0.741085  0.227656 0.0  0.728781  0.710559  0.707811  0.820807  0.712216  0.669174  0.629154  0.956421  0.694806  0.758234  0.633461  0.784559  0.722789  0.650524  0.609622  0.689431  0.665692  0.643280  0.521203  0.763232  0.360079  0.700966  0.767725  0.695235  0.763200  0.817277  0.796599  0.707539  0.644466  0.796089  0.794078  0.488062  0.740485  0.764741  0.733067  0.775752  0.202608  0.706590  0.652501  0.769025  0.833013  0.682136  0.810487  0.666207  0.849869  0.788205  0.766732  0.689399  0.811767  0.717396  0.732804  0.718618  0.581369  0.646456  0.583887  0.478252  0.738954  0.637686  0.773979  0.656648  0.649640  0.746266  0.780413  0.762616  0.442412  0.777047  0.481967  0.768351  0.734898  0.689693  0.789358  0.889568  0.715824  0.832319  0.820081  0.632727  0.461477  0.631679  0.737018  0.726250  0.738171  0.831990  0.744393  0.535842  0.672067  0.491864  0.869903  0.735298  0.722460  0.680693  0.408792  0.712036  0.740558  0.761339  0.309799  0.623652  0.822050  0.750759  0.687086  0.754853  0.747475  0.688004  0.772589  0.722129  0.774264  0.673050  0.751562  0.710307  0.843803  0.821815  0.798261  0.647922  0.732860  0.450660  0.780724  0.794917  0.500572  0.627845  0.692131  0.791195  0.401153  0.739231  0.819780  0.735313  0.697503  0.840653  0.783559  0.840411  0.729168  0.755024  0.642573  0.719499  0.714290  0.713126  0.568179  0.758035  0.498981  0.771227  0.651647  0.728005  0.769906  0.764257  0.772433 
3  0.152645  0.865253  0.728781 0.0  0.184808  0.553415  0.098426  0.233933  0.376666  0.224567  0.144479  0.273280  0.211784  0.764076  0.352033  0.182949  0.768960  0.598463  0.195997  0.371643  0.148543  0.784087  0.253731  0.423499  0.849239  0.635727  0.262142  0.216623  0.237797  0.176901  0.246954  0.202820  0.203273  0.252329  0.764035  0.190202  0.229654  0.735438  0.191845  0.677885  0.682139  0.291085  0.142769  0.096974  0.725548  0.258747  0.187590  0.117106  0.206793  0.236383  0.147279  0.254973  0.148463  0.244113  0.454126  0.254846  0.266880  0.317484  0.409518  0.250882  0.260854  0.246891  0.271997  0.614828  0.273232  0.097667  0.099094  0.711505  0.831515  0.262951  0.139464  0.192544  0.266706  0.305414  0.259026  0.157579  0.160364  0.204256  0.154972  0.831730  0.268437  0.287980  0.726995  0.148045  0.183095  0.167647  0.271393  0.252869  0.537050  0.241426  0.208429  0.244262  0.461114  0.378717  0.146055  0.549316  0.246630  0.644768  0.278759  0.248624  0.238608  0.248117  0.268788  0.265724  0.186439  0.245883  0.275839  0.715127  0.098747  0.175775  0.202848  0.172883  0.196962  0.122322  0.261202  0.198249  0.472833  0.325912  0.187054  0.699221  0.244120  0.097703  0.160485  0.653294  0.141212  0.179736  0.173160  0.497894  0.758657  0.214747  0.261115  0.179526  0.432627  0.364153  0.765428  0.137049  0.236266  0.279426  0.234359  0.567301  0.270514  0.190312  0.602167  0.296895  0.265520  0.172006 
4  0.196213  0.846129  0.710559  0.184808 0.0  0.540175  0.198108  0.252291  0.333449  0.209611  0.207236  0.274473  0.192559  0.734283  0.342818  0.180666  0.592491  0.574527  0.198983  0.437222  0.159205  0.732217  0.240968  0.443731  0.702921  0.656432  0.243778  0.230372  0.268755  0.153364  0.239877  0.143345  0.189879  0.243012  0.739969  0.187402  0.257775  0.645814  0.141707  0.606186  0.623988  0.257719  0.186742  0.209452  0.780787  0.237319  0.182325  0.184257  0.287691  0.246994  0.183143  0.281569  0.200626  0.233303  0.472169  0.271172  0.247177  0.277406  0.464673  0.233333  0.251348  0.217963  0.300182  0.776658  0.277763  0.194439  0.194023  0.751738  0.698598  0.281880  0.178561  0.152038  0.266174  0.324810  0.264849  0.186771  0.132092  0.097149  0.155941  0.770781  0.272906  0.246095  0.778000  0.151857  0.191143  0.204817  0.245867  0.247885  0.568776  0.262659  0.263854  0.274125  0.455718  0.438218  0.182841  0.528642  0.280855  0.852670  0.254464  0.252889  0.231601  0.234193  0.245504  0.221841  0.206878  0.282350  0.263182  0.781864  0.186856  0.184199  0.178904  0.140161  0.096482  0.166607  0.280527  0.115727  0.440129  0.282213  0.204138  0.716454  0.280777  0.194169  0.160200  0.726705  0.159307  0.192367  0.163699  0.401140  0.767943  0.186747  0.265749  0.162699  0.420965  0.355748  0.755052  0.163107  0.238635  0.262018  0.223621  0.515777  0.247717  0.155852  0.691230  0.285009  0.274540  0.165003 
5  0.564859  0.639167  0.707811  0.553415  0.540175 0.0  0.531456  0.458263  0.520282  0.545506  0.524838  0.540587  0.488765  0.724129  0.497383  0.499184  0.687059  0.596108  0.543454  0.194187  0.524275  0.724357  0.493688  0.427983  0.709265  0.751063  0.608098  0.460005  0.675258  0.494691  0.495521  0.532765  0.443809  0.530517  0.680802  0.460819  0.450761  0.636343  0.535616  0.632464  0.668259  0.426474  0.549934  0.507756  0.764542  0.463418  0.560204  0.525686  0.503613  0.533928  0.549279  0.522050  0.522596  0.457067  0.429038  0.539929  0.526313  0.275324  0.360421  0.592289  0.479168  0.517530  0.531462  0.561623  0.597917  0.530276  0.499633  0.725606  0.798623  0.262143  0.536150  0.426907  0.536767  0.447394  0.577176  0.499142  0.503612  0.515947  0.432204  0.828297  0.518974  0.435785  0.703868  0.443745  0.515564  0.519314  0.304470  0.558115  0.592438  0.602930  0.433373  0.491462  0.127051  0.426903  0.541732  0.142786  0.609700  0.824824  0.570647  0.575880  0.553438  0.491173  0.596265  0.511904  0.504285  0.549526  0.474481  0.712715  0.496582  0.455204  0.549252  0.548090  0.476025  0.497138  0.479545  0.499113  0.432401  0.488386  0.494067  0.797874  0.563735  0.512332  0.508106  0.666044  0.556577  0.540113  0.409477  0.442234  0.746845  0.610836  0.522558  0.492182  0.407687  0.359066  0.730744  0.514135  0.523314  0.499572  0.465326  0.526411  0.569062  0.584714  0.623871  0.508980  0.538847  0.456172 
6  0.152658  0.705336  0.820807  0.098426  0.198108  0.531456 0.0  0.269611  0.345683  0.237707  0.166467  0.228591  0.198690  0.646377  0.364025  0.194744  0.688546  0.537388  0.229708  0.393561  0.146419  0.729468  0.268891  0.427351  0.655490  0.713881  0.287843  0.238049  0.271430  0.161842  0.250875  0.197765  0.213230  0.278764  0.739197  0.192977  0.240774  0.574638  0.184895  0.716716  0.583412  0.271749  0.139774  0.093468  0.666428  0.223763  0.173041  0.113074  0.271221  0.234917  0.153313  0.262287  0.146393  0.233768  0.421478  0.265062  0.263743  0.281497  0.512542  0.254046  0.249871  0.228731  0.252342  0.769021  0.252778  0.096643  0.096378  0.505682  0.739772  0.273750  0.140207  0.196753  0.254893  0.333449  0.272535  0.155759  0.203484  0.187911  0.163207  0.614955  0.237253  0.250110  0.824520  0.180316  0.178698  0.205724  0.285883  0.236279  0.614924  0.252142  0.243858  0.213141  0.539223  0.411618  0.158001  0.625931  0.254170  0.776435  0.260995  0.261514  0.250050  0.271147  0.287245  0.277472  0.217420  0.256926  0.268103  0.673920  0.098672  0.180933  0.206805  0.166070  0.187485  0.129484  0.251266  0.179104  0.445587  0.308639  0.197567  0.774071  0.237793  0.107448  0.222622  0.586672  0.138978  0.211912  0.180619  0.484022  0.768928  0.179071  0.279724  0.167869  0.351100  0.365400  0.768559  0.135887  0.276846  0.267393  0.232778  0.559666  0.268686  0.212394  0.665271  0.254471  0.284765  0.158741 
7  0.251749  0.835605  0.712216  0.233933  0.252291  0.458263  0.269611 0.0  0.396114  0.156572  0.234765  0.183668  0.195370  0.747934  0.333483  0.236181  0.676248  0.609428  0.210043  0.406617  0.229732  0.805821  0.138242  0.441932  0.711953  0.697419  0.096365  0.158401  0.142723  0.252233  0.162608  0.254296  0.242098  0.140992  0.809016  0.275458  0.107710  0.647970  0.269159  0.733682  0.731316  0.271661  0.243897  0.276688  0.822085  0.276372  0.247141  0.209275  0.143664  0.140870  0.265468  0.200497  0.239403  0.172097  0.380134  0.095393  0.176365  0.251635  0.453768  0.095450  0.254413  0.237659  0.096271  0.727500  0.163396  0.227330  0.246713  0.665715  0.791501  0.301361  0.244464  0.259271  0.148731  0.299444  0.151557  0.259192  0.246120  0.281784  0.149314  0.703165  0.084407  0.154821  0.745924  0.217849  0.254980  0.244612  0.282618  0.098758  0.582738  0.145054  0.143298  0.119322  0.605820  0.408752  0.260657  0.494404  0.084407  0.809712  0.142918  0.096512  0.140419  0.084407  0.143452  0.141359  0.278271  0.119163  0.084407  0.797010  0.254187  0.249288  0.259906  0.266002  0.240865  0.251962  0.141262  0.268834  0.406879  0.315637  0.264530  0.674134  0.142802  0.255753  0.232045  0.638862  0.266129  0.254912  0.217275  0.430695  0.779442  0.259441  0.097473  0.232838  0.366149  0.382327  0.738534  0.259859  0.140356  0.141494  0.154484  0.552146  0.115490  0.257735  0.646169  0.161491  0.149144  0.162705 
8  0.320055  0.792940  0.669174  0.376666  0.333449  0.520282  0.345683  0.396114 0.0  0.303924  0.331642  0.332787  0.281214  0.806896  0.116654  0.358570  0.647054  0.523247  0.275504  0.405319  0.361998  0.729813  0.338092  0.450347  0.801645  0.815646  0.331845  0.364971  0.372144  0.309545  0.300084  0.310037  0.330540  0.348248  0.754709  0.382834  0.320073  0.616092  0.325598  0.695690  0.731869  0.156845  0.348880  0.307381  0.631142  0.331142  0.393668  0.375855  0.351888  0.371108  0.321375  0.363060  0.359184  0.375312  0.458468  0.365534  0.313450  0.272720  0.402042  0.320342  0.386396  0.343589  0.364186  0.591052  0.370523  0.371443  0.418216  0.707367  0.697328  0.303718  0.352349  0.344290  0.344381  0.115034  0.347676  0.328830  0.367380  0.340030  0.250372  0.722031  0.359901  0.349729  0.739947  0.334762  0.342812  0.358377  0.276159  0.370061  0.617288  0.403760  0.360887  0.327033  0.491920  0.417435  0.331401  0.598889  0.334140  0.790361  0.321563  0.403392  0.343117  0.370638  0.391752  0.364759  0.344959  0.342127  0.303883  0.720262  0.330326  0.335062  0.339353  0.340513  0.328225  0.291976  0.346361  0.303033  0.456243  0.217369  0.396433  0.738889  0.313036  0.343712  0.379876  0.645200  0.364951  0.407086  0.353484  0.468010  0.713162  0.362250  0.350255  0.404172  0.352655  0.372172  0.678318  0.338202  0.314364  0.339779  0.324630  0.520016  0.408405  0.361147  0.667096  0.370584  0.336120  0.256612 
9  0.228984  0.842167  0.629154  0.224567  0.209611  0.545506  0.237707  0.156572  0.303924 0.0  0.236438  0.163520  0.204275  0.726913  0.338196  0.246017  0.719387  0.553506  0.197509  0.404753  0.233090  0.738713  0.155229  0.459935  0.784497  0.675879  0.151478  0.114997  0.157484  0.215512  0.156860  0.227230  0.226217  0.166093  0.714440  0.244481  0.171688  0.659200  0.237015  0.569269  0.708610  0.285931  0.225153  0.241445  0.658972  0.248098  0.224248  0.239066  0.179748  0.169788  0.230917  0.153596  0.250577  0.111125  0.475669  0.160863  0.152234  0.277726  0.463401  0.180311  0.244560  0.230605  0.157507  0.656692  0.150248  0.229973  0.205073  0.678890  0.649717  0.256077  0.235604  0.213912  0.153827  0.357583  0.145943  0.232594  0.232110  0.245601  0.164001  0.701908  0.161385  0.148148  0.735375  0.228115  0.239634  0.246446  0.262560  0.154389  0.549597  0.156194  0.159943  0.173157  0.487077  0.400588  0.242862  0.519188  0.157054  0.738442  0.153887  0.159216  0.158232  0.153465  0.161129  0.168098  0.225199  0.170884  0.154723  0.719562  0.244839  0.232024  0.238034  0.225823  0.227931  0.216212  0.148339  0.221206  0.413001  0.343793  0.233788  0.708987  0.157402  0.248282  0.220428  0.759252  0.204604  0.207495  0.232135  0.432573  0.704139  0.220972  0.167965  0.218266  0.387548  0.388306  0.718649  0.213484  0.166011  0.158771  0.119785  0.570514  0.160236  0.241098  0.710604  0.169373  0.163874  0.154679 
10  0.098464  0.712332  0.956421  0.144479  0.207236  0.524838  0.166467  0.234765  0.331642  0.236438 0.0  0.256766  0.196753  0.649474  0.329303  0.194220  0.689347  0.563580  0.192032  0.381895  0.161498  0.767167  0.223650  0.445349  0.700657  0.799425  0.242836  0.229415  0.284706  0.191063  0.219951  0.205134  0.208819  0.281171  0.681516  0.195876  0.263436  0.595100  0.193458  0.714478  0.579222  0.276419  0.103959  0.156012  0.774730  0.233169  0.188136  0.152549  0.250067  0.256201  0.139705  0.255347  0.092503  0.223961  0.466688  0.250836  0.264650  0.296930  0.424768  0.268063  0.257520  0.224471  0.297648  0.683621  0.231656  0.148381  0.139462  0.767847  0.787153  0.313350  0.149680  0.203310  0.245148  0.325594  0.304794  0.084407  0.171210  0.193042  0.156945  0.790687  0.260859  0.247980  0.739015  0.153424  0.181021  0.193171  0.269084  0.250869  0.676778  0.274846  0.250962  0.234579  0.485582  0.446136  0.118194  0.543608  0.240771  0.650641  0.264650  0.276902  0.277337  0.259222  0.244497  0.250983  0.198354  0.224383  0.255603  0.802024  0.143320  0.199635  0.188161  0.183037  0.186064  0.132157  0.239441  0.166491  0.442999  0.244985  0.203189  0.830614  0.248070  0.158763  0.193398  0.557584  0.130326  0.181885  0.171567  0.438651  0.720116  0.192744  0.272623  0.162840  0.337881  0.363256  0.756774  0.133057  0.253042  0.266998  0.234789  0.598569  0.297347  0.188416  0.715138  0.255513  0.251098  0.151877 
11  0.249165  0.653022  0.694806  0.273280  0.274473  0.540587  0.228591  0.183668  0.332787  0.163520  0.256766 0.0  0.191046  0.565957  0.305255  0.230292  0.595670  0.501859  0.214361  0.459147  0.219678  0.951679  0.173658  0.407466  0.578344  0.709384  0.178391  0.151847  0.173752  0.235514  0.140485  0.237215  0.236586  0.170480  0.555454  0.254698  0.164223  0.669997  0.252749  0.642901  0.643176  0.302415  0.230848  0.270461  0.721739  0.231665  0.266533  0.257374  0.177047  0.177220  0.245195  0.104695  0.238163  0.158635  0.478623  0.182796  0.100273  0.310663  0.462777  0.187172  0.240600  0.225707  0.169737  0.682711  0.176937  0.253683  0.243031  0.740105  0.719891  0.265780  0.237653  0.203479  0.166074  0.355766  0.178919  0.221136  0.266952  0.266875  0.164021  0.776638  0.177431  0.174440  0.738199  0.227441  0.243740  0.255808  0.285326  0.181909  0.572633  0.171504  0.166534  0.158003  0.551563  0.436465  0.258529  0.457176  0.167748  0.703586  0.183276  0.176898  0.183497  0.172036  0.178048  0.172680  0.253476  0.181704  0.170448  0.826232  0.257920  0.247877  0.247103  0.239635  0.253540  0.223655  0.190720  0.252718  0.431037  0.319213  0.218293  0.661102  0.152319  0.207913  0.233913  0.664870  0.265204  0.262200  0.243104  0.424418  0.824346  0.248125  0.163770  0.254925  0.377689  0.450103  0.704529  0.242484  0.160146  0.175999  0.159542  0.685305  0.174800  0.240786  0.669432  0.203657  0.180644  0.142602 
12  0.221190  0.744542  0.758234  0.211784  0.192559  0.488765  0.198690  0.195370  0.281214  0.204275  0.196753  0.191046 0.0  0.714337  0.303241  0.182311  0.691584  0.631401  0.127721  0.370556  0.192832  0.687455  0.194230  0.412639  0.734536  0.700221  0.208743  0.205727  0.203496  0.223263  0.216859  0.188753  0.199349  0.194538  0.708733  0.200542  0.194175  0.627561  0.205393  0.638560  0.629615  0.257142  0.193578  0.206587  0.704229  0.218321  0.211093  0.189070  0.218320  0.208750  0.235618  0.213844  0.223257  0.226545  0.402898  0.207744  0.222711  0.302589  0.416711  0.198890  0.199467  0.205322  0.179008  0.737364  0.212288  0.192457  0.194731  0.617282  0.667202  0.336941  0.205694  0.186980  0.182882  0.283356  0.215894  0.200394  0.203781  0.203458  0.158126  0.784574  0.206990  0.181972  0.790674  0.203086  0.184961  0.195698  0.258488  0.194676  0.657909  0.210650  0.204528  0.194378  0.527554  0.442178  0.214805  0.487281  0.207141  0.737899  0.185846  0.197463  0.221785  0.219096  0.207606  0.215112  0.181563  0.179601  0.199233  0.589934  0.214515  0.211120  0.199000  0.204092  0.203162  0.193206  0.197266  0.176235  0.444811  0.314214  0.200305  0.727429  0.178441  0.199283  0.219760  0.663232  0.217647  0.188727  0.209782  0.427653  0.847232  0.213900  0.198822  0.205159  0.356192  0.328473  0.760244  0.195858  0.206659  0.213743  0.200299  0.644732  0.211898  0.190966  0.662504  0.206630  0.205933  0.162645 
13  0.711009  0.641592  0.633461  0.764076  0.734283  0.724129  0.646377  0.747934  0.806896  0.726913  0.649474  0.565957  0.714337 0.0  0.605863  0.666842  0.692493  0.593873  0.769610  0.568339  0.734180  0.694312  0.808756  0.402566  0.656420  0.756157  0.723812  0.703102  0.753214  0.750634  0.800548  0.763517  0.765377  0.801782  0.714000  0.765548  0.834443  0.630483  0.661853  0.682277  0.665310  0.717786  0.593265  0.741659  0.159141  0.593576  0.669346  0.768656  0.655340  0.742697  0.654685  0.666641  0.694996  0.584848  0.693998  0.659599  0.909103  0.643448  0.445805  0.842214  0.653563  0.646707  0.766107  0.579563  0.697041  0.715605  0.765389  0.883321  0.732615  0.495812  0.684484  0.741343  0.601386  0.653378  0.652005  0.741083  0.682374  0.676470  0.715435  0.658463  0.939109  0.704601  0.681842  0.620928  0.731973  0.700713  0.639146  0.677509  0.586329  0.750596  0.769222  0.668638  0.806378  0.451182  0.703855  0.724798  0.718287  0.679406  0.620315  0.676005  0.717227  0.660462  0.710576  0.681364  0.750865  0.609264  0.667394  0.785423  0.737278  0.789732  0.721685  0.832358  0.822933  0.761059  0.685072  0.724789  0.480982  0.745061  0.716159  0.762920  0.711178  0.632415  0.728094  0.705731  0.727810  0.822639  0.746279  0.717018  0.424432  0.696332  0.730386  0.756489  0.695498  0.691485  0.640561  0.787925  0.700159  0.732114  0.757046  0.565811  0.691207  0.664451  0.592895  0.670712  0.668922  0.729583 
14  0.306486  0.761833  0.784559  0.352033  0.342818  0.497383  0.364025  0.333483  0.116654  0.338196  0.329303  0.305255  0.303241  0.605863 0.0  0.338479  0.723439  0.622667  0.326998  0.373951  0.335690  0.672265  0.374577  0.459991  0.885844  0.630731  0.322387  0.292707  0.365228  0.298530  0.349379  0.336282  0.332565  0.330459  0.614204  0.316392  0.357348  0.728028  0.330560  0.662575  0.625733  0.151758  0.349728  0.344053  0.678558  0.352291  0.310299  0.315905  0.346949  0.341603  0.361777  0.319368  0.353512  0.351230  0.363551  0.282523  0.317239  0.311267  0.394060  0.333255  0.315021  0.306929  0.311918  0.618296  0.344636  0.320777  0.329726  0.671802  0.682160  0.309003  0.338577  0.318272  0.365935  0.113624  0.347776  0.374166  0.333982  0.319710  0.306878  0.786024  0.337696  0.376333  0.788335  0.346780  0.334833  0.334049  0.272805  0.339576  0.525180  0.297081  0.345993  0.360808  0.521300  0.413634  0.326296  0.517429  0.361942  0.685094  0.333489  0.347294  0.326414  0.370201  0.333115  0.338516  0.333088  0.336601  0.290762  0.774408  0.314811  0.327141  0.335144  0.353183  0.339308  0.298822  0.334406  0.311125  0.405652  0.212989  0.400915  0.643739  0.331556  0.338894  0.361121  0.662050  0.346470  0.358586  0.348355  0.462625  0.837805  0.354063  0.310710  0.331584  0.416295  0.368030  0.738564  0.325167  0.311688  0.350409  0.349371  0.516412  0.370884  0.366674  0.554722  0.307867  0.330508  0.240741 
15  0.206458  0.866628  0.722789  0.182949  0.180666  0.499184  0.194744  0.236181  0.358570  0.246017  0.194220  0.230292  0.182311  0.666842  0.338479 0.0  0.651630  0.514258  0.205334  0.344872  0.116324  0.844257  0.236203  0.436783  0.701870  0.750040  0.241937  0.218244  0.228620  0.197532  0.224105  0.201051  0.098293  0.245783  0.733183  0.097127  0.228139  0.570663  0.152829  0.560113  0.628689  0.286065  0.185203  0.170718  0.718750  0.262435  0.096298  0.191633  0.248762  0.253152  0.188217  0.257040  0.178246  0.223414  0.422322  0.260156  0.262914  0.274704  0.417462  0.250607  0.247259  0.212955  0.256852  0.628685  0.247514  0.178763  0.189654  0.776311  0.667304  0.270922  0.173859  0.193362  0.260713  0.362377  0.260005  0.205976  0.177537  0.198042  0.150185  0.764772  0.259961  0.270332  0.742910  0.116313  0.105412  0.097321  0.265881  0.266071  0.545143  0.244455  0.270195  0.216998  0.481779  0.431079  0.200749  0.484337  0.234326  0.789632  0.274452  0.266720  0.280592  0.241431  0.233589  0.281029  0.096923  0.253051  0.238041  0.817222  0.201013  0.097376  0.097084  0.180062  0.176406  0.186295  0.258319  0.201631  0.442674  0.321941  0.097936  0.667677  0.263881  0.195975  0.185514  0.682847  0.177660  0.096448  0.104040  0.451675  0.703183  0.100002  0.273702  0.103396  0.334819  0.403528  0.660437  0.184408  0.249060  0.273351  0.247906  0.588700  0.247661  0.191785  0.715979  0.257688  0.279005  0.158524 
16  0.811274  0.580191  0.650524  0.768960  0.592491  0.687059  0.688546  0.676248  0.647054  0.719387  0.689347  0.595670  0.691584  0.692493  0.723439  0.651630 0.0  0.649482  0.646748  0.662784  0.712663  0.699530  0.594193  0.461005  0.727728  0.686554  0.583085  0.776811  0.750938  0.684865  0.691292  0.695479  0.647022  0.618300  0.743271  0.609623  0.631236  0.693495  0.720349  0.688606  0.556916  0.619013  0.536523  0.559263  0.742093  0.701885  0.586383  0.676845  0.751612  0.554376  0.602772  0.652448  0.681209  0.720465  0.614675  0.649500  0.634696  0.612434  0.427452  0.637458  0.572681  0.676293  0.655001  0.701076  0.685326  0.657071  0.720765  0.659005  0.655002  0.551754  0.591252  0.557212  0.649330  0.669204  0.646243  0.697709  0.591979  0.703276  0.822891  0.654580  0.703231  0.566470  0.629119  0.712528  0.659178  0.676138  0.588311  0.712431  0.263013  0.576553  0.688130  0.668775  0.647293  0.413567  0.592542  0.659693  0.606482  0.628231  0.720813  0.709640  0.647496  0.702383  0.734693  0.678105  0.847716  0.719660  0.720690  0.831120  0.678156  0.656570  0.680019  0.693434  0.739988  0.682294  0.667619  0.621132  0.429146  0.745859  0.678755  0.640233  0.643194  0.726658  0.721196  0.552188  0.822462  0.749534  0.736190  0.628688  0.648302  0.657595  0.643389  0.731410  0.664505  0.708849  0.561532  0.667398  0.659198  0.690914  0.713233  0.616558  0.626420  0.677517  0.745505  0.631854  0.766300  0.695866 
17  0.625168  0.553413  0.609622  0.598463  0.574527  0.596108  0.537388  0.609428  0.523247  0.553506  0.563580  0.501859  0.631401  0.593873  0.622667  0.514258  0.649482 0.0  0.586777  0.624466  0.611763  0.643338  0.567863  0.434823  0.463291  0.621227  0.572915  0.598347  0.565025  0.629056  0.697166  0.727867  0.621502  0.488803  0.577142  0.579791  0.738816  0.610633  0.498488  0.523926  0.567761  0.556091  0.586049  0.603297  0.516137  0.487502  0.552002  0.582266  0.584808  0.600243  0.530567  0.632688  0.569449  0.555407  0.536823  0.549965  0.522522  0.594025  0.394126  0.571752  0.574487  0.578915  0.568986  0.582188  0.585010  0.595720  0.689168  0.634830  0.562544  0.593956  0.592429  0.557031  0.618203  0.622393  0.621927  0.599155  0.572479  0.626910  0.591844  0.562142  0.563416  0.669869  0.569915  0.610104  0.566677  0.594645  0.611488  0.537864  0.577910  0.599273  0.561593  0.507786  0.571180  0.428051  0.573359  0.735722  0.619145  0.636273  0.627551  0.568680  0.590219  0.544514  0.561146  0.684219  0.604446  0.544301  0.551378  0.852620  0.653071  0.530025  0.589689  0.684488  0.566804  0.641143  0.506477  0.537993  0.406324  0.561189  0.613417  0.507021  0.593094  0.580382  0.480552  0.602947  0.573793  0.573220  0.652848  0.551613  0.564622  0.543885  0.580278  0.528161  0.643624  0.623073  0.576207  0.547689  0.532608  0.552695  0.609283  0.585095  0.620996  0.648275  0.703806  0.614079  0.572475  0.503245 
18  0.183099  0.812349  0.689431  0.195997  0.198983  0.543454  0.229708  0.210043  0.275504  0.197509  0.192032  0.214361  0.127721  0.769610  0.326998  0.205334  0.646748  0.586777 0.0  0.356373  0.219217  0.870784  0.191946  0.388731  0.670700  0.655696  0.192437  0.206959  0.210159  0.197756  0.217331  0.204119  0.179762  0.201460  0.783101  0.219467  0.200227  0.524965  0.206647  0.679818  0.634568  0.284147  0.209619  0.223511  0.728069  0.215116  0.192489  0.190026  0.207358  0.198321  0.208047  0.190196  0.191323  0.208928  0.396035  0.218139  0.180885  0.316810  0.423831  0.203230  0.208056  0.185117  0.203521  0.677243  0.223226  0.224220  0.189295  0.749883  0.718087  0.296631  0.212085  0.210049  0.194287  0.330622  0.216585  0.218752  0.201173  0.182351  0.167710  0.704054  0.212308  0.199832  0.676886  0.186615  0.197190  0.195655  0.275837  0.222905  0.567914  0.229183  0.214725  0.209860  0.487367  0.449889  0.205808  0.380052  0.206185  0.632357  0.208774  0.201348  0.194807  0.231721  0.197835  0.205295  0.201989  0.184832  0.197264  0.801710  0.205136  0.207270  0.188260  0.195167  0.215200  0.202864  0.205572  0.222742  0.431020  0.320920  0.186805  0.594728  0.185942  0.199883  0.197400  0.596349  0.196491  0.185826  0.178308  0.425652  0.773002  0.202392  0.201989  0.190990  0.421981  0.427173  0.858486  0.181692  0.228398  0.209919  0.196026  0.606771  0.204020  0.208228  0.673672  0.205045  0.197995  0.149715 
19  0.434101  0.610350  0.665692  0.371643  0.437222  0.194187  0.393561  0.406617  0.405319  0.404753  0.381895  0.459147  0.370556  0.568339  0.373951  0.344872  0.662784  0.624466  0.356373 0.0  0.410783  0.750401  0.362250  0.392068  0.560037  0.563964  0.437160  0.397683  0.370403  0.346611  0.401422  0.391867  0.384171  0.396895  0.596557  0.322938  0.350723  0.705593  0.350129  0.612332  0.714153  0.448383  0.345112  0.414446  0.652920  0.304512  0.378780  0.394959  0.395620  0.366260  0.379522  0.445522  0.397943  0.380875  0.407647  0.385318  0.375812  0.294262  0.412799  0.363358  0.385328  0.352346  0.358664  0.618355  0.371520  0.389566  0.363634  0.672381  0.688197  0.243998  0.341249  0.399635  0.421803  0.349445  0.384607  0.384851  0.336484  0.400212  0.407943  0.627296  0.359706  0.387203  0.692175  0.392528  0.394044  0.370190  0.300186  0.321363  0.540696  0.388101  0.341509  0.362184  0.201333  0.406859  0.416955  0.206601  0.359784  0.748892  0.339248  0.360084  0.400170  0.351976  0.362411  0.302109  0.426326  0.343605  0.353253  0.785336  0.405351  0.424739  0.360718  0.400695  0.408601  0.399684  0.350424  0.383226  0.393525  0.342324  0.416189  0.542977  0.386906  0.399458  0.340071  0.681536  0.366176  0.380952  0.382398  0.386199  0.599253  0.347911  0.354452  0.370265  0.389998  0.399775  0.608785  0.381602  0.419344  0.422776  0.363013  0.502012  0.395365  0.359422  0.605976  0.434249  0.440118  0.388821 
20  0.149777  0.811582  0.643280  0.148543  0.159205  0.524275  0.146419  0.229732  0.361998  0.233090  0.161498  0.219678  0.192832  0.734180  0.335690  0.116324  0.712663  0.611763  0.219217  0.410783 0.0  0.786479  0.234871  0.462368  0.637084  0.764363  0.239954  0.247647  0.241822  0.159809  0.221364  0.162193  0.117600  0.257849  0.891761  0.112159  0.217540  0.729387  0.162721  0.662847  0.693311  0.294602  0.160152  0.178037  0.699811  0.233782  0.119271  0.166493  0.217158  0.230468  0.153560  0.234281  0.167114  0.191469  0.440924  0.222315  0.231612  0.280266  0.426902  0.243650  0.245865  0.214338  0.218365  0.698585  0.237145  0.155069  0.162515  0.638681  0.868806  0.282828  0.157696  0.161032  0.217131  0.360853  0.221430  0.168189  0.154308  0.156962  0.154168  0.793246  0.230289  0.234492  0.713514  0.113400  0.109798  0.115781  0.240967  0.217677  0.666639  0.222296  0.228982  0.216380  0.478764  0.434918  0.166624  0.498302  0.226327  0.784481  0.238621  0.220535  0.228949  0.238904  0.226996  0.222609  0.111901  0.244702  0.238965  0.728741  0.175338  0.115092  0.117180  0.166917  0.156775  0.167793  0.242652  0.162279  0.432878  0.298519  0.109860  0.646113  0.217489  0.164470  0.150810  0.654029  0.163097  0.110294  0.120468  0.459044  0.672649  0.108135  0.250600  0.114330  0.438242  0.383430  0.762413  0.149049  0.221984  0.235740  0.247303  0.524862  0.198307  0.152492  0.712340  0.240908  0.215130  0.164703 
21  0.715898  0.544304  0.521203  0.784087  0.732217  0.724357  0.729468  0.805821  0.729813  0.738713  0.767167  0.951679  0.687455  0.694312  0.672265  0.844257  0.699530  0.643338  0.870784  0.750401  0.786479 0.0  0.871645  0.432264  0.605918  0.686475  0.725629  0.839647  0.808419  0.742600  0.741904  0.670468  0.833167  0.752665  0.128371  0.842942  0.662656  0.763571  0.692692  0.389754  0.514446  0.582380  0.653759  0.727854  0.680875  0.716953  0.687200  0.778404  0.782126  0.789386  0.820703  0.795748  0.787801  0.774722  0.624664  0.740606  0.853640  0.585974  0.401074  0.635744  0.730424  0.808449  0.723308  0.614716  0.824250  0.872464  0.633640  0.161660  0.721712  0.609180  0.668442  0.825374  0.642536  0.735384  0.732730  0.695526  0.793304  0.788358  0.675526  0.300387  0.842215  0.770761  0.679491  0.745479  0.684604  0.754592  0.628423  0.740013  0.621084  0.759781  0.776208  0.660572  0.728703  0.428211  0.729319  0.643954  0.761542  0.488426  0.606484  0.654604  0.734600  0.866548  0.644564  0.723943  0.845533  0.618228  0.828044  0.676442  0.746843  0.873178  0.786210  0.829679  0.679001  0.717056  0.829279  0.798129  0.425372  0.812986  0.826813  0.150617  0.847107  0.691506  0.693281  0.299783  0.679963  0.708502  0.685506  0.683365  0.728131  0.628330  0.718170  0.735958  0.575882  0.689147  0.733712  0.710317  0.667003  0.744977  0.724591  0.626559  0.663795  0.726639  0.636879  0.600186  0.827422  0.747096 
22  0.261416  0.844408  0.763232  0.253731  0.240968  0.493688  0.268891  0.138242  0.338092  0.155229  0.223650  0.173658  0.194230  0.808756  0.374577  0.236203  0.594193  0.567863  0.191946  0.362250  0.234871  0.871645 0.0  0.459431  0.668243  0.741091  0.148360  0.154291  0.140597  0.284411  0.181128  0.251954  0.286258  0.154083  0.803379  0.257651  0.118710  0.686081  0.243598  0.552781  0.797176  0.228748  0.236209  0.279379  0.725769  0.233907  0.259985  0.263037  0.135874  0.154488  0.246721  0.180503  0.270519  0.165306  0.420492  0.145125  0.193916  0.272927  0.457970  0.149991  0.259518  0.219726  0.148260  0.709033  0.142767  0.253138  0.278784  0.797912  0.789684  0.287309  0.265129  0.272832  0.149953  0.280470  0.142918  0.290254  0.253370  0.270292  0.135814  0.817323  0.144304  0.154784  0.654531  0.227524  0.219096  0.285866  0.300079  0.146464  0.549484  0.148005  0.146930  0.113271  0.451473  0.417381  0.254423  0.582393  0.137612  0.826640  0.134744  0.144668  0.143876  0.146066  0.138130  0.136662  0.255813  0.145646  0.147384  0.751003  0.272195  0.252626  0.236549  0.239786  0.274721  0.261374  0.145619  0.268617  0.411906  0.302178  0.270157  0.616533  0.149025  0.251692  0.268771  0.614600  0.261621  0.263116  0.263767  0.411835  0.789153  0.264313  0.139224  0.241427  0.424274  0.356872  0.742723  0.247067  0.147088  0.143106  0.158213  0.611112  0.157017  0.259646  0.637144  0.147963  0.119180  0.164863 
23  0.395518  0.437826  0.360079  0.423499  0.443731  0.427983  0.427351  0.441932  0.450347  0.459935  0.445349  0.407466  0.412639  0.402566  0.459991  0.436783  0.461005  0.434823  0.388731  0.392068  0.462368  0.432264  0.459431 0.0  0.497453  0.479565  0.409641  0.476145  0.369902  0.414930  0.418323  0.434557  0.490661  0.414988  0.328862  0.413578  0.419740  0.403853  0.417617  0.450653  0.412977  0.445510  0.455827  0.445623  0.436390  0.480829  0.384029  0.394676  0.409256  0.377914  0.421939  0.390343  0.406879  0.450256  0.438830  0.484583  0.428996  0.425592  0.372974  0.433068  0.396651  0.411133  0.403994  0.353331  0.341587  0.398843  0.481321  0.462803  0.501261  0.403025  0.446808  0.411800  0.437809  0.440251  0.387429  0.444657  0.395692  0.472914  0.479509  0.387223  0.438312  0.466168  0.410525  0.510634  0.436313  0.365344  0.386546  0.422711  0.420857  0.406694  0.412637  0.414391  0.410067  0.465919  0.429984  0.410318  0.427758  0.395634  0.439843  0.476683  0.447807  0.429801  0.441110  0.422956  0.403971  0.437407  0.391653  0.737987  0.451766  0.434625  0.419558  0.439674  0.436290  0.450141  0.357923  0.447772  0.413992  0.451088  0.433442  0.450858  0.365225  0.420773  0.430628  0.460714  0.448650  0.458489  0.439677  0.421683  0.386120  0.427835  0.423976  0.452128  0.466095  0.446612  0.421994  0.384002  0.397844  0.409009  0.429352  0.414375  0.423891  0.350546  0.420884  0.464779  0.438652  0.432274 
24  0.725514  0.695147  0.700966  0.849239  0.702921  0.709265  0.655490  0.711953  0.801645  0.784497  0.700657  0.578344  0.734536  0.656420  0.885844  0.701870  0.727728  0.463291  0.670700  0.560037  0.637084  0.605918  0.668243  0.497453 0.0  0.084407  0.712972  0.694407  0.754389  0.721709  0.704826  0.738744  0.633328  0.844141  0.677055  0.828651  0.735054  0.361835  0.712749  0.612596  0.378651  0.671039  0.558122  0.752836  0.644522  0.867150  0.714041  0.746632  0.738098  0.726348  0.707674  0.585479  0.738158  0.671523  0.666142  0.742209  0.720908  0.611904  0.420019  0.657259  0.712830  0.691794  0.624479  0.627580  0.697086  0.727816  0.715380  0.715744  0.636826  0.641022  0.735401  0.782135  0.692901  0.676608  0.771474  0.681341  0.709196  0.614735  0.795589  0.725401  0.677621  0.735120  0.594963  0.715865  0.691178  0.759334  0.575307  0.723622  0.611502  0.689151  0.679986  0.725617  0.704364  0.484009  0.681085  0.646360  0.605462  0.632262  0.673114  0.649170  0.678263  0.675389  0.732097  0.790084  0.729271  0.765696  0.730827  0.699976  0.728879  0.622554  0.690216  0.736783  0.624560  0.682815  0.739906  0.772203  0.384605  0.584078  0.728435  0.753159  0.676520  0.763116  0.827557  0.619735  0.759323  0.750617  0.839489  0.756591  0.572500  0.794391  0.717895  0.636045  0.728345  0.755992  0.795317  0.789999  0.749176  0.632905  0.810588  0.251399  0.824296  0.747545  0.661230  0.683225  0.635202  0.709309 
25  0.731108  0.723787  0.767725  0.635727  0.656432  0.751063  0.713881  0.697419  0.815646  0.675879  0.799425  0.709384  0.700221  0.756157  0.630731  0.750040  0.686554  0.621227  0.655696  0.563964  0.764363  0.686475  0.741091  0.479565  0.084407 0.0  0.753813  0.741677  0.703003  0.696383  0.665221  0.724923  0.688380  0.825893  0.807965  0.754781  0.721955  0.364706  0.732402  0.711248  0.364746  0.741172  0.652538  0.856727  0.819305  0.651316  0.668505  0.677926  0.738290  0.619516  0.702259  0.660121  0.689156  0.768532  0.665236  0.706802  0.765694  0.525706  0.404714  0.709997  0.743367  0.805463  0.739531  0.566516  0.743768  0.743489  0.573983  0.794030  0.733302  0.586388  0.782715  0.661374  0.662196  0.734027  0.685119  0.727007  0.687365  0.822059  0.680648  0.764777  0.712829  0.736040  0.788382  0.761587  0.719026  0.796847  0.639144  0.735046  0.495839  0.659704  0.831993  0.645867  0.750692  0.436206  0.602410  0.755419  0.717894  0.663212  0.679805  0.666109  0.749807  0.666986  0.632143  0.618173  0.647566  0.713329  0.674204  0.778179  0.613826  0.726822  0.619813  0.796977  0.781229  0.733546  0.685671  0.724483  0.403936  0.692913  0.599018  0.750554  0.656648  0.849095  0.796152  0.651733  0.693066  0.673363  0.652240  0.846406  0.657251  0.610914  0.721498  0.562701  0.675171  0.591546  0.678446  0.714812  0.658137  0.856239  0.680445  0.288429  0.715963  0.675278  0.581381  0.727978  0.752327  0.724368 
26  0.268467  0.782545  0.695235  0.262142  0.243778  0.608098  0.287843  0.096365  0.331845  0.151478  0.242836  0.178391  0.208743  0.723812  0.322387  0.241937  0.583085  0.572915  0.192437  0.437160  0.239954  0.725629  0.148360  0.409641  0.712972  0.753813 0.0  0.162977  0.154641  0.239437  0.174850  0.251323  0.263843  0.148655  0.852039  0.242208  0.109696  0.687640  0.258070  0.626689  0.690016  0.274812  0.254026  0.248333  0.720554  0.192951  0.265167  0.265310  0.143606  0.153900  0.241874  0.192637  0.245629  0.157854  0.493184  0.096110  0.188463  0.274107  0.429141  0.097365  0.243750  0.234265  0.096346  0.721176  0.145329  0.243297  0.269832  0.660498  0.812603  0.262345  0.268838  0.243545  0.136595  0.337883  0.148728  0.272933  0.242693  0.263401  0.155633  0.920984  0.096706  0.141282  0.703290  0.262111  0.235093  0.227189  0.256032  0.084407  0.578018  0.148563  0.145076  0.113544  0.429442  0.371777  0.267293  0.497910  0.094600  0.773518  0.134427  0.096182  0.142083  0.095887  0.148105  0.151116  0.243712  0.115699  0.094425  0.912519  0.244032  0.285563  0.279519  0.256318  0.228596  0.245300  0.135334  0.258937  0.460664  0.326071  0.255776  0.749656  0.147558  0.268865  0.253588  0.698853  0.257601  0.236844  0.231115  0.427773  0.736964  0.236508  0.096240  0.251757  0.348991  0.374674  0.977290  0.222410  0.140177  0.134907  0.169395  0.555897  0.115044  0.228905  0.707774  0.145793  0.151968  0.147975 
