146
0 0.0  0.676012  0.772012  0.128991  0.184164  0.522330  0.143132  0.273117  0.371870  0.229741  0.089085  0.284200  0.188962  0.681936  0.346123  0.184778  0.690852  0.697363  0.212059  0.374551  0.151230  0.757697  0.246944  0.417798  0.801911  0.813350  0.274390  0.212060  0.243050  0.177545  0.269841  0.199396  0.187224  0.271591  0.727822  0.190677  0.229577  0.640997  0.207929  0.641403  0.837641  0.270624  0.099321  0.133179  0.750251  0.237710  0.197221  0.145110  0.265921  0.266558  0.139591  0.257514  0.089961  0.236642  0.513461  0.262243  0.231562  0.254101  0.446727  0.257884  0.277354  0.237404  0.264231  0.736461  0.238176  0.151741  0.141775  0.731870  0.835440  0.269478  0.133570  0.171221  0.255578  0.356365  0.275539  0.090465  0.187612  0.194236  0.142902  0.728446  0.257036  0.275354  0.760350  0.146955  0.184586  0.183865  0.261542  0.231993  0.635178  0.265961  0.252360  0.231915  0.425813  0.451675  0.112376  0.566125  0.261188  0.821061  0.258582  0.286772  0.259878  0.274383  0.249393  0.280577  0.202230  0.253845  0.252757  0.763166  0.140233  0.179656  0.202398  0.175178  0.181567  0.133590  0.260811  0.184608  0.473753  0.323960  0.199210  0.761469  0.262598  0.133835  0.190054  0.715799  0.135512  0.175918  0.173467  0.376720  0.787888  0.197476  0.273008  0.160058  0.439669  0.332005  0.825649  0.136208  0.249439  0.242791  0.250659  0.478346  0.256590  0.194056  0.664104  0.246290  0.289141  0.154173 
1  0.676012 0.0  0.198088  0.895491  0.941400  0.586819  0.807588  0.797283  0.818427  0.848307  0.775660  0.866581  0.766759  0.808042  0.886405  0.735283  0.615077  0.617924  0.649877  0.565293  0.785364  0.499064  0.760631  0.439078  0.722135  0.570959  0.733569  0.657059  0.850283  0.807008  0.681693  0.796080  0.861170  0.820179  0.485887  0.650724  0.882712  0.590322  0.782258  0.196448  0.734035  0.787634  0.621996  0.703268  0.661999  0.788042  0.757247  0.891608  0.851214  0.756254  0.792933  0.874719  0.911414  0.791321  0.654310  0.785773  0.766347  0.562262  0.457176  0.857352  0.724169  0.712887  0.617806  0.717411  0.770214  0.647689  0.739009  0.415723  0.813158  0.621711  0.664870  0.793247  0.870372  0.720865  0.813284  0.678507  0.876880  0.902229  0.793052  0.466953  0.768660  0.635781  0.683865  0.709343  0.966743  0.813301  0.640494  0.865209  0.550005  0.725640  0.885594  0.770158  0.829289  0.449466  0.793934  0.694189  0.820879  0.299885  0.671151  0.712115  0.959664  0.797077  0.788229  0.905456  0.705510  0.797272  0.723334  0.702180  0.865811  0.619989  0.897981  0.852180  0.729745  0.756479  0.809413  0.704043  0.360008  0.760183  0.670076  0.434590  0.873783  0.751828  0.795944  0.348609  0.791564  0.815116  0.764455  0.765313  0.651331  0.730196  0.763833  0.764269  0.662743  0.646584  0.706467  0.884134  0.781330  0.700558  0.744491  0.669096  0.872886  0.743407  0.835469  0.821023  0.747300  0.819151 
2  0.772012  0.198088 0.0  0.957746  0.687837  0.764801  0.767607  0.800927  0.781147  0.788485  0.649032  0.776370  0.608734  0.641084  0.681124  0.855469  0.578286  0.565627  0.774656  0.737672  0.874790  0.434766  0.757913  0.486913  0.618442  0.781506  0.860006  0.762203  0.862249  0.761912  0.744494  0.773295  0.774679  0.766287  0.476112  0.714076  0.959883  0.641137  0.667586  0.196352  0.809973  0.624593  0.596733  0.718522  0.753148  0.768269  0.674693  0.765066  0.807469  0.802490  0.728474  0.791392  0.836276  0.601838  0.745589  0.790013  0.782580  0.621925  0.386148  0.785740  0.769854  0.775261  0.759372  0.689370  0.665867  0.738613  0.740917  0.450100  0.722336  0.599165  0.740907  0.801348  0.747694  0.729638  0.884511  0.761499  0.802107  0.867080  0.709292  0.445005  0.632603  0.711421  0.686421  0.755274  0.729392  0.793273  0.654907  0.742059  0.620305  0.650692  0.632948  0.834349  0.870717  0.423946  0.660082  0.779507  0.779327  0.331293  0.691505  0.732214  0.752192  0.775485  0.802634  0.834440  0.697409  0.803952  0.781276  0.661634  0.788978  0.690833  0.742504  0.692767  0.828310  0.753667  0.710948  0.670472  0.440303  0.970609  0.795595  0.506546  0.752666  0.968229  0.815451  0.414433  0.727810  0.709675  0.787304  0.687907  0.794890  0.777322  0.788113  0.771951  0.647135  0.669430  0.761827  0.736583  0.788701  0.808814  0.677271  0.678047  0.586023  0.770838  0.537027  0.660740  0.806125  0.675412 
3  0.128991  0.895491  0.957746 0.0  0.173551  0.558324  0.091299  0.242773  0.381062  0.238054  0.148350  0.237678  0.220607  0.794157  0.301015  0.179671  0.679984  0.594193  0.208777  0.334648  0.161792  0.628617  0.269311  0.416113  0.727358  0.708796  0.277762  0.233582  0.255121  0.202022  0.243027  0.183892  0.216163  0.259950  0.756203  0.210180  0.230955  0.724291  0.191495  0.686429  0.752202  0.285775  0.132428  0.092800  0.770879  0.255906  0.201579  0.111789  0.234374  0.302214  0.147680  0.303491  0.132554  0.216767  0.419137  0.259251  0.285718  0.321543  0.408459  0.270574  0.251353  0.246742  0.265624  0.668037  0.247881  0.091078  0.090139  0.681329  0.761318  0.292892  0.141383  0.177447  0.292498  0.341187  0.220649  0.153710  0.174437  0.190634  0.152021  0.821159  0.257925  0.269571  0.746395  0.147928  0.170413  0.163781  0.322125  0.260506  0.633344  0.283317  0.288548  0.265485  0.509043  0.410039  0.138885  0.453041  0.270625  0.840023  0.251695  0.249392  0.268648  0.258766  0.222305  0.283466  0.201023  0.249356  0.278241  0.753972  0.090728  0.183407  0.212724  0.180633  0.169697  0.140985  0.245577  0.199603  0.414909  0.325856  0.188972  0.745360  0.291829  0.091385  0.163149  0.606094  0.129471  0.196481  0.175360  0.350837  0.835079  0.173196  0.287733  0.176878  0.444017  0.368503  0.655721  0.125910  0.272343  0.279226  0.262929  0.664637  0.274638  0.192050  0.705214  0.234095  0.240047  0.146432 
4  0.184164  0.941400  0.687837  0.173551 0.0  0.595713  0.175255  0.279187  0.345479  0.247226  0.185427  0.256397  0.190755  0.748294  0.296839  0.167924  0.755148  0.529461  0.196783  0.416510  0.153801  0.762431  0.235050  0.433832  0.841435  0.763400  0.273543  0.270991  0.244545  0.154759  0.262979  0.146639  0.206505  0.264916  0.754731  0.184731  0.219232  0.658297  0.137870  0.683680  0.755788  0.249173  0.179426  0.197098  0.754237  0.237189  0.188439  0.196562  0.267193  0.262623  0.205043  0.244693  0.206881  0.223122  0.513176  0.278557  0.240550  0.287443  0.449721  0.270165  0.251094  0.216689  0.278795  0.710622  0.258313  0.193357  0.179922  0.784860  0.847230  0.312627  0.203376  0.152674  0.289528  0.300638  0.288691  0.188569  0.129180  0.091697  0.162947  0.725717  0.259443  0.239805  0.679705  0.148451  0.156446  0.207274  0.274350  0.245497  0.617501  0.272268  0.279995  0.226002  0.491879  0.427733  0.207302  0.509222  0.254998  0.783009  0.258155  0.244277  0.241050  0.247868  0.255681  0.273431  0.213530  0.321442  0.266105  0.696336  0.189104  0.186962  0.188957  0.125538  0.089597  0.173097  0.262934  0.109881  0.421466  0.336981  0.187882  0.620853  0.308891  0.180122  0.139406  0.614832  0.174713  0.185007  0.175340  0.442355  0.829396  0.186965  0.282961  0.192262  0.401989  0.387591  0.863753  0.176644  0.298813  0.241373  0.213158  0.591679  0.259488  0.145146  0.709524  0.270216  0.268005  0.150945 
5  0.522330  0.586819  0.764801  0.558324  0.595713 0.0  0.617187  0.489373  0.502881  0.542828  0.530719  0.455598  0.432226  0.812275  0.532537  0.504601  0.760035  0.683276  0.532042  0.225438  0.496447  0.778613  0.579010  0.462794  0.780410  0.682974  0.620610  0.493834  0.589813  0.533910  0.502074  0.608232  0.561294  0.478348  0.796093  0.588068  0.551520  0.596931  0.583710  0.670221  0.685729  0.427592  0.555402  0.599693  0.865177  0.579302  0.531568  0.485096  0.628974  0.508712  0.569014  0.369702  0.556346  0.489996  0.432735  0.614324  0.425227  0.270278  0.419965  0.607285  0.629439  0.497868  0.438714  0.658149  0.509405  0.515120  0.527396  0.724269  0.911956  0.292624  0.547567  0.514360  0.451806  0.584119  0.563652  0.582074  0.528076  0.475348  0.547729  0.806982  0.597519  0.557409  0.781727  0.539488  0.460617  0.570147  0.304799  0.536643  0.580255  0.629227  0.502935  0.554975  0.124395  0.436978  0.611596  0.140811  0.611486  0.824106  0.497347  0.442752  0.585496  0.581114  0.502779  0.539456  0.512625  0.635528  0.575865  0.786952  0.507405  0.520577  0.470238  0.537261  0.524431  0.489061  0.516112  0.641102  0.412210  0.547778  0.490816  0.776884  0.557308  0.515769  0.491652  0.682866  0.548107  0.641825  0.537368  0.479935  0.864247  0.493458  0.485370  0.514421  0.447736  0.417894  0.802105  0.505843  0.508831  0.513587  0.498923  0.598642  0.568755  0.469935  0.828053  0.479642  0.450637  0.512643 
6  0.143132  0.807588  0.767607  0.091299  0.175255  0.617187 0.0  0.280461  0.356974  0.237811  0.156569  0.276499  0.199476  0.753554  0.350692  0.173914  0.685259  0.636111  0.201011  0.334469  0.159424  0.763601  0.251434  0.446993  0.677862  0.696803  0.260257  0.239856  0.240157  0.223237  0.255649  0.182391  0.205981  0.279890  0.681932  0.204418  0.243667  0.580502  0.208932  0.734988  0.667579  0.315447  0.134447  0.086212  0.647694  0.241000  0.194496  0.107920  0.267650  0.262855  0.145287  0.282270  0.153199  0.220705  0.495362  0.315071  0.246619  0.300244  0.497458  0.270866  0.261954  0.194343  0.281157  0.563642  0.272225  0.089549  0.091359  0.635796  0.740185  0.293639  0.134023  0.193980  0.273210  0.310501  0.259284  0.143748  0.166434  0.192994  0.175705  0.804064  0.236183  0.280238  0.926967  0.161328  0.167273  0.177494  0.230963  0.294003  0.640974  0.269704  0.262439  0.253603  0.499638  0.375846  0.156781  0.513144  0.297517  0.784970  0.235146  0.253892  0.277857  0.234364  0.255210  0.254844  0.212459  0.255892  0.267101  0.760600  0.089714  0.199848  0.198091  0.171346  0.172317  0.139697  0.260024  0.186514  0.399415  0.337702  0.213234  0.684872  0.283779  0.098363  0.192367  0.717864  0.130877  0.199474  0.173245  0.481955  0.925460  0.178120  0.279088  0.176241  0.380550  0.346953  0.921157  0.131932  0.270908  0.277119  0.225028  0.635588  0.270659  0.168044  0.682703  0.243340  0.280148  0.146833 
7  0.273117  0.797283  0.800927  0.242773  0.279187  0.489373  0.280461 0.0  0.389804  0.162689  0.274503  0.177337  0.191872  0.605209  0.338544  0.257307  0.620836  0.469765  0.188076  0.461599  0.206568  0.793977  0.136692  0.478715  0.670988  0.664172  0.091896  0.155689  0.140123  0.236220  0.188908  0.276394  0.281875  0.152969  0.820903  0.249648  0.108820  0.712907  0.279700  0.661534  0.734576  0.246555  0.217091  0.257293  0.775555  0.238682  0.287714  0.258518  0.145951  0.137427  0.270582  0.179309  0.269551  0.155895  0.399792  0.090046  0.174214  0.275245  0.395523  0.090254  0.236847  0.234886  0.092488  0.719320  0.132070  0.274772  0.250054  0.700000  0.857743  0.285730  0.274917  0.257273  0.149537  0.376791  0.145785  0.286531  0.251809  0.275356  0.154249  0.752355  0.078014  0.151076  0.579727  0.229660  0.207909  0.307018  0.337720  0.091360  0.475798  0.140366  0.132829  0.111363  0.480938  0.427443  0.257955  0.457861  0.078014  0.827815  0.140540  0.089644  0.137504  0.078014  0.139099  0.133655  0.243098  0.109986  0.078014  0.675270  0.297425  0.259442  0.238192  0.264617  0.244770  0.252454  0.143397  0.283364  0.441136  0.301823  0.250694  0.718441  0.135842  0.287363  0.286915  0.761993  0.271540  0.234223  0.248383  0.506697  0.790079  0.248340  0.092533  0.252119  0.287728  0.394484  0.770948  0.267649  0.146302  0.149343  0.167198  0.571355  0.115031  0.251852  0.698713  0.136125  0.145087  0.149148 
8  0.371870  0.818427  0.781147  0.381062  0.345479  0.502881  0.356974  0.389804 0.0  0.348495  0.334234  0.341331  0.284845  0.618839  0.108263  0.337253  0.600272  0.659732  0.322878  0.351564  0.305122  0.881165  0.359385  0.517930  0.742755  0.727435  0.379301  0.356147  0.354725  0.351254  0.348075  0.336718  0.360219  0.366991  0.729400  0.416840  0.377876  0.674148  0.371589  0.707871  0.688280  0.161859  0.379396  0.385725  0.789911  0.394489  0.323781  0.385286  0.373302  0.367469  0.403192  0.327965  0.403996  0.347472  0.426820  0.319261  0.365072  0.265639  0.392664  0.376842  0.343761  0.361586  0.352451  0.727404  0.357021  0.380322  0.307631  0.710147  0.664351  0.297200  0.319395  0.314159  0.384570  0.109489  0.369267  0.368053  0.357989  0.344919  0.254935  0.759922  0.413189  0.375687  0.741367  0.402768  0.336044  0.406929  0.277602  0.355347  0.608543  0.364986  0.376548  0.393112  0.539081  0.440213  0.405504  0.504045  0.359273  0.864483  0.373411  0.372971  0.389841  0.376088  0.397051  0.323701  0.320746  0.347676  0.393146  0.725530  0.328715  0.339578  0.405622  0.347223  0.349987  0.362550  0.307517  0.420993  0.433926  0.216017  0.336447  0.798299  0.356109  0.373729  0.373075  0.807373  0.349410  0.359649  0.343059  0.428139  0.750402  0.367838  0.355545  0.339165  0.352754  0.372398  0.636169  0.382029  0.361785  0.378118  0.323301  0.533806  0.329042  0.345047  0.623618  0.339313  0.325090  0.290912 
9  0.229741  0.848307  0.788485  0.238054  0.247226  0.542828  0.237811  0.162689  0.348495 0.0  0.215996  0.145693  0.212856  0.849365  0.359155  0.194983  0.667865  0.571583  0.223931  0.448935  0.212591  0.812809  0.151790  0.468975  0.727520  0.737008  0.160639  0.110589  0.164128  0.238419  0.151249  0.242481  0.227371  0.167782  0.735311  0.250186  0.158369  0.698259  0.221139  0.700186  0.747521  0.287367  0.243104  0.234679  0.612667  0.245325  0.228250  0.235166  0.168613  0.162729  0.251520  0.151005  0.244338  0.108696  0.520407  0.156045  0.154690  0.314116  0.395425  0.156806  0.228186  0.229086  0.149804  0.662225  0.159781  0.234638  0.233170  0.644218  0.730803  0.292512  0.238018  0.235202  0.151979  0.330147  0.157725  0.239293  0.226927  0.231544  0.150129  0.757921  0.157718  0.132198  0.758841  0.223859  0.219041  0.225042  0.278725  0.140161  0.499962  0.163430  0.159766  0.146640  0.505289  0.481080  0.222658  0.557454  0.154303  0.748241  0.166216  0.156110  0.151917  0.160962  0.166038  0.165813  0.237948  0.168427  0.166507  0.761324  0.233701  0.215558  0.231014  0.229530  0.254346  0.230015  0.161252  0.233255  0.391319  0.291483  0.242539  0.767476  0.162269  0.227652  0.256045  0.671288  0.222073  0.231217  0.221245  0.450451  0.742596  0.245052  0.151362  0.205916  0.406414  0.417475  0.740391  0.237642  0.171169  0.152806  0.107655  0.626363  0.155330  0.236835  0.737191  0.142321  0.149325  0.159857 
10  0.089085  0.775660  0.649032  0.148350  0.185427  0.530719  0.156569  0.274503  0.334234  0.215996 0.0  0.251507  0.200629  0.793086  0.377595  0.171848  0.589731  0.611057  0.215001  0.399872  0.157914  0.853536  0.267619  0.492521  0.797428  0.812332  0.234629  0.238399  0.256157  0.201672  0.274896  0.202220  0.211261  0.288678  0.731614  0.205786  0.235589  0.629196  0.201125  0.616867  0.682346  0.254288  0.097988  0.143967  0.695545  0.245977  0.177426  0.140407  0.215386  0.227687  0.143078  0.264751  0.085278  0.226719  0.471397  0.285748  0.275942  0.268942  0.485589  0.324960  0.251142  0.228860  0.270900  0.745623  0.248677  0.140000  0.143660  0.780043  0.796220  0.304065  0.144177  0.190102  0.261759  0.288865  0.257660  0.078014  0.167840  0.188179  0.162187  0.804703  0.232996  0.269173  0.755806  0.157879  0.172070  0.178904  0.272890  0.243038  0.646978  0.241841  0.280984  0.239747  0.586365  0.439671  0.113917  0.546708  0.233824  0.815056  0.257772  0.222336  0.257176  0.238654  0.232550  0.266089  0.190600  0.214814  0.298311  0.628284  0.146686  0.163222  0.173508  0.168165  0.178878  0.128264  0.273133  0.187887  0.440228  0.324470  0.199719  0.779530  0.270726  0.152895  0.214195  0.732698  0.135133  0.205658  0.161604  0.416716  0.745290  0.195702  0.250632  0.189603  0.399157  0.429975  0.849003  0.134520  0.293196  0.264225  0.233802  0.554186  0.265875  0.192804  0.649850  0.276836  0.243335  0.171839 
11  0.284200  0.866581  0.776370  0.237678  0.256397  0.455598  0.276499  0.177337  0.341331  0.145693  0.251507 0.0  0.189677  0.834396  0.370483  0.220308  0.696697  0.600183  0.196162  0.347848  0.225049  0.728280  0.183017  0.395096  0.788488  0.780183  0.181713  0.162029  0.175890  0.256428  0.120583  0.245583  0.208523  0.176619  0.745642  0.233097  0.159859  0.751171  0.257097  0.753178  0.700781  0.289159  0.240915  0.256044  0.625095  0.231250  0.233698  0.236035  0.173507  0.181619  0.251667  0.099481  0.260746  0.146887  0.435363  0.172964  0.097450  0.280030  0.401729  0.163102  0.199053  0.234608  0.181071  0.708911  0.200703  0.291077  0.265717  0.733750  0.766354  0.291310  0.256079  0.299216  0.167562  0.334939  0.160470  0.242357  0.263729  0.280939  0.161080  0.696608  0.178845  0.181144  0.710513  0.227536  0.231730  0.260670  0.276363  0.179467  0.718617  0.184579  0.172087  0.161849  0.490399  0.443960  0.227561  0.504797  0.173179  0.715101  0.181518  0.182368  0.173132  0.176432  0.177289  0.172245  0.238876  0.170239  0.180643  0.764191  0.236066  0.284141  0.238024  0.286195  0.229638  0.255904  0.180620  0.206829  0.367031  0.318572  0.221631  0.861879  0.167635  0.227251  0.258478  0.664173  0.250753  0.236856  0.274659  0.422694  0.825664  0.257201  0.177431  0.241428  0.462191  0.337490  0.866904  0.232393  0.175019  0.185032  0.170204  0.588211  0.197788  0.234047  0.651980  0.174895  0.184282  0.164342 
12  0.188962  0.766759  0.608734  0.220607  0.190755  0.432226  0.199476  0.191872  0.284845  0.212856  0.200629  0.189677 0.0  0.576976  0.348393  0.222404  0.690798  0.529850  0.130758  0.389065  0.190700  0.772664  0.205823  0.382339  0.830118  0.638692  0.187802  0.199721  0.214291  0.214449  0.185516  0.208040  0.228839  0.199142  0.804902  0.198631  0.202416  0.639860  0.215483  0.733471  0.578839  0.282221  0.209540  0.206259  0.936432  0.203781  0.201427  0.189052  0.197940  0.196069  0.195963  0.190613  0.196039  0.174975  0.448539  0.205992  0.193509  0.316718  0.386664  0.181149  0.214666  0.191427  0.223100  0.765961  0.191071  0.210583  0.198460  0.807714  0.731735  0.282660  0.200625  0.189451  0.187180  0.310759  0.199509  0.221752  0.187897  0.202174  0.138160  0.664712  0.191206  0.198432  0.729011  0.203344  0.200334  0.226747  0.286133  0.220796  0.671823  0.186027  0.215849  0.221915  0.490320  0.374814  0.188169  0.484538  0.215478  0.724125  0.210696  0.207716  0.180958  0.208100  0.206267  0.201327  0.218553  0.198971  0.214832  0.862919  0.178581  0.195736  0.175231  0.187003  0.196521  0.197961  0.193448  0.227488  0.433794  0.319588  0.198380  0.759018  0.219707  0.191763  0.176654  0.638866  0.229413  0.174807  0.191724  0.459527  0.724800  0.225905  0.206608  0.205588  0.403369  0.432008  0.834730  0.206454  0.203620  0.192374  0.178293  0.678964  0.211154  0.194836  0.689393  0.194793  0.216426  0.149526 
13  0.681936  0.808042  0.641084  0.794157  0.748294  0.812275  0.753554  0.605209  0.618839  0.849365  0.793086  0.834396  0.576976 0.0  0.802011  0.686649  0.759522  0.662788  0.797185  0.649881  0.822738  0.775891  0.772688  0.432018  0.795498  0.756469  0.668476  0.780830  0.706416  0.821672  0.791020  0.774124  0.720112  0.779683  0.673770  0.634812  0.604478  0.801640  0.688039  0.726499  0.635228  0.688962  0.776171  0.772313  0.140025  0.694456  0.735675  0.818204  0.745396  0.738404  0.798527  0.679926  0.839758  0.757445  0.823571  0.722441  0.777870  0.536270  0.411841  0.778433  0.695880  0.796475  0.744918  0.736166  0.772015  0.593282  0.681036  0.729431  0.758211  0.560246  0.843184  0.794103  0.761581  0.737483  0.811153  0.718169  0.702903  0.941823  0.753439  0.738635  0.711835  0.715490  0.834266  0.691336  0.752086  0.784667  0.613421  0.673419  0.555303  0.703333  0.652598  0.632086  0.723321  0.442933  0.782932  0.724791  0.616779  0.613592  0.752185  0.662296  0.786921  0.775559  0.737532  0.733063  0.817093  0.723942  0.706660  0.814875  0.718510  0.709296  0.780271  0.662734  0.687555  0.780864  0.792557  0.792575  0.445120  0.606255  0.783700  0.710400  0.679610  0.775603  0.703654  0.735418  0.694353  0.837967  0.764624  0.737324  0.463980  0.660791  0.755549  0.717995  0.778989  0.804544  0.675600  0.794686  0.710347  0.728737  0.734550  0.612930  0.811778  0.775788  0.643482  0.732209  0.726355  0.770702 
14  0.346123  0.886405  0.681124  0.301015  0.296839  0.532537  0.350692  0.338544  0.108263  0.359155  0.377595  0.370483  0.348393  0.802011 0.0  0.337960  0.678181  0.600151  0.335738  0.385417  0.347665  0.772627  0.350651  0.426062  0.835760  0.886168  0.346307  0.372143  0.329926  0.355797  0.342469  0.383400  0.379424  0.334262  0.892475  0.349930  0.335561  0.654392  0.389194  0.705082  0.738197  0.162598  0.360724  0.395121  0.702617  0.297944  0.354757  0.338254  0.369396  0.319194  0.380143  0.313313  0.340670  0.368982  0.432961  0.295329  0.371909  0.326656  0.442773  0.345260  0.328175  0.314654  0.351705  0.631001  0.337129  0.362074  0.367118  0.862697  0.761840  0.275262  0.337839  0.332105  0.338215  0.105370  0.356782  0.317842  0.338912  0.369963  0.244180  0.847807  0.366532  0.315656  0.751414  0.314175  0.357201  0.333689  0.281716  0.297887  0.613471  0.349195  0.345234  0.344203  0.496225  0.460931  0.362101  0.552365  0.353670  0.706686  0.390852  0.312393  0.366387  0.306015  0.340203  0.321249  0.392246  0.361867  0.344866  0.641620  0.334155  0.355507  0.295526  0.332093  0.383290  0.377225  0.292579  0.337838  0.433483  0.196783  0.334886  0.898654  0.336262  0.314902  0.357263  0.803722  0.368279  0.365733  0.330407  0.483891  0.943387  0.393477  0.377536  0.381423  0.440833  0.403321  0.619021  0.350139  0.342130  0.331000  0.328052  0.621230  0.323894  0.372713  0.619378  0.346229  0.325958  0.288836 
15  0.184778  0.735283  0.855469  0.179671  0.167924  0.504601  0.173914  0.257307  0.337253  0.194983  0.171848  0.220308  0.222404  0.686649  0.337960 0.0  0.689114  0.643076  0.195976  0.384743  0.109715  0.870168  0.277086  0.480521  0.749067  0.700393  0.279333  0.237160  0.263230  0.167746  0.280118  0.175275  0.089620  0.267730  0.844171  0.091234  0.219985  0.648200  0.185591  0.648547  0.707825  0.282855  0.164283  0.179686  0.716176  0.268447  0.090343  0.198003  0.261341  0.279933  0.189335  0.289500  0.186221  0.223425  0.513790  0.258777  0.244002  0.293242  0.402127  0.271629  0.263672  0.226395  0.280964  0.782033  0.273206  0.192815  0.184201  0.687267  0.733465  0.303427  0.173926  0.205674  0.271974  0.324882  0.240663  0.184906  0.183620  0.180484  0.158175  0.877905  0.265425  0.256220  0.648868  0.108837  0.093671  0.091462  0.297603  0.252821  0.616079  0.256786  0.271131  0.254983  0.560276  0.408422  0.193469  0.623247  0.263133  0.800880  0.252746  0.273058  0.234041  0.262340  0.247175  0.267957  0.092785  0.250816  0.273017  0.788177  0.194707  0.091008  0.091815  0.176552  0.179040  0.187111  0.254799  0.184982  0.444471  0.295525  0.088167  0.696151  0.234317  0.213712  0.188687  0.602182  0.198199  0.093707  0.096399  0.493302  0.777632  0.090746  0.239581  0.098711  0.381835  0.403607  0.756534  0.187104  0.269768  0.279019  0.256216  0.555676  0.255761  0.178570  0.664962  0.258912  0.246536  0.148560 
16  0.690852  0.615077  0.578286  0.679984  0.755148  0.760035  0.685259  0.620836  0.600272  0.667865  0.589731  0.696697  0.690798  0.759522  0.678181  0.689114 0.0  0.554683  0.664690  0.678529  0.707067  0.611521  0.750663  0.475324  0.559458  0.625524  0.738211  0.639183  0.693164  0.673140  0.741762  0.683445  0.722935  0.593964  0.665645  0.706277  0.870595  0.746071  0.629739  0.613763  0.769530  0.620671  0.641185  0.689702  0.695356  0.737135  0.643024  0.657244  0.658802  0.715329  0.858017  0.736703  0.709406  0.640083  0.670771  0.727212  0.716986  0.640917  0.478350  0.713610  0.667364  0.804686  0.606304  0.594368  0.646707  0.726476  0.727483  0.511340  0.730167  0.546883  0.667119  0.617822  0.618384  0.667912  0.698701  0.783476  0.723459  0.693007  0.605666  0.787555  0.761365  0.714168  0.644397  0.584363  0.666691  0.541663  0.659382  0.770522  0.290210  0.659824  0.691338  0.712294  0.757449  0.406591  0.732269  0.682776  0.749080  0.609041  0.683314  0.670401  0.690182  0.622935  0.711116  0.741138  0.817017  0.587218  0.710394  0.809718  0.749348  0.735108  0.658876  0.773505  0.660405  0.769629  0.786234  0.704450  0.474442  0.685020  0.657424  0.643731  0.711004  0.552620  0.684435  0.748734  0.690789  0.609119  0.685023  0.570986  0.683042  0.617218  0.670106  0.661358  0.653309  0.790674  0.639193  0.739797  0.763167  0.750990  0.734993  0.658509  0.530743  0.613470  0.792738  0.629124  0.795121  0.739284 
17  0.697363  0.617924  0.565627  0.594193  0.529461  0.683276  0.636111  0.469765  0.659732  0.571583  0.611057  0.600183  0.529850  0.662788  0.600151  0.643076  0.554683 0.0  0.521127  0.664077  0.558874  0.642902  0.672061  0.433037  0.597302  0.546441  0.556507  0.608731  0.636589  0.616020  0.600926  0.579469  0.512525  0.619414  0.578607  0.512419  0.700831  0.646764  0.644749  0.609695  0.697607  0.560029  0.630144  0.641616  0.768018  0.623253  0.667304  0.648089  0.598058  0.503343  0.671573  0.610647  0.608644  0.619830  0.610622  0.623433  0.443357  0.667707  0.452667  0.597348  0.601544  0.592103  0.568169  0.696657  0.597579  0.602142  0.548643  0.604800  0.561689  0.543084  0.622610  0.617640  0.526644  0.660741  0.600966  0.698803  0.619042  0.608648  0.605292  0.586357  0.659075  0.613669  0.565496  0.570802  0.595652  0.584404  0.661907  0.522982  0.685086  0.565447  0.585209  0.675372  0.544478  0.498591  0.598733  0.705185  0.563917  0.610576  0.484919  0.536978  0.576078  0.619063  0.613829  0.694275  0.635713  0.686151  0.607473  0.856898  0.662937  0.693188  0.601211  0.638294  0.547350  0.631805  0.549931  0.646322  0.457076  0.592118  0.618978  0.569439  0.584755  0.546347  0.692782  0.597534  0.544395  0.656526  0.554988  0.609830  0.627283  0.578811  0.711392  0.586685  0.602553  0.526287  0.570877  0.559059  0.640023  0.619362  0.635807  0.598739  0.557604  0.600269  0.660467  0.650652  0.654579  0.613704 
18  0.212059  0.649877  0.774656  0.208777  0.196783  0.532042  0.201011  0.188076  0.322878  0.223931  0.215001  0.196162  0.130758  0.797185  0.335738  0.195976  0.664690  0.521127 0.0  0.414527  0.201292  0.888271  0.192971  0.440167  0.700963  0.785654  0.208787  0.207564  0.195023  0.201224  0.189757  0.207195  0.217896  0.213134  0.835352  0.199872  0.191608  0.703194  0.213049  0.673425  0.782996  0.274735  0.198827  0.221128  0.627146  0.200407  0.216355  0.191306  0.218204  0.193546  0.196500  0.189195  0.201018  0.209136  0.495775  0.200736  0.192963  0.262580  0.430319  0.187838  0.193287  0.218582  0.211790  0.706057  0.192034  0.214661  0.214589  0.672767  0.745907  0.268322  0.196291  0.211235  0.196893  0.293755  0.203488  0.201831  0.210089  0.210436  0.147166  0.771018  0.201262  0.204022  0.734886  0.221645  0.188498  0.208640  0.287481  0.199582  0.495478  0.195455  0.211785  0.188593  0.494103  0.392149  0.188266  0.520753  0.209860  0.674206  0.200574  0.180967  0.205407  0.216900  0.223756  0.182403  0.209314  0.186359  0.210365  0.945335  0.189978  0.189741  0.214622  0.207541  0.187322  0.195502  0.204885  0.195118  0.366358  0.345094  0.196985  0.724364  0.203768  0.206374  0.207819  0.704372  0.198728  0.212825  0.193411  0.484727  0.681677  0.219942  0.203998  0.177712  0.420965  0.335622  0.670316  0.206655  0.213251  0.204473  0.197581  0.724860  0.219279  0.203628  0.710260  0.187106  0.209683  0.174022 
19  0.374551  0.565293  0.737672  0.334648  0.416510  0.225438  0.334469  0.461599  0.351564  0.448935  0.399872  0.347848  0.389065  0.649881  0.385417  0.384743  0.678529  0.664077  0.414527 0.0  0.409233  0.693172  0.355564  0.409974  0.762321  0.720709  0.378742  0.412180  0.475643  0.403640  0.404108  0.395636  0.356677  0.423991  0.759295  0.371432  0.405905  0.721739  0.372272  0.635490  0.671380  0.427236  0.424969  0.451562  0.711142  0.433943  0.377740  0.402359  0.418645  0.388628  0.462793  0.415969  0.418775  0.401364  0.453054  0.397767  0.386212  0.277594  0.481195  0.356589  0.412801  0.445541  0.403806  0.704155  0.360064  0.463987  0.372534  0.807684  0.669916  0.270731  0.341920  0.409164  0.403011  0.411946  0.416530  0.378493  0.470536  0.379861  0.348486  0.807849  0.389415  0.356362  0.702846  0.416843  0.402996  0.442751  0.320328  0.409497  0.663222  0.361462  0.443499  0.395837  0.216183  0.459550  0.414106  0.196013  0.400242  0.525606  0.397675  0.405894  0.435855  0.356947  0.391381  0.353882  0.425370  0.400371  0.385040  0.885374  0.359914  0.397290  0.384462  0.407125  0.383142  0.313541  0.408657  0.341084  0.419896  0.416538  0.419985  0.695857  0.347879  0.389399  0.406850  0.728517  0.427303  0.400160  0.370899  0.392578  0.722506  0.388953  0.425929  0.404293  0.437431  0.437828  0.656346  0.449538  0.389762  0.346145  0.392872  0.567297  0.381686  0.349028  0.669078  0.398444  0.399015  0.331423 
20  0.151230  0.785364  0.874790  0.161792  0.153801  0.496447  0.159424  0.206568  0.305122  0.212591  0.157914  0.225049  0.190700  0.822738  0.347665  0.109715  0.707067  0.558874  0.201292  0.409233 0.0  0.831168  0.254590  0.428209  0.833877  0.636522  0.236881  0.239011  0.217926  0.148209  0.222616  0.156556  0.108121  0.232799  0.776454  0.107220  0.262404  0.716314  0.153059  0.834641  0.735948  0.286258  0.147164  0.146461  0.694482  0.243955  0.109268  0.154652  0.221494  0.215685  0.157736  0.226568  0.156669  0.210598  0.450933  0.233991  0.251151  0.246121  0.450466  0.214222  0.257182  0.229705  0.242135  0.797440  0.229531  0.149064  0.156189  0.719647  0.829668  0.283059  0.153105  0.169680  0.242498  0.372155  0.219806  0.160655  0.158147  0.163853  0.158455  0.795122  0.235297  0.217409  0.687917  0.110494  0.107660  0.108880  0.288052  0.241132  0.571706  0.246285  0.247161  0.242343  0.468820  0.457206  0.156080  0.473201  0.237034  0.882681  0.227771  0.246926  0.245617  0.217493  0.210613  0.251375  0.108208  0.212719  0.200345  0.754840  0.157070  0.108704  0.102970  0.170072  0.157708  0.157402  0.242373  0.138250  0.405623  0.372918  0.107380  0.799946  0.212917  0.157951  0.148595  0.701519  0.151124  0.108151  0.107695  0.427505  0.756245  0.109692  0.243697  0.106117  0.348626  0.528455  0.772110  0.176095  0.236574  0.246953  0.222997  0.661990  0.201688  0.164194  0.601839  0.226335  0.248447  0.158777 
21  0.757697  0.499064  0.434766  0.628617  0.762431  0.778613  0.763601  0.793977  0.881165  0.812809  0.853536  0.728280  0.772664  0.775891  0.772627  0.870168  0.611521  0.642902  0.888271  0.693172  0.831168 0.0  0.819938  0.446972  0.741345  0.802949  0.683245  0.809648  0.783131  0.881546  0.690675  0.716784  0.758691  0.750680  0.115364  0.845712  0.788614  0.628661  0.798654  0.355115  0.737026  0.704919  0.791913  0.769072  0.652892  0.792889  0.716698  0.846442  0.713414  0.759070  0.747173  0.826611  0.782790  0.821839  0.732407  0.742354  0.793503  0.566327  0.445409  0.830358  0.781504  0.871897  0.835419  0.565604  0.771998  0.710074  0.771357  0.160746  0.822309  0.496071  0.761200  0.627509  0.845502  0.772290  0.712518  0.735910  0.713068  0.750664  0.657643  0.322389  0.691241  0.718876  0.884861  0.860746  0.747631  0.753179  0.579183  0.800197  0.491240  0.807152  0.672680  0.737525  0.903585  0.446661  0.660777  0.735066  0.719854  0.527949  0.725260  0.613646  0.661760  0.773895  0.694923  0.576265  0.720377  0.857689  0.720768  0.807472  0.742290  0.855603  0.665844  0.740612  0.735039  0.713562  0.819040  0.704806  0.402990  0.596328  0.910104  0.165988  0.774586  0.714849  0.666635  0.450391  0.978271  0.862914  0.811701  0.604339  0.692155  0.757256  0.735601  0.685914  0.705257  0.662012  0.709629  0.812821  0.865262  0.787648  0.834011  0.606738  0.761913  0.768739  0.694671  0.813365  0.819659  0.739425 
22  0.246944  0.760631  0.757913  0.269311  0.235050  0.579010  0.251434  0.136692  0.359385  0.151790  0.267619  0.183017  0.205823  0.772688  0.350651  0.277086  0.750663  0.672061  0.192971  0.355564  0.254590  0.819938 0.0  0.445737  0.754113  0.641344  0.140142  0.149447  0.143902  0.256213  0.174630  0.269527  0.283645  0.133576  0.873380  0.244883  0.108092  0.667708  0.247165  0.718641  0.716284  0.248248  0.232384  0.256956  0.845378  0.258686  0.267143  0.277875  0.139422  0.150905  0.236003  0.191236  0.237346  0.156479  0.483574  0.149393  0.208792  0.284572  0.433333  0.140189  0.240942  0.241644  0.143848  0.740396  0.138396  0.263386  0.281485  0.706179  0.720667  0.295859  0.254421  0.256447  0.144490  0.351424  0.139783  0.274809  0.224961  0.262121  0.143159  0.694545  0.142136  0.137722  0.607905  0.221644  0.227093  0.272759  0.290272  0.146840  0.622341  0.131659  0.139466  0.106434  0.484370  0.432006  0.262600  0.464791  0.153056  0.774735  0.140419  0.145815  0.147539  0.146196  0.149140  0.135219  0.253944  0.140459  0.141106  0.807280  0.264345  0.249794  0.263270  0.259598  0.250117  0.229033  0.155012  0.246030  0.460844  0.328493  0.253202  0.559098  0.150657  0.235433  0.257937  0.698388  0.245746  0.248814  0.233978  0.484716  0.745217  0.212252  0.148176  0.265016  0.368824  0.348539  0.744845  0.249846  0.140921  0.147267  0.157514  0.584013  0.143248  0.246396  0.737792  0.131240  0.113298  0.154059 
23  0.417798  0.439078  0.486913  0.416113  0.433832  0.462794  0.446993  0.478715  0.517930  0.468975  0.492521  0.395096  0.382339  0.432018  0.426062  0.480521  0.475324  0.433037  0.440167  0.409974  0.428209  0.446972  0.445737 0.0  0.487759  0.414880  0.419273  0.434799  0.497844  0.414215  0.454968  0.454873  0.476434  0.373231  0.413353  0.493795  0.434886  0.422627  0.407657  0.441571  0.440694  0.416653  0.461146  0.448917  0.460152  0.430059  0.426044  0.468062  0.442595  0.462303  0.404398  0.417472  0.400553  0.472720  0.445124  0.360347  0.412110  0.383826  0.470653  0.444917  0.470241  0.395388  0.477780  0.415441  0.445131  0.392191  0.421729  0.405683  0.440924  0.459110  0.442385  0.384724  0.441267  0.397450  0.418828  0.455884  0.452452  0.411434  0.431897  0.441210  0.462689  0.422639  0.348638  0.453406  0.427817  0.406226  0.459575  0.488378  0.420472  0.513770  0.507518  0.436208  0.480320  0.462542  0.449060  0.506056  0.416383  0.394903  0.443924  0.451004  0.436418  0.433488  0.489956  0.402613  0.430515  0.408759  0.389098  0.725836  0.476644  0.427011  0.477417  0.492893  0.396941  0.410208  0.457887  0.450902  0.492694  0.486310  0.409396  0.401635  0.441299  0.377796  0.402893  0.511245  0.560771  0.416559  0.405729  0.437914  0.386411  0.429828  0.416220  0.413933  0.430741  0.412608  0.446554  0.446412  0.503357  0.519323  0.447014  0.416804  0.427017  0.457967  0.383780  0.393142  0.388697  0.406865 
24  0.801911  0.722135  0.618442  0.727358  0.841435  0.780410  0.677862  0.670988  0.742755  0.727520  0.797428  0.788488  0.830118  0.795498  0.835760  0.749067  0.559458  0.597302  0.700963  0.762321  0.833877  0.741345  0.754113  0.487759 0.0  0.078014  0.723613  0.817684  0.789896  0.758829  0.689665  0.721451  0.720632  0.828634  0.698032  0.720082  0.691290  0.360999  0.741993  0.588886  0.397241  0.703524  0.723559  0.695409  0.754534  0.777743  0.671701  0.760870  0.853708  0.668307  0.710211  0.724162  0.675498  0.684747  0.744991  0.799323  0.764111  0.581147  0.468685  0.823411  0.691920  0.777395  0.754056  0.729944  0.775410  0.761640  0.674139  0.715568  0.704975  0.637016  0.701845  0.735673  0.784117  0.696217  0.738133  0.844185  0.723519  0.650487  0.765765  0.735843  0.726873  0.791098  0.692837  0.892121  0.547588  0.761382  0.648839  0.835371  0.613913  0.721040  0.778080  0.761728  0.768918  0.420782  0.768208  0.691453  0.783092  0.784379  0.670317  0.747971  0.727653  0.768292  0.750836  0.770175  0.900954  0.632136  0.709405  0.802954  0.674067  0.700277  0.746652  0.677209  0.747357  0.770145  0.782921  0.648632  0.444781  0.781395  0.656282  0.794787  0.637840  0.581221  0.673817  0.731443  0.761303  0.713044  0.668424  0.810565  0.779189  0.709212  0.739623  0.666695  0.710121  0.542259  0.626306  0.765573  0.658549  0.716431  0.773955  0.257908  0.774991  0.791278  0.667951  0.617753  0.674763  0.670873 
25  0.813350  0.570959  0.781506  0.708796  0.763400  0.682974  0.696803  0.664172  0.727435  0.737008  0.812332  0.780183  0.638692  0.756469  0.886168  0.700393  0.625524  0.546441  0.785654  0.720709  0.636522  0.802949  0.641344  0.414880  0.078014 0.0  0.801467  0.663294  0.793455  0.706277  0.630649  0.747231  0.901177  0.791718  0.739359  0.695400  0.830786  0.395056  0.740568  0.696612  0.323355  0.797057  0.754454  0.802849  0.745433  0.792586  0.821106  0.695842  0.590581  0.773325  0.687039  0.665024  0.811304  0.726318  0.747324  0.727204  0.647336  0.569451  0.434534  0.715020  0.757363  0.755394  0.628515  0.664984  0.748737  0.798666  0.740703  0.665656  0.722586  0.632132  0.800751  0.719797  0.696865  0.759245  0.731560  0.623364  0.714386  0.819737  0.753965  0.756771  0.783653  0.614233  0.759315  0.678662  0.804329  0.736172  0.484679  0.681202  0.649826  0.844198  0.767039  0.783908  0.559250  0.513848  0.755904  0.705262  0.810136  0.741601  0.725884  0.878626  0.808515  0.723940  0.745533  0.868567  0.808038  0.710029  0.741992  0.564376  0.636409  0.709243  0.847438  0.818753  0.724926  0.781196  0.749416  0.743009  0.447858  0.713033  0.711544  0.697182  0.781664  0.711008  0.845216  0.758453  0.708020  0.649984  0.724722  0.783591  0.818946  0.832333  0.766438  0.831310  0.675061  0.711267  0.709403  0.684065  0.762235  0.733044  0.845289  0.311941  0.858573  0.836833  0.635919  0.808848  0.638751  0.870704 
26  0.274390  0.733569  0.860006  0.277762  0.273543  0.620610  0.260257  0.091896  0.379301  0.160639  0.234629  0.181713  0.187802  0.668476  0.346307  0.279333  0.738211  0.556507  0.208787  0.378742  0.236881  0.683245  0.140142  0.419273  0.723613  0.801467 0.0  0.154036  0.140260  0.250106  0.182682  0.249963  0.256733  0.139101  0.871429  0.243360  0.111271  0.648953  0.268841  0.661415  0.737528  0.258917  0.220689  0.282172  0.691404  0.258926  0.246788  0.268483  0.148278  0.140827  0.218895  0.174610  0.238215  0.161600  0.497681  0.092038  0.180319  0.254860  0.489186  0.090704  0.266146  0.209077  0.088791  0.660710  0.134285  0.246991  0.265641  0.841322  0.839030  0.265987  0.264949  0.286928  0.139786  0.383267  0.141311  0.269485  0.246268  0.292839  0.158590  0.748739  0.091627  0.133942  0.738073  0.261209  0.234292  0.283197  0.261448  0.078014  0.558810  0.135777  0.132443  0.106984  0.498987  0.432735  0.242366  0.578252  0.090955  0.836196  0.142943  0.089415  0.140197  0.090309  0.135617  0.143833  0.255155  0.107115  0.090739  0.823137  0.260462  0.268649  0.295368  0.238284  0.288081  0.231407  0.146301  0.260985  0.453963  0.331258  0.257074  0.649976  0.149163  0.229000  0.260960  0.739659  0.235346  0.267634  0.252126  0.467403  0.719572  0.252587  0.090905  0.234726  0.382431  0.423059  0.778860  0.247619  0.142870  0.137302  0.164938  0.665683  0.109047  0.265102  0.662808  0.149868  0.140823  0.150188 
