146
0 0.0  0.703804  0.843625  0.143929  0.185082  0.472995  0.129471  0.258097  0.395760  0.241002  0.092747  0.245295  0.207561  0.723118  0.314009  0.181865  0.727757  0.678620  0.196733  0.405441  0.163928  0.694050  0.277955  0.421895  0.729324  0.876835  0.280484  0.236403  0.282143  0.195626  0.268203  0.198633  0.184818  0.266040  0.554112  0.202161  0.253066  0.668165  0.186522  0.635415  0.659264  0.294395  0.102049  0.149579  0.630353  0.249651  0.204112  0.147549  0.233766  0.260847  0.143206  0.265424  0.091502  0.218816  0.400670  0.245901  0.238117  0.262675  0.454952  0.271961  0.273689  0.215956  0.260099  0.667685  0.274630  0.135675  0.148339  0.760334  0.710024  0.252137  0.141490  0.216421  0.278640  0.354438  0.247105  0.092677  0.163009  0.196154  0.158321  0.842016  0.254506  0.271002  0.832070  0.161257  0.182034  0.189562  0.298211  0.254048  0.685992  0.267260  0.250511  0.218891  0.557135  0.479064  0.113186  0.567778  0.274927  0.856005  0.284685  0.260114  0.290761  0.243673  0.296675  0.273645  0.198833  0.263291  0.255859  0.600009  0.140255  0.197710  0.175394  0.162916  0.213694  0.128732  0.295224  0.186575  0.455126  0.341178  0.178133  0.666232  0.240951  0.130347  0.196370  0.794914  0.122609  0.187431  0.178552  0.470710  0.855473  0.181578  0.264390  0.190552  0.410944  0.434879  0.747381  0.122994  0.242948  0.237258  0.241748  0.540900  0.282964  0.200413  0.754936  0.266775  0.290540  0.159316 
1  0.703804 0.0  0.216473  0.753862  0.875101  0.785541  0.723400  0.731772  0.857306  0.799383  0.647058  0.832363  0.786914  0.648596  0.835244  0.733270  0.728839  0.666210  0.802266  0.639537  0.852281  0.501696  0.759344  0.433156  0.728574  0.741526  0.668321  0.779321  0.808986  0.749994  0.791132  0.867611  0.836046  0.711558  0.498770  0.850941  0.771835  0.627448  0.780797  0.195969  0.665907  0.571101  0.764415  0.745301  0.748284  0.706407  0.732989  0.864520  0.719940  0.740389  0.800119  0.667560  0.824940  0.793010  0.740767  0.728091  0.875552  0.507909  0.438136  0.654068  0.858946  0.835037  0.590429  0.581155  0.685678  0.893043  0.795600  0.511527  0.624744  0.663998  0.735319  0.798747  0.732583  0.834455  0.737521  0.732903  0.767804  0.901536  0.665488  0.495276  0.731880  0.818708  0.659566  0.830330  0.767598  0.820580  0.600457  0.854049  0.615405  0.772899  0.750143  0.778442  0.779026  0.418551  0.779719  0.870792  0.806198  0.330098  0.658334  0.796576  0.953290  0.699430  0.716525  0.880078  0.817052  0.735696  0.657440  0.725519  0.787853  0.707194  1.000000  0.862502  0.697562  0.682954  0.803591  0.817813  0.390126  0.652955  0.809991  0.436262  0.751568  0.687186  0.836233  0.354150  0.729344  0.772363  0.760671  0.863067  0.703506  0.764299  0.795434  0.934107  0.585319  0.637105  0.790062  0.831953  0.817632  0.870717  0.867521  0.658957  0.794055  0.898975  0.624306  0.770124  0.838874  0.731505 
2  0.843625  0.216473 0.0  0.856506  0.928161  0.714259  0.943228  0.769421  0.810279  0.723256  0.999000  0.711593  0.789110  0.718438  0.769893  0.710595  0.790150  0.584051  0.668299  0.720979  0.852249  0.493922  0.751070  0.489839  0.601652  0.813609  0.841839  0.823063  0.786356  0.775104  0.790674  0.703980  0.843687  0.766289  0.497736  0.789297  0.671639  0.711860  0.786535  0.207816  0.624325  0.682044  0.882324  0.752926  0.718261  0.847628  0.809476  0.891095  0.717674  0.773870  0.813300  0.707455  0.817700  0.830561  0.813429  0.738418  0.873718  0.580683  0.389783  0.770554  0.812801  0.748367  0.850776  0.689428  0.733721  0.771433  0.760850  0.420359  0.750402  0.577046  0.759021  0.827157  0.886495  0.752660  0.801756  0.890513  0.898267  0.815822  0.830536  0.522618  0.827468  0.662378  0.825142  0.589529  0.676737  0.956537  0.684274  0.730905  0.556267  0.606279  0.824431  0.693693  0.838461  0.395183  0.867095  0.680202  0.686870  0.308342  0.760303  0.654051  0.824037  0.694565  0.782554  0.737289  0.798794  0.622216  0.773273  0.626531  0.763976  0.813268  0.654032  0.722552  0.662957  0.773869  0.786634  0.803503  0.406700  0.661643  0.856013  0.530224  0.776567  0.792880  0.858100  0.416861  0.821196  0.736356  0.806850  0.747618  0.785580  0.692802  0.751693  0.676170  0.735507  0.661089  0.896004  0.640414  0.688710  0.748727  0.774911  0.738961  0.740541  0.786258  0.700897  0.745258  0.615990  0.640766 
3  0.143929  0.753862  0.856506 0.0  0.203104  0.572337  0.092423  0.217073  0.377096  0.233425  0.135501  0.274537  0.227075  0.758915  0.396395  0.194189  0.717594  0.601710  0.208599  0.374175  0.164371  0.844287  0.242424  0.430345  0.790299  0.832243  0.247429  0.221476  0.258218  0.178915  0.267195  0.164612  0.201718  0.272310  0.668978  0.203342  0.206531  0.643774  0.206414  0.704057  0.617780  0.300472  0.127499  0.092865  0.612700  0.230552  0.216310  0.111968  0.268854  0.294182  0.133535  0.244379  0.138765  0.212039  0.513507  0.273460  0.257403  0.270509  0.440830  0.270899  0.251940  0.211089  0.228158  0.657803  0.245968  0.091909  0.095081  0.765169  0.711718  0.301084  0.147060  0.196848  0.277017  0.330277  0.259477  0.135317  0.172458  0.204874  0.147974  0.638320  0.273844  0.304376  0.670241  0.150650  0.171658  0.192108  0.272758  0.237581  0.485338  0.299097  0.232737  0.236179  0.472499  0.450201  0.145980  0.543604  0.266322  0.796399  0.268123  0.265231  0.247711  0.273689  0.268125  0.272125  0.198301  0.246764  0.253535  0.747922  0.090823  0.190403  0.181898  0.187956  0.198265  0.125494  0.253351  0.189353  0.473850  0.320213  0.192047  0.846995  0.289286  0.091808  0.175449  0.677142  0.136665  0.187218  0.170435  0.512450  0.688364  0.188581  0.254885  0.172588  0.409907  0.408844  0.761105  0.138887  0.276509  0.274530  0.260872  0.559426  0.284139  0.205974  0.499845  0.247685  0.303150  0.158684 
4  0.185082  0.875101  0.928161  0.203104 0.0  0.591922  0.206098  0.289774  0.371791  0.235090  0.205167  0.283740  0.199165  0.707210  0.389419  0.204428  0.758349  0.586110  0.206051  0.380390  0.169563  0.859218  0.261215  0.444792  0.725415  0.699208  0.280741  0.235982  0.263502  0.157756  0.290108  0.135328  0.201313  0.255549  0.684317  0.214444  0.215099  0.761633  0.144619  0.651422  0.702562  0.283573  0.182360  0.196318  0.547186  0.262945  0.197390  0.194045  0.296378  0.237212  0.199289  0.236243  0.226156  0.213987  0.417885  0.259701  0.272167  0.282160  0.429205  0.227524  0.219581  0.238073  0.250226  0.780890  0.288821  0.197322  0.188337  0.685457  0.872845  0.321470  0.183962  0.147521  0.273101  0.324369  0.254683  0.200944  0.125344  0.092833  0.155214  0.758195  0.286279  0.278092  0.742161  0.147793  0.180666  0.207272  0.264286  0.258418  0.668155  0.283130  0.242041  0.241508  0.531395  0.446279  0.201189  0.525087  0.295310  0.819956  0.249750  0.259752  0.282708  0.246195  0.262268  0.244907  0.200731  0.242658  0.256755  0.837123  0.190452  0.190509  0.202896  0.138127  0.092746  0.182352  0.286251  0.117173  0.466348  0.288650  0.202682  0.878701  0.258161  0.176865  0.161267  0.713168  0.165811  0.215710  0.173098  0.463607  0.837792  0.183284  0.276534  0.186481  0.400482  0.359266  0.706068  0.179360  0.255448  0.255130  0.244366  0.601151  0.299198  0.142473  0.547936  0.275117  0.260916  0.160393 
5  0.472995  0.785541  0.714259  0.572337  0.591922 0.0  0.536523  0.557689  0.489196  0.564651  0.498220  0.598671  0.496007  0.711374  0.558221  0.554058  0.677670  0.646063  0.534138  0.196280  0.586537  0.784815  0.521096  0.436563  0.743100  0.820216  0.560057  0.541569  0.545783  0.555769  0.591120  0.639361  0.566439  0.492632  0.698506  0.568668  0.520509  0.645177  0.475323  0.693712  0.641529  0.486285  0.476221  0.580732  0.642909  0.535447  0.511866  0.507984  0.531285  0.516491  0.571525  0.645730  0.616425  0.564692  0.447452  0.509060  0.533169  0.318620  0.427553  0.564764  0.559993  0.539330  0.497096  0.667860  0.526673  0.684136  0.523769  0.794801  0.825441  0.289163  0.529351  0.592987  0.545505  0.548928  0.529602  0.532319  0.605521  0.559564  0.528874  0.700761  0.508764  0.502044  0.683618  0.543521  0.515643  0.508644  0.255093  0.506086  0.642638  0.562021  0.541318  0.478599  0.127284  0.407144  0.549549  0.147939  0.515239  0.775934  0.590296  0.590712  0.573243  0.581508  0.593524  0.611191  0.551816  0.529475  0.482464  0.936921  0.590633  0.497226  0.557243  0.559246  0.678886  0.443419  0.604144  0.547971  0.466828  0.571257  0.538360  0.686915  0.509150  0.619273  0.575283  0.612506  0.527750  0.535432  0.449752  0.400020  0.771118  0.551675  0.510082  0.515529  0.364794  0.359970  0.785862  0.501801  0.516085  0.542571  0.571973  0.524569  0.613077  0.653011  0.682094  0.508821  0.543857  0.433484 
6  0.129471  0.723400  0.943228  0.092423  0.206098  0.536523 0.0  0.269928  0.335762  0.220814  0.152084  0.263562  0.190879  0.880411  0.336394  0.199364  0.744722  0.596233  0.218152  0.384706  0.159609  0.811566  0.262141  0.399268  0.790908  0.727273  0.259958  0.218705  0.225453  0.202177  0.248098  0.201045  0.176825  0.258901  0.897145  0.208051  0.262026  0.856111  0.168938  0.599603  0.705291  0.250744  0.134047  0.089283  0.839297  0.241200  0.196819  0.115886  0.276653  0.259662  0.142002  0.237913  0.156770  0.236086  0.480824  0.266927  0.268494  0.308150  0.424334  0.286487  0.249205  0.214990  0.257009  0.672918  0.281512  0.094705  0.092532  0.621886  0.913772  0.253554  0.143174  0.201001  0.242563  0.331628  0.262149  0.147387  0.174823  0.186821  0.157982  0.710629  0.279462  0.250004  0.624296  0.172661  0.175533  0.200130  0.280509  0.279763  0.661824  0.264609  0.223456  0.218873  0.456333  0.537109  0.163018  0.532381  0.259224  0.764428  0.266647  0.294948  0.268650  0.278981  0.266652  0.290039  0.205701  0.281722  0.261631  0.716606  0.090473  0.178014  0.206770  0.177717  0.177355  0.131252  0.241460  0.192715  0.428421  0.287471  0.187171  0.715123  0.279236  0.101236  0.188950  0.643066  0.128830  0.199054  0.172346  0.462874  0.673664  0.189377  0.279728  0.195437  0.349772  0.418824  0.718017  0.126935  0.272318  0.271661  0.241316  0.545334  0.276613  0.199295  0.569838  0.289644  0.250019  0.149320 
7  0.258097  0.731772  0.769421  0.217073  0.289774  0.557689  0.269928 0.0  0.378126  0.159062  0.278043  0.183873  0.203797  0.691244  0.382756  0.252920  0.683051  0.704008  0.206045  0.398189  0.228885  0.730202  0.143948  0.465138  0.677554  0.734797  0.092005  0.148277  0.142930  0.273753  0.191372  0.293735  0.257824  0.136842  0.784230  0.238770  0.109044  0.736756  0.271455  0.635603  0.622926  0.247853  0.243608  0.277598  0.789070  0.202321  0.259963  0.278347  0.145070  0.151126  0.257770  0.199336  0.242637  0.162423  0.469580  0.094544  0.177199  0.296079  0.428518  0.091851  0.264622  0.216380  0.092685  0.704098  0.147396  0.279047  0.252522  0.807408  0.731734  0.283421  0.251149  0.266383  0.141743  0.320689  0.142364  0.273229  0.230968  0.231727  0.158939  0.712799  0.080517  0.152135  0.825736  0.233794  0.237013  0.240244  0.266176  0.091320  0.701991  0.144702  0.146813  0.112475  0.476090  0.454970  0.249425  0.440202  0.080517  0.800123  0.147836  0.094497  0.136073  0.080517  0.139404  0.133844  0.282370  0.115148  0.080517  0.884249  0.271378  0.249695  0.255809  0.255215  0.264992  0.231344  0.130513  0.260956  0.474411  0.287254  0.257303  0.733786  0.138981  0.276651  0.249258  0.648977  0.255708  0.289802  0.246661  0.516962  0.694844  0.219487  0.093890  0.249980  0.387744  0.372904  0.756516  0.261395  0.147663  0.149228  0.160681  0.644058  0.113898  0.237481  0.651100  0.134072  0.144798  0.145032 
8  0.395760  0.857306  0.810279  0.377096  0.371791  0.489196  0.335762  0.378126 0.0  0.344279  0.381443  0.367143  0.358037  0.666919  0.111928  0.372902  0.662570  0.661285  0.334004  0.394049  0.373074  0.628668  0.374789  0.441701  0.665700  0.664156  0.311941  0.323243  0.368108  0.360350  0.383669  0.377814  0.372041  0.369790  0.725899  0.359315  0.338738  0.611231  0.338985  0.700237  0.648962  0.159702  0.355798  0.362020  0.745784  0.349008  0.425993  0.370050  0.373142  0.326515  0.337558  0.394138  0.360775  0.334061  0.413140  0.359301  0.358052  0.271004  0.405563  0.387868  0.361811  0.358812  0.382294  0.748126  0.357270  0.382256  0.381744  0.839698  0.852159  0.292674  0.342480  0.381889  0.364696  0.114534  0.343862  0.406881  0.363591  0.340087  0.267100  0.852257  0.344928  0.354097  0.673649  0.386013  0.324952  0.392542  0.304349  0.374330  0.611265  0.295930  0.329042  0.344591  0.552558  0.438246  0.370968  0.611375  0.372120  0.765673  0.332883  0.403921  0.363800  0.346519  0.360496  0.324626  0.352025  0.357763  0.326139  0.767209  0.350730  0.337671  0.379691  0.346334  0.439074  0.384154  0.371844  0.353634  0.376929  0.203192  0.377748  0.690664  0.407309  0.360902  0.343039  0.536281  0.390972  0.362722  0.370136  0.491713  0.821740  0.400274  0.417849  0.346852  0.415634  0.422804  0.688390  0.362793  0.355940  0.392742  0.349901  0.543044  0.371653  0.330303  0.685401  0.288450  0.331422  0.306711 
9  0.241002  0.799383  0.723256  0.233425  0.235090  0.564651  0.220814  0.159062  0.344279 0.0  0.232443  0.151381  0.175602  0.753594  0.369270  0.256900  0.724831  0.486517  0.213035  0.442801  0.217990  0.708866  0.163140  0.405157  0.780282  0.719937  0.149582  0.116040  0.171326  0.212601  0.158313  0.232614  0.257685  0.154304  0.703145  0.193819  0.174202  0.659552  0.222646  0.483229  0.676643  0.288916  0.225521  0.229544  0.696554  0.220824  0.249269  0.217205  0.162959  0.166215  0.213001  0.162519  0.236395  0.113998  0.513959  0.160655  0.165668  0.272553  0.439663  0.154012  0.232175  0.247866  0.158534  0.592285  0.175191  0.239450  0.239220  0.699502  0.900404  0.307610  0.219358  0.233840  0.157118  0.304874  0.157087  0.253792  0.252445  0.229043  0.171545  0.769160  0.177195  0.155912  0.770612  0.250419  0.253167  0.233518  0.278617  0.175170  0.600005  0.156782  0.163315  0.178780  0.443249  0.401768  0.215097  0.558735  0.158909  0.866341  0.148898  0.159234  0.160697  0.153185  0.161977  0.154745  0.230306  0.170327  0.160559  0.699455  0.205484  0.243259  0.247291  0.229724  0.235274  0.253843  0.159300  0.217237  0.409636  0.312232  0.242941  0.766062  0.162857  0.228244  0.215075  0.741285  0.215131  0.214296  0.230810  0.438278  0.755472  0.226975  0.153932  0.223818  0.358372  0.399213  0.852175  0.218236  0.156240  0.164923  0.115245  0.691994  0.169143  0.230856  0.629470  0.162684  0.163462  0.150719 
10  0.092747  0.647058  0.999000  0.135501  0.205167  0.498220  0.152084  0.278043  0.381443  0.232443 0.0  0.235969  0.203412  0.676864  0.367136  0.197558  0.608400  0.568131  0.194739  0.448676  0.153701  0.781409  0.255305  0.449588  0.754605  0.837999  0.281584  0.245088  0.278160  0.203084  0.265279  0.193335  0.188985  0.292858  0.915588  0.203359  0.211008  0.785282  0.187474  0.728652  0.686751  0.262394  0.096855  0.158335  0.665319  0.256988  0.192710  0.156323  0.240294  0.255930  0.141841  0.295547  0.088576  0.219512  0.432431  0.278240  0.265050  0.267566  0.426882  0.241243  0.264876  0.203274  0.282972  0.665142  0.243742  0.154780  0.130916  0.708003  0.885607  0.289301  0.145483  0.185402  0.293996  0.381382  0.249884  0.080517  0.177510  0.189116  0.151908  0.674366  0.252975  0.261012  0.731948  0.155158  0.180566  0.181683  0.268352  0.255069  0.564922  0.249889  0.264902  0.219251  0.456413  0.447731  0.126420  0.622748  0.274086  0.819683  0.265273  0.275910  0.257935  0.249095  0.250233  0.258872  0.196223  0.264143  0.273034  0.684104  0.139140  0.200255  0.189359  0.178784  0.184607  0.136013  0.267743  0.190410  0.409904  0.313379  0.196836  0.788159  0.289900  0.147256  0.203963  0.675295  0.132885  0.190181  0.174266  0.429920  0.736453  0.194109  0.275589  0.179343  0.354070  0.393804  0.811127  0.134483  0.257175  0.308257  0.199267  0.603406  0.249572  0.195497  0.645011  0.268013  0.286822  0.166962 
11  0.245295  0.832363  0.711593  0.274537  0.283740  0.598671  0.263562  0.183873  0.367143  0.151381  0.235969 0.0  0.200077  0.636700  0.339519  0.275284  0.704829  0.612043  0.213759  0.416869  0.219800  0.746918  0.178021  0.475999  0.731972  0.588573  0.179471  0.154744  0.187427  0.239518  0.128004  0.244198  0.235431  0.176247  0.818656  0.271330  0.147652  0.616170  0.258478  0.744345  0.610925  0.300938  0.257188  0.271753  0.673228  0.244790  0.227649  0.245687  0.174179  0.182149  0.247314  0.100799  0.247475  0.161329  0.418307  0.180276  0.101745  0.277190  0.422740  0.185767  0.240760  0.242262  0.183169  0.726042  0.177248  0.243548  0.244683  0.828114  0.800765  0.317477  0.264085  0.221879  0.178687  0.350126  0.203031  0.265260  0.264732  0.247312  0.169322  0.868611  0.172640  0.184208  0.821363  0.240456  0.255035  0.234303  0.293587  0.184463  0.636113  0.185601  0.166442  0.160128  0.496810  0.395316  0.266885  0.486483  0.180360  0.741472  0.168180  0.178188  0.174652  0.179959  0.183435  0.182943  0.261890  0.180220  0.191360  0.798781  0.243374  0.243872  0.280072  0.251010  0.272049  0.277992  0.182223  0.255757  0.453734  0.270857  0.274322  0.672114  0.169187  0.225466  0.261575  0.741396  0.241038  0.242722  0.248069  0.457973  0.653785  0.263630  0.175617  0.269233  0.320607  0.415110  0.786209  0.239736  0.172632  0.206014  0.164969  0.524713  0.169747  0.261636  0.610144  0.166896  0.186982  0.155530 
12  0.207561  0.786914  0.789110  0.227075  0.199165  0.496007  0.190879  0.203797  0.358037  0.175602  0.203412  0.200077 0.0  0.695139  0.328572  0.188886  0.694793  0.620054  0.133879  0.366601  0.195462  0.800486  0.203268  0.440873  0.677176  0.690419  0.198507  0.204521  0.216896  0.215867  0.199243  0.202893  0.198108  0.203920  0.791285  0.215232  0.194646  0.607902  0.209485  0.680859  0.754682  0.322559  0.179094  0.207465  0.818675  0.203107  0.216306  0.220206  0.189172  0.196886  0.196090  0.176473  0.206322  0.209843  0.447241  0.192071  0.185075  0.263273  0.465362  0.172647  0.206323  0.187000  0.201924  0.542245  0.203712  0.194454  0.219678  0.845129  0.704764  0.254435  0.184295  0.203243  0.201266  0.310437  0.201146  0.205575  0.201164  0.196631  0.167152  0.821671  0.215162  0.226786  0.787646  0.211044  0.206443  0.162819  0.273506  0.181215  0.687327  0.207746  0.204411  0.199366  0.503561  0.428253  0.206342  0.545724  0.225559  0.846374  0.208327  0.204472  0.208293  0.189680  0.220091  0.202563  0.221604  0.206223  0.184519  0.822064  0.224738  0.199631  0.201474  0.191692  0.211124  0.193320  0.184611  0.211520  0.503160  0.307399  0.195474  0.822162  0.225681  0.198636  0.215297  0.636874  0.207093  0.198444  0.222845  0.469824  0.809450  0.194655  0.192447  0.213282  0.408937  0.399733  0.615635  0.208190  0.183199  0.198368  0.209016  0.606956  0.198957  0.199958  0.762960  0.185592  0.207852  0.159733 
13  0.723118  0.648596  0.718438  0.758915  0.707210  0.711374  0.880411  0.691244  0.666919  0.753594  0.676864  0.636700  0.695139 0.0  0.783661  0.705356  0.806304  0.622472  0.735946  0.693895  0.722644  0.817954  0.872783  0.431295  0.694306  0.823901  0.866555  0.793525  0.713320  0.653911  0.775449  0.823732  0.789853  0.812719  0.795448  0.694123  0.593374  0.705850  0.687841  0.710313  0.744757  0.626700  0.711411  0.815084  0.151708  0.778250  0.774811  0.649386  0.620188  0.772642  0.600695  0.736938  0.751020  0.716655  0.609558  0.813106  0.728286  0.586643  0.452090  0.913027  0.806999  0.772007  0.786711  0.749263  0.737235  0.802590  0.667282  0.656980  0.670069  0.607674  0.823676  0.774085  0.693641  0.814947  0.762469  0.684729  0.686649  0.734341  0.709211  0.720792  0.696138  0.770686  0.674666  0.841115  0.676148  0.737542  0.594765  0.778419  0.649303  0.699102  0.857469  0.865041  0.792397  0.420148  0.790871  0.827753  0.683340  0.717561  0.840209  0.768433  0.734468  0.782683  0.755000  0.827397  0.737873  0.715430  0.798713  0.858249  0.702451  0.746199  0.643134  0.853650  0.754964  0.765022  0.736934  0.782379  0.395802  0.787620  0.685067  0.744616  0.710856  0.723005  0.712340  0.715216  0.788404  0.737769  0.677247  0.717266  0.442706  0.796863  0.610632  0.788286  0.669889  0.515743  0.804105  0.706841  0.767252  0.737454  0.735936  0.549383  0.821497  0.728394  0.704992  0.917639  0.820917  0.821852 
14  0.314009  0.835244  0.769893  0.396395  0.389419  0.558221  0.336394  0.382756  0.111928  0.369270  0.367136  0.339519  0.328572  0.783661 0.0  0.326161  0.647330  0.821826  0.361757  0.350573  0.359926  0.663652  0.348298  0.492515  0.731506  0.823884  0.326782  0.391917  0.398789  0.346150  0.325254  0.362264  0.390980  0.339489  0.733365  0.365536  0.347395  0.730162  0.370714  0.687037  0.773746  0.143389  0.378751  0.336747  0.733835  0.332811  0.365454  0.387047  0.361706  0.380449  0.329377  0.305980  0.339037  0.295977  0.492097  0.297676  0.382721  0.265233  0.442123  0.337532  0.319391  0.326419  0.363120  0.675174  0.299842  0.298042  0.306675  0.778622  0.925836  0.266602  0.394764  0.310729  0.340748  0.113278  0.293452  0.366341  0.368669  0.280861  0.279025  0.781834  0.335539  0.349260  0.761522  0.300088  0.312733  0.322874  0.277556  0.376642  0.626016  0.342674  0.344163  0.329749  0.480666  0.466888  0.336226  0.487010  0.313362  0.707451  0.386959  0.378747  0.373553  0.374038  0.364364  0.326598  0.342092  0.360730  0.276104  0.848417  0.317670  0.349327  0.370404  0.367593  0.328428  0.308685  0.318301  0.332721  0.404429  0.201643  0.332937  0.684943  0.378443  0.370353  0.380464  0.736450  0.385727  0.355963  0.318758  0.425101  0.718362  0.351109  0.329086  0.339597  0.371178  0.385814  0.788463  0.353114  0.338984  0.331336  0.286949  0.672476  0.339100  0.338307  0.670826  0.370998  0.379208  0.284042 
15  0.181865  0.733270  0.710595  0.194189  0.204428  0.554058  0.199364  0.252920  0.372902  0.256900  0.197558  0.275284  0.188886  0.705356  0.326161 0.0  0.503339  0.623159  0.190060  0.455979  0.111721  0.778638  0.285177  0.458150  0.662638  0.797556  0.241972  0.242207  0.263519  0.186715  0.229038  0.207502  0.095164  0.264594  0.799597  0.093847  0.244580  0.553299  0.195006  0.687564  0.733210  0.236294  0.170936  0.192267  0.697666  0.250705  0.092677  0.192550  0.255884  0.253223  0.184254  0.233662  0.191814  0.254974  0.501575  0.292204  0.271229  0.259554  0.420178  0.289447  0.258180  0.236367  0.260962  0.738120  0.268457  0.195047  0.172571  0.801773  0.840236  0.312202  0.179756  0.184260  0.309320  0.338589  0.242033  0.175264  0.161818  0.193749  0.154581  0.690254  0.246325  0.237055  0.815609  0.111251  0.099301  0.092555  0.283946  0.236480  0.658902  0.276923  0.246416  0.224450  0.466200  0.432594  0.179608  0.595567  0.307961  0.899923  0.253107  0.239631  0.285379  0.245030  0.250839  0.294268  0.093408  0.264884  0.267582  0.768295  0.181922  0.093669  0.092850  0.150696  0.207368  0.185155  0.272622  0.195971  0.438968  0.317587  0.092624  0.764314  0.252742  0.161894  0.187295  0.632366  0.192551  0.095283  0.099820  0.490470  0.794012  0.094920  0.240709  0.099007  0.384336  0.414306  0.827819  0.192739  0.259795  0.260749  0.227913  0.648809  0.257271  0.185603  0.588401  0.275705  0.244381  0.162148 
16  0.727757  0.728839  0.790150  0.717594  0.758349  0.677670  0.744722  0.683051  0.662570  0.724831  0.608400  0.704829  0.694793  0.806304  0.647330  0.503339 0.0  0.530209  0.703715  0.598114  0.643911  0.734074  0.618514  0.413464  0.743704  0.715844  0.616548  0.751633  0.666197  0.686998  0.675593  0.534033  0.767597  0.683618  0.694270  0.721988  0.799430  0.685556  0.765585  0.687478  0.800084  0.718640  0.686276  0.671264  0.702389  0.735259  0.761308  0.666709  0.650728  0.748928  0.793915  0.633139  0.692751  0.789970  0.670089  0.710152  0.657113  0.646496  0.439780  0.750254  0.751052  0.757933  0.674251  0.657145  0.732188  0.676472  0.555812  0.651995  0.503255  0.620499  0.651257  0.620477  0.666628  0.761607  0.761854  0.639433  0.644429  0.640926  0.810058  0.689912  0.669861  0.735990  0.731838  0.657316  0.687665  0.709813  0.650944  0.682716  0.267123  0.766949  0.642266  0.571472  0.704447  0.413986  0.669800  0.713643  0.597438  0.741787  0.624407  0.605551  0.674971  0.603075  0.544253  0.610384  0.608332  0.697582  0.681778  0.730478  0.617615  0.612053  0.599715  0.642120  0.694305  0.649846  0.705253  0.653948  0.483392  0.577531  0.669909  0.639790  0.656719  0.747100  0.661388  0.678935  0.795603  0.688352  0.734093  0.685467  0.749766  0.655245  0.609391  0.654701  0.711682  0.591007  0.705540  0.651718  0.713142  0.690781  0.740499  0.593479  0.692033  0.716356  0.649090  0.681817  0.712106  0.614185 
17  0.678620  0.666210  0.584051  0.601710  0.586110  0.646063  0.596233  0.704008  0.661285  0.486517  0.568131  0.612043  0.620054  0.622472  0.821826  0.623159  0.530209 0.0  0.692492  0.595667  0.563885  0.652616  0.635028  0.460636  0.590296  0.655797  0.585497  0.584803  0.540637  0.633007  0.554889  0.592518  0.664617  0.582305  0.533967  0.550847  0.601840  0.593812  0.633324  0.585898  0.578347  0.582140  0.662879  0.714770  0.696684  0.642373  0.595427  0.666047  0.518335  0.607534  0.607859  0.627961  0.653126  0.609236  0.594915  0.689981  0.586240  0.536923  0.449441  0.549249  0.688587  0.639795  0.601786  0.624782  0.518210  0.514209  0.658455  0.562619  0.556722  0.479163  0.619341  0.590963  0.587103  0.541708  0.679069  0.662235  0.600524  0.671257  0.580620  0.589538  0.610697  0.603021  0.531958  0.516680  0.577222  0.635634  0.667435  0.652082  0.483190  0.624764  0.683002  0.640217  0.562603  0.449584  0.666763  0.618739  0.598443  0.539342  0.655225  0.640140  0.627634  0.604850  0.573228  0.619431  0.550211  0.516249  0.514539  0.821679  0.586368  0.583321  0.641047  0.636278  0.612398  0.508351  0.483972  0.566180  0.473296  0.581024  0.664301  0.530400  0.557894  0.600423  0.594794  0.599566  0.490276  0.616412  0.597960  0.648645  0.596578  0.542689  0.600607  0.539337  0.623469  0.585452  0.561279  0.634248  0.570468  0.617383  0.622461  0.679545  0.599463  0.641726  0.590526  0.640059  0.682007  0.563458 
18  0.196733  0.802266  0.668299  0.208599  0.206051  0.534138  0.218152  0.206045  0.334004  0.213035  0.194739  0.213759  0.133879  0.735946  0.361757  0.190060  0.703715  0.692492 0.0  0.332956  0.200109  0.858217  0.221176  0.479227  0.646700  0.694389  0.222083  0.198792  0.196402  0.208170  0.183048  0.216632  0.192017  0.173373  0.764174  0.210708  0.200000  0.624812  0.217735  0.683677  0.746163  0.283223  0.202047  0.197549  0.707018  0.181256  0.193175  0.212613  0.203428  0.183332  0.214273  0.193324  0.198308  0.188929  0.469111  0.220059  0.188146  0.312837  0.414999  0.211027  0.200993  0.211584  0.187136  0.694189  0.208120  0.193129  0.184828  0.727904  0.786727  0.263642  0.201103  0.188570  0.218409  0.301993  0.184962  0.206875  0.224677  0.210220  0.162035  0.733134  0.187953  0.192694  0.793897  0.206441  0.183191  0.197143  0.275988  0.221031  0.570431  0.208748  0.204491  0.202177  0.457478  0.421361  0.203922  0.430139  0.185446  0.748296  0.195278  0.214842  0.210625  0.200707  0.197457  0.199969  0.198988  0.209069  0.214805  0.797303  0.175046  0.208473  0.179126  0.223429  0.208194  0.210145  0.204847  0.211663  0.443975  0.278898  0.196726  0.642639  0.203989  0.199485  0.190970  0.792757  0.191635  0.201743  0.198116  0.471433  0.688592  0.218767  0.194279  0.202679  0.358980  0.378486  0.845795  0.204584  0.212192  0.218294  0.211784  0.621043  0.210991  0.216121  0.774819  0.189661  0.210483  0.153770 
19  0.405441  0.639537  0.720979  0.374175  0.380390  0.196280  0.384706  0.398189  0.394049  0.442801  0.448676  0.416869  0.366601  0.693895  0.350573  0.455979  0.598114  0.595667  0.332956 0.0  0.389996  0.605175  0.365807  0.510900  0.566373  0.650860  0.435587  0.392666  0.366583  0.392468  0.333296  0.359905  0.413952  0.368699  0.695750  0.341777  0.406539  0.633213  0.419729  0.700684  0.771854  0.417104  0.399080  0.343623  0.708891  0.417597  0.398050  0.348226  0.392717  0.482919  0.355598  0.442908  0.429376  0.396485  0.408372  0.379921  0.345605  0.258658  0.461661  0.419476  0.344399  0.425885  0.433026  0.638573  0.335546  0.380020  0.420622  0.713595  0.621424  0.285153  0.351742  0.356992  0.395795  0.415990  0.369450  0.425132  0.422484  0.443908  0.382175  0.639655  0.410622  0.416613  0.688271  0.334429  0.400822  0.369573  0.305977  0.372811  0.627544  0.398399  0.403665  0.396016  0.206434  0.399516  0.389498  0.203230  0.391735  0.728359  0.384561  0.408469  0.370733  0.403841  0.417458  0.370326  0.478738  0.390809  0.396606  0.865360  0.421792  0.389448  0.452801  0.357754  0.463583  0.418190  0.404503  0.388685  0.419033  0.386552  0.351824  0.770301  0.431439  0.367054  0.401250  0.613609  0.314016  0.354695  0.414099  0.366683  0.740104  0.404753  0.459229  0.422203  0.372705  0.445450  0.679225  0.384747  0.345344  0.368654  0.397337  0.553865  0.439066  0.379524  0.746083  0.447605  0.381260  0.352521 
20  0.163928  0.852281  0.852249  0.164371  0.169563  0.586537  0.159609  0.228885  0.373074  0.217990  0.153701  0.219800  0.195462  0.722644  0.359926  0.111721  0.643911  0.563885  0.200109  0.389996 0.0  0.817452  0.216584  0.423228  0.749933  0.862404  0.219066  0.228845  0.234150  0.153433  0.262857  0.160702  0.115135  0.222939  0.827209  0.113442  0.224377  0.732789  0.160901  0.643407  0.827569  0.275381  0.156522  0.166423  0.740724  0.248101  0.115332  0.170617  0.222295  0.213134  0.142441  0.251917  0.158732  0.249089  0.412004  0.241216  0.237859  0.287289  0.469795  0.212236  0.202860  0.236859  0.208243  0.733296  0.200335  0.160817  0.165711  0.710811  0.741837  0.268928  0.163280  0.163003  0.235039  0.374911  0.217910  0.169165  0.149821  0.158034  0.145993  0.821629  0.254475  0.213239  0.865954  0.111384  0.108142  0.114362  0.297571  0.241080  0.471136  0.227359  0.237850  0.213752  0.459984  0.472295  0.150545  0.565861  0.221521  0.695558  0.211403  0.244019  0.230080  0.233537  0.234069  0.230672  0.108277  0.224985  0.230680  0.674546  0.161130  0.112539  0.107229  0.139865  0.166887  0.157462  0.240782  0.162093  0.434982  0.299820  0.112304  0.716433  0.227564  0.161044  0.154327  0.633557  0.156277  0.113661  0.106617  0.462309  0.786414  0.110249  0.254917  0.114938  0.333207  0.398405  0.850415  0.142517  0.226109  0.207445  0.235715  0.548452  0.247214  0.152158  0.698369  0.238888  0.236363  0.146704 
21  0.694050  0.501696  0.493922  0.844287  0.859218  0.784815  0.811566  0.730202  0.628668  0.708866  0.781409  0.746918  0.800486  0.817954  0.663652  0.778638  0.734074  0.652616  0.858217  0.605175  0.817452 0.0  0.735476  0.452697  0.805525  0.746366  0.813814  0.836026  0.740968  0.786426  0.728432  0.771457  0.735435  0.858707  0.131992  0.730792  0.715826  0.619113  0.792080  0.400129  0.688897  0.690677  0.868403  0.716688  0.838470  0.861591  0.822616  0.819628  0.657294  0.817123  0.718743  0.736663  0.812272  0.787671  0.783928  0.632984  0.749646  0.613027  0.450370  0.653741  0.718373  0.652031  0.916611  0.667828  0.815637  0.702925  0.862853  0.163241  0.826527  0.644612  0.781788  0.724968  0.805643  0.737123  0.820869  0.826276  0.678497  0.740460  0.649262  0.306699  0.680812  0.744230  0.775397  0.795071  0.767288  0.766920  0.557958  0.737079  0.596084  0.682442  0.623009  0.763273  0.803203  0.466975  0.706888  0.736163  0.713842  0.480569  0.673435  0.813136  0.737969  0.729164  0.771309  0.814731  0.836897  0.781380  0.740309  0.695546  0.786123  0.740039  0.726259  0.812474  0.783008  0.823364  0.638102  0.718555  0.443973  0.904869  0.874007  0.156260  0.720246  0.818154  0.796240  0.403182  0.803264  0.756265  0.697392  0.785666  0.607181  0.790418  0.708769  0.788603  0.748711  0.646259  0.836508  0.795253  0.782410  0.767089  0.740956  0.527530  0.758065  0.745489  0.701391  0.676239  0.757037  0.669464 
22  0.277955  0.759344  0.751070  0.242424  0.261215  0.521096  0.262141  0.143948  0.374789  0.163140  0.255305  0.178021  0.203268  0.872783  0.348298  0.285177  0.618514  0.635028  0.221176  0.365807  0.216584  0.735476 0.0  0.473617  0.700665  0.656312  0.156244  0.154218  0.136251  0.273424  0.177303  0.270743  0.266686  0.139042  0.649209  0.264343  0.108772  0.687361  0.265369  0.654188  0.718904  0.286512  0.248354  0.236266  0.773014  0.257895  0.272012  0.249039  0.138072  0.149702  0.233236  0.215954  0.257915  0.162912  0.495805  0.153157  0.190541  0.291510  0.333526  0.140509  0.284349  0.239665  0.141836  0.666968  0.130957  0.263048  0.263471  0.700560  0.872514  0.283943  0.283874  0.254329  0.157610  0.343498  0.146836  0.248640  0.255378  0.254869  0.163035  0.750041  0.140681  0.133107  0.763078  0.221521  0.246475  0.272567  0.236270  0.143326  0.624018  0.137014  0.152005  0.110716  0.492884  0.450321  0.258334  0.648146  0.136724  0.688019  0.152249  0.136909  0.140712  0.145567  0.144874  0.140425  0.248057  0.131143  0.144773  0.788460  0.293108  0.235659  0.243651  0.266661  0.271748  0.251778  0.137611  0.245532  0.361622  0.308123  0.247609  0.721369  0.152446  0.287364  0.249523  0.573383  0.272305  0.282459  0.279713  0.493910  0.687880  0.272426  0.139524  0.237276  0.387550  0.345782  0.738526  0.254020  0.146407  0.144049  0.148121  0.623510  0.136984  0.244133  0.730986  0.153632  0.114867  0.161196 
23  0.421895  0.433156  0.489839  0.430345  0.444792  0.436563  0.399268  0.465138  0.441701  0.405157  0.449588  0.475999  0.440873  0.431295  0.492515  0.458150  0.413464  0.460636  0.479227  0.510900  0.423228  0.452697  0.473617 0.0  0.405446  0.467350  0.442938  0.422770  0.470804  0.423082  0.441463  0.470326  0.435385  0.450161  0.462842  0.441222  0.448797  0.459021  0.440022  0.484222  0.345891  0.442705  0.400740  0.399641  0.443397  0.446889  0.393090  0.411071  0.404969  0.381851  0.416146  0.445084  0.426448  0.419593  0.430340  0.474625  0.444186  0.396236  0.476414  0.406712  0.449044  0.426738  0.448443  0.372094  0.412505  0.451987  0.484790  0.472679  0.475453  0.410643  0.441897  0.444067  0.481869  0.471137  0.479725  0.471493  0.433605  0.356736  0.403070  0.428290  0.464619  0.482390  0.400369  0.487371  0.405511  0.416619  0.362306  0.437794  0.475336  0.396147  0.430968  0.454707  0.468978  0.419407  0.455745  0.477729  0.399109  0.449241  0.364933  0.417500  0.427238  0.474996  0.434627  0.443690  0.438152  0.408653  0.394237  0.606144  0.471756  0.442787  0.475550  0.372090  0.390641  0.354291  0.429643  0.424726  0.386579  0.464132  0.392356  0.454508  0.496653  0.499592  0.443552  0.479066  0.489100  0.488077  0.394012  0.469526  0.476030  0.472674  0.423843  0.510023  0.422316  0.418145  0.494721  0.414547  0.406864  0.438100  0.447047  0.394068  0.416825  0.466397  0.423797  0.464569  0.403583  0.446796 
24  0.729324  0.728574  0.601652  0.790299  0.725415  0.743100  0.790908  0.677554  0.665700  0.780282  0.754605  0.731972  0.677176  0.694306  0.731506  0.662638  0.743704  0.590296  0.646700  0.566373  0.749933  0.805525  0.700665  0.405446 0.0  0.080517  0.734483  0.652311  0.731441  0.682567  0.719439  0.825484  0.678383  0.839176  0.691090  0.675677  0.702651  0.400341  0.744374  0.735101  0.391340  0.796570  0.731402  0.732777  0.691038  0.790480  0.743383  0.720950  0.676704  0.639691  0.656110  0.786004  0.710529  0.725527  0.759384  0.823647  0.780328  0.426962  0.435366  0.752655  0.691290  0.754440  0.710220  0.679717  0.614092  0.646077  0.702784  0.773431  0.831123  0.646949  0.762908  0.762851  0.734165  0.753617  0.853146  0.802255  0.806669  0.767144  0.620414  0.685064  0.766312  0.768049  0.674514  0.698483  0.758798  0.736081  0.520508  0.755161  0.661296  0.682653  0.784799  0.757755  0.744957  0.427596  0.805672  0.807770  0.697147  0.811723  0.810578  0.680454  0.724698  0.686017  0.798257  0.815754  0.702004  0.761545  0.671791  0.884980  0.828252  0.881136  0.644451  0.761571  0.683628  0.697237  0.628282  0.831437  0.405088  0.765419  0.791312  0.796365  0.749519  0.658556  0.667669  0.739784  0.738802  0.753573  0.689806  0.750204  0.732960  0.715232  0.813401  0.695112  0.680185  0.667557  0.705362  0.800748  0.669939  0.739644  0.614027  0.309444  0.800735  0.612800  0.642617  0.703364  0.697922  0.703160 
25  0.876835  0.741526  0.813609  0.832243  0.699208  0.820216  0.727273  0.734797  0.664156  0.719937  0.837999  0.588573  0.690419  0.823901  0.823884  0.797556  0.715844  0.655797  0.694389  0.650860  0.862404  0.746366  0.656312  0.467350  0.080517 0.0  0.810078  0.837372  0.779301  0.790762  0.712129  0.691325  0.767489  0.701675  0.668374  0.610764  0.791198  0.435769  0.750888  0.614406  0.453836  0.822676  0.730610  0.779707  0.743476  0.681339  0.715982  0.666333  0.750573  0.706960  0.744209  0.807636  0.823612  0.741526  0.821990  0.692223  0.781189  0.627684  0.428918  0.667212  0.738075  0.638006  0.850767  0.701455  0.627419  0.717131  0.717065  0.622927  0.723009  0.602517  0.789711  0.707844  0.787646  0.702853  0.847640  0.731514  0.652627  0.778056  0.885512  0.808222  0.731731  0.679937  0.782290  0.874512  0.707248  0.761979  0.548551  0.746869  0.566604  0.805654  0.767626  0.761023  0.852537  0.475109  0.678361  0.787496  0.742461  0.772546  0.866791  0.791108  0.706357  0.677586  0.715063  0.689968  0.602759  0.603103  0.692470  0.861176  0.751340  0.702959  0.727861  0.768080  0.697434  0.690820  0.721355  0.860390  0.387551  0.752665  0.711648  0.753355  0.632112  0.851965  0.829670  0.675313  0.661982  0.804841  0.767910  0.812593  0.640371  0.754188  0.784968  0.767810  0.672765  0.748324  0.878675  0.619232  0.731218  0.811373  0.738115  0.265721  0.669655  0.724313  0.764225  0.776439  0.832817  0.809738 
26  0.280484  0.668321  0.841839  0.247429  0.280741  0.560057  0.259958  0.092005  0.311941  0.149582  0.281584  0.179471  0.198507  0.866555  0.326782  0.241972  0.616548  0.585497  0.222083  0.435587  0.219066  0.813814  0.156244  0.442938  0.734483  0.810078 0.0  0.158858  0.145350  0.253136  0.178324  0.263617  0.230803  0.147143  0.739224  0.280040  0.110842  0.734932  0.251195  0.674675  0.752725  0.281812  0.250943  0.270240  0.660590  0.246092  0.224883  0.280135  0.155498  0.147942  0.278439  0.184331  0.267481  0.149768  0.441308  0.092446  0.174112  0.261496  0.409910  0.095704  0.234030  0.227863  0.093915  0.672091  0.150027  0.278315  0.258084  0.719013  0.759769  0.289742  0.267793  0.273422  0.140715  0.302285  0.137635  0.243013  0.262810  0.268403  0.159919  0.867157  0.094579  0.149864  0.858046  0.219526  0.243293  0.261257  0.300269  0.080517  0.599896  0.142530  0.152592  0.117644  0.477205  0.400719  0.259517  0.510565  0.093566  0.748317  0.151607  0.093895  0.140292  0.093363  0.141358  0.145870  0.232773  0.112941  0.090985  0.773079  0.252673  0.270294  0.241944  0.249143  0.268004  0.263266  0.144934  0.227749  0.382776  0.305607  0.255722  0.770308  0.153678  0.266745  0.266045  0.735137  0.261455  0.270728  0.264483  0.457662  0.737146  0.236528  0.094192  0.239064  0.434422  0.376978  0.673912  0.270565  0.147006  0.135881  0.158645  0.647836  0.111819  0.235386  0.733803  0.150089  0.143461  0.150247 
