146
0 0.0  0.884923  0.782099  0.161982  0.209297  0.634214  0.224640  0.446837  0.461892  0.327489  0.175450  0.288680  0.273011  0.746294  0.489177  0.343175  0.697594  0.650428  0.257146  0.431527  0.269644  0.857226  0.332046  0.458120  0.747212  0.873986  0.313765  0.231212  0.344137  0.252958  0.313632  0.226389  0.305524  0.297495  0.863040  0.237239  0.264523  0.642359  0.236332  0.762052  0.786999  0.426763  0.134185  0.194865  0.818689  0.373223  0.314262  0.243125  0.393622  0.339783  0.177532  0.280070  0.134383  0.205602  0.536404  0.392834  0.397331  0.327077  0.490793  0.370090  0.289836  0.289775  0.297368  0.660251  0.354914  0.186249  0.191551  0.844176  0.902882  0.239613  0.140966  0.250805  0.231514  0.472482  0.287508  0.113906  0.244883  0.212760  0.128923  0.769729  0.253613  0.345626  0.807847  0.183574  0.205715  0.203629  0.304808  0.329865  0.677885  0.331675  0.371575  0.313655  0.544704  0.383772  0.148663  0.699252  0.340368  0.892323  0.382560  0.389049  0.394983  0.332275  0.296602  0.295512  0.229801  0.318352  0.416923  0.723310  0.204969  0.311559  0.238116  0.339815  0.252204  0.199604  0.308097  0.289583  0.488764  0.444866  0.208614  0.802920  0.346507  0.177551  0.273741  0.827698  0.150836  0.282160  0.148634  0.572645  0.798744  0.326257  0.231224  0.191288  0.448880  0.461113  0.825627  0.175725  0.334007  0.270311  0.269580  0.757958  0.262823  0.319309  0.725230  0.353704  0.442111  0.126903 
1  0.884923 0.0  0.194665  0.836987  0.849882  0.830815  0.859279  0.869944  0.896294  0.813425  0.813829  0.820986  0.788226  0.762235  0.865452  0.897891  0.713215  0.537310  0.861293  0.668003  0.863022  0.567472  0.902502  0.472313  0.710880  0.851464  0.882681  0.743281  0.842739  0.809865  0.836940  0.855087  0.828269  0.804928  0.638534  0.855557  0.786818  0.670336  0.908014  0.297605  0.797998  0.820160  0.762181  0.829410  0.808542  0.845122  0.809881  0.822703  0.929019  0.853775  0.807925  0.784942  0.791536  0.898637  0.760849  0.865634  0.879074  0.628044  0.376521  0.861340  0.849446  0.819876  0.877161  0.762127  0.893413  0.822377  0.832428  0.528768  0.769847  0.575585  0.807974  0.717800  0.906974  0.870891  0.829521  0.895142  0.776064  0.772803  0.738883  0.563095  0.791283  0.917356  0.843736  0.838677  0.765067  0.775782  0.671285  0.758648  0.658948  0.837651  0.836663  0.799086  0.887911  0.434517  0.895447  0.812213  0.763513  0.420444  0.790138  0.862230  0.875575  0.836744  0.830366  0.846127  0.876016  0.864737  0.914468  0.655393  0.797984  0.808147  0.925525  0.861894  0.894780  0.875079  0.876380  0.828203  0.444650  0.855297  0.869737  0.502846  0.798726  0.974057  0.829910  0.397430  0.865290  0.806626  0.816522  0.789232  0.700980  0.831921  0.870298  0.822931  0.812569  0.712592  0.841890  0.891112  0.937272  0.801683  0.915151  0.585429  0.822208  0.771107  0.745007  0.776294  0.731189  0.762150 
2  0.782099  0.194665 0.0  0.740037  0.779505  0.879035  0.807411  0.827413  0.767481  0.845731  0.862738  0.857532  0.888714  0.736088  0.760262  0.628314  0.756322  0.672338  0.823550  0.803788  0.772813  0.567800  0.795884  0.444683  0.750487  0.801841  0.832010  0.825667  0.785026  0.803696  0.812506  0.820823  0.836197  0.773198  0.629030  0.886941  0.859462  0.637996  0.892627  0.233619  0.769905  0.766525  0.886159  0.927589  0.680832  0.735049  0.866736  0.771479  0.745606  0.830214  0.694713  0.824003  0.900480  0.790597  0.730394  0.858312  0.767553  0.682910  0.543675  0.807333  0.828903  0.875123  0.758817  0.738279  0.741073  0.809311  0.821627  0.565692  0.790586  0.638193  0.868939  0.814373  0.838677  0.783287  0.857453  0.795233  0.859009  0.842707  0.752095  0.700938  0.721852  0.745367  0.780012  0.863642  0.807055  0.821328  0.618124  0.759909  0.671834  0.865947  0.754059  0.781002  0.789747  0.477848  0.784340  0.816384  0.879177  0.425774  0.845160  0.808363  0.724794  0.772853  0.805828  0.809557  0.722589  0.842325  0.829493  0.769344  0.888182  0.854758  0.852031  0.806567  0.782054  0.794021  0.772157  0.814843  0.492902  0.701202  0.795845  0.560070  0.803027  0.804366  0.840795  0.400589  0.824608  0.767628  0.806331  0.712156  0.851677  0.874302  0.818311  0.761837  0.690565  0.727810  0.784205  0.847053  0.844840  0.870705  0.741132  0.551820  0.835389  0.709626  0.740558  0.816409  0.712937  0.798862 
3  0.161982  0.836987  0.740037 0.0  0.199753  0.668512  0.096570  0.336075  0.449029  0.243865  0.252588  0.283771  0.186455  0.832716  0.532087  0.132557  0.775187  0.624415  0.208466  0.500457  0.187814  0.806680  0.350372  0.434942  0.863729  0.657308  0.348250  0.301861  0.253276  0.208198  0.203292  0.295866  0.256473  0.382837  0.851507  0.252053  0.289897  0.657333  0.311446  0.673952  0.735615  0.343682  0.151099  0.196351  0.769222  0.436582  0.306751  0.243471  0.352969  0.384613  0.301447  0.255520  0.151902  0.392860  0.424653  0.355864  0.342749  0.402010  0.420901  0.358052  0.355020  0.308318  0.323765  0.660531  0.288253  0.140308  0.128703  0.778834  0.863796  0.236536  0.147475  0.246615  0.344385  0.453367  0.414254  0.223107  0.336057  0.261810  0.203262  0.840066  0.285625  0.305431  0.750519  0.196684  0.202900  0.232555  0.323035  0.313840  0.550862  0.318232  0.373407  0.301204  0.587080  0.489843  0.113094  0.582732  0.343379  0.905161  0.362887  0.329060  0.475611  0.384263  0.361433  0.403978  0.177854  0.344809  0.382216  0.789145  0.191171  0.130097  0.263944  0.184003  0.282836  0.172615  0.283973  0.288064  0.504353  0.469951  0.308903  0.759746  0.262222  0.096570  0.164387  0.727395  0.121166  0.186590  0.238612  0.491120  0.882492  0.222600  0.354339  0.162423  0.437217  0.430227  0.825436  0.180368  0.234086  0.311752  0.307286  0.753320  0.348395  0.406747  0.755764  0.306042  0.311563  0.176697 
4  0.209297  0.849882  0.779505  0.199753 0.0  0.633121  0.226185  0.439186  0.424091  0.279970  0.244460  0.282736  0.375302  0.826241  0.444625  0.226415  0.710330  0.567644  0.243225  0.553428  0.280774  0.792924  0.371838  0.447310  0.720376  0.722529  0.293541  0.294651  0.361344  0.219338  0.272386  0.172470  0.281565  0.346597  0.752691  0.251811  0.343121  0.682453  0.150496  0.648788  0.716263  0.314663  0.279965  0.304399  0.702170  0.256265  0.235725  0.233060  0.336769  0.363415  0.206137  0.293521  0.273965  0.250379  0.509520  0.411901  0.315934  0.260397  0.481133  0.318790  0.286430  0.275232  0.353224  0.708239  0.391541  0.161938  0.247210  0.716007  0.788362  0.235804  0.214968  0.298070  0.395310  0.474259  0.353011  0.333384  0.106671  0.122039  0.258404  0.780817  0.383885  0.367850  0.798647  0.185046  0.129506  0.221945  0.321046  0.301602  0.595985  0.288806  0.316522  0.262380  0.530325  0.364276  0.354058  0.583962  0.397471  0.798329  0.472045  0.395866  0.388859  0.314608  0.321334  0.344632  0.230362  0.337561  0.481279  0.745799  0.257661  0.179885  0.177717  0.216712  0.096570  0.199589  0.387728  0.129194  0.498227  0.302073  0.387963  0.757105  0.233623  0.297836  0.229540  0.675186  0.188241  0.280898  0.194364  0.495350  0.907174  0.268776  0.389983  0.286472  0.507811  0.407427  0.877387  0.178639  0.325015  0.411157  0.286194  0.621668  0.347511  0.225112  0.626932  0.321024  0.399385  0.209814 
5  0.634214  0.830815  0.879035  0.668512  0.633121 0.0  0.602596  0.717135  0.735790  0.545118  0.730260  0.645213  0.602473  0.737245  0.640633  0.656284  0.658713  0.648217  0.654955  0.299499  0.585094  0.801347  0.654406  0.470507  0.782570  0.790300  0.590792  0.661213  0.659967  0.686962  0.640665  0.652800  0.763577  0.599999  0.781538  0.645456  0.643824  0.669757  0.562351  0.718956  0.796730  0.535664  0.582578  0.692491  0.718133  0.578264  0.605807  0.729277  0.603396  0.610057  0.626044  0.631852  0.670768  0.538762  0.445078  0.657017  0.635138  0.249018  0.554457  0.711346  0.593103  0.614409  0.635521  0.752604  0.608543  0.580996  0.620396  0.816320  0.822154  0.363472  0.645815  0.596240  0.636065  0.597723  0.585716  0.657181  0.628188  0.677362  0.577147  0.844091  0.622297  0.636652  0.769953  0.596216  0.651562  0.699522  0.291931  0.647169  0.626512  0.648025  0.586323  0.540639  0.199451  0.444105  0.694639  0.212873  0.691008  0.787635  0.640902  0.624805  0.624858  0.647156  0.559479  0.651931  0.710780  0.630959  0.659668  0.743501  0.588039  0.643904  0.727441  0.552459  0.665105  0.560476  0.603765  0.619707  0.489978  0.601518  0.614755  0.710853  0.690569  0.647132  0.639502  0.685498  0.532435  0.607987  0.580587  0.548942  0.803729  0.703623  0.672233  0.585832  0.510611  0.410095  0.888984  0.722034  0.535552  0.684848  0.636437  0.639827  0.627122  0.623307  0.646100  0.726550  0.662571  0.453357 
6  0.224640  0.859279  0.807411  0.096570  0.226185  0.602596 0.0  0.325922  0.435805  0.162211  0.216828  0.304941  0.326891  0.807872  0.404503  0.265639  0.709057  0.576754  0.316327  0.428448  0.196662  0.795604  0.338058  0.439736  0.781786  0.860295  0.347599  0.243576  0.288098  0.296171  0.316256  0.307778  0.236474  0.375946  0.831622  0.406108  0.240723  0.638364  0.292859  0.724507  0.756307  0.220857  0.184516  0.096570  0.802125  0.353063  0.220473  0.203491  0.346675  0.388278  0.273668  0.302505  0.207878  0.244816  0.499035  0.331145  0.336015  0.285338  0.484786  0.408431  0.288532  0.319747  0.295609  0.809608  0.322276  0.096570  0.226709  0.794274  0.724780  0.354496  0.268880  0.343686  0.350745  0.403940  0.339856  0.153553  0.312867  0.255452  0.268179  0.834895  0.303737  0.311278  0.718372  0.190792  0.235457  0.336746  0.262069  0.322554  0.477154  0.272283  0.345199  0.327421  0.553490  0.475164  0.222970  0.632603  0.242986  0.875390  0.390760  0.404521  0.339668  0.398739  0.325064  0.356595  0.323792  0.345234  0.238008  0.740031  0.219329  0.316780  0.272170  0.218885  0.313696  0.158177  0.416113  0.206375  0.543600  0.434381  0.257756  0.781189  0.383601  0.096570  0.266523  0.757702  0.126413  0.316683  0.252142  0.557266  0.777911  0.265765  0.335080  0.227896  0.496881  0.378927  0.718813  0.096570  0.363264  0.406033  0.229148  0.609925  0.293456  0.354173  0.733889  0.303337  0.360348  0.251665 
7  0.446837  0.869944  0.827413  0.336075  0.439186  0.717135  0.325922 0.0  0.379425  0.174195  0.393665  0.218416  0.326109  0.866259  0.456001  0.293982  0.688290  0.578217  0.306072  0.383701  0.328157  0.763572  0.129344  0.449166  0.786292  0.844489  0.096570  0.296654  0.117950  0.303846  0.299650  0.378547  0.319156  0.198288  0.882773  0.362681  0.158827  0.681511  0.302049  0.665737  0.777867  0.360582  0.326200  0.324910  0.823958  0.320972  0.361830  0.425285  0.192473  0.267509  0.212996  0.194768  0.334700  0.249531  0.479707  0.143157  0.260969  0.288527  0.417021  0.143355  0.482019  0.219243  0.126308  0.744049  0.185706  0.376312  0.321203  0.945815  0.850616  0.326656  0.325616  0.331520  0.272575  0.415160  0.153806  0.218733  0.297704  0.258131  0.132027  0.779363  0.096570  0.164496  0.774276  0.302014  0.306003  0.383227  0.228431  0.178776  0.635105  0.198959  0.237742  0.096570  0.526277  0.475622  0.303378  0.615845  0.123293  0.795362  0.180807  0.169182  0.224548  0.096570  0.158063  0.132570  0.374767  0.176194  0.096570  0.788634  0.293400  0.338959  0.375073  0.353387  0.308439  0.350024  0.200332  0.340023  0.505855  0.392621  0.347662  0.748483  0.289706  0.346032  0.307709  0.589389  0.246012  0.406150  0.410417  0.466984  0.811182  0.344050  0.163911  0.391477  0.402246  0.517140  0.796216  0.395575  0.260020  0.189384  0.220812  0.586386  0.156736  0.298311  0.705580  0.205105  0.219838  0.203649 
8  0.461892  0.896294  0.767481  0.449029  0.424091  0.735790  0.435805  0.379425 0.0  0.377492  0.406045  0.425510  0.297551  0.748441  0.101967  0.412815  0.700699  0.666913  0.408306  0.452277  0.462678  0.852734  0.407278  0.498615  0.825925  0.831006  0.433766  0.405783  0.392180  0.339287  0.442915  0.573396  0.370221  0.462119  0.761657  0.382212  0.450651  0.710545  0.432897  0.770298  0.705647  0.157378  0.371568  0.303575  0.776576  0.341077  0.455244  0.542797  0.535786  0.450422  0.422046  0.344921  0.399467  0.479740  0.549562  0.463340  0.467626  0.251269  0.518853  0.480058  0.403173  0.426318  0.477448  0.781038  0.423857  0.501486  0.559405  0.857102  0.832826  0.357752  0.447359  0.447236  0.520746  0.176908  0.518072  0.521013  0.456281  0.434168  0.368077  0.809185  0.340124  0.306700  0.722216  0.317480  0.498314  0.419484  0.304611  0.410011  0.608346  0.487011  0.405546  0.431396  0.537952  0.419934  0.517819  0.589403  0.533551  0.833238  0.344723  0.424557  0.421949  0.398293  0.443847  0.456907  0.486775  0.481814  0.451062  0.774191  0.391496  0.412788  0.471738  0.409787  0.409290  0.418745  0.404302  0.479183  0.476109  0.322673  0.349325  0.814793  0.421141  0.458558  0.439572  0.725887  0.470424  0.435849  0.539196  0.588660  0.772209  0.496489  0.374830  0.382219  0.397055  0.450946  0.824558  0.422477  0.442264  0.482154  0.358537  0.632364  0.480824  0.361486  0.563461  0.415626  0.380035  0.277213 
9  0.327489  0.813425  0.845731  0.243865  0.279970  0.545118  0.162211  0.174195  0.377492 0.0  0.312753  0.197223  0.297973  0.717254  0.366103  0.328681  0.743692  0.599318  0.279489  0.501725  0.323293  0.775527  0.260300  0.460700  0.851616  0.786380  0.219028  0.135947  0.201493  0.275734  0.232379  0.296661  0.284522  0.316976  0.775325  0.268579  0.213793  0.788428  0.346778  0.742051  0.713021  0.412530  0.286208  0.306577  0.683403  0.297384  0.310735  0.352268  0.211239  0.220427  0.243536  0.141092  0.231295  0.096570  0.443569  0.196991  0.151696  0.348777  0.532655  0.194847  0.324968  0.276775  0.241657  0.698716  0.211035  0.368723  0.273274  0.711849  0.724276  0.343342  0.288134  0.203148  0.228779  0.413768  0.245866  0.262365  0.271667  0.284141  0.166901  0.851843  0.222983  0.117925  0.749653  0.293882  0.198367  0.346338  0.289328  0.232556  0.582811  0.185576  0.159089  0.196528  0.511915  0.404927  0.379177  0.609210  0.195624  0.839682  0.117332  0.209178  0.189041  0.221267  0.244656  0.138351  0.327435  0.194297  0.201300  0.732043  0.264931  0.282323  0.327229  0.251766  0.270122  0.287092  0.182850  0.334603  0.517933  0.428939  0.373936  0.728873  0.116556  0.248907  0.252640  0.785287  0.290135  0.296320  0.330874  0.506141  0.726638  0.313727  0.202697  0.168666  0.373468  0.507596  0.858700  0.249936  0.227230  0.206883  0.114882  0.642536  0.132070  0.346109  0.801155  0.198137  0.172727  0.286637 
10  0.175450  0.813829  0.862738  0.252588  0.244460  0.730260  0.216828  0.393665  0.406045  0.312753 0.0  0.349698  0.341671  0.840616  0.490465  0.254633  0.746785  0.628126  0.227809  0.474881  0.235346  0.783785  0.295667  0.420316  0.733728  0.791510  0.272461  0.325265  0.340689  0.286000  0.222024  0.284922  0.237817  0.402809  0.834245  0.301391  0.337154  0.698625  0.243022  0.757441  0.736336  0.332067  0.156042  0.178657  0.770356  0.372941  0.247078  0.190089  0.377318  0.343754  0.136064  0.383644  0.165756  0.291370  0.545211  0.483281  0.366235  0.350666  0.447294  0.352781  0.348152  0.333903  0.410039  0.665312  0.356086  0.121815  0.229508  0.713793  0.891584  0.426005  0.251706  0.251011  0.384529  0.481760  0.341074  0.112783  0.254024  0.183203  0.226186  0.862790  0.300272  0.448368  0.766813  0.159048  0.270717  0.271651  0.226177  0.416731  0.602856  0.289968  0.325630  0.218154  0.632801  0.389422  0.253995  0.633243  0.369806  0.818478  0.362980  0.374788  0.407907  0.445907  0.309385  0.285702  0.265195  0.337237  0.384905  0.734156  0.096570  0.277150  0.285670  0.286909  0.323992  0.159806  0.307023  0.220134  0.466357  0.411262  0.220971  0.817848  0.326362  0.232883  0.337857  0.705359  0.123489  0.308619  0.256647  0.472965  0.809565  0.279258  0.361724  0.305668  0.462160  0.453176  0.787775  0.122824  0.385448  0.427878  0.264739  0.645176  0.288732  0.207385  0.721836  0.312983  0.328726  0.299541 
11  0.288680  0.820986  0.857532  0.283771  0.282736  0.645213  0.304941  0.218416  0.425510  0.197223  0.349698 0.0  0.307863  0.655035  0.522968  0.303676  0.753654  0.522065  0.243475  0.408650  0.265452  0.757512  0.162790  0.512737  0.812621  0.838724  0.290384  0.110741  0.289382  0.335039  0.146982  0.408020  0.407645  0.173628  0.850206  0.313602  0.186561  0.760472  0.279373  0.686631  0.702102  0.369908  0.355896  0.322076  0.782164  0.481561  0.313873  0.364778  0.191693  0.190324  0.439870  0.114056  0.380293  0.185843  0.516155  0.312599  0.119047  0.369355  0.442287  0.253616  0.361464  0.260021  0.188946  0.687214  0.183187  0.362357  0.291406  0.791273  0.955516  0.288256  0.328197  0.307779  0.264630  0.478180  0.200416  0.325852  0.294803  0.422063  0.111060  0.793886  0.235975  0.327797  0.728729  0.254297  0.296843  0.294441  0.421233  0.127978  0.634729  0.230876  0.161296  0.113991  0.513082  0.489034  0.347957  0.545508  0.194884  0.862744  0.240237  0.192701  0.236730  0.295271  0.146648  0.150215  0.298769  0.345740  0.259678  0.697879  0.310002  0.283256  0.359298  0.308287  0.294396  0.386156  0.288306  0.346505  0.467781  0.356570  0.437615  0.783926  0.222364  0.342901  0.283034  0.664160  0.380978  0.322136  0.334777  0.464088  0.856480  0.346707  0.259685  0.403992  0.485254  0.507707  0.805459  0.353032  0.213761  0.203938  0.178656  0.566551  0.263867  0.317528  0.774771  0.242683  0.235474  0.236988 
12  0.273011  0.788226  0.888714  0.186455  0.375302  0.602473  0.326891  0.326109  0.297551  0.297973  0.341671  0.307863 0.0  0.734763  0.451143  0.236567  0.669770  0.697790  0.150560  0.396987  0.219020  0.712601  0.208190  0.348992  0.839101  0.794970  0.212516  0.258688  0.263973  0.329964  0.227427  0.212009  0.218022  0.261613  0.802467  0.234070  0.173019  0.750485  0.293213  0.738307  0.648083  0.357272  0.232854  0.348204  0.804455  0.184999  0.247033  0.232115  0.182524  0.226498  0.215956  0.278138  0.291554  0.260477  0.513037  0.232962  0.216524  0.350202  0.456316  0.251348  0.226885  0.258180  0.279739  0.719560  0.177952  0.222212  0.235341  0.751661  0.788310  0.294728  0.229970  0.184236  0.301067  0.425740  0.198689  0.268334  0.292333  0.206723  0.263820  0.708370  0.293440  0.210027  0.818646  0.372105  0.237324  0.254638  0.245015  0.276123  0.552209  0.226153  0.170008  0.277403  0.515573  0.513504  0.259060  0.539641  0.379773  0.762245  0.242705  0.224073  0.286562  0.381937  0.219759  0.221829  0.209191  0.314296  0.208827  0.689188  0.303162  0.303521  0.304114  0.288089  0.221474  0.199316  0.261360  0.272905  0.442763  0.347086  0.278635  0.772531  0.263609  0.224210  0.234882  0.805020  0.343882  0.183345  0.229101  0.551640  0.793235  0.206761  0.276388  0.236688  0.467661  0.394453  0.799557  0.164899  0.400976  0.170994  0.302104  0.643236  0.224815  0.228582  0.611019  0.227925  0.239847  0.188534 
13  0.746294  0.762235  0.736088  0.832716  0.826241  0.737245  0.807872  0.866259  0.748441  0.717254  0.840616  0.655035  0.734763 0.0  0.864123  0.770136  0.761081  0.609075  0.825863  0.743446  0.773839  0.672274  0.787090  0.476035  0.741423  0.758488  0.883524  0.731822  0.745414  0.753829  0.785056  0.833876  0.729904  0.797321  0.791475  0.757416  0.818899  0.632077  0.765242  0.710314  0.627396  0.792555  0.718969  0.849791  0.249660  0.758282  0.831893  0.865909  0.792364  0.898689  0.806146  0.800465  0.742713  0.645473  0.775780  0.758341  0.764885  0.597684  0.338459  0.772991  0.820667  0.773338  0.677119  0.706825  0.785834  0.802418  0.822327  0.617226  0.774084  0.618793  0.738961  0.734280  0.911615  0.742555  0.713144  0.782883  0.819768  0.784985  0.842244  0.819426  0.851072  0.867101  0.833362  0.718058  0.804341  0.779099  0.650047  0.802433  0.597665  0.734758  0.794593  0.824125  0.823239  0.493649  0.772673  0.797314  0.743976  0.640590  0.740715  0.693575  0.796471  0.808772  0.763204  0.835612  0.758765  0.732735  0.813456  0.721282  0.866875  0.742531  0.710500  0.763009  0.729544  0.788498  0.872488  0.734227  0.418817  0.776518  0.793962  0.753439  0.736824  0.789739  0.750306  0.735648  0.719957  0.787056  0.825327  0.781227  0.429823  0.734626  0.724422  0.799841  0.669193  0.666659  0.747184  0.762435  0.758531  0.800083  0.772062  0.724304  0.662900  0.768457  0.763179  0.657272  0.704152  0.750345 
14  0.489177  0.865452  0.760262  0.532087  0.444625  0.640633  0.404503  0.456001  0.101967  0.366103  0.490465  0.522968  0.451143  0.864123 0.0  0.395389  0.660281  0.628502  0.292185  0.378713  0.448208  0.767144  0.446873  0.399567  0.800301  0.799430  0.431411  0.511486  0.375754  0.408247  0.479729  0.353477  0.441775  0.444756  0.930121  0.348966  0.448426  0.647842  0.394699  0.729999  0.736319  0.157263  0.392241  0.434369  0.841663  0.288547  0.405431  0.441797  0.392640  0.411492  0.525472  0.403501  0.432819  0.504618  0.481919  0.378164  0.425912  0.316711  0.495726  0.414359  0.397784  0.430541  0.464440  0.646549  0.381015  0.324764  0.427309  0.816829  0.800257  0.361583  0.458571  0.397840  0.412064  0.180904  0.323550  0.328800  0.467293  0.438693  0.383910  0.802303  0.455667  0.418667  0.822505  0.371919  0.499844  0.371048  0.378971  0.454683  0.585109  0.444077  0.489975  0.453760  0.557245  0.489302  0.438124  0.672177  0.402156  0.880824  0.472233  0.371087  0.451040  0.553286  0.367892  0.401219  0.406244  0.399383  0.366184  0.759605  0.391577  0.381553  0.324408  0.476170  0.435887  0.332378  0.542424  0.486736  0.374005  0.156058  0.390580  0.793134  0.405082  0.393141  0.413782  0.692059  0.418468  0.337897  0.425903  0.516672  0.787624  0.397077  0.526928  0.411656  0.448741  0.420375  0.858587  0.510335  0.426801  0.414645  0.384954  0.631892  0.398061  0.369459  0.663429  0.447057  0.436527  0.386007 
15  0.343175  0.897891  0.628314  0.132557  0.226415  0.656284  0.265639  0.293982  0.412815  0.328681  0.254633  0.303676  0.236567  0.770136  0.395389 0.0  0.737057  0.604006  0.356084  0.411427  0.123131  0.755673  0.336938  0.516447  0.754081  0.738911  0.326614  0.383141  0.401025  0.250121  0.289173  0.250573  0.096570  0.374903  0.871039  0.096570  0.291949  0.779749  0.349292  0.847071  0.717720  0.341165  0.230135  0.284383  0.743120  0.396077  0.096570  0.209600  0.329922  0.329819  0.215882  0.348174  0.206847  0.340907  0.474375  0.261981  0.344972  0.385319  0.479923  0.278842  0.293165  0.315706  0.331989  0.713969  0.410827  0.252600  0.367067  0.689956  0.878601  0.322711  0.318908  0.250568  0.279830  0.469456  0.283564  0.265706  0.252043  0.298312  0.222648  0.831983  0.389247  0.329013  0.743081  0.142780  0.096570  0.105430  0.312446  0.358421  0.538430  0.316357  0.378411  0.368424  0.567959  0.386870  0.329299  0.577243  0.330780  0.856178  0.346825  0.351581  0.311724  0.329634  0.292618  0.299568  0.157415  0.382932  0.319105  0.711281  0.234526  0.096570  0.096570  0.175056  0.194413  0.207512  0.295332  0.316432  0.476121  0.366360  0.096570  0.879923  0.289793  0.270220  0.256954  0.760504  0.346643  0.135211  0.146411  0.476924  0.854594  0.150794  0.273983  0.096570  0.462074  0.416641  0.943779  0.182621  0.358401  0.350125  0.281313  0.563887  0.275628  0.238341  0.749287  0.332511  0.303805  0.157928 
16  0.697594  0.713215  0.756322  0.775187  0.710330  0.658713  0.709057  0.688290  0.700699  0.743692  0.746785  0.753654  0.669770  0.761081  0.660281  0.737057 0.0  0.634752  0.639374  0.782662  0.716129  0.771256  0.741772  0.426843  0.735726  0.833229  0.830116  0.688854  0.721757  0.761731  0.654262  0.699171  0.781775  0.759139  0.712795  0.774771  0.683868  0.731231  0.709329  0.723526  0.730706  0.695543  0.785244  0.732956  0.708682  0.817450  0.712433  0.758486  0.754690  0.757176  0.678128  0.694264  0.709753  0.701429  0.610012  0.805726  0.715804  0.587571  0.465822  0.718775  0.654969  0.676075  0.656380  0.771035  0.762365  0.744142  0.666050  0.685053  0.776228  0.652454  0.638833  0.794216  0.724815  0.743517  0.710682  0.772439  0.643497  0.672421  0.692267  0.733646  0.713797  0.896464  0.716306  0.797821  0.758500  0.714218  0.627109  0.705398  0.262453  0.701129  0.748320  0.680455  0.834406  0.398109  0.677232  0.721754  0.670922  0.625260  0.697571  0.689545  0.648704  0.747609  0.745050  0.667258  0.747064  0.660031  0.707971  0.686924  0.695943  0.710843  0.668767  0.616882  0.736926  0.733197  0.690708  0.724971  0.488811  0.738680  0.754420  0.677877  0.666738  0.729867  0.754579  0.728938  0.744422  0.733606  0.682942  0.644350  0.721983  0.714425  0.742024  0.756906  0.627027  0.799555  0.720418  0.693993  0.697608  0.733483  0.681394  0.587367  0.747077  0.743640  0.769256  0.715284  0.678986  0.696303 
17  0.650428  0.537310  0.672338  0.624415  0.567644  0.648217  0.576754  0.578217  0.666913  0.599318  0.628126  0.522065  0.697790  0.609075  0.628502  0.604006  0.634752 0.0  0.726429  0.641098  0.599572  0.754202  0.639296  0.448112  0.668342  0.592110  0.651396  0.628337  0.604181  0.652037  0.591112  0.725702  0.558409  0.769082  0.602478  0.608216  0.642973  0.569978  0.678183  0.595245  0.707578  0.720684  0.603709  0.605483  0.549017  0.693288  0.647494  0.643074  0.710984  0.685671  0.777801  0.578145  0.553883  0.694238  0.613941  0.553113  0.651164  0.593608  0.466815  0.576665  0.635985  0.609048  0.662822  0.547858  0.732930  0.573408  0.603411  0.643672  0.644077  0.637611  0.569156  0.715705  0.631415  0.630147  0.713445  0.621620  0.616128  0.614195  0.546704  0.650701  0.566301  0.586205  0.569839  0.530947  0.654818  0.580465  0.610859  0.563994  0.677110  0.599756  0.656207  0.618018  0.715017  0.437269  0.507853  0.606659  0.594586  0.626758  0.640838  0.638282  0.614406  0.689678  0.549840  0.671512  0.659943  0.606483  0.600496  0.693266  0.578564  0.597371  0.692273  0.715289  0.619146  0.614416  0.594725  0.628070  0.538058  0.665606  0.629598  0.600168  0.609326  0.654396  0.628754  0.605521  0.667045  0.658832  0.594858  0.615075  0.729020  0.700440  0.482956  0.596167  0.603387  0.684537  0.597049  0.593651  0.619472  0.578762  0.573200  0.576353  0.629611  0.584599  0.673099  0.674199  0.513778  0.667726 
18  0.257146  0.861293  0.823550  0.208466  0.243225  0.654955  0.316327  0.306072  0.408306  0.279489  0.227809  0.243475  0.150560  0.825863  0.292185  0.356084  0.639374  0.726429 0.0  0.478948  0.368921  0.760499  0.232503  0.474755  0.823997  0.817999  0.212381  0.212941  0.198831  0.270054  0.339926  0.196394  0.238539  0.261513  0.801552  0.298025  0.337507  0.673814  0.243060  0.717368  0.649007  0.348666  0.365808  0.191296  0.779206  0.297714  0.225147  0.274419  0.235822  0.312876  0.265885  0.176066  0.217307  0.313751  0.465753  0.284094  0.157201  0.423836  0.445927  0.305230  0.275264  0.175080  0.237633  0.785977  0.142848  0.349964  0.259291  0.791553  0.804342  0.258167  0.288907  0.300002  0.343366  0.333962  0.250847  0.413305  0.225436  0.275943  0.163244  0.707050  0.249101  0.194817  0.821173  0.204346  0.174363  0.278282  0.228180  0.263381  0.742132  0.266783  0.313499  0.169284  0.558295  0.474489  0.211023  0.711560  0.170204  0.707466  0.230940  0.276142  0.302208  0.222154  0.257407  0.148455  0.247326  0.232368  0.251779  0.793918  0.217583  0.260953  0.273988  0.264904  0.201441  0.244958  0.221482  0.270941  0.476396  0.385882  0.218910  0.752853  0.342306  0.242952  0.349305  0.599557  0.284695  0.176985  0.291927  0.534217  0.754127  0.269964  0.247585  0.200974  0.382293  0.395770  0.824254  0.168149  0.263765  0.248007  0.255462  0.604315  0.233781  0.224544  0.716835  0.223747  0.282731  0.278543 
19  0.431527  0.668003  0.803788  0.500457  0.553428  0.299499  0.428448  0.383701  0.452277  0.501725  0.474881  0.408650  0.396987  0.743446  0.378713  0.411427  0.782662  0.641098  0.478948 0.0  0.453396  0.708389  0.409315  0.443512  0.716042  0.727211  0.527861  0.550419  0.290189  0.434289  0.457119  0.375825  0.450678  0.398952  0.708853  0.525329  0.445570  0.781028  0.423869  0.755881  0.701330  0.513440  0.411467  0.385473  0.715289  0.491609  0.388604  0.419451  0.365233  0.405344  0.521064  0.458891  0.440174  0.490498  0.474887  0.472869  0.395710  0.244382  0.528301  0.414766  0.382174  0.410811  0.450803  0.633746  0.495195  0.454838  0.433551  0.708392  0.783469  0.321515  0.482346  0.392713  0.475308  0.464773  0.473340  0.385779  0.394044  0.372143  0.400979  0.683170  0.354923  0.405246  0.721466  0.471863  0.379158  0.457383  0.325114  0.490301  0.654858  0.401019  0.456078  0.466494  0.170473  0.395033  0.499601  0.183740  0.436559  0.606204  0.388378  0.450393  0.416948  0.455173  0.512033  0.376338  0.344293  0.411717  0.387807  0.691814  0.360135  0.431170  0.402403  0.377761  0.439319  0.350059  0.411272  0.464737  0.476901  0.463033  0.384417  0.681329  0.499346  0.438496  0.419712  0.736734  0.424982  0.368157  0.477543  0.418468  0.669934  0.449963  0.443614  0.345031  0.422648  0.355714  0.735868  0.471756  0.444270  0.460179  0.432316  0.619360  0.454821  0.360519  0.689099  0.483174  0.411214  0.447159 
20  0.269644  0.863022  0.772813  0.187814  0.280774  0.585094  0.196662  0.328157  0.462678  0.323293  0.235346  0.265452  0.219020  0.773839  0.448208  0.123131  0.716129  0.599572  0.368921  0.453396 0.0  0.729553  0.291225  0.479874  0.808637  0.799532  0.261659  0.348175  0.295627  0.179077  0.261539  0.137667  0.134136  0.247670  0.897429  0.227710  0.270887  0.680144  0.195328  0.654021  0.655077  0.300768  0.261912  0.096570  0.686815  0.243144  0.247175  0.140397  0.383826  0.280594  0.223627  0.277447  0.229710  0.291733  0.579459  0.244131  0.290203  0.335708  0.450505  0.278014  0.309315  0.272426  0.312067  0.790861  0.273104  0.177646  0.210239  0.764141  0.837515  0.341993  0.237829  0.139930  0.270513  0.361807  0.302646  0.160479  0.290570  0.234156  0.212329  0.794321  0.170489  0.299043  0.690644  0.237043  0.097626  0.108597  0.350540  0.250325  0.619599  0.419726  0.350497  0.333868  0.564158  0.547475  0.231448  0.586502  0.363887  0.878748  0.402467  0.230178  0.242847  0.199655  0.257627  0.264971  0.171490  0.328204  0.268368  0.724527  0.245144  0.152476  0.133428  0.096570  0.302577  0.174447  0.328312  0.182260  0.450715  0.385640  0.264708  0.781549  0.322856  0.260413  0.194985  0.707405  0.160987  0.168969  0.209453  0.509524  0.839534  0.096570  0.324086  0.132036  0.483825  0.428775  0.869452  0.307427  0.266491  0.354232  0.250907  0.556842  0.285936  0.164438  0.760688  0.358142  0.276228  0.257504 
21  0.857226  0.567472  0.567800  0.806680  0.792924  0.801347  0.795604  0.763572  0.852734  0.775527  0.783785  0.757512  0.712601  0.672274  0.767144  0.755673  0.771256  0.754202  0.760499  0.708389  0.729553 0.0  0.710548  0.500189  0.752645  0.823251  0.771015  0.889544  0.830617  0.862712  0.690730  0.853632  0.773028  0.820575  0.096570  0.840648  0.780611  0.694716  0.808434  0.453845  0.735250  0.890093  0.784990  0.744967  0.746609  0.808628  0.810825  0.823881  0.878694  0.802488  0.866448  0.849598  0.810248  0.810060  0.789574  0.768359  0.808071  0.642496  0.496954  0.820799  0.849779  0.780575  0.781994  0.648701  0.789123  0.827931  0.897856  0.139354  0.862535  0.672976  0.775592  0.824617  0.800835  0.775518  0.820279  0.820813  0.703205  0.864924  0.700059  0.337875  0.820446  0.869875  0.764082  0.821223  0.814196  0.796515  0.530747  0.795047  0.599832  0.745384  0.797051  0.866504  0.795243  0.437331  0.791895  0.791733  0.746458  0.510912  0.755278  0.795934  0.717032  0.741114  0.759538  0.843893  0.892461  0.786443  0.770557  0.778838  0.675070  0.842458  0.794917  0.755485  0.821671  0.789326  0.689366  0.840834  0.407417  0.843824  0.773004  0.185943  0.795399  0.806462  0.806822  0.488152  0.765062  0.847673  0.807664  0.742544  0.832098  0.736638  0.762468  0.817667  0.705976  0.729666  0.764525  0.868315  0.773160  0.792141  0.779471  0.639358  0.808116  0.830189  0.700081  0.848287  0.749852  0.682225 
22  0.332046  0.902502  0.795884  0.350372  0.371838  0.654406  0.338058  0.129344  0.407278  0.260300  0.295667  0.162790  0.208190  0.787090  0.446873  0.336938  0.741772  0.639296  0.232503  0.409315  0.291225  0.710548 0.0  0.452740  0.694074  0.788722  0.191898  0.167691  0.144928  0.326724  0.301041  0.319852  0.434620  0.296216  0.859064  0.317020  0.128058  0.694283  0.385384  0.637484  0.655416  0.288135  0.292048  0.282582  0.802562  0.298602  0.282556  0.352171  0.194048  0.190559  0.273199  0.236890  0.410172  0.155222  0.437637  0.166597  0.324731  0.285770  0.468149  0.117683  0.333493  0.277158  0.283205  0.728650  0.224478  0.402359  0.376695  0.814442  0.860465  0.299237  0.330717  0.260347  0.194580  0.444202  0.165240  0.254598  0.313205  0.333894  0.112756  0.830388  0.267630  0.201684  0.679975  0.338661  0.291818  0.318847  0.334022  0.143034  0.617256  0.243821  0.178314  0.096976  0.506512  0.427809  0.301485  0.668229  0.188516  0.801305  0.184346  0.141317  0.216384  0.218384  0.238355  0.182294  0.380055  0.206781  0.096570  0.695243  0.369766  0.257775  0.300205  0.337402  0.257750  0.353060  0.170864  0.334621  0.439312  0.386164  0.319490  0.809689  0.216682  0.442562  0.315844  0.786994  0.261727  0.327459  0.225195  0.584288  0.777984  0.335448  0.229842  0.275505  0.488549  0.420332  0.818601  0.309076  0.232122  0.235197  0.187184  0.599718  0.201070  0.381788  0.707720  0.233668  0.096570  0.324076 
23  0.458120  0.472313  0.444683  0.434942  0.447310  0.470507  0.439736  0.449166  0.498615  0.460700  0.420316  0.512737  0.348992  0.476035  0.399567  0.516447  0.426843  0.448112  0.474755  0.443512  0.479874  0.500189  0.452740 0.0  0.430578  0.377838  0.368973  0.509652  0.422640  0.302122  0.513989  0.498942  0.439940  0.397952  0.509005  0.433221  0.428704  0.544237  0.408723  0.541662  0.445577  0.475638  0.411234  0.542811  0.512836  0.379779  0.414915  0.494735  0.401665  0.437590  0.454992  0.459304  0.539629  0.462867  0.474387  0.477182  0.528131  0.400650  0.491745  0.411441  0.374025  0.434393  0.381764  0.468149  0.443615  0.474307  0.435590  0.383156  0.426246  0.467734  0.464897  0.358177  0.453559  0.463398  0.524136  0.421994  0.458321  0.522276  0.554025  0.480888  0.536882  0.499646  0.425157  0.404370  0.424704  0.451278  0.472289  0.421885  0.425657  0.480933  0.469948  0.361675  0.420606  0.335129  0.482786  0.436608  0.493120  0.492720  0.492504  0.418921  0.329050  0.595393  0.397850  0.470243  0.459088  0.379084  0.448541  0.811615  0.542662  0.473667  0.483808  0.491412  0.464395  0.460841  0.533044  0.481389  0.525671  0.355024  0.483548  0.534054  0.539654  0.483865  0.450190  0.517704  0.407630  0.418992  0.484733  0.401425  0.395200  0.462739  0.405359  0.468062  0.387033  0.474485  0.399789  0.536544  0.492334  0.395310  0.411155  0.360226  0.353704  0.401881  0.418882  0.403967  0.410304  0.418008 
24  0.747212  0.710880  0.750487  0.863729  0.720376  0.782570  0.781786  0.786292  0.825925  0.851616  0.733728  0.812621  0.839101  0.741423  0.800301  0.754081  0.735726  0.668342  0.823997  0.716042  0.808637  0.752645  0.694074  0.430578 0.0  0.139506  0.784629  0.766309  0.732734  0.773084  0.665482  0.783156  0.726544  0.759891  0.816086  0.796182  0.757863  0.405584  0.803225  0.749874  0.437551  0.689248  0.760338  0.854572  0.710022  0.808732  0.783912  0.715974  0.755448  0.775287  0.766725  0.720902  0.716172  0.845004  0.757657  0.775538  0.807468  0.597429  0.494822  0.795945  0.727679  0.716697  0.724688  0.637326  0.859499  0.761689  0.819877  0.831567  0.797491  0.485050  0.872176  0.738974  0.704101  0.858653  0.889151  0.835082  0.767269  0.759561  0.728496  0.812556  0.715332  0.698746  0.788779  0.813228  0.766093  0.723558  0.650980  0.800600  0.658838  0.815598  0.872973  0.751021  0.787367  0.472245  0.767315  0.715457  0.791907  0.626468  0.795653  0.764910  0.750525  0.705273  0.697220  0.766405  0.784268  0.790402  0.816026  0.606661  0.776891  0.840393  0.780931  0.758133  0.765042  0.789566  0.840347  0.770376  0.368616  0.807282  0.698103  0.711281  0.748773  0.808673  0.694770  0.757048  0.825112  0.758241  0.747635  0.688559  0.770776  0.654385  0.787805  0.778283  0.761993  0.712114  0.686873  0.819796  0.701121  0.684812  0.789095  0.243523  0.777918  0.791167  0.657505  0.801159  0.773576  0.739065 
25  0.873986  0.851464  0.801841  0.657308  0.722529  0.790300  0.860295  0.844489  0.831006  0.786380  0.791510  0.838724  0.794970  0.758488  0.799430  0.738911  0.833229  0.592110  0.817999  0.727211  0.799532  0.823251  0.788722  0.377838  0.139506 0.0  0.841281  0.780578  0.772848  0.758669  0.787511  0.729746  0.874181  0.776439  0.809807  0.730576  0.830359  0.445232  0.763150  0.727974  0.552217  0.792469  0.676581  0.796615  0.704989  0.884932  0.825432  0.708367  0.804935  0.662093  0.768729  0.813296  0.651710  0.817504  0.694367  0.749853  0.746958  0.663069  0.404933  0.784718  0.761420  0.747853  0.804122  0.730123  0.724875  0.775285  0.807771  0.678056  0.740597  0.579549  0.797322  0.750654  0.690073  0.789163  0.805085  0.804606  0.790552  0.762361  0.806429  0.790567  0.808330  0.852136  0.780863  0.817528  0.734764  0.778694  0.622587  0.752330  0.581410  0.776086  0.754133  0.760349  0.840255  0.455137  0.792025  0.793315  0.729048  0.754440  0.790828  0.807781  0.767690  0.761072  0.722328  0.881220  0.661636  0.721559  0.756212  0.724228  0.852571  0.787478  0.731396  0.872251  0.780227  0.785423  0.677198  0.842954  0.267142  0.798198  0.773628  0.767954  0.763354  0.785473  0.801554  0.748901  0.778577  0.843224  0.696813  0.863962  0.857383  0.792676  0.715638  0.789414  0.648511  0.711014  0.873873  0.784696  0.892893  0.732563  0.842362  0.273529  0.728375  0.759448  0.634166  0.809707  0.805111  0.706680 
26  0.313765  0.882681  0.832010  0.348250  0.293541  0.590792  0.347599  0.096570  0.433766  0.219028  0.272461  0.290384  0.212516  0.883524  0.431411  0.326614  0.830116  0.651396  0.212381  0.527861  0.261659  0.771015  0.191898  0.368973  0.784629  0.841281 0.0  0.159614  0.192329  0.326948  0.203263  0.305107  0.328471  0.143322  0.869047  0.384156  0.140715  0.789830  0.320270  0.787499  0.715501  0.258068  0.345854  0.386406  0.780951  0.350491  0.327521  0.322442  0.243693  0.263645  0.312680  0.218294  0.389658  0.277190  0.615400  0.096570  0.267573  0.265873  0.388207  0.096570  0.282821  0.328552  0.101700  0.866359  0.110786  0.319458  0.363987  0.747070  0.916226  0.285880  0.253406  0.394938  0.215077  0.392967  0.196005  0.298034  0.271660  0.398055  0.196519  0.796690  0.096570  0.167115  0.743412  0.288369  0.276472  0.344902  0.364090  0.096570  0.632254  0.194823  0.096570  0.135764  0.648597  0.437807  0.306552  0.673528  0.121447  0.803876  0.101330  0.127550  0.172744  0.179965  0.282280  0.179957  0.301877  0.124948  0.144270  0.778073  0.378695  0.393563  0.251298  0.262999  0.292503  0.313582  0.275836  0.315442  0.389550  0.321021  0.336900  0.813205  0.218700  0.300430  0.298130  0.770534  0.353928  0.329861  0.377466  0.576912  0.782510  0.229206  0.096570  0.283979  0.488078  0.463058  0.780617  0.400370  0.222615  0.199369  0.172915  0.710909  0.138505  0.419944  0.768447  0.170983  0.257200  0.185418 
