146
0 0.0  0.889653  0.846535  0.286254  0.244528  0.634688  0.216027  0.300679  0.426898  0.258531  0.073065  0.309188  0.303511  0.739741  0.365382  0.208850  0.694555  0.655309  0.250882  0.423009  0.238126  0.805535  0.298349  0.408360  0.760668  0.764686  0.306525  0.295207  0.353085  0.165750  0.360956  0.308302  0.295316  0.273253  0.850912  0.259831  0.281916  0.719906  0.263238  0.690059  0.666365  0.340449  0.168220  0.122318  0.774054  0.335799  0.184753  0.150531  0.338217  0.288047  0.206050  0.325460  0.089249  0.321362  0.525953  0.352664  0.345987  0.254629  0.421141  0.256894  0.269821  0.289590  0.369731  0.677557  0.275913  0.202310  0.204533  0.889925  0.853410  0.297079  0.196120  0.229850  0.267284  0.254420  0.428502  0.077100  0.173534  0.226922  0.156886  0.844451  0.331025  0.397447  0.827486  0.260785  0.201304  0.163200  0.258476  0.277292  0.618846  0.293932  0.223888  0.241493  0.549574  0.327146  0.116015  0.574581  0.349945  0.847060  0.263527  0.399471  0.332452  0.332036  0.328295  0.301432  0.073065  0.356635  0.383037  0.707327  0.188434  0.344940  0.247087  0.241067  0.241359  0.140217  0.387334  0.112911  0.414760  0.374566  0.285902  0.850628  0.273895  0.224983  0.160324  0.752931  0.194812  0.226316  0.163149  0.561702  0.922658  0.232895  0.305710  0.226224  0.432066  0.406076  0.746444  0.178503  0.348799  0.340124  0.347178  0.632686  0.315521  0.287618  0.701877  0.341362  0.316827  0.191942 
1  0.889653 0.0  0.264022  0.780733  0.809195  0.935226  0.851032  0.729043  0.788978  0.770317  0.957085  0.838648  0.811491  0.722266  0.831023  0.877920  0.655572  0.580828  0.773083  0.742835  0.940292  0.451111  0.842408  0.442550  0.805698  0.741202  0.856758  0.829499  0.876670  0.788711  0.770575  0.903966  0.876833  0.896949  0.608928  0.825855  0.876721  0.800623  0.921395  0.224927  0.767545  0.848344  0.815244  0.884559  0.864912  0.808818  0.826396  0.795693  0.825118  0.852322  0.823917  0.879331  0.835674  0.870959  0.790132  0.835132  0.853031  0.670305  0.442145  0.821184  0.854857  0.943086  0.845437  0.536547  0.813016  0.841346  0.865976  0.449003  0.894382  0.596256  0.913045  0.860579  0.895025  0.901311  0.919442  0.819899  0.892730  0.821707  0.837928  0.494931  0.884250  0.800837  0.741335  0.839121  0.778126  0.879313  0.695839  0.849905  0.614265  0.838257  0.787652  0.830026  0.719170  0.440634  0.850631  0.829388  0.825758  0.372074  0.739352  0.897895  0.883259  0.794531  0.815524  0.901839  0.908206  0.925246  0.838165  0.783525  0.803601  0.876702  0.796172  0.786332  0.839488  0.864185  0.840470  0.903511  0.357572  0.732183  0.871758  0.537976  0.889818  0.840262  0.795837  0.439289  0.827014  0.779010  0.936816  0.847978  0.830316  0.787783  0.822107  0.762420  0.654740  0.679194  0.806116  0.679438  0.807665  0.975496  0.952962  0.537000  0.880023  0.741431  0.729689  0.809597  0.886488  0.682678 
2  0.846535  0.264022 0.0  0.792368  0.865669  0.809053  0.822593  0.882791  0.811949  0.819118  0.799079  0.810533  0.863859  0.849907  0.837725  0.774334  0.739686  0.575227  0.873710  0.729701  0.916782  0.587468  0.775142  0.383505  0.800415  0.756775  0.860324  0.773306  0.788901  0.780230  0.835432  0.855194  0.868703  0.857279  0.516897  0.764259  0.800415  0.650859  0.783902  0.176979  0.744472  0.800527  0.777078  0.778499  0.721650  0.782953  0.855161  0.875689  0.836903  0.885071  0.912375  0.801559  0.730035  0.796766  0.709988  0.726781  0.911273  0.669672  0.426369  0.750944  0.814335  0.865765  0.811503  0.844077  0.818377  0.809574  0.872842  0.581971  0.846565  0.673845  0.883295  0.922924  0.787009  0.886206  0.821812  0.876554  0.804521  0.803281  0.740452  0.484577  0.867836  0.784957  0.810150  0.809956  0.773754  0.839330  0.571698  0.806628  0.635814  0.850676  0.793340  0.912132  0.812462  0.478014  0.780620  0.817153  0.832687  0.369307  0.756425  0.764810  0.745530  0.898476  0.748407  0.782203  0.836747  0.778896  0.683521  0.664716  0.680313  0.794130  0.866498  0.805676  0.793738  0.863740  0.804321  0.823100  0.543712  0.864603  0.757042  0.527942  0.786874  0.735360  0.834843  0.461758  0.890972  0.765783  0.777131  0.742102  0.766722  0.760786  0.813007  0.833939  0.699628  0.729240  0.855432  0.762711  0.793889  0.840088  0.917530  0.616556  0.866092  0.762777  0.728847  0.818617  0.897714  0.839823 
3  0.286254  0.780733  0.792368 0.0  0.289910  0.511264  0.094924  0.353815  0.343542  0.296095  0.304569  0.279741  0.204237  0.800892  0.473021  0.198617  0.687922  0.669227  0.205917  0.393814  0.111266  0.774371  0.334746  0.491305  0.760735  0.665624  0.314236  0.355617  0.347612  0.093755  0.335386  0.209988  0.128524  0.332012  0.807670  0.165017  0.216930  0.829682  0.250562  0.769727  0.752089  0.278240  0.182391  0.153771  0.764428  0.345206  0.175420  0.194816  0.284260  0.371091  0.192644  0.404009  0.215793  0.240475  0.540701  0.304008  0.387537  0.422360  0.458351  0.342618  0.364871  0.265229  0.430732  0.661020  0.348523  0.089059  0.131349  0.811507  0.901645  0.333443  0.281863  0.232373  0.364761  0.459577  0.303324  0.161033  0.245068  0.216167  0.100567  0.802046  0.387898  0.294339  0.810237  0.150437  0.352100  0.266871  0.201032  0.290258  0.593385  0.242099  0.321750  0.286204  0.598403  0.401373  0.073065  0.601449  0.334848  0.907121  0.309435  0.336684  0.298494  0.332298  0.379662  0.311656  0.153685  0.369865  0.284313  0.860011  0.172151  0.337364  0.352710  0.186861  0.337314  0.094448  0.297351  0.308691  0.453605  0.378082  0.317477  0.877923  0.300485  0.085921  0.175293  0.704657  0.145933  0.283257  0.222014  0.421272  0.886206  0.138235  0.310988  0.271384  0.425689  0.455292  0.796326  0.073065  0.274145  0.358448  0.192700  0.679911  0.354857  0.269237  0.734717  0.319142  0.268187  0.227544 
4  0.244528  0.809195  0.865669  0.289910 0.0  0.685621  0.208870  0.272491  0.487720  0.190754  0.308048  0.274662  0.190155  0.901200  0.442090  0.252369  0.837955  0.682326  0.240142  0.534319  0.298980  0.804914  0.371662  0.316218  0.755230  0.760085  0.290623  0.308609  0.365946  0.225804  0.328368  0.203319  0.302766  0.293390  0.789560  0.221196  0.308972  0.697956  0.234146  0.655041  0.755202  0.250069  0.154150  0.265575  0.798185  0.349773  0.160113  0.210446  0.268742  0.352567  0.223919  0.284610  0.270743  0.294394  0.456227  0.401608  0.348433  0.159658  0.467803  0.357264  0.331478  0.249954  0.369495  0.689332  0.334793  0.232635  0.300637  0.826606  0.979751  0.344689  0.199911  0.142847  0.314831  0.363343  0.275370  0.216415  0.099352  0.073065  0.183311  0.747346  0.403590  0.298918  0.763653  0.160730  0.254144  0.332624  0.254639  0.266429  0.708485  0.300494  0.393779  0.337714  0.566083  0.515697  0.305027  0.728386  0.268426  0.838473  0.318709  0.370302  0.437778  0.330212  0.305214  0.370826  0.215674  0.317915  0.321003  0.725252  0.304069  0.334713  0.194078  0.140010  0.162410  0.356142  0.358726  0.179129  0.447848  0.354661  0.323360  0.930763  0.354855  0.288124  0.092947  0.732767  0.197746  0.282375  0.190505  0.545680  0.801809  0.272976  0.327628  0.206095  0.442272  0.477832  0.848188  0.178753  0.327636  0.359946  0.351820  0.632258  0.255852  0.170083  0.640608  0.404986  0.318572  0.219237 
5  0.634688  0.935226  0.809053  0.511264  0.685621 0.0  0.702560  0.594161  0.571663  0.654213  0.707290  0.579795  0.543747  0.888657  0.637269  0.644872  0.618443  0.593563  0.593749  0.189516  0.615204  0.785440  0.583939  0.475709  0.867370  0.671539  0.593708  0.544022  0.719785  0.646519  0.563379  0.685609  0.681172  0.724470  0.929478  0.673475  0.604894  0.714173  0.637629  0.744509  0.741415  0.528239  0.612068  0.597767  0.821601  0.584483  0.674390  0.711118  0.611267  0.507472  0.717955  0.618746  0.588037  0.633919  0.455352  0.653325  0.648705  0.409477  0.438095  0.580805  0.574018  0.581060  0.606538  0.777934  0.606182  0.654960  0.564835  0.786817  0.959000  0.316401  0.543082  0.621313  0.713392  0.596750  0.572313  0.639926  0.588231  0.669969  0.544705  0.812545  0.610922  0.625851  0.773450  0.619222  0.545238  0.697958  0.409578  0.536190  0.710948  0.686821  0.623850  0.616149  0.159944  0.471800  0.601571  0.249556  0.640328  0.839314  0.659988  0.729523  0.727599  0.633744  0.715725  0.653712  0.653804  0.655213  0.635229  0.851170  0.654580  0.547067  0.573703  0.543559  0.633279  0.670967  0.628114  0.653511  0.408432  0.535731  0.593891  0.829022  0.604864  0.660241  0.676735  0.726764  0.538337  0.678665  0.631687  0.478049  0.853418  0.666295  0.594372  0.703125  0.436197  0.483305  0.846478  0.626580  0.642262  0.565467  0.594599  0.559068  0.513275  0.623333  0.788158  0.591850  0.650174  0.480334 
6  0.216027  0.851032  0.822593  0.094924  0.208870  0.702560 0.0  0.338077  0.456601  0.302821  0.288408  0.300641  0.218347  0.809972  0.405218  0.291593  0.744030  0.665126  0.332069  0.428832  0.139263  0.842633  0.242028  0.484759  0.684623  0.758938  0.374860  0.217003  0.367621  0.277296  0.215861  0.229290  0.383381  0.380115  0.707074  0.316108  0.198102  0.777987  0.227591  0.683648  0.783726  0.306291  0.168970  0.073065  0.741136  0.360204  0.255785  0.197904  0.308023  0.371513  0.216875  0.351693  0.198630  0.256273  0.599244  0.387141  0.255131  0.422853  0.511475  0.354288  0.281524  0.222405  0.424841  0.720851  0.323200  0.087698  0.109122  0.869161  0.782030  0.308067  0.105179  0.219614  0.430843  0.396126  0.303891  0.174897  0.234489  0.305886  0.137060  0.779453  0.357523  0.380513  0.755409  0.207112  0.216106  0.164875  0.390276  0.390606  0.730006  0.283702  0.385966  0.280587  0.578085  0.494589  0.172730  0.671090  0.335000  0.923331  0.349310  0.374418  0.449214  0.342859  0.384076  0.259352  0.257778  0.292844  0.351423  0.778543  0.128833  0.175782  0.238751  0.265050  0.260795  0.184279  0.411977  0.253764  0.440080  0.411936  0.189184  0.823603  0.309050  0.074959  0.364966  0.692357  0.145016  0.289529  0.101333  0.478296  0.877569  0.309725  0.368855  0.309080  0.410324  0.433199  0.856534  0.135854  0.359374  0.435836  0.270189  0.572984  0.309437  0.233776  0.706392  0.293243  0.298197  0.188924 
7  0.300679  0.729043  0.882791  0.353815  0.272491  0.594161  0.338077 0.0  0.440034  0.153390  0.384499  0.210524  0.231022  0.749878  0.474999  0.306596  0.735782  0.610156  0.224151  0.446794  0.316183  0.708206  0.162292  0.469824  0.666563  0.788678  0.125906  0.190501  0.174385  0.292916  0.275657  0.346177  0.274423  0.134482  0.816691  0.309256  0.085099  0.736953  0.327930  0.682825  0.606424  0.339451  0.344489  0.365758  0.795070  0.267297  0.334058  0.336168  0.189839  0.211918  0.224866  0.150322  0.305149  0.260695  0.513123  0.098901  0.227469  0.317938  0.406579  0.073065  0.374698  0.238150  0.155869  0.715322  0.201719  0.396522  0.288493  0.862432  0.790425  0.240221  0.389170  0.398839  0.194552  0.460599  0.259269  0.253170  0.352183  0.348286  0.106359  0.945840  0.073065  0.133510  0.733321  0.253453  0.333232  0.338163  0.267786  0.073065  0.650519  0.160942  0.183891  0.073065  0.553417  0.479629  0.413673  0.593928  0.102819  0.896581  0.131832  0.167674  0.156870  0.110059  0.163312  0.139672  0.371861  0.143594  0.143843  0.683801  0.270703  0.441375  0.367450  0.344695  0.222129  0.368379  0.212098  0.262740  0.483911  0.341763  0.314308  0.771525  0.258962  0.344469  0.321583  0.682873  0.337565  0.360744  0.264210  0.494570  0.783458  0.316804  0.112646  0.342341  0.449386  0.419139  0.747142  0.272622  0.226399  0.167929  0.168444  0.660389  0.121772  0.354662  0.785452  0.252503  0.135872  0.073065 
8  0.426898  0.788978  0.811949  0.343542  0.487720  0.571663  0.456601  0.440034 0.0  0.396512  0.444116  0.424659  0.395744  0.867152  0.154108  0.438005  0.685523  0.692382  0.289286  0.385019  0.429450  0.657698  0.366746  0.479737  0.824517  0.887725  0.457836  0.495323  0.490600  0.411617  0.381230  0.458007  0.510188  0.501316  0.710041  0.375318  0.453464  0.801880  0.465009  0.733024  0.699926  0.232434  0.472307  0.370064  0.799633  0.390613  0.460277  0.394259  0.447162  0.395998  0.405857  0.327230  0.459050  0.410971  0.514314  0.459310  0.391239  0.322640  0.416636  0.413511  0.444639  0.359216  0.458628  0.753141  0.475361  0.407877  0.509223  0.845009  0.792858  0.111511  0.429581  0.404267  0.487569  0.200141  0.433665  0.439148  0.332384  0.436411  0.284524  0.863896  0.435449  0.501776  0.778136  0.383774  0.473699  0.445716  0.230380  0.398251  0.520845  0.507616  0.409012  0.391269  0.575953  0.433426  0.454261  0.530811  0.417438  0.944540  0.514853  0.430563  0.436754  0.435330  0.459288  0.507225  0.430309  0.423773  0.435751  0.692764  0.500930  0.445427  0.335925  0.407727  0.483253  0.449607  0.457461  0.373422  0.481799  0.201452  0.419001  0.841498  0.469061  0.456733  0.348348  0.737682  0.461160  0.463315  0.402955  0.479498  0.790307  0.393243  0.474296  0.397865  0.544151  0.529908  0.888929  0.398702  0.405757  0.378684  0.379336  0.594111  0.413049  0.457800  0.734209  0.417645  0.368216  0.310444 
9  0.258531  0.770317  0.819118  0.296095  0.190754  0.654213  0.302821  0.153390  0.396512 0.0  0.355116  0.186935  0.249952  0.757630  0.312892  0.279649  0.768238  0.577282  0.192829  0.418542  0.256509  0.887226  0.212452  0.317295  0.809571  0.781818  0.134161  0.079762  0.144211  0.335135  0.226660  0.139905  0.228854  0.158089  0.821119  0.284693  0.150940  0.821234  0.294116  0.704196  0.741893  0.330350  0.232857  0.229662  0.842835  0.243261  0.254111  0.202287  0.215686  0.221449  0.297659  0.204444  0.219679  0.142825  0.451680  0.226875  0.191749  0.276784  0.427181  0.178626  0.241009  0.411830  0.252844  0.626061  0.254056  0.287904  0.318887  0.759069  0.812591  0.266574  0.235242  0.319200  0.243404  0.384531  0.253162  0.267208  0.221389  0.309558  0.216685  0.769890  0.168837  0.221822  0.741026  0.363876  0.165527  0.289620  0.255264  0.124979  0.567010  0.131761  0.109100  0.242038  0.596298  0.439977  0.337937  0.593922  0.206146  0.807708  0.211526  0.208009  0.191763  0.138539  0.215001  0.266150  0.245042  0.128729  0.228049  0.760778  0.285078  0.232064  0.352729  0.296693  0.275168  0.284509  0.101991  0.193038  0.448972  0.389765  0.350344  0.843961  0.161086  0.299745  0.326303  0.636268  0.343631  0.259857  0.349903  0.467712  0.903011  0.305959  0.282187  0.286781  0.393811  0.460338  0.855446  0.347667  0.123832  0.175332  0.078595  0.532522  0.229698  0.315577  0.727545  0.193003  0.315445  0.153053 
10  0.073065  0.957085  0.799079  0.304569  0.308048  0.707290  0.288408  0.384499  0.444116  0.355116 0.0  0.350382  0.268783  0.702808  0.419803  0.213623  0.697228  0.546294  0.244544  0.457649  0.139598  0.751184  0.340108  0.481147  0.749212  0.772837  0.316316  0.243491  0.378372  0.163164  0.349737  0.233464  0.334756  0.366525  0.827069  0.199900  0.305893  0.735955  0.280277  0.849523  0.867643  0.312867  0.156126  0.282664  0.778130  0.232296  0.221173  0.126173  0.285376  0.222347  0.277831  0.302230  0.103957  0.237020  0.470633  0.409446  0.341790  0.313375  0.472066  0.405088  0.360917  0.279218  0.355007  0.742534  0.409957  0.168308  0.079599  0.714087  0.837034  0.355593  0.107249  0.219814  0.306966  0.478047  0.338749  0.073065  0.200887  0.254694  0.175014  0.849645  0.418818  0.350306  0.813507  0.243214  0.193164  0.268888  0.237541  0.369694  0.521499  0.349512  0.293834  0.234742  0.514945  0.473748  0.147616  0.655198  0.350255  0.847589  0.386915  0.402119  0.384280  0.354031  0.290241  0.324356  0.273594  0.455263  0.457087  0.723415  0.194093  0.271061  0.239047  0.191290  0.337844  0.190858  0.344095  0.221512  0.417086  0.289247  0.338008  0.879219  0.324519  0.203210  0.381941  0.678990  0.212967  0.250977  0.232851  0.473887  0.833640  0.222269  0.454720  0.314561  0.460650  0.306974  0.855296  0.196597  0.343384  0.334354  0.201017  0.636395  0.345515  0.151472  0.787784  0.290324  0.299542  0.143322 
11  0.309188  0.838648  0.810533  0.279741  0.274662  0.579795  0.300641  0.210524  0.424659  0.186935  0.350382 0.0  0.149458  0.773893  0.340228  0.405957  0.807068  0.689159  0.232141  0.411741  0.242477  0.833678  0.242971  0.478235  0.708197  0.773115  0.214443  0.233106  0.151774  0.283532  0.243531  0.257256  0.262821  0.217178  0.904695  0.443159  0.186208  0.791931  0.331846  0.727843  0.783871  0.274135  0.278489  0.311786  0.820464  0.326282  0.254232  0.280790  0.204144  0.266738  0.266551  0.105437  0.264201  0.110957  0.512991  0.179549  0.174011  0.313314  0.440592  0.280028  0.345827  0.338347  0.224623  0.740059  0.231922  0.232331  0.342365  0.829737  0.824462  0.210386  0.295311  0.326395  0.193726  0.293609  0.271532  0.304168  0.259565  0.306306  0.134680  0.849773  0.185600  0.277627  0.761907  0.239991  0.329276  0.208509  0.402058  0.305596  0.677504  0.228022  0.188133  0.180300  0.628235  0.454022  0.385410  0.568514  0.205551  0.880552  0.170456  0.258765  0.229036  0.276718  0.136450  0.253278  0.337343  0.251659  0.209484  0.847012  0.287634  0.286729  0.311753  0.296761  0.316013  0.270668  0.239277  0.392831  0.515875  0.317579  0.291937  0.771161  0.288085  0.207857  0.334619  0.695850  0.179418  0.248979  0.380021  0.490659  0.680381  0.307142  0.188708  0.350902  0.465391  0.423642  0.769033  0.295464  0.190510  0.357792  0.109248  0.631182  0.188104  0.308304  0.665645  0.153412  0.169464  0.103831 
12  0.303511  0.811491  0.863859  0.204237  0.190155  0.543747  0.218347  0.231022  0.395744  0.249952  0.268783  0.149458 0.0  0.907487  0.356507  0.255145  0.702101  0.624605  0.207862  0.393925  0.233771  0.797974  0.293389  0.403651  0.765604  0.786835  0.276927  0.168687  0.223381  0.234462  0.357361  0.269279  0.231486  0.230577  0.805848  0.248092  0.154702  0.730158  0.195578  0.867289  0.711580  0.364173  0.261701  0.260562  0.914738  0.225518  0.235435  0.312141  0.211304  0.165378  0.311049  0.277500  0.217761  0.151074  0.549862  0.209005  0.281885  0.295563  0.441076  0.181414  0.263801  0.230349  0.365011  0.743067  0.323624  0.149896  0.299819  0.726831  0.900727  0.305122  0.217086  0.192323  0.288491  0.378800  0.267884  0.217610  0.168534  0.198022  0.200916  0.778664  0.318405  0.198380  0.770563  0.276408  0.219172  0.313304  0.286372  0.209077  0.550429  0.240592  0.189685  0.234176  0.532476  0.563959  0.312280  0.492620  0.266641  0.756387  0.182918  0.293217  0.265653  0.229404  0.229514  0.226776  0.181853  0.233514  0.173944  0.874895  0.226512  0.145697  0.242898  0.280785  0.246204  0.202660  0.199843  0.180657  0.484018  0.379248  0.226233  0.798243  0.316972  0.207172  0.157899  0.773613  0.213332  0.254651  0.265778  0.498205  0.872674  0.287590  0.257172  0.247105  0.498307  0.444546  0.849021  0.250161  0.312044  0.325475  0.214900  0.548674  0.229281  0.195657  0.788515  0.310103  0.238738  0.166546 
13  0.739741  0.722266  0.849907  0.800892  0.901200  0.888657  0.809972  0.749878  0.867152  0.757630  0.702808  0.773893  0.907487 0.0  0.864086  0.731485  0.722115  0.587191  0.787538  0.793854  0.778118  0.797224  0.778294  0.459543  0.735724  0.710697  0.853111  0.866523  0.772099  0.730111  0.741460  0.792111  0.771696  0.792636  0.846957  0.788232  0.724069  0.723402  0.843918  0.727250  0.695144  0.773521  0.861077  0.790726  0.192713  0.788562  0.811892  0.750849  0.833308  0.790151  0.837132  0.871245  0.902091  0.780771  0.787513  0.826564  0.773847  0.583771  0.432848  0.778338  0.771356  0.716907  0.753853  0.739498  0.801149  0.736640  0.719664  0.770856  0.770969  0.642532  0.846397  0.723029  0.833782  0.779677  0.808337  0.799136  0.862674  0.705985  0.748845  0.782462  0.808829  0.719681  0.718374  0.671870  0.816430  0.715102  0.553353  0.693681  0.658545  0.717016  0.755815  0.763173  0.833718  0.438289  0.811438  0.776957  0.827609  0.838638  0.785347  0.753304  0.713966  0.791721  0.835260  0.802924  0.830665  0.718542  0.775626  0.708302  0.825116  0.765980  0.813518  0.830954  0.697980  0.757231  0.770966  0.776930  0.581711  0.682093  0.808117  0.768547  0.749176  0.744128  0.814217  0.731473  0.780799  0.712135  0.708173  0.753110  0.521879  0.806811  0.826790  0.779776  0.715163  0.792049  0.901887  0.821611  0.712735  0.847110  0.816755  0.666308  0.733171  0.719023  0.740162  0.725545  0.822176  0.721353 
14  0.365382  0.831023  0.837725  0.473021  0.442090  0.637269  0.405218  0.474999  0.154108  0.312892  0.419803  0.340228  0.356507  0.864086 0.0  0.436444  0.658831  0.620481  0.439746  0.381761  0.356292  0.872349  0.404225  0.480203  0.775378  0.771604  0.363927  0.491730  0.479192  0.402828  0.485320  0.453361  0.438449  0.374725  0.892809  0.383431  0.309024  0.739252  0.368742  0.743255  0.761136  0.151242  0.377190  0.422372  0.723120  0.453978  0.444354  0.422405  0.509218  0.350507  0.425164  0.374423  0.500347  0.396704  0.564374  0.430054  0.341108  0.286126  0.474917  0.395880  0.459986  0.440437  0.417981  0.655655  0.462219  0.467695  0.400898  0.846093  0.832050  0.265713  0.346783  0.481934  0.423321  0.186501  0.376491  0.488533  0.413869  0.444019  0.229465  0.784651  0.467776  0.402920  0.759324  0.355670  0.435058  0.413041  0.334422  0.401160  0.620866  0.419967  0.408329  0.485708  0.582200  0.405152  0.438888  0.654035  0.443990  0.779719  0.384214  0.464057  0.487031  0.465139  0.348212  0.411441  0.352605  0.379347  0.447754  0.829108  0.466731  0.435018  0.434202  0.464441  0.349796  0.401810  0.305704  0.462304  0.450368  0.297532  0.390866  0.735624  0.332560  0.422976  0.429369  0.810465  0.406205  0.424932  0.375065  0.578234  0.796003  0.338374  0.427648  0.314522  0.406411  0.381426  0.952527  0.411544  0.478204  0.366325  0.345653  0.564713  0.395815  0.479557  0.649191  0.415611  0.491582  0.349641 
15  0.208850  0.877920  0.774334  0.198617  0.252369  0.644872  0.291593  0.306596  0.438005  0.279649  0.213623  0.405957  0.255145  0.731485  0.436444 0.0  0.730001  0.659319  0.259844  0.516464  0.143802  0.855504  0.380892  0.398647  0.804797  0.822876  0.316297  0.390029  0.302124  0.259214  0.334208  0.218693  0.080221  0.340662  0.914616  0.139910  0.262152  0.797398  0.248517  0.710359  0.690133  0.328729  0.147650  0.264152  0.780254  0.351467  0.073065  0.225062  0.403092  0.327990  0.130494  0.267865  0.190395  0.236959  0.504892  0.292616  0.465656  0.326788  0.478136  0.335827  0.261638  0.289950  0.316270  0.714506  0.347662  0.197193  0.178184  0.741083  0.882612  0.272281  0.311597  0.111656  0.264502  0.462443  0.341991  0.311673  0.242904  0.295201  0.222345  0.818052  0.291936  0.374598  0.832246  0.073065  0.157784  0.085939  0.281890  0.411062  0.609098  0.281182  0.309947  0.184165  0.539898  0.503486  0.242967  0.592550  0.307980  0.924678  0.331093  0.391609  0.369695  0.361313  0.347160  0.305117  0.120171  0.455135  0.368528  0.677406  0.262654  0.111041  0.073065  0.179818  0.299476  0.256772  0.390260  0.295120  0.399224  0.464706  0.124382  0.819523  0.413050  0.223004  0.238655  0.756129  0.238821  0.073065  0.149932  0.522277  0.840053  0.073065  0.374607  0.073065  0.422564  0.396540  0.843168  0.223516  0.421779  0.285461  0.198001  0.614877  0.273270  0.214803  0.728751  0.329948  0.258662  0.200649 
16  0.694555  0.655572  0.739686  0.687922  0.837955  0.618443  0.744030  0.735782  0.685523  0.768238  0.697228  0.807068  0.702101  0.722115  0.658831  0.730001 0.0  0.571012  0.830698  0.665537  0.721449  0.735662  0.712647  0.375386  0.725498  0.704674  0.764937  0.694362  0.778715  0.811705  0.684450  0.687043  0.768430  0.697184  0.831731  0.631642  0.775294  0.574350  0.708877  0.713693  0.748306  0.725034  0.671316  0.786285  0.728678  0.721247  0.733563  0.730980  0.732291  0.709550  0.758521  0.789633  0.722543  0.771777  0.762845  0.704255  0.778256  0.601506  0.430417  0.720384  0.721408  0.676954  0.678575  0.627228  0.719656  0.751199  0.640923  0.776837  0.731032  0.560138  0.774169  0.751316  0.770980  0.699612  0.709283  0.768856  0.786861  0.696535  0.684908  0.647345  0.756584  0.766337  0.722163  0.757871  0.802823  0.706426  0.630314  0.665408  0.242599  0.722502  0.696088  0.660745  0.738485  0.428411  0.767091  0.687750  0.715352  0.790272  0.689129  0.781335  0.752941  0.700045  0.714935  0.732675  0.694154  0.609030  0.788360  0.675034  0.784451  0.780392  0.774707  0.690421  0.770174  0.638236  0.807222  0.762812  0.459869  0.763864  0.663000  0.660031  0.600349  0.690626  0.668933  0.717398  0.718825  0.678346  0.754485  0.800076  0.769905  0.648995  0.659748  0.759955  0.680543  0.737274  0.652700  0.671099  0.755097  0.694238  0.751012  0.512060  0.676254  0.748013  0.757330  0.660127  0.736163  0.777320 
17  0.655309  0.580828  0.575227  0.669227  0.682326  0.593563  0.665126  0.610156  0.692382  0.577282  0.546294  0.689159  0.624605  0.587191  0.620481  0.659319  0.571012 0.0  0.610024  0.737880  0.727326  0.639595  0.635368  0.465478  0.600499  0.656523  0.533262  0.628479  0.572229  0.625932  0.678067  0.606985  0.601627  0.627046  0.575526  0.745566  0.763850  0.653852  0.741988  0.666732  0.658745  0.681985  0.613850  0.621332  0.634234  0.649639  0.557849  0.592828  0.638097  0.547829  0.665514  0.623118  0.609550  0.679894  0.607137  0.674252  0.615178  0.604095  0.364260  0.656403  0.667454  0.655041  0.653793  0.651900  0.666200  0.678853  0.577873  0.645494  0.629578  0.599385  0.700607  0.626586  0.675489  0.673266  0.586619  0.612629  0.577927  0.623226  0.606528  0.603073  0.679306  0.704950  0.645822  0.628880  0.651925  0.651939  0.634221  0.554872  0.563363  0.581248  0.610589  0.609339  0.624787  0.501150  0.591537  0.600771  0.562178  0.634925  0.725071  0.558235  0.613633  0.626628  0.678699  0.626395  0.571410  0.611244  0.617735  0.773058  0.647263  0.678170  0.653841  0.601372  0.523202  0.584404  0.638455  0.605033  0.415942  0.616184  0.674284  0.627901  0.683795  0.607767  0.700409  0.634957  0.693599  0.683865  0.589461  0.567243  0.621726  0.596888  0.758712  0.640913  0.586712  0.656291  0.606166  0.640915  0.651324  0.565184  0.611623  0.718813  0.560634  0.713364  0.654556  0.667797  0.659163  0.590778 
18  0.250882  0.773083  0.873710  0.205917  0.240142  0.593749  0.332069  0.224151  0.289286  0.192829  0.244544  0.232141  0.207862  0.787538  0.439746  0.259844  0.830698  0.610024 0.0  0.340348  0.291608  0.813732  0.142662  0.492648  0.759879  0.783678  0.263567  0.172008  0.302677  0.352356  0.258403  0.192701  0.193203  0.222016  0.839288  0.180659  0.188005  0.718886  0.255310  0.735072  0.685275  0.255515  0.253081  0.165225  0.751660  0.314562  0.239645  0.239880  0.168714  0.218888  0.288019  0.200659  0.273340  0.322205  0.591230  0.241671  0.258784  0.272254  0.437801  0.206318  0.292556  0.320338  0.193131  0.745056  0.319490  0.237754  0.153326  0.832475  0.838691  0.212433  0.290047  0.224171  0.144483  0.367229  0.223205  0.277426  0.340058  0.308552  0.160700  0.771130  0.214053  0.205411  0.821618  0.240463  0.267326  0.240760  0.248239  0.295527  0.588913  0.279002  0.276042  0.220252  0.556434  0.427993  0.217756  0.553989  0.188191  0.842276  0.253772  0.218213  0.297906  0.201584  0.247630  0.230141  0.231869  0.155383  0.169960  0.740388  0.269131  0.231960  0.244332  0.209845  0.199355  0.273906  0.232391  0.241295  0.365475  0.401291  0.200186  0.860603  0.206242  0.316331  0.218525  0.736204  0.186676  0.297822  0.234705  0.477192  0.780957  0.227643  0.145145  0.320841  0.430400  0.391021  0.742923  0.222896  0.205084  0.222028  0.271947  0.702494  0.355260  0.244599  0.776166  0.256705  0.194230  0.132658 
19  0.423009  0.742835  0.729701  0.393814  0.534319  0.189516  0.428832  0.446794  0.385019  0.418542  0.457649  0.411741  0.393925  0.793854  0.381761  0.516464  0.665537  0.737880  0.340348 0.0  0.387170  0.674348  0.485931  0.419408  0.812774  0.725588  0.442791  0.450062  0.392053  0.515721  0.476025  0.491999  0.376351  0.440541  0.700020  0.379517  0.441490  0.682524  0.423015  0.655559  0.734562  0.425209  0.505036  0.433242  0.650219  0.440498  0.492727  0.388864  0.523284  0.404274  0.429969  0.467976  0.507257  0.486903  0.453187  0.304049  0.402584  0.397140  0.402797  0.374387  0.393145  0.463118  0.409405  0.732307  0.438902  0.392313  0.408852  0.763170  0.701738  0.251433  0.476329  0.434831  0.396082  0.418157  0.442660  0.500884  0.482227  0.507424  0.413384  0.666027  0.441781  0.378318  0.748407  0.373126  0.351404  0.405497  0.243232  0.490242  0.720703  0.479984  0.409338  0.431099  0.217934  0.575227  0.470881  0.166931  0.416457  0.693385  0.367280  0.417661  0.359971  0.399574  0.436420  0.370844  0.413608  0.403833  0.349487  0.742874  0.425062  0.377568  0.420458  0.507188  0.408570  0.516967  0.468771  0.385318  0.525586  0.455375  0.390672  0.702417  0.482288  0.384687  0.441835  0.806183  0.412842  0.455360  0.381412  0.404752  0.698014  0.423636  0.516772  0.530686  0.344503  0.390676  0.678594  0.398064  0.473218  0.469771  0.466204  0.584773  0.412035  0.454571  0.729695  0.426329  0.501701  0.476312 
20  0.238126  0.940292  0.916782  0.111266  0.298980  0.615204  0.139263  0.316183  0.429450  0.256509  0.139598  0.242477  0.233771  0.778118  0.356292  0.143802  0.721449  0.727326  0.291608  0.387170 0.0  0.925434  0.298308  0.449916  0.786007  0.718580  0.210859  0.345379  0.331104  0.177768  0.296179  0.199039  0.177603  0.328419  0.971264  0.168820  0.307174  0.611145  0.231055  0.822686  0.723279  0.274894  0.253710  0.227033  0.726360  0.251861  0.073065  0.137360  0.194144  0.236039  0.134656  0.303972  0.179977  0.228070  0.496281  0.331105  0.284858  0.330546  0.394115  0.276494  0.312734  0.232184  0.260060  0.791373  0.258208  0.201064  0.268550  0.798867  0.858726  0.395201  0.180316  0.152228  0.220592  0.455978  0.291759  0.266117  0.277053  0.300373  0.210428  0.680718  0.342611  0.271936  0.857160  0.107068  0.073065  0.073065  0.264621  0.244034  0.564451  0.287920  0.263701  0.311772  0.511175  0.452992  0.258876  0.568503  0.263338  0.844241  0.312219  0.163549  0.404207  0.279071  0.232742  0.271900  0.073065  0.303614  0.197360  0.799811  0.326292  0.073065  0.184856  0.169636  0.111823  0.228316  0.402003  0.124691  0.451416  0.389554  0.085334  0.864755  0.203756  0.206636  0.221247  0.712769  0.073065  0.095481  0.078610  0.440862  0.927634  0.166521  0.287560  0.133385  0.419133  0.484260  0.853259  0.224395  0.166295  0.232298  0.288062  0.553505  0.234898  0.306002  0.756601  0.288450  0.341305  0.178274 
21  0.805535  0.451111  0.587468  0.774371  0.804914  0.785440  0.842633  0.708206  0.657698  0.887226  0.751184  0.833678  0.797974  0.797224  0.872349  0.855504  0.735662  0.639595  0.813732  0.674348  0.925434 0.0  0.817505  0.492396  0.749510  0.749654  0.784158  0.801713  0.734018  0.858674  0.869471  0.857003  0.840997  0.898067  0.073065  0.859599  0.842564  0.659011  0.775982  0.409997  0.811671  0.824195  0.751508  0.821216  0.793524  0.941020  0.884759  0.743108  0.742850  0.851422  0.919830  0.820628  0.868411  0.837210  0.822313  0.734222  0.863400  0.697091  0.444137  0.788116  0.797306  0.803311  0.856096  0.683879  0.754375  0.845453  0.869125  0.142475  0.764710  0.701555  0.898020  0.844008  0.866772  0.844958  0.728976  0.910261  0.859638  0.797649  0.762228  0.344886  0.835944  0.876733  0.888874  0.698782  0.773083  0.730927  0.594149  0.904589  0.689772  0.757920  0.805306  0.930655  0.784059  0.524649  0.760106  0.828227  0.865182  0.629230  0.782901  0.900885  0.794694  0.909812  0.890807  0.729442  0.741101  0.778033  0.816483  0.796145  0.824466  0.761165  0.780675  0.820897  0.880788  0.863548  0.866093  0.777749  0.462887  0.770743  0.855636  0.143884  0.831443  0.775817  0.781019  0.439110  0.836478  0.818103  0.894173  0.802003  0.761398  0.852718  0.874150  0.933811  0.678277  0.773624  0.825484  0.801037  0.702608  0.835405  0.849236  0.601985  0.776281  0.798546  0.637949  0.828825  0.787781  0.698017 
22  0.298349  0.842408  0.775142  0.334746  0.371662  0.583939  0.242028  0.162292  0.366746  0.212452  0.340108  0.242971  0.293389  0.778294  0.404225  0.380892  0.712647  0.635368  0.142662  0.485931  0.298308  0.817505 0.0  0.448380  0.752874  0.811513  0.194664  0.129978  0.183295  0.283743  0.211629  0.349963  0.343601  0.218732  0.776859  0.357745  0.164736  0.746518  0.326168  0.779097  0.748681  0.358266  0.326038  0.359300  0.779972  0.355142  0.433272  0.386884  0.194547  0.152793  0.389966  0.239551  0.302148  0.248744  0.495499  0.073065  0.312236  0.387813  0.404632  0.189149  0.217208  0.319263  0.219700  0.818321  0.178951  0.300279  0.339283  0.690384  0.853078  0.326879  0.260392  0.324570  0.195471  0.473879  0.181024  0.422336  0.259628  0.332603  0.196129  0.857458  0.202284  0.146408  0.721677  0.168690  0.277704  0.406981  0.273009  0.243130  0.677097  0.185343  0.212538  0.073065  0.580735  0.385337  0.280618  0.631548  0.242062  0.848965  0.140229  0.209966  0.249539  0.152305  0.229006  0.195650  0.291290  0.162865  0.242102  0.727594  0.223887  0.371330  0.334516  0.310582  0.280439  0.224321  0.133321  0.259852  0.410628  0.453552  0.322577  0.723879  0.102165  0.332199  0.400372  0.650763  0.257487  0.375189  0.206426  0.529040  0.737679  0.305690  0.171323  0.397185  0.435977  0.470465  0.905802  0.267776  0.194910  0.177330  0.277300  0.635438  0.076196  0.314133  0.822912  0.088770  0.083930  0.261653 
23  0.408360  0.442550  0.383505  0.491305  0.316218  0.475709  0.484759  0.469824  0.479737  0.317295  0.481147  0.478235  0.403651  0.459543  0.480203  0.398647  0.375386  0.465478  0.492648  0.419408  0.449916  0.492396  0.448380 0.0  0.463900  0.344903  0.489638  0.418145  0.406573  0.500496  0.470387  0.501717  0.598673  0.440937  0.419589  0.427561  0.401420  0.359775  0.409724  0.462043  0.351635  0.404901  0.517672  0.455122  0.477857  0.469857  0.374510  0.393219  0.452296  0.483745  0.532127  0.492887  0.490705  0.351603  0.430134  0.500087  0.500006  0.419525  0.390107  0.453778  0.572357  0.433868  0.397429  0.480806  0.473583  0.446102  0.421412  0.515709  0.519073  0.415453  0.391784  0.519856  0.472843  0.437054  0.452442  0.402121  0.455314  0.422208  0.525363  0.550173  0.447582  0.451103  0.400379  0.512363  0.381517  0.413074  0.518127  0.444405  0.511424  0.438793  0.414773  0.410642  0.431753  0.450109  0.430993  0.532683  0.487952  0.446079  0.506205  0.498940  0.425485  0.438490  0.416934  0.459228  0.471496  0.534112  0.511665  0.808685  0.431659  0.454599  0.387296  0.549284  0.451389  0.548762  0.476689  0.485914  0.416969  0.419499  0.424707  0.490378  0.466521  0.453077  0.419715  0.420293  0.409679  0.390316  0.397809  0.395627  0.501445  0.370892  0.497858  0.381427  0.455301  0.482223  0.406012  0.384042  0.427636  0.439187  0.360895  0.498315  0.447915  0.492611  0.479506  0.471009  0.467875  0.510222 
24  0.760668  0.805698  0.800415  0.760735  0.755230  0.867370  0.684623  0.666563  0.824517  0.809571  0.749212  0.708197  0.765604  0.735724  0.775378  0.804797  0.725498  0.600499  0.759879  0.812774  0.786007  0.749510  0.752874  0.463900 0.0  0.131075  0.681909  0.780819  0.832815  0.688873  0.746574  0.631939  0.804255  0.735054  0.824660  0.791462  0.758082  0.423579  0.855783  0.735767  0.472823  0.806170  0.777001  0.897410  0.724752  0.750185  0.793369  0.801338  0.785536  0.706388  0.829947  0.737985  0.807075  0.787534  0.831378  0.862528  0.850396  0.720401  0.400422  0.831819  0.727773  0.896222  0.834522  0.742575  0.770171  0.771546  0.772236  0.778820  0.717605  0.604304  0.813583  0.824056  0.759661  0.911583  0.791993  0.821735  0.774363  0.859367  0.796686  0.795897  0.794993  0.846832  0.736771  0.836356  0.869810  0.785206  0.550923  0.784817  0.674439  0.808326  0.777437  0.638748  0.836044  0.375511  0.828020  0.648090  0.820042  0.723027  0.781324  0.685281  0.774856  0.827361  0.898889  0.826353  0.772219  0.806582  0.724937  0.775270  0.837877  0.821906  0.707046  0.723486  0.914483  0.730697  0.850863  0.802122  0.448089  0.809062  0.868748  0.775718  0.804881  0.800418  0.711837  0.722073  0.792279  0.765037  0.732244  0.715345  0.834721  0.763267  0.729617  0.802331  0.810098  0.640509  0.719723  0.764227  0.727664  0.904375  0.809960  0.257388  0.813983  0.822471  0.884011  0.685313  0.824000  0.740291 
25  0.764686  0.741202  0.756775  0.665624  0.760085  0.671539  0.758938  0.788678  0.887725  0.781818  0.772837  0.773115  0.786835  0.710697  0.771604  0.822876  0.704674  0.656523  0.783678  0.725588  0.718580  0.749654  0.811513  0.344903  0.131075 0.0  0.853643  0.688826  0.749964  0.738259  0.767523  0.851079  0.741079  0.831673  0.734070  0.756762  0.712252  0.458479  0.740508  0.744666  0.380745  0.711792  0.779883  0.876266  0.776022  0.762100  0.855963  0.815775  0.753731  0.768854  0.772962  0.620787  0.786552  0.886363  0.796854  0.958724  0.804398  0.625587  0.375627  0.704906  0.704682  0.806218  0.721730  0.753721  0.861073  0.834376  0.732476  0.821750  0.847670  0.570266  0.891013  0.794179  0.770522  0.912971  0.870375  0.884887  0.777206  0.852861  0.802662  0.815435  0.908692  0.896921  0.682896  0.847248  0.864654  0.827832  0.613253  0.717943  0.581190  0.723442  0.741460  0.837010  0.743769  0.421259  0.791083  0.736840  0.843174  0.751812  0.785930  0.833643  0.717349  0.735940  0.772535  0.870745  0.768012  0.771972  0.838187  0.744545  0.838547  0.843168  0.814552  0.824917  0.760587  0.785615  0.817109  0.790523  0.456653  0.721948  0.784225  0.774575  0.770967  0.694487  0.849846  0.801350  0.814251  0.736242  0.821416  0.819834  0.719610  0.788281  0.844667  0.792715  0.738976  0.639881  0.842805  0.809068  0.777082  0.763319  0.781735  0.357746  0.717780  0.771398  0.756060  0.849560  0.762292  0.771598 
26  0.306525  0.856758  0.860324  0.314236  0.290623  0.593708  0.374860  0.125906  0.457836  0.134161  0.316316  0.214443  0.276927  0.853111  0.363927  0.316297  0.764937  0.533262  0.263567  0.442791  0.210859  0.784158  0.194664  0.489638  0.681909  0.853643 0.0  0.162060  0.154713  0.315097  0.264437  0.236903  0.294618  0.240775  0.841949  0.381186  0.113543  0.756655  0.175724  0.598926  0.729777  0.322082  0.323943  0.254934  0.762408  0.410286  0.346124  0.328033  0.172014  0.073065  0.298747  0.227250  0.326903  0.227750  0.538473  0.073065  0.267894  0.302610  0.389401  0.073065  0.358223  0.243815  0.081829  0.617633  0.093256  0.353253  0.277582  0.788993  0.955088  0.322464  0.242805  0.348382  0.244940  0.317175  0.216744  0.321592  0.290447  0.309370  0.116029  0.716883  0.140883  0.218529  0.682430  0.307203  0.305049  0.395728  0.320742  0.096786  0.584688  0.314269  0.163599  0.127704  0.569646  0.515906  0.367384  0.589098  0.148117  0.852161  0.230814  0.102049  0.245052  0.200059  0.221032  0.245262  0.394970  0.147934  0.084618  0.687284  0.356456  0.325387  0.306123  0.284452  0.312184  0.264419  0.167768  0.283962  0.465784  0.351055  0.298942  0.798217  0.184420  0.239059  0.379825  0.694352  0.283533  0.400183  0.359315  0.478290  0.785864  0.251875  0.097364  0.376736  0.357037  0.546754  0.796239  0.366400  0.148607  0.088636  0.232027  0.648120  0.099952  0.372014  0.740286  0.247586  0.148277  0.211507 
