146
0 0.0  0.799080  0.791342  0.212963  0.185884  0.651727  0.172046  0.285655  0.419338  0.321982  0.167693  0.315175  0.184834  0.793544  0.371406  0.270887  0.649236  0.593839  0.224825  0.476875  0.220606  0.776702  0.371611  0.462329  0.725879  0.734114  0.309161  0.247978  0.248464  0.246114  0.277746  0.327811  0.229830  0.299215  0.841633  0.264771  0.341103  0.676131  0.258682  0.687179  0.677588  0.293347  0.118650  0.141464  0.821869  0.329173  0.227699  0.188405  0.256265  0.228205  0.199656  0.378647  0.138204  0.318344  0.560022  0.340348  0.358624  0.241799  0.455804  0.435441  0.244072  0.240828  0.382147  0.770901  0.270769  0.167193  0.198428  0.679853  0.720883  0.351924  0.072587  0.279129  0.299360  0.386473  0.347927  0.241082  0.201827  0.224352  0.184325  0.768060  0.320378  0.208115  0.799837  0.213628  0.232621  0.298840  0.277598  0.430104  0.471878  0.357371  0.271765  0.307716  0.508463  0.406640  0.167505  0.647264  0.362948  0.824654  0.260993  0.305713  0.285739  0.331193  0.294440  0.384441  0.228241  0.279669  0.394384  0.698421  0.197793  0.205143  0.189968  0.232749  0.252725  0.130486  0.280542  0.238938  0.501897  0.322114  0.222984  0.716231  0.345773  0.182000  0.132223  0.700180  0.261669  0.245003  0.161049  0.485825  0.687858  0.167816  0.329970  0.106298  0.436523  0.463691  0.755511  0.083348  0.304589  0.369680  0.241856  0.520478  0.301265  0.207911  0.692834  0.273203  0.315670  0.193707 
1  0.799080 0.0  0.234456  0.739064  0.805924  0.832552  0.761103  0.852618  0.918171  0.803840  0.729538  0.765280  0.824987  0.892762  0.836150  0.862785  0.663143  0.624676  0.849443  0.701594  0.767198  0.514271  0.837222  0.381819  0.772959  0.765937  0.840548  0.868923  0.894728  0.822526  0.812012  0.821904  0.802381  0.772465  0.625042  0.746102  0.866980  0.644730  0.816340  0.259405  0.609059  0.788781  0.736415  0.901180  0.758406  0.735468  0.780157  0.795625  0.796287  0.733215  0.825098  0.848897  0.835983  0.759027  0.732434  0.830047  0.760876  0.551317  0.501373  0.863409  0.764645  0.790789  0.892650  0.675463  0.712741  0.823843  0.839026  0.478104  0.816330  0.669773  0.795849  0.811919  0.866285  0.798227  0.799194  0.773727  0.784490  0.814712  0.709758  0.603913  0.751191  0.848207  0.793761  0.821598  0.885821  0.749878  0.552621  0.803809  0.696416  0.865926  0.909826  0.884366  0.803850  0.453638  0.793534  0.833980  0.806923  0.387372  0.828011  0.742227  0.802606  0.832241  0.739143  0.762389  0.788822  0.897897  0.679551  0.622986  0.700804  0.758337  0.790836  0.812696  0.842776  0.760980  0.705447  0.846256  0.488518  0.773037  0.779226  0.452817  0.794984  0.823508  0.724112  0.354481  0.885834  0.711203  0.703679  0.747802  0.807422  0.913732  0.794364  0.808759  0.678705  0.726608  0.812142  0.867061  0.829523  0.822577  0.758147  0.591101  0.784461  0.783831  0.649407  0.838090  0.772305  0.703778 
2  0.791342  0.234456 0.0  0.772941  0.770366  0.822900  0.786714  0.807485  0.730243  0.867759  0.799089  0.756205  0.810953  0.825841  0.801835  0.819535  0.655319  0.612691  0.791385  0.601271  0.769989  0.580479  0.656463  0.341306  0.731894  0.772860  0.793559  0.720211  0.721846  0.864734  0.755658  0.811973  0.842236  0.737272  0.444429  0.830895  0.810701  0.703210  0.853360  0.287722  0.762616  0.813046  0.756198  0.683207  0.803354  0.817713  0.759424  0.848653  0.881611  0.792957  0.781174  0.805940  0.736949  0.810458  0.711482  0.673331  0.872506  0.564330  0.497469  0.827116  0.682145  0.787736  0.849485  0.720512  0.743691  0.847137  0.723682  0.405644  0.785352  0.580620  0.719892  0.734534  0.753446  0.864137  0.773125  0.888494  0.814334  0.779634  0.662809  0.465197  0.837371  0.800543  0.781942  0.730418  0.791053  0.766431  0.694280  0.782233  0.541025  0.806932  0.693854  0.757498  0.721373  0.437890  0.765580  0.823931  0.807019  0.314802  0.856936  0.835655  0.793738  0.706635  0.763509  0.775626  0.709233  0.856812  0.806155  0.748106  0.800366  0.735115  0.808546  0.797764  0.817909  0.780607  0.780017  0.715245  0.519924  0.815491  0.676043  0.414156  0.689504  0.787701  0.732694  0.358561  0.710444  0.776228  0.720425  0.704074  0.751683  0.741002  0.779862  0.668093  0.761608  0.711824  0.846390  0.803144  0.721591  0.741468  0.751927  0.635913  0.789002  0.817120  0.771722  0.834206  0.791277  0.744413 
3  0.212963  0.739064  0.772941 0.0  0.275457  0.539809  0.172776  0.235406  0.379831  0.257385  0.116448  0.226075  0.222341  0.743058  0.353241  0.252789  0.631951  0.553845  0.182682  0.495444  0.154152  0.767517  0.321809  0.349512  0.748764  0.750249  0.270000  0.227357  0.268073  0.224729  0.372405  0.246932  0.177506  0.372002  0.803350  0.215481  0.355866  0.707999  0.245832  0.727392  0.665827  0.289392  0.081837  0.072587  0.756920  0.401679  0.274239  0.137070  0.400884  0.397023  0.163342  0.387465  0.116817  0.240856  0.454369  0.374981  0.358667  0.345597  0.428828  0.243434  0.368803  0.327858  0.408814  0.725500  0.373361  0.093508  0.172573  0.797629  0.792746  0.311050  0.099456  0.257949  0.243870  0.464846  0.252669  0.141455  0.189028  0.218443  0.137136  0.900959  0.330995  0.298017  0.716960  0.143153  0.210686  0.171377  0.288742  0.292684  0.559599  0.338771  0.333690  0.241027  0.537961  0.436357  0.159901  0.536101  0.387146  0.864655  0.338832  0.307561  0.272333  0.351565  0.312149  0.400211  0.242219  0.370837  0.320297  0.673882  0.072587  0.314472  0.324949  0.262392  0.214376  0.133101  0.350840  0.214381  0.359633  0.311678  0.220246  0.729219  0.330439  0.096424  0.243136  0.650953  0.072587  0.278860  0.200089  0.530479  0.683638  0.307945  0.276923  0.170236  0.378969  0.482987  0.655569  0.128584  0.353680  0.283724  0.290567  0.653035  0.272633  0.257505  0.655472  0.327826  0.324493  0.079131 
4  0.185884  0.805924  0.770366  0.275457 0.0  0.622346  0.240990  0.368224  0.402774  0.253406  0.254292  0.381494  0.193241  0.738387  0.421005  0.072587  0.729324  0.625418  0.210985  0.396514  0.225184  0.782400  0.264013  0.428662  0.792803  0.635622  0.355928  0.226861  0.310200  0.072587  0.374446  0.103432  0.287796  0.337690  0.834455  0.278817  0.274075  0.714256  0.176380  0.689403  0.684920  0.374926  0.324090  0.285596  0.761512  0.336202  0.173513  0.340139  0.230462  0.250485  0.246132  0.235342  0.216369  0.226438  0.480769  0.194328  0.377176  0.338197  0.426210  0.297705  0.239272  0.244142  0.254464  0.716480  0.350452  0.207881  0.255529  0.815585  0.800373  0.320783  0.245536  0.278532  0.270154  0.412665  0.191879  0.228857  0.167524  0.182995  0.073114  0.870301  0.345052  0.394167  0.669425  0.172601  0.149018  0.286301  0.228954  0.185254  0.637272  0.403908  0.320300  0.296825  0.574731  0.378194  0.248356  0.588198  0.346812  0.666313  0.336007  0.245813  0.338548  0.332977  0.305575  0.256663  0.267723  0.283912  0.347361  0.832768  0.211843  0.215150  0.115519  0.072587  0.072587  0.196417  0.364034  0.074120  0.349910  0.404863  0.284298  0.750348  0.283592  0.229127  0.204951  0.602564  0.131231  0.329736  0.209744  0.490523  0.806074  0.220840  0.265903  0.238086  0.387858  0.487526  0.670641  0.114790  0.272524  0.279896  0.305475  0.567604  0.268076  0.222430  0.662630  0.233238  0.320811  0.143552 
5  0.651727  0.832552  0.822900  0.539809  0.622346 0.0  0.654641  0.420293  0.595887  0.598671  0.644258  0.547997  0.468696  0.776749  0.517314  0.631773  0.815616  0.567610  0.405583  0.231021  0.639961  0.784481  0.606270  0.412086  0.712053  0.748934  0.609724  0.486845  0.556655  0.573208  0.563980  0.552300  0.617270  0.549752  0.859396  0.634152  0.570102  0.692283  0.663299  0.602943  0.704080  0.550692  0.512016  0.543652  0.799391  0.602838  0.613866  0.519225  0.608275  0.638541  0.543351  0.504724  0.593304  0.544460  0.510151  0.525238  0.655126  0.282134  0.454850  0.650808  0.492709  0.528710  0.637615  0.749393  0.526301  0.675411  0.553870  0.834467  0.851755  0.253135  0.577338  0.645023  0.547663  0.508482  0.625528  0.606027  0.629110  0.629583  0.505880  0.784965  0.583155  0.629075  0.797804  0.553665  0.462423  0.554520  0.288886  0.687160  0.583835  0.607574  0.532622  0.521781  0.151318  0.361420  0.727613  0.131971  0.565253  0.848300  0.663684  0.606337  0.570049  0.613637  0.602381  0.495672  0.592907  0.616987  0.626494  0.658878  0.646001  0.597430  0.602999  0.541784  0.555434  0.579431  0.653751  0.604842  0.360988  0.522458  0.641518  0.812912  0.635733  0.644129  0.615769  0.669086  0.640596  0.590967  0.642423  0.558452  0.724065  0.612189  0.616410  0.589355  0.450825  0.420330  0.763959  0.522255  0.636137  0.473409  0.602525  0.709070  0.600438  0.591878  0.648096  0.569225  0.605861  0.466723 
6  0.172046  0.761103  0.786714  0.172776  0.240990  0.654641 0.0  0.332670  0.420911  0.295198  0.230251  0.193151  0.210658  0.742478  0.309923  0.191476  0.678759  0.581381  0.264069  0.475080  0.158011  0.777040  0.305094  0.368793  0.763109  0.767532  0.256735  0.295062  0.358260  0.207094  0.261641  0.198051  0.250616  0.349721  0.786609  0.236770  0.343776  0.699730  0.174463  0.641502  0.657958  0.338580  0.140698  0.072587  0.724549  0.220142  0.192461  0.072587  0.282475  0.286943  0.158403  0.233449  0.136018  0.216973  0.432243  0.384685  0.295283  0.342446  0.502077  0.321347  0.290260  0.307993  0.315890  0.694683  0.274356  0.072587  0.072587  0.773296  0.823565  0.263541  0.172490  0.225466  0.361025  0.433386  0.342048  0.144694  0.160441  0.321189  0.163058  0.746365  0.315204  0.321643  0.747565  0.072587  0.168703  0.267762  0.357745  0.346416  0.468121  0.316929  0.382526  0.216826  0.565267  0.344301  0.195218  0.586140  0.345252  0.880530  0.310276  0.312247  0.294211  0.353715  0.343159  0.300441  0.347833  0.381694  0.257088  0.688541  0.126480  0.179503  0.120598  0.287369  0.232561  0.240073  0.333019  0.217031  0.404173  0.235367  0.307902  0.801597  0.326165  0.072587  0.210400  0.707782  0.199013  0.326418  0.191171  0.480640  0.757269  0.238236  0.262284  0.167364  0.392719  0.308479  0.827760  0.136587  0.338877  0.385680  0.317139  0.596447  0.306633  0.219935  0.724206  0.397934  0.329884  0.162297 
7  0.285655  0.852618  0.807485  0.235406  0.368224  0.420293  0.332670 0.0  0.416129  0.241941  0.303358  0.197918  0.315252  0.784401  0.366574  0.304271  0.803335  0.639613  0.179731  0.495950  0.290256  0.778641  0.151803  0.436001  0.758137  0.662326  0.072587  0.216901  0.175405  0.249852  0.211785  0.310442  0.312262  0.096640  0.895316  0.204574  0.072587  0.674216  0.367126  0.612469  0.763137  0.314128  0.253368  0.292116  0.723975  0.283534  0.344253  0.262610  0.164839  0.245847  0.242884  0.196440  0.276807  0.095109  0.440940  0.196507  0.146412  0.289172  0.445226  0.072587  0.194809  0.232955  0.118717  0.630310  0.159798  0.310943  0.279610  0.761990  0.904729  0.317904  0.294666  0.258784  0.192982  0.455144  0.232034  0.350697  0.286428  0.332420  0.193578  0.734201  0.114074  0.087100  0.798787  0.156026  0.271237  0.442155  0.314897  0.072587  0.653710  0.315026  0.167830  0.116047  0.546923  0.429842  0.315109  0.655610  0.072587  0.799022  0.165248  0.072587  0.212658  0.072587  0.187908  0.093919  0.354151  0.145064  0.083536  0.761713  0.360715  0.396354  0.325968  0.311668  0.291481  0.271294  0.172399  0.397397  0.468820  0.404426  0.251181  0.700797  0.242280  0.401950  0.263096  0.735739  0.241777  0.265747  0.342498  0.553203  0.679876  0.299850  0.141426  0.332910  0.370330  0.425418  0.718669  0.285341  0.246173  0.177105  0.199360  0.651640  0.119286  0.296191  0.652024  0.219221  0.120063  0.159464 
8  0.419338  0.918171  0.730243  0.379831  0.402774  0.595887  0.420911  0.416129 0.0  0.403234  0.367873  0.465868  0.290245  0.765815  0.203966  0.331485  0.668154  0.581562  0.404818  0.409776  0.371805  0.724209  0.435105  0.451973  0.764551  0.737268  0.416979  0.377580  0.401212  0.365843  0.425182  0.433604  0.462169  0.374879  0.798400  0.377128  0.416774  0.613754  0.426495  0.618207  0.709968  0.129448  0.541556  0.412996  0.769382  0.408685  0.527971  0.391385  0.526789  0.342133  0.402341  0.394498  0.492038  0.370727  0.479941  0.409919  0.388063  0.317901  0.425265  0.366671  0.369135  0.395402  0.407358  0.655428  0.364611  0.488109  0.412431  0.718713  0.864488  0.357032  0.406806  0.398981  0.457621  0.093604  0.407088  0.332120  0.383354  0.370082  0.223455  0.795161  0.339352  0.385498  0.765030  0.450525  0.483001  0.331735  0.286164  0.486679  0.531757  0.471117  0.443237  0.404404  0.602970  0.487846  0.444600  0.618262  0.367807  0.899176  0.453203  0.424440  0.345668  0.357299  0.415003  0.384910  0.443809  0.434370  0.404879  0.775818  0.534408  0.464667  0.496000  0.433591  0.468783  0.515471  0.338588  0.489263  0.454992  0.211512  0.395480  0.735484  0.456188  0.263927  0.368532  0.687145  0.439126  0.524250  0.364920  0.464812  0.695072  0.463191  0.366776  0.408518  0.371045  0.331858  0.793002  0.347832  0.367464  0.350316  0.392521  0.549693  0.366487  0.411681  0.771220  0.489674  0.378513  0.236076 
9  0.321982  0.803840  0.867759  0.257385  0.253406  0.598671  0.295198  0.241941  0.403234 0.0  0.307232  0.080717  0.300172  0.663288  0.342507  0.300011  0.717299  0.633531  0.207015  0.436929  0.249731  0.824034  0.072587  0.439361  0.703772  0.692049  0.171539  0.174458  0.184773  0.336915  0.226595  0.288891  0.176275  0.127853  0.805432  0.189907  0.193085  0.649465  0.291810  0.667971  0.624235  0.366462  0.334610  0.318448  0.730711  0.257607  0.204468  0.313412  0.109397  0.188828  0.269486  0.219455  0.247496  0.150694  0.529756  0.161799  0.171894  0.352799  0.467002  0.196210  0.228739  0.300572  0.184170  0.691243  0.268410  0.214078  0.286874  0.700850  0.807194  0.269341  0.271269  0.299965  0.271909  0.385513  0.155008  0.262356  0.267927  0.218309  0.111400  0.717411  0.094435  0.129967  0.692871  0.226485  0.313328  0.228534  0.332661  0.116546  0.574498  0.145015  0.238689  0.195174  0.469135  0.482530  0.359589  0.678398  0.203336  0.807156  0.222493  0.166867  0.197538  0.194697  0.244781  0.072587  0.233556  0.205590  0.165982  0.764427  0.324514  0.226328  0.260121  0.260149  0.232822  0.196607  0.227816  0.230945  0.506155  0.363910  0.195407  0.774063  0.198402  0.274941  0.274774  0.710281  0.278713  0.318338  0.233480  0.491101  0.902689  0.293793  0.237772  0.275302  0.370361  0.354234  0.807832  0.302954  0.224948  0.221706  0.090937  0.611223  0.192244  0.297106  0.723142  0.195574  0.172911  0.110873 
10  0.167693  0.729538  0.799089  0.116448  0.254292  0.644258  0.230251  0.303358  0.367873  0.307232 0.0  0.354996  0.210705  0.771101  0.421617  0.169311  0.554772  0.635872  0.283036  0.402096  0.135930  0.829513  0.333413  0.343463  0.686364  0.654170  0.324893  0.259101  0.456850  0.275136  0.327333  0.153569  0.170853  0.395561  0.858448  0.203444  0.386135  0.690979  0.233080  0.647808  0.606311  0.364498  0.078228  0.158510  0.791513  0.339392  0.226417  0.236829  0.281532  0.302532  0.142048  0.294080  0.130402  0.257365  0.552213  0.214389  0.342156  0.215955  0.408092  0.258401  0.337770  0.296665  0.352919  0.635818  0.260838  0.132759  0.182518  0.775215  0.867830  0.297819  0.219044  0.292168  0.352614  0.402988  0.255120  0.137127  0.234481  0.230142  0.186952  0.805291  0.270479  0.342450  0.814082  0.169052  0.200116  0.234617  0.281985  0.306190  0.586063  0.264241  0.319737  0.251221  0.516357  0.465942  0.132063  0.599004  0.263339  0.775977  0.314921  0.301470  0.308471  0.393527  0.315518  0.327973  0.170936  0.302608  0.331916  0.742103  0.088480  0.222900  0.269575  0.193993  0.243845  0.161923  0.442505  0.237262  0.440181  0.383420  0.205462  0.747075  0.317295  0.175415  0.213744  0.645948  0.104694  0.335500  0.167789  0.505796  0.799882  0.242655  0.244789  0.285752  0.418848  0.410245  0.877216  0.147538  0.345565  0.334283  0.239690  0.721982  0.348221  0.341137  0.735690  0.312299  0.244049  0.100263 
11  0.315175  0.765280  0.756205  0.226075  0.381494  0.547997  0.193151  0.197918  0.465868  0.080717  0.354996 0.0  0.227024  0.719328  0.369434  0.267608  0.665614  0.639118  0.190222  0.436768  0.227383  0.857777  0.212615  0.457979  0.738188  0.666997  0.242433  0.275848  0.267214  0.246685  0.167158  0.241796  0.284571  0.192401  0.828569  0.327369  0.160621  0.669319  0.318365  0.723458  0.736069  0.377079  0.171698  0.194680  0.632568  0.291322  0.319980  0.299148  0.200344  0.117588  0.271953  0.142061  0.323410  0.131137  0.559201  0.151025  0.112757  0.224304  0.298068  0.221443  0.262365  0.292017  0.194281  0.717270  0.135324  0.320204  0.308308  0.826602  0.788056  0.345419  0.314930  0.295463  0.226782  0.344377  0.176130  0.316380  0.326517  0.390515  0.202414  0.658511  0.149004  0.201081  0.712647  0.231895  0.276384  0.163911  0.293273  0.172957  0.567630  0.230553  0.298509  0.234821  0.479109  0.326978  0.298968  0.687022  0.164475  0.785671  0.215432  0.274203  0.227035  0.269527  0.151309  0.264654  0.325115  0.224223  0.233863  0.737060  0.266450  0.356857  0.245638  0.359666  0.290197  0.367620  0.261945  0.292410  0.354638  0.398965  0.270276  0.730799  0.245542  0.288196  0.325366  0.631001  0.339433  0.318664  0.311028  0.518948  0.871263  0.247601  0.160769  0.287394  0.474941  0.347115  0.701939  0.239874  0.258962  0.166764  0.202924  0.643838  0.177710  0.339714  0.708966  0.229553  0.177630  0.166264 
12  0.184834  0.824987  0.810953  0.222341  0.193241  0.468696  0.210658  0.315252  0.290245  0.300172  0.210705  0.227024 0.0  0.747226  0.261666  0.264821  0.652527  0.589307  0.135473  0.369515  0.199066  0.794962  0.195375  0.493968  0.713434  0.659112  0.310904  0.211489  0.226134  0.282488  0.239447  0.246605  0.251839  0.221468  0.773933  0.256702  0.298749  0.669337  0.243738  0.648293  0.649012  0.401174  0.248726  0.167220  0.782110  0.235030  0.148620  0.279977  0.193984  0.208220  0.233071  0.229801  0.204376  0.268005  0.509630  0.169436  0.143324  0.251047  0.347870  0.290653  0.238334  0.278512  0.221069  0.671281  0.140881  0.265752  0.282434  0.756642  0.793451  0.285075  0.250392  0.162432  0.278999  0.344810  0.297396  0.135783  0.262655  0.228047  0.155568  0.761418  0.266607  0.120745  0.778308  0.231262  0.123320  0.178361  0.245916  0.278854  0.600223  0.211061  0.171436  0.219349  0.461169  0.499668  0.343432  0.553018  0.156125  0.705428  0.170022  0.275967  0.241865  0.309302  0.223524  0.236861  0.189369  0.282459  0.177282  0.722951  0.240635  0.219000  0.285364  0.132244  0.196182  0.315810  0.244266  0.337066  0.395626  0.411548  0.245908  0.731887  0.198168  0.291462  0.225726  0.672337  0.170300  0.203601  0.250871  0.493877  0.749100  0.180068  0.223204  0.194846  0.440894  0.374405  0.822700  0.308966  0.255823  0.224481  0.270664  0.532427  0.341617  0.243461  0.705369  0.243760  0.278331  0.134118 
13  0.793544  0.892762  0.825841  0.743058  0.738387  0.776749  0.742478  0.784401  0.765815  0.663288  0.771101  0.719328  0.747226 0.0  0.724593  0.667458  0.819481  0.652149  0.735723  0.727424  0.797497  0.678550  0.666133  0.392655  0.695555  0.750800  0.737222  0.877584  0.809668  0.809362  0.717039  0.786293  0.789132  0.755459  0.734335  0.780516  0.783659  0.695165  0.735421  0.705267  0.669555  0.802138  0.726245  0.687333  0.164542  0.713067  0.742744  0.803451  0.717976  0.790711  0.727516  0.763488  0.810370  0.753059  0.708542  0.741578  0.625220  0.473833  0.458878  0.720850  0.725513  0.826796  0.790109  0.691833  0.750124  0.700125  0.678001  0.730016  0.757351  0.642616  0.826074  0.745827  0.652444  0.874974  0.702504  0.764126  0.769891  0.774961  0.718205  0.765293  0.674048  0.800879  0.799936  0.731991  0.684492  0.760239  0.606999  0.750417  0.574044  0.688136  0.735879  0.749405  0.844304  0.498927  0.702409  0.712279  0.785189  0.736253  0.762029  0.816575  0.670453  0.767539  0.771288  0.719313  0.754635  0.749921  0.740911  0.760433  0.685208  0.727603  0.731238  0.693318  0.710564  0.720936  0.760041  0.706066  0.419780  0.796097  0.711940  0.790601  0.690962  0.756991  0.714763  0.697725  0.689613  0.738060  0.697047  0.765073  0.445551  0.793423  0.866378  0.746080  0.681844  0.679456  0.703852  0.646685  0.771414  0.749157  0.692544  0.610954  0.739594  0.766443  0.708208  0.756628  0.777518  0.721753 
14  0.371406  0.836150  0.801835  0.353241  0.421005  0.517314  0.309923  0.366574  0.203966  0.342507  0.421617  0.369434  0.261666  0.724593 0.0  0.336671  0.716662  0.535292  0.321162  0.309513  0.380586  0.824221  0.416990  0.473978  0.781445  0.706451  0.382455  0.335726  0.295652  0.341101  0.352716  0.307745  0.395734  0.413102  0.782348  0.341726  0.300922  0.743496  0.384393  0.656979  0.713872  0.117999  0.324950  0.366747  0.821028  0.413410  0.385243  0.407158  0.382304  0.338558  0.405883  0.453204  0.407954  0.371829  0.448550  0.367277  0.349165  0.217293  0.389543  0.438047  0.411925  0.422890  0.454598  0.702627  0.342305  0.418750  0.317607  0.735529  0.814057  0.261015  0.373824  0.337980  0.407656  0.161032  0.449183  0.438413  0.427019  0.341652  0.308126  0.827017  0.373482  0.422627  0.778892  0.309725  0.333645  0.398317  0.390311  0.354813  0.611336  0.421414  0.308363  0.407163  0.492290  0.438265  0.301521  0.553276  0.405666  0.828400  0.407345  0.326433  0.394947  0.335536  0.358467  0.371040  0.493573  0.362114  0.341150  0.736444  0.427525  0.393823  0.368239  0.432470  0.495303  0.343779  0.374172  0.391593  0.506976  0.203291  0.401557  0.742577  0.399977  0.441232  0.451572  0.706156  0.411662  0.420687  0.411569  0.430194  0.775577  0.373340  0.414326  0.432771  0.463798  0.359421  0.719913  0.401643  0.371285  0.445847  0.374979  0.649902  0.419197  0.232423  0.721245  0.356360  0.432330  0.300293 
15  0.270887  0.862785  0.819535  0.252789  0.072587  0.631773  0.191476  0.304271  0.331485  0.300011  0.169311  0.267608  0.264821  0.667458  0.336671 0.0  0.706186  0.571080  0.229980  0.394652  0.113072  0.762644  0.322221  0.374070  0.824251  0.779410  0.352053  0.228288  0.325360  0.275163  0.248149  0.184811  0.129294  0.209269  0.857286  0.159202  0.230462  0.648423  0.173664  0.736675  0.544358  0.251510  0.199686  0.179922  0.741683  0.234567  0.235077  0.264362  0.303173  0.288854  0.238490  0.359983  0.318057  0.269416  0.484338  0.294501  0.160879  0.309557  0.493527  0.315013  0.323961  0.328401  0.244255  0.624158  0.263652  0.251686  0.175984  0.697704  0.855167  0.290582  0.229032  0.304089  0.277394  0.456457  0.292646  0.257330  0.179016  0.195795  0.154153  0.858213  0.400776  0.380915  0.719091  0.135556  0.133569  0.162050  0.239301  0.302441  0.564984  0.316501  0.272155  0.202089  0.484738  0.339206  0.237006  0.601981  0.251177  0.775885  0.325806  0.332899  0.342853  0.292023  0.383504  0.286871  0.106921  0.298369  0.299780  0.778176  0.329901  0.142293  0.152413  0.211111  0.360289  0.196934  0.305457  0.260087  0.408696  0.414720  0.072587  0.812891  0.281589  0.174212  0.277216  0.704385  0.240600  0.134275  0.115111  0.385155  0.814372  0.072587  0.318357  0.119671  0.432837  0.417695  0.789276  0.208305  0.317853  0.322261  0.252497  0.490783  0.286270  0.269255  0.698334  0.351764  0.247670  0.176327 
16  0.649236  0.663143  0.655319  0.631951  0.729324  0.815616  0.678759  0.803335  0.668154  0.717299  0.554772  0.665614  0.652527  0.819481  0.716662  0.706186 0.0  0.557959  0.637012  0.630860  0.602194  0.677111  0.667455  0.449414  0.615552  0.642976  0.633644  0.729471  0.695164  0.800641  0.657149  0.630035  0.611025  0.799171  0.766298  0.686419  0.774202  0.615102  0.776068  0.682777  0.609185  0.632798  0.738227  0.737509  0.714696  0.669461  0.687093  0.709792  0.605960  0.616972  0.674487  0.687354  0.594475  0.649150  0.645719  0.684919  0.712150  0.741734  0.466289  0.714596  0.681214  0.668013  0.813371  0.679371  0.801389  0.702230  0.727752  0.627381  0.574865  0.583806  0.612032  0.698203  0.687201  0.709032  0.672936  0.715928  0.730148  0.720502  0.661235  0.641903  0.693160  0.642642  0.778676  0.625780  0.597670  0.694718  0.550379  0.760938  0.306673  0.751087  0.726599  0.649435  0.690546  0.467002  0.783828  0.727338  0.759130  0.654044  0.610230  0.754810  0.707873  0.625815  0.667786  0.716282  0.713530  0.689472  0.681685  0.701150  0.709392  0.625364  0.647176  0.706420  0.722908  0.689462  0.733104  0.629722  0.374402  0.711249  0.725815  0.717688  0.759405  0.679979  0.780342  0.608111  0.645264  0.689388  0.702366  0.668394  0.779126  0.664406  0.788832  0.662249  0.759721  0.656419  0.665691  0.734424  0.737160  0.603451  0.622576  0.642885  0.650583  0.654407  0.683310  0.672348  0.717245  0.633264 
17  0.593839  0.624676  0.612691  0.553845  0.625418  0.567610  0.581381  0.639613  0.581562  0.633531  0.635872  0.639118  0.589307  0.652149  0.535292  0.571080  0.557959 0.0  0.561404  0.677794  0.718470  0.570061  0.648692  0.447553  0.600331  0.629006  0.631913  0.625919  0.579048  0.605609  0.578259  0.594091  0.594059  0.560189  0.546069  0.611990  0.688434  0.611355  0.603302  0.622659  0.600648  0.703624  0.471788  0.593710  0.599297  0.558045  0.587732  0.644611  0.683026  0.623713  0.581052  0.618391  0.597671  0.578038  0.578561  0.523103  0.592742  0.666780  0.407176  0.581587  0.549806  0.535251  0.581596  0.462246  0.526282  0.681267  0.674657  0.601274  0.633954  0.623236  0.706202  0.646180  0.552508  0.551920  0.546277  0.616969  0.570752  0.570690  0.487008  0.638057  0.549766  0.655527  0.629542  0.580407  0.613487  0.522784  0.566636  0.616454  0.561662  0.658898  0.586084  0.600984  0.602312  0.321588  0.608342  0.607891  0.584186  0.533725  0.574147  0.573728  0.580022  0.622681  0.516380  0.650229  0.671258  0.521753  0.596478  0.749404  0.547481  0.544230  0.556696  0.593870  0.658580  0.592004  0.649057  0.462747  0.331043  0.563582  0.696799  0.602175  0.654478  0.613258  0.698518  0.451978  0.529353  0.629608  0.672292  0.557036  0.588970  0.616215  0.566758  0.586366  0.520420  0.683182  0.603697  0.579703  0.607111  0.581327  0.631012  0.624547  0.532271  0.597712  0.562419  0.545933  0.555889  0.620945 
18  0.224825  0.849443  0.791385  0.182682  0.210985  0.405583  0.264069  0.179731  0.404818  0.207015  0.283036  0.190222  0.135473  0.735723  0.321162  0.229980  0.637012  0.561404 0.0  0.418524  0.150096  0.871971  0.195235  0.380314  0.774575  0.802229  0.205147  0.178360  0.271594  0.284363  0.220594  0.204743  0.235944  0.239891  0.793097  0.250906  0.279981  0.658011  0.166080  0.708970  0.673829  0.278437  0.152242  0.184373  0.782801  0.222382  0.311907  0.209798  0.253956  0.238928  0.274865  0.135302  0.288155  0.184254  0.447087  0.186908  0.222470  0.369202  0.412152  0.213102  0.195931  0.230901  0.311737  0.630375  0.180255  0.264334  0.328641  0.733013  0.648540  0.231288  0.248822  0.197444  0.279416  0.406412  0.194131  0.239076  0.317908  0.285907  0.172262  0.700451  0.177212  0.177349  0.768435  0.195372  0.204755  0.267174  0.340109  0.194753  0.574946  0.276336  0.341456  0.223646  0.544197  0.463080  0.235925  0.456107  0.218179  0.817151  0.304663  0.276770  0.206857  0.202567  0.207370  0.220712  0.210798  0.350257  0.246924  0.857964  0.216123  0.226143  0.202824  0.242373  0.317673  0.250908  0.187977  0.262722  0.448027  0.436562  0.257058  0.817004  0.181594  0.234954  0.209728  0.718964  0.314782  0.171985  0.158431  0.454183  0.765278  0.215750  0.256179  0.203022  0.362151  0.511903  0.800887  0.268916  0.246381  0.211186  0.214953  0.626202  0.248032  0.270384  0.660209  0.159254  0.202825  0.132881 
19  0.476875  0.701594  0.601271  0.495444  0.396514  0.231021  0.475080  0.495950  0.409776  0.436929  0.402096  0.436768  0.369515  0.727424  0.309513  0.394652  0.630860  0.677794  0.418524 0.0  0.337291  0.578947  0.400631  0.430251  0.690011  0.648067  0.395738  0.478413  0.412566  0.338147  0.444344  0.445709  0.469845  0.482403  0.632002  0.407255  0.459446  0.703224  0.375736  0.705782  0.637413  0.514746  0.338969  0.438617  0.647665  0.354343  0.482009  0.372980  0.466444  0.393423  0.419763  0.430734  0.474883  0.448836  0.525871  0.383239  0.420232  0.318439  0.453036  0.440821  0.415176  0.338314  0.425773  0.685491  0.419259  0.486280  0.407308  0.662229  0.672802  0.294502  0.442151  0.434267  0.433498  0.441979  0.366897  0.397508  0.412801  0.536572  0.387843  0.670160  0.447531  0.415952  0.667910  0.455856  0.314105  0.377524  0.353062  0.377446  0.571948  0.376694  0.404956  0.486342  0.192151  0.428586  0.515285  0.189566  0.414554  0.652305  0.472453  0.309218  0.340652  0.394292  0.363738  0.435609  0.404434  0.392463  0.426038  0.698735  0.427369  0.432613  0.428908  0.327411  0.380831  0.425021  0.356402  0.382830  0.380161  0.406167  0.426604  0.641960  0.453870  0.356318  0.475969  0.747082  0.385864  0.451413  0.485596  0.490050  0.639140  0.424416  0.387471  0.317530  0.383390  0.446579  0.693378  0.305139  0.289621  0.434582  0.347381  0.554836  0.437466  0.415391  0.613771  0.451730  0.352824  0.496288 
20  0.220606  0.767198  0.769989  0.154152  0.225184  0.639961  0.158011  0.290256  0.371805  0.249731  0.135930  0.227383  0.199066  0.797497  0.380586  0.113072  0.602194  0.718470  0.150096  0.337291 0.0  0.701921  0.244881  0.420014  0.693555  0.734559  0.353316  0.202282  0.371713  0.206163  0.217711  0.173541  0.080087  0.248892  0.832069  0.165424  0.273963  0.676654  0.149389  0.641461  0.690487  0.304935  0.110040  0.128442  0.738087  0.271362  0.107028  0.173182  0.331234  0.298457  0.145600  0.250220  0.161058  0.282647  0.527549  0.259945  0.343276  0.219484  0.446138  0.318724  0.228409  0.289376  0.225999  0.724620  0.309206  0.234026  0.213724  0.724806  0.690273  0.309384  0.149318  0.161736  0.284060  0.350375  0.213435  0.176421  0.262898  0.151055  0.111172  0.749008  0.280932  0.259182  0.654826  0.072587  0.072587  0.148450  0.367765  0.265657  0.606955  0.305764  0.304731  0.305764  0.626758  0.422297  0.229834  0.699840  0.279587  0.729342  0.156558  0.268005  0.236963  0.318894  0.249416  0.225070  0.072587  0.290112  0.238636  0.737586  0.125632  0.193216  0.110155  0.082722  0.206961  0.166605  0.285492  0.277681  0.316350  0.328816  0.157502  0.719303  0.348613  0.193314  0.238531  0.612601  0.153882  0.145279  0.107853  0.477455  0.742506  0.105637  0.294460  0.072587  0.304165  0.419842  0.785705  0.108154  0.302761  0.394551  0.167231  0.539872  0.248707  0.252531  0.722082  0.248639  0.300308  0.130140 
21  0.776702  0.514271  0.580479  0.767517  0.782400  0.784481  0.777040  0.778641  0.724209  0.824034  0.829513  0.857777  0.794962  0.678550  0.824221  0.762644  0.677111  0.570061  0.871971  0.578947  0.701921 0.0  0.733671  0.369300  0.812352  0.761548  0.796564  0.756060  0.817839  0.807748  0.764081  0.810630  0.735643  0.785024  0.103758  0.770362  0.825413  0.702975  0.730177  0.436642  0.646939  0.767831  0.801230  0.793013  0.718927  0.818434  0.748303  0.801829  0.778705  0.779081  0.873877  0.678217  0.793494  0.770286  0.684592  0.847251  0.729550  0.639500  0.463071  0.773705  0.789574  0.695510  0.800411  0.658481  0.782417  0.802137  0.857776  0.229625  0.811876  0.588961  0.737633  0.784092  0.760153  0.694237  0.789352  0.762519  0.743713  0.824090  0.704986  0.468372  0.789758  0.755372  0.753107  0.726852  0.726300  0.794272  0.546614  0.776654  0.639018  0.713598  0.874710  0.825231  0.741172  0.366086  0.751220  0.772270  0.872372  0.505835  0.811663  0.805464  0.817579  0.723207  0.790429  0.837937  0.738947  0.750584  0.757387  0.762520  0.772281  0.801570  0.756706  0.878527  0.853666  0.774507  0.763332  0.806149  0.440865  0.760605  0.740402  0.150263  0.769547  0.714752  0.795208  0.408829  0.820349  0.854139  0.787357  0.761663  0.799149  0.751823  0.795829  0.817588  0.710246  0.576898  0.769907  0.824249  0.847269  0.807981  0.778707  0.574871  0.728260  0.718291  0.688069  0.811858  0.694938  0.715377 
22  0.371611  0.837222  0.656463  0.321809  0.264013  0.606270  0.305094  0.151803  0.435105  0.072587  0.333413  0.212615  0.195375  0.666133  0.416990  0.322221  0.667455  0.648692  0.195235  0.400631  0.244881  0.733671 0.0  0.379505  0.814918  0.728703  0.254206  0.187206  0.145302  0.364812  0.221138  0.292074  0.374982  0.099326  0.824948  0.326051  0.072587  0.758594  0.282390  0.775726  0.594926  0.384436  0.249145  0.294270  0.784102  0.280384  0.335450  0.343750  0.190156  0.187937  0.348428  0.263526  0.392595  0.240808  0.483098  0.219075  0.202347  0.343756  0.491570  0.110031  0.261145  0.245052  0.229022  0.606560  0.182512  0.325276  0.387036  0.683251  0.808816  0.338774  0.354364  0.325875  0.194028  0.334565  0.151798  0.323005  0.303954  0.305925  0.161685  0.876182  0.105743  0.110952  0.664393  0.271350  0.287096  0.317258  0.295623  0.232782  0.614192  0.072587  0.170009  0.085898  0.508221  0.530548  0.326124  0.661429  0.130349  0.835084  0.254643  0.164217  0.157896  0.187416  0.167731  0.072775  0.288012  0.112747  0.256399  0.694418  0.310946  0.229252  0.319311  0.280209  0.343451  0.251334  0.154989  0.267939  0.446856  0.376064  0.405399  0.709139  0.178519  0.370973  0.310788  0.578004  0.320487  0.250436  0.223495  0.440477  0.762769  0.241888  0.163999  0.187222  0.456354  0.534379  0.792619  0.374476  0.218755  0.224339  0.195629  0.608709  0.217472  0.250094  0.662822  0.179826  0.130282  0.185881 
23  0.462329  0.381819  0.341306  0.349512  0.428662  0.412086  0.368793  0.436001  0.451973  0.439361  0.343463  0.457979  0.493968  0.392655  0.473978  0.374070  0.449414  0.447553  0.380314  0.430251  0.420014  0.369300  0.379505 0.0  0.461484  0.350397  0.503145  0.371113  0.425228  0.448790  0.389151  0.405451  0.484230  0.402668  0.459038  0.397539  0.438457  0.419075  0.391087  0.414761  0.394182  0.431202  0.427055  0.416392  0.430294  0.364576  0.457342  0.407496  0.415693  0.442248  0.328848  0.451001  0.457292  0.371377  0.401971  0.364101  0.384757  0.388167  0.298373  0.419570  0.410452  0.452172  0.482926  0.404717  0.399195  0.454290  0.409193  0.386965  0.374598  0.414542  0.492936  0.519015  0.382476  0.412190  0.414342  0.487749  0.417515  0.457672  0.426572  0.442507  0.501734  0.344992  0.362195  0.489623  0.396708  0.418995  0.459391  0.360099  0.414346  0.384698  0.453319  0.469324  0.522248  0.537151  0.419468  0.315263  0.384826  0.531211  0.412150  0.400964  0.479401  0.470925  0.330157  0.437639  0.426039  0.505375  0.388423  0.623052  0.501140  0.502590  0.400489  0.368018  0.381127  0.420863  0.440031  0.363062  0.413747  0.402014  0.378260  0.413695  0.444156  0.351051  0.481472  0.335164  0.413570  0.396478  0.428969  0.401817  0.350816  0.388945  0.451020  0.424325  0.482788  0.477515  0.487335  0.431444  0.438035  0.398941  0.476220  0.396632  0.397077  0.484782  0.430208  0.366360  0.331833  0.414883 
24  0.725879  0.772959  0.731894  0.748764  0.792803  0.712053  0.763109  0.758137  0.764551  0.703772  0.686364  0.738188  0.713434  0.695555  0.781445  0.824251  0.615552  0.600331  0.774575  0.690011  0.693555  0.812352  0.814918  0.461484 0.0  0.072587  0.797477  0.670927  0.735364  0.688013  0.758925  0.754932  0.714792  0.719681  0.749908  0.658089  0.701505  0.435781  0.769236  0.732108  0.497960  0.703953  0.826538  0.731336  0.757920  0.655703  0.701315  0.758350  0.817713  0.775190  0.731432  0.672583  0.781914  0.729724  0.690744  0.742912  0.825074  0.583407  0.454886  0.662123  0.845793  0.763754  0.726032  0.698618  0.799759  0.891805  0.808629  0.718644  0.658839  0.672981  0.802687  0.747524  0.782607  0.728812  0.784803  0.742089  0.830066  0.879328  0.826451  0.712746  0.794094  0.752211  0.772508  0.736679  0.737136  0.696627  0.554052  0.720215  0.601354  0.794274  0.704656  0.679944  0.820297  0.467575  0.707519  0.778326  0.760441  0.767965  0.791953  0.702606  0.742788  0.802992  0.766839  0.786025  0.778364  0.770207  0.686535  0.664434  0.683339  0.688641  0.672341  0.860060  0.818622  0.753467  0.855707  0.819797  0.356657  0.703488  0.738300  0.756849  0.794409  0.781813  0.660802  0.689509  0.783873  0.744267  0.773989  0.788363  0.775452  0.826962  0.727336  0.757409  0.673070  0.686164  0.772345  0.759806  0.723996  0.780867  0.804449  0.281278  0.715110  0.787327  0.638714  0.732091  0.757305  0.691225 
25  0.734114  0.765937  0.772860  0.750249  0.635622  0.748934  0.767532  0.662326  0.737268  0.692049  0.654170  0.666997  0.659112  0.750800  0.706451  0.779410  0.642976  0.629006  0.802229  0.648067  0.734559  0.761548  0.728703  0.350397  0.072587 0.0  0.746247  0.681337  0.724057  0.678094  0.715498  0.750006  0.753701  0.693927  0.836633  0.728055  0.810501  0.372975  0.701684  0.667884  0.445875  0.720453  0.771173  0.761802  0.760397  0.775527  0.690130  0.757944  0.821942  0.753300  0.708154  0.784762  0.766335  0.782876  0.736716  0.770980  0.786157  0.602064  0.497088  0.789725  0.805536  0.802957  0.725110  0.707202  0.705566  0.821105  0.709308  0.685364  0.699792  0.622977  0.750011  0.842717  0.734091  0.704777  0.710224  0.764750  0.731790  0.846642  0.791157  0.755902  0.734340  0.764516  0.645278  0.675710  0.769589  0.769101  0.527849  0.787289  0.513829  0.825218  0.786051  0.713360  0.680831  0.453473  0.663919  0.813994  0.689322  0.796988  0.820005  0.648355  0.734166  0.746700  0.778613  0.756834  0.773470  0.755393  0.675723  0.721478  0.751902  0.824564  0.792428  0.787914  0.703262  0.772899  0.743679  0.765473  0.477156  0.726065  0.700557  0.740862  0.757709  0.747645  0.684137  0.715527  0.740257  0.748155  0.749317  0.789863  0.781862  0.743557  0.694848  0.798566  0.670989  0.510854  0.688882  0.686969  0.764168  0.702640  0.712268  0.186785  0.709447  0.744875  0.726374  0.688171  0.733572  0.787025 
26  0.309161  0.840548  0.793559  0.270000  0.355928  0.609724  0.256735  0.072587  0.416979  0.171539  0.324893  0.242433  0.310904  0.737222  0.382455  0.352053  0.633644  0.631913  0.205147  0.395738  0.353316  0.796564  0.254206  0.503145  0.797477  0.746247 0.0  0.129752  0.144848  0.395247  0.251117  0.311253  0.278424  0.112719  0.781782  0.339429  0.135344  0.660009  0.398379  0.676710  0.634336  0.253080  0.296350  0.376798  0.762638  0.258065  0.213295  0.307184  0.072587  0.105974  0.286502  0.249220  0.360172  0.277707  0.483341  0.145962  0.263453  0.280860  0.381128  0.072587  0.303750  0.274327  0.137446  0.669650  0.192275  0.367818  0.263722  0.728868  0.866235  0.277480  0.337773  0.281500  0.185757  0.402608  0.173320  0.436934  0.202788  0.383964  0.184447  0.842218  0.180676  0.151269  0.736053  0.158838  0.214478  0.322098  0.272274  0.072587  0.578767  0.208565  0.072587  0.202960  0.587128  0.450588  0.337080  0.628609  0.082847  0.840567  0.123820  0.077289  0.265823  0.072587  0.135651  0.112760  0.263316  0.072587  0.123096  0.719125  0.309368  0.356674  0.374908  0.264496  0.265759  0.250889  0.168624  0.277450  0.432116  0.293009  0.325423  0.728545  0.213838  0.274587  0.320538  0.692717  0.274224  0.205417  0.259462  0.483139  0.714489  0.275092  0.072587  0.326110  0.441274  0.356943  0.824193  0.287788  0.224843  0.268045  0.249615  0.557839  0.180071  0.259690  0.704960  0.280762  0.221511  0.100854 
