89
0 0.0  0.665060  0.577106  0.475013  0.479142  0.730827  0.807817  0.420362  0.686203  0.832968  0.718373  0.621343  0.670976  0.777792  0.545308  0.798852  0.842203  0.775400  0.551511  0.656768  0.484808  0.857829  0.721083  0.472145  0.740682  0.829613  0.813271  0.707661  0.670984  0.694131  0.529568  0.666722  0.667790  0.686177  0.767424  0.798000  0.876009  0.700110  0.424021  0.540383  0.699068  0.560589  0.696969  0.839378  0.561548  0.749489  0.658557  0.694687  0.473565  0.887165  0.614060  0.498209  0.574062  0.861748  0.765305  0.643648  0.669112  0.905360  0.408083  0.223353  0.566577  0.659193  0.784747  0.669820  0.803980  0.818513  0.597070  0.387379  0.537519  0.701977  0.746058  0.666594  0.639574  0.688890  0.497963  0.630581  0.744390  0.807798  0.861107  0.732676  0.826393  0.551518  0.696692  0.716640  0.736880  0.881094  0.904635  0.595098  0.720713 
1  0.665060 0.0  0.528095  0.669535  0.614767  0.823755  0.652662  0.776760  0.370430  0.747749  0.720409  0.716438  0.445050  0.845870  0.733831  0.739162  0.803842  0.821118  0.833386  0.910207  0.587665  0.860122  0.760152  0.659416  0.700976  0.861088  0.719976  0.806135  0.753784  0.464246  0.598687  0.820197  0.607842  0.748284  0.914748  0.797000  0.751030  0.635037  0.740264  0.590836  0.506629  0.713218  0.636214  0.566644  0.830211  0.469495  0.565263  0.353097  0.538910  0.845562  0.666312  0.830220  0.654821  0.844227  0.734763  0.468443  0.803184  0.934982  0.732211  0.591194  0.648727  0.511345  0.809556  0.617101  0.871931  0.799914  0.688398  0.597725  0.434851  0.744556  0.672924  0.675443  0.672660  0.782274  0.404682  0.585598  0.693514  0.734286  0.910526  0.903996  0.655514  0.692351  0.656830  0.770913  0.734194  0.838644  0.710774  0.558108  0.647066 
2  0.577106  0.528095 0.0  0.493437  0.547689  0.616672  0.767490  0.642302  0.549762  0.747920  0.578170  0.646832  0.490283  0.771092  0.819026  0.741403  0.785283  0.624134  0.828933  0.866351  0.459181  0.817653  0.532150  0.618059  0.684988  0.730938  0.763416  0.809600  0.551777  0.600830  0.624000  0.702227  0.673307  0.579728  0.755909  0.763512  0.733315  0.661436  0.546513  0.627952  0.597446  0.720318  0.742105  0.678926  0.732974  0.595712  0.452049  0.540871  0.586112  0.635054  0.499463  0.723730  0.683890  0.750402  0.821247  0.639174  0.567591  0.742014  0.678524  0.591907  0.542069  0.439931  0.863176  0.594969  0.655668  0.857623  0.533034  0.496532  0.436284  0.659834  0.861341  0.744406  0.590456  0.754822  0.573602  0.650600  0.723899  0.766206  0.799835  0.764824  0.766479  0.569880  0.666402  0.825963  0.628885  0.801389  0.653099  0.566489  0.647447 
3  0.475013  0.669535  0.493437 0.0  0.432697  0.901986  0.659728  0.488646  0.545209  0.812339  0.638331  0.615820  0.608956  0.816063  0.522867  0.591528  0.822990  0.840762  0.725415  0.630565  0.615444  0.724193  0.738952  0.637896  0.711854  0.755390  0.850782  0.864225  0.750173  0.641708  0.534366  0.804534  0.543487  0.722794  0.786057  0.703644  0.781921  0.639276  0.636438  0.708444  0.645960  0.649328  0.732868  0.782248  0.490295  0.774640  0.567355  0.565310  0.394614  0.601440  0.607708  0.594264  0.542299  0.814921  0.689862  0.654117  0.700880  0.703098  0.542116  0.365563  0.595480  0.569422  0.764708  0.750161  0.777403  0.734227  0.605701  0.456578  0.549383  0.693470  0.826589  0.641429  0.658465  0.800059  0.603448  0.689458  0.537968  0.564268  0.766742  0.671936  0.895106  0.568529  0.733469  0.754026  0.741179  0.791767  0.806436  0.730880  0.780920 
4  0.479142  0.614767  0.547689  0.432697 0.0  0.645479  0.885383  0.491073  0.688634  0.786349  0.446519  0.644285  0.784167  0.767040  0.746922  0.747822  0.879580  0.745458  0.692142  0.829712  0.436938  0.718383  0.565600  0.531045  0.847547  0.715214  0.761529  0.717323  0.671511  0.566354  0.703253  0.686560  0.691748  0.625816  0.798630  0.920531  0.655809  0.662733  0.593933  0.593060  0.679885  0.516157  0.668972  0.813588  0.570476  0.639904  0.520887  0.675100  0.741089  0.702222  0.388439  0.727410  0.520799  0.881105  0.804047  0.522946  0.514399  0.799008  0.727211  0.618021  0.537234  0.517777  0.761346  0.641966  0.807704  0.769982  0.613772  0.597924  0.552286  0.798283  0.752785  0.547178  0.677087  0.833326  0.563187  0.745760  0.759474  0.650727  0.737961  0.827284  0.807495  0.588001  0.629111  0.847862  0.795842  0.836200  0.822536  0.721848  0.750860 
5  0.730827  0.823755  0.616672  0.901986  0.645479 0.0  0.694628  0.797040  0.865637  0.650571  0.754706  0.548696  0.796916  0.651370  0.758486  0.457180  0.681323  0.433307  0.597027  0.659973  0.771794  0.651169  0.513010  0.802940  0.746234  0.617809  0.806708  0.475944  0.691451  0.913582  0.796069  0.813397  0.801396  0.843546  0.552821  0.472463  0.576985  0.824401  0.790517  0.668635  0.798305  0.784068  0.744503  0.837959  0.780965  0.874995  0.779009  0.671877  0.745029  0.547079  0.727091  0.804449  0.698904  0.800455  0.662691  0.766816  0.706524  0.381312  0.858107  0.729927  0.708468  0.740314  0.507765  0.766768  0.607942  0.638162  0.858495  0.783722  0.789765  0.810109  0.644463  0.719840  0.653482  0.517374  0.684565  0.632806  0.834578  0.482137  0.586830  0.480064  0.444171  0.720232  0.783959  0.595636  0.677299  0.508488  0.698329  0.913549  0.553328 
6  0.807817  0.652662  0.767490  0.659728  0.885383  0.694628 0.0  0.767331  0.709110  0.482369  0.814478  0.813918  0.656759  0.638068  0.758438  0.748899  0.587188  0.597345  0.628709  0.658517  0.726631  0.636502  0.544149  0.865198  0.791266  0.677525  0.756832  0.700335  0.738641  0.713478  0.713840  0.775345  0.803491  0.656546  0.655258  0.623388  0.486775  0.695841  0.631489  0.789260  0.809726  0.769523  0.800035  0.799294  0.832049  0.717568  0.749354  0.660238  0.683681  0.694928  0.683185  0.800209  0.888530  0.646948  0.640563  0.595454  0.712028  0.704408  0.694124  0.733850  0.682898  0.678352  0.636925  0.790301  0.722266  0.728043  0.600524  0.731919  0.524159  0.583395  0.604028  0.752959  0.759309  0.576909  0.722485  0.854141  0.671831  0.662963  0.554277  0.805658  0.704690  0.783052  0.684390  0.666583  0.823774  0.625140  0.655463  0.701353  0.779534 
7  0.420362  0.776760  0.642302  0.488646  0.491073  0.797040  0.767331 0.0  0.669312  0.890821  0.760528  0.622943  0.604167  0.878473  0.642986  0.755697  0.823347  0.644485  0.591470  0.667295  0.635168  0.790791  0.722840  0.433489  0.708383  0.754724  0.865995  0.885782  0.679736  0.680771  0.717950  0.652681  0.703841  0.640539  0.894221  0.799314  0.850428  0.708104  0.509433  0.680797  0.657983  0.549988  0.580057  0.766731  0.505649  0.727007  0.634329  0.784595  0.423769  0.703217  0.564519  0.492375  0.392409  0.905705  0.751038  0.612067  0.657712  0.815761  0.437069  0.417461  0.615060  0.625027  0.693838  0.703481  0.871876  0.807029  0.599290  0.432731  0.635123  0.724526  0.842188  0.591300  0.581562  0.815165  0.429238  0.632907  0.657331  0.714106  0.770499  0.780393  0.820788  0.626897  0.680188  0.834011  0.572647  0.726404  0.785268  0.733848  0.809357 
8  0.686203  0.370430  0.549762  0.545209  0.688634  0.865637  0.709110  0.669312 0.0  0.842924  0.726399  0.674914  0.474392  0.776833  0.740461  0.659441  0.946830  0.828601  0.850129  0.794066  0.618695  0.784024  0.832472  0.600780  0.782164  0.780061  0.874777  0.799887  0.656816  0.509167  0.715111  0.819290  0.551136  0.698444  0.749318  0.664059  0.723669  0.670136  0.795181  0.753616  0.593792  0.616673  0.555422  0.660977  0.791350  0.447284  0.663573  0.508827  0.613625  0.708334  0.662070  0.835613  0.636956  0.833802  0.851157  0.583237  0.825565  0.722036  0.641501  0.594843  0.768071  0.477218  0.714325  0.825753  0.778568  0.839863  0.666481  0.785361  0.683822  0.601984  0.874598  0.635841  0.679302  0.762740  0.674887  0.671169  0.659001  0.665318  0.827052  0.886755  0.811723  0.597239  0.668051  0.641453  0.697433  0.812097  0.804524  0.482547  0.640801 
9  0.832968  0.747749  0.747920  0.812339  0.786349  0.650571  0.482369  0.890821  0.842924 0.0  0.625131  0.676234  0.840981  0.447301  0.856757  0.654470  0.775530  0.494519  0.679011  0.641499  0.825951  0.561918  0.664074  0.910916  0.660018  0.626331  0.649114  0.496237  0.513892  0.785014  0.737025  0.778491  0.928429  0.732451  0.519990  0.600413  0.390752  0.669460  0.950763  0.838882  0.760954  0.784773  0.497064  0.888758  0.924655  0.739347  0.829431  0.697799  0.806536  0.730773  0.815974  0.874968  0.890009  0.679804  0.539274  0.766000  0.618371  0.718932  0.916925  0.633940  0.792665  0.842080  0.641046  0.663502  0.419074  0.559106  0.906253  0.805666  0.787324  0.862487  0.441919  0.677721  0.579883  0.473395  0.674690  0.653227  0.475262  0.518936  0.497919  0.688632  0.457976  0.676823  0.493304  0.545279  0.439819  0.747371  0.548770  0.685885  0.501371 
10  0.718373  0.720409  0.578170  0.638331  0.446519  0.754706  0.814478  0.760528  0.726399  0.625131 0.0  0.730851  0.669387  0.731845  0.673950  0.843541  0.802902  0.618607  0.764406  0.742836  0.505937  0.669673  0.358413  0.623208  0.774165  0.719060  0.707131  0.755449  0.672668  0.677692  0.763335  0.659484  0.658022  0.769477  0.592160  0.605875  0.687564  0.687056  0.531451  0.700883  0.789482  0.696844  0.559404  0.714974  0.699764  0.636164  0.552348  0.595334  0.670419  0.758588  0.555731  0.675481  0.626591  0.716453  0.794354  0.603242  0.403642  0.697933  0.727065  0.642189  0.628441  0.676012  0.603521  0.708206  0.808547  0.741996  0.703786  0.585662  0.455131  0.651037  0.709801  0.753851  0.642642  0.723296  0.614453  0.555800  0.690400  0.609487  0.679066  0.667161  0.646745  0.707106  0.581774  0.712175  0.747942  0.655720  0.702639  0.740748  0.582245 
11  0.621343  0.716438  0.646832  0.615820  0.644285  0.548696  0.813918  0.622943  0.674914  0.676234  0.730851 0.0  0.662143  0.610189  0.710473  0.505748  0.804929  0.722166  0.783083  0.763160  0.721514  0.616674  0.836284  0.738173  0.528168  0.465881  0.836798  0.628424  0.400035  0.634701  0.673488  0.954705  0.589841  0.542366  0.646191  0.689949  0.621258  0.519644  0.858296  0.727958  0.734523  0.679413  0.447371  0.815300  0.854991  0.693268  0.565442  0.773162  0.641873  0.589871  0.660897  0.772298  0.556495  0.874348  0.583256  0.705098  0.664464  0.635016  0.732372  0.696084  0.768610  0.700237  0.524785  0.599827  0.633433  0.638622  0.590937  0.554245  0.684098  0.565396  0.655581  0.312647  0.487824  0.612730  0.612086  0.383443  0.424714  0.453913  0.578012  0.631874  0.721909  0.560862  0.458794  0.583125  0.549742  0.640101  0.639844  0.765582  0.553470 
12  0.670976  0.445050  0.490283  0.608956  0.784167  0.796916  0.656759  0.604167  0.474392  0.840981  0.669387  0.662143 0.0  0.764367  0.784022  0.617234  0.891783  0.786542  0.838070  0.610089  0.605997  0.698095  0.645243  0.727350  0.731841  0.743214  0.761040  0.791002  0.699263  0.454911  0.629445  0.687173  0.577745  0.493016  0.643701  0.702222  0.829072  0.581632  0.653390  0.645518  0.615975  0.646499  0.621145  0.704675  0.766937  0.573237  0.656303  0.465754  0.577145  0.660155  0.581045  0.740250  0.625844  0.742748  0.779124  0.385235  0.813132  0.713482  0.572943  0.673155  0.728622  0.521441  0.753548  0.692200  0.896840  0.664233  0.517546  0.648230  0.700538  0.513057  0.697505  0.533982  0.651708  0.802181  0.529128  0.697371  0.570466  0.637903  0.858157  0.764705  0.784477  0.673549  0.566730  0.839395  0.695815  0.664482  0.810104  0.578686  0.612513 
13  0.777792  0.845870  0.771092  0.816063  0.767040  0.651370  0.638068  0.878473  0.776833  0.447301  0.731845  0.610189  0.764367 0.0  0.806546  0.581711  0.712327  0.584088  0.684680  0.595714  0.848682  0.417297  0.701723  0.909819  0.586433  0.624412  0.853564  0.576766  0.662104  0.694318  0.745379  0.927695  0.788974  0.742888  0.613740  0.608554  0.366546  0.732549  0.797444  0.811262  0.726323  0.867332  0.640190  0.819537  0.801659  0.798060  0.722827  0.703599  0.870690  0.641223  0.845848  0.818269  0.858095  0.635377  0.347723  0.768426  0.534312  0.643413  0.895441  0.863204  0.819208  0.721467  0.645419  0.647183  0.557750  0.541321  0.833695  0.981278  0.751601  0.885353  0.460768  0.626004  0.526399  0.368243  0.691269  0.642532  0.712895  0.418180  0.354168  0.631369  0.455748  0.766200  0.605330  0.470207  0.478777  0.596465  0.554586  0.717388  0.476685 
14  0.545308  0.733831  0.819026  0.522867  0.746922  0.758486  0.758438  0.642986  0.740461  0.856757  0.673950  0.710473  0.784022  0.806546 0.0  0.659788  0.832880  0.834405  0.620738  0.554589  0.819769  0.715744  0.755968  0.548414  0.903216  0.688100  0.848990  0.834832  0.798694  0.811803  0.572588  0.457941  0.831148  0.748046  0.712501  0.734416  0.880225  0.691554  0.558442  0.775238  0.821875  0.734845  0.777846  0.669803  0.607274  0.818585  0.681267  0.759796  0.591383  0.714327  0.721466  0.500353  0.687689  0.903594  0.802643  0.851444  0.723544  0.688819  0.531053  0.727328  0.579435  0.790769  0.863348  0.813912  0.859807  0.868513  0.714205  0.619612  0.730973  0.724865  0.838699  0.756112  0.772594  0.878407  0.653759  0.757766  0.825583  0.690127  0.763585  0.661898  0.817593  0.802123  0.803387  0.794284  0.780463  0.719015  0.762290  0.735748  0.650746 
15  0.798852  0.739162  0.741403  0.591528  0.747822  0.457180  0.748899  0.755697  0.659441  0.654470  0.843541  0.505748  0.617234  0.581711  0.659788 0.0  0.761156  0.443589  0.773286  0.515354  0.683844  0.492291  0.697000  0.694853  0.695676  0.583184  0.744821  0.529138  0.681579  0.697152  0.665706  0.816474  0.636543  0.664789  0.324803  0.496106  0.710954  0.561971  0.737493  0.834116  0.830504  0.716366  0.622616  0.702106  0.768646  0.804034  0.480912  0.760309  0.697456  0.465376  0.647272  0.743665  0.828132  0.761860  0.692303  0.840443  0.636293  0.371880  0.689521  0.789636  0.763216  0.655163  0.400693  0.666418  0.692910  0.565665  0.725905  0.669882  0.645567  0.687363  0.759864  0.456045  0.672176  0.610920  0.654747  0.662485  0.558744  0.440447  0.606563  0.457986  0.362805  0.656505  0.617804  0.479429  0.557027  0.396288  0.591048  0.740925  0.788519 
16  0.842203  0.803842  0.785283  0.822990  0.879580  0.681323  0.587188  0.823347  0.946830  0.775530  0.802902  0.804929  0.891783  0.712327  0.832880  0.761156 0.0  0.753599  0.660637  0.837273  0.789056  0.788777  0.777148  0.873980  0.792619  0.712521  0.412203  0.687622  0.843837  0.836417  0.748718  0.821362  0.837281  0.735212  0.789048  0.748735  0.645296  0.743269  0.829498  0.883289  0.747287  0.765588  0.819323  0.669549  0.810449  0.666215  0.838861  0.681701  0.817783  0.871757  0.765515  0.875671  0.880130  0.420988  0.702709  0.844255  0.756771  0.710102  0.869179  0.906752  0.799695  0.807923  0.756793  0.713677  0.733233  0.750641  0.828195  0.724504  0.824864  0.767763  0.696749  0.839312  0.832480  0.699993  0.836732  0.856321  0.891774  0.666885  0.775032  0.759237  0.685171  0.797868  0.894338  0.749505  0.777552  0.776485  0.588480  0.658862  0.742084 
17  0.775400  0.821118  0.624134  0.840762  0.745458  0.433307  0.597345  0.644485  0.828601  0.494519  0.618607  0.722166  0.786542  0.584088  0.834405  0.443589  0.753599 0.0  0.673872  0.598159  0.637317  0.596384  0.584049  0.805892  0.850680  0.590125  0.781000  0.466939  0.629359  0.764132  0.886945  0.747282  0.819689  0.786298  0.520154  0.586999  0.628227  0.747791  0.827567  0.743195  0.796776  0.655361  0.862186  0.834648  0.790758  0.807376  0.657368  0.919823  0.877383  0.540521  0.722425  0.715875  0.817547  0.765880  0.527818  0.790973  0.600920  0.431180  0.762570  0.687280  0.703040  0.733817  0.483889  0.844065  0.561817  0.659627  0.840816  0.715642  0.812541  0.904212  0.646012  0.772395  0.717588  0.547570  0.691602  0.589386  0.702540  0.619318  0.449730  0.474673  0.453165  0.875986  0.762628  0.600229  0.710826  0.538218  0.653799  0.914083  0.619049 
18  0.551511  0.833386  0.828933  0.725415  0.692142  0.597027  0.628709  0.591470  0.850129  0.679011  0.764406  0.783083  0.838070  0.684680  0.620738  0.773286  0.660637  0.673872 0.0  0.571008  0.733098  0.728857  0.616561  0.423859  0.850512  0.767181  0.785647  0.716090  0.857355  0.714947  0.605782  0.492644  0.851150  0.854318  0.615640  0.740771  0.633844  0.846982  0.409571  0.726408  0.844348  0.733934  0.830818  0.844461  0.648733  0.819050  0.661064  0.738404  0.686286  0.725116  0.802510  0.649975  0.632665  0.709135  0.745702  0.760902  0.681424  0.668495  0.730294  0.662712  0.597579  0.840817  0.624380  0.810864  0.609454  0.731837  0.839506  0.572182  0.716604  0.806230  0.673485  0.786252  0.790048  0.738360  0.642075  0.812156  0.849754  0.642642  0.643143  0.643146  0.661824  0.815585  0.838989  0.674406  0.806208  0.687605  0.716814  0.756337  0.705216 
19  0.656768  0.910207  0.866351  0.630565  0.829712  0.659973  0.658517  0.667295  0.794066  0.641499  0.742836  0.763160  0.610089  0.595714  0.554589  0.515354  0.837273  0.598159  0.571008 0.0  0.759685  0.627190  0.644624  0.678139  0.851988  0.544445  0.747663  0.733131  0.682134  0.792153  0.637599  0.593570  0.699809  0.681512  0.625623  0.540333  0.553921  0.802318  0.644117  0.840419  0.817284  0.870383  0.856397  0.749523  0.626597  0.809367  0.749115  0.734889  0.602072  0.747623  0.693358  0.600216  0.665867  0.702553  0.651623  0.831969  0.636672  0.543837  0.558355  0.627332  0.736117  0.774523  0.516285  0.714345  0.654571  0.639606  0.688259  0.586036  0.757339  0.708465  0.591699  0.545483  0.767338  0.633623  0.617556  0.654995  0.677229  0.613258  0.638479  0.547929  0.530133  0.654652  0.865997  0.612942  0.673457  0.634486  0.590101  0.825319  0.625014 
20  0.484808  0.587665  0.459181  0.615444  0.436938  0.771794  0.726631  0.635168  0.618695  0.825951  0.505937  0.721514  0.605997  0.848682  0.819769  0.683844  0.789056  0.637317  0.733098  0.759685 0.0  0.786587  0.671568  0.672212  0.776085  0.903408  0.866033  0.815183  0.603281  0.700378  0.585112  0.731507  0.699684  0.644675  0.804512  0.795465  0.703609  0.538623  0.595457  0.544478  0.644541  0.531394  0.743593  0.766879  0.657080  0.577095  0.419024  0.696933  0.656086  0.711162  0.367192  0.719519  0.474687  0.821454  0.709875  0.627433  0.508524  0.852712  0.582125  0.545908  0.593983  0.652582  0.802803  0.737135  0.647344  0.908939  0.690443  0.554423  0.510267  0.692263  0.729233  0.603261  0.683391  0.750757  0.562795  0.629374  0.655281  0.655743  0.679762  0.763328  0.774873  0.626184  0.580131  0.777244  0.883278  0.802544  0.722721  0.720133  0.679966 
21  0.857829  0.860122  0.817653  0.724193  0.718383  0.651169  0.636502  0.790791  0.784024  0.561918  0.669673  0.616674  0.698095  0.417297  0.715744  0.492291  0.788777  0.596384  0.728857  0.627190  0.786587 0.0  0.671021  0.941174  0.526037  0.426669  0.923136  0.542482  0.623247  0.741799  0.853275  0.866533  0.787918  0.625995  0.538102  0.610251  0.390088  0.679442  0.775333  0.761169  0.813408  0.811181  0.478419  0.821454  0.898345  0.885822  0.795486  0.845821  0.773248  0.612714  0.765873  0.805354  0.799011  0.711048  0.537065  0.797911  0.722420  0.583146  0.854043  0.783451  0.917735  0.892432  0.455671  0.588582  0.544741  0.411421  0.825307  0.926046  0.789280  0.776627  0.431778  0.547695  0.592140  0.448945  0.742310  0.640151  0.633252  0.350996  0.579929  0.533500  0.617251  0.667935  0.727776  0.399943  0.595780  0.572448  0.565469  0.810515  0.544083 
22  0.721083  0.760152  0.532150  0.738952  0.565600  0.513010  0.544149  0.722840  0.832472  0.664074  0.358413  0.836284  0.645243  0.701723  0.755968  0.697000  0.777148  0.584049  0.616561  0.644624  0.671568  0.671021 0.0  0.700175  0.751926  0.677178  0.844788  0.639328  0.830860  0.820030  0.655028  0.752121  0.817044  0.828119  0.710970  0.694402  0.639021  0.776304  0.748433  0.738359  0.786275  0.623929  0.828754  0.777929  0.677287  0.644894  0.542112  0.883842  0.944128  0.720325  0.549533  0.664637  0.713319  0.829680  0.672289  0.778426  0.246573  0.697969  0.795774  0.611561  0.596593  0.736732  0.580511  0.746901  0.593422  0.664185  0.808380  0.781334  0.601423  0.824522  0.642847  0.735346  0.865928  0.721460  0.579095  0.689678  0.868655  0.612869  0.667873  0.594075  0.648119  0.745488  0.797074  0.880568  0.713674  0.654355  0.649801  0.835777  0.608962 
23  0.472145  0.659416  0.618059  0.637896  0.531045  0.802940  0.865198  0.433489  0.600780  0.910916  0.623208  0.738173  0.727350  0.909819  0.548414  0.694853  0.873980  0.805892  0.423859  0.678139  0.672212  0.941174  0.700175 0.0  0.787495  0.903641  0.834422  0.792756  0.641318  0.753663  0.596169  0.465855  0.605382  0.711323  0.802619  0.965051  0.892211  0.693016  0.459448  0.658372  0.591391  0.544201  0.971880  0.749638  0.699609  0.818877  0.530558  0.632224  0.652363  0.817149  0.624891  0.583738  0.474690  0.850410  0.831468  0.676209  0.797776  0.829261  0.551496  0.412008  0.483967  0.629546  0.808595  0.793119  0.812067  0.845722  0.678717  0.519008  0.718084  0.772226  0.800038  0.678507  0.664311  0.798821  0.421900  0.659055  0.762459  0.738325  0.705357  0.867434  0.743206  0.687439  0.639937  0.812094  0.867747  0.851010  0.766323  0.791885  0.681242 
24  0.740682  0.700976  0.684988  0.711854  0.847547  0.746234  0.791266  0.708383  0.782164  0.660018  0.774165  0.528168  0.731841  0.586433  0.903216  0.695676  0.792619  0.850680  0.850512  0.851988  0.776085  0.526037  0.751926  0.787495 0.0  0.713589  0.779457  0.619359  0.522365  0.661180  0.600806  0.901010  0.822999  0.585374  0.834976  0.731135  0.281614  0.625669  0.644700  0.804058  0.618802  0.752667  0.552627  0.771776  0.892571  0.649682  0.687344  0.623349  0.705837  0.719572  0.583331  0.788390  0.734379  0.805812  0.461600  0.654932  0.799850  0.624565  0.802391  0.723628  0.747324  0.689735  0.793568  0.373901  0.617740  0.511726  0.605062  0.761082  0.628489  0.651189  0.594990  0.662959  0.388755  0.574787  0.640522  0.465173  0.524330  0.624379  0.604791  0.718108  0.713194  0.595485  0.483128  0.420615  0.377442  0.662172  0.423902  0.711930  0.392390 
25  0.829613  0.861088  0.730938  0.755390  0.715214  0.617809  0.677525  0.754724  0.780061  0.626331  0.719060  0.465881  0.743214  0.624412  0.688100  0.583184  0.712521  0.590125  0.767181  0.544445  0.903408  0.426669  0.677178  0.903641  0.713589 0.0  0.865570  0.477586  0.665409  0.731344  0.895004  0.882878  0.692674  0.645349  0.414474  0.469335  0.540002  0.624188  0.893208  0.789965  0.724525  0.810163  0.608950  0.849145  0.795394  0.886604  0.711775  0.761200  0.782966  0.503490  0.703694  0.766070  0.848333  0.776626  0.468984  0.880578  0.797559  0.540286  0.918174  0.717393  0.768594  0.764898  0.430948  0.710552  0.585383  0.530881  0.746865  0.838071  0.943298  0.735470  0.585632  0.582320  0.534408  0.336268  0.682816  0.591267  0.535568  0.391222  0.548334  0.418341  0.593493  0.537690  0.670487  0.425285  0.589863  0.569638  0.615310  0.900713  0.622029 
26  0.813271  0.719976  0.763416  0.850782  0.761529  0.806708  0.756832  0.865995  0.874777  0.649114  0.707131  0.836798  0.761040  0.853564  0.848990  0.744821  0.412203  0.781000  0.785647  0.747663  0.866033  0.923136  0.844788  0.834422  0.779457  0.865570 0.0  0.702432  0.844708  0.736052  0.804610  0.782508  0.861967  0.780760  0.866066  0.717558  0.689078  0.798339  0.836148  0.722768  0.659630  0.871242  0.774104  0.658751  0.797535  0.735675  0.843755  0.744383  0.904341  0.741917  0.773658  0.798468  0.829382  0.431066  0.781397  0.713847  0.835681  0.849520  0.821350  0.697869  0.749167  0.804993  0.805925  0.701814  0.756057  0.924195  0.838925  0.722938  0.790870  0.790238  0.777151  0.877139  0.767799  0.618005  0.772792  0.876560  0.786758  0.796108  0.624022  0.738964  0.738842  0.869065  0.714333  0.755314  0.872903  0.852751  0.683428  0.606775  0.754431 
27  0.707661  0.806135  0.809600  0.864225  0.717323  0.475944  0.700335  0.885782  0.799887  0.496237  0.755449  0.628424  0.791002  0.576766  0.834832  0.529138  0.687622  0.466939  0.716090  0.733131  0.815183  0.542482  0.639328  0.792756  0.619359  0.477586  0.702432 0.0  0.783105  0.807510  0.757196  0.839760  0.817680  0.618336  0.364882  0.517539  0.551997  0.670625  0.811042  0.866353  0.679624  0.708392  0.638710  0.728339  0.842531  0.718600  0.736828  0.650509  0.758144  0.491894  0.795675  0.813365  0.966791  0.556654  0.649022  0.706787  0.672279  0.467594  0.856736  0.900504  0.806800  0.786096  0.448100  0.597797  0.573477  0.612207  0.730858  0.829073  0.705787  0.825456  0.534712  0.594785  0.685863  0.388346  0.820738  0.627139  0.675781  0.547884  0.507372  0.403523  0.277297  0.839815  0.675877  0.552286  0.605492  0.400943  0.678325  0.819576  0.686147 
28  0.670984  0.753784  0.551777  0.750173  0.671511  0.691451  0.738641  0.679736  0.656816  0.513892  0.672668  0.400035  0.699263  0.662104  0.798694  0.681579  0.843837  0.629359  0.857355  0.682134  0.603281  0.623247  0.830860  0.641318  0.522365  0.665409  0.844708  0.783105 0.0  0.675232  0.598071  0.830446  0.578015  0.514878  0.694324  0.628252  0.767966  0.524488  0.775913  0.641490  0.659408  0.632034  0.308631  0.807715  0.871769  0.631063  0.609586  0.666660  0.702221  0.611317  0.595373  0.775987  0.716566  0.875478  0.548823  0.685628  0.841012  0.739678  0.685203  0.635294  0.685813  0.646277  0.711982  0.522015  0.571060  0.594419  0.685952  0.662413  0.572396  0.679551  0.476569  0.491116  0.364872  0.810534  0.627085  0.431003  0.446309  0.482201  0.613382  0.779312  0.749105  0.421103  0.401701  0.435917  0.479547  0.801902  0.401856  0.726589  0.455714 
29  0.694131  0.464246  0.600830  0.641708  0.566354  0.913582  0.713478  0.680771  0.509167  0.785014  0.677692  0.634701  0.454911  0.694318  0.811803  0.697152  0.836417  0.764132  0.714947  0.792153  0.700378  0.741799  0.820030  0.753663  0.661180  0.731344  0.736052  0.807510  0.675232 0.0  0.627428  0.791367  0.621441  0.584185  0.765267  0.780239  0.780516  0.590834  0.666278  0.590299  0.565390  0.579439  0.676162  0.640930  0.672032  0.443714  0.589256  0.490754  0.621335  0.682229  0.692931  0.773005  0.623581  0.858759  0.848692  0.479446  0.801468  0.875755  0.599266  0.580198  0.700457  0.464725  0.692053  0.766641  0.769512  0.829622  0.620908  0.732721  0.581865  0.515774  0.885926  0.632791  0.544181  0.807133  0.525293  0.721300  0.620079  0.683715  0.775630  0.849125  0.842452  0.827628  0.697639  0.753358  0.721881  0.737143  0.751083  0.472266  0.739884 
30  0.529568  0.598687  0.624000  0.534366  0.703253  0.796069  0.713840  0.717950  0.715111  0.737025  0.763335  0.673488  0.629445  0.745379  0.572588  0.665706  0.748718  0.886945  0.605782  0.637599  0.585112  0.853275  0.655028  0.596169  0.600806  0.895004  0.804610  0.757196  0.598071  0.627428 0.0  0.667033  0.709680  0.682230  0.841991  0.822648  0.747140  0.758367  0.616473  0.660398  0.508967  0.672550  0.742981  0.761925  0.646190  0.508312  0.657885  0.545977  0.623584  0.730954  0.643360  0.607485  0.511711  0.812179  0.779676  0.600154  0.758942  0.724536  0.615029  0.531494  0.601002  0.640133  0.881532  0.625492  0.988044  0.881670  0.739023  0.609842  0.557534  0.634086  0.766714  0.756088  0.810744  0.675483  0.488190  0.578311  0.711184  0.756115  0.731739  0.882983  0.745289  0.731846  0.702708  0.770294  0.729756  0.898329  0.628505  0.489314  0.731997 
31  0.666722  0.820197  0.702227  0.804534  0.686560  0.813397  0.775345  0.652681  0.819290  0.778491  0.659484  0.954705  0.687173  0.927695  0.457941  0.816474  0.821362  0.747282  0.492644  0.593570  0.731507  0.866533  0.752121  0.465855  0.901010  0.882878  0.782508  0.839760  0.830446  0.791367  0.667033 0.0  0.844535  0.834583  0.936582  0.932529  0.910406  0.830529  0.496649  0.597897  0.653314  0.699465  0.910691  0.682023  0.505080  0.723230  0.767982  0.772916  0.713119  0.876668  0.685087  0.551546  0.721950  0.736162  0.795294  0.750081  0.767857  0.779172  0.654240  0.625739  0.622369  0.696105  0.695643  0.781386  0.803918  0.868896  0.771270  0.720703  0.725735  0.840080  0.884896  0.848655  0.734878  0.844310  0.641247  0.761713  0.906584  0.639822  0.837374  0.782546  0.745684  0.874300  0.811002  0.699129  0.849124  0.785199  0.769166  0.967538  0.802063 
32  0.667790  0.607842  0.673307  0.543487  0.691748  0.801396  0.803491  0.703841  0.551136  0.928429  0.658022  0.589841  0.577745  0.788974  0.831148  0.636543  0.837281  0.819689  0.851150  0.699809  0.699684  0.787918  0.817044  0.605382  0.822999  0.692674  0.861967  0.817680  0.578015  0.621441  0.709680  0.844535 0.0  0.541901  0.670703  0.686337  0.722520  0.541095  0.687020  0.636738  0.466227  0.392343  0.597967  0.748391  0.678637  0.602120  0.603066  0.509723  0.607712  0.672428  0.588995  0.798992  0.695032  0.923810  0.844489  0.721507  0.718963  0.762152  0.577601  0.608206  0.724003  0.603586  0.678156  0.660494  0.765954  0.808557  0.592234  0.551476  0.564571  0.590014  0.945930  0.518989  0.589120  0.789601  0.581233  0.571275  0.579617  0.676022  0.768473  0.721727  0.776873  0.499537  0.704097  0.846788  0.569620  0.580950  0.714011  0.581241  0.756689 
33  0.686177  0.748284  0.579728  0.722794  0.625816  0.843546  0.656546  0.640539  0.698444  0.732451  0.769477  0.542366  0.493016  0.742888  0.748046  0.664789  0.735212  0.786298  0.854318  0.681512  0.644675  0.625995  0.828119  0.711323  0.585374  0.645349  0.780760  0.618336  0.514878  0.584185  0.682230  0.834583  0.541901 0.0  0.653735  0.714895  0.659683  0.442768  0.684883  0.703415  0.657068  0.640498  0.536254  0.853702  0.966521  0.613978  0.501896  0.693697  0.542570  0.631684  0.644730  0.813326  0.691418  0.727864  0.526550  0.714546  0.871843  0.667697  0.510257  0.653330  0.694925  0.679492  0.659556  0.629182  0.651871  0.545223  0.566714  0.811291  0.715178  0.606411  0.693220  0.507938  0.534981  0.695637  0.604001  0.474893  0.512018  0.449119  0.777795  0.727104  0.714868  0.433817  0.459732  0.637237  0.583705  0.756585  0.654622  0.758754  0.593381 
34  0.767424  0.914748  0.755909  0.786057  0.798630  0.552821  0.655258  0.894221  0.749318  0.519990  0.592160  0.646191  0.643701  0.613740  0.712501  0.324803  0.789048  0.520154  0.615640  0.625623  0.804512  0.538102  0.710970  0.802619  0.834976  0.414474  0.866066  0.364882  0.694324  0.765267  0.841991  0.936582  0.670703  0.653735 0.0  0.426395  0.606605  0.680620  0.712082  0.711496  0.781625  0.763312  0.684441  0.820243  0.825175  0.844117  0.662645  0.791824  0.706221  0.576704  0.762796  0.831761  0.803249  0.728815  0.602246  0.816153  0.563675  0.485546  0.794439  0.856454  0.834624  0.725677  0.383840  0.773015  0.577705  0.558299  0.662333  0.749346  0.767607  0.707486  0.655730  0.599151  0.575852  0.456137  0.801992  0.729974  0.756525  0.396805  0.650719  0.403532  0.329432  0.637004  0.761533  0.575293  0.646163  0.408253  0.666114  0.793397  0.721942 
35  0.798000  0.797000  0.763512  0.703644  0.920531  0.472463  0.623388  0.799314  0.664059  0.600413  0.605875  0.689949  0.702222  0.608554  0.734416  0.496106  0.748735  0.586999  0.740771  0.540333  0.795465  0.610251  0.694402  0.965051  0.731135  0.469335  0.717558  0.517539  0.628252  0.780239  0.822648  0.932529  0.686337  0.714895  0.426395 0.0  0.508020  0.635602  0.866093  0.756912  0.849434  0.874639  0.692378  0.790828  0.888837  0.776357  0.473885  0.769897  0.823616  0.326356  0.831498  0.788614  0.794599  0.685390  0.498800  0.798581  0.840625  0.433097  0.832780  0.960679  0.778470  0.838035  0.414843  0.716433  0.662725  0.451382  0.831252  0.767445  0.807289  0.815189  0.594727  0.685224  0.581065  0.622509  0.775916  0.644921  0.634906  0.368191  0.585392  0.414532  0.430060  0.729093  0.788021  0.602679  0.517489  0.404476  0.764093  0.822833  0.598945 
36  0.876009  0.751030  0.733315  0.781921  0.655809  0.576985  0.486775  0.850428  0.723669  0.390752  0.687564  0.621258  0.829072  0.366546  0.880225  0.710954  0.645296  0.628227  0.633844  0.553921  0.703609  0.390088  0.639021  0.892211  0.281614  0.540002  0.689078  0.551997  0.767966  0.780516  0.747140  0.910406  0.722520  0.659683  0.606605  0.508020 0.0  0.736145  0.793361  0.826743  0.890161  0.860899  0.572264  0.708493  0.766614  0.660307  0.725177  0.702220  0.765208  0.602534  0.673406  0.765515  0.718565  0.703095  0.288830  0.799262  0.586393  0.630828  0.885705  0.770679  0.742204  0.891745  0.671338  0.348955  0.489379  0.395677  0.797120  0.661501  0.787035  0.715903  0.449494  0.548614  0.551904  0.407368  0.692039  0.651722  0.620387  0.388537  0.471956  0.569750  0.562785  0.669018  0.581061  0.421563  0.508283  0.587421  0.290832  0.734375  0.363848 
37  0.700110  0.635037  0.661436  0.639276  0.662733  0.824401  0.695841  0.708104  0.670136  0.669460  0.687056  0.519644  0.581632  0.732549  0.691554  0.561971  0.743269  0.747791  0.846982  0.802318  0.538623  0.679442  0.776304  0.693016  0.625669  0.624188  0.798339  0.670625  0.524488  0.590834  0.758367  0.830529  0.541095  0.442768  0.680620  0.635602  0.736145 0.0  0.709135  0.778946  0.637744  0.682791  0.424951  0.759820  0.803558  0.628380  0.557714  0.810025  0.607535  0.568550  0.608017  0.870536  0.671712  0.772346  0.697826  0.677823  0.786094  0.727747  0.709462  0.602782  0.725579  0.600587  0.609822  0.582995  0.686625  0.636112  0.433433  0.648564  0.581485  0.624817  0.615233  0.448705  0.480666  0.766408  0.579144  0.443549  0.362625  0.444192  0.691737  0.713191  0.769120  0.402647  0.425552  0.541944  0.497829  0.654820  0.601680  0.656575  0.570029 
38  0.424021  0.740264  0.546513  0.636438  0.593933  0.790517  0.631489  0.509433  0.795181  0.950763  0.531451  0.858296  0.653390  0.797444  0.558442  0.737493  0.829498  0.827567  0.409571  0.644117  0.595457  0.775333  0.748433  0.459448  0.644700  0.893208  0.836148  0.811042  0.775913  0.666278  0.616473  0.496649  0.687020  0.684883  0.712082  0.866093  0.793361  0.709135 0.0  0.593293  0.715102  0.522798  0.862659  0.639710  0.587669  0.608970  0.700727  0.670068  0.525629  0.761682  0.656584  0.705538  0.351869  0.836519  0.866854  0.800089  0.724452  0.872648  0.527741  0.355141  0.370042  0.615724  0.874033  0.816473  0.818604  0.884488  0.687100  0.476851  0.759851  0.637383  0.826441  0.721012  0.738745  0.805732  0.448330  0.639947  0.610231  0.804503  0.827166  0.932443  0.873009  0.700471  0.679169  0.828985  0.716837  0.839979  0.829715  0.680606  0.872452 
39  0.540383  0.590836  0.627952  0.708444  0.593060  0.668635  0.789260  0.680797  0.753616  0.838882  0.700883  0.727958  0.645518  0.811262  0.775238  0.834116  0.883289  0.743195  0.726408  0.840419  0.544478  0.761169  0.738359  0.658372  0.804058  0.789965  0.722768  0.866353  0.641490  0.590299  0.660398  0.597897  0.636738  0.703415  0.711496  0.756912  0.826743  0.778946  0.593293 0.0  0.591276  0.429217  0.617122  0.829354  0.729960  0.582757  0.576635  0.661376  0.756474  0.658569  0.604342  0.735735  0.615064  0.954070  0.741525  0.733584  0.719677  0.815852  0.607264  0.594883  0.636000  0.697524  0.709454  0.673383  0.758088  0.889085  0.610812  0.636638  0.673779  0.670693  0.770893  0.713296  0.701374  0.809511  0.489330  0.680528  0.729821  0.825001  0.745716  0.849366  0.707712  0.658495  0.632699  0.750314  0.792014  0.770286  0.752712  0.623039  0.751192 
40  0.699068  0.506629  0.597446  0.645960  0.679885  0.798305  0.809726  0.657983  0.593792  0.760954  0.789482  0.734523  0.615975  0.726323  0.821875  0.830504  0.747287  0.796776  0.844348  0.817284  0.644541  0.813408  0.786275  0.591391  0.618802  0.724525  0.659630  0.679624  0.659408  0.565390  0.508967  0.653314  0.466227  0.657068  0.781625  0.849434  0.890161  0.637744  0.715102  0.591276 0.0  0.454367  0.744910  0.691973  0.749856  0.456272  0.707151  0.615272  0.733166  0.719766  0.592491  0.702194  0.586057  0.693988  0.746426  0.625936  0.767682  0.819112  0.613519  0.639090  0.788286  0.622972  0.708003  0.654659  0.803337  0.843303  0.631687  0.597979  0.548834  0.664267  0.824878  0.710153  0.684189  0.765491  0.575252  0.632391  0.667334  0.841534  0.831480  0.761962  0.818145  0.667665  0.497006  0.761462  0.761000  0.721073  0.659579  0.648838  0.734028 
41  0.560589  0.713218  0.720318  0.649328  0.516157  0.784068  0.769523  0.549988  0.616673  0.784773  0.696844  0.679413  0.646499  0.867332  0.734845  0.716366  0.765588  0.655361  0.733934  0.870383  0.531394  0.811181  0.623929  0.544201  0.752667  0.810163  0.871242  0.708392  0.632034  0.579439  0.672550  0.699465  0.392343  0.640498  0.763312  0.874639  0.860899  0.682791  0.522798  0.429217  0.454367 0.0  0.652937  0.814219  0.752543  0.686250  0.730761  0.654545  0.567991  0.696624  0.523634  0.639914  0.532107  0.796901  0.725655  0.752367  0.797810  0.728092  0.583002  0.558387  0.592541  0.577810  0.751453  0.673796  0.649895  0.826856  0.640597  0.629557  0.654438  0.673380  0.915302  0.677762  0.719520  0.776475  0.533078  0.647058  0.729043  0.771838  0.802295  0.733780  0.834877  0.609885  0.590463  0.754429  0.648888  0.744483  0.768334  0.557453  0.824597 
42  0.696969  0.636214  0.742105  0.732868  0.668972  0.744503  0.800035  0.580057  0.555422  0.497064  0.559404  0.447371  0.621145  0.640190  0.777846  0.622616  0.819323  0.862186  0.830818  0.856397  0.743593  0.478419  0.828754  0.971880  0.552627  0.608950  0.774104  0.638710  0.308631  0.676162  0.742981  0.910691  0.597967  0.536254  0.684441  0.692378  0.572264  0.424951  0.862659  0.617122  0.744910  0.652937 0.0  0.857190  0.713914  0.691950  0.607588  0.739894  0.652938  0.550834  0.760493  0.903266  0.708799  0.920823  0.614752  0.681740  0.855426  0.653161  0.642896  0.706050  0.721333  0.627993  0.631407  0.467573  0.589434  0.549019  0.555824  0.711497  0.715831  0.564366  0.634162  0.451226  0.458317  0.617491  0.664002  0.428841  0.528833  0.508748  0.585654  0.703258  0.698026  0.502248  0.534145  0.608096  0.517437  0.602761  0.557798  0.725980  0.555819 
43  0.839378  0.566644  0.678926  0.782248  0.813588  0.837959  0.799294  0.766731  0.660977  0.888758  0.714974  0.815300  0.704675  0.819537  0.669803  0.702106  0.669549  0.834648  0.844461  0.749523  0.766879  0.821454  0.777929  0.749638  0.771776  0.849145  0.658751  0.728339  0.807715  0.640930  0.761925  0.682023  0.748391  0.853702  0.820243  0.790828  0.708493  0.759820  0.639710  0.829354  0.691973  0.814219  0.857190 0.0  0.695393  0.557968  0.839108  0.437940  0.824017  0.870146  0.663342  0.810811  0.874398  0.847890  0.770827  0.679983  0.752832  0.850581  0.836981  0.830328  0.819982  0.652321  0.931428  0.731765  0.849547  0.843854  0.765169  0.719885  0.683173  0.799917  0.734892  0.783818  0.739020  0.715551  0.839840  0.735602  0.798256  0.671164  0.688120  0.924808  0.688294  0.711717  0.751112  0.756019  0.795926  0.760155  0.703141  0.577557  0.820529 
44  0.561548  0.830211  0.732974  0.490295  0.570476  0.780965  0.832049  0.505649  0.791350  0.924655  0.699764  0.854991  0.766937  0.801659  0.607274  0.768646  0.810449  0.790758  0.648733  0.626597  0.657080  0.898345  0.677287  0.699609  0.892571  0.795394  0.797535  0.842531  0.871769  0.672032  0.646190  0.505080  0.678637  0.966521  0.825175  0.888837  0.766614  0.803558  0.587669  0.729960  0.749856  0.752543  0.713914  0.695393 0.0  0.804609  0.786340  0.802909  0.506468  0.785796  0.767282  0.303402  0.441731  0.891049  0.805420  0.773623  0.793321  0.758287  0.653596  0.542514  0.703379  0.756101  0.797211  0.920865  0.805752  0.907686  0.702917  0.583044  0.866233  0.737285  0.866476  0.862687  0.942183  0.778973  0.536204  0.750887  0.885002  0.731308  0.884290  0.920801  0.871425  0.749845  0.811675  0.878624  0.784249  0.876704  0.802729  0.800400  0.768151 
