89
0 0.0  0.804049  0.579373  0.412226  0.527324  0.629498  0.801331  0.383098  0.777717  0.810210  0.713952  0.677768  0.624070  0.768648  0.630584  0.823884  0.879120  0.841044  0.592964  0.684296  0.565155  0.826857  0.624138  0.456806  0.695882  0.790004  0.780625  0.834726  0.737926  0.781692  0.449805  0.544691  0.679867  0.663795  0.830584  0.849430  0.814276  0.649821  0.518202  0.565631  0.648537  0.479414  0.635964  0.766580  0.513318  0.718740  0.707895  0.635292  0.544723  0.744009  0.551704  0.477549  0.424953  0.805131  0.766996  0.756591  0.643690  0.788908  0.432465  0.310131  0.513462  0.507372  0.803822  0.672015  0.657574  0.872083  0.687505  0.404355  0.677322  0.736183  0.815860  0.632210  0.694538  0.736904  0.486802  0.654006  0.680463  0.738376  0.811621  0.755366  0.662369  0.686483  0.684686  0.831906  0.693882  0.834511  0.687886  0.706908  0.777827 
1  0.804049 0.0  0.656662  0.685123  0.604436  0.869915  0.647774  0.641006  0.438711  0.696056  0.784354  0.745358  0.503033  0.759864  0.831392  0.782447  0.821326  0.719131  0.664356  0.757440  0.606061  0.791944  0.762864  0.710539  0.690971  0.810241  0.696367  0.688613  0.582126  0.541306  0.505453  0.844549  0.599809  0.649949  0.794773  0.934316  0.697983  0.747694  0.749164  0.699583  0.526924  0.661222  0.707390  0.478409  0.831669  0.460108  0.636529  0.536914  0.644899  0.751104  0.630673  0.777327  0.628985  0.777680  0.736071  0.535781  0.768355  0.795732  0.711631  0.744461  0.646272  0.469945  0.820904  0.710211  0.757120  0.854288  0.625340  0.675424  0.527206  0.659675  0.679909  0.575908  0.689984  0.879331  0.504442  0.573346  0.700089  0.696284  0.780079  0.889287  0.776277  0.683440  0.603984  0.788011  0.850192  0.764412  0.788387  0.455777  0.835341 
2  0.579373  0.656662 0.0  0.638350  0.489840  0.717808  0.700231  0.647703  0.572634  0.681456  0.588741  0.621081  0.540792  0.752748  0.712593  0.644174  0.834831  0.769103  0.720482  0.786373  0.497397  0.686535  0.615848  0.561200  0.664780  0.653239  0.773387  0.708883  0.579538  0.648252  0.624552  0.812429  0.639904  0.563941  0.766222  0.785643  0.645663  0.659594  0.453742  0.789416  0.551457  0.650729  0.684746  0.686904  0.787677  0.478865  0.576575  0.501994  0.673389  0.696115  0.464223  0.680686  0.648087  0.742664  0.718583  0.522515  0.478063  0.716977  0.520485  0.601476  0.581344  0.513850  0.726862  0.704309  0.726109  0.725094  0.667062  0.607188  0.369588  0.705380  0.882146  0.636563  0.632319  0.728171  0.543950  0.594559  0.607793  0.693793  0.730499  0.625615  0.653140  0.707760  0.554441  0.835239  0.634735  0.748556  0.600546  0.656814  0.764930 
3  0.412226  0.685123  0.638350 0.0  0.556590  0.892672  0.794254  0.542435  0.612661  0.912395  0.706332  0.668584  0.564994  0.837245  0.493627  0.526118  0.805724  0.775269  0.764261  0.677144  0.535966  0.712977  0.711056  0.657681  0.638890  0.795516  0.788578  0.827069  0.590919  0.693076  0.461233  0.700049  0.511529  0.613387  0.825370  0.722622  0.719589  0.612841  0.490582  0.695590  0.659931  0.654772  0.645224  0.815170  0.597448  0.618978  0.526897  0.548306  0.378829  0.751725  0.676609  0.547082  0.489096  0.789745  0.767757  0.558407  0.797872  0.807268  0.338121  0.486004  0.544153  0.706836  0.751103  0.763465  0.842510  0.781878  0.684777  0.491453  0.558015  0.463269  0.792070  0.447594  0.635444  0.784290  0.557326  0.717393  0.638717  0.640162  0.664507  0.647462  0.714769  0.510392  0.633615  0.805539  0.710065  0.743762  0.829326  0.648996  0.622763 
4  0.527324  0.604436  0.489840  0.556590 0.0  0.756895  0.739751  0.521593  0.603229  0.826896  0.431568  0.608552  0.689762  0.805282  0.637717  0.778919  0.917066  0.713752  0.720671  0.769134  0.394700  0.728976  0.388682  0.569427  0.734989  0.764851  0.852771  0.807839  0.667996  0.645317  0.542924  0.602336  0.762472  0.665325  0.836005  0.798459  0.823457  0.555501  0.647111  0.690009  0.563654  0.520186  0.625469  0.711355  0.593181  0.567219  0.525592  0.552577  0.633378  0.702964  0.506535  0.629194  0.422364  0.764531  0.804451  0.627317  0.467960  0.766615  0.579662  0.519294  0.443387  0.564353  0.793181  0.628530  0.687614  0.813237  0.702908  0.590244  0.452210  0.590821  0.713480  0.644468  0.652778  0.810020  0.510340  0.615200  0.730778  0.643704  0.790409  0.833592  0.659502  0.539894  0.677224  0.865616  0.750236  0.909732  0.725701  0.779827  0.652429 
5  0.629498  0.869915  0.717808  0.892672  0.756895 0.0  0.633559  0.646747  0.917779  0.669327  0.627361  0.796831  0.856669  0.524107  0.845697  0.444355  0.694848  0.380394  0.503221  0.586249  0.651580  0.625053  0.639196  0.729256  0.707963  0.587282  0.742424  0.461405  0.676018  0.809403  0.861597  0.741001  0.840152  0.770382  0.429552  0.599327  0.671715  0.707282  0.755579  0.683711  0.675428  0.749985  0.709444  0.842894  0.707154  0.823347  0.668832  0.824421  0.867657  0.657765  0.695438  0.768378  0.696347  0.781858  0.510222  0.957820  0.554573  0.508596  0.758021  0.778025  0.744218  0.775386  0.553692  0.648063  0.603803  0.679417  0.798878  0.741091  0.769712  0.777658  0.603792  0.659727  0.680243  0.621549  0.626024  0.584049  0.694078  0.473029  0.492370  0.503332  0.431463  0.732456  0.644852  0.639723  0.715041  0.562675  0.653860  0.899705  0.478415 
6  0.801331  0.647774  0.700231  0.794254  0.739751  0.633559 0.0  0.866400  0.721336  0.498347  0.714810  0.736918  0.768543  0.537001  0.816833  0.578991  0.636309  0.616247  0.669972  0.694648  0.834397  0.514405  0.579789  0.739082  0.708351  0.572649  0.730022  0.522361  0.763754  0.699577  0.674914  0.741778  0.685628  0.830941  0.706455  0.595222  0.523842  0.732300  0.755565  0.718882  0.729210  0.732138  0.724762  0.755887  0.886275  0.732955  0.775940  0.679812  0.744475  0.676778  0.603111  0.702766  0.654107  0.631536  0.577661  0.620053  0.608124  0.736198  0.736251  0.752265  0.680782  0.751830  0.597600  0.759053  0.707851  0.726469  0.590471  0.794477  0.660444  0.597434  0.678959  0.747534  0.764455  0.557011  0.636599  0.731413  0.748634  0.607806  0.666121  0.526423  0.514843  0.729411  0.653973  0.544449  0.752718  0.675135  0.629494  0.621581  0.723808 
7  0.383098  0.641006  0.647703  0.542435  0.521593  0.646747  0.866400 0.0  0.627083  0.864008  0.742774  0.713484  0.708552  0.910534  0.660464  0.765634  0.805172  0.795222  0.614796  0.684857  0.610340  0.870557  0.682354  0.407821  0.707600  0.708515  0.850500  0.902181  0.662392  0.765205  0.704967  0.588873  0.640787  0.632056  0.799855  0.825201  0.822491  0.663594  0.384937  0.597655  0.483326  0.591812  0.850518  0.810008  0.468753  0.717498  0.516817  0.627215  0.477977  0.738469  0.576063  0.476994  0.323340  0.879799  0.796619  0.638796  0.679334  0.827406  0.589134  0.337304  0.472395  0.644565  0.799881  0.670247  0.755287  0.726434  0.635486  0.357419  0.539586  0.574224  0.716970  0.648029  0.763316  0.761613  0.462819  0.619346  0.636413  0.811250  0.800523  0.755293  0.706351  0.640874  0.573696  0.840958  0.685063  0.758977  0.730857  0.627317  0.690114 
8  0.777717  0.438711  0.572634  0.612661  0.603229  0.917779  0.721336  0.627083 0.0  0.755397  0.685150  0.597295  0.443443  0.816793  0.740342  0.685552  0.723610  0.714714  0.794305  0.760593  0.757734  0.770520  0.789238  0.712955  0.632296  0.826089  0.756279  0.868667  0.668845  0.460614  0.574524  0.759742  0.462438  0.594026  0.782954  0.740506  0.842804  0.572028  0.755101  0.614469  0.780554  0.587490  0.714152  0.596290  0.853903  0.453540  0.477947  0.480835  0.623699  0.670190  0.623079  0.886287  0.671695  0.759712  0.802844  0.472594  0.817688  0.815490  0.653850  0.604240  0.689977  0.429237  0.828217  0.763433  0.903829  0.766268  0.618967  0.740904  0.668869  0.680992  0.822067  0.616306  0.630623  0.765911  0.635696  0.634531  0.696424  0.753458  0.810290  0.897685  0.864940  0.639682  0.664502  0.750560  0.753533  0.783223  0.729401  0.586678  0.773491 
9  0.810210  0.696056  0.681456  0.912395  0.826896  0.669327  0.498347  0.864008  0.755397 0.0  0.711122  0.525508  0.823029  0.437358  0.791460  0.618404  0.546163  0.595498  0.657560  0.680016  0.843641  0.507355  0.693410  0.728483  0.547456  0.615729  0.707143  0.461037  0.580506  0.813737  0.710149  0.899873  0.755308  0.666943  0.476813  0.592829  0.423580  0.598838  0.741971  0.900648  0.626060  0.747179  0.480401  0.793803  0.774041  0.650899  0.816750  0.803532  0.823586  0.625943  0.743290  0.871807  0.890060  0.694191  0.572877  0.696925  0.635037  0.629009  0.798455  0.812244  0.714646  0.886494  0.560052  0.613228  0.357222  0.524948  0.794794  0.724196  0.618610  0.732075  0.384673  0.556537  0.558089  0.375284  0.724733  0.623098  0.529489  0.536650  0.577729  0.524180  0.613986  0.651839  0.582669  0.438658  0.508779  0.471500  0.524330  0.804266  0.583555 
10  0.713952  0.784354  0.588741  0.706332  0.431568  0.627361  0.714810  0.742774  0.685150  0.711122 0.0  0.650663  0.648718  0.680797  0.663462  0.699196  0.828872  0.688677  0.738680  0.666464  0.521766  0.619136  0.382657  0.623497  0.652347  0.561268  0.849828  0.768264  0.670243  0.666032  0.653268  0.623744  0.700809  0.689519  0.627132  0.614076  0.623331  0.642384  0.612401  0.765601  0.639944  0.709031  0.702737  0.728344  0.635174  0.669406  0.468972  0.524993  0.696360  0.726410  0.464007  0.672345  0.617963  0.670783  0.669253  0.689371  0.291561  0.725887  0.679973  0.634238  0.747653  0.606255  0.671757  0.762398  0.774825  0.732127  0.693202  0.654624  0.507299  0.702441  0.692837  0.668737  0.615249  0.692812  0.586557  0.718606  0.601573  0.558353  0.665645  0.849983  0.628310  0.681382  0.654320  0.726377  0.705363  0.686980  0.686237  0.672869  0.750135 
11  0.677768  0.745358  0.621081  0.668584  0.608552  0.796831  0.736918  0.713484  0.597295  0.525508  0.650663 0.0  0.670646  0.642004  0.805774  0.422570  1.000000  0.705024  0.778842  0.683267  0.584899  0.656689  0.768192  0.766148  0.629606  0.474089  0.874667  0.701118  0.469478  0.612688  0.650227  0.799932  0.664782  0.430087  0.666788  0.546356  0.603719  0.460413  0.757200  0.654510  0.741260  0.716249  0.518766  0.795853  0.804733  0.737875  0.533592  0.739759  0.631685  0.555138  0.626139  0.901432  0.629631  0.787871  0.622633  0.671709  0.867777  0.651524  0.631738  0.615335  0.720150  0.668424  0.727584  0.502933  0.726611  0.568554  0.538081  0.732762  0.725987  0.472865  0.483599  0.296833  0.426048  0.586137  0.643225  0.343405  0.386718  0.524702  0.513556  0.675510  0.625705  0.383882  0.522040  0.706527  0.344768  0.558667  0.704250  0.738432  0.508500 
12  0.624070  0.503033  0.540792  0.564994  0.689762  0.856669  0.768543  0.708552  0.443443  0.823029  0.648718  0.670646 0.0  0.796942  0.712074  0.554596  0.782283  0.730618  0.838505  0.722333  0.558996  0.794339  0.670200  0.642901  0.773786  0.682294  0.762401  0.752797  0.639529  0.492006  0.637355  0.673412  0.550331  0.653019  0.655811  0.862905  0.826573  0.700510  0.628779  0.571947  0.756934  0.561124  0.668561  0.613445  0.892494  0.587451  0.663719  0.532664  0.617321  0.698613  0.622474  0.714826  0.723833  0.916601  0.740211  0.477388  0.821052  0.670403  0.617120  0.564128  0.749475  0.568058  0.730083  0.795992  0.750981  0.758343  0.609785  0.671237  0.643887  0.479613  0.928152  0.547227  0.703177  0.808133  0.582017  0.591993  0.652049  0.703035  0.766295  0.775787  0.855037  0.689997  0.646721  0.753047  0.682047  0.761936  0.701835  0.632198  0.733683 
13  0.768648  0.759864  0.752748  0.837245  0.805282  0.524107  0.537001  0.910534  0.816793  0.437358  0.680797  0.642004  0.796942 0.0  0.781235  0.554964  0.739291  0.636558  0.674226  0.695686  0.832615  0.417200  0.608639  0.834161  0.553967  0.429729  0.685224  0.438836  0.629843  0.745955  0.806668  0.840208  0.783759  0.669236  0.550709  0.598967  0.478805  0.628678  0.760330  0.773116  0.752508  0.801196  0.676066  0.806593  0.869690  0.801219  0.781392  0.729103  0.908718  0.556486  0.771800  0.856369  0.796937  0.614392  0.416592  0.684867  0.618714  0.466665  0.864980  0.725530  0.710251  0.760553  0.594094  0.550112  0.594098  0.586846  0.772265  0.779639  0.705268  0.850976  0.415706  0.696471  0.607195  0.392417  0.731594  0.627033  0.502005  0.532363  0.486071  0.569851  0.515780  0.628161  0.535501  0.426129  0.561372  0.542411  0.495614  0.703277  0.470432 
14  0.630584  0.831392  0.712593  0.493627  0.637717  0.845697  0.816833  0.660464  0.740342  0.791460  0.663462  0.805774  0.712074  0.781235 0.0  0.694750  0.854412  0.785784  0.637796  0.567196  0.668212  0.803413  0.725232  0.585587  0.826895  0.779798  0.772750  0.768499  0.704782  0.809362  0.683575  0.523614  0.595046  0.734631  0.631127  0.769110  0.829486  0.732536  0.599709  0.742773  0.739146  0.767193  0.657816  0.761458  0.517788  0.739698  0.613128  0.707966  0.564175  0.721023  0.704339  0.466452  0.706810  0.774265  0.819602  0.942150  0.792952  0.827672  0.613824  0.624500  0.431571  0.607560  0.724184  0.882244  0.828229  0.904012  0.596836  0.718116  0.599593  0.740162  0.849604  0.717027  0.838722  0.792146  0.677256  0.779336  0.775630  0.660284  0.875466  0.823745  0.771824  0.723990  0.766181  0.764041  0.794776  0.654383  0.763257  0.853641  0.643829 
15  0.823884  0.782447  0.644174  0.526118  0.778919  0.444355  0.578991  0.765634  0.685552  0.618404  0.699196  0.422570  0.554596  0.554964  0.694750 0.0  0.786697  0.495936  0.681572  0.598006  0.607538  0.676483  0.783181  0.648319  0.735119  0.341539  0.791093  0.489974  0.614053  0.739240  0.707624  0.703788  0.654099  0.645143  0.404442  0.424941  0.740626  0.608789  0.713681  0.744532  0.675882  0.695274  0.622932  0.692989  0.676893  0.712256  0.586350  0.816504  0.532282  0.585667  0.683810  0.713794  0.668862  0.826258  0.631106  0.804554  0.625497  0.379212  0.688642  0.666421  0.693536  0.784044  0.431010  0.564776  0.730407  0.501496  0.569534  0.671466  0.725470  0.591788  0.710970  0.433353  0.630722  0.517193  0.613716  0.588926  0.466123  0.467559  0.530178  0.493276  0.470410  0.542493  0.612259  0.640032  0.525684  0.478167  0.645075  0.735223  0.646292 
16  0.879120  0.821326  0.834831  0.805724  0.917066  0.694848  0.636309  0.805172  0.723610  0.546163  0.828872  1.000000  0.782283  0.739291  0.854412  0.786697 0.0  0.723853  0.704139  0.828755  0.844841  0.776238  0.751608  0.794187  0.738129  0.681330  0.511990  0.783518  0.811793  0.841199  0.737334  0.821729  0.862406  0.816714  0.723971  0.639644  0.632209  0.964782  0.862696  0.840666  0.797938  0.900835  0.888215  0.725081  0.847649  0.732114  0.819022  0.755497  0.869801  0.802890  0.819011  0.802319  0.884530  0.366091  0.655355  0.848552  0.690987  0.627559  0.721771  0.791116  0.780582  0.832450  0.744334  0.681150  0.679471  0.682487  0.722823  0.822501  0.868797  0.881237  0.579867  0.731136  0.836471  0.632842  0.826663  0.729752  0.826308  0.744457  0.751315  0.713208  0.705942  0.806060  0.771968  0.737015  0.835002  0.643014  0.761957  0.771006  0.689370 
17  0.841044  0.719131  0.769103  0.775269  0.713752  0.380394  0.616247  0.795222  0.714714  0.595498  0.688677  0.705024  0.730618  0.636558  0.785784  0.495936  0.723853 0.0  0.596485  0.689311  0.652021  0.659998  0.533077  0.661128  0.783048  0.572939  0.818550  0.355964  0.764778  0.809279  0.857357  0.786784  0.765610  0.773634  0.509205  0.394197  0.591778  0.816170  0.719854  0.747612  0.764170  0.714864  0.734606  0.782542  0.731650  0.864144  0.657157  0.766127  0.872707  0.620605  0.791132  0.717766  0.776605  0.661300  0.568924  0.819757  0.589812  0.449842  0.878304  0.646298  0.882507  0.764705  0.523803  0.694207  0.564156  0.555082  0.789970  0.755515  0.816551  0.824778  0.600397  0.793353  0.690831  0.555512  0.610764  0.546291  0.593447  0.518726  0.506476  0.523241  0.476372  0.753219  0.616342  0.481650  0.691879  0.481456  0.689012  0.828594  0.596065 
18  0.592964  0.664356  0.720482  0.764261  0.720671  0.503221  0.669972  0.614796  0.794305  0.657560  0.738680  0.778842  0.838505  0.674226  0.637796  0.681572  0.704139  0.596485 0.0  0.459321  0.677326  0.644140  0.512759  0.338850  0.756658  0.675719  0.769234  0.737953  0.793548  0.695515  0.722885  0.373183  0.801976  0.843425  0.621852  0.719426  0.686808  0.872646  0.478753  0.657247  0.698831  0.734489  0.770544  0.893815  0.553690  0.782573  0.670715  0.776287  0.695097  0.723668  0.777459  0.646426  0.496766  0.639841  0.622034  0.843069  0.667563  0.550786  0.703519  0.586008  0.576870  0.746356  0.563541  0.870359  0.699386  0.666185  0.893475  0.611909  0.755737  0.734337  0.707355  0.824500  0.709950  0.632656  0.686525  0.816337  0.749704  0.530525  0.666624  0.751934  0.699733  0.849274  0.821603  0.699568  0.812052  0.730479  0.699566  0.825345  0.703238 
19  0.684296  0.757440  0.786373  0.677144  0.769134  0.586249  0.694648  0.684857  0.760593  0.680016  0.666464  0.683267  0.722333  0.695686  0.567196  0.598006  0.828755  0.689311  0.459321 0.0  0.794220  0.605393  0.741554  0.699449  0.809676  0.593775  0.803005  0.627589  0.723013  0.822797  0.590253  0.576797  0.736175  0.698510  0.470623  0.544271  0.714936  0.684241  0.661943  0.773408  0.745881  0.827934  0.694390  0.832373  0.634053  0.754221  0.565796  0.665183  0.514585  0.582548  0.755183  0.692540  0.740415  0.726672  0.566605  0.727707  0.647753  0.556514  0.525843  0.648709  0.669542  0.777031  0.648310  0.886985  0.659014  0.558426  0.664702  0.476528  0.783997  0.635064  0.696462  0.613526  0.700283  0.525251  0.730250  0.729218  0.758764  0.556369  0.621614  0.666116  0.622810  0.695377  0.738427  0.542441  0.619302  0.472677  0.727299  0.826341  0.754291 
20  0.565155  0.606061  0.497397  0.535966  0.394700  0.651580  0.834397  0.610340  0.757734  0.843641  0.521766  0.584899  0.558996  0.832615  0.668212  0.607538  0.844841  0.652021  0.677326  0.794220 0.0  0.741172  0.501441  0.540460  0.556559  0.840756  0.800668  0.824207  0.570838  0.601579  0.625220  0.732482  0.659268  0.707319  0.681116  0.816863  0.783573  0.591407  0.584210  0.578191  0.742085  0.487130  0.674173  0.712006  0.620480  0.651886  0.545652  0.498551  0.574046  0.662700  0.480847  0.649789  0.561483  0.776405  0.686895  0.661981  0.532830  0.785807  0.705505  0.579102  0.623234  0.661331  0.724593  0.799375  0.788076  0.817224  0.662056  0.591541  0.468578  0.700687  0.750119  0.651780  0.635460  0.736627  0.479770  0.736657  0.786082  0.735949  0.722717  0.849309  0.691010  0.679567  0.653768  0.663251  0.821385  0.717634  0.731697  0.650069  0.597148 
21  0.826857  0.791944  0.686535  0.712977  0.728976  0.625053  0.514405  0.870557  0.770520  0.507355  0.619136  0.656689  0.794339  0.417200  0.803413  0.676483  0.776238  0.659998  0.644140  0.605393  0.741172 0.0  0.755801  0.886376  0.562250  0.536678  0.652824  0.487555  0.638564  0.798367  0.843221  0.945928  0.740836  0.576035  0.535725  0.501991  0.391542  0.643352  0.769115  0.874598  0.744512  0.728138  0.688060  0.848930  0.859193  0.761948  0.679327  0.797822  0.743382  0.675060  0.812907  0.843335  0.788290  0.705785  0.392241  0.803893  0.593142  0.527505  0.738739  0.728392  0.904581  0.775661  0.566867  0.639589  0.597502  0.406820  0.768410  0.853306  0.710520  0.705827  0.384838  0.512753  0.584143  0.498545  0.774532  0.678668  0.561976  0.391537  0.444424  0.570072  0.492953  0.618614  0.581995  0.342061  0.446402  0.533227  0.574469  0.893250  0.471823 
22  0.624138  0.762864  0.615848  0.711056  0.388682  0.639196  0.579789  0.682354  0.789238  0.693410  0.382657  0.768192  0.670200  0.608639  0.725232  0.783181  0.751608  0.533077  0.512759  0.741554  0.501441  0.755801 0.0  0.777265  0.736223  0.608008  0.837035  0.618774  0.729997  0.832699  0.799953  0.681680  0.784099  0.828145  0.656781  0.658439  0.651868  0.848792  0.783035  0.699131  0.818935  0.711844  0.729331  0.682291  0.648565  0.731957  0.546440  0.718116  0.787684  0.724487  0.594141  0.668058  0.634384  0.622927  0.565715  0.788600  0.347268  0.761586  0.723222  0.682727  0.656550  0.763686  0.622101  0.781876  0.472496  0.758734  0.837126  0.833400  0.538880  0.789718  0.659046  0.806256  0.719282  0.687804  0.699287  0.756865  0.839808  0.666392  0.545246  0.598761  0.570250  0.748896  0.730722  0.652428  0.725632  0.591319  0.661930  0.719098  0.707099 
23  0.456806  0.710539  0.561200  0.657681  0.569427  0.729256  0.739082  0.407821  0.712955  0.728483  0.623497  0.766148  0.642901  0.834161  0.585587  0.648319  0.794187  0.661128  0.338850  0.699449  0.540460  0.886376  0.777265 0.0  0.719329  0.821746  0.802777  0.910351  0.652235  0.703208  0.609648  0.498302  0.625864  0.731249  0.866061  0.865855  0.875476  0.750004  0.376957  0.514015  0.672406  0.563741  0.660149  0.823577  0.626344  0.692948  0.495747  0.646473  0.606245  0.769372  0.761627  0.459427  0.565098  0.944998  0.731763  0.534349  0.730878  0.760007  0.642985  0.361116  0.498397  0.566792  0.764191  0.720667  0.726096  0.829663  0.797006  0.545963  0.650155  0.688758  0.891764  0.664335  0.556761  0.779525  0.477237  0.622301  0.696252  0.718555  0.744418  0.758815  0.846827  0.689069  0.727662  0.794510  0.784609  0.896715  0.835447  0.760035  0.768080 
24  0.695882  0.690971  0.664780  0.638890  0.734989  0.707963  0.708351  0.707600  0.632296  0.547456  0.652347  0.629606  0.773786  0.553967  0.826895  0.735119  0.738129  0.783048  0.756658  0.809676  0.556559  0.562250  0.736223  0.719329 0.0  0.605581  0.654711  0.677844  0.456004  0.658519  0.687185  0.801611  0.722832  0.570005  0.718722  0.681046  0.491835  0.475017  0.649662  0.620358  0.615912  0.622241  0.491938  0.852293  0.751996  0.592082  0.628788  0.651359  0.637013  0.686879  0.668246  0.798613  0.654479  0.666998  0.501142  0.585559  0.869662  0.701930  0.682027  0.759180  0.730821  0.500623  0.719941  0.274457  0.632912  0.495995  0.590518  0.704151  0.618310  0.685233  0.544291  0.538199  0.432753  0.504832  0.611887  0.455264  0.500702  0.657223  0.610410  0.747324  0.676661  0.477367  0.559978  0.331683  0.512323  0.781406  0.425581  0.746244  0.363556 
25  0.790004  0.810241  0.653239  0.795516  0.764851  0.587282  0.572649  0.708515  0.826089  0.615729  0.561268  0.474089  0.682294  0.429729  0.779798  0.341539  0.681330  0.572939  0.675719  0.593775  0.840756  0.536678  0.608008  0.821746  0.605581 0.0  0.718819  0.458534  0.673262  0.809528  0.775581  0.867595  0.761279  0.613534  0.541304  0.614539  0.460365  0.647335  0.800922  0.781174  0.761491  0.682980  0.669492  0.844855  0.856274  0.732558  0.703460  0.797218  0.708049  0.485682  0.808378  0.824643  0.810022  0.764883  0.540295  0.845900  0.770459  0.460718  0.923751  0.743696  0.872385  0.807276  0.444441  0.566581  0.581320  0.429142  0.745711  0.820608  0.802067  0.682569  0.575541  0.616053  0.636286  0.452312  0.644541  0.612277  0.689438  0.306076  0.371754  0.396017  0.688040  0.605826  0.616084  0.518804  0.608917  0.551884  0.667775  0.841811  0.644622 
26  0.780625  0.696367  0.773387  0.788578  0.852771  0.742424  0.730022  0.850500  0.756279  0.707143  0.849828  0.874667  0.762401  0.685224  0.772750  0.791093  0.511990  0.818550  0.769234  0.803005  0.800668  0.652824  0.837035  0.802777  0.654711  0.718819 0.0  0.710592  0.770772  0.750889  0.731414  0.799488  0.749272  0.779880  0.918169  0.783960  0.763610  0.811203  0.805027  0.810357  0.635555  0.745790  0.791837  0.773196  0.728819  0.672336  0.913513  0.808140  0.793570  0.840925  0.807942  0.729036  0.858017  0.537593  0.889168  0.731391  0.825375  0.830118  0.789456  0.708322  0.810863  0.696094  0.739909  0.710339  0.721513  0.887074  0.762589  0.666130  0.803504  0.812991  0.699574  0.812774  0.675128  0.727521  0.719819  0.749418  0.795654  0.802612  0.728866  0.831246  0.770527  0.878660  0.670975  0.708678  0.874574  0.783697  0.782294  0.689868  0.695001 
27  0.834726  0.688613  0.708883  0.827069  0.807839  0.461405  0.522361  0.902181  0.868667  0.461037  0.768264  0.701118  0.752797  0.438836  0.768499  0.489974  0.783518  0.355964  0.737953  0.627589  0.824207  0.487555  0.618774  0.910351  0.677844  0.458534  0.710592 0.0  0.733186  0.799626  0.664763  0.701704  0.746442  0.709133  0.402740  0.516863  0.537898  0.724821  0.790344  0.864793  0.676563  0.840418  0.642001  0.743024  0.826549  0.756123  0.852421  0.742238  0.804054  0.528964  0.926019  0.799720  0.713602  0.645264  0.486890  0.620457  0.583678  0.511735  0.868371  0.732618  0.742297  0.804133  0.377911  0.687297  0.565674  0.590233  0.696784  0.843267  0.783513  0.707023  0.486067  0.626712  0.784223  0.490389  0.693208  0.656292  0.649569  0.522399  0.510849  0.462192  0.256256  0.616454  0.653705  0.618837  0.758318  0.497259  0.632794  0.845211  0.600140 
28  0.737926  0.582126  0.579538  0.590919  0.667996  0.676018  0.763754  0.662392  0.668845  0.580506  0.670243  0.469478  0.639529  0.629843  0.704782  0.614053  0.811793  0.764778  0.793548  0.723013  0.570838  0.638564  0.729997  0.652235  0.456004  0.673262  0.770772  0.733186 0.0  0.667453  0.660479  0.726784  0.638190  0.495314  0.695388  0.721801  0.449103  0.448910  0.617998  0.673555  0.702659  0.622099  0.394884  0.777334  0.768186  0.690770  0.685053  0.660940  0.708390  0.602857  0.666572  0.695121  0.712647  0.821583  0.514783  0.710108  0.770175  0.768277  0.671717  0.655346  0.628553  0.775128  0.715319  0.450682  0.600977  0.694000  0.681814  0.710848  0.543905  0.567599  0.464345  0.472726  0.381232  0.625121  0.647625  0.420457  0.310019  0.547654  0.656358  0.629459  0.672436  0.368246  0.406900  0.502651  0.366584  0.674031  0.491698  0.693014  0.423480 
29  0.781692  0.541306  0.648252  0.693076  0.645317  0.809403  0.699577  0.765205  0.460614  0.813737  0.666032  0.612688  0.492006  0.745955  0.809362  0.739240  0.841199  0.809279  0.695515  0.822797  0.601579  0.798367  0.832699  0.703208  0.658519  0.809528  0.750889  0.799626  0.667453 0.0  0.632690  0.809547  0.586963  0.572759  0.725708  0.747222  0.760113  0.690028  0.653266  0.661953  0.600012  0.576350  0.690355  0.450113  0.673176  0.451797  0.542033  0.409455  0.730273  0.679255  0.645094  0.623818  0.537261  0.751642  0.816261  0.538388  0.642111  0.738898  0.643901  0.663118  0.695244  0.367429  0.763597  0.600399  0.730311  0.799076  0.623551  0.670685  0.566938  0.595976  0.772113  0.593202  0.683177  0.879973  0.523532  0.682056  0.623000  0.748093  0.824468  0.741441  0.764819  0.629813  0.626055  0.856632  0.812471  0.770013  0.809507  0.417049  0.754638 
30  0.449805  0.505453  0.624552  0.461233  0.542924  0.861597  0.674914  0.704967  0.574524  0.710149  0.653268  0.650227  0.637355  0.806668  0.683575  0.707624  0.737334  0.857357  0.722885  0.590253  0.625220  0.843221  0.799953  0.609648  0.687185  0.775581  0.731414  0.664763  0.660479  0.632690 0.0  0.629031  0.676989  0.751035  0.748746  0.846755  0.736067  0.593567  0.509156  0.608414  0.592204  0.693053  0.644210  0.681783  0.636078  0.480724  0.704621  0.531197  0.399376  0.817682  0.726910  0.568744  0.581984  0.772982  0.895265  0.643382  0.722280  0.807458  0.625423  0.544801  0.484779  0.606993  0.764531  0.564199  0.850804  0.821391  0.623362  0.553806  0.506987  0.676099  0.747132  0.626162  0.688832  0.692685  0.523402  0.675243  0.678964  0.717911  0.860156  0.816130  0.697737  0.685819  0.646213  0.762604  0.715601  0.861333  0.697787  0.604151  0.744399 
31  0.544691  0.844549  0.812429  0.700049  0.602336  0.741001  0.741778  0.588873  0.759742  0.899873  0.623744  0.799932  0.673412  0.840208  0.523614  0.703788  0.821729  0.786784  0.373183  0.576797  0.732482  0.945928  0.681680  0.498302  0.801611  0.867595  0.799488  0.701704  0.726784  0.809547  0.629031 0.0  0.684909  0.797716  0.840073  0.804503  0.938837  0.787590  0.504340  0.631612  0.705576  0.656933  0.860929  0.779274  0.524647  0.811782  0.815675  0.788527  0.730989  0.850917  0.715641  0.525444  0.646800  0.880964  0.830892  0.879400  0.611839  0.820324  0.703838  0.543982  0.648046  0.637638  0.825941  0.801992  0.757598  0.711112  0.829389  0.656311  0.740832  0.775345  0.734307  0.850125  0.700209  0.792412  0.636105  0.812327  0.871153  0.775172  0.822310  0.825374  0.857948  0.819467  0.807184  0.746041  0.859574  0.864970  0.759773  0.926429  0.726531 
32  0.679867  0.599809  0.639904  0.511529  0.762472  0.840152  0.685628  0.640787  0.462438  0.755308  0.700809  0.664782  0.550331  0.783759  0.595046  0.654099  0.862406  0.765610  0.801976  0.736175  0.659268  0.740836  0.784099  0.625864  0.722832  0.761279  0.749272  0.746442  0.638190  0.586963  0.676989  0.684909 0.0  0.479052  0.708330  0.643613  0.738045  0.587702  0.696238  0.504702  0.479673  0.442065  0.612803  0.667768  0.669908  0.622736  0.579705  0.674276  0.485222  0.692127  0.614789  0.685836  0.694585  0.804515  0.785736  0.676259  0.669877  0.702879  0.510662  0.600975  0.597852  0.636389  0.686826  0.645231  0.913885  0.670293  0.642073  0.577355  0.626827  0.615856  0.781216  0.545769  0.732911  0.864863  0.651535  0.711883  0.599331  0.790348  0.850401  0.712822  0.800310  0.635987  0.662265  0.721264  0.689679  0.583225  0.750120  0.625123  0.601054 
33  0.663795  0.649949  0.563941  0.613387  0.665325  0.770382  0.830941  0.632056  0.594026  0.666943  0.689519  0.430087  0.653019  0.669236  0.734631  0.645143  0.816714  0.773634  0.843425  0.698510  0.707319  0.576035  0.828145  0.731249  0.570005  0.613534  0.779880  0.709133  0.495314  0.572759  0.751035  0.797716  0.479052 0.0  0.594809  0.606374  0.716825  0.385608  0.838246  0.605104  0.609626  0.644320  0.388318  0.871572  0.799502  0.642316  0.562203  0.700509  0.581578  0.537234  0.585945  0.738201  0.683325  0.785705  0.661265  0.798384  0.863939  0.674603  0.562814  0.685286  0.746528  0.578514  0.634795  0.626432  0.676809  0.487278  0.599934  0.660677  0.684249  0.486148  0.663583  0.462201  0.484353  0.743343  0.621617  0.520578  0.410219  0.436917  0.514524  0.717601  0.772970  0.410600  0.465891  0.652067  0.485199  0.628393  0.613594  0.782320  0.615268 
34  0.830584  0.794773  0.766222  0.825370  0.836005  0.429552  0.706455  0.799855  0.782954  0.476813  0.627132  0.666788  0.655811  0.550709  0.631127  0.404442  0.723971  0.509205  0.621852  0.470623  0.681116  0.535725  0.656781  0.866061  0.718722  0.541304  0.918169  0.402740  0.695388  0.725708  0.748746  0.840073  0.708330  0.594809 0.0  0.511796  0.557722  0.686875  0.759055  0.767183  0.857338  0.796102  0.583989  0.817785  0.923912  0.725160  0.585146  0.746302  0.683965  0.598336  0.817891  0.862417  0.817331  0.755767  0.593105  0.785735  0.682134  0.399022  0.689162  0.799648  0.742863  0.726776  0.342282  0.815432  0.687649  0.509277  0.743925  0.731782  0.715676  0.677475  0.684950  0.552242  0.686375  0.505867  0.725969  0.575193  0.755325  0.461053  0.498353  0.447905  0.340849  0.581948  0.715969  0.546176  0.588697  0.367927  0.625478  0.978135  0.674489 
35  0.849430  0.934316  0.785643  0.722622  0.798459  0.599327  0.595222  0.825201  0.740506  0.592829  0.614076  0.546356  0.862905  0.598967  0.769110  0.424941  0.639644  0.394197  0.719426  0.544271  0.816863  0.501991  0.658439  0.865855  0.681046  0.614539  0.783960  0.516863  0.721801  0.747222  0.846755  0.804503  0.643613  0.606374  0.511796 0.0  0.545918  0.681570  0.835900  0.839932  0.749471  0.808434  0.777575  0.858939  0.796878  0.785398  0.578591  0.819844  0.632506  0.380190  0.807332  0.772036  0.872139  0.769348  0.481764  0.828215  0.722376  0.449083  0.637598  0.774191  0.782790  0.741253  0.484266  0.725219  0.718516  0.537342  0.683107  0.755656  0.707177  0.721075  0.579634  0.627255  0.757517  0.604751  0.742184  0.627973  0.671137  0.367921  0.575207  0.444070  0.580172  0.795483  0.655358  0.658231  0.582601  0.505113  0.601824  0.887423  0.570022 
36  0.814276  0.697983  0.645663  0.719589  0.823457  0.671715  0.523842  0.822491  0.842804  0.423580  0.623331  0.603719  0.826573  0.478805  0.829486  0.740626  0.632209  0.591778  0.686808  0.714936  0.783573  0.391542  0.651868  0.875476  0.491835  0.460365  0.763610  0.537898  0.449103  0.760113  0.736067  0.938837  0.738045  0.716825  0.557722  0.545918 0.0  0.698043  0.967925  0.794794  0.637004  0.689196  0.591426  0.627053  0.841652  0.782601  0.718614  0.733465  0.765879  0.627173  0.800300  0.809540  0.870648  0.654016  0.416491  0.766681  0.660851  0.664836  0.724352  0.850802  0.811783  0.871119  0.718664  0.395233  0.521052  0.410380  0.762615  0.792645  0.743911  0.726893  0.403448  0.502586  0.554398  0.498489  0.614104  0.659995  0.615171  0.454037  0.479906  0.561024  0.628662  0.656741  0.615617  0.484821  0.522442  0.600553  0.392345  0.804071  0.452221 
37  0.649821  0.747694  0.659594  0.612841  0.555501  0.707282  0.732300  0.663594  0.572028  0.598838  0.642384  0.460413  0.700510  0.628678  0.732536  0.608789  0.964782  0.816170  0.872646  0.684241  0.591407  0.643352  0.848792  0.750004  0.475017  0.647335  0.811203  0.724821  0.448910  0.690028  0.593567  0.787590  0.587702  0.385608  0.686875  0.681570  0.698043 0.0  0.764693  0.781978  0.645623  0.608797  0.520032  0.773276  0.881304  0.707950  0.571648  0.667640  0.600556  0.505826  0.543154  0.858878  0.680271  0.868623  0.551660  0.629125  0.667038  0.643345  0.638768  0.592429  0.783233  0.515995  0.670253  0.623009  0.710254  0.675083  0.626287  0.675480  0.606111  0.615069  0.666167  0.483260  0.454023  0.574583  0.627900  0.404594  0.415298  0.523379  0.618002  0.724675  0.645175  0.489634  0.477648  0.700685  0.377289  0.680655  0.665799  0.678983  0.634425 
38  0.518202  0.749164  0.453742  0.490582  0.647111  0.755579  0.755565  0.384937  0.755101  0.741971  0.612401  0.757200  0.628779  0.760330  0.599709  0.713681  0.862696  0.719854  0.478753  0.661943  0.584210  0.769115  0.783035  0.376957  0.649662  0.800922  0.805027  0.790344  0.617998  0.653266  0.509156  0.504340  0.696238  0.838246  0.759055  0.835900  0.967925  0.764693 0.0  0.558951  0.641461  0.518879  0.663149  0.833494  0.576395  0.603185  0.566911  0.682899  0.515391  0.852237  0.553800  0.671033  0.562055  0.954508  0.702849  0.648899  0.670069  0.745809  0.546813  0.482570  0.388550  0.618222  0.859119  0.720420  0.700255  0.755847  0.644380  0.427462  0.659678  0.696754  0.975054  0.681040  0.756338  0.857425  0.465035  0.654398  0.712206  0.746579  0.934598  0.799605  0.726633  0.676542  0.568631  0.792287  0.788657  0.791297  0.888679  0.748213  0.763186 
39  0.565631  0.699583  0.789416  0.695590  0.690009  0.683711  0.718882  0.597655  0.614469  0.900648  0.765601  0.654510  0.571947  0.773116  0.742773  0.744532  0.840666  0.747612  0.657247  0.773408  0.578191  0.874598  0.699131  0.514015  0.620358  0.781174  0.810357  0.864793  0.673555  0.661953  0.608414  0.631612  0.504702  0.605104  0.767183  0.839932  0.794794  0.781978  0.558951 0.0  0.540257  0.544983  0.699362  0.857430  0.756834  0.610473  0.701985  0.715031  0.654376  0.604884  0.551623  0.612385  0.561690  0.816709  0.766198  0.607031  0.715574  0.802551  0.645176  0.506300  0.521539  0.665372  0.776166  0.621413  0.740017  0.858462  0.672433  0.613963  0.613041  0.635315  0.854020  0.672097  0.635169  0.888376  0.540224  0.682170  0.652037  0.712780  0.807625  0.767533  0.772348  0.643409  0.749963  0.769522  0.750815  0.788012  0.772490  0.646036  0.678404 
40  0.648537  0.526924  0.551457  0.659931  0.563654  0.675428  0.729210  0.483326  0.780554  0.626060  0.639944  0.741260  0.756934  0.752508  0.739146  0.675882  0.797938  0.764170  0.698831  0.745881  0.742085  0.744512  0.818935  0.672406  0.615912  0.761491  0.635555  0.676563  0.702659  0.600012  0.592204  0.705576  0.479673  0.609626  0.857338  0.749471  0.637004  0.645623  0.641461  0.540257 0.0  0.441320  0.779490  0.721060  0.663995  0.584420  0.655272  0.542422  0.611775  0.688397  0.522830  0.727743  0.722253  0.826024  0.743358  0.774313  0.804877  0.828955  0.633448  0.609636  0.553693  0.582186  0.779013  0.632845  0.827297  0.727663  0.672335  0.633442  0.629667  0.813006  0.839630  0.679834  0.575382  0.751465  0.527644  0.657037  0.668997  0.667748  0.734912  0.764452  0.726263  0.593041  0.633526  0.818427  0.712637  0.880289  0.664799  0.537348  0.616315 
41  0.479414  0.661222  0.650729  0.654772  0.520186  0.749985  0.732138  0.591812  0.587490  0.747179  0.709031  0.716249  0.561124  0.801196  0.767193  0.695274  0.900835  0.714864  0.734489  0.827934  0.487130  0.728138  0.711844  0.563741  0.622241  0.682980  0.745790  0.840418  0.622099  0.576350  0.693053  0.656933  0.442065  0.644320  0.796102  0.808434  0.689196  0.608797  0.518879  0.544983  0.441320 0.0  0.612068  0.787970  0.694806  0.791278  0.634158  0.546641  0.647159  0.650619  0.596239  0.691044  0.595578  0.795035  0.735946  0.632973  0.746381  0.783452  0.661346  0.541071  0.515841  0.608919  0.765134  0.609119  0.630415  0.877580  0.770220  0.490505  0.615344  0.646880  0.756940  0.751538  0.508891  0.804186  0.580072  0.705207  0.598302  0.652536  0.851196  0.849495  0.793113  0.586106  0.783014  0.800458  0.616306  0.688318  0.779658  0.591771  0.672105 
42  0.635964  0.707390  0.684746  0.645224  0.625469  0.709444  0.724762  0.850518  0.714152  0.480401  0.702737  0.518766  0.668561  0.676066  0.657816  0.622932  0.888215  0.734606  0.770544  0.694390  0.674173  0.688060  0.729331  0.660149  0.491938  0.669492  0.791837  0.642001  0.394884  0.690355  0.644210  0.860929  0.612803  0.388318  0.583989  0.777575  0.591426  0.520032  0.663149  0.699362  0.779490  0.612068 0.0  0.872024  0.767227  0.720308  0.481210  0.725988  0.743428  0.558578  0.608845  0.849374  0.745886  0.740089  0.595190  0.764160  0.775815  0.742719  0.604164  0.711479  0.742486  0.656371  0.708064  0.444526  0.542411  0.638777  0.685953  0.617097  0.564891  0.654672  0.626699  0.515282  0.299166  0.619024  0.565656  0.359954  0.391044  0.410123  0.671353  0.744001  0.715992  0.467219  0.542078  0.573445  0.443918  0.611692  0.501406  0.661614  0.502427 
43  0.766580  0.478409  0.686904  0.815170  0.711355  0.842894  0.755887  0.810008  0.596290  0.793803  0.728344  0.795853  0.613445  0.806593  0.761458  0.692989  0.725081  0.782542  0.893815  0.832373  0.712006  0.848930  0.682291  0.823577  0.852293  0.844855  0.773196  0.743024  0.777334  0.450113  0.681783  0.779274  0.667768  0.871572  0.817785  0.858939  0.627053  0.773276  0.833494  0.857430  0.721060  0.787970  0.872024 0.0  0.653404  0.433254  0.706409  0.595574  0.781542  0.814811  0.850866  0.677406  0.817009  0.729157  0.773714  0.622603  0.594083  0.822380  0.858101  0.780304  0.813981  0.496195  0.746422  0.707200  0.826261  0.760460  0.761088  0.811351  0.723127  0.788120  0.811409  0.869569  0.774523  0.770159  0.711797  0.738620  0.801892  0.725622  0.733788  0.658636  0.722363  0.767831  0.786594  0.645072  0.721715  0.855492  0.752261  0.560284  0.664190 
44  0.513318  0.831669  0.787677  0.597448  0.593181  0.707154  0.886275  0.468753  0.853903  0.774041  0.635174  0.804733  0.892494  0.869690  0.517788  0.676893  0.847649  0.731650  0.553690  0.634053  0.620480  0.859193  0.648565  0.626344  0.751996  0.856274  0.728819  0.826549  0.768186  0.673176  0.636078  0.524647  0.669908  0.799502  0.923912  0.796878  0.841652  0.881304  0.576395  0.756834  0.663995  0.694806  0.767227  0.653404 0.0  0.828383  0.819416  0.783811  0.472592  0.728363  0.732381  0.343229  0.502414  0.926742  0.776179  0.797289  0.598367  0.738196  0.519397  0.368578  0.594777  0.809821  0.877282  0.882454  0.698971  0.875793  0.785563  0.533676  0.689272  0.780455  0.747529  0.711880  0.808610  0.841689  0.445252  0.731362  0.719105  0.774052  0.869705  0.834120  0.726615  0.664181  0.854375  0.803542  0.702320  0.776742  0.885467  0.803780  0.689216 
