89
0 0.0  0.696353  0.652333  0.466159  0.400186  0.704175  0.816914  0.400891  0.729497  0.798263  0.620733  0.532759  0.645573  0.721113  0.577775  0.810641  0.854373  0.757285  0.596652  0.628049  0.622913  0.751787  0.751586  0.400528  0.633912  0.866016  0.839050  0.787246  0.752400  0.593215  0.584181  0.617741  0.662856  0.705527  0.846323  0.972565  0.840262  0.713078  0.528842  0.413561  0.664152  0.700526  0.615244  0.765797  0.494583  0.726190  0.618892  0.717371  0.363671  0.756022  0.562043  0.498724  0.404215  0.957941  0.793416  0.601994  0.685060  0.882084  0.393548  0.265520  0.575556  0.594903  0.803075  0.679725  0.755635  0.796097  0.642193  0.372666  0.584860  0.717120  0.823864  0.711407  0.722229  0.799993  0.451949  0.655701  0.740935  0.746019  0.667982  0.882206  0.828224  0.705411  0.565472  0.719520  0.819610  0.822379  0.793847  0.758389  0.563138 
1  0.696353 0.0  0.680371  0.691538  0.658141  0.698279  0.682934  0.724799  0.469204  0.722636  0.604777  0.798426  0.444618  0.714644  0.646500  0.766926  0.814122  0.931268  0.860845  0.746021  0.668489  0.889358  0.768680  0.645513  0.577632  0.822144  0.606184  0.829345  0.632080  0.319026  0.566188  0.804123  0.553699  0.749632  0.707641  0.786992  0.748804  0.678456  0.735085  0.631610  0.492000  0.733365  0.727441  0.577158  0.827588  0.447732  0.717301  0.451598  0.681527  0.812059  0.604719  0.852360  0.718873  0.728072  0.768797  0.418661  0.773640  0.795252  0.620206  0.626032  0.708448  0.504087  0.818428  0.592120  0.733425  0.769451  0.570313  0.689889  0.545359  0.602491  0.860851  0.771050  0.617374  0.853169  0.526139  0.675381  0.738111  0.632280  0.830602  0.757774  0.691583  0.725425  0.521392  0.766230  0.721655  0.850792  0.671812  0.387416  0.833740 
2  0.652333  0.680371 0.0  0.590276  0.507785  0.699280  0.664345  0.635380  0.605411  0.859046  0.513083  0.561068  0.744079  0.789129  0.778235  0.621118  0.773398  0.781276  0.841806  0.818254  0.359465  0.711487  0.563820  0.667105  0.663518  0.671404  0.701265  0.639463  0.595390  0.614586  0.598195  0.734835  0.657673  0.743298  0.739824  0.685805  0.705366  0.685342  0.672926  0.601281  0.608685  0.625449  0.649898  0.658784  0.811253  0.624709  0.521986  0.561094  0.562945  0.644500  0.422105  0.718262  0.627102  0.819057  0.781422  0.495778  0.525429  0.774324  0.546926  0.578296  0.699241  0.524862  0.744234  0.626639  0.730745  0.763629  0.437054  0.636488  0.479915  0.592802  0.714208  0.616729  0.687445  0.650899  0.422570  0.627414  0.739534  0.716399  0.653966  0.749563  0.772201  0.573062  0.726480  0.736242  0.649503  0.751499  0.706114  0.607754  0.691159 
3  0.466159  0.691538  0.590276 0.0  0.557493  0.803143  0.824337  0.375970  0.633511  0.630605  0.728023  0.617471  0.606845  0.815027  0.565698  0.677338  0.880129  0.854848  0.858556  0.634948  0.720178  0.765580  0.651076  0.568084  0.738759  0.692745  0.862693  0.790147  0.622447  0.720264  0.613338  0.693365  0.573071  0.682848  0.796920  0.708042  0.751835  0.697123  0.549625  0.718221  0.603362  0.598267  0.648567  0.858798  0.600879  0.634806  0.491547  0.776948  0.244119  0.652584  0.534877  0.547518  0.509938  0.902992  0.842172  0.613051  0.714324  0.857975  0.459488  0.455611  0.484122  0.760309  0.759650  0.675660  0.782760  0.826006  0.522330  0.372252  0.548149  0.634580  0.900857  0.540695  0.568340  0.726405  0.530042  0.685421  0.582770  0.699358  0.780520  0.743550  0.773978  0.609597  0.678897  0.796188  0.672758  0.708512  0.765595  0.672500  0.727390 
4  0.400186  0.658141  0.507785  0.557493 0.0  0.672900  0.702968  0.435110  0.756770  0.806221  0.446340  0.692602  0.617652  0.865417  0.713161  0.666482  0.855794  0.707059  0.613211  0.797073  0.388732  0.811117  0.488290  0.529279  0.648568  0.753835  0.738368  0.730824  0.635699  0.567602  0.538555  0.706056  0.654309  0.695467  0.868151  0.740939  0.797243  0.653658  0.567943  0.598138  0.624443  0.524947  0.638329  0.765160  0.669496  0.636908  0.480033  0.569780  0.487354  0.751602  0.469194  0.781120  0.496343  0.888119  0.630968  0.623286  0.555362  0.728127  0.669081  0.497163  0.442679  0.536538  0.772055  0.678686  0.814248  0.863993  0.605388  0.672002  0.454429  0.718218  0.758075  0.569223  0.617287  0.773313  0.648744  0.562209  0.666770  0.708204  0.676577  0.847913  0.721273  0.708257  0.578962  0.717656  0.774817  0.796596  0.783784  0.696297  0.653162 
5  0.704175  0.698279  0.699280  0.803143  0.672900 0.0  0.636835  0.722977  0.915239  0.656215  0.635030  0.684671  0.777183  0.636899  0.884013  0.452392  0.751405  0.396189  0.619023  0.535926  0.732461  0.632328  0.521946  0.736288  0.738815  0.564181  0.883172  0.492959  0.766741  0.707256  0.814720  0.735075  0.757588  0.804328  0.499413  0.495877  0.668534  0.800868  0.648834  0.679041  0.828872  0.702349  0.779672  0.838919  0.720956  0.762503  0.654921  0.849383  0.865758  0.605043  0.655671  0.763114  0.707321  0.712944  0.510295  0.812432  0.688225  0.527935  0.801753  0.652061  0.678521  0.762015  0.432159  0.763721  0.476194  0.701213  0.752582  0.824947  0.833607  0.876841  0.594690  0.693614  0.664435  0.571477  0.761367  0.584041  0.727293  0.444429  0.540862  0.498138  0.335623  0.716436  0.622730  0.478442  0.701675  0.450657  0.693570  0.792841  0.666250 
6  0.816914  0.682934  0.664345  0.824337  0.702968  0.636835 0.0  0.817375  0.806901  0.625455  0.679954  0.713371  0.803097  0.634315  0.650565  0.621276  0.563292  0.602647  0.622058  0.668636  0.705886  0.610535  0.591455  0.735162  0.719066  0.700666  0.661855  0.460773  0.777871  0.701123  0.660992  0.658650  0.527573  0.739361  0.681365  0.565624  0.527284  0.811597  0.784063  0.770087  0.668910  0.744018  0.702589  0.610188  0.850856  0.651091  0.866033  0.675294  0.765980  0.689657  0.721859  0.734714  0.825961  0.567806  0.715622  0.707398  0.687661  0.579491  0.665252  0.753491  0.882116  0.611653  0.652850  0.659391  0.688893  0.718638  0.450470  0.791201  0.705962  0.681118  0.555859  0.682187  0.803155  0.590171  0.650589  0.696545  0.723551  0.704457  0.597343  0.489726  0.569232  0.860269  0.616952  0.628272  0.724712  0.575475  0.745525  0.759734  0.798339 
7  0.400891  0.724799  0.635380  0.375970  0.435110  0.722977  0.817375 0.0  0.496033  0.784700  0.680142  0.632550  0.632657  0.815176  0.713635  0.770948  0.769306  0.648335  0.526520  0.676304  0.504025  0.879742  0.667572  0.428324  0.667004  0.764377  0.784189  0.753643  0.712490  0.643003  0.541232  0.486251  0.543835  0.571771  0.834395  0.807456  0.829358  0.653846  0.455486  0.560272  0.587427  0.607532  0.588695  0.826038  0.453088  0.748498  0.546397  0.683167  0.408219  0.754777  0.570748  0.601526  0.218456  0.762789  0.736362  0.664710  0.636415  0.885665  0.414667  0.349913  0.472269  0.747337  0.830150  0.789040  0.730640  0.814685  0.699724  0.420107  0.561538  0.718637  0.711086  0.619802  0.660308  0.718507  0.547489  0.707557  0.627995  0.734045  0.703905  0.827528  0.736207  0.651445  0.723530  0.775691  0.763946  0.835432  0.787265  0.548082  0.760199 
8  0.729497  0.469204  0.605411  0.633511  0.756770  0.915239  0.806901  0.496033 0.0  0.797602  0.765736  0.622666  0.484497  0.744657  0.743821  0.715481  0.770989  0.838876  0.921034  0.680293  0.692425  0.755750  0.879827  0.785846  0.797442  0.782216  0.819489  0.747867  0.526551  0.324858  0.637324  0.860740  0.513473  0.694614  0.893415  0.683848  0.740258  0.547838  0.723344  0.710836  0.537774  0.633866  0.673270  0.462339  0.836018  0.462798  0.695746  0.567807  0.630439  0.756487  0.605971  0.721090  0.612377  0.778858  0.851703  0.548328  0.788129  0.734090  0.708255  0.625113  0.798843  0.507011  0.690241  0.774558  0.798798  0.800359  0.510024  0.611034  0.575644  0.630563  0.776690  0.628570  0.682812  0.880226  0.575812  0.730986  0.668973  0.709253  0.771548  0.763729  0.744431  0.619743  0.656033  0.772485  0.761499  0.724878  0.847273  0.594453  0.678475 
9  0.798263  0.722636  0.859046  0.630605  0.806221  0.656215  0.625455  0.784700  0.797602 0.0  0.680693  0.622233  0.850911  0.456508  0.854508  0.775049  0.657785  0.724843  0.632808  0.544655  0.739809  0.424028  0.702158  0.841777  0.630913  0.582809  0.750830  0.485093  0.690175  0.828592  0.716840  0.821066  0.912772  0.738414  0.615089  0.585621  0.388219  0.613509  0.915189  0.765450  0.765982  0.849046  0.605281  0.875685  0.843588  0.931686  0.839181  0.707663  0.842432  0.747508  0.774087  0.784820  0.873110  0.629038  0.441401  0.834988  0.676809  0.658214  0.793067  0.805593  0.769419  0.774243  0.600710  0.607986  0.418526  0.506892  0.711725  0.809147  0.685049  0.796934  0.394962  0.729015  0.535736  0.436832  0.735307  0.547046  0.541557  0.448191  0.390130  0.607137  0.454844  0.683415  0.558932  0.534140  0.628093  0.567923  0.556186  0.725253  0.510154 
10  0.620733  0.604777  0.513083  0.728023  0.446340  0.635030  0.679954  0.680142  0.765736  0.680693 0.0  0.666201  0.655082  0.680117  0.732860  0.686210  0.729749  0.529195  0.623406  0.656884  0.539966  0.740545  0.340465  0.561055  0.660148  0.678245  0.776284  0.567356  0.749783  0.656553  0.567440  0.642239  0.711116  0.589510  0.606054  0.720243  0.653594  0.704273  0.653344  0.744636  0.704526  0.727006  0.605202  0.594422  0.629332  0.644684  0.416207  0.599339  0.614677  0.658287  0.518959  0.664292  0.625849  0.737716  0.558479  0.707156  0.274841  0.790702  0.619746  0.661316  0.677006  0.765799  0.737731  0.616902  0.690448  0.558103  0.622082  0.629080  0.577134  0.701146  0.717850  0.669077  0.690298  0.640433  0.526697  0.685180  0.601427  0.570960  0.643098  0.692248  0.656772  0.590724  0.556288  0.687374  0.724145  0.730440  0.695802  0.639513  0.642222 
11  0.532759  0.798426  0.561068  0.617471  0.692602  0.684671  0.713371  0.632550  0.622666  0.622233  0.666201 0.0  0.667210  0.690873  0.765549  0.512474  0.855075  0.693205  0.870057  0.719372  0.754942  0.604461  0.743069  0.723376  0.530902  0.513271  0.825506  0.680231  0.416260  0.619626  0.653776  0.883294  0.717388  0.367557  0.633520  0.566802  0.703705  0.412206  0.705181  0.659052  0.697653  0.621634  0.489478  0.848095  0.793144  0.644516  0.487194  0.706099  0.593179  0.569137  0.545092  0.761249  0.681421  0.810347  0.453983  0.767794  0.841247  0.576899  0.597578  0.638459  0.770101  0.590279  0.557060  0.548415  0.605633  0.596921  0.554772  0.595413  0.619633  0.650690  0.523488  0.291279  0.314789  0.602203  0.520054  0.354884  0.510157  0.467065  0.583341  0.590707  0.758136  0.320485  0.404462  0.551388  0.492229  0.743316  0.602203  0.797678  0.545144 
12  0.645573  0.444618  0.744079  0.606845  0.617652  0.777183  0.803097  0.632657  0.484497  0.850911  0.655082  0.667210 0.0  0.757895  0.611576  0.571894  0.839256  0.817251  0.801237  0.821898  0.590138  0.668462  0.680488  0.656882  0.758642  0.655529  0.836249  0.880724  0.568939  0.474233  0.613454  0.853305  0.574332  0.606598  0.735008  0.689499  0.809962  0.574740  0.671272  0.591645  0.640678  0.671391  0.600123  0.596770  0.742598  0.529683  0.577037  0.682107  0.603400  0.646210  0.600420  0.785240  0.690130  0.820812  0.828871  0.439355  0.762746  0.804969  0.555763  0.710859  0.591820  0.505333  0.733552  0.741595  0.886606  0.749299  0.603976  0.524610  0.648727  0.547455  0.796914  0.602876  0.674515  0.710670  0.571257  0.689067  0.621031  0.707436  0.807115  0.717854  0.762163  0.621040  0.691610  0.795134  0.661060  0.626660  0.785288  0.604849  0.700144 
13  0.721113  0.714644  0.789129  0.815027  0.865417  0.636899  0.634315  0.815176  0.744657  0.456508  0.680117  0.690873  0.757895 0.0  0.941828  0.759473  0.662364  0.548579  0.628653  0.635650  0.773039  0.370509  0.665530  0.919171  0.453512  0.574897  0.692373  0.466016  0.600611  0.883193  0.720427  0.834421  0.828225  0.677937  0.440402  0.571590  0.415837  0.692876  0.917515  0.821706  0.735105  0.786864  0.714796  0.683593  0.863921  0.867544  0.782847  0.762031  0.750339  0.585226  0.761137  0.817292  0.784163  0.609507  0.400289  0.784804  0.760405  0.554935  0.831364  0.754405  0.783015  0.783324  0.612044  0.410542  0.624794  0.496760  0.816508  0.887199  0.736110  0.754425  0.382790  0.649560  0.497401  0.412947  0.742761  0.532121  0.577578  0.525750  0.518257  0.555036  0.463980  0.509532  0.555752  0.462946  0.627330  0.620014  0.410484  0.780623  0.426473 
14  0.577775  0.646500  0.778235  0.565698  0.713161  0.884013  0.650565  0.713635  0.743821  0.854508  0.732860  0.765549  0.611576  0.941828 0.0  0.613398  0.765859  0.814722  0.525939  0.685258  0.712716  0.743363  0.907714  0.637551  0.871669  0.726527  0.801568  0.844129  0.771307  0.699830  0.647699  0.480046  0.716704  0.687551  0.838427  0.686652  0.799557  0.619751  0.549989  0.880599  0.765878  0.815789  0.811431  0.509506  0.547506  0.826153  0.638979  0.779302  0.523889  0.688609  0.695826  0.638922  0.691209  0.847881  0.662780  0.831646  0.772030  0.703646  0.593737  0.637097  0.550950  0.800812  0.752205  0.858608  0.887076  0.723678  0.603732  0.657010  0.740333  0.727789  0.736181  0.699196  0.780520  0.827399  0.698645  0.699296  0.724067  0.618400  0.767273  0.769752  0.705409  0.725081  0.748741  0.838729  0.701857  0.808426  0.867055  0.958546  0.688892 
15  0.810641  0.766926  0.621118  0.677338  0.666482  0.452392  0.621276  0.770948  0.715481  0.775049  0.686210  0.512474  0.571894  0.759473  0.613398 0.0  0.758616  0.450758  0.799874  0.528542  0.753246  0.472776  0.676809  0.722840  0.616045  0.480621  0.776466  0.501388  0.433340  0.731195  0.703174  0.710675  0.596667  0.565284  0.417136  0.390286  0.684371  0.524058  0.824901  0.684429  0.835007  0.771316  0.609503  0.618133  0.811489  0.668901  0.585736  0.714713  0.616182  0.473617  0.663314  0.697473  0.669938  0.732027  0.587129  0.800600  0.720573  0.489498  0.665963  0.725892  0.819844  0.749693  0.395727  0.638042  0.647384  0.591031  0.641041  0.744298  0.655757  0.685395  0.750591  0.433113  0.722699  0.598237  0.638583  0.547947  0.537184  0.517457  0.610336  0.431630  0.457637  0.583374  0.681233  0.715434  0.606219  0.453909  0.658060  0.881265  0.642315 
16  0.854373  0.814122  0.773398  0.880129  0.855794  0.751405  0.563292  0.769306  0.770989  0.657785  0.729749  0.855075  0.839256  0.662364  0.765859  0.758616 0.0  0.738948  0.690872  0.738367  0.760647  0.719386  0.737897  0.833491  0.737164  0.772191  0.338221  0.697485  0.737147  0.841707  0.732309  0.809943  0.861591  0.780451  0.641316  0.681784  0.709701  0.727834  0.819579  0.851884  0.816502  0.858464  0.888460  0.697197  0.790341  0.803501  0.813214  0.668533  0.752481  0.730522  0.849281  0.747145  0.985919  0.467659  0.646543  0.744988  0.691583  0.690291  0.894806  0.731321  0.826076  0.841376  0.683407  0.710214  0.759944  0.667625  0.774281  0.805987  0.836117  0.803350  0.677184  0.774081  0.915051  0.679011  0.822649  0.801197  0.952711  0.677135  0.655681  0.694772  0.642576  0.818645  0.756084  0.563892  0.714046  0.684197  0.888326  0.735174  0.751641 
17  0.757285  0.931268  0.781276  0.854848  0.707059  0.396189  0.602647  0.648335  0.838876  0.724843  0.529195  0.693205  0.817251  0.548579  0.814722  0.450758  0.738948 0.0  0.646158  0.706774  0.717770  0.653939  0.460212  0.792400  0.659577  0.572544  0.800423  0.462423  0.612366  0.805672  0.847319  0.788916  0.764409  0.834649  0.519268  0.484137  0.540828  0.815198  0.728008  0.704641  0.750148  0.669558  0.789680  0.795264  0.792178  0.848397  0.705555  0.765679  0.749387  0.384878  0.738598  0.817719  0.749445  0.690172  0.538165  0.794002  0.552482  0.373656  0.710354  0.715488  0.744556  0.726959  0.444305  0.718954  0.567822  0.545671  0.746548  0.774816  0.765013  0.813294  0.599081  0.748082  0.732874  0.464291  0.672982  0.745912  0.739289  0.564724  0.623312  0.426056  0.454809  0.689003  0.732107  0.504993  0.666400  0.661699  0.770871  0.855350  0.688090 
18  0.596652  0.860845  0.841806  0.858556  0.613211  0.619023  0.622058  0.526520  0.921034  0.632808  0.623406  0.870057  0.801237  0.628653  0.525939  0.799874  0.690872  0.646158 0.0  0.573282  0.705510  0.651773  0.570558  0.499350  0.772250  0.716259  0.732537  0.781865  0.698348  0.857091  0.707582  0.482946  0.768848  0.770560  0.656964  0.579406  0.629500  0.857661  0.486217  0.688563  0.717681  0.707543  0.763118  0.820434  0.674621  0.789573  0.748967  0.869941  0.749707  0.679868  0.680139  0.635180  0.608630  0.669831  0.691683  0.887319  0.402481  0.594049  0.617409  0.590958  0.539180  0.769976  0.601034  0.909169  0.720904  0.690796  0.855740  0.602109  0.763527  0.844389  0.719735  0.927023  0.804858  0.556592  0.675092  0.829503  0.743383  0.531354  0.595074  0.580522  0.622689  0.802971  0.761424  0.605688  0.760629  0.638995  0.674785  0.847268  0.832706 
19  0.628049  0.746021  0.818254  0.634948  0.797073  0.535926  0.668636  0.676304  0.680293  0.544655  0.656884  0.719372  0.821898  0.635650  0.685258  0.528542  0.738367  0.706774  0.573282 0.0  0.895441  0.584516  0.724672  0.716288  0.610508  0.536271  0.855025  0.519277  0.665712  0.716450  0.682117  0.664746  0.726651  0.689172  0.488065  0.602218  0.571405  0.722150  0.699831  0.819948  0.825343  0.772297  0.580335  0.760757  0.568621  0.848653  0.669548  0.647014  0.543908  0.625340  0.772506  0.683854  0.619999  0.730606  0.674878  0.734518  0.574426  0.428628  0.616847  0.548071  0.743412  0.726141  0.572482  0.843810  0.683007  0.571107  0.706551  0.662146  0.771800  0.763602  0.712992  0.615753  0.656207  0.612916  0.676657  0.690129  0.744432  0.622825  0.638684  0.579300  0.545740  0.729239  0.844534  0.599063  0.667630  0.514178  0.747078  0.852940  0.652467 
20  0.622913  0.668489  0.359465  0.720178  0.388732  0.732461  0.705886  0.504025  0.692425  0.739809  0.539966  0.754942  0.590138  0.773039  0.712716  0.753246  0.760647  0.717770  0.705510  0.895441 0.0  0.793264  0.533043  0.558060  0.637409  0.793303  0.790429  0.651133  0.560367  0.668750  0.610924  0.661320  0.656827  0.656569  0.842431  0.846748  0.693630  0.646698  0.586072  0.562628  0.641539  0.522282  0.681092  0.785088  0.733059  0.661518  0.512353  0.564240  0.612241  0.716534  0.397799  0.740054  0.527548  0.833218  0.740065  0.621525  0.443158  0.692505  0.735243  0.520733  0.562867  0.593480  0.833308  0.701392  0.732352  0.774701  0.750244  0.484765  0.452442  0.647833  0.812760  0.608924  0.657958  0.808278  0.498483  0.680268  0.649379  0.772155  0.760770  0.749794  0.644109  0.666477  0.515715  0.803147  0.670576  0.826464  0.755665  0.516591  0.721927 
21  0.751787  0.889358  0.711487  0.765580  0.811117  0.632328  0.610535  0.879742  0.755750  0.424028  0.740545  0.604461  0.668462  0.370509  0.743363  0.472776  0.719386  0.653939  0.651773  0.584516  0.793264 0.0  0.680139  0.874317  0.588291  0.483212  0.863055  0.549778  0.528890  0.701953  0.864836  0.784497  0.703860  0.667356  0.477541  0.502529  0.497971  0.718724  0.814419  0.871506  0.627628  0.788215  0.579362  0.767562  0.919671  0.840388  0.727316  0.744040  0.761967  0.682346  0.764776  0.774167  0.798785  0.736428  0.305193  0.837585  0.705168  0.620621  0.813306  0.738455  0.752129  0.789791  0.563556  0.618069  0.524385  0.343208  0.731461  0.781538  0.796334  0.666968  0.448855  0.579835  0.631516  0.475088  0.707540  0.576958  0.563635  0.388019  0.388754  0.617570  0.511391  0.660252  0.645188  0.408954  0.404984  0.568410  0.606644  0.771972  0.416660 
22  0.751586  0.768680  0.563820  0.651076  0.488290  0.521946  0.591455  0.667572  0.879827  0.702158  0.340465  0.743069  0.680488  0.665530  0.907714  0.676809  0.737897  0.460212  0.570558  0.724672  0.533043  0.680139 0.0  0.765909  0.755691  0.679577  0.859591  0.611815  0.836563  0.561014  0.744974  0.719728  0.829022  0.771605  0.683264  0.792114  0.642382  0.871397  0.725406  0.633536  0.804422  0.726038  0.873864  0.811899  0.679768  0.839649  0.539668  0.748626  0.668989  0.678481  0.650139  0.743453  0.581960  0.766072  0.532100  0.736289  0.279933  0.690006  0.667933  0.630112  0.671700  0.768508  0.691246  0.809541  0.707984  0.781457  0.753255  0.673491  0.638315  0.772889  0.640360  0.818417  0.708854  0.708719  0.616786  0.792306  0.850259  0.499414  0.648684  0.741257  0.623278  0.757097  0.760681  0.612208  0.851578  0.689714  0.601354  0.877341  0.641420 
23  0.400528  0.645513  0.667105  0.568084  0.529279  0.736288  0.735162  0.428324  0.785846  0.841777  0.561055  0.723376  0.656882  0.919171  0.637551  0.722840  0.833491  0.792400  0.499350  0.716288  0.558060  0.874317  0.765909 0.0  0.691199  0.933852  0.860058  0.789032  0.669215  0.624594  0.611298  0.445071  0.640430  0.796242  0.815864  0.920414  0.840190  0.646246  0.448840  0.594186  0.586009  0.335629  0.756436  0.791966  0.711669  0.686972  0.647018  0.794467  0.578529  0.689908  0.580798  0.695974  0.522028  0.761910  0.832186  0.728194  0.641986  0.754855  0.561892  0.356562  0.433905  0.644118  0.850969  0.687878  0.896257  0.825031  0.606267  0.565389  0.629281  0.680138  0.830362  0.735246  0.592280  0.784073  0.479112  0.665152  0.752234  0.788748  0.786402  0.892139  0.816168  0.665555  0.630362  0.861203  0.785886  0.807901  0.805795  0.716897  0.719834 
24  0.633912  0.577632  0.663518  0.738759  0.648568  0.738815  0.719066  0.667004  0.797442  0.630913  0.660148  0.530902  0.758642  0.453512  0.871669  0.616045  0.737164  0.659577  0.772250  0.610508  0.637409  0.588291  0.755691  0.691199 0.0  0.594691  0.721568  0.508861  0.341775  0.654625  0.641268  0.836065  0.696768  0.461471  0.528048  0.733221  0.395284  0.573048  0.750813  0.649354  0.609175  0.730071  0.504323  0.686655  1.000000  0.657380  0.661848  0.659985  0.756245  0.729194  0.652473  0.775533  0.713388  0.748046  0.447545  0.635647  0.817974  0.719616  0.668976  0.718392  0.700398  0.667261  0.723427  0.343783  0.560433  0.503877  0.760719  0.663971  0.510217  0.714546  0.621257  0.634730  0.485040  0.561159  0.638345  0.520185  0.494335  0.501043  0.616559  0.662992  0.620358  0.535050  0.494399  0.394054  0.474066  0.746422  0.415683  0.650616  0.390427 
25  0.866016  0.822144  0.671404  0.692745  0.753835  0.564181  0.700666  0.764377  0.782216  0.582809  0.678245  0.513271  0.655529  0.574897  0.726527  0.480621  0.772191  0.572544  0.716259  0.536271  0.793303  0.483212  0.679577  0.933852  0.594691 0.0  0.806585  0.485205  0.698964  0.831895  0.769906  0.852262  0.745114  0.575421  0.524482  0.464155  0.517175  0.575401  0.872605  0.838310  0.805222  0.773216  0.565949  0.829517  0.893250  0.864272  0.677190  0.740514  0.711572  0.644203  0.721014  0.846631  0.798279  0.730888  0.549926  0.856050  0.617124  0.469236  0.761793  0.701455  0.863677  0.745902  0.473556  0.640229  0.649512  0.488192  0.669718  0.739913  0.730971  0.676869  0.470248  0.650382  0.673367  0.477703  0.719688  0.569010  0.543907  0.356015  0.419105  0.466979  0.518398  0.653950  0.684172  0.572298  0.494401  0.558714  0.544581  0.753942  0.597094 
26  0.839050  0.606184  0.701265  0.862693  0.738368  0.883172  0.661855  0.784189  0.819489  0.750830  0.776284  0.825506  0.836249  0.692373  0.801568  0.776466  0.338221  0.800423  0.732537  0.855025  0.790429  0.863055  0.859591  0.860058  0.721568  0.806585 0.0  0.739728  0.756269  0.733420  0.569736  0.807353  0.775075  0.756563  0.781597  0.752517  0.667937  0.805855  0.697152  0.804845  0.584048  0.795683  0.843765  0.783082  0.764881  0.648800  0.856761  0.583514  0.766510  0.670050  0.657702  0.839066  0.838378  0.386849  0.741475  0.653220  0.733619  0.810653  0.853230  0.862851  0.820878  0.834064  0.683394  0.669015  0.739900  0.754298  0.707749  0.818662  0.659160  0.770311  0.657982  0.793909  0.865122  0.720232  0.727272  0.684435  0.736030  0.777493  0.667029  0.871572  0.733372  0.791326  0.644201  0.756092  0.891082  0.753567  0.707305  0.724164  0.769673 
27  0.787246  0.829345  0.639463  0.790147  0.730824  0.492959  0.460773  0.753643  0.747867  0.485093  0.567356  0.680231  0.880724  0.466016  0.844129  0.501388  0.697485  0.462423  0.781865  0.519277  0.651133  0.549778  0.611815  0.789032  0.508861  0.485205  0.739728 0.0  0.620052  0.810670  0.702584  0.708944  0.829903  0.710191  0.363738  0.499051  0.504454  0.680927  0.745117  0.761204  0.671733  0.620814  0.593256  0.806406  0.700408  0.794396  0.791302  0.666045  0.667391  0.497991  0.734934  0.771269  0.923071  0.612358  0.589845  0.698752  0.632911  0.532969  0.702721  0.891544  0.731787  0.820294  0.416640  0.678102  0.603971  0.653860  0.769810  0.812353  0.730666  0.752477  0.421031  0.550423  0.681261  0.626494  0.882041  0.538104  0.691925  0.557870  0.616324  0.481395  0.257175  0.689038  0.754616  0.529526  0.593959  0.432377  0.567642  0.823838  0.608626 
28  0.752400  0.632080  0.595390  0.622447  0.635699  0.766741  0.777871  0.712490  0.526551  0.690175  0.749783  0.416260  0.568939  0.600611  0.771307  0.433340  0.737147  0.612366  0.698348  0.665712  0.560367  0.528890  0.836563  0.669215  0.341775  0.698964  0.756269  0.620052 0.0  0.712961  0.618527  0.869089  0.629355  0.555025  0.739963  0.812482  0.660528  0.521136  0.668505  0.537918  0.687258  0.644778  0.443238  0.741208  0.968909  0.610254  0.596081  0.590076  0.646670  0.562789  0.605530  0.772908  0.651709  0.859752  0.485731  0.744293  0.663530  0.682380  0.656019  0.657134  0.578382  0.764299  0.614649  0.434989  0.622945  0.575779  0.692116  0.810986  0.609934  0.640478  0.500841  0.390865  0.454775  0.629351  0.491715  0.387595  0.361289  0.559660  0.555309  0.620852  0.672016  0.502394  0.482245  0.535575  0.409553  0.628173  0.576238  0.721717  0.476684 
29  0.593215  0.319026  0.614586  0.720264  0.567602  0.707256  0.701123  0.643003  0.324858  0.828592  0.656553  0.619626  0.474233  0.883193  0.699830  0.731195  0.841707  0.805672  0.857091  0.716450  0.668750  0.701953  0.561014  0.624594  0.654625  0.831895  0.733420  0.810670  0.712961 0.0  0.612253  0.749208  0.658147  0.629317  0.774095  0.718648  0.682486  0.604627  0.770355  0.696160  0.695832  0.673295  0.723123  0.486157  0.758649  0.417200  0.645909  0.391682  0.598003  0.674365  0.531821  0.706601  0.661729  0.847442  0.787996  0.464009  0.672254  0.801562  0.676373  0.597500  0.542571  0.430666  0.779057  0.759381  0.886416  0.745957  0.599125  0.612149  0.558506  0.612047  0.700783  0.615523  0.728545  0.913884  0.613861  0.677790  0.656480  0.783488  0.795676  0.945546  0.840392  0.659375  0.527006  0.815782  0.711515  0.813892  0.685356  0.409284  0.759204 
30  0.584181  0.566188  0.598195  0.613338  0.538555  0.814720  0.660992  0.541232  0.637324  0.716840  0.567440  0.653776  0.613454  0.720427  0.647699  0.703174  0.732309  0.847319  0.707582  0.682117  0.610924  0.864836  0.744974  0.611298  0.641268  0.769906  0.569736  0.702584  0.618527  0.612253 0.0  0.760963  0.627232  0.724239  0.783226  0.789508  0.714869  0.626632  0.632562  0.631354  0.626639  0.669789  0.689948  0.766833  0.736611  0.639180  0.646315  0.533315  0.577730  0.796039  0.627481  0.691004  0.544947  0.753551  0.808971  0.626749  0.761751  0.830816  0.534493  0.490815  0.512216  0.536756  0.781453  0.707761  0.844128  0.710401  0.650238  0.464866  0.393905  0.632632  0.838685  0.625022  0.625924  0.627341  0.640057  0.642168  0.859932  0.723899  0.731987  0.742205  0.674468  0.686661  0.618493  0.791990  0.681704  0.836311  0.776398  0.537418  0.710980 
31  0.617741  0.804123  0.734835  0.693365  0.706056  0.735075  0.658650  0.486251  0.860740  0.821066  0.642239  0.883294  0.853305  0.834421  0.480046  0.710675  0.809943  0.788916  0.482946  0.664746  0.661320  0.784497  0.719728  0.445071  0.836065  0.852262  0.807353  0.708944  0.869089  0.749208  0.760963 0.0  0.788370  0.817888  0.765993  0.851314  0.761188  0.720114  0.414286  0.618488  0.707423  0.614889  0.901802  0.743112  0.464546  0.764649  0.781746  0.755489  0.555290  0.805041  0.755409  0.529600  0.537017  0.829426  0.819425  0.821063  0.676704  0.861792  0.696063  0.564310  0.432572  0.813175  0.741049  0.831830  0.759803  0.828215  0.860956  0.750851  0.719942  0.829509  0.888462  0.793460  0.736364  0.818428  0.608104  0.806202  0.819638  0.785530  0.806025  0.799754  0.789778  0.789177  0.814564  0.697905  0.798908  0.878083  0.727682  0.786476  0.790759 
32  0.662856  0.553699  0.657673  0.573071  0.654309  0.757588  0.527573  0.543835  0.513473  0.912772  0.711116  0.717388  0.574332  0.828225  0.716704  0.596667  0.861591  0.764409  0.768848  0.726651  0.656827  0.703860  0.829022  0.640430  0.696768  0.745114  0.775075  0.829903  0.629355  0.658147  0.627232  0.788370 0.0  0.617996  0.608936  0.642244  0.760937  0.576402  0.655100  0.422066  0.447184  0.391587  0.649743  0.826766  0.841032  0.655853  0.582282  0.553251  0.514424  0.691987  0.591387  0.643189  0.627369  0.697386  0.664490  0.654674  0.782268  0.666703  0.534644  0.723650  0.629792  0.579353  0.583103  0.647496  0.797553  0.596042  0.581122  0.661849  0.669040  0.565902  0.756937  0.567092  0.730034  0.647130  0.635969  0.651210  0.520365  0.747365  0.794652  0.761329  0.843380  0.672422  0.552925  0.797586  0.564354  0.746674  0.772560  0.673368  0.740428 
33  0.705527  0.749632  0.743298  0.682848  0.695467  0.804328  0.739361  0.571771  0.694614  0.738414  0.589510  0.367557  0.606598  0.677937  0.687551  0.565284  0.780451  0.834649  0.770560  0.689172  0.656569  0.667356  0.771605  0.796242  0.461471  0.575421  0.756563  0.710191  0.555025  0.629317  0.724239  0.817888  0.617996 0.0  0.692338  0.816180  0.725720  0.393159  0.734959  0.667652  0.685506  0.619244  0.507751  0.788896  0.785163  0.713110  0.543443  0.674070  0.597679  0.530025  0.585195  0.785255  0.692564  0.882417  0.606867  0.748535  0.711585  0.614029  0.657619  0.630368  0.605782  0.597505  0.635595  0.639359  0.682416  0.648938  0.616782  0.656289  0.583214  0.559857  0.576932  0.433666  0.571289  0.650552  0.626431  0.560633  0.608558  0.598266  0.750448  0.745699  0.703563  0.353022  0.524708  0.612603  0.484326  0.678306  0.692527  0.678559  0.484985 
34  0.846323  0.707641  0.739824  0.796920  0.868151  0.499413  0.681365  0.834395  0.893415  0.615089  0.606054  0.633520  0.735008  0.440402  0.838427  0.417136  0.641316  0.519268  0.656964  0.488065  0.842431  0.477541  0.683264  0.815864  0.528048  0.524482  0.781597  0.363738  0.739963  0.774095  0.783226  0.765993  0.608936  0.692338 0.0  0.342581  0.549657  0.716107  0.810115  0.845741  0.807841  0.673204  0.605432  0.873055  0.777597  0.783239  0.583431  0.824690  0.818746  0.453633  0.711359  0.809940  0.835061  0.766895  0.475590  0.750976  0.757888  0.354688  0.726659  0.790583  0.799570  0.697768  0.395891  0.760409  0.523938  0.541976  0.668674  0.786233  0.771861  0.855364  0.607196  0.624050  0.832151  0.496078  0.747432  0.626044  0.579749  0.446002  0.440753  0.296912  0.322433  0.579385  0.711652  0.628804  0.711781  0.391439  0.709941  0.950551  0.666979 
35  0.972565  0.786992  0.685805  0.708042  0.740939  0.495877  0.565624  0.807456  0.683848  0.585621  0.720243  0.566802  0.689499  0.571590  0.686652  0.390286  0.681784  0.484137  0.579406  0.602218  0.846748  0.502529  0.792114  0.920414  0.733221  0.464155  0.752517  0.499051  0.812482  0.718648  0.789508  0.851314  0.642244  0.816180  0.342581 0.0  0.554935  0.625621  0.879015  0.816035  0.848460  0.726174  0.669499  0.850113  0.791905  0.745475  0.609854  0.801042  0.721892  0.398620  0.729134  0.769736  0.756172  0.746653  0.419235  0.831241  0.640355  0.516984  0.760707  0.796806  0.815562  0.785623  0.384832  0.770476  0.650133  0.578723  0.704232  0.706107  0.828019  0.903215  0.502682  0.639222  0.708167  0.466384  0.762564  0.643863  0.722331  0.407869  0.578238  0.365832  0.452345  0.712925  0.691396  0.502674  0.585815  0.447124  0.714081  0.809208  0.664377 
36  0.840262  0.748804  0.705366  0.751835  0.797243  0.668534  0.527284  0.829358  0.740258  0.388219  0.653594  0.703705  0.809962  0.415837  0.799557  0.684371  0.709701  0.540828  0.629500  0.571405  0.693630  0.497971  0.642382  0.840190  0.395284  0.517175  0.667937  0.504454  0.660528  0.682486  0.714869  0.761188  0.760937  0.725720  0.549657  0.554935 0.0  0.670140  0.801193  0.864522  0.623203  0.743498  0.577664  0.841675  0.829519  0.725240  0.727212  0.663609  0.834911  0.779363  0.655668  0.819035  0.756261  0.757252  0.262580  0.806561  0.597936  0.562033  0.869819  0.818619  0.785601  0.795056  0.604237  0.444272  0.591950  0.401428  0.772908  0.855231  0.741693  0.761794  0.429647  0.631203  0.526028  0.551211  0.699829  0.630958  0.594425  0.392371  0.502757  0.574364  0.567642  0.744288  0.581245  0.356049  0.501028  0.660853  0.305159  0.766625  0.330431 
37  0.713078  0.678456  0.685342  0.697123  0.653658  0.800868  0.811597  0.653846  0.547838  0.613509  0.704273  0.412206  0.574740  0.692876  0.619751  0.524058  0.727834  0.815198  0.857661  0.722150  0.646698  0.718724  0.871397  0.646246  0.573048  0.575401  0.805855  0.680927  0.521136  0.604627  0.626632  0.720114  0.576402  0.393159  0.716107  0.625621  0.670140 0.0  0.856222  0.646030  0.684060  0.687050  0.358940  0.824810  0.808303  0.632580  0.658491  0.807912  0.575670  0.569288  0.574748  0.877415  0.668809  0.878131  0.592775  0.626982  0.740063  0.707116  0.717244  0.635908  0.678875  0.658875  0.735814  0.644998  0.696105  0.640046  0.671775  0.693008  0.667789  0.465325  0.524392  0.547332  0.501469  0.635549  0.592251  0.378752  0.463338  0.495811  0.532889  0.716820  0.821568  0.437803  0.540904  0.637878  0.544245  0.691321  0.634349  0.646601  0.582629 
38  0.528842  0.735085  0.672926  0.549625  0.567943  0.648834  0.784063  0.455486  0.723344  0.915189  0.653344  0.705181  0.671272  0.917515  0.549989  0.824901  0.819579  0.728008  0.486217  0.699831  0.586072  0.814419  0.725406  0.448840  0.750813  0.872605  0.697152  0.745117  0.668505  0.770355  0.632562  0.414286  0.655100  0.734959  0.810115  0.879015  0.801193  0.856222 0.0  0.573952  0.626707  0.432645  0.868149  0.782024  0.562536  0.629570  0.656996  0.566092  0.492632  0.788549  0.563540  0.567855  0.510816  0.743472  0.733987  0.658374  0.676774  0.811627  0.593664  0.508118  0.522332  0.585883  0.837050  0.740970  0.798345  0.857874  0.605631  0.470300  0.528618  0.802187  0.810782  0.867860  0.710669  0.816126  0.575396  0.552257  0.798732  0.637626  0.825146  0.803572  0.791570  0.670876  0.643110  0.781510  0.782374  0.855692  0.697144  0.661420  0.725879 
39  0.413561  0.631610  0.601281  0.718221  0.598138  0.679041  0.770087  0.560272  0.710836  0.765450  0.744636  0.659052  0.591645  0.821706  0.880599  0.684429  0.851884  0.704641  0.688563  0.819948  0.562628  0.871506  0.633536  0.594186  0.649354  0.838310  0.804845  0.761204  0.537918  0.696160  0.631354  0.618488  0.422066  0.667652  0.845741  0.816035  0.864522  0.646030  0.573952 0.0  0.539330  0.477698  0.753608  0.611896  0.666457  0.816899  0.669331  0.709059  0.673196  0.760050  0.630066  0.690554  0.564066  0.847931  0.807958  0.618727  0.786610  0.788891  0.758582  0.592636  0.605794  0.601315  0.828109  0.696596  0.682707  0.782567  0.592251  0.636823  0.738405  0.693389  0.825391  0.673046  0.649025  0.745884  0.531596  0.681087  0.590025  0.831360  0.776328  0.780009  0.834674  0.639257  0.718870  0.766840  0.737861  0.845183  0.636630  0.647420  0.793868 
40  0.664152  0.492000  0.608685  0.603362  0.624443  0.828872  0.668910  0.587427  0.537774  0.765982  0.704526  0.697653  0.640678  0.735105  0.765878  0.835007  0.816502  0.750148  0.717681  0.825343  0.641539  0.627628  0.804422  0.586009  0.609175  0.805222  0.584048  0.671733  0.687258  0.695832  0.626639  0.707423  0.447184  0.685506  0.807841  0.848460  0.623203  0.684060  0.626707  0.539330 0.0  0.410165  0.658238  0.570353  0.792989  0.599976  0.691549  0.584959  0.677338  0.679742  0.676080  0.780978  0.641588  0.838368  0.749841  0.426571  0.658416  0.720795  0.623108  0.679224  0.545599  0.592994  0.773764  0.632223  0.818711  0.676002  0.637576  0.608309  0.571554  0.831183  0.723773  0.633064  0.703749  0.707066  0.672104  0.656081  0.680082  0.742833  0.639577  0.724302  0.746719  0.772705  0.555603  0.740488  0.772612  0.816095  0.620410  0.593165  0.647262 
41  0.700526  0.733365  0.625449  0.598267  0.524947  0.702349  0.744018  0.607532  0.633866  0.849046  0.727006  0.621634  0.671391  0.786864  0.815789  0.771316  0.858464  0.669558  0.707543  0.772297  0.522282  0.788215  0.726038  0.335629  0.730071  0.773216  0.795683  0.620814  0.644778  0.673295  0.669789  0.614889  0.391587  0.619244  0.673204  0.726174  0.743498  0.687050  0.432645  0.477698  0.410165 0.0  0.656832  0.845583  0.748074  0.638086  0.628963  0.541917  0.662365  0.767642  0.630180  0.711491  0.486903  0.759850  0.787982  0.581461  0.591926  0.801284  0.594949  0.537600  0.602880  0.632263  0.725883  0.680127  0.583142  0.758362  0.601295  0.591130  0.672284  0.668324  0.706620  0.649300  0.598201  0.832056  0.510576  0.738556  0.672250  0.719078  0.772951  0.713506  0.754835  0.717323  0.591827  0.797969  0.649890  0.700472  0.740651  0.654280  0.726117 
42  0.615244  0.727441  0.649898  0.648567  0.638329  0.779672  0.702589  0.588695  0.673270  0.605281  0.605202  0.489478  0.600123  0.714796  0.811431  0.609503  0.888460  0.789680  0.763118  0.580335  0.681092  0.579362  0.873864  0.756436  0.504323  0.565949  0.843765  0.593256  0.443238  0.723123  0.689948  0.901802  0.649743  0.507751  0.605432  0.669499  0.577664  0.358940  0.868149  0.753608  0.658238  0.656832 0.0  0.936622  0.820379  0.644448  0.578164  0.679766  0.639344  0.585836  0.642723  0.859845  0.749301  0.837003  0.472233  0.760357  0.694466  0.773190  0.685362  0.758911  0.776578  0.580546  0.633960  0.456890  0.535358  0.614851  0.554945  0.613934  0.648876  0.642300  0.580407  0.494558  0.484422  0.690749  0.680077  0.351859  0.354889  0.488187  0.528995  0.611300  0.726252  0.358676  0.458731  0.701988  0.506720  0.618539  0.621118  0.807640  0.514283 
43  0.765797  0.577158  0.658784  0.858798  0.765160  0.838919  0.610188  0.826038  0.462339  0.875685  0.594422  0.848095  0.596770  0.683593  0.509506  0.618133  0.697197  0.795264  0.820434  0.760757  0.785088  0.767562  0.811899  0.791966  0.686655  0.829517  0.783082  0.806406  0.741208  0.486157  0.766833  0.743112  0.826766  0.788896  0.873055  0.850113  0.841675  0.824810  0.782024  0.611896  0.570353  0.845583  0.936622 0.0  0.748908  0.431115  0.825667  0.528619  0.730274  0.757733  0.780075  0.877867  0.861822  0.712725  0.819213  0.524000  0.810649  0.834095  0.750793  0.752739  0.781185  0.507732  0.790624  0.722964  0.835628  0.767168  0.699564  0.669584  0.791318  0.757001  0.706433  0.905289  0.693592  0.680542  0.671648  0.756539  0.839926  0.785043  0.695184  0.764268  0.807876  0.864283  0.740636  0.823997  0.825008  0.862405  0.614261  0.545027  0.639971 
44  0.494583  0.827588  0.811253  0.600879  0.669496  0.720956  0.850856  0.453088  0.836018  0.843588  0.629332  0.793144  0.742598  0.863921  0.547506  0.811489  0.790341  0.792178  0.674621  0.568621  0.733059  0.919671  0.679768  0.711669  1.000000  0.893250  0.764881  0.700408  0.968909  0.758649  0.736611  0.464546  0.841032  0.785163  0.777597  0.791905  0.829519  0.808303  0.562536  0.666457  0.792989  0.748074  0.820379  0.748908 0.0  0.724049  0.728896  0.746235  0.651269  0.767560  0.794670  0.348117  0.498763  0.745900  0.663050  0.836430  0.583697  0.751113  0.482406  0.504325  0.534923  0.717340  0.814915  0.826553  0.789472  0.855478  0.722019  0.526692  0.781927  0.752008  0.787127  0.739269  0.812996  0.845123  0.532824  0.665757  0.788717  0.712909  0.849948  0.754313  0.852710  0.746658  0.819263  0.861454  0.669752  0.867583  0.822774  0.769985  0.749842 
