89
0 0.0  0.740014  0.693943  0.413490  0.564099  0.722534  0.724748  0.492229  0.664908  0.933338  0.679560  0.720128  0.598591  0.905746  0.680244  0.627883  0.887273  0.651548  0.620772  0.752912  0.477287  0.714940  0.701082  0.538392  0.723998  0.718829  0.832961  0.812874  0.723625  0.665832  0.504597  0.653764  0.697166  0.657406  0.834045  0.857791  0.908191  0.722676  0.458962  0.596261  0.685068  0.536535  0.691844  0.778896  0.593323  0.648236  0.674553  0.654090  0.445136  0.799804  0.638026  0.473151  0.384510  0.854700  0.887498  0.789807  0.651186  0.812973  0.377438  0.287039  0.487874  0.658857  0.793243  0.668747  0.848671  0.696473  0.773634  0.400926  0.744814  0.662816  0.811764  0.703017  0.763349  0.857161  0.433696  0.581083  0.750688  0.834459  0.846070  0.871338  0.841632  0.684678  0.693815  0.792189  0.829495  0.880873  0.674330  0.617587  0.678261 
1  0.740014 0.0  0.650839  0.628021  0.679943  0.746648  0.667539  0.651548  0.443702  0.866313  0.753084  0.777197  0.545034  0.745518  0.697192  0.783213  0.612304  0.741237  0.742002  0.741855  0.571696  0.846284  0.719985  0.666796  0.714645  0.838354  0.652075  0.702563  0.680004  0.367579  0.499971  0.772326  0.622232  0.648150  0.870659  0.850729  0.802099  0.694908  0.700381  0.590334  0.507880  0.704598  0.691323  0.536685  0.870946  0.340622  0.627201  0.422681  0.647421  0.657491  0.600404  0.744776  0.641201  0.779459  0.699700  0.516866  0.753275  0.859181  0.716740  0.749025  0.700761  0.517130  0.890783  0.664460  0.836491  0.873133  0.635663  0.646070  0.433706  0.650163  0.681555  0.663351  0.617257  0.737140  0.556204  0.653043  0.772220  0.808721  0.862536  0.822384  0.784917  0.638010  0.621487  0.845051  0.827036  0.794297  0.768781  0.416735  0.802614 
2  0.693943  0.650839 0.0  0.586508  0.505845  0.820807  0.753265  0.637426  0.680407  0.900988  0.422628  0.587943  0.597001  0.784383  0.731084  0.533901  0.754722  0.813307  0.710833  0.746782  0.550637  0.753822  0.653419  0.501010  0.602185  0.815490  0.737833  0.772177  0.741308  0.499026  0.489654  0.720737  0.649765  0.545325  0.734499  0.820611  0.799289  0.569296  0.616384  0.693104  0.645870  0.651112  0.598617  0.671754  0.741791  0.660945  0.430855  0.645836  0.587671  0.753654  0.457532  0.651223  0.613810  0.811284  0.762185  0.605131  0.519191  0.869513  0.621660  0.607468  0.654459  0.467200  0.691099  0.696632  0.759032  0.782433  0.507179  0.596311  0.380162  0.574691  0.783540  0.661139  0.654744  0.642199  0.574934  0.554525  0.682066  0.758587  0.700454  0.741462  0.755693  0.544327  0.733251  0.643377  0.605562  0.642885  0.748506  0.652290  0.831173 
3  0.413490  0.628021  0.586508 0.0  0.639148  0.833061  0.761903  0.462544  0.621445  0.994533  0.741832  0.690305  0.595454  0.899814  0.621869  0.562394  0.789998  0.862933  0.701764  0.602562  0.662415  0.827587  0.794011  0.631291  0.733187  0.775371  0.820792  0.734366  0.648681  0.658775  0.510991  0.614957  0.596011  0.637488  0.864635  0.815420  0.825899  0.614211  0.538899  0.787988  0.658516  0.646409  0.709939  0.704252  0.554977  0.750353  0.563690  0.632231  0.332157  0.678747  0.544576  0.652910  0.485084  0.831882  0.717174  0.778653  0.711073  0.758115  0.349997  0.454479  0.513718  0.676768  0.762773  0.695229  0.846083  0.730664  0.567559  0.477016  0.569543  0.663558  0.899759  0.658377  0.661041  0.783187  0.604248  0.649716  0.651971  0.674044  0.895761  0.831954  0.799197  0.560580  0.611967  0.749451  0.732021  0.776529  0.731748  0.666339  0.712900 
4  0.564099  0.679943  0.505845  0.639148 0.0  0.633393  0.799165  0.620562  0.729506  0.954057  0.285813  0.740519  0.606461  0.838439  0.816411  0.716815  0.803782  0.602748  0.705519  0.805282  0.547372  0.825309  0.431830  0.570814  0.673361  0.769702  0.748182  0.761296  0.631001  0.589450  0.518383  0.578380  0.566331  0.659728  0.779559  0.764476  0.821786  0.693893  0.726611  0.607528  0.660961  0.436750  0.768354  0.843411  0.686697  0.711615  0.543974  0.697833  0.480975  0.698874  0.405995  0.683849  0.509806  0.779606  0.785551  0.561530  0.396312  0.779646  0.549888  0.529597  0.482982  0.537933  0.782448  0.652118  0.717699  0.845042  0.598645  0.560210  0.513163  0.612217  0.805027  0.663055  0.593547  0.782241  0.506567  0.558674  0.729615  0.741592  0.673458  0.866842  0.905147  0.631447  0.652205  0.795967  0.851269  0.859051  0.655625  0.599561  0.704037 
5  0.722534  0.746648  0.820807  0.833061  0.633393 0.0  0.645720  0.708911  0.822697  0.670781  0.644108  0.744290  0.815060  0.556646  0.900831  0.495115  0.652902  0.402981  0.596178  0.480923  0.719455  0.537280  0.659339  0.726161  0.663484  0.601766  0.907110  0.419104  0.782889  0.850576  0.798896  0.763904  0.781910  0.795067  0.443537  0.559875  0.591247  0.712622  0.770576  0.654918  0.796789  0.682927  0.776716  0.803324  0.815020  0.876688  0.661704  0.714176  0.754818  0.486226  0.659921  0.717121  0.624905  0.779406  0.587994  0.922050  0.532810  0.484981  0.936899  0.695014  0.632440  0.688200  0.531981  0.790968  0.505028  0.469585  0.775145  0.848929  0.865910  0.822096  0.508701  0.590312  0.693613  0.515561  0.634568  0.639103  0.834846  0.541976  0.462543  0.591295  0.460804  0.711527  0.640865  0.612660  0.735081  0.553610  0.780552  0.972782  0.602908 
6  0.724748  0.667539  0.753265  0.761903  0.799165  0.645720 0.0  0.729101  0.761314  0.580180  0.704498  0.817257  0.834572  0.590400  0.709528  0.688784  0.641106  0.678591  0.713482  0.644657  0.769031  0.636844  0.703303  0.704139  0.681395  0.638506  0.663977  0.535855  0.740360  0.675575  0.674960  0.685915  0.829050  0.735288  0.771749  0.769307  0.604370  0.836779  0.785263  0.856204  0.676522  0.906095  0.816693  0.755686  0.861437  0.573543  0.715021  0.592173  0.698318  0.752617  0.873844  0.865441  0.735802  0.577594  0.678149  0.760458  0.595732  0.664482  0.696730  0.632059  0.638037  0.648471  0.716803  0.753126  0.778104  0.701286  0.587205  0.729007  0.601963  0.608590  0.566788  0.771495  0.779154  0.617591  0.677531  0.787596  0.780361  0.536636  0.640425  0.722991  0.630078  0.749323  0.687297  0.728597  0.615103  0.623892  0.670129  0.702786  0.686992 
7  0.492229  0.651548  0.637426  0.462544  0.620562  0.708911  0.729101 0.0  0.755251  0.870245  0.619862  0.836581  0.577806  0.823198  0.736687  0.683708  0.826342  0.853246  0.613548  0.671454  0.511876  0.897051  0.675581  0.530816  0.679699  0.735417  0.816867  0.782240  0.605587  0.649625  0.611898  0.679466  0.672585  0.753266  0.875810  0.716068  0.845777  0.711763  0.629924  0.614906  0.685268  0.662750  0.851398  0.769002  0.438137  0.716294  0.555318  0.686391  0.436307  0.812033  0.568025  0.471591  0.240137  0.779311  0.848761  0.753839  0.658933  0.784159  0.509038  0.424943  0.499959  0.654904  0.893653  0.760536  0.797412  0.885444  0.638043  0.411735  0.672761  0.556135  0.779695  0.714226  0.628775  0.815923  0.556090  0.690097  0.725218  0.685879  0.887192  0.896434  0.676496  0.686665  0.584517  0.811957  0.707189  0.754935  0.754271  0.724939  0.675312 
8  0.664908  0.443702  0.680407  0.621445  0.729506  0.822697  0.761314  0.755251 0.0  0.859916  0.580556  0.756877  0.463920  0.865898  0.839429  0.699113  0.786566  0.745625  0.759600  0.848483  0.727538  0.785827  0.833515  0.828383  0.794228  0.764940  0.793382  0.735772  0.722126  0.339946  0.590681  0.766840  0.514634  0.667770  0.694987  0.816732  0.883272  0.700800  0.804686  0.537837  0.601173  0.620130  0.644011  0.595615  0.692111  0.407384  0.645768  0.523906  0.694030  0.744594  0.602685  0.872864  0.677717  0.783178  0.795371  0.497384  0.843678  0.814555  0.556449  0.776155  0.645585  0.480355  0.687323  0.793488  0.898936  0.828460  0.602113  0.574104  0.659992  0.507734  0.872084  0.632576  0.757753  0.735061  0.556653  0.704987  0.629763  0.670640  0.748924  0.911573  0.836141  0.664932  0.662621  0.863048  0.672050  0.827340  0.850540  0.523112  0.651718 
9  0.933338  0.866313  0.900988  0.994533  0.954057  0.670781  0.580180  0.870245  0.859916 0.0  0.759339  0.705418  0.807471  0.511548  0.804454  0.744771  0.712664  0.510935  0.779114  0.690608  0.680429  0.622822  0.650691  0.826372  0.628402  0.452690  0.824251  0.540645  0.532336  0.737328  0.800656  0.900090  0.875508  0.489371  0.600597  0.597800  0.525066  0.654426  0.894079  0.839431  0.699595  0.791497  0.636257  0.801414  0.823804  0.783562  0.741799  0.764078  0.848360  0.759614  0.782568  0.770393  0.890039  0.584167  0.459515  0.757384  0.623990  0.564105  0.757331  0.806877  0.847962  0.767399  0.568546  0.589512  0.281675  0.459244  0.869359  0.867322  0.676190  0.782786  0.435463  0.670520  0.582274  0.377888  0.667429  0.533549  0.627427  0.426857  0.519255  0.484960  0.626899  0.661059  0.608367  0.432294  0.511278  0.753042  0.431515  0.773532  0.569284 
10  0.679560  0.753084  0.422628  0.741832  0.285813  0.644108  0.704498  0.619862  0.580556  0.759339 0.0  0.685017  0.749757  0.704529  0.759401  0.640412  0.737405  0.704038  0.639075  0.596770  0.484961  0.665029  0.510344  0.695952  0.761696  0.743682  0.716351  0.647645  0.681076  0.716818  0.623345  0.739205  0.804443  0.691782  0.732655  0.605074  0.650742  0.631291  0.608243  0.759583  0.683219  0.789792  0.760623  0.725954  0.743191  0.718640  0.590450  0.642004  0.646015  0.735809  0.556748  0.774136  0.665141  0.778393  0.702935  0.704432  0.423970  0.792414  0.613702  0.613608  0.683528  0.634111  0.678534  0.680862  0.711595  0.717291  0.819857  0.738350  0.594639  0.613046  0.673408  0.760868  0.687085  0.599783  0.491703  0.638738  0.753982  0.569272  0.710951  0.693624  0.694028  0.601917  0.577469  0.667599  0.709385  0.673459  0.614575  0.691304  0.700343 
11  0.720128  0.777197  0.587943  0.690305  0.740519  0.744290  0.817257  0.836581  0.756877  0.705418  0.685017 0.0  0.623119  0.659674  0.884161  0.495322  0.832533  0.674161  0.973350  0.635908  0.608206  0.660192  0.734662  0.741188  0.519231  0.516461  0.770064  0.617667  0.426963  0.671445  0.633661  0.877579  0.480069  0.466015  0.656095  0.690072  0.600042  0.355182  0.717846  0.734632  0.722783  0.739758  0.494572  0.737637  0.749675  0.680029  0.541229  0.673587  0.652387  0.594310  0.657892  0.799924  0.647811  0.797211  0.644049  0.728073  0.800324  0.728871  0.621444  0.756852  0.769058  0.691574  0.627952  0.605952  0.556180  0.595452  0.676947  0.586186  0.655047  0.612283  0.733552  0.356866  0.421255  0.578884  0.658488  0.320066  0.409824  0.491948  0.479650  0.629555  0.651358  0.440955  0.386631  0.612462  0.350484  0.614928  0.674747  0.778836  0.652904 
12  0.598591  0.545034  0.597001  0.595454  0.606461  0.815060  0.834572  0.577806  0.463920  0.807471  0.749757  0.623119 0.0  0.880220  0.779348  0.736986  0.721356  0.713702  0.819799  0.658666  0.740406  0.787219  0.857492  0.655642  0.622485  0.636336  0.740481  0.790867  0.662821  0.610801  0.633845  0.800213  0.483560  0.580077  0.659164  0.665464  0.923714  0.642902  0.583682  0.615121  0.506417  0.567744  0.527238  0.643446  0.787116  0.524921  0.717633  0.542698  0.567903  0.664784  0.551396  0.820795  0.577863  0.876385  0.806789  0.489166  0.726047  0.748110  0.622558  0.726937  0.645851  0.592896  0.778785  0.673511  0.791003  0.688075  0.616680  0.599652  0.694645  0.633196  0.820139  0.540965  0.670461  0.787572  0.520724  0.623303  0.717123  0.663861  0.789145  0.696924  0.859560  0.672412  0.739029  0.859538  0.770690  0.841066  0.765976  0.693447  0.797172 
13  0.905746  0.745518  0.784383  0.899814  0.838439  0.556646  0.590400  0.823198  0.865898  0.511548  0.704529  0.659674  0.880220 0.0  0.781151  0.711522  0.758321  0.549219  0.648107  0.604163  0.774287  0.362280  0.612665  0.713237  0.550952  0.520950  0.754745  0.540135  0.528036  0.902387  0.678601  0.870074  0.827874  0.723408  0.614638  0.602706  0.446168  0.612456  0.841917  0.811037  0.687716  0.834687  0.637726  0.785345  0.855456  0.843823  0.875727  0.730083  0.931147  0.665726  0.746299  0.736609  0.839447  0.616281  0.349734  0.676557  0.638768  0.653757  0.941593  0.856691  0.775441  0.818177  0.535219  0.596102  0.509933  0.481952  0.768590  0.818468  0.662376  0.807743  0.424783  0.689272  0.704317  0.459443  0.688562  0.623744  0.683803  0.414608  0.562196  0.496047  0.597411  0.634161  0.532819  0.471906  0.611118  0.681809  0.377184  0.709835  0.392950 
14  0.680244  0.697192  0.731084  0.621869  0.816411  0.900831  0.709528  0.736687  0.839429  0.804454  0.759401  0.884161  0.779348  0.781151 0.0  0.674162  0.938291  0.783830  0.511992  0.664342  0.794183  0.754990  0.823374  0.621364  0.827985  0.706910  0.744701  0.863629  0.679241  0.760764  0.625482  0.501439  0.696745  0.697435  0.691889  0.793717  0.726756  0.797749  0.748066  0.659029  0.768339  0.738550  0.843005  0.825637  0.512723  0.756598  0.686253  0.748609  0.595774  0.724758  0.670582  0.520380  0.619157  0.820082  0.901574  0.873878  0.782551  0.619598  0.519299  0.568548  0.515545  0.796891  0.758413  0.814502  0.860547  0.873905  0.704907  0.579085  0.769111  0.710680  0.815038  0.777815  0.761247  0.856287  0.716740  0.787160  0.741492  0.665486  0.672863  0.732765  0.758710  0.744356  0.804810  0.864885  0.659963  0.764564  0.803773  0.799624  0.710963 
15  0.627883  0.783213  0.533901  0.562394  0.716815  0.495115  0.688784  0.683708  0.699113  0.744771  0.640412  0.495322  0.736986  0.711522  0.674162 0.0  0.956021  0.478938  0.720210  0.531564  0.734390  0.542450  0.842380  0.822155  0.590839  0.617497  0.792069  0.432689  0.490492  0.766996  0.750164  0.682131  0.761490  0.586888  0.370096  0.508508  0.651069  0.674858  0.731020  0.756175  0.807413  0.637650  0.554930  0.709858  0.774728  0.743003  0.580252  0.847940  0.631414  0.506564  0.650910  0.763535  0.711002  0.942860  0.635696  0.760123  0.670462  0.495576  0.608923  0.772618  0.723878  0.821982  0.421257  0.661753  0.540229  0.544335  0.705075  0.709745  0.701259  0.500830  0.666982  0.454475  0.514048  0.591814  0.648462  0.619322  0.542630  0.592706  0.656522  0.450685  0.423718  0.534725  0.646440  0.476125  0.591271  0.401694  0.678276  0.726724  0.644353 
16  0.887273  0.612304  0.754722  0.789998  0.803782  0.652902  0.641106  0.826342  0.786566  0.712664  0.737405  0.832533  0.721356  0.758321  0.938291  0.956021 0.0  0.683555  0.622226  0.819092  0.814999  0.763807  0.669502  0.798605  0.858668  0.874247  0.476957  0.739841  0.803953  0.743023  0.740292  0.819429  0.904583  0.840437  0.743459  0.747511  0.640603  0.817726  0.892158  0.917050  0.696553  0.913888  0.767097  0.793357  0.849269  0.697296  0.961388  0.831627  0.854907  0.774249  0.821465  0.906353  0.748323  0.468487  0.724387  0.784146  0.706947  0.764071  0.817304  0.806890  0.871022  0.804922  0.767585  0.856171  0.640610  0.818867  0.859080  0.870782  0.818809  0.887103  0.714477  0.801968  0.781802  0.673243  0.827011  0.771625  0.865131  0.707140  0.710151  0.824471  0.670854  0.702119  0.754425  0.774698  0.788349  0.672656  0.710065  0.782594  0.708626 
17  0.651548  0.741237  0.813307  0.862933  0.602748  0.402981  0.678591  0.853246  0.745625  0.510935  0.704038  0.674161  0.713702  0.549219  0.783830  0.478938  0.683555 0.0  0.616936  0.712872  0.641173  0.641227  0.543311  0.708976  0.773186  0.477543  0.787014  0.537194  0.570319  0.746435  0.773020  0.733234  0.774192  0.814381  0.494174  0.417632  0.614363  0.738254  0.759242  0.800290  0.740628  0.740366  0.757411  0.824264  0.796270  0.825430  0.656105  0.788774  0.891071  0.528966  0.642216  0.799713  0.669346  0.792627  0.464300  0.781067  0.582348  0.488058  0.794496  0.691441  0.738209  0.716477  0.429921  0.650788  0.539484  0.677763  0.811669  0.922204  0.757691  0.774617  0.667913  0.699854  0.560399  0.502086  0.678157  0.641197  0.696667  0.543170  0.527108  0.478906  0.427748  0.656499  0.750406  0.457984  0.762699  0.501478  0.635645  0.683684  0.676073 
18  0.620772  0.742002  0.710833  0.701764  0.705519  0.596178  0.713482  0.613548  0.759600  0.779114  0.639075  0.973350  0.819799  0.648107  0.511992  0.720210  0.622226  0.616936 0.0  0.562156  0.675833  0.674310  0.514828  0.525471  0.757722  0.666205  0.745987  0.648897  0.787981  0.599367  0.645316  0.622781  0.876266  0.886073  0.728853  0.795884  0.734932  0.817668  0.557614  0.792281  0.857847  0.707105  0.925611  0.911533  0.546675  0.868194  0.709799  0.751931  0.797753  0.701122  0.634385  0.603958  0.636143  0.687420  0.575923  0.854552  0.567550  0.764243  0.693662  0.610953  0.603136  0.720122  0.799692  0.810587  0.646185  0.682610  0.924881  0.728863  0.845148  0.793507  0.654444  0.845591  0.754870  0.642946  0.711961  0.653278  0.822553  0.568080  0.593077  0.567085  0.698311  0.843728  0.799963  0.663856  0.786335  0.771394  0.715879  0.913971  0.598503 
19  0.752912  0.741855  0.746782  0.602562  0.805282  0.480923  0.644657  0.671454  0.848483  0.690608  0.596770  0.635908  0.658666  0.604163  0.664342  0.531564  0.819092  0.712872  0.562156 0.0  0.862124  0.584407  0.634325  0.657980  0.854063  0.531830  0.824968  0.560120  0.674835  0.854623  0.613759  0.680117  0.705545  0.671938  0.532260  0.511840  0.580384  0.659271  0.696275  0.789057  0.736708  0.716412  0.656935  0.817389  0.604339  0.689395  0.626752  0.783074  0.626311  0.629858  0.641874  0.592544  0.529362  0.712573  0.696577  0.828037  0.577055  0.582877  0.648659  0.675712  0.804480  0.772078  0.473009  0.876184  0.724312  0.611270  0.724018  0.560407  0.635697  0.933534  0.670469  0.537692  0.811757  0.662667  0.746901  0.729760  0.688749  0.631470  0.558480  0.495456  0.636231  0.720189  0.647426  0.552179  0.623236  0.550100  0.701588  0.866912  0.731933 
20  0.477287  0.571696  0.550637  0.662415  0.547372  0.719455  0.769031  0.511876  0.727538  0.680429  0.484961  0.608206  0.740406  0.774287  0.794183  0.734390  0.814999  0.641173  0.675833  0.862124 0.0  0.795380  0.565527  0.499035  0.712351  0.886087  0.836398  0.659212  0.589593  0.554303  0.661455  0.864340  0.719445  0.647191  0.805375  0.910564  0.751092  0.707877  0.569501  0.624782  0.714285  0.541716  0.734160  0.784177  0.565153  0.610680  0.487883  0.613461  0.603827  0.837113  0.371353  0.689568  0.671678  0.878330  0.745011  0.674103  0.461288  0.690622  0.700801  0.510877  0.517471  0.472194  0.750908  0.610679  0.768474  0.844169  0.682114  0.663296  0.623504  0.694484  0.813533  0.643550  0.721026  0.782299  0.741322  0.623243  0.753117  0.754254  0.712409  0.741575  0.704243  0.740687  0.661432  0.839668  0.751378  0.779292  0.784650  0.679918  0.610649 
21  0.714940  0.846284  0.753822  0.827587  0.825309  0.537280  0.636844  0.897051  0.785827  0.622822  0.665029  0.660192  0.787219  0.362280  0.754990  0.542450  0.763807  0.641227  0.674310  0.584407  0.795380 0.0  0.655160  0.875495  0.565658  0.481562  0.896552  0.607556  0.574885  0.824135  0.742516  0.870084  0.791367  0.570647  0.608035  0.569266  0.341863  0.476431  0.888755  0.845507  0.820784  0.821204  0.510894  0.789343  0.744738  0.804432  0.566831  0.731869  0.729490  0.547252  0.738919  0.807727  0.813685  0.747997  0.315091  0.765106  0.786569  0.526081  0.763783  0.757359  0.854246  0.863512  0.672679  0.561189  0.502578  0.316450  0.833790  0.848612  0.822671  0.761554  0.515622  0.544835  0.560753  0.502942  0.719713  0.679662  0.573900  0.347201  0.463101  0.542671  0.689722  0.753624  0.684652  0.348342  0.632891  0.587134  0.426499  0.951436  0.575834 
22  0.701082  0.719985  0.653419  0.794011  0.431830  0.659339  0.703303  0.675581  0.833515  0.650691  0.510344  0.734662  0.857492  0.612665  0.823374  0.842380  0.669502  0.543311  0.514828  0.634325  0.565527  0.655160 0.0  0.781488  0.794010  0.701090  0.852201  0.600526  0.717868  0.747234  0.690986  0.727932  0.634674  0.681102  0.586283  0.723756  0.699440  0.845405  0.662374  0.738101  0.900203  0.700696  0.853393  0.792640  0.616165  0.673139  0.630509  0.792406  0.725197  0.725738  0.593376  0.693403  0.713790  0.652808  0.676648  0.753441  0.245760  0.580139  0.792171  0.544761  0.693080  0.805340  0.651394  0.792899  0.480282  0.700386  0.695292  0.700724  0.582071  0.799368  0.675749  0.725307  0.752038  0.693475  0.673502  0.733413  0.882604  0.627743  0.691718  0.808475  0.751216  0.684749  0.755629  0.605981  0.769573  0.696827  0.739035  0.739596  0.628941 
23  0.538392  0.666796  0.501010  0.631291  0.570814  0.726161  0.704139  0.530816  0.828383  0.826372  0.695952  0.741188  0.655642  0.713237  0.621364  0.822155  0.798605  0.708976  0.525471  0.657980  0.499035  0.875495  0.781488 0.0  0.640778  0.852615  0.831240  0.819102  0.683147  0.697012  0.642805  0.419577  0.549946  0.785386  0.765438  0.832378  0.849979  0.692925  0.429583  0.593732  0.702338  0.647145  0.798688  0.810906  0.585697  0.725493  0.495756  0.677258  0.676036  0.744387  0.620215  0.564686  0.535503  0.782622  0.770886  0.756387  0.717977  0.985037  0.564000  0.434165  0.388230  0.586660  0.905607  0.627037  0.881194  0.893838  0.646389  0.555179  0.646621  0.711202  0.860579  0.750547  0.619631  0.845532  0.520791  0.622974  0.708565  0.644435  0.744769  0.889402  0.784294  0.649483  0.651524  0.780080  0.810327  0.898115  0.784197  0.792137  0.827903 
24  0.723998  0.714645  0.602185  0.733187  0.673361  0.663484  0.681395  0.679699  0.794228  0.628402  0.761696  0.519231  0.622485  0.550952  0.827985  0.590839  0.858668  0.773186  0.757722  0.854063  0.712351  0.565658  0.794010  0.640778 0.0  0.708314  0.728965  0.619852  0.490322  0.725163  0.581545  0.796613  0.694989  0.565637  0.690055  0.758674  0.416059  0.511793  0.634979  0.713746  0.475085  0.750752  0.516174  0.692448  0.898304  0.631027  0.710883  0.769986  0.752713  0.752461  0.704264  0.937533  0.702931  0.802535  0.511055  0.593824  0.920081  0.864688  0.735042  0.631394  0.762552  0.743089  0.774347  0.424782  0.696919  0.513959  0.613656  0.660579  0.507077  0.697392  0.595450  0.583249  0.432968  0.439793  0.590541  0.520369  0.499283  0.649737  0.639005  0.758328  0.688874  0.545414  0.478758  0.377071  0.448899  0.630888  0.430650  0.738889  0.361003 
25  0.718829  0.838354  0.815490  0.775371  0.769702  0.601766  0.638506  0.735417  0.764940  0.452690  0.743682  0.516461  0.636336  0.520950  0.706910  0.617497  0.874247  0.477543  0.666205  0.531830  0.886087  0.481562  0.701090  0.852615  0.708314 0.0  0.820862  0.629650  0.527371  0.816011  0.771063  0.856297  0.639491  0.647528  0.594338  0.502190  0.458332  0.558714  0.948354  0.715675  0.655136  0.903873  0.499350  0.838651  0.832443  0.885437  0.629835  0.808081  0.781381  0.642101  0.809540  0.813825  0.909236  0.710391  0.378804  0.836169  0.647493  0.510626  0.828213  0.729074  0.860401  0.741188  0.497508  0.581592  0.543805  0.402054  0.717229  0.758997  0.770603  0.716883  0.547505  0.654662  0.686203  0.355651  0.748274  0.573304  0.630840  0.363463  0.326316  0.449977  0.523817  0.524848  0.624190  0.464951  0.578562  0.543806  0.647748  0.822319  0.587829 
26  0.832961  0.652075  0.737833  0.820792  0.748182  0.907110  0.663977  0.816867  0.793382  0.824251  0.716351  0.770064  0.740481  0.754745  0.744701  0.792069  0.476957  0.787014  0.745987  0.824968  0.836398  0.896552  0.852201  0.831240  0.728965  0.820862 0.0  0.775557  0.857549  0.549974  0.750501  0.775152  0.875302  0.808844  0.816451  0.803756  0.774734  0.801566  0.841643  0.906668  0.683363  0.729145  0.884171  0.720495  0.784600  0.693961  0.720484  0.648133  0.820319  0.839262  0.839731  0.725761  0.835782  0.317654  0.652451  0.700758  0.872930  0.782807  0.864333  0.783959  0.742987  0.756273  0.844145  0.711839  0.919769  0.863981  0.814124  0.835535  0.787056  0.761853  0.762511  0.778735  0.883018  0.738692  0.813080  0.667598  0.727945  0.706347  0.841637  0.749194  0.677002  0.767751  0.670920  0.759271  0.825368  0.809930  0.770289  0.741755  0.794336 
27  0.812874  0.702563  0.772177  0.734366  0.761296  0.419104  0.535855  0.782240  0.735772  0.540645  0.647645  0.617667  0.790867  0.540135  0.863629  0.432689  0.739841  0.537194  0.648897  0.560120  0.659212  0.607556  0.600526  0.819102  0.619852  0.629650  0.775557 0.0  0.650996  0.751231  0.870223  0.867570  0.809937  0.762603  0.303043  0.513695  0.513112  0.724525  0.701413  0.860122  0.643640  0.702601  0.666450  0.753265  0.899723  0.819819  0.777187  0.675001  0.823180  0.479949  0.578821  0.783248  0.923185  0.650243  0.508945  0.758430  0.593052  0.494798  0.823359  0.798779  0.804871  0.770386  0.368196  0.576174  0.560528  0.609454  0.921612  0.740201  0.787276  0.824692  0.611882  0.629988  0.584084  0.405364  0.777386  0.638662  0.732716  0.482555  0.576696  0.448448  0.250679  0.785812  0.675571  0.550301  0.640932  0.415869  0.598143  0.762539  0.656277 
28  0.723625  0.680004  0.741308  0.648681  0.631001  0.782889  0.740360  0.605587  0.722126  0.532336  0.681076  0.426963  0.662821  0.528036  0.679241  0.490492  0.803953  0.570319  0.787981  0.674835  0.589593  0.574885  0.717868  0.683147  0.490322  0.527371  0.857549  0.650996 0.0  0.667431  0.595049  0.819762  0.728539  0.600910  0.777800  0.677050  0.492405  0.366357  0.647456  0.633546  0.698946  0.727675  0.455343  0.854423  0.816335  0.722861  0.698706  0.652154  0.651042  0.630619  0.644617  0.786354  0.693146  0.862832  0.492934  0.651028  0.726323  0.737764  0.735772  0.643195  0.808651  0.658093  0.732575  0.515021  0.494002  0.625791  0.656340  0.657230  0.511834  0.712053  0.536432  0.473900  0.386019  0.542347  0.468634  0.408257  0.341575  0.625490  0.686397  0.709547  0.654182  0.536167  0.443453  0.596752  0.420387  0.600807  0.618717  0.716741  0.402057 
29  0.665832  0.367579  0.499026  0.658775  0.589450  0.850576  0.675575  0.649625  0.339946  0.737328  0.716818  0.671445  0.610801  0.902387  0.760764  0.766996  0.743023  0.746435  0.599367  0.854623  0.554303  0.824135  0.747234  0.697012  0.725163  0.816011  0.549974  0.751231  0.667431 0.0  0.628169  0.665813  0.547093  0.647585  0.907519  0.874774  0.734265  0.683198  0.591344  0.568681  0.606406  0.536258  0.721517  0.395924  0.756782  0.404148  0.546828  0.419183  0.654159  0.731636  0.646365  0.658217  0.626610  0.805675  0.783602  0.466094  0.671885  0.812667  0.656660  0.613510  0.636680  0.400979  0.811022  0.670176  0.778955  0.833993  0.649481  0.565248  0.645432  0.657182  0.812949  0.718348  0.739418  0.796988  0.561050  0.640436  0.641584  0.679436  0.696600  0.772715  0.742152  0.708770  0.702707  0.846936  0.766439  0.723351  0.721763  0.458316  0.765438 
30  0.504597  0.499971  0.489654  0.510991  0.518383  0.798896  0.674960  0.611898  0.590681  0.800656  0.623345  0.633661  0.633845  0.678601  0.625482  0.750164  0.740292  0.773020  0.645316  0.613759  0.661455  0.742516  0.690986  0.642805  0.581545  0.771063  0.750501  0.870223  0.595049  0.628169 0.0  0.621851  0.580534  0.706175  0.829403  0.816466  0.749001  0.749265  0.541697  0.649422  0.554312  0.656205  0.758755  0.714185  0.710330  0.601150  0.599376  0.549103  0.518005  0.821372  0.546277  0.662055  0.618874  0.834124  0.873178  0.554848  0.725786  0.799754  0.520047  0.595037  0.625673  0.662424  0.850682  0.604614  0.805543  0.834644  0.631770  0.701290  0.556081  0.656739  0.764526  0.668932  0.621480  0.667701  0.572298  0.673188  0.726283  0.717538  0.762787  0.753653  0.799218  0.663552  0.587964  0.797373  0.733703  0.880154  0.732173  0.668744  0.787667 
31  0.653764  0.772326  0.720737  0.614957  0.578380  0.763904  0.685915  0.679466  0.766840  0.900090  0.739205  0.877579  0.800213  0.870074  0.501439  0.682131  0.819429  0.733234  0.622781  0.680117  0.864340  0.870084  0.727932  0.419577  0.796613  0.856297  0.775152  0.867570  0.819762  0.665813  0.621851 0.0  0.728770  0.847814  0.807627  0.946239  0.754389  0.881345  0.550204  0.785371  0.775090  0.799093  0.921575  0.653435  0.477385  0.946087  0.761431  0.843833  0.718474  0.793519  0.693370  0.467842  0.565000  0.935505  0.829557  0.645236  0.764223  0.838372  0.741808  0.549005  0.454563  0.734697  0.849249  0.854389  0.774457  0.895037  0.850341  0.640562  0.689890  0.882013  0.881864  0.850208  0.767684  0.803017  0.753961  0.799920  0.852460  0.837462  0.741367  0.834679  0.868136  0.780611  0.760912  0.821447  0.765475  0.840130  0.798047  0.814966  0.834999 
32  0.697166  0.622232  0.649765  0.596011  0.566331  0.781910  0.829050  0.672585  0.514634  0.875508  0.804443  0.480069  0.483560  0.827874  0.696745  0.761490  0.904583  0.774192  0.876266  0.705545  0.719445  0.791367  0.634674  0.549946  0.694989  0.639491  0.875302  0.809937  0.728539  0.547093  0.580534  0.728770 0.0  0.604473  0.667080  0.776485  0.774867  0.609540  0.614636  0.547245  0.571752  0.391952  0.582140  0.765975  0.790965  0.704412  0.631608  0.631779  0.529899  0.665520  0.683903  0.754124  0.480469  0.783282  0.780995  0.709583  0.760379  0.714633  0.606925  0.689838  0.669362  0.593980  0.726747  0.733087  0.829055  0.681740  0.511173  0.547820  0.638823  0.522811  0.807171  0.647292  0.540259  0.811520  0.640070  0.626360  0.580649  0.611520  0.789095  0.626691  0.809570  0.582239  0.675427  0.765044  0.591103  0.658402  0.750834  0.762049  0.692329 
33  0.657406  0.648150  0.545325  0.637488  0.659728  0.795067  0.735288  0.753266  0.667770  0.489371  0.691782  0.466015  0.580077  0.723408  0.697435  0.586888  0.840437  0.814381  0.886073  0.671938  0.647191  0.570647  0.681102  0.785386  0.565637  0.647528  0.808844  0.762603  0.600910  0.647585  0.706175  0.847814  0.604473 0.0  0.732599  0.767220  0.556921  0.424611  0.704339  0.706451  0.656282  0.650652  0.501674  0.769816  0.789373  0.535566  0.529116  0.634067  0.697375  0.661141  0.579110  0.811826  0.686182  0.763411  0.619865  0.653257  0.750009  0.651567  0.534651  0.613062  0.654010  0.696921  0.675912  0.572268  0.680456  0.613007  0.619288  0.689578  0.651165  0.651143  0.710570  0.522084  0.472696  0.731744  0.567361  0.363103  0.487131  0.446191  0.582001  0.747270  0.804793  0.364046  0.487582  0.676615  0.532079  0.686911  0.641742  0.652127  0.555667 
34  0.834045  0.870659  0.734499  0.864635  0.779559  0.443537  0.771749  0.875810  0.694987  0.600597  0.732655  0.656095  0.659164  0.614638  0.691889  0.370096  0.743459  0.494174  0.728853  0.532260  0.805375  0.608035  0.586283  0.765438  0.690055  0.594338  0.816451  0.303043  0.777800  0.907519  0.829403  0.807627  0.667080  0.732599 0.0  0.425963  0.690825  0.710641  0.760025  0.900881  0.914204  0.716441  0.633181  0.700136  0.841387  0.761828  0.662962  0.748436  0.860167  0.522786  0.747259  0.828913  0.878363  0.664672  0.675114  0.820339  0.667554  0.443207  0.676894  0.759392  0.825095  0.756837  0.464851  0.785346  0.650514  0.486804  0.717633  0.834657  0.669679  0.778567  0.661029  0.582309  0.694041  0.493458  0.794903  0.663796  0.705502  0.386138  0.635721  0.423115  0.226869  0.535738  0.730639  0.583940  0.697637  0.421722  0.588066  0.726236  0.653007 
35  0.857791  0.850729  0.820611  0.815420  0.764476  0.559875  0.769307  0.716068  0.816732  0.597800  0.605074  0.690072  0.665464  0.602706  0.793717  0.508508  0.747511  0.417632  0.795884  0.511840  0.910564  0.569266  0.723756  0.832378  0.758674  0.502190  0.803756  0.513695  0.677050  0.874774  0.816466  0.946239  0.776485  0.767220  0.425963 0.0  0.518818  0.593323  0.901003  0.733437  0.743494  0.716817  0.666956  0.835540  0.762058  0.863952  0.720108  0.825188  0.899684  0.421795  0.698562  0.857389  0.806338  0.785972  0.489383  0.811330  0.682275  0.466755  0.685649  0.792395  0.845208  0.694172  0.494644  0.665086  0.649963  0.527315  0.718964  0.795706  0.809929  0.712115  0.581737  0.671920  0.604325  0.577873  0.615794  0.587601  0.737193  0.444958  0.501408  0.420459  0.447524  0.667877  0.691568  0.543275  0.674759  0.548225  0.715384  0.751402  0.588696 
36  0.908191  0.802099  0.799289  0.825899  0.821786  0.591247  0.604370  0.845777  0.883272  0.525066  0.650742  0.600042  0.923714  0.446168  0.726756  0.651069  0.640603  0.614363  0.734932  0.580384  0.751092  0.341863  0.699440  0.849979  0.416059  0.458332  0.774734  0.513112  0.492405  0.734265  0.749001  0.754389  0.774867  0.556921  0.690825  0.518818 0.0  0.691311  0.746675  0.819836  0.662698  0.793501  0.521724  0.829097  0.806004  0.774984  0.777462  0.757010  0.759438  0.746419  0.735256  0.796976  1.000000  0.770516  0.503563  0.683173  0.695095  0.647374  0.794613  0.798650  0.731626  0.868319  0.621832  0.374523  0.575093  0.386206  0.820319  0.754951  0.794852  0.766931  0.372460  0.589330  0.645036  0.478720  0.815768  0.578980  0.621189  0.475943  0.443738  0.637612  0.476454  0.604576  0.746263  0.304946  0.539651  0.624765  0.531172  0.698673  0.350918 
37  0.722676  0.694908  0.569296  0.614211  0.693893  0.712622  0.836779  0.711763  0.700800  0.654426  0.631291  0.355182  0.642902  0.612456  0.797749  0.674858  0.817726  0.738254  0.817668  0.659271  0.707877  0.476431  0.845405  0.692925  0.511793  0.558714  0.801566  0.724525  0.366357  0.683198  0.749265  0.881345  0.609540  0.424611  0.710641  0.593323  0.691311 0.0  0.781648  0.680956  0.614048  0.622234  0.419180  0.888489  0.813057  0.617669  0.551912  0.664661  0.671630  0.583966  0.582476  0.877363  0.649282  0.865540  0.648391  0.704875  0.716563  0.731361  0.651089  0.619717  0.755048  0.694721  0.756782  0.528711  0.542468  0.643518  0.552497  0.718252  0.561319  0.623782  0.654867  0.384280  0.550293  0.585249  0.702350  0.410673  0.489241  0.455969  0.673687  0.562759  0.731936  0.366812  0.530000  0.702271  0.616632  0.707243  0.610182  0.701460  0.537688 
38  0.458962  0.700381  0.616384  0.538899  0.726611  0.770576  0.785263  0.629924  0.804686  0.894079  0.608243  0.717846  0.583682  0.841917  0.748066  0.731020  0.892158  0.759242  0.557614  0.696275  0.569501  0.888755  0.662374  0.429583  0.634979  0.948354  0.841643  0.701413  0.647456  0.591344  0.541697  0.550204  0.614636  0.704339  0.760025  0.901003  0.746675  0.781648 0.0  0.598251  0.612518  0.566968  0.717609  0.836068  0.677727  0.677628  0.687910  0.622853  0.630505  0.916731  0.570989  0.692422  0.439465  0.913553  0.808161  0.748188  0.706190  0.827621  0.558437  0.499023  0.434977  0.672064  0.786737  0.607815  0.784045  0.871462  0.644450  0.513693  0.578899  0.651987  0.847662  0.746198  0.649073  0.812294  0.517580  0.607192  0.789159  0.735062  0.784031  0.909216  0.768895  0.716993  0.723140  0.864227  0.847395  0.897494  0.805523  0.644386  0.842116 
39  0.596261  0.590334  0.693104  0.787988  0.607528  0.654918  0.856204  0.614906  0.537837  0.839431  0.759583  0.734632  0.615121  0.811037  0.659029  0.756175  0.917050  0.800290  0.792281  0.789057  0.624782  0.845507  0.738101  0.593732  0.713746  0.715675  0.906668  0.860122  0.633546  0.568681  0.649422  0.785371  0.547245  0.706451  0.900881  0.733437  0.819836  0.680956  0.598251 0.0  0.607605  0.378521  0.635545  0.777274  0.781777  0.688701  0.829936  0.599504  0.587651  0.848020  0.582846  0.752759  0.556887  0.832960  0.852278  0.754442  0.619974  0.672554  0.680280  0.614399  0.632363  0.482550  0.746240  0.645063  0.667538  0.867258  0.688468  0.745944  0.652416  0.716821  0.813483  0.712083  0.541165  0.773399  0.550206  0.597066  0.698099  0.739637  0.851136  0.761693  0.871931  0.817236  0.639591  0.728103  0.732453  0.754775  0.692648  0.708128  0.705217 
40  0.685068  0.507880  0.645870  0.658516  0.660961  0.796789  0.676522  0.685268  0.601173  0.699595  0.683219  0.722783  0.506417  0.687716  0.768339  0.807413  0.696553  0.740628  0.857847  0.736708  0.714285  0.820784  0.900203  0.702338  0.475085  0.655136  0.683363  0.643640  0.698946  0.606406  0.554312  0.775090  0.571752  0.656282  0.914204  0.743494  0.662698  0.614048  0.612518  0.607605 0.0  0.464143  0.691348  0.689143  0.780047  0.476734  0.675021  0.577101  0.466755  0.703503  0.566419  0.726733  0.717364  0.663043  0.685228  0.539932  0.834742  0.728318  0.610124  0.661717  0.778579  0.543336  0.768557  0.572226  0.742243  0.839736  0.665499  0.608092  0.498185  0.573840  0.774412  0.589159  0.643359  0.697139  0.570681  0.702862  0.744348  0.728432  0.616164  0.776178  0.735545  0.612783  0.519650  0.768219  0.779392  0.888400  0.718466  0.508297  0.692589 
41  0.536535  0.704598  0.651112  0.646409  0.436750  0.682927  0.906095  0.662750  0.620130  0.791497  0.789792  0.739758  0.567744  0.834687  0.738550  0.637650  0.913888  0.740366  0.707105  0.716412  0.541716  0.821204  0.700696  0.647145  0.750752  0.903873  0.729145  0.702601  0.727675  0.536258  0.656205  0.799093  0.391952  0.650652  0.716441  0.716817  0.793501  0.622234  0.566968  0.378521  0.464143 0.0  0.704535  0.694494  0.736720  0.593354  0.599760  0.624158  0.661674  0.689332  0.715194  0.641060  0.619170  0.926533  0.834213  0.675024  0.605728  0.670510  0.708655  0.534057  0.666828  0.731145  0.764247  0.674205  0.778681  0.818263  0.793169  0.519670  0.584153  0.571107  0.775767  0.639587  0.724480  0.763007  0.542300  0.666609  0.620452  0.753663  0.789017  0.761708  0.723329  0.677524  0.573117  0.703838  0.757588  0.831817  0.767271  0.586501  0.728627 
42  0.691844  0.691323  0.598617  0.709939  0.768354  0.776716  0.816693  0.851398  0.644011  0.636257  0.760623  0.494572  0.527238  0.637726  0.843005  0.554930  0.767097  0.757411  0.925611  0.656935  0.734160  0.510894  0.853393  0.798688  0.516174  0.499350  0.884171  0.666450  0.455343  0.721517  0.758755  0.921575  0.582140  0.501674  0.633181  0.666956  0.521724  0.419180  0.717609  0.635545  0.691348  0.704535 0.0  0.869488  0.821319  0.696365  0.691529  0.723467  0.686705  0.706000  0.573798  0.937845  0.716487  0.893579  0.618866  0.754732  0.801264  0.733217  0.671281  0.718458  0.843227  0.574076  0.758886  0.482053  0.633051  0.513186  0.639622  0.649096  0.703284  0.628648  0.628898  0.417816  0.354594  0.756740  0.630743  0.401503  0.416911  0.536960  0.631602  0.696156  0.667574  0.576138  0.455723  0.555773  0.489560  0.608618  0.497739  0.794309  0.551217 
43  0.778896  0.536685  0.671754  0.704252  0.843411  0.803324  0.755686  0.769002  0.595615  0.801414  0.725954  0.737637  0.643446  0.785345  0.825637  0.709858  0.793357  0.824264  0.911533  0.817389  0.784177  0.789343  0.792640  0.810906  0.692448  0.838651  0.720495  0.753265  0.854423  0.395924  0.714185  0.653435  0.765975  0.769816  0.700136  0.835540  0.829097  0.888489  0.836068  0.777274  0.689143  0.694494  0.869488 0.0  0.645424  0.416039  0.756616  0.435460  0.879801  0.735392  0.781013  0.752977  0.706907  0.703645  0.737998  0.668574  0.752044  0.824903  0.756930  0.794843  0.698387  0.586687  0.831458  0.814357  0.766221  0.793327  0.753657  0.871706  0.678321  0.829517  0.699167  0.916593  0.825986  0.713291  0.764505  0.807754  0.760993  0.801477  0.871190  0.877239  0.777505  0.802831  0.774813  0.805413  0.963102  0.849528  0.657966  0.574995  0.718740 
44  0.593323  0.870946  0.741791  0.554977  0.686697  0.815020  0.861437  0.438137  0.692111  0.823804  0.743191  0.749675  0.787116  0.855456  0.512723  0.774728  0.849269  0.796270  0.546675  0.604339  0.565153  0.744738  0.616165  0.585697  0.898304  0.832443  0.784600  0.899723  0.816335  0.756782  0.710330  0.477385  0.790965  0.789373  0.841387  0.762058  0.806004  0.813057  0.677727  0.781777  0.780047  0.736720  0.821319  0.645424 0.0  0.889214  0.762029  0.924200  0.613819  0.825912  0.726441  0.438875  0.395907  0.837636  0.866173  0.789962  0.712248  0.768446  0.551106  0.535352  0.600682  0.780133  0.800966  0.780416  0.731861  0.805363  0.760898  0.551249  0.782027  0.845227  0.869042  0.716637  0.824427  0.879508  0.742653  0.807158  0.789914  0.680740  0.948263  0.724565  0.741822  0.828511  0.705686  0.767109  0.765562  0.874281  0.783417  0.712052  0.795726 
