89
0 0.0  0.695983  0.731455  0.429443  0.502833  0.808118  0.690846  0.452634  0.675517  0.811252  0.576004  0.679201  0.765859  0.904128  0.668458  0.766291  0.849004  0.679273  0.568611  0.567906  0.510331  0.848496  0.578959  0.527285  0.749202  0.721808  0.690193  0.790524  0.623261  0.628609  0.505539  0.646800  0.748297  0.746670  0.832335  0.762672  0.849652  0.621425  0.451446  0.575262  0.625411  0.505959  0.679822  0.910901  0.581638  0.731532  0.615670  0.749927  0.501785  0.769959  0.529513  0.449273  0.367900  0.780955  0.720205  0.701357  0.644211  0.768552  0.442545  0.261169  0.405744  0.631277  0.842560  0.627842  0.684218  0.770533  0.715383  0.430971  0.566686  0.609413  0.810889  0.611425  0.587990  0.839331  0.409743  0.668295  0.699270  0.574677  0.800969  0.790962  0.855195  0.633124  0.715482  0.757989  0.686720  0.650078  0.756117  0.699496  0.708884 
1  0.695983 0.0  0.573664  0.537800  0.586547  0.782698  0.682824  0.619388  0.463729  0.641029  0.614331  0.582018  0.457560  0.804966  0.730734  0.677496  0.677224  0.775301  0.793312  0.775870  0.550353  0.819828  0.681727  0.570295  0.636975  0.886652  0.698131  0.748107  0.564357  0.354176  0.597918  0.831178  0.600801  0.752122  0.800625  0.802446  0.595559  0.798178  0.671124  0.656314  0.510046  0.530741  0.609167  0.524882  0.816621  0.384146  0.602288  0.469218  0.662002  0.758682  0.605888  0.729848  0.640531  0.762276  0.749779  0.388183  0.721675  0.737511  0.662921  0.684249  0.767428  0.431564  0.812355  0.514240  0.739510  0.767192  0.600830  0.687727  0.531594  0.609329  0.725887  0.731015  0.650733  0.717081  0.636813  0.647574  0.796970  0.774540  0.805440  0.808711  0.725934  0.667622  0.602735  0.842650  0.723736  0.672375  0.727698  0.408275  0.703822 
2  0.731455  0.573664 0.0  0.558209  0.399265  0.779855  0.642965  0.661061  0.495050  0.763272  0.566905  0.574109  0.673477  0.862180  0.529053  0.698510  0.816541  0.704182  0.704034  0.681567  0.440548  0.712945  0.634490  0.658661  0.650787  0.660608  0.700205  0.810742  0.595160  0.554524  0.666895  0.753327  0.641962  0.583648  0.695489  0.696365  0.723263  0.542925  0.593890  0.572287  0.631534  0.535589  0.492746  0.796128  0.707898  0.614268  0.416667  0.455173  0.613673  0.661157  0.554420  0.681596  0.534107  0.816115  0.771977  0.556968  0.495974  0.870533  0.733578  0.537424  0.576924  0.514074  0.694742  0.677918  0.700612  0.797541  0.493502  0.642587  0.366518  0.624736  0.704148  0.734372  0.697159  0.691253  0.573126  0.577164  0.627108  0.635556  0.753486  0.681044  0.719303  0.626351  0.599357  0.666935  0.626185  0.859693  0.696746  0.615433  0.688463 
3  0.429443  0.537800  0.558209 0.0  0.558463  0.776161  0.669178  0.484828  0.692864  0.879105  0.621165  0.515039  0.557639  0.868078  0.527455  0.669172  0.765462  0.666560  0.641367  0.642331  0.585288  0.801446  0.675625  0.480868  0.765279  0.833180  0.741045  0.843400  0.706122  0.627929  0.541591  0.675269  0.638238  0.626230  0.717485  0.691688  0.846327  0.593499  0.521136  0.645578  0.650442  0.606058  0.662317  0.786615  0.505787  0.631504  0.540809  0.615932  0.283765  0.672372  0.578780  0.568343  0.470780  0.788541  0.830683  0.630836  0.677073  0.726578  0.385837  0.457424  0.549667  0.610626  0.665507  0.722367  0.860248  0.687632  0.640339  0.437782  0.695012  0.532217  0.776798  0.600788  0.631932  0.633063  0.578844  0.753328  0.566394  0.602107  0.718924  0.706831  0.823177  0.590818  0.613185  0.748807  0.605863  0.757938  0.796202  0.648014  0.659331 
4  0.502833  0.586547  0.399265  0.558463 0.0  0.641054  0.690669  0.471637  0.668903  0.748715  0.339041  0.762896  0.577280  0.835560  0.727881  0.710641  0.836548  0.695735  0.687308  0.698295  0.467536  0.788966  0.375706  0.603335  0.727202  0.643541  0.884376  0.715490  0.602769  0.503176  0.655098  0.621890  0.658460  0.734118  0.816554  0.783864  0.769562  0.682801  0.506350  0.528014  0.680711  0.480931  0.581444  0.866512  0.629640  0.651775  0.437356  0.609096  0.615190  0.723953  0.468617  0.723855  0.468911  0.820642  0.737228  0.719943  0.400965  0.769766  0.622780  0.525994  0.570809  0.669027  0.777228  0.660030  0.725723  0.819064  0.682024  0.562567  0.417859  0.707051  0.713296  0.606452  0.502026  0.657886  0.515891  0.498889  0.658853  0.735371  0.666489  0.801764  0.584850  0.591769  0.592982  0.869049  0.691788  0.761508  0.650482  0.611517  0.700398 
5  0.808118  0.782698  0.779855  0.776161  0.641054 0.0  0.592819  0.595431  0.849187  0.666836  0.694347  0.718675  0.737902  0.617792  0.812650  0.475114  0.766909  0.471346  0.611774  0.627663  0.649565  0.560641  0.566589  0.771897  0.749119  0.669022  0.726075  0.302061  0.691324  0.812531  0.819609  0.675353  0.724295  0.723949  0.438732  0.493845  0.596912  0.755988  0.657092  0.680607  0.759842  0.655919  0.680530  0.759098  0.746631  0.810768  0.605659  0.815534  0.819044  0.595421  0.709950  0.704464  0.692963  0.718064  0.483895  0.820904  0.538559  0.587181  0.774552  0.679905  0.818379  0.751548  0.444976  0.638187  0.505747  0.508928  0.860335  0.827580  0.714543  0.735458  0.622513  0.691312  0.680409  0.594372  0.499429  0.589421  0.710873  0.533180  0.511754  0.482516  0.285093  0.727477  0.584476  0.494603  0.658935  0.436884  0.707716  0.771293  0.595313 
6  0.690846  0.682824  0.642965  0.669178  0.690669  0.592819 0.0  0.803114  0.740310  0.629231  0.619382  0.769429  0.708630  0.618721  0.792177  0.693072  0.660132  0.693977  0.656395  0.635022  0.749939  0.680136  0.710551  0.794254  0.723462  0.674393  0.700179  0.596079  0.641330  0.766449  0.564635  0.663019  0.782622  0.678302  0.584960  0.654896  0.628546  0.702202  0.651688  0.740314  0.588970  0.780813  0.851540  0.684319  0.736276  0.720732  0.675694  0.611314  0.793157  0.694307  0.639873  0.740362  0.802061  0.557421  0.726646  0.673368  0.593075  0.582927  0.727535  0.672682  0.710586  0.669898  0.631722  0.718954  0.668337  0.649640  0.608842  0.691435  0.579992  0.561416  0.630154  0.724025  0.838494  0.593676  0.609091  0.653333  0.826359  0.639923  0.664255  0.618965  0.547150  0.766617  0.605983  0.590412  0.696216  0.563576  0.662780  0.630548  0.694158 
7  0.452634  0.619388  0.661061  0.484828  0.471637  0.595431  0.803114 0.0  0.653681  0.824764  0.614912  0.693184  0.617951  0.786294  0.669852  0.699856  0.830911  0.678940  0.611738  0.689147  0.629239  0.824280  0.710448  0.486880  0.597866  0.792633  0.775487  0.896459  0.671527  0.616528  0.539151  0.670953  0.561214  0.722607  0.873639  0.694047  0.765646  0.697031  0.518371  0.562570  0.640431  0.484418  0.580160  0.831502  0.477817  0.764703  0.649087  0.642736  0.490185  0.722876  0.696238  0.589117  0.296650  0.898903  0.739088  0.702856  0.621054  0.833059  0.474041  0.320338  0.417412  0.631521  0.724509  0.632436  0.772263  0.823020  0.487054  0.403259  0.502798  0.688194  0.898517  0.618183  0.696282  0.763622  0.353921  0.661107  0.716402  0.730643  0.802780  0.864307  0.709578  0.582381  0.625131  0.714931  0.719171  0.824552  0.799456  0.597086  0.701359 
8  0.675517  0.463729  0.495050  0.692864  0.668903  0.849187  0.740310  0.653681 0.0  0.975476  0.818458  0.543127  0.470427  0.772265  0.762227  0.643544  0.679368  0.845631  0.795296  0.726398  0.593999  0.699392  0.727139  0.735000  0.696099  0.786247  0.791970  0.805330  0.675073  0.409609  0.654215  0.773966  0.460144  0.744682  0.768413  0.762408  0.836188  0.598268  0.670840  0.697979  0.619204  0.597817  0.681373  0.647718  0.923908  0.445467  0.496917  0.458849  0.540899  0.778428  0.559469  0.867609  0.637555  0.752866  0.772432  0.573543  0.730375  0.772516  0.585848  0.518742  0.695193  0.389778  0.702369  0.675572  0.824495  0.728611  0.594879  0.682547  0.578317  0.750566  0.760240  0.689719  0.631818  0.854186  0.572969  0.600120  0.628823  0.635059  0.868726  0.801088  0.772472  0.616648  0.618378  0.706203  0.669193  0.786259  0.716897  0.450261  0.786603 
9  0.811252  0.641029  0.763272  0.879105  0.748715  0.666836  0.629231  0.824764  0.975476 0.0  0.700606  0.606828  0.814796  0.366370  0.857712  0.734653  0.547866  0.532623  0.745885  0.575975  0.731326  0.605049  0.666089  0.774072  0.535441  0.446306  0.747662  0.564759  0.562001  0.836416  0.726887  0.749528  0.794182  0.581860  0.604370  0.497568  0.406933  0.678119  0.810479  0.748354  0.688067  0.823454  0.468528  0.808073  0.908211  0.680760  0.738770  0.675910  0.860558  0.615804  0.765636  0.863815  0.864229  0.604043  0.564882  0.746618  0.560943  0.642972  0.823740  0.897507  0.907519  0.744198  0.646649  0.538976  0.341193  0.436803  0.851603  0.857497  0.644846  0.759936  0.381498  0.523618  0.606234  0.483479  0.691177  0.571405  0.640337  0.579169  0.482988  0.686088  0.473153  0.553534  0.498651  0.488131  0.546441  0.551577  0.587363  0.801362  0.470658 
10  0.576004  0.614331  0.566905  0.621165  0.339041  0.694347  0.619382  0.614912  0.818458  0.700606 0.0  0.591824  0.719105  0.734391  0.617909  0.675215  0.683930  0.603999  0.749317  0.723800  0.561038  0.665757  0.390646  0.633558  0.595026  0.662080  0.676614  0.691293  0.642665  0.691403  0.732628  0.666633  0.699665  0.776803  0.713325  0.697672  0.543578  0.664409  0.663642  0.683141  0.619384  0.607824  0.633146  0.514262  0.665028  0.764542  0.407437  0.694934  0.622730  0.654966  0.495935  0.476662  0.625392  0.675604  0.708909  0.623578  0.336801  0.679915  0.593573  0.702085  0.647389  0.638145  0.693119  0.751473  0.778653  0.671738  0.682456  0.613993  0.512413  0.636119  0.640025  0.633787  0.673338  0.601266  0.612528  0.675279  0.635135  0.538210  0.671629  0.695373  0.696800  0.589871  0.574692  0.689164  0.741827  0.710419  0.713170  0.588224  0.675324 
11  0.679201  0.582018  0.574109  0.515039  0.762896  0.718675  0.769429  0.693184  0.543127  0.606828  0.591824 0.0  0.611092  0.625217  0.781162  0.554059  0.902215  0.677254  0.830267  0.608483  0.675002  0.591305  0.848955  0.646472  0.433729  0.500513  0.849629  0.640366  0.379664  0.714161  0.723806  0.818212  0.576469  0.364458  0.620081  0.541554  0.549019  0.406140  0.627592  0.653051  0.631818  0.775859  0.402910  0.776952  0.764126  0.701770  0.522066  0.647527  0.545205  0.480017  0.657388  0.756510  0.627005  0.911595  0.574381  0.734042  0.847231  0.622014  0.664848  0.764361  0.716996  0.758203  0.667309  0.518880  0.614040  0.679409  0.649771  0.647290  0.700483  0.629148  0.640104  0.262901  0.375811  0.577195  0.780258  0.355650  0.314309  0.398687  0.485796  0.602827  0.716322  0.254214  0.434165  0.670900  0.428640  0.564791  0.597391  0.742491  0.537790 
12  0.765859  0.457560  0.673477  0.557639  0.577280  0.737902  0.708630  0.617951  0.470427  0.814796  0.719105  0.611092 0.0  0.773900  0.648434  0.623205  0.796729  0.776015  0.814665  0.722567  0.673308  0.695297  0.758639  0.627742  0.604117  0.812243  0.760258  0.748633  0.763044  0.527139  0.547306  0.801218  0.603513  0.535603  0.777095  0.730676  0.884851  0.538178  0.601376  0.606556  0.653556  0.569989  0.628250  0.634486  0.726854  0.590992  0.570434  0.478150  0.493658  0.590544  0.616812  0.779854  0.624966  0.758487  0.705864  0.479854  0.670486  0.645062  0.535606  0.610828  0.705789  0.476231  0.670203  0.659023  0.843607  0.708005  0.566052  0.683641  0.667015  0.454489  0.776193  0.506419  0.688199  0.765329  0.525341  0.653820  0.576358  0.667406  0.726646  0.734054  0.874539  0.706405  0.628414  0.807203  0.783455  0.635888  0.816992  0.450232  0.582968 
13  0.904128  0.804966  0.862180  0.868078  0.835560  0.617792  0.618721  0.786294  0.772265  0.366370  0.734391  0.625217  0.773900 0.0  0.805055  0.670681  0.626287  0.559592  0.684316  0.586936  0.932647  0.459568  0.633561  0.777412  0.552144  0.524033  0.713993  0.449612  0.553222  0.808790  0.766250  0.809398  0.806588  0.733041  0.503869  0.557536  0.372941  0.669076  0.851052  0.782326  0.766196  0.781666  0.631304  0.800765  0.748325  0.552787  0.737471  0.756393  0.781509  0.571762  0.844385  0.935536  0.742162  0.578520  0.405473  0.806686  0.614410  0.609767  0.907217  0.781163  0.782053  0.685636  0.595289  0.479038  0.582390  0.527534  0.890797  0.678485  0.781140  0.780960  0.304456  0.636767  0.571437  0.500724  0.754354  0.633234  0.636759  0.455321  0.414360  0.684056  0.494024  0.699903  0.559882  0.469733  0.526935  0.636992  0.433792  0.808994  0.528994 
14  0.668458  0.730734  0.529053  0.527455  0.727881  0.812650  0.792177  0.669852  0.762227  0.857712  0.617909  0.781162  0.648434  0.805055 0.0  0.627755  0.783279  0.805328  0.654393  0.604880  0.744759  0.762721  0.763594  0.723145  0.785613  0.815270  0.695546  0.760687  0.812940  0.735926  0.699154  0.507912  0.655402  0.685247  0.848468  0.671855  0.795511  0.706035  0.663827  0.827394  0.702209  0.714839  0.744656  0.624537  0.458934  0.819509  0.674135  0.690854  0.583152  0.637908  0.633548  0.509161  0.630076  0.805411  0.825063  0.781530  0.770635  0.877906  0.463027  0.643024  0.587249  0.699488  0.727261  0.863864  0.804248  0.796624  0.733699  0.653415  0.724350  0.684636  0.838026  0.707357  0.728812  0.710793  0.619178  0.649182  0.751015  0.589755  0.787525  0.862195  0.828456  0.622757  0.800533  0.722996  0.687900  0.683526  0.742146  0.800842  0.648229 
15  0.766291  0.677496  0.698510  0.669172  0.710641  0.475114  0.693072  0.699856  0.643544  0.734653  0.675215  0.554059  0.623205  0.670681  0.627755 0.0  0.735999  0.524457  0.672247  0.566654  0.804723  0.538867  0.780733  0.604439  0.723017  0.556100  0.850085  0.489746  0.559308  0.699553  0.665253  0.740208  0.650585  0.534892  0.390487  0.457155  0.633555  0.509310  0.754122  0.764109  0.629904  0.703533  0.551390  0.708770  0.682223  0.702875  0.534689  0.728056  0.518982  0.537617  0.752965  0.684734  0.768917  0.751280  0.644525  0.752748  0.660558  0.450497  0.678588  0.706487  0.724610  0.602806  0.428886  0.769173  0.616982  0.651179  0.572067  0.709962  0.624996  0.649694  0.731278  0.413621  0.621607  0.546023  0.723200  0.518446  0.564018  0.453892  0.502759  0.438890  0.597559  0.512362  0.572763  0.480220  0.531528  0.393872  0.688350  0.827788  0.578327 
16  0.849004  0.677224  0.816541  0.765462  0.836548  0.766909  0.660132  0.830911  0.679368  0.547866  0.683930  0.902215  0.796729  0.626287  0.783279  0.735999 0.0  0.720953  0.769228  0.733018  0.811864  0.575374  0.680155  0.896633  0.813294  0.767478  0.465131  0.608234  0.810388  0.791374  0.713316  0.864897  0.659990  0.886627  0.607284  0.749152  0.801202  0.790325  0.824556  0.786387  0.650065  0.876233  0.886398  0.734800  0.873830  0.746268  0.915161  0.685759  0.793044  0.794542  0.813743  0.760601  0.855090  0.500477  0.693484  0.664647  0.760934  0.641489  0.917583  0.865932  0.788208  0.849309  0.769147  0.778790  0.736792  0.629290  0.806547  0.867603  0.781324  0.777572  0.658057  0.826897  0.790601  0.646027  0.895107  0.778654  0.809556  0.639329  0.725624  0.731698  0.536792  0.788076  0.739140  0.697198  0.793736  0.787634  0.828490  0.802798  0.772708 
17  0.679273  0.775301  0.704182  0.666560  0.695735  0.471346  0.693977  0.678940  0.845631  0.532623  0.603999  0.677254  0.776015  0.559592  0.805328  0.524457  0.720953 0.0  0.501574  0.765409  0.622099  0.566055  0.661125  0.712746  0.687290  0.552045  0.717352  0.406019  0.654308  0.861232  0.808441  0.790927  0.794874  0.680811  0.498112  0.485682  0.520922  0.724772  0.718260  0.691680  0.848152  0.634423  0.662794  0.767866  0.689021  0.770268  0.862086  0.837724  0.799087  0.506290  0.615151  0.776564  0.763701  0.665171  0.500929  0.760864  0.689866  0.561646  0.817345  0.803845  0.816715  0.644229  0.549460  0.729292  0.610021  0.652335  0.828350  0.737958  0.780760  0.842885  0.504049  0.819563  0.778525  0.537163  0.636554  0.620546  0.732511  0.539937  0.538596  0.311881  0.357521  0.737394  0.785915  0.599239  0.686751  0.538098  0.591029  0.789206  0.585857 
18  0.568611  0.793312  0.704034  0.641367  0.687308  0.611774  0.656395  0.611738  0.795296  0.745885  0.749317  0.830267  0.814665  0.684316  0.654393  0.672247  0.769228  0.501574 0.0  0.565593  0.524956  0.702912  0.577613  0.406918  0.862762  0.679059  0.758916  0.661213  0.677808  0.783431  0.689330  0.445353  0.768149  0.757319  0.639675  0.609213  0.684153  0.971321  0.588760  0.648715  0.682972  0.685222  0.820307  0.867716  0.681236  0.793709  0.633650  0.673055  0.607207  0.626097  0.700762  0.493261  0.457649  0.721577  0.588178  0.764719  0.594770  0.692829  0.727868  0.609098  0.592891  0.768194  0.663844  0.723003  0.645941  0.753386  0.777783  0.647504  0.745861  0.775140  0.711748  0.768382  0.814303  0.677970  0.632052  0.779673  0.775978  0.570205  0.583492  0.707058  0.593469  0.756329  0.800193  0.608843  0.726646  0.617251  0.790375  0.895864  0.648663 
19  0.567906  0.775870  0.681567  0.642331  0.698295  0.627663  0.635022  0.689147  0.726398  0.575975  0.723800  0.608483  0.722567  0.586936  0.604880  0.566654  0.733018  0.765409  0.565593 0.0  0.718011  0.533523  0.668994  0.672604  0.703243  0.530866  0.803521  0.546756  0.847204  0.809161  0.678752  0.562689  0.653710  0.711152  0.520656  0.578932  0.500109  0.716596  0.658104  0.718208  0.770334  0.828913  0.719398  0.759108  0.546170  0.737142  0.673874  0.647438  0.570139  0.669410  0.781641  0.756570  0.658273  0.699061  0.503447  0.752586  0.635043  0.591244  0.654540  0.676867  0.659317  0.735646  0.546025  0.793013  0.724105  0.584352  0.640459  0.630442  0.799457  0.649542  0.710835  0.717800  0.725814  0.610820  0.815572  0.671883  0.657784  0.599765  0.635913  0.622787  0.587010  0.637467  0.687746  0.567613  0.615658  0.569455  0.760582  0.799629  0.656264 
20  0.510331  0.550353  0.440548  0.585288  0.467536  0.649565  0.749939  0.629239  0.593999  0.731326  0.561038  0.675002  0.673308  0.932647  0.744759  0.804723  0.811864  0.622099  0.524956  0.718011 0.0  0.779779  0.501885  0.586362  0.739871  0.816465  0.720670  0.674907  0.600443  0.492141  0.604979  0.669419  0.640370  0.479009  0.794410  0.806054  0.717298  0.613490  0.468768  0.624351  0.704103  0.542142  0.669084  0.614652  0.727439  0.720060  0.590155  0.565152  0.580649  0.783581  0.420967  0.680951  0.489272  0.836235  0.759502  0.691336  0.545851  0.722443  0.567090  0.350313  0.595399  0.519293  0.754720  0.710073  0.683585  0.914529  0.616138  0.576924  0.460218  0.605971  0.773004  0.695097  0.665038  0.750238  0.479271  0.521824  0.636502  0.760045  0.682799  0.815736  0.685395  0.717201  0.532024  0.814648  0.712426  0.792077  0.692526  0.655566  0.599630 
21  0.848496  0.819828  0.712945  0.801446  0.788966  0.560641  0.680136  0.824280  0.699392  0.605049  0.665757  0.591305  0.695297  0.459568  0.762721  0.538867  0.575374  0.566055  0.702912  0.533523  0.779779 0.0  0.689862  0.823429  0.509056  0.518056  0.730738  0.459700  0.580470  0.684858  0.752318  0.788545  0.706505  0.690703  0.541703  0.414567  0.387003  0.638589  0.798970  0.794891  0.807313  0.757458  0.612569  0.875853  0.785950  0.765113  0.612412  0.792435  0.725247  0.573971  0.684079  0.793160  0.792113  0.726114  0.435299  0.813708  0.645784  0.511874  0.689443  0.717022  0.766130  0.747138  0.550057  0.558093  0.617486  0.495654  0.715566  0.736350  0.681743  0.672144  0.461401  0.622453  0.553607  0.516093  0.789101  0.650971  0.500510  0.324656  0.418066  0.683074  0.593015  0.591755  0.554280  0.425840  0.495472  0.553705  0.438011  0.787863  0.453858 
22  0.578959  0.681727  0.634490  0.675625  0.375706  0.566589  0.710551  0.710448  0.727139  0.666089  0.390646  0.848955  0.758639  0.633561  0.763594  0.780733  0.680155  0.661125  0.577613  0.668994  0.501885  0.689862 0.0  0.741904  0.770364  0.656831  0.753884  0.628350  0.659463  0.694428  0.715371  0.750892  0.725583  0.721528  0.738713  0.560711  0.688178  0.802134  0.735180  0.686062  0.714624  0.729247  0.815315  0.765357  0.654397  0.739134  0.627752  0.641265  0.737671  0.803437  0.491260  0.652044  0.674769  0.658598  0.574120  0.653689  0.400224  0.674298  0.849439  0.611495  0.611649  0.704649  0.694115  0.778276  0.617147  0.689051  0.722352  0.698277  0.661917  0.714687  0.724499  0.745819  0.787590  0.572305  0.591749  0.594315  0.763869  0.582911  0.627954  0.569228  0.616073  0.782633  0.677034  0.561365  0.853178  0.583171  0.665544  0.722207  0.654683 
23  0.527285  0.570295  0.658661  0.480868  0.603335  0.771897  0.794254  0.486880  0.735000  0.774072  0.633558  0.646472  0.627742  0.777412  0.723145  0.604439  0.896633  0.712746  0.406918  0.672604  0.586362  0.823429  0.741904 0.0  0.731709  0.841096  0.694369  0.789430  0.573243  0.552545  0.544537  0.487163  0.622401  0.696718  0.890845  0.805928  0.846233  0.727910  0.292882  0.590583  0.624805  0.521442  0.715749  0.846648  0.659606  0.682085  0.621238  0.556936  0.563914  0.676184  0.540419  0.540646  0.418733  0.865067  0.704183  0.674555  0.737739  0.850914  0.442876  0.401971  0.395534  0.593862  0.954258  0.744959  0.764717  0.854345  0.771803  0.570693  0.818212  0.678833  0.797008  0.710849  0.554167  0.791874  0.563615  0.689809  0.667708  0.714639  0.688700  0.735877  0.749697  0.760580  0.592912  0.744290  0.809288  0.838506  0.756808  0.685994  0.734700 
24  0.749202  0.636975  0.650787  0.765279  0.727202  0.749119  0.723462  0.597866  0.696099  0.535441  0.595026  0.433729  0.604117  0.552144  0.785613  0.723017  0.813294  0.687290  0.862762  0.703243  0.739871  0.509056  0.770364  0.731709 0.0  0.627380  0.685741  0.630584  0.492289  0.591061  0.596194  0.704075  0.613419  0.606139  0.756844  0.685578  0.474817  0.598668  0.663986  0.773266  0.577401  0.641645  0.446525  0.756783  0.891408  0.580915  0.737331  0.679622  0.752866  0.694399  0.565060  0.783559  0.578689  0.642852  0.445434  0.654282  0.807846  0.738918  0.730575  0.686224  0.699738  0.582022  0.691115  0.257021  0.621551  0.424600  0.710615  0.710183  0.488911  0.772685  0.532978  0.601164  0.405019  0.489977  0.619760  0.432731  0.514711  0.645331  0.574649  0.663086  0.614794  0.647381  0.418204  0.457200  0.475711  0.840420  0.368911  0.574218  0.417642 
25  0.721808  0.886652  0.660608  0.833180  0.643541  0.669022  0.674393  0.792633  0.786247  0.446306  0.662080  0.500513  0.812243  0.524033  0.815270  0.556100  0.767478  0.552045  0.679059  0.530866  0.816465  0.518056  0.656831  0.841096  0.627380 0.0  0.783075  0.392007  0.546012  0.859687  0.781058  0.817617  0.697304  0.559198  0.488088  0.559422  0.575957  0.666721  0.817871  0.865178  0.732276  0.796244  0.629101  0.828946  0.855385  0.729829  0.622216  0.786815  0.719736  0.604330  0.734685  0.860936  0.820735  0.676907  0.349059  0.788108  0.754559  0.536703  0.755806  0.753715  0.821450  0.789315  0.481358  0.692806  0.638555  0.468053  0.640732  0.728117  0.808766  0.742963  0.621691  0.577431  0.593967  0.334518  0.772740  0.495285  0.633985  0.357185  0.388956  0.513690  0.559033  0.513640  0.645310  0.414221  0.578443  0.577131  0.584348  0.873106  0.552488 
26  0.690193  0.698131  0.700205  0.741045  0.884376  0.726075  0.700179  0.775487  0.791970  0.747662  0.676614  0.849629  0.760258  0.713993  0.695546  0.850085  0.465131  0.717352  0.758916  0.803521  0.720670  0.730738  0.753884  0.694369  0.685741  0.783075 0.0  0.744285  0.724519  0.755857  0.720599  0.837772  0.708171  0.837885  0.760399  0.768341  0.685217  0.750319  0.734746  0.672597  0.735440  0.929746  0.830449  0.780162  0.796770  0.648724  0.689774  0.734708  0.803130  0.755998  0.637890  0.798780  0.668876  0.441737  0.710412  0.733822  0.767670  0.869366  0.752619  0.790760  0.741510  0.665069  0.835550  0.708879  0.707121  0.837558  0.799186  0.837847  0.766185  0.892280  0.661845  0.692122  0.700228  0.755161  0.749425  0.680200  0.726856  0.786039  0.721404  1.000000  0.757331  0.878915  0.595777  0.812278  0.715059  0.823045  0.727186  0.680776  0.671628 
27  0.790524  0.748107  0.810742  0.843400  0.715490  0.302061  0.596079  0.896459  0.805330  0.564759  0.691293  0.640366  0.748633  0.449612  0.760687  0.489746  0.608234  0.406019  0.661213  0.546756  0.674907  0.459700  0.628350  0.789430  0.630584  0.392007  0.744285 0.0  0.771553  0.743184  0.608126  0.827644  0.839335  0.675060  0.311220  0.404816  0.620183  0.680183  0.806427  0.825149  0.666061  0.740879  0.634311  0.806090  0.761412  0.678191  0.660211  0.805458  0.720115  0.553399  0.759720  0.689950  0.859868  0.628331  0.518190  0.668630  0.705501  0.425687  0.713971  0.833931  0.772091  0.825234  0.394453  0.569355  0.609035  0.627333  0.785600  0.784376  0.833898  0.595881  0.473640  0.648014  0.685705  0.575999  0.680856  0.624413  0.775563  0.450546  0.628078  0.353095  0.287740  0.623291  0.643633  0.553609  0.693715  0.520295  0.538585  0.707645  0.613156 
28  0.623261  0.564357  0.595160  0.706122  0.602769  0.691324  0.641330  0.671527  0.675073  0.562001  0.642665  0.379664  0.763044  0.553222  0.812940  0.559308  0.810388  0.654308  0.677808  0.847204  0.600443  0.580470  0.659463  0.573243  0.492289  0.546012  0.724519  0.771553 0.0  0.704768  0.605925  0.731900  0.554182  0.432317  0.682436  0.669113  0.645328  0.444778  0.674113  0.692819  0.638997  0.561822  0.454616  0.803842  0.782819  0.746653  0.537419  0.770786  0.694607  0.600613  0.646889  0.793539  0.706694  0.821914  0.483482  0.649090  0.735348  0.801838  0.719259  0.710871  0.607243  0.646916  0.750773  0.343898  0.589981  0.524585  0.552200  0.688494  0.559520  0.628554  0.523322  0.467255  0.358101  0.633457  0.511883  0.346676  0.294902  0.649746  0.663826  0.674222  0.660464  0.372451  0.288559  0.508995  0.380816  0.737779  0.510552  0.630252  0.432643 
29  0.628609  0.354176  0.554524  0.627929  0.503176  0.812531  0.766449  0.616528  0.409609  0.836416  0.691403  0.714161  0.527139  0.808790  0.735926  0.699553  0.791374  0.861232  0.783431  0.809161  0.492141  0.684858  0.694428  0.552545  0.591061  0.859687  0.755857  0.743184  0.704768 0.0  0.536972  0.759413  0.603177  0.636194  0.710153  0.761405  0.782482  0.664598  0.704853  0.610387  0.615812  0.549133  0.668480  0.493255  0.761588  0.423304  0.674196  0.449023  0.693005  0.748786  0.576350  0.753044  0.694303  0.901119  0.778963  0.527389  0.754812  0.769896  0.495700  0.636657  0.636441  0.429304  0.768716  0.617327  0.739854  0.775836  0.665254  0.575517  0.681152  0.525503  0.757409  0.653326  0.731593  0.737167  0.551672  0.546098  0.572266  0.814534  0.721647  0.715303  0.738480  0.766525  0.610408  0.791525  0.711557  0.750689  0.758639  0.538459  0.699794 
30  0.505539  0.597918  0.666895  0.541591  0.655098  0.819609  0.564635  0.539151  0.654215  0.726887  0.732628  0.723806  0.547306  0.766250  0.699154  0.665253  0.713316  0.808441  0.689330  0.678752  0.604979  0.752318  0.715371  0.544537  0.596194  0.781058  0.720599  0.608126  0.605925  0.536972 0.0  0.588531  0.543963  0.721742  0.757835  0.662977  0.707705  0.667954  0.568368  0.679497  0.581669  0.596015  0.671734  0.681257  0.798638  0.502951  0.607652  0.528732  0.376037  0.740358  0.579191  0.649520  0.474388  0.763020  0.767406  0.543684  0.727551  0.822920  0.629065  0.487264  0.589918  0.604291  0.762779  0.642598  0.829897  0.852829  0.569729  0.568821  0.468570  0.674401  0.651169  0.779934  0.670074  0.617205  0.608358  0.559208  0.766148  0.668204  0.820662  0.743959  0.723659  0.573197  0.514050  0.721569  0.679971  0.784513  0.639130  0.585900  0.761365 
31  0.646800  0.831178  0.753327  0.675269  0.621890  0.675353  0.663019  0.670953  0.773966  0.749528  0.666633  0.818212  0.801218  0.809398  0.507912  0.740208  0.864897  0.790927  0.445353  0.562689  0.669419  0.788545  0.750892  0.487163  0.704075  0.817617  0.837772  0.827644  0.731900  0.759413  0.588531 0.0  0.762717  0.774882  0.828951  0.828665  0.819022  0.880994  0.475260  0.795852  0.743733  0.751373  0.902916  0.782965  0.534417  0.690513  0.722235  0.808892  0.700089  0.758670  0.738469  0.443230  0.603001  0.874844  0.706975  0.866655  0.664064  0.850829  0.669671  0.514756  0.614629  0.638042  0.785325  0.873281  0.869505  0.777330  0.767581  0.728807  0.675089  0.790551  0.796461  0.716260  0.794484  0.802245  0.630747  0.779326  0.720300  0.652628  0.777188  0.811700  0.829524  0.746295  0.703587  0.794635  0.882903  0.789734  0.830632  0.813327  0.623061 
32  0.748297  0.600801  0.641962  0.638238  0.658460  0.724295  0.782622  0.561214  0.460144  0.794182  0.699665  0.576469  0.603513  0.806588  0.655402  0.650585  0.659990  0.794874  0.768149  0.653710  0.640370  0.706505  0.725583  0.622401  0.613419  0.697304  0.708171  0.839335  0.554182  0.603177  0.543963  0.762717 0.0  0.540505  0.634538  0.603859  0.797099  0.668728  0.629859  0.598778  0.598092  0.357019  0.672059  0.634204  0.701345  0.634208  0.547966  0.635884  0.568566  0.559217  0.542206  0.736405  0.666093  0.855147  0.817952  0.641182  0.784748  0.685071  0.624386  0.628118  0.649550  0.531761  0.718197  0.603362  0.757195  0.697203  0.507065  0.656065  0.679717  0.652711  0.834877  0.472035  0.561846  0.824973  0.601189  0.607117  0.568176  0.701366  0.754012  0.674576  0.807404  0.622253  0.662248  0.763166  0.657627  0.625946  0.689768  0.741162  0.768530 
33  0.746670  0.752122  0.583648  0.626230  0.734118  0.723949  0.678302  0.722607  0.744682  0.581860  0.776803  0.364458  0.535603  0.733041  0.685247  0.534892  0.886627  0.680811  0.757319  0.711152  0.479009  0.690703  0.721528  0.696718  0.606139  0.559198  0.837885  0.675060  0.432317  0.636194  0.721742  0.774882  0.540505 0.0  0.649689  0.651796  0.655193  0.328843  0.650028  0.763003  0.675686  0.635765  0.397372  0.858039  0.765324  0.728044  0.544121  0.685566  0.618359  0.681132  0.574363  0.859591  0.705430  0.881060  0.613793  0.682579  0.767818  0.529310  0.671463  0.594111  0.766613  0.593719  0.605649  0.606385  0.693291  0.487079  0.660499  0.701722  0.574698  0.566653  0.564870  0.545433  0.530499  0.687417  0.740207  0.458487  0.484233  0.362561  0.634968  0.645218  0.715322  0.372012  0.441020  0.728186  0.574336  0.694672  0.603077  0.702509  0.500014 
34  0.832335  0.800625  0.695489  0.717485  0.816554  0.438732  0.584960  0.873639  0.768413  0.604370  0.713325  0.620081  0.777095  0.503869  0.848468  0.390487  0.607284  0.498112  0.639675  0.520656  0.794410  0.541703  0.738713  0.890845  0.756844  0.488088  0.760399  0.311220  0.682436  0.710153  0.757835  0.828951  0.634538  0.649689 0.0  0.462715  0.502188  0.677578  0.868792  0.701417  0.749710  0.738160  0.644161  0.827348  0.838076  0.694415  0.677643  0.776223  0.612990  0.401649  0.794255  0.860453  0.707806  0.642752  0.585001  0.801353  0.690859  0.429604  0.748866  0.673654  0.878510  0.753217  0.495275  0.679005  0.548285  0.526860  0.664010  0.750607  0.723179  0.574013  0.583602  0.594080  0.690400  0.588238  0.690404  0.636406  0.661501  0.335102  0.488958  0.429562  0.401644  0.587304  0.766141  0.508284  0.693952  0.355414  0.637767  0.733753  0.559111 
35  0.762672  0.802446  0.696365  0.691688  0.783864  0.493845  0.654896  0.694047  0.762408  0.497568  0.697672  0.541554  0.730676  0.557536  0.671855  0.457155  0.749152  0.485682  0.609213  0.578932  0.806054  0.414567  0.560711  0.805928  0.685578  0.559422  0.768341  0.404816  0.669113  0.761405  0.662977  0.828665  0.603859  0.651796  0.462715 0.0  0.492476  0.660020  0.826500  0.752283  0.759020  0.860087  0.679226  0.821059  0.897325  0.713858  0.584794  0.732943  0.699557  0.302555  0.731123  0.717578  0.787234  0.764594  0.538861  0.773940  0.642566  0.452747  0.733143  0.733636  0.777822  0.837525  0.429484  0.673768  0.525694  0.563970  0.693054  0.825669  0.683203  0.636145  0.490420  0.645371  0.618160  0.552056  0.654850  0.642316  0.575182  0.489212  0.539150  0.355228  0.349498  0.684538  0.813179  0.542035  0.511931  0.490796  0.609166  0.791807  0.570969 
36  0.849652  0.595559  0.723263  0.846327  0.769562  0.596912  0.628546  0.765646  0.836188  0.406933  0.543578  0.549019  0.884851  0.372941  0.795511  0.633555  0.801202  0.520922  0.684153  0.500109  0.717298  0.387003  0.688178  0.846233  0.474817  0.575957  0.685217  0.620183  0.645328  0.782482  0.707705  0.819022  0.797099  0.655193  0.502188  0.492476 0.0  0.630225  0.778671  0.795035  0.578200  0.806901  0.513188  0.715576  0.815363  0.651988  0.782592  0.790217  0.774512  0.627584  0.687851  0.708493  0.897289  0.619857  0.371655  0.748931  0.568428  0.544096  0.784194  0.890108  0.896728  0.767500  0.491831  0.352334  0.530966  0.255583  0.720777  0.715748  0.723574  0.813012  0.318357  0.771313  0.618690  0.482869  0.648930  0.617928  0.606785  0.448425  0.422410  0.485431  0.476323  0.606216  0.583462  0.406960  0.522340  0.537896  0.472549  0.797619  0.411900 
37  0.621425  0.798178  0.542925  0.593499  0.682801  0.755988  0.702202  0.697031  0.598268  0.678119  0.664409  0.406140  0.538178  0.669076  0.706035  0.509310  0.790325  0.724772  0.971321  0.716596  0.613490  0.638589  0.802134  0.727910  0.598668  0.666721  0.750319  0.680183  0.444778  0.664598  0.667954  0.880994  0.668728  0.328843  0.677578  0.660020  0.630225 0.0  0.684403  0.724387  0.581041  0.546218  0.498687  0.849495  0.764762  0.670366  0.584122  0.626856  0.568572  0.650292  0.696419  0.802133  0.624119  0.841189  0.600919  0.700214  0.787838  0.617404  0.655974  0.615402  0.708259  0.643551  0.653183  0.594024  0.599013  0.640848  0.480040  0.653137  0.712264  0.565959  0.607879  0.350640  0.575292  0.774756  0.529329  0.464510  0.388761  0.418680  0.645829  0.676623  0.832634  0.380078  0.378989  0.662437  0.390715  0.676644  0.610428  0.686991  0.685855 
38  0.451446  0.671124  0.593890  0.521136  0.506350  0.657092  0.651688  0.518371  0.670840  0.810479  0.663642  0.627592  0.601376  0.851052  0.663827  0.754122  0.824556  0.718260  0.588760  0.658104  0.468768  0.798970  0.735180  0.292882  0.663986  0.817871  0.734746  0.806427  0.674113  0.704853  0.568368  0.475260  0.629859  0.650028  0.868792  0.826500  0.778671  0.684403 0.0  0.520070  0.678614  0.604925  0.717221  0.764270  0.539821  0.673566  0.728076  0.629360  0.530781  0.822012  0.611596  0.594043  0.538049  0.745950  0.772659  0.692588  0.703066  0.778342  0.574185  0.432222  0.492767  0.690027  0.857300  0.714209  0.716669  0.739196  0.764304  0.438125  0.670437  0.705425  0.828671  0.782123  0.673075  0.782458  0.464609  0.716257  0.639503  0.681445  0.737047  0.804705  0.764319  0.775834  0.644784  0.701965  0.779309  0.798155  0.746915  0.708672  0.732644 
39  0.575262  0.656314  0.572287  0.645578  0.528014  0.680607  0.740314  0.562570  0.697979  0.748354  0.683141  0.653051  0.606556  0.782326  0.827394  0.764109  0.786387  0.691680  0.648715  0.718208  0.624351  0.794891  0.686062  0.590583  0.773266  0.865178  0.672597  0.825149  0.692819  0.610387  0.679497  0.795852  0.598778  0.763003  0.701417  0.752283  0.795035  0.724387  0.520070 0.0  0.473875  0.424568  0.699326  0.636011  0.738711  0.605391  0.662133  0.616666  0.593126  0.821896  0.619810  0.594266  0.660367  0.908685  0.774140  0.643986  0.770610  0.832220  0.544134  0.651940  0.529649  0.576906  0.664269  0.776524  0.674844  0.784215  0.694187  0.610941  0.515493  0.664903  0.734746  0.698422  0.692575  0.760688  0.518917  0.724364  0.740978  0.910307  0.677896  0.789177  0.799625  0.747705  0.675118  0.647849  0.759158  0.741576  0.739999  0.616891  0.684972 
40  0.625411  0.510046  0.631534  0.650442  0.680711  0.759842  0.588970  0.640431  0.619204  0.688067  0.619384  0.631818  0.653556  0.766196  0.702209  0.629904  0.650065  0.848152  0.682972  0.770334  0.704103  0.807313  0.714624  0.624805  0.577401  0.732276  0.735440  0.666061  0.638997  0.615812  0.581669  0.743733  0.598092  0.675686  0.749710  0.759020  0.578200  0.581041  0.678614  0.473875 0.0  0.426182  0.522929  0.619356  0.794040  0.516286  0.582266  0.527749  0.603816  0.635309  0.566506  0.760348  0.649489  0.752094  0.774630  0.514329  0.772810  0.645956  0.671724  0.682951  0.606013  0.617596  0.837644  0.594884  0.775404  0.814307  0.752546  0.627971  0.472061  0.623165  0.759724  0.658090  0.567115  0.616764  0.576753  0.651899  0.646341  0.681508  0.752271  0.726089  0.748107  0.602640  0.580207  0.799217  0.686053  0.695476  0.598843  0.525388  0.711818 
41  0.505959  0.530741  0.535589  0.606058  0.480931  0.655919  0.780813  0.484418  0.597817  0.823454  0.607824  0.775859  0.569989  0.781666  0.714839  0.703533  0.876233  0.634423  0.685222  0.828913  0.542142  0.757458  0.729247  0.521442  0.641645  0.796244  0.929746  0.740879  0.561822  0.549133  0.596015  0.751373  0.357019  0.635765  0.738160  0.860087  0.806901  0.546218  0.604925  0.424568  0.426182 0.0  0.736116  0.706775  0.656524  0.708740  0.603244  0.712254  0.630814  0.665124  0.525656  0.721882  0.486297  0.801240  0.767390  0.556718  0.641865  0.791273  0.593816  0.485781  0.607376  0.547104  0.814102  0.713207  0.695771  0.784314  0.592351  0.572378  0.602705  0.656861  0.805266  0.661570  0.623830  0.731238  0.426577  0.657188  0.636992  0.680838  0.826452  0.816895  0.725385  0.593270  0.551920  0.787925  0.662936  0.650487  0.705435  0.698433  0.603464 
42  0.679822  0.609167  0.492746  0.662317  0.581444  0.680530  0.851540  0.580160  0.681373  0.468528  0.633146  0.402910  0.628250  0.631304  0.744656  0.551390  0.886398  0.662794  0.820307  0.719398  0.669084  0.612569  0.815315  0.715749  0.446525  0.629101  0.830449  0.634311  0.454616  0.668480  0.671734  0.902916  0.672059  0.397372  0.644161  0.679226  0.513188  0.498687  0.717221  0.699326  0.522929  0.736116 0.0  0.788448  0.817743  0.633525  0.478464  0.664707  0.643933  0.613611  0.627767  0.832760  0.678822  0.868057  0.572962  0.676819  0.732105  0.684694  0.639556  0.673887  0.763484  0.660524  0.596390  0.574480  0.522291  0.570531  0.742670  0.589959  0.593220  0.658624  0.553545  0.395822  0.541727  0.558784  0.683824  0.349523  0.335573  0.409433  0.653967  0.653051  0.613961  0.456381  0.511126  0.557106  0.424373  0.662609  0.581222  0.681149  0.516006 
43  0.910901  0.524882  0.796128  0.786615  0.866512  0.759098  0.684319  0.831502  0.647718  0.808073  0.514262  0.776952  0.634486  0.800765  0.624537  0.708770  0.734800  0.767866  0.867716  0.759108  0.614652  0.875853  0.765357  0.846648  0.756783  0.828946  0.780162  0.806090  0.803842  0.493255  0.681257  0.782965  0.634204  0.858039  0.827348  0.821059  0.715576  0.849495  0.764270  0.636011  0.619356  0.706775  0.788448 0.0  0.699502  0.531425  0.662977  0.455806  0.799962  0.777334  0.803171  0.705879  0.797626  0.768529  0.766340  0.568422  0.816377  0.798756  0.754305  0.741346  0.789738  0.680119  0.747200  0.715951  0.767087  0.843129  0.679717  0.791040  0.709326  0.854928  0.716065  0.799077  0.853066  0.715613  0.725097  0.760386  0.915551  0.824830  0.740014  0.793038  0.686127  0.786073  0.752434  0.727384  0.818227  0.825297  0.709185  0.557622  0.801479 
44  0.581638  0.816621  0.707898  0.505787  0.629640  0.746631  0.736276  0.477817  0.923908  0.908211  0.665028  0.764126  0.726854  0.748325  0.458934  0.682223  0.873830  0.689021  0.681236  0.546170  0.727439  0.785950  0.654397  0.659606  0.891408  0.855385  0.796770  0.761412  0.782819  0.761588  0.798638  0.534417  0.701345  0.765324  0.838076  0.897325  0.815363  0.764762  0.539821  0.738711  0.794040  0.656524  0.817743  0.699502 0.0  0.724219  0.803472  0.861150  0.594755  0.646736  0.676024  0.393085  0.328262  0.845998  0.755761  0.861009  0.640878  0.753163  0.604346  0.489408  0.627632  0.759650  0.762172  0.789077  0.708053  0.737237  0.676977  0.477810  0.740262  0.830561  0.828610  0.625593  0.688324  0.856563  0.637957  0.708810  0.731095  0.702791  0.792825  0.793665  0.855668  0.737628  0.816201  0.875332  0.706503  0.794844  0.869830  0.829143  0.837604 
