89
0 0.0  0.638855  0.520881  0.416136  0.605613  0.741529  0.758241  0.406965  0.598040  0.845347  0.660218  0.726332  0.676906  0.854319  0.659091  0.783628  0.836139  0.779203  0.585856  0.619450  0.560791  0.847781  0.626181  0.522391  0.671161  0.712831  0.760855  0.760773  0.726972  0.679647  0.529667  0.631182  0.637390  0.665880  0.763386  0.885055  0.911811  0.682635  0.437726  0.560993  0.729289  0.557195  0.697151  0.738067  0.573314  0.649587  0.766748  0.690964  0.399875  0.746187  0.581348  0.465292  0.395065  0.936859  0.743271  0.605700  0.719326  0.777320  0.408321  0.261237  0.518474  0.544575  0.814398  0.842880  0.732520  0.890946  0.628229  0.492908  0.606896  0.598350  0.778962  0.677981  0.716004  0.756062  0.519637  0.721590  0.737997  0.699196  0.726916  0.760090  0.842132  0.739162  0.656890  0.930033  0.883351  0.918687  0.809176  0.772980  0.776296 
1  0.638855 0.0  0.603821  0.736834  0.638213  0.754492  0.739179  0.691790  0.386666  0.738414  0.683415  0.754068  0.562599  0.794758  0.900568  0.769973  0.766470  0.746222  0.774524  0.686194  0.707986  0.944660  0.658540  0.560785  0.686129  0.769981  0.705154  0.784526  0.704479  0.348598  0.607015  0.863235  0.581361  0.601911  0.787072  0.748314  0.733005  0.616045  0.719900  0.645517  0.487360  0.681027  0.622362  0.457232  0.808731  0.399742  0.669718  0.428708  0.797551  0.691594  0.625039  0.835840  0.726736  0.779687  0.772824  0.458182  0.747254  0.884047  0.687640  0.687859  0.701047  0.509032  0.819781  0.668214  0.825332  0.876141  0.608447  0.675920  0.506104  0.675513  0.941739  0.742622  0.638502  0.746517  0.551416  0.685741  0.750846  0.778958  0.847766  0.791125  0.680191  0.703291  0.593637  0.712500  0.763427  0.785791  0.716355  0.466164  0.679153 
2  0.520881  0.603821 0.0  0.623594  0.446316  0.767405  0.615774  0.553403  0.493510  0.800594  0.480206  0.551351  0.637517  0.791725  0.742179  0.701751  0.859096  0.755971  0.758962  0.748587  0.413718  0.815014  0.710339  0.520564  0.721935  0.851216  0.792089  0.683195  0.673243  0.655060  0.530456  0.677990  0.765320  0.608289  0.832241  0.726301  0.785190  0.492913  0.595776  0.614887  0.595100  0.635992  0.651683  0.677349  0.699030  0.599246  0.414498  0.590733  0.592099  0.743237  0.429149  0.706401  0.644973  0.895359  0.680374  0.605096  0.672712  0.797800  0.684163  0.596857  0.690203  0.604971  0.789103  0.715862  0.675281  0.658566  0.627653  0.688979  0.236870  0.533553  0.720415  0.628555  0.670004  0.817235  0.443824  0.605062  0.615326  0.688003  0.582146  0.759726  0.786963  0.658850  0.671577  0.767158  0.755535  0.735855  0.652102  0.645466  0.609527 
3  0.416136  0.736834  0.623594 0.0  0.755505  0.816236  0.682826  0.388693  0.550246  0.752777  0.629452  0.650727  0.567991  0.777472  0.522784  0.804081  0.769360  0.798402  0.627126  0.601916  0.524920  0.793646  0.697169  0.584820  0.709582  0.808218  0.699618  0.820222  0.662800  0.679936  0.601048  0.744513  0.631103  0.615376  0.815676  0.798608  0.929294  0.685749  0.569500  0.691215  0.580700  0.678258  0.641893  0.753512  0.667615  0.563898  0.595275  0.555882  0.348295  0.576988  0.544921  0.580119  0.517367  0.924863  0.719313  0.690825  0.694423  0.764228  0.505006  0.365049  0.358712  0.590590  0.692866  0.731445  0.824812  0.751771  0.596301  0.445524  0.604539  0.633359  0.849189  0.564582  0.644481  0.812433  0.617276  0.662163  0.711045  0.640839  0.805346  0.768071  0.889063  0.685171  0.716882  0.832559  0.693294  0.792939  0.797820  0.772780  0.624763 
4  0.605613  0.638213  0.446316  0.755505 0.0  0.709863  0.761173  0.584380  0.609769  0.840422  0.400942  0.625450  0.656221  0.816473  0.770454  0.636102  0.743789  0.763332  0.691829  0.776790  0.463147  0.833767  0.471141  0.578655  0.760478  0.806285  0.813314  0.768818  0.702657  0.653629  0.692138  0.676785  0.653000  0.676974  0.876333  0.882100  0.808481  0.610297  0.525003  0.557191  0.581710  0.616930  0.730494  0.780181  0.674189  0.643966  0.491033  0.644414  0.619239  0.685108  0.549140  0.709819  0.568591  0.797553  0.682951  0.683171  0.489830  0.814182  0.699263  0.521483  0.584385  0.679122  0.753606  0.689265  0.761312  0.807295  0.726674  0.663294  0.488341  0.614333  0.788034  0.657735  0.673160  0.766700  0.510831  0.619984  0.630415  0.769587  0.804474  0.788797  0.719154  0.609443  0.637262  0.712599  0.778515  0.769768  0.795145  0.700744  0.650411 
5  0.741529  0.754492  0.767405  0.816236  0.709863 0.0  0.583345  0.760650  0.758364  0.647777  0.683791  0.761246  0.827357  0.596209  0.799280  0.406614  0.760722  0.550072  0.658651  0.542222  0.765235  0.657104  0.589066  0.722202  0.724051  0.550388  0.744134  0.484575  0.665729  0.955237  0.782589  0.635779  0.841683  0.795058  0.447472  0.681560  0.645369  0.727182  0.810084  0.699446  0.715619  0.716835  0.752438  0.925344  0.809649  0.759448  0.745234  0.811031  0.783640  0.606987  0.736698  0.715579  0.755570  0.843591  0.553742  0.841013  0.604300  0.637151  0.781828  0.739115  0.707540  0.790382  0.495233  0.686287  0.653759  0.675406  0.788483  0.695385  0.832415  0.859358  0.748016  0.668455  0.634670  0.597322  0.749991  0.695390  0.788450  0.449779  0.588091  0.574633  0.409282  0.759801  0.746152  0.590716  0.756125  0.549243  0.695158  0.748363  0.638142 
6  0.758241  0.739179  0.615774  0.682826  0.761173  0.583345 0.0  0.759516  0.695022  0.561748  0.696196  0.757680  0.753386  0.603605  0.727401  0.663515  0.657293  0.646942  0.669673  0.718708  0.942648  0.669802  0.605902  0.778297  0.725904  0.549063  0.701250  0.561180  0.872749  0.662814  0.747187  0.660365  0.833259  0.698173  0.601584  0.671049  0.553572  0.783991  0.671702  0.775071  0.676785  0.706036  0.807479  0.801633  0.768688  0.647941  0.770565  0.721396  0.569157  0.813250  0.674676  0.684544  0.831006  0.551155  0.631686  0.653861  0.638276  0.714664  0.710885  0.707098  0.795202  0.580957  0.570736  0.663918  0.689737  0.716298  0.631310  0.771208  0.672307  0.638219  0.480199  0.722493  0.799285  0.603718  0.593099  0.725431  0.779348  0.712290  0.515116  0.693531  0.535318  0.778805  0.807544  0.668862  0.755314  0.665341  0.654598  0.771727  0.701390 
7  0.406965  0.691790  0.553403  0.388693  0.584380  0.760650  0.759516 0.0  0.719354  0.896020  0.748012  0.704600  0.713675  0.843085  0.698105  0.759186  0.798542  0.753813  0.636047  0.605001  0.520754  0.753078  0.584643  0.545704  0.820362  0.786214  0.759288  0.763546  0.712823  0.670135  0.626374  0.569136  0.678984  0.704252  0.736163  0.744118  0.824514  0.773264  0.329517  0.649802  0.736793  0.555771  0.792880  0.736804  0.450508  0.701457  0.620121  0.699745  0.471740  0.664181  0.561991  0.564642  0.301163  0.876376  0.765165  0.645867  0.679973  0.863862  0.459305  0.365643  0.439904  0.640998  0.839143  0.724545  0.674068  0.790202  0.634719  0.351671  0.482207  0.527624  0.810193  0.661256  0.599192  0.802427  0.500592  0.625071  0.712877  0.648656  0.814879  0.878523  0.738986  0.559450  0.589967  0.826765  0.773194  0.831542  0.969515  0.685888  0.755460 
8  0.598040  0.386666  0.493510  0.550246  0.609769  0.758364  0.695022  0.719354 0.0  0.949585  0.738613  0.719206  0.539314  0.773175  0.788779  0.626455  0.762484  0.903982  0.816113  0.768956  0.693603  0.921225  0.791726  0.744424  0.722760  0.808414  0.785590  0.830390  0.742412  0.395913  0.647388  0.833031  0.535501  0.765311  0.751637  0.821064  0.969317  0.550032  0.695419  0.583060  0.611959  0.572410  0.604415  0.607778  0.710410  0.544323  0.622308  0.504356  0.624948  0.758285  0.644299  0.894256  0.753339  0.919328  0.752141  0.519489  0.905477  0.770651  0.667659  0.673858  0.847659  0.449331  0.748815  0.682019  0.925288  0.639091  0.626355  0.706520  0.765274  0.573861  0.844977  0.552947  0.796655  0.801641  0.658304  0.685249  0.648596  0.671047  0.798545  0.902937  0.722079  0.613305  0.715982  0.869324  0.761468  0.746880  0.761534  0.446702  0.782907 
9  0.845347  0.738414  0.800594  0.752777  0.840422  0.647777  0.561748  0.896020  0.949585 0.0  0.804942  0.573892  0.726029  0.502791  0.916819  0.729752  0.719750  0.640969  0.648527  0.702982  0.726483  0.547589  0.675256  0.872397  0.507774  0.492087  0.826408  0.537056  0.575647  0.808328  0.713920  0.859885  0.697043  0.725036  0.616179  0.603744  0.533192  0.632696  0.925124  0.849927  0.827277  0.856756  0.511505  0.761021  1.000000  0.723453  0.755675  0.863635  0.851601  0.781711  0.841772  0.835282  0.745354  0.650747  0.502529  0.846694  0.689037  0.655123  0.831407  0.957396  0.775180  0.811260  0.632043  0.571156  0.384044  0.554640  0.816586  0.785758  0.747712  0.832776  0.409649  0.649175  0.621490  0.449818  0.823485  0.646407  0.561616  0.495224  0.462213  0.674753  0.512080  0.546887  0.590051  0.522027  0.502267  0.581696  0.432775  0.803103  0.419070 
10  0.660218  0.683415  0.480206  0.629452  0.400942  0.683791  0.696196  0.748012  0.738613  0.804942 0.0  0.734553  0.606927  0.582822  0.593931  0.596978  0.725704  0.734192  0.717462  0.683487  0.587419  0.772345  0.370503  0.751946  0.783845  0.610773  0.717663  0.645923  0.693687  0.751205  0.636398  0.639376  0.756612  0.631474  0.646310  0.610006  0.761381  0.648098  0.610930  0.741680  0.608651  0.664414  0.663079  0.621313  0.688282  0.589964  0.531043  0.602516  0.556730  0.683564  0.511117  0.711683  0.668095  0.802072  0.562693  0.647169  0.410124  0.710584  0.708156  0.577476  0.599897  0.566435  0.724345  0.599565  0.601708  0.693604  0.746306  0.663815  0.494935  0.606016  0.782085  0.676499  0.651577  0.811610  0.642698  0.647378  0.695221  0.688784  0.713892  0.659656  0.641144  0.617683  0.705411  0.723971  0.740878  0.711837  0.677369  0.649275  0.719533 
11  0.726332  0.754068  0.551351  0.650727  0.625450  0.761246  0.757680  0.704600  0.719206  0.573892  0.734553 0.0  0.535907  0.726089  0.784344  0.564268  0.880953  0.738544  0.803698  0.754658  0.733312  0.672316  0.778249  0.744428  0.549871  0.564638  0.743861  0.635259  0.475085  0.677668  0.640251  0.940010  0.595609  0.359237  0.771891  0.716885  0.603185  0.327675  0.786377  0.626951  0.643616  0.595544  0.533842  0.944439  0.846300  0.671045  0.595600  0.702322  0.628750  0.651038  0.507622  0.948437  0.682948  0.767343  0.653616  0.755255  0.901478  0.680903  0.701945  0.583493  0.650634  0.638005  0.625345  0.490824  0.660054  0.532937  0.582712  0.811677  0.684360  0.568756  0.504208  0.423064  0.349972  0.691039  0.662013  0.360171  0.296789  0.454800  0.585710  0.723962  0.683079  0.438309  0.439822  0.691668  0.497549  0.684461  0.601911  0.807316  0.568839 
12  0.676906  0.562599  0.637517  0.567991  0.656221  0.827357  0.753386  0.713675  0.539314  0.726029  0.606927  0.535907 0.0  0.877666  0.671796  0.682100  0.830770  0.840610  0.756636  0.747165  0.506172  0.755091  0.684187  0.688711  0.758759  0.822543  0.780596  0.800647  0.729919  0.521403  0.626753  0.768651  0.532667  0.575797  0.728906  0.778967  0.861435  0.674348  0.753741  0.602303  0.525027  0.615104  0.606232  0.787239  0.762119  0.568642  0.583428  0.581661  0.730693  0.681558  0.523875  0.762767  0.775789  0.890895  0.720960  0.578059  0.699741  0.755829  0.615814  0.705524  0.748248  0.480116  0.766954  0.690455  0.851703  0.658148  0.621145  0.768341  0.623089  0.554643  0.864588  0.591332  0.714501  0.746975  0.596600  0.678150  0.649459  0.706319  0.824732  0.709281  0.838594  0.744532  0.664179  0.672288  0.633757  0.749826  0.800464  0.649172  0.798431 
13  0.854319  0.794758  0.791725  0.777472  0.816473  0.596209  0.603605  0.843085  0.773175  0.502791  0.582822  0.726089  0.877666 0.0  0.820460  0.663613  0.666139  0.643493  0.623044  0.697135  0.806033  0.399414  0.580031  0.895146  0.482887  0.579119  0.747077  0.537156  0.568056  0.808118  0.823421  0.749398  0.771930  0.718346  0.608118  0.582746  0.437532  0.612193  0.869181  0.792641  0.732502  0.815971  0.531870  0.827240  0.873074  0.641660  0.712506  0.868979  0.681872  0.587197  0.796580  0.885007  0.887155  0.735930  0.295367  0.686257  0.671147  0.652798  0.906745  0.813913  0.806690  0.783374  0.627385  0.529275  0.526527  0.414177  0.865324  0.832389  0.809262  0.877854  0.460650  0.593630  0.610343  0.496494  0.844801  0.561680  0.658122  0.369425  0.419796  0.638996  0.592529  0.641179  0.515143  0.388119  0.474683  0.533348  0.482067  0.831536  0.525944 
14  0.659091  0.900568  0.742179  0.522784  0.770454  0.799280  0.727401  0.698105  0.788779  0.916819  0.593931  0.784344  0.671796  0.820460 0.0  0.624367  0.851039  0.785311  0.651716  0.576043  0.679348  0.813842  0.804715  0.663769  0.814335  0.861782  0.842546  0.835183  0.808208  0.832850  0.680585  0.525196  0.732773  0.720821  0.729807  0.794505  0.818890  0.687506  0.703298  0.742414  0.803856  0.759699  0.799494  0.705088  0.421690  0.916276  0.733605  0.717355  0.617319  0.741240  0.713723  0.547423  0.608824  0.783208  0.863640  0.723114  0.845627  0.680163  0.552844  0.665601  0.641200  0.587008  0.743145  0.894683  0.864856  0.809655  0.830793  0.633483  0.793274  0.753049  0.838176  0.764944  0.899125  0.770082  0.767035  0.713112  0.774781  0.642288  0.758243  0.790275  0.852748  0.798992  0.829958  0.780481  0.696357  0.789503  0.791083  0.811477  0.816811 
15  0.783628  0.769973  0.701751  0.804081  0.636102  0.406614  0.663515  0.759186  0.626455  0.729752  0.596978  0.564268  0.682100  0.663613  0.624367 0.0  0.700292  0.539720  0.683316  0.529141  0.843213  0.570085  0.603944  0.678236  0.641675  0.603266  0.815439  0.391773  0.582798  0.811401  0.736426  0.706592  0.762405  0.582879  0.434479  0.505490  0.627612  0.466497  0.736375  0.717345  0.775690  0.741631  0.602752  0.816614  0.787845  0.745240  0.559292  0.787697  0.536523  0.299375  0.830073  0.683483  0.780934  0.833964  0.658097  0.756239  0.795553  0.404062  0.562546  0.743011  0.769716  0.733928  0.456148  0.731822  0.645660  0.553666  0.622022  0.644810  0.694220  0.629251  0.583020  0.515949  0.680179  0.646962  0.633478  0.484043  0.500028  0.527971  0.649037  0.520866  0.498834  0.539789  0.681271  0.649791  0.594950  0.474809  0.671633  0.734744  0.629153 
16  0.836139  0.766470  0.859096  0.769360  0.743789  0.760722  0.657293  0.798542  0.762484  0.719750  0.725704  0.880953  0.830770  0.666139  0.851039  0.700292 0.0  0.643448  0.706384  0.750108  0.802131  0.822129  0.748574  0.885673  0.803876  0.612582  0.507917  0.702569  0.770001  0.857123  0.674315  0.859559  0.813779  0.839380  0.648104  0.930636  0.814952  0.884831  0.840715  0.836070  0.704916  0.796139  0.894679  0.786677  0.874526  0.725546  0.823341  0.839782  0.810728  0.868746  0.793453  0.768107  0.867606  0.421249  0.647699  0.790020  0.723314  0.780645  0.819268  0.882726  0.873732  0.816482  0.631900  0.771423  0.825777  0.699453  0.762772  0.729679  0.834922  0.790329  0.681113  0.853324  0.874261  0.625539  0.781386  0.888014  0.830747  0.789330  0.620018  0.719596  0.703573  0.838870  0.674225  0.574294  0.824441  0.652861  0.820844  0.788979  0.748915 
17  0.779203  0.746222  0.755971  0.798402  0.763332  0.550072  0.646942  0.753813  0.903982  0.640969  0.734192  0.738544  0.840610  0.643493  0.785311  0.539720  0.643448 0.0  0.602724  0.702056  0.649511  0.594759  0.579289  0.759556  0.817714  0.561340  0.775872  0.381358  0.623586  0.770488  0.783305  0.686588  0.807300  0.868436  0.567301  0.497643  0.577968  0.750449  0.760454  0.816956  0.839910  0.746590  0.708702  0.873486  0.746902  0.890715  0.711244  0.851266  0.956054  0.463386  0.663643  0.728762  0.702909  0.786514  0.570545  0.730796  0.597372  0.264461  0.832855  0.688238  0.757906  0.728185  0.517599  0.719727  0.591727  0.628074  0.797522  0.803011  0.728479  0.801957  0.534748  0.644524  0.732876  0.557975  0.776675  0.628746  0.739585  0.545791  0.527418  0.396829  0.509329  0.777067  0.702298  0.639025  0.766446  0.450406  0.736605  0.875173  0.528092 
18  0.585856  0.774524  0.758962  0.627126  0.691829  0.658651  0.669673  0.636047  0.816113  0.648527  0.717462  0.803698  0.756636  0.623044  0.651716  0.683316  0.706384  0.602724 0.0  0.547848  0.718064  0.702638  0.683180  0.468830  0.791674  0.722227  0.881700  0.617276  0.730181  0.774478  0.727732  0.490714  0.675098  0.868260  0.832472  0.779521  0.717338  0.856903  0.491689  0.769898  0.702981  0.673161  0.813091  0.855317  0.567526  0.770212  0.740151  0.794126  0.623327  0.735433  0.768494  0.556938  0.587121  0.763869  0.710035  0.853180  0.556250  0.723050  0.723255  0.636474  0.662703  0.903319  0.837599  0.808708  0.677095  0.721458  0.848125  0.558836  0.822827  0.948427  0.862737  0.708151  0.781773  0.681449  0.600609  0.805138  0.858885  0.599933  0.582544  0.806284  0.660153  0.761729  0.745494  0.625060  0.871367  0.760648  0.824481  0.946633  0.593586 
19  0.619450  0.686194  0.748587  0.601916  0.776790  0.542222  0.718708  0.605001  0.768956  0.702982  0.683487  0.754658  0.747165  0.697135  0.576043  0.529141  0.750108  0.702056  0.547848 0.0  0.849219  0.638560  0.623419  0.703408  0.818303  0.615220  0.741299  0.576781  0.827756  0.803119  0.534576  0.646410  0.817190  0.692689  0.569585  0.498509  0.625995  0.683500  0.637042  0.847185  0.828461  0.718050  0.676896  0.817239  0.589525  0.800524  0.616542  0.660493  0.684218  0.754767  0.756922  0.704348  0.595055  0.710605  0.565257  0.925903  0.600946  0.459537  0.657704  0.613388  0.665636  0.782928  0.645802  0.821184  0.687371  0.501977  0.643928  0.623536  0.762226  0.768532  0.548582  0.637590  0.748652  0.506860  0.756393  0.656220  0.734970  0.551730  0.540180  0.641492  0.463526  0.805967  0.818486  0.611590  0.631012  0.610797  0.623296  0.867182  0.613587 
20  0.560791  0.707986  0.413718  0.524920  0.463147  0.765235  0.942648  0.520754  0.693603  0.726483  0.587419  0.733312  0.506172  0.806033  0.679348  0.843213  0.802131  0.649511  0.718064  0.849219 0.0  0.765369  0.554928  0.560244  0.769728  0.735563  0.788601  0.865591  0.644327  0.608378  0.645685  0.728019  0.665954  0.557703  0.694385  0.790738  0.775299  0.663687  0.558459  0.563488  0.650112  0.558870  0.678987  0.873875  0.782740  0.718228  0.580779  0.515165  0.656062  0.778483  0.504362  0.682450  0.613811  0.786809  0.860944  0.584343  0.591671  0.782325  0.690106  0.519788  0.623803  0.518889  0.793773  0.605272  0.697735  0.835121  0.739356  0.550571  0.470113  0.588734  0.650311  0.759131  0.644826  0.796766  0.532762  0.591227  0.651648  0.735855  0.790944  0.839808  0.734078  0.717278  0.597850  0.801297  0.738192  0.824922  0.685944  0.666641  0.562042 
21  0.847781  0.944660  0.815014  0.793646  0.833767  0.657104  0.669802  0.753078  0.921225  0.547589  0.772345  0.672316  0.755091  0.399414  0.813842  0.570085  0.822129  0.594759  0.702638  0.638560  0.765369 0.0  0.688021  0.865785  0.792763  0.374824  0.672289  0.610327  0.557305  0.828983  0.775475  0.794799  0.698156  0.597477  0.558187  0.662490  0.613051  0.530159  0.957665  0.881385  0.837656  0.814693  0.647032  0.861685  0.889614  0.859369  0.741829  0.820284  0.770032  0.669458  0.774630  0.869065  0.791835  0.794712  0.346276  0.734223  0.645395  0.546065  0.826249  0.851260  0.814300  0.767920  0.498237  0.612188  0.468157  0.484307  0.700353  0.858253  0.952750  0.737819  0.490065  0.572023  0.591729  0.558543  0.733507  0.623260  0.621294  0.180692  0.552193  0.538779  0.723319  0.730543  0.646293  0.444141  0.508121  0.513848  0.548102  0.895940  0.364413 
22  0.626181  0.658540  0.710339  0.697169  0.471141  0.589066  0.605902  0.584643  0.791726  0.675256  0.370503  0.778249  0.684187  0.580031  0.804715  0.603944  0.748574  0.579289  0.683180  0.623419  0.554928  0.688021 0.0  0.839092  0.761706  0.759728  0.831504  0.727192  0.809880  0.735226  0.800475  0.772085  0.677036  0.734267  0.590773  0.666157  0.686194  0.795448  0.713619  0.688158  0.812338  0.709162  0.688585  0.836896  0.695330  0.780233  0.630168  0.691474  0.800142  0.780916  0.570533  0.690011  0.697678  0.727344  0.622674  0.604614  0.236214  0.707537  0.805367  0.605107  0.510459  0.731579  0.653343  0.840689  0.685247  0.694458  0.712605  0.717460  0.593634  0.801288  0.646855  0.797737  0.753837  0.659359  0.682768  0.735325  0.868537  0.671072  0.535075  0.726377  0.664118  0.822311  0.645908  0.671266  0.719282  0.748596  0.736000  0.699676  0.807558 
23  0.522391  0.560785  0.520564  0.584820  0.578655  0.722202  0.778297  0.545704  0.744424  0.872397  0.751946  0.744428  0.688711  0.895146  0.663769  0.678236  0.885673  0.759556  0.468830  0.703408  0.560244  0.865785  0.839092 0.0  0.709245  0.836948  0.791505  0.867667  0.646649  0.674068  0.573220  0.512184  0.706996  0.711258  0.931259  0.882292  0.861035  0.703386  0.331324  0.600031  0.699467  0.548652  0.692629  0.769243  0.646010  0.697483  0.566731  0.762234  0.611813  0.757165  0.574417  0.541141  0.473807  0.782267  0.792912  0.792941  0.704392  0.881005  0.670509  0.380027  0.467989  0.674769  0.891237  0.724262  0.748891  0.857541  0.715356  0.510990  0.524487  0.755206  0.932884  0.753796  0.706032  0.741318  0.505521  0.590545  0.799099  0.749848  0.738405  0.893889  0.795894  0.688936  0.685946  0.811376  0.784215  0.846113  0.869144  0.684284  0.797936 
24  0.671161  0.686129  0.721935  0.709582  0.760478  0.724051  0.725904  0.820362  0.722760  0.507774  0.783845  0.549871  0.758759  0.482887  0.814335  0.641675  0.803876  0.817714  0.791674  0.818303  0.769728  0.792763  0.761706  0.709245 0.0  0.596714  0.644628  0.676384  0.436919  0.706975  0.600975  0.936805  0.739431  0.606131  0.852087  0.769258  0.428080  0.483169  0.771191  0.686169  0.585320  0.670895  0.573320  0.642114  0.848561  0.658478  0.666401  0.664964  0.713954  0.665049  0.636062  0.879145  0.717634  0.875571  0.580130  0.640960  0.761854  0.763161  0.707689  0.681403  0.656941  0.685033  0.828782  0.257341  0.744502  0.533507  0.757185  0.695757  0.673583  0.752323  0.636536  0.528208  0.529405  0.573324  0.447853  0.531233  0.525582  0.592805  0.580705  0.666857  0.808790  0.557676  0.484724  0.459331  0.542971  0.732390  0.291443  0.629224  0.446210 
25  0.712831  0.769981  0.851216  0.808218  0.806285  0.550388  0.549063  0.786214  0.808414  0.492087  0.610773  0.564638  0.822543  0.579119  0.861782  0.603266  0.612582  0.561340  0.722227  0.615220  0.735563  0.374824  0.759728  0.836948  0.596714 0.0  0.799106  0.563280  0.552182  0.805129  0.845248  0.827998  0.715234  0.585618  0.589961  0.506375  0.422831  0.589084  0.898070  0.831367  0.733651  0.847636  0.581103  0.834783  0.826249  0.776027  0.629926  0.752355  0.716970  0.515657  0.754117  0.714105  0.829766  0.707186  0.522769  0.795210  0.661447  0.482218  0.746162  0.825424  0.882631  0.784604  0.570614  0.576934  0.514582  0.452985  0.689320  0.766549  0.770441  0.734087  0.485857  0.587226  0.537263  0.430618  0.712695  0.624586  0.632808  0.451250  0.372722  0.521912  0.589101  0.533735  0.634707  0.513635  0.512368  0.421618  0.664744  0.811898  0.479762 
26  0.760855  0.705154  0.792089  0.699618  0.813314  0.744134  0.701250  0.759288  0.785590  0.826408  0.717663  0.743861  0.780596  0.747077  0.842546  0.815439  0.507917  0.775872  0.881700  0.741299  0.788601  0.672289  0.831504  0.791505  0.644628  0.799106 0.0  0.736901  0.783133  0.740557  0.806220  0.803313  0.794652  0.705251  0.754508  0.815669  0.758148  0.845476  0.772155  0.890342  0.839934  0.835822  0.769062  0.674776  0.769186  0.639013  0.911131  0.817738  0.792821  0.818551  0.710643  0.792431  0.805181  0.459262  0.880166  0.747760  0.738234  0.901690  0.823449  0.896998  0.711787  0.834855  0.830976  0.680084  0.827365  0.779833  0.746983  0.620041  0.732899  0.765522  0.733869  0.776827  0.744933  0.714119  0.799137  0.780989  0.780346  0.894339  0.886201  0.769833  0.768877  0.822084  0.744821  0.781737  0.951523  0.834846  0.710634  0.678757  0.775295 
27  0.760773  0.784526  0.683195  0.820222  0.768818  0.484575  0.561180  0.763546  0.830390  0.537056  0.645923  0.635259  0.800647  0.537156  0.835183  0.391773  0.702569  0.381358  0.617276  0.576781  0.865591  0.610327  0.727192  0.867667  0.676384  0.563280  0.736901 0.0  0.695750  0.775755  0.764060  0.757709  0.774991  0.796354  0.389134  0.572371  0.588607  0.795603  0.763887  0.818454  0.697374  0.626351  0.675891  0.673547  0.818720  0.670089  0.712118  0.691827  0.851694  0.600134  0.716652  0.770078  0.863839  0.715887  0.615297  0.744311  0.654401  0.456296  0.762572  0.787938  0.746238  0.880629  0.407104  0.592003  0.613152  0.676856  0.728782  0.745645  0.671743  0.882256  0.469072  0.667005  0.726662  0.497417  0.592772  0.771399  0.638942  0.481499  0.531370  0.481165  0.369952  0.735524  0.615562  0.651658  0.674841  0.454587  0.631130  0.746088  0.531591 
28  0.726972  0.704479  0.673243  0.662800  0.702657  0.665729  0.872749  0.712823  0.742412  0.575647  0.693687  0.475085  0.729919  0.568056  0.808208  0.582798  0.770001  0.623586  0.730181  0.827756  0.644327  0.557305  0.809880  0.646649  0.436919  0.552182  0.783133  0.695750 0.0  0.708875  0.587107  0.673320  0.670949  0.517918  0.694424  0.793916  0.581752  0.475435  0.717544  0.597345  0.694582  0.599131  0.457056  0.801091  0.779934  0.681560  0.589816  0.580965  0.597681  0.525142  0.666883  0.833858  0.639180  0.829657  0.521930  0.654608  0.661988  0.737372  0.570456  0.615432  0.680594  0.788970  0.683317  0.460198  0.541989  0.558490  0.568919  0.670458  0.629055  0.735020  0.492804  0.410605  0.206709  0.597061  0.668909  0.363877  0.415786  0.490335  0.748561  0.743505  0.648337  0.464538  0.481207  0.603150  0.395054  0.723049  0.447479  0.735607  0.529352 
29  0.679647  0.348598  0.655060  0.679936  0.653629  0.955237  0.662814  0.670135  0.395913  0.808328  0.751205  0.677668  0.521403  0.808118  0.832850  0.811401  0.857123  0.770488  0.774478  0.803119  0.608378  0.828983  0.735226  0.674068  0.706975  0.805129  0.740557  0.775755  0.708875 0.0  0.672664  0.733965  0.528817  0.653019  0.765957  0.701023  0.889855  0.714325  0.567186  0.647158  0.692861  0.598764  0.601123  0.495799  0.758076  0.432707  0.548960  0.387263  0.594680  0.807296  0.628722  0.793933  0.652792  0.790005  0.826983  0.510911  0.699500  0.815754  0.517473  0.690489  0.643957  0.436370  0.758851  0.653066  0.791293  0.813184  0.634346  0.680293  0.503499  0.723488  0.809694  0.585561  0.598407  0.843441  0.516218  0.670814  0.649450  0.738792  0.786852  0.715489  0.887975  0.689030  0.695422  0.759709  0.873909  0.807136  0.801246  0.418274  0.828503 
30  0.529667  0.607015  0.530456  0.601048  0.692138  0.782589  0.747187  0.626374  0.647388  0.713920  0.636398  0.640251  0.626753  0.823421  0.680585  0.736426  0.674315  0.783305  0.727732  0.534576  0.645685  0.775475  0.800475  0.573220  0.600975  0.845248  0.806220  0.764060  0.587107  0.672664 0.0  0.636638  0.628267  0.707109  0.862112  0.811724  0.825286  0.727755  0.527480  0.743986  0.601513  0.685450  0.774007  0.818797  0.668865  0.539476  0.663633  0.707432  0.580167  0.829676  0.626616  0.748561  0.560264  0.802945  0.771338  0.637704  0.805600  0.726458  0.517256  0.509905  0.554468  0.504196  0.848145  0.692740  0.779416  0.680859  0.615174  0.561845  0.380468  0.602495  0.765350  0.684631  0.687043  0.711996  0.644916  0.632209  0.625664  0.654594  0.851804  0.816279  0.752171  0.692124  0.493351  0.850978  0.670646  0.798808  0.699955  0.645363  0.690722 
31  0.631182  0.863235  0.677990  0.744513  0.676785  0.635779  0.660365  0.569136  0.833031  0.859885  0.639376  0.940010  0.768651  0.749398  0.525196  0.706592  0.859559  0.686588  0.490714  0.646410  0.728019  0.794799  0.772085  0.512184  0.936805  0.827998  0.803313  0.757709  0.673320  0.733965  0.636638 0.0  0.692269  0.925197  0.908878  0.804419  0.819581  0.827199  0.427525  0.747119  0.850410  0.722413  0.917405  0.717409  0.609213  0.735109  0.644853  0.843941  0.685162  0.838732  0.761964  0.455449  0.531093  0.951658  0.774352  0.840654  0.781558  0.801086  0.622261  0.592509  0.589296  0.653171  0.756528  0.865807  0.719407  0.937334  0.855946  0.707407  0.802952  0.881567  0.787266  0.815334  0.849290  0.820606  0.690461  0.703624  0.894671  0.722282  0.724921  0.856290  0.798697  0.860634  0.892353  0.926827  0.863245  0.812982  0.756060  0.831632  0.834407 
32  0.637390  0.581361  0.765320  0.631103  0.653000  0.841683  0.833259  0.678984  0.535501  0.697043  0.756612  0.595609  0.532667  0.771930  0.732773  0.762405  0.813779  0.807300  0.675098  0.817190  0.665954  0.698156  0.677036  0.706996  0.739431  0.715234  0.794652  0.774991  0.670949  0.528817  0.628267  0.692269 0.0  0.599516  0.780014  0.689062  0.789485  0.621522  0.689617  0.591827  0.537536  0.450009  0.580492  0.699057  0.666292  0.611974  0.688067  0.729944  0.428549  0.568793  0.699553  0.755088  0.656230  0.780138  0.850299  0.627837  0.702243  0.679030  0.474904  0.626311  0.695079  0.705193  0.737338  0.633032  0.684196  0.743745  0.557400  0.657004  0.626059  0.682049  0.842020  0.440785  0.679889  0.745084  0.673969  0.676007  0.627081  0.691350  0.744184  0.634869  0.738277  0.564372  0.602854  0.679423  0.632769  0.687474  0.734747  0.594866  0.646558 
33  0.665880  0.601911  0.608289  0.615376  0.676974  0.795058  0.698173  0.704252  0.765311  0.725036  0.631474  0.359237  0.575797  0.718346  0.720821  0.582879  0.839380  0.868436  0.868260  0.692689  0.557703  0.597477  0.734267  0.711258  0.606131  0.585618  0.705251  0.796354  0.517918  0.653019  0.707109  0.925197  0.599516 0.0  0.772443  0.734636  0.684096  0.271238  0.804191  0.784482  0.703911  0.643407  0.456794  0.841383  0.815324  0.641818  0.535863  0.697373  0.619430  0.594524  0.602252  0.819391  0.732845  0.841891  0.604160  0.642867  0.737609  0.645758  0.726929  0.760878  0.738542  0.667150  0.720483  0.518071  0.719926  0.699932  0.618644  0.509926  0.645669  0.615563  0.648998  0.495842  0.600763  0.688493  0.504230  0.485465  0.421524  0.502839  0.659903  0.691144  0.720577  0.394353  0.476321  0.592357  0.624376  0.705348  0.615492  0.768867  0.559961 
34  0.763386  0.787072  0.832241  0.815676  0.876333  0.447472  0.601584  0.736163  0.751637  0.616179  0.646310  0.771891  0.728906  0.608118  0.729807  0.434479  0.648104  0.567301  0.832472  0.569585  0.694385  0.558187  0.590773  0.931259  0.852087  0.589961  0.754508  0.389134  0.694424  0.765957  0.862112  0.908878  0.780014  0.772443 0.0  0.451658  0.599869  0.701252  0.850243  0.899917  0.888052  0.761990  0.641649  0.792537  0.951916  0.819707  0.573939  0.856839  0.837386  0.381232  0.740815  0.855849  0.841289  0.676267  0.544753  0.824652  0.688808  0.364394  0.752285  0.764096  0.752251  0.785924  0.465440  0.794866  0.748106  0.479852  0.751256  0.797144  0.856436  0.850038  0.642739  0.639341  0.691463  0.530843  0.721788  0.730332  0.782781  0.433638  0.453012  0.475584  0.253311  0.626595  0.728712  0.673780  0.587156  0.448153  0.608351  0.794536  0.606338 
35  0.885055  0.748314  0.726301  0.798608  0.882100  0.681560  0.671049  0.744118  0.821064  0.603744  0.610006  0.716885  0.778967  0.582746  0.794505  0.505490  0.930636  0.497643  0.779521  0.498509  0.790738  0.662490  0.666157  0.882292  0.769258  0.506375  0.815669  0.572371  0.793916  0.701023  0.811724  0.804419  0.689062  0.734636  0.451658 0.0  0.484046  0.774660  0.919741  0.826873  0.842243  0.844375  0.670100  0.864483  0.809825  0.892646  0.703813  0.844455  0.685992  0.494271  0.700042  0.878429  0.766306  0.663267  0.553308  0.824707  0.747004  0.458921  0.698301  0.832861  0.860975  0.804939  0.372066  0.662398  0.683150  0.514794  0.730881  0.796811  0.731034  0.683634  0.588656  0.654019  0.653444  0.511981  0.764583  0.730518  0.574112  0.513560  0.390917  0.594099  0.519420  0.687300  0.623562  0.571628  0.684817  0.586434  0.664000  0.788366  0.643884 
36  0.911811  0.733005  0.785190  0.929294  0.808481  0.645369  0.553572  0.824514  0.969317  0.533192  0.761381  0.603185  0.861435  0.437532  0.818890  0.627612  0.814952  0.577968  0.717338  0.625995  0.775299  0.613051  0.686194  0.861035  0.428080  0.422831  0.758148  0.588607  0.581752  0.889855  0.825286  0.819581  0.789485  0.684096  0.599869  0.484046 0.0  0.645030  0.886738  0.798992  0.823117  0.820842  0.676523  0.729424  0.813493  0.776139  0.755032  0.743262  0.780407  0.623879  0.700095  0.867288  0.913245  0.692663  0.352520  0.706133  0.693237  0.530997  0.760509  0.831351  0.759009  0.849758  0.566864  0.482434  0.483034  0.426791  0.822112  0.733975  0.822207  0.739505  0.400911  0.645860  0.468873  0.480632  0.784472  0.632254  0.624244  0.454812  0.485127  0.590528  0.518516  0.665359  0.562534  0.481118  0.576825  0.587802  0.272921  0.781111  0.426407 
37  0.682635  0.616045  0.492913  0.685749  0.610297  0.727182  0.783991  0.773264  0.550032  0.632696  0.648098  0.327675  0.674348  0.612193  0.687506  0.466497  0.884831  0.750449  0.856903  0.683500  0.663687  0.530159  0.795448  0.703386  0.483169  0.589084  0.845476  0.795603  0.475435  0.714325  0.727755  0.827199  0.621522  0.271238  0.701252  0.774660  0.645030 0.0  0.778794  0.662344  0.658706  0.678011  0.463568  0.770530  0.831418  0.656594  0.522028  0.603787  0.589367  0.623306  0.595241  0.846037  0.727495  0.843484  0.695538  0.715340  0.871920  0.722091  0.625344  0.693122  0.712022  0.602505  0.728537  0.631131  0.774587  0.612494  0.469855  0.687501  0.677140  0.429773  0.591632  0.374921  0.411590  0.644162  0.556577  0.482990  0.458551  0.464030  0.632568  0.727883  0.657709  0.469896  0.460259  0.696688  0.497281  0.634256  0.582351  0.813574  0.591725 
38  0.437726  0.719900  0.595776  0.569500  0.525003  0.810084  0.671702  0.329517  0.695419  0.925124  0.610930  0.786377  0.753741  0.869181  0.703298  0.736375  0.840715  0.760454  0.491689  0.637042  0.558459  0.957665  0.713619  0.331324  0.771191  0.898070  0.772155  0.763887  0.717544  0.567186  0.527480  0.427525  0.689617  0.804191  0.850243  0.919741  0.886738  0.778794 0.0  0.644079  0.687976  0.625919  0.854841  0.838873  0.613218  0.690421  0.667367  0.617726  0.620819  0.829572  0.517347  0.668015  0.467095  0.722093  0.849889  0.652172  0.718292  0.820744  0.615505  0.332282  0.484621  0.677474  0.947942  0.739082  0.754049  0.857484  0.651927  0.430813  0.603592  0.687258  0.878280  0.698684  0.732104  0.826440  0.490339  0.700157  0.770365  0.855413  0.862498  0.735586  0.752591  0.749033  0.702170  0.862889  0.876930  0.814785  0.799780  0.701682  0.795963 
39  0.560993  0.645517  0.614887  0.691215  0.557191  0.699446  0.775071  0.649802  0.583060  0.849927  0.741680  0.626951  0.602303  0.792641  0.742414  0.717345  0.836070  0.816956  0.769898  0.847185  0.563488  0.881385  0.688158  0.600031  0.686169  0.831367  0.890342  0.818454  0.597345  0.647158  0.743986  0.747119  0.591827  0.784482  0.899917  0.826873  0.798992  0.662344  0.644079 0.0  0.464610  0.428763  0.686116  0.867356  0.696019  0.761972  0.751425  0.730317  0.670698  0.802850  0.684898  0.821784  0.555987  0.798619  0.796389  0.676199  0.686173  0.865623  0.542387  0.661170  0.588919  0.625911  0.874730  0.760138  0.659134  0.722409  0.682266  0.622827  0.771094  0.716913  0.734796  0.760095  0.606580  0.808461  0.463130  0.597985  0.751599  0.793488  0.709660  0.758437  0.856700  0.749099  0.649180  0.788946  0.639328  0.911111  0.767128  0.763375  0.782020 
40  0.729289  0.487360  0.595100  0.580700  0.581710  0.715619  0.676785  0.736793  0.611959  0.827277  0.608651  0.643616  0.525027  0.732502  0.803856  0.775690  0.704916  0.839910  0.702981  0.828461  0.650112  0.837656  0.812338  0.699467  0.585320  0.733651  0.839934  0.697374  0.694582  0.692861  0.601513  0.850410  0.537536  0.703911  0.888052  0.842243  0.823117  0.658706  0.687976  0.464610 0.0  0.472796  0.603062  0.708156  0.830558  0.555165  0.691560  0.635741  0.561780  0.647913  0.699613  0.852199  0.612977  0.874036  0.686775  0.553650  0.827505  0.736529  0.640962  0.600737  0.625996  0.631603  0.774005  0.548360  0.803296  0.817415  0.688492  0.570864  0.465270  0.709266  0.668797  0.665081  0.654494  0.592184  0.607864  0.576076  0.733154  0.800770  0.812193  0.831242  0.797502  0.704040  0.528940  0.747582  0.694093  0.930791  0.699212  0.609006  0.759798 
41  0.557195  0.681027  0.635992  0.678258  0.616930  0.716835  0.706036  0.555771  0.572410  0.856756  0.664414  0.595544  0.615104  0.815971  0.759699  0.741631  0.796139  0.746590  0.673161  0.718050  0.558870  0.814693  0.709162  0.548652  0.670895  0.847636  0.835822  0.626351  0.599131  0.598764  0.685450  0.722413  0.450009  0.643407  0.761990  0.844375  0.820842  0.678011  0.625919  0.428763  0.472796 0.0  0.651658  0.682342  0.722423  0.762637  0.609712  0.564680  0.736911  0.741735  0.561033  0.806394  0.629264  0.867128  0.804270  0.643703  0.706443  0.730640  0.567827  0.585358  0.517361  0.541086  0.842122  0.585388  0.700474  0.795483  0.683971  0.612526  0.686038  0.802675  0.834820  0.659701  0.652346  0.808946  0.445178  0.573455  0.537136  0.948491  0.944282  0.696991  0.755255  0.702155  0.654991  0.879913  0.685949  0.754634  0.692639  0.726953  0.558491 
42  0.697151  0.622362  0.651683  0.641893  0.730494  0.752438  0.807479  0.792880  0.604415  0.511505  0.663079  0.533842  0.606232  0.531870  0.799494  0.602752  0.894679  0.708702  0.813091  0.676896  0.678987  0.647032  0.688585  0.692629  0.573320  0.581103  0.769062  0.675891  0.457056  0.601123  0.774007  0.917405  0.580492  0.456794  0.641649  0.670100  0.676523  0.463568  0.854841  0.686116  0.603062  0.651658 0.0  0.761174  0.775757  0.680878  0.474768  0.720053  0.651236  0.578734  0.664218  0.904393  0.756483  0.881049  0.701238  0.755499  0.863501  0.704832  0.634611  0.621667  0.779649  0.562631  0.601623  0.473628  0.595916  0.627811  0.726077  0.611816  0.602135  0.725406  0.527007  0.450257  0.332802  0.643808  0.600616  0.471629  0.388748  0.605769  0.549797  0.717846  0.768423  0.419128  0.522717  0.626709  0.487722  0.589154  0.648316  0.701270  0.545157 
43  0.738067  0.457232  0.677349  0.753512  0.780181  0.925344  0.801633  0.736804  0.607778  0.761021  0.621313  0.944439  0.787239  0.827240  0.705088  0.816614  0.786677  0.873486  0.855317  0.817239  0.873875  0.861685  0.836896  0.769243  0.642114  0.834783  0.674776  0.673547  0.801091  0.495799  0.818797  0.717409  0.699057  0.841383  0.792537  0.864483  0.729424  0.770530  0.838873  0.867356  0.708156  0.682342  0.761174 0.0  0.736252  0.571344  0.834081  0.551863  0.819111  0.716812  0.755476  0.736989  0.795156  0.771205  0.773573  0.644308  0.824805  0.814712  0.879196  0.821171  0.796745  0.532818  0.852298  0.728081  0.887028  0.907817  0.800707  0.778309  0.755529  0.705215  0.815659  0.823649  0.766697  0.681204  0.740423  0.886405  0.806634  0.687343  0.801063  0.830560  0.795063  0.848506  0.772824  0.830795  0.813849  0.828444  0.623605  0.520008  0.790309 
44  0.573314  0.808731  0.699030  0.667615  0.674189  0.809649  0.768688  0.450508  0.710410  1.000000  0.688282  0.846300  0.762119  0.873074  0.421690  0.787845  0.874526  0.746902  0.567526  0.589525  0.782740  0.889614  0.695330  0.646010  0.848561  0.826249  0.769186  0.818720  0.779934  0.758076  0.668865  0.609213  0.666292  0.815324  0.951916  0.809825  0.813493  0.831418  0.613218  0.696019  0.830558  0.722423  0.775757  0.736252 0.0  0.804051  0.721978  0.782341  0.575666  0.759276  0.692079  0.417373  0.410811  0.911035  0.837931  0.839212  0.720895  0.888976  0.550903  0.570328  0.637538  0.675268  0.835177  0.797515  0.733200  0.847144  0.732373  0.571295  0.759696  0.687179  0.765071  0.793021  0.811398  0.783768  0.612725  0.780565  0.796847  0.763998  0.911192  0.829228  0.868218  0.771276  0.771092  0.848045  0.728975  0.804578  0.841578  0.925140  0.761813 
