31
0 0.0  0.671695  0.672409  0.628967  0.845816  0.546934  0.759620  0.684679  0.816825  0.303353  0.653130  0.774538  0.674241  0.782052  0.422560  0.796018  0.905344  0.765920  0.068518  0.706927  0.666561  0.825069  0.364332  0.818607  0.706534  0.786431  0.350399  0.714240  0.771780  0.814153  0.709540 
1  0.671695 0.0  0.708198  0.883765  0.216558  0.766768  0.131182  0.078066  0.507626  0.748704  0.787003  0.371313  0.359574  0.483218  0.848070  0.421256  0.818013  0.225153  0.756253  0.282307  0.724093  0.543026  0.758629  0.470070  0.627332  0.420072  0.820817  0.514381  0.299746  0.533053  0.378196 
2  0.672409  0.708198 0.0  0.358811  0.756436  0.663027  0.825608  0.655812  0.766640  0.702653  0.379430  0.682193  0.814260  0.717530  0.586840  0.868903  0.738500  0.730185  0.674055  0.830419  0.727889  0.759819  0.688229  0.756727  0.514365  0.791963  0.603619  0.743287  0.858728  0.808692  0.687789 
3  0.628967  0.883765  0.358811 0.0  0.716129  0.638828  0.785005  0.765351  0.854063  0.524848  0.515487  0.728696  0.841324  0.763715  0.541447  0.849134  0.739930  0.792182  0.633803  0.802923  0.830967  0.894358  0.650293  0.774636  0.541965  0.771654  0.601351  0.704631  0.940789  0.818470  0.789082 
4  0.845816  0.216558  0.756436  0.716129 0.0  0.791058  0.183753  0.268161  0.484708  0.833220  0.841469  0.207388  0.418929  0.545217  0.742340  0.413554  0.858400  0.303570  0.748631  0.329738  0.816112  0.527172  0.823031  0.570238  0.792929  0.406642  0.739184  0.403103  0.369187  0.478141  0.342030 
5  0.546934  0.766768  0.663027  0.638828  0.791058 0.0  0.756563  0.752669  0.761758  0.583956  0.444955  0.816990  0.831837  0.780878  0.393451  0.786933  0.788668  0.828591  0.500005  0.846807  0.716694  0.870417  0.533929  0.908988  0.775044  0.798528  0.468007  0.970536  0.739922  0.716878  0.715817 
6  0.759620  0.131182  0.825608  0.785005  0.183753  0.756563 0.0  0.189368  0.546555  0.810142  0.794621  0.423438  0.358652  0.533581  0.779940  0.444813  0.910796  0.243179  0.751411  0.308699  0.785589  0.564941  0.755900  0.388970  0.733732  0.372809  0.795710  0.401742  0.347666  0.584824  0.322358 
7  0.684679  0.078066  0.655812  0.765351  0.268161  0.752669  0.189368 0.0  0.536204  0.667254  0.788405  0.275061  0.371720  0.583002  0.802984  0.404506  0.825956  0.159703  0.829764  0.261413  0.724946  0.611183  0.750853  0.384718  0.800925  0.359578  0.842674  0.599574  0.274690  0.558611  0.239843 
8  0.816825  0.507626  0.766640  0.854063  0.484708  0.761758  0.546555  0.536204 0.0  0.788289  0.952707  0.532009  0.492059  0.152887  0.819215  0.496372  0.788183  0.564326  0.753963  0.454503  0.818209  0.446751  0.872548  0.297661  0.744551  0.532349  0.820488  0.612758  0.568192  0.312835  0.452314 
9  0.303353  0.748704  0.702653  0.524848  0.833220  0.583956  0.810142  0.667254  0.788289 0.0  0.554916  0.735705  0.722355  0.779984  0.476383  0.830052  0.770716  0.706043  0.476474  0.798938  0.672423  0.806986  0.255541  0.768181  0.655783  0.733943  0.403868  0.733834  0.754273  0.709928  0.833589 
10  0.653130  0.787003  0.379430  0.515487  0.841469  0.444955  0.794621  0.788405  0.952707  0.554916 0.0  0.752378  0.827186  0.772082  0.551159  0.756155  0.762471  0.771817  0.646303  0.837839  0.673701  0.761859  0.661338  0.825898  0.657855  0.629287  0.492517  0.819019  0.721397  0.757561  0.791040 
11  0.774538  0.371313  0.682193  0.728696  0.207388  0.816990  0.423438  0.275061  0.532009  0.735705  0.752378 0.0  0.071100  0.495215  0.822120  0.283955  0.783317  0.157968  0.767656  0.000000  0.765918  0.530710  0.801933  0.348920  0.799915  0.197524  0.793725  0.541867  0.233403  0.387529  0.270783 
12  0.674241  0.359574  0.814260  0.841324  0.418929  0.831837  0.358652  0.371720  0.492059  0.722355  0.827186  0.071100 0.0  0.524990  0.735327  0.248502  0.841605  0.205220  0.741128  0.288373  0.772913  0.421892  0.759849  0.392792  0.806964  0.057053  0.779819  0.451900  0.218463  0.243070  0.139663 
13  0.782052  0.483218  0.717530  0.763715  0.545217  0.780878  0.533581  0.583002  0.152887  0.779984  0.772082  0.495215  0.524990 0.0  0.817892  0.505603  1.000000  0.421442  0.754807  0.564861  0.772760  0.500825  0.835345  0.332181  0.830612  0.557382  0.770966  0.676422  0.462876  0.317898  0.475956 
14  0.422560  0.848070  0.586840  0.541447  0.742340  0.393451  0.779940  0.802984  0.819215  0.476383  0.551159  0.822120  0.735327  0.817892 0.0  0.712745  0.784998  0.722033  0.442530  0.889285  0.697580  0.828306  0.364051  0.714843  0.666939  0.876993  0.158342  0.770051  0.773441  0.819795  0.826439 
15  0.796018  0.421256  0.868903  0.849134  0.413554  0.786933  0.444813  0.404506  0.496372  0.830052  0.756155  0.283955  0.248502  0.505603  0.712745 0.0  0.775778  0.328357  0.788083  0.328868  0.756393  0.460901  0.870004  0.360719  0.776948  0.279806  0.883469  0.524779  0.274295  0.206897  0.282196 
16  0.905344  0.818013  0.738500  0.739930  0.858400  0.788668  0.910796  0.825956  0.788183  0.770716  0.762471  0.783317  0.841605  1.000000  0.784998  0.775778 0.0  0.754246  0.853742  0.842097  0.804830  0.896284  0.795418  0.941143  0.774122  0.769351  0.792977  0.849260  0.806925  0.945550  0.884167 
17  0.765920  0.225153  0.730185  0.792182  0.303570  0.828591  0.243179  0.159703  0.564326  0.706043  0.771817  0.157968  0.205220  0.421442  0.722033  0.328357  0.754246 0.0  0.762827  0.092247  0.827479  0.619100  0.802087  0.417212  0.812235  0.057535  0.708465  0.433909  0.143707  0.453448  0.191153 
18  0.068518  0.756253  0.674055  0.633803  0.748631  0.500005  0.751411  0.829764  0.753963  0.476474  0.646303  0.767656  0.741128  0.754807  0.442530  0.788083  0.853742  0.762827 0.0  0.638436  0.638495  0.790343  0.219258  0.760053  0.717650  0.813988  0.400765  0.733602  0.763665  0.820813  0.723979 
19  0.706927  0.282307  0.830419  0.802923  0.329738  0.846807  0.308699  0.261413  0.454503  0.798938  0.837839  0.000000  0.288373  0.564861  0.889285  0.328868  0.842097  0.092247  0.638436 0.0  0.866211  0.542562  0.876414  0.311531  0.823101  0.244539  0.848902  0.442177  0.223253  0.298688  0.330657 
20  0.666561  0.724093  0.727889  0.830967  0.816112  0.716694  0.785589  0.724946  0.818209  0.672423  0.673701  0.765918  0.772913  0.772760  0.697580  0.756393  0.804830  0.827479  0.638495  0.866211 0.0  0.922703  0.590406  0.778469  0.853000  0.857029  0.743076  0.756936  0.796511  0.804998  0.837303 
21  0.825069  0.543026  0.759819  0.894358  0.527172  0.870417  0.564941  0.611183  0.446751  0.806986  0.761859  0.530710  0.421892  0.500825  0.828306  0.460901  0.896284  0.619100  0.790343  0.542562  0.922703 0.0  0.631584  0.575533  0.755273  0.590752  0.829747  0.781831  0.438049  0.492764  0.494168 
22  0.364332  0.758629  0.688229  0.650293  0.823031  0.533929  0.755900  0.750853  0.872548  0.255541  0.661338  0.801933  0.759849  0.835345  0.364051  0.870004  0.795418  0.802087  0.219258  0.876414  0.590406  0.631584 0.0  0.815858  0.829896  0.881418  0.255007  0.651787  0.742818  0.725493  0.771044 
23  0.818607  0.470070  0.756727  0.774636  0.570238  0.908988  0.388970  0.384718  0.297661  0.768181  0.825898  0.348920  0.392792  0.332181  0.714843  0.360719  0.941143  0.417212  0.760053  0.311531  0.778469  0.575533  0.815858 0.0  0.777058  0.321283  0.725831  0.602110  0.356720  0.039528  0.409587 
24  0.706534  0.627332  0.514365  0.541965  0.792929  0.775044  0.733732  0.800925  0.744551  0.655783  0.657855  0.799915  0.806964  0.830612  0.666939  0.776948  0.774122  0.812235  0.717650  0.823101  0.853000  0.755273  0.829896  0.777058 0.0  0.805303  0.783284  0.777700  0.852493  0.881741  0.728691 
25  0.786431  0.420072  0.791963  0.771654  0.406642  0.798528  0.372809  0.359578  0.532349  0.733943  0.629287  0.197524  0.057053  0.557382  0.876993  0.279806  0.769351  0.057535  0.813988  0.244539  0.857029  0.590752  0.881418  0.321283  0.805303 0.0  0.759498  0.557919  0.000000  0.390662  0.112681 
26  0.350399  0.820817  0.603619  0.601351  0.739184  0.468007  0.795710  0.842674  0.820488  0.403868  0.492517  0.793725  0.779819  0.770966  0.158342  0.883469  0.792977  0.708465  0.400765  0.848902  0.743076  0.829747  0.255007  0.725831  0.783284  0.759498 0.0  0.727970  0.794343  0.879708  0.877824 
27  0.714240  0.514381  0.743287  0.704631  0.403103  0.970536  0.401742  0.599574  0.612758  0.733834  0.819019  0.541867  0.451900  0.676422  0.770051  0.524779  0.849260  0.433909  0.733602  0.442177  0.756936  0.781831  0.651787  0.602110  0.777700  0.557919  0.727970 0.0  0.531032  0.576271  0.423077 
28  0.771780  0.299746  0.858728  0.940789  0.369187  0.739922  0.347666  0.274690  0.568192  0.754273  0.721397  0.233403  0.218463  0.462876  0.773441  0.274295  0.806925  0.143707  0.763665  0.223253  0.796511  0.438049  0.742818  0.356720  0.852493  0.000000  0.794343  0.531032 0.0  0.458717  0.034540 
29  0.814153  0.533053  0.808692  0.818470  0.478141  0.716878  0.584824  0.558611  0.312835  0.709928  0.757561  0.387529  0.243070  0.317898  0.819795  0.206897  0.945550  0.453448  0.820813  0.298688  0.804998  0.492764  0.725493  0.039528  0.881741  0.390662  0.879708  0.576271  0.458717 0.0  0.352360 
30  0.709540  0.378196  0.687789  0.789082  0.342030  0.715817  0.322358  0.239843  0.452314  0.833589  0.791040  0.270783  0.139663  0.475956  0.826439  0.282196  0.884167  0.191153  0.723979  0.330657  0.837303  0.494168  0.771044  0.409587  0.728691  0.112681  0.877824  0.423077  0.034540  0.352360 0.0 
