31
0 0.0  0.705565  0.838950  0.569684  0.412980  0.615383  0.767903  0.813343  0.862540  0.801688  0.588313  0.858994  0.730980  0.901905  0.651530  0.515748  0.508465  0.824972  0.795351  0.915980  0.958225  0.842218  0.814854  0.593800  0.818303  0.772207  0.890621  0.541188  0.467509  0.960098  0.954089 
1  0.705565 0.0  0.693379  0.468691  0.529148  0.540456  0.842662  0.711793  0.741191  0.858810  0.527575  0.894176  0.712709  0.811587  0.760136  0.473147  0.534806  0.712100  0.696479  0.782976  0.817583  0.737102  0.823256  0.388605  0.863819  0.802496  0.790694  0.485412  0.613031  0.808615  0.840556 
2  0.838950  0.693379 0.0  0.859243  0.750078  0.857152  0.737376  0.302518  0.359704  0.757005  0.771938  0.426684  0.456755  0.608898  0.854846  0.745769  0.828255  0.761498  0.651017  0.563957  0.789256  0.587874  0.711770  0.855517  0.817370  0.710756  0.519120  0.789860  0.880617  0.754043  0.818225 
3  0.569684  0.468691  0.859243 0.0  0.014498  0.319995  0.735639  0.733508  0.760850  0.876554  0.294740  0.713257  0.677986  0.708278  0.799930  0.216534  0.179565  0.802941  0.753762  0.871221  0.774794  0.799313  0.804727  0.199009  0.825129  0.740613  0.868081  0.223584  0.327773  0.788237  0.890408 
4  0.412980  0.529148  0.750078  0.014498 0.0  0.270671  0.839269  0.788970  0.685496  0.889426  0.274139  0.708205  0.864101  0.777693  0.814876  0.240641  0.255189  0.726203  0.756799  0.809909  0.846118  0.895766  0.773343  0.267112  0.929875  0.853645  0.666219  0.065002  0.384169  0.782545  0.810894 
5  0.615383  0.540456  0.857152  0.319995  0.270671 0.0  0.814838  0.742608  0.793225  0.780864  0.193637  0.721473  0.788869  0.709942  0.778907  0.400310  0.343387  0.718378  0.745701  0.811917  0.852581  0.774778  0.725445  0.234379  0.886803  0.802969  0.854458  0.341828  0.462524  0.857395  0.846104 
6  0.767903  0.842662  0.737376  0.735639  0.839269  0.814838 0.0  0.709437  0.642438  0.906628  0.692576  0.601473  0.648544  0.788116  0.882494  0.810926  0.944810  0.834202  0.865680  0.658905  0.891462  0.649226  0.964294  0.809520  0.914853  0.677673  0.751115  0.755745  0.844906  0.831153  0.838857 
7  0.813343  0.711793  0.302518  0.733508  0.788970  0.742608  0.709437 0.0  0.303777  0.809461  0.898926  0.427487  0.365588  0.686713  0.901561  0.741815  0.778451  0.779741  0.626878  0.358049  0.741703  0.308804  0.776984  0.774010  0.861864  0.545346  0.607518  0.726972  0.819858  0.854512  0.665632 
8  0.862540  0.741191  0.359704  0.760850  0.685496  0.793225  0.642438  0.303777 0.0  0.799058  0.753880  0.364471  0.428407  0.688752  0.997808  0.852904  0.763953  0.790297  0.620922  0.524626  0.796561  0.345487  0.684638  0.856177  0.803415  0.635689  0.362470  0.817378  0.832206  0.836483  0.764547 
9  0.801688  0.858810  0.757005  0.876554  0.889426  0.780864  0.906628  0.809461  0.799058 0.0  0.857901  0.779674  0.798986  0.668315  0.910825  0.856748  0.848808  0.702442  0.814391  0.786727  0.611709  0.915576  0.725302  0.742761  0.477838  0.887409  0.751537  1.000000  0.884978  0.564272  0.578577 
10  0.588313  0.527575  0.771938  0.294740  0.274139  0.193637  0.692576  0.898926  0.753880  0.857901 0.0  0.789029  0.822125  0.807579  0.650410  0.360181  0.378033  0.801263  0.746789  0.732543  0.807351  0.937892  0.751898  0.117780  0.848823  0.818823  0.822556  0.324302  0.467510  0.934609  0.821089 
11  0.858994  0.894176  0.426684  0.713257  0.708205  0.721473  0.601473  0.427487  0.364471  0.779674  0.789029 0.0  0.314611  0.610838  0.986235  0.829700  0.764381  0.625982  0.688539  0.298890  0.837461  0.093932  0.778890  0.826811  0.789847  0.628068  0.603768  0.798625  0.855155  0.721760  0.836801 
12  0.730980  0.712709  0.456755  0.677986  0.864101  0.788869  0.648544  0.365588  0.428407  0.798986  0.822125  0.314611 0.0  0.595633  0.933974  0.674027  0.639842  0.676828  0.612099  0.131895  0.810756  0.441142  0.879987  0.748138  0.835792  0.724180  0.527796  0.805547  0.781706  0.782826  0.769668 
13  0.901905  0.811587  0.608898  0.708278  0.777693  0.709942  0.788116  0.686713  0.688752  0.668315  0.807579  0.610838  0.595633 0.0  0.968053  0.806327  0.769906  0.654310  0.366192  0.689497  0.597445  0.611055  0.690316  0.852035  0.693504  0.581008  0.528411  0.784498  0.830324  0.731887  0.597306 
14  0.651530  0.760136  0.854846  0.799930  0.814876  0.778907  0.882494  0.901561  0.997808  0.910825  0.650410  0.986235  0.933974  0.968053 0.0  0.667278  0.640688  0.800135  0.839432  0.855944  0.864843  0.902281  0.911690  0.662329  0.937425  0.899769  0.885993  0.708907  0.705399  0.885094  0.916121 
15  0.515748  0.473147  0.745769  0.216534  0.240641  0.400310  0.810926  0.741815  0.852904  0.856748  0.360181  0.829700  0.674027  0.806327  0.667278 0.0  0.031941  0.771806  0.797784  0.816701  0.760239  0.790893  0.798951  0.376216  0.873869  0.789778  0.884981  0.118684  0.396835  0.766643  0.742956 
16  0.508465  0.534806  0.828255  0.179565  0.255189  0.343387  0.944810  0.778451  0.763953  0.848808  0.378033  0.764381  0.639842  0.769906  0.640688  0.031941 0.0  0.784364  0.822546  0.791740  0.835491  0.859991  0.775451  0.333268  0.897285  0.835037  0.769667  0.252028  0.185812  0.844555  0.823520 
17  0.824972  0.712100  0.761498  0.802941  0.726203  0.718378  0.834202  0.779741  0.790297  0.702442  0.801263  0.625982  0.676828  0.654310  0.800135  0.771806  0.784364 0.0  0.604071  0.867402  0.520540  0.775721  0.597575  0.842406  0.737155  0.769061  0.752600  0.800540  0.854889  0.645173  0.750092 
18  0.795351  0.696479  0.651017  0.753762  0.756799  0.745701  0.865680  0.626878  0.620922  0.814391  0.746789  0.688539  0.612099  0.366192  0.839432  0.797784  0.822546  0.604071 0.0  0.666077  0.626940  0.551457  0.772947  0.815737  0.727860  0.658681  0.576766  0.835340  0.723629  0.651449  0.671993 
19  0.915980  0.782976  0.563957  0.871221  0.809909  0.811917  0.658905  0.358049  0.524626  0.786727  0.732543  0.298890  0.131895  0.689497  0.855944  0.816701  0.791740  0.867402  0.666077 0.0  0.837898  0.299449  0.788133  0.698797  0.741976  0.644348  0.627606  0.817114  0.794899  0.954946  0.811541 
20  0.958225  0.817583  0.789256  0.774794  0.846118  0.852581  0.891462  0.741703  0.796561  0.611709  0.807351  0.837461  0.810756  0.597445  0.864843  0.760239  0.835491  0.520540  0.626940  0.837898 0.0  0.746018  0.442098  0.948614  0.534119  0.789669  0.885950  0.891042  0.802524  0.513753  0.592148 
21  0.842218  0.737102  0.587874  0.799313  0.895766  0.774778  0.649226  0.308804  0.345487  0.915576  0.937892  0.093932  0.441142  0.611055  0.902281  0.790893  0.859991  0.775721  0.551457  0.299449  0.746018 0.0  0.823801  0.786742  0.745497  0.493107  0.541864  0.799217  0.732986  0.823783  0.721806 
22  0.814854  0.823256  0.711770  0.804727  0.773343  0.725445  0.964294  0.776984  0.684638  0.725302  0.751898  0.778890  0.879987  0.690316  0.911690  0.798951  0.775451  0.597575  0.772947  0.788133  0.442098  0.823801 0.0  0.769740  0.628778  0.896732  0.758798  0.752808  0.735998  0.661588  0.679330 
23  0.593800  0.388605  0.855517  0.199009  0.267112  0.234379  0.809520  0.774010  0.856177  0.742761  0.117780  0.826811  0.748138  0.852035  0.662329  0.376216  0.333268  0.842406  0.815737  0.698797  0.948614  0.786742  0.769740 0.0  0.791285  0.788467  0.961778  0.391408  0.411482  0.889378  0.841163 
24  0.818303  0.863819  0.817370  0.825129  0.929875  0.886803  0.914853  0.861864  0.803415  0.477838  0.848823  0.789847  0.835792  0.693504  0.937425  0.873869  0.897285  0.737155  0.727860  0.741976  0.534119  0.745497  0.628778  0.791285 0.0  0.839419  0.857666  0.849623  0.851019  0.551998  0.624694 
25  0.772207  0.802496  0.710756  0.740613  0.853645  0.802969  0.677673  0.545346  0.635689  0.887409  0.818823  0.628068  0.724180  0.581008  0.899769  0.789778  0.835037  0.769061  0.658681  0.644348  0.789669  0.493107  0.896732  0.788467  0.839419 0.0  0.600232  0.876257  0.869998  0.731289  0.817413 
26  0.890621  0.790694  0.519120  0.868081  0.666219  0.854458  0.751115  0.607518  0.362470  0.751537  0.822556  0.603768  0.527796  0.528411  0.885993  0.884981  0.769667  0.752600  0.576766  0.627606  0.885950  0.541864  0.758798  0.961778  0.857666  0.600232 0.0  0.804139  0.789644  0.721731  0.738934 
27  0.541188  0.485412  0.789860  0.223584  0.065002  0.341828  0.755745  0.726972  0.817378  1.000000  0.324302  0.798625  0.805547  0.784498  0.708907  0.118684  0.252028  0.800540  0.835340  0.817114  0.891042  0.799217  0.752808  0.391408  0.849623  0.876257  0.804139 0.0  0.486368  0.824555  0.851952 
28  0.467509  0.613031  0.880617  0.327773  0.384169  0.462524  0.844906  0.819858  0.832206  0.884978  0.467510  0.855155  0.781706  0.830324  0.705399  0.396835  0.185812  0.854889  0.723629  0.794899  0.802524  0.732986  0.735998  0.411482  0.851019  0.869998  0.789644  0.486368 0.0  0.879273  0.846091 
29  0.960098  0.808615  0.754043  0.788237  0.782545  0.857395  0.831153  0.854512  0.836483  0.564272  0.934609  0.721760  0.782826  0.731887  0.885094  0.766643  0.844555  0.645173  0.651449  0.954946  0.513753  0.823783  0.661588  0.889378  0.551998  0.731289  0.721731  0.824555  0.879273 0.0  0.548919 
30  0.954089  0.840556  0.818225  0.890408  0.810894  0.846104  0.838857  0.665632  0.764547  0.578577  0.821089  0.836801  0.769668  0.597306  0.916121  0.742956  0.823520  0.750092  0.671993  0.811541  0.592148  0.721806  0.679330  0.841163  0.624694  0.817413  0.738934  0.851952  0.846091  0.548919 0.0 
