31
0 0.0  0.735995  0.909565  0.854140  0.758206  0.791854  0.384300  0.801453  0.650943  0.703133  0.549468  0.751872  0.793510  0.875070  0.901042  0.752703  0.746878  0.875196  0.385549  0.870865  0.640642  0.284360  0.728575  0.706848  0.807437  0.897072  0.803684  0.836049  0.746620  0.434372  0.703830 
1  0.735995 0.0  0.463608  0.616511  0.906342  0.770025  0.750791  0.463030  0.870535  0.792130  0.790381  0.613053  0.473833  0.399149  0.709503  0.899077  0.468477  0.757209  0.756447  0.912536  0.704551  0.753452  0.458630  0.652855  0.361977  0.843830  0.615293  0.522856  0.431862  0.809827  0.722824 
2  0.909565  0.463608 0.0  0.588850  0.880004  0.808491  0.831148  0.559042  0.832508  0.937871  0.769670  0.559450  0.586487  0.496207  0.580476  0.773238  0.514804  0.624636  0.888308  0.882312  0.900311  0.859395  0.684472  0.857622  0.539862  0.748833  0.473793  0.422990  0.532945  0.860548  0.829139 
3  0.854140  0.616511  0.588850 0.0  0.831530  0.864634  0.856120  0.584569  0.750691  0.804153  0.745933  0.672685  0.528212  0.479750  0.696165  0.857753  0.488421  0.667178  0.860255  0.918838  0.806017  0.843799  0.572354  0.791612  0.563733  0.790433  0.704044  0.647584  0.611304  0.884482  0.802769 
4  0.758206  0.906342  0.880004  0.831530 0.0  0.551054  0.822032  0.856648  0.871643  0.892070  0.813911  0.792801  0.847038  0.860607  0.836111  0.800313  0.827750  0.933961  0.872548  0.639331  0.875226  0.867202  0.778946  0.801439  0.754146  0.836462  0.853229  0.903591  0.703397  0.875776  0.813751 
5  0.791854  0.770025  0.808491  0.864634  0.551054 0.0  0.866177  0.791121  0.750158  0.907184  0.853656  0.839891  0.834347  0.800693  0.783995  0.834453  0.855066  0.906127  0.762728  0.200841  0.771724  0.771144  0.716468  0.782690  0.861823  0.942787  0.901379  0.840275  0.813103  0.808092  0.855819 
6  0.384300  0.750791  0.831148  0.856120  0.822032  0.866177 0.0  0.764890  0.654657  0.660941  0.587797  0.982849  0.813243  0.876428  0.779565  0.625021  0.598545  0.866295  0.556109  0.786276  0.664521  0.494046  0.783439  0.661608  0.804698  0.974616  0.880146  0.902227  0.899763  0.310231  0.721489 
7  0.801453  0.463030  0.559042  0.584569  0.856648  0.791121  0.764890 0.0  0.753122  0.742552  0.849163  0.612569  0.519435  0.435742  0.590853  0.864543  0.393614  0.664805  0.886769  0.891192  0.756027  0.853401  0.574840  0.854127  0.286257  0.790817  0.541045  0.576772  0.000000  0.878646  0.837521 
8  0.650943  0.870535  0.832508  0.750691  0.871643  0.750158  0.654657  0.753122 0.0  0.857408  0.671382  0.888872  0.818823  0.861078  0.786807  0.537525  0.804695  0.833960  0.648631  0.694009  0.530816  0.728159  0.716098  0.567436  0.854205  0.857990  0.908679  0.877930  0.690206  0.703864  0.774374 
9  0.703133  0.792130  0.937871  0.804153  0.892070  0.907184  0.660941  0.742552  0.857408 0.0  0.759026  0.791241  0.772519  0.776924  0.818112  0.727979  0.983384  0.846333  0.666357  0.957930  0.745704  0.742895  0.908003  0.835426  0.823403  1.000000  0.883101  0.838617  0.844600  0.693126  0.734229 
10  0.549468  0.790381  0.769670  0.745933  0.813911  0.853656  0.587797  0.849163  0.671382  0.759026 0.0  0.782120  0.843495  0.735136  0.776026  0.560727  0.815049  0.766551  0.532055  0.873381  0.669139  0.458461  0.832957  0.792438  0.921129  0.884277  0.843832  0.755892  0.801123  0.613156  0.720139 
11  0.751872  0.613053  0.559450  0.672685  0.792801  0.839891  0.982849  0.612569  0.888872  0.791241  0.782120 0.0  0.667945  0.616150  0.382437  0.892418  0.615574  0.702991  0.924210  0.922056  0.863037  0.835272  0.662077  0.964509  0.656268  0.776206  0.500196  0.421943  0.653966  0.839979  0.853159 
12  0.793510  0.473833  0.586487  0.528212  0.847038  0.834347  0.813243  0.519435  0.818823  0.772519  0.843495  0.667945 0.0  0.417335  0.708654  0.791576  0.385864  0.672540  0.843380  0.797803  0.838048  0.877056  0.607994  0.873960  0.373180  0.739729  0.571490  0.548220  0.440220  0.842842  0.818992 
13  0.875070  0.399149  0.496207  0.479750  0.860607  0.800693  0.876428  0.435742  0.861078  0.776924  0.735136  0.616150  0.417335 0.0  0.558431  0.808533  0.408721  0.714626  0.980471  0.879691  0.724736  0.879166  0.565522  0.780889  0.396760  0.833997  0.491304  0.510169  0.330128  0.874228  0.746544 
14  0.901042  0.709503  0.580476  0.696165  0.836111  0.783995  0.779565  0.590853  0.786807  0.818112  0.776026  0.382437  0.708654  0.558431 0.0  0.851658  0.647244  0.506142  0.905472  0.763269  0.816232  0.855320  0.768910  0.915077  0.538979  0.835864  0.519809  0.563430  0.660092  0.880437  0.849749 
15  0.752703  0.899077  0.773238  0.857753  0.800313  0.834453  0.625021  0.864543  0.537525  0.727979  0.560727  0.892418  0.791576  0.808533  0.851658 0.0  0.817418  0.859018  0.579632  0.798915  0.612295  0.666021  0.790469  0.624324  0.846687  0.873601  0.735210  0.779848  0.790684  0.666860  0.722355 
16  0.746878  0.468477  0.514804  0.488421  0.827750  0.855066  0.598545  0.393614  0.804695  0.983384  0.815049  0.615574  0.385864  0.408721  0.647244  0.817418 0.0  0.551404  0.895403  0.887379  0.887542  0.870514  0.581302  0.843770  0.439235  0.787682  0.586133  0.578978  0.413825  0.727195  0.859276 
17  0.875196  0.757209  0.624636  0.667178  0.933961  0.906127  0.866295  0.664805  0.833960  0.846333  0.766551  0.702991  0.672540  0.714626  0.506142  0.859018  0.551404 0.0  0.787179  0.849255  0.897154  0.798240  0.706296  0.780707  0.755940  0.835007  0.498099  0.652915  0.697178  0.879887  0.788075 
18  0.385549  0.756447  0.888308  0.860255  0.872548  0.762728  0.556109  0.886769  0.648631  0.666357  0.532055  0.924210  0.843380  0.980471  0.905472  0.579632  0.895403  0.787179 0.0  0.683915  0.657875  0.435972  0.745449  0.713730  0.930192  0.938162  0.937580  0.756612  0.824480  0.424327  0.724625 
19  0.870865  0.912536  0.882312  0.918838  0.639331  0.200841  0.786276  0.891192  0.694009  0.957930  0.873381  0.922056  0.797803  0.879691  0.763269  0.798915  0.887379  0.849255  0.683915 0.0  0.744364  0.767791  0.808276  0.710109  0.856271  0.740632  0.864694  0.938463  0.918744  0.792065  0.813636 
20  0.640642  0.704551  0.900311  0.806017  0.875226  0.771724  0.664521  0.756027  0.530816  0.745704  0.669139  0.863037  0.838048  0.724736  0.816232  0.612295  0.887542  0.897154  0.657875  0.744364 0.0  0.669823  0.698041  0.697385  0.878292  0.872121  0.754614  0.845903  0.775517  0.656147  0.865962 
21  0.284360  0.753452  0.859395  0.843799  0.867202  0.771144  0.494046  0.853401  0.728159  0.742895  0.458461  0.835272  0.877056  0.879166  0.855320  0.666021  0.870514  0.798240  0.435972  0.767791  0.669823 0.0  0.856557  0.758389  0.829639  0.947725  0.876556  0.840310  0.724988  0.561253  0.726329 
22  0.728575  0.458630  0.684472  0.572354  0.778946  0.716468  0.783439  0.574840  0.716098  0.908003  0.832957  0.662077  0.607994  0.565522  0.768910  0.790469  0.581302  0.706296  0.745449  0.808276  0.698041  0.856557 0.0  0.728123  0.477550  0.727667  0.720526  0.657165  0.574630  0.718441  0.787038 
23  0.706848  0.652855  0.857622  0.791612  0.801439  0.782690  0.661608  0.854127  0.567436  0.835426  0.792438  0.964509  0.873960  0.780889  0.915077  0.624324  0.843770  0.780707  0.713730  0.710109  0.697385  0.758389  0.728123 0.0  0.742855  0.862447  0.886008  0.844368  0.788969  0.772671  0.828788 
24  0.807437  0.361977  0.539862  0.563733  0.754146  0.861823  0.804698  0.286257  0.854205  0.823403  0.921129  0.656268  0.373180  0.396760  0.538979  0.846687  0.439235  0.755940  0.930192  0.856271  0.878292  0.829639  0.477550  0.742855 0.0  0.752077  0.642867  0.582115  0.369700  0.787929  0.771513 
25  0.897072  0.843830  0.748833  0.790433  0.836462  0.942787  0.974616  0.790817  0.857990  1.000000  0.884277  0.776206  0.739729  0.833997  0.835864  0.873601  0.787682  0.835007  0.938162  0.740632  0.872121  0.947725  0.727667  0.862447  0.752077 0.0  0.703975  0.753364  0.857491  0.895775  0.996174 
26  0.803684  0.615293  0.473793  0.704044  0.853229  0.901379  0.880146  0.541045  0.908679  0.883101  0.843832  0.500196  0.571490  0.491304  0.519809  0.735210  0.586133  0.498099  0.937580  0.864694  0.754614  0.876556  0.720526  0.886008  0.642867  0.703975 0.0  0.136536  0.530248  0.868261  0.802914 
27  0.836049  0.522856  0.422990  0.647584  0.903591  0.840275  0.902227  0.576772  0.877930  0.838617  0.755892  0.421943  0.548220  0.510169  0.563430  0.779848  0.578978  0.652915  0.756612  0.938463  0.845903  0.840310  0.657165  0.844368  0.582115  0.753364  0.136536 0.0  0.460081  0.860138  0.867946 
28  0.746620  0.431862  0.532945  0.611304  0.703397  0.813103  0.899763  0.000000  0.690206  0.844600  0.801123  0.653966  0.440220  0.330128  0.660092  0.790684  0.413825  0.697178  0.824480  0.918744  0.775517  0.724988  0.574630  0.788969  0.369700  0.857491  0.530248  0.460081 0.0  0.776078  0.841212 
29  0.434372  0.809827  0.860548  0.884482  0.875776  0.808092  0.310231  0.878646  0.703864  0.693126  0.613156  0.839979  0.842842  0.874228  0.880437  0.666860  0.727195  0.879887  0.424327  0.792065  0.656147  0.561253  0.718441  0.772671  0.787929  0.895775  0.868261  0.860138  0.776078 0.0  0.710917 
30  0.703830  0.722824  0.829139  0.802769  0.813751  0.855819  0.721489  0.837521  0.774374  0.734229  0.720139  0.853159  0.818992  0.746544  0.849749  0.722355  0.859276  0.788075  0.724625  0.813636  0.865962  0.726329  0.787038  0.828788  0.771513  0.996174  0.802914  0.867946  0.841212  0.710917 0.0 
