31
0 0.0  0.765585  0.725305  0.730309  0.757843  0.816297  0.943419  0.783530  0.831497  0.787367  0.750003  0.810952  0.790436  0.869676  0.689946  0.481614  0.686944  0.828653  0.759240  0.831684  0.726087  0.874113  0.806551  0.784007  0.694016  0.612152  0.768033  0.773357  0.788145  0.636046  0.737542 
1  0.765585 0.0  0.759060  0.797190  0.792830  0.826115  0.765711  0.780031  0.699104  0.555612  0.747495  0.642231  0.320301  0.717419  0.783820  0.645791  0.687153  0.750155  0.677493  0.709414  0.881872  0.695477  0.742116  0.299863  0.434168  0.905776  0.876175  0.868552  0.674282  0.694507  0.762453 
2  0.725305  0.759060 0.0  0.475525  0.004253  0.098518  0.797884  0.292181  0.890053  0.715276  0.287778  0.833053  0.787862  0.527640  0.239359  0.785674  0.689766  0.200469  0.324695  0.325695  0.455350  0.676254  0.283489  0.677208  0.763423  0.780135  0.693693  0.877669  0.297052  0.858101  0.318972 
3  0.730309  0.797190  0.475525 0.0  0.475726  0.571061  0.619202  0.613569  0.918949  0.852637  0.585941  0.894863  0.752127  0.441484  0.530645  0.786231  0.723405  0.494732  0.505771  0.517000  0.481047  0.819301  0.549306  0.846514  0.776938  0.892037  0.768313  0.976257  0.559067  0.936356  0.503416 
4  0.757843  0.792830  0.004253  0.475726 0.0  0.238032  0.659813  0.265890  0.864814  0.803484  0.227814  0.843596  0.738574  0.366842  0.331220  0.783119  0.624148  0.225990  0.364130  0.370001  0.487214  0.742873  0.277961  0.780091  0.886143  0.743339  0.680744  0.836005  0.359477  0.889184  0.312170 
5  0.816297  0.826115  0.098518  0.571061  0.238032 0.0  0.754687  0.345123  0.927720  0.844533  0.042853  0.807663  0.727908  0.489777  0.264215  0.783726  0.711851  0.104817  0.380101  0.391639  0.283138  0.845198  0.010870  0.811132  0.825879  0.801269  0.773645  0.806089  0.375454  0.876430  0.240778 
6  0.943419  0.765711  0.797884  0.619202  0.659813  0.754687 0.0  0.592924  0.895764  0.864479  0.728513  0.945421  0.836104  0.704908  0.707840  0.658416  0.814796  0.743731  0.702602  0.602153  0.695590  0.990235  0.642074  0.904770  0.845973  0.827418  0.633412  1.000000  0.674477  0.936678  0.776798 
7  0.783530  0.780031  0.292181  0.613569  0.265890  0.345123  0.592924 0.0  0.912730  0.719576  0.404744  0.844475  0.750989  0.440186  0.417343  0.767934  0.680333  0.285279  0.143973  0.212350  0.232082  0.889493  0.342033  0.800228  0.813632  0.805937  0.799971  0.842114  0.508654  0.797506  0.429405 
8  0.831497  0.699104  0.890053  0.918949  0.864814  0.927720  0.895764  0.912730 0.0  0.701014  0.785681  0.745685  0.632849  0.949433  0.818208  0.703620  0.664408  0.757474  0.860572  0.820463  0.860668  0.759778  0.734704  0.790959  0.737598  0.568448  0.855709  0.467002  0.917641  0.465440  0.892592 
9  0.787367  0.555612  0.715276  0.852637  0.803484  0.844533  0.864479  0.719576  0.701014 0.0  0.647515  0.788488  0.387093  0.819663  0.799341  0.669258  0.442799  0.849509  0.703141  0.844993  0.823343  0.743320  0.813413  0.431578  0.436064  0.773317  0.760490  0.666309  0.743257  0.625064  0.813686 
10  0.750003  0.747495  0.287778  0.585941  0.227814  0.042853  0.728513  0.404744  0.785681  0.647515 0.0  0.763450  0.785703  0.513603  0.072721  0.645739  0.634852  0.091606  0.379305  0.392776  0.482040  0.765179  0.301767  0.745446  0.750782  0.843574  0.798503  0.863242  0.304304  0.840189  0.124825 
11  0.810952  0.642231  0.833053  0.894863  0.843596  0.807663  0.945421  0.844475  0.745685  0.788488  0.763450 0.0  0.600768  0.957843  0.827156  0.774400  0.790239  0.712679  0.820176  0.760629  0.745453  0.523971  0.836403  0.670547  0.696689  0.743094  0.918444  0.887994  0.782909  0.858779  0.834247 
12  0.790436  0.320301  0.787862  0.752127  0.738574  0.727908  0.836104  0.750989  0.632849  0.387093  0.785703  0.600768 0.0  0.762035  0.696001  0.693490  0.585742  0.759904  0.718441  0.781168  0.786925  0.577679  0.741370  0.204943  0.434216  0.762240  0.897204  0.655330  0.794285  0.626438  0.695906 
13  0.869676  0.717419  0.527640  0.441484  0.366842  0.489777  0.704908  0.440186  0.949433  0.819663  0.513603  0.957843  0.762035 0.0  0.377658  0.809322  0.850466  0.392010  0.280200  0.301300  0.326911  0.856373  0.428019  0.764317  0.882700  0.895378  0.754875  0.813449  0.527329  0.884478  0.390146 
14  0.689946  0.783820  0.239359  0.530645  0.331220  0.264215  0.707840  0.417343  0.818208  0.799341  0.072721  0.827156  0.696001  0.377658 0.0  0.765714  0.784957  0.241815  0.461568  0.558695  0.407155  0.672404  0.217897  0.711040  0.715135  0.824352  0.731684  0.738920  0.407948  0.860369  0.140734 
15  0.481614  0.645791  0.785674  0.786231  0.783119  0.783726  0.658416  0.767934  0.703620  0.669258  0.645739  0.774400  0.693490  0.809322  0.765714 0.0  0.650786  0.636763  0.718754  0.786404  0.738390  0.847169  0.757619  0.801195  0.686183  0.602774  0.726702  0.529720  0.713942  0.653550  0.740060 
16  0.686944  0.687153  0.689766  0.723405  0.624148  0.711851  0.814796  0.680333  0.664408  0.442799  0.634852  0.790239  0.585742  0.850466  0.784957  0.650786 0.0  0.642252  0.735564  0.705374  0.754661  0.785007  0.739888  0.549321  0.555136  0.673216  0.843645  0.644890  0.746332  0.595548  0.717552 
17  0.828653  0.750155  0.200469  0.494732  0.225990  0.104817  0.743731  0.285279  0.757474  0.849509  0.091606  0.712679  0.759904  0.392010  0.241815  0.636763  0.642252 0.0  0.347415  0.371013  0.317680  0.757508  0.221180  0.789504  0.827248  0.788611  0.904967  0.903762  0.246515  0.680324  0.193737 
18  0.759240  0.677493  0.324695  0.505771  0.364130  0.380101  0.702602  0.143973  0.860572  0.703141  0.379305  0.820176  0.718441  0.280200  0.461568  0.718754  0.735564  0.347415 0.0  0.485441  0.000000  0.741772  0.328108  0.744931  0.749813  0.906907  0.686365  0.903089  0.423219  0.850365  0.463045 
19  0.831684  0.709414  0.325695  0.517000  0.370001  0.391639  0.602153  0.212350  0.820463  0.844993  0.392776  0.760629  0.781168  0.301300  0.558695  0.786404  0.705374  0.371013  0.485441 0.0  0.342534  0.803509  0.485362  0.808769  0.774373  0.848043  0.697261  0.835240  0.446490  0.878230  0.495004 
20  0.726087  0.881872  0.455350  0.481047  0.487214  0.283138  0.695590  0.232082  0.860668  0.823343  0.482040  0.745453  0.786925  0.326911  0.407155  0.738390  0.754661  0.317680  0.000000  0.342534 0.0  0.723179  0.331580  0.731278  0.787658  0.803487  0.826832  0.788282  0.371067  0.773374  0.517227 
21  0.874113  0.695477  0.676254  0.819301  0.742873  0.845198  0.990235  0.889493  0.759778  0.743320  0.765179  0.523971  0.577679  0.856373  0.672404  0.847169  0.785007  0.757508  0.741772  0.803509  0.723179 0.0  0.766091  0.657928  0.709556  0.759199  0.860039  0.925466  0.741952  0.785961  0.834400 
22  0.806551  0.742116  0.283489  0.549306  0.277961  0.010870  0.642074  0.342033  0.734704  0.813413  0.301767  0.836403  0.741370  0.428019  0.217897  0.757619  0.739888  0.221180  0.328108  0.485362  0.331580  0.766091 0.0  0.721066  0.829812  0.752705  0.881883  0.889453  0.348313  0.725005  0.238988 
23  0.784007  0.299863  0.677208  0.846514  0.780091  0.811132  0.904770  0.800228  0.790959  0.431578  0.745446  0.670547  0.204943  0.764317  0.711040  0.801195  0.549321  0.789504  0.744931  0.808769  0.731278  0.657928  0.721066 0.0  0.542781  0.816066  0.885728  0.750395  0.683887  0.748161  0.618795 
24  0.694016  0.434168  0.763423  0.776938  0.886143  0.825879  0.845973  0.813632  0.737598  0.436064  0.750782  0.696689  0.434216  0.882700  0.715135  0.686183  0.555136  0.827248  0.749813  0.774373  0.787658  0.709556  0.829812  0.542781 0.0  0.750406  0.823804  0.839489  0.735448  0.702780  0.828395 
25  0.612152  0.905776  0.780135  0.892037  0.743339  0.801269  0.827418  0.805937  0.568448  0.773317  0.843574  0.743094  0.762240  0.895378  0.824352  0.602774  0.673216  0.788611  0.906907  0.848043  0.803487  0.759199  0.752705  0.816066  0.750406 0.0  0.745622  0.426154  0.785187  0.643603  0.897349 
26  0.768033  0.876175  0.693693  0.768313  0.680744  0.773645  0.633412  0.799971  0.855709  0.760490  0.798503  0.918444  0.897204  0.754875  0.731684  0.726702  0.843645  0.904967  0.686365  0.697261  0.826832  0.860039  0.881883  0.885728  0.823804  0.745622 0.0  0.798817  0.868676  0.860288  0.853959 
27  0.773357  0.868552  0.877669  0.976257  0.836005  0.806089  1.000000  0.842114  0.467002  0.666309  0.863242  0.887994  0.655330  0.813449  0.738920  0.529720  0.644890  0.903762  0.903089  0.835240  0.788282  0.925466  0.889453  0.750395  0.839489  0.426154  0.798817 0.0  0.772409  0.491773  0.751716 
28  0.788145  0.674282  0.297052  0.559067  0.359477  0.375454  0.674477  0.508654  0.917641  0.743257  0.304304  0.782909  0.794285  0.527329  0.407948  0.713942  0.746332  0.246515  0.423219  0.446490  0.371067  0.741952  0.348313  0.683887  0.735448  0.785187  0.868676  0.772409 0.0  0.732788  0.141372 
29  0.636046  0.694507  0.858101  0.936356  0.889184  0.876430  0.936678  0.797506  0.465440  0.625064  0.840189  0.858779  0.626438  0.884478  0.860369  0.653550  0.595548  0.680324  0.850365  0.878230  0.773374  0.785961  0.725005  0.748161  0.702780  0.643603  0.860288  0.491773  0.732788 0.0  0.707325 
30  0.737542  0.762453  0.318972  0.503416  0.312170  0.240778  0.776798  0.429405  0.892592  0.813686  0.124825  0.834247  0.695906  0.390146  0.140734  0.740060  0.717552  0.193737  0.463045  0.495004  0.517227  0.834400  0.238988  0.618795  0.828395  0.897349  0.853959  0.751716  0.141372  0.707325 0.0 
