31
0 0.0  0.521192  0.683447  0.753443  0.784377  0.818605  0.708950  0.739963  0.750384  0.732134  0.468331  0.709710  0.751686  0.711041  0.472988  0.471930  0.794994  0.693399  0.634066  0.778055  0.861095  0.604936  0.765448  0.909403  0.752371  0.595088  0.772731  0.798430  0.686124  0.803098  0.789767 
1  0.521192 0.0  0.577783  0.802107  0.698501  0.736720  0.606603  0.747359  0.729596  0.825508  0.225772  0.752339  0.780982  0.760240  0.161294  0.536288  0.684235  0.788344  0.699572  0.750508  0.839568  0.669164  0.893193  0.742417  0.792501  0.568400  0.753643  0.734218  0.919890  0.849043  0.717371 
2  0.683447  0.577783 0.0  0.704706  0.847317  0.852745  0.574365  0.743799  0.818417  0.881277  0.648610  0.734295  0.816117  0.862624  0.644203  0.809774  0.730813  0.843770  0.308486  0.800141  0.907218  0.767200  0.816266  0.823804  0.813214  0.620379  0.757049  0.797725  0.849393  0.745906  0.785076 
3  0.753443  0.802107  0.704706 0.0  0.206606  0.297494  0.783040  0.330787  0.830066  0.740798  0.794232  0.574479  0.417752  0.527623  0.802480  0.842860  0.624844  0.287946  0.736937  0.229300  0.803797  0.778805  0.367133  0.319542  0.264158  0.867871  0.840559  0.815240  0.237965  0.719598  0.428441 
4  0.784377  0.698501  0.847317  0.206606 0.0  0.254298  0.757145  0.465605  0.751744  0.842616  0.776089  0.459289  0.371758  0.542476  0.647834  0.704857  0.603314  0.164195  0.705504  0.353679  0.883834  0.752236  0.353115  0.309327  0.289298  0.847672  0.711921  0.929662  0.263100  0.778994  0.350426 
5  0.818605  0.736720  0.852745  0.297494  0.254298 0.0  0.912341  0.465735  0.730942  0.690932  0.821853  0.320740  0.238046  0.609053  0.758737  0.897058  0.643387  0.384632  0.851755  0.376823  0.748679  0.844789  0.311016  0.284838  0.316941  0.888467  0.797735  0.820577  0.214240  0.757074  0.247845 
6  0.708950  0.606603  0.574365  0.783040  0.757145  0.912341 0.0  0.741672  0.759359  0.885465  0.589843  0.887812  0.708960  0.874137  0.629370  0.559181  0.842547  0.705148  0.410179  0.815123  0.825509  0.605564  0.668806  0.841468  0.777143  0.508930  0.886494  0.622539  0.853914  0.798748  0.944498 
7  0.739963  0.747359  0.743799  0.330787  0.465605  0.465735  0.741672 0.0  0.732822  0.765554  0.736631  0.462594  0.479047  0.548329  0.684292  0.834463  0.605566  0.325073  0.770509  0.382718  0.901050  0.782371  0.449849  0.424798  0.508939  0.722961  0.716607  0.826546  0.318397  0.680235  0.433488 
8  0.750384  0.729596  0.818417  0.830066  0.751744  0.730942  0.759359  0.732822 0.0  0.740329  0.741812  0.801645  0.748747  0.807462  0.661301  0.685897  0.794601  0.886050  0.908763  0.852003  0.775072  0.712203  0.781775  0.866659  0.814868  0.926906  0.425673  0.698875  0.746394  0.789877  0.809181 
9  0.732134  0.825508  0.881277  0.740798  0.842616  0.690932  0.885465  0.765554  0.740329 0.0  0.802648  0.848066  0.740658  0.777912  0.807380  0.961033  0.746672  0.729711  0.966071  0.830752  0.612501  0.887481  0.761373  0.748378  0.903912  0.867087  0.648980  0.937418  0.821331  0.778681  0.727534 
10  0.468331  0.225772  0.648610  0.794232  0.776089  0.821853  0.589843  0.736631  0.741812  0.802648 0.0  0.769670  0.779893  0.751301  0.242850  0.492691  0.624436  0.757656  0.612722  0.815204  0.925787  0.586620  0.791778  0.855602  0.793823  0.732300  0.798111  0.846110  0.771002  0.903770  0.788909 
11  0.709710  0.752339  0.734295  0.574479  0.459289  0.320740  0.887812  0.462594  0.801645  0.848066  0.769670 0.0  0.450193  0.616042  0.705581  0.737296  0.537395  0.275686  0.794183  0.500795  0.821727  0.799238  0.279337  0.300555  0.260996  0.867590  0.828685  0.804797  0.381634  0.660588  0.368800 
12  0.751686  0.780982  0.816117  0.417752  0.371758  0.238046  0.708960  0.479047  0.748747  0.740658  0.779893  0.450193 0.0  0.544064  0.824485  0.701708  0.545730  0.484224  0.822471  0.479029  0.778035  0.700674  0.270583  0.213584  0.087166  0.790396  0.805895  0.847084  0.430949  0.743424  0.069112 
13  0.711041  0.760240  0.862624  0.527623  0.542476  0.609053  0.874137  0.548329  0.807462  0.777912  0.751301  0.616042  0.544064 0.0  0.823049  0.853525  0.646299  0.595250  0.818424  0.458200  0.803728  0.828841  0.535293  0.513806  0.518839  0.826558  0.890414  0.884648  0.493645  0.598666  0.592963 
14  0.472988  0.161294  0.644203  0.802480  0.647834  0.758737  0.629370  0.684292  0.661301  0.807380  0.242850  0.705581  0.824485  0.823049 0.0  0.490625  0.741835  0.723383  0.763730  0.795389  0.905982  0.586251  0.808018  0.760484  0.777991  0.636065  0.821206  0.806256  0.771596  0.774612  0.807365 
15  0.471930  0.536288  0.809774  0.842860  0.704857  0.897058  0.559181  0.834463  0.685897  0.961033  0.492691  0.737296  0.701708  0.853525  0.490625 0.0  0.845768  0.700072  0.719137  0.748076  0.866471  0.592522  0.832909  0.752007  0.832844  0.639218  0.753493  0.742201  0.841654  0.844432  0.789387 
16  0.794994  0.684235  0.730813  0.624844  0.603314  0.643387  0.842547  0.605566  0.794601  0.746672  0.624436  0.537395  0.545730  0.646299  0.741835  0.845768 0.0  0.477860  0.745352  0.565578  0.717484  0.584357  0.514386  0.574592  0.613492  0.926364  0.613495  0.900310  0.676117  0.658720  0.502925 
17  0.693399  0.788344  0.843770  0.287946  0.164195  0.384632  0.705148  0.325073  0.886050  0.729711  0.757656  0.275686  0.484224  0.595250  0.723383  0.700072  0.477860 0.0  0.712809  0.409372  0.790348  0.688972  0.196442  0.099142  0.262829  0.840205  0.804331  0.870433  0.298955  0.693803  0.220783 
18  0.634066  0.699572  0.308486  0.736937  0.705504  0.851755  0.410179  0.770509  0.908763  0.966071  0.612722  0.794183  0.822471  0.818424  0.763730  0.719137  0.745352  0.712809 0.0  0.734266  1.000000  0.711076  0.804669  0.801805  0.923904  0.703043  0.813808  0.789188  0.903985  0.855919  0.762319 
19  0.778055  0.750508  0.800141  0.229300  0.353679  0.376823  0.815123  0.382718  0.852003  0.830752  0.815204  0.500795  0.479029  0.458200  0.795389  0.748076  0.565578  0.409372  0.734266 0.0  0.752559  0.789129  0.355298  0.524931  0.478028  0.750738  0.817519  0.798439  0.291801  0.704093  0.338607 
20  0.861095  0.839568  0.907218  0.803797  0.883834  0.748679  0.825509  0.901050  0.775072  0.612501  0.925787  0.821727  0.778035  0.803728  0.905982  0.866471  0.717484  0.790348  1.000000  0.752559 0.0  0.867544  0.757294  0.697867  0.787051  0.854244  0.735294  0.840569  0.804554  0.710900  0.758341 
21  0.604936  0.669164  0.767200  0.778805  0.752236  0.844789  0.605564  0.782371  0.712203  0.887481  0.586620  0.799238  0.700674  0.828841  0.586251  0.592522  0.584357  0.688972  0.711076  0.789129  0.867544 0.0  0.795559  0.770823  0.745557  0.688649  0.727358  0.686761  0.650176  0.925334  0.666581 
22  0.765448  0.893193  0.816266  0.367133  0.353115  0.311016  0.668806  0.449849  0.781775  0.761373  0.791778  0.279337  0.270583  0.535293  0.808018  0.832909  0.514386  0.196442  0.804669  0.355298  0.757294  0.795559 0.0  0.003263  0.217252  0.809419  0.750721  0.809105  0.455114  0.728636  0.263755 
23  0.909403  0.742417  0.823804  0.319542  0.309327  0.284838  0.841468  0.424798  0.866659  0.748378  0.855602  0.300555  0.213584  0.513806  0.760484  0.752007  0.574592  0.099142  0.801805  0.524931  0.697867  0.770823  0.003263 0.0  0.184621  0.844345  0.903519  0.852003  0.408418  0.708531  0.149816 
24  0.752371  0.792501  0.813214  0.264158  0.289298  0.316941  0.777143  0.508939  0.814868  0.903912  0.793823  0.260996  0.087166  0.518839  0.777991  0.832844  0.613492  0.262829  0.923904  0.478028  0.787051  0.745557  0.217252  0.184621 0.0  0.765761  0.769106  0.800354  0.386255  0.786668  0.137063 
25  0.595088  0.568400  0.620379  0.867871  0.847672  0.888467  0.508930  0.722961  0.926906  0.867087  0.732300  0.867590  0.790396  0.826558  0.636065  0.639218  0.926364  0.840205  0.703043  0.750738  0.854244  0.688649  0.809419  0.844345  0.765761 0.0  0.808241  0.824796  0.825878  0.824465  0.832106 
26  0.772731  0.753643  0.757049  0.840559  0.711921  0.797735  0.886494  0.716607  0.425673  0.648980  0.798111  0.828685  0.805895  0.890414  0.821206  0.753493  0.613495  0.804331  0.813808  0.817519  0.735294  0.727358  0.750721  0.903519  0.769106  0.808241 0.0  0.709482  0.770885  0.871785  0.792417 
27  0.798430  0.734218  0.797725  0.815240  0.929662  0.820577  0.622539  0.826546  0.698875  0.937418  0.846110  0.804797  0.847084  0.884648  0.806256  0.742201  0.900310  0.870433  0.789188  0.798439  0.840569  0.686761  0.809105  0.852003  0.800354  0.824796  0.709482 0.0  0.853722  0.894676  0.715305 
28  0.686124  0.919890  0.849393  0.237965  0.263100  0.214240  0.853914  0.318397  0.746394  0.821331  0.771002  0.381634  0.430949  0.493645  0.771596  0.841654  0.676117  0.298955  0.903985  0.291801  0.804554  0.650176  0.455114  0.408418  0.386255  0.825878  0.770885  0.853722 0.0  0.593255  0.379522 
29  0.803098  0.849043  0.745906  0.719598  0.778994  0.757074  0.798748  0.680235  0.789877  0.778681  0.903770  0.660588  0.743424  0.598666  0.774612  0.844432  0.658720  0.693803  0.855919  0.704093  0.710900  0.925334  0.728636  0.708531  0.786668  0.824465  0.871785  0.894676  0.593255 0.0  0.707576 
30  0.789767  0.717371  0.785076  0.428441  0.350426  0.247845  0.944498  0.433488  0.809181  0.727534  0.788909  0.368800  0.069112  0.592963  0.807365  0.789387  0.502925  0.220783  0.762319  0.338607  0.758341  0.666581  0.263755  0.149816  0.137063  0.832106  0.792417  0.715305  0.379522  0.707576 0.0 
