31
0 0.0  0.262193  0.789170  0.380799  0.779797  0.439001  0.852333  0.759135  0.750876  0.274567  0.770102  0.373045  0.134971  0.787539  0.714291  0.484014  0.550096  0.281788  0.859111  0.832206  0.753233  0.815728  0.160190  0.570624  0.000000  0.742912  0.842371  0.773763  0.845238  0.470134  0.877868 
1  0.262193 0.0  0.849367  0.399545  0.833561  0.580099  0.785345  0.678330  0.847858  0.209872  0.703459  0.438126  0.353481  0.679926  0.901434  0.538916  0.458048  0.167760  0.902143  0.801854  0.798767  0.805367  0.310064  0.509710  0.225964  0.954199  0.733406  0.879139  0.865151  0.446750  0.756031 
2  0.789170  0.849367 0.0  0.940472  0.599962  0.925779  0.809527  0.667608  0.810383  0.862678  0.797152  0.804254  0.902937  0.865257  0.700208  0.840197  0.860406  0.757225  0.504405  0.740081  0.867571  0.658090  0.911556  0.901603  0.853673  0.753685  0.788551  0.528782  0.801131  0.823079  0.598158 
3  0.380799  0.399545  0.940472 0.0  0.849243  0.403943  0.849447  0.800752  0.805622  0.466270  0.822989  0.425647  0.546640  0.754899  0.798767  0.413994  0.534524  0.364652  0.816831  0.793372  0.804123  0.888442  0.424466  0.500952  0.436746  0.750297  0.750255  0.740184  0.834321  0.290287  0.780235 
4  0.779797  0.833561  0.599962  0.849243 0.0  0.754877  0.679449  0.455270  0.754878  0.784920  0.547273  0.852015  0.764260  0.904672  0.756702  0.842233  0.847517  0.796955  0.730153  0.643114  0.756528  0.677300  0.833629  0.863397  0.751363  0.793851  0.563192  0.624324  0.658062  0.767280  0.683598 
5  0.439001  0.580099  0.925779  0.403943  0.754877 0.0  0.858601  0.764004  0.835617  0.490777  0.814604  0.493418  0.502315  0.914894  0.852354  0.169431  0.589214  0.492180  0.942819  0.786725  0.734311  0.868912  0.542954  0.103395  0.569034  0.865684  0.896845  0.768057  0.835339  0.365221  0.805486 
6  0.852333  0.785345  0.809527  0.849447  0.679449  0.858601 0.0  0.660394  0.941191  0.843996  0.702002  0.788616  0.909826  1.000000  0.599862  0.750324  0.807365  0.795909  0.970397  0.723453  0.601734  0.558519  0.875142  0.914103  0.856679  0.795640  0.598043  0.957428  0.564320  0.861359  0.935084 
7  0.759135  0.678330  0.667608  0.800752  0.455270  0.764004  0.660394 0.0  0.894596  0.783007  0.620756  0.807355  0.838304  0.837387  0.628478  0.832913  0.808375  0.833598  0.692887  0.428636  0.700590  0.501747  0.827210  0.867145  0.852938  0.788633  0.506272  0.694809  0.712533  0.822053  0.758075 
8  0.750876  0.847858  0.810383  0.805622  0.754878  0.835617  0.941191  0.894596 0.0  0.829259  0.834697  0.791168  0.722791  0.680526  0.873714  0.826687  0.763159  0.763654  0.893822  0.815464  0.842180  0.895920  0.822439  0.903868  0.724454  0.835122  0.984811  0.929800  0.881551  0.811100  0.720341 
9  0.274567  0.209872  0.862678  0.466270  0.784920  0.490777  0.843996  0.783007  0.829259 0.0  0.755548  0.437006  0.167772  0.710198  0.791429  0.530713  0.567189  0.244125  0.918483  0.752293  0.806755  0.846707  0.232647  0.419859  0.199452  0.837491  0.863999  0.789817  0.752526  0.468339  0.831914 
10  0.770102  0.703459  0.797152  0.822989  0.547273  0.814604  0.702002  0.620756  0.834697  0.755548 0.0  0.644386  0.803090  0.833977  0.314690  0.774483  0.740441  0.881151  0.761662  0.354813  0.598499  0.439673  0.697100  0.799025  0.826146  0.719272  0.271152  0.833390  0.225664  0.811988  0.837997 
11  0.373045  0.438126  0.804254  0.425647  0.852015  0.493418  0.788616  0.807355  0.791168  0.437006  0.644386 0.0  0.481225  0.802110  0.755190  0.672717  0.585780  0.362336  0.718443  0.786023  0.821142  0.738167  0.352132  0.520666  0.485109  0.902090  0.791893  0.826757  0.678825  0.537437  0.904466 
12  0.134971  0.353481  0.902937  0.546640  0.764260  0.502315  0.909826  0.838304  0.722791  0.167772  0.803090  0.481225 0.0  0.709285  0.887374  0.586802  0.538220  0.301399  0.889470  0.701562  0.767002  0.820664  0.202543  0.620452  0.211428  0.960998  0.863705  0.739983  0.652947  0.315262  0.846547 
13  0.787539  0.679926  0.865257  0.754899  0.904672  0.914894  1.000000  0.837387  0.680526  0.710198  0.833977  0.802110  0.709285 0.0  0.801669  0.781110  0.822187  0.836987  0.972906  0.873045  0.993016  0.841888  0.806004  0.805885  0.756177  0.890347  0.870463  0.852510  0.906601  0.886743  0.874729 
14  0.714291  0.901434  0.700208  0.798767  0.756702  0.852354  0.599862  0.628478  0.873714  0.791429  0.314690  0.755190  0.887374  0.801669 0.0  0.862988  0.767685  0.820449  0.834449  0.318811  0.557086  0.455034  0.739996  0.715937  0.826990  0.619284  0.216522  0.851370  0.382118  0.808154  0.734486 
15  0.484014  0.538916  0.840197  0.413994  0.842233  0.169431  0.750324  0.832913  0.826687  0.530713  0.774483  0.672717  0.586802  0.781110  0.862988 0.0  0.585002  0.516420  0.847492  0.831442  0.790334  0.813207  0.515037  0.200109  0.530999  0.998588  0.825920  0.940124  0.598674  0.322718  0.851833 
16  0.550096  0.458048  0.860406  0.534524  0.847517  0.589214  0.807365  0.808375  0.763159  0.567189  0.740441  0.585780  0.538220  0.822187  0.767685  0.585002 0.0  0.526789  0.707008  0.620531  0.776144  0.853749  0.543136  0.557484  0.478051  0.745354  0.740561  0.818439  0.786505  0.691412  0.772719 
17  0.281788  0.167760  0.757225  0.364652  0.796955  0.492180  0.795909  0.833598  0.763654  0.244125  0.881151  0.362336  0.301399  0.836987  0.820449  0.516420  0.526789 0.0  0.933231  0.818755  0.779191  0.774581  0.336103  0.597865  0.285279  0.912232  0.749736  0.717567  0.746166  0.481376  0.812326 
18  0.859111  0.902143  0.504405  0.816831  0.730153  0.942819  0.970397  0.692887  0.893822  0.918483  0.761662  0.718443  0.889470  0.972906  0.834449  0.847492  0.707008  0.933231 0.0  0.830308  0.845763  0.766270  0.894420  0.912586  0.825057  0.903424  0.803351  0.676138  0.788234  0.942136  0.740836 
19  0.832206  0.801854  0.740081  0.793372  0.643114  0.786725  0.723453  0.428636  0.815464  0.752293  0.354813  0.786023  0.701562  0.873045  0.318811  0.831442  0.620531  0.818755  0.830308 0.0  0.713281  0.497887  0.832940  0.928104  0.854299  0.600971  0.492354  0.808088  0.561384  0.860176  0.778763 
20  0.753233  0.798767  0.867571  0.804123  0.756528  0.734311  0.601734  0.700590  0.842180  0.806755  0.598499  0.821142  0.767002  0.993016  0.557086  0.790334  0.776144  0.779191  0.845763  0.713281 0.0  0.712624  0.758933  0.867826  0.788685  0.429046  0.708713  0.805095  0.565962  0.769434  0.849413 
21  0.815728  0.805367  0.658090  0.888442  0.677300  0.868912  0.558519  0.501747  0.895920  0.846707  0.439673  0.738167  0.820664  0.841888  0.455034  0.813207  0.853749  0.774581  0.766270  0.497887  0.712624 0.0  0.761472  0.798700  0.704291  0.785637  0.569781  0.747624  0.463010  0.770503  0.631946 
22  0.160190  0.310064  0.911556  0.424466  0.833629  0.542954  0.875142  0.827210  0.822439  0.232647  0.697100  0.352132  0.202543  0.806004  0.739996  0.515037  0.543136  0.336103  0.894420  0.832940  0.758933  0.761472 0.0  0.558378  0.174224  0.749287  0.929242  0.746459  0.828400  0.471725  0.870110 
23  0.570624  0.509710  0.901603  0.500952  0.863397  0.103395  0.914103  0.867145  0.903868  0.419859  0.799025  0.520666  0.620452  0.805885  0.715937  0.200109  0.557484  0.597865  0.912586  0.928104  0.867826  0.798700  0.558378 0.0  0.599194  0.844235  0.835261  0.792565  0.767577  0.424074  0.911498 
24  0.000000  0.225964  0.853673  0.436746  0.751363  0.569034  0.856679  0.852938  0.724454  0.199452  0.826146  0.485109  0.211428  0.756177  0.826990  0.530999  0.478051  0.285279  0.825057  0.854299  0.788685  0.704291  0.174224  0.599194 0.0  0.729871  0.760108  0.751122  0.877686  0.460983  0.793260 
25  0.742912  0.954199  0.753685  0.750297  0.793851  0.865684  0.795640  0.788633  0.835122  0.837491  0.719272  0.902090  0.960998  0.890347  0.619284  0.998588  0.745354  0.912232  0.903424  0.600971  0.429046  0.785637  0.749287  0.844235  0.729871 0.0  0.562284  0.894245  0.622395  0.760695  0.858718 
26  0.842371  0.733406  0.788551  0.750255  0.563192  0.896845  0.598043  0.506272  0.984811  0.863999  0.271152  0.791893  0.863705  0.870463  0.216522  0.825920  0.740561  0.749736  0.803351  0.492354  0.708713  0.569781  0.929242  0.835261  0.760108  0.562284 0.0  0.820373  0.316140  0.782720  0.792153 
27  0.773763  0.879139  0.528782  0.740184  0.624324  0.768057  0.957428  0.694809  0.929800  0.789817  0.833390  0.826757  0.739983  0.852510  0.851370  0.940124  0.818439  0.717567  0.676138  0.808088  0.805095  0.747624  0.746459  0.792565  0.751122  0.894245  0.820373 0.0  0.758258  0.838167  0.540763 
28  0.845238  0.865151  0.801131  0.834321  0.658062  0.835339  0.564320  0.712533  0.881551  0.752526  0.225664  0.678825  0.652947  0.906601  0.382118  0.598674  0.786505  0.746166  0.788234  0.561384  0.565962  0.463010  0.828400  0.767577  0.877686  0.622395  0.316140  0.758258 0.0  0.881584  0.706239 
29  0.470134  0.446750  0.823079  0.290287  0.767280  0.365221  0.861359  0.822053  0.811100  0.468339  0.811988  0.537437  0.315262  0.886743  0.808154  0.322718  0.691412  0.481376  0.942136  0.860176  0.769434  0.770503  0.471725  0.424074  0.460983  0.760695  0.782720  0.838167  0.881584 0.0  0.851484 
30  0.877868  0.756031  0.598158  0.780235  0.683598  0.805486  0.935084  0.758075  0.720341  0.831914  0.837997  0.904466  0.846547  0.874729  0.734486  0.851833  0.772719  0.812326  0.740836  0.778763  0.849413  0.631946  0.870110  0.911498  0.793260  0.858718  0.792153  0.540763  0.706239  0.851484 0.0 
