31
0 0.0  0.774624  0.641469  0.233737  0.803316  0.396959  0.414240  0.659812  0.803077  0.518147  0.736907  0.775029  0.384866  0.570127  0.793541  0.345934  0.557393  0.545644  0.835310  0.349057  0.606404  0.405986  0.550529  0.780613  0.807495  0.747192  0.795946  0.344522  0.899553  0.814812  0.404273 
1  0.774624 0.0  0.875687  0.757774  0.578485  0.835509  0.784346  0.481873  0.319683  0.754799  0.665571  0.572981  0.804213  0.829015  0.655226  0.723820  0.848734  0.824300  0.840839  0.883457  0.864228  0.812888  0.959554  0.670355  0.789189  0.795611  0.781341  0.704525  0.436418  0.833761  0.812867 
2  0.641469  0.875687 0.0  0.593863  0.881111  0.434292  0.657154  0.817098  0.823382  0.378957  1.000000  0.858979  0.598345  0.695731  0.729679  0.603584  0.545405  0.360966  0.801615  0.538979  0.245840  0.640298  0.435302  0.891293  0.914041  0.779892  0.789228  0.598578  0.702691  0.961150  0.535693 
3  0.233737  0.757774  0.593863 0.0  0.779938  0.437262  0.358420  0.745976  0.780344  0.504008  0.844120  0.858292  0.293217  0.353834  0.777195  0.052218  0.311787  0.477792  0.825280  0.227904  0.572415  0.169373  0.621751  0.874890  0.726610  0.733325  0.761498  0.344010  0.749550  0.802411  0.211162 
4  0.803316  0.578485  0.881111  0.779938 0.0  0.860234  0.656351  0.407827  0.412805  0.936034  0.689019  0.443275  0.868571  0.714176  0.673469  0.811044  0.761210  0.786570  0.753578  0.801882  0.807921  0.740809  0.890405  0.748791  0.738609  0.764707  0.587701  0.826535  0.480596  0.806291  0.755372 
5  0.396959  0.835509  0.434292  0.437262  0.860234 0.0  0.579229  0.839556  0.887111  0.151330  0.935708  0.696406  0.447820  0.478933  0.757852  0.464377  0.523798  0.326578  0.896891  0.393569  0.531014  0.358898  0.424977  0.775276  0.921819  0.797439  0.864260  0.484118  0.795382  0.789728  0.387811 
6  0.414240  0.784346  0.657154  0.358420  0.656351  0.579229 0.0  0.776707  0.940829  0.554956  0.746486  0.821660  0.411380  0.479425  0.712527  0.335396  0.179861  0.466834  0.827021  0.317443  0.578464  0.397616  0.626531  0.819443  0.744260  0.652808  0.745317  0.206787  0.799359  0.790859  0.521267 
7  0.659812  0.481873  0.817098  0.745976  0.407827  0.839556  0.776707 0.0  0.214794  0.798920  0.597174  0.546942  0.934833  0.643426  0.645223  0.784498  0.760523  0.843607  0.849738  0.764205  0.917498  0.837925  0.759737  0.773469  0.933296  0.832542  0.655224  0.793839  0.390004  0.719641  0.769357 
8  0.803077  0.319683  0.823382  0.780344  0.412805  0.887111  0.940829  0.214794 0.0  0.842343  0.708811  0.598194  0.781379  0.733670  0.703643  0.775363  0.742178  0.833315  0.889771  0.752456  0.788350  0.770410  0.734012  0.691701  0.852221  0.775517  0.694124  0.748665  0.304255  0.822535  0.749125 
9  0.518147  0.754799  0.378957  0.504008  0.936034  0.151330  0.554956  0.798920  0.842343 0.0  0.820473  0.736734  0.510692  0.562335  0.861577  0.425993  0.483723  0.140479  0.906087  0.508234  0.303849  0.476473  0.468695  0.809325  0.760393  0.967076  0.893597  0.590751  0.797688  0.890933  0.415568 
10  0.736907  0.665571  1.000000  0.844120  0.689019  0.935708  0.746486  0.597174  0.708811  0.820473 0.0  0.558952  0.790385  0.862432  0.569396  0.884272  0.753742  0.746265  0.773771  0.814481  0.755845  0.809098  0.826978  0.787076  0.689499  0.726044  0.834293  0.904137  0.715755  0.808891  0.729575 
11  0.775029  0.572981  0.858979  0.858292  0.443275  0.696406  0.821660  0.546942  0.598194  0.736734  0.558952 0.0  0.776157  0.787996  0.551646  0.900064  0.820890  0.928916  0.778418  0.862250  0.951416  0.760063  0.831482  0.695452  0.755717  0.747846  0.701189  0.782007  0.588565  0.667486  0.759198 
12  0.384866  0.804213  0.598345  0.293217  0.868571  0.447820  0.411380  0.934833  0.781379  0.510692  0.790385  0.776157 0.0  0.458168  0.704822  0.166823  0.423852  0.581683  0.764184  0.000000  0.581549  0.126387  0.580132  0.792326  0.749244  0.764284  0.887765  0.433967  0.803336  0.931212  0.360641 
13  0.570127  0.829015  0.695731  0.353834  0.714176  0.478933  0.479425  0.643426  0.733670  0.562335  0.862432  0.787996  0.458168 0.0  0.624477  0.438146  0.356829  0.614295  0.887442  0.440618  0.600910  0.471728  0.656327  0.736018  0.892710  0.646582  0.856742  0.398560  0.789392  0.834445  0.494101 
14  0.793541  0.655226  0.729679  0.777195  0.673469  0.757852  0.712527  0.645223  0.703643  0.861577  0.569396  0.551646  0.704822  0.624477 0.0  0.825953  0.716132  0.784788  0.653600  0.794996  0.902307  0.710990  0.821559  0.829424  0.577912  0.672018  0.840786  0.804143  0.635772  0.786954  0.826884 
15  0.345934  0.723820  0.603584  0.052218  0.811044  0.464377  0.335396  0.784498  0.775363  0.425993  0.884272  0.900064  0.166823  0.438146  0.825953 0.0  0.378041  0.478861  0.792294  0.121213  0.562346  0.224905  0.460023  0.971526  0.746176  0.822342  0.811668  0.292400  0.799456  0.801359  0.306303 
16  0.557393  0.848734  0.545405  0.311787  0.761210  0.523798  0.179861  0.760523  0.742178  0.483723  0.753742  0.820890  0.423852  0.356829  0.716132  0.378041 0.0  0.517630  0.729704  0.354990  0.669107  0.398085  0.586423  0.967282  0.931293  0.774038  0.833088  0.336200  0.846854  0.768459  0.336756 
17  0.545644  0.824300  0.360966  0.477792  0.786570  0.326578  0.466834  0.843607  0.833315  0.140479  0.746265  0.928916  0.581683  0.614295  0.784788  0.478861  0.517630 0.0  0.853524  0.513006  0.357343  0.401095  0.413821  0.769531  0.796801  0.888546  0.743911  0.463414  0.876158  0.903235  0.409194 
18  0.835310  0.840839  0.801615  0.825280  0.753578  0.896891  0.827021  0.849738  0.889771  0.906087  0.773771  0.778418  0.764184  0.887442  0.653600  0.792294  0.729704  0.853524 0.0  0.805691  0.858525  0.818790  0.889968  0.838102  0.623490  0.555280  0.867489  0.831621  0.766357  0.449112  0.788429 
19  0.349057  0.883457  0.538979  0.227904  0.801882  0.393569  0.317443  0.764205  0.752456  0.508234  0.814481  0.862250  0.000000  0.440618  0.794996  0.121213  0.354990  0.513006  0.805691 0.0  0.555402  0.198468  0.486527  0.839377  0.856395  0.754666  0.757703  0.285723  0.798004  0.893943  0.269441 
20  0.606404  0.864228  0.245840  0.572415  0.807921  0.531014  0.578464  0.917498  0.788350  0.303849  0.755845  0.951416  0.581549  0.600910  0.902307  0.562346  0.669107  0.357343  0.858525  0.555402 0.0  0.451639  0.355047  0.802021  0.773384  0.888119  0.723940  0.658551  0.782013  0.800595  0.520086 
21  0.405986  0.812888  0.640298  0.169373  0.740809  0.358898  0.397616  0.837925  0.770410  0.476473  0.809098  0.760063  0.126387  0.471728  0.710990  0.224905  0.398085  0.401095  0.818790  0.198468  0.451639 0.0  0.592713  0.847862  0.814851  0.770136  0.770406  0.434014  0.651225  0.842212  0.260118 
22  0.550529  0.959554  0.435302  0.621751  0.890405  0.424977  0.626531  0.759737  0.734012  0.468695  0.826978  0.831482  0.580132  0.656327  0.821559  0.460023  0.586423  0.413821  0.889968  0.486527  0.355047  0.592713 0.0  0.743824  0.783911  0.696090  0.901477  0.655253  0.885868  0.920675  0.475160 
23  0.780613  0.670355  0.891293  0.874890  0.748791  0.775276  0.819443  0.773469  0.691701  0.809325  0.787076  0.695452  0.792326  0.736018  0.829424  0.971526  0.967282  0.769531  0.838102  0.839377  0.802021  0.847862  0.743824 0.0  0.818691  0.895644  0.355769  0.796409  0.722508  0.838354  0.795538 
24  0.807495  0.789189  0.914041  0.726610  0.738609  0.921819  0.744260  0.933296  0.852221  0.760393  0.689499  0.755717  0.749244  0.892710  0.577912  0.746176  0.931293  0.796801  0.623490  0.856395  0.773384  0.814851  0.783911  0.818691 0.0  0.602780  0.972336  0.935917  0.685059  0.711810  0.754403 
25  0.747192  0.795611  0.779892  0.733325  0.764707  0.797439  0.652808  0.832542  0.775517  0.967076  0.726044  0.747846  0.764284  0.646582  0.672018  0.822342  0.774038  0.888546  0.555280  0.754666  0.888119  0.770136  0.696090  0.895644  0.602780 0.0  0.751499  0.787274  0.721274  0.612182  0.759066 
26  0.795946  0.781341  0.789228  0.761498  0.587701  0.864260  0.745317  0.655224  0.694124  0.893597  0.834293  0.701189  0.887765  0.856742  0.840786  0.811668  0.833088  0.743911  0.867489  0.757703  0.723940  0.770406  0.901477  0.355769  0.972336  0.751499 0.0  0.778563  0.601337  0.880198  0.832358 
27  0.344522  0.704525  0.598578  0.344010  0.826535  0.484118  0.206787  0.793839  0.748665  0.590751  0.904137  0.782007  0.433967  0.398560  0.804143  0.292400  0.336200  0.463414  0.831621  0.285723  0.658551  0.434014  0.655253  0.796409  0.935917  0.787274  0.778563 0.0  0.771907  0.758525  0.440192 
28  0.899553  0.436418  0.702691  0.749550  0.480596  0.795382  0.799359  0.390004  0.304255  0.797688  0.715755  0.588565  0.803336  0.789392  0.635772  0.799456  0.846854  0.876158  0.766357  0.798004  0.782013  0.651225  0.885868  0.722508  0.685059  0.721274  0.601337  0.771907 0.0  0.741916  0.888075 
29  0.814812  0.833761  0.961150  0.802411  0.806291  0.789728  0.790859  0.719641  0.822535  0.890933  0.808891  0.667486  0.931212  0.834445  0.786954  0.801359  0.768459  0.903235  0.449112  0.893943  0.800595  0.842212  0.920675  0.838354  0.711810  0.612182  0.880198  0.758525  0.741916 0.0  0.774175 
30  0.404273  0.812867  0.535693  0.211162  0.755372  0.387811  0.521267  0.769357  0.749125  0.415568  0.729575  0.759198  0.360641  0.494101  0.826884  0.306303  0.336756  0.409194  0.788429  0.269441  0.520086  0.260118  0.475160  0.795538  0.754403  0.759066  0.832358  0.440192  0.888075  0.774175 0.0 
