31
0 0.0  0.893100  0.775373  0.608466  0.309410  0.391481  0.804467  0.749170  0.796457  0.905353  0.655103  0.729076  0.788377  0.544979  0.825133  0.279821  0.451990  0.752451  0.757386  0.731807  0.849127  0.843553  0.023864  0.232002  0.861698  0.334075  0.612998  0.530956  0.851077  0.515341  0.786493 
1  0.893100 0.0  0.863380  0.795413  0.797314  0.812172  0.407732  0.773749  0.767781  0.947693  0.776759  0.690941  0.707768  0.736731  0.000000  0.787402  0.637991  0.857615  0.743881  0.965893  0.870571  0.632178  0.806212  0.835985  0.769833  0.797638  0.735070  0.760583  0.650972  0.750019  0.815560 
2  0.775373  0.863380 0.0  0.635875  0.757478  0.690873  0.771919  0.709183  0.539141  0.220660  0.728665  0.552583  0.671551  0.875029  0.709669  0.777694  0.812674  0.560565  0.651741  0.795991  0.918997  0.823907  0.789638  0.786347  0.849507  0.899340  0.823267  0.823375  0.811450  0.672556  0.660070 
3  0.608466  0.795413  0.635875 0.0  0.478236  0.507904  0.773508  0.765160  0.660901  0.763141  0.504011  0.749847  0.792599  0.229160  0.781738  0.517582  0.253077  0.772728  0.786214  0.728357  0.823165  0.913687  0.493193  0.653161  0.849211  0.548831  0.468214  0.422133  0.640712  0.081713  0.864118 
4  0.309410  0.797314  0.757478  0.478236 0.0  0.332310  0.828208  0.841914  0.868542  0.813905  0.577110  0.801420  0.763185  0.475617  0.841767  0.253071  0.443984  0.748398  0.808083  0.746918  0.789419  0.831211  0.280969  0.356818  0.793054  0.037284  0.575390  0.406440  0.812783  0.450626  0.781782 
5  0.391481  0.812172  0.690873  0.507904  0.332310 0.0  0.720259  0.752424  0.654524  0.880110  0.444491  0.801726  0.731621  0.309543  0.889929  0.353842  0.372153  0.802731  0.872242  0.712714  0.792795  0.918502  0.390431  0.331148  0.784998  0.253468  0.549734  0.508768  0.758736  0.320884  0.833839 
6  0.804467  0.407732  0.771919  0.773508  0.828208  0.720259 0.0  0.635221  0.729794  0.860417  0.709515  0.898094  0.648674  0.786299  0.371817  0.728988  0.697184  0.812307  0.775894  0.870736  1.000000  0.572210  0.818506  0.800074  0.631726  0.816362  0.721073  0.757927  0.631109  0.843235  0.717726 
7  0.749170  0.773749  0.709183  0.765160  0.841914  0.752424  0.635221 0.0  0.462109  0.706565  0.730111  0.630973  0.359801  0.707965  0.699438  0.885756  0.817771  0.773926  0.549770  0.854984  0.933641  0.659777  0.811950  0.743347  0.471089  0.771557  0.707401  0.724607  0.467713  0.795007  0.307439 
8  0.796457  0.767781  0.539141  0.660901  0.868542  0.654524  0.729794  0.462109 0.0  0.628079  0.712022  0.237319  0.402866  0.729550  0.863989  0.937454  0.727944  0.621863  0.392248  0.779135  0.894217  0.678675  0.788045  0.809066  0.639281  0.801098  0.664208  0.789511  0.723626  0.677878  0.291684 
9  0.905353  0.947693  0.220660  0.763141  0.813905  0.880110  0.860417  0.706565  0.628079 0.0  0.792057  0.773437  0.703674  0.887075  0.822380  0.803172  0.838137  0.441891  0.563666  0.941757  0.902679  0.873599  0.730677  0.832947  0.694214  0.827395  0.716055  0.838901  0.772697  0.658368  0.768163 
10  0.655103  0.776759  0.728665  0.504011  0.577110  0.444491  0.709515  0.730111  0.712022  0.792057 0.0  0.738746  0.702716  0.414614  0.664408  0.483071  0.422701  0.875020  0.773011  0.821353  0.805611  0.832030  0.562265  0.466075  0.773775  0.508659  0.364188  0.270404  0.789567  0.411028  0.766495 
11  0.729076  0.690941  0.552583  0.749847  0.801420  0.801726  0.898094  0.630973  0.237319  0.773437  0.738746 0.0  0.418603  0.685573  0.755289  0.795225  0.700700  0.616491  0.556145  0.891275  0.820717  0.821100  0.801128  0.747942  0.555406  0.828738  0.907552  0.721812  0.598405  0.704516  0.517787 
12  0.788377  0.707768  0.671551  0.792599  0.763185  0.731621  0.648674  0.359801  0.402866  0.703674  0.702716  0.418603 0.0  0.693924  0.803604  0.775084  0.745273  0.601680  0.476811  0.859604  0.884170  0.712310  0.815684  0.663267  0.520795  0.749299  0.660680  0.742219  0.559381  0.741118  0.269794 
13  0.544979  0.736731  0.875029  0.229160  0.475617  0.309543  0.786299  0.707965  0.729550  0.887075  0.414614  0.685573  0.693924 0.0  0.797097  0.538179  0.133867  0.792271  0.797976  0.833238  0.908897  0.963859  0.508950  0.516204  0.784775  0.332579  0.517980  0.238077  0.849476  0.295500  0.823594 
14  0.825133  0.000000  0.709669  0.781738  0.841767  0.889929  0.371817  0.699438  0.863989  0.822380  0.664408  0.755289  0.803604  0.797097 0.0  0.892377  0.802400  0.804564  0.702452  0.869028  0.902674  0.687035  0.852692  0.767267  0.687298  0.760042  0.740978  0.826114  0.727986  0.742985  0.626165 
15  0.279821  0.787402  0.777694  0.517582  0.253071  0.353842  0.728988  0.885756  0.937454  0.803172  0.483071  0.795225  0.775084  0.538179  0.892377 0.0  0.569931  0.882287  0.847177  0.798091  0.796138  0.860677  0.182230  0.207313  0.715389  0.318071  0.512814  0.555529  0.769408  0.528438  0.835122 
16  0.451990  0.637991  0.812674  0.253077  0.443984  0.372153  0.697184  0.817771  0.727944  0.838137  0.422701  0.700700  0.745273  0.133867  0.802400  0.569931 0.0  0.779561  0.871804  0.687479  0.910674  0.770756  0.546148  0.497170  0.630736  0.415368  0.462865  0.119574  0.717602  0.119261  0.764903 
17  0.752451  0.857615  0.560565  0.772728  0.748398  0.802731  0.812307  0.773926  0.621863  0.441891  0.875020  0.616491  0.601680  0.792271  0.804564  0.882287  0.779561 0.0  0.651274  0.847596  0.955430  0.840861  0.896201  0.852868  0.757673  0.712543  0.750658  0.866536  0.744853  0.816023  0.603023 
18  0.757386  0.743881  0.651741  0.786214  0.808083  0.872242  0.775894  0.549770  0.392248  0.563666  0.773011  0.556145  0.476811  0.797976  0.702452  0.847177  0.871804  0.651274 0.0  0.868268  0.961696  0.798171  0.828952  0.833297  0.528788  0.805103  0.734015  0.817748  0.671408  0.804492  0.514385 
19  0.731807  0.965893  0.795991  0.728357  0.746918  0.712714  0.870736  0.854984  0.779135  0.941757  0.821353  0.891275  0.859604  0.833238  0.869028  0.798091  0.687479  0.847596  0.868268 0.0  0.741508  0.881769  0.664220  0.670794  0.815187  0.616940  0.727502  0.769404  0.838977  0.666599  0.913649 
20  0.849127  0.870571  0.918997  0.823165  0.789419  0.792795  1.000000  0.933641  0.894217  0.902679  0.805611  0.820717  0.884170  0.908897  0.902674  0.796138  0.910674  0.955430  0.961696  0.741508 0.0  0.845323  0.800131  0.768147  0.906736  0.772404  0.750009  0.919180  0.831055  0.785460  0.900307 
21  0.843553  0.632178  0.823907  0.913687  0.831211  0.918502  0.572210  0.659777  0.678675  0.873599  0.832030  0.821100  0.712310  0.963859  0.687035  0.860677  0.770756  0.840861  0.798171  0.881769  0.845323 0.0  0.917335  0.867313  0.604700  0.780667  0.890787  0.847003  0.668291  0.915247  0.745272 
22  0.023864  0.806212  0.789638  0.493193  0.280969  0.390431  0.818506  0.811950  0.788045  0.730677  0.562265  0.801128  0.815684  0.508950  0.852692  0.182230  0.546148  0.896201  0.828952  0.664220  0.800131  0.917335 0.0  0.215418  0.825180  0.428406  0.581485  0.506441  0.774477  0.395407  0.771579 
23  0.232002  0.835985  0.786347  0.653161  0.356818  0.331148  0.800074  0.743347  0.809066  0.832947  0.466075  0.747942  0.663267  0.516204  0.767267  0.207313  0.497170  0.852868  0.833297  0.670794  0.768147  0.867313  0.215418 0.0  0.812081  0.437041  0.572157  0.487760  0.871232  0.624144  0.839483 
24  0.861698  0.769833  0.849507  0.849211  0.793054  0.784998  0.631726  0.471089  0.639281  0.694214  0.773775  0.555406  0.520795  0.784775  0.687298  0.715389  0.630736  0.757673  0.528788  0.815187  0.906736  0.604700  0.825180  0.812081 0.0  0.772699  0.592184  0.733159  0.394864  0.742018  0.596532 
25  0.334075  0.797638  0.899340  0.548831  0.037284  0.253468  0.816362  0.771557  0.801098  0.827395  0.508659  0.828738  0.749299  0.332579  0.760042  0.318071  0.415368  0.712543  0.805103  0.616940  0.772404  0.780667  0.428406  0.437041  0.772699 0.0  0.640533  0.454070  0.725122  0.519930  0.729431 
26  0.612998  0.735070  0.823267  0.468214  0.575390  0.549734  0.721073  0.707401  0.664208  0.716055  0.364188  0.907552  0.660680  0.517980  0.740978  0.512814  0.462865  0.750658  0.734015  0.727502  0.750009  0.890787  0.581485  0.572157  0.592184  0.640533 0.0  0.371178  0.670063  0.365109  0.721882 
27  0.530956  0.760583  0.823375  0.422133  0.406440  0.508768  0.757927  0.724607  0.789511  0.838901  0.270404  0.721812  0.742219  0.238077  0.826114  0.555529  0.119574  0.866536  0.817748  0.769404  0.919180  0.847003  0.506441  0.487760  0.733159  0.454070  0.371178 0.0  0.790109  0.272653  0.597806 
28  0.851077  0.650972  0.811450  0.640712  0.812783  0.758736  0.631109  0.467713  0.723626  0.772697  0.789567  0.598405  0.559381  0.849476  0.727986  0.769408  0.717602  0.744853  0.671408  0.838977  0.831055  0.668291  0.774477  0.871232  0.394864  0.725122  0.670063  0.790109 0.0  0.815907  0.648773 
29  0.515341  0.750019  0.672556  0.081713  0.450626  0.320884  0.843235  0.795007  0.677878  0.658368  0.411028  0.704516  0.741118  0.295500  0.742985  0.528438  0.119261  0.816023  0.804492  0.666599  0.785460  0.915247  0.395407  0.624144  0.742018  0.519930  0.365109  0.272653  0.815907 0.0  0.672450 
30  0.786493  0.815560  0.660070  0.864118  0.781782  0.833839  0.717726  0.307439  0.291684  0.768163  0.766495  0.517787  0.269794  0.823594  0.626165  0.835122  0.764903  0.603023  0.514385  0.913649  0.900307  0.745272  0.771579  0.839483  0.596532  0.729431  0.721882  0.597806  0.648773  0.672450 0.0 
