31
0 0.0  0.517838  0.643989  0.676776  0.453170  0.896263  0.660803  0.772017  0.658453  0.659499  0.674003  0.713025  0.556819  0.655463  0.403348  0.648977  0.679274  0.691268  0.721262  0.649317  0.501039  0.586385  0.506512  0.680645  0.602417  0.627690  0.653943  0.637406  0.641556  0.778797  0.588343 
1  0.517838 0.0  0.724798  0.539694  0.474139  0.784446  0.650616  0.660812  0.621713  0.778151  0.708397  0.659428  0.832716  0.475576  0.451873  0.645245  0.744171  0.765720  0.734285  0.563672  0.379354  0.355278  0.724569  0.776281  0.726482  0.584325  0.735724  0.746162  0.737295  0.813188  0.684242 
2  0.643989  0.724798 0.0  0.702284  0.765225  0.659804  0.801712  0.686065  0.738263  0.724438  0.726986  0.651492  0.784174  0.705613  0.650932  0.717097  0.866888  0.805508  0.754758  0.666512  0.672550  0.665655  0.412717  0.744940  0.838832  0.741354  0.771369  0.724172  0.615156  0.646758  0.484115 
3  0.676776  0.539694  0.702284 0.0  0.579497  0.788299  0.680144  0.782551  0.645008  0.680077  0.668416  0.731148  0.754251  0.568793  0.665252  0.610199  0.693092  0.711503  0.756833  0.569902  0.602193  0.626465  0.820631  0.697468  0.804701  0.323396  0.734267  0.753726  0.702557  0.832678  0.675588 
4  0.453170  0.474139  0.765225  0.579497 0.0  0.838620  0.615750  0.706987  0.683674  0.635889  0.612431  0.636132  0.581865  0.271605  0.470797  0.737710  0.831459  0.736428  0.760887  0.284513  0.278978  0.466104  0.654821  0.671468  0.643316  0.626553  0.629715  0.697485  0.608085  0.758837  0.537021 
5  0.896263  0.784446  0.659804  0.788299  0.838620 0.0  0.666351  0.613489  0.650123  0.615471  0.707683  0.681719  0.708291  0.684712  0.678426  0.608680  0.559284  0.609713  0.587502  0.777176  0.688762  0.776722  0.730980  0.694893  0.565422  0.780624  0.687082  0.666011  0.556990  0.702550  0.828519 
6  0.660803  0.650616  0.801712  0.680144  0.615750  0.666351 0.0  0.531108  0.404700  0.302100  0.439700  0.371366  0.344625  0.620751  0.552149  0.287207  0.541942  0.429795  0.440233  0.650953  0.689745  0.719669  0.629736  0.359354  0.487131  0.723128  0.167481  0.230403  0.316636  0.696812  0.750532 
7  0.772017  0.660812  0.686065  0.782551  0.706987  0.613489  0.531108 0.0  0.453007  0.403261  0.459347  0.414413  0.361609  0.821067  0.743102  0.358185  0.167852  0.252759  0.309010  0.625522  0.722557  0.744718  0.752161  0.458510  0.340565  0.715169  0.516809  0.402598  0.353082  0.850646  0.747591 
8  0.658453  0.621713  0.738263  0.645008  0.683674  0.650123  0.404700  0.453007 0.0  0.179419  0.294809  0.244751  0.285021  0.612777  0.745142  0.265270  0.437939  0.446764  0.407930  0.709642  0.620563  0.669530  0.712268  0.212229  0.458316  0.626573  0.255468  0.245805  0.385719  0.736523  0.749858 
9  0.659499  0.778151  0.724438  0.680077  0.635889  0.615471  0.302100  0.403261  0.179419 0.0  0.346150  0.088513  0.261828  0.627654  0.690559  0.250308  0.418637  0.432769  0.460539  0.721793  0.692066  0.623598  0.689431  0.197859  0.453438  0.704240  0.161243  0.092339  0.463021  0.698162  0.784087 
10  0.674003  0.708397  0.726986  0.668416  0.612431  0.707683  0.439700  0.459347  0.294809  0.346150 0.0  0.355391  0.321755  0.771193  0.656857  0.464517  0.485620  0.429485  0.421425  0.539700  0.679816  0.670745  0.639182  0.429605  0.471341  0.752393  0.395733  0.496119  0.411198  0.721689  0.708456 
11  0.713025  0.659428  0.651492  0.731148  0.636132  0.681719  0.371366  0.414413  0.244751  0.088513  0.355391 0.0  0.133240  0.698753  0.707903  0.066085  0.451977  0.380150  0.437943  0.738927  0.643391  0.679604  0.681450  0.238403  0.379412  0.859648  0.167879  0.071376  0.179988  0.788099  0.746133 
12  0.556819  0.832716  0.784174  0.754251  0.581865  0.708291  0.344625  0.361609  0.285021  0.261828  0.321755  0.133240 0.0  0.719941  0.695876  0.225135  0.451224  0.439294  0.376093  0.666719  0.621090  0.720230  0.640947  0.030487  0.473033  0.731609  0.319691  0.127782  0.196808  0.663015  0.838331 
13  0.655463  0.475576  0.705613  0.568793  0.271605  0.684712  0.620751  0.821067  0.612777  0.627654  0.771193  0.698753  0.719941 0.0  0.561036  0.660511  0.759711  0.727590  0.778866  0.200854  0.335921  0.575530  0.632748  0.667395  0.693134  0.577874  0.700013  0.688281  0.758897  0.895499  0.693107 
14  0.403348  0.451873  0.650932  0.665252  0.470797  0.678426  0.552149  0.743102  0.745142  0.690559  0.656857  0.707903  0.695876  0.561036 0.0  0.679128  0.662410  0.692230  0.699858  0.597406  0.546690  0.416043  0.553208  0.573359  0.645924  0.712565  0.694102  0.628509  0.740184  0.625533  0.704990 
15  0.648977  0.645245  0.717097  0.610199  0.737710  0.608680  0.287207  0.358185  0.265270  0.250308  0.464517  0.066085  0.225135  0.660511  0.679128 0.0  0.508033  0.386974  0.284756  0.626699  0.704033  0.688510  0.715408  0.192531  0.432706  0.696341  0.300218  0.147228  0.264446  0.662792  0.836355 
16  0.679274  0.744171  0.866888  0.693092  0.831459  0.559284  0.541942  0.167852  0.437939  0.418637  0.485620  0.451977  0.451224  0.759711  0.662410  0.508033 0.0  0.234038  0.182921  0.721796  0.750461  0.750727  0.787238  0.426357  0.292339  0.744408  0.425992  0.524349  0.352264  0.719027  0.804355 
17  0.691268  0.765720  0.805508  0.711503  0.736428  0.609713  0.429795  0.252759  0.446764  0.432769  0.429485  0.380150  0.439294  0.727590  0.692230  0.386974  0.234038 0.0  0.436498  0.736757  0.733413  0.641436  0.697796  0.363666  0.219184  0.718498  0.522848  0.460413  0.415947  0.658966  0.735797 
18  0.721262  0.734285  0.754758  0.756833  0.760887  0.587502  0.440233  0.309010  0.407930  0.460539  0.421425  0.437943  0.376093  0.778866  0.699858  0.284756  0.182921  0.436498 0.0  0.678570  0.775047  0.689003  0.734602  0.322601  0.353137  0.676724  0.442833  0.386413  0.161590  0.674373  0.683402 
19  0.649317  0.563672  0.666512  0.569902  0.284513  0.777176  0.650953  0.625522  0.709642  0.721793  0.539700  0.738927  0.666719  0.200854  0.597406  0.626699  0.721796  0.736757  0.678570 0.0  0.284253  0.562421  0.572552  0.694081  0.664045  0.656928  0.603392  0.767885  0.660862  0.693706  0.667837 
20  0.501039  0.379354  0.672550  0.602193  0.278978  0.688762  0.689745  0.722557  0.620563  0.692066  0.679816  0.643391  0.621090  0.335921  0.546690  0.704033  0.750461  0.733413  0.775047  0.284253 0.0  0.429885  0.633659  0.700979  0.740989  0.488854  0.640321  0.680869  0.685616  0.809882  0.700515 
21  0.586385  0.355278  0.665655  0.626465  0.466104  0.776722  0.719669  0.744718  0.669530  0.623598  0.670745  0.679604  0.720230  0.575530  0.416043  0.688510  0.750727  0.641436  0.689003  0.562421  0.429885 0.0  0.603978  0.778765  0.676786  0.595476  0.677634  0.659729  0.715381  0.818731  0.622337 
22  0.506512  0.724569  0.412717  0.820631  0.654821  0.730980  0.629736  0.752161  0.712268  0.689431  0.639182  0.681450  0.640947  0.632748  0.553208  0.715408  0.787238  0.697796  0.734602  0.572552  0.633659  0.603978 0.0  0.748536  0.672060  0.744401  0.697396  0.696462  0.623303  0.757495  0.507708 
23  0.680645  0.776281  0.744940  0.697468  0.671468  0.694893  0.359354  0.458510  0.212229  0.197859  0.429605  0.238403  0.030487  0.667395  0.573359  0.192531  0.426357  0.363666  0.322601  0.694081  0.700979  0.778765  0.748536 0.0  0.387188  0.774907  0.357495  0.210742  0.383133  0.714924  0.737047 
24  0.602417  0.726482  0.838832  0.804701  0.643316  0.565422  0.487131  0.340565  0.458316  0.453438  0.471341  0.379412  0.473033  0.693134  0.645924  0.432706  0.292339  0.219184  0.353137  0.664045  0.740989  0.676786  0.672060  0.387188 0.0  0.707263  0.435961  0.419626  0.360511  0.753692  1.000000 
25  0.627690  0.584325  0.741354  0.323396  0.626553  0.780624  0.723128  0.715169  0.626573  0.704240  0.752393  0.859648  0.731609  0.577874  0.712565  0.696341  0.744408  0.718498  0.676724  0.656928  0.488854  0.595476  0.744401  0.774907  0.707263 0.0  0.669147  0.687973  0.617511  0.734287  0.795252 
26  0.653943  0.735724  0.771369  0.734267  0.629715  0.687082  0.167481  0.516809  0.255468  0.161243  0.395733  0.167879  0.319691  0.700013  0.694102  0.300218  0.425992  0.522848  0.442833  0.603392  0.640321  0.677634  0.697396  0.357495  0.435961  0.669147 0.0  0.240479  0.412337  0.717201  0.779490 
27  0.637406  0.746162  0.724172  0.753726  0.697485  0.666011  0.230403  0.402598  0.245805  0.092339  0.496119  0.071376  0.127782  0.688281  0.628509  0.147228  0.524349  0.460413  0.386413  0.767885  0.680869  0.659729  0.696462  0.210742  0.419626  0.687973  0.240479 0.0  0.404254  0.678160  0.769551 
28  0.641556  0.737295  0.615156  0.702557  0.608085  0.556990  0.316636  0.353082  0.385719  0.463021  0.411198  0.179988  0.196808  0.758897  0.740184  0.264446  0.352264  0.415947  0.161590  0.660862  0.685616  0.715381  0.623303  0.383133  0.360511  0.617511  0.412337  0.404254 0.0  0.693769  0.817058 
29  0.778797  0.813188  0.646758  0.832678  0.758837  0.702550  0.696812  0.850646  0.736523  0.698162  0.721689  0.788099  0.663015  0.895499  0.625533  0.662792  0.719027  0.658966  0.674373  0.693706  0.809882  0.818731  0.757495  0.714924  0.753692  0.734287  0.717201  0.678160  0.693769 0.0  0.874153 
30  0.588343  0.684242  0.484115  0.675588  0.537021  0.828519  0.750532  0.747591  0.749858  0.784087  0.708456  0.746133  0.838331  0.693107  0.704990  0.836355  0.804355  0.735797  0.683402  0.667837  0.700515  0.622337  0.507708  0.737047  1.000000  0.795252  0.779490  0.769551  0.817058  0.874153 0.0 
