31
0 0.0  0.706118  0.955075  0.475607  0.504523  0.781147  0.042622  0.844728  0.879145  0.701231  0.786672  0.194342  0.677881  0.698749  0.749247  0.350894  0.266896  0.762892  0.171453  0.712038  0.784264  0.033115  0.214350  0.769510  0.801325  0.796973  0.744147  0.770244  0.053983  0.526990  0.112009 
1  0.706118 0.0  0.743270  0.742895  0.790711  0.693428  0.693513  0.497055  0.681043  0.596994  0.782540  0.731519  0.313011  0.427810  0.883435  0.735952  0.756005  0.843346  0.744767  0.735533  0.570541  0.831282  0.750293  0.421403  0.829417  0.187954  0.616230  0.672779  0.741721  0.819310  0.743400 
2  0.955075  0.743270 0.0  0.928804  0.865123  0.667377  0.797150  0.737671  0.550669  0.728207  0.545552  0.871070  0.849846  0.783766  0.866378  0.757586  0.879643  0.996515  0.832762  0.489372  0.822647  0.878606  0.849461  0.823536  0.803280  0.741356  0.738318  0.828058  0.653753  0.901708  0.861142 
3  0.475607  0.742895  0.928804 0.0  0.075515  0.790262  0.512897  0.816026  0.826508  0.725496  0.961209  0.271963  0.793087  0.747040  0.717721  0.574505  0.468302  0.647060  0.540606  0.866160  0.752147  0.524879  0.449442  0.680533  0.821260  0.810967  0.719099  0.822237  0.544705  0.055633  0.493868 
4  0.504523  0.790711  0.865123  0.075515 0.0  0.741929  0.484893  0.754550  0.936198  0.856745  0.797435  0.553604  0.843740  0.887600  0.830272  0.621421  0.377708  0.688776  0.476243  0.801010  0.773169  0.502674  0.431372  0.744338  0.755644  0.876036  0.899249  0.855949  0.552267  0.358584  0.337803 
5  0.781147  0.693428  0.667377  0.790262  0.741929 0.0  0.784116  0.577504  0.511019  0.651910  0.702483  0.696811  0.634275  0.701333  0.789740  0.722462  0.754207  0.733665  0.648674  0.456747  0.733677  0.621954  0.722229  0.667723  0.872507  0.715298  0.674683  0.770349  0.705938  0.796407  0.705001 
6  0.042622  0.693513  0.797150  0.512897  0.484893  0.784116 0.0  0.760708  0.689592  0.751279  0.916264  0.096699  0.788950  0.715883  0.732554  0.419528  0.000000  0.590405  0.127447  0.851063  0.712714  0.142538  0.000000  0.752821  0.817767  0.778756  0.898675  0.852510  0.128917  0.480516  0.104699 
7  0.844728  0.497055  0.737671  0.816026  0.754550  0.577504  0.760708 0.0  0.672886  0.573980  0.586333  0.654234  0.708598  0.596099  0.797680  0.643392  0.876899  0.849703  0.684829  0.564782  0.657483  0.797753  0.728133  0.482134  0.809850  0.529308  0.733640  0.691125  0.782872  0.652055  0.744070 
8  0.879145  0.681043  0.550669  0.826508  0.936198  0.511019  0.689592  0.672886 0.0  0.640060  0.665917  0.738398  0.711328  0.850608  0.766947  0.897098  0.704590  0.831198  0.767207  0.458341  0.705494  0.711272  0.854612  0.811753  0.840323  0.796896  0.773479  0.939625  0.796923  0.794841  0.786907 
9  0.701231  0.596994  0.728207  0.725496  0.856745  0.651910  0.751279  0.573980  0.640060 0.0  0.625773  0.786041  0.561391  0.641712  0.969847  0.828025  0.875179  0.974557  0.773685  0.508574  0.568293  0.755483  0.804448  0.541910  0.827768  0.429626  0.553755  0.757078  0.756926  0.736725  0.695445 
10  0.786672  0.782540  0.545552  0.961209  0.797435  0.702483  0.916264  0.586333  0.665917  0.625773 0.0  0.812993  0.730477  0.750286  0.857324  0.682627  0.816889  1.000000  0.850387  0.458754  0.783172  0.855885  0.771684  0.675915  0.961645  0.757537  0.779118  0.848313  0.938531  0.905423  0.714976 
11  0.194342  0.731519  0.871070  0.271963  0.553604  0.696811  0.096699  0.654234  0.738398  0.786041  0.812993 0.0  0.699860  0.710273  0.805714  0.423170  0.144880  0.708603  0.157875  0.768158  0.751976  0.224735  0.060306  0.781681  0.807080  0.860086  0.834400  0.820757  0.197252  0.439344  0.241547 
12  0.677881  0.313011  0.849846  0.793087  0.843740  0.634275  0.788950  0.708598  0.711328  0.561391  0.730477  0.699860 0.0  0.235853  0.883171  0.785688  0.826600  0.802159  0.848251  0.676052  0.258369  0.791621  0.741265  0.106359  0.957010  0.429947  0.521147  0.656675  0.736585  0.818396  0.627297 
13  0.698749  0.427810  0.783766  0.747040  0.887600  0.701333  0.715883  0.596099  0.850608  0.641712  0.750286  0.710273  0.235853 0.0  0.972271  0.723768  0.802253  0.724934  0.759250  0.703981  0.062608  0.627389  0.686207  0.345145  0.931002  0.328811  0.513122  0.569570  0.677682  0.901425  0.664480 
14  0.749247  0.883435  0.866378  0.717721  0.830272  0.789740  0.732554  0.797680  0.766947  0.969847  0.857324  0.805714  0.883171  0.972271 0.0  0.850667  0.795091  0.717161  0.732682  0.880431  0.888897  0.827028  0.741289  0.827469  0.540618  0.867598  0.859088  0.854547  0.771256  0.714532  0.798469 
15  0.350894  0.735952  0.757586  0.574505  0.621421  0.722462  0.419528  0.643392  0.897098  0.828025  0.682627  0.423170  0.785688  0.723768  0.850667 0.0  0.551448  0.582454  0.356792  0.703338  0.635986  0.368965  0.418218  0.664417  0.779131  0.624328  0.776650  0.616612  0.432086  0.541962  0.369185 
16  0.266896  0.756005  0.879643  0.468302  0.377708  0.754207  0.000000  0.876899  0.704590  0.875179  0.816889  0.144880  0.826600  0.802253  0.795091  0.551448 0.0  0.603426  0.082686  0.911400  0.700150  0.385472  0.011586  0.905632  0.758781  0.842515  0.881714  0.769672  0.377271  0.388389  0.253146 
17  0.762892  0.843346  0.996515  0.647060  0.688776  0.733665  0.590405  0.849703  0.831198  0.974557  1.000000  0.708603  0.802159  0.724934  0.717161  0.582454  0.603426 0.0  0.753765  0.915837  0.865169  0.695101  0.705409  0.778045  0.642239  0.879038  0.988908  0.910591  0.863459  0.706176  0.606263 
18  0.171453  0.744767  0.832762  0.540606  0.476243  0.648674  0.127447  0.684829  0.767207  0.773685  0.850387  0.157875  0.848251  0.759250  0.732682  0.356792  0.082686  0.753765 0.0  0.765833  0.728576  0.344642  0.196693  0.814860  0.744922  0.685422  0.823358  0.813771  0.299520  0.429407  0.155897 
19  0.712038  0.735533  0.489372  0.866160  0.801010  0.456747  0.851063  0.564782  0.458341  0.508574  0.458754  0.768158  0.676052  0.703981  0.880431  0.703338  0.911400  0.915837  0.765833 0.0  0.817129  0.749062  0.713622  0.674895  0.910220  0.707946  0.727945  0.766651  0.871865  0.808646  0.828816 
20  0.784264  0.570541  0.822647  0.752147  0.773169  0.733677  0.712714  0.657483  0.705494  0.568293  0.783172  0.751976  0.258369  0.062608  0.888897  0.635986  0.700150  0.865169  0.728576  0.817129 0.0  0.768983  0.733172  0.294412  0.844623  0.413288  0.592072  0.572926  0.694193  0.777117  0.811060 
21  0.033115  0.831282  0.878606  0.524879  0.502674  0.621954  0.142538  0.797753  0.711272  0.755483  0.855885  0.224735  0.791621  0.627389  0.827028  0.368965  0.385472  0.695101  0.344642  0.749062  0.768983 0.0  0.158983  0.729923  0.752432  0.735928  0.843667  0.842026  0.147026  0.486958  0.028765 
22  0.214350  0.750293  0.849461  0.449442  0.431372  0.722229  0.000000  0.728133  0.854612  0.804448  0.771684  0.060306  0.741265  0.686207  0.741289  0.418218  0.011586  0.705409  0.196693  0.713622  0.733172  0.158983 0.0  0.763156  0.701130  0.750422  0.777259  0.849516  0.231237  0.358957  0.169885 
23  0.769510  0.421403  0.823536  0.680533  0.744338  0.667723  0.752821  0.482134  0.811753  0.541910  0.675915  0.781681  0.106359  0.345145  0.827469  0.664417  0.905632  0.778045  0.814860  0.674895  0.294412  0.729923  0.763156 0.0  0.933269  0.274272  0.585257  0.631336  0.777144  0.783475  0.668010 
24  0.801325  0.829417  0.803280  0.821260  0.755644  0.872507  0.817767  0.809850  0.840323  0.827768  0.961645  0.807080  0.957010  0.931002  0.540618  0.779131  0.758781  0.642239  0.744922  0.910220  0.844623  0.752432  0.701130  0.933269 0.0  0.839636  0.913450  0.910506  0.681315  0.816924  0.799741 
25  0.796973  0.187954  0.741356  0.810967  0.876036  0.715298  0.778756  0.529308  0.796896  0.429626  0.757537  0.860086  0.429947  0.328811  0.867598  0.624328  0.842515  0.879038  0.685422  0.707946  0.413288  0.735928  0.750422  0.274272  0.839636 0.0  0.516021  0.547410  0.779755  0.733963  0.795499 
26  0.744147  0.616230  0.738318  0.719099  0.899249  0.674683  0.898675  0.733640  0.773479  0.553755  0.779118  0.834400  0.521147  0.513122  0.859088  0.776650  0.881714  0.988908  0.823358  0.727945  0.592072  0.843667  0.777259  0.585257  0.913450  0.516021 0.0  0.600576  0.802425  0.803517  0.836617 
27  0.770244  0.672779  0.828058  0.822237  0.855949  0.770349  0.852510  0.691125  0.939625  0.757078  0.848313  0.820757  0.656675  0.569570  0.854547  0.616612  0.769672  0.910591  0.813771  0.766651  0.572926  0.842026  0.849516  0.631336  0.910506  0.547410  0.600576 0.0  0.933937  0.750693  0.743637 
28  0.053983  0.741721  0.653753  0.544705  0.552267  0.705938  0.128917  0.782872  0.796923  0.756926  0.938531  0.197252  0.736585  0.677682  0.771256  0.432086  0.377271  0.863459  0.299520  0.871865  0.694193  0.147026  0.231237  0.777144  0.681315  0.779755  0.802425  0.933937 0.0  0.431765  0.289829 
29  0.526990  0.819310  0.901708  0.055633  0.358584  0.796407  0.480516  0.652055  0.794841  0.736725  0.905423  0.439344  0.818396  0.901425  0.714532  0.541962  0.388389  0.706176  0.429407  0.808646  0.777117  0.486958  0.358957  0.783475  0.816924  0.733963  0.803517  0.750693  0.431765 0.0  0.470086 
30  0.112009  0.743400  0.861142  0.493868  0.337803  0.705001  0.104699  0.744070  0.786907  0.695445  0.714976  0.241547  0.627297  0.664480  0.798469  0.369185  0.253146  0.606263  0.155897  0.828816  0.811060  0.028765  0.169885  0.668010  0.799741  0.795499  0.836617  0.743637  0.289829  0.470086 0.0 
