62
0 0.0  0.745318  0.605693  0.636830  0.618462  0.720565  0.831636  0.624477  0.362806  0.534381  0.735271  0.732113  0.328173  0.614781  0.658949  0.618153  0.161557  0.590824  0.711370  0.571761  0.739973  0.767008  0.702641  0.641682  0.794193  0.751154  0.304590  0.774825  0.431633  0.609416  0.676305  0.636146  0.575137  0.688235  0.615796  0.610311  0.607350  0.572851  0.674749  0.687095  0.686076  0.575226  0.664653  0.710033  0.234886  0.275164  0.629573  0.627840  0.680732  0.321419  0.727850  0.296038  0.535925  0.248025  0.743802  0.729201  0.644884  0.639853  0.645764  0.646540  0.629729  0.680507 
1  0.745318 0.0  0.492211  0.187313  0.716266  0.186335  0.158513  0.179609  0.712787  0.639742  0.696102  0.753029  0.704798  0.785539  0.589424  0.483594  0.655440  0.745846  0.764492  0.764937  0.806457  0.803192  0.655752  0.692902  0.225925  0.755872  0.664792  0.796473  0.644421  0.719930  0.711571  0.737112  0.659973  0.693342  0.617812  0.651925  0.694717  0.719488  0.698758  0.730450  0.693021  0.630258  0.322803  0.854952  0.712273  0.648306  0.766302  0.764979  0.651149  0.659941  0.779276  0.678468  0.463701  0.645841  0.790908  0.769274  0.481700  0.530889  0.568264  0.802364  0.640458  0.733690 
2  0.605693  0.492211 0.0  0.512082  0.743916  0.608489  0.593454  0.615678  0.584156  0.764013  0.706430  0.913038  0.506051  0.739476  0.224821  0.707931  0.603556  0.486788  0.629475  0.831931  0.732513  0.742629  0.778071  0.745300  0.502500  0.745059  0.464792  0.745220  0.661610  0.789055  0.839507  0.710265  0.878138  0.766020  0.684330  0.731781  0.752495  0.844632  0.915581  0.624292  0.757369  0.822247  0.512629  0.773289  0.692898  0.715938  0.899843  0.770298  0.757139  0.711227  0.723718  0.657887  0.255973  0.762041  0.746578  0.845354  0.228753  0.208099  0.728780  0.914411  0.783084  0.625230 
3  0.636830  0.187313  0.512082 0.0  0.746380  0.182329  0.169363  0.166325  0.722376  0.687925  0.751112  0.648880  0.697115  0.582984  0.572241  0.545597  0.758520  0.741508  0.765292  0.809628  0.734775  0.860466  0.831636  0.874936  0.227641  0.843190  0.716255  0.872932  0.561522  0.806671  0.681621  0.688124  0.643658  0.710403  0.740746  0.746517  0.812075  0.775669  0.611945  0.775906  0.730139  0.780028  0.294948  0.743315  0.753830  0.720752  0.676526  0.863163  0.669326  0.682563  0.809297  0.623396  0.529725  0.620763  0.809842  0.869104  0.375254  0.528923  0.753972  0.886561  0.806527  0.794805 
4  0.618462  0.716266  0.743916  0.746380 0.0  0.884355  0.793254  0.722766  0.690440  0.425308  0.694569  0.760792  0.710576  0.480851  0.744778  0.475503  0.684282  0.688813  0.799126  0.843446  0.127765  0.360569  0.203391  0.360237  0.865018  0.372584  0.704128  0.884734  0.765670  0.296356  0.282979  0.474167  0.337770  0.344607  0.303856  0.384670  0.307825  0.324798  0.377547  0.328379  0.328194  0.117740  0.815127  0.304591  0.756928  0.725615  0.351458  0.244811  0.386240  0.807096  0.193503  0.764081  0.641128  0.658157  0.291705  0.390135  0.554379  0.706235  0.589565  0.336036  0.886077  0.798974 
5  0.720565  0.186335  0.608489  0.182329  0.884355 0.0  0.118815  0.155550  0.653712  0.759153  0.844596  0.722952  0.680829  0.721543  0.496501  0.474846  0.684319  0.727900  0.701004  0.748949  0.815834  0.795875  0.699287  0.737481  0.214273  0.790421  0.747406  0.617357  0.512628  0.803462  0.725285  0.865858  0.819167  0.832005  0.708876  0.871040  0.796827  0.827726  0.832676  0.774243  0.641974  0.809246  0.284213  0.737791  0.806712  0.721819  0.758428  0.832770  0.760812  0.695691  0.877554  0.642296  0.483206  0.685925  0.841920  0.793924  0.491281  0.584012  0.736705  0.773724  0.643878  0.817789 
6  0.831636  0.158513  0.593454  0.169363  0.793254  0.118815 0.0  0.158200  0.652983  0.805326  0.726134  0.810432  0.800509  0.775862  0.596339  0.487911  0.733039  0.675275  0.739538  0.730564  0.744324  0.746371  0.870244  0.834839  0.192594  0.729004  0.774203  0.761662  0.536338  0.854985  0.699402  0.712812  0.796007  0.742484  0.613229  0.803536  0.764257  0.811122  0.682500  0.627242  0.686603  0.744793  0.293790  0.828213  0.722740  0.579305  0.722329  0.742355  0.734630  0.765646  0.804193  0.772566  0.601296  0.607897  0.782792  0.715630  0.471010  0.529537  0.727607  0.855494  0.737760  0.739692 
7  0.624477  0.179609  0.615678  0.166325  0.722766  0.155550  0.158200 0.0  0.716139  0.704258  0.729079  0.675714  0.707511  0.731110  0.524701  0.494137  0.720912  0.685648  0.662593  0.771859  0.799729  0.810480  0.765230  0.814409  0.214401  0.768827  0.655654  0.692623  0.540420  0.775471  0.827370  0.794310  0.667694  0.689607  0.658096  0.742716  0.753017  0.848304  0.784257  0.675074  0.683219  0.734698  0.275721  0.731877  0.684908  0.842344  0.745685  0.856811  0.760325  0.647336  0.750847  0.676805  0.503443  0.640863  0.823686  0.925082  0.400631  0.424722  0.740801  0.917963  0.816074  0.762979 
8  0.362806  0.712787  0.584156  0.722376  0.690440  0.653712  0.652983  0.716139 0.0  0.635090  0.827002  0.698557  0.416220  0.690837  0.529648  0.527361  0.411598  0.638206  0.496822  0.494327  0.769300  0.599744  0.612967  0.615200  0.727450  0.661574  0.404518  0.720232  0.343935  0.523983  0.660475  0.732714  0.645411  0.645812  0.730060  0.536705  0.755101  0.728606  0.664817  0.703485  0.651223  0.705696  0.667393  0.695936  0.396158  0.482477  0.624069  0.761531  0.543562  0.318143  0.681216  0.380215  0.579556  0.376990  0.674854  0.774921  0.515788  0.591088  0.684351  0.703649  0.350755  0.447802 
9  0.534381  0.639742  0.764013  0.687925  0.425308  0.759153  0.805326  0.704258  0.635090 0.0  0.792373  0.866550  0.702986  0.334647  0.707281  0.538266  0.542964  0.637131  0.826443  0.819672  0.461471  0.523340  0.492799  0.396518  0.665922  0.455282  0.575380  0.614143  0.698275  0.298999  0.417647  0.340949  0.301071  0.474454  0.361095  0.336335  0.482848  0.329019  0.430769  0.436142  0.468913  0.417318  0.641079  0.329926  0.594921  0.496159  0.339484  0.465589  0.501064  0.601155  0.448483  0.618193  0.762853  0.684766  0.531800  0.480388  0.698853  0.775927  0.752883  0.444304  0.798100  0.756184 
10  0.735271  0.696102  0.706430  0.751112  0.694569  0.844596  0.726134  0.729079  0.827002  0.792373 0.0  0.217694  0.718689  0.721780  0.809467  0.606715  0.847375  0.730692  0.799442  0.894249  0.824690  0.774840  0.778734  0.767216  0.638638  0.738314  0.754982  0.304314  0.778435  0.689132  0.702625  0.728872  0.809400  0.725271  0.685764  0.762858  0.748079  0.779208  0.598664  0.734165  0.696812  0.605995  0.665960  0.666383  0.782391  0.797346  0.754223  0.806929  0.647485  0.904271  0.877052  0.655674  0.614251  0.815276  0.700735  0.651756  0.664785  0.754580  0.391159  0.774567  0.873175  0.722006 
11  0.732113  0.753029  0.913038  0.648880  0.760792  0.722952  0.810432  0.675714  0.698557  0.866550  0.217694 0.0  0.766566  0.801163  0.776853  0.646350  0.774591  0.658436  0.797289  0.787137  0.765922  0.636265  0.799332  0.802312  0.740837  0.843461  0.753447  0.306152  0.702962  0.773921  0.795859  0.772378  0.719100  0.811499  0.558163  0.730856  0.727044  0.654284  0.637269  0.809033  0.715145  0.569515  0.668290  0.711993  0.629592  0.762289  0.784124  0.840084  0.803118  0.799890  0.752018  0.853469  0.867486  0.789852  0.738002  0.680744  0.737144  0.740760  0.416124  0.708587  0.960768  0.831196 
12  0.328173  0.704798  0.506051  0.697115  0.710576  0.680829  0.800509  0.707511  0.416220  0.702986  0.718689  0.766566 0.0  0.716142  0.519013  0.598026  0.326784  0.437477  0.546963  0.576185  0.736674  0.748872  0.718787  0.700582  0.683101  0.580082  0.124666  0.875109  0.356268  0.692465  0.711760  0.608025  0.644018  0.673390  0.709670  0.519509  0.686192  0.663121  0.662072  0.573127  0.712734  0.649968  0.694097  0.566947  0.361332  0.284262  0.645100  0.616161  0.728161  0.355270  0.704251  0.481417  0.491575  0.372402  0.743826  0.728427  0.527762  0.519620  0.776740  0.604463  0.594331  0.663284 
13  0.614781  0.785539  0.739476  0.582984  0.480851  0.721543  0.775862  0.731110  0.690837  0.334647  0.721780  0.801163  0.716142 0.0  0.820224  0.491900  0.802869  0.607163  0.855433  0.875899  0.421745  0.278493  0.411173  0.355305  0.729108  0.259255  0.673195  0.656441  0.727342  0.349873  0.513128  0.167199  0.490568  0.293670  0.284030  0.193392  0.313755  0.156742  0.280129  0.316651  0.284054  0.518923  0.830795  0.313000  0.797614  0.614613  0.356951  0.514303  0.318789  0.761782  0.427706  0.695986  0.702239  0.714676  0.528897  0.337919  0.760219  0.676175  0.636037  0.283001  0.731489  0.748369 
14  0.658949  0.589424  0.224821  0.572241  0.744778  0.496501  0.596339  0.524701  0.529648  0.707281  0.809467  0.776853  0.519013  0.820224 0.0  0.564746  0.574994  0.477268  0.795495  0.775138  0.886349  0.826411  0.849822  0.768979  0.511323  0.766811  0.474103  0.870504  0.649811  0.802941  0.923661  0.875100  0.746722  0.645429  0.643719  0.784661  0.934807  0.696602  0.788765  0.784217  0.825883  0.609245  0.561006  0.708321  0.563572  0.646865  0.730278  0.753996  0.846534  0.640308  0.793266  0.654772  0.152784  0.693962  0.862342  0.811585  0.228953  0.245383  0.823700  0.641451  0.775738  0.704663 
15  0.618153  0.483594  0.707931  0.545597  0.475503  0.474846  0.487911  0.494137  0.527361  0.538266  0.606715  0.646350  0.598026  0.491900  0.564746 0.0  0.556841  0.605731  0.500850  0.562929  0.497575  0.649497  0.550814  0.562816  0.490779  0.553375  0.643280  0.648723  0.653983  0.623510  0.503444  0.521502  0.498106  0.482166  0.552452  0.506848  0.573484  0.477310  0.559938  0.577823  0.556346  0.551880  0.456091  0.608659  0.430868  0.448092  0.644120  0.526827  0.508529  0.577258  0.565860  0.564099  0.579599  0.567537  0.563695  0.555935  0.505453  0.592684  0.595032  0.532417  0.557814  0.627885 
16  0.161557  0.655440  0.603556  0.758520  0.684282  0.684319  0.733039  0.720912  0.411598  0.542964  0.847375  0.774591  0.326784  0.802869  0.574994  0.556841 0.0  0.561296  0.649533  0.698181  0.761394  0.819083  0.827429  0.642493  0.808166  0.681955  0.368630  0.800428  0.436856  0.607866  0.665733  0.624371  0.662627  0.643196  0.790108  0.747867  0.614999  0.731674  0.718241  0.651646  0.792119  0.711765  0.610619  0.689104  0.264831  0.289747  0.733109  0.677549  0.738487  0.344018  0.735902  0.272668  0.668401  0.313145  0.711550  0.672315  0.789737  0.654149  0.782935  0.599784  0.686890  0.618235 
17  0.590824  0.745846  0.486788  0.741508  0.688813  0.727900  0.675275  0.685648  0.638206  0.637131  0.730692  0.658436  0.437477  0.607163  0.477268  0.605731  0.561296 0.0  0.370633  0.323423  0.758103  0.706344  0.769735  0.550990  0.658661  0.588704  0.447164  0.779863  0.585202  0.573027  0.630260  0.666874  0.581039  0.720185  0.586669  0.638696  0.672042  0.525747  0.639460  0.529638  0.669342  0.622377  0.614288  0.733351  0.471106  0.561528  0.551041  0.630005  0.679782  0.627431  0.629707  0.693699  0.432489  0.551827  0.581246  0.676861  0.515338  0.472063  0.672173  0.781919  0.340901  0.293066 
18  0.711370  0.764492  0.629475  0.765292  0.799126  0.701004  0.739538  0.662593  0.496822  0.826443  0.799442  0.797289  0.546963  0.855433  0.795495  0.500850  0.649533  0.370633 0.0  0.209088  0.676193  0.653926  0.722253  0.749069  0.720970  0.730790  0.570730  0.767896  0.573121  0.756900  0.706235  0.668054  0.805401  0.762953  0.663296  0.719904  0.745879  0.804608  0.764710  0.807802  0.759764  0.790141  0.764075  0.768429  0.601404  0.607827  0.708632  0.844473  0.874794  0.510164  0.697992  0.594978  0.681734  0.690781  0.651335  0.844838  0.627201  0.612832  0.825545  0.853728  0.138065  0.167242 
19  0.571761  0.764937  0.831931  0.809628  0.843446  0.748949  0.730564  0.771859  0.494327  0.819672  0.894249  0.787137  0.576185  0.875899  0.775138  0.562929  0.698181  0.323423  0.209088 0.0  0.714595  0.837752  0.720055  0.894885  0.885737  0.791920  0.567748  0.898565  0.628797  0.647823  0.838585  0.893292  0.707797  0.654825  0.580584  0.781600  0.695636  0.785345  0.738396  0.787929  0.829375  0.668661  0.781296  0.654604  0.571588  0.657120  0.745261  0.808182  0.694730  0.646115  0.759191  0.744584  0.603250  0.706011  0.799955  0.822739  0.765017  0.653871  0.811571  0.585201  0.178889  0.170417 
20  0.739973  0.806457  0.732513  0.734775  0.127765  0.815834  0.744324  0.799729  0.769300  0.461471  0.824690  0.765922  0.736674  0.421745  0.886349  0.497575  0.761394  0.758103  0.676193  0.714595 0.0  0.379781  0.256000  0.384558  0.794301  0.357826  0.591161  0.760017  0.849416  0.257797  0.286253  0.460995  0.370802  0.383937  0.334580  0.432122  0.420172  0.351563  0.433763  0.367113  0.279398  0.150471  0.676353  0.343180  0.793921  0.693373  0.328576  0.257945  0.436098  0.868665  0.215436  0.755912  0.765365  0.750906  0.275862  0.371893  0.731886  0.804700  0.713942  0.326659  0.683427  0.777270 
21  0.767008  0.803192  0.742629  0.860466  0.360569  0.795875  0.746371  0.810480  0.599744  0.523340  0.774840  0.636265  0.748872  0.278493  0.826411  0.649497  0.819083  0.706344  0.653926  0.837752  0.379781 0.0  0.399342  0.202887  0.687354  0.223962  0.657574  0.740160  0.680235  0.383682  0.328952  0.325183  0.351177  0.207932  0.324437  0.289126  0.253301  0.283266  0.231781  0.248910  0.227294  0.386579  0.711444  0.423890  0.683055  0.817038  0.364133  0.396626  0.222515  0.765948  0.379487  0.780173  0.759839  0.678847  0.343997  0.190091  0.852597  0.878405  0.575611  0.228105  0.768921  0.758746 
22  0.702641  0.655752  0.778071  0.831636  0.203391  0.699287  0.870244  0.765230  0.612967  0.492799  0.778734  0.799332  0.718787  0.411173  0.849822  0.550814  0.827429  0.769735  0.722253  0.720055  0.256000  0.399342 0.0  0.390956  0.711984  0.343244  0.568711  0.788530  0.623118  0.372608  0.213667  0.457332  0.396277  0.347528  0.360752  0.378773  0.337095  0.478474  0.341184  0.367334  0.377439  0.218841  0.728420  0.278676  0.811461  0.846549  0.281866  0.237237  0.360249  0.807733  0.233621  0.824139  0.621823  0.744358  0.247707  0.243243  0.858380  0.637365  0.599674  0.362878  0.657001  0.840598 
23  0.641682  0.692902  0.745300  0.874936  0.360237  0.737481  0.834839  0.814409  0.615200  0.396518  0.767216  0.802312  0.700582  0.355305  0.768979  0.562816  0.642493  0.550990  0.749069  0.894885  0.384558  0.202887  0.390956 0.0  0.739076  0.193653  0.584123  0.582738  0.783702  0.324699  0.334509  0.309245  0.377796  0.135880  0.310666  0.274818  0.246186  0.296630  0.200981  0.223461  0.267032  0.392930  0.705143  0.384050  0.791203  0.584251  0.482643  0.398058  0.189187  0.600967  0.287108  0.741308  0.788570  0.703973  0.443552  0.268136  0.838159  0.717815  0.696401  0.212213  0.838411  0.841532 
24  0.794193  0.225925  0.502500  0.227641  0.865018  0.214273  0.192594  0.214401  0.727450  0.665922  0.638638  0.740837  0.683101  0.729108  0.511323  0.490779  0.808166  0.658661  0.720970  0.885737  0.794301  0.687354  0.711984  0.739076 0.0  0.748432  0.607442  0.751864  0.619878  0.735957  0.836392  0.793553  0.724473  0.697461  0.609886  0.783455  0.718510  0.698651  0.763034  0.695417  0.703353  0.813078  0.316224  0.665060  0.641620  0.767952  0.639870  0.820824  0.765735  0.769771  0.814150  0.716267  0.576244  0.604124  0.878095  0.850634  0.626925  0.509090  0.678934  0.922133  0.725766  0.804531 
25  0.751154  0.755872  0.745059  0.843190  0.372584  0.790421  0.729004  0.768827  0.661574  0.455282  0.738314  0.843461  0.580082  0.259255  0.766811  0.553375  0.681955  0.588704  0.730790  0.791920  0.357826  0.223962  0.343244  0.193653  0.748432 0.0  0.536844  0.554409  0.707136  0.354474  0.338094  0.299370  0.279429  0.211916  0.265331  0.261651  0.229625  0.231598  0.225805  0.214256  0.165158  0.329168  0.662889  0.429394  0.666087  0.650548  0.497265  0.369682  0.197517  0.698847  0.298609  0.702854  0.752097  0.697186  0.378457  0.163625  0.766546  0.792150  0.733119  0.183542  0.703772  0.770301 
26  0.304590  0.664792  0.464792  0.716255  0.704128  0.747406  0.774203  0.655654  0.404518  0.575380  0.754982  0.753447  0.124666  0.673195  0.474103  0.643280  0.368630  0.447164  0.570730  0.567748  0.591161  0.657574  0.568711  0.584123  0.607442  0.536844 0.0  0.623534  0.411575  0.607753  0.681591  0.715916  0.631140  0.639006  0.674372  0.622838  0.708768  0.726758  0.636677  0.676096  0.691061  0.704488  0.662546  0.767756  0.382240  0.334593  0.731013  0.606749  0.673635  0.396770  0.813154  0.325365  0.468598  0.342902  0.675971  0.636213  0.480803  0.429025  0.772361  0.634667  0.633272  0.568405 
27  0.774825  0.796473  0.745220  0.872932  0.884734  0.617357  0.761662  0.692623  0.720232  0.614143  0.304314  0.306152  0.875109  0.656441  0.870504  0.648723  0.800428  0.779863  0.767896  0.898565  0.760017  0.740160  0.788530  0.582738  0.751864  0.554409  0.623534 0.0  0.784783  0.746023  0.706128  0.700695  0.713920  0.778057  0.677754  0.692994  0.728167  0.792342  0.659109  0.792558  0.644359  0.792168  0.778678  0.683118  0.686768  0.773141  0.627595  0.671144  0.813748  0.910575  0.682823  0.880627  0.848372  0.746638  0.770018  0.638720  0.877440  0.742870  0.444227  0.673408  0.831412  0.800157 
28  0.431633  0.644421  0.661610  0.561522  0.765670  0.512628  0.536338  0.540420  0.343935  0.698275  0.778435  0.702962  0.356268  0.727342  0.649811  0.653983  0.436856  0.585202  0.573121  0.628797  0.849416  0.680235  0.623118  0.783702  0.619878  0.707136  0.411575  0.784783 0.0  0.661757  0.717752  0.776307  0.723217  0.721468  0.632540  0.675387  0.726922  0.673295  0.694234  0.782610  0.714747  0.736493  0.559116  0.753178  0.470153  0.501467  0.635925  0.704919  0.829924  0.400788  0.758192  0.409400  0.699859  0.465120  0.645954  0.701206  0.750713  0.701462  0.831675  0.858431  0.642133  0.518248 
29  0.609416  0.719930  0.789055  0.806671  0.296356  0.803462  0.854985  0.775471  0.523983  0.298999  0.689132  0.773921  0.692465  0.349873  0.802941  0.623510  0.607866  0.573027  0.756900  0.647823  0.257797  0.383682  0.372608  0.324699  0.735957  0.354474  0.607753  0.746023  0.661757 0.0  0.371988  0.483690  0.161807  0.339183  0.298715  0.443422  0.340941  0.355044  0.382402  0.339458  0.306471  0.296505  0.804020  0.451078  0.539160  0.538413  0.415138  0.348445  0.346656  0.630505  0.358060  0.612783  0.804350  0.557783  0.369012  0.304211  0.629320  0.789744  0.608764  0.293351  0.689630  0.757111 
30  0.676305  0.711571  0.839507  0.681621  0.282979  0.725285  0.699402  0.827370  0.660475  0.417647  0.702625  0.795859  0.711760  0.513128  0.923661  0.503444  0.665733  0.630260  0.706235  0.838585  0.286253  0.328952  0.213667  0.334509  0.836392  0.338094  0.681591  0.706128  0.717752  0.371988 0.0  0.520544  0.309171  0.368878  0.336243  0.427781  0.385154  0.423516  0.366967  0.355461  0.332962  0.281496  0.817660  0.341865  0.738062  0.710317  0.285491  0.151356  0.394332  0.749517  0.245455  0.750012  0.798412  0.689396  0.192309  0.382897  0.746053  0.730392  0.640996  0.382312  0.854168  0.661990 
31  0.636146  0.737112  0.710265  0.688124  0.474167  0.865858  0.712812  0.794310  0.732714  0.340949  0.728872  0.772378  0.608025  0.167199  0.875100  0.521502  0.624371  0.666874  0.668054  0.893292  0.460995  0.325183  0.457332  0.309245  0.793553  0.299370  0.715916  0.700695  0.776307  0.483690  0.520544 0.0  0.405164  0.317303  0.295328  0.195444  0.309505  0.199329  0.346088  0.289606  0.291240  0.586767  0.729102  0.337689  0.692709  0.600226  0.424368  0.389630  0.301799  0.799642  0.389877  0.815919  0.747902  0.659023  0.514249  0.332092  0.698271  0.727035  0.675574  0.299637  0.794014  0.696183 
32  0.575137  0.659973  0.878138  0.643658  0.337770  0.819167  0.796007  0.667694  0.645411  0.301071  0.809400  0.719100  0.644018  0.490568  0.746722  0.498106  0.662627  0.581039  0.805401  0.707797  0.370802  0.351177  0.396277  0.377796  0.724473  0.279429  0.631140  0.713920  0.723217  0.161807  0.309171  0.405164 0.0  0.352714  0.262040  0.421645  0.376140  0.371284  0.384536  0.320103  0.274279  0.402764  0.722051  0.415210  0.585568  0.581032  0.447199  0.400965  0.383003  0.541458  0.371960  0.645859  0.793152  0.568998  0.351541  0.391985  0.746657  0.839045  0.652776  0.283052  0.778190  0.656247 
33  0.688235  0.693342  0.766020  0.710403  0.344607  0.832005  0.742484  0.689607  0.645812  0.474454  0.725271  0.811499  0.673390  0.293670  0.645429  0.482166  0.643196  0.720185  0.762953  0.654825  0.383937  0.207932  0.347528  0.135880  0.697461  0.211916  0.639006  0.778057  0.721468  0.339183  0.368878  0.317303  0.352714 0.0  0.300180  0.294950  0.219240  0.283685  0.196138  0.222354  0.190036  0.323329  0.694682  0.427613  0.763748  0.785748  0.442255  0.403746  0.167494  0.771473  0.306360  0.862828  0.892598  0.668447  0.381047  0.209180  0.739262  0.646103  0.639919  0.195702  0.810940  0.963158 
34  0.615796  0.617812  0.684330  0.740746  0.303856  0.708876  0.613229  0.658096  0.730060  0.361095  0.685764  0.558163  0.709670  0.284030  0.643719  0.552452  0.790108  0.586669  0.663296  0.580584  0.334580  0.324437  0.360752  0.310666  0.609886  0.265331  0.674372  0.677754  0.632540  0.298715  0.336243  0.295328  0.262040  0.300180 0.0  0.315507  0.300596  0.277155  0.309836  0.367241  0.270131  0.329534  0.657717  0.312682  0.529457  0.685487  0.359239  0.393139  0.314769  0.659690  0.288375  0.625335  0.599535  0.602549  0.337641  0.325728  0.678475  0.557286  0.651377  0.266323  0.772737  0.647910 
35  0.610311  0.651925  0.731781  0.746517  0.384670  0.871040  0.803536  0.742716  0.536705  0.336335  0.762858  0.730856  0.519509  0.193392  0.784661  0.506848  0.747867  0.638696  0.719904  0.781600  0.432122  0.289126  0.378773  0.274818  0.783455  0.261651  0.622838  0.692994  0.675387  0.443422  0.427781  0.195444  0.421645  0.294950  0.315507 0.0  0.272014  0.116820  0.279407  0.294975  0.266380  0.454881  0.720766  0.289696  0.695406  0.747907  0.330606  0.429654  0.267790  0.803969  0.399410  0.661803  0.688643  0.741055  0.566475  0.308627  0.768218  0.741505  0.677559  0.318417  0.749215  0.766215 
36  0.607350  0.694717  0.752495  0.812075  0.307825  0.796827  0.764257  0.753017  0.755101  0.482848  0.748079  0.727044  0.686192  0.313755  0.934807  0.573484  0.614999  0.672042  0.745879  0.695636  0.420172  0.253301  0.337095  0.246186  0.718510  0.229625  0.708768  0.728167  0.726922  0.340941  0.385154  0.309505  0.376140  0.219240  0.300596  0.272014 0.0  0.285141  0.209843  0.152923  0.217145  0.336357  0.692687  0.410323  0.765695  0.872020  0.524450  0.344035  0.233730  0.687127  0.369921  0.796589  0.689902  0.823432  0.346841  0.248212  0.753697  0.801906  0.701311  0.117937  0.604277  0.821662 
37  0.572851  0.719488  0.844632  0.775669  0.324798  0.827726  0.811122  0.848304  0.728606  0.329019  0.779208  0.654284  0.663121  0.156742  0.696602  0.477310  0.731674  0.525747  0.804608  0.785345  0.351563  0.283266  0.478474  0.296630  0.698651  0.231598  0.726758  0.792342  0.673295  0.355044  0.423516  0.199329  0.371284  0.283685  0.277155  0.116820  0.285141 0.0  0.263394  0.307227  0.228878  0.430703  0.633427  0.296397  0.673935  0.609749  0.244628  0.446551  0.268595  0.817940  0.408510  0.702593  0.864863  0.648551  0.453789  0.300944  0.666946  0.688095  0.693548  0.270083  0.752496  0.699094 
38  0.674749  0.698758  0.915581  0.611945  0.377547  0.832676  0.682500  0.784257  0.664817  0.430769  0.598664  0.637269  0.662072  0.280129  0.788765  0.559938  0.718241  0.639460  0.764710  0.738396  0.433763  0.231781  0.341184  0.200981  0.763034  0.225805  0.636677  0.659109  0.694234  0.382402  0.366967  0.346088  0.384536  0.196138  0.309836  0.279407  0.209843  0.263394 0.0  0.232858  0.220412  0.380579  0.669207  0.408297  0.723170  0.676140  0.481297  0.351038  0.218920  0.825488  0.341091  0.796188  0.741816  0.710529  0.344339  0.245826  0.742119  0.708173  0.620615  0.256855  0.607662  0.819897 
39  0.687095  0.730450  0.624292  0.775906  0.328379  0.774243  0.627242  0.675074  0.703485  0.436142  0.734165  0.809033  0.573127  0.316651  0.784217  0.577823  0.651646  0.529638  0.807802  0.787929  0.367113  0.248910  0.367334  0.223461  0.695417  0.214256  0.676096  0.792558  0.782610  0.339458  0.355461  0.289606  0.320103  0.222354  0.367241  0.294975  0.152923  0.307227  0.232858 0.0  0.232694  0.303713  0.764583  0.410782  0.687536  0.730344  0.461341  0.352191  0.214175  0.752864  0.364539  0.727751  0.854980  0.806271  0.346525  0.211875  0.799851  0.646674  0.600757  0.145859  0.845964  0.802371 
40  0.686076  0.693021  0.757369  0.730139  0.328194  0.641974  0.686603  0.683219  0.651223  0.468913  0.696812  0.715145  0.712734  0.284054  0.825883  0.556346  0.792119  0.669342  0.759764  0.829375  0.279398  0.227294  0.377439  0.267032  0.703353  0.165158  0.691061  0.644359  0.714747  0.306471  0.332962  0.291240  0.274279  0.190036  0.270131  0.266380  0.217145  0.228878  0.220412  0.232694 0.0  0.406607  0.776997  0.424137  0.779066  0.749878  0.453824  0.356641  0.228060  0.813670  0.364890  0.711747  0.799730  0.772509  0.366821  0.221275  0.770007  0.868028  0.612438  0.178043  0.841326  0.687214 
41  0.575226  0.630258  0.822247  0.780028  0.117740  0.809246  0.744793  0.734698  0.705696  0.417318  0.605995  0.569515  0.649968  0.518923  0.609245  0.551880  0.711765  0.622377  0.790141  0.668661  0.150471  0.386579  0.218841  0.392930  0.813078  0.329168  0.704488  0.792168  0.736493  0.296505  0.281496  0.586767  0.402764  0.323329  0.329534  0.454881  0.336357  0.430703  0.380579  0.303713  0.406607 0.0  0.708149  0.323451  0.670249  0.683335  0.315666  0.248241  0.426906  0.780094  0.220800  0.756751  0.869099  0.777866  0.335564  0.350787  0.797920  0.674667  0.654423  0.317000  0.875715  0.873580 
42  0.664653  0.322803  0.512629  0.294948  0.815127  0.284213  0.293790  0.275721  0.667393  0.641079  0.665960  0.668290  0.694097  0.830795  0.561006  0.456091  0.610619  0.614288  0.764075  0.781296  0.676353  0.711444  0.728420  0.705143  0.316224  0.662889  0.662546  0.778678  0.559116  0.804020  0.817660  0.729102  0.722051  0.694682  0.657717  0.720766  0.692687  0.633427  0.669207  0.764583  0.776997  0.708149 0.0  0.664739  0.729021  0.699008  0.661389  0.629840  0.657754  0.659090  0.784418  0.746271  0.580085  0.712632  0.803788  0.620383  0.489425  0.571424  0.680239  0.717356  0.764908  0.783830 
43  0.710033  0.854952  0.773289  0.743315  0.304591  0.737791  0.828213  0.731877  0.695936  0.329926  0.666383  0.711993  0.566947  0.313000  0.708321  0.608659  0.689104  0.733351  0.768429  0.654604  0.343180  0.423890  0.278676  0.384050  0.665060  0.429394  0.767756  0.683118  0.753178  0.451078  0.341865  0.337689  0.415210  0.427613  0.312682  0.289696  0.410323  0.296397  0.408297  0.410782  0.424137  0.323451  0.664739 0.0  0.766415  0.644251  0.218068  0.336202  0.460570  0.740075  0.312209  0.722443  0.742321  0.646860  0.357735  0.471736  0.789381  0.734194  0.804046  0.478728  0.714875  0.775548 
44  0.234886  0.712273  0.692898  0.753830  0.756928  0.806712  0.722740  0.684908  0.396158  0.594921  0.782391  0.629592  0.361332  0.797614  0.563572  0.430868  0.264831  0.471106  0.601404  0.571588  0.793921  0.683055  0.811461  0.791203  0.641620  0.666087  0.382240  0.686768  0.470153  0.539160  0.738062  0.692709  0.585568  0.763748  0.529457  0.695406  0.765695  0.673935  0.723170  0.687536  0.779066  0.670249  0.729021  0.766415 0.0  0.160768  0.726064  1.000000  0.787238  0.280517  0.714883  0.305465  0.767988  0.272819  0.724615  0.687746  0.585464  0.582662  0.839873  0.691365  0.699266  0.568563 
45  0.275164  0.648306  0.715938  0.720752  0.725615  0.721819  0.579305  0.842344  0.482477  0.496159  0.797346  0.762289  0.284262  0.614613  0.646865  0.448092  0.289747  0.561528  0.607827  0.657120  0.693373  0.817038  0.846549  0.584251  0.767952  0.650548  0.334593  0.773141  0.501467  0.538413  0.710317  0.600226  0.581032  0.785748  0.685487  0.747907  0.872020  0.609749  0.676140  0.730344  0.749878  0.683335  0.699008  0.644251  0.160768 0.0  0.658346  0.663940  0.766897  0.346123  0.602092  0.310031  0.614222  0.337620  0.694869  0.710998  0.714853  0.705953  0.699506  0.702713  0.591089  0.732870 
46  0.629573  0.766302  0.899843  0.676526  0.351458  0.758428  0.722329  0.745685  0.624069  0.339484  0.754223  0.784124  0.645100  0.356951  0.730278  0.644120  0.733109  0.551041  0.708632  0.745261  0.328576  0.364133  0.281866  0.482643  0.639870  0.497265  0.731013  0.627595  0.635925  0.415138  0.285491  0.424368  0.447199  0.442255  0.359239  0.330606  0.524450  0.244628  0.481297  0.461341  0.453824  0.315666  0.661389  0.218068  0.726064  0.658346 0.0  0.281214  0.426354  0.721227  0.325875  0.708192  0.693060  0.846733  0.301907  0.422984  0.726156  0.761226  0.633800  0.466079  0.751679  0.715516 
47  0.627840  0.764979  0.770298  0.863163  0.244811  0.832770  0.742355  0.856811  0.761531  0.465589  0.806929  0.840084  0.616161  0.514303  0.753996  0.526827  0.677549  0.630005  0.844473  0.808182  0.257945  0.396626  0.237237  0.398058  0.820824  0.369682  0.606749  0.671144  0.704919  0.348445  0.151356  0.389630  0.400965  0.403746  0.393139  0.429654  0.344035  0.446551  0.351038  0.352191  0.356641  0.248241  0.629840  0.336202  1.000000  0.663940  0.281214 0.0  0.427178  0.664850  0.243686  0.618324  0.846483  0.654586  0.181761  0.377680  0.775261  0.781644  0.674657  0.386214  0.882186  0.843310 
48  0.680732  0.651149  0.757139  0.669326  0.386240  0.760812  0.734630  0.760325  0.543562  0.501064  0.647485  0.803118  0.728161  0.318789  0.846534  0.508529  0.738487  0.679782  0.874794  0.694730  0.436098  0.222515  0.360249  0.189187  0.765735  0.197517  0.673635  0.813748  0.829924  0.346656  0.394332  0.301799  0.383003  0.167494  0.314769  0.267790  0.233730  0.268595  0.218920  0.214175  0.228060  0.426906  0.657754  0.460570  0.787238  0.766897  0.426354  0.427178 0.0  0.744566  0.329674  0.740320  0.678963  0.808663  0.459625  0.239737  0.610918  0.746321  0.789171  0.201789  0.688427  0.746461 
49  0.321419  0.659941  0.711227  0.682563  0.807096  0.695691  0.765646  0.647336  0.318143  0.601155  0.904271  0.799890  0.355270  0.761782  0.640308  0.577258  0.344018  0.627431  0.510164  0.646115  0.868665  0.765948  0.807733  0.600967  0.769771  0.698847  0.396770  0.910575  0.400788  0.630505  0.749517  0.799642  0.541458  0.771473  0.659690  0.803969  0.687127  0.817940  0.825488  0.752864  0.813670  0.780094  0.659090  0.740075  0.280517  0.346123  0.721227  0.664850  0.744566 0.0  0.784781  0.265888  0.713797  0.340818  0.709850  0.681211  0.685167  0.598067  0.833112  0.755602  0.624495  0.681802 
50  0.727850  0.779276  0.723718  0.809297  0.193503  0.877554  0.804193  0.750847  0.681216  0.448483  0.877052  0.752018  0.704251  0.427706  0.793266  0.565860  0.735902  0.629707  0.697992  0.759191  0.215436  0.379487  0.233621  0.287108  0.814150  0.298609  0.813154  0.682823  0.758192  0.358060  0.245455  0.389877  0.371960  0.306360  0.288375  0.399410  0.369921  0.408510  0.341091  0.364539  0.364890  0.220800  0.784418  0.312209  0.714883  0.602092  0.325875  0.243686  0.329674  0.784781 0.0  0.914498  0.862309  0.709211  0.266150  0.382629  0.708068  0.685052  0.713395  0.345390  0.733450  0.785067 
51  0.296038  0.678468  0.657887  0.623396  0.764081  0.642296  0.772566  0.676805  0.380215  0.618193  0.655674  0.853469  0.481417  0.695986  0.654772  0.564099  0.272668  0.693699  0.594978  0.744584  0.755912  0.780173  0.824139  0.741308  0.716267  0.702854  0.325365  0.880627  0.409400  0.612783  0.750012  0.815919  0.645859  0.862828  0.625335  0.661803  0.796589  0.702593  0.796188  0.727751  0.711747  0.756751  0.746271  0.722443  0.305465  0.310031  0.708192  0.618324  0.740320  0.265888  0.914498 0.0  0.647907  0.299789  0.705740  0.695980  0.632481  0.591841  0.842430  0.809533  0.581585  0.612704 
52  0.535925  0.463701  0.255973  0.529725  0.641128  0.483206  0.601296  0.503443  0.579556  0.762853  0.614251  0.867486  0.491575  0.702239  0.152784  0.579599  0.668401  0.432489  0.681734  0.603250  0.765365  0.759839  0.621823  0.788570  0.576244  0.752097  0.468598  0.848372  0.699859  0.804350  0.798412  0.747902  0.793152  0.892598  0.599535  0.688643  0.689902  0.864863  0.741816  0.854980  0.799730  0.869099  0.580085  0.742321  0.767988  0.614222  0.693060  0.846483  0.678963  0.713797  0.862309  0.647907 0.0  0.716144  0.811472  0.726765  0.206119  0.264192  0.866487  0.820369  0.611438  0.694769 
53  0.248025  0.645841  0.762041  0.620763  0.658157  0.685925  0.607897  0.640863  0.376990  0.684766  0.815276  0.789852  0.372402  0.714676  0.693962  0.567537  0.313145  0.551827  0.690781  0.706011  0.750906  0.678847  0.744358  0.703973  0.604124  0.697186  0.342902  0.746638  0.465120  0.557783  0.689396  0.659023  0.568998  0.668447  0.602549  0.741055  0.823432  0.648551  0.710529  0.806271  0.772509  0.777866  0.712632  0.646860  0.272819  0.337620  0.846733  0.654586  0.808663  0.340818  0.709211  0.299789  0.716144 0.0  0.783946  0.639225  0.704975  0.650907  0.682694  0.709834  0.696517  0.676891 
54  0.743802  0.790908  0.746578  0.809842  0.291705  0.841920  0.782792  0.823686  0.674854  0.531800  0.700735  0.738002  0.743826  0.528897  0.862342  0.563695  0.711550  0.581246  0.651335  0.799955  0.275862  0.343997  0.247707  0.443552  0.878095  0.378457  0.675971  0.770018  0.645954  0.369012  0.192309  0.514249  0.351541  0.381047  0.337641  0.566475  0.346841  0.453789  0.344339  0.346525  0.366821  0.335564  0.803788  0.357735  0.724615  0.694869  0.301907  0.181761  0.459625  0.709850  0.266150  0.705740  0.811472  0.783946 0.0  0.368774  0.785102  0.752903  0.698117  0.385375  0.774364  0.760442 
55  0.729201  0.769274  0.845354  0.869104  0.390135  0.793924  0.715630  0.925082  0.774921  0.480388  0.651756  0.680744  0.728427  0.337919  0.811585  0.555935  0.672315  0.676861  0.844838  0.822739  0.371893  0.190091  0.243243  0.268136  0.850634  0.163625  0.636213  0.638720  0.701206  0.304211  0.382897  0.332092  0.391985  0.209180  0.325728  0.308627  0.248212  0.300944  0.245826  0.211875  0.221275  0.350787  0.620383  0.471736  0.687746  0.710998  0.422984  0.377680  0.239737  0.681211  0.382629  0.695980  0.726765  0.639225  0.368774 0.0  0.841958  0.779226  0.585919  0.174713  0.878100  0.849956 
56  0.644884  0.481700  0.228753  0.375254  0.554379  0.491281  0.471010  0.400631  0.515788  0.698853  0.664785  0.737144  0.527762  0.760219  0.228953  0.505453  0.789737  0.515338  0.627201  0.765017  0.731886  0.852597  0.858380  0.838159  0.626925  0.766546  0.480803  0.877440  0.750713  0.629320  0.746053  0.698271  0.746657  0.739262  0.678475  0.768218  0.753697  0.666946  0.742119  0.799851  0.770007  0.797920  0.489425  0.789381  0.585464  0.714853  0.726156  0.775261  0.610918  0.685167  0.708068  0.632481  0.206119  0.704975  0.785102  0.841958 0.0  0.202942  0.756975  0.813127  0.695324  0.663525 
57  0.639853  0.530889  0.208099  0.528923  0.706235  0.584012  0.529537  0.424722  0.591088  0.775927  0.754580  0.740760  0.519620  0.676175  0.245383  0.592684  0.654149  0.472063  0.612832  0.653871  0.804700  0.878405  0.637365  0.717815  0.509090  0.792150  0.429025  0.742870  0.701462  0.789744  0.730392  0.727035  0.839045  0.646103  0.557286  0.741505  0.801906  0.688095  0.708173  0.646674  0.868028  0.674667  0.571424  0.734194  0.582662  0.705953  0.761226  0.781644  0.746321  0.598067  0.685052  0.591841  0.264192  0.650907  0.752903  0.779226  0.202942 0.0  0.686696  0.734719  0.778136  0.701032 
58  0.645764  0.568264  0.728780  0.753972  0.589565  0.736705  0.727607  0.740801  0.684351  0.752883  0.391159  0.416124  0.776740  0.636037  0.823700  0.595032  0.782935  0.672173  0.825545  0.811571  0.713942  0.575611  0.599674  0.696401  0.678934  0.733119  0.772361  0.444227  0.831675  0.608764  0.640996  0.675574  0.652776  0.639919  0.651377  0.677559  0.701311  0.693548  0.620615  0.600757  0.612438  0.654423  0.680239  0.804046  0.839873  0.699506  0.633800  0.674657  0.789171  0.833112  0.713395  0.842430  0.866487  0.682694  0.698117  0.585919  0.756975  0.686696 0.0  0.628684  0.825167  0.865471 
59  0.646540  0.802364  0.914411  0.886561  0.336036  0.773724  0.855494  0.917963  0.703649  0.444304  0.774567  0.708587  0.604463  0.283001  0.641451  0.532417  0.599784  0.781919  0.853728  0.585201  0.326659  0.228105  0.362878  0.212213  0.922133  0.183542  0.634667  0.673408  0.858431  0.293351  0.382312  0.299637  0.283052  0.195702  0.266323  0.318417  0.117937  0.270083  0.256855  0.145859  0.178043  0.317000  0.717356  0.478728  0.691365  0.702713  0.466079  0.386214  0.201789  0.755602  0.345390  0.809533  0.820369  0.709834  0.385375  0.174713  0.813127  0.734719  0.628684 0.0  0.737158  0.769117 
60  0.629729  0.640458  0.783084  0.806527  0.886077  0.643878  0.737760  0.816074  0.350755  0.798100  0.873175  0.960768  0.594331  0.731489  0.775738  0.557814  0.686890  0.340901  0.138065  0.178889  0.683427  0.768921  0.657001  0.838411  0.725766  0.703772  0.633272  0.831412  0.642133  0.689630  0.854168  0.794014  0.778190  0.810940  0.772737  0.749215  0.604277  0.752496  0.607662  0.845964  0.841326  0.875715  0.764908  0.714875  0.699266  0.591089  0.751679  0.882186  0.688427  0.624495  0.733450  0.581585  0.611438  0.696517  0.774364  0.878100  0.695324  0.778136  0.825167  0.737158 0.0  0.131735 
61  0.680507  0.733690  0.625230  0.794805  0.798974  0.817789  0.739692  0.762979  0.447802  0.756184  0.722006  0.831196  0.663284  0.748369  0.704663  0.627885  0.618235  0.293066  0.167242  0.170417  0.777270  0.758746  0.840598  0.841532  0.804531  0.770301  0.568405  0.800157  0.518248  0.757111  0.661990  0.696183  0.656247  0.963158  0.647910  0.766215  0.821662  0.699094  0.819897  0.802371  0.687214  0.873580  0.783830  0.775548  0.568563  0.732870  0.715516  0.843310  0.746461  0.681802  0.785067  0.612704  0.694769  0.676891  0.760442  0.849956  0.663525  0.701032  0.865471  0.769117  0.131735 0.0 
