62
0 0.0  0.748549  0.563130  0.681799  0.640706  0.697392  0.649033  0.754648  0.362804  0.568774  0.774768  0.863950  0.339603  0.709417  0.641141  0.602360  0.168685  0.516738  0.645341  0.610147  0.717126  0.619774  0.666842  0.699553  0.702870  0.718608  0.301038  0.740046  0.394419  0.470122  0.715771  0.671677  0.445573  0.752272  0.531778  0.606300  0.680192  0.679146  0.717260  0.717442  0.711626  0.671861  0.738407  0.694635  0.277715  0.269514  0.809279  0.717797  0.688079  0.282957  0.677179  0.297998  0.530894  0.279701  0.734864  0.720535  0.620431  0.843323  0.782198  0.727394  0.548420  0.649042 
1  0.748549 0.0  0.496848  0.227987  0.812034  0.218938  0.209136  0.192332  0.605223  0.597205  0.629971  0.763434  0.615427  0.659985  0.607169  0.395212  0.664320  0.644654  0.712448  0.676360  0.796281  0.712002  0.765988  0.713954  0.242609  0.693648  0.643938  0.620847  0.567039  0.814021  0.831157  0.699460  0.685854  0.715141  0.685879  0.823450  0.708801  0.668227  0.711405  0.826235  0.657577  0.801962  0.359299  0.795850  0.668801  0.692356  0.723186  0.719068  0.677367  0.756970  0.691016  0.780643  0.541230  0.676366  0.734904  0.631062  0.468141  0.463965  0.658851  0.673334  0.775594  0.695482 
2  0.563130  0.496848 0.0  0.472674  0.914475  0.589286  0.632282  0.552906  0.594581  0.624274  0.746067  0.780668  0.448499  0.871736  0.231120  0.588679  0.642478  0.437646  0.616109  0.726558  0.863806  0.801027  0.794322  0.761762  0.575346  0.744142  0.430904  0.805363  0.591342  0.773943  0.641485  0.766453  0.599715  0.774622  0.663579  0.831388  0.665890  0.717139  0.893808  0.835895  0.922911  0.870517  0.592092  0.825730  0.695028  0.716741  0.648386  0.734618  0.706374  0.655937  0.688450  0.667302  0.231710  0.704432  0.649482  0.779760  0.275492  0.229417  0.770529  0.781124  0.820418  0.643611 
3  0.681799  0.227987  0.472674 0.0  0.660126  0.167301  0.182146  0.199988  0.611485  0.734038  0.582191  0.764010  0.774366  0.903891  0.470450  0.540133  0.642557  0.670847  0.649098  0.624314  0.779036  0.634073  0.791444  0.718918  0.217855  0.703210  0.693346  0.672069  0.523274  0.738772  0.713200  0.818710  0.640650  0.677253  0.776759  0.743214  0.777189  0.786623  0.734737  0.715430  0.723964  0.720409  0.293019  0.765945  0.719549  0.722702  0.663153  0.855371  0.707995  0.757252  0.900695  0.755581  0.519549  0.668020  0.802219  0.646240  0.477015  0.476696  0.757053  0.642595  0.708274  0.808830 
4  0.640706  0.812034  0.914475  0.660126 0.0  0.836713  0.854515  0.668711  0.682317  0.473450  0.937831  0.830638  0.711060  0.424244  0.850790  0.550064  0.679504  0.605034  0.845645  0.767563  0.140041  0.374175  0.207540  0.354428  0.658932  0.317791  0.700820  0.758525  0.593962  0.296694  0.291917  0.469188  0.328122  0.372158  0.310167  0.378644  0.358292  0.385498  0.431076  0.355079  0.317803  0.130368  0.816492  0.332208  0.752226  0.725602  0.319308  0.223215  0.408371  0.837727  0.242058  0.711457  0.774813  0.792709  0.302293  0.372219  0.576251  0.760639  0.650844  0.363351  1.000000  0.905248 
5  0.697392  0.218938  0.589286  0.167301  0.836713 0.0  0.136814  0.160446  0.651092  0.654370  0.728072  0.778570  0.759054  0.616855  0.507508  0.508708  0.666170  0.737941  0.800677  0.872279  0.912111  0.705052  0.874747  0.697208  0.238184  0.720679  0.639880  0.722055  0.657479  0.709580  0.752695  0.829203  0.662716  0.712037  0.623472  0.735827  0.830347  0.773413  0.843504  0.798604  0.767924  0.830043  0.289134  0.634352  0.670041  0.724192  0.919006  0.817085  0.889630  0.659456  0.772132  0.632318  0.566030  0.629373  0.769671  0.775879  0.440166  0.564363  0.766726  0.736118  0.763468  0.768396 
6  0.649033  0.209136  0.632282  0.182146  0.854515  0.136814 0.0  0.168387  0.560778  0.731769  0.652182  0.795732  0.617542  0.742220  0.587978  0.503690  0.546035  0.671363  0.664570  0.847311  0.820655  0.880506  0.685571  0.861036  0.250994  0.815542  0.587115  0.780166  0.638676  0.831386  0.659984  0.702087  0.838112  0.689544  0.614260  0.845694  0.674159  0.675579  0.704940  0.740977  0.710229  0.696304  0.311901  0.682698  0.818167  0.746085  0.705147  0.790253  0.768114  0.684083  0.764406  0.685192  0.449402  0.555647  0.873794  0.805045  0.465494  0.497857  0.799709  0.782040  0.667963  0.914135 
7  0.754648  0.192332  0.552906  0.199988  0.668711  0.160446  0.168387 0.0  0.632683  0.697054  0.626920  0.727796  0.651123  0.675734  0.578765  0.500524  0.754792  0.695315  0.722427  0.724340  0.732181  0.803038  0.821608  0.871769  0.200767  0.710387  0.696984  0.795820  0.618547  0.894186  0.861736  0.760479  0.650493  0.790894  0.895799  0.615789  0.809693  0.802187  0.584461  0.714785  0.866423  0.867114  0.289907  0.825227  0.711598  0.673089  0.852659  0.744507  0.778633  0.734078  0.909308  0.766126  0.617251  0.768719  0.714383  0.726254  0.405420  0.485095  0.749888  0.860690  0.751842  0.760822 
8  0.362804  0.605223  0.594581  0.611485  0.682317  0.651092  0.560778  0.632683 0.0  0.647678  0.619534  0.810512  0.399373  0.587675  0.610285  0.604477  0.376129  0.515606  0.447292  0.395072  0.753301  0.697146  0.590283  0.720835  0.658071  0.631469  0.419331  0.575619  0.378399  0.756245  0.742859  0.701441  0.690751  0.751719  0.722666  0.728024  0.683006  0.689547  0.676216  0.695485  0.596799  0.700094  0.553522  0.689205  0.318080  0.441031  0.599563  0.674985  0.697152  0.369836  0.670329  0.303878  0.642105  0.410620  0.659327  0.728502  0.573712  0.535039  0.762283  0.671968  0.473948  0.476711 
9  0.568774  0.597205  0.624274  0.734038  0.473450  0.654370  0.731769  0.697054  0.647678 0.0  0.686601  0.729377  0.534682  0.363991  0.822830  0.520600  0.498405  0.630334  0.744894  0.729732  0.433959  0.497123  0.432016  0.480911  0.634793  0.464532  0.657551  0.687126  0.681368  0.330661  0.477377  0.369079  0.322928  0.453582  0.324796  0.397122  0.498727  0.376437  0.487008  0.466518  0.408425  0.502306  0.674316  0.360075  0.632578  0.451458  0.414120  0.445877  0.453201  0.545413  0.404638  0.549844  0.678808  0.613250  0.648927  0.448209  0.762392  0.752982  0.725228  0.458227  0.684033  0.701001 
10  0.774768  0.629971  0.746067  0.582191  0.937831  0.728072  0.652182  0.626920  0.619534  0.686601 0.0  0.242498  0.725554  0.756585  0.732105  0.544837  0.742473  0.662750  0.758153  0.754563  0.647135  0.708792  0.690447  0.725395  0.775692  0.736315  0.845513  0.238335  0.780621  0.733553  0.731330  0.715305  0.639684  0.602714  0.555651  0.681298  0.802385  0.764620  0.785737  0.709342  0.688705  0.854823  0.677758  0.641677  0.720619  0.858186  0.679925  0.748944  0.591796  0.802977  0.703092  0.663692  0.716812  0.814249  0.660726  0.621683  0.719003  0.708416  0.428994  0.882074  0.780211  0.800933 
11  0.863950  0.763434  0.780668  0.764010  0.830638  0.778570  0.795732  0.727796  0.810512  0.729377  0.242498 0.0  0.864371  0.719993  0.739431  0.525534  0.755444  0.770499  0.791870  0.873288  0.794750  0.778781  0.620804  0.750586  0.608400  0.702438  0.733550  0.260817  0.803184  0.689716  0.766349  0.727067  0.756041  0.695761  0.647250  0.797194  0.714058  0.859153  0.865793  0.650005  0.609504  0.747897  0.743658  0.640158  0.817341  0.717135  0.759572  0.716628  0.781325  0.785719  0.751425  0.778495  0.842202  0.745356  0.776217  0.809254  0.757831  0.784215  0.433615  0.741044  0.856727  0.912743 
12  0.339603  0.615427  0.448499  0.774366  0.711060  0.759054  0.617542  0.651123  0.399373  0.534682  0.725554  0.864371 0.0  0.667562  0.474904  0.573228  0.369227  0.420382  0.740571  0.551647  0.698970  0.647390  0.677148  0.675300  0.722742  0.754895  0.135250  0.741104  0.377217  0.614772  0.690224  0.595545  0.641416  0.640232  0.666466  0.574517  0.628516  0.642607  0.514605  0.722116  0.665546  0.681545  0.697244  0.682349  0.358977  0.359714  0.721118  0.662435  0.680862  0.446459  0.713026  0.462433  0.493306  0.331620  0.724660  0.772686  0.487879  0.469561  0.816099  0.743349  0.585739  0.549918 
13  0.709417  0.659985  0.871736  0.903891  0.424244  0.616855  0.742220  0.675734  0.587675  0.363991  0.756585  0.719993  0.667562 0.0  0.811920  0.609314  0.664679  0.745357  0.861178  0.825668  0.488773  0.361513  0.434718  0.331289  0.748769  0.260708  0.564007  0.765215  0.742437  0.405368  0.461931  0.177274  0.436172  0.305348  0.273694  0.207470  0.292150  0.170234  0.340101  0.299073  0.363231  0.511981  0.881247  0.291135  0.705245  0.714672  0.338154  0.448305  0.271512  0.733281  0.424578  0.891828  0.811610  0.751957  0.505114  0.325683  0.653726  0.841749  0.686827  0.268945  0.771322  0.785715 
14  0.641141  0.607169  0.231120  0.470450  0.850790  0.507508  0.587978  0.578765  0.610285  0.822830  0.732105  0.739431  0.474904  0.811920 0.0  0.616094  0.586751  0.470924  0.668459  0.691003  0.787620  0.751914  0.718004  0.892406  0.579167  0.759096  0.444231  0.808523  0.671793  0.707327  0.905652  0.837940  0.800250  0.703745  0.669450  0.717759  0.757573  0.621145  0.707995  0.787278  0.751419  0.847574  0.784310  0.812969  0.734429  0.742647  0.696748  0.801466  0.741693  0.608623  0.642606  0.508956  0.159814  0.586228  0.917294  0.743435  0.230118  0.288528  0.821348  0.759379  0.658598  0.749923 
15  0.602360  0.395212  0.588679  0.540133  0.550064  0.508708  0.503690  0.500524  0.604477  0.520600  0.544837  0.525534  0.573228  0.609314  0.616094 0.0  0.605412  0.665560  0.488668  0.654946  0.563656  0.562194  0.505196  0.583176  0.497412  0.601386  0.659817  0.631342  0.569410  0.627164  0.573329  0.540010  0.526858  0.527938  0.594066  0.585750  0.608129  0.616591  0.509641  0.532027  0.550060  0.552439  0.506916  0.620681  0.642978  0.666454  0.538397  0.604999  0.613425  0.472624  0.498197  0.563554  0.501031  0.520338  0.569349  0.521370  0.597750  0.566580  0.607678  0.582246  0.620631  0.566011 
16  0.168685  0.664320  0.642478  0.642557  0.679504  0.666170  0.546035  0.754792  0.376129  0.498405  0.742473  0.755444  0.369227  0.664679  0.586751  0.605412 0.0  0.577487  0.609273  0.536829  0.611924  0.745583  0.779367  0.652981  0.638543  0.659031  0.337542  0.786882  0.508676  0.611519  0.752103  0.723681  0.547794  0.712753  0.643910  0.773151  0.752430  0.695039  0.678783  0.686593  0.602497  0.679764  0.667904  0.677654  0.277998  0.235841  0.828597  0.747395  0.744642  0.300962  0.826056  0.295517  0.596589  0.264299  0.695789  0.713223  0.636589  0.706464  0.789464  0.763789  0.567298  0.627503 
17  0.516738  0.644654  0.437646  0.670847  0.605034  0.737941  0.671363  0.695315  0.515606  0.630334  0.662750  0.770499  0.420382  0.745357  0.470924  0.665560  0.577487 0.0  0.378021  0.325418  0.615235  0.757692  0.731743  0.619989  0.712708  0.681625  0.426219  0.818635  0.583582  0.607973  0.627949  0.705811  0.610975  0.710061  0.628609  0.619090  0.678390  0.675992  0.595438  0.634972  0.659317  0.696582  0.690237  0.730710  0.633964  0.582184  0.676402  0.648569  0.740142  0.585369  0.732566  0.626386  0.392962  0.570163  0.674838  0.672147  0.432105  0.502599  0.696062  0.643997  0.358651  0.360696 
18  0.645341  0.712448  0.616109  0.649098  0.845645  0.800677  0.664570  0.722427  0.447292  0.744894  0.758153  0.791870  0.740571  0.861178  0.668459  0.488668  0.609273  0.378021 0.0  0.231647  0.717450  0.711875  0.719471  0.862505  0.798507  0.719465  0.651981  0.821758  0.627097  0.797174  0.744921  0.627298  0.811692  0.677972  0.510124  0.684181  0.803427  0.689940  0.855498  0.711426  0.838297  0.764037  0.673571  0.736473  0.654942  0.727655  0.724260  0.886986  0.687249  0.577357  0.860483  0.572643  0.638673  0.628884  0.788211  0.826135  0.708416  0.620800  0.768444  0.660236  0.160515  0.181796 
19  0.610147  0.676360  0.726558  0.624314  0.767563  0.872279  0.847311  0.724340  0.395072  0.729732  0.754563  0.873288  0.551647  0.825668  0.691003  0.654946  0.536829  0.325418  0.231647 0.0  0.877616  0.847350  0.865092  0.760726  0.794178  0.761930  0.586869  0.776755  0.635322  0.765375  0.783787  0.756406  0.739055  0.753875  0.673681  0.792600  0.627633  0.816514  0.715402  0.617463  0.830878  0.752145  0.820488  0.746073  0.815744  0.715735  0.692713  0.881371  0.716637  0.674698  0.741081  0.681764  0.750009  0.713175  0.734656  0.850950  0.711983  0.696701  0.868470  0.783902  0.200169  0.208396 
20  0.717126  0.796281  0.863806  0.779036  0.140041  0.912111  0.820655  0.732181  0.753301  0.433959  0.647135  0.794750  0.698970  0.488773  0.787620  0.563656  0.611924  0.615235  0.717450  0.877616 0.0  0.419579  0.260777  0.404781  0.785392  0.355422  0.770054  0.648200  0.678327  0.289059  0.253382  0.434172  0.377983  0.341836  0.308660  0.465499  0.358873  0.432982  0.365302  0.330415  0.360514  0.174437  0.753169  0.332702  0.741769  0.688778  0.341377  0.290754  0.381074  0.760863  0.226056  0.896296  0.895129  0.849613  0.295947  0.353165  0.910097  0.846676  0.689037  0.274266  0.751808  0.610405 
21  0.619774  0.712002  0.801027  0.634073  0.374175  0.705052  0.880506  0.803038  0.697146  0.497123  0.708792  0.778781  0.647390  0.361513  0.751914  0.562194  0.745583  0.757692  0.711875  0.847350  0.419579 0.0  0.394243  0.243856  0.648257  0.217943  0.705139  0.656033  0.671245  0.341386  0.384341  0.302057  0.326048  0.229675  0.327085  0.349059  0.254383  0.296657  0.249175  0.225375  0.223535  0.391731  0.768629  0.387564  0.641402  0.655539  0.425469  0.380661  0.241041  0.772000  0.357458  0.726011  0.814184  0.731376  0.408201  0.211355  0.782460  0.802836  0.602230  0.235499  0.798671  0.775893 
22  0.666842  0.765988  0.794322  0.791444  0.207540  0.874747  0.685571  0.821608  0.590283  0.432016  0.690447  0.620804  0.677148  0.434718  0.718004  0.505196  0.779367  0.731743  0.719471  0.865092  0.260777  0.394243 0.0  0.315770  0.689410  0.349907  0.744796  0.790526  0.637172  0.399441  0.231255  0.466200  0.388579  0.308254  0.370446  0.448306  0.375023  0.528917  0.365571  0.347009  0.313288  0.216942  0.734385  0.332145  0.789232  0.873214  0.283259  0.229551  0.397226  0.622370  0.277947  0.799094  0.772178  0.656551  0.263911  0.241749  0.732681  0.678091  0.635419  0.334902  0.748615  0.786817 
23  0.699553  0.713954  0.761762  0.718918  0.354428  0.697208  0.861036  0.871769  0.720835  0.480911  0.725395  0.750586  0.675300  0.331289  0.892406  0.583176  0.652981  0.619989  0.862505  0.760726  0.404781  0.243856  0.315770 0.0  0.791641  0.233592  0.609653  0.692446  0.714895  0.363333  0.373472  0.339424  0.418140  0.154841  0.336726  0.273906  0.202424  0.269736  0.221190  0.215335  0.228638  0.403857  0.830866  0.531903  0.653051  0.693549  0.461783  0.331381  0.212338  0.737775  0.368623  0.814700  0.723446  0.733600  0.382914  0.261425  0.790910  0.565446  0.667803  0.234849  0.697273  0.777894 
24  0.702870  0.242609  0.575346  0.217855  0.658932  0.238184  0.250994  0.200767  0.658071  0.634793  0.775692  0.608400  0.722742  0.748769  0.579167  0.497412  0.638543  0.712708  0.798507  0.794178  0.785392  0.648257  0.689410  0.791641 0.0  0.761589  0.744691  0.687200  0.612717  0.717768  0.836090  0.831034  0.718146  0.688853  0.620407  0.867806  0.730649  0.669664  0.732790  0.683066  0.752228  0.689036  0.287472  0.730938  0.729014  0.787306  0.804454  0.850674  0.650085  0.784319  0.760237  0.706773  0.471004  0.646995  0.779177  0.793077  0.501204  0.423621  0.711713  0.810979  0.796077  0.816926 
25  0.718608  0.693648  0.744142  0.703210  0.317791  0.720679  0.815542  0.710387  0.631469  0.464532  0.736315  0.702438  0.754895  0.260708  0.759096  0.601386  0.659031  0.681625  0.719465  0.761930  0.355422  0.217943  0.349907  0.233592  0.761589 0.0  0.673040  0.839125  0.792755  0.342878  0.320358  0.280609  0.347377  0.191294  0.295036  0.257925  0.198262  0.233917  0.225180  0.237548  0.170989  0.410664  0.722207  0.452238  0.760280  0.665765  0.413646  0.350906  0.227918  0.601135  0.359012  0.722814  0.830552  0.765911  0.398018  0.177199  0.766144  0.840243  0.701541  0.174622  0.750283  0.740300 
26  0.301038  0.643938  0.430904  0.693346  0.700820  0.639880  0.587115  0.696984  0.419331  0.657551  0.845513  0.733550  0.135250  0.564007  0.444231  0.659817  0.337542  0.426219  0.651981  0.586869  0.770054  0.705139  0.744796  0.609653  0.744691  0.673040 0.0  0.626089  0.394365  0.667149  0.695614  0.652048  0.710926  0.680193  0.625972  0.638492  0.667177  0.574488  0.628114  0.635356  0.696416  0.642514  0.709962  0.706346  0.359073  0.414810  0.726737  0.645872  0.661539  0.430928  0.674154  0.451464  0.480476  0.438318  0.501823  0.651784  0.453718  0.466931  0.721261  0.607552  0.602469  0.534565 
27  0.740046  0.620847  0.805363  0.672069  0.758525  0.722055  0.780166  0.795820  0.575619  0.687126  0.238335  0.260817  0.741104  0.765215  0.808523  0.631342  0.786882  0.818635  0.821758  0.776755  0.648200  0.656033  0.790526  0.692446  0.687200  0.839125  0.626089 0.0  0.737627  0.623528  0.635450  0.728646  0.659007  0.792709  0.610808  0.719470  0.762207  0.696539  0.601359  0.660553  0.634914  0.589017  0.759158  0.658992  0.739265  0.738256  0.671149  0.700872  0.643157  0.730427  0.760210  0.865899  0.790349  0.837903  0.754001  0.614252  0.715111  0.795649  0.515186  0.715020  0.805741  0.877698 
28  0.394419  0.567039  0.591342  0.523274  0.593962  0.657479  0.638676  0.618547  0.378399  0.681368  0.780621  0.803184  0.377217  0.742437  0.671793  0.569410  0.508676  0.583582  0.627097  0.635322  0.678327  0.671245  0.637172  0.714895  0.612717  0.792755  0.394365  0.737627 0.0  0.703010  0.807225  0.699279  0.749344  0.578980  0.704737  0.749201  0.632958  0.658172  0.687071  0.736654  0.608184  0.791020  0.550934  0.766667  0.404398  0.469243  0.712249  0.767666  0.669585  0.416529  0.798203  0.432055  0.603611  0.491076  0.639419  0.726258  0.678307  0.735536  0.847268  0.735186  0.592968  0.585570 
29  0.470122  0.814021  0.773943  0.738772  0.296694  0.709580  0.831386  0.894186  0.756245  0.330661  0.733553  0.689716  0.614772  0.405368  0.707327  0.627164  0.611519  0.607973  0.797174  0.765375  0.289059  0.341386  0.399441  0.363333  0.717768  0.342878  0.667149  0.623528  0.703010 0.0  0.317053  0.415362  0.202786  0.347587  0.276132  0.410481  0.321453  0.400001  0.364710  0.344776  0.326150  0.319773  0.734421  0.429299  0.564320  0.582650  0.421860  0.370102  0.351937  0.644427  0.303829  0.596609  0.735749  0.586400  0.352174  0.339919  0.723201  0.771819  0.680954  0.352806  0.682472  0.768579 
30  0.715771  0.831157  0.641485  0.713200  0.291917  0.752695  0.659984  0.861736  0.742859  0.477377  0.731330  0.766349  0.690224  0.461931  0.905652  0.573329  0.752103  0.627949  0.744921  0.783787  0.253382  0.384341  0.231255  0.373472  0.836090  0.320358  0.695614  0.635450  0.807225  0.317053 0.0  0.555078  0.328747  0.411351  0.301536  0.477132  0.372686  0.378144  0.427038  0.368482  0.327010  0.244604  0.613240  0.333352  0.652293  0.747272  0.256342  0.156354  0.440148  0.601884  0.243366  0.642502  0.850629  0.827179  0.224798  0.403066  0.877281  0.787498  0.556381  0.383532  0.651847  0.759700 
31  0.671677  0.699460  0.766453  0.818710  0.469188  0.829203  0.702087  0.760479  0.701441  0.369079  0.715305  0.727067  0.595545  0.177274  0.837940  0.540010  0.723681  0.705811  0.627298  0.756406  0.434172  0.302057  0.466200  0.339424  0.831034  0.280609  0.652048  0.728646  0.699279  0.415362  0.555078 0.0  0.371229  0.325684  0.317021  0.215394  0.311251  0.184847  0.366916  0.302349  0.293306  0.529541  0.858833  0.352427  0.621570  0.747724  0.391630  0.523788  0.344259  0.665120  0.492801  0.683057  0.817289  0.758700  0.472641  0.374634  0.732664  0.825096  0.677708  0.289748  0.928348  0.814219 
32  0.445573  0.685854  0.599715  0.640650  0.328122  0.662716  0.838112  0.650493  0.690751  0.322928  0.639684  0.756041  0.641416  0.436172  0.800250  0.526858  0.547794  0.610975  0.811692  0.739055  0.377983  0.326048  0.388579  0.418140  0.718146  0.347377  0.710926  0.659007  0.749344  0.202786  0.328747  0.371229 0.0  0.442159  0.334319  0.456179  0.354644  0.395606  0.370810  0.363271  0.261951  0.426643  0.832191  0.420138  0.577485  0.479804  0.468479  0.317743  0.415255  0.611851  0.348336  0.504735  0.761324  0.563638  0.342813  0.378003  0.688564  0.757516  0.561436  0.389780  0.841353  0.887578 
33  0.752272  0.715141  0.774622  0.677253  0.372158  0.712037  0.689544  0.790894  0.751719  0.453582  0.602714  0.695761  0.640232  0.305348  0.703745  0.527938  0.712753  0.710061  0.677972  0.753875  0.341836  0.229675  0.308254  0.154841  0.688853  0.191294  0.680193  0.792709  0.578980  0.347587  0.411351  0.325684  0.442159 0.0  0.303497  0.331913  0.223296  0.275734  0.207132  0.221244  0.231286  0.324413  0.820534  0.495993  0.750909  0.718268  0.472140  0.367405  0.182096  0.755956  0.361938  0.911718  0.773900  0.749730  0.461020  0.239366  0.767345  0.813090  0.692818  0.189897  0.870729  0.712484 
34  0.531778  0.685879  0.663579  0.776759  0.310167  0.623472  0.614260  0.895799  0.722666  0.324796  0.555651  0.647250  0.666466  0.273694  0.669450  0.594066  0.643910  0.628609  0.510124  0.673681  0.308660  0.327085  0.370446  0.336726  0.620407  0.295036  0.625972  0.610808  0.704737  0.276132  0.301536  0.317021  0.334319  0.303497 0.0  0.277136  0.282894  0.272654  0.298333  0.359647  0.343883  0.356193  0.695826  0.333872  0.634509  0.625156  0.344599  0.321638  0.333854  0.759348  0.321944  0.656418  0.687612  0.719252  0.337223  0.389794  0.624953  0.729620  0.596157  0.330932  0.552764  0.695527 
35  0.606300  0.823450  0.831388  0.743214  0.378644  0.735827  0.845694  0.615789  0.728024  0.397122  0.681298  0.797194  0.574517  0.207470  0.717759  0.585750  0.773151  0.619090  0.684181  0.792600  0.465499  0.349059  0.448306  0.273906  0.867806  0.257925  0.638492  0.719470  0.749201  0.410481  0.477132  0.215394  0.456179  0.331913  0.277136 0.0  0.322658  0.122602  0.313405  0.359845  0.318324  0.454959  0.724621  0.330484  0.815256  0.749601  0.261342  0.422284  0.278206  0.749598  0.383178  0.747766  0.672361  0.679373  0.443445  0.306531  0.756926  0.729750  0.625458  0.310647  0.826950  0.848268 
36  0.680192  0.708801  0.665890  0.777189  0.358292  0.830347  0.674159  0.809693  0.683006  0.498727  0.802385  0.714058  0.628516  0.292150  0.757573  0.608129  0.752430  0.678390  0.803427  0.627633  0.358873  0.254383  0.375023  0.202424  0.730649  0.198262  0.667177  0.762207  0.632958  0.321453  0.372686  0.311251  0.354644  0.223296  0.282894  0.322658 0.0  0.324425  0.233134  0.167992  0.205099  0.408145  0.686413  0.541583  0.692541  0.710718  0.503909  0.367375  0.231921  0.824289  0.448431  0.715347  0.679350  0.651998  0.413472  0.268806  0.796445  0.809710  0.676665  0.147850  0.769021  0.750426 
37  0.679146  0.668227  0.717139  0.786623  0.385498  0.773413  0.675579  0.802187  0.689547  0.376437  0.764620  0.859153  0.642607  0.170234  0.621145  0.616591  0.695039  0.675992  0.689940  0.816514  0.432982  0.296657  0.528917  0.269736  0.669664  0.233917  0.574488  0.696539  0.658172  0.400001  0.378144  0.184847  0.395606  0.275734  0.272654  0.122602  0.324425 0.0  0.295034  0.357504  0.310418  0.436164  0.707219  0.319701  0.761454  0.705471  0.287761  0.490186  0.282746  0.765775  0.423623  0.736664  0.736588  0.740794  0.495047  0.317917  0.770321  0.754215  0.639772  0.254740  0.811585  0.908223 
38  0.717260  0.711405  0.893808  0.734737  0.431076  0.843504  0.704940  0.584461  0.676216  0.487008  0.785737  0.865793  0.514605  0.340101  0.707995  0.509641  0.678783  0.595438  0.855498  0.715402  0.365302  0.249175  0.365571  0.221190  0.732790  0.225180  0.628114  0.601359  0.687071  0.364710  0.427038  0.366916  0.370810  0.207132  0.298333  0.313405  0.233134  0.295034 0.0  0.214574  0.235325  0.458160  0.678348  0.465360  0.753031  0.596297  0.409455  0.415741  0.180271  0.704095  0.352888  0.727473  0.815808  0.718351  0.373007  0.232513  0.821730  0.819432  0.626537  0.229428  0.726085  0.722302 
39  0.717442  0.826235  0.835895  0.715430  0.355079  0.798604  0.740977  0.714785  0.695485  0.466518  0.709342  0.650005  0.722116  0.299073  0.787278  0.532027  0.686593  0.634972  0.711426  0.617463  0.330415  0.225375  0.347009  0.215335  0.683066  0.237548  0.635356  0.660553  0.736654  0.344776  0.368482  0.302349  0.363271  0.221244  0.359647  0.359845  0.167992  0.357504  0.214574 0.0  0.215919  0.383638  0.700097  0.457446  0.592394  0.646843  0.431565  0.341390  0.230470  0.857565  0.359045  0.798777  0.902763  0.604865  0.338120  0.242645  0.656093  0.576950  0.585923  0.157391  0.803501  0.759585 
40  0.711626  0.657577  0.922911  0.723964  0.317803  0.767924  0.710229  0.866423  0.596799  0.408425  0.688705  0.609504  0.665546  0.363231  0.751419  0.550060  0.602497  0.659317  0.838297  0.830878  0.360514  0.223535  0.313288  0.228638  0.752228  0.170989  0.696416  0.634914  0.608184  0.326150  0.327010  0.293306  0.261951  0.231286  0.343883  0.318324  0.205099  0.310418  0.235325  0.215919 0.0  0.416879  0.748977  0.423954  0.829655  0.785382  0.443936  0.313060  0.220735  0.700111  0.376869  0.723587  0.796841  0.725653  0.357690  0.216380  0.766115  0.835969  0.690018  0.192460  0.831554  0.794025 
41  0.671861  0.801962  0.870517  0.720409  0.130368  0.830043  0.696304  0.867114  0.700094  0.502306  0.854823  0.747897  0.681545  0.511981  0.847574  0.552439  0.679764  0.696582  0.764037  0.752145  0.174437  0.391731  0.216942  0.403857  0.689036  0.410664  0.642514  0.589017  0.791020  0.319773  0.244604  0.529541  0.426643  0.324413  0.356193  0.454959  0.408145  0.436164  0.458160  0.383638  0.416879 0.0  0.862155  0.334744  0.835119  0.659898  0.329551  0.236522  0.427818  0.652999  0.238824  0.756949  0.912151  0.682402  0.320566  0.341810  0.959437  0.821556  0.640180  0.380945  0.726654  0.816430 
42  0.738407  0.359299  0.592092  0.293019  0.816492  0.289134  0.311901  0.289907  0.553522  0.674316  0.677758  0.743658  0.697244  0.881247  0.784310  0.506916  0.667904  0.690237  0.673571  0.820488  0.753169  0.768629  0.734385  0.830866  0.287472  0.722207  0.709962  0.759158  0.550934  0.734421  0.613240  0.858833  0.832191  0.820534  0.695826  0.724621  0.686413  0.707219  0.678348  0.700097  0.748977  0.862155 0.0  0.883773  0.731239  0.652699  0.680018  0.746660  0.630442  0.692723  0.810637  0.755613  0.564275  0.734282  0.703816  0.901054  0.506021  0.532683  0.773101  0.798318  0.764216  0.814629 
43  0.694635  0.795850  0.825730  0.765945  0.332208  0.634352  0.682698  0.825227  0.689205  0.360075  0.641677  0.640158  0.682349  0.291135  0.812969  0.620681  0.677654  0.730710  0.736473  0.746073  0.332702  0.387564  0.332145  0.531903  0.730938  0.452238  0.706346  0.658992  0.766667  0.429299  0.333352  0.352427  0.420138  0.495993  0.333872  0.330484  0.541583  0.319701  0.465360  0.457446  0.423954  0.334744  0.883773 0.0  0.672567  0.674124  0.189629  0.307983  0.512889  0.855954  0.303180  0.680993  0.764364  0.750412  0.334506  0.444044  0.705925  0.802427  0.698393  0.384885  0.669726  0.743916 
44  0.277715  0.668801  0.695028  0.719549  0.752226  0.670041  0.818167  0.711598  0.318080  0.632578  0.720619  0.817341  0.358977  0.705245  0.734429  0.642978  0.277998  0.633964  0.654942  0.815744  0.741769  0.641402  0.789232  0.653051  0.729014  0.760280  0.359073  0.739265  0.404398  0.564320  0.652293  0.621570  0.577485  0.750909  0.634509  0.815256  0.692541  0.761454  0.753031  0.592394  0.829655  0.835119  0.731239  0.672567 0.0  0.179847  0.743868  0.738377  0.806895  0.276261  0.753712  0.286737  0.699116  0.302185  0.673718  0.619700  0.698826  0.682359  0.800338  0.710186  0.616594  0.780197 
45  0.269514  0.692356  0.716741  0.722702  0.725602  0.724192  0.746085  0.673089  0.441031  0.451458  0.858186  0.717135  0.359714  0.714672  0.742647  0.666454  0.235841  0.582184  0.727655  0.715735  0.688778  0.655539  0.873214  0.693549  0.787306  0.665765  0.414810  0.738256  0.469243  0.582650  0.747272  0.747724  0.479804  0.718268  0.625156  0.749601  0.710718  0.705471  0.596297  0.646843  0.785382  0.659898  0.652699  0.674124  0.179847 0.0  0.802170  0.633687  0.562246  0.338606  0.745155  0.308255  0.793038  0.317179  0.670347  0.704263  0.704913  0.739249  0.771683  0.689723  0.689187  0.664421 
46  0.809279  0.723186  0.648386  0.663153  0.319308  0.919006  0.705147  0.852659  0.599563  0.414120  0.679925  0.759572  0.721118  0.338154  0.696748  0.538397  0.828597  0.676402  0.724260  0.692713  0.341377  0.425469  0.283259  0.461783  0.804454  0.413646  0.726737  0.671149  0.712249  0.421860  0.256342  0.391630  0.468479  0.472140  0.344599  0.261342  0.503909  0.287761  0.409455  0.431565  0.443936  0.329551  0.680018  0.189629  0.743868  0.802170 0.0  0.337987  0.379058  0.746224  0.333697  0.761185  0.704601  0.743337  0.349585  0.428575  0.790104  0.855546  0.693230  0.470079  0.646907  0.643743 
47  0.717797  0.719068  0.734618  0.855371  0.223215  0.817085  0.790253  0.744507  0.674985  0.445877  0.748944  0.716628  0.662435  0.448305  0.801466  0.604999  0.747395  0.648569  0.886986  0.881371  0.290754  0.380661  0.229551  0.331381  0.850674  0.350906  0.645872  0.700872  0.767666  0.370102  0.156354  0.523788  0.317743  0.367405  0.321638  0.422284  0.367375  0.490186  0.415741  0.341390  0.313060  0.236522  0.746660  0.307983  0.738377  0.633687  0.337987 0.0  0.410140  0.711606  0.233224  0.796672  0.861099  0.760139  0.205739  0.342833  0.807813  0.758884  0.643873  0.371086  0.877272  0.766787 
48  0.688079  0.677367  0.706374  0.707995  0.408371  0.889630  0.768114  0.778633  0.697152  0.453201  0.591796  0.781325  0.680862  0.271512  0.741693  0.613425  0.744642  0.740142  0.687249  0.716637  0.381074  0.241041  0.397226  0.212338  0.650085  0.227918  0.661539  0.643157  0.669585  0.351937  0.440148  0.344259  0.415255  0.182096  0.333854  0.278206  0.231921  0.282746  0.180271  0.230470  0.220735  0.427818  0.630442  0.512889  0.806895  0.562246  0.379058  0.410140 0.0  0.686181  0.264385  0.722370  0.807847  0.697020  0.413078  0.238098  0.675596  0.660032  0.721293  0.199103  0.863657  0.764739 
49  0.282957  0.756970  0.655937  0.757252  0.837727  0.659456  0.684083  0.734078  0.369836  0.545413  0.802977  0.785719  0.446459  0.733281  0.608623  0.472624  0.300962  0.585369  0.577357  0.674698  0.760863  0.772000  0.622370  0.737775  0.784319  0.601135  0.430928  0.730427  0.416529  0.644427  0.601884  0.665120  0.611851  0.755956  0.759348  0.749598  0.824289  0.765775  0.704095  0.857565  0.700111  0.652999  0.692723  0.855954  0.276261  0.338606  0.746224  0.711606  0.686181 0.0  0.649847  0.262919  0.592817  0.354416  0.686691  0.757755  0.680503  0.622859  0.861473  0.647126  0.673947  0.657291 
50  0.677179  0.691016  0.688450  0.900695  0.242058  0.772132  0.764406  0.909308  0.670329  0.404638  0.703092  0.751425  0.713026  0.424578  0.642606  0.498197  0.826056  0.732566  0.860483  0.741081  0.226056  0.357458  0.277947  0.368623  0.760237  0.359012  0.674154  0.760210  0.798203  0.303829  0.243366  0.492801  0.348336  0.361938  0.321944  0.383178  0.448431  0.423623  0.352888  0.359045  0.376869  0.238824  0.810637  0.303180  0.753712  0.745155  0.333697  0.233224  0.264385  0.649847 0.0  0.809878  0.742439  0.647430  0.294080  0.343804  0.698116  0.843435  0.606929  0.326628  0.850560  0.892590 
51  0.297998  0.780643  0.667302  0.755581  0.711457  0.632318  0.685192  0.766126  0.303878  0.549844  0.663692  0.778495  0.462433  0.891828  0.508956  0.563554  0.295517  0.626386  0.572643  0.681764  0.896296  0.726011  0.799094  0.814700  0.706773  0.722814  0.451464  0.865899  0.432055  0.596609  0.642502  0.683057  0.504735  0.911718  0.656418  0.747766  0.715347  0.736664  0.727473  0.798777  0.723587  0.756949  0.755613  0.680993  0.286737  0.308255  0.761185  0.796672  0.722370  0.262919  0.809878 0.0  0.648044  0.299107  0.756789  0.819920  0.822240  0.688190  0.740980  0.769652  0.635545  0.643738 
52  0.530894  0.541230  0.231710  0.519549  0.774813  0.566030  0.449402  0.617251  0.642105  0.678808  0.716812  0.842202  0.493306  0.811610  0.159814  0.501031  0.596589  0.392962  0.638673  0.750009  0.895129  0.814184  0.772178  0.723446  0.471004  0.830552  0.480476  0.790349  0.603611  0.735749  0.850629  0.817289  0.761324  0.773900  0.687612  0.672361  0.679350  0.736588  0.815808  0.902763  0.796841  0.912151  0.564275  0.764364  0.699116  0.793038  0.704601  0.861099  0.807847  0.592817  0.742439  0.648044 0.0  0.635477  0.812209  0.743575  0.221805  0.256285  0.775386  0.797888  0.720188  0.525887 
53  0.279701  0.676366  0.704432  0.668020  0.792709  0.629373  0.555647  0.768719  0.410620  0.613250  0.814249  0.745356  0.331620  0.751957  0.586228  0.520338  0.264299  0.570163  0.628884  0.713175  0.849613  0.731376  0.656551  0.733600  0.646995  0.765911  0.438318  0.837903  0.491076  0.586400  0.827179  0.758700  0.563638  0.749730  0.719252  0.679373  0.651998  0.740794  0.718351  0.604865  0.725653  0.682402  0.734282  0.750412  0.302185  0.317179  0.743337  0.760139  0.697020  0.354416  0.647430  0.299107  0.635477 0.0  0.625108  0.668953  0.731301  0.696874  0.726487  0.785028  0.754900  0.727472 
54  0.734864  0.734904  0.649482  0.802219  0.302293  0.769671  0.873794  0.714383  0.659327  0.648927  0.660726  0.776217  0.724660  0.505114  0.917294  0.569349  0.695789  0.674838  0.788211  0.734656  0.295947  0.408201  0.263911  0.382914  0.779177  0.398018  0.501823  0.754001  0.639419  0.352174  0.224798  0.472641  0.342813  0.461020  0.337223  0.443445  0.413472  0.495047  0.373007  0.338120  0.357690  0.320566  0.703816  0.334506  0.673718  0.670347  0.349585  0.205739  0.413078  0.686691  0.294080  0.756789  0.812209  0.625108 0.0  0.393323  0.682592  0.773897  0.629465  0.397640  0.668508  0.801437 
55  0.720535  0.631062  0.779760  0.646240  0.372219  0.775879  0.805045  0.726254  0.728502  0.448209  0.621683  0.809254  0.772686  0.325683  0.743435  0.521370  0.713223  0.672147  0.826135  0.850950  0.353165  0.211355  0.241749  0.261425  0.793077  0.177199  0.651784  0.614252  0.726258  0.339919  0.403066  0.374634  0.378003  0.239366  0.389794  0.306531  0.268806  0.317917  0.232513  0.242645  0.216380  0.341810  0.901054  0.444044  0.619700  0.704263  0.428575  0.342833  0.238098  0.757755  0.343804  0.819920  0.743575  0.668953  0.393323 0.0  0.848646  0.696884  0.669842  0.232834  0.741062  0.805483 
56  0.620431  0.468141  0.275492  0.477015  0.576251  0.440166  0.465494  0.405420  0.573712  0.762392  0.719003  0.757831  0.487879  0.653726  0.230118  0.597750  0.636589  0.432105  0.708416  0.711983  0.910097  0.782460  0.732681  0.790910  0.501204  0.766144  0.453718  0.715111  0.678307  0.723201  0.877281  0.732664  0.688564  0.767345  0.624953  0.756926  0.796445  0.770321  0.821730  0.656093  0.766115  0.959437  0.506021  0.705925  0.698826  0.704913  0.790104  0.807813  0.675596  0.680503  0.698116  0.822240  0.221805  0.731301  0.682592  0.848646 0.0  0.218404  0.780533  0.714026  0.732508  0.690842 
57  0.843323  0.463965  0.229417  0.476696  0.760639  0.564363  0.497857  0.485095  0.535039  0.752982  0.708416  0.784215  0.469561  0.841749  0.288528  0.566580  0.706464  0.502599  0.620800  0.696701  0.846676  0.802836  0.678091  0.565446  0.423621  0.840243  0.466931  0.795649  0.735536  0.771819  0.787498  0.825096  0.757516  0.813090  0.729620  0.729750  0.809710  0.754215  0.819432  0.576950  0.835969  0.821556  0.532683  0.802427  0.682359  0.739249  0.855546  0.758884  0.660032  0.622859  0.843435  0.688190  0.256285  0.696874  0.773897  0.696884  0.218404 0.0  0.786985  0.737052  0.615606  0.734736 
58  0.782198  0.658851  0.770529  0.757053  0.650844  0.766726  0.799709  0.749888  0.762283  0.725228  0.428994  0.433615  0.816099  0.686827  0.821348  0.607678  0.789464  0.696062  0.768444  0.868470  0.689037  0.602230  0.635419  0.667803  0.711713  0.701541  0.721261  0.515186  0.847268  0.680954  0.556381  0.677708  0.561436  0.692818  0.596157  0.625458  0.676665  0.639772  0.626537  0.585923  0.690018  0.640180  0.773101  0.698393  0.800338  0.771683  0.693230  0.643873  0.721293  0.861473  0.606929  0.740980  0.775386  0.726487  0.629465  0.669842  0.780533  0.786985 0.0  0.696851  0.808999  0.685898 
59  0.727394  0.673334  0.781124  0.642595  0.363351  0.736118  0.782040  0.860690  0.671968  0.458227  0.882074  0.741044  0.743349  0.268945  0.759379  0.582246  0.763789  0.643997  0.660236  0.783902  0.274266  0.235499  0.334902  0.234849  0.810979  0.174622  0.607552  0.715020  0.735186  0.352806  0.383532  0.289748  0.389780  0.189897  0.330932  0.310647  0.147850  0.254740  0.229428  0.157391  0.192460  0.380945  0.798318  0.384885  0.710186  0.689723  0.470079  0.371086  0.199103  0.647126  0.326628  0.769652  0.797888  0.785028  0.397640  0.232834  0.714026  0.737052  0.696851 0.0  0.802814  0.861457 
60  0.548420  0.775594  0.820418  0.708274  1.000000  0.763468  0.667963  0.751842  0.473948  0.684033  0.780211  0.856727  0.585739  0.771322  0.658598  0.620631  0.567298  0.358651  0.160515  0.200169  0.751808  0.798671  0.748615  0.697273  0.796077  0.750283  0.602469  0.805741  0.592968  0.682472  0.651847  0.928348  0.841353  0.870729  0.552764  0.826950  0.769021  0.811585  0.726085  0.803501  0.831554  0.726654  0.764216  0.669726  0.616594  0.689187  0.646907  0.877272  0.863657  0.673947  0.850560  0.635545  0.720188  0.754900  0.668508  0.741062  0.732508  0.615606  0.808999  0.802814 0.0  0.151917 
61  0.649042  0.695482  0.643611  0.808830  0.905248  0.768396  0.914135  0.760822  0.476711  0.701001  0.800933  0.912743  0.549918  0.785715  0.749923  0.566011  0.627503  0.360696  0.181796  0.208396  0.610405  0.775893  0.786817  0.777894  0.816926  0.740300  0.534565  0.877698  0.585570  0.768579  0.759700  0.814219  0.887578  0.712484  0.695527  0.848268  0.750426  0.908223  0.722302  0.759585  0.794025  0.816430  0.814629  0.743916  0.780197  0.664421  0.643743  0.766787  0.764739  0.657291  0.892590  0.643738  0.525887  0.727472  0.801437  0.805483  0.690842  0.734736  0.685898  0.861457  0.151917 0.0 
