62
0 0.0  0.713352  0.805028  0.712290  0.680326  0.735425  0.698462  0.769300  0.510377  0.483825  0.709644  0.882448  0.386687  0.676170  0.763478  0.518401  0.210658  0.705167  0.747946  0.756752  0.735046  0.791270  0.701657  0.700536  0.707842  0.715769  0.363823  0.757252  0.529767  0.530780  0.746363  0.691420  0.551364  0.704124  0.690283  0.718525  0.594032  0.683251  0.723653  0.655990  0.753781  0.851834  0.673767  0.689520  0.292379  0.335589  0.675390  0.748766  0.683824  0.341223  0.776285  0.312193  0.712629  0.333362  0.709345  0.641825  0.768447  0.728432  0.795748  0.718417  0.686340  0.770319 
1  0.713352 0.0  0.595891  0.289097  0.820138  0.180391  0.224233  0.083685  0.618429  0.865659  0.708493  0.755575  0.744076  0.690697  0.550869  0.491915  0.840196  0.760121  0.850223  0.809565  0.702331  0.846983  0.755976  0.789742  0.332580  0.737431  0.677152  0.759099  0.656371  0.736412  0.744923  0.713122  0.759419  0.665787  0.675447  0.743734  0.751012  0.797992  0.746764  0.688229  0.699317  0.685875  0.391545  0.832858  0.750406  0.807227  0.858411  0.749394  0.748999  0.782043  0.797658  0.865904  0.580067  0.708382  0.791248  0.690996  0.594074  0.607523  0.702326  0.792392  0.779324  0.794767 
2  0.805028  0.595891 0.0  0.599824  0.903886  0.735885  0.666119  0.594102  0.638129  0.743107  0.843647  0.851958  0.638924  0.757514  0.292752  0.530954  0.634400  0.432644  0.740674  0.703122  1.000000  0.833859  0.846426  0.754881  0.653926  0.850701  0.454777  0.748002  0.688544  0.834138  0.815628  0.853191  0.845149  0.900076  0.657224  0.754422  0.915834  0.865697  0.883582  0.753256  0.872161  0.752152  0.709992  0.842955  0.736448  0.727083  0.787845  0.872794  0.893395  0.757292  0.816954  0.671313  0.273428  0.705843  0.850665  0.803551  0.254654  0.235838  0.929437  0.879695  0.692886  0.680046 
3  0.712290  0.289097  0.599824 0.0  0.757999  0.139898  0.269015  0.222421  0.625349  0.678587  0.876485  0.816100  0.724067  0.773246  0.568475  0.571280  0.816467  0.739752  0.811144  0.830727  0.803472  0.716605  0.846757  0.774408  0.279020  0.781839  0.689954  0.678147  0.640712  0.792605  0.688175  0.752164  0.819667  0.853607  0.690798  0.763034  0.850004  0.803833  0.840097  0.773891  0.699787  0.805097  0.386513  0.799821  0.761982  0.801496  0.793673  0.811717  0.799561  0.725511  0.892982  0.736411  0.568852  0.692846  0.720790  0.803687  0.637350  0.591038  0.784137  0.821153  0.782779  0.826688 
4  0.680326  0.820138  0.903886  0.757999 0.0  0.822284  0.835833  0.833235  0.705342  0.530733  0.747599  0.802243  0.554175  0.468341  0.864247  0.509104  0.684706  0.753222  0.888509  0.983747  0.297713  0.450880  0.247987  0.510292  0.801806  0.362410  0.680675  0.708484  0.834166  0.292117  0.230959  0.439359  0.437596  0.435974  0.243573  0.521712  0.385933  0.460043  0.459792  0.431428  0.322849  0.191214  0.807834  0.389270  0.620894  0.808792  0.461148  0.355766  0.448524  0.835887  0.202807  0.843706  0.918261  0.889014  0.371228  0.437851  0.743878  0.810547  0.745325  0.293123  0.917751  0.879847 
5  0.735425  0.180391  0.735885  0.139898  0.822284 0.0  0.229355  0.208580  0.661415  0.812919  0.760823  0.821303  0.710808  0.810486  0.658424  0.677778  0.760476  0.831254  0.742667  0.860158  0.844494  0.808953  0.806127  0.849534  0.137918  0.819069  0.755481  0.780653  0.658527  0.953312  0.845671  0.716820  0.791402  0.830942  0.744370  0.834772  0.806127  0.745254  0.705949  0.753953  0.821992  0.939673  0.313638  0.808119  0.775644  0.895275  0.735693  0.797277  0.783336  0.771987  0.970712  0.735590  0.615434  0.784545  0.919800  0.810933  0.545883  0.601735  0.781004  0.860393  0.783724  0.792930 
6  0.698462  0.224233  0.666119  0.269015  0.835833  0.229355 0.0  0.210105  0.627034  0.807263  0.842230  0.844729  0.765397  0.858235  0.706689  0.484724  0.825138  0.761342  0.733702  0.780469  0.851447  0.712059  0.816414  0.875325  0.237830  0.745464  0.761887  0.638507  0.657681  0.784285  0.875767  0.818608  0.794126  0.802575  0.675945  0.794719  0.803210  0.845082  0.709891  0.799560  0.794969  0.793351  0.329685  0.756986  0.676204  0.810630  0.885195  0.792227  0.825164  0.742728  0.875264  0.808643  0.640347  0.684919  0.640990  0.796554  0.629949  0.549823  0.770537  0.778263  0.842211  0.877805 
7  0.769300  0.083685  0.594102  0.222421  0.833235  0.208580  0.210105 0.0  0.793428  0.628317  0.613771  0.763705  0.656636  0.783162  0.524316  0.601602  0.847087  0.689112  0.878176  0.829363  0.859903  0.845413  0.868461  0.925611  0.219644  0.761330  0.799828  0.798971  0.713753  0.852469  0.795386  0.778103  0.661940  0.836518  0.904151  0.834445  0.915946  0.813128  0.694081  0.840798  0.764115  0.796920  0.396773  0.851626  0.823364  0.715677  0.808119  0.736835  0.733859  0.753565  0.808059  0.778249  0.665002  0.791562  0.891808  0.970844  0.523255  0.622059  0.717772  0.882985  0.769374  0.772121 
8  0.510377  0.618429  0.638129  0.625349  0.705342  0.661415  0.627034  0.793428 0.0  0.695386  0.843350  0.767064  0.428895  0.725555  0.778433  0.564705  0.477653  0.708182  0.401789  0.460631  0.669483  0.737408  0.759718  0.631683  0.620524  0.754910  0.419150  0.725851  0.287215  0.764893  0.754480  0.796453  0.803801  0.748358  0.718675  0.783580  0.678069  0.737977  0.680550  0.706342  0.772765  0.740876  0.752252  0.736075  0.488782  0.504034  0.654582  0.749870  0.676534  0.494203  0.741285  0.460818  0.692936  0.391335  0.769661  0.767975  0.718900  0.667024  0.753679  0.797629  0.461036  0.491150 
9  0.483825  0.865659  0.743107  0.678587  0.530733  0.812919  0.807263  0.628317  0.695386 0.0  0.719696  0.732650  0.735355  0.267159  0.895403  0.554284  0.586192  0.660886  0.726497  0.856582  0.618515  0.512304  0.470327  0.465402  0.802566  0.447651  0.590652  0.749775  0.774670  0.380290  0.478027  0.453896  0.327793  0.435689  0.248365  0.422474  0.525094  0.379390  0.448680  0.508516  0.482771  0.547988  0.784452  0.304346  0.551893  0.515525  0.517190  0.567977  0.560859  0.624304  0.533946  0.571270  0.828040  0.643298  0.633198  0.525221  0.833202  0.784724  0.710692  0.500974  0.756456  0.684379 
10  0.709644  0.708493  0.843647  0.876485  0.747599  0.760823  0.842230  0.613771  0.843350  0.719696 0.0  0.195252  0.835107  0.696947  0.883449  0.538017  0.945902  0.988432  0.930007  0.859461  0.680908  0.786631  0.670017  0.721347  0.722769  0.699534  0.843192  0.353688  0.943803  0.728480  0.675663  0.687451  0.775961  0.836535  0.729473  0.757604  0.848003  0.686300  0.697988  0.739402  0.682565  0.799131  0.671468  0.727918  0.844131  0.772806  0.716278  0.704502  0.769901  0.849777  0.779387  0.922526  0.713772  0.900859  0.803076  0.697623  0.781399  0.900129  0.547453  0.733688  0.833192  0.840645 
11  0.882448  0.755575  0.851958  0.816100  0.802243  0.821303  0.844729  0.763705  0.767064  0.732650  0.195252 0.0  0.780924  0.720236  0.886341  0.593364  0.899661  0.739242  0.865192  0.992438  0.806486  0.841955  0.851157  0.731968  0.714140  0.702303  0.819628  0.301791  0.905837  0.812090  0.883734  0.690937  0.877397  0.853438  0.824000  0.792838  0.712301  0.795232  0.833984  0.749389  0.693710  0.700809  0.928696  0.826901  0.774636  0.783569  0.849148  0.803291  0.681933  0.794488  0.679423  0.898932  0.805772  0.850087  0.833057  0.808590  0.793128  0.851618  0.401259  0.720203  0.833280  0.892640 
12  0.386687  0.744076  0.638924  0.724067  0.554175  0.710808  0.765397  0.656636  0.428895  0.735355  0.835107  0.780924 0.0  0.694474  0.553653  0.693747  0.384064  0.426341  0.676424  0.665474  0.729052  0.802343  0.721669  0.765326  0.745612  0.741077  0.078424  0.683597  0.451783  0.564304  0.766465  0.649734  0.691403  0.618379  0.708696  0.630289  0.634693  0.704066  0.665726  0.638403  0.780305  0.740434  0.750457  0.581859  0.502283  0.385269  0.618578  0.651178  0.750994  0.493129  0.720665  0.435196  0.626717  0.361266  0.709011  0.736066  0.533969  0.507978  0.825206  0.632953  0.578086  0.611728 
13  0.676170  0.690697  0.757514  0.773246  0.468341  0.810486  0.858235  0.783162  0.725555  0.267159  0.696947  0.720236  0.694474 0.0  0.820563  0.478724  0.706063  0.772990  0.861327  0.909101  0.576657  0.416213  0.446138  0.303599  0.815417  0.254544  0.753935  0.709492  0.720444  0.454453  0.509558  0.142247  0.483809  0.380817  0.310094  0.279595  0.352110  0.177322  0.331443  0.377220  0.352716  0.472723  0.787675  0.317005  0.672396  0.655728  0.356557  0.563349  0.359436  0.822408  0.492633  0.794871  0.863942  0.718411  0.490910  0.428754  0.813906  0.786682  0.713087  0.276540  0.813095  0.847379 
14  0.763478  0.550869  0.292752  0.568475  0.864247  0.658424  0.706689  0.524316  0.778433  0.895403  0.883449  0.886341  0.553653  0.820563 0.0  0.644402  0.708720  0.564118  0.621470  0.818021  0.826966  0.748779  0.867312  0.849993  0.584346  0.882889  0.611398  0.870831  0.757786  0.870335  0.812868  0.865915  0.896130  0.826157  0.725560  0.818527  0.763982  0.845676  0.849407  0.827091  0.830371  0.871015  0.761894  0.941740  0.633853  0.786899  0.779192  0.814884  0.864662  0.679144  0.744883  0.639547  0.178424  0.728993  0.835093  0.851759  0.189631  0.264190  0.765504  0.971252  0.638477  0.743961 
15  0.518401  0.491915  0.530954  0.571280  0.509104  0.677778  0.484724  0.601602  0.564705  0.554284  0.538017  0.593364  0.693747  0.478724  0.644402 0.0  0.670389  0.564476  0.672686  0.678626  0.529926  0.534201  0.586793  0.510942  0.519635  0.610568  0.675723  0.601261  0.656016  0.596754  0.484705  0.562003  0.615888  0.544883  0.581174  0.594537  0.642995  0.611610  0.588730  0.541165  0.467405  0.457456  0.469323  0.618416  0.609101  0.634025  0.656446  0.562773  0.489836  0.649076  0.547112  0.674829  0.618453  0.637597  0.628792  0.460056  0.596697  0.636985  0.583767  0.603561  0.608204  0.703461 
16  0.210658  0.840196  0.634400  0.816467  0.684706  0.760476  0.825138  0.847087  0.477653  0.586192  0.945902  0.899661  0.384064  0.706063  0.708720  0.670389 0.0  0.653357  0.711217  0.651571  0.863680  0.715094  0.765082  0.748948  0.709105  0.751347  0.363677  0.871658  0.497566  0.764642  0.841607  0.682886  0.567662  0.648027  0.703915  0.746278  0.856901  0.668000  0.682787  0.771012  0.761311  0.697567  0.791123  0.805791  0.363079  0.323615  0.747890  0.715985  0.671423  0.428476  0.624548  0.281327  0.629481  0.353666  0.813518  0.701701  0.824092  0.656861  0.858419  0.718696  0.758675  0.663352 
17  0.705167  0.760121  0.432644  0.739752  0.753222  0.831254  0.761342  0.689112  0.708182  0.660886  0.988432  0.739242  0.426341  0.772990  0.564118  0.564476  0.653357 0.0  0.355931  0.465128  0.766646  0.726542  0.687746  0.694371  0.733882  0.728700  0.423913  0.860104  0.643575  0.775253  0.733857  0.744378  0.754406  0.768453  0.827792  0.616986  0.667782  0.734336  0.633800  0.671928  0.777847  0.793361  0.788901  0.699791  0.645753  0.644600  0.775862  0.814406  0.654965  0.658363  0.748888  0.555291  0.546914  0.643001  0.664462  0.680698  0.489579  0.525691  0.709134  0.711006  0.373147  0.393997 
18  0.747946  0.850223  0.740674  0.811144  0.888509  0.742667  0.733702  0.878176  0.401789  0.726497  0.930007  0.865192  0.676424  0.861327  0.621470  0.672686  0.711217  0.355931 0.0  0.234860  0.883754  0.795509  0.782823  0.826624  0.799995  0.798375  0.639864  0.701857  0.756370  0.854628  0.740241  0.723274  0.851635  0.848673  0.805083  0.930966  0.796081  0.812069  0.768946  0.749271  0.831096  0.842568  0.793974  0.857218  0.696738  0.725970  0.722821  0.849722  0.905543  0.625575  0.852184  0.703858  0.762899  0.729704  0.833983  0.884724  0.743036  0.679763  0.768681  0.773073  0.173436  0.138799 
19  0.756752  0.809565  0.703122  0.830727  0.983747  0.860158  0.780469  0.829363  0.460631  0.856582  0.859461  0.992438  0.665474  0.909101  0.818021  0.678626  0.651571  0.465128  0.234860 0.0  0.917435  0.793530  0.830479  0.836081  0.786981  0.901183  0.738706  0.812164  0.733418  0.841695  0.840817  0.847398  0.735988  0.756774  0.762625  0.728240  0.905343  0.924633  0.806119  0.788922  0.967853  0.897211  0.793835  0.877459  0.727622  0.805909  0.799637  0.861063  0.884609  0.747590  0.859020  0.707428  0.723616  0.743286  0.860510  0.833564  0.794687  0.835718  0.848894  0.859952  0.128450  0.220854 
20  0.735046  0.702331  1.000000  0.803472  0.297713  0.844494  0.851447  0.859903  0.669483  0.618515  0.680908  0.806486  0.729052  0.576657  0.826966  0.529926  0.863680  0.766646  0.883754  0.917435 0.0  0.513094  0.343397  0.479010  0.916286  0.465907  0.700894  0.801804  0.752001  0.247258  0.265048  0.487094  0.409673  0.449382  0.323830  0.451667  0.432894  0.590799  0.472883  0.314984  0.286134  0.167579  0.836070  0.348331  0.708427  0.806328  0.402710  0.354676  0.504894  0.891021  0.232715  0.762417  0.736218  0.821010  0.314040  0.547136  0.818215  0.882534  0.760702  0.340854  0.918533  0.933503 
21  0.791270  0.846983  0.833859  0.716605  0.450880  0.808953  0.712059  0.845413  0.737408  0.512304  0.786631  0.841955  0.802343  0.416213  0.748779  0.534201  0.715094  0.726542  0.795509  0.793530  0.513094 0.0  0.444978  0.352286  0.800235  0.252568  0.874381  0.744633  0.714813  0.359655  0.303531  0.426402  0.574343  0.187175  0.355043  0.325048  0.319310  0.291984  0.301490  0.282980  0.261649  0.364678  0.739127  0.446147  0.791892  0.809337  0.466188  0.445119  0.246375  0.797659  0.445484  0.858840  0.794967  0.739207  0.503933  0.231943  0.891210  0.889316  0.807161  0.216666  0.780301  0.806706 
22  0.701657  0.755976  0.846426  0.846757  0.247987  0.806127  0.816414  0.868461  0.759718  0.470327  0.670017  0.851157  0.721669  0.446138  0.867312  0.586793  0.765082  0.687746  0.782823  0.830479  0.343397  0.444978 0.0  0.385262  0.865102  0.475585  0.732187  0.707611  0.773911  0.368169  0.347712  0.483192  0.416418  0.361013  0.349269  0.497498  0.409259  0.480410  0.403644  0.377478  0.368468  0.242959  0.817581  0.309678  0.889692  0.959710  0.371468  0.320181  0.526580  0.850956  0.167392  0.770930  0.891539  0.806762  0.291913  0.253431  0.817464  0.757891  0.705361  0.593807  0.945948  0.839826 
23  0.700536  0.789742  0.754881  0.774408  0.510292  0.849534  0.875325  0.925611  0.631683  0.465402  0.721347  0.731968  0.765326  0.303599  0.849993  0.510942  0.748948  0.694371  0.826624  0.836081  0.479010  0.352286  0.385262 0.0  0.674482  0.299408  0.650996  0.719228  0.805866  0.316995  0.492464  0.305214  0.404006  0.190635  0.394308  0.267630  0.150725  0.240177  0.178416  0.201609  0.187987  0.375097  0.867082  0.469540  0.737638  0.707492  0.518217  0.402669  0.215039  0.789873  0.355740  0.952426  0.787405  0.747718  0.430862  0.296204  0.774792  0.793868  0.638107  0.234180  0.891304  0.831836 
24  0.707842  0.332580  0.653926  0.279020  0.801806  0.137918  0.237830  0.219644  0.620524  0.802566  0.722769  0.714140  0.745612  0.815417  0.584346  0.519635  0.709105  0.733882  0.799995  0.786981  0.916286  0.800235  0.865102  0.674482 0.0  0.790932  0.798858  0.739238  0.688187  0.783847  0.846237  0.862015  0.793133  0.748785  0.633836  0.869599  0.800287  0.847025  0.838082  0.797780  0.827327  0.799785  0.401861  0.800300  0.729117  0.879723  0.784452  0.736854  0.811710  0.785584  0.721854  0.836317  0.617640  0.685634  0.868687  0.746964  0.532045  0.567414  0.677206  0.699103  0.792487  0.934185 
25  0.715769  0.737431  0.850701  0.781839  0.362410  0.819069  0.745464  0.761330  0.754910  0.447651  0.699534  0.702303  0.741077  0.254544  0.882889  0.610568  0.751347  0.728700  0.798375  0.901183  0.465907  0.252568  0.475585  0.299408  0.790932 0.0  0.750806  0.759021  0.820495  0.329247  0.310595  0.334426  0.362726  0.204844  0.448104  0.279726  0.207875  0.232873  0.291079  0.243179  0.149707  0.382942  0.864613  0.510704  0.810055  0.791866  0.547890  0.260381  0.297014  0.748658  0.406961  0.832499  0.762859  0.830070  0.403089  0.191638  0.869450  0.807506  0.710671  0.215594  0.858479  0.871988 
26  0.363823  0.677152  0.454777  0.689954  0.680675  0.755481  0.761887  0.799828  0.419150  0.590652  0.843192  0.819628  0.078424  0.753935  0.611398  0.675723  0.363677  0.423913  0.639864  0.738706  0.700894  0.874381  0.732187  0.650996  0.798858  0.750806 0.0  0.793901  0.453416  0.713659  0.656498  0.695800  0.672331  0.679669  0.680267  0.754796  0.720431  0.758968  0.695604  0.559107  0.680325  0.644872  0.846297  0.535294  0.438643  0.347835  0.741555  0.717798  0.685578  0.531508  0.691904  0.435089  0.508836  0.559201  0.744652  0.551018  0.538589  0.617141  0.702725  0.692885  0.671690  0.599130 
27  0.757252  0.759099  0.748002  0.678147  0.708484  0.780653  0.638507  0.798971  0.725851  0.749775  0.353688  0.301791  0.683597  0.709492  0.870831  0.601261  0.871658  0.860104  0.701857  0.812164  0.801804  0.744633  0.707611  0.719228  0.739238  0.759021  0.793901 0.0  0.882648  0.707306  0.774769  0.695977  0.728819  0.724112  0.666787  0.775189  0.694709  0.836566  0.734304  0.749261  0.776899  0.804428  0.677012  0.685747  0.739807  0.702573  0.691264  0.750351  0.802377  0.781439  0.745248  0.844627  0.807002  0.826836  0.820517  0.696156  0.818247  0.878449  0.461462  0.759789  0.936470  0.824164 
28  0.529767  0.656371  0.688544  0.640712  0.834166  0.658527  0.657681  0.713753  0.287215  0.774670  0.943803  0.905837  0.451783  0.720444  0.757786  0.656016  0.497566  0.643575  0.756370  0.733418  0.752001  0.714813  0.773911  0.805866  0.688187  0.820495  0.453416  0.882648 0.0  0.731020  0.760382  0.835437  0.807610  0.824087  0.723757  0.813418  0.764542  0.792300  0.852292  0.784061  0.802770  0.821861  0.663298  0.787955  0.490202  0.564900  0.750061  0.869348  0.767077  0.334701  0.837866  0.560137  0.701328  0.619198  0.682993  0.861056  0.729577  0.677484  0.942661  0.885950  0.658616  0.620564 
29  0.530780  0.736412  0.834138  0.792605  0.292117  0.953312  0.784285  0.852469  0.764893  0.380290  0.728480  0.812090  0.564304  0.454453  0.870335  0.596754  0.764642  0.775253  0.854628  0.841695  0.247258  0.359655  0.368169  0.316995  0.783847  0.329247  0.713659  0.707306  0.731020 0.0  0.414339  0.502195  0.235715  0.342434  0.366808  0.476146  0.412927  0.384486  0.456762  0.270270  0.282427  0.239091  0.857925  0.429233  0.520014  0.568261  0.548182  0.152746  0.408342  0.677004  0.349726  0.614905  0.863334  0.648319  0.505418  0.389397  0.706511  0.814974  0.709766  0.327370  0.800895  0.749300 
30  0.746363  0.744923  0.815628  0.688175  0.230959  0.845671  0.875767  0.795386  0.754480  0.478027  0.675663  0.883734  0.766465  0.509558  0.812868  0.484705  0.841607  0.733857  0.740241  0.840817  0.265048  0.303531  0.347712  0.492464  0.846237  0.310595  0.656498  0.774769  0.760382  0.414339 0.0  0.561937  0.316464  0.392467  0.450971  0.555976  0.379214  0.443577  0.408164  0.499931  0.381352  0.227701  0.884750  0.359052  0.796602  0.887732  0.269869  0.289432  0.327734  0.804034  0.302821  0.824582  0.842414  0.765586  0.131708  0.376743  0.748249  0.843621  0.759230  0.429841  0.867322  0.786660 
31  0.691420  0.713122  0.853191  0.752164  0.439359  0.716820  0.818608  0.778103  0.796453  0.453896  0.687451  0.690937  0.649734  0.142247  0.865915  0.562003  0.682886  0.744378  0.723274  0.847398  0.487094  0.426402  0.483192  0.305214  0.862015  0.334426  0.695800  0.695977  0.835437  0.502195  0.561937 0.0  0.570197  0.361716  0.333760  0.225224  0.296887  0.333198  0.444827  0.422550  0.421233  0.709633  0.876538  0.397943  0.841666  0.840956  0.411022  0.555374  0.480008  0.790522  0.559706  0.839005  0.839639  0.699237  0.555167  0.383640  0.793787  0.736789  0.789121  0.405843  0.885113  0.843389 
32  0.551364  0.759419  0.845149  0.819667  0.437596  0.791402  0.794126  0.661940  0.803801  0.327793  0.775961  0.877397  0.691403  0.483809  0.896130  0.615888  0.567662  0.754406  0.851635  0.735988  0.409673  0.574343  0.416418  0.404006  0.793133  0.362726  0.672331  0.728819  0.807610  0.235715  0.316464  0.570197 0.0  0.505204  0.242722  0.576705  0.400562  0.429538  0.470446  0.495079  0.389913  0.479900  0.737052  0.517420  0.647719  0.585009  0.461319  0.319294  0.439124  0.605209  0.388338  0.686168  0.859585  0.618130  0.447629  0.363574  0.860446  0.615134  0.705108  0.399799  0.979473  0.885161 
33  0.704124  0.665787  0.900076  0.853607  0.435974  0.830942  0.802575  0.836518  0.748358  0.435689  0.836535  0.853438  0.618379  0.380817  0.826157  0.544883  0.648027  0.768453  0.848673  0.756774  0.449382  0.187175  0.361013  0.190635  0.748785  0.204844  0.679669  0.724112  0.824087  0.342434  0.392467  0.361716  0.505204 0.0  0.336529  0.259118  0.284110  0.240370  0.173074  0.313132  0.219024  0.388416  0.767294  0.535904  0.614771  0.794079  0.458946  0.399276  0.270432  0.798572  0.260790  0.847309  0.837673  0.770916  0.519480  0.320956  0.813201  0.783826  0.764169  0.270580  0.941126  0.735463 
34  0.690283  0.675447  0.657224  0.690798  0.243573  0.744370  0.675945  0.904151  0.718675  0.248365  0.729473  0.824000  0.708696  0.310094  0.725560  0.581174  0.703915  0.827792  0.805083  0.762625  0.323830  0.355043  0.349269  0.394308  0.633836  0.448104  0.680267  0.666787  0.723757  0.366808  0.450971  0.333760  0.242722  0.336529 0.0  0.328662  0.307793  0.249521  0.365740  0.360759  0.366677  0.410015  0.843911  0.164038  0.731603  0.667373  0.420317  0.439752  0.416285  0.774335  0.362669  0.838257  0.738330  0.794373  0.440416  0.387496  0.731672  0.700497  0.667188  0.336001  0.763001  0.749069 
35  0.718525  0.743734  0.754422  0.763034  0.521712  0.834772  0.794719  0.834445  0.783580  0.422474  0.757604  0.792838  0.630289  0.279595  0.818527  0.594537  0.746278  0.616986  0.930966  0.728240  0.451667  0.325048  0.497498  0.267630  0.869599  0.279726  0.754796  0.775189  0.813418  0.476146  0.555976  0.225224  0.576705  0.259118  0.328662 0.0  0.239797  0.157548  0.337876  0.374351  0.352949  0.392588  0.781320  0.388898  0.875957  0.742977  0.342491  0.445819  0.334574  0.877960  0.476997  0.814559  0.724266  0.752164  0.512999  0.289411  0.812831  0.739877  0.770938  0.440123  0.799352  0.822573 
36  0.594032  0.751012  0.915834  0.850004  0.385933  0.806127  0.803210  0.915946  0.678069  0.525094  0.848003  0.712301  0.634693  0.352110  0.763982  0.642995  0.856901  0.667782  0.796081  0.905343  0.432894  0.319310  0.409259  0.150725  0.800287  0.207875  0.720431  0.694709  0.764542  0.412927  0.379214  0.296887  0.400562  0.284110  0.307793  0.239797 0.0  0.366673  0.377939  0.188304  0.195227  0.363528  0.830328  0.528429  0.800982  0.770326  0.517542  0.449122  0.257313  0.768563  0.476792  0.824704  0.769287  0.820773  0.482314  0.270765  0.784216  0.857163  0.808468  0.103543  0.750767  0.832268 
37  0.683251  0.797992  0.865697  0.803833  0.460043  0.745254  0.845082  0.813128  0.737977  0.379390  0.686300  0.795232  0.704066  0.177322  0.845676  0.611610  0.668000  0.734336  0.812069  0.924633  0.590799  0.291984  0.480410  0.240177  0.847025  0.232873  0.758968  0.836566  0.792300  0.384486  0.443577  0.333198  0.429538  0.240370  0.249521  0.157548  0.366673 0.0  0.397535  0.414327  0.394375  0.453926  0.824090  0.392340  0.757516  0.800118  0.290190  0.472051  0.246339  0.820723  0.587575  0.887745  0.820615  0.834896  0.429713  0.367911  0.858955  0.802707  0.682908  0.225518  0.884669  0.964385 
38  0.723653  0.746764  0.883582  0.840097  0.459792  0.705949  0.709891  0.694081  0.680550  0.448680  0.697988  0.833984  0.665726  0.331443  0.849407  0.588730  0.682787  0.633800  0.768946  0.806119  0.472883  0.301490  0.403644  0.178416  0.838082  0.291079  0.695604  0.734304  0.852292  0.456762  0.408164  0.444827  0.470446  0.173074  0.365740  0.337876  0.377939  0.397535 0.0  0.178786  0.342721  0.483728  0.772655  0.523068  0.758306  0.705265  0.530424  0.471720  0.275486  0.736073  0.405183  0.803768  0.822757  0.743081  0.367420  0.240306  0.770872  0.834735  0.725842  0.220844  0.785694  0.807655 
39  0.655990  0.688229  0.753256  0.773891  0.431428  0.753953  0.799560  0.840798  0.706342  0.508516  0.739402  0.749389  0.638403  0.377220  0.827091  0.541165  0.771012  0.671928  0.749271  0.788922  0.314984  0.282980  0.377478  0.201609  0.797780  0.243179  0.559107  0.749261  0.784061  0.270270  0.499931  0.422550  0.495079  0.313132  0.360759  0.374351  0.188304  0.414327  0.178786 0.0  0.295967  0.410432  0.800596  0.439586  0.823150  0.724150  0.509017  0.349391  0.248701  0.831155  0.520095  0.865971  0.854533  0.845938  0.384368  0.219161  0.819056  0.830324  0.706158  0.178330  0.781619  0.814085 
40  0.753781  0.699317  0.872161  0.699787  0.322849  0.821992  0.794969  0.764115  0.772765  0.482771  0.682565  0.693710  0.780305  0.352716  0.830371  0.467405  0.761311  0.777847  0.831096  0.967853  0.286134  0.261649  0.368468  0.187987  0.827327  0.149707  0.680325  0.776899  0.802770  0.282427  0.381352  0.421233  0.389913  0.219024  0.366677  0.352949  0.195227  0.394375  0.342721  0.295967 0.0  0.511770  0.750821  0.392849  0.820197  0.792819  0.509405  0.379639  0.322459  0.861975  0.430273  0.936924  0.841214  0.770313  0.511893  0.303751  0.904505  0.912890  0.742158  0.306770  0.877980  0.858504 
41  0.851834  0.685875  0.752152  0.805097  0.191214  0.939673  0.793351  0.796920  0.740876  0.547988  0.799131  0.700809  0.740434  0.472723  0.871015  0.457456  0.697567  0.793361  0.842568  0.897211  0.167579  0.364678  0.242959  0.375097  0.799785  0.382942  0.644872  0.804428  0.821861  0.239091  0.227701  0.709633  0.479900  0.388416  0.410015  0.392588  0.363528  0.453926  0.483728  0.410432  0.511770 0.0  0.841909  0.396360  0.731996  0.703914  0.355363  0.300889  0.538337  0.747980  0.234040  0.968695  0.850850  0.834981  0.294850  0.425665  0.791782  0.839545  0.641252  0.335446  0.790438  0.866305 
42  0.673767  0.391545  0.709992  0.386513  0.807834  0.313638  0.329685  0.396773  0.752252  0.784452  0.671468  0.928696  0.750457  0.787675  0.761894  0.469323  0.791123  0.788901  0.793974  0.793835  0.836070  0.739127  0.817581  0.867082  0.401861  0.864613  0.846297  0.677012  0.663298  0.857925  0.884750  0.876538  0.737052  0.767294  0.843911  0.781320  0.830328  0.824090  0.772655  0.800596  0.750821  0.841909 0.0  0.832867  0.773257  0.771591  0.789704  0.828473  0.840337  0.744457  0.819949  0.753092  0.650807  0.738887  0.846251  0.799320  0.526527  0.724639  0.725819  0.728189  0.881871  0.938687 
43  0.689520  0.832858  0.842955  0.799821  0.389270  0.808119  0.756986  0.851626  0.736075  0.304346  0.727918  0.826901  0.581859  0.317005  0.941740  0.618416  0.805791  0.699791  0.857218  0.877459  0.348331  0.446147  0.309678  0.469540  0.800300  0.510704  0.535294  0.685747  0.787955  0.429233  0.359052  0.397943  0.517420  0.535904  0.164038  0.388898  0.528429  0.392340  0.523068  0.439586  0.392849  0.396360  0.832867 0.0  0.863185  0.763858  0.221766  0.432612  0.639735  0.932635  0.441986  0.854662  0.832838  0.902688  0.420318  0.458458  0.784408  0.789338  0.713589  0.487798  0.813917  0.795388 
44  0.292379  0.750406  0.736448  0.761982  0.620894  0.775644  0.676204  0.823364  0.488782  0.551893  0.844131  0.774636  0.502283  0.672396  0.633853  0.609101  0.363079  0.645753  0.696738  0.727622  0.708427  0.791892  0.889692  0.737638  0.729117  0.810055  0.438643  0.739807  0.490202  0.520014  0.796602  0.841666  0.647719  0.614771  0.731603  0.875957  0.800982  0.757516  0.758306  0.823150  0.820197  0.731996  0.773257  0.863185 0.0  0.184161  0.800661  0.729983  0.814282  0.363592  0.757463  0.377753  0.763765  0.362318  0.937003  0.827917  0.821671  0.762949  0.847751  0.784618  0.634371  0.780883 
45  0.335589  0.807227  0.727083  0.801496  0.808792  0.895275  0.810630  0.715677  0.504034  0.515525  0.772806  0.783569  0.385269  0.655728  0.786899  0.634025  0.323615  0.644600  0.725970  0.805909  0.806328  0.809337  0.959710  0.707492  0.879723  0.791866  0.347835  0.702573  0.564900  0.568261  0.887732  0.840956  0.585009  0.794079  0.667373  0.742977  0.770326  0.800118  0.705265  0.724150  0.792819  0.703914  0.771591  0.763858  0.184161 0.0  0.717292  0.780342  0.734845  0.387116  0.787497  0.452754  0.735437  0.280597  0.803563  0.796501  0.666646  0.818199  0.877597  0.794528  0.644443  0.774528 
46  0.675390  0.858411  0.787845  0.793673  0.461148  0.735693  0.885195  0.808119  0.654582  0.517190  0.716278  0.849148  0.618578  0.356557  0.779192  0.656446  0.747890  0.775862  0.722821  0.799637  0.402710  0.466188  0.371468  0.518217  0.784452  0.547890  0.741555  0.691264  0.750061  0.548182  0.269869  0.411022  0.461319  0.458946  0.420317  0.342491  0.517542  0.290190  0.530424  0.509017  0.509405  0.355363  0.789704  0.221766  0.800661  0.717292 0.0  0.396019  0.456430  0.746496  0.291388  0.683408  0.842456  0.833353  0.437931  0.533431  0.799060  0.769976  0.781223  0.490360  0.815598  0.762613 
47  0.748766  0.749394  0.872794  0.811717  0.355766  0.797277  0.792227  0.736835  0.749870  0.567977  0.704502  0.803291  0.651178  0.563349  0.814884  0.562773  0.715985  0.814406  0.849722  0.861063  0.354676  0.445119  0.320181  0.402669  0.736854  0.260381  0.717798  0.750351  0.869348  0.152746  0.289432  0.555374  0.319294  0.399276  0.439752  0.445819  0.449122  0.472051  0.471720  0.349391  0.379639  0.300889  0.828473  0.432612  0.729983  0.780342  0.396019 0.0  0.409336  0.775693  0.335923  0.851267  0.860639  0.715782  0.324134  0.366708  0.730109  0.767172  0.799934  0.416005  0.893784  0.859831 
48  0.683824  0.748999  0.893395  0.799561  0.448524  0.783336  0.825164  0.733859  0.676534  0.560859  0.769901  0.681933  0.750994  0.359436  0.864662  0.489836  0.671423  0.654965  0.905543  0.884609  0.504894  0.246375  0.526580  0.215039  0.811710  0.297014  0.685578  0.802377  0.767077  0.408342  0.327734  0.480008  0.439124  0.270432  0.416285  0.334574  0.257313  0.246339  0.275486  0.248701  0.322459  0.538337  0.840337  0.639735  0.814282  0.734845  0.456430  0.409336 0.0  0.743566  0.370869  0.737984  0.707140  0.873796  0.519829  0.250657  0.801945  0.831622  0.737836  0.249352  0.866219  0.836859 
49  0.341223  0.782043  0.757292  0.725511  0.835887  0.771987  0.742728  0.753565  0.494203  0.624304  0.849777  0.794488  0.493129  0.822408  0.679144  0.649076  0.428476  0.658363  0.625575  0.747590  0.891021  0.797659  0.850956  0.789873  0.785584  0.748658  0.531508  0.781439  0.334701  0.677004  0.804034  0.790522  0.605209  0.798572  0.774335  0.877960  0.768563  0.820723  0.736073  0.831155  0.861975  0.747980  0.744457  0.932635  0.363592  0.387116  0.746496  0.775693  0.743566 0.0  0.786371  0.349624  0.647002  0.375589  0.854296  0.719961  0.690874  0.679094  0.775326  0.814602  0.658134  0.600464 
50  0.776285  0.797658  0.816954  0.892982  0.202807  0.970712  0.875264  0.808059  0.741285  0.533946  0.779387  0.679423  0.720665  0.492633  0.744883  0.547112  0.624548  0.748888  0.852184  0.859020  0.232715  0.445484  0.167392  0.355740  0.721854  0.406961  0.691904  0.745248  0.837866  0.349726  0.302821  0.559706  0.388338  0.260790  0.362669  0.476997  0.476792  0.587575  0.405183  0.520095  0.430273  0.234040  0.819949  0.441986  0.757463  0.787497  0.291388  0.335923  0.370869  0.786371 0.0  0.854664  0.766114  0.766242  0.362842  0.415288  0.800837  0.850582  0.855915  0.169618  0.808843  0.842127 
51  0.312193  0.865904  0.671313  0.736411  0.843706  0.735590  0.808643  0.778249  0.460818  0.571270  0.922526  0.898932  0.435196  0.794871  0.639547  0.674829  0.281327  0.555291  0.703858  0.707428  0.762417  0.858840  0.770930  0.952426  0.836317  0.832499  0.435089  0.844627  0.560137  0.614905  0.824582  0.839005  0.686168  0.847309  0.838257  0.814559  0.824704  0.887745  0.803768  0.865971  0.936924  0.968695  0.753092  0.854662  0.377753  0.452754  0.683408  0.851267  0.737984  0.349624  0.854664 0.0  0.767025  0.301792  0.797755  0.759480  0.604489  0.740278  0.851109  0.795071  0.692206  0.707769 
52  0.712629  0.580067  0.273428  0.568852  0.918261  0.615434  0.640347  0.665002  0.692936  0.828040  0.713772  0.805772  0.626717  0.863942  0.178424  0.618453  0.629481  0.546914  0.762899  0.723616  0.736218  0.794967  0.891539  0.787405  0.617640  0.762859  0.508836  0.807002  0.701328  0.863334  0.842414  0.839639  0.859585  0.837673  0.738330  0.724266  0.769287  0.820615  0.822757  0.854533  0.841214  0.850850  0.650807  0.832838  0.763765  0.735437  0.842456  0.860639  0.707140  0.647002  0.766114  0.767025 0.0  0.721246  0.797373  0.838164  0.317412  0.315293  0.844872  0.840454  0.767177  0.784533 
53  0.333362  0.708382  0.705843  0.692846  0.889014  0.784545  0.684919  0.791562  0.391335  0.643298  0.900859  0.850087  0.361266  0.718411  0.728993  0.637597  0.353666  0.643001  0.729704  0.743286  0.821010  0.739207  0.806762  0.747718  0.685634  0.830070  0.559201  0.826836  0.619198  0.648319  0.765586  0.699237  0.618130  0.770916  0.794373  0.752164  0.820773  0.834896  0.743081  0.845938  0.770313  0.834981  0.738887  0.902688  0.362318  0.280597  0.833353  0.715782  0.873796  0.375589  0.766242  0.301792  0.721246 0.0  0.704689  0.937775  0.749900  0.897648  0.876789  0.799495  0.783959  0.690852 
54  0.709345  0.791248  0.850665  0.720790  0.371228  0.919800  0.640990  0.891808  0.769661  0.633198  0.803076  0.833057  0.709011  0.490910  0.835093  0.628792  0.813518  0.664462  0.833983  0.860510  0.314040  0.503933  0.291913  0.430862  0.868687  0.403089  0.744652  0.820517  0.682993  0.505418  0.131708  0.555167  0.447629  0.519480  0.440416  0.512999  0.482314  0.429713  0.367420  0.384368  0.511893  0.294850  0.846251  0.420318  0.937003  0.803563  0.437931  0.324134  0.519829  0.854296  0.362842  0.797755  0.797373  0.704689 0.0  0.478263  0.720193  0.886948  0.771784  0.573054  0.844270  0.736860 
55  0.641825  0.690996  0.803551  0.803687  0.437851  0.810933  0.796554  0.970844  0.767975  0.525221  0.697623  0.808590  0.736066  0.428754  0.851759  0.460056  0.701701  0.680698  0.884724  0.833564  0.547136  0.231943  0.253431  0.296204  0.746964  0.191638  0.551018  0.696156  0.861056  0.389397  0.376743  0.383640  0.363574  0.320956  0.387496  0.289411  0.270765  0.367911  0.240306  0.219161  0.303751  0.425665  0.799320  0.458458  0.827917  0.796501  0.533431  0.366708  0.250657  0.719961  0.415288  0.759480  0.838164  0.937775  0.478263 0.0  0.836341  0.876844  0.684061  0.229449  0.930287  0.800722 
56  0.768447  0.594074  0.254654  0.637350  0.743878  0.545883  0.629949  0.523255  0.718900  0.833202  0.781399  0.793128  0.533969  0.813906  0.189631  0.596697  0.824092  0.489579  0.743036  0.794687  0.818215  0.891210  0.817464  0.774792  0.532045  0.869450  0.538589  0.818247  0.729577  0.706511  0.748249  0.793787  0.860446  0.813201  0.731672  0.812831  0.784216  0.858955  0.770872  0.819056  0.904505  0.791782  0.526527  0.784408  0.821671  0.666646  0.799060  0.730109  0.801945  0.690874  0.800837  0.604489  0.317412  0.749900  0.720193  0.836341 0.0  0.255653  0.742705  0.738022  0.621413  0.842313 
57  0.728432  0.607523  0.235838  0.591038  0.810547  0.601735  0.549823  0.622059  0.667024  0.784724  0.900129  0.851618  0.507978  0.786682  0.264190  0.636985  0.656861  0.525691  0.679763  0.835718  0.882534  0.889316  0.757891  0.793868  0.567414  0.807506  0.617141  0.878449  0.677484  0.814974  0.843621  0.736789  0.615134  0.783826  0.700497  0.739877  0.857163  0.802707  0.834735  0.830324  0.912890  0.839545  0.724639  0.789338  0.762949  0.818199  0.769976  0.767172  0.831622  0.679094  0.850582  0.740278  0.315293  0.897648  0.886948  0.876844  0.255653 0.0  0.858352  0.785160  0.603551  0.731681 
58  0.795748  0.702326  0.929437  0.784137  0.745325  0.781004  0.770537  0.717772  0.753679  0.710692  0.547453  0.401259  0.825206  0.713087  0.765504  0.583767  0.858419  0.709134  0.768681  0.848894  0.760702  0.807161  0.705361  0.638107  0.677206  0.710671  0.702725  0.461462  0.942661  0.709766  0.759230  0.789121  0.705108  0.764169  0.667188  0.770938  0.808468  0.682908  0.725842  0.706158  0.742158  0.641252  0.725819  0.713589  0.847751  0.877597  0.781223  0.799934  0.737836  0.775326  0.855915  0.851109  0.844872  0.876789  0.771784  0.684061  0.742705  0.858352 0.0  0.713249  0.853109  0.878851 
59  0.718417  0.792392  0.879695  0.821153  0.293123  0.860393  0.778263  0.882985  0.797629  0.500974  0.733688  0.720203  0.632953  0.276540  0.971252  0.603561  0.718696  0.711006  0.773073  0.859952  0.340854  0.216666  0.593807  0.234180  0.699103  0.215594  0.692885  0.759789  0.885950  0.327370  0.429841  0.405843  0.399799  0.270580  0.336001  0.440123  0.103543  0.225518  0.220844  0.178330  0.306770  0.335446  0.728189  0.487798  0.784618  0.794528  0.490360  0.416005  0.249352  0.814602  0.169618  0.795071  0.840454  0.799495  0.573054  0.229449  0.738022  0.785160  0.713249 0.0  0.849888  0.922163 
60  0.686340  0.779324  0.692886  0.782779  0.917751  0.783724  0.842211  0.769374  0.461036  0.756456  0.833192  0.833280  0.578086  0.813095  0.638477  0.608204  0.758675  0.373147  0.173436  0.128450  0.918533  0.780301  0.945948  0.891304  0.792487  0.858479  0.671690  0.936470  0.658616  0.800895  0.867322  0.885113  0.979473  0.941126  0.763001  0.799352  0.750767  0.884669  0.785694  0.781619  0.877980  0.790438  0.881871  0.813917  0.634371  0.644443  0.815598  0.893784  0.866219  0.658134  0.808843  0.692206  0.767177  0.783959  0.844270  0.930287  0.621413  0.603551  0.853109  0.849888 0.0  0.280715 
61  0.770319  0.794767  0.680046  0.826688  0.879847  0.792930  0.877805  0.772121  0.491150  0.684379  0.840645  0.892640  0.611728  0.847379  0.743961  0.703461  0.663352  0.393997  0.138799  0.220854  0.933503  0.806706  0.839826  0.831836  0.934185  0.871988  0.599130  0.824164  0.620564  0.749300  0.786660  0.843389  0.885161  0.735463  0.749069  0.822573  0.832268  0.964385  0.807655  0.814085  0.858504  0.866305  0.938687  0.795388  0.780883  0.774528  0.762613  0.859831  0.836859  0.600464  0.842127  0.707769  0.784533  0.690852  0.736860  0.800722  0.842313  0.731681  0.878851  0.922163  0.280715 0.0 
