62
0 0.0  0.668099  0.786375  0.741737  0.684407  0.675186  0.637351  0.796102  0.385141  0.654786  0.737758  0.811224  0.374651  0.696888  0.759952  0.548936  0.140833  0.513390  0.799620  0.676811  0.758194  0.613922  0.813361  0.672650  0.776148  0.740685  0.358904  0.680953  0.559530  0.577687  0.731834  0.702792  0.607717  0.712231  0.666013  0.670622  0.643713  0.793680  0.733776  0.702159  0.667438  0.674548  0.668304  0.690843  0.189448  0.278744  0.701099  0.695104  0.747023  0.365788  0.751798  0.322052  0.747682  0.417354  0.697861  0.696475  0.804434  0.794127  0.687474  0.667335  0.708260  0.738407 
1  0.668099 0.0  0.628581  0.160620  0.876006  0.239492  0.294962  0.247926  0.695766  0.728296  0.681588  0.583066  0.708313  0.853928  0.625197  0.543004  0.822935  0.815804  0.894745  0.881800  0.732997  0.810002  0.791153  0.751502  0.143513  0.878485  0.733533  0.636788  0.626168  0.811592  0.755836  0.749874  0.683821  0.764460  0.782487  0.771898  0.705416  0.636041  0.875972  0.732295  0.804674  0.676208  0.417749  0.870436  0.764925  0.843050  0.772467  0.800704  0.779011  0.759473  0.908121  0.792027  0.578871  0.834172  0.744593  0.766090  0.596501  0.566188  0.752858  0.785818  0.862645  0.802428 
2  0.786375  0.628581 0.0  0.721234  0.834063  0.588772  0.650964  0.515937  0.672801  0.695259  0.880285  0.683027  0.476633  0.753689  0.256360  0.648057  0.641563  0.404656  0.718739  0.757869  0.896110  0.897947  0.819743  0.899367  0.620424  0.814754  0.590599  0.784671  0.691733  0.797302  0.786499  0.792144  0.811936  0.912774  0.668319  0.719927  0.825888  0.825146  0.746006  0.824718  0.914748  0.893918  0.604424  0.794435  0.772067  0.838257  0.833690  0.699100  0.809978  0.612050  0.974488  0.658880  0.249048  0.832361  0.762014  0.840738  0.317406  0.350854  0.840684  0.879140  0.714207  0.666836 
3  0.741737  0.160620  0.721234 0.0  0.745416  0.152738  0.258488  0.203292  0.606432  0.810120  0.763104  0.746168  0.777418  0.744219  0.590704  0.484173  0.681219  0.723613  0.656309  0.758181  0.784248  0.813664  0.754024  0.758547  0.291006  0.802868  0.729820  0.849129  0.627524  0.766217  0.714935  0.801919  0.910651  0.824581  0.593731  0.829672  0.762580  0.818671  0.795166  0.765458  0.762672  0.817654  0.338199  0.777178  0.713669  0.667553  0.756591  0.653543  0.726390  0.783569  0.823460  0.757936  0.511079  0.762465  0.829502  0.708346  0.559189  0.620003  0.690885  0.715173  0.868035  0.756209 
4  0.684407  0.876006  0.834063  0.745416 0.0  0.891689  0.772527  0.810773  0.813573  0.599766  0.816827  0.816461  0.728352  0.402769  0.739837  0.530904  0.811111  0.814152  0.866419  0.825668  0.113388  0.421919  0.081006  0.415704  0.766373  0.356797  0.715008  0.793973  0.716266  0.340503  0.320188  0.559602  0.346057  0.439741  0.287991  0.502135  0.362450  0.470011  0.436811  0.280064  0.457384  0.175617  0.832856  0.307318  0.858203  0.716460  0.315986  0.240931  0.433794  0.883030  0.228118  0.868886  0.846263  0.781269  0.351846  0.366190  0.775915  0.829339  0.673317  0.291638  0.823450  0.848497 
5  0.675186  0.239492  0.588772  0.152738  0.891689 0.0  0.208652  0.081006  0.582776  0.781725  0.841870  0.898003  0.692528  0.828373  0.580699  0.614421  0.720276  0.790128  0.780180  0.929022  0.863666  0.815425  0.894075  0.738866  0.328369  0.814129  0.673209  0.756491  0.535976  0.797475  0.825103  0.837445  0.784443  0.829374  0.750258  0.807126  0.749350  0.835623  0.828494  0.810428  0.850809  0.884285  0.426560  0.899213  0.757003  0.692716  0.864165  0.948782  0.809764  0.682131  0.860908  0.745826  0.479689  0.754518  0.864672  0.744299  0.530923  0.617705  0.767362  0.804110  0.869002  0.928862 
6  0.637351  0.294962  0.650964  0.258488  0.772527  0.208652 0.0  0.142789  0.726576  0.757056  0.709876  0.795347  0.696897  0.760855  0.615572  0.555100  0.838854  0.764916  0.792664  0.768048  0.856919  0.834804  0.820502  0.837760  0.295929  0.733438  0.715044  0.743842  0.754955  0.725031  0.834142  0.767696  0.689903  0.770196  0.703733  0.755428  0.823696  0.737831  0.789541  0.869386  0.805420  0.834393  0.198988  0.758656  0.749305  0.778854  0.845837  0.785397  0.852279  0.702358  0.863028  0.932628  0.587518  0.727535  0.805671  0.783076  0.575533  0.653103  0.885891  0.841042  0.840094  0.892256 
7  0.796102  0.247926  0.515937  0.203292  0.810773  0.081006  0.142789 0.0  0.609392  0.782154  0.764588  0.748412  0.575970  0.712241  0.586296  0.448457  0.788783  0.624686  0.798791  0.804629  0.849516  0.800076  0.822125  0.853798  0.249330  0.792123  0.705852  0.636590  0.693906  0.890949  0.852971  0.778458  0.760766  0.919310  0.677196  0.841735  0.706715  0.681358  0.770977  0.744118  0.857654  0.776742  0.371481  0.759357  0.749282  0.795285  0.745147  0.719444  0.670056  0.715160  0.844677  0.821200  0.618914  0.670712  0.812418  0.797335  0.541627  0.648126  0.660727  0.856476  0.870576  0.869517 
8  0.385141  0.695766  0.672801  0.606432  0.813573  0.582776  0.726576  0.609392 0.0  0.792504  0.689172  0.745475  0.425075  0.653196  0.641793  0.618912  0.493018  0.682585  0.484460  0.437925  0.791688  0.729217  0.775434  0.632553  0.708499  0.726918  0.354256  0.767397  0.333034  0.692790  0.601969  0.730683  0.668646  0.763119  0.687232  0.642532  0.758850  0.729710  0.793324  0.779259  0.752504  0.893860  0.684104  0.644512  0.459546  0.544448  0.735490  0.702847  0.795166  0.361000  0.764497  0.431304  0.546367  0.378605  0.679407  0.766374  0.609730  0.661692  0.710778  0.794947  0.382524  0.525787 
9  0.654786  0.728296  0.695259  0.810120  0.599766  0.781725  0.757056  0.782154  0.792504 0.0  0.782595  0.731257  0.660619  0.317499  0.790174  0.519986  0.572492  0.628112  0.797399  0.823751  0.651453  0.418684  0.523445  0.500409  0.680455  0.485385  0.701052  0.721498  0.664850  0.366490  0.426205  0.318984  0.354847  0.568495  0.354289  0.368544  0.470869  0.372006  0.424926  0.487822  0.578578  0.609974  0.775567  0.329085  0.610985  0.672445  0.454150  0.519474  0.598942  0.698265  0.548125  0.648655  0.866982  0.579582  0.538103  0.533300  0.794194  0.754944  0.779540  0.538878  0.771460  0.869784 
10  0.737758  0.681588  0.880285  0.763104  0.816827  0.841870  0.709876  0.764588  0.689172  0.782595 0.0  0.297287  0.764241  0.742400  0.920517  0.621749  0.849759  0.786003  0.844229  0.933527  0.816614  0.686727  0.691714  0.750837  0.776486  0.731905  0.817179  0.259928  0.869472  0.731571  0.769990  0.706252  0.733427  0.790730  0.623220  0.799904  0.786829  0.670217  0.721374  0.851196  0.689362  0.743773  0.740621  0.842420  0.747248  0.854467  0.735878  0.697755  0.734250  0.827998  0.712539  1.000000  0.815921  0.812538  0.834387  0.661190  0.790503  0.803040  0.400641  0.837977  0.853924  0.890532 
11  0.811224  0.583066  0.683027  0.746168  0.816461  0.898003  0.795347  0.748412  0.745475  0.731257  0.297287 0.0  0.937440  0.815793  0.954993  0.646240  0.818973  0.771898  0.815801  0.884338  0.833676  0.885589  0.701427  0.714318  0.841300  0.682955  0.850333  0.349954  0.834836  0.740760  0.834014  0.748221  0.823547  0.774872  0.717229  0.791063  0.724503  0.780505  0.835069  0.762066  0.709099  0.772781  0.737168  0.771326  0.826862  0.916038  0.842985  0.759770  0.738335  0.773762  0.684283  0.975814  0.842605  0.810704  0.870357  0.819111  0.814625  0.849247  0.429859  0.779082  0.895524  0.905662 
12  0.374651  0.708313  0.476633  0.777418  0.728352  0.692528  0.696897  0.575970  0.425075  0.660619  0.764241  0.937440 0.0  0.659837  0.619597  0.605728  0.408708  0.265486  0.786396  0.663040  0.755366  0.711816  0.760259  0.705680  0.730091  0.652438  0.193970  0.736110  0.437740  0.642688  0.684286  0.751825  0.660410  0.792091  0.714785  0.537607  0.616395  0.762936  0.624315  0.758450  0.701134  0.669847  0.628713  0.730781  0.387722  0.384727  0.679062  0.693694  0.667288  0.507102  0.693374  0.515343  0.575299  0.408208  0.674885  0.644494  0.616268  0.450912  0.859002  0.829669  0.534552  0.673234 
13  0.696888  0.853928  0.753689  0.744219  0.402769  0.828373  0.760855  0.712241  0.653196  0.317499  0.742400  0.815793  0.659837 0.0  0.844052  0.520182  0.801258  0.688998  0.764199  0.777001  0.438090  0.514174  0.542651  0.260660  0.735406  0.336941  0.634244  0.710255  0.773373  0.322529  0.487187  0.186488  0.366786  0.361823  0.335374  0.245328  0.348830  0.117893  0.314174  0.361360  0.301811  0.523272  0.806153  0.258482  0.846768  0.693913  0.441428  0.491158  0.408190  0.839227  0.521469  0.716805  0.788427  0.691259  0.486111  0.441838  0.789797  0.854232  0.657424  0.265658  0.819633  0.864239 
14  0.759952  0.625197  0.256360  0.590704  0.739837  0.580699  0.615572  0.586296  0.641793  0.790174  0.920517  0.954993  0.619597  0.844052 0.0  0.643088  0.670818  0.573722  0.633122  0.817333  0.939759  0.699929  0.762347  0.856094  0.572176  0.856272  0.518830  0.886895  0.661177  0.796727  0.792535  0.880603  0.787021  0.860639  0.823470  0.815247  0.782174  0.729005  0.829005  0.872323  0.827628  0.948867  0.576526  0.879019  0.825624  0.817085  0.787823  0.797950  0.925203  0.633396  0.920750  0.681492  0.162253  0.714998  0.798068  0.795754  0.297184  0.409710  0.740908  0.811885  0.764951  0.722031 
15  0.548936  0.543004  0.648057  0.484173  0.530904  0.614421  0.555100  0.448457  0.618912  0.519986  0.621749  0.646240  0.605728  0.520182  0.643088 0.0  0.551541  0.589847  0.714123  0.591264  0.543384  0.630730  0.562785  0.480095  0.461876  0.522537  0.713979  0.558288  0.720768  0.574229  0.649611  0.679298  0.581107  0.475928  0.469249  0.624479  0.590941  0.523257  0.531899  0.580872  0.638362  0.453469  0.472666  0.692704  0.577034  0.668075  0.510031  0.590209  0.492421  0.663256  0.662169  0.566581  0.653260  0.599585  0.568765  0.446334  0.458928  0.519497  0.516478  0.545275  0.640751  0.767113 
16  0.140833  0.822935  0.641563  0.681219  0.811111  0.720276  0.838854  0.788783  0.493018  0.572492  0.849759  0.818973  0.408708  0.801258  0.670818  0.551541 0.0  0.599869  0.653343  0.779067  0.763106  0.875775  0.754963  0.740448  0.747086  0.727930  0.347595  0.842281  0.469151  0.531606  0.812417  0.756898  0.678003  0.761425  0.737426  0.797143  0.780536  0.768471  0.851080  0.686188  0.813348  0.784354  0.675499  0.726489  0.201883  0.366553  0.848763  0.749148  0.786821  0.299232  0.785585  0.363710  0.736728  0.332624  0.768745  0.685391  0.785271  0.850683  0.880270  0.825854  0.667687  0.702758 
17  0.513390  0.815804  0.404656  0.723613  0.814152  0.790128  0.764916  0.624686  0.682585  0.628112  0.786003  0.771898  0.265486  0.688998  0.573722  0.589847  0.599869 0.0  0.410956  0.334003  0.728675  0.722571  0.694948  0.677943  0.786525  0.690197  0.456893  0.743745  0.681657  0.655014  0.644739  0.715451  0.739839  0.665746  0.710650  0.771927  0.610159  0.687058  0.620495  0.605566  0.736117  0.682345  0.741272  0.716996  0.680920  0.645068  0.775504  0.767843  0.719787  0.734576  0.756808  0.692395  0.418288  0.621372  0.664924  0.742622  0.515455  0.568932  0.706936  0.719584  0.385358  0.278154 
18  0.799620  0.894745  0.718739  0.656309  0.866419  0.780180  0.792664  0.798791  0.484460  0.797399  0.844229  0.815801  0.786396  0.764199  0.633122  0.714123  0.653343  0.410956 0.0  0.313137  0.690073  0.733607  0.831111  0.801374  0.709344  0.797460  0.714408  0.923573  0.667137  0.880454  0.813066  0.796404  0.749874  0.841236  0.815891  0.728382  0.794799  0.777534  0.707715  0.846540  0.820962  0.731731  0.805961  0.875582  0.753873  0.721063  0.738428  0.876106  0.969556  0.623716  0.880392  0.627320  0.775271  0.790948  0.979649  0.815790  0.685369  0.742015  0.867876  0.880838  0.268136  0.238938 
19  0.676811  0.881800  0.757869  0.758181  0.825668  0.929022  0.768048  0.804629  0.437925  0.823751  0.933527  0.884338  0.663040  0.777001  0.817333  0.591264  0.779067  0.334003  0.313137 0.0  0.781132  0.820896  0.894308  0.884458  0.721505  0.900973  0.556465  0.917115  0.687569  0.749580  0.830842  0.914910  0.774872  0.877721  0.840205  0.857886  0.900926  0.741441  0.724856  0.743165  0.961976  0.932037  0.878489  0.906455  0.695756  0.663779  0.846239  0.908645  0.836822  0.643012  0.811241  0.686273  0.793226  0.724349  0.811710  0.843717  0.744318  0.816694  0.795501  0.814925  0.248919  0.275371 
20  0.758194  0.732997  0.896110  0.784248  0.113388  0.863666  0.856919  0.849516  0.791688  0.651453  0.816614  0.833676  0.755366  0.438090  0.939759  0.543384  0.763106  0.728675  0.690073  0.781132 0.0  0.529320  0.303750  0.404866  0.778749  0.398827  0.654658  0.767731  0.816508  0.208022  0.317144  0.512894  0.538043  0.391509  0.349623  0.459483  0.533564  0.463461  0.375020  0.368100  0.372448  0.112125  0.939145  0.427420  0.839921  0.712968  0.498959  0.270746  0.486963  0.832873  0.270283  0.812908  0.785858  0.904646  0.407815  0.370577  0.881553  0.883672  0.738391  0.409989  0.844690  0.808682 
21  0.613922  0.810002  0.897947  0.813664  0.421919  0.815425  0.834804  0.800076  0.729217  0.418684  0.686727  0.885589  0.711816  0.514174  0.699929  0.630730  0.875775  0.722571  0.733607  0.820896  0.529320 0.0  0.408647  0.196099  0.857507  0.251964  0.717220  0.824135  0.777192  0.498187  0.424816  0.302097  0.370997  0.263463  0.411404  0.355586  0.415298  0.308295  0.209578  0.299123  0.334624  0.477268  0.781052  0.513314  0.681535  0.707928  0.465576  0.455125  0.257835  0.850139  0.458116  0.698631  0.836998  0.736934  0.520556  0.357250  0.741496  0.770275  0.699008  0.283974  0.736762  0.727801 
22  0.813361  0.791153  0.819743  0.754024  0.081006  0.894075  0.820502  0.822125  0.775434  0.523445  0.691714  0.701427  0.760259  0.542651  0.762347  0.562785  0.754963  0.694948  0.831111  0.894308  0.303750  0.408647 0.0  0.385206  0.807326  0.348254  0.715064  0.697402  0.861538  0.408173  0.190241  0.512249  0.339686  0.349423  0.369704  0.512558  0.353815  0.437829  0.383355  0.474922  0.417501  0.200812  0.911996  0.411410  0.846450  0.803638  0.354573  0.193531  0.408149  0.825649  0.262676  0.793553  0.723130  0.728046  0.425142  0.338144  0.770597  0.713770  0.734582  0.374772  0.795286  0.777141 
23  0.672650  0.751502  0.899367  0.758547  0.415704  0.738866  0.837760  0.853798  0.632553  0.500409  0.750837  0.714318  0.705680  0.260660  0.856094  0.480095  0.740448  0.677943  0.801374  0.884458  0.404866  0.196099  0.385206 0.0  0.651809  0.308575  0.663755  0.718568  0.853619  0.399200  0.445830  0.351959  0.426352  0.124446  0.442225  0.331070  0.339166  0.314605  0.169751  0.270564  0.314953  0.538514  0.820745  0.491588  0.902702  0.921681  0.482492  0.256510  0.291202  0.762135  0.334194  0.843611  0.795901  0.651698  0.390013  0.358742  0.715541  0.738259  0.714036  0.261484  0.804134  0.878762 
24  0.776148  0.143513  0.620424  0.291006  0.766373  0.328369  0.295929  0.249330  0.708499  0.680455  0.776486  0.841300  0.730091  0.735406  0.572176  0.461876  0.747086  0.786525  0.709344  0.721505  0.778749  0.857507  0.807326  0.651809 0.0  0.796869  0.784977  0.734183  0.679848  0.777619  0.735348  0.714584  0.696821  0.767155  0.684305  0.655136  0.702131  0.811580  0.794681  0.784629  0.793162  0.773952  0.269094  0.856107  0.772178  0.819058  0.754392  0.658303  0.886208  0.683333  0.737430  0.793105  0.640438  0.739447  0.815438  0.836902  0.535164  0.653537  0.712247  0.751205  0.856254  0.883126 
25  0.740685  0.878485  0.814754  0.802868  0.356797  0.814129  0.733438  0.792123  0.726918  0.485385  0.731905  0.682955  0.652438  0.336941  0.856272  0.522537  0.727930  0.690197  0.797460  0.900973  0.398827  0.251964  0.348254  0.308575  0.796869 0.0  0.651495  0.795638  0.856119  0.316395  0.387736  0.266427  0.439151  0.220305  0.315549  0.409411  0.202965  0.302578  0.201013  0.233412  0.171705  0.290660  0.806841  0.425703  0.746666  0.814600  0.489088  0.321581  0.281644  0.786443  0.381589  0.753773  0.855564  0.823690  0.369042  0.225313  0.794618  0.819741  0.748804  0.190273  0.804558  0.879171 
26  0.358904  0.733533  0.590599  0.729820  0.715008  0.673209  0.715044  0.705852  0.354256  0.701052  0.817179  0.850333  0.193970  0.634244  0.518830  0.713979  0.347595  0.456893  0.714408  0.556465  0.654658  0.717220  0.715064  0.663755  0.784977  0.651495 0.0  0.728251  0.414691  0.699538  0.703603  0.708793  0.763131  0.695492  0.654630  0.731102  0.688669  0.634935  0.607283  0.638211  0.820417  0.661618  0.740762  0.684959  0.434157  0.386793  0.719657  0.763660  0.679111  0.366293  0.789186  0.444855  0.522796  0.385920  0.693396  0.657240  0.508133  0.621463  0.776640  0.767660  0.718120  0.611559 
27  0.680953  0.636788  0.784671  0.849129  0.793973  0.756491  0.743842  0.636590  0.767397  0.721498  0.259928  0.349954  0.736110  0.710255  0.886895  0.558288  0.842281  0.743745  0.923573  0.917115  0.767731  0.824135  0.697402  0.718568  0.734183  0.795638  0.728251 0.0  0.932925  0.712060  0.693683  0.728791  0.750739  0.766737  0.682401  0.697250  0.703073  0.780655  0.770407  0.661604  0.742944  0.682001  0.727170  0.759177  0.824579  0.657414  0.603385  0.637920  0.654980  0.885815  0.744760  0.754130  0.955940  0.756398  0.868369  0.668646  0.824224  0.716195  0.405373  0.739638  0.815113  0.812644 
28  0.559530  0.626168  0.691733  0.627524  0.716266  0.535976  0.754955  0.693906  0.333034  0.664850  0.869472  0.834836  0.437740  0.773373  0.661177  0.720768  0.469151  0.681657  0.667137  0.687569  0.816508  0.777192  0.861538  0.853619  0.679848  0.856119  0.414691  0.932925 0.0  0.757984  0.729833  0.774242  0.854845  0.858379  0.750247  0.859262  0.746195  0.880910  0.811629  0.767902  0.805609  0.772358  0.591478  0.789277  0.602318  0.575268  0.753267  0.775678  0.763981  0.427675  0.876507  0.483610  0.612146  0.419441  0.641810  0.826151  0.694457  0.687748  0.808578  0.800766  0.553943  0.552753 
29  0.577687  0.811592  0.797302  0.766217  0.340503  0.797475  0.725031  0.890949  0.692790  0.366490  0.731571  0.740760  0.642688  0.322529  0.796727  0.574229  0.531606  0.655014  0.880454  0.749580  0.208022  0.498187  0.408173  0.399200  0.777619  0.316395  0.699538  0.712060  0.757984 0.0  0.306624  0.520943  0.268875  0.330242  0.370368  0.413697  0.406227  0.456736  0.359363  0.333933  0.415766  0.323327  0.802344  0.417413  0.625851  0.551133  0.530819  0.458211  0.350040  0.604402  0.424640  0.661183  0.791639  0.522023  0.469783  0.388147  0.718456  0.794102  0.682229  0.372716  0.739347  0.917278 
30  0.731834  0.755836  0.786499  0.714935  0.320188  0.825103  0.834142  0.852971  0.601969  0.426205  0.769990  0.834014  0.684286  0.487187  0.792535  0.649611  0.812417  0.644739  0.813066  0.830842  0.317144  0.424816  0.190241  0.445830  0.735348  0.387736  0.703603  0.693683  0.729833  0.306624 0.0  0.550377  0.366462  0.411852  0.356235  0.501161  0.468791  0.516414  0.397404  0.454271  0.438366  0.301941  0.795966  0.416066  0.673481  0.816435  0.257920  0.256382  0.538006  0.786511  0.343648  0.845708  0.757644  0.844975  0.220394  0.295587  0.808913  0.811453  0.632686  0.390086  0.741526  0.886372 
31  0.702792  0.749874  0.792144  0.801919  0.559602  0.837445  0.767696  0.778458  0.730683  0.318984  0.706252  0.748221  0.751825  0.186488  0.880603  0.679298  0.756898  0.715451  0.796404  0.914910  0.512894  0.302097  0.512249  0.351959  0.714584  0.266427  0.708793  0.728791  0.774242  0.520943  0.550377 0.0  0.416220  0.320142  0.319738  0.278208  0.228574  0.200286  0.440050  0.321200  0.368319  0.631040  0.825460  0.256005  0.953019  0.767423  0.445883  0.558318  0.331004  0.792048  0.543226  0.808011  0.858335  0.795751  0.586064  0.408160  0.818883  0.803748  0.663156  0.270154  0.910203  0.834147 
32  0.607717  0.683821  0.811936  0.910651  0.346057  0.784443  0.689903  0.760766  0.668646  0.354847  0.733427  0.823547  0.660410  0.366786  0.787021  0.581107  0.678003  0.739839  0.749874  0.774872  0.538043  0.370997  0.339686  0.426352  0.696821  0.439151  0.763131  0.750739  0.854845  0.268875  0.366462  0.416220 0.0  0.317378  0.290482  0.448723  0.478625  0.277817  0.508856  0.481386  0.370443  0.337381  0.828852  0.476044  0.633077  0.605854  0.522408  0.266465  0.515242  0.671609  0.499278  0.673801  0.823282  0.641313  0.354241  0.367668  0.821158  0.704548  0.790049  0.383788  0.722218  0.750524 
33  0.712231  0.764460  0.912774  0.824581  0.439741  0.829374  0.770196  0.919310  0.763119  0.568495  0.790730  0.774872  0.792091  0.361823  0.860639  0.475928  0.761425  0.665746  0.841236  0.877721  0.391509  0.263463  0.349423  0.124446  0.767155  0.220305  0.695492  0.766737  0.858379  0.330242  0.411852  0.320142  0.317378 0.0  0.268437  0.288401  0.306942  0.323054  0.188337  0.159886  0.291693  0.349044  0.825406  0.461724  0.807238  0.812597  0.465728  0.397233  0.120432  0.783847  0.337774  0.858653  0.779060  0.768041  0.561583  0.301094  0.795672  0.849442  0.776783  0.273278  0.729849  0.868198 
34  0.666013  0.782487  0.668319  0.593731  0.287991  0.750258  0.703733  0.677196  0.687232  0.354289  0.623220  0.717229  0.714785  0.335374  0.823470  0.469249  0.737426  0.710650  0.815891  0.840205  0.349623  0.411404  0.369704  0.442225  0.684305  0.315549  0.654630  0.682401  0.750247  0.370368  0.356235  0.319738  0.290482  0.268437 0.0  0.342174  0.281440  0.274687  0.312840  0.354236  0.303982  0.319266  0.794026  0.455758  0.744002  0.698588  0.416048  0.367873  0.355203  0.687850  0.438776  0.706726  0.709792  0.687720  0.442872  0.309010  0.664582  0.624947  0.674768  0.312211  0.717700  0.613036 
35  0.670622  0.771898  0.719927  0.829672  0.502135  0.807126  0.755428  0.841735  0.642532  0.368544  0.799904  0.791063  0.537607  0.245328  0.815247  0.624479  0.797143  0.771927  0.728382  0.857886  0.459483  0.355586  0.512558  0.331070  0.655136  0.409411  0.731102  0.697250  0.859262  0.413697  0.501161  0.278208  0.448723  0.288401  0.342174 0.0  0.363352  0.149422  0.377296  0.469811  0.345154  0.500355  0.751102  0.417535  0.766514  0.803536  0.253834  0.414362  0.390374  0.758155  0.409632  0.843442  0.750562  0.704315  0.547111  0.303544  0.815640  0.876216  0.789170  0.353235  0.842846  0.731641 
36  0.643713  0.705416  0.825888  0.762580  0.362450  0.749350  0.823696  0.706715  0.758850  0.470869  0.786829  0.724503  0.616395  0.348830  0.782174  0.590941  0.780536  0.610159  0.794799  0.900926  0.533564  0.415298  0.353815  0.339166  0.702131  0.202965  0.688669  0.703073  0.746195  0.406227  0.468791  0.228574  0.478625  0.306942  0.281440  0.363352 0.0  0.352129  0.225326  0.291047  0.280366  0.481494  0.832264  0.524617  0.755155  0.871543  0.526528  0.452997  0.201826  0.808128  0.380016  0.813971  0.893555  0.784922  0.507885  0.142754  0.795859  0.811230  0.778063  0.137853  0.832520  0.876889 
37  0.793680  0.636041  0.825146  0.818671  0.470011  0.835623  0.737831  0.681358  0.729710  0.372006  0.670217  0.780505  0.762936  0.117893  0.729005  0.523257  0.768471  0.687058  0.777534  0.741441  0.463461  0.308295  0.437829  0.314605  0.811580  0.302578  0.634935  0.780655  0.880910  0.456736  0.516414  0.200286  0.277817  0.323054  0.274687  0.149422  0.352129 0.0  0.337798  0.334419  0.225243  0.471058  0.752089  0.338724  0.782585  0.774443  0.212517  0.399997  0.226377  0.736469  0.500636  0.785408  0.787830  0.776219  0.513725  0.291516  0.822635  0.639044  0.751962  0.405083  0.831991  0.793069 
38  0.733776  0.875972  0.746006  0.795166  0.436811  0.828494  0.789541  0.770977  0.793324  0.424926  0.721374  0.835069  0.624315  0.314174  0.829005  0.531899  0.851080  0.620495  0.707715  0.724856  0.375020  0.209578  0.383355  0.169751  0.794681  0.201013  0.607283  0.770407  0.811629  0.359363  0.397404  0.440050  0.508856  0.188337  0.312840  0.377296  0.225326  0.337798 0.0  0.277164  0.213136  0.452885  0.791044  0.545581  0.687517  0.689248  0.401619  0.490391  0.222466  0.740428  0.514746  0.812391  0.844630  0.749187  0.421671  0.193429  0.728172  0.857254  0.809999  0.282194  0.730314  0.767348 
39  0.702159  0.732295  0.824718  0.765458  0.280064  0.810428  0.869386  0.744118  0.779259  0.487822  0.851196  0.762066  0.758450  0.361360  0.872323  0.580872  0.686188  0.605566  0.846540  0.743165  0.368100  0.299123  0.474922  0.270564  0.784629  0.233412  0.638211  0.661604  0.767902  0.333933  0.454271  0.321200  0.481386  0.159886  0.354236  0.469811  0.291047  0.334419  0.277164 0.0  0.214577  0.312587  0.808486  0.418522  0.754554  0.749659  0.445278  0.382438  0.204290  0.763570  0.379373  0.854864  0.836484  0.811386  0.565921  0.226694  0.728671  0.738222  0.652744  0.146573  0.817215  0.861203 
40  0.667438  0.804674  0.914748  0.762672  0.457384  0.850809  0.805420  0.857654  0.752504  0.578578  0.689362  0.709099  0.701134  0.301811  0.827628  0.638362  0.813348  0.736117  0.820962  0.961976  0.372448  0.334624  0.417501  0.314953  0.793162  0.171705  0.820417  0.742944  0.805609  0.415766  0.438366  0.368319  0.370443  0.291693  0.303982  0.345154  0.280366  0.225243  0.213136  0.214577 0.0  0.484347  0.807797  0.556315  0.722292  0.676609  0.555328  0.359080  0.173739  0.826996  0.457065  0.847494  0.821502  0.765061  0.418728  0.257194  0.668433  0.823674  0.736890  0.245840  0.819805  0.974319 
41  0.674548  0.676208  0.893918  0.817654  0.175617  0.884285  0.834393  0.776742  0.893860  0.609974  0.743773  0.772781  0.669847  0.523272  0.948867  0.453469  0.784354  0.682345  0.731731  0.932037  0.112125  0.477268  0.200812  0.538514  0.773952  0.290660  0.661618  0.682001  0.772358  0.323327  0.301941  0.631040  0.337381  0.349044  0.319266  0.500355  0.481494  0.471058  0.452885  0.312587  0.484347 0.0  0.843247  0.364959  0.785513  0.862659  0.305149  0.309083  0.382578  0.834372  0.104094  0.869079  0.908554  0.862698  0.390926  0.480615  0.880394  0.897552  0.731250  0.382509  0.842561  0.796594 
42  0.668304  0.417749  0.604424  0.338199  0.832856  0.426560  0.198988  0.371481  0.684104  0.775567  0.740621  0.737168  0.628713  0.806153  0.576526  0.472666  0.675499  0.741272  0.805961  0.878489  0.939145  0.781052  0.911996  0.820745  0.269094  0.806841  0.740762  0.727170  0.591478  0.802344  0.795966  0.825460  0.828852  0.825406  0.794026  0.751102  0.832264  0.752089  0.791044  0.808486  0.807797  0.843247 0.0  0.777449  0.754696  0.685313  0.735541  0.783868  0.746084  0.738221  0.856092  0.726255  0.672856  0.625252  0.765877  0.714878  0.529154  0.613473  0.810735  0.833075  0.751647  0.844164 
43  0.690843  0.870436  0.794435  0.777178  0.307318  0.899213  0.758656  0.759357  0.644512  0.329085  0.842420  0.771326  0.730781  0.258482  0.879019  0.692704  0.726489  0.716996  0.875582  0.906455  0.427420  0.513314  0.411410  0.491588  0.856107  0.425703  0.684959  0.759177  0.789277  0.417413  0.416066  0.256005  0.476044  0.461724  0.455758  0.417535  0.524617  0.338724  0.545581  0.418522  0.556315  0.364959  0.777449 0.0  0.720995  0.621182  0.148698  0.472996  0.462412  0.758654  0.342586  0.776632  0.865005  0.729466  0.342734  0.653508  0.801623  0.700379  0.705302  0.324172  0.722464  0.739600 
44  0.189448  0.764925  0.772067  0.713669  0.858203  0.757003  0.749305  0.749282  0.459546  0.610985  0.747248  0.826862  0.387722  0.846768  0.825624  0.577034  0.201883  0.680920  0.753873  0.695756  0.839921  0.681535  0.846450  0.902702  0.772178  0.746666  0.434157  0.824579  0.602318  0.625851  0.673481  0.953019  0.633077  0.807238  0.744002  0.766514  0.755155  0.782585  0.687517  0.754554  0.722292  0.785513  0.754696  0.720995 0.0  0.218093  0.867524  0.671252  0.814547  0.375664  0.812036  0.376647  0.696792  0.403431  0.708486  0.734691  0.716300  0.688983  0.794428  0.728217  0.793330  0.741348 
45  0.278744  0.843050  0.838257  0.667553  0.716460  0.692716  0.778854  0.795285  0.544448  0.672445  0.854467  0.916038  0.384727  0.693913  0.817085  0.668075  0.366553  0.645068  0.721063  0.663779  0.712968  0.707928  0.803638  0.921681  0.819058  0.814600  0.386793  0.657414  0.575268  0.551133  0.816435  0.767423  0.605854  0.812597  0.698588  0.803536  0.871543  0.774443  0.689248  0.749659  0.676609  0.862659  0.685313  0.621182  0.218093 0.0  0.805450  0.741885  0.830272  0.390880  0.835198  0.371446  0.770054  0.418754  0.727689  0.682268  0.772816  0.781120  0.802429  0.730780  0.681392  0.725254 
46  0.701099  0.772467  0.833690  0.756591  0.315986  0.864165  0.845837  0.745147  0.735490  0.454150  0.735878  0.842985  0.679062  0.441428  0.787823  0.510031  0.848763  0.775504  0.738428  0.846239  0.498959  0.465576  0.354573  0.482492  0.754392  0.489088  0.719657  0.603385  0.753267  0.530819  0.257920  0.445883  0.522408  0.465728  0.416048  0.253834  0.526528  0.212517  0.401619  0.445278  0.555328  0.305149  0.735541  0.148698  0.867524  0.805450 0.0  0.403559  0.476657  0.709440  0.332615  0.712290  0.729093  0.895266  0.326509  0.617591  0.792529  0.802079  0.689924  0.546451  0.833414  0.812704 
47  0.695104  0.800704  0.699100  0.653543  0.240931  0.948782  0.785397  0.719444  0.702847  0.519474  0.697755  0.759770  0.693694  0.491158  0.797950  0.590209  0.749148  0.767843  0.876106  0.908645  0.270746  0.455125  0.193531  0.256510  0.658303  0.321581  0.763660  0.637920  0.775678  0.458211  0.256382  0.558318  0.266465  0.397233  0.367873  0.414362  0.452997  0.399997  0.490391  0.382438  0.359080  0.309083  0.783868  0.472996  0.671252  0.741885  0.403559 0.0  0.372471  0.827973  0.257717  0.757411  0.811661  0.863686  0.301847  0.340102  0.877858  0.816910  0.728514  0.336262  0.843929  0.926361 
48  0.747023  0.779011  0.809978  0.726390  0.433794  0.809764  0.852279  0.670056  0.795166  0.598942  0.734250  0.738335  0.667288  0.408190  0.925203  0.492421  0.786821  0.719787  0.969556  0.836822  0.486963  0.257835  0.408149  0.291202  0.886208  0.281644  0.679111  0.654980  0.763981  0.350040  0.538006  0.331004  0.515242  0.120432  0.355203  0.390374  0.201826  0.226377  0.222466  0.204290  0.173739  0.382578  0.746084  0.462412  0.814547  0.830272  0.476657  0.372471 0.0  0.801511  0.402707  0.922125  0.774797  0.834209  0.555646  0.284610  0.811986  0.727095  0.733860  0.214097  0.767439  0.867822 
49  0.365788  0.759473  0.612050  0.783569  0.883030  0.682131  0.702358  0.715160  0.361000  0.698265  0.827998  0.773762  0.507102  0.839227  0.633396  0.663256  0.299232  0.734576  0.623716  0.643012  0.832873  0.850139  0.825649  0.762135  0.683333  0.786443  0.366293  0.885815  0.427675  0.604402  0.786511  0.792048  0.671609  0.783847  0.687850  0.758155  0.808128  0.736469  0.740428  0.763570  0.826996  0.834372  0.738221  0.758654  0.375664  0.390880  0.709440  0.827973  0.801511 0.0  0.737161  0.437401  0.766550  0.403770  0.785479  0.786077  0.766738  0.657997  0.964377  0.730956  0.674180  0.708214 
50  0.751798  0.908121  0.974488  0.823460  0.228118  0.860908  0.863028  0.844677  0.764497  0.548125  0.712539  0.684283  0.693374  0.521469  0.920750  0.662169  0.785585  0.756808  0.880392  0.811241  0.270283  0.458116  0.262676  0.334194  0.737430  0.381589  0.789186  0.744760  0.876507  0.424640  0.343648  0.543226  0.499278  0.337774  0.438776  0.409632  0.380016  0.500636  0.514746  0.379373  0.457065  0.104094  0.856092  0.342586  0.812036  0.835198  0.332615  0.257717  0.402707  0.737161 0.0  0.822125  0.784544  0.682977  0.306495  0.465041  0.769009  0.826142  0.690948  0.227955  0.797209  0.878155 
51  0.322052  0.792027  0.658880  0.757936  0.868886  0.745826  0.932628  0.821200  0.431304  0.648655  1.000000  0.975814  0.515343  0.716805  0.681492  0.566581  0.363710  0.692395  0.627320  0.686273  0.812908  0.698631  0.793553  0.843611  0.793105  0.753773  0.444855  0.754130  0.483610  0.661183  0.845708  0.808011  0.673801  0.858653  0.706726  0.843442  0.813971  0.785408  0.812391  0.854864  0.847494  0.869079  0.726255  0.776632  0.376647  0.371446  0.712290  0.757411  0.922125  0.437401  0.822125 0.0  0.644045  0.455658  0.804475  0.814449  0.572915  0.663624  0.855807  0.836004  0.681959  0.605329 
52  0.747682  0.578871  0.249048  0.511079  0.846263  0.479689  0.587518  0.618914  0.546367  0.866982  0.815921  0.842605  0.575299  0.788427  0.162253  0.653260  0.736728  0.418288  0.775271  0.793226  0.785858  0.836998  0.723130  0.795901  0.640438  0.855564  0.522796  0.955940  0.612146  0.791639  0.757644  0.858335  0.823282  0.779060  0.709792  0.750562  0.893555  0.787830  0.844630  0.836484  0.821502  0.908554  0.672856  0.865005  0.696792  0.770054  0.729093  0.811661  0.774797  0.766550  0.784544  0.644045 0.0  0.736760  0.851671  0.776861  0.334565  0.342553  0.834438  0.843635  0.685671  0.901932 
53  0.417354  0.834172  0.832361  0.762465  0.781269  0.754518  0.727535  0.670712  0.378605  0.579582  0.812538  0.810704  0.408208  0.691259  0.714998  0.599585  0.332624  0.621372  0.790948  0.724349  0.904646  0.736934  0.728046  0.651698  0.739447  0.823690  0.385920  0.756398  0.419441  0.522023  0.844975  0.795751  0.641313  0.768041  0.687720  0.704315  0.784922  0.776219  0.749187  0.811386  0.765061  0.862698  0.625252  0.729466  0.403431  0.418754  0.895266  0.863686  0.834209  0.403770  0.682977  0.455658  0.736760 0.0  0.795341  0.809614  0.664162  0.754210  0.848184  0.864131  0.784553  0.741787 
54  0.697861  0.744593  0.762014  0.829502  0.351846  0.864672  0.805671  0.812418  0.679407  0.538103  0.834387  0.870357  0.674885  0.486111  0.798068  0.568765  0.768745  0.664924  0.979649  0.811710  0.407815  0.520556  0.425142  0.390013  0.815438  0.369042  0.693396  0.868369  0.641810  0.469783  0.220394  0.586064  0.354241  0.561583  0.442872  0.547111  0.507885  0.513725  0.421671  0.565921  0.418728  0.390926  0.765877  0.342734  0.708486  0.727689  0.326509  0.301847  0.555646  0.785479  0.306495  0.804475  0.851671  0.795341 0.0  0.464150  0.789160  0.697236  0.680392  0.481494  0.816384  0.792450 
55  0.696475  0.766090  0.840738  0.708346  0.366190  0.744299  0.783076  0.797335  0.766374  0.533300  0.661190  0.819111  0.644494  0.441838  0.795754  0.446334  0.685391  0.742622  0.815790  0.843717  0.370577  0.357250  0.338144  0.358742  0.836902  0.225313  0.657240  0.668646  0.826151  0.388147  0.295587  0.408160  0.367668  0.301094  0.309010  0.303544  0.142754  0.291516  0.193429  0.226694  0.257194  0.480615  0.714878  0.653508  0.734691  0.682268  0.617591  0.340102  0.284610  0.786077  0.465041  0.814449  0.776861  0.809614  0.464150 0.0  0.728055  0.926400  0.618892  0.247571  0.886816  0.868990 
56  0.804434  0.596501  0.317406  0.559189  0.775915  0.530923  0.575533  0.541627  0.609730  0.794194  0.790503  0.814625  0.616268  0.789797  0.297184  0.458928  0.785271  0.515455  0.685369  0.744318  0.881553  0.741496  0.770597  0.715541  0.535164  0.794618  0.508133  0.824224  0.694457  0.718456  0.808913  0.818883  0.821158  0.795672  0.664582  0.815640  0.795859  0.822635  0.728172  0.728671  0.668433  0.880394  0.529154  0.801623  0.716300  0.772816  0.792529  0.877858  0.811986  0.766738  0.769009  0.572915  0.334565  0.664162  0.789160  0.728055 0.0  0.213748  0.813913  0.719651  0.786170  0.700508 
57  0.794127  0.566188  0.350854  0.620003  0.829339  0.617705  0.653103  0.648126  0.661692  0.754944  0.803040  0.849247  0.450912  0.854232  0.409710  0.519497  0.850683  0.568932  0.742015  0.816694  0.883672  0.770275  0.713770  0.738259  0.653537  0.819741  0.621463  0.716195  0.687748  0.794102  0.811453  0.803748  0.704548  0.849442  0.624947  0.876216  0.811230  0.639044  0.857254  0.738222  0.823674  0.897552  0.613473  0.700379  0.688983  0.781120  0.802079  0.816910  0.727095  0.657997  0.826142  0.663624  0.342553  0.754210  0.697236  0.926400  0.213748 0.0  0.831488  0.913284  0.702055  0.778070 
58  0.687474  0.752858  0.840684  0.690885  0.673317  0.767362  0.885891  0.660727  0.710778  0.779540  0.400641  0.429859  0.859002  0.657424  0.740908  0.516478  0.880270  0.706936  0.867876  0.795501  0.738391  0.699008  0.734582  0.714036  0.712247  0.748804  0.776640  0.405373  0.808578  0.682229  0.632686  0.663156  0.790049  0.776783  0.674768  0.789170  0.778063  0.751962  0.809999  0.652744  0.736890  0.731250  0.810735  0.705302  0.794428  0.802429  0.689924  0.728514  0.733860  0.964377  0.690948  0.855807  0.834438  0.848184  0.680392  0.618892  0.813913  0.831488 0.0  0.740923  0.754254  0.849506 
59  0.667335  0.785818  0.879140  0.715173  0.291638  0.804110  0.841042  0.856476  0.794947  0.538878  0.837977  0.779082  0.829669  0.265658  0.811885  0.545275  0.825854  0.719584  0.880838  0.814925  0.409989  0.283974  0.374772  0.261484  0.751205  0.190273  0.767660  0.739638  0.800766  0.372716  0.390086  0.270154  0.383788  0.273278  0.312211  0.353235  0.137853  0.405083  0.282194  0.146573  0.245840  0.382509  0.833075  0.324172  0.728217  0.730780  0.546451  0.336262  0.214097  0.730956  0.227955  0.836004  0.843635  0.864131  0.481494  0.247571  0.719651  0.913284  0.740923 0.0  0.847787  0.817493 
60  0.708260  0.862645  0.714207  0.868035  0.823450  0.869002  0.840094  0.870576  0.382524  0.771460  0.853924  0.895524  0.534552  0.819633  0.764951  0.640751  0.667687  0.385358  0.268136  0.248919  0.844690  0.736762  0.795286  0.804134  0.856254  0.804558  0.718120  0.815113  0.553943  0.739347  0.741526  0.910203  0.722218  0.729849  0.717700  0.842846  0.832520  0.831991  0.730314  0.817215  0.819805  0.842561  0.751647  0.722464  0.793330  0.681392  0.833414  0.843929  0.767439  0.674180  0.797209  0.681959  0.685671  0.784553  0.816384  0.886816  0.786170  0.702055  0.754254  0.847787 0.0  0.107737 
61  0.738407  0.802428  0.666836  0.756209  0.848497  0.928862  0.892256  0.869517  0.525787  0.869784  0.890532  0.905662  0.673234  0.864239  0.722031  0.767113  0.702758  0.278154  0.238938  0.275371  0.808682  0.727801  0.777141  0.878762  0.883126  0.879171  0.611559  0.812644  0.552753  0.917278  0.886372  0.834147  0.750524  0.868198  0.613036  0.731641  0.876889  0.793069  0.767348  0.861203  0.974319  0.796594  0.844164  0.739600  0.741348  0.725254  0.812704  0.926361  0.867822  0.708214  0.878155  0.605329  0.901932  0.741787  0.792450  0.868990  0.700508  0.778070  0.849506  0.817493  0.107737 0.0 
