62
0 0.0  0.782023  0.721011  0.769520  0.610109  0.677022  0.626957  0.755462  0.480966  0.535265  0.867064  0.742336  0.367456  0.627930  0.722867  0.454980  0.238351  0.575441  0.733570  0.720192  0.795915  0.685929  0.730050  0.767852  0.747143  0.737471  0.275744  0.672151  0.442246  0.576891  0.763934  0.745741  0.665435  0.713841  0.718411  0.727282  0.699591  0.681928  0.680857  0.698230  0.634687  0.794612  0.751389  0.737402  0.218615  0.256923  0.681077  0.711945  0.762752  0.316602  0.763332  0.345560  0.743383  0.309221  0.709584  0.743136  0.740208  0.730205  0.826001  0.682607  0.758870  0.680785 
1  0.782023 0.0  0.562473  0.191626  0.661345  0.192791  0.171632  0.228579  0.752007  0.741982  0.585403  0.752625  0.777672  0.805134  0.568206  0.490609  0.697948  0.774031  0.879128  0.848379  0.796131  0.714210  0.761243  0.747494  0.296787  0.846299  0.711905  0.690031  0.660229  0.684577  0.874202  0.736912  0.822954  0.758064  0.635631  0.719229  0.777686  0.692185  0.771501  0.745999  0.725377  0.839531  0.255545  0.755572  0.766818  0.789143  0.769016  0.768806  0.753449  0.815488  0.682687  0.910313  0.572880  0.638164  0.768548  0.665367  0.605055  0.751220  0.724758  0.811379  0.982012  0.863740 
2  0.721011  0.562473 0.0  0.543113  0.910375  0.707643  0.700583  0.589917  0.736110  0.747384  0.844781  0.983136  0.527707  0.846021  0.318898  0.498358  0.681494  0.532902  0.803134  0.720107  0.839971  0.809843  0.813144  0.865497  0.670856  0.848698  0.520447  0.793322  0.673913  0.807627  0.803427  0.957192  0.816768  0.795926  0.736914  0.819701  0.891095  0.839890  0.880509  0.798771  0.749122  1.000000  0.679991  0.794193  0.792559  0.733701  0.745158  0.841453  0.886647  0.661155  0.876069  0.797631  0.238719  0.780298  0.828678  0.852375  0.304401  0.318723  0.865361  0.772438  0.755290  0.741965 
3  0.769520  0.191626  0.543113 0.0  0.703441  0.114738  0.152516  0.176532  0.692760  0.758256  0.706578  0.727767  0.698402  0.813477  0.628682  0.561647  0.744844  0.735409  0.728182  0.871624  0.762792  0.750997  0.838066  0.909186  0.255063  0.824417  0.697584  0.728681  0.611312  0.707608  0.721573  0.694717  0.778695  0.715187  0.660768  0.736212  0.785474  0.733004  0.799672  0.793053  0.799512  0.753925  0.369211  0.777348  0.685247  0.685002  0.758469  0.738903  0.901769  0.714898  0.739443  0.653860  0.578005  0.683260  0.743991  0.828443  0.624056  0.572614  0.727375  0.905413  0.738281  0.825470 
4  0.610109  0.661345  0.910375  0.703441 0.0  0.791345  0.847101  0.832325  0.698580  0.573851  0.811208  0.790941  0.654506  0.523063  0.878606  0.514476  0.772201  0.672930  0.888903  0.959902  0.145972  0.498565  0.213973  0.345977  0.698560  0.382410  0.669002  0.678395  0.925828  0.256115  0.423937  0.484942  0.390264  0.469009  0.281372  0.454300  0.366972  0.525481  0.470834  0.327281  0.319819  0.121239  0.855774  0.437727  0.820015  0.832356  0.370631  0.278455  0.393163  0.833109  0.207156  0.939304  0.720558  0.844648  0.333971  0.339806  0.803235  0.773175  0.802227  0.457218  0.855765  0.924378 
5  0.677022  0.192791  0.707643  0.114738  0.791345 0.0  0.173832  0.105518  0.658733  0.757236  0.735498  0.826487  0.727837  0.834430  0.597967  0.524540  0.688059  0.628911  0.741298  0.828559  0.891473  0.832692  0.900882  0.860736  0.339019  0.953179  0.668361  0.744152  0.610355  0.716234  0.837501  0.772998  0.870526  0.823691  0.659018  0.751864  0.700428  0.746828  0.719067  0.831632  0.788354  0.860353  0.309741  0.784492  0.726654  0.878192  0.810932  0.831337  0.773357  0.647964  0.755841  0.791751  0.484886  0.694153  0.824187  0.837087  0.550539  0.598273  0.680534  0.776984  0.826136  0.859994 
6  0.626957  0.171632  0.700583  0.152516  0.847101  0.173832 0.0  0.219603  0.634042  0.623569  0.710314  0.818377  0.723555  0.829176  0.655728  0.506676  0.792826  0.773172  0.784388  0.767064  0.916156  0.835576  0.759904  0.799750  0.163408  0.741605  0.753549  0.681897  0.691738  0.742611  0.833172  0.854790  0.733962  0.763426  0.637127  0.901736  0.753192  0.715316  0.766997  0.761325  0.774976  0.855868  0.246016  0.848046  0.705861  0.720993  0.734998  0.743123  0.783374  0.886804  0.838602  0.776030  0.584149  0.806108  0.890931  0.787064  0.558037  0.594152  0.778366  0.907168  0.932533  0.868962 
7  0.755462  0.228579  0.589917  0.176532  0.832325  0.105518  0.219603 0.0  0.669802  0.763205  0.754285  0.778486  0.628902  0.832661  0.664424  0.458730  0.759785  0.720533  0.759602  0.962268  0.823101  0.780472  0.981843  0.754874  0.234704  0.785107  0.724930  0.753181  0.695852  0.763852  0.841984  0.761577  0.764119  0.781844  0.681858  0.826936  0.768391  0.795859  0.786667  0.735686  0.771228  0.762654  0.335785  0.889257  0.779020  0.815235  0.839575  0.691471  0.774202  0.682089  0.777186  0.813288  0.595540  0.804369  0.885631  0.868834  0.454539  0.688381  0.857312  0.851572  0.807440  0.762414 
8  0.480966  0.752007  0.736110  0.692760  0.698580  0.658733  0.634042  0.669802 0.0  0.804837  0.808182  0.822075  0.452812  0.711513  0.763383  0.674161  0.509813  0.607107  0.452479  0.475009  0.759414  0.624508  0.788566  0.766098  0.772046  0.735287  0.368795  0.843057  0.378981  0.707897  0.690384  0.778984  0.649973  0.733002  0.719152  0.654089  0.809695  0.673575  0.715902  0.745125  0.769624  0.693919  0.678143  0.732485  0.431742  0.546507  0.707488  0.846430  0.734570  0.479128  0.747601  0.366574  0.672577  0.384682  0.565175  0.619814  0.549494  0.654549  0.820320  0.786914  0.455399  0.469448 
9  0.535265  0.741982  0.747384  0.758256  0.573851  0.757236  0.623569  0.763205  0.804837 0.0  0.676953  0.687081  0.663440  0.319175  0.785546  0.612212  0.498233  0.641915  0.825057  0.731287  0.466918  0.481396  0.491628  0.606447  0.720748  0.464020  0.708140  0.708282  0.749295  0.306827  0.446214  0.438798  0.426530  0.489027  0.363657  0.371454  0.527150  0.361236  0.408357  0.472395  0.541232  0.490296  0.845415  0.253075  0.387374  0.542338  0.332118  0.462461  0.343116  0.514240  0.522497  0.658064  0.814903  0.623840  0.566727  0.400550  0.770305  0.759958  0.731696  0.429048  0.765164  0.831765 
10  0.867064  0.585403  0.844781  0.706578  0.811208  0.735498  0.710314  0.754285  0.808182  0.676953 0.0  0.194682  0.856162  0.701232  0.815018  0.649406  0.795640  0.741133  0.872032  0.927030  0.752161  0.770357  0.701032  0.650562  0.653349  0.786258  0.706968  0.350333  0.803816  0.716529  0.758403  0.824214  0.678634  0.820743  0.660866  0.654099  0.703482  0.683580  0.830926  0.762891  0.725423  0.726005  0.748686  0.828845  0.889498  0.857224  0.757270  0.675551  0.828369  0.795649  0.702606  0.838152  0.798674  0.838942  0.801676  0.765436  0.624349  0.816377  0.491874  0.667177  0.832759  0.806550 
11  0.742336  0.752625  0.983136  0.727767  0.790941  0.826487  0.818377  0.778486  0.822075  0.687081  0.194682 0.0  0.779663  0.738548  0.841638  0.640940  0.842312  0.800017  0.853349  0.915979  0.849692  0.784115  0.763880  0.783557  0.857257  0.735285  0.829775  0.359091  0.895041  0.876587  0.755923  0.831484  0.768728  0.784494  0.701284  0.751499  0.768959  0.797346  0.830426  0.731090  0.747450  0.749485  0.772140  0.673112  0.847261  0.825135  0.893721  0.816738  0.761735  0.902186  0.901256  0.896694  0.837314  0.911232  0.743905  0.799022  0.833404  0.785233  0.433526  0.845373  0.853026  0.914855 
12  0.367456  0.777672  0.527707  0.698402  0.654506  0.727837  0.723555  0.628902  0.452812  0.663440  0.856162  0.779663 0.0  0.715412  0.495933  0.612470  0.394750  0.488069  0.676992  0.592441  0.672150  0.593731  0.760258  0.762559  0.709949  0.681026  0.202802  0.744681  0.373183  0.709817  0.667040  0.725524  0.666826  0.710155  0.643313  0.573438  0.728013  0.605819  0.672032  0.668425  0.716238  0.765916  0.787320  0.644765  0.369427  0.453063  0.700108  0.684272  0.733677  0.496620  0.738226  0.532019  0.581918  0.319607  0.626210  0.639880  0.583107  0.468350  0.642775  0.708598  0.675405  0.600427 
13  0.627930  0.805134  0.846021  0.813477  0.523063  0.834430  0.829176  0.832661  0.711513  0.319175  0.701232  0.738548  0.715412 0.0  0.847089  0.528114  0.724551  0.713660  0.894016  0.786145  0.524255  0.385649  0.422370  0.282726  0.674084  0.297313  0.696251  0.738373  0.822003  0.545917  0.492910  0.235492  0.491895  0.348082  0.301673  0.262550  0.418575  0.281926  0.392388  0.402160  0.321018  0.505975  0.789832  0.276497  0.754672  0.810629  0.446318  0.439499  0.334942  0.875412  0.419414  0.668094  0.876422  0.679366  0.577528  0.297405  0.896420  0.889906  0.673775  0.250884  0.870567  0.824374 
14  0.722867  0.568206  0.318898  0.628682  0.878606  0.597967  0.655728  0.664424  0.763383  0.785546  0.815018  0.841638  0.495933  0.847089 0.0  0.577351  0.796065  0.532842  0.632561  0.931026  0.933757  0.864703  0.856741  0.762459  0.633233  0.841945  0.608959  0.873344  0.697388  0.759831  0.861043  0.739128  0.924532  0.820822  0.711981  0.859308  0.769541  0.854658  0.699218  0.895804  0.852544  0.880525  0.642728  0.885501  0.662380  0.738105  0.853540  0.880465  0.800356  0.753761  0.859660  0.787990  0.081364  0.711280  0.708124  0.889192  0.320330  0.298372  0.776995  0.769498  0.650703  0.717654 
15  0.454980  0.490609  0.498358  0.561647  0.514476  0.524540  0.506676  0.458730  0.674161  0.612212  0.649406  0.640940  0.612470  0.528114  0.577351 0.0  0.528356  0.591016  0.600168  0.717773  0.578112  0.703540  0.528409  0.546214  0.533446  0.539283  0.627004  0.584506  0.649302  0.597152  0.631406  0.566968  0.537872  0.544266  0.525612  0.648311  0.574313  0.500018  0.561340  0.584919  0.574794  0.461921  0.585323  0.559412  0.507163  0.577548  0.495322  0.611373  0.650467  0.735425  0.594959  0.613249  0.592370  0.648017  0.683600  0.570285  0.489396  0.627307  0.536372  0.570003  0.614530  0.801388 
16  0.238351  0.697948  0.681494  0.744844  0.772201  0.688059  0.792826  0.759785  0.509813  0.498233  0.795640  0.842312  0.394750  0.724551  0.796065  0.528356 0.0  0.686453  0.661320  0.803986  0.735804  0.858649  0.784982  0.763483  0.736525  0.696189  0.428314  0.770571  0.543080  0.492288  0.806616  0.743162  0.658884  0.767671  0.623060  0.814677  0.705107  0.683058  0.710508  0.772278  0.781120  0.839966  0.780452  0.760464  0.228985  0.330292  0.712190  0.732481  0.751831  0.331405  0.733549  0.343351  0.611772  0.387919  0.743285  0.674131  0.668192  0.719245  0.754488  0.713274  0.782985  0.768194 
17  0.575441  0.774031  0.532902  0.735409  0.672930  0.628911  0.773172  0.720533  0.607107  0.641915  0.741133  0.800017  0.488069  0.713660  0.532842  0.591016  0.686453 0.0  0.425307  0.302704  0.694163  0.722933  0.713719  0.730571  0.679566  0.728999  0.497950  0.793796  0.697350  0.696879  0.723269  0.782474  0.697517  0.571160  0.706162  0.754474  0.696513  0.690613  0.722853  0.749006  0.698828  0.670847  0.746865  0.699588  0.664547  0.584326  0.773526  0.714453  0.769687  0.656245  0.730536  0.685290  0.509819  0.677132  0.740293  0.622305  0.450739  0.409964  0.823155  0.737386  0.329112  0.492736 
18  0.733570  0.879128  0.803134  0.728182  0.888903  0.741298  0.784388  0.759602  0.452479  0.825057  0.872032  0.853349  0.676992  0.894016  0.632561  0.600168  0.661320  0.425307 0.0  0.270365  0.774531  0.728856  0.835286  0.854736  0.775039  0.870786  0.704381  0.902957  0.618953  0.815745  0.814620  0.810764  0.884791  0.813365  0.803023  0.784448  0.776247  0.763144  0.752117  0.823529  0.804888  0.819854  0.801855  0.717056  0.702998  0.667648  0.771806  0.877477  0.795584  0.665355  0.844994  0.578509  0.745834  0.758601  0.825211  0.881342  0.673422  0.697004  0.758594  0.827847  0.105222  0.147260 
19  0.720192  0.848379  0.720107  0.871624  0.959902  0.828559  0.767064  0.962268  0.475009  0.731287  0.927030  0.915979  0.592441  0.786145  0.931026  0.717773  0.803986  0.302704  0.270365 0.0  0.834565  0.801885  0.958090  0.827765  0.830138  0.817597  0.618223  0.927745  0.690414  0.808447  0.739787  0.850206  0.814526  0.890840  0.865191  0.853179  0.802247  0.871964  0.748474  0.828316  0.872474  0.914283  0.865745  0.803485  0.816561  0.674744  0.785907  0.897525  0.742885  0.743371  0.778999  0.780794  0.816724  0.672861  0.831169  0.858989  0.691577  0.782408  0.847551  0.881378  0.286193  0.247837 
20  0.795915  0.796131  0.839971  0.762792  0.145972  0.891473  0.916156  0.823101  0.759414  0.466918  0.752161  0.849692  0.672150  0.524255  0.933757  0.578112  0.735804  0.694163  0.774531  0.834565 0.0  0.405101  0.264602  0.317081  0.807297  0.421936  0.759216  0.706304  0.703083  0.330894  0.379900  0.586388  0.415500  0.407176  0.286118  0.391091  0.354869  0.342361  0.426832  0.338605  0.381259  0.081364  0.790393  0.291451  0.776180  0.725524  0.420468  0.312591  0.535748  0.803080  0.277533  0.902558  0.749573  0.825114  0.369941  0.459205  0.851504  0.858203  0.719350  0.375833  0.778369  0.980976 
21  0.685929  0.714210  0.809843  0.750997  0.498565  0.832692  0.835576  0.780472  0.624508  0.481396  0.770357  0.784115  0.593731  0.385649  0.864703  0.703540  0.858649  0.722933  0.728856  0.801885  0.405101 0.0  0.392839  0.207308  0.786916  0.266760  0.721062  0.778155  0.850804  0.430548  0.291059  0.291481  0.268935  0.320022  0.356527  0.359715  0.186362  0.393620  0.287533  0.245281  0.216525  0.337854  0.879772  0.488336  0.785189  0.775905  0.399314  0.326151  0.217452  0.860310  0.412779  0.726183  0.866172  0.773622  0.389064  0.214503  0.773800  0.662243  0.674290  0.332043  0.740194  0.853571 
22  0.730050  0.761243  0.813144  0.838066  0.213973  0.900882  0.759904  0.981843  0.788566  0.491628  0.701032  0.763880  0.760258  0.422370  0.856741  0.528409  0.784982  0.713719  0.835286  0.958090  0.264602  0.392839 0.0  0.386996  0.896872  0.457141  0.726365  0.768349  0.818777  0.416426  0.177975  0.593277  0.447521  0.346704  0.380689  0.499386  0.450676  0.395388  0.395129  0.406655  0.375348  0.171488  0.878249  0.447229  0.870237  0.867757  0.363939  0.202767  0.304610  0.841394  0.197665  0.901858  0.832736  0.834310  0.435243  0.338966  0.720190  0.786261  0.641817  0.342887  0.793789  0.837591 
23  0.767852  0.747494  0.865497  0.909186  0.345977  0.860736  0.799750  0.754874  0.766098  0.606447  0.650562  0.783557  0.762559  0.282726  0.762459  0.546214  0.763483  0.730571  0.854736  0.827765  0.317081  0.207308  0.386996 0.0  0.736222  0.167070  0.599279  0.699851  0.718736  0.357585  0.436956  0.345966  0.473119  0.154263  0.286241  0.432860  0.301234  0.327448  0.297188  0.285092  0.257377  0.397059  0.812608  0.499871  0.741750  0.739746  0.527581  0.475831  0.175597  0.764220  0.405453  0.863098  0.875011  0.785918  0.471606  0.329588  0.863035  0.709457  0.722340  0.178518  0.840247  0.815357 
24  0.747143  0.296787  0.670856  0.255063  0.698560  0.339019  0.163408  0.234704  0.772046  0.720748  0.653349  0.857257  0.709949  0.674084  0.633233  0.533446  0.736525  0.679566  0.775039  0.830138  0.807297  0.786916  0.896872  0.736222 0.0  0.759899  0.625635  0.790827  0.582303  0.725111  0.735304  0.798343  0.795035  0.705952  0.738037  0.763568  0.786344  0.763229  0.704763  0.721273  0.691198  0.789527  0.374355  0.770591  0.737929  0.887995  0.849929  0.748643  0.760897  0.705543  0.751382  0.708260  0.552166  0.736255  0.790092  0.781893  0.485211  0.568820  0.773401  0.754167  0.862214  0.905040 
25  0.737471  0.846299  0.848698  0.824417  0.382410  0.953179  0.741605  0.785107  0.735287  0.464020  0.786258  0.735285  0.681026  0.297313  0.841945  0.539283  0.696189  0.728999  0.870786  0.817597  0.421936  0.266760  0.457141  0.167070  0.759899 0.0  0.649884  0.732112  0.791794  0.268974  0.398355  0.368465  0.292976  0.160560  0.428008  0.227798  0.328208  0.295481  0.118286  0.248055  0.212510  0.368269  0.749650  0.450836  0.716573  0.764090  0.518499  0.414142  0.195770  0.739944  0.378318  0.815269  0.849989  0.798329  0.434328  0.315717  0.840450  0.788059  0.722695  0.280873  0.890662  0.788415 
26  0.275744  0.711905  0.520447  0.697584  0.669002  0.668361  0.753549  0.724930  0.368795  0.708140  0.706968  0.829775  0.202802  0.696251  0.608959  0.627004  0.428314  0.497950  0.704381  0.618223  0.759216  0.721062  0.726365  0.599279  0.625635  0.649884 0.0  0.783555  0.464401  0.700000  0.710518  0.698099  0.634231  0.770935  0.718212  0.540376  0.694312  0.675662  0.639602  0.667650  0.791853  0.737060  0.794212  0.705157  0.451362  0.396696  0.633276  0.580565  0.718202  0.402067  0.687276  0.483569  0.495525  0.361611  0.746240  0.669099  0.559706  0.455671  0.797169  0.657309  0.732072  0.691400 
27  0.672151  0.690031  0.793322  0.728681  0.678395  0.744152  0.681897  0.753181  0.843057  0.708282  0.350333  0.359091  0.744681  0.738373  0.873344  0.584506  0.770571  0.793796  0.902957  0.927745  0.706304  0.778155  0.768349  0.699851  0.790827  0.732112  0.783555 0.0  0.782811  0.619915  0.709614  0.817830  0.680580  0.755510  0.761986  0.748148  0.741447  0.748114  0.684092  0.757297  0.697023  0.801880  0.650222  0.741358  0.782596  0.860407  0.715312  0.590675  0.712641  0.867708  0.679888  0.817113  0.872197  0.784734  0.767453  0.709100  0.850948  0.690139  0.431840  0.716921  0.904578  0.851056 
28  0.442246  0.660229  0.673913  0.611312  0.925828  0.610355  0.691738  0.695852  0.378981  0.749295  0.803816  0.895041  0.373183  0.822003  0.697388  0.649302  0.543080  0.697350  0.618953  0.690414  0.703083  0.850804  0.818777  0.718736  0.582303  0.791794  0.464401  0.782811 0.0  0.694070  0.770760  0.761740  0.880063  0.834555  0.667792  0.819878  0.732131  0.802840  0.775286  0.754707  0.874592  0.752976  0.617187  0.933872  0.435849  0.494485  0.776097  0.924927  0.741132  0.446237  0.762943  0.545027  0.721031  0.509350  0.742036  0.853121  0.683000  0.631666  0.896374  0.783707  0.536231  0.614375 
29  0.576891  0.684577  0.807627  0.707608  0.256115  0.716234  0.742611  0.763852  0.707897  0.306827  0.716529  0.876587  0.709817  0.545917  0.759831  0.597152  0.492288  0.696879  0.815745  0.808447  0.330894  0.430548  0.416426  0.357585  0.725111  0.268974  0.700000  0.619915  0.694070 0.0  0.472834  0.403620  0.248607  0.282050  0.314259  0.449909  0.435914  0.403770  0.286114  0.408418  0.290065  0.330649  0.711134  0.379623  0.558272  0.558077  0.485758  0.265182  0.423134  0.704987  0.303134  0.667354  0.908777  0.629270  0.431452  0.391928  0.763221  0.845639  0.773443  0.350745  0.876951  0.810193 
30  0.763934  0.874202  0.803427  0.721573  0.423937  0.837501  0.833172  0.841984  0.690384  0.446214  0.758403  0.755923  0.667040  0.492910  0.861043  0.631406  0.806616  0.723269  0.814620  0.739787  0.379900  0.291059  0.177975  0.436956  0.735304  0.398355  0.710518  0.709614  0.770760  0.472834 0.0  0.476072  0.305536  0.406690  0.404346  0.490302  0.435997  0.425403  0.493062  0.506769  0.363992  0.327111  0.743987  0.391693  0.769719  0.678314  0.301753  0.184105  0.433657  0.752216  0.228541  0.792122  0.932036  0.766386  0.280055  0.363443  0.749076  0.747133  0.790330  0.391074  0.824054  0.829057 
31  0.745741  0.736912  0.957192  0.694717  0.484942  0.772998  0.854790  0.761577  0.778984  0.438798  0.824214  0.831484  0.725524  0.235492  0.739128  0.566968  0.743162  0.782474  0.810764  0.850206  0.586388  0.291481  0.593277  0.345966  0.798343  0.368465  0.698099  0.817830  0.761740  0.403620  0.476072 0.0  0.512377  0.310757  0.349270  0.252442  0.334875  0.248193  0.365091  0.436812  0.389900  0.449309  0.865759  0.356492  0.783605  0.766264  0.476751  0.458212  0.467945  0.719115  0.499425  0.793308  0.750887  0.781161  0.572319  0.388697  0.787729  0.815040  0.692471  0.291225  0.942045  0.901415 
32  0.665435  0.822954  0.816768  0.778695  0.390264  0.870526  0.733962  0.764119  0.649973  0.426530  0.678634  0.768728  0.666826  0.491895  0.924532  0.537872  0.658884  0.697517  0.884791  0.814526  0.415500  0.268935  0.447521  0.473119  0.795035  0.292976  0.634231  0.680580  0.880063  0.248607  0.305536  0.512377 0.0  0.464872  0.393971  0.566369  0.385265  0.408294  0.520752  0.324159  0.195084  0.385290  0.698873  0.499766  0.618056  0.628460  0.459767  0.368999  0.446459  0.605757  0.361865  0.585397  0.852235  0.502669  0.408716  0.393809  0.815746  0.800457  0.681680  0.374495  0.857208  0.794043 
33  0.713841  0.758064  0.795926  0.715187  0.469009  0.823691  0.763426  0.781844  0.733002  0.489027  0.820743  0.784494  0.710155  0.348082  0.820822  0.544266  0.767671  0.571160  0.813365  0.890840  0.407176  0.320022  0.346704  0.154263  0.705952  0.160560  0.770935  0.755510  0.834555  0.282050  0.406690  0.310757  0.464872 0.0  0.360652  0.273095  0.322165  0.363710  0.276507  0.230187  0.200102  0.459954  0.795612  0.528402  0.828547  0.750089  0.541248  0.396881  0.090557  0.749882  0.335581  0.756047  0.829653  0.777282  0.446756  0.151996  0.818537  0.727325  0.761849  0.239900  0.857830  0.805914 
34  0.718411  0.635631  0.736914  0.660768  0.281372  0.659018  0.637127  0.681858  0.719152  0.363657  0.660866  0.701284  0.643313  0.301673  0.711981  0.525612  0.623060  0.706162  0.803023  0.865191  0.286118  0.356527  0.380689  0.286241  0.738037  0.428008  0.718212  0.761986  0.667792  0.314259  0.404346  0.349270  0.393971  0.360652 0.0  0.306913  0.235055  0.204169  0.387109  0.339918  0.357050  0.317782  0.597247  0.405306  0.713635  0.674666  0.344316  0.376706  0.340900  0.731439  0.374871  0.796140  0.714178  0.819635  0.322705  0.355108  0.639855  0.757011  0.705278  0.315823  0.729781  0.756746 
35  0.727282  0.719229  0.819701  0.736212  0.454300  0.751864  0.901736  0.826936  0.654089  0.371454  0.654099  0.751499  0.573438  0.262550  0.859308  0.648311  0.814677  0.754474  0.784448  0.853179  0.391091  0.359715  0.499386  0.432860  0.763568  0.227798  0.540376  0.748148  0.819878  0.449909  0.490302  0.252442  0.566369  0.273095  0.306913 0.0  0.236188  0.132210  0.319691  0.338902  0.318262  0.527063  0.786018  0.405181  0.778923  0.663549  0.483677  0.534923  0.291810  0.767314  0.444499  0.789594  0.749942  0.682712  0.504738  0.262683  0.817499  0.789881  0.740968  0.269104  0.923686  0.751288 
36  0.699591  0.777686  0.891095  0.785474  0.366972  0.700428  0.753192  0.768391  0.809695  0.527150  0.703482  0.768959  0.728013  0.418575  0.769541  0.574313  0.705107  0.696513  0.776247  0.802247  0.354869  0.186362  0.450676  0.301234  0.786344  0.328208  0.694312  0.741447  0.732131  0.435914  0.435997  0.334875  0.385265  0.322165  0.235055  0.236188 0.0  0.339277  0.277741  0.198891  0.193970  0.455119  0.753830  0.508346  0.714194  0.686876  0.549538  0.450468  0.202169  0.771755  0.415560  0.730054  0.787033  0.809789  0.449803  0.292060  0.784261  0.692857  0.779736  0.081364  0.815677  0.888526 
37  0.681928  0.692185  0.839890  0.733004  0.525481  0.746828  0.715316  0.795859  0.673575  0.361236  0.683580  0.797346  0.605819  0.281926  0.854658  0.500018  0.683058  0.690613  0.763144  0.871964  0.342361  0.393620  0.395388  0.327448  0.763229  0.295481  0.675662  0.748114  0.802840  0.403770  0.425403  0.248193  0.408294  0.363710  0.204169  0.132210  0.339277 0.0  0.314360  0.371537  0.269368  0.516143  0.797206  0.306257  0.808531  0.713135  0.312153  0.431194  0.303544  0.770609  0.476780  0.813047  0.771097  0.709535  0.499478  0.463649  0.852973  0.794815  0.796768  0.267106  0.768400  0.839107 
38  0.680857  0.771501  0.880509  0.799672  0.470834  0.719067  0.766997  0.786667  0.715902  0.408357  0.830926  0.830426  0.672032  0.392388  0.699218  0.561340  0.710508  0.722853  0.752117  0.748474  0.426832  0.287533  0.395129  0.297188  0.704763  0.118286  0.639602  0.684092  0.775286  0.286114  0.493062  0.365091  0.520752  0.276507  0.387109  0.319691  0.277741  0.314360 0.0  0.236070  0.253302  0.533603  0.727801  0.347654  0.671959  0.731539  0.476718  0.502064  0.169373  0.855533  0.339082  0.820948  0.772525  0.824224  0.467505  0.345784  0.758784  0.665894  0.775742  0.333471  0.823423  0.758637 
39  0.698230  0.745999  0.798771  0.793053  0.327281  0.831632  0.761325  0.735686  0.745125  0.472395  0.762891  0.731090  0.668425  0.402160  0.895804  0.584919  0.772278  0.749006  0.823529  0.828316  0.338605  0.245281  0.406655  0.285092  0.721273  0.248055  0.667650  0.757297  0.754707  0.408418  0.506769  0.436812  0.324159  0.230187  0.339918  0.338902  0.198891  0.371537  0.236070 0.0  0.214501  0.298700  0.800739  0.477783  0.783842  0.783297  0.579626  0.521325  0.224331  0.827698  0.445027  0.791623  0.856387  0.817638  0.507915  0.210505  0.914037  0.822805  0.736294  0.172829  0.770325  0.839743 
40  0.634687  0.725377  0.749122  0.799512  0.319819  0.788354  0.774976  0.771228  0.769624  0.541232  0.725423  0.747450  0.716238  0.321018  0.852544  0.574794  0.781120  0.698828  0.804888  0.872474  0.381259  0.216525  0.375348  0.257377  0.691198  0.212510  0.791853  0.697023  0.874592  0.290065  0.363992  0.389900  0.195084  0.200102  0.357050  0.318262  0.193970  0.269368  0.253302  0.214501 0.0  0.491871  0.851220  0.368657  0.711365  0.863755  0.510818  0.417548  0.266794  0.770576  0.350291  0.828257  0.776074  0.749885  0.316349  0.210628  0.690141  0.796821  0.727960  0.185751  0.789505  0.793926 
41  0.794612  0.839531  1.000000  0.753925  0.121239  0.860353  0.855868  0.762654  0.693919  0.490296  0.726005  0.749485  0.765916  0.505975  0.880525  0.461921  0.839966  0.670847  0.819854  0.914283  0.081364  0.337854  0.171488  0.397059  0.789527  0.368269  0.737060  0.801880  0.752976  0.330649  0.327111  0.449309  0.385290  0.459954  0.317782  0.527063  0.455119  0.516143  0.533603  0.298700  0.491871 0.0  0.827843  0.307280  0.822897  0.831303  0.412958  0.260965  0.409911  0.882276  0.300313  0.880447  0.751356  0.797601  0.366918  0.287717  0.863246  0.712413  0.644803  0.340767  0.892578  0.880263 
42  0.751389  0.255545  0.679991  0.369211  0.855774  0.309741  0.246016  0.335785  0.678143  0.845415  0.748686  0.772140  0.787320  0.789832  0.642728  0.585323  0.780452  0.746865  0.801855  0.865745  0.790393  0.879772  0.878249  0.812608  0.374355  0.749650  0.794212  0.650222  0.617187  0.711134  0.743987  0.865759  0.698873  0.795612  0.597247  0.786018  0.753830  0.797206  0.727801  0.800739  0.851220  0.827843 0.0  0.789206  0.830550  0.710767  0.840005  0.677719  0.784361  0.799536  0.901902  0.800046  0.625237  0.735899  0.787151  0.790733  0.518060  0.570296  0.697671  0.901815  0.807867  0.880931 
43  0.737402  0.755572  0.794193  0.777348  0.437727  0.784492  0.848046  0.889257  0.732485  0.253075  0.828845  0.673112  0.644765  0.276497  0.885501  0.559412  0.760464  0.699588  0.717056  0.803485  0.291451  0.488336  0.447229  0.499871  0.770591  0.450836  0.705157  0.741358  0.933872  0.379623  0.391693  0.356492  0.499766  0.528402  0.405306  0.405181  0.508346  0.306257  0.347654  0.477783  0.368657  0.307280  0.789206 0.0  0.734021  0.784013  0.273601  0.381627  0.509099  0.826952  0.385095  0.782836  0.891166  0.766667  0.349531  0.433715  0.735611  0.797173  0.818719  0.425425  0.891108  0.838731 
44  0.218615  0.766818  0.792559  0.685247  0.820015  0.726654  0.705861  0.779020  0.431742  0.387374  0.889498  0.847261  0.369427  0.754672  0.662380  0.507163  0.228985  0.664547  0.702998  0.816561  0.776180  0.785189  0.870237  0.741750  0.737929  0.716573  0.451362  0.782596  0.435849  0.558272  0.769719  0.783605  0.618056  0.828547  0.713635  0.778923  0.714194  0.808531  0.671959  0.783842  0.711365  0.822897  0.830550  0.734021 0.0  0.090008  0.800939  0.761322  0.808218  0.405460  0.744519  0.255725  0.763778  0.399633  0.746099  0.786905  0.616169  0.841629  0.740802  0.813997  0.636559  0.720760 
45  0.256923  0.789143  0.733701  0.685002  0.832356  0.878192  0.720993  0.815235  0.546507  0.542338  0.857224  0.825135  0.453063  0.810629  0.738105  0.577548  0.330292  0.584326  0.667648  0.674744  0.725524  0.775905  0.867757  0.739746  0.887995  0.764090  0.396696  0.860407  0.494485  0.558077  0.678314  0.766264  0.628460  0.750089  0.674666  0.663549  0.686876  0.713135  0.731539  0.783297  0.863755  0.831303  0.710767  0.784013  0.090008 0.0  0.742020  0.689513  0.714854  0.404680  0.674409  0.347415  0.754254  0.354775  0.770710  0.640473  0.773687  0.784958  0.764235  0.745987  0.723085  0.738035 
46  0.681077  0.769016  0.745158  0.758469  0.370631  0.810932  0.734998  0.839575  0.707488  0.332118  0.757270  0.893721  0.700108  0.446318  0.853540  0.495322  0.712190  0.773526  0.771806  0.785907  0.420468  0.399314  0.363939  0.527581  0.849929  0.518499  0.633276  0.715312  0.776097  0.485758  0.301753  0.476751  0.459767  0.541248  0.344316  0.483677  0.549538  0.312153  0.476718  0.579626  0.510818  0.412958  0.840005  0.273601  0.800939  0.742020 0.0  0.376147  0.467346  0.821945  0.284966  0.717722  0.752589  0.717376  0.359666  0.407186  0.796840  0.810579  0.646732  0.582770  0.837988  0.826343 
47  0.711945  0.768806  0.841453  0.738903  0.278455  0.831337  0.743123  0.691471  0.846430  0.462461  0.675551  0.816738  0.684272  0.439499  0.880465  0.611373  0.732481  0.714453  0.877477  0.897525  0.312591  0.326151  0.202767  0.475831  0.748643  0.414142  0.580565  0.590675  0.924927  0.265182  0.184105  0.458212  0.368999  0.396881  0.376706  0.534923  0.450468  0.431194  0.502064  0.521325  0.417548  0.260965  0.677719  0.381627  0.761322  0.689513  0.376147 0.0  0.441959  0.767792  0.260902  0.758444  0.889250  0.785808  0.270597  0.349353  0.799445  0.797293  0.736216  0.485095  0.918476  0.938613 
48  0.762752  0.753449  0.886647  0.901769  0.393163  0.773357  0.783374  0.774202  0.734570  0.343116  0.828369  0.761735  0.733677  0.334942  0.800356  0.650467  0.751831  0.769687  0.795584  0.742885  0.535748  0.217452  0.304610  0.175597  0.760897  0.195770  0.718202  0.712641  0.741132  0.423134  0.433657  0.467945  0.446459  0.090557  0.340900  0.291810  0.202169  0.303544  0.169373  0.224331  0.266794  0.409911  0.784361  0.509099  0.808218  0.714854  0.467346  0.441959 0.0  0.780755  0.415567  0.942855  0.903470  0.672816  0.542956  0.247395  0.836712  0.777109  0.714303  0.294790  0.889735  0.782843 
49  0.316602  0.815488  0.661155  0.714898  0.833109  0.647964  0.886804  0.682089  0.479128  0.514240  0.795649  0.902186  0.496620  0.875412  0.753761  0.735425  0.331405  0.656245  0.665355  0.743371  0.803080  0.860310  0.841394  0.764220  0.705543  0.739944  0.402067  0.867708  0.446237  0.704987  0.752216  0.719115  0.605757  0.749882  0.731439  0.767314  0.771755  0.770609  0.855533  0.827698  0.770576  0.882276  0.799536  0.826952  0.405460  0.404680  0.821945  0.767792  0.780755 0.0  0.723710  0.331738  0.691796  0.407654  0.716684  0.700002  0.702679  0.697661  0.822410  0.800270  0.720502  0.572275 
50  0.763332  0.682687  0.876069  0.739443  0.207156  0.755841  0.838602  0.777186  0.747601  0.522497  0.702606  0.901256  0.738226  0.419414  0.859660  0.594959  0.733549  0.730536  0.844994  0.778999  0.277533  0.412779  0.197665  0.405453  0.751382  0.378318  0.687276  0.679888  0.762943  0.303134  0.228541  0.499425  0.361865  0.335581  0.374871  0.444499  0.415560  0.476780  0.339082  0.445027  0.350291  0.300313  0.901902  0.385095  0.744519  0.674409  0.284966  0.260902  0.415567  0.723710 0.0  0.800197  0.887296  0.801165  0.389632  0.421531  0.810870  0.836686  0.714592  0.396185  0.857033  0.824965 
51  0.345560  0.910313  0.797631  0.653860  0.939304  0.791751  0.776030  0.813288  0.366574  0.658064  0.838152  0.896694  0.532019  0.668094  0.787990  0.613249  0.343351  0.685290  0.578509  0.780794  0.902558  0.726183  0.901858  0.863098  0.708260  0.815269  0.483569  0.817113  0.545027  0.667354  0.792122  0.793308  0.585397  0.756047  0.796140  0.789594  0.730054  0.813047  0.820948  0.791623  0.828257  0.880447  0.800046  0.782836  0.255725  0.347415  0.717722  0.758444  0.942855  0.331738  0.800197 0.0  0.616274  0.391189  0.777413  0.877176  0.673525  0.612242  0.876938  0.960501  0.568053  0.671924 
52  0.743383  0.572880  0.238719  0.578005  0.720558  0.484886  0.584149  0.595540  0.672577  0.814903  0.798674  0.837314  0.581918  0.876422  0.081364  0.592370  0.611772  0.509819  0.745834  0.816724  0.749573  0.866172  0.832736  0.875011  0.552166  0.849989  0.495525  0.872197  0.721031  0.908777  0.932036  0.750887  0.852235  0.829653  0.714178  0.749942  0.787033  0.771097  0.772525  0.856387  0.776074  0.751356  0.625237  0.891166  0.763778  0.754254  0.752589  0.889250  0.903470  0.691796  0.887296  0.616274 0.0  0.815670  0.876676  0.796813  0.274274  0.257461  0.877698  0.783760  0.666224  0.732838 
53  0.309221  0.638164  0.780298  0.683260  0.844648  0.694153  0.806108  0.804369  0.384682  0.623840  0.838942  0.911232  0.319607  0.679366  0.711280  0.648017  0.387919  0.677132  0.758601  0.672861  0.825114  0.773622  0.834310  0.785918  0.736255  0.798329  0.361611  0.784734  0.509350  0.629270  0.766386  0.781161  0.502669  0.777282  0.819635  0.682712  0.809789  0.709535  0.824224  0.817638  0.749885  0.797601  0.735899  0.766667  0.399633  0.354775  0.717376  0.785808  0.672816  0.407654  0.801165  0.391189  0.815670 0.0  0.768612  0.773055  0.659992  0.835232  0.801916  0.871601  0.668400  0.807212 
54  0.709584  0.768548  0.828678  0.743991  0.333971  0.824187  0.890931  0.885631  0.565175  0.566727  0.801676  0.743905  0.626210  0.577528  0.708124  0.683600  0.743285  0.740293  0.825211  0.831169  0.369941  0.389064  0.435243  0.471606  0.790092  0.434328  0.746240  0.767453  0.742036  0.431452  0.280055  0.572319  0.408716  0.446756  0.322705  0.504738  0.449803  0.499478  0.467505  0.507915  0.316349  0.366918  0.787151  0.349531  0.746099  0.770710  0.359666  0.270597  0.542956  0.716684  0.389632  0.777413  0.876676  0.768612 0.0  0.442259  0.767818  0.752752  0.804755  0.451420  0.742936  0.751577 
55  0.743136  0.665367  0.852375  0.828443  0.339806  0.837087  0.787064  0.868834  0.619814  0.400550  0.765436  0.799022  0.639880  0.297405  0.889192  0.570285  0.674131  0.622305  0.881342  0.858989  0.459205  0.214503  0.338966  0.329588  0.781893  0.315717  0.669099  0.709100  0.853121  0.391928  0.363443  0.388697  0.393809  0.151996  0.355108  0.262683  0.292060  0.463649  0.345784  0.210505  0.210628  0.287717  0.790733  0.433715  0.786905  0.640473  0.407186  0.349353  0.247395  0.700002  0.421531  0.877176  0.796813  0.773055  0.442259 0.0  0.804784  0.887437  0.687400  0.347541  0.813161  0.778914 
56  0.740208  0.605055  0.304401  0.624056  0.803235  0.550539  0.558037  0.454539  0.549494  0.770305  0.624349  0.833404  0.583107  0.896420  0.320330  0.489396  0.668192  0.450739  0.673422  0.691577  0.851504  0.773800  0.720190  0.863035  0.485211  0.840450  0.559706  0.850948  0.683000  0.763221  0.749076  0.787729  0.815746  0.818537  0.639855  0.817499  0.784261  0.852973  0.758784  0.914037  0.690141  0.863246  0.518060  0.735611  0.616169  0.773687  0.796840  0.799445  0.836712  0.702679  0.810870  0.673525  0.274274  0.659992  0.767818  0.804784 0.0  0.185307  0.697377  0.923239  0.631287  0.718848 
57  0.730205  0.751220  0.318723  0.572614  0.773175  0.598273  0.594152  0.688381  0.654549  0.759958  0.816377  0.785233  0.468350  0.889906  0.298372  0.627307  0.719245  0.409964  0.697004  0.782408  0.858203  0.662243  0.786261  0.709457  0.568820  0.788059  0.455671  0.690139  0.631666  0.845639  0.747133  0.815040  0.800457  0.727325  0.757011  0.789881  0.692857  0.794815  0.665894  0.822805  0.796821  0.712413  0.570296  0.797173  0.841629  0.784958  0.810579  0.797293  0.777109  0.697661  0.836686  0.612242  0.257461  0.835232  0.752752  0.887437  0.185307 0.0  0.759219  0.854531  0.656538  0.782717 
58  0.826001  0.724758  0.865361  0.727375  0.802227  0.680534  0.778366  0.857312  0.820320  0.731696  0.491874  0.433526  0.642775  0.673775  0.776995  0.536372  0.754488  0.823155  0.758594  0.847551  0.719350  0.674290  0.641817  0.722340  0.773401  0.722695  0.797169  0.431840  0.896374  0.773443  0.790330  0.692471  0.681680  0.761849  0.705278  0.740968  0.779736  0.796768  0.775742  0.736294  0.727960  0.644803  0.697671  0.818719  0.740802  0.764235  0.646732  0.736216  0.714303  0.822410  0.714592  0.876938  0.877698  0.801916  0.804755  0.687400  0.697377  0.759219 0.0  0.772259  0.953057  0.855187 
59  0.682607  0.811379  0.772438  0.905413  0.457218  0.776984  0.907168  0.851572  0.786914  0.429048  0.667177  0.845373  0.708598  0.250884  0.769498  0.570003  0.713274  0.737386  0.827847  0.881378  0.375833  0.332043  0.342887  0.178518  0.754167  0.280873  0.657309  0.716921  0.783707  0.350745  0.391074  0.291225  0.374495  0.239900  0.315823  0.269104  0.081364  0.267106  0.333471  0.172829  0.185751  0.340767  0.901815  0.425425  0.813997  0.745987  0.582770  0.485095  0.294790  0.800270  0.396185  0.960501  0.783760  0.871601  0.451420  0.347541  0.923239  0.854531  0.772259 0.0  0.755870  0.838008 
60  0.758870  0.982012  0.755290  0.738281  0.855765  0.826136  0.932533  0.807440  0.455399  0.765164  0.832759  0.853026  0.675405  0.870567  0.650703  0.614530  0.782985  0.329112  0.105222  0.286193  0.778369  0.740194  0.793789  0.840247  0.862214  0.890662  0.732072  0.904578  0.536231  0.876951  0.824054  0.942045  0.857208  0.857830  0.729781  0.923686  0.815677  0.768400  0.823423  0.770325  0.789505  0.892578  0.807867  0.891108  0.636559  0.723085  0.837988  0.918476  0.889735  0.720502  0.857033  0.568053  0.666224  0.668400  0.742936  0.813161  0.631287  0.656538  0.953057  0.755870 0.0  0.082559 
61  0.680785  0.863740  0.741965  0.825470  0.924378  0.859994  0.868962  0.762414  0.469448  0.831765  0.806550  0.914855  0.600427  0.824374  0.717654  0.801388  0.768194  0.492736  0.147260  0.247837  0.980976  0.853571  0.837591  0.815357  0.905040  0.788415  0.691400  0.851056  0.614375  0.810193  0.829057  0.901415  0.794043  0.805914  0.756746  0.751288  0.888526  0.839107  0.758637  0.839743  0.793926  0.880263  0.880931  0.838731  0.720760  0.738035  0.826343  0.938613  0.782843  0.572275  0.824965  0.671924  0.732838  0.807212  0.751577  0.778914  0.718848  0.782717  0.855187  0.838008  0.082559 0.0 
