62
0 0.0  0.646441  0.696256  0.617325  0.771043  0.702747  0.756710  0.754012  0.425551  0.582992  0.648300  0.717251  0.364647  0.752811  0.683288  0.586646  0.172150  0.663953  0.665227  0.613673  0.796768  0.703996  0.672924  0.761945  0.658641  0.729964  0.348402  0.808119  0.399520  0.591634  0.868879  0.770370  0.554651  0.724994  0.573667  0.788876  0.779583  0.772466  0.647618  0.801598  0.697084  0.632033  0.744505  0.652012  0.286821  0.275996  0.715500  0.752137  0.751888  0.304641  0.704793  0.312043  0.772458  0.311626  0.754954  0.683426  0.630570  0.632053  0.889418  0.712604  0.664656  0.676198 
1  0.646441 0.0  0.612027  0.198601  0.725403  0.180550  0.188327  0.197406  0.713341  0.810664  0.702590  0.875392  0.692242  0.813154  0.547554  0.483571  0.800076  0.580139  0.813126  0.805070  0.796850  0.736650  0.739574  0.833156  0.220026  0.687401  0.744748  0.881085  0.517440  0.825745  0.644035  0.692706  0.772524  0.707211  0.639772  0.642784  0.719937  0.711181  0.767679  0.705405  0.676530  0.773903  0.312141  0.666159  0.843333  0.786288  0.735189  0.664757  0.745553  0.835812  0.658019  0.756913  0.631857  0.779336  0.795100  0.630389  0.476650  0.613437  0.609859  0.719954  0.739433  0.795291 
2  0.696256  0.612027 0.0  0.524154  0.915178  0.514860  0.598518  0.617895  0.699238  0.837976  0.737982  0.794668  0.451065  0.727920  0.236248  0.540795  0.724260  0.410141  0.660594  0.790980  0.851074  0.903063  0.854176  0.658305  0.602611  0.848006  0.486403  0.868892  0.587563  0.725158  0.864357  0.803955  0.829777  0.850476  0.751502  0.754105  0.808365  0.773280  0.806736  0.768341  0.802356  0.809192  0.571651  0.731795  0.628256  0.673913  0.808743  0.625780  0.748283  0.730982  0.825356  0.651479  0.209123  0.750327  0.870493  0.758917  0.259967  0.243862  0.906147  0.881187  0.719892  0.646354 
3  0.617325  0.198601  0.524154 0.0  0.981693  0.179878  0.186092  0.181060  0.680610  0.670468  0.788786  0.826771  0.690627  0.758139  0.487805  0.560773  0.676651  0.751088  0.687999  0.875063  0.806190  0.815823  0.637442  0.846362  0.198117  0.808008  0.573485  0.707961  0.570566  0.731640  0.734095  0.684415  0.772992  0.837150  0.713544  0.759360  0.896400  0.803495  0.822972  0.789482  0.799450  0.720356  0.317904  0.734970  0.820237  0.788906  0.658275  0.857655  0.921814  0.783714  0.658907  0.803528  0.605780  0.638510  0.806246  0.743927  0.516094  0.509248  0.714884  0.663632  0.786471  0.722922 
4  0.771043  0.725403  0.915178  0.981693 0.0  0.745841  0.856412  0.815938  0.778656  0.439097  0.663452  0.795000  0.651905  0.469801  0.848605  0.615258  0.767063  0.710711  0.871151  0.884221  0.125080  0.315883  0.229144  0.415732  0.730018  0.331211  0.663321  0.717173  0.721410  0.270250  0.268674  0.484761  0.368284  0.396448  0.353961  0.468073  0.359984  0.393943  0.398875  0.385159  0.378480  0.130429  0.755471  0.329653  0.685499  0.900966  0.283599  0.257015  0.336108  0.654109  0.212406  0.851427  0.696147  0.701082  0.261442  0.386858  0.807172  0.778085  0.633877  0.326206  0.774164  0.773822 
5  0.702747  0.180550  0.514860  0.179878  0.745841 0.0  0.111618  0.164737  0.536755  0.718367  0.681920  0.742631  0.762828  0.745319  0.523658  0.543884  0.837388  0.747004  0.623014  0.736667  0.810221  0.775394  0.786760  0.786571  0.232142  0.779211  0.727638  0.797908  0.504583  0.805335  0.779065  0.787833  0.760657  0.684818  0.657317  0.789579  0.749418  0.789181  0.680749  0.899842  0.812396  0.969026  0.298063  0.748817  0.768284  0.611610  0.807052  0.766367  0.760302  0.605676  0.812342  0.580584  0.509726  0.638610  0.725860  0.780296  0.484046  0.552538  0.754564  0.778595  0.848094  0.781777 
6  0.756710  0.188327  0.598518  0.186092  0.856412  0.111618 0.0  0.175209  0.572670  0.763363  0.645672  0.779825  0.592756  0.817572  0.606850  0.523123  0.763115  0.658487  0.719308  0.851107  0.755676  0.715633  0.795488  0.832161  0.242582  0.799314  0.641982  0.671145  0.571403  0.756895  0.724693  0.697228  0.708729  0.866074  0.695101  0.904670  0.776699  0.822129  0.814462  0.549675  0.781959  0.797829  0.294379  0.861371  0.739643  0.709564  0.805197  0.915376  0.767204  0.635687  0.743554  0.725541  0.516890  0.751892  0.711734  0.669640  0.640147  0.468163  0.843370  0.710139  0.759872  0.807888 
7  0.754012  0.197406  0.617895  0.181060  0.815938  0.164737  0.175209 0.0  0.578219  0.820714  0.698064  0.777699  0.726310  0.800583  0.476694  0.528980  0.774992  0.664223  0.730167  0.901646  0.891505  0.791345  1.000000  0.810811  0.254013  0.798304  0.597326  0.771280  0.587310  0.741721  0.748585  0.825395  0.824638  0.868859  0.782722  0.823508  0.834404  0.627971  0.833927  0.876064  0.906392  0.881579  0.293963  0.852936  0.678732  0.820759  0.795082  0.828150  0.878256  0.717303  0.784064  0.833147  0.483565  0.670555  0.774253  0.830581  0.496962  0.573661  0.835947  0.701578  0.773888  0.769670 
8  0.425551  0.713341  0.699238  0.680610  0.778656  0.536755  0.572670  0.578219 0.0  0.535894  0.761720  0.683048  0.367151  0.689141  0.625658  0.563188  0.463687  0.606256  0.429683  0.524272  0.645109  0.679136  0.780811  0.643562  0.691109  0.718790  0.410780  0.671926  0.347575  0.708587  0.714203  0.696595  0.732936  0.691573  0.558247  0.678807  0.736494  0.648319  0.655742  0.659963  0.624430  0.646135  0.695409  0.655724  0.394154  0.438024  0.661359  0.704064  0.720351  0.345216  0.776952  0.339447  0.566504  0.471533  0.704320  0.740718  0.569058  0.679470  0.791971  0.696992  0.386447  0.452135 
9  0.582992  0.810664  0.837976  0.670468  0.439097  0.718367  0.763363  0.820714  0.535894 0.0  0.703273  0.840928  0.693300  0.341099  0.715160  0.572293  0.523268  0.606949  0.755474  0.788531  0.483151  0.423175  0.489925  0.449197  0.784879  0.467430  0.628296  0.598758  0.821531  0.287015  0.557899  0.333614  0.325439  0.497790  0.330735  0.358038  0.545652  0.357146  0.493538  0.512623  0.500165  0.582513  0.718155  0.312867  0.512387  0.543606  0.377600  0.432352  0.520716  0.676129  0.485850  0.611221  0.765342  0.545406  0.514583  0.405705  0.710652  0.629638  0.709078  0.420260  0.686331  0.659263 
10  0.648300  0.702590  0.737982  0.788786  0.663452  0.681920  0.645672  0.698064  0.761720  0.703273 0.0  0.227015  0.827663  0.612068  0.845809  0.612350  0.805117  0.884092  0.745394  0.778280  0.739950  0.762730  0.674799  0.758840  0.652077  0.724688  0.767302  0.323081  0.839113  0.644353  0.808010  0.720143  0.766956  0.635252  0.770227  0.869009  0.776332  0.914601  0.702952  0.718080  0.732805  0.663979  0.693476  0.706200  0.849251  0.806560  0.693807  0.758179  0.684478  0.771822  0.801592  0.704224  0.872779  0.778130  0.688508  0.699766  0.909293  0.799842  0.425711  0.736857  0.956554  0.759777 
11  0.717251  0.875392  0.794668  0.826771  0.795000  0.742631  0.779825  0.777699  0.683048  0.840928  0.227015 0.0  0.723860  0.758786  0.800289  0.586653  0.748409  0.720022  0.798087  0.993413  0.691460  0.824159  0.778580  0.640357  0.789333  0.827501  0.774036  0.286753  0.921902  0.717899  0.814469  0.764049  0.826150  0.724601  0.732549  0.864045  0.690414  0.761185  0.803729  0.690992  0.680472  0.653214  0.603351  0.741983  0.820562  0.916647  0.761918  0.745307  0.761379  0.811966  0.771929  0.753622  0.791200  0.757097  0.721501  0.839258  0.777451  0.777771  0.352540  0.717382  0.837412  0.795876 
12  0.364647  0.692242  0.451065  0.690627  0.651905  0.762828  0.592756  0.726310  0.367151  0.693300  0.827663  0.723860 0.0  0.686030  0.541245  0.592347  0.387387  0.450440  0.573472  0.598148  0.646662  0.777881  0.697787  0.749150  0.837074  0.814792  0.109599  0.789060  0.333489  0.733829  0.679633  0.639995  0.595892  0.669288  0.701687  0.530502  0.793202  0.684503  0.606275  0.695255  0.741783  0.746737  0.722545  0.628291  0.438771  0.324225  0.717661  0.683544  0.702633  0.417961  0.802778  0.481915  0.495158  0.350192  0.598728  0.619597  0.521068  0.478880  0.782976  0.727642  0.602872  0.619176 
13  0.752811  0.813154  0.727920  0.758139  0.469801  0.745319  0.817572  0.800583  0.689141  0.341099  0.612068  0.758786  0.686030 0.0  0.720039  0.630192  0.679140  0.640883  0.670107  0.775003  0.413076  0.341172  0.379214  0.380418  0.777162  0.279630  0.629776  0.649868  0.789923  0.430396  0.438891  0.152749  0.437561  0.326239  0.294716  0.193503  0.293758  0.178253  0.330115  0.325323  0.306527  0.471784  0.893872  0.274965  0.780928  0.710810  0.384246  0.507321  0.325279  0.839017  0.431982  0.749799  0.899291  0.825901  0.505823  0.286351  0.845210  0.728481  0.692118  0.283359  0.786318  0.662356 
14  0.683288  0.547554  0.236248  0.487805  0.848605  0.523658  0.606850  0.476694  0.625658  0.715160  0.845809  0.800289  0.541245  0.720039 0.0  0.604037  0.768991  0.490208  0.670791  0.570200  0.812218  0.856447  0.770690  0.673803  0.594291  0.868986  0.452446  0.789913  0.747042  0.738048  0.752837  0.827820  0.794739  0.799606  0.594755  0.799656  0.663219  0.782181  0.901268  0.686961  0.939475  0.799340  0.505249  0.724177  0.738705  0.685760  0.726840  0.831713  0.755476  0.741217  0.843757  0.602123  0.159203  0.773813  0.903783  0.806081  0.230890  0.277170  0.687086  0.775577  0.751183  0.763680 
15  0.586646  0.483571  0.540795  0.560773  0.615258  0.543884  0.523123  0.528980  0.563188  0.572293  0.612350  0.586653  0.592347  0.630192  0.604037 0.0  0.562790  0.670366  0.659505  0.664614  0.562861  0.705345  0.617515  0.526094  0.510049  0.582239  0.551052  0.538687  0.523934  0.619362  0.632483  0.636294  0.624500  0.555407  0.520058  0.560588  0.573513  0.617089  0.615582  0.518078  0.582210  0.549185  0.473536  0.490082  0.548366  0.590351  0.601300  0.587268  0.537909  0.610432  0.655435  0.632219  0.654820  0.488057  0.632623  0.447624  0.580420  0.524489  0.633035  0.598612  0.683952  0.639222 
16  0.172150  0.800076  0.724260  0.676651  0.767063  0.837388  0.763115  0.774992  0.463687  0.523268  0.805117  0.748409  0.387387  0.679140  0.768991  0.562790 0.0  0.537521  0.648435  0.588518  0.713208  0.712311  0.808753  0.745663  0.689727  0.738386  0.361712  0.814964  0.379317  0.519362  0.694688  0.756578  0.624536  0.716719  0.725160  0.746822  0.605699  0.800675  0.650587  0.755130  0.736984  0.659553  0.825620  0.745761  0.272665  0.276419  0.684476  0.695930  0.684050  0.309531  0.832164  0.305027  0.824766  0.256108  0.823061  0.716253  0.815101  0.727148  0.647610  0.724783  0.734935  0.674226 
17  0.663953  0.580139  0.410141  0.751088  0.710711  0.747004  0.658487  0.664223  0.606256  0.606949  0.884092  0.720022  0.450440  0.640883  0.490208  0.670366  0.537521 0.0  0.378326  0.277405  0.765189  0.652296  0.845052  0.646417  0.684302  0.634121  0.488499  0.813190  0.544646  0.649855  0.658334  0.671209  0.726824  0.556188  0.701473  0.678849  0.652290  0.728396  0.707850  0.757672  0.700927  0.702191  0.627365  0.659538  0.654119  0.604203  0.626295  0.677428  0.672171  0.612431  0.766889  0.662970  0.446262  0.657666  0.647394  0.667501  0.505226  0.539287  0.684002  0.736797  0.390512  0.277931 
18  0.665227  0.813126  0.660594  0.687999  0.871151  0.623014  0.719308  0.730167  0.429683  0.755474  0.745394  0.798087  0.573472  0.670107  0.670791  0.659505  0.648435  0.378326 0.0  0.228417  0.777924  0.788192  0.770937  0.839866  0.591249  0.655287  0.594115  0.729020  0.638351  0.788529  0.773042  0.809157  0.798857  0.681171  0.700266  0.766462  0.771945  0.789073  0.805624  0.848935  0.788857  0.840833  0.802298  0.837714  0.664090  0.665284  0.788955  0.780868  0.877927  0.668673  0.781491  0.591371  0.731555  0.752870  0.747973  0.787049  0.664858  0.810469  0.709269  0.843884  0.154425  0.167953 
19  0.613673  0.805070  0.790980  0.875063  0.884221  0.736667  0.851107  0.901646  0.524272  0.788531  0.778280  0.993413  0.598148  0.775003  0.570200  0.664614  0.588518  0.277405  0.228417 0.0  0.861420  0.672408  0.899876  0.736677  0.832597  0.755994  0.569638  0.745585  0.651337  0.746601  0.886540  0.823092  0.711104  0.814693  0.656399  0.831644  0.882667  0.761786  0.797234  0.922265  0.823208  0.930692  0.835324  0.754557  0.682224  0.629036  0.725234  0.595926  0.746113  0.653107  0.819573  0.690054  0.720744  0.713108  0.766523  0.841345  0.695333  0.760004  0.859808  0.928794  0.175304  0.176462 
20  0.796768  0.796850  0.851074  0.806190  0.125080  0.810221  0.755676  0.891505  0.645109  0.483151  0.739950  0.691460  0.646662  0.413076  0.812218  0.562861  0.713208  0.765189  0.777924  0.861420 0.0  0.379362  0.231562  0.423164  0.813819  0.375052  0.761871  0.866568  0.796487  0.318516  0.290011  0.512449  0.423878  0.429849  0.323361  0.455389  0.364846  0.458893  0.450297  0.385430  0.369953  0.138615  0.817608  0.356634  0.633137  0.756378  0.304350  0.322867  0.393333  0.755875  0.233844  0.710709  0.862138  0.707988  0.319648  0.396328  0.778575  0.795293  0.675546  0.343327  0.835967  0.836130 
21  0.703996  0.736650  0.903063  0.815823  0.315883  0.775394  0.715633  0.791345  0.679136  0.423175  0.762730  0.824159  0.777881  0.341172  0.856447  0.705345  0.712311  0.652296  0.788192  0.672408  0.379362 0.0  0.389699  0.205059  0.705020  0.232625  0.659654  0.758198  0.870996  0.407987  0.358705  0.284114  0.422214  0.226815  0.346347  0.286303  0.212749  0.248989  0.228149  0.251629  0.216439  0.395039  0.771039  0.449342  0.693726  0.779553  0.456951  0.357507  0.221502  0.809963  0.437828  0.815877  0.704361  0.687340  0.398178  0.223054  0.742153  0.815480  0.613123  0.232338  0.785049  0.740417 
22  0.672924  0.739574  0.854176  0.637442  0.229144  0.786760  0.795488  1.000000  0.780811  0.489925  0.674799  0.778580  0.697787  0.379214  0.770690  0.617515  0.808753  0.845052  0.770937  0.899876  0.231562  0.389699 0.0  0.422873  0.749455  0.399673  0.651575  0.712597  0.657040  0.360595  0.220049  0.485518  0.327871  0.296717  0.328245  0.407782  0.420687  0.475045  0.372732  0.331418  0.311855  0.188574  0.853080  0.305050  0.714776  0.732587  0.275426  0.225423  0.384102  0.844000  0.200468  0.709487  0.855956  0.684605  0.269021  0.291336  0.786852  0.830509  0.702485  0.377637  0.828468  0.760290 
23  0.761945  0.833156  0.658305  0.846362  0.415732  0.786571  0.832161  0.810811  0.643562  0.449197  0.758840  0.640357  0.749150  0.380418  0.673803  0.526094  0.745663  0.646417  0.839866  0.736677  0.423164  0.205059  0.422873 0.0  0.769067  0.220216  0.638186  0.610365  0.874830  0.350145  0.370956  0.365428  0.376267  0.141614  0.320755  0.285271  0.240216  0.306055  0.206893  0.235158  0.211921  0.441445  0.724822  0.553439  0.748069  0.768524  0.532377  0.370418  0.186445  0.824578  0.311028  0.684811  0.789311  0.646438  0.458094  0.268955  0.792809  0.789478  0.649626  0.224134  0.749552  0.793778 
24  0.658641  0.220026  0.602611  0.198117  0.730018  0.232142  0.242582  0.254013  0.691109  0.784879  0.652077  0.789333  0.837074  0.777162  0.594291  0.510049  0.689727  0.684302  0.591249  0.832597  0.813819  0.705020  0.749455  0.769067 0.0  0.741103  0.781323  0.832704  0.592943  0.821941  0.797403  0.807609  0.731415  0.703478  0.650128  0.755471  0.826893  0.737704  0.722858  0.747446  0.684368  0.632785  0.302379  0.821474  0.860903  0.779103  0.764566  0.754794  0.687464  0.675962  0.697340  0.690597  0.576924  0.684912  0.808142  0.678482  0.581314  0.534993  0.740335  0.791381  0.724688  0.706943 
25  0.729964  0.687401  0.848006  0.808008  0.331211  0.779211  0.799314  0.798304  0.718790  0.467430  0.724688  0.827501  0.814792  0.279630  0.868986  0.582239  0.738386  0.634121  0.655287  0.755994  0.375052  0.232625  0.399673  0.220216  0.741103 0.0  0.601186  0.647775  0.968650  0.319218  0.369031  0.288550  0.351712  0.199506  0.309293  0.282814  0.189992  0.264578  0.201085  0.223325  0.157630  0.298549  0.717201  0.479634  0.797540  0.781158  0.487297  0.372761  0.195668  0.661535  0.315299  0.604535  0.725352  0.804578  0.391947  0.183133  0.780538  0.744627  0.757625  0.177541  0.835256  0.773599 
26  0.348402  0.744748  0.486403  0.573485  0.663321  0.727638  0.641982  0.597326  0.410780  0.628296  0.767302  0.774036  0.109599  0.629776  0.452446  0.551052  0.361712  0.488499  0.594115  0.569638  0.761871  0.659654  0.651575  0.638186  0.781323  0.601186 0.0  0.673145  0.394300  0.710388  0.669944  0.640662  0.579735  0.659286  0.638389  0.641524  0.741591  0.589412  0.658421  0.623155  0.652292  0.771233  0.786027  0.598089  0.432831  0.310855  0.690712  0.702074  0.590302  0.417002  0.588581  0.400825  0.458873  0.333867  0.687279  0.616401  0.564667  0.605876  0.777525  0.585236  0.696486  0.631100 
27  0.808119  0.881085  0.868892  0.707961  0.717173  0.797908  0.671145  0.771280  0.671926  0.598758  0.323081  0.286753  0.789060  0.649868  0.789913  0.538687  0.814964  0.813190  0.729020  0.745585  0.866568  0.758198  0.712597  0.610365  0.832704  0.647775  0.673145 0.0  0.789885  0.587992  0.787651  0.713776  0.813505  0.703608  0.739003  0.790935  0.787315  0.657805  0.645753  0.691734  0.751338  0.663147  0.761844  0.668584  0.695617  0.803335  0.615950  0.678209  0.700206  0.772670  0.686606  0.768479  0.816666  0.771793  0.752270  0.780262  0.901308  0.644173  0.502902  0.668730  0.871122  0.761903 
28  0.399520  0.517440  0.587563  0.570566  0.721410  0.504583  0.571403  0.587310  0.347575  0.821531  0.839113  0.921902  0.333489  0.789923  0.747042  0.523934  0.379317  0.544646  0.638351  0.651337  0.796487  0.870996  0.657040  0.874830  0.592943  0.968650  0.394300  0.789885 0.0  0.657759  0.756662  0.799441  0.709135  0.609855  0.669094  0.685862  0.818135  0.729675  0.818996  0.834994  0.708223  0.820975  0.528919  0.759036  0.443593  0.510324  0.668835  0.922563  0.713262  0.465749  0.783529  0.444764  0.704847  0.456916  0.683959  0.855041  0.654124  0.685438  0.923723  0.885135  0.609003  0.620327 
29  0.591634  0.825745  0.725158  0.731640  0.270250  0.805335  0.756895  0.741721  0.708587  0.287015  0.644353  0.717899  0.733829  0.430396  0.738048  0.619362  0.519362  0.649855  0.788529  0.746601  0.318516  0.407987  0.360595  0.350145  0.821941  0.319218  0.710388  0.587992  0.657759 0.0  0.330834  0.514151  0.179119  0.335928  0.307039  0.436461  0.324620  0.403363  0.390203  0.315960  0.341377  0.248101  0.792334  0.389180  0.606557  0.607492  0.442636  0.349281  0.293387  0.712358  0.320515  0.706147  0.757361  0.566939  0.352794  0.345217  0.771255  0.806108  0.687644  0.277457  0.873353  0.778686 
30  0.868879  0.644035  0.864357  0.734095  0.268674  0.779065  0.724693  0.748585  0.714203  0.557899  0.808010  0.814469  0.679633  0.438891  0.752837  0.632483  0.694688  0.658334  0.773042  0.886540  0.290011  0.358705  0.220049  0.370956  0.797403  0.369031  0.669944  0.787651  0.756662  0.330834 0.0  0.602985  0.364045  0.374093  0.365358  0.387469  0.374896  0.387367  0.411130  0.395609  0.323708  0.296508  0.767808  0.302974  0.699976  0.732593  0.304598  0.157559  0.401713  0.713456  0.263672  0.774489  0.732811  0.637883  0.231963  0.359324  0.806068  0.761896  0.692012  0.400912  0.842323  0.923626 
31  0.770370  0.692706  0.803955  0.684415  0.484761  0.787833  0.697228  0.825395  0.696595  0.333614  0.720143  0.764049  0.639995  0.152749  0.827820  0.636294  0.756578  0.671209  0.809157  0.823092  0.512449  0.284114  0.485518  0.365428  0.807609  0.288550  0.640662  0.713776  0.799441  0.514151  0.602985 0.0  0.403274  0.351831  0.291387  0.192468  0.262459  0.191329  0.387803  0.347260  0.328487  0.469413  0.672016  0.337195  0.723930  0.666377  0.461290  0.505415  0.349878  0.866038  0.381880  0.719166  0.653824  0.784912  0.463391  0.340017  0.777521  0.725003  0.698922  0.253724  0.808187  0.868976 
32  0.554651  0.772524  0.829777  0.772992  0.368284  0.760657  0.708729  0.824638  0.732936  0.325439  0.766956  0.826150  0.595892  0.437561  0.794739  0.624500  0.624536  0.726824  0.798857  0.711104  0.423878  0.422214  0.327871  0.376267  0.731415  0.351712  0.579735  0.813505  0.709135  0.179119  0.364045  0.403274 0.0  0.362534  0.297942  0.476202  0.339165  0.356677  0.374038  0.384818  0.261564  0.394448  0.845341  0.457659  0.556574  0.655475  0.461330  0.332319  0.426632  0.577146  0.388681  0.525678  0.767301  0.612470  0.348584  0.400745  0.781248  0.772448  0.691890  0.331677  0.789578  0.724443 
33  0.724994  0.707211  0.850476  0.837150  0.396448  0.684818  0.866074  0.868859  0.691573  0.497790  0.635252  0.724601  0.669288  0.326239  0.799606  0.555407  0.716719  0.556188  0.681171  0.814693  0.429849  0.226815  0.296717  0.141614  0.703478  0.199506  0.659286  0.703608  0.609855  0.335928  0.374093  0.351831  0.362534 0.0  0.319284  0.283522  0.225692  0.272010  0.175421  0.233709  0.224583  0.342226  0.817639  0.399010  0.704676  0.818398  0.423910  0.429940  0.168733  0.762969  0.356175  0.835194  0.618268  0.744619  0.410591  0.194729  0.719599  0.794200  0.767819  0.192018  0.727183  0.781720 
34  0.573667  0.639772  0.751502  0.713544  0.353961  0.657317  0.695101  0.782722  0.558247  0.330735  0.770227  0.732549  0.701687  0.294716  0.594755  0.520058  0.725160  0.701473  0.700266  0.656399  0.323361  0.346347  0.328245  0.320755  0.650128  0.309293  0.638389  0.739003  0.669094  0.307039  0.365358  0.291387  0.297942  0.319284 0.0  0.311888  0.274012  0.273226  0.379470  0.311404  0.276130  0.353615  0.660302  0.309242  0.711404  0.704203  0.349582  0.326224  0.308856  0.673943  0.323115  0.770738  0.627892  0.735011  0.400649  0.312065  0.724506  0.676835  0.637620  0.281714  0.638865  0.684465 
35  0.788876  0.642784  0.754105  0.759360  0.468073  0.789579  0.904670  0.823508  0.678807  0.358038  0.869009  0.864045  0.530502  0.193503  0.799656  0.560588  0.746822  0.678849  0.766462  0.831644  0.455389  0.286303  0.407782  0.285271  0.755471  0.282814  0.641524  0.790935  0.685862  0.436461  0.387469  0.192468  0.476202  0.283522  0.311888 0.0  0.340383  0.104162  0.324291  0.315596  0.280433  0.475832  0.702928  0.372608  0.705025  0.688510  0.327538  0.447025  0.275754  0.808399  0.494449  0.678997  0.770696  0.711771  0.462340  0.264610  0.851558  0.819877  0.729876  0.301797  0.745781  0.738672 
36  0.779583  0.719937  0.808365  0.896400  0.359984  0.749418  0.776699  0.834404  0.736494  0.545652  0.776332  0.690414  0.793202  0.293758  0.663219  0.573513  0.605699  0.652290  0.771945  0.882667  0.364846  0.212749  0.420687  0.240216  0.826893  0.189992  0.741591  0.787315  0.818135  0.324620  0.374896  0.262459  0.339165  0.225692  0.274012  0.340383 0.0  0.306973  0.232807  0.159201  0.207179  0.362722  0.723043  0.422570  0.731175  0.706692  0.488069  0.359004  0.199873  0.714043  0.371877  0.829599  0.675489  0.781033  0.340238  0.187878  0.791462  0.785283  0.776967  0.126209  0.712137  0.695763 
37  0.772466  0.711181  0.773280  0.803495  0.393943  0.789181  0.822129  0.627971  0.648319  0.357146  0.914601  0.761185  0.684503  0.178253  0.782181  0.617089  0.800675  0.728396  0.789073  0.761786  0.458893  0.248989  0.475045  0.306055  0.737704  0.264578  0.589412  0.657805  0.729675  0.403363  0.387367  0.191329  0.356677  0.272010  0.273226  0.104162  0.306973 0.0  0.295904  0.281583  0.240968  0.484588  0.758153  0.331581  0.723239  0.713502  0.287581  0.462271  0.279736  0.785565  0.352153  0.703463  0.822125  0.763713  0.431774  0.292340  0.561852  0.761539  0.610434  0.256821  0.719956  0.851567 
38  0.647618  0.767679  0.806736  0.822972  0.398875  0.680749  0.814462  0.833927  0.655742  0.493538  0.702952  0.803729  0.606275  0.330115  0.901268  0.615582  0.650587  0.707850  0.805624  0.797234  0.450297  0.228149  0.372732  0.206893  0.722858  0.201085  0.658421  0.645753  0.818996  0.390203  0.411130  0.387803  0.374038  0.175421  0.379470  0.324291  0.232807  0.295904 0.0  0.211619  0.245270  0.400587  0.708605  0.430043  0.677545  0.875086  0.395333  0.426368  0.198293  0.836488  0.369707  0.806214  0.825729  0.802993  0.365157  0.267895  0.774441  0.832689  0.860040  0.228683  0.861513  0.933402 
39  0.801598  0.705405  0.768341  0.789482  0.385159  0.899842  0.549675  0.876064  0.659963  0.512623  0.718080  0.690992  0.695255  0.325323  0.686961  0.518078  0.755130  0.757672  0.848935  0.922265  0.385430  0.251629  0.331418  0.235158  0.747446  0.223325  0.623155  0.691734  0.834994  0.315960  0.395609  0.347260  0.384818  0.233709  0.311404  0.315596  0.159201  0.281583  0.211619 0.0  0.195654  0.339630  0.776357  0.390161  0.726639  0.557274  0.395429  0.312425  0.232819  0.903442  0.399371  0.710251  0.794277  0.726817  0.343461  0.246727  0.701777  0.809210  0.670866  0.137585  0.855630  0.835277 
40  0.697084  0.676530  0.802356  0.799450  0.378480  0.812396  0.781959  0.906392  0.624430  0.500165  0.732805  0.680472  0.741783  0.306527  0.939475  0.582210  0.736984  0.700927  0.788857  0.823208  0.369953  0.216439  0.311855  0.211921  0.684368  0.157630  0.652292  0.751338  0.708223  0.341377  0.323708  0.328487  0.261564  0.224583  0.276130  0.280433  0.207179  0.240968  0.245270  0.195654 0.0  0.364169  0.721955  0.456092  0.763310  0.682998  0.441295  0.335902  0.252258  0.720826  0.387597  0.712918  0.844217  0.708661  0.303822  0.209005  0.809252  0.772650  0.640614  0.183381  0.866132  0.995773 
41  0.632033  0.773903  0.809192  0.720356  0.130429  0.969026  0.797829  0.881579  0.646135  0.582513  0.663979  0.653214  0.746737  0.471784  0.799340  0.549185  0.659553  0.702191  0.840833  0.930692  0.138615  0.395039  0.188574  0.441445  0.632785  0.298549  0.771233  0.663147  0.820975  0.248101  0.296508  0.469413  0.394448  0.342226  0.353615  0.475832  0.362722  0.484588  0.400587  0.339630  0.364169 0.0  0.748201  0.324669  0.862856  0.692073  0.278236  0.267918  0.488134  0.876417  0.234717  0.783162  0.866844  0.854062  0.310116  0.352405  0.972654  0.743598  0.634965  0.349716  0.851811  0.656265 
42  0.744505  0.312141  0.571651  0.317904  0.755471  0.298063  0.294379  0.293963  0.695409  0.718155  0.693476  0.603351  0.722545  0.893872  0.505249  0.473536  0.825620  0.627365  0.802298  0.835324  0.817608  0.771039  0.853080  0.724822  0.302379  0.717201  0.786027  0.761844  0.528919  0.792334  0.767808  0.672016  0.845341  0.817639  0.660302  0.702928  0.723043  0.758153  0.708605  0.776357  0.721955  0.748201 0.0  0.736983  0.667393  0.788885  0.628728  0.863089  0.798687  0.706140  0.777716  0.700430  0.549525  0.813904  0.757418  0.800472  0.450481  0.539675  0.667111  0.733286  0.709400  0.821355 
43  0.652012  0.666159  0.731795  0.734970  0.329653  0.748817  0.861371  0.852936  0.655724  0.312867  0.706200  0.741983  0.628291  0.274965  0.724177  0.490082  0.745761  0.659538  0.837714  0.754557  0.356634  0.449342  0.305050  0.553439  0.821474  0.479634  0.598089  0.668584  0.759036  0.389180  0.302974  0.337195  0.457659  0.399010  0.309242  0.372608  0.422570  0.331581  0.430043  0.390161  0.456092  0.324669  0.736983 0.0  0.780617  0.729561  0.200179  0.347507  0.466824  0.935837  0.324162  0.761868  0.863559  0.702257  0.395307  0.456265  0.704113  0.773461  0.756533  0.398305  0.724988  0.899729 
44  0.286821  0.843333  0.628256  0.820237  0.685499  0.768284  0.739643  0.678732  0.394154  0.512387  0.849251  0.820562  0.438771  0.780928  0.738705  0.548366  0.272665  0.654119  0.664090  0.682224  0.633137  0.693726  0.714776  0.748069  0.860903  0.797540  0.432831  0.695617  0.443593  0.606557  0.699976  0.723930  0.556574  0.704676  0.711404  0.705025  0.731175  0.723239  0.677545  0.726639  0.763310  0.862856  0.667393  0.780617 0.0  0.178642  0.771717  0.827315  0.862216  0.283422  0.785457  0.331322  0.680889  0.280186  0.781116  0.729442  0.681829  0.709652  0.705539  0.767078  0.712781  0.735846 
45  0.275996  0.786288  0.673913  0.788906  0.900966  0.611610  0.709564  0.820759  0.438024  0.543606  0.806560  0.916647  0.324225  0.710810  0.685760  0.590351  0.276419  0.604203  0.665284  0.629036  0.756378  0.779553  0.732587  0.768524  0.779103  0.781158  0.310855  0.803335  0.510324  0.607492  0.732593  0.666377  0.655475  0.818398  0.704203  0.688510  0.706692  0.713502  0.875086  0.557274  0.682998  0.692073  0.788885  0.729561  0.178642 0.0  0.808100  0.736188  0.763931  0.341150  0.627458  0.319153  0.670145  0.288330  0.693251  0.769543  0.873953  0.745086  0.878174  0.759073  0.667718  0.687704 
46  0.715500  0.735189  0.808743  0.658275  0.283599  0.807052  0.805197  0.795082  0.661359  0.377600  0.693807  0.761918  0.717661  0.384246  0.726840  0.601300  0.684476  0.626295  0.788955  0.725234  0.304350  0.456951  0.275426  0.532377  0.764566  0.487297  0.690712  0.615950  0.668835  0.442636  0.304598  0.461290  0.461330  0.423910  0.349582  0.327538  0.488069  0.287581  0.395333  0.395429  0.441295  0.278236  0.628728  0.200179  0.771717  0.808100 0.0  0.351695  0.474406  0.780513  0.331166  0.748052  0.812409  0.645042  0.362560  0.466273  0.815577  0.737518  0.659221  0.419919  0.800391  0.584046 
47  0.752137  0.664757  0.625780  0.857655  0.257015  0.766367  0.915376  0.828150  0.704064  0.432352  0.758179  0.745307  0.683544  0.507321  0.831713  0.587268  0.695930  0.677428  0.780868  0.595926  0.322867  0.357507  0.225423  0.370418  0.754794  0.372761  0.702074  0.678209  0.922563  0.349281  0.157559  0.505415  0.332319  0.429940  0.326224  0.447025  0.359004  0.462271  0.426368  0.312425  0.335902  0.267918  0.863089  0.347507  0.827315  0.736188  0.351695 0.0  0.447519  0.800911  0.261715  0.729538  0.773464  0.710257  0.181695  0.391117  0.705605  0.928091  0.660112  0.388677  0.753139  0.814578 
48  0.751888  0.745553  0.748283  0.921814  0.336108  0.760302  0.767204  0.878256  0.720351  0.520716  0.684478  0.761379  0.702633  0.325279  0.755476  0.537909  0.684050  0.672171  0.877927  0.746113  0.393333  0.221502  0.384102  0.186445  0.687464  0.195668  0.590302  0.700206  0.713262  0.293387  0.401713  0.349878  0.426632  0.168733  0.308856  0.275754  0.199873  0.279736  0.198293  0.232819  0.252258  0.488134  0.798687  0.466824  0.862216  0.763931  0.474406  0.447519 0.0  0.765386  0.339753  0.805880  0.780303  0.824991  0.439686  0.254492  0.873868  0.668800  0.659043  0.185237  0.802736  0.830234 
49  0.304641  0.835812  0.730982  0.783714  0.654109  0.605676  0.635687  0.717303  0.345216  0.676129  0.771822  0.811966  0.417961  0.839017  0.741217  0.610432  0.309531  0.612431  0.668673  0.653107  0.755875  0.809963  0.844000  0.824578  0.675962  0.661535  0.417002  0.772670  0.465749  0.712358  0.713456  0.866038  0.577146  0.762969  0.673943  0.808399  0.714043  0.785565  0.836488  0.903442  0.720826  0.876417  0.706140  0.935837  0.283422  0.341150  0.780513  0.800911  0.765386 0.0  0.784638  0.287871  0.585800  0.292012  0.663640  0.919526  0.737362  0.679613  0.777600  0.714440  0.652314  0.692834 
50  0.704793  0.658019  0.825356  0.658907  0.212406  0.812342  0.743554  0.784064  0.776952  0.485850  0.801592  0.771929  0.802778  0.431982  0.843757  0.655435  0.832164  0.766889  0.781491  0.819573  0.233844  0.437828  0.200468  0.311028  0.697340  0.315299  0.588581  0.686606  0.783529  0.320515  0.263672  0.381880  0.388681  0.356175  0.323115  0.494449  0.371877  0.352153  0.369707  0.399371  0.387597  0.234717  0.777716  0.324162  0.785457  0.627458  0.331166  0.261715  0.339753  0.784638 0.0  0.761035  0.895747  0.669046  0.279793  0.361471  0.893029  0.712503  0.732078  0.352897  0.725376  0.825600 
51  0.312043  0.756913  0.651479  0.803528  0.851427  0.580584  0.725541  0.833147  0.339447  0.611221  0.704224  0.753622  0.481915  0.749799  0.602123  0.632219  0.305027  0.662970  0.591371  0.690054  0.710709  0.815877  0.709487  0.684811  0.690597  0.604535  0.400825  0.768479  0.444764  0.706147  0.774489  0.719166  0.525678  0.835194  0.770738  0.678997  0.829599  0.703463  0.806214  0.710251  0.712918  0.783162  0.700430  0.761868  0.331322  0.319153  0.748052  0.729538  0.805880  0.287871  0.761035 0.0  0.612295  0.326110  0.847377  0.710160  0.640137  0.574031  0.709129  0.885123  0.639607  0.611211 
52  0.772458  0.631857  0.209123  0.605780  0.696147  0.509726  0.516890  0.483565  0.566504  0.765342  0.872779  0.791200  0.495158  0.899291  0.159203  0.654820  0.824766  0.446262  0.731555  0.720744  0.862138  0.704361  0.855956  0.789311  0.576924  0.725352  0.458873  0.816666  0.704847  0.757361  0.732811  0.653824  0.767301  0.618268  0.627892  0.770696  0.675489  0.822125  0.825729  0.794277  0.844217  0.866844  0.549525  0.863559  0.680889  0.670145  0.812409  0.773464  0.780303  0.585800  0.895747  0.612295 0.0  0.738757  0.684017  0.800957  0.227643  0.251970  0.641233  0.774965  0.610977  0.737925 
53  0.311626  0.779336  0.750327  0.638510  0.701082  0.638610  0.751892  0.670555  0.471533  0.545406  0.778130  0.757097  0.350192  0.825901  0.773813  0.488057  0.256108  0.657666  0.752870  0.713108  0.707988  0.687340  0.684605  0.646438  0.684912  0.804578  0.333867  0.771793  0.456916  0.566939  0.637883  0.784912  0.612470  0.744619  0.735011  0.711771  0.781033  0.763713  0.802993  0.726817  0.708661  0.854062  0.813904  0.702257  0.280186  0.288330  0.645042  0.710257  0.824991  0.292012  0.669046  0.326110  0.738757 0.0  0.686825  0.887484  0.804553  0.695852  0.898923  0.729605  0.759857  0.854329 
54  0.754954  0.795100  0.870493  0.806246  0.261442  0.725860  0.711734  0.774253  0.704320  0.514583  0.688508  0.721501  0.598728  0.505823  0.903783  0.632623  0.823061  0.647394  0.747973  0.766523  0.319648  0.398178  0.269021  0.458094  0.808142  0.391947  0.687279  0.752270  0.683959  0.352794  0.231963  0.463391  0.348584  0.410591  0.400649  0.462340  0.340238  0.431774  0.365157  0.343461  0.303822  0.310116  0.757418  0.395307  0.781116  0.693251  0.362560  0.181695  0.439686  0.663640  0.279793  0.847377  0.684017  0.686825 0.0  0.474059  0.786637  0.612525  0.814901  0.353718  0.787128  0.764499 
55  0.683426  0.630389  0.758917  0.743927  0.386858  0.780296  0.669640  0.830581  0.740718  0.405705  0.699766  0.839258  0.619597  0.286351  0.806081  0.447624  0.716253  0.667501  0.787049  0.841345  0.396328  0.223054  0.291336  0.268955  0.678482  0.183133  0.616401  0.780262  0.855041  0.345217  0.359324  0.340017  0.400745  0.194729  0.312065  0.264610  0.187878  0.292340  0.267895  0.246727  0.209005  0.352405  0.800472  0.456265  0.729442  0.769543  0.466273  0.391117  0.254492  0.919526  0.361471  0.710160  0.800957  0.887484  0.474059 0.0  0.926031  0.715568  0.700824  0.199397  0.748403  0.779490 
56  0.630570  0.476650  0.259967  0.516094  0.807172  0.484046  0.640147  0.496962  0.569058  0.710652  0.909293  0.777451  0.521068  0.845210  0.230890  0.580420  0.815101  0.505226  0.664858  0.695333  0.778575  0.742153  0.786852  0.792809  0.581314  0.780538  0.564667  0.901308  0.654124  0.771255  0.806068  0.777521  0.781248  0.719599  0.724506  0.851558  0.791462  0.561852  0.774441  0.701777  0.809252  0.972654  0.450481  0.704113  0.681829  0.873953  0.815577  0.705605  0.873868  0.737362  0.893029  0.640137  0.227643  0.804553  0.786637  0.926031 0.0  0.205249  0.669026  0.720780  0.776727  0.763701 
57  0.632053  0.613437  0.243862  0.509248  0.778085  0.552538  0.468163  0.573661  0.679470  0.629638  0.799842  0.777771  0.478880  0.728481  0.277170  0.524489  0.727148  0.539287  0.810469  0.760004  0.795293  0.815480  0.830509  0.789478  0.534993  0.744627  0.605876  0.644173  0.685438  0.806108  0.761896  0.725003  0.772448  0.794200  0.676835  0.819877  0.785283  0.761539  0.832689  0.809210  0.772650  0.743598  0.539675  0.773461  0.709652  0.745086  0.737518  0.928091  0.668800  0.679613  0.712503  0.574031  0.251970  0.695852  0.612525  0.715568  0.205249 0.0  0.682662  0.790482  0.737036  0.750227 
58  0.889418  0.609859  0.906147  0.714884  0.633877  0.754564  0.843370  0.835947  0.791971  0.709078  0.425711  0.352540  0.782976  0.692118  0.687086  0.633035  0.647610  0.684002  0.709269  0.859808  0.675546  0.613123  0.702485  0.649626  0.740335  0.757625  0.777525  0.502902  0.923723  0.687644  0.692012  0.698922  0.691890  0.767819  0.637620  0.729876  0.776967  0.610434  0.860040  0.670866  0.640614  0.634965  0.667111  0.756533  0.705539  0.878174  0.659221  0.660112  0.659043  0.777600  0.732078  0.709129  0.641233  0.898923  0.814901  0.700824  0.669026  0.682662 0.0  0.732071  0.879580  0.726110 
59  0.712604  0.719954  0.881187  0.663632  0.326206  0.778595  0.710139  0.701578  0.696992  0.420260  0.736857  0.717382  0.727642  0.283359  0.775577  0.598612  0.724783  0.736797  0.843884  0.928794  0.343327  0.232338  0.377637  0.224134  0.791381  0.177541  0.585236  0.668730  0.885135  0.277457  0.400912  0.253724  0.331677  0.192018  0.281714  0.301797  0.126209  0.256821  0.228683  0.137585  0.183381  0.349716  0.733286  0.398305  0.767078  0.759073  0.419919  0.388677  0.185237  0.714440  0.352897  0.885123  0.774965  0.729605  0.353718  0.199397  0.720780  0.790482  0.732071 0.0  0.871898  0.867529 
60  0.664656  0.739433  0.719892  0.786471  0.774164  0.848094  0.759872  0.773888  0.386447  0.686331  0.956554  0.837412  0.602872  0.786318  0.751183  0.683952  0.734935  0.390512  0.154425  0.175304  0.835967  0.785049  0.828468  0.749552  0.724688  0.835256  0.696486  0.871122  0.609003  0.873353  0.842323  0.808187  0.789578  0.727183  0.638865  0.745781  0.712137  0.719956  0.861513  0.855630  0.866132  0.851811  0.709400  0.724988  0.712781  0.667718  0.800391  0.753139  0.802736  0.652314  0.725376  0.639607  0.610977  0.759857  0.787128  0.748403  0.776727  0.737036  0.879580  0.871898 0.0  0.128347 
61  0.676198  0.795291  0.646354  0.722922  0.773822  0.781777  0.807888  0.769670  0.452135  0.659263  0.759777  0.795876  0.619176  0.662356  0.763680  0.639222  0.674226  0.277931  0.167953  0.176462  0.836130  0.740417  0.760290  0.793778  0.706943  0.773599  0.631100  0.761903  0.620327  0.778686  0.923626  0.868976  0.724443  0.781720  0.684465  0.738672  0.695763  0.851567  0.933402  0.835277  0.995773  0.656265  0.821355  0.899729  0.735846  0.687704  0.584046  0.814578  0.830234  0.692834  0.825600  0.611211  0.737925  0.854329  0.764499  0.779490  0.763701  0.750227  0.726110  0.867529  0.128347 0.0 
