62
0 0.0  0.662267  0.731292  0.630571  0.612770  0.715724  0.697072  0.709831  0.439030  0.513562  0.814116  0.771127  0.368704  0.685307  0.687523  0.588162  0.188903  0.627110  0.659100  0.723164  0.702077  0.609936  0.772877  0.749991  0.655448  0.755926  0.336613  0.718822  0.439954  0.549790  0.782326  0.722680  0.620234  0.661990  0.614105  0.606942  0.673951  0.761292  0.709473  0.682992  0.596007  0.682829  0.717266  0.640205  0.275885  0.311978  0.775173  0.562827  0.771474  0.372546  0.741116  0.271193  0.768846  0.333910  0.777275  0.701675  0.639324  0.638300  0.823595  0.751746  0.645353  0.643434 
1  0.662267 0.0  0.594226  0.211916  0.775266  0.207015  0.187937  0.214355  0.652830  0.764683  0.691957  0.772690  0.694938  0.686850  0.568910  0.454983  0.755772  0.700668  0.784739  0.755378  0.798603  0.627606  0.772209  0.745734  0.224926  0.696845  0.664809  0.653432  0.619246  0.712191  0.821681  0.723458  0.697947  0.790892  0.717967  0.597044  0.673576  0.618001  0.682669  0.894360  0.760880  0.885306  0.348707  0.736791  0.829635  0.723465  0.743808  0.603870  0.733223  0.753820  0.656016  0.736277  0.509841  0.767882  0.687698  0.637969  0.474391  0.492538  0.681776  0.745440  0.933092  0.628863 
2  0.731292  0.594226 0.0  0.573873  0.872259  0.460666  0.498964  0.541794  0.664771  0.758173  0.851329  0.941825  0.559559  0.771581  0.261529  0.610372  0.685702  0.573450  0.670022  0.671504  0.801936  0.783425  0.878963  0.867733  0.557667  0.789293  0.515293  0.710188  0.741883  0.761130  0.782915  1.000000  0.750735  0.865700  0.800571  0.774378  0.911198  0.751615  0.786525  0.891831  0.783815  0.837574  0.554940  0.756068  0.825063  0.705685  0.747314  0.770121  0.791692  0.704800  0.730023  0.702830  0.249353  0.800184  0.715654  0.875952  0.246136  0.246062  0.757191  0.749673  0.680246  0.651373 
3  0.630571  0.211916  0.573873 0.0  0.824844  0.188907  0.172882  0.193973  0.630318  0.797269  0.824142  0.657728  0.787319  0.563069  0.566080  0.540827  0.723093  0.721574  0.798495  0.752148  0.863853  0.651428  0.800952  0.749073  0.201172  0.823764  0.758337  0.658863  0.529191  0.724819  0.770652  0.685689  0.785300  0.689914  0.718488  0.722608  0.740822  0.739610  0.865678  0.725590  0.737344  0.836885  0.356987  0.846888  0.704771  0.700685  0.723681  0.771727  0.775800  0.642597  0.690717  0.695110  0.540053  0.730146  0.786028  0.696366  0.512282  0.512427  0.716938  0.904807  0.688514  0.837863 
4  0.612770  0.775266  0.872259  0.824844 0.0  0.827643  0.733237  0.653363  0.748268  0.510992  0.799982  0.786913  0.692177  0.453496  0.723564  0.549090  0.801656  0.825385  0.752004  0.732997  0.149437  0.440932  0.237624  0.496491  0.793889  0.313234  0.701461  0.661648  0.900824  0.245944  0.292006  0.546646  0.371328  0.386502  0.342986  0.431348  0.354452  0.430049  0.453593  0.408190  0.304566  0.144161  0.734966  0.324008  0.791499  0.718632  0.347704  0.334712  0.417457  0.886767  0.246005  0.841360  0.813361  0.719752  0.293495  0.399516  0.707766  0.742991  0.726910  0.365377  0.773843  0.825806 
5  0.715724  0.207015  0.460666  0.188907  0.827643 0.0  0.141558  0.163837  0.642075  0.729200  0.850494  0.776954  0.701849  0.826143  0.498477  0.546618  0.791103  0.719098  0.767043  0.822734  0.822532  0.755872  0.872018  0.828652  0.241238  0.776282  0.765198  0.609588  0.552454  0.664849  0.764672  0.784973  0.774068  0.954949  0.682165  0.748314  0.881066  0.783776  0.775515  0.796315  0.849618  0.858885  0.320613  0.913589  0.699309  0.658689  0.819990  0.802408  0.784857  0.680288  0.919532  0.754726  0.464269  0.770649  0.754583  0.730676  0.512367  0.682790  0.803584  0.823689  0.767227  0.714337 
6  0.697072  0.187937  0.498964  0.172882  0.733237  0.141558 0.0  0.188213  0.644586  0.862917  0.705671  0.663865  0.800608  0.796942  0.554651  0.523864  0.682785  0.750730  0.711863  0.822109  0.715841  0.804564  0.735511  0.863284  0.236871  0.750085  0.648092  0.759405  0.587280  0.862144  0.667294  0.888552  0.649488  0.883167  0.765725  0.887644  0.724897  0.721600  0.923925  0.696610  0.730546  0.643297  0.294163  0.842579  0.734007  0.851034  0.757775  0.889513  0.782609  0.737693  0.929930  0.731486  0.507126  0.691830  0.732477  0.753343  0.495375  0.508752  0.912566  0.796017  0.710148  0.891408 
7  0.709831  0.214355  0.541794  0.193973  0.653363  0.163837  0.188213 0.0  0.524281  0.871100  0.643515  0.659437  0.757824  0.885017  0.548623  0.534515  0.691814  0.680106  0.773113  0.656501  0.823804  0.719315  0.852100  0.737164  0.244832  0.745442  0.781376  0.787103  0.644472  0.698698  0.766416  0.768464  0.892425  0.840412  0.682135  0.746357  0.891443  0.779281  0.804190  0.710262  0.708107  0.725258  0.301629  0.792633  0.741432  0.768519  0.834352  0.779736  0.834166  0.638025  0.771041  0.819024  0.537268  0.624151  0.704554  0.712241  0.526845  0.498681  0.736697  0.757582  0.870968  0.767506 
8  0.439030  0.652830  0.664771  0.630318  0.748268  0.642075  0.644586  0.524281 0.0  0.650643  0.863758  0.762046  0.372910  0.772524  0.724785  0.589988  0.437131  0.669691  0.532278  0.477589  0.719215  0.747092  0.724709  0.719664  0.687959  0.741576  0.415331  0.709779  0.346430  0.751930  0.629047  0.780490  0.772621  0.769008  0.666586  0.749575  0.589184  0.760918  0.687188  0.702468  0.651541  0.656712  0.601342  0.781035  0.357395  0.425950  0.666570  0.813550  0.623425  0.334897  0.804489  0.367503  0.586971  0.418369  0.570721  0.679087  0.680112  0.615217  0.713529  0.654585  0.445030  0.491168 
9  0.513562  0.764683  0.758173  0.797269  0.510992  0.729200  0.862917  0.871100  0.650643 0.0  0.782524  0.855091  0.704594  0.340895  0.836439  0.663612  0.508075  0.676637  0.741648  0.740543  0.585295  0.512361  0.540305  0.411193  0.742135  0.518213  0.607001  0.684131  0.741979  0.315732  0.444531  0.370885  0.352873  0.484402  0.389366  0.402413  0.519088  0.383714  0.431894  0.477332  0.410239  0.457762  0.885622  0.395336  0.626939  0.557874  0.364803  0.481481  0.511180  0.672362  0.490777  0.544540  0.731909  0.658396  0.572054  0.450918  0.789300  0.655151  0.652791  0.437496  0.809875  0.726962 
10  0.814116  0.691957  0.851329  0.824142  0.799982  0.850494  0.705671  0.643515  0.863758  0.782524 0.0  0.219568  0.796403  0.820577  0.830906  0.617130  0.806785  0.877035  0.773931  0.914937  0.701973  0.796529  0.729272  0.631675  0.666253  0.738421  0.855620  0.312362  0.808200  0.713195  0.678589  0.680416  0.592459  0.658136  0.672403  0.825762  0.642093  0.758956  0.710709  0.714862  0.795947  0.765453  0.777772  0.762343  0.871265  0.744216  0.715369  0.697388  0.779417  0.781140  0.669268  0.744013  0.708800  0.855976  0.832665  0.807156  0.860171  0.754909  0.431011  0.731601  0.761684  0.802812 
11  0.771127  0.772690  0.941825  0.657728  0.786913  0.776954  0.663865  0.659437  0.762046  0.855091  0.219568 0.0  0.804587  0.813973  0.790713  0.649591  0.808970  0.891257  0.901827  0.880768  0.801397  0.738888  0.785674  0.764915  0.702032  0.737642  0.862359  0.316859  0.880215  0.798868  0.781226  0.840579  0.816591  0.823003  0.703971  0.889449  0.699382  0.816913  0.727756  0.874430  0.777016  0.762414  0.625666  0.853863  0.920019  0.872769  0.756712  0.789024  0.814278  0.833453  0.645717  0.921750  0.726741  0.755713  0.681656  0.818327  0.766926  0.840258  0.440405  0.795501  0.790963  0.925029 
12  0.368704  0.694938  0.559559  0.787319  0.692177  0.701849  0.800608  0.757824  0.372910  0.704594  0.796403  0.804587 0.0  0.595818  0.508235  0.677605  0.393249  0.456221  0.608081  0.665167  0.684697  0.745125  0.758062  0.732206  0.623269  0.724571  0.148061  0.752352  0.333800  0.775195  0.634959  0.728410  0.720635  0.733847  0.598895  0.601608  0.732297  0.648188  0.645022  0.661609  0.700044  0.770007  0.758806  0.729720  0.438492  0.343838  0.786460  0.702119  0.713901  0.431604  0.787583  0.405862  0.519162  0.419439  0.735220  0.755784  0.513204  0.497425  0.802084  0.632603  0.597797  0.569745 
13  0.685307  0.686850  0.771581  0.563069  0.453496  0.826143  0.796942  0.885017  0.772524  0.340895  0.820577  0.813973  0.595818 0.0  0.975661  0.589342  0.668288  0.601298  0.780177  0.781886  0.522533  0.347360  0.537377  0.333418  0.677044  0.275932  0.678217  0.695682  0.760192  0.399227  0.521818  0.171728  0.443891  0.348951  0.329319  0.199390  0.351589  0.196013  0.362665  0.391909  0.316465  0.509141  0.778831  0.328178  0.679575  0.692507  0.425559  0.567287  0.320863  0.851722  0.504456  0.759521  0.801639  0.812804  0.541302  0.321244  0.725788  0.863181  0.727586  0.262940  0.706152  0.754938 
14  0.687523  0.568910  0.261529  0.566080  0.723564  0.498477  0.554651  0.548623  0.724785  0.836439  0.830906  0.790713  0.508235  0.975661 0.0  0.631611  0.707641  0.453658  0.774086  0.840035  0.631343  0.765554  0.719455  0.789199  0.577286  0.734178  0.498135  0.809613  0.780220  0.732954  0.819436  0.799262  0.614173  0.819645  0.695957  0.746708  0.772828  0.845537  0.911790  0.759461  0.793879  0.864588  0.675122  0.843394  0.769078  0.695910  0.740009  0.814602  0.900365  0.678324  0.889090  0.712127  0.168053  0.660557  0.722508  0.683413  0.225760  0.260865  0.860775  0.725089  0.695036  0.687693 
15  0.588162  0.454983  0.610372  0.540827  0.549090  0.546618  0.523864  0.534515  0.589988  0.663612  0.617130  0.649591  0.677605  0.589342  0.631611 0.0  0.555738  0.573154  0.586246  0.638164  0.606386  0.615449  0.579808  0.527403  0.516552  0.517664  0.548755  0.671936  0.624074  0.532749  0.599425  0.493782  0.547053  0.575743  0.615465  0.602049  0.658239  0.607784  0.580075  0.600663  0.672177  0.524149  0.456077  0.553844  0.655285  0.649296  0.546681  0.594250  0.578249  0.560457  0.527340  0.607257  0.609586  0.642839  0.624002  0.476210  0.627788  0.590435  0.608884  0.516384  0.647585  0.550722 
16  0.188903  0.755772  0.685702  0.723093  0.801656  0.791103  0.682785  0.691814  0.437131  0.508075  0.806785  0.808970  0.393249  0.668288  0.707641  0.555738 0.0  0.604135  0.684247  0.647160  0.701732  0.700778  0.796746  0.626367  0.728138  0.707278  0.339803  0.677096  0.482094  0.600090  0.824340  0.771675  0.530361  0.727812  0.745269  0.724359  0.624222  0.772449  0.620340  0.765385  0.756842  0.713683  0.627946  0.667301  0.312017  0.265776  0.691306  0.839511  0.843432  0.321292  0.754788  0.291609  0.679846  0.354366  0.669185  0.614975  0.640829  0.623403  0.621071  0.813193  0.720789  0.676100 
17  0.627110  0.700668  0.573450  0.721574  0.825385  0.719098  0.750730  0.680106  0.669691  0.676637  0.877035  0.891257  0.456221  0.601298  0.453658  0.573154  0.604135 0.0  0.372272  0.327156  0.682638  0.646714  0.611967  0.683625  0.743313  0.683725  0.468020  0.681307  0.660952  0.626295  0.739570  0.770711  0.726640  0.751900  0.712303  0.663574  0.642745  0.688244  0.665203  0.756933  0.712098  0.723303  0.744899  0.834522  0.683117  0.611072  0.601459  0.717251  0.555348  0.658283  0.568861  0.718071  0.408513  0.715083  0.654288  0.692152  0.544572  0.482872  0.732754  0.745136  0.321057  0.343745 
18  0.659100  0.784739  0.670022  0.798495  0.752004  0.767043  0.711863  0.773113  0.532278  0.741648  0.773931  0.901827  0.608081  0.780177  0.774086  0.586246  0.684247  0.372272 0.0  0.230498  0.815225  0.644997  0.763528  0.735519  0.744424  0.777465  0.636057  0.775454  0.612556  0.847634  0.782997  0.798314  0.803966  0.868241  0.625298  0.699572  0.739678  0.769329  0.799248  0.761516  0.804884  0.650248  0.738590  0.786560  0.657845  0.630581  0.803190  0.891299  0.825279  0.638878  0.748825  0.640567  0.705606  0.553160  0.834819  0.966651  0.658947  0.686280  0.762677  0.730731  0.171683  0.186780 
19  0.723164  0.755378  0.671504  0.752148  0.732997  0.822734  0.822109  0.656501  0.477589  0.740543  0.914937  0.880768  0.665167  0.781886  0.840035  0.638164  0.647160  0.327156  0.230498 0.0  0.674127  0.742503  0.732211  0.814592  0.768718  0.728132  0.556306  0.792555  0.590731  0.799546  0.637588  0.774369  0.861494  0.813502  0.831017  0.889487  0.866519  0.779635  0.758988  0.791306  0.805956  0.797444  0.834996  0.783604  0.677274  0.724729  0.777647  0.935468  0.789360  0.679181  0.761678  0.659230  0.658831  0.768054  0.745085  0.732361  0.794101  0.633394  0.970039  0.821714  0.174912  0.200816 
20  0.702077  0.798603  0.801936  0.863853  0.149437  0.822532  0.715841  0.823804  0.719215  0.585295  0.701973  0.801397  0.684697  0.522533  0.631343  0.606386  0.701732  0.682638  0.815225  0.674127 0.0  0.417166  0.268995  0.407617  0.878105  0.311676  0.609272  0.755562  0.742601  0.308463  0.299786  0.503582  0.415823  0.394660  0.362826  0.555293  0.395371  0.476981  0.373555  0.367180  0.413155  0.168007  0.673277  0.377067  0.716051  0.691661  0.326417  0.313596  0.417727  0.643169  0.245082  0.861984  0.808739  0.840552  0.297468  0.374073  0.676892  0.742479  0.735458  0.336992  0.786007  0.838181 
21  0.609936  0.627606  0.783425  0.651428  0.440932  0.755872  0.804564  0.719315  0.747092  0.512361  0.796529  0.738888  0.745125  0.347360  0.765554  0.615449  0.700778  0.646714  0.644997  0.742503  0.417166 0.0  0.363644  0.243840  0.727591  0.228722  0.814314  0.640097  0.681442  0.380465  0.357585  0.368867  0.401542  0.206381  0.376752  0.328229  0.279373  0.291439  0.255373  0.237837  0.244271  0.405850  0.747774  0.421390  0.772443  0.832026  0.413560  0.426891  0.251366  0.784928  0.390669  0.689207  0.781881  0.709648  0.400898  0.234789  0.823830  0.747323  0.829405  0.253232  0.720810  0.712482 
22  0.772877  0.772209  0.878963  0.800952  0.237624  0.872018  0.735511  0.852100  0.724709  0.540305  0.729272  0.785674  0.758062  0.537377  0.719455  0.579808  0.796746  0.611967  0.763528  0.732211  0.268995  0.363644 0.0  0.311781  0.762869  0.337247  0.730524  0.730937  0.764225  0.369698  0.246453  0.475338  0.391606  0.341003  0.324701  0.514062  0.401480  0.481307  0.446348  0.383326  0.408572  0.201271  0.745530  0.312307  0.905302  0.671178  0.302859  0.215426  0.412823  0.723200  0.252945  0.757561  0.793612  0.775947  0.265630  0.263640  0.836351  0.741016  0.737205  0.379789  0.927691  0.803058 
23  0.749991  0.745734  0.867733  0.749073  0.496491  0.828652  0.863284  0.737164  0.719664  0.411193  0.631675  0.764915  0.732206  0.333418  0.789199  0.527403  0.626367  0.683625  0.735519  0.814592  0.407617  0.243840  0.311781 0.0  0.802208  0.237445  0.637762  0.730851  0.758737  0.361489  0.412180  0.329067  0.384355  0.147101  0.339956  0.319978  0.204278  0.293486  0.222308  0.211945  0.226487  0.453826  0.795970  0.483409  0.672957  0.752868  0.495759  0.414503  0.211247  0.601641  0.354235  0.705794  0.663644  0.730881  0.425942  0.263655  0.728255  0.855258  0.625718  0.223077  0.828801  0.787945 
24  0.655448  0.224926  0.557667  0.201172  0.793889  0.241238  0.236871  0.244832  0.687959  0.742135  0.666253  0.702032  0.623269  0.677044  0.577286  0.516552  0.728138  0.743313  0.744424  0.768718  0.878105  0.727591  0.762869  0.802208 0.0  0.855479  0.738250  0.811414  0.627339  0.526966  0.808641  0.788963  0.732043  0.834049  0.663149  0.709604  0.738156  0.715618  0.782637  0.716263  0.759888  0.797429  0.262562  0.664422  0.780696  0.755692  0.604536  0.763212  0.784379  0.548418  0.921891  0.786382  0.575240  0.752088  0.627141  0.642586  0.504464  0.494967  0.651798  0.821216  0.754846  0.713755 
25  0.755926  0.696845  0.789293  0.823764  0.313234  0.776282  0.750085  0.745442  0.741576  0.518213  0.738421  0.737642  0.724571  0.275932  0.734178  0.517664  0.707278  0.683725  0.777465  0.728132  0.311676  0.228722  0.337247  0.237445  0.855479 0.0  0.643989  0.765813  0.798773  0.324801  0.321319  0.310909  0.310080  0.205821  0.313501  0.310841  0.230054  0.302913  0.256597  0.221783  0.180497  0.366377  0.803699  0.439135  0.773199  0.750773  0.532464  0.343475  0.192748  0.742902  0.372389  0.787281  0.762494  0.687553  0.408265  0.206858  0.726814  0.771698  0.624305  0.191270  0.768596  0.816374 
26  0.336613  0.664809  0.515293  0.758337  0.701461  0.765198  0.648092  0.781376  0.415331  0.607001  0.855620  0.862359  0.148061  0.678217  0.498135  0.548755  0.339803  0.468020  0.636057  0.556306  0.609272  0.814314  0.730524  0.637762  0.738250  0.643989 0.0  0.818818  0.422325  0.705927  0.674247  0.605197  0.640474  0.681446  0.598999  0.582289  0.725789  0.630023  0.562906  0.698851  0.677990  0.585662  0.751901  0.673507  0.446806  0.380489  0.712487  0.731148  0.690824  0.388818  0.730298  0.392967  0.471586  0.440649  0.736865  0.665301  0.533530  0.571542  0.731069  0.706756  0.614382  0.678222 
27  0.718822  0.653432  0.710188  0.658863  0.661648  0.609588  0.759405  0.787103  0.709779  0.684131  0.312362  0.316859  0.752352  0.695682  0.809613  0.671936  0.677096  0.681307  0.775454  0.792555  0.755562  0.640097  0.730937  0.730851  0.811414  0.765813  0.818818 0.0  0.812675  0.646774  0.691737  0.783343  0.770397  0.722176  0.708004  0.734960  0.720775  0.666827  0.903047  0.661336  0.696784  0.684536  0.680141  0.750960  0.752892  0.756352  0.671402  0.655866  0.748869  0.840755  0.742372  0.754136  0.723266  0.883852  0.717125  0.739515  0.684215  0.786858  0.461597  0.770860  0.759856  0.766446 
28  0.439954  0.619246  0.741883  0.529191  0.900824  0.552454  0.587280  0.644472  0.346430  0.741979  0.808200  0.880215  0.333800  0.760192  0.780220  0.624074  0.482094  0.660952  0.612556  0.590731  0.742601  0.681442  0.764225  0.758737  0.627339  0.798773  0.422325  0.812675 0.0  0.770011  0.809970  0.846645  0.713594  0.730295  0.693627  0.822741  0.660888  0.832126  0.664028  0.812049  0.816789  0.828657  0.616202  0.763025  0.490882  0.448214  0.673351  0.758253  0.771291  0.464496  0.852126  0.481275  0.668629  0.461264  0.662327  0.686198  0.628383  0.614319  0.918072  0.836545  0.596228  0.662327 
29  0.549790  0.712191  0.761130  0.724819  0.245944  0.664849  0.862144  0.698698  0.751930  0.315732  0.713195  0.798868  0.775195  0.399227  0.732954  0.532749  0.600090  0.626295  0.847634  0.799546  0.308463  0.380465  0.369698  0.361489  0.526966  0.324801  0.705927  0.646774  0.770011 0.0  0.334898  0.499043  0.195467  0.372055  0.308416  0.386338  0.342444  0.472297  0.359457  0.311680  0.345794  0.310559  0.631473  0.400640  0.593582  0.611207  0.481101  0.420149  0.339989  0.660539  0.359766  0.629927  0.787177  0.529936  0.442855  0.326316  0.752136  0.794528  0.689622  0.361153  0.814918  0.833323 
30  0.782326  0.821681  0.782915  0.770652  0.292006  0.764672  0.667294  0.766416  0.629047  0.444531  0.678589  0.781226  0.634959  0.521818  0.819436  0.599425  0.824340  0.739570  0.782997  0.637588  0.299786  0.357585  0.246453  0.412180  0.808641  0.321319  0.674247  0.691737  0.809970  0.334898 0.0  0.540478  0.356253  0.414411  0.345232  0.433252  0.396094  0.440187  0.412082  0.313855  0.373903  0.297652  0.849004  0.380952  0.829799  0.732537  0.328751  0.161921  0.385288  0.805510  0.273030  0.793759  0.837099  0.696163  0.214729  0.342341  0.802125  0.688793  0.643394  0.373648  0.732022  0.727866 
31  0.722680  0.723458  1.000000  0.685689  0.546646  0.784973  0.888552  0.768464  0.780490  0.370885  0.680416  0.840579  0.728410  0.171728  0.799262  0.493782  0.771675  0.770711  0.798314  0.774369  0.503582  0.368867  0.475338  0.329067  0.788963  0.310909  0.605197  0.783343  0.846645  0.499043  0.540478 0.0  0.428892  0.342221  0.295281  0.232540  0.322146  0.203624  0.328898  0.338336  0.318441  0.449756  0.787948  0.337460  0.746371  0.791829  0.365102  0.489796  0.384064  0.716732  0.527264  0.706597  0.635735  0.821959  0.528521  0.357286  0.673514  0.894824  0.669581  0.303550  0.830642  0.914444 
32  0.620234  0.697947  0.750735  0.785300  0.371328  0.774068  0.649488  0.892425  0.772621  0.352873  0.592459  0.816591  0.720635  0.443891  0.614173  0.547053  0.530361  0.726640  0.803966  0.861494  0.415823  0.401542  0.391606  0.384355  0.732043  0.310080  0.640474  0.770397  0.713594  0.195467  0.356253  0.428892 0.0  0.383371  0.300573  0.406776  0.328331  0.385915  0.348135  0.362163  0.307557  0.473716  0.924520  0.472071  0.652389  0.591568  0.461939  0.314733  0.376897  0.587111  0.331294  0.605463  0.778058  0.510016  0.322869  0.369036  0.761444  0.613188  0.670028  0.353018  0.835012  0.667276 
33  0.661990  0.790892  0.865700  0.689914  0.386502  0.954949  0.883167  0.840412  0.769008  0.484402  0.658136  0.823003  0.733847  0.348951  0.819645  0.575743  0.727812  0.751900  0.868241  0.813502  0.394660  0.206381  0.341003  0.147101  0.834049  0.205821  0.681446  0.722176  0.730295  0.372055  0.414411  0.342221  0.383371 0.0  0.310528  0.299179  0.258124  0.277546  0.188666  0.238272  0.245034  0.402616  0.890484  0.426044  0.683510  0.720838  0.439988  0.373488  0.209910  0.838611  0.321767  0.861961  0.795499  0.716442  0.381510  0.234392  0.785882  0.764426  0.656044  0.226492  0.937090  0.834675 
34  0.614105  0.717967  0.800571  0.718488  0.342986  0.682165  0.765725  0.682135  0.666586  0.389366  0.672403  0.703971  0.598895  0.329319  0.695957  0.615465  0.745269  0.712303  0.625298  0.831017  0.362826  0.376752  0.324701  0.339956  0.663149  0.313501  0.598999  0.708004  0.693627  0.308416  0.345232  0.295281  0.300573  0.310528 0.0  0.338682  0.348418  0.274261  0.338836  0.368953  0.291159  0.348417  0.706401  0.305588  0.748357  0.714869  0.357948  0.320721  0.305915  0.674477  0.326753  0.676456  0.639219  0.690027  0.384671  0.366681  0.739872  0.706523  0.612826  0.372626  0.700137  0.678923 
35  0.606942  0.597044  0.774378  0.722608  0.431348  0.748314  0.887644  0.746357  0.749575  0.402413  0.825762  0.889449  0.601608  0.199390  0.746708  0.602049  0.724359  0.663574  0.699572  0.889487  0.555293  0.328229  0.514062  0.319978  0.709604  0.310841  0.582289  0.734960  0.822741  0.386338  0.433252  0.232540  0.406776  0.299179  0.338682 0.0  0.308507  0.126098  0.298222  0.341352  0.267672  0.478900  0.735175  0.374662  0.680308  0.787944  0.333148  0.489880  0.267496  0.690903  0.442939  0.714574  0.895583  0.683973  0.458021  0.316720  0.743782  0.819442  0.630686  0.320651  0.830363  0.833679 
36  0.673951  0.673576  0.911198  0.740822  0.354452  0.881066  0.724897  0.891443  0.589184  0.519088  0.642093  0.699382  0.732297  0.351589  0.772828  0.658239  0.624222  0.642745  0.739678  0.866519  0.395371  0.279373  0.401480  0.204278  0.738156  0.230054  0.725789  0.720775  0.660888  0.342444  0.396094  0.322146  0.328331  0.258124  0.348418  0.308507 0.0  0.274789  0.253545  0.170321  0.227493  0.447855  0.771339  0.451920  0.751110  0.885722  0.477540  0.392572  0.233504  0.724420  0.369654  0.751755  0.878935  0.753321  0.441802  0.253100  0.861894  0.887027  0.739934  0.142439  0.904843  0.754167 
37  0.761292  0.618001  0.751615  0.739610  0.430049  0.783776  0.721600  0.779281  0.760918  0.383714  0.758956  0.816913  0.648188  0.196013  0.845537  0.607784  0.772449  0.688244  0.769329  0.779635  0.476981  0.291439  0.481307  0.293486  0.715618  0.302913  0.630023  0.666827  0.832126  0.472297  0.440187  0.203624  0.385915  0.277546  0.274261  0.126098  0.274789 0.0  0.337646  0.330587  0.307558  0.469931  0.712366  0.329996  0.706831  0.784113  0.308028  0.505495  0.315129  0.771311  0.357588  0.762595  0.818860  0.649040  0.498719  0.280824  0.712139  0.731114  0.759801  0.302449  0.900530  0.710057 
38  0.709473  0.682669  0.786525  0.865678  0.453593  0.775515  0.923925  0.804190  0.687188  0.431894  0.710709  0.727756  0.645022  0.362665  0.911790  0.580075  0.620340  0.665203  0.799248  0.758988  0.373555  0.255373  0.446348  0.222308  0.782637  0.256597  0.562906  0.903047  0.664028  0.359457  0.412082  0.328898  0.348135  0.188666  0.338836  0.298222  0.253545  0.337646 0.0  0.218594  0.259595  0.436145  0.878578  0.486196  0.603939  0.780570  0.436784  0.438473  0.221311  0.806829  0.344184  0.873193  0.739269  0.751448  0.428826  0.287098  0.696326  0.840095  0.610303  0.223750  0.803479  0.770756 
39  0.682992  0.894360  0.891831  0.725590  0.408190  0.796315  0.696610  0.710262  0.702468  0.477332  0.714862  0.874430  0.661609  0.391909  0.759461  0.600663  0.765385  0.756933  0.761516  0.791306  0.367180  0.237837  0.383326  0.211945  0.716263  0.221783  0.698851  0.661336  0.812049  0.311680  0.313855  0.338336  0.362163  0.238272  0.368953  0.341352  0.170321  0.330587  0.218594 0.0  0.224819  0.410873  0.816185  0.438572  0.654976  0.836487  0.450025  0.382478  0.233966  0.724988  0.393455  0.692966  0.747932  0.693149  0.428641  0.243791  0.724970  0.719639  0.758423  0.148411  0.770439  0.594525 
40  0.596007  0.760880  0.783815  0.737344  0.304566  0.849618  0.730546  0.708107  0.651541  0.410239  0.795947  0.777016  0.700044  0.316465  0.793879  0.672177  0.756842  0.712098  0.804884  0.805956  0.413155  0.244271  0.408572  0.226487  0.759888  0.180497  0.677990  0.696784  0.816789  0.345794  0.373903  0.318441  0.307557  0.245034  0.291159  0.267672  0.227493  0.307558  0.259595  0.224819 0.0  0.457462  0.854621  0.431841  0.770046  0.791291  0.461525  0.332572  0.230999  0.780900  0.365368  0.830736  0.798776  0.870813  0.373872  0.198935  0.679027  0.868448  0.712993  0.188880  0.830639  0.815174 
41  0.682829  0.885306  0.837574  0.836885  0.144161  0.858885  0.643297  0.725258  0.656712  0.457762  0.765453  0.762414  0.770007  0.509141  0.864588  0.524149  0.713683  0.723303  0.650248  0.797444  0.168007  0.405850  0.201271  0.453826  0.797429  0.366377  0.585662  0.684536  0.828657  0.310559  0.297652  0.449756  0.473716  0.402616  0.348417  0.478900  0.447855  0.469931  0.436145  0.410873  0.457462 0.0  0.828477  0.316866  0.859263  0.760786  0.351272  0.304304  0.433309  0.754246  0.240376  0.850351  0.900618  0.779811  0.331893  0.278371  0.996682  0.654629  0.661853  0.363168  0.842084  0.733315 
42  0.717266  0.348707  0.554940  0.356987  0.734966  0.320613  0.294163  0.301629  0.601342  0.885622  0.777772  0.625666  0.758806  0.778831  0.675122  0.456077  0.627946  0.744899  0.738590  0.834996  0.673277  0.747774  0.745530  0.795970  0.262562  0.803699  0.751901  0.680141  0.616202  0.631473  0.849004  0.787948  0.924520  0.890484  0.706401  0.735175  0.771339  0.712366  0.878578  0.816185  0.854621  0.828477 0.0  0.789677  0.791228  0.674388  0.753216  0.770267  0.771160  0.754334  0.850076  0.658880  0.660808  0.808343  0.767659  0.789484  0.559994  0.577468  0.653673  0.799120  0.843076  0.737575 
43  0.640205  0.736791  0.756068  0.846888  0.324008  0.913589  0.842579  0.792633  0.781035  0.395336  0.762343  0.853863  0.729720  0.328178  0.843394  0.553844  0.667301  0.834522  0.786560  0.783604  0.377067  0.421390  0.312307  0.483409  0.664422  0.439135  0.673507  0.750960  0.763025  0.400640  0.380952  0.337460  0.472071  0.426044  0.305588  0.374662  0.451920  0.329996  0.486196  0.438572  0.431841  0.316866  0.789677 0.0  0.683730  0.794471  0.218869  0.361746  0.465817  0.776266  0.307314  0.724200  0.780639  0.770932  0.392134  0.451516  0.720914  0.757369  0.563502  0.438892  0.777848  0.857204 
44  0.275885  0.829635  0.825063  0.704771  0.791499  0.699309  0.734007  0.741432  0.357395  0.626939  0.871265  0.920019  0.438492  0.679575  0.769078  0.655285  0.312017  0.683117  0.657845  0.677274  0.716051  0.772443  0.905302  0.672957  0.780696  0.773199  0.446806  0.752892  0.490882  0.593582  0.829799  0.746371  0.652389  0.683510  0.748357  0.680308  0.751110  0.706831  0.603939  0.654976  0.770046  0.859263  0.791228  0.683730 0.0  0.164679  0.861913  0.674093  0.691161  0.283466  0.796761  0.279217  0.717611  0.321215  0.773368  0.800687  0.734867  0.686689  0.792703  0.804491  0.713644  0.813959 
45  0.311978  0.723465  0.705685  0.700685  0.718632  0.658689  0.851034  0.768519  0.425950  0.557874  0.744216  0.872769  0.343838  0.692507  0.695910  0.649296  0.265776  0.611072  0.630581  0.724729  0.691661  0.832026  0.671178  0.752868  0.755692  0.750773  0.380489  0.756352  0.448214  0.611207  0.732537  0.791829  0.591568  0.720838  0.714869  0.787944  0.885722  0.784113  0.780570  0.836487  0.791291  0.760786  0.674388  0.794471  0.164679 0.0  0.635422  0.750634  0.713260  0.324508  0.722615  0.361102  0.587926  0.332927  0.685544  0.779740  0.784106  0.725092  0.756381  0.792229  0.750255  0.709281 
46  0.775173  0.743808  0.747314  0.723681  0.347704  0.819990  0.757775  0.834352  0.666570  0.364803  0.715369  0.756712  0.786460  0.425559  0.740009  0.546681  0.691306  0.601459  0.803190  0.777647  0.326417  0.413560  0.302859  0.495759  0.604536  0.532464  0.712487  0.671402  0.673351  0.481101  0.328751  0.365102  0.461939  0.439988  0.357948  0.333148  0.477540  0.308028  0.436784  0.450025  0.461525  0.351272  0.753216  0.218869  0.861913  0.635422 0.0  0.313773  0.551409  0.747022  0.327668  0.674382  0.638437  0.824753  0.329055  0.414454  0.739701  0.664463  0.684455  0.474578  0.749459  0.801589 
47  0.562827  0.603870  0.770121  0.771727  0.334712  0.802408  0.889513  0.779736  0.813550  0.481481  0.697388  0.789024  0.702119  0.567287  0.814602  0.594250  0.839511  0.717251  0.891299  0.935468  0.313596  0.426891  0.215426  0.414503  0.763212  0.343475  0.731148  0.655866  0.758253  0.420149  0.161921  0.489796  0.314733  0.373488  0.320721  0.489880  0.392572  0.505495  0.438473  0.382478  0.332572  0.304304  0.770267  0.361746  0.674093  0.750634  0.313773 0.0  0.384978  0.818577  0.263926  0.898919  0.758763  0.741546  0.210893  0.370191  0.681477  0.702064  0.765498  0.382528  0.864527  0.793318 
48  0.771474  0.733223  0.791692  0.775800  0.417457  0.784857  0.782609  0.834166  0.623425  0.511180  0.779417  0.814278  0.713901  0.320863  0.900365  0.578249  0.843432  0.555348  0.825279  0.789360  0.417727  0.251366  0.412823  0.211247  0.784379  0.192748  0.690824  0.748869  0.771291  0.339989  0.385288  0.384064  0.376897  0.209910  0.305915  0.267496  0.233504  0.315129  0.221311  0.233966  0.230999  0.433309  0.771160  0.465817  0.691161  0.713260  0.551409  0.384978 0.0  0.728307  0.374356  0.669633  0.809355  0.823943  0.397402  0.284508  0.704929  0.605717  0.751999  0.218273  0.712489  0.876321 
49  0.372546  0.753820  0.704800  0.642597  0.886767  0.680288  0.737693  0.638025  0.334897  0.672362  0.781140  0.833453  0.431604  0.851722  0.678324  0.560457  0.321292  0.658283  0.638878  0.679181  0.643169  0.784928  0.723200  0.601641  0.548418  0.742902  0.388818  0.840755  0.464496  0.660539  0.805510  0.716732  0.587111  0.838611  0.674477  0.690903  0.724420  0.771311  0.806829  0.724988  0.780900  0.754246  0.754334  0.776266  0.283466  0.324508  0.747022  0.818577  0.728307 0.0  0.851084  0.251917  0.645841  0.293647  0.835244  0.773834  0.559856  0.586875  0.836193  0.747087  0.603175  0.629407 
50  0.741116  0.656016  0.730023  0.690717  0.246005  0.919532  0.929930  0.771041  0.804489  0.490777  0.669268  0.645717  0.787583  0.504456  0.889090  0.527340  0.754788  0.568861  0.748825  0.761678  0.245082  0.390669  0.252945  0.354235  0.921891  0.372389  0.730298  0.742372  0.852126  0.359766  0.273030  0.527264  0.331294  0.321767  0.326753  0.442939  0.369654  0.357588  0.344184  0.393455  0.365368  0.240376  0.850076  0.307314  0.796761  0.722615  0.327668  0.263926  0.374356  0.851084 0.0  0.811094  0.821740  0.762236  0.282799  0.362427  0.734063  0.779618  0.693939  0.347901  0.846812  0.826041 
51  0.271193  0.736277  0.702830  0.695110  0.841360  0.754726  0.731486  0.819024  0.367503  0.544540  0.744013  0.921750  0.405862  0.759521  0.712127  0.607257  0.291609  0.718071  0.640567  0.659230  0.861984  0.689207  0.757561  0.705794  0.786382  0.787281  0.392967  0.754136  0.481275  0.629927  0.793759  0.706597  0.605463  0.861961  0.676456  0.714574  0.751755  0.762595  0.873193  0.692966  0.830736  0.850351  0.658880  0.724200  0.279217  0.361102  0.674382  0.898919  0.669633  0.251917  0.811094 0.0  0.691762  0.300209  0.745098  0.726419  0.734432  0.630839  0.679706  0.704190  0.674129  0.700883 
52  0.768846  0.509841  0.249353  0.540053  0.813361  0.464269  0.507126  0.537268  0.586971  0.731909  0.708800  0.726741  0.519162  0.801639  0.168053  0.609586  0.679846  0.408513  0.705606  0.658831  0.808739  0.781881  0.793612  0.663644  0.575240  0.762494  0.471586  0.723266  0.668629  0.787177  0.837099  0.635735  0.778058  0.795499  0.639219  0.895583  0.878935  0.818860  0.739269  0.747932  0.798776  0.900618  0.660808  0.780639  0.717611  0.587926  0.638437  0.758763  0.809355  0.645841  0.821740  0.691762 0.0  0.750523  0.772557  0.698033  0.232647  0.252642  0.722136  0.775788  0.668453  0.589831 
53  0.333910  0.767882  0.800184  0.730146  0.719752  0.770649  0.691830  0.624151  0.418369  0.658396  0.855976  0.755713  0.419439  0.812804  0.660557  0.642839  0.354366  0.715083  0.553160  0.768054  0.840552  0.709648  0.775947  0.730881  0.752088  0.687553  0.440649  0.883852  0.461264  0.529936  0.696163  0.821959  0.510016  0.716442  0.690027  0.683973  0.753321  0.649040  0.751448  0.693149  0.870813  0.779811  0.808343  0.770932  0.321215  0.332927  0.824753  0.741546  0.823943  0.293647  0.762236  0.300209  0.750523 0.0  0.758174  0.633086  0.695175  0.793762  0.977396  0.855531  0.656509  0.649714 
54  0.777275  0.687698  0.715654  0.786028  0.293495  0.754583  0.732477  0.704554  0.570721  0.572054  0.832665  0.681656  0.735220  0.541302  0.722508  0.624002  0.669185  0.654288  0.834819  0.745085  0.297468  0.400898  0.265630  0.425942  0.627141  0.408265  0.736865  0.717125  0.662327  0.442855  0.214729  0.528521  0.322869  0.381510  0.384671  0.458021  0.441802  0.498719  0.428826  0.428641  0.373872  0.331893  0.767659  0.392134  0.773368  0.685544  0.329055  0.210893  0.397402  0.835244  0.282799  0.745098  0.772557  0.758174 0.0  0.455411  0.854483  0.766810  0.818317  0.391449  0.787683  0.799346 
55  0.701675  0.637969  0.875952  0.696366  0.399516  0.730676  0.753343  0.712241  0.679087  0.450918  0.807156  0.818327  0.755784  0.321244  0.683413  0.476210  0.614975  0.692152  0.966651  0.732361  0.374073  0.234789  0.263640  0.263655  0.642586  0.206858  0.665301  0.739515  0.686198  0.326316  0.342341  0.357286  0.369036  0.234392  0.366681  0.316720  0.253100  0.280824  0.287098  0.243791  0.198935  0.278371  0.789484  0.451516  0.800687  0.779740  0.414454  0.370191  0.284508  0.773834  0.362427  0.726419  0.698033  0.633086  0.455411 0.0  0.855267  0.743364  0.653383  0.220253  0.839772  0.809172 
56  0.639324  0.474391  0.246136  0.512282  0.707766  0.512367  0.495375  0.526845  0.680112  0.789300  0.860171  0.766926  0.513204  0.725788  0.225760  0.627788  0.640829  0.544572  0.658947  0.794101  0.676892  0.823830  0.836351  0.728255  0.504464  0.726814  0.533530  0.684215  0.628383  0.752136  0.802125  0.673514  0.761444  0.785882  0.739872  0.743782  0.861894  0.712139  0.696326  0.724970  0.679027  0.996682  0.559994  0.720914  0.734867  0.784106  0.739701  0.681477  0.704929  0.559856  0.734063  0.734432  0.232647  0.695175  0.854483  0.855267 0.0  0.219193  0.699111  0.753083  0.763648  0.581527 
57  0.638300  0.492538  0.246062  0.512427  0.742991  0.682790  0.508752  0.498681  0.615217  0.655151  0.754909  0.840258  0.497425  0.863181  0.260865  0.590435  0.623403  0.482872  0.686280  0.633394  0.742479  0.747323  0.741016  0.855258  0.494967  0.771698  0.571542  0.786858  0.614319  0.794528  0.688793  0.894824  0.613188  0.764426  0.706523  0.819442  0.887027  0.731114  0.840095  0.719639  0.868448  0.654629  0.577468  0.757369  0.686689  0.725092  0.664463  0.702064  0.605717  0.586875  0.779618  0.630839  0.252642  0.793762  0.766810  0.743364  0.219193 0.0  0.773649  0.844110  0.654386  0.777291 
58  0.823595  0.681776  0.757191  0.716938  0.726910  0.803584  0.912566  0.736697  0.713529  0.652791  0.431011  0.440405  0.802084  0.727586  0.860775  0.608884  0.621071  0.732754  0.762677  0.970039  0.735458  0.829405  0.737205  0.625718  0.651798  0.624305  0.731069  0.461597  0.918072  0.689622  0.643394  0.669581  0.670028  0.656044  0.612826  0.630686  0.739934  0.759801  0.610303  0.758423  0.712993  0.661853  0.653673  0.563502  0.792703  0.756381  0.684455  0.765498  0.751999  0.836193  0.693939  0.679706  0.722136  0.977396  0.818317  0.653383  0.699111  0.773649 0.0  0.771917  0.776039  0.835916 
59  0.751746  0.745440  0.749673  0.904807  0.365377  0.823689  0.796017  0.757582  0.654585  0.437496  0.731601  0.795501  0.632603  0.262940  0.725089  0.516384  0.813193  0.745136  0.730731  0.821714  0.336992  0.253232  0.379789  0.223077  0.821216  0.191270  0.706756  0.770860  0.836545  0.361153  0.373648  0.303550  0.353018  0.226492  0.372626  0.320651  0.142439  0.302449  0.223750  0.148411  0.188880  0.363168  0.799120  0.438892  0.804491  0.792229  0.474578  0.382528  0.218273  0.747087  0.347901  0.704190  0.775788  0.855531  0.391449  0.220253  0.753083  0.844110  0.771917 0.0  0.748685  0.833084 
60  0.645353  0.933092  0.680246  0.688514  0.773843  0.767227  0.710148  0.870968  0.445030  0.809875  0.761684  0.790963  0.597797  0.706152  0.695036  0.647585  0.720789  0.321057  0.171683  0.174912  0.786007  0.720810  0.927691  0.828801  0.754846  0.768596  0.614382  0.759856  0.596228  0.814918  0.732022  0.830642  0.835012  0.937090  0.700137  0.830363  0.904843  0.900530  0.803479  0.770439  0.830639  0.842084  0.843076  0.777848  0.713644  0.750255  0.749459  0.864527  0.712489  0.603175  0.846812  0.674129  0.668453  0.656509  0.787683  0.839772  0.763648  0.654386  0.776039  0.748685 0.0  0.148409 
61  0.643434  0.628863  0.651373  0.837863  0.825806  0.714337  0.891408  0.767506  0.491168  0.726962  0.802812  0.925029  0.569745  0.754938  0.687693  0.550722  0.676100  0.343745  0.186780  0.200816  0.838181  0.712482  0.803058  0.787945  0.713755  0.816374  0.678222  0.766446  0.662327  0.833323  0.727866  0.914444  0.667276  0.834675  0.678923  0.833679  0.754167  0.710057  0.770756  0.594525  0.815174  0.733315  0.737575  0.857204  0.813959  0.709281  0.801589  0.793318  0.876321  0.629407  0.826041  0.700883  0.589831  0.649714  0.799346  0.809172  0.581527  0.777291  0.835916  0.833084  0.148409 0.0 
