62
0 0.0  0.716952  0.739886  0.593162  0.639437  0.638144  0.812552  0.767942  0.385624  0.515045  0.803505  0.830592  0.334189  0.781612  0.774121  0.553660  0.164845  0.631120  0.728082  0.679276  0.688541  0.723585  0.819107  0.655988  0.612380  0.736144  0.318251  0.839012  0.517852  0.511061  0.748099  0.652508  0.555951  0.654291  0.711781  0.668511  0.769689  0.660114  0.669740  0.695598  0.653170  0.674236  0.652323  0.694865  0.251470  0.299121  0.726262  0.711398  0.683196  0.339606  0.707395  0.325562  0.567430  0.318401  0.641487  0.644533  0.750598  0.717246  0.734843  0.739351  0.713943  0.712513 
1  0.716952 0.0  0.606768  0.207255  0.685826  0.207360  0.198691  0.192577  0.744246  0.696256  0.676662  0.684697  0.789944  0.808929  0.484131  0.465789  0.791726  0.874132  0.793255  0.628210  0.767396  0.750213  0.757267  0.783258  0.224906  0.833661  0.617377  0.729433  0.607882  0.736581  0.870879  0.656577  0.837725  0.762662  0.650163  0.716312  0.720284  0.755152  0.621231  0.653181  0.731860  0.774693  0.334895  0.822986  0.790511  0.721236  0.719467  0.788625  0.767373  0.811254  0.836873  0.669124  0.458447  0.749475  0.751676  0.679693  0.449804  0.527055  0.677918  0.718705  0.841543  0.763740 
2  0.739886  0.606768 0.0  0.459910  0.894245  0.610280  0.679951  0.498155  0.689377  0.617341  0.841491  0.864808  0.490409  0.586508  0.217673  0.648161  0.662057  0.498595  0.642961  0.692206  0.853817  0.681562  0.778887  0.862199  0.569222  0.751399  0.531193  0.764467  0.623164  0.773389  0.828260  0.761713  0.832490  0.916243  0.740805  0.913868  0.777664  0.846640  0.673880  0.819669  0.785777  0.904075  0.511041  0.762587  0.611834  0.617890  0.762379  0.746710  0.920521  0.664261  0.802951  0.692249  0.267152  0.686622  0.865074  0.864728  0.280064  0.223928  0.747007  0.875896  0.766858  0.608625 
3  0.593162  0.207255  0.459910 0.0  0.835818  0.174044  0.188761  0.175640  0.680063  0.814237  0.703836  0.686089  0.764341  0.823792  0.545507  0.546691  0.743580  0.775833  0.799881  0.917912  0.781461  0.681565  0.749559  0.802464  0.234890  0.821745  0.803662  0.735286  0.647233  0.729668  0.746152  0.747996  0.743380  0.868891  0.583401  0.728273  0.683176  0.744282  0.767048  0.756917  0.704113  0.629870  0.315251  0.654681  0.781957  0.720050  0.727410  0.720415  0.856336  0.789844  0.777060  0.746921  0.569211  0.749592  0.805243  0.804686  0.544124  0.470821  0.695838  0.718735  0.687231  0.681961 
4  0.639437  0.685826  0.894245  0.835818 0.0  0.745071  0.730166  0.861214  0.660975  0.455400  0.701531  0.773165  0.643338  0.359782  0.799176  0.642578  0.693446  0.596016  0.738168  0.847825  0.153945  0.353386  0.233396  0.427242  0.664869  0.322359  0.659078  0.814562  0.816938  0.274975  0.322129  0.435958  0.339799  0.402335  0.352882  0.441496  0.339387  0.466986  0.386323  0.331946  0.402558  0.140052  0.819515  0.328615  0.835693  0.845986  0.308622  0.250998  0.397855  0.858033  0.243291  0.817318  0.803867  0.864874  0.331620  0.371543  0.757856  0.758582  0.749015  0.320192  0.836567  0.927692 
5  0.638144  0.207360  0.610280  0.174044  0.745071 0.0  0.132206  0.167659  0.730224  0.714522  0.714002  0.663909  0.698026  0.821066  0.491996  0.569979  0.710485  0.707303  0.750791  0.822180  0.914246  0.782757  0.743227  0.769715  0.244624  0.720014  0.729413  0.796734  0.620678  0.736141  0.890552  0.924541  0.821726  0.849574  0.733086  0.812497  0.662464  0.825127  0.728628  0.742982  0.821166  0.758855  0.307328  0.792713  0.672558  0.779329  0.801039  0.820182  0.812553  0.729176  0.908336  0.715215  0.462261  0.835756  0.884188  0.739932  0.543332  0.482677  0.812941  0.662003  0.759425  0.757086 
6  0.812552  0.198691  0.679951  0.188761  0.730166  0.132206 0.0  0.187196  0.621718  0.748259  0.841845  0.689914  0.688549  0.851805  0.659701  0.470633  0.790220  0.630796  0.740947  0.744658  0.863433  0.859722  0.718181  0.815314  0.219284  0.892505  0.806039  0.811262  0.529209  0.724276  0.692547  0.677122  0.869907  0.783852  0.698445  0.742578  0.842875  0.791161  0.782177  0.887464  0.924373  0.773004  0.297605  0.846624  0.752943  0.711387  0.823908  0.657559  0.880542  0.678046  0.806136  0.742590  0.578087  0.653195  0.917024  0.743584  0.487882  0.490588  0.868235  0.708824  0.703939  0.894502 
7  0.767942  0.192577  0.498155  0.175640  0.861214  0.167659  0.187196 0.0  0.659844  0.900507  0.772151  0.784308  0.696751  0.744969  0.536938  0.483098  0.785799  0.766718  0.824411  0.670673  0.840277  0.735601  0.767579  0.804268  0.248711  0.642547  0.657497  0.797934  0.660472  0.884234  0.739407  0.701021  0.738113  0.929462  0.562621  0.660243  0.768402  0.807587  0.779034  0.700732  0.758787  0.770607  0.312374  0.686888  0.790037  0.770824  0.801425  0.739211  0.790933  0.675717  0.797680  0.804027  0.496076  0.797701  0.720576  0.910437  0.451221  0.600304  0.741219  0.771838  0.784599  0.733076 
8  0.385624  0.744246  0.689377  0.680063  0.660975  0.730224  0.621718  0.659844 0.0  0.678212  0.700558  0.692839  0.435778  0.749861  0.714204  0.651705  0.502613  0.659856  0.453598  0.451348  0.647574  0.754941  0.792485  0.634320  0.689046  0.742303  0.430857  0.749472  0.377501  0.715322  0.645448  0.662935  0.635621  0.645012  0.727047  0.645964  0.722707  0.684589  0.765599  0.681980  0.667063  0.749640  0.695473  0.758947  0.392701  0.436881  0.748272  0.646576  0.692922  0.380902  0.659762  0.364625  0.580113  0.424761  0.668173  0.690922  0.636716  0.632762  0.632525  0.821654  0.408111  0.454426 
9  0.515045  0.696256  0.617341  0.814237  0.455400  0.714522  0.748259  0.900507  0.678212 0.0  0.877658  0.817225  0.821260  0.307103  0.737048  0.491152  0.584499  0.748043  0.822659  0.831604  0.573030  0.495909  0.457443  0.459663  0.632754  0.489769  0.572558  0.588045  0.801515  0.346630  0.518636  0.366015  0.312660  0.516993  0.372273  0.343372  0.499252  0.335471  0.481179  0.424552  0.505387  0.506059  0.856676  0.336669  0.590184  0.510998  0.399699  0.478962  0.509333  0.480406  0.521161  0.543867  0.695210  0.526386  0.496617  0.444932  0.607526  0.769437  0.620014  0.491232  0.614599  0.704579 
10  0.803505  0.676662  0.841491  0.703836  0.701531  0.714002  0.841845  0.772151  0.700558  0.877658 0.0  0.243931  0.703131  0.716314  0.724009  0.566594  0.790112  0.779035  0.864159  0.817237  0.762933  0.745463  0.664824  0.850758  0.709106  0.790840  0.786933  0.304441  0.890905  0.757049  0.649520  0.773761  0.749788  0.653470  0.699913  0.764532  0.652917  0.735965  0.760107  0.793799  0.697512  0.672853  0.656337  0.760837  0.792722  0.691430  0.894368  0.677008  0.724311  0.795896  0.755840  0.818800  0.802333  0.823951  0.746973  0.623497  0.837559  0.950777  0.372655  0.650711  0.709360  0.898781 
11  0.830592  0.684697  0.864808  0.686089  0.773165  0.663909  0.689914  0.784308  0.692839  0.817225  0.243931 0.0  0.812539  0.647904  0.853290  0.596792  0.860023  0.806715  0.740936  0.765271  0.880682  0.842412  0.720355  0.766742  0.734018  0.691268  0.867709  0.289322  0.800200  0.763119  0.738705  0.775918  0.860991  0.743619  0.692686  0.731291  0.845367  0.785518  0.855902  0.664199  0.746772  0.830034  0.599504  0.740201  0.851690  0.871716  0.698815  0.755750  0.763107  0.845691  0.795620  0.896194  0.790728  0.849669  0.796044  0.717370  0.742649  0.953678  0.443535  0.765927  0.865696  0.803786 
12  0.334189  0.789944  0.490409  0.764341  0.643338  0.698026  0.688549  0.696751  0.435778  0.821260  0.703131  0.812539 0.0  0.674740  0.520394  0.589388  0.378033  0.403448  0.631254  0.638770  0.636522  0.608982  0.808939  0.606329  0.722669  0.683435  0.150346  0.691594  0.350951  0.701432  0.685841  0.712199  0.708606  0.650127  0.591013  0.752690  0.758831  0.638321  0.635528  0.652877  0.627425  0.773802  0.716632  0.820548  0.465518  0.393953  0.637535  0.667178  0.740165  0.435737  0.706044  0.499272  0.467104  0.351832  0.640246  0.672296  0.526963  0.497794  0.781773  0.784527  0.623039  0.705352 
13  0.781612  0.808929  0.586508  0.823792  0.359782  0.821066  0.851805  0.744969  0.749861  0.307103  0.716314  0.647904  0.674740 0.0  0.787878  0.534047  0.695078  0.714794  0.781986  0.752286  0.462294  0.343818  0.469319  0.319662  0.874191  0.330300  0.660679  0.572487  0.754612  0.445704  0.564306  0.191171  0.421579  0.330746  0.249524  0.227742  0.270107  0.194897  0.334804  0.330137  0.270933  0.522578  0.691015  0.302773  0.838793  0.769515  0.388415  0.435957  0.380995  0.788605  0.425726  0.681876  0.822240  0.775682  0.502204  0.321171  0.705352  0.792383  0.605248  0.285341  0.830502  0.761682 
14  0.774121  0.484131  0.217673  0.545507  0.799176  0.491996  0.659701  0.536938  0.714204  0.737048  0.724009  0.853290  0.520394  0.787878 0.0  0.564746  0.649909  0.453081  0.605049  0.712965  0.819872  0.674881  0.820734  0.725691  0.444631  0.778157  0.520500  0.877407  0.717261  0.794628  0.738266  0.917055  0.819733  0.735431  0.772599  0.726240  0.698813  0.725031  0.773836  0.744233  0.733807  0.720932  0.550383  0.786149  0.795958  0.750511  0.785970  1.000000  0.824101  0.670051  0.637148  0.626157  0.160995  0.666342  0.794869  0.822606  0.248832  0.288418  0.791270  0.734226  0.722304  0.669929 
15  0.553660  0.465789  0.648161  0.546691  0.642578  0.569979  0.470633  0.483098  0.651705  0.491152  0.566594  0.596792  0.589388  0.534047  0.564746 0.0  0.577187  0.649479  0.595944  0.635085  0.616329  0.646737  0.531884  0.486890  0.504751  0.528709  0.646070  0.531093  0.740712  0.527941  0.634037  0.594242  0.536126  0.533744  0.540939  0.516163  0.626657  0.544516  0.580098  0.665555  0.585289  0.603518  0.541112  0.649932  0.610422  0.521317  0.491459  0.547303  0.556682  0.545667  0.524592  0.621149  0.595183  0.609627  0.533002  0.537638  0.523513  0.516401  0.543240  0.598336  0.702218  0.585648 
16  0.164845  0.791726  0.662057  0.743580  0.693446  0.710485  0.790220  0.785799  0.502613  0.584499  0.790112  0.860023  0.378033  0.695078  0.649909  0.577187 0.0  0.561707  0.625469  0.688582  0.678774  0.781095  0.703990  0.706402  0.739572  0.774303  0.419668  0.665467  0.434435  0.603364  0.669680  0.743169  0.693124  0.741000  0.576492  0.829344  0.849448  0.735909  0.654714  0.749585  0.645002  0.762755  0.740648  0.737809  0.277324  0.259666  0.717602  0.635216  0.783830  0.315497  0.818152  0.296204  0.782391  0.309035  0.667274  0.802336  0.729011  0.773200  0.837657  0.771129  0.614066  0.732561 
17  0.631120  0.874132  0.498595  0.775833  0.596016  0.707303  0.630796  0.766718  0.659856  0.748043  0.779035  0.806715  0.403448  0.714794  0.453081  0.649479  0.561707 0.0  0.372493  0.343419  0.611748  0.725142  0.726369  0.734936  0.762100  0.710652  0.464889  0.910302  0.633904  0.663432  0.588256  0.701479  0.622057  0.673108  0.673294  0.778548  0.580835  0.701950  0.663045  0.645234  0.659005  0.713814  0.706329  0.764620  0.535832  0.620738  0.702091  0.665160  0.756640  0.606525  0.745914  0.592516  0.498047  0.751030  0.709601  0.721908  0.572716  0.496977  0.705104  0.700908  0.368039  0.269536 
18  0.728082  0.793255  0.642961  0.799881  0.738168  0.750791  0.740947  0.824411  0.453598  0.822659  0.864159  0.740936  0.631254  0.781986  0.605049  0.595944  0.625469  0.372493 0.0  0.224309  0.751429  0.788141  0.794476  0.677596  0.801589  0.675336  0.563926  0.715289  0.622381  0.759370  0.780972  0.791811  0.690760  0.775652  0.644867  0.735305  0.719694  0.725236  0.762032  0.738568  0.855887  0.753769  0.739428  0.788516  0.631151  0.754133  0.917989  0.794847  0.709498  0.636236  0.934951  0.609865  0.794891  0.707146  0.703640  0.774248  0.608831  0.748856  0.838366  0.832257  0.178581  0.185918 
19  0.679276  0.628210  0.692206  0.917912  0.847825  0.822180  0.744658  0.670673  0.451348  0.831604  0.817237  0.765271  0.638770  0.752286  0.712965  0.635085  0.688582  0.343419  0.224309 0.0  0.752464  0.696401  0.939268  0.837013  0.736532  0.765644  0.623053  0.835328  0.648216  0.761798  0.730667  0.938831  0.752184  0.929997  0.798942  0.795785  0.781121  0.775122  0.719861  0.789016  0.791137  0.873047  0.685471  0.686198  0.646883  0.750279  0.696013  0.759474  0.840782  0.721187  0.837905  0.691398  0.726768  0.750800  0.630044  0.759566  0.685047  0.661089  0.730564  0.906453  0.192560  0.203362 
20  0.688541  0.767396  0.853817  0.781461  0.153945  0.914246  0.863433  0.840277  0.647574  0.573030  0.762933  0.880682  0.636522  0.462294  0.819872  0.616329  0.678774  0.611748  0.751429  0.752464 0.0  0.371457  0.219647  0.388805  0.727467  0.343027  0.712617  0.862663  0.871720  0.298615  0.265886  0.522889  0.334202  0.368732  0.309797  0.382308  0.369015  0.440734  0.419564  0.386907  0.336573  0.181370  0.817743  0.345209  0.778268  0.817544  0.399469  0.300307  0.422709  0.877377  0.232354  0.787548  0.944534  0.713684  0.371349  0.423413  0.717088  0.788372  0.652946  0.351499  0.839164  0.694448 
21  0.723585  0.750213  0.681562  0.681565  0.353386  0.782757  0.859722  0.735601  0.754941  0.495909  0.745463  0.842412  0.608982  0.343818  0.674881  0.646737  0.781095  0.725142  0.788141  0.696401  0.371457 0.0  0.410494  0.231130  0.774879  0.233847  0.655846  0.773947  0.752745  0.380845  0.359263  0.271461  0.387949  0.215878  0.366444  0.373293  0.244444  0.310218  0.255786  0.262103  0.220241  0.382260  0.830265  0.506398  0.717818  0.659348  0.448794  0.395566  0.212910  0.781517  0.395320  0.765574  0.774720  0.783299  0.442375  0.237694  0.695212  0.673596  0.712145  0.269186  0.749454  0.748639 
22  0.819107  0.757267  0.778887  0.749559  0.233396  0.743227  0.718181  0.767579  0.792485  0.457443  0.664824  0.720355  0.808939  0.469319  0.820734  0.531884  0.703990  0.726369  0.794476  0.939268  0.219647  0.410494 0.0  0.413269  0.766763  0.393082  0.724768  0.713785  0.788452  0.376673  0.238606  0.506115  0.343852  0.347306  0.399515  0.456655  0.365282  0.492107  0.432238  0.414797  0.335227  0.216946  0.763034  0.332758  0.872395  0.761756  0.281816  0.266867  0.367704  0.691245  0.232184  0.857767  0.770559  0.755148  0.316279  0.282402  0.826366  0.759508  0.600163  0.397975  0.834870  0.807405 
23  0.655988  0.783258  0.862199  0.802464  0.427242  0.769715  0.815314  0.804268  0.634320  0.459663  0.850758  0.766742  0.606329  0.319662  0.725691  0.486890  0.706402  0.734936  0.677596  0.837013  0.388805  0.231130  0.413269 0.0  0.758294  0.221469  0.700209  0.704901  0.786578  0.365412  0.394666  0.382140  0.390529  0.144667  0.357303  0.356109  0.255568  0.287100  0.216607  0.265385  0.245078  0.378481  0.691305  0.517688  0.775575  0.727759  0.541783  0.394999  0.218793  0.638855  0.368676  0.793721  0.855242  0.774316  0.389807  0.303221  0.680952  0.665393  0.696631  0.228179  0.801365  0.980148 
24  0.612380  0.224906  0.569222  0.234890  0.664869  0.244624  0.219284  0.248711  0.689046  0.632754  0.709106  0.734018  0.722669  0.874191  0.444631  0.504751  0.739572  0.762100  0.801589  0.736532  0.727467  0.774879  0.766763  0.758294 0.0  0.708171  0.734833  0.669385  0.659840  0.805293  0.639790  0.873600  0.740943  0.822307  0.593675  0.703026  0.741361  0.632356  0.623297  0.575597  0.795908  0.796017  0.284906  0.894943  0.808966  0.817343  0.644050  0.742712  0.664386  0.789482  0.813527  0.686747  0.580409  0.746589  0.801997  0.725700  0.599413  0.541284  0.647508  0.850072  0.744088  0.729489 
25  0.736144  0.833661  0.751399  0.821745  0.322359  0.720014  0.892505  0.642547  0.742303  0.489769  0.790840  0.691268  0.683435  0.330300  0.778157  0.528709  0.774303  0.710652  0.675336  0.765644  0.343027  0.233847  0.393082  0.221469  0.708171 0.0  0.654217  0.629714  0.704807  0.347650  0.329025  0.292294  0.373743  0.211016  0.326804  0.316418  0.183995  0.239567  0.213184  0.232866  0.167833  0.394246  0.770419  0.427548  0.708864  0.751560  0.479176  0.404861  0.216657  0.687431  0.354360  0.685755  0.845799  0.736129  0.377387  0.192462  0.788414  0.839813  0.709099  0.203651  0.773015  0.766862 
26  0.318251  0.617377  0.531193  0.803662  0.659078  0.729413  0.806039  0.657497  0.430857  0.572558  0.786933  0.867709  0.150346  0.660679  0.520500  0.646070  0.419668  0.464889  0.563926  0.623053  0.712617  0.655846  0.724768  0.700209  0.734833  0.654217 0.0  0.726354  0.367263  0.727150  0.645165  0.742285  0.655000  0.667226  0.727873  0.613037  0.613903  0.666474  0.619118  0.693494  0.669777  0.605752  0.682065  0.722999  0.429506  0.348930  0.658165  0.664632  0.691856  0.451969  0.639021  0.428411  0.533794  0.430602  0.750116  0.627276  0.593877  0.512089  0.772547  0.744628  0.612080  0.554511 
27  0.839012  0.729433  0.764467  0.735286  0.814562  0.796734  0.811262  0.797934  0.749472  0.588045  0.304441  0.289322  0.691594  0.572487  0.877407  0.531093  0.665467  0.910302  0.715289  0.835328  0.862663  0.773947  0.713785  0.704901  0.669385  0.629714  0.726354 0.0  0.737635  0.586552  0.665329  0.676476  0.657156  0.679647  0.679077  0.656297  0.696875  0.748817  0.816273  0.686203  0.700988  0.682944  0.697354  0.592513  0.685843  0.786622  0.667849  0.629795  0.735743  0.774614  0.694881  0.887563  0.735945  0.915569  0.677416  0.716193  0.619578  0.644983  0.499933  0.753690  0.722882  0.938627 
28  0.517852  0.607882  0.623164  0.647233  0.816938  0.620678  0.529209  0.660472  0.377501  0.801515  0.890905  0.800200  0.350951  0.754612  0.717261  0.740712  0.434435  0.633904  0.622381  0.648216  0.871720  0.752745  0.788452  0.786578  0.659840  0.704807  0.367263  0.737635 0.0  0.682946  0.819414  0.703393  0.827409  0.905207  0.778154  0.683755  0.777080  0.712605  0.756215  0.776011  0.718477  0.831347  0.525229  0.676544  0.406210  0.425057  0.760655  0.886860  0.662223  0.450842  0.708619  0.471681  0.639657  0.422051  0.749912  0.879483  0.606395  0.645380  0.812855  0.720593  0.602239  0.621674 
29  0.511061  0.736581  0.773389  0.729668  0.274975  0.736141  0.724276  0.884234  0.715322  0.346630  0.757049  0.763119  0.701432  0.445704  0.794628  0.527941  0.603364  0.663432  0.759370  0.761798  0.298615  0.380845  0.376673  0.365412  0.805293  0.347650  0.727150  0.586552  0.682946 0.0  0.361727  0.399285  0.186706  0.370201  0.238540  0.451657  0.274204  0.485902  0.354770  0.358810  0.328133  0.335641  0.641580  0.451204  0.540891  0.590755  0.459730  0.383677  0.351888  0.620117  0.376042  0.656203  0.782125  0.643765  0.383185  0.326103  0.712918  0.753798  0.735002  0.343336  0.799005  0.794788 
30  0.748099  0.870879  0.828260  0.746152  0.322129  0.890552  0.692547  0.739407  0.645448  0.518636  0.649520  0.738705  0.685841  0.564306  0.738266  0.634037  0.669680  0.588256  0.780972  0.730667  0.265886  0.359263  0.238606  0.394666  0.639790  0.329025  0.645165  0.665329  0.819414  0.361727 0.0  0.535497  0.311731  0.386692  0.320520  0.419785  0.389634  0.431595  0.396848  0.395578  0.300955  0.278286  0.672297  0.326954  0.691191  0.749596  0.328673  0.173631  0.489577  0.604896  0.286144  0.837873  0.812800  0.792560  0.215862  0.396973  0.727309  0.901854  0.766699  0.393674  0.815134  0.705966 
31  0.652508  0.656577  0.761713  0.747996  0.435958  0.924541  0.677122  0.701021  0.662935  0.366015  0.773761  0.775918  0.712199  0.191171  0.917055  0.594242  0.743169  0.701479  0.791811  0.938831  0.522889  0.271461  0.506115  0.382140  0.873600  0.292294  0.742285  0.676476  0.703393  0.399285  0.535497 0.0  0.493653  0.324919  0.271699  0.220481  0.307526  0.198080  0.442570  0.321576  0.349320  0.507959  0.886612  0.313989  0.784327  0.640388  0.413310  0.404841  0.375225  0.709600  0.486621  0.808312  0.783105  0.771930  0.498624  0.335520  0.649031  0.787758  0.750589  0.300864  0.708147  0.854913 
32  0.555951  0.837725  0.832490  0.743380  0.339799  0.821726  0.869907  0.738113  0.635621  0.312660  0.749788  0.860991  0.708606  0.421579  0.819733  0.536126  0.693124  0.622057  0.690760  0.752184  0.334202  0.387949  0.343852  0.390529  0.740943  0.373743  0.655000  0.657156  0.827409  0.186706  0.311731  0.493653 0.0  0.365537  0.305426  0.446804  0.393856  0.407231  0.408228  0.351744  0.276305  0.354273  0.751052  0.472089  0.684895  0.584992  0.421430  0.334681  0.400278  0.617764  0.384099  0.629590  0.813340  0.549917  0.367156  0.393256  0.778870  0.772550  0.739992  0.352149  0.833982  0.843560 
33  0.654291  0.762662  0.916243  0.868891  0.402335  0.849574  0.783852  0.929462  0.645012  0.516993  0.653470  0.743619  0.650127  0.330746  0.735431  0.533744  0.741000  0.673108  0.775652  0.929997  0.368732  0.215878  0.347306  0.144667  0.822307  0.211016  0.667226  0.679647  0.905207  0.370201  0.386692  0.324919  0.365537 0.0  0.317519  0.324918  0.238982  0.279004  0.198982  0.211920  0.228641  0.350146  0.785661  0.461545  0.822755  0.675944  0.459364  0.387416  0.205605  0.863937  0.331486  0.727863  0.815555  0.683499  0.407727  0.234002  0.788388  0.922930  0.676685  0.202739  0.887021  0.803178 
34  0.711781  0.650163  0.740805  0.583401  0.352882  0.733086  0.698445  0.562621  0.727047  0.372273  0.699913  0.692686  0.591013  0.249524  0.772599  0.540939  0.576492  0.673294  0.644867  0.798942  0.309797  0.366444  0.399515  0.357303  0.593675  0.326804  0.727873  0.679077  0.778154  0.238540  0.320520  0.271699  0.305426  0.317519 0.0  0.301971  0.304198  0.288429  0.327702  0.340964  0.312675  0.394522  0.671391  0.297735  0.729160  0.671600  0.368331  0.326306  0.315840  0.772260  0.331664  0.715635  0.729964  0.780944  0.408830  0.316809  0.667423  0.686377  0.677539  0.275254  0.643252  0.700872 
35  0.668511  0.716312  0.913868  0.728273  0.441496  0.812497  0.742578  0.660243  0.645964  0.343372  0.764532  0.731291  0.752690  0.227742  0.726240  0.516163  0.829344  0.778548  0.735305  0.795785  0.382308  0.373293  0.456655  0.356109  0.703026  0.316418  0.613037  0.656297  0.683755  0.451657  0.419785  0.220481  0.446804  0.324918  0.301971 0.0  0.297977  0.131550  0.322963  0.319992  0.322413  0.412551  0.737393  0.375925  0.816886  0.712633  0.362179  0.444654  0.257892  0.766423  0.424193  0.625204  0.730250  0.665337  0.459655  0.299617  0.712487  0.721722  0.705322  0.294943  0.837089  0.792236 
36  0.769689  0.720284  0.777664  0.683176  0.339387  0.662464  0.842875  0.768402  0.722707  0.499252  0.652917  0.845367  0.758831  0.270107  0.698813  0.626657  0.849448  0.580835  0.719694  0.781121  0.369015  0.244444  0.365282  0.255568  0.741361  0.183995  0.613903  0.696875  0.777080  0.274204  0.389634  0.307526  0.393856  0.238982  0.304198  0.297977 0.0  0.297656  0.241158  0.161359  0.222167  0.370638  0.843469  0.365587  0.548490  0.668489  0.556523  0.438296  0.238372  0.651335  0.369011  0.781956  0.822474  0.762444  0.336636  0.239115  0.739257  0.800615  0.763245  0.147878  0.729359  0.771836 
37  0.660114  0.755152  0.846640  0.744282  0.466986  0.825127  0.791161  0.807587  0.684589  0.335471  0.735965  0.785518  0.638321  0.194897  0.725031  0.544516  0.735909  0.701950  0.725236  0.775122  0.440734  0.310218  0.492107  0.287100  0.632356  0.239567  0.666474  0.748817  0.712605  0.485902  0.431595  0.198080  0.407231  0.279004  0.288429  0.131550  0.297656 0.0  0.282336  0.343879  0.261408  0.468774  0.753798  0.332165  0.758492  0.730794  0.310202  0.386858  0.310982  0.841307  0.393593  0.737170  0.695011  0.765105  0.436534  0.331371  0.826600  0.848505  0.645037  0.266254  0.708438  0.736676 
38  0.669740  0.621231  0.673880  0.767048  0.386323  0.728628  0.782177  0.779034  0.765599  0.481179  0.760107  0.855902  0.635528  0.334804  0.773836  0.580098  0.654714  0.663045  0.762032  0.719861  0.419564  0.255786  0.432238  0.216607  0.623297  0.213184  0.619118  0.816273  0.756215  0.354770  0.396848  0.442570  0.408228  0.198982  0.327702  0.322963  0.241158  0.282336 0.0  0.222019  0.268953  0.460277  0.700847  0.404739  0.792363  0.642760  0.478650  0.435358  0.200771  0.634230  0.400515  0.616659  0.734226  0.675072  0.417964  0.260831  0.757436  0.804417  0.725172  0.260428  0.736735  0.867383 
39  0.695598  0.653181  0.819669  0.756917  0.331946  0.742982  0.887464  0.700732  0.681980  0.424552  0.793799  0.664199  0.652877  0.330137  0.744233  0.665555  0.749585  0.645234  0.738568  0.789016  0.386907  0.262103  0.414797  0.265385  0.575597  0.232866  0.693494  0.686203  0.776011  0.358810  0.395578  0.321576  0.351744  0.211920  0.340964  0.319992  0.161359  0.343879  0.222019 0.0  0.216587  0.374332  0.816193  0.446655  0.819584  0.686518  0.419659  0.373111  0.219022  0.728964  0.355978  0.780448  0.781150  0.775628  0.424440  0.232465  0.842916  0.757722  0.689541  0.156527  0.612973  0.781753 
40  0.653170  0.731860  0.785777  0.704113  0.402558  0.821166  0.924373  0.758787  0.667063  0.505387  0.697512  0.746772  0.627425  0.270933  0.733807  0.585289  0.645002  0.659005  0.855887  0.791137  0.336573  0.220241  0.335227  0.245078  0.795908  0.167833  0.669777  0.700988  0.718477  0.328133  0.300955  0.349320  0.276305  0.228641  0.312675  0.322413  0.222167  0.261408  0.268953  0.216587 0.0  0.405747  0.730793  0.453174  0.699377  0.686826  0.479431  0.315745  0.241220  0.732018  0.391232  0.918428  0.819233  0.725153  0.346840  0.237846  0.707295  0.820263  0.663476  0.184365  0.771846  0.702930 
41  0.674236  0.774693  0.904075  0.629870  0.140052  0.758855  0.773004  0.770607  0.749640  0.506059  0.672853  0.830034  0.773802  0.522578  0.720932  0.603518  0.762755  0.713814  0.753769  0.873047  0.181370  0.382260  0.216946  0.378481  0.796017  0.394246  0.605752  0.682944  0.831347  0.335641  0.278286  0.507959  0.354273  0.350146  0.394522  0.412551  0.370638  0.468774  0.460277  0.374332  0.405747 0.0  0.813209  0.325435  0.689064  0.658427  0.325149  0.254919  0.429782  0.770087  0.247921  0.824869  0.813910  0.736715  0.327679  0.336334  0.850482  0.841613  0.699474  0.362552  0.816853  0.858502 
42  0.652323  0.334895  0.511041  0.315251  0.819515  0.307328  0.297605  0.312374  0.695473  0.856676  0.656337  0.599504  0.716632  0.691015  0.550383  0.541112  0.740648  0.706329  0.739428  0.685471  0.817743  0.830265  0.763034  0.691305  0.284906  0.770419  0.682065  0.697354  0.525229  0.641580  0.672297  0.886612  0.751052  0.785661  0.671391  0.737393  0.843469  0.753798  0.700847  0.816193  0.730793  0.813209 0.0  0.713051  0.773267  0.805649  0.778602  0.734865  0.896425  0.741685  0.845473  0.661486  0.577614  0.623949  0.858198  0.790795  0.529272  0.517813  0.736234  0.742705  0.718486  0.856512 
43  0.694865  0.822986  0.762587  0.654681  0.328615  0.792713  0.846624  0.686888  0.758947  0.336669  0.760837  0.740201  0.820548  0.302773  0.786149  0.649932  0.737809  0.764620  0.788516  0.686198  0.345209  0.506398  0.332758  0.517688  0.894943  0.427548  0.722999  0.592513  0.676544  0.451204  0.326954  0.313989  0.472089  0.461545  0.297735  0.375925  0.365587  0.332165  0.404739  0.446655  0.453174  0.325435  0.713051 0.0  0.763453  0.800573  0.203862  0.359385  0.386433  0.701354  0.339225  0.827994  0.830765  0.720735  0.381948  0.587077  0.760143  0.843341  0.574492  0.431415  0.726018  0.805202 
44  0.251470  0.790511  0.611834  0.781957  0.835693  0.672558  0.752943  0.790037  0.392701  0.590184  0.792722  0.851690  0.465518  0.838793  0.795958  0.610422  0.277324  0.535832  0.631151  0.646883  0.778268  0.717818  0.872395  0.775575  0.808966  0.708864  0.429506  0.685843  0.406210  0.540891  0.691191  0.784327  0.684895  0.822755  0.729160  0.816886  0.548490  0.758492  0.792363  0.819584  0.699377  0.689064  0.773267  0.763453 0.0  0.177915  0.617653  0.658981  0.756500  0.281485  0.713519  0.319066  0.740843  0.302423  0.730018  0.782966  0.712884  0.675516  0.795039  0.736962  0.786715  0.632577 
45  0.299121  0.721236  0.617890  0.720050  0.845986  0.779329  0.711387  0.770824  0.436881  0.510998  0.691430  0.871716  0.393953  0.769515  0.750511  0.521317  0.259666  0.620738  0.754133  0.750279  0.817544  0.659348  0.761756  0.727759  0.817343  0.751560  0.348930  0.786622  0.425057  0.590755  0.749596  0.640388  0.584992  0.675944  0.671600  0.712633  0.668489  0.730794  0.642760  0.686518  0.686826  0.658427  0.805649  0.800573  0.177915 0.0  0.642049  0.780393  0.762456  0.332317  0.670826  0.341806  0.656992  0.308929  0.757267  0.694114  0.691229  0.669557  0.676717  0.778834  0.765773  0.764332 
46  0.726262  0.719467  0.762379  0.727410  0.308622  0.801039  0.823908  0.801425  0.748272  0.399699  0.894368  0.698815  0.637535  0.388415  0.785970  0.491459  0.717602  0.702091  0.917989  0.696013  0.399469  0.448794  0.281816  0.541783  0.644050  0.479176  0.658165  0.667849  0.760655  0.459730  0.328673  0.413310  0.421430  0.459364  0.368331  0.362179  0.556523  0.310202  0.478650  0.419659  0.479431  0.325149  0.778602  0.203862  0.617653  0.642049 0.0  0.354603  0.402292  0.754648  0.329678  0.753316  0.724831  0.847219  0.340531  0.482619  0.736277  0.794795  0.656592  0.493871  0.812284  0.678264 
47  0.711398  0.788625  0.746710  0.720415  0.250998  0.820182  0.657559  0.739211  0.646576  0.478962  0.677008  0.755750  0.667178  0.435957  1.000000  0.547303  0.635216  0.665160  0.794847  0.759474  0.300307  0.395566  0.266867  0.394999  0.742712  0.404861  0.664632  0.629795  0.886860  0.383677  0.173631  0.404841  0.334681  0.387416  0.326306  0.444654  0.438296  0.386858  0.435358  0.373111  0.315745  0.254919  0.734865  0.359385  0.658981  0.780393  0.354603 0.0  0.361545  0.779809  0.236885  0.841514  0.679105  0.837443  0.209484  0.389218  0.747290  0.781730  0.679627  0.382543  0.750188  0.807698 
48  0.683196  0.767373  0.920521  0.856336  0.397855  0.812553  0.880542  0.790933  0.692922  0.509333  0.724311  0.763107  0.740165  0.380995  0.824101  0.556682  0.783830  0.756640  0.709498  0.840782  0.422709  0.212910  0.367704  0.218793  0.664386  0.216657  0.691856  0.735743  0.662223  0.351888  0.489577  0.375225  0.400278  0.205605  0.315840  0.257892  0.238372  0.310982  0.200771  0.219022  0.241220  0.429782  0.896425  0.386433  0.756500  0.762456  0.402292  0.361545 0.0  0.769133  0.386006  0.797365  0.841872  0.765219  0.469172  0.242727  0.668283  0.745918  0.725098  0.208898  0.823808  0.854744 
49  0.339606  0.811254  0.664261  0.789844  0.858033  0.729176  0.678046  0.675717  0.380902  0.480406  0.795896  0.845691  0.435737  0.788605  0.670051  0.545667  0.315497  0.606525  0.636236  0.721187  0.877377  0.781517  0.691245  0.638855  0.789482  0.687431  0.451969  0.774614  0.450842  0.620117  0.604896  0.709600  0.617764  0.863937  0.772260  0.766423  0.651335  0.841307  0.634230  0.728964  0.732018  0.770087  0.741685  0.701354  0.281485  0.332317  0.754648  0.779809  0.769133 0.0  0.679412  0.286816  0.703121  0.305530  0.779778  0.639907  0.739498  0.595400  0.831678  0.811269  0.671329  0.685243 
50  0.707395  0.836873  0.802951  0.777060  0.243291  0.908336  0.806136  0.797680  0.659762  0.521161  0.755840  0.795620  0.706044  0.425726  0.637148  0.524592  0.818152  0.745914  0.934951  0.837905  0.232354  0.395320  0.232184  0.368676  0.813527  0.354360  0.639021  0.694881  0.708619  0.376042  0.286144  0.486621  0.384099  0.331486  0.331664  0.424193  0.369011  0.393593  0.400515  0.355978  0.391232  0.247921  0.845473  0.339225  0.713519  0.670826  0.329678  0.236885  0.386006  0.679412 0.0  0.759433  0.739423  0.831177  0.315136  0.297932  0.726866  0.789042  0.748045  0.307292  0.879036  0.716179 
51  0.325562  0.669124  0.692249  0.746921  0.817318  0.715215  0.742590  0.804027  0.364625  0.543867  0.818800  0.896194  0.499272  0.681876  0.626157  0.621149  0.296204  0.592516  0.609865  0.691398  0.787548  0.765574  0.857767  0.793721  0.686747  0.685755  0.428411  0.887563  0.471681  0.656203  0.837873  0.808312  0.629590  0.727863  0.715635  0.625204  0.781956  0.737170  0.616659  0.780448  0.918428  0.824869  0.661486  0.827994  0.319066  0.341806  0.753316  0.841514  0.797365  0.286816  0.759433 0.0  0.622445  0.299904  0.769202  0.721207  0.641222  0.788358  0.755608  0.839850  0.626714  0.651225 
52  0.567430  0.458447  0.267152  0.569211  0.803867  0.462261  0.578087  0.496076  0.580113  0.695210  0.802333  0.790728  0.467104  0.822240  0.160995  0.595183  0.782391  0.498047  0.794891  0.726768  0.944534  0.774720  0.770559  0.855242  0.580409  0.845799  0.533794  0.735945  0.639657  0.782125  0.812800  0.783105  0.813340  0.815555  0.729964  0.730250  0.822474  0.695011  0.734226  0.781150  0.819233  0.813910  0.577614  0.830765  0.740843  0.656992  0.724831  0.679105  0.841872  0.703121  0.739423  0.622445 0.0  0.734161  0.701540  0.759506  0.237763  0.287055  0.860107  0.676350  0.596087  0.815477 
53  0.318401  0.749475  0.686622  0.749592  0.864874  0.835756  0.653195  0.797701  0.424761  0.526386  0.823951  0.849669  0.351832  0.775682  0.666342  0.609627  0.309035  0.751030  0.707146  0.750800  0.713684  0.783299  0.755148  0.774316  0.746589  0.736129  0.430602  0.915569  0.422051  0.643765  0.792560  0.771930  0.549917  0.683499  0.780944  0.665337  0.762444  0.765105  0.675072  0.775628  0.725153  0.736715  0.623949  0.720735  0.302423  0.308929  0.847219  0.837443  0.765219  0.305530  0.831177  0.299904  0.734161 0.0  0.761262  0.719666  0.879062  0.643851  0.787823  0.829407  0.770991  0.567033 
54  0.641487  0.751676  0.865074  0.805243  0.331620  0.884188  0.917024  0.720576  0.668173  0.496617  0.746973  0.796044  0.640246  0.502204  0.794869  0.533002  0.667274  0.709601  0.703640  0.630044  0.371349  0.442375  0.316279  0.389807  0.801997  0.377387  0.750116  0.677416  0.749912  0.383185  0.215862  0.498624  0.367156  0.407727  0.408830  0.459655  0.336636  0.436534  0.417964  0.424440  0.346840  0.327679  0.858198  0.381948  0.730018  0.757267  0.340531  0.209484  0.469172  0.779778  0.315136  0.769202  0.701540  0.761262 0.0  0.359635  0.699845  0.818175  0.640679  0.433312  0.696481  0.556151 
55  0.644533  0.679693  0.864728  0.804686  0.371543  0.739932  0.743584  0.910437  0.690922  0.444932  0.623497  0.717370  0.672296  0.321171  0.822606  0.537638  0.802336  0.721908  0.774248  0.759566  0.423413  0.237694  0.282402  0.303221  0.725700  0.192462  0.627276  0.716193  0.879483  0.326103  0.396973  0.335520  0.393256  0.234002  0.316809  0.299617  0.239115  0.331371  0.260831  0.232465  0.237846  0.336334  0.790795  0.587077  0.782966  0.694114  0.482619  0.389218  0.242727  0.639907  0.297932  0.721207  0.759506  0.719666  0.359635 0.0  0.812538  0.733869  0.662438  0.200336  0.898961  0.917342 
56  0.750598  0.449804  0.280064  0.544124  0.757856  0.543332  0.487882  0.451221  0.636716  0.607526  0.837559  0.742649  0.526963  0.705352  0.248832  0.523513  0.729011  0.572716  0.608831  0.685047  0.717088  0.695212  0.826366  0.680952  0.599413  0.788414  0.593877  0.619578  0.606395  0.712918  0.727309  0.649031  0.778870  0.788388  0.667423  0.712487  0.739257  0.826600  0.757436  0.842916  0.707295  0.850482  0.529272  0.760143  0.712884  0.691229  0.736277  0.747290  0.668283  0.739498  0.726866  0.641222  0.237763  0.879062  0.699845  0.812538 0.0  0.209329  0.640402  0.782395  0.671588  0.711928 
57  0.717246  0.527055  0.223928  0.470821  0.758582  0.482677  0.490588  0.600304  0.632762  0.769437  0.950777  0.953678  0.497794  0.792383  0.288418  0.516401  0.773200  0.496977  0.748856  0.661089  0.788372  0.673596  0.759508  0.665393  0.541284  0.839813  0.512089  0.644983  0.645380  0.753798  0.901854  0.787758  0.772550  0.922930  0.686377  0.721722  0.800615  0.848505  0.804417  0.757722  0.820263  0.841613  0.517813  0.843341  0.675516  0.669557  0.794795  0.781730  0.745918  0.595400  0.789042  0.788358  0.287055  0.643851  0.818175  0.733869  0.209329 0.0  0.815797  0.798115  0.625449  0.705712 
58  0.734843  0.677918  0.747007  0.695838  0.749015  0.812941  0.868235  0.741219  0.632525  0.620014  0.372655  0.443535  0.781773  0.605248  0.791270  0.543240  0.837657  0.705104  0.838366  0.730564  0.652946  0.712145  0.600163  0.696631  0.647508  0.709099  0.772547  0.499933  0.812855  0.735002  0.766699  0.750589  0.739992  0.676685  0.677539  0.705322  0.763245  0.645037  0.725172  0.689541  0.663476  0.699474  0.736234  0.574492  0.795039  0.676717  0.656592  0.679627  0.725098  0.831678  0.748045  0.755608  0.860107  0.787823  0.640679  0.662438  0.640402  0.815797 0.0  0.822570  0.760386  0.868456 
59  0.739351  0.718705  0.875896  0.718735  0.320192  0.662003  0.708824  0.771838  0.821654  0.491232  0.650711  0.765927  0.784527  0.285341  0.734226  0.598336  0.771129  0.700908  0.832257  0.906453  0.351499  0.269186  0.397975  0.228179  0.850072  0.203651  0.744628  0.753690  0.720593  0.343336  0.393674  0.300864  0.352149  0.202739  0.275254  0.294943  0.147878  0.266254  0.260428  0.156527  0.184365  0.362552  0.742705  0.431415  0.736962  0.778834  0.493871  0.382543  0.208898  0.811269  0.307292  0.839850  0.676350  0.829407  0.433312  0.200336  0.782395  0.798115  0.822570 0.0  0.813977  0.788862 
60  0.713943  0.841543  0.766858  0.687231  0.836567  0.759425  0.703939  0.784599  0.408111  0.614599  0.709360  0.865696  0.623039  0.830502  0.722304  0.702218  0.614066  0.368039  0.178581  0.192560  0.839164  0.749454  0.834870  0.801365  0.744088  0.773015  0.612080  0.722882  0.602239  0.799005  0.815134  0.708147  0.833982  0.887021  0.643252  0.837089  0.729359  0.708438  0.736735  0.612973  0.771846  0.816853  0.718486  0.726018  0.786715  0.765773  0.812284  0.750188  0.823808  0.671329  0.879036  0.626714  0.596087  0.770991  0.696481  0.898961  0.671588  0.625449  0.760386  0.813977 0.0  0.152399 
61  0.712513  0.763740  0.608625  0.681961  0.927692  0.757086  0.894502  0.733076  0.454426  0.704579  0.898781  0.803786  0.705352  0.761682  0.669929  0.585648  0.732561  0.269536  0.185918  0.203362  0.694448  0.748639  0.807405  0.980148  0.729489  0.766862  0.554511  0.938627  0.621674  0.794788  0.705966  0.854913  0.843560  0.803178  0.700872  0.792236  0.771836  0.736676  0.867383  0.781753  0.702930  0.858502  0.856512  0.805202  0.632577  0.764332  0.678264  0.807698  0.854744  0.685243  0.716179  0.651225  0.815477  0.567033  0.556151  0.917342  0.711928  0.705712  0.868456  0.788862  0.152399 0.0 
