62
0 0.0  0.679737  0.732005  0.663528  0.707118  0.733825  0.709337  0.665045  0.456103  0.622996  0.676556  0.817070  0.383270  0.701217  0.676430  0.542979  0.237581  0.601277  0.687441  0.630235  0.634672  0.734188  0.703945  0.735116  0.749093  0.665763  0.480763  0.736275  0.522141  0.621257  0.603768  0.644558  0.527246  0.622920  0.648584  0.683885  0.705649  0.667856  0.790181  0.704448  0.603015  0.656687  0.720763  0.628041  0.261768  0.155093  0.820458  0.668009  0.672418  0.324484  0.727924  0.363400  0.679947  0.354683  0.739473  0.652229  0.684046  0.548910  0.727644  0.609579  0.721787  0.692326 
1  0.679737 0.0  0.575436  0.310766  0.775696  0.198820  0.246124  0.262042  0.640185  0.811104  0.574596  0.710537  0.659879  0.687931  0.573672  0.392206  0.781058  0.685570  0.798391  0.770820  0.694611  0.809481  0.825938  0.747138  0.262981  0.757606  0.776702  0.732835  0.676948  0.737558  0.731380  0.751658  0.766967  0.693465  0.592797  0.736875  0.773872  0.763192  0.705886  0.702437  0.793492  0.733920  0.369512  0.836230  0.741785  0.709624  0.822179  0.795505  0.788978  0.649406  0.752191  0.845954  0.533867  0.714947  0.836673  0.734319  0.542322  0.530702  0.772839  0.757212  0.817515  0.908465 
2  0.732005  0.575436 0.0  0.593702  0.758335  0.557215  0.545565  0.582569  0.658319  0.882892  0.957796  0.825566  0.488224  0.904797  0.288080  0.595959  0.582595  0.478551  0.720171  0.746132  0.861872  0.793507  0.874748  0.791076  0.634482  0.729643  0.503518  0.887044  0.663582  0.729129  0.959840  0.754482  0.875595  0.764283  0.744196  0.765373  0.844402  0.770969  0.776338  0.769001  0.770053  0.791595  0.553882  0.865965  0.695264  0.800976  0.782561  0.856244  0.758019  0.684485  0.719595  0.649487  0.219196  0.613845  0.784649  0.858966  0.291109  0.337768  0.881742  0.909565  0.609779  0.639611 
3  0.663528  0.310766  0.593702 0.0  0.742846  0.263310  0.212209  0.224347  0.568832  0.821659  0.705637  0.725336  0.709860  0.740187  0.587515  0.573304  0.723229  0.733778  0.731958  0.801558  0.789600  0.712602  0.744907  0.874524  0.247242  0.750373  0.730501  0.739538  0.563013  0.708243  0.845231  0.735205  0.695356  0.678640  0.670627  0.769163  0.745164  0.714272  0.739456  0.895107  0.617410  0.711826  0.403126  0.786041  0.709611  0.681292  0.830803  0.722688  0.782853  0.723524  0.736242  0.740968  0.574946  0.618378  0.758268  0.842108  0.461821  0.567602  0.668543  0.798580  0.790915  0.801426 
4  0.707118  0.775696  0.758335  0.742846 0.0  0.807402  0.740533  0.855602  0.792728  0.437976  0.765715  0.720089  0.665603  0.422849  0.778613  0.491722  0.764100  0.662093  0.870795  0.844770  0.162369  0.411528  0.340958  0.397050  0.756166  0.364941  0.711994  0.715156  0.792752  0.301756  0.367272  0.614652  0.337189  0.448618  0.353329  0.416710  0.366002  0.495223  0.370382  0.414676  0.380678  0.094457  0.850720  0.384614  0.761483  0.745643  0.295805  0.286934  0.499066  0.782049  0.173099  0.733915  0.884193  0.768191  0.373258  0.413636  0.730550  0.814570  0.673983  0.331113  0.812518  0.881905 
5  0.733825  0.198820  0.557215  0.263310  0.807402 0.0  0.162406  0.094457  0.735683  0.715946  0.685281  0.670973  0.710475  0.801110  0.576042  0.556377  0.717023  0.688070  0.777770  0.818015  0.908485  0.809559  0.906212  0.781451  0.268100  0.747768  0.741314  0.734071  0.648771  0.826695  0.752910  0.772826  0.779306  0.727022  0.676103  0.766275  0.796938  0.716139  0.769526  0.806849  0.788077  0.786643  0.354252  0.757194  0.725289  0.728656  0.818376  0.864658  0.787846  0.652314  0.862530  0.849806  0.603260  0.787414  0.724749  0.829689  0.538856  0.596891  0.710778  0.838811  0.783428  0.862694 
6  0.709337  0.246124  0.545565  0.212209  0.740533  0.162406 0.0  0.094457  0.624644  0.810527  0.766366  0.675436  0.803038  0.751726  0.549122  0.540604  0.686400  0.746683  0.859867  0.713916  0.728214  0.813325  0.853820  0.769686  0.298154  0.836225  0.800860  0.802176  0.610580  0.808883  0.808238  0.766890  0.672073  0.806639  0.765735  0.773336  0.787473  0.765343  0.778768  0.767136  0.760540  0.809138  0.364198  0.826993  0.688470  0.713830  0.806975  0.779697  0.748887  0.776871  0.741120  0.751584  0.562854  0.780438  0.802323  0.778419  0.478467  0.604650  0.749919  0.809079  0.825657  0.930949 
7  0.665045  0.262042  0.582569  0.224347  0.855602  0.094457  0.094457 0.0  0.758582  0.799682  0.712674  0.804171  0.641700  0.778339  0.608230  0.540736  0.767223  0.735825  0.709597  0.788810  0.859016  0.793663  0.741760  0.734413  0.303310  0.768683  0.780777  0.699303  0.670780  0.742274  0.785946  0.721155  0.784496  0.809425  0.684396  0.735586  0.848431  0.783920  0.780468  0.784378  0.799389  0.838601  0.354911  0.786479  0.728549  0.825432  0.693677  0.724387  0.732413  0.779466  0.685534  0.687814  0.577788  0.832168  0.746623  0.797848  0.470954  0.681600  0.743996  0.860950  0.848510  0.843063 
8  0.456103  0.640185  0.658319  0.568832  0.792728  0.735683  0.624644  0.758582 0.0  0.668294  0.701035  0.781141  0.407292  0.699769  0.650644  0.566903  0.505333  0.759057  0.377033  0.379253  0.773132  0.623218  0.728356  0.741503  0.709447  0.792419  0.501546  0.732581  0.301242  0.661461  0.681894  0.677547  0.703035  0.763472  0.651346  0.743432  0.728462  0.632891  0.652517  0.795829  0.765054  0.799915  0.610169  0.721420  0.381754  0.523394  0.710330  0.716917  0.700757  0.510315  0.677616  0.446334  0.537095  0.428653  0.679928  0.684732  0.697819  0.673545  0.711340  0.610362  0.454268  0.575349 
9  0.622996  0.811104  0.882892  0.821659  0.437976  0.715946  0.810527  0.799682  0.668294 0.0  0.761148  0.765297  0.644006  0.284855  0.812120  0.478605  0.517272  0.585158  0.846880  0.794997  0.548724  0.578503  0.565256  0.444441  0.685791  0.465164  0.611193  0.743999  0.757212  0.375243  0.522136  0.398387  0.369906  0.560982  0.358345  0.402827  0.521075  0.389780  0.441062  0.426313  0.381494  0.477541  0.765086  0.359362  0.564155  0.517585  0.473992  0.495659  0.452448  0.541628  0.515710  0.667644  0.723404  0.632043  0.531911  0.508460  0.794060  0.751306  0.705355  0.478167  0.818780  0.747650 
10  0.676556  0.574596  0.957796  0.705637  0.765715  0.685281  0.766366  0.712674  0.701035  0.761148 0.0  0.292705  0.769394  0.662875  0.808438  0.583082  0.843192  0.784018  0.857550  0.832899  0.753198  0.723961  0.732355  0.658661  0.760914  0.734794  0.709677  0.271690  0.764255  0.681794  0.616091  0.637486  0.713628  0.590987  0.648336  0.697077  0.789092  0.742008  0.773943  0.812439  0.710973  0.782155  0.710164  0.806171  0.888844  0.786597  0.769456  0.642775  0.770327  0.807094  0.696078  0.896472  0.896892  0.831939  0.820953  0.680399  0.784718  0.890131  0.385044  0.667872  0.801041  0.872372 
11  0.817070  0.710537  0.825566  0.725336  0.720089  0.670973  0.675436  0.804171  0.781141  0.765297  0.292705 0.0  0.786447  0.741119  0.873792  0.576844  0.885988  0.855800  0.798533  0.895924  0.884465  0.839710  0.783291  0.653199  0.725088  0.857067  0.846648  0.288101  0.770939  0.805477  0.857325  0.749670  0.745350  0.864601  0.726470  0.722331  0.724392  0.831541  0.772514  0.830060  0.811268  0.809170  0.729353  0.727458  0.815193  0.783696  0.754449  0.806872  0.701989  0.818279  0.729969  0.882791  0.863662  0.746206  0.729598  0.746697  0.809438  0.835017  0.526355  0.732638  0.904495  0.931231 
12  0.383270  0.659879  0.488224  0.709860  0.665603  0.710475  0.803038  0.641700  0.407292  0.644006  0.769394  0.786447 0.0  0.619581  0.518407  0.681655  0.456873  0.426325  0.576981  0.571246  0.750107  0.688028  0.724015  0.748116  0.596438  0.689966  0.094457  0.760022  0.461094  0.753159  0.623809  0.691643  0.702739  0.747019  0.639645  0.698006  0.671791  0.751937  0.656894  0.643426  0.678686  0.640425  0.683096  0.707301  0.342579  0.358353  0.708738  0.719575  0.656244  0.501935  0.706337  0.452838  0.418926  0.351681  0.640284  0.634502  0.598269  0.575862  0.732521  0.693893  0.646865  0.690357 
13  0.701217  0.687931  0.904797  0.740187  0.422849  0.801110  0.751726  0.778339  0.699769  0.284855  0.662875  0.741119  0.619581 0.0  0.755847  0.596145  0.789906  0.784426  0.855503  0.849127  0.454643  0.379932  0.458955  0.348699  0.663752  0.319537  0.663424  0.731760  0.745893  0.566351  0.533252  0.193852  0.518745  0.411881  0.326844  0.224195  0.332722  0.194252  0.347903  0.396064  0.371858  0.558531  0.765957  0.312387  0.700148  0.724455  0.471483  0.540610  0.344517  0.780216  0.549822  0.694638  0.822715  0.727885  0.440775  0.343754  0.707089  0.685747  0.673107  0.352950  0.775037  0.855577 
14  0.676430  0.573672  0.288080  0.587515  0.778613  0.576042  0.549122  0.608230  0.650644  0.812120  0.808438  0.873792  0.518407  0.755847 0.0  0.535503  0.689379  0.360561  0.700426  0.873678  0.865525  0.755687  0.852555  0.978747  0.556483  0.826930  0.531796  0.794260  0.731253  0.798187  0.827813  0.898814  0.778539  0.837932  0.836127  0.894105  0.794519  0.866800  0.799072  0.894470  0.766525  0.857013  0.688867  0.978890  0.732535  0.764768  0.794748  0.818425  0.798182  0.681590  0.841169  0.811796  0.149412  0.784503  0.807213  0.899617  0.263217  0.306189  0.729218  0.767067  0.726142  0.637946 
15  0.542979  0.392206  0.595959  0.573304  0.491722  0.556377  0.540604  0.540736  0.566903  0.478605  0.583082  0.576844  0.681655  0.596145  0.535503 0.0  0.577640  0.591892  0.600546  0.626751  0.521961  0.682610  0.517051  0.521024  0.519703  0.543132  0.611074  0.574890  0.678006  0.664600  0.634121  0.508695  0.654223  0.596457  0.599793  0.605053  0.481646  0.614966  0.541326  0.509339  0.599613  0.485829  0.497032  0.533909  0.537068  0.609904  0.626898  0.496087  0.537984  0.635476  0.535417  0.517748  0.524467  0.604474  0.612845  0.614470  0.606609  0.606435  0.559591  0.567366  0.582144  0.517564 
16  0.237581  0.781058  0.582595  0.723229  0.764100  0.717023  0.686400  0.767223  0.505333  0.517272  0.843192  0.885988  0.456873  0.789906  0.689379  0.577640 0.0  0.610239  0.656503  0.694938  0.663342  0.840912  0.665709  0.714314  0.740954  0.647722  0.375744  0.759806  0.432898  0.614078  0.739770  0.690248  0.650684  0.740985  0.688018  0.750639  0.623253  0.755014  0.667305  0.767784  0.723626  0.781204  0.728992  0.621886  0.182947  0.276423  0.677679  0.727582  0.713817  0.352692  0.760343  0.254427  0.697431  0.397078  0.681109  0.738145  0.745932  0.662879  0.793873  0.797977  0.750341  0.673523 
17  0.601277  0.685570  0.478551  0.733778  0.662093  0.688070  0.746683  0.735825  0.759057  0.585158  0.784018  0.855800  0.426325  0.784426  0.360561  0.591892  0.610239 0.0  0.388623  0.412335  0.700853  0.728744  0.631397  0.760658  0.721733  0.663661  0.459127  0.748937  0.519220  0.587864  0.656808  0.784988  0.687252  0.664596  0.598430  0.745924  0.640929  0.698694  0.681194  0.659679  0.686836  0.663642  0.727158  0.687640  0.675143  0.575066  0.816536  0.672576  0.740613  0.587179  0.701665  0.600652  0.489198  0.661880  0.741019  0.626165  0.384395  0.449577  0.748446  0.754691  0.318511  0.391565 
18  0.687441  0.798391  0.720171  0.731958  0.870795  0.777770  0.859867  0.709597  0.377033  0.846880  0.857550  0.798533  0.576981  0.855503  0.700426  0.600546  0.656503  0.388623 0.0  0.239264  0.836896  0.832834  0.834933  0.836396  0.860081  0.714333  0.638687  0.774223  0.644221  0.730203  0.698790  0.740228  0.741989  0.878697  0.653642  0.711719  0.817362  0.762902  0.797469  0.782880  0.788998  0.874926  0.783005  0.743402  0.705592  0.727362  0.699528  0.789843  0.706964  0.634063  0.768355  0.644043  0.726559  0.628169  0.775918  0.832109  0.703007  0.657343  0.813081  0.791681  0.184958  0.281236 
19  0.630235  0.770820  0.746132  0.801558  0.844770  0.818015  0.713916  0.788810  0.379253  0.794997  0.832899  0.895924  0.571246  0.849127  0.873678  0.626751  0.694938  0.412335  0.239264 0.0  0.791246  0.879902  0.743327  0.832716  0.817219  0.817222  0.574962  0.785692  0.693958  0.804640  0.768717  0.864476  0.745187  0.802795  0.801746  0.682348  0.745293  0.750178  0.846148  0.735123  0.798216  0.964239  0.834197  0.766722  0.772363  0.748958  0.780270  1.000000  0.832894  0.659233  0.815138  0.653084  0.820797  0.884462  0.811321  0.895172  0.784317  0.748395  0.845897  0.799672  0.193295  0.181991 
20  0.634672  0.694611  0.861872  0.789600  0.162369  0.908485  0.728214  0.859016  0.773132  0.548724  0.753198  0.884465  0.750107  0.454643  0.865525  0.521961  0.663342  0.700853  0.836896  0.791246 0.0  0.499670  0.299164  0.375163  0.857665  0.321583  0.586624  0.695239  0.735500  0.278994  0.408927  0.533284  0.433874  0.460701  0.230486  0.484912  0.285923  0.447596  0.386174  0.405336  0.381113  0.141325  0.882131  0.312554  0.747516  0.810137  0.380691  0.317195  0.404510  0.790664  0.236485  0.765949  0.888485  0.691359  0.425279  0.451504  0.788397  0.806214  0.734572  0.348997  0.947139  0.932189 
21  0.734188  0.809481  0.793507  0.712602  0.411528  0.809559  0.813325  0.793663  0.623218  0.578503  0.723961  0.839710  0.688028  0.379932  0.755687  0.682610  0.840912  0.728744  0.832834  0.879902  0.499670 0.0  0.327139  0.224378  0.774863  0.235660  0.651583  0.737937  0.786735  0.385388  0.278685  0.351132  0.388266  0.361370  0.314421  0.369344  0.290841  0.309829  0.360234  0.388799  0.318692  0.431707  0.692370  0.332337  0.900236  0.668350  0.375617  0.414346  0.222316  0.789924  0.419359  0.641644  0.710436  0.831599  0.489453  0.297016  0.824449  0.813439  0.644949  0.264061  0.797325  0.827305 
22  0.703945  0.825938  0.874748  0.744907  0.340958  0.906212  0.853820  0.741760  0.728356  0.565256  0.732355  0.783291  0.724015  0.458955  0.852555  0.517051  0.665709  0.631397  0.834933  0.743327  0.299164  0.327139 0.0  0.466559  0.774389  0.423262  0.672639  0.743334  0.811163  0.402983  0.190993  0.546911  0.403257  0.320426  0.352320  0.377806  0.424576  0.434237  0.401050  0.453827  0.370780  0.178276  0.796611  0.335004  0.794727  0.745756  0.316164  0.254688  0.356833  0.781071  0.186699  0.810295  0.844030  0.815200  0.252661  0.332322  0.673801  0.784827  0.721440  0.455208  0.744390  0.738080 
23  0.735116  0.747138  0.791076  0.874524  0.397050  0.781451  0.769686  0.734413  0.741503  0.444441  0.658661  0.653199  0.748116  0.348699  0.978747  0.521024  0.714314  0.760658  0.836396  0.832716  0.375163  0.224378  0.466559 0.0  0.797955  0.315235  0.814235  0.824891  0.830718  0.489347  0.455918  0.298150  0.354441  0.183133  0.388503  0.390234  0.301664  0.229144  0.270975  0.303186  0.244841  0.373696  0.771519  0.379744  0.817227  0.660289  0.623851  0.363227  0.213818  0.703799  0.423904  0.766992  0.790906  0.721193  0.479403  0.248556  0.787349  0.792676  0.640783  0.192868  0.803551  0.815486 
24  0.749093  0.262981  0.634482  0.247242  0.756166  0.268100  0.298154  0.303310  0.709447  0.685791  0.760914  0.725088  0.596438  0.663752  0.556483  0.519703  0.740954  0.721733  0.860081  0.817219  0.857665  0.774863  0.774389  0.797955 0.0  0.712433  0.717492  0.744507  0.701705  0.795017  0.809688  0.693698  0.784269  0.689606  0.698226  0.737856  0.809201  0.664532  0.736987  0.715847  0.678466  0.948155  0.339370  0.788746  0.787341  0.730037  0.765744  0.761533  0.730271  0.742311  0.717559  0.687417  0.578856  0.638716  0.741216  0.812167  0.529489  0.529095  0.670088  0.810980  0.747248  0.707594 
25  0.665763  0.757606  0.729643  0.750373  0.364941  0.747768  0.836225  0.768683  0.792419  0.465164  0.734794  0.857067  0.689966  0.319537  0.826930  0.543132  0.647722  0.663661  0.714333  0.817222  0.321583  0.235660  0.423262  0.315235  0.712433 0.0  0.642493  0.741625  0.749694  0.388221  0.418231  0.375177  0.388407  0.171919  0.340272  0.210400  0.255957  0.309552  0.227026  0.168349  0.278648  0.317457  0.832862  0.490508  0.720791  0.712528  0.471721  0.396968  0.206078  0.825865  0.483423  0.843547  0.773754  0.856348  0.481497  0.141157  0.780812  0.871044  0.753879  0.205941  0.796120  0.757470 
26  0.480763  0.776702  0.503518  0.730501  0.711994  0.741314  0.800860  0.780777  0.501546  0.611193  0.709677  0.846648  0.094457  0.663424  0.531796  0.611074  0.375744  0.459127  0.638687  0.574962  0.586624  0.651583  0.672639  0.814235  0.717492  0.642493 0.0  0.748477  0.555182  0.736716  0.687513  0.640926  0.656031  0.698493  0.690805  0.554206  0.746842  0.671517  0.534945  0.691206  0.651989  0.785323  0.650504  0.654201  0.378928  0.358815  0.671606  0.592636  0.620405  0.505172  0.684429  0.421545  0.552901  0.391982  0.711508  0.630438  0.542095  0.505402  0.704750  0.728710  0.634811  0.688209 
27  0.736275  0.732835  0.887044  0.739538  0.715156  0.734071  0.802176  0.699303  0.732581  0.743999  0.271690  0.288101  0.760022  0.731760  0.794260  0.574890  0.759806  0.748937  0.774223  0.785692  0.695239  0.737937  0.743334  0.824891  0.744507  0.741625  0.748477 0.0  0.830344  0.700826  0.675390  0.755650  0.764119  0.682693  0.666969  0.708997  0.654632  0.695780  0.630830  0.718475  0.459572  0.621477  0.700723  0.592360  0.703878  0.788758  0.789887  0.687088  0.770335  0.740336  0.742262  0.720906  0.749986  0.874965  0.780745  0.578753  0.738986  0.727538  0.448499  0.659074  0.850960  0.848801 
28  0.522141  0.676948  0.663582  0.563013  0.792752  0.648771  0.610580  0.670780  0.301242  0.757212  0.764255  0.770939  0.461094  0.745893  0.731253  0.678006  0.432898  0.519220  0.644221  0.693958  0.735500  0.786735  0.811163  0.830718  0.701705  0.749694  0.555182  0.830344 0.0  0.756702  0.675037  0.911057  0.767148  0.733546  0.694715  0.875761  0.665228  0.755577  0.681187  0.772623  0.798407  0.759504  0.608995  0.850899  0.613239  0.566452  0.755703  0.842407  0.802470  0.463656  0.698740  0.505098  0.694113  0.412576  0.664707  0.826970  0.831458  0.766472  0.814846  0.830057  0.613895  0.583354 
29  0.621257  0.737558  0.729129  0.708243  0.301756  0.826695  0.808883  0.742274  0.661461  0.375243  0.681794  0.805477  0.753159  0.566351  0.798187  0.664600  0.614078  0.587864  0.730203  0.804640  0.278994  0.385388  0.402983  0.489347  0.795017  0.388221  0.736716  0.700826  0.756702 0.0  0.434627  0.514905  0.257149  0.309828  0.269422  0.484624  0.418837  0.441451  0.378069  0.381927  0.323618  0.248739  0.728813  0.408518  0.504125  0.549570  0.422839  0.300659  0.392933  0.649660  0.387868  0.591377  0.735037  0.563141  0.297811  0.505661  0.849210  0.823517  0.671870  0.284201  0.811649  0.743617 
30  0.603768  0.731380  0.959840  0.845231  0.367272  0.752910  0.808238  0.785946  0.681894  0.522136  0.616091  0.857325  0.623809  0.533252  0.827813  0.634121  0.739770  0.656808  0.698790  0.768717  0.408927  0.278685  0.190993  0.455918  0.809688  0.418231  0.687513  0.675390  0.675037  0.434627 0.0  0.573345  0.286710  0.540480  0.306529  0.566908  0.370326  0.468981  0.439365  0.478887  0.322056  0.295737  0.865375  0.409747  0.760204  0.758103  0.376019  0.250241  0.385230  0.817255  0.185589  0.726894  0.742700  0.648682  0.232732  0.477551  0.841745  0.815044  0.843439  0.405870  0.804190  0.845012 
31  0.644558  0.751658  0.754482  0.735205  0.614652  0.772826  0.766890  0.721155  0.677547  0.398387  0.637486  0.749670  0.691643  0.193852  0.898814  0.508695  0.690248  0.784988  0.740228  0.864476  0.533284  0.351132  0.546911  0.298150  0.693698  0.375177  0.640926  0.755650  0.911057  0.514905  0.573345 0.0  0.523814  0.357233  0.305900  0.248452  0.316073  0.219719  0.379119  0.363639  0.364637  0.558224  0.701392  0.398903  0.663897  0.726604  0.460375  0.502620  0.463637  0.755111  0.538262  0.751045  0.854841  0.773961  0.549975  0.289340  0.674936  0.680240  0.659522  0.313550  0.925762  0.857048 
32  0.527246  0.766967  0.875595  0.695356  0.337189  0.779306  0.672073  0.784496  0.703035  0.369906  0.713628  0.745350  0.702739  0.518745  0.778539  0.654223  0.650684  0.687252  0.741989  0.745187  0.433874  0.388266  0.403257  0.354441  0.784269  0.388407  0.656031  0.764119  0.767148  0.257149  0.286710  0.523814 0.0  0.471476  0.334371  0.487091  0.376276  0.442606  0.390773  0.514042  0.311290  0.455282  0.751686  0.434393  0.561102  0.573248  0.528666  0.370529  0.397331  0.613407  0.365913  0.560496  0.780558  0.649113  0.481956  0.451807  0.714898  0.786131  0.659270  0.430153  0.744881  0.770568 
33  0.622920  0.693465  0.764283  0.678640  0.448618  0.727022  0.806639  0.809425  0.763472  0.560982  0.590987  0.864601  0.747019  0.411881  0.837932  0.596457  0.740985  0.664596  0.878697  0.802795  0.460701  0.361370  0.320426  0.183133  0.689606  0.171919  0.698493  0.682693  0.733546  0.309828  0.540480  0.357233  0.471476 0.0  0.388873  0.314691  0.222080  0.314597  0.227422  0.253020  0.177113  0.327061  0.825702  0.575945  0.810663  0.657223  0.531327  0.343495  0.283238  0.799641  0.464810  0.882352  0.761813  0.817476  0.440936  0.215889  0.785818  0.848677  0.653398  0.220107  0.846168  0.824365 
34  0.648584  0.592797  0.744196  0.670627  0.353329  0.676103  0.765735  0.684396  0.651346  0.358345  0.648336  0.726470  0.639645  0.326844  0.836127  0.599793  0.688018  0.598430  0.653642  0.801746  0.230486  0.314421  0.352320  0.388503  0.698226  0.340272  0.690805  0.666969  0.694715  0.269422  0.306529  0.305900  0.334371  0.388873 0.0  0.295294  0.368437  0.203041  0.406809  0.367408  0.298926  0.387490  0.619464  0.273173  0.648662  0.746033  0.310196  0.253011  0.346446  0.794328  0.313170  0.660119  0.765905  0.677210  0.366086  0.366858  0.780451  0.654033  0.719650  0.393763  0.728814  0.743782 
35  0.683885  0.736875  0.765373  0.769163  0.416710  0.766275  0.773336  0.735586  0.743432  0.402827  0.697077  0.722331  0.698006  0.224195  0.894105  0.605053  0.750639  0.745924  0.711719  0.682348  0.484912  0.369344  0.377806  0.390234  0.737856  0.210400  0.554206  0.708997  0.875761  0.484624  0.566908  0.248452  0.487091  0.314691  0.295294 0.0  0.358886  0.197442  0.438417  0.338606  0.294869  0.527915  0.763782  0.276159  0.770555  0.790700  0.334102  0.510912  0.269617  0.786699  0.487348  0.757809  0.844862  0.675669  0.481570  0.266432  0.852248  0.797328  0.704530  0.354119  0.718146  0.843813 
36  0.705649  0.773872  0.844402  0.745164  0.366002  0.796938  0.787473  0.848431  0.728462  0.521075  0.789092  0.724392  0.671791  0.332722  0.794519  0.481646  0.623253  0.640929  0.817362  0.745293  0.285923  0.290841  0.424576  0.301664  0.809201  0.255957  0.746842  0.654632  0.665228  0.418837  0.370326  0.316073  0.376276  0.222080  0.368437  0.358886 0.0  0.351993  0.191532  0.145318  0.242446  0.487910  0.834653  0.471766  0.742501  0.732498  0.591473  0.285133  0.212612  0.753400  0.364739  0.789774  0.796312  0.715826  0.376498  0.246449  0.696194  0.800314  0.667780  0.206653  0.775868  0.746127 
37  0.667856  0.763192  0.770969  0.714272  0.495223  0.716139  0.765343  0.783920  0.632891  0.389780  0.742008  0.831541  0.751937  0.194252  0.866800  0.614966  0.755014  0.698694  0.762902  0.750178  0.447596  0.309829  0.434237  0.229144  0.664532  0.309552  0.671517  0.695780  0.755577  0.441451  0.468981  0.219719  0.442606  0.314597  0.203041  0.197442  0.351993 0.0  0.336008  0.410251  0.373372  0.538558  0.783156  0.398300  0.857963  0.820420  0.343479  0.466447  0.347584  0.743802  0.612522  0.720716  0.752567  0.761051  0.511943  0.270474  0.775475  0.799033  0.678488  0.300152  0.813393  0.768412 
38  0.790181  0.705886  0.776338  0.739456  0.370382  0.769526  0.778768  0.780468  0.652517  0.441062  0.773943  0.772514  0.656894  0.347903  0.799072  0.541326  0.667305  0.681194  0.797469  0.846148  0.386174  0.360234  0.401050  0.270975  0.736987  0.227026  0.534945  0.630830  0.681187  0.378069  0.439365  0.379119  0.390773  0.227422  0.406809  0.438417  0.191532  0.336008 0.0  0.212565  0.324181  0.511635  0.764865  0.584906  0.665603  0.724789  0.362971  0.427254  0.188262  0.777458  0.439706  0.766648  0.796651  0.861940  0.526283  0.307694  0.758349  0.717654  0.748641  0.127191  0.790752  0.821032 
39  0.704448  0.702437  0.769001  0.895107  0.414676  0.806849  0.767136  0.784378  0.795829  0.426313  0.812439  0.830060  0.643426  0.396064  0.894470  0.509339  0.767784  0.659679  0.782880  0.735123  0.405336  0.388799  0.453827  0.303186  0.715847  0.168349  0.691206  0.718475  0.772623  0.381927  0.478887  0.363639  0.514042  0.253020  0.367408  0.338606  0.145318  0.410251  0.212565 0.0  0.237489  0.466799  0.648976  0.443931  0.689175  0.710963  0.474554  0.412149  0.264023  0.780240  0.466276  0.739468  0.881497  0.703516  0.465516  0.276110  0.677610  0.785183  0.679178  0.094457  0.708642  0.800813 
40  0.603015  0.793492  0.770053  0.617410  0.380678  0.788077  0.760540  0.799389  0.765054  0.381494  0.710973  0.811268  0.678686  0.371858  0.766525  0.599613  0.723626  0.686836  0.788998  0.798216  0.381113  0.318692  0.370780  0.244841  0.678466  0.278648  0.651989  0.459572  0.798407  0.323618  0.322056  0.364637  0.311290  0.177113  0.298926  0.294869  0.242446  0.373372  0.324181  0.237489 0.0  0.413971  0.735907  0.489670  0.783558  0.754838  0.498652  0.323980  0.201443  0.758777  0.395279  0.698795  0.861293  0.824649  0.427704  0.229790  0.773343  0.806557  0.689427  0.231291  0.780753  0.864480 
41  0.656687  0.733920  0.791595  0.711826  0.094457  0.786643  0.809138  0.838601  0.799915  0.477541  0.782155  0.809170  0.640425  0.558531  0.857013  0.485829  0.781204  0.663642  0.874926  0.964239  0.141325  0.431707  0.178276  0.373696  0.948155  0.317457  0.785323  0.621477  0.759504  0.248739  0.295737  0.558224  0.455282  0.327061  0.387490  0.527915  0.487910  0.538558  0.511635  0.466799  0.413971 0.0  0.834849  0.417241  0.823906  0.791687  0.281275  0.353258  0.542051  0.858598  0.309900  0.777107  0.779950  0.768362  0.398690  0.380789  0.682505  0.801779  0.741630  0.367839  0.907610  0.882891 
42  0.720763  0.369512  0.553882  0.403126  0.850720  0.354252  0.364198  0.354911  0.610169  0.765086  0.710164  0.729353  0.683096  0.765957  0.688867  0.497032  0.728992  0.727158  0.783005  0.834197  0.882131  0.692370  0.796611  0.771519  0.339370  0.832862  0.650504  0.700723  0.608995  0.728813  0.865375  0.701392  0.751686  0.825702  0.619464  0.763782  0.834653  0.783156  0.764865  0.648976  0.735907  0.834849 0.0  0.841036  0.600560  0.767800  0.742506  0.821934  0.749564  0.753283  0.693027  0.720248  0.585177  0.681594  0.746084  0.818720  0.540995  0.576895  0.703794  0.792490  0.787059  0.817116 
43  0.628041  0.836230  0.865965  0.786041  0.384614  0.757194  0.826993  0.786479  0.721420  0.359362  0.806171  0.727458  0.707301  0.312387  0.978890  0.533909  0.621886  0.687640  0.743402  0.766722  0.312554  0.332337  0.335004  0.379744  0.788746  0.490508  0.654201  0.592360  0.850899  0.408518  0.409747  0.398903  0.434393  0.575945  0.273173  0.276159  0.471766  0.398300  0.584906  0.443931  0.489670  0.417241  0.841036 0.0  0.748206  0.653408  0.208807  0.341141  0.497940  0.721506  0.309797  0.672792  0.738021  0.815601  0.442240  0.472346  0.806825  0.757836  0.650479  0.489658  0.768406  0.724038 
44  0.261768  0.741785  0.695264  0.709611  0.761483  0.725289  0.688470  0.728549  0.381754  0.564155  0.888844  0.815193  0.342579  0.700148  0.732535  0.537068  0.182947  0.675143  0.705592  0.772363  0.747516  0.900236  0.794727  0.817227  0.787341  0.720791  0.378928  0.703878  0.613239  0.504125  0.760204  0.663897  0.561102  0.810663  0.648662  0.770555  0.742501  0.857963  0.665603  0.689175  0.783558  0.823906  0.600560  0.748206 0.0  0.094457  0.658605  0.755474  0.732141  0.317506  0.794449  0.452610  0.733946  0.323173  0.731123  0.743473  0.612680  0.712229  0.855650  0.726749  0.751455  0.743333 
45  0.155093  0.709624  0.800976  0.681292  0.745643  0.728656  0.713830  0.825432  0.523394  0.517585  0.786597  0.783696  0.358353  0.724455  0.764768  0.609904  0.276423  0.575066  0.727362  0.748958  0.810137  0.668350  0.745756  0.660289  0.730037  0.712528  0.358815  0.788758  0.566452  0.549570  0.758103  0.726604  0.573248  0.657223  0.746033  0.790700  0.732498  0.820420  0.724789  0.710963  0.754838  0.791687  0.767800  0.653408  0.094457 0.0  0.783044  0.701232  0.832747  0.382251  0.843102  0.394781  0.741281  0.369968  0.786427  0.806748  0.871465  0.773163  0.814414  0.833960  0.754016  0.662763 
46  0.820458  0.822179  0.782561  0.830803  0.295805  0.818376  0.806975  0.693677  0.710330  0.473992  0.769456  0.754449  0.708738  0.471483  0.794748  0.626898  0.677679  0.816536  0.699528  0.780270  0.380691  0.375617  0.316164  0.623851  0.765744  0.471721  0.671606  0.789887  0.755703  0.422839  0.376019  0.460375  0.528666  0.531327  0.310196  0.334102  0.591473  0.343479  0.362971  0.474554  0.498652  0.281275  0.742506  0.208807  0.658605  0.783044 0.0  0.299679  0.483490  0.800710  0.355490  0.815494  0.901220  0.738568  0.273176  0.492830  0.750955  0.676216  0.694642  0.524905  0.821816  0.722951 
47  0.668009  0.795505  0.856244  0.722688  0.286934  0.864658  0.779697  0.724387  0.716917  0.495659  0.642775  0.806872  0.719575  0.540610  0.818425  0.496087  0.727582  0.672576  0.789843  1.000000  0.317195  0.414346  0.254688  0.363227  0.761533  0.396968  0.592636  0.687088  0.842407  0.300659  0.250241  0.502620  0.370529  0.343495  0.253011  0.510912  0.285133  0.466447  0.427254  0.412149  0.323980  0.353258  0.821934  0.341141  0.755474  0.701232  0.299679 0.0  0.468272  0.866229  0.343400  0.752607  0.718308  0.759256  0.180962  0.484450  0.825373  0.831542  0.766852  0.391862  0.929786  0.820495 
48  0.672418  0.788978  0.758019  0.782853  0.499066  0.787846  0.748887  0.732413  0.700757  0.452448  0.770327  0.701989  0.656244  0.344517  0.798182  0.537984  0.713817  0.740613  0.706964  0.832894  0.404510  0.222316  0.356833  0.213818  0.730271  0.206078  0.620405  0.770335  0.802470  0.392933  0.385230  0.463637  0.397331  0.283238  0.346446  0.269617  0.212612  0.347584  0.188262  0.264023  0.201443  0.542051  0.749564  0.497940  0.732141  0.832747  0.483490  0.468272 0.0  0.769636  0.344202  0.739895  0.816580  0.813593  0.529657  0.289138  0.709499  0.806535  0.677711  0.304834  0.875699  0.833564 
49  0.324484  0.649406  0.684485  0.723524  0.782049  0.652314  0.776871  0.779466  0.510315  0.541628  0.807094  0.818279  0.501935  0.780216  0.681590  0.635476  0.352692  0.587179  0.634063  0.659233  0.790664  0.789924  0.781071  0.703799  0.742311  0.825865  0.505172  0.740336  0.463656  0.649660  0.817255  0.755111  0.613407  0.799641  0.794328  0.786699  0.753400  0.743802  0.777458  0.780240  0.758777  0.858598  0.753283  0.721506  0.317506  0.382251  0.800710  0.866229  0.769636 0.0  0.799556  0.206234  0.607236  0.411563  0.707337  0.743573  0.643484  0.713292  0.837209  0.818084  0.600430  0.661689 
50  0.727924  0.752191  0.719595  0.736242  0.173099  0.862530  0.741120  0.685534  0.677616  0.515710  0.696078  0.729969  0.706337  0.549822  0.841169  0.535417  0.760343  0.701665  0.768355  0.815138  0.236485  0.419359  0.186699  0.423904  0.717559  0.483423  0.684429  0.742262  0.698740  0.387868  0.185589  0.538262  0.365913  0.464810  0.313170  0.487348  0.364739  0.612522  0.439706  0.466276  0.395279  0.309900  0.693027  0.309797  0.794449  0.843102  0.355490  0.343400  0.344202  0.799556 0.0  0.717784  0.734297  0.777832  0.352768  0.417890  0.782331  0.826108  0.695803  0.447789  0.764588  0.865962 
51  0.363400  0.845954  0.649487  0.740968  0.733915  0.849806  0.751584  0.687814  0.446334  0.667644  0.896472  0.882791  0.452838  0.694638  0.811796  0.517748  0.254427  0.600652  0.644043  0.653084  0.765949  0.641644  0.810295  0.766992  0.687417  0.843547  0.421545  0.720906  0.505098  0.591377  0.726894  0.751045  0.560496  0.882352  0.660119  0.757809  0.789774  0.720716  0.766648  0.739468  0.698795  0.777107  0.720248  0.672792  0.452610  0.394781  0.815494  0.752607  0.739895  0.206234  0.717784 0.0  0.711807  0.346858  0.815462  0.798796  0.682537  0.685170  0.803613  0.844084  0.608545  0.695824 
52  0.679947  0.533867  0.219196  0.574946  0.884193  0.603260  0.562854  0.577788  0.537095  0.723404  0.896892  0.863662  0.418926  0.822715  0.149412  0.524467  0.697431  0.489198  0.726559  0.820797  0.888485  0.710436  0.844030  0.790906  0.578856  0.773754  0.552901  0.749986  0.694113  0.735037  0.742700  0.854841  0.780558  0.761813  0.765905  0.844862  0.796312  0.752567  0.796651  0.881497  0.861293  0.779950  0.585177  0.738021  0.733946  0.741281  0.901220  0.718308  0.816580  0.607236  0.734297  0.711807 0.0  0.668326  0.863785  0.804683  0.340316  0.287843  0.813066  0.783581  0.722607  0.715610 
53  0.354683  0.714947  0.613845  0.618378  0.768191  0.787414  0.780438  0.832168  0.428653  0.632043  0.831939  0.746206  0.351681  0.727885  0.784503  0.604474  0.397078  0.661880  0.628169  0.884462  0.691359  0.831599  0.815200  0.721193  0.638716  0.856348  0.391982  0.874965  0.412576  0.563141  0.648682  0.773961  0.649113  0.817476  0.677210  0.675669  0.715826  0.761051  0.861940  0.703516  0.824649  0.768362  0.681594  0.815601  0.323173  0.369968  0.738568  0.759256  0.813593  0.411563  0.777832  0.346858  0.668326 0.0  0.726282  0.775507  0.732369  0.674010  0.773168  0.809872  0.686413  0.745824 
54  0.739473  0.836673  0.784649  0.758268  0.373258  0.724749  0.802323  0.746623  0.679928  0.531911  0.820953  0.729598  0.640284  0.440775  0.807213  0.612845  0.681109  0.741019  0.775918  0.811321  0.425279  0.489453  0.252661  0.479403  0.741216  0.481497  0.711508  0.780745  0.664707  0.297811  0.232732  0.549975  0.481956  0.440936  0.366086  0.481570  0.376498  0.511943  0.526283  0.465516  0.427704  0.398690  0.746084  0.442240  0.731123  0.786427  0.273176  0.180962  0.529657  0.707337  0.352768  0.815462  0.863785  0.726282 0.0  0.392771  0.792801  0.667741  0.717070  0.533062  0.778357  0.715075 
55  0.652229  0.734319  0.858966  0.842108  0.413636  0.829689  0.778419  0.797848  0.684732  0.508460  0.680399  0.746697  0.634502  0.343754  0.899617  0.614470  0.738145  0.626165  0.832109  0.895172  0.451504  0.297016  0.332322  0.248556  0.812167  0.141157  0.630438  0.578753  0.826970  0.505661  0.477551  0.289340  0.451807  0.215889  0.366858  0.266432  0.246449  0.270474  0.307694  0.276110  0.229790  0.380789  0.818720  0.472346  0.743473  0.806748  0.492830  0.484450  0.289138  0.743573  0.417890  0.798796  0.804683  0.775507  0.392771 0.0  0.812438  0.723302  0.739736  0.192107  0.771668  0.965733 
56  0.684046  0.542322  0.291109  0.461821  0.730550  0.538856  0.478467  0.470954  0.697819  0.794060  0.784718  0.809438  0.598269  0.707089  0.263217  0.606609  0.745932  0.384395  0.703007  0.784317  0.788397  0.824449  0.673801  0.787349  0.529489  0.780812  0.542095  0.738986  0.831458  0.849210  0.841745  0.674936  0.714898  0.785818  0.780451  0.852248  0.696194  0.775475  0.758349  0.677610  0.773343  0.682505  0.540995  0.806825  0.612680  0.871465  0.750955  0.825373  0.709499  0.643484  0.782331  0.682537  0.340316  0.732369  0.792801  0.812438 0.0  0.218878  0.673240  0.821168  0.685660  0.719422 
57  0.548910  0.530702  0.337768  0.567602  0.814570  0.596891  0.604650  0.681600  0.673545  0.751306  0.890131  0.835017  0.575862  0.685747  0.306189  0.606435  0.662879  0.449577  0.657343  0.748395  0.806214  0.813439  0.784827  0.792676  0.529095  0.871044  0.505402  0.727538  0.766472  0.823517  0.815044  0.680240  0.786131  0.848677  0.654033  0.797328  0.800314  0.799033  0.717654  0.785183  0.806557  0.801779  0.576895  0.757836  0.712229  0.773163  0.676216  0.831542  0.806535  0.713292  0.826108  0.685170  0.287843  0.674010  0.667741  0.723302  0.218878 0.0  0.805707  0.763157  0.720411  0.657859 
58  0.727644  0.772839  0.881742  0.668543  0.673983  0.710778  0.749919  0.743996  0.711340  0.705355  0.385044  0.526355  0.732521  0.673107  0.729218  0.559591  0.793873  0.748446  0.813081  0.845897  0.734572  0.644949  0.721440  0.640783  0.670088  0.753879  0.704750  0.448499  0.814846  0.671870  0.843439  0.659522  0.659270  0.653398  0.719650  0.704530  0.667780  0.678488  0.748641  0.679178  0.689427  0.741630  0.703794  0.650479  0.855650  0.814414  0.694642  0.766852  0.677711  0.837209  0.695803  0.803613  0.813066  0.773168  0.717070  0.739736  0.673240  0.805707 0.0  0.757094  0.874824  0.789164 
59  0.609579  0.757212  0.909565  0.798580  0.331113  0.838811  0.809079  0.860950  0.610362  0.478167  0.667872  0.732638  0.693893  0.352950  0.767067  0.567366  0.797977  0.754691  0.791681  0.799672  0.348997  0.264061  0.455208  0.192868  0.810980  0.205941  0.728710  0.659074  0.830057  0.284201  0.405870  0.313550  0.430153  0.220107  0.393763  0.354119  0.206653  0.300152  0.127191  0.094457  0.231291  0.367839  0.792490  0.489658  0.726749  0.833960  0.524905  0.391862  0.304834  0.818084  0.447789  0.844084  0.783581  0.809872  0.533062  0.192107  0.821168  0.763157  0.757094 0.0  0.810778  0.843180 
60  0.721787  0.817515  0.609779  0.790915  0.812518  0.783428  0.825657  0.848510  0.454268  0.818780  0.801041  0.904495  0.646865  0.775037  0.726142  0.582144  0.750341  0.318511  0.184958  0.193295  0.947139  0.797325  0.744390  0.803551  0.747248  0.796120  0.634811  0.850960  0.613895  0.811649  0.804190  0.925762  0.744881  0.846168  0.728814  0.718146  0.775868  0.813393  0.790752  0.708642  0.780753  0.907610  0.787059  0.768406  0.751455  0.754016  0.821816  0.929786  0.875699  0.600430  0.764588  0.608545  0.722607  0.686413  0.778357  0.771668  0.685660  0.720411  0.874824  0.810778 0.0  0.218259 
61  0.692326  0.908465  0.639611  0.801426  0.881905  0.862694  0.930949  0.843063  0.575349  0.747650  0.872372  0.931231  0.690357  0.855577  0.637946  0.517564  0.673523  0.391565  0.281236  0.181991  0.932189  0.827305  0.738080  0.815486  0.707594  0.757470  0.688209  0.848801  0.583354  0.743617  0.845012  0.857048  0.770568  0.824365  0.743782  0.843813  0.746127  0.768412  0.821032  0.800813  0.864480  0.882891  0.817116  0.724038  0.743333  0.662763  0.722951  0.820495  0.833564  0.661689  0.865962  0.695824  0.715610  0.745824  0.715075  0.965733  0.719422  0.657859  0.789164  0.843180  0.218259 0.0 
