62
0 0.0  0.757870  0.721965  0.727281  0.679306  0.721671  0.702614  0.658484  0.414158  0.595824  0.749947  0.738224  0.385975  0.739243  0.653436  0.547408  0.244891  0.629512  0.703426  0.666531  0.637022  0.690379  0.635842  0.678967  0.726676  0.612009  0.400927  0.598504  0.500074  0.530526  0.649674  0.679681  0.454300  0.724673  0.679055  0.685870  0.734544  0.701855  0.666375  0.669253  0.731794  0.743989  0.567952  0.708809  0.333596  0.290404  0.690519  0.657449  0.707757  0.390867  0.735217  0.414257  0.644211  0.495567  0.809674  0.603938  0.663716  0.667505  0.640135  0.664265  0.705792  0.584738 
1  0.757870 0.0  0.534702  0.230406  0.735917  0.149571  0.388737  0.195558  0.678249  0.830082  0.713583  0.722262  0.606504  0.725864  0.629556  0.464837  0.700581  0.799485  0.766518  0.757561  0.827455  0.772254  0.775805  0.704322  0.205349  0.824416  0.702991  0.749747  0.722429  0.720758  0.679954  0.766042  0.763716  0.675342  0.700275  0.695154  0.757630  0.664523  0.684350  0.837602  0.871100  0.725882  0.440099  0.817230  0.683455  0.703562  0.762931  0.748664  0.735335  0.860447  0.773667  0.802532  0.586779  0.656318  0.705577  0.712976  0.524524  0.496466  0.662723  0.713245  0.922096  0.869019 
2  0.721965  0.534702 0.0  0.586516  0.898894  0.586548  0.676526  0.557034  0.678777  0.787424  0.777459  0.869629  0.467488  0.863263  0.231720  0.649162  0.670766  0.471042  0.628059  0.776686  0.872254  0.822969  0.868223  0.816317  0.572845  0.834075  0.606486  0.901143  0.759010  0.775158  0.806351  1.000000  0.795200  0.849961  0.667236  0.751067  0.819187  0.787729  0.879415  0.828675  0.744547  0.916146  0.697606  0.781526  0.711859  0.708491  0.775984  0.765945  0.829961  0.670770  0.789298  0.673445  0.308887  0.733299  0.865716  0.768674  0.310618  0.268016  0.930082  0.844454  0.695612  0.599695 
3  0.727281  0.230406  0.586516 0.0  0.771697  0.115727  0.254745  0.262168  0.618974  0.744665  0.725544  0.712232  0.779961  0.743850  0.596919  0.627473  0.701234  0.688379  0.868313  0.786885  0.842843  0.683301  0.807147  0.720201  0.181895  0.674671  0.733658  0.751542  0.502044  0.825032  0.790455  0.766089  0.720638  0.759151  0.767672  0.789694  0.714275  0.722450  0.763613  0.786422  0.839549  0.795756  0.387573  0.709218  0.703132  0.719373  0.721005  0.744342  0.777592  0.715758  0.754294  0.720678  0.615682  0.729918  0.849741  0.753954  0.530189  0.459271  0.734746  0.799709  0.704511  0.789581 
4  0.679306  0.735917  0.898894  0.771697 0.0  0.766888  0.848078  0.821183  0.649448  0.454758  0.671315  0.761745  0.723900  0.469010  0.846587  0.572696  0.827514  0.763574  0.720545  0.845708  0.155529  0.474528  0.308637  0.394386  0.758720  0.385528  0.629812  0.786670  0.851294  0.292287  0.331585  0.557256  0.381239  0.361010  0.247632  0.411489  0.149753  0.392758  0.464512  0.361012  0.428238  0.077395  0.790461  0.324932  0.771156  0.755602  0.269354  0.318241  0.429383  0.757862  0.229226  0.806347  0.858689  0.904598  0.409742  0.340276  0.773883  0.784079  0.714033  0.354556  0.824358  0.816998 
5  0.721671  0.149571  0.586548  0.115727  0.766888 0.0  0.115869  0.128130  0.704425  0.767601  0.612572  0.801688  0.747180  0.854817  0.590599  0.531368  0.796617  0.705754  0.756190  0.921243  0.857663  0.687831  0.819350  0.800461  0.279127  0.815877  0.647378  0.751645  0.564695  0.776554  0.766637  0.727204  0.797485  0.754837  0.650939  0.777274  0.814292  0.725334  0.725208  0.753675  0.834130  0.836877  0.356350  0.740475  0.707489  0.725774  0.734296  0.794670  0.821725  0.674020  0.895857  0.720118  0.600664  0.666294  0.782360  0.758030  0.517703  0.631852  0.755353  0.695887  0.700200  0.820269 
6  0.702614  0.388737  0.676526  0.254745  0.848078  0.115869 0.0  0.135721  0.728657  0.797637  0.791811  0.786981  0.753923  0.754367  0.691992  0.407411  0.712172  0.689427  0.822538  0.866924  0.735231  0.736283  0.837118  0.718424  0.326751  0.807575  0.699249  0.788949  0.668856  0.832454  0.705174  0.854386  0.857817  0.666379  0.614282  0.721081  0.807132  0.790118  0.781381  0.760266  0.733159  0.918636  0.380676  0.746497  0.763557  0.844241  0.853799  0.839226  0.748859  0.789824  0.798541  0.716342  0.526338  0.690218  0.797891  0.852883  0.400280  0.590427  0.754452  0.790034  0.738068  0.860949 
7  0.658484  0.195558  0.557034  0.262168  0.821183  0.128130  0.135721 0.0  0.631994  0.880200  0.657615  0.767228  0.690469  0.739305  0.469631  0.474346  0.819546  0.651264  0.756355  0.735263  0.734153  0.761238  0.793714  0.747240  0.224243  0.768086  0.743723  0.759522  0.716275  0.781338  0.806087  0.678599  0.799888  0.804686  0.663141  0.770287  0.726937  0.715749  0.742056  0.744042  0.817278  0.794008  0.287361  0.759951  0.762707  0.735696  0.822054  0.787346  0.745730  0.756499  0.752551  0.856490  0.570633  0.707673  0.780970  0.777116  0.518448  0.616667  0.794023  0.772297  0.693677  0.737744 
8  0.414158  0.678249  0.678777  0.618974  0.649448  0.704425  0.728657  0.631994 0.0  0.631660  0.818978  0.799225  0.370496  0.698202  0.799292  0.561845  0.452850  0.730605  0.463171  0.469623  0.750234  0.703021  0.778063  0.717858  0.639019  0.691622  0.438102  0.705382  0.338820  0.706282  0.725720  0.797784  0.673137  0.680079  0.698277  0.664754  0.813307  0.883315  0.646880  0.656633  0.714815  0.702793  0.629099  0.627601  0.335235  0.469608  0.705256  0.717918  0.595852  0.480127  0.695052  0.366089  0.654512  0.373995  0.678143  0.813295  0.755999  0.629194  0.694705  0.696766  0.474175  0.558195 
9  0.595824  0.830082  0.787424  0.744665  0.454758  0.767601  0.797637  0.880200  0.631660 0.0  0.704482  0.742225  0.598686  0.307304  0.956246  0.524106  0.574264  0.618904  0.777191  0.827306  0.518076  0.473405  0.460883  0.485429  0.702101  0.564716  0.679264  0.701948  0.837043  0.234534  0.576748  0.324960  0.349334  0.521622  0.327084  0.358952  0.444078  0.363891  0.486694  0.476570  0.483106  0.506827  0.792073  0.319319  0.686962  0.510256  0.393950  0.569939  0.504201  0.583519  0.524546  0.511702  0.779884  0.634276  0.542416  0.567788  0.761091  0.742175  0.702307  0.457815  0.853505  0.764979 
10  0.749947  0.713583  0.777459  0.725544  0.671315  0.612572  0.791811  0.657615  0.818978  0.704482 0.0  0.145514  0.710874  0.762290  0.722414  0.473791  0.747083  0.796310  0.855787  0.784529  0.652404  0.779746  0.733190  0.775530  0.723025  0.848911  0.769312  0.346371  0.949860  0.748731  0.755411  0.757692  0.752631  0.738592  0.637313  0.718035  0.736781  0.602051  0.817923  0.654556  0.675259  0.625166  0.701641  0.801665  0.817651  0.876169  0.770451  0.704215  0.714571  0.694107  0.676994  0.753731  0.840858  0.820082  0.746757  0.652903  0.692578  0.845917  0.412588  0.771791  0.789800  0.795700 
11  0.738224  0.722262  0.869629  0.712232  0.761745  0.801688  0.786981  0.767228  0.799225  0.742225  0.145514 0.0  0.850636  0.809398  0.827247  0.564398  0.880861  0.788686  0.790807  0.850110  0.773923  0.710632  0.703712  0.773835  0.757237  0.742414  0.811364  0.263489  0.720226  0.715357  0.763910  0.699455  0.703918  0.732070  0.636972  0.828021  0.803815  0.742603  0.801016  0.763595  0.782969  0.712950  0.708013  0.837137  0.771084  0.886578  0.882376  0.746888  0.767916  0.876475  0.802013  0.795024  0.840271  0.802066  0.769373  0.761085  0.733201  0.841765  0.521866  0.860182  0.804122  0.920275 
12  0.385975  0.606504  0.467488  0.779961  0.723900  0.747180  0.753923  0.690469  0.370496  0.598686  0.710874  0.850636 0.0  0.637337  0.610914  0.607265  0.410090  0.400861  0.621644  0.562206  0.792320  0.694572  0.683788  0.658587  0.755136  0.592513  0.100204  0.764869  0.415241  0.685946  0.695066  0.716111  0.651384  0.639028  0.610588  0.698435  0.704214  0.570360  0.676914  0.661034  0.647506  0.631862  0.758482  0.597996  0.395140  0.382150  0.734076  0.800029  0.689219  0.609422  0.778583  0.394595  0.549858  0.431810  0.680942  0.673899  0.498489  0.503337  0.795978  0.713419  0.595755  0.711546 
13  0.739243  0.725864  0.863263  0.743850  0.469010  0.854817  0.754367  0.739305  0.698202  0.307304  0.762290  0.809398  0.637337 0.0  0.852109  0.481271  0.723732  0.626034  0.835828  0.814008  0.345065  0.309977  0.334274  0.335268  0.677095  0.340934  0.741154  0.672901  0.771881  0.466625  0.403185  0.194199  0.485402  0.375573  0.266966  0.210045  0.385590  0.160252  0.314713  0.399848  0.297290  0.490572  0.735254  0.346582  0.838437  0.702950  0.399554  0.476713  0.355014  0.831896  0.451406  0.826066  0.690828  0.726878  0.600736  0.294581  0.805716  0.797437  0.735647  0.286600  0.880759  0.853590 
14  0.653436  0.629556  0.231720  0.596919  0.846587  0.590599  0.691992  0.469631  0.799292  0.956246  0.722414  0.827247  0.610914  0.852109 0.0  0.687788  0.716756  0.496461  0.731790  0.829248  0.901889  0.749551  0.889903  0.794101  0.582737  0.748131  0.558195  0.814186  0.687944  0.768939  0.820000  0.853132  0.809827  0.812588  0.829978  0.788233  0.717775  0.745641  0.860894  0.790976  0.829740  0.805198  0.626394  0.884124  0.707490  0.793203  0.946105  0.908303  0.895497  0.762820  0.763785  0.691018  0.138012  0.661341  0.830538  0.866870  0.328424  0.357354  0.899878  0.833705  0.675594  0.865361 
15  0.547408  0.464837  0.649162  0.627473  0.572696  0.531368  0.407411  0.474346  0.561845  0.524106  0.473791  0.564398  0.607265  0.481271  0.687788 0.0  0.621826  0.561468  0.644489  0.653883  0.521866  0.565103  0.587225  0.559449  0.546405  0.493364  0.555944  0.598246  0.608776  0.454971  0.619101  0.531473  0.648579  0.429806  0.565368  0.567457  0.615408  0.586400  0.615049  0.532384  0.505140  0.537421  0.463271  0.664170  0.582187  0.587320  0.561184  0.517396  0.562795  0.534757  0.542511  0.698140  0.664591  0.526377  0.686599  0.576267  0.554184  0.548714  0.521523  0.583991  0.653631  0.637613 
16  0.244891  0.700581  0.670766  0.701234  0.827514  0.796617  0.712172  0.819546  0.452850  0.574264  0.747083  0.880861  0.410090  0.723732  0.716756  0.621826 0.0  0.570163  0.766596  0.749815  0.738241  0.798120  0.806150  0.680585  0.810126  0.764710  0.405186  0.715278  0.513017  0.520837  0.713377  0.798465  0.615777  0.738792  0.737455  0.665410  0.809587  0.720407  0.682214  0.687014  0.798243  0.859049  0.797338  0.786268  0.330845  0.289445  0.681884  0.704654  0.762630  0.324123  0.700536  0.287001  0.681951  0.386637  0.709112  0.712598  0.715663  0.709252  0.770959  0.817615  0.710076  0.761837 
17  0.629512  0.799485  0.471042  0.688379  0.763574  0.705754  0.689427  0.651264  0.730605  0.618904  0.796310  0.788686  0.400861  0.626034  0.496461  0.561468  0.570163 0.0  0.457148  0.341576  0.643444  0.720522  0.739298  0.645279  0.739174  0.699291  0.462670  0.669430  0.700820  0.693795  0.725942  0.725781  0.716781  0.669317  0.749806  0.732968  0.540950  0.638511  0.701274  0.633143  0.616769  0.705559  0.752935  0.744958  0.524372  0.594645  0.651787  0.722706  0.761426  0.577733  0.716850  0.693169  0.469694  0.678865  0.692994  0.643674  0.436703  0.541510  0.788203  0.563469  0.374152  0.365388 
18  0.703426  0.766518  0.628059  0.868313  0.720545  0.756190  0.822538  0.756355  0.463171  0.777191  0.855787  0.790807  0.621644  0.835828  0.731790  0.644489  0.766596  0.457148 0.0  0.309709  0.808245  0.762402  0.725944  0.754621  0.863704  0.823535  0.695476  0.745902  0.638020  0.757030  0.727375  0.818782  0.786072  0.747214  0.625849  0.825093  0.819050  0.768895  0.797159  0.778640  0.689226  0.776872  0.842900  0.783022  0.838754  0.704190  0.753991  0.713200  0.751323  0.647103  0.791852  0.629921  0.658750  0.692618  0.693584  0.792572  0.786304  0.699093  0.813441  0.758472  0.239579  0.126505 
19  0.666531  0.757561  0.776686  0.786885  0.845708  0.921243  0.866924  0.735263  0.469623  0.827306  0.784529  0.850110  0.562206  0.814008  0.829248  0.653883  0.749815  0.341576  0.309709 0.0  0.781759  0.782885  0.851993  0.780847  0.672224  0.798101  0.594569  0.805261  0.679021  0.734956  0.898766  0.869235  0.755262  0.821748  0.628255  0.758861  0.782275  0.799530  0.795455  0.805785  0.754030  0.941298  0.861342  0.698603  0.719934  0.669609  0.795507  0.759836  0.804221  0.732047  0.802722  0.726305  0.723000  0.717613  0.768151  0.847835  0.713317  0.629154  0.804900  0.699586  0.189366  0.264651 
20  0.637022  0.827455  0.872254  0.842843  0.155529  0.857663  0.735231  0.734153  0.750234  0.518076  0.652404  0.773923  0.792320  0.345065  0.901889  0.521866  0.738241  0.643444  0.808245  0.781759 0.0  0.552357  0.209256  0.504237  0.745036  0.268346  0.667020  0.683285  0.729390  0.225195  0.331660  0.657639  0.407565  0.397163  0.360322  0.452432  0.360216  0.443323  0.487913  0.284072  0.443984  0.233187  0.882639  0.362818  0.848610  0.709331  0.360450  0.224465  0.494662  0.782511  0.240186  0.720529  0.862438  0.915900  0.520267  0.467212  0.784242  0.742115  0.753211  0.310228  0.878451  0.887944 
21  0.690379  0.772254  0.822969  0.683301  0.474528  0.687831  0.736283  0.761238  0.703021  0.473405  0.779746  0.710632  0.694572  0.309977  0.749551  0.565103  0.798120  0.720522  0.762402  0.782885  0.552357 0.0  0.420664  0.210434  0.693667  0.193620  0.670876  0.823367  0.717280  0.391334  0.326695  0.242590  0.476969  0.281556  0.396664  0.299419  0.282656  0.338686  0.197640  0.220987  0.272764  0.561911  0.725217  0.440762  0.740313  0.765773  0.406745  0.432630  0.224227  0.761694  0.425780  0.777553  0.777377  0.741704  0.437059  0.259660  0.796179  0.769775  0.669196  0.288198  0.725298  0.748842 
22  0.635842  0.775805  0.868223  0.807147  0.308637  0.819350  0.837118  0.793714  0.778063  0.460883  0.733190  0.703712  0.683788  0.334274  0.889903  0.587225  0.806150  0.739298  0.725944  0.851993  0.209256  0.420664 0.0  0.368482  0.790042  0.326246  0.679939  0.762209  0.799363  0.390081  0.212978  0.533226  0.295614  0.314477  0.297088  0.461710  0.381103  0.537499  0.481198  0.466910  0.327237  0.311556  0.743006  0.318083  0.863603  0.822709  0.316789  0.266678  0.258124  0.788600  0.159666  0.712982  0.889168  0.832943  0.338394  0.438947  0.778042  0.766807  0.660954  0.407504  0.901558  0.772820 
23  0.678967  0.704322  0.816317  0.720201  0.394386  0.800461  0.718424  0.747240  0.717858  0.485429  0.775530  0.773835  0.658587  0.335268  0.794101  0.559449  0.680585  0.645279  0.754621  0.780847  0.504237  0.210434  0.368482 0.0  0.729044  0.181578  0.663204  0.599393  0.780485  0.450435  0.359495  0.432986  0.414328  0.077395  0.327509  0.301241  0.250375  0.270278  0.219093  0.177183  0.256846  0.301025  0.768747  0.557029  0.680184  0.769302  0.513386  0.417388  0.133771  0.877283  0.286362  0.818149  0.803446  0.687252  0.531735  0.233592  0.838467  0.659016  0.789024  0.173213  0.768793  0.740005 
24  0.726676  0.205349  0.572845  0.181895  0.758720  0.279127  0.326751  0.224243  0.639019  0.702101  0.723025  0.757237  0.755136  0.677095  0.582737  0.546405  0.810126  0.739174  0.863704  0.672224  0.745036  0.693667  0.790042  0.729044 0.0  0.784558  0.662818  0.708116  0.692861  0.817746  0.808942  0.752951  0.721465  0.614867  0.739562  0.788375  0.757158  0.807398  0.832327  0.807404  0.681563  0.730344  0.411283  0.765786  0.785329  0.742874  0.772051  0.690979  0.680235  0.728833  0.814744  0.815195  0.596297  0.618395  0.761671  0.798118  0.518108  0.576564  0.721490  0.737532  0.705661  0.797717 
25  0.612009  0.824416  0.834075  0.674671  0.385528  0.815877  0.807575  0.768086  0.691622  0.564716  0.848911  0.742414  0.592513  0.340934  0.748131  0.493364  0.764710  0.699291  0.823535  0.798101  0.268346  0.193620  0.326246  0.181578  0.784558 0.0  0.750559  0.715412  0.789915  0.332397  0.356129  0.342966  0.399385  0.214625  0.270925  0.240746  0.220680  0.268654  0.171079  0.259763  0.182307  0.440147  0.704062  0.471584  0.733245  0.769747  0.516784  0.347246  0.309324  0.774297  0.353220  0.730314  0.841382  0.804673  0.407238  0.175328  0.826554  0.854677  0.692272  0.179009  0.782080  0.835247 
26  0.400927  0.702991  0.606486  0.733658  0.629812  0.647378  0.699249  0.743723  0.438102  0.679264  0.769312  0.811364  0.100204  0.741154  0.558195  0.555944  0.405186  0.462670  0.695476  0.594569  0.667020  0.670876  0.679939  0.663204  0.662818  0.750559 0.0  0.693338  0.419154  0.685239  0.646633  0.639292  0.689596  0.599773  0.689028  0.608186  0.719933  0.647245  0.725677  0.744203  0.603019  0.732471  0.705148  0.696614  0.335347  0.333632  0.673733  0.684320  0.697257  0.462991  0.760960  0.443458  0.523240  0.399146  0.708472  0.723502  0.621621  0.478606  0.637491  0.725440  0.599040  0.684124 
27  0.598504  0.749747  0.901143  0.751542  0.786670  0.751645  0.788949  0.759522  0.705382  0.701948  0.346371  0.263489  0.764869  0.672901  0.814186  0.598246  0.715278  0.669430  0.745902  0.805261  0.683285  0.823367  0.762209  0.599393  0.708116  0.715412  0.693338 0.0  0.898340  0.700959  0.695745  0.682230  0.744872  0.871384  0.703867  0.647653  0.766286  0.763744  0.736230  0.684162  0.728864  0.744321  0.643844  0.765907  0.712055  0.876763  0.671417  0.668593  0.773318  0.866816  0.810322  0.812483  0.869316  0.733464  0.766102  0.673432  0.712748  0.872272  0.536866  0.715478  0.770380  0.827157 
28  0.500074  0.722429  0.759010  0.502044  0.851294  0.564695  0.668856  0.716275  0.338820  0.837043  0.949860  0.720226  0.415241  0.771881  0.687944  0.608776  0.513017  0.700820  0.638020  0.679021  0.729390  0.717280  0.799363  0.780485  0.692861  0.789915  0.419154  0.898340 0.0  0.779328  0.746333  0.804802  0.762485  0.718657  0.673037  0.728717  0.755905  0.721522  0.662236  0.765742  0.854366  0.777312  0.609642  0.798348  0.498762  0.552088  0.725233  0.786744  0.815319  0.485796  0.761807  0.497773  0.682416  0.552344  0.695092  0.767359  0.681787  0.619604  0.709929  0.769157  0.536176  0.652674 
29  0.530526  0.720758  0.775158  0.825032  0.292287  0.776554  0.832454  0.781338  0.706282  0.234534  0.748731  0.715357  0.685946  0.466625  0.768939  0.454971  0.520837  0.693795  0.757030  0.734956  0.225195  0.391334  0.390081  0.450435  0.817746  0.332397  0.685239  0.700959  0.779328 0.0  0.416535  0.461573  0.276110  0.381965  0.319446  0.377581  0.295497  0.398660  0.399549  0.313095  0.320967  0.237628  0.831093  0.404820  0.561743  0.552937  0.550856  0.327885  0.346504  0.643421  0.273534  0.507158  0.765702  0.574280  0.460096  0.376681  0.895910  0.773268  0.699035  0.401750  0.825305  0.766776 
30  0.649674  0.679954  0.806351  0.790455  0.331585  0.766637  0.705174  0.806087  0.725720  0.576748  0.755411  0.763910  0.695066  0.403185  0.820000  0.619101  0.713377  0.725942  0.727375  0.898766  0.331660  0.326695  0.212978  0.359495  0.808942  0.356129  0.646633  0.695745  0.746333  0.416535 0.0  0.604421  0.376633  0.394973  0.317376  0.415801  0.390977  0.413393  0.442871  0.446731  0.311012  0.324446  0.700517  0.442931  0.656755  0.751690  0.349453  0.205903  0.310818  0.799423  0.270412  0.835272  0.875207  0.767608  0.209477  0.496583  0.725371  0.768290  0.650925  0.455328  0.727694  0.808124 
31  0.679681  0.766042  1.000000  0.766089  0.557256  0.727204  0.854386  0.678599  0.797784  0.324960  0.757692  0.699455  0.716111  0.194199  0.853132  0.531473  0.798465  0.725781  0.818782  0.869235  0.657639  0.242590  0.533226  0.432986  0.752951  0.342966  0.639292  0.682230  0.804802  0.461573  0.604421 0.0  0.573069  0.421094  0.314038  0.260377  0.375106  0.243984  0.409546  0.346122  0.366667  0.512701  0.867103  0.445343  0.740025  0.663087  0.456056  0.548970  0.354825  0.678142  0.541738  0.792864  0.802386  0.840266  0.613267  0.224354  0.856019  0.725924  0.740641  0.264367  0.897420  0.776195 
32  0.454300  0.763716  0.795200  0.720638  0.381239  0.797485  0.857817  0.799888  0.673137  0.349334  0.752631  0.703918  0.651384  0.485402  0.809827  0.648579  0.615777  0.716781  0.786072  0.755262  0.407565  0.476969  0.295614  0.414328  0.721465  0.399385  0.689596  0.744872  0.762485  0.276110  0.376633  0.573069 0.0  0.334450  0.239198  0.461917  0.323603  0.487154  0.327039  0.474485  0.367407  0.411712  0.670651  0.559451  0.663810  0.640496  0.456719  0.396910  0.480873  0.622404  0.411749  0.666462  0.724415  0.647812  0.435410  0.444363  0.730342  0.734815  0.677811  0.351880  0.781928  0.807400 
33  0.724673  0.675342  0.849961  0.759151  0.361010  0.754837  0.666379  0.804686  0.680079  0.521622  0.738592  0.732070  0.639028  0.375573  0.812588  0.429806  0.738792  0.669317  0.747214  0.821748  0.397163  0.281556  0.314477  0.077395  0.614867  0.214625  0.599773  0.871384  0.718657  0.381965  0.394973  0.421094  0.334450 0.0  0.315326  0.360578  0.250098  0.254387  0.179805  0.198252  0.288820  0.458114  0.838082  0.431885  0.691424  0.753758  0.484615  0.328467  0.082595  0.781307  0.330960  0.741051  0.766563  0.832093  0.468159  0.240312  0.727225  0.680033  0.627412  0.197286  0.785162  0.772729 
34  0.679055  0.700275  0.667236  0.767672  0.247632  0.650939  0.614282  0.663141  0.698277  0.327084  0.637313  0.636972  0.610588  0.266966  0.829978  0.565368  0.737455  0.749806  0.625849  0.628255  0.360322  0.396664  0.297088  0.327509  0.739562  0.270925  0.689028  0.703867  0.673037  0.319446  0.317376  0.314038  0.239198  0.315326 0.0  0.227807  0.406840  0.253797  0.419287  0.324860  0.235713  0.421615  0.658381  0.325436  0.733000  0.731606  0.314076  0.392130  0.333661  0.717660  0.339450  0.647463  0.727925  0.676063  0.370645  0.327357  0.676724  0.664580  0.659518  0.234911  0.744600  0.710835 
35  0.685870  0.695154  0.751067  0.789694  0.411489  0.777274  0.721081  0.770287  0.664754  0.358952  0.718035  0.828021  0.698435  0.210045  0.788233  0.567457  0.665410  0.732968  0.825093  0.758861  0.452432  0.299419  0.461710  0.301241  0.788375  0.240746  0.608186  0.647653  0.728717  0.377581  0.415801  0.260377  0.461917  0.360578  0.227807 0.0  0.270418  0.098113  0.383277  0.360284  0.269408  0.603137  0.686346  0.351310  0.742242  0.760993  0.280530  0.498384  0.362729  0.805958  0.445570  0.747152  0.808205  0.837598  0.459602  0.260272  0.872438  0.695549  0.700075  0.322504  0.725755  0.819229 
36  0.734544  0.757630  0.819187  0.714275  0.149753  0.814292  0.807132  0.726937  0.813307  0.444078  0.736781  0.803815  0.704214  0.385590  0.717775  0.615408  0.809587  0.540950  0.819050  0.782275  0.360216  0.282656  0.381103  0.250375  0.757158  0.220680  0.719933  0.766286  0.755905  0.295497  0.390977  0.375106  0.323603  0.250098  0.406840  0.270418 0.0  0.269987  0.308145  0.234907  0.236122  0.439267  0.735888  0.459013  0.718166  0.824195  0.429897  0.408974  0.270587  0.675001  0.419783  0.779146  0.835644  0.789568  0.463939  0.246873  0.767160  0.821672  0.796911  0.154457  0.747543  0.811988 
37  0.701855  0.664523  0.787729  0.722450  0.392758  0.725334  0.790118  0.715749  0.883315  0.363891  0.602051  0.742603  0.570360  0.160252  0.745641  0.586400  0.720407  0.638511  0.768895  0.799530  0.443323  0.338686  0.537499  0.270278  0.807398  0.268654  0.647245  0.763744  0.721522  0.398660  0.413393  0.243984  0.487154  0.254387  0.253797  0.098113  0.269987 0.0  0.330674  0.467957  0.382074  0.460460  0.827819  0.250826  0.715826  0.792478  0.322763  0.453399  0.321879  0.739320  0.562847  0.781985  0.837539  0.677809  0.642622  0.298281  0.718000  0.711151  0.764822  0.297215  0.725349  0.838017 
38  0.666375  0.684350  0.879415  0.763613  0.464512  0.725208  0.781381  0.742056  0.646880  0.486694  0.817923  0.801016  0.676914  0.314713  0.860894  0.615049  0.682214  0.701274  0.797159  0.795455  0.487913  0.197640  0.481198  0.219093  0.832327  0.171079  0.725677  0.736230  0.662236  0.399549  0.442871  0.409546  0.327039  0.179805  0.419287  0.383277  0.308145  0.330674 0.0  0.244631  0.296588  0.485301  0.755311  0.427203  0.715804  0.650400  0.431227  0.436727  0.267364  0.800024  0.441098  0.784615  0.756425  0.707710  0.375715  0.240162  0.752509  0.725761  0.681707  0.191441  0.732456  0.837648 
39  0.669253  0.837602  0.828675  0.786422  0.361012  0.753675  0.760266  0.744042  0.656633  0.476570  0.654556  0.763595  0.661034  0.399848  0.790976  0.532384  0.687014  0.633143  0.778640  0.805785  0.284072  0.220987  0.466910  0.177183  0.807404  0.259763  0.744203  0.684162  0.765742  0.313095  0.446731  0.346122  0.474485  0.198252  0.324860  0.360284  0.234907  0.467957  0.244631 0.0  0.299540  0.387969  0.761688  0.463418  0.758504  0.648107  0.521883  0.403387  0.298887  0.705207  0.473048  0.736023  0.729132  0.840570  0.421848  0.235249  0.830181  0.816643  0.527401  0.140226  0.756251  0.825328 
40  0.731794  0.871100  0.744547  0.839549  0.428238  0.834130  0.733159  0.817278  0.714815  0.483106  0.675259  0.782969  0.647506  0.297290  0.829740  0.505140  0.798243  0.616769  0.689226  0.754030  0.443984  0.272764  0.327237  0.256846  0.681563  0.182307  0.603019  0.728864  0.854366  0.320967  0.311012  0.366667  0.367407  0.288820  0.235713  0.269408  0.236122  0.382074  0.296588  0.299540 0.0  0.300844  0.779536  0.501255  0.645131  0.735992  0.494867  0.353861  0.255357  0.838347  0.350982  0.793274  0.818579  0.749828  0.362569  0.212353  0.745843  0.845456  0.801953  0.089034  0.816474  0.851097 
41  0.743989  0.725882  0.916146  0.795756  0.077395  0.836877  0.918636  0.794008  0.702793  0.506827  0.625166  0.712950  0.631862  0.490572  0.805198  0.537421  0.859049  0.705559  0.776872  0.941298  0.233187  0.561911  0.311556  0.301025  0.730344  0.440147  0.732471  0.744321  0.777312  0.237628  0.324446  0.512701  0.411712  0.458114  0.421615  0.603137  0.439267  0.460460  0.485301  0.387969  0.300844 0.0  0.781043  0.329892  0.748701  0.776223  0.221859  0.357677  0.415532  0.876872  0.293803  0.768567  0.747347  0.672460  0.260489  0.392751  0.715250  0.711467  0.722637  0.427675  0.850350  0.807053 
42  0.567952  0.440099  0.697606  0.387573  0.790461  0.356350  0.380676  0.287361  0.629099  0.792073  0.701641  0.708013  0.758482  0.735254  0.626394  0.463271  0.797338  0.752935  0.842900  0.861342  0.882639  0.725217  0.743006  0.768747  0.411283  0.704062  0.705148  0.643844  0.609642  0.831093  0.700517  0.867103  0.670651  0.838082  0.658381  0.686346  0.735888  0.827819  0.755311  0.761688  0.779536  0.781043 0.0  0.691864  0.747651  0.852570  0.745366  0.775131  0.760234  0.674730  0.846893  0.729240  0.568375  0.724683  0.784184  0.794058  0.553390  0.462490  0.690171  0.714638  0.849830  0.762697 
43  0.708809  0.817230  0.781526  0.709218  0.324932  0.740475  0.746497  0.759951  0.627601  0.319319  0.801665  0.837137  0.597996  0.346582  0.884124  0.664170  0.786268  0.744958  0.783022  0.698603  0.362818  0.440762  0.318083  0.557029  0.765786  0.471584  0.696614  0.765907  0.798348  0.404820  0.442931  0.445343  0.559451  0.431885  0.325436  0.351310  0.459013  0.250826  0.427203  0.463418  0.501255  0.329892  0.691864 0.0  0.704612  0.725499  0.119714  0.420133  0.468905  0.853603  0.424981  0.798832  0.781592  0.793789  0.428814  0.499950  0.834789  0.867011  0.659642  0.412829  0.863317  0.930093 
44  0.333596  0.683455  0.711859  0.703132  0.771156  0.707489  0.763557  0.762707  0.335235  0.686962  0.817651  0.771084  0.395140  0.838437  0.707490  0.582187  0.330845  0.524372  0.838754  0.719934  0.848610  0.740313  0.863603  0.680184  0.785329  0.733245  0.335347  0.712055  0.498762  0.561743  0.656755  0.740025  0.663810  0.691424  0.733000  0.742242  0.718166  0.715826  0.715804  0.758504  0.645131  0.748701  0.747651  0.704612 0.0  0.221298  0.666738  0.851314  0.679895  0.318393  0.671049  0.279202  0.604964  0.310397  0.745088  0.731729  0.763343  0.773589  0.775970  0.755426  0.774319  0.860950 
45  0.290404  0.703562  0.708491  0.719373  0.755602  0.725774  0.844241  0.735696  0.469608  0.510256  0.876169  0.886578  0.382150  0.702950  0.793203  0.587320  0.289445  0.594645  0.704190  0.669609  0.709331  0.765773  0.822709  0.769302  0.742874  0.769747  0.333632  0.876763  0.552088  0.552937  0.751690  0.663087  0.640496  0.753758  0.731606  0.760993  0.824195  0.792478  0.650400  0.648107  0.735992  0.776223  0.852570  0.725499  0.221298 0.0  0.756900  0.737785  0.671076  0.307742  0.718083  0.396025  0.747416  0.240849  0.700641  0.709034  0.847360  0.808320  0.845359  0.802267  0.702597  0.682993 
46  0.690519  0.762931  0.775984  0.721005  0.269354  0.734296  0.853799  0.822054  0.705256  0.393950  0.770451  0.882376  0.734076  0.399554  0.946105  0.561184  0.681884  0.651787  0.753991  0.795507  0.360450  0.406745  0.316789  0.513386  0.772051  0.516784  0.673733  0.671417  0.725233  0.550856  0.349453  0.456056  0.456719  0.484615  0.314076  0.280530  0.429897  0.322763  0.431227  0.521883  0.494867  0.221859  0.745366  0.119714  0.666738  0.756900 0.0  0.393077  0.413544  0.813233  0.269667  0.618177  0.804740  0.769940  0.320948  0.487928  0.740444  0.692289  0.616746  0.535111  0.798691  0.876057 
47  0.657449  0.748664  0.765945  0.744342  0.318241  0.794670  0.839226  0.787346  0.717918  0.569939  0.704215  0.746888  0.800029  0.476713  0.908303  0.517396  0.704654  0.722706  0.713200  0.759836  0.224465  0.432630  0.266678  0.417388  0.690979  0.347246  0.684320  0.668593  0.786744  0.327885  0.205903  0.548970  0.396910  0.328467  0.392130  0.498384  0.408974  0.453399  0.436727  0.403387  0.353861  0.357677  0.775131  0.420133  0.851314  0.737785  0.393077 0.0  0.350716  0.728346  0.294904  0.674326  0.814332  0.769568  0.236886  0.316413  0.671489  0.804541  0.575816  0.234753  0.809209  0.818888 
48  0.707757  0.735335  0.829961  0.777592  0.429383  0.821725  0.748859  0.745730  0.595852  0.504201  0.714571  0.767916  0.689219  0.355014  0.895497  0.562795  0.762630  0.761426  0.751323  0.804221  0.494662  0.224227  0.258124  0.133771  0.680235  0.309324  0.697257  0.773318  0.815319  0.346504  0.310818  0.354825  0.480873  0.082595  0.333661  0.362729  0.270587  0.321879  0.267364  0.298887  0.255357  0.415532  0.760234  0.468905  0.679895  0.671076  0.413544  0.350716 0.0  0.719578  0.245445  0.795834  0.797529  0.739676  0.505424  0.330012  0.732813  0.791841  0.698467  0.190932  0.866667  0.869148 
49  0.390867  0.860447  0.670770  0.715758  0.757862  0.674020  0.789824  0.756499  0.480127  0.583519  0.694107  0.876475  0.609422  0.831896  0.762820  0.534757  0.324123  0.577733  0.647103  0.732047  0.782511  0.761694  0.788600  0.877283  0.728833  0.774297  0.462991  0.866816  0.485796  0.643421  0.799423  0.678142  0.622404  0.781307  0.717660  0.805958  0.675001  0.739320  0.800024  0.705207  0.838347  0.876872  0.674730  0.853603  0.318393  0.307742  0.813233  0.728346  0.719578 0.0  0.775217  0.276940  0.684257  0.342079  0.662290  0.807613  0.686952  0.627923  0.748090  0.809199  0.668907  0.665216 
50  0.735217  0.773667  0.789298  0.754294  0.229226  0.895857  0.798541  0.752551  0.695052  0.524546  0.676994  0.802013  0.778583  0.451406  0.763785  0.542511  0.700536  0.716850  0.791852  0.802722  0.240186  0.425780  0.159666  0.286362  0.814744  0.353220  0.760960  0.810322  0.761807  0.273534  0.270412  0.541738  0.411749  0.330960  0.339450  0.445570  0.419783  0.562847  0.441098  0.473048  0.350982  0.293803  0.846893  0.424981  0.671049  0.718083  0.269667  0.294904  0.245445  0.775217 0.0  0.676415  0.720528  0.712081  0.297809  0.426098  0.890403  0.893451  0.690236  0.355935  0.742505  0.823601 
51  0.414257  0.802532  0.673445  0.720678  0.806347  0.720118  0.716342  0.856490  0.366089  0.511702  0.753731  0.795024  0.394595  0.826066  0.691018  0.698140  0.287001  0.693169  0.629921  0.726305  0.720529  0.777553  0.712982  0.818149  0.815195  0.730314  0.443458  0.812483  0.497773  0.507158  0.835272  0.792864  0.666462  0.741051  0.647463  0.747152  0.779146  0.781985  0.784615  0.736023  0.793274  0.768567  0.729240  0.798832  0.279202  0.396025  0.618177  0.674326  0.795834  0.276940  0.676415 0.0  0.655509  0.402644  0.703980  0.788824  0.677356  0.633683  0.793253  0.819423  0.628491  0.706856 
52  0.644211  0.586779  0.308887  0.615682  0.858689  0.600664  0.526338  0.570633  0.654512  0.779884  0.840858  0.840271  0.549858  0.690828  0.138012  0.664591  0.681951  0.469694  0.658750  0.723000  0.862438  0.777377  0.889168  0.803446  0.596297  0.841382  0.523240  0.869316  0.682416  0.765702  0.875207  0.802386  0.724415  0.766563  0.727925  0.808205  0.835644  0.837539  0.756425  0.729132  0.818579  0.747347  0.568375  0.781592  0.604964  0.747416  0.804740  0.814332  0.797529  0.684257  0.720528  0.655509 0.0  0.675622  0.793305  0.803311  0.165957  0.351333  0.873617  0.805735  0.644507  0.652295 
53  0.495567  0.656318  0.733299  0.729918  0.904598  0.666294  0.690218  0.707673  0.373995  0.634276  0.820082  0.802066  0.431810  0.726878  0.661341  0.526377  0.386637  0.678865  0.692618  0.717613  0.915900  0.741704  0.832943  0.687252  0.618395  0.804673  0.399146  0.733464  0.552344  0.574280  0.767608  0.840266  0.647812  0.832093  0.676063  0.837598  0.789568  0.677809  0.707710  0.840570  0.749828  0.672460  0.724683  0.793789  0.310397  0.240849  0.769940  0.769568  0.739676  0.342079  0.712081  0.402644  0.675622 0.0  0.763096  0.863062  0.724171  0.650900  0.863995  0.832385  0.600412  0.736669 
54  0.809674  0.705577  0.865716  0.849741  0.409742  0.782360  0.797891  0.780970  0.678143  0.542416  0.746757  0.769373  0.680942  0.600736  0.830538  0.686599  0.709112  0.692994  0.693584  0.768151  0.520267  0.437059  0.338394  0.531735  0.761671  0.407238  0.708472  0.766102  0.695092  0.460096  0.209477  0.613267  0.435410  0.468159  0.370645  0.459602  0.463939  0.642622  0.375715  0.421848  0.362569  0.260489  0.784184  0.428814  0.745088  0.700641  0.320948  0.236886  0.505424  0.662290  0.297809  0.703980  0.793305  0.763096 0.0  0.459782  0.729675  0.866810  0.645214  0.518559  0.798108  0.905612 
55  0.603938  0.712976  0.768674  0.753954  0.340276  0.758030  0.852883  0.777116  0.813295  0.567788  0.652903  0.761085  0.673899  0.294581  0.866870  0.576267  0.712598  0.643674  0.792572  0.847835  0.467212  0.259660  0.438947  0.233592  0.798118  0.175328  0.723502  0.673432  0.767359  0.376681  0.496583  0.224354  0.444363  0.240312  0.327357  0.260272  0.246873  0.298281  0.240162  0.235249  0.212353  0.392751  0.794058  0.499950  0.731729  0.709034  0.487928  0.316413  0.330012  0.807613  0.426098  0.788824  0.803311  0.863062  0.459782 0.0  0.731391  0.748440  0.610428  0.229675  0.878783  0.815485 
56  0.663716  0.524524  0.310618  0.530189  0.773883  0.517703  0.400280  0.518448  0.755999  0.761091  0.692578  0.733201  0.498489  0.805716  0.328424  0.554184  0.715663  0.436703  0.786304  0.713317  0.784242  0.796179  0.778042  0.838467  0.518108  0.826554  0.621621  0.712748  0.681787  0.895910  0.725371  0.856019  0.730342  0.727225  0.676724  0.872438  0.767160  0.718000  0.752509  0.830181  0.745843  0.715250  0.553390  0.834789  0.763343  0.847360  0.740444  0.671489  0.732813  0.686952  0.890403  0.677356  0.165957  0.724171  0.729675  0.731391 0.0  0.250036  0.709475  0.727379  0.694717  0.642829 
57  0.667505  0.496466  0.268016  0.459271  0.784079  0.631852  0.590427  0.616667  0.629194  0.742175  0.845917  0.841765  0.503337  0.797437  0.357354  0.548714  0.709252  0.541510  0.699093  0.629154  0.742115  0.769775  0.766807  0.659016  0.576564  0.854677  0.478606  0.872272  0.619604  0.773268  0.768290  0.725924  0.734815  0.680033  0.664580  0.695549  0.821672  0.711151  0.725761  0.816643  0.845456  0.711467  0.462490  0.867011  0.773589  0.808320  0.692289  0.804541  0.791841  0.627923  0.893451  0.633683  0.351333  0.650900  0.866810  0.748440  0.250036 0.0  0.745864  0.694346  0.765767  0.666488 
58  0.640135  0.662723  0.930082  0.734746  0.714033  0.755353  0.754452  0.794023  0.694705  0.702307  0.412588  0.521866  0.795978  0.735647  0.899878  0.521523  0.770959  0.788203  0.813441  0.804900  0.753211  0.669196  0.660954  0.789024  0.721490  0.692272  0.637491  0.536866  0.709929  0.699035  0.650925  0.740641  0.677811  0.627412  0.659518  0.700075  0.796911  0.764822  0.681707  0.527401  0.801953  0.722637  0.690171  0.659642  0.775970  0.845359  0.616746  0.575816  0.698467  0.748090  0.690236  0.793253  0.873617  0.863995  0.645214  0.610428  0.709475  0.745864 0.0  0.841491  0.859734  0.830987 
59  0.664265  0.713245  0.844454  0.799709  0.354556  0.695887  0.790034  0.772297  0.696766  0.457815  0.771791  0.860182  0.713419  0.286600  0.833705  0.583991  0.817615  0.563469  0.758472  0.699586  0.310228  0.288198  0.407504  0.173213  0.737532  0.179009  0.725440  0.715478  0.769157  0.401750  0.455328  0.264367  0.351880  0.197286  0.234911  0.322504  0.154457  0.297215  0.191441  0.140226  0.089034  0.427675  0.714638  0.412829  0.755426  0.802267  0.535111  0.234753  0.190932  0.809199  0.355935  0.819423  0.805735  0.832385  0.518559  0.229675  0.727379  0.694346  0.841491 0.0  0.788672  0.772147 
60  0.705792  0.922096  0.695612  0.704511  0.824358  0.700200  0.738068  0.693677  0.474175  0.853505  0.789800  0.804122  0.595755  0.880759  0.675594  0.653631  0.710076  0.374152  0.239579  0.189366  0.878451  0.725298  0.901558  0.768793  0.705661  0.782080  0.599040  0.770380  0.536176  0.825305  0.727694  0.897420  0.781928  0.785162  0.744600  0.725755  0.747543  0.725349  0.732456  0.756251  0.816474  0.850350  0.849830  0.863317  0.774319  0.702597  0.798691  0.809209  0.866667  0.668907  0.742505  0.628491  0.644507  0.600412  0.798108  0.878783  0.694717  0.765767  0.859734  0.788672 0.0  0.142281 
61  0.584738  0.869019  0.599695  0.789581  0.816998  0.820269  0.860949  0.737744  0.558195  0.764979  0.795700  0.920275  0.711546  0.853590  0.865361  0.637613  0.761837  0.365388  0.126505  0.264651  0.887944  0.748842  0.772820  0.740005  0.797717  0.835247  0.684124  0.827157  0.652674  0.766776  0.808124  0.776195  0.807400  0.772729  0.710835  0.819229  0.811988  0.838017  0.837648  0.825328  0.851097  0.807053  0.762697  0.930093  0.860950  0.682993  0.876057  0.818888  0.869148  0.665216  0.823601  0.706856  0.652295  0.736669  0.905612  0.815485  0.642829  0.666488  0.830987  0.772147  0.142281 0.0 
