62
0 0.0  0.767099  0.674001  0.627345  0.610705  0.729992  0.758143  0.680751  0.424388  0.461417  0.747377  0.722959  0.349235  0.649353  0.726530  0.566076  0.252684  0.607574  0.747459  0.738277  0.754054  0.692662  0.745927  0.655221  0.788750  0.712150  0.431049  0.672856  0.549740  0.481450  0.745634  0.718391  0.630269  0.752918  0.612092  0.641698  0.723139  0.681062  0.712169  0.686135  0.684053  0.752331  0.779086  0.741132  0.367308  0.317898  0.661161  0.696514  0.829107  0.294593  0.661081  0.267655  0.800843  0.290921  0.787135  0.598360  0.709391  0.696822  0.716672  0.645970  0.650130  0.660945 
1  0.767099 0.0  0.573585  0.241054  0.770642  0.188963  0.207982  0.265961  0.682449  0.728087  0.664868  0.807974  0.647731  0.755172  0.592211  0.521754  0.723690  0.695180  0.786502  0.813452  0.790836  0.866708  0.792441  0.764052  0.202674  0.742757  0.711914  0.766285  0.613000  0.701781  0.650475  0.682690  0.717966  0.646323  0.690502  0.705398  0.787413  0.538170  0.732968  0.721450  0.674032  0.792843  0.332801  0.786028  0.647717  0.692073  0.729430  0.672909  0.733955  0.742393  0.774774  0.827109  0.682507  0.760761  0.686857  0.715994  0.553270  0.572696  0.679286  0.694275  0.814385  0.848864 
2  0.674001  0.573585 0.0  0.526256  0.828113  0.629730  0.685425  0.562372  0.717702  0.856367  0.869888  0.845565  0.519153  0.876502  0.369720  0.483545  0.605190  0.435187  0.741004  0.748052  0.809842  0.764632  0.824949  0.742947  0.543028  0.751260  0.520848  0.819649  0.580927  0.831285  0.817125  0.924034  0.766577  0.774884  0.683154  0.896527  0.767578  0.688002  0.803026  0.821891  0.783911  0.953281  0.647093  0.847110  0.685072  0.671299  0.755789  0.888164  0.897150  0.680035  0.832651  0.604823  0.244088  0.674916  0.835803  0.862621  0.212829  0.322349  0.786199  0.870295  0.805087  0.683168 
3  0.627345  0.241054  0.526256 0.0  0.740279  0.222428  0.287213  0.190804  0.738769  0.697942  0.702575  0.786431  0.734604  0.666698  0.618507  0.507025  0.765515  0.721819  0.745272  0.696622  0.746967  0.733127  0.770490  0.784828  0.253118  0.736795  0.686078  0.838692  0.533517  0.638491  0.679636  0.686030  0.637529  0.732187  0.778280  0.666338  0.747412  0.835410  0.848379  0.841953  0.764509  0.852470  0.432965  0.854461  0.675831  0.726174  0.725750  0.673543  0.772599  0.822077  0.757860  0.793098  0.682020  0.643750  0.772590  0.759003  0.510055  0.564259  0.732178  0.769005  0.771768  0.772212 
4  0.610705  0.770642  0.828113  0.740279 0.0  0.831372  0.814786  0.774972  0.875093  0.520554  0.795294  0.713316  0.737210  0.501409  0.823505  0.567183  0.669145  0.787618  0.851732  0.864108  0.085063  0.465156  0.185270  0.451804  0.798746  0.345620  0.675612  0.628587  0.753423  0.320825  0.390489  0.459403  0.477635  0.426061  0.316567  0.358062  0.405675  0.421639  0.433702  0.352584  0.446740  0.095066  0.763931  0.303516  0.684765  0.734737  0.361985  0.368307  0.444660  0.799975  0.310350  0.780856  0.880694  0.757001  0.245660  0.346979  0.884842  0.785411  0.669988  0.487597  0.785517  0.785128 
5  0.729992  0.188963  0.629730  0.222428  0.831372 0.0  0.085063  0.208572  0.796522  0.737017  0.712817  0.805360  0.606514  0.828136  0.687738  0.610893  0.749413  0.678175  0.789466  0.835496  0.784660  0.880428  0.823009  0.732878  0.242253  0.745856  0.737468  0.696486  0.586113  0.836517  0.923142  0.715393  0.869405  0.826792  0.717319  0.857668  0.843107  0.761772  0.747184  0.794773  0.741414  0.791786  0.366728  0.805619  0.645614  0.787646  0.769184  0.756421  0.821055  0.727129  0.911355  0.745267  0.473348  0.714460  0.874464  0.780652  0.648644  0.696959  0.729132  0.791275  0.819110  0.742161 
6  0.758143  0.207982  0.685425  0.287213  0.814786  0.085063 0.0  0.207718  0.726248  0.722203  0.747839  0.754771  0.681131  0.789690  0.557213  0.549245  0.537733  0.667077  0.786664  0.775479  0.837012  0.762208  0.814385  0.718823  0.241470  0.738911  0.680752  0.722142  0.585568  0.775323  0.745383  0.735357  0.806724  0.827309  0.697723  0.759853  0.776213  0.793778  0.705796  0.788016  0.766887  0.848961  0.330819  0.771522  0.665524  0.661822  0.828464  0.715476  0.802248  0.791245  0.740838  0.622581  0.548629  0.769033  0.850854  0.772421  0.519321  0.574662  0.710668  0.844660  0.735059  0.845367 
7  0.680751  0.265961  0.562372  0.190804  0.774972  0.208572  0.207718 0.0  0.711587  0.830240  0.699555  0.715268  0.781179  0.811306  0.558598  0.453525  0.723264  0.749735  0.774100  0.787805  0.744419  0.749634  0.850401  0.886694  0.252600  0.826947  0.714150  0.667201  0.598697  0.815645  0.692829  0.795578  0.799983  0.748544  0.675234  0.806809  0.824441  0.807413  0.780265  0.790019  0.765284  0.829414  0.372646  0.758274  0.730519  0.817541  0.824880  0.780665  0.723695  0.752301  0.810361  0.772944  0.547788  0.708885  0.709959  0.779267  0.465422  0.553295  0.691961  0.751032  0.769541  0.761506 
8  0.424388  0.682449  0.717702  0.738769  0.875093  0.796522  0.726248  0.711587 0.0  0.709442  0.667954  0.795613  0.417743  0.714492  0.614406  0.651928  0.336509  0.573097  0.507395  0.416444  0.751221  0.654551  0.695639  0.623138  0.694614  0.611044  0.392902  0.842976  0.468205  0.760247  0.671290  0.709116  0.772616  0.789284  0.599831  0.773802  0.762287  0.595538  0.649935  0.731803  0.682208  0.807955  0.617491  0.711908  0.487848  0.397525  0.717966  0.674626  0.731393  0.332070  0.641496  0.382172  0.563288  0.384742  0.653522  0.818651  0.475595  0.631146  0.702844  0.724356  0.382499  0.424871 
9  0.461417  0.728087  0.856367  0.697942  0.520554  0.737017  0.722203  0.830240  0.709442 0.0  0.576195  0.728710  0.613845  0.384649  0.722434  0.514047  0.672207  0.629250  0.781367  0.748783  0.467632  0.448573  0.559267  0.388743  0.709727  0.493580  0.657230  0.707992  0.754062  0.259040  0.455052  0.405346  0.232741  0.546537  0.283737  0.351087  0.549686  0.381920  0.594393  0.433683  0.489157  0.514281  0.649238  0.381835  0.637187  0.497387  0.377870  0.475361  0.500773  0.606464  0.472075  0.594313  0.761648  0.561539  0.548243  0.558362  0.760598  0.776684  0.767096  0.449908  0.770914  0.807610 
10  0.747377  0.664868  0.869888  0.702575  0.795294  0.712817  0.747839  0.699555  0.667954  0.576195 0.0  0.278719  0.817751  0.733068  0.801661  0.590434  0.858296  0.827937  0.713400  0.825739  0.769833  0.768992  0.693484  0.723339  0.671495  0.649243  0.722145  0.326217  0.724258  0.788929  0.670172  0.693549  0.710698  0.692517  0.645313  0.702322  0.722417  0.628387  0.640092  0.671133  0.694790  0.699297  0.692630  0.742831  0.833779  0.861727  0.802027  0.661796  0.669152  0.861366  0.774541  0.835282  0.784239  0.864834  0.734350  0.622294  0.698352  0.716344  0.342754  0.737172  0.816174  0.794661 
11  0.722959  0.807974  0.845565  0.786431  0.713316  0.805360  0.754771  0.715268  0.795613  0.728710  0.278719 0.0  0.747205  0.739583  0.845739  0.524002  0.833238  0.751991  0.840666  0.900004  0.753241  0.850523  0.835466  0.697829  0.616938  0.712524  0.779156  0.258030  0.820802  0.803196  0.881359  0.795668  0.718281  0.649788  0.647101  0.718242  0.832845  0.739101  0.826169  0.729081  0.806713  0.776461  0.890780  0.817935  0.859133  0.835994  0.711703  0.711936  0.782756  0.733870  0.711951  0.874380  0.851400  0.823199  0.772657  0.791972  0.785639  0.922351  0.420628  0.721556  0.851938  0.886554 
12  0.349235  0.647731  0.519153  0.734604  0.737210  0.606514  0.681131  0.781179  0.417743  0.613845  0.817751  0.747205 0.0  0.681386  0.543666  0.600880  0.276006  0.492744  0.716838  0.597738  0.696363  0.704371  0.682293  0.656491  0.744374  0.577826  0.218240  0.814988  0.458493  0.509694  0.629162  0.763504  0.696625  0.668780  0.599065  0.641316  0.656966  0.642735  0.571273  0.608101  0.623878  0.726668  0.743646  0.641055  0.420494  0.384303  0.765487  0.633554  0.779092  0.510736  0.683828  0.381822  0.423848  0.387427  0.613506  0.823834  0.610159  0.539694  0.760993  0.753005  0.564511  0.629479 
13  0.649353  0.755172  0.876502  0.666698  0.501409  0.828136  0.789690  0.811306  0.714492  0.384649  0.733068  0.739583  0.681386 0.0  0.768269  0.572732  0.816145  0.676554  0.824249  0.868847  0.469552  0.369862  0.512942  0.294985  0.780510  0.298619  0.699809  0.699042  0.777828  0.540449  0.484296  0.127443  0.435969  0.334984  0.366149  0.229356  0.368211  0.251988  0.243140  0.314971  0.426062  0.519549  0.748774  0.218285  0.652142  0.658196  0.392832  0.598663  0.285491  0.797195  0.459621  0.696088  0.815199  0.699984  0.511477  0.464980  0.743549  0.845222  0.705506  0.190673  0.752110  0.837018 
14  0.726530  0.592211  0.369720  0.618507  0.823505  0.687738  0.557213  0.558598  0.614406  0.722434  0.801661  0.845739  0.543666  0.768269 0.0  0.600189  0.695795  0.552196  0.681018  0.674269  0.780356  0.764017  0.893506  0.768688  0.573510  0.775980  0.596090  0.883273  0.741562  0.833781  0.901622  0.857306  0.819782  0.830790  0.736093  0.796766  0.853032  0.818586  0.908613  0.880324  0.888296  0.855954  0.627301  0.782847  0.659385  0.725855  0.856365  0.816990  0.782346  0.777387  0.870731  0.681897  0.155340  0.748446  0.840164  0.802206  0.274604  0.237994  0.784779  0.817232  0.732599  0.773844 
15  0.566076  0.521754  0.483545  0.507025  0.567183  0.610893  0.549245  0.453525  0.651928  0.514047  0.590434  0.524002  0.600880  0.572732  0.600189 0.0  0.565298  0.578660  0.587841  0.708656  0.464488  0.566418  0.558581  0.533435  0.527492  0.608962  0.649406  0.597641  0.745675  0.626207  0.540010  0.535920  0.569928  0.471218  0.581151  0.533371  0.508244  0.554981  0.542011  0.445046  0.535354  0.544854  0.493837  0.492400  0.472015  0.553468  0.571273  0.493993  0.496483  0.631635  0.537451  0.757162  0.554397  0.619811  0.610519  0.640546  0.643877  0.569225  0.614243  0.568151  0.650391  0.709633 
16  0.252684  0.723690  0.605190  0.765515  0.669145  0.749413  0.537733  0.723264  0.336509  0.672207  0.858296  0.833238  0.276006  0.816145  0.695795  0.565298 0.0  0.684579  0.603225  0.640016  0.806978  0.737765  0.771574  0.633777  0.752900  0.701140  0.308551  0.724148  0.506079  0.584796  0.744880  0.710181  0.566864  0.751339  0.748922  0.685088  0.667320  0.739305  0.757819  0.699621  0.846172  0.742168  0.709976  0.706651  0.288208  0.373357  0.706162  0.705646  0.795808  0.339926  0.665234  0.228935  0.714252  0.336321  0.785930  0.843990  0.731116  0.693642  0.750975  0.709555  0.713115  0.610864 
17  0.607574  0.695180  0.435187  0.721819  0.787618  0.678175  0.667077  0.749735  0.573097  0.629250  0.827937  0.751991  0.492744  0.676554  0.552196  0.578660  0.684579 0.0  0.325044  0.359908  0.670476  0.747228  0.738745  0.697329  0.807514  0.619243  0.445858  0.779896  0.616004  0.723645  0.728329  0.739298  0.725263  0.698445  0.715199  0.616978  0.669908  0.760803  0.599841  0.663231  0.590165  0.701626  0.724316  0.725051  0.708494  0.706673  0.709237  0.695123  0.606853  0.645361  0.608995  0.697933  0.454153  0.714201  0.621839  0.720332  0.470594  0.440160  0.774068  0.760778  0.332836  0.446042 
18  0.747459  0.786502  0.741004  0.745272  0.851732  0.789466  0.786664  0.774100  0.507395  0.781367  0.713400  0.840666  0.716838  0.824249  0.681018  0.587841  0.603225  0.325044 0.0  0.122286  0.815643  0.802581  0.745877  0.785399  0.850287  0.810743  0.603512  0.842105  0.721214  0.748941  0.764457  0.681643  0.805680  0.819680  0.744249  0.795335  0.798690  0.740948  0.812992  0.874654  0.838367  0.880976  0.722525  0.847263  0.703456  0.720134  0.735808  0.840642  0.765447  0.633155  0.785478  0.686299  0.744483  0.741483  0.791825  0.807170  0.786150  0.667855  0.778709  0.785458  0.208463  0.214772 
19  0.738277  0.813452  0.748052  0.696622  0.864108  0.835496  0.775479  0.787805  0.416444  0.748783  0.825739  0.900004  0.597738  0.868847  0.674269  0.708656  0.640016  0.359908  0.122286 0.0  0.861353  0.777790  0.803937  0.814359  0.726799  0.802941  0.701750  0.886692  0.556817  0.776682  0.825486  0.817798  0.816278  0.846927  0.676461  0.811702  0.808794  0.771804  0.820669  0.782984  0.824595  0.782733  0.856136  0.848240  0.777324  0.798627  0.749845  0.812214  0.863691  0.707210  0.808670  0.565636  0.801215  0.787736  0.711255  0.831920  0.768431  0.735788  0.856956  0.764865  0.170146  0.186874 
20  0.754054  0.790836  0.809842  0.746967  0.085063  0.784660  0.837012  0.744419  0.751221  0.467632  0.769833  0.753241  0.696363  0.469552  0.780356  0.464488  0.806978  0.670476  0.815643  0.861353 0.0  0.478772  0.229782  0.367212  0.824002  0.333758  0.621045  0.733024  0.810970  0.307208  0.380075  0.451000  0.426507  0.435143  0.383683  0.539203  0.435683  0.456046  0.398834  0.488581  0.302623  0.288293  0.807065  0.331027  0.716954  0.831828  0.354468  0.363344  0.343640  0.765945  0.198096  0.833299  1.000000  0.754252  0.392793  0.413231  0.758681  0.798114  0.703433  0.401415  0.812625  0.791530 
21  0.692662  0.866708  0.764632  0.733127  0.465156  0.880428  0.762208  0.749634  0.654551  0.448573  0.768992  0.850523  0.704371  0.369862  0.764017  0.566418  0.737765  0.747228  0.802581  0.777790  0.478772 0.0  0.411963  0.219967  0.716803  0.326439  0.698013  0.810513  0.814037  0.375253  0.266301  0.393967  0.427841  0.358956  0.332914  0.366238  0.358610  0.396663  0.284391  0.277646  0.237488  0.416448  0.899044  0.575851  0.719452  0.675043  0.375850  0.418050  0.201231  0.754280  0.400606  0.744634  0.736421  0.622959  0.371055  0.193458  0.812580  0.746339  0.658933  0.212777  0.744540  0.798262 
22  0.745927  0.792441  0.824949  0.770490  0.185270  0.823009  0.814385  0.850401  0.695639  0.559267  0.693484  0.835466  0.682293  0.512942  0.893506  0.558581  0.771574  0.738745  0.745877  0.803937  0.229782  0.411963 0.0  0.456414  0.763055  0.415905  0.612863  0.721031  0.691383  0.367585  0.165276  0.543916  0.395810  0.330252  0.405800  0.368852  0.431649  0.542746  0.344262  0.437686  0.425857  0.135975  0.810754  0.317165  0.904695  0.891284  0.301161  0.369481  0.373671  0.753029  0.205147  0.770694  0.803125  0.816272  0.343381  0.246465  0.733249  0.794538  0.665646  0.327095  0.795639  0.827609 
23  0.655221  0.764052  0.742947  0.784828  0.451804  0.732878  0.718823  0.886694  0.623138  0.388743  0.723339  0.697829  0.656491  0.294985  0.768688  0.533435  0.633777  0.697329  0.785399  0.814359  0.367212  0.219967  0.456414 0.0  0.754848  0.212383  0.711084  0.730635  0.818523  0.264490  0.502945  0.405349  0.347947  0.103909  0.340787  0.332907  0.258836  0.391667  0.163783  0.332859  0.220969  0.443749  0.777674  0.495449  0.794074  0.733964  0.530050  0.447795  0.325468  0.824578  0.370063  0.746384  0.717698  0.814460  0.367030  0.307755  0.797115  0.673317  0.781099  0.278395  0.812218  0.764462 
24  0.788750  0.202674  0.543028  0.253118  0.798746  0.242253  0.241470  0.252600  0.694614  0.709727  0.671495  0.616938  0.744374  0.780510  0.573510  0.527492  0.752900  0.807514  0.850287  0.726799  0.824002  0.716803  0.763055  0.754848 0.0  0.753282  0.760564  0.681475  0.655747  0.726597  0.683798  0.668228  0.736001  0.752035  0.573516  0.733292  0.817377  0.715940  0.778532  0.709733  0.794121  0.786571  0.272204  0.843794  0.718391  0.767140  0.792727  0.763585  0.788171  0.784226  0.786587  0.723613  0.565172  0.692757  0.752277  0.749986  0.571001  0.534081  0.687167  0.743006  0.799914  0.755135 
25  0.712150  0.742757  0.751260  0.736795  0.345620  0.745856  0.738911  0.826947  0.611044  0.493580  0.649243  0.712524  0.577826  0.298619  0.775980  0.608962  0.701140  0.619243  0.810743  0.802941  0.333758  0.326439  0.415905  0.212383  0.753282 0.0  0.686826  0.711383  0.733075  0.351656  0.347351  0.317015  0.340744  0.269278  0.342379  0.329568  0.326318  0.356002  0.403126  0.253682  0.245570  0.322576  0.787749  0.453861  0.635189  0.806608  0.470221  0.407793  0.191511  0.728189  0.309490  0.888506  0.741370  0.824923  0.426651  0.202461  0.859528  0.737093  0.722313  0.235946  0.772954  0.803658 
26  0.431049  0.711914  0.520848  0.686078  0.675612  0.737468  0.680752  0.714150  0.392902  0.657230  0.722145  0.779156  0.218240  0.699809  0.596090  0.649406  0.308551  0.445858  0.603512  0.701750  0.621045  0.698013  0.612863  0.711084  0.760564  0.686826 0.0  0.811088  0.498948  0.771439  0.725112  0.752138  0.679869  0.587566  0.599588  0.707863  0.661303  0.626484  0.647583  0.578858  0.699957  0.634911  0.707782  0.711941  0.397059  0.381932  0.709775  0.737396  0.695015  0.470309  0.662650  0.450346  0.517286  0.397788  0.638126  0.721067  0.514799  0.536756  0.843123  0.737387  0.640820  0.586880 
27  0.672856  0.766285  0.819649  0.838692  0.628587  0.696486  0.722142  0.667201  0.842976  0.707992  0.326217  0.258030  0.814988  0.699042  0.883273  0.597641  0.724148  0.779896  0.842105  0.886692  0.733024  0.810513  0.721031  0.730635  0.681475  0.711383  0.811088 0.0  0.726240  0.688104  0.757226  0.652320  0.717702  0.721900  0.676777  0.674981  0.777246  0.802518  0.739608  0.685306  0.695076  0.775131  0.691987  0.675741  0.749208  0.832090  0.686102  0.665377  0.742443  0.752611  0.733651  0.805918  0.897568  0.800686  0.698282  0.724506  0.824414  0.770455  0.529569  0.601578  0.851547  0.868029 
28  0.549740  0.613000  0.580927  0.533517  0.753423  0.586113  0.585568  0.598697  0.468205  0.754062  0.724258  0.820802  0.458493  0.777828  0.741562  0.745675  0.506079  0.616004  0.721214  0.556817  0.810970  0.814037  0.691383  0.818523  0.655747  0.733075  0.498948  0.726240 0.0  0.911817  0.765791  0.751733  0.765496  0.744461  0.793431  0.766474  0.701752  0.702711  0.704943  0.748362  0.721141  0.760110  0.616453  0.760972  0.604338  0.513309  0.733760  0.849252  0.749438  0.514124  0.739086  0.475274  0.663979  0.516258  0.745238  0.821800  0.688245  0.644913  0.875515  0.770447  0.671650  0.641581 
29  0.481450  0.701781  0.831285  0.638491  0.320825  0.836517  0.775323  0.815645  0.760247  0.259040  0.788929  0.803196  0.509694  0.540449  0.833781  0.626207  0.584796  0.723645  0.748941  0.776682  0.307208  0.375253  0.367585  0.264490  0.726597  0.351656  0.771439  0.688104  0.911817 0.0  0.397245  0.411556  0.270595  0.322034  0.193848  0.527606  0.341796  0.437930  0.368471  0.355797  0.276678  0.400423  0.855655  0.385041  0.600907  0.549114  0.531524  0.309778  0.375601  0.705002  0.334440  0.642565  0.780437  0.680021  0.395457  0.309783  0.677781  0.794694  0.764754  0.381993  0.742209  0.752835 
30  0.745634  0.650475  0.817125  0.679636  0.390489  0.923142  0.745383  0.692829  0.671290  0.455052  0.670172  0.881359  0.629162  0.484296  0.901622  0.540010  0.744880  0.728329  0.764457  0.825486  0.380075  0.266301  0.165276  0.502945  0.683798  0.347351  0.725112  0.757226  0.765791  0.397245 0.0  0.510406  0.347773  0.300996  0.177715  0.517019  0.328785  0.496467  0.375911  0.325443  0.463777  0.374880  0.692310  0.368218  0.778674  0.640606  0.429929  0.271002  0.431058  0.675593  0.199635  0.707731  0.814516  0.661307  0.151342  0.417632  0.766438  0.786700  0.727363  0.436733  0.832145  0.817703 
31  0.718391  0.682690  0.924034  0.686030  0.459403  0.715393  0.735357  0.795578  0.709116  0.405346  0.693549  0.795668  0.763504  0.127443  0.857306  0.535920  0.710181  0.739298  0.681643  0.817798  0.451000  0.393967  0.543916  0.405349  0.668228  0.317015  0.752138  0.652320  0.751733  0.411556  0.510406 0.0  0.552933  0.465870  0.266876  0.260833  0.344410  0.209112  0.431397  0.449081  0.337796  0.470071  0.897505  0.304696  0.654600  0.755030  0.516367  0.503017  0.385766  0.737219  0.452621  0.806419  0.879306  0.731930  0.514884  0.356773  0.840547  0.901620  0.661505  0.231955  0.840248  0.834465 
32  0.630269  0.717966  0.766577  0.637529  0.477635  0.869405  0.806724  0.799983  0.772616  0.232741  0.710698  0.718281  0.696625  0.435969  0.819782  0.569928  0.566864  0.725263  0.805680  0.816278  0.426507  0.427841  0.395810  0.347947  0.736001  0.340744  0.679869  0.717702  0.765496  0.270595  0.347773  0.552933 0.0  0.371995  0.342780  0.386999  0.465163  0.411685  0.365616  0.300226  0.257306  0.529866  0.704482  0.471070  0.621355  0.656182  0.565411  0.301130  0.403861  0.548355  0.392733  0.594904  0.772205  0.559201  0.413851  0.410211  0.794136  0.756919  0.620538  0.444646  0.760388  0.801829 
33  0.752918  0.646323  0.774884  0.732187  0.426061  0.826792  0.827309  0.748544  0.789284  0.546537  0.692517  0.649788  0.668780  0.334984  0.830790  0.471218  0.751339  0.698445  0.819680  0.846927  0.435143  0.358956  0.330252  0.103909  0.752035  0.269278  0.587566  0.721900  0.744461  0.322034  0.300996  0.465870  0.371995 0.0  0.269817  0.265682  0.245224  0.425373  0.263406  0.131176  0.159246  0.494507  0.755607  0.499599  0.740347  0.816957  0.402382  0.547530  0.116816  0.809511  0.271457  0.829511  0.848617  0.788515  0.526940  0.273860  0.844953  0.729317  0.749227  0.242746  0.874267  0.763248 
34  0.612092  0.690502  0.683154  0.778280  0.316567  0.717319  0.697723  0.675234  0.599831  0.283737  0.645313  0.647101  0.599065  0.366149  0.736093  0.581151  0.748922  0.715199  0.744249  0.676461  0.383683  0.332914  0.405800  0.340787  0.573516  0.342379  0.599588  0.676777  0.793431  0.193848  0.177715  0.266876  0.342780  0.269817 0.0  0.386238  0.389621  0.283815  0.395021  0.227352  0.337395  0.422797  0.672574  0.397419  0.660298  0.690750  0.361475  0.258680  0.303128  0.685449  0.362657  0.724101  0.808832  0.671651  0.417044  0.342969  0.611185  0.761355  0.622771  0.378551  0.667801  0.667861 
35  0.641698  0.705398  0.896527  0.666338  0.358062  0.857668  0.759853  0.806809  0.773802  0.351087  0.702322  0.718242  0.641316  0.229356  0.796766  0.533371  0.685088  0.616978  0.795335  0.811702  0.539203  0.366238  0.368852  0.332907  0.733292  0.329568  0.707863  0.674981  0.766474  0.527606  0.517019  0.260833  0.386999  0.265682  0.386238 0.0  0.400761  0.129642  0.430724  0.322101  0.365039  0.514724  0.744768  0.428726  0.667894  0.725196  0.404962  0.454700  0.298603  0.699789  0.473276  0.761079  0.766508  0.646949  0.562492  0.371852  0.777056  0.757499  0.660919  0.308898  0.737948  0.766127 
36  0.723139  0.787413  0.767578  0.747412  0.405675  0.843107  0.776213  0.824441  0.762287  0.549686  0.722417  0.832845  0.656966  0.368211  0.853032  0.508244  0.667320  0.669908  0.798690  0.808794  0.435683  0.358610  0.431649  0.258836  0.817377  0.326318  0.661303  0.777246  0.701752  0.341796  0.328785  0.344410  0.465163  0.245224  0.389621  0.400761 0.0  0.281345  0.225450  0.249290  0.130101  0.361183  0.750743  0.465973  0.819163  0.754162  0.485843  0.454796  0.244344  0.696202  0.446319  0.723945  0.800789  0.729834  0.440809  0.194408  0.787602  0.797643  0.649303  0.113268  0.735249  0.788548 
37  0.681062  0.538170  0.688002  0.835410  0.421639  0.761772  0.793778  0.807413  0.595538  0.381920  0.628387  0.739101  0.642735  0.251988  0.818586  0.554981  0.739305  0.760803  0.740948  0.771804  0.456046  0.396663  0.542746  0.391667  0.715940  0.356002  0.626484  0.802518  0.702711  0.437930  0.496467  0.209112  0.411685  0.425373  0.283815  0.129642  0.281345 0.0  0.365588  0.291472  0.292783  0.497276  0.714537  0.497897  0.761583  0.681124  0.334633  0.554548  0.308216  0.757944  0.533609  0.787096  0.853931  0.677348  0.482242  0.425689  0.770159  0.779458  0.697449  0.282276  0.849461  0.806586 
38  0.712169  0.732968  0.803026  0.848379  0.433702  0.747184  0.705796  0.780265  0.649935  0.594393  0.640092  0.826169  0.571273  0.243140  0.908613  0.542011  0.757819  0.599841  0.812992  0.820669  0.398834  0.284391  0.344262  0.163783  0.778532  0.403126  0.647583  0.739608  0.704943  0.368471  0.375911  0.431397  0.365616  0.263406  0.395021  0.430724  0.225450  0.365588 0.0  0.264726  0.297516  0.401994  0.699498  0.536684  0.687653  0.701657  0.446017  0.512121  0.280251  0.701763  0.347449  0.663995  0.774762  0.745859  0.493681  0.258126  0.755667  0.795337  0.698710  0.156262  0.749224  0.772468 
39  0.686135  0.721450  0.821891  0.841953  0.352584  0.794773  0.788016  0.790019  0.731803  0.433683  0.671133  0.729081  0.608101  0.314971  0.880324  0.445046  0.699621  0.663231  0.874654  0.782984  0.488581  0.277646  0.437686  0.332859  0.709733  0.253682  0.578858  0.685306  0.748362  0.355797  0.325443  0.449081  0.300226  0.131176  0.227352  0.322101  0.249290  0.291472  0.264726 0.0  0.167990  0.314530  0.733710  0.436359  0.672271  0.770353  0.597055  0.377490  0.253372  0.785521  0.383697  0.767314  0.740022  0.854760  0.345279  0.236649  0.738572  0.755277  0.667108  0.140556  0.748938  0.801635 
40  0.684053  0.674032  0.783911  0.764509  0.446740  0.741414  0.766887  0.765284  0.682208  0.489157  0.694790  0.806713  0.623878  0.426062  0.888296  0.535354  0.846172  0.590165  0.838367  0.824595  0.302623  0.237488  0.425857  0.220969  0.794121  0.245570  0.699957  0.695076  0.721141  0.276678  0.463777  0.337796  0.257306  0.159246  0.337395  0.365039  0.130101  0.292783  0.297516  0.167990 0.0  0.359030  0.831018  0.515628  0.779968  0.736577  0.524808  0.338035  0.255348  0.765924  0.393780  0.800513  0.744668  0.679704  0.371293  0.140147  0.692485  0.779777  0.757486  0.168745  0.840826  0.833439 
41  0.752331  0.792843  0.953281  0.852470  0.095066  0.791786  0.848961  0.829414  0.807955  0.514281  0.699297  0.776461  0.726668  0.519549  0.855954  0.544854  0.742168  0.701626  0.880976  0.782733  0.288293  0.416448  0.135975  0.443749  0.786571  0.322576  0.634911  0.775131  0.760110  0.400423  0.374880  0.470071  0.529866  0.494507  0.422797  0.514724  0.361183  0.497276  0.401994  0.314530  0.359030 0.0  0.771027  0.359917  0.721709  0.715917  0.351477  0.284255  0.407385  0.728534  0.291292  0.874218  0.766629  0.776700  0.384397  0.316219  0.874350  0.791061  0.610811  0.360440  0.962772  0.891594 
42  0.779086  0.332801  0.647093  0.432965  0.763931  0.366728  0.330819  0.372646  0.617491  0.649238  0.692630  0.890780  0.743646  0.748774  0.627301  0.493837  0.709976  0.724316  0.722525  0.856136  0.807065  0.899044  0.810754  0.777674  0.272204  0.787749  0.707782  0.691987  0.616453  0.855655  0.692310  0.897505  0.704482  0.755607  0.672574  0.744768  0.750743  0.714537  0.699498  0.733710  0.831018  0.771027 0.0  0.690233  0.667203  0.750254  0.752340  0.759295  0.800616  0.752155  0.843676  0.699339  0.604593  0.725328  0.750506  0.763132  0.549597  0.611591  0.766012  0.732825  0.815406  0.813346 
43  0.741132  0.786028  0.847110  0.854461  0.303516  0.805619  0.771522  0.758274  0.711908  0.381835  0.742831  0.817935  0.641055  0.218285  0.782847  0.492400  0.706651  0.725051  0.847263  0.848240  0.331027  0.575851  0.317165  0.495449  0.843794  0.453861  0.711941  0.675741  0.760972  0.385041  0.368218  0.304696  0.471070  0.499599  0.397419  0.428726  0.465973  0.497897  0.536684  0.436359  0.515628  0.359917  0.690233 0.0  0.726012  0.780386  0.242201  0.316007  0.522793  0.756181  0.382126  0.694435  0.822872  0.752907  0.425867  0.489815  0.716306  0.842638  0.718414  0.480713  0.821806  0.796029 
44  0.367308  0.647717  0.685072  0.675831  0.684765  0.645614  0.665524  0.730519  0.487848  0.637187  0.833779  0.859133  0.420494  0.652142  0.659385  0.472015  0.288208  0.708494  0.703456  0.777324  0.716954  0.719452  0.904695  0.794074  0.718391  0.635189  0.397059  0.749208  0.604338  0.600907  0.778674  0.654600  0.621355  0.740347  0.660298  0.667894  0.819163  0.761583  0.687653  0.672271  0.779968  0.721709  0.667203  0.726012 0.0  0.227603  0.686914  0.656020  0.800163  0.315686  0.698987  0.209023  0.754764  0.389220  0.755137  0.844615  0.670191  0.677362  0.785938  0.763992  0.666273  0.733718 
45  0.317898  0.692073  0.671299  0.726174  0.734737  0.787646  0.661822  0.817541  0.397525  0.497387  0.861727  0.835994  0.384303  0.658196  0.725855  0.553468  0.373357  0.706673  0.720134  0.798627  0.831828  0.675043  0.891284  0.733964  0.767140  0.806608  0.381932  0.832090  0.513309  0.549114  0.640606  0.755030  0.656182  0.816957  0.690750  0.725196  0.754162  0.681124  0.701657  0.770353  0.736577  0.715917  0.750254  0.780386  0.227603 0.0  0.728163  0.734769  0.836238  0.428090  0.708310  0.299193  0.820246  0.324296  0.750737  0.637661  0.697490  0.750393  0.820212  0.710001  0.657203  0.750183 
46  0.661161  0.729430  0.755789  0.725750  0.361985  0.769184  0.828464  0.824880  0.717966  0.377870  0.802027  0.711703  0.765487  0.392832  0.856365  0.571273  0.706162  0.709237  0.735808  0.749845  0.354468  0.375850  0.301161  0.530050  0.792727  0.470221  0.709775  0.686102  0.733760  0.531524  0.429929  0.516367  0.565411  0.402382  0.361475  0.404962  0.485843  0.334633  0.446017  0.597055  0.524808  0.351477  0.752340  0.242201  0.686914  0.728163 0.0  0.402171  0.590688  0.764801  0.351959  0.737464  0.842445  0.751443  0.414014  0.440941  0.815204  0.765219  0.729715  0.575672  0.824270  0.771371 
47  0.696514  0.672909  0.888164  0.673543  0.368307  0.756421  0.715476  0.780665  0.674626  0.475361  0.661796  0.711936  0.633554  0.598663  0.816990  0.493993  0.705646  0.695123  0.840642  0.812214  0.363344  0.418050  0.369481  0.447795  0.763585  0.407793  0.737396  0.665377  0.849252  0.309778  0.271002  0.503017  0.301130  0.547530  0.258680  0.454700  0.454796  0.554548  0.512121  0.377490  0.338035  0.284255  0.759295  0.316007  0.656020  0.734769  0.402171 0.0  0.399628  0.860438  0.261061  0.775833  0.845533  0.662701  0.255205  0.399707  0.708450  0.795959  0.733007  0.411002  0.871145  0.777784 
48  0.829107  0.733955  0.897150  0.772599  0.444660  0.821055  0.802248  0.723695  0.731393  0.500773  0.669152  0.782756  0.779092  0.285491  0.782346  0.496483  0.795808  0.606853  0.765447  0.863691  0.343640  0.201231  0.373671  0.325468  0.788171  0.191511  0.695015  0.742443  0.749438  0.375601  0.431058  0.385766  0.403861  0.116816  0.303128  0.298603  0.244344  0.308216  0.280251  0.253372  0.255348  0.407385  0.800616  0.522793  0.800163  0.836238  0.590688  0.399628 0.0  0.732068  0.293685  0.742296  0.759633  0.741083  0.442317  0.275592  0.751497  0.760409  0.713762  0.301986  0.746880  0.848345 
49  0.294593  0.742393  0.680035  0.822077  0.799975  0.727129  0.791245  0.752301  0.332070  0.606464  0.861366  0.733870  0.510736  0.797195  0.777387  0.631635  0.339926  0.645361  0.633155  0.707210  0.765945  0.754280  0.753029  0.824578  0.784226  0.728189  0.470309  0.752611  0.514124  0.705002  0.675593  0.737219  0.548355  0.809511  0.685449  0.699789  0.696202  0.757944  0.701763  0.785521  0.765924  0.728534  0.752155  0.756181  0.315686  0.428090  0.764801  0.860438  0.732068 0.0  0.731332  0.340856  0.648462  0.387994  0.844908  0.864255  0.678533  0.698374  0.847278  0.802242  0.646991  0.630089 
50  0.661081  0.774774  0.832651  0.757860  0.310350  0.911355  0.740838  0.810361  0.641496  0.472075  0.774541  0.711951  0.683828  0.459621  0.870731  0.537451  0.665234  0.608995  0.785478  0.808670  0.198096  0.400606  0.205147  0.370063  0.786587  0.309490  0.662650  0.733651  0.739086  0.334440  0.199635  0.452621  0.392733  0.271457  0.362657  0.473276  0.446319  0.533609  0.347449  0.383697  0.393780  0.291292  0.843676  0.382126  0.698987  0.708310  0.351959  0.261061  0.293685  0.731332 0.0  0.866125  0.843837  0.838916  0.390063  0.385282  0.766526  0.879204  0.743236  0.360086  0.790291  0.761427 
51  0.267655  0.827109  0.604823  0.793098  0.780856  0.745267  0.622581  0.772944  0.382172  0.594313  0.835282  0.874380  0.381822  0.696088  0.681897  0.757162  0.228935  0.697933  0.686299  0.565636  0.833299  0.744634  0.770694  0.746384  0.723613  0.888506  0.450346  0.805918  0.475274  0.642565  0.707731  0.806419  0.594904  0.829511  0.724101  0.761079  0.723945  0.787096  0.663995  0.767314  0.800513  0.874218  0.699339  0.694435  0.209023  0.299193  0.737464  0.775833  0.742296  0.340856  0.866125 0.0  0.707246  0.261505  0.808091  0.846568  0.630589  0.653819  0.859804  0.863478  0.579345  0.664812 
52  0.800843  0.682507  0.244088  0.682020  0.880694  0.473348  0.548629  0.547788  0.563288  0.761648  0.784239  0.851400  0.423848  0.815199  0.155340  0.554397  0.714252  0.454153  0.744483  0.801215  1.000000  0.736421  0.803125  0.717698  0.565172  0.741370  0.517286  0.897568  0.663979  0.780437  0.814516  0.879306  0.772205  0.848617  0.808832  0.766508  0.800789  0.853931  0.774762  0.740022  0.744668  0.766629  0.604593  0.822872  0.754764  0.820246  0.842445  0.845533  0.759633  0.648462  0.843837  0.707246 0.0  0.734960  0.893229  0.887630  0.209482  0.369646  0.642624  0.782974  0.719755  0.639916 
53  0.290921  0.760761  0.674916  0.643750  0.757001  0.714460  0.769033  0.708885  0.384742  0.561539  0.864834  0.823199  0.387427  0.699984  0.748446  0.619811  0.336321  0.714201  0.741483  0.787736  0.754252  0.622959  0.816272  0.814460  0.692757  0.824923  0.397788  0.800686  0.516258  0.680021  0.661307  0.731930  0.559201  0.788515  0.671651  0.646949  0.729834  0.677348  0.745859  0.854760  0.679704  0.776700  0.725328  0.752907  0.389220  0.324296  0.751443  0.662701  0.741083  0.387994  0.838916  0.261505  0.734960 0.0  0.655512  0.707456  0.740468  0.760799  0.761236  0.750865  0.750884  0.795276 
54  0.787135  0.686857  0.835803  0.772590  0.245660  0.874464  0.850854  0.709959  0.653522  0.548243  0.734350  0.772657  0.613506  0.511477  0.840164  0.610519  0.785930  0.621839  0.791825  0.711255  0.392793  0.371055  0.343381  0.367030  0.752277  0.426651  0.638126  0.698282  0.745238  0.395457  0.151342  0.514884  0.413851  0.526940  0.417044  0.562492  0.440809  0.482242  0.493681  0.345279  0.371293  0.384397  0.750506  0.425867  0.755137  0.750737  0.414014  0.255205  0.442317  0.844908  0.390063  0.808091  0.893229  0.655512 0.0  0.522536  0.650977  0.788133  0.717330  0.369148  0.738828  0.767733 
55  0.598360  0.715994  0.862621  0.759003  0.346979  0.780652  0.772421  0.779267  0.818651  0.558362  0.622294  0.791972  0.823834  0.464980  0.802206  0.640546  0.843990  0.720332  0.807170  0.831920  0.413231  0.193458  0.246465  0.307755  0.749986  0.202461  0.721067  0.724506  0.821800  0.309783  0.417632  0.356773  0.410211  0.273860  0.342969  0.371852  0.194408  0.425689  0.258126  0.236649  0.140147  0.316219  0.763132  0.489815  0.844615  0.637661  0.440941  0.399707  0.275592  0.864255  0.385282  0.846568  0.887630  0.707456  0.522536 0.0  0.832897  0.782564  0.694712  0.184185  0.849781  0.842498 
56  0.709391  0.553270  0.212829  0.510055  0.884842  0.648644  0.519321  0.465422  0.475595  0.760598  0.698352  0.785639  0.610159  0.743549  0.274604  0.643877  0.731116  0.470594  0.786150  0.768431  0.758681  0.812580  0.733249  0.797115  0.571001  0.859528  0.514799  0.824414  0.688245  0.677781  0.766438  0.840547  0.794136  0.844953  0.611185  0.777056  0.787602  0.770159  0.755667  0.738572  0.692485  0.874350  0.549597  0.716306  0.670191  0.697490  0.815204  0.708450  0.751497  0.678533  0.766526  0.630589  0.209482  0.740468  0.650977  0.832897 0.0  0.229042  0.773100  0.791784  0.695907  0.643816 
57  0.696822  0.572696  0.322349  0.564259  0.785411  0.696959  0.574662  0.553295  0.631146  0.776684  0.716344  0.922351  0.539694  0.845222  0.237994  0.569225  0.693642  0.440160  0.667855  0.735788  0.798114  0.746339  0.794538  0.673317  0.534081  0.737093  0.536756  0.770455  0.644913  0.794694  0.786700  0.901620  0.756919  0.729317  0.761355  0.757499  0.797643  0.779458  0.795337  0.755277  0.779777  0.791061  0.611591  0.842638  0.677362  0.750393  0.765219  0.795959  0.760409  0.698374  0.879204  0.653819  0.369646  0.760799  0.788133  0.782564  0.229042 0.0  0.768812  0.764875  0.789699  0.637090 
58  0.716672  0.679286  0.786199  0.732178  0.669988  0.729132  0.710668  0.691961  0.702844  0.767096  0.342754  0.420628  0.760993  0.705506  0.784779  0.614243  0.750975  0.774068  0.778709  0.856956  0.703433  0.658933  0.665646  0.781099  0.687167  0.722313  0.843123  0.529569  0.875515  0.764754  0.727363  0.661505  0.620538  0.749227  0.622771  0.660919  0.649303  0.697449  0.698710  0.667108  0.757486  0.610811  0.766012  0.718414  0.785938  0.820212  0.729715  0.733007  0.713762  0.847278  0.743236  0.859804  0.642624  0.761236  0.717330  0.694712  0.773100  0.768812 0.0  0.773187  0.861271  0.889322 
59  0.645970  0.694275  0.870295  0.769005  0.487597  0.791275  0.844660  0.751032  0.724356  0.449908  0.737172  0.721556  0.753005  0.190673  0.817232  0.568151  0.709555  0.760778  0.785458  0.764865  0.401415  0.212777  0.327095  0.278395  0.743006  0.235946  0.737387  0.601578  0.770447  0.381993  0.436733  0.231955  0.444646  0.242746  0.378551  0.308898  0.113268  0.282276  0.156262  0.140556  0.168745  0.360440  0.732825  0.480713  0.763992  0.710001  0.575672  0.411002  0.301986  0.802242  0.360086  0.863478  0.782974  0.750865  0.369148  0.184185  0.791784  0.764875  0.773187 0.0  0.821793  0.847899 
60  0.650130  0.814385  0.805087  0.771768  0.785517  0.819110  0.735059  0.769541  0.382499  0.770914  0.816174  0.851938  0.564511  0.752110  0.732599  0.650391  0.713115  0.332836  0.208463  0.170146  0.812625  0.744540  0.795639  0.812218  0.799914  0.772954  0.640820  0.851547  0.671650  0.742209  0.832145  0.840248  0.760388  0.874267  0.667801  0.737948  0.735249  0.849461  0.749224  0.748938  0.840826  0.962772  0.815406  0.821806  0.666273  0.657203  0.824270  0.871145  0.746880  0.646991  0.790291  0.579345  0.719755  0.750884  0.738828  0.849781  0.695907  0.789699  0.861271  0.821793 0.0  0.085063 
61  0.660945  0.848864  0.683168  0.772212  0.785128  0.742161  0.845367  0.761506  0.424871  0.807610  0.794661  0.886554  0.629479  0.837018  0.773844  0.709633  0.610864  0.446042  0.214772  0.186874  0.791530  0.798262  0.827609  0.764462  0.755135  0.803658  0.586880  0.868029  0.641581  0.752835  0.817703  0.834465  0.801829  0.763248  0.667861  0.766127  0.788548  0.806586  0.772468  0.801635  0.833439  0.891594  0.813346  0.796029  0.733718  0.750183  0.771371  0.777784  0.848345  0.630089  0.761427  0.664812  0.639916  0.795276  0.767733  0.842498  0.643816  0.637090  0.889322  0.847899  0.085063 0.0 
