62
0 0.0  0.674927  0.659877  0.649643  0.729770  0.708508  0.643695  0.741846  0.470030  0.465948  0.730917  0.727661  0.338893  0.751288  0.715533  0.496082  0.234702  0.635296  0.663607  0.762936  0.669840  0.625510  0.739470  0.667184  0.690246  0.709130  0.357402  0.700558  0.458163  0.522651  0.673829  0.658769  0.498526  0.695420  0.557872  0.636999  0.679106  0.772006  0.714800  0.715503  0.631025  0.739629  0.642621  0.713453  0.411482  0.311552  0.718005  0.552692  0.699431  0.318850  0.627919  0.269874  0.632132  0.309767  0.711495  0.741434  0.641127  0.650910  0.693697  0.653441  0.690985  0.648575 
1  0.674927 0.0  0.619035  0.224302  0.735459  0.210563  0.192808  0.178143  0.722345  0.720693  0.685082  0.788106  0.623741  0.647938  0.620183  0.600907  0.752618  0.761745  0.800501  0.673399  0.788997  0.708243  0.803074  0.716797  0.340874  0.696668  0.660165  0.708292  0.649848  0.728492  0.731183  0.723574  0.741084  0.688029  0.580716  0.733127  0.719684  0.625439  0.680719  0.633794  0.799677  0.673156  0.311809  0.758128  0.760123  0.743003  0.858988  0.707040  0.671509  0.699160  0.769822  0.775437  0.579763  0.624136  0.685960  0.677744  0.496603  0.586434  0.685532  0.772437  0.793788  0.808896 
2  0.659877  0.619035 0.0  0.534802  0.915126  0.639549  0.587448  0.573267  0.678317  0.720957  0.730981  0.847937  0.463969  0.716002  0.193400  0.586333  0.687078  0.505467  0.722996  0.664227  0.803203  0.839649  0.794197  0.762476  0.567039  0.909737  0.554122  0.777209  0.606183  0.781308  0.781756  0.848171  0.790309  0.706362  0.788454  0.702023  0.823205  0.795460  0.715561  0.790295  0.706396  0.854613  0.634323  0.806458  0.728686  0.660180  0.724434  0.699420  0.840820  0.608140  0.783686  0.650744  0.225206  0.727112  0.733581  0.770729  0.239680  0.278087  0.769485  0.850264  0.630629  0.644616 
3  0.649643  0.224302  0.534802 0.0  0.779758  0.235438  0.223346  0.122498  0.583261  0.768782  0.651241  0.706551  0.653573  0.733522  0.580321  0.488840  0.596283  0.611977  0.700134  0.662707  0.746022  0.826646  0.827786  0.757407  0.184180  0.790045  0.567296  0.706771  0.619243  0.812794  0.626262  0.766877  0.867141  0.661568  0.623296  0.722627  0.730568  0.852714  0.724866  0.692633  0.732535  0.763112  0.427306  0.770461  0.695695  0.614113  0.744253  0.754300  0.771775  0.667802  0.670786  0.583980  0.438478  0.628061  0.715521  0.749226  0.490402  0.503225  0.738575  0.773263  0.781292  0.718947 
4  0.729770  0.735459  0.915126  0.779758 0.0  0.808006  0.882062  0.848147  0.638256  0.484057  0.690349  0.736477  0.673404  0.495967  0.806432  0.546131  0.784282  0.664805  0.773233  0.833654  0.185340  0.335378  0.216104  0.308819  0.716460  0.413973  0.564370  0.721699  0.697751  0.297930  0.370762  0.479193  0.435516  0.357521  0.278849  0.412132  0.384055  0.480010  0.418090  0.334713  0.406660  0.144604  0.716623  0.330919  0.810380  0.766069  0.335104  0.227555  0.397678  0.664191  0.207085  0.702374  0.721720  0.817529  0.369794  0.333824  0.778916  0.839784  0.686977  0.318912  0.788590  0.852905 
5  0.708508  0.210563  0.639549  0.235438  0.808006 0.0  0.243843  0.261173  0.556585  0.695733  0.621821  0.732284  0.668096  0.826905  0.636635  0.644245  0.721428  0.724990  0.797573  0.717906  0.788940  0.792992  0.858389  0.802759  0.203253  0.771563  0.631239  0.636972  0.542318  0.751399  0.759935  0.707426  0.720344  0.694524  0.581965  0.850059  0.846094  0.767438  0.637087  0.740264  0.676747  0.846738  0.324541  0.786293  0.615105  0.771707  0.725063  0.694385  0.742327  0.680213  0.765680  0.650991  0.542796  0.653791  0.757843  0.820232  0.437547  0.577225  0.749822  0.831973  0.706327  0.811487 
6  0.643695  0.192808  0.587448  0.223346  0.882062  0.243843 0.0  0.137236  0.658034  0.704311  0.747063  0.739121  0.757646  0.816762  0.642063  0.540935  0.592995  0.721770  0.659138  0.706545  0.846055  0.727320  0.861912  0.773375  0.266223  0.753482  0.665257  0.703825  0.566951  0.814355  0.816745  0.793556  0.843690  0.749176  0.738316  0.785169  0.775093  0.746681  0.767129  0.693974  0.773918  0.750146  0.418253  0.765345  0.680813  0.699498  0.738074  0.650415  0.792283  0.781672  0.786853  0.782949  0.563704  0.657458  0.803342  0.779415  0.538722  0.560587  0.815281  0.800837  0.848626  0.876299 
7  0.741846  0.178143  0.573267  0.122498  0.848147  0.261173  0.137236 0.0  0.636789  0.704316  0.660843  0.653946  0.739528  0.781130  0.527573  0.449591  0.768684  0.697281  0.737140  0.816502  0.821016  0.750753  0.822768  0.861775  0.308706  0.695852  0.662092  0.735731  0.559016  0.741856  0.864305  0.651376  0.781993  0.834154  0.649384  0.746320  0.781433  0.774871  0.763845  0.749107  0.718119  0.667712  0.290183  0.770438  0.655788  0.725320  0.798806  0.772141  0.712226  0.771927  0.696365  0.710652  0.573206  0.698407  0.693148  0.746818  0.542518  0.571324  0.814511  0.593089  0.701212  0.843481 
8  0.470030  0.722345  0.678317  0.583261  0.638256  0.556585  0.658034  0.636789 0.0  0.577215  0.671684  0.778036  0.491933  0.695865  0.570829  0.552928  0.356171  0.635475  0.420242  0.398131  0.736218  0.651741  0.751639  0.626344  0.701272  0.679378  0.439233  0.739598  0.419032  0.625802  0.642132  0.692788  0.656446  0.659814  0.706150  0.691054  0.672916  0.631834  0.733223  0.684157  0.753514  0.757263  0.575180  0.676861  0.392444  0.408216  0.730775  0.761986  0.638622  0.384387  0.609320  0.451714  0.517783  0.357222  0.654158  0.650579  0.626293  0.674852  0.688860  0.802588  0.442780  0.410856 
9  0.465948  0.720693  0.720957  0.768782  0.484057  0.695733  0.704311  0.704316  0.577215 0.0  0.711317  0.726587  0.649771  0.260876  0.749614  0.540246  0.570618  0.594261  0.796015  0.767122  0.476701  0.483395  0.481182  0.486298  0.694140  0.425240  0.515274  0.700784  0.762146  0.421986  0.431102  0.329110  0.303410  0.438371  0.307373  0.297442  0.442394  0.417338  0.549587  0.411993  0.517578  0.495715  0.780878  0.258085  0.431713  0.571770  0.279794  0.439611  0.514729  0.563388  0.514706  0.599537  0.780856  0.550832  0.517564  0.482411  0.618828  0.844909  0.707904  0.480024  0.730717  0.735956 
10  0.730917  0.685082  0.730981  0.651241  0.690349  0.621821  0.747063  0.660843  0.671684  0.711317 0.0  0.204678  0.777338  0.629350  0.746600  0.456488  0.847542  0.686938  0.827718  0.845323  0.715595  0.624002  0.720686  0.701853  0.712155  0.625146  0.648991  0.338965  0.837141  0.710046  0.712079  0.642903  0.709672  0.700726  0.632228  0.757187  0.720402  0.669602  0.740817  0.671253  0.692029  0.694262  0.701272  0.723580  0.851432  0.893421  0.771781  0.753402  0.737894  0.817797  0.688394  0.927243  0.815978  0.837267  0.736270  0.730832  0.755490  0.868288  0.522520  0.621432  0.765797  0.767623 
11  0.727661  0.788106  0.847937  0.706551  0.736477  0.732284  0.739121  0.653946  0.778036  0.726587  0.204678 0.0  0.649193  0.640505  0.796695  0.562429  0.766297  0.809820  0.812135  0.838307  0.754175  0.696210  0.794615  0.779908  0.720654  0.743571  0.745588  0.399884  0.868578  0.653127  0.684619  0.779795  0.819061  0.730759  0.668524  0.779664  0.753294  0.748351  0.678224  0.667428  0.771162  0.746331  0.788015  0.671310  0.822036  0.826955  0.687084  0.703492  0.636619  0.688010  0.673909  0.831054  0.682429  0.708280  0.773373  0.807591  0.758456  0.816964  0.349428  0.716960  0.787313  0.914567 
12  0.338893  0.623741  0.463969  0.653573  0.673404  0.668096  0.757646  0.739528  0.491933  0.649771  0.777338  0.649193 0.0  0.649262  0.376360  0.626061  0.412918  0.355273  0.688972  0.527158  0.731433  0.634611  0.661137  0.654521  0.652450  0.737600  0.187021  0.657993  0.381779  0.690453  0.706517  0.684011  0.653052  0.734983  0.690823  0.559787  0.632512  0.606460  0.587109  0.656711  0.735887  0.697155  0.680134  0.625068  0.437593  0.328978  0.652599  0.593923  0.706337  0.471418  0.608303  0.368018  0.492857  0.407445  0.651872  0.656736  0.449493  0.554427  0.699611  0.722548  0.549682  0.618738 
13  0.751288  0.647938  0.716002  0.733522  0.495967  0.826905  0.816762  0.781130  0.695865  0.260876  0.629350  0.640505  0.649262 0.0  0.828391  0.505663  0.693907  0.658183  0.828947  0.815787  0.402798  0.417782  0.450625  0.351492  0.707988  0.329407  0.602572  0.632245  0.744290  0.512784  0.529277  0.137106  0.431975  0.416084  0.258905  0.205839  0.326117  0.160114  0.334009  0.404428  0.348505  0.462117  0.815587  0.304307  0.705588  0.714068  0.410370  0.485558  0.291947  0.786772  0.400197  0.787708  0.785843  0.712891  0.548558  0.351482  0.791895  0.816336  0.725793  0.329764  0.751040  0.741325 
14  0.715533  0.620183  0.193400  0.580321  0.806432  0.636635  0.642063  0.527573  0.570829  0.749614  0.746600  0.796695  0.376360  0.828391 0.0  0.599705  0.774191  0.505088  0.750958  0.819734  0.881881  0.773380  0.750015  0.821102  0.559731  0.698914  0.485112  0.816117  0.695056  0.840695  0.871531  0.774944  0.785581  0.849994  0.601733  0.812898  0.747022  0.715534  0.794681  0.816368  0.806614  0.727534  0.587598  0.810864  0.690663  0.698246  1.000000  0.765552  0.717587  0.607215  0.765699  0.611164  0.190982  0.631182  0.865752  0.864662  0.278077  0.295834  0.771652  0.789391  0.722984  0.752551 
15  0.496082  0.600907  0.586333  0.488840  0.546131  0.644245  0.540935  0.449591  0.552928  0.540246  0.456488  0.562429  0.626061  0.505663  0.599705 0.0  0.677763  0.631336  0.549957  0.668693  0.558359  0.612540  0.579913  0.596285  0.512113  0.449833  0.529948  0.567063  0.616596  0.475558  0.564419  0.529167  0.601645  0.415094  0.526710  0.540503  0.547278  0.488248  0.615810  0.573650  0.520608  0.485237  0.427105  0.533924  0.577580  0.560445  0.516756  0.497845  0.561454  0.529510  0.464823  0.557199  0.604616  0.628899  0.614321  0.533395  0.578044  0.619621  0.418468  0.617171  0.550138  0.583341 
16  0.234702  0.752618  0.687078  0.596283  0.784282  0.721428  0.592995  0.768684  0.356171  0.570618  0.847542  0.766297  0.412918  0.693907  0.774191  0.677763 0.0  0.621690  0.641538  0.580026  0.677409  0.763103  0.779365  0.636377  0.733868  0.735098  0.311779  0.749357  0.463886  0.612431  0.757881  0.643123  0.546422  0.726648  0.672449  0.654442  0.737926  0.705535  0.727107  0.728597  0.606778  0.763463  0.665735  0.682482  0.345825  0.329843  0.725950  0.685959  0.711019  0.351153  0.680161  0.251301  0.612261  0.342527  0.673254  0.673338  0.787497  0.681416  0.733356  0.766161  0.646457  0.640770 
17  0.635296  0.761745  0.505467  0.611977  0.664805  0.724990  0.721770  0.697281  0.635475  0.594261  0.686938  0.809820  0.355273  0.658183  0.505088  0.631336  0.621690 0.0  0.402445  0.294424  0.707775  0.581626  0.761921  0.616150  0.733912  0.584418  0.477776  0.758804  0.560039  0.661725  0.640636  0.764560  0.741970  0.617615  0.660173  0.690217  0.561856  0.654712  0.656964  0.633523  0.602870  0.688792  0.676919  0.587616  0.625811  0.590202  0.724342  0.685844  0.769725  0.585333  0.708217  0.636779  0.524830  0.623964  0.659616  0.650835  0.473117  0.478996  0.735582  0.751534  0.429710  0.394285 
18  0.663607  0.800501  0.722996  0.700134  0.773233  0.797573  0.659138  0.737140  0.420242  0.796015  0.827718  0.812135  0.688972  0.828947  0.750958  0.549957  0.641538  0.402445 0.0  0.206143  0.773496  0.611154  0.800512  0.734119  0.754984  0.744278  0.647923  0.677921  0.684328  0.813631  0.676457  0.733781  0.860169  0.806200  0.700666  0.795500  0.795052  0.568614  0.763850  0.704714  0.812440  0.723884  0.798615  0.773739  0.619945  0.727050  0.756087  0.813592  0.786326  0.574945  0.766811  0.495151  0.709280  0.633462  0.820157  0.708289  0.808729  0.635171  0.828070  0.754854  0.156626  0.193703 
19  0.762936  0.673399  0.664227  0.662707  0.833654  0.717906  0.706545  0.816502  0.398131  0.767122  0.845323  0.838307  0.527158  0.815787  0.819734  0.668693  0.580026  0.294424  0.206143 0.0  0.812232  0.782670  0.831556  0.699825  0.775270  0.717570  0.675069  0.728574  0.634419  0.803323  0.788284  0.825250  0.750053  0.730184  0.670928  0.734609  0.773476  0.877073  0.675269  0.768711  0.744082  0.870036  0.859353  0.781473  0.756419  0.676892  0.716544  0.922901  0.798828  0.720098  0.674622  0.612629  0.667592  0.631213  0.733127  0.835311  0.754154  0.648113  0.842900  0.820019  0.171173  0.232151 
20  0.669840  0.788997  0.803203  0.746022  0.185340  0.788940  0.846055  0.821016  0.736218  0.476701  0.715595  0.754175  0.731433  0.402798  0.881881  0.558359  0.677409  0.707775  0.773496  0.812232 0.0  0.503012  0.276186  0.352120  0.644984  0.275214  0.590403  0.603083  0.758492  0.286568  0.346632  0.560790  0.428327  0.453815  0.397326  0.466687  0.449778  0.462087  0.381424  0.424336  0.360038  0.156908  0.915816  0.265497  0.723048  0.825796  0.414557  0.383976  0.346684  0.805459  0.336627  0.677359  0.844490  0.728815  0.342276  0.439509  0.705554  0.784684  0.697762  0.381192  0.735850  0.847510 
21  0.625510  0.708243  0.839649  0.826646  0.335378  0.792992  0.727320  0.750753  0.651741  0.483395  0.624002  0.696210  0.634611  0.417782  0.773380  0.612540  0.763103  0.581626  0.611154  0.782670  0.503012 0.0  0.290219  0.207137  0.749802  0.274771  0.632344  0.705139  0.700539  0.381656  0.282045  0.354523  0.404671  0.349134  0.383810  0.288435  0.333493  0.375749  0.188757  0.247322  0.270146  0.457010  0.742902  0.549961  0.715671  0.739443  0.435723  0.274829  0.318185  0.774243  0.430970  0.768616  0.712054  0.735396  0.383760  0.201807  0.782675  0.676527  0.748160  0.381826  0.657291  0.737384 
22  0.739470  0.803074  0.794197  0.827786  0.216104  0.858389  0.861912  0.822768  0.751639  0.481182  0.720686  0.794615  0.661137  0.450625  0.750015  0.579913  0.779365  0.761921  0.800512  0.831556  0.276186  0.290219 0.0  0.371879  0.853886  0.382733  0.806448  0.729322  0.789783  0.331567  0.259159  0.564123  0.444022  0.339964  0.381670  0.436221  0.357851  0.501595  0.427556  0.318337  0.451736  0.274837  0.810375  0.317214  0.702953  0.855189  0.304263  0.254559  0.339540  0.848534  0.285467  0.766541  0.736295  0.700409  0.254826  0.368199  0.687573  0.803824  0.673482  0.337942  0.775117  0.912376 
23  0.667184  0.716797  0.762476  0.757407  0.308819  0.802759  0.773375  0.861775  0.626344  0.486298  0.701853  0.779908  0.654521  0.351492  0.821102  0.596285  0.636377  0.616150  0.734119  0.699825  0.352120  0.207137  0.371879 0.0  0.632255  0.197980  0.589742  0.665149  0.743189  0.279183  0.376454  0.314492  0.345254  0.084957  0.333470  0.276442  0.272964  0.283148  0.256217  0.217679  0.203268  0.419590  0.784555  0.486998  0.722899  0.626228  0.467060  0.405957  0.268061  0.739943  0.322339  0.743910  0.822909  0.743390  0.398626  0.253181  0.716473  0.682878  0.650053  0.233863  0.712825  0.793093 
24  0.690246  0.340874  0.567039  0.184180  0.716460  0.203253  0.266223  0.308706  0.701272  0.694140  0.712155  0.720654  0.652450  0.707988  0.559731  0.512113  0.733868  0.733912  0.754984  0.775270  0.644984  0.749802  0.853886  0.632255 0.0  0.829972  0.752227  0.689743  0.641631  0.797151  0.810426  0.736141  0.720126  0.676442  0.567458  0.688565  0.779047  0.700842  0.709488  0.870385  0.650280  0.788191  0.183736  0.787466  0.783888  0.784608  0.675245  0.729061  0.779633  0.688595  0.850590  0.696199  0.490532  0.625468  0.799207  0.699927  0.603341  0.505968  0.672631  0.809928  0.724596  0.828352 
25  0.709130  0.696668  0.909737  0.790045  0.413973  0.771563  0.753482  0.695852  0.679378  0.425240  0.625146  0.743571  0.737600  0.329407  0.698914  0.449833  0.735098  0.584418  0.744278  0.717570  0.275214  0.274771  0.382733  0.197980  0.829972 0.0  0.665572  0.566533  0.813508  0.429899  0.346773  0.266748  0.370674  0.202042  0.344727  0.302514  0.260656  0.233664  0.309839  0.249228  0.276618  0.378424  0.744624  0.481158  0.740713  0.715916  0.475102  0.361661  0.239469  0.764910  0.392258  0.852102  0.785816  0.743941  0.345018  0.216456  0.703726  0.706884  0.717845  0.172846  0.863238  0.730698 
26  0.357402  0.660165  0.554122  0.567296  0.564370  0.631239  0.665257  0.662092  0.439233  0.515274  0.648991  0.745588  0.187021  0.602572  0.485112  0.529948  0.311779  0.477776  0.647923  0.675069  0.590403  0.632344  0.806448  0.589742  0.752227  0.665572 0.0  0.651640  0.427874  0.677816  0.687051  0.653949  0.793637  0.649560  0.619855  0.555571  0.709703  0.666036  0.548772  0.698093  0.582912  0.700502  0.711847  0.535822  0.431884  0.340250  0.595674  0.748692  0.693959  0.522377  0.628141  0.431476  0.471389  0.444336  0.686982  0.618084  0.581908  0.513751  0.768567  0.659889  0.585360  0.667475 
27  0.700558  0.708292  0.777209  0.706771  0.721699  0.636972  0.703825  0.735731  0.739598  0.700784  0.338965  0.399884  0.657993  0.632245  0.816117  0.567063  0.749357  0.758804  0.677921  0.728574  0.603083  0.705139  0.729322  0.665149  0.689743  0.566533  0.651640 0.0  0.758029  0.700016  0.684461  0.859847  0.691090  0.650404  0.650710  0.773099  0.606649  0.775262  0.598943  0.679876  0.625894  0.699057  0.672889  0.547715  0.773004  0.783502  0.636670  0.686330  0.647198  0.811504  0.715486  0.754271  0.738462  0.879919  0.759286  0.622156  0.821003  0.751588  0.495649  0.735105  0.754960  0.809198 
28  0.458163  0.649848  0.606183  0.619243  0.697751  0.542318  0.566951  0.559016  0.419032  0.762146  0.837141  0.868578  0.381779  0.744290  0.695056  0.616596  0.463886  0.560039  0.684328  0.634419  0.758492  0.700539  0.789783  0.743189  0.641631  0.813508  0.427874  0.758029 0.0  0.733207  0.719958  0.837207  0.826579  0.713796  0.619922  0.753659  0.745061  0.625081  0.769509  0.643917  0.870090  0.738479  0.580037  0.767704  0.464898  0.349112  0.747892  0.729222  0.753351  0.463441  0.791163  0.380548  0.721549  0.571446  0.752921  0.757431  0.687887  0.651413  0.876178  0.774910  0.574870  0.551048 
29  0.522651  0.728492  0.781308  0.812794  0.297930  0.751399  0.814355  0.741856  0.625802  0.421986  0.710046  0.653127  0.690453  0.512784  0.840695  0.475558  0.612431  0.661725  0.813631  0.803323  0.286568  0.381656  0.331567  0.279183  0.797151  0.429899  0.677816  0.700016  0.733207 0.0  0.347882  0.460216  0.308920  0.255016  0.327725  0.416443  0.244605  0.355281  0.245313  0.313949  0.296701  0.246531  0.670293  0.425105  0.515897  0.534879  0.543177  0.422535  0.374724  0.630199  0.318872  0.561549  0.904878  0.628832  0.426872  0.364848  0.807846  0.790568  0.663660  0.306703  0.689538  0.783653 
30  0.673829  0.731183  0.781756  0.626262  0.370762  0.759935  0.816745  0.864305  0.642132  0.431102  0.712079  0.684619  0.706517  0.529277  0.871531  0.564419  0.757881  0.640636  0.676457  0.788284  0.346632  0.282045  0.259159  0.376454  0.810426  0.346773  0.687051  0.684461  0.719958  0.347882 0.0  0.568683  0.373568  0.379516  0.291621  0.498345  0.345469  0.418098  0.374443  0.401762  0.303415  0.395069  0.804121  0.444281  0.709421  0.736792  0.307097  0.178290  0.416658  0.807560  0.260005  0.693730  0.778414  0.706062  0.267009  0.389848  0.828013  0.699493  0.699334  0.427907  0.825558  0.786095 
31  0.658769  0.723574  0.848171  0.766877  0.479193  0.707426  0.793556  0.651376  0.692788  0.329110  0.642903  0.779795  0.684011  0.137106  0.774944  0.529167  0.643123  0.764560  0.733781  0.825250  0.560790  0.354523  0.564123  0.314492  0.736141  0.266748  0.653949  0.859847  0.837207  0.460216  0.568683 0.0  0.441791  0.351811  0.340281  0.234743  0.376407  0.096894  0.342689  0.332533  0.366026  0.620179  0.827839  0.287095  0.857739  0.673399  0.432819  0.420733  0.330078  0.760110  0.496605  0.762093  0.827751  0.837251  0.539796  0.426848  0.838366  0.801257  0.603074  0.325879  0.790106  0.794316 
32  0.498526  0.741084  0.790309  0.867141  0.435516  0.720344  0.843690  0.781993  0.656446  0.303410  0.709672  0.819061  0.653052  0.431975  0.785581  0.601645  0.546422  0.741970  0.860169  0.750053  0.428327  0.404671  0.444022  0.345254  0.720126  0.370674  0.793637  0.691090  0.826579  0.308920  0.373568  0.441791 0.0  0.385913  0.342174  0.456223  0.395590  0.236373  0.365708  0.438880  0.310285  0.406038  0.721562  0.417628  0.587285  0.582861  0.559773  0.266401  0.454808  0.576831  0.474261  0.584896  0.685561  0.607091  0.393094  0.331358  0.773082  0.744368  0.622505  0.330832  0.756210  0.808373 
33  0.695420  0.688029  0.706362  0.661568  0.357521  0.694524  0.749176  0.834154  0.659814  0.438371  0.700726  0.730759  0.734983  0.416084  0.849994  0.415094  0.726648  0.617615  0.806200  0.730184  0.453815  0.349134  0.339964  0.084957  0.676442  0.202042  0.649560  0.650404  0.713796  0.255016  0.379516  0.351811  0.385913 0.0  0.318761  0.355663  0.256346  0.261803  0.200298  0.276884  0.330283  0.360582  0.709946  0.488794  0.642312  0.785258  0.568031  0.367265  0.195824  0.762379  0.287905  0.729904  0.759351  0.598984  0.478728  0.136549  0.682201  0.740433  0.626284  0.264884  0.771308  0.829753 
34  0.557872  0.580716  0.788454  0.623296  0.278849  0.581965  0.738316  0.649384  0.706150  0.307373  0.632228  0.668524  0.690823  0.258905  0.601733  0.526710  0.672449  0.660173  0.700666  0.670928  0.397326  0.383810  0.381670  0.333470  0.567458  0.344727  0.619855  0.650710  0.619922  0.327725  0.291621  0.340281  0.342174  0.318761 0.0  0.362201  0.275883  0.267231  0.374275  0.233106  0.219864  0.222953  0.641761  0.352103  0.619984  0.676619  0.405890  0.366565  0.359511  0.682324  0.327295  0.754438  0.770033  0.732553  0.387899  0.296428  0.745855  0.767199  0.657760  0.423474  0.681842  0.641294 
35  0.636999  0.733127  0.702023  0.722627  0.412132  0.850059  0.785169  0.746320  0.691054  0.297442  0.757187  0.779664  0.559787  0.205839  0.812898  0.540503  0.654442  0.690217  0.795500  0.734609  0.466687  0.288435  0.436221  0.276442  0.688565  0.302514  0.555571  0.773099  0.753659  0.416443  0.498345  0.234743  0.456223  0.355663  0.362201 0.0  0.382207  0.084957  0.344842  0.378084  0.472553  0.382581  0.780351  0.424665  0.734729  0.702897  0.347301  0.429701  0.366101  0.757579  0.454143  0.727695  0.773732  0.699753  0.524954  0.269757  0.786937  0.707860  0.705113  0.361975  0.766728  0.815111 
36  0.679106  0.719684  0.823205  0.730568  0.384055  0.846094  0.775093  0.781433  0.672916  0.442394  0.720402  0.753294  0.632512  0.326117  0.747022  0.547278  0.737926  0.561856  0.795052  0.773476  0.449778  0.333493  0.357851  0.272964  0.779047  0.260656  0.709703  0.606649  0.745061  0.244605  0.345469  0.376407  0.395590  0.256346  0.275883  0.382207 0.0  0.324582  0.234895  0.229512  0.322738  0.300406  0.856637  0.443288  0.695708  0.776908  0.515314  0.374466  0.140214  0.753542  0.334690  0.760270  0.791483  0.720544  0.404256  0.291653  0.709875  0.824129  0.704938  0.124494  0.750528  0.795371 
37  0.772006  0.625439  0.795460  0.852714  0.480010  0.767438  0.746681  0.774871  0.631834  0.417338  0.669602  0.748351  0.606460  0.160114  0.715534  0.488248  0.705535  0.654712  0.568614  0.877073  0.462087  0.375749  0.501595  0.283148  0.700842  0.233664  0.666036  0.775262  0.625081  0.355281  0.418098  0.096894  0.236373  0.261803  0.267231  0.084957  0.324582 0.0  0.378758  0.332102  0.334899  0.503413  0.772080  0.270220  0.657627  0.770581  0.310087  0.493398  0.343719  0.820191  0.409234  0.698352  0.700470  0.722052  0.538588  0.281022  0.732279  0.764161  0.595669  0.372504  0.781043  0.811471 
38  0.714800  0.680719  0.715561  0.724866  0.418090  0.637087  0.767129  0.763845  0.733223  0.549587  0.740817  0.678224  0.587109  0.334009  0.794681  0.615810  0.727107  0.656964  0.763850  0.675269  0.381424  0.188757  0.427556  0.256217  0.709488  0.309839  0.548772  0.598943  0.769509  0.245313  0.374443  0.342689  0.365708  0.200298  0.374275  0.344842  0.234895  0.378758 0.0  0.191096  0.306351  0.400300  0.669867  0.415155  0.601503  0.638939  0.458496  0.447465  0.257567  0.828385  0.344051  0.756816  0.772006  0.697529  0.503235  0.346960  0.713096  0.706629  0.781351  0.283836  0.765235  0.787988 
39  0.715503  0.633794  0.790295  0.692633  0.334713  0.740264  0.693974  0.749107  0.684157  0.411993  0.671253  0.667428  0.656711  0.404428  0.816368  0.573650  0.728597  0.633523  0.704714  0.768711  0.424336  0.247322  0.318337  0.217679  0.870385  0.249228  0.698093  0.679876  0.643917  0.313949  0.401762  0.332533  0.438880  0.276884  0.233106  0.378084  0.229512  0.332102  0.191096 0.0  0.126855  0.371210  0.737579  0.411379  0.638784  0.697763  0.440397  0.372281  0.248978  0.772810  0.342646  0.793703  0.737902  0.741827  0.400531  0.228970  0.719743  0.750718  0.689875  0.213422  0.672794  0.778251 
40  0.631025  0.799677  0.706396  0.732535  0.406660  0.676747  0.773918  0.718119  0.753514  0.517578  0.692029  0.771162  0.735887  0.348505  0.806614  0.520608  0.606778  0.602870  0.812440  0.744082  0.360038  0.270146  0.451736  0.203268  0.650280  0.276618  0.582912  0.625894  0.870090  0.296701  0.303415  0.366026  0.310285  0.330283  0.219864  0.472553  0.322738  0.334899  0.306351  0.126855 0.0  0.409027  0.752449  0.478627  0.713678  0.666108  0.498720  0.123341  0.298071  0.841567  0.384486  0.730421  0.700315  0.787574  0.440278  0.200785  0.687412  0.741371  0.661659  0.209088  0.774501  0.859410 
41  0.739629  0.673156  0.854613  0.763112  0.144604  0.846738  0.750146  0.667712  0.757263  0.495715  0.694262  0.746331  0.697155  0.462117  0.727534  0.485237  0.763463  0.688792  0.723884  0.870036  0.156908  0.457010  0.274837  0.419590  0.788191  0.378424  0.700502  0.699057  0.738479  0.246531  0.395069  0.620179  0.406038  0.360582  0.222953  0.382581  0.300406  0.503413  0.400300  0.371210  0.409027 0.0  0.737475  0.341917  0.712169  0.764517  0.391896  0.294695  0.505760  0.686022  0.175170  0.819558  0.855012  0.722923  0.304484  0.346843  0.760355  0.830890  0.633545  0.329759  0.767235  0.761946 
42  0.642621  0.311809  0.634323  0.427306  0.716623  0.324541  0.418253  0.290183  0.575180  0.780878  0.701272  0.788015  0.680134  0.815587  0.587598  0.427105  0.665735  0.676919  0.798615  0.859353  0.915816  0.742902  0.810375  0.784555  0.183736  0.744624  0.711847  0.672889  0.580037  0.670293  0.804121  0.827839  0.721562  0.709946  0.641761  0.780351  0.856637  0.772080  0.669867  0.737579  0.752449  0.737475 0.0  0.759806  0.727403  0.735802  0.703267  0.726965  0.890233  0.737259  0.810667  0.740140  0.535192  0.680367  0.770678  0.661784  0.503951  0.550717  0.732269  0.723452  0.842208  0.810023 
43  0.713453  0.758128  0.806458  0.770461  0.330919  0.786293  0.765345  0.770438  0.676861  0.258085  0.723580  0.671310  0.625068  0.304307  0.810864  0.533924  0.682482  0.587616  0.773739  0.781473  0.265497  0.549961  0.317214  0.486998  0.787466  0.481158  0.535822  0.547715  0.767704  0.425105  0.444281  0.287095  0.417628  0.488794  0.352103  0.424665  0.443288  0.270220  0.415155  0.411379  0.478627  0.341917  0.759806 0.0  0.797323  0.704422  0.158019  0.358434  0.440856  0.763842  0.307761  0.713063  0.815350  0.790400  0.385214  0.535124  0.695111  0.740473  0.709874  0.427605  0.852957  0.758195 
44  0.411482  0.760123  0.728686  0.695695  0.810380  0.615105  0.680813  0.655788  0.392444  0.431713  0.851432  0.822036  0.437593  0.705588  0.690663  0.577580  0.345825  0.625811  0.619945  0.756419  0.723048  0.715671  0.702953  0.722899  0.783888  0.740713  0.431884  0.773004  0.464898  0.515897  0.709421  0.857739  0.587285  0.642312  0.619984  0.734729  0.695708  0.657627  0.601503  0.638784  0.713678  0.712169  0.727403  0.797323 0.0  0.212411  0.714762  0.681118  0.714393  0.387944  0.825270  0.419317  0.631736  0.396737  0.747255  0.679517  0.629823  0.733855  0.785263  0.722298  0.712905  0.752057 
45  0.311552  0.743003  0.660180  0.614113  0.766069  0.771707  0.699498  0.725320  0.408216  0.571770  0.893421  0.826955  0.328978  0.714068  0.698246  0.560445  0.329843  0.590202  0.727050  0.676892  0.825796  0.739443  0.855189  0.626228  0.784608  0.715916  0.340250  0.783502  0.349112  0.534879  0.736792  0.673399  0.582861  0.785258  0.676619  0.702897  0.776908  0.770581  0.638939  0.697763  0.666108  0.764517  0.735802  0.704422  0.212411 0.0  0.774034  0.693322  0.702500  0.327432  0.637896  0.289762  0.737731  0.412777  0.743298  0.661379  0.700974  0.737928  0.880421  0.660695  0.699590  0.712764 
46  0.718005  0.858988  0.724434  0.744253  0.335104  0.725063  0.738074  0.798806  0.730775  0.279794  0.771781  0.687084  0.652599  0.410370  1.000000  0.516756  0.725950  0.724342  0.756087  0.716544  0.414557  0.435723  0.304263  0.467060  0.675245  0.475102  0.595674  0.636670  0.747892  0.543177  0.307097  0.432819  0.559773  0.568031  0.405890  0.347301  0.515314  0.310087  0.458496  0.440397  0.498720  0.391896  0.703267  0.158019  0.714762  0.774034 0.0  0.377307  0.575915  0.732645  0.294974  0.765648  0.812003  0.789398  0.413588  0.421850  0.728478  0.792416  0.697392  0.449591  0.784410  0.683781 
47  0.552692  0.707040  0.699420  0.754300  0.227555  0.694385  0.650415  0.772141  0.761986  0.439611  0.753402  0.703492  0.593923  0.485558  0.765552  0.497845  0.685959  0.685844  0.813592  0.922901  0.383976  0.274829  0.254559  0.405957  0.729061  0.361661  0.748692  0.686330  0.729222  0.422535  0.178290  0.420733  0.266401  0.367265  0.366565  0.429701  0.374466  0.493398  0.447465  0.372281  0.123341  0.294695  0.726965  0.358434  0.681118  0.693322  0.377307 0.0  0.333297  0.660805  0.258033  0.780570  0.764267  0.664364  0.256296  0.282122  0.836959  0.795277  0.692254  0.277584  0.796743  0.788971 
48  0.699431  0.671509  0.840820  0.771775  0.397678  0.742327  0.792283  0.712226  0.638622  0.514729  0.737894  0.636619  0.706337  0.291947  0.717587  0.561454  0.711019  0.769725  0.786326  0.798828  0.346684  0.318185  0.339540  0.268061  0.779633  0.239469  0.693959  0.647198  0.753351  0.374724  0.416658  0.330078  0.454808  0.195824  0.359511  0.366101  0.140214  0.343719  0.257567  0.248978  0.298071  0.505760  0.890233  0.440856  0.714393  0.702500  0.575915  0.333297 0.0  0.798239  0.314833  0.819094  0.739365  0.668403  0.526745  0.291461  0.704276  0.729918  0.620854  0.248974  0.751806  0.810263 
49  0.318850  0.699160  0.608140  0.667802  0.664191  0.680213  0.781672  0.771927  0.384387  0.563388  0.817797  0.688010  0.471418  0.786772  0.607215  0.529510  0.351153  0.585333  0.574945  0.720098  0.805459  0.774243  0.848534  0.739943  0.688595  0.764910  0.522377  0.811504  0.463441  0.630199  0.807560  0.760110  0.576831  0.762379  0.682324  0.757579  0.753542  0.820191  0.828385  0.772810  0.841567  0.686022  0.737259  0.763842  0.387944  0.327432  0.732645  0.660805  0.798239 0.0  0.730304  0.269675  0.671820  0.364805  0.673315  0.760050  0.651500  0.613517  0.774324  0.710751  0.514768  0.601283 
50  0.627919  0.769822  0.783686  0.670786  0.207085  0.765680  0.786853  0.696365  0.609320  0.514706  0.688394  0.673909  0.608303  0.400197  0.765699  0.464823  0.680161  0.708217  0.766811  0.674622  0.336627  0.430970  0.285467  0.322339  0.850590  0.392258  0.628141  0.715486  0.791163  0.318872  0.260005  0.496605  0.474261  0.287905  0.327295  0.454143  0.334690  0.409234  0.344051  0.342646  0.384486  0.175170  0.810667  0.307761  0.825270  0.637896  0.294974  0.258033  0.314833  0.730304 0.0  0.847218  0.780153  0.823264  0.373888  0.436056  0.847811  0.732491  0.669186  0.365849  0.704492  0.843920 
51  0.269874  0.775437  0.650744  0.583980  0.702374  0.650991  0.782949  0.710652  0.451714  0.599537  0.927243  0.831054  0.368018  0.787708  0.611164  0.557199  0.251301  0.636779  0.495151  0.612629  0.677359  0.768616  0.766541  0.743910  0.696199  0.852102  0.431476  0.754271  0.380548  0.561549  0.693730  0.762093  0.584896  0.729904  0.754438  0.727695  0.760270  0.698352  0.756816  0.793703  0.730421  0.819558  0.740140  0.713063  0.419317  0.289762  0.765648  0.780570  0.819094  0.269675  0.847218 0.0  0.768018  0.433372  0.656131  0.813324  0.737509  0.618653  0.769632  0.817688  0.607798  0.590265 
52  0.632132  0.579763  0.225206  0.438478  0.721720  0.542796  0.563704  0.573206  0.517783  0.780856  0.815978  0.682429  0.492857  0.785843  0.190982  0.604616  0.612261  0.524830  0.709280  0.667592  0.844490  0.712054  0.736295  0.822909  0.490532  0.785816  0.471389  0.738462  0.721549  0.904878  0.778414  0.827751  0.685561  0.759351  0.770033  0.773732  0.791483  0.700470  0.772006  0.737902  0.700315  0.855012  0.535192  0.815350  0.631736  0.737731  0.812003  0.764267  0.739365  0.671820  0.780153  0.768018 0.0  0.652869  0.746805  0.772907  0.288860  0.295571  0.794354  0.874237  0.684111  0.765094 
53  0.309767  0.624136  0.727112  0.628061  0.817529  0.653791  0.657458  0.698407  0.357222  0.550832  0.837267  0.708280  0.407445  0.712891  0.631182  0.628899  0.342527  0.623964  0.633462  0.631213  0.728815  0.735396  0.700409  0.743390  0.625468  0.743941  0.444336  0.879919  0.571446  0.628832  0.706062  0.837251  0.607091  0.598984  0.732553  0.699753  0.720544  0.722052  0.697529  0.741827  0.787574  0.722923  0.680367  0.790400  0.396737  0.412777  0.789398  0.664364  0.668403  0.364805  0.823264  0.433372  0.652869 0.0  0.701619  0.801913  0.671032  0.688010  0.808183  0.724294  0.683374  0.681377 
54  0.711495  0.685960  0.733581  0.715521  0.369794  0.757843  0.803342  0.693148  0.654158  0.517564  0.736270  0.773373  0.651872  0.548558  0.865752  0.614321  0.673254  0.659616  0.820157  0.733127  0.342276  0.383760  0.254826  0.398626  0.799207  0.345018  0.686982  0.759286  0.752921  0.426872  0.267009  0.539796  0.393094  0.478728  0.387899  0.524954  0.404256  0.538588  0.503235  0.400531  0.440278  0.304484  0.770678  0.385214  0.747255  0.743298  0.413588  0.256296  0.526745  0.673315  0.373888  0.656131  0.746805  0.701619 0.0  0.416316  0.762889  0.802602  0.771217  0.499180  0.720592  0.676630 
55  0.741434  0.677744  0.770729  0.749226  0.333824  0.820232  0.779415  0.746818  0.650579  0.482411  0.730832  0.807591  0.656736  0.351482  0.864662  0.533395  0.673338  0.650835  0.708289  0.835311  0.439509  0.201807  0.368199  0.253181  0.699927  0.216456  0.618084  0.622156  0.757431  0.364848  0.389848  0.426848  0.331358  0.136549  0.296428  0.269757  0.291653  0.281022  0.346960  0.228970  0.200785  0.346843  0.661784  0.535124  0.679517  0.661379  0.421850  0.282122  0.291461  0.760050  0.436056  0.813324  0.772907  0.801913  0.416316 0.0  0.798328  0.747023  0.720580  0.237632  0.798030  0.828936 
56  0.641127  0.496603  0.239680  0.490402  0.778916  0.437547  0.538722  0.542518  0.626293  0.618828  0.755490  0.758456  0.449493  0.791895  0.278077  0.578044  0.787497  0.473117  0.808729  0.754154  0.705554  0.782675  0.687573  0.716473  0.603341  0.703726  0.581908  0.821003  0.687887  0.807846  0.828013  0.838366  0.773082  0.682201  0.745855  0.786937  0.709875  0.732279  0.713096  0.719743  0.687412  0.760355  0.503951  0.695111  0.629823  0.700974  0.728478  0.836959  0.704276  0.651500  0.847811  0.737509  0.288860  0.671032  0.762889  0.798328 0.0  0.255692  0.695743  0.762257  0.674759  0.723141 
57  0.650910  0.586434  0.278087  0.503225  0.839784  0.577225  0.560587  0.571324  0.674852  0.844909  0.868288  0.816964  0.554427  0.816336  0.295834  0.619621  0.681416  0.478996  0.635171  0.648113  0.784684  0.676527  0.803824  0.682878  0.505968  0.706884  0.513751  0.751588  0.651413  0.790568  0.699493  0.801257  0.744368  0.740433  0.767199  0.707860  0.824129  0.764161  0.706629  0.750718  0.741371  0.830890  0.550717  0.740473  0.733855  0.737928  0.792416  0.795277  0.729918  0.613517  0.732491  0.618653  0.295571  0.688010  0.802602  0.747023  0.255692 0.0  0.762233  0.826393  0.648222  0.622943 
58  0.693697  0.685532  0.769485  0.738575  0.686977  0.749822  0.815281  0.814511  0.688860  0.707904  0.522520  0.349428  0.699611  0.725793  0.771652  0.418468  0.733356  0.735582  0.828070  0.842900  0.697762  0.748160  0.673482  0.650053  0.672631  0.717845  0.768567  0.495649  0.876178  0.663660  0.699334  0.603074  0.622505  0.626284  0.657760  0.705113  0.704938  0.595669  0.781351  0.689875  0.661659  0.633545  0.732269  0.709874  0.785263  0.880421  0.697392  0.692254  0.620854  0.774324  0.669186  0.769632  0.794354  0.808183  0.771217  0.720580  0.695743  0.762233 0.0  0.600867  0.799853  0.788076 
59  0.653441  0.772437  0.850264  0.773263  0.318912  0.831973  0.800837  0.593089  0.802588  0.480024  0.621432  0.716960  0.722548  0.329764  0.789391  0.617171  0.766161  0.751534  0.754854  0.820019  0.381192  0.381826  0.337942  0.233863  0.809928  0.172846  0.659889  0.735105  0.774910  0.306703  0.427907  0.325879  0.330832  0.264884  0.423474  0.361975  0.124494  0.372504  0.283836  0.213422  0.209088  0.329759  0.723452  0.427605  0.722298  0.660695  0.449591  0.277584  0.248974  0.710751  0.365849  0.817688  0.874237  0.724294  0.499180  0.237632  0.762257  0.826393  0.600867 0.0  0.762719  0.827050 
60  0.690985  0.793788  0.630629  0.781292  0.788590  0.706327  0.848626  0.701212  0.442780  0.730717  0.765797  0.787313  0.549682  0.751040  0.722984  0.550138  0.646457  0.429710  0.156626  0.171173  0.735850  0.657291  0.775117  0.712825  0.724596  0.863238  0.585360  0.754960  0.574870  0.689538  0.825558  0.790106  0.756210  0.771308  0.681842  0.766728  0.750528  0.781043  0.765235  0.672794  0.774501  0.767235  0.842208  0.852957  0.712905  0.699590  0.784410  0.796743  0.751806  0.514768  0.704492  0.607798  0.684111  0.683374  0.720592  0.798030  0.674759  0.648222  0.799853  0.762719 0.0  0.103012 
61  0.648575  0.808896  0.644616  0.718947  0.852905  0.811487  0.876299  0.843481  0.410856  0.735956  0.767623  0.914567  0.618738  0.741325  0.752551  0.583341  0.640770  0.394285  0.193703  0.232151  0.847510  0.737384  0.912376  0.793093  0.828352  0.730698  0.667475  0.809198  0.551048  0.783653  0.786095  0.794316  0.808373  0.829753  0.641294  0.815111  0.795371  0.811471  0.787988  0.778251  0.859410  0.761946  0.810023  0.758195  0.752057  0.712764  0.683781  0.788971  0.810263  0.601283  0.843920  0.590265  0.765094  0.681377  0.676630  0.828936  0.723141  0.622943  0.788076  0.827050  0.103012 0.0 
