62
0 0.0  0.802529  0.598303  0.705799  0.705295  0.708887  0.636977  0.694120  0.342172  0.571196  0.708497  0.752132  0.322076  0.644502  0.673927  0.572957  0.170958  0.633742  0.642343  0.707728  0.745315  0.604386  0.591395  0.628324  0.726585  0.648467  0.373013  0.752704  0.442325  0.438783  0.700779  0.624148  0.544160  0.622006  0.691283  0.665078  0.622770  0.762683  0.732545  0.723494  0.644640  0.721726  0.736419  0.723457  0.276968  0.279228  0.776098  0.653934  0.643860  0.315705  0.808571  0.275196  0.732277  0.283913  0.690646  0.576863  0.792632  0.685442  0.755870  0.694717  0.752609  0.722794 
1  0.802529 0.0  0.527616  0.205548  0.762357  0.184143  0.186979  0.177132  0.664665  0.700048  0.710058  0.665856  0.716717  0.627238  0.490737  0.478723  0.811274  0.711520  0.876177  0.652177  0.699165  0.617602  0.658050  0.682302  0.233185  0.827218  0.603565  0.754999  0.497069  0.623486  0.625884  0.697546  0.697424  0.742680  0.784937  0.679147  0.689198  0.696005  0.641843  0.779173  0.708450  0.679855  0.311896  0.707160  0.749467  0.681151  0.828953  0.592587  0.721553  0.615082  0.708039  0.739959  0.471810  0.757061  0.699419  0.759843  0.524134  0.492555  0.658372  0.686403  0.790481  0.674817 
2  0.598303  0.527616 0.0  0.482601  0.823700  0.489985  0.602193  0.541274  0.576921  0.790892  0.901487  0.687945  0.592982  0.923728  0.209712  0.629599  0.659520  0.463429  0.676665  0.728591  0.815808  0.609900  0.888599  0.708895  0.591067  0.742655  0.497454  0.694284  0.696061  0.697502  0.801135  0.867698  0.733392  0.881123  0.714946  0.757610  0.818694  0.909551  0.760513  0.748701  0.792785  0.637937  0.639297  0.770419  0.670413  0.708799  0.728443  0.730617  0.797454  0.707264  0.923571  0.703788  0.226392  0.628570  0.676476  0.800249  0.269068  0.235151  0.871024  0.780770  0.678455  0.556631 
3  0.705799  0.205548  0.482601 0.0  0.842251  0.172069  0.160370  0.186464  0.661025  0.697918  0.755016  0.781232  0.704589  0.819614  0.551889  0.615959  0.852894  0.722492  0.805008  0.694618  0.835302  0.803163  0.731405  0.768906  0.199487  0.751744  0.715574  0.702007  0.542793  0.837652  0.815812  0.769886  0.756732  0.723418  0.708834  0.793877  0.934413  0.775294  0.784464  0.760568  0.782166  0.705359  0.299024  0.791822  0.654465  0.679606  0.706531  0.631955  0.833568  0.552898  0.800175  0.689784  0.580348  0.755824  0.766102  0.790847  0.458976  0.520965  0.762364  0.773356  0.582891  0.744113 
4  0.705295  0.762357  0.823700  0.842251 0.0  0.868726  0.802867  0.823635  0.740830  0.485983  0.799037  0.738599  0.778774  0.446108  0.804855  0.563658  0.832159  0.748195  0.847624  0.787957  0.125370  0.338149  0.221528  0.351580  0.842165  0.312845  0.561731  0.774364  0.744159  0.247951  0.281207  0.455581  0.340351  0.385900  0.345603  0.461439  0.331369  0.402609  0.403541  0.347565  0.333024  0.132473  0.756799  0.292305  0.763242  0.714137  0.301713  0.262531  0.355301  0.847304  0.203491  0.744023  0.839402  0.828616  0.292738  0.402536  0.818996  0.825543  0.695607  0.342897  0.875148  0.798236 
5  0.708887  0.184143  0.489985  0.172069  0.868726 0.0  0.127477  0.153619  0.721417  0.793482  0.844554  0.722914  0.576725  0.742519  0.535458  0.496253  0.745572  0.740744  0.819734  0.827328  0.798483  0.737983  0.777293  0.813452  0.244898  0.686540  0.673665  0.692247  0.678701  0.726745  0.709719  0.772271  0.733169  0.644336  0.637983  0.683262  0.867954  0.758397  0.740338  0.755007  0.721594  0.759485  0.320431  0.882785  0.629376  0.822209  0.664469  0.691514  0.803797  0.699515  0.709446  0.739848  0.534451  0.694809  0.737474  0.812777  0.430327  0.655264  0.848248  1.000000  0.897492  0.787729 
6  0.636977  0.186979  0.602193  0.160370  0.802867  0.127477 0.0  0.165682  0.715986  0.767858  0.702015  0.706648  0.749753  0.814668  0.568513  0.548392  0.691832  0.708438  0.772612  0.771733  0.753844  0.716982  0.772421  0.809959  0.203886  0.877663  0.609922  0.661277  0.584737  0.663298  0.692099  0.868124  0.722916  0.724788  0.640923  0.745482  0.817856  0.787498  0.729802  0.736894  0.781415  0.616837  0.340159  0.759930  0.772341  0.790240  0.841589  0.852640  0.698879  0.819293  0.678744  0.619094  0.522090  0.762089  0.949367  0.797321  0.544327  0.639693  0.683909  0.692256  0.700582  0.862495 
7  0.694120  0.177132  0.541274  0.186464  0.823635  0.153619  0.165682 0.0  0.656963  0.768017  0.787552  0.643395  0.752213  0.723246  0.469070  0.595153  0.771660  0.681796  0.749200  0.723550  0.812171  0.710814  0.898836  0.808638  0.238552  0.813436  0.705148  0.763615  0.592331  0.739551  0.757467  0.717182  0.762765  0.936176  0.685607  0.613086  0.636695  0.641646  0.714425  0.675732  0.775160  0.797541  0.267710  0.855238  0.800546  0.676028  0.701506  0.765291  0.792326  0.868110  0.690040  0.614789  0.511875  0.780558  0.808666  0.702780  0.525210  0.457949  0.633757  0.854430  0.752786  0.827364 
8  0.342172  0.664665  0.576921  0.661025  0.740830  0.721417  0.715986  0.656963 0.0  0.798901  0.730521  0.766431  0.380211  0.758088  0.652940  0.474621  0.498493  0.670747  0.495328  0.368843  0.652816  0.708825  0.777420  0.751927  0.547933  0.804569  0.368155  0.655184  0.350492  0.680875  0.747014  0.680802  0.655996  0.704835  0.701623  0.560653  0.607123  0.741758  0.746871  0.673932  0.699187  0.697887  0.601815  0.640376  0.350759  0.413715  0.654420  0.646277  0.716820  0.380045  0.620781  0.376865  0.581884  0.397389  0.682111  0.645982  0.643184  0.627571  0.759523  0.700601  0.407244  0.464507 
9  0.571196  0.700048  0.790892  0.697918  0.485983  0.793482  0.767858  0.768017  0.798901 0.0  0.694447  0.733872  0.683192  0.310344  0.867757  0.596487  0.552069  0.698920  0.781889  0.907084  0.481092  0.476424  0.459908  0.493551  0.791868  0.442055  0.643553  0.701892  0.697514  0.355449  0.441129  0.383457  0.313785  0.437757  0.339120  0.425086  0.456162  0.373181  0.500470  0.513240  0.419409  0.507212  0.753345  0.314002  0.556364  0.567526  0.403784  0.479518  0.478124  0.602167  0.577933  0.595019  0.793056  0.565853  0.500044  0.473272  0.742078  0.682397  0.594828  0.402027  0.774686  0.761132 
10  0.708497  0.710058  0.901487  0.755016  0.799037  0.844554  0.702015  0.787552  0.730521  0.694447 0.0  0.228130  0.745170  0.785336  0.793418  0.674939  0.888808  0.716059  0.795276  0.761256  0.622176  0.681728  0.733299  0.802506  0.689300  0.718735  0.795642  0.252091  0.888209  0.761571  0.676049  0.696083  0.817898  0.701665  0.701294  0.660418  0.726169  0.708539  0.681601  0.772940  0.638021  0.667622  0.683201  0.639861  0.737899  0.857978  0.696618  0.702452  0.706043  0.905739  0.653396  0.839407  0.910157  0.883534  0.792223  0.720023  0.691670  0.711286  0.435491  0.777974  0.863804  0.977411 
11  0.752132  0.665856  0.687945  0.781232  0.738599  0.722914  0.706648  0.643395  0.766431  0.733872  0.228130 0.0  0.784064  0.740425  0.828954  0.608538  0.901838  0.767691  0.809841  0.893389  0.851425  0.820850  0.846136  0.761257  0.698260  0.723077  0.931882  0.290842  0.766848  0.747248  0.629664  0.769156  0.742980  0.876214  0.570433  0.845659  0.651180  0.716228  0.798219  0.561270  0.833864  0.712216  0.724640  0.796779  0.805616  0.572143  0.648378  0.811900  0.702639  0.664991  0.703969  0.910691  0.848284  0.752384  0.870512  0.790976  0.857686  0.748561  0.421729  0.730003  0.767048  0.788320 
12  0.322076  0.716717  0.592982  0.704589  0.778774  0.576725  0.749753  0.752213  0.380211  0.683192  0.745170  0.784064 0.0  0.682953  0.562701  0.659367  0.327258  0.450629  0.700768  0.678164  0.709274  0.783699  0.655746  0.618032  0.666391  0.677425  0.133618  0.613516  0.353469  0.648450  0.694024  0.674358  0.543791  0.679121  0.653309  0.605940  0.683562  0.701352  0.683990  0.722886  0.696275  0.848826  0.672838  0.659730  0.421128  0.337323  0.751997  0.744442  0.723396  0.418410  0.731281  0.406851  0.493934  0.365517  0.665532  0.702124  0.514365  0.521510  0.790323  0.718767  0.622147  0.562833 
13  0.644502  0.627238  0.923728  0.819614  0.446108  0.742519  0.814668  0.723246  0.758088  0.310344  0.785336  0.740425  0.682953 0.0  0.901580  0.570499  0.704780  0.606867  0.781135  0.664981  0.428602  0.345844  0.492800  0.309572  0.760020  0.272636  0.566646  0.625245  0.901892  0.348987  0.437450  0.163345  0.407784  0.315341  0.289934  0.188558  0.295913  0.175306  0.320969  0.305542  0.300630  0.428832  0.888957  0.336074  0.828189  0.648428  0.364190  0.506533  0.356713  0.808931  0.435952  0.751718  0.866485  0.743952  0.500678  0.295295  0.811933  0.783705  0.712371  0.265046  0.767184  0.884821 
14  0.673927  0.490737  0.209712  0.551889  0.804855  0.535458  0.568513  0.469070  0.652940  0.867757  0.793418  0.828954  0.562701  0.901580 0.0  0.574569  0.732259  0.436425  0.602564  0.631574  0.773408  0.776085  0.725883  0.742642  0.553239  0.850428  0.576903  0.729864  0.571262  0.749238  0.638280  0.723963  0.855609  0.829673  0.640534  0.758305  0.797151  0.854156  0.811918  0.756304  0.769303  0.906807  0.508630  0.826757  0.674234  0.701310  0.786528  0.777827  0.769925  0.629623  0.829981  0.647939  0.162843  0.732015  0.616551  0.788528  0.232674  0.255885  0.717101  0.756061  0.660074  0.770707 
15  0.572957  0.478723  0.629599  0.615959  0.563658  0.496253  0.548392  0.595153  0.474621  0.596487  0.674939  0.608538  0.659367  0.570499  0.574569 0.0  0.564590  0.536226  0.498598  0.660001  0.574111  0.621143  0.592097  0.552284  0.518822  0.610872  0.594635  0.494672  0.601581  0.552836  0.523117  0.543118  0.530101  0.525375  0.517730  0.590649  0.585995  0.577473  0.536308  0.552010  0.570753  0.525071  0.537468  0.650977  0.563006  0.650747  0.528420  0.578095  0.633505  0.651032  0.475829  0.507690  0.652977  0.642937  0.533115  0.604474  0.517840  0.556964  0.465696  0.557004  0.640864  0.596683 
16  0.170958  0.811274  0.659520  0.852894  0.832159  0.745572  0.691832  0.771660  0.498493  0.552069  0.888808  0.901838  0.327258  0.704780  0.732259  0.564590 0.0  0.580933  0.692555  0.694139  0.756489  0.884445  0.774638  0.774491  0.857438  0.641221  0.417381  0.795779  0.499330  0.543836  0.598503  0.751967  0.613091  0.785385  0.620671  0.785856  0.609759  0.683833  0.760355  0.671787  0.642876  0.786843  0.711508  0.555055  0.277625  0.249924  0.790768  0.679551  0.726410  0.337732  0.753899  0.300028  0.788334  0.324917  0.844396  0.722646  0.745893  0.616342  0.868564  0.711668  0.704031  0.652618 
17  0.633742  0.711520  0.463429  0.722492  0.748195  0.740744  0.708438  0.681796  0.670747  0.698920  0.716059  0.767691  0.450629  0.606867  0.436425  0.536226  0.580933 0.0  0.336396  0.299055  0.611064  0.763328  0.834818  0.602900  0.713998  0.631408  0.490461  0.759721  0.580569  0.653522  0.612705  0.635350  0.629287  0.595274  0.697288  0.631378  0.581059  0.746751  0.673607  0.699734  0.669611  0.642348  0.648734  0.632457  0.627506  0.601609  0.734005  0.799969  0.723324  0.700687  0.701037  0.506597  0.401473  0.656078  0.664054  0.772927  0.432960  0.478183  0.762891  0.654186  0.335425  0.371768 
18  0.642343  0.876177  0.676665  0.805008  0.847624  0.819734  0.772612  0.749200  0.495328  0.781889  0.795276  0.809841  0.700768  0.781135  0.602564  0.498598  0.692555  0.336396 0.0  0.207792  0.815236  0.599058  0.672768  0.810440  0.649453  0.728908  0.654948  0.766929  0.575893  0.798372  0.811899  0.733289  0.666375  0.816527  0.644544  0.741634  0.765337  0.773598  0.731260  0.699394  0.779114  0.640727  0.679994  0.775240  0.650629  0.638961  0.732191  0.638313  0.748471  0.652447  0.543401  0.567961  0.667497  0.592182  0.775897  0.734792  0.667541  0.667729  0.745254  0.753712  0.148115  0.163206 
19  0.707728  0.652177  0.728591  0.694618  0.787957  0.827328  0.771733  0.723550  0.368843  0.907084  0.761256  0.893389  0.678164  0.664981  0.631574  0.660001  0.694139  0.299055  0.207792 0.0  0.766446  0.688250  0.707448  0.727224  0.781137  0.735752  0.594788  0.809824  0.642795  0.755194  0.809256  0.761814  0.738945  0.733242  0.629243  0.799567  0.729317  0.758129  0.904091  0.775247  0.590158  0.833791  0.847739  0.784965  0.653653  0.793756  0.833808  0.758763  0.818862  0.651784  0.889972  0.695461  0.693647  0.749045  0.689010  0.739825  0.751769  0.679335  0.763053  0.784593  0.176974  0.197582 
20  0.745315  0.699165  0.815808  0.835302  0.125370  0.798483  0.753844  0.812171  0.652816  0.481092  0.622176  0.851425  0.709274  0.428602  0.773408  0.574111  0.756489  0.611064  0.815236  0.766446 0.0  0.422744  0.249217  0.415876  0.657137  0.339322  0.646452  0.795328  0.774391  0.245575  0.278054  0.492900  0.349604  0.387932  0.309278  0.454180  0.364932  0.469069  0.411027  0.403697  0.371388  0.158390  0.724397  0.306397  0.669624  0.852859  0.363269  0.260901  0.423312  0.699669  0.224680  0.743906  0.868001  0.631873  0.283595  0.387523  0.903660  0.827425  0.707219  0.344429  0.797923  0.898761 
21  0.604386  0.617602  0.609900  0.803163  0.338149  0.737983  0.716982  0.710814  0.708825  0.476424  0.681728  0.820850  0.783699  0.345844  0.776085  0.621143  0.884445  0.763328  0.599058  0.688250  0.422744 0.0  0.335257  0.210168  0.576907  0.215867  0.554483  0.751420  0.747750  0.351283  0.392027  0.337809  0.336997  0.197994  0.362754  0.350314  0.237923  0.299710  0.240408  0.244833  0.189012  0.387629  0.775622  0.441397  0.785218  0.688361  0.428457  0.365487  0.226909  0.777665  0.399410  0.602401  0.666252  0.680847  0.396371  0.197120  0.777598  0.799102  0.607632  0.239047  0.685064  0.768286 
22  0.591395  0.658050  0.888599  0.731405  0.221528  0.777293  0.772421  0.898836  0.777420  0.459908  0.733299  0.846136  0.655746  0.492800  0.725883  0.592097  0.774638  0.834818  0.672768  0.707448  0.249217  0.335257 0.0  0.382200  0.703107  0.338195  0.706647  0.712931  0.683380  0.346150  0.219835  0.412998  0.392520  0.299405  0.313678  0.440047  0.410909  0.421957  0.447969  0.371312  0.340888  0.197451  0.787380  0.315883  0.863186  0.749454  0.261149  0.228582  0.368516  0.765183  0.210796  0.535071  0.851812  0.685145  0.326970  0.290325  0.806778  0.723324  0.614101  0.357792  0.741969  0.671286 
23  0.628324  0.682302  0.708895  0.768906  0.351580  0.813452  0.809959  0.808638  0.751927  0.493551  0.802506  0.761257  0.618032  0.309572  0.742642  0.552284  0.774491  0.602900  0.810440  0.727224  0.415876  0.210168  0.382200 0.0  0.768520  0.221277  0.605542  0.651253  0.771810  0.331443  0.379873  0.365592  0.343925  0.141862  0.276016  0.252883  0.224740  0.257744  0.203523  0.215256  0.263201  0.352346  0.744905  0.383596  0.845640  0.594847  0.461139  0.371637  0.193249  0.723872  0.346553  0.748580  0.677571  0.653240  0.355870  0.259986  0.901305  0.838383  0.642850  0.223842  0.773712  0.857451 
24  0.726585  0.233185  0.591067  0.199487  0.842165  0.244898  0.203886  0.238552  0.547933  0.791868  0.689300  0.698260  0.666391  0.760020  0.553239  0.518822  0.857438  0.713998  0.649453  0.781137  0.657137  0.576907  0.703107  0.768520 0.0  0.771644  0.787417  0.656102  0.673910  0.701373  0.764031  0.789335  0.692810  0.749566  0.642504  0.794687  0.768585  0.705598  0.715401  0.812295  0.789238  0.738072  0.297947  0.799062  0.855393  0.692503  0.777336  0.755617  0.684561  0.805081  0.751117  0.693560  0.595449  0.638146  0.766799  0.782636  0.496624  0.458742  0.657413  0.665034  0.816198  0.882034 
25  0.648467  0.827218  0.742655  0.751744  0.312845  0.686540  0.877663  0.813436  0.804569  0.442055  0.718735  0.723077  0.677425  0.272636  0.850428  0.610872  0.641221  0.631408  0.728908  0.735752  0.339322  0.215867  0.338195  0.221277  0.771644 0.0  0.708631  0.704375  0.899789  0.373887  0.362706  0.331503  0.319292  0.188515  0.291640  0.276304  0.209827  0.257889  0.230492  0.192196  0.176553  0.369491  0.629421  0.416866  0.794705  0.752622  0.456478  0.347364  0.188312  0.659281  0.339146  0.676700  0.713961  0.697280  0.367836  0.170118  0.775806  0.848052  0.728267  0.167580  0.794698  0.715244 
26  0.373013  0.603565  0.497454  0.715574  0.561731  0.673665  0.609922  0.705148  0.368155  0.643553  0.795642  0.931882  0.133618  0.566646  0.576903  0.594635  0.417381  0.490461  0.654948  0.594788  0.646452  0.554483  0.706647  0.605542  0.787417  0.708631 0.0  0.639193  0.361651  0.823296  0.691680  0.625214  0.720566  0.770892  0.626441  0.620171  0.579976  0.693063  0.559529  0.533165  0.675371  0.673884  0.643349  0.698232  0.358349  0.336788  0.648531  0.637802  0.607944  0.404854  0.778156  0.430905  0.495757  0.388435  0.657952  0.691702  0.454512  0.572861  0.670501  0.647707  0.620964  0.540363 
27  0.752704  0.754999  0.694284  0.702007  0.774364  0.692247  0.661277  0.763615  0.655184  0.701892  0.252091  0.290842  0.613516  0.625245  0.729864  0.494672  0.795779  0.759721  0.766929  0.809824  0.795328  0.751420  0.712931  0.651253  0.656102  0.704375  0.639193 0.0  0.827080  0.758331  0.661760  0.779762  0.738134  0.695421  0.691594  0.676989  0.742158  0.717495  0.720580  0.839878  0.713839  0.769499  0.733174  0.708321  0.728882  0.740649  0.694877  0.547901  0.733548  0.764661  0.671500  0.873938  0.697991  0.751470  0.805703  0.738993  0.793856  0.665751  0.492166  0.711758  0.801597  0.789110 
28  0.442325  0.497069  0.696061  0.542793  0.744159  0.678701  0.584737  0.592331  0.350492  0.697514  0.888209  0.766848  0.353469  0.901892  0.571262  0.601581  0.499330  0.580569  0.575893  0.642795  0.774391  0.747750  0.683380  0.771810  0.673910  0.899789  0.361651  0.827080 0.0  0.755438  0.691504  0.691427  0.677318  0.749633  0.565686  0.585376  0.773777  0.679316  0.790201  0.775281  0.838783  0.700824  0.630365  0.750088  0.401078  0.453676  0.630388  0.776990  0.631249  0.455059  0.727710  0.399451  0.617645  0.512439  0.658389  0.809022  0.683781  0.601725  0.888007  0.869515  0.509853  0.589663 
29  0.438783  0.623486  0.697502  0.837652  0.247951  0.726745  0.663298  0.739551  0.680875  0.355449  0.761571  0.747248  0.648450  0.348987  0.749238  0.552836  0.543836  0.653522  0.798372  0.755194  0.245575  0.351283  0.346150  0.331443  0.701373  0.373887  0.823296  0.758331  0.755438 0.0  0.409096  0.401583  0.164822  0.315786  0.273722  0.406702  0.329675  0.428300  0.324733  0.360296  0.335886  0.261251  0.817779  0.430579  0.557475  0.555440  0.468128  0.392673  0.303419  0.562185  0.311708  0.584930  0.843752  0.652164  0.375251  0.377185  0.745908  0.802395  0.800407  0.311131  0.740354  0.733021 
30  0.700779  0.625884  0.801135  0.815812  0.281207  0.709719  0.692099  0.757467  0.747014  0.441129  0.676049  0.629664  0.694024  0.437450  0.638280  0.523117  0.598503  0.612705  0.811899  0.809256  0.278054  0.392027  0.219835  0.379873  0.764031  0.362706  0.691680  0.661760  0.691504  0.409096 0.0  0.514415  0.297538  0.414074  0.383909  0.429017  0.384633  0.397161  0.429270  0.376842  0.335823  0.285678  0.839343  0.380864  0.693904  0.698949  0.342533  0.144666  0.413067  0.701701  0.250915  0.688057  0.898579  0.724759  0.208749  0.411347  0.874783  0.679963  0.641697  0.364049  0.831821  0.899040 
31  0.624148  0.697546  0.867698  0.769886  0.455581  0.772271  0.868124  0.717182  0.680802  0.383457  0.696083  0.769156  0.674358  0.163345  0.723963  0.543118  0.751967  0.635350  0.733289  0.761814  0.492900  0.337809  0.412998  0.365592  0.789335  0.331503  0.625214  0.779762  0.691427  0.401583  0.514415 0.0  0.490520  0.328081  0.291219  0.207647  0.296847  0.186189  0.370613  0.372977  0.318146  0.553513  0.888341  0.312394  0.809449  0.820433  0.437488  0.463846  0.294105  0.698505  0.517275  0.820181  0.771688  0.834983  0.535816  0.316988  0.697679  0.929959  0.734729  0.304467  0.713828  0.818854 
32  0.544160  0.697424  0.733392  0.756732  0.340351  0.733169  0.722916  0.762765  0.655996  0.313785  0.817898  0.742980  0.543791  0.407784  0.855609  0.530101  0.613091  0.629287  0.666375  0.738945  0.349604  0.336997  0.392520  0.343925  0.692810  0.319292  0.720566  0.738134  0.677318  0.164822  0.297538  0.490520 0.0  0.356687  0.332055  0.402347  0.340730  0.406239  0.362071  0.385158  0.294911  0.464188  0.795916  0.390692  0.521189  0.540739  0.505251  0.370594  0.409955  0.616474  0.377563  0.631248  0.782573  0.557649  0.338149  0.375470  0.751792  0.731546  0.632550  0.297559  0.812421  0.841267 
33  0.622006  0.742680  0.881123  0.723418  0.385900  0.644336  0.724788  0.936176  0.704835  0.437757  0.701665  0.876214  0.679121  0.315341  0.829673  0.525375  0.785385  0.595274  0.816527  0.733242  0.387932  0.197994  0.299405  0.141862  0.749566  0.188515  0.770892  0.695421  0.749633  0.315786  0.414074  0.328081  0.356687 0.0  0.292610  0.321866  0.213790  0.260751  0.173243  0.215528  0.209012  0.353603  0.754085  0.515702  0.675093  0.837210  0.431657  0.415154  0.181570  0.703812  0.331832  0.735829  0.900193  0.615432  0.400717  0.244429  0.777287  0.919747  0.612016  0.216920  0.822474  0.776147 
34  0.691283  0.784937  0.714946  0.708834  0.345603  0.637983  0.640923  0.685607  0.701623  0.339120  0.701294  0.570433  0.653309  0.289934  0.640534  0.517730  0.620671  0.697288  0.644544  0.629243  0.309278  0.362754  0.313678  0.276016  0.642504  0.291640  0.626441  0.691594  0.565686  0.273722  0.383909  0.291219  0.332055  0.292610 0.0  0.288923  0.297086  0.237035  0.344944  0.256224  0.262627  0.348751  0.687096  0.317929  0.655279  0.666609  0.310522  0.320043  0.339878  0.711825  0.248846  0.637103  0.609795  0.595338  0.343037  0.305365  0.733759  0.660926  0.725360  0.305319  0.797643  0.886899 
35  0.665078  0.679147  0.757610  0.793877  0.461439  0.683262  0.745482  0.613086  0.560653  0.425086  0.660418  0.845659  0.605940  0.188558  0.758305  0.590649  0.785856  0.631378  0.741634  0.799567  0.454180  0.350314  0.440047  0.252883  0.794687  0.276304  0.620171  0.676989  0.585376  0.406702  0.429017  0.207647  0.402347  0.321866  0.288923 0.0  0.314716  0.113216  0.293356  0.297861  0.303699  0.437350  0.807325  0.377903  0.702945  0.812585  0.309219  0.449460  0.325644  0.677884  0.410505  0.804267  0.719385  0.672048  0.426629  0.279938  0.817797  0.704592  0.743335  0.292872  0.686472  0.835469 
36  0.622770  0.689198  0.818694  0.934413  0.331369  0.867954  0.817856  0.636695  0.607123  0.456162  0.726169  0.651180  0.683562  0.295913  0.797151  0.585995  0.609759  0.581059  0.765337  0.729317  0.364932  0.237923  0.410909  0.224740  0.768585  0.209827  0.579976  0.742158  0.773777  0.329675  0.384633  0.296847  0.340730  0.213790  0.297086  0.314716 0.0  0.286288  0.228857  0.153221  0.210312  0.427141  0.849647  0.439506  0.854446  0.746966  0.470157  0.378976  0.230436  0.730267  0.385052  0.731794  0.916578  0.726351  0.439326  0.226391  0.733378  0.854686  0.731870  0.132630  0.722907  0.793109 
37  0.762683  0.696005  0.909551  0.775294  0.402609  0.758397  0.787498  0.641646  0.741758  0.373181  0.708539  0.716228  0.701352  0.175306  0.854156  0.577473  0.683833  0.746751  0.773598  0.758129  0.469069  0.299710  0.421957  0.257744  0.705598  0.257889  0.693063  0.717495  0.679316  0.428300  0.397161  0.186189  0.406239  0.260751  0.237035  0.113216  0.286288 0.0  0.273362  0.304052  0.268763  0.438516  0.625942  0.310127  0.535228  0.800757  0.270637  0.452856  0.275399  0.867210  0.455086  0.705710  0.720260  0.660282  0.524603  0.265533  0.719873  0.783490  0.740588  0.262109  0.633843  0.753964 
38  0.732545  0.641843  0.760513  0.784464  0.403541  0.740338  0.729802  0.714425  0.746871  0.500470  0.681601  0.798219  0.683990  0.320969  0.811918  0.536308  0.760355  0.673607  0.731260  0.904091  0.411027  0.240408  0.447969  0.203523  0.715401  0.230492  0.559529  0.720580  0.790201  0.324733  0.429270  0.370613  0.362071  0.173243  0.344944  0.293356  0.228857  0.273362 0.0  0.192375  0.260961  0.378398  0.652217  0.448524  0.744206  0.611753  0.546133  0.414957  0.197188  0.667600  0.366487  0.674471  0.739274  0.710111  0.380876  0.239658  0.745326  0.743473  0.733399  0.234615  0.756753  0.784381 
39  0.723494  0.779173  0.748701  0.760568  0.347565  0.755007  0.736894  0.675732  0.673932  0.513240  0.772940  0.561270  0.722886  0.305542  0.756304  0.552010  0.671787  0.699734  0.699394  0.775247  0.403697  0.244833  0.371312  0.215256  0.812295  0.192196  0.533165  0.839878  0.775281  0.360296  0.376842  0.372977  0.385158  0.215528  0.256224  0.297861  0.153221  0.304052  0.192375 0.0  0.203951  0.348897  0.662860  0.383493  0.636619  0.760830  0.521510  0.340110  0.229262  0.828813  0.358205  0.774860  0.712008  0.675535  0.415319  0.205037  0.648402  0.682425  0.742576  0.130602  0.784171  0.661060 
40  0.644640  0.708450  0.792785  0.782166  0.333024  0.721594  0.781415  0.775160  0.699187  0.419409  0.638021  0.833864  0.696275  0.300630  0.769303  0.570753  0.642876  0.669611  0.779114  0.590158  0.371388  0.189012  0.340888  0.263201  0.789238  0.176553  0.675371  0.713839  0.838783  0.335886  0.335823  0.318146  0.294911  0.209012  0.262627  0.303699  0.210312  0.268763  0.260961  0.203951 0.0  0.411447  0.785768  0.474503  0.685005  0.651417  0.411871  0.240083  0.222914  0.855569  0.307349  0.610318  0.630394  0.615963  0.369391  0.209790  0.798084  0.823663  0.700631  0.173116  0.753062  0.743584 
41  0.721726  0.679855  0.637937  0.705359  0.132473  0.759485  0.616837  0.797541  0.697887  0.507212  0.667622  0.712216  0.848826  0.428832  0.906807  0.525071  0.786843  0.642348  0.640727  0.833791  0.158390  0.387629  0.197451  0.352346  0.738072  0.369491  0.673884  0.769499  0.700824  0.261251  0.285678  0.553513  0.464188  0.353603  0.348751  0.437350  0.427141  0.438516  0.378398  0.348897  0.411447 0.0  0.860988  0.344466  0.818666  0.654611  0.309934  0.273009  0.454740  0.761578  0.260585  0.705685  0.795944  0.721024  0.341956  0.299612  0.809157  0.843011  0.705522  0.328082  0.850494  0.775324 
42  0.736419  0.311896  0.639297  0.299024  0.756799  0.320431  0.340159  0.267710  0.601815  0.753345  0.683201  0.724640  0.672838  0.888957  0.508630  0.537468  0.711508  0.648734  0.679994  0.847739  0.724397  0.775622  0.787380  0.744905  0.297947  0.629421  0.643349  0.733174  0.630365  0.817779  0.839343  0.888341  0.795916  0.754085  0.687096  0.807325  0.849647  0.625942  0.652217  0.662860  0.785768  0.860988 0.0  0.683861  0.664016  0.738110  0.654891  0.858870  0.746447  0.700489  0.906259  0.586465  0.637640  0.666404  0.730375  0.610161  0.541112  0.489783  0.677858  0.857092  0.753560  0.894463 
43  0.723457  0.707160  0.770419  0.791822  0.292305  0.882785  0.759930  0.855238  0.640376  0.314002  0.639861  0.796779  0.659730  0.336074  0.826757  0.650977  0.555055  0.632457  0.775240  0.784965  0.306397  0.441397  0.315883  0.383596  0.799062  0.416866  0.698232  0.708321  0.750088  0.430579  0.380864  0.312394  0.390692  0.515702  0.317929  0.377903  0.439506  0.310127  0.448524  0.383493  0.474503  0.344466  0.683861 0.0  0.697186  0.730809  0.201866  0.348375  0.491158  0.591782  0.340011  0.778585  0.905781  0.800088  0.338569  0.439535  0.657360  0.792269  0.658313  0.413885  0.764680  0.624780 
44  0.276968  0.749467  0.670413  0.654465  0.763242  0.629376  0.772341  0.800546  0.350759  0.556364  0.737899  0.805616  0.421128  0.828189  0.674234  0.563006  0.277625  0.627506  0.650629  0.653653  0.669624  0.785218  0.863186  0.845640  0.855393  0.794705  0.358349  0.728882  0.401078  0.557475  0.693904  0.809449  0.521189  0.675093  0.655279  0.702945  0.854446  0.535228  0.744206  0.636619  0.685005  0.818666  0.664016  0.697186 0.0  0.137362  0.714697  0.696848  0.831923  0.275102  0.737599  0.285002  0.722810  0.333621  0.802628  0.666240  0.704060  0.703713  0.752262  0.743963  0.735190  0.627872 
45  0.279228  0.681151  0.708799  0.679606  0.714137  0.822209  0.790240  0.676028  0.413715  0.567526  0.857978  0.572143  0.337323  0.648428  0.701310  0.650747  0.249924  0.601609  0.638961  0.793756  0.852859  0.688361  0.749454  0.594847  0.692503  0.752622  0.336788  0.740649  0.453676  0.555440  0.698949  0.820433  0.540739  0.837210  0.666609  0.812585  0.746966  0.800757  0.611753  0.760830  0.651417  0.654611  0.738110  0.730809  0.137362 0.0  0.826397  0.795457  0.857279  0.380726  0.777422  0.331880  0.621286  0.279237  0.700257  0.778088  0.772092  0.618991  0.746541  0.653293  0.740937  0.717489 
46  0.776098  0.828953  0.728443  0.706531  0.301713  0.664469  0.841589  0.701506  0.654420  0.403784  0.696618  0.648378  0.751997  0.364190  0.786528  0.528420  0.790768  0.734005  0.732191  0.833808  0.363269  0.428457  0.261149  0.461139  0.777336  0.456478  0.648531  0.694877  0.630388  0.468128  0.342533  0.437488  0.505251  0.431657  0.310522  0.309219  0.470157  0.270637  0.546133  0.521510  0.411871  0.309934  0.654891  0.201866  0.714697  0.826397 0.0  0.347781  0.513723  0.728621  0.343685  0.737486  0.759562  0.775175  0.344868  0.426480  0.788650  0.783260  0.706276  0.446425  0.475385  0.770330 
47  0.653934  0.592587  0.730617  0.631955  0.262531  0.691514  0.852640  0.765291  0.646277  0.479518  0.702452  0.811900  0.744442  0.506533  0.777827  0.578095  0.679551  0.799969  0.638313  0.758763  0.260901  0.365487  0.228582  0.371637  0.755617  0.347364  0.637802  0.547901  0.776990  0.392673  0.144666  0.463846  0.370594  0.415154  0.320043  0.449460  0.378976  0.452856  0.414957  0.340110  0.240083  0.273009  0.858870  0.348375  0.696848  0.795457  0.347781 0.0  0.406471  0.864762  0.232860  0.662456  0.791337  0.665415  0.167570  0.349585  0.809955  0.769303  0.574520  0.396935  0.742809  0.831979 
48  0.643860  0.721553  0.797454  0.833568  0.355301  0.803797  0.698879  0.792326  0.716820  0.478124  0.706043  0.702639  0.723396  0.356713  0.769925  0.633505  0.726410  0.723324  0.748471  0.818862  0.423312  0.226909  0.368516  0.193249  0.684561  0.188312  0.607944  0.733548  0.631249  0.303419  0.413067  0.294105  0.409955  0.181570  0.339878  0.325644  0.230436  0.275399  0.197188  0.229262  0.222914  0.454740  0.746447  0.491158  0.831923  0.857279  0.513723  0.406471 0.0  0.779877  0.297374  0.607165  0.738049  0.657255  0.503827  0.252350  0.817672  0.902601  0.695893  0.197311  0.673938  0.634633 
49  0.315705  0.615082  0.707264  0.552898  0.847304  0.699515  0.819293  0.868110  0.380045  0.602167  0.905739  0.664991  0.418410  0.808931  0.629623  0.651032  0.337732  0.700687  0.652447  0.651784  0.699669  0.777665  0.765183  0.723872  0.805081  0.659281  0.404854  0.764661  0.455059  0.562185  0.701701  0.698505  0.616474  0.703812  0.711825  0.677884  0.730267  0.867210  0.667600  0.828813  0.855569  0.761578  0.700489  0.591782  0.275102  0.380726  0.728621  0.864762  0.779877 0.0  0.818987  0.266481  0.655230  0.330118  0.774811  0.732006  0.694992  0.604489  0.916173  0.741313  0.601616  0.663559 
50  0.808571  0.708039  0.923571  0.800175  0.203491  0.709446  0.678744  0.690040  0.620781  0.577933  0.653396  0.703969  0.731281  0.435952  0.829981  0.475829  0.753899  0.701037  0.543401  0.889972  0.224680  0.399410  0.210796  0.346553  0.751117  0.339146  0.778156  0.671500  0.727710  0.311708  0.250915  0.517275  0.377563  0.331832  0.248846  0.410505  0.385052  0.455086  0.366487  0.358205  0.307349  0.260585  0.906259  0.340011  0.737599  0.777422  0.343685  0.232860  0.297374  0.818987 0.0  0.730638  0.755100  0.721598  0.313215  0.426606  0.735529  0.760883  0.686719  0.355493  0.797170  0.631747 
51  0.275196  0.739959  0.703788  0.689784  0.744023  0.739848  0.619094  0.614789  0.376865  0.595019  0.839407  0.910691  0.406851  0.751718  0.647939  0.507690  0.300028  0.506597  0.567961  0.695461  0.743906  0.602401  0.535071  0.748580  0.693560  0.676700  0.430905  0.873938  0.399451  0.584930  0.688057  0.820181  0.631248  0.735829  0.637103  0.804267  0.731794  0.705710  0.674471  0.774860  0.610318  0.705685  0.586465  0.778585  0.285002  0.331880  0.737486  0.662456  0.607165  0.266481  0.730638 0.0  0.672102  0.270946  0.671483  0.716187  0.662368  0.607119  0.779572  0.692797  0.609670  0.583878 
52  0.732277  0.471810  0.226392  0.580348  0.839402  0.534451  0.522090  0.511875  0.581884  0.793056  0.910157  0.848284  0.493934  0.866485  0.162843  0.652977  0.788334  0.401473  0.667497  0.693647  0.868001  0.666252  0.851812  0.677571  0.595449  0.713961  0.495757  0.697991  0.617645  0.843752  0.898579  0.771688  0.782573  0.900193  0.609795  0.719385  0.916578  0.720260  0.739274  0.712008  0.630394  0.795944  0.637640  0.905781  0.722810  0.621286  0.759562  0.791337  0.738049  0.655230  0.755100  0.672102 0.0  0.765630  0.739442  0.706518  0.241218  0.245674  0.691090  0.736868  0.699869  0.736124 
53  0.283913  0.757061  0.628570  0.755824  0.828616  0.694809  0.762089  0.780558  0.397389  0.565853  0.883534  0.752384  0.365517  0.743952  0.732015  0.642937  0.324917  0.656078  0.592182  0.749045  0.631873  0.680847  0.685145  0.653240  0.638146  0.697280  0.388435  0.751470  0.512439  0.652164  0.724759  0.834983  0.557649  0.615432  0.595338  0.672048  0.726351  0.660282  0.710111  0.675535  0.615963  0.721024  0.666404  0.800088  0.333621  0.279237  0.775175  0.665415  0.657255  0.330118  0.721598  0.270946  0.765630 0.0  0.759731  0.816982  0.679916  0.692433  0.771471  0.701388  0.690121  0.565806 
54  0.690646  0.699419  0.676476  0.766102  0.292738  0.737474  0.949367  0.808666  0.682111  0.500044  0.792223  0.870512  0.665532  0.500678  0.616551  0.533115  0.844396  0.664054  0.775897  0.689010  0.283595  0.396371  0.326970  0.355870  0.766799  0.367836  0.657952  0.805703  0.658389  0.375251  0.208749  0.535816  0.338149  0.400717  0.343037  0.426629  0.439326  0.524603  0.380876  0.415319  0.369391  0.341956  0.730375  0.338569  0.802628  0.700257  0.344868  0.167570  0.503827  0.774811  0.313215  0.671483  0.739442  0.759731 0.0  0.471923  0.610064  0.780478  0.763606  0.345305  0.656315  0.640430 
55  0.576863  0.759843  0.800249  0.790847  0.402536  0.812777  0.797321  0.702780  0.645982  0.473272  0.720023  0.790976  0.702124  0.295295  0.788528  0.604474  0.722646  0.772927  0.734792  0.739825  0.387523  0.197120  0.290325  0.259986  0.782636  0.170118  0.691702  0.738993  0.809022  0.377185  0.411347  0.316988  0.375470  0.244429  0.305365  0.279938  0.226391  0.265533  0.239658  0.205037  0.209790  0.299612  0.610161  0.439535  0.666240  0.778088  0.426480  0.349585  0.252350  0.732006  0.426606  0.716187  0.706518  0.816982  0.471923 0.0  0.820588  0.806285  0.709981  0.204556  0.837244  0.744610 
56  0.792632  0.524134  0.269068  0.458976  0.818996  0.430327  0.544327  0.525210  0.643184  0.742078  0.691670  0.857686  0.514365  0.811933  0.232674  0.517840  0.745893  0.432960  0.667541  0.751769  0.903660  0.777598  0.806778  0.901305  0.496624  0.775806  0.454512  0.793856  0.683781  0.745908  0.874783  0.697679  0.751792  0.777287  0.733759  0.817797  0.733378  0.719873  0.745326  0.648402  0.798084  0.809157  0.541112  0.657360  0.704060  0.772092  0.788650  0.809955  0.817672  0.694992  0.735529  0.662368  0.241218  0.679916  0.610064  0.820588 0.0  0.199521  0.768734  0.773177  0.701533  0.678464 
57  0.685442  0.492555  0.235151  0.520965  0.825543  0.655264  0.639693  0.457949  0.627571  0.682397  0.711286  0.748561  0.521510  0.783705  0.255885  0.556964  0.616342  0.478183  0.667729  0.679335  0.827425  0.799102  0.723324  0.838383  0.458742  0.848052  0.572861  0.665751  0.601725  0.802395  0.679963  0.929959  0.731546  0.919747  0.660926  0.704592  0.854686  0.783490  0.743473  0.682425  0.823663  0.843011  0.489783  0.792269  0.703713  0.618991  0.783260  0.769303  0.902601  0.604489  0.760883  0.607119  0.245674  0.692433  0.780478  0.806285  0.199521 0.0  0.770439  0.877707  0.717066  0.633343 
58  0.755870  0.658372  0.871024  0.762364  0.695607  0.848248  0.683909  0.633757  0.759523  0.594828  0.435491  0.421729  0.790323  0.712371  0.717101  0.465696  0.868564  0.762891  0.745254  0.763053  0.707219  0.607632  0.614101  0.642850  0.657413  0.728267  0.670501  0.492166  0.888007  0.800407  0.641697  0.734729  0.632550  0.612016  0.725360  0.743335  0.731870  0.740588  0.733399  0.742576  0.700631  0.705522  0.677858  0.658313  0.752262  0.746541  0.706276  0.574520  0.695893  0.916173  0.686719  0.779572  0.691090  0.771471  0.763606  0.709981  0.768734  0.770439 0.0  0.721555  0.767414  0.779601 
59  0.694717  0.686403  0.780770  0.773356  0.342897  1.000000  0.692256  0.854430  0.700601  0.402027  0.777974  0.730003  0.718767  0.265046  0.756061  0.557004  0.711668  0.654186  0.753712  0.784593  0.344429  0.239047  0.357792  0.223842  0.665034  0.167580  0.647707  0.711758  0.869515  0.311131  0.364049  0.304467  0.297559  0.216920  0.305319  0.292872  0.132630  0.262109  0.234615  0.130602  0.173116  0.328082  0.857092  0.413885  0.743963  0.653293  0.446425  0.396935  0.197311  0.741313  0.355493  0.692797  0.736868  0.701388  0.345305  0.204556  0.773177  0.877707  0.721555 0.0  0.733781  0.747431 
60  0.752609  0.790481  0.678455  0.582891  0.875148  0.897492  0.700582  0.752786  0.407244  0.774686  0.863804  0.767048  0.622147  0.767184  0.660074  0.640864  0.704031  0.335425  0.148115  0.176974  0.797923  0.685064  0.741969  0.773712  0.816198  0.794698  0.620964  0.801597  0.509853  0.740354  0.831821  0.713828  0.812421  0.822474  0.797643  0.686472  0.722907  0.633843  0.756753  0.784171  0.753062  0.850494  0.753560  0.764680  0.735190  0.740937  0.475385  0.742809  0.673938  0.601616  0.797170  0.609670  0.699869  0.690121  0.656315  0.837244  0.701533  0.717066  0.767414  0.733781 0.0  0.135991 
61  0.722794  0.674817  0.556631  0.744113  0.798236  0.787729  0.862495  0.827364  0.464507  0.761132  0.977411  0.788320  0.562833  0.884821  0.770707  0.596683  0.652618  0.371768  0.163206  0.197582  0.898761  0.768286  0.671286  0.857451  0.882034  0.715244  0.540363  0.789110  0.589663  0.733021  0.899040  0.818854  0.841267  0.776147  0.886899  0.835469  0.793109  0.753964  0.784381  0.661060  0.743584  0.775324  0.894463  0.624780  0.627872  0.717489  0.770330  0.831979  0.634633  0.663559  0.631747  0.583878  0.736124  0.565806  0.640430  0.744610  0.678464  0.633343  0.779601  0.747431  0.135991 0.0 
