62
0 0.0  0.655822  0.704188  0.708894  0.693212  0.705139  0.731032  0.752139  0.427517  0.479285  0.808406  0.806198  0.306012  0.684310  0.778822  0.545842  0.194909  0.642065  0.833356  0.735723  0.709875  0.782455  0.696330  0.655746  0.745200  0.730955  0.435305  0.785901  0.513152  0.550468  0.677200  0.780233  0.457424  0.748722  0.750365  0.714225  0.719095  0.654032  0.625480  0.642565  0.720348  0.658838  0.794662  0.716198  0.239656  0.370612  0.817743  0.735686  0.686489  0.283084  0.729262  0.320481  0.665232  0.310510  0.762347  0.757058  0.629128  0.797979  0.672625  0.599155  0.715725  0.684980 
1  0.655822 0.0  0.613507  0.196779  0.780386  0.176476  0.162458  0.157352  0.780587  0.708409  0.740190  0.672050  0.800252  0.790965  0.665680  0.547084  0.728807  0.771248  0.809071  0.835608  0.735962  0.829217  0.774290  0.848969  0.243979  0.757386  0.727516  0.755507  0.617843  0.727653  0.683789  0.770572  0.708901  0.762023  0.598278  0.778300  0.789608  0.712397  0.777507  0.668606  0.628683  0.819289  0.288889  0.904268  0.767437  0.796792  0.866368  0.735566  0.752988  0.853449  0.747630  0.813971  0.623982  0.818010  0.757025  0.701588  0.587515  0.538396  0.787820  0.831510  0.804947  0.878813 
2  0.704188  0.613507 0.0  0.606452  0.851521  0.587915  0.603709  0.577746  0.660881  0.828575  0.815549  0.930772  0.454061  0.961398  0.244768  0.614964  0.706515  0.525150  0.658000  0.764233  0.897622  0.806827  0.780124  0.859370  0.718214  0.783310  0.509956  0.810768  0.494599  0.839466  0.917957  0.850159  0.863914  0.847266  0.696518  0.698638  0.857902  0.844865  0.655125  0.816828  0.864551  0.881544  0.735472  0.894942  0.741443  0.818365  0.844237  0.831498  0.914482  0.676699  0.751025  0.585210  0.195302  0.669807  0.873413  0.799738  0.215825  0.306265  0.897611  0.794214  0.635961  0.704898 
3  0.708894  0.196779  0.606452 0.0  0.799932  0.077201  0.144229  0.195827  0.599430  0.843786  0.728239  0.926234  0.638513  0.778826  0.583574  0.604212  0.800704  0.704604  0.698184  0.792119  0.705208  0.849393  0.780725  0.759591  0.178169  0.734790  0.820973  0.819349  0.659351  0.792645  0.756524  0.742785  0.742747  0.786045  0.742732  0.860069  0.816715  0.743280  0.834292  0.712971  0.804766  0.740638  0.271328  0.743224  0.721370  0.866940  0.786959  0.741156  0.782057  0.689342  0.867412  0.701351  0.541721  0.663963  0.721880  0.786716  0.500785  0.596872  0.675608  0.815398  0.748051  0.845567 
4  0.693212  0.780386  0.851521  0.799932 0.0  0.799517  0.783910  0.834170  0.762549  0.490890  0.680735  0.693959  0.764573  0.607317  0.784710  0.556024  0.781453  0.806720  0.834223  0.941636  0.219062  0.377481  0.309614  0.397782  0.792093  0.260037  0.668219  0.707942  0.868836  0.285364  0.267067  0.433617  0.393599  0.469335  0.333816  0.465665  0.360430  0.605608  0.492273  0.358640  0.408998  0.076631  0.930172  0.460146  0.774086  0.747459  0.409156  0.331611  0.541638  0.737276  0.211296  0.858631  0.837147  0.740127  0.400901  0.357762  0.816173  0.875190  0.836922  0.359498  0.847301  0.884124 
5  0.705139  0.176476  0.587915  0.077201  0.799517 0.0  0.164822  0.172834  0.791628  0.747498  0.722451  0.786042  0.708507  0.788932  0.577340  0.569032  0.743725  0.715982  0.833205  0.812018  0.951384  0.757721  0.827097  0.868281  0.174325  0.770662  0.717276  0.806736  0.599777  0.789982  0.808506  0.749561  0.885904  0.864129  0.809592  0.716578  0.793595  0.899836  0.784709  0.877087  0.739899  1.000000  0.455726  0.800457  0.773960  0.726994  0.737834  0.718913  0.907210  0.757496  0.836541  0.676579  0.582504  0.780131  0.775013  0.884975  0.551604  0.646030  0.739717  0.927268  0.803745  0.779475 
6  0.731032  0.162458  0.603709  0.144229  0.783910  0.164822 0.0  0.087054  0.627272  0.744784  0.730170  0.760292  0.774319  0.761968  0.642679  0.520543  0.846498  0.816346  0.873398  0.808437  0.898925  0.763128  0.682585  0.780805  0.206714  0.888215  0.721254  0.664787  0.643619  0.866477  0.668261  0.827896  0.739001  0.907200  0.796078  0.805649  0.953545  0.786268  0.761200  0.891799  0.833257  0.804453  0.483822  0.840107  0.656994  0.658089  0.943119  0.743194  0.845446  0.818472  0.854888  0.767259  0.589135  0.693894  0.773462  0.746380  0.507907  0.680414  0.725752  0.697628  0.820498  0.843704 
7  0.752139  0.157352  0.577746  0.195827  0.834170  0.172834  0.087054 0.0  0.658094  0.815041  0.775391  0.809253  0.779022  0.750725  0.472497  0.547822  0.755855  0.618326  0.776999  0.812367  0.922898  0.819630  0.865937  0.717192  0.205013  0.855109  0.703173  0.711154  0.613249  0.857344  0.906182  0.727813  0.746428  0.742818  0.710424  0.794072  0.925928  0.821072  0.750701  0.749708  0.752059  0.767720  0.358398  0.800567  0.760734  0.789575  0.840905  0.755672  0.854381  0.792589  0.763023  0.771014  0.647144  0.681273  0.736807  0.858137  0.526749  0.631134  0.740079  0.890732  0.677616  0.832308 
8  0.427517  0.780587  0.660881  0.599430  0.762549  0.791628  0.627272  0.658094 0.0  0.805562  0.780203  0.812042  0.423941  0.641441  0.609530  0.643571  0.410689  0.710783  0.482557  0.406048  0.808900  0.727195  0.783670  0.768285  0.652765  0.730095  0.437014  0.738106  0.390267  0.740659  0.650393  0.761555  0.844841  0.756467  0.688208  0.691198  0.649473  0.705341  0.584286  0.724247  0.732699  0.727423  0.626367  0.828762  0.510466  0.539794  0.730026  0.747600  0.674644  0.477487  0.803675  0.311082  0.728008  0.498584  0.738789  0.630992  0.603696  0.647193  0.774339  0.688556  0.380694  0.482825 
9  0.479285  0.708409  0.828575  0.843786  0.490890  0.747498  0.744784  0.815041  0.805562 0.0  0.791320  0.693689  0.704151  0.286429  0.766008  0.488779  0.555359  0.661691  0.809031  0.832742  0.510951  0.506491  0.481201  0.582734  0.790397  0.572651  0.693413  0.752794  0.710207  0.274704  0.555900  0.342215  0.330859  0.573725  0.300759  0.351828  0.471185  0.344439  0.507057  0.514146  0.418977  0.607284  0.713394  0.375361  0.603549  0.602832  0.477462  0.551008  0.469958  0.607182  0.534456  0.574666  0.804906  0.640319  0.536458  0.515570  0.777456  0.749036  0.737055  0.396934  0.835110  0.835700 
10  0.808406  0.740190  0.815549  0.728239  0.680735  0.722451  0.730170  0.775391  0.780203  0.791320 0.0  0.219745  0.783697  0.640576  0.872457  0.621085  0.807375  0.851322  0.748384  0.821176  0.686705  0.734439  0.704120  0.684052  0.695159  0.771137  0.777008  0.315250  0.941973  0.847353  0.845203  0.763793  0.708617  0.749485  0.822116  0.689004  0.757980  0.749447  0.741784  0.635804  0.724460  0.745706  0.624854  0.669732  0.891941  0.865220  0.744429  0.661488  0.703018  0.815225  0.689904  0.912994  0.884860  0.864128  0.735742  0.673388  0.792528  0.834085  0.447463  0.680785  0.890134  0.766986 
11  0.806198  0.672050  0.930772  0.926234  0.693959  0.786042  0.760292  0.809253  0.812042  0.693689  0.219745 0.0  0.820574  0.740803  0.820850  0.573778  0.913055  0.701990  0.793294  0.872356  0.776819  0.844466  0.828938  0.785383  0.755992  0.809234  0.843360  0.430230  0.956783  0.796788  0.776367  0.735808  0.798050  0.690985  0.701028  0.844109  0.800709  0.731209  0.721550  0.648163  0.773558  0.814819  0.700565  0.671640  0.826018  0.872705  0.745706  0.800075  0.735235  0.916812  0.684838  0.898368  0.860971  0.842693  0.838963  0.816076  0.698421  0.884434  0.413960  0.805690  0.848760  0.794390 
12  0.306012  0.800252  0.454061  0.638513  0.764573  0.708507  0.774319  0.779022  0.423941  0.704151  0.783697  0.820574 0.0  0.668867  0.523597  0.624593  0.351246  0.406359  0.632821  0.620795  0.798390  0.746905  0.737362  0.634079  0.697163  0.670430  0.236072  0.783656  0.361030  0.720961  0.610223  0.722289  0.692292  0.640435  0.708199  0.664331  0.774045  0.645800  0.618172  0.682234  0.726955  0.786857  0.833570  0.628296  0.465503  0.325619  0.845730  0.592098  0.784669  0.489787  0.662003  0.435807  0.550094  0.409717  0.647152  0.613344  0.535884  0.515760  0.786610  0.750842  0.582305  0.665987 
13  0.684310  0.790965  0.961398  0.778826  0.607317  0.788932  0.761968  0.750725  0.641441  0.286429  0.640576  0.740803  0.668867 0.0  0.796016  0.499349  0.635520  0.723459  0.847680  0.776962  0.490835  0.397529  0.476855  0.324441  0.832429  0.272351  0.635575  0.656953  0.856075  0.507585  0.578536  0.104567  0.459851  0.348644  0.237837  0.124768  0.264776  0.170808  0.377680  0.270893  0.380038  0.507557  0.768000  0.326604  0.774332  0.676769  0.416468  0.499388  0.362721  0.826729  0.487543  0.780310  0.919561  0.726372  0.531415  0.401970  0.798640  0.753125  0.726900  0.228347  0.899851  0.740632 
14  0.778822  0.665680  0.244768  0.583574  0.784710  0.577340  0.642679  0.472497  0.609530  0.766008  0.872457  0.820850  0.523597  0.796016 0.0  0.574283  0.774462  0.460304  0.695320  0.824479  0.801593  0.706957  0.812109  0.818320  0.577131  0.670444  0.606882  0.876445  0.653280  0.870742  0.911501  0.851528  0.826303  0.880124  0.778713  0.813526  0.726033  0.812376  0.842866  0.730026  0.843316  0.781917  0.639469  0.961035  0.694750  0.760762  0.831192  0.913638  0.846488  0.747893  0.786090  0.633037  0.213970  0.787915  0.814687  0.854410  0.383528  0.364343  0.903874  0.788878  0.717920  0.850332 
15  0.545842  0.547084  0.614964  0.604212  0.556024  0.569032  0.520543  0.547822  0.643571  0.488779  0.621085  0.573778  0.624593  0.499349  0.574283 0.0  0.709085  0.580106  0.522196  0.613824  0.581113  0.656941  0.544756  0.555619  0.451428  0.663127  0.610041  0.591152  0.655219  0.519699  0.510420  0.576908  0.637704  0.576174  0.509796  0.605522  0.599624  0.555652  0.579787  0.662901  0.663033  0.533401  0.557688  0.570978  0.690530  0.604816  0.637787  0.588215  0.589870  0.612733  0.620519  0.655661  0.659256  0.633576  0.611303  0.630256  0.549801  0.573912  0.668901  0.590047  0.607990  0.613769 
16  0.194909  0.728807  0.706515  0.800704  0.781453  0.743725  0.846498  0.755855  0.410689  0.555359  0.807375  0.913055  0.351246  0.635520  0.774462  0.709085 0.0  0.471230  0.660229  0.786070  0.855880  0.774263  0.820766  0.841266  0.842553  0.794211  0.496598  0.804200  0.513085  0.555459  0.862832  0.740291  0.464538  0.762092  0.696213  0.779287  0.777563  0.799431  0.731569  0.659004  0.745928  0.724646  0.804596  0.704755  0.276029  0.282710  0.740524  0.691498  0.765286  0.191480  0.774157  0.247609  0.712684  0.261985  0.725856  0.807532  0.789340  0.742610  0.867406  0.781615  0.663851  0.625250 
17  0.642065  0.771248  0.525150  0.704604  0.806720  0.715982  0.816346  0.618326  0.710783  0.661691  0.851322  0.701990  0.406359  0.723459  0.460304  0.580106  0.471230 0.0  0.460979  0.401527  0.804737  0.791513  0.662376  0.684002  0.715800  0.614903  0.436576  0.742484  0.647724  0.723182  0.803390  0.789139  0.799107  0.668122  0.823535  0.815703  0.683298  0.621690  0.695609  0.676752  0.641762  0.655435  0.741176  0.697583  0.685922  0.655850  0.708422  0.710415  0.725788  0.694786  0.731816  0.691033  0.428651  0.694589  0.656471  0.772702  0.441865  0.450736  0.831018  0.638119  0.246554  0.355152 
18  0.833356  0.809071  0.658000  0.698184  0.834223  0.833205  0.873398  0.776999  0.482557  0.809031  0.748384  0.793294  0.632821  0.847680  0.695320  0.522196  0.660229  0.460979 0.0  0.306152  0.792311  0.734715  0.734276  0.733467  0.718148  0.777942  0.702324  0.839011  0.651474  0.755042  0.779712  0.833780  0.828815  0.894805  0.783129  0.703455  0.782349  0.764835  0.782741  0.788900  0.924165  0.867443  0.792424  0.827813  0.747786  0.735881  0.770920  0.844277  0.853669  0.645759  0.865933  0.725345  0.710028  0.579267  0.871314  0.727216  0.773951  0.696089  0.839579  0.796543  0.148318  0.096216 
19  0.735723  0.835608  0.764233  0.792119  0.941636  0.812018  0.808437  0.812367  0.406048  0.832742  0.821176  0.872356  0.620795  0.776962  0.824479  0.613824  0.786070  0.401527  0.306152 0.0  0.926898  0.838816  0.818467  0.806429  0.902497  0.854710  0.566496  0.870545  0.563185  0.780873  0.769854  0.811001  0.812687  0.836935  0.742736  0.813733  0.818849  0.824153  0.775633  0.746334  0.873673  0.925470  0.904531  0.838851  0.736401  0.718328  0.908160  0.931394  0.769942  0.778645  0.890455  0.662457  0.763889  0.735479  0.900976  0.863702  0.864950  0.668912  0.854860  0.861423  0.189452  0.208445 
20  0.709875  0.735962  0.897622  0.705208  0.219062  0.951384  0.898925  0.922898  0.808900  0.510951  0.686705  0.776819  0.798390  0.490835  0.801593  0.581113  0.855880  0.804737  0.792311  0.926898 0.0  0.517164  0.279843  0.354994  0.775501  0.316762  0.727776  0.769638  0.887951  0.296099  0.367717  0.637943  0.429337  0.413313  0.357511  0.403345  0.431404  0.501312  0.479900  0.340277  0.373646  0.301697  0.887197  0.380290  0.858522  0.721387  0.365624  0.280225  0.445503  0.846671  0.224394  0.875125  0.856348  0.825354  0.383549  0.439246  0.751181  0.845110  0.609295  0.321562  0.864012  0.891185 
21  0.782455  0.829217  0.806827  0.849393  0.377481  0.757721  0.763128  0.819630  0.727195  0.506491  0.734439  0.844466  0.746905  0.397529  0.706957  0.656941  0.774263  0.791513  0.734715  0.838816  0.517164 0.0  0.398041  0.343238  0.737126  0.276788  0.679634  0.761154  0.685689  0.414546  0.330962  0.408200  0.408391  0.333527  0.325108  0.421870  0.218179  0.362803  0.280901  0.285841  0.435132  0.463272  0.710890  0.510202  0.757248  0.886324  0.486557  0.407869  0.284011  0.850452  0.489955  0.747787  0.749503  0.795331  0.420786  0.310886  0.787359  0.778908  0.696810  0.337132  0.744007  0.666340 
22  0.696330  0.774290  0.780124  0.780725  0.309614  0.827097  0.682585  0.865937  0.783670  0.481201  0.704120  0.828938  0.737362  0.476855  0.812109  0.544756  0.820766  0.662376  0.734276  0.818467  0.279843  0.398041 0.0  0.329818  0.872459  0.449581  0.687158  0.822408  0.691107  0.355335  0.272385  0.620910  0.364411  0.378501  0.334464  0.560382  0.554944  0.469226  0.361431  0.435866  0.362755  0.179299  0.681739  0.300571  0.898213  0.844081  0.292400  0.252511  0.278960  0.924419  0.290747  0.793120  0.809084  0.782926  0.264460  0.383842  0.769696  0.807847  0.677752  0.419887  0.743312  0.842305 
23  0.655746  0.848969  0.859370  0.759591  0.397782  0.868281  0.780805  0.717192  0.768285  0.582734  0.684052  0.785383  0.634079  0.324441  0.818320  0.555619  0.841266  0.684002  0.733467  0.806429  0.354994  0.343238  0.329818 0.0  0.729538  0.146507  0.707616  0.687441  0.787589  0.304551  0.408992  0.401782  0.335028  0.122023  0.281515  0.470515  0.269272  0.341403  0.270985  0.221458  0.338374  0.419026  0.755349  0.567108  0.770376  0.754886  0.439089  0.387170  0.238186  0.733480  0.254482  0.795258  0.828493  0.748646  0.470773  0.263995  0.824932  0.910020  0.723339  0.250128  0.860624  0.722833 
24  0.745200  0.243979  0.718214  0.178169  0.792093  0.174325  0.206714  0.205013  0.652765  0.790397  0.695159  0.755992  0.697163  0.832429  0.577131  0.451428  0.842553  0.715800  0.718148  0.902497  0.775501  0.737126  0.872459  0.729538 0.0  0.674813  0.739644  0.670052  0.585597  0.831472  0.700344  0.780942  0.830260  0.827747  0.754806  0.794463  0.825806  0.748771  0.778454  0.705563  0.794477  0.797965  0.383725  0.746615  0.846725  0.914737  0.731005  0.700514  0.726571  0.784473  0.816289  0.773062  0.498960  0.755467  0.747717  0.771288  0.555560  0.450825  0.707338  0.743840  0.795483  0.833809 
25  0.730955  0.757386  0.783310  0.734790  0.260037  0.770662  0.888215  0.855109  0.730095  0.572651  0.771137  0.809234  0.670430  0.272351  0.670444  0.663127  0.794211  0.614903  0.777942  0.854710  0.316762  0.276788  0.449581  0.146507  0.674813 0.0  0.681572  0.754247  0.789992  0.400137  0.325615  0.353604  0.324197  0.225185  0.321593  0.291368  0.142476  0.251911  0.181989  0.229611  0.128784  0.405150  0.767006  0.547437  0.889346  0.708547  0.512235  0.302097  0.312982  0.769916  0.328153  0.927221  0.784130  0.776450  0.451059  0.198184  0.795570  0.766796  0.700811  0.171884  0.774205  0.865936 
26  0.435305  0.727516  0.509956  0.820973  0.668219  0.717276  0.721254  0.703173  0.437014  0.693413  0.777008  0.843360  0.236072  0.635575  0.606882  0.610041  0.496598  0.436576  0.702324  0.566496  0.727776  0.679634  0.687158  0.707616  0.739644  0.681572 0.0  0.749133  0.326893  0.754755  0.667664  0.632652  0.714447  0.712655  0.711258  0.779931  0.769298  0.605475  0.643618  0.668861  0.702694  0.681862  0.704615  0.615893  0.370042  0.405311  0.647572  0.668237  0.653829  0.430599  0.700209  0.367325  0.568727  0.438983  0.748858  0.704177  0.540486  0.495657  0.666407  0.800714  0.675631  0.757373 
27  0.785901  0.755507  0.810768  0.819349  0.707942  0.806736  0.664787  0.711154  0.738106  0.752794  0.315250  0.430230  0.783656  0.656953  0.876445  0.591152  0.804200  0.742484  0.839011  0.870545  0.769638  0.761154  0.822408  0.687441  0.670052  0.754247  0.749133 0.0  0.813679  0.698914  0.757054  0.738068  0.760635  0.620997  0.668269  0.666394  0.695326  0.821763  0.702809  0.727127  0.694064  0.670155  0.770386  0.723004  0.737283  0.823743  0.707762  0.679950  0.794071  0.917167  0.738706  0.823438  0.871869  0.751010  0.872937  0.744710  0.829462  0.748831  0.527827  0.658149  0.873577  0.828706 
28  0.513152  0.617843  0.494599  0.659351  0.868836  0.599777  0.643619  0.613249  0.390267  0.710207  0.941973  0.956783  0.361030  0.856075  0.653280  0.655219  0.513085  0.647724  0.651474  0.563185  0.887951  0.685689  0.691107  0.787589  0.585597  0.789992  0.326893  0.813679 0.0  0.770794  0.823631  0.684578  0.862654  0.845305  0.711734  0.730326  0.773718  0.773389  0.713054  0.735926  0.848432  0.728751  0.580741  0.828311  0.607401  0.628991  0.755968  0.790334  0.740034  0.397302  0.741683  0.450775  0.746647  0.525056  0.814454  0.957048  0.651397  0.761922  0.843117  0.887971  0.575255  0.648465 
29  0.550468  0.727653  0.839466  0.792645  0.285364  0.789982  0.866477  0.857344  0.740659  0.274704  0.847353  0.796788  0.720961  0.507585  0.870742  0.519699  0.555459  0.723182  0.755042  0.780873  0.296099  0.414546  0.355335  0.304551  0.831472  0.400137  0.754755  0.698914  0.770794 0.0  0.420525  0.357468  0.221087  0.299442  0.407675  0.449122  0.343188  0.489202  0.420532  0.349981  0.328801  0.351958  0.730157  0.417393  0.532439  0.627965  0.579883  0.400095  0.462340  0.654381  0.375077  0.712961  0.895707  0.638704  0.329481  0.443607  0.757529  0.887092  0.708062  0.351350  0.688319  0.724536 
30  0.677200  0.683789  0.917957  0.756524  0.267067  0.808506  0.668261  0.906182  0.650393  0.555900  0.845203  0.776367  0.610223  0.578536  0.911501  0.510420  0.862832  0.803390  0.779712  0.769854  0.367717  0.330962  0.272385  0.408992  0.700344  0.325615  0.667664  0.757054  0.823631  0.420525 0.0  0.527914  0.309948  0.397781  0.286258  0.477549  0.462611  0.491616  0.453838  0.405312  0.400425  0.371238  0.757122  0.294713  0.814559  0.706915  0.309577  0.235056  0.397173  0.763282  0.335629  0.818973  0.790651  0.775944  0.172257  0.368878  0.867863  0.708553  0.830766  0.432713  0.819584  0.904848 
31  0.780233  0.770572  0.850159  0.742785  0.433617  0.749561  0.827896  0.727813  0.761555  0.342215  0.763793  0.735808  0.722289  0.104567  0.851528  0.576908  0.740291  0.789139  0.833780  0.811001  0.637943  0.408200  0.620910  0.401782  0.780942  0.353604  0.632652  0.738068  0.684578  0.357468  0.527914 0.0  0.627316  0.339829  0.256229  0.222688  0.335049  0.199826  0.393134  0.311726  0.364578  0.547280  0.849438  0.294703  0.710372  0.770021  0.369420  0.533536  0.411118  0.764996  0.540186  0.795544  0.892655  0.821881  0.574428  0.403317  0.768555  0.763093  0.643401  0.303962  0.779608  0.753956 
32  0.457424  0.708901  0.863914  0.742747  0.393599  0.885904  0.739001  0.746428  0.844841  0.330859  0.708617  0.798050  0.692292  0.459851  0.826303  0.637704  0.464538  0.799107  0.828815  0.812687  0.429337  0.408391  0.364411  0.335028  0.830260  0.324197  0.714447  0.760635  0.862654  0.221087  0.309948  0.627316 0.0  0.387561  0.424548  0.505765  0.417610  0.507336  0.358589  0.389053  0.365411  0.418110  0.814586  0.522529  0.608672  0.652477  0.461071  0.406636  0.470352  0.599855  0.293491  0.605840  0.868780  0.555016  0.303013  0.392790  0.807409  0.611256  0.764968  0.356489  0.780172  0.856900 
33  0.748722  0.762023  0.847266  0.786045  0.469335  0.864129  0.907200  0.742818  0.756467  0.573725  0.749485  0.690985  0.640435  0.348644  0.880124  0.576174  0.762092  0.668122  0.894805  0.836935  0.413313  0.333527  0.378501  0.122023  0.827747  0.225185  0.712655  0.620997  0.845305  0.299442  0.397781  0.339829  0.387561 0.0  0.360966  0.394036  0.290822  0.251313  0.174038  0.237074  0.244157  0.442390  0.846732  0.404029  0.752700  0.759546  0.532392  0.373614  0.162581  0.790513  0.393928  0.689321  0.800689  0.751809  0.574811  0.190850  0.808963  0.694217  0.619362  0.318003  0.917106  0.803016 
34  0.750365  0.598278  0.696518  0.742732  0.333816  0.809592  0.796078  0.710424  0.688208  0.300759  0.822116  0.701028  0.708199  0.237837  0.778713  0.509796  0.696213  0.823535  0.783129  0.742736  0.357511  0.325108  0.334464  0.281515  0.754806  0.321593  0.711258  0.668269  0.711734  0.407675  0.286258  0.256229  0.424548  0.360966 0.0  0.371231  0.361882  0.342935  0.390548  0.318850  0.317992  0.402200  0.659966  0.330618  0.660830  0.641010  0.344096  0.323267  0.333168  0.638715  0.387205  0.735422  0.700818  0.746613  0.400335  0.347408  0.657653  0.666153  0.577937  0.327401  0.685019  0.727424 
35  0.714225  0.778300  0.698638  0.860069  0.465665  0.716578  0.805649  0.794072  0.691198  0.351828  0.689004  0.844109  0.664331  0.124768  0.813526  0.605522  0.779287  0.815703  0.703455  0.813733  0.403345  0.421870  0.560382  0.470515  0.794463  0.291368  0.779931  0.666394  0.730326  0.449122  0.477549  0.222688  0.505765  0.394036  0.371231 0.0  0.359673  0.171020  0.371856  0.302350  0.246021  0.561356  0.806894  0.391476  0.660306  0.684930  0.399449  0.635822  0.399139  0.667628  0.575834  0.775602  0.781931  0.809345  0.452972  0.231961  0.842223  0.845108  0.696806  0.363630  0.881089  0.795747 
36  0.719095  0.789608  0.857902  0.816715  0.360430  0.793595  0.953545  0.925928  0.649473  0.471185  0.757980  0.800709  0.774045  0.264776  0.726033  0.599624  0.777563  0.683298  0.782349  0.818849  0.431404  0.218179  0.554944  0.269272  0.825806  0.142476  0.769298  0.695326  0.773718  0.343188  0.462611  0.335049  0.417610  0.290822  0.361882  0.359673 0.0  0.289716  0.206797  0.163524  0.274442  0.291251  0.791456  0.476631  0.803901  0.738993  0.519086  0.350344  0.277398  0.754011  0.284210  0.776157  0.699792  0.870427  0.402207  0.294369  0.796686  0.788674  0.680044  0.142545  0.792285  0.720909 
37  0.654032  0.712397  0.844865  0.743280  0.605608  0.899836  0.786268  0.821072  0.705341  0.344439  0.749447  0.731209  0.645800  0.170808  0.812376  0.555652  0.799431  0.621690  0.764835  0.824153  0.501312  0.362803  0.469226  0.341403  0.748771  0.251911  0.605475  0.821763  0.773389  0.489202  0.491616  0.199826  0.507336  0.251313  0.342935  0.171020  0.289716 0.0  0.363563  0.327330  0.290814  0.464312  0.750034  0.383626  0.715192  0.703402  0.287737  0.480170  0.464908  0.850364  0.495789  0.828653  0.828413  0.805968  0.550068  0.277482  0.701706  0.769821  0.825970  0.335113  0.824482  0.866893 
38  0.625480  0.777507  0.655125  0.834292  0.492273  0.784709  0.761200  0.750701  0.584286  0.507057  0.741784  0.721550  0.618172  0.377680  0.842866  0.579787  0.731569  0.695609  0.782741  0.775633  0.479900  0.280901  0.361431  0.270985  0.778454  0.181989  0.643618  0.702809  0.713054  0.420532  0.453838  0.393134  0.358589  0.174038  0.390548  0.371856  0.206797  0.363563 0.0  0.208633  0.269924  0.536579  0.843270  0.479547  0.762177  0.802816  0.506211  0.485520  0.324445  0.805001  0.379325  0.761221  0.822967  0.762688  0.392560  0.271968  0.685489  0.701072  0.662016  0.355817  0.754383  0.693973 
39  0.642565  0.668606  0.816828  0.712971  0.358640  0.877087  0.891799  0.749708  0.724247  0.514146  0.635804  0.648163  0.682234  0.270893  0.730026  0.662901  0.659004  0.676752  0.788900  0.746334  0.340277  0.285841  0.435866  0.221458  0.705563  0.229611  0.668861  0.727127  0.735926  0.349981  0.405312  0.311726  0.389053  0.237074  0.318850  0.302350  0.163524  0.327330  0.208633 0.0  0.247349  0.429059  0.844860  0.560683  0.804751  0.732607  0.497530  0.326772  0.124247  0.749847  0.428967  0.845752  0.865697  0.805774  0.326267  0.156347  0.738212  0.761682  0.689038  0.113422  0.712795  0.735599 
40  0.720348  0.628683  0.864551  0.804766  0.408998  0.739899  0.833257  0.752059  0.732699  0.418977  0.724460  0.773558  0.726955  0.380038  0.843316  0.663033  0.745928  0.641762  0.924165  0.873673  0.373646  0.435132  0.362755  0.338374  0.794477  0.128784  0.702694  0.694064  0.848432  0.328801  0.400425  0.364578  0.365411  0.244157  0.317992  0.246021  0.274442  0.290814  0.269924  0.247349 0.0  0.411334  0.791421  0.499499  0.771983  0.768988  0.470289  0.282095  0.334381  0.713966  0.500306  0.858348  0.683138  0.740430  0.457238  0.311643  0.735578  0.851409  0.791726  0.151723  0.970898  0.913209 
41  0.658838  0.819289  0.881544  0.740638  0.076631  1.000000  0.804453  0.767720  0.727423  0.607284  0.745706  0.814819  0.786857  0.507557  0.781917  0.533401  0.724646  0.655435  0.867443  0.925470  0.301697  0.463272  0.179299  0.419026  0.797965  0.405150  0.681862  0.670155  0.728751  0.351958  0.371238  0.547280  0.418110  0.442390  0.402200  0.561356  0.291251  0.464312  0.536579  0.429059  0.411334 0.0  0.881095  0.381804  0.848435  0.782020  0.317152  0.238787  0.485390  0.863918  0.289984  0.866770  0.821615  0.782854  0.366184  0.367561  0.899948  0.771158  0.712473  0.380399  0.920135  0.773130 
42  0.794662  0.288889  0.735472  0.271328  0.930172  0.455726  0.483822  0.358398  0.626367  0.713394  0.624854  0.700565  0.833570  0.768000  0.639469  0.557688  0.804596  0.741176  0.792424  0.904531  0.887197  0.710890  0.681739  0.755349  0.383725  0.767006  0.704615  0.770386  0.580741  0.730157  0.757122  0.849438  0.814586  0.846732  0.659966  0.806894  0.791456  0.750034  0.843270  0.844860  0.791421  0.881095 0.0  0.782573  0.773547  0.756593  0.794526  0.857671  0.869349  0.761291  0.744817  0.811533  0.650024  0.709007  0.772566  0.746116  0.505627  0.538982  0.691594  0.835028  0.890703  0.949842 
43  0.716198  0.904268  0.894942  0.743224  0.460146  0.800457  0.840107  0.800567  0.828762  0.375361  0.669732  0.671640  0.628296  0.326604  0.961035  0.570978  0.704755  0.697583  0.827813  0.838851  0.380290  0.510202  0.300571  0.567108  0.746615  0.547437  0.615893  0.723004  0.828311  0.417393  0.294713  0.294703  0.522529  0.404029  0.330618  0.391476  0.476631  0.383626  0.479547  0.560683  0.499499  0.381804  0.782573 0.0  0.717550  0.778115  0.202372  0.478644  0.552159  0.893727  0.349122  0.745058  0.836563  0.768127  0.410328  0.479036  0.763203  0.867290  0.683195  0.399730  0.743775  0.824142 
44  0.239656  0.767437  0.741443  0.721370  0.774086  0.773960  0.656994  0.760734  0.510466  0.603549  0.891941  0.826018  0.465503  0.774332  0.694750  0.690530  0.276029  0.685922  0.747786  0.736401  0.858522  0.757248  0.898213  0.770376  0.846725  0.889346  0.370042  0.737283  0.607401  0.532439  0.814559  0.710372  0.608672  0.752700  0.660830  0.660306  0.803901  0.715192  0.762177  0.804751  0.771983  0.848435  0.773547  0.717550 0.0  0.148702  0.693419  0.687573  0.864506  0.324369  0.799874  0.378687  0.723297  0.356586  0.701670  0.786568  0.782670  0.678312  0.815811  0.751406  0.729410  0.720595 
45  0.370612  0.796792  0.818365  0.866940  0.747459  0.726994  0.658089  0.789575  0.539794  0.602832  0.865220  0.872705  0.325619  0.676769  0.760762  0.604816  0.282710  0.655850  0.735881  0.718328  0.721387  0.886324  0.844081  0.754886  0.914737  0.708547  0.405311  0.823743  0.628991  0.627965  0.706915  0.770021  0.652477  0.759546  0.641010  0.684930  0.738993  0.703402  0.802816  0.732607  0.768988  0.782020  0.756593  0.778115  0.148702 0.0  0.828086  0.742390  0.778082  0.406069  0.765424  0.440186  0.658813  0.466847  0.840447  0.762048  0.704296  0.715054  0.850880  0.743534  0.856018  0.735628 
46  0.817743  0.866368  0.844237  0.786959  0.409156  0.737834  0.943119  0.840905  0.730026  0.477462  0.744429  0.745706  0.845730  0.416468  0.831192  0.637787  0.740524  0.708422  0.770920  0.908160  0.365624  0.486557  0.292400  0.439089  0.731005  0.512235  0.647572  0.707762  0.755968  0.579883  0.309577  0.369420  0.461071  0.532392  0.344096  0.399449  0.519086  0.287737  0.506211  0.497530  0.470289  0.317152  0.794526  0.202372  0.693419  0.828086 0.0  0.369834  0.567451  0.837155  0.356809  0.828983  0.807621  0.852318  0.369215  0.404400  0.701555  0.879532  0.721818  0.504891  0.727078  0.783331 
47  0.735686  0.735566  0.831498  0.741156  0.331611  0.718913  0.743194  0.755672  0.747600  0.551008  0.661488  0.800075  0.592098  0.499388  0.913638  0.588215  0.691498  0.710415  0.844277  0.931394  0.280225  0.407869  0.252511  0.387170  0.700514  0.302097  0.668237  0.679950  0.790334  0.400095  0.235056  0.533536  0.406636  0.373614  0.323267  0.635822  0.350344  0.480170  0.485520  0.326772  0.282095  0.238787  0.857671  0.478644  0.687573  0.742390  0.369834 0.0  0.432075  0.805812  0.158422  0.709630  0.866675  0.793555  0.210904  0.361973  0.810201  0.839124  0.660001  0.337262  0.979296  0.956391 
48  0.686489  0.752988  0.914482  0.782057  0.541638  0.907210  0.845446  0.854381  0.674644  0.469958  0.703018  0.735235  0.784669  0.362721  0.846488  0.589870  0.765286  0.725788  0.853669  0.769942  0.445503  0.284011  0.278960  0.238186  0.726571  0.312982  0.653829  0.794071  0.740034  0.462340  0.397173  0.411118  0.470352  0.162581  0.333168  0.399139  0.277398  0.464908  0.324445  0.124247  0.334381  0.485390  0.869349  0.552159  0.864506  0.778082  0.567451  0.432075 0.0  0.705930  0.356162  0.836868  0.795269  0.720005  0.453281  0.236290  0.839607  0.768575  0.623538  0.302126  0.846117  0.844307 
49  0.283084  0.853449  0.676699  0.689342  0.737276  0.757496  0.818472  0.792589  0.477487  0.607182  0.815225  0.916812  0.489787  0.826729  0.747893  0.612733  0.191480  0.694786  0.645759  0.778645  0.846671  0.850452  0.924419  0.733480  0.784473  0.769916  0.430599  0.917167  0.397302  0.654381  0.763282  0.764996  0.599855  0.790513  0.638715  0.667628  0.754011  0.850364  0.805001  0.749847  0.713966  0.863918  0.761291  0.893727  0.324369  0.406069  0.837155  0.805812  0.705930 0.0  0.816775  0.268735  0.689508  0.331059  0.764991  0.871298  0.672580  0.658795  0.740290  0.731378  0.622367  0.719743 
50  0.729262  0.747630  0.751025  0.867412  0.211296  0.836541  0.854888  0.763023  0.803675  0.534456  0.689904  0.684838  0.662003  0.487543  0.786090  0.620519  0.774157  0.731816  0.865933  0.890455  0.224394  0.489955  0.290747  0.254482  0.816289  0.328153  0.700209  0.738706  0.741683  0.375077  0.335629  0.540186  0.293491  0.393928  0.387205  0.575834  0.284210  0.495789  0.379325  0.428967  0.500306  0.289984  0.744817  0.349122  0.799874  0.765424  0.356809  0.158422  0.356162  0.816775 0.0  0.924470  0.787997  0.816890  0.291299  0.472037  0.774288  0.886071  0.718512  0.273617  0.829497  0.810494 
51  0.320481  0.813971  0.585210  0.701351  0.858631  0.676579  0.767259  0.771014  0.311082  0.574666  0.912994  0.898368  0.435807  0.780310  0.633037  0.655661  0.247609  0.691033  0.725345  0.662457  0.875125  0.747787  0.793120  0.795258  0.773062  0.927221  0.367325  0.823438  0.450775  0.712961  0.818973  0.795544  0.605840  0.689321  0.735422  0.775602  0.776157  0.828653  0.761221  0.845752  0.858348  0.866770  0.811533  0.745058  0.378687  0.440186  0.828983  0.709630  0.836868  0.268735  0.924470 0.0  0.657291  0.318488  0.825110  0.820885  0.708213  0.721713  0.956924  0.865707  0.724995  0.622102 
52  0.665232  0.623982  0.195302  0.541721  0.837147  0.582504  0.589135  0.647144  0.728008  0.804906  0.884860  0.860971  0.550094  0.919561  0.213970  0.659256  0.712684  0.428651  0.710028  0.763889  0.856348  0.749503  0.809084  0.828493  0.498960  0.784130  0.568727  0.871869  0.746647  0.895707  0.790651  0.892655  0.868780  0.800689  0.700818  0.781931  0.699792  0.828413  0.822967  0.865697  0.683138  0.821615  0.650024  0.836563  0.723297  0.658813  0.807621  0.866675  0.795269  0.689508  0.787997  0.657291 0.0  0.704817  0.895385  0.893345  0.291282  0.300145  0.826518  0.735937  0.718205  0.850322 
53  0.310510  0.818010  0.669807  0.663963  0.740127  0.780131  0.693894  0.681273  0.498584  0.640319  0.864128  0.842693  0.409717  0.726372  0.787915  0.633576  0.261985  0.694589  0.579267  0.735479  0.825354  0.795331  0.782926  0.748646  0.755467  0.776450  0.438983  0.751010  0.525056  0.638704  0.775944  0.821881  0.555016  0.751809  0.746613  0.809345  0.870427  0.805968  0.762688  0.805774  0.740430  0.782854  0.709007  0.768127  0.356586  0.466847  0.852318  0.793555  0.720005  0.331059  0.816890  0.318488  0.704817 0.0  0.776066  0.773547  0.727747  0.796627  0.800790  0.862732  0.678892  0.793281 
54  0.762347  0.757025  0.873413  0.721880  0.400901  0.775013  0.773462  0.736807  0.738789  0.536458  0.735742  0.838963  0.647152  0.531415  0.814687  0.611303  0.725856  0.656471  0.871314  0.900976  0.383549  0.420786  0.264460  0.470773  0.747717  0.451059  0.748858  0.872937  0.814454  0.329481  0.172257  0.574428  0.303013  0.574811  0.400335  0.452972  0.402207  0.550068  0.392560  0.326267  0.457238  0.366184  0.772566  0.410328  0.701670  0.840447  0.369215  0.210904  0.453281  0.764991  0.291299  0.825110  0.895385  0.776066 0.0  0.382756  0.811546  0.779168  0.695760  0.413585  0.700920  0.787114 
55  0.757058  0.701588  0.799738  0.786716  0.357762  0.884975  0.746380  0.858137  0.630992  0.515570  0.673388  0.816076  0.613344  0.401970  0.854410  0.630256  0.807532  0.772702  0.727216  0.863702  0.439246  0.310886  0.383842  0.263995  0.771288  0.198184  0.704177  0.744710  0.957048  0.443607  0.368878  0.403317  0.392790  0.190850  0.347408  0.231961  0.294369  0.277482  0.271968  0.156347  0.311643  0.367561  0.746116  0.479036  0.786568  0.762048  0.404400  0.361973  0.236290  0.871298  0.472037  0.820885  0.893345  0.773547  0.382756 0.0  0.848998  0.928119  0.809327  0.236657  0.794448  0.950329 
56  0.629128  0.587515  0.215825  0.500785  0.816173  0.551604  0.507907  0.526749  0.603696  0.777456  0.792528  0.698421  0.535884  0.798640  0.383528  0.549801  0.789340  0.441865  0.773951  0.864950  0.751181  0.787359  0.769696  0.824932  0.555560  0.795570  0.540486  0.829462  0.651397  0.757529  0.867863  0.768555  0.807409  0.808963  0.657653  0.842223  0.796686  0.701706  0.685489  0.738212  0.735578  0.899948  0.505627  0.763203  0.782670  0.704296  0.701555  0.810201  0.839607  0.672580  0.774288  0.708213  0.291282  0.727747  0.811546  0.848998 0.0  0.208945  0.809198  0.791512  0.728662  0.690022 
57  0.797979  0.538396  0.306265  0.596872  0.875190  0.646030  0.680414  0.631134  0.647193  0.749036  0.834085  0.884434  0.515760  0.753125  0.364343  0.573912  0.742610  0.450736  0.696089  0.668912  0.845110  0.778908  0.807847  0.910020  0.450825  0.766796  0.495657  0.748831  0.761922  0.887092  0.708553  0.763093  0.611256  0.694217  0.666153  0.845108  0.788674  0.769821  0.701072  0.761682  0.851409  0.771158  0.538982  0.867290  0.678312  0.715054  0.879532  0.839124  0.768575  0.658795  0.886071  0.721713  0.300145  0.796627  0.779168  0.928119  0.208945 0.0  0.837673  0.803340  0.714805  0.667504 
58  0.672625  0.787820  0.897611  0.675608  0.836922  0.739717  0.725752  0.740079  0.774339  0.737055  0.447463  0.413960  0.786610  0.726900  0.903874  0.668901  0.867406  0.831018  0.839579  0.854860  0.609295  0.696810  0.677752  0.723339  0.707338  0.700811  0.666407  0.527827  0.843117  0.708062  0.830766  0.643401  0.764968  0.619362  0.577937  0.696806  0.680044  0.825970  0.662016  0.689038  0.791726  0.712473  0.691594  0.683195  0.815811  0.850880  0.721818  0.660001  0.623538  0.740290  0.718512  0.956924  0.826518  0.800790  0.695760  0.809327  0.809198  0.837673 0.0  0.673672  0.849827  0.854867 
59  0.599155  0.831510  0.794214  0.815398  0.359498  0.927268  0.697628  0.890732  0.688556  0.396934  0.680785  0.805690  0.750842  0.228347  0.788878  0.590047  0.781615  0.638119  0.796543  0.861423  0.321562  0.337132  0.419887  0.250128  0.743840  0.171884  0.800714  0.658149  0.887971  0.351350  0.432713  0.303962  0.356489  0.318003  0.327401  0.363630  0.142545  0.335113  0.355817  0.113422  0.151723  0.380399  0.835028  0.399730  0.751406  0.743534  0.504891  0.337262  0.302126  0.731378  0.273617  0.865707  0.735937  0.862732  0.413585  0.236657  0.791512  0.803340  0.673672 0.0  0.728314  0.771716 
60  0.715725  0.804947  0.635961  0.748051  0.847301  0.803745  0.820498  0.677616  0.380694  0.835110  0.890134  0.848760  0.582305  0.899851  0.717920  0.607990  0.663851  0.246554  0.148318  0.189452  0.864012  0.744007  0.743312  0.860624  0.795483  0.774205  0.675631  0.873577  0.575255  0.688319  0.819584  0.779608  0.780172  0.917106  0.685019  0.881089  0.792285  0.824482  0.754383  0.712795  0.970898  0.920135  0.890703  0.743775  0.729410  0.856018  0.727078  0.979296  0.846117  0.622367  0.829497  0.724995  0.718205  0.678892  0.700920  0.794448  0.728662  0.714805  0.849827  0.728314 0.0  0.076631 
61  0.684980  0.878813  0.704898  0.845567  0.884124  0.779475  0.843704  0.832308  0.482825  0.835700  0.766986  0.794390  0.665987  0.740632  0.850332  0.613769  0.625250  0.355152  0.096216  0.208445  0.891185  0.666340  0.842305  0.722833  0.833809  0.865936  0.757373  0.828706  0.648465  0.724536  0.904848  0.753956  0.856900  0.803016  0.727424  0.795747  0.720909  0.866893  0.693973  0.735599  0.913209  0.773130  0.949842  0.824142  0.720595  0.735628  0.783331  0.956391  0.844307  0.719743  0.810494  0.622102  0.850322  0.793281  0.787114  0.950329  0.690022  0.667504  0.854867  0.771716  0.076631 0.0 
