62
0 0.0  0.602103  0.751699  0.763571  0.655741  0.728283  0.803565  0.701759  0.378877  0.618482  0.721848  0.761865  0.285833  0.798073  0.681120  0.499105  0.208572  0.630168  0.759154  0.684607  0.742111  0.740694  0.631985  0.747596  0.640970  0.696811  0.398212  0.769174  0.461673  0.550436  0.701828  0.683252  0.472417  0.772077  0.667305  0.615782  0.586206  0.685330  0.867446  0.790786  0.752291  0.747854  0.708164  0.739973  0.285820  0.360609  0.702772  0.684374  0.754711  0.315765  0.659085  0.281075  0.623399  0.326344  0.696465  0.648489  0.694605  0.686056  0.813662  0.753587  0.675029  0.689025 
1  0.602103 0.0  0.567332  0.258562  0.788134  0.217364  0.223698  0.186574  0.612467  0.834973  0.643113  0.784985  0.757945  0.777342  0.552902  0.509071  0.766564  0.789935  0.802449  0.795992  0.735883  0.828863  0.812084  0.842265  0.177034  0.739995  0.699130  0.654569  0.737288  0.721738  0.835622  0.674054  0.739833  0.681529  0.672280  0.699331  0.692261  0.716351  0.731303  0.733665  0.714851  0.771415  0.328515  0.768645  0.783001  0.794723  0.700186  0.749265  0.704770  0.796932  0.824908  0.807649  0.609749  0.927809  0.800029  0.706871  0.571639  0.616515  0.786729  0.727132  0.876675  0.852154 
2  0.751699  0.567332 0.0  0.612736  0.991916  0.509071  0.663187  0.712118  0.726885  0.784033  0.887409  0.889047  0.527331  0.824680  0.217849  0.615430  0.710291  0.488528  0.726797  0.845385  0.886017  0.763347  0.849730  0.840601  0.627913  0.882618  0.514149  0.870838  0.700671  0.810014  0.847250  0.825183  0.794843  0.769470  0.765852  0.798685  0.766504  0.796081  0.765337  0.809222  0.871278  0.877674  0.720674  0.738803  0.740769  0.777122  0.844798  0.891814  0.840598  0.693326  0.905002  0.693336  0.242692  0.707947  0.737695  0.876420  0.319025  0.319978  0.855241  0.836018  0.689256  0.601424 
3  0.763571  0.258562  0.612736 0.0  0.731881  0.123799  0.213422  0.244495  0.764918  0.770986  0.843262  0.737938  0.679798  0.789965  0.579986  0.496795  0.754197  0.687717  0.709268  0.847434  0.846267  0.757121  0.775999  0.763056  0.242933  0.844300  0.688643  0.767627  0.649150  0.760498  0.822841  0.771706  0.793841  0.806270  0.615458  0.732930  0.783373  0.704647  0.858160  0.805214  0.769342  0.824622  0.431993  0.863951  0.846323  0.722138  0.844556  0.715236  0.666706  0.695628  0.820494  0.736648  0.640080  0.690551  0.781345  0.725961  0.562406  0.535441  0.798566  0.817803  0.837075  0.773806 
4  0.655741  0.788134  0.991916  0.731881 0.0  0.830714  0.822378  0.867854  0.659599  0.492380  0.788733  0.707411  0.699140  0.437204  0.765013  0.574651  0.767670  0.772860  0.913864  0.899761  0.151330  0.339849  0.298767  0.401970  0.780966  0.309763  0.672553  0.789939  0.868533  0.322868  0.365310  0.609947  0.342741  0.380187  0.311474  0.453856  0.317025  0.445520  0.474001  0.450529  0.293502  0.161100  0.826506  0.314715  0.794829  0.709283  0.355995  0.339977  0.504423  0.662022  0.232146  0.830067  0.829269  0.829347  0.262526  0.509426  0.735241  0.802863  0.610403  0.281461  0.797103  0.855526 
5  0.728283  0.217364  0.509071  0.123799  0.830714 0.0  0.160691  0.115068  0.706122  0.731560  0.758891  0.717735  0.796637  0.712029  0.591670  0.588061  0.795131  0.811639  0.799203  0.876937  0.868566  0.790178  0.949515  0.845735  0.246137  0.880726  0.721659  0.626824  0.691494  0.755028  0.873441  0.827053  0.861362  0.783780  0.768763  0.891843  0.814444  0.807547  0.725136  0.699182  0.814787  0.839146  0.378796  0.754927  0.682911  0.863837  0.832643  0.708033  0.870089  0.718817  0.753766  0.777910  0.682351  0.733557  0.802483  0.806669  0.544735  0.635905  0.734065  0.838819  0.824393  0.883965 
6  0.803565  0.223698  0.663187  0.213422  0.822378  0.160691 0.0  0.235552  0.657837  0.724413  0.775041  0.709675  0.750491  0.673861  0.622469  0.573605  0.732437  0.707216  0.802655  0.688934  0.836514  0.771430  0.804811  0.835119  0.215803  0.879549  0.661620  0.675395  0.594797  0.826239  0.911879  0.743538  0.797852  0.695376  0.773236  0.862177  0.880273  0.760129  0.770526  0.832404  0.686166  0.876799  0.347333  0.771234  0.690841  0.759921  0.758202  0.751488  0.791087  0.791542  0.851763  0.748557  0.597113  0.740520  0.867859  0.888949  0.546413  0.501840  0.766843  0.828685  0.765657  0.923292 
7  0.701759  0.186574  0.712118  0.244495  0.867854  0.115068  0.235552 0.0  0.651764  0.759051  0.685685  0.772175  0.874390  0.713276  0.520026  0.612598  0.732191  0.809898  0.756551  0.825861  0.876572  0.826988  0.876028  0.774055  0.285052  0.813679  0.748758  0.768839  0.674809  0.800589  0.796522  0.772073  0.790935  0.678466  0.813713  0.811339  0.796187  0.825823  0.728253  0.724565  0.770668  0.871411  0.299330  0.906223  0.857544  0.883100  0.817357  0.729047  0.855433  0.736248  0.880349  0.823365  0.634319  0.706173  0.776251  0.764678  0.442096  0.478205  0.705360  0.817149  0.779643  0.925330 
8  0.378877  0.612467  0.726885  0.764918  0.659599  0.706122  0.657837  0.651764 0.0  0.677578  0.704719  0.796047  0.377098  0.713832  0.672567  0.658149  0.501708  0.620274  0.445240  0.441620  0.737538  0.816591  0.856604  0.638322  0.679992  0.779326  0.404132  0.731699  0.363877  0.740772  0.653086  0.801623  0.674412  0.728869  0.854649  0.790680  0.746393  0.676112  0.676930  0.727859  0.818787  0.879822  0.644299  0.623168  0.472315  0.458787  0.612297  0.707842  0.703379  0.367047  0.689988  0.375141  0.623064  0.499562  0.671152  0.794416  0.660251  0.581736  0.915443  0.705344  0.375087  0.501128 
9  0.618482  0.834973  0.784033  0.770986  0.492380  0.731560  0.724413  0.759051  0.677578 0.0  0.778551  0.722167  0.507234  0.287550  0.717071  0.668817  0.571812  0.624905  0.720469  0.812019  0.520348  0.478634  0.478137  0.504102  0.738446  0.462932  0.650605  0.631507  0.837710  0.477335  0.456518  0.448257  0.314015  0.505386  0.271258  0.493890  0.545434  0.463727  0.452766  0.406943  0.513144  0.494181  0.899104  0.442097  0.674931  0.551369  0.490780  0.407638  0.475591  0.703057  0.623478  0.680956  0.746179  0.575838  0.523264  0.520344  0.860355  0.681895  0.750655  0.495219  0.757926  0.696539 
10  0.721848  0.643113  0.887409  0.843262  0.788733  0.758891  0.775041  0.685685  0.704719  0.778551 0.0  0.228477  0.816469  0.745061  0.743757  0.655430  0.950171  0.814623  0.860571  0.862763  0.767364  0.708560  0.771517  0.779741  0.716591  0.724446  0.730985  0.338992  0.904470  0.684092  0.714923  0.833654  0.754928  0.760809  0.583455  0.751678  0.783566  0.755668  0.721257  0.772089  0.763059  0.784305  0.805704  0.715988  0.736619  0.873872  0.827255  0.761023  0.756224  0.879003  0.864046  0.771209  0.899876  0.805132  0.870512  0.725050  0.756094  0.728916  0.443722  0.643377  0.827550  0.865613 
11  0.761865  0.784985  0.889047  0.737938  0.707411  0.717735  0.709675  0.772175  0.796047  0.722167  0.228477 0.0  0.922755  0.771401  0.918103  0.631346  0.793733  0.737603  0.907650  0.858879  0.691544  0.777659  0.753831  0.808223  0.745440  0.853036  0.790307  0.228733  0.858979  0.771573  0.895252  0.688226  0.850105  0.889429  0.748498  0.743027  0.768727  0.801277  0.758889  0.717547  0.814357  0.782586  0.802835  0.825729  0.898570  0.839700  0.800538  0.832029  0.788345  0.788530  0.892538  0.811251  0.862746  0.919808  0.829513  0.810979  0.716489  0.915634  0.441620  0.733357  0.869013  1.000000 
12  0.285833  0.757945  0.527331  0.679798  0.699140  0.796637  0.750491  0.874390  0.377098  0.507234  0.816469  0.922755 0.0  0.745475  0.494599  0.668558  0.434019  0.426502  0.740300  0.728394  0.637983  0.698145  0.672762  0.652911  0.614421  0.630636  0.179104  0.693872  0.399034  0.681735  0.838031  0.759552  0.779176  0.644774  0.735256  0.609135  0.682625  0.729145  0.676862  0.620429  0.756885  0.739874  0.706188  0.646705  0.430009  0.343559  0.699086  0.806593  0.658627  0.438236  0.723300  0.437792  0.606287  0.287643  0.705945  0.579500  0.525134  0.509377  0.861046  0.686609  0.693127  0.560595 
13  0.798073  0.777342  0.824680  0.789965  0.437204  0.712029  0.673861  0.713276  0.713832  0.287550  0.745061  0.771401  0.745475 0.0  0.758439  0.514151  0.882703  0.688548  0.795409  0.834055  0.466770  0.380753  0.471840  0.353877  0.743163  0.366943  0.678811  0.779239  0.701470  0.517372  0.580573  0.272591  0.523258  0.296754  0.277761  0.215685  0.387039  0.167840  0.281403  0.399464  0.249195  0.624538  0.705208  0.283262  0.729874  0.762863  0.451366  0.562354  0.308100  0.660914  0.437616  0.754399  0.926911  0.868140  0.627291  0.382557  0.750220  0.831550  0.655237  0.268484  0.668275  0.885788 
14  0.681120  0.552902  0.217849  0.579986  0.765013  0.591670  0.622469  0.520026  0.672567  0.717071  0.743757  0.918103  0.494599  0.758439 0.0  0.629741  0.782876  0.497987  0.701834  0.703749  0.858303  0.793328  0.836200  0.832023  0.483780  0.854562  0.581431  0.901487  0.623049  0.843383  0.812655  0.897610  0.819071  0.844319  0.706720  0.853028  0.870839  0.790782  0.846588  0.872969  0.809118  0.827394  0.608618  0.887350  0.673277  0.738791  0.759399  0.857333  0.821568  0.684846  0.762186  0.683067  0.120208  0.796901  0.800528  0.836650  0.178403  0.247184  0.812816  0.920647  0.782003  0.703404 
15  0.499105  0.509071  0.615430  0.496795  0.574651  0.588061  0.573605  0.612598  0.658149  0.668817  0.655430  0.631346  0.668558  0.514151  0.629741 0.0  0.597361  0.591108  0.711065  0.651506  0.536254  0.653460  0.559464  0.565136  0.469119  0.501924  0.632339  0.571671  0.694033  0.527817  0.686941  0.559759  0.570746  0.618095  0.458014  0.618045  0.589364  0.536518  0.570214  0.590928  0.488567  0.448844  0.559913  0.539075  0.660871  0.649459  0.687526  0.560856  0.645061  0.520859  0.629334  0.724593  0.666619  0.699274  0.636066  0.553349  0.518661  0.650034  0.558384  0.589721  0.643345  0.626058 
16  0.208572  0.766564  0.710291  0.754197  0.767670  0.795131  0.732437  0.732191  0.501708  0.571812  0.950171  0.793733  0.434019  0.882703  0.782876  0.597361 0.0  0.664932  0.708841  0.720946  0.738709  0.824568  0.891240  0.828505  0.718280  0.721599  0.396290  0.836021  0.492692  0.613704  0.786944  0.706946  0.561754  0.650432  0.637755  0.719931  0.837788  0.785362  0.765592  0.709768  0.825322  0.768123  0.785132  0.671014  0.270592  0.336925  0.778061  0.787155  0.718652  0.382374  0.746933  0.251693  0.773224  0.401646  0.712231  0.751138  0.742324  0.701391  0.774020  0.717725  0.684416  0.749350 
17  0.630168  0.789935  0.488528  0.687717  0.772860  0.811639  0.707216  0.809898  0.620274  0.624905  0.814623  0.737603  0.426502  0.688548  0.497987  0.591108  0.664932 0.0  0.371789  0.350892  0.610502  0.700700  0.683974  0.580920  0.732885  0.664028  0.492861  0.821908  0.648670  0.650166  0.726338  0.754011  0.782539  0.689087  0.622546  0.676645  0.783178  0.741067  0.653659  0.577213  0.738357  0.760744  0.748039  0.751021  0.534085  0.572164  0.805143  0.703096  0.730768  0.731010  0.723971  0.652683  0.531074  0.668834  0.693674  0.619316  0.534462  0.602768  0.801253  0.616214  0.438172  0.350230 
18  0.759154  0.802449  0.726797  0.709268  0.913864  0.799203  0.802655  0.756551  0.445240  0.720469  0.860571  0.907650  0.740300  0.795409  0.701834  0.711065  0.708841  0.371789 0.0  0.191914  0.853822  0.685077  0.753259  0.822492  0.770888  0.803253  0.701047  0.772494  0.675634  0.720722  0.851951  0.818500  0.820385  0.752447  0.712695  0.775784  0.848404  0.826606  0.895133  0.836333  0.830184  0.817599  0.838388  0.950560  0.790787  0.718655  0.781875  0.876683  0.780595  0.639363  0.803740  0.675099  0.735738  0.705431  0.731130  0.810426  0.766646  0.769109  0.963545  0.775053  0.174247  0.148752 
19  0.684607  0.795992  0.845385  0.847434  0.899761  0.876937  0.688934  0.825861  0.441620  0.812019  0.862763  0.858879  0.728394  0.834055  0.703749  0.651506  0.720946  0.350892  0.191914 0.0  0.844951  0.842872  0.816527  0.849663  0.794249  0.834912  0.601412  0.770770  0.657533  0.892442  0.766551  0.811140  0.840823  0.965383  0.645350  0.856970  0.764334  0.854744  0.814257  0.840221  0.790801  0.889730  0.929616  0.769147  0.710993  0.768055  0.808008  0.738091  0.895030  0.737591  0.845997  0.626620  0.723956  0.796342  0.704811  0.952131  0.798223  0.646960  0.867492  0.949046  0.191559  0.269873 
20  0.742111  0.735883  0.886017  0.846267  0.151330  0.868566  0.836514  0.876572  0.737538  0.520348  0.767364  0.691544  0.637983  0.466770  0.858303  0.536254  0.738709  0.610502  0.853822  0.844951 0.0  0.508200  0.254938  0.367262  0.883159  0.401020  0.690356  0.777716  0.824200  0.375485  0.357057  0.630444  0.453126  0.412301  0.324591  0.484548  0.413001  0.494379  0.390650  0.448104  0.441540  0.230382  0.722880  0.415389  0.757966  0.777439  0.345103  0.382056  0.452584  0.787951  0.214680  0.814493  0.923689  0.826077  0.430034  0.361490  0.740821  0.800035  0.745980  0.314347  0.965201  0.845062 
21  0.740694  0.828863  0.763347  0.757121  0.339849  0.790178  0.771430  0.826988  0.816591  0.478634  0.708560  0.777659  0.698145  0.380753  0.793328  0.653460  0.824568  0.700700  0.685077  0.842872  0.508200 0.0  0.414418  0.357988  0.738987  0.296976  0.766843  0.834970  0.866727  0.381233  0.461224  0.362645  0.479109  0.235458  0.389757  0.434605  0.239491  0.314875  0.271282  0.232218  0.311872  0.538064  0.831614  0.515182  0.857239  0.696034  0.524206  0.382385  0.188050  0.825628  0.384710  0.771638  0.722472  0.707716  0.500483  0.307780  0.822272  0.792473  0.798464  0.181452  0.840205  0.847222 
22  0.631985  0.812084  0.849730  0.775999  0.298767  0.949515  0.804811  0.876028  0.856604  0.478137  0.771517  0.753831  0.672762  0.471840  0.836200  0.559464  0.891240  0.683974  0.753259  0.816527  0.254938  0.414418 0.0  0.365106  0.830673  0.402845  0.683641  0.714974  0.821765  0.331690  0.237568  0.512695  0.384975  0.299855  0.434870  0.418517  0.469471  0.443228  0.325202  0.367096  0.423412  0.244507  0.862404  0.327629  0.773382  0.779355  0.326850  0.157715  0.352817  0.912281  0.270244  0.840332  0.824218  0.750517  0.324514  0.248181  0.810057  0.693603  0.669732  0.378560  0.749374  0.787343 
23  0.747596  0.842265  0.840601  0.763056  0.401970  0.845735  0.835119  0.774055  0.638322  0.504102  0.779741  0.808223  0.652911  0.353877  0.832023  0.565136  0.828505  0.580920  0.822492  0.849663  0.367262  0.357988  0.365106 0.0  0.721117  0.210686  0.690355  0.659829  0.848755  0.311580  0.403948  0.458546  0.352608  0.112171  0.352485  0.368186  0.349439  0.317341  0.203413  0.228472  0.358970  0.489995  0.771177  0.514525  0.821442  0.749101  0.517656  0.469033  0.186089  0.838618  0.349201  0.756187  0.761909  0.783507  0.541322  0.318582  0.669936  0.756722  0.604329  0.220460  0.831954  0.901234 
24  0.640970  0.177034  0.627913  0.242933  0.780966  0.246137  0.215803  0.285052  0.679992  0.738446  0.716591  0.745440  0.614421  0.743163  0.483780  0.469119  0.718280  0.732885  0.770888  0.794249  0.883159  0.738987  0.830673  0.721117 0.0  0.844470  0.797520  0.737269  0.560970  0.777006  0.737741  0.741033  0.718213  0.784866  0.670113  0.638572  0.844455  0.761997  0.826043  0.775997  0.789541  0.800319  0.142629  0.810784  0.730785  0.798851  0.774730  0.837367  0.812234  0.717348  0.718670  0.781032  0.729023  0.689610  0.822718  0.887756  0.542287  0.559895  0.765146  0.728706  0.780846  0.850193 
25  0.696811  0.739995  0.882618  0.844300  0.309763  0.880726  0.879549  0.813679  0.779326  0.462932  0.724446  0.853036  0.630636  0.366943  0.854562  0.501924  0.721599  0.664028  0.803253  0.834912  0.401020  0.296976  0.402845  0.210686  0.844470 0.0  0.640122  0.677010  0.764649  0.430226  0.340439  0.471597  0.315139  0.192833  0.267606  0.368101  0.192362  0.312697  0.268816  0.123452  0.175889  0.359232  0.993066  0.492912  0.709474  0.823577  0.447043  0.279513  0.143487  0.814462  0.360880  0.836128  0.743878  0.754626  0.511611  0.188047  0.878008  0.808272  0.768331  0.249711  0.777914  0.833967 
26  0.398212  0.699130  0.514149  0.688643  0.672553  0.721659  0.661620  0.748758  0.404132  0.650605  0.730985  0.790307  0.179104  0.678811  0.581431  0.632339  0.396290  0.492861  0.701047  0.601412  0.690356  0.766843  0.683641  0.690355  0.797520  0.640122 0.0  0.746741  0.463638  0.649516  0.620044  0.756158  0.696332  0.661834  0.699392  0.706645  0.646264  0.619745  0.576497  0.682777  0.816434  0.701177  0.647843  0.703421  0.381971  0.307204  0.707065  0.704566  0.679241  0.512827  0.682747  0.495187  0.564543  0.484553  0.687488  0.545758  0.551360  0.526121  0.701948  0.715607  0.720943  0.664431 
27  0.769174  0.654569  0.870838  0.767627  0.789939  0.626824  0.675395  0.768839  0.731699  0.631507  0.338992  0.228733  0.693872  0.779239  0.901487  0.571671  0.836021  0.821908  0.772494  0.770770  0.777716  0.834970  0.714974  0.659829  0.737269  0.677010  0.746741 0.0  0.889191  0.629117  0.725228  0.642188  0.782815  0.714271  0.585557  0.722537  0.682567  0.708642  0.615576  0.661560  0.724175  0.773321  0.773781  0.800983  0.865917  0.675376  0.648463  0.760564  0.762960  0.718819  0.743325  0.851222  0.780487  0.858947  0.783069  0.727589  0.884410  0.724945  0.502209  0.669233  0.893605  0.771129 
28  0.461673  0.737288  0.700671  0.649150  0.868533  0.691494  0.594797  0.674809  0.363877  0.837710  0.904470  0.858979  0.399034  0.701470  0.623049  0.694033  0.492692  0.648670  0.675634  0.657533  0.824200  0.866727  0.821765  0.848755  0.560970  0.764649  0.463638  0.889191 0.0  0.719608  0.932401  0.817028  0.788972  0.713110  0.718624  0.845743  0.766233  0.714643  0.740885  0.682966  0.887912  0.820646  0.683414  0.827458  0.448524  0.470227  0.690733  0.748522  0.758045  0.398222  0.904795  0.411380  0.732193  0.480364  0.765134  0.843150  0.742975  0.706630  0.884105  0.856401  0.644555  0.690700 
29  0.550436  0.721738  0.810014  0.760498  0.322868  0.755028  0.826239  0.800589  0.740772  0.477335  0.684092  0.771573  0.681735  0.517372  0.843383  0.527817  0.613704  0.650166  0.720722  0.892442  0.375485  0.381233  0.331690  0.311580  0.777006  0.430226  0.649516  0.629117  0.719608 0.0  0.397839  0.501841  0.196757  0.264915  0.386776  0.441957  0.366740  0.529512  0.391530  0.409468  0.265084  0.261801  0.784069  0.384711  0.602010  0.648248  0.469487  0.456000  0.391789  0.652002  0.356573  0.568702  0.840616  0.555160  0.395606  0.275213  0.690418  0.817179  0.680987  0.374446  0.777207  0.808569 
30  0.701828  0.835622  0.847250  0.822841  0.365310  0.873441  0.911879  0.796522  0.653086  0.456518  0.714923  0.895252  0.838031  0.580573  0.812655  0.686941  0.786944  0.726338  0.851951  0.766551  0.357057  0.461224  0.237568  0.403948  0.737741  0.340439  0.620044  0.725228  0.932401  0.397839 0.0  0.490390  0.360302  0.521922  0.354073  0.522922  0.421101  0.443996  0.402706  0.437346  0.352495  0.335741  0.796733  0.415371  0.761632  0.677523  0.404101  0.134061  0.422810  0.927502  0.304093  0.752725  0.825654  0.858330  0.206418  0.447103  0.778297  0.865910  0.796713  0.352377  0.844812  0.945630 
31  0.683252  0.674054  0.825183  0.771706  0.609947  0.827053  0.743538  0.772073  0.801623  0.448257  0.833654  0.688226  0.759552  0.272591  0.897610  0.559759  0.706946  0.754011  0.818500  0.811140  0.630444  0.362645  0.512695  0.458546  0.741033  0.471597  0.756158  0.642188  0.817028  0.501841  0.490390 0.0  0.463928  0.382898  0.413133  0.208930  0.210094  0.259905  0.372760  0.335855  0.381520  0.480790  0.809573  0.339751  0.728450  0.759642  0.371361  0.556005  0.444935  0.772674  0.408841  0.806214  0.800896  0.756080  0.664763  0.412292  0.820830  0.859305  0.669640  0.360413  0.871455  0.863894 
32  0.472417  0.739833  0.794843  0.793841  0.342741  0.861362  0.797852  0.790935  0.674412  0.314015  0.754928  0.850105  0.779176  0.523258  0.819071  0.570746  0.561754  0.782539  0.820385  0.840823  0.453126  0.479109  0.384975  0.352608  0.718213  0.315139  0.696332  0.782815  0.788972  0.196757  0.360302  0.463928 0.0  0.351343  0.293203  0.461489  0.412655  0.365404  0.424221  0.463943  0.358781  0.445519  0.798810  0.532013  0.583202  0.628268  0.461834  0.310002  0.499955  0.633981  0.378307  0.598510  0.844117  0.604975  0.404531  0.387542  0.780306  0.816642  0.736197  0.511937  0.852529  0.927265 
33  0.772077  0.681529  0.769470  0.806270  0.380187  0.783780  0.695376  0.678466  0.728869  0.505386  0.760809  0.889429  0.644774  0.296754  0.844319  0.618095  0.650432  0.689087  0.752447  0.965383  0.412301  0.235458  0.299855  0.112171  0.784866  0.192833  0.661834  0.714271  0.713110  0.264915  0.521922  0.382898  0.351343 0.0  0.385340  0.415082  0.330966  0.218252  0.144478  0.315088  0.276285  0.339745  0.650370  0.420358  0.747885  0.808388  0.450813  0.375077  0.276099  0.785100  0.348283  0.861401  0.842791  0.787227  0.440811  0.212826  0.888482  0.782208  0.673472  0.141843  0.902766  0.863038 
34  0.667305  0.672280  0.765852  0.615458  0.311474  0.768763  0.773236  0.813713  0.854649  0.271258  0.583455  0.748498  0.735256  0.277761  0.706720  0.458014  0.637755  0.622546  0.712695  0.645350  0.324591  0.389757  0.434870  0.352485  0.670113  0.267606  0.699392  0.585557  0.718624  0.386776  0.354073  0.413133  0.293203  0.385340 0.0  0.419234  0.314632  0.235163  0.411780  0.442394  0.413136  0.366769  0.666735  0.439950  0.708443  0.670047  0.353667  0.262010  0.425816  0.757998  0.381516  0.823644  0.748217  0.777984  0.427702  0.337325  0.667966  0.786841  0.708161  0.253229  0.761152  0.768219 
35  0.615782  0.699331  0.798685  0.732930  0.453856  0.891843  0.862177  0.811339  0.790680  0.493890  0.751678  0.743027  0.609135  0.215685  0.853028  0.618045  0.719931  0.676645  0.775784  0.856970  0.484548  0.434605  0.418517  0.368186  0.638572  0.368101  0.706645  0.722537  0.845743  0.441957  0.522922  0.208930  0.461489  0.415082  0.419234 0.0  0.222659  0.125831  0.398330  0.324952  0.291718  0.383811  0.838873  0.323405  0.738217  0.722146  0.300525  0.457514  0.295372  0.885787  0.533155  0.732592  0.829880  0.744098  0.557789  0.357198  0.724121  0.790342  0.642301  0.393248  0.847388  0.774476 
36  0.586206  0.692261  0.766504  0.783373  0.317025  0.814444  0.880273  0.796187  0.746393  0.545434  0.783566  0.768727  0.682625  0.387039  0.870839  0.589364  0.837788  0.783178  0.848404  0.764334  0.413001  0.239491  0.469471  0.349439  0.844455  0.192362  0.646264  0.682567  0.766233  0.366740  0.421101  0.210094  0.412655  0.330966  0.314632  0.222659 0.0  0.256649  0.280133  0.185376  0.296330  0.416430  0.780779  0.518190  0.797042  0.744979  0.502916  0.421740  0.193045  0.897420  0.492520  0.906908  0.870398  0.788823  0.323298  0.201824  0.771393  0.821613  0.721623  0.122506  0.799064  0.833466 
37  0.685330  0.716351  0.796081  0.704647  0.445520  0.807547  0.760129  0.825823  0.676112  0.463727  0.755668  0.801277  0.729145  0.167840  0.790782  0.536518  0.785362  0.741067  0.826606  0.854744  0.494379  0.314875  0.443228  0.317341  0.761997  0.312697  0.619745  0.708642  0.714643  0.529512  0.443996  0.259905  0.365404  0.218252  0.235163  0.125831  0.256649 0.0  0.237630  0.376819  0.326266  0.469393  0.804725  0.357776  0.789844  0.743753  0.285844  0.420422  0.301991  0.835049  0.402247  0.918727  0.832458  0.775485  0.408034  0.369972  0.761098  0.909818  0.666310  0.340482  0.807837  0.889190 
38  0.867446  0.731303  0.765337  0.858160  0.474001  0.725136  0.770526  0.728253  0.676930  0.452766  0.721257  0.758889  0.676862  0.281403  0.846588  0.570214  0.765592  0.653659  0.895133  0.814257  0.390650  0.271282  0.325202  0.203413  0.826043  0.268816  0.576497  0.615576  0.740885  0.391530  0.402706  0.372760  0.424221  0.144478  0.411780  0.398330  0.280133  0.237630 0.0  0.273234  0.282973  0.530520  0.796523  0.408548  0.706649  0.710988  0.553511  0.489618  0.228471  0.776710  0.346695  0.838410  0.702687  0.744327  0.397964  0.224082  0.803155  0.892103  0.740382  0.243245  0.653855  0.785166 
39  0.790786  0.733665  0.809222  0.805214  0.450529  0.699182  0.832404  0.724565  0.727859  0.406943  0.772089  0.717547  0.620429  0.399464  0.872969  0.590928  0.709768  0.577213  0.836333  0.840221  0.448104  0.232218  0.367096  0.228472  0.775997  0.123452  0.682777  0.661560  0.682966  0.409468  0.437346  0.335855  0.463943  0.315088  0.442394  0.324952  0.185376  0.376819  0.273234 0.0  0.220422  0.350419  0.796806  0.510237  0.721583  0.712181  0.631622  0.511085  0.261153  0.712005  0.391215  0.852360  0.672692  0.855525  0.228209  0.255758  0.847849  0.788622  0.685927  0.162017  0.821272  0.757848 
40  0.752291  0.714851  0.871278  0.769342  0.293502  0.814787  0.686166  0.770668  0.818787  0.513144  0.763059  0.814357  0.756885  0.249195  0.809118  0.488567  0.825322  0.738357  0.830184  0.790801  0.441540  0.311872  0.423412  0.358970  0.789541  0.175889  0.816434  0.724175  0.887912  0.265084  0.352495  0.381520  0.358781  0.276285  0.413136  0.291718  0.296330  0.326266  0.282973  0.220422 0.0  0.398180  0.783471  0.442694  0.736874  0.799260  0.452787  0.270986  0.288176  0.822125  0.389600  0.829172  0.907880  0.803398  0.374170  0.240965  0.803400  0.837450  0.732813  0.181092  0.852840  0.840238 
41  0.747854  0.771415  0.877674  0.824622  0.161100  0.839146  0.876799  0.871411  0.879822  0.494181  0.784305  0.782586  0.739874  0.624538  0.827394  0.448844  0.768123  0.760744  0.817599  0.889730  0.230382  0.538064  0.244507  0.489995  0.800319  0.359232  0.701177  0.773321  0.820646  0.261801  0.335741  0.480790  0.445519  0.339745  0.366769  0.383811  0.416430  0.469393  0.530520  0.350419  0.398180 0.0  0.835614  0.264060  0.787816  0.783216  0.403364  0.330735  0.407389  0.831103  0.295306  0.796025  0.769938  0.672701  0.422712  0.425111  0.847728  0.795237  0.676167  0.405184  0.834284  0.951799 
42  0.708164  0.328515  0.720674  0.431993  0.826506  0.378796  0.347333  0.299330  0.644299  0.899104  0.805704  0.802835  0.706188  0.705208  0.608618  0.559913  0.785132  0.748039  0.838388  0.929616  0.722880  0.831614  0.862404  0.771177  0.142629  0.993066  0.647843  0.773781  0.683414  0.784069  0.796733  0.809573  0.798810  0.650370  0.666735  0.838873  0.780779  0.804725  0.796523  0.796806  0.783471  0.835614 0.0  0.699465  0.802420  0.758422  0.777965  0.806838  0.872262  0.795602  0.893872  0.754364  0.612837  0.728626  0.766671  0.833236  0.560847  0.552377  0.673416  0.860682  0.787182  0.877685 
43  0.739973  0.768645  0.738803  0.863951  0.314715  0.754927  0.771234  0.906223  0.623168  0.442097  0.715988  0.825729  0.646705  0.283262  0.887350  0.539075  0.671014  0.751021  0.950560  0.769147  0.415389  0.515182  0.327629  0.514525  0.810784  0.492912  0.703421  0.800983  0.827458  0.384711  0.415371  0.339751  0.532013  0.420358  0.439950  0.323405  0.518190  0.357776  0.408548  0.510237  0.442694  0.264060  0.699465 0.0  0.748668  0.795960  0.193725  0.441997  0.435663  0.810836  0.336811  0.804760  0.893314  0.767759  0.389965  0.465795  0.680805  0.775761  0.715282  0.414783  0.863831  0.784071 
44  0.285820  0.783001  0.740769  0.846323  0.794829  0.682911  0.690841  0.857544  0.472315  0.674931  0.736619  0.898570  0.430009  0.729874  0.673277  0.660871  0.270592  0.534085  0.790787  0.710993  0.757966  0.857239  0.773382  0.821442  0.730785  0.709474  0.381971  0.865917  0.448524  0.602010  0.761632  0.728450  0.583202  0.747885  0.708443  0.738217  0.797042  0.789844  0.706649  0.721583  0.736874  0.787816  0.802420  0.748668 0.0  0.227407  0.705356  0.703762  0.841900  0.218180  0.811949  0.242198  0.672413  0.306806  0.851218  0.759751  0.744827  0.777788  0.808315  0.802525  0.822638  0.752801 
45  0.360609  0.794723  0.777122  0.722138  0.709283  0.863837  0.759921  0.883100  0.458787  0.551369  0.873872  0.839700  0.343559  0.762863  0.738791  0.649459  0.336925  0.572164  0.718655  0.768055  0.777439  0.696034  0.779355  0.749101  0.798851  0.823577  0.307204  0.675376  0.470227  0.648248  0.677523  0.759642  0.628268  0.808388  0.670047  0.722146  0.744979  0.743753  0.710988  0.712181  0.799260  0.783216  0.758422  0.795960  0.227407 0.0  0.822995  0.650475  0.667083  0.390395  0.756905  0.352200  0.778437  0.295263  0.692355  0.722850  0.710600  0.713764  0.846655  0.824538  0.753998  0.620220 
46  0.702772  0.700186  0.844798  0.844556  0.355995  0.832643  0.758202  0.817357  0.612297  0.490780  0.827255  0.800538  0.699086  0.451366  0.759399  0.687526  0.778061  0.805143  0.781875  0.808008  0.345103  0.524206  0.326850  0.517656  0.774730  0.447043  0.707065  0.648463  0.690733  0.469487  0.404101  0.371361  0.461834  0.450813  0.353667  0.300525  0.502916  0.285844  0.553511  0.631622  0.452787  0.403364  0.777965  0.193725  0.705356  0.822995 0.0  0.487252  0.539464  0.915191  0.360693  0.713294  0.821613  0.874537  0.520912  0.624926  0.703065  0.843162  0.647039  0.619476  0.804622  0.766541 
47  0.684374  0.749265  0.891814  0.715236  0.339977  0.708033  0.751488  0.729047  0.707842  0.407638  0.761023  0.832029  0.806593  0.562354  0.857333  0.560856  0.787155  0.703096  0.876683  0.738091  0.382056  0.382385  0.157715  0.469033  0.837367  0.279513  0.704566  0.760564  0.748522  0.456000  0.134061  0.556005  0.310002  0.375077  0.262010  0.457514  0.421740  0.420422  0.489618  0.511085  0.270986  0.330735  0.806838  0.441997  0.703762  0.650475  0.487252 0.0  0.442229  0.728535  0.325674  0.789210  0.763179  0.769593  0.251282  0.404281  0.861042  0.782014  0.683833  0.374844  0.886724  0.879957 
48  0.754711  0.704770  0.840598  0.666706  0.504423  0.870089  0.791087  0.855433  0.703379  0.475591  0.756224  0.788345  0.658627  0.308100  0.821568  0.645061  0.718652  0.730768  0.780595  0.895030  0.452584  0.188050  0.352817  0.186089  0.812234  0.143487  0.679241  0.762960  0.758045  0.391789  0.422810  0.444935  0.499955  0.276099  0.425816  0.295372  0.193045  0.301991  0.228471  0.261153  0.288176  0.407389  0.872262  0.435663  0.841900  0.667083  0.539464  0.442229 0.0  0.730584  0.302096  0.886117  0.804716  0.838914  0.582141  0.258567  0.796763  0.855157  0.669048  0.273896  0.890782  0.859285 
49  0.315765  0.796932  0.693326  0.695628  0.662022  0.718817  0.791542  0.736248  0.367047  0.703057  0.879003  0.788530  0.438236  0.660914  0.684846  0.520859  0.382374  0.731010  0.639363  0.737591  0.787951  0.825628  0.912281  0.838618  0.717348  0.814462  0.512827  0.718819  0.398222  0.652002  0.927502  0.772674  0.633981  0.785100  0.757998  0.885787  0.897420  0.835049  0.776710  0.712005  0.822125  0.831103  0.795602  0.810836  0.218180  0.390395  0.915191  0.728535  0.730584 0.0  0.863048  0.262564  0.651409  0.396542  0.823811  0.848201  0.775601  0.777819  0.843477  0.764663  0.561535  0.615330 
50  0.659085  0.824908  0.905002  0.820494  0.232146  0.753766  0.851763  0.880349  0.689988  0.623478  0.864046  0.892538  0.723300  0.437616  0.762186  0.629334  0.746933  0.723971  0.803740  0.845997  0.214680  0.384710  0.270244  0.349201  0.718670  0.360880  0.682747  0.743325  0.904795  0.356573  0.304093  0.408841  0.378307  0.348283  0.381516  0.533155  0.492520  0.402247  0.346695  0.391215  0.389600  0.295306  0.893872  0.336811  0.811949  0.756905  0.360693  0.325674  0.302096  0.863048 0.0  0.830848  0.810642  0.801114  0.341010  0.360229  0.759512  0.759315  0.703576  0.312946  0.793403  0.802807 
51  0.281075  0.807649  0.693336  0.736648  0.830067  0.777910  0.748557  0.823365  0.375141  0.680956  0.771209  0.811251  0.437792  0.754399  0.683067  0.724593  0.251693  0.652683  0.675099  0.626620  0.814493  0.771638  0.840332  0.756187  0.781032  0.836128  0.495187  0.851222  0.411380  0.568702  0.752725  0.806214  0.598510  0.861401  0.823644  0.732592  0.906908  0.918727  0.838410  0.852360  0.829172  0.796025  0.754364  0.804760  0.242198  0.352200  0.713294  0.789210  0.886117  0.262564  0.830848 0.0  0.635287  0.265954  0.704284  0.846442  0.787362  0.746285  0.761725  0.824026  0.682597  0.645817 
52  0.623399  0.609749  0.242692  0.640080  0.829269  0.682351  0.597113  0.634319  0.623064  0.746179  0.899876  0.862746  0.606287  0.926911  0.120208  0.666619  0.773224  0.531074  0.735738  0.723956  0.923689  0.722472  0.824218  0.761909  0.729023  0.743878  0.564543  0.780487  0.732193  0.840616  0.825654  0.800896  0.844117  0.842791  0.748217  0.829880  0.870398  0.832458  0.702687  0.672692  0.907880  0.769938  0.612837  0.893314  0.672413  0.778437  0.821613  0.763179  0.804716  0.651409  0.810642  0.635287 0.0  0.725347  0.877811  0.800280  0.261811  0.284651  0.832972  0.831744  0.778307  0.703352 
53  0.326344  0.927809  0.707947  0.690551  0.829347  0.733557  0.740520  0.706173  0.499562  0.575838  0.805132  0.919808  0.287643  0.868140  0.796901  0.699274  0.401646  0.668834  0.705431  0.796342  0.826077  0.707716  0.750517  0.783507  0.689610  0.754626  0.484553  0.858947  0.480364  0.555160  0.858330  0.756080  0.604975  0.787227  0.777984  0.744098  0.788823  0.775485  0.744327  0.855525  0.803398  0.672701  0.728626  0.767759  0.306806  0.295263  0.874537  0.769593  0.838914  0.396542  0.801114  0.265954  0.725347 0.0  0.705099  0.778121  0.752090  0.797282  0.769958  0.748087  0.689305  0.753577 
54  0.696465  0.800029  0.737695  0.781345  0.262526  0.802483  0.867859  0.776251  0.671152  0.523264  0.870512  0.829513  0.705945  0.627291  0.800528  0.636066  0.712231  0.693674  0.731130  0.704811  0.430034  0.500483  0.324514  0.541322  0.822718  0.511611  0.687488  0.783069  0.765134  0.395606  0.206418  0.664763  0.404531  0.440811  0.427702  0.557789  0.323298  0.408034  0.397964  0.228209  0.374170  0.422712  0.766671  0.389965  0.851218  0.692355  0.520912  0.251282  0.582141  0.823811  0.341010  0.704284  0.877811  0.705099 0.0  0.493212  0.735676  0.759509  0.680223  0.489408  0.867009  0.801730 
55  0.648489  0.706871  0.876420  0.725961  0.509426  0.806669  0.888949  0.764678  0.794416  0.520344  0.725050  0.810979  0.579500  0.382557  0.836650  0.553349  0.751138  0.619316  0.810426  0.952131  0.361490  0.307780  0.248181  0.318582  0.887756  0.188047  0.545758  0.727589  0.843150  0.275213  0.447103  0.412292  0.387542  0.212826  0.337325  0.357198  0.201824  0.369972  0.224082  0.255758  0.240965  0.425111  0.833236  0.465795  0.759751  0.722850  0.624926  0.404281  0.258567  0.848201  0.360229  0.846442  0.800280  0.778121  0.493212 0.0  0.822540  0.803194  0.623806  0.245059  0.790779  0.826905 
56  0.694605  0.571639  0.319025  0.562406  0.735241  0.544735  0.546413  0.442096  0.660251  0.860355  0.756094  0.716489  0.525134  0.750220  0.178403  0.518661  0.742324  0.534462  0.766646  0.798223  0.740821  0.822272  0.810057  0.669936  0.542287  0.878008  0.551360  0.884410  0.742975  0.690418  0.778297  0.820830  0.780306  0.888482  0.667966  0.724121  0.771393  0.761098  0.803155  0.847849  0.803400  0.847728  0.560847  0.680805  0.744827  0.710600  0.703065  0.861042  0.796763  0.775601  0.759512  0.787362  0.261811  0.752090  0.735676  0.822540 0.0  0.209559  0.587826  0.711885  0.648426  0.754074 
57  0.686056  0.616515  0.319978  0.535441  0.802863  0.635905  0.501840  0.478205  0.581736  0.681895  0.728916  0.915634  0.509377  0.831550  0.247184  0.650034  0.701391  0.602768  0.769109  0.646960  0.800035  0.792473  0.693603  0.756722  0.559895  0.808272  0.526121  0.724945  0.706630  0.817179  0.865910  0.859305  0.816642  0.782208  0.786841  0.790342  0.821613  0.909818  0.892103  0.788622  0.837450  0.795237  0.552377  0.775761  0.777788  0.713764  0.843162  0.782014  0.855157  0.777819  0.759315  0.746285  0.284651  0.797282  0.759509  0.803194  0.209559 0.0  0.759927  0.824042  0.831973  0.803400 
58  0.813662  0.786729  0.855241  0.798566  0.610403  0.734065  0.766843  0.705360  0.915443  0.750655  0.443722  0.441620  0.861046  0.655237  0.812816  0.558384  0.774020  0.801253  0.963545  0.867492  0.745980  0.798464  0.669732  0.604329  0.765146  0.768331  0.701948  0.502209  0.884105  0.680987  0.796713  0.669640  0.736197  0.673472  0.708161  0.642301  0.721623  0.666310  0.740382  0.685927  0.732813  0.676167  0.673416  0.715282  0.808315  0.846655  0.647039  0.683833  0.669048  0.843477  0.703576  0.761725  0.832972  0.769958  0.680223  0.623806  0.587826  0.759927 0.0  0.641157  0.817317  0.848053 
59  0.753587  0.727132  0.836018  0.817803  0.281461  0.838819  0.828685  0.817149  0.705344  0.495219  0.643377  0.733357  0.686609  0.268484  0.920647  0.589721  0.717725  0.616214  0.775053  0.949046  0.314347  0.181452  0.378560  0.220460  0.728706  0.249711  0.715607  0.669233  0.856401  0.374446  0.352377  0.360413  0.511937  0.141843  0.253229  0.393248  0.122506  0.340482  0.243245  0.162017  0.181092  0.405184  0.860682  0.414783  0.802525  0.824538  0.619476  0.374844  0.273896  0.764663  0.312946  0.824026  0.831744  0.748087  0.489408  0.245059  0.711885  0.824042  0.641157 0.0  0.836375  0.816738 
60  0.675029  0.876675  0.689256  0.837075  0.797103  0.824393  0.765657  0.779643  0.375087  0.757926  0.827550  0.869013  0.693127  0.668275  0.782003  0.643345  0.684416  0.438172  0.174247  0.191559  0.965201  0.840205  0.749374  0.831954  0.780846  0.777914  0.720943  0.893605  0.644555  0.777207  0.844812  0.871455  0.852529  0.902766  0.761152  0.847388  0.799064  0.807837  0.653855  0.821272  0.852840  0.834284  0.787182  0.863831  0.822638  0.753998  0.804622  0.886724  0.890782  0.561535  0.793403  0.682597  0.778307  0.689305  0.867009  0.790779  0.648426  0.831973  0.817317  0.836375 0.0  0.216909 
61  0.689025  0.852154  0.601424  0.773806  0.855526  0.883965  0.923292  0.925330  0.501128  0.696539  0.865613  1.000000  0.560595  0.885788  0.703404  0.626058  0.749350  0.350230  0.148752  0.269873  0.845062  0.847222  0.787343  0.901234  0.850193  0.833967  0.664431  0.771129  0.690700  0.808569  0.945630  0.863894  0.927265  0.863038  0.768219  0.774476  0.833466  0.889190  0.785166  0.757848  0.840238  0.951799  0.877685  0.784071  0.752801  0.620220  0.766541  0.879957  0.859285  0.615330  0.802807  0.645817  0.703352  0.753577  0.801730  0.826905  0.754074  0.803400  0.848053  0.816738  0.216909 0.0 
