62
0 0.0  0.596090  0.653170  0.772964  0.740116  0.649208  0.622418  0.666690  0.392680  0.456117  0.725034  0.787239  0.382286  0.638022  0.700763  0.497559  0.210097  0.582817  0.706001  0.713472  0.671242  0.836093  0.685408  0.626575  0.644595  0.679273  0.426011  0.762136  0.502714  0.505346  0.758383  0.674494  0.445437  0.695306  0.619260  0.635824  0.706388  0.670561  0.764110  0.696716  0.566071  0.758623  0.657709  0.724509  0.328212  0.263244  0.670989  0.745840  0.714067  0.360734  0.691922  0.319133  0.689460  0.329351  0.715216  0.729658  0.729891  0.684173  0.658262  0.665142  0.817674  0.637481 
1  0.596090 0.0  0.557471  0.243227  0.722353  0.299882  0.152886  0.167185  0.571273  0.735963  0.746595  0.753667  0.629551  0.658826  0.714208  0.449316  0.779345  0.624428  0.733922  0.813981  0.782644  0.832277  0.754035  0.756724  0.233462  0.635400  0.684845  0.747968  0.595114  0.714033  0.724188  0.677714  0.813225  0.796588  0.571362  0.795684  0.668740  0.704282  0.722021  0.708228  0.837634  0.794650  0.385705  0.847457  0.876352  0.667608  0.799851  0.695702  0.770656  0.753409  0.875841  0.846383  0.543561  0.766406  0.852516  0.841992  0.484886  0.562280  0.686742  0.741985  0.766381  0.821471 
2  0.653170  0.557471 0.0  0.619349  0.801379  0.597433  0.578557  0.483576  0.684255  0.749998  0.871945  0.874009  0.555865  0.888628  0.298465  0.759913  0.688499  0.460385  0.676708  0.781465  0.880744  0.802260  0.814413  0.701255  0.633722  0.844534  0.418377  0.751345  0.671765  0.800641  0.781719  0.835104  0.830431  0.776814  0.750770  0.796412  0.783711  0.823258  0.941406  0.865574  0.861301  0.798922  0.683318  0.792947  0.747862  0.780579  0.807256  0.811190  0.834940  0.697656  0.813635  0.733282  0.298096  0.719758  0.766688  0.809955  0.274851  0.318680  0.820589  0.839510  0.732936  0.628675 
3  0.772964  0.243227  0.619349 0.0  0.778398  0.199438  0.278613  0.090341  0.758970  0.790061  0.733093  0.781757  0.670373  0.728367  0.640981  0.610022  0.787936  0.631506  0.757951  0.869606  0.791672  0.789612  0.786384  0.731224  0.220577  0.827254  0.566963  0.743966  0.583805  0.835815  0.765116  0.686718  0.755085  0.762140  0.652989  0.798927  0.775966  0.781098  0.720202  0.775226  0.750006  0.832951  0.363319  0.769763  0.653743  0.798622  0.872403  0.719077  0.711590  0.729778  0.747498  0.794944  0.532946  0.728834  0.778632  0.755573  0.465733  0.623057  0.626656  0.799321  0.782682  0.815200 
4  0.740116  0.722353  0.801379  0.778398 0.0  0.743343  0.835834  0.773011  0.833833  0.516495  0.619285  0.827621  0.712405  0.500789  0.754075  0.538681  0.736134  0.687261  0.814631  0.826058  0.125725  0.411588  0.277665  0.412541  0.772133  0.375890  0.673187  0.803852  0.774272  0.314160  0.267528  0.555733  0.323045  0.379779  0.308715  0.433419  0.331730  0.420595  0.447921  0.359027  0.451498  0.102811  0.833934  0.353227  0.772583  0.795502  0.352542  0.237237  0.425963  0.703769  0.208640  0.799231  0.819118  0.782480  0.318764  0.412654  0.764558  0.855033  0.720406  0.360166  0.942729  0.912871 
5  0.649208  0.299882  0.597433  0.199438  0.743343 0.0  0.082925  0.124149  0.668504  0.770865  0.673284  0.701409  0.795602  0.741625  0.583904  0.508475  0.769128  0.697314  0.891507  0.812872  0.809434  0.768296  0.852819  0.787145  0.309825  0.706460  0.694697  0.771860  0.635244  0.862120  0.860778  0.814485  0.783068  0.726069  0.626362  0.797510  0.881978  0.668526  0.677066  0.849145  0.780860  0.824543  0.390962  0.695970  0.747768  0.711058  0.763885  0.786111  0.742800  0.745392  0.941321  0.764054  0.550270  0.690167  0.776743  0.756705  0.513943  0.661637  0.806307  0.803211  0.891644  0.822447 
6  0.622418  0.152886  0.578557  0.278613  0.835834  0.082925 0.0  0.120189  0.654684  0.776727  0.758175  0.750648  0.726833  0.800079  0.505546  0.524549  0.748970  0.756210  0.776675  0.799773  0.755572  0.953593  0.828849  0.676498  0.209584  0.768106  0.795281  0.758898  0.644581  0.807946  0.692786  0.730427  0.727492  0.757187  0.645469  0.886735  0.785200  0.748122  0.913483  0.693892  0.767463  0.804922  0.331384  0.783114  0.707019  0.764888  0.775445  0.761220  0.849395  0.775069  0.856166  0.836138  0.510109  0.676247  0.770823  0.740540  0.496842  0.551341  0.738478  0.684454  0.784856  0.786187 
7  0.666690  0.167185  0.483576  0.090341  0.773011  0.124149  0.120189 0.0  0.609492  0.850736  0.758753  0.753395  0.776097  0.745253  0.577172  0.519596  0.776927  0.688952  0.757590  0.813577  0.849830  0.706423  0.690052  0.783601  0.203226  0.699093  0.660839  0.728534  0.618299  0.880996  0.844605  0.730392  0.647069  0.795202  0.707186  0.786767  0.839098  0.734599  0.764904  0.754197  0.798581  0.895308  0.324942  0.745480  0.797620  0.847275  0.771700  0.750520  0.864038  0.694284  0.775023  0.791085  0.560688  0.715097  0.875539  0.768000  0.594499  0.548159  0.776047  0.754334  0.797308  0.738114 
8  0.392680  0.571273  0.684255  0.758970  0.833833  0.668504  0.654684  0.609492 0.0  0.609556  0.793017  0.770065  0.390440  0.669877  0.687441  0.585231  0.390020  0.745614  0.386219  0.467718  0.785111  0.574218  0.698927  0.722120  0.685916  0.799570  0.429894  0.754345  0.366386  0.689548  0.680932  0.730442  0.755811  0.707572  0.605376  0.648074  0.767516  0.694248  0.657988  0.745470  0.730597  0.789959  0.747973  0.668620  0.387041  0.438918  0.602748  0.691262  0.675199  0.419006  0.695607  0.306559  0.618695  0.313973  0.656203  0.758238  0.667157  0.721606  0.798822  0.742124  0.483615  0.453994 
9  0.456117  0.735963  0.749998  0.790061  0.516495  0.770865  0.776727  0.850736  0.609556 0.0  0.585287  0.699655  0.705562  0.413437  0.782467  0.619712  0.470429  0.700320  0.757475  0.805581  0.489538  0.490955  0.453642  0.512793  0.797992  0.455319  0.735929  0.747188  0.707289  0.314774  0.491554  0.320276  0.430353  0.579144  0.275541  0.337681  0.443876  0.406767  0.559413  0.504872  0.508268  0.520096  0.842672  0.357465  0.528341  0.617709  0.437365  0.574140  0.490663  0.613316  0.499546  0.577539  0.821142  0.686653  0.497659  0.575392  0.670827  0.660281  0.806103  0.481747  0.791616  0.755784 
10  0.725034  0.746595  0.871945  0.733093  0.619285  0.673284  0.758175  0.758753  0.793017  0.585287 0.0  0.201871  0.841220  0.715162  0.763301  0.570251  0.802507  0.721941  0.828992  0.791119  0.730013  0.777501  0.774899  0.671414  0.675859  0.690086  0.819218  0.242498  0.834389  0.672379  0.806481  0.738392  0.751606  0.717470  0.714942  0.816014  0.831502  0.745835  0.761543  0.682587  0.714751  0.745820  0.680205  0.747021  0.838351  0.757991  0.788419  0.625286  0.780274  0.864585  0.730818  0.766814  0.812836  0.893148  0.755126  0.647725  0.685208  0.789463  0.421384  0.673221  0.809899  0.853207 
11  0.787239  0.753667  0.874009  0.781757  0.827621  0.701409  0.750648  0.753395  0.770065  0.699655  0.201871 0.0  0.826062  0.688182  0.858915  0.607963  0.865014  0.622506  0.743124  0.878593  0.656277  0.727799  0.728651  0.714596  0.684442  0.735172  0.816156  0.229715  0.862991  0.803841  0.776927  0.812483  0.746376  0.836004  0.573485  0.760053  0.699257  0.778910  0.772035  0.736767  0.778670  0.759367  0.793912  0.818554  0.724684  0.799010  0.914805  0.749998  0.784674  0.753484  0.621574  0.833797  0.824138  0.833300  0.807005  0.735694  0.719306  0.895550  0.425801  0.715588  0.884615  1.000000 
12  0.382286  0.629551  0.555865  0.670373  0.712405  0.795602  0.726833  0.776097  0.390440  0.705562  0.841220  0.826062 0.0  0.562686  0.571045  0.620756  0.534004  0.376122  0.789199  0.580326  0.729874  0.618018  0.595247  0.679847  0.683431  0.657367  0.147005  0.749707  0.391129  0.688453  0.633788  0.715263  0.572217  0.727111  0.661570  0.585950  0.570816  0.564371  0.768052  0.716692  0.607268  0.748105  0.791272  0.643020  0.487303  0.370224  0.666438  0.700583  0.663729  0.545615  0.581415  0.527380  0.398359  0.306601  0.694447  0.646724  0.521548  0.468519  0.844380  0.730978  0.646934  0.668726 
13  0.638022  0.658826  0.888628  0.728367  0.500789  0.741625  0.800079  0.745253  0.669877  0.413437  0.715162  0.688182  0.562686 0.0  0.894676  0.479436  0.705119  0.750933  0.773314  0.809614  0.449675  0.270885  0.478524  0.373785  0.737295  0.414202  0.670429  0.732525  0.694129  0.407133  0.562659  0.256900  0.456509  0.380747  0.240867  0.169403  0.477643  0.194075  0.325736  0.333646  0.440712  0.512820  0.740211  0.281095  0.745878  0.784140  0.409134  0.472133  0.343845  0.843654  0.495237  0.760526  0.819680  0.734177  0.567926  0.336066  0.750235  0.753699  0.755808  0.311065  0.791514  0.893789 
14  0.700763  0.714208  0.298465  0.640981  0.754075  0.583904  0.505546  0.577172  0.687441  0.782467  0.763301  0.858915  0.571045  0.894676 0.0  0.548631  0.710830  0.478542  0.694307  0.763946  0.872033  0.682182  0.799844  0.832734  0.618383  0.819392  0.589481  0.833452  0.621340  0.784530  0.845408  0.824638  0.793394  0.806328  0.861021  0.759190  0.848914  0.761956  0.828872  0.851501  0.741052  0.793483  0.648419  0.878267  0.778080  0.759433  0.822262  0.826636  0.715687  0.632518  0.820383  0.703319  0.198878  0.689046  0.761393  0.826247  0.279237  0.255287  0.696405  0.809469  0.690655  0.818131 
15  0.497559  0.449316  0.759913  0.610022  0.538681  0.508475  0.524549  0.519596  0.585231  0.619712  0.570251  0.607963  0.620756  0.479436  0.548631 0.0  0.627060  0.579733  0.640481  0.554415  0.605911  0.576397  0.623584  0.505817  0.392580  0.582222  0.662522  0.550627  0.647922  0.538506  0.606642  0.703059  0.546863  0.588698  0.527772  0.571023  0.578646  0.540715  0.643838  0.632324  0.499480  0.548751  0.430046  0.534576  0.676441  0.687990  0.588049  0.563505  0.623534  0.586182  0.553665  0.628071  0.604638  0.533455  0.593953  0.589322  0.497145  0.652016  0.592502  0.569690  0.739139  0.631215 
16  0.210097  0.779345  0.688499  0.787936  0.736134  0.769128  0.748970  0.776927  0.390020  0.470429  0.802507  0.865014  0.534004  0.705119  0.710830  0.627060 0.0  0.583258  0.689152  0.806684  0.636146  0.814344  0.745183  0.720063  0.787203  0.775976  0.370156  0.804927  0.437043  0.635598  0.742050  0.682457  0.550078  0.746204  0.630268  0.858900  0.710493  0.726926  0.774623  0.588157  0.709503  0.755041  0.767650  0.703139  0.308702  0.383031  0.615151  0.692790  0.732110  0.271632  0.727040  0.282951  0.687058  0.382159  0.683500  0.893597  0.742829  0.612729  0.751395  0.698628  0.676104  0.739236 
17  0.582817  0.624428  0.460385  0.631506  0.687261  0.697314  0.756210  0.688952  0.745614  0.700320  0.721941  0.622506  0.376122  0.750933  0.478542  0.579733  0.583258 0.0  0.309115  0.316541  0.683495  0.692347  0.676065  0.675193  0.737497  0.596650  0.456540  0.690103  0.744029  0.684593  0.667093  0.646398  0.643101  0.676946  0.658724  0.803661  0.669152  0.740852  0.595586  0.700295  0.607421  0.688384  0.749839  0.551851  0.666413  0.605623  0.657624  0.750451  0.715286  0.718045  0.562766  0.690684  0.479064  0.739957  0.676782  0.648963  0.508002  0.453131  0.796443  0.676893  0.323548  0.424346 
18  0.706001  0.733922  0.676708  0.757951  0.814631  0.891507  0.776675  0.757590  0.386219  0.757475  0.828992  0.743124  0.789199  0.773314  0.694307  0.640481  0.689152  0.309115 0.0  0.273470  0.775098  0.704662  0.765662  0.718980  0.838348  0.734549  0.722675  0.755616  0.687697  0.758064  0.719672  0.862691  0.756310  0.876318  0.728135  0.870825  0.834998  0.655020  0.709098  0.789332  0.703917  0.828030  0.736747  0.855136  0.716977  0.759981  0.710609  0.746120  0.836985  0.700323  0.845321  0.598452  0.628256  0.656904  0.786457  0.785335  0.689002  0.704826  0.862258  0.794811  0.154481  0.207684 
19  0.713472  0.813981  0.781465  0.869606  0.826058  0.812872  0.799773  0.813577  0.467718  0.805581  0.791119  0.878593  0.580326  0.809614  0.763946  0.554415  0.806684  0.316541  0.273470 0.0  0.799326  0.755508  0.870671  0.709909  0.788883  0.708657  0.500758  0.865958  0.610520  0.805771  0.760580  0.900449  0.711310  0.832267  0.736058  0.737592  0.749006  0.782923  0.669639  0.803287  0.797805  0.950810  0.763657  0.816268  0.741260  0.693376  0.802141  0.823190  0.717918  0.635633  0.814745  0.689025  0.707540  0.682085  0.695476  0.757457  0.731970  0.812490  0.776262  0.883433  0.259804  0.212261 
20  0.671242  0.782644  0.880744  0.791672  0.125725  0.809434  0.755572  0.849830  0.785111  0.489538  0.730013  0.656277  0.729874  0.449675  0.872033  0.605911  0.636146  0.683495  0.775098  0.799326 0.0  0.441077  0.184795  0.445512  0.798211  0.270446  0.645099  0.732985  0.774507  0.345967  0.372922  0.592378  0.358483  0.306997  0.368737  0.440057  0.416691  0.435944  0.537418  0.339921  0.464969  0.253341  0.803576  0.361124  0.732664  0.735597  0.414405  0.370594  0.484706  0.849473  0.278284  0.817035  0.889877  0.754925  0.434248  0.203516  0.767163  0.892110  0.741598  0.331916  0.817833  0.782431 
21  0.836093  0.832277  0.802260  0.789612  0.411588  0.768296  0.953593  0.706423  0.574218  0.490955  0.777501  0.727799  0.618018  0.270885  0.682182  0.576397  0.814344  0.692347  0.704662  0.755508  0.441077 0.0  0.347398  0.254952  0.757599  0.301243  0.756966  0.733515  0.783704  0.405035  0.418851  0.272330  0.392094  0.171437  0.399091  0.336148  0.323126  0.413190  0.297538  0.330340  0.279696  0.538808  0.815466  0.460450  0.725089  0.749139  0.535706  0.393065  0.163975  0.853704  0.350498  0.743034  0.763725  0.789111  0.422123  0.257388  0.680525  0.706581  0.733101  0.307778  0.731686  0.784965 
22  0.685408  0.754035  0.814413  0.786384  0.277665  0.852819  0.828849  0.690052  0.698927  0.453642  0.774899  0.728651  0.595247  0.478524  0.799844  0.623584  0.745183  0.676065  0.765662  0.870671  0.184795  0.347398 0.0  0.403783  0.797525  0.244505  0.753564  0.780046  0.794843  0.320034  0.138466  0.627178  0.372609  0.340963  0.407072  0.534497  0.443968  0.481255  0.361665  0.451184  0.393767  0.257591  0.821356  0.346547  0.920994  0.826829  0.358503  0.242713  0.372349  0.770704  0.185706  0.742949  0.771362  0.800007  0.259860  0.267776  0.715279  0.890317  0.696172  0.438379  0.831981  0.817022 
23  0.626575  0.756724  0.701255  0.731224  0.412541  0.787145  0.676498  0.783601  0.722120  0.512793  0.671414  0.714596  0.679847  0.373785  0.832734  0.505817  0.720063  0.675193  0.718980  0.709909  0.445512  0.254952  0.403783 0.0  0.678636  0.276433  0.678808  0.756786  0.918222  0.323749  0.539759  0.344876  0.424912  0.168231  0.294172  0.252500  0.214538  0.268349  0.208742  0.321042  0.352774  0.459530  0.776652  0.416174  0.718020  0.653302  0.519797  0.395654  0.218734  0.836369  0.317141  0.803115  0.837006  0.733365  0.323475  0.357270  0.797946  0.717858  0.730842  0.334536  0.737502  0.741146 
24  0.644595  0.233462  0.633722  0.220577  0.772133  0.309825  0.209584  0.203226  0.685916  0.797992  0.675859  0.684442  0.683431  0.737295  0.618383  0.392580  0.787203  0.737497  0.838348  0.788883  0.798211  0.757599  0.797525  0.678636 0.0  0.855719  0.693134  0.722163  0.590255  0.722796  0.785128  0.756060  0.700311  0.658043  0.641585  0.671268  0.698004  0.748178  0.807563  0.700069  0.785181  0.764595  0.279359  0.912314  0.788793  0.791653  0.743212  0.749497  0.856683  0.639510  0.868554  0.771391  0.471640  0.640919  0.640131  0.840557  0.538543  0.541309  0.678077  0.747681  0.844390  0.677527 
25  0.679273  0.635400  0.844534  0.827254  0.375890  0.706460  0.768106  0.699093  0.799570  0.455319  0.690086  0.735172  0.657367  0.414202  0.819392  0.582222  0.775976  0.596650  0.734549  0.708657  0.270446  0.301243  0.244505  0.276433  0.855719 0.0  0.675821  0.686635  0.930920  0.354910  0.328635  0.349558  0.276465  0.260241  0.337459  0.291625  0.217014  0.307863  0.184396  0.149831  0.194494  0.369705  0.817177  0.318039  0.757172  0.785347  0.560349  0.363959  0.222225  0.761390  0.325463  0.754547  0.671918  0.796895  0.466277  0.212236  0.799263  0.745513  0.814845  0.255713  0.875355  0.864080 
26  0.426011  0.684845  0.418377  0.566963  0.673187  0.694697  0.795281  0.660839  0.429894  0.735929  0.819218  0.816156  0.147005  0.670429  0.589481  0.662522  0.370156  0.456540  0.722675  0.500758  0.645099  0.756966  0.753564  0.678808  0.693134  0.675821 0.0  0.763872  0.282823  0.704782  0.684708  0.690551  0.713541  0.558328  0.641280  0.605071  0.686646  0.635577  0.636040  0.514627  0.723166  0.507746  0.621972  0.589581  0.399524  0.408393  0.622338  0.705235  0.759444  0.492119  0.567793  0.501807  0.558513  0.328340  0.722447  0.506471  0.495699  0.590537  0.778028  0.692160  0.546263  0.652991 
27  0.762136  0.747968  0.751345  0.743966  0.803852  0.771860  0.758898  0.728534  0.754345  0.747188  0.242498  0.229715  0.749707  0.732525  0.833452  0.550627  0.804927  0.690103  0.755616  0.865958  0.732985  0.733515  0.780046  0.756786  0.722163  0.686635  0.763872 0.0  0.805320  0.645119  0.700703  0.672278  0.774697  0.760008  0.666164  0.732338  0.658264  0.732320  0.769601  0.719489  0.638869  0.689644  0.693382  0.622962  0.783604  0.791248  0.792657  0.664487  0.713244  0.759074  0.723227  0.860847  0.855301  0.704311  0.821380  0.684004  0.755528  0.744437  0.511964  0.645773  0.822812  0.748302 
28  0.502714  0.595114  0.671765  0.583805  0.774272  0.635244  0.644581  0.618299  0.366386  0.707289  0.834389  0.862991  0.391129  0.694129  0.621340  0.647922  0.437043  0.744029  0.687697  0.610520  0.774507  0.783704  0.794843  0.918222  0.590255  0.930920  0.282823  0.805320 0.0  0.744458  0.700195  0.767123  0.714481  0.675561  0.700204  0.748753  0.763578  0.786508  0.720171  0.768462  0.687269  0.788280  0.615154  0.711672  0.597320  0.549948  0.765193  0.788106  0.773017  0.417958  0.779581  0.465091  0.664265  0.510983  0.671365  0.790246  0.772968  0.605078  0.843209  0.757395  0.715867  0.665981 
29  0.505346  0.714033  0.800641  0.835815  0.314160  0.862120  0.807946  0.880996  0.689548  0.314774  0.672379  0.803841  0.688453  0.407133  0.784530  0.538506  0.635598  0.684593  0.758064  0.805771  0.345967  0.405035  0.320034  0.323749  0.722796  0.354910  0.704782  0.645119  0.744458 0.0  0.313287  0.427676  0.198792  0.352321  0.235463  0.392398  0.369693  0.482704  0.428729  0.316597  0.213676  0.167702  0.794739  0.409063  0.616441  0.519538  0.553006  0.450969  0.250154  0.638463  0.396928  0.536439  0.867978  0.662489  0.403916  0.416900  0.737860  0.747028  0.570571  0.314284  0.712785  0.740673 
30  0.758383  0.724188  0.781719  0.765116  0.267528  0.860778  0.692786  0.844605  0.680932  0.491554  0.806481  0.776927  0.633788  0.562659  0.845408  0.606642  0.742050  0.667093  0.719672  0.760580  0.372922  0.418851  0.138466  0.539759  0.785128  0.328635  0.684708  0.700703  0.700195  0.313287 0.0  0.475103  0.307264  0.419554  0.339251  0.469247  0.421024  0.400401  0.374259  0.317569  0.320281  0.351393  0.690911  0.380239  0.780894  0.793815  0.269302  0.180230  0.324213  0.833691  0.354266  0.685142  0.778929  0.729919  0.202236  0.475540  0.655124  0.783262  0.769999  0.456929  0.802748  0.826019 
31  0.674494  0.677714  0.835104  0.686718  0.555733  0.814485  0.730427  0.730392  0.730442  0.320276  0.738392  0.812483  0.715263  0.256900  0.824638  0.703059  0.682457  0.646398  0.862691  0.900449  0.592378  0.272330  0.627178  0.344876  0.756060  0.349558  0.690551  0.672278  0.767123  0.427676  0.475103 0.0  0.495355  0.399705  0.295980  0.256852  0.420571  0.198684  0.369075  0.397005  0.272453  0.531249  0.817166  0.383697  0.830423  0.786180  0.415034  0.411308  0.403478  0.725907  0.585866  0.813450  0.732865  0.672454  0.622234  0.414950  0.713039  0.734264  0.658668  0.261775  0.917513  0.785352 
32  0.445437  0.813225  0.830431  0.755085  0.323045  0.783068  0.727492  0.647069  0.755811  0.430353  0.751606  0.746376  0.572217  0.456509  0.793394  0.546863  0.550078  0.643101  0.756310  0.711310  0.358483  0.392094  0.372609  0.424912  0.700311  0.276465  0.713541  0.774697  0.714481  0.198792  0.307264  0.495355 0.0  0.345618  0.320382  0.395836  0.467103  0.376711  0.410276  0.427741  0.260605  0.419606  0.810333  0.487053  0.606309  0.655859  0.452697  0.334892  0.379285  0.560554  0.383082  0.727916  0.794527  0.637237  0.507424  0.494036  0.817708  0.682083  0.663079  0.383236  0.746764  0.701139 
33  0.695306  0.796588  0.776814  0.762140  0.379779  0.726069  0.757187  0.795202  0.707572  0.579144  0.717470  0.836004  0.727111  0.380747  0.806328  0.588698  0.746204  0.676946  0.876318  0.832267  0.306997  0.171437  0.340963  0.168231  0.658043  0.260241  0.558328  0.760008  0.675561  0.352321  0.419554  0.399705  0.345618 0.0  0.285877  0.389956  0.217739  0.314044  0.145333  0.295880  0.233837  0.426735  0.718521  0.504307  0.742546  0.795109  0.507610  0.403004  0.146795  0.772148  0.300643  0.830764  0.707806  0.647995  0.478831  0.305461  0.750453  0.697406  0.725324  0.130767  0.788330  0.790736 
34  0.619260  0.571362  0.750770  0.652989  0.308715  0.626362  0.645469  0.707186  0.605376  0.275541  0.714942  0.573485  0.661570  0.240867  0.861021  0.527772  0.630268  0.658724  0.728135  0.736058  0.368737  0.399091  0.407072  0.294172  0.641585  0.337459  0.641280  0.666164  0.700204  0.235463  0.339251  0.295980  0.320382  0.285877 0.0  0.239202  0.290116  0.273647  0.436186  0.341735  0.248164  0.306587  0.663061  0.243170  0.717693  0.588920  0.429935  0.256915  0.344767  0.686470  0.443789  0.713563  0.677678  0.680901  0.488892  0.297594  0.722874  0.723829  0.770724  0.320170  0.731611  0.746444 
35  0.635824  0.795684  0.796412  0.798927  0.433419  0.797510  0.886735  0.786767  0.648074  0.337681  0.816014  0.760053  0.585950  0.169403  0.759190  0.571023  0.858900  0.803661  0.870825  0.737592  0.440057  0.336148  0.534497  0.252500  0.671268  0.291625  0.605071  0.732338  0.748753  0.392398  0.469247  0.256852  0.395836  0.389956  0.239202 0.0  0.345923  0.081596  0.340470  0.424565  0.310991  0.395279  0.868396  0.428720  0.707818  0.718982  0.400143  0.460683  0.363613  0.733953  0.424688  0.779941  0.718128  0.618941  0.499310  0.291442  0.777131  0.820847  0.774825  0.299071  0.794204  0.828275 
36  0.706388  0.668740  0.783711  0.775966  0.331730  0.881978  0.785200  0.839098  0.767516  0.443876  0.831502  0.699257  0.570816  0.477643  0.848914  0.578646  0.710493  0.669152  0.834998  0.749006  0.416691  0.323126  0.443968  0.214538  0.698004  0.217014  0.686646  0.658264  0.763578  0.369693  0.421024  0.420571  0.467103  0.217739  0.290116  0.345923 0.0  0.343410  0.338709  0.216360  0.233727  0.346104  0.714819  0.483356  0.629145  0.746517  0.545198  0.315742  0.270639  0.761265  0.479756  0.786289  0.836454  0.772966  0.379070  0.323318  0.836193  0.868825  0.846266  0.081596  0.827438  0.802011 
37  0.670561  0.704282  0.823258  0.781098  0.420595  0.668526  0.748122  0.734599  0.694248  0.406767  0.745835  0.778910  0.564371  0.194075  0.761956  0.540715  0.726926  0.740852  0.655020  0.782923  0.435944  0.413190  0.481255  0.268349  0.748178  0.307863  0.635577  0.732320  0.786508  0.482704  0.400401  0.198684  0.376711  0.314044  0.273647  0.081596  0.343410 0.0  0.299407  0.297109  0.255484  0.518947  0.618153  0.224666  0.758127  0.744015  0.341103  0.487123  0.321466  0.739011  0.468256  0.788966  0.664189  0.637607  0.482181  0.346273  0.883481  0.730973  0.619917  0.222979  0.770151  0.705411 
38  0.764110  0.722021  0.941406  0.720202  0.447921  0.677066  0.913483  0.764904  0.657988  0.559413  0.761543  0.772035  0.768052  0.325736  0.828872  0.643838  0.774623  0.595586  0.709098  0.669639  0.537418  0.297538  0.361665  0.208742  0.807563  0.184396  0.636040  0.769601  0.720171  0.428729  0.374259  0.369075  0.410276  0.145333  0.436186  0.340470  0.338709  0.299407 0.0  0.190652  0.268756  0.411894  0.813363  0.540035  0.711008  0.739865  0.457275  0.552683  0.225552  0.758822  0.441136  0.698171  0.866163  0.760954  0.343734  0.304087  0.810061  0.700280  0.722321  0.257420  0.777020  0.840808 
39  0.696716  0.708228  0.865574  0.775226  0.359027  0.849145  0.693892  0.754197  0.745470  0.504872  0.682587  0.736767  0.716692  0.333646  0.851501  0.632324  0.588157  0.700295  0.789332  0.803287  0.339921  0.330340  0.451184  0.321042  0.700069  0.149831  0.514627  0.719489  0.768462  0.316597  0.317569  0.397005  0.427741  0.295880  0.341735  0.424565  0.216360  0.297109  0.190652 0.0  0.222782  0.361284  0.740019  0.439007  0.780448  0.715846  0.511247  0.380184  0.242019  0.647721  0.305350  0.788068  0.786785  0.815850  0.410552  0.148385  0.880271  0.756336  0.694778  0.095564  0.797211  0.756619 
40  0.566071  0.837634  0.861301  0.750006  0.451498  0.780860  0.767463  0.798581  0.730597  0.508268  0.714751  0.778670  0.607268  0.440712  0.741052  0.499480  0.709503  0.607421  0.703917  0.797805  0.464969  0.279696  0.393767  0.352774  0.785181  0.194494  0.723166  0.638869  0.687269  0.213676  0.320281  0.272453  0.260605  0.233837  0.248164  0.310991  0.233727  0.255484  0.268756  0.222782 0.0  0.435083  0.673075  0.458666  0.792052  0.705518  0.470441  0.366440  0.283573  0.720788  0.308204  0.891682  0.731798  0.721304  0.451635  0.186638  0.697379  0.776097  0.702378  0.133454  0.910918  0.770943 
41  0.758623  0.794650  0.798922  0.832951  0.102811  0.824543  0.804922  0.895308  0.789959  0.520096  0.745820  0.759367  0.748105  0.512820  0.793483  0.548751  0.755041  0.688384  0.828030  0.950810  0.253341  0.538808  0.257591  0.459530  0.764595  0.369705  0.507746  0.689644  0.788280  0.167702  0.351393  0.531249  0.419606  0.426735  0.306587  0.395279  0.346104  0.518947  0.411894  0.361284  0.435083 0.0  0.813653  0.358314  0.813503  0.736961  0.363975  0.315590  0.483437  0.759272  0.225667  0.847663  0.905923  0.750419  0.375977  0.380448  0.868468  0.905984  0.692353  0.411836  0.792625  0.864284 
42  0.657709  0.385705  0.683318  0.363319  0.833934  0.390962  0.331384  0.324942  0.747973  0.842672  0.680205  0.793912  0.791272  0.740211  0.648419  0.430046  0.767650  0.749839  0.736747  0.763657  0.803576  0.815466  0.821356  0.776652  0.279359  0.817177  0.621972  0.693382  0.615154  0.794739  0.690911  0.817166  0.810333  0.718521  0.663061  0.868396  0.714819  0.618153  0.813363  0.740019  0.673075  0.813653 0.0  0.782771  0.741881  0.768635  0.702978  0.810699  0.765558  0.697455  0.778609  0.688612  0.657682  0.828580  0.665612  0.895448  0.565097  0.564689  0.804038  0.747805  0.800001  0.893232 
43  0.724509  0.847457  0.792947  0.769763  0.353227  0.695970  0.783114  0.745480  0.668620  0.357465  0.747021  0.818554  0.643020  0.281095  0.878267  0.534576  0.703139  0.551851  0.855136  0.816268  0.361124  0.460450  0.346547  0.416174  0.912314  0.318039  0.589581  0.622962  0.711672  0.409063  0.380239  0.383697  0.487053  0.504307  0.243170  0.428720  0.483356  0.224666  0.540035  0.439007  0.458666  0.358314  0.782771 0.0  0.719559  0.779091  0.202622  0.439518  0.452056  0.747046  0.420533  0.633302  0.838104  0.829723  0.446305  0.499332  0.773294  0.768788  0.810890  0.340982  0.687865  0.862484 
44  0.328212  0.876352  0.747862  0.653743  0.772583  0.747768  0.707019  0.797620  0.387041  0.528341  0.838351  0.724684  0.487303  0.745878  0.778080  0.676441  0.308702  0.666413  0.716977  0.741260  0.732664  0.725089  0.920994  0.718020  0.788793  0.757172  0.399524  0.783604  0.597320  0.616441  0.780894  0.830423  0.606309  0.742546  0.717693  0.707818  0.629145  0.758127  0.711008  0.780448  0.792052  0.813503  0.741881  0.719559 0.0  0.230827  0.791107  0.740950  0.637612  0.356673  0.739049  0.362780  0.584726  0.359661  0.791432  0.760433  0.702372  0.734576  0.776635  0.724852  0.728803  0.711992 
45  0.263244  0.667608  0.780579  0.798622  0.795502  0.711058  0.764888  0.847275  0.438918  0.617709  0.757991  0.799010  0.370224  0.784140  0.759433  0.687990  0.383031  0.605623  0.759981  0.693376  0.735597  0.749139  0.826829  0.653302  0.791653  0.785347  0.408393  0.791248  0.549948  0.519538  0.793815  0.786180  0.655859  0.795109  0.588920  0.718982  0.746517  0.744015  0.739865  0.715846  0.705518  0.736961  0.768635  0.779091  0.230827 0.0  0.791222  0.739577  0.657485  0.432111  0.762066  0.417281  0.798638  0.438762  0.627008  0.793267  0.773029  0.785650  0.678498  0.750242  0.727798  0.629900 
46  0.670989  0.799851  0.807256  0.872403  0.352542  0.763885  0.775445  0.771700  0.602748  0.437365  0.788419  0.914805  0.666438  0.409134  0.822262  0.588049  0.615151  0.657624  0.710609  0.802141  0.414405  0.535706  0.358503  0.519797  0.743212  0.560349  0.622338  0.792657  0.765193  0.553006  0.269302  0.415034  0.452697  0.507610  0.429935  0.400143  0.545198  0.341103  0.457275  0.511247  0.470441  0.363975  0.702978  0.202622  0.791107  0.791222 0.0  0.378502  0.447353  0.728194  0.340713  0.674496  0.765231  0.705675  0.376329  0.465884  0.755410  0.770852  0.774500  0.550803  0.736855  0.809046 
47  0.745840  0.695702  0.811190  0.719077  0.237237  0.786111  0.761220  0.750520  0.691262  0.574140  0.625286  0.749998  0.700583  0.472133  0.826636  0.563505  0.692790  0.750451  0.746120  0.823190  0.370594  0.393065  0.242713  0.395654  0.749497  0.363959  0.705235  0.664487  0.788106  0.450969  0.180230  0.411308  0.334892  0.403004  0.256915  0.460683  0.315742  0.487123  0.552683  0.380184  0.366440  0.315590  0.810699  0.439518  0.740950  0.739577  0.378502 0.0  0.432965  0.713643  0.320686  0.773630  0.815069  0.887904  0.229760  0.381984  0.788157  0.819184  0.718055  0.365520  0.808972  0.944055 
48  0.714067  0.770656  0.834940  0.711590  0.425963  0.742800  0.849395  0.864038  0.675199  0.490663  0.780274  0.784674  0.663729  0.343845  0.715687  0.623534  0.732110  0.715286  0.836985  0.717918  0.484706  0.163975  0.372349  0.218734  0.856683  0.222225  0.759444  0.713244  0.773017  0.250154  0.324213  0.403478  0.379285  0.146795  0.344767  0.363613  0.270639  0.321466  0.225552  0.242019  0.283573  0.483437  0.765558  0.452056  0.637612  0.657485  0.447353  0.432965 0.0  0.701911  0.335744  0.818201  0.890575  0.785116  0.562140  0.358626  0.754249  0.724258  0.671625  0.224696  0.855984  0.907442 
49  0.360734  0.753409  0.697656  0.729778  0.703769  0.745392  0.775069  0.694284  0.419006  0.613316  0.864585  0.753484  0.545615  0.843654  0.632518  0.586182  0.271632  0.718045  0.700323  0.635633  0.849473  0.853704  0.770704  0.836369  0.639510  0.761390  0.492119  0.759074  0.417958  0.638463  0.833691  0.725907  0.560554  0.772148  0.686470  0.733953  0.761265  0.739011  0.758822  0.647721  0.720788  0.759272  0.697455  0.747046  0.356673  0.432111  0.728194  0.713643  0.701911 0.0  0.828661  0.300602  0.734128  0.368494  0.670947  0.728135  0.602577  0.698388  0.820366  0.771194  0.688777  0.656337 
50  0.691922  0.875841  0.813635  0.747498  0.208640  0.941321  0.856166  0.775023  0.695607  0.499546  0.730818  0.621574  0.581415  0.495237  0.820383  0.553665  0.727040  0.562766  0.845321  0.814745  0.278284  0.350498  0.185706  0.317141  0.868554  0.325463  0.567793  0.723227  0.779581  0.396928  0.354266  0.585866  0.383082  0.300643  0.443789  0.424688  0.479756  0.468256  0.441136  0.305350  0.308204  0.225667  0.778609  0.420533  0.739049  0.762066  0.340713  0.320686  0.335744  0.828661 0.0  0.715512  0.723269  0.758263  0.244201  0.456715  0.832394  0.829933  0.666970  0.367348  0.785599  0.795877 
51  0.319133  0.846383  0.733282  0.794944  0.799231  0.764054  0.836138  0.791085  0.306559  0.577539  0.766814  0.833797  0.527380  0.760526  0.703319  0.628071  0.282951  0.690684  0.598452  0.689025  0.817035  0.743034  0.742949  0.803115  0.771391  0.754547  0.501807  0.860847  0.465091  0.536439  0.685142  0.813450  0.727916  0.830764  0.713563  0.779941  0.786289  0.788966  0.698171  0.788068  0.891682  0.847663  0.688612  0.633302  0.362780  0.417281  0.674496  0.773630  0.818201  0.300602  0.715512 0.0  0.582363  0.295681  0.756568  0.854902  0.728825  0.808202  0.830235  0.852862  0.567835  0.651862 
52  0.689460  0.543561  0.298096  0.532946  0.819118  0.550270  0.510109  0.560688  0.618695  0.821142  0.812836  0.824138  0.398359  0.819680  0.198878  0.604638  0.687058  0.479064  0.628256  0.707540  0.889877  0.763725  0.771362  0.837006  0.471640  0.671918  0.558513  0.855301  0.664265  0.867978  0.778929  0.732865  0.794527  0.707806  0.677678  0.718128  0.836454  0.664189  0.866163  0.786785  0.731798  0.905923  0.657682  0.838104  0.584726  0.798638  0.765231  0.815069  0.890575  0.734128  0.723269  0.582363 0.0  0.696596  0.862592  0.695631  0.190628  0.292338  0.793694  0.829478  0.821387  0.640180 
53  0.329351  0.766406  0.719758  0.728834  0.782480  0.690167  0.676247  0.715097  0.313973  0.686653  0.893148  0.833300  0.306601  0.734177  0.689046  0.533455  0.382159  0.739957  0.656904  0.682085  0.754925  0.789111  0.800007  0.733365  0.640919  0.796895  0.328340  0.704311  0.510983  0.662489  0.729919  0.672454  0.637237  0.647995  0.680901  0.618941  0.772966  0.637607  0.760954  0.815850  0.721304  0.750419  0.828580  0.829723  0.359661  0.438762  0.705675  0.887904  0.785116  0.368494  0.758263  0.295681  0.696596 0.0  0.783501  0.775831  0.814302  0.821418  0.758673  0.801645  0.768749  0.629226 
54  0.715216  0.852516  0.766688  0.778632  0.318764  0.776743  0.770823  0.875539  0.656203  0.497659  0.755126  0.807005  0.694447  0.567926  0.761393  0.593953  0.683500  0.676782  0.786457  0.695476  0.434248  0.422123  0.259860  0.323475  0.640131  0.466277  0.722447  0.821380  0.671365  0.403916  0.202236  0.622234  0.507424  0.478831  0.488892  0.499310  0.379070  0.482181  0.343734  0.410552  0.451635  0.375977  0.665612  0.446305  0.791432  0.627008  0.376329  0.229760  0.562140  0.670947  0.244201  0.756568  0.862592  0.783501 0.0  0.432336  0.757582  0.747981  0.686941  0.465449  0.807033  0.743091 
55  0.729658  0.841992  0.809955  0.755573  0.412654  0.756705  0.740540  0.768000  0.758238  0.575392  0.647725  0.735694  0.646724  0.336066  0.826247  0.589322  0.893597  0.648963  0.785335  0.757457  0.203516  0.257388  0.267776  0.357270  0.840557  0.212236  0.506471  0.684004  0.790246  0.416900  0.475540  0.414950  0.494036  0.305461  0.297594  0.291442  0.323318  0.346273  0.304087  0.148385  0.186638  0.380448  0.895448  0.499332  0.760433  0.793267  0.465884  0.381984  0.358626  0.728135  0.456715  0.854902  0.695631  0.775831  0.432336 0.0  0.867654  0.784398  0.691382  0.301198  0.872844  0.702848 
56  0.729891  0.484886  0.274851  0.465733  0.764558  0.513943  0.496842  0.594499  0.667157  0.670827  0.685208  0.719306  0.521548  0.750235  0.279237  0.497145  0.742829  0.508002  0.689002  0.731970  0.767163  0.680525  0.715279  0.797946  0.538543  0.799263  0.495699  0.755528  0.772968  0.737860  0.655124  0.713039  0.817708  0.750453  0.722874  0.777131  0.836193  0.883481  0.810061  0.880271  0.697379  0.868468  0.565097  0.773294  0.702372  0.773029  0.755410  0.788157  0.754249  0.602577  0.832394  0.728825  0.190628  0.814302  0.757582  0.867654 0.0  0.352754  0.713511  0.729299  0.654967  0.734256 
57  0.684173  0.562280  0.318680  0.623057  0.855033  0.661637  0.551341  0.548159  0.721606  0.660281  0.789463  0.895550  0.468519  0.753699  0.255287  0.652016  0.612729  0.453131  0.704826  0.812490  0.892110  0.706581  0.890317  0.717858  0.541309  0.745513  0.590537  0.744437  0.605078  0.747028  0.783262  0.734264  0.682083  0.697406  0.723829  0.820847  0.868825  0.730973  0.700280  0.756336  0.776097  0.905984  0.564689  0.768788  0.734576  0.785650  0.770852  0.819184  0.724258  0.698388  0.829933  0.808202  0.292338  0.821418  0.747981  0.784398  0.352754 0.0  0.737575  0.810911  0.749127  0.686362 
58  0.658262  0.686742  0.820589  0.626656  0.720406  0.806307  0.738478  0.776047  0.798822  0.806103  0.421384  0.425801  0.844380  0.755808  0.696405  0.592502  0.751395  0.796443  0.862258  0.776262  0.741598  0.733101  0.696172  0.730842  0.678077  0.814845  0.778028  0.511964  0.843209  0.570571  0.769999  0.658668  0.663079  0.725324  0.770724  0.774825  0.846266  0.619917  0.722321  0.694778  0.702378  0.692353  0.804038  0.810890  0.776635  0.678498  0.774500  0.718055  0.671625  0.820366  0.666970  0.830235  0.793694  0.758673  0.686941  0.691382  0.713511  0.737575 0.0  0.700954  0.835145  0.884937 
59  0.665142  0.741985  0.839510  0.799321  0.360166  0.803211  0.684454  0.754334  0.742124  0.481747  0.673221  0.715588  0.730978  0.311065  0.809469  0.569690  0.698628  0.676893  0.794811  0.883433  0.331916  0.307778  0.438379  0.334536  0.747681  0.255713  0.692160  0.645773  0.757395  0.314284  0.456929  0.261775  0.383236  0.130767  0.320170  0.299071  0.081596  0.222979  0.257420  0.095564  0.133454  0.411836  0.747805  0.340982  0.724852  0.750242  0.550803  0.365520  0.224696  0.771194  0.367348  0.852862  0.829478  0.801645  0.465449  0.301198  0.729299  0.810911  0.700954 0.0  0.813957  0.810835 
60  0.817674  0.766381  0.732936  0.782682  0.942729  0.891644  0.784856  0.797308  0.483615  0.791616  0.809899  0.884615  0.646934  0.791514  0.690655  0.739139  0.676104  0.323548  0.154481  0.259804  0.817833  0.731686  0.831981  0.737502  0.844390  0.875355  0.546263  0.822812  0.715867  0.712785  0.802748  0.917513  0.746764  0.788330  0.731611  0.794204  0.827438  0.770151  0.777020  0.797211  0.910918  0.792625  0.800001  0.687865  0.728803  0.727798  0.736855  0.808972  0.855984  0.688777  0.785599  0.567835  0.821387  0.768749  0.807033  0.872844  0.654967  0.749127  0.835145  0.813957 0.0  0.113992 
61  0.637481  0.821471  0.628675  0.815200  0.912871  0.822447  0.786187  0.738114  0.453994  0.755784  0.853207  1.000000  0.668726  0.893789  0.818131  0.631215  0.739236  0.424346  0.207684  0.212261  0.782431  0.784965  0.817022  0.741146  0.677527  0.864080  0.652991  0.748302  0.665981  0.740673  0.826019  0.785352  0.701139  0.790736  0.746444  0.828275  0.802011  0.705411  0.840808  0.756619  0.770943  0.864284  0.893232  0.862484  0.711992  0.629900  0.809046  0.944055  0.907442  0.656337  0.795877  0.651862  0.640180  0.629226  0.743091  0.702848  0.734256  0.686362  0.884937  0.810835  0.113992 0.0 
