98
0 0.0  0.535207  0.739529  0.560176  0.777394  0.787941  0.782975  0.658449  0.596482  0.778102  0.965243  0.782604  0.625557  0.692357  0.709921  0.802190  0.685259  0.460762  0.939929  0.585604  0.781938  0.751224  0.781160  0.733586  0.782554  0.850546  0.725584  0.756843  0.655153  0.434981  0.707539  0.609875  0.768446  0.805918  0.760052  0.661266  0.796170  0.649088  0.349833  0.645069  0.843930  0.476225  0.745184  0.749530  0.775274  0.556505  0.819921  0.689753  0.543580  0.747889  0.782505  0.708762  0.463418  0.819488  0.740980  0.694579  0.875147  0.358494  0.828781  0.841534  0.539620  0.679029  0.833945  0.849914  0.719158  0.697985  0.806323  0.683164  0.710236  0.725167  0.312728  0.777176  0.707387  0.596033  0.679448  0.715583  0.700316  0.757405  0.819972  0.765536  0.856740  0.646557  0.824712  0.808711  0.724011  0.649980  0.624754  0.869646  0.654324  0.788565  0.529556  0.731932  0.866634  0.759721  0.632432  0.763477  0.817558  0.568095 
1  0.535207 0.0  0.789774  0.554924  0.885701  0.617490  0.675507  0.787493  0.552184  0.758967  0.863844  0.816510  0.546347  0.677913  0.668058  0.801102  0.508755  0.563061  0.888656  0.704601  0.659763  0.873657  0.704894  0.749227  0.573995  0.587236  0.731828  0.714072  0.744094  0.582927  0.635910  0.627421  0.709708  0.874327  0.787050  0.660911  0.603136  0.740993  0.651731  0.776689  0.795917  0.555888  0.643579  0.711835  0.696742  0.697666  0.807606  0.622997  0.571136  0.768435  0.706248  0.550874  0.464170  0.796302  0.683904  0.725949  0.880120  0.666464  0.709899  0.715492  0.405112  0.763630  0.892598  0.822265  0.597256  0.782570  0.844509  0.780999  0.640298  0.679170  0.581437  0.775952  0.598675  0.614920  0.809529  0.750164  0.748403  0.756766  0.777472  0.682191  0.707545  0.678038  0.868784  0.833576  0.835179  0.721832  0.642775  0.642751  0.630280  0.737825  0.319352  0.684715  0.780436  0.755487  0.611279  0.871953  0.794163  0.691671 
2  0.739529  0.789774 0.0  0.675672  0.685006  0.812727  0.756382  0.672163  0.631869  0.689122  0.742813  0.689220  0.764525  0.617350  0.773235  0.785982  0.622818  0.726091  0.821961  0.511586  0.717290  0.753883  0.751649  0.787181  0.671660  0.775865  0.716370  0.683218  0.694442  0.720230  0.696673  0.812658  0.628678  0.786566  0.760320  0.707236  0.720083  0.716219  0.765963  0.762919  0.806144  0.792262  0.646244  0.817351  0.855704  0.651010  0.750686  0.694311  0.662791  0.693764  0.728909  0.785155  0.789087  0.874432  0.161784  0.409263  0.859958  0.841360  0.714895  0.882215  0.729832  0.312596  0.892956  0.802240  0.770140  0.860530  0.744681  0.780192  0.844856  0.806970  0.609420  0.715276  0.706612  0.719593  0.699955  0.772678  0.762220  0.744639  0.674140  0.655477  0.860954  0.626565  0.595251  0.654270  0.742389  0.615650  0.645490  0.788166  0.807571  0.701548  0.746373  0.789279  0.826263  0.689627  0.716472  0.762514  0.705746  0.585522 
3  0.560176  0.554924  0.675672 0.0  0.822033  0.617123  0.766112  0.837880  0.737808  0.784741  0.738871  0.810551  0.685229  0.673332  0.701532  0.791952  0.584850  0.577089  0.905075  0.722889  0.840483  0.740169  0.734049  0.929702  0.531046  0.661764  0.604384  0.749509  0.724148  0.473776  0.806584  0.735815  0.804823  0.719723  0.821337  0.769572  0.748262  0.796473  0.491649  0.734506  0.793630  0.560062  0.801387  0.799617  0.649058  0.639639  0.751842  0.692778  0.576307  0.715429  0.700273  0.264585  0.581627  0.775126  0.718600  0.817461  0.842479  0.662656  0.805929  0.857938  0.433164  0.777776  0.872975  0.875808  0.695169  0.845856  0.869111  0.756148  0.696435  0.628932  0.648392  0.826231  0.774561  0.668481  0.728923  0.702109  0.759576  0.895986  0.774762  0.655736  0.795392  0.637741  0.737909  0.736816  0.809028  0.599458  0.725070  0.713126  0.764097  0.792651  0.504094  0.778100  0.845893  0.807469  0.469724  0.822520  0.916273  0.657287 
4  0.777394  0.885701  0.685006  0.822033 0.0  0.795009  0.663871  0.554089  0.783468  0.667373  0.598476  0.647512  0.845006  0.615152  0.720256  0.659435  0.782105  0.779565  0.680787  0.785471  0.752270  0.416738  0.691667  0.427548  0.808366  0.846388  0.581584  0.737914  0.653116  0.724098  0.694922  0.862154  0.670289  0.478598  0.660721  0.669153  0.685073  0.752613  0.775002  0.713310  0.539718  0.916215  0.757599  0.517873  0.833607  0.727948  0.364394  0.999806  0.822244  0.717172  0.642965  0.680440  0.744336  0.495550  0.746662  0.804472  0.684521  0.851097  0.448756  0.346519  0.770815  0.902699  0.341026  0.542718  0.800348  0.737106  0.473406  0.797758  0.794766  0.837264  0.745817  0.604795  0.860030  0.852202  0.659490  0.643685  0.428237  0.653113  0.683273  0.687885  0.621016  0.802232  0.651408  0.566753  0.374453  0.849398  0.624382  0.898517  0.828321  0.538979  0.843573  0.798631  0.566507  0.651766  0.797857  0.526724  0.621096  0.816898 
5  0.787941  0.617490  0.812727  0.617123  0.795009 0.0  0.758291  0.842451  0.634075  0.735614  0.944153  0.765125  0.630707  0.782058  0.732084  0.781144  0.683666  0.640855  0.854365  0.783078  0.813427  0.830326  0.712193  0.806582  0.624403  0.770994  0.858827  0.772287  0.661604  0.765272  0.752992  0.569324  0.775247  0.779970  0.789329  0.690732  0.644943  0.734334  0.778714  0.779414  0.874036  0.667955  0.648746  0.869621  0.367012  0.782509  0.845841  0.717420  0.697360  0.851563  0.794118  0.777596  0.759017  0.732574  0.802681  0.727136  0.937662  0.797833  0.820306  0.714834  0.682541  0.720305  0.731738  0.713387  0.611186  0.688076  0.785748  0.715405  0.804126  0.611798  0.730218  0.804195  0.585480  0.729984  0.815497  0.676473  0.861834  0.741898  0.701815  0.660108  0.889430  0.734701  0.799473  0.790081  0.890117  0.682317  0.753843  0.725000  0.445937  0.838397  0.611010  0.448791  0.748991  0.773058  0.680111  0.899108  0.856000  0.756942 
6  0.782975  0.675507  0.756382  0.766112  0.663871  0.758291 0.0  0.446542  0.759229  0.441517  0.609766  0.494235  0.709598  0.582258  0.672803  0.401049  0.688949  0.751130  0.744587  0.766849  0.516929  0.714966  0.561259  0.575617  0.787338  0.762511  0.563255  0.301565  0.629320  0.805000  0.697682  0.847226  0.420582  0.529605  0.675549  0.597265  0.584008  0.660975  0.744272  0.478774  0.729538  0.733669  0.631638  0.397748  0.848938  0.823724  0.602342  0.691930  0.696806  0.558711  0.432177  0.825824  0.719210  0.660254  0.687950  0.586760  0.614795  0.835740  0.632276  0.591424  0.812694  0.731342  0.582695  0.576816  0.777331  0.615624  0.631182  0.633988  0.835151  0.632864  0.747117  0.427142  0.854945  0.704268  0.512934  0.595310  0.637873  0.552979  0.527706  0.820119  0.826997  0.679645  0.461253  0.515357  0.668010  0.736106  0.666705  0.759089  0.852922  0.540412  0.719870  0.975643  0.568856  0.270513  0.857082  0.774099  0.603121  0.680611 
7  0.658449  0.787493  0.672163  0.837880  0.554089  0.842451  0.446542 0.0  0.777498  0.716495  0.701391  0.412073  0.813475  0.627304  0.687099  0.581725  0.805452  0.779180  0.748248  0.783918  0.456150  0.680021  0.582690  0.425443  0.772254  0.893154  0.454618  0.552101  0.686737  0.721948  0.766362  0.917632  0.559348  0.484166  0.727430  0.651870  0.667299  0.827371  0.771101  0.613510  0.725080  0.680776  0.749150  0.482776  0.742824  0.687307  0.591784  0.678896  0.791563  0.687469  0.443176  0.722592  0.814261  0.598317  0.829771  0.724947  0.665236  0.756930  0.474573  0.620240  0.804602  0.764367  0.596476  0.467812  0.874349  0.670126  0.630745  0.702082  0.721391  0.680688  0.709646  0.536234  0.888147  0.746365  0.560593  0.527896  0.536303  0.435904  0.458709  0.667046  0.495158  0.738234  0.482362  0.404886  0.464169  0.639306  0.707014  0.843217  0.786843  0.465586  0.793070  0.745312  0.646519  0.478058  0.822255  0.657240  0.632001  0.732104 
8  0.596482  0.552184  0.631869  0.737808  0.783468  0.634075  0.759229  0.777498 0.0  0.655881  0.785054  0.678725  0.497230  0.694820  0.599796  0.787311  0.683214  0.597372  0.819342  0.665057  0.564691  0.771264  0.639363  0.813589  0.508510  0.548351  0.729690  0.754444  0.726782  0.549090  0.622194  0.605265  0.814071  0.821351  0.746157  0.530297  0.775675  0.723170  0.495623  0.686455  0.787967  0.467099  0.614824  0.709444  0.723891  0.422048  0.774923  0.517460  0.587991  0.742616  0.684516  0.582955  0.446990  0.718105  0.553847  0.704831  0.838934  0.629613  0.880823  0.830352  0.528801  0.667215  0.829425  0.740813  0.685601  0.794744  0.768520  0.548105  0.421334  0.592303  0.612897  0.711149  0.741671  0.430713  0.701180  0.681175  0.831055  0.828591  0.763464  0.653635  0.735102  0.641883  0.750101  0.764709  0.750726  0.431927  0.602020  0.738271  0.645627  0.582976  0.518279  0.769613  0.838919  0.702300  0.649770  0.788939  0.798132  0.476933 
9  0.778102  0.758967  0.689122  0.784741  0.667373  0.735614  0.441517  0.716495  0.655881 0.0  0.704805  0.599270  0.633789  0.466924  0.667388  0.398552  0.817220  0.704267  0.715178  0.714765  0.450657  0.757603  0.511887  0.664472  0.781976  0.749154  0.596588  0.440038  0.598116  0.726163  0.645633  0.669930  0.515928  0.609550  0.795855  0.573968  0.696078  0.652538  0.807503  0.535543  0.810816  0.671564  0.646749  0.618553  0.810940  0.756696  0.685277  0.641763  0.658321  0.430616  0.565625  0.726133  0.675920  0.772637  0.663312  0.623048  0.734491  0.786807  0.776985  0.708424  0.843035  0.629095  0.666089  0.486134  0.762763  0.576557  0.698883  0.604956  0.673994  0.663215  0.802976  0.517878  0.733731  0.742648  0.324852  0.576031  0.756336  0.609387  0.577927  0.670506  0.794413  0.748262  0.462014  0.652614  0.677001  0.777977  0.561772  0.782784  0.715975  0.642741  0.759115  0.790297  0.656057  0.479621  0.804136  0.714237  0.739141  0.711638 
10  0.965243  0.863844  0.742813  0.738871  0.598476  0.944153  0.609766  0.701391  0.785054  0.704805 0.0  0.621370  0.755166  0.858880  0.849692  0.666356  0.864129  0.810085  0.591746  0.783950  0.765751  0.679048  0.706217  0.532104  0.913597  0.793970  0.698266  0.721596  0.757553  0.799344  0.726730  0.842639  0.735107  0.761318  0.510598  0.900974  0.738832  0.773595  0.791598  0.750331  0.439125  0.812611  0.801747  0.698780  0.835252  0.784953  0.632550  0.819553  0.887383  0.761952  0.748387  0.802032  0.804660  0.590005  0.857077  0.787290  0.646000  0.771169  0.608828  0.552816  0.881477  0.924000  0.728799  0.685541  0.876041  0.855038  0.579431  0.761327  0.866178  0.639302  0.910694  0.678374  0.843815  0.823824  0.763489  0.737479  0.644511  0.778711  0.685705  0.844491  0.587907  0.844102  0.691382  0.604029  0.590275  0.805131  0.774975  0.891761  0.844151  0.719795  0.954814  0.779822  0.599765  0.724603  0.759656  0.472017  0.419603  0.843413 
11  0.782604  0.816510  0.689220  0.810551  0.647512  0.765125  0.494235  0.412073  0.678725  0.599270  0.621370 0.0  0.748844  0.558370  0.795230  0.492941  0.791191  0.830829  0.710738  0.677704  0.555579  0.622720  0.720104  0.542830  0.686281  0.848072  0.557115  0.522238  0.695870  0.860950  0.752539  0.761925  0.474303  0.467779  0.676022  0.614254  0.732298  0.674432  0.792156  0.564769  0.807653  0.741401  0.737159  0.547763  0.721811  0.759601  0.580747  0.611590  0.722319  0.593801  0.259355  0.734893  0.753973  0.590501  0.798705  0.796788  0.754825  0.698534  0.600897  0.640292  0.788317  0.621907  0.705880  0.445469  0.818813  0.787931  0.650796  0.647762  0.726705  0.672769  0.796749  0.404823  0.853159  0.752301  0.491435  0.687491  0.668627  0.576166  0.581327  0.786453  0.608705  0.702695  0.581567  0.428267  0.570090  0.761514  0.597715  0.787582  0.763475  0.541319  0.835486  0.851093  0.694926  0.510884  0.835019  0.732714  0.615363  0.701435 
12  0.625557  0.546347  0.764525  0.685229  0.845006  0.630707  0.709598  0.813475  0.497230  0.633789  0.755166  0.748844 0.0  0.716541  0.598312  0.654358  0.676792  0.628094  0.821770  0.547664  0.656950  0.692866  0.714025  0.728821  0.767219  0.725912  0.768733  0.812190  0.680188  0.596396  0.614154  0.761474  0.785535  0.773868  0.790268  0.605780  0.622135  0.702784  0.582349  0.739227  0.760953  0.608459  0.482785  0.639924  0.771721  0.582810  0.719738  0.474723  0.537179  0.634654  0.754244  0.684197  0.646476  0.847170  0.681657  0.668893  0.839538  0.596594  0.726878  0.746524  0.666148  0.685341  0.804417  0.730436  0.586361  0.622903  0.892392  0.498218  0.454400  0.495068  0.768553  0.789575  0.705435  0.558318  0.622935  0.726521  0.791118  0.730059  0.731921  0.526267  0.891685  0.574040  0.775184  0.691938  0.813500  0.735458  0.667670  0.853378  0.658471  0.728707  0.494218  0.759075  0.729626  0.792356  0.682572  0.793571  0.823116  0.488995 
13  0.692357  0.677913  0.617350  0.673332  0.615152  0.782058  0.582258  0.627304  0.694820  0.466924  0.858880  0.558370  0.716541 0.0  0.543672  0.675075  0.673684  0.713743  0.886112  0.635049  0.442693  0.664512  0.537677  0.654773  0.695839  0.785883  0.529666  0.580508  0.596102  0.621105  0.705972  0.859659  0.544572  0.662477  0.812600  0.605146  0.622955  0.745902  0.740571  0.397878  0.704934  0.701253  0.613019  0.557118  0.719006  0.600309  0.691911  0.742379  0.638979  0.512372  0.630052  0.747495  0.698561  0.777329  0.631031  0.639450  0.675416  0.680948  0.739913  0.699371  0.698195  0.751251  0.652361  0.701269  0.759326  0.513192  0.690013  0.649661  0.611654  0.644863  0.762012  0.539964  0.744787  0.716772  0.354152  0.564205  0.623826  0.599903  0.616668  0.643472  0.812232  0.631480  0.602377  0.622264  0.653111  0.549142  0.557045  0.766242  0.777990  0.690108  0.707935  0.787923  0.712238  0.597686  0.767755  0.734479  0.699001  0.612788 
14  0.709921  0.668058  0.773235  0.701532  0.720256  0.732084  0.672803  0.687099  0.599796  0.667388  0.849692  0.795230  0.598312  0.543672 0.0  0.620509  0.775956  0.636132  0.855736  0.632986  0.682303  0.644466  0.513639  0.651336  0.811479  0.710065  0.596865  0.659710  0.549327  0.783579  0.516683  0.854289  0.681072  0.709858  0.734584  0.417881  0.504169  0.577740  0.693091  0.703450  0.719025  0.648017  0.573176  0.571378  0.821483  0.713209  0.679354  0.510985  0.612115  0.625872  0.650829  0.765170  0.639657  0.783243  0.683112  0.606398  0.788651  0.668914  0.751765  0.750191  0.671790  0.750644  0.692917  0.696517  0.728522  0.383752  0.760205  0.247183  0.638277  0.499217  0.576983  0.613964  0.794017  0.594680  0.535690  0.718092  0.677395  0.575937  0.690219  0.607106  0.675963  0.693814  0.678020  0.756708  0.738903  0.531664  0.554062  0.750075  0.697546  0.670555  0.650219  0.690786  0.755542  0.538771  0.717721  0.727229  0.652103  0.676838 
15  0.802190  0.801102  0.785982  0.791952  0.659435  0.781144  0.401049  0.581725  0.787311  0.398552  0.666356  0.492941  0.654358  0.675075  0.620509 0.0  0.844266  0.751358  0.814174  0.713825  0.417234  0.711873  0.622104  0.584853  0.709473  0.760680  0.537490  0.478772  0.610380  0.711730  0.701012  0.828237  0.021928  0.607444  0.678811  0.689756  0.670134  0.571536  0.793483  0.462583  0.806290  0.729935  0.658610  0.051368  0.846895  0.625906  0.520780  0.823323  0.736596  0.578645  0.414622  0.718957  0.630859  0.602700  0.772144  0.719429  0.705630  0.723085  0.602716  0.666238  0.647556  0.689614  0.614290  0.677074  0.837365  0.517356  0.657184  0.640749  0.714980  0.669343  0.671586  0.053818  0.848417  0.777474  0.505712  0.628170  0.697405  0.360974  0.429173  0.789223  0.663363  0.685859  0.605992  0.571478  0.623657  0.817445  0.655899  0.832575  0.712034  0.484186  0.808887  0.759675  0.630778  0.213309  0.789473  0.818422  0.589960  0.661497 
16  0.685259  0.508755  0.622818  0.584850  0.782105  0.683666  0.688949  0.805452  0.683214  0.817220  0.864129  0.791191  0.676792  0.673684  0.775956  0.844266 0.0  0.687160  0.867020  0.675462  0.645021  0.921941  0.783667  0.881845  0.461482  0.415192  0.791314  0.738846  0.712122  0.658267  0.728383  0.437090  0.795659  0.832636  0.953558  0.677992  0.598019  0.642421  0.747340  0.758443  0.890912  0.669812  0.623916  0.818491  0.649036  0.653659  0.932970  0.634107  0.654036  0.765226  0.719730  0.592287  0.566877  0.874988  0.763359  0.797689  0.791306  0.615026  0.814010  0.802238  0.532839  0.771461  0.749249  0.812158  0.616905  0.628500  0.913234  0.738291  0.647696  0.662883  0.547845  0.839043  0.659429  0.690604  0.870763  0.801272  0.789469  0.866172  0.792539  0.559151  0.763586  0.772502  0.800697  0.854641  0.905726  0.790302  0.753576  0.819453  0.530587  0.857189  0.506983  0.620829  0.819227  0.816638  0.472181  0.795382  0.849240  0.561117 
17  0.460762  0.563061  0.726091  0.577089  0.779565  0.640855  0.751130  0.779180  0.597372  0.704267  0.810085  0.830829  0.628094  0.713743  0.636132  0.751358  0.687160 0.0  0.797743  0.721205  0.622674  0.787983  0.708768  0.742097  0.659235  0.638395  0.736844  0.694529  0.678754  0.424848  0.568007  0.573613  0.638072  0.971367  0.758095  0.600008  0.750795  0.768391  0.240049  0.798165  0.711535  0.626340  0.768718  0.704195  0.711930  0.648170  0.772951  0.595915  0.518688  0.758928  0.834131  0.611105  0.453122  0.782109  0.723879  0.757489  0.840684  0.403030  0.835227  0.816710  0.539489  0.731727  0.823203  0.864509  0.629060  0.685566  0.878103  0.680961  0.487693  0.608802  0.415173  0.728419  0.744617  0.621578  0.746347  0.726102  0.821393  0.698263  0.768996  0.675617  0.819949  0.618737  0.784708  0.857026  0.770989  0.663357  0.684786  0.756942  0.729867  0.702958  0.492250  0.664161  0.843360  0.755519  0.577110  0.823500  0.827432  0.623146 
18  0.939929  0.888656  0.821961  0.905075  0.680787  0.854365  0.744587  0.748248  0.819342  0.715178  0.591746  0.710738  0.821770  0.886112  0.855736  0.814174  0.867020  0.797743 0.0  0.805089  0.689864  0.719049  0.717163  0.706540  0.867087  0.899546  0.702138  0.831729  0.759542  0.842260  0.819206  0.966535  0.733217  0.696935  0.676122  0.806841  0.830271  0.746818  0.870086  0.673635  0.676295  0.805087  0.808523  0.788829  0.865329  0.815356  0.654602  0.798786  0.826255  0.782366  0.741956  0.877657  0.719314  0.783431  0.854932  0.783370  0.398965  0.837045  0.769810  0.613282  0.823037  0.775176  0.582001  0.675954  0.917067  0.778737  0.699831  0.826683  0.879379  0.812591  0.832698  0.713159  0.823928  0.864374  0.710926  0.733204  0.627636  0.753858  0.724125  0.827538  0.618566  0.831626  0.777970  0.700924  0.675621  0.763378  0.765698  0.859519  0.949983  0.760001  0.814382  0.902182  0.612494  0.684917  0.955865  0.534348  0.521062  0.814588 
19  0.585604  0.704601  0.511586  0.722889  0.785471  0.783078  0.766849  0.783918  0.665057  0.714765  0.783950  0.677704  0.547664  0.635049  0.632986  0.713825  0.675462  0.721205  0.805089 0.0  0.686654  0.825326  0.666384  0.763686  0.692830  0.786115  0.744579  0.616595  0.670895  0.579390  0.600438  0.696888  0.720564  0.593329  0.858252  0.609760  0.694680  0.626928  0.579327  0.600233  0.873485  0.603030  0.740322  0.752679  0.817578  0.457305  0.762190  0.510509  0.536582  0.536433  0.754865  0.584243  0.596822  0.735465  0.634309  0.552330  0.822305  0.596522  0.617837  0.760964  0.746749  0.606830  0.709647  0.802043  0.686908  0.606071  0.750161  0.618085  0.727790  0.700693  0.606630  0.614756  0.784110  0.547123  0.706313  0.661127  0.713307  0.733872  0.721466  0.665329  0.780262  0.311934  0.776508  0.701675  0.881187  0.292481  0.578564  0.715676  0.769713  0.848316  0.719849  0.820419  0.726205  0.712034  0.756656  0.753714  0.799550  0.493660 
20  0.781938  0.659763  0.717290  0.840483  0.752270  0.813427  0.516929  0.456150  0.564691  0.450657  0.765751  0.555579  0.656950  0.442693  0.682303  0.417234  0.645021  0.622674  0.689864  0.686654 0.0  0.640550  0.575768  0.608376  0.846493  0.780204  0.584092  0.246152  0.662492  0.759175  0.679722  0.799379  0.447050  0.537712  0.824568  0.714069  0.693000  0.657363  0.698148  0.287508  0.783709  0.797818  0.588356  0.458849  0.791745  0.698190  0.656435  0.783104  0.840048  0.589643  0.501586  0.785259  0.742232  0.621172  0.671316  0.739901  0.708168  0.760546  0.606235  0.537360  0.709971  0.649819  0.658394  0.667642  0.877102  0.679108  0.550612  0.583907  0.727738  0.814237  0.778325  0.444716  0.631994  0.736883  0.586817  0.609902  0.794847  0.487189  0.654806  0.623235  0.683030  0.673595  0.151068  0.612560  0.647791  0.752362  0.616928  0.820578  0.752398  0.524803  0.771789  0.825406  0.671781  0.555144  0.799368  0.736343  0.600420  0.653592 
21  0.751224  0.873657  0.753883  0.740169  0.416738  0.830326  0.714966  0.680021  0.771264  0.757603  0.679048  0.622720  0.692866  0.664512  0.644466  0.711873  0.921941  0.787983  0.719049  0.825326  0.640550 0.0  0.718746  0.558587  0.732000  0.823938  0.710968  0.657326  0.701541  0.740913  0.613291  0.810665  0.591147  0.652296  0.593591  0.684424  0.711385  0.824922  0.798689  0.719582  0.595638  0.843350  0.779064  0.607810  0.873438  0.811416  0.402082  0.797865  0.764175  0.700928  0.730671  0.830763  0.834378  0.533631  0.813149  0.872773  0.663794  0.848490  0.679841  0.520949  0.927747  0.787413  0.472122  0.595706  0.804116  0.676480  0.470200  0.661717  0.715944  0.807616  0.822537  0.587441  0.743065  0.864287  0.716997  0.735866  0.288437  0.590743  0.564528  0.820051  0.837362  0.723685  0.608954  0.564721  0.449929  0.816672  0.767672  0.891889  0.795729  0.587276  0.820201  0.722524  0.528289  0.656348  0.770872  0.620259  0.596028  0.687179 
22  0.781160  0.704894  0.751649  0.734049  0.691667  0.712193  0.561259  0.582690  0.639363  0.511887  0.706217  0.720104  0.714025  0.537677  0.513639  0.622104  0.783667  0.708768  0.717163  0.666384  0.575768  0.718746 0.0  0.725309  0.712312  0.916446  0.575623  0.591373  0.523408  0.750283  0.503782  0.796725  0.477486  0.682756  0.645736  0.591138  0.687862  0.551951  0.711413  0.719255  0.718801  0.664162  0.614370  0.515934  0.793179  0.739813  0.683276  0.689168  0.663932  0.750864  0.707741  0.671522  0.692150  0.599957  0.586577  0.740825  0.745397  0.760263  0.767432  0.571409  0.699616  0.724929  0.755755  0.659758  0.692132  0.544440  0.694711  0.389859  0.734844  0.616024  0.774227  0.657768  0.720813  0.647519  0.518395  0.374569  0.615690  0.594373  0.486248  0.653406  0.734967  0.592818  0.637473  0.647435  0.707473  0.600534  0.657477  0.763363  0.714495  0.729695  0.776834  0.791910  0.747130  0.616561  0.782768  0.689264  0.700326  0.617433 
23  0.733586  0.749227  0.787181  0.929702  0.427548  0.806582  0.575617  0.425443  0.813589  0.664472  0.532104  0.542830  0.728821  0.654773  0.651336  0.584853  0.881845  0.742097  0.706540  0.763686  0.608376  0.558587  0.725309 0.0  0.840267  0.762149  0.612731  0.630288  0.688626  0.772300  0.674121  0.806471  0.553179  0.352212  0.686352  0.827718  0.697324  0.699633  0.742418  0.545256  0.675288  0.845126  0.770667  0.636825  0.792577  0.712639  0.563230  0.837240  0.666507  0.603699  0.543824  0.791030  0.753583  0.531792  0.700077  0.659484  0.648867  0.735238  0.478438  0.575840  0.696300  0.721769  0.534433  0.452535  0.787039  0.664089  0.481986  0.652672  0.715580  0.694179  0.705310  0.662596  0.755080  0.766111  0.655259  0.763290  0.607526  0.494803  0.581129  0.869845  0.766706  0.731564  0.697571  0.479911  0.524640  0.674490  0.811517  0.829404  0.754235  0.357438  0.705205  0.753778  0.542039  0.524527  0.756387  0.664293  0.705115  0.631818 
24  0.782554  0.573995  0.671660  0.531046  0.808366  0.624403  0.787338  0.772254  0.508510  0.781976  0.913597  0.686281  0.767219  0.695839  0.811479  0.709473  0.461482  0.659235  0.867087  0.692830  0.846493  0.732000  0.712312  0.840267 0.0  0.607778  0.687090  0.728685  0.648896  0.694369  0.763804  0.577332  0.736304  0.849800  0.793658  0.664848  0.711166  0.634345  0.732998  0.771881  0.730732  0.617994  0.691007  0.674501  0.665239  0.718081  0.758025  0.660925  0.596457  0.767744  0.778942  0.700637  0.639268  0.766492  0.653138  0.808671  0.896915  0.648646  0.822453  0.890350  0.642842  0.706280  0.796135  0.836672  0.340845  0.810169  0.847941  0.694440  0.538842  0.642509  0.739654  0.863274  0.614191  0.721967  0.744827  0.816959  0.805907  0.849156  0.772146  0.557769  0.771655  0.628969  0.901281  0.765751  0.755629  0.788847  0.750011  0.844623  0.681559  0.824415  0.470878  0.661973  0.858804  0.954104  0.577719  0.924982  0.792359  0.659412 
25  0.850546  0.587236  0.775865  0.661764  0.846388  0.770994  0.762511  0.893154  0.548351  0.749154  0.793970  0.848072  0.725912  0.785883  0.710065  0.760680  0.415192  0.638395  0.899546  0.786115  0.780204  0.823938  0.916446  0.762149  0.607778 0.0  0.750002  0.811018  0.648505  0.577114  0.678162  0.622461  0.759135  0.770718  0.895204  0.827644  0.787147  0.774155  0.640746  0.843135  0.787104  0.729440  0.749274  0.760134  0.506138  0.689305  0.853491  0.748743  0.713459  0.804957  0.740885  0.546090  0.523253  0.865112  0.820749  0.809705  0.879284  0.670896  0.775891  0.894876  0.631150  0.695829  0.843628  0.837001  0.661357  0.799694  0.862418  0.694397  0.666875  0.685924  0.820513  0.779266  0.615250  0.733621  0.774892  0.774032  0.794266  0.822130  0.772067  0.681996  0.887961  0.850677  0.854855  0.841731  0.758757  0.930910  0.743471  0.696121  0.603937  0.775885  0.538892  0.705815  0.896660  0.829207  0.435468  0.762484  0.828963  0.557876 
26  0.725584  0.731828  0.716370  0.604384  0.581584  0.858827  0.563255  0.454618  0.729690  0.596588  0.698266  0.557115  0.768733  0.529666  0.596865  0.537490  0.791314  0.736844  0.702138  0.744579  0.584092  0.710968  0.575623  0.612731  0.687090  0.750002 0.0  0.637625  0.614291  0.815939  0.732759  0.767112  0.418643  0.516537  0.672678  0.666331  0.613084  0.696661  0.683018  0.583029  0.718546  0.684734  0.724389  0.369185  0.735963  0.827771  0.645691  0.758606  0.736788  0.714614  0.606583  0.822359  0.756746  0.539612  0.820480  0.797827  0.654850  0.777103  0.637221  0.654613  0.754858  0.768579  0.664509  0.542119  0.794075  0.535428  0.678441  0.589156  0.806123  0.700679  0.889849  0.513958  0.730698  0.718626  0.607489  0.591074  0.682797  0.132591  0.175733  0.770819  0.602223  0.634692  0.545443  0.606872  0.552306  0.804182  0.717779  0.758105  0.823830  0.533188  0.801504  0.710455  0.614960  0.480326  0.787744  0.674793  0.740378  0.776463 
27  0.756843  0.714072  0.683218  0.749509  0.737914  0.772287  0.301565  0.552101  0.754444  0.440038  0.721596  0.522238  0.812190  0.580508  0.659710  0.478772  0.738846  0.694529  0.831729  0.616595  0.246152  0.657326  0.591373  0.630288  0.728685  0.811018  0.637625 0.0  0.639194  0.762228  0.734944  0.715240  0.499936  0.623837  0.799637  0.721082  0.656092  0.601009  0.624214  0.285046  0.737352  0.736484  0.618909  0.393947  0.798416  0.665258  0.783468  0.591750  0.773820  0.530240  0.493396  0.768651  0.724361  0.618266  0.756981  0.629679  0.781851  0.747484  0.647207  0.791217  0.726771  0.706982  0.725218  0.680529  0.741079  0.580693  0.600769  0.652448  0.695497  0.776879  0.668268  0.470243  0.693164  0.779617  0.549139  0.602034  0.727580  0.625289  0.470084  0.827026  0.730867  0.776895  0.314241  0.510877  0.612668  0.621955  0.649505  0.759158  0.733839  0.604890  0.703014  0.818918  0.656603  0.367282  0.848410  0.604964  0.765386  0.671231 
28  0.655153  0.744094  0.694442  0.724148  0.653116  0.661604  0.629320  0.686737  0.726782  0.598116  0.757553  0.695870  0.680188  0.596102  0.549327  0.610380  0.712122  0.678754  0.759542  0.670895  0.662492  0.701541  0.523408  0.688626  0.648896  0.648505  0.614291  0.639194 0.0  0.644233  0.569301  0.713355  0.625570  0.691943  0.739212  0.524701  0.566187  0.391269  0.586347  0.686087  0.738086  0.603068  0.567213  0.573276  0.727117  0.723793  0.741370  0.634397  0.613964  0.632637  0.635380  0.786817  0.682730  0.772725  0.741794  0.746409  0.685897  0.747893  0.733783  0.818271  0.724342  0.690698  0.617309  0.816509  0.737288  0.478751  0.725475  0.498509  0.742117  0.517168  0.624346  0.617860  0.708887  0.651807  0.583793  0.567783  0.720048  0.600968  0.635114  0.543771  0.771909  0.630417  0.610053  0.633788  0.655593  0.738521  0.559963  0.849342  0.635183  0.767905  0.767093  0.761953  0.722385  0.641734  0.728344  0.717144  0.760805  0.657326 
29  0.434981  0.582927  0.720230  0.473776  0.724098  0.765272  0.805000  0.721948  0.549090  0.726163  0.799344  0.860950  0.596396  0.621105  0.783579  0.711730  0.658267  0.424848  0.842260  0.579390  0.759175  0.740913  0.750283  0.772300  0.694369  0.577114  0.815939  0.762228  0.644233 0.0  0.784568  0.667196  0.758512  0.698632  0.832423  0.719517  0.802457  0.664329  0.392424  0.855872  0.857325  0.596234  0.720208  0.774650  0.761259  0.543002  0.746547  0.614828  0.555971  0.776376  0.666554  0.515296  0.498230  0.828363  0.754733  0.692630  0.854064  0.433402  0.765760  0.798779  0.495165  0.711267  0.755534  0.846542  0.541055  0.732369  0.746294  0.798067  0.668184  0.697454  0.366972  0.814736  0.666307  0.538132  0.653880  0.778155  0.766869  0.825675  0.813862  0.778864  0.793962  0.673758  0.765503  0.808468  0.778892  0.745228  0.590497  0.779259  0.706475  0.866213  0.520234  0.803312  0.845518  0.805829  0.625848  0.857513  0.821192  0.592160 
30  0.707539  0.635910  0.696673  0.806584  0.694922  0.752992  0.697682  0.766362  0.622194  0.645633  0.726730  0.752539  0.614154  0.705972  0.516683  0.701012  0.728383  0.568007  0.819206  0.600438  0.679722  0.613291  0.503782  0.674121  0.763804  0.678162  0.732759  0.734944  0.569301  0.784568 0.0  0.661974  0.654120  0.809389  0.794777  0.473448  0.568592  0.550329  0.687238  0.551136  0.693085  0.588608  0.569080  0.757041  0.687053  0.629296  0.707985  0.463907  0.656516  0.753329  0.738849  0.620472  0.655164  0.613659  0.783019  0.717156  0.774752  0.616937  0.741047  0.636915  0.782936  0.709038  0.827307  0.806045  0.638260  0.573550  0.646599  0.508610  0.754223  0.767931  0.609167  0.661164  0.751536  0.592929  0.637116  0.526945  0.738096  0.694478  0.648005  0.620919  0.681533  0.600351  0.714387  0.773080  0.732260  0.615241  0.536317  0.716884  0.668409  0.757273  0.723198  0.769124  0.869792  0.663289  0.703526  0.871220  0.761868  0.545331 
31  0.609875  0.627421  0.812658  0.735815  0.862154  0.569324  0.847226  0.917632  0.605265  0.669930  0.842639  0.761925  0.761474  0.859659  0.854289  0.828237  0.437090  0.573613  0.966535  0.696888  0.799379  0.810665  0.796725  0.806471  0.577332  0.622461  0.767112  0.715240  0.713355  0.667196  0.661974 0.0  0.767310  0.835210  0.938507  0.755480  0.651095  0.692291  0.650478  0.771951  0.868053  0.542495  0.693990  0.702107  0.511746  0.709201  0.777583  0.621576  0.657815  0.820435  0.805153  0.551348  0.669052  0.856864  0.689368  0.819441  0.872349  0.666606  0.785147  0.735836  0.612118  0.844757  0.781951  0.699576  0.666313  0.719704  0.876618  0.742511  0.607950  0.671420  0.725123  0.698648  0.662224  0.678882  0.846640  0.747169  0.751936  0.814888  0.814059  0.756269  0.840148  0.671885  0.655616  0.706317  0.795429  0.657662  0.706688  0.575476  0.510652  0.758737  0.645668  0.621608  0.858971  0.748156  0.649559  0.768015  0.814169  0.560415 
32  0.768446  0.709708  0.628678  0.804823  0.670289  0.775247  0.420582  0.559348  0.814071  0.515928  0.735107  0.474303  0.785535  0.544572  0.681072  0.021928  0.795659  0.638072  0.733217  0.720564  0.447050  0.591147  0.477486  0.553179  0.736304  0.759135  0.418643  0.499936  0.625570  0.758512  0.654120  0.767310 0.0  0.553821  0.727565  0.609664  0.563630  0.601217  0.711052  0.504354  0.729913  0.601604  0.655556  0.085079  0.861207  0.715785  0.610839  0.678784  0.774364  0.512040  0.453010  0.754637  0.770492  0.635816  0.699269  0.708077  0.608306  0.822490  0.639445  0.643511  0.705698  0.685549  0.576177  0.583215  0.731034  0.603168  0.683406  0.639629  0.728602  0.690249  0.814056  0.133641  0.740759  0.774359  0.515060  0.507468  0.667763  0.467123  0.536536  0.783357  0.595096  0.788890  0.472249  0.583360  0.643136  0.712646  0.578561  0.681523  0.839256  0.518254  0.861841  0.731420  0.772441  0.395688  0.759605  0.752583  0.787368  0.687979 
33  0.805918  0.874327  0.786566  0.719723  0.478598  0.779970  0.529605  0.484166  0.821351  0.609550  0.761318  0.467779  0.773868  0.662477  0.709858  0.607444  0.832636  0.971367  0.696935  0.593329  0.537712  0.652296  0.682756  0.352212  0.849800  0.770718  0.516537  0.623837  0.691943  0.698632  0.809389  0.835210  0.553821 0.0  0.661922  0.619012  0.626183  0.778281  0.805665  0.659541  0.653588  0.760471  0.775732  0.576343  0.841877  0.614718  0.543624  0.728223  0.655087  0.609878  0.624339  0.801234  0.682059  0.496855  0.707790  0.761299  0.606218  0.748528  0.386487  0.425144  0.699046  0.700681  0.432003  0.489337  0.802565  0.681485  0.520038  0.732872  0.780033  0.728436  0.679224  0.569486  0.740553  0.727557  0.780914  0.622694  0.633907  0.449472  0.476200  0.827602  0.578866  0.691618  0.583482  0.434837  0.557519  0.703575  0.715388  0.851979  0.856204  0.430806  0.705652  0.782484  0.667352  0.602980  0.850363  0.637567  0.606936  0.799149 
34  0.760052  0.787050  0.760320  0.821337  0.660721  0.789329  0.675549  0.727430  0.746157  0.795855  0.510598  0.676022  0.790268  0.812600  0.734584  0.678811  0.953558  0.758095  0.676122  0.858252  0.824568  0.593591  0.645736  0.686352  0.793658  0.895204  0.672678  0.799637  0.739212  0.832423  0.794777  0.938507  0.727565  0.661922 0.0  0.821687  0.694386  0.743285  0.770080  0.696300  0.388446  0.803360  0.801457  0.766380  0.865312  0.765978  0.560299  0.791651  0.848304  0.743449  0.658494  0.834082  0.912973  0.484474  0.812638  0.779145  0.650733  0.888872  0.614406  0.530138  0.912267  0.823329  0.578903  0.615232  0.889010  0.861296  0.696339  0.822144  0.781263  0.809636  0.879030  0.681595  0.877659  0.749597  0.736219  0.773663  0.595368  0.644811  0.704258  0.777108  0.450413  0.781122  0.722643  0.687346  0.747256  0.825218  0.731805  0.833846  0.792606  0.802291  0.861818  0.758720  0.427814  0.753286  0.780062  0.468421  0.190469  0.822642 
35  0.661266  0.660911  0.707236  0.769572  0.669153  0.690732  0.597265  0.651870  0.530297  0.573968  0.900974  0.614254  0.605780  0.605146  0.417881  0.689756  0.677992  0.600008  0.806841  0.609760  0.714069  0.684424  0.591138  0.827718  0.664848  0.827644  0.666331  0.721082  0.524701  0.719517  0.473448  0.755480  0.609664  0.619012  0.821687 0.0  0.688156  0.618762  0.593139  0.644035  0.737548  0.604701  0.550571  0.683323  0.751919  0.576580  0.767696  0.559919  0.547192  0.639415  0.668551  0.724542  0.700594  0.682083  0.689109  0.622094  0.810478  0.787232  0.769019  0.723208  0.605667  0.747923  0.781593  0.789674  0.703677  0.451241  0.729025  0.442283  0.740953  0.571225  0.658959  0.639436  0.795757  0.541277  0.512721  0.599687  0.787059  0.767670  0.612988  0.694106  0.863584  0.544431  0.645236  0.642882  0.699462  0.481724  0.458826  0.721044  0.873729  0.743610  0.573174  0.778793  0.702642  0.682475  0.706718  0.775051  0.739816  0.564453 
36  0.796170  0.603136  0.720083  0.748262  0.685073  0.644943  0.584008  0.667299  0.775675  0.696078  0.738832  0.732298  0.622135  0.622955  0.504169  0.670134  0.598019  0.750795  0.830271  0.694680  0.693000  0.711385  0.687862  0.697324  0.711166  0.787147  0.613084  0.656092  0.566187  0.802457  0.568592  0.651095  0.563630  0.626183  0.694386  0.688156 0.0  0.414150  0.730271  0.675422  0.810138  0.683145  0.673475  0.650839  0.698992  0.745309  0.724113  0.686620  0.825597  0.683653  0.600414  0.792730  0.690335  0.711202  0.773872  0.825440  0.703371  0.797843  0.731066  0.793160  0.800796  0.819203  0.769330  0.619292  0.737000  0.610234  0.792308  0.587175  0.691285  0.675791  0.628593  0.567488  0.818442  0.686380  0.580797  0.392826  0.724985  0.609598  0.586026  0.707885  0.729633  0.728309  0.755563  0.604165  0.604160  0.722290  0.599026  0.739441  0.812068  0.575457  0.769649  0.872774  0.801902  0.650138  0.724208  0.740684  0.729775  0.626615 
37  0.649088  0.740993  0.716219  0.796473  0.752613  0.734334  0.660975  0.827371  0.723170  0.652538  0.773595  0.674432  0.702784  0.745902  0.577740  0.571536  0.642421  0.768391  0.746818  0.626928  0.657363  0.824922  0.551951  0.699633  0.634345  0.774155  0.696661  0.601009  0.391269  0.664329  0.550329  0.692291  0.601217  0.778281  0.743285  0.618762  0.414150 0.0  0.612358  0.843009  0.754558  0.635808  0.613091  0.584323  0.713425  0.727544  0.795106  0.652766  0.678929  0.715804  0.665072  0.758044  0.722384  0.654001  0.676648  0.680138  0.858149  0.695003  0.711585  0.791082  0.795855  0.756462  0.641735  0.687933  0.774337  0.579774  0.712856  0.462409  0.715831  0.539639  0.666971  0.583227  0.662044  0.676186  0.597747  0.533866  0.791945  0.595144  0.675378  0.656067  0.637708  0.778450  0.667153  0.706386  0.801683  0.692496  0.753747  0.784794  0.686331  0.750816  0.691306  0.768629  0.691291  0.698804  0.615273  0.736260  0.736410  0.646283 
38  0.349833  0.651731  0.765963  0.491649  0.775002  0.778714  0.744272  0.771101  0.495623  0.807503  0.791598  0.792156  0.582349  0.740571  0.693091  0.793483  0.747340  0.240049  0.870086  0.579327  0.698148  0.798689  0.711413  0.742418  0.732998  0.640746  0.683018  0.624214  0.586347  0.392424  0.687238  0.650478  0.711052  0.805665  0.770080  0.593139  0.730271  0.612358 0.0  0.677346  0.793990  0.492611  0.665639  0.711011  0.765127  0.520416  0.791401  0.703560  0.478110  0.746032  0.749986  0.629629  0.473812  0.765889  0.645594  0.669512  0.910914  0.483783  0.909026  0.723656  0.488891  0.634845  0.825673  0.744271  0.656472  0.748553  0.846814  0.712985  0.704896  0.706899  0.240293  0.753338  0.705069  0.584536  0.709070  0.797090  0.896610  0.679806  0.846887  0.654748  0.794661  0.622944  0.777268  0.797364  0.863415  0.682504  0.618219  0.768810  0.742232  0.898027  0.458318  0.668106  0.888244  0.776599  0.635983  0.853765  0.873859  0.540847 
39  0.645069  0.776689  0.762919  0.734506  0.713310  0.779414  0.478774  0.613510  0.686455  0.535543  0.750331  0.564769  0.739227  0.397878  0.703450  0.462583  0.758443  0.798165  0.673635  0.600233  0.287508  0.719582  0.719255  0.545256  0.771881  0.843135  0.583029  0.285046  0.686087  0.855872  0.551136  0.771951  0.504354  0.659541  0.696300  0.644035  0.675422  0.843009  0.677346 0.0  0.678845  0.699258  0.709023  0.540383  0.830194  0.706705  0.742661  0.607707  0.713398  0.570729  0.544299  0.720242  0.786175  0.692877  0.744297  0.719979  0.707647  0.767983  0.645903  0.665759  0.861346  0.710303  0.665082  0.700541  0.715118  0.611478  0.694068  0.531557  0.767717  0.757696  0.688729  0.575086  0.778663  0.847767  0.637298  0.626945  0.597788  0.535600  0.687166  0.726586  0.680700  0.602044  0.224675  0.479624  0.719868  0.613532  0.632196  0.819650  0.805559  0.686073  0.681964  0.959096  0.695329  0.473527  0.823252  0.733798  0.704032  0.695470 
