98
0 0.0  0.819045  0.649400  0.629008  0.146471  0.633102  0.561103  0.529221  0.741754  0.690400  0.737253  0.500254  0.813580  0.641097  0.684462  0.454083  0.645505  0.650365  0.662305  0.604977  0.662527  0.606339  0.559589  0.619163  0.878661  0.517072  0.752698  0.702646  0.638974  0.614043  0.659571  0.443562  0.729386  0.835248  0.678312  0.819392  0.703311  0.484285  0.420038  0.624571  0.734651  0.265575  0.774801  0.621118  0.709757  0.668643  0.646934  0.670540  0.792443  0.492160  0.712451  0.687263  0.587651  0.682532  0.529829  0.558524  0.738778  0.530593  0.695433  0.701532  0.710248  0.511664  0.651143  0.678732  0.513232  0.643202  0.738675  0.643025  0.614781  0.734302  0.533532  0.561152  0.699578  0.650881  0.597213  0.791553  0.751691  0.581470  0.778993  0.544069  0.531109  0.552100  0.646435  0.755204  0.740690  0.808669  0.528025  0.752390  0.847667  0.579780  0.707582  0.747642  0.650916  0.643995  0.611172  0.766993  0.638959  0.629970 
1  0.819045 0.0  0.656102  0.741940  0.829836  0.750720  0.771676  0.893460  0.622713  0.620674  0.631178  0.954733  0.314018  0.782937  0.739449  0.885019  0.748404  0.783662  0.800359  0.703051  0.656442  0.824299  0.881017  0.802235  0.687215  0.828297  0.815972  0.749871  0.834094  0.575682  0.781381  0.723514  0.856939  0.870340  0.836592  0.922617  0.799426  0.779335  0.808655  0.860620  0.657727  0.812758  0.875072  0.919317  0.767399  0.892308  0.699086  0.728684  0.726836  0.787307  0.672744  0.880127  0.787983  0.962669  0.752245  1.000000  0.692389  0.831666  0.641640  0.417194  0.576757  0.729067  0.909580  0.651709  0.826996  0.635498  0.644981  0.589513  0.697047  0.884983  0.851624  0.855523  0.771699  0.834945  0.762180  0.227688  0.812836  0.819626  0.688330  0.711342  0.876309  0.739500  0.757963  0.468319  0.734634  0.492038  0.844737  0.718576  0.556634  0.813986  0.869425  0.790424  0.800988  0.826648  0.686584  0.615131  0.857487  0.802652 
2  0.649400  0.656102 0.0  0.565782  0.732399  0.588989  0.671912  0.781379  0.564367  0.549542  0.490589  0.712283  0.752325  0.567878  0.429913  0.642432  0.544386  0.533264  0.474642  0.426438  0.379402  0.768373  0.637455  0.763746  0.531401  0.665557  0.692796  0.697558  0.828986  0.685662  0.434398  0.647778  0.798485  0.929404  0.889703  0.826584  0.794528  0.554253  0.729588  0.750679  0.495979  0.684827  0.797787  0.826973  0.942137  0.729853  0.468653  0.561206  0.520335  0.669661  0.548604  0.800662  0.471169  0.683728  0.653415  0.759802  0.579432  0.648533  0.441614  0.751381  0.610013  0.577948  0.784674  0.558278  0.594669  0.331016  0.678273  0.490794  0.462254  0.813044  0.744921  0.718061  0.559302  0.787202  0.547041  0.724147  0.793076  0.643488  0.789880  0.488772  0.731845  0.737030  0.779353  0.598715  0.413583  0.617026  0.603819  0.662510  0.597152  0.361291  0.743016  0.771992  0.530441  0.765195  0.502077  0.592564  0.838284  0.776717 
3  0.629008  0.741940  0.565782 0.0  0.704278  0.456202  0.503712  0.687222  0.605601  0.588757  0.682614  0.594506  0.763413  0.370186  0.522291  0.593880  0.629058  0.372393  0.455007  0.388304  0.556661  0.745528  0.555244  0.755043  0.653401  0.468546  0.839488  0.648412  0.834318  0.626699  0.552324  0.670332  0.664810  0.880080  0.837554  0.696303  0.758088  0.461552  0.714780  0.759574  0.696472  0.656344  0.724620  0.706092  0.726678  0.765057  0.130566  0.521022  0.617681  0.647921  0.620046  0.757505  0.595523  0.828074  0.722589  0.725315  0.622416  0.608315  0.537686  0.703964  0.641448  0.576539  0.755826  0.472630  0.734689  0.653318  0.629337  0.673165  0.135106  0.747617  0.724888  0.700744  0.486854  0.765269  0.347113  0.772709  0.865931  0.667510  0.784800  0.391459  0.745384  0.686714  0.749558  0.749310  0.549338  0.721366  0.594644  0.850764  0.760338  0.456153  0.724028  0.790895  0.485811  0.763833  0.426659  0.687692  0.816353  0.677757 
4  0.146471  0.829836  0.732399  0.704278 0.0  0.653820  0.674453  0.535300  0.875582  0.653077  0.750887  0.369436  0.871733  0.610310  0.661914  0.534510  0.506755  0.575259  0.648522  0.767839  0.625754  0.673556  0.684529  0.568751  0.702398  0.463686  0.533402  0.581007  0.666594  0.744017  0.661680  0.336566  0.663855  0.822230  0.662183  0.811399  0.576979  0.554334  0.456097  0.588840  0.658707  0.286788  0.767968  0.815872  0.706099  0.770824  0.680807  0.621259  0.748608  0.519822  0.617357  0.736709  0.653884  0.784654  0.565696  0.565651  0.781831  0.520512  0.694269  0.812732  0.674575  0.568971  0.741472  0.685974  0.377305  0.753768  0.827054  0.804376  0.610336  0.625784  0.412211  0.593367  0.556001  0.667795  0.539257  0.836400  0.736842  0.545580  0.570726  0.670604  0.421982  0.534334  0.822262  0.820280  0.639529  0.716316  0.525223  0.713210  0.632228  0.677456  0.671806  0.798470  0.746833  0.695426  0.629904  0.717158  0.741693  0.619606 
5  0.633102  0.750720  0.588989  0.456202  0.653820 0.0  0.495166  0.823018  0.613434  0.589035  0.662772  0.644456  0.785438  0.442302  0.512539  0.573523  0.447129  0.484349  0.560772  0.555060  0.572545  0.605392  0.606781  0.761991  0.674481  0.537672  0.749243  0.694151  0.717391  0.730355  0.578994  0.639600  0.783291  0.836951  0.746932  0.748356  0.732141  0.540502  0.549031  0.687566  0.726988  0.650472  0.738130  0.670638  0.882704  0.792427  0.343845  0.338868  0.633680  0.687441  0.599132  0.806128  0.527680  0.796972  0.607428  0.706137  0.644937  0.702368  0.555968  0.708965  0.644819  0.509138  0.574699  0.617130  0.637442  0.600907  0.763047  0.646298  0.422121  0.719528  0.673882  0.677622  0.407912  0.808258  0.422300  0.737425  0.789975  0.547953  0.846844  0.384489  0.733452  0.713576  0.778397  0.713577  0.503374  0.767503  0.589014  0.802794  0.722827  0.609509  0.711360  0.771220  0.487739  0.717070  0.485502  0.665443  0.752886  0.634327 
6  0.561103  0.771676  0.671912  0.503712  0.674453  0.495166 0.0  0.607267  0.712856  0.680805  0.687777  0.538061  0.817705  0.402574  0.631796  0.493573  0.613205  0.541136  0.606479  0.512532  0.610345  0.721578  0.644723  0.876038  0.675542  0.416667  0.686335  0.671861  0.656586  0.735287  0.557625  0.554922  0.733269  0.706315  0.690243  0.759036  0.609181  0.495517  0.561819  0.517178  0.835974  0.591731  0.813302  0.646234  0.724049  0.741221  0.514006  0.444285  0.622805  0.574438  0.751036  0.794957  0.557967  0.722065  0.651930  0.718081  0.635550  0.616507  0.633944  0.723132  0.670130  0.390475  0.640277  0.593921  0.613832  0.694244  0.756273  0.617180  0.619361  0.688989  0.587025  0.723923  0.478714  0.733267  0.531509  0.765686  0.754829  0.639366  0.765577  0.551515  0.558052  0.563433  0.702556  0.839724  0.549601  0.761932  0.367244  0.873745  0.765698  0.577285  0.654968  0.756727  0.554652  0.606283  0.463351  0.662530  0.703535  0.613289 
7  0.529221  0.893460  0.781379  0.687222  0.535300  0.823018  0.607267 0.0  0.827323  0.800109  0.771859  0.626569  0.841716  0.729665  0.667723  0.681598  0.538005  0.732226  0.832430  0.609862  0.722424  0.475243  0.645804  0.630487  0.725593  0.612589  0.516156  0.786637  0.698077  0.831276  0.662578  0.723557  0.676478  0.703766  0.609760  0.693513  0.575712  0.710000  0.444736  0.681367  0.790603  0.585601  0.551435  0.674841  0.626593  0.589770  0.624192  0.764665  0.844708  0.523980  0.785984  0.725872  0.658373  0.649546  0.548531  0.530522  0.879751  0.495370  0.789175  0.714222  0.767407  0.556317  0.688924  0.631924  0.523974  0.743890  0.789191  0.779399  0.798319  0.694533  0.534757  0.550407  0.688461  0.492564  0.665380  0.795605  0.641833  0.637885  0.636239  0.616406  0.467293  0.586123  0.590568  0.671356  0.701535  0.777977  0.599819  0.646815  0.823513  0.704339  0.675830  0.628678  0.668427  0.646101  0.698926  0.862358  0.754174  0.609822 
8  0.741754  0.622713  0.564367  0.605601  0.875582  0.613434  0.712856  0.827323 0.0  0.530095  0.456674  0.678728  0.576455  0.618763  0.651087  0.804014  0.643953  0.643691  0.557824  0.703212  0.788271  0.883398  0.674204  0.831546  0.474705  0.732746  0.792662  0.782179  0.876473  0.714177  0.605465  0.680494  0.692485  0.864832  0.913450  0.876109  0.711845  0.697158  0.803821  0.724080  0.479950  0.794732  0.963926  0.926744  0.864467  0.838600  0.647042  0.719234  0.581970  0.781395  0.604171  0.815642  0.582956  0.875398  0.803068  0.862760  0.506921  0.754991  0.505222  0.587399  0.514508  0.787917  0.730464  0.623070  0.816894  0.471779  0.637863  0.571733  0.687288  0.873630  0.677642  0.851698  0.693062  0.785724  0.625860  0.740257  0.688033  0.788855  0.843453  0.630544  0.658143  0.678889  0.876997  0.558618  0.545049  0.407806  0.804616  0.857327  0.506373  0.707435  0.780278  0.632766  0.665482  0.845229  0.667856  0.540076  0.880473  0.659382 
9  0.690400  0.620674  0.549542  0.588757  0.653077  0.589035  0.680805  0.800109  0.530095 0.0  0.444360  0.596423  0.604425  0.615377  0.649919  0.721702  0.653519  0.579805  0.586479  0.671784  0.636234  0.828259  0.680900  0.864098  0.412838  0.718711  0.798558  0.821616  0.856146  0.575746  0.717736  0.726105  0.652095  0.807635  0.826028  0.763236  0.782321  0.578858  0.694677  0.736706  0.505243  0.872648  0.820136  0.831123  0.860775  0.839828  0.663824  0.671691  0.477407  0.793365  0.559546  0.797681  0.738491  0.900369  0.642121  0.795961  0.110832  0.788835  0.523551  0.478443  0.467649  0.712495  0.724533  0.569372  0.695726  0.544931  0.582412  0.475100  0.702864  0.772021  0.866502  0.693310  0.627177  0.716508  0.645496  0.615377  0.865293  0.759946  0.852688  0.566288  0.737809  0.887033  0.781000  0.497135  0.455188  0.258111  0.645527  0.767863  0.484780  0.577341  0.878531  0.772563  0.655196  0.878317  0.669742  0.446012  0.779730  0.810370 
10  0.737253  0.631178  0.490589  0.682614  0.750887  0.662772  0.687777  0.771859  0.456674  0.444360 0.0  0.838527  0.691421  0.637201  0.612706  0.577207  0.652260  0.596261  0.514310  0.567829  0.524126  0.861970  0.688762  0.850629  0.440261  0.792483  0.726350  0.716393  0.794429  0.639187  0.583387  0.708894  0.748743  0.895397  0.810324  0.846478  0.731582  0.580108  0.740033  0.795917  0.479853  0.741887  0.804504  0.762422  0.798954  0.856849  0.560171  0.747484  0.360113  0.733677  0.593327  0.862389  0.580027  0.711714  0.760576  0.804015  0.480678  0.774618  0.513528  0.675312  0.468682  0.686092  0.741311  0.692401  0.739316  0.475140  0.594160  0.651814  0.682632  0.910151  0.719597  0.798979  0.734035  0.759410  0.623449  0.657035  0.862840  0.729473  0.785698  0.498646  0.821876  0.750886  0.775947  0.602781  0.597322  0.513739  0.628002  0.803694  0.633016  0.548990  0.727626  0.846459  0.582595  0.792676  0.623008  0.478227  0.778508  0.850006 
11  0.500254  0.954733  0.712283  0.594506  0.369436  0.644456  0.538061  0.626569  0.678728  0.596423  0.838527 0.0  0.643184  0.501793  0.683072  0.316150  0.704854  0.618968  0.695460  0.512552  0.712343  0.671168  0.538713  0.655712  0.603568  0.337742  0.614834  0.753678  0.730338  0.667005  0.645804  0.318238  0.743465  0.801420  0.637839  0.680776  0.726948  0.528942  0.558023  0.726327  0.551451  0.415577  0.742546  0.677620  0.790751  0.612184  0.570664  0.654344  0.644572  0.629082  0.684750  0.882479  0.555696  0.684503  0.593449  0.710307  0.760949  0.746519  0.655749  0.787392  0.734981  0.546037  0.677579  0.435762  0.469182  0.480277  0.804443  0.860183  0.642076  0.691912  0.504798  0.585972  0.586799  0.634491  0.578736  0.697892  0.658196  0.653180  0.684545  0.593675  0.586393  0.537013  0.688285  0.734144  0.619567  0.675216  0.543146  0.766858  0.797430  0.524061  0.600801  0.763192  0.637631  0.743879  0.613115  0.778228  0.789952  0.669569 
12  0.813580  0.314018  0.752325  0.763413  0.871733  0.785438  0.817705  0.841716  0.576455  0.604425  0.691421  0.643184 0.0  0.742684  0.772609  0.741789  0.722957  0.717934  0.676462  0.793816  0.766477  0.788766  0.734247  0.793109  0.672524  0.801899  0.839592  0.833241  0.899826  0.626534  0.806285  0.860688  0.860320  0.995362  0.848104  0.941083  0.816316  0.816325  0.831790  0.866106  0.708163  0.858350  0.796912  0.840778  0.921567  0.739843  0.802228  0.751593  0.635159  0.912624  0.677589  0.945342  0.681406  0.866304  0.892001  0.842729  0.642034  0.855253  0.608424  0.489764  0.617778  0.803965  0.843458  0.745140  0.784082  0.709015  0.493257  0.567698  0.677863  0.858655  0.837582  0.868802  0.808461  0.912586  0.817670  0.389974  0.852589  0.697454  0.797484  0.645965  0.820334  0.754211  0.867197  0.466502  0.714200  0.673139  0.877648  0.862228  0.540066  0.705495  0.937037  0.849123  0.738535  0.901666  0.780316  0.658029  0.880588  0.776272 
13  0.641097  0.782937  0.567878  0.370186  0.610310  0.442302  0.402574  0.729665  0.618763  0.615377  0.637201  0.501793  0.742684 0.0  0.379326  0.693569  0.326148  0.434775  0.561971  0.344791  0.398313  0.750380  0.628339  0.808419  0.681134  0.556236  0.706784  0.637298  0.820569  0.737176  0.514829  0.608530  0.639651  0.769398  0.740573  0.805742  0.659681  0.473642  0.736951  0.687482  0.689975  0.556205  0.723826  0.805943  0.864448  0.711652  0.419198  0.489377  0.672957  0.661693  0.742252  0.788286  0.241431  0.846904  0.493796  0.736050  0.696160  0.724193  0.533746  0.694219  0.686889  0.568107  0.700582  0.475999  0.538497  0.545434  0.831835  0.750017  0.408239  0.834433  0.673706  0.888157  0.144407  0.730844  0.302121  0.784021  0.715832  0.624674  0.774791  0.334492  0.623400  0.706616  0.723106  0.788731  0.559694  0.720520  0.537721  0.829512  0.697858  0.434062  0.651575  0.822061  0.244473  0.750138  0.275081  0.714989  0.778112  0.671550 
14  0.684462  0.739449  0.429913  0.522291  0.661914  0.512539  0.631796  0.667723  0.651087  0.649919  0.612706  0.683072  0.772609  0.379326 0.0  0.587570  0.093168  0.505072  0.553330  0.437087  0.517608  0.827479  0.599645  0.845724  0.512096  0.673752  0.705003  0.690488  0.747392  0.647704  0.102237  0.548643  0.783131  0.818273  0.824997  0.772883  0.766931  0.298515  0.567143  0.685157  0.526022  0.673811  0.739138  0.798347  0.817625  0.655225  0.481547  0.497493  0.627609  0.712551  0.645840  0.772048  0.408741  0.720265  0.775195  0.786464  0.625008  0.737546  0.564589  0.681637  0.584144  0.550096  0.584595  0.302408  0.564400  0.546307  0.594671  0.668230  0.476391  0.757703  0.692253  0.822110  0.450787  0.761168  0.451498  0.755169  0.809775  0.679609  0.815523  0.473781  0.666635  0.623564  0.758059  0.775615  0.256964  0.606811  0.588476  0.740401  0.694005  0.260957  0.666039  0.803841  0.445935  0.690563  0.457546  0.635368  0.677773  0.712030 
15  0.454083  0.885019  0.642432  0.593880  0.534510  0.573523  0.493573  0.681598  0.804014  0.721702  0.577207  0.316150  0.741789  0.693569  0.587570 0.0  0.566302  0.596379  0.651931  0.612539  0.640779  0.630328  0.665569  0.800210  0.622914  0.575434  0.643143  0.709473  0.844312  0.793513  0.642814  0.330620  0.708354  0.837737  0.729447  0.834704  0.735424  0.577384  0.527320  0.699364  0.726404  0.423509  0.763396  0.832844  0.708685  0.738540  0.576659  0.570089  0.685916  0.584479  0.737713  0.727447  0.528822  0.765833  0.481459  0.651776  0.630839  0.666405  0.582949  0.759566  0.784598  0.423340  0.689682  0.495614  0.479102  0.721572  0.792791  0.667437  0.635160  0.799962  0.580501  0.633014  0.549909  0.747486  0.636335  0.765587  0.762494  0.653898  0.673481  0.564462  0.614786  0.752486  0.811675  0.813153  0.558001  0.624048  0.552302  0.780152  0.714562  0.579871  0.738649  0.744849  0.602444  0.807762  0.647277  0.719743  0.838415  0.718151 
16  0.645505  0.748404  0.544386  0.629058  0.506755  0.447129  0.613205  0.538005  0.643953  0.653519  0.652260  0.704854  0.722957  0.326148  0.093168  0.566302 0.0  0.394875  0.619614  0.278837  0.554022  0.657639  0.754685  0.759916  0.524297  0.556010  0.712392  0.562335  0.677139  0.568584  0.000000  0.569237  0.705363  0.750316  0.754790  0.784887  0.684608  0.275235  0.649434  0.691172  0.643630  0.625128  0.770712  0.791944  0.770719  0.809214  0.513245  0.568891  0.486759  0.570218  0.516749  0.766773  0.271679  0.754978  0.639473  0.751608  0.669758  0.668555  0.480117  0.683192  0.688794  0.501648  0.685623  0.202001  0.567317  0.615664  0.680085  0.724599  0.484463  0.853168  0.806321  0.711307  0.322559  0.669454  0.516578  0.684639  0.819934  0.680100  0.764204  0.362461  0.722052  0.624017  0.828238  0.717411  0.276396  0.575025  0.642196  0.848841  0.783741  0.209691  0.860476  0.825312  0.586260  0.743764  0.311616  0.640283  0.759291  0.773770 
17  0.650365  0.783662  0.533264  0.372393  0.575259  0.484349  0.541136  0.732226  0.643691  0.579805  0.596261  0.618968  0.717934  0.434775  0.505072  0.596379  0.394875 0.0  0.363338  0.409070  0.383032  0.761366  0.499577  0.719507  0.632715  0.537118  0.770399  0.748491  0.788268  0.676055  0.421047  0.623427  0.658642  0.837282  0.846541  0.824861  0.757558  0.595264  0.634679  0.592263  0.604367  0.638442  0.813967  0.826538  0.812585  0.697454  0.390682  0.608058  0.596985  0.711035  0.668479  0.908524  0.459918  0.787354  0.686495  0.762424  0.562046  0.689231  0.558577  0.732950  0.626980  0.571637  0.655456  0.390646  0.618971  0.516081  0.596709  0.632845  0.356981  0.793631  0.703385  0.729984  0.453130  0.751232  0.324323  0.694017  0.814402  0.672988  0.862493  0.342511  0.755777  0.674393  0.849659  0.698526  0.371625  0.661211  0.686620  0.801757  0.735354  0.420785  0.801010  0.840274  0.445310  0.753366  0.345772  0.658698  0.781095  0.678961 
18  0.662305  0.800359  0.474642  0.455007  0.648522  0.560772  0.606479  0.832430  0.557824  0.586479  0.514310  0.695460  0.676462  0.561971  0.553330  0.651931  0.619614  0.363338 0.0  0.607313  0.326119  0.741256  0.559343  0.721132  0.534996  0.667525  0.669535  0.715557  0.818538  0.728937  0.464771  0.626920  0.767242  0.819116  0.837836  0.773163  0.830914  0.587166  0.643511  0.722603  0.555930  0.739468  0.848017  0.742044  0.846088  0.777012  0.434653  0.565617  0.485422  0.673216  0.636730  0.852133  0.387975  0.786191  0.630368  0.737755  0.584077  0.673904  0.443679  0.672423  0.485396  0.581422  0.650009  0.595607  0.663677  0.403169  0.635385  0.609541  0.474828  0.844361  0.696211  0.759695  0.470551  0.766101  0.481586  0.754641  0.821429  0.625965  0.864102  0.610636  0.748052  0.673592  0.746318  0.646072  0.446834  0.552461  0.627585  0.794462  0.718753  0.533389  0.722810  0.806430  0.499327  0.697819  0.483704  0.578500  0.894547  0.713044 
19  0.604977  0.703051  0.426438  0.388304  0.767839  0.555060  0.512532  0.609862  0.703212  0.671784  0.567829  0.512552  0.793816  0.344791  0.437087  0.612539  0.278837  0.409070  0.607313 0.0  0.395636  0.745719  0.571440  0.657497  0.619907  0.540275  0.629268  0.724824  0.707722  0.681698  0.442071  0.515294  0.714916  0.775642  0.720304  0.715344  0.779362  0.221009  0.668714  0.790385  0.642258  0.598912  0.760243  0.809253  0.765233  0.693172  0.465587  0.427546  0.541085  0.694060  0.625071  0.842554  0.211669  0.733394  0.630035  0.746161  0.711971  0.745974  0.639722  0.680358  0.653167  0.465769  0.753616  0.370485  0.591654  0.682904  0.718034  0.710072  0.483181  0.773439  0.695170  0.632806  0.257160  0.734039  0.346635  0.799184  0.903990  0.615065  0.726433  0.367804  0.655183  0.541249  0.719722  0.668158  0.358077  0.669741  0.553832  0.755818  0.715122  0.419226  0.798759  0.766917  0.392025  0.770800  0.411347  0.644467  0.793363  0.697698 
20  0.662527  0.656442  0.379402  0.556661  0.625754  0.572545  0.610345  0.722424  0.788271  0.636234  0.524126  0.712343  0.766477  0.398313  0.517608  0.640779  0.554022  0.383032  0.326119  0.395636 0.0  0.825624  0.649938  0.708660  0.588049  0.621088  0.725544  0.817142  0.776523  0.656755  0.453189  0.446330  0.683711  0.866536  0.799915  0.852349  0.719330  0.552303  0.755945  0.644398  0.656979  0.689208  0.683840  0.779662  0.789188  0.675292  0.503483  0.574629  0.486428  0.725651  0.647958  0.839985  0.479851  0.902579  0.645487  0.758740  0.566836  0.588261  0.627271  0.664305  0.607472  0.756166  0.704368  0.459265  0.552717  0.485560  0.624817  0.687238  0.315177  0.812979  0.826773  0.716712  0.464289  0.648736  0.468760  0.671081  0.844224  0.669241  0.796795  0.441731  0.662291  0.749284  0.909111  0.698809  0.530485  0.528811  0.655831  0.804119  0.672527  0.470000  0.677209  0.843107  0.451730  0.771004  0.413721  0.603734  0.758087  0.682847 
21  0.606339  0.824299  0.768373  0.745528  0.673556  0.605392  0.721578  0.475243  0.883398  0.828259  0.861970  0.671168  0.788766  0.750380  0.827479  0.630328  0.657639  0.761366  0.741256  0.745719  0.825624 0.0  0.679072  0.714113  0.801310  0.582808  0.495987  0.665482  0.590131  0.927586  0.740508  0.599213  0.621777  0.740307  0.605571  0.590702  0.427071  0.665806  0.465845  0.485013  0.765317  0.548084  0.589079  0.643139  0.713028  0.470783  0.767777  0.700459  0.817748  0.632999  0.687026  0.637843  0.646303  0.603872  0.635495  0.460906  0.864098  0.381610  0.748188  0.797534  0.780238  0.708770  0.672551  0.675106  0.639126  0.796784  0.768211  0.779743  0.749373  0.757957  0.634360  0.424561  0.723224  0.425286  0.711513  0.779977  0.757997  0.550803  0.651899  0.682504  0.591758  0.545244  0.538015  0.783181  0.694771  0.756404  0.623169  0.639333  0.793895  0.782721  0.605199  0.679360  0.791668  0.498380  0.784391  0.748042  0.618395  0.657358 
22  0.559589  0.881017  0.637455  0.555244  0.684529  0.606781  0.644723  0.645804  0.674204  0.680900  0.688762  0.538713  0.734247  0.628339  0.599645  0.665569  0.754685  0.499577  0.559343  0.571440  0.649938  0.679072 0.0  0.683370  0.668742  0.613087  0.653407  0.692533  0.809290  0.742619  0.713885  0.546299  0.724077  0.863529  0.670951  0.715273  0.758743  0.643699  0.597543  0.629467  0.745733  0.549085  0.710594  0.730558  0.651880  0.781403  0.577609  0.439297  0.818725  0.503458  0.602359  0.730182  0.685740  0.715644  0.682847  0.794466  0.688946  0.640001  0.604169  0.750777  0.666171  0.540471  0.671139  0.666886  0.626012  0.672752  0.671083  0.734574  0.718711  0.784376  0.673120  0.640404  0.505796  0.755944  0.451082  0.747554  0.832748  0.514590  0.812383  0.607114  0.596507  0.443199  0.712381  0.712855  0.520286  0.697340  0.368381  0.746839  0.695189  0.602720  0.583962  0.891557  0.553471  0.676947  0.708241  0.678735  0.725206  0.597539 
23  0.619163  0.802235  0.763746  0.755043  0.568751  0.761991  0.876038  0.630487  0.831546  0.864098  0.850629  0.655712  0.793109  0.808419  0.845724  0.800210  0.759916  0.719507  0.721132  0.657497  0.708660  0.714113  0.683370 0.0  0.723820  0.765590  0.659105  0.727911  0.725005  0.729283  0.832656  0.655560  0.741888  0.714686  0.718938  0.711911  0.719450  0.729672  0.673813  0.674545  0.724102  0.589347  0.672471  0.704175  0.704273  0.567243  0.736480  0.753208  0.906784  0.637879  0.679646  0.729406  0.740773  0.672421  0.480293  0.696205  0.806596  0.668743  0.776150  0.792225  0.832674  0.757905  0.758602  0.633884  0.650328  0.731899  0.749025  0.758787  0.815098  0.595738  0.657459  0.616465  0.682529  0.753546  0.698121  0.762052  0.533169  0.655403  0.755736  0.641792  0.528130  0.627133  0.526589  0.807694  0.659585  0.708631  0.691459  0.649574  0.793935  0.813060  0.771970  0.552415  0.799979  0.583444  0.685986  0.777777  0.583264  0.787333 
24  0.878661  0.687215  0.531401  0.653401  0.702398  0.674481  0.675542  0.725593  0.474705  0.412838  0.440261  0.603568  0.672524  0.681134  0.512096  0.622914  0.524297  0.632715  0.534996  0.619907  0.588049  0.801310  0.668742  0.723820 0.0  0.647547  0.897869  0.728678  0.845195  0.426824  0.563829  0.674749  0.712804  0.949016  0.882662  0.849339  0.824797  0.581940  0.810414  0.755184  0.328382  0.708328  0.910357  0.838146  0.893562  0.775376  0.642614  0.774289  0.578140  0.738228  0.329093  0.878682  0.518168  0.810425  0.735079  0.794628  0.500944  0.688950  0.539685  0.590429  0.561314  0.605756  0.797550  0.652014  0.732766  0.383338  0.604587  0.491166  0.594000  0.867470  0.862162  0.794076  0.649983  0.819354  0.729143  0.669579  0.871158  0.764853  0.821367  0.617972  0.722762  0.703150  0.833842  0.482343  0.584701  0.440867  0.726807  0.842169  0.545991  0.604043  0.820905  0.829943  0.699612  0.878231  0.679156  0.424009  0.741844  0.782266 
25  0.517072  0.828297  0.665557  0.468546  0.463686  0.537672  0.416667  0.612589  0.732746  0.718711  0.792483  0.337742  0.801899  0.556236  0.673752  0.575434  0.556010  0.537118  0.667525  0.540275  0.621088  0.582808  0.613087  0.765590  0.647547 0.0  0.608685  0.684047  0.765592  0.708921  0.558761  0.445706  0.750164  0.758662  0.776059  0.769649  0.722163  0.485697  0.604607  0.697564  0.677332  0.662021  0.719875  0.722902  0.737796  0.716135  0.536995  0.598838  0.651096  0.606951  0.721745  0.859171  0.509890  0.730194  0.534787  0.687304  0.675200  0.533626  0.659437  0.687898  0.674015  0.350587  0.597373  0.522648  0.494290  0.741839  0.778104  0.707252  0.521095  0.693671  0.631827  0.621070  0.496987  0.725147  0.571343  0.699901  0.740854  0.565393  0.771943  0.579577  0.608813  0.563444  0.728536  0.718318  0.600094  0.633382  0.464542  0.664887  0.691370  0.515729  0.579565  0.728482  0.410384  0.782910  0.525588  0.663366  0.742386  0.662290 
26  0.752698  0.815972  0.692796  0.839488  0.533402  0.749243  0.686335  0.516156  0.792662  0.798558  0.726350  0.614834  0.839592  0.706784  0.705003  0.643143  0.712392  0.770399  0.669535  0.629268  0.725544  0.495987  0.653407  0.659105  0.897869  0.608685 0.0  0.505789  0.533125  0.820879  0.771244  0.722336  0.650531  0.702002  0.681631  0.615761  0.343086  0.686762  0.501806  0.461383  0.835832  0.691275  0.634246  0.598038  0.601441  0.602423  0.601349  0.665898  0.700487  0.627015  0.782019  0.773006  0.652981  0.723388  0.644448  0.386861  0.839348  0.502651  0.804390  0.838089  0.747856  0.662096  0.673787  0.706887  0.637758  0.883540  0.762642  0.743116  0.699933  0.628892  0.592827  0.175608  0.683787  0.381458  0.763902  0.836635  0.716483  0.588209  0.611837  0.685669  0.684655  0.490650  0.484239  0.782441  0.798865  0.751537  0.608131  0.632962  0.798442  0.862250  0.622659  0.749841  0.727315  0.488883  0.696277  0.910480  0.733045  0.580308 
27  0.702646  0.749871  0.697558  0.648412  0.581007  0.694151  0.671861  0.786637  0.782179  0.821616  0.716393  0.753678  0.833241  0.637298  0.690488  0.709473  0.562335  0.748491  0.715557  0.724824  0.817142  0.665482  0.692533  0.727911  0.728678  0.684047  0.505789 0.0  0.724306  0.854120  0.663825  0.645104  0.137628  0.792504  0.689312  0.710638  0.538725  0.721075  0.677037  0.564546  0.643675  0.763761  0.735761  0.755987  0.621778  0.598427  0.702554  0.758009  0.712366  0.556358  0.792313  0.725513  0.766142  0.709683  0.714686  0.561544  0.676558  0.459839  0.773355  0.744088  0.664906  0.758165  0.269184  0.734498  0.735785  0.688227  0.815458  0.752569  0.698937  0.698039  0.719270  0.597280  0.766622  0.574185  0.741779  0.828422  0.732947  0.606723  0.756604  0.706113  0.673020  0.652028  0.684845  0.808222  0.699690  0.713012  0.668030  0.630646  0.785151  0.808479  0.283787  0.826257  0.606965  0.769226  0.584410  0.754950  0.735821  0.230870 
28  0.638974  0.834094  0.828986  0.834318  0.666594  0.717391  0.656586  0.698077  0.876473  0.856146  0.794429  0.730338  0.899826  0.820569  0.747392  0.844312  0.677139  0.788268  0.818538  0.707722  0.776523  0.590131  0.809290  0.725005  0.845195  0.765592  0.533125  0.724306 0.0  0.876366  0.730837  0.796331  0.694594  0.775719  0.616660  0.560526  0.588738  0.850853  0.651669  0.722558  0.894723  0.751511  0.582385  0.500358  0.487983  0.536646  0.743631  0.827741  0.858607  0.671067  0.896824  0.593596  0.707144  0.658752  0.713942  0.639292  0.769237  0.558502  0.643308  0.822520  0.840306  0.623768  0.605170  0.680671  0.747329  0.750346  0.846876  0.807521  0.741456  0.710237  0.643353  0.533656  0.768065  0.572381  0.781112  0.904085  0.687439  0.771686  0.616915  0.693204  0.609380  0.714246  0.524272  0.856009  0.701424  0.882949  0.696175  0.568446  0.878937  0.771685  0.711183  0.631291  0.665698  0.504392  0.688936  0.829922  0.680972  0.666979 
29  0.614043  0.575682  0.685662  0.626699  0.744017  0.730355  0.735287  0.831276  0.714177  0.575746  0.639187  0.667005  0.626534  0.737176  0.647704  0.793513  0.568584  0.676055  0.728937  0.681698  0.656755  0.927586  0.742619  0.729283  0.426824  0.708921  0.820879  0.854120  0.876366 0.0  0.674983  0.733912  0.756614  0.817753  0.819951  0.743592  0.823912  0.529787  0.743690  0.799298  0.640169  0.759083  0.852877  0.762253  0.826384  0.793939  0.597347  0.759601  0.688453  0.783331  0.536354  0.848050  0.667188  0.766342  0.686295  0.802828  0.538498  0.754953  0.603309  0.516164  0.624885  0.694597  0.850501  0.578281  0.757267  0.603449  0.271153  0.477438  0.773894  0.791214  0.749893  0.739880  0.827714  0.857245  0.641600  0.624628  0.867286  0.730703  0.934191  0.807444  0.827910  0.736592  0.868960  0.475054  0.745761  0.581045  0.716475  0.796360  0.624775  0.713163  0.800841  0.782118  0.664734  0.863753  0.702037  0.437717  0.788947  0.781312 
30  0.659571  0.781381  0.434398  0.552324  0.661680  0.578994  0.557625  0.662578  0.605465  0.717736  0.583387  0.645804  0.806285  0.514829  0.102237  0.642814  0.000000  0.421047  0.464771  0.442071  0.453189  0.740508  0.713885  0.832656  0.563829  0.558761  0.771244  0.663825  0.730837  0.674983 0.0  0.558220  0.702290  0.841595  0.795377  0.830575  0.791464  0.443166  0.660067  0.704584  0.524649  0.628758  0.818179  0.806981  0.719731  0.803204  0.447210  0.511983  0.619636  0.635639  0.606291  0.769433  0.316996  0.746927  0.564550  0.686473  0.595813  0.649896  0.559199  0.783254  0.516849  0.520248  0.722445  0.179032  0.630068  0.567488  0.688763  0.674967  0.532129  0.801940  0.685110  0.619596  0.512752  0.715185  0.357410  0.744414  0.835028  0.687543  0.726619  0.391676  0.647008  0.604991  0.831672  0.644947  0.267370  0.626240  0.530361  0.786794  0.684757  0.277388  0.619930  0.749674  0.395994  0.796482  0.441267  0.759912  0.754108  0.708769 
31  0.443562  0.723514  0.647778  0.670332  0.336566  0.639600  0.554922  0.723557  0.680494  0.726105  0.708894  0.318238  0.860688  0.608530  0.548643  0.330620  0.569237  0.623427  0.626920  0.515294  0.446330  0.599213  0.546299  0.655560  0.674749  0.445706  0.722336  0.645104  0.796331  0.733912  0.558220 0.0  0.751087  0.879021  0.728408  0.843559  0.641058  0.471760  0.536312  0.573651  0.740325  0.485654  0.797721  0.676441  0.719112  0.672460  0.587836  0.630483  0.661647  0.613294  0.719633  0.756730  0.529050  0.692786  0.427170  0.719404  0.659778  0.606833  0.741932  0.722275  0.782923  0.511669  0.680836  0.488390  0.422291  0.678889  0.755038  0.705703  0.712940  0.745625  0.429383  0.548406  0.625486  0.684394  0.702270  0.744967  0.731963  0.554290  0.646527  0.692293  0.624576  0.683184  0.741242  0.738270  0.531195  0.698801  0.550974  0.808112  0.814020  0.529731  0.620296  0.734372  0.598482  0.712998  0.648199  0.754080  0.625458  0.702982 
32  0.729386  0.856939  0.798485  0.664810  0.663855  0.783291  0.733269  0.676478  0.692485  0.652095  0.748743  0.743465  0.860320  0.639651  0.783131  0.708354  0.705363  0.658642  0.767242  0.714916  0.683711  0.621777  0.724077  0.741888  0.712804  0.750164  0.650531  0.137628  0.694594  0.756614  0.702290  0.751087 0.0  0.797786  0.720456  0.747817  0.546938  0.698590  0.572384  0.622119  0.849575  0.602872  0.615217  0.696483  0.699155  0.686935  0.692425  0.751968  0.851065  0.587980  0.813820  0.658734  0.657937  0.676154  0.779028  0.687665  0.890489  0.559150  0.846691  0.809098  0.704846  0.692631  0.359915  0.736952  0.684536  0.864356  0.869778  0.784855  0.687788  0.716451  0.860880  0.656658  0.664450  0.567811  0.756128  0.816337  0.719612  0.623756  0.602705  0.777792  0.633951  0.573989  0.639240  0.835092  0.681571  0.822323  0.686884  0.692680  0.718767  0.778143  0.207041  0.824417  0.819717  0.672863  0.693706  0.820857  0.692053  0.224437 
33  0.835248  0.870340  0.929404  0.880080  0.822230  0.836951  0.706315  0.703766  0.864832  0.807635  0.895397  0.801420  0.995362  0.769398  0.818273  0.837737  0.750316  0.837282  0.819116  0.775642  0.866536  0.740307  0.863529  0.714686  0.949016  0.758662  0.702002  0.792504  0.775719  0.817753  0.841595  0.879021  0.797786 0.0  0.746994  0.593036  0.765679  0.830914  0.713865  0.784931  0.917021  0.757546  0.801130  0.785706  0.752553  0.683178  0.799466  0.821231  0.880624  0.725744  0.837842  0.615189  0.823051  0.726739  0.833858  0.776139  0.792685  0.711147  0.877609  0.806882  0.957097  0.774793  0.884042  0.840917  0.726907  0.867817  0.872857  0.901112  0.778343  0.527098  0.786215  0.761279  0.754961  0.801791  0.842471  0.897285  0.409046  0.819398  0.728249  0.774877  0.709963  0.716024  0.782994  0.876832  0.765907  0.878864  0.862927  0.695881  0.853556  0.658835  0.877459  0.390290  0.766385  0.597625  0.793717  0.790822  0.687006  0.799258 
34  0.678312  0.836592  0.889703  0.837554  0.662183  0.746932  0.690243  0.609760  0.913450  0.826028  0.810324  0.637839  0.848104  0.740573  0.824997  0.729447  0.754790  0.846541  0.837836  0.720304  0.799915  0.605571  0.670951  0.718938  0.882662  0.776059  0.681631  0.689312  0.616660  0.819951  0.795377  0.728408  0.720456  0.746994 0.0  0.492642  0.576329  0.714886  0.609921  0.610921  0.841885  0.695201  0.543657  0.584369  0.448310  0.408368  0.763107  0.640432  0.710307  0.664564  0.837079  0.506392  0.770654  0.230127  0.711730  0.580238  0.827325  0.659827  0.739920  0.821004  0.808390  0.684453  0.724309  0.700465  0.706979  0.820508  0.914064  0.746014  0.787916  0.579391  0.632471  0.570680  0.778301  0.611042  0.665184  0.929524  0.749750  0.775173  0.301204  0.809261  0.638906  0.679588  0.677398  0.866820  0.905835  0.810166  0.655045  0.340448  0.846978  0.772377  0.690330  0.690200  0.782463  0.487235  0.738438  0.779836  0.497238  0.692845 
35  0.819392  0.922617  0.826584  0.696303  0.811399  0.748356  0.759036  0.693513  0.876109  0.763236  0.846478  0.680776  0.941083  0.805742  0.772883  0.834704  0.784887  0.824861  0.773163  0.715344  0.852349  0.590702  0.715273  0.711911  0.849339  0.769649  0.615761  0.710638  0.560526  0.743592  0.830575  0.843559  0.747817  0.593036  0.492642 0.0  0.614148  0.874567  0.651636  0.703576  0.832705  0.692459  0.548559  0.432610  0.286731  0.625790  0.836052  0.759048  0.857579  0.763190  0.813063  0.455639  0.846948  0.348556  0.815910  0.592115  0.847627  0.696229  0.906170  0.860157  0.819481  0.707557  0.755871  0.783931  0.699153  0.791873  0.856588  0.840975  0.774483  0.534307  0.680680  0.666316  0.759943  0.654686  0.885513  0.829974  0.706609  0.879236  0.405292  0.808098  0.680891  0.638342  0.559352  0.843992  0.723525  0.850726  0.855303  0.525787  0.832047  0.773628  0.757445  0.662962  0.774318  0.540448  0.792127  0.879996  0.632050  0.696911 
36  0.703311  0.799426  0.794528  0.758088  0.576979  0.732141  0.609181  0.575712  0.711845  0.782321  0.731582  0.726948  0.816316  0.659681  0.766931  0.735424  0.684608  0.757558  0.830914  0.779362  0.719330  0.427071  0.758743  0.719450  0.824797  0.722163  0.343086  0.538725  0.588738  0.823912  0.791464  0.641058  0.546938  0.765679  0.576329  0.614148 0.0  0.704484  0.761721  0.492437  0.647819  0.642438  0.710075  0.600833  0.630922  0.611412  0.750779  0.625477  0.933839  0.625473  0.824553  0.746325  0.772306  0.580624  0.704473  0.462339  0.838572  0.584123  0.791987  0.905748  0.806318  0.720039  0.711251  0.578810  0.762928  0.733902  0.814091  0.889105  0.717414  0.673866  0.605689  0.408928  0.811205  0.446638  0.766536  0.835025  0.769921  0.594415  0.649592  0.778332  0.665858  0.595527  0.397461  0.814790  0.748920  0.676653  0.584396  0.534520  0.859421  0.795175  0.578543  0.732245  0.714327  0.768313  0.765385  0.835711  0.717864  0.631312 
37  0.484285  0.779335  0.554253  0.461552  0.554334  0.540502  0.495517  0.710000  0.697158  0.578858  0.580108  0.528942  0.816325  0.473642  0.298515  0.577384  0.275235  0.595264  0.587166  0.221009  0.552303  0.665806  0.643699  0.729672  0.581940  0.485697  0.686762  0.721075  0.850853  0.529787  0.443166  0.471760  0.698590  0.830914  0.714886  0.874567  0.704484 0.0  0.632959  0.702063  0.633685  0.660455  0.651925  0.839550  0.737097  0.734822  0.483289  0.660203  0.603677  0.613420  0.653933  0.794141  0.282845  0.736250  0.476219  0.694396  0.660175  0.678844  0.630144  0.685930  0.647493  0.478544  0.695956  0.382101  0.649918  0.553026  0.687741  0.711063  0.533801  0.774838  0.661331  0.595580  0.328203  0.726428  0.452579  0.764409  0.786566  0.538159  0.825593  0.427697  0.661252  0.604132  0.742063  0.703891  0.317733  0.688090  0.606929  0.779473  0.760604  0.464761  0.759509  0.641104  0.411026  0.793022  0.489472  0.606453  0.708670  0.746830 
38  0.420038  0.808655  0.729588  0.714780  0.456097  0.549031  0.561819  0.444736  0.803821  0.694677  0.740033  0.558023  0.831790  0.736951  0.567143  0.527320  0.649434  0.634679  0.643511  0.668714  0.755945  0.465845  0.597543  0.673813  0.810414  0.604607  0.501806  0.677037  0.651669  0.743690  0.660067  0.536312  0.572384  0.713865  0.609921  0.651636  0.761721  0.632959 0.0  0.605858  0.662326  0.444410  0.740170  0.728787  0.830078  0.625678  0.625269  0.786514  0.702082  0.464396  0.845847  0.705230  0.654793  0.683301  0.602619  0.639196  0.798309  0.420159  0.624865  0.833012  0.758718  0.523505  0.695976  0.593857  0.491814  0.793308  0.912368  0.877325  0.747684  0.559204  0.477640  0.628104  0.631833  0.519219  0.649999  0.887040  0.744158  0.367718  0.626280  0.476563  0.491812  0.426645  0.594594  0.695509  0.739107  0.586658  0.513691  0.692611  0.799045  0.684186  0.789046  0.700681  0.708864  0.697165  0.574577  0.743023  0.743845  0.729867 
39  0.624571  0.860620  0.750679  0.759574  0.588840  0.687566  0.517178  0.681367  0.724080  0.736706  0.795917  0.726327  0.866106  0.687482  0.685157  0.699364  0.691172  0.592263  0.722603  0.790385  0.644398  0.485013  0.629467  0.674545  0.755184  0.697564  0.461383  0.564546  0.722558  0.799298  0.704584  0.573651  0.622119  0.784931  0.610921  0.703576  0.492437  0.702063  0.605858 0.0  0.802556  0.567927  0.654248  0.655981  0.697262  0.682873  0.703598  0.807845  0.776742  0.432343  0.707022  0.650225  0.710580  0.565738  0.643770  0.437634  0.807217  0.469199  0.780966  0.815571  0.759917  0.616343  0.576063  0.724843  0.658745  0.738072  0.798093  0.810228  0.694356  0.669726  0.608457  0.423055  0.674869  0.435438  0.732107  0.887895  0.676840  0.513210  0.751375  0.705286  0.508114  0.480393  0.560101  0.862063  0.869565  0.777072  0.602657  0.645153  0.906058  0.665974  0.585870  0.749073  0.733145  0.430719  0.721770  0.798516  0.755297  0.598682 
