98
0 0.0  0.459207  0.652493  0.824172  0.693439  0.799818  0.700027  0.903704  0.706262  0.718034  0.636770  0.653849  0.860499  0.711403  0.773917  0.537602  0.850352  0.692199  0.808805  0.708503  0.673665  0.532042  0.458952  0.662195  0.743741  0.681873  0.545301  0.808675  0.739884  0.811422  0.806994  0.550132  0.476113  0.724861  0.776455  0.710434  0.626462  0.883394  0.647868  0.871225  0.848210  0.806519  0.771416  0.742718  0.453747  0.615308  0.789553  0.864581  0.715202  0.769656  0.522777  0.843409  0.787874  0.611772  0.631335  0.590044  0.705686  0.883973  0.723005  0.282011  0.447091  0.744881  0.826714  0.631921  0.669134  0.684343  0.762335  0.641292  0.776359  0.802819  0.898919  0.848330  0.613308  0.599066  0.439129  0.583770  0.603015  0.869347  0.761818  0.820309  0.596866  0.751480  0.685007  0.790494  0.712651  0.740489  0.768536  0.804201  0.796718  0.646490  0.785423  0.697140  0.675287  0.768355  0.788644  0.592522  0.543100  0.566602 
1  0.459207 0.0  0.608500  0.737617  0.647774  0.772536  0.760139  0.821230  0.703686  0.786342  0.597501  0.548882  0.796650  0.676742  0.738490  0.547662  0.746475  0.789604  0.890683  0.622612  0.841526  0.479040  0.470462  0.773208  0.666744  0.790744  0.606072  0.891684  0.786736  0.809073  0.815796  0.645792  0.568471  0.677816  0.801466  0.865380  0.648656  0.852234  0.532367  0.765537  0.749667  0.868298  0.705228  0.657300  0.533503  0.653156  0.768881  0.753609  0.911323  0.828808  0.537772  0.835791  0.902658  0.621877  0.571131  0.661025  0.735875  0.832125  0.709752  0.581507  0.589985  0.645237  0.729867  0.628592  0.418787  0.728476  0.839042  0.588868  0.560591  0.886412  0.723763  0.770019  0.614741  0.544190  0.421458  0.506500  0.647046  0.724016  0.683071  0.821736  0.544375  0.771444  0.695405  0.789557  0.706875  0.832915  0.735210  0.706015  0.713804  0.569173  0.893941  0.639227  0.733669  0.709447  0.760765  0.648885  0.576984  0.366497 
2  0.652493  0.608500 0.0  0.716221  0.450633  0.664748  0.594169  0.753941  0.568576  0.881814  0.622409  0.667400  0.668889  0.717619  0.638160  0.583353  0.772940  0.584624  0.776266  0.450786  0.783199  0.474861  0.563481  0.819045  0.719374  0.595069  0.115788  0.753234  0.497723  0.774470  0.632467  0.752619  0.695851  0.545799  0.675006  0.696888  0.436166  0.618348  0.616615  0.635328  0.721714  0.650724  0.444915  0.485425  0.664324  0.322174  0.819059  0.786043  0.714178  0.796519  0.624299  0.819678  0.721554  0.513650  0.447952  0.664618  0.674127  0.722759  0.701744  0.714427  0.705302  0.453776  0.726358  0.648169  0.656197  0.432089  0.732332  0.504562  0.519813  0.816125  0.783508  0.718278  0.672544  0.607211  0.591380  0.620602  0.692152  0.787543  0.413041  0.803689  0.611225  0.807131  0.577301  0.679361  0.369596  0.730109  0.711846  0.764513  0.730191  0.498700  0.741797  0.684516  0.554188  0.773573  0.775480  0.451524  0.531736  0.532645 
3  0.824172  0.737617  0.716221 0.0  0.687120  0.494027  0.774361  0.749027  0.743051  0.627218  0.702942  0.806141  0.542129  0.693087  0.561286  0.752187  0.555427  0.690209  0.354440  0.783331  0.477909  0.772793  0.789090  0.664795  0.397691  0.689300  0.712356  0.461289  0.704465  0.628402  0.728877  0.869002  0.805847  0.812114  0.684230  0.648634  0.779355  0.644191  0.756237  0.637315  0.689337  0.732073  0.668570  0.734287  0.828892  0.780604  0.559871  0.597311  0.400596  0.680218  0.821667  0.707860  0.611405  0.791339  0.694180  0.742031  0.861634  0.442239  0.666075  0.768758  0.838403  0.752124  0.534106  0.850293  0.817917  0.708257  0.746187  0.741368  0.667673  0.649977  0.702250  0.663658  0.783431  0.727134  0.824102  0.673721  0.947812  0.667400  0.808182  0.717188  0.722832  0.738062  0.757368  0.604223  0.749892  0.518242  0.621700  0.524120  0.598198  0.823941  0.673569  0.685959  0.703872  0.352394  0.718281  0.833749  0.725206  0.761735 
4  0.693439  0.647774  0.450633  0.687120 0.0  0.649458  0.485247  0.883005  0.532994  0.825505  0.590565  0.255327  0.770545  0.737634  0.642951  0.473677  0.720335  0.639847  0.771502  0.470531  0.650672  0.621313  0.622706  0.765444  0.740797  0.463273  0.474882  0.857199  0.561447  0.818139  0.668862  0.792337  0.800848  0.640001  0.750927  0.675554  0.559745  0.699594  0.423331  0.630987  0.670614  0.761853  0.524178  0.483859  0.697734  0.439106  0.687307  0.763818  0.777811  0.904401  0.616051  0.830284  0.720369  0.479806  0.489001  0.704329  0.714823  0.791007  0.767906  0.727563  0.659906  0.512221  0.704618  0.562412  0.684146  0.493597  0.748808  0.502666  0.625832  0.802782  0.795087  0.810028  0.780888  0.539342  0.590174  0.661452  0.686107  0.710458  0.502443  0.760724  0.525558  0.753371  0.608722  0.759341  0.432407  0.768362  0.801764  0.752386  0.822050  0.423662  0.808160  0.645169  0.278768  0.778602  0.778441  0.412706  0.559969  0.700998 
5  0.799818  0.772536  0.664748  0.494027  0.649458 0.0  0.687777  0.653451  0.635265  0.741906  0.736213  0.628450  0.507752  0.493983  0.344925  0.618942  0.349993  0.561866  0.573756  0.691555  0.635092  0.753910  0.727563  0.495177  0.652799  0.550789  0.705230  0.649267  0.718074  0.735234  0.630881  0.799123  0.719563  0.754043  0.741801  0.301344  0.692752  0.448202  0.750504  0.492890  0.559962  0.728420  0.632163  0.724542  0.780355  0.730506  0.406562  0.435779  0.705094  0.716665  0.795221  0.727879  0.378873  0.742311  0.637767  0.847127  0.693360  0.669436  0.626678  0.771874  0.829028  0.682700  0.514980  0.753489  0.817496  0.681750  0.693847  0.714747  0.578649  0.783943  0.650211  0.774553  0.800429  0.721306  0.922700  0.732303  0.733091  0.590676  0.731331  0.649241  0.821821  0.747500  0.629514  0.425354  0.751671  0.571438  0.641262  0.515642  0.553683  0.796308  0.683211  0.614884  0.716008  0.622308  0.712506  0.623242  0.720285  0.772022 
6  0.700027  0.760139  0.594169  0.774361  0.485247  0.687777 0.0  0.838314  0.601334  0.744482  0.622052  0.510535  0.750904  0.482084  0.642591  0.542522  0.570703  0.676278  0.682511  0.531912  0.676591  0.665095  0.579935  0.714422  0.713738  0.651258  0.544915  0.848552  0.599493  0.715375  0.656336  0.729786  0.680391  0.658481  0.726598  0.660937  0.592991  0.602294  0.519646  0.654857  0.676876  0.806748  0.558110  0.516694  0.730803  0.550154  0.765131  0.642778  0.780219  0.854403  0.562312  0.780632  0.629527  0.543876  0.445680  0.758437  0.726342  0.721426  0.639312  0.673419  0.748794  0.475805  0.708981  0.699786  0.656510  0.502648  0.834550  0.494015  0.531573  0.771680  0.748062  0.775764  0.866654  0.541723  0.784289  0.703063  0.678583  0.706640  0.575490  0.749949  0.608818  0.876201  0.712857  0.690178  0.558735  0.769441  0.687138  0.692605  0.815917  0.587220  0.770188  0.671014  0.544631  0.782768  0.624559  0.530197  0.557630  0.725141 
7  0.903704  0.821230  0.753941  0.749027  0.883005  0.653451  0.838314 0.0  0.718764  0.730624  0.904406  0.804057  0.627668  0.760080  0.679260  0.673545  0.770307  0.738825  0.624435  0.821029  0.710107  0.801666  0.791888  0.807600  0.665962  0.815049  0.849906  0.699811  0.752790  0.556740  0.859008  0.914730  0.810975  0.857911  0.517288  0.808471  0.736386  0.770439  0.732074  0.738207  0.703722  0.529066  0.673656  0.821922  0.700173  0.811390  0.682653  0.675423  0.668505  0.599846  0.876928  0.459238  0.734819  0.748359  0.702384  0.825260  0.523493  0.597671  0.740260  0.895006  0.775943  0.668846  0.613958  0.717353  0.806512  0.775000  0.618514  0.737744  0.787150  0.465762  0.373107  0.598312  0.911822  0.881730  0.766443  0.769810  0.793802  0.804154  0.897025  0.554204  0.859986  0.411544  0.641917  0.709677  0.811532  0.730160  0.800524  0.752573  0.669037  0.686587  0.589542  0.731091  0.933847  0.704661  0.635559  0.847682  0.822163  0.833762 
8  0.706262  0.703686  0.568576  0.743051  0.532994  0.635265  0.601334  0.718764 0.0  0.723716  0.559257  0.701426  0.728921  0.583528  0.608939  0.578177  0.691984  0.603725  0.708864  0.544841  0.808663  0.733925  0.583077  0.613922  0.714001  0.550064  0.540389  0.770659  0.377715  0.789279  0.669263  0.785155  0.721518  0.494728  0.687983  0.724570  0.623480  0.624282  0.558793  0.631208  0.596259  0.676872  0.348519  0.591959  0.748361  0.614448  0.623057  0.695454  0.781162  0.661161  0.529387  0.743743  0.628936  0.356210  0.678270  0.751700  0.649722  0.761414  0.540274  0.638648  0.785190  0.656996  0.715028  0.616014  0.660809  0.434417  0.721787  0.562680  0.463389  0.846894  0.623987  0.723048  0.772891  0.693671  0.745308  0.722209  0.762981  0.627245  0.507517  0.817293  0.571871  0.778273  0.420295  0.672175  0.502221  0.767211  0.600429  0.735925  0.663476  0.601628  0.698860  0.659417  0.476303  0.789796  0.746140  0.430479  0.580480  0.662194 
9  0.718034  0.786342  0.881814  0.627218  0.825505  0.741906  0.744482  0.730624  0.723716 0.0  0.771034  0.749164  0.714723  0.727343  0.607285  0.745544  0.600872  0.714610  0.659516  0.772480  0.665780  0.794728  0.651054  0.679356  0.678302  0.645612  0.789088  0.649408  0.721461  0.634705  0.733882  0.908344  0.832282  0.598195  0.640756  0.553847  0.690060  0.607807  0.776528  0.624545  0.782624  0.660846  0.744404  0.717164  0.793964  0.765039  0.732944  0.710997  0.733734  0.623834  0.819070  0.634688  0.698933  0.766303  0.713564  0.816698  0.536488  0.576802  0.634934  0.659402  0.747772  0.707257  0.527338  0.755307  0.882378  0.809392  0.552958  0.863597  0.540954  0.619679  0.631168  0.567289  0.854848  0.722080  0.749031  0.840031  0.771425  0.648488  0.848884  0.612940  0.745593  0.736116  0.643331  0.588458  0.615814  0.668669  0.735670  0.585163  0.592837  0.826603  0.441700  0.489617  0.713505  0.785282  0.593367  0.666653  0.732824  0.655160 
10  0.636770  0.597501  0.622409  0.702942  0.590565  0.736213  0.622052  0.904406  0.559257  0.771034 0.0  0.547492  0.741171  0.774387  0.697100  0.474269  0.896988  0.613701  0.770793  0.616733  0.784930  0.482798  0.310501  0.829820  0.833024  0.769088  0.504647  0.794920  0.670472  0.780310  0.787943  0.682246  0.652305  0.612726  0.772016  0.699852  0.600412  0.732266  0.436783  0.714295  0.671739  0.786836  0.507928  0.604567  0.552819  0.552194  0.696964  0.686506  0.851807  0.753635  0.547189  0.816361  0.691841  0.604890  0.470460  0.634607  0.696524  0.722956  0.656049  0.468479  0.588144  0.479565  0.812317  0.477504  0.487523  0.570373  0.702772  0.608348  0.619458  0.804077  0.846773  0.712210  0.727948  0.377711  0.559173  0.505809  0.742213  0.670640  0.640592  0.793388  0.080734  0.761308  0.726019  0.807221  0.573935  0.684155  0.755966  0.722123  0.778215  0.405930  0.777509  0.705343  0.648627  0.728118  0.674615  0.551920  0.458281  0.549030 
11  0.653849  0.548882  0.667400  0.806141  0.255327  0.628450  0.510535  0.804057  0.701426  0.749164  0.547492 0.0  0.746117  0.710361  0.656197  0.541064  0.686969  0.561073  0.743665  0.548096  0.817186  0.678888  0.526913  0.763565  0.848161  0.574317  0.561931  0.724587  0.513340  0.780299  0.677061  0.631147  0.716008  0.653654  0.644684  0.768134  0.472116  0.668338  0.537082  0.738722  0.689088  0.808985  0.575690  0.486932  0.709787  0.496907  0.591880  0.735206  0.743447  0.792323  0.602853  0.838695  0.662134  0.543727  0.500142  0.795362  0.832114  0.790629  0.704761  0.566439  0.629777  0.486861  0.688324  0.474749  0.574403  0.518161  0.772104  0.434527  0.680722  0.823788  0.751583  0.715858  0.683480  0.545890  0.584573  0.620910  0.680133  0.648517  0.493774  0.692451  0.502053  0.828634  0.548796  0.862479  0.468954  0.682438  0.688301  0.639302  0.853437  0.377236  0.739124  0.743570  0.329683  0.634109  0.786195  0.500112  0.552630  0.692328 
12  0.860499  0.796650  0.668889  0.542129  0.770545  0.507752  0.750904  0.627668  0.728921  0.714723  0.741171  0.746117 0.0  0.688121  0.645879  0.711488  0.512819  0.625530  0.580794  0.650124  0.550071  0.677577  0.907906  0.693893  0.497072  0.723265  0.817123  0.571103  0.650790  0.578143  0.661642  0.835307  0.785116  0.557832  0.523126  0.510279  0.668196  0.523181  0.690535  0.555324  0.620570  0.647400  0.595919  0.718964  0.799219  0.805696  0.514916  0.371079  0.763603  0.665036  0.719991  0.604297  0.299630  0.721420  0.776094  0.733204  0.686773  0.606123  0.663475  0.790619  0.764044  0.682921  0.431795  0.777150  0.829119  0.748934  0.666206  0.641467  0.652615  0.777466  0.613229  0.620252  0.914173  0.634266  0.773651  0.743320  0.866648  0.694062  0.680829  0.674824  0.827438  0.755152  0.645339  0.366482  0.716551  0.525914  0.590527  0.429432  0.461296  0.743481  0.647209  0.548291  0.740940  0.596562  0.616857  0.663765  0.787189  0.783105 
13  0.711403  0.676742  0.717619  0.693087  0.737634  0.493983  0.482084  0.760080  0.583528  0.727343  0.774387  0.710361  0.688121 0.0  0.582603  0.681385  0.690702  0.505475  0.633126  0.586873  0.767137  0.629548  0.761978  0.595372  0.664349  0.420850  0.598600  0.686915  0.483068  0.601835  0.575067  0.813720  0.700456  0.636088  0.634512  0.610543  0.592215  0.530180  0.557508  0.540293  0.531019  0.633104  0.594882  0.575964  0.732399  0.602235  0.662579  0.651049  0.754555  0.807898  0.676750  0.800489  0.660544  0.625631  0.678576  0.790629  0.789096  0.711042  0.615643  0.705217  0.736182  0.576308  0.678426  0.575656  0.737799  0.599142  0.815173  0.496228  0.573679  0.775264  0.752561  0.818497  0.787713  0.589485  0.724577  0.671140  0.785007  0.689022  0.731063  0.695737  0.719703  0.694139  0.644918  0.647803  0.698274  0.750737  0.633183  0.659417  0.607794  0.622911  0.617257  0.697539  0.617398  0.721110  0.666409  0.499506  0.642616  0.759339 
14  0.773917  0.738490  0.638160  0.561286  0.642951  0.344925  0.642591  0.679260  0.608939  0.607285  0.697100  0.656197  0.645879  0.582603 0.0  0.686306  0.500161  0.589548  0.722547  0.725566  0.782832  0.776820  0.727513  0.513531  0.674739  0.718106  0.734829  0.736196  0.561794  0.712867  0.438799  0.739026  0.723243  0.665455  0.720626  0.503925  0.625532  0.520035  0.677128  0.241438  0.597101  0.642011  0.707644  0.714840  0.919772  0.708908  0.537438  0.601225  0.651692  0.702844  0.762071  0.729955  0.538209  0.635034  0.749173  0.885135  0.699262  0.752614  0.660294  0.749631  0.718921  0.619850  0.581444  0.693272  0.850500  0.685200  0.818634  0.707318  0.504346  0.852779  0.672405  0.638191  0.898525  0.753605  0.776481  0.807004  0.778006  0.658587  0.682729  0.693121  0.717880  0.882248  0.547592  0.481849  0.544065  0.619496  0.528219  0.536250  0.576665  0.716133  0.692582  0.658996  0.715566  0.684159  0.779171  0.693091  0.710507  0.858142 
15  0.537602  0.547662  0.583353  0.752187  0.473677  0.618942  0.542522  0.673545  0.578177  0.745544  0.474269  0.541064  0.711488  0.681385  0.686306 0.0  0.796177  0.506382  0.785006  0.533085  0.791501  0.514947  0.417290  0.749393  0.750133  0.696487  0.590866  0.725212  0.556484  0.703351  0.787435  0.759830  0.602556  0.687020  0.811925  0.581095  0.487409  0.671857  0.394138  0.726741  0.694646  0.745779  0.702421  0.547924  0.672427  0.486730  0.801652  0.783735  0.781745  0.735978  0.416789  0.744822  0.687853  0.469307  0.406524  0.695473  0.786320  0.787830  0.755520  0.670470  0.664456  0.524996  0.741187  0.457714  0.488439  0.420777  0.805627  0.501319  0.557696  0.763271  0.869331  0.720785  0.675599  0.492398  0.646597  0.588218  0.690949  0.743063  0.443266  0.802299  0.519404  0.750374  0.734972  0.889124  0.532911  0.684570  0.775920  0.747345  0.750669  0.331502  0.694841  0.666193  0.375771  0.768272  0.730327  0.552349  0.501290  0.530889 
16  0.850352  0.746475  0.772940  0.555427  0.720335  0.349993  0.570703  0.770307  0.691984  0.600872  0.896988  0.686969  0.512819  0.690702  0.500161  0.796177 0.0  0.644960  0.674814  0.707159  0.624828  0.762137  0.663780  0.518097  0.551767  0.537067  0.723611  0.537221  0.666708  0.602538  0.585269  0.827453  0.778995  0.801926  0.685168  0.457378  0.697200  0.405020  0.718246  0.442334  0.694512  0.754150  0.706298  0.689147  0.766412  0.742874  0.400455  0.354307  0.681852  0.703869  0.757392  0.718610  0.366849  0.538204  0.782370  0.787819  0.772165  0.695807  0.674103  0.772827  0.707958  0.707713  0.383500  0.756130  0.864505  0.737779  0.747231  0.769144  0.643955  0.816350  0.688678  0.772922  0.733854  0.852566  0.797328  0.790109  0.826535  0.630352  0.677267  0.679493  0.787734  0.617211  0.580351  0.314990  0.688928  0.553093  0.723141  0.457613  0.540658  0.630606  0.750602  0.634553  0.775401  0.538010  0.657085  0.765528  0.740446  0.794704 
17  0.692199  0.789604  0.584624  0.690209  0.639847  0.561866  0.676278  0.738825  0.603725  0.714610  0.613701  0.561073  0.625530  0.505475  0.589548  0.506382  0.644960 0.0  0.652754  0.598539  0.732178  0.738605  0.766704  0.592181  0.645259  0.441201  0.598843  0.677592  0.581773  0.793547  0.692593  0.825311  0.663010  0.622609  0.792137  0.524381  0.628831  0.430252  0.791767  0.478422  0.607610  0.790906  0.565428  0.590024  0.775937  0.524357  0.566454  0.574341  0.680807  0.673549  0.733129  0.795026  0.510478  0.596146  0.569074  0.834447  0.649328  0.589916  0.497889  0.743362  0.731623  0.641706  0.611890  0.650446  0.856204  0.684261  0.777303  0.622987  0.505810  0.716480  0.728819  0.721201  0.856906  0.714195  0.836278  0.764084  0.812460  0.641104  0.637275  0.678516  0.707500  0.767421  0.541213  0.627368  0.776417  0.725879  0.695497  0.542954  0.516327  0.676993  0.734666  0.631840  0.648513  0.557050  0.747551  0.498149  0.669880  0.700859 
18  0.808805  0.890683  0.776266  0.354440  0.771502  0.573756  0.682511  0.624435  0.708864  0.659516  0.770793  0.743665  0.580794  0.633126  0.722547  0.785006  0.674814  0.652754 0.0  0.735902  0.458947  0.777080  0.729644  0.669985  0.286943  0.656494  0.728469  0.461194  0.731774  0.665421  0.589276  0.859131  0.852651  0.750477  0.668119  0.492882  0.750066  0.578747  0.803127  0.577778  0.655586  0.742278  0.853587  0.754286  0.820311  0.757542  0.610844  0.536506  0.548750  0.624955  0.717849  0.694324  0.528045  0.691977  0.661824  0.790039  0.800068  0.473042  0.602719  0.836876  0.867350  0.781389  0.582983  0.824160  0.794536  0.694988  0.795767  0.731664  0.745799  0.781540  0.629830  0.655363  0.831344  0.820674  0.815638  0.787164  0.853041  0.638250  0.757165  0.760850  0.845901  0.689681  0.701472  0.506348  0.712585  0.466671  0.644098  0.493569  0.653673  0.809420  0.787283  0.642957  0.688542  0.427734  0.745867  0.729526  0.765372  0.793576 
19  0.708503  0.622612  0.450786  0.783331  0.470531  0.691555  0.531912  0.821029  0.544841  0.772480  0.616733  0.548096  0.650124  0.586873  0.725566  0.533085  0.707159  0.598539  0.735902 0.0  0.917337  0.643789  0.558833  0.711519  0.782075  0.752034  0.281577  0.628258  0.516900  0.678447  0.749568  0.709286  0.746105  0.538206  0.786971  0.782202  0.313946  0.694889  0.429695  0.694102  0.667518  0.750580  0.428243  0.327381  0.664411  0.491059  0.702145  0.620457  0.779337  0.755231  0.643946  0.717013  0.704105  0.405387  0.574706  0.719463  0.805083  0.732413  0.601034  0.638873  0.617968  0.449895  0.681563  0.587639  0.646279  0.178642  0.766201  0.214181  0.517112  0.804068  0.798072  0.775812  0.849644  0.696721  0.668017  0.594771  0.720446  0.634016  0.528153  0.752105  0.569674  0.736504  0.690618  0.708850  0.423348  0.729571  0.714394  0.582738  0.698345  0.561757  0.689225  0.641378  0.455985  0.706717  0.699972  0.137022  0.601357  0.678432 
20  0.673665  0.841526  0.783199  0.477909  0.650672  0.635092  0.676591  0.710107  0.808663  0.665780  0.784930  0.817186  0.550071  0.767137  0.782832  0.791501  0.624828  0.732178  0.458947  0.917337 0.0  0.793009  0.707080  0.707721  0.390799  0.653883  0.774903  0.425384  0.741875  0.636812  0.691654  0.932369  0.768702  0.824041  0.527760  0.669631  0.729058  0.693008  0.725281  0.691192  0.721552  0.698228  0.698321  0.734396  0.794395  0.837380  0.695935  0.793973  0.176107  0.711153  0.784218  0.597975  0.675171  0.634710  0.696387  0.881067  0.744132  0.511568  0.671483  0.864342  0.814391  0.680154  0.617206  0.835193  0.831316  0.689138  0.814130  0.845856  0.756335  0.708515  0.690106  0.713118  0.805275  0.845440  0.817187  0.749996  0.857556  0.701081  0.836793  0.635358  0.791503  0.648130  0.736072  0.699323  0.776406  0.538629  0.716041  0.604595  0.639552  0.713003  0.682575  0.634631  0.775932  0.611740  0.680897  0.868236  0.889423  0.849548 
21  0.532042  0.479040  0.474861  0.772793  0.621313  0.753910  0.665095  0.801666  0.733925  0.794728  0.482798  0.678888  0.677577  0.629548  0.776820  0.514947  0.762137  0.738605  0.777080  0.643789  0.793009 0.0  0.446445  0.666032  0.821120  0.664101  0.623364  0.797233  0.681835  0.879727  0.721706  0.595297  0.508835  0.731986  0.799529  0.659835  0.657750  0.761216  0.557321  0.684172  0.698869  0.793307  0.786616  0.602891  0.509359  0.468437  0.728772  0.781396  0.874683  0.867738  0.170523  0.941382  0.845207  0.621943  0.494823  0.765202  0.819866  0.886670  0.706847  0.508163  0.609488  0.725732  0.719118  0.458431  0.317539  0.559603  0.872793  0.601880  0.735401  0.834901  0.847690  0.782530  0.729032  0.428637  0.538074  0.309598  0.645921  0.696781  0.550923  0.886115  0.554340  0.811758  0.723006  0.904346  0.633232  0.775562  0.814239  0.860809  0.685085  0.541115  0.754497  0.804762  0.487729  0.885667  0.755824  0.538816  0.373360  0.465934 
22  0.458952  0.470462  0.563481  0.789090  0.622706  0.727563  0.579935  0.791888  0.583077  0.651054  0.310501  0.526913  0.907906  0.761978  0.727513  0.417290  0.663780  0.766704  0.729644  0.558833  0.707080  0.446445 0.0  0.877640  0.814609  0.685136  0.588597  0.850920  0.615528  0.823607  0.759472  0.602805  0.498249  0.747066  0.747037  0.707754  0.680513  0.772537  0.590220  0.672732  0.821148  0.855958  0.702548  0.651288  0.576310  0.610120  0.763558  0.809286  0.834756  0.715719  0.506759  0.759429  0.777893  0.584676  0.584329  0.613187  0.617978  0.757345  0.636424  0.476270  0.582937  0.656486  0.687359  0.556386  0.402605  0.599170  0.856256  0.669651  0.668159  0.823252  0.792174  0.706281  0.779910  0.472215  0.522589  0.389058  0.726077  0.713038  0.534473  0.843795  0.472298  0.891757  0.728668  0.789450  0.565798  0.766393  0.769484  0.647414  0.798090  0.681781  0.680558  0.783040  0.696509  0.756931  0.830105  0.595599  0.386205  0.468020 
23  0.662195  0.773208  0.819045  0.664795  0.765444  0.495177  0.714422  0.807600  0.613922  0.679356  0.829820  0.763565  0.693893  0.595372  0.513531  0.749393  0.518097  0.592181  0.669985  0.711519  0.707721  0.666032  0.877640 0.0  0.707682  0.606218  0.663608  0.780512  0.674164  0.742789  0.412839  0.932479  0.903295  0.717152  0.736290  0.584406  0.815642  0.559418  0.590652  0.522238  0.289591  0.762834  0.706371  0.798676  0.823496  0.736048  0.623803  0.636502  0.659469  0.725080  0.749663  0.813050  0.678602  0.687726  0.755065  0.828092  0.813475  0.619789  0.677746  0.736575  0.786318  0.711958  0.701105  0.737562  0.718460  0.696420  0.718710  0.706655  0.633633  0.777063  0.757377  0.799536  0.846452  0.652767  0.793433  0.674421  0.775506  0.429073  0.750676  0.787527  0.864789  0.819623  0.668902  0.608366  0.687657  0.572914  0.324975  0.685173  0.638355  0.723096  0.813846  0.641561  0.689392  0.671152  0.802157  0.694707  0.670815  0.730948 
24  0.743741  0.666744  0.719374  0.397691  0.740797  0.652799  0.713738  0.665962  0.714001  0.678302  0.833024  0.848161  0.497072  0.664349  0.674739  0.750133  0.551767  0.645259  0.286943  0.782075  0.390799  0.821120  0.814609  0.707682 0.0  0.671350  0.832860  0.407806  0.691262  0.585942  0.661518  0.826536  0.796863  0.683536  0.539814  0.518392  0.696764  0.636841  0.814938  0.618651  0.674705  0.817344  0.722474  0.889248  0.778610  0.794410  0.608254  0.523577  0.575711  0.654425  0.863487  0.833226  0.684413  0.722100  0.664835  0.851509  0.702740  0.261762  0.631337  0.728719  0.855870  0.742643  0.508906  0.809231  0.887741  0.749324  0.747764  0.785841  0.671804  0.766810  0.667294  0.614227  0.809128  0.673871  0.748074  0.727808  0.883247  0.686358  0.863252  0.613151  0.770251  0.804228  0.608065  0.632297  0.802249  0.435216  0.675707  0.426226  0.448703  0.805121  0.751025  0.592317  0.754158  0.391841  0.592233  0.781285  0.678126  0.796919 
25  0.681873  0.790744  0.595069  0.689300  0.463273  0.550789  0.651258  0.815049  0.550064  0.645612  0.769088  0.574317  0.723265  0.420850  0.718106  0.696487  0.537067  0.441201  0.656494  0.752034  0.653883  0.664101  0.685136  0.606218  0.671350 0.0  0.597439  0.731972  0.650573  0.759822  0.643932  0.818574  0.816241  0.594228  0.622278  0.584926  0.631480  0.445508  0.678398  0.678931  0.619393  0.757208  0.428357  0.679833  0.731976  0.566204  0.620568  0.611965  0.723141  0.686968  0.651963  0.698891  0.635128  0.596485  0.663732  0.735404  0.691945  0.732692  0.471190  0.669074  0.798266  0.603391  0.605539  0.657911  0.739544  0.675975  0.780362  0.686140  0.600262  0.668285  0.778163  0.733313  0.740185  0.655529  0.712680  0.636947  0.814118  0.655264  0.673101  0.691783  0.607128  0.750575  0.452740  0.595483  0.567591  0.597418  0.629957  0.685306  0.542741  0.675321  0.722176  0.633709  0.643376  0.758965  0.759682  0.499880  0.592195  0.580709 
26  0.545301  0.606072  0.115788  0.712356  0.474882  0.705230  0.544915  0.849906  0.540389  0.789088  0.504647  0.561931  0.817123  0.598600  0.734829  0.590866  0.723611  0.598843  0.728469  0.281577  0.774903  0.623364  0.588597  0.663608  0.832860  0.597439 0.0  0.769382  0.586019  0.814075  0.592582  0.732534  0.823141  0.614598  0.768562  0.705114  0.335469  0.658282  0.454014  0.682930  0.738001  0.708517  0.467706  0.416196  0.662917  0.452743  0.751234  0.573746  0.785156  0.808042  0.595591  0.805028  0.796162  0.407228  0.518669  0.724851  0.634593  0.691768  0.668751  0.691421  0.659544  0.367479  0.649725  0.614170  0.560968  0.401848  0.719245  0.483743  0.528230  0.838561  0.772810  0.886813  0.726602  0.499134  0.673293  0.593870  0.768591  0.690289  0.342714  0.699164  0.469478  0.867029  0.535823  0.615934  0.391401  0.767675  0.809076  0.690021  0.629456  0.516355  0.696679  0.643568  0.516878  0.778456  0.785817  0.348243  0.725207  0.634776 
27  0.808675  0.891684  0.753234  0.461289  0.857199  0.649267  0.848552  0.699811  0.770659  0.649408  0.794920  0.724587  0.571103  0.686915  0.736196  0.725212  0.537221  0.677592  0.461194  0.628258  0.425384  0.797233  0.850920  0.780512  0.407806  0.731972  0.769382 0.0  0.705631  0.571009  0.694465  0.673547  0.854468  0.758620  0.690768  0.654384  0.839562  0.711439  0.758474  0.639382  0.803212  0.820161  0.816215  0.800699  0.779366  0.761538  0.592180  0.518079  0.361520  0.649128  0.726557  0.657146  0.573443  0.767046  0.711589  0.882462  0.735389  0.429680  0.645497  0.784260  0.847217  0.701978  0.615865  0.790116  0.887995  0.716082  0.772019  0.815678  0.708497  0.737040  0.582415  0.578473  0.845640  0.718697  0.845211  0.750336  0.811051  0.719363  0.827716  0.641865  0.854457  0.641712  0.744926  0.591146  0.807824  0.590307  0.714224  0.490347  0.689662  0.937938  0.606985  0.655407  0.724874  0.574513  0.738310  0.767034  0.793010  0.781050 
28  0.739884  0.786736  0.497723  0.704465  0.561447  0.718074  0.599493  0.752790  0.377715  0.721461  0.670472  0.513340  0.650790  0.483068  0.561794  0.556484  0.666708  0.581773  0.731774  0.516900  0.741875  0.681835  0.615528  0.674164  0.691262  0.650573  0.586019  0.705631 0.0  0.817260  0.704554  0.841046  0.814701  0.573807  0.768960  0.634670  0.559280  0.617581  0.467315  0.638293  0.678881  0.654237  0.443402  0.529829  0.677307  0.622070  0.642309  0.562326  0.721905  0.839558  0.622748  0.888757  0.755758  0.458007  0.603270  0.728802  0.707250  0.604316  0.570594  0.627941  0.705686  0.612570  0.701517  0.669313  0.771706  0.533588  0.685458  0.569583  0.507521  0.759024  0.731144  0.769173  0.759247  0.733811  0.724954  0.736456  0.732846  0.702148  0.596010  0.674445  0.712197  0.778216  0.541126  0.782591  0.616995  0.776124  0.642957  0.692473  0.542174  0.696755  0.643486  0.754799  0.586693  0.664510  0.682273  0.629879  0.679118  0.577532 
29  0.811422  0.809073  0.774470  0.628402  0.818139  0.735234  0.715375  0.556740  0.789279  0.634705  0.780310  0.780299  0.578143  0.601835  0.712867  0.703351  0.602538  0.793547  0.665421  0.678447  0.636812  0.879727  0.823607  0.742789  0.585942  0.759822  0.814075  0.571009  0.817260 0.0  0.779957  0.773869  0.850414  0.625993  0.435847  0.653825  0.831467  0.717965  0.816773  0.726488  0.639419  0.549259  0.752754  0.778365  0.896184  0.783327  0.687692  0.696477  0.584061  0.468290  0.844358  0.620730  0.598830  0.788685  0.724706  0.768185  0.627223  0.706853  0.667398  0.756224  0.708809  0.757097  0.722290  0.801355  0.825582  0.765034  0.733768  0.770283  0.710157  0.653966  0.613206  0.603187  0.810574  0.773765  0.802698  0.888505  0.809701  0.771436  0.721856  0.497567  0.770155  0.677105  0.703660  0.648618  0.724499  0.651272  0.703979  0.579722  0.709364  0.773206  0.636761  0.682110  0.796447  0.588394  0.662661  0.786022  0.848362  0.767408 
30  0.806994  0.815796  0.632467  0.728877  0.668862  0.630881  0.656336  0.859008  0.669263  0.733882  0.787943  0.677061  0.661642  0.575067  0.438799  0.787435  0.585269  0.692593  0.589276  0.749568  0.691654  0.721706  0.759472  0.412839  0.661518  0.643932  0.592582  0.694465  0.704554  0.779957 0.0  0.948673  0.814305  0.817099  0.668865  0.642020  0.772843  0.565807  0.685277  0.611732  0.312798  0.812394  0.704869  0.547976  0.745688  0.718229  0.580451  0.593584  0.542189  0.668164  0.733664  0.725242  0.626963  0.628263  0.781672  0.828136  0.795344  0.590709  0.690009  0.829140  0.747323  0.629585  0.642669  0.704898  0.802178  0.738885  0.825145  0.702157  0.691029  0.768781  0.866837  0.822443  0.797658  0.754756  0.782081  0.843634  0.877383  0.327236  0.757242  0.742956  0.776611  0.869985  0.654495  0.600153  0.797877  0.462725  0.172908  0.632548  0.667587  0.623976  0.779876  0.742287  0.772786  0.689912  0.768053  0.677989  0.678607  0.770222 
31  0.550132  0.645792  0.752619  0.869002  0.792337  0.799123  0.729786  0.914730  0.785155  0.908344  0.682246  0.631147  0.835307  0.813720  0.739026  0.759830  0.827453  0.825311  0.859131  0.709286  0.932369  0.595297  0.602805  0.932479  0.826536  0.818574  0.732534  0.673547  0.841046  0.773869  0.948673 0.0  0.580515  0.816982  0.865629  0.755442  0.639665  0.794310  0.725803  0.787552  0.713028  0.930951  0.710865  0.700323  0.672256  0.731424  0.874374  0.840781  0.787746  0.870387  0.681210  0.846167  0.744686  0.653861  0.674448  0.492736  0.747019  0.863634  0.823589  0.701135  0.688729  0.746188  0.868197  0.776268  0.632115  0.685777  0.801261  0.716566  0.876588  0.857503  0.839923  0.792843  0.375326  0.597261  0.720878  0.692558  0.411721  0.838498  0.767891  0.756930  0.676101  0.904746  0.793926  0.843779  0.750630  0.799041  0.777409  0.738140  0.864012  0.717027  0.646763  0.866334  0.731255  0.883848  0.821140  0.836471  0.707693  0.678178 
32  0.476113  0.568471  0.695851  0.805847  0.800848  0.719563  0.680391  0.810975  0.721518  0.832282  0.652305  0.716008  0.785116  0.700456  0.723243  0.602556  0.778995  0.663010  0.852651  0.746105  0.768702  0.508835  0.498249  0.903295  0.796863  0.816241  0.823141  0.854468  0.814701  0.850414  0.814305  0.580515 0.0  0.773325  0.869675  0.720270  0.706365  0.747908  0.704359  0.735343  0.831020  0.739595  0.721187  0.838243  0.443844  0.714757  0.651005  0.833023  0.845920  0.838886  0.594294  0.808849  0.788396  0.718170  0.668266  0.403728  0.747598  0.806571  0.743419  0.479735  0.441813  0.719111  0.834384  0.663005  0.719115  0.591599  0.772222  0.643117  0.728583  0.791401  0.798070  0.875324  0.616672  0.663388  0.437658  0.611572  0.636839  0.887610  0.781593  0.761258  0.630360  0.869040  0.712978  0.848435  0.737633  0.776009  0.782822  0.830710  0.695082  0.642795  0.833850  0.818811  0.657404  0.861865  0.839423  0.625127  0.604735  0.548834 
33  0.724861  0.677816  0.545799  0.812114  0.640001  0.754043  0.658481  0.857911  0.494728  0.598195  0.612726  0.653654  0.557832  0.636088  0.665455  0.687020  0.801926  0.622609  0.750477  0.538206  0.824041  0.731986  0.747066  0.717152  0.683536  0.594228  0.614598  0.758620  0.573807  0.625993  0.817099  0.816982  0.773325 0.0  0.650112  0.693674  0.492744  0.581923  0.694366  0.665641  0.704488  0.674749  0.422834  0.569010  0.753979  0.518613  0.730048  0.712571  0.763437  0.818783  0.723754  0.747299  0.695155  0.533312  0.588223  0.672049  0.722249  0.780917  0.634161  0.578580  0.770772  0.568285  0.711174  0.592965  0.647696  0.727512  0.829140  0.642326  0.467409  0.811245  0.773214  0.707971  0.672928  0.615289  0.762832  0.673672  0.806498  0.727944  0.512387  0.726085  0.520130  0.731971  0.506876  0.699985  0.638774  0.754205  0.696780  0.760038  0.693388  0.557142  0.795120  0.609673  0.737590  0.769290  0.676243  0.702523  0.662799  0.676714 
34  0.776455  0.801466  0.675006  0.684230  0.750927  0.741801  0.726598  0.517288  0.687983  0.640756  0.772016  0.644684  0.523126  0.634512  0.720626  0.811925  0.685168  0.792137  0.668119  0.786971  0.527760  0.799529  0.747037  0.736290  0.539814  0.622278  0.768562  0.690768  0.768960  0.435847  0.668865  0.865629  0.869675  0.650112 0.0  0.793951  0.739855  0.712518  0.875326  0.592681  0.640615  0.699176  0.818329  0.723835  0.944533  0.749417  0.724719  0.688867  0.605680  0.694733  0.744923  0.675966  0.619060  0.724626  0.829729  0.861901  0.641369  0.610357  0.755319  0.757864  0.872032  0.762782  0.668410  0.769563  0.803570  0.710168  0.544606  0.741076  0.707953  0.686760  0.591157  0.475732  0.860262  0.729808  0.777373  0.853766  0.933985  0.722028  0.740647  0.510551  0.701190  0.524953  0.696434  0.637199  0.724674  0.608455  0.839514  0.740818  0.680343  0.826664  0.599871  0.549018  0.747929  0.685230  0.597595  0.762662  0.823776  0.756800 
35  0.710434  0.865380  0.696888  0.648634  0.675554  0.301344  0.660937  0.808471  0.724570  0.553847  0.699852  0.768134  0.510279  0.610543  0.503925  0.581095  0.457378  0.524381  0.492882  0.782202  0.669631  0.659835  0.707754  0.584406  0.518392  0.584926  0.705114  0.654384  0.634670  0.653825  0.642020  0.755442  0.720270  0.693674  0.793951 0.0  0.621251  0.418865  0.655641  0.333164  0.533626  0.694938  0.740138  0.616685  0.779961  0.620516  0.337745  0.534696  0.592164  0.691757  0.608233  0.873740  0.535386  0.645030  0.769833  0.787260  0.680995  0.746227  0.462244  0.732897  0.693578  0.719475  0.525210  0.720514  0.667595  0.738594  0.680251  0.646219  0.695238  0.709327  0.742829  0.778280  0.791668  0.707677  0.809816  0.676916  0.794576  0.536835  0.666309  0.643104  0.691986  0.796581  0.594628  0.440467  0.607925  0.550921  0.567947  0.612185  0.384605  0.756065  0.605004  0.613133  0.747701  0.568877  0.807947  0.624613  0.676743  0.714083 
36  0.626462  0.648656  0.436166  0.779355  0.559745  0.692752  0.592991  0.736386  0.623480  0.690060  0.600412  0.472116  0.668196  0.592215  0.625532  0.487409  0.697200  0.628831  0.750066  0.313946  0.729058  0.657750  0.680513  0.815642  0.696764  0.631480  0.335469  0.839562  0.559280  0.831467  0.772843  0.639665  0.706365  0.492744  0.739855  0.621251 0.0  0.825102  0.376598  0.742224  0.670823  0.751670  0.487425  0.465266  0.713393  0.300220  0.666009  0.754755  0.696867  0.775369  0.634140  0.880319  0.718126  0.477514  0.450018  0.740312  0.742525  0.798033  0.594083  0.649165  0.708359  0.494272  0.720642  0.577577  0.628956  0.449701  0.764089  0.455636  0.574766  0.860325  0.819348  0.826239  0.814233  0.568147  0.745352  0.544338  0.788886  0.715310  0.205245  0.726666  0.467637  0.780859  0.563037  0.735314  0.302211  0.711148  0.707614  0.672212  0.734559  0.472907  0.711734  0.653428  0.572114  0.749371  0.723218  0.383048  0.638676  0.555030 
37  0.883394  0.852234  0.618348  0.644191  0.699594  0.448202  0.602294  0.770439  0.624282  0.607807  0.732266  0.668338  0.523181  0.530180  0.520035  0.671857  0.405020  0.430252  0.578747  0.694889  0.693008  0.761216  0.772537  0.559418  0.636841  0.445508  0.658282  0.711439  0.617581  0.717965  0.565807  0.794310  0.747908  0.581923  0.712518  0.418865  0.825102 0.0  0.615125  0.486181  0.580984  0.734437  0.629223  0.702628  0.796095  0.703608  0.626680  0.533827  0.744709  0.771651  0.800648  0.659439  0.557357  0.609174  0.701485  0.747132  0.631765  0.557707  0.622793  0.713026  0.813840  0.721748  0.531406  0.605589  0.762631  0.544903  0.781667  0.710473  0.628844  0.640022  0.677045  0.749573  0.834483  0.797486  0.725336  0.768137  0.831557  0.615634  0.643952  0.648749  0.688107  0.760905  0.598683  0.576490  0.700239  0.620014  0.556223  0.531023  0.429715  0.640591  0.623515  0.719282  0.614509  0.582263  0.801638  0.712025  0.780742  0.893965 
38  0.647868  0.532367  0.616615  0.756237  0.423331  0.750504  0.519646  0.732074  0.558793  0.776528  0.436783  0.537082  0.690535  0.557508  0.677128  0.394138  0.718246  0.791767  0.803127  0.429695  0.725281  0.557321  0.590220  0.590652  0.814938  0.678398  0.454014  0.758474  0.467315  0.816773  0.685277  0.725803  0.704359  0.694366  0.875326  0.655641  0.376598  0.615125 0.0  0.629988  0.731151  0.719383  0.609659  0.480649  0.670887  0.451864  0.767483  0.592944  0.811958  0.845368  0.568538  0.773405  0.696421  0.573839  0.358851  0.731731  0.709527  0.761170  0.668470  0.628792  0.801703  0.408083  0.772601  0.521844  0.552579  0.515533  0.899716  0.593977  0.709729  0.765437  0.757528  0.753415  0.666886  0.469837  0.671925  0.572754  0.722078  0.742784  0.434529  0.719901  0.451890  0.826574  0.686623  0.776401  0.427747  0.723479  0.660829  0.602798  0.713040  0.391529  0.648790  0.754268  0.443332  0.792288  0.725685  0.483023  0.556184  0.620269 
39  0.871225  0.765537  0.635328  0.637315  0.630987  0.492890  0.654857  0.738207  0.631208  0.624545  0.714295  0.738722  0.555324  0.540293  0.241438  0.726741  0.442334  0.478422  0.577778  0.694102  0.691192  0.684172  0.672732  0.522238  0.618651  0.678931  0.682930  0.639382  0.638293  0.726488  0.611732  0.787552  0.735343  0.665641  0.592681  0.333164  0.742224  0.486181  0.629988 0.0  0.558446  0.740433  0.652358  0.756947  0.763386  0.626814  0.453494  0.469802  0.689649  0.681686  0.708914  0.795290  0.555959  0.627052  0.755965  0.676766  0.730518  0.545734  0.671976  0.743941  0.846367  0.709041  0.500090  0.682516  0.719621  0.661967  0.866876  0.638367  0.641571  0.760888  0.693200  0.684889  0.798043  0.658096  0.875385  0.873843  0.814336  0.647046  0.811032  0.627161  0.771483  0.757836  0.638806  0.495176  0.747915  0.547985  0.642903  0.635483  0.522536  0.796676  0.577173  0.587611  0.682775  0.641142  0.685710  0.693499  0.810330  0.771634 
