98
0 0.0  0.579649  0.653884  0.767058  0.781286  0.687199  0.716411  0.865685  0.749043  0.674858  0.687473  0.571270  0.754154  0.813604  0.773850  0.677341  0.934670  0.792369  0.682139  0.850365  0.493338  0.714545  0.599250  0.584548  0.859671  0.769037  0.802778  0.563661  0.885891  0.820639  0.529106  0.807496  0.841054  0.590163  0.534007  0.630869  0.841722  0.457304  0.835578  0.590034  0.721327  0.716656  0.793624  0.714505  0.932130  0.891475  0.818923  0.748308  0.687864  0.794790  0.797158  0.626959  0.566451  0.787317  0.767874  0.807982  0.667027  0.710193  0.604676  0.684300  0.869930  0.838111  0.617941  0.832583  0.695797  0.683144  0.780030  0.623943  0.651119  0.764085  0.614005  0.428839  0.849695  0.699393  0.439152  0.798799  0.821618  0.809134  0.705215  0.660033  0.712112  0.441314  0.825562  0.772858  0.695538  0.798021  0.904485  0.706459  0.798528  0.823034  0.567466  0.673256  0.698684  0.659394  0.815120  0.712103  0.369957  0.759698 
1  0.579649 0.0  0.623327  0.682175  0.745569  0.653091  0.798224  0.839519  0.676568  0.752826  0.522773  0.751589  0.649897  0.665618  0.711311  0.666892  0.785215  0.641133  0.570300  0.789770  0.713379  0.573330  0.576341  0.675508  0.637212  0.805941  0.840840  0.632463  0.832499  0.764161  0.621482  0.677453  0.654868  0.537194  0.648579  0.549840  0.653117  0.493225  0.666793  0.609209  0.653011  0.588491  0.624608  0.662057  0.815251  0.844616  0.882162  0.623657  0.563492  0.766174  0.693687  0.792176  0.562739  0.641190  0.685906  0.593839  0.619996  0.789529  0.589808  0.548677  0.864087  0.823480  0.484242  0.663817  0.865277  0.825792  0.810339  0.696291  0.558984  0.733432  0.536467  0.619676  0.797324  0.610103  0.738496  0.697616  0.688815  0.659612  0.762383  0.692495  0.726693  0.674429  0.786307  0.899227  0.699157  0.615677  0.820549  0.701744  0.775674  0.656268  0.429248  0.666945  0.481416  0.596834  0.736121  0.611683  0.687553  0.718627 
2  0.653884  0.623327 0.0  0.537572  0.732935  0.503604  0.655819  0.705732  0.577517  0.761055  0.566053  0.643148  0.594710  0.402299  0.707308  0.557548  0.759584  0.727647  0.571885  0.643901  0.639460  0.440116  0.604368  0.738705  0.654168  0.872836  0.633079  0.612615  0.822996  0.620210  0.702948  0.797067  0.645854  0.628098  0.551858  0.704705  0.553270  0.676286  0.765770  0.630969  0.637416  0.721432  0.653281  0.620445  0.731605  0.655855  0.839152  0.473007  0.630834  0.693733  0.615628  0.732390  0.600198  0.673560  0.800937  0.569476  0.656278  0.858657  0.563344  0.521717  0.831929  0.667855  0.625683  0.792955  0.756220  0.770833  0.761413  0.779962  0.646390  0.657096  0.665277  0.718475  0.722490  0.576961  0.749277  0.621702  0.731747  0.682512  0.636494  0.701313  0.752709  0.632662  0.704797  0.743293  0.604863  0.514722  0.766829  0.709798  0.742483  0.681814  0.651741  0.680448  0.556214  0.528442  0.611788  0.419874  0.756631  0.759579 
3  0.767058  0.682175  0.537572 0.0  0.666585  0.448397  0.549911  0.653764  0.526473  0.665983  0.674028  0.765905  0.267006  0.611935  0.527435  0.619915  0.701334  0.724318  0.605535  0.649435  0.765474  0.411772  0.698697  0.729609  0.489648  0.682184  0.531961  0.763788  0.786047  0.587127  0.732002  0.610363  0.651018  0.709557  0.684125  0.678103  0.400527  0.723118  0.755832  0.734566  0.455972  0.639873  0.540111  0.700795  0.851718  0.726261  0.775369  0.639014  0.696544  0.735929  0.521783  0.738259  0.503185  0.517699  0.741105  0.465483  0.680054  0.884237  0.676766  0.581274  0.801287  0.668017  0.619749  0.633485  0.650865  0.685380  0.731573  0.701740  0.669882  0.627059  0.623677  0.740857  0.700144  0.410424  0.739294  0.637629  0.734506  0.742583  0.511467  0.645163  0.490003  0.788687  0.574677  0.658584  0.719561  0.528504  0.690838  0.714796  0.918285  0.524772  0.763419  0.696734  0.668845  0.589260  0.671757  0.543098  0.694620  0.785197 
4  0.781286  0.745569  0.732935  0.666585 0.0  0.722700  0.556868  0.533381  0.481485  0.885037  0.785602  0.771690  0.583618  0.760110  0.769082  0.747923  0.520049  0.744880  0.772372  0.555914  0.837712  0.731213  0.776537  0.890663  0.763287  0.552407  0.636706  0.868775  0.706296  0.677593  0.773372  0.635806  0.522173  0.815720  0.828582  0.746450  0.667735  0.850758  0.603779  0.762831  0.693282  0.791983  0.691283  0.807339  0.565879  0.573568  0.535910  0.757572  0.709767  0.517010  0.600480  0.882939  0.684236  0.600547  0.428622  0.707791  0.871510  0.880319  0.829568  0.870421  0.696397  0.527580  0.751918  0.366568  0.510551  0.485189  0.443886  0.875480  0.700018  0.648666  0.797310  0.856499  0.551260  0.608631  0.758125  0.644408  0.504642  0.651490  0.716057  0.787441  0.718559  0.852491  0.649604  0.671751  0.820332  0.701721  0.414644  0.814044  0.685663  0.741146  0.802982  0.795380  0.804960  0.756897  0.620554  0.733523  0.759378  0.414458 
5  0.687199  0.653091  0.503604  0.448397  0.722700 0.0  0.802880  0.672955  0.557615  0.747759  0.629191  0.769300  0.551077  0.361036  0.613352  0.625580  0.664211  0.690391  0.549099  0.719300  0.680239  0.580414  0.682317  0.726952  0.573212  0.689491  0.744696  0.639538  0.768939  0.552125  0.746394  0.634585  0.768597  0.636296  0.667015  0.724162  0.471156  0.700973  0.759771  0.679852  0.613290  0.816752  0.516501  0.747575  0.783989  0.718704  0.758300  0.672812  0.678082  0.764340  0.732837  0.797299  0.487878  0.575142  0.669208  0.488280  0.833376  0.743451  0.697322  0.635709  0.778104  0.651386  0.603001  0.525905  0.788828  0.650515  0.733628  0.780816  0.715740  0.648728  0.622617  0.757793  0.687277  0.572342  0.700706  0.628805  0.708801  0.747442  0.652142  0.677932  0.644381  0.719700  0.640902  0.827078  0.808195  0.436947  0.760056  0.591384  0.735004  0.647286  0.611311  0.737779  0.691909  0.726628  0.719828  0.570764  0.751257  0.651990 
6  0.716411  0.798224  0.655819  0.549911  0.556868  0.802880 0.0  0.521777  0.576587  0.769081  0.784358  0.861045  0.762853  0.766451  0.686061  0.738224  0.427903  0.796966  0.736246  0.553495  0.752602  0.815253  0.852204  0.867887  0.724437  0.603323  0.629356  0.809025  0.647375  0.705411  0.861142  0.425868  0.594517  0.821671  0.875906  0.774779  0.809956  0.703712  0.525201  0.831845  0.585084  0.771352  0.569418  0.847428  0.588194  0.623493  0.653431  0.753769  0.793871  0.502562  0.629544  0.831271  0.729638  0.741323  0.536698  0.746190  0.827943  0.733391  0.673967  0.797777  0.698388  0.623167  0.644520  0.486035  0.506593  0.555533  0.602681  0.744199  0.770184  0.471660  0.734775  0.795093  0.454825  0.485898  0.875562  0.681394  0.397219  0.546466  0.575466  0.658516  0.669339  0.854307  0.520816  0.599859  0.764279  0.803873  0.544012  0.921500  0.679368  0.646867  0.738519  0.846825  0.718556  0.710109  0.786862  0.694242  0.794258  0.543491 
7  0.865685  0.839519  0.705732  0.653764  0.533381  0.672955  0.521777 0.0  0.631536  0.862810  0.862862  0.728004  0.597143  0.729172  0.553028  0.698743  0.437531  0.771897  0.778154  0.564069  0.746107  0.734951  0.726436  0.841120  0.687387  0.645703  0.584683  0.809680  0.786558  0.609509  0.838549  0.354879  0.205490  0.771797  0.962450  0.775350  0.640890  0.844171  0.542038  0.773820  0.637520  0.701448  0.663853  0.839545  0.658524  0.511242  0.726480  0.742907  0.730868  0.526013  0.736843  0.850695  0.565910  0.667736  0.633690  0.659725  0.802454  0.788648  0.770755  0.734008  0.656385  0.714847  0.712885  0.282528  0.627018  0.387854  0.656904  0.770903  0.899199  0.464014  0.775011  0.805703  0.476472  0.559502  0.788208  0.679419  0.619414  0.484614  0.517238  0.857717  0.644447  0.837111  0.460420  0.599617  0.879511  0.707390  0.578830  0.807786  0.705892  0.558438  0.773141  0.672769  0.759531  0.688992  0.677681  0.757871  0.862355  0.518155 
8  0.749043  0.676568  0.577517  0.526473  0.481485  0.557615  0.576587  0.631536 0.0  0.809835  0.690842  0.887470  0.515298  0.595209  0.264714  0.654465  0.594873  0.712583  0.683796  0.693335  0.652006  0.648507  0.797470  0.905259  0.548375  0.801034  0.242745  0.766157  0.870778  0.310615  0.828540  0.544156  0.526178  0.891431  0.797549  0.731557  0.588867  0.723480  0.595607  0.819527  0.438133  0.652154  0.372639  0.770290  0.718793  0.522168  0.716491  0.740938  0.748559  0.740277  0.522793  0.741234  0.727435  0.461729  0.741528  0.493428  0.780298  0.966170  0.747922  0.653174  0.808912  0.551095  0.771901  0.556457  0.663111  0.595567  0.633914  0.714420  0.693760  0.446354  0.686542  0.723292  0.631139  0.429768  0.855258  0.487574  0.766821  0.570322  0.566743  0.679723  0.392471  0.845919  0.593882  0.565990  0.721439  0.603457  0.681577  0.700998  0.734990  0.386925  0.676647  0.674302  0.847206  0.579317  0.496868  0.653584  0.797228  0.695771 
9  0.674858  0.752826  0.761055  0.665983  0.885037  0.747759  0.769081  0.862810  0.809835 0.0  0.752144  0.681302  0.760130  0.756996  0.776615  0.641668  0.747791  0.874501  0.642375  0.828473  0.823611  0.853117  0.620465  0.405314  0.779361  0.858304  0.762362  0.791486  0.718049  0.764370  0.664632  0.878410  0.802837  0.659463  0.834533  0.647473  0.793078  0.751219  0.835221  0.760053  0.686525  0.782490  0.717650  0.770049  0.835353  0.781780  0.841064  0.690994  0.724837  0.747533  0.673375  0.703621  0.691521  0.850723  0.838152  0.732664  0.666875  0.656101  0.756358  0.776840  0.913051  0.798991  0.616376  0.802825  0.905249  0.752757  0.809573  0.632284  0.666421  0.755275  0.626608  0.514055  0.770236  0.851743  0.723298  0.845810  0.769337  0.904926  0.863113  0.584092  0.804563  0.738498  0.880387  0.889793  0.739821  0.685393  0.853682  0.909067  0.870535  0.724511  0.628272  0.799511  0.645610  0.764350  0.839969  0.840003  0.675231  0.721921 
10  0.687473  0.522773  0.566053  0.674028  0.785602  0.629191  0.784358  0.862862  0.690842  0.752144 0.0  0.669790  0.724773  0.686819  0.727330  0.562185  0.745088  0.631794  0.718847  0.856678  0.527932  0.729404  0.456429  0.674527  0.606578  0.823065  0.691478  0.665283  0.803701  0.624224  0.585489  0.689714  0.721019  0.580936  0.452854  0.423755  0.811418  0.462602  0.734877  0.373432  0.709413  0.556539  0.629097  0.650453  0.814007  0.683520  0.688305  0.646887  0.588526  0.839712  0.677464  0.668344  0.742136  0.694941  0.805090  0.705283  0.511728  0.765978  0.505134  0.600325  0.826114  0.706559  0.629798  0.733647  0.782629  0.786010  0.763382  0.633997  0.486769  0.770419  0.631492  0.633302  0.820280  0.665113  0.690856  0.826226  0.801381  0.849266  0.846995  0.640710  0.650026  0.494014  0.752786  0.702128  0.643065  0.694427  0.875306  0.606611  0.812218  0.705297  0.562525  0.589466  0.577432  0.660343  0.688291  0.597843  0.640549  0.744866 
11  0.571270  0.751589  0.643148  0.765905  0.771690  0.769300  0.861045  0.728004  0.887470  0.681302  0.669790 0.0  0.778646  0.773212  0.708431  0.682435  0.803456  0.745674  0.700010  0.864718  0.678440  0.684847  0.614221  0.706947  0.764280  0.816893  0.804248  0.617365  0.787144  0.735516  0.485987  0.828042  0.857986  0.529771  0.636792  0.663882  0.795180  0.585540  0.855002  0.569790  0.742735  0.658571  0.901135  0.743893  0.871660  0.902332  0.751954  0.695401  0.658463  0.853381  0.800120  0.580436  0.639651  0.871370  0.853984  0.691330  0.588838  0.721592  0.688111  0.659522  0.770349  0.847715  0.616647  0.867913  0.887104  0.872257  0.805342  0.530819  0.637175  0.743846  0.702427  0.443706  0.840190  0.842660  0.450400  0.729215  0.925713  0.940187  0.759251  0.741202  0.726838  0.542789  0.851239  0.739449  0.751342  0.738019  0.732009  0.728954  0.895942  0.725102  0.582710  0.777245  0.701763  0.657542  0.751574  0.781062  0.445149  0.786314 
12  0.754154  0.649897  0.594710  0.267006  0.583618  0.551077  0.762853  0.597143  0.515298  0.760130  0.724773  0.778646 0.0  0.533893  0.441883  0.611773  0.679596  0.763734  0.487051  0.594032  0.797995  0.635804  0.833483  0.820176  0.590652  0.782399  0.486733  0.839765  0.779125  0.472473  0.738554  0.649753  0.696340  0.793569  0.621877  0.834300  0.498748  0.718582  0.605540  0.641437  0.433860  0.728053  0.434536  0.724077  0.732105  0.594113  0.680486  0.628908  0.663284  0.704453  0.526350  0.742798  0.656388  0.577765  0.786825  0.495908  0.790547  0.811242  0.729112  0.728224  0.701019  0.574210  0.628623  0.595222  0.724474  0.692585  0.639702  0.785984  0.666623  0.523274  0.717849  0.739587  0.787508  0.415543  0.781746  0.536768  0.747659  0.726325  0.635026  0.708726  0.279728  0.793768  0.680782  0.654646  0.718179  0.656322  0.774219  0.787568  0.701823  0.312944  0.638691  0.675886  0.616763  0.605682  0.567096  0.533172  0.782188  0.764102 
13  0.813604  0.665618  0.402299  0.611935  0.760110  0.361036  0.766451  0.729172  0.595209  0.756996  0.686819  0.773212  0.533893 0.0  0.628227  0.477799  0.590629  0.723279  0.582375  0.810197  0.792165  0.419948  0.722386  0.733252  0.524645  0.692785  0.642228  0.646145  0.648395  0.578598  0.840055  0.659655  0.646103  0.662671  0.662598  0.607405  0.433350  0.705824  0.658863  0.716547  0.565905  0.688269  0.639242  0.776579  0.788475  0.677991  0.734396  0.679510  0.686976  0.795738  0.579976  0.657540  0.492285  0.663847  0.617129  0.641965  0.639588  0.844716  0.669987  0.658395  0.702654  0.642629  0.600474  0.545117  0.718359  0.652912  0.682525  0.806640  0.799141  0.683390  0.628667  0.717851  0.724105  0.530736  0.727449  0.758680  0.716690  0.741489  0.786862  0.646651  0.603878  0.700239  0.744767  0.753025  0.823842  0.350565  0.581139  0.708151  0.773957  0.573551  0.695905  0.773392  0.650506  0.646301  0.643618  0.604566  0.732326  0.812065 
14  0.773850  0.711311  0.707308  0.527435  0.769082  0.613352  0.686061  0.553028  0.264714  0.776615  0.727330  0.708431  0.441883  0.628227 0.0  0.533287  0.627749  0.753342  0.724461  0.579889  0.848044  0.632083  0.743405  0.727249  0.625968  0.799499  0.324183  0.845829  0.724910  0.419229  0.760538  0.612827  0.692940  0.930609  0.688178  0.709556  0.425690  0.789415  0.570569  0.840486  0.402153  0.796582  0.337509  0.640068  0.787180  0.470838  0.750387  0.687081  0.719489  0.710267  0.517103  0.778202  0.610176  0.423881  0.579160  0.452498  0.731385  0.894134  0.704905  0.662228  0.730501  0.453189  0.707984  0.573507  0.750387  0.651093  0.669250  0.681309  0.785635  0.561328  0.681771  0.606730  0.580020  0.434479  0.767876  0.513237  0.720336  0.648260  0.517775  0.778572  0.302492  0.812708  0.579158  0.698138  0.716840  0.515857  0.667133  0.643938  0.757173  0.314390  0.735312  0.680976  0.641327  0.751444  0.534198  0.625583  0.842681  0.690037 
15  0.677341  0.666892  0.557548  0.619915  0.747923  0.625580  0.738224  0.698743  0.654465  0.641668  0.562185  0.682435  0.611773  0.477799  0.533287 0.0  0.625300  0.816508  0.528637  0.683639  0.662359  0.400611  0.753710  0.774119  0.472397  0.776898  0.590724  0.586019  0.727283  0.669799  0.738061  0.648549  0.682847  0.808974  0.678959  0.629757  0.410727  0.717692  0.676043  0.654054  0.603453  0.649733  0.531891  0.737306  0.768749  0.623409  0.753854  0.603159  0.704960  0.761477  0.648018  0.679418  0.526019  0.565356  0.721728  0.600733  0.695252  0.745225  0.641452  0.595338  0.808011  0.573280  0.639288  0.657475  0.749718  0.671064  0.688558  0.840054  0.634081  0.591724  0.695250  0.790686  0.650178  0.506822  0.800386  0.565150  0.863628  0.723068  0.651087  0.735718  0.541786  0.675671  0.688028  0.714268  0.740220  0.484727  0.726117  0.743948  0.898492  0.575083  0.642128  0.678900  0.652937  0.630688  0.528187  0.481520  0.777556  0.730823 
16  0.934670  0.785215  0.759584  0.701334  0.520049  0.664211  0.427903  0.437531  0.594873  0.747791  0.745088  0.803456  0.679596  0.590629  0.627749  0.625300 0.0  0.751461  0.760681  0.466769  0.798683  0.705678  0.722600  0.786280  0.743809  0.659624  0.579218  0.806558  0.639772  0.731713  0.767221  0.460841  0.484941  0.770483  0.759697  0.835161  0.665492  0.803052  0.517157  0.803153  0.723665  0.699696  0.673746  0.768367  0.585588  0.470167  0.704287  0.767683  0.795524  0.568378  0.676622  0.817340  0.597468  0.619477  0.507231  0.596369  0.751969  0.824490  0.788816  0.750416  0.656964  0.476969  0.707490  0.581224  0.586151  0.323132  0.552258  0.929689  0.742693  0.518181  0.778378  0.793284  0.543751  0.620114  0.849467  0.617435  0.623858  0.380771  0.502586  0.842647  0.621260  0.826006  0.313051  0.625736  0.822085  0.709314  0.665209  0.783259  0.679372  0.579331  0.932390  0.752093  0.660109  0.727963  0.609232  0.691042  0.861059  0.563324 
17  0.792369  0.641133  0.727647  0.724318  0.744880  0.690391  0.796966  0.771897  0.712583  0.874501  0.631794  0.745674  0.763734  0.723279  0.753342  0.816508  0.751461 0.0  0.718086  0.787694  0.697237  0.740251  0.628416  0.831006  0.667430  0.793789  0.709238  0.739171  0.817531  0.729341  0.762792  0.737927  0.703411  0.780518  0.587592  0.558561  0.692741  0.700950  0.729320  0.640596  0.697203  0.581098  0.645549  0.347910  0.766996  0.760873  0.882604  0.623622  0.627617  0.787356  0.739433  0.732877  0.616651  0.792219  0.709455  0.825937  0.624148  0.773490  0.623262  0.579572  0.809699  0.707142  0.659910  0.815583  0.814593  0.733919  0.820365  0.712096  0.687063  0.789637  0.639059  0.730408  0.802308  0.681449  0.631752  0.664402  0.812827  0.788928  0.679566  0.736847  0.646205  0.794087  0.800383  0.775461  0.222963  0.705535  0.781405  0.151091  0.887446  0.758505  0.713688  0.403810  0.554840  0.530282  0.719145  0.716445  0.731850  0.864222 
18  0.682139  0.570300  0.571885  0.605535  0.772372  0.549099  0.736246  0.778154  0.683796  0.642375  0.718847  0.700010  0.487051  0.582375  0.724461  0.528637  0.760681  0.718086 0.0  0.669981  0.620901  0.558063  0.820742  0.793058  0.745995  0.687480  0.719706  0.778311  0.821257  0.688523  0.665430  0.819214  0.713632  0.704191  0.688476  0.739083  0.671319  0.606617  0.787782  0.677521  0.660731  0.643138  0.682707  0.876097  0.733968  0.695020  0.814935  0.654050  0.671301  0.755779  0.709550  0.798480  0.487922  0.790946  0.775778  0.569393  0.715728  0.757914  0.660223  0.704778  0.858523  0.677194  0.488278  0.664624  0.697699  0.657335  0.793726  0.678401  0.715801  0.735668  0.756367  0.699727  0.747434  0.689484  0.717710  0.742069  0.832337  0.768377  0.774774  0.581541  0.712877  0.608495  0.706343  0.709571  0.802414  0.607122  0.724791  0.830252  0.758314  0.729810  0.673663  0.787901  0.579241  0.587501  0.585932  0.672073  0.716281  0.647002 
19  0.850365  0.789770  0.643901  0.649435  0.555914  0.719300  0.553495  0.564069  0.693335  0.828473  0.856678  0.864718  0.594032  0.810197  0.579889  0.683639  0.466769  0.787694  0.669981 0.0  0.758861  0.778785  0.680123  0.831610  0.716828  0.657450  0.576997  0.877541  0.658986  0.635543  0.865725  0.480678  0.530604  0.918540  0.830619  0.688530  0.771214  0.807109  0.581229  0.771237  0.605214  0.730293  0.661633  0.679714  0.620504  0.740814  0.652512  0.779091  0.906280  0.228378  0.635920  0.839862  0.736523  0.649308  0.488294  0.728365  0.934128  0.780961  0.719362  0.762464  0.804207  0.801970  0.738040  0.610104  0.583463  0.578245  0.669304  0.833449  0.792188  0.589944  0.791845  0.817269  0.391926  0.625111  0.770285  0.659318  0.541693  0.642372  0.621618  0.831507  0.658297  0.657075  0.565195  0.523474  0.691772  0.825862  0.501618  0.780694  0.694500  0.728653  0.750779  0.780802  0.793507  0.832713  0.629776  0.739514  0.712474  0.498142 
20  0.493338  0.713379  0.639460  0.765474  0.837712  0.680239  0.752602  0.746107  0.652006  0.823611  0.527932  0.678440  0.797995  0.792165  0.848044  0.662359  0.798683  0.697237  0.620901  0.758861 0.0  0.720873  0.558178  0.719793  0.780969  0.783947  0.812507  0.495528  0.903999  0.775561  0.651758  0.723582  0.879213  0.688127  0.614698  0.656675  0.757465  0.526373  0.811178  0.568389  0.785347  0.708116  0.736468  0.600990  0.731560  0.808393  0.753963  0.687242  0.706151  0.750060  0.783590  0.630995  0.748351  0.739817  0.836395  0.706947  0.352666  0.762334  0.673417  0.713974  0.897637  0.835256  0.639767  0.815298  0.743208  0.766858  0.842095  0.650419  0.565326  0.778317  0.542132  0.609690  0.860804  0.735163  0.577069  0.741648  0.656054  0.790801  0.849884  0.726047  0.785930  0.477529  0.829488  0.756349  0.718608  0.648630  0.735461  0.713164  0.768150  0.769083  0.678571  0.631243  0.517717  0.645550  0.734160  0.774439  0.659419  0.774045 
21  0.714545  0.573330  0.440116  0.411772  0.731213  0.580414  0.815253  0.734951  0.648507  0.853117  0.729404  0.684847  0.635804  0.419948  0.632083  0.400611  0.705678  0.740251  0.558063  0.778785  0.720873 0.0  0.709276  0.703982  0.556003  0.883867  0.597486  0.779554  0.906110  0.768223  0.781456  0.726128  0.757158  0.702794  0.615652  0.623036  0.480336  0.777706  0.753540  0.612397  0.568578  0.611922  0.530557  0.605468  0.756569  0.644956  0.749901  0.585564  0.551676  0.775685  0.526157  0.796320  0.398483  0.667237  0.725509  0.718088  0.647598  0.717981  0.705908  0.545456  0.761634  0.687700  0.588012  0.666194  0.799010  0.651771  0.863507  0.698605  0.680437  0.632794  0.621348  0.623125  0.763243  0.540634  0.873776  0.695782  0.688038  0.637720  0.732421  0.658440  0.541924  0.723007  0.800210  0.746077  0.825347  0.436541  0.713273  0.715816  0.792044  0.602815  0.609839  0.814623  0.659997  0.559941  0.740223  0.517618  0.762095  0.698298 
22  0.599250  0.576341  0.604368  0.698697  0.776537  0.682317  0.852204  0.726436  0.797470  0.620465  0.456429  0.614221  0.833483  0.722386  0.743405  0.753710  0.722600  0.628416  0.820742  0.680123  0.558178  0.709276 0.0  0.699973  0.686260  0.861336  0.713897  0.397109  0.812986  0.739287  0.606061  0.768021  0.825081  0.658479  0.567954  0.376615  0.747418  0.579842  0.750107  0.642320  0.780564  0.640472  0.651362  0.630011  0.814488  0.806003  0.976443  0.694879  0.786460  0.785363  0.670945  0.736112  0.642314  0.679927  0.856635  0.691987  0.675606  0.630458  0.602749  0.573169  0.863337  0.693206  0.677536  0.794961  0.764830  0.828600  0.789856  0.713423  0.437296  0.820560  0.547305  0.622105  0.810129  0.762532  0.744942  0.858452  0.880960  0.818851  0.833575  0.712515  0.700220  0.532256  0.783086  0.756533  0.726144  0.681408  0.816587  0.651915  0.900878  0.708359  0.513990  0.686431  0.620237  0.657278  0.702007  0.702446  0.468549  0.751988 
23  0.584548  0.675508  0.738705  0.729609  0.890663  0.726952  0.867887  0.841120  0.905259  0.405314  0.674527  0.706947  0.820176  0.733252  0.727249  0.774119  0.786280  0.831006  0.793058  0.831610  0.719793  0.703982  0.699973 0.0  0.714622  0.810569  0.730004  0.761807  0.863711  0.758312  0.663370  0.792228  0.797566  0.529067  0.702961  0.758681  0.767711  0.763228  0.840947  0.814062  0.735438  0.788636  0.716827  0.816751  0.993408  0.856697  0.799094  0.783379  0.732660  0.906438  0.738319  0.629889  0.735978  0.791406  0.790452  0.797242  0.713545  0.485180  0.750436  0.738822  0.847556  0.881257  0.683057  0.777379  0.829207  0.699575  0.879329  0.617647  0.725137  0.756295  0.777971  0.743523  0.691749  0.807270  0.725909  0.811842  0.859067  0.791593  0.746042  0.638526  0.807788  0.719490  0.792342  0.947546  0.837038  0.761226  0.931765  0.755570  0.798148  0.693517  0.767841  0.898054  0.769558  0.826844  0.839933  0.750117  0.653932  0.915368 
24  0.859671  0.637212  0.654168  0.489648  0.763287  0.573212  0.724437  0.687387  0.548375  0.779361  0.606578  0.764280  0.590652  0.524645  0.625968  0.472397  0.743809  0.667430  0.745995  0.716828  0.780969  0.556003  0.686260  0.714622 0.0  0.878616  0.514706  0.729224  0.667957  0.536156  0.781431  0.579434  0.661736  0.775656  0.788695  0.695576  0.512475  0.851127  0.667725  0.715629  0.581030  0.540561  0.593857  0.688284  0.787429  0.591448  0.766994  0.659666  0.777465  0.714070  0.385395  0.842475  0.625174  0.683135  0.725400  0.479600  0.755648  0.770161  0.672274  0.694607  0.790212  0.610813  0.670023  0.608534  0.625045  0.616287  0.912395  0.696119  0.674732  0.646443  0.697582  0.742137  0.699554  0.508705  0.731003  0.563354  0.748902  0.671656  0.623498  0.794184  0.600986  0.743149  0.645425  0.674793  0.694659  0.711417  0.682879  0.652769  0.732670  0.473779  0.638340  0.698387  0.738240  0.611404  0.385466  0.592221  0.849494  0.809257 
25  0.769037  0.805941  0.872836  0.682184  0.552407  0.689491  0.603323  0.645703  0.801034  0.858304  0.823065  0.816893  0.782399  0.692785  0.799499  0.776898  0.659624  0.793789  0.687480  0.657450  0.783947  0.883867  0.861336  0.810569  0.878616 0.0  0.719077  0.830735  0.618010  0.731543  0.889115  0.635083  0.731497  0.816531  0.830854  0.896023  0.870131  0.762409  0.646492  0.759521  0.708215  0.800744  0.749493  0.827180  0.481051  0.741057  0.302134  0.873921  0.760452  0.676353  0.722872  0.785850  0.890481  0.730477  0.569477  0.806835  0.751990  0.884167  0.815328  0.873414  0.572511  0.691456  0.787750  0.601332  0.571038  0.655260  0.387016  0.816536  0.745003  0.704760  0.751117  0.834606  0.671366  0.721555  0.765533  0.703974  0.473227  0.672985  0.759320  0.775582  0.647124  0.766223  0.592043  0.655280  0.823014  0.702438  0.446569  0.728075  0.572161  0.691986  0.887102  0.805743  0.662005  0.734353  0.768822  0.755694  0.803754  0.615256 
26  0.802778  0.840840  0.633079  0.531961  0.636706  0.744696  0.629356  0.584683  0.242745  0.762362  0.691478  0.804248  0.486733  0.642228  0.324183  0.590724  0.579218  0.709238  0.719706  0.576997  0.812507  0.597486  0.713897  0.730004  0.514706  0.719077 0.0  0.627594  0.776301  0.476789  0.815005  0.546458  0.641069  0.798226  0.613989  0.825820  0.534740  0.816625  0.606713  0.642951  0.444111  0.693804  0.483475  0.737143  0.685206  0.495875  0.697550  0.694532  0.805285  0.677931  0.664084  0.741960  0.722482  0.410685  0.620042  0.432443  0.710525  0.740403  0.614851  0.715973  0.742716  0.550045  0.744698  0.494503  0.659417  0.599436  0.679506  0.756893  0.771003  0.541110  0.643476  0.723283  0.717783  0.414720  0.702698  0.477947  0.698776  0.583708  0.458882  0.866215  0.394293  0.844178  0.651743  0.646572  0.756554  0.654668  0.657105  0.777525  0.773556  0.366587  0.834932  0.791828  0.636404  0.695397  0.585205  0.663095  0.734240  0.733666 
27  0.563661  0.632463  0.612615  0.763788  0.868775  0.639538  0.809025  0.809680  0.766157  0.791486  0.665283  0.617365  0.839765  0.646145  0.845829  0.586019  0.806558  0.739171  0.778311  0.877541  0.495528  0.779554  0.397109  0.761807  0.729224  0.830735  0.627594 0.0  0.802651  0.819524  0.663716  0.818223  0.872789  0.626837  0.529519  0.579865  0.750687  0.403102  0.765157  0.585100  0.824792  0.512270  0.744262  0.560132  0.701170  0.717726  0.817542  0.699289  0.711851  0.786988  0.797023  0.578176  0.794580  0.841612  0.843496  0.729979  0.347062  0.769104  0.692636  0.660599  0.778708  0.803030  0.739997  0.877510  0.846629  0.723586  0.782801  0.671103  0.566248  0.809502  0.514964  0.589075  0.886715  0.783719  0.526688  0.779208  0.839055  0.796043  0.653674  0.728662  0.790861  0.435566  0.793685  0.882403  0.660327  0.715248  0.870992  0.724481  0.949558  0.796874  0.565988  0.709983  0.663492  0.605747  0.709987  0.695185  0.642865  0.712744 
28  0.885891  0.832499  0.822996  0.786047  0.706296  0.768939  0.647375  0.786558  0.870778  0.718049  0.803701  0.787144  0.779125  0.648395  0.724910  0.727283  0.639772  0.817531  0.821257  0.658986  0.903999  0.906110  0.812986  0.863711  0.667957  0.618010  0.776301  0.802651 0.0  0.734377  0.794302  0.646684  0.678048  0.891712  0.820164  0.899500  0.760980  0.777255  0.690834  0.736569  0.732665  0.765494  0.706941  0.875640  0.544173  0.740210  0.504735  0.810249  0.762250  0.609744  0.824029  0.920834  0.759099  0.708170  0.641624  0.673081  0.893715  0.852610  0.844088  0.812267  0.000000  0.683566  0.929896  0.764291  0.564371  0.740949  0.542219  0.820249  0.779291  0.732468  0.879168  0.820312  0.647970  0.792572  0.806874  0.694279  0.658809  0.773875  0.685786  0.884938  0.689501  0.848619  0.693628  0.626898  0.838975  0.827523  0.721125  0.898639  0.415735  0.742136  0.899937  0.841714  0.866470  0.818642  0.801742  0.744168  0.906401  0.670675 
29  0.820639  0.764161  0.620210  0.587127  0.677593  0.552125  0.705411  0.609509  0.310615  0.764370  0.624224  0.735516  0.472473  0.578598  0.419229  0.669799  0.731713  0.729341  0.688523  0.635543  0.775561  0.768223  0.739287  0.758312  0.536156  0.731543  0.476789  0.819524  0.734377 0.0  0.791259  0.601995  0.698484  0.723146  0.712844  0.769034  0.505709  0.754023  0.658754  0.703440  0.366270  0.807995  0.462122  0.845086  0.793383  0.579455  0.710387  0.716354  0.669596  0.726147  0.479681  0.782209  0.615252  0.279885  0.653065  0.354675  0.747674  0.801008  0.674916  0.805719  0.836437  0.468426  0.653414  0.561132  0.605721  0.631524  0.697627  0.735901  0.715250  0.555353  0.718147  0.736278  0.805256  0.449678  0.706389  0.564865  0.811177  0.563682  0.623767  0.806919  0.391467  0.695106  0.661055  0.675262  0.717261  0.606808  0.640093  0.729554  0.839739  0.594208  0.756725  0.812178  0.668764  0.588709  0.622272  0.670941  0.739334  0.729185 
30  0.529106  0.621482  0.702948  0.732002  0.773372  0.746394  0.861142  0.838549  0.828540  0.664632  0.585489  0.485987  0.738554  0.840055  0.760538  0.738061  0.767221  0.762792  0.665430  0.865725  0.651758  0.781456  0.606061  0.663370  0.781431  0.889115  0.815005  0.663716  0.794302  0.791259 0.0  0.892485  0.665034  0.445943  0.792953  0.650386  0.720472  0.620087  0.808454  0.661623  0.884856  0.666670  0.844189  0.747128  0.832417  0.818070  0.925311  0.691083  0.631398  0.840525  0.799627  0.680791  0.861921  0.759737  0.827944  0.818795  0.635146  0.741073  0.770729  0.667526  0.719730  0.889312  0.680173  0.691621  0.806862  0.748972  0.774539  0.435762  0.697474  0.708924  0.655140  0.499602  0.854906  0.890167  0.587779  0.773491  0.837243  0.820854  0.739804  0.582463  0.728618  0.655746  0.725525  0.776559  0.691130  0.680891  0.730507  0.826935  0.765196  0.789588  0.592074  0.691963  0.661610  0.685444  0.828113  0.804869  0.512048  0.828634 
31  0.807496  0.677453  0.797067  0.610363  0.635806  0.634585  0.425868  0.354879  0.544156  0.878410  0.689714  0.828042  0.649753  0.659655  0.612827  0.648549  0.460841  0.737927  0.819214  0.480678  0.723582  0.726128  0.768021  0.792228  0.579434  0.635083  0.546458  0.818223  0.646684  0.601995  0.892485 0.0  0.411876  0.819577  0.847275  0.769074  0.746890  0.824733  0.560317  0.710794  0.676603  0.759300  0.670414  0.759707  0.632897  0.605471  0.649371  0.706863  0.698094  0.553647  0.709069  0.889854  0.748632  0.653692  0.511428  0.656942  0.765441  0.811129  0.815964  0.657207  0.773980  0.596411  0.647174  0.419902  0.529514  0.506706  0.641285  0.833329  0.703741  0.466013  0.701279  0.738133  0.669908  0.625341  0.842185  0.669794  0.613584  0.562963  0.549724  0.746749  0.665982  0.813892  0.583381  0.612215  0.827891  0.636450  0.548600  0.812401  0.627537  0.709117  0.651937  0.667030  0.789833  0.707416  0.685763  0.778658  0.883919  0.585340 
32  0.841054  0.654868  0.645854  0.651018  0.522173  0.768597  0.594517  0.205490  0.526178  0.802837  0.721019  0.857986  0.696340  0.646103  0.692940  0.682847  0.484941  0.703411  0.713632  0.530604  0.879213  0.757158  0.825081  0.797566  0.661736  0.731497  0.641069  0.872789  0.678048  0.698484  0.665034  0.411876 0.0  0.770059  0.712786  0.730795  0.679308  0.871258  0.554256  0.794087  0.638732  0.736200  0.587913  0.879505  0.652500  0.599212  0.650313  0.728511  0.807803  0.519215  0.848152  0.839350  0.714046  0.589593  0.536099  0.665753  0.805410  0.901714  0.869723  0.734170  0.726008  0.579627  0.812329  0.282940  0.645109  0.440407  0.629811  0.841575  0.776926  0.383933  0.770677  0.720908  0.624079  0.691699  0.828625  0.625518  0.584104  0.602909  0.516015  0.788032  0.552700  0.746409  0.434888  0.667604  0.846458  0.775798  0.686286  0.852544  0.638786  0.585289  0.705275  0.645541  0.846152  0.714257  0.733921  0.782852  0.697266  0.650380 
33  0.590163  0.537194  0.628098  0.709557  0.815720  0.636296  0.821671  0.771797  0.891431  0.659463  0.580936  0.529771  0.793569  0.662671  0.930609  0.808974  0.770483  0.780518  0.704191  0.918540  0.688127  0.702794  0.658479  0.529067  0.775656  0.816531  0.798226  0.626837  0.891712  0.723146  0.445943  0.819577  0.770059 0.0  0.743929  0.545330  0.696518  0.685536  0.874440  0.638874  0.791173  0.684316  0.678751  0.674450  0.787673  0.785970  0.829342  0.662781  0.653091  0.809735  0.782422  0.610270  0.680061  0.753256  0.891800  0.805893  0.583856  0.595089  0.731389  0.695067  0.944817  0.804452  0.606557  0.752281  0.830246  0.847112  0.831148  0.488382  0.582879  0.831086  0.726747  0.480271  0.746741  0.782359  0.602787  0.838148  0.817530  0.796968  0.790690  0.604340  0.794133  0.719433  0.859128  0.890009  0.787290  0.631660  0.835671  0.790449  0.877742  0.636590  0.734065  0.813790  0.597087  0.681293  0.755790  0.684098  0.568802  0.813680 
34  0.534007  0.648579  0.551858  0.684125  0.828582  0.667015  0.875906  0.962450  0.797549  0.834533  0.452854  0.636792  0.621877  0.662598  0.688178  0.678959  0.759697  0.587592  0.688476  0.830619  0.614698  0.615652  0.567954  0.702961  0.788695  0.830854  0.613989  0.529519  0.820164  0.712844  0.792953  0.847275  0.712786  0.743929 0.0  0.475865  0.645589  0.561607  0.863038  0.404248  0.715661  0.441882  0.752948  0.644390  0.889386  0.779452  0.847981  0.617864  0.632537  0.856265  0.778676  0.725498  0.657174  0.718693  0.792380  0.685126  0.612599  0.639217  0.483906  0.669077  0.802442  0.819357  0.615441  0.724124  0.809149  0.713774  0.843105  0.770795  0.477834  0.755180  0.457172  0.629315  0.844462  0.773277  0.781764  0.783963  0.764393  0.871719  0.723053  0.736755  0.763122  0.629359  0.819831  0.794343  0.686652  0.608851  0.809771  0.649533  0.844438  0.679701  0.605533  0.717723  0.702691  0.525314  0.677723  0.629506  0.730877  0.861047 
35  0.630869  0.549840  0.704705  0.678103  0.746450  0.724162  0.774779  0.775350  0.731557  0.647473  0.423755  0.663882  0.834300  0.607405  0.709556  0.629757  0.835161  0.558561  0.739083  0.688530  0.656675  0.623036  0.376615  0.758681  0.695576  0.896023  0.825820  0.579865  0.899500  0.769034  0.650386  0.769074  0.730795  0.545330  0.475865 0.0  0.716556  0.377479  0.726598  0.560395  0.650420  0.665325  0.745750  0.632120  0.786386  0.725476  0.824656  0.653112  0.696334  0.814454  0.661525  0.638905  0.643185  0.721868  0.740613  0.724546  0.629485  0.766669  0.590754  0.716428  0.876564  0.822364  0.574378  0.811387  0.809095  0.747797  0.841661  0.803820  0.456826  0.774309  0.476720  0.385130  0.897954  0.683166  0.631648  0.777738  0.767825  0.761893  0.761246  0.682361  0.663376  0.532531  0.838691  0.848252  0.600810  0.764298  0.764997  0.599653  0.787648  0.708562  0.687425  0.625379  0.629612  0.547777  0.773708  0.672249  0.525032  0.791328 
36  0.841722  0.653117  0.553270  0.400527  0.667735  0.471156  0.809956  0.640890  0.588867  0.793078  0.811418  0.795180  0.498748  0.433350  0.425690  0.410727  0.665492  0.692741  0.671319  0.771214  0.757465  0.480336  0.747418  0.767711  0.512475  0.870131  0.534740  0.750687  0.760980  0.505709  0.720472  0.746890  0.679308  0.696518  0.645589  0.716556 0.0  0.727361  0.664229  0.773419  0.505364  0.720369  0.490256  0.597205  0.922286  0.573465  0.686854  0.622519  0.795738  0.711878  0.486843  0.704453  0.488257  0.628868  0.638118  0.492958  0.731513  0.865289  0.645458  0.624120  0.814425  0.631896  0.684458  0.704704  0.741739  0.644800  0.700677  0.720580  0.729079  0.595468  0.662424  0.686201  0.784342  0.576486  0.861079  0.516860  0.761708  0.494931  0.657794  0.667720  0.483133  0.663337  0.610432  0.764448  0.678232  0.455393  0.693877  0.797421  0.732207  0.578506  0.737824  0.573020  0.582197  0.632918  0.553606  0.549921  0.745697  0.716387 
37  0.457304  0.493225  0.676286  0.723118  0.850758  0.700973  0.703712  0.844171  0.723480  0.751219  0.462602  0.585540  0.718582  0.705824  0.789415  0.717692  0.803052  0.700950  0.606617  0.807109  0.526373  0.777706  0.579842  0.763228  0.851127  0.762409  0.816625  0.403102  0.777255  0.754023  0.620087  0.824733  0.871258  0.685536  0.561607  0.377479  0.727361 0.0  0.873125  0.593673  0.837539  0.592755  0.818710  0.669734  0.733395  0.836631  0.671407  0.665329  0.665541  0.881720  0.607718  0.607741  0.734392  0.759461  0.783552  0.811189  0.604312  0.847866  0.581977  0.589226  0.921699  0.693757  0.609660  0.780138  0.897413  0.777884  0.819412  0.649400  0.485125  0.820787  0.598826  0.441981  0.745137  0.804023  0.505882  0.805586  0.903507  0.821289  0.784031  0.650687  0.782724  0.335241  0.826427  0.869430  0.775221  0.704526  0.851339  0.693353  0.798916  0.713084  0.508676  0.658292  0.598619  0.671760  0.844956  0.679019  0.535772  0.803170 
38  0.835578  0.666793  0.765770  0.755832  0.603779  0.759771  0.525201  0.542038  0.595607  0.835221  0.734877  0.855002  0.605540  0.658863  0.570569  0.676043  0.517157  0.729320  0.787782  0.581229  0.811178  0.753540  0.750107  0.840947  0.667725  0.646492  0.606713  0.765157  0.690834  0.658754  0.808454  0.560317  0.554256  0.874440  0.863038  0.726598  0.664229  0.873125 0.0  0.752887  0.768848  0.735748  0.659394  0.724761  0.609050  0.602563  0.687929  0.806406  0.708999  0.450359  0.708232  0.838021  0.750900  0.668017  0.521510  0.661675  0.871116  0.901869  0.718047  0.728130  0.626097  0.548736  0.832763  0.517027  0.594993  0.500553  0.636420  0.816744  0.781723  0.500729  0.846231  0.763417  0.419828  0.657310  0.828830  0.689887  0.635862  0.687333  0.692219  0.755380  0.646929  0.865810  0.451847  0.368381  0.810460  0.790439  0.598303  0.775940  0.669873  0.698824  0.681213  0.672801  0.775389  0.788454  0.740012  0.727698  0.803870  0.685391 
39  0.590034  0.609209  0.630969  0.734566  0.762831  0.679852  0.831845  0.773820  0.819527  0.760053  0.373432  0.569790  0.641437  0.716547  0.840486  0.654054  0.803153  0.640596  0.677521  0.771237  0.568389  0.612397  0.642320  0.814062  0.715629  0.759521  0.642951  0.585100  0.736569  0.703440  0.661623  0.710794  0.794087  0.638874  0.404248  0.560395  0.773419  0.593673  0.752887 0.0  0.797542  0.516388  0.706951  0.703935  0.804516  0.727877  0.823367  0.562562  0.583077  0.853400  0.656122  0.701324  0.541465  0.652354  0.805414  0.650763  0.572213  0.694752  0.560795  0.655789  0.814179  0.735239  0.617245  0.656993  0.766838  0.772987  0.910314  0.712883  0.540078  0.734996  0.556756  0.563900  0.710163  0.652565  0.536705  0.840204  0.878370  0.725270  0.745628  0.663522  0.736416  0.608390  0.820768  0.780445  0.621167  0.694685  0.814961  0.631401  0.726963  0.701449  0.398139  0.719172  0.722846  0.550094  0.668939  0.623942  0.666386  0.830384 
