98
0 0.0  0.710368  0.778399  0.608241  0.761254  0.727821  0.448902  0.556253  0.736842  0.709680  0.559473  0.625991  0.448078  0.460517  0.696710  0.782430  0.738886  0.632055  0.895630  0.637334  0.569597  0.616739  0.584176  0.621830  0.484180  0.832208  0.477437  0.589409  0.623539  0.651298  0.667545  0.710036  0.366883  0.691300  0.649096  0.622936  0.516522  0.482954  0.744002  0.818801  0.581465  0.650276  0.463211  0.773838  0.571768  0.659348  0.744431  0.946453  0.682066  0.650151  0.554749  0.847839  0.944489  0.880370  0.800418  0.821739  0.627980  0.818738  0.739790  0.522344  0.639650  0.509898  0.729365  0.496725  0.849338  0.376411  0.606427  0.644505  0.710867  0.772334  0.396863  0.766435  0.597085  0.632813  0.646036  0.704100  0.790182  0.661733  0.733448  0.503717  0.793495  0.814989  0.600282  0.671496  0.832648  0.568810  0.503663  0.617753  0.904216  0.692054  0.783218  0.723677  0.716427  0.687108  0.664546  0.783140  0.602352  0.714376 
1  0.710368 0.0  0.764212  0.632137  0.919742  0.893319  0.630511  0.734129  0.826745  0.677047  0.679857  0.685698  0.757308  0.743755  0.673058  0.988069  0.704077  0.709435  0.954448  0.761285  0.602515  0.619535  0.726769  0.759444  0.555100  0.837899  0.640313  0.566804  0.617749  0.737357  0.769824  0.726460  0.722658  0.856764  0.723321  0.664816  0.517868  0.553650  0.810135  0.792023  0.458567  0.661445  0.562086  0.804940  0.591991  0.821345  0.800177  0.899740  0.858070  0.742566  0.650878  0.837207  0.890329  0.823166  0.880690  0.699806  0.614768  0.853421  0.798282  0.651920  0.617227  0.606861  0.693057  0.589851  0.893842  0.673926  0.749810  0.533842  0.866427  0.830457  0.643676  0.663165  0.790818  0.763513  0.673454  0.804636  0.925807  0.309537  0.804023  0.575319  0.855454  0.860554  0.554150  0.781767  0.715099  0.527477  0.688366  0.739580  0.848485  0.727241  0.760525  0.803465  0.840036  0.684360  0.418126  0.771802  0.808584  0.852180 
2  0.778399  0.764212 0.0  0.828175  0.517628  0.638379  0.852899  0.700417  0.621212  0.768927  0.839878  0.760365  0.725430  0.803184  0.809609  0.563693  0.542476  0.685195  0.761059  0.712228  0.737978  0.783798  0.722487  0.754968  0.762972  0.700797  0.978648  0.853826  0.752747  0.712276  0.694587  0.683049  0.754297  0.585791  0.754953  0.690746  0.862652  0.818257  0.813750  0.702973  0.852628  0.747153  0.791128  0.807032  0.782693  0.729875  0.710072  0.697831  0.615878  0.702348  0.719835  0.457051  0.563274  0.608784  0.337067  0.616868  0.786900  0.336936  0.786554  0.693816  0.818235  0.811336  0.693922  0.761879  0.701800  0.897214  0.795835  0.800293  0.763561  0.675782  0.857128  0.694696  0.750150  0.792824  0.781656  0.639969  0.773959  0.856128  0.690580  0.843192  0.465397  0.576663  0.752301  0.631335  0.616004  0.719572  0.793984  0.715905  0.476198  0.755103  0.687163  0.657757  0.776118  0.732929  0.906710  0.770987  0.664187  0.604235 
3  0.608241  0.632137  0.828175 0.0  0.649996  0.610570  0.408561  0.611450  0.734007  0.650563  0.455753  0.681750  0.357439  0.342160  0.718970  0.800120  0.694303  0.570741  0.837681  0.657592  0.377871  0.638275  0.719919  0.556985  0.322294  0.750933  0.437728  0.582913  0.597026  0.630866  0.610291  0.647806  0.292875  0.754635  0.456557  0.741538  0.549055  0.478189  0.719337  0.814330  0.597312  0.672235  0.528581  0.699690  0.478719  0.762446  0.623105  0.828362  0.829291  0.606606  0.557120  0.817841  0.742421  0.789037  0.822454  0.780135  0.604175  0.693285  0.885297  0.601623  0.494648  0.474171  0.622962  0.633760  0.612424  0.444933  0.415228  0.655410  0.647580  0.806803  0.675801  0.766504  0.593333  0.471642  0.596320  0.714458  0.877755  0.635311  0.655115  0.555696  0.769378  0.653754  0.617901  0.783096  0.585048  0.520177  0.574977  0.467883  0.796057  0.570100  0.673392  0.700568  0.752006  0.610451  0.719418  0.719703  0.635042  0.624687 
4  0.761254  0.919742  0.517628  0.649996 0.0  0.596581  0.808908  0.679833  0.514960  0.867008  0.795762  0.686193  0.743644  0.805506  0.775798  0.372200  0.672475  0.717666  0.580852  0.724988  0.735915  0.814767  0.756468  0.743678  0.771924  0.647703  0.680518  0.805621  0.806526  0.814602  0.732692  0.721481  0.731310  0.387586  0.832255  0.724659  0.978913  0.754009  0.763733  0.522653  0.756118  0.711728  0.727505  0.735231  0.772172  0.772670  0.669552  0.605115  0.724854  0.734166  0.786488  0.637797  0.526824  0.362793  0.594506  0.655904  0.831733  0.451631  0.627322  0.743571  0.873475  0.721983  0.627895  0.956574  0.721716  0.877797  0.769737  0.819098  0.762056  0.581443  0.689451  0.758404  0.835158  0.660054  0.662939  0.635811  0.684284  0.882229  0.645358  0.751137  0.627576  0.612117  0.805035  0.673492  0.703956  0.800820  0.726233  0.732540  0.585966  0.701184  0.705462  0.687170  0.795298  0.717748  0.832356  0.589492  0.719861  0.606278 
5  0.727821  0.893319  0.638379  0.610570  0.596581 0.0  0.770827  0.655139  0.470541  0.630607  0.751065  0.558911  0.687346  0.750057  0.533023  0.752285  0.414926  0.582579  0.683491  0.576493  0.711275  0.625081  0.420172  0.573995  0.731959  0.534092  0.702390  0.761939  0.594495  0.492913  0.575988  0.601974  0.749285  0.733598  0.565606  0.509097  0.752013  0.737551  0.650090  0.795878  0.786975  0.671024  0.643667  0.330243  0.742709  0.565073  0.525848  0.614027  0.562732  0.655724  0.718739  0.583640  0.626566  0.719865  0.782682  0.544455  0.779263  0.732304  0.701789  0.592153  0.768782  0.720986  0.613513  0.721956  0.692841  0.645087  0.798841  0.785561  0.476011  0.674179  0.760405  0.540245  0.612948  0.637768  0.745113  0.234865  0.762987  0.819621  0.518714  0.689032  0.637961  0.632280  0.746364  0.665058  0.500624  0.661932  0.658743  0.550472  0.659947  0.621005  0.438087  0.447794  0.449221  0.605149  0.853635  0.593335  0.570692  0.614805 
6  0.448902  0.630511  0.852899  0.408561  0.808908  0.770827 0.0  0.536825  0.736225  0.578704  0.611090  0.669130  0.176396  0.582363  0.608020  0.823699  0.720523  0.566403  0.803918  0.727395  0.424493  0.630193  0.664145  0.717125  0.372536  0.813495  0.522200  0.648715  0.509431  0.588980  0.682390  0.628532  0.359553  0.761430  0.597802  0.823426  0.414901  0.369056  0.743386  0.861216  0.608611  0.728204  0.467971  0.726837  0.568158  0.638815  0.696464  0.801746  0.793668  0.709756  0.584498  0.817642  0.843443  0.776847  0.866364  0.768686  0.497503  0.817470  0.862880  0.641394  0.609492  0.503627  0.689794  0.455428  0.802291  0.360073  0.582818  0.661225  0.621604  0.779558  0.509731  0.653365  0.676696  0.547139  0.513299  0.838127  0.806042  0.691075  0.787616  0.574497  0.840401  0.784516  0.538393  0.627066  0.728707  0.477261  0.564632  0.513373  0.746829  0.594388  0.681884  0.777144  0.614323  0.710431  0.564681  0.838234  0.679149  0.790886 
7  0.556253  0.734129  0.700417  0.611450  0.679833  0.655139  0.536825 0.0  0.614489  0.054183  0.439218  0.623070  0.721686  0.557190  0.448737  0.754136  0.654043  0.372226  0.835414  0.476824  0.566461  0.159945  0.591782  0.462808  0.712836  0.619065  0.585492  0.698268  0.312537  0.461412  0.657799  0.569916  0.593347  0.696788  0.386287  0.579759  0.747380  0.566937  0.654141  0.822384  0.671597  0.603784  0.606530  0.552056  0.697276  0.514589  0.690416  0.716634  0.783177  0.447979  0.450875  0.772494  0.664844  0.764031  0.843737  0.660415  0.750169  0.707947  0.788768  0.307736  0.668553  0.722350  0.396415  0.670549  0.713821  0.578032  0.572874  0.692397  0.673586  0.727094  0.625365  0.599041  0.297127  0.498497  0.445705  0.626610  0.776528  0.694662  0.667836  0.692549  0.758447  0.724489  0.693220  0.547788  0.673753  0.511019  0.490865  0.515721  0.789841  0.334362  0.557786  0.643015  0.594326  0.548438  0.730200  0.722386  0.422633  0.697062 
8  0.736842  0.826745  0.621212  0.734007  0.514960  0.470541  0.736225  0.614489 0.0  0.672156  0.758131  0.661855  0.806833  0.688050  0.724888  0.634748  0.492497  0.737772  0.648103  0.684714  0.737942  0.661773  0.540720  0.715083  0.791636  0.633739  0.726734  0.705962  0.612341  0.619899  0.682914  0.646116  0.731011  0.623162  0.786011  0.529030  0.705385  0.760878  0.564843  0.605857  0.857430  0.627998  0.791189  0.570035  0.781430  0.647237  0.550765  0.718149  0.245356  0.701384  0.687921  0.450689  0.603843  0.689743  0.556382  0.404579  0.722219  0.678969  0.701499  0.739503  0.825228  0.689142  0.754739  0.765024  0.590321  0.783521  0.773258  0.831949  0.611495  0.619974  0.800536  0.579253  0.678347  0.780585  0.783375  0.479582  0.792376  0.799292  0.511696  0.882152  0.547135  0.532744  0.820163  0.659089  0.317058  0.701376  0.790616  0.721237  0.627374  0.672085  0.628376  0.441145  0.479363  0.647553  0.802928  0.665613  0.710353  0.362222 
9  0.709680  0.677047  0.768927  0.650563  0.867008  0.630607  0.578704  0.054183  0.672156 0.0  0.496025  0.571879  0.490206  0.532800  0.471246  0.706340  0.758589  0.384261  0.757817  0.521515  0.478175  0.234778  0.516113  0.448122  0.600418  0.773888  0.539637  0.660732  0.337585  0.395804  0.529006  0.440610  0.607008  0.780253  0.431971  0.557847  0.679453  0.666958  0.559087  0.790045  0.636455  0.505109  0.655295  0.572459  0.589359  0.489077  0.666612  0.753766  0.648330  0.389579  0.271239  0.744472  0.792159  0.639358  0.683980  0.665738  0.684879  0.761934  0.690275  0.293802  0.738446  0.633119  0.495096  0.641800  0.778651  0.648494  0.479290  0.683876  0.626088  0.821983  0.705239  0.654678  0.459863  0.466472  0.543475  0.682061  0.691325  0.874776  0.734508  0.704104  0.815902  0.601468  0.626249  0.467718  0.695795  0.439798  0.484010  0.543960  0.825722  0.361184  0.671216  0.690931  0.606199  0.526622  0.831558  0.694513  0.493105  0.595941 
10  0.559473  0.679857  0.839878  0.455753  0.795762  0.751065  0.611090  0.439218  0.758131  0.496025 0.0  0.603946  0.593612  0.521615  0.522467  0.760301  0.609652  0.466258  0.821937  0.624774  0.332349  0.460275  0.669971  0.394407  0.617820  0.691367  0.514250  0.686264  0.421601  0.620619  0.664202  0.570781  0.653427  0.803662  0.227694  0.658891  0.676816  0.654367  0.765645  0.731134  0.739239  0.645723  0.689680  0.618506  0.539683  0.623868  0.628872  0.840531  0.750207  0.559527  0.417938  0.800714  0.689115  0.789099  0.854977  0.652453  0.638376  0.763178  0.761205  0.441189  0.626953  0.595746  0.525723  0.614866  0.779093  0.561372  0.435094  0.668726  0.711033  0.786929  0.621823  0.729195  0.300204  0.244378  0.475976  0.838781  0.759295  0.632457  0.828035  0.602758  0.792468  0.724079  0.615658  0.514880  0.762180  0.374934  0.488709  0.440018  0.770547  0.356517  0.659757  0.671295  0.615485  0.576071  0.752419  0.792050  0.467353  0.731383 
11  0.625991  0.685698  0.760365  0.681750  0.686193  0.558911  0.669130  0.623070  0.661855  0.571879  0.603946 0.0  0.715909  0.718253  0.670972  0.713325  0.628008  0.530323  0.766252  0.701488  0.741911  0.671745  0.536424  0.568711  0.767671  0.665737  0.640670  0.737058  0.607899  0.604487  0.620572  0.616755  0.717538  0.612736  0.684348  0.362893  0.754464  0.769040  0.718031  0.565654  0.762703  0.520192  0.714679  0.479510  0.608787  0.541384  0.475124  0.689849  0.682543  0.501244  0.609854  0.635296  0.641088  0.757644  0.743072  0.621676  0.855061  0.667717  0.775891  0.454888  0.674154  0.631355  0.481285  0.778122  0.624501  0.634353  0.683652  0.728189  0.367221  0.616867  0.622136  0.630778  0.556067  0.558216  0.608168  0.542860  0.758327  0.748864  0.621395  0.689926  0.666748  0.636370  0.775387  0.457719  0.617249  0.664309  0.576074  0.595011  0.742740  0.630500  0.347378  0.662378  0.553374  0.420183  0.781204  0.687930  0.504267  0.510990 
12  0.448078  0.757308  0.725430  0.357439  0.743644  0.687346  0.176396  0.721686  0.806833  0.490206  0.593612  0.715909 0.0  0.600514  0.593086  0.772078  0.637941  0.648261  0.706102  0.711065  0.412831  0.576775  0.791080  0.636385  0.432189  0.735600  0.473821  0.655245  0.612859  0.771464  0.721179  0.613367  0.236181  0.748570  0.657502  0.710596  0.437630  0.428124  0.812496  0.765112  0.560139  0.656185  0.440550  0.825825  0.457149  0.577402  0.711315  0.834386  0.845444  0.580027  0.462786  0.846741  0.747379  0.733107  0.719043  0.747472  0.593597  0.812467  0.831051  0.626204  0.384232  0.510922  0.637205  0.505028  0.666742  0.329698  0.492083  0.637723  0.708106  0.810225  0.501902  0.802995  0.694507  0.541488  0.541612  0.720183  0.837648  0.596712  0.819892  0.530394  0.702701  0.858907  0.609719  0.739732  0.857973  0.587110  0.548518  0.527380  0.774285  0.506012  0.706491  0.726861  0.786546  0.710708  0.692379  0.773858  0.630295  0.768817 
13  0.460517  0.743755  0.803184  0.342160  0.805506  0.750057  0.582363  0.557190  0.688050  0.532800  0.521615  0.718253  0.600514 0.0  0.541213  0.871870  0.711272  0.609816  0.793059  0.658098  0.429967  0.554530  0.674847  0.668815  0.506063  0.777428  0.326859  0.769141  0.555658  0.596875  0.656357  0.588066  0.456974  0.805184  0.472050  0.664681  0.647439  0.583337  0.812954  0.713518  0.606183  0.671737  0.505304  0.670557  0.529775  0.606353  0.620337  0.751860  0.725489  0.644721  0.419416  0.786392  0.682846  0.745178  0.749068  0.665447  0.589254  0.690714  0.889299  0.537824  0.559503  0.614764  0.704651  0.527415  0.832020  0.353115  0.539004  0.673680  0.684877  0.773774  0.651666  0.762657  0.491319  0.451108  0.559008  0.631782  0.848276  0.734190  0.611011  0.625780  0.761264  0.736784  0.627333  0.633788  0.692834  0.339004  0.226406  0.240551  0.774489  0.415765  0.646094  0.730472  0.766496  0.626956  0.686531  0.693296  0.611066  0.735584 
14  0.696710  0.673058  0.809609  0.718970  0.775798  0.533023  0.608020  0.448737  0.724888  0.471246  0.522467  0.670972  0.593086  0.541213 0.0  0.708423  0.588931  0.543692  0.787723  0.352126  0.620463  0.622550  0.478111  0.588703  0.623582  0.643737  0.642741  0.773110  0.436189  0.531558  0.499968  0.339108  0.668533  0.898470  0.471808  0.610861  0.671410  0.632587  0.700928  0.787011  0.722521  0.696592  0.612534  0.584532  0.640526  0.344352  0.695461  0.686915  0.647180  0.589467  0.484970  0.730645  0.702184  0.710647  0.746669  0.701931  0.683245  0.754042  0.818326  0.493956  0.744596  0.776548  0.476340  0.590512  0.659508  0.696365  0.679369  0.678323  0.581860  0.820336  0.744559  0.672563  0.595222  0.553179  0.454429  0.587465  0.811042  0.806017  0.621383  0.678119  0.758725  0.682511  0.661721  0.569827  0.760303  0.538261  0.641698  0.609923  0.630928  0.454836  0.620301  0.621939  0.413512  0.628825  0.763226  0.709148  0.573855  0.709097 
15  0.782430  0.988069  0.563693  0.800120  0.372200  0.752285  0.823699  0.754136  0.634748  0.706340  0.760301  0.713325  0.772078  0.871870  0.708423 0.0  0.712309  0.757129  0.661093  0.746933  0.811319  0.718998  0.843595  0.903426  0.802564  0.685139  0.792654  0.782098  0.780841  0.711563  0.673774  0.776855  0.789984  0.388773  0.813449  0.733740  0.843033  0.946501  0.729214  0.461140  0.809790  0.769456  0.867256  0.683445  0.812872  0.840425  0.675709  0.541768  0.630912  0.754174  0.839451  0.561506  0.572822  0.460971  0.449949  0.625581  0.932163  0.492746  0.718756  0.795547  0.875694  0.776938  0.849770  0.802666  0.684565  0.856600  0.783929  0.772244  0.739779  0.561387  0.936236  0.730591  0.787014  0.734765  0.749631  0.776685  0.700701  0.885846  0.750767  0.815247  0.612027  0.684669  0.811625  0.673725  0.587207  0.852517  0.820921  0.759035  0.548081  0.711658  0.699554  0.728968  0.615056  0.737466  0.864195  0.616407  0.797622  0.759161 
16  0.738886  0.704077  0.542476  0.694303  0.672475  0.414926  0.720523  0.654043  0.492497  0.758589  0.609652  0.628008  0.637941  0.711272  0.588931  0.712309 0.0  0.654433  0.708903  0.666355  0.676908  0.759995  0.609361  0.626625  0.765261  0.537129  0.723822  0.827776  0.620403  0.576477  0.645507  0.655516  0.745299  0.690753  0.597293  0.471755  0.701372  0.812479  0.550905  0.734436  0.814896  0.785330  0.744255  0.455235  0.694505  0.563274  0.649176  0.719504  0.391643  0.624423  0.672824  0.522917  0.626823  0.570422  0.568789  0.543178  0.736205  0.565329  0.710830  0.634593  0.713963  0.794871  0.724630  0.813501  0.581572  0.749673  0.710391  0.986507  0.565384  0.624392  0.745117  0.648264  0.656262  0.775117  0.845819  0.525693  0.703749  0.791456  0.610561  0.728246  0.683444  0.637524  0.758790  0.634712  0.567132  0.598422  0.842969  0.679465  0.621179  0.689707  0.510833  0.463727  0.486205  0.679765  0.863034  0.674225  0.587881  0.556691 
17  0.632055  0.709435  0.685195  0.570741  0.717666  0.582579  0.566403  0.372226  0.737772  0.384261  0.466258  0.530323  0.648261  0.609816  0.543692  0.757129  0.654433 0.0  0.797740  0.361704  0.521240  0.409298  0.601772  0.334664  0.646139  0.655809  0.640084  0.812597  0.554459  0.391070  0.528995  0.512473  0.608644  0.769750  0.521639  0.566819  0.709990  0.713890  0.709450  0.746381  0.684787  0.621402  0.631223  0.574393  0.586778  0.476383  0.512695  0.752398  0.629703  0.234966  0.369341  0.719083  0.725362  0.778108  0.729378  0.653792  0.723725  0.711329  0.791270  0.273922  0.621484  0.754382  0.410291  0.684080  0.650719  0.678033  0.594275  0.660850  0.545067  0.732200  0.642650  0.722831  0.283165  0.409572  0.477367  0.513449  0.736418  0.792157  0.591506  0.700022  0.661968  0.693428  0.807027  0.519193  0.719271  0.686757  0.516709  0.532193  0.741171  0.253427  0.698445  0.662002  0.537400  0.487911  0.733973  0.644800  0.296723  0.661297 
18  0.895630  0.954448  0.761059  0.837681  0.580852  0.683491  0.803918  0.835414  0.648103  0.757817  0.821937  0.766252  0.706102  0.793059  0.787723  0.661093  0.708903  0.797740 0.0  0.876981  0.824319  0.736028  0.759791  0.792296  0.814912  0.626229  0.861376  0.855137  0.785690  0.755306  0.834525  0.835812  0.775948  0.548219  0.836162  0.799180  0.859907  0.708620  0.832220  0.604186  0.832441  0.652692  0.758822  0.696569  0.866616  0.772386  0.771551  0.441489  0.681700  0.753316  0.841378  0.696362  0.632747  0.667447  0.730403  0.787607  0.849076  0.615528  0.338219  0.690542  0.848697  0.848070  0.791970  0.791983  0.697110  0.835774  0.848885  0.780572  0.814335  0.501661  0.852194  0.742467  0.864184  0.864341  0.828535  0.833981  0.517751  0.876632  0.773400  0.667506  0.695093  0.824504  0.707439  0.756198  0.733428  0.914838  0.819897  0.796135  0.810920  0.792399  0.799696  0.688929  0.777432  0.719170  0.897275  0.599799  0.767864  0.672157 
19  0.637334  0.761285  0.712228  0.657592  0.724988  0.576493  0.727395  0.476824  0.684714  0.521515  0.624774  0.701488  0.711065  0.658098  0.352126  0.746933  0.666355  0.361704  0.876981 0.0  0.685616  0.495986  0.400416  0.547310  0.759764  0.647173  0.700502  0.669942  0.428786  0.315867  0.518690  0.518316  0.715101  0.824413  0.573759  0.615988  0.700844  0.656057  0.594480  0.697648  0.695838  0.597271  0.606357  0.573760  0.638207  0.473081  0.511281  0.766655  0.589567  0.340593  0.497214  0.714955  0.776746  0.743903  0.718764  0.685534  0.693395  0.818255  0.755262  0.492378  0.720886  0.693020  0.480668  0.725062  0.725992  0.703026  0.635940  0.722151  0.417059  0.668307  0.669980  0.673016  0.704149  0.509776  0.459088  0.474473  0.828309  0.755164  0.591820  0.672828  0.780907  0.679560  0.715780  0.472605  0.656339  0.627406  0.655791  0.652526  0.685230  0.555518  0.616551  0.576663  0.449280  0.552754  0.807902  0.812975  0.469643  0.633435 
20  0.569597  0.602515  0.737978  0.377871  0.735915  0.711275  0.424493  0.566461  0.737942  0.478175  0.332349  0.741911  0.412831  0.429967  0.620463  0.811319  0.676908  0.521240  0.824319  0.685616 0.0  0.461571  0.708189  0.572275  0.448903  0.640922  0.350593  0.624105  0.579425  0.597835  0.622901  0.468271  0.439207  0.770556  0.554283  0.759642  0.715542  0.507356  0.719879  0.780269  0.621214  0.546256  0.553487  0.690261  0.519590  0.652207  0.679983  0.789838  0.765038  0.582081  0.433274  0.738842  0.834271  0.756683  0.719793  0.673872  0.612349  0.765975  0.807843  0.562849  0.581088  0.646841  0.593100  0.613837  0.723845  0.346403  0.102098  0.605738  0.631953  0.859581  0.590380  0.810328  0.637103  0.400116  0.461108  0.721015  0.823376  0.728488  0.700414  0.715395  0.743059  0.758923  0.578065  0.660191  0.744090  0.375742  0.408984  0.421618  0.792109  0.671590  0.600772  0.734060  0.778116  0.618219  0.721042  0.727498  0.712634  0.709453 
21  0.616739  0.619535  0.783798  0.638275  0.814767  0.625081  0.630193  0.159945  0.661773  0.234778  0.460275  0.671745  0.576775  0.554530  0.622550  0.718998  0.759995  0.409298  0.736028  0.495986  0.461571 0.0  0.661752  0.278989  0.619052  0.766914  0.616560  0.735650  0.464573  0.452828  0.611099  0.495034  0.695979  0.778805  0.373109  0.643335  0.585455  0.748877  0.755098  0.722462  0.656582  0.643960  0.680305  0.679493  0.599930  0.588430  0.677648  0.860873  0.727728  0.321651  0.292245  0.655337  0.725571  0.766136  0.774540  0.703830  0.750056  0.683386  0.733543  0.228723  0.782423  0.640553  0.422078  0.773164  0.667891  0.527606  0.576270  0.810231  0.592549  0.654578  0.609338  0.697795  0.251573  0.450118  0.486877  0.563699  0.771142  0.741511  0.691911  0.668030  0.783661  0.771546  0.665410  0.405632  0.695984  0.403598  0.414982  0.548572  0.777552  0.156453  0.576280  0.631689  0.602789  0.510721  0.751976  0.666242  0.442721  0.688606 
22  0.584176  0.726769  0.722487  0.719919  0.756468  0.420172  0.664145  0.591782  0.540720  0.516113  0.669971  0.536424  0.791080  0.674847  0.478111  0.843595  0.609361  0.601772  0.759791  0.400416  0.708189  0.661752 0.0  0.630264  0.558168  0.618041  0.605495  0.721218  0.496797  0.421931  0.362773  0.472652  0.614528  0.725012  0.642973  0.653382  0.763479  0.672444  0.535513  0.708605  0.712419  0.604458  0.722471  0.599665  0.669018  0.651523  0.594865  0.615070  0.563749  0.539967  0.510272  0.612458  0.608442  0.786516  0.646872  0.607814  0.709618  0.636083  0.779649  0.516210  0.687583  0.778549  0.487737  0.848028  0.619515  0.644061  0.648623  0.696173  0.582147  0.697231  0.784301  0.622177  0.613730  0.611678  0.544048  0.487157  0.930763  0.729455  0.690176  0.801004  0.711272  0.680935  0.754394  0.667117  0.685738  0.583495  0.685932  0.686313  0.607169  0.611593  0.540250  0.485624  0.593440  0.547368  0.844878  0.754015  0.610274  0.630060 
23  0.621830  0.759444  0.754968  0.556985  0.743678  0.573995  0.717125  0.462808  0.715083  0.448122  0.394407  0.568711  0.636385  0.668815  0.588703  0.903426  0.626625  0.334664  0.792296  0.547310  0.572275  0.278989  0.630264 0.0  0.587415  0.748596  0.722853  0.687903  0.428126  0.448956  0.674336  0.565276  0.536987  0.719119  0.362129  0.606094  0.656551  0.746328  0.814271  0.683816  0.673200  0.591663  0.597097  0.617263  0.538697  0.492196  0.574641  0.711195  0.571029  0.388216  0.414346  0.715345  0.710767  0.785034  0.777706  0.790818  0.735148  0.698206  0.710130  0.221055  0.625127  0.657157  0.423592  0.701943  0.853151  0.671926  0.508073  0.780802  0.485437  0.752323  0.666166  0.744085  0.151607  0.375790  0.463096  0.719198  0.821232  0.732140  0.740302  0.777060  0.776400  0.787182  0.761161  0.481839  0.677774  0.529069  0.555960  0.568962  0.742283  0.280999  0.605106  0.678414  0.635960  0.530201  0.722940  0.786381  0.397329  0.600522 
24  0.484180  0.555100  0.762972  0.322294  0.771924  0.731959  0.372536  0.712836  0.791636  0.600418  0.617820  0.767671  0.432189  0.506063  0.623582  0.802564  0.765261  0.646139  0.814912  0.759764  0.448903  0.619052  0.558168  0.587415 0.0  0.710338  0.530483  0.664707  0.520791  0.651747  0.615087  0.690750  0.488590  0.709856  0.519751  0.684311  0.560396  0.472624  0.743543  0.720710  0.688158  0.656003  0.484986  0.684476  0.415999  0.661763  0.638158  0.827904  0.682070  0.680625  0.584490  0.680252  0.851186  0.812422  0.900566  0.731429  0.605559  1.000000  0.817229  0.666531  0.515752  0.484900  0.611387  0.597190  0.639152  0.387197  0.319841  0.509961  0.797511  0.719990  0.652855  0.739852  0.542059  0.608153  0.797427  0.774664  0.790819  0.635581  0.840952  0.568280  0.798095  0.830360  0.501770  0.661443  0.890748  0.651814  0.578718  0.497027  0.734148  0.617826  0.759076  0.671773  0.720732  0.607820  0.632006  0.732986  0.638863  0.848472 
25  0.832208  0.837899  0.700797  0.750933  0.647703  0.534092  0.813495  0.619065  0.633739  0.773888  0.691367  0.665737  0.735600  0.777428  0.643737  0.685139  0.537129  0.655809  0.626229  0.647173  0.640922  0.766914  0.618041  0.748596  0.710338 0.0  0.726531  0.736752  0.641107  0.458095  0.590026  0.681131  0.659142  0.708914  0.721564  0.522384  0.812093  0.826974  0.773545  0.553893  0.704102  0.580127  0.732368  0.579102  0.748148  0.705639  0.623607  0.717532  0.583691  0.664359  0.578521  0.509146  0.508273  0.604337  0.697324  0.507368  0.743052  0.546986  0.691467  0.659068  0.680615  0.763600  0.715152  0.695577  0.495645  0.740528  0.753710  0.785347  0.590544  0.620054  0.720684  0.787785  0.643320  0.690665  0.722971  0.557126  0.798728  0.880809  0.639271  0.755176  0.585982  0.747262  0.742457  0.569630  0.615315  0.786408  0.701445  0.721676  0.567628  0.605987  0.489526  0.550678  0.521059  0.582041  0.814209  0.458111  0.577155  0.631836 
26  0.477437  0.640313  0.978648  0.437728  0.680518  0.702390  0.522200  0.585492  0.726734  0.539637  0.514250  0.640670  0.473821  0.326859  0.642741  0.792654  0.723822  0.640084  0.861376  0.700502  0.350593  0.616560  0.605495  0.722853  0.530483  0.726531 0.0  0.683044  0.419824  0.657278  0.675660  0.620707  0.297499  0.726585  0.637324  0.629695  0.516089  0.554740  0.781797  0.898526  0.643834  0.614976  0.421785  0.670867  0.501627  0.583976  0.700091  0.767406  0.684863  0.574815  0.607188  0.774763  0.760066  0.843623  0.782445  0.677600  0.739870  0.894755  0.868078  0.590559  0.533004  0.618459  0.659956  0.608683  0.767258  0.317117  0.451141  0.585605  0.651380  0.788289  0.555795  0.814925  0.592883  0.495500  0.555245  0.670842  0.715908  0.726048  0.700312  0.595266  0.810814  0.815447  0.483129  0.802264  0.872042  0.447174  0.498134  0.394470  0.770141  0.572392  0.773319  0.782319  0.729844  0.691964  0.686703  0.767193  0.637284  0.691249 
27  0.589409  0.566804  0.853826  0.582913  0.805621  0.761939  0.648715  0.698268  0.705962  0.660732  0.686264  0.737058  0.655245  0.769141  0.773110  0.782098  0.827776  0.812597  0.855137  0.669942  0.624105  0.735650  0.721218  0.687903  0.664707  0.736752  0.683044 0.0  0.721145  0.732329  0.711215  0.684084  0.743802  0.824509  0.675585  0.730304  0.542185  0.537058  0.800400  0.818498  0.377223  0.702462  0.586772  0.760092  0.508693  0.760958  0.834746  0.758583  0.737917  0.761356  0.603362  0.821775  0.781569  0.886029  0.897181  0.721247  0.353884  0.817966  0.932409  0.654854  0.516598  0.577525  0.728454  0.550650  0.733403  0.721514  0.732573  0.364632  0.721001  0.819824  0.588651  0.705059  0.779285  0.745039  0.780640  0.965262  0.869907  0.564865  0.837640  0.557434  0.862591  0.860056  0.420704  0.747443  0.855206  0.636744  0.653056  0.738266  0.799491  0.700669  0.791217  0.817662  0.883481  0.835978  0.563053  0.736486  0.700942  0.823927 
28  0.623539  0.617749  0.752747  0.597026  0.806526  0.594495  0.509431  0.312537  0.612341  0.337585  0.421601  0.607899  0.612859  0.555658  0.436189  0.780841  0.620403  0.554459  0.785690  0.428786  0.579425  0.464573  0.496797  0.428126  0.520791  0.641107  0.419824  0.721145 0.0  0.611127  0.541844  0.374306  0.616726  0.749261  0.605098  0.647367  0.656933  0.697925  0.601131  0.741488  0.681208  0.625239  0.655751  0.625821  0.600041  0.506210  0.678128  0.788716  0.718621  0.298970  0.536174  0.677126  0.711101  0.663638  0.725434  0.641164  0.702340  0.705521  0.868890  0.474117  0.618415  0.752118  0.466349  0.649334  0.732259  0.570808  0.606247  0.736628  0.499047  0.756189  0.588905  0.647712  0.440683  0.525236  0.426456  0.644796  0.749642  0.699137  0.665170  0.750138  0.701789  0.757378  0.620222  0.591597  0.755111  0.519680  0.604470  0.522142  0.830326  0.509105  0.590554  0.649360  0.688999  0.528848  0.723742  0.699650  0.511813  0.583844 
29  0.651298  0.737357  0.712276  0.630866  0.814602  0.492913  0.588980  0.461412  0.619899  0.395804  0.620619  0.604487  0.771464  0.596875  0.531558  0.711563  0.576477  0.391070  0.755306  0.315867  0.597835  0.452828  0.421931  0.448956  0.651747  0.458095  0.657278  0.732329  0.611127 0.0  0.429228  0.501115  0.663087  0.821358  0.488099  0.619156  0.756626  0.689709  0.684364  0.670750  0.779597  0.518054  0.719868  0.596158  0.781439  0.450720  0.577005  0.701083  0.701663  0.479643  0.518798  0.693780  0.658531  0.615887  0.666397  0.585946  0.686765  0.645375  0.840586  0.391781  0.685787  0.773319  0.315716  0.793853  0.635186  0.676360  0.677427  0.742622  0.404854  0.776224  0.744033  0.684454  0.505646  0.525702  0.609925  0.563786  0.876224  0.759587  0.672482  0.707752  0.689227  0.656855  0.675191  0.610434  0.693914  0.583405  0.688197  0.599006  0.757522  0.513676  0.620882  0.572675  0.473931  0.507664  0.720962  0.714530  0.397172  0.595011 
30  0.667545  0.769824  0.694587  0.610291  0.732692  0.575988  0.682390  0.657799  0.682914  0.529006  0.664202  0.620572  0.721179  0.656357  0.499968  0.673774  0.645507  0.528995  0.834525  0.518690  0.622901  0.611099  0.362773  0.674336  0.615087  0.590026  0.675660  0.711215  0.541844  0.429228 0.0  0.412333  0.729523  0.685417  0.608571  0.584373  0.667160  0.698947  0.539670  0.759496  0.732446  0.659356  0.924012  0.564857  0.681815  0.460438  0.566753  0.788281  0.678277  0.596591  0.538115  0.678544  0.802044  0.683367  0.796701  0.515799  0.690965  0.627857  0.854398  0.477157  0.712595  0.700811  0.498290  0.738012  0.735415  0.764367  0.620041  0.793979  0.333917  0.726444  0.802018  0.689624  0.458843  0.586345  0.472469  0.469498  0.790812  0.775235  0.641274  0.693163  0.723063  0.677135  0.698953  0.591047  0.658267  0.692141  0.581455  0.759397  0.697159  0.486920  0.548168  0.722751  0.496770  0.607729  0.730999  0.607364  0.511846  0.640159 
31  0.710036  0.726460  0.683049  0.647806  0.721481  0.601974  0.628532  0.569916  0.646116  0.440610  0.570781  0.616755  0.613367  0.588066  0.339108  0.776855  0.655516  0.512473  0.835812  0.518316  0.468271  0.495034  0.472652  0.565276  0.690750  0.681131  0.620707  0.684084  0.374306  0.501115  0.412333 0.0  0.612304  0.677996  0.525536  0.658270  0.752907  0.698212  0.692078  0.749050  0.790730  0.760523  0.725646  0.598298  0.669979  0.376749  0.684087  0.717725  0.678402  0.399800  0.414931  0.748109  0.834682  0.640564  0.721847  0.645497  0.712999  0.682583  0.723933  0.585559  0.699660  0.765086  0.510931  0.722784  0.663745  0.534465  0.648785  0.773654  0.622141  0.853791  0.618923  0.680588  0.412497  0.564170  0.398682  0.565663  0.882832  0.769275  0.714959  0.771480  0.749536  0.669402  0.672111  0.642153  0.582629  0.582232  0.405858  0.585166  0.805510  0.401577  0.565138  0.605580  0.643308  0.603565  0.694213  0.761482  0.540516  0.577412 
32  0.366883  0.722658  0.754297  0.292875  0.731310  0.749285  0.359553  0.593347  0.731011  0.607008  0.653427  0.717538  0.236181  0.456974  0.668533  0.789984  0.745299  0.608644  0.775948  0.715101  0.439207  0.695979  0.614528  0.536987  0.488590  0.659142  0.297499  0.743802  0.616726  0.663087  0.729523  0.612304 0.0  0.767906  0.594492  0.656601  0.543331  0.445730  0.676208  0.846090  0.577632  0.657214  0.459643  0.814971  0.489027  0.607699  0.789380  0.781958  0.655558  0.642982  0.620671  0.800282  0.800878  0.739532  0.711222  0.718591  0.564521  0.915108  0.857221  0.724906  0.549621  0.592311  0.633589  0.477972  0.828062  0.327761  0.506549  0.653735  0.730978  0.858466  0.386861  0.857449  0.554692  0.610326  0.547629  0.721594  0.772495  0.642870  0.700855  0.539922  0.820375  0.722883  0.565866  0.684030  0.780945  0.374238  0.503693  0.437167  0.838599  0.532891  0.672215  0.757937  0.653759  0.607748  0.658682  0.838065  0.693683  0.720921 
33  0.691300  0.856764  0.585791  0.754635  0.387586  0.733598  0.761430  0.696788  0.623162  0.780253  0.803662  0.612736  0.748570  0.805184  0.898470  0.388773  0.690753  0.769750  0.548219  0.824413  0.770556  0.778805  0.725012  0.719119  0.709856  0.708914  0.726585  0.824509  0.749261  0.821358  0.685417  0.677996  0.767906 0.0  0.820087  0.685317  0.873847  0.905581  0.780431  0.513938  0.869289  0.660709  0.866795  0.744021  0.719517  0.672398  0.745150  0.478750  0.690423  0.721806  0.705518  0.618483  0.542481  0.625788  0.639924  0.769013  0.839435  0.622004  0.611888  0.736823  0.747819  0.822211  0.718160  0.728426  0.558034  0.837675  0.808866  0.855536  0.730568  0.450276  0.910377  0.707624  0.824047  0.758799  0.708496  0.769701  0.616052  0.819332  0.727172  0.780552  0.643825  0.645379  0.752410  0.813961  0.640368  0.743461  0.766767  0.883660  0.667719  0.654001  0.676504  0.712978  0.750289  0.644792  0.840632  0.625835  0.740925  0.740804 
34  0.649096  0.723321  0.754953  0.456557  0.832255  0.565606  0.597802  0.386287  0.786011  0.431971  0.227694  0.684348  0.657502  0.472050  0.471808  0.813449  0.597293  0.521639  0.836162  0.573759  0.554283  0.373109  0.642973  0.362129  0.519751  0.721564  0.637324  0.675585  0.605098  0.488099  0.608571  0.525536  0.594492  0.820087 0.0  0.670139  0.645115  0.632408  0.746243  0.754724  0.617735  0.574249  0.469018  0.590833  0.622247  0.583055  0.606645  0.882954  0.629738  0.513144  0.434224  0.772884  0.784054  0.833373  0.895049  0.781637  0.685064  0.735111  0.898029  0.399437  0.539840  0.597689  0.495200  0.672812  0.897891  0.544619  0.386511  0.743769  0.627392  0.760986  0.593531  0.811315  0.412199  0.151900  0.477874  0.695887  0.855743  0.857257  0.730299  0.537133  0.698641  0.722681  0.658346  0.535082  0.684218  0.398325  0.388410  0.418886  0.729837  0.450172  0.702049  0.798474  0.715510  0.581031  0.659995  0.701929  0.536304  0.697295 
35  0.622936  0.664816  0.690746  0.741538  0.724659  0.509097  0.823426  0.579759  0.529030  0.557847  0.658891  0.362893  0.710596  0.664681  0.610861  0.733740  0.471755  0.566819  0.799180  0.615988  0.759642  0.643335  0.653382  0.606094  0.684311  0.522384  0.629695  0.730304  0.647367  0.619156  0.584373  0.658270  0.656601  0.685317  0.670139 0.0  0.736135  0.664629  0.665722  0.649601  0.854998  0.558902  0.708087  0.338292  0.748074  0.687313  0.513027  0.725472  0.627638  0.537271  0.687928  0.709933  0.659713  0.561090  0.654068  0.531016  0.758948  0.719959  0.681719  0.650148  0.861281  0.735289  0.624095  0.764157  0.714743  0.723348  0.761149  0.733603  0.362655  0.599730  0.639119  0.755122  0.525944  0.634072  0.666158  0.503717  0.722711  0.714033  0.646281  0.792171  0.602233  0.644734  0.736174  0.632418  0.685298  0.656008  0.615333  0.650511  0.606270  0.555341  0.179544  0.603395  0.499711  0.457391  0.775936  0.598558  0.565141  0.518093 
36  0.516522  0.517868  0.862652  0.549055  0.978913  0.752013  0.414901  0.747380  0.705385  0.679453  0.676816  0.754464  0.437630  0.647439  0.671410  0.843033  0.701372  0.709990  0.859907  0.700844  0.715542  0.585455  0.763479  0.656551  0.560396  0.812093  0.516089  0.542185  0.656933  0.756626  0.667160  0.752907  0.543331  0.873847  0.645115  0.736135 0.0  0.514283  0.795523  0.772143  0.435423  0.671412  0.484699  0.779241  0.478310  0.620040  0.726172  0.718106  0.764640  0.581407  0.637216  0.753553  0.782940  0.799549  0.840147  0.833256  0.562129  0.786496  0.830680  0.719616  0.469152  0.494829  0.683046  0.215670  0.781716  0.506226  0.548181  0.537103  0.700884  0.779264  0.543862  0.717013  0.592961  0.664309  0.756604  0.741412  0.906727  0.649876  0.851948  0.470174  0.933492  0.816110  0.494130  0.718802  0.768230  0.513888  0.683735  0.646536  0.916210  0.697505  0.736404  0.741214  0.772408  0.703171  0.596108  0.725505  0.774589  0.764299 
37  0.482954  0.553650  0.818257  0.478189  0.754009  0.737551  0.369056  0.566937  0.760878  0.666958  0.654367  0.769040  0.428124  0.583337  0.632587  0.946501  0.812479  0.713890  0.708620  0.656057  0.507356  0.748877  0.672444  0.746328  0.472624  0.826974  0.554740  0.537058  0.697925  0.689709  0.698947  0.698212  0.445730  0.905581  0.632408  0.664629  0.514283 0.0  0.810423  0.738473  0.657371  0.845138  0.296392  0.741075  0.520415  0.618445  0.723432  0.777168  0.829751  0.737686  0.726888  0.812701  0.866437  0.696424  0.820627  0.780873  0.559568  0.828718  0.904539  0.670841  0.485589  0.619629  0.600635  0.210400  0.762992  0.496586  0.620988  0.530038  0.623347  0.832511  0.541248  0.831144  0.586478  0.690616  0.624639  0.736999  0.887113  0.705976  0.780791  0.464908  0.829783  0.776021  0.549184  0.612620  0.770662  0.595675  0.607058  0.639561  0.894185  0.701936  0.711779  0.781073  0.722448  0.637798  0.682144  0.786208  0.771366  0.760217 
38  0.744002  0.810135  0.813750  0.719337  0.763733  0.650090  0.743386  0.654141  0.564843  0.559087  0.765645  0.718031  0.812496  0.812954  0.700928  0.729214  0.550905  0.709450  0.832220  0.594480  0.719879  0.755098  0.535513  0.814271  0.743543  0.773545  0.781797  0.800400  0.601131  0.684364  0.539670  0.692078  0.676208  0.780431  0.746243  0.665722  0.795523  0.810423 0.0  0.624415  0.709272  0.743474  0.720457  0.637126  0.801685  0.768504  0.702091  0.792164  0.564042  0.731685  0.686307  0.580916  0.779923  0.635179  0.655129  0.561156  0.866750  0.676620  0.751059  0.707991  0.815944  0.738066  0.721448  0.788828  0.672204  0.673768  0.682247  0.821947  0.634450  0.648802  0.738142  0.359374  0.711333  0.710862  0.638232  0.688011  0.814237  0.838781  0.040612  0.725096  0.620629  0.649578  0.826132  0.731927  0.605100  0.666791  0.668612  0.703174  0.683836  0.713304  0.648073  0.512915  0.564637  0.598048  0.814954  0.789595  0.724320  0.606397 
39  0.818801  0.792023  0.702973  0.814330  0.522653  0.795878  0.861216  0.822384  0.605857  0.790045  0.731134  0.565654  0.765112  0.713518  0.787011  0.461140  0.734436  0.746381  0.604186  0.697648  0.780269  0.722462  0.708605  0.683816  0.720710  0.553893  0.898526  0.818498  0.741488  0.670750  0.759496  0.749050  0.846090  0.513938  0.754724  0.649601  0.772143  0.738473  0.624415 0.0  0.770344  0.614470  0.838272  0.708260  0.768033  0.712924  0.673711  0.509190  0.580802  0.756314  0.720310  0.604947  0.576412  0.594984  0.677383  0.734456  0.743550  0.618712  0.617941  0.668010  0.797853  0.786407  0.721444  0.862420  0.580724  0.797883  0.845295  0.854704  0.556765  0.172184  0.769082  0.703181  0.736060  0.757394  0.764495  0.717049  0.703581  0.785737  0.697519  0.741029  0.561931  0.669840  0.779005  0.750974  0.708232  0.750514  0.808938  0.748182  0.577357  0.684456  0.606316  0.781939  0.633003  0.723082  0.748619  0.562018  0.696554  0.702437 
