98
0 0.0  0.593972  0.737364  0.615135  0.600661  0.773073  0.688370  0.762892  0.564398  0.520754  0.633858  0.455439  0.573143  0.612026  0.632218  0.796908  0.646337  0.724667  0.540656  0.590210  0.798218  0.720404  0.793903  0.773157  0.649659  0.671308  0.678684  0.638781  0.549941  0.770005  0.609243  0.690233  0.532495  0.552108  0.693762  0.789787  0.718670  0.671146  0.675515  0.664796  0.753693  0.613404  0.725702  0.598348  0.705485  0.753271  0.638424  0.650023  0.728646  0.567857  0.592505  0.754118  0.631246  0.650583  0.687406  0.723863  0.690416  0.730759  0.660497  0.687855  0.583215  0.607059  0.681086  0.673523  0.767145  0.747237  0.656603  0.604160  0.537680  0.660986  0.554695  0.643233  0.632430  0.806755  0.624160  0.661493  0.671267  0.718147  0.702456  0.707382  0.690075  0.813316  0.529767  0.744391  0.693361  0.700074  0.601944  0.747901  0.740828  0.564290  0.662947  0.654985  0.634076  0.654591  0.774292  0.664392  0.747488  0.737690 
1  0.593972 0.0  0.693968  0.659555  0.539682  0.717664  0.576221  0.719958  0.600311  0.572639  0.772735  0.490681  0.509654  0.604415  0.744395  0.793686  0.721155  0.761873  0.545062  0.540818  0.784309  0.745198  0.761809  0.723744  0.624027  0.263215  0.589820  0.666933  0.680001  0.875627  0.596789  0.469520  0.617698  0.652644  0.713094  0.658597  0.680975  0.503878  0.683146  0.851660  0.603184  0.657015  0.674720  0.554817  0.765270  0.676440  0.585414  0.803868  0.695025  0.661805  0.576741  0.701420  0.494690  0.495045  0.702998  0.561469  0.543345  0.775843  0.784372  0.597907  0.786120  0.546573  0.687258  0.466147  0.799115  0.676337  0.763629  0.655223  0.440201  0.655007  0.528083  0.616526  0.573703  0.782468  0.626811  0.591325  0.727241  0.806094  0.574830  0.523755  0.770422  0.696720  0.535369  0.764743  0.693834  0.511349  0.655077  0.731795  0.627783  0.565532  0.543215  0.511842  0.698783  0.600200  0.815698  0.552961  0.723094  0.762807 
2  0.737364  0.693968 0.0  0.782056  0.508010  0.794087  0.774455  0.597114  0.538349  0.758016  0.851610  0.700360  0.748568  0.587111  0.608348  0.688578  0.433255  0.737522  0.643685  0.700316  0.734349  0.536933  0.620256  0.546420  0.621077  0.750539  0.593919  0.587775  0.521312  0.719053  0.371158  0.623099  0.493035  0.545455  0.413559  0.553066  0.812912  0.495007  0.843933  0.825515  0.513638  0.682756  0.772138  0.661889  0.725425  0.722944  0.441213  0.666721  0.585183  0.813185  0.764875  0.647551  0.724047  0.639797  0.402266  0.597696  0.692172  0.718626  0.599263  0.635930  0.418083  0.688418  0.473395  0.591967  0.650349  0.724832  0.813918  0.545934  0.723068  0.763921  0.524178  0.487777  0.593382  0.657928  0.732134  0.693912  0.604359  0.507639  0.559376  0.714812  0.838162  0.565546  0.624405  0.588674  0.399121  0.637979  0.444208  0.788625  0.392362  0.439893  0.517811  0.682132  0.538569  0.816456  0.626559  0.813434  0.487980  0.562697 
3  0.615135  0.659555  0.782056 0.0  0.736088  0.900202  0.732243  0.826158  0.744967  0.643443  0.682594  0.673701  0.779777  0.705278  0.742191  0.847788  0.693105  0.603682  0.630592  0.735650  0.734206  0.763567  0.760305  0.747886  0.726494  0.694701  0.709136  0.723768  0.824652  0.810549  0.754185  0.827140  0.662822  0.747683  0.697101  0.738301  0.731933  0.634890  0.750607  0.689289  0.709958  0.675757  0.716061  0.809187  0.743143  0.803462  0.669710  0.630325  0.887916  0.616078  0.587743  0.852968  0.610229  0.706687  0.724767  0.721681  0.659107  0.768805  0.751474  0.825336  0.870681  0.748346  0.733899  0.649413  0.847207  0.747318  0.618767  0.766077  0.709314  0.691953  0.735684  0.742614  0.735966  0.783106  0.538221  0.706059  0.814813  0.718076  0.743172  0.700998  0.657596  0.744391  0.609363  0.719771  0.812557  0.618471  0.756824  0.790527  0.742363  0.708157  0.713081  0.747993  0.762896  0.807170  0.727156  0.676811  0.765532  0.780062 
4  0.600661  0.539682  0.508010  0.736088 0.0  0.741856  0.612032  0.791729  0.162333  0.673624  0.724203  0.619695  0.618107  0.417326  0.574880  0.651580  0.550798  0.719909  0.657557  0.641020  0.728218  0.475059  0.714812  0.599692  0.808190  0.679901  0.490862  0.732264  0.119903  0.669127  0.270172  0.782110  0.407346  0.374471  0.504781  0.608577  0.804408  0.410591  0.723108  0.747051  0.546613  0.538519  0.850863  0.348626  0.715706  0.769955  0.333996  0.733005  0.677080  0.710845  0.726812  0.699910  0.665127  0.585784  0.732171  0.401334  0.462457  0.696917  0.654197  0.363238  0.597687  0.466665  0.564345  0.596918  0.760549  0.779551  0.707924  0.437132  0.639127  0.726617  0.545611  0.445859  0.173903  0.756055  0.622612  0.708736  0.736125  0.737126  0.363621  0.715624  0.763452  0.783224  0.458893  0.534003  0.643549  0.627780  0.490842  0.776487  0.418513  0.416817  0.111478  0.739491  0.026159  0.746688  0.759802  0.801184  0.622714  0.689674 
5  0.773073  0.717664  0.794087  0.900202  0.741856 0.0  0.826260  0.455012  0.766658  0.688573  0.788285  0.668235  0.770053  0.747054  0.797897  0.822887  0.645849  0.883241  0.757952  0.707032  0.848831  0.680526  0.354810  0.725260  0.729549  0.754658  0.826688  0.577989  0.695358  0.736611  0.730270  0.830028  0.825370  0.717293  0.687350  0.575515  0.825109  0.753810  0.748101  0.912198  0.702990  0.751067  0.882294  0.768067  0.555748  0.735971  0.736719  0.674914  0.711690  0.895055  0.854909  0.615952  0.830700  0.691505  0.711723  0.738895  0.714797  0.678978  0.644630  0.809411  0.758063  0.750745  0.648025  0.768374  0.545276  0.797056  0.642501  0.742234  0.696565  0.866158  0.804915  0.704616  0.711895  0.404304  0.821523  0.787019  0.581554  0.690299  0.847447  0.750122  0.856192  0.541345  0.712699  0.714518  0.640672  0.805963  0.802717  0.853564  0.766520  0.764936  0.703175  0.790138  0.677729  0.802810  0.422971  0.833985  0.639145  0.673611 
6  0.688370  0.576221  0.774455  0.732243  0.612032  0.826260 0.0  0.812679  0.803385  0.648729  0.540329  0.727218  0.703011  0.794126  0.803096  0.782746  0.781871  0.725636  0.674681  0.579627  0.559202  0.806302  0.866133  0.834465  0.549695  0.638122  0.774833  0.763361  0.853152  0.875931  0.685322  0.600678  0.812842  0.726345  0.798116  0.881798  0.530769  0.721638  0.523832  0.647704  0.750952  0.698912  0.522892  0.836486  0.803910  0.738164  0.747439  0.807302  0.869086  0.586019  0.688638  0.774979  0.663235  0.761845  0.691872  0.714171  0.734036  0.736914  0.764268  0.640424  0.723188  0.742018  0.755139  0.675866  0.871636  0.471677  0.728646  0.726633  0.652068  0.705810  0.637647  0.815133  0.796035  0.810602  0.705744  0.580123  0.850242  0.934205  0.662600  0.653370  0.729592  0.775799  0.752994  0.828378  0.785615  0.704129  0.799416  0.536054  0.709731  0.844033  0.678319  0.649833  0.835798  0.712450  0.896282  0.576485  0.880159  0.841314 
7  0.762892  0.719958  0.597114  0.826158  0.791729  0.455012  0.812679 0.0  0.719109  0.798518  0.809362  0.794340  0.843932  0.635450  0.628493  0.807200  0.566979  0.842342  0.729462  0.854264  0.823525  0.597333  0.410113  0.603394  0.772256  0.739849  0.735074  0.623360  0.681402  0.505908  0.679934  0.727078  0.777696  0.622508  0.713023  0.615013  0.859698  0.634082  0.805623  0.744236  0.602760  0.750527  0.780223  0.790235  0.370327  0.717233  0.720967  0.528255  0.637882  0.786532  0.770441  0.474634  0.830804  0.756990  0.657247  0.841551  0.755835  0.482629  0.642344  0.700767  0.651551  0.766848  0.707597  0.801980  0.313896  0.878009  0.778825  0.744929  0.789106  0.899404  0.775732  0.622019  0.684424  0.516825  0.888375  0.751880  0.625203  0.543431  0.674364  0.732166  0.849867  0.576949  0.703407  0.671951  0.610582  0.815298  0.652865  0.758280  0.716465  0.631245  0.702336  0.798439  0.705517  0.835357  0.486533  0.765748  0.490890  0.439139 
8  0.564398  0.600311  0.538349  0.744967  0.162333  0.766658  0.803385  0.719109 0.0  0.605758  0.721952  0.622121  0.469140  0.202260  0.618321  0.703466  0.643119  0.802600  0.626689  0.592683  0.766188  0.701620  0.755790  0.677502  0.751581  0.588216  0.482436  0.657971  0.115828  0.686058  0.177884  0.586773  0.432484  0.328915  0.565342  0.571519  0.798892  0.332060  0.757192  0.755574  0.650652  0.593072  0.841276  0.358695  0.610657  0.671393  0.405403  0.592632  0.470295  0.728446  0.785027  0.751134  0.663567  0.423972  0.660343  0.371909  0.523641  0.674722  0.640777  0.488153  0.578334  0.433199  0.589344  0.600917  0.743615  0.744751  0.819965  0.470224  0.719542  0.749543  0.591509  0.468981  0.201572  0.728018  0.791655  0.616890  0.645906  0.673386  0.400494  0.612889  0.771811  0.684169  0.664466  0.478154  0.567705  0.683385  0.415548  0.754426  0.402695  0.397101  0.102453  0.695532  0.079188  0.649446  0.705201  0.601821  0.619045  0.731649 
9  0.520754  0.572639  0.758016  0.643443  0.673624  0.688573  0.648729  0.798518  0.605758 0.0  0.517108  0.497800  0.490579  0.630009  0.617956  0.679964  0.778350  0.634649  0.508732  0.538793  0.608980  0.702461  0.742767  0.636335  0.588673  0.443017  0.729222  0.750257  0.778900  0.793890  0.595197  0.582009  0.740560  0.650465  0.584603  0.836771  0.596063  0.713056  0.658265  0.704894  0.742291  0.652522  0.701470  0.810198  0.809997  0.756468  0.588695  0.650830  0.722233  0.471010  0.547895  0.686686  0.614255  0.686560  0.779299  0.618012  0.674035  0.872913  0.617630  0.629655  0.729390  0.683717  0.812766  0.557602  0.814409  0.629828  0.805122  0.721792  0.563325  0.725074  0.433448  0.644617  0.607853  0.797132  0.575005  0.571247  0.689467  0.762540  0.695190  0.600763  0.831953  0.761938  0.552466  0.700107  0.703005  0.637267  0.776402  0.727311  0.607085  0.618024  0.653737  0.694508  0.615679  0.585555  0.779321  0.638514  0.698504  0.811116 
10  0.633858  0.772735  0.851610  0.682594  0.724203  0.788285  0.540329  0.809362  0.721952  0.517108 0.0  0.737581  0.734678  0.725926  0.867212  0.614556  0.739871  0.567888  0.724489  0.772564  0.748813  0.762941  0.708399  0.788882  0.653276  0.772590  0.710989  0.721834  0.716613  0.786550  0.786399  0.759312  0.816090  0.684584  0.783074  0.724619  0.570776  0.679435  0.644307  0.606047  0.771769  0.697781  0.679665  0.727780  0.766207  0.700669  0.725192  0.783080  0.732523  0.576571  0.587534  0.898770  0.702399  0.774855  0.793756  0.664223  0.726137  0.861817  0.720651  0.637598  0.875598  0.591563  0.744667  0.706080  0.788235  0.635148  0.624992  0.785080  0.554748  0.677734  0.678656  0.783528  0.909339  0.794474  0.541219  0.743263  0.702375  0.728245  0.727769  0.675655  0.806466  0.819341  0.662839  0.880264  0.857734  0.767168  0.749503  0.563265  0.713650  0.738324  0.775923  0.650933  0.729753  0.660928  0.708522  0.559386  0.732241  0.752441 
11  0.455439  0.490681  0.700360  0.673701  0.619695  0.668235  0.727218  0.794340  0.622121  0.497800  0.737581 0.0  0.447831  0.635696  0.721240  0.737143  0.675950  0.794098  0.383055  0.591361  0.710415  0.757280  0.758948  0.716549  0.563693  0.340766  0.661110  0.700812  0.616554  0.819751  0.559094  0.556352  0.706590  0.628834  0.620994  0.712328  0.678383  0.573246  0.614566  0.716922  0.663925  0.659771  0.687551  0.637837  0.732540  0.670417  0.624593  0.786032  0.679556  0.601605  0.678898  0.715826  0.622315  0.643813  0.663614  0.553344  0.514105  0.653323  0.723452  0.627956  0.678528  0.547410  0.782244  0.576903  0.837971  0.622863  0.710784  0.532074  0.536587  0.748453  0.273534  0.674218  0.588542  0.691814  0.584993  0.530657  0.760227  0.731529  0.573090  0.602713  0.850628  0.775185  0.446290  0.618977  0.669929  0.520987  0.707449  0.789245  0.585947  0.656282  0.635142  0.645952  0.638427  0.648872  0.799451  0.561357  0.730402  0.794574 
12  0.573143  0.509654  0.748568  0.779777  0.618107  0.770053  0.703011  0.843932  0.469140  0.490579  0.734678  0.447831 0.0  0.612454  0.825071  0.613483  0.669019  0.729843  0.528244  0.511716  0.640157  0.679129  0.714188  0.603612  0.616910  0.510769  0.641678  0.715213  0.616972  0.710612  0.544495  0.526484  0.675091  0.620386  0.736687  0.689738  0.676166  0.668021  0.598286  0.774863  0.748594  0.616973  0.705508  0.629231  0.816398  0.638225  0.610332  0.812342  0.631429  0.748907  0.774380  0.677217  0.550336  0.571616  0.637519  0.591136  0.444422  0.674002  0.705356  0.465806  0.801295  0.604685  0.737235  0.386344  0.701498  0.601432  0.779570  0.685489  0.325599  0.657943  0.462098  0.639203  0.652082  0.801446  0.624303  0.604819  0.722389  0.707276  0.605039  0.562119  0.762637  0.707982  0.600663  0.679300  0.738901  0.313598  0.723354  0.786541  0.659866  0.748097  0.598870  0.500374  0.731935  0.619517  0.809794  0.646626  0.667185  0.712160 
13  0.612026  0.604415  0.587111  0.705278  0.417326  0.747054  0.794126  0.635450  0.202260  0.630009  0.725926  0.635696  0.612454 0.0  0.515304  0.666328  0.518297  0.824662  0.679661  0.645176  0.745552  0.648908  0.811078  0.685567  0.752366  0.594738  0.519535  0.596516  0.243243  0.703853  0.350997  0.594007  0.399866  0.486193  0.625569  0.656316  0.751862  0.337453  0.644032  0.798813  0.625263  0.535235  0.732831  0.451085  0.641510  0.741713  0.388223  0.620882  0.613799  0.654862  0.829789  0.730941  0.683120  0.418270  0.485895  0.408479  0.464246  0.590751  0.721242  0.449134  0.581632  0.386329  0.617500  0.508398  0.706671  0.734456  0.810368  0.470660  0.684096  0.654295  0.631882  0.518191  0.442783  0.818607  0.699922  0.757778  0.681148  0.665872  0.405235  0.707622  0.822094  0.678345  0.557078  0.542682  0.678298  0.635082  0.364645  0.850698  0.446553  0.384459  0.293875  0.701803  0.332914  0.655613  0.710123  0.774899  0.776518  0.734053 
14  0.632218  0.744395  0.608348  0.742191  0.574880  0.797897  0.803096  0.628493  0.618321  0.617956  0.867212  0.721240  0.825071  0.515304 0.0  0.825133  0.559312  0.745545  0.668056  0.792358  0.774614  0.434105  0.609257  0.525345  0.806272  0.780906  0.630612  0.431289  0.743019  0.627537  0.535364  0.737874  0.694029  0.636054  0.579732  0.530861  0.842318  0.686482  0.827143  0.704769  0.566124  0.687739  0.868453  0.746954  0.541601  0.704939  0.633751  0.377858  0.329426  0.669650  0.813979  0.516504  0.739022  0.731926  0.472041  0.632908  0.737572  0.495776  0.477437  0.750689  0.496132  0.664111  0.408810  0.772314  0.659256  0.787318  0.864796  0.726962  0.827107  0.665464  0.673977  0.695829  0.751499  0.650193  0.729592  0.728878  0.460831  0.482939  0.584357  0.774748  0.748851  0.090773  0.750847  0.468748  0.228144  0.842993  0.656776  0.738275  0.585194  0.644574  0.622618  0.714833  0.644583  0.751741  0.702932  0.784441  0.383424  0.399203 
15  0.796908  0.793686  0.688578  0.847788  0.651580  0.822887  0.782746  0.807200  0.703466  0.679964  0.614556  0.737143  0.613483  0.666328  0.825133 0.0  0.754188  0.728944  0.656016  0.659889  0.653489  0.760452  0.812874  0.792920  0.719877  0.699504  0.811324  0.805118  0.669781  0.811174  0.743245  0.615484  0.619343  0.707023  0.797827  0.781100  0.762188  0.669256  0.577594  0.779171  0.792066  0.684495  0.790090  0.737106  0.770367  0.247708  0.727344  0.770960  0.712813  0.722923  0.756345  0.830703  0.648238  0.722337  0.749753  0.775738  0.757203  0.838028  0.725767  0.594016  0.847086  0.782141  0.719756  0.717380  0.703795  0.791895  0.713198  0.627699  0.681847  0.410870  0.721785  0.615952  0.779439  0.863845  0.671356  0.658671  0.707622  0.715075  0.684774  0.708368  0.787075  0.728372  0.720576  0.697252  0.719573  0.562003  0.768568  0.856664  0.614685  0.730028  0.679900  0.540282  0.688930  0.622330  0.805562  0.674518  0.758088  0.832786 
16  0.646337  0.721155  0.433255  0.693105  0.550798  0.645849  0.781871  0.566979  0.643119  0.778350  0.739871  0.675950  0.669019  0.518297  0.559312  0.754188 0.0  0.899018  0.714076  0.789587  0.745329  0.435918  0.659724  0.652812  0.855150  0.777434  0.609508  0.647928  0.521278  0.605155  0.673770  0.663452  0.517252  0.541867  0.450907  0.643898  0.812508  0.776339  0.835532  0.780793  0.549652  0.675425  0.690225  0.644433  0.667434  0.751231  0.520349  0.510939  0.436581  0.745032  0.817049  0.647398  0.706043  0.582858  0.300340  0.651456  0.591411  0.431570  0.549476  0.641625  0.435348  0.545733  0.291076  0.646797  0.740019  0.709992  0.810775  0.546392  0.744000  0.661694  0.661617  0.579653  0.669801  0.587159  0.695256  0.769849  0.571687  0.479652  0.622337  0.759327  0.903231  0.429559  0.727241  0.322916  0.422700  0.723667  0.511349  0.773749  0.440507  0.554234  0.554057  0.730886  0.608610  0.611010  0.661427  0.691152  0.358416  0.501428 
17  0.724667  0.761873  0.737522  0.603682  0.719909  0.883241  0.725636  0.842342  0.802600  0.634649  0.567888  0.794098  0.729843  0.824662  0.745545  0.728944  0.899018 0.0  0.673805  0.677644  0.666116  0.813802  0.834847  0.641856  0.743544  0.649763  0.721266  0.822566  0.774911  0.814860  0.726709  0.875512  0.691899  0.744141  0.865839  0.813842  0.703872  0.717617  0.610586  0.442084  0.789318  0.777893  0.645255  0.694784  0.756021  0.730838  0.763693  0.808631  0.828069  0.773865  0.618370  0.874360  0.639985  0.642839  0.869142  0.778998  0.749276  0.806717  0.907984  0.723515  0.836811  0.738337  0.698517  0.751504  0.875965  0.640751  0.517763  0.704560  0.796418  0.701650  0.788249  0.715194  0.792731  0.716293  0.568218  0.655988  0.765659  0.917043  0.782361  0.729855  0.658017  0.758003  0.700545  0.709355  0.761627  0.721298  0.769194  0.617506  0.772983  0.761059  0.826686  0.667154  0.778499  0.733510  0.857180  0.721362  0.845472  0.824325 
18  0.540656  0.545062  0.643685  0.630592  0.657557  0.757952  0.674681  0.729462  0.626689  0.508732  0.724489  0.383055  0.528244  0.679661  0.668056  0.656016  0.714076  0.673805 0.0  0.680930  0.737930  0.638320  0.788895  0.606797  0.608873  0.454961  0.668287  0.672034  0.598593  0.711515  0.494789  0.459365  0.668388  0.576192  0.689630  0.722738  0.694171  0.595789  0.640153  0.683774  0.711996  0.553664  0.758876  0.505936  0.764147  0.676989  0.610916  0.642683  0.669485  0.625579  0.606343  0.696000  0.558183  0.569934  0.630311  0.660011  0.483450  0.841120  0.720421  0.606181  0.754727  0.517599  0.689370  0.404117  0.767579  0.713737  0.798987  0.591531  0.614543  0.614370  0.199830  0.648336  0.539159  0.735584  0.613826  0.637111  0.827848  0.742290  0.787145  0.566816  0.737225  0.725009  0.335443  0.612801  0.634279  0.563057  0.720159  0.724990  0.554737  0.682739  0.550557  0.630145  0.607773  0.611187  0.735683  0.592717  0.765006  0.756345 
19  0.590210  0.540818  0.700316  0.735650  0.641020  0.707032  0.579627  0.854264  0.592683  0.538793  0.772564  0.591361  0.511716  0.645176  0.792358  0.659889  0.789587  0.677644  0.680930 0.0  0.601598  0.760250  0.863805  0.810072  0.570739  0.529708  0.690434  0.714912  0.555579  0.798960  0.668534  0.416188  0.797689  0.697608  0.770161  0.806369  0.684265  0.652824  0.501323  0.731785  0.674167  0.633107  0.633827  0.641534  0.765264  0.599047  0.602992  0.737702  0.743960  0.568270  0.697761  0.865335  0.603600  0.701324  0.691929  0.651146  0.637790  0.681865  0.810428  0.658258  0.737447  0.661205  0.781685  0.614742  0.762745  0.633578  0.890703  0.612967  0.424846  0.568655  0.604451  0.551579  0.696158  0.726640  0.563262  0.492544  0.677776  0.765097  0.717687  0.571740  0.738727  0.816778  0.565198  0.659272  0.790394  0.510331  0.622525  0.708932  0.750337  0.664176  0.674919  0.532262  0.593448  0.472558  0.859151  0.571261  0.721376  0.734172 
20  0.798218  0.784309  0.734349  0.734206  0.728218  0.848831  0.559202  0.823525  0.766188  0.608980  0.748813  0.710415  0.640157  0.745552  0.774614  0.653489  0.745329  0.666116  0.737930  0.601598 0.0  0.862793  0.834175  0.678252  0.491879  0.649169  0.837504  0.779525  0.821720  0.897650  0.744609  0.681760  0.702138  0.680409  0.760815  0.801162  0.526595  0.674080  0.559866  0.748675  0.775494  0.707195  0.683511  0.742694  0.806728  0.678550  0.742509  0.770497  0.877237  0.748685  0.634649  0.840038  0.544797  0.807502  0.811788  0.715568  0.802923  0.732451  0.864933  0.758988  0.727400  0.645305  0.767184  0.604513  0.829849  0.519240  0.687654  0.638178  0.606851  0.704470  0.726786  0.726255  0.626449  0.917228  0.668634  0.683402  0.801484  0.800242  0.706892  0.605313  0.780749  0.723223  0.744024  0.838130  0.769683  0.694592  0.778521  0.655732  0.797466  0.715034  0.817419  0.531800  0.735955  0.401515  0.886354  0.546879  0.781380  0.884964 
21  0.720404  0.745198  0.536933  0.763567  0.475059  0.680526  0.806302  0.597333  0.701620  0.702461  0.762941  0.757280  0.679129  0.648908  0.434105  0.760452  0.435918  0.813802  0.638320  0.760250  0.862793 0.0  0.666193  0.490871  0.751586  0.704995  0.575101  0.593449  0.684588  0.583220  0.585787  0.747086  0.534268  0.682506  0.496073  0.680337  0.805380  0.711463  0.678045  0.811568  0.582305  0.721320  0.828374  0.763816  0.544772  0.759645  0.767713  0.606401  0.409649  0.808013  0.737151  0.490495  0.778750  0.665011  0.472937  0.704617  0.595850  0.478555  0.622505  0.695898  0.508379  0.692532  0.540774  0.747686  0.582910  0.790599  0.741011  0.656110  0.823151  0.659886  0.709963  0.710982  0.596085  0.604310  0.846350  0.789987  0.562839  0.585270  0.549957  0.773712  0.804030  0.505372  0.580987  0.317679  0.631675  0.757773  0.688190  0.891501  0.567692  0.604790  0.730618  0.730384  0.577014  0.712257  0.659060  0.701377  0.425631  0.549680 
22  0.793903  0.761809  0.620256  0.760305  0.714812  0.354810  0.866133  0.410113  0.755790  0.742767  0.708399  0.758948  0.714188  0.811078  0.609257  0.812874  0.659724  0.834847  0.788895  0.863805  0.834175  0.666193 0.0  0.569946  0.780655  0.776688  0.752335  0.590029  0.804367  0.462526  0.633380  0.850099  0.729180  0.748343  0.643995  0.680604  0.869717  0.728825  0.822892  0.813288  0.749420  0.855033  0.807535  0.593987  0.648756  0.807587  0.896757  0.532865  0.662283  0.669839  0.798395  0.546344  0.814473  0.756571  0.728078  0.727058  0.816262  0.627876  0.579366  0.679576  0.636095  0.772590  0.665349  0.744783  0.516082  0.828805  0.821090  0.707543  0.745023  0.845902  0.844450  0.743738  0.691212  0.287305  0.891945  0.849785  0.677363  0.650851  0.808469  0.824586  0.938808  0.717578  0.824059  0.686834  0.704176  0.807546  0.709034  0.783673  0.649433  0.739601  0.712599  0.923724  0.694341  0.736300  0.314497  0.773815  0.592151  0.623598 
23  0.773157  0.723744  0.546420  0.747886  0.599692  0.725260  0.834465  0.603394  0.677502  0.636335  0.788882  0.716549  0.603612  0.685567  0.525345  0.792920  0.652812  0.641856  0.606797  0.810072  0.678252  0.490871  0.569946 0.0  0.778222  0.707534  0.631454  0.548132  0.622214  0.631128  0.632832  0.787746  0.604974  0.505791  0.426520  0.563048  0.746393  0.540123  0.815998  0.715409  0.262448  0.766035  0.784870  0.585916  0.596367  0.809595  0.657402  0.376688  0.395650  0.690134  0.747299  0.549976  0.801279  0.666410  0.537122  0.615770  0.696133  0.504453  0.435336  0.653869  0.349972  0.643852  0.435466  0.690772  0.629501  0.803785  0.837278  0.622180  0.713914  0.680462  0.656432  0.652777  0.563731  0.706513  0.837933  0.660974  0.574514  0.568093  0.646414  0.803329  0.746976  0.512024  0.554345  0.503925  0.387119  0.704311  0.533381  0.744042  0.511246  0.566168  0.606706  0.712278  0.707597  0.868538  0.732484  0.768290  0.527624  0.572517 
24  0.649659  0.624027  0.621077  0.726494  0.808190  0.729549  0.549695  0.772256  0.751581  0.588673  0.653276  0.563693  0.616910  0.752366  0.806272  0.719877  0.855150  0.743544  0.608873  0.570739  0.491879  0.751586  0.780655  0.778222 0.0  0.685116  0.753073  0.832885  0.737208  0.814487  0.735349  0.585413  0.785267  0.808561  0.849214  0.857790  0.582907  0.772765  0.510086  0.773204  0.817888  0.691658  0.671150  0.667205  0.856382  0.636466  0.728122  0.814074  0.772815  0.739936  0.680476  0.744440  0.639485  0.704420  0.810835  0.727334  0.773015  0.797391  0.821085  0.751950  0.776959  0.801778  0.726492  0.639935  0.873426  0.477593  0.707707  0.753629  0.685989  0.720615  0.732081  0.755015  0.707690  0.803156  0.798436  0.519829  0.838123  0.832708  0.647762  0.697088  0.763157  0.742515  0.763166  0.773006  0.693738  0.589321  0.861005  0.649540  0.762232  0.692859  0.660850  0.560729  0.758095  0.521492  0.720096  0.492546  0.786155  0.846978 
25  0.671308  0.263215  0.750539  0.694701  0.679901  0.754658  0.638122  0.739849  0.588216  0.443017  0.772590  0.340766  0.510769  0.594738  0.780906  0.699504  0.777434  0.649763  0.454961  0.529708  0.649169  0.704995  0.776688  0.707534  0.685116 0.0  0.669341  0.724910  0.636371  0.731288  0.691833  0.533572  0.552537  0.686165  0.683584  0.855759  0.681738  0.540454  0.659267  0.774769  0.747967  0.695008  0.805949  0.662759  0.777898  0.660729  0.683019  0.724132  0.726430  0.631480  0.456216  0.732866  0.537177  0.592676  0.662765  0.636529  0.621410  0.675877  0.693131  0.548383  0.654458  0.628904  0.693467  0.378363  0.748691  0.766159  0.781538  0.553241  0.377043  0.729386  0.490437  0.666687  0.699271  0.804428  0.640081  0.717129  0.790463  0.702141  0.654760  0.541256  0.674036  0.640843  0.545569  0.677814  0.623779  0.508217  0.620166  0.693848  0.636014  0.725560  0.710028  0.634840  0.673404  0.707127  0.786792  0.561848  0.726613  0.774092 
26  0.678684  0.589820  0.593919  0.709136  0.490862  0.826688  0.774833  0.735074  0.482436  0.729222  0.710989  0.661110  0.641678  0.519535  0.630612  0.811324  0.609508  0.721266  0.668287  0.690434  0.837504  0.575101  0.752335  0.631454  0.753073  0.669341 0.0  0.606095  0.411044  0.653714  0.537784  0.609826  0.502888  0.408502  0.587226  0.620897  0.750216  0.479063  0.730080  0.787020  0.542587  0.538798  0.811556  0.381771  0.724008  0.631403  0.336243  0.502213  0.602615  0.740534  0.709594  0.717546  0.706794  0.558802  0.569431  0.496098  0.569062  0.693545  0.641119  0.570420  0.524855  0.423394  0.611375  0.620256  0.711421  0.746281  0.811321  0.382307  0.619889  0.667404  0.657807  0.319369  0.440450  0.708210  0.661422  0.657322  0.545185  0.768644  0.488944  0.867918  0.887437  0.655779  0.630835  0.611558  0.554316  0.679716  0.378742  0.875693  0.268855  0.303154  0.515738  0.717067  0.433293  0.645140  0.729217  0.803606  0.659255  0.621213 
27  0.638781  0.666933  0.587775  0.723768  0.732264  0.577989  0.763361  0.623360  0.657971  0.750257  0.721834  0.700812  0.715213  0.596516  0.431289  0.805118  0.647928  0.822566  0.672034  0.714912  0.779525  0.593449  0.590029  0.548132  0.832885  0.724910  0.606095 0.0  0.607063  0.527739  0.739847  0.825139  0.553886  0.603232  0.537199  0.413280  0.803216  0.622918  0.730889  0.791530  0.556820  0.629965  0.885392  0.720581  0.599777  0.758213  0.613651  0.415628  0.415926  0.758293  0.686128  0.563316  0.787009  0.796784  0.649918  0.724683  0.718462  0.463451  0.456324  0.736596  0.550336  0.603962  0.583057  0.869101  0.397347  0.876609  0.706865  0.700723  0.851705  0.811443  0.695606  0.742966  0.705421  0.614377  0.803273  0.810484  0.457410  0.381077  0.657976  0.758696  0.834462  0.466073  0.776000  0.483541  0.477006  0.746346  0.591657  0.818265  0.744838  0.643162  0.665788  0.709344  0.659116  0.847639  0.634411  0.718080  0.516917  0.456061 
28  0.549941  0.680001  0.521312  0.824652  0.119903  0.695358  0.853152  0.681402  0.115828  0.778900  0.716613  0.616554  0.616972  0.243243  0.743019  0.669781  0.521278  0.774911  0.598593  0.555579  0.821720  0.684588  0.804367  0.622214  0.737208  0.636371  0.411044  0.607063 0.0  0.642237  0.157447  0.714337  0.362802  0.351738  0.596683  0.754200  0.769996  0.460791  0.624455  0.706127  0.544523  0.461173  0.737842  0.414678  0.767324  0.755826  0.456950  0.610010  0.594783  0.633919  0.702605  0.736845  0.643629  0.555655  0.596838  0.355137  0.488100  0.573411  0.703290  0.469876  0.630372  0.448433  0.626076  0.589429  0.686425  0.736893  0.884746  0.403540  0.614045  0.697751  0.523607  0.384572  0.297892  0.676676  0.660953  0.620337  0.559410  0.652175  0.411023  0.649352  0.771005  0.657372  0.608236  0.662253  0.573260  0.709021  0.423874  0.818368  0.504808  0.333611  0.145512  0.734622  0.201270  0.641046  0.743453  0.742963  0.560224  0.658184 
29  0.770005  0.875627  0.719053  0.810549  0.669127  0.736611  0.875931  0.505908  0.686058  0.793890  0.786550  0.819751  0.710612  0.703853  0.627537  0.811174  0.605155  0.814860  0.711515  0.798960  0.897650  0.583220  0.462526  0.631128  0.814487  0.731288  0.653714  0.527739  0.642237 0.0  0.682979  0.784041  0.735852  0.645735  0.573587  0.594841  0.798884  0.725868  0.777991  0.819426  0.658620  0.639602  0.806942  0.780586  0.590602  0.770155  0.674125  0.531421  0.579277  0.893543  0.751993  0.417839  0.781081  0.733957  0.631162  0.777848  0.874332  0.566886  0.521457  0.769138  0.751643  0.781509  0.641395  0.704241  0.596007  0.846667  0.683255  0.629082  0.806516  0.827087  0.820672  0.732387  0.733962  0.601593  0.774691  0.833756  0.601247  0.580261  0.746484  0.827264  0.915738  0.729319  0.752978  0.702277  0.731559  0.761580  0.677755  0.872064  0.727370  0.713915  0.698199  0.822198  0.757464  0.757667  0.553913  0.771454  0.495658  0.381026 
30  0.609243  0.596789  0.371158  0.754185  0.270172  0.730270  0.685322  0.679934  0.177884  0.595197  0.786399  0.559094  0.544495  0.350997  0.535364  0.743245  0.673770  0.726709  0.494789  0.668534  0.744609  0.585787  0.633380  0.632832  0.735349  0.691833  0.537784  0.739847  0.157447  0.682979 0.0  0.661985  0.372392  0.525264  0.606706  0.700290  0.761440  0.368757  0.728179  0.747964  0.586305  0.584709  0.836026  0.492546  0.617150  0.695572  0.389741  0.561579  0.801336  0.779128  0.738985  0.691759  0.674451  0.464195  0.634056  0.382225  0.623252  0.629949  0.556876  0.470560  0.549491  0.537334  0.620048  0.670303  0.605759  0.718972  0.775459  0.372596  0.657096  0.738853  0.643723  0.441224  0.400141  0.725838  0.745845  0.650006  0.708569  0.696708  0.331618  0.706233  0.787482  0.671135  0.722601  0.600702  0.660867  0.541573  0.500438  0.777701  0.441475  0.398987  0.227173  0.640464  0.262886  0.832098  0.724718  0.818838  0.684985  0.754627 
31  0.690233  0.469520  0.623099  0.827140  0.782110  0.830028  0.600678  0.727078  0.586773  0.582009  0.759312  0.556352  0.526484  0.594007  0.737874  0.615484  0.663452  0.875512  0.459365  0.416188  0.681760  0.747086  0.850099  0.787746  0.585413  0.533572  0.609826  0.825139  0.714337  0.784041  0.661985 0.0  0.728206  0.777329  0.748506  0.845972  0.552274  0.634453  0.541316  0.746182  0.805859  0.546384  0.747588  0.599053  0.745468  0.502528  0.745911  0.667904  0.704983  0.619755  0.564202  0.841739  0.195069  0.618606  0.712826  0.660144  0.706628  0.709077  0.759536  0.653143  0.796841  0.681170  0.678524  0.469095  0.847774  0.687593  0.719110  0.784873  0.547866  0.512204  0.653698  0.722109  0.605422  0.821970  0.722333  0.514111  0.740393  0.705988  0.673294  0.560341  0.893975  0.751685  0.594458  0.711979  0.804877  0.570705  0.725428  0.709764  0.755596  0.701278  0.726111  0.524873  0.642822  0.548693  0.761865  0.424850  0.789140  0.751562 
32  0.532495  0.617698  0.493035  0.662822  0.407346  0.825370  0.812842  0.777696  0.432484  0.740560  0.816090  0.706590  0.675091  0.399866  0.694029  0.619343  0.517252  0.691899  0.668388  0.797689  0.702138  0.534268  0.729180  0.604974  0.785267  0.552537  0.502888  0.553886  0.362802  0.735852  0.372392  0.728206 0.0  0.532240  0.716147  0.642671  0.792042  0.514522  0.774210  0.848722  0.567269  0.509374  0.763504  0.435178  0.761128  0.702786  0.428870  0.628057  0.662878  0.668735  0.778583  0.687778  0.702943  0.551433  0.565555  0.622379  0.592516  0.701210  0.565972  0.472518  0.622714  0.551793  0.632756  0.606174  0.792929  0.679138  0.817035  0.378139  0.608986  0.758628  0.616524  0.444421  0.489751  0.691982  0.702344  0.747637  0.615991  0.732223  0.462935  0.610591  0.720025  0.603110  0.645036  0.569604  0.638113  0.642150  0.372728  0.799739  0.496521  0.299709  0.506033  0.756440  0.473514  0.758061  0.683425  0.727157  0.545835  0.659569 
33  0.552108  0.652644  0.545455  0.747683  0.374471  0.717293  0.726345  0.622508  0.328915  0.650465  0.684584  0.628834  0.620386  0.486193  0.636054  0.707023  0.541867  0.744141  0.576192  0.697608  0.680409  0.682506  0.748343  0.505791  0.808561  0.686165  0.408502  0.603232  0.351738  0.645735  0.525264  0.777329  0.532240 0.0  0.607559  0.624463  0.681741  0.292355  0.787681  0.750060  0.595899  0.697311  0.725217  0.518728  0.696891  0.735235  0.394901  0.630825  0.490302  0.687499  0.664719  0.648955  0.732933  0.463246  0.586056  0.318614  0.573781  0.584931  0.583353  0.541915  0.559143  0.447993  0.565619  0.600393  0.626741  0.781455  0.739972  0.443565  0.577101  0.779185  0.615454  0.322174  0.394661  0.752499  0.642022  0.639184  0.656106  0.649796  0.287530  0.753214  0.923211  0.735740  0.625411  0.672458  0.681566  0.601366  0.539378  0.732665  0.392325  0.373906  0.448980  0.577019  0.393325  0.663221  0.849322  0.718984  0.625499  0.754763 
34  0.693762  0.713094  0.413559  0.697101  0.504781  0.687350  0.798116  0.713023  0.565342  0.584603  0.783074  0.620994  0.736687  0.625569  0.579732  0.797827  0.450907  0.865839  0.689630  0.770161  0.760815  0.496073  0.643995  0.426520  0.849214  0.683584  0.587226  0.537199  0.596683  0.573587  0.606706  0.748506  0.716147  0.607559 0.0  0.527123  0.735898  0.573403  0.739421  0.775896  0.267969  0.619589  0.802630  0.589345  0.517105  0.756949  0.639839  0.457520  0.511541  0.774366  0.698701  0.489942  0.729113  0.669273  0.464960  0.552635  0.584624  0.607027  0.412916  0.618450  0.163784  0.581723  0.415943  0.695538  0.530946  0.805453  0.774142  0.493241  0.713200  0.750556  0.592925  0.595078  0.531874  0.664242  0.782829  0.705078  0.532020  0.535906  0.591472  0.669219  0.881791  0.507425  0.691100  0.486534  0.493421  0.691760  0.531287  0.808732  0.599981  0.538435  0.589579  0.733231  0.652314  0.809882  0.637772  0.695581  0.501455  0.529355 
35  0.789787  0.658597  0.553066  0.738301  0.608577  0.575515  0.881798  0.615013  0.571519  0.836771  0.724619  0.712328  0.689738  0.656316  0.530861  0.781100  0.643898  0.813842  0.722738  0.806369  0.801162  0.680337  0.680604  0.563048  0.857790  0.855759  0.620897  0.413280  0.754200  0.594841  0.700290  0.845972  0.642671  0.624463  0.527123 0.0  0.728886  0.610687  0.852647  0.751340  0.637021  0.679532  0.731740  0.780470  0.427955  0.822013  0.662946  0.444297  0.536265  0.834163  0.822725  0.581274  0.788911  0.799167  0.682265  0.577364  0.697393  0.552477  0.351152  0.702960  0.402996  0.549904  0.543091  0.696264  0.555940  0.713137  0.733251  0.661161  0.783250  0.723991  0.803893  0.531735  0.711141  0.717152  0.781777  0.723909  0.113795  0.547218  0.602825  0.824297  0.941585  0.567148  0.712149  0.469822  0.433715  0.742224  0.638437  0.890113  0.675203  0.651529  0.672713  0.878889  0.592091  0.784477  0.727437  0.703876  0.507812  0.568613 
36  0.718670  0.680975  0.812912  0.731933  0.804408  0.825109  0.530769  0.859698  0.798892  0.596063  0.570776  0.678383  0.676166  0.751862  0.842318  0.762188  0.812508  0.703872  0.694171  0.684265  0.526595  0.805380  0.869717  0.746393  0.582907  0.681738  0.750216  0.803216  0.769996  0.798884  0.761440  0.552274  0.792042  0.681741  0.735898  0.728886 0.0  0.790358  0.551686  0.671415  0.852777  0.819012  0.610819  0.784825  0.831988  0.520359  0.840130  0.769878  0.749540  0.603544  0.626568  0.806027  0.743443  0.677062  0.857873  0.781039  0.764569  0.786587  0.785184  0.625258  0.744312  0.719947  0.797138  0.813191  0.887436  0.410775  0.704159  0.727941  0.652205  0.706826  0.710194  0.809955  0.826000  0.771250  0.730623  0.573341  0.711537  0.843689  0.674813  0.650462  0.673578  0.814010  0.754890  0.781336  0.837315  0.754035  0.844204  0.560377  0.621183  0.890930  0.642262  0.518587  0.818313  0.665764  0.809125  0.583989  0.846041  0.840202 
37  0.671146  0.503878  0.495007  0.634890  0.410591  0.753810  0.721638  0.634082  0.332060  0.713056  0.679435  0.573246  0.668021  0.337453  0.686482  0.669256  0.776339  0.717617  0.595789  0.652824  0.674080  0.711463  0.728825  0.540123  0.772765  0.540454  0.479063  0.622918  0.460791  0.725868  0.368757  0.634453  0.514522  0.292355  0.573403  0.610687  0.790358 0.0  0.686185  0.695225  0.576237  0.517272  0.752187  0.558018  0.774309  0.661443  0.528711  0.610489  0.617289  0.632573  0.747964  0.851284  0.634481  0.561731  0.592690  0.370652  0.455038  0.662293  0.702434  0.632072  0.716992  0.382404  0.597114  0.545432  0.670832  0.685619  0.729458  0.381082  0.609623  0.744124  0.597973  0.479525  0.354275  0.636791  0.631209  0.607265  0.649475  0.626322  0.309709  0.747331  0.798204  0.525344  0.545562  0.704725  0.616812  0.633132  0.492588  0.798368  0.427925  0.405884  0.447400  0.787761  0.427668  0.696166  0.814385  0.615674  0.683722  0.701471 
38  0.675515  0.683146  0.843933  0.750607  0.723108  0.748101  0.523832  0.805623  0.757192  0.658265  0.644307  0.614566  0.598286  0.644032  0.827143  0.577594  0.835532  0.610586  0.640153  0.501323  0.559866  0.678045  0.822892  0.815998  0.510086  0.659267  0.730080  0.730889  0.624455  0.777991  0.728179  0.541316  0.774210  0.787681  0.739421  0.852647  0.551686  0.686185 0.0  0.763535  0.799821  0.777958  0.598943  0.756211  0.859236  0.677543  0.673266  0.803726  0.739210  0.682710  0.572220  0.915834  0.540937  0.784303  0.771139  0.726004  0.703844  0.829060  0.708892  0.765280  0.717080  0.690052  0.866220  0.636933  0.782384  0.647158  0.720785  0.813136  0.634751  0.640314  0.652336  0.720949  0.734396  0.810018  0.708612  0.342438  0.850730  0.910229  0.757811  0.463988  0.766004  0.781031  0.682756  0.802647  0.738056  0.458699  0.649957  0.698261  0.777674  0.788663  0.646029  0.488486  0.669234  0.486042  0.828318  0.306463  0.715376  0.855911 
39  0.664796  0.851660  0.825515  0.689289  0.747051  0.912198  0.647704  0.744236  0.755574  0.704894  0.606047  0.716922  0.774863  0.798813  0.704769  0.779171  0.780793  0.442084  0.683774  0.731785  0.748675  0.811568  0.813288  0.715409  0.773204  0.774769  0.787020  0.791530  0.706127  0.819426  0.747964  0.746182  0.848722  0.750060  0.775896  0.751340  0.671415  0.695225  0.763535 0.0  0.802415  0.750705  0.680267  0.780052  0.803688  0.883905  0.902801  0.846617  0.817537  0.610604  0.715842  0.873299  0.688834  0.763163  0.772487  0.777437  0.758780  0.691589  0.786290  0.793974  0.763105  0.702003  0.815778  0.729663  0.852722  0.653524  0.536803  0.830736  0.715855  0.771263  0.710314  0.872860  0.728541  0.943104  0.669909  0.779669  0.891517  0.823916  0.713648  0.739866  0.677357  0.854785  0.823127  0.746213  0.822280  0.794357  0.897543  0.631819  0.825890  0.852862  0.832451  0.693149  0.765339  0.787780  0.777931  0.649789  0.813430  0.855407 
