98
0 0.0  0.604634  0.895354  0.463840  0.844479  0.735932  0.666248  0.737409  0.737133  0.697334  0.696483  0.698545  0.740008  0.735476  0.712055  0.855900  0.805152  0.631654  0.821924  0.879819  0.785474  0.777755  0.810365  0.681709  0.644107  0.800718  0.637181  0.677065  0.751581  0.808014  0.681725  0.763904  0.704676  0.744630  0.792068  0.721381  0.692824  0.654592  0.721448  0.634570  0.712542  0.732712  0.752497  0.624815  0.926078  0.607950  0.847128  0.715431  0.789515  0.626429  0.711309  0.887709  0.715769  0.695064  0.644247  0.817115  0.718121  0.745890  0.069252  0.737087  0.713013  0.644765  0.552737  0.697793  0.751295  0.788678  0.698207  0.549949  0.779622  0.884102  0.776799  0.832592  0.623466  0.803043  0.661184  0.815893  0.673666  0.718366  0.788736  0.555528  0.523910  0.583908  0.761670  0.756604  0.719182  0.703967  0.766625  0.597949  0.653285  0.752415  0.780458  0.700304  0.853012  0.704292  0.627815  0.726178  0.561635  0.722574 
1  0.604634 0.0  0.879340  0.447061  0.593381  0.743691  0.610595  0.603205  0.657291  0.541470  0.607704  0.663281  0.619182  0.537418  0.630329  0.706587  0.690201  0.623727  0.712419  0.812457  0.666334  0.677537  0.730133  0.617410  0.569090  0.845063  0.618415  0.465549  0.636903  0.701977  0.516584  0.730813  0.567190  0.754919  0.709173  0.676623  0.540094  0.638257  0.874552  0.420434  0.337280  0.610363  0.777399  0.646559  0.831822  0.669992  0.678464  0.769101  0.980538  0.596750  0.746466  0.758710  0.683871  0.298991  0.605989  0.849445  0.670433  0.792741  0.705663  0.616550  0.837565  0.608865  0.702540  0.805561  0.660563  0.682533  0.608960  0.546903  0.554131  0.639063  0.743575  0.639576  0.780851  0.643067  0.710827  0.758586  0.666851  0.761701  0.695607  0.422875  0.530021  0.635117  0.793847  0.701139  0.710410  0.739999  0.687422  0.619034  0.681245  0.687332  0.730764  0.655416  0.805447  0.754716  0.562213  0.450048  0.568530  0.624606 
2  0.895354  0.879340 0.0  0.758472  0.669342  0.677629  0.570292  0.763632  0.665130  0.755565  0.698586  0.854127  0.674127  0.791453  0.663628  0.824948  0.756401  0.670659  0.704845  0.672431  0.618478  0.769838  0.597131  0.845515  0.771410  0.804895  0.735278  0.674339  0.699763  0.611200  0.751285  0.828346  0.712580  0.913089  0.622948  0.718865  0.785843  0.654305  0.455206  0.727172  0.801034  0.702569  0.839605  0.818629  0.516425  0.820163  0.775979  0.837665  0.833565  0.771791  0.706620  0.600149  0.877596  0.860276  0.875505  0.830209  0.736183  0.715297  0.767228  0.921730  0.699556  0.742906  0.831965  0.688741  0.715310  0.161565  0.809118  0.738219  0.757986  0.784305  0.674182  0.728022  0.799411  0.730645  0.822329  0.592356  0.684985  0.698028  0.804879  0.800849  0.710011  0.869116  0.604764  0.805551  0.561985  0.572695  0.790113  0.796293  0.876798  0.722368  0.814309  0.964112  0.583063  0.756516  0.756929  0.765215  0.726701  0.857130 
3  0.463840  0.447061  0.758472 0.0  0.712354  0.682173  0.567568  0.778436  0.718050  0.601057  0.594410  0.734495  0.714931  0.721856  0.683786  0.771074  0.740238  0.645725  0.588252  0.819646  0.865156  0.691018  0.788525  0.660895  0.488452  0.821284  0.642386  0.638951  0.735249  0.790940  0.366212  0.689783  0.654671  0.680475  0.722722  0.527726  0.621991  0.728978  0.797222  0.457388  0.490393  0.598706  0.665858  0.668313  0.711198  0.497157  0.607465  0.586532  0.908232  0.614766  0.551846  0.741468  0.803474  0.019027  0.542600  0.810734  0.618101  0.739464  0.572407  0.643710  0.726712  0.571462  0.521200  0.817967  0.550159  0.812749  0.770006  0.495495  0.492560  0.613995  0.711731  0.878680  0.700783  0.666513  0.645950  0.751849  0.630864  0.786114  0.579810  0.565456  0.552475  0.633511  0.756169  0.731347  0.687508  0.853689  0.777983  0.551887  0.721633  0.674971  0.679209  0.644670  0.866887  0.738980  0.651223  0.597111  0.646981  0.623942 
4  0.844479  0.593381  0.669342  0.712354 0.0  0.535869  0.654779  0.648829  0.538560  0.666966  0.739692  0.854538  0.453470  0.687513  0.644090  0.767803  0.667730  0.673767  0.502028  0.500811  0.458359  0.654964  0.518691  0.834885  0.733433  1.000000  0.734552  0.736960  0.589135  0.641787  0.750505  0.595724  0.687409  0.818017  0.385499  0.687735  0.655940  0.464885  0.645531  0.759586  0.600466  0.702904  0.866211  0.888827  0.564162  0.674844  0.628328  0.772200  0.837139  0.704414  0.636840  0.597088  0.810478  0.835513  0.734418  0.736966  0.681887  0.491840  0.740922  0.696696  0.544808  0.598226  0.749988  0.475706  0.708327  0.671010  0.758650  0.726726  0.720337  0.790674  0.680539  0.624478  0.863551  0.750882  0.868670  0.564244  0.664487  0.510990  0.806711  0.664877  0.732479  0.785859  0.463826  0.463878  0.490747  0.555725  0.787886  0.677981  0.887118  0.663521  0.799414  0.782326  0.398971  0.710421  0.769860  0.685469  0.693817  0.793994 
5  0.735932  0.743691  0.677629  0.682173  0.535869 0.0  0.673903  0.602193  0.672026  0.697332  0.743093  0.799485  0.537871  0.604431  0.587495  0.778299  0.771810  0.557928  0.506608  0.699744  0.415173  0.659535  0.654455  0.751924  0.739612  0.884929  0.674889  0.595686  0.573395  0.528133  0.785794  0.512660  0.712431  0.849675  0.574984  0.607982  0.589084  0.665340  0.593423  0.843278  0.735348  0.722201  0.736568  0.682125  0.602990  0.776007  0.737294  0.840390  0.936605  0.740293  0.638370  0.720574  0.838412  0.706635  0.802624  0.933362  0.642287  0.607164  0.841511  0.794345  0.438095  0.723316  0.847873  0.432748  0.746265  0.706209  0.722933  0.772927  0.698192  0.754152  0.304828  0.548607  0.702912  0.764235  0.780737  0.640334  0.655932  0.529154  0.720778  0.681546  0.816074  0.687623  0.631936  0.560990  0.610216  0.612439  0.696055  0.794727  0.891967  0.655601  0.830224  0.823782  0.602548  0.646580  0.868562  0.735502  0.736756  0.717757 
6  0.666248  0.610595  0.570292  0.567568  0.654779  0.673903 0.0  0.411761  0.675618  0.547323  0.478551  0.793548  0.580231  0.472684  0.380953  0.864128  0.531865  0.502976  0.593575  0.717374  0.736065  0.367115  0.625897  0.804120  0.602588  0.829329  0.598146  0.299246  0.513842  0.377477  0.565538  0.727573  0.514786  0.782274  0.615559  0.340630  0.429072  0.550906  0.667130  0.688313  0.720965  0.423184  0.653813  0.741788  0.666129  0.689768  0.489795  0.774509  0.753983  0.557004  0.219062  0.642974  0.827786  0.673613  0.719298  0.812940  0.301689  0.665357  0.790387  0.628735  0.566111  0.431491  0.643382  0.584537  0.717215  0.795667  0.826589  0.628414  0.531439  0.683902  0.533727  0.705565  0.799439  0.781834  0.684542  0.737542  0.244778  0.589548  0.656799  0.602776  0.632078  0.766017  0.639709  0.570145  0.724128  0.665307  0.746007  0.780858  0.649876  0.391214  0.738895  0.735810  0.728764  0.599808  0.663330  0.675468  0.443658  0.774991 
7  0.737409  0.603205  0.763632  0.778436  0.648829  0.602193  0.411761 0.0  0.510560  0.661034  0.565835  0.772335  0.681596  0.638888  0.491007  0.778949  0.477977  0.495436  0.459034  0.772727  0.533667  0.493891  0.593050  0.765027  0.628208  0.803351  0.574294  0.565542  0.351938  0.414336  0.654646  0.427724  0.553097  0.758294  0.595846  0.408204  0.472456  0.598114  0.680162  0.655751  0.653073  0.637088  0.777612  0.757690  0.652825  0.779665  0.557717  0.643603  0.745201  0.613814  0.564969  0.663713  0.807366  0.641597  0.759461  0.796966  0.550340  0.545251  0.741885  0.670583  0.499461  0.503903  0.634385  0.547625  0.685475  0.663827  0.743663  0.758927  0.636768  0.808133  0.558034  0.754010  0.869169  0.831090  0.828704  0.673696  0.546087  0.579384  0.680627  0.684810  0.671676  0.757476  0.721376  0.639439  0.678256  0.600584  0.734459  0.672424  0.805438  0.377063  0.865561  0.796221  0.711589  0.589507  0.780785  0.738796  0.614687  0.866243 
8  0.737133  0.657291  0.665130  0.718050  0.538560  0.672026  0.675618  0.510560 0.0  0.646220  0.610290  0.763086  0.492286  0.663365  0.683666  0.880550  0.500856  0.694177  0.465493  0.624202  0.564597  0.531679  0.605990  0.764880  0.700962  0.799956  0.664074  0.640916  0.309610  0.486281  0.697862  0.568563  0.609793  0.837189  0.625050  0.489421  0.470741  0.470559  0.600478  0.692570  0.734437  0.407328  0.730999  0.868178  0.665922  0.694289  0.540504  0.763944  0.779161  0.702353  0.513040  0.562385  0.702627  0.755547  0.741515  0.771528  0.536896  0.573577  0.759402  0.676237  0.540665  0.650801  0.886257  0.511837  0.801585  0.728386  0.729606  0.774539  0.624831  0.828518  0.594319  0.630905  0.870767  0.775928  0.783916  0.693197  0.596237  0.459733  0.679253  0.605225  0.732986  0.756302  0.638583  0.436992  0.773712  0.618499  0.736661  0.763516  0.757014  0.448012  0.838810  0.843568  0.703590  0.688034  0.771291  0.709878  0.585190  0.735207 
9  0.697334  0.541470  0.755565  0.601057  0.666966  0.697332  0.547323  0.661034  0.646220 0.0  0.581308  0.699972  0.693491  0.650962  0.627964  0.674247  0.705217  0.570960  0.739510  0.829782  0.703145  0.645384  0.798442  0.705944  0.182005  0.856587  0.680669  0.700623  0.597870  0.720120  0.633421  0.687819  0.585117  0.700138  0.760285  0.565838  0.600984  0.658065  0.865685  0.650667  0.522619  0.700596  0.716792  0.789107  0.659878  0.643159  0.641600  0.605379  0.711205  0.542147  0.580565  0.746337  0.631800  0.546311  0.666684  0.689313  0.661288  0.837605  0.636749  0.518528  0.680748  0.619223  0.441704  0.625267  0.472122  0.760042  0.709310  0.620651  0.393195  0.781290  0.844770  0.813366  0.722458  0.764339  0.574706  0.730668  0.596232  0.830809  0.498543  0.493485  0.613451  0.640185  0.798554  0.728512  0.742509  0.668720  0.593478  0.691243  0.895170  0.593791  0.637083  0.786390  0.787409  0.610826  0.658811  0.304997  0.639716  0.669145 
10  0.696483  0.607704  0.698586  0.594410  0.739692  0.743093  0.478551  0.565835  0.610290  0.581308 0.0  0.771836  0.590150  0.332777  0.485328  0.757576  0.429244  0.477525  0.628350  0.750671  0.595200  0.485069  0.695943  0.669910  0.613181  0.862445  0.540282  0.441026  0.639195  0.496428  0.674309  0.618340  0.646287  0.756315  0.656488  0.533458  0.525691  0.644651  0.681530  0.742247  0.569131  0.470235  0.706048  0.807969  0.688113  0.740134  0.587008  0.832906  0.714725  0.473382  0.347613  0.803064  0.785277  0.592929  0.694696  0.788536  0.366949  0.630482  0.663676  0.666365  0.692051  0.433369  0.627345  0.744232  0.643390  0.731899  0.682325  0.671425  0.522753  0.818314  0.596386  0.890942  0.829580  0.714132  0.744113  0.654456  0.425099  0.691448  0.714532  0.541602  0.587433  0.767444  0.754338  0.620335  0.759974  0.771115  0.720052  0.660823  0.742935  0.532514  0.712487  0.790036  0.704640  0.561806  0.611743  0.579968  0.226417  0.703347 
11  0.698545  0.663281  0.854127  0.734495  0.854538  0.799485  0.793548  0.772335  0.763086  0.699972  0.771836 0.0  0.827113  0.703607  0.925362  0.643983  0.866795  0.784825  0.732338  0.845374  0.793060  0.632249  0.830060  0.538922  0.656561  0.696850  0.640038  0.638910  0.746793  0.649840  0.559680  0.837870  0.682998  0.727680  0.751169  0.797013  0.808094  0.810082  0.788830  0.721503  0.677406  0.814509  0.630291  0.359897  0.783534  0.665493  0.847197  0.383058  0.710867  0.669221  0.749390  0.849754  0.706167  0.570534  0.519130  0.659068  0.838254  0.863202  0.583101  0.795683  0.822724  0.602813  0.694488  0.826082  0.716360  0.863651  0.402514  0.548691  0.668522  0.758079  0.780333  0.734866  0.751513  0.654449  0.482554  0.876162  0.755443  0.765590  0.691994  0.678365  0.708300  0.609158  0.807054  0.751485  0.832305  0.828847  0.554055  0.597457  0.393723  0.738333  0.603176  0.556458  0.755708  0.775096  0.617993  0.653358  0.761178  0.608875 
12  0.740008  0.619182  0.674127  0.714931  0.453470  0.537871  0.580231  0.681596  0.492286  0.693491  0.590150  0.827113 0.0  0.573286  0.579954  0.676526  0.506319  0.658519  0.370633  0.528111  0.594504  0.588202  0.521673  0.764147  0.614295  0.840190  0.644435  0.591911  0.490833  0.524749  0.753052  0.449573  0.748579  0.734509  0.439889  0.507367  0.565967  0.342523  0.687964  0.832422  0.675581  0.700922  0.730739  0.749053  0.685714  0.691715  0.499917  0.811300  0.836842  0.694377  0.693400  0.664175  0.780247  0.618747  0.837733  0.812519  0.664076  0.481976  0.702813  0.627036  0.474320  0.675529  0.833417  0.384107  0.783433  0.666998  0.669377  0.702142  0.715282  0.832329  0.601878  0.545051  0.772000  0.869933  0.782123  0.548628  0.545626  0.517133  0.714885  0.660101  0.802641  0.667986  0.521148  0.187318  0.651753  0.640608  0.803065  0.836011  0.736668  0.628683  0.769671  0.751204  0.538021  0.649583  0.713230  0.684208  0.686413  0.791570 
13  0.735476  0.537418  0.791453  0.721856  0.687513  0.604431  0.472684  0.638888  0.663365  0.650962  0.332777  0.703607  0.573286 0.0  0.477079  0.903917  0.486997  0.553133  0.644274  0.664379  0.718021  0.505477  0.754249  0.708816  0.615423  0.694089  0.540464  0.555815  0.554339  0.552262  0.716925  0.744222  0.577200  0.781445  0.648256  0.464465  0.624199  0.600237  0.738207  0.641274  0.711539  0.419806  0.671800  0.674241  0.676394  0.642338  0.505696  0.685729  0.880887  0.483818  0.469429  0.709380  0.731507  0.686605  0.678417  0.893589  0.489995  0.664127  0.725399  0.559740  0.700292  0.275699  0.702359  0.668771  0.700895  0.758083  0.758100  0.780215  0.512628  0.799256  0.701869  0.773876  0.679486  0.636580  0.751982  0.736611  0.429206  0.727859  0.670927  0.582938  0.655120  0.620397  0.723062  0.755559  0.605294  0.761216  0.733234  0.704171  0.732925  0.600519  0.727576  0.668959  0.776111  0.619653  0.715159  0.672101  0.349646  0.735750 
14  0.712055  0.630329  0.663628  0.683786  0.644090  0.587495  0.380953  0.491007  0.683666  0.627964  0.485328  0.925362  0.579954  0.477079 0.0  0.915170  0.467289  0.457977  0.649515  0.690743  0.562311  0.479009  0.618748  0.725046  0.676891  0.777886  0.599559  0.358670  0.560722  0.373768  0.688517  0.529715  0.550858  0.795422  0.562064  0.451103  0.370337  0.627379  0.723514  0.707028  0.644770  0.424460  0.801609  0.752118  0.754139  0.797923  0.498472  0.795642  0.808518  0.596974  0.463255  0.674537  0.773341  0.612776  0.817804  0.778022  0.314212  0.591249  0.668782  0.514259  0.723703  0.344968  0.728257  0.641904  0.675595  0.790459  0.728179  0.689490  0.660715  0.790998  0.700215  0.733071  0.825933  0.718928  0.779464  0.627663  0.413944  0.588490  0.654933  0.682321  0.654516  0.675408  0.618164  0.589441  0.697557  0.694917  0.762011  0.788291  0.730449  0.434568  0.789273  0.777366  0.701763  0.602762  0.683360  0.660664  0.228645  0.717518 
15  0.855900  0.706587  0.824948  0.771074  0.767803  0.778299  0.864128  0.778949  0.880550  0.674247  0.757576  0.643983  0.676526  0.903917  0.915170 0.0  0.691482  0.814515  0.779913  0.909518  0.844848  0.777048  0.766679  0.558891  0.653859  0.835431  0.820208  0.805935  0.804841  0.761264  0.731067  0.848258  0.823676  0.791518  0.861113  0.787929  0.690816  0.827692  0.809844  0.734455  0.762015  0.838620  0.632965  0.574153  0.714981  0.693426  0.861254  0.648938  0.751781  0.656625  0.777055  0.938601  0.748275  0.680547  0.628749  0.460617  0.776793  0.861139  0.815337  0.784212  0.728943  0.738798  0.669382  0.776285  0.771675  0.853186  0.656829  0.656519  0.804066  0.752646  0.867210  0.745904  0.699716  0.643462  0.688473  0.848405  0.797377  0.976068  0.771017  0.668567  0.653915  0.766323  0.791785  0.853723  0.832960  0.902442  0.619168  0.680871  0.663418  0.791915  0.647360  0.652042  0.836198  0.802588  0.760372  0.840088  0.868098  0.628151 
16  0.805152  0.690201  0.756401  0.740238  0.667730  0.771810  0.531865  0.477977  0.500856  0.705217  0.429244  0.866795  0.506319  0.486997  0.467289  0.691482 0.0  0.525923  0.577523  0.683481  0.589731  0.547288  0.625211  0.890200  0.642180  0.875178  0.466195  0.501592  0.426697  0.316044  0.778376  0.509158  0.673630  0.615538  0.618001  0.294717  0.420859  0.478991  0.746940  0.653426  0.680060  0.655267  0.872128  0.828416  0.606651  0.704156  0.263499  0.760263  0.765346  0.520520  0.386483  0.720053  0.823526  0.743808  0.774842  0.847179  0.517736  0.504443  0.806110  0.597001  0.764578  0.634050  0.617540  0.556890  0.655356  0.762246  0.779676  0.699271  0.554895  0.917769  0.631361  0.699021  0.768810  0.720442  0.849429  0.657343  0.567545  0.580622  0.632506  0.633883  0.717211  0.736499  0.550583  0.564942  0.559198  0.613975  0.759816  0.735556  0.882117  0.478607  0.827635  0.773649  0.564636  0.641842  0.756828  0.616131  0.470155  0.664043 
17  0.631654  0.623727  0.670659  0.645725  0.673767  0.557928  0.502976  0.495436  0.694177  0.570960  0.477525  0.784825  0.658519  0.553133  0.457977  0.814515  0.525923 0.0  0.678146  0.703037  0.775516  0.408883  0.733542  0.835448  0.694610  0.757909  0.530800  0.454122  0.549589  0.555999  0.665610  0.599494  0.470270  0.809165  0.659839  0.539243  0.433577  0.672568  0.719431  0.700196  0.632621  0.384837  0.825383  0.830698  0.803149  0.716587  0.617785  0.801890  0.764025  0.408671  0.474385  0.654115  0.594483  0.565178  0.727758  0.784793  0.548653  0.622445  0.653287  0.640419  0.678101  0.548025  0.715060  0.728007  0.632080  0.783739  0.778973  0.657397  0.674622  0.809993  0.813892  0.681257  0.754076  0.677252  0.828569  0.673120  0.536833  0.677134  0.710746  0.598733  0.726698  0.756348  0.669484  0.532946  0.677745  0.668658  0.753799  0.752996  0.712541  0.398877  0.871596  0.737098  0.669216  0.373532  0.746290  0.583764  0.483822  0.793588 
18  0.821924  0.712419  0.704845  0.588252  0.502028  0.506608  0.593575  0.459034  0.465493  0.739510  0.628350  0.732338  0.370633  0.644274  0.649515  0.779913  0.577523  0.678146 0.0  0.610995  0.337391  0.677029  0.515278  0.824137  0.718141  0.864970  0.642860  0.664250  0.533191  0.715573  0.767830  0.433253  0.680066  0.742666  0.549704  0.585084  0.692191  0.529768  0.740694  0.756563  0.647307  0.586358  0.869241  0.714338  0.582615  0.787173  0.578595  0.793874  0.845042  0.722774  0.639402  0.505896  0.616782  0.725131  0.781608  0.760792  0.774926  0.405777  0.666605  0.598892  0.367845  0.693885  0.748871  0.400545  0.678742  0.559008  0.857573  0.725013  0.596001  0.802997  0.496489  0.608229  0.780801  0.801257  0.748107  0.760235  0.683089  0.278079  0.717832  0.731203  0.672995  0.838978  0.474686  0.510900  0.596814  0.659498  0.765739  0.775354  0.793575  0.579188  0.837356  0.872883  0.546418  0.717476  0.787080  0.764715  0.639845  0.697398 
19  0.879819  0.812457  0.672431  0.819646  0.500811  0.699744  0.717374  0.772727  0.624202  0.829782  0.750671  0.845374  0.528111  0.664379  0.690743  0.909518  0.683481  0.703037  0.610995 0.0  0.536816  0.634042  0.476371  0.820837  0.778066  0.797932  0.735347  0.677508  0.575488  0.689612  0.760325  0.531317  0.770431  0.761598  0.414581  0.767535  0.602647  0.562200  0.550232  0.818862  0.690608  0.650447  0.809055  0.713418  0.459459  0.824933  0.661980  0.873785  0.777737  0.717947  0.679662  0.308232  0.725435  0.804611  0.728722  0.782350  0.647030  0.582602  0.811305  0.737425  0.539134  0.788078  0.708439  0.641935  0.718287  0.541439  0.673587  0.816493  0.719550  0.913287  0.568399  0.592042  0.959315  0.725663  0.801134  0.574089  0.661635  0.597284  0.729645  0.721052  0.766436  0.794544  0.619255  0.688692  0.342262  0.334753  0.800713  0.765852  0.839833  0.686025  0.870118  0.846099  0.521320  0.646191  0.790112  0.661425  0.670398  0.841704 
20  0.785474  0.666334  0.618478  0.865156  0.458359  0.415173  0.736065  0.533667  0.564597  0.703145  0.595200  0.793060  0.594504  0.718021  0.562311  0.844848  0.589731  0.775516  0.337391  0.536816 0.0  0.719518  0.665755  0.845359  0.645090  0.845538  0.812705  0.620576  0.505352  0.563452  0.743520  0.456508  0.709844  0.872862  0.683592  0.518354  0.651307  0.478372  0.508977  0.740957  0.674891  0.694077  0.761000  0.904704  0.611330  0.697012  0.643231  0.770682  0.871573  0.618915  0.634673  0.550395  0.822721  0.690887  0.764657  0.847867  0.653761  0.558875  0.832752  0.726916  0.369900  0.593070  0.833840  0.384904  0.711038  0.629285  0.822571  0.673027  0.737859  0.895358  0.498782  0.549105  0.918470  0.776247  0.814465  0.674173  0.633439  0.225754  0.793330  0.728000  0.793973  0.747311  0.565172  0.498681  0.505578  0.645178  0.794342  0.601508  0.898401  0.627166  0.816223  0.806131  0.511725  0.626917  0.739644  0.659791  0.745846  0.766755 
21  0.777755  0.677537  0.769838  0.691018  0.654964  0.659535  0.367115  0.493891  0.531679  0.645384  0.485069  0.632249  0.588202  0.505477  0.479009  0.777048  0.547288  0.408883  0.677029  0.634042  0.719518 0.0  0.771997  0.740113  0.651076  0.884360  0.652449  0.508388  0.549652  0.538349  0.719964  0.520215  0.587616  0.748504  0.685802  0.577487  0.348208  0.639912  0.761704  0.767057  0.729268  0.330864  0.814556  0.741662  0.687732  0.793719  0.437893  0.705094  0.842074  0.561539  0.341148  0.659062  0.714192  0.603008  0.695325  0.830206  0.378526  0.599009  0.745327  0.641387  0.575581  0.434454  0.711233  0.585216  0.671274  0.761373  0.849605  0.722002  0.639734  0.825055  0.626836  0.729787  0.878609  0.689486  0.700478  0.793291  0.389071  0.703909  0.570556  0.571803  0.682724  0.634367  0.665609  0.707936  0.668375  0.848062  0.681566  0.751835  0.793804  0.426961  0.675288  0.823865  0.680743  0.515443  0.744544  0.703651  0.478430  0.658771 
22  0.810365  0.730133  0.597131  0.788525  0.518691  0.654455  0.625897  0.593050  0.605990  0.798442  0.695943  0.830060  0.521673  0.754249  0.618748  0.766679  0.625211  0.733542  0.515278  0.476371  0.665755  0.771997 0.0  0.839368  0.694917  0.736508  0.750294  0.752551  0.543524  0.702610  0.721764  0.619686  0.775486  0.807121  0.608333  0.739154  0.609900  0.626965  0.574835  0.689923  0.668807  0.673232  0.865165  0.759062  0.544876  0.717512  0.631688  0.820633  0.730223  0.807460  0.685675  0.479433  0.774314  0.770772  0.773737  0.827687  0.686401  0.554323  0.804015  0.648453  0.596461  0.659262  0.837759  0.570995  0.808764  0.584720  0.833746  0.753745  0.671686  0.825476  0.604411  0.605272  0.772024  0.813164  0.735173  0.533381  0.687203  0.620135  0.711236  0.773902  0.801076  0.769717  0.434391  0.642475  0.391074  0.418317  0.834614  0.742425  0.770570  0.752580  0.767118  0.818868  0.488176  0.714539  0.824310  0.820158  0.741877  0.826813 
23  0.681709  0.617410  0.845515  0.660895  0.834885  0.751924  0.804120  0.765027  0.764880  0.705944  0.669910  0.538922  0.764147  0.708816  0.725046  0.558891  0.890200  0.835448  0.824137  0.820837  0.845359  0.740113  0.839368 0.0  0.733766  0.685746  0.753516  0.834661  0.807646  0.855284  0.678252  0.703860  0.680357  0.735971  0.841377  0.771129  0.702490  0.791046  0.968226  0.709207  0.729725  0.709079  0.504446  0.572310  0.902512  0.675399  0.762427  0.499725  0.739197  0.717753  0.799470  0.813832  0.747758  0.698206  0.583782  0.598425  0.792032  0.733013  0.662144  0.726697  0.773619  0.712237  0.815277  0.841461  0.641232  0.802667  0.486466  0.617606  0.804164  0.777374  0.834803  0.844192  0.770670  0.529512  0.471058  0.889374  0.756346  0.714675  0.793280  0.748814  0.674182  0.691331  0.790440  0.745062  0.844643  0.840022  0.564134  0.557841  0.534729  0.734442  0.572262  0.485194  0.786671  0.706442  0.717663  0.700215  0.787042  0.469463 
24  0.644107  0.569090  0.771410  0.488452  0.733433  0.739612  0.602588  0.628208  0.700962  0.182005  0.613181  0.656561  0.614295  0.615423  0.676891  0.653859  0.642180  0.694610  0.718141  0.778066  0.645090  0.651076  0.694917  0.733766 0.0  0.753562  0.664618  0.679833  0.670218  0.682157  0.423269  0.678214  0.677246  0.654740  0.726183  0.634436  0.651716  0.652212  0.871954  0.648092  0.548346  0.582806  0.711330  0.702903  0.773767  0.694874  0.605611  0.668159  0.815246  0.628970  0.638682  0.674752  0.667317  0.562512  0.652068  0.786048  0.646838  0.611667  0.688573  0.390729  0.769273  0.693371  0.571537  0.693014  0.489711  0.798498  0.674146  0.575558  0.366508  0.739484  0.790673  0.825746  0.788592  0.698605  0.697871  0.847039  0.653602  0.707401  0.586164  0.559698  0.646434  0.589706  0.783528  0.786521  0.723943  0.704267  0.630205  0.543771  0.701360  0.717593  0.704648  0.746748  0.655773  0.666525  0.572479  0.183257  0.596576  0.696469 
25  0.800718  0.845063  0.804895  0.821284  1.000000  0.884929  0.829329  0.803351  0.799956  0.856587  0.862445  0.696850  0.840190  0.694089  0.777886  0.835431  0.875178  0.757909  0.864970  0.797932  0.845538  0.884360  0.736508  0.685746  0.753562 0.0  0.842006  0.806430  0.800775  0.795194  0.788603  0.823190  0.757842  0.624226  0.850976  0.751135  0.778387  0.798046  0.819154  0.793820  0.750447  0.791305  0.775697  0.768532  0.874317  0.772263  0.772888  0.810799  0.479046  0.826234  0.849932  0.818434  0.695697  0.852506  0.776616  0.669517  0.858993  0.747428  0.703003  0.698745  0.763394  0.839146  0.790536  0.908606  0.752553  0.820083  0.747929  0.844913  0.790837  0.461761  0.736690  0.893001  0.600587  0.671007  0.826121  0.817298  0.717155  0.815289  0.823223  0.789925  0.896993  0.854606  0.946958  0.890515  0.792332  0.747928  0.645094  0.720306  0.707660  0.739298  0.742622  0.735033  0.794233  0.907354  0.717483  0.757147  0.725661  0.683836 
26  0.637181  0.618415  0.735278  0.642386  0.734552  0.674889  0.598146  0.574294  0.664074  0.680669  0.540282  0.640038  0.644435  0.540464  0.599559  0.820208  0.466195  0.530800  0.642860  0.735347  0.812705  0.652449  0.750294  0.753516  0.664618  0.842006 0.0  0.540911  0.530417  0.484176  0.751992  0.675812  0.451170  0.718623  0.709647  0.591312  0.528024  0.617449  0.813892  0.675011  0.653963  0.439732  0.711275  0.693755  0.814870  0.641408  0.717087  0.705718  0.778275  0.464938  0.584278  0.689101  0.746204  0.575699  0.766809  0.774397  0.592560  0.643702  0.561842  0.552568  0.580229  0.577425  0.699946  0.651477  0.607212  0.793944  0.755127  0.643127  0.655478  0.782471  0.720591  0.813181  0.775486  0.815048  0.684064  0.809577  0.535418  0.610198  0.674674  0.632448  0.715609  0.706853  0.716486  0.709403  0.751056  0.655049  0.693105  0.761743  0.698616  0.581548  0.719211  0.678842  0.710107  0.214574  0.682759  0.703387  0.543420  0.713168 
27  0.677065  0.465549  0.674339  0.638951  0.736960  0.595686  0.299246  0.565542  0.640916  0.700623  0.441026  0.638910  0.591911  0.555815  0.358670  0.805935  0.501592  0.454122  0.664250  0.677508  0.620576  0.508388  0.752551  0.834661  0.679833  0.806430  0.540911 0.0  0.505351  0.474357  0.711457  0.552131  0.622694  0.794445  0.679956  0.473305  0.457962  0.594769  0.742650  0.686142  0.588545  0.594496  0.815221  0.716441  0.760460  0.713227  0.430606  0.779641  0.792272  0.494464  0.317363  0.685734  0.662424  0.677469  0.713741  0.896741  0.230118  0.585448  0.756973  0.546459  0.600731  0.456350  0.729031  0.561257  0.687448  0.778928  0.755052  0.713384  0.549027  0.816211  0.730223  0.819442  0.733907  0.798656  0.737463  0.709471  0.214762  0.631839  0.697833  0.599461  0.808242  0.697602  0.610564  0.585279  0.656923  0.686283  0.749531  0.612342  0.737520  0.423502  0.885100  0.727102  0.678383  0.619352  0.641792  0.693972  0.398760  0.726347 
28  0.751581  0.636903  0.699763  0.735249  0.589135  0.573395  0.513842  0.351938  0.309610  0.597870  0.639195  0.746793  0.490833  0.554339  0.560722  0.804841  0.426697  0.549589  0.533191  0.575488  0.505352  0.549652  0.543524  0.807646  0.670218  0.800775  0.530417  0.505351 0.0  0.655735  0.704654  0.455161  0.720346  0.733584  0.547843  0.595058  0.514886  0.490357  0.641489  0.694861  0.609558  0.647197  0.840435  0.804828  0.635151  0.719512  0.538264  0.781275  0.826220  0.464328  0.513860  0.690954  0.839152  0.721808  0.773995  0.718363  0.471330  0.466765  0.693332  0.739035  0.536792  0.685419  0.756494  0.555455  0.706615  0.700376  0.758434  0.619277  0.674136  0.849843  0.582056  0.652592  0.826885  0.742085  0.731143  0.733881  0.577966  0.464658  0.631734  0.678536  0.787051  0.758159  0.592451  0.486256  0.583974  0.694107  0.660292  0.724161  0.773200  0.443668  0.796369  0.742194  0.555145  0.583584  0.746141  0.660619  0.547051  0.747062 
29  0.808014  0.701977  0.611200  0.790940  0.641787  0.528133  0.377477  0.414336  0.486281  0.720120  0.496428  0.649840  0.524749  0.552262  0.373768  0.761264  0.316044  0.555999  0.715573  0.689612  0.563452  0.538349  0.702610  0.855284  0.682157  0.795194  0.484176  0.474357  0.655735 0.0  0.663723  0.557909  0.618983  0.690409  0.703418  0.289953  0.434131  0.507077  0.741802  0.683613  0.666232  0.536338  0.793445  0.761525  0.695276  0.735794  0.346475  0.748995  0.819004  0.533852  0.565334  0.673813  0.715238  0.710316  0.753686  0.721171  0.443634  0.629829  0.718501  0.631404  0.706746  0.594070  0.714452  0.467081  0.694618  0.711138  0.730879  0.631444  0.703083  0.826422  0.759049  0.686096  0.732566  0.825951  0.703625  0.662486  0.459060  0.588255  0.696604  0.571584  0.658933  0.685482  0.715653  0.571637  0.726121  0.655247  0.807508  0.698057  0.796431  0.326614  0.850907  0.748405  0.736737  0.606387  0.773359  0.569002  0.388788  0.774764 
30  0.681725  0.516584  0.751285  0.366212  0.750505  0.785794  0.565538  0.654646  0.697862  0.633421  0.674309  0.559680  0.753052  0.716925  0.688517  0.731067  0.778376  0.665610  0.767830  0.760325  0.743520  0.719964  0.721764  0.678252  0.423269  0.788603  0.751992  0.711457  0.704654  0.663723 0.0  0.667420  0.639799  0.628043  0.714112  0.714468  0.698110  0.697095  0.797632  0.305493  0.497197  0.587150  0.677079  0.632208  0.802506  0.594539  0.617033  0.658002  0.768139  0.617721  0.641875  0.767421  0.648721  0.425459  0.489034  0.734501  0.699789  0.773480  0.609266  0.639637  0.690026  0.555982  0.546099  0.728428  0.555974  0.818897  0.655764  0.606483  0.624508  0.770371  0.763439  0.838002  0.816569  0.613453  0.603503  0.751014  0.681537  0.876196  0.658137  0.584353  0.415724  0.576122  0.828844  0.695112  0.736972  0.781253  0.694511  0.608769  0.681251  0.775797  0.799753  0.711021  0.793608  0.620486  0.583656  0.556591  0.555263  0.658649 
31  0.763904  0.730813  0.828346  0.689783  0.595724  0.512660  0.727573  0.427724  0.568563  0.687819  0.618340  0.837870  0.449573  0.744222  0.529715  0.848258  0.509158  0.599494  0.433253  0.531317  0.456508  0.520215  0.619686  0.703860  0.678214  0.823190  0.675812  0.552131  0.455161  0.557909  0.667420 0.0  0.636605  0.685804  0.488894  0.622125  0.577365  0.414671  0.712240  0.793555  0.754600  0.626618  0.793268  0.701736  0.548232  0.757876  0.649749  0.823723  0.842301  0.675699  0.692285  0.659548  0.870420  0.665367  0.800329  0.672045  0.719417  0.432639  0.682404  0.634358  0.540105  0.746505  0.713428  0.427318  0.644093  0.673130  0.857220  0.737854  0.762956  0.773855  0.549681  0.585121  0.911753  0.786639  0.765099  0.691913  0.544104  0.466270  0.632264  0.745552  0.791626  0.717764  0.636831  0.444197  0.596605  0.652175  0.763923  0.675760  0.728623  0.568705  0.760017  0.854552  0.610738  0.694276  0.702127  0.769778  0.516968  0.739204 
32  0.704676  0.567190  0.712580  0.654671  0.687409  0.712431  0.514786  0.553097  0.609793  0.585117  0.646287  0.682998  0.748579  0.577200  0.550858  0.823676  0.673630  0.470270  0.680066  0.770431  0.709844  0.587616  0.775486  0.680357  0.677246  0.757842  0.451170  0.622694  0.720346  0.618983  0.639799  0.636605 0.0  0.704886  0.587982  0.578175  0.630513  0.688137  0.699482  0.664018  0.555220  0.480857  0.764069  0.704847  0.703580  0.691071  0.609084  0.703750  0.711820  0.455725  0.643306  0.787659  0.700031  0.548114  0.620175  0.817772  0.549584  0.720707  0.634974  0.714694  0.735642  0.539404  0.746810  0.729821  0.695534  0.740717  0.654924  0.630404  0.569853  0.841214  0.718244  0.649899  0.856741  0.687280  0.728816  0.694911  0.607096  0.665364  0.580227  0.499808  0.676457  0.692041  0.709347  0.620920  0.738304  0.821155  0.754925  0.575062  0.768385  0.555285  0.774839  0.796281  0.687157  0.481992  0.584460  0.543875  0.608185  0.694766 
33  0.744630  0.754919  0.913089  0.680475  0.818017  0.849675  0.782274  0.758294  0.837189  0.700138  0.756315  0.727680  0.734509  0.781445  0.795422  0.791518  0.615538  0.809165  0.742666  0.761598  0.872862  0.748504  0.807121  0.735971  0.654740  0.624226  0.718623  0.794445  0.733584  0.690409  0.628043  0.685804  0.704886 0.0  0.807128  0.662674  0.617224  0.724284  0.750684  0.711456  0.717315  0.738369  0.714146  0.753655  0.750915  0.732169  0.751366  0.732545  0.663713  0.666610  0.699002  0.750708  0.448932  0.635015  0.706211  0.613584  0.613283  0.791322  0.793533  0.520870  0.800348  0.658934  0.779003  0.750485  0.650237  0.782673  0.795166  0.742767  0.682221  0.700047  0.740300  0.803697  0.604617  0.620476  0.701081  0.782611  0.747000  0.742344  0.595381  0.687601  0.770757  0.677322  0.802555  0.870303  0.700610  0.701338  0.721173  0.706931  0.828807  0.761375  0.742261  0.725204  0.789288  0.600090  0.595611  0.720908  0.673620  0.650048 
34  0.792068  0.709173  0.622948  0.722722  0.385499  0.574984  0.615559  0.595846  0.625050  0.760285  0.656488  0.751169  0.439889  0.648256  0.562064  0.861113  0.618001  0.659839  0.549704  0.414581  0.683592  0.685802  0.608333  0.841377  0.726183  0.850976  0.709647  0.679956  0.547843  0.703418  0.714112  0.488894  0.587982  0.807128 0.0  0.568334  0.842272  0.438648  0.591986  0.815092  0.655063  0.686714  0.744739  0.843907  0.602533  0.815101  0.648148  0.790469  0.892904  0.670641  0.702183  0.532308  0.773109  0.780079  0.888352  0.891229  0.633874  0.474621  0.858859  0.772819  0.536426  0.730401  0.777050  0.394386  0.802465  0.573591  0.781381  0.787715  0.729538  0.887262  0.535562  0.646709  0.826447  0.805381  0.886334  0.580075  0.730470  0.543113  0.712179  0.612168  0.726032  0.877597  0.364923  0.496295  0.490612  0.524369  0.779789  0.769874  0.777316  0.552681  0.812676  0.804732  0.388160  0.711709  0.798702  0.730934  0.695779  0.702889 
35  0.721381  0.676623  0.718865  0.527726  0.687735  0.607982  0.340630  0.408204  0.489421  0.565838  0.533458  0.797013  0.507367  0.464465  0.451103  0.787929  0.294717  0.539243  0.585084  0.767535  0.518354  0.577487  0.739154  0.771129  0.634436  0.751135  0.591312  0.473305  0.595058  0.289953  0.714468  0.622125  0.578175  0.662674  0.568334 0.0  0.492503  0.602702  0.646534  0.602691  0.687771  0.567331  0.762427  0.784346  0.690937  0.740089  0.196731  0.784675  0.779754  0.663910  0.572108  0.725619  0.771125  0.686323  0.740188  0.796970  0.415988  0.666663  0.576337  0.551408  0.619242  0.598156  0.700771  0.664878  0.634395  0.744501  0.809111  0.709717  0.570509  0.724860  0.581686  0.673571  0.745566  0.798967  0.772713  0.680780  0.425914  0.593619  0.643444  0.613719  0.767969  0.645562  0.657389  0.530440  0.658801  0.681076  0.842868  0.820356  0.740192  0.420666  0.840421  0.795965  0.797025  0.599494  0.773050  0.675563  0.342718  0.673558 
36  0.692824  0.540094  0.785843  0.621991  0.655940  0.589084  0.429072  0.472456  0.470741  0.600984  0.525691  0.808094  0.565967  0.624199  0.370337  0.690816  0.420859  0.433577  0.692191  0.602647  0.651307  0.348208  0.609900  0.702490  0.651716  0.778387  0.528024  0.457962  0.514886  0.434131  0.698110  0.577365  0.630513  0.617224  0.842272  0.492503 0.0  0.630133  0.699761  0.683371  0.589286  0.439408  0.763983  0.777299  0.730430  0.757171  0.529510  0.777636  0.887583  0.602543  0.233307  0.706141  0.660073  0.702233  0.703718  0.860230  0.408068  0.606750  0.727396  0.651021  0.719195  0.519858  0.645209  0.604409  0.614106  0.732572  0.799412  0.769261  0.673781  0.816407  0.655237  0.668553  0.790312  0.815303  0.690029  0.730360  0.361847  0.636027  0.713315  0.748594  0.689722  0.783979  0.605582  0.740119  0.651042  0.663629  0.673582  0.733177  0.674699  0.354910  0.683755  0.696421  0.614849  0.502973  0.726750  0.539249  0.479282  0.893662 
37  0.654592  0.638257  0.654305  0.728978  0.464885  0.665340  0.550906  0.598114  0.470559  0.658065  0.644651  0.810082  0.342523  0.600237  0.627379  0.827692  0.478991  0.672568  0.529768  0.562200  0.478372  0.639912  0.626965  0.791046  0.652212  0.798046  0.617449  0.594769  0.490357  0.507077  0.697095  0.414671  0.688137  0.724284  0.438648  0.602702  0.630133 0.0  0.691983  0.760484  0.735254  0.626633  0.778375  0.742108  0.611813  0.650498  0.467073  0.784325  0.835157  0.540774  0.653304  0.624688  0.724972  0.653805  0.788429  0.776657  0.567914  0.338760  0.713214  0.630732  0.541299  0.750100  0.728859  0.390177  0.677416  0.729568  0.834982  0.764167  0.676228  0.837335  0.588208  0.632811  0.790741  0.760999  0.812905  0.627795  0.686435  0.557905  0.729373  0.657667  0.717845  0.796839  0.568150  0.205006  0.672551  0.605650  0.770296  0.689119  0.771205  0.511522  0.800275  0.728902  0.583076  0.614451  0.761835  0.651250  0.620784  0.845585 
38  0.721448  0.874552  0.455206  0.797222  0.645531  0.593423  0.667130  0.680162  0.600478  0.865685  0.681530  0.788830  0.687964  0.738207  0.723514  0.809844  0.746940  0.719431  0.740694  0.550232  0.508977  0.761704  0.574835  0.968226  0.871954  0.819154  0.813892  0.742650  0.641489  0.741802  0.797632  0.712240  0.699482  0.750684  0.591986  0.646534  0.699761  0.691983 0.0  0.798995  0.771741  0.789735  0.905346  0.773132  0.374140  0.744550  0.717543  0.872422  0.791606  0.717972  0.680426  0.624818  0.894786  0.799252  0.763164  0.832548  0.723772  0.643654  0.907457  0.730564  0.601416  0.752254  0.808162  0.631919  0.682994  0.551960  0.886383  0.808420  0.753400  0.890586  0.567107  0.250276  0.752625  0.774779  0.756734  0.667859  0.685853  0.643627  0.771895  0.815305  0.744175  0.826506  0.678008  0.668135  0.574036  0.557631  0.754796  0.827223  0.775542  0.702100  0.890104  0.824825  0.639275  0.710627  0.767028  0.799482  0.697922  0.760972 
39  0.634570  0.420434  0.727172  0.457388  0.759586  0.843278  0.688313  0.655751  0.692570  0.650667  0.742247  0.721503  0.832422  0.641274  0.707028  0.734455  0.653426  0.700196  0.756563  0.818862  0.740957  0.767057  0.689923  0.709207  0.648092  0.793820  0.675011  0.686142  0.694861  0.683613  0.305493  0.793555  0.664018  0.711456  0.815092  0.602691  0.683371  0.760484  0.798995 0.0  0.409338  0.645401  0.686013  0.652461  0.792973  0.480597  0.736168  0.581286  0.742212  0.669665  0.727043  0.741854  0.685031  0.494337  0.583667  0.732908  0.546554  0.649729  0.669807  0.576363  0.814359  0.529492  0.626517  0.792424  0.651132  0.810284  0.668363  0.558949  0.646340  0.682015  0.668237  0.780016  0.730943  0.676142  0.578069  0.769902  0.604735  0.762707  0.664157  0.664336  0.440739  0.482881  0.843244  0.861873  0.737759  0.713314  0.605041  0.449766  0.579226  0.689018  0.672488  0.645585  0.766382  0.676771  0.474199  0.487527  0.583155  0.618386 
