98
0 0.0  0.551571  0.494648  0.582245  0.725341  0.559606  0.748149  0.509872  0.755717  0.789689  0.630196  0.817435  0.537722  0.590248  0.726721  0.429923  0.755573  0.663183  0.776401  0.796401  0.411074  0.772180  0.641176  0.637804  0.832125  0.498392  0.598942  0.563878  0.698612  0.603974  0.700182  0.771642  0.820702  0.646096  0.817503  0.615028  0.691075  0.590705  0.519338  0.697371  0.551365  0.760024  0.596582  0.459490  0.709714  0.597501  0.741602  0.851288  0.679507  0.553996  0.784862  0.384215  0.774785  0.745733  0.816131  0.714141  0.665089  0.729878  0.809901  0.605040  0.797230  0.634908  0.706220  0.690055  0.737238  0.788271  0.237411  0.603307  0.751809  0.620021  0.550280  0.660688  0.560367  0.774424  0.525158  0.807586  0.748956  0.732870  0.555966  0.427686  0.567189  0.811564  0.488646  0.712215  0.523892  0.602919  0.400079  0.743276  0.604980  0.411982  0.440087  0.529595  0.727479  0.643446  0.787968  0.715425  0.728074  0.714081 
1  0.551571 0.0  0.403594  0.629982  0.807261  0.513202  0.713269  0.593304  0.607370  0.689196  0.808081  0.710711  0.469674  0.427042  0.772324  0.522541  0.711012  0.746982  0.687788  0.798164  0.570809  0.818065  0.676141  0.594090  0.679824  0.455197  0.539532  0.658311  0.576029  0.601659  0.695259  0.820918  0.870180  0.592741  0.805113  0.602480  0.813953  0.516068  0.257308  0.663383  0.659602  0.758664  0.616376  0.471813  0.682822  0.735972  0.910958  0.787215  0.789568  0.638399  0.718236  0.587605  0.674968  0.767496  0.796230  0.775757  0.623807  0.639690  0.612352  0.523316  0.707017  0.603519  0.709442  0.630899  0.638732  0.948480  0.466938  0.544754  0.755242  0.605430  0.745278  0.707262  0.572816  0.845073  0.460592  0.743852  0.822901  0.792616  0.493536  0.522902  0.587306  0.799792  0.409223  0.738428  0.509462  0.560199  0.250703  0.567835  0.593358  0.218249  0.382142  0.641106  0.618261  0.629666  0.803913  0.763664  0.770831  0.693239 
2  0.494648  0.403594 0.0  0.521571  0.620581  0.552175  0.829122  0.413094  0.588379  0.816309  0.669157  0.702951  0.512073  0.463962  0.782094  0.387444  0.603439  0.769300  0.750172  0.770389  0.566106  0.745279  0.704937  0.634413  0.695458  0.475605  0.470836  0.597862  0.622054  0.711251  0.684213  0.824623  0.761944  0.743163  0.680454  0.624525  0.770784  0.499271  0.421285  0.629049  0.637823  0.733039  0.699908  0.385181  0.796879  0.649399  0.881158  0.626767  0.758178  0.505236  0.760194  0.423408  0.798498  0.740364  0.750594  0.725280  0.568360  0.669319  0.755384  0.552194  0.711818  0.652994  0.735700  0.508619  0.646490  0.853029  0.442807  0.501291  0.682930  0.679907  0.794287  0.771099  0.481747  0.855189  0.580297  0.892064  0.847649  0.771923  0.660039  0.476926  0.715414  0.834748  0.363663  0.697062  0.510198  0.612940  0.387799  0.578246  0.649396  0.307202  0.546253  0.565392  0.652171  0.718592  0.777012  0.784705  0.756176  0.595155 
3  0.582245  0.629982  0.521571 0.0  0.780994  0.642142  0.747809  0.475095  0.638386  0.635425  0.660637  0.831547  0.595674  0.561619  0.751726  0.524235  0.708058  0.744970  0.760543  0.717156  0.570519  0.717328  0.700312  0.700518  0.745349  0.719358  0.329157  0.481578  0.760680  0.722869  0.818768  0.843612  0.769511  0.687415  0.762328  0.692388  0.762903  0.631927  0.531865  0.558233  0.828876  0.820780  0.748642  0.493951  0.690192  0.684266  0.804047  0.746334  0.787266  0.487733  0.790154  0.649181  0.632116  0.741243  0.715630  0.735819  0.682059  0.752181  0.806571  0.309945  0.732454  0.661913  0.833875  0.690711  0.707990  0.969672  0.627385  0.502179  0.801968  0.624397  0.666642  0.785016  0.256073  0.695756  0.616346  0.731465  0.693264  0.858795  0.658070  0.666638  0.688868  0.882650  0.548142  0.752409  0.447331  0.581437  0.636089  0.601255  0.653540  0.531056  0.531883  0.564526  0.682650  0.746407  0.836266  0.740395  0.759250  0.660429 
4  0.725341  0.807261  0.620581  0.780994 0.0  0.706488  0.787601  0.782620  0.845319  0.645321  0.791006  0.909154  0.751448  0.742797  0.346299  0.795761  0.598722  0.483586  0.575493  0.701625  0.855738  0.589987  0.745230  0.793090  0.822035  0.775901  0.801761  0.643356  0.524685  0.725220  0.607326  0.674464  0.662533  0.818657  0.802048  0.771399  0.915188  0.815211  0.676637  0.676761  0.861227  0.591978  0.760360  0.711744  0.791271  0.739996  0.627450  0.636297  0.915409  0.751650  0.805655  0.809505  0.662416  0.681855  0.692140  0.578953  0.874649  0.779288  0.735500  0.633040  0.438532  0.791407  0.662828  0.678404  0.821991  0.769061  0.712033  0.648115  0.774656  0.753867  0.560244  0.635404  0.781401  0.573350  0.746441  0.563642  0.823384  0.609274  0.771736  0.702479  0.720539  0.876167  0.700895  0.705807  0.755575  0.742737  0.838862  0.802990  0.779642  0.689344  0.747396  0.755380  0.806933  0.765007  0.676611  0.698070  0.415141  0.769671 
5  0.559606  0.513202  0.552175  0.642142  0.706488 0.0  0.793194  0.553983  0.491087  0.780539  0.700319  0.667787  0.427719  0.501135  0.832097  0.519747  0.759056  0.782437  0.803944  0.827961  0.442601  0.759950  0.583491  0.682064  0.676721  0.498878  0.596688  0.581803  0.802574  0.466654  0.812220  0.817656  0.853228  0.405323  0.635702  0.479788  0.665033  0.463654  0.460404  0.627082  0.749659  0.869896  0.489270  0.619537  0.640396  0.539410  0.856385  0.665605  0.835583  0.578121  0.823667  0.654612  0.775739  0.766747  0.798927  0.751753  0.486341  0.553207  0.733643  0.599513  0.712948  0.482284  0.756105  0.741977  0.648808  0.743307  0.694411  0.690377  0.768673  0.411029  0.649322  0.733481  0.591518  0.742310  0.488339  0.864907  0.938244  0.854748  0.532322  0.562937  0.669073  0.784823  0.588057  0.702854  0.550719  0.255592  0.512841  0.483211  0.560342  0.459486  0.497754  0.673344  0.568542  0.630409  0.751736  0.876438  0.854467  0.614186 
6  0.748149  0.713269  0.829122  0.747809  0.787601  0.793194 0.0  0.828983  0.877625  0.782379  0.699504  0.922158  0.794762  0.891995  0.629514  0.870720  0.750658  0.708214  0.690336  0.860146  0.744212  0.693562  0.794122  0.861367  0.799850  0.807706  0.823709  0.770387  0.750309  0.759988  0.597118  0.615569  0.604333  0.801718  0.912937  0.877630  0.875470  0.782473  0.807638  0.720027  0.811794  0.674087  0.870245  0.739666  0.754425  0.801267  0.619779  0.660440  0.867724  0.795181  0.896698  0.729899  0.781515  0.781042  0.645205  0.724268  0.791383  0.855033  0.660548  0.925668  0.745264  0.783290  0.676673  0.767065  0.761454  0.691321  0.668221  0.872095  0.868571  0.786602  0.697186  0.741878  0.855250  0.583321  0.819482  0.622392  0.804579  0.558794  0.862770  0.772932  0.801672  0.734566  0.669917  0.885665  0.790807  0.831522  0.745467  0.902206  0.713291  0.801361  0.847424  0.717159  0.895595  0.838089  0.675868  0.485812  0.719833  0.620209 
7  0.509872  0.593304  0.413094  0.475095  0.782620  0.553983  0.828983 0.0  0.618341  0.686425  0.775053  0.590120  0.604668  0.439158  0.740566  0.408456  0.687462  0.712851  0.788128  0.804907  0.581078  0.828499  0.722155  0.735282  0.711129  0.666612  0.382326  0.600690  0.719164  0.717043  0.778821  0.752423  0.841986  0.601008  0.815591  0.557335  0.729037  0.491131  0.591778  0.715539  0.724183  0.790147  0.690731  0.592449  0.741815  0.593867  0.830270  0.718883  0.781276  0.617723  0.767876  0.472923  0.799519  0.713754  0.725301  0.738648  0.632196  0.671164  0.665351  0.419883  0.768508  0.595900  0.736922  0.617017  0.719665  0.833060  0.484873  0.598805  0.760557  0.600356  0.664952  0.885565  0.339561  0.961803  0.548665  0.682822  0.773038  0.806912  0.647739  0.509931  0.741455  0.863179  0.513937  0.701693  0.481053  0.531780  0.564689  0.557407  0.671972  0.313357  0.543412  0.602266  0.671522  0.760504  0.815295  0.788290  0.817982  0.673729 
8  0.755717  0.607370  0.588379  0.638386  0.845319  0.491087  0.877625  0.618341 0.0  0.763845  0.804096  0.551106  0.562902  0.667953  0.874912  0.681255  0.858323  0.766495  0.815725  0.688735  0.694402  0.854342  0.562438  0.612895  0.643329  0.713038  0.668091  0.688505  0.830468  0.582057  0.868652  0.883271  0.808626  0.571513  0.658470  0.571127  0.612586  0.603822  0.543879  0.702603  0.638395  0.871945  0.336181  0.699189  0.509045  0.318195  0.893828  0.760233  0.690711  0.709121  0.573908  0.697675  0.941535  0.757091  0.852776  0.773113  0.525841  0.459267  0.798143  0.618101  0.772846  0.200365  0.703821  0.701791  0.593388  0.879240  0.658136  0.640798  0.521550  0.516923  0.804723  0.817224  0.728770  0.832720  0.626698  0.805628  0.871321  0.892889  0.501762  0.695241  0.673650  0.823636  0.745735  0.505376  0.665413  0.625313  0.694376  0.501624  0.490796  0.594691  0.736391  0.684318  0.507584  0.549424  0.833400  0.838224  0.781590  0.760282 
9  0.789689  0.689196  0.816309  0.635425  0.645321  0.780539  0.782379  0.686425  0.763845 0.0  0.792037  0.932448  0.774601  0.766008  0.635480  0.704768  0.615083  0.675553  0.806907  0.741923  0.748555  0.671017  0.766287  0.860315  0.788585  0.834759  0.783931  0.700389  0.696142  0.738063  0.798625  0.588661  0.761060  0.743150  0.925733  0.870161  0.898679  0.775082  0.759740  0.767925  0.787595  0.772449  0.914396  0.717785  0.821842  0.845123  0.670861  0.680322  0.821204  0.804923  0.908659  0.634836  0.414743  0.505521  0.721799  0.735809  0.811931  0.818072  0.787299  0.769268  0.671983  0.857791  0.794251  0.797905  0.799168  0.865098  0.726737  0.685706  0.839324  0.790534  0.694572  0.544084  0.772340  0.845340  0.699137  0.726488  0.367190  0.656150  0.702305  0.755349  0.916862  0.838800  0.726078  0.713710  0.719341  0.786299  0.757000  0.842873  0.735805  0.736545  0.727315  0.689351  0.830890  0.715642  0.782451  0.788337  0.678541  0.812980 
10  0.630196  0.808081  0.669157  0.660637  0.791006  0.700319  0.699504  0.775053  0.804096  0.792037 0.0  0.738704  0.747170  0.640032  0.620896  0.729198  0.673601  0.698580  0.744301  0.711545  0.604525  0.822424  0.708439  0.760107  0.836439  0.644521  0.636204  0.667520  0.730318  0.668413  0.687030  0.655339  0.646864  0.663145  0.851506  0.786324  0.771122  0.729259  0.729753  0.532458  0.755166  0.734832  0.847677  0.617388  0.725554  0.707229  0.748325  0.627295  0.744352  0.712657  0.769997  0.719483  0.727273  0.745815  0.639019  0.535959  0.780106  0.711635  0.644395  0.663353  0.635789  0.691517  0.570195  0.638662  0.714094  0.861462  0.682477  0.646949  0.794474  0.708778  0.572449  0.725959  0.687167  0.726506  0.623807  0.725087  0.774065  0.690061  0.777139  0.651275  0.679778  0.844809  0.623347  0.688591  0.629379  0.626911  0.719304  0.735825  0.674846  0.705999  0.705843  0.458441  0.669099  0.858077  0.671031  0.744302  0.768833  0.372895 
11  0.817435  0.710711  0.702951  0.831547  0.909154  0.667787  0.922158  0.590120  0.551106  0.932448  0.738704 0.0  0.702172  0.608397  0.735099  0.779799  0.754467  0.833593  0.868405  0.876488  0.657903  0.821367  0.551363  0.539380  0.762878  0.629588  0.752511  0.799215  0.753482  0.594011  0.892024  0.883390  0.897470  0.587857  0.622882  0.587349  0.627010  0.717900  0.610710  0.711786  0.269743  0.867041  0.685360  0.634379  0.374774  0.618726  0.872397  0.778483  0.486502  0.814635  0.544734  0.675400  0.728151  0.706016  0.810312  0.838563  0.564028  0.551143  0.799767  0.675290  0.844941  0.534659  0.810580  0.829436  0.398311  0.901911  0.583345  0.775454  0.595878  0.651727  0.709290  0.771160  0.755973  0.872462  0.542981  0.829703  0.925458  0.845942  0.670131  0.723098  0.303698  0.888732  0.687081  0.620286  0.645083  0.576551  0.783618  0.410391  0.432714  0.667610  0.679663  0.655052  0.663871  0.436971  0.855581  0.762541  0.833789  0.734908 
12  0.537722  0.469674  0.512073  0.595674  0.751448  0.427719  0.794762  0.604668  0.562902  0.774601  0.747170  0.702172 0.0  0.486669  0.890843  0.629661  0.704071  0.857590  0.749553  0.823651  0.537111  0.809102  0.590316  0.655254  0.684208  0.467729  0.641370  0.757428  0.665346  0.640121  0.831092  0.632092  0.825695  0.508050  0.699899  0.477507  0.628356  0.473248  0.386258  0.610142  0.595630  0.876880  0.596497  0.496424  0.709338  0.530571  0.792726  0.712124  0.788238  0.575469  0.728444  0.629130  0.896894  0.762814  0.774756  0.849284  0.540783  0.641504  0.796905  0.636455  0.754514  0.713862  0.707924  0.624359  0.703027  0.948267  0.703713  0.647275  0.777890  0.520235  0.685578  0.709084  0.657132  0.725856  0.374649  0.936586  0.810211  0.795241  0.509927  0.416377  0.658193  0.758462  0.506091  0.680264  0.568713  0.490282  0.484742  0.664526  0.543822  0.555791  0.479680  0.638518  0.555100  0.618138  0.901514  0.873287  0.719481  0.795905 
13  0.590248  0.427042  0.463962  0.561619  0.742797  0.501135  0.891995  0.439158  0.667953  0.766008  0.640032  0.608397  0.486669 0.0  0.795632  0.646831  0.726777  0.782091  0.727327  0.839394  0.501271  0.899190  0.668597  0.742055  0.669612  0.604986  0.591961  0.701515  0.704925  0.603897  0.853914  0.727062  0.831963  0.475369  0.712004  0.582247  0.695194  0.419135  0.407810  0.576385  0.640436  0.836129  0.556271  0.649683  0.702697  0.652743  0.752121  0.722523  0.719044  0.599591  0.728882  0.632730  0.765448  0.728286  0.755824  0.674293  0.676568  0.776532  0.689640  0.603833  0.844050  0.594884  0.731176  0.611936  0.618264  0.838051  0.559474  0.619370  0.745667  0.584619  0.719267  0.748100  0.441529  0.818957  0.521551  0.779859  0.677745  0.821808  0.618756  0.572078  0.679571  0.888771  0.482185  0.653389  0.512561  0.531557  0.348166  0.600329  0.715585  0.511519  0.588046  0.720194  0.619466  0.684266  0.954817  0.868943  0.930742  0.632984 
14  0.726721  0.772324  0.782094  0.751726  0.346299  0.832097  0.629514  0.740566  0.874912  0.635480  0.620896  0.735099  0.890843  0.795632 0.0  0.724759  0.588353  0.640014  0.588347  0.545107  0.791677  0.512114  0.772454  0.764729  0.816177  0.745595  0.732051  0.680119  0.627625  0.802574  0.649711  0.520491  0.669244  0.732623  0.836172  0.837936  0.884923  0.645054  0.716378  0.691773  0.830177  0.512490  0.933728  0.654935  0.827136  0.839426  0.590275  0.573007  0.880889  0.752817  0.790891  0.694480  0.736024  0.694539  0.700292  0.718351  0.802834  0.901259  0.760145  0.792431  0.290738  0.838618  0.823258  0.659795  0.854563  0.773634  0.706667  0.732690  0.840038  0.714834  0.585867  0.602775  0.673502  0.656832  0.655648  0.628032  0.674151  0.628689  0.699541  0.768367  0.803951  0.671300  0.739106  0.759516  0.739735  0.853648  0.687991  0.841686  0.751535  0.737461  0.740190  0.753545  0.750082  0.871523  0.637975  0.765116  0.353139  0.690109 
15  0.429923  0.522541  0.387444  0.524235  0.795761  0.519747  0.870720  0.408456  0.681255  0.704768  0.729198  0.779799  0.629661  0.646831  0.724759 0.0  0.599972  0.749187  0.794590  0.752225  0.525099  0.786750  0.703938  0.808626  0.809654  0.530027  0.367480  0.658709  0.771661  0.667467  0.694282  0.785130  0.785180  0.611183  0.642102  0.691566  0.705902  0.386111  0.484284  0.509667  0.696279  0.772572  0.536030  0.636864  0.692279  0.675130  0.824720  0.586368  0.758252  0.598651  0.819341  0.436833  0.698193  0.793403  0.723549  0.777604  0.512119  0.709392  0.787925  0.434091  0.780826  0.628663  0.796399  0.556912  0.680498  0.877497  0.536673  0.561500  0.813658  0.590270  0.503954  0.706782  0.499777  0.723642  0.559824  0.739444  0.672591  0.695578  0.582478  0.430760  0.654552  0.861057  0.437890  0.701614  0.307510  0.488285  0.542467  0.646639  0.669907  0.416551  0.583124  0.611343  0.655704  0.550866  0.918749  0.871257  0.719050  0.691461 
16  0.755573  0.711012  0.603439  0.708058  0.598722  0.759056  0.750658  0.687462  0.858323  0.615083  0.673601  0.754467  0.704071  0.726777  0.588353  0.599972 0.0  0.502194  0.749561  0.675438  0.810372  0.750038  0.761808  0.726375  0.765276  0.756651  0.701782  0.561415  0.000000  0.787483  0.617014  0.659777  0.673614  0.670853  0.912142  0.715875  0.878456  0.668904  0.714052  0.510101  0.805264  0.621405  0.793198  0.607930  0.789441  0.667816  0.718911  0.614035  0.790630  0.699734  0.755027  0.692015  0.702149  0.596529  0.594220  0.600189  0.739486  0.739282  0.750489  0.724515  0.582087  0.807329  0.611274  0.617187  0.771573  0.810177  0.635787  0.663329  0.782467  0.672368  0.555142  0.509929  0.647262  0.818236  0.759538  0.683958  0.720786  0.720251  0.734215  0.657113  0.757472  0.808038  0.570517  0.742300  0.714603  0.674846  0.728580  0.808135  0.731665  0.709060  0.616117  0.673433  0.759102  0.804969  0.793363  0.765445  0.719805  0.684197 
17  0.663183  0.746982  0.769300  0.744970  0.483586  0.782437  0.708214  0.712851  0.766495  0.675553  0.698580  0.833593  0.857590  0.782091  0.640014  0.749187  0.502194 0.0  0.620798  0.571249  0.672213  0.674198  0.789193  0.864541  0.842083  0.764388  0.815238  0.721041  0.591986  0.828056  0.672245  0.673798  0.633202  0.697610  0.809111  0.806908  0.835118  0.731853  0.835042  0.726882  0.774517  0.612687  0.802681  0.637451  0.796668  0.872193  0.743009  0.622858  0.867570  0.734736  0.748784  0.684872  0.624140  0.594956  0.709120  0.687296  0.813679  0.804842  0.689794  0.631154  0.540523  0.771451  0.681684  0.724556  0.719099  0.815040  0.729689  0.561678  0.751235  0.755997  0.641540  0.483543  0.703395  0.652259  0.843791  0.621777  0.649714  0.722914  0.721860  0.800884  0.708778  0.835289  0.716298  0.921601  0.739848  0.686105  0.723318  0.787358  0.890044  0.712816  0.755814  0.729982  0.750755  0.849877  0.881859  0.820933  0.662782  0.648034 
18  0.776401  0.687788  0.750172  0.760543  0.575493  0.803944  0.690336  0.788128  0.815725  0.806907  0.744301  0.868405  0.749553  0.727327  0.588347  0.794590  0.749561  0.620798 0.0  0.733165  0.727920  0.483068  0.771484  0.774712  0.919275  0.766590  0.861876  0.648457  0.726041  0.860771  0.428005  0.469541  0.654351  0.787097  0.795055  0.753821  0.911112  0.780862  0.734723  0.755086  0.878575  0.613880  0.746597  0.727496  0.842424  0.722873  0.792818  0.525307  0.811093  0.735036  0.826938  0.699836  0.671525  0.692774  0.499652  0.587605  0.768453  0.739143  0.721751  0.690479  0.502466  0.808975  0.530666  0.692407  0.753076  0.837295  0.702719  0.772413  0.802348  0.853926  0.646599  0.618576  0.765482  0.701500  0.749515  0.633130  0.692336  0.637072  0.766879  0.759946  0.765662  0.791786  0.686154  0.824630  0.672865  0.708135  0.721106  0.836670  0.757665  0.727375  0.718006  0.589419  0.896818  0.817654  0.767786  0.715318  0.641626  0.677794 
19  0.796401  0.798164  0.770389  0.717156  0.701625  0.827961  0.860146  0.804907  0.688735  0.741923  0.711545  0.876488  0.823651  0.839394  0.545107  0.752225  0.675438  0.571249  0.733165 0.0  0.766517  0.444588  0.788523  0.847966  0.905296  0.717132  0.745373  0.708398  0.683649  0.904263  0.683179  0.695534  0.628546  0.860310  0.948164  0.863253  0.768529  0.794520  0.781302  0.717409  0.899565  0.369383  0.729023  0.815800  0.795747  0.726914  0.600138  0.672422  0.959553  0.733629  0.846035  0.728874  0.707826  0.669637  0.648079  0.694950  0.634310  0.820253  0.717636  0.657212  0.567378  0.840674  0.722257  0.804210  0.851011  0.684911  0.809879  0.733635  0.998151  0.799294  0.794798  0.706814  0.834001  0.582647  0.808897  0.327177  0.736390  0.746796  0.841556  0.781520  0.887075  0.854474  0.789232  0.858171  0.744848  0.847246  0.863657  0.878664  0.754730  0.740911  0.733138  0.752694  0.801910  0.891121  0.565004  0.718120  0.586471  0.651308 
20  0.411074  0.570809  0.566106  0.570519  0.855738  0.442601  0.744212  0.581078  0.694402  0.748555  0.604525  0.657903  0.537111  0.501271  0.791677  0.525099  0.810372  0.672213  0.727920  0.766517 0.0  0.778231  0.642970  0.641739  0.806031  0.438444  0.663026  0.679898  0.681334  0.611636  0.818766  0.838560  0.779722  0.415540  0.745798  0.652315  0.742532  0.533468  0.319233  0.645110  0.660045  0.805755  0.761077  0.446136  0.667082  0.644423  0.799494  0.665443  0.778079  0.630226  0.711494  0.553257  0.831484  0.684768  0.845764  0.695017  0.574210  0.523585  0.751096  0.640207  0.742894  0.633896  0.702458  0.645109  0.666024  0.790616  0.549609  0.651283  0.780120  0.531890  0.730084  0.755904  0.564308  0.921415  0.289684  0.851664  0.772427  0.703624  0.672677  0.209582  0.645158  0.935956  0.540007  0.709733  0.489578  0.606352  0.449587  0.686501  0.612800  0.365316  0.046787  0.631231  0.570794  0.623871  0.777845  0.849704  0.693189  0.518195 
21  0.772180  0.818065  0.745279  0.717328  0.589987  0.759950  0.693562  0.828499  0.854342  0.671017  0.822424  0.821367  0.809102  0.899190  0.512114  0.786750  0.750038  0.674198  0.483068  0.444588  0.778231 0.0  0.788688  0.870888  0.750888  0.812309  0.879037  0.879691  0.751148  0.790206  0.476954  0.562589  0.603946  0.828975  0.839203  0.768743  0.910009  0.842136  0.735416  0.690842  0.810021  0.413747  0.767081  0.791803  0.811080  0.838239  0.574470  0.765311  0.789709  0.724516  0.774167  0.760784  0.716822  0.622449  0.694806  0.611515  0.843267  0.896152  0.805460  0.720061  0.627742  0.882504  0.651602  0.665266  0.801228  0.754856  0.881133  0.725666  0.820133  0.882437  0.668404  0.714935  0.787945  0.563334  0.760962  0.476881  0.799391  0.651188  0.863347  0.798853  0.791248  0.671652  0.807765  0.827260  0.852000  0.830442  0.767588  0.831105  0.805345  0.668406  0.732505  0.739261  0.840406  0.948850  0.558312  0.753588  0.448204  0.858563 
22  0.641176  0.676141  0.704937  0.700312  0.745230  0.583491  0.794122  0.722155  0.562438  0.766287  0.708439  0.551363  0.590316  0.668597  0.772454  0.703938  0.761808  0.789193  0.771484  0.788523  0.642970  0.788688 0.0  0.654933  0.651079  0.659616  0.697609  0.683269  0.742444  0.506571  0.757491  0.853453  0.851412  0.522944  0.663982  0.583653  0.674200  0.680949  0.576625  0.649274  0.433325  0.793373  0.605196  0.792047  0.463454  0.533337  0.761326  0.773147  0.691647  0.714277  0.709737  0.799504  0.747805  0.848299  0.852551  0.720872  0.408638  0.443857  0.708880  0.716272  0.811625  0.434222  0.731956  0.747885  0.494432  0.873334  0.645171  0.694466  0.633397  0.617026  0.763459  0.712897  0.812260  0.856482  0.634904  0.748151  0.730793  0.665123  0.591225  0.578193  0.502804  0.872752  0.532751  0.637057  0.691643  0.610343  0.561120  0.568891  0.519667  0.638025  0.669348  0.778498  0.455562  0.383084  0.908060  0.844295  0.864084  0.658598 
23  0.637804  0.594090  0.634413  0.700518  0.793090  0.682064  0.861367  0.735282  0.612895  0.860315  0.760107  0.539380  0.655254  0.742055  0.764729  0.808626  0.726375  0.864541  0.774712  0.847966  0.641739  0.870888  0.654933 0.0  0.601616  0.744553  0.742988  0.699914  0.794955  0.527732  0.780357  0.919066  0.834638  0.660121  0.765516  0.598149  0.492050  0.687426  0.617036  0.749381  0.603772  0.794050  0.711174  0.762576  0.444011  0.627629  0.899318  0.864048  0.555112  0.688738  0.574214  0.783756  0.813109  0.880507  0.810258  0.811297  0.533608  0.517493  0.878175  0.630518  0.839153  0.577835  0.758492  0.784334  0.490971  0.843538  0.710215  0.777326  0.529471  0.751343  0.811860  0.844506  0.718999  0.875502  0.661262  0.778808  0.906151  0.728948  0.739309  0.711350  0.523398  0.848250  0.792182  0.633461  0.704638  0.703595  0.695490  0.780213  0.688228  0.741148  0.693112  0.732236  0.714218  0.566148  0.888458  0.844431  0.782951  0.725173 
24  0.832125  0.679824  0.695458  0.745349  0.822035  0.676721  0.799850  0.711129  0.643329  0.788585  0.836439  0.762878  0.684208  0.669612  0.816177  0.809654  0.765276  0.842083  0.919275  0.905296  0.806031  0.750888  0.651079  0.601616 0.0  0.695037  0.755439  0.849889  0.818129  0.635316  0.817185  0.836504  0.881928  0.634938  0.398251  0.783756  0.551164  0.761756  0.681376  0.674468  0.511468  0.803844  0.627522  0.794989  0.459556  0.663737  0.882332  0.857429  0.680709  0.663414  0.577982  0.688569  0.750405  0.886786  0.815491  0.878265  0.788946  0.623076  0.783506  0.755501  0.833369  0.551625  0.861043  0.848166  0.502374  0.902547  0.688863  0.683095  0.691582  0.674991  0.863112  0.974670  0.756829  0.758390  0.774031  0.903975  0.795881  0.836255  0.540709  0.715664  0.604106  0.960431  0.630742  0.691619  0.730989  0.667437  0.702422  0.676328  0.562653  0.754089  0.701390  0.741712  0.643796  0.608273  0.899747  0.831566  0.776132  0.730880 
25  0.498392  0.455197  0.475605  0.719358  0.775901  0.498878  0.807706  0.666612  0.713038  0.834759  0.644521  0.629588  0.467729  0.604986  0.745595  0.530027  0.756651  0.764388  0.766590  0.717132  0.438444  0.812309  0.659616  0.744553  0.695037 0.0  0.624547  0.712919  0.708561  0.557590  0.823762  0.727816  0.846310  0.537464  0.803353  0.518067  0.703642  0.585572  0.443501  0.658959  0.644648  0.873506  0.663813  0.634281  0.626073  0.639596  0.854808  0.743491  0.787882  0.602597  0.691888  0.626965  0.726334  0.799105  0.739044  0.688594  0.632548  0.702310  0.786273  0.554817  0.748081  0.657067  0.685384  0.626272  0.697672  0.918049  0.472982  0.699815  0.684735  0.512280  0.675460  0.677917  0.538803  0.812713  0.329718  0.820407  0.781934  0.664411  0.604200  0.414555  0.651190  0.807877  0.553407  0.603246  0.552863  0.460295  0.522918  0.587002  0.551407  0.456207  0.326128  0.564415  0.561221  0.653003  0.787162  0.865966  0.695088  0.603368 
26  0.598942  0.539532  0.470836  0.329157  0.801761  0.596688  0.823709  0.382326  0.668091  0.783931  0.636204  0.752511  0.641370  0.591961  0.732051  0.367480  0.701782  0.815238  0.861876  0.745373  0.663026  0.879037  0.697609  0.742988  0.755439  0.624547 0.0  0.542819  0.628467  0.534450  0.760253  0.749539  0.748706  0.655495  0.779705  0.696761  0.747633  0.455407  0.561980  0.754149  0.827193  0.758499  0.663270  0.475671  0.716257  0.748767  0.790149  0.739925  0.753697  0.482451  0.710053  0.516038  0.734976  0.826666  0.772521  0.639129  0.704026  0.738184  0.759358  0.201488  0.717961  0.640552  0.747857  0.649144  0.743123  0.806544  0.483564  0.597863  0.690756  0.515792  0.672532  0.700888  0.414274  0.868389  0.656255  0.860289  0.610445  0.741792  0.568111  0.490094  0.672412  0.802092  0.515445  0.698616  0.398324  0.622893  0.562482  0.614957  0.681777  0.590114  0.479272  0.666161  0.773463  0.673702  0.850402  0.847922  0.814513  0.649549 
27  0.563878  0.658311  0.597862  0.481578  0.643356  0.581803  0.770387  0.600690  0.688505  0.700389  0.667520  0.799215  0.757428  0.701515  0.680119  0.658709  0.561415  0.721041  0.648457  0.708398  0.679898  0.879691  0.683269  0.699914  0.849889  0.712919  0.542819 0.0  0.661848  0.671635  0.646350  0.658153  0.666314  0.636942  0.860641  0.600672  0.810012  0.656019  0.579093  0.665567  0.723106  0.755811  0.631465  0.679253  0.773149  0.829751  0.712017  0.654743  0.800957  0.484505  0.796018  0.687344  0.727989  0.659269  0.618298  0.659540  0.730580  0.715183  0.877212  0.492700  0.659464  0.626161  0.594775  0.597335  0.863222  0.744296  0.632977  0.408045  0.786538  0.665280  0.637609  0.668685  0.562039  0.811604  0.685040  0.776683  0.706175  0.750130  0.718815  0.714600  0.793652  0.943628  0.632476  0.728258  0.651715  0.694583  0.625745  0.752114  0.726457  0.685316  0.671143  0.611857  0.742835  0.778091  0.734784  0.784936  0.722087  0.647194 
28  0.698612  0.576029  0.622054  0.760680  0.524685  0.802574  0.750309  0.719164  0.830468  0.696142  0.730318  0.753482  0.665346  0.704925  0.627625  0.771661  0.000000  0.591986  0.726041  0.683649  0.681334  0.751148  0.742444  0.794955  0.818129  0.708561  0.628467  0.661848 0.0  0.790933  0.598650  0.684061  0.776767  0.733538  0.875127  0.748759  0.859472  0.608785  0.784801  0.587343  0.705942  0.656293  0.802514  0.593151  0.864473  0.650083  0.677553  0.545034  0.796662  0.664211  0.852877  0.624784  0.627123  0.603927  0.642347  0.576721  0.746682  0.767612  0.595693  0.600878  0.535129  0.723417  0.585932  0.618386  0.803633  0.813673  0.713280  0.482022  0.928378  0.772659  0.569179  0.558541  0.776022  0.717127  0.722927  0.743416  0.593307  0.647329  0.682578  0.691302  0.794307  0.802092  0.741618  0.746494  0.751341  0.584570  0.665084  0.781215  0.749007  0.669454  0.702459  0.756677  0.822421  0.771425  0.778909  0.765179  0.660652  0.665525 
29  0.603974  0.601659  0.711251  0.722869  0.725220  0.466654  0.759988  0.717043  0.582057  0.738063  0.668413  0.594011  0.640121  0.603897  0.802574  0.667467  0.787483  0.828056  0.860771  0.904263  0.611636  0.790206  0.506571  0.527732  0.635316  0.557590  0.534450  0.671635  0.790933 0.0  0.924433  0.762853  0.754433  0.438434  0.665562  0.498862  0.644328  0.637968  0.640740  0.718102  0.544243  0.876273  0.585334  0.692973  0.600159  0.517615  0.847498  0.634991  0.681334  0.567652  0.593657  0.642785  0.782071  0.757080  0.741341  0.822043  0.396450  0.626428  0.697523  0.579053  0.814215  0.699680  0.725176  0.704472  0.483790  0.884029  0.605044  0.752775  0.567160  0.541408  0.827361  0.761038  0.652555  0.984672  0.608125  0.888667  0.886732  0.708984  0.669075  0.664894  0.494881  0.781293  0.655784  0.664265  0.753664  0.607442  0.598062  0.542044  0.473329  0.553203  0.628592  0.697251  0.588020  0.466840  0.851169  0.819502  0.848300  0.748266 
30  0.700182  0.695259  0.684213  0.818768  0.607326  0.812220  0.597118  0.778821  0.868652  0.798625  0.687030  0.892024  0.831092  0.853914  0.649711  0.694282  0.617014  0.672245  0.428005  0.683179  0.818766  0.476954  0.757491  0.780357  0.817185  0.823762  0.760253  0.646350  0.598650  0.924433 0.0  0.457817  0.551687  0.796388  0.827225  0.861378  0.852770  0.758244  0.728077  0.777723  0.830500  0.598170  0.700283  0.773970  0.883574  0.886580  0.638910  0.493388  0.817309  0.791038  0.844378  0.802985  0.846639  0.730537  0.577246  0.594913  0.870667  0.751799  0.740191  0.792441  0.573663  0.811056  0.601621  0.742715  0.773961  0.786740  0.637574  0.666489  0.886684  0.771370  0.726156  0.700910  0.783190  0.655825  0.777551  0.702489  0.673213  0.599866  0.700829  0.677487  0.911365  0.796009  0.721885  0.757769  0.812991  0.735155  0.812201  0.865085  0.886351  0.724838  0.761580  0.756667  0.790261  0.803936  0.609569  0.590756  0.497358  0.704916 
31  0.771642  0.820918  0.824623  0.843612  0.674464  0.817656  0.615569  0.752423  0.883271  0.588661  0.655339  0.883390  0.632092  0.727062  0.520491  0.785130  0.659777  0.673798  0.469541  0.695534  0.838560  0.562589  0.853453  0.919066  0.836504  0.727816  0.749539  0.658153  0.684061  0.762853  0.457817 0.0  0.523284  0.888529  0.747291  0.831104  0.950148  0.836364  0.752941  0.642499  0.864520  0.620848  0.783655  0.758785  0.777174  0.739642  0.642666  0.590728  0.785908  0.728567  0.843318  0.680371  0.701186  0.721918  0.577633  0.590205  0.871525  0.779108  0.774297  0.541492  0.579268  0.831000  0.757654  0.759038  0.647861  0.708165  0.681565  0.800576  0.706260  0.883005  0.679024  0.648580  0.770306  0.623955  0.792424  0.548475  0.780711  0.698990  0.856708  0.816702  0.811157  0.640893  0.798380  0.829441  0.819468  0.751231  0.771811  0.709919  0.743274  0.704206  0.826436  0.708569  0.898287  0.794014  0.547926  0.660770  0.570778  0.716069 
32  0.820702  0.870180  0.761944  0.769511  0.662533  0.853228  0.604333  0.841986  0.808626  0.761060  0.646864  0.897470  0.825695  0.831963  0.669244  0.785180  0.673614  0.633202  0.654351  0.628546  0.779722  0.603946  0.851412  0.834638  0.881928  0.846310  0.748706  0.666314  0.776767  0.754433  0.551687  0.523284 0.0  0.773756  0.778661  0.896984  0.837763  0.757260  0.842415  0.672026  0.934338  0.562315  0.795502  0.829264  0.777083  0.853430  0.571441  0.679950  0.851340  0.790274  0.924740  0.733638  0.699593  0.663443  0.651047  0.556068  0.825274  0.778692  0.682401  0.753245  0.671923  0.841020  0.644303  0.797532  0.780615  0.778405  0.775176  0.781749  0.802128  0.893606  0.744080  0.659258  0.859341  0.346839  0.830468  0.671431  0.743253  0.685966  0.929815  0.717871  0.904484  0.650948  0.752897  0.871276  0.825286  0.808949  0.785330  0.823625  0.791875  0.793698  0.734599  0.744410  0.817184  0.869967  0.545971  0.601007  0.613893  0.774532 
33  0.646096  0.592741  0.743163  0.687415  0.818657  0.405323  0.801718  0.601008  0.571513  0.743150  0.663145  0.587857  0.508050  0.475369  0.732623  0.611183  0.670853  0.697610  0.787097  0.860310  0.415540  0.828975  0.522944  0.660121  0.634938  0.537464  0.655495  0.636942  0.733538  0.438434  0.796388  0.888529  0.773756 0.0  0.657062  0.114285  0.621603  0.698530  0.571558  0.747468  0.696052  0.720679  0.518652  0.636595  0.602030  0.556438  0.788355  0.757455  0.761383  0.680529  0.764046  0.648971  0.769165  0.743412  0.902487  0.770215  0.456926  0.516623  0.799694  0.738428  0.762460  0.610637  0.664617  0.640958  0.508224  0.884183  0.549022  0.775244  0.626770  0.449871  0.801598  0.801357  0.649183  0.894396  0.525643  0.814158  0.753654  0.739558  0.569164  0.534355  0.466208  0.866891  0.749353  0.652626  0.587161  0.478171  0.598634  0.408268  0.477469  0.643382  0.599844  0.660948  0.555007  0.559726  0.746625  0.759169  0.835563  0.631565 
34  0.817503  0.805113  0.680454  0.762328  0.802048  0.635702  0.912937  0.815591  0.658470  0.925733  0.851506  0.622882  0.699899  0.712004  0.836172  0.642102  0.912142  0.809111  0.795055  0.948164  0.745798  0.839203  0.663982  0.765516  0.398251  0.803353  0.779705  0.860641  0.875127  0.665562  0.827225  0.747291  0.778661  0.657062 0.0  0.713913  0.602500  0.760122  0.648437  0.897525  0.578065  0.871554  0.690047  0.889785  0.569476  0.699812  0.880095  0.860629  0.624940  0.786122  0.373789  0.771174  0.828993  0.866363  0.788550  0.870342  0.676294  0.741858  0.846853  0.699224  0.851215  0.734578  0.842169  0.769959  0.688222  0.862237  0.774961  0.751884  0.674768  0.635763  0.780175  0.761013  0.856155  0.835610  0.747171  0.775765  0.868962  0.785919  0.598269  0.836724  0.589133  0.730502  0.712016  0.560368  0.696729  0.616323  0.781214  0.711788  0.623162  0.683449  0.783856  0.689102  0.585035  0.602727  0.920015  0.828151  0.774381  0.869316 
35  0.615028  0.602480  0.624525  0.692388  0.771399  0.479788  0.877630  0.557335  0.571127  0.870161  0.786324  0.587349  0.477507  0.582247  0.837936  0.691566  0.715875  0.806908  0.753821  0.863253  0.652315  0.768743  0.583653  0.598149  0.783756  0.518067  0.696761  0.600672  0.748759  0.498862  0.861378  0.831104  0.896984  0.114285  0.713913 0.0  0.701405  0.710420  0.619752  0.635990  0.576946  0.796174  0.556452  0.645755  0.695085  0.451484  0.760206  0.771532  0.687506  0.591413  0.741458  0.608175  0.811438  0.803704  0.857334  0.736747  0.366813  0.574018  0.847585  0.680807  0.770487  0.569538  0.773878  0.623225  0.683523  0.873979  0.565032  0.641965  0.604079  0.563987  0.632824  0.580551  0.610681  0.818785  0.670504  0.769687  0.822850  0.860491  0.563094  0.691526  0.579376  0.915421  0.488651  0.633055  0.737272  0.593708  0.484801  0.537305  0.429037  0.629424  0.577439  0.618733  0.554942  0.511716  0.904947  0.840310  0.824236  0.694525 
36  0.691075  0.813953  0.770784  0.762903  0.915188  0.665033  0.875470  0.729037  0.612586  0.898679  0.771122  0.627010  0.628356  0.695194  0.884923  0.705902  0.878456  0.835118  0.911112  0.768529  0.742532  0.910009  0.674200  0.492050  0.551164  0.703642  0.747633  0.810012  0.859472  0.644328  0.852770  0.950148  0.837763  0.621603  0.602500  0.701405 0.0  0.766982  0.743910  0.818036  0.561766  0.934060  0.675886  0.791369  0.551288  0.714717  0.913306  0.768274  0.449943  0.840909  0.602072  0.779599  0.857612  0.937840  0.722931  0.812526  0.739400  0.663718  0.688493  0.739646  0.869615  0.639940  0.889055  0.626950  0.552716  0.902622  0.840604  0.767307  0.468539  0.740414  0.811427  0.812065  0.714223  0.960279  0.713337  0.742809  0.834492  0.808252  0.677775  0.723945  0.664146  0.835663  0.694628  0.649014  0.739145  0.625004  0.662206  0.619980  0.635667  0.741237  0.683822  0.776640  0.603838  0.553818  0.914649  0.847901  0.778146  0.815118 
37  0.590705  0.516068  0.499271  0.631927  0.815211  0.463654  0.782473  0.491131  0.603822  0.775082  0.729259  0.717900  0.473248  0.419135  0.645054  0.386111  0.668904  0.731853  0.780862  0.794520  0.533468  0.842136  0.680949  0.687426  0.761756  0.585572  0.455407  0.656019  0.608785  0.637968  0.758244  0.836364  0.757260  0.698530  0.760122  0.710420  0.766982 0.0  0.561673  0.631729  0.724791  0.803358  0.627778  0.575225  0.571952  0.625493  0.745384  0.691185  0.808339  0.562998  0.765919  0.531701  0.775270  0.759661  0.662428  0.721369  0.599697  0.587804  0.804387  0.548939  0.602557  0.768885  0.672613  0.612144  0.712257  0.827304  0.482261  0.601807  0.711942  0.566319  0.702064  0.704701  0.495444  0.710318  0.577338  0.737550  0.777221  0.747491  0.649353  0.477462  0.765744  0.938814  0.461883  0.621627  0.525900  0.544979  0.643074  0.672733  0.636979  0.387140  0.537775  0.727043  0.598455  0.752528  0.713654  0.800436  0.745871  0.732882 
38  0.519338  0.257308  0.421285  0.531865  0.676637  0.460404  0.807638  0.591778  0.543879  0.759740  0.729753  0.610710  0.386258  0.407810  0.716378  0.484284  0.714052  0.835042  0.734723  0.781302  0.319233  0.735416  0.576625  0.617036  0.681376  0.443501  0.561980  0.579093  0.784801  0.640740  0.728077  0.752941  0.842415  0.571558  0.648437  0.619752  0.743910  0.561673 0.0  0.654566  0.655913  0.899119  0.674315  0.659475  0.768770  0.561743  0.870010  0.841538  0.695821  0.584542  0.692660  0.559631  0.647222  0.766276  0.720389  0.795866  0.621367  0.688218  0.825784  0.482205  0.902779  0.611777  0.743051  0.670408  0.571985  0.799713  0.463045  0.643432  0.726037  0.474790  0.778620  0.767793  0.625732  0.833100  0.386472  0.714419  0.795658  0.708793  0.638227  0.300862  0.700739  0.859647  0.288240  0.718612  0.577539  0.440188  0.288399  0.560128  0.563812  0.457379  0.323554  0.669657  0.648663  0.669155  0.844095  0.768992  0.828424  0.726145 
39  0.697371  0.663383  0.629049  0.558233  0.676761  0.627082  0.720027  0.715539  0.702603  0.767925  0.532458  0.711786  0.610142  0.576385  0.691773  0.509667  0.510101  0.726882  0.755086  0.717409  0.645110  0.690842  0.649274  0.749381  0.674468  0.658959  0.754149  0.665567  0.587343  0.718102  0.777723  0.642499  0.672026  0.747468  0.897525  0.635990  0.818036  0.631729  0.654566 0.0  0.736472  0.787809  0.708677  0.598373  0.770955  0.754754  0.831971  0.560345  0.802382  0.646722  0.770214  0.576964  0.896357  0.648142  0.645245  0.576759  0.681621  0.693910  0.682302  0.648362  0.702664  0.812903  0.727068  0.195139  0.885309  0.739320  0.503090  0.655952  0.735660  0.676541  0.621467  0.730545  0.508246  0.673492  0.666840  0.833836  0.704251  0.694094  0.680707  0.588870  0.712788  0.827103  0.604570  0.712666  0.617293  0.652770  0.613022  0.752928  0.811155  0.607362  0.622360  0.333641  0.779777  0.678894  0.786237  0.794595  0.685604  0.491155 
