98
0 0.0  0.647288  0.682254  0.655445  0.624281  0.787320  0.618939  0.653975  0.592625  0.561759  0.884895  0.646592  0.743864  0.856490  0.637385  0.641120  0.735274  0.663423  0.785143  0.648312  0.790080  0.499151  0.764566  0.734510  0.654744  0.761126  0.775137  0.568909  0.771366  0.718240  0.785754  0.772658  0.681875  0.511453  0.618125  0.639326  0.842416  0.696353  0.775288  0.766937  0.886873  0.707607  0.825609  0.703004  0.734005  0.681487  0.511484  0.673304  0.799851  0.673973  0.569072  0.681033  0.624333  0.599586  0.734627  0.839892  0.634038  0.632249  0.670676  0.739793  0.756176  0.652521  0.760664  0.768835  0.647817  0.688229  0.721397  0.564115  0.677251  0.807576  0.572616  0.704383  0.844640  0.718712  0.746063  0.815630  0.815649  0.572608  0.815729  0.736388  0.584590  0.559882  0.635824  0.688798  0.461844  0.740868  0.572943  0.690467  0.630922  0.695970  0.722723  0.656645  0.811549  0.615393  0.681850  0.740605  0.719123  0.749948 
1  0.647288 0.0  0.820589  0.730242  0.771324  0.748236  0.802800  0.939728  0.586014  0.683889  0.927230  0.702905  0.804321  0.752832  0.564334  0.900424  0.590093  0.667297  0.437230  0.820232  0.746028  0.755524  0.814504  0.636908  0.692296  0.799033  0.448082  0.669802  0.850538  0.797523  0.436625  0.851107  0.562754  0.722974  0.753858  0.619715  0.769261  0.790199  0.800622  0.596020  0.714317  0.579669  0.673918  0.822917  0.755143  0.545474  0.756263  0.632808  0.607096  0.658170  0.661709  0.612280  0.622577  0.620745  0.660267  0.801728  0.433400  0.609001  0.880549  0.788722  0.872477  0.648958  0.635307  0.775308  0.725736  0.580926  0.698055  0.666837  0.434615  0.878335  0.510322  0.655939  0.613114  0.654483  0.864431  0.694353  0.870341  0.796307  0.917848  0.501799  0.592142  0.697160  0.795143  0.820501  0.758260  0.551107  0.770821  0.625681  0.716443  0.855392  0.700922  0.738777  0.636040  0.587961  0.406130  0.694865  0.533783  0.816075 
2  0.682254  0.820589 0.0  0.503959  0.625772  0.736968  0.625129  0.625350  0.694925  0.669099  0.725147  0.655649  0.699615  0.698411  0.740731  0.556448  0.706492  0.676526  0.799861  0.361955  0.704121  0.737065  0.668581  0.864703  0.611458  0.650454  0.771206  0.713136  0.668637  0.784799  0.693137  0.574017  0.788423  0.663148  0.701884  0.651290  0.324579  0.562030  0.573118  0.847355  0.699539  0.812580  0.790317  0.617667  0.716761  0.794454  0.696382  0.637644  0.771701  0.741711  0.758471  0.764129  0.713559  0.696200  0.824115  0.650655  0.735060  0.809346  0.378983  0.614656  0.709566  0.668485  0.813284  0.659728  0.539279  0.708926  0.740891  0.777309  0.797309  0.687440  0.789451  0.770570  0.826359  0.570783  0.767274  0.763028  0.690302  0.760561  0.806908  0.783064  0.775583  0.688598  0.484569  0.788981  0.679741  0.796420  0.608632  0.802856  0.710396  0.598129  0.606265  0.527223  0.817268  0.735950  0.721217  0.599539  0.735176  0.810891 
3  0.655445  0.730242  0.503959 0.0  0.577159  0.636266  0.562032  0.626146  0.720041  0.654958  0.767860  0.698737  0.628211  0.663829  0.796927  0.607365  0.897253  0.687684  0.814266  0.642887  0.664174  0.663031  0.642133  0.769092  0.664834  0.722276  0.784362  0.738974  0.601122  0.765682  0.767438  0.664894  0.781639  0.634642  0.534573  0.684994  0.652324  0.599889  0.643729  0.758365  0.741461  0.811902  0.828441  0.653445  0.403122  0.829980  0.663067  0.645172  0.727195  0.675959  0.667057  0.690920  0.671323  0.719143  0.797220  0.663069  0.779555  0.712967  0.642944  0.574062  0.699191  0.622092  0.776968  0.775785  0.519700  0.689652  0.673654  0.556952  0.738519  0.655936  0.636749  0.817857  0.986570  0.544080  0.607275  0.895024  0.569317  0.567419  0.873039  0.705381  0.695132  0.652009  0.568593  0.681457  0.617725  0.677372  0.566401  0.820134  0.667253  0.528961  0.465971  0.549430  0.798089  0.797959  0.781939  0.632568  0.731390  0.706846 
4  0.624281  0.771324  0.625772  0.577159 0.0  0.759629  0.686152  0.622481  0.648703  0.663327  0.769311  0.538948  0.451712  0.666877  0.644808  0.815166  0.809756  0.704030  0.791940  0.711826  0.743567  0.646591  0.744746  0.813323  0.375837  0.823234  0.634076  0.605865  0.760802  0.643078  0.741671  0.791587  0.807268  0.606036  0.524480  0.715349  0.720197  0.740136  0.650247  0.893571  0.760695  0.751301  0.836098  0.696150  0.545561  0.781718  0.699023  0.556228  0.762687  0.534620  0.583833  0.598480  0.563710  0.603425  0.845403  0.766334  0.726790  0.669630  0.646415  0.608760  0.730422  0.540612  0.704996  0.652377  0.570517  0.605335  0.600812  0.572738  0.681916  0.719423  0.647507  0.612398  0.683659  0.632030  0.655599  0.783542  0.798195  0.710738  0.919817  0.687250  0.645916  0.469337  0.796954  0.690133  0.502968  0.718932  0.681520  0.708183  0.508622  0.713508  0.654830  0.530600  0.732522  0.724578  0.685859  0.676802  0.635401  0.773242 
5  0.787320  0.748236  0.736968  0.636266  0.759629 0.0  0.836528  0.843270  0.783001  0.739141  0.657289  0.807864  0.704429  0.747968  0.904215  0.649827  0.797858  0.831444  0.809161  0.732205  0.572751  0.777681  0.816700  0.801820  0.789789  0.567630  0.800683  0.892151  0.806769  0.578196  0.851106  0.881976  0.954069  0.648379  0.680650  0.744928  0.762027  0.682992  0.726202  0.811549  0.455901  0.849249  0.866293  0.569498  0.728478  0.849163  0.684373  0.815489  0.751901  0.895669  0.837873  0.806081  0.781230  0.764399  0.802396  0.663706  0.864069  0.817176  0.751153  0.758172  0.691459  0.767128  0.984380  0.357458  0.720715  0.707708  0.636788  0.712759  0.869369  0.672091  0.771245  0.797523  0.910450  0.847348  0.682728  0.807407  0.721090  0.770301  0.674099  0.746272  0.728883  0.841040  0.818567  0.867053  0.853506  0.776937  0.774139  0.778322  0.783250  0.704737  0.680107  0.685546  0.856315  0.936178  0.866675  0.650710  0.894530  0.694111 
6  0.618939  0.802800  0.625129  0.562032  0.686152  0.836528 0.0  0.732923  0.778275  0.735246  0.746725  0.732973  0.772120  0.678654  0.785557  0.663324  0.855964  0.806049  0.851562  0.657759  0.698435  0.773655  0.724888  0.807276  0.773854  0.793385  0.804968  0.848020  0.663279  0.792386  0.772335  0.729806  0.891993  0.674716  0.702196  0.793515  0.737208  0.735776  0.591561  0.774997  0.768555  0.830352  0.770047  0.702245  0.649600  0.737096  0.751301  0.688671  0.766805  0.751322  0.786211  0.638194  0.729350  0.705165  0.805032  0.754418  0.819525  0.794318  0.721573  0.594630  0.730098  0.707121  0.830008  0.750757  0.625668  0.709441  0.639445  0.711571  0.790376  0.744603  0.781269  0.877983  0.758487  0.661219  0.715850  0.844110  0.723157  0.700124  0.805061  0.862355  0.755884  0.670716  0.629168  0.312703  0.633850  0.838986  0.679118  0.872826  0.729467  0.701453  0.769043  0.601865  0.855911  0.639274  0.675786  0.759118  0.760293  0.767273 
7  0.653975  0.939728  0.625350  0.626146  0.622481  0.843270  0.732923 0.0  0.655910  0.647141  0.784031  0.671635  0.723538  0.574727  0.770892  0.650609  0.742355  0.728276  0.890906  0.655456  0.680891  0.666235  0.635472  0.810694  0.654190  0.830446  0.864237  0.682407  0.742566  0.794909  0.704479  0.667994  0.842651  0.599315  0.656880  0.675850  0.618254  0.542935  0.593976  0.851699  0.744007  0.799324  0.815070  0.805185  0.610757  0.637502  0.672545  0.685790  0.778976  0.652494  0.588370  0.657015  0.645443  0.739635  0.732234  0.721920  0.793680  0.742228  0.581174  0.490337  0.736464  0.707584  0.757086  0.757614  0.495199  0.669701  0.000000  0.702569  0.740173  0.740234  0.725783  0.804326  0.858452  0.506123  0.720613  0.862807  0.820389  0.483616  0.751056  0.786710  0.642498  0.661486  0.660036  0.582449  0.580287  0.803762  0.429897  0.741235  0.667921  0.743852  0.559462  0.585377  0.871012  0.677138  0.791943  0.630250  0.717360  0.749842 
8  0.592625  0.586014  0.694925  0.720041  0.648703  0.783001  0.778275  0.655910 0.0  0.516044  0.881366  0.515816  0.697907  0.825840  0.613174  0.755869  0.711040  0.406304  0.629133  0.717763  0.779892  0.517955  0.799382  0.771711  0.715350  0.885684  0.611401  0.423422  0.759449  0.643712  0.604222  0.795270  0.731147  0.597663  0.658893  0.375826  0.712360  0.769475  0.832750  0.747969  0.792866  0.600509  0.678444  0.725732  0.722502  0.548275  0.520334  0.756723  0.769499  0.716348  0.503741  0.372777  0.609278  0.543784  0.726048  0.895678  0.572044  0.516023  0.726704  0.720555  0.706244  0.576339  0.571567  0.817862  0.799736  0.448712  0.762398  0.672535  0.685988  0.683310  0.521003  0.319015  0.708044  0.651872  0.688186  0.757042  0.755879  0.781073  0.952811  0.648622  0.537982  0.637719  0.737817  0.775423  0.574647  0.723883  0.612612  0.697234  0.602604  0.743664  0.605042  0.718073  0.662494  0.562639  0.541701  0.784782  0.621000  0.823440 
9  0.561759  0.683889  0.669099  0.654958  0.663327  0.739141  0.735246  0.647141  0.516044 0.0  0.740884  0.652252  0.768926  0.794464  0.672299  0.783582  0.706363  0.560885  0.561972  0.722341  0.689655  0.248763  0.737826  0.752132  0.608429  0.824673  0.684784  0.446133  0.859031  0.794556  0.703119  0.799193  0.748256  0.465179  0.688207  0.428613  0.728493  0.725005  0.720301  0.795896  0.845014  0.759207  0.668876  0.648597  0.625067  0.629042  0.447471  0.549885  0.770002  0.564235  0.320653  0.538152  0.541344  0.472167  0.762449  0.742020  0.672103  0.574615  0.745624  0.697886  0.765076  0.566225  0.712971  0.866624  0.634758  0.509652  0.700892  0.422353  0.713643  0.812540  0.636291  0.584464  0.625390  0.732569  0.869801  0.754298  0.824058  0.609896  0.701927  0.735674  0.584010  0.474339  0.660325  0.751586  0.536192  0.684583  0.553957  0.837798  0.539854  0.673412  0.776345  0.652128  0.705039  0.779632  0.630636  0.788210  0.726886  0.727392 
10  0.884895  0.927230  0.725147  0.767860  0.769311  0.657289  0.746725  0.784031  0.881366  0.740884 0.0  0.735143  0.643925  0.642800  0.896524  0.639479  0.881052  0.764274  0.853066  0.761335  0.676625  0.829602  0.767905  0.864281  0.745021  0.548061  0.795881  0.872738  0.765124  0.732875  0.892341  0.731519  0.849843  0.816867  0.848585  0.837350  0.819575  0.657464  0.858409  0.929046  0.758711  0.768177  0.911540  0.633542  0.721099  0.855614  0.765052  0.831073  0.806753  0.869554  0.916622  0.990348  0.790629  0.853878  0.937209  0.663805  0.901503  0.664365  0.802589  0.809486  0.585251  0.865214  0.750810  0.504805  0.767010  0.821395  0.778576  0.896176  0.729642  0.750742  0.869779  0.897975  0.793780  0.743632  0.728003  0.866665  0.662743  0.856062  0.348044  0.902760  0.856395  0.817190  0.743482  0.838426  0.865897  0.811694  0.798041  0.965644  0.699869  0.743954  0.746583  0.734891  0.815914  0.861868  0.792673  0.792692  0.853106  0.454373 
11  0.646592  0.702905  0.655649  0.698737  0.538948  0.807864  0.732973  0.671635  0.515816  0.652252  0.735143 0.0  0.642493  0.796507  0.716065  0.787718  0.787266  0.568306  0.673309  0.831640  0.658746  0.555606  0.766483  0.680071  0.583258  0.759122  0.653277  0.559134  0.787529  0.796638  0.638889  0.777371  0.724371  0.554224  0.704952  0.532172  0.573219  0.751791  0.751651  0.802008  0.814087  0.694428  0.692509  0.745019  0.685095  0.580766  0.531395  0.692510  0.673615  0.651381  0.501880  0.404675  0.383292  0.408159  0.793838  0.788433  0.672234  0.579392  0.778518  0.706577  0.763327  0.454544  0.699894  0.740196  0.661923  0.279898  0.679555  0.599075  0.563783  0.722642  0.569322  0.466660  0.810093  0.699613  0.698100  0.752649  0.785229  0.654868  0.858988  0.661104  0.280010  0.550727  0.668509  0.793414  0.670557  0.671114  0.671703  0.655352  0.736654  0.761705  0.811258  0.708272  0.656683  0.606908  0.642527  0.682826  0.615848  0.865252 
12  0.743864  0.804321  0.699615  0.628211  0.451712  0.704429  0.772120  0.723538  0.697907  0.768926  0.643925  0.642493 0.0  0.621861  0.744406  0.717474  0.821555  0.696602  0.781017  0.657608  0.683940  0.751240  0.799356  0.708651  0.660204  0.748902  0.824938  0.731248  0.757915  0.602310  0.679168  0.766840  0.837306  0.668094  0.535223  0.518897  0.624057  0.609726  0.757455  0.769881  0.657184  0.716192  0.840636  0.757916  0.419355  0.710118  0.674916  0.506769  0.664558  0.520767  0.731998  0.730586  0.568060  0.705949  0.738950  0.828319  0.848883  0.802804  0.654769  0.646187  0.597978  0.623494  0.728068  0.868349  0.597456  0.717302  0.702907  0.647325  0.754160  0.776548  0.813612  0.667863  0.797337  0.623705  0.603541  0.758223  0.754228  0.554632  0.764764  0.792667  0.737138  0.544054  0.683268  0.743971  0.761820  0.722040  0.714730  0.846027  0.492069  0.709413  0.478456  0.660281  0.776264  0.704746  0.789902  0.671162  0.749581  0.656459 
13  0.856490  0.752832  0.698411  0.663829  0.666877  0.747968  0.678654  0.574727  0.825840  0.794464  0.642800  0.796507  0.621861 0.0  0.928585  0.646570  0.810461  0.753624  0.790074  0.667183  0.542650  0.889612  0.558612  0.743646  0.750793  0.695546  0.828816  0.773590  0.523313  0.715657  0.810943  0.689487  0.827807  0.784063  0.782924  0.803138  0.732659  0.611007  0.731563  0.863126  0.602219  0.825027  0.789725  0.582441  0.617347  0.809318  0.754786  0.821100  0.781708  0.706700  0.765446  0.756935  0.595495  0.967919  0.877812  0.524682  0.859008  0.815683  0.659782  0.668768  0.669686  0.705016  0.769493  0.736643  0.763830  0.778849  0.659179  0.849576  0.948598  0.489275  0.786384  0.895639  0.923924  0.654302  0.697642  0.878510  0.611562  0.749839  0.691588  0.898873  0.750896  0.817853  0.767810  0.774076  0.772092  0.825716  0.715624  0.825868  0.828274  0.570354  0.679206  0.703332  0.851876  0.856435  0.891599  0.490439  0.818890  0.737949 
14  0.637385  0.564334  0.740731  0.796927  0.644808  0.904215  0.785557  0.770892  0.613174  0.672299  0.896524  0.716065  0.744406  0.928585 0.0  0.900428  0.473567  0.639897  0.605325  0.845727  0.845400  0.787964  0.796896  0.578521  0.724015  0.984026  0.532128  0.753229  0.843770  0.865614  0.616667  0.892977  0.637261  0.755507  0.779767  0.721602  0.845317  0.812397  0.858456  0.585402  0.781520  0.626553  0.622534  0.890012  0.673040  0.717565  0.691173  0.725559  0.649499  0.786379  0.716598  0.640138  0.662102  0.706833  0.715804  0.713348  0.417618  0.525947  0.763685  0.820214  0.903641  0.740758  0.664176  0.987664  0.828018  0.646004  0.718020  0.672762  0.563960  0.812066  0.707484  0.647591  0.658032  0.811011  0.735042  0.527316  0.851334  0.709301  0.855164  0.648817  0.664824  0.779665  0.801425  0.724236  0.855991  0.561384  0.745575  0.580051  0.807092  0.805662  0.717718  0.734607  0.698249  0.596198  0.372079  0.857566  0.580680  0.878654 
15  0.641120  0.900424  0.556448  0.607365  0.815166  0.649827  0.663324  0.650609  0.755869  0.783582  0.639479  0.787718  0.717474  0.646570  0.900428 0.0  0.824283  0.687959  0.761419  0.606663  0.510865  0.759729  0.238380  0.814577  0.751006  0.835300  0.804669  0.844007  0.378472  0.735805  0.814301  0.610919  0.890973  0.741168  0.806671  0.827720  0.627898  0.555708  0.613937  0.819735  0.651686  0.704556  0.867412  0.644797  0.594352  0.740710  0.811005  0.732699  0.860496  0.683129  0.744253  0.645154  0.816854  0.674964  0.858346  0.487356  0.753370  0.789951  0.530724  0.788863  0.676151  0.748039  0.931588  0.744882  0.578711  0.661189  0.630542  0.761821  0.902670  0.681559  0.741439  0.790516  0.818886  0.569192  0.739979  0.838041  0.510831  0.703570  0.786573  0.735094  0.676446  0.819433  0.635512  0.645599  0.708936  0.909404  0.713189  0.781696  0.772338  0.606766  0.669265  0.673346  0.835222  0.827186  0.921022  0.546380  0.848207  0.822748 
16  0.735274  0.590093  0.706492  0.897253  0.809756  0.797858  0.855964  0.742355  0.711040  0.706363  0.881052  0.787266  0.821555  0.810461  0.473567  0.824283 0.0  0.648210  0.559795  0.855208  0.821311  0.738796  0.870975  0.672115  0.626861  0.842741  0.575479  0.685764  0.838746  0.815811  0.584777  0.840210  0.641814  0.765619  0.785986  0.684783  0.837670  0.819215  0.884927  0.364852  0.791749  0.573642  0.611580  0.779753  0.684367  0.564205  0.725771  0.778409  0.592712  0.827084  0.712251  0.679045  0.772348  0.782431  0.640728  0.906053  0.741623  0.681291  0.734964  0.728763  0.777998  0.717935  0.684245  0.930238  0.763786  0.702975  0.903050  0.850721  0.674182  0.888950  0.634403  0.626278  0.474823  0.827865  0.695470  0.610832  0.859338  0.850198  0.856141  0.566338  0.763089  0.747247  0.887417  0.780559  0.811966  0.606010  0.822911  0.250639  0.758898  0.850496  0.921833  0.939129  0.562335  0.666480  0.645768  0.912947  0.718019  0.842623 
17  0.663423  0.667297  0.676526  0.687684  0.704030  0.831444  0.806049  0.728276  0.406304  0.560885  0.764274  0.568306  0.696602  0.753624  0.639897  0.687959  0.648210 0.0  0.683595  0.641117  0.756139  0.573403  0.844704  0.698616  0.725817  0.829681  0.632890  0.528783  0.878224  0.878165  0.653414  0.808509  0.680659  0.559924  0.690582  0.584458  0.756351  0.775109  0.714214  0.752562  0.879556  0.645275  0.778479  0.874690  0.747772  0.504819  0.578945  0.680482  0.673825  0.658712  0.644525  0.517153  0.595798  0.666058  0.736770  0.754646  0.626704  0.549802  0.708272  0.662050  0.772045  0.588328  0.706305  0.903430  0.837553  0.479303  0.691932  0.572009  0.619984  0.840047  0.660683  0.545615  0.700255  0.705317  0.694834  0.699405  0.816659  0.701360  0.893760  0.622681  0.537540  0.655255  0.798267  0.820250  0.581685  0.622154  0.692443  0.613502  0.789349  0.736602  0.749819  0.755234  0.777930  0.495118  0.597003  0.846826  0.480585  0.911734 
18  0.785143  0.437230  0.799861  0.814266  0.791940  0.809161  0.851562  0.890906  0.629133  0.561972  0.853066  0.673309  0.781017  0.790074  0.605325  0.761419  0.559795  0.683595 0.0  0.822709  0.772095  0.697746  0.940341  0.495880  0.734144  0.842711  0.418209  0.630860  0.906940  0.721198  0.429843  0.816155  0.559007  0.726371  0.753882  0.753065  0.715564  0.766732  0.888083  0.605675  0.736606  0.543757  0.688493  0.816968  0.882342  0.613060  0.736078  0.715993  0.598490  0.686766  0.767705  0.666893  0.769204  0.697146  0.633245  0.886678  0.576454  0.620063  0.809832  0.745023  0.888770  0.604968  0.515184  0.885511  0.730023  0.670625  0.746158  0.727283  0.522150  0.831525  0.743544  0.625373  0.564814  0.746584  0.770318  0.566170  0.789565  0.805972  0.809426  0.448954  0.695064  0.867813  0.707079  0.805137  0.729974  0.377060  0.828945  0.635984  0.855491  0.826437  0.754469  0.710162  0.558476  0.440032  0.517742  0.831702  0.482438  0.800290 
19  0.648312  0.820232  0.361955  0.642887  0.711826  0.732205  0.657759  0.655456  0.717763  0.722341  0.761335  0.831640  0.657608  0.667183  0.845727  0.606663  0.855208  0.641117  0.822709 0.0  0.674306  0.789639  0.669056  0.823247  0.634494  0.789026  0.735641  0.674284  0.552139  0.629503  0.822926  0.612501  0.830849  0.750206  0.679315  0.654010  0.281465  0.539639  0.380052  0.793308  0.724220  0.836051  0.746606  0.585573  0.604169  0.779876  0.720843  0.796797  0.885132  0.609654  0.674242  0.804960  0.757917  0.678880  0.871960  0.716593  0.773645  0.725971  0.278408  0.644488  0.752885  0.684113  0.791852  0.764826  0.518627  0.801496  0.669761  0.739930  0.773879  0.532061  0.737955  0.695472  0.894564  0.530873  0.598278  0.850819  0.646234  0.650934  0.720498  0.826346  0.689076  0.696203  0.323855  0.603286  0.811989  0.773031  0.585961  0.769783  0.712226  0.486753  0.712862  0.508722  0.975332  0.780020  0.761013  0.714074  0.775287  0.779612 
20  0.790080  0.746028  0.704121  0.664174  0.743567  0.572751  0.698435  0.680891  0.779892  0.689655  0.676625  0.658746  0.683940  0.542650  0.845400  0.510865  0.821311  0.756139  0.772095  0.674306 0.0  0.725615  0.594042  0.914059  0.698820  0.666144  0.769586  0.749318  0.666366  0.637854  0.799308  0.673495  0.752072  0.699791  0.643189  0.766984  0.589673  0.565184  0.595760  0.843908  0.661942  0.710725  0.746940  0.570538  0.768170  0.745895  0.742021  0.732239  0.902674  0.732981  0.863905  0.735880  0.761002  0.840037  0.781305  0.570825  0.748099  0.725805  0.732518  0.730131  0.632296  0.801182  0.728472  0.628431  0.728195  0.821944  0.602026  0.767282  0.772364  0.561073  0.771120  0.910842  0.886686  0.658922  0.539152  0.897678  0.475563  0.754221  0.806943  0.732849  0.885255  0.776381  0.686932  0.617070  0.751442  0.859384  0.669626  0.835558  0.856278  0.507635  0.679041  0.669155  0.775007  0.774899  0.775081  0.395533  0.808636  0.688163 
21  0.499151  0.755524  0.737065  0.663031  0.646591  0.777681  0.773655  0.666235  0.517955  0.248763  0.829602  0.555606  0.751240  0.889612  0.787964  0.759729  0.738796  0.573403  0.697746  0.789639  0.725615 0.0  0.811844  0.712167  0.651557  0.763771  0.736893  0.576356  0.902453  0.701531  0.632816  0.632930  0.847816  0.573694  0.652956  0.392330  0.718849  0.734531  0.725591  0.694663  0.788044  0.784677  0.631155  0.748373  0.677613  0.548581  0.113391  0.680748  0.753252  0.550591  0.264859  0.542091  0.401355  0.622627  0.794800  0.781193  0.635803  0.555795  0.738667  0.571594  0.781654  0.473355  0.737137  0.854559  0.709923  0.511934  0.751304  0.520463  0.636564  0.718637  0.619071  0.629317  0.719835  0.707379  0.675537  0.832597  0.791649  0.631723  0.782922  0.636860  0.543784  0.556745  0.682391  0.658841  0.569234  0.620429  0.619035  0.649167  0.497152  0.838373  0.706311  0.687407  0.713559  0.617072  0.773460  0.806168  0.692609  0.817034 
22  0.764566  0.814504  0.668581  0.642133  0.744746  0.816700  0.724888  0.635472  0.799382  0.737826  0.767905  0.766483  0.799356  0.558612  0.796896  0.238380  0.870975  0.844704  0.940341  0.669056  0.594042  0.811844 0.0  0.811001  0.807518  0.745579  0.878568  0.736225  0.361520  0.722102  0.783243  0.402985  0.865555  0.725651  0.591384  0.812791  0.577216  0.595620  0.619276  0.814352  0.661852  0.855577  0.872028  0.745307  0.762204  0.806278  0.812186  0.705721  0.766498  0.770738  0.734309  0.749686  0.704458  0.855647  0.698063  0.539082  0.897228  0.810962  0.505996  0.704224  0.771481  0.726311  0.821352  0.714827  0.634235  0.717989  0.636621  0.769323  0.840953  0.550215  0.809738  0.761947  0.817176  0.682600  0.628562  0.805084  0.599447  0.718053  0.736891  0.736446  0.876648  0.719602  0.675870  0.791388  0.752202  0.833030  0.680967  0.875230  0.833237  0.552310  0.671896  0.578663  0.811891  0.866382  0.889836  0.502540  0.775974  0.772337 
23  0.734510  0.636908  0.864703  0.769092  0.813323  0.801820  0.807276  0.810694  0.771711  0.752132  0.864281  0.680071  0.708651  0.743646  0.578521  0.814577  0.672115  0.698616  0.495880  0.823247  0.914059  0.712167  0.811001 0.0  0.795698  0.910544  0.576299  0.784345  0.697769  0.884031  0.423501  0.853092  0.530043  0.821662  0.694857  0.699266  0.872362  0.868470  0.813265  0.551581  0.900349  0.445675  0.678613  0.786101  0.748688  0.637185  0.766388  0.761633  0.643285  0.722800  0.801435  0.669338  0.738544  0.658218  0.686370  0.905487  0.524301  0.657559  0.900076  0.766722  0.715356  0.745499  0.493488  0.787871  0.934022  0.678753  0.718178  0.768436  0.590363  0.803985  0.664553  0.737077  0.720447  0.750674  0.704964  0.573711  0.772346  0.757999  0.797287  0.638037  0.721931  0.821471  0.788267  0.753326  0.687871  0.373623  0.757851  0.710500  0.693235  0.861612  0.861471  0.846505  0.433207  0.565605  0.722325  0.802675  0.602435  0.805780 
24  0.654744  0.692296  0.611458  0.664834  0.375837  0.789789  0.773854  0.654190  0.715350  0.608429  0.745021  0.583258  0.660204  0.750793  0.724015  0.751006  0.626861  0.725817  0.734144  0.634494  0.698820  0.651557  0.807518  0.795698 0.0  0.843175  0.832163  0.716345  0.828494  0.647163  0.694345  0.686838  0.791329  0.514713  0.556585  0.681212  0.768031  0.818765  0.737078  0.919683  0.614291  0.660372  0.765015  0.763975  0.669627  0.664412  0.495194  0.549316  0.677305  0.451049  0.586201  0.697999  0.565115  0.712936  0.748106  0.767624  0.679589  0.672239  0.806010  0.641022  0.771666  0.618362  0.661254  0.820802  0.755321  0.635945  0.644867  0.627843  0.727811  0.699193  0.797829  0.620222  0.722185  0.695146  0.668773  0.837330  0.773800  0.629292  0.835167  0.737799  0.717169  0.522995  0.735632  0.688153  0.668977  0.794478  0.660352  0.802832  0.478500  0.657058  0.570225  0.724617  0.817582  0.761571  0.827555  0.796799  0.651206  0.789377 
25  0.761126  0.799033  0.650454  0.722276  0.823234  0.567630  0.793385  0.830446  0.885684  0.824673  0.548061  0.759122  0.748902  0.695546  0.984026  0.835300  0.842741  0.829681  0.842711  0.789026  0.666144  0.763771  0.745579  0.910544  0.843175 0.0  0.933675  0.735656  0.755475  0.682885  0.805939  0.719981  0.891303  0.801179  0.868185  0.810075  0.607210  0.713376  0.720902  0.859872  0.459759  0.809335  0.949815  0.663647  0.817026  0.735968  0.746617  0.746441  0.832438  0.755407  0.814509  0.877899  0.779247  0.880083  0.837535  0.762540  0.782181  0.922250  0.806058  0.759223  0.784414  0.791335  0.970436  0.487066  0.792799  0.868266  0.733059  0.889336  0.822129  0.692879  0.876128  0.779812  0.930627  0.784009  0.734326  0.901364  0.658219  0.712643  0.673981  0.869121  0.757399  0.870297  0.781023  0.904425  0.792802  0.871654  0.743330  0.913913  0.737252  0.612034  0.814307  0.805660  0.882685  0.742145  0.809575  0.634031  0.813588  0.510685 
26  0.775137  0.448082  0.771206  0.784362  0.634076  0.800683  0.804968  0.864237  0.611401  0.684784  0.795881  0.653277  0.824938  0.828816  0.532128  0.804669  0.575479  0.632890  0.418209  0.735641  0.769586  0.736893  0.878568  0.576299  0.832163  0.933675 0.0  0.602312  0.801558  0.848957  0.548482  0.756058  0.653049  0.842784  0.650743  0.718229  0.807940  0.807453  0.848680  0.560488  0.769997  0.457339  0.618384  0.829145  0.792063  0.643775  0.726791  0.752522  0.580086  0.749766  0.729383  0.694075  0.764133  0.615504  0.571192  0.779064  0.570997  0.579193  0.796048  0.864905  0.833536  0.641032  0.509174  0.805275  0.756686  0.682868  0.718877  0.699815  0.501706  0.807244  0.608377  0.716320  0.763728  0.795540  0.887462  0.631241  0.878541  0.859188  0.857942  0.589922  0.697487  0.745718  0.911938  0.774431  0.739515  0.540633  0.707082  0.542733  0.903715  0.828594  0.717051  0.798513  0.566572  0.562252  0.565382  0.851691  0.564082  0.878438 
27  0.568909  0.669802  0.713136  0.738974  0.605865  0.892151  0.848020  0.682407  0.423422  0.446133  0.872738  0.559134  0.731248  0.773590  0.753229  0.844007  0.685764  0.528783  0.630860  0.674284  0.749318  0.576356  0.736225  0.784345  0.716345  0.735656  0.602312 0.0  0.733646  0.679508  0.690270  0.783913  0.815974  0.520154  0.727969  0.483229  0.720558  0.744850  0.668081  0.726003  0.770596  0.687890  0.762822  0.718374  0.703008  0.699565  0.468583  0.635180  0.719087  0.643452  0.415056  0.520918  0.541352  0.600423  0.766190  0.776352  0.691065  0.614850  0.797648  0.697565  0.788892  0.553087  0.700306  0.895689  0.655048  0.520078  0.739599  0.702010  0.657815  0.864092  0.666728  0.577329  0.748558  0.725097  0.757506  0.784006  0.740467  0.732994  0.818058  0.704357  0.445539  0.483826  0.698577  0.614058  0.499696  0.650461  0.688812  0.683796  0.563287  0.767191  0.714484  0.762475  0.712342  0.603135  0.719597  0.738993  0.609352  0.842497 
28  0.771366  0.850538  0.668637  0.601122  0.760802  0.806769  0.663279  0.742566  0.759449  0.859031  0.765124  0.787529  0.757915  0.523313  0.843770  0.378472  0.838746  0.878224  0.906940  0.552139  0.666366  0.902453  0.361520  0.697769  0.828494  0.755475  0.801558  0.733646 0.0  0.773582  0.890687  0.511582  0.737736  0.752065  0.643125  0.728021  0.676172  0.674070  0.649562  0.835989  0.647207  0.930038  0.922004  0.778458  0.651039  0.933369  0.850273  0.794466  0.952333  0.760308  0.785097  0.749358  0.738432  0.817502  0.907939  0.575111  0.881774  0.825364  0.630944  0.648311  0.752104  0.730142  0.877374  0.670312  0.731395  0.844969  0.668361  0.795744  0.795298  0.647267  0.789663  0.691672  0.865251  0.646716  0.768134  0.834154  0.414493  0.604622  0.728275  0.881459  0.798358  0.708011  0.657297  0.545592  0.668035  0.851829  0.747024  0.842648  0.827090  0.607745  0.719856  0.643439  0.910421  0.789503  0.760501  0.408137  0.779965  0.802099 
29  0.718240  0.797523  0.784799  0.765682  0.643078  0.578196  0.792386  0.794909  0.643712  0.794556  0.732875  0.796638  0.602310  0.715657  0.865614  0.735805  0.815811  0.878165  0.721198  0.629503  0.637854  0.701531  0.722102  0.884031  0.647163  0.682885  0.848957  0.679508  0.773582 0.0  0.785746  0.751040  0.807318  0.798903  0.801515  0.814423  0.794190  0.619762  0.634915  0.776210  0.645830  0.760766  0.712588  0.861207  0.681565  0.657272  0.835901  0.619084  0.764228  0.773320  0.656356  0.699597  0.759848  0.655534  0.804961  0.861295  0.733006  0.758327  0.769142  0.741538  0.484306  0.693154  0.756625  0.695127  0.666241  0.736474  0.673946  0.670194  0.755675  0.728058  0.702936  0.707594  0.828345  0.768465  0.493856  0.901895  0.728202  0.709726  0.716473  0.808895  0.706095  0.762539  0.837737  0.811738  0.726752  0.748993  0.797681  0.768050  0.720248  0.702416  0.679616  0.783209  0.724227  0.681442  0.760116  0.720458  0.890011  0.739978 
30  0.785754  0.436625  0.693137  0.767438  0.741671  0.851106  0.772335  0.704479  0.604222  0.703119  0.892341  0.638889  0.679168  0.810943  0.616667  0.814301  0.584777  0.653414  0.429843  0.822926  0.799308  0.632816  0.783243  0.423501  0.694345  0.805939  0.548482  0.690270  0.890687  0.785746 0.0  0.894600  0.458512  0.823379  0.669319  0.686518  0.803229  0.829941  0.847559  0.535498  0.821903  0.581765  0.640556  0.782739  0.740848  0.624231  0.692819  0.784004  0.507438  0.821728  0.659990  0.643907  0.642979  0.594969  0.486144  0.887275  0.628263  0.505364  0.852451  0.662411  0.789158  0.797514  0.448325  0.853536  0.791926  0.644162  0.909816  0.668929  0.485064  0.889291  0.718387  0.740760  0.647561  0.824650  0.702471  0.657574  0.738716  0.729118  0.766876  0.396991  0.595133  0.767139  0.759907  0.864924  0.787597  0.337722  0.746284  0.655947  0.770719  0.813090  0.875170  0.701109  0.683286  0.592864  0.675312  0.814977  0.480911  0.898076 
31  0.772658  0.851107  0.574017  0.664894  0.791587  0.881976  0.729806  0.667994  0.795270  0.799193  0.731519  0.777371  0.766840  0.689487  0.892977  0.610919  0.840210  0.808509  0.816155  0.612501  0.673495  0.632930  0.402985  0.853092  0.686838  0.719981  0.756058  0.783913  0.511582  0.751040  0.894600 0.0  0.822366  0.715350  0.715958  0.787602  0.612808  0.545066  0.638957  0.796882  0.651921  0.804309  0.881301  0.734901  0.791026  0.829556  0.745360  0.662599  0.833533  0.778757  0.683117  0.763063  0.753532  0.832047  0.871235  0.724898  0.913735  0.769537  0.421740  0.777149  0.836806  0.836372  0.800296  0.707224  0.572702  0.822941  0.668761  0.889483  0.845299  0.606358  0.828525  0.731636  0.820588  0.486465  0.697394  0.848887  0.694302  0.721031  0.735508  0.773066  0.866695  0.836648  0.583648  0.644620  0.754042  0.751702  0.785494  0.814822  0.754060  0.709821  0.634917  0.602112  0.815642  0.803959  0.722886  0.500908  0.848322  0.846598 
32  0.681875  0.562754  0.788423  0.781639  0.807268  0.954069  0.891993  0.842651  0.731147  0.748256  0.849843  0.724371  0.837306  0.827807  0.637261  0.890973  0.641814  0.680659  0.559007  0.830849  0.752072  0.847816  0.865555  0.530043  0.791329  0.891303  0.653049  0.815974  0.737736  0.807318  0.458512  0.822366 0.0  0.836342  0.739945  0.673391  0.853830  0.762660  0.882867  0.468787  0.807108  0.408929  0.514318  0.985503  0.789472  0.662041  0.881649  0.737819  0.529666  0.815436  0.728557  0.757169  0.716350  0.690440  0.523035  0.971265  0.710392  0.683162  0.764411  0.802354  0.908346  0.790452  0.620117  0.823600  0.741392  0.818274  0.741791  0.711645  0.652894  0.890410  0.623674  0.748367  0.588472  0.823143  0.769126  0.451896  0.964518  0.689135  0.858094  0.586700  0.693257  0.695675  0.888890  0.788278  0.720165  0.566104  0.788339  0.512996  0.794250  0.734435  0.782709  0.829467  0.278688  0.705250  0.777271  0.820617  0.707180  0.841799 
33  0.511453  0.722974  0.663148  0.634642  0.606036  0.648379  0.674716  0.599315  0.597663  0.465179  0.816867  0.554224  0.668094  0.784063  0.755507  0.741168  0.765619  0.559924  0.726371  0.750206  0.699791  0.573694  0.725651  0.821662  0.514713  0.801179  0.842784  0.520154  0.752065  0.798903  0.823379  0.715350  0.836342 0.0  0.565239  0.419525  0.710610  0.680716  0.616125  0.748610  0.728969  0.640229  0.692067  0.779867  0.646008  0.639500  0.377775  0.804584  0.671052  0.611633  0.536998  0.520462  0.569783  0.616805  0.760044  0.701621  0.659364  0.713997  0.727866  0.602785  0.658887  0.596420  0.658000  0.856705  0.663118  0.593445  0.736860  0.550949  0.677643  0.693389  0.638006  0.506270  0.708013  0.701735  0.765376  0.811660  0.848756  0.657174  0.741263  0.772902  0.569274  0.454003  0.680702  0.719157  0.459091  0.809750  0.561498  0.708455  0.479785  0.742867  0.714752  0.652505  0.799235  0.641999  0.631267  0.809029  0.697269  0.802988 
34  0.618125  0.753858  0.701884  0.534573  0.524480  0.680650  0.702196  0.656880  0.658893  0.688207  0.848585  0.704952  0.535223  0.782924  0.779767  0.806671  0.785986  0.690582  0.753882  0.679315  0.643189  0.652956  0.591384  0.694857  0.556585  0.868185  0.650743  0.727969  0.643125  0.801515  0.669319  0.715958  0.739945  0.565239 0.0  0.631405  0.609265  0.626925  0.674060  0.758841  0.711135  0.827287  0.771159  0.768098  0.542483  0.712528  0.693756  0.587365  0.722391  0.558833  0.630026  0.652934  0.563390  0.681034  0.844928  0.648571  0.783502  0.639206  0.718333  0.530459  0.630299  0.618933  0.783652  0.802938  0.627649  0.595016  0.591949  0.659285  0.772005  0.801917  0.731242  0.679637  0.784542  0.730234  0.698773  0.781036  0.790280  0.539770  0.857018  0.790056  0.653099  0.631670  0.734036  0.790212  0.646360  0.677505  0.524105  0.884643  0.553996  0.630018  0.573744  0.610822  0.720534  0.708614  0.859601  0.646815  0.671914  0.763822 
35  0.639326  0.619715  0.651290  0.684994  0.715349  0.744928  0.793515  0.675850  0.375826  0.428613  0.837350  0.532172  0.518897  0.803138  0.721602  0.827720  0.684783  0.584458  0.753065  0.654010  0.766984  0.392330  0.812791  0.699266  0.681212  0.810075  0.718229  0.483229  0.728021  0.814423  0.686518  0.787602  0.673391  0.419525  0.631405 0.0  0.821081  0.730608  0.726177  0.750835  0.762074  0.726316  0.779099  0.725700  0.684363  0.576863  0.399107  0.695061  0.653156  0.707759  0.401948  0.380234  0.509114  0.525595  0.756932  0.910015  0.712775  0.636632  0.688806  0.656117  0.767675  0.464939  0.633394  0.783418  0.721723  0.422598  0.733209  0.534629  0.560828  0.721397  0.619425  0.519522  0.779200  0.726197  0.707008  0.736590  0.762859  0.631557  0.834461  0.661622  0.457727  0.419984  0.737512  0.798299  0.549380  0.634914  0.553186  0.742089  0.607596  0.786539  0.658211  0.769330  0.687545  0.620658  0.635918  0.803467  0.536971  0.706832 
36  0.842416  0.769261  0.324579  0.652324  0.720197  0.762027  0.737208  0.618254  0.712360  0.728493  0.819575  0.573219  0.624057  0.732659  0.845317  0.627898  0.837670  0.756351  0.715564  0.281465  0.589673  0.718849  0.577216  0.872362  0.768031  0.607210  0.807940  0.720558  0.676172  0.794190  0.803229  0.612808  0.853830  0.710610  0.609265  0.821081 0.0  0.558258  0.616910  0.763249  0.633454  0.728255  0.859381  0.623323  0.622824  0.746659  0.745279  0.743303  0.868712  0.711410  0.615031  0.671280  0.742277  0.744706  0.757120  0.596841  0.800496  0.762942  0.297280  0.627297  0.691679  0.646572  0.767452  0.690267  0.455792  0.700582  0.619670  0.732278  0.844387  0.780457  0.803530  0.729339  0.796986  0.462051  0.825807  0.816458  0.625786  0.663354  0.775304  0.825538  0.703004  0.706305  0.376691  0.617157  0.715229  0.783287  0.631526  0.831380  0.770271  0.682633  0.497307  0.528373  0.747429  0.829508  0.727641  0.578996  0.803184  0.772935 
37  0.696353  0.790199  0.562030  0.599889  0.740136  0.682992  0.735776  0.542935  0.769475  0.725005  0.657464  0.751791  0.609726  0.611007  0.812397  0.555708  0.819215  0.775109  0.766732  0.539639  0.565184  0.734531  0.595620  0.868470  0.818765  0.713376  0.807453  0.744850  0.674070  0.619762  0.829941  0.545066  0.762660  0.680716  0.626925  0.730608  0.558258 0.0  0.567910  0.729591  0.627133  0.711426  0.868075  0.688084  0.613208  0.787624  0.811083  0.764869  0.719573  0.636606  0.652529  0.737749  0.625571  0.674120  0.892282  0.659993  0.682024  0.697896  0.617304  0.684965  0.737199  0.670397  0.799764  0.775340  0.524280  0.705385  0.710527  0.673972  0.917813  0.682165  0.874300  0.780017  0.811034  0.540392  0.728449  0.798092  0.697985  0.706663  0.654998  0.754327  0.810476  0.728438  0.588400  0.697959  0.613824  0.781256  0.522716  0.820017  0.683398  0.419383  0.589050  0.606314  0.916389  0.824145  0.748500  0.513569  0.785758  0.789205 
38  0.775288  0.800622  0.573118  0.643729  0.650247  0.726202  0.591561  0.593976  0.832750  0.720301  0.858409  0.751651  0.757455  0.731563  0.858456  0.613937  0.884927  0.714214  0.888083  0.380052  0.595760  0.725591  0.619276  0.813265  0.737078  0.720902  0.848680  0.668081  0.649562  0.634915  0.847559  0.638957  0.882867  0.616125  0.674060  0.726177  0.616910  0.567910 0.0  0.735824  0.728045  0.841499  0.680502  0.792069  0.643655  0.877970  0.768739  0.703792  0.712065  0.627986  0.837594  0.696132  0.711324  0.776445  0.821725  0.681939  0.771881  0.766616  0.445646  0.611325  0.760397  0.751469  0.903836  0.818547  0.624998  0.777485  0.581410  0.749260  0.725969  0.866945  0.745695  0.793114  0.791204  0.410551  0.697607  0.693388  0.702870  0.604916  0.758873  0.838682  0.721731  0.802912  0.413457  0.606671  0.694098  0.928695  0.597601  0.847029  0.620357  0.678494  0.551651  0.311971  0.874272  0.837632  0.735294  0.652285  0.691803  0.725116 
39  0.766937  0.596020  0.847355  0.758365  0.893571  0.811549  0.774997  0.851699  0.747969  0.795896  0.929046  0.802008  0.769881  0.863126  0.585402  0.819735  0.364852  0.752562  0.605675  0.793308  0.843908  0.694663  0.814352  0.551581  0.919683  0.859872  0.560488  0.726003  0.835989  0.776210  0.535498  0.796882  0.468787  0.748610  0.758841  0.750835  0.763249  0.729591  0.735824 0.0  0.906721  0.613836  0.516541  0.860691  0.917614  0.636924  0.814633  0.755246  0.697191  0.836984  0.662435  0.781331  0.692272  0.835164  0.581389  0.724754  0.669523  0.705132  0.809749  0.704572  0.866199  0.693793  0.658058  0.915659  0.839125  0.731351  0.881664  0.832102  0.681653  0.896977  0.624063  0.663264  0.582885  0.722198  0.848772  0.486244  0.775067  0.754215  0.830173  0.693809  0.722113  0.789533  0.868433  0.775594  0.842138  0.533095  0.870436  0.278190  0.791320  0.849122  0.793818  0.813704  0.528607  0.670395  0.615884  0.830051  0.709242  0.876655 
