98
0 0.0  0.833448  0.916872  0.600610  0.782672  0.830133  0.750521  0.762260  0.673450  0.547240  0.747454  0.900997  0.776906  0.488367  0.701550  0.643004  0.473778  0.613408  0.551791  0.793543  0.472543  0.835946  0.736568  0.588537  0.909363  0.270819  0.833716  0.584274  0.690918  0.778712  0.678413  0.766499  0.783381  0.817662  0.508329  0.818179  0.826330  0.794343  0.764668  0.719539  0.748572  0.553854  0.732659  0.574984  0.576762  0.849713  0.767034  0.615027  0.976767  0.815402  0.531062  0.860527  0.909624  0.862930  0.734994  0.826862  0.929040  0.792688  0.770180  0.675350  0.554535  0.667482  0.549195  0.913791  0.795462  0.839519  0.447914  0.690646  0.543754  0.827876  0.657621  0.812671  0.725362  0.713346  0.750517  0.430235  0.808331  0.467111  0.795633  0.539306  0.878416  0.638753  0.781935  0.549853  0.921053  0.690680  0.805560  0.657386  0.790950  0.804630  0.823280  0.524219  0.675703  0.871745  0.715627  0.558508  0.813026  0.825920 
1  0.833448 0.0  0.703864  0.762773  0.736561  0.707228  0.788192  0.674342  0.800503  0.860181  0.740449  0.418585  0.511061  0.773174  0.808227  0.834808  0.890782  0.874201  0.894105  0.720176  0.904926  0.589805  0.596773  0.710379  0.563212  0.792829  0.710918  0.758789  0.797450  0.687447  0.671297  0.843800  0.686138  0.602939  0.830887  0.656482  0.786759  0.777641  0.675323  0.801814  0.678310  0.711709  0.744935  0.879169  0.802141  0.449755  0.681002  0.781404  0.566868  0.751968  0.958662  0.778990  0.646645  0.818163  0.896841  0.721490  0.557098  0.581723  0.773568  0.832926  0.940997  0.885700  0.828925  0.518829  0.632460  0.720329  0.790213  0.719479  0.879873  0.458356  0.657679  0.856080  0.811141  0.875517  0.733828  0.863386  0.680042  0.906913  0.640173  0.764092  0.624727  0.798579  0.703575  0.843007  0.756331  0.757243  0.679800  0.835067  0.595965  0.587773  0.664636  0.883760  0.674787  0.529680  0.746960  0.719529  0.446091  0.770506 
2  0.916872  0.703864 0.0  0.901164  0.879906  0.738320  0.775813  0.685798  0.826395  0.852832  0.769522  0.718134  0.832212  0.837714  0.842203  0.770979  0.927736  0.769463  0.729575  0.524243  0.944091  0.822657  0.716065  0.842822  0.784303  0.824662  0.836673  0.780245  0.702855  0.746632  0.864303  0.840055  0.643708  0.688879  0.927003  0.840781  0.767048  0.775200  0.652847  0.808554  0.780889  0.856735  0.899142  0.797740  0.779838  0.692050  0.789498  0.868832  0.733804  0.850636  0.798197  0.459356  0.444806  0.775337  0.694903  0.664794  0.744880  0.627623  0.837553  0.810894  0.866010  0.856791  0.846304  0.647019  0.730189  0.777668  0.870882  0.765259  0.915165  0.763246  0.764389  0.751460  0.817883  0.731673  0.775920  0.844486  0.772658  0.772456  0.751266  0.780381  0.528188  0.805891  0.801886  0.904969  0.662300  0.827824  0.711451  0.794746  0.868843  0.723901  0.814115  0.916004  0.735432  0.811053  0.805490  0.795956  0.684630  0.441191 
3  0.600610  0.762773  0.901164 0.0  0.697498  0.750132  0.659551  0.819662  0.577621  0.616245  0.647075  0.742504  0.814428  0.564579  0.500917  0.514823  0.727071  0.441779  0.411030  0.751400  0.678662  0.729204  0.774116  0.455443  0.753254  0.561057  0.712796  0.665295  0.480744  0.770176  0.406559  0.573685  0.742056  0.653920  0.657189  0.760424  0.752363  0.605482  0.721637  0.565837  0.756913  0.619499  0.731935  0.505874  0.199872  0.819933  0.761179  0.571656  0.765700  0.593675  0.671198  0.839668  0.859709  0.711913  0.658485  0.647586  0.767433  0.841329  0.642391  0.560244  0.504489  0.558612  0.500708  0.823567  0.688392  0.708723  0.424903  0.647688  0.228766  0.679645  0.632316  0.742162  0.585025  0.758336  0.684888  0.500134  0.782100  0.632247  0.642070  0.027917  0.852060  0.539693  0.715727  0.567799  0.726629  0.554114  0.799833  0.349198  0.729986  0.755881  0.762812  0.588522  0.528915  0.797542  0.715692  0.494669  0.817015  0.795680 
4  0.782672  0.736561  0.879906  0.697498 0.0  0.689776  0.544327  0.804592  0.638431  0.720002  0.745724  0.594534  0.705086  0.835288  0.695753  0.790707  0.804746  0.777137  0.768358  0.840309  0.813998  0.553686  0.641403  0.766254  0.584215  0.809148  0.619655  0.577011  0.755919  0.652470  0.670395  0.664437  0.779721  0.629695  0.837408  0.616690  0.686141  0.595983  0.600516  0.731671  0.683626  0.830548  0.628038  0.629638  0.806601  0.777848  0.736921  0.755321  0.664243  0.751538  0.803923  0.792808  0.832132  0.744229  0.692766  0.706120  0.731992  0.480086  0.572872  0.725338  0.803577  0.764381  0.728346  0.775797  0.698397  0.663342  0.788325  0.715737  0.733051  0.693894  0.724786  0.636920  0.660342  0.489470  0.532178  0.739071  0.583092  0.769129  0.695286  0.772748  0.726217  0.805562  0.768841  0.754866  0.860811  0.614489  0.615559  0.646981  0.557483  0.755345  0.652940  0.677727  0.653795  0.645337  0.494501  0.795720  0.676923  0.769326 
5  0.830133  0.707228  0.738320  0.750132  0.689776 0.0  0.750611  0.552030  0.832912  0.806157  0.713434  0.616235  0.464483  0.841794  0.633131  0.823100  0.825426  0.908121  0.814456  0.699050  0.781997  0.584657  0.438996  0.726781  0.531090  0.880671  0.606974  0.717048  0.709916  0.584919  0.782661  0.688049  0.560233  0.583358  0.899719  0.533363  0.681700  0.631446  0.619074  0.690679  0.531623  0.882321  0.676540  0.859634  0.654301  0.580011  0.617705  0.765065  0.521226  0.766472  0.857792  0.631598  0.880343  0.646172  0.677451  0.671197  0.515308  0.646015  0.718417  0.827071  0.794058  0.836947  0.781135  0.735921  0.653118  0.618202  0.835220  0.709370  0.743017  0.530755  0.763315  0.712314  0.698105  0.691924  0.685880  0.785304  0.607600  0.830086  0.573305  0.840826  0.694557  0.717770  0.697102  0.836948  0.555603  0.713211  0.481519  0.755689  0.571070  0.697319  0.490575  0.864017  0.810860  0.543166  0.830235  0.832628  0.544939  0.635339 
6  0.750521  0.788192  0.775813  0.659551  0.544327  0.750611 0.0  0.715209  0.515799  0.721637  0.295512  0.819127  0.729366  0.726850  0.444784  0.493783  0.705143  0.367987  0.636419  0.786103  0.697005  0.661832  0.701563  0.504141  0.787428  0.750831  0.745766  0.426873  0.289439  0.583850  0.574157  0.448640  0.776268  0.836627  0.781802  0.758883  0.751641  0.621860  0.684832  0.262154  0.722047  0.626554  0.398799  0.597452  0.585502  0.737856  0.567332  0.682100  0.763224  0.399837  0.782851  0.718148  0.780191  0.592922  0.511123  0.681992  0.763878  0.763908  0.610435  0.376582  0.714816  0.560973  0.509415  0.695553  0.739891  0.633554  0.665279  0.324442  0.594295  0.824949  0.297748  0.754991  0.531703  0.683476  0.640492  0.624604  0.693463  0.752644  0.711337  0.625814  0.866112  0.656238  0.620613  0.575206  0.776651  0.589194  0.661891  0.456024  0.663001  0.857876  0.786259  0.768483  0.456143  0.695452  0.551901  0.654585  0.826854  0.742394 
7  0.762260  0.674342  0.685798  0.819662  0.804592  0.552030  0.715209 0.0  0.787045  0.753988  0.733949  0.645243  0.586967  0.848644  0.748307  0.766474  0.795594  0.750180  0.717634  0.774627  0.799617  0.710497  0.415245  0.830185  0.605276  0.814371  0.625061  0.669087  0.624722  0.656444  0.712329  0.783834  0.556639  0.663796  0.851036  0.631281  0.614246  0.614372  0.609100  0.815703  0.462240  0.768070  0.630369  0.811881  0.687852  0.583035  0.501886  0.705828  0.510065  0.745501  0.872572  0.637092  0.758163  0.656108  0.696470  0.637745  0.598380  0.614199  0.692215  0.683730  0.902606  0.762753  0.735088  0.646636  0.545263  0.695482  0.709897  0.759994  0.804552  0.693167  0.645216  0.549044  0.593055  0.658230  0.715677  0.873316  0.596592  0.874731  0.585676  0.771219  0.740351  0.882745  0.604715  0.741640  0.556943  0.751683  0.532674  0.745911  0.678422  0.648315  0.683880  0.795579  0.709839  0.686726  0.715508  0.686481  0.633505  0.744649 
8  0.673450  0.800503  0.826395  0.577621  0.638431  0.832912  0.515799  0.787045 0.0  0.718565  0.467994  0.775835  0.676730  0.775803  0.461438  0.551550  0.672314  0.479924  0.670766  0.792646  0.756833  0.623174  0.602155  0.467312  0.823370  0.621372  0.660871  0.185598  0.504096  0.647562  0.434621  0.484153  0.736811  0.675046  0.695826  0.665134  0.639889  0.608786  0.717536  0.443296  0.680403  0.642233  0.457702  0.529557  0.501306  0.752551  0.633048  0.693040  0.725539  0.384653  0.860909  0.748893  0.801038  0.624164  0.307636  0.564770  0.752353  0.772779  0.587985  0.342437  0.729286  0.628580  0.630868  0.801989  0.616748  0.755627  0.585997  0.543655  0.588734  0.817612  0.353307  0.650560  0.544606  0.701752  0.593587  0.704263  0.648849  0.685364  0.715561  0.585003  0.739485  0.623930  0.697978  0.600849  0.711284  0.440821  0.569486  0.520007  0.670130  0.847552  0.697520  0.634075  0.279933  0.808700  0.629205  0.604967  0.689029  0.865335 
9  0.547240  0.860181  0.852832  0.616245  0.720002  0.806157  0.721637  0.753988  0.718565 0.0  0.715535  0.889528  0.821515  0.493854  0.730843  0.678912  0.610839  0.714269  0.712114  0.846223  0.147473  0.898742  0.834676  0.644068  0.885499  0.504741  0.746922  0.668684  0.611561  0.913655  0.762968  0.831790  0.708378  0.784612  0.244214  0.791871  0.806489  0.715064  0.807202  0.755039  0.724647  0.538436  0.724674  0.477645  0.647198  0.852022  0.759601  0.577772  0.776986  0.871860  0.075835  0.808375  0.815646  0.769407  0.822726  0.718872  0.829156  0.860034  0.800174  0.810501  0.602896  0.632573  0.638202  0.958296  0.781356  0.947248  0.496295  0.845469  0.614881  0.875231  0.770177  0.741663  0.853286  0.776233  0.792329  0.562760  0.819078  0.459329  0.838339  0.630369  0.838480  0.595108  0.817767  0.710757  0.845066  0.750820  0.897819  0.646105  0.722426  0.810696  0.918994  0.577241  0.715466  0.824963  0.721250  0.588881  0.841210  0.882481 
10  0.747454  0.740449  0.769522  0.647075  0.745724  0.713434  0.295512  0.733949  0.467994  0.715535 0.0  0.706688  0.760240  0.641819  0.385246  0.547925  0.777832  0.467392  0.498513  0.823362  0.854704  0.665356  0.715080  0.503516  0.693772  0.717893  0.710532  0.441311  0.309944  0.648272  0.583865  0.453017  0.717614  0.600848  0.754033  0.720672  0.684881  0.546811  0.603889  0.334910  0.744730  0.629854  0.451693  0.417546  0.610990  0.722953  0.592552  0.593123  0.757632  0.419423  0.741404  0.738435  0.770694  0.679593  0.587623  0.664254  0.801796  0.719861  0.540600  0.519330  0.528127  0.740500  0.653106  0.765752  0.657091  0.686108  0.575126  0.126649  0.526673  0.702449  0.440579  0.636809  0.512734  0.696996  0.619586  0.606709  0.679106  0.652471  0.759696  0.541300  0.735801  0.502554  0.605903  0.592599  0.721826  0.490118  0.617061  0.586488  0.741237  0.732090  0.768974  0.639756  0.436185  0.781773  0.577882  0.561363  0.714249  0.762556 
11  0.900997  0.418585  0.718134  0.742504  0.594534  0.616235  0.819127  0.645243  0.775835  0.889528  0.706688 0.0  0.410374  0.714085  0.656062  0.764216  0.791622  0.665063  0.776346  0.676497  0.816313  0.640130  0.490310  0.840236  0.586994  0.911878  0.582246  0.820176  0.790925  0.488313  0.811419  0.717203  0.689402  0.743307  0.757978  0.625673  0.751907  0.627914  0.599230  0.775820  0.502616  0.785679  0.790654  0.857926  0.803590  0.352369  0.709390  0.832686  0.453785  0.854677  0.822575  0.665809  0.828645  0.657617  0.873953  0.687947  0.377514  0.655613  0.783857  0.713763  0.817027  0.804259  0.836361  0.542728  0.674024  0.489624  0.815912  0.698347  0.807573  0.436927  0.769024  0.649862  0.676471  0.673504  0.722244  0.849262  0.618182  0.842914  0.518311  0.849801  0.811326  0.764067  0.684382  0.758651  0.623698  0.661087  0.644358  0.781773  0.595978  0.663162  0.558565  0.847717  0.739350  0.506820  0.622487  0.762092  0.504212  0.646701 
12  0.776906  0.511061  0.832212  0.814428  0.705086  0.464483  0.729366  0.586967  0.676730  0.821515  0.760240  0.410374 0.0  0.757510  0.599583  0.713481  0.850341  0.686459  0.855003  0.736053  0.839253  0.577454  0.605748  0.767052  0.584260  1.000000  0.532731  0.667267  0.762048  0.617728  0.723941  0.777873  0.649715  0.619809  0.817449  0.560959  0.576248  0.736114  0.632320  0.773053  0.649628  0.731899  0.751892  0.838655  0.860137  0.497203  0.626819  0.829628  0.554765  0.809009  0.832259  0.708590  0.674645  0.800621  0.747691  0.553392  0.296040  0.694138  0.605593  0.856708  0.819014  0.982977  0.817573  0.696622  0.610386  0.528410  0.782793  0.803981  0.761467  0.485353  0.688526  0.595374  0.761702  0.639620  0.651339  0.862708  0.695366  0.774994  0.562090  0.777352  0.652415  0.836702  0.705319  0.804157  0.627104  0.791023  0.583948  0.846286  0.609939  0.541572  0.578968  0.829023  0.585901  0.516685  0.713750  0.967733  0.545511  0.782166 
13  0.488367  0.773174  0.837714  0.564579  0.835288  0.841794  0.726850  0.848644  0.775803  0.493854  0.641819  0.714085  0.757510 0.0  0.610196  0.558642  0.362608  0.677183  0.581132  0.888298  0.584185  0.659074  0.705345  0.646459  0.775502  0.531061  0.773962  0.730146  0.706145  0.705433  0.649128  0.618130  0.737533  0.730036  0.558396  0.785707  0.762896  0.817179  0.846324  0.670216  0.956867  0.499320  0.698779  0.512177  0.595251  0.903320  0.778304  0.503541  0.711634  0.697371  0.543996  0.808051  0.890424  0.801100  0.714608  0.664715  0.925634  0.848853  0.804233  0.756401  0.611814  0.412679  0.597823  0.838917  0.740426  0.899601  0.527745  0.711240  0.649843  0.869244  0.770561  0.774109  0.687890  0.692873  0.751476  0.522056  0.673056  0.530155  0.922967  0.507406  0.820898  0.514136  0.741344  0.675772  0.801108  0.716052  0.768399  0.622591  0.776702  0.878448  0.756245  0.404178  0.703114  0.802014  0.713954  0.628689  0.844340  0.778721 
14  0.701550  0.808227  0.842203  0.500917  0.695753  0.633131  0.444784  0.748307  0.461438  0.730843  0.385246  0.656062  0.599583  0.610196 0.0  0.582768  0.722707  0.600111  0.670823  0.724636  0.708310  0.618357  0.772605  0.544093  0.705625  0.703144  0.732775  0.427525  0.460696  0.678972  0.621011  0.214919  0.741275  0.705784  0.756001  0.671912  0.611335  0.611182  0.753911  0.339835  0.666980  0.774309  0.247575  0.568962  0.503663  0.715468  0.517774  0.724494  0.776668  0.231113  0.714256  0.808510  0.709794  0.613493  0.413596  0.717995  0.756193  0.719844  0.553377  0.488487  0.677248  0.736851  0.758244  0.722886  0.598513  0.767121  0.562267  0.446896  0.616667  0.857822  0.453853  0.700284  0.501863  0.639642  0.721466  0.621431  0.598301  0.666217  0.668881  0.608263  0.798159  0.768853  0.488867  0.522064  0.641929  0.478258  0.720741  0.615334  0.645584  0.796800  0.808752  0.640207  0.359458  0.723876  0.385179  0.674547  0.833476  0.823980 
15  0.643004  0.834808  0.770979  0.514823  0.790707  0.823100  0.493783  0.766474  0.551550  0.678912  0.547925  0.764216  0.713481  0.558642  0.582768 0.0  0.736005  0.511693  0.520989  0.857245  0.532235  0.749969  0.799969  0.424528  0.754299  0.734574  0.839185  0.595312  0.492687  0.836427  0.518526  0.621134  0.780409  0.674066  0.691733  0.658611  0.769682  0.657663  0.656917  0.655389  0.701107  0.644902  0.617199  0.272115  0.443748  0.704823  0.773648  0.483949  0.732416  0.585527  0.728607  0.740361  0.730925  0.717867  0.707466  0.674710  0.722059  0.777677  0.728051  0.724797  0.514631  0.676072  0.620174  0.849039  0.696119  0.786262  0.408480  0.602774  0.463190  0.807127  0.567897  0.706189  0.689594  0.618955  0.701585  0.673015  0.747988  0.687728  0.762138  0.525379  0.657633  0.433015  0.608652  0.326824  0.693622  0.647189  0.651463  0.409971  0.835055  0.750343  0.752031  0.459918  0.479048  0.805817  0.726144  0.594665  0.808394  0.702593 
16  0.473778  0.890782  0.927736  0.727071  0.804746  0.825426  0.705143  0.795594  0.672314  0.610839  0.777832  0.791622  0.850341  0.362608  0.722707  0.736005 0.0  0.708546  0.601213  0.766082  0.474676  0.702935  0.759080  0.654951  0.827932  0.499528  0.780510  0.731187  0.657089  0.831302  0.621755  0.726889  0.811215  0.818660  0.514526  0.723241  0.771376  0.659305  0.780247  0.650425  0.790170  0.541019  0.679896  0.621479  0.729470  0.932075  0.736723  0.573709  0.856909  0.768148  0.493999  0.835810  0.842126  0.806972  0.700002  0.707311  0.940478  0.825106  0.799989  0.802445  0.505715  0.404208  0.617083  0.840826  0.762592  0.892405  0.542754  0.667977  0.613653  0.801958  0.601522  0.801738  0.763300  0.781604  0.785900  0.569793  0.830446  0.262982  0.802978  0.613079  0.747069  0.684811  0.710634  0.528010  0.875013  0.652633  0.861194  0.684442  0.730019  0.820262  0.765369  0.459003  0.698930  0.798457  0.740914  0.523714  0.868861  0.926185 
17  0.613408  0.874201  0.769463  0.441779  0.777137  0.908121  0.367987  0.750180  0.479924  0.714269  0.467392  0.665063  0.686459  0.677183  0.600111  0.511693  0.708546 0.0  0.721796  0.819741  0.699992  0.627312  0.720398  0.525037  0.701812  0.698030  0.792407  0.401600  0.424631  0.674539  0.285123  0.398049  0.806729  0.711510  0.721536  0.776162  0.644992  0.625532  0.747431  0.610328  0.719647  0.619409  0.503854  0.500965  0.460941  0.744034  0.638129  0.534952  0.795428  0.518087  0.801051  0.837957  0.735977  0.630489  0.594059  0.744299  0.840491  0.706296  0.676071  0.393358  0.608958  0.615500  0.633509  0.748205  0.660053  0.790998  0.503867  0.424481  0.596715  0.784288  0.434674  0.679838  0.561639  0.759310  0.578691  0.662089  0.716810  0.661669  0.728600  0.544431  0.826523  0.602956  0.622892  0.573778  0.815542  0.675806  0.747695  0.467333  0.668476  0.753560  0.776268  0.611038  0.537398  0.767726  0.515729  0.570497  0.739858  0.815577 
18  0.551791  0.894105  0.729575  0.411030  0.768358  0.814456  0.636419  0.717634  0.670766  0.712114  0.498513  0.776346  0.855003  0.581132  0.670823  0.520989  0.601213  0.721796 0.0  0.652522  0.533405  0.811663  0.902266  0.558303  0.732810  0.529477  0.764258  0.620230  0.632617  0.816513  0.494473  0.595078  0.701099  0.773649  0.655984  0.775654  0.847879  0.619030  0.784227  0.662561  0.732394  0.541114  0.665348  0.516280  0.412962  0.748252  0.752168  0.585975  0.832267  0.690442  0.609193  0.773606  0.862564  0.697802  0.664471  0.746696  0.739936  0.713604  0.695490  0.598635  0.520445  0.553535  0.233157  0.837140  0.773410  0.799149  0.486769  0.740073  0.397611  0.838066  0.684113  0.840608  0.781549  0.758509  0.806442  0.454631  0.809916  0.599524  0.737671  0.530213  0.838087  0.514490  0.635216  0.573118  0.910177  0.648241  0.707821  0.533702  0.724749  0.891420  0.865804  0.596493  0.739388  0.817007  0.734096  0.468035  0.817550  0.821859 
19  0.793543  0.720176  0.524243  0.751400  0.840309  0.699050  0.786103  0.774627  0.792646  0.846223  0.823362  0.676497  0.736053  0.888298  0.724636  0.857245  0.766082  0.819741  0.652522 0.0  0.918087  0.810781  0.641380  0.832634  0.694060  0.889463  0.788178  0.827569  0.789217  0.798994  0.800580  0.832814  0.592663  0.697762  0.861625  0.651622  0.723312  0.723770  0.699510  0.869473  0.730087  0.838488  0.803144  0.769474  0.707498  0.697074  0.764368  0.824501  0.753496  0.738989  0.776441  0.318841  0.614508  0.780641  0.765199  0.679465  0.679649  0.666602  0.772990  0.730778  0.890687  0.797726  0.856242  0.636428  0.718616  0.680852  0.869253  0.778372  0.771822  0.792585  0.649282  0.816517  0.754271  0.648599  0.778154  0.842629  0.809635  0.923988  0.763718  0.785427  0.386064  0.714211  0.762793  0.920646  0.598821  0.793005  0.645315  0.798221  0.721755  0.401674  0.651807  0.757616  0.744663  0.808248  0.670849  0.801251  0.598302  0.378710 
20  0.472543  0.904926  0.944091  0.678662  0.813998  0.781997  0.697005  0.799617  0.756833  0.147473  0.854704  0.816313  0.839253  0.584185  0.708310  0.532235  0.474676  0.699992  0.533405  0.918087 0.0  0.714409  0.818941  0.727349  0.830703  0.452098  0.881796  0.749967  0.756271  0.724472  0.671914  0.768566  0.866021  0.848723  0.360492  0.794575  0.813026  0.802349  0.767770  0.786754  0.820598  0.625756  0.624705  0.625939  0.658117  0.874365  0.840382  0.691660  0.905469  0.739882  0.312713  0.824200  0.903587  0.895325  0.740901  0.796966  0.848208  0.743082  0.790922  0.720829  0.553345  0.620048  0.609068  0.776528  0.685782  0.821300  0.659288  0.716704  0.585284  0.829233  0.804133  0.719790  0.823901  0.765175  0.778236  0.607007  0.705052  0.438524  0.794236  0.622802  0.929288  0.656852  0.850003  0.694627  0.722046  0.740096  0.866004  0.781268  0.807954  0.856289  0.815553  0.496740  0.798201  0.957302  0.784670  0.609177  0.772670  0.923982 
21  0.835946  0.589805  0.822657  0.729204  0.553686  0.584657  0.661832  0.710497  0.623174  0.898742  0.665356  0.640130  0.577454  0.659074  0.618357  0.749969  0.702935  0.627312  0.811663  0.810781  0.714409 0.0  0.492844  0.496751  0.640955  0.729762  0.631952  0.658157  0.619575  0.569791  0.674142  0.598143  0.672576  0.632142  0.802041  0.596046  0.597330  0.544600  0.489681  0.582202  0.612174  0.689344  0.673620  0.665069  0.719318  0.689459  0.594844  0.801600  0.679839  0.668591  0.770546  0.730651  0.750169  0.375311  0.586575  0.566168  0.787306  0.580923  0.391545  0.641706  0.867768  0.768210  0.816895  0.690967  0.549830  0.687903  0.730841  0.643059  0.684857  0.820650  0.593515  0.409623  0.564702  0.528789  0.374838  0.683485  0.379709  0.663169  0.537819  0.633273  0.670386  0.775381  0.533738  0.750342  0.685242  0.520454  0.675155  0.574215  0.642667  0.765416  0.693027  0.773527  0.529784  0.717777  0.401575  0.697472  0.709240  0.620642 
22  0.736568  0.596773  0.716065  0.774116  0.641403  0.438996  0.701563  0.415245  0.602155  0.834676  0.715080  0.490310  0.605748  0.705345  0.772605  0.799969  0.759080  0.720398  0.902266  0.641380  0.818941  0.492844 0.0  0.785502  0.537225  0.775857  0.571933  0.754168  0.697768  0.585580  0.783163  0.625982  0.627776  0.601909  0.842107  0.532173  0.598463  0.535249  0.581667  0.754829  0.398702  0.739372  0.824686  0.841165  0.775281  0.651167  0.605223  0.743873  0.516779  0.731338  0.783285  0.698311  0.705691  0.627269  0.760783  0.526014  0.622697  0.571748  0.629599  0.817938  0.874000  0.755314  0.744790  0.722027  0.570247  0.643611  0.752464  0.765550  0.858353  0.744103  0.774789  0.579029  0.720289  0.649275  0.514377  0.692655  0.579786  0.770181  0.510885  0.759931  0.688203  0.738269  0.512659  0.720626  0.759415  0.713841  0.552022  0.836626  0.588255  0.685845  0.601099  0.742034  0.647550  0.654274  0.617351  0.881799  0.658821  0.687171 
23  0.588537  0.710379  0.842822  0.455443  0.766254  0.726781  0.504141  0.830185  0.467312  0.644068  0.503516  0.840236  0.767052  0.646459  0.544093  0.424528  0.654951  0.525037  0.558303  0.832634  0.727349  0.496751  0.785502 0.0  0.820876  0.750761  0.697555  0.459077  0.541607  0.650972  0.460052  0.516373  0.670227  0.812332  0.686581  0.606111  0.537755  0.651772  0.816008  0.530604  0.740118  0.620668  0.502798  0.393368  0.376737  0.774524  0.588224  0.548368  0.961099  0.633638  0.739928  0.801363  0.802467  0.729533  0.552004  0.629393  0.803145  0.700535  0.672941  0.551671  0.555473  0.660721  0.623763  0.751738  0.600724  0.804667  0.584893  0.502657  0.605834  0.750926  0.505944  0.682011  0.638291  0.699077  0.580107  0.641885  0.661119  0.721284  0.746038  0.528822  0.747333  0.483222  0.688575  0.439303  0.804926  0.683687  0.638626  0.436701  0.705215  0.720038  0.769502  0.588799  0.544597  0.856936  0.584917  0.622717  0.763143  0.808404 
24  0.909363  0.563212  0.784303  0.753254  0.584215  0.531090  0.787428  0.605276  0.823370  0.885499  0.693772  0.586994  0.584260  0.775502  0.705625  0.754299  0.827932  0.701812  0.732810  0.694060  0.830703  0.640955  0.537225  0.820876 0.0  0.770398  0.312839  0.735860  0.797420  0.586310  0.739884  0.741788  0.694482  0.289978  0.796890  0.466191  0.561338  0.746493  0.564756  0.817313  0.607476  0.800320  0.593955  0.773183  0.920852  0.617659  0.617455  0.791126  0.469628  0.712098  0.881598  0.682867  0.677566  0.573795  0.721746  0.625545  0.517437  0.378273  0.570762  0.737111  0.760178  0.805624  0.795541  0.744582  0.560762  0.604822  0.747917  0.769157  0.804980  0.481280  0.646693  0.627217  0.674248  0.546303  0.737741  0.815745  0.476923  0.862695  0.351350  0.809148  0.729238  0.887093  0.644234  0.835712  0.721732  0.728653  0.499459  0.703713  0.396872  0.770150  0.260266  0.916936  0.842719  0.520649  0.654000  0.764198  0.680400  0.778320 
25  0.270819  0.792829  0.824662  0.561057  0.809148  0.880671  0.750831  0.814371  0.621372  0.504741  0.717893  0.911878  1.000000  0.531061  0.703144  0.734574  0.499528  0.698030  0.529477  0.889463  0.452098  0.729762  0.775857  0.750761  0.770398 0.0  0.806044  0.728526  0.655383  0.906229  0.626564  0.715888  0.826243  0.803725  0.531143  0.764470  0.708206  0.730375  0.776132  0.702363  0.842764  0.530743  0.684405  0.692027  0.711400  0.924423  0.760820  0.464912  0.816496  0.759833  0.466823  0.803427  0.845177  0.771404  0.779881  0.782556  0.834796  0.838502  0.732168  0.761318  0.473241  0.726564  0.499890  0.853258  0.743333  0.865588  0.527508  0.679426  0.561705  0.791854  0.689327  0.785191  0.747039  0.777237  0.792796  0.420422  0.749881  0.574047  0.739373  0.575293  0.888438  0.569262  0.812286  0.573616  0.894528  0.797112  0.828879  0.659241  0.834641  0.917009  0.893822  0.671417  0.682998  0.801666  0.691792  0.567309  0.814284  0.873721 
26  0.833716  0.710918  0.836673  0.712796  0.619655  0.606974  0.745766  0.625061  0.660871  0.746922  0.710532  0.582246  0.532731  0.773962  0.732775  0.839185  0.780510  0.792407  0.764258  0.788178  0.881796  0.631952  0.571933  0.697555  0.312839  0.806044 0.0  0.599237  0.796808  0.544839  0.690983  0.795336  0.702044  0.350523  0.788988  0.318290  0.625941  0.630329  0.427887  0.782877  0.477679  0.750488  0.586476  0.758828  0.622126  0.582807  0.596420  0.847753  0.545281  0.701068  0.933499  0.675467  0.826824  0.606781  0.632484  0.644587  0.537732  0.529939  0.546178  0.773162  0.878757  0.878026  0.762563  0.716021  0.506736  0.558010  0.702705  0.619336  0.734153  0.513943  0.746519  0.571040  0.610434  0.437480  0.632592  0.758504  0.538636  0.817645  0.307530  0.731814  0.704834  0.703883  0.637888  0.765551  0.664405  0.624710  0.505938  0.716707  0.405494  0.673403  0.214170  0.843012  0.662966  0.582737  0.790210  0.694887  0.619824  0.712195 
27  0.584274  0.758789  0.780245  0.665295  0.577011  0.717048  0.426873  0.669087  0.185598  0.668684  0.441311  0.820176  0.667267  0.730146  0.427525  0.595312  0.731187  0.401600  0.620230  0.827569  0.749967  0.658157  0.754168  0.459077  0.735860  0.728526  0.599237 0.0  0.487079  0.593280  0.442614  0.321742  0.680876  0.537353  0.898358  0.804599  0.581347  0.650541  0.722646  0.476093  0.758291  0.574505  0.429931  0.538508  0.605564  0.886162  0.688025  0.645839  0.794291  0.370661  0.815775  0.793683  0.860458  0.691843  0.463086  0.706541  0.764402  0.747647  0.601609  0.242075  0.656142  0.720021  0.609804  0.799708  0.699560  0.785245  0.570979  0.474056  0.586516  0.714908  0.587935  0.762065  0.535645  0.782440  0.593593  0.644917  0.631556  0.788224  0.647815  0.574299  0.803594  0.567964  0.690679  0.661170  0.704868  0.549239  0.710482  0.585932  0.716884  0.755431  0.686389  0.646924  0.444637  0.752123  0.548090  0.604749  0.768863  0.774396 
28  0.690918  0.797450  0.702855  0.480744  0.755919  0.709916  0.289439  0.624722  0.504096  0.611561  0.309944  0.790925  0.762048  0.706145  0.460696  0.492687  0.657089  0.424631  0.632617  0.789217  0.756271  0.619575  0.697768  0.541607  0.797420  0.655383  0.796808  0.487079 0.0  0.671419  0.463988  0.444733  0.817959  0.764927  0.747293  0.642040  0.610647  0.548840  0.721225  0.355848  0.760031  0.670077  0.497436  0.477331  0.511160  0.693722  0.547676  0.642980  0.737660  0.426140  0.674554  0.715177  0.808320  0.654181  0.515831  0.646979  0.744645  0.677708  0.614531  0.561504  0.544773  0.596504  0.633329  0.870447  0.718360  0.741473  0.631032  0.338300  0.673018  0.807952  0.467570  0.738858  0.498284  0.683010  0.681514  0.717226  0.631663  0.674766  0.808549  0.548203  0.730892  0.542743  0.609445  0.570505  0.702253  0.591044  0.614727  0.463000  0.764962  0.798283  0.745485  0.673708  0.522011  0.723278  0.595598  0.638995  0.757783  0.853206 
29  0.778712  0.687447  0.746632  0.770176  0.652470  0.584919  0.583850  0.656444  0.647562  0.913655  0.648272  0.488313  0.617728  0.705433  0.678972  0.836427  0.831302  0.674539  0.816513  0.798994  0.724472  0.569791  0.585580  0.650972  0.586310  0.906229  0.544839  0.593280  0.671419 0.0  0.687125  0.589089  0.668931  0.446349  0.880611  0.446259  0.584259  0.562937  0.397409  0.637311  0.566213  0.761198  0.584977  0.601096  0.647384  0.653756  0.614289  0.727104  0.663566  0.627409  0.757898  0.742354  0.717249  0.557562  0.722106  0.558540  0.783083  0.380954  0.424387  0.712223  0.663904  0.758533  0.726746  0.661779  0.550634  0.693952  0.734738  0.732038  0.730917  0.627279  0.688200  0.433470  0.620333  0.366276  0.537779  0.808851  0.465978  0.790613  0.517723  0.727218  0.673096  0.809824  0.650158  0.720459  0.684985  0.711168  0.608951  0.799092  0.405879  0.631455  0.496654  0.763712  0.690381  0.736405  0.519953  0.777001  0.724092  0.736834 
30  0.678413  0.671297  0.864303  0.406559  0.670395  0.782661  0.574157  0.712329  0.434621  0.762968  0.583865  0.811419  0.723941  0.649128  0.621011  0.518526  0.621755  0.285123  0.494473  0.800580  0.671914  0.674142  0.783163  0.460052  0.739884  0.626564  0.690983  0.442614  0.463988  0.687125 0.0  0.494420  0.806746  0.890472  0.766258  0.717236  0.696328  0.758383  0.692626  0.551949  0.777197  0.524747  0.543868  0.416323  0.396716  0.858231  0.616476  0.583369  0.738189  0.635477  0.689723  0.847336  0.884509  0.695472  0.638380  0.832150  0.810887  0.767143  0.704227  0.462946  0.705880  0.659716  0.585443  0.837020  0.648083  0.795162  0.502986  0.459719  0.485154  0.788732  0.631987  0.702991  0.642166  0.609830  0.637361  0.635417  0.691365  0.566018  0.716096  0.456047  0.770065  0.577894  0.688000  0.480741  0.791748  0.657368  0.742261  0.357820  0.679295  0.850195  0.807710  0.624942  0.589357  0.808678  0.549678  0.628650  0.762449  0.880243 
31  0.766499  0.843800  0.840055  0.573685  0.664437  0.688049  0.448640  0.783834  0.484153  0.831790  0.453017  0.717203  0.777873  0.618130  0.214919  0.621134  0.726889  0.398049  0.595078  0.832814  0.768566  0.598143  0.625982  0.516373  0.741788  0.715888  0.795336  0.321742  0.444733  0.589089  0.494420 0.0  0.754629  0.733354  0.737355  0.769781  0.626389  0.649187  0.651391  0.353014  0.736488  0.678268  0.355033  0.563266  0.619041  0.815809  0.536650  0.638264  0.657163  0.402761  0.750571  0.771053  0.841955  0.587290  0.483469  0.608153  0.808370  0.686871  0.720089  0.360624  0.673756  0.720583  0.727976  0.786081  0.611609  0.761467  0.673387  0.506168  0.526878  0.855964  0.362500  0.686377  0.459737  0.740772  0.615717  0.698407  0.560118  0.665839  0.682387  0.585852  0.728496  0.642259  0.552100  0.543825  0.667884  0.389177  0.749415  0.606909  0.647014  0.659783  0.760696  0.776835  0.352931  0.789367  0.509665  0.609030  0.716196  0.639327 
32  0.783381  0.686138  0.643708  0.742056  0.779721  0.560233  0.776268  0.556639  0.736811  0.708378  0.717614  0.689402  0.649715  0.737533  0.741275  0.780409  0.811215  0.806729  0.701099  0.592663  0.866021  0.672576  0.627776  0.670227  0.694482  0.826243  0.702044  0.680876  0.817959  0.668931  0.806746  0.754629 0.0  0.759489  0.827684  0.755936  0.609837  0.613597  0.650721  0.707478  0.621472  0.784974  0.678985  0.769952  0.789369  0.567468  0.589007  0.705840  0.584216  0.785076  0.867463  0.611955  0.625261  0.660340  0.734157  0.608533  0.606591  0.666482  0.721771  0.738366  0.746281  0.690967  0.752864  0.662213  0.730797  0.785969  0.827854  0.838958  0.787758  0.762829  0.744141  0.726183  0.629932  0.807506  0.712874  0.836095  0.715032  0.716035  0.806426  0.860167  0.656991  0.712191  0.579441  0.826353  0.415102  0.733314  0.559303  0.725887  0.677362  0.559182  0.703247  0.753999  0.770879  0.744157  0.687012  0.793699  0.631991  0.680263 
33  0.817662  0.602939  0.688879  0.653920  0.629695  0.583358  0.836627  0.663796  0.675046  0.784612  0.600848  0.743307  0.619809  0.730036  0.705784  0.674066  0.818660  0.711510  0.773649  0.697762  0.848723  0.632142  0.601909  0.812332  0.289978  0.803725  0.350523  0.537353  0.764927  0.446349  0.890472  0.733354  0.759489 0.0  0.822283  0.331489  0.685293  0.569928  0.406269  0.802931  0.551474  0.684656  0.707373  0.802950  0.681530  0.509298  0.673837  0.824625  0.494460  0.758516  0.707817  0.700477  0.784726  0.609388  0.723257  0.589102  0.623647  0.368438  0.582428  0.752242  0.815144  0.835230  0.785946  0.684654  0.656565  0.483621  0.835916  0.688531  0.806353  0.513232  0.705191  0.562881  0.709843  0.485299  0.659054  0.794036  0.653456  0.728566  0.245798  0.679390  0.790861  0.753798  0.635225  0.731777  0.758283  0.652647  0.499830  0.807472  0.268386  0.675790  0.376032  0.799922  0.753902  0.536560  0.740278  0.773863  0.604303  0.726338 
34  0.508329  0.830887  0.927003  0.657189  0.837408  0.899719  0.781802  0.851036  0.695826  0.244214  0.754033  0.757978  0.817449  0.558396  0.756001  0.691733  0.514526  0.721536  0.655984  0.861625  0.360492  0.802041  0.842107  0.686581  0.796890  0.531143  0.788988  0.898358  0.747293  0.880611  0.766258  0.737355  0.827684  0.822283 0.0  0.778733  0.644999  0.851102  0.883218  0.792911  0.918809  0.579685  0.633093  0.661336  0.664763  0.745541  0.767689  0.716873  0.807309  0.720544  0.411501  0.802327  0.900839  0.711204  0.612659  0.724937  0.844125  0.884693  0.769864  0.738848  0.578615  0.684161  0.555994  0.883243  0.697830  0.920695  0.649691  0.758400  0.688887  0.951848  0.772306  0.754005  0.757476  0.773932  0.811553  0.609945  0.739659  0.457049  0.821349  0.587878  0.887744  0.687937  0.859279  0.728430  0.731367  0.645557  0.858360  0.734877  0.770746  0.790434  0.881881  0.517826  0.682713  0.804614  0.874828  0.640874  0.882322  0.828454 
35  0.818179  0.656482  0.840781  0.760424  0.616690  0.533363  0.758883  0.631281  0.665134  0.791871  0.720672  0.625673  0.560959  0.785707  0.671912  0.658611  0.723241  0.776162  0.775654  0.651622  0.794575  0.596046  0.532173  0.606111  0.466191  0.764470  0.318290  0.804599  0.642040  0.446259  0.717236  0.769781  0.755936  0.331489  0.778733 0.0  0.560042  0.520445  0.470887  0.720911  0.638372  0.798013  0.648851  0.793913  0.721677  0.565357  0.721399  0.733900  0.521373  0.721942  0.856039  0.817253  0.726404  0.560763  0.712409  0.684769  0.701251  0.528832  0.479495  0.726428  0.751900  0.768284  0.699929  0.737317  0.640785  0.430892  0.740404  0.704242  0.841934  0.624221  0.748025  0.531102  0.658255  0.508937  0.524447  0.804400  0.608208  0.829716  0.334265  0.645683  0.784792  0.674627  0.754208  0.761742  0.772940  0.678892  0.543745  0.707819  0.389504  0.730999  0.349598  0.868975  0.713069  0.672067  0.555282  0.690512  0.683682  0.680727 
36  0.826330  0.786759  0.767048  0.752363  0.686141  0.681700  0.751641  0.614246  0.639889  0.806489  0.684881  0.751907  0.576248  0.762896  0.611335  0.769682  0.771376  0.644992  0.847879  0.723312  0.813026  0.597330  0.598463  0.537755  0.561338  0.708206  0.625941  0.581347  0.610647  0.584259  0.696328  0.626389  0.609837  0.685293  0.644999  0.560042 0.0  0.349912  0.682744  0.676994  0.603069  0.728576  0.564183  0.719061  0.795141  0.793395  0.386757  0.803901  0.661259  0.672606  0.705834  0.697631  0.755224  0.437026  0.625643  0.573457  0.642267  0.600525  0.638234  0.560877  0.760472  0.800902  0.685158  0.856248  0.271060  0.737608  0.688705  0.584672  0.710046  0.755977  0.692913  0.519361  0.495478  0.512133  0.574337  0.922245  0.506585  0.657762  0.610375  0.714354  0.698899  0.671626  0.466407  0.680602  0.641498  0.616891  0.466047  0.824101  0.651947  0.770818  0.691176  0.745886  0.624455  0.648497  0.564545  0.831266  0.658248  0.687322 
37  0.794343  0.777641  0.775200  0.605482  0.595983  0.631446  0.621860  0.614372  0.608786  0.715064  0.546811  0.627914  0.736114  0.817179  0.611182  0.657663  0.659305  0.625532  0.619030  0.723770  0.802349  0.544600  0.535249  0.651772  0.746493  0.730375  0.630329  0.650541  0.548840  0.562937  0.758383  0.649187  0.613597  0.569928  0.851102  0.520445  0.349912 0.0  0.709494  0.550314  0.513328  0.834732  0.625893  0.699535  0.608187  0.712573  0.555234  0.774084  0.845751  0.524374  0.745482  0.610053  0.767155  0.430456  0.674059  0.415304  0.658112  0.675561  0.508298  0.634079  0.739732  0.735915  0.666808  0.782826  0.333572  0.698921  0.739260  0.558366  0.714466  0.666478  0.657248  0.542968  0.486521  0.667463  0.560916  0.795080  0.609036  0.723221  0.726830  0.686940  0.732362  0.655972  0.511419  0.728626  0.693134  0.563568  0.549965  0.710826  0.745180  0.632093  0.602742  0.753666  0.720092  0.592310  0.422347  0.661941  0.795634  0.655169 
38  0.764668  0.675323  0.652847  0.721637  0.600516  0.619074  0.684832  0.609100  0.717536  0.807202  0.603889  0.599230  0.632320  0.846324  0.753911  0.656917  0.780247  0.747431  0.784227  0.699510  0.767770  0.489681  0.581667  0.816008  0.564756  0.776132  0.427887  0.722646  0.721225  0.397409  0.692626  0.651391  0.650721  0.406269  0.883218  0.470887  0.682744  0.709494 0.0  0.709707  0.550109  0.781006  0.648446  0.614997  0.769394  0.724010  0.666153  0.821913  0.619446  0.796106  0.726524  0.665110  0.733658  0.586766  0.662687  0.542850  0.590529  0.214445  0.520129  0.806892  0.753270  0.743774  0.695152  0.713171  0.663917  0.604348  0.728011  0.647644  0.836566  0.743084  0.740141  0.524384  0.674500  0.448483  0.638405  0.841632  0.530353  0.785446  0.468525  0.685120  0.778142  0.682719  0.807070  0.824890  0.716385  0.628501  0.531134  0.695426  0.336488  0.629914  0.510174  0.707775  0.754218  0.621124  0.722628  0.839856  0.707266  0.757740 
39  0.719539  0.801814  0.808554  0.565837  0.731671  0.690679  0.262154  0.815703  0.443296  0.755039  0.334910  0.775820  0.773053  0.670216  0.339835  0.655389  0.650425  0.610328  0.662561  0.869473  0.786754  0.582202  0.754829  0.530604  0.817313  0.702363  0.782877  0.476093  0.355848  0.637311  0.551949  0.353014  0.707478  0.802931  0.792911  0.720911  0.676994  0.550314  0.709707 0.0  0.697840  0.581075  0.343342  0.609067  0.563342  0.848953  0.513936  0.584238  0.723743  0.310607  0.746533  0.760274  0.592030  0.672431  0.410228  0.558788  0.716414  0.680707  0.696359  0.415422  0.561467  0.602605  0.670508  0.754092  0.683920  0.730639  0.561185  0.203466  0.440291  0.782427  0.357461  0.653598  0.475701  0.598190  0.535175  0.614098  0.765753  0.723068  0.835924  0.533236  0.674103  0.615991  0.574364  0.569113  0.670559  0.585477  0.741896  0.585544  0.649388  0.733432  0.626627  0.672500  0.505163  0.839764  0.470149  0.662819  0.783143  0.807684 
