73
0 0.0  0.402259  0.601715  0.620428  0.361594  0.829976  0.671111  0.573453  0.591127  0.508456  0.445947  0.395120  0.400603  0.483716  0.563161  0.707159  0.476836  0.695228  0.600249  0.677453  0.370143  0.612701  0.484464  0.586180  0.650436  0.416006  0.790188  0.626740  0.689572  0.671188  0.431909  0.502213  0.479045  0.532550  0.695726  0.471655  0.609937  0.611417  0.604595  0.601588  0.760044  0.786228  0.687171  0.752540  0.613317  0.889121  0.540395  0.400959  0.633911  0.676508  0.735996  0.634080  0.841067  0.636718  0.607615  0.780299  0.480801  0.393792  0.417929  0.508869  0.534029  0.657286  0.422994  0.670100  0.355542  0.439231  0.528906  0.464821  0.499759  0.482302  0.543576  0.455520  0.334144 
1  0.402259 0.0  0.587127  0.549916  0.165871  0.798279  0.733760  0.439005  0.596169  0.690933  0.195040  0.284384  0.004420  0.421539  0.574579  0.782466  0.553690  0.674216  0.599109  0.681784  0.439149  0.749266  0.422074  0.504432  0.660754  0.108652  0.816608  0.575996  0.596810  0.703427  0.338617  0.472616  0.450831  0.650516  0.704954  0.456333  0.535458  0.633645  0.200514  0.731982  0.786196  0.712449  0.620076  0.622901  0.527625  0.908170  0.707322  0.527204  0.662610  0.733699  0.808750  0.693935  0.786031  0.609188  0.558358  0.747565  0.639116  0.432783  0.424183  0.471253  0.519106  0.595841  0.106256  0.637162  0.373268  0.495797  0.632964  0.466766  0.459258  0.578179  0.781221  0.532519  0.466783 
2  0.601715  0.587127 0.0  0.571002  0.646739  0.835762  0.625909  0.716164  0.583894  0.582225  0.645051  0.649555  0.631565  0.468800  0.629353  0.535763  0.685473  0.677766  0.499556  0.699330  0.599650  0.711077  0.567110  0.649302  0.494218  0.613755  0.573090  0.423843  0.602900  0.511105  0.498246  0.582889  0.534453  0.695214  0.697918  0.643526  0.463473  0.709948  0.555241  0.566616  0.615488  0.702146  0.628079  0.491513  0.397608  0.814194  0.665118  0.684375  0.597394  0.721021  0.729954  0.655514  0.753246  0.766488  0.713537  0.710460  0.282332  0.631310  0.745539  0.566515  0.691410  0.568353  0.580985  0.619642  0.618823  0.741688  0.540184  0.629830  0.503368  0.510264  0.474992  0.530873  0.673692 
3  0.620428  0.549916  0.571002 0.0  0.677136  0.831458  0.209989  0.723227  0.526176  0.419214  0.587573  0.673822  0.546073  0.578010  0.705224  0.607259  0.567823  0.737106  0.569963  0.720688  0.666718  0.498108  0.646476  0.752704  0.585401  0.663992  0.639832  0.651712  0.724140  0.559742  0.702815  0.580830  0.518556  0.587541  0.612815  0.658578  0.594865  0.701672  0.679748  0.493381  0.611072  0.676843  0.085581  0.638762  0.570788  0.835894  0.749342  0.639724  0.424228  0.768648  0.615370  0.567021  0.748352  0.762141  0.726104  0.816296  0.649479  0.685653  0.646102  0.636280  0.755924  0.733821  0.596546  0.572069  0.633802  0.683300  0.467927  0.644483  0.563045  0.626385  0.385440  0.554569  0.672394 
4  0.361594  0.165871  0.646739  0.677136 0.0  0.640889  0.659665  0.577423  0.704972  0.563951  0.122085  0.499039  0.000000  0.501828  0.524146  0.756745  0.633860  0.669438  0.549249  0.537357  0.441404  0.693861  0.448305  0.675265  0.725219  0.192588  0.732727  0.721774  0.678266  0.762640  0.343529  0.603386  0.313170  0.627722  0.740282  0.359557  0.611677  0.735909  0.188217  0.700087  0.743600  0.784531  0.480743  0.714604  0.615157  0.857978  0.592782  0.566021  0.650647  0.685495  0.785427  0.691495  0.991570  0.693795  0.441510  0.735924  0.559532  0.383738  0.416985  0.555726  0.488483  0.707373  0.169179  0.540334  0.431229  0.461687  0.678994  0.299674  0.431741  0.642866  0.731696  0.591923  0.325068 
5  0.829976  0.798279  0.835762  0.831458  0.640889 0.0  0.748839  0.762249  0.775813  0.790603  0.682652  0.678486  0.775261  0.893572  0.707526  0.901651  0.738561  0.795303  0.843920  0.717000  0.851513  0.833539  0.822342  0.593438  0.737274  0.711022  0.843347  0.878496  0.765160  0.875530  0.842286  0.801284  0.753971  0.752747  0.950005  0.804500  0.713890  0.776565  0.763540  0.661789  0.798346  0.775468  0.703344  0.791220  0.763829  0.746807  0.774706  0.650358  0.876461  0.748716  0.938772  0.725386  0.807965  0.734482  0.782497  0.728544  0.734433  0.770261  0.759755  0.743628  0.861703  0.782352  0.742158  0.762158  0.880236  0.752467  0.762509  0.747724  0.775068  0.761337  0.774523  0.833988  0.852097 
6  0.671111  0.733760  0.625909  0.209989  0.659665  0.748839 0.0  0.636572  0.495620  0.435647  0.720329  0.554095  0.520237  0.692541  0.734232  0.681323  0.727119  0.608322  0.454135  0.688080  0.653722  0.449155  0.765690  0.716254  0.570898  0.623618  0.573202  0.651471  0.738984  0.624365  0.630812  0.585479  0.746184  0.605137  0.493814  0.707775  0.454397  0.610167  0.636415  0.426650  0.597273  0.698137  0.260225  0.591259  0.633858  0.954435  0.753602  0.687305  0.389901  0.741976  0.720383  0.514390  0.693929  0.661881  0.579545  0.782135  0.667949  0.646303  0.669266  0.694418  0.718460  0.674416  0.676654  0.546030  0.579430  0.591668  0.696189  0.731768  0.665124  0.644570  0.355928  0.613334  0.512018 
7  0.573453  0.439005  0.716164  0.723227  0.577423  0.762249  0.636572 0.0  0.803297  0.589249  0.628267  0.499466  0.504721  0.600491  0.457749  0.789403  0.467203  0.751258  0.709868  0.563210  0.688716  0.662375  0.509269  0.550818  0.684401  0.458372  0.669469  0.754535  0.560947  0.813914  0.555453  0.618083  0.559401  0.641417  0.706865  0.624275  0.778894  0.502310  0.489301  0.755176  0.731438  0.788137  0.682338  0.605452  0.663902  0.741369  0.497374  0.091392  0.737164  0.724834  0.762482  0.675247  0.747650  0.499584  0.530539  0.765408  0.581421  0.634102  0.520189  0.431348  0.409184  0.553484  0.448847  0.624504  0.608967  0.433424  0.634358  0.562670  0.591164  0.643040  0.724264  0.536364  0.576061 
8  0.591127  0.596169  0.583894  0.526176  0.704972  0.775813  0.495620  0.803297 0.0  0.133493  0.504735  0.567267  0.628476  0.665754  0.785182  0.517814  0.740112  0.727097  0.443817  0.672967  0.559644  0.648352  0.689999  0.780202  0.479034  0.604964  0.578500  0.676712  0.797715  0.722816  0.623364  0.501568  0.673756  0.673947  0.552969  0.539016  0.401921  0.622872  0.653476  0.445087  0.698760  0.767536  0.334441  0.605628  0.585763  0.838776  0.704291  0.624677  0.272800  0.857731  0.707462  0.322242  0.755976  0.678611  0.826744  0.978857  0.578336  0.611311  0.702819  0.610169  0.649105  0.797214  0.599327  0.569705  0.623265  0.680038  0.481026  0.668876  0.569384  0.655879  0.384733  0.538246  0.763939 
9  0.508456  0.690933  0.582225  0.419214  0.563951  0.790603  0.435647  0.589249  0.133493 0.0  0.577947  0.614645  0.604874  0.447782  0.710989  0.585827  0.668112  0.604027  0.534856  0.693706  0.587073  0.544459  0.634744  0.834167  0.515143  0.652051  0.543247  0.602650  0.591797  0.619833  0.650327  0.450492  0.769277  0.650335  0.655447  0.583475  0.504313  0.745422  0.644453  0.346902  0.549798  0.642869  0.385609  0.505309  0.573068  0.825288  0.692114  0.646090  0.292671  0.796511  0.602544  0.361330  0.693862  0.757538  0.820145  0.805674  0.528366  0.621069  0.645688  0.647213  0.619747  0.684307  0.559513  0.516664  0.612983  0.604817  0.477565  0.593949  0.595485  0.579166  0.465063  0.480583  0.570600 
10  0.445947  0.195040  0.645051  0.587573  0.122085  0.682652  0.720329  0.628267  0.504735  0.577947 0.0  0.412683  0.141364  0.488301  0.658571  0.736513  0.589795  0.725934  0.487917  0.667326  0.533916  0.720581  0.299846  0.546472  0.590402  0.136068  0.621110  0.607018  0.679724  0.658873  0.410489  0.484686  0.484803  0.558839  0.700002  0.444071  0.561345  0.602225  0.068250  0.751721  0.814673  0.797536  0.609634  0.764476  0.585600  0.926264  0.628073  0.466587  0.668095  0.827427  0.735198  0.626183  0.745611  0.625683  0.631272  0.799904  0.743921  0.356666  0.412776  0.440953  0.486245  0.539317  0.149016  0.529300  0.410447  0.434999  0.590452  0.441397  0.519654  0.612561  0.680963  0.538339  0.471338 
11  0.395120  0.284384  0.649555  0.673822  0.499039  0.678486  0.554095  0.499466  0.567267  0.614645  0.412683 0.0  0.403400  0.488109  0.649178  0.723175  0.580657  0.719375  0.561323  0.686804  0.427872  0.649563  0.439354  0.558635  0.666410  0.388785  0.675904  0.628760  0.676080  0.669032  0.364412  0.560241  0.395519  0.589570  0.693913  0.332115  0.536682  0.602718  0.288925  0.625585  0.772546  0.813944  0.610204  0.630005  0.669677  0.804061  0.607489  0.462166  0.604179  0.725073  0.841187  0.644479  0.879312  0.747575  0.599975  0.806444  0.560434  0.399360  0.401708  0.499085  0.519969  0.616907  0.334514  0.457385  0.388214  0.408273  0.462655  0.474561  0.444046  0.566368  0.636264  0.438838  0.386789 
12  0.400603  0.004420  0.631565  0.546073  0.000000  0.775261  0.520237  0.504721  0.628476  0.604874  0.141364  0.403400 0.0  0.457057  0.659823  0.717152  0.541779  0.658690  0.535109  0.663823  0.564665  0.632302  0.547391  0.750554  0.736484  0.124407  0.606049  0.746535  0.637746  0.751613  0.425758  0.523549  0.326492  0.567198  0.793960  0.362567  0.624789  0.541212  0.105901  0.761562  0.776493  0.815632  0.664280  0.695258  0.665501  0.877280  0.696029  0.520145  0.807022  0.810091  0.749508  0.638217  0.755184  0.559652  0.584651  0.797765  0.545366  0.407615  0.377741  0.431725  0.464069  0.602395  0.208907  0.640110  0.321723  0.415988  0.419679  0.390010  0.408240  0.637011  0.642258  0.502051  0.365570 
13  0.483716  0.421539  0.468800  0.578010  0.501828  0.893572  0.692541  0.600491  0.665754  0.447782  0.488301  0.488109  0.457057 0.0  0.684248  0.680573  0.577092  0.688128  0.458225  0.637072  0.307297  0.758518  0.473533  0.562824  0.645944  0.470993  0.607422  0.602756  0.735192  0.756833  0.381950  0.316997  0.495577  0.555624  0.754578  0.317303  0.439665  0.619105  0.398303  0.648602  0.684301  0.730550  0.546293  0.653576  0.601596  0.731931  0.647327  0.580617  0.725087  0.779532  0.736124  0.633791  0.769607  0.710068  0.576854  0.821446  0.583884  0.343193  0.529466  0.681439  0.600016  0.687898  0.460022  0.419625  0.454371  0.465709  0.513329  0.525249  0.520569  0.618638  0.600871  0.498630  0.433319 
14  0.563161  0.574579  0.629353  0.705224  0.524146  0.707526  0.734232  0.457749  0.785182  0.710989  0.658571  0.649178  0.659823  0.684248 0.0  0.829171  0.455196  0.776449  0.637564  0.171695  0.538122  0.797707  0.502923  0.335041  0.689891  0.506574  0.697445  0.742473  0.519687  0.732023  0.661788  0.721664  0.633714  0.731099  0.681451  0.603425  0.667824  0.208034  0.728201  0.760926  0.716531  0.766110  0.750571  0.731733  0.644402  0.716313  0.128129  0.430852  0.696866  0.698913  0.895171  0.710222  0.719391  0.398533  0.374591  0.758313  0.689988  0.582977  0.697591  0.749145  0.601577  0.185311  0.693948  0.807560  0.673508  0.602000  0.676165  0.577228  0.603635  0.577757  0.712772  0.635088  0.682076 
15  0.707159  0.782466  0.535763  0.607259  0.756745  0.901651  0.681323  0.789403  0.517814  0.585827  0.736513  0.723175  0.717152  0.680573  0.829171 0.0  0.795859  0.609034  0.756688  0.768335  0.656675  0.468851  0.589067  0.826395  0.494800  0.731085  0.511750  0.735257  0.742862  0.629114  0.635591  0.539654  0.755068  0.621153  0.208238  0.655176  0.690442  0.794036  0.792173  0.503739  0.590959  0.651378  0.609182  0.512941  0.590577  0.912424  0.686354  0.757278  0.559318  0.843150  0.552694  0.552974  0.769839  0.749023  0.801547  0.824878  0.664344  0.631557  0.598342  0.642194  0.761730  0.794852  0.848173  0.621417  0.686667  0.663236  0.640965  0.671017  0.689170  0.717178  0.531706  0.631096  0.623130 
16  0.476836  0.553690  0.685473  0.567823  0.633860  0.738561  0.727119  0.467203  0.740112  0.668112  0.589795  0.580657  0.541779  0.577092  0.455196  0.795859 0.0  0.694505  0.665143  0.419202  0.576817  0.683898  0.540776  0.418056  0.805954  0.690629  0.640928  0.656524  0.563909  0.723400  0.518601  0.685495  0.714257  0.583758  0.817946  0.583601  0.663525  0.323633  0.628538  0.814070  0.601347  0.769173  0.756408  0.735371  0.569140  0.951623  0.343650  0.474626  0.703175  0.701703  0.828067  0.698566  0.802402  0.624681  0.563300  0.746371  0.832985  0.511853  0.547474  0.528375  0.365223  0.460524  0.656028  0.662909  0.525970  0.473798  0.695428  0.569040  0.648640  0.585516  0.709916  0.676112  0.572704 
17  0.695228  0.674216  0.677766  0.737106  0.669438  0.795303  0.608322  0.751258  0.727097  0.604027  0.725934  0.719375  0.658690  0.688128  0.776449  0.609034  0.694505 0.0  0.695391  0.768958  0.596316  0.534723  0.682419  0.775791  0.626239  0.719844  0.613813  0.568170  0.711975  0.368835  0.609451  0.767874  0.762829  0.675765  0.614512  0.628846  0.700212  0.752270  0.809394  0.665810  0.619848  0.751517  0.624424  0.422802  0.662585  0.872817  0.801792  0.732019  0.609456  0.770429  0.666202  0.575473  0.726278  0.797559  0.828775  0.863084  0.687317  0.676563  0.764388  0.610083  0.735897  0.809777  0.753893  0.711205  0.738146  0.794657  0.671341  0.710024  0.707463  0.697638  0.570177  0.621269  0.763974 
18  0.600249  0.599109  0.499556  0.569963  0.549249  0.843920  0.454135  0.709868  0.443817  0.534856  0.487917  0.561323  0.535109  0.458225  0.637564  0.756688  0.665143  0.695391 0.0  0.669029  0.501130  0.566265  0.605575  0.758981  0.595224  0.637285  0.609321  0.597621  0.714322  0.622100  0.483687  0.353160  0.567907  0.786431  0.544769  0.481944  0.338932  0.668017  0.592020  0.665794  0.702030  0.700279  0.479990  0.537721  0.411212  0.833368  0.708294  0.594018  0.489883  0.666866  0.749441  0.434931  0.622321  0.792411  0.798752  0.811963  0.541019  0.697600  0.676158  0.685694  0.678578  0.635460  0.534050  0.236072  0.509332  0.577229  0.253031  0.596024  0.538323  0.518950  0.522666  0.414578  0.684730 
19  0.677453  0.681784  0.699330  0.720688  0.537357  0.717000  0.688080  0.563210  0.672967  0.693706  0.667326  0.686804  0.663823  0.637072  0.171695  0.768335  0.419202  0.768958  0.669029 0.0  0.680993  0.790629  0.527810  0.160429  0.671835  0.578761  0.716478  0.602497  0.644285  0.744582  0.581254  0.631724  0.643547  0.656611  0.833857  0.696155  0.693074  0.052687  0.639504  0.674504  0.732340  0.791195  0.697014  0.873085  0.750811  0.753525  0.259743  0.541682  0.755402  0.781988  0.863969  0.680137  0.775731  0.424517  0.327349  0.780787  0.624182  0.667739  0.620073  0.564172  0.608431  0.087798  0.535493  0.682584  0.639535  0.657904  0.572030  0.613415  0.734069  0.623778  0.808906  0.690268  0.631341 
20  0.370143  0.439149  0.599650  0.666718  0.441404  0.851513  0.653722  0.688716  0.559644  0.587073  0.533916  0.427872  0.564665  0.307297  0.538122  0.656675  0.576817  0.596316  0.501130  0.680993 0.0  0.613050  0.547376  0.619283  0.729260  0.539838  0.634998  0.527491  0.669724  0.829323  0.278540  0.290855  0.446190  0.499090  0.628292  0.301609  0.593858  0.725678  0.495518  0.704607  0.768804  0.824586  0.572716  0.681767  0.571818  0.867497  0.728843  0.627928  0.552217  0.755747  0.763987  0.656455  0.674588  0.665217  0.659993  0.720608  0.596140  0.399360  0.280675  0.518201  0.517325  0.568826  0.386832  0.472034  0.335068  0.687846  0.516460  0.370660  0.357191  0.544854  0.586006  0.456868  0.415929 
21  0.612701  0.749266  0.711077  0.498108  0.693861  0.833539  0.449155  0.662375  0.648352  0.544459  0.720581  0.649563  0.632302  0.758518  0.797707  0.468851  0.683898  0.534723  0.566265  0.790629  0.613050 0.0  0.630002  0.781160  0.609336  0.608009  0.524152  0.665430  0.864754  0.668926  0.690417  0.435161  0.659475  0.758459  0.552492  0.654838  0.645970  0.675209  0.627002  0.344443  0.507048  0.646567  0.487365  0.597265  0.529493  0.859529  0.741696  0.750720  0.468547  0.905799  0.620307  0.540679  0.611319  0.863594  0.752211  0.828398  0.679687  0.648597  0.634772  0.723590  0.671608  0.629008  0.695043  0.742224  0.768080  0.810450  0.566462  0.770141  0.764451  0.681105  0.518902  0.760148  0.728812 
22  0.484464  0.422074  0.567110  0.646476  0.448305  0.822342  0.765690  0.509269  0.689999  0.634744  0.299846  0.439354  0.547391  0.473533  0.502923  0.589067  0.540776  0.682419  0.605575  0.527810  0.547376  0.630002 0.0  0.672487  0.757903  0.511830  0.760937  0.504504  0.765035  0.815219  0.300432  0.569578  0.441817  0.508736  0.781267  0.534206  0.669796  0.545753  0.397647  0.762526  0.769062  0.668044  0.649867  0.748831  0.702105  1.000000  0.562142  0.477903  0.875440  0.708589  0.761088  0.736026  0.786402  0.667329  0.573200  0.802533  0.566975  0.425452  0.342628  0.124156  0.429807  0.553943  0.410372  0.634883  0.569476  0.359567  0.584591  0.369157  0.523392  0.517709  0.553292  0.500383  0.435154 
23  0.586180  0.504432  0.649302  0.752704  0.675265  0.593438  0.716254  0.550818  0.780202  0.834167  0.546472  0.558635  0.750554  0.562824  0.335041  0.826395  0.418056  0.775791  0.758981  0.160429  0.619283  0.781160  0.672487 0.0  0.728715  0.566550  0.700391  0.661944  0.382294  0.786025  0.643282  0.603570  0.607242  0.686549  0.761369  0.666336  0.710879  0.184462  0.585527  0.682155  0.744218  0.727436  0.734398  0.782839  0.737160  0.693714  0.158266  0.566402  0.845355  0.698775  0.754922  0.756170  0.798163  0.438502  0.363994  0.727715  0.664375  0.570660  0.618174  0.604668  0.603776  0.296002  0.545144  0.748999  0.681318  0.577763  0.764616  0.681345  0.581135  0.712425  0.742764  0.743685  0.712336 
24  0.650436  0.660754  0.494218  0.585401  0.725219  0.737274  0.570898  0.684401  0.479034  0.515143  0.590402  0.666410  0.736484  0.645944  0.689891  0.494800  0.805954  0.626239  0.595224  0.671835  0.729260  0.609336  0.757903  0.728715 0.0  0.561509  0.328665  0.588666  0.723097  0.522867  0.640799  0.645867  0.805213  0.627663  0.535902  0.610054  0.618721  0.716041  0.620571  0.603091  0.600067  0.594298  0.535492  0.191479  0.538336  0.968994  0.716561  0.597552  0.579378  0.850876  0.682290  0.417163  0.613744  0.732026  0.781043  0.886186  0.600816  0.674250  0.728897  0.699319  0.776099  0.841691  0.700572  0.460482  0.645966  0.587959  0.661704  0.645861  0.814145  0.494593  0.573889  0.596316  0.772759 
25  0.416006  0.108652  0.613755  0.663992  0.192588  0.711022  0.623618  0.458372  0.604964  0.652051  0.136068  0.388785  0.124407  0.470993  0.506574  0.731085  0.690629  0.719844  0.637285  0.578761  0.539838  0.608009  0.511830  0.566550  0.561509 0.0  0.718463  0.658607  0.708378  0.713738  0.429379  0.506290  0.344425  0.626952  0.701105  0.573473  0.649365  0.552371  0.178326  0.537141  0.687874  0.715986  0.639452  0.637590  0.608084  0.899787  0.576643  0.654446  0.600295  0.802362  0.830067  0.588202  0.787033  0.592303  0.581747  0.737474  0.828251  0.324874  0.415532  0.548202  0.480907  0.537199  0.137400  0.626276  0.456455  0.501922  0.559801  0.454720  0.362204  0.656324  0.645579  0.565866  0.373194 
26  0.790188  0.816608  0.573090  0.639832  0.732727  0.843347  0.573202  0.669469  0.578500  0.543247  0.621110  0.675904  0.606049  0.607422  0.697445  0.511750  0.640928  0.613813  0.609321  0.716478  0.634998  0.524152  0.760937  0.700391  0.328665  0.718463 0.0  0.610363  0.719631  0.619437  0.688493  0.648419  0.712014  0.756051  0.530721  0.585705  0.541112  0.715984  0.665826  0.606126  0.695649  0.630752  0.587823  0.393498  0.477574  0.936026  0.663195  0.721960  0.518853  0.767769  0.573213  0.484646  0.613768  0.706356  0.692699  0.902612  0.551232  0.542250  0.566864  0.685411  0.615683  0.674655  0.641869  0.462811  0.661056  0.592262  0.577865  0.661264  0.851964  0.498247  0.585624  0.629893  0.667795 
27  0.626740  0.575996  0.423843  0.651712  0.721774  0.878496  0.651471  0.754535  0.676712  0.602650  0.607018  0.628760  0.746535  0.602756  0.742473  0.735257  0.656524  0.568170  0.597621  0.602497  0.527491  0.665430  0.504504  0.661944  0.588666  0.658607  0.610363 0.0  0.830409  0.669219  0.607119  0.599450  0.616990  0.629704  0.690623  0.653120  0.579161  0.762484  0.523959  0.742017  0.622124  0.738257  0.692557  0.743910  0.560388  0.748767  0.667973  0.669884  0.646554  0.648629  0.688537  0.700362  0.753299  0.692949  0.601305  0.896365  0.459346  0.504439  0.582404  0.609857  0.619448  0.770543  0.690619  0.611862  0.585269  0.606175  0.593437  0.650025  0.478096  0.537473  0.702636  0.679640  0.545379 
28  0.689572  0.596810  0.602900  0.724140  0.678266  0.765160  0.738984  0.560947  0.797715  0.591797  0.679724  0.676080  0.637746  0.735192  0.519687  0.742862  0.563909  0.711975  0.714322  0.644285  0.669724  0.864754  0.765035  0.382294  0.723097  0.708378  0.719631  0.830409 0.0  0.571763  0.591816  0.653022  0.757801  0.624569  0.816921  0.777233  0.663222  0.451383  0.728382  0.714051  0.776445  0.761950  0.640814  0.780549  0.696098  0.751983  0.589775  0.630229  0.784528  0.677294  0.748473  0.750344  0.796721  0.598109  0.644456  0.675453  0.838862  0.715676  0.558455  0.665154  0.621227  0.606100  0.579678  0.610169  0.751462  0.542514  0.711221  0.618566  0.743441  0.680393  0.745340  0.755275  0.708093 
29  0.671188  0.703427  0.511105  0.559742  0.762640  0.875530  0.624365  0.813914  0.722816  0.619833  0.658873  0.669032  0.751613  0.756833  0.732023  0.629114  0.723400  0.368835  0.622100  0.744582  0.829323  0.668926  0.815219  0.786025  0.522867  0.713738  0.619437  0.669219  0.571763 0.0  0.718831  0.755113  0.727984  0.756073  0.559953  0.685486  0.611028  0.795922  0.752627  0.703457  0.765386  0.650266  0.726890  0.528261  0.670418  0.800314  0.705892  0.692555  0.650236  0.799966  0.661001  0.650034  0.563575  0.831158  0.760029  0.931335  0.634730  0.733836  0.727717  0.687613  0.818878  0.759431  0.729283  0.586299  0.773473  0.777831  0.715782  0.659163  0.745153  0.701690  0.732677  0.705397  0.721956 
30  0.431909  0.338617  0.498246  0.702815  0.343529  0.842286  0.630812  0.555453  0.623364  0.650327  0.410489  0.364412  0.425758  0.381950  0.661788  0.635591  0.518601  0.609451  0.483687  0.581254  0.278540  0.690417  0.300432  0.643282  0.640799  0.429379  0.688493  0.607119  0.591816  0.718831 0.0  0.339158  0.218549  0.714691  0.646080  0.126223  0.549341  0.574931  0.394001  0.647405  0.711954  0.741814  0.641913  0.796934  0.660331  0.863228  0.608943  0.522239  0.580626  0.757432  0.917767  0.650336  0.827713  0.682096  0.698369  0.820260  0.637777  0.000000  0.292534  0.476150  0.588807  0.682147  0.413943  0.565011  0.327210  0.370228  0.460532  0.387761  0.168684  0.506177  0.597738  0.495028  0.155238 
31  0.502213  0.472616  0.582889  0.580830  0.603386  0.801284  0.585479  0.618083  0.501568  0.450492  0.484686  0.560241  0.523549  0.316997  0.721664  0.539654  0.685495  0.767874  0.353160  0.631724  0.290855  0.435161  0.569578  0.603570  0.645867  0.506290  0.648419  0.599450  0.653022  0.755113  0.339158 0.0  0.443683  0.645712  0.688130  0.475115  0.455711  0.563637  0.420980  0.578021  0.641463  0.741033  0.475728  0.580404  0.378544  0.838413  0.640660  0.600040  0.540665  0.751333  0.725989  0.688109  0.628304  0.661856  0.658076  0.760689  0.581331  0.443962  0.535161  0.556048  0.593205  0.616308  0.447741  0.373499  0.430909  0.532418  0.373511  0.593930  0.513569  0.578274  0.686920  0.242352  0.458726 
32  0.479045  0.450831  0.534453  0.518556  0.313170  0.753971  0.746184  0.559401  0.673756  0.769277  0.484803  0.395519  0.326492  0.495577  0.633714  0.755068  0.714257  0.762829  0.567907  0.643547  0.446190  0.659475  0.441817  0.607242  0.805213  0.344425  0.712014  0.616990  0.757801  0.727984  0.218549  0.443683 0.0  0.531655  0.742629  0.276532  0.632493  0.635102  0.386736  0.698846  0.769176  0.741978  0.620234  0.725037  0.687162  0.894295  0.588671  0.595390  0.572106  0.648445  0.682084  0.673857  0.752559  0.668202  0.491784  0.715620  0.640438  0.172028  0.310190  0.465153  0.427638  0.649037  0.341184  0.538211  0.260192  0.399486  0.540249  0.481564  0.271001  0.473208  0.638931  0.404045  0.081049 
33  0.532550  0.650516  0.695214  0.587541  0.627722  0.752747  0.605137  0.641417  0.673947  0.650335  0.558839  0.589570  0.567198  0.555624  0.731099  0.621153  0.583758  0.675765  0.786431  0.656611  0.499090  0.758459  0.508736  0.686549  0.627663  0.626952  0.756051  0.629704  0.624569  0.756073  0.714691  0.645712  0.531655 0.0  0.773547  0.624241  0.609798  0.607823  0.535202  0.767693  0.828712  0.737163  0.726561  0.646760  0.732810  0.877260  0.737569  0.587928  0.693216  0.837675  0.752432  0.497801  0.836771  0.645100  0.621744  0.788290  0.528481  0.445064  0.598136  0.593301  0.555246  0.697428  0.533748  0.736179  0.620023  0.566581  0.617144  0.718362  0.600868  0.496209  0.780148  0.510893  0.585032 
34  0.695726  0.704954  0.697918  0.612815  0.740282  0.950005  0.493814  0.706865  0.552969  0.655447  0.700002  0.693913  0.793960  0.754578  0.681451  0.208238  0.817946  0.614512  0.544769  0.833857  0.628292  0.552492  0.781267  0.761369  0.535902  0.701105  0.530721  0.690623  0.816921  0.559953  0.646080  0.688130  0.742629  0.773547 0.0  0.650798  0.579188  0.726874  0.615522  0.552900  0.599388  0.548333  0.659182  0.504945  0.632712  0.889777  0.679821  0.772439  0.664686  0.714337  0.622449  0.633920  0.527253  0.834395  0.798598  0.780366  0.715268  0.617789  0.634074  0.792024  0.738267  0.735247  0.659560  0.640076  0.704288  0.718025  0.827152  0.828286  0.731761  0.647416  0.580746  0.699994  0.682410 
35  0.471655  0.456333  0.643526  0.658578  0.359557  0.804500  0.707775  0.624275  0.539016  0.583475  0.444071  0.332115  0.362567  0.317303  0.603425  0.655176  0.583601  0.628846  0.481944  0.696155  0.301609  0.654838  0.534206  0.666336  0.610054  0.573473  0.585705  0.653120  0.777233  0.685486  0.126223  0.475115  0.276532  0.624241  0.650798 0.0  0.480668  0.538799  0.490080  0.659095  0.651105  0.783463  0.595427  0.703930  0.614212  0.868951  0.643444  0.544740  0.623380  0.810683  0.717936  0.738382  0.747982  0.572416  0.658359  0.792826  0.689800  0.199422  0.329438  0.450776  0.616908  0.457287  0.337085  0.655170  0.124189  0.588819  0.323189  0.442847  0.201300  0.499359  0.683668  0.469809  0.303551 
36  0.609937  0.535458  0.463473  0.594865  0.611677  0.713890  0.454397  0.778894  0.401921  0.504313  0.561345  0.536682  0.624789  0.439665  0.667824  0.690442  0.663525  0.700212  0.338932  0.693074  0.593858  0.645970  0.669796  0.710879  0.618721  0.649365  0.541112  0.579161  0.663222  0.611028  0.549341  0.455711  0.632493  0.609798  0.579188  0.480668 0.0  0.728703  0.565834  0.620893  0.713116  0.732663  0.497322  0.561982  0.540694  0.802580  0.697647  0.731224  0.363932  0.779422  0.625037  0.398208  0.702862  0.786808  0.676303  0.797058  0.507741  0.580735  0.463294  0.624602  0.668977  0.695384  0.606195  0.294536  0.573238  0.614219  0.370038  0.561648  0.520526  0.560587  0.655330  0.309399  0.698622 
37  0.611417  0.633645  0.709948  0.701672  0.735909  0.776565  0.610167  0.502310  0.622872  0.745422  0.602225  0.602718  0.541212  0.619105  0.208034  0.794036  0.323633  0.752270  0.668017  0.052687  0.725678  0.675209  0.545753  0.184462  0.716041  0.552371  0.715984  0.762484  0.451383  0.795922  0.574931  0.563637  0.635102  0.607823  0.726874  0.538799  0.728703 0.0  0.623845  0.686853  0.881951  0.809620  0.730920  0.743620  0.694898  0.730783  0.157272  0.469389  0.768255  0.716087  0.842094  0.729966  0.838108  0.325286  0.482640  0.717924  0.762995  0.633021  0.587956  0.598527  0.509583  0.117211  0.627591  0.695035  0.652965  0.533825  0.679337  0.700464  0.620355  0.657178  0.726673  0.753079  0.568036 
38  0.604595  0.200514  0.555241  0.679748  0.188217  0.763540  0.636415  0.489301  0.653476  0.644453  0.068250  0.288925  0.105901  0.398303  0.728201  0.792173  0.628538  0.809394  0.592020  0.639504  0.495518  0.627002  0.397647  0.585527  0.620571  0.178326  0.665826  0.523959  0.728382  0.752627  0.394001  0.420980  0.386736  0.535202  0.615522  0.490080  0.565834  0.623845 0.0  0.672780  0.839340  0.760192  0.707241  0.673788  0.623660  0.891534  0.543897  0.518499  0.594596  0.743502  0.886782  0.666896  0.816190  0.723698  0.611758  0.678176  0.605664  0.467430  0.366794  0.460010  0.523787  0.667717  0.201356  0.532628  0.368191  0.492943  0.639542  0.406904  0.456762  0.628346  0.675239  0.486021  0.406674 
39  0.601588  0.731982  0.566616  0.493381  0.700087  0.661789  0.426650  0.755176  0.445087  0.346902  0.751721  0.625585  0.761562  0.648602  0.760926  0.503739  0.814070  0.665810  0.665794  0.674504  0.704607  0.344443  0.762526  0.682155  0.603091  0.537141  0.606126  0.742017  0.714051  0.703457  0.647405  0.578021  0.698846  0.767693  0.552900  0.659095  0.620893  0.686853  0.672780 0.0  0.417657  0.688902  0.492990  0.612047  0.699186  0.805208  0.746407  0.680068  0.393991  0.846899  0.641458  0.482663  0.672957  0.779849  0.698595  0.847048  0.623405  0.582559  0.674714  0.753203  0.752571  0.707047  0.704209  0.617585  0.662692  0.767600  0.617496  0.541969  0.614501  0.667004  0.278475  0.499000  0.586679 
40  0.760044  0.786196  0.615488  0.611072  0.743600  0.798346  0.597273  0.731438  0.698760  0.549798  0.814673  0.772546  0.776493  0.684301  0.716531  0.590959  0.601347  0.619848  0.702030  0.732340  0.768804  0.507048  0.769062  0.744218  0.600067  0.687874  0.695649  0.622124  0.776445  0.765386  0.711954  0.641463  0.769176  0.828712  0.599388  0.651105  0.713116  0.881951  0.839340  0.417657 0.0  0.587576  0.647639  0.675376  0.693205  0.919439  0.761627  0.776022  0.608844  0.800971  0.503511  0.526428  0.647706  0.822021  0.774969  0.782303  0.604413  0.709772  0.621982  0.696163  0.780407  0.774023  0.734408  0.733093  0.611424  0.718965  0.652860  0.712077  0.708632  0.708316  0.562195  0.631806  0.681321 
41  0.786228  0.712449  0.702146  0.676843  0.784531  0.775468  0.698137  0.788137  0.767536  0.642869  0.797536  0.813944  0.815632  0.730550  0.766110  0.651378  0.769173  0.751517  0.700279  0.791195  0.824586  0.646567  0.668044  0.727436  0.594298  0.715986  0.630752  0.738257  0.761950  0.650266  0.741814  0.741033  0.741978  0.737163  0.548333  0.783463  0.732663  0.809620  0.760192  0.688902  0.587576 0.0  0.664836  0.594539  0.765445  0.904258  0.857816  0.689320  0.706450  0.865468  0.279634  0.673101  0.460503  0.786410  0.769881  0.916355  0.619987  0.773336  0.697139  0.737214  0.850675  0.855338  0.766379  0.688121  0.729690  0.861189  0.640514  0.733109  0.762358  0.747932  0.572597  0.717526  0.773685 
42  0.687171  0.620076  0.628079  0.085581  0.480743  0.703344  0.260225  0.682338  0.334441  0.385609  0.609634  0.610204  0.664280  0.546293  0.750571  0.609182  0.756408  0.624424  0.479990  0.697014  0.572716  0.487365  0.649867  0.734398  0.535492  0.639452  0.587823  0.692557  0.640814  0.726890  0.641913  0.475728  0.620234  0.726561  0.659182  0.595427  0.497322  0.730920  0.707241  0.492990  0.647639  0.664836 0.0  0.481582  0.619407  0.743590  0.816540  0.656656  0.443138  0.821552  0.771433  0.553338  0.661453  0.714539  0.665933  0.767606  0.675279  0.567327  0.591683  0.673482  0.690293  0.714438  0.551878  0.528819  0.613039  0.588172  0.371482  0.670335  0.620497  0.669798  0.384405  0.560799  0.650368 
43  0.752540  0.622901  0.491513  0.638762  0.714604  0.791220  0.591259  0.605452  0.605628  0.505309  0.764476  0.630005  0.695258  0.653576  0.731733  0.512941  0.735371  0.422802  0.537721  0.873085  0.681767  0.597265  0.748831  0.782839  0.191479  0.637590  0.393498  0.743910  0.780549  0.528261  0.796934  0.580404  0.725037  0.646760  0.504945  0.703930  0.561982  0.743620  0.673788  0.612047  0.675376  0.594539  0.481582 0.0  0.523106  0.855098  0.671446  0.731043  0.563987  0.889736  0.805402  0.421655  0.569179  0.755966  0.776218  0.764903  0.573164  0.784945  0.612504  0.687375  0.881550  0.808567  0.628835  0.541140  0.683220  0.719889  0.694538  0.803478  0.588623  0.715624  0.530350  0.586061  0.702764 
44  0.613317  0.527625  0.397608  0.570788  0.615157  0.763829  0.633858  0.663902  0.585763  0.573068  0.585600  0.669677  0.665501  0.601596  0.644402  0.590577  0.569140  0.662585  0.411212  0.750811  0.571818  0.529493  0.702105  0.737160  0.538336  0.608084  0.477574  0.560388  0.696098  0.670418  0.660331  0.378544  0.687162  0.732810  0.632712  0.614212  0.540694  0.694898  0.623660  0.699186  0.693205  0.765445  0.619407  0.523106 0.0  0.895355  0.711826  0.711338  0.563021  0.805668  0.782466  0.590673  0.626218  0.781100  0.671958  0.831225  0.445121  0.563144  0.578261  0.647849  0.627004  0.757437  0.503043  0.535412  0.629211  0.627544  0.523048  0.697183  0.659400  0.626235  0.629592  0.552560  0.613286 
45  0.889121  0.908170  0.814194  0.835894  0.857978  0.746807  0.954435  0.741369  0.838776  0.825288  0.926264  0.804061  0.877280  0.731931  0.716313  0.912424  0.951623  0.872817  0.833368  0.753525  0.867497  0.859529  1.000000  0.693714  0.968994  0.899787  0.936026  0.748767  0.751983  0.800314  0.863228  0.838413  0.894295  0.877260  0.889777  0.868951  0.802580  0.730783  0.891534  0.805208  0.919439  0.904258  0.743590  0.855098  0.895355 0.0  0.833104  0.904448  0.820949  0.832790  0.879423  0.907959  0.847959  0.797336  0.763705  0.624878  0.738802  0.856447  0.788021  0.789406  0.901741  0.829129  0.793045  0.813014  0.895363  0.838040  0.817259  0.866129  0.847013  0.752834  0.896253  0.791399  0.861247 
46  0.540395  0.707322  0.665118  0.749342  0.592782  0.774706  0.753602  0.497374  0.704291  0.692114  0.628073  0.607489  0.696029  0.647327  0.128129  0.686354  0.343650  0.801792  0.708294  0.259743  0.728843  0.741696  0.562142  0.158266  0.716561  0.576643  0.663195  0.667973  0.589775  0.705892  0.608943  0.640660  0.588671  0.737569  0.679821  0.643444  0.697647  0.157272  0.543897  0.746407  0.761627  0.857816  0.816540  0.671446  0.711826  0.833104 0.0  0.504756  0.684260  0.764342  0.810682  0.704178  0.693969  0.394847  0.484580  0.790761  0.775176  0.602162  0.590296  0.608258  0.553848  0.216131  0.562700  0.762939  0.603881  0.513026  0.546879  0.473929  0.734853  0.761190  0.686956  0.724028  0.556298 
47  0.400959  0.527204  0.684375  0.639724  0.566021  0.650358  0.687305  0.091392  0.624677  0.646090  0.466587  0.462166  0.520145  0.580617  0.430852  0.757278  0.474626  0.732019  0.594018  0.541682  0.627928  0.750720  0.477903  0.566402  0.597552  0.654446  0.721960  0.669884  0.630229  0.692555  0.522239  0.600040  0.595390  0.587928  0.772439  0.544740  0.731224  0.469389  0.518499  0.680068  0.776022  0.689320  0.656656  0.731043  0.711338  0.904448  0.504756 0.0  0.684949  0.690660  0.777182  0.690882  0.752789  0.604485  0.507720  0.804073  0.566529  0.417548  0.472120  0.516638  0.279573  0.510540  0.484825  0.629602  0.737812  0.460574  0.674768  0.570550  0.621577  0.630896  0.649640  0.623153  0.569846 
48  0.633911  0.662610  0.597394  0.424228  0.650647  0.876461  0.389901  0.737164  0.272800  0.292671  0.668095  0.604179  0.807022  0.725087  0.696866  0.559318  0.703175  0.609456  0.489883  0.755402  0.552217  0.468547  0.875440  0.845355  0.579378  0.600295  0.518853  0.646554  0.784528  0.650236  0.580626  0.540665  0.572106  0.693216  0.664686  0.623380  0.363932  0.768255  0.594596  0.393991  0.608844  0.706450  0.443138  0.563987  0.563021  0.820949  0.684260  0.684949 0.0  0.754104  0.630047  0.361504  0.595189  0.786464  0.896242  0.867379  0.488329  0.661844  0.631359  0.719728  0.706959  0.720719  0.640700  0.475807  0.619872  0.631778  0.581346  0.542233  0.587497  0.613393  0.365248  0.640342  0.568496 
49  0.676508  0.733699  0.721021  0.768648  0.685495  0.748716  0.741976  0.724834  0.857731  0.796511  0.827427  0.725073  0.810091  0.779532  0.698913  0.843150  0.701703  0.770429  0.666866  0.781988  0.755747  0.905799  0.708589  0.698775  0.850876  0.802362  0.767769  0.648629  0.677294  0.799966  0.757432  0.751333  0.648445  0.837675  0.714337  0.810683  0.779422  0.716087  0.743502  0.846899  0.800971  0.865468  0.821552  0.889736  0.805668  0.832790  0.764342  0.690660  0.754104 0.0  0.749178  0.758569  0.835595  0.835437  0.646226  0.564400  0.811732  0.628262  0.804185  0.719247  0.698473  0.658823  0.748009  0.745620  0.804845  0.689601  0.737610  0.802659  0.696346  0.709710  0.811037  0.774431  0.800892 
50  0.735996  0.808750  0.729954  0.615370  0.785427  0.938772  0.720383  0.762482  0.707462  0.602544  0.735198  0.841187  0.749508  0.736124  0.895171  0.552694  0.828067  0.666202  0.749441  0.863969  0.763987  0.620307  0.761088  0.754922  0.682290  0.830067  0.573213  0.688537  0.748473  0.661001  0.917767  0.725989  0.682084  0.752432  0.622449  0.717936  0.625037  0.842094  0.886782  0.641458  0.503511  0.279634  0.771433  0.805402  0.782466  0.879423  0.810682  0.777182  0.630047  0.749178 0.0  0.665269  0.420602  0.724889  0.807372  0.846329  0.673225  0.617015  0.721711  0.748611  0.702898  0.819955  0.697110  0.685329  0.766588  0.810222  0.752641  0.862019  0.698123  0.793407  0.751868  0.775759  0.677660 
51  0.634080  0.693935  0.655514  0.567021  0.691495  0.725386  0.514390  0.675247  0.322242  0.361330  0.626183  0.644479  0.638217  0.633791  0.710222  0.552974  0.698566  0.575473  0.434931  0.680137  0.656455  0.540679  0.736026  0.756170  0.417163  0.588202  0.484646  0.700362  0.750344  0.650034  0.650336  0.688109  0.673857  0.497801  0.633920  0.738382  0.398208  0.729966  0.666896  0.482663  0.526428  0.673101  0.553338  0.421655  0.590673  0.907959  0.704178  0.690882  0.361504  0.758569  0.665269 0.0  0.723257  0.756486  0.662923  0.706927  0.553684  0.623981  0.651233  0.696123  0.671104  0.666847  0.521059  0.481441  0.684623  0.644239  0.534351  0.631190  0.657581  0.583550  0.416213  0.448057  0.554599 
52  0.841067  0.786031  0.753246  0.748352  0.991570  0.807965  0.693929  0.747650  0.755976  0.693862  0.745611  0.879312  0.755184  0.769607  0.719391  0.769839  0.802402  0.726278  0.622321  0.775731  0.674588  0.611319  0.786402  0.798163  0.613744  0.787033  0.613768  0.753299  0.796721  0.563575  0.827713  0.628304  0.752559  0.836771  0.527253  0.747982  0.702862  0.838108  0.816190  0.672957  0.647706  0.460503  0.661453  0.569179  0.626218  0.847959  0.693969  0.752789  0.595189  0.835595  0.420602  0.723257 0.0  0.874634  0.739734  0.852591  0.697990  0.796603  0.736617  0.823872  0.845518  0.778322  0.704759  0.716194  0.788288  0.659790  0.732452  0.788859  0.744897  0.737879  0.728003  0.733805  0.833488 
53  0.636718  0.609188  0.766488  0.762141  0.693795  0.734482  0.661881  0.499584  0.678611  0.757538  0.625683  0.747575  0.559652  0.710068  0.398533  0.749023  0.624681  0.797559  0.792411  0.424517  0.665217  0.863594  0.667329  0.438502  0.732026  0.592303  0.706356  0.692949  0.598109  0.831158  0.682096  0.661856  0.668202  0.645100  0.834395  0.572416  0.786808  0.325286  0.723698  0.779849  0.822021  0.786410  0.714539  0.755966  0.781100  0.797336  0.394847  0.604485  0.786464  0.835437  0.724889  0.756486  0.874634 0.0  0.408685  0.744448  0.670799  0.574666  0.672052  0.672324  0.577656  0.264227  0.578416  0.717907  0.707182  0.648775  0.660965  0.615029  0.650931  0.657386  0.853059  0.578276  0.581648 
