73
0 0.0  0.675751  0.667742  0.737611  0.678580  0.713923  0.606672  0.784439  0.503979  0.609668  0.527380  0.783236  0.551738  0.563751  0.579808  0.693468  0.574991  0.684595  0.751791  0.647325  0.691831  0.543292  0.705693  0.716643  0.684638  0.644588  0.731087  0.712055  0.683614  0.795466  0.710323  0.597197  0.756701  0.640318  0.664708  0.895511  0.742639  0.611039  0.720408  0.787611  0.733317  0.556829  0.657713  0.667400  0.640850  0.766203  0.637744  0.716026  0.593945  0.708519  0.793881  0.644233  0.621585  0.637212  0.657305  0.777112  0.553521  0.663446  0.694335  0.690403  0.727454  0.695147  0.681517  0.757780  0.689430  0.528589  0.730034  0.595650  0.613395  0.530341  0.776497  0.715648  0.842177 
1  0.675751 0.0  0.616220  0.557249  0.686004  0.550907  0.720544  0.648124  0.726069  0.639336  0.738024  0.586255  0.752003  0.699451  0.643624  0.593379  0.555480  0.570754  0.644034  0.713302  0.532432  0.646469  0.586268  0.643505  0.518873  0.637775  0.709624  0.594348  0.640326  0.570889  0.555264  0.714598  0.497561  0.728490  0.556742  0.567517  0.544199  0.586410  0.635770  0.545719  0.514144  0.628238  0.549741  0.428292  0.599436  0.529563  0.640174  0.530888  0.665692  0.544920  0.534829  0.500171  0.628361  0.659520  0.729920  0.638027  0.595402  0.712113  0.626130  0.572648  0.564164  0.417288  0.637156  0.504069  0.659456  0.678125  0.661942  0.534525  0.540782  0.672795  0.607050  0.582001  0.470720 
2  0.667742  0.616220 0.0  0.409509  0.554716  0.671197  0.588497  0.755776  0.619795  0.540732  0.611342  0.746366  0.766540  0.624101  0.612448  0.427602  0.577526  0.451729  0.515119  0.768833  0.745795  0.669604  0.801886  0.595904  0.478584  0.531191  0.365918  0.525464  0.612906  0.626739  0.445119  0.567663  0.612780  0.576090  0.665767  0.688482  0.222359  0.302616  0.391947  0.627776  0.687256  0.514806  0.644693  0.635556  0.584934  0.657966  0.437003  0.399686  0.678323  0.499546  0.597644  0.566392  0.569051  0.505505  0.795860  0.737248  0.559600  0.613777  0.453264  0.634032  0.475170  0.595491  0.466197  0.615841  0.376814  0.645660  0.686474  0.692573  0.482475  0.563276  0.617018  0.718604  0.584609 
3  0.737611  0.557249  0.409509 0.0  0.608874  0.633883  0.664091  0.680998  0.596774  0.532472  0.662255  0.654718  0.772214  0.571110  0.621034  0.307071  0.664579  0.388142  0.226357  0.765506  0.677310  0.701669  0.733132  0.685546  0.530495  0.579441  0.262102  0.366821  0.707030  0.661159  0.246438  0.572123  0.643233  0.731487  0.595760  0.644065  0.385657  0.521697  0.355434  0.690309  0.596639  0.565170  0.671809  0.560909  0.602662  0.567733  0.404079  0.319742  0.561924  0.396161  0.463240  0.545463  0.538603  0.511600  0.769863  0.684069  0.559218  0.645569  0.436221  0.595232  0.431608  0.660946  0.444789  0.582392  0.465000  0.664779  0.682860  0.627002  0.392238  0.637154  0.587840  0.658516  0.666195 
4  0.678580  0.686004  0.554716  0.608874 0.0  0.211028  0.706270  0.620022  0.821156  0.702338  0.695442  0.634853  0.668553  0.808705  0.707612  0.593495  0.671785  0.637226  0.597883  0.755855  0.255313  0.737076  0.797151  0.141083  0.587998  0.659486  0.615993  0.623101  0.526903  0.472401  0.526977  0.791132  0.485814  0.708924  0.523885  0.584654  0.593464  0.646639  0.699611  0.444047  0.585785  0.638549  0.476321  0.439604  0.725585  0.472462  0.614700  0.700625  0.717075  0.671587  0.594878  0.619938  0.643338  0.729930  0.786478  0.586843  0.712777  0.705029  0.568273  0.507648  0.573656  0.500528  0.733150  0.582687  0.682632  0.706879  0.582432  0.670376  0.662034  0.684630  0.691005  0.671241  0.626966 
5  0.713923  0.550907  0.671197  0.633883  0.211028 0.0  0.679022  0.640647  0.740634  0.574449  0.742536  0.520809  0.721626  0.694556  0.648339  0.698049  0.827242  0.652974  0.599462  0.757749  0.500488  0.743547  0.831830  0.216123  0.647989  0.597974  0.524968  0.603526  0.489311  0.641435  0.573311  0.692798  0.422939  0.732796  0.569043  0.496495  0.683587  0.647874  0.592271  0.559587  0.551860  0.708462  0.390095  0.491005  0.679071  0.414174  0.657720  0.591693  0.700064  0.727495  0.592318  0.662969  0.649966  0.655250  0.741111  0.686808  0.715072  0.743065  0.652389  0.320196  0.559183  0.454294  0.830310  0.589610  0.684948  0.812134  0.534142  0.658005  0.583945  0.707776  0.740726  0.550252  0.527367 
6  0.606672  0.720544  0.588497  0.664091  0.706270  0.679022 0.0  0.758409  0.687791  0.592644  0.700963  0.689000  0.814148  0.606744  0.562693  0.599758  0.660517  0.590725  0.466202  0.646283  0.618319  0.516193  0.751548  0.719309  0.567765  0.580271  0.437420  0.516276  0.678274  0.725749  0.604676  0.595801  0.643849  0.578615  0.665093  0.659174  0.498756  0.527382  0.604252  0.707575  0.756022  0.573544  0.826171  0.586309  0.471575  0.639936  0.626435  0.587224  0.682409  0.578479  0.670356  0.580181  0.612056  0.661109  0.736978  0.659759  0.620843  0.707728  0.533380  0.652439  0.491503  0.719837  0.467573  0.674391  0.530481  0.662562  0.672655  0.623742  0.564394  0.662111  0.600505  0.655794  0.709110 
7  0.784439  0.648124  0.755776  0.680998  0.620022  0.640647  0.758409 0.0  0.680591  0.735515  0.692687  0.523218  0.842340  0.671474  0.676248  0.593678  0.720993  0.694232  0.665964  0.734297  0.606075  0.707010  0.783988  0.688552  0.682416  0.611284  0.750774  0.528547  0.593003  0.633701  0.624199  0.811825  0.630412  0.706258  0.516194  0.511515  0.712430  0.692349  0.716064  0.654436  0.542299  0.761143  0.551731  0.581467  0.749447  0.646709  0.631222  0.752892  0.767705  0.755756  0.646389  0.696392  0.716016  0.677661  0.807106  0.478701  0.826102  0.743896  0.766698  0.616604  0.706975  0.647006  0.818589  0.764790  0.684437  0.639574  0.482384  0.706332  0.693475  0.765397  0.723937  0.653183  0.482686 
8  0.503979  0.726069  0.619795  0.596774  0.821156  0.740634  0.687791  0.680591 0.0  0.249580  0.427270  0.704781  0.701344  0.236330  0.278914  0.522075  0.265721  0.610324  0.581366  0.703894  0.772527  0.451022  0.879289  0.699211  0.610849  0.645486  0.581235  0.555760  0.751148  0.798876  0.649035  0.324956  0.721344  0.429635  0.683178  0.747652  0.537458  0.658259  0.553033  0.712751  0.722085  0.610829  0.763220  0.657495  0.642909  0.641461  0.568259  0.582119  0.228977  0.597584  0.669642  0.703232  0.517035  0.288501  0.671215  0.742361  0.192126  0.322347  0.608583  0.633345  0.662752  0.692951  0.594460  0.703321  0.576422  0.370507  0.751808  0.200059  0.375194  0.400683  0.468620  0.756901  0.763746 
9  0.609668  0.639336  0.540732  0.532472  0.702338  0.574449  0.592644  0.735515  0.249580 0.0  0.372821  0.692137  0.690078  0.245804  0.301757  0.577568  0.270107  0.587300  0.593779  0.758495  0.744808  0.472122  0.786721  0.639220  0.544063  0.632351  0.649228  0.637909  0.717404  0.774728  0.560641  0.244267  0.741941  0.396166  0.784485  0.783854  0.698228  0.628862  0.605631  0.765053  0.646021  0.466622  0.692616  0.697094  0.660750  0.761152  0.741845  0.598100  0.162600  0.577518  0.659537  0.661557  0.535129  0.149321  0.608567  0.831202  0.221137  0.264409  0.574658  0.711196  0.607251  0.671506  0.580097  0.670294  0.629260  0.408271  0.713518  0.368242  0.540234  0.469627  0.442526  0.653413  0.748353 
10  0.527380  0.738024  0.611342  0.662255  0.695442  0.742536  0.700963  0.692687  0.427270  0.372821 0.0  0.626722  0.707046  0.426578  0.434161  0.648223  0.403569  0.594242  0.575484  0.728888  0.746656  0.380970  0.832297  0.684781  0.616935  0.673137  0.696011  0.641510  0.689681  0.781277  0.624109  0.491197  0.637970  0.372710  0.706375  0.771687  0.710898  0.578481  0.619541  0.670052  0.709521  0.538886  0.607671  0.654742  0.588215  0.721386  0.572444  0.588400  0.344233  0.629065  0.615833  0.591343  0.482084  0.447372  0.655534  0.814002  0.470871  0.332401  0.618380  0.774431  0.719226  0.682428  0.504622  0.614545  0.596685  0.556472  0.607717  0.428696  0.527445  0.404465  0.619223  0.704815  0.718383 
11  0.783236  0.586255  0.746366  0.654718  0.634853  0.520809  0.689000  0.523218  0.704781  0.692137  0.626722 0.0  0.695444  0.703158  0.658796  0.659631  0.700945  0.717583  0.715369  0.638800  0.572751  0.609605  0.803960  0.544005  0.557352  0.577946  0.661899  0.648239  0.527444  0.745396  0.572318  0.651893  0.537069  0.734526  0.502545  0.493105  0.621221  0.606233  0.649005  0.520217  0.229527  0.674066  0.527000  0.558505  0.754993  0.622039  0.735739  0.702964  0.696586  0.628148  0.693313  0.555158  0.757480  0.653291  0.799289  0.581132  0.702651  0.747629  0.656009  0.621775  0.669399  0.485024  0.572152  0.565225  0.660717  0.736099  0.595388  0.590513  0.640949  0.702589  0.749214  0.431882  0.365034 
12  0.551738  0.752003  0.766540  0.772214  0.668553  0.721626  0.814148  0.842340  0.701344  0.690078  0.707046  0.695444 0.0  0.744068  0.645971  0.720769  0.651549  0.666257  0.838039  0.731216  0.749222  0.661582  0.836513  0.795051  0.775366  0.779863  0.749896  0.758998  0.840101  0.803610  0.713776  0.740131  0.709742  0.591723  0.775053  0.846180  0.694579  0.751101  0.638864  0.771406  0.718135  0.741135  0.704771  0.662035  0.730999  0.733880  0.677985  0.751360  0.605923  0.679010  0.744848  0.631904  0.730783  0.709695  0.613130  0.782518  0.654451  0.674262  0.689682  0.756585  0.745949  0.777035  0.685402  0.782852  0.711026  0.655549  0.739117  0.663844  0.591788  0.494190  0.711617  0.799871  0.757528 
13  0.563751  0.699451  0.624101  0.571110  0.808705  0.694556  0.606744  0.671474  0.236330  0.245804  0.426578  0.703158  0.744068 0.0  0.286084  0.462119  0.197619  0.651097  0.621414  0.698064  0.715084  0.418204  0.800858  0.740617  0.597133  0.585787  0.604810  0.525667  0.731467  0.762026  0.609689  0.298960  0.732232  0.473631  0.778708  0.731940  0.599190  0.668224  0.550310  0.648817  0.739412  0.550526  0.705447  0.621830  0.658424  0.728216  0.548045  0.526866  0.345669  0.603410  0.645807  0.623390  0.476097  0.284862  0.676435  0.738387  0.000000  0.412352  0.584979  0.749693  0.618053  0.598881  0.571801  0.598800  0.502747  0.280148  0.709757  0.343357  0.415709  0.483998  0.482920  0.672971  0.703339 
14  0.579808  0.643624  0.612448  0.621034  0.707612  0.648339  0.562693  0.676248  0.278914  0.301757  0.434161  0.658796  0.645971  0.286084 0.0  0.578245  0.290946  0.500218  0.509849  0.726421  0.673479  0.471003  0.820948  0.679740  0.625827  0.606972  0.638416  0.564362  0.751155  0.807255  0.672966  0.026921  0.662742  0.363016  0.679703  0.755766  0.523450  0.559413  0.576056  0.738767  0.646044  0.619260  0.675023  0.563957  0.624256  0.692651  0.597679  0.678776  0.287199  0.581626  0.630080  0.627605  0.567547  0.291375  0.712661  0.748050  0.321097  0.140060  0.592322  0.784859  0.601322  0.602529  0.653785  0.636983  0.639009  0.317503  0.777897  0.297858  0.614504  0.398147  0.543617  0.712755  0.669476 
15  0.693468  0.593379  0.427602  0.307071  0.593495  0.698049  0.599758  0.593678  0.522075  0.577568  0.648223  0.659631  0.720769  0.462119  0.578245 0.0  0.609326  0.396324  0.327131  0.739676  0.649373  0.601441  0.787635  0.552241  0.458970  0.595844  0.338905  0.285900  0.705268  0.569777  0.166790  0.648484  0.646209  0.559453  0.596924  0.767952  0.437801  0.486669  0.403865  0.661434  0.594421  0.527755  0.565103  0.681089  0.618412  0.698930  0.417044  0.327145  0.687669  0.399706  0.574338  0.460551  0.607818  0.611265  0.784827  0.718557  0.659240  0.681289  0.433625  0.577297  0.415618  0.457082  0.483044  0.463323  0.373437  0.658311  0.653396  0.623556  0.524538  0.568558  0.537925  0.683151  0.714369 
16  0.574991  0.555480  0.577526  0.664579  0.671785  0.827242  0.660517  0.720993  0.265721  0.270107  0.403569  0.700945  0.651549  0.197619  0.290946  0.609326 0.0  0.610741  0.646544  0.741818  0.674920  0.530751  0.808566  0.765182  0.618141  0.702130  0.653401  0.630369  0.743075  0.786733  0.636500  0.334230  0.701429  0.358825  0.745852  0.617703  0.511752  0.581607  0.545493  0.685035  0.789015  0.442938  0.773860  0.733440  0.466374  0.737460  0.593411  0.756444  0.257409  0.600205  0.572044  0.705034  0.420487  0.274522  0.615608  0.784556  0.138496  0.419008  0.605729  0.704836  0.635840  0.736915  0.574930  0.617777  0.563964  0.331112  0.635050  0.220827  0.552635  0.497584  0.472815  0.656554  0.696024 
17  0.684595  0.570754  0.451729  0.388142  0.637226  0.652974  0.590725  0.694232  0.610324  0.587300  0.594242  0.717583  0.666257  0.651097  0.500218  0.396324  0.610741 0.0  0.439193  0.738574  0.607326  0.570309  0.802281  0.667026  0.526834  0.645620  0.439319  0.352702  0.712789  0.690931  0.315970  0.588234  0.584465  0.572592  0.751149  0.655321  0.412277  0.408486  0.460159  0.635150  0.711768  0.440507  0.563279  0.652226  0.639156  0.605466  0.465844  0.440984  0.517691  0.204234  0.589416  0.544795  0.448801  0.724234  0.664547  0.778195  0.587136  0.577303  0.202405  0.558004  0.243154  0.601710  0.412085  0.520222  0.422903  0.559424  0.719997  0.612652  0.425438  0.644164  0.618408  0.666905  0.631961 
18  0.751791  0.644034  0.515119  0.226357  0.597883  0.599462  0.466202  0.665964  0.581366  0.593779  0.575484  0.715369  0.838039  0.621414  0.509849  0.327131  0.646544  0.439193 0.0  0.744402  0.573874  0.613860  0.763262  0.633172  0.463748  0.432987  0.368183  0.381487  0.768442  0.724055  0.207441  0.620020  0.595406  0.651842  0.629097  0.688002  0.508840  0.344931  0.489816  0.614515  0.567065  0.445906  0.521376  0.660390  0.594501  0.547143  0.321472  0.249684  0.531245  0.424553  0.580497  0.457409  0.467052  0.590943  0.726183  0.584207  0.565304  0.607589  0.434332  0.635373  0.391783  0.572974  0.489545  0.603089  0.498684  0.591686  0.692354  0.609790  0.449803  0.631688  0.633060  0.606927  0.604005 
19  0.647325  0.713302  0.768833  0.765506  0.755855  0.757749  0.646283  0.734297  0.703894  0.758495  0.728888  0.638800  0.731216  0.698064  0.726421  0.739676  0.741818  0.738574  0.744402 0.0  0.858866  0.732395  0.846156  0.738288  0.742082  0.729518  0.690160  0.666837  0.823387  0.778551  0.823218  0.642888  0.793584  0.756418  0.791860  0.850572  0.780672  0.780187  0.783431  0.820225  0.832654  0.666085  0.656840  0.803428  0.732520  0.797217  0.740555  0.726259  0.726056  0.735867  0.823220  0.738947  0.729880  0.639490  0.661853  0.791422  0.730868  0.780486  0.718509  0.759188  0.745264  0.771188  0.683175  0.668913  0.744858  0.746993  0.782603  0.657403  0.783718  0.721496  0.741231  0.719442  0.794289 
20  0.691831  0.532432  0.745795  0.677310  0.255313  0.500488  0.618319  0.606075  0.772527  0.744808  0.746656  0.572751  0.749222  0.715084  0.673479  0.649373  0.674920  0.607326  0.573874  0.858866 0.0  0.767855  0.628646  0.425544  0.665621  0.623759  0.632353  0.654093  0.541769  0.594765  0.590768  0.753633  0.499305  0.730582  0.516570  0.544151  0.581237  0.662476  0.685819  0.447020  0.577275  0.695176  0.411874  0.588976  0.731396  0.483706  0.648268  0.593019  0.590981  0.728047  0.507581  0.579651  0.747710  0.683045  0.913476  0.620760  0.747745  0.718278  0.601343  0.498176  0.654281  0.500437  0.665976  0.599949  0.665917  0.649922  0.577506  0.718101  0.685531  0.794993  0.719856  0.600081  0.479369 
21  0.543292  0.646469  0.669604  0.701669  0.737076  0.743547  0.516193  0.707010  0.451022  0.472122  0.380970  0.609605  0.661582  0.418204  0.471003  0.601441  0.530751  0.570309  0.613860  0.732395  0.767855 0.0  0.757812  0.791883  0.693527  0.631856  0.586129  0.596901  0.608055  0.810949  0.707222  0.345637  0.685352  0.376510  0.772040  0.717085  0.689826  0.565956  0.514399  0.720776  0.734415  0.638177  0.617235  0.751377  0.664517  0.670776  0.677736  0.556956  0.386220  0.597290  0.664030  0.451611  0.627123  0.387801  0.749766  0.827959  0.422238  0.375197  0.599250  0.656472  0.614064  0.690546  0.652117  0.687294  0.534889  0.454886  0.669603  0.492950  0.584735  0.324834  0.528360  0.585757  0.721481 
22  0.705693  0.586268  0.801886  0.733132  0.797151  0.831830  0.751548  0.783988  0.879289  0.786721  0.832297  0.803960  0.836513  0.800858  0.820948  0.787635  0.808566  0.802281  0.763262  0.846156  0.628646  0.757812 0.0  0.738475  0.732671  0.785521  0.744687  0.752966  0.744058  0.666612  0.822893  0.826943  0.729252  0.845493  0.835607  0.768310  0.689370  0.770019  0.722523  0.729755  0.804267  0.774760  0.782598  0.783069  0.824028  0.790663  0.790833  0.837255  0.765262  0.819075  0.725829  0.763636  0.831418  0.859330  0.928823  0.746654  0.686859  0.712029  0.902967  0.691907  0.801254  0.790706  0.798831  0.797989  0.791479  0.761091  0.792182  0.843872  0.760175  0.615358  1.000000  0.770059  0.636527 
23  0.716643  0.643505  0.595904  0.685546  0.141083  0.216123  0.719309  0.688552  0.699211  0.639220  0.684781  0.544005  0.795051  0.740617  0.679740  0.552241  0.765182  0.667026  0.633172  0.738288  0.425544  0.791883  0.738475 0.0  0.673892  0.679596  0.640502  0.688333  0.701871  0.542624  0.609328  0.733769  0.492459  0.562501  0.557008  0.523588  0.624088  0.642230  0.555949  0.461709  0.581295  0.561424  0.385269  0.439549  0.746512  0.445566  0.575374  0.740721  0.717474  0.658218  0.559708  0.555407  0.730359  0.700090  0.797723  0.663191  0.777105  0.719998  0.757844  0.454231  0.628045  0.531594  0.645413  0.497408  0.661188  0.661579  0.646390  0.714085  0.567434  0.699229  0.729557  0.656480  0.566359 
24  0.684638  0.518873  0.478584  0.530495  0.587998  0.647989  0.567765  0.682416  0.610849  0.544063  0.616935  0.557352  0.775366  0.597133  0.625827  0.458970  0.618141  0.526834  0.463748  0.742082  0.665621  0.693527  0.732671  0.673892 0.0  0.547709  0.412437  0.477735  0.644282  0.729475  0.437601  0.626295  0.509724  0.691211  0.699109  0.748772  0.467989  0.537698  0.604004  0.605887  0.713586  0.542697  0.527300  0.630937  0.585010  0.594227  0.440666  0.424966  0.598973  0.590258  0.373338  0.358972  0.563076  0.657028  0.759911  0.680816  0.613352  0.551110  0.506061  0.634397  0.410449  0.529025  0.618341  0.550836  0.433540  0.617821  0.575699  0.495854  0.584285  0.665839  0.700066  0.638489  0.666791 
25  0.644588  0.637775  0.531191  0.579441  0.659486  0.597974  0.580271  0.611284  0.645486  0.632351  0.673137  0.577946  0.779863  0.585787  0.606972  0.595844  0.702130  0.645620  0.432987  0.729518  0.623759  0.631856  0.785521  0.679596  0.547709 0.0  0.490378  0.499485  0.720765  0.731835  0.579986  0.582439  0.636973  0.669391  0.654935  0.607280  0.498553  0.617604  0.502277  0.646316  0.707632  0.528844  0.630267  0.602838  0.537965  0.577582  0.502648  0.576616  0.605836  0.716091  0.609293  0.573537  0.658558  0.647708  0.682726  0.852745  0.627276  0.652969  0.616027  0.619712  0.497139  0.601483  0.559866  0.560425  0.424520  0.629250  0.650695  0.634595  0.481604  0.709677  0.570120  0.699088  0.632444 
26  0.731087  0.709624  0.365918  0.262102  0.615993  0.524968  0.437420  0.750774  0.581235  0.649228  0.696011  0.661899  0.749896  0.604810  0.638416  0.338905  0.653401  0.439319  0.368183  0.690160  0.632353  0.586129  0.744687  0.640502  0.412437  0.490378 0.0  0.207567  0.759305  0.768107  0.276120  0.678982  0.552572  0.560236  0.614403  0.654561  0.509139  0.371380  0.211754  0.703585  0.585591  0.465385  0.655934  0.633205  0.577257  0.580469  0.392764  0.361480  0.597928  0.377450  0.519235  0.479617  0.558189  0.582180  0.708990  0.735296  0.561708  0.568895  0.485470  0.584750  0.346098  0.635853  0.392960  0.567019  0.403648  0.699705  0.750585  0.660592  0.552155  0.540017  0.572268  0.683251  0.661433 
27  0.712055  0.594348  0.525464  0.366821  0.623101  0.603526  0.516276  0.528547  0.555760  0.637909  0.641510  0.648239  0.758998  0.525667  0.564362  0.285900  0.630369  0.352702  0.381487  0.666837  0.654093  0.596901  0.752966  0.688333  0.477735  0.499485  0.207567 0.0  0.694741  0.757282  0.429421  0.564811  0.586751  0.660321  0.682316  0.514652  0.401072  0.347139  0.243151  0.613193  0.739543  0.352021  0.613637  0.660358  0.538642  0.633923  0.419610  0.309394  0.671278  0.483505  0.564999  0.456042  0.544401  0.543758  0.767433  0.696599  0.582150  0.575019  0.397998  0.598905  0.332503  0.606620  0.514527  0.567232  0.377155  0.562600  0.703704  0.625611  0.458976  0.677138  0.660886  0.649236  0.590649 
28  0.683614  0.640326  0.612906  0.707030  0.526903  0.489311  0.678274  0.593003  0.751148  0.717404  0.689681  0.527444  0.840101  0.731467  0.751155  0.705268  0.743075  0.712789  0.768442  0.823387  0.541769  0.608055  0.744058  0.701871  0.644282  0.720765  0.759305  0.694741 0.0  0.330679  0.613419  0.763533  0.581440  0.824420  0.550330  0.597073  0.697046  0.742983  0.729481  0.608415  0.588950  0.769258  0.650030  0.605425  0.763144  0.702854  0.719144  0.669096  0.669677  0.748581  0.652330  0.771520  0.686383  0.709723  0.770809  0.484988  0.716072  0.749236  0.733084  0.711078  0.656384  0.650508  0.691106  0.598230  0.764186  0.688626  0.498291  0.738511  0.745544  0.770495  0.726449  0.576949  0.686872 
29  0.795466  0.570889  0.626739  0.661159  0.472401  0.641435  0.725749  0.633701  0.798876  0.774728  0.781277  0.745396  0.803610  0.762026  0.807255  0.569777  0.786733  0.690931  0.724055  0.778551  0.594765  0.810949  0.666612  0.542624  0.729475  0.731835  0.768107  0.757282  0.330679 0.0  0.640288  0.675824  0.663991  0.651513  0.491836  0.555117  0.704310  0.723105  0.691783  0.586463  0.577360  0.690244  0.557600  0.753210  0.723971  0.632562  0.669068  0.629018  0.783509  0.726785  0.689708  0.764841  0.636060  0.690201  0.805027  0.431911  0.828299  0.739294  0.691248  0.603232  0.812465  0.619885  0.644017  0.626574  0.752232  0.739650  0.511726  0.737630  0.729542  0.765545  0.660500  0.646756  0.661485 
30  0.710323  0.555264  0.445119  0.246438  0.526977  0.573311  0.604676  0.624199  0.649035  0.560641  0.624109  0.572318  0.713776  0.609689  0.672966  0.166790  0.636500  0.315970  0.207441  0.823218  0.590768  0.707222  0.822893  0.609328  0.437601  0.579986  0.276120  0.429421  0.613419  0.640288 0.0  0.496281  0.555265  0.592636  0.661009  0.686114  0.460844  0.503553  0.401626  0.545017  0.579931  0.431469  0.548800  0.642601  0.555196  0.620132  0.436077  0.349992  0.593172  0.429951  0.542589  0.519889  0.499117  0.645326  0.766422  0.674282  0.618088  0.485186  0.462873  0.584031  0.387573  0.652271  0.481467  0.510064  0.548278  0.644857  0.614152  0.725557  0.555384  0.705664  0.698597  0.730383  0.611979 
31  0.597197  0.714598  0.567663  0.572123  0.791132  0.692798  0.595801  0.811825  0.324956  0.244267  0.491197  0.651893  0.740131  0.298960  0.026921  0.648484  0.334230  0.588234  0.620020  0.642888  0.753633  0.345637  0.826943  0.733769  0.626295  0.582439  0.678982  0.564811  0.763533  0.675824  0.496281 0.0  0.629312  0.363491  0.640194  0.831831  0.532288  0.616007  0.682338  0.763770  0.631011  0.593336  0.646910  0.714987  0.488073  0.714188  0.577849  0.619955  0.254322  0.535210  0.599577  0.604413  0.583203  0.314677  0.571990  0.795323  0.335779  0.285953  0.548287  0.535358  0.579505  0.663351  0.600964  0.628118  0.571236  0.387411  0.560845  0.365303  0.603466  0.384411  0.584508  0.814712  0.651825 
32  0.756701  0.497561  0.612780  0.643233  0.485814  0.422939  0.643849  0.630412  0.721344  0.741941  0.637970  0.537069  0.709742  0.732232  0.662742  0.646209  0.701429  0.584465  0.595406  0.793584  0.499305  0.685352  0.729252  0.492459  0.509724  0.636973  0.552572  0.586751  0.581440  0.663991  0.555265  0.629312 0.0  0.620308  0.500096  0.471960  0.655134  0.614604  0.578417  0.554185  0.567499  0.717265  0.467930  0.395227  0.607377  0.277621  0.431292  0.553649  0.865385  0.659591  0.537020  0.529491  0.743138  0.657009  0.727953  0.622470  0.625781  0.639645  0.611672  0.488513  0.674106  0.227538  0.737906  0.442946  0.636971  0.757060  0.691849  0.829758  0.645012  0.725026  0.604349  0.688515  0.586532 
33  0.640318  0.728490  0.576090  0.731487  0.708924  0.732796  0.578615  0.706258  0.429635  0.396166  0.372710  0.734526  0.591723  0.473631  0.363016  0.559453  0.358825  0.572592  0.651842  0.756418  0.730582  0.376510  0.845493  0.562501  0.691211  0.669391  0.560236  0.660321  0.824420  0.651513  0.592636  0.363491  0.620308 0.0  0.664542  0.837339  0.677834  0.560248  0.641672  0.744524  0.594190  0.612600  0.649778  0.711568  0.591075  0.655379  0.655434  0.635394  0.472770  0.675857  0.704702  0.581585  0.512658  0.465655  0.742042  0.704589  0.485460  0.313596  0.570244  0.602980  0.588014  0.652354  0.556773  0.703188  0.720867  0.570853  0.768915  0.460096  0.662539  0.336365  0.455371  0.578940  0.660154 
34  0.664708  0.556742  0.665767  0.595760  0.523885  0.569043  0.665093  0.516194  0.683178  0.784485  0.706375  0.502545  0.775053  0.778708  0.679703  0.596924  0.745852  0.751149  0.629097  0.791860  0.516570  0.772040  0.835607  0.557008  0.699109  0.654935  0.614403  0.682316  0.550330  0.491836  0.661009  0.640194  0.500096  0.664542 0.0  0.241290  0.684344  0.667800  0.623975  0.381994  0.613345  0.669747  0.627127  0.458546  0.622073  0.609346  0.691044  0.567193  0.778923  0.660991  0.579307  0.616850  0.694667  0.711896  0.756037  0.654871  0.635838  0.844264  0.637782  0.610325  0.653424  0.610447  0.701608  0.625169  0.729041  0.732132  0.514445  0.678924  0.654391  0.702962  0.726228  0.578346  0.262043 
35  0.895511  0.567517  0.688482  0.644065  0.584654  0.496495  0.659174  0.511515  0.747652  0.783854  0.771687  0.493105  0.846180  0.731940  0.755766  0.767952  0.617703  0.655321  0.688002  0.850572  0.544151  0.717085  0.768310  0.523588  0.748772  0.607280  0.654561  0.514652  0.597073  0.555117  0.686114  0.831831  0.471960  0.837339  0.241290 0.0  0.766772  0.642355  0.649710  0.545009  0.479621  0.658275  0.560185  0.569685  0.605164  0.570538  0.655363  0.665923  0.649195  0.628569  0.561593  0.664754  0.702188  0.661115  0.683323  0.537163  0.781041  0.700750  0.702270  0.617831  0.633780  0.566645  0.610944  0.630562  0.545326  0.780458  0.540490  0.789967  0.653539  0.721918  0.683623  0.574526  0.276869 
36  0.742639  0.544199  0.222359  0.385657  0.593464  0.683587  0.498756  0.712430  0.537458  0.698228  0.710898  0.621221  0.694579  0.599190  0.523450  0.437801  0.511752  0.412277  0.508840  0.780672  0.581237  0.689826  0.689370  0.624088  0.467989  0.498553  0.509139  0.401072  0.697046  0.704310  0.460844  0.532288  0.655134  0.677834  0.684344  0.766772 0.0  0.476280  0.345204  0.613903  0.642370  0.387596  0.520176  0.537149  0.548677  0.554050  0.374317  0.409769  0.605237  0.573535  0.591543  0.521889  0.429284  0.606471  0.693124  0.762935  0.647097  0.587301  0.470806  0.580005  0.374732  0.567361  0.438254  0.578602  0.286921  0.595168  0.771685  0.610611  0.485955  0.556306  0.439950  0.648810  0.651910 
37  0.611039  0.586410  0.302616  0.521697  0.646639  0.647874  0.527382  0.692349  0.658259  0.628862  0.578481  0.606233  0.751101  0.668224  0.559413  0.486669  0.581607  0.408486  0.344931  0.780187  0.662476  0.565956  0.770019  0.642230  0.537698  0.617604  0.371380  0.347139  0.742983  0.723105  0.503553  0.616007  0.614604  0.560248  0.667800  0.642355  0.476280 0.0  0.386615  0.718895  0.635889  0.531387  0.622758  0.726950  0.544751  0.570668  0.386683  0.457732  0.635693  0.566577  0.563158  0.577293  0.454324  0.639197  0.736600  0.666492  0.665949  0.569357  0.392795  0.637035  0.498129  0.676513  0.382715  0.617875  0.300639  0.558805  0.732907  0.497962  0.411904  0.621700  0.575593  0.625030  0.599448 
38  0.720408  0.635770  0.391947  0.355434  0.699611  0.592271  0.604252  0.716064  0.553033  0.605631  0.619541  0.649005  0.638864  0.550310  0.576056  0.403865  0.545493  0.460159  0.489816  0.783431  0.685819  0.514399  0.722523  0.555949  0.604004  0.502277  0.211754  0.243151  0.729481  0.691783  0.401626  0.682338  0.578417  0.641672  0.623975  0.649710  0.345204  0.386615 0.0  0.609239  0.638666  0.496526  0.748130  0.682003  0.503076  0.591749  0.402559  0.449368  0.705899  0.399281  0.610344  0.455739  0.515153  0.667282  0.663005  0.689780  0.625718  0.612136  0.440887  0.634366  0.414179  0.512112  0.530951  0.612968  0.388239  0.594840  0.655697  0.552721  0.411750  0.576148  0.648864  0.692007  0.703552 
39  0.787611  0.545719  0.627776  0.690309  0.444047  0.559587  0.707575  0.654436  0.712751  0.765053  0.670052  0.520217  0.771406  0.648817  0.738767  0.661434  0.685035  0.635150  0.614515  0.820225  0.447020  0.720776  0.729755  0.461709  0.605887  0.646316  0.703585  0.613193  0.608415  0.586463  0.545017  0.763770  0.554185  0.744524  0.381994  0.545009  0.613903  0.718895  0.609239 0.0  0.598197  0.683757  0.547185  0.526930  0.703408  0.596631  0.665732  0.576956  0.769546  0.604356  0.509661  0.639713  0.628218  0.753363  0.788788  0.528373  0.700231  0.700624  0.683778  0.526253  0.611091  0.547493  0.671312  0.571916  0.619810  0.745857  0.511493  0.619517  0.745829  0.659869  0.701944  0.596889  0.567655 
40  0.733317  0.514144  0.687256  0.596639  0.585785  0.551860  0.756022  0.542299  0.722085  0.646021  0.709521  0.229527  0.718135  0.739412  0.646044  0.594421  0.789015  0.711768  0.567065  0.832654  0.577275  0.734415  0.804267  0.581295  0.713586  0.707632  0.585591  0.739543  0.588950  0.577360  0.579931  0.631011  0.567499  0.594190  0.613345  0.479621  0.642370  0.635889  0.638666  0.598197 0.0  0.650695  0.593121  0.447813  0.540179  0.506224  0.613007  0.555937  0.637306  0.638447  0.620244  0.707707  0.654858  0.705169  0.729987  0.555079  0.717209  0.645368  0.643932  0.593733  0.633308  0.582653  0.668074  0.500391  0.638752  0.672479  0.661603  0.657075  0.613541  0.638023  0.858741  0.522755  0.451128 
41  0.556829  0.628238  0.514806  0.565170  0.638549  0.708462  0.573544  0.761143  0.610829  0.466622  0.538886  0.674066  0.741135  0.550526  0.619260  0.527755  0.442938  0.440507  0.445906  0.666085  0.695176  0.638177  0.774760  0.561424  0.542697  0.528844  0.465385  0.352021  0.769258  0.690244  0.431469  0.593336  0.717265  0.612600  0.669747  0.658275  0.387596  0.531387  0.496526  0.683757  0.650695 0.0  0.660046  0.612686  0.624387  0.666978  0.615771  0.561120  0.496536  0.468884  0.646832  0.656023  0.319874  0.520903  0.734410  0.686672  0.503431  0.549617  0.488485  0.719681  0.551945  0.679820  0.439989  0.644245  0.512505  0.545960  0.820751  0.533626  0.312869  0.637541  0.480419  0.650939  0.697067 
42  0.657713  0.549741  0.644693  0.671809  0.476321  0.390095  0.826171  0.551731  0.763220  0.692616  0.607671  0.527000  0.704771  0.705447  0.675023  0.565103  0.773860  0.563279  0.521376  0.656840  0.411874  0.617235  0.782598  0.385269  0.527300  0.630267  0.655934  0.613637  0.650030  0.557600  0.548800  0.646910  0.467930  0.649778  0.627127  0.560185  0.520176  0.622758  0.748130  0.547185  0.593121  0.660046 0.0  0.437028  0.558234  0.496149  0.589054  0.543356  0.743041  0.650808  0.579393  0.628970  0.664422  0.722847  0.903380  0.653909  0.607967  0.735493  0.731560  0.276282  0.612639  0.434127  0.600621  0.464550  0.572726  0.750405  0.606737  0.695379  0.639107  0.700601  0.655626  0.679091  0.580983 
43  0.667400  0.428292  0.635556  0.560909  0.439604  0.491005  0.586309  0.581467  0.657495  0.697094  0.654742  0.558505  0.662035  0.621830  0.563957  0.681089  0.733440  0.652226  0.660390  0.803428  0.588976  0.751377  0.783069  0.439549  0.630937  0.602838  0.633205  0.660358  0.605425  0.753210  0.642601  0.714987  0.395227  0.711568  0.458546  0.569685  0.537149  0.726950  0.682003  0.526930  0.447813  0.612686  0.437028 0.0  0.611369  0.379806  0.540050  0.581405  0.687270  0.668122  0.472030  0.512553  0.674170  0.657773  0.703117  0.567598  0.707554  0.705375  0.571370  0.371205  0.504758  0.337041  0.687679  0.466044  0.590674  0.619055  0.549052  0.769469  0.643329  0.596043  0.610433  0.577123  0.542252 
44  0.640850  0.599436  0.584934  0.602662  0.725585  0.679071  0.471575  0.749447  0.642909  0.660750  0.588215  0.754993  0.730999  0.658424  0.624256  0.618412  0.466374  0.639156  0.594501  0.732520  0.731396  0.664517  0.824028  0.746512  0.585010  0.537965  0.577257  0.538642  0.763144  0.723971  0.555196  0.488073  0.607377  0.591075  0.622073  0.605164  0.548677  0.544751  0.503076  0.703408  0.540179  0.624387  0.558234  0.611369 0.0  0.693385  0.490715  0.735867  0.573009  0.616120  0.598989  0.585950  0.509874  0.638762  0.781467  0.645645  0.594591  0.599967  0.468961  0.713335  0.547190  0.617474  0.551830  0.809569  0.542475  0.612683  0.725064  0.526233  0.602424  0.584200  0.617519  0.696974  0.632420 
45  0.766203  0.529563  0.657966  0.567733  0.472462  0.414174  0.639936  0.646709  0.641461  0.761152  0.721386  0.622039  0.733880  0.728216  0.692651  0.698930  0.737460  0.605466  0.547143  0.797217  0.483706  0.670776  0.790663  0.445566  0.594227  0.577582  0.580469  0.633923  0.702854  0.632562  0.620132  0.714188  0.277621  0.655379  0.609346  0.570538  0.554050  0.570668  0.591749  0.596631  0.506224  0.666978  0.496149  0.379806  0.693385 0.0  0.564634  0.559352  0.559591  0.587450  0.508195  0.629177  0.628127  0.726373  0.706511  0.626617  0.703052  0.773716  0.575177  0.367766  0.590616  0.404691  0.593362  0.376134  0.531341  0.662714  0.611659  0.734276  0.541900  0.647142  0.692040  0.539575  0.501571 
46  0.637744  0.640174  0.437003  0.404079  0.614700  0.657720  0.626435  0.631222  0.568259  0.741845  0.572444  0.735739  0.677985  0.548045  0.597679  0.417044  0.593411  0.465844  0.321472  0.740555  0.648268  0.677736  0.790833  0.575374  0.440666  0.502648  0.392764  0.419610  0.719144  0.669068  0.436077  0.577849  0.431292  0.655434  0.691044  0.655363  0.374317  0.386683  0.402559  0.665732  0.613007  0.615771  0.589054  0.540050  0.490715  0.564634 0.0  0.367585  0.634215  0.510370  0.448314  0.476910  0.483912  0.602056  0.719320  0.691783  0.543400  0.637138  0.451316  0.599977  0.578650  0.669213  0.461372  0.547095  0.399944  0.542383  0.632743  0.532348  0.606085  0.713154  0.594641  0.608022  0.648168 
47  0.716026  0.530888  0.399686  0.319742  0.700625  0.591693  0.587224  0.752892  0.582119  0.598100  0.588400  0.702964  0.751360  0.526866  0.678776  0.327145  0.756444  0.440984  0.249684  0.726259  0.593019  0.556956  0.837255  0.740721  0.424966  0.576616  0.361480  0.309394  0.669096  0.629018  0.349992  0.619955  0.553649  0.635394  0.567193  0.665923  0.409769  0.457732  0.449368  0.576956  0.555937  0.561120  0.543356  0.581405  0.735867  0.559352  0.367585 0.0  0.545081  0.445614  0.494631  0.391847  0.539934  0.631825  0.687011  0.708088  0.575638  0.599243  0.493594  0.590764  0.453746  0.509288  0.521839  0.448873  0.529047  0.506962  0.678429  0.649356  0.531381  0.587343  0.547034  0.648353  0.664840 
48  0.593945  0.665692  0.678323  0.561924  0.717075  0.700064  0.682409  0.767705  0.228977  0.162600  0.344233  0.696586  0.605923  0.345669  0.287199  0.687669  0.257409  0.517691  0.531245  0.726056  0.590981  0.386220  0.765262  0.717474  0.598973  0.605836  0.597928  0.671278  0.669677  0.783509  0.593172  0.254322  0.865385  0.472770  0.778923  0.649195  0.605237  0.635693  0.705899  0.769546  0.637306  0.496536  0.743041  0.687270  0.573009  0.559591  0.634215  0.545081 0.0  0.534487  0.701799  0.692019  0.525833  0.002664  0.673777  0.685756  0.163238  0.268558  0.591487  0.734770  0.664117  0.678107  0.512402  0.736351  0.646070  0.414814  0.688391  0.315607  0.598040  0.506660  0.478447  0.708843  0.748347 
49  0.708519  0.544920  0.499546  0.396161  0.671587  0.727495  0.578479  0.755756  0.597584  0.577518  0.629065  0.628148  0.679010  0.603410  0.581626  0.399706  0.600205  0.204234  0.424553  0.735867  0.728047  0.597290  0.819075  0.658218  0.590258  0.716091  0.377450  0.483505  0.748581  0.726785  0.429951  0.535210  0.659591  0.675857  0.660991  0.628569  0.573535  0.566577  0.399281  0.604356  0.638447  0.468884  0.650808  0.668122  0.616120  0.587450  0.510370  0.445614  0.534487 0.0  0.571472  0.529989  0.522405  0.526805  0.668781  0.761457  0.572475  0.599617  0.024749  0.532153  0.370571  0.610332  0.449213  0.578759  0.341286  0.506631  0.685167  0.502353  0.550583  0.528585  0.513417  0.662438  0.718352 
50  0.793881  0.534829  0.597644  0.463240  0.594878  0.592318  0.670356  0.646389  0.669642  0.659537  0.615833  0.693313  0.744848  0.645807  0.630080  0.574338  0.572044  0.589416  0.580497  0.823220  0.507581  0.664030  0.725829  0.559708  0.373338  0.609293  0.519235  0.564999  0.652330  0.689708  0.542589  0.599577  0.537020  0.704702  0.579307  0.561593  0.591543  0.563158  0.610344  0.509661  0.620244  0.646832  0.579393  0.472030  0.598989  0.508195  0.448314  0.494631  0.701799  0.571472 0.0  0.357747  0.572651  0.540026  0.754993  0.719777  0.685117  0.653384  0.612647  0.494811  0.541740  0.414156  0.636079  0.395841  0.551501  0.663666  0.628061  0.640071  0.648474  0.622386  0.611982  0.690504  0.687296 
51  0.644233  0.500171  0.566392  0.545463  0.619938  0.662969  0.580181  0.696392  0.703232  0.661557  0.591343  0.555158  0.631904  0.623390  0.627605  0.460551  0.705034  0.544795  0.457409  0.738947  0.579651  0.451611  0.763636  0.555407  0.358972  0.573537  0.479617  0.456042  0.771520  0.764841  0.519889  0.604413  0.529491  0.581585  0.616850  0.664754  0.521889  0.577293  0.455739  0.639713  0.707707  0.656023  0.628970  0.512553  0.585950  0.629177  0.476910  0.391847  0.692019  0.529989  0.357747 0.0  0.533490  0.695943  0.778989  0.628199  0.591980  0.647145  0.507166  0.501009  0.511974  0.493997  0.544857  0.386436  0.580843  0.612170  0.703278  0.576017  0.564798  0.584889  0.622745  0.674211  0.592106 
52  0.621585  0.628361  0.569051  0.538603  0.643338  0.649966  0.612056  0.716016  0.517035  0.535129  0.482084  0.757480  0.730783  0.476097  0.567547  0.607818  0.420487  0.448801  0.467052  0.729880  0.747710  0.627123  0.831418  0.730359  0.563076  0.658558  0.558189  0.544401  0.686383  0.636060  0.499117  0.583203  0.743138  0.512658  0.694667  0.702188  0.429284  0.454324  0.515153  0.628218  0.654858  0.319874  0.664422  0.674170  0.509874  0.628127  0.483912  0.539934  0.525833  0.522405  0.572651  0.533490 0.0  0.611288  0.679301  0.742048  0.509969  0.647843  0.445740  0.691199  0.542849  0.681200  0.470636  0.635782  0.541912  0.577542  0.696610  0.381488  0.393157  0.567301  0.450799  0.729538  0.638611 
53  0.637212  0.659520  0.505505  0.511600  0.729930  0.655250  0.661109  0.677661  0.288501  0.149321  0.447372  0.653291  0.709695  0.284862  0.291375  0.611265  0.274522  0.724234  0.590943  0.639490  0.683045  0.387801  0.859330  0.700090  0.657028  0.647708  0.582180  0.543758  0.709723  0.690201  0.645326  0.314677  0.657009  0.465655  0.711896  0.661115  0.606471  0.639197  0.667282  0.753363  0.705169  0.520903  0.722847  0.657773  0.638762  0.726373  0.602056  0.631825  0.002664  0.526805  0.540026  0.695943  0.611288 0.0  0.657453  0.808736  0.243168  0.424928  0.678136  0.672751  0.662070  0.699059  0.539913  0.657516  0.679271  0.314059  0.774181  0.213245  0.609623  0.457371  0.438298  0.755129  0.711866 
