73
0 0.0  0.696906  0.709463  0.502246  0.605066  0.551335  0.696213  0.711480  0.632126  0.688856  0.840642  0.642192  0.792416  0.660444  0.785563  0.571634  0.655323  0.707968  0.655837  0.583949  0.398100  0.753825  0.709742  0.608685  0.329584  0.692900  0.682250  0.729429  0.692862  0.651376  0.616274  0.608735  0.320125  0.751175  0.708565  0.745431  0.626950  0.801902  0.735428  0.892310  0.735691  0.668772  0.402927  0.612146  0.697865  0.668514  0.755464  0.433712  0.675104  0.412848  0.581641  0.678109  0.796354  0.707908  0.335771  0.330249  0.542226  0.635378  0.613576  0.617264  0.644082  0.595593  0.452866  0.559705  0.433969  0.441055  0.183110  0.359565  0.578110  0.288504  0.714388  0.603583  0.422140 
1  0.696906 0.0  0.574325  0.624137  0.786140  0.692439  0.725685  0.718908  0.610801  0.759049  0.820973  0.561462  0.873199  0.751225  0.801141  0.721481  0.766765  0.816802  0.630538  0.566144  0.748123  0.575081  0.606270  0.764045  0.715978  0.616534  0.419026  0.693766  0.626891  0.868079  0.850527  0.572368  0.627143  0.873728  0.599301  0.600751  0.601968  0.533856  0.786122  0.699840  0.780716  0.384709  0.686654  0.576448  0.823971  0.590806  0.562542  0.499360  0.725478  0.700583  0.733806  0.788073  0.767792  0.643663  0.767362  0.610548  0.736643  0.767496  0.805689  0.771424  0.464948  0.808213  0.705854  0.805231  0.703643  0.617084  0.690891  0.693649  0.773543  0.788887  0.827925  0.525459  0.658383 
2  0.709463  0.574325 0.0  0.644325  0.738512  0.753960  0.591318  0.614081  0.383070  0.726053  0.907775  0.452574  0.791343  0.642893  0.789861  0.685606  0.749051  0.803145  0.571637  0.441404  0.568167  0.644556  0.559537  0.852976  0.646943  0.777551  0.502375  0.763422  0.695996  0.825695  0.634285  0.669281  0.726368  0.717973  0.544049  0.489383  0.581727  0.642328  0.755338  0.839873  0.739914  0.593228  0.644614  0.584986  0.845173  0.693679  0.555035  0.604750  0.537718  0.588868  0.662737  0.737383  0.767771  0.672588  0.565698  0.524175  0.615609  0.675432  0.701816  0.800271  0.682510  0.700867  0.641435  0.639478  0.666863  0.596731  0.623411  0.700265  0.639076  0.646241  0.852075  0.542440  0.595847 
3  0.502246  0.624137  0.644325 0.0  0.640630  0.746887  0.478578  0.699562  0.550373  0.658751  0.732157  0.656504  0.631396  0.733606  0.748179  0.588100  0.615438  0.796408  0.624180  0.644528  0.439308  0.724525  0.546324  0.615330  0.499295  0.666829  0.544465  0.641932  0.693482  0.733805  0.637856  0.710727  0.620579  0.721378  0.703595  0.649145  0.587953  0.602394  0.736672  0.776733  0.553523  0.650444  0.289788  0.489725  0.783026  0.681026  0.659930  0.367566  0.662567  0.399821  0.815564  0.639855  0.809158  0.676110  0.514475  0.582216  0.500039  0.653294  0.547341  0.721268  0.785121  0.731415  0.344292  0.485653  0.490948  0.390750  0.449751  0.482084  0.562578  0.442707  0.682964  0.710087  0.532011 
4  0.605066  0.786140  0.738512  0.640630 0.0  0.503517  0.508951  0.625506  0.788201  0.653380  0.901860  0.588913  0.746743  0.741542  0.753553  0.658667  0.704149  0.784010  0.656773  0.711661  0.647835  0.619891  0.664065  0.675812  0.498074  0.702734  0.633172  0.636959  0.879707  0.566356  0.644739  0.707241  0.548661  0.603516  0.676419  0.710883  0.750742  0.803727  0.733420  0.818859  0.699949  0.762261  0.586585  0.610939  0.763138  0.723333  0.597542  0.647950  0.460231  0.710010  0.716454  0.509607  0.898912  0.691944  0.550061  0.555253  0.664767  0.722191  0.638453  0.652464  0.875309  0.664928  0.650232  0.551333  0.699948  0.689554  0.627210  0.609478  0.658254  0.651693  0.656530  0.807083  0.609519 
5  0.551335  0.692439  0.753960  0.746887  0.503517 0.0  0.603508  0.567782  0.654508  0.689896  0.828648  0.811518  0.702697  0.660741  0.546364  0.588650  0.667634  0.672903  0.758962  0.646950  0.681074  0.773562  0.745030  0.626192  0.729709  0.616880  0.812985  0.662426  0.728652  0.659587  0.673483  0.679801  0.638573  0.721090  0.768030  0.634416  0.759539  0.739341  0.619776  0.625124  0.631061  0.822751  0.730282  0.726602  0.784052  0.707766  0.790170  0.731403  0.802410  0.657681  0.635194  0.665770  0.862552  0.755894  0.667486  0.689971  0.636469  0.681401  0.642231  0.645259  0.674472  0.599729  0.649802  0.589939  0.607252  0.741701  0.591514  0.742447  0.641869  0.717383  0.629549  0.763474  0.688800 
6  0.696213  0.725685  0.591318  0.478578  0.508951  0.603508 0.0  0.631221  0.675515  0.626653  0.841562  0.870219  0.712030  0.708779  0.694471  0.654765  0.714001  0.773508  0.435581  0.553415  0.661724  0.748174  0.603489  0.657545  0.602129  0.714689  0.682107  0.730225  0.797915  0.652467  0.592605  0.601686  0.587086  0.580509  0.784879  0.747260  0.701970  0.560302  0.786103  0.757191  0.650198  0.735185  0.610463  0.692011  0.919338  0.716068  0.660771  0.476074  0.615854  0.439345  0.658551  0.497212  0.832104  0.701300  0.533213  0.551886  0.578803  0.664987  0.551496  0.667041  0.752635  0.711843  0.540113  0.680331  0.574823  0.612397  0.558982  0.593445  0.505808  0.653659  0.576509  0.814154  0.573015 
7  0.711480  0.718908  0.614081  0.699562  0.625506  0.567782  0.631221 0.0  0.773822  0.351725  0.756250  0.787455  0.623865  0.409867  0.621480  0.536414  0.215116  0.634665  0.652715  0.700776  0.673323  0.801193  0.743157  0.136720  0.669390  0.254175  0.900003  0.321125  0.812330  0.306231  0.639996  0.741583  0.649990  0.575287  0.840946  0.819626  0.751065  0.872153  0.389735  0.745143  0.431149  0.796220  0.617493  0.680554  0.725681  0.834680  0.784315  0.658232  0.683123  0.663812  0.231377  0.480820  0.916181  0.710750  0.623485  0.566069  0.752052  0.435914  0.695828  0.133927  0.709342  0.010786  0.698836  0.690452  0.573463  0.608706  0.632546  0.600797  0.638697  0.740556  0.413380  0.709171  0.659341 
8  0.632126  0.610801  0.383070  0.550373  0.788201  0.654508  0.675515  0.773822 0.0  0.769945  0.889855  0.564362  0.695894  0.810032  0.786817  0.738728  0.751197  0.781892  0.719862  0.457871  0.528608  0.705464  0.572560  0.642138  0.602905  0.821596  0.560732  0.664687  0.645627  0.680547  0.684255  0.566959  0.637612  0.633075  0.620424  0.574487  0.485408  0.633695  0.765133  0.829404  0.666133  0.597055  0.570282  0.597043  0.825725  0.619153  0.631009  0.670336  0.810905  0.613542  0.770373  0.824452  0.797859  0.489001  0.639492  0.595092  0.539050  0.667293  0.545884  0.695039  0.716305  0.816168  0.711880  0.592728  0.764514  0.572807  0.755429  0.646913  0.653005  0.662704  0.638744  0.551915  0.656282 
9  0.688856  0.759049  0.726053  0.658751  0.653380  0.689896  0.626653  0.351725  0.769945 0.0  0.832956  0.783253  0.534290  0.390654  0.735863  0.687473  0.199905  0.687611  0.719276  0.756077  0.639762  0.780014  0.705264  0.365888  0.532705  0.415365  0.658098  0.426631  0.809248  0.449955  0.492828  0.786399  0.692156  0.597637  0.820746  0.721837  0.787232  0.825379  0.207941  0.810469  0.320723  0.733334  0.740505  0.680501  0.620830  0.731303  0.782684  0.634899  0.693437  0.613777  0.481064  0.594117  0.710466  0.712991  0.683622  0.673842  0.596482  0.230311  0.589592  0.309189  0.789989  0.315445  0.627359  0.630704  0.634787  0.651981  0.554447  0.587521  0.652071  0.651649  0.352265  0.834703  0.621280 
10  0.840642  0.820973  0.907775  0.732157  0.901860  0.828648  0.841562  0.756250  0.889855  0.832956 0.0  0.932437  0.828907  0.708065  0.765672  0.790176  0.842525  0.865495  0.893581  0.957918  0.779010  0.860622  0.850496  0.876969  0.882113  0.688998  0.864560  0.756505  0.955582  0.710939  0.899441  0.945579  0.860681  0.862416  0.887207  0.834276  0.821808  0.905114  0.701101  0.803047  0.730410  0.773893  0.855548  0.827301  0.689177  0.888964  0.873394  0.861760  0.886753  0.816765  0.888872  0.693555  0.873277  0.773525  0.940779  0.811358  0.940379  0.834999  0.834107  0.833602  0.913533  0.735127  0.758843  0.871462  0.852237  0.774292  0.875356  0.779818  0.830301  0.777898  0.722506  0.960344  0.845025 
11  0.642192  0.561462  0.452574  0.656504  0.588913  0.811518  0.870219  0.787455  0.564362  0.783253  0.932437 0.0  0.793793  0.718597  0.848378  0.684206  0.806912  0.857587  0.636865  0.440649  0.673771  0.612184  0.689239  0.803780  0.638933  0.645873  0.619544  0.719889  0.662577  0.766112  0.838010  0.512189  0.664513  0.703491  0.692488  0.520837  0.525594  0.622244  0.776716  0.762305  0.825132  0.495282  0.631419  0.641636  0.874204  0.615019  0.584998  0.670013  0.688221  0.598952  0.774625  0.697428  0.912363  0.375318  0.560003  0.641537  0.674321  0.690878  0.763579  0.700024  0.584208  0.793640  0.588251  0.726250  0.776666  0.722274  0.697283  0.698484  0.656759  0.690352  0.674584  0.309081  0.736124 
12  0.792416  0.873199  0.791343  0.631396  0.746743  0.702697  0.712030  0.623865  0.695894  0.534290  0.828907  0.793793 0.0  0.596632  0.496218  0.760143  0.730355  0.668970  0.784321  0.715334  0.693312  0.813254  0.855094  0.549562  0.713140  0.625611  0.816713  0.469915  0.829198  0.659387  0.661155  0.740218  0.694322  0.661805  0.836627  0.687246  0.915108  0.749174  0.530880  0.767288  0.730186  0.826413  0.687345  0.606254  0.756843  0.807435  0.800422  0.752296  0.754683  0.693120  0.547213  0.542115  0.822662  0.831431  0.681795  0.599496  0.646268  0.657687  0.696619  0.470867  0.876764  0.618730  0.733806  0.680542  0.690591  0.642306  0.731480  0.658033  0.743299  0.806235  0.651306  0.783358  0.755996 
13  0.660444  0.751225  0.642893  0.733606  0.741542  0.660741  0.708779  0.409867  0.810032  0.390654  0.708065  0.718597  0.596632 0.0  0.635571  0.619070  0.369221  0.666389  0.759058  0.688732  0.558558  0.910164  0.718642  0.414898  0.656999  0.430619  0.748112  0.568812  0.769713  0.480887  0.543026  0.832167  0.611251  0.513452  0.860055  0.771972  0.650873  0.871302  0.290232  0.747768  0.345437  0.807752  0.736351  0.792305  0.725516  0.821710  0.734410  0.835218  0.696900  0.644432  0.373919  0.416763  1.000000  0.790304  0.624546  0.606122  0.789215  0.209001  0.579525  0.440911  0.795784  0.368822  0.661718  0.598941  0.510692  0.775791  0.644241  0.797896  0.642943  0.684638  0.531751  0.768318  0.600087 
14  0.785563  0.801141  0.789861  0.748179  0.753553  0.546364  0.694471  0.621480  0.786817  0.735863  0.765672  0.848378  0.496218  0.635571 0.0  0.648432  0.592268  0.649841  0.875706  0.811943  0.798866  0.857164  0.703200  0.652396  0.767587  0.675537  0.826682  0.625031  0.690252  0.655859  0.698927  0.695730  0.677034  0.718527  0.775894  0.723196  0.759496  0.776927  0.704653  0.781787  0.629022  0.787940  0.715527  0.792187  0.767547  0.845387  0.843920  0.764544  0.768910  0.749710  0.668289  0.584568  0.816579  0.752041  0.703796  0.745732  0.699794  0.620413  0.714902  0.673979  0.724561  0.626111  0.719463  0.755958  0.800031  0.715029  0.770206  0.790626  0.682064  0.655769  0.650625  0.756357  0.743722 
15  0.571634  0.721481  0.685606  0.588100  0.658667  0.588650  0.654765  0.536414  0.738728  0.687473  0.790176  0.684206  0.760143  0.619070  0.648432 0.0  0.627501  0.617777  0.674972  0.679561  0.628890  0.760846  0.698421  0.486829  0.557731  0.624437  0.797283  0.516417  0.795805  0.499807  0.407720  0.691066  0.413725  0.376866  0.779812  0.720116  0.770991  0.674991  0.728035  0.911228  0.736806  0.836443  0.548492  0.783788  0.748747  0.750809  0.685181  0.615606  0.582922  0.475278  0.532736  0.629498  0.870160  0.712866  0.521509  0.429238  0.792653  0.513925  0.287440  0.569964  0.808992  0.689168  0.527009  0.545558  0.583755  0.509360  0.455709  0.543644  0.595717  0.489985  0.602444  0.698251  0.358868 
16  0.655323  0.766765  0.749051  0.615438  0.704149  0.667634  0.714001  0.215116  0.751197  0.199905  0.842525  0.806912  0.730355  0.369221  0.592268  0.627501 0.0  0.716261  0.709969  0.663226  0.741178  0.745884  0.748220  0.359038  0.696398  0.305163  0.735774  0.412115  0.838518  0.432885  0.616937  0.738396  0.619777  0.536968  0.790530  0.627644  0.781364  0.733931  0.412965  0.763101  0.377536  0.701215  0.712062  0.738445  0.761032  0.762060  0.785718  0.688546  0.761329  0.679145  0.270967  0.559142  0.859272  0.759100  0.659437  0.582026  0.771750  0.368978  0.760393  0.168695  0.817918  0.240999  0.684837  0.664609  0.651426  0.702809  0.610487  0.713326  0.585853  0.661465  0.340598  0.822901  0.621128 
17  0.707968  0.816802  0.803145  0.796408  0.784010  0.672903  0.773508  0.634665  0.781892  0.687611  0.865495  0.857587  0.668970  0.666389  0.649841  0.617777  0.716261 0.0  0.776062  0.822775  0.643909  0.838328  0.783566  0.718908  0.730555  0.784253  0.734114  0.746163  0.806136  0.643836  0.681640  0.814235  0.728924  0.593034  0.912865  0.779120  0.869466  0.831175  0.620465  0.699836  0.652085  0.768278  0.790810  0.710749  0.773526  0.769900  0.775178  0.730732  0.829770  0.749325  0.736219  0.716071  0.826575  0.729099  0.669097  0.764071  0.753832  0.605686  0.681241  0.617287  0.727316  0.657024  0.750744  0.804535  0.765038  0.704363  0.819729  0.778873  0.793931  0.584175  0.662588  0.894793  0.680835 
18  0.655837  0.630538  0.571637  0.624180  0.656773  0.758962  0.435581  0.652715  0.719862  0.719276  0.893581  0.636865  0.784321  0.759058  0.875706  0.674972  0.709969  0.776062 0.0  0.697839  0.614635  0.635746  0.509308  0.696392  0.542302  0.611793  0.736639  0.728856  0.743858  0.790887  0.653439  0.595734  0.714417  0.791239  0.690736  0.573670  0.568704  0.619373  0.681392  0.769625  0.660444  0.679108  0.539983  0.644628  0.781420  0.745244  0.618226  0.617099  0.381927  0.578991  0.636691  0.746946  0.828616  0.672213  0.628130  0.633204  0.619935  0.674105  0.560017  0.764903  0.698634  0.703991  0.632430  0.654176  0.585053  0.616013  0.697578  0.687562  0.729415  0.591309  0.620669  0.685665  0.637758 
19  0.583949  0.566144  0.441404  0.644528  0.711661  0.646950  0.553415  0.700776  0.457871  0.756077  0.957918  0.440649  0.715334  0.688732  0.811943  0.679561  0.663226  0.822775  0.697839 0.0  0.622842  0.717729  0.531833  0.730459  0.600913  0.658733  0.566346  0.724462  0.685250  0.707002  0.691455  0.616373  0.662848  0.562592  0.733915  0.673561  0.253548  0.609925  0.810540  0.916420  0.627788  0.527697  0.649683  0.621065  0.905016  0.751209  0.497159  0.565561  0.666247  0.617291  0.517912  0.762693  0.772764  0.558461  0.611014  0.710248  0.491081  0.686075  0.656104  0.853961  0.547889  0.767892  0.640543  0.791214  0.702894  0.589790  0.587123  0.595599  0.636154  0.664169  0.706014  0.447392  0.664959 
20  0.398100  0.748123  0.568167  0.439308  0.647835  0.681074  0.661724  0.673323  0.528608  0.639762  0.779010  0.673771  0.693312  0.558558  0.798866  0.628890  0.741178  0.643909  0.614635  0.622842 0.0  0.803048  0.699927  0.764694  0.250870  0.713744  0.642692  0.639012  0.725205  0.745579  0.668841  0.645642  0.492957  0.567899  0.671601  0.707750  0.512411  0.734830  0.653918  0.744060  0.637901  0.658588  0.361262  0.541514  0.850059  0.619143  0.639108  0.346153  0.579158  0.254184  0.594132  0.592302  0.822230  0.632637  0.377945  0.433035  0.554450  0.729538  0.644055  0.634058  0.790598  0.772203  0.369200  0.395209  0.470867  0.443027  0.434731  0.366451  0.417408  0.341535  0.537382  0.650124  0.586768 
21  0.753825  0.575081  0.644556  0.724525  0.619891  0.773562  0.748174  0.801193  0.705464  0.780014  0.860622  0.612184  0.813254  0.910164  0.857164  0.760846  0.745884  0.838328  0.635746  0.717729  0.803048 0.0  0.737409  0.842544  0.742921  0.681591  0.629228  0.641749  0.589131  0.750593  0.748786  0.645502  0.810416  0.713148  0.646304  0.591773  0.773051  0.678182  0.762010  0.903178  0.853711  0.675886  0.695765  0.652979  0.939562  0.450952  0.603527  0.720053  0.751800  0.729328  0.722769  0.642825  0.697717  0.614679  0.724101  0.845837  0.655899  0.863712  0.738202  0.692316  0.515446  0.819901  0.741427  0.756020  0.836413  0.629228  0.717080  0.754586  0.658005  0.675314  0.722394  0.537787  0.751450 
22  0.709742  0.606270  0.559537  0.546324  0.664065  0.745030  0.603489  0.743157  0.572560  0.705264  0.850496  0.689239  0.855094  0.718642  0.703200  0.698421  0.748220  0.783566  0.509308  0.531833  0.699927  0.737409 0.0  0.609879  0.643305  0.801702  0.721307  0.633535  0.749272  0.863401  0.737482  0.677814  0.638831  0.642803  0.657301  0.643003  0.680042  0.667173  0.780449  0.755751  0.767234  0.657562  0.700545  0.589750  0.788647  0.737200  0.729985  0.525029  0.334910  0.588177  0.734811  0.710962  0.875538  0.570306  0.799879  0.673915  0.479309  0.785847  0.642114  0.675436  0.696192  0.732116  0.544734  0.642416  0.637027  0.650331  0.672805  0.568449  0.708324  0.628967  0.668885  0.502228  0.743247 
23  0.608685  0.764045  0.852976  0.615330  0.675812  0.626192  0.657545  0.136720  0.642138  0.365888  0.876969  0.803780  0.549562  0.414898  0.652396  0.486829  0.359038  0.718908  0.696392  0.730459  0.764694  0.842544  0.609879 0.0  0.704167  0.204093  0.822450  0.243485  0.828448  0.274387  0.563556  0.814082  0.690090  0.605082  0.723307  0.788948  0.673914  0.740080  0.431045  0.776471  0.391326  0.761242  0.725945  0.681452  0.728885  0.732436  0.542918  0.698845  0.768561  0.623367  0.201720  0.448900  0.978443  0.742113  0.584091  0.621636  0.720451  0.448630  0.542604  0.174952  0.764208  0.097085  0.513818  0.640370  0.641987  0.652614  0.615099  0.607286  0.590793  0.617354  0.286546  0.746201  0.649204 
24  0.329584  0.715978  0.646943  0.499295  0.498074  0.729709  0.602129  0.669390  0.602905  0.532705  0.882113  0.638933  0.713140  0.656999  0.767587  0.557731  0.696398  0.730555  0.542302  0.600913  0.250870  0.742921  0.643305  0.704167 0.0  0.606440  0.678537  0.691484  0.729354  0.674558  0.564651  0.713382  0.381497  0.685773  0.732163  0.636229  0.697605  0.690753  0.597593  0.829817  0.603329  0.657368  0.319698  0.567884  0.869860  0.760980  0.675141  0.486006  0.630428  0.369334  0.642873  0.662280  0.800729  0.676754  0.322726  0.530768  0.652845  0.658983  0.558350  0.677083  0.688859  0.533038  0.173415  0.520859  0.502228  0.439124  0.381625  0.484526  0.373207  0.291330  0.612032  0.643839  0.533479 
25  0.692900  0.616534  0.777551  0.666829  0.702734  0.616880  0.714689  0.254175  0.821596  0.415365  0.688998  0.645873  0.625611  0.430619  0.675537  0.624437  0.305163  0.784253  0.611793  0.658733  0.713744  0.681591  0.801702  0.204093  0.606440 0.0  0.739430  0.165711  0.799615  0.199962  0.428391  0.816711  0.610488  0.521706  0.747793  0.759102  0.775633  0.794959  0.449164  0.790172  0.499529  0.679460  0.672337  0.667796  0.754693  0.751535  0.917183  0.623241  0.693324  0.649127  0.270105  0.522709  0.872291  0.723297  0.584497  0.775436  0.657602  0.580794  0.574466  0.244405  0.767643  0.297295  0.566442  0.491969  0.593613  0.647303  0.519804  0.689989  0.646468  0.629948  0.260124  0.748454  0.700234 
26  0.682250  0.419026  0.502375  0.544465  0.633172  0.812985  0.682107  0.900003  0.560732  0.658098  0.864560  0.619544  0.816713  0.748112  0.826682  0.797283  0.735774  0.734114  0.736639  0.566346  0.642692  0.629228  0.721307  0.822450  0.678537  0.739430 0.0  0.726443  0.592414  0.721327  0.690384  0.441837  0.750955  0.821303  0.603987  0.325210  0.591613  0.613768  0.747640  0.782570  0.638411  0.529818  0.579673  0.580628  0.800463  0.651784  0.198575  0.671368  0.648338  0.750664  0.851656  0.647361  0.731895  0.525623  0.682440  0.739498  0.604050  0.576043  0.689431  0.815316  0.675691  0.665013  0.714350  0.743126  0.711891  0.727611  0.683530  0.639371  0.611513  0.703800  0.717855  0.492460  0.805845 
27  0.729429  0.693766  0.763422  0.641932  0.636959  0.662426  0.730225  0.321125  0.664687  0.426631  0.756505  0.719889  0.469915  0.568812  0.625031  0.516417  0.412115  0.746163  0.728856  0.724462  0.639012  0.641749  0.633535  0.243485  0.691484  0.165711  0.726443 0.0  0.717864  0.119251  0.474348  0.705584  0.612142  0.523101  0.747333  0.667964  0.795194  0.750565  0.417741  0.857024  0.433080  0.923832  0.639373  0.664932  0.725224  0.863140  0.794345  0.618915  0.713467  0.665288  0.163123  0.405360  0.877174  0.825978  0.626280  0.619482  0.672969  0.414393  0.560979  0.363846  0.783508  0.220221  0.606712  0.715214  0.550514  0.672421  0.652596  0.751232  0.695415  0.652854  0.281185  0.771044  0.645554 
28  0.692862  0.626891  0.695996  0.693482  0.879707  0.728652  0.797915  0.812330  0.645627  0.809248  0.955582  0.662577  0.829198  0.769713  0.690252  0.795805  0.838518  0.806136  0.743858  0.685250  0.725205  0.589131  0.749272  0.828448  0.729354  0.799615  0.592414  0.717864 0.0  0.764117  0.788736  0.618176  0.791545  0.716196  0.658526  0.704828  0.620656  0.696750  0.895648  0.764076  0.851948  0.660787  0.778452  0.788790  0.946168  0.478866  0.651047  0.753822  0.679297  0.771245  0.873895  0.810904  0.840767  0.712224  0.596540  0.790521  0.765142  0.827982  0.642092  0.786793  0.448840  0.819207  0.770778  0.708400  0.844619  0.719322  0.744854  0.879445  0.741128  0.713804  0.878667  0.615171  0.744884 
29  0.651376  0.868079  0.825695  0.733805  0.566356  0.659587  0.652467  0.306231  0.680547  0.449955  0.710939  0.766112  0.659387  0.480887  0.655859  0.499807  0.432885  0.643836  0.790887  0.707002  0.745579  0.750593  0.863401  0.274387  0.674558  0.199962  0.721327  0.119251  0.764117 0.0  0.534424  0.794022  0.588021  0.647208  0.684105  0.700499  0.718849  0.739649  0.479493  0.787429  0.474326  0.793959  0.528876  0.765298  0.793902  0.835075  0.785145  0.747904  0.717009  0.814692  0.116098  0.469276  0.819921  0.831439  0.613049  0.551731  0.610872  0.479486  0.524750  0.333767  0.812992  0.300928  0.707943  0.696792  0.731469  0.691823  0.550141  0.673451  0.519377  0.471109  0.261567  0.743314  0.626488 
30  0.616274  0.850527  0.634285  0.637856  0.644739  0.673483  0.592605  0.639996  0.684255  0.492828  0.899441  0.838010  0.661155  0.543026  0.698927  0.407720  0.616937  0.681640  0.653439  0.691455  0.668841  0.748786  0.737482  0.563556  0.564651  0.428391  0.690384  0.474348  0.788736  0.534424 0.0  0.810869  0.491498  0.174750  0.797422  0.582255  0.752073  0.716904  0.637962  0.804196  0.669151  0.815115  0.506026  0.665916  0.734475  0.701320  0.744318  0.567624  0.635286  0.663924  0.524555  0.453772  0.773005  0.750626  0.540349  0.495287  0.648462  0.578216  0.482122  0.592684  0.755058  0.470334  0.580119  0.552980  0.599721  0.744838  0.434029  0.617063  0.566944  0.575243  0.378891  0.768166  0.491099 
31  0.608735  0.572368  0.669281  0.710727  0.707241  0.679801  0.601686  0.741583  0.566959  0.786399  0.945579  0.512189  0.740218  0.832167  0.695730  0.691066  0.738396  0.814235  0.595734  0.616373  0.645642  0.645502  0.677814  0.814082  0.713382  0.816711  0.441837  0.705584  0.618176  0.794022  0.810869 0.0  0.710314  0.756266  0.527722  0.338385  0.467061  0.493630  0.736651  0.770405  0.683725  0.555684  0.760791  0.649623  0.815206  0.721707  0.388728  0.739700  0.672501  0.740971  0.616830  0.782863  0.895401  0.514505  0.725027  0.653010  0.607051  0.703647  0.728579  0.798345  0.468406  0.773543  0.792830  0.789994  0.722264  0.681350  0.721530  0.659289  0.693982  0.701032  0.721969  0.573886  0.750257 
32  0.320125  0.627143  0.726368  0.620579  0.548661  0.638573  0.587086  0.649990  0.637612  0.692156  0.860681  0.664513  0.694322  0.611251  0.677034  0.413725  0.619777  0.728924  0.714417  0.662848  0.492957  0.810416  0.638831  0.690090  0.381497  0.610488  0.750955  0.612142  0.791545  0.588021  0.491498  0.710314 0.0  0.538160  0.685770  0.643326  0.484282  0.660084  0.664695  0.777538  0.702177  0.584377  0.530320  0.656498  0.702408  0.813804  0.797216  0.560552  0.616680  0.554970  0.625737  0.587714  0.810288  0.725365  0.434311  0.519292  0.609703  0.724475  0.439562  0.686170  0.818120  0.665597  0.616361  0.494038  0.358153  0.515976  0.519415  0.479688  0.520121  0.542982  0.594079  0.720305  0.406426 
33  0.751175  0.873728  0.717973  0.721378  0.603516  0.721090  0.580509  0.575287  0.633075  0.597637  0.862416  0.703491  0.661805  0.513452  0.718527  0.376866  0.536968  0.593034  0.791239  0.562592  0.567899  0.713148  0.642803  0.605082  0.685773  0.521706  0.821303  0.523101  0.716196  0.647208  0.174750  0.756266  0.538160 0.0  0.699533  0.767675  0.765901  0.766138  0.536818  0.691577  0.625138  0.768110  0.654342  0.660153  0.709312  0.678901  0.732128  0.612105  0.758115  0.540581  0.547778  0.508034  0.873226  0.641696  0.619998  0.653960  0.689252  0.635635  0.409251  0.452521  0.763971  0.576135  0.623363  0.587999  0.452745  0.588433  0.656761  0.555135  0.573571  0.655720  0.462208  0.679002  0.584437 
34  0.708565  0.599301  0.544049  0.703595  0.676419  0.768030  0.784879  0.840946  0.620424  0.820746  0.887207  0.692488  0.836627  0.860055  0.775894  0.779812  0.790530  0.912865  0.690736  0.733915  0.671601  0.646304  0.657301  0.723307  0.732163  0.747793  0.603987  0.747333  0.658526  0.684105  0.797422  0.527722  0.685770  0.699533 0.0  0.652618  0.643932  0.425691  0.708043  0.755082  0.744346  0.520452  0.731165  0.626702  0.871472  0.687115  0.571269  0.566542  0.772119  0.603967  0.815698  0.764225  0.900368  0.707816  0.670501  0.678433  0.588611  0.725615  0.656249  0.892085  0.529613  0.842013  0.660853  0.758052  0.669808  0.830687  0.747149  0.720411  0.746800  0.659402  0.689834  0.611250  0.741113 
35  0.745431  0.600751  0.489383  0.649145  0.710883  0.634416  0.747260  0.819626  0.574487  0.721837  0.834276  0.520837  0.687246  0.771972  0.723196  0.720116  0.627644  0.779120  0.573670  0.673561  0.707750  0.591773  0.643003  0.788948  0.636229  0.759102  0.325210  0.667964  0.704828  0.700499  0.582255  0.338385  0.643326  0.767675  0.652618 0.0  0.747222  0.568034  0.810266  0.792170  0.758906  0.541508  0.673090  0.583704  0.893967  0.698978  0.309591  0.643689  0.605214  0.676732  0.736304  0.790280  0.777367  0.611899  0.666720  0.796391  0.651102  0.777296  0.731047  0.772386  0.579829  0.730026  0.670468  0.584160  0.661627  0.680757  0.659502  0.610441  0.749564  0.752752  0.708792  0.585487  0.689971 
36  0.626950  0.601968  0.581727  0.587953  0.750742  0.759539  0.701970  0.751065  0.485408  0.787232  0.821808  0.525594  0.915108  0.650873  0.759496  0.770991  0.781364  0.869466  0.568704  0.253548  0.512411  0.773051  0.680042  0.673914  0.697605  0.775633  0.591613  0.795194  0.620656  0.718849  0.752073  0.467061  0.484282  0.765901  0.643932  0.747222 0.0  0.651075  0.740910  0.760862  0.683637  0.645111  0.520658  0.595291  0.822720  0.544256  0.658835  0.675272  0.670520  0.653691  0.672731  0.681389  0.855011  0.477946  0.686629  0.619077  0.515207  0.786799  0.594968  0.626498  0.619173  0.677577  0.567883  0.655624  0.611639  0.601661  0.680955  0.693127  0.666903  0.786838  0.702717  0.650341  0.808142 
37  0.801902  0.533856  0.642328  0.602394  0.803727  0.739341  0.560302  0.872153  0.633695  0.825379  0.905114  0.622244  0.749174  0.871302  0.776927  0.674991  0.733931  0.831175  0.619373  0.609925  0.734830  0.678182  0.667173  0.740080  0.690753  0.794959  0.613768  0.750565  0.696750  0.739649  0.716904  0.493630  0.660084  0.766138  0.425691  0.568034  0.651075 0.0  0.826142  0.775763  0.752855  0.516757  0.812516  0.631603  0.798501  0.789504  0.510902  0.694853  0.715915  0.756002  0.716809  0.852233  0.816247  0.694742  0.758657  0.686610  0.674010  0.748420  0.755308  0.629064  0.646244  0.807805  0.673146  0.797476  0.681455  0.634303  0.757626  0.588213  0.732831  0.737781  0.774770  0.649181  0.731341 
38  0.735428  0.786122  0.755338  0.736672  0.733420  0.619776  0.786103  0.389735  0.765133  0.207941  0.701101  0.776716  0.530880  0.290232  0.704653  0.728035  0.412965  0.620465  0.681392  0.810540  0.653918  0.762010  0.780449  0.431045  0.597593  0.449164  0.747640  0.417741  0.895648  0.479493  0.637962  0.736651  0.664695  0.536818  0.708043  0.810266  0.740910  0.826142 0.0  0.791785  0.415918  0.770788  0.586010  0.764951  0.758876  0.811368  0.874198  0.643905  0.778754  0.678817  0.495608  0.466095  0.689025  0.780511  0.671653  0.688637  0.727880  0.287466  0.785950  0.465801  0.785743  0.428827  0.738537  0.654868  0.759511  0.708338  0.609607  0.661910  0.645217  0.741457  0.380360  0.749156  0.583262 
39  0.892310  0.699840  0.839873  0.776733  0.818859  0.625124  0.757191  0.745143  0.829404  0.810469  0.803047  0.762305  0.767288  0.747768  0.781787  0.911228  0.763101  0.699836  0.769625  0.916420  0.744060  0.903178  0.755751  0.776471  0.829817  0.790172  0.782570  0.857024  0.764076  0.787429  0.804196  0.770405  0.777538  0.691577  0.755082  0.792170  0.760862  0.775763  0.791785 0.0  0.741212  0.886340  0.711159  0.745121  0.719398  0.902154  0.820034  0.823867  0.633734  0.750520  0.716002  0.770220  0.765204  0.804433  0.731672  0.781894  0.722019  0.781449  0.720831  0.677969  0.856248  0.710864  0.811760  0.795193  0.864085  0.810745  0.755696  0.725723  0.796463  0.706488  0.630098  0.801059  0.726581 
40  0.735691  0.780716  0.739914  0.553523  0.699949  0.631061  0.650198  0.431149  0.666133  0.320723  0.730410  0.825132  0.730186  0.345437  0.629022  0.736806  0.377536  0.652085  0.660444  0.627788  0.637901  0.853711  0.767234  0.391326  0.603329  0.499529  0.638411  0.433080  0.851948  0.474326  0.669151  0.683725  0.702177  0.625138  0.744346  0.758906  0.683637  0.752855  0.415918  0.741212 0.0  0.740684  0.672194  0.756415  0.770343  0.845344  0.707655  0.685726  0.691563  0.602903  0.560748  0.545703  0.883721  0.794117  0.688121  0.515404  0.763433  0.438859  0.590710  0.392343  0.806552  0.403151  0.613678  0.558866  0.664681  0.687441  0.660851  0.784261  0.733173  0.696626  0.464658  0.716814  0.577635 
41  0.668772  0.384709  0.593228  0.650444  0.762261  0.822751  0.735185  0.796220  0.597055  0.733334  0.773893  0.495282  0.826413  0.807752  0.787940  0.836443  0.701215  0.768278  0.679108  0.527697  0.658588  0.675886  0.657562  0.761242  0.657368  0.679460  0.529818  0.923832  0.660787  0.793959  0.815115  0.555684  0.584377  0.768110  0.520452  0.541508  0.645111  0.516757  0.770788  0.886340  0.740684 0.0  0.641110  0.701908  0.871538  0.593102  0.525958  0.764196  0.662639  0.719916  0.826314  0.826801  0.809065  0.621253  0.839153  0.764691  0.833697  0.748121  0.698071  0.843421  0.569984  0.801767  0.648372  0.787500  0.659031  0.656425  0.665953  0.633923  0.677445  0.703180  0.712101  0.585777  0.662383 
42  0.402927  0.686654  0.644614  0.289788  0.586585  0.730282  0.610463  0.617493  0.570282  0.740505  0.855548  0.631419  0.687345  0.736351  0.715527  0.548492  0.712062  0.790810  0.539983  0.649683  0.361262  0.695765  0.700545  0.725945  0.319698  0.672337  0.579673  0.639373  0.778452  0.528876  0.506026  0.760791  0.530320  0.654342  0.731165  0.673090  0.520658  0.812516  0.586010  0.711159  0.672194  0.641110 0.0  0.582106  0.781549  0.623511  0.782687  0.476743  0.683271  0.140630  0.610483  0.786669  0.783102  0.590872  0.249104  0.492400  0.609017  0.609762  0.552702  0.710084  0.598739  0.646384  0.373400  0.481801  0.498247  0.538659  0.418878  0.252592  0.399007  0.371148  0.544885  0.734466  0.479718 
43  0.612146  0.576448  0.584986  0.489725  0.610939  0.726602  0.692011  0.680554  0.597043  0.680501  0.827301  0.641636  0.606254  0.792305  0.792187  0.783788  0.738445  0.710749  0.644628  0.621065  0.541514  0.652979  0.589750  0.681452  0.567884  0.667796  0.580628  0.664932  0.788790  0.765298  0.665916  0.649623  0.656498  0.660153  0.626702  0.583704  0.595291  0.631603  0.764951  0.745121  0.756415  0.701908  0.582106 0.0  0.867110  0.678967  0.527335  0.561438  0.507694  0.606930  0.678050  0.659356  0.846132  0.620019  0.635419  0.645177  0.392725  0.731177  0.625505  0.677433  0.617139  0.711648  0.586796  0.605566  0.621498  0.536953  0.610380  0.604913  0.573752  0.634451  0.805541  0.664360  0.593176 
44  0.697865  0.823971  0.845173  0.783026  0.763138  0.784052  0.919338  0.725681  0.825725  0.620830  0.689177  0.874204  0.756843  0.725516  0.767547  0.748747  0.761032  0.773526  0.781420  0.905016  0.850059  0.939562  0.788647  0.728885  0.869860  0.754693  0.800463  0.725224  0.946168  0.793902  0.734475  0.815206  0.702408  0.709312  0.871472  0.893967  0.822720  0.798501  0.758876  0.719398  0.770343  0.871538  0.781549  0.867110 0.0  0.933410  0.823480  0.827095  0.808286  0.797931  0.765022  0.791636  0.817955  0.696063  0.748162  0.728798  0.822302  0.725874  0.727365  0.763453  0.779290  0.797682  0.777505  0.929356  0.874974  0.767596  0.786923  0.932657  0.880729  0.882669  0.692032  0.795871  0.693383 
45  0.668514  0.590806  0.693679  0.681026  0.723333  0.707766  0.716068  0.834680  0.619153  0.731303  0.888964  0.615019  0.807435  0.821710  0.845387  0.750809  0.762060  0.769900  0.745244  0.751209  0.619143  0.450952  0.737200  0.732436  0.760980  0.751535  0.651784  0.863140  0.478866  0.835075  0.701320  0.721707  0.813804  0.678901  0.687115  0.698978  0.544256  0.789504  0.811368  0.902154  0.845344  0.593102  0.623511  0.678967  0.933410 0.0  0.715309  0.830355  0.689543  0.800091  0.847132  0.848347  0.684142  0.643244  0.731848  0.829986  0.628178  0.847874  0.846209  0.819320  0.544799  0.935850  0.758087  0.803275  0.763906  0.724069  0.728238  0.827566  0.735591  0.716865  0.805029  0.601411  0.771296 
46  0.755464  0.562542  0.555035  0.659930  0.597542  0.790170  0.660771  0.784315  0.631009  0.782684  0.873394  0.584998  0.800422  0.734410  0.843920  0.685181  0.785718  0.775178  0.618226  0.497159  0.639108  0.603527  0.729985  0.542918  0.675141  0.917183  0.198575  0.794345  0.651047  0.785145  0.744318  0.388728  0.797216  0.732128  0.571269  0.309591  0.658835  0.510902  0.874198  0.820034  0.707655  0.525958  0.782687  0.527335  0.823480  0.715309 0.0  0.606525  0.566096  0.743613  0.814672  0.687105  0.795668  0.631907  0.735784  0.648381  0.539294  0.787258  0.762404  0.810440  0.635078  0.685335  0.595269  0.567833  0.755320  0.562211  0.676244  0.672943  0.647994  0.648234  0.720565  0.606958  0.750612 
47  0.433712  0.499360  0.604750  0.367566  0.647950  0.731403  0.476074  0.658232  0.670336  0.634899  0.861760  0.670013  0.752296  0.835218  0.764544  0.615606  0.688546  0.730732  0.617099  0.565561  0.346153  0.720053  0.525029  0.698845  0.486006  0.623241  0.671368  0.618915  0.753822  0.747904  0.567624  0.739700  0.560552  0.612105  0.566542  0.643689  0.675272  0.694853  0.643905  0.823867  0.685726  0.764196  0.476743  0.561438  0.827095  0.830355  0.606525 0.0  0.600148  0.565072  0.657533  0.612168  0.759816  0.597631  0.363917  0.502231  0.554144  0.676966  0.461014  0.635886  0.597122  0.723631  0.422268  0.604221  0.557973  0.450104  0.521687  0.485995  0.441268  0.383477  0.720544  0.669192  0.565298 
48  0.675104  0.725478  0.537718  0.662567  0.460231  0.802410  0.615854  0.683123  0.810905  0.693437  0.886753  0.688221  0.754683  0.696900  0.768910  0.582922  0.761329  0.829770  0.381927  0.666247  0.579158  0.751800  0.334910  0.768561  0.630428  0.693324  0.648338  0.713467  0.679297  0.717009  0.635286  0.672501  0.616680  0.758115  0.772119  0.605214  0.670520  0.715915  0.778754  0.633734  0.691563  0.662639  0.683271  0.507694  0.808286  0.689543  0.566096  0.600148 0.0  0.629448  0.844836  0.630950  0.814088  0.640697  0.666707  0.626807  0.564993  0.799431  0.710013  0.773573  0.622255  0.661362  0.555668  0.720236  0.658073  0.587548  0.686837  0.608423  0.598819  0.654224  0.634781  0.697009  0.717716 
49  0.412848  0.700583  0.588868  0.399821  0.710010  0.657681  0.439345  0.663812  0.613542  0.613777  0.816765  0.598952  0.693120  0.644432  0.749710  0.475278  0.679145  0.749325  0.578991  0.617291  0.254184  0.729328  0.588177  0.623367  0.369334  0.649127  0.750664  0.665288  0.771245  0.814692  0.663924  0.740971  0.554970  0.540581  0.603967  0.676732  0.653691  0.756002  0.678817  0.750520  0.602903  0.719916  0.140630  0.606930  0.797931  0.800091  0.743613  0.565072  0.629448 0.0  0.625406  0.623048  0.890899  0.599843  0.298003  0.457529  0.620164  0.699806  0.516492  0.637640  0.678565  0.648661  0.314987  0.509663  0.512044  0.497573  0.457014  0.225169  0.418871  0.337002  0.562333  0.676005  0.598087 
50  0.581641  0.733806  0.662737  0.815564  0.716454  0.635194  0.658551  0.231377  0.770373  0.481064  0.888872  0.774625  0.547213  0.373919  0.668289  0.532736  0.270967  0.736219  0.636691  0.517912  0.594132  0.722769  0.734811  0.201720  0.642873  0.270105  0.851656  0.163123  0.873895  0.116098  0.524555  0.616830  0.625737  0.547778  0.815698  0.736304  0.672731  0.716809  0.495608  0.716002  0.560748  0.826314  0.610483  0.678050  0.765022  0.847132  0.814672  0.657533  0.844836  0.625406 0.0  0.458819  0.977548  0.694167  0.600699  0.530122  0.670011  0.457556  0.606084  0.296003  0.724058  0.313430  0.654593  0.565537  0.485512  0.625941  0.565938  0.684818  0.630393  0.594659  0.317560  0.846701  0.586139 
51  0.678109  0.788073  0.737383  0.639855  0.509607  0.665770  0.497212  0.480820  0.824452  0.594117  0.693555  0.697428  0.542115  0.416763  0.584568  0.629498  0.559142  0.716071  0.746946  0.762693  0.592302  0.642825  0.710962  0.448900  0.662280  0.522709  0.647361  0.405360  0.810904  0.469276  0.453772  0.782863  0.587714  0.508034  0.764225  0.790280  0.681389  0.852233  0.466095  0.770220  0.545703  0.826801  0.786669  0.659356  0.791636  0.848347  0.687105  0.612168  0.630950  0.623048  0.458819 0.0  0.713979  0.733167  0.643248  0.528842  0.626966  0.618138  0.533071  0.490330  0.730535  0.344407  0.624152  0.624402  0.590792  0.683896  0.585864  0.652326  0.675955  0.709343  0.496001  0.836364  0.678617 
52  0.796354  0.767792  0.767771  0.809158  0.898912  0.862552  0.832104  0.916181  0.797859  0.710466  0.873277  0.912363  0.822662  1.000000  0.816579  0.870160  0.859272  0.826575  0.828616  0.772764  0.822230  0.697717  0.875538  0.978443  0.800729  0.872291  0.731895  0.877174  0.840767  0.819921  0.773005  0.895401  0.810288  0.873226  0.900368  0.777367  0.855011  0.816247  0.689025  0.765204  0.883721  0.809065  0.783102  0.846132  0.817955  0.684142  0.795668  0.759816  0.814088  0.890899  0.977548  0.713979 0.0  0.725016  0.834401  0.899753  0.855753  0.865341  0.737385  0.908260  0.804692  0.941825  0.716370  0.736851  0.822782  0.782573  0.874606  0.918005  0.861820  0.831834  0.881352  0.779838  0.890323 
53  0.707908  0.643663  0.672588  0.676110  0.691944  0.755894  0.701300  0.710750  0.489001  0.712991  0.773525  0.375318  0.831431  0.790304  0.752041  0.712866  0.759100  0.729099  0.672213  0.558461  0.632637  0.614679  0.570306  0.742113  0.676754  0.723297  0.525623  0.825978  0.712224  0.831439  0.750626  0.514505  0.725365  0.641696  0.707816  0.611899  0.477946  0.694742  0.780511  0.804433  0.794117  0.621253  0.590872  0.620019  0.696063  0.643244  0.631907  0.597631  0.640697  0.599843  0.694167  0.733167  0.725016 0.0  0.733186  0.670784  0.680082  0.703640  0.766813  0.790470  0.690203  0.747454  0.664136  0.749181  0.732918  0.794808  0.721306  0.657672  0.638347  0.650561  0.733063  0.496346  0.684874 
