73
0 0.0  0.614455  0.797173  0.753092  0.531165  0.694622  0.758995  0.649757  0.746966  0.737794  0.657631  0.643080  0.769015  0.682629  0.549014  0.731645  0.571479  0.617749  0.612464  0.824453  0.693407  0.584932  0.709880  0.748114  0.686854  0.670978  0.644582  0.661639  0.683530  0.623006  0.686779  0.716630  0.729095  0.491869  0.723389  0.699670  0.559205  0.679373  0.606957  0.692182  0.567953  0.772441  0.787667  0.580044  0.594942  0.689138  0.626617  0.858562  0.655615  0.769244  0.760950  0.800315  0.794136  0.595193  0.633813  0.570101  0.602544  0.617370  0.673145  0.678792  0.345763  0.737002  0.751576  0.751587  0.761346  0.708269  0.506294  0.681503  0.815158  0.728908  0.601060  0.303540  0.661656 
1  0.614455 0.0  0.726103  0.737718  0.525861  0.683595  0.579667  0.692848  0.647954  0.631457  0.622359  0.682920  0.782140  0.471454  0.755853  0.668925  0.663632  0.710686  0.704979  0.815922  0.706162  0.319631  0.663070  0.728540  0.191784  0.676842  0.548454  0.656265  0.661671  0.828183  0.642322  0.669899  0.693421  0.653024  0.676551  0.649825  0.614514  0.746840  0.654082  0.654582  0.704998  0.660154  0.733290  0.534681  0.441437  0.678922  0.650937  0.678578  0.446402  0.816018  0.703388  0.669852  0.856557  0.396086  0.676969  0.657205  0.598852  0.715989  0.532894  0.649284  0.644873  0.661333  0.807142  0.792934  0.756578  0.677038  0.656760  0.626194  0.795747  0.735552  0.494924  0.588911  0.496605 
2  0.797173  0.726103 0.0  0.607305  0.743888  0.691386  0.831638  0.704403  0.605227  0.704332  0.862221  0.689165  0.751395  0.713647  0.745609  0.631601  0.857040  0.666642  0.724619  0.847797  0.693714  0.733211  0.765408  0.489648  0.810100  0.796866  0.796866  0.764980  0.710804  0.616282  0.683113  0.847224  0.709142  0.674724  0.780369  0.628049  0.616152  0.680864  0.713492  0.698120  0.788502  0.702166  0.523716  0.817492  0.691413  0.633701  0.770539  0.572656  0.656922  0.526541  0.456779  0.521395  0.548448  0.729999  0.710250  0.839912  0.766748  0.708041  0.751561  0.714058  0.696687  0.624379  0.543452  0.496425  0.658440  0.617553  0.843399  0.669005  0.561562  0.757172  0.801729  0.749242  0.874034 
3  0.753092  0.737718  0.607305 0.0  0.606273  0.579986  0.459311  0.483921  0.667455  0.130204  0.604535  0.517691  0.711340  0.691970  0.704644  0.472655  0.789948  0.646247  0.655270  0.892341  0.536051  0.651399  0.555802  0.728147  0.654371  0.814498  0.477101  0.805126  0.419577  0.528111  0.518234  0.817953  0.423483  0.790670  0.594087  0.485248  0.470680  0.581253  0.667611  0.415271  0.651477  0.448745  0.602862  0.608163  0.654182  0.501224  0.643846  0.716164  0.671836  0.702273  0.688818  0.593419  0.644899  0.698237  0.484871  0.425583  0.515753  0.585035  0.764244  0.416046  0.664387  0.662213  0.734619  0.582823  0.416104  0.424819  0.604849  0.118696  0.523196  0.786893  0.714374  0.835682  0.746854 
4  0.531165  0.525861  0.743888  0.606273 0.0  0.602043  0.705960  0.657260  0.698796  0.586471  0.660318  0.685351  0.732998  0.532977  0.546961  0.613289  0.722829  0.670278  0.588538  0.866903  0.725397  0.458827  0.732717  0.741500  0.467872  0.714056  0.739023  0.698552  0.739389  0.655713  0.675374  0.654784  0.596594  0.681685  0.656781  0.634142  0.672011  0.691691  0.644073  0.734743  0.641481  0.655711  0.797129  0.598528  0.464616  0.682274  0.635871  0.795259  0.318139  0.695862  0.792958  0.756367  0.748917  0.514302  0.792831  0.727844  0.667026  0.685027  0.489237  0.770944  0.610099  0.739203  0.841098  0.804849  0.578949  0.688092  0.533672  0.510531  0.639923  0.719332  0.305848  0.566414  0.468180 
5  0.694622  0.683595  0.691386  0.579986  0.602043 0.0  0.604242  0.570224  0.612382  0.562499  0.578525  0.546135  0.592424  0.750936  0.575067  0.537896  0.702279  0.672768  0.478359  0.820890  0.542995  0.717337  0.689937  0.846413  0.762408  0.762203  0.617201  0.718093  0.590676  0.696920  0.459591  0.726968  0.664821  0.530628  0.468972  0.641849  0.628320  0.627395  0.773154  0.561357  0.686030  0.575318  0.613271  0.604551  0.766300  0.586314  0.531017  0.732859  0.694432  0.735375  0.744848  0.726699  0.749062  0.628055  0.669199  0.615254  0.638344  0.641877  0.715667  0.647639  0.686171  0.607465  0.696176  0.643356  0.578530  0.644993  0.729610  0.723116  0.664129  0.793109  0.640811  0.585440  0.607378 
6  0.758995  0.579667  0.831638  0.459311  0.705960  0.604242 0.0  0.504813  0.615132  0.565882  0.568959  0.295005  0.715820  0.775375  0.661019  0.560060  0.719240  0.729210  0.701166  0.709947  0.460766  0.704121  0.498349  0.609769  0.590431  0.730967  0.381702  0.734910  0.523886  0.464758  0.387032  0.823273  0.432684  0.768465  0.623847  0.158558  0.489937  0.257474  0.741034  0.510771  0.702626  0.435656  0.682527  0.651887  0.614941  0.420971  0.623635  0.721040  0.621982  0.509966  0.576262  0.574123  0.758506  0.728759  0.459696  0.450068  0.546676  0.492742  0.644579  0.307641  0.730430  0.480570  0.784928  0.636455  0.442823  0.393436  0.681390  0.451419  0.606018  0.824173  0.667970  0.751369  0.741018 
7  0.649757  0.692848  0.704403  0.483921  0.657260  0.570224  0.504813 0.0  0.524119  0.393880  0.619214  0.487754  0.780623  0.636938  0.655416  0.191891  0.816397  0.689402  0.623498  0.901315  0.621504  0.749407  0.610891  0.740808  0.676752  0.819499  0.576052  0.672607  0.398777  0.667883  0.479266  0.634058  0.568873  0.735232  0.687860  0.576008  0.485471  0.471972  0.695752  0.494352  0.609701  0.587227  0.692836  0.607817  0.773501  0.617792  0.671803  0.819572  0.711135  0.646730  0.818418  0.665458  0.805389  0.716887  0.509349  0.512690  0.550757  0.616399  0.557208  0.516312  0.719777  0.602016  0.665567  0.668058  0.652189  0.509677  0.788099  0.494215  0.648778  0.783752  0.749670  0.680053  0.755719 
8  0.746966  0.647954  0.605227  0.667455  0.698796  0.612382  0.615132  0.524119 0.0  0.616938  0.745412  0.598766  0.623416  0.708174  0.740825  0.677520  0.816627  0.817159  0.671549  0.701965  0.533314  0.731670  0.536378  0.528633  0.653062  0.799752  0.627069  0.847813  0.703127  0.568044  0.585184  0.798968  0.649576  0.734449  0.801566  0.555785  0.656775  0.671036  0.816972  0.646569  0.866876  0.632695  0.502361  0.719220  0.722870  0.571051  0.721235  0.492460  0.716411  0.542363  0.724818  0.433692  0.652035  0.663559  0.582323  0.660853  0.664648  0.577556  0.843695  0.518658  0.763921  0.580145  0.571118  0.337633  0.543329  0.629734  0.717901  0.608119  0.393546  0.719017  0.752142  0.724476  0.754848 
9  0.737794  0.631457  0.704332  0.130204  0.586471  0.562499  0.565882  0.393880  0.616938 0.0  0.589816  0.470005  0.695597  0.640644  0.626933  0.522002  0.758692  0.755995  0.606322  0.652057  0.661882  0.711454  0.630836  0.794975  0.669835  0.710999  0.502413  0.750382  0.357681  0.574494  0.575932  0.668273  0.454005  0.639280  0.685768  0.481099  0.627939  0.382965  0.643740  0.411039  0.779241  0.285557  0.536641  0.617160  0.722679  0.520059  0.621544  0.603628  0.697268  0.536846  0.728119  0.641812  0.738062  0.744016  0.524773  0.371891  0.666884  0.483201  0.629059  0.452444  0.750594  0.638189  0.702767  0.629672  0.483178  0.493997  0.767944  0.157734  0.550214  0.736992  0.710674  0.628383  0.671334 
10  0.657631  0.622359  0.862221  0.604535  0.660318  0.578525  0.568959  0.619214  0.745412  0.589816 0.0  0.595835  0.513686  0.708176  0.713615  0.558379  0.854306  0.787334  0.449653  0.796264  0.656789  0.705114  0.699241  0.678154  0.734924  0.730510  0.634644  0.700934  0.646935  0.778507  0.635411  0.782783  0.712696  0.740100  0.529933  0.641262  0.718779  0.728919  0.625631  0.583552  0.706054  0.641508  0.793625  0.678907  0.711517  0.638513  0.567760  0.706042  0.796831  0.745007  0.754765  0.623812  0.722490  0.725705  0.718680  0.534302  0.679073  0.700210  0.569041  0.651660  0.583628  0.745220  0.712904  0.757748  0.672510  0.672181  0.636345  0.556475  0.778253  0.686273  0.682349  0.562265  0.686307 
11  0.643080  0.682920  0.689165  0.517691  0.685351  0.546135  0.295005  0.487754  0.598766  0.470005  0.595835 0.0  0.674502  0.740131  0.680953  0.479121  0.732899  0.701968  0.666338  0.781370  0.553253  0.635765  0.556773  0.636994  0.582040  0.757026  0.275288  0.689033  0.350027  0.495258  0.419246  0.683170  0.488270  0.720782  0.700984  0.426889  0.397339  0.426804  0.708358  0.415946  0.657281  0.294020  0.523982  0.581152  0.692537  0.455830  0.594861  0.677840  0.697893  0.724204  0.783319  0.481302  0.757357  0.673836  0.499214  0.348646  0.505476  0.544739  0.573249  0.413708  0.736477  0.590021  0.699954  0.567443  0.487643  0.294441  0.685348  0.446605  0.580783  0.700728  0.604023  0.775473  0.613304 
12  0.769015  0.782140  0.751395  0.711340  0.732998  0.592424  0.715820  0.780623  0.623416  0.695597  0.513686  0.674502 0.0  0.722942  0.662662  0.559788  0.821270  0.648962  0.710583  0.837039  0.553079  0.683940  0.660459  0.688448  0.727666  0.776972  0.726761  0.793912  0.688410  0.617536  0.696562  0.761214  0.572608  0.679835  0.666552  0.690800  0.806134  0.698313  0.705205  0.565584  0.676312  0.648412  0.502860  0.659655  0.714553  0.669299  0.736470  0.601770  0.779765  0.599420  0.720493  0.534326  0.583195  0.664487  0.650045  0.682501  0.753552  0.602263  0.703343  0.578385  0.782706  0.693959  0.620277  0.624856  0.572635  0.667620  0.761594  0.667687  0.575899  0.774466  0.630594  0.707827  0.767038 
13  0.682629  0.471454  0.713647  0.691970  0.532977  0.750936  0.775375  0.636938  0.708174  0.640644  0.708176  0.740131  0.722942 0.0  0.562017  0.619462  0.748207  0.668878  0.667146  0.800461  0.766675  0.292704  0.640971  0.801554  0.411308  0.699406  0.566152  0.744077  0.582272  0.737123  0.737324  0.652607  0.655941  0.616321  0.646824  0.725391  0.697685  0.671590  0.697286  0.808691  0.786571  0.683649  0.798353  0.535917  0.530807  0.646289  0.637090  0.815283  0.413427  0.747567  0.839395  0.761795  0.940319  0.474850  0.727048  0.643024  0.586507  0.672879  0.458436  0.743162  0.562530  0.728860  0.707520  0.717836  0.730056  0.686944  0.655114  0.665778  0.549736  0.750174  0.592576  0.697955  0.568067 
14  0.549014  0.755853  0.745609  0.704644  0.546961  0.575067  0.661019  0.655416  0.740825  0.626933  0.713615  0.680953  0.662662  0.562017 0.0  0.521118  0.642468  0.685682  0.606942  0.866988  0.812002  0.575858  0.663256  0.699595  0.472368  0.697958  0.633382  0.767090  0.674692  0.673281  0.621345  0.623680  0.731726  0.666295  0.456991  0.692588  0.687663  0.579297  0.571382  0.596005  0.554354  0.636839  0.767036  0.510484  0.523866  0.706083  0.653417  0.827916  0.657486  0.707922  0.797734  0.720487  0.742280  0.476072  0.601136  0.620398  0.575300  0.669537  0.393578  0.796224  0.524149  0.708102  0.767101  0.666830  0.683673  0.702967  0.637880  0.621321  0.620507  0.878478  0.620165  0.600791  0.583247 
15  0.731645  0.668925  0.631601  0.472655  0.613289  0.537896  0.560060  0.191891  0.677520  0.522002  0.558379  0.479121  0.559788  0.619462  0.521118 0.0  0.814436  0.760045  0.571398  0.780680  0.702644  0.675903  0.678105  0.717718  0.587597  0.666350  0.537289  0.701695  0.401699  0.598490  0.584045  0.591681  0.523863  0.776080  0.627485  0.615909  0.516394  0.487391  0.724963  0.620287  0.815074  0.560563  0.698916  0.485103  0.725266  0.569979  0.548964  0.656622  0.724393  0.644854  0.710699  0.569044  0.751747  0.706769  0.564233  0.457246  0.468632  0.634657  0.602494  0.508899  0.768384  0.639251  0.745160  0.654405  0.630803  0.631163  0.648053  0.509498  0.640371  0.783509  0.646089  0.618677  0.676856 
16  0.571479  0.663632  0.857040  0.789948  0.722829  0.702279  0.719240  0.816397  0.816627  0.758692  0.854306  0.732899  0.821270  0.748207  0.642468  0.814436 0.0  0.617797  0.729600  0.842885  0.765395  0.652291  0.714900  0.880641  0.699680  0.490213  0.718385  0.644930  0.693916  0.631862  0.811947  0.637594  0.749354  0.579507  0.750904  0.725314  0.744175  0.885497  0.688749  0.783268  0.647669  0.744857  0.802022  0.634679  0.651212  0.772713  0.673714  0.804106  0.590852  0.806822  0.834820  0.745757  0.843226  0.727500  0.821405  0.747153  0.617772  0.761497  0.772868  0.728427  0.598991  0.731893  0.819913  0.689672  0.702685  0.805610  0.599631  0.612597  0.822611  0.830595  0.680943  0.572402  0.675324 
17  0.617749  0.710686  0.666642  0.646247  0.670278  0.672768  0.729210  0.689402  0.817159  0.755995  0.787334  0.701968  0.648962  0.668878  0.685682  0.760045  0.617797 0.0  0.683478  0.863866  0.779078  0.739513  0.813804  0.744162  0.685545  0.680138  0.685203  0.729313  0.688617  0.905470  0.746656  0.669963  0.675024  0.570365  0.732889  0.674044  0.765402  0.810584  0.636500  0.709085  0.570136  0.732974  0.697798  0.579716  0.820451  0.682402  0.564518  0.844073  0.692171  0.800921  0.890683  0.789247  0.860190  0.718628  0.732529  0.756099  0.662146  0.789351  0.614778  0.697673  0.632700  0.752082  0.827983  0.749984  0.772678  0.793826  0.663062  0.643373  0.771242  0.730223  0.626546  0.618139  0.741794 
18  0.612464  0.704979  0.724619  0.655270  0.588538  0.478359  0.701166  0.623498  0.671549  0.606322  0.449653  0.666338  0.710583  0.667146  0.606942  0.571398  0.729600  0.683478 0.0  0.823571  0.766095  0.616148  0.608587  0.703396  0.650470  0.784538  0.645815  0.722123  0.633564  0.687304  0.651505  0.719172  0.566095  0.673112  0.326669  0.616965  0.733052  0.533134  0.692102  0.632650  0.617761  0.545013  0.702004  0.627475  0.702983  0.659432  0.505767  0.637260  0.632968  0.657524  0.700326  0.673441  0.797584  0.596834  0.669474  0.637693  0.686879  0.633972  0.603064  0.673237  0.537054  0.680866  0.744083  0.706383  0.677974  0.684722  0.583383  0.669391  0.687536  0.666048  0.644137  0.553520  0.689267 
19  0.824453  0.815922  0.847797  0.892341  0.866903  0.820890  0.709947  0.901315  0.701965  0.652057  0.796264  0.781370  0.837039  0.800461  0.866988  0.780680  0.842885  0.863866  0.823571 0.0  0.737053  0.783870  0.805757  0.696631  0.862641  0.769437  0.857296  0.844762  0.722884  0.804090  0.869643  0.836336  0.733224  0.866909  0.898839  0.829450  0.839659  0.794040  0.926381  0.897840  0.809901  0.681634  0.783974  0.913316  0.852628  0.744792  0.797328  0.567998  0.887468  0.822854  0.826578  0.774528  0.700505  0.727807  0.848959  0.758111  0.863418  0.771210  0.742345  0.758583  0.732483  0.686587  0.818505  0.734981  0.840075  0.812455  0.873433  0.789746  0.845438  0.839276  0.866288  0.827910  0.793255 
20  0.693407  0.706162  0.693714  0.536051  0.725397  0.542995  0.460766  0.621504  0.533314  0.661882  0.656789  0.553253  0.553079  0.766675  0.812002  0.702644  0.765395  0.779078  0.766095  0.737053 0.0  0.626163  0.573905  0.549701  0.778801  0.753226  0.478890  0.763991  0.584366  0.275213  0.542643  0.850368  0.454433  0.785688  0.618309  0.512395  0.585707  0.526750  0.788702  0.500306  0.783542  0.488239  0.653594  0.730324  0.719359  0.416657  0.651400  0.653309  0.780349  0.664635  0.739220  0.560577  0.700877  0.683346  0.469399  0.516668  0.781902  0.509174  0.593667  0.396578  0.771619  0.396555  0.668826  0.535325  0.247919  0.573203  0.721177  0.588230  0.397257  0.742028  0.737697  0.790896  0.660055 
21  0.584932  0.319631  0.733211  0.651399  0.458827  0.717337  0.704121  0.749407  0.731670  0.711454  0.705114  0.635765  0.683940  0.292704  0.575858  0.675903  0.652291  0.739513  0.616148  0.783870  0.626163 0.0  0.590911  0.773519  0.334113  0.720840  0.656459  0.689629  0.690970  0.722453  0.613692  0.703040  0.614520  0.695514  0.711281  0.722252  0.629831  0.696457  0.672002  0.609262  0.758443  0.691394  0.815549  0.502048  0.509639  0.776384  0.637418  0.664309  0.471744  0.806904  0.732124  0.725949  0.644307  0.482427  0.550125  0.679647  0.721719  0.715127  0.524640  0.533936  0.717993  0.661008  0.792108  0.845567  0.743175  0.635004  0.684953  0.652823  0.741566  0.839248  0.548567  0.676177  0.464811 
22  0.709880  0.663070  0.765408  0.555802  0.732717  0.689937  0.498349  0.610891  0.536378  0.630836  0.699241  0.556773  0.660459  0.640971  0.663256  0.678105  0.714900  0.813804  0.608587  0.805757  0.573905  0.590911 0.0  0.680559  0.700849  0.810423  0.501643  0.783217  0.531424  0.493196  0.403606  0.733106  0.582747  0.666016  0.729855  0.469003  0.394335  0.451001  0.767647  0.451126  0.687824  0.481491  0.528062  0.670090  0.676393  0.481162  0.771918  0.716103  0.610512  0.693942  0.718574  0.469729  0.602616  0.580570  0.436064  0.531447  0.631981  0.320574  0.628609  0.523650  0.651561  0.297595  0.688614  0.559797  0.616451  0.561139  0.796375  0.526198  0.681760  0.685446  0.705526  0.797576  0.790675 
23  0.748114  0.728540  0.489648  0.728147  0.741500  0.846413  0.609769  0.740808  0.528633  0.794975  0.678154  0.636994  0.688448  0.801554  0.699595  0.717718  0.880641  0.744162  0.703396  0.696631  0.549701  0.773519  0.680559 0.0  0.727716  0.842261  0.598444  0.753641  0.711756  0.566272  0.526439  0.778949  0.739707  0.773317  0.781657  0.768316  0.611489  0.607886  0.808617  0.688950  0.871146  0.570990  0.340533  0.742840  0.719335  0.573224  0.757729  0.243798  0.741776  0.233984  0.527359  0.690305  0.053178  0.579238  0.665003  0.804496  0.676608  0.583411  0.713835  0.724297  0.686789  0.666603  0.290107  0.701517  0.677938  0.638049  0.811153  0.746046  0.626120  0.682956  0.754700  0.714657  0.771958 
24  0.686854  0.191784  0.810100  0.654371  0.467872  0.762408  0.590431  0.676752  0.653062  0.669835  0.734924  0.582040  0.727666  0.411308  0.472368  0.587597  0.699680  0.685545  0.650470  0.862641  0.778801  0.334113  0.700849  0.727716 0.0  0.592004  0.562754  0.632988  0.697205  0.669601  0.634592  0.685375  0.626854  0.707140  0.669646  0.698090  0.532542  0.675412  0.723701  0.654365  0.678028  0.663508  0.726331  0.482531  0.538087  0.696093  0.637642  0.711980  0.418179  0.622256  0.702231  0.692617  0.746241  0.597289  0.820377  0.580307  0.582985  0.683678  0.548282  0.648650  0.628712  0.676999  0.628427  0.606262  0.793686  0.578009  0.621335  0.605499  0.757424  0.787879  0.503335  0.642696  0.462119 
25  0.670978  0.676842  0.796866  0.814498  0.714056  0.762203  0.730967  0.819499  0.799752  0.710999  0.730510  0.757026  0.776972  0.699406  0.697958  0.666350  0.490213  0.680138  0.784538  0.769437  0.753226  0.720840  0.810423  0.842261  0.592004 0.0  0.871668  0.478804  0.810207  0.847586  0.895800  0.652274  0.889310  0.651997  0.677445  0.740523  0.714780  0.806133  0.566155  0.585674  0.643010  0.693769  0.986055  0.738355  0.651990  0.806829  0.717710  0.826536  0.649515  0.791720  0.768521  0.902509  0.809491  0.781740  0.780633  0.783939  0.719598  0.800444  0.703666  0.731242  0.727088  0.710382  0.710535  0.782144  0.847351  0.843169  0.629113  0.860683  0.775757  0.856721  0.708835  0.727658  0.737855 
26  0.644582  0.548454  0.796866  0.477101  0.739023  0.617201  0.381702  0.576052  0.627069  0.502413  0.634644  0.275288  0.726761  0.566152  0.633382  0.537289  0.718385  0.685203  0.645815  0.857296  0.478890  0.656459  0.501643  0.598444  0.562754  0.871668 0.0  0.788556  0.436117  0.639553  0.269147  0.717944  0.500266  0.674489  0.726529  0.438735  0.484138  0.452880  0.764219  0.730132  0.725829  0.100826  0.708050  0.617047  0.678889  0.566080  0.603600  0.746208  0.797029  0.641771  0.684922  0.593203  0.593069  0.615138  0.444373  0.454833  0.579666  0.599635  0.632294  0.263899  0.650908  0.520943  0.660358  0.593332  0.439010  0.200513  0.723652  0.413305  0.491331  0.728641  0.726758  0.716162  0.624370 
27  0.661639  0.656265  0.764980  0.805126  0.698552  0.718093  0.734910  0.672607  0.847813  0.750382  0.700934  0.689033  0.793912  0.744077  0.767090  0.701695  0.644930  0.729313  0.722123  0.844762  0.763991  0.689629  0.783217  0.753641  0.632988  0.478804  0.788556 0.0  0.795039  0.750756  0.679055  0.553964  0.741890  0.656081  0.727817  0.699055  0.782180  0.774757  0.528971  0.797170  0.621671  0.688045  0.782518  0.590024  0.604631  0.770976  0.787284  0.774385  0.588305  0.732211  0.791286  0.759402  0.855334  0.690831  0.708750  0.710019  0.701051  0.681815  0.687235  0.872390  0.661206  0.751804  0.829115  0.700624  0.841731  0.726210  0.504264  0.810441  0.746518  1.000000  0.795347  0.752152  0.574306 
28  0.683530  0.661671  0.710804  0.419577  0.739389  0.590676  0.523886  0.398777  0.703127  0.357681  0.646935  0.350027  0.688410  0.582272  0.674692  0.401699  0.693916  0.688617  0.633564  0.722884  0.584366  0.690970  0.531424  0.711756  0.697205  0.810207  0.436117  0.795039 0.0  0.624505  0.431610  0.709393  0.541553  0.715021  0.632661  0.470618  0.459682  0.417587  0.695244  0.481035  0.777077  0.517717  0.782312  0.553745  0.696442  0.528008  0.652584  0.661000  0.627919  0.736021  0.719840  0.594764  0.662337  0.573148  0.557395  0.414235  0.590900  0.498042  0.594704  0.505170  0.676866  0.588477  0.700789  0.518758  0.630714  0.441039  0.604933  0.466703  0.620502  0.818282  0.732924  0.660683  0.613419 
29  0.623006  0.828183  0.616282  0.528111  0.655713  0.696920  0.464758  0.667883  0.568044  0.574494  0.778507  0.495258  0.617536  0.737123  0.673281  0.598490  0.631862  0.905470  0.687304  0.804090  0.275213  0.722453  0.493196  0.566272  0.669601  0.847586  0.639553  0.750756  0.624505 0.0  0.478025  0.728190  0.354089  0.640044  0.658646  0.543689  0.636697  0.528065  0.740118  0.456611  0.802310  0.588102  0.608598  0.664132  0.722423  0.343657  0.724283  0.596591  0.732920  0.712569  0.562176  0.432397  0.604000  0.772108  0.379074  0.572283  0.733764  0.478604  0.680853  0.620832  0.794531  0.511985  0.597170  0.469118  0.457635  0.439468  0.782855  0.610950  0.327109  0.693617  0.739369  0.765664  0.716158 
30  0.686779  0.642322  0.683113  0.518234  0.675374  0.459591  0.387032  0.479266  0.585184  0.575932  0.635411  0.419246  0.696562  0.737324  0.621345  0.584045  0.811947  0.746656  0.651505  0.869643  0.542643  0.613692  0.403606  0.526439  0.634592  0.895800  0.269147  0.679055  0.431610  0.478025 0.0  0.760460  0.508543  0.661366  0.588907  0.360006  0.469331  0.452061  0.737606  0.499569  0.793264  0.000000  0.726773  0.490074  0.696287  0.443824  0.703921  0.588336  0.720999  0.710204  0.677790  0.638556  0.713453  0.582692  0.328137  0.444562  0.606596  0.454967  0.643949  0.349173  0.725131  0.527883  0.638398  0.613627  0.524937  0.067973  0.637818  0.426253  0.587778  0.714104  0.719449  0.711528  0.655148 
31  0.716630  0.669899  0.847224  0.817953  0.654784  0.726968  0.823273  0.634058  0.798968  0.668273  0.782783  0.683170  0.761214  0.652607  0.623680  0.591681  0.637594  0.669963  0.719172  0.836336  0.850368  0.703040  0.733106  0.778949  0.685375  0.652274  0.717944  0.553964  0.709393  0.728190  0.760460 0.0  0.760171  0.645670  0.735986  0.675246  0.779203  0.696155  0.565763  0.702407  0.635380  0.712200  0.720345  0.698772  0.522165  0.718032  0.657973  0.700367  0.608879  0.753760  0.781149  0.814079  0.804904  0.633552  0.751600  0.728016  0.646197  0.805004  0.577838  0.805644  0.531986  0.775942  0.714216  0.709525  0.758812  0.627554  0.384009  0.758352  0.763488  0.715642  0.709336  0.627216  0.642653 
32  0.729095  0.693421  0.709142  0.423483  0.596594  0.664821  0.432684  0.568873  0.649576  0.454005  0.712696  0.488270  0.572608  0.655941  0.731726  0.523863  0.749354  0.675024  0.566095  0.733224  0.454433  0.614520  0.582747  0.739707  0.626854  0.889310  0.500266  0.741890  0.541553  0.354089  0.508543  0.760171 0.0  0.704571  0.599787  0.389618  0.587378  0.508626  0.704731  0.154108  0.784664  0.535407  0.586347  0.628841  0.801014  0.420596  0.582941  0.603742  0.767405  0.670078  0.699209  0.486085  0.601302  0.699508  0.495894  0.488376  0.481532  0.535344  0.716252  0.466060  0.693179  0.609489  0.706147  0.540945  0.471277  0.553367  0.715886  0.449641  0.606423  0.754707  0.776359  0.622320  0.759315 
33  0.491869  0.653024  0.674724  0.790670  0.681685  0.530628  0.768465  0.735232  0.734449  0.639280  0.740100  0.720782  0.679835  0.616321  0.666295  0.776080  0.579507  0.570365  0.673112  0.866909  0.785688  0.695514  0.666016  0.773317  0.707140  0.651997  0.674489  0.656081  0.715021  0.640044  0.661366  0.645670  0.704571 0.0  0.676458  0.738293  0.792520  0.672687  0.554327  0.701354  0.419486  0.719799  0.821145  0.656494  0.730782  0.660484  0.668585  0.753412  0.715334  0.837035  0.748081  0.724637  0.747819  0.601335  0.776397  0.637981  0.745498  0.820350  0.529767  0.779492  0.542723  0.681500  0.862987  0.801135  0.730857  0.664744  0.512570  0.759143  0.756954  0.785707  0.709882  0.504327  0.712348 
34  0.723389  0.676551  0.780369  0.594087  0.656781  0.468972  0.623847  0.687860  0.801566  0.685768  0.529933  0.700984  0.666552  0.646824  0.456991  0.627485  0.750904  0.732889  0.326669  0.898839  0.618309  0.711281  0.729855  0.781657  0.669646  0.677445  0.726529  0.727817  0.632661  0.658646  0.588907  0.735986  0.599787  0.676458 0.0  0.523586  0.696006  0.641694  0.696843  0.699474  0.638465  0.615312  0.803429  0.601182  0.675478  0.681410  0.562565  0.828873  0.705472  0.834196  0.752402  0.632683  0.722939  0.623682  0.736995  0.783654  0.678781  0.687204  0.529141  0.680658  0.637170  0.771147  0.778796  0.668267  0.680476  0.674996  0.777742  0.578116  0.605963  0.834666  0.611708  0.507078  0.686615 
35  0.699670  0.649825  0.628049  0.485248  0.634142  0.641849  0.158558  0.576008  0.555785  0.481099  0.641262  0.426889  0.690800  0.725391  0.692588  0.615909  0.725314  0.674044  0.616965  0.829450  0.512395  0.722252  0.469003  0.768316  0.698090  0.740523  0.438735  0.699055  0.470618  0.543689  0.360006  0.675246  0.389618  0.738293  0.523586 0.0  0.423293  0.325486  0.619664  0.402673  0.798007  0.533860  0.622634  0.617020  0.810175  0.423297  0.682750  0.635744  0.669245  0.701406  0.692206  0.554753  0.684874  0.609234  0.343300  0.484063  0.530757  0.429971  0.644216  0.331680  0.727784  0.491157  0.711195  0.540669  0.499033  0.457556  0.754433  0.504194  0.558047  0.771595  0.797530  0.703773  0.780377 
36  0.559205  0.614514  0.616152  0.470680  0.672011  0.628320  0.489937  0.485471  0.656775  0.627939  0.718779  0.397339  0.806134  0.697685  0.687663  0.516394  0.744175  0.765402  0.733052  0.839659  0.585707  0.629831  0.394335  0.611489  0.532542  0.714780  0.484138  0.782180  0.459682  0.636697  0.469331  0.779203  0.587378  0.792520  0.696006  0.423293 0.0  0.508342  0.762940  0.568004  0.621214  0.382280  0.658101  0.601667  0.720112  0.605796  0.639507  0.589186  0.646194  0.643248  0.680640  0.595910  0.680528  0.683158  0.442917  0.487863  0.592919  0.466577  0.669407  0.424882  0.701587  0.400435  0.533063  0.591783  0.524086  0.329386  0.706120  0.545979  0.512263  0.633629  0.626183  0.641802  0.684061 
37  0.679373  0.746840  0.680864  0.581253  0.691691  0.627395  0.257474  0.471972  0.671036  0.382965  0.728919  0.426804  0.698313  0.671590  0.579297  0.487391  0.885497  0.810584  0.533134  0.794040  0.526750  0.696457  0.451001  0.607886  0.675412  0.806133  0.452880  0.774757  0.417587  0.528065  0.452061  0.696155  0.508626  0.672687  0.641694  0.325486  0.508342 0.0  0.776515  0.378400  0.770663  0.479540  0.673804  0.680058  0.636364  0.353986  0.626409  0.683091  0.645585  0.671403  0.627222  0.501283  0.743269  0.676199  0.404280  0.406181  0.567745  0.356848  0.722029  0.391662  0.605705  0.554585  0.655004  0.433929  0.423283  0.432438  0.677313  0.397948  0.534597  0.687971  0.689686  0.690927  0.709740 
38  0.606957  0.654082  0.713492  0.667611  0.644073  0.773154  0.741034  0.695752  0.816972  0.643740  0.625631  0.708358  0.705205  0.697286  0.571382  0.724963  0.688749  0.636500  0.692102  0.926381  0.788702  0.672002  0.767647  0.808617  0.723701  0.566155  0.764219  0.528971  0.695244  0.740118  0.737606  0.565763  0.704731  0.554327  0.696843  0.619664  0.762940  0.776515 0.0  0.744466  0.555114  0.702418  0.796466  0.728256  0.603927  0.769290  0.549654  0.815452  0.620298  0.759037  0.951382  0.701508  0.828529  0.696555  0.797433  0.737513  0.678249  0.725464  0.743545  0.707111  0.619729  0.671410  0.777879  0.741289  0.770584  0.739650  0.298063  0.734834  0.776512  0.723657  0.612060  0.583635  0.645800 
39  0.692182  0.654582  0.698120  0.415271  0.734743  0.561357  0.510771  0.494352  0.646569  0.411039  0.583552  0.415946  0.565584  0.808691  0.596005  0.620287  0.783268  0.709085  0.632650  0.897840  0.500306  0.609262  0.451126  0.688950  0.654365  0.585674  0.730132  0.797170  0.481035  0.456611  0.499569  0.702407  0.154108  0.701354  0.699474  0.402673  0.568004  0.378400  0.744466 0.0  0.713798  0.495062  0.569890  0.666667  0.766971  0.440404  0.613452  0.636086  0.700888  0.752886  0.606772  0.531164  0.611628  0.737686  0.449686  0.448260  0.621008  0.529717  0.701556  0.509636  0.667770  0.492698  0.651991  0.591532  0.544298  0.559409  0.734502  0.476468  0.576963  0.749279  0.628917  0.659187  0.641569 
40  0.567953  0.704998  0.788502  0.651477  0.641481  0.686030  0.702626  0.609701  0.866876  0.779241  0.706054  0.657281  0.676312  0.786571  0.554354  0.815074  0.647669  0.570136  0.617761  0.809901  0.783542  0.758443  0.687824  0.871146  0.678028  0.643010  0.725829  0.621671  0.777077  0.802310  0.793264  0.635380  0.784664  0.419486  0.638465  0.798007  0.621214  0.770663  0.555114  0.713798 0.0  0.657266  0.812472  0.603197  0.560861  0.769040  0.653296  0.732151  0.514984  0.792333  0.839950  0.673919  0.843475  0.686286  0.791257  0.673878  0.668162  0.730659  0.637082  0.756186  0.580912  0.781197  0.742617  0.737726  0.790155  0.763336  0.599257  0.648396  0.839998  0.812718  0.720924  0.543038  0.664942 
41  0.772441  0.660154  0.702166  0.448745  0.655711  0.575318  0.435656  0.587227  0.632695  0.285557  0.641508  0.294020  0.648412  0.683649  0.636839  0.560563  0.744857  0.732974  0.545013  0.681634  0.488239  0.691394  0.481491  0.570990  0.663508  0.693769  0.100826  0.688045  0.517717  0.588102  0.000000  0.712200  0.535407  0.719799  0.615312  0.533860  0.382280  0.479540  0.702418  0.495062  0.657266 0.0  0.658412  0.642427  0.655425  0.588641  0.612700  0.763919  0.654814  0.686359  0.621238  0.534659  0.667853  0.612939  0.448857  0.356955  0.606659  0.465463  0.759177  0.338204  0.689198  0.611072  0.784719  0.452440  0.547734  0.141874  0.684478  0.430121  0.564697  0.769977  0.623424  0.710536  0.706813 
42  0.787667  0.733290  0.523716  0.602862  0.797129  0.613271  0.682527  0.692836  0.502361  0.536641  0.793625  0.523982  0.502860  0.798353  0.767036  0.698916  0.802022  0.697798  0.702004  0.783974  0.653594  0.815549  0.528062  0.340533  0.726331  0.986055  0.708050  0.782518  0.782312  0.608598  0.726773  0.720345  0.586347  0.821145  0.803429  0.622634  0.658101  0.673804  0.796466  0.569890  0.812472  0.658412 0.0  0.814991  0.642338  0.690987  0.809527  0.439706  0.749727  0.512831  0.525757  0.539653  0.364172  0.700475  0.583563  0.668215  0.697806  0.636778  0.800533  0.551110  0.733819  0.603540  0.532470  0.562633  0.690259  0.755744  0.712277  0.718313  0.627017  0.645250  0.717572  0.751027  0.740524 
43  0.580044  0.534681  0.817492  0.608163  0.598528  0.604551  0.651887  0.607817  0.719220  0.617160  0.678907  0.581152  0.659655  0.535917  0.510484  0.485103  0.634679  0.579716  0.627475  0.913316  0.730324  0.502048  0.670090  0.742840  0.482531  0.738355  0.617047  0.590024  0.553745  0.664132  0.490074  0.698772  0.628841  0.656494  0.601182  0.617020  0.601667  0.680058  0.728256  0.666667  0.603197  0.642427  0.814991 0.0  0.505052  0.645650  0.570747  0.712729  0.617672  0.799454  0.729796  0.640746  0.684242  0.528249  0.616078  0.620297  0.379336  0.541854  0.627723  0.651436  0.693159  0.547663  0.712433  0.666391  0.671214  0.626409  0.612351  0.579815  0.649636  0.828657  0.598541  0.641440  0.632729 
44  0.594942  0.441437  0.691413  0.654182  0.464616  0.766300  0.614941  0.773501  0.722870  0.722679  0.711517  0.692537  0.714553  0.530807  0.523866  0.725266  0.651212  0.820451  0.702983  0.852628  0.719359  0.509639  0.676393  0.719335  0.538087  0.651990  0.678889  0.604631  0.696442  0.722423  0.696287  0.522165  0.801014  0.730782  0.675478  0.810175  0.720112  0.636364  0.603927  0.766971  0.560861  0.655425  0.642338  0.505052 0.0  0.672730  0.663318  0.760803  0.464472  0.806046  0.730998  0.841776  0.851574  0.593309  0.835780  0.774135  0.667771  0.794027  0.587036  0.748899  0.594128  0.682514  0.813656  0.734999  0.697053  0.682928  0.628926  0.668293  0.719860  0.788000  0.363700  0.653498  0.429337 
45  0.689138  0.678922  0.633701  0.501224  0.682274  0.586314  0.420971  0.617792  0.571051  0.520059  0.638513  0.455830  0.669299  0.646289  0.706083  0.569979  0.772713  0.682402  0.659432  0.744792  0.416657  0.776384  0.481162  0.573224  0.696093  0.806829  0.566080  0.770976  0.528008  0.343657  0.443824  0.718032  0.420596  0.660484  0.681410  0.423297  0.605796  0.353986  0.769290  0.440404  0.769040  0.588641  0.690987  0.645650  0.672730 0.0  0.733141  0.588260  0.614136  0.540045  0.667495  0.586490  0.637420  0.636474  0.565295  0.568658  0.646879  0.386992  0.600449  0.517326  0.795912  0.461066  0.685241  0.426574  0.316692  0.528754  0.654486  0.545603  0.579282  0.671901  0.827784  0.797248  0.635194 
46  0.626617  0.650937  0.770539  0.643846  0.635871  0.531017  0.623635  0.671803  0.721235  0.621544  0.567760  0.594861  0.736470  0.637090  0.653417  0.548964  0.673714  0.564518  0.505767  0.797328  0.651400  0.637418  0.771918  0.757729  0.637642  0.717710  0.603600  0.787284  0.652584  0.724283  0.703921  0.657973  0.582941  0.668585  0.562565  0.682750  0.639507  0.626409  0.549654  0.613452  0.653296  0.612700  0.809527  0.570747  0.663318  0.733141 0.0  0.765114  0.697743  0.661951  0.823139  0.693317  0.757308  0.558321  0.784266  0.744802  0.527441  0.662672  0.622247  0.738664  0.580289  0.634525  0.828851  0.621641  0.731297  0.664059  0.662733  0.759712  0.728603  0.796750  0.620722  0.570962  0.628933 
47  0.858562  0.678578  0.572656  0.716164  0.795259  0.732859  0.721040  0.819572  0.492460  0.603628  0.706042  0.677840  0.601770  0.815283  0.827916  0.656622  0.804106  0.844073  0.637260  0.567998  0.653309  0.664309  0.716103  0.243798  0.711980  0.826536  0.746208  0.774385  0.661000  0.596591  0.588336  0.700367  0.603742  0.753412  0.828873  0.635744  0.589186  0.683091  0.815452  0.636086  0.732151  0.763919  0.439706  0.712729  0.760803  0.588260  0.765114 0.0  0.829705  0.332460  0.485371  0.517619  0.324648  0.734030  0.574530  0.593899  0.684766  0.677472  0.732291  0.728620  0.839336  0.655341  0.370866  0.540766  0.659420  0.720886  0.833304  0.645302  0.706569  0.630929  0.714594  0.762508  0.675748 
48  0.655615  0.446402  0.656922  0.671836  0.318139  0.694432  0.621982  0.711135  0.716411  0.697268  0.796831  0.697893  0.779765  0.413427  0.657486  0.724393  0.590852  0.692171  0.632968  0.887468  0.780349  0.471744  0.610512  0.741776  0.418179  0.649515  0.797029  0.588305  0.627919  0.732920  0.720999  0.608879  0.767405  0.715334  0.705472  0.669245  0.646194  0.645585  0.620298  0.700888  0.514984  0.654814  0.749727  0.617672  0.464472  0.614136  0.697743  0.829705 0.0  0.746024  0.742895  0.768362  0.782381  0.481226  0.660521  0.678767  0.573014  0.646768  0.499068  0.793171  0.614526  0.627134  0.753294  0.726229  0.739649  0.799321  0.471004  0.690294  0.706129  0.897285  0.288857  0.588452  0.424058 
49  0.769244  0.816018  0.526541  0.702273  0.695862  0.735375  0.509966  0.646730  0.542363  0.536846  0.745007  0.724204  0.599420  0.747567  0.707922  0.644854  0.806822  0.800921  0.657524  0.822854  0.664635  0.806904  0.693942  0.233984  0.622256  0.791720  0.641771  0.732211  0.736021  0.712569  0.710204  0.753760  0.670078  0.837035  0.834196  0.701406  0.643248  0.671403  0.759037  0.752886  0.792333  0.686359  0.512831  0.799454  0.806046  0.540045  0.661951  0.332460  0.746024 0.0  0.564904  0.608353  0.307569  0.724489  0.659832  0.638045  0.712934  0.680198  0.810920  0.613517  0.749096  0.678517  0.396718  0.641430  0.625955  0.665273  0.839000  0.651324  0.623806  0.638512  0.759827  0.860910  0.742797 
50  0.760950  0.703388  0.456779  0.688818  0.792958  0.744848  0.576262  0.818418  0.724818  0.728119  0.754765  0.783319  0.720493  0.839395  0.797734  0.710699  0.834820  0.890683  0.700326  0.826578  0.739220  0.732124  0.718574  0.527359  0.702231  0.768521  0.684922  0.791286  0.719840  0.562176  0.677790  0.781149  0.699209  0.748081  0.752402  0.692206  0.680640  0.627222  0.951382  0.606772  0.839950  0.621238  0.525757  0.729796  0.730998  0.667495  0.823139  0.485371  0.742895  0.564904 0.0  0.692309  0.494232  0.700142  0.650086  0.647405  0.731716  0.637145  0.742128  0.701728  0.788653  0.676686  0.461158  0.661851  0.628764  0.610409  0.835447  0.705903  0.641397  0.709125  0.713567  0.870155  0.718854 
51  0.800315  0.669852  0.521395  0.593419  0.756367  0.726699  0.574123  0.665458  0.433692  0.641812  0.623812  0.481302  0.534326  0.761795  0.720487  0.569044  0.745757  0.789247  0.673441  0.774528  0.560577  0.725949  0.469729  0.690305  0.692617  0.902509  0.593203  0.759402  0.594764  0.432397  0.638556  0.814079  0.486085  0.724637  0.632683  0.554753  0.595910  0.501283  0.701508  0.531164  0.673919  0.534659  0.539653  0.640746  0.841776  0.586490  0.693317  0.517619  0.768362  0.608353  0.692309 0.0  0.647281  0.758410  0.517857  0.491325  0.677189  0.517791  0.698037  0.621403  0.686042  0.519317  0.650758  0.372791  0.423185  0.606925  0.832313  0.519065  0.005139  0.718747  0.672217  0.744440  0.739274 
52  0.794136  0.856557  0.548448  0.644899  0.748917  0.749062  0.758506  0.805389  0.652035  0.738062  0.722490  0.757357  0.583195  0.940319  0.742280  0.751747  0.843226  0.860190  0.797584  0.700505  0.700877  0.644307  0.602616  0.053178  0.746241  0.809491  0.593069  0.855334  0.662337  0.604000  0.713453  0.804904  0.601302  0.747819  0.722939  0.684874  0.680528  0.743269  0.828529  0.611628  0.843475  0.667853  0.364172  0.684242  0.851574  0.637420  0.757308  0.324648  0.782381  0.307569  0.494232  0.647281 0.0  0.679894  0.677292  0.677019  0.796002  0.674497  0.721922  0.737610  0.705548  0.644775  0.367580  0.647476  0.665425  0.600405  0.756475  0.675778  0.593343  0.591078  0.770462  0.769057  0.705430 
53  0.595193  0.396086  0.729999  0.698237  0.514302  0.628055  0.728759  0.716887  0.663559  0.744016  0.725705  0.673836  0.664487  0.474850  0.476072  0.706769  0.727500  0.718628  0.596834  0.727807  0.683346  0.482427  0.580570  0.579238  0.597289  0.781740  0.615138  0.690831  0.573148  0.772108  0.582692  0.633552  0.699508  0.601335  0.623682  0.609234  0.683158  0.676199  0.696555  0.737686  0.686286  0.612939  0.700475  0.528249  0.593309  0.636474  0.558321  0.734030  0.481226  0.724489  0.700142  0.758410  0.679894 0.0  0.622350  0.751012  0.537286  0.567813  0.265006  0.672647  0.559472  0.643707  0.682155  0.592772  0.677943  0.668372  0.664520  0.645944  0.738319  0.788202  0.567366  0.597862  0.516871 
