73
0 0.0  0.707518  0.424501  0.615771  0.420582  0.545863  0.454896  0.610759  0.710507  0.294194  0.558676  0.528464  0.513959  0.653942  0.730077  0.799883  0.686194  0.356103  0.627190  0.446433  0.343858  0.554419  0.488213  0.497441  0.646219  0.555626  0.647797  0.438693  0.714923  0.546356  0.665002  0.572588  0.609162  0.201663  0.576438  0.745472  0.671796  0.459124  0.349528  0.707030  0.803742  0.680398  0.781586  0.699699  0.420533  0.670634  0.609108  0.596178  0.278827  0.330026  0.803048  0.697172  0.471243  0.766196  0.706038  0.553354  0.549936  0.667014  0.582890  0.531847  0.552228  0.487616  0.577501  0.570132  0.641810  0.699859  0.809014  0.610507  0.473783  0.636400  0.736625  0.734591  0.654451 
1  0.707518 0.0  0.633519  0.691636  0.661935  0.620792  0.603448  0.751410  0.502038  0.655396  0.709330  0.700524  0.674430  0.574930  0.779856  0.678998  0.506475  0.680484  0.578199  0.629359  0.701012  0.691730  0.793904  0.704541  0.721099  0.751504  0.740679  0.787281  0.718470  0.724973  0.705758  0.524543  0.719040  0.690108  0.757266  0.812358  0.786900  0.713626  0.707152  0.666264  0.749687  0.746079  0.474731  0.812051  0.639540  0.761069  0.580419  0.639362  0.721699  0.782901  0.805583  0.701454  0.710735  0.629284  0.520907  0.551257  0.608779  0.478982  0.631470  0.664649  0.720193  0.623507  0.623860  0.556794  0.556108  0.811222  0.758396  0.704117  0.709775  0.779027  0.775010  0.872123  0.726093 
2  0.424501  0.633519 0.0  0.620412  0.420177  0.610654  0.501391  0.736231  0.735203  0.372761  0.510836  0.490159  0.500532  0.723614  0.733978  0.693259  0.585151  0.419415  0.676561  0.561765  0.266476  0.627930  0.547690  0.495450  0.701193  0.566950  0.704490  0.547776  0.663720  0.399682  0.829676  0.620245  0.545578  0.361703  0.570722  0.754912  0.719928  0.403132  0.379477  0.614474  0.698517  0.673843  0.760633  0.709402  0.546049  0.586392  0.653106  0.619002  0.484701  0.528782  0.670826  0.677252  0.475958  0.779960  0.765262  0.714290  0.610383  0.672183  0.504679  0.442236  0.470090  0.486231  0.566348  0.727029  0.551408  0.640010  0.692070  0.462507  0.407480  0.641500  0.640380  0.906882  0.600092 
3  0.615771  0.691636  0.620412 0.0  0.557117  0.595504  0.505107  0.576952  0.587751  0.593831  0.680029  0.608102  0.610629  0.730903  0.729108  0.761365  0.723885  0.599000  0.694579  0.710866  0.583440  0.615158  0.668022  0.538586  0.664323  0.457997  0.609907  0.679366  0.669027  0.607201  0.666012  0.718551  0.418024  0.520296  0.667294  0.751939  0.769417  0.605353  0.679817  0.614887  0.711891  0.672423  0.618581  0.591806  0.657260  0.608432  0.666434  0.631731  0.588665  0.500050  0.600962  0.573914  0.539299  0.730325  0.766296  0.608792  0.743309  0.776602  0.611163  0.432660  0.503093  0.596791  0.625233  0.769350  0.640173  0.727001  0.714438  0.586205  0.541859  0.598966  0.652451  0.811886  0.494059 
4  0.420582  0.661935  0.420177  0.557117 0.0  0.575751  0.408671  0.572862  0.755628  0.292640  0.416789  0.500567  0.527671  0.672725  0.755154  0.661859  0.712246  0.378138  0.579143  0.248855  0.441455  0.535208  0.429943  0.661025  0.604599  0.639239  0.734499  0.316702  0.669099  0.436029  0.774505  0.614378  0.576325  0.534396  0.607758  0.775993  0.814187  0.476817  0.535379  0.653632  0.747354  0.723039  0.651995  0.698411  0.443355  0.758033  0.681698  0.555942  0.478042  0.254999  0.740748  0.638084  0.436215  0.652438  0.659487  0.641780  0.548069  0.706586  0.523042  0.448355  0.220239  0.370426  0.609941  0.667729  0.653286  0.730035  0.631595  0.514147  0.479902  0.622970  0.649899  0.812293  0.580933 
5  0.545863  0.620792  0.610654  0.595504  0.575751 0.0  0.588300  0.750363  0.759828  0.565263  0.554798  0.656950  0.515920  0.583373  0.752805  0.845777  0.654361  0.564671  0.537649  0.639768  0.552672  0.663458  0.521905  0.650585  0.710511  0.748806  0.867374  0.576631  0.759480  0.607507  0.736408  0.561632  0.650882  0.664036  0.640388  0.711090  0.717673  0.592472  0.683293  0.684751  0.760063  0.703701  0.635403  0.812762  0.495166  0.819682  0.556850  0.227159  0.688076  0.565657  0.694214  0.696688  0.620421  0.677895  0.572826  0.613978  0.352848  0.619938  0.442286  0.598298  0.630566  0.466415  0.700980  0.585774  0.505498  0.829109  0.858833  0.547175  0.540431  0.736900  0.684999  0.778030  0.778335 
6  0.454896  0.603448  0.501391  0.505107  0.408671  0.588300 0.0  0.646976  0.627922  0.414328  0.487548  0.523510  0.344568  0.617467  0.790346  0.745104  0.645598  0.543486  0.748928  0.383462  0.430022  0.595532  0.606023  0.670072  0.703241  0.640194  0.706979  0.446956  0.638136  0.440022  0.576768  0.491470  0.705393  0.394131  0.730313  0.700744  0.775912  0.393394  0.497997  0.729185  0.705734  0.635648  0.586864  0.678866  0.371169  0.763308  0.580663  0.596432  0.321961  0.414170  0.720254  0.541058  0.278113  0.700867  0.622278  0.658086  0.654451  0.657441  0.410546  0.512871  0.571309  0.532392  0.577344  0.588427  0.733779  0.676276  0.744635  0.437057  0.533633  0.772499  0.629060  0.863335  0.564535 
7  0.610759  0.751410  0.736231  0.576952  0.572862  0.750363  0.646976 0.0  0.796809  0.584611  0.613815  0.642086  0.643030  0.789978  0.748099  0.664626  0.771891  0.753882  0.665006  0.606229  0.530820  0.671176  0.671506  0.467806  0.548748  0.676913  0.530913  0.695752  0.326832  0.651573  0.691743  0.798068  0.632819  0.717493  0.454451  0.625922  0.670837  0.597357  0.581236  0.491220  0.703740  0.581066  0.746129  0.612850  0.626558  0.657969  0.707002  0.824509  0.609932  0.628622  0.594071  0.637248  0.644676  0.817362  0.694509  0.677197  0.777752  0.689804  0.598536  0.640578  0.598514  0.652913  0.501210  0.786781  0.784801  0.421579  0.718270  0.689946  0.666985  0.616868  0.444151  0.859066  0.594706 
8  0.710507  0.502038  0.735203  0.587751  0.755628  0.759828  0.627922  0.796809 0.0  0.729086  0.676331  0.717171  0.672313  0.717396  0.835137  0.829016  0.669046  0.725396  0.621024  0.764725  0.704115  0.621454  0.677708  0.728214  0.853481  0.804946  0.749396  0.761588  0.781913  0.669997  0.718303  0.732635  0.684071  0.719912  0.763716  0.906071  0.723591  0.817892  0.676928  0.771923  0.960994  0.820818  0.687213  0.817387  0.665698  0.855268  0.637759  0.731266  0.774223  0.708641  0.855619  0.611274  0.742783  0.578643  0.657735  0.865227  0.685897  0.600047  0.612396  0.767642  0.728135  0.750978  0.776939  0.559484  0.639067  0.827480  0.761795  0.722687  0.702410  0.790280  0.709746  0.732392  0.788567 
9  0.294194  0.655396  0.372761  0.593831  0.292640  0.565263  0.414328  0.584611  0.729086 0.0  0.558648  0.454336  0.466780  0.766453  0.780524  0.794357  0.626136  0.223120  0.555135  0.450972  0.329716  0.649085  0.453791  0.581332  0.669264  0.525935  0.699277  0.548989  0.598137  0.038814  0.745322  0.687593  0.593330  0.486777  0.598296  0.717876  0.692586  0.229268  0.408575  0.700842  0.690234  0.644465  0.669240  0.702397  0.410874  0.783888  0.671868  0.595364  0.417304  0.462071  0.741218  0.782310  0.426166  0.738187  0.599797  0.457906  0.605304  0.660132  0.551351  0.101263  0.340085  0.405552  0.629798  0.609252  0.571511  0.657927  0.681357  0.510839  0.135924  0.736885  0.588566  0.878421  0.684251 
10  0.558676  0.709330  0.510836  0.680029  0.416789  0.554798  0.487548  0.613815  0.676331  0.558648 0.0  0.346009  0.547668  0.592280  0.720262  0.674915  0.612751  0.521639  0.748352  0.525010  0.513850  0.707634  0.300896  0.564740  0.752837  0.654294  0.602579  0.092688  0.707843  0.509950  0.786437  0.625157  0.553862  0.523597  0.699162  0.789770  0.606844  0.386932  0.577155  0.645476  0.804600  0.725960  0.578327  0.824873  0.577630  0.682115  0.662435  0.522538  0.510821  0.404635  0.621032  0.533983  0.453361  0.725543  0.650693  0.651317  0.563721  0.636876  0.486587  0.434293  0.541361  0.151437  0.649134  0.692352  0.553889  0.727464  0.825372  0.434587  0.433372  0.862778  0.692569  0.847081  0.758212 
11  0.528464  0.700524  0.490159  0.608102  0.500567  0.656950  0.523510  0.642086  0.717171  0.454336  0.346009 0.0  0.509253  0.635610  0.693288  0.743572  0.561998  0.436453  0.684738  0.515413  0.518399  0.629349  0.216295  0.508404  0.680252  0.560042  0.822518  0.178326  0.705394  0.477929  0.768875  0.548458  0.596429  0.488328  0.639319  0.768756  0.814942  0.516475  0.556508  0.729902  0.790295  0.636918  0.538694  0.579237  0.448768  0.771542  0.749014  0.467309  0.604195  0.481002  0.777042  0.701810  0.521449  0.723452  0.546459  0.675813  0.531483  0.548619  0.582743  0.441955  0.479903  0.382445  0.601004  0.510321  0.658582  0.686053  0.734792  0.470702  0.470192  0.653608  0.685698  0.757584  0.699683 
12  0.513959  0.674430  0.500532  0.610629  0.527671  0.515920  0.344568  0.643030  0.672313  0.466780  0.547668  0.509253 0.0  0.685044  0.789554  0.739991  0.574714  0.482386  0.635548  0.384228  0.483312  0.628080  0.416985  0.633054  0.738244  0.718067  0.706033  0.442951  0.561608  0.564694  0.737532  0.714102  0.647210  0.478816  0.627262  0.826398  0.719617  0.544683  0.555246  0.716968  0.792412  0.689197  0.633399  0.767729  0.409408  0.628994  0.759294  0.519202  0.359755  0.474728  0.759369  0.714333  0.472039  0.659603  0.608339  0.607220  0.641496  0.728991  0.368429  0.511798  0.419767  0.461564  0.657393  0.711901  0.587335  0.667138  0.755519  0.472244  0.476429  0.741390  0.705059  0.828899  0.677031 
13  0.653942  0.574930  0.723614  0.730903  0.672725  0.583373  0.617467  0.789978  0.717396  0.766453  0.592280  0.635610  0.685044 0.0  0.740810  0.832335  0.471556  0.682228  0.394878  0.621273  0.770631  0.661614  0.606656  0.776565  0.815676  0.737835  0.732680  0.574399  0.665620  0.522510  0.806076  0.394463  0.652134  0.706044  0.750127  0.798552  0.751647  0.706675  0.853794  0.655805  0.783258  0.715359  0.207472  0.740319  0.676633  0.810642  0.367743  0.633705  0.646385  0.746147  0.750416  0.686087  0.699892  0.637864  0.503368  0.741068  0.554432  0.439648  0.855020  0.708066  0.614419  0.669389  0.661410  0.570715  0.566852  0.758167  0.818672  0.463822  0.666305  0.758764  0.763322  0.852242  0.653632 
14  0.730077  0.779856  0.733978  0.729108  0.755154  0.752805  0.790346  0.748099  0.835137  0.780524  0.720262  0.693288  0.789554  0.740810 0.0  0.508037  0.787723  0.784103  0.801233  0.622201  0.749867  0.820468  0.690373  0.784972  0.638486  0.618085  0.601212  0.771333  0.618362  0.745151  0.635111  0.802072  0.710735  0.714462  0.693936  0.553737  0.619303  0.751787  0.777614  0.675967  0.554523  0.639056  0.767192  0.546445  0.637481  0.671408  0.750772  0.750376  0.787885  0.822485  0.619016  0.801516  0.641932  0.780073  0.845095  0.724620  0.793334  0.715650  0.714009  0.689149  0.729654  0.823368  0.678713  0.772991  0.779565  0.646068  0.639857  0.808383  0.700869  0.637369  0.620722  0.828849  0.717724 
15  0.799883  0.678998  0.693259  0.761365  0.661859  0.845777  0.745104  0.664626  0.829016  0.794357  0.674915  0.743572  0.739991  0.832335  0.508037 0.0  0.775396  0.790607  0.845619  0.785689  0.689268  0.775434  0.692257  0.755096  0.734009  0.663542  0.684350  0.708493  0.639688  0.793903  0.694078  0.818022  0.736144  0.789639  0.655569  0.411525  0.512142  0.798989  0.763427  0.574415  0.521106  0.633391  0.809013  0.666663  0.793860  0.589772  0.783010  0.761043  0.785436  0.744611  0.670982  0.796288  0.787122  0.903276  0.877645  0.919354  0.725260  0.910123  0.682978  0.691103  0.725369  0.763042  0.716054  0.870702  0.851929  0.668057  0.370978  0.709825  0.737865  0.607601  0.716919  0.899355  0.735200 
16  0.686194  0.506475  0.585151  0.723885  0.712246  0.654361  0.645598  0.771891  0.669046  0.626136  0.612751  0.561998  0.574714  0.471556  0.787723  0.775396 0.0  0.673260  0.322586  0.552430  0.726789  0.694754  0.545907  0.711923  0.726701  0.740271  0.857909  0.562686  0.755097  0.629887  0.675098  0.344918  0.668854  0.578534  0.744108  0.822333  0.779857  0.664698  0.682389  0.780030  0.869843  0.836658  0.449981  0.765467  0.626665  0.854998  0.368755  0.591250  0.838965  0.665013  0.845751  0.643803  0.711137  0.635208  0.408759  0.704856  0.578091  0.378641  0.652278  0.725608  0.540309  0.680794  0.663347  0.279509  0.301657  0.814436  0.754154  0.630111  0.615743  0.789514  0.776060  0.729281  0.684560 
17  0.356103  0.680484  0.419415  0.599000  0.378138  0.564671  0.543486  0.753882  0.725396  0.223120  0.521639  0.436453  0.482386  0.682228  0.784103  0.790607  0.673260 0.0  0.573589  0.467405  0.424810  0.577660  0.534089  0.690588  0.665099  0.641723  0.751529  0.575698  0.603786  0.372271  0.689544  0.714219  0.671148  0.498986  0.609568  0.701035  0.610906  0.243831  0.501860  0.673832  0.697517  0.684302  0.755077  0.709818  0.452324  0.691828  0.687302  0.579841  0.484718  0.385146  0.742912  0.790090  0.532731  0.755663  0.579606  0.558767  0.641244  0.680963  0.656705  0.261777  0.243716  0.462660  0.655557  0.692574  0.602967  0.591052  0.743326  0.530182  0.370136  0.715589  0.665867  0.717819  0.605739 
18  0.627190  0.578199  0.676561  0.694579  0.579143  0.537649  0.748928  0.665006  0.621024  0.555135  0.748352  0.684738  0.635548  0.394878  0.801233  0.845619  0.322586  0.573589 0.0  0.670823  0.618326  0.733273  0.571437  0.713657  0.716191  0.702924  0.807160  0.610236  0.760846  0.650557  0.758361  0.364207  0.811700  0.703098  0.770854  0.774546  0.713596  0.665776  0.617162  0.728679  0.783168  0.782193  0.445236  0.784697  0.689691  0.750823  0.403825  0.475448  0.515064  0.609662  0.693959  0.622408  0.616690  0.714244  0.343735  0.649114  0.644998  0.234938  0.634156  0.653474  0.715605  0.602328  0.710951  0.330534  0.417061  0.769681  0.759918  0.672749  0.639817  0.807872  0.616694  0.741245  0.530963 
19  0.446433  0.629359  0.561765  0.710866  0.248855  0.639768  0.383462  0.606229  0.764725  0.450972  0.525010  0.515413  0.384228  0.621273  0.622201  0.785689  0.552430  0.467405  0.670823 0.0  0.468385  0.550097  0.530564  0.476532  0.710694  0.643231  0.735641  0.357712  0.597077  0.484886  0.618153  0.642996  0.544481  0.478885  0.719763  0.760627  0.720489  0.390592  0.523176  0.729103  0.680999  0.673418  0.658198  0.568828  0.494158  0.646095  0.655888  0.535674  0.429521  0.324189  0.699362  0.558779  0.371768  0.719411  0.546106  0.584835  0.532958  0.750412  0.530617  0.464050  0.392649  0.396385  0.655589  0.687708  0.590803  0.732574  0.752716  0.500032  0.392576  0.734112  0.657492  0.963467  0.568971 
20  0.343858  0.701012  0.266476  0.583440  0.441455  0.552672  0.430022  0.530820  0.704115  0.329716  0.513850  0.518399  0.483312  0.770631  0.749867  0.689268  0.726789  0.424810  0.618326  0.468385 0.0  0.627693  0.491261  0.603934  0.642042  0.573790  0.627324  0.468889  0.642489  0.348722  0.618317  0.639735  0.544694  0.379456  0.657550  0.673208  0.747436  0.282867  0.484369  0.718091  0.713586  0.694472  0.718331  0.657167  0.542482  0.693763  0.725548  0.498047  0.400177  0.418541  0.731929  0.611921  0.426305  0.754045  0.680273  0.622168  0.585052  0.734198  0.655756  0.296140  0.373475  0.514014  0.584321  0.654039  0.667136  0.646789  0.761895  0.598688  0.396651  0.739258  0.611184  0.868541  0.592250 
21  0.554419  0.691730  0.627930  0.615158  0.535208  0.663458  0.595532  0.671176  0.621454  0.649085  0.707634  0.629349  0.628080  0.661614  0.820468  0.775434  0.694754  0.577660  0.733273  0.550097  0.627693 0.0  0.636063  0.613030  0.700033  0.571904  0.736514  0.583680  0.642320  0.652686  0.784157  0.633711  0.525210  0.535891  0.756452  0.760991  0.784124  0.696478  0.752355  0.731089  0.695019  0.732998  0.715672  0.736423  0.500780  0.785863  0.731220  0.550228  0.660082  0.528751  0.778045  0.435855  0.683494  0.811065  0.637371  0.373877  0.579819  0.710523  0.619182  0.697207  0.602506  0.720999  0.714767  0.714962  0.647039  0.673405  0.834866  0.597331  0.562126  0.627369  0.708218  0.881275  0.718069 
22  0.488213  0.793904  0.547690  0.668022  0.429943  0.521905  0.606023  0.671506  0.677708  0.453791  0.300896  0.216295  0.416985  0.606656  0.690373  0.692257  0.545907  0.534089  0.571437  0.530564  0.491261  0.636063 0.0  0.493927  0.679617  0.726269  0.723904  0.300813  0.575118  0.473211  0.638083  0.597743  0.688078  0.563264  0.579205  0.740116  0.868807  0.551227  0.599164  0.678435  0.579977  0.705372  0.733474  0.671289  0.438972  0.723514  0.745780  0.512820  0.505148  0.567735  0.665587  0.641802  0.574055  0.680725  0.604872  0.643599  0.557448  0.670142  0.504828  0.518026  0.541290  0.373915  0.605043  0.598548  0.509870  0.649329  0.692479  0.352203  0.514308  0.640775  0.603437  0.777256  0.717755 
23  0.497441  0.704541  0.495450  0.538586  0.661025  0.650585  0.670072  0.467806  0.728214  0.581332  0.564740  0.508404  0.633054  0.776565  0.784972  0.755096  0.711923  0.690588  0.713657  0.476532  0.603934  0.613030  0.493927 0.0  0.635874  0.535437  0.615329  0.498567  0.633480  0.574526  0.744264  0.716078  0.671677  0.617699  0.548452  0.692888  0.702347  0.497382  0.486574  0.591484  0.643910  0.524636  0.629615  0.685281  0.520464  0.590124  0.689049  0.674983  0.507852  0.553609  0.545005  0.656292  0.614951  0.750460  0.730742  0.655447  0.718143  0.680083  0.714489  0.594525  0.535120  0.600111  0.469587  0.619126  0.689861  0.651039  0.825405  0.643174  0.510985  0.695369  0.576009  0.803965  0.529640 
24  0.646219  0.721099  0.701193  0.664323  0.604599  0.710511  0.703241  0.548748  0.853481  0.669264  0.752837  0.680252  0.738244  0.815676  0.638486  0.734009  0.726701  0.665099  0.716191  0.710694  0.642042  0.700033  0.679617  0.635874 0.0  0.535235  0.415683  0.665662  0.581265  0.740108  0.500690  0.713483  0.562511  0.727009  0.590107  0.648373  0.606150  0.701148  0.622655  0.592204  0.701012  0.568787  0.731268  0.615975  0.660016  0.402215  0.713314  0.740161  0.610628  0.639893  0.532975  0.721574  0.646456  0.766919  0.750165  0.609274  0.711286  0.813869  0.662249  0.700324  0.573613  0.618185  0.598341  0.833768  0.637902  0.632924  0.649840  0.667320  0.732491  0.468806  0.563370  0.827634  0.569742 
25  0.555626  0.751504  0.566950  0.457997  0.639239  0.748806  0.640194  0.676913  0.804946  0.525935  0.654294  0.560042  0.718067  0.737835  0.618085  0.663542  0.740271  0.641723  0.702924  0.643231  0.573790  0.571904  0.726269  0.535437  0.535235 0.0  0.472797  0.594822  0.738672  0.760908  0.620246  0.790439  0.523533  0.610304  0.537915  0.712696  0.617676  0.624618  0.637560  0.517051  0.672623  0.645973  0.755861  0.611836  0.648883  0.512628  0.720819  0.743242  0.685516  0.600212  0.629102  0.724903  0.670236  0.885546  0.790350  0.632357  0.714212  0.669593  0.646058  0.687804  0.604936  0.644079  0.570910  0.768473  0.748577  0.579214  0.628457  0.713197  0.599016  0.601040  0.577599  0.855979  0.498174 
26  0.647797  0.740679  0.704490  0.609907  0.734499  0.867374  0.706979  0.530913  0.749396  0.699277  0.602579  0.822518  0.706033  0.732680  0.601212  0.684350  0.857909  0.751529  0.807160  0.735641  0.627324  0.736514  0.723904  0.615329  0.415683  0.472797 0.0  0.643976  0.517341  0.632215  0.595815  0.642646  0.683995  0.720275  0.498446  0.761287  0.596308  0.685797  0.607690  0.668469  0.598865  0.628012  0.712800  0.523079  0.769331  0.267367  0.827304  0.674571  0.660079  0.624765  0.653696  0.768180  0.629905  0.761676  0.731010  0.707725  0.738456  0.612162  0.642237  0.680494  0.740092  0.664866  0.510774  0.784072  0.749112  0.654374  0.652277  0.667101  0.656816  0.470487  0.598010  0.729367  0.512768 
27  0.438693  0.787281  0.547776  0.679366  0.316702  0.576631  0.446956  0.695752  0.761588  0.548989  0.092688  0.178326  0.442951  0.574399  0.771333  0.708493  0.562686  0.575698  0.610236  0.357712  0.468889  0.583680  0.300813  0.498567  0.665662  0.594822  0.643976 0.0  0.570943  0.392710  0.799933  0.631906  0.683428  0.549911  0.704879  0.778225  0.729547  0.479397  0.681469  0.607471  0.763934  0.690818  0.607177  0.626588  0.580151  0.671363  0.608288  0.475361  0.583876  0.473681  0.729862  0.637656  0.567938  0.683453  0.656174  0.760292  0.728511  0.620845  0.534555  0.408651  0.482209  0.166155  0.546876  0.599453  0.662115  0.737140  0.624710  0.481585  0.429951  0.769665  0.647316  0.822688  0.694282 
28  0.714923  0.718470  0.663720  0.669027  0.669099  0.759480  0.638136  0.326832  0.781913  0.598137  0.707843  0.705394  0.561608  0.665620  0.618362  0.639688  0.755097  0.603786  0.760846  0.597077  0.642489  0.642320  0.575118  0.633480  0.581265  0.738672  0.517341  0.570943 0.0  0.670770  0.550190  0.738717  0.635000  0.644224  0.251808  0.830418  0.691975  0.708255  0.607987  0.412730  0.617235  0.614750  0.748284  0.580147  0.697296  0.582216  0.764670  0.743242  0.645330  0.553403  0.582985  0.766214  0.701963  0.743645  0.757383  0.616093  0.844169  0.662984  0.689812  0.673194  0.707518  0.678253  0.442501  0.671872  0.756326  0.437267  0.692729  0.642697  0.597316  0.599960  0.486043  0.859375  0.571088 
29  0.546356  0.724973  0.399682  0.607201  0.436029  0.607507  0.440022  0.651573  0.669997  0.038814  0.509950  0.477929  0.564694  0.522510  0.745151  0.793903  0.629887  0.372271  0.650557  0.484886  0.348722  0.652686  0.473211  0.574526  0.740108  0.760908  0.632215  0.392710  0.670770 0.0  0.653257  0.607682  0.730616  0.395813  0.500447  0.735550  0.765567  0.262056  0.489462  0.678279  0.681430  0.733873  0.632777  0.706268  0.479556  0.733100  0.616587  0.673527  0.490644  0.467892  0.748712  0.603367  0.348858  0.773647  0.681292  0.635558  0.682625  0.651697  0.545881  0.124161  0.364252  0.444331  0.672606  0.755642  0.616508  0.719460  0.768987  0.565505  0.271402  0.712735  0.523472  0.816336  0.507705 
30  0.665002  0.705758  0.829676  0.666012  0.774505  0.736408  0.576768  0.691743  0.718303  0.745322  0.786437  0.768875  0.737532  0.806076  0.635111  0.694078  0.675098  0.689544  0.758361  0.618153  0.618317  0.784157  0.638083  0.744264  0.500690  0.620246  0.595815  0.799933  0.550190  0.653257 0.0  0.723558  0.713769  0.701636  0.584062  0.643831  0.641273  0.672034  0.577567  0.671072  0.639424  0.697462  0.803689  0.526651  0.629619  0.555441  0.800751  0.716924  0.634126  0.676868  0.635051  0.749434  0.607299  0.835299  0.736442  0.698347  0.680629  0.740571  0.791633  0.564667  0.669881  0.778405  0.620019  0.654063  0.792838  0.726214  0.686684  0.703489  0.611214  0.237776  0.488493  0.892380  0.663342 
31  0.572588  0.524543  0.620245  0.718551  0.614378  0.561632  0.491470  0.798068  0.732635  0.687593  0.625157  0.548458  0.714102  0.394463  0.802072  0.818022  0.344918  0.714219  0.364207  0.642996  0.639735  0.633711  0.597743  0.716078  0.713483  0.790439  0.642646  0.631906  0.738717  0.607682  0.723558 0.0  0.617590  0.708360  0.671198  0.747273  0.781260  0.717789  0.734478  0.684436  0.812034  0.692566  0.472333  0.730989  0.771096  0.768677  0.190037  0.558531  0.608996  0.655862  0.765503  0.728359  0.599834  0.614954  0.463594  0.652878  0.522286  0.507868  0.652595  0.610519  0.707489  0.568780  0.767653  0.206742  0.124623  0.767069  0.809349  0.515166  0.666549  0.764643  0.742310  0.779615  0.691574 
32  0.609162  0.719040  0.545578  0.418024  0.576325  0.650882  0.705393  0.632819  0.684071  0.593330  0.553862  0.596429  0.647210  0.652134  0.710735  0.736144  0.668854  0.671148  0.811700  0.544481  0.544694  0.525210  0.688078  0.671677  0.562511  0.523533  0.683995  0.683428  0.635000  0.730616  0.713769  0.617590 0.0  0.586312  0.589709  0.761129  0.760321  0.632374  0.604367  0.641317  0.617648  0.732848  0.644236  0.740514  0.581541  0.652597  0.556277  0.675724  0.630308  0.645209  0.629846  0.589473  0.442145  0.698024  0.657870  0.639969  0.632139  0.675736  0.648343  0.661312  0.612401  0.575884  0.597153  0.655133  0.552554  0.693152  0.748509  0.747983  0.575028  0.625221  0.727179  0.803709  0.558632 
33  0.201663  0.690108  0.361703  0.520296  0.534396  0.664036  0.394131  0.717493  0.719912  0.486777  0.523597  0.488328  0.478816  0.706044  0.714462  0.789639  0.578534  0.498986  0.703098  0.478885  0.379456  0.535891  0.563264  0.617699  0.727009  0.610304  0.720275  0.549911  0.644224  0.395813  0.701636  0.708360  0.586312 0.0  0.623941  0.837212  0.747438  0.282537  0.569217  0.639245  0.677268  0.638875  0.733376  0.581019  0.315936  0.643710  0.536757  0.624179  0.444085  0.348447  0.576221  0.610370  0.467231  0.788604  0.648038  0.585723  0.510562  0.619852  0.414737  0.508117  0.398811  0.454853  0.507533  0.700975  0.670811  0.716694  0.803371  0.534958  0.452190  0.738285  0.636044  0.841391  0.488945 
34  0.576438  0.757266  0.570722  0.667294  0.607758  0.640388  0.730313  0.454451  0.763716  0.598296  0.699162  0.639319  0.627262  0.750127  0.693936  0.655569  0.744108  0.609568  0.770854  0.719763  0.657550  0.756452  0.579205  0.548452  0.590107  0.537915  0.498446  0.704879  0.251808  0.500447  0.584062  0.671198  0.589709  0.623941 0.0  0.749804  0.631807  0.722046  0.529313  0.584397  0.593240  0.544761  0.656317  0.493105  0.515476  0.599573  0.753975  0.701212  0.667560  0.519592  0.590592  0.660112  0.677938  0.733858  0.677032  0.737033  0.709267  0.671991  0.597809  0.679816  0.669680  0.636217  0.552266  0.721498  0.759319  0.415445  0.657942  0.751956  0.508114  0.683412  0.415981  0.870422  0.699126 
35  0.745472  0.812358  0.754912  0.751939  0.775993  0.711090  0.700744  0.625922  0.906071  0.717876  0.789770  0.768756  0.826398  0.798552  0.553737  0.411525  0.822333  0.701035  0.774546  0.760627  0.673208  0.760991  0.740116  0.692888  0.648373  0.712696  0.761287  0.778225  0.830418  0.735550  0.643831  0.747273  0.761129  0.837212  0.749804 0.0  0.492220  0.628388  0.799812  0.656682  0.625667  0.595047  0.757538  0.596139  0.723396  0.685236  0.769628  0.831486  0.807343  0.781147  0.656204  0.760877  0.691931  0.746375  0.733562  0.823390  0.811084  0.760495  0.816369  0.746388  0.769371  0.659361  0.713058  0.728145  0.782080  0.659579  0.695352  0.887351  0.821570  0.654492  0.793050  0.872805  0.779103 
36  0.671796  0.786900  0.719928  0.769417  0.814187  0.717673  0.775912  0.670837  0.723591  0.692586  0.606844  0.814942  0.719617  0.751647  0.619303  0.512142  0.779857  0.610906  0.713596  0.720489  0.747436  0.784124  0.868807  0.702347  0.606150  0.617676  0.596308  0.729547  0.691975  0.765567  0.641273  0.781260  0.760321  0.747438  0.631807  0.492220 0.0  0.696389  0.646399  0.648457  0.533632  0.531777  0.736288  0.674868  0.735007  0.705524  0.717697  0.807889  0.729671  0.582148  0.604570  0.762191  0.817783  0.827706  0.685630  0.830532  0.752863  0.795760  0.676556  0.802620  0.709751  0.720958  0.725847  0.853189  0.758221  0.547486  0.519940  0.607202  0.735074  0.668163  0.713358  1.000000  0.727602 
37  0.459124  0.713626  0.403132  0.605353  0.476817  0.592472  0.393394  0.597357  0.817892  0.229268  0.386932  0.516475  0.544683  0.706675  0.751787  0.798989  0.664698  0.243831  0.665776  0.390592  0.282867  0.696478  0.551227  0.497382  0.701148  0.624618  0.685797  0.479397  0.708255  0.262056  0.672034  0.717789  0.632374  0.282537  0.722046  0.628388  0.696389 0.0  0.498617  0.691912  0.765666  0.672356  0.617306  0.608404  0.510139  0.575811  0.614765  0.611437  0.407647  0.447487  0.624988  0.690120  0.495920  0.777354  0.657863  0.663143  0.579114  0.718380  0.424471  0.201837  0.421343  0.451090  0.681262  0.693154  0.645449  0.793117  0.751803  0.546700  0.287587  0.613407  0.674092  0.860996  0.639393 
38  0.349528  0.707152  0.379477  0.679817  0.535379  0.683293  0.497997  0.581236  0.676928  0.408575  0.577155  0.556508  0.555246  0.853794  0.777614  0.763427  0.682389  0.501860  0.617162  0.523176  0.484369  0.752355  0.599164  0.486574  0.622655  0.637560  0.607690  0.681469  0.607987  0.489462  0.577567  0.734478  0.604367  0.569217  0.529313  0.799812  0.646399  0.498617 0.0  0.675835  0.616820  0.641033  0.694292  0.667303  0.543012  0.725074  0.649879  0.665708  0.556255  0.390388  0.643291  0.710461  0.635686  0.763264  0.652783  0.678018  0.629228  0.809353  0.606409  0.452881  0.494502  0.536822  0.480920  0.626769  0.669245  0.608069  0.773501  0.685070  0.486640  0.660006  0.507962  0.826737  0.553443 
39  0.707030  0.666264  0.614474  0.614887  0.653632  0.684751  0.729185  0.491220  0.771923  0.700842  0.645476  0.729902  0.716968  0.655805  0.675967  0.574415  0.780030  0.673832  0.728679  0.729103  0.718091  0.731089  0.678435  0.591484  0.592204  0.517051  0.668469  0.607471  0.412730  0.678279  0.671072  0.684436  0.641317  0.639245  0.584397  0.656682  0.648457  0.691912  0.675835 0.0  0.634626  0.618289  0.689693  0.647367  0.606355  0.759491  0.760656  0.657642  0.662016  0.655249  0.609576  0.734261  0.762012  0.743092  0.846017  0.780473  0.732982  0.758528  0.716303  0.691174  0.744636  0.637124  0.554096  0.808050  0.584049  0.429315  0.648684  0.664817  0.640201  0.734874  0.467994  0.800092  0.688750 
40  0.803742  0.749687  0.698517  0.711891  0.747354  0.760063  0.705734  0.703740  0.960994  0.690234  0.804600  0.790295  0.792412  0.783258  0.554523  0.521106  0.869843  0.697517  0.783168  0.680999  0.713586  0.695019  0.579977  0.643910  0.701012  0.672623  0.598865  0.763934  0.617235  0.681430  0.639424  0.812034  0.617648  0.677268  0.593240  0.625667  0.533632  0.765666  0.616820  0.634626 0.0  0.589778  0.711430  0.683543  0.779502  0.581419  0.805084  0.797650  0.779096  0.726644  0.604482  0.718405  0.744851  0.695322  0.742648  0.639127  0.754430  0.687807  0.835757  0.780074  0.629826  0.777225  0.679510  0.676179  0.822187  0.644235  0.487173  0.770908  0.760317  0.516846  0.671461  0.958851  0.714850 
41  0.680398  0.746079  0.673843  0.672423  0.723039  0.703701  0.635648  0.581066  0.820818  0.644465  0.725960  0.636918  0.689197  0.715359  0.639056  0.633391  0.836658  0.684302  0.782193  0.673418  0.694472  0.732998  0.705372  0.524636  0.568787  0.645973  0.628012  0.690818  0.614750  0.733873  0.697462  0.692566  0.732848  0.638875  0.544761  0.595047  0.531777  0.672356  0.641033  0.618289  0.589778 0.0  0.746164  0.491232  0.646247  0.710634  0.705545  0.716918  0.648610  0.718337  0.610755  0.709685  0.783979  0.700011  0.734865  0.717101  0.796602  0.742726  0.781574  0.566675  0.706764  0.714605  0.529448  0.691539  0.827313  0.500844  0.633314  0.718134  0.647554  0.536867  0.596583  0.845294  0.595858 
42  0.781586  0.474731  0.760633  0.618581  0.651995  0.635403  0.586864  0.746129  0.687213  0.669240  0.578327  0.538694  0.633399  0.207472  0.767192  0.809013  0.449981  0.755077  0.445236  0.658198  0.718331  0.715672  0.733474  0.629615  0.731268  0.755861  0.712800  0.607177  0.748284  0.632777  0.803689  0.472333  0.644236  0.733376  0.656317  0.757538  0.736288  0.617306  0.694292  0.689693  0.711430  0.746164 0.0  0.652344  0.597622  0.866507  0.502974  0.685471  0.679758  0.607807  0.830142  0.637940  0.660170  0.636589  0.330344  0.708374  0.583427  0.459984  0.535127  0.676739  0.671224  0.619636  0.650460  0.555039  0.501802  0.821887  0.737793  0.556678  0.670500  0.762763  0.669688  0.806166  0.755372 
43  0.699699  0.812051  0.709402  0.591806  0.698411  0.812762  0.678866  0.612850  0.817387  0.702397  0.824873  0.579237  0.767729  0.740319  0.546445  0.666663  0.765467  0.709818  0.784697  0.568828  0.657167  0.736423  0.671289  0.685281  0.615975  0.611836  0.523079  0.626588  0.580147  0.706268  0.526651  0.730989  0.740514  0.581019  0.493105  0.596139  0.674868  0.608404  0.667303  0.647367  0.683543  0.491232  0.652344 0.0  0.736980  0.470689  0.761066  0.809208  0.774865  0.730530  0.299541  0.827605  0.764251  0.802048  0.605394  0.656238  0.800369  0.751911  0.617548  0.636128  0.708361  0.608393  0.595992  0.763223  0.745526  0.581607  0.580248  0.698496  0.734771  0.635787  0.567251  0.862297  0.542915 
44  0.420533  0.639540  0.546049  0.657260  0.443355  0.495166  0.371169  0.626558  0.665698  0.410874  0.577630  0.448768  0.409408  0.676633  0.637481  0.793860  0.626665  0.452324  0.689691  0.494158  0.542482  0.500780  0.438972  0.520464  0.660016  0.648883  0.769331  0.580151  0.697296  0.479556  0.629619  0.771096  0.581541  0.315936  0.515476  0.723396  0.735007  0.510139  0.543012  0.606355  0.779502  0.646247  0.597622  0.736980 0.0  0.628317  0.642596  0.588514  0.332038  0.493435  0.742900  0.586343  0.329709  0.652467  0.746430  0.595129  0.620536  0.696237  0.556879  0.517336  0.595501  0.507750  0.629837  0.631751  0.600961  0.630210  0.691559  0.569160  0.487967  0.744061  0.708051  0.788725  0.689693 
45  0.670634  0.761069  0.586392  0.608432  0.758033  0.819682  0.763308  0.657969  0.855268  0.783888  0.682115  0.771542  0.628994  0.810642  0.671408  0.589772  0.854998  0.691828  0.750823  0.646095  0.693763  0.785863  0.723514  0.590124  0.402215  0.512628  0.267367  0.671363  0.582216  0.733100  0.555441  0.768677  0.652597  0.643710  0.599573  0.685236  0.705524  0.575811  0.725074  0.759491  0.581419  0.710634  0.866507  0.470689  0.628317 0.0  0.761458  0.681762  0.636271  0.696372  0.598544  0.643355  0.723872  0.799052  0.709007  0.666355  0.649436  0.790700  0.690792  0.556755  0.743999  0.706697  0.656313  0.634025  0.731501  0.640045  0.725078  0.817892  0.746221  0.563893  0.752371  0.770008  0.521118 
46  0.609108  0.580419  0.653106  0.666434  0.681698  0.556850  0.580663  0.707002  0.637759  0.671868  0.662435  0.749014  0.759294  0.367743  0.750772  0.783010  0.368755  0.687302  0.403825  0.655888  0.725548  0.731220  0.745780  0.689049  0.713314  0.720819  0.827304  0.608288  0.764670  0.616587  0.800751  0.190037  0.556277  0.536757  0.753975  0.769628  0.717697  0.614765  0.649879  0.760656  0.805084  0.705545  0.502974  0.761066  0.642596  0.761458 0.0  0.658313  0.636648  0.599591  0.739438  0.723218  0.636610  0.701368  0.345932  0.637954  0.525348  0.432823  0.588606  0.615196  0.582376  0.501509  0.679343  0.219174  0.161584  0.737729  0.778462  0.712732  0.742278  0.669366  0.754933  0.822012  0.768306 
47  0.596178  0.639362  0.619002  0.631731  0.555942  0.227159  0.596432  0.824509  0.731266  0.595364  0.522538  0.467309  0.519202  0.633705  0.750376  0.761043  0.591250  0.579841  0.475448  0.535674  0.498047  0.550228  0.512820  0.674983  0.740161  0.743242  0.674571  0.475361  0.743242  0.673527  0.716924  0.558531  0.675724  0.624179  0.701212  0.831486  0.807889  0.611437  0.665708  0.657642  0.797650  0.716918  0.685471  0.809208  0.588514  0.681762  0.658313 0.0  0.549610  0.533724  0.698334  0.616726  0.557205  0.661405  0.547031  0.530072  0.386541  0.539857  0.474871  0.702178  0.604039  0.586675  0.716350  0.517000  0.505152  0.716799  0.768611  0.530344  0.532586  0.852867  0.757906  0.855047  0.714974 
48  0.278827  0.721699  0.484701  0.588665  0.478042  0.688076  0.321961  0.609932  0.774223  0.417304  0.510821  0.604195  0.359755  0.646385  0.787885  0.785436  0.838965  0.484718  0.515064  0.429521  0.400177  0.660082  0.505148  0.507852  0.610628  0.685516  0.660079  0.583876  0.645330  0.490644  0.634126  0.608996  0.630308  0.444085  0.667560  0.807343  0.729671  0.407647  0.556255  0.662016  0.779096  0.648610  0.679758  0.774865  0.332038  0.636271  0.636648  0.549610 0.0  0.306634  0.710996  0.457739  0.209192  0.678938  0.616457  0.650294  0.623452  0.592317  0.618166  0.486046  0.472407  0.524561  0.707871  0.771930  0.564269  0.719651  0.897743  0.598248  0.420685  0.741384  0.636306  0.752891  0.534144 
49  0.330026  0.782901  0.528782  0.500050  0.254999  0.565657  0.414170  0.628622  0.708641  0.462071  0.404635  0.481002  0.474728  0.746147  0.822485  0.744611  0.665013  0.385146  0.609662  0.324189  0.418541  0.528751  0.567735  0.553609  0.639893  0.600212  0.624765  0.473681  0.553403  0.467892  0.676868  0.655862  0.645209  0.348447  0.519592  0.781147  0.582148  0.447487  0.390388  0.655249  0.726644  0.718337  0.607807  0.730530  0.493435  0.696372  0.599591  0.533724  0.306634 0.0  0.614228  0.692488  0.401440  0.660087  0.559333  0.578080  0.575241  0.712809  0.427212  0.379402  0.333144  0.306030  0.667033  0.605597  0.594428  0.634249  0.719218  0.528410  0.529496  0.779111  0.717313  0.789941  0.497697 
50  0.803048  0.805583  0.670826  0.600962  0.740748  0.694214  0.720254  0.594071  0.855619  0.741218  0.621032  0.777042  0.759369  0.750416  0.619016  0.670982  0.845751  0.742912  0.693959  0.699362  0.731929  0.778045  0.665587  0.545005  0.532975  0.629102  0.653696  0.729862  0.582985  0.748712  0.635051  0.765503  0.629846  0.576221  0.590592  0.656204  0.604570  0.624988  0.643291  0.609576  0.604482  0.610755  0.830142  0.299541  0.742900  0.598544  0.739438  0.698334  0.710996  0.614228 0.0  0.700896  0.623069  0.799776  0.843277  0.813919  0.681083  0.806906  0.695405  0.744960  0.642070  0.808064  0.634368  0.781930  0.821739  0.571518  0.715825  0.833085  0.715582  0.535554  0.657722  0.868059  0.721185 
51  0.697172  0.701454  0.677252  0.573914  0.638084  0.696688  0.541058  0.637248  0.611274  0.782310  0.533983  0.701810  0.714333  0.686087  0.801516  0.796288  0.643803  0.790090  0.622408  0.558779  0.611921  0.435855  0.641802  0.656292  0.721574  0.724903  0.768180  0.637656  0.766214  0.603367  0.749434  0.728359  0.589473  0.610370  0.660112  0.760877  0.762191  0.690120  0.710461  0.734261  0.718405  0.709685  0.637940  0.827605  0.586343  0.643355  0.723218  0.616726  0.457739  0.692488  0.700896 0.0  0.607592  0.712700  0.687376  0.467012  0.601083  0.719701  0.507352  0.614597  0.637962  0.682399  0.733615  0.672025  0.548683  0.631333  0.732948  0.658174  0.677383  0.892079  0.646458  0.918101  0.690835 
52  0.471243  0.710735  0.475958  0.539299  0.436215  0.620421  0.278113  0.644676  0.742783  0.426166  0.453361  0.521449  0.472039  0.699892  0.641932  0.787122  0.711137  0.532731  0.616690  0.371768  0.426305  0.683494  0.574055  0.614951  0.646456  0.670236  0.629905  0.567938  0.701963  0.348858  0.607299  0.599834  0.442145  0.467231  0.677938  0.691931  0.817783  0.495920  0.635686  0.762012  0.744851  0.783979  0.660170  0.764251  0.329709  0.723872  0.636610  0.557205  0.209192  0.401440  0.623069  0.607592 0.0  0.737998  0.678169  0.522348  0.632733  0.783805  0.443773  0.472379  0.424865  0.497008  0.675376  0.790257  0.574290  0.665246  0.729367  0.543534  0.488346  0.670674  0.673616  0.814348  0.615137 
53  0.766196  0.629284  0.779960  0.730325  0.652438  0.677895  0.700867  0.817362  0.578643  0.738187  0.725543  0.723452  0.659603  0.637864  0.780073  0.903276  0.635208  0.755663  0.714244  0.719411  0.754045  0.811065  0.680725  0.750460  0.766919  0.885546  0.761676  0.683453  0.743645  0.773647  0.835299  0.614954  0.698024  0.788604  0.733858  0.746375  0.827706  0.777354  0.763264  0.743092  0.695322  0.700011  0.636589  0.802048  0.652467  0.799052  0.701368  0.661405  0.678938  0.660087  0.799776  0.712700  0.737998 0.0  0.674186  0.725009  0.701294  0.607641  0.771226  0.778137  0.676442  0.709828  0.794768  0.687162  0.593656  0.710988  0.812647  0.616688  0.644783  0.820978  0.717836  0.711292  0.787598 
