73
0 0.0  0.446739  0.830429  0.634512  0.747451  0.504380  0.376118  0.753188  0.660920  0.583119  0.660338  0.559276  0.489254  0.533964  0.708279  0.739663  0.619072  0.507921  0.537645  0.577081  0.540238  0.454555  0.262339  0.531996  0.632905  0.660696  0.751108  0.540590  0.641785  0.691465  0.638034  0.558958  0.421197  0.474841  0.592936  0.561173  0.445161  0.750470  0.697665  0.623553  0.460907  0.635223  0.484583  0.313145  0.611865  0.404615  0.518633  0.635714  0.604182  0.719485  0.693557  0.606702  0.856506  0.646333  0.655976  0.673044  0.736506  0.718842  0.318693  0.740446  0.644609  0.431708  0.380242  0.553614  0.517213  0.345395  0.579005  0.469513  0.633837  0.466420  0.698684  0.685521  0.540754 
1  0.446739 0.0  0.802771  0.586136  0.786012  0.435354  0.320008  0.786953  0.687876  0.578434  0.634758  0.694177  0.333562  0.405767  0.747142  0.758699  0.667930  0.557937  0.653593  0.538763  0.752098  0.381297  0.261531  0.542051  0.406647  0.592868  0.680474  0.469390  0.565957  0.729226  0.755867  0.589777  0.582879  0.377136  0.613984  0.407234  0.516938  0.687019  0.593212  0.610391  0.407027  0.666166  0.360427  0.418262  0.603355  0.543695  0.552106  0.658804  0.697407  0.729509  0.603294  0.639577  0.708186  0.706900  0.679710  0.622321  0.767490  0.713555  0.497317  0.760538  0.665758  0.455878  0.356366  0.534981  0.279381  0.565570  0.549687  0.498270  0.729251  0.410237  0.672661  0.720270  0.438665 
2  0.830429  0.802771 0.0  0.856695  0.812267  0.873587  0.878060  0.780898  0.780197  0.809717  0.959803  0.853448  0.819608  0.804365  0.953071  0.989377  0.698135  0.795819  0.893038  0.751481  0.817479  0.865722  0.847012  0.830048  0.882487  0.794228  0.957416  0.866705  0.868073  0.885699  0.777852  0.810840  0.838860  0.819649  0.775471  0.945972  0.871830  0.859699  0.830424  0.925785  0.814284  0.726461  0.837033  0.747460  0.744272  0.685013  0.766947  0.692284  0.856186  0.889957  0.825754  0.816019  0.924572  0.678588  0.802187  0.817127  0.822128  0.798268  0.797746  0.759161  0.900143  0.887637  0.790948  0.836102  0.796000  0.893266  0.862165  0.809055  0.904664  0.804073  0.832121  0.823217  0.827048 
3  0.634512  0.586136  0.856695 0.0  0.590681  0.702935  0.647900  0.612441  0.573924  0.747682  0.562684  0.640257  0.670864  0.588192  0.455045  0.723527  0.656229  0.761203  0.645164  0.750456  0.797535  0.723789  0.738575  0.630873  0.680812  0.712581  0.648405  0.691148  0.588973  0.640402  0.740057  0.609687  0.698156  0.653944  0.863682  0.710580  0.698323  0.787364  0.575411  0.626374  0.687160  0.739954  0.610670  0.594366  0.756187  0.644150  0.861947  0.719122  0.722290  0.615981  0.636184  0.703492  0.604721  0.708980  0.720166  0.689956  0.817708  0.669503  0.686471  0.655901  0.202924  0.720984  0.719635  0.676126  0.690449  0.712558  0.660984  0.622882  0.680033  0.811112  0.774530  0.672330  0.718674 
4  0.747451  0.786012  0.812267  0.590681 0.0  0.703133  0.634414  0.630030  0.626532  0.737126  0.668168  0.532553  0.753426  0.727594  0.429608  0.655347  0.778401  0.661643  0.835876  0.725908  0.684480  0.744857  0.757496  0.649226  0.718633  0.617515  0.656334  0.632637  0.606767  0.738330  0.830204  0.622365  0.675642  0.824907  0.770025  0.673526  0.718946  0.665812  0.118419  0.690392  0.789952  0.784621  0.723877  0.799008  0.823038  0.740947  0.662465  0.794444  0.793121  0.652953  0.556593  0.776439  0.716514  0.800470  0.718013  0.669820  0.775028  0.785795  0.729656  0.829130  0.544089  0.777219  0.692961  0.709523  0.583860  0.683676  0.659962  0.634128  0.718994  0.662666  0.866158  0.638011  0.726825 
5  0.504380  0.435354  0.873587  0.702935  0.703133 0.0  0.465717  0.685303  0.646666  0.453344  0.646259  0.658497  0.285420  0.230126  0.713102  0.805925  0.550255  0.504413  0.517412  0.518213  0.657196  0.418420  0.516468  0.575595  0.270053  0.613991  0.771611  0.464465  0.661588  0.689529  0.721962  0.502025  0.515662  0.435645  0.741425  0.441067  0.491604  0.637809  0.659782  0.678365  0.464923  0.500686  0.479137  0.519133  0.693989  0.350663  0.493619  0.761108  0.755954  0.707782  0.757691  0.527752  0.790146  0.605586  0.679276  0.755806  0.862795  0.711518  0.548330  0.600782  0.625079  0.531435  0.416367  0.633735  0.468039  0.478589  0.611298  0.512603  0.647251  0.345544  0.699048  0.791980  0.553345 
6  0.376118  0.320008  0.878060  0.647900  0.634414  0.465717 0.0  0.801210  0.600314  0.531192  0.695832  0.620058  0.166495  0.455632  0.722531  0.772189  0.669745  0.437537  0.487705  0.531898  0.645155  0.456922  0.338652  0.547467  0.452298  0.561177  0.710557  0.568130  0.617093  0.841686  0.741089  0.466919  0.526453  0.000000  0.676879  0.353370  0.459302  0.620909  0.737696  0.650731  0.423518  0.706414  0.414813  0.436505  0.618231  0.301585  0.572781  0.702771  0.746276  0.678683  0.622813  0.622527  0.800151  0.626627  0.600559  0.749831  0.752183  0.681555  0.415618  0.652893  0.700976  0.356845  0.307138  0.663905  0.320049  0.468482  0.519576  0.481004  0.782775  0.453029  0.720617  0.826924  0.521125 
7  0.753188  0.786953  0.780898  0.612441  0.630030  0.685303  0.801210 0.0  0.730656  0.718920  0.694051  0.551836  0.701998  0.786698  0.596723  0.554990  0.819306  0.742671  0.772246  0.746248  0.688779  0.714437  0.782615  0.705846  0.800422  0.728376  0.604955  0.720773  0.448043  0.645072  0.862669  0.810062  0.658250  0.773594  0.805413  0.709306  0.790196  0.795234  0.626505  0.626246  0.712245  0.816227  0.714198  0.716969  0.761033  0.742313  0.753808  0.697301  0.722640  0.548784  0.553093  0.662513  0.634092  0.835309  0.735544  0.541919  0.835880  0.876519  0.725023  0.757355  0.713165  0.719738  0.723587  0.825637  0.830582  0.763775  0.649106  0.774612  0.656887  0.695230  0.811315  0.529571  0.786578 
8  0.660920  0.687876  0.780197  0.573924  0.626532  0.646666  0.600314  0.730656 0.0  0.802937  0.583123  0.453391  0.647826  0.690619  0.540873  0.765526  0.753895  0.804472  0.727811  0.803230  0.674127  0.682637  0.776667  0.609759  0.671124  0.492870  0.534873  0.740031  0.480324  0.719175  0.702474  0.653342  0.676563  0.799042  0.791470  0.672179  0.686005  0.679485  0.587337  0.515934  0.670492  0.798097  0.728830  0.598874  0.800956  0.711411  0.716163  0.803541  0.696615  0.656744  0.412885  0.719859  0.561402  0.732965  0.775607  0.584690  0.801415  0.896357  0.788590  0.848265  0.625026  0.756762  0.734233  0.716734  0.657725  0.680819  0.669132  0.783201  0.395881  0.740569  0.722576  0.571387  0.638576 
9  0.583119  0.578434  0.809717  0.747682  0.737126  0.453344  0.531192  0.718920  0.802937 0.0  0.769956  0.820941  0.464994  0.600812  0.750203  0.760644  0.672770  0.259439  0.449068  0.409548  0.643375  0.387241  0.557705  0.756544  0.555728  0.585096  0.689531  0.500472  0.725034  0.744064  0.487787  0.575412  0.584790  0.561760  0.547047  0.610874  0.492232  0.583273  0.709157  0.801882  0.513105  0.687872  0.444327  0.435924  0.561779  0.441847  0.583346  0.706384  0.655059  0.637476  0.799048  0.728554  0.840643  0.539098  0.595487  0.664397  0.718635  0.821871  0.473159  0.748199  0.728728  0.417064  0.603228  0.472903  0.541167  0.463142  0.598985  0.482219  0.765147  0.465932  0.631780  0.631907  0.567478 
10  0.660338  0.634758  0.959803  0.562684  0.668168  0.646259  0.695832  0.694051  0.583123  0.769956 0.0  0.533293  0.531060  0.643336  0.732216  0.720708  0.710163  0.656764  0.744222  0.607634  0.630767  0.659872  0.659393  0.636385  0.679718  0.650870  0.685202  0.670339  0.390480  0.588173  0.792088  0.526760  0.639090  0.691912  0.803084  0.755948  0.680106  0.720399  0.624670  0.535097  0.651140  0.758964  0.680716  0.591197  0.696200  0.637400  0.760774  0.683198  0.723096  0.686482  0.656041  0.717994  0.626378  0.645402  0.767953  0.578619  1.000000  0.750584  0.592755  0.825481  0.616102  0.539245  0.602715  0.764209  0.616952  0.629774  0.658591  0.753363  0.229660  0.647684  0.795498  0.730228  0.710786 
11  0.559276  0.694177  0.853448  0.640257  0.532553  0.658497  0.620058  0.551836  0.453391  0.820941  0.533293 0.0  0.691130  0.562048  0.684804  0.699931  0.606202  0.790010  0.739517  0.719669  0.770883  0.688740  0.649599  0.467206  0.674106  0.698853  0.621830  0.661617  0.572418  0.621102  0.762513  0.708416  0.580942  0.735586  0.775353  0.793374  0.708641  0.697709  0.637798  0.381352  0.606196  0.861359  0.687202  0.593411  0.726546  0.704403  0.687710  0.885914  0.756994  0.614601  0.459661  0.598036  0.693963  0.724377  0.749839  0.661570  0.839360  0.692468  0.650985  0.736564  0.557628  0.701331  0.625369  0.775770  0.662677  0.701358  0.525019  0.704002  0.314470  0.626555  0.769764  0.586934  0.678906 
12  0.489254  0.333562  0.819608  0.670864  0.753426  0.285420  0.166495  0.701998  0.647826  0.464994  0.531060  0.691130 0.0  0.419823  0.713784  0.813103  0.657795  0.538764  0.545607  0.524214  0.679532  0.332643  0.434802  0.601020  0.345856  0.529648  0.746319  0.412131  0.722839  0.751062  0.668670  0.558187  0.612798  0.243333  0.598795  0.471601  0.473990  0.558875  0.701472  0.707376  0.505457  0.534337  0.469917  0.468010  0.748085  0.333111  0.624852  0.692240  0.595302  0.651638  0.748789  0.718542  0.824231  0.684436  0.535106  0.718616  0.869066  0.803383  0.386012  0.673459  0.584226  0.443128  0.353780  0.588811  0.474371  0.482575  0.565558  0.463091  0.679322  0.513346  0.571354  0.718905  0.523671 
13  0.533964  0.405767  0.804365  0.588192  0.727594  0.230126  0.455632  0.786698  0.690619  0.600812  0.643336  0.562048  0.419823 0.0  0.732384  0.683226  0.696090  0.450316  0.560819  0.462121  0.629996  0.371645  0.535046  0.495620  0.276041  0.555769  0.770643  0.403889  0.640264  0.711240  0.664839  0.490849  0.585806  0.438350  0.724998  0.470453  0.657780  0.617561  0.630044  0.755835  0.665999  0.749406  0.596832  0.582379  0.597877  0.362381  0.553916  0.686730  0.740451  0.682861  0.626986  0.636694  0.718813  0.635063  0.643185  0.781920  0.868193  0.736375  0.558204  0.705050  0.636262  0.643623  0.545554  0.595129  0.412843  0.511757  0.583615  0.616267  0.637041  0.207438  0.613190  0.722422  0.497193 
14  0.708279  0.747142  0.953071  0.455045  0.429608  0.713102  0.722531  0.596723  0.540873  0.750203  0.732216  0.684804  0.713784  0.732384 0.0  0.669665  0.794631  0.876409  0.763805  0.715365  0.729107  0.592343  0.734908  0.709725  0.765563  0.718075  0.526511  0.762249  0.684233  0.608405  0.760752  0.692384  0.681622  0.752903  0.709698  0.750801  0.779597  0.847758  0.493741  0.688320  0.708904  0.803791  0.732450  0.642131  0.741514  0.681639  0.655672  0.890062  0.857925  0.553095  0.599495  0.667840  0.677567  0.765763  0.781950  0.708122  0.792704  0.837403  0.825559  0.806943  0.516790  0.801845  0.685023  0.730092  0.838748  0.769415  0.512792  0.686729  0.621340  0.641522  0.777467  0.632008  0.759363 
15  0.739663  0.758699  0.989377  0.723527  0.655347  0.805925  0.772189  0.554990  0.765526  0.760644  0.720708  0.699931  0.813103  0.683226  0.669665 0.0  0.894155  0.796786  0.677199  0.790678  0.870036  0.749816  0.773720  0.699451  0.769366  0.645965  0.646050  0.746037  0.814706  0.524741  0.898831  0.769517  0.709562  0.757064  0.820036  0.720301  0.748102  0.713033  0.555523  0.628308  0.769778  0.878290  0.664954  0.718895  0.817966  0.749169  0.789920  0.797459  0.837249  0.663032  0.741984  0.759302  0.712318  0.720612  0.856427  0.572115  0.928953  0.723326  0.702225  0.867671  0.676540  0.814882  0.721156  0.793094  0.766815  0.745860  0.801310  0.771379  0.723755  0.788100  0.792683  0.643371  0.747579 
16  0.619072  0.667930  0.698135  0.656229  0.778401  0.550255  0.669745  0.819306  0.753895  0.672770  0.710163  0.606202  0.657795  0.696090  0.794631  0.894155 0.0  0.524359  0.542564  0.637003  0.446603  0.609922  0.641484  0.782539  0.626424  0.703733  0.796620  0.775040  0.746610  0.789307  0.572627  0.768893  0.667905  0.680990  0.332084  0.706240  0.609191  0.299036  0.780872  0.821388  0.630992  0.227776  0.659403  0.655635  0.446575  0.535207  0.527283  0.677018  0.425915  0.747161  0.720253  0.592311  0.858318  0.454561  0.473649  0.749594  0.812765  0.612293  0.636212  0.624881  0.727068  0.581598  0.745998  0.191367  0.652216  0.611357  0.789117  0.664031  0.757333  0.646139  0.407395  0.813509  0.541082 
17  0.507921  0.557937  0.795819  0.761203  0.661643  0.504413  0.437537  0.742671  0.804472  0.259439  0.656764  0.790010  0.538764  0.450316  0.876409  0.796786  0.524359 0.0  0.540137  0.448729  0.588108  0.550613  0.540794  0.666676  0.536283  0.623606  0.776785  0.526629  0.661905  0.872067  0.669807  0.590716  0.646564  0.481540  0.641197  0.581205  0.525437  0.587203  0.625957  0.734300  0.540516  0.612836  0.469007  0.407338  0.622800  0.583123  0.480649  0.743009  0.705940  0.749991  0.879329  0.652011  0.842521  0.532257  0.633400  0.732631  0.710426  0.734306  0.577033  0.624590  0.744478  0.691000  0.541967  0.596519  0.562839  0.529964  0.555533  0.583402  0.671419  0.538422  0.544981  0.696160  0.504117 
18  0.537645  0.653593  0.893038  0.645164  0.835876  0.517412  0.487705  0.772246  0.727811  0.449068  0.744222  0.739517  0.545607  0.560819  0.763805  0.677199  0.542564  0.540137 0.0  0.670953  0.568323  0.581594  0.628402  0.707354  0.587832  0.637783  0.816576  0.409471  0.634527  0.664504  0.530018  0.585430  0.751255  0.504934  0.563153  0.524798  0.571627  0.599543  0.797227  0.784600  0.667572  0.606574  0.595456  0.608487  0.568307  0.569802  0.323060  0.507607  0.644396  0.767227  0.733260  0.603488  0.661859  0.618280  0.536390  0.699918  0.727236  0.695552  0.479110  0.661844  0.706166  0.593940  0.739483  0.670302  0.578948  0.429460  0.610273  0.645023  0.722712  0.715791  0.567185  0.790160  0.556622 
19  0.577081  0.538763  0.751481  0.750456  0.725908  0.518213  0.531898  0.746248  0.803230  0.409548  0.607634  0.719669  0.524214  0.462121  0.715365  0.790678  0.637003  0.448729  0.670953 0.0  0.552903  0.440774  0.490392  0.591560  0.423359  0.582586  0.709925  0.366969  0.728826  0.749239  0.653654  0.530497  0.717235  0.450166  0.636481  0.503688  0.543980  0.624805  0.765020  0.752630  0.624030  0.697024  0.523002  0.425975  0.595999  0.488730  0.604752  0.760265  0.561577  0.747755  0.769492  0.551237  0.833332  0.624563  0.594803  0.779171  0.774937  0.727352  0.445444  0.567857  0.657942  0.521969  0.594019  0.566627  0.481719  0.374578  0.598842  0.533895  0.715140  0.381469  0.543315  0.714234  0.504072 
20  0.540238  0.752098  0.817479  0.797535  0.684480  0.657196  0.645155  0.688779  0.674127  0.643375  0.630767  0.770883  0.679532  0.629996  0.729107  0.870036  0.446603  0.588108  0.568323  0.552903 0.0  0.716153  0.734108  0.669957  0.622160  0.675918  0.710958  0.576339  0.724546  0.698409  0.485218  0.570182  0.761894  0.658821  0.493149  0.697454  0.661704  0.319768  0.828815  0.838536  0.670827  0.500242  0.747294  0.618540  0.444349  0.594664  0.593247  0.673766  0.292927  0.769157  0.748338  0.615712  0.847532  0.287493  0.482713  0.712134  0.805876  0.609322  0.635305  0.611820  0.700190  0.762130  0.646560  0.413659  0.694724  0.612373  0.792919  0.655363  0.751253  0.587721  0.443296  0.725887  0.582819 
21  0.454555  0.381297  0.865722  0.723789  0.744857  0.418420  0.456922  0.714437  0.682637  0.387241  0.659872  0.688740  0.332643  0.371645  0.592343  0.749816  0.609922  0.550613  0.581594  0.440774  0.716153 0.0  0.450615  0.645647  0.365309  0.576433  0.666460  0.420547  0.594756  0.765943  0.697307  0.485601  0.526680  0.339249  0.584059  0.206532  0.429526  0.843656  0.720159  0.721331  0.462882  0.636141  0.467683  0.585257  0.697103  0.584705  0.607918  0.718276  0.659580  0.710578  0.664655  0.619317  0.645317  0.622469  0.574840  0.744562  0.808194  0.641072  0.587118  0.741310  0.638526  0.495614  0.284575  0.691701  0.515003  0.554165  0.449533  0.564820  0.570955  0.515139  0.741574  0.642293  0.487204 
22  0.262339  0.261531  0.847012  0.738575  0.757496  0.516468  0.338652  0.782615  0.776667  0.557705  0.659393  0.649599  0.434802  0.535046  0.734908  0.773720  0.641484  0.540794  0.628402  0.490392  0.734108  0.450615 0.0  0.531138  0.428586  0.651015  0.747050  0.522723  0.560928  0.703063  0.686722  0.539390  0.488838  0.355779  0.757089  0.446836  0.515573  0.670973  0.752097  0.543515  0.398827  0.698584  0.397747  0.391612  0.563149  0.481538  0.662446  0.716215  0.659721  0.794740  0.672605  0.634657  0.632810  0.739855  0.681872  0.689100  0.793032  0.760731  0.445916  0.658293  0.664621  0.286553  0.438718  0.717940  0.401602  0.526310  0.585108  0.438286  0.632723  0.431018  0.702358  0.628983  0.599561 
23  0.531996  0.542051  0.830048  0.630873  0.649226  0.575595  0.547467  0.705846  0.609759  0.756544  0.636385  0.467206  0.601020  0.495620  0.709725  0.699451  0.782539  0.666676  0.707354  0.591560  0.669957  0.645647  0.531138 0.0  0.650551  0.599446  0.646397  0.686434  0.170904  0.719581  0.825736  0.617870  0.591326  0.641817  0.731707  0.677543  0.703698  0.717757  0.570068  0.522240  0.659297  0.723101  0.599800  0.653241  0.706571  0.629345  0.742439  0.822721  0.697563  0.674020  0.486781  0.633544  0.637252  0.722542  0.620442  0.698849  0.873176  0.779363  0.760035  0.747410  0.635912  0.711445  0.688820  0.631777  0.604953  0.699361  0.512541  0.569830  0.572902  0.583567  0.654895  0.668831  0.566804 
24  0.632905  0.406647  0.882487  0.680812  0.718633  0.270053  0.452298  0.800422  0.671124  0.555728  0.679718  0.674106  0.345856  0.276041  0.765563  0.769366  0.626424  0.536283  0.587832  0.423359  0.622160  0.365309  0.428586  0.650551 0.0  0.497361  0.608527  0.497602  0.662648  0.749808  0.739497  0.536461  0.593928  0.346973  0.622962  0.384180  0.547148  0.694437  0.682887  0.654702  0.400785  0.713948  0.524775  0.481880  0.696708  0.413609  0.662325  0.650701  0.654348  0.665954  0.674516  0.554617  0.729020  0.633972  0.626958  0.688233  0.819404  0.844039  0.548581  0.751376  0.729045  0.493749  0.504454  0.734805  0.538563  0.594251  0.631731  0.579548  0.658739  0.442491  0.674567  0.719363  0.573280 
25  0.660696  0.592868  0.794228  0.712581  0.617515  0.613991  0.561177  0.728376  0.492870  0.585096  0.650870  0.698853  0.529648  0.555769  0.718075  0.645965  0.703733  0.623606  0.637783  0.582586  0.675918  0.576433  0.651015  0.599446  0.497361 0.0  0.790360  0.709493  0.634832  0.647277  0.751160  0.530244  0.505443  0.592816  0.680101  0.595671  0.606799  0.731863  0.644823  0.718494  0.610026  0.806145  0.618094  0.661780  0.662600  0.627794  0.622775  0.831522  0.689552  0.685411  0.721124  0.579912  0.640650  0.699936  0.720209  0.741794  0.797977  0.733829  0.634485  0.694380  0.658981  0.637082  0.560881  0.613019  0.711700  0.640604  0.528473  0.685661  0.667241  0.481827  0.864032  0.647576  0.629567 
26  0.751108  0.680474  0.957416  0.648405  0.656334  0.771611  0.710557  0.604955  0.534873  0.689531  0.685202  0.621830  0.746319  0.770643  0.526511  0.646050  0.796620  0.776785  0.816576  0.709925  0.710958  0.666460  0.747050  0.646397  0.608527  0.790360 0.0  0.696502  0.639684  0.615190  0.827984  0.686518  0.744479  0.598623  0.851736  0.645023  0.772048  0.772959  0.642633  0.525083  0.716755  0.769699  0.735168  0.677399  0.746889  0.851788  0.673891  0.788435  0.760020  0.490844  0.535038  0.750255  0.554661  0.812835  0.799687  0.506276  0.850455  0.756933  0.656125  0.797660  0.677961  0.791309  0.644413  0.773410  0.698640  0.693439  0.699066  0.708848  0.587967  0.633815  0.811891  0.585498  0.728683 
27  0.540590  0.469390  0.866705  0.691148  0.632637  0.464465  0.568130  0.720773  0.740031  0.500472  0.670339  0.661617  0.412131  0.403889  0.762249  0.746037  0.775040  0.526629  0.409471  0.366969  0.576339  0.420547  0.522723  0.686434  0.497602  0.709493  0.696502 0.0  0.703259  0.818775  0.628523  0.514914  0.707240  0.469848  0.601711  0.531783  0.433650  0.627976  0.703548  0.705465  0.500640  0.501205  0.517971  0.459603  0.631251  0.449228  0.520463  0.750503  0.581023  0.724983  0.764084  0.595500  0.713384  0.542521  0.598850  0.781933  0.650790  0.706240  0.426649  0.705842  0.647322  0.596606  0.480248  0.604868  0.503086  0.533470  0.560446  0.509821  0.698544  0.352845  0.608043  0.791850  0.459830 
28  0.641785  0.565957  0.868073  0.588973  0.606767  0.661588  0.617093  0.448043  0.480324  0.725034  0.390480  0.572418  0.722839  0.640264  0.684233  0.814706  0.746610  0.661905  0.634527  0.728826  0.724546  0.594756  0.560928  0.170904  0.662648  0.634832  0.639684  0.703259 0.0  0.745608  0.701216  0.575215  0.652225  0.541918  0.806886  0.616648  0.620979  0.846502  0.678891  0.487225  0.639664  0.699326  0.633078  0.646119  0.701564  0.685415  0.633305  0.778078  0.715745  0.632924  0.559047  0.630667  0.593345  0.760313  0.742869  0.691137  0.787669  0.742786  0.629201  0.801173  0.610100  0.500686  0.649233  0.693169  0.633366  0.599606  0.478348  0.590107  0.535615  0.609037  0.733922  0.669643  0.704016 
29  0.691465  0.729226  0.885699  0.640402  0.738330  0.689529  0.841686  0.645072  0.719175  0.744064  0.588173  0.621102  0.751062  0.711240  0.608405  0.524741  0.789307  0.872067  0.664504  0.749239  0.698409  0.765943  0.703063  0.719581  0.749808  0.647277  0.615190  0.818775  0.745608 0.0  0.771705  0.736422  0.705356  0.786255  0.765980  0.590315  0.719681  0.773511  0.613028  0.623232  0.701569  0.674244  0.660618  0.717192  0.817738  0.753175  0.818153  0.746026  0.733369  0.626187  0.617113  0.786536  0.593374  0.664502  0.870017  0.552368  0.796315  0.760898  0.778610  0.741590  0.708904  0.843626  0.754357  0.700992  0.681616  0.726487  0.735171  0.751898  0.615868  0.747701  0.760580  0.585178  0.781605 
30  0.638034  0.755867  0.777852  0.740057  0.830204  0.721962  0.741089  0.862669  0.702474  0.487787  0.792088  0.762513  0.668670  0.664839  0.760752  0.898831  0.572627  0.669807  0.530018  0.653654  0.485218  0.697307  0.686722  0.825736  0.739497  0.751160  0.827984  0.628523  0.701216  0.771705 0.0  0.631908  0.770802  0.666041  0.512154  0.752208  0.664012  0.492605  0.864346  0.878608  0.652213  0.646504  0.621767  0.675702  0.695222  0.713061  0.613875  0.679266  0.511506  0.808693  0.793892  0.691938  0.767204  0.573417  0.435310  0.700062  0.779421  0.804774  0.604686  0.590471  0.756384  0.681810  0.648994  0.534291  0.812371  0.667844  0.685095  0.665722  0.795164  0.723266  0.575708  0.795053  0.625922 
31  0.558958  0.589777  0.810840  0.609687  0.622365  0.502025  0.466919  0.810062  0.653342  0.575412  0.526760  0.708416  0.558187  0.490849  0.692384  0.769517  0.768893  0.590716  0.585430  0.530497  0.570182  0.485601  0.539390  0.617870  0.536461  0.530244  0.686518  0.514914  0.575215  0.736422  0.631908 0.0  0.446348  0.543403  0.658583  0.461801  0.505066  0.616134  0.639405  0.658403  0.449349  0.645324  0.543653  0.509327  0.727938  0.533599  0.711921  0.762089  0.694576  0.762260  0.601941  0.569743  0.741119  0.762201  0.696721  0.587284  0.843495  0.725070  0.637485  0.783908  0.644766  0.544710  0.498969  0.697359  0.447510  0.544559  0.479627  0.524444  0.603349  0.596225  0.689620  0.699455  0.668858 
32  0.421197  0.582879  0.838860  0.698156  0.675642  0.515662  0.526453  0.658250  0.676563  0.584790  0.639090  0.580942  0.612798  0.585806  0.681622  0.709562  0.667905  0.646564  0.751255  0.717235  0.761894  0.526680  0.488838  0.591326  0.593928  0.505443  0.744479  0.707240  0.652225  0.705356  0.770802  0.446348 0.0  0.481001  0.729566  0.469884  0.580737  0.704427  0.749370  0.668905  0.556007  0.842786  0.512577  0.575762  0.685159  0.586404  0.826911  0.703063  0.841563  0.622908  0.641842  0.629170  0.661568  0.682947  0.727269  0.648446  0.773372  0.813875  0.655700  0.892717  0.622471  0.517462  0.397171  0.704574  0.524655  0.564500  0.305424  0.615959  0.630176  0.702853  0.747134  0.646142  0.666625 
33  0.474841  0.377136  0.819649  0.653944  0.824907  0.435645  0.000000  0.773594  0.799042  0.561760  0.691912  0.735586  0.243333  0.438350  0.752903  0.757064  0.680990  0.481540  0.504934  0.450166  0.658821  0.339249  0.355779  0.641817  0.346973  0.592816  0.598623  0.469848  0.541918  0.786255  0.666041  0.543403  0.481001 0.0  0.627840  0.517605  0.418619  0.714603  0.729396  0.606601  0.467236  0.613641  0.505244  0.347735  0.644911  0.417619  0.697300  0.707469  0.593510  0.672495  0.760677  0.608814  0.703096  0.624180  0.628376  0.685209  0.743695  0.754875  0.468615  0.705471  0.636709  0.342189  0.362769  0.665329  0.333618  0.476915  0.523987  0.516126  0.671074  0.430782  0.699216  0.698699  0.473561 
34  0.592936  0.613984  0.775471  0.863682  0.770025  0.741425  0.676879  0.805413  0.791470  0.547047  0.803084  0.775353  0.598795  0.724998  0.709698  0.820036  0.332084  0.641197  0.563153  0.636481  0.493149  0.584059  0.757089  0.731707  0.622962  0.680101  0.851736  0.601711  0.806886  0.765980  0.512154  0.658583  0.729566  0.627840 0.0  0.695765  0.575980  0.346429  0.809407  0.805468  0.582003  0.241849  0.712531  0.580974  0.398423  0.776295  0.608481  0.686621  0.451266  0.802818  0.766482  0.591223  0.805957  0.443081  0.491116  0.746178  0.644072  0.639428  0.704990  0.469277  0.607307  0.670854  0.628815  0.237265  0.716185  0.574509  0.724152  0.640515  0.786139  0.550773  0.415931  0.709656  0.602147 
35  0.561173  0.407234  0.945972  0.710580  0.673526  0.441067  0.353370  0.709306  0.672179  0.610874  0.755948  0.793374  0.471601  0.470453  0.750801  0.720301  0.706240  0.581205  0.524798  0.503688  0.697454  0.206532  0.446836  0.677543  0.384180  0.595671  0.645023  0.531783  0.616648  0.590315  0.752208  0.461801  0.469884  0.517605  0.695765 0.0  0.622110  0.685719  0.616155  0.649608  0.409405  0.717322  0.663220  0.491004  0.673265  0.529472  0.570576  0.836090  0.585947  0.704888  0.676843  0.668180  0.714726  0.773814  0.628893  0.775885  0.842404  0.728862  0.599152  0.717698  0.651282  0.493973  0.367707  0.611652  0.336338  0.556917  0.558071  0.612836  0.675394  0.390009  0.673397  0.688312  0.555804 
36  0.445161  0.516938  0.871830  0.698323  0.718946  0.491604  0.459302  0.790196  0.686005  0.492232  0.680106  0.708641  0.473990  0.657780  0.779597  0.748102  0.609191  0.525437  0.571627  0.543980  0.661704  0.429526  0.515573  0.703698  0.547148  0.606799  0.772048  0.433650  0.620979  0.719681  0.664012  0.505066  0.580737  0.418619  0.575980  0.622110 0.0  0.643712  0.668829  0.744179  0.522336  0.574199  0.383359  0.223866  0.695803  0.540606  0.524672  0.735966  0.687022  0.708316  0.641288  0.555466  0.680132  0.664600  0.670479  0.762451  0.891667  0.613780  0.335063  0.696585  0.767763  0.472289  0.591835  0.679079  0.474563  0.217943  0.630461  0.120447  0.720881  0.558501  0.669401  0.745688  0.488607 
37  0.750470  0.687019  0.859699  0.787364  0.665812  0.637809  0.620909  0.795234  0.679485  0.583273  0.720399  0.697709  0.558875  0.617561  0.847758  0.713033  0.299036  0.587203  0.599543  0.624805  0.319768  0.843656  0.670973  0.717757  0.694437  0.731863  0.772959  0.627976  0.846502  0.773511  0.492605  0.616134  0.704427  0.714603  0.346429  0.685719  0.643712 0.0  0.745109  0.768813  0.703724  0.210264  0.732368  0.639965  0.488313  0.636936  0.537254  0.561372  0.395770  0.757190  0.780561  0.701194  0.725371  0.305914  0.545748  0.866147  0.816870  0.539880  0.721500  0.575079  0.771628  0.745564  0.654395  0.131809  0.731243  0.681102  0.723339  0.722215  0.712993  0.751013  0.357371  0.765281  0.596756 
38  0.697665  0.593212  0.830424  0.575411  0.118419  0.659782  0.737696  0.626505  0.587337  0.709157  0.624670  0.637798  0.701472  0.630044  0.493741  0.555523  0.780872  0.625957  0.797227  0.765020  0.828815  0.720159  0.752097  0.570068  0.682887  0.644823  0.642633  0.703548  0.678891  0.613028  0.864346  0.639405  0.749370  0.729396  0.809407  0.616155  0.668829  0.745109 0.0  0.659215  0.677126  0.798046  0.711894  0.573550  0.783419  0.729748  0.756988  0.630596  0.745654  0.655786  0.649497  0.754775  0.694292  0.663449  0.746778  0.536101  0.813743  0.886736  0.606920  0.807575  0.633879  0.741491  0.715139  0.689111  0.635805  0.702983  0.623693  0.822778  0.576509  0.743548  0.722644  0.668324  0.689114 
39  0.623553  0.610391  0.925785  0.626374  0.690392  0.678365  0.650731  0.626246  0.515934  0.801882  0.535097  0.381352  0.707376  0.755835  0.688320  0.628308  0.821388  0.734300  0.784600  0.752630  0.838536  0.721331  0.543515  0.522240  0.654702  0.718494  0.525083  0.705465  0.487225  0.623232  0.878608  0.658403  0.668905  0.606601  0.805468  0.649608  0.744179  0.768813  0.659215 0.0  0.697969  0.657932  0.602335  0.405629  0.630542  0.669333  0.737604  0.861502  0.722792  0.609248  0.503763  0.739792  0.733885  0.742944  0.779017  0.575204  0.702379  0.794191  0.631004  0.804553  0.637267  0.668236  0.652295  0.758401  0.663246  0.680892  0.591212  0.705050  0.426622  0.699716  0.803477  0.630948  0.643769 
40  0.460907  0.407027  0.814284  0.687160  0.789952  0.464923  0.423518  0.712245  0.670492  0.513105  0.651140  0.606196  0.505457  0.665999  0.708904  0.769778  0.630992  0.540516  0.667572  0.624030  0.670827  0.462882  0.398827  0.659297  0.400785  0.610026  0.716755  0.500640  0.639664  0.701569  0.652213  0.449349  0.556007  0.467236  0.582003  0.409405  0.522336  0.703724  0.677126  0.697969 0.0  0.658111  0.446810  0.507767  0.666684  0.445518  0.733136  0.650248  0.666601  0.634842  0.696243  0.628975  0.805300  0.649191  0.644216  0.677637  0.778473  0.747363  0.551912  0.679201  0.625663  0.584036  0.319162  0.582030  0.330734  0.654202  0.478042  0.537563  0.646053  0.502645  0.535712  0.819695  0.502494 
41  0.635223  0.666166  0.726461  0.739954  0.784621  0.500686  0.706414  0.816227  0.798097  0.687872  0.758964  0.861359  0.534337  0.749406  0.803791  0.878290  0.227776  0.612836  0.606574  0.697024  0.500242  0.636141  0.698584  0.723101  0.713948  0.806145  0.769699  0.501205  0.699326  0.674244  0.646504  0.645324  0.842786  0.613641  0.241849  0.717322  0.574199  0.210264  0.798046  0.657932  0.658111 0.0  0.584633  0.580371  0.478181  0.711539  0.585109  0.670181  0.426954  0.771547  0.775638  0.702721  0.746688  0.415489  0.476612  0.784104  0.796204  0.689793  0.604905  0.619785  0.706379  0.705298  0.753880  0.277761  0.651758  0.630927  0.597076  0.610952  0.757132  0.603148  0.373538  0.845246  0.602718 
42  0.484583  0.360427  0.837033  0.610670  0.723877  0.479137  0.414813  0.714198  0.728830  0.444327  0.680716  0.687202  0.469917  0.596832  0.732450  0.664954  0.659403  0.469007  0.595456  0.523002  0.747294  0.467683  0.397747  0.599800  0.524775  0.618094  0.735168  0.517971  0.633078  0.660618  0.621767  0.543653  0.512577  0.505244  0.712531  0.663220  0.383359  0.732368  0.711894  0.602335  0.446810  0.584633 0.0  0.473674  0.693626  0.511219  0.492373  0.618803  0.574330  0.718588  0.530002  0.646931  0.583509  0.624105  0.599724  0.649252  0.758034  0.683038  0.446956  0.689252  0.677844  0.200573  0.452476  0.657967  0.456342  0.394373  0.382696  0.415715  0.599557  0.561093  0.684504  0.721997  0.554778 
43  0.313145  0.418262  0.747460  0.594366  0.799008  0.519133  0.436505  0.716969  0.598874  0.435924  0.591197  0.593411  0.468010  0.582379  0.642131  0.718895  0.655635  0.407338  0.608487  0.425975  0.618540  0.585257  0.391612  0.653241  0.481880  0.661780  0.677399  0.459603  0.646119  0.717192  0.675702  0.509327  0.575762  0.347735  0.580974  0.491004  0.223866  0.639965  0.573550  0.405629  0.507767  0.580371  0.473674 0.0  0.603580  0.506686  0.596710  0.618979  0.652997  0.601057  0.726038  0.608354  0.726106  0.536220  0.692931  0.863472  0.679470  0.764945  0.240937  0.770312  0.704503  0.368667  0.574786  0.670102  0.513875  0.166484  0.646689  0.245228  0.620927  0.599889  0.604002  0.727257  0.517396 
44  0.611865  0.603355  0.744272  0.756187  0.823038  0.693989  0.618231  0.761033  0.800956  0.561779  0.696200  0.726546  0.748085  0.597877  0.741514  0.817966  0.446575  0.622800  0.568307  0.595999  0.444349  0.697103  0.563149  0.706571  0.696708  0.662600  0.746889  0.631251  0.701564  0.817738  0.695222  0.727938  0.685159  0.644911  0.398423  0.673265  0.695803  0.488313  0.783419  0.630542  0.666684  0.478181  0.693626  0.603580 0.0  0.571576  0.536994  0.619733  0.179482  0.740346  0.736484  0.629657  0.827487  0.387627  0.370161  0.716297  0.694407  0.672043  0.611763  0.588429  0.772181  0.594739  0.596666  0.401374  0.639413  0.575563  0.724656  0.679421  0.786181  0.777081  0.436384  0.656847  0.608447 
45  0.404615  0.543695  0.685013  0.644150  0.740947  0.350663  0.301585  0.742313  0.711411  0.441847  0.637400  0.704403  0.333111  0.362381  0.681639  0.749169  0.535207  0.583123  0.569802  0.488730  0.594664  0.584705  0.481538  0.629345  0.413609  0.627794  0.851788  0.449228  0.685415  0.753175  0.713061  0.533599  0.586404  0.417619  0.776295  0.529472  0.540606  0.636936  0.729748  0.669333  0.445518  0.711539  0.511219  0.506686  0.571576 0.0  0.591030  0.641204  0.661791  0.747345  0.663626  0.597404  0.588457  0.531346  0.707170  0.765153  0.716624  0.736061  0.411911  0.752787  0.682689  0.517235  0.577178  0.672406  0.345429  0.472615  0.656093  0.559463  0.718283  0.494276  0.626229  0.789731  0.498898 
46  0.518633  0.552106  0.766947  0.861947  0.662465  0.493619  0.572781  0.753808  0.716163  0.583346  0.760774  0.687710  0.624852  0.553916  0.655672  0.789920  0.527283  0.480649  0.323060  0.604752  0.593247  0.607918  0.662446  0.742439  0.662325  0.622775  0.673891  0.520463  0.633305  0.818153  0.613875  0.711921  0.826911  0.697300  0.608481  0.570576  0.524672  0.537254  0.756988  0.737604  0.733136  0.585109  0.492373  0.596710  0.536994  0.591030 0.0  0.652371  0.575659  0.726073  0.732194  0.502243  0.744991  0.546882  0.636017  0.798384  0.675295  0.659715  0.603744  0.724181  0.655114  0.640359  0.681161  0.587584  0.628872  0.469834  0.502315  0.537606  0.687547  0.563541  0.599308  0.768473  0.407390 
47  0.635714  0.658804  0.692284  0.719122  0.794444  0.761108  0.702771  0.697301  0.803541  0.706384  0.683198  0.885914  0.692240  0.686730  0.890062  0.797459  0.677018  0.743009  0.507607  0.760265  0.673766  0.718276  0.716215  0.822721  0.650701  0.831522  0.788435  0.750503  0.778078  0.746026  0.679266  0.762089  0.703063  0.707469  0.686621  0.836090  0.735966  0.561372  0.630596  0.861502  0.650248  0.670181  0.618803  0.618979  0.619733  0.641204  0.652371 0.0  0.665515  0.726725  0.926385  0.709685  0.745129  0.606641  0.742225  0.846539  0.744236  0.606326  0.721726  0.464779  0.833431  0.736942  0.770749  0.682259  0.842075  0.794420  0.780555  0.662710  0.774908  0.829838  0.585362  0.782507  0.789176 
48  0.604182  0.697407  0.856186  0.722290  0.793121  0.755954  0.746276  0.722640  0.696615  0.655059  0.723096  0.756994  0.595302  0.740451  0.857925  0.837249  0.425915  0.705940  0.644396  0.561577  0.292927  0.659580  0.659721  0.697563  0.654348  0.689552  0.760020  0.581023  0.715745  0.733369  0.511506  0.694576  0.841563  0.593510  0.451266  0.585947  0.687022  0.395770  0.745654  0.722792  0.666601  0.426954  0.574330  0.652997  0.179482  0.661791  0.575659  0.665515 0.0  0.704712  0.790660  0.694588  0.731589  0.351998  0.421919  0.706425  0.665444  0.635800  0.692568  0.575735  0.804625  0.666317  0.696466  0.426801  0.656747  0.622897  0.813927  0.628042  0.691232  0.591005  0.285457  0.817504  0.634468 
49  0.719485  0.729509  0.889957  0.615981  0.652953  0.707782  0.678683  0.548784  0.656744  0.637476  0.686482  0.614601  0.651638  0.682861  0.553095  0.663032  0.747161  0.749991  0.767227  0.747755  0.769157  0.710578  0.794740  0.674020  0.665954  0.685411  0.490844  0.724983  0.632924  0.626187  0.808693  0.762260  0.622908  0.672495  0.802818  0.704888  0.708316  0.757190  0.655786  0.609248  0.634842  0.771547  0.718588  0.601057  0.740346  0.747345  0.726073  0.726725  0.704712 0.0  0.447553  0.726664  0.614597  0.717836  0.703130  0.519395  0.837550  0.811494  0.705949  0.743624  0.521083  0.659089  0.779535  0.753359  0.699560  0.726565  0.533723  0.783927  0.656491  0.536547  0.770321  0.619873  0.704721 
50  0.693557  0.603294  0.825754  0.636184  0.556593  0.757691  0.622813  0.553093  0.412885  0.799048  0.656041  0.459661  0.748789  0.626986  0.599495  0.741984  0.720253  0.879329  0.733260  0.769492  0.748338  0.664655  0.672605  0.486781  0.674516  0.721124  0.535038  0.764084  0.559047  0.617113  0.793892  0.601941  0.641842  0.760677  0.766482  0.676843  0.641288  0.780561  0.649497  0.503763  0.696243  0.775638  0.530002  0.726038  0.736484  0.663626  0.732194  0.926385  0.790660  0.447553 0.0  0.734689  0.506790  0.738402  0.634669  0.561912  0.858175  0.751641  0.776393  0.953028  0.465127  0.658922  0.694729  0.798283  0.641472  0.802440  0.802631  0.668002  0.691471  0.717861  0.712585  0.562045  0.766463 
51  0.606702  0.639577  0.816019  0.703492  0.776439  0.527752  0.622527  0.662513  0.719859  0.728554  0.717994  0.598036  0.718542  0.636694  0.667840  0.759302  0.592311  0.652011  0.603488  0.551237  0.615712  0.619317  0.634657  0.633544  0.554617  0.579912  0.750255  0.595500  0.630667  0.786536  0.691938  0.569743  0.629170  0.608814  0.591223  0.668180  0.555466  0.701194  0.754775  0.739792  0.628975  0.702721  0.646931  0.608354  0.629657  0.597404  0.502243  0.709685  0.694588  0.726664  0.734689 0.0  0.735542  0.680824  0.712760  0.749300  0.819613  0.662108  0.662691  0.767319  0.683294  0.672245  0.608533  0.653598  0.621438  0.649735  0.632021  0.722459  0.654296  0.679303  0.613372  0.773012  0.592401 
52  0.856506  0.708186  0.924572  0.604721  0.716514  0.790146  0.800151  0.634092  0.561402  0.840643  0.626378  0.693963  0.824231  0.718813  0.677567  0.712318  0.858318  0.842521  0.661859  0.833332  0.847532  0.645317  0.632810  0.637252  0.729020  0.640650  0.554661  0.713384  0.593345  0.593374  0.767204  0.741119  0.661568  0.703096  0.805957  0.714726  0.680132  0.725371  0.694292  0.733885  0.805300  0.746688  0.583509  0.726106  0.827487  0.588457  0.744991  0.745129  0.731589  0.614597  0.506790  0.735542 0.0  0.654840  0.736820  0.320162  0.718238  0.711895  0.750885  0.767333  0.681420  0.585370  0.660642  0.871870  0.781959  0.756946  0.652684  0.664093  0.651160  0.703780  0.805653  0.410182  0.691525 
53  0.646333  0.706900  0.678588  0.708980  0.800470  0.605586  0.626627  0.835309  0.732965  0.539098  0.645402  0.724377  0.684436  0.635063  0.765763  0.720612  0.454561  0.532257  0.618280  0.624563  0.287493  0.622469  0.739855  0.722542  0.633972  0.699936  0.812835  0.542521  0.760313  0.664502  0.573417  0.762201  0.682947  0.624180  0.443081  0.773814  0.664600  0.305914  0.663449  0.742944  0.649191  0.415489  0.624105  0.536220  0.387627  0.531346  0.546882  0.606641  0.351998  0.717836  0.738402  0.680824  0.654840 0.0  0.326413  0.671824  0.654401  0.770339  0.647919  0.713707  0.777480  0.675011  0.684894  0.420723  0.671862  0.533445  0.673749  0.754585  0.576646  0.620751  0.053393  0.818773  0.560178 
