73
0 0.0  0.527381  0.695907  0.723108  0.784308  0.676326  0.643808  0.595654  0.825339  0.852948  0.527000  0.470898  0.619675  0.694715  0.534448  0.451811  0.663534  0.582394  0.660692  0.608600  0.733063  0.542845  0.858914  0.752692  0.480143  0.515964  0.644523  0.582406  0.719019  0.782930  0.531137  0.681675  0.634750  0.625652  0.667119  0.616250  0.682202  0.584738  0.654213  0.660207  0.569828  0.575832  0.601053  0.736759  0.634869  0.610179  0.692721  0.617796  0.672728  0.740277  0.561165  0.581621  0.821624  0.554426  0.636762  0.572257  0.638817  0.676738  0.662831  0.542194  0.591900  0.751967  0.485075  0.689883  0.580808  0.363190  0.767188  0.748843  0.610761  0.556503  0.790304  0.725191  0.702996 
1  0.527381 0.0  0.776713  0.537095  0.463211  0.395843  0.523767  0.703135  0.934481  0.887354  0.407438  0.654411  0.507538  0.611125  0.338619  0.355375  0.668650  0.424625  0.502816  0.791468  0.621324  0.593311  0.694855  0.725345  0.473634  0.616422  0.585767  0.269191  0.598994  0.741172  0.748203  0.434456  0.649084  0.761837  0.694212  0.633438  0.807156  0.414341  0.745534  0.695561  0.656984  0.442004  0.604344  0.665878  0.677561  0.317490  0.544053  0.202485  0.651188  0.617576  0.374976  0.661718  0.774909  0.153436  0.642630  0.446659  0.661260  0.672538  0.344594  0.342836  0.238907  0.571229  0.546418  0.660648  0.435613  0.511798  0.727399  0.577938  0.548171  0.330499  0.776016  0.669791  0.663288 
2  0.695907  0.776713 0.0  0.803452  0.726767  0.667610  0.688131  0.587357  0.763006  0.966055  0.626202  0.699321  0.753557  0.782778  0.601013  0.788269  0.853240  0.560871  0.635749  0.707797  0.745392  0.689575  0.830000  0.858066  0.632939  0.513163  0.811945  0.647679  0.739551  0.685690  0.555540  0.640572  0.687078  0.591515  0.697795  0.590431  0.664296  0.663843  0.716372  0.572058  0.661633  0.697405  0.684708  0.655855  0.482490  0.607208  0.649987  0.694669  0.598021  0.802112  0.655580  0.443461  0.841504  0.620116  0.784672  0.692160  0.715051  0.708005  0.717316  0.641649  0.692436  0.297634  0.655526  0.630262  0.582324  0.561939  0.690294  0.349737  0.268480  0.768541  0.786472  0.502449  0.864577 
3  0.723108  0.537095  0.803452 0.0  0.356339  0.627699  0.497269  0.787219  0.888171  0.901721  0.713905  0.688109  0.687970  0.262224  0.565405  0.772490  0.337705  0.538801  0.640099  0.766100  0.425826  0.757935  0.173633  0.740292  0.566057  0.858872  0.402445  0.645464  0.433606  0.348314  0.746324  0.763453  0.690511  0.714900  0.817595  0.653856  0.763442  0.692725  0.806230  0.868627  0.774883  0.672952  0.497499  0.452807  0.755453  0.523824  0.544530  0.618408  0.830614  0.529643  0.758593  0.760551  0.727357  0.612227  0.254378  0.731279  0.482962  0.873359  0.652987  0.600759  0.589566  0.644289  0.785661  0.727140  0.607319  0.641343  0.806965  0.794611  0.742547  0.688051  0.606771  0.677012  0.478426 
4  0.784308  0.463211  0.726767  0.356339 0.0  0.589554  0.439089  0.704528  0.859282  0.903079  0.500414  0.689609  0.721443  0.366556  0.624564  0.553356  0.000000  0.578687  0.680515  0.795194  0.427513  0.608159  0.416063  0.670801  0.654194  0.682901  0.231547  0.696133  0.222529  0.415880  0.737330  0.794743  0.726559  0.917290  0.724948  0.813183  0.821742  0.659737  0.722620  0.832652  0.671418  0.579489  0.571836  0.235737  0.620334  0.813936  0.564450  0.681612  0.772325  0.817584  0.675642  0.634381  0.624976  0.621499  0.357395  0.571622  0.342089  0.662786  0.647996  0.811920  0.671266  0.689150  0.707410  0.799235  0.696104  0.616117  0.725797  0.733400  0.753903  0.549381  0.526552  0.780118  0.504723 
5  0.676326  0.395843  0.667610  0.627699  0.589554 0.0  0.555496  0.650463  0.847206  0.845774  0.404706  0.645178  0.418436  0.685193  0.426301  0.490554  0.607224  0.531468  0.395650  0.710376  0.632287  0.633050  0.692547  0.679570  0.364981  0.723272  0.598162  0.281452  0.578290  0.764806  0.628345  0.499449  0.658382  0.700800  0.793436  0.572999  0.727743  0.361185  0.655287  0.661938  0.773302  0.385361  0.512292  0.751004  0.739578  0.359628  0.538580  0.472907  0.806397  0.422461  0.447400  0.603914  0.809001  0.301765  0.627130  0.421934  0.659342  0.704406  0.178894  0.497557  0.469512  0.663670  0.446478  0.781798  0.462818  0.556798  0.653993  0.725192  0.620628  0.412382  0.794674  0.666479  0.727501 
6  0.643808  0.523767  0.688131  0.497269  0.439089  0.555496 0.0  0.679938  0.897127  0.846423  0.448687  0.577622  0.447898  0.663307  0.609811  0.497244  0.638152  0.422054  0.530131  0.760556  0.539204  0.734692  0.607085  0.657533  0.423778  0.548578  0.619818  0.550650  0.599501  0.698399  0.647744  0.644542  0.794459  0.730268  0.697666  0.685340  0.714075  0.595577  0.637981  0.729731  0.698605  0.481385  0.371164  0.687449  0.730893  0.548573  0.409264  0.429329  0.756996  0.397593  0.639205  0.659070  0.749659  0.606281  0.632775  0.499960  0.588714  0.703419  0.615621  0.765580  0.448057  0.695177  0.538317  0.757913  0.459520  0.481306  0.658793  0.743762  0.656382  0.493705  0.753094  0.786931  0.696899 
7  0.595654  0.703135  0.587357  0.787219  0.704528  0.650463  0.679938 0.0  0.702276  0.913104  0.756990  0.532720  0.707312  0.874987  0.568927  0.871663  0.721060  0.704393  0.728697  0.739643  0.699443  0.604104  0.805464  0.726143  0.652325  0.685161  0.718424  0.739695  0.721657  0.779594  0.543553  0.693932  0.450484  0.483485  0.452791  0.538566  0.606114  0.605665  0.405366  0.492466  0.511711  0.779049  0.798062  0.753643  0.466423  0.617177  0.795825  0.669007  0.510744  0.660035  0.705030  0.552185  0.869965  0.602323  0.769203  0.670899  0.866152  0.696184  0.654968  0.638519  0.665466  0.547073  0.665549  0.588834  0.846951  0.591722  0.557509  0.454615  0.596707  0.733188  0.878560  0.611086  0.713265 
8  0.825339  0.934481  0.763006  0.888171  0.859282  0.847206  0.897127  0.702276 0.0  0.981413  0.684663  0.807535  0.860995  0.856628  0.858643  0.959223  0.949036  0.885405  0.777171  0.792823  0.780131  0.912987  0.935858  0.841924  0.849199  0.844387  0.835238  0.750858  0.803836  0.796311  0.911545  0.732830  0.814761  0.852597  0.793704  0.774806  0.863847  0.875672  0.832407  0.749733  0.883087  0.932511  0.836672  0.893205  0.777123  0.930526  0.859210  0.885661  0.932765  0.875892  0.901854  0.750857  0.903434  0.845160  0.889192  0.890085  0.778201  0.781702  0.837276  0.808181  0.857718  0.846295  0.908503  0.878759  0.851524  0.791503  0.803248  0.737074  0.896957  0.855706  0.923707  0.778608  0.979034 
9  0.852948  0.887354  0.966055  0.901721  0.903079  0.845774  0.846423  0.913104  0.981413 0.0  0.779446  0.929566  0.819212  0.795047  0.772334  0.831094  0.771618  0.930546  0.854716  0.879819  0.763011  0.903105  0.802255  0.692691  0.832562  0.953401  0.802058  0.888354  0.909430  0.821155  0.798683  0.775450  0.892142  0.870956  0.805206  0.913574  0.963416  0.829583  0.883891  0.883464  0.847459  0.906452  0.819541  0.821051  0.900132  0.780909  0.808559  0.938491  0.881593  0.788136  0.891246  0.829297  0.713449  0.758208  0.825446  0.919666  0.792109  0.917219  0.847379  0.793657  0.750117  0.928775  0.876374  0.905930  0.860408  1.000000  0.846956  0.716484  0.832064  0.803388  0.773615  0.934373  0.711098 
10  0.527000  0.407438  0.626202  0.713905  0.500414  0.404706  0.448687  0.756990  0.684663  0.779446 0.0  0.624362  0.303247  0.640117  0.506700  0.373034  0.573058  0.497101  0.297984  0.847530  0.633774  0.644025  0.639140  0.838963  0.253765  0.785718  0.579785  0.358248  0.721449  0.596767  0.664894  0.601526  0.717080  0.631006  0.624539  0.799653  0.644834  0.524690  0.673083  0.682795  0.619763  0.329261  0.496542  0.618509  0.610830  0.354797  0.479746  0.326540  0.691117  0.483053  0.447364  0.635373  0.699272  0.536624  0.709612  0.351441  0.529138  0.683219  0.433457  0.501471  0.457720  0.707502  0.554305  0.770690  0.583145  0.551037  0.751850  0.622208  0.455709  0.428444  0.828762  0.645046  0.548347 
11  0.470898  0.654411  0.699321  0.688109  0.689609  0.645178  0.577622  0.532720  0.807535  0.929566  0.624362 0.0  0.716806  0.687688  0.600062  0.609217  0.729650  0.563007  0.557552  0.769445  0.775785  0.571054  0.722848  0.844431  0.630678  0.547396  0.708433  0.731746  0.612056  0.583756  0.597834  0.548344  0.634969  0.757541  0.721707  0.620591  0.646341  0.562934  0.649261  0.791684  0.347996  0.639936  0.637741  0.612382  0.604027  0.511683  0.640760  0.588317  0.630246  0.637708  0.548616  0.660079  0.905679  0.627061  0.627105  0.470016  0.677351  0.750401  0.688785  0.635589  0.562129  0.640101  0.600520  0.513846  0.592814  0.599795  0.690385  0.712828  0.629158  0.709228  0.751063  0.670311  0.637181 
12  0.619675  0.507538  0.753557  0.687970  0.721443  0.418436  0.447898  0.707312  0.860995  0.819212  0.303247  0.716806 0.0  0.608396  0.558595  0.618951  0.669654  0.515032  0.022121  0.759321  0.611290  0.705206  0.598927  0.738411  0.254320  0.586806  0.623660  0.491691  0.623701  0.680368  0.688299  0.579870  0.711360  0.716032  0.671072  0.575476  0.705048  0.609245  0.657311  0.661744  0.677316  0.148276  0.426025  0.598098  0.599375  0.358230  0.545297  0.314405  0.810715  0.439355  0.472509  0.653812  0.734991  0.451047  0.700446  0.500043  0.517773  0.806421  0.391688  0.446296  0.375744  0.798563  0.560068  0.629542  0.478562  0.562172  0.720656  0.667564  0.649185  0.453457  0.669252  0.611438  0.747437 
13  0.694715  0.611125  0.782778  0.262224  0.366556  0.685193  0.663307  0.874987  0.856628  0.795047  0.640117  0.687688  0.608396 0.0  0.686512  0.530348  0.384788  0.567443  0.750176  0.743714  0.431776  0.739300  0.368686  0.594498  0.678481  0.654349  0.316678  0.721467  0.342439  0.427853  0.711403  0.674014  0.824640  0.863229  0.664923  0.660433  0.795826  0.665547  0.692000  0.714681  0.943172  0.650792  0.507699  0.290051  0.725353  0.641758  0.501259  0.705198  0.725070  0.584464  0.619120  0.660471  0.779127  0.584176  0.040757  0.586556  0.350343  0.836963  0.607379  0.761464  0.627720  0.793093  0.655764  0.704980  0.671039  0.753720  0.722279  0.745967  0.850913  0.576454  0.638223  0.730485  0.697823 
14  0.534448  0.338619  0.601013  0.565405  0.624564  0.426301  0.609811  0.568927  0.858643  0.772334  0.506700  0.600062  0.558595  0.686512 0.0  0.496417  0.581248  0.523561  0.437408  0.736327  0.602323  0.608618  0.648456  0.715220  0.539552  0.531404  0.664482  0.249138  0.569788  0.714339  0.599835  0.525919  0.660733  0.695078  0.675600  0.578150  0.712304  0.401294  0.833183  0.694111  0.763403  0.635667  0.594532  0.690974  0.558546  0.459561  0.569304  0.352567  0.659345  0.544038  0.371285  0.604723  0.803752  0.327582  0.662196  0.530119  0.755702  0.817207  0.403555  0.258152  0.341559  0.654176  0.539352  0.832336  0.417042  0.508703  0.638450  0.648349  0.601832  0.475868  0.751456  0.657756  0.624442 
15  0.451811  0.355375  0.788269  0.772490  0.553356  0.490554  0.497244  0.871663  0.959223  0.831094  0.373034  0.609217  0.618951  0.530348  0.496417 0.0  0.675727  0.387906  0.542977  0.686507  0.735545  0.695943  0.690383  0.731606  0.434713  0.584777  0.613454  0.526730  0.539929  0.761707  0.505929  0.526665  0.696204  0.813026  0.718823  0.559765  0.724147  0.378083  0.695894  0.812173  0.698378  0.523491  0.462703  0.590048  0.578037  0.411208  0.604704  0.331181  0.663940  0.456391  0.290718  0.645603  0.878939  0.543836  0.711609  0.439274  0.678949  0.653942  0.519183  0.368290  0.350658  0.697395  0.286796  0.712466  0.073986  0.253539  0.705954  0.792793  0.628432  0.328450  0.683484  0.679939  0.703259 
16  0.663534  0.668650  0.853240  0.337705  0.000000  0.607224  0.638152  0.721060  0.949036  0.771618  0.573058  0.729650  0.669654  0.384788  0.581248  0.675727 0.0  0.606840  0.745535  0.800366  0.508618  0.713187  0.323366  0.781507  0.549372  0.672384  0.123468  0.575712  0.219567  0.355880  0.822033  0.719388  0.785646  0.724184  0.733394  0.678289  0.778298  0.646253  0.741665  0.783037  0.723204  0.617809  0.673237  0.215782  0.799392  0.653268  0.542345  0.616452  0.740228  0.678866  0.758588  0.750840  0.821363  0.552499  0.208598  0.630624  0.292479  0.761876  0.766348  0.557690  0.680402  0.786846  0.644881  0.877662  0.731032  0.562491  0.781115  0.804785  0.760129  0.691464  0.504561  0.788809  0.552708 
17  0.582394  0.424625  0.560871  0.538801  0.578687  0.531468  0.422054  0.704393  0.885405  0.930546  0.497101  0.563007  0.515032  0.567443  0.523561  0.387906  0.606840 0.0  0.485729  0.711790  0.607927  0.676128  0.632418  0.776628  0.464249  0.722307  0.621644  0.465817  0.647832  0.722195  0.730054  0.591406  0.693451  0.710498  0.775106  0.609708  0.706491  0.491516  0.560764  0.761897  0.629940  0.509907  0.587968  0.418570  0.742902  0.470967  0.565808  0.486861  0.688218  0.284413  0.498071  0.753729  0.624685  0.512820  0.602117  0.429004  0.602017  0.774248  0.508630  0.626081  0.434560  0.623567  0.447529  0.763643  0.378058  0.406497  0.746082  0.640153  0.723537  0.540788  0.606884  0.672101  0.743000 
18  0.660692  0.502816  0.635749  0.640099  0.680515  0.395650  0.530131  0.728697  0.777171  0.854716  0.297984  0.557552  0.022121  0.750176  0.437408  0.542977  0.745535  0.485729 0.0  0.848730  0.656810  0.605706  0.668252  0.669416  0.194456  0.741184  0.648345  0.277198  0.589720  0.609967  0.748212  0.622108  0.639463  0.664389  0.827455  0.711106  0.691632  0.573498  0.749480  0.723410  0.724086  0.141073  0.513482  0.529782  0.744590  0.448319  0.677680  0.388517  0.668411  0.571719  0.557974  0.722399  0.730784  0.359037  0.701467  0.426958  0.586113  0.801349  0.422469  0.502266  0.420167  0.628289  0.650553  0.723739  0.455059  0.455579  0.727988  0.709231  0.683947  0.393278  0.627055  0.636917  0.629370 
19  0.608600  0.791468  0.707797  0.766100  0.795194  0.710376  0.760556  0.739643  0.792823  0.879819  0.847530  0.769445  0.759321  0.743714  0.736327  0.686507  0.800366  0.711790  0.848730 0.0  0.876453  0.668194  0.763774  0.911081  0.794511  0.760917  0.785370  0.632636  0.812316  0.741786  0.699177  0.730468  0.575929  0.724058  0.695815  0.645839  0.675994  0.679289  0.734629  0.638282  0.771489  0.635303  0.811925  0.732254  0.791822  0.818629  0.761815  0.811313  0.512059  0.764840  0.683409  0.706302  0.840111  0.811326  0.760863  0.690313  0.831242  0.526416  0.800351  0.743571  0.721037  0.635762  0.749171  0.559778  0.768076  0.713610  0.589499  0.692017  0.673601  0.782760  0.747724  0.670304  0.758379 
20  0.733063  0.621324  0.745392  0.425826  0.427513  0.632287  0.539204  0.699443  0.780131  0.763011  0.633774  0.775785  0.611290  0.431776  0.602323  0.735545  0.508618  0.607927  0.656810  0.876453 0.0  0.736963  0.437319  0.530487  0.533845  0.762839  0.439955  0.722395  0.485827  0.366032  0.677365  0.669737  0.688909  0.809516  0.820730  0.740892  0.835355  0.655149  0.809383  0.756473  0.670864  0.713234  0.494495  0.428486  0.733348  0.617969  0.573737  0.764941  0.759568  0.595798  0.662207  0.702122  0.638176  0.689823  0.443535  0.664952  0.406552  0.854780  0.646831  0.768276  0.578414  0.777193  0.622045  0.842467  0.714424  0.617184  0.798835  0.777198  0.664441  0.703070  0.621850  0.810779  0.581422 
21  0.542845  0.593311  0.689575  0.757935  0.608159  0.633050  0.734692  0.604104  0.912987  0.903105  0.644025  0.571054  0.705206  0.739300  0.608618  0.695943  0.713187  0.676128  0.605706  0.668194  0.736963 0.0  0.653001  0.750583  0.690887  0.589258  0.784619  0.662520  0.779887  0.736026  0.408323  0.487443  0.465593  0.685185  0.568419  0.667301  0.704011  0.528085  0.536631  0.773467  0.384885  0.585541  0.675846  0.693898  0.478928  0.616737  0.669683  0.671083  0.618769  0.621446  0.659822  0.584345  0.835054  0.773820  0.718945  0.666106  0.813684  0.680289  0.700472  0.534965  0.610634  0.597655  0.731576  0.639161  0.602900  0.687100  0.566220  0.568819  0.572436  0.620417  0.793507  0.462882  0.793149 
22  0.858914  0.694855  0.830000  0.173633  0.416063  0.692547  0.607085  0.805464  0.935858  0.802255  0.639140  0.722848  0.598927  0.368686  0.648456  0.690383  0.323366  0.632418  0.668252  0.763774  0.437319  0.653001 0.0  0.617360  0.585604  0.826337  0.394314  0.704686  0.399217  0.508029  0.745228  0.764563  0.778835  0.821716  0.644815  0.677468  0.804590  0.767716  0.755125  0.841370  0.732307  0.636259  0.708020  0.376891  0.669531  0.724788  0.634284  0.586956  0.835046  0.731562  0.702481  0.798779  0.664179  0.643485  0.258799  0.590835  0.476592  0.689876  0.611195  0.751257  0.632442  0.773515  0.726991  0.700010  0.768576  0.644561  0.778010  0.772612  0.699153  0.702312  0.611296  0.795906  0.576510 
23  0.752692  0.725345  0.858066  0.740292  0.670801  0.679570  0.657533  0.726143  0.841924  0.692691  0.838963  0.844431  0.738411  0.594498  0.715220  0.731606  0.781507  0.776628  0.669416  0.911081  0.530487  0.750583  0.617360 0.0  0.758832  0.740766  0.716897  0.834910  0.697229  0.684293  0.796245  0.591748  0.725805  0.768739  0.794553  0.813469  0.829446  0.725773  0.862845  0.891120  0.762211  0.782026  0.679751  0.602775  0.673852  0.662362  0.487708  0.793316  0.738069  0.780839  0.713875  0.832030  0.826265  0.708877  0.710846  0.659016  0.652265  0.793705  0.906835  0.751382  0.612906  0.804049  0.703799  0.813721  0.643841  0.790383  0.742133  0.801116  0.658252  0.693115  0.655982  0.806980  0.664451 
24  0.480143  0.473634  0.632939  0.566057  0.654194  0.364981  0.423778  0.652325  0.849199  0.832562  0.253765  0.630678  0.254320  0.678481  0.539552  0.434713  0.549372  0.464249  0.194456  0.794511  0.533845  0.690887  0.585604  0.758832 0.0  0.601863  0.675153  0.509691  0.629455  0.637382  0.728816  0.537880  0.777116  0.782758  0.702593  0.563800  0.733300  0.437050  0.714770  0.754525  0.660582  0.145398  0.609707  0.540723  0.740571  0.413981  0.560286  0.470753  0.617167  0.531091  0.438474  0.718131  0.897234  0.429523  0.667491  0.301012  0.643693  0.687417  0.433091  0.514681  0.404885  0.725010  0.599266  0.694724  0.520440  0.570002  0.740447  0.770177  0.672336  0.381243  0.703524  0.609162  0.683884 
25  0.515964  0.616422  0.513163  0.858872  0.682901  0.723272  0.548578  0.685161  0.844387  0.953401  0.785718  0.547396  0.586806  0.654349  0.531404  0.584777  0.672384  0.722307  0.741184  0.760917  0.762839  0.589258  0.826337  0.740766  0.601863 0.0  0.722308  0.542888  0.585154  0.894662  0.523843  0.538551  0.538090  0.617272  0.551201  0.686669  0.644239  0.544202  0.559719  0.716802  0.339098  0.646276  0.634160  0.666314  0.611096  0.537722  0.639842  0.665914  0.689786  0.558249  0.592917  0.593275  0.848131  0.585659  0.739153  0.678454  0.732457  0.675597  0.679165  0.615691  0.630833  0.600404  0.564419  0.742173  0.505855  0.676662  0.617185  0.674999  0.579489  0.638663  0.864252  0.695421  0.792878 
26  0.644523  0.585767  0.811945  0.402445  0.231547  0.598162  0.619818  0.718424  0.835238  0.802058  0.579785  0.708433  0.623660  0.316678  0.664482  0.613454  0.123468  0.621644  0.648345  0.785370  0.439955  0.784619  0.394314  0.716897  0.675153  0.722308 0.0  0.543558  0.161516  0.488272  0.738033  0.780382  0.735664  0.771591  0.758227  0.784380  0.785285  0.739634  0.775406  0.756394  0.791586  0.725384  0.642189  0.140117  0.794224  0.656965  0.563415  0.627245  0.869988  0.562872  0.681144  0.761406  0.810884  0.698066  0.343368  0.688052  0.199218  0.869771  0.737496  0.779285  0.691093  0.737265  0.738172  0.666861  0.671030  0.641242  0.801478  0.825915  0.770749  0.633502  0.758510  0.742571  0.425857 
27  0.582406  0.269191  0.647679  0.645464  0.696133  0.281452  0.550650  0.739695  0.750858  0.888354  0.358248  0.731746  0.491691  0.721467  0.249138  0.526730  0.575712  0.465817  0.277198  0.632636  0.722395  0.662520  0.704686  0.834910  0.509691  0.542888  0.543558 0.0  0.705649  0.692975  0.648113  0.387474  0.705362  0.758077  0.579506  0.630452  0.777082  0.331672  0.637185  0.807256  0.531363  0.540269  0.509833  0.606018  0.615458  0.429508  0.759230  0.162922  0.782485  0.520580  0.449578  0.684763  0.955541  0.258400  0.655296  0.425657  0.566039  0.782833  0.376391  0.531467  0.465686  0.619057  0.550451  0.625366  0.461943  0.424455  0.703487  0.635392  0.596206  0.168342  0.768424  0.702856  0.619096 
28  0.719019  0.598994  0.739551  0.433606  0.222529  0.578290  0.599501  0.721657  0.803836  0.909430  0.721449  0.612056  0.623701  0.342439  0.569788  0.539929  0.219567  0.647832  0.589720  0.812316  0.485827  0.779887  0.399217  0.697229  0.629455  0.585154  0.161516  0.705649 0.0  0.402713  0.801882  0.735033  0.793009  0.738125  0.808917  0.785011  0.716116  0.675203  0.788973  0.737772  0.828911  0.727909  0.516452  0.181664  0.701620  0.528908  0.647763  0.646494  0.752817  0.644206  0.713755  0.837974  0.701856  0.628334  0.424093  0.647441  0.301707  0.782652  0.575598  0.673199  0.676687  0.727767  0.600204  0.827954  0.767190  0.664790  0.802512  0.739772  0.648088  0.545470  0.717588  0.740865  0.518000 
29  0.782930  0.741172  0.685690  0.348314  0.415880  0.764806  0.698399  0.779594  0.796311  0.821155  0.596767  0.583756  0.680368  0.427853  0.714339  0.761707  0.355880  0.722195  0.609967  0.741786  0.366032  0.736026  0.508029  0.684293  0.637382  0.894662  0.488272  0.692975  0.402713 0.0  0.695055  0.727246  0.800764  0.735179  0.822207  0.747036  0.795843  0.750576  0.837680  0.821377  0.836090  0.610029  0.724578  0.349724  0.749656  0.707191  0.538228  0.704464  0.713507  0.582410  0.559741  0.734855  0.738079  0.678237  0.324275  0.633985  0.460710  0.817116  0.663792  0.761696  0.468206  0.716172  0.631989  0.785594  0.569062  0.643066  0.731977  0.747972  0.732231  0.624997  0.659190  0.734914  0.534054 
30  0.531137  0.748203  0.555540  0.746324  0.737330  0.628345  0.647744  0.543553  0.911545  0.798683  0.664894  0.597834  0.688299  0.711403  0.599835  0.505929  0.822033  0.730054  0.748212  0.699177  0.677365  0.408323  0.745228  0.796245  0.728816  0.523843  0.738033  0.648113  0.801882  0.695055 0.0  0.572816  0.504165  0.593498  0.633670  0.398044  0.645244  0.653448  0.452721  0.572249  0.520460  0.651468  0.621948  0.725028  0.520498  0.658257  0.654058  0.600580  0.721809  0.676563  0.623807  0.530479  0.698675  0.704096  0.858902  0.595822  0.595878  0.728182  0.756703  0.559451  0.580701  0.682588  0.651527  0.524120  0.749941  0.737437  0.535468  0.636270  0.590440  0.599313  0.883257  0.627110  0.743764 
31  0.681675  0.434456  0.640572  0.763453  0.794743  0.499449  0.644542  0.693932  0.732830  0.775450  0.601526  0.548344  0.579870  0.674014  0.525919  0.526665  0.719388  0.591406  0.622108  0.730468  0.669737  0.487443  0.764563  0.591748  0.537880  0.538551  0.780382  0.387474  0.735033  0.727246  0.572816 0.0  0.627557  0.680695  0.655438  0.424738  0.737546  0.402236  0.592429  0.664178  0.567569  0.490705  0.619932  0.738196  0.660929  0.591526  0.610950  0.415468  0.664152  0.554060  0.527734  0.528771  0.838515  0.482191  0.752769  0.589090  0.727225  0.683968  0.609496  0.355403  0.529001  0.670185  0.525077  0.668498  0.518336  0.503406  0.656934  0.527836  0.681207  0.543600  0.775363  0.551748  0.708203 
32  0.634750  0.649084  0.687078  0.690511  0.726559  0.658382  0.794459  0.450484  0.814761  0.892142  0.717080  0.634969  0.711360  0.824640  0.660733  0.696204  0.785646  0.693451  0.639463  0.575929  0.688909  0.465593  0.778835  0.725805  0.777116  0.538090  0.735664  0.705362  0.793009  0.800764  0.504165  0.627557 0.0  0.506949  0.505940  0.646525  0.528684  0.603955  0.252534  0.645033  0.527788  0.681462  0.823535  0.643641  0.475585  0.577873  0.748501  0.734076  0.577099  0.696944  0.634249  0.548709  0.940017  0.670639  0.630881  0.726247  0.763130  0.683528  0.756095  0.661119  0.625050  0.594791  0.750196  0.488724  0.650556  0.624319  0.497574  0.614260  0.544347  0.575093  0.726358  0.618140  0.752153 
33  0.625652  0.761837  0.591515  0.714900  0.917290  0.700800  0.730268  0.483485  0.852597  0.870956  0.631006  0.757541  0.716032  0.863229  0.695078  0.813026  0.724184  0.710498  0.664389  0.724058  0.809516  0.685185  0.821716  0.768739  0.782758  0.617272  0.771591  0.758077  0.738125  0.735179  0.593498  0.680695  0.506949 0.0  0.470453  0.672611  0.362733  0.737776  0.614178  0.531020  0.668358  0.754487  0.734058  0.775701  0.522580  0.652679  0.830798  0.625215  0.362740  0.669891  0.749388  0.512048  0.855523  0.752491  0.685289  0.708651  0.705393  0.627063  0.719573  0.720898  0.761334  0.676685  0.825434  0.316108  0.580825  0.663316  0.608111  0.653238  0.504208  0.783254  0.806704  0.691232  0.799637 
34  0.667119  0.694212  0.697795  0.817595  0.724948  0.793436  0.697666  0.452791  0.793704  0.805206  0.624539  0.721707  0.671072  0.664923  0.675600  0.718823  0.733394  0.775106  0.827455  0.695815  0.820730  0.568419  0.644815  0.794553  0.702593  0.551201  0.758227  0.579506  0.808917  0.822207  0.633670  0.655438  0.505940  0.470453 0.0  0.660343  0.223499  0.736227  0.423955  0.518710  0.660415  0.735621  0.621906  0.764936  0.733238  0.651291  0.674101  0.724179  0.580277  0.718123  0.671932  0.701407  0.806839  0.653488  0.800067  0.689510  0.698563  0.662192  0.667892  0.672870  0.678789  0.621725  0.834560  0.528322  0.743595  0.669576  0.330402  0.616950  0.708565  0.616833  0.837881  0.635733  0.768772 
35  0.616250  0.633438  0.590431  0.653856  0.813183  0.572999  0.685340  0.538566  0.774806  0.913574  0.799653  0.620591  0.575476  0.660433  0.578150  0.559765  0.678289  0.609708  0.711106  0.645839  0.740892  0.667301  0.677468  0.813469  0.563800  0.686669  0.784380  0.630452  0.785011  0.747036  0.398044  0.424738  0.646525  0.672611  0.660343 0.0  0.650992  0.636799  0.438926  0.593015  0.657444  0.603036  0.642957  0.785697  0.461700  0.595154  0.631970  0.519631  0.558898  0.548501  0.595802  0.516758  0.804543  0.512287  0.825150  0.621488  0.735187  0.624572  0.604946  0.455804  0.534718  0.520844  0.540431  0.613523  0.483228  0.594090  0.651531  0.608067  0.640848  0.610070  0.834054  0.643861  0.749995 
36  0.682202  0.807156  0.664296  0.763442  0.821742  0.727743  0.714075  0.606114  0.863847  0.963416  0.644834  0.646341  0.705048  0.795826  0.712304  0.724147  0.778298  0.706491  0.691632  0.675994  0.835355  0.704011  0.804590  0.829446  0.733300  0.644239  0.785285  0.777082  0.716116  0.795843  0.645244  0.737546  0.528684  0.362733  0.223499  0.650992 0.0  0.626178  0.450564  0.506594  0.589815  0.672042  0.796983  0.753266  0.467629  0.707069  0.815111  0.731414  0.562852  0.694702  0.624285  0.619082  0.781127  0.771833  0.780536  0.705695  0.762878  0.721601  0.806361  0.583410  0.712452  0.651226  0.705465  0.667631  0.708791  0.541775  0.306357  0.720539  0.590310  0.564174  0.818022  0.691561  0.768908 
37  0.584738  0.414341  0.663843  0.692725  0.659737  0.361185  0.595577  0.605665  0.875672  0.829583  0.524690  0.562934  0.609245  0.665547  0.401294  0.378083  0.646253  0.491516  0.573498  0.679289  0.655149  0.528085  0.767716  0.725773  0.437050  0.544202  0.739634  0.331672  0.675203  0.750576  0.653448  0.402236  0.603955  0.737776  0.736227  0.636799  0.626178 0.0  0.657729  0.694131  0.545685  0.473412  0.522199  0.683163  0.675973  0.425961  0.567463  0.423076  0.652885  0.352120  0.177710  0.677716  0.875906  0.378213  0.838138  0.391826  0.670725  0.606283  0.461325  0.382051  0.523103  0.550145  0.422311  0.754338  0.399461  0.246785  0.692155  0.720029  0.631266  0.428535  0.691781  0.737550  0.671164 
38  0.654213  0.745534  0.716372  0.806230  0.722620  0.655287  0.637981  0.405366  0.832407  0.883891  0.673083  0.649261  0.657311  0.692000  0.833183  0.695894  0.741665  0.560764  0.749480  0.734629  0.809383  0.536631  0.755125  0.862845  0.714770  0.559719  0.775406  0.637185  0.788973  0.837680  0.452721  0.592429  0.252534  0.614178  0.423955  0.438926  0.450564  0.657729 0.0  0.549709  0.585842  0.615370  0.759274  0.671473  0.556676  0.637204  0.617421  0.729611  0.478150  0.680795  0.756753  0.667208  0.925783  0.584599  0.835087  0.565926  0.651473  0.733508  0.648314  0.659856  0.690304  0.605873  0.629894  0.471601  0.633347  0.769297  0.532448  0.637768  0.575903  0.711821  0.826048  0.607837  0.814684 
39  0.660207  0.695561  0.572058  0.868627  0.832652  0.661938  0.729731  0.492466  0.749733  0.883464  0.682795  0.791684  0.661744  0.714681  0.694111  0.812173  0.783037  0.761897  0.723410  0.638282  0.756473  0.773467  0.841370  0.891120  0.754525  0.716802  0.756394  0.807256  0.737772  0.821377  0.572249  0.664178  0.645033  0.531020  0.518710  0.593015  0.506594  0.694131  0.549709 0.0  0.691470  0.673734  0.773183  0.807077  0.602964  0.727075  0.801574  0.684091  0.368432  0.752819  0.662216  0.555598  0.915168  0.789276  0.742317  0.638737  0.866569  0.561279  0.755005  0.725310  0.715073  0.549569  0.779024  0.597760  0.690627  0.755537  0.601335  0.687114  0.575313  0.755296  0.926512  0.714133  0.802984 
40  0.569828  0.656984  0.661633  0.774883  0.671418  0.773302  0.698605  0.511711  0.883087  0.847459  0.619763  0.347996  0.677316  0.943172  0.763403  0.698378  0.723204  0.629940  0.724086  0.771489  0.670864  0.384885  0.732307  0.762211  0.660582  0.339098  0.791586  0.531363  0.828911  0.836090  0.520460  0.567569  0.527788  0.668358  0.660415  0.657444  0.589815  0.545685  0.585842  0.691470 0.0  0.666558  0.715429  0.671855  0.651879  0.559108  0.772478  0.721754  0.612408  0.685484  0.580776  0.596188  0.736828  0.603549  0.732094  0.569894  0.730794  0.667026  0.608784  0.553054  0.654493  0.691110  0.572876  0.543184  0.690595  0.573126  0.641659  0.631957  0.618122  0.671901  0.757407  0.590175  0.765333 
41  0.575832  0.442004  0.697405  0.672952  0.579489  0.385361  0.481385  0.779049  0.932511  0.906452  0.329261  0.639936  0.148276  0.650792  0.635667  0.523491  0.617809  0.509907  0.141073  0.635303  0.713234  0.585541  0.636259  0.782026  0.145398  0.646276  0.725384  0.540269  0.727909  0.610029  0.651468  0.490705  0.681462  0.754487  0.735621  0.603036  0.672042  0.473412  0.615370  0.673734  0.666558 0.0  0.561171  0.597381  0.699622  0.450178  0.608983  0.491067  0.780738  0.449866  0.572511  0.517152  0.703220  0.506432  0.561634  0.362772  0.642903  0.708330  0.372677  0.583474  0.563242  0.736996  0.501210  0.730517  0.469200  0.549882  0.827485  0.624026  0.564180  0.454919  0.716942  0.568724  0.674204 
42  0.601053  0.604344  0.684708  0.497499  0.571836  0.512292  0.371164  0.798062  0.836672  0.819541  0.496542  0.637741  0.426025  0.507699  0.594532  0.462703  0.673237  0.587968  0.513482  0.811925  0.494495  0.675846  0.708020  0.679751  0.609707  0.634160  0.642189  0.509833  0.516452  0.724578  0.621948  0.619932  0.823535  0.734058  0.621906  0.642957  0.796983  0.522199  0.759274  0.773183  0.715429  0.561171 0.0  0.491571  0.710903  0.640965  0.447452  0.559670  0.708920  0.365099  0.543199  0.653212  0.855459  0.519892  0.694458  0.644209  0.621740  0.746665  0.498276  0.585174  0.428861  0.694510  0.502454  0.698677  0.447054  0.546374  0.767720  0.676709  0.750425  0.526207  0.721701  0.647175  0.594620 
43  0.736759  0.665878  0.655855  0.452807  0.235737  0.751004  0.687449  0.753643  0.893205  0.821051  0.618509  0.612382  0.598098  0.290051  0.690974  0.590048  0.215782  0.418570  0.529782  0.732254  0.428486  0.693898  0.376891  0.602775  0.540723  0.666314  0.140117  0.606018  0.181664  0.349724  0.725028  0.738196  0.643641  0.775701  0.764936  0.785697  0.753266  0.683163  0.671473  0.807077  0.671855  0.597381  0.491571 0.0  0.708089  0.557675  0.565985  0.595081  0.797880  0.619484  0.578031  0.784621  0.767882  0.661814  0.302333  0.626358  0.204395  0.881557  0.614680  0.633652  0.638871  0.783168  0.604111  0.811520  0.786873  0.635421  0.670607  0.720220  0.758415  0.587676  0.557504  0.743297  0.572888 
44  0.634869  0.677561  0.482490  0.755453  0.620334  0.739578  0.730893  0.466423  0.777123  0.900132  0.610830  0.604027  0.599375  0.725353  0.558546  0.578037  0.799392  0.742902  0.744590  0.791822  0.733348  0.478928  0.669531  0.673852  0.740571  0.611096  0.794224  0.615458  0.701620  0.749656  0.520498  0.660929  0.475585  0.522580  0.733238  0.461700  0.467629  0.675973  0.556676  0.602964  0.651879  0.699622  0.710903  0.708089 0.0  0.611177  0.731141  0.683536  0.545688  0.566106  0.643149  0.420700  0.730501  0.710611  0.780522  0.658618  0.686952  0.678969  0.639756  0.506541  0.610404  0.562237  0.680123  0.618149  0.706853  0.644599  0.603956  0.555813  0.399317  0.713355  0.785636  0.546759  0.701088 
45  0.610179  0.317490  0.607208  0.523824  0.813936  0.359628  0.548573  0.617177  0.930526  0.780909  0.354797  0.511683  0.358230  0.641758  0.459561  0.411208  0.653268  0.470967  0.448319  0.818629  0.617969  0.616737  0.724788  0.662362  0.413981  0.537722  0.656965  0.429508  0.528908  0.707191  0.658257  0.591526  0.577873  0.652679  0.651291  0.595154  0.707069  0.425961  0.637204  0.727075  0.559108  0.450178  0.640965  0.557675  0.611177 0.0  0.522757  0.337237  0.701058  0.497736  0.475134  0.606079  0.773264  0.387080  0.607366  0.431066  0.818362  0.703813  0.130952  0.441929  0.371847  0.645334  0.646324  0.639881  0.538588  0.514834  0.759478  0.725761  0.619834  0.379279  0.824053  0.628916  0.722890 
46  0.692721  0.544053  0.649987  0.544530  0.564450  0.538580  0.409264  0.795825  0.859210  0.808559  0.479746  0.640760  0.545297  0.501259  0.569304  0.604704  0.542345  0.565808  0.677680  0.761815  0.573737  0.669683  0.634284  0.487708  0.560286  0.639842  0.563415  0.759230  0.647763  0.538228  0.654058  0.610950  0.748501  0.830798  0.674101  0.631970  0.815111  0.567463  0.617421  0.801574  0.772478  0.608983  0.447452  0.565985  0.731141  0.522757 0.0  0.514900  0.699157  0.557611  0.583062  0.735113  0.779520  0.600304  0.520713  0.659288  0.392965  0.821041  0.543754  0.554551  0.487025  0.772286  0.599680  0.843565  0.689613  0.641026  0.658420  0.720030  0.756202  0.482373  0.683589  0.755225  0.643013 
47  0.617796  0.202485  0.694669  0.618408  0.681612  0.472907  0.429329  0.669007  0.885661  0.938491  0.326540  0.588317  0.314405  0.705198  0.352567  0.331181  0.616452  0.486861  0.388517  0.811313  0.764941  0.671083  0.586956  0.793316  0.470753  0.665914  0.627245  0.162922  0.646494  0.704464  0.600580  0.415468  0.734076  0.625215  0.724179  0.519631  0.731414  0.423076  0.729611  0.684091  0.721754  0.491067  0.559670  0.595081  0.683536  0.337237  0.514900 0.0  0.604666  0.607091  0.431837  0.708239  0.795423  0.273482  0.628922  0.338976  0.613471  0.667567  0.283922  0.410219  0.239299  0.656478  0.495809  0.688224  0.493537  0.553827  0.631644  0.598522  0.689895  0.461763  0.772426  0.757558  0.693458 
48  0.672728  0.651188  0.598021  0.830614  0.772325  0.806397  0.756996  0.510744  0.932765  0.881593  0.691117  0.630246  0.810715  0.725070  0.659345  0.663940  0.740228  0.688218  0.668411  0.512059  0.759568  0.618769  0.835046  0.738069  0.617167  0.689786  0.869988  0.782485  0.752817  0.713507  0.721809  0.664152  0.577099  0.362740  0.580277  0.558898  0.562852  0.652885  0.478150  0.368432  0.612408  0.780738  0.708920  0.797880  0.545688  0.701058  0.699157  0.604666 0.0  0.632615  0.714726  0.605381  0.775577  0.738568  0.820188  0.667498  0.831778  0.646293  0.689112  0.698923  0.752772  0.513184  0.602090  0.353342  0.682063  0.607204  0.625301  0.625274  0.505347  0.746143  0.905315  0.652633  0.833204 
49  0.740277  0.617576  0.802112  0.529643  0.817584  0.422461  0.397593  0.660035  0.875892  0.788136  0.483053  0.637708  0.439355  0.584464  0.544038  0.456391  0.678866  0.284413  0.571719  0.764840  0.595798  0.621446  0.731562  0.780839  0.531091  0.558249  0.562872  0.520580  0.644206  0.582410  0.676563  0.554060  0.696944  0.669891  0.718123  0.548501  0.694702  0.352120  0.680795  0.752819  0.685484  0.449866  0.365099  0.619484  0.566106  0.497736  0.557611  0.607091  0.632615 0.0  0.459257  0.625134  0.714119  0.477968  0.702149  0.485453  0.631394  0.727912  0.533690  0.493996  0.501650  0.610897  0.398607  0.769593  0.454973  0.495592  0.671553  0.701924  0.807024  0.407981  0.696456  0.785831  0.523398 
50  0.561165  0.374976  0.655580  0.758593  0.675642  0.447400  0.639205  0.705030  0.901854  0.891246  0.447364  0.548616  0.472509  0.619120  0.371285  0.290718  0.758588  0.498071  0.557974  0.683409  0.662207  0.659822  0.702481  0.713875  0.438474  0.592917  0.681144  0.449578  0.713755  0.559741  0.623807  0.527734  0.634249  0.749388  0.671932  0.595802  0.624285  0.177710  0.756753  0.662216  0.580776  0.572511  0.543199  0.578031  0.643149  0.475134  0.583062  0.431837  0.714726  0.459257 0.0  0.579792  0.852592  0.438791  0.746285  0.450789  0.673920  0.777753  0.514534  0.406813  0.434455  0.754453  0.433648  0.676602  0.417853  0.445828  0.563277  0.646951  0.655238  0.403051  0.771127  0.559200  0.641162 
51  0.581621  0.661718  0.443461  0.760551  0.634381  0.603914  0.659070  0.552185  0.750857  0.829297  0.635373  0.660079  0.653812  0.660471  0.604723  0.645603  0.750840  0.753729  0.722399  0.706302  0.702122  0.584345  0.798779  0.832030  0.718131  0.593275  0.761406  0.684763  0.837974  0.734855  0.530479  0.528771  0.548709  0.512048  0.701407  0.516758  0.619082  0.677716  0.667208  0.555598  0.596188  0.517152  0.653212  0.784621  0.420700  0.606079  0.735113  0.708239  0.605381  0.625134  0.579792 0.0  0.870909  0.685412  0.780724  0.618461  0.788597  0.691217  0.614353  0.600662  0.586137  0.399760  0.580859  0.607243  0.630521  0.657962  0.648352  0.442825  0.324960  0.606551  0.729392  0.510997  0.818431 
52  0.821624  0.774909  0.841504  0.727357  0.624976  0.809001  0.749659  0.869965  0.903434  0.713449  0.699272  0.905679  0.734991  0.779127  0.803752  0.878939  0.821363  0.624685  0.730784  0.840111  0.638176  0.835054  0.664179  0.826265  0.897234  0.848131  0.810884  0.955541  0.701856  0.738079  0.698675  0.838515  0.940017  0.855523  0.806839  0.804543  0.781127  0.875906  0.925783  0.915168  0.736828  0.703220  0.855459  0.767882  0.730501  0.773264  0.779520  0.795423  0.775577  0.714119  0.852592  0.870909 0.0  0.872949  0.878036  0.773923  0.812244  0.846794  0.885477  0.833082  0.809313  0.869129  0.792534  0.947514  0.772499  0.691703  0.952768  0.721603  0.779391  0.814426  0.685471  0.896014  0.728084 
53  0.554426  0.153436  0.620116  0.612227  0.621499  0.301765  0.606281  0.602323  0.845160  0.758208  0.536624  0.627061  0.451047  0.584176  0.327582  0.543836  0.552499  0.512820  0.359037  0.811326  0.689823  0.773820  0.643485  0.708877  0.429523  0.585659  0.698066  0.258400  0.628334  0.678237  0.704096  0.482191  0.670639  0.752491  0.653488  0.512287  0.771833  0.378213  0.584599  0.789276  0.603549  0.506432  0.519892  0.661814  0.710611  0.387080  0.600304  0.273482  0.738568  0.477968  0.438791  0.685412  0.872949 0.0  0.620932  0.414030  0.663790  0.754832  0.477712  0.523325  0.355942  0.644481  0.414962  0.649644  0.484248  0.402682  0.716647  0.711693  0.740540  0.329215  0.780069  0.548174  0.672571 
