73
0 0.0  0.713541  0.835844  0.703694  0.331827  0.704999  0.175834  0.744096  0.553419  0.872050  0.521071  0.765602  0.455136  0.543002  0.772119  0.692417  0.700537  0.776846  0.637908  0.375568  0.756281  0.781603  0.713996  0.784790  0.670922  0.483985  0.595786  0.794090  0.248305  0.591310  0.818989  0.605273  0.767396  0.595380  0.758706  0.854282  0.676524  0.819608  0.891591  0.242254  0.682922  0.529401  0.573081  0.695138  0.540440  0.632516  0.598677  0.530124  0.779247  0.660001  0.832293  0.693494  0.810425  0.570520  0.660270  0.703365  0.587814  0.128505  0.791280  0.638485  0.092410  0.833114  0.657423  0.667623  0.366770  0.813080  0.843273  0.583626  0.307675  0.528721  0.701751  0.675529  0.842702 
1  0.713541 0.0  0.568573  0.000000  0.745552  0.247087  0.616050  0.687059  0.483095  0.894408  0.493599  0.623978  0.630466  0.249337  0.676786  0.512147  0.716146  0.641028  0.403815  0.695807  0.700482  0.435776  0.498364  0.246475  0.275171  0.665865  0.522489  0.601353  0.598918  0.557791  0.737750  0.371580  0.681278  0.782163  0.661947  0.638092  0.629661  0.605191  0.776425  0.671584  0.562051  0.610904  0.662475  0.836708  0.696198  0.832622  0.370597  0.715781  0.664149  0.390689  0.818871  0.750422  0.653887  0.501297  0.629011  0.737459  0.374736  0.598604  0.692170  0.446279  0.687774  0.791264  0.420173  0.430861  0.681343  0.688869  0.620242  0.537413  0.582144  0.722827  0.706893  0.686861  0.593270 
2  0.835844  0.568573 0.0  0.811786  0.702151  0.672710  0.816825  0.438974  0.738379  0.821382  0.664112  0.530708  0.795916  0.645863  0.586340  0.709225  0.354581  0.652235  0.675947  0.713792  0.644322  0.669723  0.800005  0.729346  0.640495  0.788883  0.758062  0.499149  0.739214  0.693936  0.563422  0.565371  0.481240  0.866956  0.601962  0.545238  0.588542  0.472092  0.686407  0.707310  0.700580  0.606251  0.695381  0.259152  0.767095  0.768564  0.658234  0.817990  0.566317  0.620563  0.793995  0.708419  0.598922  0.584246  0.613365  0.557569  0.808647  0.691619  0.506191  0.704305  0.707080  0.340746  0.773190  0.617900  0.601233  0.691140  0.571461  0.650931  0.844698  0.695305  0.520114  0.937703  0.575072 
3  0.703694  0.000000  0.811786 0.0  0.754914  0.234414  0.612785  0.612797  0.409797  0.788684  0.454933  0.599437  0.630633  0.366291  0.691618  0.413346  0.640552  0.723351  0.389071  0.669916  0.765061  0.239134  0.612769  0.391261  0.181765  0.710918  0.545448  0.515310  0.702502  0.496564  0.633526  0.377725  0.782240  0.679377  0.600438  0.605025  0.532830  0.769693  0.751189  0.613148  0.348281  0.619177  0.556313  0.670758  0.690473  0.715564  0.261926  0.724693  0.701872  0.295852  0.845926  0.800219  0.759290  0.478923  0.529615  0.727359  0.384110  0.620635  0.698577  0.423527  0.694397  0.695270  0.389723  0.432578  0.599430  0.758900  0.642506  0.346044  0.631737  0.464221  0.584752  0.859908  0.491285 
4  0.331827  0.745552  0.702151  0.754914 0.0  0.735406  0.382796  0.651960  0.593534  0.839190  0.686981  0.655133  0.700085  0.634635  0.683718  0.724601  0.813357  0.635138  0.566316  0.205898  0.751434  0.700220  0.752416  0.756491  0.730706  0.426843  0.590767  0.709878  0.270065  0.695804  0.793556  0.760177  0.743812  0.766176  0.791114  0.585259  0.790451  0.641435  0.822447  0.286235  0.659105  0.644814  0.587129  0.782745  0.377853  0.557588  0.722541  0.468403  0.747634  0.604752  0.938920  0.659919  0.832769  0.536653  0.576825  0.701889  0.716364  0.389525  0.761497  0.466103  0.321484  0.812707  0.567733  0.578877  0.392166  0.799780  0.719785  0.587436  0.000000  0.272560  0.842441  0.775379  0.689436 
5  0.704999  0.247087  0.672710  0.234414  0.735406 0.0  0.690768  0.705115  0.555802  0.867926  0.536804  0.469070  0.503124  0.286568  0.687017  0.365468  0.632132  0.743805  0.430342  0.525378  0.658643  0.357067  0.604866  0.444417  0.279091  0.632487  0.714507  0.634503  0.677882  0.509878  0.655034  0.566664  0.708694  0.769974  0.622829  0.682214  0.574346  0.669322  0.812697  0.715473  0.471802  0.611061  0.662475  0.698357  0.660060  0.706002  0.396062  0.747034  0.797650  0.406853  0.928079  0.739433  0.642403  0.435669  0.399350  0.779977  0.405810  0.747682  0.705165  0.538347  0.703803  0.659689  0.463957  0.372171  0.680460  0.745304  0.762692  0.556782  0.736688  0.639188  0.601974  0.906655  0.535708 
6  0.175834  0.616050  0.816825  0.612785  0.382796  0.690768 0.0  0.774190  0.511811  0.774022  0.756801  0.700398  0.628515  0.684021  0.819365  0.619012  0.721691  0.690291  0.659588  0.409936  0.744266  0.742262  0.579222  0.605097  0.664690  0.396805  0.689545  0.804857  0.182360  0.734596  0.823135  0.652055  0.803955  0.748376  0.686025  0.801179  0.635246  0.815905  0.779493  0.215383  0.642245  0.525516  0.511855  0.763702  0.421586  0.657617  0.714302  0.556961  0.800072  0.655327  0.892654  0.674390  0.722758  0.658162  0.656985  0.864665  0.700281  0.006275  0.779890  0.635482  0.318664  0.788586  0.660962  0.584974  0.409495  0.761607  0.721685  0.689991  0.248494  0.388868  0.763397  0.754666  0.694461 
7  0.744096  0.687059  0.438974  0.612797  0.651960  0.705115  0.774190 0.0  0.697419  0.816179  0.655172  0.393700  0.622072  0.600368  0.424373  0.581759  0.451457  0.559045  0.661407  0.761540  0.524922  0.587700  0.666308  0.656802  0.602379  0.768125  0.771368  0.510716  0.788648  0.531382  0.566150  0.580016  0.475863  0.859379  0.595468  0.619974  0.555073  0.586367  0.703139  0.721986  0.709590  0.687057  0.658378  0.531474  0.742507  0.728316  0.603952  0.656480  0.692300  0.632181  0.808414  0.799328  0.638339  0.679678  0.810997  0.722029  0.651999  0.721151  0.757593  0.627841  0.672634  0.452642  0.638247  0.624458  0.801062  0.758663  0.719523  0.662795  0.684103  0.708199  0.015618  0.732108  0.566554 
8  0.553419  0.483095  0.738379  0.409797  0.593534  0.555802  0.511811  0.697419 0.0  0.768474  0.491854  0.602672  0.392873  0.571696  0.735424  0.623160  0.674866  0.595102  0.394494  0.595463  0.603101  0.519197  0.604742  0.536961  0.462865  0.581215  0.432603  0.659179  0.676943  0.699937  0.676993  0.477192  0.760070  0.750307  0.731165  0.611295  0.633568  0.793403  0.894187  0.627554  0.537163  0.499721  0.519377  0.865787  0.610540  0.554311  0.541328  0.604059  0.785706  0.678496  0.802288  0.720734  0.714701  0.488586  0.450129  0.850538  0.556316  0.633165  0.748143  0.383993  0.521541  0.666055  0.465904  0.517667  0.626031  0.806568  0.709588  0.465307  0.670787  0.650778  0.709952  0.777953  0.596776 
9  0.872050  0.894408  0.821382  0.788684  0.839190  0.867926  0.774022  0.816179  0.768474 0.0  0.888367  0.938827  0.751201  0.828927  0.895503  0.916933  0.806505  0.924722  0.848932  0.763292  0.948455  0.740834  1.000000  0.840443  0.813468  0.879214  0.843389  0.838052  0.815673  0.774430  0.933762  0.820831  0.870788  0.683319  0.822011  0.934265  0.874264  0.831457  0.850326  0.845159  0.949496  0.939478  0.880064  0.912516  0.906646  0.867730  0.883620  0.709885  0.824329  0.860174  0.881587  0.857595  0.943984  0.911127  0.930596  0.855696  0.908107  0.854246  0.838721  0.723632  0.850930  0.851710  0.903638  0.808731  0.743771  0.809698  0.946556  0.810095  0.934434  0.795511  0.950887  0.665679  0.842655 
10  0.521071  0.493599  0.664112  0.454933  0.686981  0.536804  0.756801  0.655172  0.491854  0.888367 0.0  0.663660  0.454588  0.590811  0.714735  0.546801  0.712287  0.710356  0.428921  0.629927  0.750649  0.507959  0.522176  0.390424  0.490906  0.574044  0.384223  0.707775  0.611512  0.645565  0.743603  0.395434  0.707192  0.747018  0.632026  0.652894  0.619160  0.682156  0.794643  0.504075  0.464581  0.506183  0.413021  0.671429  0.621430  0.715546  0.553874  0.601337  0.827143  0.438767  0.900965  0.792693  0.811673  0.518409  0.310464  0.788205  0.639208  0.534049  0.791066  0.412346  0.650374  0.650686  0.450049  0.477273  0.672514  0.728548  0.700135  0.539413  0.675044  0.632538  0.739225  0.791582  0.635108 
11  0.765602  0.623978  0.530708  0.599437  0.655133  0.469070  0.700398  0.393700  0.602672  0.938827  0.663660 0.0  0.737557  0.693345  0.527288  0.530474  0.693718  0.627075  0.674637  0.625612  0.513417  0.542963  0.753780  0.574727  0.623145  0.773613  0.645516  0.384705  0.700802  0.463520  0.647860  0.611955  0.584633  0.759521  0.521744  0.549518  0.257183  0.701547  0.738204  0.684707  0.538233  0.704392  0.690206  0.597102  0.766618  0.730672  0.546938  0.642543  0.681367  0.541787  0.859578  0.827493  0.595034  0.635965  0.646234  0.622801  0.624877  0.708214  0.737115  0.610586  0.663880  0.554343  0.596497  0.620372  0.574670  0.776393  0.615256  0.644135  0.719897  0.808695  0.425105  0.821183  0.204536 
12  0.455136  0.630466  0.795916  0.630633  0.700085  0.503124  0.628515  0.622072  0.392873  0.751201  0.454588  0.737557 0.0  0.632474  0.667443  0.705766  0.741347  0.710309  0.591783  0.550142  0.615954  0.556067  0.587921  0.680291  0.593955  0.484877  0.428640  0.605818  0.564191  0.673722  0.786586  0.397193  0.816696  0.723478  0.692357  0.838909  0.716110  0.783106  0.848278  0.455447  0.710733  0.103036  0.535639  0.777054  0.545433  0.690774  0.548859  0.576534  0.823930  0.556041  0.975920  0.747502  0.843746  0.625580  0.518952  0.657208  0.553969  0.527971  0.883536  0.582679  0.563891  0.789337  0.528198  0.564360  0.539803  0.724074  0.815733  0.484240  0.611660  0.637875  0.680140  0.769042  0.658525 
13  0.543002  0.249337  0.645863  0.366291  0.634635  0.286568  0.684021  0.600368  0.571696  0.828927  0.590811  0.693345  0.632474 0.0  0.572775  0.254622  0.697029  0.605023  0.538294  0.730965  0.722430  0.371314  0.688394  0.325296  0.390196  0.793715  0.606316  0.662404  0.644093  0.412930  0.724571  0.544260  0.596736  0.825313  0.670608  0.562135  0.627332  0.657658  0.665294  0.687034  0.402195  0.638862  0.567862  0.660106  0.681997  0.579394  0.552230  0.664029  0.760752  0.330643  0.878600  0.624638  0.699508  0.445447  0.535513  0.842193  0.345301  0.658655  0.786782  0.485748  0.695813  0.702800  0.360493  0.403410  0.609353  0.686639  0.746606  0.489010  0.618021  0.788476  0.709753  0.748105  0.600591 
14  0.772119  0.676786  0.586340  0.691618  0.683718  0.687017  0.819365  0.424373  0.735424  0.895503  0.714735  0.527288  0.667443  0.572775 0.0  0.622928  0.500063  0.545143  0.802369  0.777925  0.507597  0.693236  0.803965  0.689920  0.614405  0.746755  0.639849  0.526462  0.799749  0.651574  0.520135  0.702358  0.543897  0.768867  0.459958  0.604357  0.712169  0.519701  0.709510  0.768070  0.713462  0.804078  0.656550  0.512402  0.714897  0.858321  0.652554  0.755051  0.608026  0.622757  0.977771  0.801875  0.569358  0.575574  0.602784  0.737487  0.629217  0.744695  0.612264  0.729162  0.710916  0.523020  0.696678  0.672799  0.682061  0.591937  0.665092  0.595917  0.618911  0.852589  0.335567  0.763353  0.536423 
15  0.692417  0.512147  0.709225  0.413346  0.724601  0.365468  0.619012  0.581759  0.623160  0.916933  0.546801  0.530474  0.705766  0.254622  0.622928 0.0  0.643578  0.530977  0.627786  0.723375  0.626649  0.396896  0.668136  0.405660  0.427260  0.615541  0.541948  0.699635  0.629861  0.494508  0.635179  0.548143  0.732049  0.678066  0.481132  0.646845  0.611686  0.609566  0.636380  0.636367  0.342530  0.624468  0.601190  0.727347  0.665525  0.762730  0.451799  0.783666  0.655261  0.534989  0.800617  0.691140  0.605096  0.476384  0.498089  0.776265  0.383479  0.734030  0.549054  0.597049  0.652784  0.661264  0.443909  0.526626  0.664546  0.725373  0.701066  0.390999  0.755217  0.809932  0.682861  0.754443  0.533018 
16  0.700537  0.716146  0.354581  0.640552  0.813357  0.632132  0.721691  0.451457  0.674866  0.806505  0.712287  0.693718  0.741347  0.697029  0.500063  0.643578 0.0  0.587142  0.626409  0.740640  0.513487  0.616752  0.662916  0.592732  0.556665  0.717739  0.719075  0.601985  0.787815  0.683362  0.639277  0.641271  0.526865  0.741279  0.583548  0.637337  0.435366  0.395226  0.797308  0.728017  0.641333  0.660173  0.683895  0.410036  0.792462  0.801906  0.732835  0.704450  0.706443  0.677050  0.857342  0.807615  0.704670  0.608383  0.721772  0.661713  0.674336  0.754817  0.640872  0.606490  0.710017  0.390853  0.640399  0.655955  0.801811  0.742343  0.521270  0.702834  0.762572  0.682102  0.310512  0.830945  0.624547 
17  0.776846  0.641028  0.652235  0.723351  0.635138  0.743805  0.690291  0.559045  0.595102  0.924722  0.710356  0.627075  0.710309  0.605023  0.545143  0.530977  0.587142 0.0  0.610387  0.702461  0.629051  0.666240  0.444901  0.554603  0.636067  0.719859  0.592364  0.533601  0.754396  0.572209  0.643027  0.686758  0.684796  0.701256  0.486594  0.649538  0.590634  0.692455  0.712860  0.707007  0.571098  0.674575  0.633457  0.724209  0.770872  0.785475  0.602554  0.806425  0.628716  0.551668  0.799481  0.735314  0.710718  0.628780  0.705977  0.755458  0.509109  0.727353  0.682323  0.588810  0.692325  0.562823  0.542199  0.629089  0.870160  0.714754  0.609327  0.556130  0.617203  0.783958  0.531240  0.843177  0.513998 
18  0.637908  0.403815  0.675947  0.389071  0.566316  0.430342  0.659588  0.661407  0.394494  0.848932  0.428921  0.674637  0.591783  0.538294  0.802369  0.627786  0.626409  0.610387 0.0  0.626521  0.789730  0.510091  0.620066  0.562669  0.470086  0.647087  0.530304  0.604779  0.621739  0.596583  0.634923  0.260885  0.798376  0.634607  0.626515  0.650085  0.638065  0.734717  0.678409  0.696942  0.587830  0.571346  0.488435  0.664203  0.671937  0.758014  0.397926  0.647762  0.751726  0.489694  0.794109  0.841525  0.794276  0.557882  0.408331  0.822306  0.550129  0.676168  0.782880  0.168128  0.591482  0.613879  0.516942  0.349118  0.615254  0.728932  0.810245  0.296269  0.608361  0.688469  0.633477  0.782396  0.621847 
19  0.375568  0.695807  0.713792  0.669916  0.205898  0.525378  0.409936  0.761540  0.595463  0.763292  0.629927  0.625612  0.550142  0.730965  0.777925  0.723375  0.740640  0.702461  0.626521 0.0  0.709374  0.564998  0.683842  0.690354  0.627979  0.573398  0.773930  0.709414  0.382806  0.645245  0.799242  0.685090  0.660058  0.644439  0.791467  0.789067  0.660002  0.825230  0.837125  0.511453  0.679591  0.558074  0.678140  0.678054  0.206108  0.691100  0.746361  0.449680  0.754431  0.591184  0.845827  0.581664  0.869954  0.764870  0.690735  0.691532  0.640780  0.424757  0.823405  0.604691  0.294207  0.789722  0.628874  0.684063  0.578294  0.759688  0.781408  0.616093  0.216941  0.236625  0.724046  0.667899  0.716159 
20  0.756281  0.700482  0.644322  0.765061  0.751434  0.658643  0.744266  0.524922  0.603101  0.948455  0.750649  0.513417  0.615954  0.722430  0.507597  0.626649  0.513487  0.629051  0.789730  0.709374 0.0  0.683433  0.767209  0.724297  0.729488  0.832588  0.665620  0.638979  0.734828  0.702273  0.635496  0.661975  0.551797  0.666326  0.442345  0.663360  0.548519  0.510190  0.693849  0.705600  0.643130  0.718489  0.771192  0.598224  0.802601  0.770044  0.684788  0.808086  0.655654  0.677129  0.863177  0.731938  0.442239  0.638714  0.693169  0.675166  0.647101  0.716399  0.656584  0.732053  0.712835  0.643315  0.730178  0.716466  0.810823  0.733526  0.425429  0.735664  0.745979  0.931042  0.602472  0.981717  0.597181 
21  0.781603  0.435776  0.669723  0.239134  0.700220  0.357067  0.742262  0.587700  0.519197  0.740834  0.507959  0.542963  0.556067  0.371314  0.693236  0.396896  0.616752  0.666240  0.510091  0.564998  0.683433 0.0  0.703367  0.523586  0.330788  0.694666  0.428374  0.608848  0.679633  0.522426  0.694987  0.333723  0.650363  0.640356  0.616541  0.636238  0.611814  0.630546  0.724382  0.671751  0.364171  0.510587  0.481349  0.715884  0.603141  0.753557  0.440684  0.574670  0.613767  0.257575  0.834118  0.773390  0.761174  0.408659  0.412578  0.731172  0.392419  0.635841  0.767508  0.524641  0.688841  0.785123  0.404548  0.425743  0.639576  0.696163  0.638858  0.470403  0.575695  0.613870  0.598165  0.823881  0.589358 
22  0.713996  0.498364  0.800005  0.612769  0.752416  0.604866  0.579222  0.666308  0.604742  1.000000  0.522176  0.753780  0.587921  0.688394  0.803965  0.668136  0.662916  0.444901  0.620066  0.683842  0.767209  0.703367 0.0  0.568012  0.525700  0.688181  0.665003  0.691803  0.636542  0.629920  0.714971  0.604947  0.663298  0.701989  0.661906  0.703202  0.680511  0.704594  0.759000  0.640264  0.597943  0.587971  0.633654  0.690505  0.696370  0.600998  0.647871  0.712585  0.719400  0.547496  0.854758  0.755584  0.740390  0.619637  0.471644  0.739458  0.628788  0.518645  0.706844  0.606927  0.698249  0.719052  0.530339  0.596563  0.691888  0.614506  0.658535  0.725072  0.642532  0.670077  0.640146  0.763557  0.699207 
23  0.784790  0.246475  0.729346  0.391261  0.756491  0.444417  0.605097  0.656802  0.536961  0.840443  0.390424  0.574727  0.680291  0.325296  0.689920  0.405660  0.592732  0.554603  0.562669  0.690354  0.724297  0.523586  0.568012 0.0  0.412060  0.789649  0.417056  0.530624  0.656972  0.670578  0.754492  0.602607  0.650405  0.819518  0.613698  0.726236  0.589255  0.740187  0.720304  0.739213  0.070456  0.496912  0.649172  0.545062  0.645642  0.740217  0.527202  0.558378  0.655415  0.302400  0.834923  0.743184  0.553159  0.534223  0.454624  0.651371  0.025581  0.670441  0.752840  0.538551  0.672301  0.668711  0.481064  0.550772  0.691089  0.702850  0.780335  0.663488  0.678147  0.650280  0.634993  0.761860  0.608401 
24  0.670922  0.275171  0.640495  0.181765  0.730706  0.279091  0.664690  0.602379  0.462865  0.813468  0.490906  0.623145  0.593955  0.390196  0.614405  0.427260  0.556665  0.636067  0.470086  0.627979  0.729488  0.330788  0.525700  0.412060 0.0  0.696145  0.620234  0.548612  0.579846  0.488719  0.682226  0.437154  0.666514  0.748567  0.601093  0.519045  0.559669  0.662204  0.808682  0.686245  0.363526  0.456372  0.486353  0.569049  0.708203  0.769013  0.372370  0.641731  0.747771  0.325852  0.860740  0.761771  0.648965  0.450844  0.505067  0.663153  0.428619  0.695761  0.759056  0.362879  0.587599  0.675568  0.410717  0.352013  0.615490  0.731791  0.774150  0.339146  0.650763  0.666385  0.556494  0.744997  0.550707 
25  0.483985  0.665865  0.788883  0.710918  0.426843  0.632487  0.396805  0.768125  0.581215  0.879214  0.574044  0.773613  0.484877  0.793715  0.746755  0.615541  0.717739  0.719859  0.647087  0.573398  0.832588  0.694666  0.688181  0.789649  0.696145 0.0  0.558585  0.791062  0.529767  0.675873  0.771978  0.602460  0.843092  0.676655  0.748913  0.750124  0.682914  0.678426  0.816466  0.415870  0.735039  0.534257  0.499539  0.727778  0.509604  0.551152  0.685294  0.575238  0.831441  0.688691  0.776204  0.710868  0.853775  0.719847  0.594466  0.743037  0.701653  0.300752  0.837211  0.684039  0.485274  0.859816  0.611573  0.593305  0.288224  0.815186  0.705684  0.587338  0.513433  0.684532  0.666678  0.811652  0.618165 
26  0.595786  0.522489  0.758062  0.545448  0.590767  0.714507  0.689545  0.771368  0.432603  0.843389  0.384223  0.645516  0.428640  0.606316  0.639849  0.541948  0.719075  0.592364  0.530304  0.773930  0.665620  0.428374  0.665003  0.417056  0.620234  0.558585 0.0  0.760397  0.583099  0.598411  0.760341  0.445520  0.642112  0.806027  0.663718  0.757344  0.699244  0.735717  0.874181  0.626174  0.634471  0.362562  0.180683  0.773336  0.542750  0.715312  0.540302  0.597659  0.711271  0.600496  0.777390  0.722526  0.734779  0.501548  0.498349  0.814421  0.615672  0.583841  0.785958  0.510254  0.532283  0.769903  0.593359  0.473974  0.589481  0.750012  0.730367  0.531430  0.638016  0.612122  0.689705  0.928363  0.740899 
27  0.794090  0.601353  0.499149  0.515310  0.709878  0.634503  0.804857  0.510716  0.659179  0.838052  0.707775  0.384705  0.605818  0.662404  0.526462  0.699635  0.601985  0.533601  0.604779  0.709414  0.638979  0.608848  0.691803  0.530624  0.548612  0.791062  0.760397 0.0  0.778451  0.398824  0.659587  0.610385  0.496479  0.793755  0.467225  0.612430  0.284201  0.604199  0.769978  0.786679  0.521795  0.698430  0.591761  0.525424  0.741895  0.710418  0.532634  0.750801  0.661428  0.481306  0.858137  0.784523  0.589601  0.734769  0.737353  0.728189  0.515554  0.739274  0.642473  0.672756  0.685723  0.592912  0.641836  0.569204  0.645143  0.696394  0.723401  0.650650  0.741218  0.729991  0.351771  0.820012  0.410043 
28  0.248305  0.598918  0.739214  0.702502  0.270065  0.677882  0.182360  0.788648  0.676943  0.815673  0.611512  0.700802  0.564191  0.644093  0.799749  0.629861  0.787815  0.754396  0.621739  0.382806  0.734828  0.679633  0.636542  0.656972  0.579846  0.529767  0.583099  0.778451 0.0  0.690578  0.768286  0.554789  0.761923  0.602489  0.709093  0.788676  0.760550  0.888074  0.768078  0.223101  0.706953  0.547716  0.638208  0.798079  0.364915  0.621380  0.656451  0.382506  0.820946  0.729138  0.951227  0.665279  0.801880  0.471961  0.608406  0.686882  0.579847  0.274756  0.759958  0.630962  0.370701  0.791132  0.629117  0.592033  0.433500  0.817957  0.867835  0.670193  0.280529  0.501422  0.727900  0.837219  0.674661 
29  0.591310  0.557791  0.693936  0.496564  0.695804  0.509878  0.734596  0.531382  0.699937  0.774430  0.645565  0.463520  0.673722  0.412930  0.651574  0.494508  0.683362  0.572209  0.596583  0.645245  0.702273  0.522426  0.629920  0.670578  0.488719  0.675873  0.598411  0.398824  0.690578 0.0  0.694568  0.627729  0.690687  0.866622  0.526797  0.574901  0.557826  0.705279  0.607908  0.688851  0.476663  0.515926  0.628927  0.619840  0.752758  0.728793  0.577330  0.652717  0.826245  0.589319  0.822137  0.861437  0.781683  0.528140  0.578626  0.690559  0.602820  0.738363  0.635238  0.459455  0.614746  0.490784  0.532543  0.543804  0.708916  0.763228  0.645765  0.507156  0.749119  0.687004  0.571551  0.874508  0.451786 
30  0.818989  0.737750  0.563422  0.633526  0.793556  0.655034  0.823135  0.566150  0.676993  0.933762  0.743603  0.647860  0.786586  0.724571  0.520135  0.635179  0.639277  0.643027  0.634923  0.799242  0.635496  0.694987  0.714971  0.754492  0.682226  0.771978  0.760341  0.659587  0.768286  0.694568 0.0  0.676901  0.621672  0.773043  0.642518  0.612376  0.561072  0.521598  0.578083  0.675044  0.644960  0.742451  0.680019  0.529949  0.817031  0.833603  0.758490  0.850005  0.574520  0.722638  0.765283  0.879941  0.267501  0.639983  0.778199  0.482523  0.702313  0.723391  0.652297  0.839066  0.879136  0.518095  0.675656  0.777021  0.956017  0.699102  0.469686  0.830687  0.856539  0.692257  0.587429  0.875540  0.560071 
31  0.605273  0.371580  0.565371  0.377725  0.760177  0.566664  0.652055  0.580016  0.477192  0.820831  0.395434  0.611955  0.397193  0.544260  0.702358  0.548143  0.641271  0.686758  0.260885  0.685090  0.661975  0.333723  0.604947  0.602607  0.437154  0.602460  0.445520  0.610385  0.554789  0.627729  0.676901 0.0  0.685173  0.737626  0.602112  0.669876  0.692608  0.641235  0.734521  0.635932  0.399521  0.423627  0.518009  0.705168  0.738359  0.693157  0.463419  0.612407  0.778524  0.495736  0.880039  0.823955  0.739296  0.517424  0.542129  0.752900  0.482567  0.661788  0.770492  0.264749  0.763278  0.815034  0.524754  0.300343  0.640585  0.721636  0.757050  0.103905  0.712947  0.555681  0.575957  0.778705  0.613415 
32  0.767396  0.681278  0.481240  0.782240  0.743812  0.708694  0.803955  0.475863  0.760070  0.870788  0.707192  0.584633  0.816696  0.596736  0.543897  0.732049  0.526865  0.684796  0.798376  0.660058  0.551797  0.650363  0.663298  0.650405  0.666514  0.843092  0.642112  0.496479  0.761923  0.690687  0.621672  0.685173 0.0  0.817932  0.536822  0.419059  0.575487  0.541823  0.754190  0.658285  0.691983  0.790523  0.687021  0.448339  0.808199  0.640299  0.557486  0.728022  0.631054  0.720286  0.752509  0.747370  0.664458  0.749856  0.727175  0.529497  0.567387  0.763457  0.698537  0.684896  0.708094  0.323707  0.780205  0.742046  0.735286  0.667583  0.738767  0.679127  0.784997  0.771019  0.399538  0.712116  0.595778 
33  0.595380  0.782163  0.866956  0.679377  0.766176  0.769974  0.748376  0.859379  0.750307  0.683319  0.747018  0.759521  0.723478  0.825313  0.768867  0.678066  0.741279  0.701256  0.634607  0.644439  0.666326  0.640356  0.701989  0.819518  0.748567  0.676655  0.806027  0.793755  0.602489  0.866622  0.773043  0.737626  0.817932 0.0  0.864249  0.763345  0.768531  0.869500  0.840737  0.597701  0.751592  0.691987  0.775795  0.770601  0.584676  0.535403  0.753734  0.714203  0.936112  0.770556  0.914714  0.576647  0.822710  0.703746  0.772258  0.809781  0.832085  0.585813  0.751803  0.825531  0.649074  0.813692  0.754129  0.894451  0.857478  0.814477  0.719786  0.739889  0.692545  0.639632  0.742474  0.635102  0.729745 
34  0.758706  0.661947  0.601962  0.600438  0.791114  0.622829  0.686025  0.595468  0.731165  0.822011  0.632026  0.521744  0.692357  0.670608  0.459958  0.481132  0.583548  0.486594  0.626515  0.791467  0.442345  0.616541  0.661906  0.613698  0.601093  0.748913  0.663718  0.467225  0.709093  0.526797  0.642518  0.602112  0.536822  0.864249 0.0  0.761172  0.584329  0.721200  0.803962  0.705196  0.676420  0.726519  0.746554  0.683495  0.691521  0.737152  0.637732  0.717307  0.558708  0.568136  0.844112  0.784280  0.634235  0.638056  0.666100  0.700481  0.584120  0.642921  0.510909  0.590988  0.745534  0.674807  0.613352  0.563903  0.764544  0.626653  0.615909  0.636654  0.753656  0.800021  0.621495  0.789866  0.594661 
35  0.854282  0.638092  0.545238  0.605025  0.585259  0.682214  0.801179  0.619974  0.611295  0.934265  0.652894  0.549518  0.838909  0.562135  0.604357  0.646845  0.637337  0.649538  0.650085  0.789067  0.663360  0.636238  0.703202  0.726236  0.519045  0.750124  0.757344  0.612430  0.788676  0.574901  0.612376  0.669876  0.419059  0.763345  0.761172 0.0  0.626626  0.498820  0.583909  0.717700  0.635601  0.852646  0.636369  0.511336  0.714710  0.718788  0.568207  0.749609  0.796930  0.723961  0.723050  0.825399  0.612479  0.756576  0.828649  0.666281  0.619219  0.726877  0.620755  0.673402  0.686924  0.364636  0.802500  0.677356  0.629781  0.742662  0.722730  0.711597  0.720096  0.870874  0.655993  0.858441  0.642512 
36  0.676524  0.629661  0.588542  0.532830  0.790451  0.574346  0.635246  0.555073  0.633568  0.874264  0.619160  0.257183  0.716110  0.627332  0.712169  0.611686  0.435366  0.590634  0.638065  0.660002  0.548519  0.611814  0.680511  0.589255  0.559669  0.682914  0.699244  0.284201  0.760550  0.557826  0.561072  0.692608  0.575487  0.768531  0.584329  0.626626 0.0  0.734019  0.782239  0.753175  0.463907  0.726835  0.670816  0.682349  0.688824  0.763179  0.597119  0.771265  0.757473  0.617695  0.867302  0.691045  0.638214  0.614670  0.649818  0.747944  0.584667  0.637868  0.660857  0.602464  0.815094  0.564789  0.586478  0.557881  0.779503  0.672539  0.610505  0.709259  0.702142  0.716189  0.476961  0.851582  0.319350 
37  0.819608  0.605191  0.472092  0.769693  0.641435  0.669322  0.815905  0.586367  0.793403  0.831457  0.682156  0.701547  0.783106  0.657658  0.519701  0.609566  0.395226  0.692455  0.734717  0.825230  0.510190  0.630546  0.704594  0.740187  0.662204  0.678426  0.735717  0.604199  0.888074  0.705279  0.521598  0.641235  0.541823  0.869500  0.721200  0.498820  0.734019 0.0  0.684352  0.847307  0.610361  0.832688  0.723395  0.454217  0.709635  0.866221  0.648088  0.712086  0.674618  0.698592  0.783045  0.862472  0.509703  0.600516  0.753886  0.665811  0.592311  0.776489  0.653441  0.625240  0.903532  0.527983  0.705680  0.670961  0.800300  0.560551  0.477014  0.614121  0.777166  0.780760  0.494946  0.848970  0.581186 
38  0.891591  0.776425  0.686407  0.751189  0.822447  0.812697  0.779493  0.703139  0.894187  0.850326  0.794643  0.738204  0.848278  0.665294  0.709510  0.636380  0.797308  0.712860  0.678409  0.837125  0.693849  0.724382  0.759000  0.720304  0.808682  0.816466  0.874181  0.769978  0.768078  0.607908  0.578083  0.734521  0.754190  0.840737  0.803962  0.583909  0.782239  0.684352 0.0  0.780108  0.810098  0.842322  0.852050  0.748144  0.758511  0.835778  0.737926  0.883306  0.693784  0.756245  0.815532  0.761949  0.632629  0.823264  0.774961  0.540282  0.745046  0.861424  0.603600  0.821697  0.749503  0.577618  0.720456  0.679276  0.767447  0.778357  0.621680  0.843921  0.844322  0.805697  0.690357  0.910564  0.662948 
39  0.242254  0.671584  0.707310  0.613148  0.286235  0.715473  0.215383  0.721986  0.627554  0.845159  0.504075  0.684707  0.455447  0.687034  0.768070  0.636367  0.728017  0.707007  0.696942  0.511453  0.705600  0.671751  0.640264  0.739213  0.686245  0.415870  0.626174  0.786679  0.223101  0.688851  0.675044  0.635932  0.658285  0.597701  0.705196  0.717700  0.753175  0.847307  0.780108 0.0  0.644419  0.597721  0.503274  0.703624  0.511681  0.536873  0.672443  0.438012  0.903260  0.681025  0.921265  0.646238  0.834763  0.669195  0.518122  0.766631  0.598583  0.292027  0.707244  0.528953  0.308961  0.770422  0.593116  0.685587  0.433060  0.730743  0.784455  0.489801  0.287690  0.501172  0.778987  0.719697  0.792419 
40  0.682922  0.562051  0.700580  0.348281  0.659105  0.471802  0.642245  0.709590  0.537163  0.949496  0.464581  0.538233  0.710733  0.402195  0.713462  0.342530  0.641333  0.571098  0.587830  0.679591  0.643130  0.364171  0.597943  0.070456  0.363526  0.735039  0.634471  0.521795  0.706953  0.476663  0.644960  0.399521  0.691983  0.751592  0.676420  0.635601  0.463907  0.610361  0.810098  0.644419 0.0  0.625316  0.518972  0.641487  0.734252  0.824982  0.380848  0.698610  0.687165  0.408089  0.797617  0.769597  0.792535  0.441430  0.387480  0.721139  0.086636  0.715163  0.695311  0.429095  0.716404  0.660522  0.550258  0.500645  0.699504  0.754697  0.655048  0.534400  0.695460  0.581328  0.668540  0.848794  0.540063 
41  0.529401  0.610904  0.606251  0.619177  0.644814  0.611061  0.525516  0.687057  0.499721  0.939478  0.506183  0.704392  0.103036  0.638862  0.804078  0.624468  0.660173  0.674575  0.571346  0.558074  0.718489  0.510587  0.587971  0.496912  0.456372  0.534257  0.362562  0.698430  0.547716  0.515926  0.742451  0.423627  0.790523  0.691987  0.726519  0.852646  0.726835  0.832688  0.842322  0.597721  0.625316 0.0  0.384813  0.669150  0.639041  0.644216  0.612643  0.647394  0.889903  0.513385  0.880182  0.665036  0.826386  0.568949  0.444957  0.688102  0.649177  0.629930  0.741327  0.462584  0.521533  0.744731  0.486373  0.546059  0.583644  0.748184  0.848409  0.577327  0.746166  0.573795  0.689611  0.771648  0.657794 
42  0.573081  0.662475  0.695381  0.556313  0.587129  0.662475  0.511855  0.658378  0.519377  0.880064  0.413021  0.690206  0.535639  0.567862  0.656550  0.601190  0.683895  0.633457  0.488435  0.678140  0.771192  0.481349  0.633654  0.649172  0.486353  0.499539  0.180683  0.591761  0.638208  0.628927  0.680019  0.518009  0.687021  0.775795  0.746554  0.636369  0.670816  0.723395  0.852050  0.503274  0.518972  0.384813 0.0  0.668173  0.581590  0.765756  0.695972  0.684139  0.713279  0.365259  0.825895  0.678051  0.739433  0.576528  0.586117  0.708415  0.557703  0.503633  0.770911  0.507533  0.613048  0.619307  0.486506  0.598046  0.673101  0.782309  0.704819  0.362743  0.555071  0.558569  0.749356  0.810636  0.761145 
43  0.695138  0.836708  0.259152  0.670758  0.782745  0.698357  0.763702  0.531474  0.865787  0.912516  0.671429  0.597102  0.777054  0.660106  0.512402  0.727347  0.410036  0.724209  0.664203  0.678054  0.598224  0.715884  0.690505  0.545062  0.569049  0.727778  0.773336  0.525424  0.798079  0.619840  0.529949  0.705168  0.448339  0.770601  0.683495  0.511336  0.682349  0.454217  0.748144  0.703624  0.641487  0.669150  0.668173 0.0  0.698217  0.875713  0.557711  0.784907  0.686459  0.784553  0.731939  0.793403  0.575361  0.678340  0.686824  0.755165  0.698793  0.766688  0.674963  0.630246  0.841463  0.330081  0.613412  0.704745  0.780794  0.734656  0.600000  0.557755  0.687021  0.707218  0.582489  0.751663  0.525757 
44  0.540440  0.696198  0.767095  0.690473  0.377853  0.660060  0.421586  0.742507  0.610540  0.906646  0.621430  0.766618  0.545433  0.681997  0.714897  0.665525  0.792462  0.770872  0.671937  0.206108  0.802601  0.603141  0.696370  0.645642  0.708203  0.509604  0.542750  0.741895  0.364915  0.752758  0.817031  0.738359  0.808199  0.584676  0.691521  0.714710  0.688824  0.709635  0.758511  0.511681  0.734252  0.639041  0.581590  0.698217 0.0  0.642776  0.713859  0.332962  0.746797  0.717400  0.834082  0.537271  0.838111  0.700360  0.621883  0.789730  0.609480  0.403380  0.782076  0.520561  0.475483  0.874800  0.523690  0.658570  0.536041  0.825365  0.723759  0.649313  0.338714  0.260242  0.833751  0.741338  0.772984 
45  0.632516  0.832622  0.768564  0.715564  0.557588  0.706002  0.657617  0.728316  0.554311  0.867730  0.715546  0.730672  0.690774  0.579394  0.858321  0.762730  0.801906  0.785475  0.758014  0.691100  0.770044  0.753557  0.600998  0.740217  0.769013  0.551152  0.715312  0.710418  0.621380  0.728793  0.833603  0.693157  0.640299  0.535403  0.737152  0.718788  0.763179  0.866221  0.835778  0.536873  0.824982  0.644216  0.765756  0.875713  0.642776 0.0  0.783846  0.520044  0.840203  0.737978  0.908719  0.797895  0.794589  0.707533  0.726805  0.783063  0.738132  0.625388  0.917784  0.584628  0.584071  0.851458  0.806484  0.706804  0.511580  0.983301  0.854750  0.684619  0.607971  0.530311  0.865707  0.700952  0.768866 
46  0.598677  0.370597  0.658234  0.261926  0.722541  0.396062  0.714302  0.603952  0.541328  0.883620  0.553874  0.546938  0.548859  0.552230  0.652554  0.451799  0.732835  0.602554  0.397926  0.746361  0.684788  0.440684  0.647871  0.527202  0.372370  0.685294  0.540302  0.532634  0.656451  0.577330  0.758490  0.463419  0.557486  0.753734  0.637732  0.568207  0.597119  0.648088  0.737926  0.672443  0.380848  0.612643  0.695972  0.557711  0.713859  0.783846 0.0  0.742255  0.775690  0.529293  0.904566  0.716643  0.670863  0.438402  0.475648  0.657322  0.496401  0.588703  0.778585  0.315670  0.565613  0.634285  0.448133  0.360854  0.649987  0.766752  0.706202  0.308174  0.612977  0.657381  0.673647  0.792048  0.552497 
47  0.530124  0.715781  0.817990  0.724693  0.468403  0.747034  0.556961  0.656480  0.604059  0.709885  0.601337  0.642543  0.576534  0.664029  0.755051  0.783666  0.704450  0.806425  0.647762  0.449680  0.808086  0.574670  0.712585  0.558378  0.641731  0.575238  0.597659  0.750801  0.382506  0.652717  0.850005  0.612407  0.728022  0.714203  0.717307  0.749609  0.771265  0.712086  0.883306  0.438012  0.698610  0.647394  0.684139  0.784907  0.332962  0.520044  0.742255 0.0  0.720284  0.661472  0.919728  0.549913  0.796869  0.669104  0.617417  0.777884  0.700100  0.430814  0.748431  0.664707  0.466233  0.833632  0.625046  0.656655  0.534941  0.776341  0.718723  0.554496  0.458677  0.300864  0.838320  0.793143  0.775046 
48  0.779247  0.664149  0.566317  0.701872  0.747634  0.797650  0.800072  0.692300  0.785706  0.824329  0.827143  0.681367  0.823930  0.760752  0.608026  0.655261  0.706443  0.628716  0.751726  0.754431  0.655654  0.613767  0.719400  0.655415  0.747771  0.831441  0.711271  0.661428  0.820946  0.826245  0.574520  0.778524  0.631054  0.936112  0.558708  0.796930  0.757473  0.674618  0.693784  0.903260  0.687165  0.889903  0.713279  0.686459  0.746797  0.840203  0.775690  0.720284 0.0  0.783527  0.907503  0.855487  0.646575  0.728372  0.700408  0.665941  0.811370  0.740043  0.686235  0.716705  0.819451  0.755234  0.660896  0.740410  0.716489  0.554647  0.551303  0.751232  0.735555  0.814230  0.676142  0.845062  0.616806 
49  0.660001  0.390689  0.620563  0.295852  0.604752  0.406853  0.655327  0.632181  0.678496  0.860174  0.438767  0.541787  0.556041  0.330643  0.622757  0.534989  0.677050  0.551668  0.489694  0.591184  0.677129  0.257575  0.547496  0.302400  0.325852  0.688691  0.600496  0.481306  0.729138  0.589319  0.722638  0.495736  0.720286  0.770556  0.568136  0.723961  0.617695  0.698592  0.756245  0.681025  0.408089  0.513385  0.365259  0.784553  0.717400  0.737978  0.529293  0.661472  0.783527 0.0  0.827926  0.784198  0.728450  0.338560  0.426266  0.641252  0.410302  0.600946  0.785252  0.593672  0.577242  0.793743  0.410546  0.467073  0.672314  0.756007  0.749619  0.510687  0.635222  0.733893  0.657803  0.787975  0.529883 
50  0.832293  0.818871  0.793995  0.845926  0.938920  0.928079  0.892654  0.808414  0.802288  0.881587  0.900965  0.859578  0.975920  0.878600  0.977771  0.800617  0.857342  0.799481  0.794109  0.845827  0.863177  0.834118  0.854758  0.834923  0.860740  0.776204  0.777390  0.858137  0.951227  0.822137  0.765283  0.880039  0.752509  0.914714  0.844112  0.723050  0.867302  0.783045  0.815532  0.921265  0.797617  0.880182  0.825895  0.731939  0.834082  0.908719  0.904566  0.919728  0.907503  0.827926 0.0  0.935983  0.818747  0.803813  0.938993  0.749942  0.881234  0.830201  0.797886  0.841726  0.784718  0.729007  0.871000  0.880939  0.838419  0.854284  0.851271  0.808758  0.773826  0.841745  0.924622  0.941508  0.867766 
51  0.693494  0.750422  0.708419  0.800219  0.659919  0.739433  0.674390  0.799328  0.720734  0.857595  0.792693  0.827493  0.747502  0.624638  0.801875  0.691140  0.807615  0.735314  0.841525  0.581664  0.731938  0.773390  0.755584  0.743184  0.761771  0.710868  0.722526  0.784523  0.665279  0.861437  0.879941  0.823955  0.747370  0.576647  0.784280  0.825399  0.691045  0.862472  0.761949  0.646238  0.769597  0.665036  0.678051  0.793403  0.537271  0.797895  0.716643  0.549913  0.855487  0.784198  0.935983 0.0  0.777747  0.786829  0.711824  0.760409  0.752400  0.679744  0.791801  0.688288  0.784077  0.724365  0.722724  0.812986  0.656400  0.903585  0.749072  0.656475  0.677364  0.618316  0.807733  0.757360  0.738550 
52  0.810425  0.653887  0.598922  0.759290  0.832769  0.642403  0.722758  0.638339  0.714701  0.943984  0.811673  0.595034  0.843746  0.699508  0.569358  0.605096  0.704670  0.710718  0.794276  0.869954  0.442239  0.761174  0.740390  0.553159  0.648965  0.853775  0.734779  0.589601  0.801880  0.781683  0.267501  0.739296  0.664458  0.822710  0.634235  0.612479  0.638214  0.509703  0.632629  0.834763  0.792535  0.826386  0.739433  0.575361  0.838111  0.794589  0.670863  0.796869  0.646575  0.728450  0.818747  0.777747 0.0  0.596255  0.705566  0.621921  0.741659  0.760397  0.685048  0.713040  0.824412  0.609323  0.777553  0.616624  0.736514  0.676339  0.456111  0.608343  0.755548  0.764981  0.506436  0.994290  0.600868 
53  0.570520  0.501297  0.584246  0.478923  0.536653  0.435669  0.658162  0.679678  0.488586  0.911127  0.518409  0.635965  0.625580  0.445447  0.575574  0.476384  0.608383  0.628780  0.557882  0.764870  0.638714  0.408659  0.619637  0.534223  0.450844  0.719847  0.501548  0.734769  0.471961  0.528140  0.639983  0.517424  0.749856  0.703746  0.638056  0.756576  0.614670  0.600516  0.823264  0.669195  0.441430  0.568949  0.576528  0.678340  0.700360  0.707533  0.438402  0.669104  0.728372  0.338560  0.803813  0.786829  0.596255 0.0  0.406836  0.643722  0.466802  0.714818  0.772119  0.415651  0.553176  0.690329  0.369910  0.511899  0.662366  0.796548  0.743278  0.407448  0.768448  0.609518  0.695677  0.790374  0.564611 
