73
0 0.0  0.426582  0.635724  0.776300  0.502363  0.502369  0.625117  0.651204  0.629901  0.757184  0.642383  0.522017  0.569383  0.633803  0.526704  0.483014  0.636795  0.465755  0.642541  0.468584  0.665453  0.559780  0.334046  0.801194  0.507336  0.896517  0.637741  0.548974  0.300997  0.500057  0.608391  0.664661  0.484413  0.718492  0.880796  0.496471  0.592704  0.719399  0.668978  0.625738  0.596653  0.547347  0.585864  0.482333  0.781145  0.675637  0.782306  0.414995  0.486449  0.598878  0.351585  0.685025  0.633834  0.475701  0.736241  0.712704  0.588273  0.934905  0.830524  0.489731  0.709514  0.654164  0.781461  0.739908  0.607901  0.671072  0.794985  0.540379  0.698894  0.613739  0.933161  0.799460  0.692292 
1  0.426582 0.0  0.759146  0.634631  0.584094  0.529889  0.474548  0.621173  0.732061  0.750885  0.817877  0.696889  0.530563  0.825583  0.559950  0.578199  0.590660  0.628878  0.631009  0.549062  0.743381  0.613022  0.325026  0.709319  0.417449  0.786542  0.577733  0.685970  0.444635  0.536446  0.568502  0.816354  0.497794  0.605276  0.831272  0.323964  0.476471  0.750115  0.750902  0.740492  0.516534  0.566003  0.676644  0.499486  0.833479  0.629820  0.703983  0.453546  0.658058  0.664136  0.316098  0.831904  0.527908  0.584389  0.509035  0.715046  0.587458  0.639131  0.754191  0.453328  0.775448  0.447791  0.738227  0.742091  0.459321  0.734488  0.727287  0.697000  0.861333  0.513618  0.767384  0.676310  0.699105 
2  0.635724  0.759146 0.0  0.632919  0.596503  0.609916  0.685162  0.518787  0.499317  0.538892  0.755691  0.566483  0.700458  0.533147  0.617097  0.771240  0.845091  0.765440  0.699183  0.702625  0.450149  0.599641  0.803630  0.588604  0.695283  0.588716  0.469013  0.681012  0.640426  0.823791  0.630168  0.437926  0.735976  0.552451  0.804705  0.786159  0.736718  0.581596  0.601406  0.856666  0.688311  0.779666  0.686249  0.819279  0.759334  0.835297  0.696022  0.740268  0.726567  0.589749  0.727200  0.556803  0.773848  0.786338  0.541249  0.587415  0.704992  0.553249  0.664253  0.606880  0.576459  0.652090  0.816025  0.646732  0.563927  0.813160  0.579360  0.710273  0.455533  0.678134  0.618961  0.677664  0.507299 
3  0.776300  0.634631  0.632919 0.0  0.757949  0.826096  0.856855  0.666273  0.621794  0.729620  0.884222  0.724802  0.865424  0.756082  0.836420  0.797377  0.695510  0.849689  0.806615  0.746820  0.644977  0.809804  0.827293  0.857046  0.837612  0.516460  0.828981  0.863746  0.828922  0.919754  0.701978  0.764013  0.701123  0.759862  0.750638  0.755286  0.754238  0.713541  0.795912  0.828893  0.782302  0.872677  0.739644  0.857445  0.872674  0.868067  0.619566  0.760011  0.870009  0.642989  0.806300  0.693103  0.740509  0.739680  0.692330  0.662129  0.829221  0.563164  0.489294  0.738544  0.603418  0.726726  0.918719  0.748741  0.746801  0.847997  0.617176  0.948981  0.687770  0.774182  0.560564  0.734872  0.794280 
4  0.502363  0.584094  0.596503  0.757949 0.0  0.406918  0.518743  0.580173  0.582357  0.624587  0.745053  0.536777  0.399607  0.533125  0.672776  0.430382  0.810998  0.636609  0.771221  0.466604  0.653686  0.623184  0.503092  0.597339  0.477855  0.755889  0.576534  0.658634  0.634734  0.600351  0.621922  0.700123  0.160895  0.526765  0.802972  0.564264  0.216721  0.639945  0.637575  0.768590  0.161589  0.694082  0.557931  0.631669  0.773900  0.646242  0.705876  0.595135  0.647157  0.554224  0.496991  0.640945  0.404692  0.684706  0.460647  0.742451  0.637186  0.770896  0.799775  0.587908  0.630722  0.270078  0.877609  0.818401  0.420390  0.734507  0.674443  0.728667  0.695903  0.469090  0.686973  0.695259  0.615733 
5  0.502369  0.529889  0.609916  0.826096  0.406918 0.0  0.425691  0.701508  0.677224  0.661007  0.758627  0.463442  0.546158  0.571534  0.639877  0.506781  0.565809  0.559917  0.694731  0.466308  0.702953  0.618343  0.521358  0.697732  0.411570  0.883299  0.801480  0.680371  0.628193  0.685284  0.673342  0.699379  0.378454  0.570272  0.910476  0.424203  0.462057  0.787380  0.745460  0.756589  0.431817  0.585901  0.656325  0.546298  0.911253  0.684600  0.633870  0.479466  0.692159  0.541434  0.595268  0.695277  0.337912  0.624890  0.568404  0.664829  0.500253  0.664465  0.832566  0.383546  0.746347  0.449112  0.801670  0.697740  0.498567  0.770060  0.689351  0.704955  0.619538  0.334731  0.758953  0.663040  0.708151 
6  0.625117  0.474548  0.685162  0.856855  0.518743  0.425691 0.0  0.717205  0.544917  0.709473  0.607541  0.555393  0.179995  0.670446  0.644210  0.306271  0.788753  0.530943  0.598368  0.435773  0.647402  0.714771  0.502085  0.719535  0.088807  0.704998  0.614910  0.633772  0.534302  0.595595  0.654382  0.665762  0.394034  0.750981  0.874819  0.084817  0.422260  0.656020  0.715789  0.721669  0.418396  0.505086  0.628163  0.578030  0.667302  0.680877  0.725459  0.479402  0.716333  0.563958  0.470194  0.751172  0.476540  0.658076  0.678809  0.694211  0.563119  0.797984  0.892638  0.504310  0.782877  0.349684  0.822341  0.713400  0.422303  0.731474  0.721580  0.555381  0.643966  0.579617  0.703046  0.608405  0.453836 
7  0.651204  0.621173  0.518787  0.666273  0.580173  0.701508  0.717205 0.0  0.552705  0.372558  0.762806  0.559548  0.672001  0.658309  0.701320  0.590043  0.768659  0.716345  0.816139  0.626145  0.655486  0.616039  0.709385  0.510576  0.647056  0.691446  0.158739  0.823550  0.690097  0.691748  0.485173  0.548854  0.570960  0.607160  0.824354  0.563214  0.665276  0.614538  0.398783  0.786760  0.605761  0.657768  0.833278  0.765009  0.806018  0.783990  0.636057  0.622753  0.785313  0.541549  0.745236  0.592569  0.635369  0.718812  0.378189  0.579792  0.697116  0.557863  0.758940  0.693486  0.632806  0.569345  0.868297  0.693109  0.679128  0.793006  0.407602  0.691174  0.576657  0.600586  0.710678  0.367305  0.403331 
8  0.629901  0.732061  0.499317  0.621794  0.582357  0.677224  0.544917  0.552705 0.0  0.480938  0.831338  0.541445  0.681350  0.405257  0.748975  0.768227  0.691689  0.715483  0.686502  0.561785  0.460207  0.770288  0.684398  0.661379  0.605425  0.664060  0.465354  0.684715  0.572446  0.698815  0.672804  0.653267  0.650610  0.448674  0.754877  0.663188  0.499583  0.613555  0.596969  0.702605  0.580973  0.745143  0.633396  0.710381  0.748758  0.845155  0.537433  0.610329  0.692665  0.599952  0.600836  0.707450  0.607086  0.649798  0.500751  0.724265  0.734141  0.614733  0.689863  0.701331  0.586871  0.577212  0.784682  0.630947  0.599432  0.769769  0.428820  0.722603  0.637824  0.635546  0.560787  0.671627  0.440408 
9  0.757184  0.750885  0.538892  0.729620  0.624587  0.661007  0.709473  0.372558  0.480938 0.0  0.758322  0.593649  0.603616  0.501610  0.740072  0.454569  0.789596  0.817795  0.785965  0.734725  0.473252  0.665679  0.772948  0.463267  0.670456  0.667218  0.421463  0.743885  0.823201  0.749165  0.527992  0.526227  0.631377  0.638039  0.805376  0.740129  0.628301  0.495554  0.542676  0.679264  0.696011  0.635823  0.700746  0.638775  0.809494  0.763461  0.697086  0.712437  0.747680  0.444886  0.663510  0.566364  0.611230  0.556463  0.490902  0.607903  0.629026  0.580777  0.684014  0.722444  0.540832  0.531627  0.741858  0.790552  0.604406  0.698047  0.464104  0.832787  0.633111  0.608525  0.610073  0.570476  0.586104 
10  0.642383  0.817877  0.755691  0.884222  0.745053  0.758627  0.607541  0.762806  0.831338  0.758322 0.0  0.801698  0.625615  0.700775  0.681504  0.697545  0.713810  0.614572  0.601094  0.629519  0.846857  0.743423  0.708565  0.752323  0.727232  0.844451  0.741107  0.680962  0.646962  0.656420  0.794501  0.892758  0.771926  0.741986  0.888462  0.761846  0.736688  0.878750  0.801755  0.603119  0.764814  0.523650  0.686364  0.612612  0.638102  0.569403  0.729684  0.719932  0.671733  0.744443  0.672764  0.727977  0.745526  0.798223  0.766675  0.895051  0.671482  0.936731  0.793304  0.694613  0.840275  0.634142  0.683233  0.821952  0.916421  0.567334  0.869355  0.618534  0.877606  0.778825  0.793287  0.831511  0.740081 
11  0.522017  0.696889  0.566483  0.724802  0.536777  0.463442  0.555393  0.559548  0.541445  0.593649  0.801698 0.0  0.492110  0.524840  0.688250  0.559499  0.779119  0.762852  0.648978  0.562186  0.653076  0.590467  0.481404  0.578474  0.525574  0.722074  0.477763  0.683811  0.617996  0.643586  0.566040  0.603448  0.477345  0.553669  0.835471  0.509211  0.483755  0.567335  0.564114  0.734690  0.345720  0.713565  0.701303  0.577407  0.891621  0.789470  0.727537  0.587332  0.684487  0.549400  0.603974  0.737152  0.501335  0.675723  0.506001  0.719745  0.659401  0.592254  0.740051  0.557106  0.616703  0.492389  0.745563  0.689356  0.415780  0.683336  0.750065  0.723058  0.715824  0.459541  0.697078  0.561138  0.690408 
12  0.569383  0.530563  0.700458  0.865424  0.399607  0.546158  0.179995  0.672001  0.681350  0.603616  0.625615  0.492110 0.0  0.639685  0.570837  0.458679  0.661226  0.600085  0.536808  0.504509  0.720828  0.698373  0.419705  0.581262  0.258053  0.849415  0.761529  0.676127  0.534856  0.592483  0.666478  0.562010  0.387237  0.621897  0.793284  0.176561  0.490462  0.688510  0.681538  0.677147  0.389556  0.653907  0.629997  0.598468  0.826431  0.810287  0.672364  0.461940  0.663647  0.650870  0.557048  0.760255  0.491618  0.679371  0.693602  0.616541  0.588462  0.747307  0.782024  0.506435  0.723497  0.397997  0.830438  0.653355  0.493654  0.678889  0.714655  0.716604  0.692012  0.553158  0.772900  0.592757  0.605532 
13  0.633803  0.825583  0.533147  0.756082  0.533125  0.571534  0.670446  0.658309  0.405257  0.501610  0.700775  0.524840  0.639685 0.0  0.646824  0.596060  0.739501  0.631101  0.819735  0.551469  0.530350  0.663033  0.655848  0.694469  0.648979  0.707592  0.650871  0.771432  0.639387  0.724257  0.632600  0.452500  0.614171  0.246656  0.954714  0.625479  0.642075  0.714507  0.679313  0.761304  0.716176  0.720112  0.656727  0.707333  0.873943  0.797220  0.690002  0.674963  0.878355  0.690704  0.616575  0.542619  0.599416  0.701882  0.609180  0.567118  0.702652  0.714456  0.710118  0.659087  0.561346  0.645352  0.957778  0.668542  0.548199  0.700617  0.546997  0.643444  0.674142  0.644791  0.700295  0.644816  0.500464 
14  0.526704  0.559950  0.617097  0.836420  0.672776  0.639877  0.644210  0.701320  0.748975  0.740072  0.681504  0.688250  0.570837  0.646824 0.0  0.530481  0.709867  0.354235  0.438648  0.725388  0.846727  0.600960  0.533922  0.685790  0.556588  0.646903  0.765459  0.131914  0.594251  0.436206  0.797256  0.754842  0.660235  0.622832  0.914329  0.582937  0.651571  0.730798  0.664102  0.627993  0.643004  0.196903  0.403564  0.320768  0.741852  0.548543  0.829304  0.640682  0.159345  0.729978  0.504526  0.724745  0.727564  0.514574  0.724731  0.805865  0.319017  0.730866  0.880102  0.465109  0.802165  0.687580  0.734250  0.756143  0.674189  0.600238  0.757219  0.301281  0.764565  0.671034  0.776453  0.644529  0.768738 
15  0.483014  0.578199  0.771240  0.797377  0.430382  0.506781  0.306271  0.590043  0.768227  0.454569  0.697545  0.559499  0.458679  0.596060  0.530481 0.0  0.768463  0.732406  0.602342  0.584540  0.758642  0.660910  0.539598  0.717878  0.412018  0.758842  0.630576  0.545812  0.590597  0.648434  0.645700  0.736406  0.501076  0.706600  0.816218  0.234461  0.315899  0.758860  0.620728  0.756010  0.427096  0.626332  0.643909  0.653530  0.759109  0.680377  0.699875  0.493007  0.629012  0.643129  0.570556  0.803137  0.582374  0.673493  0.597431  0.640867  0.616726  0.687707  0.700005  0.462948  0.768571  0.505026  0.884177  0.716087  0.374165  0.647496  0.599490  0.708290  0.669547  0.591388  0.749879  0.699317  0.704426 
16  0.636795  0.590660  0.845091  0.695510  0.810998  0.565809  0.788753  0.768659  0.691689  0.789596  0.713810  0.779119  0.661226  0.739501  0.709867  0.768463 0.0  0.604685  0.683177  0.592916  0.769613  0.609043  0.704293  0.671599  0.650599  0.828274  0.706517  0.598211  0.536551  0.564473  0.716787  0.724418  0.682504  0.807554  0.892650  0.714666  0.710620  0.756190  0.734577  0.716536  0.599542  0.570154  0.659103  0.642498  0.811059  0.511073  0.784984  0.611625  0.703475  0.818809  0.512740  0.866683  0.555376  0.603681  0.589087  0.834075  0.773562  0.763973  0.922760  0.610603  0.801254  0.766959  0.827090  0.709151  0.612051  0.570353  0.843599  0.616408  0.771992  0.610802  0.725532  0.754080  0.736807 
17  0.465755  0.628878  0.765440  0.849689  0.636609  0.559917  0.530943  0.716345  0.715483  0.817795  0.614572  0.762852  0.600085  0.631101  0.354235  0.732406  0.604685 0.0  0.350773  0.696448  0.809660  0.566836  0.660369  0.885341  0.549652  0.815384  0.738719  0.203771  0.579334  0.344820  0.752614  0.745271  0.666534  0.774463  1.000000  0.592673  0.698360  0.757562  0.752769  0.550707  0.617940  0.244195  0.369581  0.412116  0.745397  0.649820  0.813280  0.626359  0.291785  0.757705  0.562227  0.780305  0.693579  0.505266  0.676171  0.708556  0.341321  0.743180  0.769428  0.659132  0.785207  0.727610  0.658980  0.813514  0.728294  0.602942  0.782724  0.237046  0.794606  0.647014  0.788489  0.797824  0.768781 
18  0.642541  0.631009  0.699183  0.806615  0.771221  0.694731  0.598368  0.816139  0.686502  0.785965  0.601094  0.648978  0.536808  0.819735  0.438648  0.602342  0.683177  0.350773 0.0  0.634000  0.699902  0.672501  0.663346  0.756001  0.557178  0.786762  0.615860  0.456648  0.554301  0.391473  0.726031  0.695875  0.762485  0.740312  0.806989  0.561486  0.609858  0.775032  0.686024  0.674882  0.744219  0.365738  0.364058  0.492910  0.623490  0.650324  0.784420  0.664373  0.480654  0.808518  0.571372  0.878520  0.648227  0.514675  0.710566  0.740748  0.478051  0.830941  0.856945  0.612906  0.806517  0.640402  0.733259  0.810409  0.730969  0.579949  0.651198  0.469166  0.729902  0.738988  0.818540  0.642244  0.733814 
19  0.468584  0.549062  0.702625  0.746820  0.466604  0.466308  0.435773  0.626145  0.561785  0.734725  0.629519  0.562186  0.504509  0.551469  0.725388  0.584540  0.592916  0.696448  0.634000 0.0  0.663246  0.636477  0.252378  0.765481  0.414630  0.767346  0.646658  0.628596  0.543978  0.623049  0.654331  0.616453  0.452681  0.671497  0.942777  0.423959  0.441436  0.798453  0.694569  0.642224  0.430383  0.643196  0.736870  0.542867  0.777663  0.793186  0.805285  0.071737  0.548801  0.639107  0.438239  0.713004  0.424516  0.561407  0.655161  0.810763  0.634497  0.738052  0.711666  0.056716  0.794176  0.474739  0.720292  0.770369  0.472937  0.612550  0.747398  0.619080  0.675803  0.526581  0.864386  0.706006  0.586703 
20  0.665453  0.743381  0.450149  0.644977  0.653686  0.702953  0.647402  0.655486  0.460207  0.473252  0.846857  0.653076  0.720828  0.530350  0.846727  0.758642  0.769613  0.809660  0.699902  0.663246 0.0  0.622214  0.781859  0.630956  0.752669  0.711599  0.513524  0.840776  0.831650  0.747757  0.751003  0.313805  0.584779  0.547642  0.832710  0.654623  0.683601  0.642399  0.575157  0.714222  0.662073  0.818120  0.882975  0.839607  0.891845  0.841322  0.638604  0.652311  0.781267  0.614643  0.713827  0.645434  0.693620  0.776838  0.580110  0.681757  0.766931  0.538382  0.633136  0.741806  0.421960  0.730259  0.911031  0.635088  0.630404  0.776721  0.606444  0.741141  0.347330  0.624111  0.636606  0.733249  0.462491 
21  0.559780  0.613022  0.599641  0.809804  0.623184  0.618343  0.714771  0.616039  0.770288  0.665679  0.743423  0.590467  0.698373  0.663033  0.600960  0.660910  0.609043  0.566836  0.672501  0.636477  0.622214 0.0  0.602176  0.702277  0.602199  0.939432  0.738333  0.689459  0.572787  0.783860  0.700657  0.642001  0.624531  0.614599  0.923218  0.625570  0.595419  0.706718  0.800169  0.715778  0.612643  0.680160  0.702389  0.605887  0.805408  0.670993  0.784008  0.532499  0.746976  0.731381  0.487884  0.831187  0.603862  0.562857  0.805051  0.722813  0.544096  0.829475  0.885958  0.583640  0.797396  0.782318  0.649338  0.764479  0.592188  0.629165  0.764652  0.673366  0.733456  0.519054  0.827197  0.751963  0.641885 
22  0.334046  0.325026  0.803630  0.827293  0.503092  0.521358  0.502085  0.709385  0.684398  0.772948  0.708565  0.481404  0.419705  0.655848  0.533922  0.539598  0.704293  0.660369  0.663346  0.252378  0.781859  0.602176 0.0  0.670128  0.485198  0.856048  0.713887  0.619648  0.336351  0.578683  0.657098  0.751063  0.531184  0.677240  0.819843  0.471899  0.657751  0.710773  0.633330  0.712533  0.613472  0.527280  0.550802  0.593121  0.680507  0.664877  0.634030  0.284780  0.502428  0.650591  0.000000  0.653018  0.601392  0.514409  0.655173  0.614258  0.578260  0.694644  0.682799  0.419589  0.651208  0.540314  0.721285  0.643583  0.557529  0.683347  0.768160  0.649964  0.668457  0.518312  0.677008  0.713314  0.667013 
23  0.801194  0.709319  0.588604  0.857046  0.597339  0.697732  0.719535  0.510576  0.661379  0.463267  0.752323  0.578474  0.581262  0.694469  0.685790  0.717878  0.671599  0.885341  0.756001  0.765481  0.630956  0.702277  0.670128 0.0  0.598715  0.663655  0.439310  0.730887  0.626608  0.721325  0.216331  0.626848  0.554149  0.668592  0.844667  0.621840  0.558788  0.382885  0.267235  0.764667  0.500993  0.696007  0.734045  0.591647  0.928075  0.755015  0.627294  0.750345  0.698857  0.567695  0.621461  0.556507  0.676453  0.679857  0.550085  0.442974  0.698254  0.712082  0.770218  0.630128  0.606205  0.599838  0.799310  0.633961  0.681884  0.829480  0.413836  0.771524  0.641085  0.770187  0.599903  0.194222  0.618207 
24  0.507336  0.417449  0.695283  0.837612  0.477855  0.411570  0.088807  0.647056  0.605425  0.670456  0.727232  0.525574  0.258053  0.648979  0.556588  0.412018  0.650599  0.549652  0.557178  0.414630  0.752669  0.602199  0.485198  0.598715 0.0  0.713972  0.629842  0.694215  0.474012  0.534351  0.625598  0.708009  0.333994  0.760792  0.785799  0.111645  0.388780  0.515338  0.745017  0.809344  0.493772  0.664198  0.722516  0.637889  0.844177  0.645455  0.715407  0.487301  0.664990  0.689987  0.559995  0.713092  0.563902  0.706440  0.487999  0.694113  0.644459  0.593373  0.652449  0.504081  0.689375  0.466506  0.829272  0.666679  0.482162  0.648914  0.513095  0.579378  0.585753  0.586855  0.756544  0.683984  0.677128 
25  0.896517  0.786542  0.588716  0.516460  0.755889  0.883299  0.704998  0.691446  0.664060  0.667218  0.844451  0.722074  0.849415  0.707592  0.646903  0.758842  0.828274  0.815384  0.786762  0.767346  0.711599  0.939432  0.856048  0.663655  0.713972 0.0  0.666282  0.784169  0.839073  0.800978  0.653760  0.611434  0.773754  0.674429  0.699110  0.707848  0.626616  0.639435  0.611387  0.834113  0.744435  0.793572  0.999883  0.702864  0.849850  0.741247  0.784139  0.898861  0.951836  0.706594  0.746805  0.649593  0.695896  0.736125  0.662709  0.619848  0.827077  0.539735  0.456698  0.787046  0.730090  0.812984  0.898012  0.652541  0.810736  0.876760  0.589096  0.846342  0.556804  0.755908  0.540505  0.696615  0.711730 
26  0.637741  0.577733  0.469013  0.828981  0.576534  0.801480  0.614910  0.158739  0.465354  0.421463  0.741107  0.477763  0.761529  0.650871  0.765459  0.630576  0.706517  0.738719  0.615860  0.646658  0.513524  0.738333  0.713887  0.439310  0.629842  0.666282 0.0  0.766632  0.720207  0.775025  0.487773  0.625863  0.626443  0.591253  0.845496  0.565985  0.673616  0.430599  0.353765  0.869531  0.644912  0.680385  0.788930  0.649867  0.666648  0.651826  0.632912  0.699119  0.726467  0.342456  0.599428  0.505576  0.597725  0.796210  0.385961  0.458491  0.792686  0.676311  0.737660  0.626019  0.507110  0.642966  0.801201  0.735344  0.651255  0.726727  0.355421  0.716519  0.553553  0.590953  0.642716  0.438828  0.523772 
27  0.548974  0.685970  0.681012  0.863746  0.658634  0.680371  0.633772  0.823550  0.684715  0.743885  0.680962  0.683811  0.676127  0.771432  0.131914  0.545812  0.598211  0.203771  0.456648  0.628596  0.840776  0.689459  0.619648  0.730887  0.694215  0.784169  0.766632 0.0  0.635030  0.359021  0.673908  0.727588  0.672235  0.777275  0.894720  0.570101  0.618318  0.715361  0.604581  0.730686  0.572049  0.128032  0.368487  0.419949  0.758947  0.598473  0.795704  0.690736  0.031255  0.702843  0.599826  0.722660  0.747835  0.377856  0.661526  0.705680  0.311929  0.863107  0.773135  0.606912  0.814252  0.709600  0.592986  0.823676  0.603394  0.547373  0.802242  0.069233  0.800880  0.704667  0.810406  0.716781  0.735806 
28  0.300997  0.444635  0.640426  0.828922  0.634734  0.628193  0.534302  0.690097  0.572446  0.823201  0.646962  0.617996  0.534856  0.639387  0.594251  0.590597  0.536551  0.579334  0.554301  0.543978  0.831650  0.572787  0.336351  0.626608  0.474012  0.839073  0.720207  0.635030 0.0  0.610047  0.708415  0.695987  0.564561  0.711516  0.884658  0.404451  0.591380  0.560217  0.763470  0.657957  0.513605  0.618043  0.540557  0.474270  0.804330  0.636153  0.827506  0.498420  0.567991  0.696991  0.303084  0.776784  0.555082  0.535935  0.611080  0.671375  0.530700  0.789430  0.698868  0.491022  0.704737  0.478073  0.837646  0.818796  0.566584  0.525989  0.704318  0.659746  0.876955  0.532669  0.875024  0.665159  0.686261 
29  0.500057  0.536446  0.823791  0.919754  0.600351  0.685284  0.595595  0.691748  0.698815  0.749165  0.656420  0.643586  0.592483  0.724257  0.436206  0.648434  0.564473  0.344820  0.391473  0.623049  0.747757  0.783860  0.578683  0.721325  0.534351  0.800978  0.775025  0.359021  0.610047 0.0  0.686685  0.828931  0.647540  0.765500  0.867654  0.566459  0.706119  0.789693  0.716075  0.623879  0.697078  0.460350  0.139570  0.446444  0.824221  0.620629  0.852706  0.600742  0.332621  0.761945  0.586054  0.766668  0.659899  0.468493  0.729836  0.876267  0.205961  0.804203  0.796624  0.691279  0.748075  0.684115  0.740938  0.768384  0.668109  0.577740  0.815267  0.326743  0.841471  0.593430  0.854993  0.702532  0.813764 
30  0.608391  0.568502  0.630168  0.701978  0.621922  0.673342  0.654382  0.485173  0.672804  0.527992  0.794501  0.566040  0.666478  0.632600  0.797256  0.645700  0.716787  0.752614  0.726031  0.654331  0.751003  0.700657  0.657098  0.216331  0.625598  0.653760  0.487773  0.673908  0.708415  0.686685 0.0  0.577538  0.627649  0.602857  0.829453  0.617100  0.627018  0.412614  0.159487  0.696348  0.648431  0.728691  0.730271  0.736949  0.885490  0.886581  0.659415  0.682647  0.810226  0.437098  0.716607  0.455660  0.712138  0.727614  0.537659  0.440716  0.848710  0.601623  0.674421  0.666470  0.627041  0.624971  0.868063  0.600771  0.634056  0.877254  0.310276  0.647098  0.596522  0.611184  0.688430  0.318042  0.594404 
31  0.664661  0.816354  0.437926  0.764013  0.700123  0.699379  0.665762  0.548854  0.653267  0.526227  0.892758  0.603448  0.562010  0.452500  0.754842  0.736406  0.724418  0.745271  0.695875  0.616453  0.313805  0.642001  0.751063  0.626848  0.708009  0.611434  0.625863  0.727588  0.695987  0.828931  0.577538 0.0  0.533070  0.561779  0.831444  0.660755  0.668126  0.604132  0.653590  0.800026  0.672159  0.754161  0.817911  0.890745  0.768097  0.738438  0.434582  0.760295  0.683614  0.650008  0.706627  0.587587  0.607140  0.795499  0.642873  0.563143  0.843242  0.564500  0.592749  0.700404  0.451665  0.663798  0.894539  0.517967  0.668881  0.852333  0.570632  0.805646  0.270687  0.616233  0.740449  0.595566  0.485271 
32  0.484413  0.497794  0.735976  0.701123  0.160895  0.378454  0.394034  0.570960  0.650610  0.631377  0.771926  0.477345  0.387237  0.614171  0.660235  0.501076  0.682504  0.666534  0.762485  0.452681  0.584779  0.624531  0.531184  0.554149  0.333994  0.773754  0.626443  0.672235  0.564561  0.647540  0.627649  0.533070 0.0  0.633429  0.829814  0.385129  0.190643  0.689677  0.690566  0.831741  0.176024  0.716433  0.784823  0.557484  0.788988  0.625577  0.678396  0.434885  0.608229  0.592307  0.564666  0.721533  0.494296  0.616262  0.545438  0.661174  0.666886  0.697848  0.784924  0.395500  0.618009  0.223832  0.746105  0.732662  0.377663  0.757910  0.821474  0.646646  0.631282  0.513297  0.864507  0.736991  0.560086 
33  0.718492  0.605276  0.552451  0.759862  0.526765  0.570272  0.750981  0.607160  0.448674  0.638039  0.741986  0.553669  0.621897  0.246656  0.622832  0.706600  0.807554  0.774463  0.740312  0.671497  0.547642  0.614599  0.677240  0.668592  0.760792  0.674429  0.591253  0.777275  0.711516  0.765500  0.602857  0.561779  0.633429 0.0  0.965632  0.672937  0.592072  0.618978  0.598099  0.748723  0.515131  0.803876  0.709207  0.746427  0.823665  0.689211  0.685176  0.631130  0.709863  0.531360  0.750758  0.582481  0.521661  0.629543  0.511959  0.579006  0.709586  0.668059  0.718370  0.814636  0.676788  0.591981  0.870657  0.630835  0.545664  0.743953  0.689458  0.748147  0.530417  0.548250  0.702179  0.619812  0.512677 
34  0.880796  0.831272  0.804705  0.750638  0.802972  0.910476  0.874819  0.824354  0.754877  0.805376  0.888462  0.835471  0.793284  0.954714  0.914329  0.816218  0.892650  1.000000  0.806989  0.942777  0.832710  0.923218  0.819843  0.844667  0.785799  0.699110  0.845496  0.894720  0.884658  0.867654  0.829453  0.831444  0.829814  0.965632 0.0  0.820656  0.847313  0.755409  0.861787  0.887098  0.909212  0.919603  0.870443  0.955959  0.953862  0.960016  0.885359  0.789235  0.848407  0.726643  0.802328  0.846652  0.798726  0.992625  0.825010  0.805612  0.878933  0.920710  0.838499  0.861426  0.880571  0.855247  0.905713  0.964768  0.824502  0.740624  0.862354  0.853259  0.802828  0.804786  0.825499  0.772354  0.891670 
35  0.496471  0.323964  0.786159  0.755286  0.564264  0.424203  0.084817  0.563214  0.663188  0.740129  0.761846  0.509211  0.176561  0.625479  0.582937  0.234461  0.714666  0.592673  0.561486  0.423959  0.654623  0.625570  0.471899  0.621840  0.111645  0.707848  0.565985  0.570101  0.404451  0.566459  0.617100  0.660755  0.385129  0.672937  0.820656 0.0  0.512995  0.727532  0.520504  0.754535  0.488679  0.629635  0.493655  0.618449  0.858106  0.692973  0.766923  0.459402  0.551261  0.571377  0.510755  0.713543  0.519519  0.620577  0.519778  0.579673  0.594778  0.770669  0.807241  0.510138  0.704890  0.360739  0.747793  0.723131  0.450007  0.663496  0.789514  0.605270  0.708754  0.609623  0.714989  0.740706  0.723895 
36  0.592704  0.476471  0.736718  0.754238  0.216721  0.462057  0.422260  0.665276  0.499583  0.628301  0.736688  0.483755  0.490462  0.642075  0.651571  0.315899  0.710620  0.698360  0.609858  0.441436  0.683601  0.595419  0.657751  0.558788  0.388780  0.626616  0.673616  0.618318  0.591380  0.706119  0.627018  0.668126  0.190643  0.592072  0.847313  0.512995 0.0  0.696914  0.640287  0.815102  0.190749  0.591331  0.726160  0.656228  0.854653  0.645583  0.675778  0.556810  0.674964  0.567625  0.639138  0.719903  0.347774  0.624413  0.554883  0.581697  0.572018  0.789618  0.860529  0.438611  0.709137  0.230448  0.753462  0.786309  0.402972  0.785601  0.717957  0.606883  0.636389  0.395453  0.776095  0.642781  0.552634 
37  0.719399  0.750115  0.581596  0.713541  0.639945  0.787380  0.656020  0.614538  0.613555  0.495554  0.878750  0.567335  0.688510  0.714507  0.730798  0.758860  0.756190  0.757562  0.775032  0.798453  0.642399  0.706718  0.710773  0.382885  0.515338  0.639435  0.430599  0.715361  0.560217  0.789693  0.412614  0.604132  0.689677  0.618978  0.755409  0.727532  0.696914 0.0  0.378750  0.742496  0.710355  0.814974  0.810534  0.810135  0.820213  0.705682  0.507656  0.707811  0.675576  0.572390  0.752101  0.456897  0.714790  0.803818  0.554000  0.108820  0.805721  0.580872  0.705411  0.649814  0.579229  0.663634  0.794798  0.658032  0.684834  0.783013  0.416473  0.857182  0.672839  0.723129  0.599164  0.519182  0.559199 
38  0.668978  0.750902  0.601406  0.795912  0.637575  0.745460  0.715789  0.398783  0.596969  0.542676  0.801755  0.564114  0.681538  0.679313  0.664102  0.620728  0.734577  0.752769  0.686024  0.694569  0.575157  0.800169  0.633330  0.267235  0.745017  0.611387  0.353765  0.604581  0.763470  0.716075  0.159487  0.653590  0.690566  0.598099  0.861787  0.520504  0.640287  0.378750 0.0  0.892126  0.644897  0.769893  0.791515  0.742573  0.866396  0.782584  0.581685  0.662967  0.765179  0.473003  0.752196  0.526192  0.623221  0.628211  0.619331  0.314597  0.770087  0.564572  0.678719  0.643300  0.614032  0.620093  0.708164  0.612438  0.665902  0.791696  0.274378  0.737028  0.667828  0.707058  0.461246  0.418315  0.559293 
39  0.625738  0.740492  0.856666  0.828893  0.768590  0.756589  0.721669  0.786760  0.702605  0.679264  0.603119  0.734690  0.677147  0.761304  0.627993  0.756010  0.716536  0.550707  0.674882  0.642224  0.714222  0.715778  0.712533  0.764667  0.809344  0.834113  0.869531  0.730686  0.657957  0.623879  0.696348  0.800026  0.831741  0.748723  0.887098  0.754535  0.815102  0.742496  0.892126 0.0  0.665335  0.675264  0.579714  0.710745  0.733279  0.730850  0.979647  0.622111  0.715399  0.687913  0.746355  0.863458  0.711125  0.623182  0.800720  0.835023  0.541840  0.832338  0.752080  0.610953  0.806914  0.826121  0.672662  0.845888  0.738591  0.761230  0.741014  0.665589  0.713028  0.693309  0.772133  0.819151  0.856517 
40  0.596653  0.516534  0.688311  0.782302  0.161589  0.431817  0.418396  0.605761  0.580973  0.696011  0.764814  0.345720  0.389556  0.716176  0.643004  0.427096  0.599542  0.617940  0.744219  0.430383  0.662073  0.612643  0.613472  0.500993  0.493772  0.744435  0.644912  0.572049  0.513605  0.697078  0.648431  0.672159  0.176024  0.515131  0.909212  0.488679  0.190749  0.710355  0.644897  0.665335 0.0  0.741599  0.631500  0.658768  0.788873  0.657346  0.732271  0.551969  0.561632  0.555916  0.593691  0.609104  0.480933  0.659629  0.547504  0.736250  0.745832  0.801673  0.726247  0.515863  0.763795  0.333305  0.659389  0.805228  0.360578  0.653161  0.625973  0.670224  0.692665  0.427702  0.724417  0.715910  0.578251 
41  0.547347  0.566003  0.779666  0.872677  0.694082  0.585901  0.505086  0.657768  0.745143  0.635823  0.523650  0.713565  0.653907  0.720112  0.196903  0.626332  0.570154  0.244195  0.365738  0.643196  0.818120  0.680160  0.527280  0.696007  0.664198  0.793572  0.680385  0.128032  0.618043  0.460350  0.728691  0.754161  0.716433  0.803876  0.919603  0.629635  0.591331  0.814974  0.769893  0.675264  0.741599 0.0  0.457091  0.408082  0.706357  0.585852  0.813345  0.624050  0.196501  0.692090  0.618651  0.786842  0.785730  0.608758  0.759824  0.811081  0.337611  0.828763  0.877151  0.700729  0.767676  0.596821  0.813163  0.844912  0.647865  0.582780  0.872119  0.077818  0.793904  0.657558  0.773707  0.708497  0.647469 
42  0.585864  0.676644  0.686249  0.739644  0.557931  0.656325  0.628163  0.833278  0.633396  0.700746  0.686364  0.701303  0.629997  0.656727  0.403564  0.643909  0.659103  0.369581  0.364058  0.736870  0.882975  0.702389  0.550802  0.734045  0.722516  0.999883  0.788930  0.368487  0.540557  0.139570  0.730271  0.817911  0.784823  0.709207  0.870443  0.493655  0.726160  0.810534  0.791515  0.579714  0.631500  0.457091 0.0  0.474509  0.731625  0.669812  0.776056  0.672976  0.396756  0.760218  0.725606  0.806717  0.709676  0.554347  0.720903  0.759528  0.221186  0.866553  0.748786  0.708599  0.869847  0.773620  0.796719  0.788705  0.693646  0.667268  0.798196  0.319394  0.851643  0.688326  0.819328  0.806706  0.671557 
43  0.482333  0.499486  0.819279  0.857445  0.631669  0.546298  0.578030  0.765009  0.710381  0.638775  0.612612  0.577407  0.598468  0.707333  0.320768  0.653530  0.642498  0.412116  0.492910  0.542867  0.839607  0.605887  0.593121  0.591647  0.637889  0.702864  0.649867  0.419949  0.474270  0.446444  0.736949  0.890745  0.557484  0.746427  0.955959  0.618449  0.656228  0.810135  0.742573  0.710745  0.658768  0.408082  0.474509 0.0  0.620396  0.590281  0.708925  0.695784  0.268111  0.685133  0.607200  0.960666  0.618390  0.437761  0.660449  0.701562  0.398111  0.669775  0.760101  0.537322  0.721700  0.582040  0.689668  0.790009  0.596537  0.606252  0.684949  0.441496  0.651297  0.645631  0.852161  0.707505  0.795123 
44  0.781145  0.833479  0.759334  0.872674  0.773900  0.911253  0.667302  0.806018  0.748758  0.809494  0.638102  0.891621  0.826431  0.873943  0.741852  0.759109  0.811059  0.745397  0.623490  0.777663  0.891845  0.805408  0.680507  0.928075  0.844177  0.849850  0.666648  0.758947  0.804330  0.824221  0.885490  0.768097  0.788988  0.823665  0.953862  0.858106  0.854653  0.820213  0.866396  0.733279  0.788873  0.706357  0.731625  0.620396 0.0  0.739250  0.891406  0.806726  0.901396  0.988896  0.849898  0.832273  0.800665  0.702735  0.835479  0.894493  0.846548  0.975658  0.794751  0.769420  0.875871  0.731598  0.596138  0.858467  0.858009  0.675004  0.881835  0.751032  0.873674  0.868560  0.898896  0.943317  0.936982 
45  0.675637  0.629820  0.835297  0.868067  0.646242  0.684600  0.680877  0.783990  0.845155  0.763461  0.569403  0.789470  0.810287  0.797220  0.548543  0.680377  0.511073  0.649820  0.650324  0.793186  0.841322  0.670993  0.664877  0.755015  0.645455  0.741247  0.651826  0.598473  0.636153  0.620629  0.886581  0.738438  0.625577  0.689211  0.960016  0.692973  0.645583  0.705682  0.782584  0.730850  0.657346  0.585852  0.669812  0.590281  0.739250 0.0  0.761199  0.668057  0.529066  0.673979  0.601877  0.811683  0.675824  0.645217  0.761872  0.790030  0.630347  0.804076  0.824793  0.621189  0.831638  0.684249  0.657082  0.827775  0.665060  0.595395  0.834207  0.554037  0.774944  0.845927  0.860888  0.767918  0.653634 
46  0.782306  0.703983  0.696022  0.619566  0.705876  0.633870  0.725459  0.636057  0.537433  0.697086  0.729684  0.727537  0.672364  0.690002  0.829304  0.699875  0.784984  0.813280  0.784420  0.805285  0.638604  0.784008  0.634030  0.627294  0.715407  0.784139  0.632912  0.795704  0.827506  0.852706  0.659415  0.434582  0.678396  0.685176  0.885359  0.766923  0.675778  0.507656  0.581685  0.979647  0.732271  0.813345  0.776056  0.708925  0.891406  0.761199 0.0  0.702043  0.609272  0.668492  0.720564  0.638960  0.671595  0.766759  0.704725  0.766282  0.735888  0.631283  0.590029  0.832640  0.278826  0.752197  0.771624  0.467565  0.565880  0.815167  0.653222  0.785655  0.598148  0.739446  0.695811  0.629132  0.626200 
47  0.414995  0.453546  0.740268  0.760011  0.595135  0.479466  0.479402  0.622753  0.610329  0.712437  0.719932  0.587332  0.461940  0.674963  0.640682  0.493007  0.611625  0.626359  0.664373  0.071737  0.652311  0.532499  0.284780  0.750345  0.487301  0.898861  0.699119  0.690736  0.498420  0.600742  0.682647  0.760295  0.434885  0.631130  0.789235  0.459402  0.556810  0.707811  0.662967  0.622111  0.551969  0.624050  0.672976  0.695784  0.806726  0.668057  0.702043 0.0  0.674062  0.670241  0.366811  0.751956  0.547552  0.548412  0.757331  0.739746  0.603721  0.770274  0.786105  0.184964  0.626375  0.447872  0.679419  0.724564  0.429891  0.716148  0.677009  0.571698  0.669324  0.498150  0.800155  0.647683  0.776110 
48  0.486449  0.658058  0.726567  0.870009  0.647157  0.692159  0.716333  0.785313  0.692665  0.747680  0.671733  0.684487  0.663647  0.878355  0.159345  0.629012  0.703475  0.291785  0.480654  0.548801  0.781267  0.746976  0.502428  0.698857  0.664990  0.951836  0.726467  0.031255  0.567991  0.332621  0.810226  0.683614  0.608229  0.709863  0.848407  0.551261  0.674964  0.675576  0.765179  0.715399  0.561632  0.196501  0.396756  0.268111  0.901396  0.529066  0.609272  0.674062 0.0  0.776582  0.636652  0.766934  0.699175  0.436492  0.758791  0.795520  0.319058  0.798583  0.800049  0.645363  0.845938  0.590958  0.747526  0.790263  0.755830  0.585163  0.730653  0.068582  0.711792  0.674940  0.845236  0.758296  0.644939 
49  0.598878  0.664136  0.589749  0.642989  0.554224  0.541434  0.563958  0.541549  0.599952  0.444886  0.744443  0.549400  0.650870  0.690704  0.729978  0.643129  0.818809  0.757705  0.808518  0.639107  0.614643  0.731381  0.650591  0.567695  0.689987  0.706594  0.342456  0.702843  0.696991  0.761945  0.437098  0.650008  0.592307  0.531360  0.726643  0.571377  0.567625  0.572390  0.473003  0.687913  0.555916  0.692090  0.760218  0.685133  0.988896  0.673979  0.668492  0.670241  0.776582 0.0  0.526255  0.633931  0.650816  0.762958  0.243838  0.589174  0.718506  0.547604  0.687505  0.598791  0.596676  0.469704  0.857382  0.712339  0.555622  0.876401  0.551373  0.720453  0.606247  0.635820  0.715745  0.650219  0.526598 
50  0.351585  0.316098  0.727200  0.806300  0.496991  0.595268  0.470194  0.745236  0.600836  0.663510  0.672764  0.603974  0.557048  0.616575  0.504526  0.570556  0.512740  0.562227  0.571372  0.438239  0.713827  0.487884  0.000000  0.621461  0.559995  0.746805  0.599428  0.599826  0.303084  0.586054  0.716607  0.706627  0.564666  0.750758  0.802328  0.510755  0.639138  0.752101  0.752196  0.746355  0.593691  0.618651  0.725606  0.607200  0.849898  0.601877  0.720564  0.366811  0.636652  0.526255 0.0  0.724110  0.519419  0.523588  0.640562  0.767918  0.681959  0.726753  0.710986  0.451989  0.773245  0.561482  0.821643  0.691684  0.554373  0.663603  0.732957  0.579599  0.816744  0.557814  0.733829  0.701802  0.633643 
51  0.685025  0.831904  0.556803  0.693103  0.640945  0.695277  0.751172  0.592569  0.707450  0.566364  0.727977  0.737152  0.760255  0.542619  0.724745  0.803137  0.866683  0.780305  0.878520  0.713004  0.645434  0.831187  0.653018  0.556507  0.713092  0.649593  0.505576  0.722660  0.776784  0.766668  0.455660  0.587587  0.721533  0.582481  0.846652  0.713543  0.719903  0.456897  0.526192  0.863458  0.609104  0.786842  0.806717  0.960666  0.832273  0.811683  0.638960  0.751956  0.766934  0.633931  0.724110 0.0  0.777329  0.803365  0.513040  0.485559  0.801544  0.478438  0.544134  0.782018  0.580008  0.827939  0.849619  0.849538  0.726522  0.762376  0.529978  0.708757  0.617820  0.696311  0.439486  0.686586  0.596073 
52  0.633834  0.527908  0.773848  0.740509  0.404692  0.337912  0.476540  0.635369  0.607086  0.611230  0.745526  0.501335  0.491618  0.599416  0.727564  0.582374  0.555376  0.693579  0.648227  0.424516  0.693620  0.603862  0.601392  0.676453  0.563902  0.695896  0.597725  0.747835  0.555082  0.659899  0.712138  0.607140  0.494296  0.521661  0.798726  0.519519  0.347774  0.714790  0.623221  0.711125  0.480933  0.785730  0.709676  0.618390  0.800665  0.675824  0.671595  0.547552  0.699175  0.650816  0.519419  0.777329 0.0  0.592991  0.598509  0.561925  0.716184  0.783534  0.783280  0.513383  0.786770  0.578743  0.822442  0.657463  0.448931  0.856065  0.656155  0.706620  0.615550  0.332657  0.666562  0.704857  0.652537 
53  0.475701  0.584389  0.786338  0.739680  0.684706  0.624890  0.658076  0.718812  0.649798  0.556463  0.798223  0.675723  0.679371  0.701882  0.514574  0.673493  0.603681  0.505266  0.514675  0.561407  0.776838  0.562857  0.514409  0.679857  0.706440  0.736125  0.796210  0.377856  0.535935  0.468493  0.727614  0.795499  0.616262  0.629543  0.992625  0.620577  0.624413  0.803818  0.628211  0.623182  0.659629  0.608758  0.554347  0.437761  0.702735  0.645217  0.766759  0.548412  0.436492  0.762958  0.523588  0.803365  0.592991 0.0  0.630822  0.750384  0.539599  0.861482  0.940716  0.561797  0.669326  0.568993  0.574996  0.677170  0.671361  0.596086  0.746840  0.407697  0.742643  0.589880  0.734191  0.726364  0.647677 
