73
0 0.0  0.517327  0.649385  0.732141  0.544106  0.691620  0.745662  0.532336  0.744841  0.760779  0.545441  0.810582  0.688051  0.724843  0.666531  0.627456  0.525492  0.628271  0.674800  0.656969  0.549778  0.715550  0.740670  0.718750  0.659246  0.713522  0.687641  0.615029  0.603589  0.741925  0.743102  0.432844  0.632769  0.458292  0.639778  0.548597  0.612870  0.753342  0.776287  0.380423  0.723224  0.385189  0.619357  0.472473  0.914931  0.570417  0.548343  0.726504  0.507591  0.548191  0.749210  0.733952  0.526003  0.697920  0.559148  0.697335  0.491811  0.600654  0.713700  0.793194  0.643780  0.460654  0.609319  0.650186  0.800741  0.704078  0.735855  0.443165  0.712296  0.760642  0.724827  0.429734  0.865617 
1  0.517327 0.0  0.762365  0.679229  0.668201  0.663629  0.785608  0.470760  0.755864  0.712923  0.430404  0.865183  0.607463  0.597940  0.796573  0.571980  0.560689  0.759345  0.650687  0.570634  0.653923  0.726293  0.671206  0.818646  0.647781  0.807515  0.777871  0.402890  0.689030  0.778147  0.760644  0.510287  0.684184  0.054967  0.700966  0.615922  0.372682  0.756940  0.609564  0.386096  0.672882  0.503068  0.609664  0.472662  0.820015  0.561648  0.462789  0.675386  0.275904  0.530376  0.666986  0.604870  0.569517  0.654438  0.568498  0.597938  0.653656  0.620824  0.722890  0.681878  0.621430  0.397133  0.625108  0.636345  0.848700  0.674393  0.679701  0.457758  0.655666  0.789439  0.729154  0.233545  0.730187 
2  0.649385  0.762365 0.0  0.734435  0.751380  0.726334  0.892075  0.592355  0.905554  0.687874  0.613385  0.857101  0.628255  0.792004  0.799538  0.849658  0.664062  0.427923  0.774812  0.537280  0.751988  0.719751  0.557550  0.835163  0.264088  0.681645  0.248756  0.637197  0.694126  0.800244  0.420572  0.653881  0.616383  0.680815  0.592418  0.618618  0.665541  0.829235  0.527730  0.752097  0.707522  0.728972  0.657261  0.737098  0.810972  0.611982  0.566415  0.419305  0.747813  0.729374  0.797997  0.238071  0.585259  0.775916  0.593731  0.421175  0.640064  0.482774  0.793473  0.810800  0.605578  0.681327  0.578204  0.807176  0.836402  0.726408  0.758678  0.660150  0.593453  0.708491  0.733622  0.729075  0.778197 
3  0.732141  0.679229  0.734435 0.0  0.660517  0.868662  0.488275  0.745474  0.317891  0.651280  0.663960  0.735673  0.724004  0.674232  0.664267  0.676361  0.720021  0.657072  0.641351  0.788193  0.699821  0.669160  0.832936  0.644325  0.661917  0.602593  0.857567  0.688031  0.739115  0.495834  0.879895  0.802239  0.750378  0.734438  0.701748  0.654371  0.751818  0.771000  0.848533  0.698988  0.608788  0.760460  0.669006  0.789845  0.560549  0.737220  0.830942  0.763598  0.825662  0.783755  0.411792  0.803906  0.722618  0.506145  0.738276  0.906691  0.828759  0.743274  0.252648  0.629504  0.800312  0.761675  0.706339  0.690204  0.832573  0.609811  0.552077  0.796018  0.798533  0.916272  0.262131  0.769647  0.821171 
4  0.544106  0.668201  0.751380  0.660517 0.0  0.827739  0.777197  0.654359  0.765090  0.523310  0.718352  0.690265  0.746391  0.717269  0.553883  0.729411  0.594003  0.743711  0.615603  0.728473  0.517518  0.607723  0.723760  0.702556  0.774477  0.530340  0.700980  0.617043  0.623425  0.709912  0.700490  0.697741  0.716085  0.614160  0.708263  0.601026  0.630676  0.849185  0.726724  0.575905  0.708368  0.536624  0.821750  0.635103  0.688989  0.703662  0.603965  0.728975  0.593284  0.595445  0.674051  0.653157  0.659137  0.605879  0.546582  0.786824  0.637247  0.581996  0.525200  0.573236  0.767900  0.630001  0.653659  0.575918  0.853756  0.431402  0.725657  0.563113  0.623921  0.751629  0.723025  0.523105  0.847700 
5  0.691620  0.663629  0.726334  0.868662  0.827739 0.0  0.855525  0.825155  0.792629  0.747493  0.678941  0.828959  0.642938  0.850425  0.707143  0.806843  0.733713  0.643863  0.799384  0.637067  0.797062  0.840564  0.694395  0.754683  0.616634  0.856039  0.603422  0.648265  0.829289  0.772095  0.567872  0.707404  0.580837  0.849673  0.613179  0.708807  0.758173  0.876204  0.633768  0.676889  0.827521  0.740110  0.662215  0.729009  0.846945  0.595220  0.712540  0.635690  0.663190  0.658663  0.737530  0.579885  0.770369  0.704661  0.779558  0.683325  0.762617  0.582554  0.854601  0.792857  0.768824  0.645852  0.515374  0.888152  0.672723  0.940235  0.916673  0.729512  0.651878  0.562500  0.782774  0.821628  0.765486 
6  0.745662  0.785608  0.892075  0.488275  0.777197  0.855525 0.0  0.736780  0.491318  0.662348  0.848153  0.713424  0.795970  0.625864  0.665511  0.614947  0.717956  0.728667  0.536863  0.741638  0.596226  0.670626  0.795378  0.651095  0.745294  0.431299  0.859568  0.681767  0.792307  0.418260  0.814768  0.806884  0.755077  0.646132  0.729472  0.654677  0.783200  0.782005  0.760215  0.626285  0.629708  0.814795  0.738810  0.731331  0.674201  0.765309  0.612252  0.863072  0.675740  0.842337  0.165845  0.832381  0.765916  0.642545  0.816679  0.771405  0.859723  0.827981  0.618972  0.624555  0.907985  0.740427  0.767156  0.762449  0.958568  0.513315  0.544667  0.711197  0.783935  0.938849  0.534805  0.788813  0.847059 
7  0.532336  0.470760  0.592355  0.745474  0.654359  0.825155  0.736780 0.0  0.786445  0.595957  0.294847  0.744038  0.537717  0.649214  0.618416  0.684147  0.462828  0.732030  0.674890  0.592337  0.642524  0.606563  0.728822  0.844354  0.733090  0.774320  0.741501  0.233287  0.753017  0.682682  0.707572  0.450161  0.754990  0.428206  0.716263  0.602999  0.277309  0.659321  0.634694  0.526288  0.772223  0.632690  0.552685  0.245883  0.678260  0.522091  0.445416  0.577892  0.461202  0.549571  0.668517  0.663073  0.527833  0.663052  0.023652  0.535279  0.482721  0.546988  0.724999  0.701122  0.518401  0.636453  0.497898  0.698605  0.789976  0.644882  0.801488  0.572884  0.570334  0.747744  0.780446  0.480783  0.872064 
8  0.744841  0.755864  0.905554  0.317891  0.765090  0.792629  0.491318  0.786445 0.0  0.600520  0.670457  0.676701  0.769069  0.702415  0.737224  0.592116  0.756110  0.822429  0.608081  0.758202  0.854479  0.767892  0.790415  0.688064  0.814891  0.562471  0.850332  0.846086  0.750428  0.549869  0.925191  0.721078  0.892454  0.851162  0.765600  0.804987  0.874052  0.659887  0.766009  0.793986  0.590660  0.616469  0.698345  0.679494  0.707077  0.799032  0.812054  0.679903  0.789365  0.711907  0.620433  0.739741  0.794051  0.635735  0.770261  0.854235  0.857177  0.741148  0.498946  0.679592  0.730063  0.611617  0.823809  0.730914  0.863712  0.571014  0.503685  0.699105  0.753720  0.820457  0.338656  0.694346  0.863276 
9  0.760779  0.712923  0.687874  0.651280  0.523310  0.747493  0.662348  0.595957  0.600520 0.0  0.719360  0.653053  0.680474  0.623989  0.527318  0.739600  0.783735  0.696928  0.625695  0.808664  0.507527  0.613735  0.845793  0.565776  0.739851  0.469982  0.639246  0.665980  0.627910  0.578561  0.740188  0.718535  0.766321  0.830095  0.800919  0.727662  0.625688  0.658664  0.784954  0.640974  0.474358  0.733146  0.737281  0.732578  0.641752  0.704859  0.837160  0.756564  0.627688  0.632771  0.567715  0.761343  0.706667  0.627729  0.612368  0.781951  0.759422  0.816677  0.589880  0.603872  0.839580  0.606983  0.759245  0.586918  0.932978  0.542560  0.636570  0.629310  0.610504  0.841427  0.676891  0.742511  0.810418 
10  0.545441  0.430404  0.613385  0.663960  0.718352  0.678941  0.848153  0.294847  0.670457  0.719360 0.0  0.719757  0.597633  0.778116  0.659852  0.672159  0.543015  0.616003  0.657621  0.674891  0.604582  0.607284  0.603049  0.782752  0.728494  0.725614  0.610562  0.442095  0.637585  0.662677  0.685273  0.570137  0.716141  0.246090  0.561389  0.635670  0.216370  0.784159  0.589118  0.425682  0.722606  0.523390  0.588503  0.415389  0.581821  0.652276  0.468831  0.684145  0.476591  0.605839  0.667486  0.735239  0.514326  0.542869  0.494527  0.752349  0.622067  0.482850  0.691456  0.692591  0.688285  0.526699  0.637673  0.696241  0.729450  0.668546  0.707480  0.396687  0.686279  0.679600  0.726956  0.358787  0.834523 
11  0.810582  0.865183  0.857101  0.735673  0.690265  0.828959  0.713424  0.744038  0.676701  0.653053  0.719757 0.0  0.934156  0.663765  0.723622  0.661173  0.879082  0.782115  0.776800  0.790461  0.750213  0.603150  0.758374  0.581884  0.899393  0.714794  0.825635  0.750700  0.855717  0.603735  0.746390  0.870116  0.909130  0.796787  0.922399  0.776365  0.780621  0.415322  0.898002  0.780928  0.592468  0.889046  0.881892  0.724930  0.675342  0.782886  0.866205  0.837882  0.747917  0.770392  0.688808  0.734845  0.784633  0.784210  0.725954  0.945234  0.930994  0.800697  0.675244  0.721962  0.777038  0.724927  0.776357  0.801086  0.945373  0.659551  0.657032  0.656394  0.841220  0.861059  0.682420  0.703122  0.912202 
12  0.688051  0.607463  0.628255  0.724004  0.746391  0.642938  0.795970  0.537717  0.769069  0.680474  0.597633  0.934156 0.0  0.752878  0.757686  0.686524  0.592166  0.626617  0.727603  0.519474  0.633176  0.731992  0.554972  0.803939  0.488167  0.614562  0.529387  0.646858  0.773898  0.784098  0.622181  0.619440  0.564114  0.596449  0.504439  0.663768  0.506407  0.820921  0.538031  0.626368  0.748273  0.677395  0.454911  0.475435  0.830084  0.254729  0.631175  0.639101  0.643015  0.561659  0.727075  0.720056  0.576817  0.768229  0.629840  0.559000  0.530222  0.591266  0.796661  0.666862  0.266258  0.579355  0.302251  0.787162  0.814124  0.696883  0.845710  0.538160  0.237675  0.791965  0.775461  0.505439  0.782922 
13  0.724843  0.597940  0.792004  0.674232  0.717269  0.850425  0.625864  0.649214  0.702415  0.623989  0.778116  0.663765  0.752878 0.0  0.657871  0.733137  0.782380  0.830841  0.537867  0.779373  0.654095  0.209722  0.790955  0.595220  0.762449  0.577499  0.839687  0.575175  0.771361  0.645407  0.808346  0.730609  0.824834  0.722364  0.823528  0.725585  0.775482  0.607255  0.757573  0.689773  0.449207  0.760575  0.741824  0.767361  0.585256  0.823169  0.798405  0.728194  0.625577  0.724264  0.681268  0.760143  0.757686  0.718045  0.791045  0.815254  0.697385  0.790319  0.647238  0.363056  0.662951  0.644569  0.711444  0.511313  0.785331  0.559159  0.654928  0.602992  0.701697  0.777404  0.658251  0.768493  0.784682 
14  0.666531  0.796573  0.799538  0.664267  0.553883  0.707143  0.665511  0.618416  0.737224  0.527318  0.659852  0.723622  0.757686  0.657871 0.0  0.778325  0.739436  0.905873  0.383507  0.869034  0.606074  0.491258  0.729606  0.726289  0.817633  0.606403  0.625849  0.752670  0.766108  0.720646  0.854166  0.633933  0.712143  0.664858  0.783533  0.709809  0.676165  0.650395  0.669891  0.652149  0.500821  0.705053  0.721311  0.700764  0.762701  0.726210  0.665833  0.775843  0.684228  0.706315  0.666880  0.866866  0.719022  0.742372  0.748518  0.776435  0.740417  0.738594  0.739785  0.484656  0.735047  0.730804  0.720624  0.181784  0.832870  0.492485  0.653546  0.699700  0.754494  0.766600  0.737516  0.665286  0.856808 
15  0.627456  0.571980  0.849658  0.676361  0.729411  0.806843  0.614947  0.684147  0.592116  0.739600  0.672159  0.661173  0.686524  0.733137  0.778325 0.0  0.676484  0.757438  0.678480  0.707852  0.681319  0.732663  0.781266  0.742483  0.737840  0.730989  0.801802  0.647779  0.654794  0.702990  0.632774  0.585210  0.726834  0.631302  0.730760  0.688140  0.590738  0.754096  0.694992  0.596910  0.725363  0.565232  0.818181  0.599205  0.722838  0.631405  0.657871  0.745003  0.637540  0.704687  0.630798  0.751155  0.647389  0.336973  0.788483  0.718080  0.655671  0.679043  0.684938  0.609086  0.653760  0.710098  0.702635  0.606078  0.729814  0.595228  0.818139  0.648487  0.631339  0.799460  0.685708  0.673020  0.849231 
16  0.525492  0.560689  0.664062  0.720021  0.594003  0.733713  0.717956  0.462828  0.756110  0.783735  0.543015  0.879082  0.592166  0.782380  0.739436  0.676484 0.0  0.795103  0.653709  0.708706  0.641341  0.702888  0.532183  0.737135  0.605819  0.771165  0.617075  0.385049  0.690175  0.801137  0.649445  0.535789  0.543879  0.608483  0.538738  0.506643  0.354627  0.953861  0.690398  0.379979  0.816190  0.358503  0.412758  0.563077  0.776602  0.421091  0.463924  0.585682  0.498573  0.128166  0.823713  0.682744  0.284518  0.650412  0.559452  0.629088  0.365548  0.280747  0.698466  0.724766  0.506521  0.541918  0.582370  0.747894  0.820566  0.774995  0.789426  0.722940  0.425922  0.883381  0.828232  0.406878  0.924805 
17  0.628271  0.759345  0.427923  0.657072  0.743711  0.643863  0.728667  0.732030  0.822429  0.696928  0.616003  0.782115  0.626617  0.830841  0.905873  0.757438  0.795103 0.0  0.715988  0.504046  0.790610  0.863891  0.426786  0.734681  0.442257  0.814394  0.483856  0.593260  0.707858  0.819943  0.337180  0.595649  0.449426  0.767327  0.560041  0.728210  0.609184  0.779009  0.405220  0.709070  0.787183  0.691258  0.601306  0.584267  0.777854  0.445374  0.672454  0.368760  0.718951  0.688539  0.714181  0.438610  0.625888  0.713767  0.668644  0.000000  0.629117  0.661711  0.737774  0.741777  0.589870  0.828533  0.521903  0.759790  0.752673  0.773646  0.804500  0.704689  0.625030  0.736724  0.740750  0.753231  0.773948 
18  0.674800  0.650687  0.774812  0.641351  0.615603  0.799384  0.536863  0.674890  0.608081  0.625695  0.657621  0.776800  0.727603  0.537867  0.383507  0.678480  0.653709  0.715988 0.0  0.717272  0.577994  0.561721  0.786206  0.802270  0.683402  0.551931  0.745510  0.704608  0.923117  0.574826  0.709757  0.778085  0.840840  0.621933  0.760961  0.641495  0.756286  0.814153  0.702848  0.756587  0.376826  0.756532  0.770260  0.766343  0.729288  0.738428  0.632467  0.762819  0.611640  0.619085  0.716271  0.762884  0.685049  0.706668  0.720887  0.766235  0.644908  0.733756  0.580567  0.345932  0.711461  0.638410  0.736251  0.340072  0.788868  0.682280  0.572570  0.649411  0.673900  0.813098  0.739946  0.696836  0.811622 
19  0.656969  0.570634  0.537280  0.788193  0.728473  0.637067  0.741638  0.592337  0.758202  0.808664  0.674891  0.790461  0.519474  0.779373  0.869034  0.707852  0.708706  0.504046  0.717272 0.0  0.776745  0.892201  0.331760  0.826316  0.607030  0.744672  0.512932  0.657741  0.678942  0.908575  0.458612  0.634595  0.411646  0.672642  0.409873  0.753856  0.563412  0.832227  0.433824  0.647042  0.751085  0.637386  0.601722  0.661860  0.805432  0.590052  0.656059  0.537717  0.580725  0.584660  0.721922  0.501991  0.750396  0.736006  0.739994  0.332954  0.501783  0.621922  0.708557  0.773524  0.557881  0.734707  0.553800  0.770426  0.698875  0.720924  0.836347  0.704600  0.511810  0.689334  0.711324  0.650297  0.744632 
20  0.549778  0.653923  0.751988  0.699821  0.517518  0.797062  0.596226  0.642524  0.854479  0.507527  0.604582  0.750213  0.633176  0.654095  0.606074  0.681319  0.641341  0.790610  0.577994  0.776745 0.0  0.706186  0.738337  0.779098  0.724299  0.441311  0.797819  0.657320  0.691219  0.684815  0.748938  0.694861  0.720040  0.599872  0.722901  0.565358  0.628062  0.674519  0.635394  0.657417  0.553206  0.671781  0.802759  0.721039  0.705509  0.622923  0.703886  0.833678  0.726007  0.702063  0.696349  0.769309  0.725716  0.566639  0.665641  0.739620  0.579613  0.562112  0.772962  0.514348  0.688480  0.660425  0.649134  0.657837  0.878391  0.637807  0.656806  0.649797  0.834237  0.838878  0.747796  0.527449  0.801267 
21  0.715550  0.726293  0.719751  0.669160  0.607723  0.840564  0.670626  0.606563  0.767892  0.613735  0.607284  0.603150  0.731992  0.209722  0.491258  0.732663  0.702888  0.863891  0.561721  0.892201  0.706186 0.0  0.761822  0.562436  0.679280  0.636949  0.724763  0.635976  0.700532  0.707629  0.819451  0.688001  0.807372  0.718749  0.792507  0.662263  0.688049  0.619762  0.791401  0.586033  0.402694  0.638035  0.752104  0.691915  0.739909  0.802462  0.728422  0.734899  0.661897  0.709955  0.513358  0.719265  0.667518  0.735130  0.702540  0.839877  0.759519  0.770050  0.647069  0.302646  0.732428  0.610305  0.733257  0.521839  0.859934  0.638308  0.613741  0.637780  0.720949  0.715115  0.669905  0.623209  0.837641 
22  0.740670  0.671206  0.557550  0.832936  0.723760  0.694395  0.795378  0.728822  0.790415  0.845793  0.603049  0.758374  0.554972  0.790955  0.729606  0.781266  0.532183  0.426786  0.786206  0.331760  0.738337  0.761822 0.0  0.946050  0.540114  0.757946  0.496804  0.715536  0.712686  0.736481  0.430192  0.739491  0.332952  0.733583  0.433834  0.682362  0.652086  0.853428  0.339791  0.613164  0.813572  0.774730  0.564867  0.613924  0.874281  0.554324  0.600102  0.461316  0.719546  0.685973  0.797939  0.506125  0.677396  0.695727  0.764476  0.496945  0.656338  0.624642  0.662609  0.790926  0.598674  0.676220  0.617875  0.738047  0.740163  0.827875  0.793629  0.716469  0.595736  0.640048  0.907855  0.624110  0.791832 
23  0.718750  0.818646  0.835163  0.644325  0.702556  0.754683  0.651095  0.844354  0.688064  0.565776  0.782752  0.581884  0.803939  0.595220  0.726289  0.742483  0.737135  0.734681  0.802270  0.826316  0.779098  0.562436  0.946050 0.0  0.738199  0.652701  0.868508  0.699803  0.874467  0.569803  0.763974  0.835867  0.898358  0.769918  0.845105  0.734541  0.726187  0.572622  0.783892  0.769971  0.650958  0.697032  0.791726  0.880196  0.527549  0.847602  0.803230  0.979085  0.882735  0.870855  0.660817  0.695006  0.777389  0.692102  0.847794  0.855532  0.816091  0.759788  0.613876  0.675511  0.787218  0.783894  0.660341  0.750942  0.781139  0.694734  0.534714  0.799946  0.791651  0.814039  0.718947  0.720214  0.772890 
24  0.659246  0.647781  0.264088  0.661917  0.774477  0.616634  0.745294  0.733090  0.814891  0.739851  0.728494  0.899393  0.488167  0.762449  0.817633  0.737840  0.605819  0.442257  0.683402  0.607030  0.724299  0.679280  0.540114  0.738199 0.0  0.830237  0.292839  0.536040  0.786225  0.641350  0.497891  0.584705  0.389020  0.690706  0.483357  0.725217  0.650518  0.868716  0.557376  0.682206  0.604405  0.714334  0.579758  0.573627  0.917969  0.582053  0.707159  0.491431  0.731541  0.643438  0.862775  0.398457  0.830982  0.820583  0.649684  0.505292  0.602640  0.775535  0.747519  0.779885  0.580700  0.825033  0.558415  0.721706  0.795412  0.820096  0.851493  0.706965  0.542744  0.689920  0.811963  0.676014  0.855589 
25  0.713522  0.807515  0.681645  0.602593  0.530340  0.856039  0.431299  0.774320  0.562471  0.469982  0.725614  0.714794  0.614562  0.577499  0.606403  0.730989  0.771165  0.814394  0.551931  0.744672  0.441311  0.636949  0.757946  0.652701  0.830237 0.0  0.807222  0.608822  0.685984  0.521911  0.815416  0.722166  0.809445  0.688580  0.763113  0.647697  0.769015  0.697572  0.800430  0.554726  0.638514  0.633234  0.766614  0.704533  0.670447  0.776702  0.669488  0.812497  0.505710  0.725436  0.387384  0.694670  0.670274  0.635622  0.692565  0.841558  0.772644  0.817230  0.523815  0.607628  0.711686  0.816347  0.681485  0.623908  0.889734  0.499931  0.568177  0.710054  0.723688  0.789102  0.489851  0.600591  0.931507 
26  0.687641  0.777871  0.248756  0.857567  0.700980  0.603422  0.859568  0.741501  0.850332  0.639246  0.610562  0.825635  0.529387  0.839687  0.625849  0.801802  0.617075  0.483856  0.745510  0.512932  0.797819  0.724763  0.496804  0.868508  0.292839  0.807222 0.0  0.739278  0.848236  0.839886  0.338279  0.707180  0.559216  0.714329  0.498375  0.720533  0.555843  0.882517  0.421785  0.646030  0.711846  0.581216  0.614643  0.631593  0.839137  0.679026  0.697933  0.405136  0.740840  0.633618  0.841858  0.329132  0.661621  0.678235  0.580898  0.382205  0.635304  0.543110  0.841722  0.790686  0.592516  0.802414  0.612529  0.865349  0.782424  0.745427  0.708557  0.715020  0.656611  0.741687  0.836751  0.746919  0.815930 
27  0.615029  0.402890  0.637197  0.688031  0.617043  0.648265  0.681767  0.233287  0.846086  0.665980  0.442095  0.750700  0.646858  0.575175  0.752670  0.647779  0.385049  0.593260  0.704608  0.657741  0.657320  0.635976  0.715536  0.699803  0.536040  0.608822  0.739278 0.0  0.640782  0.805400  0.696336  0.504611  0.685099  0.415286  0.626624  0.638523  0.219507  0.804731  0.652365  0.424967  0.661455  0.465171  0.650746  0.134013  0.717475  0.552141  0.321440  0.632114  0.557972  0.405291  0.867659  0.772053  0.460522  0.702952  0.252745  0.836626  0.472373  0.537933  0.730571  0.871293  0.618012  0.500454  0.583855  0.676852  0.872418  0.579196  0.802116  0.548972  0.674337  0.711131  0.814245  0.399701  0.798779 
28  0.603589  0.689030  0.694126  0.739115  0.623425  0.829289  0.792307  0.753017  0.750428  0.627910  0.637585  0.855717  0.773898  0.771361  0.766108  0.654794  0.690175  0.707858  0.923117  0.678942  0.691219  0.700532  0.712686  0.874467  0.786225  0.685984  0.848236  0.640782 0.0  0.638319  0.718300  0.567668  0.710192  0.723048  0.740808  0.452957  0.656386  0.688048  0.696662  0.554719  0.716357  0.644418  0.646969  0.644147  0.676365  0.682608  0.714547  0.865942  0.715454  0.638375  0.688452  0.755678  0.699720  0.391096  0.769604  0.757939  0.754537  0.656100  0.690600  0.717320  0.646469  0.569526  0.702747  0.744099  0.750133  0.592330  0.679787  0.767743  0.688931  0.847593  0.620561  0.662949  0.879468 
29  0.741925  0.778147  0.800244  0.495834  0.709912  0.772095  0.418260  0.682682  0.549869  0.578561  0.662677  0.603735  0.784098  0.645407  0.720646  0.702990  0.801137  0.819943  0.574826  0.908575  0.684815  0.707629  0.736481  0.569803  0.641350  0.521911  0.839886  0.805400  0.638319 0.0  0.764222  0.765269  0.698528  0.685030  0.761572  0.690342  0.699227  0.693956  0.784221  0.729566  0.696078  0.726732  0.743699  0.729238  0.654773  0.702103  0.609267  0.774833  0.660037  0.728036  0.515063  0.749488  0.787501  0.765951  0.775771  0.770806  0.738604  0.732782  0.574950  0.610665  0.644949  0.590396  0.824569  0.672958  0.980073  0.626304  0.255985  0.653247  0.748707  0.783408  0.505497  0.870851  0.875989 
30  0.743102  0.760644  0.420572  0.879895  0.700490  0.567872  0.814768  0.707572  0.925191  0.740188  0.685273  0.746390  0.622181  0.808346  0.854166  0.632774  0.649445  0.337180  0.709757  0.458612  0.748938  0.819451  0.430192  0.763974  0.497891  0.815416  0.338279  0.696336  0.718300  0.764222 0.0  0.671135  0.460619  0.633017  0.419092  0.796532  0.743138  0.846469  0.486159  0.716639  0.832448  0.796046  0.621310  0.701152  0.846567  0.686238  0.623402  0.399827  0.718470  0.625669  0.803432  0.366504  0.682270  0.655967  0.667159  0.425877  0.645260  0.603409  0.756998  0.744248  0.666642  0.726007  0.568601  0.722361  0.773088  0.723440  0.856496  0.689563  0.564631  0.550335  0.718538  0.718722  0.872872 
31  0.432844  0.510287  0.653881  0.802239  0.697741  0.707404  0.806884  0.450161  0.721078  0.718535  0.570137  0.870116  0.619440  0.730609  0.633933  0.585210  0.535789  0.595649  0.778085  0.634595  0.694861  0.688001  0.739491  0.835867  0.584705  0.722166  0.707180  0.504611  0.567668  0.765269  0.671135 0.0  0.692805  0.411543  0.693833  0.544955  0.533200  0.800448  0.680039  0.484821  0.646320  0.358810  0.576121  0.440091  0.825950  0.621413  0.463064  0.581201  0.548948  0.459311  0.667943  0.704189  0.319472  0.631221  0.492980  0.713843  0.634475  0.404736  0.672003  0.644422  0.614490  0.527836  0.515985  0.729411  0.899301  0.573387  0.777387  0.555728  0.512850  0.821045  0.718337  0.474683  0.976772 
32  0.632769  0.684184  0.616383  0.750378  0.716085  0.580837  0.755077  0.754990  0.892454  0.766321  0.716141  0.909130  0.564114  0.824834  0.712143  0.726834  0.543879  0.449426  0.840840  0.411646  0.720040  0.807372  0.332952  0.898358  0.389020  0.809445  0.559216  0.685099  0.710192  0.698528  0.460619  0.692805 0.0  0.740015  0.490542  0.808605  0.730071  0.839042  0.169189  0.558309  0.745440  0.655797  0.639932  0.627994  0.776608  0.666264  0.664020  0.252430  0.678979  0.604268  0.791243  0.381288  0.612202  0.664507  0.665909  0.399968  0.737228  0.694715  0.829309  0.856351  0.588966  0.637815  0.504439  0.800276  0.736004  0.757032  0.829805  0.696696  0.546164  0.549053  0.699810  0.697921  0.813226 
33  0.458292  0.054967  0.680815  0.734438  0.614160  0.849673  0.646132  0.428206  0.851162  0.830095  0.246090  0.796787  0.596449  0.722364  0.664858  0.631302  0.608483  0.767327  0.621933  0.672642  0.599872  0.718749  0.733583  0.769918  0.690706  0.688580  0.714329  0.415286  0.723048  0.685030  0.633017  0.411543  0.740015 0.0  0.542469  0.628581  0.277751  0.765781  0.705077  0.344618  0.569532  0.549318  0.538263  0.401950  0.634377  0.578870  0.428034  0.698958  0.318281  0.506540  0.628249  0.644261  0.546072  0.603749  0.536267  0.730657  0.631950  0.517030  0.724224  0.666615  0.656169  0.478666  0.693745  0.704709  0.742258  0.730278  0.721359  0.523421  0.635091  0.814480  0.814673  0.264101  0.844063 
34  0.639778  0.700966  0.592418  0.701748  0.708263  0.613179  0.729472  0.716263  0.765600  0.800919  0.561389  0.922399  0.504439  0.823528  0.783533  0.730760  0.538738  0.560041  0.760961  0.409873  0.722901  0.792507  0.433834  0.845105  0.483357  0.763113  0.498375  0.626624  0.740808  0.761572  0.419092  0.693833  0.490542  0.542469 0.0  0.636996  0.550775  0.803113  0.495417  0.637139  0.763031  0.649643  0.579301  0.634874  0.881006  0.521032  0.706291  0.643175  0.681403  0.649647  0.771484  0.563463  0.611517  0.680018  0.558084  0.490194  0.492355  0.742376  0.843014  0.804059  0.570402  0.701655  0.521001  0.696355  0.869814  0.800479  0.809166  0.659846  0.509667  0.651622  0.811671  0.683716  0.797195 
35  0.548597  0.615922  0.618618  0.654371  0.601026  0.708807  0.654677  0.602999  0.804987  0.727662  0.635670  0.776365  0.663768  0.725585  0.709809  0.688140  0.506643  0.728210  0.641495  0.753856  0.565358  0.662263  0.682362  0.734541  0.725217  0.647697  0.720533  0.638523  0.452957  0.690342  0.796532  0.544955  0.808605  0.628581  0.636996 0.0  0.594279  0.777369  0.766297  0.622961  0.640772  0.630067  0.695821  0.662091  0.778429  0.726462  0.600104  0.773305  0.671293  0.614211  0.609036  0.733055  0.559114  0.628243  0.550116  0.653956  0.675258  0.641946  0.693107  0.732525  0.670670  0.666800  0.690779  0.635279  0.833360  0.655829  0.685242  0.570078  0.749155  0.841296  0.771059  0.589469  0.833605 
36  0.612870  0.372682  0.665541  0.751818  0.630676  0.758173  0.783200  0.277309  0.874052  0.625688  0.216370  0.780621  0.506407  0.775482  0.676165  0.590738  0.354627  0.609184  0.756286  0.563412  0.628062  0.688049  0.652086  0.726187  0.650518  0.769015  0.555843  0.219507  0.656386  0.699227  0.743138  0.533200  0.730071  0.277751  0.550775  0.594279 0.0  0.695481  0.713558  0.428756  0.685640  0.457795  0.551442  0.264095  0.726816  0.643338  0.377208  0.611904  0.404118  0.534162  0.736600  0.591062  0.362627  0.643478  0.258575  0.717734  0.540356  0.491492  0.833604  0.760138  0.579096  0.511953  0.546707  0.640265  0.792198  0.643523  0.673424  0.394800  0.520354  0.810263  0.868237  0.379767  0.826877 
37  0.753342  0.756940  0.829235  0.771000  0.849185  0.876204  0.782005  0.659321  0.659887  0.658664  0.784159  0.415322  0.820921  0.607255  0.650395  0.754096  0.953861  0.779009  0.814153  0.832227  0.674519  0.619762  0.853428  0.572622  0.868716  0.697572  0.882517  0.804731  0.688048  0.693956  0.846469  0.800448  0.839042  0.765781  0.803113  0.777369  0.695481 0.0  0.739016  0.749442  0.711546  0.798670  0.875526  0.694011  0.568805  0.771209  0.766302  0.804166  0.786143  0.851659  0.684666  0.868465  0.885154  0.733714  0.875074  0.888608  0.758385  0.859809  0.780884  0.621911  0.766987  0.803177  0.822453  0.639295  0.898148  0.987199  0.678741  0.776913  0.784460  0.907890  0.653508  0.732835  0.890690 
38  0.776287  0.609564  0.527730  0.848533  0.726724  0.633768  0.760215  0.634694  0.766009  0.784954  0.589118  0.898002  0.538031  0.757573  0.669891  0.694992  0.690398  0.405220  0.702848  0.433824  0.635394  0.791401  0.339791  0.783892  0.557376  0.800430  0.421785  0.652365  0.696662  0.784221  0.486159  0.680039  0.169189  0.705077  0.495417  0.766297  0.713558  0.739016 0.0  0.734936  0.670068  0.589664  0.609414  0.622172  0.800888  0.555578  0.572313  0.307266  0.636516  0.652052  0.821906  0.484699  0.669529  0.753481  0.658545  0.423059  0.685430  0.668584  0.705178  0.837131  0.556207  0.685195  0.501935  0.793846  0.805729  0.763668  0.793844  0.706447  0.575746  0.621789  0.771508  0.665149  0.807045 
39  0.380423  0.386096  0.752097  0.698988  0.575905  0.676889  0.626285  0.526288  0.793986  0.640974  0.425682  0.780928  0.626368  0.689773  0.652149  0.596910  0.379979  0.709070  0.756587  0.647042  0.657417  0.586033  0.613164  0.769971  0.682206  0.554726  0.646030  0.424967  0.554719  0.729566  0.716639  0.484821  0.558309  0.344618  0.637139  0.622961  0.428756  0.749442  0.734936 0.0  0.586814  0.439760  0.544170  0.456635  0.813647  0.561638  0.348658  0.610824  0.297426  0.553863  0.773590  0.692686  0.406027  0.626342  0.558393  0.745683  0.518748  0.436894  0.737427  0.682885  0.567463  0.435153  0.738548  0.602387  0.868750  0.704076  0.724651  0.515938  0.630555  0.785833  0.720609  0.305079  0.823337 
40  0.723224  0.672882  0.707522  0.608788  0.708368  0.827521  0.629708  0.772223  0.590660  0.474358  0.722606  0.592468  0.748273  0.449207  0.500821  0.725363  0.816190  0.787183  0.376826  0.751085  0.553206  0.402694  0.813572  0.650958  0.604405  0.638514  0.711846  0.661455  0.716357  0.696078  0.832448  0.646320  0.745440  0.569532  0.763031  0.640772  0.685640  0.711546  0.670068  0.586814 0.0  0.603836  0.724997  0.703350  0.710215  0.760062  0.645384  0.861564  0.677687  0.673224  0.697397  0.794573  0.808546  0.617143  0.763001  0.802552  0.745230  0.816191  0.737495  0.413073  0.638755  0.565898  0.758776  0.560227  0.857049  0.554450  0.577735  0.638336  0.705517  0.727354  0.628487  0.639066  0.785488 
41  0.385189  0.503068  0.728972  0.760460  0.536624  0.740110  0.814795  0.632690  0.616469  0.733146  0.523390  0.889046  0.677395  0.760575  0.705053  0.565232  0.358503  0.691258  0.756532  0.637386  0.671781  0.638035  0.774730  0.697032  0.714334  0.633234  0.581216  0.465171  0.644418  0.726732  0.796046  0.358810  0.655797  0.549318  0.649643  0.630067  0.457795  0.798670  0.589664  0.439760  0.603836 0.0  0.633621  0.470844  0.743099  0.643324  0.517596  0.689903  0.372269  0.495773  0.717761  0.674241  0.403500  0.695843  0.508257  0.693555  0.532810  0.465510  0.678399  0.666925  0.603304  0.432080  0.567489  0.635827  0.813905  0.651693  0.811536  0.472821  0.534203  0.854472  0.745476  0.544282  0.808246 
42  0.619357  0.609664  0.657261  0.669006  0.821750  0.662215  0.738810  0.552685  0.698345  0.737281  0.588503  0.881892  0.454911  0.741824  0.721311  0.818181  0.412758  0.601306  0.770260  0.601722  0.802759  0.752104  0.564867  0.791726  0.579758  0.766614  0.614643  0.650746  0.646969  0.743699  0.621310  0.576121  0.639932  0.538263  0.579301  0.695821  0.551442  0.875526  0.609414  0.544170  0.724997  0.633621 0.0  0.409316  0.817761  0.231021  0.587100  0.692551  0.483838  0.333636  0.786251  0.567523  0.522141  0.635688  0.498224  0.583586  0.310780  0.553185  0.732460  0.790953  0.354969  0.642752  0.465138  0.842840  0.783449  0.711388  0.797376  0.726275  0.380773  0.706506  0.727233  0.572771  0.808928 
43  0.472473  0.472662  0.737098  0.789845  0.635103  0.729009  0.731331  0.245883  0.679494  0.732578  0.415389  0.724930  0.475435  0.767361  0.700764  0.599205  0.563077  0.584267  0.766343  0.661860  0.721039  0.691915  0.613924  0.880196  0.573627  0.704533  0.631593  0.134013  0.644147  0.729238  0.701152  0.440091  0.627994  0.401950  0.634874  0.662091  0.264095  0.694011  0.622172  0.456635  0.703350  0.470844  0.409316 0.0  0.802378  0.534460  0.429647  0.731621  0.434310  0.456545  0.682190  0.652987  0.453643  0.640680  0.228485  0.654776  0.488707  0.585024  0.713148  0.590098  0.540799  0.530183  0.632237  0.675116  0.888677  0.608426  0.732681  0.466901  0.560197  0.723530  0.740659  0.422346  0.750040 
44  0.914931  0.820015  0.810972  0.560549  0.688989  0.846945  0.674201  0.678260  0.707077  0.641752  0.581821  0.675342  0.830084  0.585256  0.762701  0.722838  0.776602  0.777854  0.729288  0.805432  0.705509  0.739909  0.874281  0.527549  0.917969  0.670447  0.839137  0.717475  0.676365  0.654773  0.846567  0.825950  0.776608  0.634377  0.881006  0.778429  0.726816  0.568805  0.800888  0.813647  0.710215  0.743099  0.817761  0.802378 0.0  0.758414  0.758569  0.852638  0.795713  0.871869  0.624719  0.891697  0.799565  0.781800  0.881077  0.816142  0.759011  0.759046  0.675879  0.585091  0.639440  0.728566  0.821861  0.770241  0.820951  0.679844  0.608924  0.727400  0.923373  0.795490  0.695517  0.850678  1.000000 
45  0.570417  0.561648  0.611982  0.737220  0.703662  0.595220  0.765309  0.522091  0.799032  0.704859  0.652276  0.782886  0.254729  0.823169  0.726210  0.631405  0.421091  0.445374  0.738428  0.590052  0.622923  0.802462  0.554324  0.847602  0.582053  0.776702  0.679026  0.552141  0.682608  0.702103  0.686238  0.621413  0.666264  0.578870  0.521032  0.726462  0.643338  0.771209  0.555578  0.561638  0.760062  0.643324  0.231021  0.534460  0.758414 0.0  0.523924  0.598867  0.616779  0.340671  0.843968  0.671344  0.484519  0.708957  0.553432  0.597929  0.290198  0.450516  0.789263  0.790696  0.334429  0.700208  0.328843  0.730242  0.858779  0.560620  0.800698  0.718366  0.363479  0.741808  0.726169  0.622443  0.689291 
46  0.548343  0.462789  0.566415  0.830942  0.603965  0.712540  0.612252  0.445416  0.812054  0.837160  0.468831  0.866205  0.631175  0.798405  0.665833  0.657871  0.463924  0.672454  0.632467  0.656059  0.703886  0.728422  0.600102  0.803230  0.707159  0.669488  0.697933  0.321440  0.714547  0.609267  0.623402  0.463064  0.664020  0.428034  0.706291  0.600104  0.377208  0.766302  0.572313  0.348658  0.645384  0.517596  0.587100  0.429647  0.758569  0.523924 0.0  0.584957  0.470881  0.547902  0.766813  0.736501  0.405218  0.667493  0.376604  0.648522  0.371101  0.390793  0.813163  0.547876  0.600014  0.395568  0.626030  0.758822  0.823220  0.739653  0.836341  0.485493  0.609428  0.760798  0.731107  0.585046  0.932017 
47  0.726504  0.675386  0.419305  0.763598  0.728975  0.635690  0.863072  0.577892  0.679903  0.756564  0.684145  0.837882  0.639101  0.728194  0.775843  0.745003  0.585682  0.368760  0.762819  0.537717  0.833678  0.734899  0.461316  0.979085  0.491431  0.812497  0.405136  0.632114  0.865942  0.774833  0.399827  0.581201  0.252430  0.698958  0.643175  0.773305  0.611904  0.804166  0.307266  0.610824  0.861564  0.689903  0.692551  0.731621  0.852638  0.598867  0.584957 0.0  0.678474  0.673514  0.756674  0.547511  0.748264  0.792402  0.575999  0.318016  0.756257  0.647918  0.931166  0.778356  0.655154  0.662389  0.586432  0.755010  0.854721  0.671642  0.754774  0.738382  0.671444  0.509956  0.774630  0.808573  0.705635 
48  0.507591  0.275904  0.747813  0.825662  0.593284  0.663190  0.675740  0.461202  0.789365  0.627688  0.476591  0.747917  0.643015  0.625577  0.684228  0.637540  0.498573  0.718951  0.611640  0.580725  0.726007  0.661897  0.719546  0.882735  0.731541  0.505710  0.740840  0.557972  0.715454  0.660037  0.718470  0.548948  0.678979  0.318281  0.681403  0.671293  0.404118  0.786143  0.636516  0.297426  0.677687  0.372269  0.483838  0.434310  0.795713  0.616779  0.470881  0.678474 0.0  0.514350  0.772258  0.689867  0.522991  0.793281  0.511622  0.772862  0.646482  0.448296  0.751020  0.704621  0.615688  0.278535  0.589348  0.630419  0.791008  0.727565  0.806760  0.492501  0.690132  0.802293  0.763953  0.273311  0.840296 
49  0.548191  0.530376  0.729374  0.783755  0.595445  0.658663  0.842337  0.549571  0.711907  0.632771  0.605839  0.770392  0.561659  0.724264  0.706315  0.704687  0.128166  0.688539  0.619085  0.584660  0.702063  0.709955  0.685973  0.870855  0.643438  0.725436  0.633618  0.405291  0.638375  0.728036  0.625669  0.459311  0.604268  0.506540  0.649647  0.614211  0.534162  0.851659  0.652052  0.553863  0.673224  0.495773  0.333636  0.456545  0.871869  0.340671  0.547902  0.673514  0.514350 0.0  0.677810  0.650352  0.377273  0.625399  0.466056  0.631093  0.419134  0.229515  0.788197  0.627472  0.552313  0.526039  0.578528  0.680005  0.752354  0.608680  0.736693  0.533646  0.613215  0.771780  0.799047  0.440240  0.787660 
50  0.749210  0.666986  0.797997  0.411792  0.674051  0.737530  0.165845  0.668517  0.620433  0.567715  0.667486  0.688808  0.727075  0.681268  0.666880  0.630798  0.823713  0.714181  0.716271  0.721922  0.696349  0.513358  0.797939  0.660817  0.862775  0.387384  0.841858  0.867659  0.688452  0.515063  0.803432  0.667943  0.791243  0.628249  0.771484  0.609036  0.736600  0.684666  0.821906  0.773590  0.697397  0.717761  0.786251  0.682190  0.624719  0.843968  0.766813  0.756674  0.772258  0.677810 0.0  0.822630  0.729276  0.653784  0.714143  0.790500  0.711769  0.776170  0.555614  0.610596  0.836825  0.682300  0.783362  0.690450  0.814044  0.555444  0.490526  0.634049  0.748622  0.799133  0.560471  0.567978  0.832680 
51  0.733952  0.604870  0.238071  0.803906  0.653157  0.579885  0.832381  0.663073  0.739741  0.761343  0.735239  0.734845  0.720056  0.760143  0.866866  0.751155  0.682744  0.438610  0.762884  0.501991  0.769309  0.719265  0.506125  0.695006  0.398457  0.694670  0.329132  0.772053  0.755678  0.749488  0.366504  0.704189  0.381288  0.644261  0.563463  0.733055  0.591062  0.868465  0.484699  0.692686  0.794573  0.674241  0.567523  0.652987  0.891697  0.671344  0.736501  0.547511  0.689867  0.650352  0.822630 0.0  0.663055  0.794834  0.715366  0.438604  0.764004  0.614446  0.922916  0.823275  0.727078  0.613809  0.671929  0.700603  0.785447  0.703868  0.816728  0.684200  0.769089  0.570100  0.822490  0.709300  0.757537 
52  0.526003  0.569517  0.585259  0.722618  0.659137  0.770369  0.765916  0.527833  0.794051  0.706667  0.514326  0.784633  0.576817  0.757686  0.719022  0.647389  0.284518  0.625888  0.685049  0.750396  0.725716  0.667518  0.677396  0.777389  0.830982  0.670274  0.661621  0.460522  0.699720  0.787501  0.682270  0.319472  0.612202  0.546072  0.611517  0.559114  0.362627  0.885154  0.669529  0.406027  0.808546  0.403500  0.522141  0.453643  0.799565  0.484519  0.405218  0.748264  0.522991  0.377273  0.729276  0.663055 0.0  0.675316  0.563174  0.650649  0.460528  0.328995  0.798235  0.700466  0.593110  0.506335  0.536346  0.660841  0.912929  0.690927  0.676332  0.616368  0.542291  0.746424  0.716621  0.674552  0.762938 
53  0.697920  0.654438  0.775916  0.506145  0.605879  0.704661  0.642545  0.663052  0.635735  0.627729  0.542869  0.784210  0.768229  0.718045  0.742372  0.336973  0.650412  0.713767  0.706668  0.736006  0.566639  0.735130  0.695727  0.692102  0.820583  0.635622  0.678235  0.702952  0.391096  0.765951  0.655967  0.631221  0.664507  0.603749  0.680018  0.628243  0.643478  0.733714  0.753481  0.626342  0.617143  0.695843  0.635688  0.640680  0.781800  0.708957  0.667493  0.792402  0.793281  0.625399  0.653784  0.794834  0.675316 0.0  0.603768  0.788996  0.650150  0.675261  0.733404  0.709000  0.787352  0.625652  0.561708  0.720640  0.671603  0.534323  0.575286  0.620886  0.698445  0.879778  0.632001  0.668166  0.952772 
