73
0 0.0  0.539838  0.732342  0.667469  0.656260  0.616271  0.543588  0.711768  0.674050  0.566417  0.645704  0.727419  0.568370  0.558671  0.723340  0.618326  0.325245  0.723242  0.641568  0.644994  0.828835  0.751138  0.706487  0.716180  0.631072  0.835323  0.589510  0.819510  0.551791  0.673368  0.720846  0.852537  0.563339  0.783840  0.630430  0.713303  0.632418  0.619303  0.731212  0.710264  0.718862  0.593821  0.627617  0.657310  0.704149  0.575707  0.514011  0.691666  0.857104  0.789903  0.592134  0.773352  0.698290  0.749693  0.800643  0.619340  0.729893  0.685940  0.761220  0.493563  0.668002  0.670450  0.553483  0.382762  0.696949  0.689307  0.539692  0.698183  0.687945  0.798911  0.620929  0.660299  0.714396 
1  0.539838 0.0  0.887092  0.629414  0.714091  0.776616  0.450005  0.619541  0.804974  0.667151  0.652689  0.778418  0.684368  0.547246  0.647949  0.790445  0.512387  0.591666  0.660911  0.753782  0.734289  0.697923  0.742909  0.741657  0.610386  0.987152  0.552239  0.865945  0.524392  0.729365  0.690997  0.819298  0.682584  0.674802  0.546816  0.624647  0.687554  0.734311  0.732954  0.785876  0.824831  0.580025  0.569349  0.788903  0.849888  0.571053  0.580148  0.701913  0.843769  0.761571  0.580615  0.781718  0.734825  0.698448  0.798561  0.780382  0.670759  0.823555  0.677707  0.499805  0.755846  0.645148  0.707409  0.448554  0.763978  0.678743  0.805456  0.573682  0.806893  0.686221  0.483429  0.785092  0.826622 
2  0.732342  0.887092 0.0  0.922249  0.874941  0.814944  0.810228  0.769044  0.736886  0.775778  0.902839  0.849757  0.699521  0.799686  0.766568  0.873702  0.815534  0.639065  0.879879  0.848164  0.827576  0.912891  0.891732  0.829132  0.724438  0.904479  0.626844  0.724576  0.807260  0.877602  0.793509  0.747881  0.836022  0.822878  0.787220  0.744852  0.739164  0.814310  0.744192  0.803519  0.785193  0.714925  0.874122  0.830476  0.862613  0.803759  0.767792  0.815799  0.875809  0.851126  0.842311  0.846803  0.810870  0.804617  0.897878  0.827967  0.775074  0.843870  0.818333  0.795159  0.771335  0.824083  0.751234  0.742325  0.798645  0.785080  0.937440  0.729908  0.681765  0.948140  0.833527  0.798874  0.748126 
3  0.667469  0.629414  0.922249 0.0  0.393703  0.445784  0.656768  0.603295  0.572054  0.732597  0.547920  0.587803  0.660599  0.762898  0.701056  0.481610  0.693138  0.779462  0.506044  0.519176  0.386824  0.537427  0.415889  0.477398  0.783451  0.752690  0.594735  0.653726  0.648869  0.584889  0.088278  0.700253  0.626409  0.340468  0.673829  0.769283  0.644274  0.803956  0.642564  0.342740  0.509629  0.805017  0.637818  0.459129  0.511853  0.645025  0.600830  0.763675  0.848827  0.635173  0.761248  0.609975  0.431681  0.441571  0.589091  0.605382  0.478120  0.653423  0.594787  0.750702  0.570171  0.515759  0.585460  0.565894  0.537013  0.861508  0.426586  0.822724  0.589375  0.692188  0.694300  0.521910  0.472407 
4  0.656260  0.714091  0.874941  0.393703 0.0  0.409383  0.754932  0.557864  0.498834  0.783644  0.510455  0.623459  0.746147  0.615973  0.717876  0.409808  0.663785  0.804832  0.509233  0.499444  0.324639  0.611270  0.451067  0.562100  0.682242  0.845490  0.644376  0.609971  0.706747  0.519352  0.269182  0.749247  0.608802  0.334904  0.582945  0.806798  0.580833  0.657266  0.779567  0.339391  0.628640  0.774933  0.784307  0.486625  0.581439  0.623437  0.630433  0.600558  0.794574  0.571922  0.800290  0.512681  0.476609  0.389114  0.602973  0.603791  0.346156  0.622376  0.614641  0.715229  0.622064  0.391668  0.567866  0.673968  0.392530  0.851320  0.380524  0.827365  0.733291  0.724352  0.633902  0.379258  0.597983 
5  0.616271  0.776616  0.814944  0.445784  0.409383 0.0  0.663367  0.605027  0.478572  0.627552  0.188585  0.742581  0.652436  0.753621  0.654903  0.315562  0.687098  0.727575  0.506814  0.425458  0.582879  0.604036  0.427610  0.721937  0.683258  0.834696  0.731662  0.580265  0.707052  0.387849  0.495279  0.759094  0.661376  0.466499  0.615218  0.732792  0.648116  0.548649  0.640370  0.526209  0.534520  0.697268  0.585299  0.373825  0.539023  0.400805  0.632172  0.630529  0.809415  0.657300  0.758849  0.607474  0.456852  0.374466  0.526329  0.570339  0.419723  0.608161  0.619598  0.602782  0.663034  0.379653  0.554479  0.639822  0.384470  0.769341  0.418941  0.777601  0.694912  0.654668  0.627989  0.237830  0.631732 
6  0.543588  0.450005  0.810228  0.656768  0.754932  0.663367 0.0  0.752315  0.786601  0.483601  0.665807  0.734030  0.566044  0.370336  0.708857  0.747945  0.465573  0.707052  0.761818  0.633541  0.742828  0.723954  0.661007  0.779139  0.734490  0.899844  0.674058  0.665496  0.630340  0.769213  0.639810  0.801692  0.635145  0.820991  0.651711  0.655316  0.649096  0.647686  0.760303  0.626465  0.630010  0.681105  0.684106  0.782278  0.742482  0.771605  0.597297  0.765656  0.867609  0.726578  0.737714  0.835096  0.675625  0.757125  0.740565  0.648283  0.692990  0.820884  0.787834  0.706254  0.672873  0.675649  0.686614  0.474503  0.720395  0.660291  0.805884  0.756855  0.752353  0.820084  0.587491  0.685421  0.784225 
7  0.711768  0.619541  0.769044  0.603295  0.557864  0.605027  0.752315 0.0  0.757126  0.790687  0.598074  0.415604  0.719565  0.807742  0.747610  0.722907  0.740552  0.726650  0.525641  0.721890  0.481990  0.450554  0.604901  0.477922  0.742664  0.731648  0.683481  0.272228  0.774627  0.624815  0.597855  0.712899  0.768169  0.591133  0.813376  0.779387  0.737701  0.684376  0.379673  0.603122  0.695239  0.743958  0.746450  0.670388  0.303555  0.692011  0.722348  0.640020  0.709497  0.430177  0.776683  0.395902  0.652490  0.579779  0.482984  0.566966  0.665013  0.469546  0.445067  0.921055  0.501187  0.785469  0.696842  0.807200  0.689782  0.641861  0.649542  0.785247  0.327262  0.617622  0.698044  0.608684  0.434848 
8  0.674050  0.804974  0.736886  0.572054  0.498834  0.478572  0.786601  0.757126 0.0  0.677206  0.421782  0.718382  0.620741  0.735352  0.633113  0.364344  0.632726  0.816260  0.262296  0.444653  0.494398  0.604995  0.424017  0.712593  0.722584  0.733726  0.613813  0.637419  0.671576  0.417579  0.562172  0.696349  0.528601  0.493973  0.720639  0.740500  0.576275  0.485917  0.522358  0.596355  0.475745  0.783036  0.712706  0.339092  0.643638  0.527777  0.530857  0.668352  0.827471  0.597486  0.683223  0.729113  0.457281  0.345243  0.622188  0.532374  0.431861  0.621575  0.600805  0.733906  0.537686  0.572122  0.672581  0.760411  0.459381  0.789109  0.497078  0.703789  0.680199  0.680233  0.619074  0.467583  0.709961 
9  0.566417  0.667151  0.775778  0.732597  0.783644  0.627552  0.483601  0.790687  0.677206 0.0  0.654677  0.757818  0.186508  0.641480  0.454809  0.662871  0.656174  0.626559  0.619778  0.677632  0.708629  0.667252  0.611963  0.613697  0.599504  0.921663  0.486097  0.746933  0.365368  0.549392  0.649251  0.740272  0.547168  0.656336  0.157428  0.670223  0.635553  0.639539  0.691589  0.704930  0.568581  0.648511  0.361893  0.640132  0.838103  0.535300  0.504878  0.706132  0.832370  0.744033  0.364068  0.671128  0.495305  0.698748  0.825948  0.482303  0.620204  0.789135  0.684087  0.564102  0.798148  0.720508  0.704605  0.541423  0.713978  0.673119  0.637766  0.642431  0.764261  0.848388  0.487791  0.600671  0.745027 
10  0.645704  0.652689  0.902839  0.547920  0.510455  0.188585  0.665807  0.598074  0.421782  0.654677 0.0  0.669668  0.659090  0.630162  0.616844  0.265287  0.727131  0.775073  0.280457  0.494350  0.535135  0.588964  0.424350  0.642234  0.660406  0.826602  0.679884  0.678245  0.718379  0.329306  0.410220  0.819183  0.638333  0.513734  0.647155  0.694757  0.585283  0.602228  0.729098  0.499699  0.542013  0.826318  0.643437  0.436449  0.685939  0.478972  0.543261  0.738409  0.832658  0.728180  0.775522  0.705806  0.481423  0.490300  0.590908  0.591168  0.519618  0.602238  0.651331  0.656173  0.643191  0.493765  0.583559  0.754197  0.284604  0.816095  0.429733  0.743901  0.598782  0.825269  0.629363  0.299893  0.786399 
11  0.727419  0.778418  0.849757  0.587803  0.623459  0.742581  0.734030  0.415604  0.718382  0.757818  0.669668 0.0  0.643048  0.748032  0.731964  0.674842  0.786870  0.783157  0.732523  0.596347  0.724045  0.335473  0.514032  0.251836  0.789726  0.836553  0.861752  0.429480  0.682941  0.624364  0.609661  0.723500  0.725966  0.657243  0.744762  0.786039  0.840841  0.661858  0.414790  0.594913  0.779147  0.731774  0.713005  0.609606  0.422407  0.739644  0.768637  0.622677  0.702709  0.245555  0.661244  0.000000  0.653184  0.610961  0.384917  0.620412  0.703849  0.559532  0.341988  0.804068  0.420448  0.654082  0.684461  0.793927  0.779226  0.820589  0.636336  0.818779  0.451740  0.549252  0.753466  0.593179  0.413932 
12  0.568370  0.684368  0.699521  0.660599  0.746147  0.652436  0.566044  0.719565  0.620741  0.186508  0.659090  0.643048 0.0  0.665436  0.325448  0.639470  0.666820  0.628979  0.553416  0.611153  0.681989  0.812087  0.601297  0.697257  0.690605  0.832249  0.454778  0.814002  0.528174  0.703143  0.763107  0.707041  0.624907  0.787513  0.347427  0.518862  0.706406  0.473439  0.642022  0.697466  0.627380  0.652663  0.493249  0.625385  0.672212  0.543000  0.472229  0.860058  0.859027  0.716813  0.466546  0.702335  0.596143  0.711850  0.687466  0.515852  0.689242  0.727679  0.715180  0.543572  0.641403  0.615820  0.737993  0.568136  0.637479  0.694082  0.597118  0.683329  0.712527  0.872601  0.501082  0.552674  0.688838 
13  0.558671  0.547246  0.799686  0.762898  0.615973  0.753621  0.370336  0.807742  0.735352  0.641480  0.630162  0.748032  0.665436 0.0  0.679339  0.771593  0.627597  0.667939  0.769260  0.639767  0.780325  0.708625  0.751501  0.735409  0.704223  0.813972  0.700601  0.747248  0.624993  0.787167  0.819377  0.815569  0.762446  0.779914  0.689967  0.799553  0.661281  0.669066  0.737334  0.757427  0.691254  0.623977  0.722821  0.776928  0.844683  0.658880  0.634185  0.803419  0.779281  0.733804  0.706932  0.849114  0.778606  0.876836  0.756728  0.698037  0.780994  0.772796  0.806228  0.656565  0.767789  0.680414  0.661037  0.601340  0.662175  0.611771  0.744618  0.758176  0.735093  0.648565  0.524962  0.744826  0.752810 
14  0.723340  0.647949  0.766568  0.701056  0.717876  0.654903  0.708857  0.747610  0.633113  0.454809  0.616844  0.731964  0.325448  0.679339 0.0  0.647925  0.687706  0.645145  0.769005  0.604247  0.652270  0.762286  0.706036  0.809967  0.741373  0.900912  0.508643  0.643801  0.349383  0.686549  0.700595  0.771736  0.572865  0.738673  0.432334  0.659818  0.598957  0.513553  0.795183  0.696419  0.643258  0.753249  0.430210  0.724051  0.711195  0.669236  0.462493  0.829210  0.783949  0.787438  0.450085  0.758707  0.603514  0.687404  0.668953  0.530588  0.640374  0.744732  0.723446  0.579876  0.723792  0.672852  0.605575  0.509433  0.560709  0.617455  0.619729  0.637663  0.797960  0.693949  0.508396  0.666546  0.718470 
15  0.618326  0.790445  0.873702  0.481610  0.409808  0.315562  0.747945  0.722907  0.364344  0.662871  0.265287  0.674842  0.639470  0.771593  0.647925 0.0  0.594468  0.797501  0.411933  0.360128  0.588547  0.538223  0.283731  0.601225  0.729734  0.860284  0.646289  0.707950  0.674419  0.482317  0.433672  0.711774  0.608784  0.404591  0.544671  0.690772  0.723793  0.633817  0.652920  0.476775  0.532531  0.706175  0.694148  0.490683  0.740046  0.534940  0.576082  0.668392  0.916807  0.541615  0.649955  0.748233  0.442420  0.389764  0.635735  0.545511  0.328235  0.634691  0.637437  0.822801  0.661503  0.316219  0.663891  0.565259  0.298612  0.669360  0.449679  0.719192  0.688237  0.658665  0.722512  0.467856  0.667267 
16  0.325245  0.512387  0.815534  0.693138  0.663785  0.687098  0.465573  0.740552  0.632726  0.656174  0.727131  0.786870  0.666820  0.627597  0.687706  0.594468 0.0  0.563447  0.693912  0.703748  0.752292  0.678067  0.811939  0.781168  0.634776  0.833521  0.599810  0.771333  0.680985  0.695989  0.677213  0.719074  0.509398  0.714535  0.673406  0.667048  0.592444  0.524679  0.657874  0.646869  0.654478  0.555214  0.548942  0.642886  0.650997  0.567400  0.591792  0.732912  0.832742  0.694483  0.634399  0.769795  0.687258  0.705015  0.646279  0.646304  0.815564  0.738364  0.771542  0.470639  0.864568  0.739320  0.640757  0.304943  0.771503  0.638753  0.648615  0.667692  0.759297  0.736284  0.569150  0.677441  0.847155 
17  0.723242  0.591666  0.639065  0.779462  0.804832  0.727575  0.707052  0.726650  0.816260  0.626559  0.775073  0.783157  0.628979  0.667939  0.645145  0.797501  0.563447 0.0  0.901506  0.735795  0.809166  0.734637  0.802243  0.713532  0.527215  0.852056  0.758004  0.824150  0.634873  0.722289  0.706201  0.828553  0.698009  0.904355  0.657990  0.605875  0.661286  0.697992  0.827372  0.776107  0.688318  0.581842  0.767919  0.762182  0.866720  0.647826  0.618829  0.846828  0.812670  0.731048  0.669641  0.782567  0.738084  0.753779  0.851328  0.705741  0.885834  0.909610  0.665014  0.558951  0.686842  0.765479  0.625217  0.683166  0.719400  0.348263  0.692181  0.489964  0.842732  0.851953  0.694464  0.715090  0.737797 
18  0.641568  0.660911  0.879879  0.506044  0.509233  0.506814  0.761818  0.525641  0.262296  0.619778  0.280457  0.732523  0.553416  0.769260  0.769005  0.411933  0.693912  0.901506 0.0  0.374291  0.529086  0.692446  0.426091  0.697649  0.733458  1.000000  0.568704  0.615644  0.691758  0.276733  0.471305  0.673242  0.744118  0.541801  0.722808  0.657589  0.502750  0.627876  0.603140  0.527499  0.436868  0.721906  0.631851  0.540152  0.616413  0.535067  0.698489  0.678606  0.729605  0.684242  0.707514  0.601799  0.387861  0.362023  0.753583  0.589610  0.472588  0.716031  0.773740  0.738734  0.556776  0.414411  0.571874  0.558729  0.309318  0.744876  0.409803  0.701701  0.648014  0.736903  0.612967  0.364989  0.664985 
19  0.644994  0.753782  0.848164  0.519176  0.499444  0.425458  0.633541  0.721890  0.444653  0.677632  0.494350  0.596347  0.611153  0.639767  0.604247  0.360128  0.703748  0.735795  0.374291 0.0  0.627515  0.675798  0.454282  0.708054  0.734707  0.772498  0.632838  0.646668  0.683368  0.257457  0.610249  0.746417  0.620673  0.487208  0.639931  0.710907  0.638930  0.667934  0.567404  0.633496  0.408391  0.574084  0.664643  0.595682  0.759869  0.452641  0.655238  0.693224  0.904138  0.658997  0.691002  0.590236  0.525920  0.560961  0.644644  0.444729  0.541729  0.677014  0.699800  0.667067  0.807032  0.420333  0.577032  0.621626  0.374231  0.715341  0.472169  0.713357  0.785340  0.758196  0.553827  0.326082  0.660787 
20  0.828835  0.734289  0.827576  0.386824  0.324639  0.582879  0.742828  0.481990  0.494398  0.708629  0.535135  0.724045  0.681989  0.780325  0.652270  0.588547  0.752292  0.809166  0.529086  0.627515 0.0  0.606137  0.615511  0.628484  0.761082  0.766122  0.741430  0.554680  0.712642  0.431443  0.482435  0.646299  0.700452  0.362994  0.580613  0.722002  0.744534  0.701093  0.602083  0.393219  0.552053  0.809710  0.806253  0.572721  0.563691  0.568479  0.717895  0.617742  0.708427  0.697589  0.608102  0.666675  0.595806  0.468608  0.553218  0.591742  0.528309  0.636865  0.699170  0.712554  0.577699  0.575663  0.696138  0.714016  0.642863  0.826151  0.576000  0.741296  0.504313  0.698789  0.610005  0.589602  0.597591 
21  0.751138  0.697923  0.912891  0.537427  0.611270  0.604036  0.723954  0.450554  0.604995  0.667252  0.588964  0.335473  0.812087  0.708625  0.762286  0.538223  0.678067  0.734637  0.692446  0.675798  0.606137 0.0  0.627967  0.310405  0.822960  0.944227  0.737774  0.473870  0.763289  0.611265  0.574546  0.655015  0.712277  0.595070  0.806783  0.668320  0.787875  0.764132  0.147428  0.664795  0.743125  0.709132  0.817541  0.591987  0.399011  0.650176  0.708973  0.635659  0.706284  0.255666  0.671963  0.342000  0.747892  0.502919  0.299770  0.734170  0.602698  0.481449  0.375213  0.723356  0.202085  0.551837  0.808666  0.851814  0.553152  0.726533  0.636883  0.816695  0.439660  0.725830  0.712187  0.594431  0.501026 
22  0.706487  0.742909  0.891732  0.415889  0.451067  0.427610  0.661007  0.604901  0.424017  0.611963  0.424350  0.514032  0.601297  0.751501  0.706036  0.283731  0.811939  0.802243  0.426091  0.454282  0.615511  0.627967 0.0  0.647109  0.756107  0.823970  0.626528  0.624884  0.791674  0.470842  0.468872  0.777932  0.664248  0.587205  0.701197  0.704035  0.495137  0.562245  0.514984  0.586214  0.457911  0.851067  0.634346  0.369209  0.607544  0.493169  0.611047  0.754511  0.731259  0.629837  0.677127  0.678293  0.422775  0.568126  0.699264  0.543348  0.386334  0.669006  0.764367  0.647827  0.673821  0.115647  0.547455  0.614682  0.391748  0.735274  0.479695  0.744526  0.719754  0.803302  0.639147  0.439736  0.711327 
23  0.716180  0.741657  0.829132  0.477398  0.562100  0.721937  0.779139  0.477922  0.712593  0.613697  0.642234  0.251836  0.697257  0.735409  0.809967  0.601225  0.781168  0.713532  0.697649  0.708054  0.628484  0.310405  0.647109 0.0  0.746099  0.717714  0.714984  0.492670  0.791117  0.700019  0.562196  0.649258  0.676558  0.642654  0.698059  0.767228  0.650406  0.635352  0.346097  0.618268  0.606242  0.664496  0.741357  0.632459  0.542780  0.737341  0.738292  0.589122  0.872848  0.055548  0.796588  0.318287  0.598659  0.650297  0.256215  0.714964  0.589119  0.360835  0.270866  0.719021  0.350819  0.594565  0.812172  0.761819  0.558173  0.758574  0.700885  0.737683  0.462470  0.722902  0.609609  0.618566  0.336389 
24  0.631072  0.610386  0.724438  0.783451  0.682242  0.683258  0.734490  0.742664  0.722584  0.599504  0.660406  0.789726  0.690605  0.704223  0.741373  0.729734  0.634776  0.527215  0.733458  0.734707  0.761082  0.822960  0.756107  0.746099 0.0  0.828163  0.729400  0.764455  0.685318  0.680232  0.760752  0.888706  0.563770  0.754445  0.719559  0.430924  0.716020  0.717680  0.788304  0.750817  0.728946  0.655476  0.605581  0.756431  0.829079  0.730241  0.598011  0.699198  0.836024  0.625460  0.562291  0.788831  0.794959  0.770721  0.678540  0.686182  0.677334  0.769042  0.777814  0.629601  0.739737  0.697944  0.689975  0.631039  0.698382  0.549688  0.720386  0.548517  0.715624  0.888884  0.656719  0.671945  0.796689 
25  0.835323  0.987152  0.904479  0.752690  0.845490  0.834696  0.899844  0.731648  0.733726  0.921663  0.826602  0.836553  0.832249  0.813972  0.900912  0.860284  0.833521  0.852056  1.000000  0.772498  0.766122  0.944227  0.823970  0.717714  0.828163 0.0  0.847163  0.792618  0.810776  0.802947  0.871253  0.754368  0.797556  0.884108  0.801303  0.770592  0.872308  0.750194  0.780700  0.914779  0.927178  0.921277  0.896072  0.859707  0.800784  0.871120  0.802096  0.788126  0.731808  0.798659  0.906584  0.787214  0.873876  0.929402  0.857012  0.911139  0.846191  0.751592  0.772327  0.750309  0.848173  0.906529  0.811416  0.806204  0.820551  0.993643  0.848517  0.863251  0.816839  0.710031  0.836991  0.783331  0.719530 
26  0.589510  0.552239  0.626844  0.594735  0.644376  0.731662  0.674058  0.683481  0.613813  0.486097  0.679884  0.861752  0.454778  0.700601  0.508643  0.646289  0.599810  0.758004  0.568704  0.632838  0.741430  0.737774  0.626528  0.714984  0.729400  0.847163 0.0  0.687791  0.539118  0.585518  0.641723  0.857431  0.585211  0.637708  0.477911  0.822601  0.688721  0.542145  0.711193  0.546116  0.656576  0.796572  0.462639  0.678130  0.735314  0.478341  0.390909  0.774691  0.891359  0.742778  0.535595  0.784531  0.697525  0.679906  0.695090  0.525619  0.599663  0.693923  0.624361  0.575636  0.729591  0.639495  0.693754  0.628531  0.704285  0.701759  0.603741  0.778120  0.857041  0.854658  0.433208  0.575038  0.708478 
27  0.819510  0.865945  0.724576  0.653726  0.609971  0.580265  0.665496  0.272228  0.637419  0.746933  0.678245  0.429480  0.814002  0.747248  0.643801  0.707950  0.771333  0.824150  0.615644  0.646668  0.554680  0.473870  0.624884  0.492670  0.764455  0.792618  0.687791 0.0  0.662310  0.568808  0.560213  0.669829  0.837320  0.660810  0.799166  0.826537  0.624065  0.667324  0.516302  0.649984  0.685272  0.798388  0.772092  0.622227  0.271689  0.714348  0.726357  0.661633  0.801399  0.452335  0.779332  0.412358  0.645941  0.625423  0.499076  0.632844  0.663763  0.462145  0.445583  0.727186  0.623577  0.637653  0.719668  0.679307  0.748189  0.788191  0.670583  0.827795  0.453787  0.661669  0.769080  0.664632  0.284017 
28  0.551791  0.524392  0.807260  0.648869  0.706747  0.707052  0.630340  0.774627  0.671576  0.365368  0.718379  0.682941  0.528174  0.624993  0.349383  0.674419  0.680985  0.634873  0.691758  0.683368  0.712642  0.763289  0.791674  0.791117  0.685318  0.810776  0.539118  0.662310 0.0  0.697258  0.739705  0.775231  0.644856  0.612486  0.430449  0.649923  0.634481  0.623702  0.742145  0.656579  0.643639  0.583660  0.428894  0.698711  0.792177  0.628872  0.550824  0.713918  0.894929  0.669300  0.269969  0.693757  0.671063  0.723659  0.678479  0.588364  0.628976  0.708199  0.708253  0.590821  0.777182  0.636718  0.683742  0.636689  0.690212  0.750422  0.748717  0.705062  0.792453  0.790367  0.521067  0.683956  0.743861 
29  0.673368  0.729365  0.877602  0.584889  0.519352  0.387849  0.769213  0.624815  0.417579  0.549392  0.329306  0.624364  0.703143  0.787167  0.686549  0.482317  0.695989  0.722289  0.276733  0.257457  0.431443  0.611265  0.470842  0.700019  0.680232  0.802947  0.585518  0.568808  0.697258 0.0  0.466845  0.719452  0.661828  0.428876  0.602876  0.924254  0.701294  0.458091  0.587255  0.687480  0.509122  0.676521  0.665816  0.478398  0.630471  0.520088  0.604898  0.645353  0.737517  0.576384  0.633493  0.584778  0.460720  0.413877  0.653539  0.554672  0.431960  0.686154  0.686598  0.629999  0.606905  0.562556  0.638186  0.632050  0.319160  0.676267  0.449442  0.775745  0.693709  0.687910  0.611083  0.423503  0.702840 
30  0.720846  0.690997  0.793509  0.088278  0.269182  0.495279  0.639810  0.597855  0.562172  0.649251  0.410220  0.609661  0.763107  0.819377  0.700595  0.433672  0.677213  0.706201  0.471305  0.610249  0.482435  0.574546  0.468872  0.562196  0.760752  0.871253  0.641723  0.560213  0.739705  0.466845 0.0  0.671470  0.581021  0.139041  0.662468  0.767288  0.660439  0.574753  0.699271  0.214461  0.653850  0.795019  0.705425  0.469701  0.668001  0.655157  0.683803  0.771957  0.825786  0.715569  0.619959  0.665829  0.455106  0.470373  0.600752  0.583559  0.426663  0.634893  0.568997  0.655326  0.573936  0.412365  0.592354  0.679735  0.605908  0.753782  0.365200  0.798282  0.633882  0.658819  0.738704  0.522784  0.615066 
31  0.852537  0.819298  0.747881  0.700253  0.749247  0.759094  0.801692  0.712899  0.696349  0.740272  0.819183  0.723500  0.707041  0.815569  0.771736  0.711774  0.719074  0.828553  0.673242  0.746417  0.646299  0.655015  0.777932  0.649258  0.888706  0.754368  0.857431  0.669829  0.775231  0.719452  0.671470 0.0  0.634615  0.700518  0.719770  0.771578  0.668703  0.736893  0.667086  0.691617  0.763411  0.859193  0.765018  0.553452  0.653448  0.741431  0.763460  0.689643  0.747604  0.625208  0.826331  0.680803  0.690020  0.718232  0.673126  0.822798  0.672460  0.603322  0.573399  0.772808  0.728873  0.665481  0.829831  0.778560  0.803826  0.880270  0.598590  0.894695  0.561897  0.665598  0.897242  0.746455  0.640619 
32  0.563339  0.682584  0.836022  0.626409  0.608802  0.661376  0.635145  0.768169  0.528601  0.547168  0.638333  0.725966  0.624907  0.762446  0.572865  0.608784  0.509398  0.698009  0.744118  0.620673  0.700452  0.712277  0.664248  0.676558  0.563770  0.797556  0.585211  0.837320  0.644856  0.661828  0.581021  0.634615 0.0  0.677330  0.607704  0.605715  0.634284  0.465860  0.676006  0.693317  0.602659  0.641965  0.668531  0.570120  0.682491  0.543073  0.542341  0.783696  0.772437  0.653812  0.682424  0.789732  0.616130  0.601359  0.820968  0.449638  0.635542  0.723449  0.639618  0.542744  0.751651  0.656288  0.627471  0.536853  0.648209  0.703195  0.563753  0.816970  0.673530  0.806295  0.501966  0.507760  0.773568 
33  0.783840  0.674802  0.822878  0.340468  0.334904  0.466499  0.820991  0.591133  0.493973  0.656336  0.513734  0.657243  0.787513  0.779914  0.738673  0.404591  0.714535  0.904355  0.541801  0.487208  0.362994  0.595070  0.587205  0.642654  0.754445  0.884108  0.637708  0.660810  0.612486  0.428876  0.139041  0.700518  0.677330 0.0  0.670157  0.721557  0.688877  0.560117  0.642028  0.210478  0.601811  0.793749  0.624937  0.482266  0.591438  0.585530  0.661512  0.757880  0.784633  0.652262  0.796768  0.578378  0.450521  0.464752  0.580400  0.582978  0.459543  0.567372  0.709967  0.765152  0.560022  0.484542  0.626167  0.594937  0.504085  0.790909  0.451281  0.763285  0.530643  0.683443  0.676761  0.444471  0.671268 
34  0.630430  0.546816  0.787220  0.673829  0.582945  0.615218  0.651711  0.813376  0.720639  0.157428  0.647155  0.744762  0.347427  0.689967  0.432334  0.544671  0.673406  0.657990  0.722808  0.639931  0.580613  0.806783  0.701197  0.698059  0.719559  0.801303  0.477911  0.799166  0.430449  0.602876  0.662468  0.719770  0.607704  0.670157 0.0  0.689107  0.812019  0.501071  0.646253  0.729482  0.544007  0.758243  0.503972  0.706963  0.732742  0.654887  0.540210  0.747512  0.806908  0.771384  0.443943  0.836597  0.648124  0.562515  0.651017  0.613468  0.658806  0.819106  0.761280  0.583312  0.817263  0.653907  0.604399  0.589050  0.687503  0.682656  0.683145  0.633973  0.715133  0.810990  0.490602  0.631402  0.686144 
35  0.713303  0.624647  0.744852  0.769283  0.806798  0.732792  0.655316  0.779387  0.740500  0.670223  0.694757  0.786039  0.518862  0.799553  0.659818  0.690772  0.667048  0.605875  0.657589  0.710907  0.722002  0.668320  0.704035  0.767228  0.430924  0.770592  0.822601  0.826537  0.649923  0.924254  0.767288  0.771578  0.605715  0.721557  0.689107 0.0  0.649246  0.744367  0.684049  0.679860  0.550766  0.498503  0.589628  0.670319  0.848009  0.742861  0.704410  0.801659  0.756428  0.702625  0.637681  0.781855  0.769923  0.712076  0.858988  0.612053  0.771446  0.699322  0.770454  0.529302  0.671492  0.738851  0.818475  0.694645  0.653388  0.520239  0.607885  0.541172  0.781765  0.805907  0.595689  0.787719  0.843715 
36  0.632418  0.687554  0.739164  0.644274  0.580833  0.648116  0.649096  0.737701  0.576275  0.635553  0.585283  0.840841  0.706406  0.661281  0.598957  0.723793  0.592444  0.661286  0.502750  0.638930  0.744534  0.787875  0.495137  0.650406  0.716020  0.872308  0.688721  0.624065  0.634481  0.701294  0.660439  0.668703  0.634284  0.688877  0.812019  0.649246 0.0  0.585732  0.722453  0.645077  0.576344  0.609834  0.751686  0.627820  0.714169  0.623616  0.660581  0.578405  0.791983  0.807783  0.686594  0.811789  0.744506  0.604253  0.695191  0.565145  0.569104  0.640925  0.586317  0.833098  0.703624  0.686199  0.567126  0.470981  0.615263  0.789902  0.596673  0.769712  0.787344  0.669947  0.563256  0.550828  0.782812 
37  0.619303  0.734311  0.814310  0.803956  0.657266  0.548649  0.647686  0.684376  0.485917  0.639539  0.602228  0.661858  0.473439  0.669066  0.513553  0.633817  0.524679  0.697992  0.627876  0.667934  0.701093  0.764132  0.562245  0.635352  0.717680  0.750194  0.542145  0.667324  0.623702  0.458091  0.574753  0.736893  0.465860  0.560117  0.501071  0.744367  0.585732 0.0  0.711155  0.602053  0.508222  0.705092  0.652052  0.658481  0.698598  0.470407  0.455361  0.698231  0.784837  0.619072  0.638554  0.819964  0.670768  0.599433  0.787037  0.372190  0.641027  0.706784  0.715621  0.586609  0.676823  0.680732  0.603457  0.612444  0.567340  0.715155  0.645884  0.753471  0.737217  0.729263  0.497094  0.704407  0.732876 
38  0.731212  0.732954  0.744192  0.642564  0.779567  0.640370  0.760303  0.379673  0.522358  0.691589  0.729098  0.414790  0.642022  0.737334  0.795183  0.652920  0.657874  0.827372  0.603140  0.567404  0.602083  0.147428  0.514984  0.346097  0.788304  0.780700  0.711193  0.516302  0.742145  0.587255  0.699271  0.667086  0.676006  0.642028  0.646253  0.684049  0.722453  0.711155 0.0  0.490586  0.597985  0.650660  0.722742  0.645114  0.404700  0.751885  0.759556  0.565579  0.708426  0.292645  0.725690  0.302946  0.635051  0.613211  0.180604  0.756710  0.657945  0.455283  0.396961  0.859046  0.339827  0.575809  0.603551  0.818322  0.655046  0.886650  0.572337  0.812476  0.384290  0.666959  0.727019  0.646965  0.461372 
39  0.710264  0.785876  0.803519  0.342740  0.339391  0.526209  0.626465  0.603122  0.596355  0.704930  0.499699  0.594913  0.697466  0.757427  0.696419  0.476775  0.646869  0.776107  0.527499  0.633496  0.393219  0.664795  0.586214  0.618268  0.750817  0.914779  0.546116  0.649984  0.656579  0.687480  0.214461  0.691617  0.693317  0.210478  0.729482  0.679860  0.645077  0.602053  0.490586 0.0  0.692423  0.820213  0.634213  0.467822  0.693643  0.671484  0.754056  0.579638  0.768507  0.497050  0.717293  0.568400  0.398186  0.518770  0.578767  0.674761  0.355679  0.568960  0.608061  0.861066  0.694039  0.539776  0.624018  0.704642  0.470583  0.720091  0.470152  0.725818  0.572557  0.665823  0.665502  0.428911  0.665787 
40  0.718862  0.824831  0.785193  0.509629  0.628640  0.534520  0.630010  0.695239  0.475745  0.568581  0.542013  0.779147  0.627380  0.691254  0.643258  0.532531  0.654478  0.688318  0.436868  0.408391  0.552053  0.743125  0.457911  0.606242  0.728946  0.927178  0.656576  0.685272  0.643639  0.509122  0.653850  0.763411  0.602659  0.601811  0.544007  0.550766  0.576344  0.508222  0.597985  0.692423 0.0  0.682621  0.641305  0.602399  0.671207  0.375300  0.486251  0.689673  0.829356  0.779133  0.691402  0.721141  0.558507  0.538669  0.705995  0.470082  0.567496  0.685041  0.612514  0.601033  0.639206  0.483106  0.518731  0.680907  0.404898  0.713611  0.591774  0.812112  0.624688  0.703617  0.566271  0.565441  0.674298 
41  0.593821  0.580025  0.714925  0.805017  0.774933  0.697268  0.681105  0.743958  0.783036  0.648511  0.826318  0.731774  0.652663  0.623977  0.753249  0.706175  0.555214  0.581842  0.721906  0.574084  0.809710  0.709132  0.851067  0.664496  0.655476  0.921277  0.796572  0.798388  0.583660  0.676521  0.795019  0.859193  0.641965  0.793749  0.758243  0.498503  0.609834  0.705092  0.650660  0.820213  0.682621 0.0  0.684827  0.719648  0.760726  0.779445  0.734856  0.787706  0.780908  0.866572  0.640637  0.729161  0.844224  0.756949  0.739833  0.688051  0.705590  0.831487  0.855233  0.631544  0.773243  0.725823  0.790154  0.609323  0.726944  0.592408  0.641078  0.505200  0.758186  0.798379  0.655587  0.733653  0.675978 
42  0.627617  0.569349  0.874122  0.637818  0.784307  0.585299  0.684106  0.746450  0.712706  0.361893  0.643437  0.713005  0.493249  0.722821  0.430210  0.694148  0.548942  0.767919  0.631851  0.664643  0.806253  0.817541  0.634346  0.741357  0.605581  0.896072  0.462639  0.772092  0.428894  0.665816  0.705425  0.765018  0.668531  0.624937  0.503972  0.589628  0.751686  0.652052  0.722742  0.634213  0.641305  0.684827 0.0  0.591379  0.841917  0.556376  0.586418  0.809135  0.836524  0.753983  0.519406  0.768093  0.686264  0.739967  0.649546  0.570736  0.792569  0.700349  0.825434  0.629596  0.751369  0.586173  0.564228  0.556736  0.618078  0.671234  0.714913  0.660856  0.705265  0.919588  0.509950  0.664815  0.734407 
43  0.657310  0.788903  0.830476  0.459129  0.486625  0.373825  0.782278  0.670388  0.339092  0.640132  0.436449  0.609606  0.625385  0.776928  0.724051  0.490683  0.642886  0.762182  0.540152  0.595682  0.572721  0.591987  0.369209  0.632459  0.756431  0.859707  0.678130  0.622227  0.698711  0.478398  0.469701  0.553452  0.570120  0.482266  0.706963  0.670319  0.627820  0.658481  0.645114  0.467822  0.602399  0.719648  0.591379 0.0  0.577006  0.540583  0.581326  0.686283  0.721542  0.623258  0.604700  0.604733  0.305724  0.268089  0.655885  0.694770  0.464698  0.764839  0.509331  0.688080  0.658259  0.421927  0.653475  0.684253  0.495415  0.699878  0.502971  0.785294  0.593777  0.772302  0.633883  0.418661  0.597208 
44  0.704149  0.849888  0.862613  0.511853  0.581439  0.539023  0.742482  0.303555  0.643638  0.838103  0.685939  0.422407  0.672212  0.844683  0.711195  0.740046  0.650997  0.866720  0.616413  0.759869  0.563691  0.399011  0.607544  0.542780  0.829079  0.800784  0.735314  0.271689  0.792177  0.630471  0.668001  0.653448  0.682491  0.591438  0.732742  0.848009  0.714169  0.698598  0.404700  0.693643  0.671207  0.760726  0.841917  0.577006 0.0  0.650377  0.701555  0.613474  0.767543  0.500802  0.719916  0.395250  0.596550  0.600970  0.490614  0.686885  0.711402  0.455010  0.499074  0.748722  0.416853  0.767502  0.738523  0.775333  0.725620  0.821355  0.692456  0.781489  0.213203  0.621111  0.794615  0.611886  0.287297 
45  0.575707  0.571053  0.803759  0.645025  0.623437  0.400805  0.771605  0.692011  0.527777  0.535300  0.478972  0.739644  0.543000  0.658880  0.669236  0.534940  0.567400  0.647826  0.535067  0.452641  0.568479  0.650176  0.493169  0.737341  0.730241  0.871120  0.478341  0.714348  0.628872  0.520088  0.655157  0.741431  0.543073  0.585530  0.654887  0.742861  0.623616  0.470407  0.751885  0.671484  0.375300  0.779445  0.556376  0.540583  0.650377 0.0  0.541968  0.692293  0.777363  0.553550  0.637529  0.662348  0.621390  0.560208  0.661365  0.316372  0.529055  0.766024  0.669485  0.629848  0.711391  0.578218  0.595000  0.653564  0.484801  0.804221  0.554328  0.779632  0.725118  0.804102  0.607413  0.383934  0.865861 
46  0.514011  0.580148  0.767792  0.600830  0.630433  0.632172  0.597297  0.722348  0.530857  0.504878  0.543261  0.768637  0.472229  0.634185  0.462493  0.576082  0.591792  0.618829  0.698489  0.655238  0.717895  0.708973  0.611047  0.738292  0.598011  0.802096  0.390909  0.726357  0.550824  0.604898  0.683803  0.763460  0.542341  0.661512  0.540210  0.704410  0.660581  0.455361  0.759556  0.754056  0.486251  0.734856  0.586418  0.581326  0.701555  0.541968 0.0  0.703210  0.881416  0.821367  0.702074  0.676682  0.654948  0.583129  0.770454  0.588595  0.657465  0.651405  0.676298  0.526487  0.719733  0.642085  0.575581  0.537259  0.593236  0.727945  0.693489  0.723053  0.751257  0.791285  0.405440  0.591132  0.664933 
47  0.691666  0.701913  0.815799  0.763675  0.600558  0.630529  0.765656  0.640020  0.668352  0.706132  0.738409  0.622677  0.860058  0.803419  0.829210  0.668392  0.732912  0.846828  0.678606  0.693224  0.617742  0.635659  0.754511  0.589122  0.699198  0.788126  0.774691  0.661633  0.713918  0.645353  0.771957  0.689643  0.783696  0.757880  0.747512  0.801659  0.578405  0.698231  0.565579  0.579638  0.689673  0.787706  0.809135  0.686283  0.613474  0.692293  0.703210 0.0  0.778190  0.579000  0.720309  0.673884  0.610795  0.616383  0.592323  0.689764  0.608140  0.701412  0.664435  0.702205  0.651948  0.706127  0.660622  0.730820  0.649019  0.846611  0.596564  0.775904  0.675455  0.611892  0.703231  0.743941  0.492401 
48  0.857104  0.843769  0.875809  0.848827  0.794574  0.809415  0.867609  0.709497  0.827471  0.832370  0.832658  0.702709  0.859027  0.779281  0.783949  0.916807  0.832742  0.812670  0.729605  0.904138  0.708427  0.706284  0.731259  0.872848  0.836024  0.731808  0.891359  0.801399  0.894929  0.737517  0.825786  0.747604  0.772437  0.784633  0.806908  0.756428  0.791983  0.784837  0.708426  0.768507  0.829356  0.780908  0.836524  0.721542  0.767543  0.777363  0.881416  0.778190 0.0  0.827536  0.724361  0.622120  0.792863  0.836271  0.773416  0.825923  0.727501  0.807509  0.751602  0.835749  0.770813  0.764578  0.846963  0.774285  0.657076  0.948301  0.771779  0.822911  0.811430  0.603917  0.799444  0.737004  0.747775 
49  0.789903  0.761571  0.851126  0.635173  0.571922  0.657300  0.726578  0.430177  0.597486  0.744033  0.728180  0.245555  0.716813  0.733804  0.787438  0.541615  0.694483  0.731048  0.684242  0.658997  0.697589  0.255666  0.629837  0.055548  0.625460  0.798659  0.742778  0.452335  0.669300  0.576384  0.715569  0.625208  0.653812  0.652262  0.771384  0.702625  0.807783  0.619072  0.292645  0.497050  0.779133  0.866572  0.753983  0.623258  0.500802  0.553550  0.821367  0.579000  0.827536 0.0  0.753964  0.370792  0.595439  0.669089  0.038554  0.695894  0.551148  0.441359  0.418433  0.701041  0.382350  0.749920  0.719766  0.698069  0.612955  0.738799  0.604905  0.762019  0.516044  0.643058  0.735830  0.688308  0.351335 
50  0.592134  0.580615  0.842311  0.761248  0.800290  0.758849  0.737714  0.776683  0.683223  0.364068  0.775522  0.661244  0.466546  0.706932  0.450085  0.649955  0.634399  0.669641  0.707514  0.691002  0.608102  0.671963  0.677127  0.796588  0.562291  0.906584  0.535595  0.779332  0.269969  0.633493  0.619959  0.826331  0.682424  0.796768  0.443943  0.637681  0.686594  0.638554  0.725690  0.717293  0.691402  0.640637  0.519406  0.604700  0.719916  0.637529  0.702074  0.720309  0.724361  0.753964 0.0  0.711166  0.724097  0.653468  0.700754  0.642835  0.667552  0.810366  0.685863  0.699997  0.698546  0.698941  0.720683  0.656594  0.728003  0.597545  0.670733  0.663587  0.765160  0.794080  0.566708  0.636359  0.786859 
51  0.773352  0.781718  0.846803  0.609975  0.512681  0.607474  0.835096  0.395902  0.729113  0.671128  0.705806  0.000000  0.702335  0.849114  0.758707  0.748233  0.769795  0.782567  0.601799  0.590236  0.666675  0.342000  0.678293  0.318287  0.788831  0.787214  0.784531  0.412358  0.693757  0.584778  0.665829  0.680803  0.789732  0.578378  0.836597  0.781855  0.811789  0.819964  0.302946  0.568400  0.721141  0.729161  0.768093  0.604733  0.395250  0.662348  0.676682  0.673884  0.622120  0.370792  0.711166 0.0  0.726683  0.630062  0.320859  0.804697  0.748470  0.268724  0.349339  0.718197  0.324902  0.637446  0.681161  0.677064  0.661364  0.688404  0.712402  0.862379  0.386056  0.534402  0.771103  0.643672  0.304384 
52  0.698290  0.734825  0.810870  0.431681  0.476609  0.456852  0.675625  0.652490  0.457281  0.495305  0.481423  0.653184  0.596143  0.778606  0.603514  0.442420  0.687258  0.738084  0.387861  0.525920  0.595806  0.747892  0.422775  0.598659  0.794959  0.873876  0.697525  0.645941  0.671063  0.460720  0.455106  0.690020  0.616130  0.450521  0.648124  0.769923  0.744506  0.670768  0.635051  0.398186  0.558507  0.844224  0.686264  0.305724  0.596550  0.621390  0.654948  0.610795  0.792863  0.595439  0.724097  0.726683 0.0  0.224199  0.579847  0.523412  0.506433  0.556791  0.685399  0.735287  0.629382  0.419794  0.634648  0.769040  0.498642  0.789451  0.510253  0.814625  0.592633  0.719705  0.586732  0.395273  0.586616 
53  0.749693  0.698448  0.804617  0.441571  0.389114  0.374466  0.757125  0.579779  0.345243  0.698748  0.490300  0.610961  0.711850  0.876836  0.687404  0.389764  0.705015  0.753779  0.362023  0.560961  0.468608  0.502919  0.568126  0.650297  0.770721  0.929402  0.679906  0.625423  0.723659  0.413877  0.470373  0.718232  0.601359  0.464752  0.562515  0.712076  0.604253  0.599433  0.613211  0.518770  0.538669  0.756949  0.739967  0.268089  0.600970  0.560208  0.583129  0.616383  0.836271  0.669089  0.653468  0.630062  0.224199 0.0  0.627056  0.601949  0.577625  0.724242  0.656129  0.770745  0.632209  0.597662  0.641735  0.700976  0.400925  0.882701  0.570394  0.789942  0.714490  0.788298  0.675017  0.255854  0.663828 
