98
0 0.0  0.238625  0.207854  0.379161  0.242465  0.253347  0.034432  0.137690  0.249067  0.256447  0.356812  0.311110  0.173093  0.186318  0.600797  0.413937  0.409539  0.350498  0.255623  0.137540  0.236868  0.242419  0.362898  0.111728  0.417555  0.570106  0.274741  0.212335  0.348071  0.101877  0.436274  0.365103  0.289894  0.674056  0.330738  0.603050  0.004883  0.314548  0.320598  0.292662  0.290157  0.821050  0.306431  0.144548  0.091445  0.468029  0.245879  0.430767  0.229457  0.332080  0.686140  0.319991  0.128318  0.468318  0.613598  0.359618  0.251641  0.115556  0.380674  0.400447  0.687394  0.574398  0.376091  0.270141  0.348214  0.320622  0.392099  0.441080  0.335534  0.097747  0.231218  0.089570  0.495836  0.297426  0.278535  0.042015  0.397838  0.545197  0.213399  0.263943  0.314210  0.291895  0.261322  0.297439  0.224542  0.318522  0.164804  0.358783  0.775315  0.350110  0.389599  0.538118  0.378637  0.350094  0.385462  0.338517  0.327872  0.409290 
1  0.238625 0.0  0.162210  0.226161  0.179254  0.176528  0.370004  0.381816  0.119306  0.224656  0.334341  0.162796  0.376613  0.311837  0.408456  0.734069  0.483270  0.323168  0.405557  0.384229  0.181064  0.312829  0.382657  0.396757  0.016202  0.278512  0.343322  0.296518  0.137240  0.366954  0.402784  0.157949  0.447344  0.679601  0.499249  0.406945  0.377585  0.368482  0.391867  0.182471  0.334494  0.705904  0.225828  0.324216  0.437271  0.394728  0.244125  0.373638  0.036585  0.611207  0.355829  0.421641  0.267684  0.263141  0.814026  0.549156  0.113925  0.407402  0.413476  0.282578  0.499338  0.551093  0.466286  0.440268  0.276948  0.497794  0.175958  0.410939  0.203088  0.333606  0.253727  0.259572  0.592294  0.318173  0.263855  0.279449  0.327892  0.359589  0.252350  0.327296  0.239728  0.197212  0.174274  0.189024  0.367116  0.474675  0.311282  0.230188  0.602900  0.310235  0.248584  0.734974  0.482851  0.610250  0.359543  0.147795  0.418314  0.642030 
2  0.207854  0.162210 0.0  0.123553  0.238309  0.043151  0.341056  0.372312  0.042021  0.396515  0.411366  0.000000  0.371100  0.284029  0.642403  0.765730  0.562737  0.241190  0.635751  0.433763  0.105189  0.295136  0.416833  0.371236  0.000000  0.309153  0.344274  0.312902  0.136198  0.371695  0.416608  0.084788  0.345804  0.782164  0.292363  0.233984  0.381571  0.442276  0.322311  0.293880  0.429079  0.637709  0.379169  0.337777  0.454655  0.439312  0.305323  0.552147  0.208047  0.590894  0.693116  0.244834  0.292148  0.357612  0.755854  0.508388  0.189891  0.335439  0.295040  0.069016  0.617011  0.568265  0.294579  0.284494  0.018710  0.266575  0.099189  0.400325  0.000000  0.315615  0.336595  0.337381  0.634063  0.301726  0.028942  0.351310  0.323458  0.366431  0.224855  0.314345  0.139171  0.069173  0.245081  0.132646  0.314425  0.366025  0.438363  0.047274  0.435672  0.270478  0.000000  0.745573  0.363326  0.667967  0.316325  0.084555  0.397042  0.811772 
3  0.379161  0.226161  0.123553 0.0  0.149722  0.169275  0.404336  0.360505  0.215611  0.240181  0.436982  0.039839  0.287302  0.372303  0.456513  0.649659  0.506523  0.217039  0.475546  0.398941  0.308490  0.267816  0.307513  0.484672  0.032895  0.327383  0.240980  0.225180  0.089199  0.362560  0.387081  0.170061  0.531776  0.717481  0.505740  0.365845  0.286916  0.339691  0.457060  0.248786  0.357685  0.663958  0.281770  0.248808  0.300000  0.450076  0.307513  0.334174  0.000000  0.699178  0.486688  0.450355  0.416587  0.327977  0.713539  0.561154  0.241093  0.418441  0.342556  0.193622  0.408129  0.559729  0.516792  0.375269  0.189258  0.489936  0.243144  0.489000  0.240624  0.282568  0.223960  0.212804  0.697452  0.301657  0.225586  0.393066  0.378088  0.306134  0.306844  0.294690  0.268845  0.209757  0.232533  0.167916  0.363791  0.457827  0.361479  0.237135  0.660356  0.338327  0.191658  0.830529  0.527400  0.555027  0.335682  0.285115  0.437869  0.722844 
4  0.242465  0.179254  0.238309  0.149722 0.0  0.245873  0.239284  0.318252  0.327782  0.243323  0.253413  0.318795  0.228041  0.216934  0.543399  0.662095  0.394223  0.264424  0.421330  0.225927  0.260973  0.263422  0.272289  0.162550  0.337697  0.220935  0.234551  0.188264  0.232235  0.268721  0.447067  0.214737  0.261426  0.684556  0.337980  0.515278  0.240933  0.268055  0.252436  0.288193  0.201421  0.756794  0.351969  0.177404  0.188835  0.397645  0.198835  0.541080  0.289100  0.452917  0.660216  0.275344  0.178235  0.505106  0.638223  0.427003  0.275425  0.295362  0.121846  0.263562  0.580341  0.492613  0.437437  0.329492  0.215463  0.172369  0.332298  0.469645  0.238244  0.220557  0.131066  0.323430  0.402388  0.274726  0.297426  0.239577  0.226622  0.223924  0.230392  0.256695  0.371534  0.252253  0.249804  0.309073  0.367049  0.288067  0.187882  0.273453  0.687716  0.276402  0.170362  0.635478  0.188023  0.529773  0.308187  0.245906  0.283132  0.536112 
5  0.253347  0.176528  0.043151  0.169275  0.245873 0.0  0.279327  0.496618  0.240525  0.291952  0.253374  0.163278  0.340313  0.356940  0.471972  0.776969  0.522635  0.292316  0.567630  0.353658  0.308519  0.348239  0.311048  0.417751  0.072085  0.290222  0.289527  0.390913  0.208094  0.298283  0.379282  0.173490  0.420997  0.711711  0.552307  0.427860  0.440248  0.332135  0.472455  0.243794  0.364173  0.685221  0.227714  0.405940  0.340262  0.523753  0.277766  0.442799  0.013080  0.567701  0.522640  0.402586  0.332808  0.227297  0.758723  0.478349  0.243886  0.348292  0.378012  0.108722  0.475173  0.608966  0.434396  0.496173  0.155837  0.324391  0.206041  0.416258  0.121886  0.202419  0.357811  0.295414  0.577758  0.182040  0.160641  0.366279  0.337589  0.221751  0.188617  0.343857  0.145318  0.187129  0.200341  0.308589  0.399567  0.399666  0.372127  0.193899  0.584340  0.315752  0.206343  0.795258  0.477212  0.656208  0.308175  0.093151  0.520597  0.709929 
6  0.034432  0.370004  0.341056  0.404336  0.239284  0.279327 0.0  0.198630  0.287060  0.184810  0.356783  0.231264  0.081224  0.231499  0.765953  0.451884  0.257262  0.241734  0.295759  0.071877  0.403992  0.063131  0.278233  0.202437  0.412093  0.296544  0.214467  0.096647  0.397553  0.277874  0.334378  0.311887  0.342958  0.526835  0.325304  0.494078  0.036810  0.253412  0.366367  0.255719  0.000000  0.679622  0.194089  0.130809  0.021855  0.420562  0.277920  0.458192  0.253318  0.300426  0.688400  0.274153  0.161549  0.499901  0.418993  0.326754  0.291378  0.232201  0.366041  0.383991  0.690795  0.594807  0.475769  0.432723  0.283057  0.271780  0.343779  0.432230  0.313034  0.176111  0.167370  0.067599  0.650672  0.297999  0.440935  0.150711  0.267805  0.213493  0.221662  0.462191  0.320299  0.270613  0.336457  0.327466  0.051637  0.314147  0.042215  0.320790  0.643736  0.299622  0.237361  0.422746  0.329081  0.295727  0.279603  0.148435  0.329156  0.478098 
7  0.137690  0.381816  0.372312  0.360505  0.318252  0.496618  0.198630 0.0  0.342737  0.280062  0.286520  0.333972  0.160027  0.099228  0.725828  0.538835  0.378784  0.184692  0.204513  0.129486  0.454213  0.069402  0.475122  0.174308  0.266109  0.387286  0.278212  0.188422  0.459987  0.229490  0.493412  0.382179  0.409254  0.422268  0.440889  0.675747  0.122165  0.454015  0.447440  0.372863  0.100903  0.769377  0.180713  0.109629  0.230443  0.526057  0.255215  0.431598  0.449220  0.302285  0.824724  0.387015  0.173660  0.655925  0.563323  0.309230  0.478148  0.080833  0.347646  0.374910  0.802404  0.620030  0.401477  0.328642  0.398939  0.380281  0.464379  0.498596  0.371942  0.145257  0.332471  0.125917  0.554577  0.328457  0.351060  0.158100  0.401296  0.498986  0.307950  0.315892  0.397319  0.363221  0.242193  0.326845  0.059588  0.294790  0.153421  0.481766  0.812647  0.371587  0.303722  0.479944  0.410141  0.255417  0.398836  0.335206  0.390218  0.538692 
8  0.249067  0.119306  0.042021  0.215611  0.327782  0.240525  0.287060  0.342737 0.0  0.318167  0.291146  0.178898  0.318851  0.229288  0.442476  0.735538  0.465093  0.178221  0.519630  0.363254  0.128028  0.313758  0.323404  0.471973  0.170097  0.406370  0.178002  0.309410  0.157861  0.387647  0.527585  0.190128  0.438336  0.768152  0.351536  0.464844  0.309396  0.343227  0.487023  0.102957  0.367754  0.651048  0.268397  0.302388  0.302066  0.513458  0.302211  0.530143  0.088534  0.598087  0.519770  0.498514  0.306001  0.220098  0.658094  0.599590  0.242430  0.487021  0.416892  0.224153  0.439257  0.635806  0.544294  0.390052  0.201147  0.435057  0.167559  0.493293  0.149173  0.382355  0.270453  0.332137  0.550617  0.185284  0.231844  0.399715  0.391906  0.386660  0.199040  0.338550  0.282365  0.208924  0.266354  0.180673  0.441705  0.405407  0.317575  0.141302  0.628039  0.339528  0.163154  0.722009  0.398627  0.570943  0.346899  0.192166  0.397798  0.586094 
9  0.256447  0.224656  0.396515  0.240181  0.243323  0.291952  0.184810  0.280062  0.318167 0.0  0.277097  0.212292  0.314111  0.125330  0.669559  0.609319  0.445618  0.233798  0.413446  0.322498  0.263286  0.224372  0.212851  0.203952  0.328557  0.242965  0.240860  0.276894  0.182456  0.254332  0.395001  0.200869  0.154670  0.651909  0.268976  0.488982  0.306600  0.296310  0.231874  0.216400  0.211963  0.675092  0.225748  0.252452  0.286402  0.460308  0.262675  0.560513  0.149403  0.507994  0.636772  0.274655  0.239336  0.420071  0.598802  0.431849  0.192990  0.197785  0.246699  0.264457  0.552845  0.506953  0.542623  0.207555  0.339403  0.230265  0.216725  0.484174  0.172064  0.336569  0.266535  0.339143  0.469940  0.376901  0.262757  0.213308  0.288025  0.260274  0.270098  0.222793  0.133784  0.257191  0.248594  0.182400  0.298854  0.237020  0.277157  0.237787  0.646364  0.297132  0.292388  0.653391  0.281099  0.401307  0.225148  0.258242  0.247117  0.670320 
10  0.356812  0.334341  0.411366  0.436982  0.253413  0.253374  0.356783  0.286520  0.291146  0.277097 0.0  0.388421  0.350143  0.235442  0.817064  0.907563  0.408328  0.239552  0.615765  0.300879  0.379231  0.370872  0.264321  0.433629  0.261057  0.367777  0.319887  0.255499  0.234199  0.370222  0.436098  0.292337  0.318293  0.670648  0.275667  0.557313  0.477629  0.198604  0.308723  0.195434  0.341244  0.738516  0.223355  0.339984  0.490566  0.504173  0.188181  0.462063  0.479890  0.591857  0.890637  0.321660  0.386212  0.511347  0.710351  0.582798  0.303667  0.384686  0.407240  0.341399  0.893347  0.640632  0.415230  0.288331  0.428221  0.223106  0.353197  0.464070  0.176966  0.260159  0.223231  0.242206  0.623078  0.205002  0.357046  0.331313  0.352191  0.310596  0.268088  0.296948  0.369199  0.318214  0.313305  0.349404  0.327708  0.306236  0.389722  0.234459  0.718172  0.412589  0.334684  0.743783  0.289407  0.583001  0.364604  0.453015  0.259475  0.692999 
11  0.311110  0.162796  0.000000  0.039839  0.318795  0.163278  0.231264  0.333972  0.178898  0.212292  0.388421 0.0  0.348101  0.286575  0.426818  0.722769  0.480353  0.315300  0.597662  0.406090  0.135027  0.365502  0.232621  0.408669  0.000000  0.306134  0.299895  0.341073  0.163690  0.271012  0.445229  0.236594  0.380262  0.767559  0.513794  0.431477  0.272465  0.439834  0.463833  0.246013  0.350639  0.688036  0.234750  0.351010  0.338678  0.346727  0.363571  0.531243  0.028930  0.502536  0.366322  0.431256  0.412555  0.258032  0.755865  0.496335  0.200852  0.405641  0.366114  0.217787  0.530052  0.530628  0.424088  0.382097  0.200065  0.610759  0.169247  0.562664  0.083078  0.238194  0.134191  0.323438  0.686150  0.197195  0.212113  0.307793  0.492528  0.352591  0.261285  0.327753  0.130033  0.164954  0.256879  0.245785  0.366338  0.365818  0.334505  0.227790  0.562306  0.250223  0.129713  0.721900  0.402380  0.487939  0.258598  0.116468  0.484299  0.596995 
12  0.173093  0.376613  0.371100  0.287302  0.228041  0.340313  0.081224  0.160027  0.318851  0.314111  0.350143  0.348101 0.0  0.074328  0.652543  0.426810  0.371506  0.253412  0.311992  0.161588  0.263321  0.239935  0.397680  0.086309  0.429840  0.590180  0.226287  0.200968  0.361386  0.205488  0.502144  0.302055  0.299121  0.574535  0.320856  0.474637  0.132580  0.389260  0.406761  0.304862  0.141222  0.913948  0.260710  0.142393  0.087994  0.543578  0.338258  0.478374  0.345878  0.279886  0.818103  0.310759  0.041228  0.586568  0.588003  0.473157  0.379194  0.092378  0.353241  0.371219  0.733683  0.583017  0.425672  0.379465  0.314882  0.426582  0.406056  0.397208  0.286401  0.050416  0.219331  0.202602  0.553062  0.251929  0.282721  0.000000  0.430139  0.502146  0.170064  0.234423  0.390628  0.227373  0.292920  0.309005  0.138819  0.363672  0.126231  0.312092  0.632316  0.529707  0.321533  0.493339  0.347057  0.274633  0.365425  0.343061  0.274409  0.538079 
13  0.186318  0.311837  0.284029  0.372303  0.216934  0.356940  0.231499  0.099228  0.229288  0.125330  0.235442  0.286575  0.074328 0.0  0.736748  0.538152  0.402418  0.241469  0.319891  0.056138  0.308547  0.111942  0.473539  0.161155  0.437371  0.396748  0.259017  0.215704  0.212249  0.108263  0.451974  0.349009  0.325900  0.510983  0.320295  0.468843  0.003973  0.316920  0.326428  0.246082  0.195536  0.820791  0.188999  0.095187  0.187289  0.516512  0.193678  0.506405  0.411738  0.262441  0.769557  0.433379  0.080065  0.496601  0.607282  0.502690  0.307243  0.175746  0.346480  0.240399  0.783710  0.685508  0.476343  0.358473  0.330638  0.340299  0.241838  0.400744  0.305447  0.070095  0.332328  0.176734  0.605907  0.317943  0.266184  0.098234  0.379542  0.431276  0.240154  0.261235  0.247319  0.314269  0.236149  0.340323  0.222584  0.294745  0.050453  0.271467  0.840322  0.469950  0.336992  0.492898  0.288543  0.300674  0.466905  0.234678  0.370242  0.636574 
14  0.600797  0.408456  0.642403  0.456513  0.543399  0.471972  0.765953  0.725828  0.442476  0.669559  0.817064  0.426818  0.652543  0.736748 0.0  0.812951  0.599228  0.618753  0.658835  0.823538  0.409934  0.697678  0.724327  0.703205  0.461727  0.698939  0.687753  0.655967  0.479250  0.836597  0.457367  0.435038  0.790432  0.677477  0.701444  0.311101  0.867265  0.732949  0.816524  0.663333  0.664420  0.295333  0.667266  0.667095  0.805000  0.428084  0.629578  0.415250  0.629674  0.680070  0.629561  0.716852  0.689431  0.429578  0.287260  0.505835  0.444273  0.772548  0.780257  0.353292  0.175822  0.676859  0.424960  0.732621  0.437147  0.760277  0.397850  0.402653  0.530256  0.687780  0.639575  0.796572  0.562448  0.605680  0.405028  0.627047  0.759482  0.692176  0.572870  0.836958  0.497314  0.493011  0.574827  0.480638  0.659719  0.825712  0.772823  0.459569  0.187594  0.797791  0.453947  0.770560  0.734963  0.569623  0.695100  0.554365  0.834603  0.346893 
15  0.413937  0.734069  0.765730  0.649659  0.662095  0.776969  0.451884  0.538835  0.735538  0.609319  0.907563  0.722769  0.426810  0.538152  0.812951 0.0  0.235454  0.688784  0.346095  0.565622  0.620143  0.396748  0.810205  0.526868  0.742202  0.723560  0.733226  0.447451  0.741842  0.547976  0.548466  0.720827  0.728271  0.004740  0.714138  0.470210  0.594486  0.768673  0.634178  0.492745  0.553234  0.711160  0.673314  0.482749  0.597279  0.484471  0.666577  0.358227  0.847352  0.381229  0.403857  0.751803  0.461462  0.619536  0.453973  0.184413  0.756678  0.637068  0.710414  0.721935  0.791211  0.608270  0.487782  0.634022  0.742454  0.788964  0.787790  0.563000  0.699490  0.415739  0.637026  0.408418  0.514679  0.669669  0.695366  0.492895  0.755309  0.734582  0.694224  0.685242  0.728445  0.763298  0.639203  0.727976  0.426622  0.675666  0.500317  0.827494  0.707431  0.809113  0.679204  0.216795  0.638019  0.266049  0.696633  0.755720  0.800985  0.559179 
16  0.409539  0.483270  0.562737  0.506523  0.394223  0.522635  0.257262  0.378784  0.465093  0.445618  0.408328  0.480353  0.371506  0.402418  0.599228  0.235454 0.0  0.551761  0.319362  0.344159  0.496870  0.330907  0.669609  0.269847  0.515207  0.682977  0.391291  0.415717  0.547801  0.234825  0.494087  0.576875  0.490944  0.320696  0.530110  0.494461  0.317160  0.513065  0.517025  0.384154  0.426022  0.671424  0.471165  0.156834  0.296968  0.412004  0.479651  0.446510  0.573515  0.307310  0.542376  0.639759  0.291535  0.474588  0.330195  0.445347  0.569003  0.282469  0.615466  0.540916  0.465070  0.550991  0.479882  0.554385  0.470751  0.559807  0.427925  0.329144  0.525271  0.357658  0.419012  0.406312  0.605277  0.452168  0.527347  0.196476  0.636306  0.662052  0.584289  0.606215  0.581567  0.463673  0.458300  0.509515  0.365021  0.527777  0.200667  0.543202  0.539585  0.619238  0.497728  0.380750  0.440338  0.259008  0.646159  0.657951  0.502525  0.372476 
17  0.350498  0.323168  0.241190  0.217039  0.264424  0.292316  0.241734  0.184692  0.178221  0.233798  0.239552  0.315300  0.253412  0.241469  0.618753  0.688784  0.551761 0.0  0.460072  0.375713  0.264082  0.289028  0.262052  0.290826  0.289956  0.309500  0.254665  0.371020  0.312271  0.263928  0.489927  0.302843  0.255067  0.585487  0.246637  0.524909  0.209338  0.295994  0.335846  0.264707  0.209225  0.731736  0.443224  0.304273  0.255105  0.488468  0.203761  0.463439  0.264469  0.465092  0.631429  0.249891  0.265986  0.414977  0.659846  0.380566  0.233992  0.329243  0.323046  0.299121  0.659947  0.488495  0.430730  0.261835  0.274276  0.389885  0.293600  0.475901  0.244051  0.246921  0.324617  0.351165  0.485823  0.261452  0.379751  0.306233  0.347347  0.305707  0.239878  0.215594  0.290568  0.241901  0.272333  0.312296  0.340145  0.247793  0.185127  0.267321  0.587360  0.199260  0.245031  0.555010  0.216536  0.423324  0.256820  0.295068  0.245695  0.551112 
18  0.255623  0.405557  0.635751  0.475546  0.421330  0.567630  0.295759  0.204513  0.519630  0.413446  0.615765  0.597662  0.311992  0.319891  0.658835  0.346095  0.319362  0.460072 0.0  0.325454  0.545483  0.214840  0.484279  0.321078  0.497927  0.542998  0.470105  0.253844  0.401180  0.338027  0.351708  0.482766  0.480893  0.233278  0.529839  0.489918  0.256935  0.650067  0.523602  0.443622  0.351341  0.492549  0.450093  0.359924  0.344996  0.413049  0.440711  0.457515  0.610620  0.407019  0.742865  0.476482  0.355869  0.632527  0.142935  0.231776  0.481965  0.249042  0.644280  0.549316  0.602142  0.631547  0.365868  0.475273  0.487841  0.617830  0.486856  0.362320  0.622741  0.222003  0.478097  0.235590  0.582276  0.466167  0.510700  0.285442  0.563544  0.517160  0.443798  0.501443  0.441587  0.511437  0.439765  0.491419  0.285130  0.544295  0.446634  0.597930  0.429220  0.513707  0.524552  0.323528  0.584791  0.303007  0.536861  0.560472  0.486137  0.351591 
19  0.137540  0.384229  0.433763  0.398941  0.225927  0.353658  0.071877  0.129486  0.363254  0.322498  0.300879  0.406090  0.161588  0.056138  0.823538  0.565622  0.344159  0.375713  0.325454 0.0  0.383892  0.134318  0.476632  0.030077  0.540714  0.451564  0.240183  0.132351  0.344523  0.169365  0.482339  0.334089  0.379157  0.399131  0.398847  0.658381  0.193766  0.377549  0.305804  0.372900  0.072659  0.778808  0.405274  0.247603  0.135607  0.488627  0.208011  0.501900  0.429537  0.160996  0.714214  0.382282  0.013150  0.572069  0.588779  0.248791  0.430472  0.074264  0.361920  0.392846  0.730108  0.544449  0.466801  0.383720  0.282469  0.333408  0.415778  0.416365  0.380694  0.087451  0.337479  0.135432  0.593189  0.218847  0.360302  0.128212  0.316160  0.364036  0.243334  0.325136  0.401223  0.393421  0.316588  0.370556  0.180056  0.385247  0.172262  0.396770  0.743483  0.330354  0.299955  0.476347  0.350742  0.362259  0.548283  0.479871  0.391250  0.613912 
20  0.236868  0.181064  0.105189  0.308490  0.260973  0.308519  0.403992  0.454213  0.128028  0.263286  0.379231  0.135027  0.263321  0.308547  0.409934  0.620143  0.496870  0.264082  0.545483  0.383892 0.0  0.356190  0.338479  0.380245  0.013908  0.330395  0.227292  0.276350  0.208658  0.444422  0.466606  0.164097  0.403238  0.765276  0.379939  0.440992  0.335361  0.339106  0.371571  0.272861  0.332543  0.740321  0.333609  0.276710  0.363970  0.453651  0.355964  0.493045  0.020003  0.485279  0.449944  0.306414  0.356248  0.190723  0.663687  0.572608  0.192704  0.399941  0.450125  0.162864  0.375337  0.673150  0.448126  0.423704  0.218701  0.403750  0.177968  0.478598  0.197845  0.361581  0.291184  0.235856  0.582005  0.246736  0.261975  0.313911  0.480669  0.292498  0.257860  0.302934  0.255924  0.231339  0.237714  0.237393  0.295916  0.459666  0.242950  0.173894  0.604803  0.272482  0.170483  0.811358  0.437482  0.635500  0.330049  0.174431  0.415721  0.778095 
21  0.242419  0.312829  0.295136  0.267816  0.263422  0.348239  0.063131  0.069402  0.313758  0.224372  0.370872  0.365502  0.239935  0.111942  0.697678  0.396748  0.330907  0.289028  0.214840  0.134318  0.356190 0.0  0.473681  0.176929  0.457200  0.428145  0.285013  0.110839  0.397111  0.056444  0.387088  0.385332  0.242219  0.551150  0.324450  0.548191  0.062345  0.360914  0.359895  0.237833  0.120789  0.827477  0.296152  0.091373  0.049927  0.481798  0.297838  0.362360  0.430521  0.373488  0.760690  0.336086  0.104602  0.520203  0.725304  0.377501  0.326879  0.151951  0.407259  0.306448  0.686722  0.616089  0.427262  0.202334  0.315147  0.316001  0.309951  0.443802  0.221895  0.094609  0.220298  0.178607  0.497307  0.175231  0.474803  0.015333  0.344199  0.544120  0.257475  0.287782  0.309202  0.438759  0.241204  0.371959  0.049842  0.328863  0.000000  0.400039  0.698804  0.341038  0.325053  0.568958  0.307168  0.286241  0.552157  0.218486  0.301632  0.574361 
22  0.362898  0.382657  0.416833  0.307513  0.272289  0.311048  0.278233  0.475122  0.323404  0.212851  0.264321  0.232621  0.397680  0.473539  0.724327  0.810205  0.669609  0.262052  0.484279  0.476632  0.338479  0.473681 0.0  0.351662  0.444511  0.204548  0.303548  0.422826  0.332687  0.306092  0.422270  0.329839  0.059489  0.851547  0.089693  0.505314  0.256072  0.268465  0.038925  0.115115  0.471097  0.567228  0.236425  0.282514  0.347892  0.420512  0.330662  0.344186  0.395438  0.525577  0.803301  0.066135  0.387980  0.348799  0.756593  0.649581  0.358081  0.429459  0.135394  0.342001  0.774194  0.359163  0.487901  0.018139  0.333973  0.004807  0.356972  0.430483  0.338283  0.182542  0.253028  0.522761  0.415587  0.262005  0.265965  0.295488  0.140026  0.200235  0.259266  0.085871  0.328988  0.283063  0.286128  0.351465  0.343132  0.128871  0.334314  0.403537  0.722906  0.196928  0.294205  0.826203  0.157199  0.612789  0.234529  0.260213  0.044624  0.869838 
23  0.111728  0.396757  0.371236  0.484672  0.162550  0.417751  0.202437  0.174308  0.471973  0.203952  0.433629  0.408669  0.086309  0.161155  0.703205  0.526868  0.269847  0.290826  0.321078  0.030077  0.380245  0.176929  0.351662 0.0  0.336300  0.379688  0.302793  0.051690  0.371087  0.124185  0.464190  0.348845  0.323675  0.553920  0.377172  0.645424  0.088565  0.443229  0.390131  0.197634  0.141438  0.735977  0.315070  0.160088  0.186911  0.500590  0.278975  0.576139  0.425967  0.244563  0.712615  0.448098  0.208601  0.629522  0.394228  0.344733  0.393008  0.095147  0.348339  0.338607  0.715947  0.573321  0.389926  0.334483  0.409906  0.313517  0.286906  0.564997  0.354511  0.213487  0.333317  0.077472  0.589810  0.182303  0.448723  0.127969  0.448723  0.361576  0.195698  0.393220  0.484570  0.312227  0.193028  0.413669  0.072441  0.343004  0.178920  0.431325  0.758195  0.376981  0.403000  0.534017  0.348661  0.320606  0.344590  0.414993  0.412304  0.627480 
24  0.417555  0.016202  0.000000  0.032895  0.337697  0.072085  0.412093  0.266109  0.170097  0.328557  0.261057  0.000000  0.429840  0.437371  0.461727  0.742202  0.515207  0.289956  0.497927  0.540714  0.013908  0.457200  0.444511  0.336300 0.0  0.426466  0.223748  0.436249  0.000000  0.412247  0.404370  0.029875  0.340196  0.946044  0.252273  0.322736  0.397530  0.392916  0.330329  0.311831  0.458946  0.794327  0.311396  0.266444  0.413281  0.418462  0.273570  0.408675  0.015645  0.554800  0.522123  0.298131  0.448153  0.279522  0.793919  0.641557  0.211370  0.382993  0.386472  0.153078  0.492511  0.557919  0.424584  0.432990  0.046332  0.330462  0.067128  0.515976  0.045428  0.312007  0.252031  0.504268  0.542914  0.246140  0.016862  0.435124  0.436571  0.461010  0.280478  0.308211  0.108412  0.071736  0.215417  0.000000  0.461368  0.245313  0.262585  0.132630  0.424765  0.494377  0.000000  0.754161  0.411415  0.571300  0.403785  0.079935  0.269877  0.929977 
25  0.570106  0.278512  0.309153  0.327383  0.220935  0.290222  0.296544  0.387286  0.406370  0.242965  0.367777  0.306134  0.590180  0.396748  0.698939  0.723560  0.682977  0.309500  0.542998  0.451564  0.330395  0.428145  0.204548  0.379688  0.426466 0.0  0.278968  0.275311  0.296564  0.404751  0.494737  0.320174  0.149455  0.740364  0.000000  0.503626  0.254741  0.309708  0.020738  0.258084  0.457548  0.633696  0.329657  0.396635  0.227532  0.395924  0.124414  0.486193  0.345610  0.486658  0.721736  0.047218  0.348272  0.591768  0.884352  0.658274  0.360949  0.427932  0.092974  0.310296  0.673194  0.340827  0.545592  0.000000  0.503146  0.053276  0.238218  0.374012  0.344787  0.296666  0.246168  0.481962  0.367456  0.323478  0.237276  0.340017  0.061192  0.102312  0.290320  0.047211  0.273887  0.201456  0.250588  0.342757  0.457798  0.033209  0.429465  0.304640  0.722436  0.193559  0.310066  0.818229  0.084999  0.620640  0.204489  0.339207  0.053557  0.823531 
26  0.274741  0.343322  0.344274  0.240980  0.234551  0.289527  0.214467  0.278212  0.178002  0.240860  0.319887  0.299895  0.226287  0.259017  0.687753  0.733226  0.391291  0.254665  0.470105  0.240183  0.227292  0.285013  0.303548  0.302793  0.223748  0.278968 0.0  0.294156  0.254073  0.269216  0.576181  0.247418  0.296000  0.705856  0.283971  0.384275  0.263717  0.283975  0.342992  0.096001  0.220065  0.602694  0.305162  0.216658  0.242219  0.493618  0.303002  0.519568  0.209652  0.384259  0.618369  0.331164  0.231662  0.445949  0.734568  0.541234  0.178592  0.209394  0.214343  0.187003  0.715227  0.390664  0.529230  0.255596  0.217931  0.185488  0.235070  0.488660  0.329071  0.267939  0.288341  0.210170  0.410068  0.272996  0.273255  0.276619  0.315341  0.365146  0.292466  0.222864  0.281504  0.231185  0.284535  0.098077  0.307638  0.335723  0.161399  0.341490  0.628186  0.146434  0.271332  0.668648  0.277513  0.473972  0.333459  0.191214  0.246218  0.561608 
27  0.212335  0.296518  0.312902  0.225180  0.188264  0.390913  0.096647  0.188422  0.309410  0.276894  0.255499  0.341073  0.200968  0.215704  0.655967  0.447451  0.415717  0.371020  0.253844  0.132351  0.276350  0.110839  0.422826  0.051690  0.436249  0.275311  0.294156 0.0  0.247999  0.062079  0.453849  0.320665  0.264151  0.625972  0.294930  0.459377  0.046334  0.462586  0.346861  0.177189  0.069327  0.819696  0.209963  0.000000  0.048771  0.463502  0.273619  0.498431  0.207299  0.304929  0.719091  0.278561  0.000000  0.579850  0.535005  0.406645  0.350207  0.032190  0.404743  0.301348  0.635520  0.485892  0.439481  0.310953  0.395124  0.282780  0.356410  0.297665  0.383059  0.079868  0.246135  0.167965  0.662224  0.225243  0.315734  0.045842  0.426123  0.486501  0.110937  0.282399  0.364597  0.403110  0.289274  0.352873  0.194621  0.316189  0.027726  0.328525  0.588099  0.459648  0.275874  0.632532  0.380121  0.305615  0.382186  0.341120  0.312123  0.502168 
28  0.348071  0.137240  0.136198  0.089199  0.232235  0.208094  0.397553  0.459987  0.157861  0.182456  0.234199  0.163690  0.361386  0.212249  0.479250  0.741842  0.547801  0.312271  0.401180  0.344523  0.208658  0.397111  0.332687  0.371087  0.000000  0.296564  0.254073  0.247999 0.0  0.379811  0.498175  0.254195  0.414427  0.712351  0.324291  0.359388  0.272732  0.319381  0.506763  0.228127  0.217148  0.746482  0.259978  0.317125  0.324081  0.485164  0.321809  0.422829  0.069002  0.437859  0.515659  0.452628  0.178920  0.221426  0.784574  0.458044  0.219456  0.480593  0.431299  0.234821  0.449950  0.594453  0.515526  0.442858  0.169190  0.548492  0.180450  0.372247  0.221158  0.350532  0.404859  0.378360  0.544462  0.297483  0.274056  0.253380  0.404026  0.326415  0.215679  0.295649  0.248583  0.223460  0.239668  0.141169  0.282171  0.461540  0.265203  0.067273  0.658274  0.263022  0.197820  0.878067  0.407597  0.471843  0.284175  0.227256  0.462799  0.656842 
29  0.101877  0.366954  0.371695  0.362560  0.268721  0.298283  0.277874  0.229490  0.387647  0.254332  0.370222  0.271012  0.205488  0.108263  0.836597  0.547976  0.234825  0.263928  0.338027  0.169365  0.444422  0.056444  0.306092  0.124185  0.412247  0.404751  0.269216  0.062079  0.379811 0.0  0.365819  0.415755  0.427773  0.446268  0.338446  0.638470  0.284712  0.393777  0.437035  0.206337  0.150808  0.789100  0.236384  0.084322  0.133258  0.433221  0.310130  0.419237  0.297794  0.356565  0.737198  0.458014  0.141548  0.543267  0.464242  0.314284  0.448090  0.128673  0.392974  0.317801  0.770647  0.582264  0.402416  0.414742  0.412146  0.293218  0.423205  0.402617  0.372582  0.184755  0.294204  0.117839  0.566013  0.202932  0.351435  0.068627  0.411967  0.367368  0.205473  0.351177  0.379891  0.400746  0.287284  0.436568  0.086637  0.333509  0.126839  0.317554  0.776859  0.424470  0.463784  0.498487  0.399849  0.380243  0.302180  0.449339  0.384651  0.526309 
30  0.436274  0.402784  0.416608  0.387081  0.447067  0.379282  0.334378  0.493412  0.527585  0.395001  0.436098  0.445229  0.502144  0.451974  0.457367  0.548466  0.494087  0.489927  0.351708  0.482339  0.466606  0.387088  0.422270  0.464190  0.404370  0.494737  0.576181  0.453849  0.498175  0.365819 0.0  0.452174  0.586206  0.433040  0.501510  0.460710  0.458315  0.506497  0.436820  0.485836  0.442116  0.467922  0.441016  0.496452  0.462005  0.438005  0.357609  0.371730  0.516603  0.525969  0.356303  0.546440  0.578453  0.442681  0.437945  0.559298  0.465376  0.373751  0.467655  0.400310  0.439280  0.416540  0.493353  0.473158  0.499086  0.501086  0.389444  0.455210  0.481563  0.488301  0.431673  0.470281  0.469781  0.370827  0.434457  0.463338  0.375951  0.436530  0.448230  0.391158  0.388556  0.455843  0.577457  0.418415  0.490671  0.446872  0.451640  0.495398  0.434498  0.493137  0.482189  0.317654  0.440453  0.484531  0.452421  0.492847  0.435090  0.387677 
31  0.365103  0.157949  0.084788  0.170061  0.214737  0.173490  0.311887  0.382179  0.190128  0.200869  0.292337  0.236594  0.302055  0.349009  0.435038  0.720827  0.576875  0.302843  0.482766  0.334089  0.164097  0.385332  0.329839  0.348845  0.029875  0.320174  0.247418  0.320665  0.254195  0.415755  0.452174 0.0  0.325810  0.692159  0.397185  0.320327  0.301950  0.223205  0.355026  0.248683  0.287953  0.674176  0.179363  0.273538  0.320272  0.428591  0.332528  0.419567  0.054359  0.528819  0.421425  0.476311  0.309717  0.228419  0.817775  0.519968  0.126921  0.356107  0.319845  0.137131  0.333532  0.596004  0.409667  0.372980  0.130789  0.436643  0.164296  0.391050  0.212259  0.285298  0.293847  0.291490  0.553812  0.178063  0.225871  0.331544  0.491014  0.397791  0.224941  0.288111  0.184870  0.184030  0.251581  0.245473  0.327830  0.480599  0.303665  0.287137  0.571508  0.342604  0.189474  0.814862  0.365577  0.598000  0.273494  0.182313  0.509271  0.698152 
32  0.289894  0.447344  0.345804  0.531776  0.261426  0.420997  0.342958  0.409254  0.438336  0.154670  0.318293  0.380262  0.299121  0.325900  0.790432  0.728271  0.490944  0.255067  0.480893  0.379157  0.403238  0.242219  0.059489  0.323675  0.340196  0.149455  0.296000  0.264151  0.414427  0.427773  0.586206  0.325810 0.0  0.736838  0.101407  0.720339  0.323496  0.310686  0.163637  0.212231  0.322976  0.564187  0.239304  0.405278  0.282957  0.419126  0.285781  0.463495  0.217984  0.475614  0.679602  0.201223  0.242858  0.469536  0.758853  0.491831  0.478630  0.361759  0.130831  0.427095  0.768432  0.277904  0.445961  0.184863  0.405014  0.121275  0.476083  0.477259  0.429934  0.442425  0.245605  0.304411  0.346675  0.236143  0.469978  0.285391  0.178550  0.105820  0.220380  0.069006  0.483427  0.391497  0.217372  0.484704  0.346557  0.130154  0.409434  0.379331  0.840866  0.039743  0.526404  0.842127  0.205732  0.508149  0.054987  0.409448  0.195534  0.733814 
33  0.674056  0.679601  0.782164  0.717481  0.684556  0.711711  0.526835  0.422268  0.768152  0.651909  0.670648  0.767559  0.574535  0.510983  0.677477  0.004740  0.320696  0.585487  0.233278  0.399131  0.765276  0.551150  0.851547  0.553920  0.946044  0.740364  0.705856  0.625972  0.712351  0.446268  0.433040  0.692159  0.736838 0.0  0.698746  0.529031  0.536653  0.655437  0.830002  0.712095  0.538890  0.839705  0.604407  0.553450  0.414243  0.297977  0.671501  0.461268  0.739882  0.285094  0.315894  0.572453  0.505798  0.416937  0.665972  0.433690  0.646894  0.556289  0.777949  0.762001  0.723713  0.563753  0.441538  0.643881  0.699993  0.642726  0.718976  0.482685  0.742180  0.413564  0.613014  0.647067  0.549135  0.672719  0.794796  0.353328  0.814068  0.914494  0.706969  0.645412  0.715801  0.725110  0.668148  0.715783  0.641517  0.636922  0.407037  0.604770  0.741143  0.829569  0.693520  0.147541  0.666376  0.263852  0.842121  0.613294  0.624445  0.572011 
34  0.330738  0.499249  0.292363  0.505740  0.337980  0.552307  0.325304  0.440889  0.351536  0.268976  0.275667  0.513794  0.320856  0.320295  0.701444  0.714138  0.530110  0.246637  0.529839  0.398847  0.379939  0.324450  0.089693  0.377172  0.252273  0.000000  0.283971  0.294930  0.324291  0.338446  0.501510  0.397185  0.101407  0.698746 0.0  0.638742  0.240324  0.232876  0.180232  0.276961  0.374975  0.536461  0.167234  0.191704  0.192046  0.497179  0.271713  0.513394  0.304750  0.500732  0.742670  0.187092  0.368198  0.506902  0.697234  0.587768  0.461912  0.350271  0.185653  0.431625  0.707754  0.363388  0.379304  0.269159  0.418879  0.229262  0.497115  0.389509  0.466776  0.345701  0.240475  0.310585  0.318943  0.237673  0.432115  0.291361  0.063139  0.021997  0.213723  0.064998  0.461049  0.452823  0.302783  0.452325  0.282070  0.128432  0.347685  0.443978  0.878122  0.081919  0.530421  0.770082  0.225928  0.648998  0.120855  0.445619  0.202075  0.659116 
35  0.603050  0.406945  0.233984  0.365845  0.515278  0.427860  0.494078  0.675747  0.464844  0.488982  0.557313  0.431477  0.474637  0.468843  0.311101  0.470210  0.494461  0.524909  0.489918  0.658381  0.440992  0.548191  0.505314  0.645424  0.322736  0.503626  0.384275  0.459377  0.359388  0.638470  0.460710  0.320327  0.720339  0.529031  0.638742 0.0  0.420358  0.470018  0.652535  0.461752  0.556157  0.503587  0.440936  0.376307  0.537960  0.549658  0.517997  0.369794  0.338627  0.467900  0.242891  0.630237  0.572736  0.138451  0.336329  0.518327  0.307334  0.628501  0.601863  0.490052  0.253058  0.636685  0.469463  0.622837  0.394841  0.554056  0.405939  0.518877  0.358522  0.611517  0.490177  0.469599  0.676709  0.432766  0.391912  0.476093  0.567653  0.530223  0.557306  0.577281  0.367038  0.340882  0.482731  0.446244  0.564508  0.635293  0.539636  0.393604  0.361171  0.558168  0.304650  0.586890  0.668495  0.566973  0.603021  0.337774  0.591796  0.498780 
36  0.004883  0.377585  0.381571  0.286916  0.240933  0.440248  0.036810  0.122165  0.309396  0.306600  0.477629  0.272465  0.132580  0.003973  0.867265  0.594486  0.317160  0.209338  0.256935  0.193766  0.335361  0.062345  0.256072  0.088565  0.397530  0.254741  0.263717  0.046334  0.272732  0.284712  0.458315  0.301950  0.323496  0.536653  0.240324  0.420358 0.0  0.484551  0.201477  0.264678  0.160381  0.639900  0.200182  0.012273  0.201453  0.479793  0.242694  0.558654  0.406248  0.328079  0.686892  0.386271  0.011121  0.655377  0.441739  0.290074  0.309012  0.123867  0.310565  0.364220  0.962994  0.554142  0.438142  0.307625  0.311132  0.274969  0.202566  0.459926  0.238276  0.131585  0.273588  0.000000  0.623789  0.205357  0.343944  0.049019  0.362518  0.281227  0.187683  0.313427  0.365284  0.339388  0.267228  0.307509  0.155284  0.387575  0.310982  0.225415  0.719497  0.277616  0.313664  0.429159  0.280494  0.261782  0.344980  0.367407  0.305859  0.483941 
37  0.314548  0.368482  0.442276  0.339691  0.268055  0.332135  0.253412  0.454015  0.343227  0.296310  0.198604  0.439834  0.389260  0.316920  0.732949  0.768673  0.513065  0.295994  0.650067  0.377549  0.339106  0.360914  0.268465  0.443229  0.392916  0.309708  0.283975  0.462586  0.319381  0.393777  0.506497  0.223205  0.310686  0.655437  0.232876  0.470018  0.484551 0.0  0.384314  0.214449  0.349584  0.764119  0.257481  0.271272  0.461999  0.429421  0.334177  0.376988  0.426105  0.627795  0.914090  0.250901  0.394445  0.685852  0.646443  0.528351  0.296430  0.375696  0.414587  0.257853  0.867095  0.619622  0.523710  0.309284  0.359099  0.359982  0.326732  0.424412  0.345237  0.260923  0.252465  0.325237  0.560863  0.244691  0.279328  0.268598  0.408474  0.403550  0.203099  0.332436  0.364336  0.489049  0.294355  0.247100  0.343818  0.330136  0.439162  0.373078  0.675077  0.323924  0.417211  0.824426  0.399140  0.584873  0.309536  0.307791  0.227872  0.745895 
38  0.320598  0.391867  0.322311  0.457060  0.252436  0.472455  0.366367  0.447440  0.487023  0.231874  0.308723  0.463833  0.406761  0.326428  0.816524  0.634178  0.517025  0.335846  0.523602  0.305804  0.371571  0.359895  0.038925  0.390131  0.330329  0.020738  0.342992  0.346861  0.506763  0.437035  0.436820  0.355026  0.163637  0.830002  0.180232  0.652535  0.201477  0.384314 0.0  0.417540  0.317176  0.360302  0.232599  0.206426  0.360919  0.389133  0.251360  0.548072  0.303889  0.556354  0.776538  0.307045  0.278738  0.522275  0.728988  0.654769  0.446787  0.272077  0.100686  0.451162  0.831149  0.356520  0.452757  0.245089  0.346789  0.198041  0.434841  0.484420  0.480100  0.257825  0.239095  0.415170  0.290757  0.238225  0.432449  0.307804  0.166346  0.107575  0.144126  0.196790  0.400045  0.484006  0.237849  0.474504  0.381096  0.233337  0.351444  0.455232  0.803994  0.000000  0.412905  0.690967  0.137446  0.534005  0.000000  0.462628  0.121235  0.816744 
39  0.292662  0.182471  0.293880  0.248786  0.288193  0.243794  0.255719  0.372863  0.102957  0.216400  0.195434  0.246013  0.304862  0.246082  0.663333  0.492745  0.384154  0.264707  0.443622  0.372900  0.272861  0.237833  0.115115  0.197634  0.311831  0.258084  0.096001  0.177189  0.228127  0.206337  0.485836  0.248683  0.212231  0.712095  0.276961  0.461752  0.264678  0.214449  0.417540 0.0  0.223472  0.684892  0.256081  0.226352  0.172341  0.411261  0.242434  0.433659  0.314659  0.425611  0.680938  0.219008  0.333392  0.432472  0.666008  0.444717  0.283338  0.194576  0.176793  0.273294  0.557687  0.486337  0.389081  0.341260  0.298986  0.190448  0.268776  0.502723  0.395808  0.302123  0.328327  0.178554  0.428862  0.260610  0.234053  0.184617  0.206656  0.235969  0.298691  0.273726  0.243616  0.340793  0.404332  0.187271  0.176334  0.179762  0.290023  0.326746  0.584103  0.139051  0.253556  0.690441  0.111199  0.498041  0.207011  0.307209  0.182429  0.594391 
