98
0 0.0  0.244560  0.460967  0.188380  0.291148  0.278974  0.748328  0.721155  0.397506  0.202723  0.098428  0.324901  0.283310  0.440710  0.412945  0.423693  0.367079  0.141310  0.443629  0.100495  0.234066  0.262907  0.610640  0.430228  0.467880  0.586785  0.302890  0.432304  0.473128  0.351273  0.417586  0.599981  0.353947  0.197343  0.526217  0.291656  0.268053  0.032015  0.451431  0.295419  0.412675  0.416621  0.112068  0.117030  0.078306  0.305380  0.296001  0.455352  0.277626  0.345440  0.364722  0.340277  0.593910  0.178453  0.343927  0.608715  0.257869  0.099660  0.293049  0.396843  0.176767  0.722027  0.145168  0.508639  0.411576  0.441082  0.169792  0.628239  0.469199  0.339701  0.421257  0.417843  0.411288  0.235152  0.567152  0.111644  0.273995  0.238891  0.165583  0.455293  0.403935  0.488067  0.481075  0.235304  0.000000  0.793114  0.296438  0.385980  0.150291  0.508748  0.303319  0.413713  0.788953  0.289485  0.279269  0.285937  0.617803  0.137015 
1  0.244560 0.0  0.358920  0.429122  0.481095  0.220852  0.743578  0.618348  0.410649  0.222636  0.333561  0.527963  0.343200  0.358082  0.496481  0.416889  0.174726  0.341562  0.400713  0.246201  0.432082  0.337483  0.567777  0.391628  0.481432  0.379624  0.028554  0.410410  0.000000  0.205977  0.045017  0.621019  0.459134  0.320336  0.317165  0.291316  0.247907  0.373243  0.045434  0.330904  0.043043  0.112157  0.311373  0.239148  0.275295  0.523203  0.373171  0.747093  0.280691  0.387650  0.424653  0.450336  0.540706  0.308689  0.374602  0.701987  0.243455  0.430492  0.348421  0.493086  0.305035  0.797620  0.378284  0.097461  0.082512  0.564397  0.338390  0.259357  0.051713  0.111741  0.378389  0.344712  0.548388  0.204566  0.000000  0.337741  0.092544  0.402603  0.371489  0.647029  0.387057  0.487501  0.467856  0.170694  0.468063  0.661068  0.373697  0.089350  0.300255  0.581187  0.297075  0.168564  0.667981  0.311378  0.290357  0.330293  0.672776  0.404527 
2  0.460967  0.358920 0.0  0.260639  0.000000  0.155625  0.482858  0.820138  0.116652  0.345734  0.341283  0.021063  0.056993  0.151107  0.079535  0.161317  0.232574  0.208436  0.133735  0.222809  0.237979  0.359267  0.394328  0.166425  0.049239  0.588348  0.336985  0.085015  0.287011  0.447492  0.345179  0.304484  0.512507  0.291662  0.164101  0.025774  0.276705  0.419571  0.347252  0.272944  0.356133  0.315372  0.379988  0.359804  0.253176  0.516974  0.130892  0.782206  0.049852  0.071553  0.416170  0.146941  0.232808  0.494196  0.000000  0.331393  0.324687  0.285242  0.396118  0.085126  0.423276  0.435022  0.345946  0.327917  0.286288  0.411656  0.282619  0.669389  0.340777  0.342418  0.127108  0.000000  0.437417  0.279995  0.318448  0.319037  0.348118  0.346837  0.464847  0.683619  0.017519  0.565118  0.548626  0.326436  0.358610  0.498304  0.419946  0.435212  0.288990  0.213599  0.000000  0.440428  0.780810  0.286144  0.216071  0.042702  0.206584  0.385105 
3  0.188380  0.429122  0.260639 0.0  0.381366  0.308675  0.753731  0.758315  0.508593  0.286645  0.000000  0.270282  0.408258  0.357997  0.291994  0.439126  0.332457  0.262311  0.407305  0.207195  0.291841  0.290498  0.563180  0.487183  0.485711  0.686452  0.308125  0.404555  0.513200  0.367771  0.427231  0.601551  0.435639  0.163770  0.436140  0.335395  0.332789  0.050097  0.408102  0.160088  0.383582  0.380593  0.164431  0.258560  0.249910  0.274951  0.326404  0.465763  0.338698  0.374920  0.485485  0.339515  0.663906  0.199494  0.304978  0.490451  0.235221  0.142631  0.188466  0.337931  0.138611  0.731856  0.161238  0.424093  0.418825  0.484880  0.192837  0.673502  0.481414  0.395673  0.315440  0.528614  0.395399  0.361666  0.444629  0.213683  0.323138  0.218271  0.203351  0.327366  0.327295  0.391506  0.476260  0.314547  0.043523  0.786140  0.179797  0.386646  0.177228  0.579667  0.273082  0.451488  0.817490  0.234342  0.212029  0.311709  0.468745  0.275422 
4  0.291148  0.481095  0.000000  0.381366 0.0  0.257774  0.456569  0.811982  0.206539  0.302036  0.284721  0.173643  0.000000  0.085425  0.155416  0.115922  0.257315  0.266783  0.102474  0.429411  0.275050  0.289107  0.256693  0.135394  0.143433  0.692222  0.314724  0.096814  0.306658  0.309457  0.284030  0.427190  0.450390  0.428512  0.148561  0.120798  0.274663  0.171419  0.352488  0.293838  0.383878  0.317592  0.362258  0.301058  0.358331  0.540395  0.140242  0.670306  0.107009  0.177742  0.472892  0.195996  0.181693  0.412820  0.120485  0.439590  0.370168  0.393318  0.343316  0.208335  0.413628  0.632866  0.318244  0.326255  0.423561  0.488308  0.361860  0.584953  0.317939  0.466665  0.000000  0.021875  0.422920  0.340814  0.448134  0.326990  0.313998  0.347317  0.424779  0.537076  0.168646  0.568370  0.603720  0.385950  0.434431  0.645705  0.345203  0.504339  0.281468  0.258840  0.037239  0.368904  0.747704  0.309776  0.229466  0.068282  0.454266  0.291750 
5  0.278974  0.220852  0.155625  0.308675  0.257774 0.0  0.644523  0.709747  0.217131  0.281084  0.312739  0.264843  0.237828  0.284510  0.229930  0.268114  0.161380  0.319812  0.215064  0.247413  0.236326  0.261890  0.377537  0.315493  0.329503  0.535223  0.226209  0.289151  0.331805  0.409263  0.286524  0.478476  0.481766  0.334184  0.275760  0.352326  0.237525  0.199844  0.298431  0.290001  0.281199  0.239000  0.239931  0.224819  0.260510  0.506551  0.224184  0.723780  0.327993  0.214582  0.551348  0.295301  0.490417  0.254064  0.238167  0.480632  0.285036  0.396880  0.305172  0.269684  0.187541  0.798500  0.347476  0.287526  0.230111  0.495429  0.205403  0.443602  0.239744  0.271404  0.203925  0.222782  0.452101  0.362241  0.319110  0.348076  0.257356  0.277024  0.258854  0.439568  0.270277  0.514981  0.462148  0.295162  0.199200  0.765136  0.215704  0.304704  0.342448  0.584356  0.259095  0.294394  0.625958  0.348719  0.252345  0.294435  0.451689  0.219650 
6  0.748328  0.743578  0.482858  0.753731  0.456569  0.644523 0.0  0.670444  0.531247  0.735082  0.909353  0.325410  0.576151  0.557482  0.539314  0.601668  0.667564  0.766677  0.592136  0.809210  0.737893  0.703529  0.279869  0.658661  0.539046  0.528950  0.885367  0.495343  0.698102  0.681844  0.692216  0.278134  0.555772  0.766412  0.498572  0.575307  0.670321  0.760254  0.749262  0.682339  0.773513  0.782545  0.785077  0.666549  0.657573  0.738205  0.422838  0.813259  0.511728  0.648117  0.491222  0.470764  0.270680  0.778185  0.770404  0.390793  0.579562  0.786689  0.699795  0.488350  0.740294  0.566026  0.716084  0.771594  0.842897  0.537673  0.678468  0.582749  0.733035  0.867109  0.396117  0.510058  0.476604  0.645175  0.747084  0.738111  0.678323  0.702965  0.800503  0.554340  0.597683  0.500487  0.595019  0.835809  0.701659  0.014391  0.678850  0.903288  0.761532  0.395309  0.597779  0.700946  0.867918  0.634376  0.656881  0.591623  0.266859  0.694183 
7  0.721155  0.618348  0.820138  0.758315  0.811982  0.709747  0.670444 0.0  0.854715  0.672374  0.845473  0.878302  0.796798  0.818304  1.000000  0.888304  0.732180  0.629081  0.837334  0.729985  0.703593  0.849594  0.513937  0.877443  0.804953  0.287234  0.462890  0.843508  0.528449  0.489678  0.498267  0.630596  0.510989  0.690611  0.816092  0.664456  0.738443  0.711181  0.574582  0.781253  0.538154  0.572423  0.820595  0.712832  0.700596  0.563086  0.834978  0.408600  0.714622  0.684954  0.524792  0.864777  0.557717  0.812085  0.789067  0.751982  0.683919  0.730546  0.673638  0.852300  0.700985  0.529118  0.700467  0.549884  0.442031  0.445265  0.670679  0.340962  0.427989  0.589886  0.768518  0.736580  0.577465  0.799428  0.418987  0.690001  0.445748  0.732233  0.720124  0.560122  0.807368  0.441017  0.477784  0.598267  0.879546  0.848395  0.675063  0.525249  0.778827  0.544924  0.697983  0.525870  0.120813  0.722070  0.662033  0.727147  0.631149  0.792725 
8  0.397506  0.410649  0.116652  0.508593  0.206539  0.217131  0.531247  0.854715 0.0  0.219209  0.445638  0.148457  0.138009  0.087348  0.219991  0.129513  0.226412  0.397557  0.047676  0.448975  0.429008  0.415527  0.364166  0.233367  0.188909  0.758493  0.521969  0.192575  0.366788  0.313860  0.473778  0.292382  0.599271  0.447856  0.093512  0.090169  0.200438  0.332585  0.384656  0.313859  0.410236  0.414603  0.355017  0.449541  0.317924  0.564953  0.135403  0.823281  0.167715  0.243379  0.399550  0.113826  0.414213  0.378460  0.098718  0.361854  0.304462  0.386684  0.399610  0.108891  0.438789  0.501761  0.466974  0.457962  0.326250  0.391475  0.324090  0.535927  0.453147  0.351513  0.178743  0.189902  0.651076  0.171469  0.469712  0.432951  0.332453  0.426726  0.477752  0.572388  0.142549  0.549536  0.634512  0.483643  0.422976  0.580110  0.378246  0.416056  0.367840  0.372325  0.049284  0.410500  0.867711  0.230365  0.228644  0.251969  0.383167  0.428154 
9  0.202723  0.222636  0.345734  0.286645  0.302036  0.281084  0.735082  0.672374  0.219209 0.0  0.226952  0.374772  0.304927  0.281917  0.287831  0.306882  0.337250  0.270355  0.314170  0.333743  0.314637  0.285945  0.408134  0.240690  0.405945  0.527582  0.299648  0.300576  0.236360  0.324449  0.218859  0.523525  0.447573  0.321418  0.280298  0.239206  0.354372  0.228704  0.316696  0.325189  0.313444  0.216628  0.210192  0.293440  0.231608  0.427954  0.282111  0.592507  0.252517  0.177651  0.462947  0.298667  0.437763  0.408423  0.223463  0.521519  0.195667  0.322048  0.232010  0.320420  0.215343  0.672467  0.244904  0.214920  0.227422  0.536647  0.252582  0.506682  0.220153  0.349278  0.243061  0.222542  0.449329  0.259190  0.190586  0.240575  0.252834  0.302778  0.126697  0.470259  0.253248  0.440626  0.481704  0.167034  0.367166  0.614187  0.391902  0.183785  0.311895  0.498448  0.230753  0.327029  0.636843  0.280051  0.247892  0.227255  0.480026  0.231025 
10  0.098428  0.333561  0.341283  0.000000  0.284721  0.312739  0.909353  0.845473  0.445638  0.226952 0.0  0.303560  0.406858  0.438013  0.421739  0.376199  0.292465  0.000000  0.379282  0.100197  0.085503  0.116872  0.578007  0.338414  0.540489  0.564755  0.434357  0.394192  0.395764  0.421371  0.312572  0.596481  0.250108  0.038585  0.364053  0.454242  0.168437  0.243026  0.479031  0.084244  0.478978  0.471178  0.000000  0.023636  0.128374  0.294316  0.375995  0.633897  0.397192  0.397468  0.461970  0.302497  0.665578  0.086287  0.386661  0.546339  0.360845  0.035680  0.035786  0.441713  0.058664  0.697770  0.000000  0.312064  0.433204  0.410186  0.000000  0.609384  0.282394  0.378520  0.389605  0.549985  0.316467  0.277335  0.310015  0.069950  0.372051  0.133859  0.113569  0.270292  0.294689  0.545624  0.351922  0.308610  0.104897  0.840221  0.127350  0.353513  0.000000  0.671019  0.485908  0.431508  0.731200  0.207262  0.300389  0.415273  0.589579  0.027161 
11  0.324901  0.527963  0.021063  0.270282  0.173643  0.264843  0.325410  0.878302  0.148457  0.374772  0.303560 0.0  0.042973  0.216133  0.151528  0.062134  0.197736  0.351530  0.147866  0.413940  0.359523  0.379847  0.385251  0.075126  0.064565  0.617621  0.342790  0.100536  0.312692  0.372656  0.262331  0.408786  0.454157  0.335355  0.093872  0.000000  0.153356  0.335938  0.383372  0.385792  0.339903  0.460699  0.350779  0.261357  0.219650  0.503252  0.101015  0.754082  0.001767  0.000000  0.393902  0.240920  0.242000  0.214447  0.018191  0.374555  0.307216  0.305262  0.239710  0.241464  0.329626  0.630858  0.277971  0.279225  0.372632  0.479011  0.358943  0.641344  0.316942  0.471968  0.078817  0.073697  0.488575  0.247209  0.278715  0.345503  0.372354  0.291791  0.396220  0.476900  0.134155  0.471771  0.551162  0.487179  0.464739  0.519707  0.365298  0.356849  0.443313  0.402841  0.000000  0.417267  0.789273  0.276858  0.168652  0.000000  0.403446  0.359965 
12  0.283310  0.343200  0.056993  0.408258  0.000000  0.237828  0.576151  0.796798  0.138009  0.304927  0.406858  0.042973 0.0  0.137737  0.089188  0.202147  0.146077  0.330463  0.150743  0.440712  0.362170  0.308203  0.346128  0.152450  0.136326  0.650533  0.550210  0.032960  0.274767  0.309002  0.276547  0.203665  0.539420  0.403054  0.159543  0.191420  0.184134  0.478207  0.402058  0.300675  0.449388  0.441675  0.301759  0.281116  0.331009  0.721247  0.057049  0.974458  0.077245  0.124052  0.466522  0.069755  0.467271  0.323175  0.154885  0.231869  0.233811  0.398404  0.396683  0.081356  0.388113  0.542914  0.356231  0.372866  0.363167  0.446219  0.249862  0.610172  0.339081  0.287851  0.067302  0.215512  0.521759  0.268552  0.279590  0.465022  0.365646  0.369182  0.273392  0.495398  0.186436  0.435290  0.469643  0.308050  0.341819  0.519104  0.254130  0.380067  0.325679  0.361136  0.225850  0.419693  0.783510  0.273283  0.281157  0.161364  0.238757  0.294324 
13  0.440710  0.358082  0.151107  0.357997  0.085425  0.284510  0.557482  0.818304  0.087348  0.281917  0.438013  0.216133  0.137737 0.0  0.056553  0.112274  0.194314  0.432567  0.232115  0.357357  0.405037  0.314571  0.302355  0.133795  0.151747  0.556353  0.432947  0.057093  0.423808  0.405735  0.370692  0.353744  0.546608  0.366850  0.177840  0.124473  0.330097  0.413409  0.276557  0.378447  0.414816  0.424774  0.360638  0.380437  0.344835  0.589529  0.071844  0.791687  0.094914  0.151770  0.392732  0.062621  0.341074  0.388708  0.092912  0.254008  0.276147  0.312896  0.464881  0.169140  0.435689  0.485152  0.356876  0.410850  0.387502  0.410610  0.428450  0.577463  0.305355  0.463936  0.004628  0.111948  0.703226  0.338832  0.378643  0.407286  0.316375  0.453176  0.498580  0.673538  0.088087  0.497137  0.717170  0.362333  0.345736  0.401398  0.369617  0.357654  0.381590  0.321826  0.086341  0.365570  0.815673  0.282553  0.267299  0.097191  0.289073  0.314006 
14  0.412945  0.496481  0.079535  0.291994  0.155416  0.229930  0.539314  1.000000  0.219991  0.287831  0.421739  0.151528  0.089188  0.056553 0.0  0.080185  0.242076  0.355665  0.140256  0.270704  0.357113  0.301919  0.335010  0.281142  0.063085  0.704431  0.316774  0.139987  0.347101  0.298442  0.397103  0.408218  0.597671  0.350188  0.126392  0.094503  0.207923  0.338715  0.381244  0.275362  0.510213  0.255655  0.291078  0.398454  0.461384  0.631508  0.058832  0.669048  0.019496  0.000000  0.356254  0.181391  0.333658  0.361000  0.000000  0.464791  0.294010  0.256644  0.323105  0.188177  0.250294  0.641811  0.347282  0.313490  0.335282  0.416317  0.173068  0.599367  0.414600  0.397174  0.104042  0.080416  0.442914  0.299955  0.315275  0.397109  0.391761  0.305442  0.290544  0.607952  0.256924  0.439121  0.563500  0.509938  0.418591  0.518564  0.264524  0.486266  0.328816  0.316747  0.000000  0.387075  0.814516  0.369958  0.408208  0.171562  0.374093  0.418722 
15  0.423693  0.416889  0.161317  0.439126  0.115922  0.268114  0.601668  0.888304  0.129513  0.306882  0.376199  0.062134  0.202147  0.112274  0.080185 0.0  0.238583  0.406796  0.176297  0.473650  0.507585  0.425530  0.345151  0.174263  0.248485  0.670725  0.415934  0.143315  0.371402  0.438462  0.431932  0.349606  0.536639  0.362906  0.188353  0.230903  0.227357  0.552990  0.368146  0.315857  0.452533  0.394049  0.465672  0.437868  0.426429  0.583775  0.165358  0.805675  0.156679  0.224332  0.445136  0.097947  0.442331  0.393801  0.206363  0.429378  0.269724  0.470990  0.436237  0.161877  0.407083  0.511299  0.372279  0.519438  0.494629  0.486245  0.496309  0.684114  0.383329  0.333515  0.137122  0.180889  0.487819  0.208388  0.359999  0.354876  0.316135  0.502845  0.410111  0.617988  0.189473  0.445722  0.642616  0.346016  0.446365  0.495735  0.433581  0.489814  0.342885  0.368427  0.095133  0.346071  0.774901  0.171965  0.297573  0.165632  0.308665  0.346646 
16  0.367079  0.174726  0.232574  0.332457  0.257315  0.161380  0.667564  0.732180  0.226412  0.337250  0.292465  0.197736  0.146077  0.194314  0.242076  0.238583 0.0  0.320653  0.263192  0.181911  0.276192  0.265306  0.522412  0.253251  0.242384  0.438724  0.292017  0.259852  0.280675  0.308801  0.177233  0.530591  0.400281  0.309123  0.320388  0.291080  0.165307  0.250081  0.280244  0.227016  0.368151  0.229087  0.281915  0.293993  0.204901  0.482744  0.230321  0.710282  0.269332  0.368235  0.558723  0.344907  0.513607  0.173568  0.228827  0.407694  0.274286  0.321531  0.268664  0.300790  0.304702  0.631166  0.278105  0.346686  0.301276  0.442515  0.192812  0.410893  0.267901  0.279977  0.185799  0.236873  0.396351  0.251978  0.337547  0.257950  0.301195  0.402193  0.277869  0.540844  0.313218  0.409501  0.514871  0.225191  0.212867  0.658666  0.250578  0.281266  0.298901  0.413565  0.309832  0.266552  0.695174  0.212186  0.268152  0.194978  0.539985  0.179383 
17  0.141310  0.341562  0.208436  0.262311  0.266783  0.319812  0.766677  0.629081  0.397557  0.270355  0.000000  0.351530  0.330463  0.432567  0.355665  0.406796  0.320653 0.0  0.428553  0.210821  0.217563  0.182531  0.645227  0.371021  0.363602  0.615710  0.345022  0.282059  0.465272  0.402794  0.323425  0.534358  0.374667  0.194165  0.440475  0.266273  0.306432  0.030308  0.485319  0.215257  0.410890  0.335469  0.135808  0.052500  0.176761  0.279014  0.457185  0.539221  0.314260  0.451066  0.529038  0.384590  0.558335  0.142303  0.382382  0.542694  0.311637  0.261651  0.212420  0.385199  0.224232  0.764265  0.272952  0.563133  0.369883  0.586170  0.234752  0.749140  0.438728  0.353522  0.335120  0.286571  0.478353  0.336856  0.432074  0.170341  0.304781  0.221454  0.206143  0.421904  0.229021  0.396285  0.489188  0.343027  0.100280  0.636940  0.199477  0.339993  0.192337  0.597904  0.382231  0.448044  0.692181  0.265218  0.286218  0.347353  0.510696  0.205796 
18  0.443629  0.400713  0.133735  0.407305  0.102474  0.215064  0.592136  0.837334  0.047676  0.314170  0.379282  0.147866  0.150743  0.232115  0.140256  0.176297  0.263192  0.428553 0.0  0.495374  0.423699  0.443929  0.210966  0.000000  0.141154  0.673405  0.470777  0.248535  0.378053  0.405254  0.395955  0.305687  0.574257  0.419967  0.093462  0.130990  0.152548  0.356097  0.478130  0.447498  0.321266  0.483247  0.405983  0.326416  0.438656  0.677965  0.101345  0.894844  0.181707  0.012249  0.455581  0.119104  0.386799  0.374217  0.077035  0.370679  0.289375  0.388920  0.448088  0.158367  0.455707  0.525239  0.299183  0.382757  0.452651  0.501372  0.444040  0.645393  0.366480  0.396619  0.147131  0.188024  0.621469  0.303463  0.407762  0.303651  0.401803  0.439475  0.525054  0.526156  0.143040  0.467342  0.577998  0.467820  0.319003  0.571960  0.403407  0.451094  0.349745  0.212908  0.180179  0.362360  0.820946  0.313008  0.302133  0.178546  0.436788  0.482280 
19  0.100495  0.246201  0.222809  0.207195  0.429411  0.247413  0.809210  0.729985  0.448975  0.333743  0.100197  0.413940  0.440712  0.357357  0.270704  0.473650  0.181911  0.210821  0.495374 0.0  0.173869  0.205115  0.610217  0.454971  0.457915  0.519164  0.286397  0.475158  0.492477  0.415112  0.402255  0.545786  0.375843  0.236499  0.254688  0.343341  0.311849  0.025268  0.385109  0.113446  0.369073  0.410002  0.229376  0.126605  0.172889  0.269890  0.255636  0.384226  0.254403  0.422438  0.396291  0.264594  0.593212  0.246884  0.350334  0.538368  0.261859  0.209894  0.193674  0.389353  0.258872  0.768230  0.188681  0.508234  0.425216  0.554088  0.236529  0.515424  0.357802  0.326063  0.313606  0.324261  0.410382  0.327472  0.520175  0.112030  0.374791  0.258950  0.185661  0.487531  0.423860  0.523993  0.395357  0.290965  0.076190  0.791771  0.219873  0.369724  0.233558  0.668117  0.360546  0.384471  0.813451  0.243490  0.327170  0.288602  0.484635  0.178952 
20  0.234066  0.432082  0.237979  0.291841  0.275050  0.236326  0.737893  0.703593  0.429008  0.314637  0.085503  0.359523  0.362170  0.405037  0.357113  0.507585  0.276192  0.217563  0.423699  0.173869 0.0  0.177233  0.606771  0.374377  0.350200  0.592965  0.272391  0.294214  0.457754  0.348657  0.435306  0.644720  0.441006  0.304367  0.383147  0.309803  0.332225  0.159099  0.494889  0.257201  0.345386  0.389174  0.171716  0.275182  0.215168  0.289968  0.294641  0.542840  0.469446  0.145927  0.476123  0.321013  0.510862  0.119258  0.194158  0.608223  0.246050  0.100002  0.235089  0.376795  0.187090  0.743541  0.271271  0.391098  0.492136  0.510990  0.210132  0.680715  0.336013  0.327851  0.299595  0.313430  0.504857  0.231573  0.499998  0.245954  0.347995  0.237017  0.170261  0.463804  0.302985  0.369682  0.332953  0.331258  0.093095  0.758236  0.382841  0.402801  0.136896  0.534440  0.328554  0.328217  0.830085  0.283191  0.220190  0.407510  0.611201  0.112873 
21  0.262907  0.337483  0.359267  0.290498  0.289107  0.261890  0.703529  0.849594  0.415527  0.285945  0.116872  0.379847  0.308203  0.314571  0.301919  0.425530  0.265306  0.182531  0.443929  0.205115  0.177233 0.0  0.622134  0.466545  0.449997  0.622815  0.265895  0.389666  0.513649  0.376438  0.441930  0.642521  0.393419  0.116351  0.311110  0.407179  0.228466  0.046286  0.458267  0.201314  0.459393  0.462804  0.186092  0.206387  0.293072  0.342087  0.293946  0.515211  0.428058  0.332419  0.521471  0.367453  0.535846  0.117996  0.364412  0.543299  0.281719  0.253693  0.224903  0.413258  0.232452  0.686576  0.222901  0.561562  0.427767  0.510749  0.101679  0.599870  0.398934  0.257458  0.305034  0.475408  0.395831  0.215310  0.437084  0.193310  0.419475  0.354553  0.121421  0.452106  0.372401  0.399830  0.378428  0.322145  0.047178  0.770236  0.219959  0.352326  0.211954  0.539060  0.382441  0.437941  0.783851  0.274431  0.329999  0.340867  0.456845  0.111454 
22  0.610640  0.567777  0.394328  0.563180  0.256693  0.377537  0.279869  0.513937  0.364166  0.408134  0.578007  0.385251  0.346128  0.302355  0.335010  0.345151  0.522412  0.645227  0.210966  0.610217  0.606771  0.622134 0.0  0.428128  0.323566  0.563596  0.529836  0.378039  0.626026  0.577425  0.505735  0.417196  0.509435  0.621981  0.277764  0.382149  0.392087  0.509051  0.718872  0.564182  0.548109  0.602567  0.622859  0.586450  0.522819  0.655127  0.292420  0.621763  0.413812  0.276755  0.455205  0.416499  0.382588  0.602956  0.446467  0.228901  0.534620  0.572424  0.535099  0.283821  0.630669  0.308770  0.568831  0.692365  0.676188  0.311316  0.623292  0.705349  0.612017  0.518203  0.327512  0.301160  0.661560  0.461920  0.695622  0.546891  0.556174  0.680732  0.587418  0.590908  0.287441  0.453564  0.691918  0.605050  0.723189  0.362495  0.539623  0.576302  0.708747  0.399863  0.307275  0.570191  0.526330  0.495873  0.438493  0.365022  0.354835  0.601870 
23  0.430228  0.391628  0.166425  0.487183  0.135394  0.315493  0.658661  0.877443  0.233367  0.240690  0.338414  0.075126  0.152450  0.133795  0.281142  0.174263  0.253251  0.371021  0.000000  0.454971  0.374377  0.466545  0.428128 0.0  0.192653  0.595305  0.299278  0.163362  0.440088  0.399988  0.368477  0.356935  0.679832  0.341822  0.182160  0.221662  0.204964  0.371844  0.327702  0.394690  0.341767  0.403382  0.375853  0.393697  0.302875  0.652224  0.062889  0.778637  0.184846  0.071362  0.424229  0.174372  0.343379  0.402685  0.158990  0.325689  0.287849  0.314456  0.412438  0.247778  0.446793  0.622403  0.438656  0.458503  0.334879  0.487066  0.322211  0.632017  0.342541  0.397582  0.153800  0.111831  0.593700  0.258126  0.417394  0.319049  0.468205  0.358847  0.356185  0.556625  0.204792  0.430676  0.596504  0.507522  0.507076  0.466366  0.509101  0.465812  0.286879  0.360315  0.158514  0.380982  0.868971  0.300238  0.249254  0.092152  0.328373  0.385194 
24  0.467880  0.481432  0.049239  0.485711  0.143433  0.329503  0.539046  0.804953  0.188909  0.405945  0.540489  0.064565  0.136326  0.151747  0.063085  0.248485  0.242384  0.363602  0.141154  0.457915  0.350200  0.449997  0.323566  0.192653 0.0  0.637644  0.426236  0.159414  0.364227  0.436027  0.482470  0.413731  0.538297  0.442981  0.108896  0.136594  0.315952  0.414843  0.452773  0.400187  0.403226  0.360766  0.467709  0.395956  0.454990  0.589975  0.089993  0.869742  0.031405  0.140833  0.394959  0.208747  0.346019  0.402495  0.146696  0.340438  0.294992  0.356138  0.472130  0.250670  0.421172  0.522925  0.362437  0.353537  0.354764  0.626921  0.449162  0.680676  0.393612  0.396843  0.115231  0.153294  0.668861  0.207335  0.321598  0.313583  0.459803  0.422370  0.503037  0.667183  0.084507  0.556887  0.591459  0.397776  0.371286  0.523494  0.409038  0.469940  0.304055  0.354435  0.244614  0.393745  0.678545  0.244969  0.177229  0.265260  0.362910  0.444639 
25  0.586785  0.379624  0.588348  0.686452  0.692222  0.535223  0.528950  0.287234  0.758493  0.527582  0.564755  0.617621  0.650533  0.556353  0.704431  0.670725  0.438724  0.615710  0.673405  0.519164  0.592965  0.622815  0.563596  0.595305  0.637644 0.0  0.327734  0.589783  0.382734  0.268201  0.340263  0.463117  0.562909  0.674071  0.471118  0.686674  0.412619  0.633947  0.403027  0.620338  0.392647  0.385202  0.548376  0.624773  0.639714  0.626882  0.489680  0.559290  0.660823  0.607226  0.492885  0.599701  0.586914  0.588915  0.545537  0.566810  0.404177  0.680753  0.618153  0.552390  0.546934  0.532935  0.553692  0.380841  0.376532  0.502838  0.660522  0.345750  0.288384  0.330545  0.718891  0.698754  0.578694  0.376221  0.261031  0.408781  0.324574  0.589554  0.680190  0.636120  0.616996  0.487311  0.519834  0.276657  0.588697  0.611267  0.708857  0.369034  0.657404  0.568664  0.489725  0.341869  0.269086  0.401574  0.519538  0.604413  0.620740  0.630579 
26  0.302890  0.028554  0.336985  0.308125  0.314724  0.226209  0.885367  0.462890  0.521969  0.299648  0.434357  0.342790  0.550210  0.432947  0.316774  0.415934  0.292017  0.345022  0.470777  0.286397  0.272391  0.265895  0.529836  0.299278  0.426236  0.327734 0.0  0.468959  0.025594  0.069916  0.007880  0.551621  0.436046  0.299266  0.381236  0.511015  0.226409  0.454004  0.071626  0.389698  0.161870  0.145015  0.436636  0.358604  0.279598  0.639773  0.398353  0.898914  0.337222  0.422395  0.486204  0.299416  0.581748  0.279970  0.535894  0.588504  0.257347  0.364491  0.318369  0.264721  0.409523  0.802616  0.248539  0.120334  0.061367  0.487126  0.287432  0.367536  0.094791  0.022644  0.399470  0.374955  0.507056  0.285004  0.120275  0.256576  0.003839  0.433027  0.355459  0.507779  0.390024  0.438901  0.522132  0.083675  0.380493  0.861661  0.280926  0.179558  0.316675  0.643808  0.465806  0.157056  0.546865  0.261454  0.479904  0.376996  0.490636  0.369845 
27  0.432304  0.410410  0.085015  0.404555  0.096814  0.289151  0.495343  0.843508  0.192575  0.300576  0.394192  0.100536  0.032960  0.057093  0.139987  0.143315  0.259852  0.282059  0.248535  0.475158  0.294214  0.389666  0.378039  0.163362  0.159414  0.589783  0.468959 0.0  0.342794  0.261216  0.501918  0.357159  0.596474  0.420955  0.096694  0.196650  0.319211  0.306056  0.460491  0.450241  0.429708  0.410832  0.405187  0.443619  0.377781  0.566254  0.177034  0.853260  0.162227  0.116034  0.456168  0.120401  0.291203  0.431692  0.097530  0.400573  0.375878  0.451486  0.418291  0.114930  0.416351  0.535032  0.432809  0.367682  0.348931  0.450234  0.417247  0.580943  0.351909  0.350647  0.099239  0.158468  0.737141  0.162547  0.362414  0.449711  0.382651  0.329737  0.453090  0.680110  0.163377  0.490264  0.686558  0.275354  0.468679  0.551499  0.422639  0.356406  0.404249  0.269612  0.125155  0.342753  0.940871  0.280527  0.344113  0.126059  0.405960  0.463693 
28  0.473128  0.000000  0.287011  0.513200  0.306658  0.331805  0.698102  0.528449  0.366788  0.236360  0.395764  0.312692  0.274767  0.423808  0.347101  0.371402  0.280675  0.465272  0.378053  0.492477  0.457754  0.513649  0.626026  0.440088  0.364227  0.382734  0.025594  0.342794 0.0  0.148134  0.292120  0.614359  0.648651  0.448702  0.225734  0.313258  0.220626  0.218034  0.206109  0.408075  0.134466  0.152980  0.525726  0.428983  0.559297  0.559327  0.366974  0.764793  0.326464  0.343808  0.452242  0.306763  0.586108  0.581919  0.357691  0.640836  0.272442  0.560772  0.424398  0.408630  0.491086  0.728826  0.522193  0.320926  0.146862  0.488888  0.431537  0.336244  0.278655  0.077345  0.266438  0.298837  0.717440  0.316470  0.155523  0.439329  0.090399  0.424714  0.490301  0.634750  0.319861  0.505809  0.725867  0.090310  0.267264  0.662110  0.520641  0.114776  0.379988  0.497578  0.389043  0.025952  0.589294  0.403149  0.211394  0.319192  0.546081  0.543184 
29  0.351273  0.205977  0.447492  0.367771  0.309457  0.409263  0.681844  0.489678  0.313860  0.324449  0.421371  0.372656  0.309002  0.405735  0.298442  0.438462  0.308801  0.402794  0.405254  0.415112  0.348657  0.376438  0.577425  0.399988  0.436027  0.268201  0.069916  0.261216  0.148134 0.0  0.019588  0.515924  0.614268  0.280277  0.469300  0.324983  0.306399  0.250713  0.025488  0.410716  0.081444  0.091899  0.346809  0.315913  0.335205  0.498872  0.430246  0.680119  0.419848  0.433388  0.534892  0.197157  0.504775  0.246402  0.275658  0.539442  0.372043  0.374047  0.368666  0.261648  0.304185  0.821000  0.348937  0.075363  0.136919  0.405456  0.372222  0.433274  0.010890  0.166648  0.541233  0.392316  0.438933  0.320819  0.087335  0.222031  0.234315  0.321115  0.297873  0.542928  0.444696  0.441548  0.512178  0.077282  0.307015  0.712603  0.261770  0.060880  0.228388  0.596883  0.269282  0.149026  0.603331  0.299467  0.281642  0.389280  0.496075  0.332615 
30  0.417586  0.045017  0.345179  0.427231  0.284030  0.286524  0.692216  0.498267  0.473778  0.218859  0.312572  0.262331  0.276547  0.370692  0.397103  0.431932  0.177233  0.323425  0.395955  0.402255  0.435306  0.441930  0.505735  0.368477  0.482470  0.340263  0.007880  0.501918  0.292120  0.019588 0.0  0.631085  0.615633  0.480112  0.413646  0.403468  0.259355  0.268879  0.191504  0.393420  0.153030  0.073136  0.424461  0.349471  0.447663  0.469530  0.350516  0.765591  0.319463  0.201688  0.432558  0.295652  0.526441  0.479988  0.278429  0.500319  0.253378  0.477887  0.329117  0.347238  0.434170  0.715713  0.440282  0.256972  0.042122  0.477544  0.419045  0.301959  0.139512  0.035326  0.328061  0.351258  0.710828  0.269240  0.257041  0.488929  0.156302  0.370608  0.505867  0.698846  0.337697  0.498222  0.709449  0.131162  0.461900  0.621296  0.498219  0.118999  0.459793  0.604006  0.405132  0.091937  0.550135  0.224228  0.399629  0.372112  0.499953  0.492061 
31  0.599981  0.621019  0.304484  0.601551  0.427190  0.478476  0.278134  0.630596  0.292382  0.523525  0.596481  0.408786  0.203665  0.353744  0.408218  0.349606  0.530591  0.534358  0.305687  0.545786  0.644720  0.642521  0.417196  0.356935  0.413731  0.463117  0.551621  0.357159  0.614359  0.515924  0.631085 0.0  0.631684  0.468392  0.381575  0.234074  0.459393  0.506205  0.479829  0.613994  0.614750  0.670252  0.529390  0.513428  0.543004  0.561695  0.225466  0.525979  0.261675  0.248135  0.387740  0.392783  0.337940  0.570132  0.274446  0.326086  0.485166  0.534783  0.464502  0.416763  0.606201  0.361970  0.569169  0.476809  0.544045  0.400894  0.530262  0.612063  0.448683  0.796815  0.237722  0.212701  0.500565  0.398083  0.564990  0.540260  0.486163  0.576791  0.592420  0.559409  0.270264  0.599689  0.532553  0.750865  0.617042  0.487424  0.560163  0.508614  0.509405  0.227695  0.239161  0.479246  0.646574  0.468555  0.419632  0.241149  0.427623  0.502282 
32  0.353947  0.459134  0.512507  0.435639  0.450390  0.481766  0.555772  0.510989  0.599271  0.447573  0.250108  0.454157  0.539420  0.546608  0.597671  0.536639  0.400281  0.374667  0.574257  0.375843  0.441006  0.393419  0.509435  0.679832  0.538297  0.562909  0.436046  0.596474  0.648651  0.614268  0.615633  0.631684 0.0  0.497055  0.548565  0.482058  0.461124  0.313357  0.661676  0.376743  0.623573  0.632262  0.370743  0.418172  0.396559  0.138280  0.548717  0.294984  0.524427  0.507430  0.440821  0.585024  0.519672  0.395232  0.522142  0.465351  0.362300  0.447078  0.433009  0.560190  0.411436  0.632469  0.415637  0.688559  0.498847  0.435444  0.467387  0.639810  0.647649  0.481140  0.551505  0.495459  0.369607  0.459657  0.545071  0.335937  0.586962  0.373194  0.350642  0.334318  0.624384  0.490385  0.304921  0.514482  0.358626  0.548944  0.351725  0.592077  0.435384  0.476369  0.508030  0.531158  0.550857  0.414929  0.481485  0.512275  0.475695  0.380205 
33  0.197343  0.320336  0.291662  0.163770  0.428512  0.334184  0.766412  0.690611  0.447856  0.321418  0.038585  0.335355  0.403054  0.366850  0.350188  0.362906  0.309123  0.194165  0.419967  0.236499  0.304367  0.116351  0.621981  0.341822  0.442981  0.674071  0.299266  0.420955  0.448702  0.280277  0.480112  0.468392  0.497055 0.0  0.368713  0.397870  0.207504  0.102627  0.439271  0.236014  0.495666  0.402825  0.135909  0.224325  0.256920  0.370735  0.320861  0.486607  0.314601  0.347337  0.524543  0.366769  0.563706  0.154543  0.401289  0.545708  0.261506  0.192340  0.135992  0.296214  0.166573  0.826969  0.287244  0.429839  0.318490  0.397873  0.166027  0.568492  0.518080  0.295455  0.314464  0.365387  0.457101  0.302765  0.423073  0.127861  0.327580  0.219268  0.155216  0.361570  0.315681  0.441797  0.474001  0.351633  0.000000  0.726864  0.279616  0.454092  0.103256  0.555093  0.242725  0.512839  0.842118  0.285817  0.258204  0.367725  0.509505  0.193038 
34  0.526217  0.317165  0.164101  0.436140  0.148561  0.275760  0.498572  0.816092  0.093512  0.280298  0.364053  0.093872  0.159543  0.177840  0.126392  0.188353  0.320388  0.440475  0.093462  0.254688  0.383147  0.311110  0.277764  0.182160  0.108896  0.471118  0.381236  0.096694  0.225734  0.469300  0.413646  0.381575  0.548565  0.368713 0.0  0.139359  0.167865  0.345607  0.407988  0.497337  0.369924  0.453452  0.376001  0.560900  0.421536  0.647737  0.162203  0.749758  0.159479  0.072328  0.329491  0.132009  0.330133  0.452934  0.124434  0.379306  0.152787  0.476736  0.315193  0.060987  0.391958  0.684993  0.467139  0.395119  0.327164  0.470292  0.374989  0.618968  0.373720  0.423155  0.175100  0.228707  0.590023  0.328689  0.424285  0.415268  0.431533  0.447310  0.395657  0.555135  0.122428  0.388134  0.701468  0.404202  0.362288  0.638253  0.417280  0.382112  0.496158  0.380126  0.081976  0.401800  0.721336  0.206116  0.276140  0.170674  0.229521  0.396700 
35  0.291656  0.291316  0.025774  0.335395  0.120798  0.352326  0.575307  0.664456  0.090169  0.239206  0.454242  0.000000  0.191420  0.124473  0.094503  0.230903  0.291080  0.266273  0.130990  0.343341  0.309803  0.407179  0.382149  0.221662  0.136594  0.686674  0.511015  0.196650  0.313258  0.324983  0.403468  0.234074  0.482058  0.397870  0.139359 0.0  0.266505  0.403938  0.407730  0.313953  0.422897  0.487703  0.248953  0.277967  0.240114  0.697717  0.097514  0.708192  0.014420  0.195703  0.361519  0.000000  0.363637  0.281331  0.299340  0.293119  0.303997  0.284545  0.374589  0.000000  0.347839  0.540537  0.340686  0.386648  0.344328  0.430414  0.276309  0.614434  0.286198  0.333749  0.059813  0.174844  0.572726  0.234002  0.253745  0.432010  0.426505  0.320082  0.382718  0.564697  0.024680  0.406426  0.537649  0.247058  0.323024  0.434158  0.368648  0.355516  0.276976  0.403808  0.217928  0.410892  0.682792  0.288855  0.228811  0.274322  0.242746  0.310035 
36  0.268053  0.247907  0.276705  0.332789  0.274663  0.237525  0.670321  0.738443  0.200438  0.354372  0.168437  0.153356  0.184134  0.330097  0.207923  0.227357  0.165307  0.306432  0.152548  0.311849  0.332225  0.228466  0.392087  0.204964  0.315952  0.412619  0.226409  0.319211  0.220626  0.306399  0.259355  0.459393  0.461124  0.207504  0.167865  0.266505 0.0  0.351189  0.214163  0.178844  0.321397  0.324882  0.286963  0.340936  0.248120  0.497290  0.281376  0.771547  0.395404  0.330421  0.539585  0.370045  0.431348  0.293517  0.238148  0.428037  0.209257  0.231695  0.321977  0.260495  0.259628  0.586863  0.288367  0.158528  0.249260  0.550792  0.270852  0.497331  0.307710  0.234606  0.237799  0.221765  0.515428  0.289572  0.355326  0.317842  0.269225  0.179704  0.265627  0.440800  0.192835  0.372398  0.512503  0.152980  0.302574  0.681465  0.136123  0.234972  0.266006  0.449095  0.317755  0.171454  0.626809  0.254898  0.306482  0.221697  0.552003  0.333493 
37  0.032015  0.373243  0.419571  0.050097  0.171419  0.199844  0.760254  0.711181  0.332585  0.228704  0.243026  0.335938  0.478207  0.413409  0.338715  0.552990  0.250081  0.030308  0.356097  0.025268  0.159099  0.046286  0.509051  0.371844  0.414843  0.633947  0.454004  0.306056  0.218034  0.250713  0.268879  0.506205  0.313357  0.102627  0.345607  0.403938  0.351189 0.0  0.222577  0.104627  0.459389  0.476641  0.057669  0.024490  0.000000  0.341976  0.294497  0.587734  0.269603  0.505836  0.437779  0.337494  0.651382  0.166428  0.413958  0.442790  0.271347  0.025228  0.051038  0.429906  0.079007  0.691764  0.112778  0.422951  0.455156  0.466517  0.134879  0.623961  0.398645  0.289557  0.312474  0.474547  0.243162  0.224338  0.424685  0.091708  0.287576  0.000000  0.093511  0.227578  0.363157  0.484895  0.127961  0.234102  0.139458  0.850887  0.059071  0.379946  0.061531  0.652463  0.381675  0.411009  0.875162  0.318042  0.292514  0.494455  0.608513  0.021252 
38  0.451431  0.045434  0.347252  0.408102  0.352488  0.298431  0.749262  0.574582  0.384656  0.316696  0.479031  0.383372  0.402058  0.276557  0.381244  0.368146  0.280244  0.485319  0.478130  0.385109  0.494889  0.458267  0.718872  0.327702  0.452773  0.403027  0.071626  0.460491  0.206109  0.025488  0.191504  0.479829  0.661676  0.439271  0.407988  0.407730  0.214163  0.222577 0.0  0.448296  0.021426  0.161318  0.391109  0.444948  0.450165  0.560090  0.387828  0.779222  0.313862  0.286299  0.433566  0.361440  0.454519  0.528193  0.377877  0.517057  0.241879  0.607476  0.384810  0.291178  0.524532  0.790942  0.527680  0.254394  0.174570  0.489788  0.406824  0.236048  0.165911  0.001260  0.420479  0.351632  0.636895  0.263617  0.166618  0.594245  0.091351  0.424714  0.484259  0.659967  0.233447  0.517142  0.670089  0.118732  0.371565  0.854375  0.350107  0.141513  0.443798  0.489199  0.221535  0.027284  0.535818  0.128754  0.253268  0.309803  0.514162  0.486055 
39  0.295419  0.330904  0.272944  0.160088  0.293838  0.290001  0.682339  0.781253  0.313859  0.325189  0.084244  0.385792  0.300675  0.378447  0.275362  0.315857  0.227016  0.215257  0.447498  0.113446  0.257201  0.201314  0.564182  0.394690  0.400187  0.620338  0.389698  0.450241  0.408075  0.410716  0.393420  0.613994  0.376743  0.236014  0.497337  0.313953  0.178844  0.104627  0.448296 0.0  0.437935  0.484997  0.222070  0.217262  0.165599  0.281373  0.315843  0.510790  0.385469  0.161197  0.527781  0.358800  0.493663  0.242749  0.351818  0.496600  0.233607  0.169628  0.167025  0.312859  0.163932  0.833219  0.282073  0.462786  0.378264  0.420310  0.227024  0.669019  0.408607  0.366705  0.313017  0.372633  0.360881  0.305168  0.457288  0.254275  0.232516  0.338068  0.209210  0.495075  0.282533  0.544501  0.419433  0.312845  0.056525  0.670102  0.216046  0.405599  0.229947  0.539370  0.472265  0.385435  0.857243  0.223562  0.247169  0.262539  0.565460  0.179192 
