98
0 0.0  0.592918  0.370943  0.367620  0.848592  0.368978  0.390824  0.741739  0.421536  0.195266  0.100351  0.379511  0.436627  0.327502  0.425511  0.291607  0.413486  0.415283  0.170672  0.465590  0.451642  0.397189  0.128143  0.380302  0.283332  0.372304  0.512995  0.777877  0.651839  0.237920  0.000000  0.325621  0.375699  0.339898  0.306292  0.640926  0.397842  0.427138  0.096928  0.197986  0.410966  0.133277  0.220641  0.390065  0.640987  0.379667  0.308114  0.467117  0.432476  0.428664  0.153019  0.361355  0.463802  0.362589  0.192760  0.553072  0.392936  0.326753  0.410392  0.488987  0.335010  0.471263  0.413372  0.780804  0.194385  0.413618  0.363192  0.381844  0.419298  0.182187  0.418198  0.325348  0.028455  0.425211  0.405014  0.535108  0.260690  0.417661  0.057896  0.362546  0.367364  0.392758  0.402420  0.130556  0.563930  0.520567  0.369845  0.466982  0.367664  0.190662  0.390049  0.423648  0.076858  0.539096  0.367749  0.432670  0.393880  0.396999 
1  0.592918 0.0  0.638018  0.398734  0.530723  0.292843  0.649835  0.453991  0.516948  0.617719  0.506073  0.192718  0.345091  0.186663  0.358872  0.533780  0.218845  0.617178  0.564075  0.293757  0.593300  0.626011  0.460953  0.539113  0.509284  0.426419  0.558341  0.323111  0.357301  0.442791  0.502759  0.615928  0.294889  0.513751  0.498435  0.536440  0.601597  0.563285  0.654703  0.578086  0.427692  0.559015  0.346134  0.501156  0.457503  0.243975  0.495885  0.226693  0.546999  0.293206  0.591715  0.310780  0.522807  0.269551  0.594937  0.554331  0.512848  0.476041  0.656394  0.491200  0.490823  0.455401  0.565461  0.663256  0.565697  0.279764  0.530324  0.359487  0.702704  0.557245  0.346490  0.417354  0.569614  0.572083  0.535923  0.728181  0.503318  0.533346  0.532196  0.312913  0.233689  0.398828  0.571964  0.569302  0.574461  0.431483  0.486775  0.518533  0.493791  0.560504  0.583247  0.626267  0.737843  0.589294  0.320146  0.607409  0.509419  0.297579 
2  0.370943  0.638018 0.0  0.554380  0.627931  0.751874  0.572780  0.592013  0.592012  0.327246  0.311321  0.581646  0.520456  0.624062  0.504883  0.607944  0.577338  0.678114  0.276654  0.519058  0.270676  0.587439  0.427747  0.690541  0.597168  0.506736  0.363916  0.664164  0.546148  0.505539  0.355726  0.301847  0.722942  0.510445  0.593018  0.718207  0.660680  0.559156  0.521228  0.312831  0.619242  0.285423  0.548016  0.679179  0.651459  0.544632  0.419386  0.596347  0.600462  0.652804  0.395241  0.534533  0.471246  0.555310  0.297978  0.643997  0.557387  0.579811  0.521118  0.427021  0.604940  0.503804  0.600161  0.578737  0.224072  0.692232  0.515634  0.674184  0.588265  0.179303  0.548631  0.525791  0.451355  0.498789  0.444399  0.439768  0.446453  0.667735  0.339559  0.632862  0.507057  0.592790  0.667926  0.250864  0.503712  0.579871  0.526316  0.517363  0.620885  0.296428  0.661741  0.585661  0.364639  0.588336  0.611664  0.674456  0.601258  0.594494 
3  0.367620  0.398734  0.554380 0.0  0.748185  0.121964  0.522809  0.627164  0.355877  0.269494  0.231944  0.108846  0.000000  0.015279  0.526425  0.436982  0.113208  0.372158  0.364586  0.000000  0.476574  0.354957  0.371598  0.283283  0.392945  0.297043  0.675030  0.452042  0.243422  0.321970  0.327353  0.490864  0.007101  0.250794  0.143004  0.519951  0.293202  0.418573  0.453269  0.288407  0.411482  0.311495  0.302839  0.271924  0.478188  0.130228  0.330860  0.162638  0.349337  0.037368  0.389670  0.122738  0.388567  0.014850  0.292375  0.506059  0.304847  0.361238  0.408589  0.494872  0.387455  0.394648  0.380584  0.757968  0.334665  0.134868  0.357802  0.064103  0.384038  0.212976  0.181309  0.162245  0.444754  0.289136  0.689955  0.581068  0.301993  0.362570  0.406239  0.131969  0.000000  0.340409  0.176035  0.269771  0.533962  0.144328  0.349817  0.379629  0.360094  0.355002  0.369196  0.399023  0.306668  0.418062  0.219367  0.276440  0.232513  0.193010 
4  0.848592  0.530723  0.627931  0.748185 0.0  0.700367  0.533838  0.391374  0.630685  0.773379  0.703585  0.773566  0.771642  0.698219  0.506907  0.620464  0.754535  0.607448  0.814191  0.803604  0.659427  0.678518  0.627984  0.717577  0.638697  0.553554  0.868632  0.772197  0.592099  0.659246  0.887320  0.608901  0.817892  0.548937  0.735905  0.396105  0.722161  0.607233  0.798868  0.893211  0.681447  0.798530  0.774186  0.503117  0.489949  0.798133  0.690113  0.695959  0.644729  0.714348  0.775623  0.703119  0.331634  0.761739  0.807102  0.398274  0.666492  0.635746  0.446464  0.545002  0.604212  0.371126  0.407112  0.079521  0.996364  0.822310  0.518190  0.714284  0.301449  0.794824  0.843832  0.772539  0.768388  0.638372  0.685302  0.226573  0.674578  0.705603  0.598564  0.729785  0.717089  0.664062  0.637008  0.749655  0.409380  0.729404  0.589045  0.431867  0.633470  0.803496  0.715208  0.742500  0.752648  0.674076  0.846424  0.518286  0.576997  0.764906 
5  0.368978  0.292843  0.751874  0.121964  0.700367 0.0  0.311099  0.527344  0.330361  0.406501  0.440708  0.109627  0.210324  0.164709  0.482151  0.348159  0.162436  0.487462  0.379187  0.156634  0.636312  0.396214  0.158580  0.302893  0.414390  0.451265  0.803962  0.506457  0.276367  0.279382  0.356129  0.646117  0.170064  0.347341  0.192622  0.659104  0.475214  0.394609  0.378537  0.404089  0.437681  0.295623  0.261188  0.404540  0.672008  0.133111  0.293834  0.090278  0.363637  0.188236  0.420949  0.062085  0.416698  0.142598  0.408043  0.496823  0.380668  0.382770  0.465195  0.457820  0.396049  0.486984  0.353894  0.780059  0.336438  0.139499  0.413794  0.115042  0.383030  0.410858  0.163819  0.138391  0.468097  0.360468  0.767846  0.540188  0.299690  0.371718  0.413317  0.158603  0.186467  0.087673  0.532465  0.290012  0.537271  0.000000  0.419058  0.520593  0.597003  0.490816  0.410242  0.376719  0.401613  0.464221  0.117992  0.481424  0.580459  0.139917 
6  0.390824  0.649835  0.572780  0.522809  0.533838  0.311099 0.0  0.812023  0.104035  0.338088  0.286107  0.347738  0.258408  0.428531  0.522539  0.119462  0.411872  0.000000  0.291431  0.369101  0.634227  0.036250  0.210217  0.080268  0.052152  0.089485  0.720255  0.689085  0.611173  0.193674  0.223060  0.550183  0.209277  0.086611  0.425935  0.258188  0.055296  0.078036  0.494402  0.273381  0.016492  0.325049  0.268243  0.000000  0.226812  0.303678  0.264183  0.282839  0.025110  0.376957  0.288568  0.415865  0.513902  0.245388  0.299147  0.294117  0.052726  0.082160  0.156599  0.483551  0.076881  0.506247  0.083360  0.625742  0.406153  0.361478  0.000000  0.354805  0.226278  0.305757  0.346756  0.416831  0.312307  0.117892  0.690134  0.311801  0.217262  0.040557  0.319786  0.306817  0.447605  0.452471  0.024975  0.245471  0.199564  0.291879  0.081149  0.591895  0.059708  0.425380  0.125909  0.545235  0.375861  0.174352  0.473219  0.152113  0.022454  0.427306 
7  0.741739  0.453991  0.592013  0.627164  0.391374  0.527344  0.812023 0.0  0.733865  0.647246  0.684527  0.452389  0.501780  0.430279  0.446374  0.736142  0.470965  0.858511  0.712596  0.522736  0.614802  0.780035  0.697451  0.818108  0.739739  0.691812  0.721472  0.365159  0.386442  0.695107  0.761582  0.661863  0.539947  0.787303  0.542427  0.580789  0.715784  0.668447  0.853923  0.723645  0.822196  0.723662  0.757937  0.799608  0.524706  0.550990  0.573386  0.402718  0.829735  0.456060  0.717859  0.537454  0.535864  0.443019  0.726963  0.567512  0.724993  0.764652  0.965625  0.424622  0.697478  0.551607  0.773967  0.544312  0.845031  0.445619  0.738568  0.307667  0.884073  0.762645  0.501900  0.663700  0.807783  0.766210  0.774009  0.638112  0.693079  0.628827  0.669949  0.394603  0.444319  0.730650  0.775877  0.586339  0.562054  0.394981  0.691849  0.474361  0.752704  0.688689  0.734033  0.872464  0.773194  0.770144  0.534637  0.737042  0.684742  0.565746 
8  0.421536  0.516948  0.592012  0.355877  0.630685  0.330361  0.104035  0.733865 0.0  0.379638  0.340909  0.261933  0.252663  0.343743  0.442292  0.238116  0.324931  0.280947  0.467991  0.262380  0.652130  0.241468  0.317999  0.151910  0.254824  0.159160  0.833616  0.684388  0.592997  0.313161  0.436428  0.640607  0.338754  0.178687  0.333040  0.358255  0.267463  0.110785  0.344295  0.467851  0.251672  0.306447  0.227089  0.181650  0.388252  0.263076  0.228327  0.321037  0.238289  0.309920  0.334921  0.402965  0.432793  0.319561  0.418181  0.399535  0.195354  0.280654  0.000000  0.452868  0.237169  0.361321  0.062747  0.499400  0.533037  0.188357  0.146895  0.314341  0.136304  0.309793  0.401121  0.367338  0.444938  0.156400  0.750981  0.229681  0.319179  0.284839  0.333223  0.353274  0.326352  0.342149  0.221359  0.364073  0.378229  0.312638  0.164994  0.441364  0.190420  0.496141  0.200216  0.296324  0.313847  0.230500  0.362514  0.326805  0.195367  0.352411 
9  0.195266  0.617719  0.327246  0.269494  0.773379  0.406501  0.338088  0.647246  0.379638 0.0  0.118910  0.231506  0.435941  0.321008  0.589466  0.474762  0.263164  0.391371  0.090605  0.377184  0.302688  0.392936  0.238846  0.478229  0.436404  0.426482  0.437575  0.692942  0.582375  0.276421  0.226883  0.279427  0.405746  0.431989  0.380598  0.645027  0.414842  0.483095  0.021271  0.145077  0.489515  0.130199  0.118976  0.475755  0.616337  0.252291  0.219737  0.382110  0.395047  0.319181  0.047626  0.321912  0.343463  0.174681  0.236201  0.693025  0.469623  0.451171  0.263952  0.481216  0.520965  0.556365  0.336791  0.836318  0.192113  0.392295  0.432570  0.370298  0.374809  0.000000  0.383986  0.370507  0.219516  0.416327  0.417748  0.601598  0.384559  0.472663  0.063588  0.287859  0.208817  0.225083  0.433602  0.017352  0.699595  0.352143  0.562638  0.487073  0.512482  0.139305  0.539396  0.306404  0.065320  0.474828  0.396535  0.528403  0.474002  0.331943 
10  0.100351  0.506073  0.311321  0.231944  0.703585  0.440708  0.286107  0.684527  0.340909  0.118910 0.0  0.470498  0.466319  0.655100  0.487502  0.349415  0.283972  0.225052  0.000000  0.444441  0.320895  0.299053  0.269246  0.291539  0.296163  0.261202  0.593905  0.786009  0.572732  0.282407  0.003925  0.238854  0.367965  0.461696  0.290246  0.542602  0.324473  0.414664  0.109093  0.139917  0.312537  0.065849  0.403225  0.387461  0.495708  0.291138  0.242173  0.523396  0.318766  0.434312  0.161954  0.354994  0.498103  0.479660  0.050682  0.499955  0.269672  0.399314  0.399625  0.374899  0.323569  0.474256  0.446298  0.826589  0.100759  0.446446  0.225424  0.437484  0.355241  0.118696  0.503141  0.403064  0.240580  0.356185  0.578938  0.441959  0.295869  0.297150  0.231810  0.520275  0.416978  0.326855  0.388428  0.223917  0.555516  0.418029  0.312164  0.518879  0.283756  0.159161  0.319199  0.433098  0.118479  0.317327  0.278100  0.233753  0.434953  0.373277 
11  0.379511  0.192718  0.581646  0.108846  0.773566  0.109627  0.347738  0.452389  0.261933  0.231506  0.470498 0.0  0.203741  0.230072  0.466670  0.337027  0.132835  0.332622  0.338594  0.118393  0.529138  0.448397  0.328023  0.360248  0.407573  0.292699  0.959349  0.621901  0.269187  0.323718  0.375669  0.554923  0.000000  0.325850  0.066006  0.478883  0.258080  0.365206  0.336411  0.324907  0.280829  0.369152  0.183987  0.342101  0.474835  0.141725  0.289876  0.315005  0.434649  0.174246  0.465653  0.122590  0.560842  0.209206  0.258068  0.509537  0.379459  0.369235  0.385289  0.485432  0.374396  0.579959  0.409000  0.757509  0.330797  0.193552  0.287405  0.073519  0.385411  0.339351  0.097111  0.016342  0.427329  0.296781  0.710864  0.580600  0.317585  0.372534  0.307715  0.142926  0.090056  0.000000  0.326927  0.439098  0.484188  0.249489  0.492126  0.374017  0.398610  0.369357  0.381720  0.296803  0.414422  0.334894  0.061728  0.367146  0.367494  0.136473 
12  0.436627  0.345091  0.520456  0.000000  0.771642  0.210324  0.258408  0.501780  0.252663  0.435941  0.466319  0.203741 0.0  0.159366  0.513557  0.358640  0.191674  0.374917  0.287710  0.177773  0.669859  0.362634  0.341213  0.328249  0.305859  0.370316  0.855737  0.681690  0.405123  0.182002  0.339763  0.567744  0.172635  0.336117  0.179974  0.539305  0.298044  0.357703  0.314732  0.290658  0.327685  0.334833  0.251163  0.287637  0.516978  0.047640  0.315346  0.231151  0.350177  0.196021  0.380626  0.052959  0.421140  0.232655  0.373550  0.464558  0.344230  0.361343  0.274559  0.475943  0.389439  0.487593  0.426859  0.695926  0.341306  0.189500  0.292204  0.088075  0.341817  0.293570  0.112546  0.002133  0.423221  0.290415  0.841461  0.472769  0.350658  0.373189  0.405578  0.189859  0.246224  0.053859  0.352900  0.421287  0.473937  0.205791  0.381125  0.452024  0.354929  0.283402  0.355507  0.343007  0.524825  0.539337  0.180035  0.389558  0.288600  0.100797 
13  0.327502  0.186663  0.624062  0.015279  0.698219  0.164709  0.428531  0.430279  0.343743  0.321008  0.655100  0.230072  0.159366 0.0  0.363456  0.369821  0.002958  0.295282  0.345997  0.224691  0.480487  0.358654  0.383591  0.404634  0.419556  0.309841  0.891032  0.672960  0.262382  0.246697  0.303110  0.490785  0.156439  0.361651  0.101833  0.490025  0.304674  0.271217  0.227142  0.429066  0.434559  0.360799  0.197588  0.316224  0.591915  0.032762  0.222791  0.226813  0.344318  0.134176  0.445834  0.103862  0.505491  0.208597  0.331126  0.506681  0.316516  0.379668  0.275836  0.525688  0.361060  0.417786  0.427216  0.757330  0.288972  0.278447  0.308479  0.041238  0.291143  0.301352  0.120399  0.094683  0.431058  0.323571  1.000000  0.575553  0.268469  0.387553  0.475577  0.234684  0.142411  0.098612  0.401143  0.557120  0.551445  0.244536  0.328732  0.515823  0.235293  0.394246  0.406853  0.252706  0.405636  0.281483  0.079857  0.413602  0.391020  0.186101 
14  0.425511  0.358872  0.504883  0.526425  0.506907  0.482151  0.522539  0.446374  0.442292  0.589466  0.487502  0.466670  0.513557  0.363456 0.0  0.472732  0.407260  0.471757  0.487406  0.543589  0.524169  0.384055  0.429108  0.382573  0.493885  0.535276  0.558688  0.486966  0.495759  0.469498  0.470272  0.592562  0.388309  0.436838  0.534806  0.334506  0.368481  0.510839  0.430605  0.458108  0.429725  0.429960  0.542851  0.544215  0.451744  0.565357  0.499183  0.466803  0.447692  0.355546  0.434110  0.452050  0.572999  0.426779  0.451010  0.443409  0.430854  0.410202  0.487534  0.495153  0.379518  0.479878  0.505958  0.436916  0.405040  0.375532  0.437278  0.529359  0.446549  0.488589  0.505441  0.558724  0.438474  0.416157  0.442902  0.394098  0.480237  0.548606  0.569092  0.447643  0.508417  0.367704  0.482559  0.372325  0.517868  0.397938  0.446395  0.462779  0.532078  0.389823  0.493072  0.427300  0.468435  0.478702  0.485357  0.484732  0.530546  0.431357 
15  0.291607  0.533780  0.607944  0.436982  0.620464  0.348159  0.119462  0.736142  0.238116  0.474762  0.349415  0.337027  0.358640  0.369821  0.472732 0.0  0.381274  0.143655  0.499808  0.353733  0.694388  0.166607  0.225959  0.190377  0.237395  0.180579  0.816819  0.700723  0.524012  0.284299  0.440570  0.598001  0.250913  0.286309  0.367395  0.356436  0.126441  0.135263  0.367657  0.375969  0.205368  0.549316  0.306544  0.115864  0.295773  0.349732  0.262405  0.284424  0.199007  0.399593  0.418333  0.507414  0.458183  0.284542  0.454498  0.337272  0.224318  0.206010  0.115922  0.495626  0.046705  0.318683  0.113197  0.484891  0.475007  0.457495  0.240422  0.311470  0.123132  0.363460  0.320405  0.440884  0.455522  0.232854  0.737280  0.267565  0.315134  0.289143  0.247095  0.397181  0.344740  0.375100  0.146316  0.392996  0.339749  0.225803  0.169971  0.566087  0.216593  0.364347  0.202312  0.290830  0.300678  0.308776  0.209873  0.132100  0.150952  0.431533 
16  0.413486  0.218845  0.577338  0.113208  0.754535  0.162436  0.411872  0.470965  0.324931  0.263164  0.283972  0.132835  0.191674  0.002958  0.407260  0.381274 0.0  0.286043  0.352601  0.087634  0.573217  0.377361  0.333961  0.355818  0.257788  0.311666  0.720068  0.569510  0.321262  0.318118  0.382715  0.674228  0.216898  0.361659  0.133885  0.466460  0.369405  0.384517  0.256418  0.489441  0.430479  0.461518  0.187046  0.428663  0.528623  0.224050  0.360114  0.096756  0.240158  0.106215  0.371449  0.107010  0.473489  0.047030  0.381609  0.574756  0.365304  0.319105  0.269236  0.426098  0.166924  0.476384  0.319751  0.748673  0.262022  0.000000  0.189525  0.149294  0.321319  0.406234  0.073959  0.110385  0.296615  0.255190  0.714402  0.492335  0.323344  0.308727  0.274003  0.087633  0.069995  0.238202  0.384985  0.324613  0.556413  0.064748  0.205447  0.488783  0.279296  0.432058  0.352323  0.399124  0.515659  0.295012  0.070709  0.327808  0.228552  0.085151 
17  0.415283  0.617178  0.678114  0.372158  0.607448  0.487462  0.000000  0.858511  0.280947  0.391371  0.225052  0.332622  0.374917  0.295282  0.471757  0.143655  0.286043 0.0  0.462621  0.190778  0.640460  0.210999  0.297360  0.341193  0.202778  0.267684  0.722232  0.793931  0.497047  0.383402  0.478813  0.556569  0.410831  0.168476  0.403055  0.497213  0.148281  0.249293  0.368632  0.466669  0.099408  0.387919  0.269640  0.231732  0.340419  0.302921  0.228129  0.415884  0.122895  0.213745  0.434051  0.420115  0.563601  0.438224  0.447524  0.335290  0.140735  0.257822  0.127470  0.524195  0.135358  0.470739  0.043429  0.468237  0.413956  0.309949  0.189233  0.338275  0.086042  0.359339  0.489361  0.333691  0.417428  0.184909  0.722329  0.381321  0.230530  0.216020  0.355381  0.360941  0.392122  0.351516  0.156668  0.437252  0.377122  0.286849  0.193597  0.435225  0.171063  0.365123  0.239728  0.238888  0.334777  0.240880  0.326471  0.170675  0.281497  0.433545 
18  0.170672  0.564075  0.276654  0.364586  0.814191  0.379187  0.291431  0.712596  0.467991  0.090605  0.000000  0.338594  0.287710  0.345997  0.487406  0.499808  0.352601  0.462621 0.0  0.319176  0.287075  0.406621  0.312409  0.508907  0.415908  0.456255  0.577590  0.721764  0.590354  0.278728  0.312964  0.355031  0.357676  0.461649  0.353957  0.594285  0.500227  0.394639  0.162949  0.178851  0.512415  0.143468  0.260916  0.579734  0.722276  0.199766  0.218944  0.312196  0.465798  0.337470  0.102844  0.394231  0.517232  0.266681  0.182409  0.722845  0.489383  0.413728  0.387007  0.563838  0.586228  0.495565  0.367035  0.637009  0.153011  0.381540  0.450387  0.219025  0.319568  0.016861  0.433367  0.366394  0.093401  0.470813  0.443234  0.573926  0.243028  0.501744  0.030390  0.404813  0.379132  0.343933  0.385405  0.000000  0.585349  0.327971  0.355963  0.674205  0.487575  0.199089  0.431238  0.367418  0.125494  0.425693  0.245283  0.494278  0.454715  0.318461 
19  0.465590  0.293757  0.519058  0.000000  0.803604  0.156634  0.369101  0.522736  0.262380  0.377184  0.444441  0.118393  0.177773  0.224691  0.543589  0.353733  0.087634  0.190778  0.319176 0.0  0.701874  0.319493  0.241357  0.274342  0.344647  0.296633  0.864620  0.605449  0.389716  0.304677  0.343219  0.692543  0.139099  0.378348  0.055730  0.503296  0.401399  0.325487  0.442062  0.343957  0.419509  0.239355  0.318573  0.259190  0.551628  0.084956  0.261728  0.129445  0.436682  0.198052  0.541387  0.101140  0.427122  0.171701  0.401427  0.579371  0.233377  0.344641  0.401735  0.420991  0.316763  0.451334  0.502187  0.686536  0.362565  0.191597  0.309574  0.000000  0.410618  0.454449  0.119993  0.091825  0.448267  0.282148  0.853918  0.567516  0.325449  0.365161  0.464639  0.226250  0.143380  0.047973  0.196009  0.485478  0.514456  0.180867  0.343947  0.439105  0.294443  0.377245  0.409881  0.348962  0.445228  0.353192  0.088805  0.216729  0.310740  0.147498 
20  0.451642  0.593300  0.270676  0.476574  0.659427  0.636312  0.634227  0.614802  0.652130  0.302688  0.320895  0.529138  0.669859  0.480487  0.524169  0.694388  0.573217  0.640460  0.287075  0.701874 0.0  0.664203  0.533380  0.587810  0.635005  0.632826  0.319892  0.477800  0.605475  0.532937  0.370176  0.246379  0.624923  0.619860  0.534888  0.563956  0.621400  0.661901  0.418399  0.394173  0.696286  0.323031  0.487382  0.702703  0.565471  0.525924  0.474146  0.719313  0.617314  0.574378  0.318698  0.506100  0.473617  0.634227  0.376740  0.624831  0.617005  0.650132  0.667569  0.420759  0.517544  0.373460  0.620692  0.592787  0.413669  0.600679  0.480868  0.590100  0.628256  0.363140  0.551404  0.590530  0.337649  0.523815  0.380376  0.647301  0.420483  0.661406  0.240101  0.681298  0.600659  0.589949  0.719930  0.471086  0.550078  0.569881  0.569599  0.476934  0.576864  0.392275  0.588944  0.606239  0.287880  0.571869  0.627520  0.671123  0.618941  0.503159 
21  0.397189  0.626011  0.587439  0.354957  0.678518  0.396214  0.036250  0.780035  0.241468  0.392936  0.299053  0.448397  0.362634  0.358654  0.384055  0.166607  0.377361  0.210999  0.406621  0.319493  0.664203 0.0  0.302091  0.076195  0.176613  0.223620  0.719485  0.606101  0.556613  0.255383  0.458797  0.642499  0.410997  0.212046  0.406049  0.400483  0.143506  0.276331  0.218189  0.501491  0.184463  0.412495  0.283691  0.192085  0.379091  0.315350  0.244507  0.249330  0.296247  0.332130  0.262095  0.326094  0.482523  0.264535  0.442796  0.357222  0.205068  0.211482  0.062869  0.544560  0.234094  0.500949  0.036925  0.400374  0.399364  0.336005  0.257584  0.320726  0.142749  0.288086  0.382800  0.342576  0.444521  0.116891  0.706484  0.215035  0.205842  0.200368  0.376404  0.307207  0.304584  0.261050  0.171257  0.252416  0.478952  0.397585  0.095611  0.340995  0.211228  0.394468  0.243714  0.353509  0.427165  0.104022  0.295969  0.207391  0.261293  0.447540 
22  0.128143  0.460953  0.427747  0.371598  0.627984  0.158580  0.210217  0.697451  0.317999  0.238846  0.269246  0.328023  0.341213  0.383591  0.429108  0.225959  0.333961  0.297360  0.312409  0.241357  0.533380  0.302091 0.0  0.255260  0.399046  0.368775  0.641215  0.662257  0.506786  0.213192  0.371852  0.425713  0.121554  0.218643  0.217554  0.443618  0.294250  0.270957  0.216128  0.322503  0.250192  0.279860  0.286921  0.272441  0.519191  0.355493  0.250063  0.368418  0.296405  0.259575  0.203731  0.243996  0.493195  0.255842  0.309897  0.452775  0.323289  0.251109  0.276358  0.435331  0.321612  0.543560  0.144260  0.719305  0.300511  0.376692  0.263823  0.293066  0.318631  0.200197  0.364170  0.313968  0.211271  0.276402  0.680225  0.381819  0.214342  0.198085  0.219672  0.347945  0.333849  0.235032  0.317793  0.330792  0.486334  0.287377  0.289389  0.477581  0.389413  0.307690  0.295955  0.219051  0.224320  0.314083  0.270154  0.235587  0.235054  0.132188 
23  0.380302  0.539113  0.690541  0.283283  0.717577  0.302893  0.080268  0.818108  0.151910  0.478229  0.291539  0.360248  0.328249  0.404634  0.382573  0.190377  0.355818  0.341193  0.508907  0.274342  0.587810  0.076195  0.255260 0.0  0.177941  0.236119  0.804454  0.747625  0.601716  0.297081  0.466740  0.632163  0.323614  0.189691  0.427211  0.453129  0.205974  0.227813  0.246778  0.493180  0.220827  0.384315  0.339003  0.090262  0.456863  0.298464  0.331352  0.353017  0.110528  0.301312  0.267967  0.401493  0.451780  0.310552  0.475824  0.357315  0.202775  0.201470  0.139848  0.544152  0.166010  0.517159  0.067162  0.490413  0.389051  0.383148  0.119763  0.294383  0.110550  0.306709  0.411284  0.262130  0.284615  0.151307  0.823148  0.230747  0.326203  0.092998  0.221965  0.293733  0.308060  0.308099  0.190640  0.319232  0.351662  0.204817  0.127675  0.550574  0.145995  0.365920  0.232068  0.394665  0.436502  0.142485  0.321366  0.228377  0.223804  0.424377 
24  0.283332  0.509284  0.597168  0.392945  0.638697  0.414390  0.052152  0.739739  0.254824  0.436404  0.296163  0.407573  0.305859  0.419556  0.493885  0.237395  0.257788  0.202778  0.415908  0.344647  0.635005  0.176613  0.399046  0.177941 0.0  0.284205  0.719569  0.770611  0.664274  0.333259  0.434573  0.591689  0.335303  0.284513  0.285170  0.275766  0.102985  0.126192  0.377515  0.563625  0.156793  0.346526  0.312569  0.076715  0.433211  0.328201  0.316604  0.314948  0.230534  0.426028  0.237127  0.434744  0.387475  0.274145  0.469439  0.393932  0.321066  0.149286  0.000868  0.427094  0.206423  0.524826  0.020730  0.602190  0.416738  0.397855  0.165009  0.351379  0.102845  0.316067  0.472217  0.197084  0.313280  0.025004  0.729064  0.305067  0.193251  0.151130  0.491205  0.336281  0.359313  0.321125  0.232709  0.455121  0.353003  0.283842  0.161898  0.522888  0.210831  0.455866  0.128524  0.407017  0.336296  0.271713  0.470589  0.164349  0.129148  0.406742 
25  0.372304  0.426419  0.506736  0.297043  0.553554  0.451265  0.089485  0.691812  0.159160  0.426482  0.261202  0.292699  0.370316  0.309841  0.535276  0.180579  0.311666  0.267684  0.456255  0.296633  0.632826  0.223620  0.368775  0.236119  0.284205 0.0  0.696930  0.694082  0.593645  0.290388  0.375467  0.662782  0.395360  0.290358  0.380469  0.417476  0.137303  0.228955  0.286128  0.477677  0.196318  0.263494  0.272115  0.171878  0.450028  0.296418  0.296973  0.267583  0.179161  0.393733  0.457709  0.415842  0.408450  0.411767  0.472281  0.380467  0.275584  0.253975  0.032703  0.528442  0.102690  0.525736  0.093795  0.559798  0.413816  0.227202  0.173093  0.278403  0.028205  0.336579  0.439818  0.398736  0.454429  0.224632  0.754896  0.281065  0.311749  0.263700  0.369021  0.225766  0.275462  0.360703  0.208445  0.319181  0.454709  0.345769  0.154622  0.433387  0.233472  0.358281  0.253131  0.355631  0.392163  0.197277  0.314857  0.162715  0.212980  0.362178 
26  0.512995  0.558341  0.363916  0.675030  0.868632  0.803962  0.720255  0.721472  0.833616  0.437575  0.593905  0.959349  0.855737  0.891032  0.558688  0.816819  0.720068  0.722232  0.577590  0.864620  0.319892  0.719485  0.641215  0.804454  0.719569  0.696930 0.0  0.528239  0.555190  0.687850  0.453690  0.357894  0.699289  0.718873  0.729160  0.558245  0.782677  0.677126  0.446035  0.494544  0.748501  0.447980  0.682631  0.699123  0.526364  0.731264  0.743558  0.886823  0.769128  0.853675  0.502439  0.749834  0.512293  0.796278  0.430293  0.571275  0.774623  0.776691  0.781380  0.512588  0.761525  0.456368  0.868383  0.700770  0.445042  0.958878  0.752971  0.708842  0.876319  0.583966  0.765995  0.818686  0.637599  0.629825  0.196975  0.601821  0.661234  0.689571  0.668503  0.849500  0.992009  0.851688  0.697302  0.560994  0.516614  0.843052  0.754577  0.535306  0.786918  0.542326  0.688167  0.778717  0.491413  0.789987  0.689326  0.731592  0.713632  0.816029 
27  0.777877  0.323111  0.664164  0.452042  0.772197  0.506457  0.689085  0.365159  0.684388  0.692942  0.786009  0.621901  0.681690  0.672960  0.486966  0.700723  0.569510  0.793931  0.721764  0.605449  0.477800  0.606101  0.662257  0.747625  0.770611  0.694082  0.528239 0.0  0.382052  0.696406  0.651231  0.626991  0.395822  0.763195  0.455398  0.543316  0.713926  0.640724  0.821322  0.879124  0.738166  0.837387  0.613179  0.705770  0.551140  0.418689  0.691378  0.587698  0.675338  0.613361  0.788331  0.525146  0.469553  0.593599  0.713504  0.569497  0.660614  0.821271  0.750598  0.469117  0.726702  0.442627  0.808795  0.776672  0.752052  0.555295  0.789209  0.512021  0.735352  0.840500  0.620383  0.327847  0.710361  0.671648  0.581751  0.439609  0.578300  0.716465  0.904675  0.574139  0.642470  0.443394  0.724446  0.926434  0.572898  0.527044  0.685472  0.451075  0.714460  0.851274  0.802630  0.809408  0.816052  0.797326  0.447501  0.676553  0.827512  0.581489 
28  0.651839  0.357301  0.546148  0.243422  0.592099  0.276367  0.611173  0.386442  0.592997  0.582375  0.572732  0.269187  0.405123  0.262382  0.495759  0.524012  0.321262  0.497047  0.590354  0.389716  0.605475  0.556613  0.506786  0.601716  0.664274  0.593645  0.555190  0.382052 0.0  0.448265  0.675977  0.664255  0.338647  0.612567  0.362683  0.587909  0.577273  0.607212  0.708241  0.566905  0.595796  0.578910  0.467500  0.682876  0.602784  0.316237  0.485378  0.322331  0.581117  0.302305  0.523746  0.375415  0.482381  0.408322  0.620720  0.551020  0.624983  0.522044  0.497768  0.468429  0.555925  0.552247  0.634954  0.582489  0.541614  0.284302  0.627339  0.264213  0.547246  0.662591  0.399138  0.330528  0.584277  0.550436  0.614287  0.567555  0.513624  0.700384  0.635321  0.226865  0.338403  0.334254  0.590359  0.585813  0.767755  0.314142  0.652798  0.359368  0.593313  0.645521  0.508403  0.524513  0.622405  0.603834  0.246845  0.613868  0.573029  0.323659 
29  0.237920  0.442791  0.505539  0.321970  0.659246  0.279382  0.193674  0.695107  0.313161  0.276421  0.282407  0.323718  0.182002  0.246697  0.469498  0.284299  0.318118  0.383402  0.278728  0.304677  0.532937  0.255383  0.213192  0.297081  0.333259  0.290388  0.687850  0.696406  0.448265 0.0  0.265718  0.466272  0.345384  0.118071  0.256700  0.514430  0.239261  0.293406  0.277007  0.285998  0.299556  0.323195  0.263039  0.259824  0.507427  0.226839  0.345479  0.162531  0.256654  0.243891  0.279110  0.196958  0.535041  0.224586  0.357280  0.431177  0.325534  0.309659  0.358501  0.454591  0.315357  0.487903  0.255527  0.720682  0.307608  0.254713  0.272832  0.301438  0.299839  0.242394  0.263744  0.282353  0.252884  0.253864  0.805375  0.410105  0.281935  0.321020  0.300706  0.306071  0.250807  0.207314  0.223290  0.311297  0.518400  0.272460  0.214560  0.419539  0.262810  0.219384  0.275847  0.309654  0.262100  0.325238  0.300755  0.195437  0.232359  0.333294 
30  0.000000  0.502759  0.355726  0.327353  0.887320  0.356129  0.223060  0.761582  0.436428  0.226883  0.003925  0.375669  0.339763  0.303110  0.470272  0.440570  0.382715  0.478813  0.312964  0.343219  0.370176  0.458797  0.371852  0.466740  0.434573  0.375467  0.453690  0.651231  0.675977  0.265718 0.0  0.364847  0.205120  0.505245  0.239448  0.686672  0.520188  0.394468  0.066623  0.131532  0.528324  0.007785  0.283970  0.532376  0.650925  0.390013  0.237517  0.386718  0.437979  0.301598  0.000000  0.357881  0.407925  0.359394  0.175622  0.596275  0.533963  0.513239  0.180219  0.507362  0.476895  0.625576  0.309865  0.708668  0.201684  0.478069  0.388160  0.347492  0.352346  0.000000  0.350797  0.382229  0.178882  0.494548  0.427451  0.535264  0.258972  0.549479  0.074222  0.483024  0.362652  0.301191  0.442730  0.075778  0.793216  0.336276  0.480264  0.441593  0.448612  0.167062  0.451219  0.348254  0.217093  0.510686  0.397044  0.404725  0.467928  0.390486 
31  0.325621  0.615928  0.301847  0.490864  0.608901  0.646117  0.550183  0.661863  0.640607  0.279427  0.238854  0.554923  0.567744  0.490785  0.592562  0.598001  0.674228  0.556569  0.355031  0.692543  0.246379  0.642499  0.425713  0.632163  0.591689  0.662782  0.357894  0.626991  0.664255  0.466272  0.364847 0.0  0.538733  0.691333  0.561055  0.620130  0.576990  0.549537  0.325220  0.360379  0.622055  0.280159  0.466244  0.604895  0.569043  0.712452  0.475720  0.500482  0.471331  0.576809  0.434508  0.653593  0.503350  0.655862  0.363522  0.678917  0.513380  0.587153  0.615719  0.474541  0.558599  0.458818  0.665810  0.553056  0.414138  0.664596  0.583095  0.507527  0.566346  0.355061  0.702712  0.581731  0.344968  0.607106  0.324895  0.540061  0.399423  0.603629  0.360276  0.585715  0.636076  0.651899  0.686714  0.327524  0.564649  0.608251  0.667524  0.426577  0.582928  0.347445  0.729288  0.608716  0.308270  0.695586  0.602687  0.643491  0.632695  0.502541 
32  0.375699  0.294889  0.722942  0.007101  0.817892  0.170064  0.209277  0.539947  0.338754  0.405746  0.367965  0.000000  0.172635  0.156439  0.388309  0.250913  0.216898  0.410831  0.357676  0.139099  0.624923  0.410997  0.121554  0.323614  0.335303  0.395360  0.699289  0.395822  0.338647  0.345384  0.205120  0.538733 0.0  0.206284  0.021716  0.475165  0.306116  0.349917  0.435814  0.413908  0.413924  0.447689  0.233787  0.390143  0.561606  0.221114  0.326471  0.123589  0.311443  0.089025  0.328773  0.139959  0.529568  0.000000  0.415453  0.489884  0.344013  0.327986  0.254280  0.445862  0.325713  0.498745  0.352953  0.712729  0.250172  0.105951  0.374463  0.037053  0.376449  0.527600  0.156963  0.060923  0.449439  0.333515  0.756820  0.532013  0.270746  0.391133  0.293692  0.172961  0.140756  0.190388  0.392271  0.327679  0.486555  0.015436  0.395048  0.444732  0.219865  0.424908  0.229826  0.372303  0.291061  0.311330  0.131030  0.435259  0.367037  0.077805 
33  0.339898  0.513751  0.510445  0.250794  0.548937  0.347341  0.086611  0.787303  0.178687  0.431989  0.461696  0.325850  0.336117  0.361651  0.436838  0.286309  0.361659  0.168476  0.461649  0.378348  0.619860  0.212046  0.218643  0.189691  0.284513  0.290358  0.718873  0.763195  0.612567  0.118071  0.505245  0.691333  0.206284 0.0  0.292603  0.366785  0.196280  0.244209  0.381665  0.459554  0.225612  0.313184  0.194824  0.123573  0.376254  0.292761  0.268948  0.310043  0.294774  0.312429  0.325440  0.334836  0.426343  0.375143  0.452683  0.387102  0.197664  0.128013  0.051540  0.376693  0.191930  0.546471  0.025644  0.482589  0.500729  0.407749  0.085147  0.341433  0.000000  0.355995  0.368458  0.374279  0.408630  0.212497  0.763273  0.324822  0.287707  0.179257  0.340288  0.470226  0.335197  0.219334  0.276385  0.287039  0.406098  0.361536  0.122682  0.539399  0.151692  0.381968  0.187385  0.308577  0.386098  0.110510  0.388086  0.227499  0.144828  0.393864 
34  0.306292  0.498435  0.593018  0.143004  0.735905  0.192622  0.425935  0.542427  0.333040  0.380598  0.290246  0.066006  0.179974  0.101833  0.534806  0.367395  0.133885  0.403055  0.353957  0.055730  0.534888  0.406049  0.217554  0.427211  0.285170  0.380469  0.729160  0.455398  0.362683  0.256700  0.239448  0.561055  0.021716  0.292603 0.0  0.512731  0.291166  0.443524  0.374686  0.276149  0.295945  0.374804  0.325217  0.315892  0.559667  0.052972  0.238838  0.058056  0.340505  0.068062  0.375165  0.180571  0.442645  0.044596  0.255629  0.453994  0.330767  0.362267  0.472371  0.334346  0.483749  0.491105  0.334278  0.838133  0.345820  0.128293  0.313957  0.097470  0.493983  0.365370  0.190838  0.169118  0.439896  0.379867  0.747473  0.674068  0.136251  0.368966  0.299312  0.112221  0.029984  0.209864  0.252916  0.390564  0.486282  0.112168  0.327512  0.454222  0.292464  0.445540  0.395125  0.494927  0.210735  0.367159  0.288541  0.367439  0.251859  0.128481 
35  0.640926  0.536440  0.718207  0.519951  0.396105  0.659104  0.258188  0.580789  0.358255  0.645027  0.542602  0.478883  0.539305  0.490025  0.334506  0.356436  0.466460  0.497213  0.594285  0.503296  0.563956  0.400483  0.443618  0.453129  0.275766  0.417476  0.558245  0.543316  0.587909  0.514430  0.686672  0.620130  0.475165  0.366785  0.512731 0.0  0.408036  0.372984  0.470494  0.679069  0.320848  0.562739  0.412616  0.485982  0.372173  0.457723  0.540630  0.429150  0.407511  0.439563  0.604894  0.554238  0.403454  0.543081  0.718344  0.467729  0.442860  0.309489  0.235509  0.517723  0.445703  0.430479  0.227688  0.152633  0.611085  0.575825  0.402280  0.468643  0.280659  0.630408  0.576600  0.574141  0.590568  0.541559  0.625533  0.302187  0.476994  0.433860  0.461714  0.522054  0.498797  0.506672  0.321844  0.513471  0.260254  0.487254  0.354163  0.369633  0.404702  0.670330  0.447094  0.560809  0.541633  0.555809  0.571680  0.335798  0.418784  0.640158 
36  0.397842  0.601597  0.660680  0.293202  0.722161  0.475214  0.055296  0.715784  0.267463  0.414842  0.324473  0.258080  0.298044  0.304674  0.368481  0.126441  0.369405  0.148281  0.500227  0.401399  0.621400  0.143506  0.294250  0.205974  0.102985  0.137303  0.782677  0.713926  0.577273  0.239261  0.520188  0.576990  0.306116  0.196280  0.291166  0.408036 0.0  0.173782  0.331822  0.520621  0.187356  0.374230  0.310081  0.267483  0.380073  0.306040  0.210582  0.422777  0.248292  0.385392  0.336084  0.489322  0.400103  0.368781  0.425285  0.363033  0.161437  0.106255  0.153899  0.399967  0.176983  0.456259  0.097391  0.432941  0.500002  0.410286  0.238029  0.188374  0.036144  0.298548  0.312179  0.237511  0.280427  0.259481  0.811452  0.221975  0.221347  0.238388  0.324361  0.308095  0.408758  0.316698  0.115324  0.362295  0.427383  0.288187  0.141674  0.403024  0.233663  0.392919  0.204500  0.305591  0.373945  0.192875  0.258924  0.226411  0.167393  0.291644 
37  0.427138  0.563285  0.559156  0.418573  0.607233  0.394609  0.078036  0.668447  0.110785  0.483095  0.414664  0.365206  0.357703  0.271217  0.510839  0.135263  0.384517  0.249293  0.394639  0.325487  0.661901  0.276331  0.270957  0.227813  0.126192  0.228955  0.677126  0.640724  0.607212  0.293406  0.394468  0.549537  0.349917  0.244209  0.443524  0.372984  0.173782 0.0  0.386168  0.434809  0.127229  0.310947  0.259489  0.277043  0.404102  0.309899  0.227995  0.377259  0.224445  0.247239  0.447628  0.391460  0.415335  0.293718  0.462324  0.454969  0.165945  0.242203  0.142496  0.504063  0.185748  0.349761  0.036680  0.530921  0.416989  0.335972  0.209074  0.278490  0.000000  0.362222  0.317199  0.385152  0.422715  0.234525  0.774356  0.446868  0.328151  0.152510  0.276967  0.396160  0.372309  0.390544  0.209800  0.309241  0.273784  0.403647  0.269783  0.445072  0.180595  0.297433  0.155204  0.256479  0.449254  0.103217  0.338033  0.180961  0.159672  0.430841 
38  0.096928  0.654703  0.521228  0.453269  0.798868  0.378537  0.494402  0.853923  0.344295  0.021271  0.109093  0.336411  0.314732  0.227142  0.430605  0.367657  0.256418  0.368632  0.162949  0.442062  0.418399  0.218189  0.216128  0.246778  0.377515  0.286128  0.446035  0.821322  0.708241  0.277007  0.066623  0.325220  0.435814  0.381665  0.374686  0.470494  0.331822  0.386168 0.0  0.063188  0.300562  0.068305  0.313614  0.302914  0.465150  0.349092  0.276943  0.350607  0.279795  0.423918  0.092767  0.394421  0.502422  0.305702  0.039277  0.530652  0.312522  0.339757  0.540531  0.537817  0.244868  0.548262  0.304806  0.927744  0.070800  0.492691  0.328519  0.346688  0.487973  0.000000  0.425675  0.548105  0.062221  0.361079  0.579708  0.670259  0.228214  0.329413  0.028697  0.296269  0.333944  0.527299  0.302961  0.000000  0.570472  0.313067  0.291840  0.397662  0.342030  0.250528  0.311913  0.445998  0.105790  0.364402  0.356635  0.341607  0.280482  0.431189 
39  0.197986  0.578086  0.312831  0.288407  0.893211  0.404089  0.273381  0.723645  0.467851  0.145077  0.139917  0.324907  0.290658  0.429066  0.458108  0.375969  0.489441  0.466669  0.178851  0.343957  0.394173  0.501491  0.322503  0.493180  0.563625  0.477677  0.494544  0.879124  0.566905  0.285998  0.131532  0.360379  0.413908  0.459554  0.276149  0.679069  0.520621  0.434809  0.063188 0.0  0.416141  0.061898  0.347177  0.335221  0.617269  0.339602  0.316925  0.284088  0.488429  0.246124  0.051769  0.434583  0.551108  0.290970  0.261922  0.756890  0.451363  0.581846  0.402651  0.394608  0.427442  0.472397  0.238698  0.803120  0.205509  0.270807  0.478792  0.348237  0.308852  0.253207  0.444631  0.399815  0.061139  0.468301  0.358840  0.510363  0.255040  0.440876  0.065069  0.291518  0.339946  0.371184  0.413899  0.107992  0.581587  0.331815  0.477939  0.498740  0.451664  0.189415  0.474711  0.363100  0.185057  0.449635  0.332319  0.404333  0.560678  0.388196 
