98
0 0.0  0.361050  0.318740  0.497036  0.496126  0.545819  0.359373  0.482864  0.260053  0.315227  0.291520  0.136545  0.321824  0.515331  0.383230  0.647589  0.579737  0.602129  0.316556  0.466424  0.545942  0.444448  0.548735  0.537122  0.600748  0.288535  0.505843  0.691306  0.300705  0.524036  0.214209  0.377147  0.591247  0.255229  0.247697  0.559084  0.244693  0.536647  0.592426  0.603538  0.461120  0.483809  0.646892  0.563148  0.397814  0.589272  0.362314  0.618369  0.577763  0.523293  0.592405  0.361341  0.530900  0.503690  0.476614  0.276589  0.375741  0.253177  0.295467  0.227828  0.544922  0.518551  0.293469  0.495066  0.264200  0.646639  0.181685  0.172549  0.571357  0.561557  0.541516  0.408836  0.480049  0.242206  0.457071  0.487657  0.474457  0.210459  0.526047  0.392525  0.561744  0.627751  0.605951  0.510324  0.305085  0.290453  0.585472  0.367606  0.328189  0.462132  0.478017  0.487667  0.591593  0.222061  0.405201  0.470816  0.448376  0.539007 
1  0.361050 0.0  0.410012  0.119596  0.378717  0.275427  0.334241  0.251973  0.158420  0.145374  0.185568  0.504765  0.177118  0.768595  0.045545  0.845694  0.408899  0.506385  0.263079  0.378056  0.438138  0.434322  0.266028  0.348643  0.576135  0.095920  0.399869  0.608904  0.318754  0.459213  0.082034  0.323448  0.256607  0.110352  0.082133  0.273011  0.193350  0.243999  0.308961  0.486190  0.804170  0.339393  0.379069  0.435959  0.189941  0.467540  0.659183  0.476938  0.308102  0.596990  0.400247  0.218328  0.345409  0.339559  0.477263  0.399115  0.251271  0.368514  0.174303  0.135902  0.261328  0.295975  0.266529  0.413671  0.248399  0.318372  0.155025  0.202247  0.410418  0.510080  0.485454  0.271625  0.334689  0.182052  0.438469  0.052281  0.327022  0.191515  0.717370  0.249043  0.421823  0.388058  0.267821  0.794728  0.316103  0.160157  0.386562  0.177900  0.254214  0.349954  0.715421  0.396052  0.211769  0.156485  0.362207  0.505735  0.132459  0.313543 
2  0.318740  0.410012 0.0  0.482601  0.620767  0.520667  0.360820  0.587160  0.376116  0.405907  0.380093  0.355662  0.332105  0.548870  0.314848  0.567681  0.490173  0.554578  0.399392  0.600660  0.632784  0.291376  0.498001  0.582374  0.723772  0.326739  0.428000  0.573320  0.333289  0.419803  0.459441  0.561052  0.499085  0.345345  0.325031  0.557726  0.332153  0.429915  0.460293  0.608121  0.577315  0.436331  0.522307  0.551263  0.472391  0.382003  0.324958  0.621653  0.577950  0.407914  0.633751  0.375118  0.521858  0.491051  0.324771  0.372510  0.595371  0.379670  0.359273  0.458285  0.390650  0.455574  0.298212  0.503723  0.270727  0.461374  0.250743  0.299549  0.516603  0.550237  0.641101  0.423282  0.526222  0.333748  0.619849  0.256539  0.524862  0.429702  0.500280  0.485990  0.546318  0.566233  0.527251  0.577146  0.340090  0.420686  0.552380  0.286945  0.370115  0.391426  0.639568  0.417494  0.549267  0.310545  0.538317  0.434190  0.444008  0.520548 
3  0.497036  0.119596  0.482601 0.0  0.271365  0.272971  0.403388  0.213103  0.275912  0.257477  0.339788  0.529077  0.256447  0.666250  0.284624  0.689316  0.152629  0.458009  0.272197  0.233846  0.302296  0.694756  0.215375  0.226753  0.447899  0.212938  0.282353  0.460478  0.222160  0.517858  0.304339  0.307257  0.268040  0.236207  0.347542  0.214218  0.261466  0.242658  0.362983  0.197755  0.599549  0.277366  0.313456  0.110820  0.316751  0.329923  0.631304  0.232300  0.253425  0.393958  0.258320  0.266186  0.345270  0.288093  0.624068  0.384515  0.292585  0.471293  0.165549  0.215905  0.228797  0.260997  0.305459  0.318967  0.199087  0.180084  0.289864  0.319179  0.482750  0.421219  0.226573  0.231852  0.325242  0.308053  0.241276  0.307043  0.297981  0.330235  0.695435  0.178714  0.464342  0.247623  0.127365  0.722907  0.453657  0.205099  0.227754  0.380034  0.255764  0.234761  0.680119  0.320019  0.274127  0.299644  0.288438  0.540346  0.251249  0.326570 
4  0.496126  0.378717  0.620767  0.271365 0.0  0.033887  0.537917  0.457323  0.383147  0.410958  0.352187  0.553358  0.360135  0.643825  0.407832  0.758258  0.394038  0.261581  0.495547  0.194637  0.419346  0.787194  0.150690  0.354853  0.459519  0.322399  0.187542  0.559304  0.416491  0.407787  0.460765  0.106803  0.335400  0.391948  0.398432  0.367891  0.492790  0.072914  0.398855  0.289430  0.510054  0.374022  0.097386  0.204200  0.255679  0.160075  0.809346  0.133919  0.218517  0.277526  0.138117  0.379005  0.108565  0.086156  0.655374  0.614042  0.054113  0.486226  0.350535  0.242868  0.274994  0.185044  0.434287  0.327764  0.414179  0.401618  0.318433  0.412206  0.344891  0.355050  0.417999  0.245671  0.120345  0.409434  0.463889  0.383139  0.246653  0.389580  0.437400  0.259996  0.338758  0.381368  0.177632  0.830884  0.564964  0.325249  0.409542  0.613907  0.369597  0.204168  0.801963  0.461232  0.356810  0.432737  0.425425  0.493843  0.287820  0.135326 
5  0.545819  0.275427  0.520667  0.272971  0.033887 0.0  0.469513  0.386613  0.391708  0.245461  0.328984  0.484884  0.249550  0.826885  0.450424  0.780407  0.497683  0.411650  0.372196  0.143109  0.363160  0.826367  0.051349  0.371324  0.335025  0.477314  0.092386  0.500309  0.401782  0.518714  0.327925  0.144811  0.271642  0.368721  0.310975  0.340240  0.366674  0.036489  0.419302  0.354800  0.444278  0.264304  0.280248  0.116891  0.273688  0.195472  0.665762  0.176109  0.000000  0.269232  0.070621  0.290912  0.061215  0.048242  0.813776  0.466092  0.120229  0.468200  0.296732  0.378132  0.326171  0.159514  0.258197  0.430114  0.331528  0.384267  0.332012  0.383900  0.382574  0.346865  0.322280  0.272761  0.055822  0.394446  0.386194  0.426992  0.092183  0.336765  0.418481  0.175806  0.234893  0.311736  0.188832  0.748970  0.428636  0.248203  0.348401  0.572366  0.361237  0.279346  0.719472  0.407186  0.368802  0.341950  0.320783  0.431567  0.308985  0.070389 
6  0.359373  0.334241  0.360820  0.403388  0.537917  0.469513 0.0  0.507725  0.444126  0.282274  0.500505  0.455357  0.313647  0.555756  0.247874  0.634035  0.546424  0.469770  0.436065  0.386577  0.634342  0.200889  0.583840  0.544388  0.550371  0.338964  0.505907  0.518902  0.332711  0.357536  0.404596  0.570803  0.482425  0.255478  0.214226  0.514640  0.330704  0.512913  0.587579  0.558375  0.473205  0.622517  0.583088  0.502645  0.365222  0.580089  0.338178  0.599976  0.626715  0.450425  0.608862  0.415333  0.486626  0.563952  0.189202  0.464983  0.537327  0.390544  0.336867  0.333488  0.422752  0.525874  0.442134  0.584724  0.270937  0.564323  0.355529  0.338045  0.554029  0.564258  0.586964  0.411910  0.474933  0.422993  0.630561  0.276126  0.508207  0.390023  0.467113  0.439796  0.469306  0.450043  0.529485  0.506469  0.357859  0.542165  0.660879  0.244610  0.441436  0.495475  0.566940  0.543678  0.433607  0.423632  0.479735  0.446426  0.471649  0.489927 
7  0.482864  0.251973  0.587160  0.213103  0.457323  0.386613  0.507725 0.0  0.228710  0.356343  0.396799  0.529031  0.333114  0.563540  0.324732  0.518364  0.319200  0.521659  0.343491  0.374640  0.111343  0.594134  0.380552  0.149247  0.551836  0.347313  0.346906  0.296884  0.386789  0.471147  0.377798  0.406538  0.019880  0.351816  0.403372  0.052206  0.478952  0.378660  0.110324  0.108504  0.738949  0.060743  0.291988  0.296499  0.361616  0.322165  0.670821  0.400925  0.385167  0.488207  0.382861  0.343714  0.556826  0.463595  0.732378  0.538967  0.275600  0.513185  0.305576  0.263437  0.266616  0.333160  0.264843  0.202086  0.315649  0.000000  0.267546  0.363614  0.622050  0.523911  0.000000  0.203792  0.382372  0.368401  0.132590  0.306742  0.430795  0.353515  0.718383  0.223945  0.550715  0.000000  0.397557  0.359320  0.513670  0.342388  0.087725  0.466871  0.356837  0.211766  0.363227  0.390175  0.375494  0.308997  0.143234  0.477937  0.215219  0.360376 
8  0.260053  0.158420  0.376116  0.275912  0.383147  0.391708  0.444126  0.228710 0.0  0.167378  0.161120  0.346539  0.274408  0.801100  0.166043  0.861006  0.350761  0.575597  0.100745  0.384196  0.417821  0.389262  0.406712  0.387942  0.628054  0.225756  0.371635  0.584980  0.201054  0.478364  0.230584  0.377419  0.362106  0.056458  0.000000  0.323200  0.200195  0.331588  0.378795  0.304336  0.567895  0.342850  0.338121  0.364819  0.242206  0.324443  0.488874  0.385829  0.374478  0.410803  0.445963  0.221898  0.356679  0.348218  0.468478  0.464066  0.251152  0.386684  0.288511  0.140442  0.298500  0.396673  0.167278  0.330538  0.152902  0.362914  0.178297  0.134618  0.428587  0.604224  0.560518  0.289972  0.401077  0.215636  0.412592  0.000000  0.369716  0.119453  0.692715  0.253481  0.398344  0.372570  0.308352  0.782086  0.372162  0.232618  0.306691  0.194838  0.190156  0.288472  0.689334  0.478386  0.314537  0.180784  0.349333  0.476817  0.247152  0.245193 
9  0.315227  0.145374  0.405907  0.257477  0.410958  0.245461  0.282274  0.356343  0.167378 0.0  0.107329  0.395373  0.184545  0.731367  0.050395  0.741791  0.364832  0.511966  0.143412  0.344347  0.461428  0.442078  0.321007  0.277903  0.600038  0.241657  0.368177  0.483896  0.186488  0.531097  0.295660  0.366726  0.371828  0.035704  0.046288  0.238996  0.259342  0.303785  0.444451  0.433953  0.667758  0.266119  0.276136  0.360783  0.257786  0.370451  0.501704  0.350246  0.322369  0.554156  0.404137  0.246179  0.444723  0.331803  0.531623  0.297886  0.324094  0.404189  0.162682  0.190981  0.262232  0.368019  0.196194  0.405678  0.194808  0.333551  0.236729  0.193203  0.547575  0.535827  0.373050  0.191204  0.275584  0.124543  0.409373  0.033151  0.367183  0.236536  0.680427  0.137786  0.492604  0.236638  0.256295  0.729728  0.327917  0.169933  0.284317  0.278699  0.133095  0.210410  0.666174  0.561827  0.392633  0.164896  0.283339  0.445601  0.209130  0.288843 
10  0.291520  0.185568  0.380093  0.339788  0.352187  0.328984  0.500505  0.396799  0.161120  0.107329 0.0  0.349614  0.190701  0.651088  0.000000  0.644927  0.326043  0.512605  0.125547  0.334507  0.491613  0.344787  0.310021  0.391016  0.578594  0.177747  0.274669  0.520931  0.182958  0.525210  0.208619  0.264178  0.350058  0.108105  0.169584  0.380187  0.138029  0.287811  0.397411  0.399287  0.760124  0.322855  0.266155  0.443289  0.333046  0.193961  0.532458  0.406638  0.358561  0.449533  0.378498  0.086078  0.406832  0.304574  0.469490  0.279658  0.293723  0.374833  0.215352  0.236299  0.303120  0.308071  0.282538  0.317305  0.284725  0.303815  0.182874  0.171735  0.463891  0.582008  0.406265  0.215859  0.410429  0.182719  0.462951  0.069759  0.300704  0.241115  0.702009  0.178416  0.496068  0.453120  0.250223  0.748622  0.417132  0.291139  0.412805  0.322314  0.163365  0.410127  0.657316  0.481483  0.211130  0.283201  0.353159  0.461252  0.329762  0.305095 
11  0.136545  0.504765  0.355662  0.529077  0.553358  0.484884  0.455357  0.529031  0.346539  0.395373  0.349614 0.0  0.410941  0.654962  0.275404  0.479898  0.600295  0.509506  0.319305  0.584586  0.569867  0.308130  0.574239  0.528564  0.499103  0.320213  0.554360  0.658065  0.344820  0.426766  0.347727  0.529707  0.460552  0.239852  0.194898  0.431505  0.382245  0.436549  0.438343  0.614982  0.510351  0.475514  0.515512  0.556053  0.553277  0.529908  0.449932  0.583389  0.582869  0.463772  0.533221  0.392316  0.621740  0.619207  0.190288  0.456916  0.584696  0.415891  0.469738  0.432079  0.377961  0.425136  0.441665  0.572762  0.383257  0.539119  0.357798  0.414688  0.554364  0.619945  0.503780  0.443533  0.528562  0.401739  0.617294  0.354302  0.553836  0.400670  0.625414  0.437670  0.534114  0.551340  0.513575  0.543783  0.453337  0.300215  0.559686  0.321700  0.356337  0.278828  0.535384  0.332537  0.420405  0.396530  0.471967  0.451742  0.478971  0.448560 
12  0.321824  0.177118  0.332105  0.256447  0.360135  0.249550  0.313647  0.333114  0.274408  0.184545  0.190701  0.410941 0.0  0.712360  0.111482  0.706779  0.309238  0.515536  0.166862  0.375744  0.418912  0.484396  0.331407  0.293938  0.534132  0.239462  0.264437  0.623523  0.135237  0.452754  0.233049  0.348688  0.279345  0.100748  0.039242  0.363609  0.206918  0.221947  0.272313  0.385216  0.778361  0.255762  0.300782  0.364661  0.313364  0.220701  0.527994  0.377194  0.288816  0.518117  0.392732  0.156125  0.382967  0.292319  0.448716  0.305921  0.379359  0.317371  0.236965  0.198776  0.172507  0.319928  0.147692  0.407660  0.236739  0.418757  0.083948  0.142152  0.520297  0.590610  0.321832  0.326907  0.252294  0.096384  0.294527  0.052184  0.453835  0.245460  0.748789  0.301666  0.565218  0.238548  0.411314  0.663520  0.360115  0.227294  0.323805  0.216553  0.160367  0.210106  0.801862  0.476715  0.396607  0.210812  0.371549  0.487445  0.207397  0.273015 
13  0.515331  0.768595  0.548870  0.666250  0.643825  0.826885  0.555756  0.563540  0.801100  0.731367  0.651088  0.654962  0.712360 0.0  0.679474  0.223944  0.859836  0.585022  0.751683  0.747787  0.474129  0.426630  0.813728  0.468929  0.589489  0.664770  0.757056  0.371757  0.757236  0.480130  0.820839  0.752571  0.467227  0.750270  0.700164  0.517168  0.814238  0.691193  0.393453  0.442516  0.361868  0.509205  0.740191  0.774633  0.624667  0.715122  0.846855  0.900196  0.803177  0.565555  0.818946  0.756388  0.737488  0.829355  0.777585  0.592468  0.723335  0.521865  0.822948  0.734550  0.634131  0.746197  0.842904  0.479312  0.777947  0.492296  0.739786  0.698616  0.572726  0.515973  0.497162  0.658725  0.810010  0.802775  0.475522  0.728018  0.727787  0.739224  0.808177  0.711786  0.508810  0.480927  0.808670  0.213733  0.436764  0.753814  0.525605  0.627130  0.772130  0.644973  0.069657  0.445139  0.727775  0.783667  0.562460  0.570703  0.668134  0.764996 
14  0.383230  0.045545  0.314848  0.284624  0.407832  0.450424  0.247874  0.324732  0.166043  0.050395  0.000000  0.275404  0.111482  0.679474 0.0  0.874893  0.396854  0.746307  0.019183  0.264111  0.300244  0.633390  0.324211  0.293534  0.585840  0.080942  0.287019  0.667069  0.079071  0.470536  0.121090  0.351637  0.236641  0.042064  0.008643  0.430931  0.011364  0.365352  0.336365  0.364545  0.767947  0.415573  0.414621  0.330347  0.290453  0.397881  0.510866  0.327450  0.323130  0.560004  0.364025  0.057371  0.259309  0.392387  0.663174  0.242068  0.344667  0.286244  0.039831  0.110968  0.259086  0.306768  0.026415  0.397341  0.071700  0.351361  0.154155  0.182202  0.743551  0.503769  0.310245  0.231189  0.421610  0.019714  0.339909  0.133797  0.392691  0.050405  0.745709  0.307888  0.578934  0.401074  0.447433  0.589740  0.315723  0.060709  0.375932  0.459218  0.122386  0.390495  0.738348  0.415413  0.438796  0.147582  0.388844  0.556237  0.188317  0.274731 
15  0.647589  0.845694  0.567681  0.689316  0.758258  0.780407  0.634035  0.518364  0.861006  0.741791  0.644927  0.479898  0.706779  0.223944  0.874893 0.0  1.000000  0.778946  0.704198  0.712735  0.393373  0.450985  0.795264  0.352765  0.577141  0.770498  0.713379  0.216746  0.674942  0.415219  0.765980  0.696001  0.368776  0.673263  0.691234  0.513369  0.742608  0.750276  0.610453  0.576368  0.316629  0.480951  0.732205  0.690324  0.675631  0.825045  0.672625  0.839754  0.727142  0.450031  0.749430  0.642426  0.780288  0.785786  0.884978  0.606279  0.674525  0.430713  0.700688  0.619954  0.613005  0.615627  0.680594  0.541128  0.718446  0.370289  0.703971  0.714375  0.508668  0.634992  0.400540  0.666746  0.756668  0.636458  0.491271  0.859616  0.825646  0.620049  0.732135  0.646398  0.523465  0.454349  0.750916  0.144149  0.614065  0.707507  0.476871  0.723021  0.711876  0.663987  0.018970  0.436649  0.828637  0.752514  0.491925  0.519826  0.606345  0.717610 
16  0.579737  0.408899  0.490173  0.152629  0.394038  0.497683  0.546424  0.319200  0.350761  0.364832  0.326043  0.600295  0.309238  0.859836  0.396854  1.000000 0.0  0.643920  0.397720  0.316155  0.370873  0.876951  0.422690  0.330269  0.593875  0.331809  0.302856  0.540177  0.324282  0.463420  0.458817  0.265970  0.359413  0.360385  0.252109  0.384767  0.261401  0.229852  0.411492  0.384281  0.704424  0.258529  0.314032  0.300096  0.235504  0.452372  0.745903  0.259518  0.370598  0.580295  0.359856  0.411415  0.340108  0.347584  0.906448  0.517641  0.368348  0.534330  0.328169  0.296091  0.238785  0.317681  0.341631  0.331480  0.371645  0.403708  0.272975  0.374531  0.590177  0.617315  0.346157  0.260193  0.349612  0.304677  0.336996  0.372954  0.290474  0.364525  0.703576  0.228851  0.526833  0.281030  0.463809  0.711669  0.575036  0.352514  0.388358  0.649601  0.278698  0.246060  0.751323  0.389459  0.152283  0.320129  0.278553  0.486973  0.240177  0.340524 
17  0.602129  0.506385  0.554578  0.458009  0.261581  0.411650  0.469770  0.521659  0.575597  0.511966  0.512605  0.509506  0.515536  0.585022  0.746307  0.778946  0.643920 0.0  0.512869  0.152392  0.572656  0.584707  0.256372  0.590979  0.281080  0.564488  0.291908  0.647154  0.503658  0.600415  0.469474  0.291809  0.464965  0.443766  0.462180  0.393816  0.521049  0.225851  0.694389  0.600509  0.252487  0.551779  0.353599  0.284776  0.435481  0.410240  0.591399  0.208933  0.168015  0.256047  0.348742  0.491262  0.195744  0.253151  0.647891  0.562887  0.289900  0.399663  0.511337  0.593029  0.424987  0.290236  0.478918  0.498953  0.435542  0.451056  0.488994  0.539257  0.372005  0.362157  0.544534  0.482618  0.291600  0.541624  0.515076  0.586453  0.286157  0.562977  0.292516  0.453921  0.172927  0.529980  0.367425  0.519686  0.547881  0.453864  0.542966  0.677571  0.443186  0.387033  0.516040  0.383708  0.623391  0.608812  0.682576  0.538787  0.530431  0.297027 
18  0.316556  0.263079  0.399392  0.272197  0.495547  0.372196  0.436065  0.343491  0.100745  0.143412  0.125547  0.319305  0.166862  0.751683  0.019183  0.704198  0.397720  0.512869 0.0  0.378306  0.520784  0.437439  0.369251  0.252291  0.570679  0.123278  0.342469  0.569574  0.244147  0.455849  0.170489  0.349527  0.313071  0.081295  0.031862  0.365500  0.196123  0.232787  0.292459  0.373971  0.681322  0.401418  0.319873  0.391459  0.211749  0.298676  0.642758  0.323547  0.335129  0.370652  0.255143  0.138719  0.396109  0.318837  0.604596  0.400663  0.208543  0.365278  0.099075  0.138906  0.123520  0.298186  0.097623  0.426114  0.205756  0.380558  0.212838  0.257279  0.568602  0.504008  0.402717  0.252566  0.184905  0.191361  0.398271  0.079841  0.294944  0.182243  0.650068  0.262942  0.568001  0.207009  0.355679  0.733767  0.378572  0.216353  0.415807  0.209290  0.254044  0.313015  0.667431  0.475834  0.333773  0.119138  0.289708  0.464759  0.284338  0.258403 
19  0.466424  0.378056  0.600660  0.233846  0.194637  0.143109  0.386577  0.374640  0.384196  0.344347  0.334507  0.584586  0.375744  0.747787  0.264111  0.712735  0.316155  0.152392  0.378306 0.0  0.343525  0.726406  0.082743  0.350764  0.328981  0.354891  0.028278  0.618782  0.300738  0.489208  0.338555  0.038851  0.312319  0.222343  0.359810  0.337822  0.338863  0.000000  0.249826  0.399874  0.472164  0.454675  0.082454  0.083999  0.318247  0.000000  0.705697  0.087401  0.081348  0.222035  0.113990  0.334909  0.025556  0.055906  0.724742  0.488426  0.041709  0.533753  0.186881  0.286389  0.290313  0.060764  0.371209  0.486059  0.324234  0.345357  0.324037  0.241118  0.194637  0.298000  0.368475  0.176850  0.202687  0.366324  0.269246  0.372822  0.083920  0.228029  0.367235  0.184595  0.263808  0.404287  0.000553  0.782412  0.573561  0.287670  0.387662  0.549460  0.367085  0.204302  0.704454  0.277805  0.327142  0.213497  0.241379  0.462454  0.222115  0.059212 
20  0.545942  0.438138  0.632784  0.302296  0.419346  0.363160  0.634342  0.111343  0.417821  0.461428  0.491613  0.569867  0.418912  0.474129  0.300244  0.393373  0.370873  0.572656  0.520784  0.343525 0.0  0.590991  0.265883  0.145821  0.543440  0.473524  0.302390  0.245136  0.501114  0.464996  0.512931  0.283354  0.002178  0.390234  0.334449  0.052563  0.425533  0.377884  0.000000  0.197197  0.740766  0.119229  0.311926  0.357143  0.220368  0.261503  0.891144  0.371048  0.111891  0.561509  0.337475  0.441533  0.324888  0.242145  0.542330  0.718137  0.366776  0.624124  0.388728  0.459225  0.368894  0.184377  0.470142  0.132387  0.336243  0.093444  0.510337  0.469253  0.441368  0.496620  0.205328  0.189312  0.404102  0.378842  0.239995  0.228173  0.467601  0.360263  0.794573  0.249273  0.478518  0.126783  0.315169  0.425152  0.651212  0.417745  0.000000  0.588907  0.446944  0.357664  0.374824  0.406448  0.329721  0.473085  0.055328  0.470690  0.364461  0.224268 
21  0.444448  0.434322  0.291376  0.694756  0.787194  0.826367  0.200889  0.594134  0.389262  0.442078  0.344787  0.308130  0.484396  0.426630  0.633390  0.450985  0.876951  0.584707  0.437439  0.726406  0.590991 0.0  0.775980  0.646966  0.624141  0.601635  0.795364  0.507630  0.446364  0.504813  0.394417  0.622952  0.686861  0.482790  0.510900  0.759535  0.435474  0.735108  0.907799  0.737016  0.457287  0.826664  0.814794  0.683728  0.628210  0.879710  0.468569  0.764114  0.743496  0.487856  0.712181  0.431839  0.566546  0.781583  0.540174  0.246113  0.732965  0.285707  0.469310  0.428536  0.622860  0.746569  0.519117  0.675104  0.432082  0.698189  0.359559  0.514854  0.564373  0.603674  0.792647  0.663099  0.672234  0.331417  0.602381  0.444237  0.738801  0.482987  0.693760  0.720182  0.607840  0.677347  0.886637  0.357950  0.161266  0.464050  0.760178  0.385373  0.458403  0.667729  0.344843  0.356938  0.806122  0.473601  0.655583  0.455224  0.576904  0.671811 
22  0.548735  0.266028  0.498001  0.215375  0.150690  0.051349  0.583840  0.380552  0.406712  0.321007  0.310021  0.574239  0.331407  0.813728  0.324211  0.795264  0.422690  0.256372  0.369251  0.082743  0.265883  0.775980 0.0  0.198679  0.379845  0.341570  0.162141  0.527371  0.347055  0.443852  0.241287  0.052606  0.400194  0.385230  0.427359  0.549839  0.379381  0.272573  0.334846  0.392333  0.639456  0.326465  0.091257  0.251626  0.268106  0.011153  0.756811  0.131887  0.196311  0.385303  0.160384  0.324260  0.035635  0.021370  0.733314  0.567366  0.094880  0.565708  0.244014  0.289631  0.226097  0.151924  0.319806  0.291055  0.401429  0.565077  0.334913  0.272983  0.206912  0.265157  0.315784  0.163763  0.067258  0.307657  0.374790  0.248350  0.228508  0.295280  0.529696  0.320363  0.523674  0.406810  0.031034  0.778137  0.533757  0.323112  0.476987  0.481154  0.195859  0.283857  0.855323  0.397356  0.356140  0.263409  0.238440  0.564253  0.260775  0.029629 
23  0.537122  0.348643  0.582374  0.226753  0.354853  0.371324  0.544388  0.149247  0.387942  0.277903  0.391016  0.528564  0.293938  0.468929  0.293534  0.352765  0.330269  0.590979  0.252291  0.350764  0.145821  0.646966  0.198679 0.0  0.620791  0.357421  0.289155  0.299803  0.405306  0.478731  0.312889  0.244169  0.078573  0.321813  0.324158  0.083888  0.336807  0.295120  0.039745  0.134657  0.805746  0.064410  0.468186  0.241501  0.336770  0.258693  0.669698  0.419373  0.369003  0.520785  0.354687  0.253088  0.458761  0.514816  0.683140  0.436176  0.293014  0.436193  0.298317  0.256755  0.223739  0.359541  0.291651  0.081435  0.302775  0.000000  0.300965  0.310791  0.512877  0.579034  0.199915  0.136257  0.236990  0.343828  0.059931  0.333653  0.394809  0.252216  0.686148  0.192603  0.613848  0.000000  0.291871  0.420601  0.518499  0.264224  0.103696  0.518846  0.302482  0.219173  0.344420  0.480132  0.373388  0.290811  0.232691  0.477514  0.176615  0.462269 
24  0.600748  0.576135  0.723772  0.447899  0.459519  0.335025  0.550371  0.551836  0.628054  0.600038  0.578594  0.499103  0.534132  0.589489  0.585840  0.577141  0.593875  0.281080  0.570679  0.328981  0.543440  0.624141  0.379845  0.620791 0.0  0.596255  0.295553  0.512899  0.512362  0.455189  0.569404  0.266846  0.651296  0.564542  0.621895  0.470960  0.667269  0.363961  0.603450  0.627319  0.297091  0.605080  0.418150  0.353756  0.444949  0.328673  0.563379  0.319729  0.307347  0.270592  0.317954  0.598142  0.346333  0.287330  0.581976  0.611495  0.376443  0.612606  0.532904  0.466638  0.437163  0.298873  0.575984  0.584944  0.534581  0.616098  0.550124  0.523040  0.372386  0.350540  0.618365  0.385070  0.241719  0.560458  0.643244  0.538586  0.230218  0.617155  0.332036  0.442569  0.424530  0.559958  0.372650  0.581924  0.669563  0.495641  0.605830  0.509960  0.624326  0.422108  0.514010  0.410762  0.562493  0.636304  0.568426  0.363862  0.409526  0.334867 
25  0.288535  0.095920  0.326739  0.212938  0.322399  0.477314  0.338964  0.347313  0.225756  0.241657  0.177747  0.320213  0.239462  0.664770  0.080942  0.770498  0.331809  0.564488  0.123278  0.354891  0.473524  0.601635  0.341570  0.357421  0.596255 0.0  0.272360  0.512163  0.296240  0.428498  0.179493  0.326146  0.367105  0.060492  0.022705  0.328243  0.104235  0.249607  0.361897  0.410069  0.738887  0.367418  0.218718  0.321683  0.265674  0.400321  0.552774  0.242084  0.439376  0.479572  0.430982  0.204451  0.342887  0.358990  0.440735  0.370446  0.367342  0.344663  0.240679  0.130267  0.253429  0.276338  0.202330  0.326738  0.282549  0.329148  0.191605  0.254484  0.601440  0.551997  0.375781  0.203747  0.322447  0.088245  0.294990  0.131710  0.357446  0.071634  0.833469  0.315335  0.531789  0.368235  0.391250  0.626913  0.382439  0.189453  0.331333  0.282976  0.220121  0.172948  0.738075  0.391204  0.303106  0.284803  0.291337  0.470045  0.212834  0.316831 
26  0.505843  0.399869  0.428000  0.282353  0.187542  0.092386  0.505907  0.346906  0.371635  0.368177  0.274669  0.554360  0.264437  0.757056  0.287019  0.713379  0.302856  0.291908  0.342469  0.028278  0.302390  0.795364  0.162141  0.289155  0.295553  0.272360 0.0  0.513115  0.303651  0.431557  0.308401  0.267516  0.392393  0.349291  0.328053  0.453549  0.313895  0.215845  0.380935  0.372989  0.607748  0.458694  0.074916  0.182038  0.244669  0.106107  0.707967  0.164901  0.174403  0.489236  0.111808  0.372487  0.177594  0.168092  0.687815  0.554032  0.222468  0.528637  0.181016  0.346424  0.229566  0.201718  0.256361  0.241922  0.420242  0.435547  0.374006  0.355675  0.323205  0.401642  0.334992  0.275922  0.058785  0.280492  0.304650  0.298737  0.122803  0.243418  0.648661  0.167787  0.385902  0.404027  0.060337  0.785781  0.552058  0.329935  0.352991  0.469380  0.283660  0.186353  0.837578  0.446531  0.202606  0.484453  0.259522  0.468731  0.220132  0.000000 
27  0.691306  0.608904  0.573320  0.460478  0.559304  0.500309  0.518902  0.296884  0.584980  0.483896  0.520931  0.658065  0.623523  0.371757  0.667069  0.216746  0.540177  0.647154  0.569574  0.618782  0.245136  0.507630  0.527371  0.299803  0.512899  0.512163  0.513115 0.0  0.593630  0.385846  0.515424  0.534691  0.329396  0.574337  0.654355  0.356814  0.591819  0.479252  0.207455  0.261000  0.670916  0.342703  0.569572  0.667715  0.399202  0.619326  0.471681  0.551586  0.647967  0.610374  0.639672  0.680540  0.556534  0.669620  0.642319  0.554835  0.538923  0.586514  0.590560  0.565585  0.379481  0.497701  0.588552  0.357475  0.641011  0.411612  0.612476  0.580244  0.535959  0.598430  0.356283  0.536240  0.596034  0.713925  0.356714  0.594629  0.552876  0.637003  0.458847  0.473667  0.600178  0.281284  0.619818  0.328352  0.491734  0.540632  0.369920  0.603844  0.636135  0.408175  0.380512  0.422046  0.617837  0.564855  0.371967  0.464945  0.463043  0.603794 
28  0.300705  0.318754  0.333289  0.222160  0.416491  0.401782  0.332711  0.386789  0.201054  0.186488  0.182958  0.344820  0.135237  0.757236  0.079071  0.674942  0.324282  0.503658  0.244147  0.300738  0.501114  0.446364  0.347055  0.405306  0.512362  0.296240  0.303651  0.593630 0.0  0.425900  0.226483  0.251064  0.312276  0.000000  0.052680  0.364334  0.174554  0.384133  0.238052  0.373723  0.827956  0.393374  0.266062  0.227747  0.292763  0.255029  0.506805  0.432151  0.332122  0.526344  0.394935  0.164552  0.440021  0.305820  0.459273  0.367848  0.270542  0.366030  0.189250  0.186796  0.258129  0.342507  0.224940  0.341222  0.153102  0.287872  0.222549  0.241982  0.630997  0.594979  0.391162  0.216937  0.371926  0.147706  0.367953  0.056227  0.427393  0.131045  0.716508  0.259110  0.534994  0.374659  0.361946  0.713600  0.358329  0.208707  0.367562  0.295539  0.240832  0.249228  0.746780  0.389253  0.271741  0.214146  0.322214  0.475563  0.177070  0.295064 
29  0.524036  0.459213  0.419803  0.517858  0.407787  0.518714  0.357536  0.471147  0.478364  0.531097  0.525210  0.426766  0.452754  0.480130  0.470536  0.415219  0.463420  0.600415  0.455849  0.489208  0.464996  0.504813  0.443852  0.478731  0.455189  0.428498  0.431557  0.385846  0.425900 0.0  0.402723  0.502170  0.546280  0.371585  0.451666  0.391066  0.487287  0.468561  0.462203  0.502372  0.521700  0.411061  0.393130  0.499887  0.494157  0.441316  0.513822  0.457426  0.500546  0.423079  0.353878  0.363223  0.519800  0.447810  0.446010  0.439930  0.430733  0.491236  0.525574  0.544953  0.541312  0.424245  0.393250  0.462182  0.392249  0.400887  0.334567  0.462341  0.377184  0.444317  0.407994  0.435620  0.532041  0.550157  0.484676  0.459817  0.472486  0.384211  0.401587  0.459450  0.416337  0.396048  0.475830  0.521495  0.418422  0.434367  0.368177  0.491401  0.361622  0.479507  0.365144  0.442126  0.475145  0.453689  0.422926  0.520921  0.501574  0.454343 
30  0.214209  0.082034  0.459441  0.304339  0.460765  0.327925  0.404596  0.377798  0.230584  0.295660  0.208619  0.347727  0.233049  0.820839  0.121090  0.765980  0.458817  0.469474  0.170489  0.338555  0.512931  0.394417  0.241287  0.312889  0.569404  0.179493  0.308401  0.515424  0.226483  0.402723 0.0  0.344166  0.305101  0.069299  0.118727  0.279848  0.330509  0.303252  0.305262  0.382415  0.736377  0.356626  0.248812  0.320366  0.302291  0.336905  0.618099  0.435210  0.354097  0.556494  0.374033  0.190681  0.427293  0.380431  0.302579  0.447661  0.317102  0.441630  0.204513  0.202969  0.202948  0.348653  0.206138  0.399618  0.194283  0.255065  0.178256  0.191966  0.567724  0.592214  0.553776  0.195785  0.322179  0.291575  0.462567  0.040262  0.345157  0.196087  0.678758  0.258372  0.614482  0.343650  0.294528  0.724133  0.325421  0.123112  0.493072  0.303388  0.169356  0.356280  0.685115  0.479415  0.268842  0.096510  0.333616  0.423626  0.273741  0.302477 
31  0.377147  0.323448  0.561052  0.307257  0.106803  0.144811  0.570803  0.406538  0.377419  0.366726  0.264178  0.529707  0.348688  0.752571  0.351637  0.696001  0.265970  0.291809  0.349527  0.038851  0.283354  0.622952  0.052606  0.244169  0.266846  0.326146  0.267516  0.534691  0.251064  0.502170  0.344166 0.0  0.357310  0.441460  0.351850  0.535993  0.346255  0.226722  0.229579  0.468749  0.579761  0.405595  0.090942  0.244908  0.202277  0.049200  0.713384  0.127245  0.154903  0.481677  0.160853  0.296239  0.026980  0.080955  0.711229  0.485917  0.198461  0.426249  0.310792  0.330158  0.273169  0.187443  0.271947  0.488341  0.313551  0.426367  0.274499  0.260007  0.384163  0.298395  0.377754  0.322913  0.000000  0.220706  0.192199  0.396961  0.177074  0.262465  0.556647  0.310870  0.396343  0.512012  0.004371  0.810123  0.413072  0.279666  0.411098  0.573169  0.294693  0.204667  0.836772  0.450066  0.191974  0.302222  0.306399  0.456355  0.128982  0.039883 
32  0.591247  0.256607  0.499085  0.268040  0.335400  0.271642  0.482425  0.019880  0.362106  0.371828  0.350058  0.460552  0.279345  0.467227  0.236641  0.368776  0.359413  0.464965  0.313071  0.312319  0.002178  0.686861  0.400194  0.078573  0.651296  0.367105  0.392393  0.329396  0.312276  0.546280  0.305101  0.357310 0.0  0.484060  0.394953  0.193301  0.317798  0.326336  0.077490  0.093486  0.930314  0.164737  0.231357  0.344318  0.308123  0.269013  0.635435  0.498212  0.490861  0.493445  0.497096  0.275538  0.343008  0.389208  0.750417  0.558412  0.468797  0.440973  0.452758  0.242602  0.200854  0.395111  0.316031  0.170976  0.277387  0.189108  0.176758  0.316965  0.588886  0.508180  0.057268  0.258964  0.336927  0.332744  0.067088  0.331858  0.405829  0.331810  0.862231  0.333941  0.710022  0.222077  0.231162  0.552101  0.518320  0.336839  0.100266  0.435702  0.357176  0.197011  0.577844  0.470735  0.379186  0.316189  0.042750  0.498286  0.257699  0.352510 
33  0.255229  0.110352  0.345345  0.236207  0.391948  0.368721  0.255478  0.351816  0.056458  0.035704  0.108105  0.239852  0.100748  0.750270  0.042064  0.673263  0.360385  0.443766  0.081295  0.222343  0.390234  0.482790  0.385230  0.321813  0.564542  0.060492  0.349291  0.574337  0.000000  0.371585  0.069299  0.441460  0.484060 0.0  0.064388  0.441101  0.036802  0.349948  0.364417  0.347958  0.818960  0.437366  0.339895  0.471265  0.434837  0.377784  0.417629  0.438965  0.554236  0.601412  0.418128  0.031480  0.315320  0.334581  0.435733  0.206613  0.428250  0.291275  0.123988  0.115989  0.336630  0.462645  0.049885  0.351140  0.048324  0.477463  0.050429  0.057542  0.535236  0.598413  0.306752  0.317481  0.282610  0.087949  0.406295  0.062856  0.391898  0.048548  0.859505  0.214810  0.623700  0.461241  0.288497  0.832483  0.241869  0.050391  0.396772  0.216358  0.161054  0.250578  0.804576  0.473394  0.261286  0.016546  0.310864  0.445373  0.271313  0.355327 
34  0.247697  0.082133  0.325031  0.347542  0.398432  0.310975  0.214226  0.403372  0.000000  0.046288  0.169584  0.194898  0.039242  0.700164  0.008643  0.691234  0.252109  0.462180  0.031862  0.359810  0.334449  0.510900  0.427359  0.324158  0.621895  0.022705  0.328053  0.654355  0.052680  0.451666  0.118727  0.351850  0.394953  0.064388 0.0  0.351073  0.032338  0.368318  0.351493  0.338206  0.706107  0.356020  0.270587  0.316769  0.311545  0.261166  0.527750  0.355110  0.299644  0.459217  0.379283  0.027470  0.329673  0.289393  0.440590  0.274795  0.383002  0.459990  0.093553  0.069962  0.388148  0.315959  0.050881  0.375343  0.105518  0.323737  0.021681  0.095164  0.495223  0.581909  0.248794  0.288238  0.308883  0.133634  0.271062  0.000000  0.331548  0.080305  0.724999  0.307266  0.539770  0.346875  0.242042  0.681455  0.232389  0.039063  0.406896  0.224703  0.056573  0.261292  0.683991  0.579725  0.341811  0.073080  0.244033  0.487851  0.348775  0.369716 
35  0.559084  0.273011  0.557726  0.214218  0.367891  0.340240  0.514640  0.052206  0.323200  0.238996  0.380187  0.431505  0.363609  0.517168  0.430931  0.513369  0.384767  0.393816  0.365500  0.337822  0.052563  0.759535  0.549839  0.083888  0.470960  0.328243  0.453549  0.356814  0.364334  0.391066  0.279848  0.535993  0.193301  0.441101  0.351073 0.0  0.335736  0.408762  0.051793  0.043768  0.725346  0.224396  0.302940  0.451369  0.336847  0.275580  0.742043  0.411060  0.485853  0.582001  0.290183  0.319410  0.297628  0.297499  0.740129  0.600270  0.502338  0.605811  0.304093  0.343148  0.302087  0.482837  0.310394  0.121447  0.355237  0.171578  0.317743  0.375314  0.647296  0.559581  0.127140  0.369595  0.319766  0.342034  0.093539  0.261412  0.458144  0.347805  0.752722  0.312302  0.674333  0.140601  0.228136  0.467503  0.451444  0.350883  0.216575  0.485979  0.333129  0.286989  0.529868  0.483411  0.259798  0.221218  0.075003  0.448575  0.239427  0.293590 
36  0.244693  0.193350  0.332153  0.261466  0.492790  0.366674  0.330704  0.478952  0.200195  0.259342  0.138029  0.382245  0.206918  0.814238  0.011364  0.742608  0.261401  0.521049  0.196123  0.338863  0.425533  0.435474  0.379381  0.336807  0.667269  0.104235  0.313895  0.591819  0.174554  0.487287  0.330509  0.346255  0.317798  0.036802  0.032338  0.335736 0.0  0.259808  0.357150  0.385650  0.643285  0.265101  0.299766  0.358399  0.303554  0.369176  0.628574  0.304106  0.286445  0.594789  0.361237  0.244203  0.266230  0.291047  0.447652  0.465822  0.378182  0.371393  0.182528  0.121490  0.232413  0.380405  0.219069  0.337446  0.246285  0.285336  0.185167  0.137253  0.589216  0.716679  0.426534  0.269219  0.340353  0.194008  0.368486  0.000000  0.354566  0.055025  0.791164  0.233456  0.455365  0.322819  0.250663  0.750968  0.276074  0.107202  0.329624  0.269732  0.113785  0.266652  0.739466  0.448828  0.299893  0.178939  0.306309  0.459472  0.304876  0.260990 
37  0.536647  0.243999  0.429915  0.242658  0.072914  0.036489  0.512913  0.378660  0.331588  0.303785  0.287811  0.436549  0.221947  0.691193  0.365352  0.750276  0.229852  0.225851  0.232787  0.000000  0.377884  0.735108  0.272573  0.295120  0.363961  0.249607  0.215845  0.479252  0.384133  0.468561  0.303252  0.226722  0.326336  0.349948  0.368318  0.408762  0.259808 0.0  0.281438  0.376963  0.593203  0.464114  0.109345  0.203663  0.336973  0.048673  0.776532  0.000000  0.195872  0.383452  0.180015  0.329194  0.105556  0.121116  0.731408  0.550425  0.178415  0.494618  0.312300  0.332849  0.326583  0.275989  0.274865  0.316170  0.327369  0.407054  0.244843  0.372063  0.302708  0.357466  0.407258  0.256021  0.023722  0.312864  0.289669  0.380945  0.129985  0.298403  0.654181  0.152521  0.401276  0.455629  0.030169  0.823641  0.546752  0.372010  0.398838  0.479291  0.262512  0.275337  0.676952  0.390501  0.277572  0.397045  0.219339  0.407421  0.299143  0.120111 
38  0.592426  0.308961  0.460293  0.362983  0.398855  0.419302  0.587579  0.110324  0.378795  0.444451  0.397411  0.438343  0.272313  0.393453  0.336365  0.610453  0.411492  0.694389  0.292459  0.249826  0.000000  0.907799  0.334846  0.039745  0.603450  0.361897  0.380935  0.207455  0.238052  0.462203  0.305262  0.229579  0.077490  0.364417  0.351493  0.051793  0.357150  0.281438 0.0  0.014892  0.693087  0.068664  0.440493  0.355424  0.164701  0.439626  0.768168  0.443146  0.342618  0.471428  0.416811  0.426973  0.264846  0.291381  0.911209  0.556751  0.287924  0.473871  0.314358  0.349456  0.212932  0.423631  0.301681  0.159857  0.368986  0.161244  0.348767  0.335099  0.641673  0.629906  0.128297  0.324232  0.350261  0.298061  0.089221  0.482404  0.413393  0.336569  0.687142  0.197234  0.561054  0.093495  0.451145  0.488286  0.521323  0.297526  0.268617  0.637836  0.308726  0.348223  0.506336  0.383908  0.498709  0.326047  0.163158  0.381788  0.289401  0.265842 
39  0.603538  0.486190  0.608121  0.197755  0.289430  0.354800  0.558375  0.108504  0.304336  0.433953  0.399287  0.614982  0.385216  0.442516  0.364545  0.576368  0.384281  0.600509  0.373971  0.399874  0.197197  0.737016  0.392333  0.134657  0.627319  0.410069  0.372989  0.261000  0.373723  0.502372  0.382415  0.468749  0.093486  0.347958  0.338206  0.043768  0.385650  0.376963  0.014892 0.0  0.800891  0.089245  0.429084  0.388663  0.191503  0.373222  0.707963  0.378484  0.483272  0.643232  0.460301  0.357123  0.398475  0.346492  0.868285  0.474317  0.427742  0.439778  0.382840  0.413698  0.207314  0.410092  0.380450  0.173513  0.353950  0.096781  0.419495  0.358003  0.528589  0.611129  0.061599  0.336722  0.467824  0.345675  0.051007  0.426757  0.310659  0.405923  0.787168  0.258785  0.585399  0.265808  0.502059  0.548108  0.600413  0.342386  0.148288  0.572774  0.353554  0.219602  0.646318  0.472175  0.390041  0.231055  0.106665  0.431926  0.190640  0.355795 
