98
0 0.0  0.156357  0.330845  0.283735  0.467363  0.685454  0.371621  0.412378  0.468031  0.283204  0.442680  0.000000  0.732819  0.232462  0.422890  0.203078  0.288229  0.436432  0.458418  0.473638  0.272928  0.671677  0.642825  0.548537  0.377613  0.274212  0.076738  0.375314  0.121545  0.265198  0.366102  0.252146  0.324438  0.457835  0.470979  0.307245  0.226185  0.485312  0.508427  0.456683  0.535503  0.606035  0.218024  0.122403  0.513379  0.155513  0.520332  0.365790  0.530840  0.631397  0.380157  0.291554  0.506025  0.448762  0.441918  0.388835  0.261889  0.313433  0.291993  0.509725  0.766610  0.517225  0.485049  0.514768  0.441691  0.504725  0.464478  0.117807  0.307787  0.822766  0.325502  0.261677  0.445797  0.496998  0.310969  0.351276  0.455989  0.330326  0.287396  0.334627  0.353907  0.699384  0.333247  0.445144  0.382364  0.735481  0.291655  0.233722  0.000000  0.374417  0.232169  0.086758  0.410822  0.497295  0.481840  0.304787  0.517067  0.476565 
1  0.156357 0.0  0.268673  0.398554  0.524182  0.779101  0.390392  0.470199  0.422001  0.355100  0.510407  0.127956  0.747400  0.270223  0.342306  0.131851  0.327488  0.486590  0.500619  0.538355  0.392918  0.675759  0.634436  0.368936  0.306388  0.268040  0.000000  0.324603  0.169663  0.288079  0.435060  0.260224  0.327737  0.416447  0.540523  0.323482  0.296081  0.582542  0.515309  0.456070  0.485376  0.572766  0.360736  0.122988  0.327268  0.366902  0.416093  0.380553  0.474923  0.609533  0.411184  0.367989  0.530480  0.318336  0.506140  0.468618  0.288177  0.242930  0.296502  0.508867  0.712915  0.590696  0.376444  0.391513  0.420369  0.392393  0.298209  0.156045  0.334158  0.883657  0.330418  0.394497  0.485773  0.451634  0.268328  0.465388  0.488505  0.266855  0.325388  0.390149  0.344290  0.690281  0.273151  0.477190  0.334349  0.652132  0.322426  0.354389  0.070687  0.374262  0.258408  0.000000  0.481350  0.478060  0.479300  0.275537  0.431193  0.523674 
2  0.330845  0.268673 0.0  0.515773  0.731117  0.522198  0.098547  0.488768  0.480161  0.293552  0.400666  0.498502  0.494280  0.244386  0.103618  0.299528  0.052368  0.750659  0.422858  0.325192  0.412676  0.612838  0.553943  0.379420  0.112025  0.012670  0.504150  0.126921  0.317820  0.232342  0.137893  0.000000  0.152195  0.606312  0.396389  0.284698  0.258646  0.339860  0.327571  0.236183  0.727293  0.349388  0.129544  0.339626  0.720703  0.283571  0.335601  0.052075  0.371435  0.692982  0.287719  0.074904  0.254671  0.380445  0.284343  0.358472  0.026030  0.233891  0.190328  0.379734  0.501998  0.326095  0.281860  0.335024  0.310432  0.305454  0.422079  0.427427  0.051849  0.759901  0.033053  0.216287  0.294948  0.282488  0.476275  0.368789  0.390455  0.311007  0.187656  0.501695  0.277867  0.887882  0.232352  1.000000  0.075241  0.513435  0.178451  0.224624  0.293504  0.260287  0.294019  0.340066  0.253808  0.496072  0.372055  0.471013  0.201621  0.440168 
3  0.283735  0.398554  0.515773 0.0  0.934427  0.553885  0.411690  0.534496  0.428251  0.266040  0.403539  0.508171  0.778680  0.234023  0.342612  0.386324  0.245117  0.792696  0.440574  0.506954  0.519952  0.440527  0.492225  0.278342  0.329858  0.299006  0.394863  0.343886  0.270601  0.180458  0.421983  0.370054  0.282707  0.598770  0.318648  0.421831  0.202990  0.323720  0.314414  0.238541  0.739794  0.448263  0.470771  0.426226  0.798607  0.260004  0.396266  0.428811  0.714275  0.708518  0.377313  0.312199  0.392349  0.432065  0.252586  0.331219  0.279957  0.322255  0.284086  0.381526  0.717327  0.342974  0.221559  0.381658  0.450724  0.294352  0.471000  0.394425  0.348856  0.798437  0.269348  0.340928  0.253293  0.338666  0.473491  0.300930  0.287573  0.360422  0.443385  0.534900  0.417717  0.796755  0.317942  0.989091  0.384051  0.530521  0.481121  0.490289  0.222750  0.298522  0.334057  0.380451  0.363057  0.363538  0.261942  0.475327  0.366134  0.437674 
4  0.467363  0.524182  0.731117  0.934427 0.0  0.591637  0.826123  0.449509  0.452400  0.700520  0.799294  0.490065  0.854568  0.709700  0.742610  0.614682  0.819157  0.600107  0.372460  0.634334  0.822913  0.584210  0.583804  0.815851  0.823704  0.814413  0.606876  0.811205  0.633876  0.602317  0.730813  0.844772  0.542444  0.374248  0.742937  0.729467  0.604706  0.752418  0.825849  0.868369  0.496403  0.620631  0.906067  0.533800  0.479774  0.589386  0.825578  0.829824  0.523908  0.593293  0.765308  0.709800  0.902130  0.685834  0.879419  0.925000  0.796273  0.716751  0.816546  0.777191  0.782860  0.805439  0.752581  0.834326  0.383676  0.845499  0.740898  0.473272  0.758636  0.766510  0.798107  0.869206  0.786876  0.749908  0.793330  0.710069  0.857275  0.859852  0.792627  0.382762  0.862662  0.474359  0.606316  0.493607  0.806409  0.573812  0.871406  0.718823  0.521991  0.839032  0.671492  0.544859  0.820234  0.458507  0.780275  0.828841  0.798999  0.561650 
5  0.685454  0.779101  0.522198  0.553885  0.591637 0.0  0.675440  0.454245  0.516378  0.371526  0.391625  0.573406  0.575907  0.438401  0.537147  0.732217  0.567856  0.534640  0.453376  0.537428  0.307756  0.465302  0.444661  0.323953  0.716594  0.467005  0.613930  0.507626  0.647437  0.563241  0.592645  0.362277  0.473186  0.647196  0.328784  0.411570  0.421669  0.368131  0.322091  0.401739  0.600663  0.482171  0.576249  0.626092  0.491161  0.462696  0.308952  0.675501  0.547025  0.307356  0.438622  0.544047  0.475376  0.151157  0.331474  0.315873  0.617537  0.657079  0.509661  0.432180  0.551773  0.336027  0.454153  0.457917  0.385413  0.375596  0.306848  0.604993  0.437171  0.359460  0.508559  0.526141  0.361048  0.426214  0.324506  0.482733  0.438586  0.242965  0.557855  0.335849  0.360651  0.344179  0.416795  0.540508  0.518177  0.381730  0.525573  0.526478  0.553429  0.406570  0.448514  0.567561  0.391363  0.585871  0.258855  0.175184  0.306493  0.398852 
6  0.371621  0.390392  0.098547  0.411690  0.826123  0.675440 0.0  0.434224  0.528003  0.170174  0.411021  0.392575  0.634322  0.160408  0.062374  0.396318  0.088778  0.768590  0.376758  0.304693  0.407929  0.564618  0.565909  0.392347  0.137824  0.200611  0.345118  0.163388  0.459043  0.192092  0.108303  0.089658  0.329420  0.587608  0.349930  0.133925  0.254553  0.461847  0.322230  0.413214  0.850459  0.378522  0.072793  0.480044  0.721561  0.305077  0.418919  0.105179  0.309863  0.590392  0.415807  0.080889  0.398343  0.325269  0.306390  0.428905  0.099610  0.363371  0.332619  0.358326  0.552091  0.436962  0.375450  0.420065  0.523123  0.414826  0.387911  0.381762  0.100220  0.834509  0.136864  0.127349  0.364446  0.342938  0.359936  0.401768  0.363389  0.403763  0.100134  0.537997  0.460377  0.880965  0.148324  0.722764  0.184067  0.689971  0.173753  0.106101  0.374946  0.346804  0.285362  0.331903  0.348649  0.400081  0.505692  0.420386  0.477814  0.513947 
7  0.412378  0.470199  0.488768  0.534496  0.449509  0.454245  0.434224 0.0  0.519527  0.426074  0.466586  0.414964  0.410958  0.472197  0.530008  0.409166  0.430103  0.348909  0.514215  0.403491  0.540251  0.556011  0.459167  0.531934  0.456647  0.449439  0.405837  0.468876  0.361672  0.528476  0.536010  0.493676  0.471169  0.503126  0.487312  0.398666  0.404519  0.528964  0.470393  0.500607  0.527112  0.487329  0.481684  0.462369  0.438121  0.358887  0.416009  0.319392  0.455846  0.407045  0.378423  0.425813  0.366823  0.513647  0.498010  0.437789  0.526720  0.433427  0.399966  0.416270  0.484333  0.400019  0.433704  0.555326  0.485911  0.408332  0.442931  0.430761  0.376751  0.376722  0.474849  0.591218  0.339449  0.428067  0.513695  0.447591  0.536339  0.398589  0.353134  0.451267  0.431792  0.358408  0.507571  0.492167  0.353305  0.496502  0.456712  0.448611  0.415013  0.502518  0.612310  0.511313  0.450754  0.488842  0.497262  0.456136  0.473268  0.442062 
8  0.468031  0.422001  0.480161  0.428251  0.452400  0.516378  0.528003  0.519527 0.0  0.450976  0.557973  0.440350  0.473558  0.446800  0.501701  0.477653  0.381619  0.350722  0.542289  0.461254  0.553987  0.540426  0.540102  0.441025  0.389735  0.428617  0.550248  0.419914  0.471370  0.501769  0.477678  0.442621  0.422901  0.532775  0.562702  0.506232  0.443271  0.562738  0.480729  0.371975  0.439429  0.605182  0.421994  0.533817  0.465667  0.421414  0.472967  0.594022  0.484575  0.489655  0.516427  0.545090  0.530298  0.559663  0.479197  0.494547  0.383130  0.513613  0.515998  0.533874  0.529298  0.577943  0.498201  0.415190  0.542300  0.526325  0.371727  0.498709  0.479840  0.371279  0.517665  0.486555  0.441755  0.549014  0.527151  0.487812  0.566328  0.433389  0.389351  0.423619  0.594351  0.457592  0.535566  0.432650  0.539895  0.512664  0.449597  0.433391  0.437985  0.436825  0.427570  0.452382  0.603970  0.455848  0.580599  0.396571  0.509333  0.495014 
9  0.283204  0.355100  0.293552  0.266040  0.700520  0.371526  0.170174  0.426074  0.450976 0.0  0.233986  0.330716  0.550645  0.160086  0.204470  0.230455  0.267515  0.682608  0.503829  0.376727  0.124586  0.492650  0.488118  0.299149  0.358082  0.358692  0.284037  0.297405  0.239729  0.272446  0.410836  0.315178  0.305247  0.452305  0.177787  0.291353  0.145094  0.215347  0.285896  0.221961  0.610023  0.429039  0.180547  0.195686  0.684890  0.246676  0.246687  0.310009  0.410534  0.390708  0.279123  0.414699  0.142331  0.243001  0.223007  0.314640  0.300687  0.214739  0.347427  0.339724  0.789822  0.270787  0.233250  0.304140  0.435961  0.237711  0.265588  0.256830  0.381799  0.701336  0.271683  0.280862  0.333713  0.264289  0.251427  0.250851  0.241233  0.345642  0.232257  0.460768  0.237627  0.710886  0.257681  0.687871  0.338220  0.574340  0.147593  0.307385  0.293485  0.371967  0.211334  0.263241  0.264875  0.426018  0.222853  0.195793  0.410405  0.466603 
10  0.442680  0.510407  0.400666  0.403539  0.799294  0.391625  0.411021  0.466586  0.557973  0.233986 0.0  0.359665  0.758638  0.247233  0.453911  0.343667  0.290755  0.657346  0.465788  0.576745  0.046856  0.425669  0.466563  0.186990  0.275498  0.428464  0.476952  0.235025  0.503141  0.322129  0.334321  0.305033  0.331044  0.595657  0.251502  0.256068  0.295336  0.310061  0.200874  0.236339  0.771126  0.564483  0.378327  0.458600  0.679819  0.345385  0.079114  0.414411  0.596209  0.239665  0.146548  0.296052  0.218070  0.040200  0.078021  0.151482  0.324923  0.258740  0.295200  0.255129  0.806929  0.174831  0.201127  0.200626  0.472621  0.174138  0.112514  0.306004  0.350421  0.534832  0.342733  0.333070  0.299899  0.213572  0.131270  0.127962  0.250208  0.101073  0.428544  0.435037  0.174713  0.504154  0.321053  0.690507  0.312347  0.275604  0.376707  0.312838  0.383540  0.187953  0.272966  0.456232  0.200095  0.469962  0.194903  0.119219  0.149439  0.495167 
11  0.000000  0.127956  0.498502  0.508171  0.490065  0.573406  0.392575  0.414964  0.440350  0.330716  0.359665 0.0  0.836875  0.369371  0.403111  0.126774  0.362841  0.411414  0.552362  0.545767  0.402281  0.474315  0.509621  0.236684  0.383261  0.342094  0.052250  0.306188  0.039217  0.324379  0.445942  0.324697  0.323312  0.369400  0.307752  0.525927  0.238482  0.446466  0.342612  0.446503  0.430322  0.556050  0.446263  0.212789  0.535009  0.318691  0.461353  0.336975  0.626511  0.666399  0.326604  0.387532  0.381458  0.435192  0.400394  0.410412  0.359409  0.321454  0.174176  0.258226  0.665608  0.327404  0.340225  0.299915  0.479534  0.366571  0.348447  0.085959  0.374800  0.746641  0.342297  0.215051  0.337238  0.314402  0.447202  0.335353  0.179594  0.306594  0.424339  0.508678  0.275617  0.866340  0.325532  0.592490  0.443217  0.479021  0.410345  0.402089  0.178251  0.348681  0.301857  0.104063  0.271801  0.489411  0.325853  0.614417  0.417852  0.474252 
12  0.732819  0.747400  0.494280  0.778680  0.854568  0.575907  0.634322  0.410958  0.473558  0.550645  0.758638  0.836875 0.0  0.662180  0.589129  0.654038  0.582707  0.424142  0.473627  0.479837  0.660965  0.574029  0.474494  0.644904  0.629269  0.479243  0.821575  0.551479  0.670034  0.632516  0.380762  0.360245  0.652658  0.601295  0.667802  0.470213  0.567647  0.616978  0.680367  0.775179  0.346610  0.423009  0.454516  0.759403  0.470505  0.676755  0.743552  0.538170  0.292842  0.517266  0.734006  0.398474  0.737266  0.684056  0.761127  0.790142  0.430634  0.581928  0.649872  0.717666  0.344937  0.782290  0.743837  0.870137  0.398201  0.743619  0.831936  0.846769  0.639295  0.343161  0.529383  0.645507  0.686757  0.795784  0.624599  0.805487  0.731939  0.643001  0.461648  0.582354  0.715843  0.772880  0.677545  0.314074  0.573905  0.466276  0.376691  0.507626  0.813667  0.808915  0.604779  0.813354  0.776595  0.492412  0.801016  0.715407  0.653722  0.471833 
13  0.232462  0.270223  0.244386  0.234023  0.709700  0.438401  0.160408  0.472197  0.446800  0.160086  0.247233  0.369371  0.662180 0.0  0.279602  0.180830  0.260257  0.596894  0.583132  0.412146  0.284384  0.474222  0.404250  0.286151  0.293296  0.232284  0.346738  0.268817  0.196706  0.325173  0.200591  0.263328  0.295984  0.384153  0.263664  0.253098  0.250682  0.252939  0.298090  0.267705  0.704169  0.532354  0.208122  0.298089  0.644821  0.306866  0.310132  0.255851  0.290554  0.399137  0.298055  0.261132  0.263249  0.278964  0.250364  0.228897  0.200896  0.282563  0.274320  0.287523  0.686319  0.260631  0.322622  0.176413  0.425879  0.291857  0.245684  0.218995  0.256223  0.720955  0.237539  0.195623  0.327724  0.316919  0.210581  0.219666  0.231640  0.252970  0.340173  0.418638  0.251969  0.640303  0.366012  0.702043  0.264179  0.471068  0.170525  0.285130  0.270558  0.271436  0.122401  0.452508  0.239325  0.462069  0.248563  0.321590  0.322384  0.569830 
14  0.422890  0.342306  0.103618  0.342612  0.742610  0.537147  0.062374  0.530008  0.501701  0.204470  0.453911  0.403111  0.589129  0.279602 0.0  0.484917  0.087888  0.794489  0.494285  0.290125  0.350019  0.581035  0.556594  0.376194  0.023225  0.117190  0.476993  0.128220  0.381009  0.302009  0.284656  0.063699  0.258584  0.527075  0.388107  0.170527  0.332553  0.330610  0.375343  0.489509  0.816238  0.295573  0.064244  0.439757  0.783381  0.322843  0.315312  0.031484  0.370543  0.624272  0.519035  0.121800  0.420870  0.385193  0.342422  0.321275  0.116854  0.172857  0.349996  0.370523  0.593102  0.327652  0.306454  0.476132  0.460306  0.451689  0.410418  0.315497  0.168620  0.736590  0.189275  0.116753  0.415760  0.295668  0.510692  0.476689  0.346382  0.372003  0.140448  0.529722  0.411346  0.634702  0.298530  0.793256  0.104240  0.565389  0.092546  0.120614  0.386243  0.431205  0.257966  0.488683  0.351303  0.530990  0.455329  0.300559  0.353758  0.402052 
15  0.203078  0.131851  0.299528  0.386324  0.614682  0.732217  0.396318  0.409166  0.477653  0.230455  0.343667  0.126774  0.654038  0.180830  0.484917 0.0  0.315321  0.575640  0.543181  0.591217  0.369271  0.786208  0.653870  0.429635  0.334691  0.370260  0.144097  0.229505  0.192884  0.246411  0.373709  0.294883  0.332835  0.391308  0.589115  0.329336  0.282087  0.507837  0.397770  0.452994  0.429644  0.535124  0.267695  0.126433  0.455833  0.234649  0.476977  0.397389  0.526102  0.503561  0.455292  0.427273  0.445684  0.303397  0.466868  0.459187  0.373052  0.182794  0.281113  0.473808  0.674138  0.485304  0.505964  0.460699  0.383820  0.455784  0.371784  0.199952  0.329022  0.786076  0.296223  0.314745  0.451221  0.437339  0.320568  0.457672  0.490690  0.381352  0.356209  0.538504  0.414831  0.790281  0.104770  0.533720  0.333697  0.655649  0.342982  0.326902  0.046479  0.427709  0.225102  0.087607  0.586669  0.597369  0.578792  0.305194  0.455481  0.447040 
16  0.288229  0.327488  0.052368  0.245117  0.819157  0.567856  0.088778  0.430103  0.381619  0.267515  0.290755  0.362841  0.582707  0.260257  0.087888  0.315321 0.0  0.904816  0.433490  0.412513  0.329630  0.538514  0.477261  0.332044  0.263027  0.174314  0.364289  0.251303  0.390893  0.307319  0.119184  0.000000  0.318927  0.568572  0.293256  0.044719  0.349174  0.362061  0.345248  0.425025  0.892089  0.476847  0.097749  0.429351  0.770719  0.206140  0.369177  0.128937  0.349879  0.441491  0.372907  0.060941  0.358647  0.428495  0.397601  0.322606  0.015801  0.315190  0.202310  0.348526  0.500837  0.374215  0.330226  0.368420  0.480968  0.226987  0.474212  0.405446  0.149396  0.725260  0.178267  0.299617  0.263519  0.392596  0.293068  0.296887  0.335490  0.348122  0.130589  0.457138  0.338548  0.637306  0.188087  0.684257  0.091417  0.501187  0.100122  0.104075  0.563900  0.302376  0.198175  0.482985  0.299730  0.424993  0.227538  0.314766  0.356787  0.505214 
17  0.436432  0.486590  0.750659  0.792696  0.600107  0.534640  0.768590  0.348909  0.350722  0.682608  0.657346  0.411414  0.424142  0.596894  0.794489  0.575640  0.904816 0.0  0.449408  0.685779  0.735552  0.561402  0.468815  0.750768  0.817577  0.941817  0.497827  0.883454  0.521887  0.633280  0.832627  0.755459  0.563615  0.378422  0.815271  0.747321  0.698056  0.677983  0.794529  0.732477  0.215264  0.684507  0.635091  0.636543  0.240188  0.701650  0.739146  0.846555  0.570455  0.486670  0.747887  0.728958  0.837422  0.742507  0.694252  0.658860  0.720463  0.735675  0.645693  0.692252  0.466172  0.659868  0.817856  0.734375  0.474134  0.827085  0.839343  0.557075  0.859736  0.345666  0.913496  0.810919  0.702375  0.678701  0.624960  0.735212  0.798512  0.692275  0.755292  0.540928  0.698647  0.746635  0.684263  0.213164  0.702081  0.537829  0.772725  0.819368  0.595350  0.631460  0.756768  0.587721  0.729124  0.464671  0.833491  0.666021  0.710877  0.389988 
18  0.458418  0.500619  0.422858  0.440574  0.372460  0.453376  0.376758  0.514215  0.542289  0.503829  0.465788  0.552362  0.473627  0.583132  0.494285  0.543181  0.433490  0.449408 0.0  0.397987  0.521072  0.397581  0.371422  0.436694  0.458342  0.500372  0.467677  0.408436  0.503779  0.446869  0.505824  0.474586  0.509175  0.432050  0.514757  0.500928  0.467410  0.526467  0.474492  0.452900  0.561717  0.335317  0.479658  0.478703  0.395271  0.493226  0.497255  0.443920  0.386651  0.405502  0.441242  0.485338  0.507826  0.360358  0.351752  0.434496  0.462739  0.386858  0.396208  0.450528  0.570097  0.530541  0.448883  0.454831  0.498405  0.550403  0.402834  0.416399  0.555316  0.427032  0.464292  0.417439  0.404024  0.579809  0.506447  0.480457  0.514854  0.475557  0.389361  0.479193  0.555573  0.399556  0.556182  0.484169  0.546606  0.389094  0.427202  0.504109  0.495790  0.513950  0.463609  0.448394  0.472579  0.510313  0.368793  0.383213  0.473686  0.461408 
19  0.473638  0.538355  0.325192  0.506954  0.634334  0.537428  0.304693  0.403491  0.461254  0.376727  0.576745  0.545767  0.479837  0.412146  0.290125  0.591217  0.412513  0.685779  0.397987 0.0  0.520302  0.565933  0.558853  0.419899  0.360346  0.393894  0.500765  0.358667  0.580054  0.476707  0.389497  0.357746  0.528224  0.515001  0.421657  0.253458  0.438329  0.474567  0.579818  0.525224  0.696851  0.404292  0.300508  0.623239  0.686723  0.487192  0.431047  0.238776  0.296274  0.562672  0.467215  0.248347  0.521581  0.477137  0.550556  0.446402  0.264443  0.477980  0.477631  0.573261  0.282509  0.572413  0.531921  0.526590  0.559042  0.578695  0.634883  0.538848  0.420770  0.557951  0.411763  0.414678  0.586365  0.477673  0.542682  0.605679  0.608691  0.576042  0.346477  0.444303  0.490296  0.469004  0.424430  0.575285  0.276281  0.560862  0.254568  0.192515  0.701584  0.498188  0.464757  0.670095  0.583411  0.491484  0.546545  0.550567  0.541689  0.517646 
20  0.272928  0.392918  0.412676  0.519952  0.822913  0.307756  0.407929  0.540251  0.553987  0.124586  0.046856  0.402281  0.660965  0.284384  0.350019  0.369271  0.329630  0.735552  0.521072  0.520302 0.0  0.164772  0.242152  0.146258  0.274457  0.427104  0.400140  0.326434  0.382263  0.272897  0.530487  0.345495  0.293597  0.638911  0.040180  0.423048  0.211665  0.065554  0.130129  0.072571  0.666175  0.615594  0.455077  0.493559  0.548616  0.313091  0.069648  0.396508  0.697920  0.394636  0.204541  0.333969  0.000000  0.132827  0.118499  0.078805  0.272993  0.228085  0.220261  0.000000  0.808466  0.000000  0.056741  0.021132  0.525871  0.088538  0.055178  0.381291  0.376375  0.509154  0.277567  0.245106  0.074468  0.113897  0.213712  0.071656  0.115073  0.055605  0.455389  0.464274  0.153541  0.652817  0.281236  0.843840  0.330036  0.268029  0.436375  0.527437  0.287482  0.000000  0.165085  0.474214  0.056161  0.447995  0.000000  0.199092  0.053680  0.535768 
21  0.671677  0.675759  0.612838  0.440527  0.584210  0.465302  0.564618  0.556011  0.540426  0.492650  0.425669  0.474315  0.574029  0.474222  0.581035  0.786208  0.538514  0.561402  0.397581  0.565933  0.164772 0.0  0.352368  0.446491  0.584416  0.578663  0.639907  0.608803  0.682685  0.391147  0.526454  0.662183  0.419292  0.633944  0.447305  0.553211  0.457084  0.472892  0.417608  0.357128  0.442511  0.456747  0.506303  0.622534  0.518050  0.425057  0.495125  0.556016  0.435103  0.299767  0.336508  0.537024  0.341312  0.256358  0.357334  0.509370  0.494048  0.430441  0.498869  0.378438  0.470828  0.299820  0.439252  0.479376  0.452154  0.454985  0.309336  0.619137  0.557227  0.466344  0.576901  0.453551  0.411692  0.523813  0.243423  0.404524  0.321817  0.378731  0.517374  0.464310  0.361045  0.306988  0.485261  0.466691  0.613506  0.424170  0.547334  0.508547  0.550789  0.428137  0.355125  0.586281  0.389728  0.478830  0.410763  0.276281  0.388835  0.490642 
22  0.642825  0.634436  0.553943  0.492225  0.583804  0.444661  0.565909  0.459167  0.540102  0.488118  0.466563  0.509621  0.474494  0.404250  0.556594  0.653870  0.477261  0.468815  0.371422  0.558853  0.242152  0.352368 0.0  0.366670  0.545531  0.500162  0.538191  0.532606  0.715093  0.605558  0.512740  0.503575  0.447347  0.656509  0.403442  0.552464  0.410825  0.407266  0.387860  0.374218  0.558228  0.588648  0.503111  0.494954  0.613286  0.478508  0.352726  0.662225  0.482081  0.292031  0.387755  0.560205  0.484634  0.285426  0.303379  0.241609  0.576706  0.519819  0.494824  0.400605  0.489287  0.382125  0.547766  0.409148  0.492360  0.361745  0.319480  0.519507  0.513246  0.390202  0.624691  0.445250  0.264302  0.334839  0.270846  0.431092  0.389872  0.253328  0.699123  0.526415  0.393355  0.254338  0.463080  0.509654  0.541009  0.303445  0.637349  0.551767  0.429105  0.344048  0.414339  0.387711  0.435965  0.419625  0.464380  0.262233  0.490650  0.407605 
23  0.548537  0.368936  0.379420  0.278342  0.815851  0.323953  0.392347  0.531934  0.441025  0.299149  0.186990  0.236684  0.644904  0.286151  0.376194  0.429635  0.332044  0.750768  0.436694  0.419899  0.146258  0.446491  0.366670 0.0  0.312029  0.293945  0.507427  0.294532  0.496242  0.288281  0.210226  0.347021  0.243805  0.595881  0.174054  0.262715  0.275940  0.210529  0.173469  0.226567  0.725346  0.621926  0.262788  0.267448  0.755351  0.244263  0.238777  0.405416  0.595871  0.344762  0.089824  0.306570  0.127861  0.077619  0.258364  0.248857  0.367611  0.261934  0.378088  0.072246  0.665328  0.168275  0.235465  0.099986  0.453704  0.125207  0.166343  0.390957  0.378414  0.647772  0.267133  0.319546  0.160492  0.187708  0.024500  0.189638  0.080245  0.094598  0.453636  0.473607  0.171063  0.420673  0.290421  0.692959  0.375618  0.416524  0.281517  0.346344  0.263818  0.184061  0.186426  0.491435  0.236431  0.439679  0.119456  0.136504  0.342581  0.436275 
24  0.377613  0.306388  0.112025  0.329858  0.823704  0.716594  0.137824  0.456647  0.389735  0.358082  0.275498  0.383261  0.629269  0.293296  0.023225  0.334691  0.263027  0.817577  0.458342  0.360346  0.274457  0.584416  0.545531  0.312029 0.0  0.220784  0.412797  0.070710  0.304178  0.264751  0.006701  0.000000  0.316299  0.562388  0.309454  0.099391  0.242817  0.323243  0.438563  0.290429  0.869536  0.467940  0.000000  0.301667  0.756398  0.303403  0.351806  0.118334  0.254969  0.525784  0.248056  0.063827  0.333780  0.299854  0.276496  0.366129  0.193657  0.230250  0.279959  0.370119  0.509193  0.325677  0.275907  0.364598  0.428386  0.383636  0.378675  0.378523  0.317867  0.653307  0.282891  0.152897  0.338056  0.357614  0.303017  0.344816  0.301665  0.323717  0.076251  0.462155  0.317375  0.834951  0.322734  0.757387  0.111136  0.477260  0.032898  0.046689  0.457246  0.284702  0.318376  0.376228  0.328113  0.492224  0.356215  0.327981  0.323956  0.432681 
25  0.274212  0.268040  0.012670  0.299006  0.814413  0.467005  0.200611  0.449439  0.428617  0.358692  0.428464  0.342094  0.479243  0.232284  0.117190  0.370260  0.174314  0.941817  0.500372  0.393894  0.427104  0.578663  0.500162  0.293945  0.220784 0.0  0.372790  0.193994  0.307763  0.243441  0.000000  0.008984  0.281761  0.614083  0.290984  0.190045  0.281274  0.402192  0.358068  0.372975  0.781221  0.381404  0.072743  0.307218  0.917632  0.330605  0.303508  0.075842  0.214605  0.403542  0.335278  0.132991  0.443746  0.308700  0.262924  0.389027  0.051583  0.298188  0.203725  0.532143  0.553804  0.321078  0.393796  0.316226  0.461129  0.439451  0.405846  0.401588  0.143651  0.871221  0.206750  0.291488  0.356322  0.381751  0.359911  0.321418  0.346101  0.297711  0.059667  0.399376  0.293522  0.707928  0.290998  0.814073  0.026841  0.529565  0.000000  0.030942  0.492678  0.277659  0.235663  0.420745  0.278121  0.542603  0.397914  0.356806  0.323954  0.458091 
26  0.076738  0.000000  0.504150  0.394863  0.606876  0.613930  0.345118  0.405837  0.550248  0.284037  0.476952  0.052250  0.821575  0.346738  0.476993  0.144097  0.364289  0.497827  0.467677  0.500765  0.400140  0.639907  0.538191  0.507427  0.412797  0.372790 0.0  0.347236  0.139838  0.382104  0.367430  0.392411  0.193291  0.375273  0.338820  0.334139  0.319145  0.392340  0.423116  0.417083  0.438053  0.653445  0.485605  0.139096  0.537697  0.305537  0.403759  0.477656  0.486636  0.620865  0.471798  0.523857  0.340760  0.360656  0.420945  0.413134  0.361227  0.298784  0.295877  0.406149  0.837729  0.432124  0.369104  0.308896  0.425063  0.372209  0.428030  0.116668  0.359145  0.848869  0.326862  0.369324  0.371022  0.316544  0.387167  0.417446  0.498015  0.379235  0.413109  0.406877  0.397766  0.728160  0.278389  0.581022  0.278297  0.593202  0.491616  0.516481  0.109975  0.341800  0.213058  0.214840  0.348214  0.478721  0.397707  0.352947  0.440312  0.506674 
27  0.375314  0.324603  0.126921  0.343886  0.811205  0.507626  0.163388  0.468876  0.419914  0.297405  0.235025  0.306188  0.551479  0.268817  0.128220  0.229505  0.251303  0.883454  0.408436  0.358667  0.326434  0.608803  0.532606  0.294532  0.070710  0.193994  0.347236 0.0  0.391920  0.265622  0.104713  0.126723  0.250547  0.679273  0.289999  0.033498  0.258069  0.356544  0.387513  0.367385  0.829516  0.401556  0.037546  0.303198  0.862523  0.345851  0.188192  0.138178  0.308812  0.558251  0.336441  0.003534  0.305748  0.420786  0.322837  0.426989  0.095698  0.262713  0.291782  0.316062  0.646240  0.348094  0.349176  0.382135  0.489474  0.297958  0.514007  0.412533  0.159956  0.710199  0.223074  0.322100  0.282993  0.401102  0.362345  0.238144  0.302058  0.314904  0.094309  0.495134  0.411776  0.683370  0.229047  0.782999  0.042440  0.544878  0.144246  0.097418  0.489731  0.359668  0.295281  0.509765  0.325479  0.554416  0.329953  0.347981  0.420410  0.367335 
28  0.121545  0.169663  0.317820  0.270601  0.633876  0.647437  0.459043  0.361672  0.471370  0.239729  0.503141  0.039217  0.670034  0.196706  0.381009  0.192884  0.390893  0.521887  0.503779  0.580054  0.382263  0.682685  0.715093  0.496242  0.304178  0.307763  0.139838  0.391920 0.0  0.231577  0.324786  0.312123  0.343751  0.269165  0.434996  0.255874  0.228932  0.552582  0.516329  0.462234  0.440802  0.602025  0.383109  0.125391  0.504340  0.326162  0.497990  0.348376  0.518199  0.564671  0.362983  0.251978  0.425975  0.419158  0.458179  0.485484  0.408308  0.279170  0.280662  0.430081  0.800264  0.339046  0.473432  0.538900  0.408124  0.502059  0.351240  0.151688  0.309014  0.934764  0.380329  0.274144  0.522777  0.480191  0.228635  0.393988  0.484194  0.357087  0.292318  0.484898  0.468014  0.813686  0.240171  0.473610  0.340875  0.688321  0.262498  0.308532  0.000000  0.413484  0.155035  0.177629  0.502973  0.484074  0.438475  0.336328  0.556859  0.473338 
29  0.265198  0.288079  0.232342  0.180458  0.602317  0.563241  0.192092  0.528476  0.501769  0.272446  0.322129  0.324379  0.632516  0.325173  0.302009  0.246411  0.307319  0.633280  0.446869  0.476707  0.272897  0.391147  0.605558  0.288281  0.264751  0.243441  0.382104  0.265622  0.231577 0.0  0.286170  0.174009  0.269019  0.427774  0.353523  0.267218  0.338263  0.232366  0.201862  0.228447  0.692594  0.477432  0.370846  0.310534  0.679504  0.281970  0.229923  0.193589  0.387322  0.397251  0.348561  0.173439  0.225119  0.256964  0.261509  0.271908  0.292288  0.211331  0.203072  0.364521  0.751198  0.339864  0.312779  0.253746  0.415634  0.316802  0.263267  0.270878  0.248576  0.577763  0.188104  0.201928  0.352813  0.221421  0.352212  0.169124  0.275856  0.295535  0.253337  0.433374  0.360080  0.741750  0.215480  0.626745  0.211220  0.502964  0.279082  0.245353  0.208948  0.268802  0.217467  0.123934  0.274879  0.423894  0.312234  0.296802  0.231287  0.392352 
30  0.366102  0.435060  0.137893  0.421983  0.730813  0.592645  0.108303  0.536010  0.477678  0.410836  0.334321  0.445942  0.380762  0.200591  0.284656  0.373709  0.119184  0.832627  0.505824  0.389497  0.530487  0.526454  0.512740  0.210226  0.006701  0.000000  0.367430  0.104713  0.324786  0.286170 0.0  0.173457  0.154176  0.643583  0.335912  0.140761  0.271568  0.396489  0.414845  0.380511  0.823154  0.182690  0.196412  0.321051  0.691052  0.201869  0.469522  0.228202  0.526388  0.509560  0.277696  0.084555  0.404923  0.480268  0.308703  0.241178  0.097192  0.220430  0.332003  0.421105  0.498081  0.337319  0.376969  0.253779  0.497969  0.414054  0.364222  0.504780  0.135894  0.838757  0.056628  0.000000  0.387642  0.355848  0.420274  0.339073  0.353585  0.301700  0.196037  0.387215  0.358974  0.797984  0.258103  0.831384  0.053707  0.505079  0.104795  0.120471  0.341794  0.291350  0.324265  0.438902  0.280627  0.403658  0.334784  0.452074  0.490978  0.471466 
31  0.252146  0.260224  0.000000  0.370054  0.844772  0.362277  0.089658  0.493676  0.442621  0.315178  0.305033  0.324697  0.360245  0.263328  0.063699  0.294883  0.000000  0.755459  0.474586  0.357746  0.345495  0.662183  0.503575  0.347021  0.000000  0.008984  0.392411  0.126723  0.312123  0.174009  0.173457 0.0  0.331596  0.520757  0.250066  0.009082  0.272259  0.301931  0.315176  0.360462  0.665667  0.192190  0.000000  0.328876  0.807614  0.327436  0.275213  0.073456  0.250056  0.518046  0.291106  0.164717  0.324459  0.272503  0.334061  0.317156  0.070264  0.307897  0.338217  0.282074  0.386498  0.330248  0.371006  0.386263  0.468420  0.444681  0.440962  0.358356  0.122347  0.794521  0.009002  0.071712  0.405529  0.315618  0.360681  0.352457  0.380176  0.245351  0.000000  0.468805  0.298931  0.758239  0.361928  0.838831  0.202043  0.469976  0.091525  0.152897  0.343279  0.296695  0.206309  0.376015  0.395862  0.545850  0.307369  0.390901  0.391719  0.404144 
32  0.324438  0.327737  0.152195  0.282707  0.542444  0.473186  0.329420  0.471169  0.422901  0.305247  0.331044  0.323312  0.652658  0.295984  0.258584  0.332835  0.318927  0.563615  0.509175  0.528224  0.293597  0.419292  0.447347  0.243805  0.316299  0.281761  0.193291  0.250547  0.343751  0.269019  0.154176  0.331596 0.0  0.361678  0.235500  0.309723  0.222212  0.178872  0.192505  0.336249  0.688549  0.521410  0.272253  0.322647  0.622309  0.281056  0.263313  0.249310  0.399903  0.465627  0.284747  0.251981  0.200764  0.259900  0.265831  0.269165  0.326993  0.236284  0.302926  0.219751  0.722188  0.231315  0.258856  0.266985  0.438676  0.362334  0.349829  0.307362  0.231104  0.730865  0.362328  0.263571  0.254588  0.154642  0.465100  0.288822  0.350160  0.326933  0.253238  0.446737  0.249038  0.579726  0.326895  0.680126  0.261923  0.488782  0.274484  0.267166  0.217040  0.208348  0.278024  0.310483  0.350574  0.496444  0.250560  0.242608  0.197662  0.518760 
33  0.457835  0.416447  0.606312  0.598770  0.374248  0.647196  0.587608  0.503126  0.532775  0.452305  0.595657  0.369400  0.601295  0.384153  0.527075  0.391308  0.568572  0.378422  0.432050  0.515001  0.638911  0.633944  0.656509  0.595881  0.562388  0.614083  0.375273  0.679273  0.269165  0.427774  0.643583  0.520757  0.361678 0.0  0.623892  0.623293  0.431304  0.639620  0.633210  0.525725  0.379356  0.625960  0.562857  0.291540  0.370453  0.428651  0.554427  0.574644  0.525553  0.612333  0.497492  0.564723  0.629530  0.686427  0.616554  0.605664  0.701245  0.496747  0.466131  0.605916  0.601965  0.634097  0.436710  0.606022  0.430850  0.622678  0.584016  0.358945  0.587201  0.570125  0.544652  0.601094  0.580935  0.555084  0.528780  0.615087  0.570690  0.563151  0.558917  0.335111  0.653970  0.568600  0.492690  0.370276  0.517391  0.626290  0.671486  0.536002  0.411516  0.481205  0.513870  0.338923  0.541630  0.369542  0.590268  0.585823  0.647720  0.476366 
34  0.470979  0.540523  0.396389  0.318648  0.742937  0.328784  0.349930  0.487312  0.562702  0.177787  0.251502  0.307752  0.667802  0.263664  0.388107  0.589115  0.293256  0.815271  0.514757  0.421657  0.040180  0.447305  0.403442  0.174054  0.309454  0.290984  0.338820  0.289999  0.434996  0.353523  0.335912  0.250066  0.235500  0.623892 0.0  0.278185  0.278472  0.200878  0.158438  0.234968  0.714803  0.533151  0.404154  0.443789  0.707799  0.185176  0.202847  0.419410  0.465610  0.345034  0.171631  0.348242  0.262816  0.018740  0.227916  0.237937  0.190283  0.275316  0.362241  0.175049  0.705204  0.162483  0.177987  0.189957  0.376974  0.180908  0.086693  0.368243  0.304056  0.652639  0.374561  0.297142  0.240936  0.075280  0.029811  0.252293  0.160171  0.000000  0.378751  0.430478  0.229148  0.381509  0.280981  0.756352  0.333275  0.431667  0.298844  0.367272  0.279394  0.209474  0.277868  0.375551  0.181053  0.402434  0.207830  0.105208  0.263504  0.459181 
35  0.307245  0.323482  0.284698  0.421831  0.729467  0.411570  0.133925  0.398666  0.506232  0.291353  0.256068  0.525927  0.470213  0.253098  0.170527  0.329336  0.044719  0.747321  0.500928  0.253458  0.423048  0.553211  0.552464  0.262715  0.099391  0.190045  0.334139  0.033498  0.255874  0.267218  0.140761  0.009082  0.309723  0.623293  0.278185 0.0  0.185906  0.461238  0.298749  0.310250  0.764269  0.283495  0.078627  0.405640  0.850512  0.257405  0.347034  0.219809  0.312075  0.685169  0.357454  0.015077  0.255050  0.568565  0.235426  0.294896  0.067064  0.230287  0.305731  0.373134  0.448845  0.358306  0.273254  0.319860  0.495878  0.336001  0.396653  0.377810  0.043085  0.727030  0.125679  0.032989  0.285434  0.327592  0.434617  0.326626  0.265404  0.331585  0.242238  0.532993  0.313473  0.777338  0.181240  0.899316  0.042765  0.558017  0.104165  0.012834  0.338075  0.457259  0.318944  0.482420  0.281234  0.442757  0.394473  0.506014  0.309785  0.505926 
36  0.226185  0.296081  0.258646  0.202990  0.604706  0.421669  0.254553  0.404519  0.443271  0.145094  0.295336  0.238482  0.567647  0.250682  0.332553  0.282087  0.349174  0.698056  0.467410  0.438329  0.211665  0.457084  0.410825  0.275940  0.242817  0.281274  0.319145  0.258069  0.228932  0.338263  0.271568  0.272259  0.222212  0.431304  0.278472  0.185906 0.0  0.247308  0.328141  0.185715  0.723023  0.449004  0.240911  0.331632  0.632480  0.190358  0.336750  0.238260  0.482597  0.502348  0.167636  0.319092  0.306537  0.229602  0.186545  0.298940  0.355232  0.221698  0.260477  0.209664  0.689696  0.241674  0.278355  0.255301  0.496817  0.176061  0.214469  0.219341  0.233235  0.574164  0.222136  0.309284  0.274587  0.222209  0.287590  0.319550  0.317958  0.304857  0.254168  0.314654  0.278830  0.625451  0.261770  0.701079  0.287052  0.485643  0.212766  0.348622  0.263922  0.339874  0.229974  0.238437  0.218040  0.493097  0.331798  0.336017  0.402875  0.449403 
37  0.485312  0.582542  0.339860  0.323720  0.752418  0.368131  0.461847  0.528964  0.562738  0.215347  0.310061  0.446466  0.616978  0.252939  0.330610  0.507837  0.362061  0.677983  0.526467  0.474567  0.065554  0.472892  0.407266  0.210529  0.323243  0.402192  0.392340  0.356544  0.552582  0.232366  0.396489  0.301931  0.178872  0.639620  0.200878  0.461238  0.247308 0.0  0.181654  0.295094  0.788914  0.535517  0.332773  0.437855  0.783223  0.282133  0.221619  0.536459  0.484511  0.277200  0.087111  0.288828  0.250511  0.004697  0.210761  0.251354  0.288996  0.250226  0.423183  0.259889  0.763685  0.167325  0.193144  0.105066  0.434483  0.232897  0.071192  0.350244  0.375613  0.571318  0.292739  0.355756  0.164225  0.146837  0.025113  0.176975  0.252723  0.193732  0.262859  0.457576  0.185941  0.417124  0.243383  0.746307  0.326962  0.376767  0.335161  0.368051  0.347497  0.156884  0.322218  0.446800  0.241947  0.475221  0.296039  0.057173  0.162136  0.401393 
38  0.508427  0.515309  0.327571  0.314414  0.825849  0.322091  0.322230  0.470393  0.480729  0.285896  0.200874  0.342612  0.680367  0.298090  0.375343  0.397770  0.345248  0.794529  0.474492  0.579818  0.130129  0.417608  0.387860  0.173469  0.438563  0.358068  0.423116  0.387513  0.516329  0.201862  0.414845  0.315176  0.192505  0.633210  0.158438  0.298749  0.328141  0.181654 0.0  0.184126  0.724175  0.540200  0.242755  0.424614  0.749772  0.345554  0.113884  0.440339  0.534522  0.262041  0.263792  0.236978  0.279503  0.124257  0.113492  0.148606  0.303961  0.295395  0.283650  0.117961  0.716951  0.148981  0.093932  0.119730  0.521858  0.164396  0.018839  0.441856  0.290586  0.446767  0.272494  0.333812  0.256012  0.296819  0.047918  0.143604  0.196961  0.145770  0.154337  0.474367  0.210510  0.385908  0.109124  0.864170  0.427779  0.477355  0.336323  0.339041  0.331292  0.264387  0.252808  0.351907  0.223424  0.448886  0.175686  0.149964  0.250970  0.391522 
39  0.456683  0.456070  0.236183  0.238541  0.868369  0.401739  0.413214  0.500607  0.371975  0.221961  0.236339  0.446503  0.775179  0.267705  0.489509  0.452994  0.425025  0.732477  0.452900  0.525224  0.072571  0.357128  0.374218  0.226567  0.290429  0.372975  0.417083  0.367385  0.462234  0.228447  0.380511  0.360462  0.336249  0.525725  0.234968  0.310250  0.185715  0.295094  0.184126 0.0  0.633085  0.521445  0.281117  0.431968  0.706980  0.162869  0.198288  0.438582  0.583844  0.380529  0.162004  0.163443  0.146830  0.000000  0.245218  0.173440  0.403390  0.353489  0.260158  0.075287  0.738786  0.149047  0.187611  0.147582  0.468795  0.184979  0.000000  0.273621  0.366408  0.609027  0.374928  0.312696  0.165544  0.231110  0.119576  0.164285  0.189255  0.114139  0.343934  0.473716  0.255244  0.621012  0.289868  0.753101  0.432986  0.470495  0.300327  0.383963  0.300583  0.314988  0.346337  0.365430  0.173885  0.523867  0.098042  0.000000  0.179818  0.497301 
