98
0 0.0  0.260965  0.187487  0.498499  0.309387  0.431142  0.769626  0.447634  0.182147  0.263385  0.343228  0.351555  0.318801  0.294293  0.303245  0.329594  0.301451  0.719474  0.230252  0.237650  0.603285  0.460183  0.358916  0.257738  0.231594  0.219873  0.175653  0.265015  0.552004  0.282687  0.560690  0.287490  0.597856  0.243024  0.166322  0.156153  0.240792  0.181292  0.303205  0.270335  0.241990  0.349878  0.495882  0.321101  0.328146  0.257235  0.322307  0.308521  0.343361  0.257403  0.743287  0.199912  0.228814  0.343864  0.695469  0.277192  0.262150  0.287320  0.450814  0.204178  0.192571  0.280642  0.799306  0.383553  0.694663  0.298740  0.747885  0.346844  0.242454  0.213717  0.246772  0.444320  0.229029  0.322175  0.308352  0.284022  0.389081  0.255476  0.687340  0.323777  0.735732  0.310209  0.177133  0.364664  0.781687  0.241398  0.237040  0.327095  0.265820  0.337821  0.312717  0.342022  0.329902  0.301540  0.477339  0.325751  0.303247  0.299261 
1  0.260965 0.0  0.406515  0.407191  0.530835  0.542901  0.608398  0.597997  0.319993  0.350646  0.389753  0.067590  0.423764  0.345367  0.208038  0.453352  0.214882  0.824997  0.253994  0.267013  0.962670  0.616564  0.335323  0.303278  0.426907  0.116467  0.521681  0.343422  0.514928  0.301680  0.565887  0.370146  0.503730  0.495255  0.376468  0.264776  0.424072  0.295322  0.427296  0.302432  0.197638  0.284270  0.351402  0.400017  0.195357  0.425816  0.289084  0.177344  0.253341  0.461068  0.892193  0.159140  0.036613  0.336282  0.779821  0.413309  0.040119  0.278115  0.495340  0.248806  0.323436  0.016400  0.828000  0.304958  0.604653  0.300868  0.822797  0.377114  0.386532  0.094835  0.166117  0.534851  0.018910  0.274323  0.347439  0.316321  0.193197  0.339563  0.711648  0.366221  0.530300  0.377122  0.411787  0.454645  0.607229  0.495429  0.408260  0.323285  0.337497  0.172883  0.355075  0.380609  0.220518  0.080139  0.290740  0.403624  0.324865  0.363518 
2  0.187487  0.406515 0.0  0.514888  0.143760  0.590664  0.826636  0.661422  0.364529  0.437821  0.087309  0.536236  0.125776  0.161954  0.468069  0.192569  0.334404  0.775727  0.191394  0.185071  0.461312  0.679224  0.112860  0.507842  0.205055  0.384769  0.115198  0.269794  0.520111  0.501137  0.279939  0.465116  0.482570  0.199690  0.330089  0.393579  0.413517  0.171445  0.265113  0.321140  0.417508  0.261872  0.632702  0.463197  0.288296  0.096883  0.345172  0.354932  0.396364  0.391082  0.489260  0.311430  0.343609  0.083789  0.539992  0.272273  0.517419  0.060162  0.509111  0.069901  0.164575  0.372757  0.580831  0.407698  0.849526  0.278406  0.765194  0.358493  0.491639  0.479363  0.385614  0.665128  0.339139  0.237005  0.155481  0.401525  0.393227  0.089905  0.478672  0.372301  0.779157  0.143125  0.338412  0.191112  0.791535  0.100732  0.215833  0.418015  0.401158  0.443609  0.212913  0.243179  0.333922  0.474596  0.639597  0.433603  0.383791  0.442229 
3  0.498499  0.407191  0.514888 0.0  0.442637  0.520274  0.479018  0.479317  0.388665  0.398521  0.471089  0.512518  0.486612  0.511457  0.490462  0.531459  0.571099  0.582420  0.382076  0.380220  0.423540  0.497910  0.472190  0.486168  0.485952  0.630651  0.595547  0.467042  0.437384  0.522637  0.493086  0.418584  0.432834  0.551012  0.487378  0.457788  0.433394  0.430866  0.524473  0.453347  0.360698  0.528037  0.387112  0.463849  0.539357  0.513037  0.436843  0.529915  0.265800  0.468707  0.354739  0.492651  0.473294  0.547983  0.526747  0.536396  0.405300  0.507881  0.509240  0.463454  0.435928  0.488666  0.408164  0.354870  0.404185  0.362548  0.521549  0.446145  0.529545  0.383432  0.581383  0.506895  0.558518  0.391192  0.446069  0.454167  0.623220  0.526577  0.400070  0.446410  0.386540  0.572916  0.522353  0.425258  0.541933  0.371369  0.493233  0.463437  0.521469  0.515225  0.510282  0.527805  0.478661  0.516112  0.548900  0.480744  0.422541  0.477131 
4  0.309387  0.530835  0.143760  0.442637 0.0  0.653554  0.798169  0.540653  0.223389  0.478048  0.140533  0.335627  0.102819  0.000000  0.359992  0.000000  0.503105  0.580456  0.348897  0.015950  0.675039  0.650840  0.054990  0.333805  0.068296  0.355232  0.143126  0.241923  0.452017  0.263580  0.247729  0.270953  0.364743  0.212778  0.380522  0.312878  0.388945  0.277423  0.439530  0.415078  0.541627  0.343485  0.530215  0.294586  0.207959  0.121104  0.366873  0.462168  0.401561  0.326484  0.473821  0.507896  0.447374  0.094745  0.613824  0.341399  0.331799  0.105841  0.526617  0.110337  0.055716  0.302715  0.618034  0.438347  0.831483  0.184578  0.679159  0.346391  0.293974  0.354026  0.486943  0.497285  0.209906  0.221420  0.148388  0.301294  0.395083  0.000000  0.483653  0.362429  0.998102  0.227458  0.379771  0.268889  0.914990  0.292146  0.117791  0.424795  0.297804  0.411442  0.115357  0.379795  0.464497  0.327691  0.577100  0.367944  0.288090  0.426154 
5  0.431142  0.542901  0.590664  0.520274  0.653554 0.0  0.725484  0.337583  0.486833  0.405224  0.623270  0.568163  0.545372  0.539886  0.467701  0.575860  0.543785  0.289285  0.479742  0.529415  0.532893  0.407986  0.496724  0.282250  0.651827  0.715817  0.588144  0.462337  0.426268  0.425457  0.533349  0.396045  0.441774  0.605269  0.529399  0.383196  0.347910  0.483320  0.334200  0.490536  0.625436  0.532502  0.629005  0.404870  0.431724  0.583133  0.323813  0.551522  0.610470  0.437228  0.554534  0.570425  0.641554  0.598273  0.642000  0.386942  0.510922  0.522325  0.384134  0.529855  0.541212  0.702148  0.521219  0.412908  0.548754  0.504986  0.306028  0.453872  0.332760  0.735687  0.648054  0.503459  0.646787  0.501385  0.593330  0.507026  0.520636  0.598726  0.498320  0.523483  0.568087  0.519286  0.396295  0.503102  0.669040  0.630277  0.568982  0.338329  0.212396  0.562993  0.595109  0.487999  0.636650  0.654441  0.645657  0.379935  0.388948  0.278090 
6  0.769626  0.608398  0.826636  0.479018  0.798169  0.725484 0.0  0.641205  0.695925  0.882060  0.792292  0.534934  0.923268  0.769515  0.889244  0.838744  0.497308  0.343957  0.769432  0.827016  0.732817  0.568825  0.813479  0.751340  0.837266  0.607751  0.884461  0.744663  0.442356  0.823399  0.654875  0.790949  0.383350  0.879182  0.835273  0.902216  0.775097  0.694885  0.837778  0.512750  0.604671  0.627539  0.342112  0.761032  0.628614  0.915064  0.805131  0.734952  0.613947  0.962931  0.373240  0.512519  0.528082  0.928627  0.864570  0.758104  0.540521  0.788665  0.454142  0.914054  0.858627  0.514245  0.273773  0.794219  0.233143  0.605905  0.495934  0.789649  0.831579  0.574596  0.525615  0.673634  0.527613  0.695454  0.853708  0.909428  0.884226  0.724996  0.857191  0.734203  0.166467  0.938621  0.863701  0.777903  0.163999  0.817727  0.818273  0.906697  0.822192  0.517118  0.723226  0.604991  0.640400  0.606627  0.321162  0.783354  0.806408  0.737794 
7  0.447634  0.597997  0.661422  0.479317  0.540653  0.337583  0.641205 0.0  0.505321  0.308142  0.720095  0.566568  0.551083  0.454948  0.319889  0.554094  0.611107  0.486217  0.384177  0.680400  0.511823  0.227203  0.561061  0.204927  0.615398  0.532766  0.654007  0.197209  0.482393  0.305902  0.728218  0.249284  0.476848  0.479919  0.337339  0.201560  0.219436  0.480692  0.180108  0.566544  0.693553  0.526713  0.580817  0.361206  0.454560  0.515795  0.266065  0.548642  0.557595  0.269394  0.498073  0.664551  0.566444  0.547952  0.647581  0.243879  0.557692  0.571497  0.458767  0.503154  0.619913  0.495452  0.519909  0.252627  0.703744  0.421771  0.466958  0.325561  0.182032  0.532672  0.624930  0.304060  0.536232  0.559259  0.619106  0.335147  0.332020  0.481023  0.618569  0.324816  0.545123  0.455206  0.396565  0.602776  0.536956  0.486838  0.504466  0.179006  0.482186  0.443626  0.563830  0.502842  0.710273  0.439934  0.624838  0.358590  0.277432  0.382388 
8  0.182147  0.319993  0.364529  0.388665  0.223389  0.486833  0.695925  0.505321 0.0  0.299664  0.286144  0.187531  0.201514  0.185087  0.335212  0.272676  0.331334  0.564251  0.258156  0.152574  0.653158  0.558428  0.349049  0.352250  0.263510  0.362908  0.270386  0.321126  0.538228  0.358398  0.399928  0.259787  0.479420  0.378234  0.190027  0.292405  0.230993  0.269697  0.197776  0.245822  0.308079  0.225395  0.499440  0.356962  0.328067  0.277432  0.375634  0.330090  0.211308  0.213825  0.725719  0.261532  0.322815  0.214043  0.646966  0.299980  0.267455  0.244495  0.415900  0.332810  0.268053  0.251185  0.724711  0.381615  0.822266  0.327347  0.674399  0.260811  0.210026  0.224685  0.357226  0.567871  0.202250  0.250768  0.329401  0.305946  0.292677  0.214007  0.653737  0.255404  0.753289  0.229695  0.212321  0.286311  0.555659  0.330057  0.387789  0.147476  0.246007  0.181436  0.244917  0.246807  0.276370  0.293652  0.471211  0.318157  0.173902  0.270572 
9  0.263385  0.350646  0.437821  0.398521  0.478048  0.405224  0.882060  0.308142  0.299664 0.0  0.344623  0.275551  0.375991  0.382845  0.201378  0.367668  0.383510  0.528608  0.160223  0.292518  0.719636  0.433914  0.255145  0.145260  0.367805  0.505299  0.388623  0.277179  0.519328  0.139416  0.597711  0.187834  0.511298  0.350884  0.251129  0.131218  0.081057  0.245640  0.017273  0.279680  0.353481  0.258850  0.647261  0.166446  0.271914  0.343210  0.166552  0.322048  0.380278  0.220872  0.768460  0.370560  0.495346  0.425298  0.904242  0.241105  0.333551  0.374085  0.613176  0.292482  0.313994  0.318736  0.883315  0.209438  0.738590  0.284188  0.443099  0.276228  0.169410  0.437836  0.297685  0.459452  0.337894  0.340486  0.389112  0.170811  0.088072  0.369921  0.756063  0.240660  0.756378  0.372662  0.138032  0.356720  0.692832  0.332532  0.369497  0.225913  0.066306  0.389406  0.441770  0.314991  0.409775  0.372887  0.624661  0.184794  0.253399  0.244809 
10  0.343228  0.389753  0.087309  0.471089  0.140533  0.623270  0.792292  0.720095  0.286144  0.344623 0.0  0.343439  0.088034  0.043718  0.392536  0.099978  0.396788  0.829497  0.296343  0.184430  0.429045  0.564082  0.031821  0.305786  0.137909  0.402163  0.041198  0.285626  0.488495  0.411444  0.447325  0.368180  0.492371  0.014338  0.350975  0.304874  0.450805  0.309432  0.353118  0.289557  0.409715  0.221820  0.656521  0.384480  0.305690  0.000000  0.276696  0.273036  0.360360  0.394344  0.523108  0.395805  0.381618  0.133434  0.521049  0.335045  0.462010  0.223437  0.461866  0.077239  0.210727  0.327372  0.394122  0.343711  0.902756  0.230542  0.903337  0.241616  0.255821  0.341778  0.366510  0.549471  0.277717  0.250209  0.144018  0.397226  0.323296  0.111085  0.615269  0.282155  0.754269  0.047001  0.322271  0.061938  0.665805  0.030599  0.054108  0.361771  0.516198  0.380004  0.032469  0.153300  0.403633  0.325084  0.648949  0.300241  0.232016  0.342180 
11  0.351555  0.067590  0.536236  0.512518  0.335627  0.568163  0.534934  0.566568  0.187531  0.275551  0.343439 0.0  0.253080  0.428561  0.339232  0.462254  0.000000  0.800104  0.253251  0.335769  0.836057  0.595814  0.413625  0.289379  0.280254  0.069227  0.289336  0.352836  0.394326  0.341500  0.621814  0.333309  0.474904  0.408185  0.221752  0.306886  0.432182  0.313038  0.354585  0.127493  0.165363  0.373780  0.306577  0.416186  0.307809  0.287325  0.316288  0.139814  0.202207  0.367801  0.680846  0.158739  0.093626  0.384247  0.831706  0.369582  0.159979  0.362334  0.384874  0.498127  0.387821  0.071172  0.762885  0.406459  0.452061  0.343874  0.652879  0.279409  0.411640  0.050609  0.066280  0.517309  0.091177  0.178618  0.355984  0.311189  0.355408  0.350363  0.792740  0.428137  0.507501  0.270117  0.365399  0.320546  0.588355  0.277982  0.415101  0.417350  0.407027  0.101423  0.437310  0.257224  0.190609  0.142580  0.452727  0.283362  0.343286  0.260326 
12  0.318801  0.423764  0.125776  0.486612  0.102819  0.545372  0.923268  0.551083  0.201514  0.375991  0.088034  0.253080 0.0  0.204461  0.320272  0.093105  0.279788  0.760548  0.347628  0.011578  0.406957  0.544669  0.102033  0.421459  0.119816  0.262149  0.000000  0.348285  0.366133  0.234562  0.253471  0.350266  0.573722  0.016325  0.318793  0.301299  0.311209  0.305045  0.387625  0.345109  0.344573  0.273328  0.483723  0.333536  0.275310  0.076909  0.325915  0.423127  0.395130  0.273001  0.410063  0.348414  0.470670  0.075643  0.557688  0.421314  0.266235  0.150387  0.475243  0.062742  0.021420  0.371294  0.494065  0.344821  0.770757  0.320860  0.720906  0.401275  0.355538  0.273411  0.362158  0.543327  0.337156  0.321090  0.080154  0.409408  0.349574  0.215128  0.425552  0.306135  0.820623  0.178685  0.382686  0.121067  0.644569  0.092032  0.037608  0.349410  0.218534  0.277804  0.191991  0.342403  0.361857  0.221945  0.697205  0.475911  0.364499  0.294957 
13  0.294293  0.345367  0.161954  0.511457  0.000000  0.539886  0.769515  0.454948  0.185087  0.382845  0.043718  0.428561  0.204461 0.0  0.296649  0.203456  0.409189  0.815300  0.433664  0.062375  0.502652  0.624448  0.134298  0.364135  0.103974  0.322117  0.000000  0.458574  0.577011  0.457341  0.253168  0.495221  0.518162  0.100045  0.276758  0.322774  0.307881  0.285202  0.239228  0.353074  0.314290  0.231074  0.606967  0.313207  0.295589  0.114538  0.371430  0.314738  0.329966  0.240150  0.471035  0.370932  0.311359  0.091108  0.587335  0.336250  0.516069  0.000000  0.458929  0.223550  0.000000  0.401403  0.463720  0.307715  0.802547  0.244100  0.810486  0.420917  0.348255  0.321350  0.405504  0.558322  0.391373  0.281141  0.044255  0.213099  0.397209  0.131812  0.431328  0.382791  0.691236  0.038112  0.422727  0.057857  0.710856  0.114562  0.103173  0.396645  0.409158  0.310636  0.202583  0.231885  0.367077  0.381383  0.546368  0.355439  0.329298  0.316946 
14  0.303245  0.208038  0.468069  0.490462  0.359992  0.467701  0.889244  0.319889  0.335212  0.201378  0.392536  0.339232  0.320272  0.296649 0.0  0.347580  0.234620  0.492609  0.320111  0.410461  0.746243  0.366602  0.380590  0.105071  0.315125  0.433002  0.284732  0.250285  0.564460  0.228902  0.477739  0.247972  0.519079  0.400641  0.287479  0.132731  0.200103  0.307771  0.040282  0.329967  0.405744  0.316491  0.625792  0.168750  0.251275  0.308023  0.346122  0.306821  0.324392  0.161515  0.674426  0.454329  0.517969  0.422067  0.873781  0.190162  0.399033  0.227286  0.647558  0.343783  0.391305  0.529829  0.696979  0.186193  0.800754  0.372843  0.443855  0.174373  0.221329  0.438733  0.260473  0.362904  0.595564  0.135473  0.386455  0.186094  0.268416  0.444578  0.746093  0.208049  0.806347  0.329287  0.151253  0.268676  0.740686  0.354416  0.341946  0.171273  0.047052  0.319961  0.346843  0.259142  0.382284  0.479094  0.662983  0.196020  0.260328  0.179874 
15  0.329594  0.453352  0.192569  0.531459  0.000000  0.575860  0.838744  0.554094  0.272676  0.367668  0.099978  0.462254  0.093105  0.203456  0.347580 0.0  0.332440  0.773222  0.211556  0.077226  0.428543  0.487183  0.199121  0.361412  0.106840  0.459644  0.105724  0.282602  0.446939  0.471164  0.172570  0.350105  0.429048  0.057815  0.297761  0.346687  0.286317  0.223899  0.298752  0.329584  0.468789  0.235554  0.693905  0.391273  0.288528  0.053758  0.234979  0.297854  0.425270  0.370644  0.554963  0.257752  0.398599  0.066396  0.583762  0.348337  0.480397  0.011891  0.493817  0.105735  0.103699  0.358078  0.450040  0.310711  0.723447  0.268502  0.692293  0.326928  0.433380  0.298440  0.366662  0.494832  0.478624  0.233043  0.054038  0.244255  0.350881  0.000000  0.512870  0.282651  0.731243  0.055602  0.378766  0.143898  0.701459  0.082793  0.112747  0.355325  0.341664  0.290974  0.272698  0.237739  0.444192  0.403593  0.616243  0.252261  0.307270  0.319560 
16  0.301451  0.214882  0.334404  0.571099  0.503105  0.543785  0.497308  0.611107  0.331334  0.383510  0.396788  0.000000  0.279788  0.409189  0.234620  0.332440 0.0  0.855208  0.359617  0.432966  0.919086  0.523103  0.315067  0.385896  0.356740  0.073440  0.396390  0.319485  0.517733  0.357403  0.456486  0.415980  0.553362  0.401626  0.320251  0.317644  0.300012  0.296043  0.408638  0.092187  0.238132  0.245002  0.315790  0.312281  0.133237  0.445731  0.393368  0.173470  0.169452  0.311137  0.854113  0.303345  0.119137  0.363937  0.838640  0.481513  0.034277  0.372095  0.449945  0.278854  0.353718  0.046228  0.909336  0.315750  0.469585  0.219828  0.703112  0.319589  0.368525  0.119651  0.202932  0.527765  0.036698  0.290700  0.348107  0.298831  0.287888  0.379439  0.755891  0.362171  0.465491  0.412955  0.326370  0.564444  0.620361  0.500639  0.303302  0.265647  0.407629  0.188492  0.330214  0.280360  0.093284  0.134023  0.309598  0.366895  0.319593  0.357903 
17  0.719474  0.824997  0.775727  0.582420  0.580456  0.289285  0.343957  0.486217  0.564251  0.528608  0.829497  0.800104  0.760548  0.815300  0.492609  0.773222  0.855208 0.0  0.727210  0.921027  0.718340  0.320218  0.698222  0.491010  0.812074  0.743196  0.748725  0.508317  0.524326  0.454774  0.649860  0.532061  0.515814  0.964138  0.419171  0.397792  0.355856  0.686997  0.383138  0.798496  0.733868  0.670726  0.558495  0.406154  0.691923  0.753866  0.490819  0.747149  0.712073  0.545113  0.329878  0.719692  0.787611  0.808163  0.735527  0.470747  0.754430  0.881270  0.494358  0.822248  0.867452  0.768163  0.334541  0.492004  0.445006  0.605780  0.297562  0.550797  0.489509  0.774369  0.680857  0.252307  0.744018  0.684399  0.904720  0.433918  0.513075  0.702387  0.895376  0.534607  0.353791  0.787013  0.524669  0.697448  0.325755  0.699627  0.690239  0.400051  0.618904  0.722362  0.783041  0.687502  0.856595  0.716314  0.726495  0.411893  0.471956  0.564909 
18  0.230252  0.253994  0.191394  0.382076  0.348897  0.479742  0.769432  0.384177  0.258156  0.160223  0.296343  0.253251  0.347628  0.433664  0.320111  0.211556  0.359617  0.727210 0.0  0.246343  0.604393  0.435597  0.234845  0.189094  0.290965  0.184895  0.308529  0.334765  0.414183  0.361297  0.422390  0.265138  0.410117  0.211244  0.182025  0.359658  0.300375  0.293791  0.273790  0.281122  0.338626  0.164724  0.469969  0.241400  0.238130  0.237167  0.145697  0.291402  0.267266  0.283535  0.636250  0.265403  0.303847  0.305635  0.683282  0.226620  0.231044  0.299537  0.413473  0.242319  0.271490  0.291502  0.589032  0.215344  0.665888  0.267889  0.756768  0.284814  0.205627  0.325595  0.222399  0.475312  0.354832  0.334990  0.235746  0.319788  0.237265  0.195830  0.551086  0.347684  0.729474  0.220805  0.212514  0.270145  0.797594  0.293044  0.368649  0.206019  0.294113  0.329107  0.198118  0.124027  0.251739  0.348119  0.464457  0.209354  0.284505  0.391840 
19  0.237650  0.267013  0.185071  0.380220  0.015950  0.529415  0.827016  0.680400  0.152574  0.292518  0.184430  0.335769  0.011578  0.062375  0.410461  0.077226  0.432966  0.921027  0.246343 0.0  0.480279  0.474619  0.000000  0.351762  0.098948  0.366358  0.042165  0.408964  0.429263  0.349362  0.405540  0.324122  0.583206  0.000000  0.307836  0.259359  0.393717  0.267667  0.268322  0.393506  0.377443  0.261697  0.735809  0.466633  0.299250  0.118876  0.303616  0.353948  0.481269  0.255725  0.539987  0.362099  0.479185  0.144324  0.525535  0.387640  0.295132  0.262680  0.378440  0.049096  0.158388  0.365747  0.486754  0.408652  1.000000  0.293165  0.837391  0.361542  0.412137  0.289569  0.358608  0.588887  0.296612  0.236190  0.192207  0.464858  0.467393  0.000000  0.547341  0.380238  0.681243  0.093251  0.272628  0.045695  0.740913  0.094835  0.069054  0.323303  0.558313  0.291293  0.178757  0.239978  0.432874  0.453558  0.658113  0.296996  0.391514  0.339768 
20  0.603285  0.962670  0.461312  0.423540  0.675039  0.532893  0.732817  0.511823  0.653158  0.719636  0.429045  0.836057  0.406957  0.502652  0.746243  0.428543  0.919086  0.718340  0.604393  0.480279 0.0  0.573442  0.502156  0.724395  0.495478  0.755007  0.551137  0.774839  0.476375  0.827897  0.255303  0.751438  0.574545  0.653631  0.794512  0.684262  0.822359  0.651905  0.996510  0.932007  0.983194  0.700717  0.715192  0.845312  0.647809  0.658844  0.769047  0.990624  0.770705  0.662472  0.566631  0.860749  0.897017  0.565474  0.129421  0.644331  0.772691  0.570656  0.510865  0.419993  0.444521  0.797011  0.557538  0.801337  0.728416  0.718276  0.812410  0.715099  0.749257  0.808676  0.878105  0.548465  0.821181  0.604361  0.445602  0.745101  0.689300  0.531890  0.039698  0.826779  0.966288  0.606753  0.801334  0.574193  0.807139  0.583662  0.444939  0.711753  0.734474  0.818518  0.555218  0.701146  0.855583  0.682269  0.509551  0.835428  0.763081  0.703417 
21  0.460183  0.616564  0.679224  0.497910  0.650840  0.407986  0.568825  0.227203  0.558428  0.433914  0.564082  0.595814  0.544669  0.624448  0.366602  0.487183  0.523103  0.320218  0.435597  0.474619  0.573442 0.0  0.478079  0.402691  0.428865  0.676256  0.622342  0.354204  0.518338  0.417430  0.617630  0.368129  0.564710  0.526855  0.400885  0.435327  0.433535  0.527126  0.339600  0.563345  0.397881  0.428185  0.526144  0.403428  0.528152  0.473882  0.372021  0.580430  0.627466  0.452117  0.659038  0.472510  0.566251  0.537809  0.724186  0.357351  0.484989  0.497053  0.393618  0.598444  0.542569  0.611540  0.480681  0.407190  0.533168  0.487715  0.270499  0.581786  0.389553  0.682605  0.451329  0.457291  0.775978  0.411504  0.527520  0.462232  0.570392  0.578608  0.577982  0.356293  0.491038  0.513106  0.446665  0.533409  0.490614  0.623674  0.472241  0.347693  0.246739  0.611299  0.628486  0.345457  0.574225  0.750320  0.664736  0.370565  0.412517  0.291723 
22  0.358916  0.335323  0.112860  0.472190  0.054990  0.496724  0.813479  0.561061  0.349049  0.255145  0.031821  0.413625  0.102033  0.134298  0.380590  0.199121  0.315067  0.698222  0.234845  0.000000  0.502156  0.478079 0.0  0.307964  0.106259  0.312395  0.083107  0.386739  0.486300  0.290416  0.170573  0.243891  0.461583  0.101465  0.368548  0.357870  0.341268  0.282504  0.293543  0.267744  0.305779  0.148690  0.646141  0.401364  0.254437  0.110218  0.389879  0.369495  0.374061  0.349801  0.517739  0.396677  0.407733  0.094959  0.427978  0.328042  0.481246  0.000000  0.540264  0.174850  0.000000  0.179419  0.434916  0.278266  0.718395  0.324355  0.732212  0.280506  0.437734  0.245065  0.261477  0.429809  0.306030  0.361515  0.001776  0.397836  0.284868  0.173847  0.424466  0.351632  0.714478  0.109593  0.357776  0.135738  0.819559  0.053071  0.209361  0.412611  0.412442  0.344360  0.272611  0.165393  0.335062  0.364482  0.663107  0.408866  0.320185  0.372199 
23  0.257738  0.303278  0.507842  0.486168  0.333805  0.282250  0.751340  0.204927  0.352250  0.145260  0.305786  0.289379  0.421459  0.364135  0.105071  0.361412  0.385896  0.491010  0.189094  0.351762  0.724395  0.402691  0.307964 0.0  0.416621  0.427705  0.289871  0.276628  0.496489  0.193721  0.605570  0.265531  0.478875  0.391097  0.136966  0.188585  0.194590  0.296338  0.000000  0.283692  0.441075  0.285684  0.509238  0.182352  0.215186  0.351381  0.206977  0.251786  0.412018  0.214350  0.783902  0.448886  0.280767  0.440733  0.810596  0.094400  0.348094  0.389224  0.421207  0.348776  0.301929  0.523478  0.671235  0.179144  0.836015  0.294671  0.497409  0.345758  0.189223  0.413186  0.356976  0.362864  0.440440  0.197194  0.216977  0.282293  0.241940  0.512709  0.823792  0.245657  0.777142  0.350585  0.180560  0.282090  0.783937  0.247763  0.297069  0.151098  0.000000  0.346200  0.400268  0.201485  0.386084  0.527327  0.599156  0.038847  0.099394  0.168475 
24  0.231594  0.426907  0.205055  0.485952  0.068296  0.651827  0.837266  0.615398  0.263510  0.367805  0.137909  0.280254  0.119816  0.103974  0.315125  0.106840  0.356740  0.812074  0.290965  0.098948  0.495478  0.428865  0.106259  0.416621 0.0  0.294330  0.159190  0.316382  0.566116  0.291920  0.265393  0.375714  0.518333  0.053044  0.306322  0.264403  0.322213  0.284763  0.345509  0.306790  0.328385  0.288564  0.686552  0.406750  0.374898  0.144774  0.350000  0.361622  0.375906  0.362298  0.534727  0.237081  0.396119  0.160413  0.656259  0.293026  0.435808  0.000000  0.498418  0.000000  0.016052  0.350291  0.480961  0.387447  0.859823  0.268247  0.687068  0.353978  0.377282  0.313429  0.495316  0.476500  0.393607  0.265043  0.000000  0.275432  0.428943  0.109657  0.440070  0.332625  0.684989  0.000000  0.397035  0.091261  0.688805  0.129643  0.013292  0.239798  0.271790  0.410278  0.002102  0.296062  0.410043  0.357467  0.701686  0.309526  0.243612  0.344571 
25  0.219873  0.116467  0.384769  0.630651  0.355232  0.715817  0.607751  0.532766  0.362908  0.505299  0.402163  0.069227  0.262149  0.322117  0.433002  0.459644  0.073440  0.743196  0.184895  0.366358  0.755007  0.676256  0.312395  0.427705  0.294330 0.0  0.352002  0.491542  0.529891  0.568674  0.587336  0.511456  0.450615  0.274701  0.482399  0.429144  0.508155  0.227647  0.275647  0.000000  0.194498  0.326560  0.276469  0.470464  0.290422  0.360202  0.368790  0.119458  0.129003  0.444811  0.578369  0.074407  0.087362  0.443274  0.788168  0.374347  0.095958  0.480320  0.382532  0.377144  0.387672  0.247387  0.770981  0.489146  0.365833  0.189124  0.829599  0.443742  0.532407  0.241915  0.098265  0.745073  0.219208  0.373172  0.259661  0.536417  0.509267  0.406740  0.697714  0.603072  0.592779  0.505250  0.501350  0.334546  0.467733  0.365254  0.308546  0.448733  0.440605  0.000000  0.359020  0.381732  0.191266  0.273804  0.304417  0.599903  0.524233  0.432667 
26  0.175653  0.521681  0.115198  0.595547  0.143126  0.588144  0.884461  0.654007  0.270386  0.388623  0.041198  0.289336  0.000000  0.000000  0.284732  0.105724  0.396390  0.748725  0.308529  0.042165  0.551137  0.622342  0.083107  0.289871  0.159190  0.352002 0.0  0.344146  0.479212  0.426340  0.179896  0.329707  0.489081  0.271254  0.375268  0.311868  0.348820  0.224123  0.477007  0.476690  0.472993  0.229446  0.593518  0.290560  0.317987  0.164468  0.290274  0.522972  0.454209  0.429550  0.589442  0.447128  0.438771  0.128999  0.516022  0.415397  0.336981  0.209290  0.500644  0.132295  0.015462  0.316214  0.645961  0.372218  0.760905  0.179643  0.619444  0.260496  0.290500  0.260616  0.515779  0.531254  0.304974  0.293134  0.030398  0.343060  0.503115  0.165997  0.497234  0.270407  0.832053  0.184505  0.435383  0.123164  0.841518  0.313722  0.070197  0.435002  0.273331  0.549513  0.072082  0.312403  0.426288  0.276036  0.512249  0.347902  0.307604  0.392094 
27  0.265015  0.343422  0.269794  0.467042  0.241923  0.462337  0.744663  0.197209  0.321126  0.277179  0.285626  0.352836  0.348285  0.458574  0.250285  0.282602  0.319485  0.508317  0.334765  0.408964  0.774839  0.354204  0.386739  0.276628  0.316382  0.491542  0.344146 0.0  0.399997  0.169283  0.512705  0.074081  0.375016  0.255712  0.201008  0.153895  0.275481  0.223135  0.044880  0.339300  0.267539  0.293467  0.603228  0.245137  0.338842  0.353566  0.113694  0.396619  0.482670  0.146154  0.812720  0.379117  0.433877  0.327649  0.845352  0.350194  0.250666  0.241963  0.511212  0.337483  0.271051  0.504279  0.802504  0.092232  0.805585  0.263906  0.504426  0.183406  0.243059  0.429541  0.298274  0.527762  0.506684  0.236998  0.375594  0.229381  0.160865  0.322463  0.762483  0.349073  0.710812  0.338307  0.151572  0.333224  0.863284  0.318410  0.313023  0.155613  0.090421  0.306715  0.431226  0.305080  0.412451  0.429551  0.617019  0.136405  0.081449  0.271609 
28  0.552004  0.514928  0.520111  0.437384  0.452017  0.426268  0.442356  0.482393  0.538228  0.519328  0.488495  0.394326  0.366133  0.577011  0.564460  0.446939  0.517733  0.524326  0.414183  0.429263  0.476375  0.518338  0.486300  0.496489  0.566116  0.529891  0.479212  0.399997 0.0  0.492819  0.414542  0.474534  0.382201  0.478618  0.374364  0.496974  0.492935  0.500566  0.494574  0.468660  0.604078  0.457051  0.533637  0.597746  0.377192  0.521237  0.491484  0.484795  0.492716  0.487594  0.352057  0.544944  0.456394  0.467386  0.372478  0.438880  0.566934  0.528957  0.551017  0.430887  0.411682  0.450684  0.481471  0.465836  0.406162  0.427451  0.523830  0.531538  0.536421  0.469599  0.457732  0.426604  0.479605  0.467698  0.518209  0.485374  0.508547  0.402346  0.512356  0.426139  0.448108  0.470636  0.470127  0.361509  0.425692  0.455919  0.477911  0.479410  0.491476  0.542665  0.411413  0.532834  0.546245  0.374955  0.397544  0.503721  0.389261  0.555540 
29  0.282687  0.301680  0.501137  0.522637  0.263580  0.425457  0.823399  0.305902  0.358398  0.139416  0.411444  0.341500  0.234562  0.457341  0.228902  0.471164  0.357403  0.454774  0.361297  0.349362  0.827897  0.417430  0.290416  0.193721  0.291920  0.568674  0.426340  0.169283  0.492819 0.0  0.516907  0.252252  0.346097  0.349441  0.245644  0.261077  0.166790  0.338750  0.087309  0.400598  0.260786  0.336710  0.590635  0.193943  0.275991  0.374258  0.151360  0.383980  0.468122  0.210652  0.797294  0.398078  0.352867  0.317791  0.832707  0.089793  0.238873  0.462628  0.496038  0.437562  0.404237  0.514144  0.629928  0.263360  0.824268  0.220344  0.425884  0.293150  0.149846  0.490141  0.292432  0.473320  0.389914  0.275679  0.265625  0.148249  0.128083  0.381030  0.791873  0.285525  0.804614  0.356210  0.093811  0.177172  0.633760  0.401009  0.305397  0.060943  0.041856  0.492506  0.406634  0.261744  0.454856  0.473651  0.731050  0.154709  0.255241  0.178626 
30  0.560690  0.565887  0.279939  0.493086  0.247729  0.533349  0.654875  0.728218  0.399928  0.597711  0.447325  0.621814  0.253471  0.253168  0.477739  0.172570  0.456486  0.649860  0.422390  0.405540  0.255303  0.617630  0.170573  0.605570  0.265393  0.587336  0.179896  0.512705  0.414542  0.516907 0.0  0.493367  0.511317  0.199599  0.617711  0.577984  0.588525  0.530622  0.485765  0.523235  0.618988  0.503325  0.597281  0.559368  0.479784  0.372866  0.556719  0.613765  0.519128  0.518394  0.268229  0.501475  0.532464  0.348514  0.348048  0.601501  0.404108  0.397343  0.523765  0.333475  0.464215  0.687690  0.401440  0.501504  0.723270  0.576258  0.628392  0.588822  0.530829  0.521225  0.582913  0.555809  0.589633  0.481971  0.389750  0.542566  0.452894  0.269451  0.541738  0.498165  0.542607  0.303803  0.549778  0.226801  0.527093  0.387682  0.264326  0.479992  0.694969  0.459962  0.350228  0.457273  0.683960  0.493356  0.648152  0.636116  0.432504  0.526764 
31  0.287490  0.370146  0.465116  0.418584  0.270953  0.396045  0.790949  0.249284  0.259787  0.187834  0.368180  0.333309  0.350266  0.495221  0.247972  0.350105  0.415980  0.532061  0.265138  0.324122  0.751438  0.368129  0.243891  0.265531  0.375714  0.511456  0.329707  0.074081  0.474534  0.252252  0.493367 0.0  0.527181  0.270251  0.226931  0.200391  0.304327  0.271028  0.111873  0.377533  0.415016  0.120161  0.559160  0.275971  0.283921  0.250644  0.174323  0.322779  0.330337  0.263433  0.786910  0.380048  0.402054  0.387935  0.795420  0.201420  0.375904  0.330435  0.413987  0.307696  0.232825  0.418332  0.753281  0.220316  0.593353  0.296617  0.450329  0.277660  0.389953  0.459143  0.260653  0.345139  0.444616  0.174858  0.372921  0.173077  0.257835  0.389527  0.848599  0.193809  0.741558  0.336561  0.142664  0.349154  0.729806  0.298796  0.364231  0.116774  0.000000  0.340736  0.380915  0.329650  0.403847  0.510262  0.514960  0.152096  0.222616  0.236895 
32  0.597856  0.503730  0.482570  0.432834  0.364743  0.441774  0.383350  0.476848  0.479420  0.511298  0.492371  0.474904  0.573722  0.518162  0.519079  0.429048  0.553362  0.515814  0.410117  0.583206  0.574545  0.564710  0.461583  0.478875  0.518333  0.450615  0.489081  0.375016  0.382201  0.346097  0.511317  0.527181 0.0  0.458350  0.459462  0.509477  0.490955  0.452270  0.469370  0.375013  0.417060  0.524867  0.520667  0.514011  0.542854  0.537515  0.451862  0.543322  0.385745  0.518657  0.424039  0.417233  0.442776  0.431485  0.464531  0.391370  0.498557  0.323263  0.360169  0.438317  0.347657  0.423172  0.454380  0.472387  0.420977  0.448285  0.437282  0.473532  0.422248  0.481767  0.518294  0.518798  0.579264  0.461161  0.554638  0.432416  0.469240  0.504981  0.478310  0.616707  0.573659  0.432669  0.466752  0.441440  0.455929  0.428781  0.563449  0.403607  0.571510  0.509034  0.400594  0.496672  0.535897  0.480223  0.462627  0.419601  0.522238  0.386255 
33  0.243024  0.495255  0.199690  0.551012  0.212778  0.605269  0.879182  0.479919  0.378234  0.350884  0.014338  0.408185  0.016325  0.100045  0.400641  0.057815  0.401626  0.964138  0.211244  0.000000  0.653631  0.526855  0.101465  0.391097  0.053044  0.274701  0.271254  0.255712  0.478618  0.349441  0.199599  0.270251  0.458350 0.0  0.377708  0.278638  0.295649  0.179867  0.561729  0.445709  0.457215  0.209618  0.553590  0.373432  0.302577  0.173722  0.237879  0.534957  0.510213  0.241528  0.592945  0.518736  0.451997  0.147663  0.496126  0.348532  0.223750  0.078480  0.456506  0.062218  0.115860  0.388811  0.770661  0.379503  0.718167  0.246809  0.820563  0.312907  0.349572  0.306836  0.464448  0.486489  0.269952  0.223654  0.000000  0.358218  0.303802  0.000000  0.511737  0.322471  0.918008  0.129560  0.289763  0.239436  0.975215  0.230391  0.101541  0.340186  0.283235  0.424468  0.167804  0.239341  0.401506  0.277268  0.627491  0.389249  0.341211  0.318288 
34  0.166322  0.376468  0.330089  0.487378  0.380522  0.529399  0.835273  0.337339  0.190027  0.251129  0.350975  0.221752  0.318793  0.276758  0.287479  0.297761  0.320251  0.419171  0.182025  0.307836  0.794512  0.400885  0.368548  0.136966  0.306322  0.482399  0.375268  0.201008  0.374364  0.245644  0.617711  0.226931  0.459462  0.377708 0.0  0.276600  0.111939  0.262492  0.095750  0.283411  0.388332  0.255098  0.570554  0.231949  0.296696  0.305634  0.192135  0.467301  0.385507  0.237849  0.773156  0.457675  0.333040  0.471751  0.819683  0.171038  0.197162  0.332656  0.461385  0.258317  0.400421  0.486997  0.684171  0.083148  0.767214  0.195072  0.446710  0.173289  0.146161  0.412367  0.296457  0.427421  0.412950  0.296595  0.300850  0.230064  0.270142  0.405885  0.613817  0.115512  0.819955  0.370678  0.157675  0.411130  0.748673  0.300202  0.192521  0.120009  0.000000  0.234830  0.407921  0.253633  0.354246  0.492954  0.713843  0.269038  0.302665  0.201091 
35  0.156153  0.264776  0.393579  0.457788  0.312878  0.383196  0.902216  0.201560  0.292405  0.131218  0.304874  0.306886  0.301299  0.322774  0.132731  0.346687  0.317644  0.397792  0.359658  0.259359  0.684262  0.435327  0.357870  0.188585  0.264403  0.429144  0.311868  0.153895  0.496974  0.261077  0.577984  0.200391  0.509477  0.278638  0.276600 0.0  0.186637  0.268734  0.000000  0.264825  0.376651  0.213378  0.492852  0.192969  0.345250  0.355935  0.232935  0.331591  0.415433  0.241671  0.654732  0.306630  0.468171  0.444855  0.729152  0.247010  0.309709  0.343429  0.546981  0.355241  0.358587  0.429639  0.774834  0.238130  0.594647  0.310192  0.451059  0.243348  0.218787  0.499277  0.270598  0.460920  0.289284  0.297156  0.262592  0.287329  0.141063  0.377187  0.802850  0.203188  0.707377  0.327848  0.110128  0.300582  0.757763  0.482310  0.290968  0.248616  0.071694  0.398571  0.368087  0.272665  0.365934  0.437531  0.584739  0.194670  0.061142  0.293229 
36  0.240792  0.424072  0.413517  0.433394  0.388945  0.347910  0.775097  0.219436  0.230993  0.081057  0.450805  0.432182  0.311209  0.307881  0.200103  0.286317  0.300012  0.355856  0.300375  0.393717  0.822359  0.433535  0.341268  0.194590  0.322213  0.508155  0.348820  0.275481  0.492935  0.166790  0.588525  0.304327  0.490955  0.295649  0.111939  0.186637 0.0  0.308188  0.000000  0.373733  0.325026  0.310326  0.660715  0.279941  0.273104  0.363783  0.225684  0.320237  0.393499  0.133242  0.809237  0.401656  0.496086  0.444045  0.748853  0.198350  0.263341  0.331588  0.488934  0.296088  0.386923  0.524657  0.823968  0.190338  0.781891  0.196586  0.469857  0.235784  0.186122  0.461474  0.235818  0.444527  0.531145  0.314617  0.268187  0.220869  0.241901  0.359599  0.755221  0.248437  0.755979  0.377016  0.108720  0.321077  0.714072  0.305671  0.277315  0.266968  0.000000  0.336652  0.522503  0.330932  0.491094  0.577450  0.538438  0.145265  0.266720  0.216310 
37  0.181292  0.295322  0.171445  0.430866  0.277423  0.483320  0.694885  0.480692  0.269697  0.245640  0.309432  0.313038  0.305045  0.285202  0.307771  0.223899  0.296043  0.686997  0.293791  0.267667  0.651905  0.527126  0.282504  0.296338  0.284763  0.227647  0.224123  0.223135  0.500566  0.338750  0.530622  0.271028  0.452270  0.179867  0.262492  0.268734  0.308188 0.0  0.194757  0.222074  0.248825  0.287034  0.568312  0.248599  0.303191  0.185061  0.302723  0.246642  0.399741  0.343715  0.680854  0.330989  0.282123  0.171466  0.666572  0.305577  0.328046  0.292423  0.535478  0.380356  0.390522  0.243983  0.765787  0.331526  0.668898  0.241029  0.643623  0.240158  0.261825  0.171304  0.308943  0.483195  0.392059  0.139453  0.285011  0.379363  0.216988  0.337780  0.675194  0.226889  0.622757  0.168895  0.292539  0.267134  0.637057  0.304286  0.269384  0.182115  0.214272  0.266416  0.286806  0.313875  0.232775  0.246909  0.464952  0.354504  0.329850  0.362579 
38  0.303205  0.427296  0.265113  0.524473  0.439530  0.334200  0.837778  0.180108  0.197776  0.017273  0.353118  0.354585  0.387625  0.239228  0.040282  0.298752  0.408638  0.383138  0.273790  0.268322  0.996510  0.339600  0.293543  0.000000  0.345509  0.275647  0.477007  0.044880  0.494574  0.087309  0.485765  0.111873  0.469370  0.561729  0.095750  0.000000  0.000000  0.194757 0.0  0.630140  0.424523  0.270186  0.555771  0.000000  0.230921  0.492959  0.138402  0.508962  0.270253  0.112800  0.940129  0.434321  0.376804  0.445926  0.819579  0.068240  0.330982  0.199859  0.431927  0.300410  0.347847  0.312540  0.842604  0.047713  0.707032  0.204653  0.514158  0.038704  0.100905  0.410220  0.470615  0.264211  0.207192  0.238208  0.330819  0.000000  0.000000  0.451453  0.663048  0.058611  0.803942  0.518116  0.084980  0.379208  0.835629  0.479853  0.220623  0.038698  0.051446  0.515068  0.349976  0.230077  0.229649  0.395536  0.648266  0.036366  0.065880  0.000000 
39  0.270335  0.302432  0.321140  0.453347  0.415078  0.490536  0.512750  0.566544  0.245822  0.279680  0.289557  0.127493  0.345109  0.353074  0.329967  0.329584  0.092187  0.798496  0.281122  0.393506  0.932007  0.563345  0.267744  0.283692  0.306790  0.000000  0.476690  0.339300  0.468660  0.400598  0.523235  0.377533  0.375013  0.445709  0.283411  0.264825  0.373733  0.222074  0.630140 0.0  0.174203  0.307673  0.285510  0.426106  0.259977  0.407785  0.328362  0.156159  0.186803  0.378202  0.879569  0.222001  0.173241  0.315731  0.852024  0.396155  0.103884  0.253527  0.624910  0.362172  0.321325  0.056003  0.774248  0.273257  0.404465  0.322845  0.695166  0.309264  0.287536  0.011841  0.298657  0.514512  0.031449  0.278004  0.384463  0.358825  0.415314  0.428404  0.808150  0.302571  0.563062  0.438027  0.365722  0.422065  0.540178  0.467837  0.328710  0.389661  0.399183  0.289427  0.405182  0.269497  0.150010  0.051518  0.271546  0.263046  0.312955  0.380562 
