98
0 0.0  0.704227  0.427978  0.291974  0.289019  0.270994  0.704191  0.324328  0.258593  0.400555  0.305386  0.299225  0.306838  0.181644  0.510690  0.234304  0.304984  0.210646  0.413549  0.234553  0.206271  0.318978  0.284004  0.173770  0.281347  0.249981  0.227190  0.270106  0.217663  0.250244  0.239944  0.790398  0.354503  0.291512  0.693798  0.205800  0.641006  0.191871  0.278025  0.228881  0.351438  0.307826  0.308640  0.460331  0.213282  0.259644  0.410346  0.232584  0.152076  0.163729  0.599573  0.226055  0.250769  0.254148  0.213635  0.274826  0.283511  0.681205  0.173015  0.227182  0.422931  0.546747  0.632626  0.504982  0.212427  0.354214  0.235715  0.469496  0.307380  0.206720  0.523267  0.211719  0.345427  0.290030  0.504005  0.208623  0.616246  0.290676  0.563887  0.545119  0.294217  0.270919  0.316635  0.525206  0.278619  0.705844  0.250225  0.207446  0.237343  0.280341  0.515069  0.245053  0.179383  0.252794  0.317899  0.274188  0.366578  0.350670 
1  0.704227 0.0  0.653598  0.759378  0.445931  0.541544  0.469301  0.291279  0.758272  0.615616  0.755754  0.814200  0.539579  0.811632  0.557594  0.738786  0.937462  0.759387  0.464719  0.626483  0.419004  0.500427  0.857656  0.770823  0.809859  0.891909  0.783102  0.758390  0.807200  0.699124  0.690576  0.751794  0.477521  0.736991  0.691231  0.642452  0.314610  0.761238  0.438004  0.720822  0.778489  0.768173  0.430191  0.482103  0.400708  0.875334  0.365383  0.850513  0.514358  0.874785  0.470016  0.687420  0.693152  0.711094  0.833138  0.477156  0.806500  0.029369  0.522167  0.607876  0.759594  0.547255  0.707484  0.510604  0.745049  0.853620  0.872974  0.539355  0.749021  0.691097  0.479143  0.795619  0.765970  0.867353  0.479371  0.733429  0.825433  0.732110  0.520647  0.501406  0.788532  0.791272  0.720992  0.558026  0.476651  0.766078  0.800879  0.758591  0.441080  0.760103  0.683649  0.534592  0.663887  0.835541  0.831773  0.656199  0.690300  0.531292 
2  0.427978  0.653598 0.0  0.363098  0.494323  0.537821  0.438443  0.493362  0.464514  0.482570  0.429952  0.529332  0.446867  0.478192  0.447765  0.477736  0.427007  0.486612  0.546106  0.517608  0.425994  0.391508  0.452050  0.428032  0.583392  0.312400  0.482128  0.555552  0.511764  0.605867  0.354063  0.445695  0.414441  0.448989  0.435205  0.408473  0.586836  0.524472  0.480417  0.434327  0.462403  0.626100  0.454704  0.512603  0.484969  0.424403  0.524017  0.463630  0.329120  0.460072  0.465064  0.541901  0.520514  0.428569  0.464808  0.455141  0.401848  0.407931  0.412719  0.587873  0.507992  0.563579  0.479159  0.457380  0.549971  0.471511  0.488683  0.422592  0.496185  0.496417  0.563075  0.438319  0.565859  0.385616  0.489749  0.483652  0.475073  0.560532  0.482455  0.520920  0.515326  0.499566  0.470946  0.469027  0.517144  0.482828  0.424548  0.528362  0.443472  0.554412  0.407103  0.496187  0.554788  0.572956  0.500720  0.374532  0.479813  0.353712 
3  0.291974  0.759378  0.363098 0.0  0.278017  0.442388  0.763640  0.620585  0.247785  0.298344  0.292032  0.200912  0.566583  0.432444  0.413232  0.332433  0.085320  0.288950  0.468139  0.259663  0.329424  0.448479  0.362087  0.363503  0.419625  0.323616  0.293540  0.257372  0.344556  0.418510  0.263235  0.482123  0.654203  0.206060  0.842064  0.242339  0.482156  0.437176  0.324466  0.298795  0.242206  0.343712  0.312095  0.501590  0.451352  0.378316  0.301491  0.249855  0.352273  0.069901  0.466468  0.369124  0.266162  0.047836  0.440654  0.317879  0.233644  0.844040  0.471004  0.384980  0.259007  0.364273  0.559112  0.401789  0.274065  0.241108  0.125859  0.523707  0.169257  0.253744  0.488561  0.119997  0.243372  0.433191  0.484219  0.249262  0.754656  0.333109  0.513292  0.568317  0.284249  0.358590  0.168804  0.407557  0.334952  0.830175  0.058829  0.342374  0.240813  0.202453  0.691205  0.590347  0.248191  0.380483  0.347715  0.146660  0.360967  0.270624 
4  0.289019  0.445931  0.494323  0.278017 0.0  0.160607  0.953586  0.337972  0.402942  0.224329  0.278545  0.320930  0.050657  0.423421  0.604778  0.453039  0.443972  0.469591  0.068947  0.207193  0.132413  0.230822  0.475673  0.363700  0.470423  0.381336  0.296607  0.350079  0.224549  0.528084  0.279295  0.622895  0.648217  0.387106  0.936644  0.338452  0.766216  0.470580  0.251813  0.428963  0.456756  0.372483  0.089183  0.497309  0.000000  0.342810  0.203649  0.341782  0.241877  0.373451  0.612145  0.284685  0.301704  0.270317  0.446488  0.220790  0.380713  0.506974  0.125771  0.208412  0.204920  0.528931  0.798493  0.552090  0.283288  0.269559  0.262488  0.618303  0.362143  0.372238  0.452874  0.367894  0.411074  0.446491  0.507247  0.232578  0.943817  0.443100  0.443890  0.569418  0.265936  0.338945  0.293625  0.554523  0.063613  0.707820  0.336586  0.375310  0.159874  0.281016  0.574897  0.108758  0.397563  0.386896  0.565520  0.337377  0.370528  0.486253 
5  0.270994  0.541544  0.537821  0.442388  0.160607 0.0  0.924926  0.408886  0.390481  0.271071  0.364757  0.396856  0.184494  0.483078  0.638829  0.397309  0.388925  0.316174  0.122779  0.321256  0.101310  0.000000  0.398531  0.394385  0.402364  0.472040  0.435264  0.416055  0.380087  0.493972  0.291809  0.811495  0.611357  0.517620  0.744074  0.274403  0.781549  0.465766  0.198709  0.435579  0.367070  0.457505  0.123269  0.516479  0.250628  0.460365  0.191824  0.317270  0.072198  0.354426  0.666110  0.358104  0.249378  0.383087  0.435863  0.204308  0.395858  0.688227  0.117587  0.199389  0.470231  0.574820  0.824466  0.463490  0.332043  0.402579  0.359517  0.692344  0.423634  0.344699  0.470966  0.359767  0.456722  0.478675  0.466708  0.241444  0.880708  0.473648  0.532825  0.721665  0.513972  0.377436  0.440504  0.659379  0.104010  0.854768  0.315745  0.391908  0.316112  0.403062  0.634888  0.118859  0.397362  0.430343  0.469410  0.440920  0.282060  0.628906 
6  0.704191  0.469301  0.438443  0.763640  0.953586  0.924926 0.0  0.539999  0.455703  0.717787  0.809013  0.776361  0.695564  0.462049  0.582156  0.594253  0.831870  0.693932  0.689169  0.719488  0.846382  0.863707  0.617363  0.735578  0.591981  0.529416  0.765246  0.714892  0.760725  0.592189  0.727296  0.728082  0.532629  0.833441  0.663948  0.514173  0.428467  0.709248  0.952163  0.739308  0.761559  0.454092  0.717029  0.537750  0.752999  0.618860  0.936483  0.557460  0.805186  0.825340  0.646078  0.821986  0.653453  0.908285  0.542049  0.966111  0.765687  0.476669  0.710472  0.868358  0.589766  0.546133  0.835540  0.587916  0.457639  0.555794  0.758216  0.385444  0.701991  0.717100  0.606920  0.898166  0.723163  0.505239  0.525105  0.739711  0.625477  0.570210  0.526564  0.328579  0.846815  0.516021  0.654825  0.627339  0.856744  0.543114  0.787824  0.594034  0.710751  0.766022  0.365229  0.917993  0.473177  0.428493  0.659153  0.841220  0.690369  0.487549 
7  0.324328  0.291279  0.493362  0.620585  0.337972  0.408886  0.539999 0.0  0.588466  0.450168  0.702631  0.699160  0.354131  0.589574  0.579371  0.672184  0.626997  0.658787  0.392993  0.504173  0.406424  0.483563  0.748977  0.642107  0.614170  0.551676  0.659519  0.675331  0.702404  0.713914  0.495168  0.609972  0.582181  0.643442  0.482219  0.519397  0.542060  0.603603  0.299450  0.574011  0.525147  0.660812  0.372493  0.431497  0.403113  0.485494  0.314526  0.654227  0.379678  0.590077  0.616053  0.468920  0.443740  0.668587  0.614674  0.322220  0.698837  0.298473  0.376445  0.457163  0.622106  0.587099  0.662136  0.713569  0.627482  0.678446  0.587655  0.672446  0.640489  0.703211  0.452695  0.651105  0.508950  0.674248  0.522117  0.537719  0.663678  0.662951  0.470151  0.620359  0.585482  0.682965  0.573094  0.715858  0.325490  0.653896  0.622844  0.632608  0.318025  0.629962  0.672415  0.296306  0.624957  0.588988  0.694635  0.682234  0.637958  0.582899 
8  0.258593  0.758272  0.464514  0.247785  0.402942  0.390481  0.455703  0.588466 0.0  0.184523  0.184283  0.316799  0.365687  0.123586  0.540320  0.097162  0.324924  0.081069  0.425159  0.295798  0.279418  0.382919  0.074901  0.457920  0.215494  0.241100  0.292372  0.347408  0.271147  0.091555  0.246031  0.865865  0.264845  0.346466  0.489224  0.290641  0.880872  0.045804  0.370582  0.392878  0.376477  0.000000  0.301473  0.413293  0.365227  0.172480  0.308525  0.065410  0.435042  0.426028  0.577522  0.286584  0.241681  0.473158  0.155516  0.400478  0.319798  0.857344  0.349998  0.467545  0.153981  0.606818  0.828508  0.734072  0.184750  0.148427  0.218888  0.309635  0.415016  0.398204  0.532619  0.295820  0.374281  0.000000  0.548447  0.366537  0.564355  0.028282  0.634532  0.378345  0.315040  0.111430  0.315580  0.699935  0.267684  0.654472  0.416416  0.128173  0.338571  0.408989  0.142952  0.357663  0.170319  0.157144  0.080704  0.445516  0.465218  0.540373 
9  0.400555  0.615616  0.482570  0.298344  0.224329  0.271071  0.717787  0.450168  0.184523 0.0  0.290826  0.303075  0.187063  0.354911  0.330757  0.212871  0.281679  0.370852  0.178217  0.272896  0.252534  0.311600  0.253128  0.283779  0.336994  0.323629  0.209761  0.263838  0.360676  0.282936  0.274879  0.787639  0.483483  0.315858  0.810074  0.299101  0.771472  0.255944  0.245467  0.190080  0.248957  0.347190  0.339065  0.586829  0.300893  0.336857  0.306963  0.282248  0.222787  0.199570  0.515214  0.298354  0.399832  0.298705  0.265130  0.284951  0.213610  0.709641  0.327907  0.228460  0.185800  0.475613  0.682627  0.587609  0.238921  0.248245  0.267521  0.552580  0.238097  0.275588  0.440553  0.316207  0.284871  0.276266  0.461608  0.266205  0.703461  0.168052  0.504579  0.491733  0.208284  0.314339  0.190280  0.404510  0.348354  0.795240  0.196738  0.242363  0.162990  0.304715  0.505848  0.260890  0.383313  0.347467  0.362916  0.267995  0.286963  0.487983 
10  0.305386  0.755754  0.429952  0.292032  0.278545  0.364757  0.809013  0.702631  0.184283  0.290826 0.0  0.239356  0.528661  0.442733  0.388738  0.284874  0.196071  0.255754  0.515300  0.275410  0.214996  0.475366  0.396330  0.228993  0.442030  0.422591  0.093532  0.217876  0.256670  0.281856  0.242099  0.580521  0.464875  0.187487  0.695119  0.284818  0.527345  0.384856  0.271081  0.364557  0.251920  0.336054  0.323949  0.519164  0.480001  0.378595  0.389869  0.336408  0.355307  0.040085  0.495808  0.294829  0.213174  0.026887  0.366849  0.374320  0.198599  0.856092  0.412620  0.335539  0.321052  0.402030  0.639394  0.229596  0.409683  0.332700  0.272541  0.561668  0.284750  0.138174  0.646986  0.241916  0.181117  0.360673  0.434629  0.215371  0.770721  0.426140  0.484485  0.520010  0.128199  0.238115  0.194219  0.387615  0.281890  0.737553  0.102525  0.196090  0.331684  0.240107  0.642173  0.438199  0.306168  0.394117  0.385603  0.271186  0.336364  0.319563 
11  0.299225  0.814200  0.529332  0.200912  0.320930  0.396856  0.776361  0.699160  0.316799  0.303075  0.239356 0.0  0.575738  0.459208  0.396046  0.263972  0.208044  0.516556  0.536416  0.312249  0.246732  0.399228  0.413525  0.204953  0.389132  0.335359  0.154633  0.135467  0.286108  0.347576  0.200019  0.392194  0.490946  0.248056  0.817716  0.270500  0.507731  0.257449  0.331181  0.251272  0.202381  0.410247  0.338511  0.422350  0.471798  0.435228  0.286431  0.416638  0.465977  0.000000  0.331982  0.271933  0.280294  0.102618  0.376813  0.369113  0.191963  0.834907  0.512633  0.392618  0.369311  0.335703  0.678592  0.206291  0.309511  0.297687  0.229045  0.567914  0.171385  0.239669  0.564868  0.285287  0.092767  0.428217  0.495069  0.343970  0.759840  0.348330  0.400167  0.505865  0.226697  0.379936  0.157075  0.452858  0.354848  0.881461  0.151239  0.344174  0.368113  0.063581  0.678861  0.510784  0.410976  0.330217  0.406673  0.311627  0.381131  0.306122 
12  0.306838  0.539579  0.446867  0.566583  0.050657  0.184494  0.695564  0.354131  0.365687  0.187063  0.528661  0.575738 0.0  0.401943  0.687890  0.294746  0.432273  0.288678  0.155680  0.244131  0.057610  0.097160  0.474626  0.537362  0.503078  0.275454  0.430330  0.504017  0.477357  0.450817  0.193335  0.708294  0.670103  0.533280  0.695179  0.287754  0.741555  0.262788  0.197066  0.401352  0.436288  0.352640  0.214350  0.490546  0.162139  0.488539  0.000000  0.388015  0.094778  0.316827  0.680976  0.262447  0.294665  0.288825  0.478327  0.208932  0.393536  0.464721  0.135467  0.125512  0.203510  0.635089  0.872981  0.425995  0.315254  0.256997  0.385118  0.564484  0.431696  0.449184  0.468314  0.524858  0.406958  0.375856  0.455859  0.372561  0.716940  0.329631  0.537168  0.521157  0.444781  0.415856  0.500975  0.701594  0.100212  0.850527  0.520929  0.333171  0.046739  0.484861  0.543472  0.171791  0.374177  0.238724  0.350376  0.474648  0.328935  0.763191 
13  0.181644  0.811632  0.478192  0.432444  0.423421  0.483078  0.462049  0.589574  0.123586  0.354911  0.442733  0.459208  0.401943 0.0  0.591749  0.073341  0.355780  0.176030  0.400374  0.422255  0.373826  0.420921  0.060745  0.383013  0.068550  0.226542  0.528274  0.497764  0.464062  0.219999  0.242456  0.819864  0.351991  0.379791  0.433032  0.313717  0.931851  0.136741  0.366086  0.398385  0.404342  0.071759  0.431539  0.611548  0.432911  0.073239  0.396184  0.176476  0.476943  0.420294  0.614673  0.315810  0.290006  0.379378  0.116607  0.521681  0.483041  0.834844  0.430152  0.465615  0.124420  0.673670  0.923449  0.641421  0.041766  0.141281  0.491130  0.337789  0.439127  0.528760  0.515473  0.467084  0.324398  0.200295  0.579986  0.298593  0.540186  0.184780  0.431854  0.425624  0.277324  0.183583  0.485783  0.619514  0.377343  0.586883  0.439662  0.150301  0.312152  0.352475  0.312197  0.453517  0.134325  0.111996  0.127655  0.331929  0.415415  0.602637 
14  0.510690  0.557594  0.447765  0.413232  0.604778  0.638829  0.582156  0.579371  0.540320  0.330757  0.388738  0.396046  0.687890  0.591749 0.0  0.579541  0.494392  0.495840  0.612552  0.479133  0.591437  0.711925  0.664425  0.475281  0.746124  0.509187  0.386351  0.483512  0.434948  0.513018  0.540719  0.287852  0.599334  0.418811  0.498283  0.466830  0.330618  0.516281  0.544696  0.534971  0.358522  0.525054  0.523838  0.454114  0.688573  0.572373  0.613917  0.544997  0.701610  0.375299  0.494687  0.352493  0.455195  0.242752  0.527523  0.606997  0.440058  0.580680  0.646957  0.585892  0.582670  0.465893  0.373337  0.181463  0.513329  0.448991  0.314479  0.505037  0.425205  0.444246  0.482651  0.492984  0.434579  0.646644  0.547979  0.446945  0.652296  0.509649  0.588385  0.696036  0.524382  0.554791  0.450055  0.445233  0.574475  0.584210  0.455359  0.553005  0.634446  0.532363  0.615344  0.686303  0.559114  0.554695  0.443429  0.377402  0.552327  0.420940 
15  0.234304  0.738786  0.477736  0.332433  0.453039  0.397309  0.594253  0.672184  0.097162  0.212871  0.284874  0.263972  0.294746  0.073341  0.579541 0.0  0.303942  0.255908  0.394669  0.241618  0.533655  0.477635  0.151312  0.380860  0.176365  0.033809  0.460458  0.360398  0.265820  0.228716  0.315271  0.712670  0.469207  0.212725  0.639043  0.365399  0.826763  0.302537  0.613778  0.253210  0.371344  0.057654  0.358492  0.544499  0.354292  0.136656  0.505616  0.079137  0.335596  0.333362  0.562670  0.311191  0.224546  0.463867  0.140407  0.393589  0.378522  0.913466  0.165820  0.343543  0.086430  0.498267  0.666916  0.635365  0.110678  0.019790  0.367646  0.349664  0.344995  0.340570  0.512492  0.370631  0.417263  0.117285  0.462481  0.269285  0.630569  0.213028  0.471408  0.249446  0.384597  0.062324  0.272296  0.506729  0.306210  0.508287  0.295792  0.093547  0.451661  0.330112  0.413547  0.235933  0.000000  0.112108  0.248740  0.231348  0.363953  0.575210 
16  0.304984  0.937462  0.427007  0.085320  0.443972  0.388925  0.831870  0.626997  0.324924  0.281679  0.196071  0.208044  0.432273  0.355780  0.494392  0.303942 0.0  0.417320  0.519749  0.311379  0.441241  0.375679  0.356915  0.175229  0.430885  0.482868  0.087580  0.188996  0.246001  0.407684  0.335419  0.539320  0.438165  0.220790  0.779264  0.242509  0.486503  0.444583  0.288241  0.277852  0.242296  0.384813  0.385120  0.464670  0.569164  0.419674  0.277589  0.322726  0.440599  0.000000  0.370658  0.258170  0.244363  0.031266  0.422665  0.346426  0.145542  0.713701  0.442551  0.420251  0.296037  0.557203  0.629941  0.350903  0.332930  0.409834  0.220795  0.582592  0.176445  0.314277  0.554588  0.277517  0.259145  0.382572  0.474622  0.335568  0.674727  0.459275  0.366613  0.498080  0.083485  0.244450  0.278974  0.482722  0.382388  0.722089  0.271755  0.384275  0.293881  0.267019  0.633695  0.485314  0.218210  0.377051  0.466828  0.206357  0.385333  0.497327 
17  0.210646  0.759387  0.486612  0.288950  0.469591  0.316174  0.693932  0.658787  0.081069  0.370852  0.255754  0.516556  0.288678  0.176030  0.495840  0.255908  0.417320 0.0  0.402564  0.354100  0.467845  0.448704  0.149421  0.393420  0.054361  0.108473  0.355327  0.309201  0.299441  0.240646  0.339022  0.705201  0.343142  0.361784  0.634423  0.312816  0.806780  0.250928  0.361374  0.346703  0.402585  0.070751  0.290727  0.421279  0.348931  0.185277  0.534523  0.043417  0.583983  0.320742  0.599192  0.273495  0.371333  0.354775  0.106851  0.491126  0.414762  0.867009  0.360792  0.469202  0.065968  0.586896  0.675654  0.606206  0.010756  0.128185  0.267300  0.346167  0.354488  0.428300  0.477098  0.249593  0.448690  0.100890  0.498795  0.201738  0.553436  0.160173  0.438985  0.198364  0.355419  0.000000  0.150166  0.570790  0.336750  0.472802  0.304723  0.060087  0.455430  0.354277  0.260851  0.364384  0.081679  0.090308  0.185955  0.190014  0.362370  0.661515 
18  0.413549  0.464719  0.546106  0.468139  0.068947  0.122779  0.689169  0.392993  0.425159  0.178217  0.515300  0.536416  0.155680  0.400374  0.612552  0.394669  0.519749  0.402564 0.0  0.280525  0.014907  0.254585  0.436605  0.600717  0.458481  0.195196  0.440010  0.479549  0.499831  0.296795  0.294454  0.737259  0.471945  0.524521  0.794315  0.316784  0.770560  0.421412  0.045870  0.496904  0.517010  0.302480  0.118593  0.415589  0.300374  0.439631  0.000000  0.413081  0.174347  0.363383  0.771889  0.279631  0.336110  0.262793  0.386594  0.069016  0.482590  0.618777  0.212990  0.165351  0.410153  0.668022  0.928804  0.486605  0.401703  0.321638  0.528818  0.557634  0.499893  0.404425  0.422720  0.596793  0.477366  0.460997  0.501509  0.264257  0.753036  0.338987  0.525070  0.482649  0.574628  0.271218  0.455482  0.646693  0.000000  0.799868  0.374616  0.292302  0.088139  0.498137  0.641045  0.232541  0.325314  0.366288  0.312693  0.444531  0.262316  0.698207 
19  0.234553  0.626483  0.517608  0.259663  0.207193  0.321256  0.719488  0.504173  0.295798  0.272896  0.275410  0.312249  0.244131  0.422255  0.479133  0.241618  0.311379  0.354100  0.280525 0.0  0.274313  0.299564  0.218477  0.341836  0.303076  0.282189  0.218352  0.110906  0.315352  0.344380  0.234750  0.735658  0.486739  0.280003  0.701975  0.290687  0.710117  0.249411  0.355167  0.314487  0.244033  0.155414  0.315912  0.458190  0.376055  0.333713  0.256983  0.220355  0.236937  0.118116  0.437842  0.216505  0.348665  0.304868  0.363329  0.255642  0.264308  0.688729  0.241652  0.253930  0.315940  0.528979  0.822985  0.526163  0.338035  0.212885  0.386614  0.447066  0.305034  0.157145  0.500338  0.221746  0.334771  0.239106  0.430060  0.284388  0.721419  0.211936  0.522709  0.586993  0.285113  0.220082  0.311641  0.485687  0.210798  0.691111  0.304892  0.356167  0.234374  0.370713  0.491993  0.311478  0.341343  0.256027  0.413614  0.169288  0.246048  0.448276 
20  0.206271  0.419004  0.425994  0.329424  0.132413  0.101310  0.846382  0.406424  0.279418  0.252534  0.214996  0.246732  0.057610  0.373826  0.591437  0.533655  0.441241  0.467845  0.014907  0.274313 0.0  0.205809  0.485621  0.348165  0.427326  0.444188  0.267324  0.352665  0.262765  0.520399  0.225222  0.794474  0.728369  0.347122  0.824415  0.252284  0.829840  0.414705  0.157526  0.311672  0.367782  0.371566  0.030968  0.402210  0.032583  0.370800  0.173798  0.388820  0.069359  0.350919  0.522307  0.302841  0.250208  0.287431  0.474106  0.327506  0.347754  0.681311  0.088109  0.155543  0.321000  0.507250  0.703967  0.621650  0.402151  0.471177  0.410107  0.744406  0.459036  0.419826  0.517818  0.291039  0.433870  0.341136  0.557929  0.147148  0.902834  0.468742  0.442615  0.531834  0.401674  0.427903  0.395344  0.537743  0.001606  0.660500  0.371260  0.351109  0.308482  0.441249  0.556684  0.045981  0.341040  0.407991  0.419951  0.374696  0.394033  0.511478 
21  0.318978  0.500427  0.391508  0.448479  0.230822  0.000000  0.863707  0.483563  0.382919  0.311600  0.475366  0.399228  0.097160  0.420921  0.711925  0.477635  0.375679  0.448704  0.254585  0.299564  0.205809 0.0  0.398218  0.437014  0.400066  0.416865  0.463423  0.460152  0.448328  0.469608  0.164994  0.828732  0.570322  0.436194  0.776626  0.256154  0.767878  0.385211  0.122981  0.448756  0.329251  0.443283  0.077514  0.497280  0.148871  0.375247  0.182497  0.364122  0.222905  0.350989  0.659941  0.249206  0.194127  0.432033  0.407443  0.173250  0.393319  0.605395  0.173594  0.167944  0.482676  0.496537  0.868964  0.576998  0.512735  0.402282  0.375887  0.596300  0.328559  0.323371  0.452145  0.314795  0.372379  0.457784  0.461800  0.308453  0.834241  0.311363  0.415043  0.643449  0.375227  0.311752  0.419427  0.649467  0.088176  0.884094  0.320327  0.367558  0.063123  0.408345  0.676720  0.156262  0.357011  0.560732  0.420933  0.413261  0.356710  0.646188 
22  0.284004  0.857656  0.452050  0.362087  0.475673  0.398531  0.617363  0.748977  0.074901  0.253128  0.396330  0.413525  0.474626  0.060745  0.664425  0.151312  0.356915  0.149421  0.436605  0.218477  0.485621  0.398218 0.0  0.400245  0.149941  0.064497  0.324534  0.343908  0.510511  0.202100  0.265543  0.763447  0.398620  0.290418  0.566197  0.299813  0.845111  0.101281  0.413002  0.326907  0.448521  0.041328  0.406994  0.481087  0.454047  0.255532  0.429174  0.144384  0.541053  0.473891  0.565384  0.232301  0.152869  0.400434  0.278302  0.370191  0.415327  0.787283  0.548948  0.400444  0.132828  0.682640  0.776923  0.580801  0.144626  0.184089  0.382952  0.237385  0.434497  0.447724  0.561977  0.327115  0.391405  0.091885  0.373490  0.310609  0.492508  0.046584  0.482857  0.279788  0.404562  0.094009  0.398240  0.682113  0.323726  0.624259  0.433720  0.166045  0.350370  0.515532  0.277735  0.456967  0.109658  0.109018  0.110113  0.400318  0.384486  0.565127 
23  0.173770  0.770823  0.428032  0.363503  0.363700  0.394385  0.735578  0.642107  0.457920  0.283779  0.228993  0.204953  0.537362  0.383013  0.475281  0.380860  0.175229  0.393420  0.600717  0.341836  0.348165  0.437014  0.400245 0.0  0.367272  0.354943  0.121155  0.186838  0.086432  0.310462  0.296726  0.572231  0.520944  0.233287  0.652464  0.191850  0.578157  0.391435  0.237896  0.223781  0.239496  0.274140  0.333549  0.475957  0.434760  0.417470  0.434434  0.395028  0.398498  0.112455  0.418304  0.328798  0.283666  0.045091  0.333971  0.265299  0.176911  0.770165  0.525357  0.430864  0.270248  0.367985  0.630831  0.162216  0.264873  0.342856  0.228176  0.668287  0.127309  0.194186  0.499869  0.134370  0.239490  0.383130  0.485816  0.226221  0.793544  0.337693  0.568618  0.518281  0.368361  0.410077  0.235421  0.485457  0.366314  0.626634  0.189524  0.356181  0.212848  0.116129  0.730967  0.547903  0.310995  0.295158  0.357866  0.172478  0.286165  0.313599 
24  0.281347  0.809859  0.583392  0.419625  0.470423  0.402364  0.591981  0.614170  0.215494  0.336994  0.442030  0.389132  0.503078  0.068550  0.746124  0.176365  0.430885  0.054361  0.458481  0.303076  0.427326  0.400066  0.149941  0.367272 0.0  0.073528  0.386934  0.417824  0.403040  0.228708  0.235066  0.845117  0.455548  0.477435  0.564882  0.244403  0.846146  0.109559  0.349205  0.441804  0.430121  0.144411  0.501567  0.352612  0.476786  0.242141  0.479252  0.242722  0.367951  0.422443  0.596880  0.228440  0.347170  0.403707  0.161502  0.494007  0.498057  0.777112  0.502586  0.373965  0.207797  0.759519  0.778529  0.627503  0.222927  0.126061  0.362551  0.314431  0.448125  0.444653  0.436110  0.326699  0.313511  0.162392  0.519197  0.214858  0.601673  0.250572  0.617722  0.319089  0.449378  0.118291  0.411274  0.534064  0.473010  0.551602  0.341747  0.108813  0.541255  0.390695  0.307263  0.362789  0.239198  0.147144  0.276450  0.455406  0.437213  0.664953 
25  0.249981  0.891909  0.312400  0.323616  0.381336  0.472040  0.529416  0.551676  0.241100  0.323629  0.422591  0.335359  0.275454  0.226542  0.509187  0.033809  0.482868  0.108473  0.195196  0.282189  0.444188  0.416865  0.064497  0.354943  0.073528 0.0  0.232734  0.340834  0.303904  0.061563  0.181472  0.937390  0.328155  0.348284  0.315069  0.326896  0.951531  0.000000  0.292911  0.368035  0.380529  0.182877  0.327029  0.472166  0.424137  0.170408  0.403187  0.050854  0.354703  0.431209  0.626274  0.138139  0.388470  0.522668  0.096825  0.303869  0.535765  0.821545  0.383534  0.364197  0.167879  0.470351  0.668174  0.704767  0.046242  0.128019  0.324298  0.322015  0.407618  0.357635  0.445644  0.272167  0.345457  0.136573  0.551112  0.246963  0.431402  0.123235  0.552939  0.426991  0.340051  0.190465  0.388461  0.620522  0.374386  0.571414  0.402373  0.147069  0.361966  0.313302  0.421867  0.365950  0.125469  0.189156  0.096611  0.388932  0.561599  0.532064 
26  0.227190  0.783102  0.482128  0.293540  0.296607  0.435264  0.765246  0.659519  0.292372  0.209761  0.093532  0.154633  0.430330  0.528274  0.386351  0.460458  0.087580  0.355327  0.440010  0.218352  0.267324  0.463423  0.324534  0.121155  0.386934  0.232734 0.0  0.135734  0.107664  0.314896  0.253388  0.461128  0.477461  0.171688  0.769383  0.272227  0.476601  0.415052  0.406866  0.207008  0.289977  0.358612  0.283272  0.538640  0.418536  0.370772  0.350065  0.311693  0.425929  0.078359  0.367562  0.355007  0.303789  0.000000  0.408703  0.295821  0.203181  0.771423  0.479616  0.497222  0.395445  0.329765  0.714305  0.282632  0.239676  0.383962  0.138970  0.742018  0.169022  0.129486  0.505684  0.169497  0.127557  0.319387  0.496243  0.352095  0.761427  0.387289  0.547133  0.475632  0.215479  0.351642  0.218549  0.460957  0.324516  0.687845  0.187182  0.366012  0.360021  0.252502  0.635325  0.520210  0.330116  0.386861  0.406599  0.119465  0.345531  0.336257 
27  0.270106  0.758390  0.555552  0.257372  0.350079  0.416055  0.714892  0.675331  0.347408  0.263838  0.217876  0.135467  0.504017  0.497764  0.483512  0.360398  0.188996  0.309201  0.479549  0.110906  0.352665  0.460152  0.343908  0.186838  0.417824  0.340834  0.135734 0.0  0.208240  0.362831  0.366438  0.432962  0.500560  0.231839  0.804208  0.229804  0.444337  0.381006  0.302841  0.265894  0.188091  0.389020  0.435845  0.408642  0.439413  0.412376  0.347800  0.405523  0.433456  0.217869  0.289773  0.299923  0.271551  0.078976  0.398665  0.349008  0.217122  0.570652  0.465303  0.446835  0.336459  0.389787  0.548005  0.322519  0.391212  0.282843  0.156994  0.504483  0.043092  0.181161  0.526563  0.239881  0.187392  0.370781  0.542818  0.318221  0.673816  0.244305  0.498830  0.511934  0.264858  0.328148  0.238102  0.364278  0.383820  0.928951  0.253203  0.443731  0.223261  0.285991  0.684036  0.460968  0.222425  0.253084  0.354679  0.142758  0.292706  0.401948 
28  0.217663  0.807200  0.511764  0.344556  0.224549  0.380087  0.760725  0.702404  0.271147  0.360676  0.256670  0.286108  0.477357  0.464062  0.434948  0.265820  0.246001  0.299441  0.499831  0.315352  0.262765  0.448328  0.510511  0.086432  0.403040  0.303904  0.107664  0.208240 0.0  0.186923  0.269167  0.527034  0.544998  0.136228  0.762420  0.231796  0.452860  0.351506  0.309072  0.155717  0.260222  0.404418  0.429036  0.515880  0.476583  0.430905  0.538916  0.382033  0.483736  0.000000  0.370290  0.283104  0.293595  0.093331  0.400267  0.321327  0.193972  0.843995  0.412559  0.399142  0.220632  0.403924  0.731443  0.264272  0.228256  0.217174  0.230523  0.613830  0.053669  0.246325  0.431004  0.192437  0.161366  0.344295  0.438225  0.227056  0.753043  0.254504  0.494426  0.444609  0.243056  0.279013  0.213055  0.369864  0.326424  0.766011  0.199140  0.227987  0.405490  0.206494  0.662919  0.632524  0.233294  0.388897  0.329712  0.096266  0.289714  0.324616 
29  0.250244  0.699124  0.605867  0.418510  0.528084  0.493972  0.592189  0.713914  0.091555  0.282936  0.281856  0.347576  0.450817  0.219999  0.513018  0.228716  0.407684  0.240646  0.296795  0.344380  0.520399  0.469608  0.202100  0.310462  0.228708  0.061563  0.314896  0.362831  0.186923 0.0  0.329054  0.691562  0.318505  0.316346  0.564669  0.279084  0.813275  0.219082  0.528606  0.395779  0.302224  0.122733  0.374369  0.350813  0.365741  0.084072  0.458101  0.089920  0.464400  0.441592  0.567585  0.270512  0.282932  0.359503  0.208049  0.463064  0.286852  0.910237  0.400518  0.373457  0.050957  0.510350  0.663954  0.554209  0.165563  0.107753  0.356461  0.534193  0.397838  0.330795  0.522089  0.365315  0.375594  0.112798  0.476713  0.183408  0.625301  0.235690  0.575079  0.275618  0.333980  0.055557  0.387143  0.635742  0.242605  0.656552  0.348017  0.063584  0.519385  0.326728  0.327423  0.366326  0.091573  0.125994  0.172747  0.330225  0.321694  0.505391 
30  0.239944  0.690576  0.354063  0.263235  0.279295  0.291809  0.727296  0.495168  0.246031  0.274879  0.242099  0.200019  0.193335  0.242456  0.540719  0.315271  0.335419  0.339022  0.294454  0.234750  0.225222  0.164994  0.265543  0.296726  0.235066  0.181472  0.253388  0.366438  0.269167  0.329054 0.0  0.664558  0.556047  0.242382  0.602801  0.172494  0.604056  0.242202  0.324470  0.205791  0.330744  0.308774  0.184286  0.442288  0.176680  0.331472  0.242997  0.262971  0.179849  0.352178  0.523086  0.248305  0.249111  0.200744  0.230138  0.304928  0.299253  0.726085  0.198807  0.166745  0.287323  0.412771  0.665290  0.458872  0.275013  0.213659  0.278167  0.593850  0.235718  0.202469  0.512352  0.411776  0.299702  0.232674  0.436160  0.249412  0.691546  0.317653  0.491990  0.541761  0.297753  0.239803  0.313855  0.507462  0.244387  0.758206  0.236875  0.340350  0.338712  0.288063  0.559462  0.269490  0.230580  0.182012  0.283003  0.341716  0.243266  0.381750 
31  0.790398  0.751794  0.445695  0.482123  0.622895  0.811495  0.728082  0.609972  0.865865  0.787639  0.580521  0.392194  0.708294  0.819864  0.287852  0.712670  0.539320  0.705201  0.737259  0.735658  0.794474  0.828732  0.763447  0.572231  0.845117  0.937390  0.461128  0.432962  0.527034  0.691562  0.664558 0.0  0.499422  0.601671  0.283850  0.608168  0.590919  0.771597  0.722259  0.334151  0.622429  0.698687  0.796736  0.384224  0.739586  0.785663  0.678242  0.810074  0.859934  0.539722  0.320715  0.717281  0.830193  0.618696  0.798209  0.754852  0.517222  0.790847  0.657483  0.791439  0.909208  0.223607  0.000000  0.439523  0.840948  0.887534  0.596702  0.566332  0.573855  0.466470  0.530014  0.493864  0.467850  0.734721  0.438595  0.626115  0.321060  0.853077  0.527103  0.633915  0.441692  0.864988  0.466915  0.303829  0.839791  0.353913  0.441317  0.862106  0.796083  0.493963  0.633470  0.828446  0.789040  0.938962  0.840827  0.432879  0.815446  0.266280 
32  0.354503  0.477521  0.414441  0.654203  0.648217  0.611357  0.532629  0.582181  0.264845  0.483483  0.464875  0.490946  0.670103  0.351991  0.599334  0.469207  0.438165  0.343142  0.471945  0.486739  0.728369  0.570322  0.398620  0.520944  0.455548  0.328155  0.477461  0.500560  0.544998  0.318505  0.556047  0.499422 0.0  0.634262  0.426782  0.476191  0.544310  0.457436  0.678176  0.481730  0.568720  0.331668  0.591269  0.467162  0.637959  0.296456  0.710074  0.251874  0.648882  0.533607  0.660713  0.503019  0.500318  0.600719  0.531075  0.719148  0.677203  0.716269  0.517775  0.605245  0.277263  0.528323  0.591341  0.546506  0.332485  0.316140  0.408062  0.490371  0.688799  0.555393  0.476741  0.500264  0.618581  0.112512  0.424507  0.444582  0.476715  0.505515  0.515562  0.370168  0.454597  0.273996  0.473956  0.542242  0.548248  0.218428  0.478570  0.314875  0.764413  0.548306  0.314726  0.548318  0.356667  0.237588  0.463272  0.589018  0.603389  0.564557 
33  0.291512  0.736991  0.448989  0.206060  0.387106  0.517620  0.833441  0.643442  0.346466  0.315858  0.187487  0.248056  0.533280  0.379791  0.418811  0.212725  0.220790  0.361784  0.524521  0.280003  0.347122  0.436194  0.290418  0.233287  0.477435  0.348284  0.171688  0.231839  0.136228  0.316346  0.242382  0.601671  0.634262 0.0  0.747496  0.259923  0.493405  0.402879  0.437379  0.257187  0.339444  0.301693  0.351649  0.546284  0.543020  0.374965  0.383416  0.372713  0.440294  0.099055  0.369018  0.270248  0.387908  0.199124  0.383191  0.319356  0.170284  0.831512  0.574076  0.384561  0.332131  0.469956  0.582829  0.390098  0.224338  0.393859  0.304235  0.584873  0.194560  0.251518  0.398252  0.249287  0.288085  0.383481  0.515540  0.249278  0.797443  0.428142  0.490710  0.482959  0.216408  0.299303  0.119142  0.489553  0.310751  0.733864  0.137856  0.355587  0.347402  0.235894  0.624120  0.515414  0.372602  0.326085  0.393846  0.075897  0.300920  0.412483 
34  0.693798  0.691231  0.435205  0.842064  0.936644  0.744074  0.663948  0.482219  0.489224  0.810074  0.695119  0.817716  0.695179  0.433032  0.498283  0.639043  0.779264  0.634423  0.794315  0.701975  0.824415  0.776626  0.566197  0.652464  0.564882  0.315069  0.769383  0.804208  0.762420  0.564669  0.602801  0.283850  0.426782  0.747496 0.0  0.656890  0.758344  0.543630  0.897326  0.823856  0.825621  0.484127  0.746595  0.509882  0.764241  0.431432  0.872245  0.542418  0.916612  0.785928  0.476300  0.723793  0.668869  0.809294  0.575571  0.892699  0.752381  0.835592  0.688824  0.802246  0.475109  0.521221  0.348748  0.524882  0.491668  0.543507  0.709228  0.446125  0.764077  0.818491  0.573187  0.653318  0.767666  0.463571  0.442863  0.811287  0.307208  0.703687  0.509293  0.324827  0.870595  0.555413  0.750415  0.610728  0.730166  0.131682  0.747411  0.465728  0.903536  0.696046  0.244625  0.678806  0.386009  0.493385  0.655417  0.681008  0.775169  0.613414 
35  0.205800  0.642452  0.408473  0.242339  0.338452  0.274403  0.514173  0.519397  0.290641  0.299101  0.284818  0.270500  0.287754  0.313717  0.466830  0.365399  0.242509  0.312816  0.316784  0.290687  0.252284  0.256154  0.299813  0.191850  0.244403  0.326896  0.272227  0.229804  0.231796  0.279084  0.172494  0.608168  0.476191  0.259923  0.656890 0.0  0.639887  0.256129  0.196381  0.241433  0.246986  0.257557  0.376120  0.443984  0.334628  0.238557  0.277793  0.259341  0.310309  0.217678  0.661918  0.294662  0.214185  0.231917  0.206128  0.407353  0.303753  0.730014  0.307830  0.213171  0.284821  0.470716  0.735301  0.628756  0.244426  0.250939  0.271208  0.421000  0.199871  0.216282  0.492773  0.243445  0.242904  0.297764  0.581165  0.286262  0.705173  0.256694  0.583421  0.513673  0.235635  0.178596  0.274759  0.537101  0.272382  0.723363  0.382078  0.399209  0.284734  0.380133  0.438986  0.300563  0.280734  0.233316  0.246203  0.361014  0.318969  0.536526 
36  0.641006  0.314610  0.586836  0.482156  0.766216  0.781549  0.428467  0.542060  0.880872  0.771472  0.527345  0.507731  0.741555  0.931851  0.330618  0.826763  0.486503  0.806780  0.770560  0.710117  0.829840  0.767878  0.845111  0.578157  0.846146  0.951531  0.476601  0.444337  0.452860  0.813275  0.604056  0.590919  0.544310  0.493405  0.758344  0.639887 0.0  0.779434  0.687960  0.517062  0.433919  0.865590  0.811830  0.479990  0.680545  0.807352  0.667247  0.704377  0.871006  0.646441  0.301887  0.642321  0.765272  0.562814  0.819174  0.701474  0.364619  0.285175  0.784870  0.840608  0.910554  0.197114  0.427737  0.385686  0.808219  0.878894  0.608234  0.604834  0.600832  0.526983  0.554615  0.426607  0.499314  0.684886  0.405856  0.669326  0.736898  0.818985  0.483866  0.646233  0.515380  0.847082  0.557943  0.387897  0.688414  0.880124  0.502903  0.996049  0.777149  0.418481  0.635550  0.761663  0.813307  0.968615  0.787292  0.593681  0.814754  0.331068 
37  0.191871  0.761238  0.524472  0.437176  0.470580  0.465766  0.709248  0.603603  0.045804  0.255944  0.384856  0.257449  0.262788  0.136741  0.516281  0.302537  0.444583  0.250928  0.421412  0.249411  0.414705  0.385211  0.101281  0.391435  0.109559  0.000000  0.415052  0.381006  0.351506  0.219082  0.242202  0.771597  0.457436  0.402879  0.543630  0.256129  0.779434 0.0  0.519330  0.279033  0.311379  0.000000  0.392701  0.582697  0.378671  0.215025  0.520527  0.022280  0.502471  0.388795  0.581945  0.167883  0.249684  0.340457  0.174924  0.534783  0.367899  0.895295  0.260183  0.415052  0.029802  0.547656  0.739326  0.517537  0.059480  0.158910  0.363301  0.463341  0.190028  0.290403  0.502067  0.378722  0.338271  0.039755  0.536740  0.201235  0.678824  0.226525  0.403255  0.220737  0.418735  0.079089  0.276267  0.522372  0.389564  0.475135  0.405453  0.163892  0.489651  0.330388  0.385937  0.348956  0.117436  0.091288  0.223509  0.454315  0.257930  0.567326 
38  0.278025  0.438004  0.480417  0.324466  0.251813  0.198709  0.952163  0.299450  0.370582  0.245467  0.271081  0.331181  0.197066  0.366086  0.544696  0.613778  0.288241  0.361374  0.045870  0.355167  0.157526  0.122981  0.413002  0.237896  0.349205  0.292911  0.406866  0.302841  0.309072  0.528606  0.324470  0.722259  0.678176  0.437379  0.897326  0.196381  0.687960  0.519330 0.0  0.364993  0.414257  0.362381  0.000000  0.477620  0.187249  0.392773  0.333814  0.473970  0.110409  0.371238  0.580487  0.223204  0.269986  0.357712  0.394965  0.159636  0.373001  0.580317  0.000000  0.092358  0.373944  0.487897  0.592364  0.563851  0.237122  0.255102  0.338375  0.665579  0.392302  0.363210  0.500936  0.422988  0.401686  0.312129  0.489375  0.393073  0.889217  0.500947  0.413431  0.517249  0.349627  0.354870  0.393213  0.544723  0.000000  0.739707  0.328470  0.364932  0.246933  0.432326  0.736666  0.051690  0.386591  0.309922  0.432173  0.233877  0.434626  0.480408 
39  0.228881  0.720822  0.434327  0.298795  0.428963  0.435579  0.739308  0.574011  0.392878  0.190080  0.364557  0.251272  0.401352  0.398385  0.534971  0.253210  0.277852  0.346703  0.496904  0.314487  0.311672  0.448756  0.326907  0.223781  0.441804  0.368035  0.207008  0.265894  0.155717  0.395779  0.205791  0.334151  0.481730  0.257187  0.823856  0.241433  0.517062  0.279033  0.364993 0.0  0.213673  0.268848  0.379253  0.464719  0.498447  0.465948  0.283578  0.361002  0.429218  0.105590  0.490164  0.323628  0.322781  0.106232  0.322001  0.278148  0.313252  0.745878  0.435826  0.457275  0.416223  0.394628  0.559543  0.356762  0.399766  0.484842  0.221717  0.527064  0.233912  0.162102  0.512452  0.189027  0.226049  0.328807  0.602432  0.344491  0.833444  0.400425  0.519594  0.606752  0.252538  0.337262  0.155648  0.359043  0.280791  0.777674  0.270840  0.285143  0.304466  0.256060  0.587663  0.533552  0.416798  0.346974  0.351182  0.262088  0.299437  0.364853 
