98
0 0.0  0.396004  0.292828  0.271712  0.630069  0.234972  0.424078  0.329958  0.173249  0.343859  0.216266  0.223892  0.326498  0.565417  0.722316  0.273841  0.383252  0.140056  0.122073  0.227946  0.139578  0.152561  0.313379  0.205974  0.258610  0.330595  0.204447  0.371324  0.178742  0.554874  0.446105  0.303126  0.407242  0.379890  0.310046  0.834006  0.553201  0.212781  0.390597  0.317919  0.250282  0.507103  0.455163  0.035760  0.392254  0.322463  0.242859  0.291464  0.260072  0.232967  0.242812  0.491959  0.360350  0.231280  0.366465  0.617710  0.459367  0.252006  0.179158  0.366362  0.266039  0.400896  0.244438  0.137861  0.415442  0.420152  0.711743  0.357699  0.469164  0.435384  0.789886  0.259736  0.577150  0.654311  0.109272  0.519073  0.418611  0.213214  0.238063  0.165487  0.338282  0.371785  0.208778  0.326687  0.250620  0.714419  0.109695  0.733172  0.786398  0.443272  0.434475  0.305082  0.329389  0.283287  0.105612  0.241768  0.739217  0.197999 
1  0.396004 0.0  0.286545  0.238467  0.248686  0.575312  0.567231  0.532158  0.311235  0.451390  0.371363  0.279890  0.393942  0.078549  0.585986  0.261937  0.382656  0.371979  0.271430  0.239985  0.346865  0.271242  0.390049  0.283822  0.254737  0.318565  0.345603  0.375275  0.375331  0.556176  0.298291  0.403112  0.311462  0.503918  0.326143  0.555274  0.204185  0.340553  0.446085  0.310677  0.192860  0.483732  0.073920  0.358747  0.539613  0.516902  0.500062  0.348957  0.270641  0.303214  0.299775  0.097273  0.428254  0.344975  0.042596  0.262738  0.667892  0.438674  0.436195  0.051425  0.357479  0.477851  0.373710  0.285472  0.573641  0.620691  0.507921  0.376396  0.511799  0.666527  0.484435  0.314226  0.708146  0.708704  0.317732  0.518232  0.390604  0.317224  0.210556  0.309658  0.112213  0.463483  0.292718  0.005104  0.324356  0.828385  0.333895  0.788199  0.798133  0.159981  0.299851  0.436698  0.552807  0.260418  0.396124  0.349966  0.531399  0.279485 
2  0.292828  0.286545 0.0  0.307226  0.641286  0.701419  0.481837  0.299031  0.253664  0.380193  0.070924  0.340414  0.344932  0.383303  0.603509  0.475065  0.377075  0.370368  0.403123  0.118859  0.371166  0.317311  0.254189  0.153470  0.420184  0.181987  0.355363  0.355710  0.299837  0.369155  0.351358  0.384137  0.286658  0.249187  0.442672  0.841681  0.293154  0.280678  0.532104  0.493823  0.107030  0.461297  0.314011  0.490969  0.270890  0.455645  0.401816  0.366428  0.271259  0.346253  0.300086  0.395418  0.313040  0.384187  0.295361  0.540288  0.548388  0.334494  0.438991  0.425198  0.410193  0.421674  0.273004  0.416259  0.464533  0.298385  0.684058  0.415384  0.453301  0.904827  0.725269  0.355980  0.481397  0.448904  0.335992  0.748341  0.306608  0.400105  0.236131  0.317389  0.324465  0.323879  0.563082  0.485169  0.227656  0.822753  0.386276  0.747067  0.662681  0.403127  0.390214  0.439564  0.474483  0.312203  0.483587  0.264772  0.760190  0.252383 
3  0.271712  0.238467  0.307226 0.0  0.564372  0.382239  0.313942  0.354750  0.156566  0.247359  0.315013  0.283152  0.297030  0.415729  0.746594  0.346819  0.307951  0.184399  0.034553  0.311207  0.265431  0.157096  0.264192  0.243709  0.233741  0.249583  0.188135  0.273801  0.221322  0.524927  0.331545  0.447658  0.391942  0.320049  0.257098  0.714746  0.368283  0.320266  0.357199  0.295781  0.245694  0.325826  0.390847  0.000000  0.463018  0.406651  0.364690  0.205700  0.209826  0.282983  0.214169  0.439927  0.344333  0.279711  0.500370  0.647474  0.597462  0.209786  0.307279  0.517938  0.157080  0.409381  0.239950  0.391657  0.589322  0.338045  0.803001  0.323133  0.354590  0.442611  0.889187  0.280401  0.508256  0.581574  0.167612  0.582988  0.346363  0.272123  0.154246  0.211082  0.481787  0.292193  0.366613  0.273068  0.087205  0.731084  0.128719  0.772585  0.727907  0.355188  0.391594  0.351726  0.459933  0.256525  0.062797  0.270768  0.744830  0.203780 
4  0.630069  0.248686  0.641286  0.564372 0.0  0.658134  0.588511  0.605581  0.691475  0.523723  0.589758  0.686245  0.495618  0.269879  0.316495  0.596230  0.556823  0.627244  0.551597  0.515120  0.590911  0.652389  0.574937  0.429198  0.589292  0.629713  0.555092  0.638696  0.618006  0.368209  0.550223  0.651928  0.711338  0.588597  0.683180  0.355706  0.370840  0.434272  0.514110  0.621573  0.526388  0.642980  0.345783  0.516969  0.690426  0.591388  0.638084  0.717867  0.440353  0.642201  0.628624  0.322543  0.521919  0.609406  0.310129  0.345387  0.624401  0.573317  0.559798  0.398438  0.534807  0.621792  0.616942  0.381106  0.528697  0.709256  0.409921  0.575953  0.381062  0.617929  0.434733  0.574572  0.617332  0.738426  0.557827  0.573717  0.622512  0.643290  0.597404  0.586510  0.236038  0.604097  0.609108  0.251171  0.510488  0.637302  0.455287  0.513090  0.566507  0.323719  0.530969  0.480003  0.629653  0.419745  0.583906  0.452109  0.346884  0.604015 
5  0.234972  0.575312  0.701419  0.382239  0.658134 0.0  0.219752  0.523534  0.403473  0.515963  0.694529  0.283415  0.544854  0.494617  0.490654  0.629089  0.489011  0.225587  0.442749  0.513394  0.357560  0.267690  0.448347  0.471844  0.318383  0.604775  0.169779  0.512795  0.275637  0.524812  0.593936  0.493545  0.475723  0.415312  0.686684  0.668115  0.597147  0.410473  0.529397  0.684391  0.484686  0.249336  0.526622  0.445884  0.434317  0.602391  0.551379  0.194520  0.484795  0.316759  0.249388  0.407385  0.637118  0.151135  0.577227  0.500255  0.483668  0.296508  0.322277  0.652386  0.319631  0.664418  0.303196  0.530198  0.500073  0.580265  0.617135  0.635820  0.456421  0.387062  0.532534  0.604169  0.510107  0.610742  0.284821  0.674382  0.589156  0.261763  0.204783  0.308590  0.542274  0.552091  0.675632  0.677847  0.409708  0.532152  0.372153  0.600781  0.521173  0.545762  0.569753  0.584132  0.282310  0.583591  0.506413  0.465372  0.519466  0.271272 
6  0.424078  0.567231  0.481837  0.313942  0.588511  0.219752 0.0  0.552485  0.405949  0.593280  0.565254  0.425252  0.512457  0.618954  0.511523  0.464810  0.650655  0.398381  0.226505  0.449611  0.388023  0.383570  0.543116  0.431362  0.416389  0.443104  0.348630  0.570354  0.494411  0.488342  0.491203  0.509425  0.479444  0.571576  0.497844  0.500286  0.569470  0.497162  0.488470  0.478394  0.471661  0.458928  0.726588  0.318440  0.549054  0.569690  0.445848  0.403506  0.346831  0.338784  0.320578  0.805160  0.578559  0.436417  0.578479  0.674645  0.544008  0.429394  0.281988  0.438599  0.364531  0.697119  0.385266  0.562786  0.507421  0.595933  0.593916  0.724965  0.444424  0.306328  0.596004  0.559302  0.619095  0.523456  0.430034  0.633247  0.582460  0.447437  0.480012  0.509938  0.580008  0.570542  0.543497  0.593925  0.475161  0.555581  0.342802  0.578876  0.567760  0.738044  0.657308  0.506403  0.415373  0.438627  0.312705  0.386890  0.594672  0.397816 
7  0.329958  0.532158  0.299031  0.354750  0.605581  0.523534  0.552485 0.0  0.245189  0.186981  0.317476  0.299573  0.204150  0.223928  0.903928  0.135904  0.090951  0.306599  0.415308  0.337287  0.332285  0.265556  0.254429  0.347204  0.353707  0.028017  0.291500  0.009859  0.332811  0.588288  0.056838  0.255950  0.062906  0.237232  0.066847  0.736879  0.315076  0.308699  0.162153  0.098056  0.302762  0.519452  0.299662  0.332404  0.280443  0.168565  0.305621  0.244417  0.107294  0.359250  0.405243  0.256498  0.062365  0.275915  0.305875  0.628131  0.375656  0.309084  0.335425  0.391780  0.329221  0.151144  0.250860  0.393520  0.396439  0.261308  0.717370  0.054034  0.495491  0.801049  0.813029  0.050091  0.401503  0.434218  0.382520  0.349401  0.142128  0.314723  0.374620  0.379529  0.443156  0.164013  0.085303  0.342445  0.304011  0.637439  0.316529  0.512450  0.647784  0.407843  0.137809  0.163323  0.545010  0.300914  0.334117  0.231707  0.881959  0.331213 
8  0.173249  0.311235  0.253664  0.156566  0.691475  0.403473  0.405949  0.245189 0.0  0.360824  0.255189  0.297004  0.393285  0.373659  0.738941  0.341448  0.314399  0.190392  0.001457  0.309715  0.263843  0.201787  0.316785  0.335049  0.190557  0.389235  0.181092  0.308030  0.251287  0.441894  0.338524  0.338243  0.369200  0.402966  0.310914  0.690265  0.422135  0.243568  0.339807  0.353798  0.261842  0.373863  0.512013  0.067466  0.267874  0.378280  0.241454  0.263245  0.247212  0.213358  0.203916  0.420888  0.356738  0.195167  0.525777  0.644528  0.449082  0.151514  0.242404  0.384558  0.294621  0.375729  0.079590  0.366477  0.433863  0.303165  0.765619  0.417792  0.399626  0.538115  0.792841  0.260109  0.584030  0.490163  0.164547  0.535199  0.442742  0.181708  0.207297  0.130266  0.319537  0.342902  0.333611  0.341928  0.215949  0.658850  0.280800  0.784092  0.717864  0.338330  0.454160  0.304052  0.430967  0.197347  0.103169  0.340915  0.676376  0.229785 
9  0.343859  0.451390  0.380193  0.247359  0.523723  0.515963  0.593280  0.186981  0.360824 0.0  0.378395  0.383689  0.176275  0.300204  0.829786  0.000000  0.285807  0.331164  0.310700  0.245926  0.303488  0.297439  0.281789  0.217672  0.346195  0.000000  0.341801  0.083861  0.324038  0.382571  0.013139  0.204733  0.000000  0.231702  0.184699  0.725526  0.316980  0.180295  0.171707  0.115223  0.256847  0.586628  0.290183  0.223427  0.201505  0.094541  0.139989  0.397426  0.276142  0.313681  0.344245  0.281742  0.043776  0.220543  0.325159  0.653911  0.541279  0.289261  0.303010  0.430392  0.306441  0.050260  0.233437  0.501213  0.428675  0.188245  0.671506  0.123551  0.484489  0.764401  0.763996  0.028322  0.374128  0.414865  0.244970  0.261667  0.122802  0.211029  0.397072  0.402769  0.438760  0.151952  0.053149  0.343107  0.287171  0.546967  0.393439  0.540222  0.581026  0.379728  0.141981  0.159972  0.541301  0.186168  0.330887  0.260295  0.804402  0.255668 
10  0.216266  0.371363  0.070924  0.315013  0.589758  0.694529  0.565254  0.317476  0.255189  0.378395 0.0  0.378550  0.326805  0.233755  0.798446  0.435104  0.431560  0.225846  0.516912  0.246603  0.237198  0.203910  0.185098  0.256719  0.369807  0.340185  0.330687  0.395764  0.348687  0.498790  0.331368  0.278377  0.390966  0.333250  0.527636  0.761713  0.313746  0.197544  0.418968  0.475871  0.210333  0.419229  0.349988  0.467211  0.374550  0.348739  0.346605  0.385756  0.274346  0.334249  0.378282  0.338638  0.360787  0.370391  0.318799  0.553279  0.480178  0.343391  0.381515  0.363364  0.358882  0.466151  0.395062  0.339834  0.448515  0.337243  0.714974  0.402515  0.465855  0.914252  0.828796  0.307003  0.472748  0.697580  0.292986  0.632767  0.380145  0.237317  0.333028  0.307232  0.453812  0.354418  0.546797  0.445212  0.274817  0.704984  0.307815  0.771072  0.838778  0.389748  0.423760  0.337411  0.593786  0.429447  0.371292  0.245423  0.734893  0.263105 
11  0.223892  0.279890  0.340414  0.283152  0.686245  0.283415  0.425252  0.299573  0.297004  0.383689  0.378550 0.0  0.277815  0.460362  0.802894  0.395034  0.283765  0.246727  0.158698  0.242453  0.237821  0.173252  0.321241  0.353943  0.109456  0.320845  0.233343  0.262272  0.208452  0.487432  0.290956  0.461680  0.301931  0.435068  0.404577  0.859847  0.361734  0.220521  0.398203  0.267337  0.285030  0.417271  0.423619  0.075881  0.318546  0.331577  0.354679  0.264973  0.371070  0.256757  0.237832  0.395056  0.355946  0.207103  0.427450  0.700377  0.458411  0.260762  0.157491  0.477413  0.255617  0.299240  0.284106  0.443253  0.539349  0.302774  0.812612  0.332979  0.385251  0.518033  0.799148  0.354985  0.558059  0.499987  0.153101  0.591036  0.319660  0.299719  0.261781  0.256256  0.457313  0.311286  0.319169  0.330879  0.223548  0.689956  0.213992  0.781996  0.818558  0.413487  0.429572  0.374602  0.457453  0.273370  0.127925  0.327356  0.777457  0.112325 
12  0.326498  0.393942  0.344932  0.297030  0.495618  0.544854  0.512457  0.204150  0.393285  0.176275  0.326805  0.277815 0.0  0.324225  0.828342  0.077811  0.205349  0.372184  0.269609  0.313010  0.349943  0.258265  0.372797  0.316555  0.302165  0.072571  0.342634  0.093130  0.409547  0.489145  0.015015  0.189292  0.140350  0.211794  0.000000  0.768050  0.278155  0.171689  0.180970  0.042578  0.077831  0.543003  0.384477  0.370745  0.163393  0.263811  0.218082  0.390505  0.210446  0.323647  0.274714  0.346702  0.118737  0.323950  0.275716  0.635008  0.410602  0.350254  0.423739  0.327995  0.357979  0.092396  0.453175  0.463462  0.486744  0.133564  0.646000  0.000000  0.530613  0.708890  0.795857  0.111373  0.342834  0.405301  0.354209  0.205702  0.099986  0.315111  0.229206  0.467242  0.410956  0.203278  0.137373  0.225429  0.223885  0.662146  0.354261  0.562636  0.638788  0.317812  0.173945  0.142868  0.469661  0.259554  0.394920  0.190386  0.727221  0.272329 
13  0.565417  0.078549  0.383303  0.415729  0.269879  0.494617  0.618954  0.223928  0.373659  0.300204  0.233755  0.460362  0.324225 0.0  0.458784  0.337229  0.274020  0.484995  0.322876  0.301124  0.439657  0.507306  0.260989  0.177503  0.556492  0.320262  0.472991  0.279902  0.447888  0.517844  0.331492  0.323402  0.360571  0.306820  0.333542  0.396366  0.250698  0.273442  0.376006  0.315740  0.197799  0.673901  0.217265  0.421066  0.194726  0.365998  0.357414  0.480649  0.345714  0.474473  0.397285  0.164699  0.341400  0.384298  0.228092  0.390774  0.464949  0.503452  0.492122  0.117827  0.404282  0.435687  0.552284  0.156103  0.484223  0.345859  0.483373  0.380937  0.369921  0.667539  0.530502  0.387465  0.479818  0.539418  0.402689  0.528561  0.329804  0.465319  0.362137  0.423791  0.018716  0.306023  0.340806  0.000000  0.276055  0.771022  0.524698  0.898453  0.631586  0.228425  0.348043  0.268145  0.582953  0.295887  0.409743  0.286702  0.421867  0.402854 
14  0.722316  0.585986  0.603509  0.746594  0.316495  0.490654  0.511523  0.903928  0.738941  0.829786  0.798446  0.802894  0.828342  0.458784 0.0  0.765153  0.728044  0.794995  0.769130  0.702256  0.762796  0.774451  0.690077  0.756846  0.690399  0.667403  0.749074  0.783177  0.630115  0.398792  0.879501  0.846675  0.783567  0.811251  0.719678  0.055739  0.447095  0.646440  0.860905  0.730029  0.713357  0.488813  0.458337  0.763931  0.921238  0.849953  0.793497  0.710157  0.760231  0.786452  0.770437  0.473467  0.630265  0.712872  0.381727  0.297035  0.674529  0.775739  0.912274  0.550469  0.666663  0.859296  0.723739  0.576689  0.536230  0.811523  0.000000  0.705769  0.481976  0.346233  0.474835  0.738550  0.656540  0.651083  0.805596  0.554991  0.828463  0.746431  0.788723  0.722184  0.608037  0.910748  0.809637  0.501787  0.649432  0.923473  0.750381  0.834910  0.353567  0.407906  0.781376  0.751544  0.433888  0.568837  0.738383  0.600067  0.176571  0.745097 
15  0.273841  0.261937  0.475065  0.346819  0.596230  0.629089  0.464810  0.135904  0.341448  0.000000  0.435104  0.395034  0.077811  0.337229  0.765153 0.0  0.083053  0.247732  0.530353  0.252421  0.347552  0.283965  0.326513  0.188350  0.431094  0.113211  0.366128  0.080930  0.480982  0.457976  0.066245  0.036865  0.031157  0.026688  0.145414  0.878530  0.379926  0.183164  0.184154  0.202437  0.289207  0.642511  0.385369  0.458680  0.121188  0.143908  0.108674  0.343084  0.172409  0.282768  0.299589  0.328646  0.115005  0.367716  0.348668  0.624023  0.363882  0.293217  0.330727  0.422086  0.345246  0.000000  0.285787  0.273783  0.382685  0.082958  0.726253  0.215310  0.484276  0.847627  0.846274  0.115102  0.286927  0.361590  0.291486  0.358614  0.181144  0.241539  0.285996  0.365813  0.420182  0.019014  0.143529  0.448633  0.239360  0.516675  0.312623  0.464080  0.477067  0.345585  0.168450  0.080043  0.533632  0.270423  0.457708  0.200976  0.714876  0.261316 
16  0.383252  0.382656  0.377075  0.307951  0.556823  0.489011  0.650655  0.090951  0.314399  0.285807  0.431560  0.283765  0.205349  0.274020  0.728044  0.083053 0.0  0.383912  0.361019  0.171446  0.167293  0.310424  0.383286  0.220436  0.382689  0.026402  0.317313  0.036598  0.377349  0.455496  0.078665  0.265766  0.041871  0.279907  0.048000  0.821568  0.283050  0.289067  0.187302  0.063538  0.271965  0.586252  0.327734  0.319728  0.187935  0.048101  0.198013  0.314556  0.194929  0.176887  0.334089  0.412596  0.111182  0.327742  0.352734  0.577017  0.450431  0.387564  0.369882  0.441032  0.429853  0.176609  0.313396  0.395494  0.440716  0.187242  0.820621  0.056322  0.473117  0.768203  0.690974  0.151886  0.299380  0.398361  0.308692  0.352822  0.063015  0.321350  0.317276  0.381103  0.412736  0.207782  0.138930  0.310559  0.282525  0.577426  0.316612  0.393203  0.683651  0.318579  0.109129  0.194686  0.450513  0.234195  0.424069  0.296567  0.908027  0.396870 
17  0.140056  0.371979  0.370368  0.184399  0.627244  0.225587  0.398381  0.306599  0.190392  0.331164  0.225846  0.246727  0.372184  0.484995  0.794995  0.247732  0.383912 0.0  0.000663  0.258149  0.171194  0.260126  0.288563  0.251672  0.216960  0.429911  0.132539  0.311948  0.251172  0.380061  0.319229  0.340481  0.298309  0.338804  0.249310  0.761190  0.417050  0.296940  0.403309  0.376732  0.296659  0.405396  0.462958  0.061432  0.347591  0.426719  0.315743  0.145444  0.267999  0.135824  0.208679  0.408593  0.398192  0.184773  0.459952  0.550454  0.424165  0.164817  0.213229  0.357164  0.193678  0.306543  0.173111  0.376309  0.414486  0.364409  0.717210  0.289414  0.512111  0.515957  0.833824  0.366456  0.501491  0.472388  0.217967  0.567281  0.353228  0.163285  0.170532  0.188814  0.420283  0.343862  0.353527  0.275118  0.237501  0.808480  0.119702  0.687475  0.709476  0.430381  0.464453  0.301713  0.413510  0.361550  0.091617  0.383875  0.710488  0.212357 
18  0.122073  0.271430  0.403123  0.034553  0.551597  0.442749  0.226505  0.415308  0.001457  0.310700  0.516912  0.158698  0.269609  0.322876  0.769130  0.530353  0.361019  0.000663 0.0  0.294983  0.017222  0.055240  0.371961  0.352048  0.020420  0.392675  0.091650  0.250190  0.038060  0.420158  0.300402  0.319134  0.327682  0.331697  0.452377  0.726620  0.355725  0.250661  0.397854  0.483214  0.207297  0.298542  0.389659  0.270852  0.266063  0.403483  0.310764  0.105706  0.201988  0.184345  0.049834  0.296503  0.351294  0.022682  0.344243  0.602167  0.549027  0.009574  0.018551  0.442942  0.000000  0.441569  0.117283  0.297553  0.569283  0.343061  0.769759  0.410147  0.474414  0.572458  0.843884  0.234949  0.437415  0.471464  0.125308  0.637746  0.425800  0.101246  0.111341  0.084251  0.406511  0.272642  0.510971  0.469635  0.325216  0.679021  0.000000  0.740517  0.714549  0.267561  0.386565  0.323669  0.247992  0.237634  0.067833  0.304954  0.835283  0.017520 
19  0.227946  0.239985  0.118859  0.311207  0.515120  0.513394  0.449611  0.337287  0.309715  0.245926  0.246603  0.242453  0.313010  0.301124  0.702256  0.252421  0.171446  0.258149  0.294983 0.0  0.165044  0.229502  0.377009  0.228548  0.317481  0.322273  0.281692  0.241098  0.321254  0.572138  0.281766  0.298815  0.330313  0.239591  0.217878  0.634865  0.284390  0.268399  0.224369  0.328203  0.276731  0.513852  0.315596  0.303974  0.313875  0.233340  0.311560  0.304783  0.205071  0.382659  0.156989  0.287002  0.262753  0.349073  0.325464  0.505039  0.436658  0.194241  0.210488  0.298034  0.296391  0.248163  0.361971  0.182921  0.468308  0.248272  0.664838  0.256231  0.514858  0.712091  0.738240  0.222737  0.467522  0.384200  0.325246  0.521359  0.306656  0.312403  0.216005  0.123003  0.185069  0.278467  0.232871  0.262421  0.240269  0.722734  0.322161  0.667976  0.713602  0.335307  0.262553  0.182924  0.516127  0.310026  0.243439  0.245645  0.703766  0.206296 
20  0.139578  0.346865  0.371166  0.265431  0.590911  0.357560  0.388023  0.332285  0.263843  0.303488  0.237198  0.237821  0.349943  0.439657  0.762796  0.347552  0.167293  0.171194  0.017222  0.165044 0.0  0.233394  0.324503  0.209213  0.207854  0.339163  0.083074  0.429088  0.229794  0.426135  0.313316  0.360212  0.380169  0.343267  0.388929  0.782836  0.489855  0.206052  0.389881  0.236862  0.210822  0.428987  0.491843  0.200231  0.344320  0.308599  0.292490  0.270563  0.318040  0.129152  0.192159  0.521209  0.220122  0.144777  0.491668  0.686197  0.571003  0.055260  0.241969  0.420393  0.246698  0.385499  0.176358  0.298917  0.451859  0.302104  0.712204  0.308590  0.513714  0.412398  0.779610  0.389183  0.450109  0.517647  0.233340  0.434957  0.416280  0.239654  0.168839  0.306836  0.500086  0.308537  0.411107  0.358019  0.282278  0.700586  0.271686  0.777251  0.815654  0.417515  0.296328  0.204361  0.392743  0.245568  0.087738  0.192158  0.786770  0.206855 
21  0.152561  0.271242  0.317311  0.157096  0.652389  0.267690  0.383570  0.265556  0.201787  0.297439  0.203910  0.173252  0.258265  0.507306  0.774451  0.283965  0.310424  0.260126  0.055240  0.229502  0.233394 0.0  0.234355  0.180341  0.048350  0.247010  0.270150  0.239592  0.165585  0.466057  0.366388  0.333699  0.321043  0.256677  0.392784  0.774093  0.531367  0.315648  0.322370  0.332098  0.209330  0.285989  0.496624  0.009733  0.215389  0.545400  0.371379  0.125915  0.186654  0.221581  0.218924  0.466635  0.315782  0.233071  0.400862  0.540038  0.446717  0.251238  0.222632  0.347341  0.227121  0.326549  0.195809  0.257353  0.515947  0.379558  0.686938  0.310932  0.463119  0.413389  0.776977  0.424723  0.475258  0.495369  0.185421  0.546673  0.478175  0.156474  0.177043  0.228452  0.422835  0.388726  0.357760  0.406460  0.341346  0.629023  0.147068  0.753172  0.725650  0.490489  0.422211  0.329366  0.391607  0.314947  0.092663  0.434186  0.705491  0.236760 
22  0.313379  0.390049  0.254189  0.264192  0.574937  0.448347  0.543116  0.254429  0.316785  0.281789  0.185098  0.321241  0.372797  0.260989  0.690077  0.326513  0.383286  0.288563  0.371961  0.377009  0.324503  0.234355 0.0  0.276869  0.291822  0.179495  0.340482  0.307293  0.193458  0.514372  0.291723  0.268471  0.235316  0.155657  0.329487  0.602626  0.325490  0.270276  0.163746  0.313047  0.383097  0.487449  0.305779  0.290300  0.195621  0.172516  0.210799  0.290207  0.213265  0.277213  0.168446  0.227759  0.259985  0.266203  0.228777  0.504669  0.502429  0.300822  0.262223  0.385098  0.195588  0.210670  0.189234  0.162410  0.459274  0.274518  0.709893  0.289069  0.556654  0.616289  0.698115  0.248730  0.480234  0.550511  0.278191  0.518891  0.199851  0.280190  0.298866  0.198543  0.226352  0.253009  0.254886  0.268607  0.294130  0.570398  0.167150  0.656696  0.609735  0.284017  0.207508  0.272117  0.447385  0.314734  0.353332  0.278386  0.684192  0.181147 
23  0.205974  0.283822  0.153470  0.243709  0.429198  0.471844  0.431362  0.347204  0.335049  0.217672  0.256719  0.353943  0.316555  0.177503  0.756846  0.188350  0.220436  0.251672  0.352048  0.228548  0.209213  0.180341  0.276869 0.0  0.153914  0.221596  0.255884  0.288239  0.232409  0.408663  0.307041  0.333872  0.201998  0.202575  0.320175  0.606470  0.314317  0.383567  0.165567  0.228078  0.252803  0.486690  0.222192  0.307221  0.289982  0.227899  0.324748  0.299343  0.243380  0.328630  0.240040  0.268241  0.238240  0.257761  0.273091  0.518714  0.444191  0.303154  0.268807  0.292385  0.436817  0.305960  0.325491  0.201070  0.450759  0.228011  0.605829  0.317006  0.406944  0.651016  0.583388  0.239263  0.477068  0.456908  0.330055  0.459569  0.252107  0.287681  0.339237  0.231528  0.287560  0.193033  0.185427  0.351844  0.109681  0.638484  0.281246  0.651448  0.612271  0.257883  0.254045  0.338493  0.538064  0.272560  0.317897  0.218237  0.699680  0.224131 
24  0.258610  0.254737  0.420184  0.233741  0.589292  0.318383  0.416389  0.353707  0.190557  0.346195  0.369807  0.109456  0.302165  0.556492  0.690399  0.431094  0.382689  0.216960  0.020420  0.317481  0.207854  0.048350  0.291822  0.153914 0.0  0.260783  0.201058  0.275616  0.090993  0.460476  0.261455  0.360578  0.440513  0.371272  0.310451  0.736144  0.523987  0.360676  0.437843  0.295942  0.210704  0.354578  0.448494  0.102209  0.230544  0.394134  0.311979  0.263371  0.305623  0.218573  0.205808  0.551723  0.356952  0.237332  0.541913  0.510359  0.653876  0.287108  0.141510  0.534959  0.200491  0.396093  0.169626  0.320777  0.476418  0.363774  0.714630  0.399032  0.424043  0.502139  0.762050  0.230956  0.582233  0.506008  0.070427  0.458551  0.469915  0.222049  0.140583  0.322232  0.432623  0.341005  0.356635  0.285239  0.336419  0.833019  0.243651  0.802752  0.735228  0.444065  0.412974  0.330111  0.357738  0.246131  0.045730  0.338093  0.799996  0.210643 
25  0.330595  0.318565  0.181987  0.249583  0.629713  0.604775  0.443104  0.028017  0.389235  0.000000  0.340185  0.320845  0.072571  0.320262  0.667403  0.113211  0.026402  0.429911  0.392675  0.322273  0.339163  0.247010  0.179495  0.221596  0.260783 0.0  0.324033  0.189359  0.472650  0.485403  0.054717  0.051235  0.101888  0.140062  0.120143  0.775893  0.203047  0.307098  0.143117  0.122801  0.234044  0.529471  0.336168  0.266705  0.069339  0.114621  0.090194  0.462143  0.220149  0.346601  0.256609  0.272511  0.042154  0.225026  0.306911  0.674216  0.391289  0.355676  0.368296  0.378840  0.308176  0.095874  0.320484  0.327896  0.399116  0.000000  0.793750  0.138979  0.501062  0.753613  0.655100  0.164441  0.363723  0.225338  0.322205  0.358940  0.225987  0.391614  0.301484  0.327054  0.403439  0.048374  0.129064  0.232839  0.422965  0.461102  0.432764  0.548744  0.487710  0.412136  0.175497  0.064343  0.618172  0.351642  0.217300  0.278777  0.713788  0.344022 
26  0.204447  0.345603  0.355363  0.188135  0.555092  0.169779  0.348630  0.291500  0.181092  0.341801  0.330687  0.233343  0.342634  0.472991  0.749074  0.366128  0.317313  0.132539  0.091650  0.281692  0.083074  0.270150  0.340482  0.255884  0.201058  0.324033 0.0  0.366626  0.184090  0.549181  0.364877  0.339951  0.317800  0.346552  0.363362  0.662489  0.536254  0.257674  0.249612  0.397280  0.262681  0.399091  0.387948  0.025110  0.323323  0.330385  0.320181  0.100525  0.223063  0.194568  0.219811  0.476174  0.215366  0.175130  0.460942  0.584409  0.412669  0.102239  0.231369  0.398866  0.292337  0.397671  0.133185  0.309710  0.512513  0.352650  0.734381  0.378785  0.386282  0.442552  0.880357  0.364151  0.525003  0.508522  0.073106  0.478584  0.428642  0.163124  0.320333  0.227469  0.481177  0.431245  0.319346  0.280639  0.297573  0.693574  0.265703  0.810777  0.798836  0.370295  0.312956  0.317289  0.415844  0.319750  0.174804  0.286240  0.624282  0.245926 
27  0.371324  0.375275  0.355710  0.273801  0.638696  0.512795  0.570354  0.009859  0.308030  0.083861  0.395764  0.262272  0.093130  0.279902  0.783177  0.080930  0.036598  0.311948  0.250190  0.241098  0.429088  0.239592  0.307293  0.288239  0.275616  0.189359  0.366626 0.0  0.372148  0.441957  0.000000  0.147073  0.075708  0.075752  0.066012  0.688329  0.282796  0.288940  0.192840  0.096962  0.209148  0.515511  0.329380  0.276265  0.073604  0.034835  0.152835  0.369209  0.254915  0.299412  0.268827  0.329545  0.070127  0.315626  0.429369  0.522560  0.366138  0.283201  0.350669  0.395692  0.268714  0.227055  0.336288  0.393528  0.410558  0.103014  0.657114  0.097669  0.510021  0.805035  0.697158  0.282303  0.218053  0.238609  0.229154  0.286659  0.120063  0.317022  0.311795  0.269813  0.340004  0.008551  0.044984  0.326012  0.280917  0.566185  0.342783  0.393572  0.450159  0.334146  0.207733  0.044855  0.529551  0.166286  0.342429  0.260672  0.660441  0.420813 
28  0.178742  0.375331  0.299837  0.221322  0.618006  0.275637  0.494411  0.332811  0.251287  0.324038  0.348687  0.208452  0.409547  0.447888  0.630115  0.480982  0.377349  0.251172  0.038060  0.321254  0.229794  0.165585  0.193458  0.232409  0.090993  0.472650  0.184090  0.372148 0.0  0.492987  0.333415  0.392263  0.349369  0.337756  0.314960  0.704441  0.547595  0.342586  0.383424  0.355485  0.447112  0.413955  0.487328  0.029192  0.357579  0.405116  0.322378  0.223253  0.174976  0.170053  0.200860  0.449395  0.347614  0.209516  0.450839  0.600838  0.644261  0.238684  0.228708  0.389992  0.176846  0.453459  0.145807  0.332323  0.467445  0.283398  0.675473  0.250385  0.617750  0.432317  0.835915  0.311485  0.455837  0.528137  0.173345  0.684880  0.301262  0.126919  0.310083  0.096238  0.442337  0.342528  0.383406  0.344561  0.300450  0.742656  0.114263  0.791134  0.848296  0.480462  0.315496  0.275417  0.426171  0.313309  0.016772  0.224303  0.705198  0.206307 
29  0.554874  0.556176  0.369155  0.524927  0.368209  0.524812  0.488342  0.588288  0.441894  0.382571  0.498790  0.487432  0.489145  0.517844  0.398792  0.457976  0.455496  0.380061  0.420158  0.572138  0.426135  0.466057  0.514372  0.408663  0.460476  0.485403  0.549181  0.441957  0.492987 0.0  0.409475  0.492280  0.442278  0.421374  0.416351  0.419862  0.452934  0.482263  0.353002  0.461355  0.551604  0.464736  0.589520  0.446492  0.413971  0.398643  0.531117  0.415440  0.460456  0.505922  0.437069  0.539940  0.423936  0.520488  0.471263  0.449958  0.471012  0.470861  0.533807  0.413785  0.442845  0.549463  0.467573  0.535194  0.540963  0.556353  0.393238  0.463682  0.420237  0.506539  0.454229  0.464470  0.430612  0.498337  0.492334  0.482725  0.508925  0.449419  0.576756  0.524720  0.497171  0.416684  0.464640  0.502679  0.433859  0.416577  0.397600  0.421074  0.381549  0.485988  0.352836  0.415515  0.554342  0.442741  0.518309  0.396000  0.482070  0.469927 
30  0.446105  0.298291  0.351358  0.331545  0.550223  0.593936  0.491203  0.056838  0.338524  0.013139  0.331368  0.290956  0.015015  0.331492  0.879501  0.066245  0.078665  0.319229  0.300402  0.281766  0.313316  0.366388  0.291723  0.307041  0.261455  0.054717  0.364877  0.000000  0.333415  0.409475 0.0  0.034444  0.117744  0.057676  0.064579  0.665843  0.262240  0.185170  0.069686  0.178569  0.267895  0.529774  0.296937  0.384323  0.117017  0.219058  0.000000  0.255053  0.263234  0.363790  0.389658  0.322305  0.281541  0.374884  0.307101  0.521469  0.207108  0.302437  0.471736  0.438466  0.352918  0.137610  0.291084  0.404876  0.468822  0.000148  0.690556  0.051051  0.495139  0.727639  0.757839  0.023716  0.212113  0.356136  0.363670  0.391196  0.204730  0.320320  0.414244  0.344930  0.305336  0.158058  0.147394  0.331367  0.200616  0.496802  0.379732  0.490047  0.646525  0.288949  0.077064  0.050732  0.598975  0.346429  0.303319  0.249711  0.782721  0.208636 
31  0.303126  0.403112  0.384137  0.447658  0.651928  0.493545  0.509425  0.255950  0.338243  0.204733  0.278377  0.461680  0.189292  0.323402  0.846675  0.036865  0.265766  0.340481  0.319134  0.298815  0.360212  0.333699  0.268471  0.333872  0.360578  0.051235  0.339951  0.147073  0.392263  0.492280  0.034444 0.0  0.003295  0.184702  0.088160  0.801414  0.386285  0.349901  0.187931  0.088559  0.246664  0.559650  0.261182  0.325751  0.194672  0.175699  0.188502  0.224405  0.316427  0.300235  0.291101  0.323336  0.044740  0.315588  0.223130  0.608586  0.439238  0.339077  0.383146  0.417457  0.402051  0.181295  0.363475  0.383669  0.541472  0.212774  0.781383  0.114689  0.448285  0.668402  0.749023  0.242267  0.560479  0.318941  0.322728  0.308965  0.108852  0.310201  0.257467  0.248298  0.466483  0.129293  0.025888  0.209994  0.279744  0.613846  0.301903  0.546060  0.646137  0.320581  0.233298  0.176627  0.461492  0.215672  0.265780  0.188469  0.875947  0.307502 
32  0.407242  0.311462  0.286658  0.391942  0.711338  0.475723  0.479444  0.062906  0.369200  0.000000  0.390966  0.301931  0.140350  0.360571  0.783567  0.031157  0.041871  0.298309  0.327682  0.330313  0.380169  0.321043  0.235316  0.201998  0.440513  0.101888  0.317800  0.075708  0.349369  0.442278  0.117744  0.003295 0.0  0.155801  0.016930  0.707743  0.328426  0.194024  0.023486  0.066923  0.227292  0.421659  0.346504  0.360464  0.061334  0.148146  0.044873  0.295750  0.214717  0.355441  0.312488  0.320796  0.203440  0.300156  0.290137  0.592770  0.234641  0.335456  0.441867  0.436085  0.194971  0.030720  0.334241  0.321350  0.576377  0.035647  0.721746  0.099662  0.425020  0.772795  0.790434  0.118819  0.318014  0.291189  0.364419  0.348279  0.202921  0.371434  0.332327  0.380405  0.344515  0.001247  0.062571  0.332987  0.241419  0.571573  0.335281  0.503738  0.467978  0.354679  0.133079  0.106538  0.565475  0.329198  0.331735  0.254973  0.615822  0.320773 
33  0.379890  0.503918  0.249187  0.320049  0.588597  0.415312  0.571576  0.237232  0.402966  0.231702  0.333250  0.435068  0.211794  0.306820  0.811251  0.026688  0.279907  0.338804  0.331697  0.239591  0.343267  0.256677  0.155657  0.202575  0.371272  0.140062  0.346552  0.075752  0.337756  0.421374  0.057676  0.184702  0.155801 0.0  0.039161  0.767373  0.293266  0.214126  0.134610  0.096956  0.283101  0.476249  0.302425  0.453960  0.309436  0.127387  0.144591  0.326686  0.301555  0.308873  0.349422  0.323810  0.102515  0.207121  0.393351  0.528450  0.368902  0.431090  0.291443  0.461040  0.419276  0.134309  0.472217  0.485091  0.528573  0.257661  0.728728  0.018892  0.551277  0.740775  0.792874  0.090843  0.353468  0.409428  0.376416  0.243422  0.179645  0.476065  0.301520  0.282285  0.319245  0.161033  0.000889  0.365705  0.370144  0.650408  0.317291  0.478247  0.498356  0.368154  0.290730  0.163093  0.488864  0.269129  0.279456  0.270503  1.000000  0.364093 
34  0.310046  0.326143  0.442672  0.257098  0.683180  0.686684  0.497844  0.066847  0.310914  0.184699  0.527636  0.404577  0.000000  0.333542  0.719678  0.145414  0.048000  0.249310  0.452377  0.217878  0.388929  0.392784  0.329487  0.320175  0.310451  0.120143  0.363362  0.066012  0.314960  0.416351  0.064579  0.088160  0.016930  0.039161 0.0  0.936241  0.340964  0.296729  0.166519  0.253017  0.319557  0.571613  0.377824  0.480705  0.023075  0.248550  0.058514  0.341661  0.273249  0.270668  0.365574  0.324162  0.000000  0.352201  0.272224  0.574480  0.281585  0.387117  0.338716  0.313434  0.296318  0.106168  0.358826  0.483162  0.423400  0.029272  0.610248  0.179167  0.442463  0.859485  0.853491  0.078176  0.308206  0.360685  0.290839  0.320920  0.216839  0.296828  0.448686  0.266467  0.348816  0.073485  0.168708  0.434674  0.150170  0.358727  0.284056  0.465183  0.492501  0.393883  0.119048  0.082173  0.494942  0.372425  0.392833  0.225522  0.785218  0.252979 
35  0.834006  0.555274  0.841681  0.714746  0.355706  0.668115  0.500286  0.736879  0.690265  0.725526  0.761713  0.859847  0.768050  0.396366  0.055739  0.878530  0.821568  0.761190  0.726620  0.634865  0.782836  0.774093  0.602626  0.606470  0.736144  0.775893  0.662489  0.688329  0.704441  0.419862  0.665843  0.801414  0.707743  0.767373  0.936241 0.0  0.511386  0.733718  0.820202  0.868949  0.740023  0.497019  0.494071  0.853871  0.638925  0.897455  0.717282  0.735635  0.700015  0.654352  0.699412  0.514112  0.630591  0.721985  0.550472  0.370701  0.519480  0.741050  0.690556  0.470752  0.618587  0.801340  0.701884  0.453712  0.424962  0.656829  0.105425  0.873602  0.469707  0.483942  0.545719  0.737408  0.667839  0.542824  0.537609  0.745197  0.820076  0.681044  0.716547  0.797108  0.489017  0.596413  0.859210  0.535726  0.680550  0.665431  0.668891  0.798157  0.358771  0.427270  0.966485  0.783335  0.539499  0.813676  0.905074  0.739087  0.035500  0.700669 
36  0.553201  0.204185  0.293154  0.368283  0.370840  0.597147  0.569470  0.315076  0.422135  0.316980  0.313746  0.361734  0.278155  0.250698  0.447095  0.379926  0.283050  0.417050  0.355725  0.284390  0.489855  0.531367  0.325490  0.314317  0.523987  0.203047  0.536254  0.282796  0.547595  0.452934  0.262240  0.386285  0.328426  0.293266  0.340964  0.511386 0.0  0.250523  0.425046  0.296000  0.229432  0.677551  0.178721  0.381443  0.399227  0.323148  0.242495  0.534170  0.321169  0.546695  0.496108  0.260589  0.307910  0.518006  0.164818  0.322771  0.557292  0.463160  0.457273  0.161850  0.450988  0.355121  0.414470  0.170863  0.451692  0.301499  0.440526  0.302801  0.454022  0.763944  0.466620  0.265269  0.426059  0.442584  0.410841  0.681724  0.344068  0.406842  0.441580  0.507585  0.144567  0.464528  0.322516  0.145868  0.197658  0.729436  0.352417  0.794512  0.746134  0.145259  0.332008  0.433465  0.680209  0.370005  0.327410  0.188473  0.390325  0.528235 
37  0.212781  0.340553  0.280678  0.320266  0.434272  0.410473  0.497162  0.308699  0.243568  0.180295  0.197544  0.220521  0.171689  0.273442  0.646440  0.183164  0.289067  0.296940  0.250661  0.268399  0.206052  0.315648  0.270276  0.383567  0.360676  0.307098  0.257674  0.288940  0.342586  0.482263  0.185170  0.349901  0.194024  0.214126  0.296729  0.733718  0.250523 0.0  0.236266  0.278922  0.344815  0.400438  0.308530  0.256626  0.355272  0.299671  0.294941  0.260667  0.257497  0.234960  0.337575  0.271567  0.212293  0.279372  0.336931  0.460374  0.436822  0.301459  0.287624  0.249831  0.278809  0.327289  0.337653  0.256026  0.475321  0.341471  0.577334  0.293327  0.431509  0.632468  0.756178  0.175564  0.483134  0.443171  0.266697  0.450895  0.230346  0.285937  0.213903  0.345219  0.161490  0.275006  0.266147  0.205564  0.293688  0.665722  0.241795  0.781893  0.740077  0.358050  0.337505  0.200784  0.487532  0.271292  0.311382  0.224306  0.701247  0.204214 
38  0.390597  0.446085  0.532104  0.357199  0.514110  0.529397  0.488470  0.162153  0.339807  0.171707  0.418968  0.398203  0.180970  0.376006  0.860905  0.184154  0.187302  0.403309  0.397854  0.224369  0.389881  0.322370  0.163746  0.165567  0.437843  0.143117  0.249612  0.192840  0.383424  0.353002  0.069686  0.187931  0.023486  0.134610  0.166519  0.820202  0.425046  0.236266 0.0  0.036630  0.289881  0.655937  0.428999  0.367197  0.129771  0.157960  0.178257  0.415975  0.228533  0.430482  0.471248  0.468417  0.130059  0.365475  0.433418  0.529156  0.209272  0.409256  0.405720  0.494992  0.416999  0.169441  0.369402  0.363452  0.540928  0.149211  0.944540  0.181533  0.464725  0.732235  0.819959  0.064205  0.333883  0.214269  0.434875  0.297875  0.146799  0.377896  0.405709  0.517534  0.292522  0.132305  0.210002  0.425583  0.177153  0.609816  0.285381  0.555712  0.478033  0.300793  0.224203  0.089922  0.530700  0.280791  0.404155  0.337632  0.815296  0.490996 
39  0.317919  0.310677  0.493823  0.295781  0.621573  0.684391  0.478394  0.098056  0.353798  0.115223  0.475871  0.267337  0.042578  0.315740  0.730029  0.202437  0.063538  0.376732  0.483214  0.328203  0.236862  0.332098  0.313047  0.228078  0.295942  0.122801  0.397280  0.096962  0.355485  0.461355  0.178569  0.088559  0.066923  0.096956  0.253017  0.868949  0.296000  0.278922  0.036630 0.0  0.191979  0.538158  0.268723  0.532239  0.035537  0.106319  0.151094  0.301435  0.311794  0.474659  0.328801  0.356951  0.166996  0.343612  0.261773  0.611868  0.361049  0.368948  0.374424  0.422618  0.356638  0.132000  0.360541  0.331596  0.577389  0.100874  0.803520  0.179379  0.331114  0.911679  0.671066  0.139934  0.247550  0.184479  0.348537  0.370949  0.138113  0.395591  0.301751  0.389139  0.396183  0.069775  0.196489  0.467252  0.276366  0.556277  0.293665  0.563714  0.437967  0.324966  0.213828  0.001982  0.514952  0.277820  0.403048  0.297265  0.786222  0.301786 
