98
0 0.0  0.162622  0.596918  0.276437  0.336198  0.301772  0.417970  0.548777  0.299765  0.301822  0.425828  0.399015  0.459737  0.631824  0.191510  0.420934  0.260204  0.673803  0.276911  0.173759  0.803743  0.292143  0.624739  0.449907  0.473907  0.417192  0.430911  0.176017  0.328354  0.203745  0.807173  0.353691  0.731791  0.236339  0.268668  0.110947  0.332300  0.260598  0.129306  0.608624  0.155005  0.026393  0.554039  0.180226  0.295947  0.014480  0.574107  0.455266  0.387657  0.203848  0.246005  0.852181  0.382632  0.372534  0.327564  0.522574  0.373716  0.359196  0.367211  0.183327  0.315608  0.386927  0.230286  0.323877  0.030329  0.372024  0.410751  0.350408  0.296580  0.700749  0.290041  0.781701  0.344753  0.327350  0.256202  0.425682  0.422899  0.334069  0.352060  0.404927  0.504419  0.416922  0.238437  0.262389  0.783167  0.171098  0.266166  0.294560  0.410983  0.382578  0.457627  0.439921  0.659515  0.332099  0.505222  0.284951  0.241744  0.252263 
1  0.162622 0.0  0.503681  0.134003  0.359764  0.290145  0.411820  0.411983  0.333591  0.344740  0.393078  0.262887  0.381158  0.620286  0.152993  0.254128  0.177906  0.542739  0.347954  0.252188  0.838012  0.276600  0.609633  0.278475  0.516017  0.338773  0.474950  0.174343  0.356591  0.146276  0.765412  0.321001  0.828205  0.076225  0.340480  0.194843  0.221074  0.175436  0.165849  0.594579  0.163951  0.000000  0.422075  0.199532  0.362512  0.000000  0.578517  0.603638  0.393523  0.108615  0.189884  0.762256  0.419804  0.258634  0.339721  0.522055  0.451478  0.411293  0.522052  0.270873  0.334035  0.337397  0.264442  0.383908  0.083866  0.448373  0.254202  0.161326  0.355452  0.682351  0.289709  0.693257  0.385777  0.377908  0.264313  0.316315  0.480619  0.356931  0.247722  0.529023  0.582966  0.349749  0.268652  0.178789  0.813200  0.355795  0.199131  0.209778  0.294823  0.343237  0.404537  0.383267  0.708616  0.314275  0.372781  0.416770  0.269817  0.086185 
2  0.596918  0.503681 0.0  0.574076  0.575641  0.469389  0.280084  0.613536  0.467555  0.302989  0.506034  0.320780  0.530400  0.621072  0.502081  0.395790  0.505123  0.615051  0.384279  0.656461  0.422145  0.350732  0.596364  0.425692  0.502788  0.153033  0.507304  0.605115  0.205199  0.570538  0.261460  0.383820  0.464760  0.558292  0.263628  0.491657  0.208232  0.479797  0.570234  0.451418  0.568702  0.515161  0.529644  0.478952  0.677223  0.344329  0.273024  0.522593  0.580118  0.648862  0.466627  0.613418  0.543059  0.186900  0.582675  0.394665  0.555799  0.430659  0.519981  0.474848  0.258234  0.649243  0.469770  0.804790  0.460714  0.507783  0.526562  0.592332  0.715414  0.356171  0.551249  0.660147  0.391565  0.691038  0.438696  0.233122  0.466574  0.319044  0.335734  0.324670  0.220538  0.345220  0.499010  0.419723  0.550025  0.487249  0.520775  0.576702  0.582231  0.217456  0.603269  0.505544  0.700580  0.632585  0.421960  0.618762  0.357860  0.475078 
3  0.276437  0.134003  0.574076 0.0  0.301247  0.254271  0.407867  0.368042  0.397135  0.391412  0.401282  0.269217  0.449052  0.732709  0.167764  0.344276  0.209569  0.580466  0.338960  0.194994  0.872222  0.253726  0.566236  0.309065  0.547992  0.303120  0.468500  0.189892  0.289556  0.333180  0.750333  0.308732  0.692471  0.285056  0.384041  0.159835  0.323193  0.260074  0.134220  0.549745  0.168911  0.043105  0.549623  0.243939  0.327891  0.023787  0.636955  0.502081  0.371565  0.146098  0.211512  0.954733  0.478288  0.319143  0.556807  0.537359  0.510080  0.603847  0.512031  0.181613  0.298990  0.337457  0.200531  0.269211  0.036680  0.434066  0.246265  0.240344  0.277340  0.731263  0.171295  0.767611  0.439080  0.337468  0.202823  0.444303  0.420424  0.332532  0.397974  0.347197  0.503909  0.372673  0.230636  0.218335  0.699294  0.219120  0.282610  0.284767  0.364883  0.387474  0.383499  0.388217  0.832923  0.354897  0.362904  0.303034  0.241048  0.027368 
4  0.336198  0.359764  0.575641  0.301247 0.0  0.430365  0.360197  0.158631  0.303536  0.329913  0.626143  0.380174  0.113184  0.734935  0.300362  0.414911  0.327051  0.355450  0.386379  0.300084  0.784996  0.227377  0.325312  0.475143  0.131342  0.363012  0.032566  0.333219  0.344575  0.401041  0.815866  0.230879  0.851522  0.347083  0.319141  0.356939  0.276694  0.311572  0.371765  0.728234  0.375175  0.342252  0.727447  0.334188  0.196427  0.301527  0.498719  0.448256  0.525596  0.322923  0.293774  0.695186  0.036628  0.438102  0.221381  0.638663  0.064105  0.611882  0.515375  0.198336  0.354427  0.165895  0.346370  0.167947  0.261294  0.001628  0.344229  0.334514  0.139368  0.910470  0.358913  0.586002  0.485944  0.204929  0.281289  0.343333  0.522867  0.450909  0.560294  0.411384  0.559290  0.393133  0.263821  0.295334  0.443087  0.195455  0.298809  0.497845  0.053916  0.233128  0.163849  0.054220  0.613850  0.143564  0.380832  0.568204  0.583324  0.358166 
5  0.301772  0.290145  0.469389  0.254271  0.430365 0.0  0.201271  0.371072  0.258959  0.139210  0.563175  0.101214  0.384887  0.711545  0.361406  0.212923  0.208335  0.572427  0.344401  0.342476  0.626855  0.291945  0.632074  0.233130  0.331915  0.100484  0.405938  0.226438  0.042602  0.270075  0.402173  0.271543  0.677857  0.335148  0.144121  0.365550  0.137964  0.208343  0.372915  0.722220  0.428561  0.183867  0.629357  0.357094  0.452391  0.363741  0.358530  0.483034  0.519074  0.452395  0.255716  0.834089  0.393727  0.064567  0.378456  0.357868  0.443885  0.416238  0.476304  0.314695  0.127658  0.517509  0.308034  0.507397  0.320233  0.388904  0.299530  0.385293  0.469280  0.585190  0.316698  0.935414  0.438536  0.444937  0.272192  0.033587  0.467129  0.116746  0.213527  0.135836  0.258295  0.166616  0.222351  0.328628  0.745547  0.347055  0.278497  0.559697  0.346582  0.093533  0.416826  0.238398  0.737683  0.461520  0.227847  0.486567  0.149534  0.318465 
6  0.417970  0.411820  0.280084  0.407867  0.360197  0.201271 0.0  0.379160  0.342563  0.107486  0.698617  0.091605  0.356670  0.820716  0.377580  0.192423  0.405490  0.577883  0.162465  0.426986  0.638156  0.189128  0.611758  0.133573  0.415049  0.026594  0.364928  0.498887  0.092117  0.373238  0.525590  0.264895  0.562638  0.486361  0.172854  0.378220  0.075726  0.273440  0.347240  0.712294  0.286501  0.329686  0.749092  0.361031  0.386345  0.514763  0.375248  0.435768  0.568039  0.354380  0.288417  0.754346  0.419485  0.168410  0.329305  0.249560  0.406887  0.346597  0.457820  0.200639  0.077764  0.378953  0.432523  0.437842  0.325140  0.346120  0.283787  0.464732  0.355471  0.531995  0.511129  0.768694  0.480861  0.433151  0.273482  0.143813  0.527119  0.203307  0.174000  0.142852  0.341394  0.092693  0.273702  0.341542  0.899691  0.303392  0.386397  0.532631  0.297432  0.000000  0.444761  0.464303  0.755972  0.522077  0.145270  0.591402  0.140372  0.502548 
7  0.548777  0.411983  0.613536  0.368042  0.158631  0.371072  0.379160 0.0  0.470309  0.381436  0.592428  0.412701  0.117203  0.833768  0.365403  0.377246  0.271282  0.372105  0.438145  0.419099  0.816038  0.262221  0.447570  0.362159  0.130074  0.419700  0.117870  0.428635  0.207212  0.436502  0.786018  0.319404  0.847239  0.410777  0.453072  0.377951  0.344837  0.329657  0.449536  0.756334  0.291586  0.424887  0.754167  0.412911  0.194178  0.401895  0.573783  0.522479  0.639674  0.357575  0.280769  0.623446  0.141374  0.355839  0.121219  0.588410  0.113134  0.439581  0.477127  0.281169  0.432906  0.163681  0.376619  0.217689  0.431549  0.068002  0.294779  0.410223  0.111568  0.795107  0.355586  0.521132  0.390307  0.098981  0.378321  0.503521  0.565085  0.387079  0.466405  0.426421  0.600312  0.424750  0.312444  0.516148  0.493727  0.239409  0.383581  0.624529  0.075552  0.274879  0.172870  0.062092  0.573080  0.165136  0.383526  0.686546  0.301824  0.394223 
8  0.299765  0.333591  0.467555  0.397135  0.303536  0.258959  0.342563  0.470309 0.0  0.334417  0.596768  0.508724  0.328558  0.761319  0.332019  0.365145  0.239023  0.700629  0.310536  0.321426  0.695569  0.282817  0.579214  0.238320  0.320566  0.568057  0.274841  0.358821  0.472702  0.392637  0.963872  0.298640  0.678331  0.293557  0.515102  0.393453  0.555465  0.261082  0.334401  0.847386  0.319025  0.524714  0.874220  0.351542  0.332793  0.340866  0.555570  0.365307  0.466195  0.362212  0.182314  0.816458  0.376026  0.333415  0.492804  0.533751  0.317612  0.417812  0.424590  0.228007  0.366101  0.324882  0.481379  0.355146  0.484152  0.341888  0.290868  0.230837  0.319656  0.757146  0.352721  0.755526  0.403586  0.400132  0.231394  0.439064  0.418803  0.366587  0.298864  0.409612  0.756998  0.380074  0.288812  0.412461  0.872920  0.346460  0.400697  0.675138  0.423673  0.481793  0.387129  0.276715  0.733049  0.226549  0.414144  0.519883  0.258205  0.312137 
9  0.301822  0.344740  0.302989  0.391412  0.329913  0.139210  0.107486  0.381436  0.334417 0.0  0.620043  0.166061  0.379713  0.867967  0.402228  0.133965  0.270236  0.590295  0.074524  0.360416  0.573837  0.256393  0.659503  0.136445  0.364511  0.117282  0.328834  0.425829  0.155876  0.415636  0.524036  0.230851  0.592748  0.362221  0.016003  0.448344  0.095122  0.374419  0.387437  0.857342  0.388753  0.363319  0.714667  0.321168  0.438625  0.323008  0.193232  0.490142  0.720280  0.450620  0.250395  0.827799  0.397289  0.089325  0.419535  0.262258  0.370281  0.457294  0.462079  0.277236  0.143224  0.441255  0.370886  0.460573  0.346218  0.311316  0.345644  0.361323  0.483895  0.502354  0.307902  0.888196  0.489991  0.343119  0.258074  0.175729  0.414093  0.148166  0.226891  0.094155  0.346718  0.201770  0.299801  0.311269  0.774163  0.309088  0.422912  0.619007  0.410597  0.159474  0.383691  0.390836  0.741872  0.501635  0.222443  0.590912  0.115570  0.432831 
10  0.425828  0.393078  0.506034  0.401282  0.626143  0.563175  0.698617  0.592428  0.596768  0.620043 0.0  0.556625  0.814028  0.398722  0.355020  0.560913  0.471184  0.527570  0.539915  0.449247  0.432251  0.554700  0.707494  0.543644  0.633408  0.415626  0.554874  0.410120  0.427434  0.255131  0.482718  0.476328  0.541785  0.446193  0.542626  0.267559  0.546924  0.508355  0.394115  0.455218  0.433115  0.249586  0.334071  0.385206  0.577908  0.168471  0.653033  0.461839  0.454966  0.303921  0.477489  0.680328  0.585841  0.519177  0.636342  0.569285  0.684002  0.466878  0.423484  0.502025  0.543923  0.628622  0.384959  0.501313  0.187292  0.668714  0.407427  0.496652  0.665300  0.619435  0.341977  0.519353  0.439073  0.502401  0.508210  0.510167  0.506870  0.556865  0.452155  0.603058  0.562070  0.615071  0.473500  0.405144  0.618644  0.456629  0.339956  0.291839  0.465946  0.409899  0.638344  0.775065  0.480952  0.576689  0.591798  0.382386  0.580852  0.427304 
11  0.399015  0.262887  0.320780  0.269217  0.380174  0.101214  0.091605  0.412701  0.508724  0.166061  0.556625 0.0  0.313724  0.669211  0.353959  0.052970  0.356525  0.526942  0.143209  0.248830  0.452869  0.220548  0.563930  0.084002  0.355091  0.247540  0.252588  0.295178  0.216857  0.431124  0.621580  0.168761  0.539803  0.258168  0.267992  0.347873  0.122269  0.249096  0.361261  0.809704  0.433207  0.481945  0.834714  0.399936  0.328055  0.354047  0.291519  0.501349  0.536572  0.359616  0.296496  0.710846  0.359061  0.082513  0.464244  0.218183  0.329218  0.384457  0.438568  0.247137  0.073270  0.255431  0.275148  0.357730  0.453239  0.261827  0.270544  0.443745  0.263205  0.404928  0.237269  0.762428  0.480189  0.320700  0.264245  0.119713  0.476878  0.039245  0.136483  0.148900  0.425256  0.143394  0.262803  0.392226  0.885477  0.247337  0.355109  0.674872  0.282463  0.247404  0.397707  0.432756  0.710719  0.329877  0.069526  0.459896  0.060339  0.349452 
12  0.459737  0.381158  0.530400  0.449052  0.113184  0.384887  0.356670  0.117203  0.328558  0.379713  0.814028  0.313724 0.0  0.888843  0.516299  0.415050  0.273037  0.307112  0.308583  0.438780  0.623696  0.319162  0.363385  0.365573  0.150636  0.215899  0.080836  0.502944  0.334386  0.399717  0.704651  0.187877  0.800370  0.379136  0.342693  0.534267  0.348012  0.234245  0.530160  1.000000  0.475668  0.380549  0.784127  0.470827  0.136815  0.304147  0.599136  0.305056  0.757972  0.475105  0.178999  0.631268  0.151464  0.466453  0.105631  0.526614  0.295332  0.442683  0.479518  0.272820  0.290692  0.019162  0.620106  0.121190  0.423811  0.165821  0.098033  0.527731  0.107251  0.735791  0.435414  0.530218  0.442244  0.000000  0.298694  0.340863  0.422041  0.310912  0.253999  0.432253  0.529161  0.420515  0.323599  0.442876  0.523257  0.344946  0.528815  0.585451  0.104748  0.298593  0.080562  0.153781  0.491083  0.040849  0.475810  0.716943  0.340799  0.509993 
13  0.631824  0.620286  0.621072  0.732709  0.734935  0.711545  0.820716  0.833768  0.761319  0.867967  0.398722  0.669211  0.888843 0.0  0.554921  0.748817  0.757109  0.512940  0.728567  0.608182  0.774438  0.712950  0.562748  0.781295  0.922752  0.774473  0.989864  0.558466  0.731489  0.574247  0.807953  0.762761  0.425086  0.649236  0.765082  0.575563  0.772369  0.652946  0.545593  0.554522  0.613619  0.522811  0.181291  0.658914  0.741557  0.436904  0.542839  0.453633  0.393737  0.602086  0.654744  0.427684  0.809808  0.780616  0.755143  0.482180  0.815272  0.508069  0.502557  0.613087  0.720802  0.710857  0.618873  0.794201  0.506085  0.946655  0.665584  0.593197  0.697455  0.330619  0.701135  0.393267  0.411691  0.658376  0.607939  0.849128  0.456132  0.688258  0.733604  0.764797  0.550815  0.707255  0.692207  0.590773  0.263761  0.670684  0.577540  0.228819  0.629146  0.752819  0.801790  0.941128  0.328151  0.761221  0.708805  0.353366  0.728648  0.638859 
14  0.191510  0.152993  0.502081  0.167764  0.300362  0.361406  0.377580  0.365403  0.332019  0.402228  0.355020  0.353959  0.516299  0.554921 0.0  0.221176  0.216475  0.624097  0.277184  0.082053  0.708742  0.233770  0.608112  0.267589  0.419636  0.246136  0.499877  0.097626  0.399553  0.171101  0.746644  0.190875  0.660038  0.206172  0.392187  0.167826  0.235688  0.231468  0.207657  0.691333  0.260485  0.000000  0.356812  0.196296  0.332514  0.000000  0.577136  0.456495  0.448618  0.229246  0.139825  0.875588  0.486995  0.318429  0.451246  0.396473  0.454620  0.517334  0.528686  0.259133  0.335812  0.377530  0.099044  0.333733  0.045453  0.444069  0.306782  0.196846  0.241910  0.677624  0.252307  0.853736  0.362443  0.284845  0.227181  0.368168  0.579949  0.366637  0.279625  0.429822  0.535195  0.341543  0.257021  0.267197  0.794297  0.446967  0.306670  0.359247  0.342939  0.342645  0.423599  0.398581  0.719014  0.279234  0.329618  0.357263  0.425085  0.092731 
15  0.420934  0.254128  0.395790  0.344276  0.414911  0.212923  0.192423  0.377246  0.365145  0.133965  0.560913  0.052970  0.415050  0.748817  0.221176 0.0  0.140876  0.609541  0.243485  0.394886  0.637125  0.284892  0.534617  0.220975  0.227915  0.093702  0.300871  0.360391  0.055164  0.370125  0.439857  0.250143  0.520307  0.350050  0.043800  0.222880  0.111372  0.279060  0.354406  0.768461  0.364960  0.340251  0.702894  0.396462  0.453420  0.360008  0.294521  0.467833  0.541125  0.370858  0.282273  0.756842  0.373071  0.155412  0.367111  0.424739  0.321839  0.553319  0.437831  0.261179  0.016587  0.496125  0.443770  0.415216  0.332603  0.305975  0.375489  0.315807  0.425106  0.624804  0.464234  0.837523  0.510710  0.517721  0.280557  0.120434  0.494674  0.106029  0.192137  0.078235  0.241874  0.230015  0.337999  0.333416  0.624117  0.246721  0.317662  0.594891  0.333595  0.016987  0.398438  0.387236  0.912323  0.505743  0.173368  0.531492  0.096172  0.405727 
16  0.260204  0.177906  0.505123  0.209569  0.327051  0.208335  0.405490  0.271282  0.239023  0.270236  0.471184  0.356525  0.273037  0.757109  0.216475  0.140876 0.0  0.430342  0.342288  0.373791  0.664599  0.273924  0.432402  0.221948  0.206534  0.395672  0.247738  0.209634  0.244920  0.319957  0.613372  0.222573  0.534535  0.289862  0.345870  0.288593  0.323374  0.214183  0.297151  0.575666  0.205533  0.279547  0.636417  0.252282  0.221812  0.248343  0.446245  0.535969  0.513060  0.271494  0.289057  0.607568  0.242657  0.254917  0.344316  0.442112  0.191293  0.416848  0.386822  0.278453  0.203341  0.225656  0.293148  0.183392  0.185795  0.316491  0.254023  0.320460  0.248055  0.718885  0.254537  0.676569  0.384634  0.408442  0.432526  0.225398  0.546591  0.263798  0.366739  0.176521  0.428846  0.230698  0.258311  0.271841  0.691451  0.223632  0.263637  0.455217  0.172814  0.259720  0.231013  0.354261  0.683725  0.244212  0.370583  0.498910  0.252590  0.232062 
17  0.673803  0.542739  0.615051  0.580466  0.355450  0.572427  0.577883  0.372105  0.700629  0.590295  0.527570  0.526942  0.307112  0.512940  0.624097  0.609541  0.430342 0.0  0.573332  0.620495  0.584681  0.376916  0.359434  0.490612  0.328977  0.547608  0.249191  0.633372  0.499865  0.639199  0.651062  0.429615  0.642569  0.485223  0.572901  0.728791  0.621083  0.455038  0.525409  0.672228  0.582505  0.588395  0.571568  0.575571  0.356127  0.662837  0.702830  0.499543  0.512848  0.533203  0.483436  0.392630  0.330391  0.588227  0.392060  0.665104  0.346940  0.465649  0.501356  0.411795  0.656989  0.196786  0.599553  0.399114  0.602959  0.252094  0.427614  0.627383  0.334093  0.652413  0.679335  0.272551  0.592167  0.328260  0.472824  0.583166  0.424545  0.759687  0.508438  0.570077  0.659863  0.656123  0.503440  0.570773  0.317844  0.522330  0.600959  0.682994  0.484805  0.613489  0.392605  0.309824  0.301595  0.322111  0.610773  0.527598  0.491564  0.662417 
18  0.276911  0.347954  0.384279  0.338960  0.386379  0.344401  0.162465  0.438145  0.310536  0.074524  0.539915  0.143209  0.308583  0.728567  0.277184  0.243485  0.342288  0.573332 0.0  0.335100  0.750735  0.380318  0.660434  0.224507  0.358087  0.000000  0.310572  0.356896  0.137064  0.387336  0.574331  0.342659  0.589116  0.243741  0.048844  0.205716  0.067188  0.244413  0.356043  0.603551  0.435331  0.212006  0.780306  0.321299  0.408934  0.292514  0.377424  0.469122  0.559371  0.389475  0.245465  0.765745  0.290113  0.026151  0.413920  0.476584  0.316220  0.508878  0.413984  0.305636  0.168226  0.410478  0.282658  0.558515  0.346135  0.327788  0.305005  0.181005  0.310974  0.686237  0.401487  0.912938  0.531873  0.477197  0.350814  0.267132  0.552377  0.120587  0.225950  0.149358  0.238625  0.071044  0.266603  0.378568  0.762689  0.316901  0.332858  0.463078  0.292063  0.120759  0.399198  0.305403  0.875940  0.426808  0.131849  0.544846  0.223980  0.320564 
19  0.173759  0.252188  0.656461  0.194994  0.300084  0.342476  0.426986  0.419099  0.321426  0.360416  0.449247  0.248830  0.438780  0.608182  0.082053  0.394886  0.373791  0.620495  0.335100 0.0  0.787822  0.192575  0.550968  0.334102  0.385056  0.229358  0.370266  0.315977  0.383138  0.223223  0.823380  0.302409  0.745545  0.154979  0.435204  0.172648  0.224879  0.300583  0.265212  0.638755  0.066103  0.105236  0.454496  0.170700  0.343494  0.000000  0.581173  0.490456  0.432932  0.121260  0.216710  0.769544  0.365045  0.308446  0.398899  0.526321  0.416627  0.419894  0.446002  0.331803  0.347085  0.312081  0.166461  0.436640  0.079496  0.310966  0.230782  0.224837  0.409500  0.746230  0.154691  0.694774  0.436417  0.350960  0.175363  0.463654  0.469570  0.302131  0.383888  0.291182  0.481033  0.354191  0.232569  0.194616  0.708937  0.302070  0.254597  0.134779  0.302356  0.320572  0.413759  0.491348  0.831756  0.342766  0.412079  0.510437  0.283251  0.273905 
20  0.803743  0.838012  0.422145  0.872222  0.784996  0.626855  0.638156  0.816038  0.695569  0.573837  0.432251  0.452869  0.623696  0.774438  0.708742  0.637125  0.664599  0.584681  0.750735  0.787822 0.0  0.660721  0.636814  0.553646  0.717058  0.546239  0.783721  0.815057  0.553545  0.683231  0.027354  0.669620  0.611086  0.845635  0.476415  0.792011  0.409583  0.551181  0.697782  0.414470  0.633690  0.856830  0.755989  0.804533  0.870113  0.734940  0.339006  0.518144  0.643948  0.633910  0.630716  0.861797  0.870805  0.517043  0.782938  0.358107  0.731996  0.426916  0.374719  0.614607  0.557490  0.882257  0.705522  0.951062  0.632337  0.833087  0.744139  0.688953  0.938597  0.682303  0.707878  0.804041  0.451630  0.727811  0.695898  0.385710  0.511794  0.425465  0.562800  0.620926  0.268908  0.497811  0.614275  0.741964  0.703944  0.762113  0.702407  0.525441  0.798402  0.416708  0.808247  0.768971  0.919745  0.875560  0.489966  0.584859  0.542584  0.713322 
21  0.292143  0.276600  0.350732  0.253726  0.227377  0.291945  0.189128  0.262221  0.282817  0.256393  0.554700  0.220548  0.319162  0.712950  0.233770  0.284892  0.273924  0.376916  0.380318  0.192575  0.660721 0.0  0.521830  0.185744  0.306267  0.326453  0.316798  0.204900  0.377453  0.181811  0.661087  0.239113  0.694372  0.325136  0.326390  0.282567  0.386530  0.219395  0.258124  0.638254  0.325079  0.290168  0.820327  0.200339  0.393751  0.316448  0.418252  0.460322  0.459043  0.232442  0.129760  0.737808  0.174691  0.240763  0.165234  0.490677  0.255356  0.486489  0.497248  0.224681  0.202878  0.194894  0.140231  0.206292  0.237616  0.417105  0.304051  0.231431  0.264002  0.644666  0.212370  0.678808  0.543693  0.187705  0.208617  0.180341  0.431592  0.281281  0.308719  0.259535  0.415148  0.321520  0.278667  0.318164  0.619787  0.282858  0.338199  0.468137  0.231118  0.262620  0.299736  0.245311  0.769110  0.339974  0.228592  0.388072  0.312317  0.278076 
22  0.624739  0.609633  0.596364  0.566236  0.325312  0.632074  0.611758  0.447570  0.579214  0.659503  0.707494  0.563930  0.363385  0.562748  0.608112  0.534617  0.432402  0.359434  0.660434  0.550968  0.636814  0.521830 0.0  0.524434  0.384781  0.594416  0.321817  0.622299  0.594855  0.659544  0.558748  0.488498  0.545243  0.617669  0.530312  0.590942  0.579805  0.452006  0.494687  0.515569  0.582848  0.638530  0.609284  0.662298  0.303990  0.432978  0.529728  0.588170  0.541390  0.525963  0.331504  0.318361  0.356581  0.512915  0.371397  0.659424  0.357565  0.549210  0.600122  0.527418  0.586567  0.333037  0.571752  0.404848  0.604276  0.298737  0.463689  0.620618  0.337058  0.612745  0.606754  0.361471  0.484582  0.387580  0.448670  0.494854  0.425304  0.574778  0.708128  0.552770  0.557768  0.649388  0.504405  0.630938  0.367721  0.495273  0.562826  0.575473  0.419949  0.593000  0.393281  0.445192  0.306832  0.359933  0.691618  0.674112  0.657649  0.724506 
23  0.449907  0.278475  0.425692  0.309065  0.475143  0.233130  0.133573  0.362159  0.238320  0.136445  0.543644  0.084002  0.365573  0.781295  0.267589  0.220975  0.221948  0.490612  0.224507  0.334102  0.553646  0.185744  0.524434 0.0  0.235149  0.136023  0.322209  0.297749  0.085567  0.359587  0.431390  0.285011  0.628469  0.255739  0.014519  0.437116  0.166759  0.291134  0.329315  0.802384  0.344169  0.335035  0.794355  0.435302  0.443841  0.327475  0.431072  0.426107  0.411944  0.320401  0.265897  0.790439  0.297619  0.095434  0.376051  0.405721  0.251402  0.465556  0.383538  0.308584  0.010708  0.396082  0.238736  0.533769  0.296452  0.233587  0.262743  0.312108  0.513035  0.609472  0.278289  0.861429  0.445440  0.457934  0.207870  0.083960  0.525125  0.036127  0.240002  0.228372  0.270098  0.135025  0.313777  0.358602  0.738729  0.279702  0.367451  0.492211  0.294335  0.048762  0.296418  0.317698  0.774808  0.424536  0.184793  0.520391  0.175160  0.337696 
24  0.473907  0.516017  0.502788  0.547992  0.131342  0.331915  0.415049  0.130074  0.320566  0.364511  0.633408  0.355091  0.150636  0.922752  0.419636  0.227915  0.206534  0.328977  0.358087  0.385056  0.717058  0.306267  0.384781  0.235149 0.0  0.265633  0.251796  0.432849  0.265877  0.509916  0.837261  0.318665  0.726307  0.520490  0.284684  0.511457  0.345973  0.112503  0.393057  0.881566  0.469844  0.260101  0.618271  0.469996  0.098493  0.386368  0.599418  0.490407  0.673467  0.474783  0.292983  0.558469  0.133583  0.425741  0.163078  0.536145  0.233346  0.446561  0.542241  0.361066  0.283636  0.031339  0.462901  0.059051  0.276151  0.241276  0.222299  0.501272  0.062691  0.678795  0.523852  0.435714  0.445938  0.000000  0.268803  0.426996  0.422446  0.348724  0.250991  0.353555  0.601375  0.354129  0.315009  0.488481  0.448416  0.228712  0.452479  0.475367  0.103409  0.335697  0.242632  0.196270  0.503572  0.000000  0.427731  0.611937  0.354381  0.429071 
25  0.417192  0.338773  0.153033  0.303120  0.363012  0.100484  0.026594  0.419700  0.568057  0.117282  0.415626  0.247540  0.215899  0.774473  0.246136  0.093702  0.395672  0.547608  0.000000  0.229358  0.546239  0.326453  0.594416  0.136023  0.265633 0.0  0.372447  0.401688  0.100450  0.308990  0.692295  0.195288  0.482065  0.330905  0.144048  0.433333  0.228793  0.205869  0.415088  0.802280  0.153859  0.443998  0.826714  0.371477  0.317594  0.369622  0.411007  0.437405  0.362117  0.234582  0.308712  0.820295  0.420205  0.046756  0.371130  0.337020  0.267254  0.408161  0.452408  0.229304  0.096982  0.257489  0.285606  0.299280  0.494135  0.219275  0.230440  0.372358  0.309915  0.490003  0.317770  0.738429  0.494783  0.212405  0.324118  0.070356  0.471142  0.054046  0.165394  0.034449  0.317261  0.099666  0.269503  0.296286  0.898104  0.207669  0.361314  0.771260  0.287140  0.232774  0.368716  0.384955  0.847211  0.319731  0.187547  0.598975  0.013165  0.297298 
26  0.430911  0.474950  0.507304  0.468500  0.032566  0.405938  0.364928  0.117870  0.274841  0.328834  0.554874  0.252588  0.080836  0.989864  0.499877  0.300871  0.247738  0.249191  0.310572  0.370266  0.783721  0.316798  0.321817  0.322209  0.251796  0.372447 0.0  0.443278  0.430330  0.472534  0.783680  0.329438  0.706977  0.547253  0.324715  0.399659  0.328070  0.449336  0.389119  0.891782  0.505162  0.416300  0.706155  0.451684  0.059859  0.206190  0.571999  0.414585  0.670581  0.449350  0.205369  0.619135  0.169976  0.263127  0.158536  0.546488  0.365601  0.417519  0.458937  0.262303  0.289938  0.145001  0.428395  0.126980  0.316305  0.248618  0.279334  0.405305  0.055138  0.755872  0.522061  0.524522  0.458978  0.000000  0.232554  0.391443  0.450930  0.215671  0.324966  0.389576  0.412663  0.374840  0.204850  0.478222  0.474126  0.298871  0.518390  0.511169  0.014834  0.343255  0.131657  0.251187  0.440697  0.092628  0.396113  0.598247  0.393190  0.507167 
27  0.176017  0.174343  0.605115  0.189892  0.333219  0.226438  0.498887  0.428635  0.358821  0.425829  0.410120  0.295178  0.502944  0.558466  0.097626  0.360391  0.209634  0.633372  0.356896  0.315977  0.815057  0.204900  0.622299  0.297749  0.432849  0.401688  0.443278 0.0  0.423530  0.232065  0.774083  0.241014  0.667645  0.271591  0.294248  0.242084  0.342677  0.211654  0.228489  0.535039  0.179769  0.000000  0.433712  0.166273  0.344317  0.022959  0.496829  0.449378  0.414599  0.236945  0.106406  0.705031  0.434188  0.309396  0.348552  0.558090  0.517877  0.516777  0.401247  0.319130  0.300800  0.318981  0.168659  0.262282  0.028237  0.562993  0.218564  0.265952  0.350478  0.722688  0.215411  0.688539  0.408450  0.425483  0.270393  0.422522  0.406335  0.313534  0.362208  0.375747  0.394755  0.330292  0.265822  0.285659  0.738934  0.257867  0.174119  0.259039  0.389523  0.368445  0.434670  0.447417  0.714424  0.292527  0.349409  0.435950  0.402645  0.164838 
28  0.328354  0.356591  0.205199  0.289556  0.344575  0.042602  0.092117  0.207212  0.472702  0.155876  0.427434  0.216857  0.334386  0.731489  0.399553  0.055164  0.244920  0.499865  0.137064  0.383138  0.553545  0.377453  0.594855  0.085567  0.265877  0.100450  0.430330  0.423530 0.0  0.363623  0.594380  0.163889  0.445131  0.364872  0.170267  0.387865  0.149273  0.247478  0.347200  0.712231  0.226763  0.405642  0.832041  0.335092  0.321226  0.274438  0.388095  0.422542  0.578923  0.389125  0.292891  0.776482  0.328891  0.002010  0.473215  0.261462  0.246300  0.432318  0.451003  0.297538  0.071970  0.374689  0.268875  0.343535  0.497618  0.436602  0.201791  0.366762  0.341032  0.539453  0.334033  0.709407  0.429059  0.386442  0.288053  0.015880  0.521013  0.114922  0.098309  0.270567  0.440672  0.185344  0.213571  0.349576  0.912270  0.316818  0.435068  0.684076  0.370173  0.245588  0.368862  0.261947  0.770863  0.381382  0.149591  0.522602  0.090781  0.403565 
29  0.203745  0.146276  0.570538  0.333180  0.401041  0.270075  0.373238  0.436502  0.392637  0.415636  0.255131  0.431124  0.399717  0.574247  0.171101  0.370125  0.319957  0.639199  0.387336  0.223223  0.683231  0.181811  0.659544  0.359587  0.509916  0.308990  0.472534  0.232065  0.363623 0.0  0.674565  0.268099  0.581805  0.132211  0.312984  0.249453  0.282154  0.193859  0.189931  0.625594  0.221398  0.117994  0.476720  0.076892  0.304160  0.030089  0.528103  0.439495  0.318405  0.253236  0.267851  0.737465  0.473610  0.270317  0.452838  0.595351  0.467770  0.571734  0.498167  0.166061  0.336755  0.382380  0.146538  0.296467  0.060670  0.455411  0.147642  0.219472  0.360799  0.758195  0.263801  0.709684  0.498737  0.248527  0.321667  0.316369  0.446545  0.328672  0.299646  0.402119  0.611152  0.306592  0.242476  0.255935  0.811450  0.178208  0.250467  0.284736  0.242208  0.317893  0.333052  0.473118  0.566537  0.344800  0.315720  0.399440  0.251284  0.178408 
30  0.807173  0.765412  0.261460  0.750333  0.815866  0.402173  0.525590  0.786018  0.963872  0.524036  0.482718  0.621580  0.704651  0.807953  0.746644  0.439857  0.613372  0.651062  0.574331  0.823380  0.027354  0.661087  0.558748  0.431390  0.837261  0.692295  0.783680  0.774083  0.594380  0.674565 0.0  0.679581  0.502622  0.783353  0.489353  0.622339  0.559590  0.650897  0.750680  0.351638  0.750235  0.950293  0.947944  0.692246  0.758254  0.765426  0.409409  0.474886  0.505760  0.647924  0.598617  0.739602  0.819694  0.452111  0.748117  0.203457  0.755167  0.397550  0.524853  0.608649  0.404445  0.814074  0.812594  0.756167  0.900240  0.746636  0.663523  0.764248  0.723491  0.436331  0.683158  0.726508  0.393765  0.677981  0.655802  0.535888  0.525540  0.518492  0.460670  0.565167  0.475062  0.519607  0.670767  0.753580  0.903774  0.707507  0.749287  0.671188  0.712370  0.531545  0.715661  0.674109  0.658782  0.782111  0.518070  0.421147  0.556297  0.803319 
31  0.353691  0.321001  0.383820  0.308732  0.230879  0.271543  0.264895  0.319404  0.298640  0.230851  0.476328  0.168761  0.187877  0.762761  0.190875  0.250143  0.222573  0.429615  0.342659  0.302409  0.669620  0.239113  0.488498  0.285011  0.318665  0.195288  0.329438  0.241014  0.163889  0.268099  0.679581 0.0  0.744657  0.304212  0.173186  0.173425  0.370869  0.338920  0.209435  0.602024  0.221176  0.332281  0.629674  0.302785  0.279062  0.260722  0.452683  0.428173  0.430065  0.232269  0.253699  0.590368  0.247403  0.315405  0.379058  0.503253  0.244699  0.431127  0.433422  0.349611  0.228589  0.248781  0.262216  0.276931  0.270816  0.304927  0.356516  0.235355  0.215083  0.675699  0.312105  0.729663  0.403260  0.312352  0.308730  0.284971  0.425266  0.319767  0.338673  0.381412  0.437533  0.302001  0.383153  0.164766  0.644826  0.289636  0.218668  0.425259  0.226819  0.170216  0.301425  0.292212  0.648613  0.360688  0.362021  0.409209  0.215725  0.306103 
32  0.731791  0.828205  0.464760  0.692471  0.851522  0.677857  0.562638  0.847239  0.678331  0.592748  0.541785  0.539803  0.800370  0.425086  0.660038  0.520307  0.534535  0.642569  0.589116  0.745545  0.611086  0.694372  0.545243  0.628469  0.726307  0.482065  0.706977  0.667645  0.445131  0.581805  0.502622  0.744657 0.0  0.779035  0.572537  0.808857  0.535226  0.587802  0.753907  0.687240  0.737344  0.745452  0.350856  0.664043  0.870109  0.760247  0.441812  0.413906  0.395981  0.722678  0.609563  0.406720  0.792887  0.389924  0.796694  0.437816  0.831569  0.497522  0.423519  0.639861  0.435949  0.926660  0.733543  0.859240  0.778032  0.807933  0.808329  0.712415  0.847836  0.219199  0.773253  0.535618  0.474552  0.861469  0.696938  0.540539  0.426226  0.398932  0.587634  0.463957  0.306311  0.650968  0.749749  0.805288  0.355785  0.666072  0.673631  0.511480  0.696871  0.400775  0.827690  0.722575  0.529091  0.955399  0.436684  0.508015  0.623534  0.709834 
33  0.236339  0.076225  0.558292  0.285056  0.347083  0.335148  0.486361  0.410777  0.293557  0.362221  0.446193  0.258168  0.379136  0.649236  0.206172  0.350050  0.289862  0.485223  0.243741  0.154979  0.845635  0.325136  0.617669  0.255739  0.520490  0.330905  0.547253  0.271591  0.364872  0.132211  0.783353  0.304212  0.779035 0.0  0.268776  0.139607  0.294789  0.332342  0.197267  0.618564  0.158882  0.000000  0.621156  0.155252  0.416465  0.000000  0.619445  0.556201  0.343039  0.189047  0.223347  0.803128  0.375650  0.282423  0.388618  0.464327  0.445005  0.430992  0.292237  0.244934  0.362995  0.362619  0.215448  0.386929  0.106638  0.451401  0.379372  0.226010  0.302036  0.768961  0.095598  0.757777  0.432496  0.479527  0.267047  0.304424  0.357223  0.342317  0.224624  0.431133  0.480695  0.487933  0.235436  0.166334  0.844736  0.291192  0.240845  0.300058  0.285329  0.297563  0.397373  0.411532  0.754917  0.374991  0.309863  0.420363  0.223727  0.243215 
34  0.268668  0.340480  0.263628  0.384041  0.319141  0.144121  0.172854  0.453072  0.515102  0.016003  0.542626  0.267992  0.342693  0.765082  0.392187  0.043800  0.345870  0.572901  0.048844  0.435204  0.476415  0.326390  0.530312  0.014519  0.284684  0.144048  0.324715  0.294248  0.170267  0.312984  0.489353  0.173186  0.572537  0.268776 0.0  0.290423  0.142742  0.299221  0.357973  0.736309  0.382838  0.457767  0.859203  0.330759  0.409002  0.401924  0.293075  0.456524  0.517727  0.356579  0.291134  0.766480  0.463949  0.000318  0.402247  0.342864  0.246662  0.429453  0.514690  0.283724  0.062016  0.222566  0.255806  0.331916  0.504046  0.334092  0.257013  0.294367  0.426761  0.394191  0.389019  0.820298  0.462942  0.339330  0.325061  0.230280  0.523708  0.000000  0.121150  0.121531  0.430029  0.220038  0.245339  0.374116  0.925211  0.242764  0.298320  0.632290  0.262970  0.162155  0.353680  0.275843  0.762633  0.297426  0.280390  0.584222  0.097112  0.393643 
35  0.110947  0.194843  0.491657  0.159835  0.356939  0.365550  0.378220  0.377951  0.393453  0.448344  0.267559  0.347873  0.534267  0.575563  0.167826  0.222880  0.288593  0.728791  0.205716  0.172648  0.792011  0.282567  0.590942  0.437116  0.511457  0.433333  0.399659  0.242084  0.387865  0.249453  0.622339  0.173425  0.808857  0.139607  0.290423 0.0  0.326756  0.266233  0.181391  0.602065  0.193680  0.000000  0.476260  0.161408  0.304834  0.072689  0.563800  0.474141  0.431036  0.227040  0.224252  0.805270  0.396608  0.266587  0.406367  0.567234  0.471395  0.414720  0.453602  0.174099  0.328755  0.242887  0.182356  0.226590  0.057838  0.526386  0.357929  0.176406  0.320488  0.723644  0.307161  0.860845  0.529690  0.331227  0.329175  0.399035  0.402846  0.286140  0.414112  0.384888  0.479994  0.403419  0.284709  0.141444  0.818856  0.277771  0.171020  0.128077  0.312604  0.317974  0.411913  0.476156  0.708143  0.301206  0.428635  0.383047  0.352467  0.235599 
36  0.332300  0.221074  0.208232  0.323193  0.276694  0.137964  0.075726  0.344837  0.555465  0.095122  0.546924  0.122269  0.348012  0.772369  0.235688  0.111372  0.323374  0.621083  0.067188  0.224879  0.409583  0.386530  0.579805  0.166759  0.345973  0.228793  0.328070  0.342677  0.149273  0.282154  0.559590  0.370869  0.535226  0.294789  0.142742  0.326756 0.0  0.326273  0.266737  0.825649  0.268628  0.462698  0.839858  0.233021  0.294228  0.303255  0.311843  0.415396  0.465196  0.371384  0.266094  0.807557  0.465564  0.043979  0.341034  0.237709  0.281147  0.362986  0.511693  0.340085  0.136610  0.423928  0.177789  0.327897  0.515200  0.209051  0.296274  0.304440  0.466546  0.432901  0.332803  0.644699  0.290151  0.333276  0.263800  0.162270  0.409763  0.099554  0.109291  0.141336  0.565348  0.170679  0.242561  0.365484  0.888832  0.296825  0.373271  0.719865  0.381960  0.192544  0.410156  0.423249  0.746366  0.363125  0.071562  0.580646  0.000000  0.220298 
37  0.260598  0.175436  0.479797  0.260074  0.311572  0.208343  0.273440  0.329657  0.261082  0.374419  0.508355  0.249096  0.234245  0.652946  0.231468  0.279060  0.214183  0.455038  0.244413  0.300583  0.551181  0.219395  0.452006  0.291134  0.112503  0.205869  0.449336  0.211654  0.247478  0.193859  0.650897  0.338920  0.587802  0.332342  0.299221  0.266233  0.326273 0.0  0.195601  0.711299  0.312907  0.193113  0.609292  0.224180  0.366938  0.316594  0.558114  0.408894  0.431367  0.228724  0.226446  0.650915  0.323658  0.292636  0.328314  0.395602  0.297382  0.397946  0.439339  0.246947  0.432603  0.258662  0.163130  0.123167  0.177543  0.289618  0.207787  0.282755  0.150711  0.578142  0.263752  0.681822  0.551094  0.268086  0.292470  0.242582  0.535377  0.276850  0.241818  0.223646  0.546436  0.295933  0.279282  0.259144  0.671750  0.299836  0.312264  0.574669  0.201536  0.163944  0.227239  0.167056  0.628323  0.193823  0.188831  0.421603  0.184325  0.234948 
38  0.129306  0.165849  0.570234  0.134220  0.371765  0.372915  0.347240  0.449536  0.334401  0.387437  0.394115  0.361261  0.530160  0.545593  0.207657  0.354406  0.297151  0.525409  0.356043  0.265212  0.697782  0.258124  0.494687  0.329315  0.393057  0.415088  0.389119  0.228489  0.347200  0.189931  0.750680  0.209435  0.753907  0.197267  0.357973  0.181391  0.266737  0.195601 0.0  0.608114  0.152865  0.042627  0.524974  0.269354  0.375810  0.000000  0.525389  0.477098  0.449357  0.150601  0.304229  0.774072  0.397056  0.323731  0.459177  0.577487  0.468962  0.449364  0.430684  0.275205  0.327276  0.335343  0.178198  0.318089  0.008328  0.506708  0.253635  0.181616  0.292427  0.728936  0.296386  0.734810  0.439928  0.284475  0.125036  0.312048  0.424568  0.336547  0.300463  0.370261  0.518261  0.379851  0.231253  0.148618  0.720965  0.304237  0.185328  0.330266  0.403876  0.352027  0.412184  0.461216  0.659347  0.257305  0.374119  0.458020  0.358877  0.239046 
39  0.608624  0.594579  0.451418  0.549745  0.728234  0.722220  0.712294  0.756334  0.847386  0.857342  0.455218  0.809704  1.000000  0.554522  0.691333  0.768461  0.575666  0.672228  0.603551  0.638755  0.414470  0.638254  0.515569  0.802384  0.881566  0.802280  0.891782  0.535039  0.712231  0.625594  0.351638  0.602024  0.687240  0.618564  0.736309  0.602065  0.825649  0.711299  0.608114 0.0  0.573700  0.483359  0.417469  0.656560  0.748563  0.514233  0.623185  0.398863  0.405153  0.538244  0.641828  0.767156  0.753367  0.649107  0.868241  0.521162  0.912874  0.495003  0.394444  0.668312  0.747221  0.676502  0.664271  0.712592  0.631591  0.767542  0.596294  0.561506  0.760123  0.769111  0.641528  0.750917  0.449924  0.798653  0.712893  0.818886  0.578562  0.765883  0.827553  0.836269  0.501781  0.833682  0.665041  0.626872  0.755083  0.671271  0.683915  0.202882  0.750735  0.666222  0.797518  0.886650  0.719092  0.757547  0.789556  0.501504  0.777401  0.598871 
