98
0 0.0  0.172456  0.295175  0.234525  0.442727  0.236671  0.311830  0.225216  0.346451  0.686918  0.624771  0.311128  0.321424  0.388382  0.245459  0.405717  0.695188  0.355897  0.541356  0.116265  0.185593  0.483678  0.457272  0.291044  0.298046  0.411004  0.213893  0.313979  0.547080  0.258322  0.188207  0.276278  0.243190  0.162136  0.201104  0.233017  0.256375  0.638209  0.255404  0.504921  0.298512  0.168911  0.584596  0.234382  0.173114  0.646058  0.229671  0.216627  0.274273  0.384962  0.362754  0.174469  0.289129  0.284359  0.621279  0.359669  0.764921  0.224903  0.242597  0.312320  0.277740  0.260764  0.149074  0.177204  0.402002  0.230717  0.259434  0.262176  0.392682  0.263878  0.301440  0.290175  0.254574  0.193796  0.216492  0.680654  0.257010  0.184426  0.299891  0.257098  0.197108  0.289995  0.651410  0.182432  0.284843  0.360472  0.195574  0.502962  0.283835  0.358316  0.197300  0.657415  0.198038  0.296534  0.250117  0.287903  0.300216  0.570076 
1  0.172456 0.0  0.363581  0.406217  0.506949  0.311614  0.259877  0.326417  0.295257  0.714073  0.465422  0.276453  0.257923  0.470082  0.043392  0.357107  0.679234  0.425068  0.444148  0.047792  0.030525  0.563365  0.883705  0.269021  0.372203  0.529833  0.119050  0.017513  0.490588  0.251861  0.024482  0.477480  0.265316  0.332010  0.269812  0.287404  0.264787  0.809647  0.176425  0.238636  0.127144  0.325615  0.734656  0.183729  0.082461  0.762774  0.341999  0.469521  0.363581  0.000000  0.072245  0.302018  0.342934  0.373807  0.679219  0.328240  0.506074  0.279290  0.414038  0.368379  0.139347  0.257021  0.358736  0.076507  0.429586  0.175235  0.333874  0.370992  0.718249  0.061193  0.118991  0.019012  0.266710  0.238459  0.233449  0.505459  0.299595  0.354751  0.313276  0.230995  0.315825  0.156286  0.500040  0.327275  0.278381  0.265702  0.392419  0.435968  0.211529  0.072039  0.210147  0.384889  0.305117  0.291893  0.290679  0.395795  0.355610  0.717511 
2  0.295175  0.363581 0.0  0.344434  0.586063  0.115379  0.345865  0.313246  0.070017  0.713735  0.406340  0.327998  0.074952  0.484427  0.279540  0.324142  0.423709  0.396581  0.610260  0.530542  0.300919  0.555778  0.755962  0.363421  0.092647  0.535913  0.375175  0.316443  0.440129  0.296309  0.320297  0.261238  0.314569  0.371775  0.249566  0.282785  0.225241  0.463964  0.336098  0.462944  0.310731  0.401577  0.455299  0.354567  0.323635  0.506099  0.349231  0.268015  0.390919  0.515433  0.355462  0.279664  0.289531  0.124294  0.665099  0.322470  0.611102  0.094576  0.290953  0.000000  0.345869  0.368504  0.355223  0.382896  0.545767  0.386547  0.406247  0.401628  0.476922  0.365115  0.374040  0.380095  0.402427  0.432900  0.298836  0.715415  0.273266  0.087043  0.064378  0.282891  0.286705  0.311598  0.817783  0.135807  0.308421  0.375276  0.108459  0.376871  0.361243  0.535840  0.144426  0.713297  0.340075  0.386582  0.308097  0.291613  0.355459  0.553969 
3  0.234525  0.406217  0.344434 0.0  0.293318  0.446436  0.351503  0.177447  0.351679  0.567367  0.463128  0.236713  0.403768  0.500047  0.372565  0.175835  0.741901  0.436655  0.600370  0.291627  0.293744  0.457242  0.499217  0.202301  0.337746  0.449479  0.354554  0.290635  0.411172  0.137014  0.203681  0.216228  0.433093  0.182263  0.249467  0.136916  0.305156  0.715323  0.437741  0.479922  0.313487  0.271540  0.705118  0.277569  0.349798  0.791956  0.151543  0.013316  0.336387  0.270429  0.412341  0.286266  0.246310  0.385185  0.565208  0.110930  0.706906  0.327412  0.185636  0.332338  0.247431  0.181071  0.182577  0.275541  0.563181  0.402499  0.108958  0.181140  0.171865  0.360941  0.455811  0.333008  0.222782  0.171357  0.186224  0.769937  0.144297  0.446424  0.386319  0.262888  0.337614  0.448055  0.776259  0.484868  0.206723  0.291239  0.321948  0.411862  0.181623  0.412437  0.335296  0.665395  0.161838  0.239895  0.076898  0.022750  0.152707  0.761653 
4  0.442727  0.506949  0.586063  0.293318 0.0  0.697797  0.601709  0.354462  0.558886  0.420312  0.455595  0.392650  0.631110  0.541693  0.533734  0.437118  0.438196  0.503693  0.575867  0.536567  0.558062  0.343885  0.321471  0.302815  0.527382  0.424804  0.719975  0.510050  0.480376  0.514446  0.558185  0.480255  0.522035  0.409484  0.523022  0.411500  0.391660  0.598536  0.522450  0.545097  0.575724  0.337746  0.583461  0.502345  0.459272  0.527990  0.329886  0.403663  0.360734  0.468465  0.621229  0.462841  0.497870  0.586660  0.410805  0.299287  0.560648  0.557437  0.394763  0.453043  0.491384  0.371352  0.439197  0.533384  0.516862  0.552449  0.408009  0.438210  0.366090  0.608798  0.578780  0.572275  0.456929  0.382513  0.417239  0.639078  0.411556  0.691402  0.737946  0.481129  0.529352  0.490675  0.564730  0.534245  0.442050  0.578577  0.440295  0.468292  0.434262  0.500639  0.480413  0.531356  0.379031  0.471376  0.286796  0.189883  0.431308  0.567233 
5  0.236671  0.311614  0.115379  0.446436  0.697797 0.0  0.326974  0.124414  0.000000  0.909991  0.567292  0.570474  0.195278  0.512037  0.396844  0.458029  0.484773  0.438580  0.593488  0.412271  0.376130  0.622691  0.631791  0.469354  0.099784  0.681382  0.363017  0.327992  0.465799  0.486919  0.358861  0.406398  0.333816  0.420905  0.240796  0.530777  0.254030  0.488920  0.459559  0.476330  0.277429  0.374225  0.422563  0.336896  0.403986  0.550009  0.382483  0.339584  0.399705  0.291169  0.365296  0.280658  0.199326  0.073676  0.726999  0.446968  0.569003  0.153564  0.483288  0.033521  0.328983  0.508563  0.479145  0.279046  0.491109  0.347556  0.391370  0.435008  0.472722  0.510114  0.418965  0.336733  0.525600  0.517310  0.484968  0.773927  0.372330  0.160790  0.172357  0.251121  0.073152  0.418501  0.779565  0.100100  0.445586  0.433778  0.055405  0.492617  0.440032  0.362710  0.103958  0.734597  0.454667  0.490592  0.323989  0.271173  0.476133  0.508534 
6  0.311830  0.259877  0.345865  0.351503  0.601709  0.326974 0.0  0.274338  0.410395  0.702412  0.437438  0.341897  0.298314  0.414397  0.002615  0.275692  0.632617  0.421728  0.377645  0.069831  0.111882  0.372238  0.866829  0.362885  0.379148  0.438482  0.097417  0.125507  0.505261  0.312338  0.230330  0.256115  0.130359  0.278616  0.337619  0.326247  0.295914  0.820666  0.000752  0.328329  0.096484  0.363059  0.812622  0.210808  0.111471  0.728839  0.229931  0.359205  0.462334  0.065379  0.105825  0.248490  0.185454  0.400839  0.700084  0.353354  0.609282  0.316069  0.387658  0.222888  0.000000  0.331967  0.262212  0.095910  0.378908  0.113511  0.291914  0.369777  0.622318  0.128052  0.180124  0.138621  0.373664  0.292112  0.239175  0.469453  0.425669  0.346633  0.312905  0.245919  0.257694  0.063827  0.397607  0.410228  0.309091  0.114742  0.305416  0.487054  0.342811  0.021910  0.332625  0.414340  0.298081  0.401183  0.293275  0.325940  0.346826  0.813560 
7  0.225216  0.326417  0.313246  0.177447  0.354462  0.124414  0.274338 0.0  0.301462  0.643259  0.428978  0.258492  0.214841  0.402773  0.267140  0.348317  0.680520  0.461016  0.489378  0.217545  0.286430  0.494389  0.638933  0.179149  0.222161  0.456280  0.285087  0.331683  0.440538  0.332088  0.228633  0.237025  0.328502  0.332248  0.310161  0.207847  0.249082  0.704138  0.231107  0.473170  0.268263  0.240159  0.521588  0.242032  0.266020  0.650217  0.302149  0.230530  0.202995  0.283476  0.182493  0.284368  0.276838  0.231636  0.759956  0.273583  0.760983  0.208896  0.251945  0.310126  0.228670  0.317350  0.187935  0.275972  0.465697  0.292038  0.311455  0.255153  0.526169  0.132386  0.276111  0.149723  0.127404  0.245272  0.241989  0.630929  0.309918  0.268364  0.146620  0.296496  0.222454  0.313461  0.627679  0.231414  0.153348  0.116760  0.234181  0.546783  0.279916  0.290799  0.245006  0.728745  0.243286  0.293003  0.241469  0.329593  0.207955  0.576540 
8  0.346451  0.295257  0.070017  0.351679  0.558886  0.000000  0.410395  0.301462 0.0  0.694960  0.477409  0.330377  0.067410  0.525225  0.394556  0.299970  0.531481  0.442513  0.576758  0.312036  0.495756  0.507629  0.648764  0.338983  0.221300  0.550432  0.463664  0.330697  0.364694  0.398671  0.266979  0.323210  0.399650  0.305523  0.261509  0.286671  0.231107  0.449108  0.403677  0.650805  0.439865  0.255685  0.519397  0.255358  0.499250  0.622753  0.345297  0.254072  0.291982  0.359086  0.463542  0.212790  0.352262  0.171674  0.829756  0.314643  0.801425  0.144388  0.378860  0.223219  0.413783  0.331565  0.343705  0.458676  0.558423  0.298897  0.412202  0.330854  0.541557  0.321572  0.404548  0.490850  0.389655  0.379056  0.405868  0.763788  0.306432  0.072373  0.030455  0.349324  0.004429  0.408371  0.845927  0.186509  0.144962  0.334984  0.212353  0.437175  0.294095  0.393668  0.255648  0.801118  0.318468  0.385454  0.505900  0.262542  0.345091  0.509319 
9  0.686918  0.714073  0.713735  0.567367  0.420312  0.909991  0.702412  0.643259  0.694960 0.0  0.417757  0.641813  0.906710  0.558793  0.849185  0.649593  0.760855  0.408093  0.663123  0.715648  0.705141  0.377403  0.080587  0.580603  0.759731  0.367263  0.808617  0.735574  0.513688  0.599075  0.824497  0.609166  0.782855  0.554885  0.691758  0.516509  0.562171  0.776373  0.731516  0.477899  0.788042  0.615767  0.313707  0.632830  0.766507  0.654644  0.624960  0.535013  0.442293  0.665263  0.740465  0.639878  0.644951  0.739468  0.667716  0.618019  0.688636  0.817074  0.535596  0.779125  0.699113  0.560843  0.541123  0.758937  0.532527  0.843079  0.622663  0.609423  0.206155  0.839327  0.731194  0.668528  0.675175  0.529885  0.655661  0.404304  0.534887  0.815825  0.910481  0.620585  0.790785  0.771068  0.361784  0.784645  0.561763  0.743762  0.748720  0.381903  0.597013  0.798123  0.749541  0.227595  0.655198  0.479978  0.476739  0.409466  0.594939  0.736235 
10  0.624771  0.465422  0.406340  0.463128  0.455595  0.567292  0.437438  0.428978  0.477409  0.417757 0.0  0.402182  0.430852  0.423657  0.479700  0.515222  0.418154  0.513227  0.441981  0.498489  0.521590  0.359349  0.456186  0.507993  0.473225  0.548638  0.437319  0.411566  0.490297  0.476466  0.447291  0.509501  0.453279  0.483636  0.424548  0.481544  0.412883  0.470343  0.442093  0.467246  0.394242  0.496223  0.453411  0.540716  0.474571  0.412838  0.494534  0.411029  0.513505  0.563044  0.398110  0.454481  0.465977  0.426291  0.413596  0.463842  0.461683  0.523589  0.462389  0.464972  0.403888  0.503676  0.433535  0.523241  0.382947  0.478622  0.561865  0.457672  0.483639  0.555004  0.504801  0.492114  0.438271  0.546685  0.551570  0.481868  0.510834  0.445330  0.405545  0.491426  0.514642  0.476174  0.399940  0.470451  0.548191  0.435698  0.478820  0.469442  0.394254  0.405472  0.473240  0.486508  0.478867  0.467326  0.555065  0.429579  0.428628  0.502902 
11  0.311128  0.276453  0.327998  0.236713  0.392650  0.570474  0.341897  0.258492  0.330377  0.641813  0.402182 0.0  0.469684  0.544034  0.334484  0.224382  0.713427  0.584506  0.561919  0.348318  0.281408  0.241253  0.358993  0.238755  0.269409  0.389043  0.375842  0.351763  0.364922  0.199882  0.279087  0.201102  0.380316  0.181849  0.223107  0.196904  0.271248  0.797365  0.311780  0.547075  0.448065  0.169184  0.881874  0.333831  0.280670  0.612111  0.296768  0.035906  0.179049  0.271318  0.380163  0.216242  0.214559  0.397547  0.725214  0.258236  0.756476  0.338001  0.123861  0.328873  0.302163  0.190572  0.143301  0.394398  0.561363  0.266070  0.195667  0.239312  0.219948  0.436512  0.404976  0.401084  0.225902  0.169281  0.270037  0.714078  0.195504  0.490370  0.401962  0.345619  0.333059  0.297264  0.754901  0.384947  0.238419  0.380621  0.298117  0.371452  0.129697  0.349026  0.366109  0.629821  0.170578  0.153186  0.072661  0.056824  0.310156  0.832237 
12  0.321424  0.257923  0.074952  0.403768  0.631110  0.195278  0.298314  0.214841  0.067410  0.906710  0.430852  0.469684 0.0  0.612788  0.282022  0.398667  0.502435  0.448868  0.649996  0.333779  0.427429  0.704684  0.689062  0.410269  0.136296  0.652222  0.383606  0.377244  0.414936  0.362724  0.376787  0.478773  0.365782  0.410827  0.339563  0.416082  0.189030  0.500539  0.302543  0.467188  0.367953  0.411770  0.616073  0.310831  0.283230  0.494410  0.422875  0.299245  0.378050  0.374222  0.402302  0.286789  0.199733  0.136568  0.887191  0.465330  0.695527  0.140592  0.469677  0.061924  0.268954  0.370274  0.450304  0.362285  0.545687  0.366536  0.568803  0.344134  0.543053  0.435821  0.426977  0.301476  0.432375  0.375238  0.502052  0.771556  0.559920  0.241047  0.168676  0.264992  0.062804  0.310701  0.763399  0.136179  0.531521  0.294737  0.060785  0.489189  0.457059  0.352472  0.051177  0.788680  0.461542  0.398280  0.366865  0.312568  0.424390  0.682829 
13  0.388382  0.470082  0.484427  0.500047  0.541693  0.512037  0.414397  0.402773  0.525225  0.558793  0.423657  0.544034  0.612788 0.0  0.306050  0.616053  0.660982  0.496376  0.433638  0.245418  0.240516  0.606618  0.636215  0.609037  0.534031  0.482658  0.366722  0.309155  0.420383  0.453177  0.392294  0.491985  0.431274  0.563627  0.446307  0.574763  0.504863  0.721175  0.334011  0.366996  0.327570  0.453533  0.456854  0.326131  0.366548  0.617673  0.541880  0.634191  0.531258  0.255136  0.269585  0.365949  0.429533  0.581664  0.509901  0.417427  0.215084  0.585340  0.410969  0.483583  0.249912  0.530171  0.525630  0.238165  0.327369  0.442794  0.520784  0.510642  0.751034  0.272428  0.424172  0.294047  0.544630  0.598985  0.646471  0.414167  0.661935  0.468081  0.468591  0.456732  0.357938  0.314411  0.276010  0.669999  0.526530  0.320543  0.515691  0.474980  0.512555  0.256064  0.501114  0.329867  0.430254  0.569047  0.517607  0.568549  0.482806  0.661634 
14  0.245459  0.043392  0.279540  0.372565  0.533734  0.396844  0.002615  0.267140  0.394556  0.849185  0.479700  0.334484  0.282022  0.306050 0.0  0.270395  0.720073  0.457452  0.363413  0.063566  0.173770  0.591321  0.802570  0.445900  0.413178  0.511787  0.088432  0.054593  0.474882  0.252295  0.055408  0.287421  0.162155  0.328976  0.209722  0.272679  0.356493  0.703074  0.188377  0.347191  0.221701  0.353806  0.818256  0.000000  0.216655  0.858615  0.437605  0.294973  0.363089  0.056844  0.169776  0.350159  0.327483  0.468107  0.751292  0.346817  0.550756  0.468788  0.332080  0.520257  0.143004  0.250525  0.397199  0.242928  0.214213  0.059506  0.324240  0.355040  0.559698  0.110686  0.046723  0.216929  0.402721  0.332589  0.293444  0.362953  0.307537  0.406901  0.343843  0.279994  0.299628  0.186300  0.574070  0.428773  0.336411  0.079772  0.469400  0.516577  0.268769  0.000000  0.474776  0.514864  0.288891  0.328376  0.473171  0.249410  0.385591  0.821085 
15  0.405717  0.357107  0.324142  0.175835  0.437118  0.458029  0.275692  0.348317  0.299970  0.649593  0.515222  0.224382  0.398667  0.616053  0.270395 0.0  0.653630  0.375420  0.577958  0.369471  0.317027  0.367707  0.544303  0.139913  0.369150  0.321671  0.464528  0.363115  0.453147  0.181848  0.361227  0.157314  0.410403  0.117272  0.266492  0.246951  0.277928  0.721752  0.162198  0.447909  0.323814  0.289379  0.799743  0.291164  0.318958  0.798896  0.177199  0.060641  0.300466  0.293825  0.368527  0.287889  0.316863  0.364211  0.643109  0.239416  0.734720  0.343687  0.254299  0.369124  0.323198  0.020381  0.248462  0.344482  0.422017  0.379653  0.235130  0.219062  0.281580  0.463907  0.347743  0.325391  0.099805  0.090221  0.185788  0.799316  0.294303  0.562076  0.509833  0.387393  0.282665  0.284722  0.729652  0.328917  0.267792  0.373123  0.373369  0.493827  0.131140  0.256258  0.375706  0.697038  0.147845  0.179740  0.032969  0.078151  0.146796  0.828383 
16  0.695188  0.679234  0.423709  0.741901  0.438196  0.484773  0.632617  0.680520  0.531481  0.760855  0.418154  0.713427  0.502435  0.660982  0.720073  0.653630 0.0  0.427267  0.660465  0.704977  0.655413  0.540380  0.765296  0.658410  0.361077  0.572037  0.720298  0.744612  0.371745  0.750511  0.705562  0.696810  0.659293  0.787346  0.640055  0.734238  0.743295  0.000000  0.715965  0.648463  0.754214  0.750942  0.643479  0.759723  0.691909  0.058157  0.699740  0.697250  0.672861  0.744387  0.723806  0.669667  0.758549  0.595091  0.342408  0.713663  0.384593  0.477449  0.756878  0.478308  0.698204  0.792427  0.648246  0.758325  0.471897  0.721469  0.815526  0.794842  0.491155  0.924933  0.781423  0.686344  0.665287  0.696640  0.783236  0.667579  0.810071  0.486389  0.460581  0.630497  0.540204  0.798599  0.740869  0.519170  0.656327  0.765054  0.519696  0.522888  0.679071  0.670146  0.456152  0.660961  0.777675  0.669547  0.751135  0.870607  0.641591  0.064125 
17  0.355897  0.425068  0.396581  0.436655  0.503693  0.438580  0.421728  0.461016  0.442513  0.408093  0.513227  0.584506  0.448868  0.496376  0.457452  0.375420  0.427267 0.0  0.430710  0.522314  0.347188  0.433839  0.506289  0.493275  0.429104  0.459287  0.562066  0.495639  0.510318  0.461496  0.457399  0.478322  0.458464  0.565654  0.449498  0.420444  0.508662  0.455277  0.496382  0.534804  0.462033  0.365859  0.493652  0.460077  0.487268  0.435741  0.444734  0.436457  0.451755  0.451564  0.563363  0.443825  0.544095  0.485744  0.385887  0.552173  0.404766  0.453928  0.392634  0.459646  0.416816  0.392732  0.481786  0.507259  0.512811  0.488418  0.507303  0.457676  0.504753  0.469946  0.523367  0.437851  0.414723  0.403562  0.498337  0.318323  0.526791  0.401449  0.394621  0.517467  0.540320  0.349914  0.520570  0.458189  0.477970  0.568343  0.488714  0.487349  0.404187  0.445530  0.591581  0.466781  0.404422  0.449881  0.526594  0.426621  0.460378  0.451634 
18  0.541356  0.444148  0.610260  0.600370  0.575867  0.593488  0.377645  0.489378  0.576758  0.663123  0.441981  0.561919  0.649996  0.433638  0.363413  0.577958  0.660465  0.430710 0.0  0.309143  0.345909  0.561612  0.567705  0.585781  0.524972  0.540132  0.344940  0.444630  0.463614  0.578367  0.336311  0.616434  0.319227  0.542080  0.485453  0.543970  0.456051  0.549616  0.474050  0.398799  0.290552  0.542096  0.637309  0.357454  0.390223  0.619725  0.508128  0.603584  0.508649  0.406052  0.295197  0.419112  0.387285  0.581260  0.618517  0.656486  0.293826  0.544607  0.568084  0.676399  0.428013  0.538076  0.600787  0.371068  0.401115  0.450512  0.609832  0.580573  0.711756  0.285366  0.200141  0.340970  0.562438  0.524397  0.559796  0.304975  0.561054  0.556293  0.625654  0.483839  0.564597  0.364841  0.368723  0.625721  0.635075  0.344661  0.581668  0.424343  0.622097  0.395119  0.667120  0.235425  0.645894  0.608632  0.504286  0.700921  0.482576  0.597507 
19  0.116265  0.047792  0.530542  0.291627  0.536567  0.412271  0.069831  0.217545  0.312036  0.715648  0.498489  0.348318  0.333779  0.245418  0.063566  0.369471  0.704977  0.522314  0.309143 0.0  0.108593  0.487042  0.688160  0.353633  0.371492  0.551764  0.152846  0.000000  0.520777  0.293093  0.011254  0.311126  0.024608  0.324355  0.291475  0.328039  0.181752  0.787774  0.000000  0.267260  0.063391  0.339995  0.741032  0.074425  0.044961  0.815292  0.394582  0.257451  0.315003  0.234784  0.000000  0.229163  0.180322  0.397017  0.801480  0.204136  0.404482  0.295969  0.318962  0.369126  0.079663  0.316592  0.336025  0.067685  0.248032  0.102931  0.255069  0.292964  0.543262  0.113521  0.143276  0.143074  0.380145  0.323200  0.332410  0.582119  0.517523  0.314928  0.331113  0.275898  0.423608  0.043507  0.457849  0.458149  0.280401  0.006789  0.241689  0.535965  0.253283  0.148153  0.382437  0.317253  0.375606  0.389259  0.412434  0.255917  0.305220  0.708548 
20  0.185593  0.030525  0.300919  0.293744  0.558062  0.376130  0.111882  0.286430  0.495756  0.705141  0.521590  0.281408  0.427429  0.240516  0.173770  0.317027  0.655413  0.347188  0.345909  0.108593 0.0  0.582568  0.836560  0.247905  0.479446  0.630140  0.166093  0.076196  0.536505  0.306651  0.143797  0.321891  0.148822  0.310909  0.364688  0.346837  0.240080  0.640526  0.140298  0.488577  0.161542  0.263768  0.681123  0.017585  0.202141  0.833720  0.284495  0.392030  0.301952  0.026611  0.200147  0.244767  0.254185  0.322324  0.673433  0.307032  0.583692  0.474245  0.341361  0.346679  0.109835  0.361178  0.445870  0.286608  0.278279  0.108694  0.423303  0.342073  0.650163  0.178609  0.069564  0.199153  0.374722  0.367486  0.359730  0.447021  0.306675  0.396733  0.238910  0.326763  0.418089  0.286533  0.726596  0.398885  0.400691  0.036429  0.433266  0.443498  0.448598  0.000000  0.494115  0.604594  0.390175  0.214589  0.515977  0.281949  0.297816  0.741081 
21  0.483678  0.563365  0.555778  0.457242  0.343885  0.622691  0.372238  0.494389  0.507629  0.377403  0.359349  0.241253  0.704684  0.606618  0.591321  0.367707  0.540380  0.433839  0.561612  0.487042  0.582568 0.0  0.245001  0.316706  0.597817  0.315206  0.564663  0.544785  0.419198  0.384002  0.509594  0.303628  0.566332  0.489721  0.406998  0.440615  0.505492  0.474239  0.548566  0.488882  0.539057  0.422140  0.558319  0.553030  0.585594  0.537333  0.461126  0.271062  0.413857  0.584803  0.422424  0.555463  0.448927  0.621595  0.374956  0.421495  0.455934  0.569926  0.293067  0.477794  0.503616  0.437324  0.404807  0.525240  0.549010  0.548142  0.335125  0.351609  0.353932  0.524912  0.654896  0.545582  0.398104  0.324606  0.340141  0.577255  0.392096  0.582430  0.530964  0.402792  0.486144  0.483952  0.412622  0.595967  0.335391  0.592585  0.543491  0.440853  0.362830  0.463022  0.488291  0.489179  0.429520  0.437817  0.233046  0.301519  0.455630  0.545200 
22  0.457272  0.883705  0.755962  0.499217  0.321471  0.631791  0.866829  0.638933  0.648764  0.080587  0.456186  0.358993  0.689062  0.636215  0.802570  0.544303  0.765296  0.506289  0.567705  0.688160  0.836560  0.245001 0.0  0.469506  0.783944  0.160159  0.810024  0.665883  0.441925  0.481291  0.910313  0.433480  0.829480  0.416401  0.652461  0.492828  0.597436  0.917966  0.742932  0.590515  0.687358  0.455366  0.388447  0.824341  0.831695  0.750067  0.394471  0.599524  0.509069  0.755573  0.749180  0.641808  0.667429  0.685278  0.429817  0.417285  0.711399  0.649647  0.478095  0.731885  0.725483  0.565033  0.458623  0.609115  0.666902  0.907346  0.445532  0.468386  0.363667  0.810079  0.881858  0.766868  0.444953  0.469085  0.449065  0.389201  0.438694  0.750322  0.745442  0.648939  0.779764  0.752331  0.328362  0.756619  0.368503  0.862819  0.829436  0.586460  0.510690  0.741928  0.791958  0.360378  0.507092  0.631766  0.459644  0.431754  0.524458  0.636064 
23  0.291044  0.269021  0.363421  0.202301  0.302815  0.469354  0.362885  0.179149  0.338983  0.580603  0.507993  0.238755  0.410269  0.609037  0.445900  0.139913  0.658410  0.493275  0.585781  0.353633  0.247905  0.316706  0.469506 0.0  0.232805  0.415920  0.449260  0.308140  0.472827  0.212130  0.372468  0.201824  0.294324  0.166132  0.286113  0.186282  0.314582  0.740672  0.328967  0.484984  0.350513  0.151265  0.734358  0.359641  0.418907  0.717972  0.282401  0.052187  0.192428  0.325782  0.367708  0.252027  0.243541  0.346152  0.529831  0.114368  0.754081  0.270620  0.104640  0.334208  0.336997  0.096032  0.218230  0.296604  0.604431  0.254057  0.102000  0.293977  0.229053  0.347874  0.401255  0.321051  0.213336  0.204317  0.245451  0.935108  0.268703  0.546517  0.521227  0.240948  0.310576  0.280511  0.767479  0.423926  0.193699  0.307360  0.387727  0.529291  0.175714  0.312875  0.471766  0.795738  0.155027  0.161255  0.148446  0.067614  0.184947  0.772190 
24  0.298046  0.372203  0.092647  0.337746  0.527382  0.099784  0.379148  0.222161  0.221300  0.759731  0.473225  0.269409  0.136296  0.534031  0.413178  0.369150  0.361077  0.429104  0.524972  0.371492  0.479446  0.597817  0.783944  0.232805 0.0  0.465873  0.345811  0.327238  0.429183  0.368841  0.331173  0.320595  0.277804  0.294146  0.250840  0.235656  0.211073  0.444157  0.440926  0.541945  0.388373  0.401907  0.653601  0.374591  0.481025  0.696680  0.264418  0.295309  0.265071  0.377864  0.497745  0.189646  0.247194  0.068526  0.759482  0.371516  0.873727  0.118365  0.249619  0.241240  0.527043  0.445140  0.295298  0.520801  0.591040  0.350020  0.369296  0.370573  0.565392  0.355439  0.326953  0.487247  0.407057  0.244280  0.271616  0.829905  0.324844  0.099229  0.137669  0.302791  0.086272  0.555650  0.810121  0.253695  0.361987  0.360470  0.141738  0.454790  0.268666  0.335263  0.211003  0.845034  0.350451  0.278880  0.312328  0.319760  0.286601  0.474835 
25  0.411004  0.529833  0.535913  0.449479  0.424804  0.681382  0.438482  0.456280  0.550432  0.367263  0.548638  0.389043  0.652222  0.482658  0.511787  0.321671  0.572037  0.459287  0.540132  0.551764  0.630140  0.315206  0.160159  0.415920  0.465873 0.0  0.561716  0.515989  0.473103  0.436753  0.530793  0.423841  0.576591  0.394286  0.404189  0.465269  0.470280  0.542856  0.555002  0.536406  0.549320  0.432977  0.542203  0.542572  0.487401  0.447669  0.419579  0.388473  0.323845  0.530691  0.543646  0.439633  0.519313  0.562690  0.388874  0.511329  0.549603  0.563064  0.359270  0.545164  0.476241  0.289897  0.413570  0.578171  0.469402  0.578274  0.417641  0.360270  0.201443  0.609147  0.588373  0.518227  0.512280  0.281195  0.407067  0.536745  0.469909  0.685826  0.655240  0.411587  0.482764  0.579050  0.555718  0.561939  0.381980  0.564745  0.474179  0.444612  0.395642  0.388969  0.598469  0.517980  0.282369  0.443338  0.211921  0.292685  0.426203  0.466184 
26  0.213893  0.119050  0.375175  0.354554  0.719975  0.363017  0.097417  0.285087  0.463664  0.808617  0.437319  0.375842  0.383606  0.366722  0.088432  0.464528  0.720298  0.562066  0.344940  0.152846  0.166093  0.564663  0.810024  0.449260  0.345811  0.561716 0.0  0.063206  0.452015  0.323254  0.100183  0.446912  0.076760  0.459389  0.334445  0.450042  0.231411  0.732232  0.066689  0.269233  0.121935  0.378512  0.799689  0.050431  0.074910  0.836933  0.444117  0.380634  0.415585  0.150251  0.100342  0.284541  0.353327  0.415700  0.850921  0.475359  0.625928  0.469884  0.483648  0.415234  0.127365  0.285079  0.308348  0.173137  0.366675  0.104675  0.470491  0.401247  0.577193  0.125115  0.100687  0.138581  0.447946  0.379481  0.353975  0.459093  0.440498  0.325164  0.454720  0.257112  0.422624  0.116720  0.530617  0.430937  0.539479  0.183873  0.352915  0.371869  0.267593  0.067513  0.361432  0.502523  0.373888  0.447274  0.372622  0.405205  0.300919  0.737151 
27  0.313979  0.017513  0.316443  0.290635  0.510050  0.327992  0.125507  0.331683  0.330697  0.735574  0.411566  0.351763  0.377244  0.309155  0.054593  0.363115  0.744612  0.495639  0.444630  0.000000  0.076196  0.544785  0.665883  0.308140  0.327238  0.515989  0.063206 0.0  0.494534  0.395230  0.074322  0.376207  0.000000  0.379610  0.339538  0.339843  0.230605  0.818943  0.015318  0.264850  0.093696  0.290004  0.741508  0.078276  0.086259  0.740368  0.401771  0.248863  0.226940  0.075270  0.112567  0.316562  0.233567  0.484959  0.747351  0.238098  0.456494  0.278747  0.437516  0.318793  0.117545  0.303262  0.320400  0.065893  0.249693  0.157413  0.285414  0.319761  0.401905  0.049806  0.151980  0.036049  0.283821  0.265837  0.349151  0.426984  0.399789  0.339709  0.223595  0.289391  0.237098  0.103027  0.453591  0.360335  0.336843  0.161260  0.299587  0.508864  0.294168  0.160384  0.313957  0.421187  0.278253  0.310156  0.274033  0.370945  0.262323  0.767966 
28  0.547080  0.490588  0.440129  0.411172  0.480376  0.465799  0.505261  0.440538  0.364694  0.513688  0.490297  0.364922  0.414936  0.420383  0.474882  0.453147  0.371745  0.510318  0.463614  0.520777  0.536505  0.419198  0.441925  0.472827  0.429183  0.473103  0.452015  0.494534 0.0  0.455115  0.369485  0.436963  0.438327  0.436530  0.562077  0.358597  0.502349  0.365076  0.376298  0.505015  0.485775  0.501458  0.475560  0.495105  0.489721  0.432099  0.595543  0.397447  0.454069  0.361913  0.422844  0.468253  0.419499  0.448873  0.406469  0.558331  0.458390  0.532247  0.442124  0.405440  0.493149  0.389137  0.478254  0.471954  0.394188  0.457611  0.516753  0.461163  0.552953  0.424440  0.472076  0.378101  0.508109  0.396071  0.389548  0.464193  0.522401  0.472127  0.441445  0.380586  0.420870  0.441737  0.414867  0.581632  0.532765  0.372292  0.569231  0.480154  0.608191  0.541983  0.440172  0.494817  0.507716  0.486926  0.393044  0.386023  0.583683  0.443007 
29  0.258322  0.251861  0.296309  0.137014  0.514446  0.486919  0.312338  0.332088  0.398671  0.599075  0.476466  0.199882  0.362724  0.453177  0.252295  0.181848  0.750511  0.461496  0.578367  0.293093  0.306651  0.384002  0.481291  0.212130  0.368841  0.436753  0.323254  0.395230  0.455115 0.0  0.365218  0.178282  0.296451  0.226867  0.298547  0.090692  0.292031  0.704834  0.440014  0.480262  0.306898  0.186475  0.820582  0.297564  0.328151  0.718673  0.150926  0.078037  0.228676  0.381985  0.311390  0.187778  0.206499  0.401860  0.651830  0.258900  0.714070  0.370118  0.151247  0.265480  0.287850  0.244307  0.163371  0.220523  0.513521  0.378255  0.170234  0.211772  0.310240  0.391960  0.432279  0.273331  0.322907  0.336624  0.181633  0.758893  0.173361  0.458326  0.540428  0.325704  0.377943  0.335998  0.738046  0.362270  0.148715  0.390387  0.273673  0.498295  0.219852  0.244024  0.313530  0.749047  0.239582  0.277100  0.071168  0.168151  0.175042  0.775803 
30  0.188207  0.024482  0.320297  0.203681  0.558185  0.358861  0.230330  0.228633  0.266979  0.824497  0.447291  0.279087  0.376787  0.392294  0.055408  0.361227  0.705562  0.457399  0.336311  0.011254  0.143797  0.509594  0.910313  0.372468  0.331173  0.530793  0.100183  0.074322  0.369485  0.365218 0.0  0.324497  0.251392  0.237027  0.277113  0.350451  0.288466  0.767616  0.085573  0.339174  0.168935  0.333791  0.825808  0.206870  0.103780  0.777356  0.305747  0.394128  0.281465  0.074064  0.095252  0.231221  0.193528  0.476455  0.765179  0.356547  0.451400  0.540869  0.351501  0.330387  0.067126  0.369192  0.363633  0.000000  0.477893  0.214516  0.304215  0.306209  0.735515  0.135397  0.109330  0.063499  0.239358  0.327929  0.275323  0.517773  0.334607  0.368753  0.220213  0.312272  0.312040  0.007064  0.576892  0.313217  0.354105  0.202601  0.355331  0.421456  0.369518  0.135707  0.209199  0.458136  0.297874  0.297281  0.328395  0.331938  0.443195  0.699495 
31  0.276278  0.477480  0.261238  0.216228  0.480255  0.406398  0.256115  0.237025  0.323210  0.609166  0.509501  0.201102  0.478773  0.491985  0.287421  0.157314  0.696810  0.478322  0.616434  0.311126  0.321891  0.303628  0.433480  0.201824  0.320595  0.423841  0.446912  0.376207  0.436963  0.178282  0.324497 0.0  0.302710  0.281330  0.244004  0.163145  0.219885  0.775938  0.418026  0.581440  0.421150  0.300819  0.762431  0.241697  0.408259  0.579036  0.263655  0.022679  0.158904  0.371319  0.263216  0.287135  0.243114  0.385515  0.631406  0.127861  0.691838  0.250381  0.249547  0.244633  0.245144  0.190058  0.228678  0.275900  0.544495  0.275483  0.152102  0.114921  0.321526  0.345647  0.408948  0.364412  0.198372  0.245993  0.127698  0.792643  0.108840  0.496957  0.484897  0.226553  0.410519  0.253619  0.797958  0.304603  0.113070  0.320529  0.299809  0.345240  0.222366  0.307291  0.324666  0.664216  0.275765  0.241789  0.074367  0.142091  0.189452  0.802409 
32  0.243190  0.265316  0.314569  0.433093  0.522035  0.333816  0.130359  0.328502  0.399650  0.782855  0.453279  0.380316  0.365782  0.431274  0.162155  0.410403  0.659293  0.458464  0.319227  0.024608  0.148822  0.566332  0.829480  0.294324  0.277804  0.576591  0.076760  0.000000  0.438327  0.296451  0.251392  0.302710 0.0  0.335485  0.278313  0.274620  0.321622  0.694729  0.065833  0.239603  0.091609  0.292218  0.818557  0.191934  0.081369  0.751776  0.344581  0.485536  0.250760  0.103241  0.153581  0.323682  0.159999  0.388489  0.725524  0.295748  0.513354  0.306952  0.295425  0.284182  0.232682  0.342153  0.277119  0.049718  0.321717  0.092015  0.376469  0.383050  0.704696  0.094820  0.226654  0.050385  0.293001  0.298998  0.243050  0.643007  0.356959  0.276654  0.418702  0.248079  0.240563  0.107332  0.490299  0.396449  0.328958  0.170478  0.273935  0.486593  0.257715  0.051164  0.293609  0.464896  0.301451  0.288810  0.343861  0.248841  0.279243  0.785699 
33  0.162136  0.332010  0.371775  0.182263  0.409484  0.420905  0.278616  0.332248  0.305523  0.554885  0.483636  0.181849  0.410827  0.563627  0.328976  0.117272  0.787346  0.565654  0.542080  0.324355  0.310909  0.489721  0.416401  0.166132  0.294146  0.394286  0.459389  0.379610  0.436530  0.226867  0.237027  0.281330  0.335485 0.0  0.234615  0.150248  0.176886  0.754531  0.289307  0.486093  0.446558  0.119843  0.821438  0.282985  0.265268  0.695488  0.170604  0.074200  0.203694  0.308488  0.279906  0.253067  0.214291  0.548331  0.588565  0.261876  0.705664  0.397834  0.126866  0.358411  0.314755  0.131592  0.313368  0.314692  0.515045  0.295214  0.232513  0.223084  0.255231  0.375728  0.421443  0.398908  0.188612  0.193052  0.121859  0.861527  0.228244  0.390116  0.399311  0.249598  0.369658  0.270573  0.711679  0.415144  0.262119  0.363703  0.298636  0.479290  0.149713  0.310047  0.297989  0.747808  0.167200  0.212357  0.087721  0.062996  0.209469  0.752972 
34  0.201104  0.269812  0.249566  0.249467  0.523022  0.240796  0.337619  0.310161  0.261509  0.691758  0.424548  0.223107  0.339563  0.446307  0.209722  0.266492  0.640055  0.449498  0.485453  0.291475  0.364688  0.406998  0.652461  0.286113  0.250840  0.404189  0.334445  0.339538  0.562077  0.298547  0.277113  0.244004  0.278313  0.234615 0.0  0.266669  0.249487  0.522188  0.278925  0.542539  0.275908  0.303287  0.611113  0.232719  0.175793  0.699990  0.295794  0.280867  0.195217  0.181215  0.235705  0.272338  0.352905  0.227918  0.617666  0.268597  0.601726  0.220929  0.280019  0.256494  0.235685  0.252608  0.333563  0.281439  0.426087  0.177511  0.380816  0.302892  0.380897  0.224052  0.324237  0.210760  0.227033  0.332750  0.261156  0.689567  0.261898  0.363603  0.093871  0.243444  0.335638  0.381023  0.684990  0.267288  0.274279  0.274911  0.265548  0.463954  0.283296  0.232888  0.300339  0.729815  0.337486  0.165259  0.368775  0.264474  0.285678  0.670011 
35  0.233017  0.287404  0.282785  0.136916  0.411500  0.530777  0.326247  0.207847  0.286671  0.516509  0.481544  0.196904  0.416082  0.574763  0.272679  0.246951  0.734238  0.420444  0.543970  0.328039  0.346837  0.440615  0.492828  0.186282  0.235656  0.465269  0.450042  0.339843  0.358597  0.090692  0.350451  0.163145  0.274620  0.150248  0.266669 0.0  0.255239  0.669785  0.352762  0.574803  0.367936  0.245198  0.872037  0.212823  0.448796  0.804728  0.192918  0.075269  0.169677  0.351785  0.267846  0.226932  0.255595  0.438787  0.749813  0.262026  0.697598  0.259495  0.290324  0.346320  0.313257  0.166018  0.108769  0.395436  0.513196  0.345922  0.203638  0.179544  0.271856  0.491970  0.446618  0.344527  0.033379  0.175682  0.138619  0.828958  0.135238  0.427432  0.490366  0.218253  0.329023  0.387912  0.748162  0.356541  0.169716  0.263096  0.381269  0.536069  0.204958  0.383869  0.147354  0.735895  0.185544  0.278361  0.195659  0.100363  0.323886  0.781255 
36  0.256375  0.264787  0.225241  0.305156  0.391660  0.254030  0.295914  0.249082  0.231107  0.562171  0.412883  0.271248  0.189030  0.504863  0.356493  0.277928  0.743295  0.508662  0.456051  0.181752  0.240080  0.505492  0.597436  0.314582  0.211073  0.470280  0.231411  0.230605  0.502349  0.292031  0.288466  0.219885  0.321622  0.176886  0.249487  0.255239 0.0  0.662645  0.356462  0.453812  0.207326  0.236689  0.554568  0.242136  0.262332  0.645635  0.270728  0.191101  0.368249  0.182439  0.280087  0.245870  0.219272  0.301732  0.613678  0.246960  0.551763  0.216844  0.291174  0.171440  0.252742  0.229848  0.249332  0.330687  0.408081  0.255541  0.261925  0.151423  0.430312  0.271024  0.312935  0.334631  0.141825  0.197557  0.262988  0.619740  0.224713  0.284217  0.217184  0.178472  0.319828  0.292143  0.661836  0.212924  0.345787  0.367785  0.245871  0.470795  0.145310  0.267930  0.335588  0.732170  0.344943  0.341928  0.334292  0.279682  0.262176  0.742982 
37  0.638209  0.809647  0.463964  0.715323  0.598536  0.488920  0.820666  0.704138  0.449108  0.776373  0.470343  0.797365  0.500539  0.721175  0.703074  0.721752  0.000000  0.455277  0.549616  0.787774  0.640526  0.474239  0.917966  0.740672  0.444157  0.542856  0.732232  0.818943  0.365076  0.704834  0.767616  0.775938  0.694729  0.754531  0.522188  0.669785  0.662645 0.0  0.708144  0.443284  0.823905  0.730182  0.565437  0.846440  0.780464  0.066972  0.750386  0.819970  0.660015  0.840807  0.638954  0.461037  0.577707  0.505634  0.314639  0.732567  0.336769  0.426040  0.815626  0.496683  0.754001  0.767187  0.724817  0.662740  0.677677  0.815081  0.767635  0.763787  0.588574  0.804881  0.735229  0.735261  0.730717  0.642656  0.653248  0.812825  0.780003  0.456691  0.455596  0.672831  0.406518  0.728686  0.732914  0.571828  0.662002  0.785067  0.473333  0.436059  0.772630  0.660335  0.519804  0.669823  0.693964  0.622491  0.687821  0.749855  0.697297  0.126520 
38  0.255404  0.176425  0.336098  0.437741  0.522450  0.459559  0.000752  0.231107  0.403677  0.731516  0.442093  0.311780  0.302543  0.334011  0.188377  0.162198  0.715965  0.496382  0.474050  0.000000  0.140298  0.548566  0.742932  0.328967  0.440926  0.555002  0.066689  0.015318  0.376298  0.440014  0.085573  0.418026  0.065833  0.289307  0.278925  0.352762  0.356462  0.708144 0.0  0.360873  0.171052  0.233791  0.888661  0.071351  0.214192  0.861130  0.383320  0.224336  0.326136  0.055046  0.192243  0.266842  0.316550  0.366704  0.695845  0.382103  0.665975  0.461032  0.276754  0.411773  0.175327  0.310393  0.305188  0.243735  0.250605  0.099524  0.296128  0.316722  0.563662  0.115362  0.123543  0.312233  0.264489  0.334889  0.303472  0.588099  0.338491  0.325315  0.256419  0.217349  0.338903  0.294451  0.509042  0.380608  0.350274  0.166640  0.549324  0.440920  0.344612  0.000000  0.350132  0.606644  0.320368  0.288230  0.468799  0.327347  0.276328  0.764435 
39  0.504921  0.238636  0.462944  0.479922  0.545097  0.476330  0.328329  0.473170  0.650805  0.477899  0.467246  0.547075  0.467188  0.366996  0.347191  0.447909  0.648463  0.534804  0.398799  0.267260  0.488577  0.488882  0.590515  0.484984  0.541945  0.536406  0.269233  0.264850  0.505015  0.480262  0.339174  0.581440  0.239603  0.486093  0.542539  0.574803  0.453812  0.443284  0.360873 0.0  0.416035  0.512858  0.525138  0.168160  0.370256  0.604156  0.624637  0.552894  0.512911  0.356443  0.512890  0.478984  0.565612  0.533644  0.560085  0.525710  0.409652  0.727475  0.586071  0.587792  0.416251  0.568491  0.521798  0.282053  0.295122  0.296731  0.558097  0.515105  0.502216  0.371949  0.316021  0.306989  0.505078  0.527813  0.512730  0.273415  0.516879  0.530410  0.575229  0.416628  0.540258  0.465324  0.302525  0.615231  0.559093  0.260113  0.605938  0.485699  0.474576  0.214272  0.574054  0.497225  0.562767  0.410622  0.753666  0.569922  0.592970  0.483441 
