146
0 0.0  0.802833  0.915383  0.355006  0.548221  0.654555  0.456117  0.483754  0.465666  0.591283  0.382138  0.485287  0.517613  0.803829  0.549763  0.448301  0.719816  0.687613  0.463761  0.578076  0.480082  0.791127  0.553887  0.627513  0.731697  0.733570  0.545075  0.606389  0.406134  0.534183  0.539154  0.453464  0.383360  0.528407  0.767755  0.421966  0.582327  0.647913  0.418416  0.767897  0.767452  0.491705  0.310540  0.473442  0.818471  0.504971  0.509410  0.419352  0.527628  0.514788  0.350548  0.473908  0.390139  0.415150  0.655899  0.500628  0.478716  0.545067  0.574492  0.487731  0.475444  0.425155  0.554979  0.778802  0.506494  0.330219  0.340082  0.746135  0.841842  0.555024  0.428238  0.417582  0.481779  0.521585  0.544136  0.304042  0.508112  0.454040  0.382610  0.714772  0.526706  0.477691  0.760813  0.480035  0.429505  0.539632  0.522558  0.522191  0.642371  0.441686  0.382855  0.519747  0.646324  0.546140  0.437627  0.695034  0.481292  0.799334  0.505453  0.492248  0.486856  0.470931  0.407034  0.583421  0.406583  0.530514  0.558635  0.759503  0.445401  0.514346  0.478934  0.505409  0.346600  0.390332  0.513699  0.388644  0.628732  0.586800  0.494245  0.706846  0.440706  0.468525  0.562362  0.680192  0.386265  0.489886  0.373475  0.687313  0.763817  0.500455  0.463769  0.505059  0.516620  0.502661  0.871881  0.419840  0.499030  0.498834  0.476069  0.751047  0.547181  0.458663  0.770953  0.538734  0.446732  0.363423 
1  0.802833 0.0  0.356129  0.806784  0.757955  0.811506  0.806388  0.849866  0.813322  0.873149  0.784328  0.868866  0.743690  0.737510  0.765983  0.824343  0.824319  0.707689  0.836034  0.719241  0.869875  0.629598  0.804346  0.539697  0.679008  0.750681  0.820147  0.757283  0.875946  0.908265  0.831298  0.737076  0.849346  0.826293  0.583583  0.815139  0.922126  0.757328  0.837277  0.557230  0.628254  0.662311  0.877576  0.771099  0.803925  0.845163  0.821872  0.892484  0.776034  0.792042  0.821372  0.638363  0.724039  0.776113  0.816820  0.846215  0.916918  0.708757  0.603454  0.743634  0.819928  0.823138  0.884066  0.703396  0.848410  0.731405  0.856661  0.600484  0.854787  0.780055  0.873287  0.906684  0.866536  0.813997  0.739066  0.961508  0.911481  0.926057  0.699974  0.764454  0.768817  0.716258  0.735024  0.873692  0.763767  0.835224  0.704697  0.738489  0.713498  0.807830  0.804828  0.787385  0.771559  0.624183  0.837086  0.912697  0.864567  0.539687  0.840010  0.882025  0.703113  0.838563  0.843913  0.822126  0.917262  0.807970  0.774069  0.712592  0.864075  0.738398  0.891220  0.863843  0.769976  0.804726  0.749548  0.795369  0.577417  0.723753  0.890329  0.545090  0.781529  0.757062  0.786048  0.626627  0.798603  0.832792  0.744253  0.789197  0.990750  0.697624  0.812760  0.904964  0.696846  0.733592  0.815783  0.783426  0.919848  0.745792  0.799282  0.678393  0.764815  0.699549  0.781706  0.881571  0.758581  0.811337 
2  0.915383  0.356129 0.0  0.879767  0.776539  0.799262  0.849460  0.836099  0.861572  0.824975  0.836640  0.872326  0.882398  0.768046  0.832977  0.790402  0.731754  0.744637  0.814442  0.691850  0.792285  0.677005  0.774776  0.541421  0.769672  0.779519  0.884728  0.700584  0.888743  0.782292  0.830539  0.816749  0.732143  0.915482  0.697709  0.770711  0.872829  0.835425  0.812146  0.491573  0.804439  0.809091  0.735385  0.807886  0.813881  0.818703  0.731063  0.819914  0.857131  0.778973  0.781755  0.780288  0.728950  0.818056  0.803166  0.812865  0.808152  0.785490  0.564199  0.862050  0.776290  0.801135  0.787380  0.714770  0.678663  0.774374  0.855413  0.540346  0.779085  0.786396  0.755280  0.768329  0.719953  0.743756  0.883023  0.790497  0.919590  0.782154  0.722267  0.683701  0.815834  0.767435  0.793282  0.854147  0.782487  0.788858  0.822158  0.705887  0.680017  0.812954  0.842591  0.828438  0.845404  0.547311  0.661874  0.751393  0.859766  0.577007  0.714984  0.822014  0.818262  0.754012  0.869739  0.754793  0.922522  0.856302  0.822947  0.826821  0.789075  0.758837  0.858604  0.858355  0.761941  0.760314  0.836307  0.776719  0.663460  0.770025  0.846610  0.673807  0.694675  0.788774  0.829398  0.683977  0.741504  0.803951  0.817439  0.785958  0.894220  0.846973  0.808156  0.844674  0.701355  0.835325  0.904229  0.887304  0.763657  0.789581  0.856883  0.719186  0.762223  0.844596  0.802209  0.761749  0.703237  0.792141 
3  0.355006  0.806784  0.879767 0.0  0.622905  0.705444  0.370570  0.553495  0.560859  0.478344  0.377970  0.461797  0.437996  0.826197  0.586003  0.475089  0.761675  0.679344  0.527726  0.546608  0.350243  0.821724  0.474907  0.639732  0.725979  0.769405  0.542912  0.484496  0.479543  0.454263  0.539928  0.543904  0.431241  0.420401  0.826613  0.465799  0.489549  0.621646  0.453087  0.704906  0.694934  0.675366  0.343212  0.443519  0.796530  0.507747  0.541213  0.389271  0.473235  0.601162  0.434602  0.469927  0.379011  0.409641  0.583893  0.488615  0.438968  0.557216  0.550193  0.491883  0.555483  0.485490  0.478181  0.749606  0.472043  0.435499  0.380536  0.782628  0.922160  0.511957  0.493259  0.527757  0.593228  0.576131  0.500687  0.401006  0.493057  0.480496  0.418855  0.816081  0.432893  0.556497  0.673472  0.412610  0.342773  0.363977  0.455141  0.502685  0.692560  0.478033  0.509292  0.441769  0.593918  0.600927  0.425650  0.631171  0.416814  0.827914  0.499585  0.453605  0.621610  0.640285  0.471352  0.530530  0.537576  0.578679  0.480609  0.778754  0.344440  0.610173  0.461414  0.390611  0.481092  0.534510  0.459796  0.439467  0.602259  0.556456  0.588015  0.789626  0.557875  0.449059  0.437552  0.687335  0.372485  0.472488  0.446627  0.616539  0.880347  0.454913  0.430350  0.426658  0.540859  0.670629  0.747003  0.452022  0.491590  0.583949  0.372810  0.636768  0.561909  0.611690  0.749659  0.525473  0.576377  0.434812 
4  0.548221  0.757955  0.776539  0.622905 0.0  0.661027  0.421812  0.488163  0.629485  0.476574  0.519395  0.517714  0.453464  0.766685  0.556480  0.474974  0.746060  0.830303  0.461775  0.473777  0.424732  0.819072  0.488568  0.626404  0.771471  0.867745  0.426493  0.431550  0.504506  0.342044  0.606282  0.316604  0.502963  0.499391  0.755523  0.466280  0.443916  0.680053  0.447723  0.819390  0.736124  0.531439  0.467624  0.489985  0.692539  0.478848  0.579431  0.543989  0.510557  0.462281  0.433373  0.506482  0.402122  0.555772  0.594829  0.512765  0.549217  0.484611  0.597791  0.467989  0.556647  0.507766  0.580508  0.749508  0.506908  0.582576  0.503022  0.859738  0.901656  0.443345  0.487636  0.392945  0.590119  0.523105  0.658211  0.524068  0.330143  0.437182  0.386793  0.819980  0.603670  0.435841  0.810597  0.427351  0.410341  0.392891  0.650867  0.478550  0.723887  0.556359  0.512771  0.490421  0.635748  0.610628  0.556338  0.710750  0.405016  0.805434  0.623859  0.459961  0.530818  0.497613  0.541883  0.576903  0.425372  0.441234  0.580067  0.886334  0.421107  0.497331  0.436907  0.387339  0.331216  0.417972  0.486615  0.469643  0.611313  0.606752  0.493832  0.834430  0.413270  0.506980  0.449499  0.754959  0.441866  0.408529  0.478068  0.677637  0.748360  0.428669  0.488366  0.432190  0.538062  0.481495  0.827834  0.455313  0.606876  0.478753  0.569897  0.776913  0.486882  0.493683  0.699819  0.451721  0.576882  0.343559 
5  0.654555  0.811506  0.799262  0.705444  0.661027 0.0  0.707326  0.660062  0.697828  0.611171  0.645906  0.676973  0.720135  0.667861  0.769081  0.671924  0.739279  0.751771  0.638405  0.487889  0.593491  0.788233  0.639097  0.632398  0.765547  0.851054  0.672922  0.559487  0.550076  0.633138  0.744884  0.657888  0.754344  0.714375  0.804609  0.859994  0.524662  0.690032  0.606869  0.768496  0.640130  0.603448  0.799356  0.766376  0.693345  0.658349  0.755745  0.630045  0.699173  0.719606  0.688682  0.720518  0.709272  0.648045  0.652155  0.672033  0.662851  0.492536  0.635861  0.650398  0.694135  0.619181  0.797413  0.806838  0.737664  0.768429  0.764719  0.774915  0.871998  0.505570  0.681162  0.649225  0.795299  0.680591  0.718020  0.696120  0.664071  0.608383  0.548352  0.850949  0.598251  0.636427  0.704218  0.657818  0.676132  0.655118  0.428518  0.696277  0.573740  0.665781  0.576559  0.659958  0.480474  0.642673  0.701326  0.500524  0.631521  0.826064  0.675671  0.640196  0.697935  0.613682  0.731060  0.775192  0.703454  0.748566  0.663138  0.818985  0.683911  0.648460  0.595656  0.649246  0.644544  0.655111  0.686270  0.590558  0.626850  0.569552  0.749038  0.809003  0.776809  0.719009  0.684821  0.807107  0.664169  0.750923  0.708590  0.539245  0.770886  0.586172  0.597647  0.676203  0.546281  0.588789  0.856942  0.681633  0.739515  0.675046  0.582058  0.636913  0.629085  0.725690  0.680630  0.731525  0.751374  0.587408 
6  0.456117  0.806388  0.849460  0.370570  0.421812  0.707326 0.0  0.365101  0.505538  0.477679  0.360929  0.571046  0.453213  0.786641  0.441046  0.402886  0.823505  0.700250  0.437268  0.623522  0.385232  0.694965  0.445907  0.679990  0.811457  0.741974  0.417984  0.488616  0.675574  0.447300  0.473321  0.384818  0.398169  0.452161  0.862892  0.446962  0.447370  0.774798  0.508584  0.796409  0.754618  0.529507  0.405358  0.532122  0.769014  0.493226  0.457928  0.371129  0.521160  0.544511  0.431815  0.478117  0.434278  0.397871  0.588241  0.395472  0.518451  0.580324  0.651791  0.457241  0.421258  0.538888  0.570119  0.778467  0.493438  0.313943  0.361848  0.726835  0.848722  0.575885  0.419877  0.509275  0.518597  0.547147  0.482924  0.497316  0.493994  0.429481  0.413466  0.853671  0.512112  0.560984  0.930059  0.464169  0.339606  0.632328  0.533200  0.641621  0.585088  0.496552  0.515317  0.591068  0.630702  0.570747  0.404062  0.722930  0.503565  0.825702  0.527614  0.611982  0.496310  0.464875  0.576202  0.480148  0.603426  0.511827  0.383825  0.813785  0.453966  0.409406  0.393202  0.403767  0.545389  0.475075  0.441239  0.338902  0.602364  0.544323  0.485155  0.819796  0.537121  0.370871  0.483388  0.682825  0.435605  0.463552  0.464606  0.653788  0.835416  0.387755  0.524624  0.497784  0.540542  0.659259  0.845046  0.438223  0.551336  0.618924  0.500161  0.659963  0.613531  0.448228  0.683923  0.444708  0.618241  0.457881 
7  0.483754  0.849866  0.836099  0.553495  0.488163  0.660062  0.365101 0.0  0.602484  0.358116  0.522403  0.476910  0.457626  0.801803  0.623518  0.557367  0.735813  0.854990  0.408619  0.627263  0.466268  0.718465  0.413796  0.670176  0.777711  0.777627  0.404838  0.445308  0.525147  0.568389  0.415757  0.619680  0.596744  0.484529  0.744521  0.602124  0.419110  0.778083  0.517798  0.728645  0.744337  0.655959  0.465174  0.505009  0.787460  0.559142  0.334149  0.588922  0.493344  0.464960  0.478208  0.410010  0.592053  0.442710  0.589987  0.344794  0.507375  0.569020  0.670077  0.310000  0.521803  0.466954  0.317432  0.812710  0.511533  0.562729  0.573526  0.810987  0.889385  0.490731  0.491814  0.461324  0.417125  0.504371  0.456693  0.554974  0.410862  0.411475  0.354724  0.758947  0.427671  0.500857  0.841166  0.431649  0.534118  0.543735  0.516920  0.371305  0.644797  0.532743  0.371555  0.395124  0.758661  0.609101  0.615524  0.656532  0.292075  0.815098  0.477348  0.410402  0.379122  0.422561  0.357988  0.398315  0.447572  0.396198  0.378128  0.788646  0.454294  0.496808  0.480679  0.490513  0.514336  0.484974  0.541361  0.376409  0.593155  0.563106  0.458204  0.815986  0.334926  0.532106  0.551616  0.791167  0.364580  0.583927  0.376688  0.557524  0.776186  0.594634  0.413579  0.492848  0.527798  0.560539  0.859492  0.456289  0.382412  0.437416  0.427722  0.660908  0.426551  0.508214  0.732208  0.415465  0.432520  0.358040 
8  0.465666  0.813322  0.861572  0.560859  0.629485  0.697828  0.505538  0.602484 0.0  0.607742  0.587699  0.629628  0.573275  0.779824  0.451368  0.560036  0.739679  0.796448  0.522439  0.591152  0.457817  0.753802  0.567436  0.605386  0.808089  0.772467  0.525929  0.554650  0.545246  0.568731  0.569998  0.623128  0.493206  0.600877  0.865441  0.543567  0.636199  0.715448  0.638041  0.699171  0.868195  0.489750  0.552465  0.530238  0.796360  0.549009  0.589575  0.444760  0.556939  0.589864  0.609296  0.579366  0.598194  0.561257  0.580520  0.575752  0.593518  0.464254  0.563055  0.666839  0.559246  0.606015  0.634133  0.711200  0.637849  0.647441  0.574021  0.834767  0.835074  0.475241  0.570631  0.513157  0.560639  0.345646  0.649249  0.586867  0.654598  0.512035  0.404384  0.799329  0.590045  0.582222  0.807855  0.509281  0.561200  0.571200  0.572061  0.584401  0.716999  0.674281  0.535614  0.577654  0.646005  0.629370  0.520100  0.641922  0.549589  0.885252  0.544197  0.558697  0.536479  0.597263  0.505202  0.573138  0.556920  0.617068  0.587443  0.740904  0.512673  0.683893  0.571623  0.572380  0.586933  0.523755  0.584956  0.590803  0.597758  0.491602  0.651884  0.818855  0.507110  0.572920  0.568010  0.842775  0.545951  0.520428  0.616539  0.599822  0.731109  0.603509  0.525468  0.544985  0.560747  0.581925  0.787999  0.470535  0.651047  0.597095  0.552416  0.720423  0.611490  0.628315  0.766430  0.536433  0.537819  0.446880 
9  0.591283  0.873149  0.824975  0.478344  0.476574  0.611171  0.477679  0.358116  0.607742 0.0  0.574710  0.487184  0.494325  0.810747  0.581324  0.471873  0.732987  0.593922  0.539061  0.702399  0.531789  0.814278  0.421045  0.573634  0.824941  0.867719  0.449110  0.429430  0.430501  0.471792  0.544540  0.495833  0.524412  0.437675  0.805489  0.482859  0.349959  0.749503  0.448542  0.771491  0.721132  0.430853  0.551773  0.462260  0.805013  0.616599  0.508455  0.364300  0.525796  0.471405  0.486512  0.385334  0.434098  0.396806  0.717587  0.331943  0.346860  0.546799  0.573996  0.353162  0.473430  0.517716  0.412819  0.801411  0.457700  0.609284  0.490640  0.778776  0.762582  0.419450  0.467741  0.452402  0.404292  0.575930  0.415851  0.515743  0.521032  0.597468  0.482947  0.885294  0.432136  0.485023  0.819197  0.444982  0.424326  0.660691  0.471206  0.455115  0.708354  0.396237  0.429947  0.456004  0.609750  0.639472  0.544992  0.567668  0.334659  0.802739  0.408370  0.338239  0.362326  0.390221  0.428699  0.435680  0.466593  0.412406  0.406159  0.825372  0.507678  0.444292  0.520051  0.393238  0.499829  0.446564  0.405007  0.457339  0.578498  0.561504  0.557627  0.835136  0.422869  0.487405  0.392831  0.715608  0.436571  0.478061  0.455224  0.593926  0.852408  0.460371  0.471022  0.419842  0.545422  0.471160  0.810182  0.532751  0.468914  0.416565  0.336709  0.667911  0.467618  0.561524  0.710076  0.400399  0.466257  0.431286 
10  0.382138  0.784328  0.836640  0.377970  0.519395  0.645906  0.360929  0.522403  0.587699  0.574710 0.0  0.494766  0.551395  0.781591  0.645182  0.509100  0.807525  0.720777  0.432559  0.620817  0.462647  0.788177  0.447636  0.611550  0.818784  0.797717  0.563375  0.468546  0.487719  0.491175  0.494360  0.539376  0.411900  0.603322  0.905491  0.485953  0.567374  0.872641  0.489294  0.854940  0.723315  0.655641  0.351905  0.468021  0.754290  0.330835  0.477218  0.403861  0.455901  0.552644  0.451477  0.435075  0.328110  0.505864  0.595707  0.484492  0.437607  0.414753  0.643788  0.550963  0.439852  0.461119  0.558193  0.725418  0.546932  0.539717  0.458792  0.766545  0.772601  0.542253  0.489051  0.518101  0.542656  0.504806  0.461371  0.364852  0.414811  0.526507  0.391997  0.737673  0.469157  0.461153  0.697783  0.446253  0.489125  0.501154  0.501994  0.538977  0.722837  0.498276  0.520095  0.504346  0.644698  0.641479  0.378202  0.787361  0.533917  0.788705  0.482748  0.417128  0.551295  0.515215  0.445646  0.414082  0.417763  0.499782  0.507186  0.764931  0.520567  0.460510  0.442763  0.391316  0.503508  0.531106  0.516117  0.454320  0.602099  0.589511  0.477649  0.730958  0.580634  0.550976  0.629118  0.683980  0.442119  0.428998  0.462477  0.561763  0.787864  0.479252  0.494566  0.524956  0.567038  0.541356  0.848693  0.374636  0.456327  0.579342  0.481162  0.622604  0.562541  0.431485  0.653402  0.470398  0.548253  0.429689 
11  0.485287  0.868866  0.872326  0.461797  0.517714  0.676973  0.571046  0.476910  0.629628  0.487184  0.494766 0.0  0.585244  0.664395  0.537240  0.495557  0.773150  0.647541  0.539161  0.514692  0.466350  0.883623  0.396198  0.662901  0.761010  0.739472  0.490149  0.435855  0.459170  0.604441  0.410928  0.506829  0.502432  0.603208  0.861087  0.522839  0.488484  0.788679  0.444894  0.846891  0.734182  0.543150  0.414750  0.504442  0.756945  0.487077  0.540449  0.578557  0.487871  0.377330  0.449297  0.469419  0.366331  0.398875  0.674964  0.515908  0.364089  0.552309  0.566075  0.597103  0.459301  0.473169  0.431449  0.767248  0.467963  0.495063  0.545592  0.828983  0.808217  0.536441  0.503909  0.453759  0.596381  0.552207  0.477019  0.504885  0.551024  0.536357  0.470323  0.683786  0.463580  0.448076  0.794352  0.503494  0.664909  0.455812  0.533022  0.458996  0.716933  0.538280  0.340698  0.452661  0.649486  0.649362  0.571825  0.734059  0.320927  0.648836  0.530523  0.440576  0.380380  0.478880  0.465254  0.347600  0.495031  0.468316  0.314648  0.782447  0.548710  0.456744  0.448787  0.415547  0.584400  0.410332  0.485891  0.469126  0.560074  0.612674  0.539602  0.790803  0.488142  0.445111  0.496461  0.775194  0.507410  0.542418  0.453907  0.605703  0.802077  0.463742  0.401714  0.375556  0.536907  0.622397  0.806811  0.482175  0.416233  0.519944  0.399533  0.647487  0.499104  0.484041  0.762019  0.425158  0.362525  0.586086 
12  0.517613  0.743690  0.882398  0.437996  0.453464  0.720135  0.453213  0.457626  0.573275  0.494325  0.551395  0.585244 0.0  0.765495  0.497411  0.503283  0.822827  0.655619  0.450867  0.497304  0.473039  0.732601  0.393462  0.532567  0.799351  0.799650  0.536791  0.545615  0.437795  0.374586  0.460031  0.364660  0.445595  0.416458  0.778197  0.428260  0.450169  0.724314  0.501768  0.756752  0.806431  0.533323  0.440836  0.467335  0.790013  0.474837  0.483368  0.510144  0.404176  0.566803  0.424707  0.417897  0.376747  0.498685  0.556582  0.449907  0.428103  0.546236  0.694799  0.550139  0.471779  0.364124  0.431310  0.790529  0.479083  0.433411  0.426999  0.786146  0.853512  0.505447  0.446729  0.530444  0.442678  0.525897  0.478710  0.490561  0.533389  0.499081  0.437128  0.920915  0.333019  0.510173  0.784485  0.488196  0.481178  0.508444  0.463676  0.572052  0.589211  0.490432  0.502561  0.415675  0.648140  0.557134  0.418442  0.610386  0.449157  0.837019  0.489450  0.469858  0.447019  0.398009  0.488904  0.528226  0.428919  0.435491  0.411380  0.827616  0.423057  0.479174  0.521772  0.484247  0.457755  0.411236  0.558130  0.418379  0.610205  0.459134  0.522532  0.775424  0.560814  0.558312  0.469849  0.754237  0.352917  0.475878  0.470420  0.567110  0.773272  0.445614  0.406919  0.427234  0.543092  0.624577  0.778761  0.416686  0.518999  0.392521  0.488630  0.701292  0.587929  0.459820  0.756673  0.489348  0.497151  0.482280 
13  0.803829  0.737510  0.768046  0.826197  0.766685  0.667861  0.786641  0.801803  0.779824  0.810747  0.781591  0.664395  0.765495 0.0  0.832000  0.870040  0.762088  0.761590  0.730776  0.803576  0.792767  0.779069  0.856385  0.556787  0.734866  0.738512  0.780997  0.813660  0.840170  0.787713  0.728771  0.778518  0.934191  0.778337  0.817582  0.800990  0.771798  0.772546  0.719256  0.705883  0.697853  0.736312  0.801623  0.800497  0.312532  0.737972  0.817421  0.742557  0.888453  0.798216  0.846136  0.867148  0.765398  0.744733  0.805039  0.743824  0.887758  0.686601  0.594624  0.752049  0.714305  0.790603  0.739612  0.748377  0.751884  0.839778  0.759872  0.735246  0.837021  0.779365  0.802794  0.765506  0.698921  0.850581  0.755089  0.819401  0.847254  0.684516  0.857608  0.772581  0.738942  0.884032  0.672769  0.787624  0.742996  0.754473  0.592910  0.797090  0.674267  0.683016  0.829406  0.764941  0.818299  0.708524  0.821427  0.812409  0.729430  0.785764  0.714366  0.760892  0.775660  0.804143  0.767910  0.807886  0.752659  0.804692  0.738316  0.817376  0.839664  0.749165  0.791337  0.844993  0.818655  0.810457  0.803212  0.799639  0.646371  0.726587  0.800180  0.769457  0.805295  0.764970  0.649319  0.746962  0.870621  0.769521  0.798703  0.736599  0.619381  0.681528  0.834602  0.844469  0.733776  0.768983  0.791199  0.781449  0.808863  0.925493  0.792710  0.713004  0.840588  0.740180  0.785851  0.828012  0.768861  0.740843 
14  0.549763  0.765983  0.832977  0.586003  0.556480  0.769081  0.441046  0.623518  0.451368  0.581324  0.645182  0.537240  0.497411  0.832000 0.0  0.554601  0.702473  0.684513  0.575292  0.597570  0.558990  0.905863  0.619861  0.691609  0.714724  0.833099  0.588442  0.549062  0.515073  0.516723  0.400798  0.599438  0.555917  0.591278  0.802458  0.576404  0.484149  0.704497  0.471038  0.705453  0.666217  0.544250  0.557780  0.551630  0.837895  0.554968  0.628218  0.525442  0.550801  0.476018  0.430504  0.502364  0.556134  0.513024  0.591296  0.661711  0.448059  0.552003  0.625641  0.590957  0.428791  0.572039  0.571316  0.702523  0.491470  0.607489  0.710375  0.772326  0.850226  0.600904  0.522313  0.574457  0.488801  0.410253  0.535158  0.539127  0.670375  0.541345  0.450521  0.839702  0.729667  0.532677  0.770605  0.606085  0.526907  0.489016  0.512721  0.551388  0.705814  0.581636  0.525608  0.525840  0.665037  0.516864  0.537948  0.670321  0.613475  0.766374  0.621760  0.642893  0.487055  0.595557  0.597488  0.481780  0.618194  0.583988  0.552480  0.795877  0.632200  0.559393  0.600035  0.518333  0.531822  0.563246  0.610775  0.527450  0.687801  0.530960  0.659920  0.708942  0.509419  0.631549  0.572309  0.790976  0.538786  0.517549  0.589644  0.574148  0.848251  0.631170  0.542689  0.555265  0.536258  0.596849  0.777294  0.590685  0.428114  0.643671  0.636530  0.705817  0.533036  0.578633  0.624956  0.532527  0.491234  0.531116 
15  0.448301  0.824343  0.790402  0.475089  0.474974  0.671924  0.402886  0.557367  0.560036  0.471873  0.509100  0.495557  0.503283  0.870040  0.554601 0.0  0.758524  0.675007  0.522704  0.554220  0.383499  0.820514  0.541401  0.625546  0.805620  0.866239  0.471881  0.512217  0.546173  0.475473  0.459235  0.432208  0.431881  0.420601  0.755342  0.415223  0.479713  0.749741  0.393638  0.750528  0.741824  0.607436  0.434716  0.351210  0.748105  0.551595  0.325239  0.455598  0.502526  0.522520  0.467112  0.526691  0.498638  0.581799  0.659526  0.468027  0.499791  0.491030  0.594543  0.438557  0.520000  0.493832  0.450864  0.817062  0.481408  0.348130  0.413001  0.768750  0.814402  0.483559  0.379373  0.524969  0.434043  0.582465  0.527382  0.448133  0.488681  0.471637  0.431959  0.802605  0.380352  0.507343  0.807624  0.387404  0.441857  0.253028  0.501732  0.566272  0.725507  0.505032  0.590103  0.475327  0.725028  0.662099  0.570225  0.608255  0.548352  0.783159  0.475483  0.498743  0.544011  0.581169  0.556813  0.557058  0.330755  0.578182  0.547436  0.702798  0.397554  0.382737  0.438554  0.458313  0.506980  0.453599  0.482683  0.478176  0.557071  0.556741  0.421269  0.848943  0.556088  0.482963  0.499330  0.758748  0.442456  0.376887  0.422278  0.697777  0.795578  0.355127  0.485644  0.393932  0.625033  0.613347  0.764195  0.366346  0.534824  0.563523  0.446477  0.640360  0.581051  0.409583  0.765257  0.509120  0.478033  0.421157 
16  0.719816  0.824319  0.731754  0.761675  0.746060  0.739279  0.823505  0.735813  0.739679  0.732987  0.807525  0.773150  0.822827  0.762088  0.702473  0.758524 0.0  0.745805  0.697857  0.778504  0.681427  0.640994  0.761712  0.492741  0.780642  0.807929  0.710051  0.683312  0.724249  0.789780  0.761510  0.713961  0.809686  0.671490  0.735648  0.631184  0.752735  0.803284  0.762077  0.833013  0.816428  0.819536  0.685999  0.765733  0.885975  0.810887  0.706405  0.741540  0.793218  0.841667  0.698621  0.727955  0.709238  0.665564  0.780900  0.723769  0.698763  0.622579  0.767584  0.687635  0.763561  0.688675  0.825464  0.807202  0.789053  0.756603  0.744193  0.749907  0.779611  0.688628  0.686604  0.643543  0.694867  0.860863  0.818239  0.602990  0.770762  0.746240  0.715517  0.752749  0.799575  0.741276  0.738339  0.685298  0.762674  0.788325  0.652698  0.778179  0.457844  0.778095  0.718850  0.810361  0.785704  0.588309  0.836091  0.664203  0.690753  0.645874  0.620013  0.771627  0.781157  0.797765  0.696743  0.831106  0.845005  0.861241  0.786422  0.744392  0.684378  0.793710  0.657035  0.736667  0.643941  0.807319  0.820657  0.701574  0.537232  0.753088  0.800750  0.802733  0.722388  0.815717  0.804970  0.843099  0.710166  0.668670  0.777178  0.692280  0.675998  0.790196  0.712131  0.775119  0.823626  0.645309  0.709492  0.834370  0.708451  0.797460  0.732043  0.692954  0.792747  0.824100  0.821470  0.722098  0.831571  0.750193 
17  0.687613  0.707689  0.744637  0.679344  0.830303  0.751771  0.700250  0.854990  0.796448  0.593922  0.720777  0.647541  0.655619  0.761590  0.684513  0.675007  0.745805 0.0  0.648281  0.772449  0.808085  0.648076  0.667821  0.564101  0.642944  0.680971  0.742946  0.642890  0.720780  0.718663  0.720954  0.762889  0.695106  0.689130  0.710956  0.681231  0.667288  0.621340  0.686760  0.671094  0.671246  0.673345  0.737625  0.760611  0.694466  0.846248  0.660986  0.716216  0.646544  0.742550  0.744720  0.668985  0.618309  0.746224  0.683558  0.806619  0.800185  0.662268  0.499909  0.685789  0.685367  0.702471  0.647555  0.561199  0.607405  0.702412  0.748205  0.750276  0.634324  0.708341  0.685341  0.608697  0.823143  0.713907  0.735212  0.720243  0.652763  0.738483  0.609630  0.688599  0.696681  0.653134  0.783335  0.734021  0.679158  0.627141  0.672143  0.760080  0.670087  0.623706  0.708889  0.737059  0.686534  0.517868  0.673661  0.726049  0.711470  0.662700  0.676754  0.561300  0.701106  0.789689  0.760728  0.595923  0.658517  0.632523  0.657051  0.743255  0.766409  0.611111  0.684146  0.590378  0.733513  0.691042  0.847355  0.701604  0.549752  0.757841  0.689963  0.693681  0.639635  0.677182  0.648191  0.647442  0.719981  0.780180  0.720578  0.674761  0.778515  0.607070  0.790910  0.706562  0.612424  0.720395  0.731266  0.823422  0.644827  0.648362  0.700350  0.680140  0.823515  0.634378  0.734755  0.674738  0.724853  0.698405 
18  0.463761  0.836034  0.814442  0.527726  0.461775  0.638405  0.437268  0.408619  0.522439  0.539061  0.432559  0.539161  0.450867  0.730776  0.575292  0.522704  0.697857  0.648281 0.0  0.540214  0.445232  0.790384  0.459531  0.605075  0.795352  0.865136  0.431683  0.489802  0.455122  0.503639  0.392214  0.395786  0.506750  0.398855  0.736962  0.424892  0.529814  0.837856  0.386961  0.733955  0.754978  0.548159  0.497008  0.520029  0.781185  0.525077  0.463090  0.383984  0.479853  0.449964  0.400040  0.494197  0.415027  0.433561  0.564448  0.423195  0.438619  0.582297  0.511507  0.395741  0.538207  0.533815  0.436607  0.724180  0.481343  0.450193  0.420681  0.680898  0.749488  0.478858  0.400968  0.499791  0.458537  0.598628  0.507071  0.569091  0.472374  0.463358  0.439796  0.768186  0.498133  0.484088  0.675735  0.444565  0.360303  0.503386  0.530700  0.432224  0.754638  0.441787  0.472635  0.382493  0.559872  0.543299  0.491920  0.716343  0.417208  0.791591  0.391446  0.476642  0.421054  0.468459  0.448272  0.501537  0.392797  0.444147  0.460341  0.770531  0.464617  0.442183  0.449296  0.604098  0.491679  0.448463  0.536196  0.467999  0.655461  0.517764  0.496505  0.691190  0.393702  0.356866  0.398721  0.679659  0.596196  0.415087  0.582482  0.645703  0.892349  0.453566  0.393046  0.438190  0.653075  0.565132  0.838365  0.429700  0.383781  0.443926  0.533279  0.709259  0.568367  0.542814  0.672892  0.466629  0.443768  0.368494 
19  0.578076  0.719241  0.691850  0.546608  0.473777  0.487889  0.623522  0.627263  0.591152  0.702399  0.620817  0.514692  0.497304  0.803576  0.597570  0.554220  0.778504  0.772449  0.540214 0.0  0.643565  0.728408  0.594217  0.668167  0.664323  0.792425  0.601141  0.578615  0.504948  0.641541  0.600021  0.498594  0.600326  0.476016  0.716284  0.610309  0.558626  0.873875  0.642676  0.670642  0.759155  0.496543  0.639757  0.589812  0.760654  0.570115  0.549993  0.547008  0.631788  0.566687  0.605493  0.557227  0.575153  0.542361  0.532021  0.625527  0.413836  0.496431  0.673066  0.559504  0.604600  0.591298  0.532136  0.776719  0.608934  0.487106  0.525808  0.702281  0.683776  0.568310  0.635646  0.504555  0.543707  0.434403  0.666008  0.531170  0.595571  0.505140  0.528513  0.752952  0.585861  0.591595  0.785429  0.551013  0.609431  0.641351  0.572160  0.566468  0.658252  0.572952  0.525583  0.510771  0.395666  0.486396  0.606662  0.420819  0.636217  0.688320  0.723975  0.603334  0.633495  0.565098  0.589217  0.592087  0.557503  0.706655  0.565810  0.810765  0.597123  0.512114  0.553609  0.516411  0.504067  0.565376  0.625126  0.556721  0.624642  0.551886  0.548465  0.783360  0.638706  0.660980  0.661106  0.741164  0.421036  0.641644  0.556024  0.672934  0.824715  0.560902  0.564179  0.608642  0.572337  0.648248  0.799241  0.564079  0.628381  0.530272  0.577110  0.615199  0.471892  0.681040  0.754559  0.629016  0.508750  0.545815 
20  0.480082  0.869875  0.792285  0.350243  0.424732  0.593491  0.385232  0.466268  0.457817  0.531789  0.462647  0.466350  0.473039  0.792767  0.558990  0.383499  0.681427  0.808085  0.445232  0.643565 0.0  0.869412  0.436096  0.565821  0.737483  0.734742  0.535312  0.457881  0.591389  0.539530  0.416959  0.497683  0.310352  0.531226  0.741209  0.408294  0.524747  0.729355  0.501276  0.817707  0.700856  0.480992  0.479427  0.419651  0.717888  0.546466  0.530655  0.433159  0.575213  0.490634  0.500996  0.573569  0.436262  0.471926  0.649494  0.515910  0.483864  0.509672  0.515681  0.549169  0.402918  0.511182  0.326875  0.697836  0.505316  0.465712  0.515289  0.703643  0.875844  0.563308  0.392757  0.441362  0.575484  0.443462  0.508457  0.326291  0.369947  0.323993  0.337572  0.777735  0.432585  0.573450  0.811288  0.443812  0.395696  0.362377  0.514018  0.490729  0.674423  0.380685  0.449313  0.541996  0.448683  0.606513  0.411173  0.560470  0.385998  0.860658  0.572367  0.543406  0.412671  0.395307  0.473945  0.432778  0.395733  0.520636  0.480713  0.682709  0.420166  0.424287  0.469112  0.281906  0.402764  0.391963  0.502741  0.508116  0.485177  0.521504  0.296254  0.840396  0.457528  0.556179  0.506409  0.678949  0.495623  0.348348  0.429288  0.617054  0.812546  0.440621  0.511644  0.363050  0.709408  0.621215  0.805313  0.423449  0.433900  0.539162  0.495520  0.597959  0.506358  0.375577  0.763348  0.476570  0.487235  0.404168 
21  0.791127  0.629598  0.677005  0.821724  0.819072  0.788233  0.694965  0.718465  0.753802  0.814278  0.788177  0.883623  0.732601  0.779069  0.905863  0.820514  0.640994  0.648076  0.790384  0.728408  0.869412 0.0  0.776650  0.693494  0.807209  0.785383  0.814361  0.853930  0.813459  0.732221  0.862932  0.753238  0.762781  0.787830  0.397415  0.813317  0.853173  0.811516  0.825943  0.486871  0.711619  0.839103  0.786855  0.798873  0.723038  0.850248  0.827250  0.822649  0.767210  0.818146  0.798241  0.759120  0.779524  0.851691  0.708159  0.820549  0.785119  0.586478  0.546096  0.726619  0.791189  0.763353  0.792551  0.732766  0.726386  0.745428  0.769513  0.343171  0.821257  0.679950  0.852563  0.895995  0.818674  0.851476  0.849717  0.732714  0.736511  0.736452  0.731840  0.499428  0.681798  0.844887  0.813075  0.808647  0.872451  0.732335  0.753084  0.664902  0.749549  0.821367  0.708934  0.836661  0.791803  0.593134  0.795715  0.799750  0.903482  0.624110  0.782356  0.788560  0.768552  0.822382  0.824766  0.920844  0.845457  0.800928  0.785121  0.764302  0.795175  0.738866  0.788279  0.849256  0.741988  0.828927  0.826626  0.681944  0.666852  0.725674  0.860354  0.350490  0.865168  0.779189  0.862700  0.677300  0.824941  0.826899  0.833591  0.821030  0.852972  0.748098  0.834213  0.790943  0.811808  0.819622  0.691110  0.839209  0.892695  0.830845  0.746850  0.667863  0.747860  0.826283  0.683890  0.763825  0.699782  0.738174 
22  0.553887  0.804346  0.774776  0.474907  0.488568  0.639097  0.445907  0.413796  0.567436  0.421045  0.447636  0.396198  0.393462  0.856385  0.619861  0.541401  0.761712  0.667821  0.459531  0.594217  0.436096  0.776650 0.0  0.556682  0.736651  0.776567  0.474809  0.434190  0.406129  0.555792  0.526932  0.562264  0.459673  0.414376  0.813555  0.480242  0.370626  0.637340  0.510866  0.731313  0.724733  0.610209  0.465674  0.491906  0.822021  0.495725  0.494167  0.411423  0.425945  0.338150  0.528952  0.431345  0.505531  0.496651  0.604382  0.491578  0.530359  0.519571  0.551474  0.432594  0.624939  0.344709  0.355315  0.723560  0.446883  0.511916  0.525665  0.761535  0.709343  0.439579  0.498350  0.601323  0.479513  0.651196  0.483376  0.466576  0.614911  0.495079  0.323577  0.816396  0.507927  0.387827  0.739356  0.534961  0.511765  0.471740  0.387119  0.282613  0.688814  0.472017  0.448474  0.375966  0.593635  0.594582  0.383563  0.648655  0.357112  0.819376  0.265636  0.440958  0.528070  0.503140  0.485112  0.427864  0.500696  0.500264  0.524160  0.745193  0.493701  0.568817  0.625726  0.565257  0.361666  0.484119  0.435133  0.537289  0.575130  0.567630  0.516267  0.813871  0.444450  0.551311  0.512971  0.760168  0.567300  0.442393  0.467054  0.562908  0.881864  0.598306  0.361594  0.536552  0.611246  0.564089  0.827462  0.563973  0.361715  0.385143  0.412559  0.752646  0.400494  0.488762  0.644595  0.412403  0.407514  0.354853 
23  0.627513  0.539697  0.541421  0.639732  0.626404  0.632398  0.679990  0.670176  0.605386  0.573634  0.611550  0.662901  0.532567  0.556787  0.691609  0.625546  0.492741  0.564101  0.605075  0.668167  0.565821  0.693494  0.556682 0.0  0.630070  0.545643  0.641728  0.610054  0.651414  0.579182  0.629915  0.634254  0.530167  0.565715  0.600559  0.689541  0.690261  0.624010  0.564531  0.585500  0.582603  0.610881  0.644300  0.670798  0.601187  0.657197  0.539221  0.601511  0.563091  0.561361  0.771342  0.645264  0.553761  0.610942  0.582799  0.643498  0.619041  0.613815  0.657923  0.552539  0.509763  0.484892  0.550324  0.700025  0.595106  0.633090  0.598346  0.477900  0.695303  0.533334  0.451679  0.654234  0.643641  0.593830  0.544980  0.598285  0.571089  0.550494  0.608853  0.540502  0.679601  0.613824  0.556855  0.614766  0.555309  0.633382  0.550890  0.679451  0.617078  0.585136  0.573695  0.667372  0.623390  0.605267  0.731681  0.618838  0.653393  0.554932  0.632152  0.558714  0.632943  0.596605  0.551487  0.505509  0.538472  0.573074  0.515698  0.756445  0.615834  0.494147  0.518150  0.557727  0.561587  0.621416  0.537765  0.510971  0.567262  0.598632  0.441259  0.559737  0.638800  0.528792  0.591863  0.568865  0.608775  0.585687  0.595738  0.649943  0.617988  0.613531  0.618791  0.735892  0.588663  0.637159  0.569793  0.559056  0.561972  0.561369  0.584246  0.666934  0.533297  0.544252  0.607413  0.596883  0.553742  0.520482 
24  0.731697  0.679008  0.769672  0.725979  0.771471  0.765547  0.811457  0.777711  0.808089  0.824941  0.818784  0.761010  0.799351  0.734866  0.714724  0.805620  0.780642  0.642944  0.795352  0.664323  0.737483  0.807209  0.736651  0.630070 0.0  0.339912  0.927388  0.703359  0.784412  0.751872  0.838822  0.695234  0.854723  0.844029  0.800011  0.726272  0.812558  0.627215  0.727354  0.677226  0.593160  0.677948  0.664991  0.737862  0.713216  0.779251  0.733364  0.750088  0.872138  0.719179  0.760484  0.800657  0.753645  0.846962  0.700423  0.757541  0.824831  0.651234  0.589676  0.712711  0.923147  0.801967  0.798226  0.749675  0.806796  0.784259  0.915128  0.807964  0.842590  0.686969  0.701683  0.720409  0.727241  0.800501  0.805118  0.758275  0.785563  0.750969  0.832085  0.803666  0.939973  0.833405  0.769844  0.703479  0.803090  0.842323  0.768341  0.732351  0.695194  0.696586  0.803180  0.778397  0.704523  0.566736  0.807724  0.847499  0.689645  0.803978  0.884039  0.787563  0.804874  0.792168  0.894690  0.850285  0.857312  0.862040  0.818788  0.806731  0.676586  0.891810  0.877769  0.731325  0.854942  0.852687  0.720470  0.773782  0.523656  0.807440  0.750642  0.751620  0.838901  0.792769  0.779505  0.756214  0.820419  0.749786  0.824103  0.785203  0.722246  0.868655  0.815305  0.862413  0.763165  0.679030  0.840695  0.818200  0.712253  0.807266  0.863857  0.488169  0.792768  0.720864  0.701564  0.727540  0.864281  0.723026 
25  0.733570  0.750681  0.779519  0.769405  0.867745  0.851054  0.741974  0.777627  0.772467  0.867719  0.797717  0.739472  0.799650  0.738512  0.833099  0.866239  0.807929  0.680971  0.865136  0.792425  0.734742  0.785383  0.776567  0.545643  0.339912 0.0  0.755085  0.804243  0.730552  0.889905  0.728501  0.831448  0.813547  0.827633  0.766574  0.795098  0.723715  0.578925  0.771741  0.762236  0.598149  0.797717  0.686264  0.758570  0.873379  0.785080  0.743122  0.912326  0.734317  0.819530  0.824379  0.741785  0.628159  0.839410  0.716880  0.809259  0.774196  0.757132  0.634759  0.764867  0.747898  0.766491  0.837819  0.818789  0.804505  0.814245  0.795286  0.755330  0.718061  0.602387  0.768926  0.786947  0.815800  0.814774  0.778335  0.780355  0.794512  0.834464  0.786855  0.689732  0.798790  0.798661  0.724344  0.655003  0.866135  0.761635  0.686660  0.743793  0.670652  0.914619  0.917274  0.711811  0.765497  0.688499  0.735858  0.861718  0.823134  0.832360  0.838983  0.774763  0.756029  0.785568  0.840896  0.804443  0.810799  0.879198  0.831567  0.775677  0.762605  0.791748  0.856981  0.811053  0.738541  0.879736  0.826296  0.800068  0.658162  0.743186  0.723647  0.855130  0.776665  0.804074  0.775977  0.742844  0.743581  0.797485  0.755414  0.732639  0.719343  0.744253  0.795184  0.805756  0.826253  0.753245  0.827070  0.820732  0.840439  0.744049  0.765317  0.511689  0.817143  0.724272  0.734424  0.693581  0.846181  0.745687 
26  0.545075  0.820147  0.884728  0.542912  0.426493  0.672922  0.417984  0.404838  0.525929  0.449110  0.563375  0.490149  0.536791  0.780997  0.588442  0.471881  0.710051  0.742946  0.431683  0.601141  0.535312  0.814361  0.474809  0.641728  0.927388  0.755085 0.0  0.469829  0.358188  0.583192  0.477680  0.580642  0.493955  0.504363  0.784753  0.539369  0.464229  0.754348  0.438968  0.880141  0.842110  0.595027  0.504704  0.593229  0.709545  0.589899  0.555877  0.565561  0.437698  0.544945  0.461931  0.452115  0.617252  0.459714  0.708009  0.355105  0.394393  0.497210  0.550295  0.372600  0.523122  0.446200  0.411646  0.701637  0.389085  0.527838  0.492482  0.750910  0.826753  0.491420  0.574885  0.507910  0.376377  0.558521  0.442643  0.481231  0.541707  0.497205  0.475294  0.749074  0.363057  0.397778  0.879032  0.500185  0.516618  0.504259  0.464727  0.402392  0.674990  0.406595  0.414835  0.416886  0.744617  0.539353  0.562117  0.680959  0.416102  0.799506  0.495431  0.276901  0.542833  0.475515  0.398070  0.400009  0.438686  0.424310  0.352839  0.760121  0.562708  0.514501  0.672094  0.586265  0.554873  0.528730  0.506360  0.512286  0.490194  0.634325  0.412041  0.688792  0.374870  0.538196  0.527873  0.768638  0.503800  0.489690  0.473914  0.643245  0.870128  0.525676  0.520613  0.471964  0.686662  0.530675  0.812696  0.624865  0.476318  0.425308  0.472773  0.840884  0.289512  0.582742  0.689094  0.359830  0.524076  0.438518 
