146
0 0.0  0.810020  0.806933  0.327282  0.507574  0.681341  0.437634  0.523303  0.539371  0.339261  0.442597  0.373729  0.420502  0.801837  0.601311  0.462145  0.746438  0.591807  0.534487  0.592983  0.474834  0.760955  0.516088  0.585672  0.856355  0.859057  0.486565  0.526469  0.432230  0.542795  0.494544  0.450194  0.469242  0.670478  0.904891  0.571473  0.537979  0.751787  0.458777  0.805526  0.783676  0.507194  0.291965  0.400869  0.825043  0.464005  0.441482  0.482444  0.542033  0.416765  0.390404  0.518251  0.438555  0.528480  0.664965  0.562837  0.501313  0.524962  0.669351  0.517860  0.567508  0.383859  0.493093  0.733314  0.535017  0.453948  0.430928  0.748362  0.806747  0.561426  0.376787  0.559607  0.530085  0.630439  0.542366  0.372063  0.448333  0.377186  0.429578  0.801337  0.442409  0.561769  0.800991  0.443454  0.463074  0.396825  0.549141  0.461870  0.575123  0.404429  0.551162  0.428925  0.686878  0.564525  0.406537  0.764137  0.508591  0.821112  0.478052  0.581931  0.491340  0.649393  0.552334  0.474596  0.501762  0.549066  0.546762  0.760733  0.409674  0.475062  0.518082  0.531000  0.446084  0.408189  0.557330  0.459737  0.679545  0.446432  0.411733  0.832264  0.490961  0.559883  0.365116  0.819516  0.462933  0.482072  0.443680  0.638796  0.770576  0.470697  0.507953  0.487497  0.612676  0.542345  0.779588  0.429905  0.471239  0.600362  0.455254  0.698758  0.521737  0.437025  0.723366  0.503377  0.569594  0.408538 
1  0.810020 0.0  0.405332  0.814663  0.747262  0.873758  0.847131  0.874876  0.951257  0.884129  0.790920  0.846600  0.796740  0.714382  0.889749  0.805472  0.725585  0.726424  0.904674  0.709783  0.793924  0.628177  0.817106  0.567380  0.694499  0.783966  0.849253  0.858102  0.861273  0.897243  0.761306  0.834025  0.884523  0.829100  0.687568  0.905044  0.855137  0.794705  0.859638  0.445713  0.867480  0.812764  0.885374  0.829237  0.836452  0.822015  0.890255  0.771311  0.759341  0.835775  0.787122  0.846415  0.864002  0.935990  0.823064  0.878737  0.915635  0.755501  0.484257  0.834665  0.846046  0.843607  0.851288  0.793928  0.739865  0.764516  0.811585  0.709287  0.888938  0.744172  0.865529  0.858114  0.894975  0.803628  0.782796  0.845740  0.812233  0.793269  0.905310  0.578752  1.000000  0.901826  0.767830  0.929835  0.761700  0.773895  0.761649  0.922000  0.658409  0.916087  0.812373  0.955206  0.852675  0.639759  0.937763  0.844800  0.842715  0.582790  0.808797  0.738236  0.779570  0.860903  0.809257  0.808251  0.794232  0.756365  0.788097  0.906567  0.848175  0.872892  0.845811  0.755516  0.800968  0.854855  0.793459  0.810668  0.670712  0.813978  0.797409  0.557910  0.841792  0.799482  0.883916  0.621512  0.884152  0.946818  0.910202  0.760698  0.875169  0.869346  0.780237  0.805719  0.793862  0.794238  0.820279  0.937712  0.700754  0.762683  0.852909  0.662502  0.839868  0.900089  0.750114  0.854986  0.878959  0.800184 
2  0.806933  0.405332 0.0  0.864803  0.823279  0.841307  0.791622  0.865517  0.815970  0.844819  0.776387  0.774726  0.827995  0.883903  0.842364  0.793492  0.700759  0.775465  0.759103  0.798693  0.873376  0.667731  0.775207  0.651795  0.789111  0.791644  0.885702  0.768567  0.799284  0.811390  0.773383  0.885873  0.891282  0.729458  0.727315  0.796239  0.830361  0.735408  0.744347  0.454298  0.701340  0.720856  0.929902  0.728194  0.833088  0.918138  0.891486  0.772836  0.851830  0.779408  0.789281  0.850018  0.822549  0.787845  0.863785  0.778916  0.800851  0.698682  0.548094  0.818738  0.846653  0.938031  0.878790  0.721198  0.836625  0.906339  0.748800  0.500646  0.800218  0.692505  0.789932  0.914078  0.831614  0.886521  0.725556  0.822833  0.840029  0.840597  0.758393  0.616007  0.638333  0.914523  0.864478  0.756364  0.794805  0.817796  0.674556  0.867624  0.672091  0.846105  0.742018  0.795492  0.904183  0.594325  0.764006  0.779801  0.773148  0.505390  0.753926  0.797826  0.848821  0.803198  0.826443  0.781848  0.826957  0.860397  0.915645  0.784668  0.884596  0.721481  0.827268  0.833768  0.908973  0.903898  0.861764  0.818773  0.563444  0.825492  0.838788  0.585957  0.943855  0.740996  0.799661  0.519074  0.777352  0.814914  0.897409  0.679944  0.881319  0.816642  0.861118  0.826095  0.751352  0.845186  0.797375  0.871734  0.860358  0.786519  0.826042  0.646110  0.856884  0.865865  0.737719  0.722756  0.742848  0.843719 
3  0.327282  0.814663  0.864803 0.0  0.417424  0.636956  0.477491  0.515451  0.568806  0.422116  0.488833  0.614233  0.597574  0.911987  0.561436  0.464454  0.620374  0.746456  0.502595  0.651850  0.480063  0.818989  0.522467  0.557248  0.803441  0.714908  0.619594  0.520929  0.508914  0.491619  0.433115  0.496047  0.550663  0.580550  0.738942  0.437131  0.568403  0.741642  0.378182  0.736767  0.770348  0.569759  0.433407  0.363299  0.815485  0.530921  0.395042  0.378385  0.598235  0.598228  0.429783  0.632187  0.474236  0.540141  0.660576  0.442911  0.451169  0.568244  0.568340  0.499745  0.555470  0.553901  0.433790  0.734852  0.524176  0.378873  0.452575  0.842000  0.852610  0.580870  0.426686  0.374302  0.533668  0.563860  0.507186  0.469966  0.493340  0.490188  0.560536  0.834884  0.519833  0.552570  0.824360  0.487957  0.460715  0.488582  0.489353  0.446452  0.677399  0.596457  0.470766  0.457273  0.659889  0.663935  0.413589  0.725908  0.487529  0.835032  0.536718  0.409359  0.580020  0.399280  0.478631  0.466494  0.471979  0.535762  0.476387  0.801487  0.421439  0.523859  0.433203  0.451421  0.537666  0.382567  0.473997  0.454197  0.670524  0.562326  0.437762  0.790016  0.528098  0.386711  0.457568  0.816514  0.374198  0.418387  0.432414  0.721530  0.825278  0.443347  0.508345  0.507971  0.581275  0.635287  0.832943  0.375691  0.460502  0.581562  0.542757  0.769254  0.463931  0.487523  0.775980  0.435449  0.585384  0.437577 
4  0.507574  0.747262  0.823279  0.417424 0.0  0.774585  0.580403  0.500896  0.652198  0.494862  0.462717  0.485128  0.513310  0.722098  0.597171  0.431717  0.874305  0.744289  0.470901  0.589390  0.355347  0.858766  0.480946  0.647744  0.831858  0.799693  0.536736  0.481761  0.485604  0.478906  0.506586  0.477319  0.522018  0.469774  0.689989  0.529548  0.452510  0.770534  0.392601  0.764696  0.814039  0.561473  0.417010  0.686376  0.868285  0.532232  0.424854  0.355318  0.625992  0.552244  0.464910  0.592617  0.486199  0.482172  0.740271  0.599354  0.539586  0.416650  0.694091  0.490264  0.505634  0.591457  0.549279  0.749065  0.521459  0.580415  0.359383  0.854865  0.795457  0.515189  0.422052  0.374452  0.567040  0.478175  0.610756  0.509983  0.513742  0.280570  0.461551  0.776614  0.597084  0.567843  0.826750  0.503294  0.411480  0.575678  0.496083  0.480675  0.772026  0.509301  0.568191  0.436338  0.710052  0.695225  0.536758  0.728027  0.403297  0.773932  0.547273  0.545921  0.568446  0.594671  0.497679  0.528001  0.515436  0.590019  0.519395  0.912773  0.314070  0.477998  0.559752  0.463330  0.432683  0.602863  0.597577  0.411482  0.556066  0.586077  0.463396  0.852464  0.508798  0.549009  0.376021  0.776185  0.487829  0.525106  0.503546  0.649825  0.761310  0.592314  0.491898  0.439333  0.471027  0.556200  0.792585  0.495626  0.576679  0.513021  0.485430  0.667528  0.481301  0.556001  0.762579  0.533929  0.569759  0.390875 
5  0.681341  0.873758  0.841307  0.636956  0.774585 0.0  0.698001  0.639865  0.711371  0.746069  0.691855  0.628211  0.695959  0.775204  0.695527  0.630960  0.780638  0.624836  0.639671  0.521778  0.669033  0.888235  0.788907  0.625113  0.775836  0.734358  0.776692  0.707741  0.762173  0.810694  0.684563  0.677797  0.600519  0.707637  0.841584  0.678572  0.652199  0.716641  0.662165  0.896218  0.834193  0.606238  0.731140  0.771329  0.901405  0.724175  0.726763  0.686298  0.718984  0.689650  0.682308  0.701969  0.783872  0.651373  0.664593  0.715127  0.733208  0.577981  0.588331  0.872343  0.523138  0.606272  0.748970  0.753229  0.705476  0.840498  0.830085  0.855593  0.781052  0.552002  0.745105  0.667035  0.612322  0.652770  0.590010  0.683872  0.624849  0.767703  0.610850  0.905457  0.824180  0.736643  0.828751  0.789727  0.695365  0.795372  0.492029  0.685039  0.664394  0.839691  0.670850  0.639746  0.390632  0.499480  0.642914  0.446153  0.806690  0.829701  0.708198  0.791345  0.690398  0.677874  0.725225  0.611353  0.732785  0.733186  0.679895  0.844843  0.583333  0.777608  0.687221  0.701808  0.689610  0.747180  0.772872  0.740957  0.553648  0.617325  0.705306  0.845035  0.696821  0.683982  0.607591  0.804003  0.673603  0.804270  0.779094  0.671797  0.885603  0.698213  0.726672  0.658649  0.600621  0.639018  0.929184  0.659079  0.688587  0.666994  0.744717  0.713679  0.794423  0.708132  0.793172  0.655020  0.699319  0.605317 
6  0.437634  0.847131  0.791622  0.477491  0.580403  0.698001 0.0  0.526359  0.673890  0.446743  0.408177  0.475770  0.387111  0.858378  0.632292  0.512006  0.722319  0.645832  0.397513  0.665879  0.520682  0.866678  0.596451  0.629125  0.860790  0.876309  0.501740  0.478250  0.479012  0.509764  0.595930  0.492097  0.514183  0.453184  0.827384  0.410923  0.471352  0.778098  0.415879  0.916884  0.673808  0.458699  0.477187  0.370843  0.800833  0.556628  0.387226  0.448685  0.510161  0.632026  0.509529  0.488851  0.416899  0.360419  0.658205  0.526245  0.527037  0.520089  0.628133  0.491716  0.564103  0.615367  0.509871  0.750756  0.470841  0.438017  0.397015  0.742245  0.815124  0.449893  0.455289  0.502455  0.569352  0.494894  0.564888  0.462791  0.403456  0.509017  0.362458  0.873963  0.447887  0.440468  0.793733  0.492228  0.425179  0.454721  0.494742  0.561638  0.721662  0.627340  0.525210  0.511876  0.612180  0.531871  0.496233  0.703470  0.572142  0.878703  0.590468  0.494146  0.457788  0.453305  0.366023  0.532890  0.505926  0.529665  0.478653  0.850932  0.463700  0.439683  0.460189  0.531809  0.597990  0.468479  0.585635  0.492800  0.635497  0.638312  0.460382  0.769761  0.467831  0.488743  0.469714  0.725292  0.485911  0.481022  0.487111  0.574434  0.702520  0.630428  0.474648  0.445189  0.553369  0.533428  0.797724  0.497168  0.594090  0.571862  0.508978  0.741216  0.510564  0.432461  0.685377  0.462680  0.558397  0.460794 
7  0.523303  0.874876  0.865517  0.515451  0.500896  0.639865  0.526359 0.0  0.566838  0.422362  0.458568  0.376230  0.572010  0.702960  0.593388  0.504789  0.658609  0.693346  0.400701  0.544513  0.587217  0.804649  0.485505  0.568627  0.853480  0.726922  0.340987  0.525489  0.438162  0.461181  0.515564  0.539334  0.581563  0.320308  0.846089  0.495644  0.409207  0.785836  0.490850  0.837996  0.742275  0.489419  0.492278  0.495453  0.803863  0.563338  0.485193  0.592400  0.406404  0.465243  0.510391  0.607885  0.516537  0.439423  0.595361  0.326653  0.419308  0.472269  0.673422  0.383472  0.567190  0.435113  0.301850  0.813879  0.438400  0.515332  0.470977  0.759169  0.810920  0.543387  0.600745  0.561810  0.436166  0.720659  0.491877  0.515445  0.463113  0.496502  0.474774  0.780633  0.383627  0.523016  0.801134  0.447330  0.515267  0.516019  0.566326  0.390080  0.801275  0.434395  0.410648  0.430671  0.642838  0.650971  0.422927  0.604220  0.473994  0.914557  0.477225  0.352837  0.494855  0.418307  0.501034  0.566193  0.605516  0.351956  0.365875  0.831643  0.510377  0.527740  0.454208  0.574586  0.593770  0.658296  0.431211  0.474125  0.702834  0.569859  0.422127  0.817729  0.482165  0.510106  0.517803  0.770454  0.539872  0.568014  0.418397  0.637173  0.811051  0.467959  0.348041  0.584833  0.598506  0.697103  0.893542  0.519104  0.554927  0.432245  0.464385  0.798164  0.451695  0.458373  0.684610  0.400298  0.447406  0.444636 
8  0.539371  0.951257  0.815970  0.568806  0.652198  0.711371  0.673890  0.566838 0.0  0.553819  0.602358  0.618868  0.680668  0.773993  0.421027  0.533104  0.807762  0.755709  0.541016  0.507825  0.550071  0.840261  0.620924  0.610879  0.842626  0.923296  0.548155  0.567929  0.538969  0.614717  0.641949  0.550563  0.559555  0.536474  0.909755  0.652356  0.633732  0.720497  0.543628  0.905978  0.776086  0.411874  0.672148  0.599523  0.873814  0.440948  0.670246  0.559097  0.648691  0.579601  0.648176  0.624603  0.666002  0.552905  0.615131  0.564898  0.575458  0.496278  0.543410  0.537923  0.514960  0.718438  0.539479  0.747612  0.526038  0.620008  0.549046  0.810358  0.851086  0.548572  0.597543  0.603575  0.705017  0.486084  0.557693  0.520646  0.575575  0.550114  0.459988  0.801690  0.672149  0.567757  0.791330  0.532996  0.676580  0.500984  0.508403  0.603003  0.717171  0.694088  0.569887  0.555575  0.758344  0.479532  0.485096  0.848484  0.518223  0.835577  0.519181  0.511008  0.612850  0.729860  0.591552  0.665542  0.532269  0.606069  0.473736  0.650073  0.584235  0.580392  0.556564  0.565084  0.542987  0.566784  0.478309  0.587596  0.608133  0.496181  0.552530  0.738752  0.588647  0.583213  0.560305  0.761774  0.674214  0.666187  0.625679  0.573115  0.761468  0.642188  0.607846  0.617910  0.647599  0.704685  0.824911  0.595471  0.578033  0.666296  0.615587  0.705748  0.520298  0.685447  0.771982  0.630667  0.451054  0.391024 
9  0.339261  0.884129  0.844819  0.422116  0.494862  0.746069  0.446743  0.422362  0.553819 0.0  0.462984  0.363790  0.424525  0.857432  0.617572  0.461472  0.770935  0.763823  0.637782  0.558460  0.461463  0.760047  0.475534  0.609333  0.791566  0.713282  0.481640  0.431577  0.380932  0.414987  0.476016  0.476972  0.603564  0.418597  0.812018  0.547343  0.445753  0.718422  0.588612  0.742690  0.741553  0.479975  0.541722  0.489798  0.731098  0.513424  0.390407  0.390548  0.507084  0.370524  0.559101  0.519414  0.510804  0.466018  0.710731  0.388676  0.461201  0.569020  0.594124  0.441028  0.558369  0.436232  0.455372  0.744629  0.478115  0.468458  0.595586  0.827803  0.861133  0.517113  0.489026  0.566801  0.473504  0.469101  0.515526  0.512885  0.550797  0.559577  0.422135  0.839274  0.376885  0.511938  0.734466  0.565557  0.461689  0.551381  0.581548  0.387270  0.715181  0.358984  0.340287  0.510434  0.692691  0.679903  0.469445  0.650049  0.444763  0.798519  0.497415  0.485174  0.432825  0.539086  0.398510  0.538330  0.431523  0.431418  0.366060  0.876813  0.553588  0.503285  0.511612  0.585043  0.514546  0.438439  0.452605  0.397566  0.651369  0.430694  0.487041  0.729001  0.385283  0.528604  0.464161  0.741528  0.506966  0.382091  0.446095  0.554707  0.823817  0.457641  0.449032  0.559309  0.426722  0.570110  0.810905  0.433239  0.528255  0.449621  0.395509  0.780550  0.369015  0.408664  0.778832  0.344629  0.448734  0.491552 
10  0.442597  0.790920  0.776387  0.488833  0.462717  0.691855  0.408177  0.458568  0.602358  0.462984 0.0  0.512276  0.444651  0.725219  0.709350  0.442275  0.839866  0.697012  0.420008  0.708093  0.424366  0.880371  0.535760  0.527659  0.850136  0.778881  0.566224  0.358861  0.506916  0.546146  0.572749  0.532579  0.527878  0.555047  0.834940  0.587962  0.510190  0.791787  0.478076  0.701971  0.642081  0.526374  0.437180  0.526366  0.742577  0.478350  0.452682  0.498722  0.515789  0.582700  0.377882  0.551995  0.453730  0.459163  0.740631  0.490548  0.568062  0.527626  0.518629  0.450978  0.549689  0.547104  0.551343  0.828102  0.406148  0.405514  0.382200  0.909662  0.803803  0.488816  0.392940  0.576652  0.488316  0.405543  0.553602  0.377192  0.478407  0.432510  0.487779  0.818603  0.579624  0.563778  0.793144  0.390246  0.550961  0.454910  0.598791  0.513803  0.616357  0.521916  0.441566  0.532665  0.755573  0.535476  0.461032  0.757440  0.451087  0.845912  0.546882  0.496737  0.568220  0.528236  0.560357  0.563161  0.426643  0.530193  0.510647  0.803158  0.455393  0.510158  0.564990  0.365941  0.354918  0.328165  0.523635  0.551559  0.604617  0.553169  0.444834  0.806159  0.484402  0.426079  0.543002  0.711595  0.410841  0.515946  0.424761  0.646080  0.749783  0.476331  0.507531  0.483131  0.654277  0.577347  0.838436  0.487474  0.519574  0.576318  0.448459  0.694757  0.493945  0.411562  0.756605  0.528471  0.502116  0.421037 
11  0.373729  0.846600  0.774726  0.614233  0.485128  0.628211  0.475770  0.376230  0.618868  0.363790  0.512276 0.0  0.415534  0.741116  0.548356  0.563003  0.761250  0.682419  0.471943  0.631835  0.468660  0.905283  0.445726  0.547238  0.825793  0.650217  0.457896  0.435179  0.436361  0.422739  0.409267  0.620839  0.528143  0.568901  0.925499  0.522909  0.417717  0.714389  0.534489  0.783578  0.712511  0.491159  0.546027  0.624586  0.756767  0.504729  0.517440  0.519067  0.486462  0.514968  0.513216  0.432802  0.498874  0.309065  0.591654  0.518199  0.379073  0.528785  0.640615  0.522810  0.627500  0.523471  0.498037  0.719300  0.528108  0.505331  0.469423  0.733092  0.888026  0.581572  0.601564  0.577830  0.591347  0.497597  0.479060  0.551357  0.426287  0.439143  0.522419  0.864640  0.361322  0.510333  0.854862  0.508239  0.614409  0.503673  0.469551  0.485376  0.773661  0.464904  0.471153  0.408056  0.592102  0.616112  0.568571  0.677183  0.461699  0.752743  0.486350  0.455420  0.466034  0.453525  0.480159  0.381079  0.536661  0.455672  0.558127  0.811707  0.568887  0.562750  0.485203  0.536015  0.509825  0.534582  0.396050  0.395554  0.582733  0.495560  0.507252  0.851645  0.418478  0.491953  0.483929  0.778148  0.559869  0.632736  0.507042  0.618412  0.701636  0.583818  0.431796  0.483803  0.496834  0.563713  0.850826  0.482535  0.458899  0.541092  0.490636  0.798481  0.502879  0.494758  0.591825  0.546657  0.406546  0.402719 
12  0.420502  0.796740  0.827995  0.597574  0.513310  0.695959  0.387111  0.572010  0.680668  0.424525  0.444651  0.415534 0.0  0.839418  0.534360  0.583101  0.775375  0.719459  0.394867  0.625308  0.468567  0.771899  0.416667  0.635767  0.748258  0.777830  0.425050  0.527583  0.438572  0.478589  0.516421  0.376151  0.428421  0.563137  0.883320  0.517435  0.411865  0.889733  0.492394  0.793402  0.751009  0.413825  0.504443  0.367974  0.869833  0.525861  0.387809  0.467856  0.472519  0.549425  0.623220  0.465919  0.393417  0.466309  0.589808  0.430688  0.465641  0.548030  0.562486  0.444030  0.504997  0.532143  0.449664  0.795214  0.442497  0.472720  0.456837  0.660369  0.841053  0.407120  0.488877  0.473791  0.389094  0.614923  0.519316  0.441228  0.524792  0.513825  0.445608  0.774090  0.452088  0.425707  0.846821  0.558175  0.499215  0.465635  0.491820  0.428199  0.702750  0.513433  0.416349  0.586741  0.654026  0.703459  0.473171  0.683822  0.486730  0.927734  0.500075  0.505021  0.579211  0.457887  0.535873  0.593413  0.446749  0.482217  0.451618  0.746806  0.411618  0.402348  0.522689  0.414124  0.523659  0.434364  0.501342  0.451223  0.720013  0.477020  0.609044  0.822567  0.476531  0.518098  0.480613  0.762468  0.508307  0.502755  0.487152  0.653242  0.767936  0.480708  0.487436  0.556356  0.509346  0.558282  0.866094  0.565135  0.449998  0.539305  0.492367  0.699919  0.457829  0.510172  0.821549  0.521368  0.503041  0.326038 
13  0.801837  0.714382  0.883903  0.911987  0.722098  0.775204  0.858378  0.702960  0.773993  0.857432  0.725219  0.741116  0.839418 0.0  0.903398  0.808991  0.845698  0.603290  0.737549  0.821544  0.857881  0.791655  0.885882  0.670026  0.799322  0.831130  0.789761  0.833183  0.801851  0.887998  0.772371  0.891411  0.751673  0.838126  0.896771  0.711552  0.763564  0.769313  0.816062  0.800662  0.793336  0.896966  0.685381  0.940955  0.387607  0.749846  0.781213  0.852031  0.811846  0.799337  0.742430  0.764526  0.739643  0.780433  0.786858  0.752029  0.728280  0.829500  0.541329  0.760565  0.834006  0.893096  0.692903  0.842319  0.837367  0.743607  0.828132  0.786276  0.815413  0.752228  0.751756  0.782496  0.840059  0.718938  0.748437  0.789548  0.828586  0.778065  0.736479  0.766687  0.848617  0.726182  0.807019  0.730010  0.782106  0.795642  0.664971  0.832822  0.683383  0.870120  0.830258  0.907019  0.775846  0.594567  0.843399  0.900136  0.893449  0.668997  0.873935  0.765855  0.864198  0.887788  0.733961  0.864083  0.869846  0.831476  0.769093  0.733559  0.792064  0.842460  0.669537  0.804300  0.805496  0.775782  0.760080  0.884076  0.626668  0.731916  0.840237  0.801911  0.836142  0.787731  0.812016  0.710009  0.824706  0.890719  0.766112  0.757295  0.587782  0.772440  0.922251  0.863513  0.770230  0.704224  0.809204  0.863091  0.815568  0.755915  0.807575  0.595652  0.766470  0.806984  0.538883  0.792201  0.776818  0.824181 
14  0.601311  0.889749  0.842364  0.561436  0.597171  0.695527  0.632292  0.593388  0.421027  0.617572  0.709350  0.548356  0.534360  0.903398 0.0  0.610153  0.698156  0.720682  0.628091  0.552252  0.577855  0.758430  0.681982  0.670093  0.817725  0.794512  0.596205  0.591659  0.569150  0.563987  0.513079  0.605579  0.501929  0.733012  0.762472  0.602799  0.592935  0.899196  0.527242  0.830517  0.722301  0.484171  0.527873  0.628884  0.752981  0.571430  0.484300  0.511285  0.629218  0.503353  0.606180  0.541193  0.594881  0.625778  0.547780  0.620356  0.600953  0.506966  0.622353  0.613401  0.619683  0.516788  0.507561  0.798846  0.534359  0.549160  0.511307  0.805829  0.846837  0.489712  0.592503  0.658658  0.643123  0.425803  0.612955  0.598941  0.598277  0.489570  0.494687  0.827445  0.565177  0.545289  0.728751  0.495132  0.484101  0.570733  0.514130  0.543650  0.668735  0.666024  0.521933  0.552844  0.680220  0.662343  0.539885  0.734202  0.582657  0.893886  0.613842  0.572904  0.663118  0.534355  0.599170  0.682688  0.602267  0.530388  0.546558  0.785738  0.538810  0.582559  0.572630  0.630711  0.628353  0.568813  0.582836  0.500287  0.543802  0.575373  0.567124  0.836179  0.511511  0.570136  0.562677  0.663990  0.596566  0.669573  0.492790  0.525478  0.828270  0.593546  0.505684  0.559182  0.562600  0.633649  0.799956  0.605630  0.644376  0.589601  0.586925  0.714643  0.672870  0.595706  0.750562  0.628749  0.649644  0.578811 
15  0.462145  0.805472  0.793492  0.464454  0.431717  0.630960  0.512006  0.504789  0.533104  0.461472  0.442275  0.563003  0.583101  0.808991  0.610153 0.0  0.767293  0.717858  0.483745  0.524305  0.390887  0.810337  0.520325  0.615115  0.809796  0.766933  0.578636  0.434583  0.415313  0.395528  0.538427  0.521501  0.376791  0.455352  0.815694  0.319929  0.539450  0.736069  0.460947  0.688255  0.637049  0.469756  0.441761  0.503966  0.804605  0.437826  0.348598  0.460627  0.479220  0.480775  0.524508  0.581883  0.516046  0.560716  0.563298  0.520713  0.567857  0.518073  0.681245  0.475584  0.462355  0.574608  0.521687  0.888210  0.428935  0.429585  0.540724  0.683038  0.828099  0.583765  0.385973  0.557812  0.565739  0.489234  0.499209  0.530633  0.494400  0.484168  0.505672  0.779260  0.507633  0.578919  0.865265  0.459240  0.432673  0.415144  0.510489  0.597550  0.697638  0.497054  0.594245  0.490024  0.770692  0.527901  0.563473  0.627682  0.486680  0.872471  0.397050  0.518609  0.535754  0.468554  0.442862  0.514924  0.342121  0.506995  0.513891  0.754354  0.401843  0.350752  0.479755  0.466208  0.536020  0.411589  0.539175  0.464372  0.572991  0.582933  0.508314  0.755819  0.517120  0.511208  0.518683  0.732638  0.562861  0.474093  0.518043  0.682353  0.900802  0.336309  0.575740  0.444766  0.555441  0.516959  0.727336  0.492614  0.467638  0.423161  0.476278  0.753207  0.474671  0.523881  0.855255  0.517345  0.484412  0.488317 
16  0.746438  0.725585  0.700759  0.620374  0.874305  0.780638  0.722319  0.658609  0.807762  0.770935  0.839866  0.761250  0.775375  0.845698  0.698156  0.767293 0.0  0.716408  0.757217  0.749421  0.739870  0.793879  0.878304  0.644885  0.785947  0.763287  0.734386  0.934643  0.801818  0.817777  0.804837  0.681198  0.792808  0.674804  0.878477  0.751121  0.719715  0.781105  0.738973  0.786736  0.785817  0.725436  0.703049  0.664295  0.726147  0.763247  0.744733  0.745056  0.760360  0.758955  0.792241  0.756916  0.722959  0.826230  0.776729  0.813100  0.764751  0.615258  0.582719  0.713044  0.822475  0.835270  0.840936  0.798349  0.748722  0.608672  0.662449  0.847597  0.793678  0.736291  0.793193  0.675986  0.706036  0.687228  0.699407  0.618376  0.664728  0.867252  0.897381  0.680236  0.718555  0.827236  0.771437  0.789244  0.760710  0.746647  0.745875  0.788086  0.498021  0.784232  0.699286  0.716761  0.783149  0.582154  0.741436  0.671773  0.749405  0.719773  0.784084  0.747988  0.693968  0.765881  0.833281  0.721539  0.697545  0.750215  0.678047  0.812165  0.818277  0.812792  0.763315  0.760547  0.732134  0.828101  0.787417  0.779549  0.684441  0.776817  0.810634  0.726338  0.726373  0.770176  0.697778  0.824164  0.925190  0.725729  0.828697  0.781125  0.803842  0.724700  0.750025  0.750684  0.752572  0.786798  0.907659  0.796042  0.801364  0.709343  0.733667  0.695735  0.723986  0.821932  0.667823  0.675368  0.819050  0.770418 
17  0.591807  0.726424  0.775465  0.746456  0.744289  0.624836  0.645832  0.693346  0.755709  0.763823  0.697012  0.682419  0.719459  0.603290  0.720682  0.717858  0.716408 0.0  0.769722  0.694596  0.697233  0.657056  0.614545  0.690877  0.659238  0.812907  0.748597  0.720718  0.751988  0.686899  0.802938  0.741961  0.763562  0.680022  0.698042  0.724440  0.686118  0.723348  0.722465  0.710593  0.780320  0.711330  0.637312  0.682388  0.765122  0.640131  0.690197  0.720107  0.741147  0.669413  0.728035  0.818684  0.632247  0.710286  0.643261  0.741214  0.657153  0.663447  0.629090  0.670373  0.628934  0.708054  0.744843  0.759713  0.781826  0.710808  0.647933  0.837979  0.692095  0.677163  0.723584  0.744077  0.754131  0.725639  0.675882  0.798053  0.637622  0.776921  0.680324  0.749134  0.617566  0.670026  0.729196  0.638189  0.762191  0.787738  0.740979  0.738175  0.693223  0.741482  0.675827  0.668003  0.704872  0.643405  0.756297  0.713578  0.723616  0.633284  0.721111  0.773158  0.713056  0.814418  0.680566  0.669687  0.676259  0.671918  0.648202  0.859841  0.678210  0.730110  0.698440  0.737130  0.756137  0.775372  0.719455  0.758177  0.604865  0.679109  0.691396  0.710791  0.656260  0.703298  0.742418  0.707483  0.810539  0.632857  0.790601  0.773694  0.823098  0.690960  0.712075  0.558296  0.707678  0.688439  0.667119  0.664908  0.690348  0.618273  0.788707  0.771822  0.669665  0.744931  0.668831  0.733600  0.665749  0.780096 
18  0.534487  0.904674  0.759103  0.502595  0.470901  0.639671  0.397513  0.400701  0.541016  0.637782  0.420008  0.471943  0.394867  0.737549  0.628091  0.483745  0.757217  0.769722 0.0  0.621119  0.430915  0.753988  0.427155  0.509278  0.839307  0.825288  0.570798  0.553466  0.483455  0.525076  0.537680  0.546327  0.457189  0.508847  0.771042  0.506153  0.437728  0.845323  0.465027  0.692436  0.804071  0.537505  0.543390  0.489506  0.676235  0.436391  0.594369  0.550916  0.487474  0.564752  0.538368  0.438067  0.468727  0.502152  0.636606  0.479725  0.520839  0.499332  0.517503  0.466724  0.532660  0.541985  0.571024  0.695707  0.507546  0.483549  0.386583  0.867832  0.867481  0.535375  0.437184  0.434201  0.373081  0.604284  0.503002  0.435634  0.445047  0.536300  0.425550  0.911993  0.469970  0.534975  0.750891  0.361758  0.476101  0.461018  0.437223  0.453990  0.710033  0.411711  0.544578  0.461646  0.712085  0.630778  0.442864  0.662844  0.527756  0.824417  0.498513  0.531991  0.453945  0.579522  0.378565  0.493925  0.469827  0.365202  0.468030  0.820583  0.408068  0.455005  0.498150  0.474394  0.537288  0.463539  0.379513  0.560687  0.589413  0.645008  0.577392  0.818910  0.496356  0.521099  0.494614  0.849520  0.538064  0.639857  0.510981  0.621349  0.818304  0.504259  0.552265  0.420053  0.605230  0.592688  0.768717  0.461694  0.607667  0.343774  0.505157  0.734686  0.523500  0.372976  0.780722  0.474320  0.573913  0.385856 
19  0.592983  0.709783  0.798693  0.651850  0.589390  0.521778  0.665879  0.544513  0.507825  0.558460  0.708093  0.631835  0.625308  0.821544  0.552252  0.524305  0.749421  0.694596  0.621119 0.0  0.699805  0.724336  0.649462  0.571572  0.844498  0.742610  0.500699  0.579127  0.617407  0.621617  0.501793  0.651417  0.563086  0.557268  0.743010  0.545069  0.537160  0.744320  0.572993  0.715961  0.805634  0.558719  0.673892  0.612962  0.727412  0.510200  0.638464  0.567255  0.538620  0.665466  0.534672  0.636195  0.641722  0.578880  0.689103  0.486124  0.575719  0.531259  0.500361  0.637371  0.586822  0.541833  0.612308  0.855609  0.567999  0.522064  0.562257  0.765544  0.798474  0.493175  0.578539  0.652239  0.505950  0.712806  0.484632  0.648123  0.628236  0.600530  0.578094  0.868053  0.557818  0.525617  0.722783  0.687869  0.536052  0.480251  0.474198  0.575364  0.712194  0.591526  0.596769  0.580611  0.475580  0.578020  0.495053  0.444034  0.638503  0.733602  0.651362  0.624334  0.634369  0.606118  0.676382  0.524775  0.664471  0.600251  0.585358  0.859359  0.529089  0.648700  0.594888  0.651443  0.605843  0.569286  0.562499  0.690849  0.588521  0.583124  0.591731  0.737319  0.596658  0.691465  0.592288  0.772643  0.530877  0.689098  0.650817  0.584707  0.721732  0.587775  0.712790  0.577785  0.637675  0.599217  0.819653  0.562675  0.656908  0.561236  0.499861  0.659359  0.545776  0.592956  0.784256  0.575613  0.554006  0.611405 
20  0.474834  0.793924  0.873376  0.480063  0.355347  0.669033  0.520682  0.587217  0.550071  0.461463  0.424366  0.468660  0.468567  0.857881  0.577855  0.390887  0.739870  0.697233  0.430915  0.699805 0.0  0.766371  0.553752  0.586907  0.903743  0.695565  0.562379  0.479062  0.506939  0.332556  0.469310  0.371847  0.398464  0.422179  0.811336  0.456643  0.510465  0.755875  0.498618  0.767407  0.797475  0.425879  0.484814  0.488785  0.830818  0.508187  0.376238  0.524263  0.433707  0.562672  0.434945  0.483672  0.469903  0.427519  0.646958  0.481663  0.457076  0.539194  0.613510  0.477763  0.527971  0.496789  0.453524  0.724841  0.460505  0.486957  0.437600  0.705272  0.816921  0.515452  0.342358  0.493656  0.597352  0.584054  0.468966  0.500372  0.532347  0.335396  0.462919  0.975340  0.551961  0.540513  0.847462  0.424301  0.455724  0.435455  0.485675  0.535690  0.738221  0.534826  0.438765  0.464769  0.631209  0.607588  0.406002  0.716335  0.541026  0.821856  0.513750  0.550208  0.483136  0.527546  0.528210  0.477494  0.451984  0.465970  0.417817  0.766202  0.467274  0.523656  0.391078  0.480414  0.448398  0.567221  0.610602  0.448153  0.588908  0.498288  0.388214  0.752430  0.416974  0.453932  0.496529  0.665209  0.370834  0.469581  0.400970  0.778832  0.810743  0.459522  0.570999  0.504333  0.434224  0.732214  0.830471  0.473397  0.460789  0.438363  0.481449  0.746389  0.487360  0.466515  0.726112  0.495171  0.488768  0.505547 
21  0.760955  0.628177  0.667731  0.818989  0.858766  0.888235  0.866678  0.804649  0.840261  0.760047  0.880371  0.905283  0.771899  0.791655  0.758430  0.810337  0.793879  0.657056  0.753988  0.724336  0.766371 0.0  0.810434  0.751463  0.890942  0.838495  0.808378  0.794826  0.776061  0.792897  0.903102  0.826535  0.842964  0.947554  0.421913  0.736944  0.734170  0.759732  0.826763  0.555636  0.904219  0.784134  0.933759  0.723029  0.808489  0.784594  0.803801  0.860519  0.734807  0.793097  0.843299  0.795317  0.858741  0.804515  0.751158  0.895084  0.756921  0.676700  0.620826  0.711494  0.918547  0.793440  0.886124  0.706845  0.833843  0.795663  0.850777  0.399288  0.827531  0.670619  0.928406  0.796901  0.855622  0.850409  0.848444  0.822370  0.812937  0.827315  0.877551  0.471084  0.852450  0.841216  0.835112  0.873571  0.915744  0.872309  0.727692  0.750593  0.692622  0.778903  0.776735  0.760663  0.788550  0.563002  0.812072  0.885700  0.743178  0.667637  0.816902  0.846356  0.791133  0.866978  0.779673  0.836939  0.881518  0.770018  0.878078  0.778286  0.771691  0.796549  0.726143  0.971246  0.845681  0.868611  0.758224  0.978817  0.622402  0.938921  0.835159  0.406615  0.809717  0.877318  0.790403  0.696838  0.806335  0.862503  0.868632  0.819131  0.868736  0.812688  0.883737  0.836177  0.763312  0.815920  0.852924  0.740610  0.887616  0.802752  0.758941  0.705503  0.872791  0.861838  0.799926  0.799058  0.914696  0.710069 
22  0.516088  0.817106  0.775207  0.522467  0.480946  0.788907  0.596451  0.485505  0.620924  0.475534  0.535760  0.445726  0.416667  0.885882  0.681982  0.520325  0.878304  0.614545  0.427155  0.649462  0.553752  0.810434 0.0  0.706570  0.906887  0.808869  0.394819  0.397255  0.353848  0.579840  0.478134  0.508118  0.445925  0.417841  0.911954  0.619128  0.433520  0.791006  0.530789  0.830849  0.769020  0.527043  0.451607  0.491261  0.800052  0.438916  0.380151  0.429605  0.437394  0.324982  0.506493  0.464045  0.636933  0.472927  0.639724  0.407493  0.500771  0.478276  0.616894  0.419773  0.484668  0.538360  0.518559  0.817398  0.416726  0.483267  0.533649  0.784839  0.881991  0.462855  0.568240  0.518179  0.412924  0.569400  0.421463  0.422702  0.490707  0.615000  0.426220  0.821387  0.400340  0.563828  0.736257  0.498509  0.523252  0.552896  0.633148  0.456989  0.773130  0.392614  0.568046  0.340431  0.717990  0.584653  0.422547  0.747137  0.465364  0.792616  0.482928  0.386528  0.399794  0.402101  0.395075  0.418926  0.471558  0.425620  0.389471  0.793624  0.472203  0.611647  0.518903  0.495164  0.587837  0.543020  0.465012  0.518224  0.620936  0.647769  0.579482  0.871216  0.416539  0.538010  0.602488  0.717718  0.544704  0.531825  0.555984  0.668350  0.816015  0.579713  0.460594  0.510075  0.494141  0.549544  0.912613  0.542016  0.456553  0.526924  0.446557  0.664900  0.472133  0.419331  0.767345  0.497178  0.459420  0.410028 
23  0.585672  0.567380  0.651795  0.557248  0.647744  0.625113  0.629125  0.568627  0.610879  0.609333  0.527659  0.547238  0.635767  0.670026  0.670093  0.615115  0.644885  0.690877  0.509278  0.571572  0.586907  0.751463  0.706570 0.0  0.661606  0.497110  0.572894  0.641209  0.580321  0.622138  0.624655  0.591127  0.737707  0.595125  0.490504  0.589330  0.607684  0.617883  0.565385  0.574141  0.676304  0.576641  0.666469  0.704848  0.517674  0.615288  0.679301  0.594695  0.632249  0.628714  0.570652  0.631642  0.536872  0.639533  0.574486  0.622465  0.642722  0.639143  0.585182  0.673500  0.749062  0.718073  0.686762  0.688202  0.537019  0.570094  0.655536  0.476934  0.681389  0.608100  0.517411  0.650423  0.593699  0.631645  0.576441  0.580401  0.581368  0.573062  0.647976  0.619466  0.714164  0.605540  0.693733  0.606882  0.662089  0.472056  0.561774  0.527915  0.635688  0.594060  0.684306  0.633409  0.507142  0.486766  0.545514  0.609533  0.528731  0.626092  0.651208  0.539028  0.682073  0.648550  0.608740  0.581791  0.604556  0.531466  0.563464  0.769042  0.573636  0.584864  0.671297  0.632651  0.578243  0.634845  0.496548  0.681712  0.574765  0.692245  0.656616  0.656740  0.621609  0.667923  0.601622  0.629692  0.589732  0.620711  0.703129  0.598168  0.666631  0.722112  0.603527  0.573889  0.597951  0.614864  0.645670  0.565015  0.550268  0.597318  0.683280  0.668784  0.576235  0.633596  0.532251  0.636641  0.695602  0.619787 
24  0.856355  0.694499  0.789111  0.803441  0.831858  0.775836  0.860790  0.853480  0.842626  0.791566  0.850136  0.825793  0.748258  0.799322  0.817725  0.809796  0.785947  0.659238  0.839307  0.844498  0.903743  0.890942  0.906887  0.661606 0.0  0.483582  0.750646  0.660797  0.812066  0.920268  0.685823  0.829306  0.753020  0.862911  0.875020  0.879187  0.746133  0.575420  0.790059  0.833192  0.599411  0.856192  0.903177  0.704627  0.770212  0.814680  0.864798  0.652238  0.716277  0.843539  0.764753  0.898055  0.853790  0.826599  0.836175  0.729893  0.796780  0.795010  0.595727  0.850464  0.902613  0.830117  0.745466  0.813479  0.791521  0.681956  0.711284  0.874475  0.869003  0.760411  0.702144  0.817321  0.806097  0.751569  0.718215  0.836260  0.858287  0.784478  0.834094  0.862976  0.804618  0.793722  0.743386  0.816097  0.802885  0.751590  0.804419  0.859405  0.675156  0.769285  0.784307  0.770334  0.718739  0.743704  0.912334  0.876367  0.875962  0.872013  0.755872  0.770552  0.789086  0.783339  0.753022  0.832749  0.782944  0.857268  0.790997  0.774673  0.669300  0.884870  0.784368  0.790070  0.827947  0.896039  0.834278  0.825099  0.672237  0.778932  0.785846  0.811581  0.782670  0.887429  0.825333  0.746402  0.825186  0.795823  0.894516  0.706658  0.718966  0.846234  0.786470  0.791619  0.731154  0.675186  0.821178  0.821896  0.825602  0.782326  0.866585  0.548229  0.700339  0.747816  0.707019  0.882201  0.745172  0.815406 
25  0.859057  0.783966  0.791644  0.714908  0.799693  0.734358  0.876309  0.726922  0.923296  0.713282  0.778881  0.650217  0.777830  0.831130  0.794512  0.766933  0.763287  0.812907  0.825288  0.742610  0.695565  0.838495  0.808869  0.497110  0.483582 0.0  0.827171  0.765351  0.814678  0.778639  0.907079  0.788593  0.785607  0.860503  0.818265  0.800214  0.768346  0.613019  0.811039  0.825354  0.593460  0.783054  0.761215  0.838921  0.887538  0.911822  0.786652  0.741632  0.859869  0.787837  0.771377  0.846360  0.732506  0.818206  0.859387  0.734764  0.903039  0.777694  0.591763  0.836971  0.791602  0.866810  0.906075  0.745492  0.747696  0.869984  0.898524  0.823047  0.781230  0.824329  0.765333  0.899379  0.736524  0.779330  0.870366  0.816121  0.790716  0.772467  0.931959  0.800696  0.751425  0.724893  0.814030  0.842189  0.802099  0.819498  0.805334  0.777568  0.681869  0.816694  0.789069  0.794933  0.797507  0.710191  0.678979  0.888672  0.863317  0.771075  0.822262  0.780995  0.788227  0.874525  0.845817  0.739619  0.793484  0.852032  0.841189  0.770719  0.896345  0.888963  0.741299  0.718590  0.833975  0.890331  0.778080  0.740686  0.651082  0.767483  0.878720  0.805885  0.832331  0.776977  0.808595  0.754587  0.765738  0.665679  0.826778  0.793152  0.754632  0.884037  0.798589  0.855336  0.660763  0.682783  0.664429  0.831535  0.808747  0.876183  0.810380  0.443486  0.821905  0.806239  0.794142  0.735295  0.869395  0.776700 
26  0.486565  0.849253  0.885702  0.619594  0.536736  0.776692  0.501740  0.340987  0.548155  0.481640  0.566224  0.457896  0.425050  0.789761  0.596205  0.578636  0.734386  0.748597  0.570798  0.500699  0.562379  0.808378  0.394819  0.572894  0.750646  0.827171 0.0  0.548412  0.405588  0.473288  0.423148  0.487958  0.395659  0.361228  0.887776  0.466214  0.369786  0.812205  0.472911  0.760075  0.832739  0.476067  0.509902  0.399679  0.759875  0.514769  0.619665  0.466252  0.372405  0.429415  0.589680  0.477535  0.452422  0.564926  0.605303  0.428708  0.443720  0.559430  0.607236  0.420228  0.552766  0.502433  0.411206  0.852514  0.476596  0.558007  0.572043  0.709827  0.872974  0.512182  0.580198  0.504036  0.356313  0.602444  0.442036  0.487662  0.574771  0.550317  0.512857  0.848212  0.443152  0.464033  0.712468  0.585007  0.564964  0.543593  0.497652  0.396726  0.682157  0.378252  0.465068  0.373724  0.601227  0.521190  0.520657  0.704453  0.496963  0.843700  0.435063  0.358538  0.443912  0.381248  0.317340  0.393816  0.568318  0.504412  0.422178  0.791701  0.572333  0.488929  0.508082  0.510383  0.512747  0.535249  0.470311  0.484871  0.593672  0.487150  0.415765  0.752083  0.464599  0.508569  0.458713  0.703706  0.547575  0.578918  0.421377  0.601120  0.859725  0.444415  0.403542  0.545008  0.548763  0.574112  0.806529  0.471698  0.454716  0.483875  0.445435  0.733836  0.330886  0.553146  0.718448  0.516914  0.431240  0.358724 
