146
0 0.0  0.862314  0.738114  0.386694  0.364680  0.695081  0.387986  0.594110  0.574502  0.533871  0.414930  0.484897  0.524390  0.901371  0.489018  0.510451  0.797551  0.696085  0.463220  0.486287  0.464508  0.711618  0.432542  0.626157  0.773969  0.778968  0.456397  0.430042  0.571354  0.400486  0.491327  0.484830  0.385166  0.468281  0.758272  0.516914  0.440052  0.745669  0.379726  0.750917  0.813100  0.449695  0.402535  0.386135  0.760318  0.398772  0.396694  0.421721  0.609114  0.542871  0.510932  0.491572  0.344587  0.613513  0.608030  0.551465  0.480747  0.472942  0.667299  0.443346  0.440783  0.496406  0.561581  0.747590  0.494571  0.423919  0.400827  0.805562  0.843691  0.483702  0.386202  0.469438  0.621971  0.515313  0.458343  0.353719  0.481281  0.409852  0.373289  0.709419  0.536040  0.517233  0.789756  0.490579  0.516257  0.406979  0.520508  0.478619  0.735384  0.375454  0.476015  0.491060  0.613148  0.620547  0.448365  0.665885  0.451955  0.830119  0.577457  0.466149  0.535121  0.587561  0.494118  0.470273  0.362255  0.380979  0.506912  0.847330  0.397573  0.583022  0.491071  0.480170  0.418483  0.385197  0.521040  0.368138  0.604551  0.562938  0.406891  0.759660  0.555806  0.468814  0.555785  0.724483  0.494144  0.445130  0.309001  0.515545  0.752375  0.528301  0.576542  0.435231  0.527461  0.549994  0.835739  0.497023  0.480882  0.522391  0.554393  0.804082  0.486038  0.442551  0.751824  0.441614  0.580245  0.463103 
1  0.862314 0.0  0.517781  0.796706  0.789075  0.836106  0.838501  1.000000  0.823827  0.875483  0.836614  0.911964  0.720905  0.737335  0.892225  0.730357  0.798438  0.773858  0.753290  0.759307  0.683146  0.666056  0.829597  0.569575  0.805745  0.808823  0.861505  0.849999  0.749081  0.784312  0.920336  0.813213  0.818818  0.891795  0.706769  0.844824  0.970223  0.802283  0.829949  0.422444  0.870041  0.780546  0.882539  0.775032  0.811578  0.816847  0.909195  0.795497  0.850183  0.806841  0.772370  0.788004  0.816936  0.766945  0.754693  0.875195  0.838593  0.721677  0.579608  0.757273  0.825327  0.714527  0.730426  0.745261  0.750167  0.948522  0.780364  0.640375  0.854358  0.660891  0.757929  0.842815  0.851447  0.764948  0.882702  0.723845  0.791111  0.816015  0.754131  0.609511  0.854351  0.767260  0.834496  0.967258  0.888840  0.703676  0.657487  0.935136  0.731615  0.743096  0.803038  0.743161  0.712912  0.556612  0.950070  0.826357  0.754867  0.699449  0.853406  0.753642  0.893524  0.817994  0.818089  0.903918  0.745046  0.827958  0.847940  0.777414  0.876439  0.839059  0.763913  0.758424  0.828028  0.749302  0.794700  0.842309  0.547593  0.768912  0.780082  0.640096  0.845911  0.889700  0.778143  0.495615  0.716341  0.812124  0.758198  0.806649  0.832869  0.718490  0.815008  0.848168  0.739562  0.636961  0.769385  0.756026  0.733268  0.817250  0.798514  0.650135  0.865755  0.860356  0.792187  0.870203  0.791720  0.827530 
2  0.738114  0.517781 0.0  0.828094  0.848458  0.718671  0.763309  0.738886  0.765145  0.765539  0.847472  0.716293  0.802344  0.785057  0.799462  0.728806  0.699806  0.630297  0.858872  0.769340  0.812820  0.601003  0.851041  0.694573  0.709277  0.879164  0.826754  0.747753  0.808230  0.891679  0.746184  0.837528  0.876478  0.779784  0.746334  0.870807  0.772461  0.746108  0.800592  0.500550  0.716287  0.708704  0.912337  0.800299  0.767424  0.749515  0.792047  0.735169  0.836596  0.844086  0.776826  0.715465  0.770122  0.929644  0.796764  0.827772  0.817144  0.683335  0.607973  0.757656  0.793979  0.765561  0.762132  0.764005  0.850610  0.789644  0.754478  0.579846  0.729213  0.665609  0.848328  0.728081  0.856024  0.754121  0.814078  0.911269  0.800026  0.814065  0.865329  0.642094  0.767323  0.771234  0.845923  0.772098  0.840370  0.851600  0.752546  0.763744  0.769573  0.798021  0.723077  0.818416  0.795337  0.594128  0.840801  0.764168  0.778191  0.500740  0.892701  0.757177  0.851335  0.771935  0.738414  0.784741  0.809795  0.850559  0.900374  0.791235  0.847613  0.851304  0.802872  0.803850  0.824830  0.734545  0.755155  0.720574  0.555772  0.842564  0.823635  0.583923  0.853314  0.791981  0.759068  0.484813  0.694985  0.917946  0.749755  0.771360  0.784436  0.749451  0.796379  0.837718  0.770903  0.794304  0.880793  0.787866  0.817928  0.875112  0.759312  0.742669  0.810016  0.805572  0.712785  0.805050  0.765822  0.895766 
3  0.386694  0.796706  0.828094 0.0  0.433718  0.638191  0.366088  0.522460  0.636971  0.440403  0.333391  0.486379  0.434983  0.814062  0.470689  0.503054  0.671352  0.688895  0.428108  0.514653  0.346540  0.785514  0.521038  0.615023  0.892602  0.839249  0.532695  0.414562  0.474395  0.537494  0.498272  0.514603  0.374030  0.464675  0.828924  0.513101  0.479267  0.706627  0.519034  0.714285  0.684750  0.550587  0.321437  0.342804  0.876827  0.469364  0.491872  0.411234  0.585227  0.539327  0.396027  0.468438  0.358960  0.501623  0.598204  0.516504  0.540389  0.514790  0.549060  0.526322  0.470306  0.483133  0.453634  0.690544  0.503970  0.447049  0.462434  0.814403  0.767451  0.540281  0.416781  0.468522  0.538594  0.603787  0.611131  0.471200  0.536217  0.450922  0.388520  0.749781  0.493661  0.396407  0.669101  0.528285  0.446524  0.542565  0.446519  0.526474  0.707583  0.489187  0.556343  0.508181  0.632365  0.667252  0.417229  0.702636  0.602269  0.851075  0.538681  0.533946  0.569880  0.558872  0.492329  0.519158  0.492814  0.485460  0.418440  0.822754  0.376989  0.335338  0.391941  0.422868  0.433337  0.312001  0.501752  0.487067  0.552329  0.507771  0.451504  0.766291  0.555903  0.520853  0.488122  0.802454  0.338079  0.411481  0.542016  0.601006  0.806306  0.479066  0.458593  0.400717  0.612445  0.595713  0.904908  0.364971  0.557091  0.514164  0.472817  0.692944  0.503572  0.464624  0.769903  0.554106  0.536986  0.420849 
4  0.364680  0.789075  0.848458  0.433718 0.0  0.742222  0.497250  0.536242  0.587763  0.485415  0.533006  0.503695  0.574525  0.892128  0.580455  0.486946  0.677674  0.670313  0.573751  0.540139  0.501130  0.763956  0.491642  0.497460  0.829924  0.708136  0.513720  0.515372  0.376616  0.368894  0.488329  0.478990  0.451569  0.471132  0.777172  0.428928  0.565881  0.788053  0.448193  0.727553  0.700281  0.494316  0.511557  0.487312  0.725085  0.601377  0.436595  0.574722  0.561353  0.533820  0.479045  0.459072  0.505813  0.431646  0.650620  0.486596  0.590834  0.459898  0.666347  0.526336  0.518092  0.444825  0.573626  0.817624  0.536140  0.563337  0.514561  0.810860  0.851576  0.559181  0.378206  0.401537  0.522290  0.613506  0.465565  0.549446  0.481739  0.463271  0.471266  0.844777  0.527429  0.570681  0.790529  0.482453  0.485990  0.386982  0.530481  0.535855  0.684795  0.595638  0.508888  0.518839  0.750463  0.661705  0.561583  0.755844  0.518979  0.780844  0.473839  0.371080  0.465241  0.513732  0.506212  0.510200  0.428782  0.611650  0.481754  0.774324  0.534479  0.526218  0.390619  0.380577  0.429869  0.348190  0.510440  0.318714  0.594669  0.643811  0.546530  0.773209  0.585901  0.461675  0.402224  0.687063  0.520587  0.455065  0.489269  0.665732  0.865891  0.530761  0.479986  0.427386  0.629938  0.584500  0.695729  0.512157  0.586553  0.469036  0.419719  0.628617  0.465880  0.346335  0.797680  0.492540  0.457257  0.396602 
5  0.695081  0.836106  0.718671  0.638191  0.742222 0.0  0.603927  0.708503  0.673951  0.650933  0.684051  0.645591  0.700166  0.759184  0.644663  0.765540  0.750239  0.705837  0.628825  0.523940  0.576731  0.795385  0.638418  0.572092  0.770972  0.869396  0.578435  0.767811  0.704225  0.747328  0.615657  0.667928  0.646242  0.662127  0.843463  0.686611  0.645826  0.692511  0.728880  0.819633  0.727781  0.580914  0.705655  0.660484  0.793756  0.702321  0.757737  0.768120  0.666013  0.604838  0.598972  0.706540  0.720681  0.712245  0.614570  0.701349  0.715921  0.523909  0.654408  0.742220  0.571533  0.727949  0.681085  0.692898  0.764691  0.661375  0.768190  0.675600  0.858176  0.559797  0.627188  0.590805  0.672640  0.644936  0.704501  0.719138  0.587243  0.607118  0.651690  0.723775  0.760167  0.706259  0.763602  0.626926  0.611522  0.719852  0.470447  0.681383  0.692538  0.721237  0.624397  0.546486  0.436395  0.588180  0.736033  0.446204  0.707803  0.736815  0.815990  0.751353  0.714784  0.706432  0.625894  0.693558  0.745899  0.667207  0.745462  0.804284  0.660816  0.626351  0.696725  0.718711  0.806450  0.697029  0.664751  0.727386  0.575118  0.690061  0.737398  0.779809  0.644502  0.739667  0.735611  0.757277  0.632598  0.686651  0.674033  0.536708  0.743229  0.757307  0.682756  0.695295  0.545072  0.582723  0.827169  0.676441  0.742717  0.670714  0.727446  0.782715  0.692298  0.637946  0.751401  0.718338  0.613698  0.576746 
6  0.387986  0.838501  0.763309  0.366088  0.497250  0.603927 0.0  0.496973  0.600036  0.427236  0.490167  0.501972  0.492565  0.704255  0.518294  0.481599  0.764412  0.792268  0.439175  0.633566  0.397531  0.866631  0.470892  0.647460  0.780829  0.735930  0.521170  0.470348  0.672199  0.479787  0.452284  0.499282  0.390458  0.641220  0.792720  0.479631  0.453425  0.723686  0.440531  0.775488  0.733825  0.548300  0.328550  0.335324  0.746778  0.497812  0.559457  0.381530  0.574784  0.491680  0.372864  0.533325  0.493772  0.481224  0.666976  0.540815  0.404005  0.442396  0.599623  0.620279  0.535689  0.511321  0.531892  0.704897  0.511916  0.315909  0.385317  0.786064  0.851641  0.406375  0.432010  0.483781  0.560530  0.609101  0.483492  0.363322  0.446740  0.431490  0.393456  0.852489  0.434200  0.488233  0.840924  0.443162  0.470820  0.393334  0.553643  0.517586  0.703729  0.529649  0.582100  0.507202  0.650208  0.482007  0.570026  0.679783  0.624362  0.842200  0.479938  0.435393  0.559115  0.522976  0.443096  0.397578  0.363670  0.465693  0.660313  0.830772  0.424294  0.398106  0.589892  0.363090  0.456284  0.510588  0.603909  0.538150  0.560102  0.470394  0.461912  0.744577  0.604107  0.376843  0.463315  0.758000  0.394221  0.431190  0.502034  0.640558  0.690370  0.470432  0.437040  0.537509  0.559484  0.576353  0.768648  0.514156  0.568250  0.582153  0.515860  0.727267  0.473182  0.490557  0.816032  0.523174  0.494643  0.329051 
7  0.594110  1.000000  0.738886  0.522460  0.536242  0.708503  0.496973 0.0  0.536738  0.381909  0.547452  0.483894  0.540304  0.781781  0.598383  0.531077  0.746092  0.626342  0.360705  0.584932  0.462394  0.842935  0.340588  0.603558  0.778294  0.864720  0.339220  0.479936  0.389549  0.570004  0.418720  0.537198  0.367298  0.388043  0.794711  0.427728  0.439494  0.723712  0.404002  0.734778  0.741456  0.496762  0.523777  0.552396  0.785064  0.554049  0.594196  0.467616  0.444989  0.459938  0.524221  0.467865  0.520140  0.440264  0.632987  0.471507  0.509913  0.473639  0.543176  0.366932  0.469684  0.511314  0.387770  0.697131  0.522301  0.561284  0.464278  0.800369  0.824612  0.531748  0.555851  0.529383  0.531087  0.577374  0.345666  0.550061  0.585319  0.452304  0.458089  0.911152  0.396067  0.428775  0.792579  0.532744  0.533495  0.474766  0.488073  0.315066  0.685753  0.414614  0.338747  0.376524  0.703840  0.560507  0.408134  0.740942  0.380460  0.808801  0.373222  0.422400  0.373033  0.377700  0.497799  0.445149  0.524877  0.369646  0.298261  0.835483  0.584782  0.469453  0.528035  0.501503  0.467973  0.512381  0.391154  0.496478  0.584186  0.639583  0.549776  0.880542  0.421500  0.527071  0.431979  0.726678  0.518924  0.598626  0.487580  0.629467  0.785635  0.491501  0.455167  0.439487  0.540531  0.600969  0.852538  0.513859  0.379325  0.474705  0.422667  0.652747  0.423733  0.485690  0.761403  0.454130  0.539243  0.459418 
8  0.574502  0.823827  0.765145  0.636971  0.587763  0.673951  0.600036  0.536738 0.0  0.616782  0.443037  0.471929  0.584702  0.726724  0.417977  0.503527  0.728212  0.621313  0.515472  0.521196  0.508466  0.819216  0.512200  0.541174  0.813410  0.781636  0.540054  0.504006  0.661367  0.596630  0.615128  0.565314  0.673557  0.530842  0.832393  0.513746  0.546667  0.878625  0.616627  0.706241  0.679697  0.468187  0.592803  0.543645  0.671803  0.583267  0.616679  0.546488  0.650212  0.560777  0.577596  0.642770  0.586483  0.508671  0.653064  0.589648  0.646518  0.470516  0.662319  0.499825  0.606601  0.595683  0.538698  0.725528  0.496359  0.579677  0.582020  0.738377  0.823448  0.422962  0.596842  0.495685  0.585094  0.435225  0.472552  0.518629  0.594770  0.657087  0.518853  0.823185  0.679412  0.472450  0.715836  0.687076  0.498919  0.477203  0.504622  0.585747  0.653964  0.695523  0.525917  0.637689  0.694901  0.595615  0.682235  0.649650  0.600719  0.760057  0.613246  0.619824  0.568957  0.517902  0.551454  0.569630  0.564064  0.445837  0.688864  0.811758  0.543701  0.499216  0.611620  0.594828  0.573745  0.562685  0.749174  0.478069  0.545576  0.438603  0.664963  0.792769  0.583706  0.534592  0.600316  0.673910  0.605700  0.569250  0.582740  0.569779  0.964638  0.635677  0.584054  0.639503  0.595455  0.645012  0.843557  0.587866  0.598227  0.575631  0.595414  0.774017  0.633845  0.533879  0.779732  0.679345  0.559455  0.594462 
9  0.533871  0.875483  0.765539  0.440403  0.485415  0.650933  0.427236  0.381909  0.616782 0.0  0.476820  0.478942  0.505387  0.786910  0.605122  0.489207  0.652592  0.742917  0.446232  0.555427  0.462753  0.766531  0.414150  0.655378  0.860281  0.729330  0.438909  0.465958  0.396026  0.494906  0.451098  0.472936  0.423541  0.450767  0.826839  0.384068  0.523289  0.775480  0.553568  0.743508  0.782584  0.454672  0.414676  0.415471  0.780679  0.471580  0.481085  0.462548  0.535803  0.467199  0.481867  0.504667  0.503141  0.349849  0.592648  0.449931  0.508440  0.372033  0.636600  0.438270  0.452325  0.544377  0.432465  0.611155  0.507491  0.377403  0.511646  0.852306  0.786001  0.562109  0.515649  0.438445  0.415231  0.571153  0.412478  0.450011  0.530314  0.537699  0.477561  0.837095  0.517966  0.423891  0.751623  0.456206  0.463544  0.429299  0.596828  0.468486  0.695084  0.420711  0.468956  0.481668  0.728132  0.603228  0.486953  0.634241  0.513675  0.731428  0.416664  0.538858  0.469215  0.428854  0.525802  0.542948  0.511373  0.428362  0.414382  0.838885  0.405886  0.369266  0.506468  0.522427  0.532038  0.447052  0.490929  0.465696  0.530782  0.577673  0.505271  0.869081  0.430802  0.508278  0.430004  0.789779  0.492194  0.518041  0.501207  0.509986  0.784367  0.566982  0.483414  0.521573  0.542527  0.594080  0.853718  0.491062  0.484844  0.469597  0.350303  0.744364  0.438921  0.527714  0.756946  0.460681  0.504757  0.379619 
10  0.414930  0.836614  0.847472  0.333391  0.533006  0.684051  0.490167  0.547452  0.443037  0.476820 0.0  0.472232  0.534990  0.855415  0.576718  0.513711  0.785592  0.633770  0.429812  0.597231  0.465882  0.866129  0.543795  0.696402  0.760514  0.723662  0.535591  0.419080  0.536265  0.482002  0.544254  0.472725  0.447106  0.417875  0.785013  0.492109  0.593076  0.831423  0.424974  0.783970  0.751030  0.463240  0.442943  0.465756  0.805616  0.485331  0.414525  0.438200  0.450499  0.442911  0.429821  0.421966  0.380658  0.496743  0.650819  0.435090  0.438126  0.619452  0.631601  0.573687  0.573948  0.563400  0.633161  0.798974  0.547213  0.444909  0.458078  0.876196  0.898379  0.592489  0.462073  0.529601  0.544503  0.676602  0.449200  0.408004  0.468367  0.468958  0.427072  0.831652  0.661908  0.532252  0.768489  0.477788  0.453839  0.456906  0.498787  0.489446  0.676686  0.442882  0.492744  0.469290  0.696384  0.634162  0.363874  0.747422  0.543770  0.770828  0.440560  0.501518  0.558213  0.507556  0.433122  0.505548  0.449062  0.615626  0.503950  0.839385  0.380191  0.453341  0.393781  0.482921  0.389275  0.420120  0.559931  0.473682  0.693539  0.653417  0.469570  0.786752  0.591755  0.370402  0.425906  0.732122  0.406848  0.591854  0.379009  0.504514  0.813132  0.427579  0.494141  0.563373  0.575085  0.628847  0.791820  0.374074  0.471618  0.523499  0.480442  0.702576  0.404392  0.464364  0.739365  0.564823  0.600370  0.482985 
11  0.484897  0.911964  0.716293  0.486379  0.503695  0.645591  0.501972  0.483894  0.471929  0.478942  0.472232 0.0  0.516112  0.694437  0.618153  0.458276  0.821051  0.701882  0.512590  0.554998  0.505354  0.831608  0.419153  0.669245  0.794454  0.774403  0.524719  0.414280  0.453878  0.503849  0.489170  0.488776  0.501167  0.528083  0.847843  0.500242  0.431512  0.778890  0.493593  0.763577  0.790064  0.464630  0.599554  0.573297  0.864620  0.528264  0.483765  0.510686  0.391497  0.528180  0.627407  0.419535  0.565443  0.452732  0.627866  0.469254  0.338493  0.516156  0.584061  0.435257  0.538468  0.452393  0.510956  0.789939  0.488268  0.508302  0.442558  0.792440  0.900587  0.422254  0.491031  0.556746  0.450930  0.596259  0.457511  0.555980  0.557098  0.524463  0.451751  0.790624  0.404362  0.399065  0.885925  0.451847  0.479540  0.510597  0.513420  0.418130  0.634080  0.438832  0.412826  0.379085  0.601182  0.682495  0.522307  0.661765  0.408269  0.781434  0.437525  0.444298  0.437373  0.494590  0.473999  0.561387  0.497847  0.475967  0.495736  0.776655  0.552553  0.504189  0.543765  0.476416  0.508809  0.448755  0.457673  0.526149  0.559212  0.586760  0.535885  0.752263  0.375237  0.521766  0.602855  0.730370  0.448718  0.512572  0.497583  0.701168  0.836601  0.456032  0.432491  0.551830  0.587542  0.600666  0.737557  0.464339  0.296008  0.515073  0.430859  0.625372  0.505578  0.467715  0.717735  0.502928  0.451019  0.454926 
12  0.524390  0.720905  0.802344  0.434983  0.574525  0.700166  0.492565  0.540304  0.584702  0.505387  0.534990  0.516112 0.0  0.783730  0.463283  0.421191  0.691927  0.642394  0.525184  0.506208  0.468923  0.789007  0.424090  0.613188  0.702712  0.674983  0.456323  0.426637  0.519311  0.440296  0.412200  0.550439  0.375538  0.542105  0.788408  0.478215  0.428514  0.600286  0.423755  0.737622  0.789618  0.546268  0.450671  0.420050  0.757079  0.433787  0.415345  0.443842  0.408167  0.382774  0.506594  0.414449  0.471433  0.516287  0.597615  0.429372  0.426172  0.555076  0.584540  0.475911  0.394672  0.404131  0.480252  0.819740  0.464945  0.357670  0.468327  0.891795  0.814944  0.489715  0.445167  0.444759  0.513716  0.440610  0.452117  0.460739  0.489675  0.536390  0.434076  0.658319  0.604821  0.461871  0.786740  0.494259  0.315877  0.458597  0.429544  0.474849  0.696316  0.488903  0.369775  0.420727  0.704732  0.710641  0.438726  0.718847  0.494151  0.813366  0.417534  0.428204  0.463163  0.404634  0.512609  0.488910  0.425543  0.481331  0.480502  0.759961  0.455993  0.514258  0.495730  0.479720  0.417289  0.473345  0.418412  0.531038  0.592712  0.613450  0.381383  0.770018  0.428419  0.578611  0.539335  0.730583  0.536854  0.529616  0.583223  0.640156  0.848602  0.523020  0.531793  0.359391  0.574511  0.628017  0.844302  0.491474  0.573473  0.480560  0.459085  0.614735  0.466497  0.503959  0.776246  0.447058  0.528145  0.406197 
13  0.901371  0.737335  0.785057  0.814062  0.892128  0.759184  0.704255  0.781781  0.726724  0.786910  0.855415  0.694437  0.783730 0.0  0.757733  0.717670  0.714327  0.649385  0.716997  0.808257  0.784931  0.694504  0.813321  0.609059  0.763129  0.703416  0.712671  0.704446  0.831628  0.774314  0.788625  0.818719  0.675230  0.807980  0.796710  0.831571  0.788280  0.798297  0.860677  0.717572  0.847906  0.808272  0.733733  0.724606  0.279545  0.676553  0.834122  0.753765  0.733201  0.786214  0.778792  0.771879  0.772889  0.734281  0.631189  0.800717  0.821546  0.684138  0.542358  0.715318  0.721224  0.714629  0.818125  0.740623  0.842572  0.862097  0.907325  0.788913  0.730967  0.665373  0.831894  0.789869  0.846426  0.878584  0.691770  0.908738  0.841279  0.855021  0.739411  0.712249  0.772772  0.779766  0.729801  0.718748  0.743416  0.852370  0.821925  0.772296  0.712019  0.820955  0.748727  0.798387  0.696027  0.559397  0.807751  0.820528  0.808584  0.792980  0.802462  0.733471  0.770188  0.833590  0.805565  0.778757  0.722720  0.839416  0.895667  0.813689  0.856425  0.861416  0.790963  0.784370  0.816120  0.660335  0.721641  0.732043  0.595423  0.866020  0.831765  0.807010  0.824192  0.799992  0.813341  0.715259  0.721426  0.705356  0.880572  0.762038  0.580619  0.816314  0.745003  0.867465  0.749370  0.738415  0.824481  0.771216  0.793719  0.746181  0.781318  0.719173  0.822529  0.783914  0.717606  0.882459  0.769360  0.760893 
14  0.489018  0.892225  0.799462  0.470689  0.580455  0.644663  0.518294  0.598383  0.417977  0.605122  0.576718  0.618153  0.463283  0.757733 0.0  0.549351  0.767007  0.631357  0.521505  0.580295  0.560798  0.777361  0.499598  0.651726  0.644716  0.826903  0.457914  0.615044  0.554023  0.662953  0.584525  0.528580  0.671081  0.527021  0.782088  0.567183  0.521750  0.718997  0.507599  0.680367  0.734622  0.401645  0.435135  0.603749  0.739301  0.491568  0.642648  0.544431  0.474230  0.510549  0.646620  0.492386  0.524522  0.598027  0.659447  0.620411  0.512999  0.520977  0.542607  0.600106  0.469124  0.551600  0.607702  0.740895  0.547717  0.554433  0.570140  0.773727  0.843991  0.484180  0.537894  0.520718  0.613404  0.449164  0.591004  0.617999  0.531580  0.605953  0.433980  0.795421  0.514517  0.571390  0.652139  0.567656  0.550245  0.594123  0.504299  0.569740  0.742268  0.582880  0.607372  0.522107  0.640078  0.584654  0.678963  0.641906  0.610757  0.760823  0.558433  0.585994  0.488575  0.461249  0.585303  0.542810  0.559072  0.583672  0.452302  0.730093  0.516851  0.629342  0.457963  0.507084  0.548166  0.567603  0.555585  0.502042  0.594019  0.503987  0.708249  0.843456  0.554834  0.413080  0.557537  0.765520  0.617457  0.573792  0.537215  0.593305  0.831033  0.528557  0.478743  0.591303  0.597903  0.586752  0.762567  0.551389  0.450691  0.581769  0.554667  0.651756  0.536494  0.645646  0.822494  0.555416  0.549877  0.551696 
15  0.510451  0.730357  0.728806  0.503054  0.486946  0.765540  0.481599  0.531077  0.503527  0.489207  0.513711  0.458276  0.421191  0.717670  0.549351 0.0  0.797347  0.581062  0.433405  0.519429  0.383348  0.775455  0.547707  0.555900  0.846528  0.725291  0.549684  0.422392  0.351042  0.408674  0.537790  0.341074  0.463201  0.548630  0.800075  0.384337  0.477214  0.819797  0.468889  0.744507  0.753788  0.489392  0.468416  0.460164  0.853477  0.595737  0.368805  0.417789  0.466126  0.507081  0.481810  0.393393  0.510294  0.503575  0.677487  0.552450  0.433955  0.536338  0.632474  0.458106  0.419212  0.470694  0.477844  0.742843  0.477814  0.420447  0.384714  0.797567  0.813490  0.552564  0.425790  0.392305  0.445398  0.528881  0.500729  0.352766  0.602630  0.562960  0.533873  0.826514  0.486745  0.497652  0.822626  0.437072  0.426189  0.397642  0.371621  0.529072  0.763233  0.528207  0.484266  0.440250  0.615540  0.600178  0.503618  0.648532  0.467767  0.771441  0.543652  0.503097  0.493225  0.478157  0.452409  0.495945  0.387599  0.485121  0.494491  0.729784  0.461174  0.429341  0.353873  0.417736  0.427563  0.450904  0.557048  0.441690  0.611478  0.580327  0.362336  0.814794  0.591947  0.504567  0.514318  0.747381  0.405025  0.364462  0.343871  0.643878  0.774775  0.417593  0.537073  0.387105  0.559302  0.517623  0.859872  0.495844  0.503874  0.488288  0.431833  0.678561  0.496884  0.447556  0.765307  0.499017  0.593268  0.500479 
16  0.797551  0.798438  0.699806  0.671352  0.677674  0.750239  0.764412  0.746092  0.728212  0.652592  0.785592  0.821051  0.691927  0.714327  0.767007  0.797347 0.0  0.730231  0.752983  0.826401  0.692054  0.864705  0.737688  0.691141  0.673535  0.739052  0.733843  0.752924  0.754657  0.744589  0.914315  0.696500  0.654328  0.645800  0.768621  0.775807  0.711195  0.762373  0.681964  0.819890  0.707432  0.683005  0.752140  0.754322  0.715313  0.814678  0.777470  0.668083  0.748271  0.828634  0.667362  0.738505  0.783823  0.728392  0.733908  0.814874  0.671543  0.580616  0.565923  0.775730  0.778958  0.708081  0.799704  0.682652  0.826048  0.709518  0.850654  0.785573  0.817698  0.673076  0.681822  0.691328  0.705340  0.766146  0.725199  0.770825  0.735524  0.681247  0.751253  0.782353  0.697046  0.768577  0.735749  0.785328  0.739027  0.702493  0.671044  0.660205  0.507163  0.821136  0.669922  0.737714  0.722521  0.450858  0.755315  0.791084  0.730244  0.785442  0.760484  0.783279  0.736563  0.733696  0.722925  0.784555  0.636443  0.785192  0.841154  0.745691  0.826486  0.732370  0.799679  0.834505  0.734461  0.772435  0.753313  0.672623  0.635916  0.689750  0.679230  0.815774  0.796313  0.638414  0.698901  0.700871  0.756000  0.754209  0.703125  0.764275  0.775309  0.723106  0.783373  0.718790  0.687548  0.708286  0.772998  0.777638  0.790719  0.694007  0.708711  0.780217  0.701814  0.764521  0.731040  0.719730  0.715394  0.771173 
17  0.696085  0.773858  0.630297  0.688895  0.670313  0.705837  0.792268  0.626342  0.621313  0.742917  0.633770  0.701882  0.642394  0.649385  0.631357  0.581062  0.730231 0.0  0.750148  0.604998  0.747706  0.841995  0.740080  0.640326  0.700501  0.667888  0.659141  0.699336  0.789641  0.636945  0.635748  0.775461  0.720413  0.769873  0.708499  0.743047  0.606375  0.767551  0.706010  0.697580  0.661535  0.681489  0.747449  0.637810  0.673371  0.654535  0.768631  0.534323  0.592598  0.784392  0.646826  0.660856  0.726068  0.714039  0.674083  0.709280  0.759537  0.753376  0.482815  0.607257  0.785883  0.703550  0.681655  0.696674  0.638530  0.693600  0.688803  0.728049  0.674008  0.648509  0.658082  0.798722  0.583304  0.681560  0.711658  0.772799  0.663006  0.697594  0.669547  0.699208  0.780806  0.611074  0.701555  0.639705  0.717097  0.707426  0.645001  0.720665  0.809493  0.764676  0.706843  0.673049  0.612570  0.572905  0.823599  0.640454  0.725959  0.717296  0.665429  0.694901  0.738008  0.637829  0.825538  0.715364  0.775815  0.689930  0.775582  0.733063  0.726728  0.598338  0.696634  0.770622  0.719246  0.658162  0.664526  0.716612  0.626716  0.701447  0.641862  0.683954  0.650528  0.670259  0.652242  0.733491  0.663906  0.707562  0.632285  0.744317  0.623653  0.646959  0.705985  0.794988  0.612247  0.649108  0.620256  0.631547  0.791408  0.672997  0.720898  0.689020  0.691834  0.643379  0.758275  0.676658  0.670259  0.701179 
18  0.463220  0.753290  0.858872  0.428108  0.573751  0.628825  0.439175  0.360705  0.515472  0.446232  0.429812  0.512590  0.525184  0.716997  0.521505  0.433405  0.752983  0.750148 0.0  0.651106  0.478426  0.816605  0.507789  0.627671  0.748389  0.834451  0.479170  0.353364  0.516899  0.473352  0.399655  0.454838  0.378259  0.505374  0.797927  0.459895  0.410706  0.715071  0.510556  0.759277  0.710483  0.513638  0.530206  0.381573  0.760631  0.500716  0.425346  0.512704  0.440817  0.469783  0.530722  0.452508  0.422642  0.496238  0.649989  0.427187  0.354010  0.588970  0.626585  0.364733  0.478111  0.404057  0.460306  0.724391  0.459332  0.480687  0.391422  0.865875  0.854146  0.533961  0.502344  0.448125  0.502546  0.563729  0.400380  0.527848  0.391491  0.478631  0.529859  0.715318  0.532686  0.472079  0.792208  0.444342  0.440837  0.435378  0.408295  0.408014  0.587412  0.398954  0.496525  0.392045  0.731256  0.600366  0.476475  0.681015  0.447104  0.740549  0.445265  0.442819  0.353848  0.369770  0.407675  0.459149  0.469515  0.424255  0.497912  0.770068  0.385276  0.416075  0.493800  0.451709  0.463176  0.446839  0.469378  0.499917  0.554688  0.507910  0.440421  0.729552  0.531979  0.472797  0.416655  0.677358  0.451178  0.404348  0.389724  0.547024  0.883943  0.468504  0.488609  0.414782  0.560475  0.613474  0.916228  0.449289  0.464458  0.524881  0.371254  0.757743  0.412012  0.478833  0.795185  0.514514  0.430292  0.370330 
19  0.486287  0.759307  0.769340  0.514653  0.540139  0.523940  0.633566  0.584932  0.521196  0.555427  0.597231  0.554998  0.506208  0.808257  0.580295  0.519429  0.826401  0.604998  0.651106 0.0  0.622301  0.628485  0.580680  0.608697  0.747706  0.718661  0.446206  0.646409  0.456535  0.566611  0.547938  0.524615  0.555527  0.571944  0.862671  0.578328  0.493711  0.782596  0.653027  0.732919  0.790809  0.548344  0.645399  0.597111  0.806606  0.558058  0.496729  0.577546  0.500241  0.537331  0.551150  0.651907  0.628357  0.595247  0.575697  0.579392  0.575039  0.429297  0.685252  0.512533  0.559412  0.587921  0.563580  0.650116  0.552465  0.654993  0.574283  0.759174  0.738657  0.518275  0.581715  0.634331  0.532156  0.594851  0.554057  0.561017  0.614054  0.503854  0.557785  0.756008  0.519741  0.579832  0.705633  0.553307  0.565490  0.575387  0.437237  0.543977  0.636960  0.543551  0.644476  0.491396  0.382388  0.502384  0.523007  0.438717  0.660228  0.770009  0.588759  0.607575  0.525954  0.466547  0.597702  0.627115  0.625969  0.685758  0.646956  0.698840  0.589737  0.616143  0.585983  0.499167  0.539334  0.566770  0.527284  0.561175  0.497837  0.522330  0.635251  0.747584  0.535656  0.515956  0.636021  0.823930  0.565483  0.556758  0.558029  0.522491  0.751425  0.523985  0.554122  0.547571  0.561885  0.595296  0.714225  0.561360  0.584859  0.519276  0.599058  0.671394  0.553879  0.516014  0.717194  0.572600  0.506857  0.584728 
20  0.464508  0.683146  0.812820  0.346540  0.501130  0.576731  0.397531  0.462394  0.508466  0.462753  0.465882  0.505354  0.468923  0.784931  0.560798  0.383348  0.692054  0.747706  0.478426  0.622301 0.0  0.730967  0.400289  0.594310  0.779773  0.804051  0.437758  0.444220  0.422255  0.441787  0.448216  0.427940  0.378408  0.551067  0.832856  0.407048  0.457890  0.728761  0.459741  0.669172  0.647545  0.496869  0.475075  0.463287  0.786415  0.437723  0.366327  0.417074  0.484190  0.478269  0.452686  0.377346  0.374433  0.440782  0.691547  0.454299  0.500161  0.515303  0.517210  0.573314  0.503163  0.438011  0.468868  0.698678  0.412388  0.480429  0.521062  0.840170  0.845726  0.478431  0.409746  0.463820  0.449282  0.610316  0.519802  0.475605  0.493563  0.405248  0.474031  0.778702  0.422044  0.562574  0.745057  0.355110  0.398103  0.281958  0.448361  0.539538  0.811426  0.560678  0.459012  0.448431  0.600783  0.574994  0.518404  0.665359  0.480921  0.826548  0.525192  0.527479  0.517405  0.473875  0.392859  0.504044  0.419626  0.407130  0.533591  0.728920  0.423492  0.448469  0.403418  0.486222  0.308822  0.471452  0.481515  0.524053  0.591148  0.555900  0.516698  0.647946  0.543143  0.411879  0.375834  0.831863  0.464125  0.453652  0.458469  0.699404  0.847238  0.466028  0.443859  0.462636  0.565104  0.613426  0.868370  0.498894  0.492007  0.514459  0.531916  0.773344  0.572854  0.436005  0.769403  0.447862  0.617309  0.515545 
21  0.711618  0.666056  0.601003  0.785514  0.763956  0.795385  0.866631  0.842935  0.819216  0.766531  0.866129  0.831608  0.789007  0.694504  0.777361  0.775455  0.864705  0.841995  0.816605  0.628485  0.730967 0.0  0.830230  0.554223  0.804211  0.877127  0.744472  0.815364  0.743734  0.855245  0.841297  0.852741  0.837287  0.779029  0.396632  0.674939  0.829022  0.872504  0.827479  0.547025  0.817551  0.740768  0.835171  0.722890  0.790619  0.876948  0.767983  0.821135  0.721463  0.826282  0.903263  0.856049  0.863820  0.763095  0.826056  0.825974  0.771929  0.690801  0.597840  0.752440  0.890472  0.774696  0.824236  0.690539  0.753062  0.834311  0.730708  0.401648  0.825589  0.657053  0.783666  0.774819  0.769262  0.825824  0.817611  0.752175  0.876873  0.808987  0.787707  0.428527  0.788028  0.882785  0.792432  0.767858  0.730734  0.698190  0.629565  0.805944  0.763577  0.821936  0.849637  0.766547  0.772278  0.667655  0.790770  0.980718  0.723379  0.648253  0.916582  0.733498  0.763493  0.771628  0.773036  0.840905  0.733914  0.869394  0.849460  0.818638  0.723398  0.815413  0.890907  0.762838  0.844723  0.742610  0.854696  0.803661  0.600141  0.752802  0.849278  0.483800  0.947264  0.852021  0.785391  0.629800  0.767521  0.777784  0.714392  0.863461  0.804374  0.719286  0.767140  0.778460  0.632081  0.675407  0.893730  0.886751  0.827564  0.953053  0.901719  0.631446  0.727006  0.789607  0.753730  0.810490  0.841929  0.833341 
22  0.432542  0.829597  0.851041  0.521038  0.491642  0.638418  0.470892  0.340588  0.512200  0.414150  0.543795  0.419153  0.424090  0.813321  0.499598  0.547707  0.737688  0.740080  0.507789  0.580680  0.400289  0.830230 0.0  0.555492  0.835322  0.802900  0.508599  0.414311  0.449033  0.436261  0.498567  0.551847  0.483376  0.393243  0.730622  0.460708  0.438719  0.740924  0.456765  0.709890  0.681285  0.565784  0.489855  0.454729  0.743683  0.500607  0.542710  0.594736  0.444316  0.373898  0.464346  0.445398  0.461444  0.494208  0.589983  0.345550  0.441023  0.494202  0.576050  0.513167  0.442594  0.506121  0.340807  0.864477  0.518988  0.544217  0.571060  0.741030  0.831982  0.460124  0.530231  0.658708  0.432603  0.460500  0.370480  0.518637  0.533182  0.526054  0.561794  0.865737  0.448749  0.459488  0.677909  0.556203  0.522015  0.484919  0.526602  0.507540  0.782525  0.423941  0.455543  0.418518  0.694307  0.642627  0.585658  0.663554  0.444004  0.917695  0.399925  0.415680  0.467239  0.456850  0.439535  0.423036  0.369230  0.380367  0.419570  0.787205  0.473667  0.424963  0.495830  0.541131  0.489707  0.516903  0.416865  0.587009  0.561534  0.532591  0.485841  0.795425  0.438944  0.526824  0.629279  0.796667  0.537749  0.451876  0.483851  0.576197  0.794766  0.488409  0.289471  0.512603  0.608265  0.608303  0.908014  0.635693  0.488924  0.328156  0.617370  0.705835  0.458013  0.567728  0.814920  0.453715  0.408846  0.456037 
23  0.626157  0.569575  0.694573  0.615023  0.497460  0.572092  0.647460  0.603558  0.541174  0.655378  0.696402  0.669245  0.613188  0.609059  0.651726  0.555900  0.691141  0.640326  0.627671  0.608697  0.594310  0.554223  0.555492 0.0  0.541538  0.596305  0.496390  0.466554  0.587602  0.593565  0.456957  0.590035  0.644719  0.568745  0.604071  0.684532  0.532637  0.562790  0.547087  0.538083  0.603836  0.535475  0.546428  0.668381  0.490362  0.612581  0.562893  0.574005  0.646755  0.670167  0.524781  0.623059  0.581146  0.635614  0.643759  0.560421  0.649932  0.626940  0.553751  0.555954  0.679349  0.632072  0.550421  0.559757  0.683491  0.618740  0.636172  0.652955  0.592413  0.643818  0.565719  0.619067  0.536649  0.560334  0.549328  0.546453  0.625231  0.653270  0.634489  0.578205  0.572868  0.737540  0.724813  0.540523  0.564835  0.556826  0.626438  0.647741  0.552513  0.570818  0.541576  0.668657  0.607109  0.519082  0.500574  0.586477  0.691156  0.570182  0.537934  0.602395  0.609065  0.580476  0.630301  0.599463  0.695490  0.564805  0.649729  0.819729  0.629421  0.579954  0.625694  0.691140  0.612246  0.634070  0.642054  0.649808  0.522844  0.543882  0.596185  0.693465  0.642932  0.563472  0.632338  0.561223  0.637169  0.582879  0.545777  0.616365  0.599887  0.583602  0.657348  0.719620  0.640778  0.595086  0.554230  0.634560  0.542076  0.632484  0.546780  0.585265  0.540070  0.619342  0.501188  0.604936  0.726882  0.622628 
24  0.773969  0.805745  0.709277  0.892602  0.829924  0.770972  0.780829  0.778294  0.813410  0.860281  0.760514  0.794454  0.702712  0.763129  0.644716  0.846528  0.673535  0.700501  0.748389  0.747706  0.779773  0.804211  0.835322  0.541538 0.0  0.292950  0.801699  0.729621  0.822167  0.770015  0.794074  0.815266  0.793873  0.738941  0.754255  0.822507  0.756186  0.606604  0.780357  0.742122  0.525542  0.900525  0.742742  0.795388  0.824248  0.819397  0.799144  0.726763  0.715195  0.820949  0.769484  0.759723  0.882810  0.736145  0.802932  0.807773  0.785206  0.644788  0.552982  0.779966  0.819830  0.795709  0.862404  0.774727  0.838320  0.751849  0.777103  0.819948  0.720415  0.679847  0.791879  0.844585  0.789130  0.817536  0.740417  0.773518  0.771281  0.728477  0.778403  0.706700  0.751269  0.751803  0.744793  0.739066  0.785672  0.899943  0.666902  0.758231  0.697566  0.798354  0.805779  0.750643  0.812117  0.547743  0.667996  0.786686  0.725694  0.681693  0.776207  0.743887  0.850930  0.739062  0.733288  0.830255  0.704847  0.776483  0.759395  0.898193  0.798348  0.806627  0.744321  0.747472  0.768999  0.840384  0.694939  0.831503  0.593322  0.797023  0.834360  0.723091  0.676275  0.809188  0.855697  0.742846  0.802460  0.851973  0.744898  0.774010  0.828324  0.760275  0.801520  0.830217  0.840585  0.698189  0.759009  0.704380  0.686333  0.812746  0.784163  0.532350  0.776686  0.804804  0.714719  0.796149  0.843030  0.757327 
25  0.778968  0.808823  0.879164  0.839249  0.708136  0.869396  0.735930  0.864720  0.781636  0.729330  0.723662  0.774403  0.674983  0.703416  0.826903  0.725291  0.739052  0.667888  0.834451  0.718661  0.804051  0.877127  0.802900  0.596305  0.292950 0.0  0.734338  0.802958  0.705512  0.828522  0.767791  0.764797  0.764590  0.825743  0.764164  0.632671  0.782296  0.604755  0.685435  0.721504  0.542077  0.687953  0.821474  0.784847  0.756519  0.725034  0.769593  0.778734  0.850390  0.770122  0.878386  0.674897  0.810305  0.766106  0.799259  0.722598  0.846475  0.604176  0.595684  0.737741  0.709799  0.784944  0.738534  0.705984  0.867088  0.754007  0.872883  0.808311  0.749314  0.693113  0.674071  0.875198  0.812138  0.784877  0.702923  0.724324  0.862425  0.723137  0.810237  0.810905  0.731047  0.699199  0.803598  0.725856  0.845069  0.792141  0.729862  0.753648  0.756054  0.786689  0.807462  0.839412  0.738272  0.615662  0.861297  0.810524  0.834154  0.784138  0.826508  0.795716  0.855299  0.805935  0.874327  0.679797  0.743375  0.826741  0.845558  0.686304  0.810676  0.696824  0.742700  0.789768  0.761370  0.817549  0.735897  0.751057  0.612866  0.831787  0.657272  0.739557  0.756223  0.772863  0.807555  0.861335  0.785508  0.778829  0.745852  0.704147  0.752977  0.748648  0.704340  0.764223  0.720026  0.674173  0.665718  0.705976  0.749540  0.842242  0.803375  0.509500  0.859315  0.813569  0.795886  0.750902  0.836381  0.746750 
26  0.456397  0.861505  0.826754  0.532695  0.513720  0.578435  0.521170  0.339220  0.540054  0.438909  0.535591  0.524719  0.456323  0.712671  0.457914  0.549684  0.733843  0.659141  0.479170  0.446206  0.437758  0.744472  0.508599  0.496390  0.801699  0.734338 0.0  0.419716  0.501945  0.460364  0.505731  0.526682  0.516781  0.448616  0.786979  0.436826  0.353211  0.792067  0.513372  0.687418  0.762863  0.539678  0.459623  0.559989  0.682250  0.494293  0.485299  0.451640  0.451661  0.438824  0.498759  0.486031  0.558982  0.419058  0.565706  0.348200  0.462806  0.548621  0.584989  0.487950  0.584762  0.598591  0.396625  0.764106  0.422971  0.473845  0.580177  0.807293  0.808340  0.521744  0.599435  0.467194  0.373734  0.518651  0.475287  0.452837  0.534726  0.373454  0.449253  0.865289  0.426774  0.394802  0.755814  0.441532  0.514823  0.493342  0.574820  0.414460  0.648371  0.398931  0.397212  0.377294  0.653369  0.556726  0.464310  0.683260  0.403921  0.914099  0.420963  0.534164  0.453309  0.365951  0.324531  0.498012  0.522999  0.449898  0.371235  0.865266  0.463199  0.504460  0.605864  0.490172  0.562254  0.524726  0.363382  0.578594  0.584173  0.602015  0.612143  0.718098  0.446062  0.535246  0.501388  0.725267  0.417144  0.517404  0.536437  0.680086  0.768494  0.421940  0.487736  0.483626  0.559152  0.592188  0.698249  0.561721  0.432094  0.372791  0.396202  0.772414  0.390927  0.637610  0.794884  0.440675  0.447803  0.469948 
