146
0 0.0  0.853764  0.769651  0.492735  0.557711  0.713710  0.441682  0.558557  0.547254  0.445333  0.432750  0.550397  0.558552  0.925684  0.522060  0.443919  0.781608  0.730801  0.470182  0.551825  0.429118  0.760933  0.499130  0.559065  0.646553  0.903652  0.515838  0.560699  0.358158  0.464133  0.562867  0.513457  0.428294  0.460313  0.915357  0.465126  0.505621  0.820873  0.441266  0.732692  0.699431  0.514840  0.471108  0.459715  0.789744  0.402508  0.396920  0.560036  0.483969  0.561212  0.454378  0.624023  0.374685  0.513038  0.695097  0.646963  0.467179  0.541994  0.612363  0.595875  0.559967  0.526300  0.536230  0.781245  0.524966  0.505887  0.443396  0.798216  0.910010  0.527925  0.370079  0.511601  0.473607  0.565661  0.648784  0.330875  0.414010  0.493748  0.501639  0.877958  0.526660  0.573947  0.740814  0.321455  0.385285  0.528544  0.568240  0.519066  0.720907  0.482947  0.560114  0.517135  0.673019  0.661665  0.377232  0.679538  0.604678  0.834986  0.527499  0.591793  0.484559  0.603668  0.481326  0.584087  0.375005  0.524144  0.549081  0.811449  0.420749  0.577479  0.412610  0.494944  0.507012  0.446119  0.574437  0.490392  0.597438  0.644013  0.547709  0.839866  0.486097  0.504831  0.658870  0.723311  0.360274  0.548203  0.454436  0.707279  0.889764  0.468904  0.576353  0.581392  0.585689  0.522086  0.846518  0.451555  0.580215  0.488178  0.548178  0.734255  0.609070  0.471804  0.756474  0.576751  0.520847  0.415345 
1  0.853764 0.0  0.510945  0.864527  0.745284  0.901226  0.837185  0.837555  0.851120  0.852544  0.866833  0.757674  0.694560  0.844551  0.806788  0.844512  0.813002  0.755818  0.861524  0.758550  0.944240  0.563503  0.780426  0.547278  0.796946  0.954667  0.792381  0.823128  0.845951  0.894133  0.839151  0.795469  0.683163  0.907518  0.754882  0.847955  0.865318  0.836652  0.787574  0.478955  0.649039  0.794441  0.879404  0.893756  0.822833  0.926559  0.787924  0.858937  0.836134  0.886678  0.809294  0.908361  0.909185  0.838406  0.843083  0.835485  0.882060  0.812602  0.607343  0.840144  0.965031  0.863842  0.950861  0.803645  0.840881  0.912366  0.904960  0.607082  0.836306  0.799257  0.749389  0.827357  0.823080  0.912472  0.896536  0.820600  0.879537  0.855503  0.836089  0.717360  0.914595  0.887724  0.842448  0.849001  0.945908  0.798777  0.786660  0.832150  0.690131  0.818161  0.887157  0.832261  0.918455  0.656773  0.842134  0.885580  0.787474  0.597487  0.790360  0.839936  0.940450  0.846124  0.926109  0.861400  0.788390  0.893324  0.889227  0.930733  0.859805  0.805099  0.836371  0.811144  0.798276  0.853902  0.910715  0.880811  0.604377  0.829538  0.914706  0.599744  0.878908  0.758563  0.919919  0.683957  0.876288  0.856039  0.813101  0.904747  0.910635  0.925434  0.820495  0.855745  0.760864  0.796039  0.748701  0.838483  0.854135  0.867224  0.864984  0.695863  0.932636  0.931473  0.797116  0.888940  0.882226  0.845528 
2  0.769651  0.510945 0.0  0.825790  0.845055  0.930681  0.858529  0.722331  0.769913  0.822232  0.845564  0.892745  0.928304  0.777631  0.833989  0.849986  0.852055  0.692464  0.842154  0.796448  0.853206  0.736103  0.905643  0.543112  0.681204  0.805657  0.764403  0.792961  0.836550  0.786414  0.818032  0.758144  0.715269  0.845473  0.685394  0.819527  0.788592  0.842475  0.755854  0.461005  0.751897  0.785303  0.855698  0.833313  0.772147  0.868846  0.820863  0.827536  0.827843  0.876856  0.803824  0.762730  0.827211  0.854356  0.814483  0.777865  0.836217  0.752081  0.562914  0.916574  0.822183  0.731300  0.885703  0.764170  0.826429  0.843300  0.841294  0.637065  0.841010  0.718367  0.820579  0.800366  0.876894  0.915731  0.918860  0.772571  0.800043  0.849976  0.851415  0.586814  0.868092  0.887202  0.837415  0.918471  0.875011  0.968685  0.699744  0.861297  0.689150  0.839622  0.922086  0.938199  0.778568  0.638447  0.810163  0.859158  0.794815  0.702379  0.815109  0.880357  0.824019  0.884380  0.786708  0.747936  0.791945  0.839288  0.848517  0.760669  0.783678  0.911298  0.820225  0.807120  0.931841  0.820627  0.859138  0.941423  0.567883  0.875238  0.747861  0.758283  0.783140  0.882831  0.758833  0.571824  0.875765  0.826716  0.866406  0.803629  0.747279  0.828303  0.949222  0.832934  0.897724  0.739296  0.696190  0.828169  0.755174  0.702237  0.751394  0.649503  0.778226  0.836182  0.746380  0.797378  0.708520  0.770819 
3  0.492735  0.864527  0.825790 0.0  0.554632  0.675204  0.300995  0.496499  0.527447  0.523427  0.443036  0.483867  0.528552  0.865212  0.541655  0.459519  0.722425  0.660775  0.434637  0.503456  0.370434  0.889913  0.671109  0.686955  0.771952  0.816523  0.606076  0.469553  0.453390  0.503837  0.543473  0.417903  0.484477  0.514060  0.831162  0.428575  0.418169  0.808747  0.404728  0.794976  0.690275  0.690749  0.438672  0.402733  0.788393  0.533708  0.570774  0.407186  0.512639  0.497884  0.492659  0.540098  0.478277  0.503317  0.716530  0.571750  0.446813  0.573349  0.668285  0.613498  0.569848  0.517430  0.524412  0.834166  0.526095  0.423640  0.447680  0.903235  0.820462  0.571845  0.390832  0.437106  0.514497  0.483083  0.493719  0.467280  0.480122  0.400401  0.468810  0.780456  0.571977  0.572569  0.806174  0.390457  0.448546  0.452795  0.511830  0.576350  0.774872  0.440320  0.570952  0.461836  0.710372  0.544390  0.541494  0.653383  0.537355  0.941688  0.525139  0.451494  0.586062  0.570652  0.556185  0.485340  0.440359  0.575139  0.501965  0.836039  0.384451  0.584903  0.484689  0.482665  0.588179  0.417297  0.535472  0.432800  0.594590  0.650249  0.408348  0.853339  0.570350  0.396515  0.374257  0.744931  0.399672  0.449366  0.426334  0.619017  0.721645  0.425061  0.537514  0.454455  0.591069  0.563228  0.878243  0.410654  0.431062  0.503715  0.442440  0.645417  0.572796  0.452072  0.820258  0.579447  0.535370  0.405603 
4  0.557711  0.745284  0.845055  0.554632 0.0  0.691579  0.537944  0.581215  0.608625  0.513745  0.585745  0.570280  0.473288  0.761163  0.584518  0.503193  0.881099  0.779838  0.555416  0.597189  0.369200  0.811762  0.476347  0.641778  0.800501  0.824762  0.604119  0.491984  0.509119  0.491747  0.560335  0.382874  0.464974  0.584690  0.945871  0.532700  0.517707  0.808505  0.428757  0.854018  0.738159  0.550022  0.514799  0.558053  0.844685  0.545905  0.364475  0.408235  0.551883  0.533987  0.377277  0.600814  0.539079  0.484536  0.675079  0.451441  0.510265  0.446523  0.713898  0.598533  0.542233  0.496164  0.471087  0.742678  0.507943  0.495228  0.533588  0.878578  0.947778  0.571064  0.540846  0.442307  0.567778  0.618671  0.477126  0.424827  0.493944  0.395651  0.412008  0.893686  0.356683  0.575679  0.837857  0.336512  0.495229  0.485875  0.470967  0.591759  0.734659  0.532108  0.492902  0.470921  0.632675  0.644381  0.498065  0.657388  0.544776  0.878182  0.475033  0.557410  0.571306  0.544965  0.642514  0.551421  0.531408  0.407104  0.509286  0.797950  0.455475  0.464886  0.535073  0.333111  0.355881  0.510905  0.473152  0.403808  0.607102  0.547206  0.476280  0.748965  0.466455  0.507016  0.489941  0.718480  0.405945  0.459743  0.515926  0.638241  0.836460  0.456587  0.475928  0.381529  0.594413  0.621414  0.837521  0.552550  0.548123  0.526525  0.414553  0.806712  0.503404  0.465138  0.721770  0.636633  0.587669  0.528436 
5  0.713710  0.901226  0.930681  0.675204  0.691579 0.0  0.705970  0.720240  0.590646  0.789416  0.642514  0.633506  0.604237  0.770454  0.662408  0.674408  0.817946  0.700507  0.769309  0.454966  0.662461  0.828263  0.769439  0.631683  0.766950  0.760597  0.736527  0.836534  0.715886  0.633300  0.618384  0.747341  0.680017  0.687919  0.824966  0.631431  0.654478  0.857220  0.823388  0.729993  0.813212  0.689125  0.710030  0.777654  0.859170  0.692702  0.647039  0.683625  0.646963  0.687369  0.634876  0.780742  0.675622  0.647745  0.679573  0.694905  0.707525  0.551019  0.684841  0.751111  0.667641  0.663488  0.778862  0.797361  0.631121  0.725161  0.743826  0.800802  0.953775  0.497127  0.671420  0.690516  0.683189  0.618425  0.691203  0.733446  0.671679  0.683473  0.604604  0.937759  0.788619  0.657432  0.816895  0.643354  0.643845  0.698065  0.523047  0.741813  0.746313  0.658187  0.718054  0.703105  0.408854  0.590112  0.755723  0.461218  0.683905  0.840198  0.769738  0.638563  0.753504  0.743962  0.745029  0.762654  0.660926  0.638734  0.721689  0.800866  0.728662  0.708280  0.699861  0.676643  0.715135  0.755334  0.646159  0.816290  0.684240  0.702346  0.662847  0.783995  0.585822  0.725765  0.839014  0.742330  0.611167  0.627019  0.607069  0.703102  0.767295  0.672104  0.634570  0.687102  0.529821  0.608250  0.780559  0.729484  0.718727  0.773882  0.725560  0.742387  0.776432  0.691154  0.828470  0.787120  0.757244  0.631679 
6  0.441682  0.837185  0.858529  0.300995  0.537944  0.705970 0.0  0.590852  0.499821  0.500677  0.446557  0.476894  0.492168  0.823410  0.497579  0.499699  0.808205  0.707070  0.455886  0.554836  0.338572  0.800530  0.517342  0.647586  0.742262  0.880927  0.433385  0.440916  0.520273  0.519820  0.493954  0.474107  0.440163  0.565985  0.843092  0.452276  0.557049  0.686545  0.603002  0.751963  0.703613  0.441246  0.377876  0.425486  0.723779  0.634575  0.545531  0.534886  0.550872  0.576687  0.474912  0.497249  0.453033  0.452320  0.686978  0.529299  0.447102  0.569679  0.672479  0.450028  0.472725  0.508341  0.483933  0.801125  0.619839  0.442407  0.461264  0.884556  0.884979  0.593460  0.439560  0.394515  0.547959  0.575319  0.492619  0.551018  0.561953  0.471526  0.529779  0.918892  0.537508  0.511535  0.793315  0.474261  0.478178  0.453620  0.589622  0.558802  0.686071  0.425230  0.578796  0.597220  0.645693  0.634985  0.459454  0.768040  0.541878  0.874598  0.436769  0.479226  0.527743  0.473542  0.520378  0.572252  0.420408  0.491669  0.563015  0.794640  0.389941  0.393107  0.509121  0.411625  0.430115  0.410867  0.657526  0.470367  0.568366  0.505561  0.524597  0.786249  0.463131  0.409501  0.411902  0.794746  0.464444  0.513049  0.467431  0.552548  0.902701  0.543233  0.619018  0.455443  0.582642  0.562234  0.821802  0.464426  0.476779  0.534859  0.500404  0.695035  0.548807  0.483469  0.780141  0.490892  0.573719  0.488580 
7  0.558557  0.837555  0.722331  0.496499  0.581215  0.720240  0.590852 0.0  0.638469  0.378217  0.490718  0.439462  0.496267  0.758973  0.559927  0.612740  0.754439  0.713959  0.394596  0.598304  0.569921  0.802328  0.508856  0.644022  0.854078  0.700721  0.384114  0.479763  0.458868  0.598855  0.366734  0.498736  0.397569  0.389663  0.851435  0.485369  0.421278  0.814908  0.540131  0.744309  0.729193  0.621928  0.511786  0.450058  0.767083  0.505228  0.584476  0.593088  0.365154  0.550509  0.539113  0.553364  0.526954  0.581103  0.656265  0.467055  0.486844  0.506013  0.624626  0.363616  0.571063  0.490897  0.414420  0.705618  0.349725  0.601628  0.513518  0.874615  0.860365  0.538698  0.549583  0.529768  0.532583  0.597384  0.447637  0.428669  0.518832  0.610194  0.445255  0.853039  0.397450  0.501156  0.805783  0.504697  0.537650  0.482708  0.420798  0.435861  0.748352  0.437929  0.445568  0.446194  0.699891  0.586978  0.591518  0.589179  0.370880  0.817717  0.397048  0.368648  0.402979  0.397798  0.425153  0.482467  0.458916  0.431382  0.363433  0.833701  0.571617  0.495298  0.506545  0.534047  0.495140  0.479792  0.336348  0.570694  0.507914  0.619246  0.552707  0.825687  0.386083  0.515408  0.460601  0.785122  0.438668  0.472525  0.514378  0.579918  0.777668  0.532228  0.472573  0.498096  0.565712  0.588282  0.911448  0.494659  0.366239  0.370589  0.437437  0.714486  0.459610  0.482480  0.790535  0.484235  0.470719  0.377006 
8  0.547254  0.851120  0.769913  0.527447  0.608625  0.590646  0.499821  0.638469 0.0  0.685371  0.648016  0.602171  0.453854  0.772913  0.479442  0.543062  0.851937  0.702610  0.482012  0.669680  0.647037  0.890876  0.589073  0.598469  0.819208  0.817380  0.533430  0.627432  0.666451  0.495483  0.496412  0.680365  0.565563  0.619875  0.834548  0.579914  0.644102  0.790542  0.539527  0.778293  0.660461  0.291478  0.635980  0.613043  0.808630  0.609093  0.479255  0.588523  0.620283  0.615053  0.681426  0.588491  0.671865  0.580468  0.528781  0.571847  0.630891  0.468626  0.660822  0.540408  0.489191  0.641540  0.659241  0.777074  0.607909  0.611430  0.587142  0.829560  0.812166  0.572279  0.565737  0.645285  0.640666  0.476321  0.558285  0.562074  0.615607  0.593883  0.635695  0.825104  0.613855  0.557678  0.807118  0.616009  0.578591  0.637856  0.516233  0.659731  0.821445  0.501039  0.584215  0.613217  0.663736  0.516392  0.570263  0.722499  0.529840  0.865250  0.578167  0.554712  0.671324  0.588038  0.637819  0.631358  0.631579  0.584030  0.594416  0.901246  0.636706  0.624469  0.557394  0.622777  0.495140  0.642293  0.611798  0.618159  0.558894  0.399142  0.555263  0.796604  0.625221  0.633974  0.515267  0.739823  0.508063  0.588956  0.610823  0.628200  0.759107  0.602938  0.678467  0.675601  0.675708  0.597653  0.893774  0.562463  0.606183  0.534542  0.548390  0.696171  0.605448  0.647642  0.846749  0.535115  0.541954  0.498069 
9  0.445333  0.852544  0.822232  0.523427  0.513745  0.789416  0.500677  0.378217  0.685371 0.0  0.479568  0.487171  0.627539  0.846367  0.552030  0.422177  0.900767  0.624558  0.389023  0.600039  0.593564  0.828557  0.423858  0.632682  0.873187  0.809266  0.476883  0.327122  0.491411  0.511551  0.375558  0.461937  0.601957  0.498739  0.729276  0.368837  0.466254  0.754817  0.486341  0.725774  0.880889  0.526617  0.495240  0.466819  0.773866  0.459103  0.508205  0.505529  0.486407  0.526556  0.596922  0.415118  0.547514  0.377957  0.636430  0.381544  0.418773  0.540866  0.505714  0.604118  0.531873  0.565350  0.467939  0.780933  0.456261  0.530662  0.586909  0.846552  0.888257  0.451140  0.556723  0.435980  0.423880  0.583859  0.485750  0.497404  0.603419  0.529573  0.495344  0.887569  0.518591  0.488937  0.869155  0.421445  0.556222  0.481021  0.629521  0.380241  0.712001  0.505424  0.377160  0.486636  0.710460  0.634158  0.499367  0.707147  0.484019  0.763924  0.406033  0.405337  0.406723  0.446326  0.467522  0.418908  0.436353  0.405680  0.523299  0.769957  0.548562  0.561829  0.501875  0.548293  0.572807  0.482618  0.467624  0.436104  0.638316  0.577490  0.501237  0.755687  0.419259  0.466450  0.530334  0.791610  0.455528  0.570615  0.476754  0.710057  0.733813  0.541058  0.458642  0.488474  0.608517  0.575113  0.841015  0.509779  0.480981  0.452489  0.353535  0.763715  0.423112  0.573123  0.747820  0.442733  0.424589  0.362179 
10  0.432750  0.866833  0.845564  0.443036  0.585745  0.642514  0.446557  0.490718  0.648016  0.479568 0.0  0.535663  0.447657  0.740494  0.625483  0.527683  0.757863  0.664032  0.482284  0.620175  0.450222  0.898266  0.433177  0.594215  0.811005  0.795745  0.502091  0.481287  0.537015  0.439757  0.540610  0.399285  0.440194  0.488566  0.817373  0.327185  0.548731  0.747711  0.420660  0.687454  0.770860  0.517633  0.438944  0.415595  0.895055  0.479859  0.499196  0.502488  0.559080  0.571940  0.403493  0.588591  0.525509  0.496184  0.624556  0.539117  0.511660  0.493493  0.546783  0.547963  0.535549  0.527142  0.467969  0.749007  0.614974  0.423707  0.401575  0.754376  0.726221  0.489351  0.443659  0.522767  0.534772  0.648443  0.631556  0.424585  0.564659  0.469173  0.447572  0.797211  0.708714  0.439348  0.715309  0.463694  0.434141  0.487922  0.499670  0.587676  0.671214  0.560608  0.515145  0.517646  0.650378  0.607111  0.392994  0.715062  0.590942  0.889593  0.573159  0.521954  0.412360  0.518122  0.467643  0.580216  0.529475  0.634866  0.519934  0.889811  0.598227  0.428124  0.500521  0.474178  0.516840  0.390004  0.587052  0.480984  0.700868  0.529699  0.482091  0.775712  0.506285  0.386400  0.586540  0.802031  0.448237  0.344103  0.432020  0.571606  0.846465  0.410906  0.589162  0.651724  0.684665  0.576445  0.825986  0.446653  0.504869  0.439034  0.594583  0.755680  0.568150  0.440223  0.778936  0.500909  0.545201  0.514985 
11  0.550397  0.757674  0.892745  0.483867  0.570280  0.633506  0.476894  0.439462  0.602171  0.487171  0.535663 0.0  0.485865  0.688334  0.511620  0.536608  0.821271  0.618130  0.492603  0.575369  0.532859  0.890878  0.384008  0.617967  0.882536  0.795149  0.466255  0.342745  0.444588  0.435664  0.461099  0.492238  0.679020  0.512842  0.902192  0.514214  0.362144  0.861202  0.424589  0.809773  0.742372  0.502766  0.531187  0.526462  0.803933  0.467441  0.440221  0.513324  0.372454  0.473450  0.511685  0.478148  0.529701  0.531679  0.648284  0.409461  0.428784  0.582528  0.651005  0.447968  0.567311  0.512718  0.473671  0.780954  0.407315  0.429697  0.546890  0.802989  0.883751  0.522673  0.472637  0.533409  0.472746  0.540763  0.469730  0.608846  0.558209  0.457250  0.340773  0.928093  0.421269  0.535686  0.816305  0.544664  0.505845  0.493816  0.617894  0.455074  0.597898  0.448536  0.439107  0.434207  0.644146  0.564949  0.514675  0.600747  0.362926  0.939839  0.582126  0.275404  0.533484  0.484715  0.564728  0.501119  0.477029  0.438597  0.535265  0.769406  0.493717  0.447781  0.483570  0.512377  0.502105  0.560195  0.365037  0.493591  0.649557  0.593262  0.470457  0.795299  0.495227  0.572480  0.557039  0.780990  0.464097  0.586820  0.580169  0.672512  0.809639  0.654103  0.435089  0.473409  0.606561  0.457687  0.828408  0.563104  0.514759  0.455193  0.362128  0.727370  0.435112  0.602232  0.891148  0.535954  0.409554  0.525635 
12  0.558552  0.694560  0.928304  0.528552  0.473288  0.604237  0.492168  0.496267  0.453854  0.627539  0.447657  0.485865 0.0  0.749481  0.688648  0.466866  0.691540  0.799182  0.367607  0.565562  0.571182  0.893939  0.484490  0.710771  0.818350  0.888681  0.508271  0.484332  0.515338  0.467190  0.487374  0.582907  0.517354  0.411894  0.809391  0.436077  0.374965  0.668502  0.509566  0.841748  0.778903  0.478421  0.448964  0.410710  0.751321  0.502155  0.513210  0.417030  0.520943  0.509830  0.490944  0.395870  0.493429  0.555033  0.685694  0.430482  0.478683  0.582007  0.494410  0.363430  0.583281  0.517108  0.441961  0.823687  0.432279  0.535412  0.575932  0.724939  0.850389  0.556652  0.639672  0.495044  0.554520  0.546471  0.422268  0.494906  0.475211  0.431455  0.389757  0.875909  0.490318  0.569255  0.753757  0.478076  0.511997  0.460169  0.493964  0.422001  0.699579  0.478632  0.472518  0.515195  0.675467  0.603734  0.455353  0.683610  0.564275  0.789298  0.436281  0.465088  0.526336  0.462126  0.442662  0.483419  0.548538  0.492848  0.433193  0.820044  0.454375  0.398956  0.445447  0.452681  0.456702  0.496389  0.558044  0.476958  0.586781  0.598236  0.518248  0.851183  0.564177  0.437711  0.402974  0.734650  0.378186  0.448132  0.485173  0.740219  0.771282  0.533835  0.447402  0.606049  0.564109  0.495029  0.845050  0.528349  0.440778  0.518099  0.544849  0.639317  0.464942  0.528752  0.773494  0.439190  0.453553  0.529378 
13  0.925684  0.844551  0.777631  0.865212  0.761163  0.770454  0.823410  0.758973  0.772913  0.846367  0.740494  0.688334  0.749481 0.0  0.869733  0.826902  0.731101  0.675449  0.845794  0.786564  0.786608  0.753508  0.897859  0.604317  0.805234  0.891018  0.742380  0.754390  0.771687  0.709679  0.812542  0.858139  0.809953  0.752575  0.829852  0.749972  0.796946  0.791829  0.839097  0.792219  0.692135  0.803707  0.769586  0.811384  0.486823  0.780431  0.813183  0.846451  0.822719  0.779508  0.798557  0.830703  0.776697  0.858876  0.804236  0.839791  0.823083  0.739576  0.681267  0.728788  0.967255  0.753191  0.678777  0.829789  0.830618  0.710465  0.737196  0.832556  0.870455  0.819358  0.797572  0.824805  0.868666  0.593559  0.794186  0.905431  0.797282  0.794234  0.702997  0.854977  0.776062  0.811867  0.722755  0.835938  0.778694  0.663305  0.671657  0.794962  0.693575  0.743581  0.840010  0.792090  0.846692  0.622743  0.837687  0.906136  0.752135  0.801345  0.720807  0.904435  0.871558  0.821271  0.943585  0.725788  0.830420  0.753917  0.863110  0.814058  0.753794  0.920980  0.847185  0.792431  0.766247  0.874070  0.742444  0.697021  0.591106  0.877529  0.816670  0.769856  0.735072  0.736105  0.829559  0.829782  0.761763  0.760687  0.845405  0.823287  0.775441  0.795641  0.854928  0.746493  0.768239  0.796523  0.784733  0.794432  0.821450  0.778033  0.785776  0.704742  0.785713  0.779286  0.684900  0.832854  0.877735  0.789152 
14  0.522060  0.806788  0.833989  0.541655  0.584518  0.662408  0.497579  0.559927  0.479442  0.552030  0.625483  0.511620  0.688648  0.869733 0.0  0.526621  0.809082  0.757486  0.533663  0.611140  0.566221  0.823156  0.564819  0.678016  0.856256  0.782041  0.630422  0.614741  0.654543  0.639404  0.577287  0.624705  0.681503  0.520901  0.841322  0.561863  0.508222  0.859350  0.630639  0.744835  0.676999  0.471875  0.604742  0.638154  0.835537  0.695705  0.551709  0.601748  0.615600  0.563220  0.524820  0.591208  0.507657  0.634382  0.697179  0.615699  0.622591  0.467826  0.535380  0.583555  0.657732  0.538748  0.615625  0.771481  0.710305  0.583058  0.636148  0.830923  0.870653  0.574548  0.550056  0.518688  0.545429  0.376430  0.609923  0.539383  0.519665  0.632339  0.438726  0.875003  0.492525  0.596766  0.758091  0.690634  0.525612  0.633502  0.464291  0.538076  0.665799  0.581509  0.679371  0.556119  0.671769  0.673249  0.549667  0.728192  0.453279  0.930125  0.513745  0.720978  0.480487  0.518638  0.558899  0.570549  0.654651  0.449595  0.599762  0.813073  0.495699  0.570099  0.614177  0.568617  0.507925  0.509389  0.553588  0.712042  0.633649  0.425193  0.637815  0.763212  0.483881  0.613312  0.552427  0.785312  0.604804  0.558135  0.530564  0.698576  0.766113  0.559182  0.557930  0.568107  0.453130  0.662896  0.747903  0.544963  0.517289  0.609707  0.607267  0.679918  0.460451  0.591914  0.824483  0.602706  0.571404  0.554366 
15  0.443919  0.844512  0.849986  0.459519  0.503193  0.674408  0.499699  0.612740  0.543062  0.422177  0.527683  0.536608  0.466866  0.826902  0.526621 0.0  0.802968  0.762182  0.480253  0.480112  0.442703  0.853699  0.517684  0.696150  0.793644  0.923494  0.594859  0.623697  0.529596  0.485635  0.522470  0.466519  0.359233  0.542317  0.718080  0.433536  0.411203  0.841289  0.501757  0.664865  0.750598  0.584971  0.528318  0.444045  0.705532  0.453395  0.389573  0.538350  0.569951  0.489069  0.459995  0.380608  0.550549  0.449289  0.587950  0.504698  0.495720  0.557920  0.577697  0.364583  0.500461  0.508584  0.482418  0.719631  0.448412  0.565922  0.483893  0.773666  0.943891  0.570762  0.466701  0.477388  0.584861  0.600787  0.507054  0.500856  0.410586  0.490950  0.435548  0.840748  0.631365  0.445031  0.894235  0.454519  0.429304  0.349358  0.532848  0.548458  0.764236  0.537419  0.486884  0.502228  0.713155  0.575428  0.520498  0.621580  0.552168  0.823556  0.589892  0.597935  0.643025  0.595306  0.585483  0.524877  0.538364  0.510685  0.511862  0.888661  0.479035  0.428994  0.324803  0.522993  0.491427  0.490123  0.530480  0.468843  0.442456  0.521570  0.417007  0.833947  0.549183  0.550331  0.608499  0.759378  0.449290  0.400571  0.326956  0.622265  0.782688  0.368282  0.492227  0.411799  0.573140  0.546260  0.763296  0.453401  0.478748  0.546259  0.436213  0.616993  0.525899  0.444899  0.832695  0.473841  0.645314  0.470177 
16  0.781608  0.813002  0.852055  0.722425  0.881099  0.817946  0.808205  0.754439  0.851937  0.900767  0.757863  0.821271  0.691540  0.731101  0.809082  0.802968 0.0  0.632121  0.830272  0.732927  0.813746  0.689542  0.792936  0.611197  0.709070  0.807475  0.811110  0.697295  0.791278  0.852461  0.785362  0.787018  0.892898  0.878626  0.734368  0.759968  0.828286  0.823994  0.778654  0.824526  0.828698  0.751987  0.880748  0.700408  0.686260  0.843245  0.778048  0.690487  0.773403  0.750084  0.791351  0.795360  0.707209  0.714559  0.740029  0.779575  0.806145  0.712460  0.624782  0.875144  0.678148  0.745805  0.772062  0.823018  0.783812  0.753204  0.714655  0.750248  0.825339  0.760190  0.794678  0.812970  0.696138  0.612598  0.724822  0.669573  0.814593  0.792720  0.902634  0.733386  0.784738  0.791337  0.817731  0.739018  0.854349  0.762542  0.759256  0.727743  0.520288  0.744640  0.719667  0.915559  0.904673  0.609767  0.822145  0.693051  0.840028  0.727122  0.755605  0.776543  0.654548  0.697637  0.781402  0.768964  0.664320  0.690747  0.708628  0.773319  0.825710  0.744971  0.805188  0.670151  0.747933  0.860822  0.693756  0.807992  0.514568  0.651981  0.753098  0.847606  0.810718  0.819853  0.722761  0.874010  0.835342  0.778488  0.801341  0.718710  0.742005  0.793096  0.729095  0.744188  0.720689  0.797271  0.808381  0.720814  0.798665  0.734894  0.764365  0.839667  0.712071  0.725462  0.892282  0.774205  0.780131  0.806199 
17  0.730801  0.755818  0.692464  0.660775  0.779838  0.700507  0.707070  0.713959  0.702610  0.624558  0.664032  0.618130  0.799182  0.675449  0.757486  0.762182  0.632121 0.0  0.735618  0.690962  0.788843  0.673076  0.757142  0.691703  0.793073  0.760736  0.611647  0.679588  0.652657  0.773475  0.743664  0.725048  0.815724  0.726782  0.747029  0.673863  0.719804  0.725777  0.676504  0.668979  0.735600  0.693870  0.656208  0.664295  0.757443  0.615276  0.760644  0.726680  0.630009  0.694040  0.779892  0.785988  0.651522  0.719745  0.847080  0.728410  0.729291  0.721257  0.629378  0.698949  0.683687  0.755246  0.611288  0.776954  0.646129  0.740084  0.724799  0.784309  0.760812  0.728541  0.714587  0.629523  0.634316  0.794463  0.725544  0.753767  0.763123  0.742320  0.729593  0.737284  0.711196  0.740494  0.718450  0.730498  0.731166  0.666141  0.722960  0.628536  0.655226  0.782617  0.650492  0.736856  0.707253  0.555208  0.701211  0.652197  0.704306  0.796841  0.694102  0.710309  0.635949  0.681647  0.794506  0.647414  0.746769  0.679253  0.812798  0.799727  0.767879  0.705542  0.654194  0.719418  0.719887  0.821205  0.786108  0.821615  0.645662  0.595130  0.631122  0.740560  0.695007  0.701253  0.668679  0.769416  0.565878  0.737410  0.811793  0.692809  0.789403  0.686703  0.684542  0.631319  0.724828  0.767544  0.741696  0.680591  0.746185  0.710971  0.744035  0.764892  0.716110  0.781222  0.739217  0.591916  0.774353  0.685204 
18  0.470182  0.861524  0.842154  0.434637  0.555416  0.769309  0.455886  0.394596  0.482012  0.389023  0.482284  0.492603  0.367607  0.845794  0.533663  0.480253  0.830272  0.735618 0.0  0.571545  0.473516  0.830169  0.464399  0.545585  0.809079  0.717617  0.496839  0.462257  0.520552  0.399467  0.508213  0.567656  0.456634  0.431860  0.702894  0.432479  0.514134  0.751305  0.459648  0.736179  0.751554  0.552542  0.436285  0.509912  0.762447  0.471816  0.500806  0.509301  0.486547  0.562746  0.467479  0.513323  0.368504  0.452898  0.655293  0.461544  0.450434  0.523052  0.621044  0.402461  0.525600  0.509966  0.552439  0.846570  0.446268  0.437076  0.533304  0.872521  0.879530  0.469594  0.502276  0.479768  0.364457  0.518892  0.454193  0.387369  0.375182  0.517115  0.443273  0.874153  0.487663  0.474131  0.773279  0.443694  0.488288  0.490498  0.382348  0.482388  0.707063  0.426188  0.518892  0.483838  0.623339  0.715806  0.332877  0.654760  0.535508  0.847837  0.545499  0.549426  0.445155  0.502569  0.448093  0.553741  0.530814  0.444064  0.456194  0.799727  0.549611  0.541818  0.421661  0.406738  0.564917  0.479207  0.525973  0.484086  0.694958  0.600143  0.510529  0.798031  0.456071  0.414479  0.606152  0.800838  0.605627  0.558329  0.521328  0.598665  0.781466  0.455318  0.427758  0.513034  0.593828  0.682499  0.832123  0.398120  0.502548  0.487124  0.523895  0.779531  0.453213  0.398031  0.790205  0.435134  0.501830  0.435110 
19  0.551825  0.758550  0.796448  0.503456  0.597189  0.454966  0.554836  0.598304  0.669680  0.600039  0.620175  0.575369  0.565562  0.786564  0.611140  0.480112  0.732927  0.690962  0.571545 0.0  0.540700  0.814131  0.556159  0.550777  0.836090  0.749285  0.686885  0.505460  0.596029  0.628307  0.660758  0.496586  0.645721  0.618507  0.751924  0.555119  0.680230  0.694054  0.531451  0.778778  0.718468  0.629714  0.581489  0.660485  0.757776  0.554044  0.566154  0.636728  0.608185  0.623166  0.622999  0.626260  0.509316  0.628180  0.567049  0.656167  0.442652  0.486742  0.522215  0.506303  0.559678  0.688369  0.645772  0.709690  0.657842  0.635366  0.557804  0.829839  0.836617  0.535540  0.618606  0.583866  0.579592  0.567631  0.534311  0.661613  0.697221  0.630536  0.582239  0.760119  0.528704  0.662111  0.697759  0.646677  0.655671  0.582171  0.485728  0.565659  0.742838  0.617477  0.603783  0.545429  0.395161  0.654894  0.666813  0.516935  0.607671  0.689745  0.578395  0.643209  0.595840  0.475236  0.680418  0.559030  0.506048  0.429649  0.564264  0.795228  0.549678  0.609395  0.566392  0.692179  0.611626  0.646048  0.529439  0.713494  0.616198  0.581311  0.685699  0.797845  0.591810  0.633851  0.549574  0.691805  0.584329  0.598295  0.440683  0.688957  0.865247  0.664825  0.614327  0.516691  0.593683  0.627383  0.806259  0.586511  0.562345  0.658606  0.574503  0.787732  0.571162  0.608608  0.694656  0.623394  0.540861  0.562399 
20  0.429118  0.944240  0.853206  0.370434  0.369200  0.662461  0.338572  0.569921  0.647037  0.593564  0.450222  0.532859  0.571182  0.786608  0.566221  0.442703  0.813746  0.788843  0.473516  0.540700 0.0  0.792193  0.498271  0.678958  0.895361  0.856859  0.514428  0.421511  0.385384  0.427344  0.487399  0.510256  0.488287  0.407679  0.916011  0.455049  0.480122  0.793026  0.452025  0.667695  0.900343  0.580630  0.460477  0.407468  0.799748  0.544174  0.422668  0.415364  0.575654  0.472101  0.371657  0.440778  0.333370  0.507651  0.709817  0.585900  0.510979  0.498405  0.662132  0.455116  0.555972  0.605498  0.553205  0.805996  0.485098  0.428507  0.469918  0.769770  0.788721  0.511411  0.446814  0.451153  0.481181  0.547687  0.495312  0.433923  0.443342  0.405775  0.486501  0.882472  0.426713  0.427997  0.880837  0.454723  0.455040  0.335182  0.444713  0.507947  0.846465  0.468153  0.466094  0.546926  0.674292  0.440541  0.418227  0.608112  0.502786  0.771407  0.476603  0.487743  0.491677  0.465900  0.540810  0.482922  0.411061  0.369349  0.463183  0.716982  0.376834  0.468982  0.421673  0.562602  0.516327  0.484465  0.594303  0.491141  0.507836  0.570692  0.396160  0.836076  0.527085  0.392198  0.405866  0.790014  0.473601  0.442851  0.348261  0.637918  0.724568  0.454351  0.531145  0.387450  0.533769  0.600140  0.861440  0.394010  0.612405  0.572871  0.510926  0.751269  0.520736  0.455152  0.782367  0.499757  0.451521  0.476082 
21  0.760933  0.563503  0.736103  0.889913  0.811762  0.828263  0.800530  0.802328  0.890876  0.828557  0.898266  0.890878  0.893939  0.753508  0.823156  0.853699  0.689542  0.673076  0.830169  0.814131  0.792193 0.0  0.792975  0.630892  0.719383  0.817674  0.871526  0.802837  0.725069  0.840285  0.844610  0.894739  0.857929  0.895423  0.516835  0.745469  0.866309  0.786541  0.817389  0.566796  0.752492  0.790105  0.859729  0.829595  0.877444  0.845759  0.926922  0.886751  0.822509  0.882563  0.813618  0.809036  0.811655  0.860746  0.823552  0.861277  0.824453  0.660419  0.552848  0.830916  0.871356  0.878132  0.944174  0.841319  0.920290  0.791992  0.809825  0.430284  0.820933  0.712955  0.821954  0.782285  0.887988  0.796086  0.826959  0.786467  0.898509  0.799006  0.729153  0.516542  0.857608  0.849456  0.852430  0.794791  0.838232  0.861528  0.653990  0.895500  0.758445  0.850689  0.770801  0.812655  0.807834  0.554098  0.719226  0.805526  0.768206  0.736863  0.840732  0.773419  0.917616  0.746901  0.872217  0.833516  0.902549  0.908171  0.823571  0.821947  0.865004  0.759306  0.894320  0.782601  0.793651  0.841822  0.744451  0.724888  0.659401  0.778882  0.801865  0.505802  0.866781  0.758063  0.742857  0.543654  0.872368  0.756289  0.837831  0.842596  0.872467  0.762624  0.795527  0.835373  0.867486  0.800437  0.846472  0.802887  0.999044  0.917356  0.823665  0.789630  0.796973  0.800332  0.757438  0.812073  0.850921  0.865104 
22  0.499130  0.780426  0.905643  0.671109  0.476347  0.769439  0.517342  0.508856  0.589073  0.423858  0.433177  0.384008  0.484490  0.897859  0.564819  0.517684  0.792936  0.757142  0.464399  0.556159  0.498271  0.792975 0.0  0.520827  0.857341  0.821540  0.486474  0.432259  0.440312  0.574318  0.433845  0.500387  0.501057  0.415348  0.803957  0.516909  0.301613  0.788140  0.525942  0.801071  0.837777  0.494641  0.545978  0.495440  0.799211  0.557632  0.548839  0.467245  0.525722  0.398576  0.528557  0.548999  0.532731  0.451024  0.659925  0.491561  0.440829  0.607200  0.593989  0.449115  0.458666  0.407696  0.310967  0.807408  0.471883  0.557637  0.511034  0.754596  0.746217  0.417107  0.543529  0.537052  0.449836  0.674231  0.492002  0.564945  0.474454  0.538957  0.513423  0.861846  0.584682  0.445263  0.884562  0.493663  0.484963  0.541571  0.664149  0.358109  0.688816  0.470086  0.396588  0.391234  0.627946  0.613763  0.596259  0.672587  0.465344  0.955946  0.386049  0.487511  0.419677  0.457082  0.438081  0.411639  0.532422  0.487400  0.502074  0.799266  0.557689  0.551450  0.507196  0.550731  0.403101  0.529128  0.532104  0.554368  0.677765  0.484226  0.527172  0.897823  0.395647  0.525732  0.519717  0.841921  0.508594  0.532393  0.557115  0.592880  0.804126  0.489744  0.475945  0.461228  0.582710  0.541633  0.850278  0.531096  0.477162  0.482857  0.523398  0.723059  0.536971  0.488227  0.782568  0.493348  0.533051  0.388301 
23  0.559065  0.547278  0.543112  0.686955  0.641778  0.631683  0.647586  0.644022  0.598469  0.632682  0.594215  0.617967  0.710771  0.604317  0.678016  0.696150  0.611197  0.691703  0.545585  0.550777  0.678958  0.630892  0.520827 0.0  0.642133  0.568247  0.648945  0.596802  0.675079  0.574952  0.633259  0.553264  0.560605  0.576848  0.581927  0.546502  0.610032  0.536909  0.686814  0.582651  0.561748  0.581428  0.662266  0.559072  0.624765  0.591305  0.581666  0.496984  0.632650  0.603738  0.621164  0.516464  0.584317  0.530592  0.596912  0.633369  0.571512  0.592539  0.563029  0.608965  0.629825  0.563878  0.595982  0.585049  0.574560  0.625340  0.499703  0.629434  0.570242  0.730638  0.549728  0.589436  0.552674  0.609406  0.714676  0.690567  0.565687  0.580544  0.610432  0.528819  0.630496  0.681035  0.619209  0.541555  0.605372  0.586234  0.578898  0.602724  0.644869  0.549257  0.580604  0.630784  0.655034  0.570781  0.494364  0.563580  0.526393  0.551474  0.726567  0.583202  0.736368  0.715341  0.637999  0.626563  0.642883  0.693456  0.700573  0.741003  0.656982  0.559313  0.601842  0.626045  0.741866  0.547216  0.601878  0.655313  0.634933  0.639384  0.594930  0.539831  0.652525  0.652777  0.557533  0.580783  0.603394  0.587869  0.649084  0.576347  0.618987  0.686305  0.636016  0.574286  0.633369  0.580469  0.624678  0.649416  0.636380  0.547929  0.657563  0.551999  0.633300  0.627822  0.612019  0.647562  0.693481  0.613293 
24  0.646553  0.796946  0.681204  0.771952  0.800501  0.766950  0.742262  0.854078  0.819208  0.873187  0.811005  0.882536  0.818350  0.805234  0.856256  0.793644  0.709070  0.793073  0.809079  0.836090  0.895361  0.719383  0.857341  0.642133 0.0  0.367967  0.749338  0.782293  0.807670  0.698351  0.865605  0.767755  0.838461  0.740917  0.803705  0.877434  0.721341  0.654451  0.891891  0.767578  0.605303  0.830569  0.781874  0.771714  0.778525  0.809115  0.821126  0.763222  0.791473  0.849696  0.837290  0.792974  0.874225  0.715197  0.679142  0.763885  0.835007  0.826922  0.650111  0.870437  0.778028  0.870914  0.754984  0.781101  0.843111  0.841724  0.939265  0.683481  0.938143  0.788700  0.731183  0.772590  0.826044  0.879641  0.963004  0.826305  0.888045  0.720080  0.844956  0.800875  0.902235  0.851288  0.795739  0.778436  0.881764  0.828662  0.770129  0.715694  0.634563  0.857337  0.777865  0.887180  0.809608  0.646454  0.808589  0.754461  0.740169  0.807602  0.803580  0.810295  0.755965  0.762912  0.846062  0.830612  0.907381  0.856126  0.902318  0.729211  0.784592  0.882094  0.840425  0.811910  0.888838  0.724194  0.803087  0.845709  0.638911  0.806186  0.911630  0.846747  0.865797  0.790068  0.944950  0.757538  0.769080  0.917408  0.882657  0.833535  0.846802  0.853062  0.930165  0.809170  0.712122  0.777700  0.828184  0.781162  0.778830  0.759655  0.893512  0.615348  0.797827  0.827103  0.742245  0.766917  0.828486  0.835979 
25  0.903652  0.954667  0.805657  0.816523  0.824762  0.760597  0.880927  0.700721  0.817380  0.809266  0.795745  0.795149  0.888681  0.891018  0.782041  0.923494  0.807475  0.760736  0.717617  0.749285  0.856859  0.817674  0.821540  0.568247  0.367967 0.0  0.793128  0.801399  0.827146  0.753152  0.797200  0.787003  0.742877  0.885861  0.808599  0.821170  0.779690  0.455885  0.788604  0.949483  0.678040  0.752929  0.806780  0.877153  0.804033  0.821309  0.776572  0.893218  0.875682  0.885858  0.789268  0.792189  0.830702  0.901153  0.797168  0.901793  0.798731  0.663693  0.633785  0.904850  0.756100  0.925078  0.822016  0.703895  0.779577  0.803613  0.716565  0.773791  0.853189  0.703795  0.886649  0.872722  0.732294  0.751361  0.756979  0.864328  0.713710  0.788680  0.739494  0.811196  0.843550  0.807596  0.820246  0.793894  0.736554  0.956884  0.740109  0.910161  0.672579  0.795198  0.758615  0.766721  0.864778  0.558407  0.825230  0.793631  0.729341  0.917732  0.777950  0.820030  0.826430  0.858762  0.690360  0.954803  0.778853  0.862672  0.789492  0.819642  0.819644  0.779379  0.876188  0.828456  0.814073  0.811257  0.828486  0.842464  0.582332  0.751681  0.871993  0.793258  0.855322  0.742785  0.841923  0.892179  0.764467  0.777558  0.900979  0.802776  0.817410  0.697957  0.815685  0.805787  0.751078  0.712736  0.720251  0.839252  0.794514  0.840827  0.805930  0.480436  0.746279  0.871926  0.708073  0.787384  0.844339  0.785120 
26  0.515838  0.792381  0.764403  0.606076  0.604119  0.736527  0.433385  0.384114  0.533430  0.476883  0.502091  0.466255  0.508271  0.742380  0.630422  0.594859  0.811110  0.611647  0.496839  0.686885  0.514428  0.871526  0.486474  0.648945  0.749338  0.793128 0.0  0.431608  0.429333  0.518434  0.423735  0.496539  0.520274  0.515327  0.822881  0.599538  0.423612  0.827897  0.573110  0.745973  0.666138  0.526470  0.450210  0.576211  0.833642  0.505758  0.485149  0.523511  0.352319  0.510417  0.538014  0.498568  0.638906  0.460281  0.629064  0.289173  0.477070  0.588081  0.547339  0.476922  0.581064  0.550437  0.380727  0.766868  0.562168  0.513927  0.533422  0.782539  0.839456  0.609828  0.569212  0.492920  0.434991  0.481724  0.409394  0.577014  0.446699  0.417927  0.481426  0.789934  0.428495  0.544391  0.765791  0.470416  0.525005  0.607783  0.577073  0.368017  0.656554  0.369050  0.433224  0.499677  0.688916  0.740288  0.504623  0.738118  0.512923  0.829164  0.434560  0.517665  0.512063  0.394732  0.384253  0.397709  0.513839  0.391037  0.392302  0.776707  0.561409  0.615941  0.416094  0.497564  0.470647  0.479895  0.403947  0.547283  0.664948  0.572054  0.588332  0.783248  0.454866  0.525800  0.476957  0.816931  0.555636  0.426190  0.506350  0.670099  0.843606  0.568311  0.418607  0.590958  0.616105  0.541676  0.899332  0.540407  0.473782  0.379376  0.527018  0.720580  0.427677  0.498021  0.768167  0.413831  0.491629  0.421578 
