146
0 0.0  0.839588  0.861595  0.351229  0.517733  0.710676  0.404649  0.621521  0.540289  0.496757  0.450016  0.531750  0.363979  0.788671  0.506044  0.442550  0.694669  0.622105  0.535261  0.598043  0.335764  0.807838  0.548146  0.620079  0.680562  0.765044  0.545929  0.511257  0.464522  0.429548  0.499322  0.414052  0.600978  0.542622  0.865634  0.500871  0.376454  0.679905  0.402393  0.642290  0.729002  0.456081  0.410429  0.466195  0.725646  0.385302  0.514173  0.475585  0.473411  0.439059  0.360308  0.429738  0.336030  0.569460  0.544149  0.452615  0.515887  0.670641  0.588346  0.484904  0.514667  0.444709  0.453482  0.783960  0.438945  0.526576  0.363816  0.789656  0.827102  0.403826  0.349372  0.379846  0.480480  0.485463  0.582014  0.394326  0.428787  0.453880  0.404928  0.753445  0.560942  0.471031  0.754362  0.387850  0.376471  0.485503  0.525579  0.600714  0.692138  0.476166  0.437584  0.486449  0.624053  0.626132  0.503339  0.645586  0.513024  0.738707  0.521785  0.497866  0.476691  0.520008  0.529766  0.493121  0.364556  0.594388  0.520993  0.776949  0.465153  0.349717  0.477211  0.463351  0.492063  0.359647  0.448002  0.453703  0.611361  0.595953  0.426999  0.804849  0.476838  0.558528  0.526469  0.750534  0.422731  0.511816  0.429811  0.580607  0.778098  0.462947  0.490832  0.436166  0.580862  0.535513  0.928371  0.350271  0.472968  0.475612  0.482149  0.597750  0.395202  0.510570  0.782471  0.479816  0.489257  0.486265 
1  0.839588 0.0  0.504332  0.771456  0.826219  0.793174  0.829804  0.806658  0.756298  0.830724  0.749079  0.887745  0.783168  0.754566  0.785593  0.783010  0.756218  0.633109  0.752693  0.838702  0.850696  0.630506  0.775364  0.502454  0.769039  0.741201  0.812419  0.829908  0.693437  0.720091  0.827446  0.828885  0.736099  0.795599  0.605629  0.784245  0.864266  0.777749  0.845520  0.400074  0.735822  0.757971  0.703003  0.902203  0.766106  0.836052  0.754360  0.888065  0.778968  0.736486  0.826891  0.834808  0.807474  0.683458  0.745840  0.732959  0.722367  0.775344  0.453657  0.671954  0.809524  0.746729  0.823929  0.724684  0.825087  0.852750  0.804855  0.609168  0.867989  0.790784  0.914909  0.787887  0.767639  0.876150  0.882766  0.811512  0.871211  0.922423  0.672495  0.622786  0.760053  0.782428  0.817178  0.796015  0.837728  0.651869  0.726520  0.810074  0.709670  0.760864  0.720901  0.750877  0.695601  0.554360  0.824254  0.906503  0.765362  0.482839  0.776731  0.834963  0.730370  0.769835  0.754146  0.772618  0.819585  0.733166  0.861622  0.707554  0.810156  0.856631  0.775775  0.914594  0.814205  0.683955  0.885808  0.779476  0.635917  0.719763  0.797151  0.703469  0.752743  0.791260  0.731284  0.629663  0.810299  0.796327  0.821600  0.736296  0.742723  0.769314  0.836200  0.725780  0.777000  0.717306  0.825568  0.815163  0.756822  0.873720  0.677176  0.700413  0.795899  0.741437  0.674500  0.833114  0.778071  0.765702 
2  0.861595  0.504332 0.0  0.925265  1.000000  0.709621  0.789080  0.733910  0.857340  0.759365  0.682849  0.799147  0.708129  0.700739  0.761850  0.877689  0.701621  0.720674  0.748732  0.763461  0.787313  0.602010  0.749815  0.571027  0.785360  0.848768  0.784290  0.771354  0.709624  0.779035  0.762652  0.785372  0.867017  0.711669  0.582979  0.791787  0.778587  0.776265  0.772787  0.481961  0.762304  0.762039  0.750475  0.780981  0.785075  0.835918  0.752320  0.727844  0.684425  0.771976  0.767776  0.728310  0.808800  0.802079  0.736192  0.771987  0.771871  0.667370  0.475507  0.760181  0.773584  0.759696  0.819529  0.735689  0.799932  0.745097  0.853444  0.542394  0.812883  0.678353  0.763759  0.854333  0.809563  0.831888  0.759492  0.800947  0.829726  0.880674  0.721420  0.703560  0.713461  0.784070  0.820522  0.801922  0.823654  0.854177  0.753308  0.814339  0.632692  0.790274  0.748270  0.751523  0.870595  0.569793  0.770458  0.839662  0.760063  0.606541  0.715542  0.794432  0.882644  0.829928  0.809399  0.808304  0.804839  0.783084  0.832377  0.645025  0.767094  0.818584  0.886363  0.762811  0.815138  0.788952  0.756826  0.709951  0.625692  0.712923  0.779546  0.514794  0.729906  0.746684  0.745989  0.561932  0.799378  0.649562  0.763877  0.730482  0.728731  0.846502  0.767593  0.751725  0.720248  0.703966  0.916063  0.784413  0.784352  0.779424  0.933618  0.813144  0.807609  0.863496  0.809712  0.750463  0.769945  0.765217 
3  0.351229  0.771456  0.925265 0.0  0.469541  0.681192  0.405638  0.486045  0.586527  0.496198  0.410701  0.549722  0.501478  0.876637  0.569845  0.426001  0.747968  0.634216  0.387219  0.674438  0.322059  0.915629  0.517196  0.513399  0.708689  0.756211  0.498688  0.599390  0.569390  0.539483  0.532229  0.426589  0.446132  0.550546  0.912343  0.488500  0.405928  0.826241  0.310895  0.750272  0.635669  0.625258  0.434974  0.444899  0.641778  0.506438  0.459993  0.354411  0.403430  0.532324  0.380524  0.431717  0.387570  0.453219  0.649710  0.504217  0.521347  0.556891  0.650638  0.486084  0.495974  0.456512  0.459198  0.730843  0.604633  0.448645  0.340734  0.682804  0.739701  0.474435  0.447798  0.441718  0.444269  0.488545  0.455334  0.388999  0.376083  0.429968  0.399941  0.751024  0.523827  0.487075  0.747579  0.436212  0.443766  0.420192  0.498092  0.540367  0.605795  0.438069  0.487696  0.452541  0.623459  0.630321  0.310489  0.659790  0.524716  0.785552  0.463890  0.400413  0.477128  0.539422  0.550895  0.410300  0.409096  0.526092  0.446833  0.804664  0.406128  0.509525  0.368116  0.452899  0.537967  0.342795  0.510022  0.464142  0.637508  0.618854  0.478558  0.669619  0.482055  0.382717  0.431325  0.696502  0.364007  0.528004  0.462869  0.663082  0.813578  0.585855  0.488095  0.457681  0.596634  0.636834  0.905407  0.457184  0.530046  0.492303  0.373189  0.675784  0.448198  0.506777  0.679491  0.510668  0.454243  0.443259 
4  0.517733  0.826219  1.000000  0.469541 0.0  0.653740  0.352775  0.409996  0.541126  0.407851  0.519724  0.443929  0.495033  0.710935  0.473558  0.545923  0.627066  0.693731  0.347148  0.528635  0.618749  0.730259  0.503920  0.598910  0.705974  0.845683  0.481904  0.411339  0.459233  0.467128  0.490367  0.344176  0.518031  0.495018  0.858528  0.396915  0.518488  0.763088  0.392026  0.736062  0.754555  0.397601  0.445536  0.462700  0.830824  0.341673  0.425020  0.429527  0.410156  0.522724  0.460271  0.428986  0.475058  0.402027  0.586316  0.546758  0.568419  0.489746  0.612790  0.450873  0.404855  0.478615  0.459935  0.744904  0.515908  0.469491  0.406828  0.716136  0.801750  0.528512  0.427636  0.434821  0.545358  0.517304  0.577963  0.443968  0.320797  0.376262  0.395113  0.827909  0.431960  0.436293  0.755470  0.315077  0.496044  0.510063  0.437124  0.497484  0.786557  0.471231  0.519347  0.532612  0.659017  0.554757  0.380008  0.684370  0.511652  0.855705  0.496023  0.566747  0.598906  0.467790  0.408779  0.492222  0.433636  0.471457  0.487724  0.767169  0.425239  0.468459  0.475985  0.355353  0.430900  0.465439  0.513437  0.458952  0.558254  0.497242  0.444890  0.773478  0.420655  0.374149  0.456892  0.678451  0.350992  0.433730  0.523220  0.586158  0.781533  0.551140  0.591192  0.474311  0.575198  0.624582  0.714791  0.507543  0.490304  0.469614  0.385997  0.619604  0.506120  0.397890  0.828623  0.511885  0.509907  0.299972 
5  0.710676  0.793174  0.709621  0.681192  0.653740 0.0  0.634498  0.656115  0.573154  0.631454  0.789849  0.621181  0.634959  0.717471  0.661807  0.586309  0.653464  0.684615  0.588557  0.473030  0.610899  0.869594  0.619032  0.583439  0.756169  0.829239  0.732981  0.614480  0.698135  0.654810  0.662065  0.735723  0.624860  0.761507  0.787034  0.669046  0.615893  0.831250  0.603682  0.772694  0.754775  0.594582  0.685305  0.665651  0.862153  0.644301  0.751306  0.669821  0.597267  0.763014  0.568699  0.612551  0.682064  0.632864  0.675859  0.646926  0.589952  0.497366  0.635484  0.718269  0.653187  0.767547  0.678997  0.779319  0.771815  0.665687  0.584676  0.788266  0.869591  0.421565  0.676249  0.684971  0.694128  0.715079  0.674227  0.656274  0.614594  0.664976  0.507011  0.791936  0.698466  0.646880  0.799158  0.630429  0.656098  0.666453  0.562301  0.596112  0.621669  0.699778  0.637633  0.643086  0.433118  0.520614  0.666325  0.413630  0.688068  0.789139  0.654521  0.643800  0.750815  0.678546  0.726481  0.689951  0.728803  0.698015  0.658281  0.777734  0.690652  0.648233  0.656856  0.736128  0.644217  0.698150  0.674118  0.662681  0.534877  0.558559  0.614897  0.814098  0.770145  0.682067  0.708665  0.702354  0.662306  0.642762  0.589321  0.711372  0.823357  0.706631  0.672159  0.646188  0.556790  0.500538  0.886561  0.627748  0.653725  0.654226  0.716317  0.665914  0.730454  0.700749  0.840310  0.707880  0.719679  0.555340 
6  0.404649  0.829804  0.789080  0.405638  0.352775  0.634498 0.0  0.502093  0.625082  0.442076  0.402436  0.397879  0.454920  0.792003  0.533242  0.422836  0.622783  0.787478  0.431626  0.499870  0.405549  0.738034  0.433182  0.645405  0.825449  0.829104  0.503331  0.505943  0.576846  0.413195  0.583669  0.412797  0.505130  0.448688  0.733508  0.492815  0.465194  0.837451  0.504390  0.733689  0.661737  0.398098  0.394473  0.493777  0.849324  0.393931  0.368759  0.373976  0.631421  0.554568  0.408576  0.542839  0.506400  0.523106  0.633702  0.528713  0.509836  0.571751  0.565017  0.499041  0.537552  0.409880  0.549083  0.704189  0.526041  0.432887  0.405896  0.734026  0.802570  0.449883  0.367335  0.454729  0.519609  0.471364  0.449552  0.344439  0.489246  0.482160  0.396832  0.816948  0.502886  0.506221  0.833007  0.354063  0.480590  0.466556  0.415942  0.490088  0.716556  0.600312  0.576307  0.455848  0.614373  0.579256  0.467433  0.650340  0.484975  0.776028  0.561187  0.448375  0.574668  0.448123  0.482629  0.539457  0.486745  0.561843  0.504878  0.791000  0.349943  0.471834  0.469720  0.358512  0.462976  0.418144  0.536366  0.484015  0.590967  0.564294  0.536551  0.741318  0.473310  0.360958  0.484834  0.797720  0.389043  0.448772  0.508295  0.634193  0.731321  0.504926  0.566029  0.392295  0.495789  0.534087  0.838090  0.401471  0.492569  0.581478  0.440478  0.629832  0.475469  0.395713  0.743647  0.572904  0.479969  0.514510 
7  0.621521  0.806658  0.733910  0.486045  0.409996  0.656115  0.502093 0.0  0.598640  0.507884  0.516209  0.452430  0.421800  0.743226  0.547840  0.557806  0.710875  0.591292  0.450369  0.562344  0.522828  0.821699  0.319672  0.590514  0.765123  0.771031  0.346888  0.362257  0.461035  0.405676  0.481966  0.549191  0.452312  0.388420  0.714993  0.375167  0.410438  0.657221  0.456272  0.642659  0.730831  0.426732  0.447087  0.588353  0.761493  0.485273  0.533948  0.511612  0.488118  0.460874  0.566829  0.466948  0.529244  0.440381  0.655006  0.362546  0.487829  0.578011  0.623743  0.470047  0.508151  0.357952  0.435963  0.741135  0.389139  0.460795  0.537290  0.787273  0.812380  0.604393  0.478292  0.512678  0.495137  0.590938  0.389709  0.510484  0.474391  0.386635  0.471237  0.757018  0.386549  0.355794  0.856559  0.527431  0.477395  0.440028  0.455398  0.429539  0.740130  0.404407  0.447654  0.355725  0.582692  0.604872  0.497581  0.568835  0.382843  0.889938  0.295644  0.373182  0.390012  0.278388  0.285803  0.421994  0.542109  0.478352  0.350721  0.697685  0.510648  0.612647  0.509070  0.423857  0.449235  0.460104  0.462005  0.441352  0.493965  0.658110  0.494151  0.662435  0.525171  0.596265  0.435512  0.603460  0.483848  0.529446  0.497790  0.510449  0.843528  0.546537  0.327498  0.447871  0.467572  0.575613  0.844103  0.505225  0.376174  0.451301  0.403260  0.684641  0.304912  0.498751  0.751123  0.415738  0.311448  0.426857 
8  0.540289  0.756298  0.857340  0.586527  0.541126  0.573154  0.625082  0.598640 0.0  0.603440  0.633241  0.472584  0.551618  0.727763  0.380124  0.659719  0.666818  0.648748  0.591887  0.466024  0.556340  0.823843  0.519314  0.661782  0.831831  0.701676  0.598610  0.615852  0.512152  0.512578  0.572417  0.531542  0.596979  0.489911  0.829754  0.542724  0.506654  0.794940  0.477720  0.654791  0.706233  0.409798  0.603170  0.561262  0.775353  0.523871  0.545488  0.461067  0.562356  0.587808  0.513433  0.574344  0.490872  0.485589  0.642776  0.600561  0.589807  0.553198  0.435439  0.632996  0.650269  0.539023  0.576728  0.737586  0.597763  0.576865  0.595087  0.843709  0.737136  0.565492  0.574336  0.497437  0.452043  0.312103  0.481256  0.543997  0.376230  0.585507  0.503814  0.648583  0.456108  0.557297  0.811795  0.447169  0.588041  0.566115  0.494877  0.500386  0.729169  0.554729  0.561567  0.494021  0.676399  0.545954  0.552147  0.607026  0.550819  0.906364  0.544249  0.525343  0.635283  0.523255  0.598553  0.489782  0.528114  0.652954  0.489984  0.735760  0.645484  0.564832  0.461187  0.645804  0.550059  0.618791  0.629588  0.521341  0.557781  0.412085  0.544446  0.784606  0.480084  0.493912  0.550969  0.730594  0.491740  0.596101  0.493211  0.628099  0.892650  0.592549  0.569312  0.620654  0.721256  0.638351  0.788965  0.519183  0.631752  0.553161  0.571005  0.600785  0.554796  0.500474  0.670384  0.514752  0.511496  0.479307 
9  0.496757  0.830724  0.759365  0.496198  0.407851  0.631454  0.442076  0.507884  0.603440 0.0  0.493770  0.358507  0.483757  0.815449  0.508683  0.513102  0.810636  0.773842  0.449569  0.493931  0.443989  0.830866  0.347868  0.670978  0.799029  0.668541  0.435400  0.347695  0.416906  0.561560  0.398532  0.461266  0.487196  0.436492  0.807119  0.465235  0.387977  0.679798  0.520772  0.721209  0.732731  0.542111  0.420009  0.505765  0.852582  0.408424  0.531984  0.324089  0.541352  0.489455  0.516933  0.374328  0.528989  0.364858  0.588194  0.494438  0.497790  0.511552  0.645144  0.332588  0.455634  0.404474  0.404283  0.699922  0.383690  0.528703  0.493346  0.757149  0.739844  0.606421  0.450103  0.425602  0.389477  0.601242  0.349733  0.462851  0.526509  0.476493  0.461152  0.838215  0.499382  0.405911  0.696707  0.505295  0.482717  0.470541  0.455658  0.381766  0.710839  0.420137  0.416447  0.397287  0.668847  0.702904  0.446534  0.635169  0.360877  0.757124  0.495340  0.419686  0.429117  0.382137  0.467974  0.450543  0.506619  0.416429  0.396837  0.804367  0.514583  0.407985  0.505966  0.503114  0.406052  0.515544  0.378356  0.391223  0.604395  0.647828  0.505729  0.759367  0.437006  0.493383  0.482909  0.733014  0.546023  0.441444  0.478021  0.651659  0.757551  0.494506  0.472265  0.510583  0.532570  0.497167  0.795629  0.399162  0.444415  0.461717  0.422771  0.708761  0.492430  0.483944  0.718858  0.433987  0.503080  0.437589 
10  0.450016  0.749079  0.682849  0.410701  0.519724  0.789849  0.402436  0.516209  0.633241  0.493770 0.0  0.491747  0.528595  0.824013  0.459466  0.414305  0.731414  0.690550  0.451597  0.545283  0.463580  0.845106  0.520225  0.584086  0.756362  0.735577  0.514893  0.505861  0.484036  0.530500  0.538857  0.482056  0.470192  0.414852  0.823254  0.531771  0.528676  0.770295  0.482170  0.743175  0.722919  0.660754  0.263907  0.446686  0.784668  0.501132  0.458127  0.456969  0.589528  0.476087  0.382839  0.478235  0.343372  0.570653  0.577547  0.478001  0.487926  0.469418  0.563971  0.534292  0.522254  0.466137  0.375013  0.769511  0.541334  0.442867  0.486921  0.823914  0.800120  0.484312  0.365549  0.454629  0.472816  0.570637  0.578487  0.399624  0.481063  0.548995  0.437254  0.735404  0.473090  0.454776  0.755690  0.402892  0.416967  0.436297  0.516615  0.423455  0.606712  0.557029  0.466807  0.533356  0.613766  0.616070  0.338613  0.694144  0.535103  0.881005  0.509458  0.643078  0.447503  0.487840  0.448605  0.508299  0.483672  0.542272  0.434113  0.747122  0.388643  0.395446  0.440936  0.483574  0.485099  0.319792  0.570255  0.408802  0.557302  0.510922  0.439552  0.787988  0.427539  0.405012  0.379004  0.801061  0.472156  0.499263  0.432263  0.624040  0.672432  0.412202  0.387293  0.457201  0.680831  0.535886  0.859902  0.431894  0.519182  0.569281  0.433667  0.681561  0.526890  0.538732  0.792450  0.523582  0.511651  0.401475 
11  0.531750  0.887745  0.799147  0.549722  0.443929  0.621181  0.397879  0.452430  0.472584  0.358507  0.491747 0.0  0.446471  0.680067  0.604738  0.506451  0.658224  0.642476  0.508208  0.507461  0.517751  0.765618  0.460997  0.633013  0.683659  0.750155  0.435463  0.482792  0.451484  0.513087  0.413212  0.517143  0.516158  0.462107  0.768442  0.479326  0.282395  0.800902  0.516591  0.834072  0.726694  0.509612  0.394435  0.502878  0.819828  0.473751  0.389637  0.504556  0.468757  0.395953  0.507225  0.401544  0.524103  0.460736  0.645704  0.490733  0.456273  0.448038  0.575323  0.484530  0.465693  0.445201  0.354260  0.682949  0.478564  0.584495  0.574334  0.876995  0.883837  0.472595  0.429360  0.405712  0.458575  0.578519  0.405057  0.474333  0.510898  0.491415  0.453859  0.744085  0.515480  0.475520  0.793294  0.482518  0.462680  0.451039  0.502766  0.405687  0.661795  0.402328  0.437892  0.323492  0.678514  0.619710  0.501118  0.686903  0.366227  0.730659  0.437709  0.404704  0.405764  0.443105  0.410603  0.580049  0.471908  0.468712  0.518497  0.769975  0.423866  0.492797  0.535645  0.509104  0.464876  0.439156  0.362114  0.445340  0.582394  0.559992  0.525198  0.811034  0.458047  0.494213  0.449470  0.617722  0.495681  0.602919  0.435036  0.590300  0.789628  0.499587  0.395099  0.493218  0.562597  0.419765  0.746480  0.489091  0.500206  0.426544  0.483249  0.729486  0.356134  0.415093  0.743266  0.451165  0.402665  0.423209 
12  0.363979  0.783168  0.708129  0.501478  0.495033  0.634959  0.454920  0.421800  0.551618  0.483757  0.528595  0.446471 0.0  0.782145  0.544145  0.403243  0.837042  0.671513  0.287094  0.538011  0.443200  0.838706  0.455400  0.564319  0.765272  0.748102  0.402154  0.524949  0.376613  0.406903  0.391081  0.496506  0.462973  0.447037  0.790708  0.476747  0.510768  0.823595  0.526488  0.730896  0.707004  0.488105  0.425298  0.352686  0.699157  0.417006  0.464534  0.527440  0.475020  0.447994  0.459761  0.409147  0.338100  0.457104  0.631492  0.515909  0.447929  0.379550  0.563876  0.470121  0.514760  0.421550  0.449304  0.639784  0.468290  0.386387  0.473518  0.746059  0.696040  0.489240  0.457536  0.421128  0.428041  0.554126  0.521092  0.404070  0.477612  0.436313  0.475670  0.796088  0.458166  0.458929  0.770883  0.385183  0.548138  0.465555  0.518318  0.438013  0.774590  0.470864  0.466772  0.353158  0.601101  0.549740  0.398151  0.593598  0.498534  0.708302  0.450600  0.539694  0.402313  0.436784  0.472745  0.434809  0.446726  0.420738  0.440827  0.721435  0.420535  0.399722  0.389990  0.436540  0.404273  0.421825  0.442000  0.480583  0.567619  0.538451  0.387607  0.828896  0.526204  0.463100  0.375657  0.659010  0.546416  0.368257  0.437528  0.579218  0.820718  0.483399  0.407486  0.491628  0.506425  0.567199  0.875418  0.505560  0.468671  0.428483  0.404247  0.652458  0.444403  0.391909  0.780208  0.447715  0.425662  0.390807 
13  0.788671  0.754566  0.700739  0.876637  0.710935  0.717471  0.792003  0.743226  0.727763  0.815449  0.824013  0.680067  0.782145 0.0  0.784481  0.721928  0.737566  0.640169  0.748591  0.738775  0.872926  0.749960  0.699357  0.600995  0.766079  0.723379  0.784585  0.799775  0.775379  0.764113  0.770486  0.671237  0.771644  0.779503  0.822215  0.739447  0.779145  0.798335  0.740425  0.749898  0.721890  0.744714  0.751120  0.821341  0.384727  0.782253  0.742400  0.736770  0.722659  0.633555  0.764784  0.781727  0.825776  0.756021  0.840494  0.679052  0.664906  0.601286  0.602390  0.721731  0.831829  0.799673  0.743604  0.663649  0.761290  0.740271  0.908439  0.804448  0.769569  0.648555  0.728782  0.751192  0.781642  0.729851  0.726555  0.753724  0.708586  0.841515  0.703854  0.761678  0.774907  0.750683  0.676114  0.837158  0.813572  0.808922  0.699262  0.744500  0.676529  0.790401  0.900357  0.675063  0.830391  0.559059  0.760504  0.775286  0.754632  0.747327  0.809771  0.800583  0.762902  0.744170  0.859798  0.766445  0.677761  0.746304  0.758927  0.660835  0.841674  0.861529  0.740973  0.699147  0.819561  0.656957  0.808997  0.842818  0.494661  0.722809  0.666820  0.749732  0.734068  0.768805  0.730574  0.700118  0.677193  0.795934  0.744121  0.710767  0.602018  0.692597  0.769979  0.796095  0.617673  0.781534  0.775659  0.733877  0.751626  0.805201  0.770915  0.761128  0.766133  0.849958  0.789249  0.647851  0.668345  0.783318 
14  0.506044  0.785593  0.761850  0.569845  0.473558  0.661807  0.533242  0.547840  0.380124  0.508683  0.459466  0.604738  0.544145  0.784481 0.0  0.503245  0.722586  0.643102  0.592363  0.490186  0.492765  0.807235  0.538901  0.614040  0.754567  0.770582  0.500402  0.494457  0.508067  0.590042  0.578262  0.493055  0.605676  0.524501  0.821423  0.511178  0.494034  0.730087  0.451351  0.757870  0.743621  0.440900  0.520516  0.581153  0.701878  0.513355  0.651529  0.523204  0.596624  0.439921  0.585983  0.567961  0.548627  0.525294  0.575819  0.516464  0.639561  0.496820  0.535986  0.538142  0.578150  0.599049  0.550732  0.734165  0.540206  0.562449  0.612250  0.816951  0.883223  0.475454  0.473011  0.505988  0.540614  0.400699  0.460837  0.573005  0.541165  0.520728  0.436493  0.826668  0.615442  0.616426  0.801102  0.589053  0.628593  0.546019  0.517687  0.435139  0.715583  0.527208  0.530486  0.572101  0.609079  0.527197  0.511050  0.726946  0.616859  0.823415  0.539674  0.470641  0.502982  0.520442  0.565141  0.608405  0.464831  0.489074  0.540028  0.812280  0.518563  0.589622  0.526040  0.626355  0.522478  0.436647  0.631820  0.380633  0.558097  0.459367  0.516704  0.773095  0.584414  0.566695  0.541239  0.794826  0.498968  0.506203  0.483132  0.687293  0.774942  0.615781  0.585038  0.567851  0.617805  0.687386  0.844693  0.588873  0.592692  0.557426  0.492277  0.651962  0.588352  0.559875  0.680659  0.540080  0.415105  0.511359 
15  0.442550  0.783010  0.877689  0.426001  0.545923  0.586309  0.422836  0.557806  0.659719  0.513102  0.414305  0.506451  0.403243  0.721928  0.503245 0.0  0.738196  0.748435  0.494922  0.541213  0.420422  0.812687  0.517497  0.633971  0.728616  0.873613  0.530452  0.476333  0.462440  0.551527  0.501972  0.591733  0.378778  0.436691  0.800523  0.412611  0.497663  0.693628  0.353219  0.663736  0.649026  0.492414  0.451379  0.488710  0.737442  0.463694  0.325002  0.472400  0.541167  0.542223  0.445274  0.497146  0.353903  0.474856  0.619323  0.499810  0.504307  0.354958  0.632754  0.544713  0.496699  0.415002  0.568457  0.765290  0.568648  0.449677  0.482162  0.793580  0.828272  0.543723  0.485141  0.449264  0.497670  0.564634  0.428728  0.442020  0.467279  0.417832  0.426381  0.747788  0.531436  0.488507  0.733479  0.420314  0.404703  0.419961  0.595790  0.541342  0.688687  0.564173  0.563926  0.458055  0.554803  0.623328  0.487119  0.787069  0.586085  0.813688  0.525721  0.462718  0.541999  0.548038  0.504424  0.569075  0.354788  0.450422  0.473588  0.679587  0.465694  0.395726  0.236776  0.479112  0.481291  0.423740  0.506917  0.463559  0.529587  0.474952  0.441886  0.819732  0.589852  0.431696  0.407209  0.773348  0.399019  0.329558  0.425958  0.676741  0.834258  0.421843  0.451876  0.368107  0.614869  0.537615  0.883742  0.463761  0.499056  0.640403  0.484193  0.720337  0.565465  0.399598  0.682093  0.447312  0.437152  0.419911 
16  0.694669  0.756218  0.701621  0.747968  0.627066  0.653464  0.622783  0.710875  0.666818  0.810636  0.731414  0.658224  0.837042  0.737566  0.722586  0.738196 0.0  0.646772  0.738624  0.788544  0.764918  0.655507  0.785760  0.654767  0.783629  0.711778  0.685991  0.757548  0.786991  0.723211  0.694035  0.721707  0.898475  0.658449  0.773323  0.778426  0.751145  0.731251  0.722260  0.709365  0.763260  0.678170  0.715439  0.686080  0.803595  0.854187  0.771646  0.703703  0.699858  0.796840  0.852580  0.784446  0.714711  0.632480  0.713131  0.782447  0.754397  0.833866  0.650644  0.617779  0.770049  0.719966  0.743246  0.701309  0.722654  0.684689  0.700451  0.735855  0.755461  0.753653  0.737860  0.716154  0.572507  0.714264  0.827961  0.692395  0.742085  0.706773  0.764606  0.830088  0.738991  0.807757  0.674569  0.799913  0.741914  0.718263  0.579556  0.726980  0.508563  0.774852  0.720057  0.728478  0.708981  0.541907  0.734249  0.691534  0.697601  0.696798  0.841101  0.781124  0.707421  0.889712  0.700748  0.743170  0.695854  0.739035  0.805289  0.813175  0.705471  0.784751  0.693016  0.795283  0.786376  0.727502  0.704058  0.680196  0.612751  0.693306  0.696343  0.685453  0.729726  0.752258  0.772235  0.735123  0.741760  0.808536  0.718759  0.830912  0.803168  0.758850  0.608489  0.716928  0.737589  0.599781  0.790074  0.750665  0.632707  0.838174  0.805962  0.651357  0.719354  0.721744  0.634853  0.759592  0.733248  0.659453 
17  0.622105  0.633109  0.720674  0.634216  0.693731  0.684615  0.787478  0.591292  0.648748  0.773842  0.690550  0.642476  0.671513  0.640169  0.643102  0.748435  0.646772 0.0  0.654457  0.714853  0.742967  0.662955  0.699727  0.621985  0.662405  0.691261  0.718324  0.647658  0.674715  0.722472  0.649781  0.701973  0.645771  0.637404  0.668564  0.754367  0.608575  0.689657  0.620945  0.681599  0.619529  0.680103  0.676501  0.688309  0.716031  0.607739  0.747766  0.691534  0.632935  0.620295  0.752343  0.619484  0.686242  0.773097  0.662078  0.716691  0.592762  0.701746  0.540492  0.659405  0.584318  0.632876  0.700522  0.702209  0.677873  0.668221  0.734214  0.720509  0.673145  0.656733  0.656949  0.742081  0.680454  0.670478  0.713383  0.663570  0.794487  0.673499  0.639975  0.633230  0.645563  0.603611  0.734809  0.670524  0.705782  0.764760  0.634167  0.703629  0.588822  0.595687  0.665640  0.715525  0.707081  0.532782  0.781926  0.738213  0.647149  0.763023  0.765691  0.700126  0.679426  0.677667  0.677196  0.551272  0.702147  0.683245  0.632568  0.686150  0.764098  0.654792  0.699831  0.661538  0.653895  0.715154  0.709033  0.700460  0.565512  0.636273  0.750196  0.672891  0.814884  0.610157  0.761897  0.677417  0.689942  0.621190  0.723236  0.751407  0.623652  0.763990  0.779444  0.687714  0.618568  0.591212  0.683764  0.678243  0.702380  0.760027  0.655108  0.664884  0.703111  0.637517  0.653781  0.715339  0.702494  0.698531 
18  0.535261  0.752693  0.748732  0.387219  0.347148  0.588557  0.431626  0.450369  0.591887  0.449569  0.451597  0.508208  0.287094  0.748591  0.592363  0.494922  0.738624  0.654457 0.0  0.618311  0.439122  0.826515  0.480355  0.536631  0.697655  0.832597  0.487962  0.436274  0.455749  0.468078  0.410596  0.445807  0.416906  0.448434  0.758322  0.441521  0.481357  0.771659  0.560241  0.687057  0.694178  0.498430  0.560043  0.401197  0.765652  0.392450  0.511977  0.336423  0.409814  0.546794  0.486266  0.505770  0.500692  0.496208  0.664128  0.406749  0.451858  0.461673  0.513412  0.494653  0.391325  0.487507  0.426466  0.648654  0.464346  0.449259  0.544345  0.843215  0.779773  0.500070  0.487836  0.509628  0.524773  0.513955  0.355238  0.448122  0.449062  0.394452  0.394772  0.777612  0.558815  0.495297  0.742757  0.477819  0.509324  0.475423  0.410052  0.440720  0.655507  0.399565  0.463327  0.513607  0.609589  0.528555  0.518995  0.542978  0.405234  0.789675  0.469140  0.532966  0.423960  0.278172  0.367718  0.442776  0.495421  0.536505  0.478511  0.837723  0.355261  0.442287  0.415874  0.459515  0.458520  0.427114  0.335124  0.412976  0.485776  0.566993  0.493020  0.820135  0.497492  0.457833  0.454253  0.750878  0.410067  0.473861  0.412657  0.670280  0.822224  0.452446  0.515001  0.410289  0.643329  0.566428  0.775275  0.421320  0.446139  0.413552  0.438742  0.668423  0.442428  0.345137  0.746546  0.531641  0.445038  0.426096 
19  0.598043  0.838702  0.763461  0.674438  0.528635  0.473030  0.499870  0.562344  0.466024  0.493931  0.545283  0.507461  0.538011  0.738775  0.490186  0.541213  0.788544  0.714853  0.618311 0.0  0.555207  0.824804  0.505515  0.602931  0.708167  0.655357  0.648692  0.548905  0.604208  0.558052  0.583117  0.567163  0.575660  0.523285  0.640289  0.588229  0.529329  0.694180  0.649351  0.681202  0.749081  0.621905  0.578165  0.437373  0.593553  0.626565  0.462679  0.507014  0.593915  0.594075  0.567987  0.533819  0.516313  0.612960  0.563622  0.595844  0.492965  0.469747  0.463935  0.488671  0.572868  0.509405  0.662943  0.766578  0.579957  0.590795  0.568282  0.682990  0.690676  0.430483  0.615636  0.512603  0.578604  0.558000  0.589054  0.604174  0.599944  0.605974  0.513211  0.802443  0.511015  0.617516  0.746262  0.553681  0.601416  0.499960  0.460524  0.568366  0.636236  0.529940  0.550749  0.592878  0.582792  0.543519  0.656888  0.376404  0.542325  0.792756  0.620257  0.589545  0.542557  0.554729  0.568378  0.614832  0.528918  0.598896  0.512236  0.680463  0.681614  0.566027  0.536640  0.534932  0.569641  0.673543  0.491789  0.453895  0.657305  0.562039  0.623728  0.743809  0.646240  0.612272  0.521761  0.676008  0.604057  0.407864  0.644726  0.651749  0.754717  0.604791  0.621073  0.575857  0.532256  0.526107  0.732042  0.556344  0.529893  0.538202  0.437560  0.656860  0.540969  0.607310  0.765457  0.636168  0.618041  0.513015 
20  0.335764  0.850696  0.787313  0.322059  0.618749  0.610899  0.405549  0.522828  0.556340  0.443989  0.463580  0.517751  0.443200  0.872926  0.492765  0.420422  0.764918  0.742967  0.439122  0.555207 0.0  0.824841  0.512440  0.514361  0.858127  0.698659  0.562481  0.469241  0.451800  0.369518  0.500374  0.507141  0.479479  0.445913  0.810571  0.424347  0.419035  0.709983  0.414495  0.763512  0.716226  0.525633  0.372071  0.446796  0.707185  0.470467  0.387969  0.396014  0.388841  0.497005  0.461863  0.417679  0.467369  0.489456  0.592325  0.435388  0.501082  0.582551  0.474945  0.471812  0.465068  0.458320  0.434004  0.710162  0.520340  0.423367  0.379801  0.646539  0.740967  0.461969  0.395255  0.397964  0.445826  0.523587  0.580539  0.454383  0.477689  0.447969  0.517549  0.810333  0.532301  0.498168  0.779513  0.506358  0.391869  0.335558  0.555187  0.495004  0.683544  0.487964  0.367077  0.421795  0.698809  0.661706  0.476437  0.632390  0.595003  0.794129  0.422216  0.439551  0.503624  0.470664  0.427278  0.435677  0.429047  0.482346  0.396371  0.785305  0.523345  0.474319  0.337309  0.455491  0.506203  0.334559  0.430885  0.458228  0.588830  0.527713  0.330614  0.800239  0.369839  0.410181  0.515677  0.758635  0.413410  0.437314  0.383382  0.652606  0.755067  0.429556  0.443686  0.476401  0.580582  0.622156  0.797221  0.419434  0.536428  0.437727  0.427084  0.639701  0.499834  0.385625  0.720751  0.589893  0.465472  0.425180 
21  0.807838  0.630506  0.602010  0.915629  0.730259  0.869594  0.738034  0.821699  0.823843  0.830866  0.845106  0.765618  0.838706  0.749960  0.807235  0.812687  0.655507  0.662955  0.826515  0.824804  0.824841 0.0  0.829380  0.516738  0.804166  0.760441  0.748014  0.787628  0.860460  0.858893  0.784604  0.818153  0.780177  0.772816  0.439155  0.862411  0.830394  0.754040  0.769603  0.529250  0.774856  0.803859  0.848192  0.806807  0.865954  0.788908  0.759538  0.823583  0.790167  0.821638  0.918481  0.740090  0.778403  0.744875  0.776516  0.809373  0.820921  0.659208  0.636248  0.750074  0.841152  0.767736  0.798018  0.666480  0.784798  0.629102  0.853134  0.364307  0.824309  0.659913  0.657308  0.784010  0.756399  0.811877  0.803136  0.750572  0.804655  0.766719  0.749705  0.625369  0.794318  0.712871  0.909507  0.829951  0.820392  0.753136  0.710788  0.791913  0.734289  0.815726  0.723749  0.761431  0.740638  0.600817  0.702007  0.836407  0.846339  0.635991  0.793948  0.795233  0.748818  0.706124  0.713716  0.777362  0.813083  0.761377  0.796628  0.814830  0.728748  0.695867  0.761929  0.807689  0.722815  0.768452  0.811974  0.862828  0.592712  0.710433  0.870170  0.495092  0.746422  0.854470  0.775500  0.508083  0.819948  0.839242  0.752212  0.799339  0.780241  0.789363  0.835261  0.720605  0.754783  0.672154  0.788025  0.750887  0.789397  0.865449  0.833020  0.686720  0.810704  0.854175  0.821463  0.707480  0.755701  0.806331 
22  0.548146  0.775364  0.749815  0.517196  0.503920  0.619032  0.433182  0.319672  0.519314  0.347868  0.520225  0.460997  0.455400  0.699357  0.538901  0.517497  0.785760  0.699727  0.480355  0.505515  0.512440  0.829380 0.0  0.653876  0.793964  0.739811  0.325441  0.515236  0.414745  0.531979  0.410835  0.465737  0.469353  0.479044  0.800217  0.479026  0.310365  0.788218  0.549314  0.760565  0.833007  0.453512  0.548878  0.517089  0.752533  0.537532  0.455086  0.557135  0.416536  0.370351  0.580619  0.482285  0.539752  0.436929  0.553157  0.273406  0.428999  0.516959  0.668097  0.434745  0.611226  0.517959  0.451992  0.735967  0.363359  0.462845  0.487028  0.723275  0.808853  0.554695  0.544834  0.439985  0.368245  0.549810  0.464110  0.544064  0.432622  0.499209  0.389974  0.903491  0.465406  0.409964  0.725656  0.577576  0.514079  0.538297  0.504442  0.484052  0.764450  0.450305  0.510086  0.428344  0.555744  0.596529  0.461628  0.669258  0.497524  0.752203  0.432647  0.430773  0.469460  0.451065  0.353695  0.389220  0.601776  0.378544  0.355424  0.776033  0.488192  0.543643  0.607402  0.461439  0.471302  0.459351  0.394358  0.637553  0.572606  0.584536  0.450750  0.797979  0.319801  0.405102  0.626761  0.672396  0.391105  0.434956  0.495963  0.608380  0.798220  0.527910  0.494274  0.586150  0.498791  0.519292  0.812979  0.469252  0.417176  0.418597  0.542490  0.668845  0.491935  0.505248  0.868954  0.354743  0.357746  0.448402 
23  0.620079  0.502454  0.571027  0.513399  0.598910  0.583439  0.645405  0.590514  0.661782  0.670978  0.584086  0.633013  0.564319  0.600995  0.614040  0.633971  0.654767  0.621985  0.536631  0.602931  0.514361  0.516738  0.653876 0.0  0.585813  0.594196  0.623838  0.639945  0.597717  0.677081  0.539309  0.657629  0.621484  0.567126  0.582951  0.609114  0.621919  0.696904  0.628711  0.581680  0.658673  0.591078  0.563149  0.615612  0.608886  0.509274  0.709562  0.567607  0.628635  0.600749  0.599479  0.508105  0.553413  0.636659  0.560391  0.652243  0.557764  0.558615  0.650164  0.671550  0.561426  0.553462  0.543920  0.499035  0.642656  0.564039  0.607363  0.628290  0.617448  0.653282  0.587711  0.604620  0.484996  0.539628  0.668266  0.521320  0.481012  0.595315  0.590707  0.525611  0.649413  0.641500  0.539032  0.581537  0.586703  0.558416  0.576230  0.640580  0.715625  0.544369  0.542705  0.594789  0.588120  0.664058  0.629766  0.614704  0.621699  0.560158  0.514697  0.537911  0.606149  0.595151  0.568392  0.662315  0.692934  0.589565  0.626927  0.802988  0.699344  0.541089  0.549363  0.602380  0.617770  0.643758  0.662259  0.640272  0.526120  0.566377  0.664853  0.533535  0.600656  0.598943  0.633407  0.670436  0.503921  0.592817  0.690265  0.648129  0.632437  0.563580  0.602221  0.627436  0.604495  0.602573  0.610941  0.574663  0.515912  0.604388  0.581654  0.459918  0.543324  0.469868  0.641847  0.469949  0.522800  0.566878 
24  0.680562  0.769039  0.785360  0.708689  0.705974  0.756169  0.825449  0.765123  0.831831  0.799029  0.756362  0.683659  0.765272  0.766079  0.754567  0.728616  0.783629  0.662405  0.697655  0.708167  0.858127  0.804166  0.793964  0.585813 0.0  0.388410  0.786572  0.715650  0.642096  0.708910  0.765009  0.804841  0.792343  0.724057  0.632169  0.781101  0.727095  0.571823  0.756994  0.700199  0.551195  0.827730  0.708330  0.776556  0.806919  0.806936  0.818282  0.768080  0.868935  0.707065  0.747369  0.693634  0.787062  0.783282  0.859108  0.819698  0.789976  0.789078  0.542713  0.707254  0.736280  0.752318  0.888240  0.828273  0.828595  0.870772  0.799244  0.803972  0.811759  0.658541  0.770256  0.906623  0.659786  0.849284  0.832125  0.717485  0.760002  0.780011  0.772087  0.814202  0.803677  0.794557  0.787512  0.757651  0.828598  0.702234  0.637946  0.816272  0.674601  0.724348  0.778582  0.707206  0.729407  0.563057  0.743100  0.756377  0.881011  0.742433  0.693760  0.756747  0.727421  0.766982  0.742431  0.779468  0.715568  0.771835  0.728073  0.751051  0.781463  0.824841  0.671797  0.801838  0.745402  0.811024  0.655938  0.783103  0.577640  0.781131  0.843736  0.731243  0.714405  0.824858  0.736159  0.663057  0.814497  0.725118  0.657465  0.736664  0.828338  0.669735  0.839999  0.845805  0.683936  0.710666  0.734947  0.749135  0.772012  0.762039  0.716552  0.402871  0.694499  0.855903  0.750798  0.816301  0.764940  0.682682 
25  0.765044  0.741201  0.848768  0.756211  0.845683  0.829239  0.829104  0.771031  0.701676  0.668541  0.735577  0.750155  0.748102  0.723379  0.770582  0.873613  0.711778  0.691261  0.832597  0.655357  0.698659  0.760441  0.739811  0.594196  0.388410 0.0  0.683044  0.795142  0.772731  0.778485  0.806662  0.730095  0.756298  0.762789  0.820340  0.790597  0.719024  0.613891  0.770542  0.691278  0.524228  0.759039  0.752977  0.762278  0.794845  0.720931  0.714167  0.800013  0.714832  0.889157  0.753736  0.826060  0.834428  0.753376  0.733765  0.818468  0.828760  0.770631  0.548137  0.790050  0.690148  0.725629  0.774697  0.856921  0.810596  0.678004  0.776204  0.769867  0.675020  0.663870  0.790209  0.750220  0.811943  0.789932  0.851296  0.793605  0.896359  0.614162  0.835432  0.776762  0.800560  0.765737  0.770514  0.784920  0.742714  0.769179  0.670591  0.754251  0.651541  0.761289  0.739387  0.713764  0.763536  0.598575  0.794403  0.716727  0.809308  0.641553  0.795372  0.806003  0.701728  0.769947  0.790611  0.807689  0.769907  0.749095  0.763492  0.853532  0.759142  0.821037  0.802530  0.839252  0.752476  0.753238  0.737280  0.788213  0.631016  0.767893  0.783409  0.759043  0.770548  0.735999  0.767567  0.688121  0.876093  0.817134  0.763152  0.827714  0.822470  0.680024  0.859557  0.771106  0.680836  0.732328  0.723475  0.769373  0.720132  0.804684  0.826454  0.456049  0.769208  0.786222  0.710078  0.766384  0.742126  0.784735 
26  0.545929  0.812419  0.784290  0.498688  0.481904  0.732981  0.503331  0.346888  0.598610  0.435400  0.514893  0.435463  0.402154  0.784585  0.500402  0.530452  0.685991  0.718324  0.487962  0.648692  0.562481  0.748014  0.325441  0.623838  0.786572  0.683044 0.0  0.462363  0.477066  0.502170  0.437270  0.422262  0.545725  0.412564  0.834762  0.381018  0.435574  0.800669  0.500384  0.613426  0.704520  0.634608  0.480488  0.493066  0.715079  0.487501  0.524493  0.464660  0.446161  0.370995  0.555416  0.408229  0.540279  0.354723  0.626239  0.314212  0.443860  0.439229  0.485055  0.341558  0.543704  0.529111  0.389072  0.744195  0.335249  0.537059  0.552010  0.692624  0.778372  0.538464  0.432611  0.444418  0.352339  0.506977  0.393691  0.545349  0.451454  0.446921  0.389235  0.789960  0.462929  0.397624  0.681299  0.364557  0.516143  0.452651  0.468284  0.421511  0.600302  0.439173  0.405799  0.402761  0.653411  0.567520  0.456319  0.599514  0.409288  0.871407  0.369361  0.478558  0.419915  0.389189  0.463531  0.453119  0.499306  0.335440  0.402856  0.767700  0.491090  0.541629  0.411608  0.434449  0.445631  0.442886  0.357369  0.571772  0.541484  0.507280  0.558443  0.710327  0.429856  0.431770  0.466827  0.723841  0.489882  0.437850  0.562696  0.574601  0.824783  0.441901  0.329159  0.449968  0.595185  0.529575  0.777055  0.499970  0.387189  0.506803  0.339942  0.712056  0.483963  0.548310  0.794806  0.412038  0.389793  0.440475 
