31
0 0.0  0.552062  0.487829  0.738009  0.835927  0.639607  0.712785  0.730121  0.688958  0.767532  0.458959  0.750577  0.805337  0.693529  0.754503  0.544223  0.763949  0.628072  0.590594  0.750117  0.441807  0.721709  0.623981  0.451023  0.647964  0.764289  0.773174  0.602008  0.749263  0.532558  0.404959 
1  0.552062 0.0  0.620772  0.689251  0.679387  0.702821  0.730428  0.747438  0.684276  0.505359  0.795882  0.773404  0.717365  0.763541  0.687930  0.505115  0.698065  0.686256  0.771287  0.829278  0.790841  0.721736  0.553487  0.792475  0.696929  0.761305  0.632371  0.584382  0.476209  0.595897  0.743199 
2  0.487829  0.620772 0.0  0.814485  0.869022  0.873479  0.692495  0.820047  0.818164  0.843157  0.789065  0.753383  0.780248  0.702422  0.761927  0.330800  0.731507  0.754406  0.614931  0.813797  0.682821  0.842798  0.335291  0.748737  0.887931  0.579369  0.597979  0.615089  0.811410  0.244620  0.763206 
3  0.738009  0.689251  0.814485 0.0  0.717268  0.774374  0.729886  0.728534  0.599992  0.717168  0.779797  0.753233  0.793587  0.827535  0.804510  0.806538  0.743541  0.692508  0.740525  0.792479  0.775607  0.804602  0.776247  0.765762  0.839933  0.802617  0.711446  0.657029  0.795817  0.745928  0.726157 
4  0.835927  0.679387  0.869022  0.717268 0.0  0.394862  0.388555  0.434702  0.699205  0.779183  0.777841  0.378127  0.421551  0.304359  0.499771  0.799881  0.477810  0.570193  0.795731  0.437228  0.777804  0.597581  0.797934  0.708682  0.518370  0.768905  0.748196  0.667738  0.801417  0.842418  0.767402 
5  0.639607  0.702821  0.873479  0.774374  0.394862 0.0  0.479967  0.652198  0.886060  0.781637  0.663926  0.642623  0.281167  0.544694  0.481254  0.745775  0.464838  0.424881  0.783610  0.447582  0.674634  0.555184  0.773582  0.639510  0.420281  0.792324  0.818539  0.676122  0.824846  0.826021  0.802627 
6  0.712785  0.730428  0.692495  0.729886  0.388555  0.479967 0.0  0.499521  0.832344  0.772568  0.738015  0.324929  0.508886  0.348391  0.290177  0.786150  0.523782  0.498130  0.855505  0.291369  0.695764  0.601783  0.746322  0.728211  0.561285  0.810115  0.793048  0.605425  0.768553  0.845653  0.845915 
7  0.730121  0.747438  0.820047  0.728534  0.434702  0.652198  0.499521 0.0  0.860396  0.840796  0.777480  0.560173  0.625651  0.502834  0.516491  0.874703  0.635752  0.690664  0.734228  0.481533  0.724241  0.422101  0.833889  0.650160  0.541919  0.787731  0.715546  0.553746  0.832971  0.789933  0.778138 
8  0.688958  0.684276  0.818164  0.599992  0.699205  0.886060  0.832344  0.860396 0.0  0.810019  0.760706  0.801834  0.837679  0.792342  0.842602  0.776621  0.733031  0.788398  0.766449  0.830488  0.806923  0.812369  0.857595  0.748527  0.851328  0.751978  0.732740  0.681340  0.859936  0.690171  0.703895 
9  0.767532  0.505359  0.843157  0.717168  0.779183  0.781637  0.772568  0.840796  0.810019 0.0  0.821014  0.906034  0.863358  0.811103  0.804672  0.879599  0.845255  0.838803  0.748272  0.717263  0.794410  0.690804  0.837231  0.592400  0.760270  0.800901  0.750725  0.543387  0.237000  0.842320  0.745704 
10  0.458959  0.795882  0.789065  0.779797  0.777841  0.663926  0.738015  0.777480  0.760706  0.821014 0.0  0.761107  0.836854  0.789849  0.821985  0.710277  0.712045  0.762452  0.826528  0.804768  0.555543  0.655262  0.857171  0.432319  0.678527  0.802030  0.694061  0.596350  0.695945  0.716027  0.365499 
11  0.750577  0.773404  0.753383  0.753233  0.378127  0.642623  0.324929  0.560173  0.801834  0.906034  0.761107 0.0  0.461234  0.444390  0.428966  0.840159  0.524159  0.609576  0.789176  0.355790  0.718001  0.685779  0.776329  0.681808  0.509440  0.839065  0.683164  0.640477  0.754086  0.850830  0.790012 
12  0.805337  0.717365  0.780248  0.793587  0.421551  0.281167  0.508886  0.625651  0.837679  0.863358  0.836854  0.461234 0.0  0.648640  0.570285  0.809281  0.496181  0.450216  0.762794  0.541741  0.785056  0.646067  0.817995  0.761979  0.341636  0.819370  0.851051  0.539107  0.880828  0.819560  0.760789 
13  0.693529  0.763541  0.702422  0.827535  0.304359  0.544694  0.348391  0.502834  0.792342  0.811103  0.789849  0.444390  0.648640 0.0  0.371040  0.885360  0.469746  0.526504  0.782473  0.415683  0.809200  0.647859  0.751843  0.763239  0.549421  0.831823  0.878538  0.660007  0.806495  0.778438  0.725100 
14  0.754503  0.687930  0.761927  0.804510  0.499771  0.481254  0.290177  0.516491  0.842602  0.804672  0.821985  0.428966  0.570285  0.371040 0.0  0.784730  0.460590  0.448506  0.796791  0.450878  0.811663  0.576805  0.732732  0.736742  0.502431  0.824878  0.731183  0.569230  0.740323  0.805072  0.731761 
15  0.544223  0.505115  0.330800  0.806538  0.799881  0.745775  0.786150  0.874703  0.776621  0.879599  0.710277  0.840159  0.809281  0.885360  0.784730 0.0  0.825039  0.894377  0.632074  0.895769  0.732388  0.768261  0.321672  0.698264  0.753135  0.653104  0.523965  0.589074  0.797049  0.385347  0.782231 
16  0.763949  0.698065  0.731507  0.743541  0.477810  0.464838  0.523782  0.635752  0.733031  0.845255  0.712045  0.524159  0.496181  0.469746  0.460590  0.825039 0.0  0.282594  0.758335  0.492080  0.674390  0.643274  1.000000  0.694380  0.379641  0.829205  0.853620  0.676595  0.889455  0.853635  0.785503 
17  0.628072  0.686256  0.754406  0.692508  0.570193  0.424881  0.498130  0.690664  0.788398  0.838803  0.762452  0.609576  0.450216  0.526504  0.448506  0.894377  0.282594 0.0  0.780286  0.523828  0.771760  0.655598  0.809275  0.849147  0.315037  0.757746  0.933641  0.517063  0.735095  0.786120  0.734780 
18  0.590594  0.771287  0.614931  0.740525  0.795731  0.783610  0.855505  0.734228  0.766449  0.748272  0.826528  0.789176  0.762794  0.782473  0.796791  0.632074  0.758335  0.780286 0.0  0.792713  0.538270  0.832838  0.670022  0.673715  0.788476  0.366498  0.211525  0.683671  0.892350  0.578274  0.754049 
19  0.750117  0.829278  0.813797  0.792479  0.437228  0.447582  0.291369  0.481533  0.830488  0.717263  0.804768  0.355790  0.541741  0.415683  0.450878  0.895769  0.492080  0.523828  0.792713 0.0  0.861555  0.520931  0.833648  0.660749  0.522455  0.836298  0.742543  0.702642  0.809707  0.805493  0.728736 
20  0.441807  0.790841  0.682821  0.775607  0.777804  0.674634  0.695764  0.724241  0.806923  0.794410  0.555543  0.718001  0.785056  0.809200  0.811663  0.732388  0.674390  0.771760  0.538270  0.861555 0.0  0.768164  0.795374  0.610122  0.760304  0.659557  0.677334  0.551222  0.735894  0.790809  0.544094 
21  0.721709  0.721736  0.842798  0.804602  0.597581  0.555184  0.601783  0.422101  0.812369  0.690804  0.655262  0.685779  0.646067  0.647859  0.576805  0.768261  0.643274  0.655598  0.832838  0.520931  0.768164 0.0  0.756228  0.688414  0.592600  0.844555  0.796988  0.609858  0.889870  0.788726  0.593772 
22  0.623981  0.553487  0.335291  0.776247  0.797934  0.773582  0.746322  0.833889  0.857595  0.837231  0.857171  0.776329  0.817995  0.751843  0.732732  0.321672  1.000000  0.809275  0.670022  0.833648  0.795374  0.756228 0.0  0.754466  0.704809  0.722739  0.614746  0.545383  0.843914  0.374923  0.800047 
23  0.451023  0.792475  0.748737  0.765762  0.708682  0.639510  0.728211  0.650160  0.748527  0.592400  0.432319  0.681808  0.761979  0.763239  0.736742  0.698264  0.694380  0.849147  0.673715  0.660749  0.610122  0.688414  0.754466 0.0  0.667163  0.622916  0.677823  0.611477  0.661164  0.774992  0.406209 
24  0.647964  0.696929  0.887931  0.839933  0.518370  0.420281  0.561285  0.541919  0.851328  0.760270  0.678527  0.509440  0.341636  0.549421  0.502431  0.753135  0.379641  0.315037  0.788476  0.522455  0.760304  0.592600  0.704809  0.667163 0.0  0.754879  0.855873  0.600353  0.897394  0.803711  0.703915 
25  0.764289  0.761305  0.579369  0.802617  0.768905  0.792324  0.810115  0.787731  0.751978  0.800901  0.802030  0.839065  0.819370  0.831823  0.824878  0.653104  0.829205  0.757746  0.366498  0.836298  0.659557  0.844555  0.722739  0.622916  0.754879 0.0  0.298746  0.730741  0.817343  0.596928  0.807750 
26  0.773174  0.632371  0.597979  0.711446  0.748196  0.818539  0.793048  0.715546  0.732740  0.750725  0.694061  0.683164  0.851051  0.878538  0.731183  0.523965  0.853620  0.933641  0.211525  0.742543  0.677334  0.796988  0.614746  0.677823  0.855873  0.298746 0.0  0.582844  0.725516  0.579399  0.748630 
27  0.602008  0.584382  0.615089  0.657029  0.667738  0.676122  0.605425  0.553746  0.681340  0.543387  0.596350  0.640477  0.539107  0.660007  0.569230  0.589074  0.676595  0.517063  0.683671  0.702642  0.551222  0.609858  0.545383  0.611477  0.600353  0.730741  0.582844 0.0  0.615993  0.603882  0.626001 
28  0.749263  0.476209  0.811410  0.795817  0.801417  0.824846  0.768553  0.832971  0.859936  0.237000  0.695945  0.754086  0.880828  0.806495  0.740323  0.797049  0.889455  0.735095  0.892350  0.809707  0.735894  0.889870  0.843914  0.661164  0.897394  0.817343  0.725516  0.615993 0.0  0.858242  0.797788 
29  0.532558  0.595897  0.244620  0.745928  0.842418  0.826021  0.845653  0.789933  0.690171  0.842320  0.716027  0.850830  0.819560  0.778438  0.805072  0.385347  0.853635  0.786120  0.578274  0.805493  0.790809  0.788726  0.374923  0.774992  0.803711  0.596928  0.579399  0.603882  0.858242 0.0  0.800126 
30  0.404959  0.743199  0.763206  0.726157  0.767402  0.802627  0.845915  0.778138  0.703895  0.745704  0.365499  0.790012  0.760789  0.725100  0.731761  0.782231  0.785503  0.734780  0.754049  0.728736  0.544094  0.593772  0.800047  0.406209  0.703915  0.807750  0.748630  0.626001  0.797788  0.800126 0.0 
