31
0 0.0  0.910929  0.833356  0.932030  0.919511  0.337260  0.928712  0.803739  0.771064  0.849456  0.969392  0.824251  0.818452  0.837948  0.851394  0.794522  0.836454  0.302644  0.822735  0.834531  0.862344  0.743258  0.901802  0.841094  0.785562  0.936436  0.809636  0.857433  0.389482  0.857580  0.676077 
1  0.910929 0.0  0.765585  0.804174  0.926026  0.801134  0.666899  0.647906  0.503736  0.862589  0.668109  0.641331  0.801508  0.909520  0.696836  0.683679  0.770167  0.768455  0.497095  0.775456  0.734932  0.512154  0.652546  0.695643  0.801069  0.883113  0.681144  0.747298  0.871470  0.699439  0.942460 
2  0.833356  0.765585 0.0  0.895947  0.517050  0.829411  0.797428  0.863462  0.828723  0.815262  0.809553  0.824153  0.622485  0.910274  0.819281  0.811624  0.770835  0.793706  0.789390  0.839623  0.919332  0.732903  0.921577  0.696103  0.841416  0.805449  0.782390  0.834223  0.777946  0.773882  0.814636 
3  0.932030  0.804174  0.895947 0.0  0.912239  0.895388  0.870157  0.799577  0.741118  0.654013  0.749782  0.793948  0.845247  0.807597  0.868932  0.799537  0.564893  0.937994  0.843869  0.552122  0.889448  0.823402  0.800413  0.780932  0.457340  0.583480  0.899227  0.661481  0.819723  0.870841  0.388853 
4  0.919511  0.926026  0.517050  0.912239 0.0  0.896810  0.796333  0.778803  0.964667  0.829265  0.956809  0.865117  0.651013  0.782967  0.901457  0.856157  0.750589  0.906156  0.886463  0.709178  0.905177  0.878255  0.844570  0.881510  0.891341  0.748923  0.819488  0.842448  0.845432  0.896360  0.775794 
5  0.337260  0.801134  0.829411  0.895388  0.896810 0.0  0.839920  0.748773  0.912051  0.946355  0.838025  0.712807  0.682548  0.831726  0.821099  0.856795  0.777540  0.361773  0.916260  0.934866  0.820491  1.000000  0.845691  0.743534  0.879400  0.741419  0.887582  0.783874  0.510714  0.799765  0.896028 
6  0.928712  0.666899  0.797428  0.870157  0.796333  0.839920 0.0  0.607415  0.484723  0.903326  0.590363  0.850587  0.818919  0.819279  0.463246  0.627813  0.784174  0.797170  0.780189  0.792930  0.300998  0.507603  0.585983  0.813352  0.839125  0.794777  0.614902  0.880519  0.704102  0.454050  0.830308 
7  0.803739  0.647906  0.863462  0.799577  0.778803  0.748773  0.607415 0.0  0.615050  0.851169  0.445173  0.884874  0.866085  0.864671  0.544326  0.424816  0.822928  0.888975  0.386306  0.794893  0.463104  0.693528  0.439495  0.807787  0.766329  0.881164  0.491773  0.861147  0.798063  0.378017  0.793793 
8  0.771064  0.503736  0.828723  0.741118  0.964667  0.912051  0.484723  0.615050 0.0  0.806841  0.518765  0.645779  0.875122  0.831605  0.489145  0.564217  0.857136  0.871831  0.610081  0.872791  0.454697  0.662725  0.617891  0.691167  0.915160  0.875192  0.496497  0.911965  0.742287  0.506908  0.840855 
9  0.849456  0.862589  0.815262  0.654013  0.829265  0.946355  0.903326  0.851169  0.806841 0.0  0.851404  0.856601  0.789083  0.640434  0.829018  0.879397  0.747550  0.917310  0.810470  0.312242  0.875555  0.824673  0.806174  0.842082  0.716852  0.381268  0.851414  0.341179  0.758399  0.835235  0.757449 
10  0.969392  0.668109  0.809553  0.749782  0.956809  0.838025  0.590363  0.445173  0.518765  0.851404 0.0  0.935465  0.858206  0.895691  0.536739  0.467913  0.818412  0.805470  0.502017  0.800207  0.565592  0.725802  0.369849  0.763946  0.956716  0.817836  0.406686  0.949498  0.777669  0.368689  0.724291 
11  0.824251  0.641331  0.824153  0.793948  0.865117  0.712807  0.850587  0.884874  0.645779  0.856601  0.935465 0.0  0.809177  0.558181  0.834312  0.894225  0.549352  0.821601  0.788017  0.791084  0.795474  0.810281  0.788083  0.489379  0.747557  0.785643  0.794756  0.780842  0.588941  0.803605  0.788317 
12  0.818452  0.801508  0.622485  0.845247  0.651013  0.682548  0.818919  0.866085  0.875122  0.789083  0.858206  0.809177 0.0  0.775755  0.820028  0.845045  0.805524  0.950807  0.786743  0.884744  0.833144  0.761342  0.746122  0.699759  0.880296  0.855197  0.798097  0.701172  0.723082  0.802554  0.916786 
13  0.837948  0.909520  0.910274  0.807597  0.782967  0.831726  0.819279  0.864671  0.831605  0.640434  0.895691  0.558181  0.775755 0.0  0.817970  0.872614  0.622167  0.822522  0.869177  0.696425  0.792157  0.731304  0.815928  0.649399  0.838738  0.607448  0.830730  0.583402  0.442828  0.815644  0.828613 
14  0.851394  0.696836  0.819281  0.868932  0.901457  0.821099  0.463246  0.544326  0.489145  0.829018  0.536739  0.834312  0.820028  0.817970 0.0  0.516139  0.825480  0.871442  0.729321  0.873829  0.382385  0.442465  0.568850  0.791107  0.831544  0.927315  0.539337  0.859718  0.729491  0.532027  0.867406 
15  0.794522  0.683679  0.811624  0.799537  0.856157  0.856795  0.627813  0.424816  0.564217  0.879397  0.467913  0.894225  0.845045  0.872614  0.516139 0.0  0.752291  0.928075  0.521347  0.916388  0.591052  0.712976  0.379740  0.834490  0.924161  0.951193  0.324856  0.719289  0.689932  0.301627  0.798175 
16  0.836454  0.770167  0.770835  0.564893  0.750589  0.777540  0.784174  0.822928  0.857136  0.747550  0.818412  0.549352  0.805524  0.622167  0.825480  0.752291 0.0  0.822226  0.842921  0.808537  0.712169  0.703105  0.750183  0.608734  0.597657  0.694176  0.807927  0.766858  0.406529  0.821367  0.538277 
17  0.302644  0.768455  0.793706  0.937994  0.906156  0.361773  0.797170  0.888975  0.871831  0.917310  0.805470  0.821601  0.950807  0.822522  0.871442  0.928075  0.822226 0.0  0.820894  0.774585  0.708819  0.837481  0.861427  0.823853  0.904600  0.918551  0.807769  0.790118  0.579683  0.943937  0.818415 
18  0.822735  0.497095  0.789390  0.843869  0.886463  0.916260  0.780189  0.386306  0.610081  0.810470  0.502017  0.788017  0.786743  0.869177  0.729321  0.521347  0.842921  0.820894 0.0  0.858709  0.706265  0.569954  0.457679  0.802016  0.832867  0.832485  0.549789  0.865093  0.842302  0.535113  0.924384 
19  0.834531  0.775456  0.839623  0.552122  0.709178  0.934866  0.792930  0.794893  0.872791  0.312242  0.800207  0.791084  0.884744  0.696425  0.873829  0.916388  0.808537  0.774585  0.858709 0.0  0.754995  0.906159  0.885667  0.901182  0.652894  0.369428  0.830711  0.272040  0.693736  0.805664  0.606731 
20  0.862344  0.734932  0.919332  0.889448  0.905177  0.820491  0.300998  0.463104  0.454697  0.875555  0.565592  0.795474  0.833144  0.792157  0.382385  0.591052  0.712169  0.708819  0.706265  0.754995 0.0  0.408608  0.583596  0.817222  0.795630  0.721086  0.618112  0.862945  0.732415  0.546617  0.887451 
21  0.743258  0.512154  0.732903  0.823402  0.878255  1.000000  0.507603  0.693528  0.662725  0.824673  0.725802  0.810281  0.761342  0.731304  0.442465  0.712976  0.703105  0.837481  0.569954  0.906159  0.408608 0.0  0.696843  0.754454  0.831088  0.822568  0.734979  0.872102  0.751462  0.659516  0.751267 
22  0.901802  0.652546  0.921577  0.800413  0.844570  0.845691  0.585983  0.439495  0.617891  0.806174  0.369849  0.788083  0.746122  0.815928  0.568850  0.379740  0.750183  0.861427  0.457679  0.885667  0.583596  0.696843 0.0  0.828026  0.852601  0.970344  0.348596  0.927174  0.716502  0.361686  0.855237 
23  0.841094  0.695643  0.696103  0.780932  0.881510  0.743534  0.813352  0.807787  0.691167  0.842082  0.763946  0.489379  0.699759  0.649399  0.791107  0.834490  0.608734  0.823853  0.802016  0.901182  0.817222  0.754454  0.828026 0.0  0.852476  0.955015  0.884561  0.813724  0.448392  0.798684  0.744840 
24  0.785562  0.801069  0.841416  0.457340  0.891341  0.879400  0.839125  0.766329  0.915160  0.716852  0.956716  0.747557  0.880296  0.838738  0.831544  0.924161  0.597657  0.904600  0.832867  0.652894  0.795630  0.831088  0.852601  0.852476 0.0  0.586321  0.854850  0.647769  0.824734  0.773992  0.317152 
25  0.936436  0.883113  0.805449  0.583480  0.748923  0.741419  0.794777  0.881164  0.875192  0.381268  0.817836  0.785643  0.855197  0.607448  0.927315  0.951193  0.694176  0.918551  0.832485  0.369428  0.721086  0.822568  0.970344  0.955015  0.586321 0.0  0.831014  0.386977  0.641822  0.900136  0.671257 
26  0.809636  0.681144  0.782390  0.899227  0.819488  0.887582  0.614902  0.491773  0.496497  0.851414  0.406686  0.794756  0.798097  0.830730  0.539337  0.324856  0.807927  0.807769  0.549789  0.830711  0.618112  0.734979  0.348596  0.884561  0.854850  0.831014 0.0  0.815988  0.713369  0.460958  0.815730 
27  0.857433  0.747298  0.834223  0.661481  0.842448  0.783874  0.880519  0.861147  0.911965  0.341179  0.949498  0.780842  0.701172  0.583402  0.859718  0.719289  0.766858  0.790118  0.865093  0.272040  0.862945  0.872102  0.927174  0.813724  0.647769  0.386977  0.815988 0.0  0.813876  0.888417  0.624048 
28  0.389482  0.871470  0.777946  0.819723  0.845432  0.510714  0.704102  0.798063  0.742287  0.758399  0.777669  0.588941  0.723082  0.442828  0.729491  0.689932  0.406529  0.579683  0.842302  0.693736  0.732415  0.751462  0.716502  0.448392  0.824734  0.641822  0.713369  0.813876 0.0  0.724081  0.791153 
29  0.857580  0.699439  0.773882  0.870841  0.896360  0.799765  0.454050  0.378017  0.506908  0.835235  0.368689  0.803605  0.802554  0.815644  0.532027  0.301627  0.821367  0.943937  0.535113  0.805664  0.546617  0.659516  0.361686  0.798684  0.773992  0.900136  0.460958  0.888417  0.724081 0.0  0.873528 
30  0.676077  0.942460  0.814636  0.388853  0.775794  0.896028  0.830308  0.793793  0.840855  0.757449  0.724291  0.788317  0.916786  0.828613  0.867406  0.798175  0.538277  0.818415  0.924384  0.606731  0.887451  0.751267  0.855237  0.744840  0.317152  0.671257  0.815730  0.624048  0.791153  0.873528 0.0 
