30
0 0.0  0.458852  0.086974  0.522706  0.772204  0.456725  0.344485  0.497592  0.137540  0.117044  0.000000  0.040129  0.456021  0.295643  0.147194  0.316062  0.075010  0.342301  0.203883  0.119434  0.445083  0.056800  0.430607  0.067361  0.095619  0.075807  0.486017  0.489623  0.334471  0.285866 
1  0.458852 0.0  0.290671  0.337996  0.607105  0.183097  0.207775  0.211810  0.448142  0.311531  0.381383  0.349681  0.574103  0.249984  0.406958  0.429108  0.291818  0.045386  0.488835  0.388397  0.271402  0.366190  0.199198  0.401703  0.263571  0.400783  0.756569  0.416826  0.229211  0.093096 
2  0.086974  0.290671 0.0  0.720736  0.935927  0.363978  0.505819  0.262437  0.151697  0.188647  0.107230  0.197279  0.403809  0.248006  0.238353  0.443490  0.000000  0.546553  0.221915  0.232567  0.361259  0.074331  0.412639  0.167704  0.177426  0.147515  0.522930  0.368510  0.485322  0.459980 
3  0.522706  0.337996  0.720736 0.0  0.364674  0.301118  0.441044  0.306542  0.578558  0.606653  0.661121  0.739572  0.473847  0.540067  0.677533  0.537958  0.447199  0.469778  0.586090  0.685678  0.150825  0.543795  0.253577  0.705242  0.717301  0.644211  0.575452  0.492053  0.710864  0.328625 
4  0.772204  0.607105  0.935927  0.364674 0.0  0.391603  0.796805  0.487164  0.826516  0.882122  0.881385  0.875258  0.473516  0.569765  0.900633  0.788917  0.800419  0.639502  0.819334  0.845578  0.512160  0.782531  0.497535  0.924389  0.966940  1.000000  0.387363  0.709684  0.886980  0.692554 
5  0.456725  0.183097  0.363978  0.301118  0.391603 0.0  0.289875  0.260883  0.363634  0.325017  0.371947  0.145843  0.444901  0.303815  0.316916  0.265658  0.397996  0.112885  0.410343  0.383506  0.192195  0.406158  0.209510  0.297053  0.333811  0.346989  0.619228  0.517110  0.333934  0.000000 
6  0.344485  0.207775  0.505819  0.441044  0.796805  0.289875 0.0  0.229119  0.408721  0.366187  0.421431  0.282115  0.572021  0.216338  0.241171  0.085523  0.282001  0.426046  0.429846  0.397183  0.327296  0.259020  0.292990  0.329707  0.372804  0.307848  0.726997  0.386259  0.129839  0.338489 
7  0.497592  0.211810  0.262437  0.306542  0.487164  0.260883  0.229119 0.0  0.360566  0.364772  0.370290  0.408030  0.527935  0.341278  0.329616  0.307868  0.483035  0.040754  0.393479  0.359831  0.106430  0.429902  0.250463  0.342421  0.413948  0.254837  0.655250  0.344057  0.398114  0.006602 
8  0.137540  0.448142  0.151697  0.578558  0.826516  0.363634  0.408721  0.360566 0.0  0.072032  0.177712  0.071779  0.568254  0.221860  0.176474  0.382724  0.071957  0.354819  0.271799  0.146722  0.418127  0.201716  0.407507  0.067280  0.160956  0.102795  0.630029  0.422798  0.405002  0.468768 
9  0.117044  0.311531  0.188647  0.606653  0.882122  0.325017  0.366187  0.364772  0.072032 0.0  0.224333  0.236009  0.479341  0.217366  0.171210  0.327795  0.068565  0.444723  0.068796  0.184992  0.248728  0.043513  0.328986  0.255143  0.194672  0.173675  0.542877  0.249745  0.491588  0.462385 
10  0.000000  0.381383  0.107230  0.661121  0.881385  0.371947  0.421431  0.370290  0.177712  0.224333 0.0  0.275047  0.531273  0.300206  0.170607  0.355484  0.130675  0.519503  0.154772  0.266998  0.386158  0.139748  0.259768  0.243549  0.172271  0.134769  0.483081  0.450453  0.374600  0.442675 
11  0.040129  0.349681  0.197279  0.739572  0.875258  0.145843  0.282115  0.408030  0.071779  0.236009  0.275047 0.0  0.462238  0.264207  0.195216  0.369493  0.051562  0.458482  0.136688  0.120117  0.316882  0.000000  0.205178  0.219295  0.164030  0.182906  0.497362  0.356985  0.463249  0.435719 
12  0.456021  0.574103  0.403809  0.473847  0.473516  0.444901  0.572021  0.527935  0.568254  0.479341  0.531273  0.462238 0.0  0.570934  0.509410  0.555188  0.433004  0.520508  0.422151  0.441150  0.521087  0.384403  0.411837  0.417900  0.496015  0.517761  0.417483  0.440605  0.410554  0.475023 
13  0.295643  0.249984  0.248006  0.540067  0.569765  0.303815  0.216338  0.341278  0.221860  0.217366  0.300206  0.264207  0.570934 0.0  0.305167  0.339440  0.228577  0.333755  0.204018  0.282808  0.259257  0.340049  0.264069  0.261552  0.239333  0.291667  0.603333  0.291551  0.275191  0.295595 
14  0.147194  0.406958  0.238353  0.677533  0.900633  0.316916  0.241171  0.329616  0.176474  0.171210  0.170607  0.195216  0.509410  0.305167 0.0  0.249199  0.000000  0.611724  0.260492  0.169027  0.357406  0.052054  0.421360  0.126997  0.202461  0.137901  0.441983  0.353461  0.401356  0.486390 
15  0.316062  0.429108  0.443490  0.537958  0.788917  0.265658  0.085523  0.307868  0.382724  0.327795  0.355484  0.369493  0.555188  0.339440  0.249199 0.0  0.442924  0.312065  0.326782  0.393329  0.303087  0.611986  0.345957  0.374589  0.282030  0.330558  0.822129  0.413651  0.101679  0.312699 
16  0.075010  0.291818  0.000000  0.447199  0.800419  0.397996  0.282001  0.483035  0.071957  0.068565  0.130675  0.051562  0.433004  0.228577  0.000000  0.442924 0.0  0.268499  0.037647  0.115338  0.361129  0.185211  0.366885  0.106333  0.002702  0.063538  0.603094  0.355920  0.364102  0.390663 
17  0.342301  0.045386  0.546553  0.469778  0.639502  0.112885  0.426046  0.040754  0.354819  0.444723  0.519503  0.458482  0.520508  0.333755  0.611724  0.312065  0.268499 0.0  0.400894  0.511598  0.092746  0.286009  0.105653  0.507208  0.513455  0.491258  0.810616  0.261417  0.443556  0.243023 
18  0.203883  0.488835  0.221915  0.586090  0.819334  0.410343  0.429846  0.393479  0.271799  0.068796  0.154772  0.136688  0.422151  0.204018  0.260492  0.326782  0.037647  0.400894 0.0  0.186005  0.390005  0.087583  0.257459  0.177884  0.096572  0.000000  0.491165  0.392360  0.429883  0.273465 
19  0.119434  0.388397  0.232567  0.685678  0.845578  0.383506  0.397183  0.359831  0.146722  0.184992  0.266998  0.120117  0.441150  0.282808  0.169027  0.393329  0.115338  0.511598  0.186005 0.0  0.346413  0.102571  0.375631  0.254939  0.115847  0.208714  0.476495  0.392354  0.464435  0.525980 
20  0.445083  0.271402  0.361259  0.150825  0.512160  0.192195  0.327296  0.106430  0.418127  0.248728  0.386158  0.316882  0.521087  0.259257  0.357406  0.303087  0.361129  0.092746  0.390005  0.346413 0.0  0.426118  0.119691  0.311458  0.460798  0.250542  0.751821  0.426261  0.368313  0.050474 
21  0.056800  0.366190  0.074331  0.543795  0.782531  0.406158  0.259020  0.429902  0.201716  0.043513  0.139748  0.000000  0.384403  0.340049  0.052054  0.611986  0.185211  0.286009  0.087583  0.102571  0.426118 0.0  0.402066  0.013738  0.122458  0.060976  0.536040  0.319703  0.305536  0.380766 
22  0.430607  0.199198  0.412639  0.253577  0.497535  0.209510  0.292990  0.250463  0.407507  0.328986  0.259768  0.205178  0.411837  0.264069  0.421360  0.345957  0.366885  0.105653  0.257459  0.375631  0.119691  0.402066 0.0  0.246943  0.451850  0.348018  0.733786  0.489014  0.385006  0.000000 
23  0.067361  0.401703  0.167704  0.705242  0.924389  0.297053  0.329707  0.342421  0.067280  0.255143  0.243549  0.219295  0.417900  0.261552  0.126997  0.374589  0.106333  0.507208  0.177884  0.254939  0.311458  0.013738  0.246943 0.0  0.267003  0.155889  0.495963  0.428929  0.526124  0.434800 
24  0.095619  0.263571  0.177426  0.717301  0.966940  0.333811  0.372804  0.413948  0.160956  0.194672  0.172271  0.164030  0.496015  0.239333  0.202461  0.282030  0.002702  0.513455  0.096572  0.115847  0.460798  0.122458  0.451850  0.267003 0.0  0.220419  0.487999  0.379514  0.462071  0.433390 
25  0.075807  0.400783  0.147515  0.644211  1.000000  0.346989  0.307848  0.254837  0.102795  0.173675  0.134769  0.182906  0.517761  0.291667  0.137901  0.330558  0.063538  0.491258  0.000000  0.208714  0.250542  0.060976  0.348018  0.155889  0.220419 0.0  0.541167  0.296913  0.565332  0.468093 
26  0.486017  0.756569  0.522930  0.575452  0.387363  0.619228  0.726997  0.655250  0.630029  0.542877  0.483081  0.497362  0.417483  0.603333  0.441983  0.822129  0.603094  0.810616  0.491165  0.476495  0.751821  0.536040  0.733786  0.495963  0.487999  0.541167 0.0  0.699240  0.777626  0.724031 
27  0.489623  0.416826  0.368510  0.492053  0.709684  0.517110  0.386259  0.344057  0.422798  0.249745  0.450453  0.356985  0.440605  0.291551  0.353461  0.413651  0.355920  0.261417  0.392360  0.392354  0.426261  0.319703  0.489014  0.428929  0.379514  0.296913  0.699240 0.0  0.334021  0.426777 
28  0.334471  0.229211  0.485322  0.710864  0.886980  0.333934  0.129839  0.398114  0.405002  0.491588  0.374600  0.463249  0.410554  0.275191  0.401356  0.101679  0.364102  0.443556  0.429883  0.464435  0.368313  0.305536  0.385006  0.526124  0.462071  0.565332  0.777626  0.334021 0.0  0.361557 
29  0.285866  0.093096  0.459980  0.328625  0.692554  0.000000  0.338489  0.006602  0.468768  0.462385  0.442675  0.435719  0.475023  0.295595  0.486390  0.312699  0.390663  0.243023  0.273465  0.525980  0.050474  0.380766  0.000000  0.434800  0.433390  0.468093  0.724031  0.426777  0.361557 0.0 
