30
0 0.0  0.612026  0.248527  0.164205  0.157849  0.136136  0.384181  0.497665  0.220992  0.218695  0.694788  0.381638  0.421105  0.498653  0.635561  0.905987  0.438756  0.191022  0.032531  0.217408  0.180443  0.282489  0.453320  0.490021  0.117100  0.571914  0.167564  0.091890  0.387629  0.591780 
1  0.612026 0.0  0.738921  0.522465  0.601458  0.476738  0.846914  0.866950  0.615609  0.613470  0.719238  0.754782  0.635366  1.000000  0.534636  0.416753  0.706611  0.646278  0.566837  0.651359  0.538126  0.768284  0.977522  0.768467  0.753623  0.378552  0.717203  0.648934  0.819703  0.939426 
2  0.248527  0.738921 0.0  0.210950  0.335532  0.324725  0.644915  0.291592  0.533729  0.341823  0.287007  0.138988  0.328167  0.035200  0.661266  0.644583  0.286153  0.341971  0.508879  0.340640  0.520047  0.226757  0.016100  0.069770  0.378141  0.495166  0.329615  0.346042  0.521478  0.191981 
3  0.164205  0.522465  0.210950 0.0  0.097427  0.095325  0.504759  0.403668  0.124939  0.050234  0.662550  0.445310  0.384007  0.429450  0.666024  0.934489  0.398890  0.091576  0.054261  0.000000  0.077931  0.318967  0.404770  0.380257  0.161762  0.523726  0.034006  0.160855  0.331985  0.455451 
4  0.157849  0.601458  0.335532  0.097427 0.0  0.104299  0.401791  0.395022  0.254353  0.260275  0.628663  0.421578  0.331341  0.534614  0.667002  0.859464  0.338605  0.236313  0.140035  0.212027  0.152841  0.460722  0.437692  0.331497  0.297079  0.578106  0.390866  0.114547  0.447361  0.479731 
5  0.136136  0.476738  0.324725  0.095325  0.104299 0.0  0.329570  0.430171  0.000000  0.055657  0.610129  0.410241  0.325511  0.394834  0.620825  0.883920  0.318764  0.020585  0.011243  0.006699  0.147397  0.328124  0.392136  0.475255  0.043930  0.530778  0.032350  0.185023  0.285836  0.516929 
6  0.384181  0.846914  0.644915  0.504759  0.401791  0.329570 0.0  0.302674  0.244819  0.262917  0.510314  0.433315  0.361266  0.398650  0.583071  0.746398  0.483293  0.386203  0.525503  0.280389  0.324249  0.699683  0.451798  0.503204  0.446379  0.498063  0.403914  0.340026  0.056782  0.406023 
7  0.497665  0.866950  0.291592  0.403668  0.395022  0.430171  0.302674 0.0  0.454497  0.416090  0.568896  0.439988  0.047439  0.527446  0.303892  0.864846  0.357729  0.394295  0.451256  0.444137  0.379650  0.284655  0.462092  0.291868  0.506756  0.545120  0.405796  0.349099  0.368668  0.459410 
8  0.220992  0.615609  0.533729  0.124939  0.254353  0.000000  0.244819  0.454497 0.0  0.219690  0.672504  0.275831  0.272789  0.461479  0.647359  0.824219  0.504469  0.241173  0.000000  0.233907  0.138626  0.462895  0.559889  0.394113  0.323247  0.437124  0.274193  0.000000  0.291257  0.523139 
9  0.218695  0.613470  0.341823  0.050234  0.260275  0.055657  0.262917  0.416090  0.219690 0.0  0.735232  0.388838  0.441957  0.451853  0.581558  0.819229  0.494791  0.186047  0.034907  0.220217  0.204812  0.451849  0.510133  0.305550  0.084946  0.461492  0.255094  0.029344  0.380232  0.458772 
10  0.694788  0.719238  0.287007  0.662550  0.628663  0.610129  0.510314  0.568896  0.672504  0.735232 0.0  0.318081  0.516175  0.334089  0.650308  0.459046  0.364105  0.756227  0.486589  0.735320  0.626880  0.293901  0.343537  0.334819  0.610399  0.428239  0.647689  0.511838  0.579025  0.412592 
11  0.381638  0.754782  0.138988  0.445310  0.421578  0.410241  0.433315  0.439988  0.275831  0.388838  0.318081 0.0  0.506065  0.200307  0.512078  0.615220  0.167074  0.315724  0.506534  0.349512  0.488707  0.250922  0.011686  0.231797  0.241924  0.652417  0.308121  0.326573  0.537413  0.144665 
12  0.421105  0.635366  0.328167  0.384007  0.331341  0.325511  0.361266  0.047439  0.272789  0.441957  0.516175  0.506065 0.0  0.341776  0.293882  0.845249  0.255186  0.372945  0.398736  0.435042  0.482912  0.184358  0.350301  0.429980  0.282755  0.571838  0.429388  0.251265  0.418354  0.482882 
13  0.498653  1.000000  0.035200  0.429450  0.534614  0.394834  0.398650  0.527446  0.461479  0.451853  0.334089  0.200307  0.341776 0.0  0.501689  0.735103  0.094982  0.555951  0.370892  0.547520  0.400741  0.116822  0.225997  0.001722  0.573158  0.499654  0.566562  0.366345  0.351714  0.140045 
14  0.635561  0.534636  0.661266  0.666024  0.667002  0.620825  0.583071  0.303892  0.647359  0.581558  0.650308  0.512078  0.293882  0.501689 0.0  0.676325  0.628863  0.632323  0.597494  0.585581  0.583677  0.589239  0.497654  0.523444  0.679829  0.457991  0.450360  0.516193  0.542062  0.639970 
15  0.905987  0.416753  0.644583  0.934489  0.859464  0.883920  0.746398  0.864846  0.824219  0.819229  0.459046  0.615220  0.845249  0.735103  0.676325 0.0  0.586368  0.843612  0.895549  0.926388  0.882659  0.507598  0.595191  0.557978  0.876376  0.554344  0.826243  0.881520  0.772395  0.497368 
16  0.438756  0.706611  0.286153  0.398890  0.338605  0.318764  0.483293  0.357729  0.504469  0.494791  0.364105  0.167074  0.255186  0.094982  0.628863  0.586368 0.0  0.420447  0.580906  0.343244  0.439463  0.173727  0.037631  0.190906  0.370412  0.624179  0.362899  0.302532  0.447417  0.111215 
17  0.191022  0.646278  0.341971  0.091576  0.236313  0.020585  0.386203  0.394295  0.241173  0.186047  0.756227  0.315724  0.372945  0.555951  0.632323  0.843612  0.420447 0.0  0.057295  0.282335  0.185262  0.368746  0.636853  0.346769  0.195783  0.457572  0.194831  0.089120  0.434280  0.499581 
18  0.032531  0.566837  0.508879  0.054261  0.140035  0.011243  0.525503  0.451256  0.000000  0.034907  0.486589  0.506534  0.398736  0.370892  0.597494  0.895549  0.580906  0.057295 0.0  0.060644  0.019555  0.503597  0.357622  0.572101  0.204024  0.540514  0.009211  0.103537  0.461717  0.460970 
19  0.217408  0.651359  0.340640  0.000000  0.212027  0.006699  0.280389  0.444137  0.233907  0.220217  0.735320  0.349512  0.435042  0.547520  0.585581  0.926388  0.343244  0.282335  0.060644 0.0  0.070933  0.429484  0.645470  0.295762  0.251668  0.513732  0.267149  0.000000  0.376247  0.435354 
20  0.180443  0.538126  0.520047  0.077931  0.152841  0.147397  0.324249  0.379650  0.138626  0.204812  0.626880  0.488707  0.482912  0.400741  0.583677  0.882659  0.439463  0.185262  0.019555  0.070933 0.0  0.372868  0.432235  0.478912  0.122132  0.426324  0.207202  0.210924  0.415550  0.448514 
21  0.282489  0.768284  0.226757  0.318967  0.460722  0.328124  0.699683  0.284655  0.462895  0.451849  0.293901  0.250922  0.184358  0.116822  0.589239  0.507598  0.173727  0.368746  0.503597  0.429484  0.372868 0.0  0.000000  0.129047  0.420333  0.436947  0.298248  0.308389  0.483511  0.185562 
22  0.453320  0.977522  0.016100  0.404770  0.437692  0.392136  0.451798  0.462092  0.559889  0.510133  0.343537  0.011686  0.350301  0.225997  0.497654  0.595191  0.037631  0.636853  0.357622  0.645470  0.432235  0.000000 0.0  0.096261  0.550821  0.518957  0.537321  0.465216  0.179993  0.203608 
23  0.490021  0.768467  0.069770  0.380257  0.331497  0.475255  0.503204  0.291868  0.394113  0.305550  0.334819  0.231797  0.429980  0.001722  0.523444  0.557978  0.190906  0.346769  0.572101  0.295762  0.478912  0.129047  0.096261 0.0  0.381046  0.500539  0.485292  0.350709  0.581261  0.145585 
24  0.117100  0.753623  0.378141  0.161762  0.297079  0.043930  0.446379  0.506756  0.323247  0.084946  0.610399  0.241924  0.282755  0.573158  0.679829  0.876376  0.370412  0.195783  0.204024  0.251668  0.122132  0.420333  0.550821  0.381046 0.0  0.338741  0.110587  0.057705  0.363489  0.523448 
25  0.571914  0.378552  0.495166  0.523726  0.578106  0.530778  0.498063  0.545120  0.437124  0.461492  0.428239  0.652417  0.571838  0.499654  0.457991  0.554344  0.624179  0.457572  0.540514  0.513732  0.426324  0.436947  0.518957  0.500539  0.338741 0.0  0.430026  0.456493  0.601562  0.437668 
26  0.167564  0.717203  0.329615  0.034006  0.390866  0.032350  0.403914  0.405796  0.274193  0.255094  0.647689  0.308121  0.429388  0.566562  0.450360  0.826243  0.362899  0.194831  0.009211  0.267149  0.207202  0.298248  0.537321  0.485292  0.110587  0.430026 0.0  0.166000  0.523611  0.458891 
27  0.091890  0.648934  0.346042  0.160855  0.114547  0.185023  0.340026  0.349099  0.000000  0.029344  0.511838  0.326573  0.251265  0.366345  0.516193  0.881520  0.302532  0.089120  0.103537  0.000000  0.210924  0.308389  0.465216  0.350709  0.057705  0.456493  0.166000 0.0  0.416313  0.423305 
28  0.387629  0.819703  0.521478  0.331985  0.447361  0.285836  0.056782  0.368668  0.291257  0.380232  0.579025  0.537413  0.418354  0.351714  0.542062  0.772395  0.447417  0.434280  0.461717  0.376247  0.415550  0.483511  0.179993  0.581261  0.363489  0.601562  0.523611  0.416313 0.0  0.536815 
29  0.591780  0.939426  0.191981  0.455451  0.479731  0.516929  0.406023  0.459410  0.523139  0.458772  0.412592  0.144665  0.482882  0.140045  0.639970  0.497368  0.111215  0.499581  0.460970  0.435354  0.448514  0.185562  0.203608  0.145585  0.523448  0.437668  0.458891  0.423305  0.536815 0.0 
