30
0 0.0  0.375756  0.153524  0.246121  0.528430  0.506072  0.114218  0.374004  0.604519  0.367126  0.303571  0.288666  0.432337  0.294061  0.261471  0.063532  0.475117  0.356569  0.565253  0.290605  0.119111  0.364855  0.311221  0.233962  0.217699  0.348467  0.183375  0.085221  0.396378  0.138325 
1  0.375756 0.0  0.318309  0.317187  0.416291  0.934420  0.487986  0.289376  0.530644  0.203173  0.315688  0.114433  0.008853  0.193567  0.149038  0.455154  0.316726  0.058268  0.864995  0.366711  0.481631  0.114476  0.656199  0.240471  0.400850  0.136095  0.392640  0.490201  0.041489  0.408088 
2  0.153524  0.318309 0.0  0.165332  0.423100  0.431121  0.033685  0.394561  0.531487  0.396399  0.265570  0.394126  0.477720  0.451367  0.378157  0.000000  0.371807  0.364153  0.596344  0.166102  0.056751  0.271477  0.244615  0.411553  0.131078  0.412527  0.181011  0.128228  0.332187  0.005223 
3  0.246121  0.317187  0.165332 0.0  0.439345  0.472863  0.000000  0.437039  0.452687  0.494016  0.245093  0.253196  0.405821  0.322127  0.348182  0.087620  0.493130  0.314111  0.497855  0.185953  0.024629  0.307932  0.348312  0.342681  0.181328  0.289302  0.201610  0.083370  0.417280  0.167055 
4  0.528430  0.416291  0.423100  0.439345 0.0  0.772189  0.242323  0.231402  0.415127  0.391393  0.465540  0.205650  0.491617  0.307264  0.303573  0.352404  0.161654  0.359471  0.785217  0.495098  0.395979  0.511251  0.485311  0.290621  0.468721  0.309823  0.450879  0.434286  0.325460  0.228268 
5  0.506072  0.934420  0.431121  0.472863  0.772189 0.0  0.527160  0.846737  0.493192  0.760957  0.292404  0.720488  0.808618  0.890805  0.887405  0.604400  0.881771  0.753412  0.221303  0.408017  0.622018  0.807804  0.419186  0.845221  0.459091  1.000000  0.529719  0.651844  0.670923  0.633334 
6  0.114218  0.487986  0.033685  0.000000  0.242323  0.527160 0.0  0.451762  0.509375  0.509700  0.000000  0.327417  0.355168  0.579792  0.334613  0.193125  0.418543  0.439130  0.462359  0.269631  0.123958  0.447160  0.331868  0.455832  0.122282  0.506675  0.031185  0.265117  0.422031  0.208141 
7  0.374004  0.289376  0.394561  0.437039  0.231402  0.846737  0.451762 0.0  0.566065  0.224200  0.375620  0.038164  0.009180  0.228594  0.204408  0.475446  0.410337  0.048495  0.790008  0.301516  0.482569  0.198460  0.705732  0.164585  0.263956  0.124869  0.327267  0.479288  0.072153  0.476983 
8  0.604519  0.530644  0.531487  0.452687  0.415127  0.493192  0.509375  0.566065 0.0  0.469455  0.517255  0.628978  0.530462  0.487425  0.549915  0.528538  0.552131  0.583057  0.581798  0.532958  0.567861  0.658357  0.573740  0.561306  0.528864  0.584122  0.503339  0.572412  0.543494  0.570558 
9  0.367126  0.203173  0.396399  0.494016  0.391393  0.760957  0.509700  0.224200  0.469455 0.0  0.361808  0.062752  0.060563  0.207263  0.084666  0.555771  0.416575  0.007279  0.745010  0.386514  0.546336  0.087668  0.690281  0.322849  0.303534  0.225707  0.315643  0.553945  0.059320  0.487069 
10  0.303571  0.315688  0.265570  0.245093  0.465540  0.292404  0.000000  0.375620  0.517255  0.361808 0.0  0.360399  0.409192  0.347178  0.319180  0.000000  0.505403  0.293592  0.555311  0.266705  0.000000  0.424755  0.316618  0.335571  0.184537  0.369864  0.237974  0.095747  0.247502  0.148215 
11  0.288666  0.114433  0.394126  0.253196  0.205650  0.720488  0.327417  0.038164  0.628978  0.062752  0.360399 0.0  0.000000  0.000172  0.085147  0.359850  0.373522  0.000000  0.796889  0.431661  0.387317  0.142034  0.570186  0.074687  0.356747  0.144061  0.341520  0.286571  0.123720  0.416832 
12  0.432337  0.008853  0.477720  0.405821  0.491617  0.808618  0.355168  0.009180  0.530462  0.060563  0.409192  0.000000 0.0  0.095625  0.071760  0.361500  0.435505  0.070839  0.792418  0.526732  0.349668  0.141959  0.426345  0.082055  0.475747  0.058023  0.500715  0.298767  0.022982  0.320052 
13  0.294061  0.193567  0.451367  0.322127  0.307264  0.890805  0.579792  0.228594  0.487425  0.207263  0.347178  0.000172  0.095625 0.0  0.139181  0.539715  0.303093  0.000000  0.745150  0.290566  0.421321  0.121037  0.708852  0.200533  0.337872  0.271813  0.370078  0.397034  0.135608  0.470997 
14  0.261471  0.149038  0.378157  0.348182  0.303573  0.887405  0.334613  0.204408  0.549915  0.084666  0.319180  0.085147  0.071760  0.139181 0.0  0.467676  0.322660  0.054237  0.852830  0.334383  0.439260  0.131728  0.673437  0.229577  0.366216  0.237408  0.315674  0.571814  0.085312  0.521946 
15  0.063532  0.455154  0.000000  0.087620  0.352404  0.604400  0.193125  0.475446  0.528538  0.555771  0.000000  0.359850  0.361500  0.539715  0.467676 0.0  0.202250  0.403278  0.663785  0.022499  0.176313  0.579956  0.348376  0.472267  0.000000  0.594393  0.099645  0.083409  0.325249  0.206928 
16  0.475117  0.316726  0.371807  0.493130  0.161654  0.881771  0.418543  0.410337  0.552131  0.416575  0.505403  0.373522  0.435505  0.303093  0.322660  0.202250 0.0  0.275223  0.862000  0.511597  0.373910  0.435535  0.539289  0.395172  0.486545  0.436458  0.491260  0.386752  0.359182  0.469116 
17  0.356569  0.058268  0.364153  0.314111  0.359471  0.753412  0.439130  0.048495  0.583057  0.007279  0.293592  0.000000  0.070839  0.000000  0.054237  0.403278  0.275223 0.0  0.785296  0.422678  0.344175  0.150329  0.504238  0.124066  0.259025  0.066256  0.287988  0.339153  0.051624  0.350327 
18  0.565253  0.864995  0.596344  0.497855  0.785217  0.221303  0.462359  0.790008  0.581798  0.745010  0.555311  0.796889  0.792418  0.745150  0.852830  0.663785  0.862000  0.785296 0.0  0.642176  0.647035  0.843840  0.388767  0.754338  0.550663  0.760588  0.620366  0.575827  0.835722  0.514698 
19  0.290605  0.366711  0.166102  0.185953  0.495098  0.408017  0.269631  0.301516  0.532958  0.386514  0.266705  0.431661  0.526732  0.290566  0.334383  0.022499  0.511597  0.422678  0.642176 0.0  0.032026  0.379312  0.369261  0.315021  0.089292  0.268698  0.128828  0.057532  0.246145  0.139713 
20  0.119111  0.481631  0.056751  0.024629  0.395979  0.622018  0.123958  0.482569  0.567861  0.546336  0.000000  0.387317  0.349668  0.421321  0.439260  0.176313  0.373910  0.344175  0.647035  0.032026 0.0  0.432280  0.458247  0.589294  0.080411  0.463178  0.051897  0.225334  0.433404  0.268350 
21  0.364855  0.114476  0.271477  0.307932  0.511251  0.807804  0.447160  0.198460  0.658357  0.087668  0.424755  0.142034  0.141959  0.121037  0.131728  0.579956  0.435535  0.150329  0.843840  0.379312  0.432280 0.0  0.599109  0.070924  0.447113  0.149073  0.396164  0.446315  0.175654  0.406504 
22  0.311221  0.656199  0.244615  0.348312  0.485311  0.419186  0.331868  0.705732  0.573740  0.690281  0.316618  0.570186  0.426345  0.708852  0.673437  0.348376  0.539289  0.504238  0.388767  0.369261  0.458247  0.599109 0.0  0.657361  0.334054  0.609421  0.233007  0.412692  0.546944  0.501657 
23  0.233962  0.240471  0.411553  0.342681  0.290621  0.845221  0.455832  0.164585  0.561306  0.322849  0.335571  0.074687  0.082055  0.200533  0.229577  0.472267  0.395172  0.124066  0.754338  0.315021  0.589294  0.070924  0.657361 0.0  0.376335  0.202465  0.347474  0.419755  0.000000  0.388691 
24  0.217699  0.400850  0.131078  0.181328  0.468721  0.459091  0.122282  0.263956  0.528864  0.303534  0.184537  0.356747  0.475747  0.337872  0.366216  0.000000  0.486545  0.259025  0.550663  0.089292  0.080411  0.447113  0.334054  0.376335 0.0  0.279551  0.222697  0.076799  0.282824  0.075664 
25  0.348467  0.136095  0.412527  0.289302  0.309823  1.000000  0.506675  0.124869  0.584122  0.225707  0.369864  0.144061  0.058023  0.271813  0.237408  0.594393  0.436458  0.066256  0.760588  0.268698  0.463178  0.149073  0.609421  0.202465  0.279551 0.0  0.383305  0.473948  0.000000  0.481862 
26  0.183375  0.392640  0.181011  0.201610  0.450879  0.529719  0.031185  0.327267  0.503339  0.315643  0.237974  0.341520  0.500715  0.370078  0.315674  0.099645  0.491260  0.287988  0.620366  0.128828  0.051897  0.396164  0.233007  0.347474  0.222697  0.383305 0.0  0.011467  0.321671  0.114078 
27  0.085221  0.490201  0.128228  0.083370  0.434286  0.651844  0.265117  0.479288  0.572412  0.553945  0.095747  0.286571  0.298767  0.397034  0.571814  0.083409  0.386752  0.339153  0.575827  0.057532  0.225334  0.446315  0.412692  0.419755  0.076799  0.473948  0.011467 0.0  0.472188  0.225975 
28  0.396378  0.041489  0.332187  0.417280  0.325460  0.670923  0.422031  0.072153  0.543494  0.059320  0.247502  0.123720  0.022982  0.135608  0.085312  0.325249  0.359182  0.051624  0.835722  0.246145  0.433404  0.175654  0.546944  0.000000  0.282824  0.000000  0.321671  0.472188 0.0  0.244553 
29  0.138325  0.408088  0.005223  0.167055  0.228268  0.633334  0.208141  0.476983  0.570558  0.487069  0.148215  0.416832  0.320052  0.470997  0.521946  0.206928  0.469116  0.350327  0.514698  0.139713  0.268350  0.406504  0.501657  0.388691  0.075664  0.481862  0.114078  0.225975  0.244553 0.0 
