30
0 0.0  0.499459  0.203747  0.839957  0.379911  0.419603  0.333399  0.746692  0.928632  0.393272  0.246083  0.662943  0.236195  0.316083  0.311594  0.381361  0.196109  0.422449  0.309544  0.248023  0.360268  0.505164  0.301516  0.478116  0.304459  0.510052  0.451351  0.321949  0.424988  0.541032 
1  0.499459 0.0  0.005433  0.794087  0.327282  0.405529  0.350888  0.702851  0.528241  0.352820  0.421621  0.425917  0.335819  0.404366  0.128802  0.435271  0.018750  0.356265  0.356724  0.251923  0.314015  0.521614  0.357218  0.458596  0.419083  0.189316  0.209409  0.421574  0.370185  0.201277 
2  0.203747  0.005433 0.0  0.768748  0.353814  0.418682  0.423406  0.943708  0.611792  0.340846  0.265149  0.546015  0.549215  0.450556  0.264009  0.303990  0.272599  0.458076  0.483637  0.482189  0.380976  0.458875  0.545840  0.449032  0.236937  0.051408  0.013769  0.387440  0.527467  0.063872 
3  0.839957  0.794087  0.768748 0.0  0.336384  0.904486  0.407788  0.071855  0.801157  0.582223  0.735459  0.383126  0.385538  0.476840  0.896720  0.675634  0.863372  0.536992  0.348968  0.536343  0.744613  0.435766  0.471413  0.445584  0.811918  0.807879  0.753189  0.463996  0.539478  0.743915 
4  0.379911  0.327282  0.353814  0.336384 0.0  0.293951  0.014411  0.458694  0.900585  0.107273  0.269702  0.748000  0.116546  0.200132  0.373596  0.058347  0.296528  0.242266  0.000000  0.000000  0.024254  0.554208  0.124758  0.181927  0.329170  0.225237  0.247231  0.000000  0.029871  0.266091 
5  0.419603  0.405529  0.418682  0.904486  0.293951 0.0  0.239475  0.691545  0.778886  0.521744  0.321596  0.791766  0.411016  0.357039  0.290397  0.467019  0.279789  0.366511  0.354861  0.459884  0.459668  0.450064  0.342932  0.441137  0.057901  0.432344  0.267860  0.344873  0.429511  0.337216 
6  0.333399  0.350888  0.423406  0.407788  0.014411  0.239475 0.0  0.547082  0.903133  0.014537  0.299719  1.000000  0.322571  0.230779  0.484127  0.113680  0.383835  0.164472  0.171481  0.169342  0.097135  0.568373  0.218327  0.123143  0.260632  0.385570  0.439116  0.200545  0.295058  0.278012 
7  0.746692  0.702851  0.943708  0.071855  0.458694  0.691545  0.547082 0.0  0.892005  0.561138  0.802899  0.466770  0.682154  0.600694  0.902648  0.438845  0.829887  0.641059  0.616407  0.670014  0.467949  0.455725  0.646681  0.560541  0.895292  0.678029  0.690531  0.647589  0.732702  0.752784 
8  0.928632  0.528241  0.611792  0.801157  0.900585  0.778886  0.903133  0.892005 0.0  0.865096  0.779666  0.613683  0.912114  0.775021  0.572497  0.837181  0.532284  0.873095  0.769250  0.806692  0.769520  0.386764  0.780486  0.753232  0.739870  0.576588  0.495825  0.857078  0.836615  0.686558 
9  0.393272  0.352820  0.340846  0.582223  0.107273  0.521744  0.014537  0.561138  0.865096 0.0  0.220014  0.768297  0.087487  0.000000  0.324912  0.150215  0.347112  0.057287  0.055588  0.091910  0.098424  0.515152  0.058547  0.228576  0.433323  0.345140  0.408769  0.082328  0.093916  0.282676 
10  0.246083  0.421621  0.265149  0.735459  0.269702  0.321596  0.299719  0.802899  0.779666  0.220014 0.0  0.710302  0.149326  0.352621  0.275246  0.187147  0.230062  0.271221  0.188467  0.237163  0.321664  0.356705  0.235303  0.355129  0.251321  0.226559  0.309848  0.281086  0.316891  0.243894 
11  0.662943  0.425917  0.546015  0.383126  0.748000  0.791766  1.000000  0.466770  0.613683  0.768297  0.710302 0.0  0.821668  0.897454  0.604240  0.717238  0.618414  0.879199  0.953890  0.919112  0.753977  0.555444  0.793170  0.680853  0.777565  0.478932  0.396880  0.893533  0.884828  0.524354 
12  0.236195  0.335819  0.549215  0.385538  0.116546  0.411016  0.322571  0.682154  0.912114  0.087487  0.149326  0.821668 0.0  0.307101  0.456363  0.049275  0.553656  0.075566  0.265580  0.103453  0.199511  0.488017  0.066812  0.147597  0.296837  0.465233  0.331321  0.184713  0.147071  0.430425 
13  0.316083  0.404366  0.450556  0.476840  0.200132  0.357039  0.230779  0.600694  0.775021  0.000000  0.352621  0.897454  0.307101 0.0  0.521873  0.033611  0.478418  0.120457  0.348627  0.140087  0.116116  0.383708  0.179837  0.069414  0.376848  0.361670  0.345503  0.147100  0.210868  0.324108 
14  0.311594  0.128802  0.264009  0.896720  0.373596  0.290397  0.484127  0.902648  0.572497  0.324912  0.275246  0.604240  0.456363  0.521873 0.0  0.378154  0.313367  0.479579  0.465443  0.429926  0.263093  0.516028  0.467820  0.495705  0.445463  0.189364  0.050831  0.487386  0.494333  0.213006 
15  0.381361  0.435271  0.303990  0.675634  0.058347  0.467019  0.113680  0.438845  0.837181  0.150215  0.187147  0.717238  0.049275  0.033611  0.378154 0.0  0.382078  0.141595  0.084490  0.052693  0.161004  0.567663  0.112207  0.111516  0.228750  0.356442  0.276582  0.176542  0.152753  0.459711 
16  0.196109  0.018750  0.272599  0.863372  0.296528  0.279789  0.383835  0.829887  0.532284  0.347112  0.230062  0.618414  0.553656  0.478418  0.313367  0.382078 0.0  0.409806  0.567434  0.433778  0.268539  0.554322  0.437086  0.329094  0.251409  0.135177  0.082363  0.441960  0.391141  0.137202 
17  0.422449  0.356265  0.458076  0.536992  0.242266  0.366511  0.164472  0.641059  0.873095  0.057287  0.271221  0.879199  0.075566  0.120457  0.479579  0.141595  0.409806 0.0  0.100364  0.145479  0.214211  0.455464  0.180375  0.131683  0.355865  0.424409  0.345900  0.123421  0.168729  0.467018 
18  0.309544  0.356724  0.483637  0.348968  0.000000  0.354861  0.171481  0.616407  0.769250  0.055588  0.188467  0.953890  0.265580  0.348627  0.465443  0.084490  0.567434  0.100364 0.0  0.169756  0.010143  0.554501  0.174076  0.109317  0.360937  0.262636  0.369175  0.145971  0.205403  0.282607 
19  0.248023  0.251923  0.482189  0.536343  0.000000  0.459884  0.169342  0.670014  0.806692  0.091910  0.237163  0.919112  0.103453  0.140087  0.429926  0.052693  0.433778  0.145479  0.169756 0.0  0.000000  0.522010  0.303966  0.145231  0.390801  0.323395  0.399391  0.134715  0.121936  0.332825 
20  0.360268  0.314015  0.380976  0.744613  0.024254  0.459668  0.097135  0.467949  0.769520  0.098424  0.321664  0.753977  0.199511  0.116116  0.263093  0.161004  0.268539  0.214211  0.010143  0.000000 0.0  0.465663  0.000000  0.163174  0.374829  0.252859  0.316478  0.116384  0.083714  0.270349 
21  0.505164  0.521614  0.458875  0.435766  0.554208  0.450064  0.568373  0.455725  0.386764  0.515152  0.356705  0.555444  0.488017  0.383708  0.516028  0.567663  0.554322  0.455464  0.554501  0.522010  0.465663 0.0  0.474794  0.519841  0.509515  0.575534  0.567639  0.548502  0.403012  0.414205 
22  0.301516  0.357218  0.545840  0.471413  0.124758  0.342932  0.218327  0.646681  0.780486  0.058547  0.235303  0.793170  0.066812  0.179837  0.467820  0.112207  0.437086  0.180375  0.174076  0.303966  0.000000  0.474794 0.0  0.053301  0.323919  0.381416  0.287717  0.191561  0.104639  0.312758 
23  0.478116  0.458596  0.449032  0.445584  0.181927  0.441137  0.123143  0.560541  0.753232  0.228576  0.355129  0.680853  0.147597  0.069414  0.495705  0.111516  0.329094  0.131683  0.109317  0.145231  0.163174  0.519841  0.053301 0.0  0.489390  0.408070  0.413366  0.040552  0.187656  0.380314 
24  0.304459  0.419083  0.236937  0.811918  0.329170  0.057901  0.260632  0.895292  0.739870  0.433323  0.251321  0.777565  0.296837  0.376848  0.445463  0.228750  0.251409  0.355865  0.360937  0.390801  0.374829  0.509515  0.323919  0.489390 0.0  0.297531  0.252681  0.194400  0.332431  0.191172 
25  0.510052  0.189316  0.051408  0.807879  0.225237  0.432344  0.385570  0.678029  0.576588  0.345140  0.226559  0.478932  0.465233  0.361670  0.189364  0.356442  0.135177  0.424409  0.262636  0.323395  0.252859  0.575534  0.381416  0.408070  0.297531 0.0  0.225471  0.284311  0.399159  0.200093 
26  0.451351  0.209409  0.013769  0.753189  0.247231  0.267860  0.439116  0.690531  0.495825  0.408769  0.309848  0.396880  0.331321  0.345503  0.050831  0.276582  0.082363  0.345900  0.369175  0.399391  0.316478  0.567639  0.287717  0.413366  0.252681  0.225471 0.0  0.333834  0.469454  0.229062 
27  0.321949  0.421574  0.387440  0.463996  0.000000  0.344873  0.200545  0.647589  0.857078  0.082328  0.281086  0.893533  0.184713  0.147100  0.487386  0.176542  0.441960  0.123421  0.145971  0.134715  0.116384  0.548502  0.191561  0.040552  0.194400  0.284311  0.333834 0.0  0.250182  0.273335 
28  0.424988  0.370185  0.527467  0.539478  0.029871  0.429511  0.295058  0.732702  0.836615  0.093916  0.316891  0.884828  0.147071  0.210868  0.494333  0.152753  0.391141  0.168729  0.205403  0.121936  0.083714  0.403012  0.104639  0.187656  0.332431  0.399159  0.469454  0.250182 0.0  0.312386 
29  0.541032  0.201277  0.063872  0.743915  0.266091  0.337216  0.278012  0.752784  0.686558  0.282676  0.243894  0.524354  0.430425  0.324108  0.213006  0.459711  0.137202  0.467018  0.282607  0.332825  0.270349  0.414205  0.312758  0.380314  0.191172  0.200093  0.229062  0.273335  0.312386 0.0 
