30
0 0.0  0.434606  0.348724  0.205763  0.454883  0.156696  0.763737  0.620232  0.604550  0.305589  0.240318  0.312980  0.149413  0.324345  0.370968  0.200608  0.333067  0.076382  0.258733  0.303210  0.174077  0.465873  0.080983  0.515017  0.686416  0.406378  0.361486  0.325212  0.839023  0.224397 
1  0.434606 0.0  0.133497  0.363645  0.064478  0.533037  0.472288  0.256789  0.471739  0.238577  0.320248  0.227139  0.319342  0.108478  0.016940  0.325421  0.272965  0.377294  0.382209  0.517370  0.389089  0.041132  0.340261  0.052940  0.726128  0.231763  0.344930  0.223513  0.475115  0.295621 
2  0.348724  0.133497 0.0  0.386146  0.076315  0.419533  0.481948  0.252945  0.516522  0.138711  0.408205  0.291510  0.391831  0.152788  0.164861  0.327490  0.335656  0.399213  0.477970  0.396080  0.366273  0.167233  0.441556  0.100663  0.705148  0.262278  0.462361  0.135349  0.580788  0.365847 
3  0.205763  0.363645  0.386146 0.0  0.441002  0.137874  0.724477  0.695194  0.595689  0.354940  0.089482  0.353308  0.155601  0.215968  0.462700  0.166694  0.119194  0.048106  0.242436  0.400554  0.264457  0.486184  0.103279  0.468402  0.630025  0.215314  0.430441  0.438153  0.848241  0.248756 
4  0.454883  0.064478  0.076315  0.441002 0.0  0.448926  0.514208  0.446222  0.458954  0.161474  0.446003  0.151723  0.410982  0.131572  0.199695  0.411611  0.452794  0.304490  0.456361  0.339404  0.546639  0.115957  0.249091  0.281466  0.945504  0.092548  0.268120  0.024693  0.662059  0.328428 
5  0.156696  0.533037  0.419533  0.137874  0.448926 0.0  0.817591  0.526219  0.506003  0.463114  0.006951  0.349246  0.061681  0.416664  0.336513  0.055478  0.156952  0.111958  0.112605  0.501213  0.048269  0.363775  0.087956  0.298240  0.473458  0.490860  0.247322  0.460447  0.794946  0.387494 
6  0.763737  0.472288  0.481948  0.724477  0.514208  0.817591 0.0  0.284358  0.651540  0.503346  0.734437  0.756932  0.836549  0.439675  0.503434  0.829919  0.783368  0.752527  0.768841  0.802262  0.756290  0.555764  0.894237  0.524374  0.438046  0.475919  0.711370  0.622376  0.146373  0.815613 
7  0.620232  0.256789  0.252945  0.695194  0.446222  0.526219  0.284358 0.0  0.491749  0.248043  0.654033  0.475014  0.687412  0.254841  0.413085  0.692393  0.599960  0.647092  0.614033  0.545810  0.659814  0.452689  0.589160  0.416467  0.549892  0.332330  0.551214  0.180566  0.317585  0.559750 
8  0.604550  0.471739  0.516522  0.595689  0.458954  0.506003  0.651540  0.491749 0.0  0.633869  0.535544  0.517648  0.499561  0.439388  0.440627  0.444419  0.534927  0.568372  0.459061  0.526476  0.523145  0.543893  0.459682  0.464529  0.546185  0.516987  0.694219  0.546344  0.529657  0.240742 
9  0.305589  0.238577  0.138711  0.354940  0.161474  0.463114  0.503346  0.248043  0.633869 0.0  0.330376  0.178807  0.354572  0.105390  0.039236  0.216273  0.307965  0.329756  0.240359  0.508217  0.293149  0.110668  0.306524  0.000000  0.727912  0.195509  0.402491  0.261889  0.431883  0.317241 
10  0.240318  0.320248  0.408205  0.089482  0.446003  0.006951  0.734437  0.654033  0.535544  0.330376 0.0  0.287423  0.277674  0.371825  0.537759  0.110851  0.200578  0.025802  0.164211  0.237606  0.219698  0.412963  0.050891  0.393828  0.589274  0.362270  0.380791  0.324953  0.858799  0.373082 
11  0.312980  0.227139  0.291510  0.353308  0.151723  0.349246  0.756932  0.475014  0.517648  0.178807  0.287423 0.0  0.322414  0.195596  0.164548  0.393118  0.270031  0.258615  0.315285  0.257567  0.294650  0.196090  0.291787  0.250457  0.668949  0.310826  0.311923  0.162650  0.667594  0.255975 
12  0.149413  0.319342  0.391831  0.155601  0.410982  0.061681  0.836549  0.687412  0.499561  0.354572  0.277674  0.322414 0.0  0.250840  0.458044  0.143848  0.221189  0.000000  0.061319  0.326349  0.269861  0.347790  0.046384  0.335894  0.548650  0.391674  0.353999  0.295031  0.954262  0.309093 
13  0.324345  0.108478  0.152788  0.215968  0.131572  0.416664  0.439675  0.254841  0.439388  0.105390  0.371825  0.195596  0.250840 0.0  0.089109  0.312702  0.302049  0.298318  0.257041  0.387350  0.318206  0.051851  0.312767  0.096619  0.648874  0.089229  0.369484  0.302612  0.458614  0.266989 
14  0.370968  0.016940  0.164861  0.462700  0.199695  0.336513  0.503434  0.413085  0.440627  0.039236  0.537759  0.164548  0.458044  0.089109 0.0  0.580586  0.450313  0.290530  0.452148  0.300999  0.370029  0.222145  0.328503  0.122990  0.838348  0.106200  0.311501  0.139090  0.500260  0.287356 
15  0.200608  0.325421  0.327490  0.166694  0.411611  0.055478  0.829919  0.692393  0.444419  0.216273  0.110851  0.393118  0.143848  0.312702  0.580586 0.0  0.212059  0.071280  0.208525  0.368466  0.193012  0.570504  0.141438  0.462273  0.668849  0.381858  0.318471  0.329534  1.000000  0.322790 
16  0.333067  0.272965  0.335656  0.119194  0.452794  0.156952  0.783368  0.599960  0.534927  0.307965  0.200578  0.270031  0.221189  0.302049  0.450313  0.212059 0.0  0.000000  0.143905  0.293574  0.296391  0.430990  0.111510  0.439112  0.615871  0.395013  0.401137  0.189123  0.791261  0.312221 
17  0.076382  0.377294  0.399213  0.048106  0.304490  0.111958  0.752527  0.647092  0.568372  0.329756  0.025802  0.258615  0.000000  0.298318  0.290530  0.071280  0.000000 0.0  0.055872  0.331416  0.143735  0.340800  0.127725  0.306629  0.420106  0.346745  0.323477  0.347982  0.676645  0.462485 
18  0.258733  0.382209  0.477970  0.242436  0.456361  0.112605  0.768841  0.614033  0.459061  0.240359  0.164211  0.315285  0.061319  0.257041  0.452148  0.208525  0.143905  0.055872 0.0  0.285863  0.225632  0.510688  0.061110  0.424283  0.556264  0.402802  0.324175  0.352435  0.825120  0.240584 
19  0.303210  0.517370  0.396080  0.400554  0.339404  0.501213  0.802262  0.545810  0.526476  0.508217  0.237606  0.257567  0.326349  0.387350  0.300999  0.368466  0.293574  0.331416  0.285863 0.0  0.210478  0.316604  0.408031  0.386701  0.744444  0.483883  0.065476  0.471183  0.739766  0.350092 
20  0.174077  0.389089  0.366273  0.264457  0.546639  0.048269  0.756290  0.659814  0.523145  0.293149  0.219698  0.294650  0.269861  0.318206  0.370029  0.193012  0.296391  0.143735  0.225632  0.210478 0.0  0.449222  0.000000  0.415408  0.678687  0.362896  0.289520  0.376894  0.864824  0.353306 
21  0.465873  0.041132  0.167233  0.486184  0.115957  0.363775  0.555764  0.452689  0.543893  0.110668  0.412963  0.196090  0.347790  0.051851  0.222145  0.570504  0.430990  0.340800  0.510688  0.316604  0.449222 0.0  0.270423  0.183339  0.918026  0.114372  0.356039  0.101599  0.522791  0.241127 
22  0.080983  0.340261  0.441556  0.103279  0.249091  0.087956  0.894237  0.589160  0.459682  0.306524  0.050891  0.291787  0.046384  0.312767  0.328503  0.141438  0.111510  0.127725  0.061110  0.408031  0.000000  0.270423 0.0  0.423403  0.575346  0.342949  0.292018  0.317996  0.782193  0.274759 
23  0.515017  0.052940  0.100663  0.468402  0.281466  0.298240  0.524374  0.416467  0.464529  0.000000  0.393828  0.250457  0.335894  0.096619  0.122990  0.462273  0.439112  0.306629  0.424283  0.386701  0.415408  0.183339  0.423403 0.0  0.820744  0.097307  0.409817  0.072098  0.666663  0.385699 
24  0.686416  0.726128  0.705148  0.630025  0.945504  0.473458  0.438046  0.549892  0.546185  0.727912  0.589274  0.668949  0.548650  0.648874  0.838348  0.668849  0.615871  0.420106  0.556264  0.744444  0.678687  0.918026  0.575346  0.820744 0.0  0.824274  0.694263  0.720355  0.339934  0.786639 
25  0.406378  0.231763  0.262278  0.215314  0.092548  0.490860  0.475919  0.332330  0.516987  0.195509  0.362270  0.310826  0.391674  0.089229  0.106200  0.381858  0.395013  0.346745  0.402802  0.483883  0.362896  0.114372  0.342949  0.097307  0.824274 0.0  0.408891  0.215480  0.465989  0.282835 
26  0.361486  0.344930  0.462361  0.430441  0.268120  0.247322  0.711370  0.551214  0.694219  0.402491  0.380791  0.311923  0.353999  0.369484  0.311501  0.318471  0.401137  0.323477  0.324175  0.065476  0.289520  0.356039  0.292018  0.409817  0.694263  0.408891 0.0  0.334355  0.641412  0.304035 
27  0.325212  0.223513  0.135349  0.438153  0.024693  0.460447  0.622376  0.180566  0.546344  0.261889  0.324953  0.162650  0.295031  0.302612  0.139090  0.329534  0.189123  0.347982  0.352435  0.471183  0.376894  0.101599  0.317996  0.072098  0.720355  0.215480  0.334355 0.0  0.515502  0.420176 
28  0.839023  0.475115  0.580788  0.848241  0.662059  0.794946  0.146373  0.317585  0.529657  0.431883  0.858799  0.667594  0.954262  0.458614  0.500260  1.000000  0.791261  0.676645  0.825120  0.739766  0.864824  0.522791  0.782193  0.666663  0.339934  0.465989  0.641412  0.515502 0.0  0.747559 
29  0.224397  0.295621  0.365847  0.248756  0.328428  0.387494  0.815613  0.559750  0.240742  0.317241  0.373082  0.255975  0.309093  0.266989  0.287356  0.322790  0.312221  0.462485  0.240584  0.350092  0.353306  0.241127  0.274759  0.385699  0.786639  0.282835  0.304035  0.420176  0.747559 0.0 
