30
0 0.0  0.086884  0.425862  0.059402  0.316227  0.237857  0.311733  0.924405  0.538580  0.339124  0.458304  0.451670  0.306023  0.103676  0.407207  0.059464  0.413950  0.329005  0.550500  0.333965  0.458341  0.796775  0.516089  0.377010  0.233031  0.466610  0.075343  0.420956  0.607070  0.363354 
1  0.086884 0.0  0.297182  0.087745  0.260457  0.161681  0.353214  0.542257  0.338494  0.292621  0.255492  0.295458  0.460802  0.093844  0.353696  0.125887  0.435017  0.369190  0.418610  0.218675  0.452834  0.755266  0.434770  0.365179  0.124958  0.376688  0.061825  0.368423  0.628937  0.287754 
2  0.425862  0.297182 0.0  0.520848  0.255990  0.394207  0.426173  0.616971  0.284171  0.206734  0.178104  0.288607  0.025313  0.436433  0.227621  0.496274  0.337024  0.196058  0.512390  0.064895  0.217697  0.692973  0.326603  0.261478  0.405922  0.183767  0.472272  0.537333  0.512611  0.205439 
3  0.059402  0.087745  0.520848 0.0  0.206643  0.007845  0.353867  0.903193  0.399420  0.546033  0.486261  0.434712  0.491557  0.165821  0.346621  0.238835  0.298964  0.395901  0.419272  0.281772  0.466338  0.812451  0.341916  0.570442  0.271665  0.351507  0.119250  0.395982  0.583123  0.473632 
4  0.316227  0.260457  0.255990  0.206643 0.0  0.211747  0.217531  0.738133  0.267670  0.276986  0.264531  0.332356  0.331535  0.317904  0.317391  0.231236  0.181355  0.162309  0.409572  0.176721  0.249775  0.684894  0.332564  0.300288  0.353233  0.198357  0.326708  0.265275  0.458149  0.277151 
5  0.237857  0.161681  0.394207  0.007845  0.211747 0.0  0.341471  0.784548  0.325559  0.405915  0.463718  0.294171  0.476783  0.000000  0.354697  0.068333  0.558295  0.288684  0.509187  0.292601  0.239210  0.828969  0.525663  0.324635  0.027289  0.314064  0.101606  0.332205  0.600800  0.281185 
6  0.311733  0.353214  0.426173  0.353867  0.217531  0.341471 0.0  0.796464  0.293121  0.378734  0.279165  0.387151  0.293052  0.318263  0.370395  0.347601  0.137251  0.394399  0.508763  0.371136  0.350990  0.740544  0.114590  0.319393  0.341661  0.208382  0.379045  0.336776  0.686683  0.279101 
7  0.924405  0.542257  0.616971  0.903193  0.738133  0.784548  0.796464 0.0  0.762985  0.721752  0.542943  0.610671  0.488468  0.812116  0.662388  0.869807  0.725447  0.558281  0.429792  0.482228  0.554139  0.658522  0.780422  0.638249  0.849579  0.474731  0.919756  0.974879  0.499217  0.594189 
8  0.538580  0.338494  0.284171  0.399420  0.267670  0.325559  0.293121  0.762985 0.0  0.309670  0.328499  0.445119  0.365177  0.329143  0.340078  0.334977  0.204027  0.192878  0.531583  0.368447  0.344793  0.778370  0.425683  0.424677  0.325631  0.294812  0.383047  0.094544  0.297811  0.301890 
9  0.339124  0.292621  0.206734  0.546033  0.276986  0.405915  0.378734  0.721752  0.309670 0.0  0.286039  0.314786  0.004444  0.425674  0.136097  0.540415  0.524665  0.234079  0.542378  0.033713  0.243337  0.627862  0.257727  0.160914  0.430632  0.065803  0.366405  0.475252  0.618049  0.277717 
10  0.458304  0.255492  0.178104  0.486261  0.264531  0.463718  0.279165  0.542943  0.328499  0.286039 0.0  0.160673  0.125464  0.501835  0.120590  0.474985  0.288425  0.153311  0.360739  0.066484  0.209482  0.705214  0.321454  0.138929  0.456162  0.022797  0.515845  0.352363  0.592290  0.224737 
11  0.451670  0.295458  0.288607  0.434712  0.332356  0.294171  0.387151  0.610671  0.445119  0.314786  0.160673 0.0  0.105511  0.511173  0.162692  0.434694  0.322488  0.030427  0.501335  0.038759  0.180945  0.645484  0.279640  0.125566  0.461706  0.149956  0.530292  0.421142  0.452244  0.121622 
12  0.306023  0.460802  0.025313  0.491557  0.331535  0.476783  0.293052  0.488468  0.365177  0.004444  0.125464  0.105511 0.0  0.275798  0.150038  0.471717  0.555088  0.085364  0.511226  0.075438  0.002785  0.558122  0.606107  0.094577  0.350291  0.042385  0.315261  0.418325  0.633575  0.035031 
13  0.103676  0.093844  0.436433  0.165821  0.317904  0.000000  0.318263  0.812116  0.329143  0.425674  0.501835  0.511173  0.275798 0.0  0.494623  0.209997  0.262694  0.427584  0.487041  0.367175  0.477521  1.000000  0.373753  0.403341  0.236066  0.301820  0.239519  0.506082  0.666592  0.539775 
14  0.407207  0.353696  0.227621  0.346621  0.317391  0.354697  0.370395  0.662388  0.340078  0.136097  0.120590  0.162692  0.150038  0.494623 0.0  0.455497  0.304575  0.133032  0.434382  0.072885  0.126806  0.617838  0.272641  0.195757  0.494185  0.114605  0.409362  0.438588  0.514121  0.154825 
15  0.059464  0.125887  0.496274  0.238835  0.231236  0.068333  0.347601  0.869807  0.334977  0.540415  0.474985  0.434694  0.471717  0.209997  0.455497 0.0  0.284606  0.564967  0.486123  0.337406  0.445772  0.953542  0.183390  0.368275  0.294830  0.383709  0.202780  0.492994  0.559233  0.487473 
16  0.413950  0.435017  0.337024  0.298964  0.181355  0.558295  0.137251  0.725447  0.204027  0.524665  0.288425  0.322488  0.555088  0.262694  0.304575  0.284606 0.0  0.369006  0.543085  0.467712  0.395046  0.663759  0.165838  0.340517  0.326251  0.266324  0.224386  0.351101  0.614762  0.318669 
17  0.329005  0.369190  0.196058  0.395901  0.162309  0.288684  0.394399  0.558281  0.192878  0.234079  0.153311  0.030427  0.085364  0.427584  0.133032  0.564967  0.369006 0.0  0.490392  0.083017  0.244602  0.706919  0.377301  0.202943  0.522912  0.024252  0.495535  0.539895  0.566611  0.200262 
18  0.550500  0.418610  0.512390  0.419272  0.409572  0.509187  0.508763  0.429792  0.531583  0.542378  0.360739  0.501335  0.511226  0.487041  0.434382  0.486123  0.543085  0.490392 0.0  0.462911  0.549291  0.601421  0.505633  0.493692  0.472013  0.482256  0.482124  0.436555  0.577130  0.600196 
19  0.333965  0.218675  0.064895  0.281772  0.176721  0.292601  0.371136  0.482228  0.368447  0.033713  0.066484  0.038759  0.075438  0.367175  0.072885  0.337406  0.467712  0.083017  0.462911 0.0  0.150724  0.498666  0.318520  0.173420  0.366140  0.335523  0.321977  0.302662  0.485942  0.167975 
20  0.458341  0.452834  0.217697  0.466338  0.249775  0.239210  0.350990  0.554139  0.344793  0.243337  0.209482  0.180945  0.002785  0.477521  0.126806  0.445772  0.395046  0.244602  0.549291  0.150724 0.0  0.687035  0.388887  0.129249  0.397388  0.093234  0.523971  0.476553  0.460472  0.145890 
21  0.796775  0.755266  0.692973  0.812451  0.684894  0.828969  0.740544  0.658522  0.778370  0.627862  0.705214  0.645484  0.558122  1.000000  0.617838  0.953542  0.663759  0.706919  0.601421  0.498666  0.687035 0.0  0.736014  0.606430  0.794868  0.440499  0.820072  0.937723  0.533963  0.708215 
22  0.516089  0.434770  0.326603  0.341916  0.332564  0.525663  0.114590  0.780422  0.425683  0.257727  0.321454  0.279640  0.606107  0.373753  0.272641  0.183390  0.165838  0.377301  0.505633  0.318520  0.388887  0.736014 0.0  0.448438  0.352089  0.355995  0.272364  0.292216  0.515789  0.315390 
23  0.377010  0.365179  0.261478  0.570442  0.300288  0.324635  0.319393  0.638249  0.424677  0.160914  0.138929  0.125566  0.094577  0.403341  0.195757  0.368275  0.340517  0.202943  0.493692  0.173420  0.129249  0.606430  0.448438 0.0  0.540253  0.029024  0.483621  0.519206  0.510034  0.262635 
24  0.233031  0.124958  0.405922  0.271665  0.353233  0.027289  0.341661  0.849579  0.325631  0.430632  0.456162  0.461706  0.350291  0.236066  0.494185  0.294830  0.326251  0.522912  0.472013  0.366140  0.397388  0.794868  0.352089  0.540253 0.0  0.347565  0.290144  0.473459  0.578449  0.428312 
25  0.466610  0.376688  0.183767  0.351507  0.198357  0.314064  0.208382  0.474731  0.294812  0.065803  0.022797  0.149956  0.042385  0.301820  0.114605  0.383709  0.266324  0.024252  0.482256  0.335523  0.093234  0.440499  0.355995  0.029024  0.347565 0.0  0.269386  0.313611  0.539920  0.056205 
26  0.075343  0.061825  0.472272  0.119250  0.326708  0.101606  0.379045  0.919756  0.383047  0.366405  0.515845  0.530292  0.315261  0.239519  0.409362  0.202780  0.224386  0.495535  0.482124  0.321977  0.523971  0.820072  0.272364  0.483621  0.290144  0.269386 0.0  0.579132  0.541828  0.495888 
27  0.420956  0.368423  0.537333  0.395982  0.265275  0.332205  0.336776  0.974879  0.094544  0.475252  0.352363  0.421142  0.418325  0.506082  0.438588  0.492994  0.351101  0.539895  0.436555  0.302662  0.476553  0.937723  0.292216  0.519206  0.473459  0.313611  0.579132 0.0  0.281520  0.501137 
28  0.607070  0.628937  0.512611  0.583123  0.458149  0.600800  0.686683  0.499217  0.297811  0.618049  0.592290  0.452244  0.633575  0.666592  0.514121  0.559233  0.614762  0.566611  0.577130  0.485942  0.460472  0.533963  0.515789  0.510034  0.578449  0.539920  0.541828  0.281520 0.0  0.542014 
29  0.363354  0.287754  0.205439  0.473632  0.277151  0.281185  0.279101  0.594189  0.301890  0.277717  0.224737  0.121622  0.035031  0.539775  0.154825  0.487473  0.318669  0.200262  0.600196  0.167975  0.145890  0.708215  0.315390  0.262635  0.428312  0.056205  0.495888  0.501137  0.542014 0.0 
