30
0 0.0  0.786410  0.307719  0.345189  0.379868  0.743020  0.278543  0.291373  0.418685  0.379299  0.016501  0.378444  0.387263  0.214416  0.455601  0.437814  0.363977  0.312954  0.309931  0.374536  0.468187  0.409495  0.377038  0.288043  0.508628  0.308241  0.837507  0.316799  0.363547  0.414917 
1  0.786410 0.0  0.543618  0.653365  0.686747  0.793708  0.591120  0.850127  0.635258  0.801575  0.852803  0.778616  0.601693  0.948569  0.936666  0.544402  0.910613  0.649003  0.668256  0.791820  0.513906  0.554648  0.611592  0.645240  0.845148  0.707334  0.578792  0.850368  0.823363  0.687851 
2  0.307719  0.543618 0.0  0.465793  0.053150  0.484731  0.208938  0.344803  0.184710  0.382837  0.456169  0.412130  0.028855  0.379957  0.385886  0.200607  0.266069  0.176102  0.090559  0.331858  0.189533  0.466891  0.017897  0.108408  0.360222  0.245406  0.881376  0.396337  0.356945  0.359074 
3  0.345189  0.653365  0.465793 0.0  0.396279  0.844621  0.383451  0.421138  0.419818  0.234719  0.383219  0.240858  0.285766  0.117861  0.136954  0.403359  0.159589  0.408431  0.281447  0.153085  0.294106  0.502661  0.308524  0.393971  0.234758  0.276886  0.495181  0.569792  0.127354  0.227893 
4  0.379868  0.686747  0.053150  0.396279 0.0  0.580191  0.112497  0.400017  0.167626  0.358010  0.359107  0.379901  0.184887  0.482164  0.458912  0.064534  0.414989  0.238068  0.175384  0.361667  0.009975  0.529832  0.310660  0.197652  0.439667  0.341701  0.840538  0.428273  0.644725  0.275653 
5  0.743020  0.793708  0.484731  0.844621  0.580191 0.0  0.620764  0.797558  0.554955  0.850725  0.731922  0.732746  0.627921  0.866840  0.929910  0.502085  0.940202  0.788352  0.517646  0.692756  0.487466  0.486472  0.692201  0.636640  1.000000  0.803677  0.967096  0.725897  0.957124  0.984681 
6  0.278543  0.591120  0.208938  0.383451  0.112497  0.620764 0.0  0.426608  0.107545  0.382027  0.343381  0.338555  0.200612  0.470692  0.356866  0.106669  0.494813  0.242962  0.260639  0.268208  0.074211  0.591887  0.139661  0.295334  0.444298  0.316034  0.915923  0.403018  0.646364  0.261691 
7  0.291373  0.850127  0.344803  0.421138  0.400017  0.797558  0.426608 0.0  0.270927  0.421258  0.350503  0.314510  0.366558  0.321319  0.441714  0.283160  0.448828  0.482503  0.349877  0.341049  0.314372  0.771300  0.357329  0.386704  0.397885  0.260742  0.901209  0.012739  0.446498  0.314550 
8  0.418685  0.635258  0.184710  0.419818  0.167626  0.554955  0.107545  0.270927 0.0  0.328927  0.289017  0.386792  0.208427  0.329745  0.318526  0.000000  0.632294  0.192841  0.240495  0.372887  0.088563  0.532925  0.178691  0.413014  0.418917  0.270002  0.903975  0.356083  0.611643  0.418140 
9  0.379299  0.801575  0.382837  0.234719  0.358010  0.850725  0.382027  0.421258  0.328927 0.0  0.419514  0.273725  0.384260  0.063104  0.260919  0.351318  0.092682  0.352770  0.365056  0.300638  0.375201  0.630235  0.230728  0.372286  0.182367  0.225939  0.595715  0.513726  0.144053  0.071455 
10  0.016501  0.852803  0.456169  0.383219  0.359107  0.731922  0.343381  0.350503  0.289017  0.419514 0.0  0.389291  0.414443  0.417857  0.454247  0.481471  0.204488  0.275472  0.339750  0.373298  0.423946  0.307623  0.410914  0.389820  0.414760  0.210504  0.879046  0.375635  0.416418  0.415462 
11  0.378444  0.778616  0.412130  0.240858  0.379901  0.732746  0.338555  0.314510  0.386792  0.273725  0.389291 0.0  0.381772  0.047770  0.045752  0.286116  0.134058  0.372006  0.282800  0.134644  0.327393  0.517108  0.373049  0.324731  0.131597  0.283311  0.558392  0.534795  0.136154  0.166513 
12  0.387263  0.601693  0.028855  0.285766  0.184887  0.627921  0.200612  0.366558  0.208427  0.384260  0.414443  0.381772 0.0  0.447095  0.456576  0.035627  0.613308  0.192363  0.214210  0.299970  0.000000  0.604858  0.226947  0.253509  0.495371  0.426901  0.767563  0.343833  0.515424  0.272680 
13  0.214416  0.948569  0.379957  0.117861  0.482164  0.866840  0.470692  0.321319  0.329745  0.063104  0.417857  0.047770  0.447095 0.0  0.000000  0.496747  0.249457  0.563071  0.487341  0.113515  0.276487  0.441706  0.522393  0.537913  0.117723  0.267308  0.571907  0.269249  0.201447  0.118576 
14  0.455601  0.936666  0.385886  0.136954  0.458912  0.929910  0.356866  0.441714  0.318526  0.260919  0.454247  0.045752  0.456576  0.000000 0.0  0.450358  0.243027  0.366830  0.362814  0.132845  0.483255  0.652196  0.461267  0.383408  0.127612  0.249677  0.598021  0.406274  0.147161  0.227492 
15  0.437814  0.544402  0.200607  0.403359  0.064534  0.502085  0.106669  0.283160  0.000000  0.351318  0.481471  0.286116  0.035627  0.496747  0.450358 0.0  0.420437  0.088197  0.000000  0.412329  0.104620  0.637559  0.003709  0.127116  0.406360  0.361617  0.904974  0.383997  0.444068  0.384028 
16  0.363977  0.910613  0.266069  0.159589  0.414989  0.940202  0.494813  0.448828  0.632294  0.092682  0.204488  0.134058  0.613308  0.249457  0.243027  0.420437 0.0  0.545133  0.342219  0.043125  0.336675  0.581703  0.445498  0.434996  0.161808  0.257614  0.609713  0.284011  0.216711  0.000000 
17  0.312954  0.649003  0.176102  0.408431  0.238068  0.788352  0.242962  0.482503  0.192841  0.352770  0.275472  0.372006  0.192363  0.563071  0.366830  0.088197  0.545133 0.0  0.260338  0.302523  0.170863  0.592895  0.203803  0.165827  0.419294  0.286047  0.990071  0.342637  0.645749  0.414466 
18  0.309931  0.668256  0.090559  0.281447  0.175384  0.517646  0.260639  0.349877  0.240495  0.365056  0.339750  0.282800  0.214210  0.487341  0.362814  0.000000  0.342219  0.260338 0.0  0.276777  0.180522  0.570553  0.317390  0.254563  0.412031  0.321847  0.903760  0.345927  0.417215  0.385821 
19  0.374536  0.791820  0.331858  0.153085  0.361667  0.692756  0.268208  0.341049  0.372887  0.300638  0.373298  0.134644  0.299970  0.113515  0.132845  0.412329  0.043125  0.302523  0.276777 0.0  0.312075  0.634273  0.386808  0.443727  0.183441  0.253894  0.571283  0.516552  0.099921  0.290698 
20  0.468187  0.513906  0.189533  0.294106  0.009975  0.487466  0.074211  0.314372  0.088563  0.375201  0.423946  0.327393  0.000000  0.276487  0.483255  0.104620  0.336675  0.170863  0.180522  0.312075 0.0  0.640108  0.000000  0.074815  0.473044  0.340873  0.796378  0.404612  0.370249  0.317253 
21  0.409495  0.554648  0.466891  0.502661  0.529832  0.486472  0.591887  0.771300  0.532925  0.630235  0.307623  0.517108  0.604858  0.441706  0.652196  0.637559  0.581703  0.592895  0.570553  0.634273  0.640108 0.0  0.557775  0.569829  0.603047  0.615888  0.736674  0.545549  0.579152  0.525199 
22  0.377038  0.611592  0.017897  0.308524  0.310660  0.692201  0.139661  0.357329  0.178691  0.230728  0.410914  0.373049  0.226947  0.522393  0.461267  0.003709  0.445498  0.203803  0.317390  0.386808  0.000000  0.557775 0.0  0.242533  0.561232  0.306456  0.888931  0.327214  0.467404  0.348746 
23  0.288043  0.645240  0.108408  0.393971  0.197652  0.636640  0.295334  0.386704  0.413014  0.372286  0.389820  0.324731  0.253509  0.537913  0.383408  0.127116  0.434996  0.165827  0.254563  0.443727  0.074815  0.569829  0.242533 0.0  0.517088  0.214435  0.849852  0.497648  0.387682  0.355782 
24  0.508628  0.845148  0.360222  0.234758  0.439667  1.000000  0.444298  0.397885  0.418917  0.182367  0.414760  0.131597  0.495371  0.117723  0.127612  0.406360  0.161808  0.419294  0.412031  0.183441  0.473044  0.603047  0.561232  0.517088 0.0  0.292286  0.529313  0.459104  0.094114  0.150737 
25  0.308241  0.707334  0.245406  0.276886  0.341701  0.803677  0.316034  0.260742  0.270002  0.225939  0.210504  0.283311  0.426901  0.267308  0.249677  0.361617  0.257614  0.286047  0.321847  0.253894  0.340873  0.615888  0.306456  0.214435  0.292286 0.0  0.685751  0.299873  0.349944  0.323248 
26  0.837507  0.578792  0.881376  0.495181  0.840538  0.967096  0.915923  0.901209  0.903975  0.595715  0.879046  0.558392  0.767563  0.571907  0.598021  0.904974  0.609713  0.990071  0.903760  0.571283  0.796378  0.736674  0.888931  0.849852  0.529313  0.685751 0.0  0.887601  0.531339  0.587696 
27  0.316799  0.850368  0.396337  0.569792  0.428273  0.725897  0.403018  0.012739  0.356083  0.513726  0.375635  0.534795  0.343833  0.269249  0.406274  0.383997  0.284011  0.342637  0.345927  0.516552  0.404612  0.545549  0.327214  0.497648  0.459104  0.299873  0.887601 0.0  0.258442  0.578952 
28  0.363547  0.823363  0.356945  0.127354  0.644725  0.957124  0.646364  0.446498  0.611643  0.144053  0.416418  0.136154  0.515424  0.201447  0.147161  0.444068  0.216711  0.645749  0.417215  0.099921  0.370249  0.579152  0.467404  0.387682  0.094114  0.349944  0.531339  0.258442 0.0  0.160848 
29  0.414917  0.687851  0.359074  0.227893  0.275653  0.984681  0.261691  0.314550  0.418140  0.071455  0.415462  0.166513  0.272680  0.118576  0.227492  0.384028  0.000000  0.414466  0.385821  0.290698  0.317253  0.525199  0.348746  0.355782  0.150737  0.323248  0.587696  0.578952  0.160848 0.0 
