30
0 0.0  0.571648  0.474268  0.553567  0.546129  0.646059  0.707304  0.748102  0.676512  0.559442  0.599671  0.677663  0.631156  0.647487  0.569370  0.568265  0.602202  0.648184  0.542353  0.584447  0.631607  0.690027  0.534611  0.522485  0.552341  0.528555  0.653208  0.234879  0.490202  0.610376 
1  0.571648 0.0  0.181340  0.459824  0.445406  0.320992  0.086228  0.318167  0.484138  0.371930  0.187114  0.495925  0.298676  0.823044  0.469742  0.479190  0.883477  0.338606  0.670902  0.581443  0.450074  0.316686  0.243345  0.198370  0.308109  0.015054  0.482803  0.582636  0.384069  0.437486 
2  0.474268  0.181340 0.0  0.474277  0.270884  0.397149  0.249348  0.411890  0.285201  0.406096  0.060378  0.529170  0.323507  0.847662  0.495804  0.492686  0.934471  0.457467  0.586634  0.471406  0.365585  0.418873  0.260261  0.147050  0.053819  0.070492  0.571216  0.539445  0.303182  0.404341 
3  0.553567  0.459824  0.474277 0.0  0.275308  0.071080  0.337587  0.159498  0.085327  0.437977  0.416101  0.802685  0.080046  0.586490  0.186188  0.539976  0.699865  0.240399  0.944986  0.290696  0.059563  0.034850  0.528946  0.462151  0.557072  0.365810  0.207914  0.447030  0.000000  0.077445 
4  0.546129  0.445406  0.270884  0.275308 0.0  0.620090  0.341431  0.677792  0.475435  0.257143  0.458447  0.806381  0.438107  0.924558  0.394432  0.564334  0.929278  0.337968  0.655497  0.322635  0.502192  0.511394  0.291715  0.337198  0.294023  0.377451  0.315759  0.307188  0.480124  0.477127 
5  0.646059  0.320992  0.397149  0.071080  0.620090 0.0  0.396038  0.217279  0.257762  0.588770  0.417294  0.779861  0.224413  0.616167  0.062466  0.681487  0.621327  0.064671  0.910621  0.188088  0.384415  0.269605  0.328883  0.458534  0.308357  0.354774  0.100864  0.371848  0.200544  0.176253 
6  0.707304  0.086228  0.249348  0.337587  0.341431  0.396038 0.0  0.517946  0.447956  0.358699  0.121018  0.645252  0.264317  0.903408  0.347764  0.505395  0.849335  0.377748  0.558263  0.453614  0.394178  0.394337  0.146316  0.183319  0.160375  0.272951  0.430370  0.237715  0.439957  0.371902 
7  0.748102  0.318167  0.411890  0.159498  0.677792  0.217279  0.517946 0.0  0.186157  0.413485  0.323365  0.636834  0.112635  0.528880  0.189250  0.534504  0.553606  0.023431  0.854892  0.119054  0.166562  0.293675  0.372336  0.427251  0.278623  0.378376  0.103460  0.394836  0.185524  0.228963 
8  0.676512  0.484138  0.285201  0.085327  0.475435  0.257762  0.447956  0.186157 0.0  0.456589  0.333553  0.879485  0.000000  0.560664  0.208678  0.529251  0.561692  0.144373  0.924055  0.068053  0.122797  0.138529  0.429452  0.380035  0.373015  0.302051  0.142936  0.372171  0.120806  0.112691 
9  0.559442  0.371930  0.406096  0.437977  0.257143  0.588770  0.358699  0.413485  0.456589 0.0  0.484502  0.791612  0.507695  0.858191  0.441359  0.438847  0.935304  0.296945  0.815112  0.299826  0.413564  0.548992  0.419251  0.347864  0.426723  0.319323  0.295338  0.340993  0.494378  0.504166 
10  0.599671  0.187114  0.060378  0.416101  0.458447  0.417294  0.121018  0.323365  0.333553  0.484502 0.0  0.532344  0.447725  0.810909  0.469430  0.475678  0.923804  0.404169  0.590042  0.443243  0.408783  0.416327  0.284089  0.177990  0.139381  0.196519  0.468110  0.410467  0.371803  0.431790 
11  0.677663  0.495925  0.529170  0.802685  0.806381  0.779861  0.645252  0.636834  0.879485  0.791612  0.532344 0.0  0.759579  0.822757  0.732024  0.554038  0.421146  0.810904  0.119727  0.692478  0.875693  0.855031  0.481737  0.649502  0.553345  0.549475  0.805950  0.760496  0.776770  0.727499 
12  0.631156  0.298676  0.323507  0.080046  0.438107  0.224413  0.264317  0.112635  0.000000  0.507695  0.447725  0.759579 0.0  0.582398  0.119038  0.567786  0.446713  0.000000  0.822984  0.012500  0.200668  0.261784  0.428671  0.203692  0.468060  0.384504  0.043256  0.403864  0.252026  0.257491 
13  0.647487  0.823044  0.847662  0.586490  0.924558  0.616167  0.903408  0.528880  0.560664  0.858191  0.810909  0.822757  0.582398 0.0  0.522503  0.599917  0.664482  0.569705  0.911827  0.522603  0.590614  0.528242  0.863958  0.916096  0.812200  0.870787  0.663198  0.875796  0.627153  0.606074 
14  0.569370  0.469742  0.495804  0.186188  0.394432  0.062466  0.347764  0.189250  0.208678  0.441359  0.469430  0.732024  0.119038  0.522503 0.0  0.510977  0.713546  0.206233  0.930459  0.135642  0.107220  0.011164  0.435137  0.464054  0.555271  0.380061  0.277222  0.567717  0.165366  0.109975 
15  0.568265  0.479190  0.492686  0.539976  0.564334  0.681487  0.505395  0.534504  0.529251  0.438847  0.475678  0.554038  0.567786  0.599917  0.510977 0.0  0.451594  0.434796  0.512207  0.466306  0.539249  0.565607  0.612814  0.553386  0.535699  0.387973  0.539732  0.608939  0.525684  0.410306 
16  0.602202  0.883477  0.934471  0.699865  0.929278  0.621327  0.849335  0.553606  0.561692  0.935304  0.923804  0.421146  0.446713  0.664482  0.713546  0.451594 0.0  0.547413  0.435381  0.662804  0.605336  0.548048  0.821614  0.788333  0.797012  1.000000  0.562703  0.871231  0.630166  0.563611 
17  0.648184  0.338606  0.457467  0.240399  0.337968  0.064671  0.377748  0.023431  0.144373  0.296945  0.404169  0.810904  0.000000  0.569705  0.206233  0.434796  0.547413 0.0  0.834577  0.172614  0.140526  0.048819  0.450430  0.399952  0.541194  0.284055  0.281241  0.515811  0.012429  0.157424 
18  0.542353  0.670902  0.586634  0.944986  0.655497  0.910621  0.558263  0.854892  0.924055  0.815112  0.590042  0.119727  0.822984  0.911827  0.930459  0.512207  0.435381  0.834577 0.0  0.957775  0.792963  0.814087  0.674366  0.751812  0.613814  0.553185  0.976787  0.929930  0.776251  0.748392 
19  0.584447  0.581443  0.471406  0.290696  0.322635  0.188088  0.453614  0.119054  0.068053  0.299826  0.443243  0.692478  0.012500  0.522603  0.135642  0.466306  0.662804  0.172614  0.957775 0.0  0.090424  0.094594  0.571432  0.473942  0.593906  0.331980  0.240085  0.456067  0.150804  0.073904 
20  0.631607  0.450074  0.365585  0.059563  0.502192  0.384415  0.394178  0.166562  0.122797  0.413564  0.408783  0.875693  0.200668  0.590614  0.107220  0.539249  0.605336  0.140526  0.792963  0.090424 0.0  0.257176  0.373857  0.387716  0.328645  0.287178  0.000000  0.453723  0.258098  0.282169 
21  0.690027  0.316686  0.418873  0.034850  0.511394  0.269605  0.394337  0.293675  0.138529  0.548992  0.416327  0.855031  0.261784  0.528242  0.011164  0.565607  0.548048  0.048819  0.814087  0.094594  0.257176 0.0  0.213630  0.384732  0.301004  0.422865  0.124151  0.299561  0.197078  0.243405 
22  0.534611  0.243345  0.260261  0.528946  0.291715  0.328883  0.146316  0.372336  0.429452  0.419251  0.284089  0.481737  0.428671  0.863958  0.435137  0.612814  0.821614  0.450430  0.674366  0.571432  0.373857  0.213630 0.0  0.206135  0.168987  0.118012  0.539745  0.447463  0.306143  0.418015 
23  0.522485  0.198370  0.147050  0.462151  0.337198  0.458534  0.183319  0.427251  0.380035  0.347864  0.177990  0.649502  0.203692  0.916096  0.464054  0.553386  0.788333  0.399952  0.751812  0.473942  0.387716  0.384732  0.206135 0.0  0.326756  0.122687  0.567125  0.532955  0.385048  0.324427 
24  0.552341  0.308109  0.053819  0.557072  0.294023  0.308357  0.160375  0.278623  0.373015  0.426723  0.139381  0.553345  0.468060  0.812200  0.555271  0.535699  0.797012  0.541194  0.613814  0.593906  0.328645  0.301004  0.168987  0.326756 0.0  0.181753  0.483902  0.485672  0.355541  0.333178 
25  0.528555  0.015054  0.070492  0.365810  0.377451  0.354774  0.272951  0.378376  0.302051  0.319323  0.196519  0.549475  0.384504  0.870787  0.380061  0.387973  1.000000  0.284055  0.553185  0.331980  0.287178  0.422865  0.118012  0.122687  0.181753 0.0  0.437566  0.312751  0.189803  0.317018 
26  0.653208  0.482803  0.571216  0.207914  0.315759  0.100864  0.430370  0.103460  0.142936  0.295338  0.468110  0.805950  0.043256  0.663198  0.277222  0.539732  0.562703  0.281241  0.976787  0.240085  0.000000  0.124151  0.539745  0.567125  0.483902  0.437566 0.0  0.499018  0.068382  0.091108 
27  0.234879  0.582636  0.539445  0.447030  0.307188  0.371848  0.237715  0.394836  0.372171  0.340993  0.410467  0.760496  0.403864  0.875796  0.567717  0.608939  0.871231  0.515811  0.929930  0.456067  0.453723  0.299561  0.447463  0.532955  0.485672  0.312751  0.499018 0.0  0.405705  0.411895 
28  0.490202  0.384069  0.303182  0.000000  0.480124  0.200544  0.439957  0.185524  0.120806  0.494378  0.371803  0.776770  0.252026  0.627153  0.165366  0.525684  0.630166  0.012429  0.776251  0.150804  0.258098  0.197078  0.306143  0.385048  0.355541  0.189803  0.068382  0.405705 0.0  0.167079 
29  0.610376  0.437486  0.404341  0.077445  0.477127  0.176253  0.371902  0.228963  0.112691  0.504166  0.431790  0.727499  0.257491  0.606074  0.109975  0.410306  0.563611  0.157424  0.748392  0.073904  0.282169  0.243405  0.418015  0.324427  0.333178  0.317018  0.091108  0.411895  0.167079 0.0 
