30
0 0.0  0.378538  0.388368  0.547966  0.506059  0.685133  0.384893  0.300694  0.726381  0.659642  0.704118  0.749757  0.249713  0.654066  0.609574  0.591785  0.653604  0.587988  0.405389  0.644458  0.383436  0.420750  0.272784  0.673764  0.604967  0.693666  0.250329  0.580444  0.477023  0.237229 
1  0.378538 0.0  0.094297  0.313492  0.363742  0.438981  0.151269  0.051198  0.519499  0.394230  0.366906  0.838294  0.119934  0.400593  0.380394  0.401405  0.448217  0.474078  0.158453  0.390561  0.593143  0.240949  0.252805  0.879630  0.442704  0.525769  0.168253  0.409680  0.233989  0.130442 
2  0.388368  0.094297 0.0  0.436911  0.206410  0.373198  0.205842  0.112299  0.367285  0.371140  0.195695  0.792673  0.267352  0.271559  0.245333  0.331636  0.369646  0.448937  0.128215  0.414191  0.479106  0.301561  0.128871  0.764553  0.307680  0.372484  0.216424  0.248983  0.104927  0.212214 
3  0.547966  0.313492  0.436911 0.0  0.069174  0.452007  0.449319  0.467236  0.403112  0.276885  0.327354  0.776043  0.439135  0.303842  0.283573  0.338636  0.323006  0.350380  0.372311  0.420363  0.836114  0.530479  0.499726  0.783499  0.240804  0.257889  0.535168  0.380383  0.268949  0.566710 
4  0.506059  0.363742  0.206410  0.069174 0.0  0.438933  0.341864  0.392297  0.378856  0.494290  0.344548  0.774256  0.304383  0.358677  0.381033  0.446351  0.422228  0.329093  0.412897  0.348955  0.788444  0.624036  0.366845  0.852103  0.361647  0.350809  0.352566  0.382650  0.320688  0.345806 
5  0.685133  0.438981  0.373198  0.452007  0.438933 0.0  0.586674  0.508829  0.416016  0.136143  0.232877  0.452794  0.527738  0.092726  0.173255  0.441629  0.104915  0.237343  0.382334  0.138327  0.860671  0.653601  0.471714  0.503217  0.113773  0.155411  0.459476  0.151417  0.428084  0.376023 
6  0.384893  0.151269  0.205842  0.449319  0.341864  0.586674 0.0  0.181461  0.316834  0.228475  0.357004  0.640715  0.166495  0.284657  0.251367  0.309623  0.310153  0.454051  0.153854  0.347969  0.517206  0.331492  0.198762  0.687546  0.420212  0.144734  0.193355  0.362831  0.169871  0.118116 
7  0.300694  0.051198  0.112299  0.467236  0.392297  0.508829  0.181461 0.0  0.268683  0.298633  0.351621  0.755319  0.213044  0.319635  0.391846  0.409095  0.378950  0.388548  0.168328  0.288976  0.617095  0.348955  0.157794  0.714997  0.331449  0.451713  0.255232  0.331931  0.161719  0.230955 
8  0.726381  0.519499  0.367285  0.403112  0.378856  0.416016  0.316834  0.268683 0.0  0.371671  0.483215  0.853730  0.445354  0.371654  0.384037  0.067638  0.519088  0.328627  0.404616  0.386399  0.805344  0.664095  0.374470  0.920809  0.380580  0.459334  0.350949  0.555166  0.481290  0.268772 
9  0.659642  0.394230  0.371140  0.276885  0.494290  0.136143  0.228475  0.298633  0.371671 0.0  0.179881  0.620813  0.368871  0.257648  0.076000  0.293799  0.197182  0.014702  0.362198  0.034577  0.761280  0.656880  0.370995  0.576493  0.045929  0.237723  0.304658  0.184883  0.506183  0.330919 
10  0.704118  0.366906  0.195695  0.327354  0.344548  0.232877  0.357004  0.351621  0.483215  0.179881 0.0  0.605180  0.391228  0.266579  0.060242  0.197271  0.252245  0.039866  0.416950  0.168616  0.848780  0.667892  0.259973  0.508507  0.000000  0.233809  0.379341  0.136595  0.541618  0.316692 
11  0.749757  0.838294  0.792673  0.776043  0.774256  0.452794  0.640715  0.755319  0.853730  0.620813  0.605180 0.0  0.755549  0.613216  0.509614  0.858887  0.646878  0.440275  0.886396  0.679588  0.728249  0.610282  0.729567  0.737870  0.336865  0.673930  0.785840  0.716066  1.000000  0.861727 
12  0.249713  0.119934  0.267352  0.439135  0.304383  0.527738  0.166495  0.213044  0.445354  0.368871  0.391228  0.755549 0.0  0.315373  0.336663  0.295870  0.347742  0.408778  0.193436  0.304535  0.541690  0.353402  0.188006  0.753403  0.354553  0.387940  0.121691  0.338087  0.136137  0.201648 
13  0.654066  0.400593  0.271559  0.303842  0.358677  0.092726  0.284657  0.319635  0.371654  0.257648  0.266579  0.613216  0.315373 0.0  0.168972  0.454281  0.252192  0.000000  0.325938  0.210687  0.822831  0.703254  0.420977  0.544996  0.071815  0.125754  0.321534  0.128997  0.574342  0.383808 
14  0.609574  0.380394  0.245333  0.283573  0.381033  0.173255  0.251367  0.391846  0.384037  0.076000  0.060242  0.509614  0.336663  0.168972 0.0  0.417936  0.060322  0.231139  0.357210  0.098846  0.776253  0.621756  0.362250  0.567785  0.082649  0.117169  0.333838  0.077840  0.437877  0.337238 
15  0.591785  0.401405  0.331636  0.338636  0.446351  0.441629  0.309623  0.409095  0.067638  0.293799  0.197271  0.858887  0.295870  0.454281  0.417936 0.0  0.289367  0.418579  0.456283  0.329030  0.798039  0.562054  0.394806  0.745361  0.342625  0.412425  0.319258  0.291744  0.419730  0.388285 
16  0.653604  0.448217  0.369646  0.323006  0.422228  0.104915  0.310153  0.378950  0.519088  0.197182  0.252245  0.646878  0.347742  0.252192  0.060322  0.289367 0.0  0.021349  0.304803  0.229495  0.796800  0.756422  0.390743  0.709174  0.003680  0.215974  0.450880  0.158496  0.471866  0.260209 
17  0.587988  0.474078  0.448937  0.350380  0.329093  0.237343  0.454051  0.388548  0.328627  0.014702  0.039866  0.440275  0.408778  0.000000  0.231139  0.418579  0.021349 0.0  0.425751  0.080495  0.854981  0.571037  0.342501  0.607276  0.010502  0.000000  0.185988  0.072421  0.401054  0.275001 
18  0.405389  0.158453  0.128215  0.372311  0.412897  0.382334  0.153854  0.168328  0.404616  0.362198  0.416950  0.886396  0.193436  0.325938  0.357210  0.456283  0.304803  0.425751 0.0  0.466020  0.583853  0.364913  0.097825  0.817828  0.491394  0.448316  0.060894  0.373945  0.015908  0.218371 
19  0.644458  0.390561  0.414191  0.420363  0.348955  0.138327  0.347969  0.288976  0.386399  0.034577  0.168616  0.679588  0.304535  0.210687  0.098846  0.329030  0.229495  0.080495  0.466020 0.0  0.887972  0.690488  0.435901  0.550614  0.189163  0.145696  0.326520  0.220675  0.438546  0.329352 
20  0.383436  0.593143  0.479106  0.836114  0.788444  0.860671  0.517206  0.617095  0.805344  0.761280  0.848780  0.728249  0.541690  0.822831  0.776253  0.798039  0.796800  0.854981  0.583853  0.887972 0.0  0.370006  0.598797  0.483302  0.782318  0.824809  0.626186  0.852070  0.600577  0.562521 
21  0.420750  0.240949  0.301561  0.530479  0.624036  0.653601  0.331492  0.348955  0.664095  0.656880  0.667892  0.610282  0.353402  0.703254  0.621756  0.562054  0.756422  0.571037  0.364913  0.690488  0.370006 0.0  0.249795  0.689787  0.542184  0.703730  0.237703  0.721131  0.590411  0.354170 
22  0.272784  0.252805  0.128871  0.499726  0.366845  0.471714  0.198762  0.157794  0.374470  0.370995  0.259973  0.729567  0.188006  0.420977  0.362250  0.394806  0.390743  0.342501  0.097825  0.435901  0.598797  0.249795 0.0  0.824266  0.351732  0.309893  0.157187  0.283058  0.139483  0.079258 
23  0.673764  0.879630  0.764553  0.783499  0.852103  0.503217  0.687546  0.714997  0.920809  0.576493  0.508507  0.737870  0.753403  0.544996  0.567785  0.745361  0.709174  0.607276  0.817828  0.550614  0.483302  0.689787  0.824266 0.0  0.504728  0.648124  0.820138  0.660871  0.956825  0.669016 
24  0.604967  0.442704  0.307680  0.240804  0.361647  0.113773  0.420212  0.331449  0.380580  0.045929  0.000000  0.336865  0.354553  0.071815  0.082649  0.342625  0.003680  0.010502  0.491394  0.189163  0.782318  0.542184  0.351732  0.504728 0.0  0.170686  0.297693  0.064468  0.391752  0.371384 
25  0.693666  0.525769  0.372484  0.257889  0.350809  0.155411  0.144734  0.451713  0.459334  0.237723  0.233809  0.673930  0.387940  0.125754  0.117169  0.412425  0.215974  0.000000  0.448316  0.145696  0.824809  0.703730  0.309893  0.648124  0.170686 0.0  0.264157  0.191868  0.465478  0.304072 
26  0.250329  0.168253  0.216424  0.535168  0.352566  0.459476  0.193355  0.255232  0.350949  0.304658  0.379341  0.785840  0.121691  0.321534  0.333838  0.319258  0.450880  0.185988  0.060894  0.326520  0.626186  0.237703  0.157187  0.820138  0.297693  0.264157 0.0  0.377601  0.118142  0.167573 
27  0.580444  0.409680  0.248983  0.380383  0.382650  0.151417  0.362831  0.331931  0.555166  0.184883  0.136595  0.716066  0.338087  0.128997  0.077840  0.291744  0.158496  0.072421  0.373945  0.220675  0.852070  0.721131  0.283058  0.660871  0.064468  0.191868  0.377601 0.0  0.480992  0.230111 
28  0.477023  0.233989  0.104927  0.268949  0.320688  0.428084  0.169871  0.161719  0.481290  0.506183  0.541618  1.000000  0.136137  0.574342  0.437877  0.419730  0.471866  0.401054  0.015908  0.438546  0.600577  0.590411  0.139483  0.956825  0.391752  0.465478  0.118142  0.480992 0.0  0.000000 
29  0.237229  0.130442  0.212214  0.566710  0.345806  0.376023  0.118116  0.230955  0.268772  0.330919  0.316692  0.861727  0.201648  0.383808  0.337238  0.388285  0.260209  0.275001  0.218371  0.329352  0.562521  0.354170  0.079258  0.669016  0.371384  0.304072  0.167573  0.230111  0.000000 0.0 
