30
0 0.0  0.617286  0.717208  0.498663  0.599773  0.594148  0.898500  0.572469  0.528746  0.848766  0.521824  0.826385  0.816112  0.539026  0.780118  0.704898  0.817642  0.935078  0.770624  0.849255  0.857256  0.416789  0.810185  0.514970  0.764319  0.835657  0.466183  0.177202  0.594290  0.497323 
1  0.617286 0.0  0.515626  0.164451  0.064153  0.205974  0.434454  0.170398  0.289285  0.274641  0.094895  0.239468  0.343143  0.155786  0.407690  0.238507  0.352846  0.313945  0.371150  0.300663  0.489727  0.675761  0.256324  0.218202  0.368711  0.271927  0.312470  0.479698  0.098304  0.153053 
2  0.717208  0.515626 0.0  0.448442  0.195050  0.553796  0.361616  0.396633  0.542330  0.299501  0.385536  0.351651  0.373115  0.251774  0.266183  0.297722  0.342667  0.331406  0.340077  0.295272  0.112695  0.822027  0.403446  0.521369  0.304577  0.445940  0.532151  0.716627  0.546485  0.335651 
3  0.498663  0.164451  0.448442 0.0  0.065739  0.203851  0.322326  0.002437  0.133235  0.263951  0.207023  0.360817  0.331119  0.050384  0.413634  0.330542  0.313615  0.308697  0.258641  0.330932  0.490437  0.851529  0.378055  0.231453  0.268742  0.339565  0.255380  0.456624  0.189440  0.117559 
4  0.599773  0.064153  0.195050  0.065739 0.0  0.152289  0.405534  0.164870  0.018198  0.471159  0.180059  0.415015  0.476846  0.197773  0.296846  0.238421  0.342676  0.510498  0.432316  0.433995  0.371829  0.744950  0.558358  0.077984  0.572000  0.511949  0.347277  0.570102  0.072835  0.246693 
5  0.594148  0.205974  0.553796  0.203851  0.152289 0.0  0.310427  0.047016  0.277488  0.370135  0.207402  0.273517  0.339342  0.135843  0.404427  0.287065  0.304551  0.352962  0.314304  0.291431  0.461323  0.787507  0.461437  0.264569  0.504048  0.315482  0.293880  0.527890  0.182190  0.059879 
6  0.898500  0.434454  0.361616  0.322326  0.405534  0.310427 0.0  0.441666  0.287288  0.271195  0.324203  0.396344  0.192037  0.500678  0.084364  0.089020  0.072567  0.177285  0.258604  0.255727  0.320500  0.473147  0.299168  0.443581  0.274856  0.287877  0.742434  0.846738  0.293045  0.413386 
7  0.572469  0.170398  0.396633  0.002437  0.164870  0.047016  0.441666 0.0  0.098391  0.569746  0.077318  0.332172  0.467172  0.231502  0.365086  0.307828  0.315549  0.566577  0.472780  0.418126  0.263704  0.844440  0.439766  0.140083  0.565196  0.649940  0.365701  0.578893  0.000000  0.328022 
8  0.528746  0.289285  0.542330  0.133235  0.018198  0.277488  0.287288  0.098391 0.0  0.329614  0.189788  0.265079  0.209175  0.113444  0.400565  0.274587  0.280198  0.402647  0.327231  0.315273  0.511230  0.711978  0.293189  0.215127  0.287904  0.300054  0.227687  0.480606  0.271152  0.044302 
9  0.848766  0.274641  0.299501  0.263951  0.471159  0.370135  0.271195  0.569746  0.329614 0.0  0.324346  0.390338  0.163732  0.457307  0.076912  0.012262  0.106354  0.297776  0.249585  0.105342  0.423388  0.503318  0.233321  0.224869  0.219784  0.193801  0.628863  1.000000  0.414801  0.434496 
10  0.521824  0.094895  0.385536  0.207023  0.180059  0.207402  0.324203  0.077318  0.189788  0.324346 0.0  0.304490  0.366117  0.035322  0.431831  0.358402  0.263295  0.252107  0.233989  0.368989  0.395758  0.782043  0.315725  0.187862  0.392573  0.280770  0.261997  0.460015  0.208614  0.023767 
11  0.826385  0.239468  0.351651  0.360817  0.415015  0.273517  0.396344  0.332172  0.265079  0.390338  0.304490 0.0  0.413122  0.448349  0.321788  0.434349  0.207218  0.374461  0.320650  0.370838  0.342492  0.862434  0.467153  0.361886  0.379142  0.448895  0.594560  0.725033  0.492082  0.298393 
12  0.816112  0.343143  0.373115  0.331119  0.476846  0.339342  0.192037  0.467172  0.209175  0.163732  0.366117  0.413122 0.0  0.432776  0.086120  0.000000  0.118296  0.143833  0.164262  0.098556  0.448112  0.481021  0.271822  0.312087  0.243449  0.227726  0.749442  0.881494  0.370774  0.461764 
13  0.539026  0.155786  0.251774  0.050384  0.197773  0.135843  0.500678  0.231502  0.113444  0.457307  0.035322  0.448349  0.432776 0.0  0.351531  0.255992  0.341368  0.578749  0.391066  0.445564  0.348740  0.648433  0.464429  0.084566  0.484996  0.372060  0.425440  0.625916  0.089429  0.252181 
14  0.780118  0.407690  0.266183  0.413634  0.296846  0.404427  0.084364  0.365086  0.400565  0.076912  0.431831  0.321788  0.086120  0.351531 0.0  0.055085  0.204479  0.004404  0.010924  0.127915  0.349182  0.630029  0.181114  0.330360  0.091158  0.050518  0.551985  0.636396  0.317678  0.293066 
15  0.704898  0.238507  0.297722  0.330542  0.238421  0.287065  0.089020  0.307828  0.274587  0.012262  0.358402  0.434349  0.000000  0.255992  0.055085 0.0  0.000000  0.001723  0.057983  0.093558  0.355653  0.547433  0.096965  0.303091  0.123270  0.008568  0.590623  0.790657  0.381612  0.312187 
16  0.817642  0.352846  0.342667  0.313615  0.342676  0.304551  0.072567  0.315549  0.280198  0.106354  0.263295  0.207218  0.118296  0.341368  0.204479  0.000000 0.0  0.114450  0.060297  0.078719  0.309765  0.604996  0.064887  0.405513  0.088755  0.037885  0.605125  0.770039  0.378020  0.257200 
17  0.935078  0.313945  0.331406  0.308697  0.510498  0.352962  0.177285  0.566577  0.402647  0.297776  0.252107  0.374461  0.143833  0.578749  0.004404  0.001723  0.114450 0.0  0.221941  0.161596  0.302453  0.620644  0.157820  0.386174  0.217102  0.294387  0.680044  0.917869  0.305161  0.357703 
18  0.770624  0.371150  0.340077  0.258641  0.432316  0.314304  0.258604  0.472780  0.327231  0.249585  0.233989  0.320650  0.164262  0.391066  0.010924  0.057983  0.060297  0.221941 0.0  0.098915  0.270817  0.510715  0.194821  0.299714  0.253022  0.198564  0.637674  0.875229  0.356343  0.502055 
19  0.849255  0.300663  0.295272  0.330932  0.433995  0.291431  0.255727  0.418126  0.315273  0.105342  0.368989  0.370838  0.098556  0.445564  0.127915  0.093558  0.078719  0.161596  0.098915 0.0  0.404325  0.504791  0.274616  0.413371  0.170507  0.276677  0.648638  0.874615  0.351520  0.433836 
20  0.857256  0.489727  0.112695  0.490437  0.371829  0.461323  0.320500  0.263704  0.511230  0.423388  0.395758  0.342492  0.448112  0.348740  0.349182  0.355653  0.309765  0.302453  0.270817  0.404325 0.0  0.847020  0.408115  0.415934  0.284955  0.318593  0.581890  0.706143  0.502661  0.295694 
21  0.416789  0.675761  0.822027  0.851529  0.744950  0.787507  0.473147  0.844440  0.711978  0.503318  0.782043  0.862434  0.481021  0.648433  0.630029  0.547433  0.604996  0.620644  0.510715  0.504791  0.847020 0.0  0.371086  0.822173  0.455576  0.653848  0.516229  0.294451  0.858364  0.758484 
22  0.810185  0.256324  0.403446  0.378055  0.558358  0.461437  0.299168  0.439766  0.293189  0.233321  0.315725  0.467153  0.271822  0.464429  0.181114  0.096965  0.064887  0.157820  0.194821  0.274616  0.408115  0.371086 0.0  0.335619  0.141644  0.209251  0.586183  0.838869  0.434279  0.483399 
23  0.514970  0.218202  0.521369  0.231453  0.077984  0.264569  0.443581  0.140083  0.215127  0.224869  0.187862  0.361886  0.312087  0.084566  0.330360  0.303091  0.405513  0.386174  0.299714  0.413371  0.415934  0.822173  0.335619 0.0  0.311819  0.342294  0.266130  0.434750  0.233082  0.119884 
24  0.764319  0.368711  0.304577  0.268742  0.572000  0.504048  0.274856  0.565196  0.287904  0.219784  0.392573  0.379142  0.243449  0.484996  0.091158  0.123270  0.088755  0.217102  0.253022  0.170507  0.284955  0.455576  0.141644  0.311819 0.0  0.207176  0.626167  0.756415  0.445763  0.509046 
25  0.835657  0.271927  0.445940  0.339565  0.511949  0.315482  0.287877  0.649940  0.300054  0.193801  0.280770  0.448895  0.227726  0.372060  0.050518  0.008568  0.037885  0.294387  0.198564  0.276677  0.318593  0.653848  0.209251  0.342294  0.207176 0.0  0.742756  0.863718  0.377012  0.466840 
26  0.466183  0.312470  0.532151  0.255380  0.347277  0.293880  0.742434  0.365701  0.227687  0.628863  0.261997  0.594560  0.749442  0.425440  0.551985  0.590623  0.605125  0.680044  0.637674  0.648638  0.581890  0.516229  0.586183  0.266130  0.626167  0.742756 0.0  0.355272  0.292683  0.298358 
27  0.177202  0.479698  0.716627  0.456624  0.570102  0.527890  0.846738  0.578893  0.480606  1.000000  0.460015  0.725033  0.881494  0.625916  0.636396  0.790657  0.770039  0.917869  0.875229  0.874615  0.706143  0.294451  0.838869  0.434750  0.756415  0.863718  0.355272 0.0  0.549009  0.681870 
28  0.594290  0.098304  0.546485  0.189440  0.072835  0.182190  0.293045  0.000000  0.271152  0.414801  0.208614  0.492082  0.370774  0.089429  0.317678  0.381612  0.378020  0.305161  0.356343  0.351520  0.502661  0.858364  0.434279  0.233082  0.445763  0.377012  0.292683  0.549009 0.0  0.141784 
29  0.497323  0.153053  0.335651  0.117559  0.246693  0.059879  0.413386  0.328022  0.044302  0.434496  0.023767  0.298393  0.461764  0.252181  0.293066  0.312187  0.257200  0.357703  0.502055  0.433836  0.295694  0.758484  0.483399  0.119884  0.509046  0.466840  0.298358  0.681870  0.141784 0.0 
