30
0 0.0  0.337634  0.382958  0.438005  0.356262  0.971457  0.415471  0.298468  0.136194  0.392485  0.071748  0.347431  0.091350  0.448826  0.384860  0.239744  0.215107  0.512996  0.234434  0.226649  0.336637  0.723067  0.095783  0.579027  0.102805  0.222124  0.565729  0.106689  0.264231  0.113962 
1  0.337634 0.0  0.384328  0.391111  0.396960  0.778259  0.310482  0.238943  0.377549  0.075823  0.401091  0.404773  0.264995  0.309506  0.562784  0.236757  0.304154  0.286739  0.322693  0.495999  0.471897  0.781124  0.460145  0.852507  0.348828  0.324254  0.779444  0.271578  0.484128  0.397026 
2  0.382958  0.384328 0.0  0.209181  0.197617  0.568372  0.360024  0.394560  0.466286  0.277955  0.338317  0.000000  0.538369  0.205539  0.035994  0.494308  0.437114  0.573232  0.367788  0.172288  0.167119  0.572767  0.401510  1.000000  0.420901  0.514797  0.839370  0.362832  0.125403  0.390030 
3  0.438005  0.391111  0.209181 0.0  0.170270  0.626861  0.260235  0.394344  0.387178  0.346014  0.240425  0.051893  0.530874  0.138518  0.168358  0.465342  0.484338  0.509717  0.475075  0.098873  0.138439  0.517824  0.552434  0.928022  0.473429  0.467247  0.741543  0.340528  0.095928  0.475375 
4  0.356262  0.396960  0.197617  0.170270 0.0  0.592830  0.325659  0.288395  0.323667  0.512464  0.551787  0.076678  0.447600  0.047334  0.094374  0.472219  0.318351  0.465343  0.463170  0.181829  0.126466  0.676214  0.334000  0.818763  0.393361  0.328265  0.782268  0.407366  0.189357  0.344169 
5  0.971457  0.778259  0.568372  0.626861  0.592830 0.0  0.697650  0.670741  0.921901  0.719698  0.767833  0.460124  0.840990  0.668021  0.584404  0.843254  0.842714  0.864091  0.962100  0.475410  0.573477  0.171917  0.763709  0.946918  0.827188  0.879161  0.385052  0.616881  0.534629  0.919717 
6  0.415471  0.310482  0.360024  0.260235  0.325659  0.697650 0.0  0.242700  0.293070  0.243645  0.385689  0.475707  0.269033  0.331413  0.541325  0.248873  0.327746  0.295724  0.321698  0.427515  0.434144  0.832847  0.478521  0.801552  0.381043  0.366593  0.863696  0.261736  0.404164  0.423519 
7  0.298468  0.238943  0.394560  0.394344  0.288395  0.670741  0.242700 0.0  0.415564  0.233966  0.212364  0.254791  0.250543  0.249596  0.331532  0.321837  0.387052  0.180490  0.258772  0.231622  0.264466  0.768486  0.319021  0.581919  0.295929  0.210404  0.703560  0.154405  0.295619  0.301266 
8  0.136194  0.377549  0.466286  0.387178  0.323667  0.921901  0.293070  0.415564 0.0  0.282509  0.048826  0.376252  0.195458  0.427935  0.414830  0.234432  0.211316  0.444696  0.167162  0.334791  0.381111  0.872963  0.165832  0.634601  0.178935  0.090745  0.653917  0.124793  0.452385  0.184311 
9  0.392485  0.075823  0.277955  0.346014  0.512464  0.719698  0.243645  0.233966  0.282509 0.0  0.423174  0.605094  0.435351  0.353194  0.448244  0.234082  0.337460  0.375636  0.334800  0.446655  0.400594  0.839899  0.313739  0.692918  0.455927  0.291880  0.672860  0.378389  0.390103  0.354920 
10  0.071748  0.401091  0.338317  0.240425  0.551787  0.767833  0.385689  0.212364  0.048826  0.423174 0.0  0.485384  0.196075  0.415478  0.545284  0.093809  0.160294  0.474236  0.149434  0.518520  0.433494  0.867873  0.186896  0.543217  0.076470  0.084289  0.418736  0.167502  0.402759  0.130528 
11  0.347431  0.404773  0.000000  0.051893  0.076678  0.460124  0.475707  0.254791  0.376252  0.605094  0.485384 0.0  0.331497  0.106624  0.228675  0.433602  0.334785  0.281746  0.250212  0.096648  0.088117  0.516216  0.381846  0.710781  0.436737  0.301471  0.707816  0.377907  0.134815  0.404930 
12  0.091350  0.264995  0.538369  0.530874  0.447600  0.840990  0.269033  0.250543  0.195458  0.435351  0.196075  0.331497 0.0  0.537819  0.278727  0.174759  0.160338  0.495968  0.139560  0.360116  0.351664  0.736117  0.183721  0.541729  0.359738  0.145885  0.648594  0.000000  0.365840  0.157752 
13  0.448826  0.309506  0.205539  0.138518  0.047334  0.668021  0.331413  0.249596  0.427935  0.353194  0.415478  0.106624  0.537819 0.0  0.035622  0.514991  0.501684  0.430135  0.427515  0.004737  0.101171  0.546622  0.426168  0.906611  0.475708  0.483619  0.832976  0.312100  0.047162  0.543497 
14  0.384860  0.562784  0.035994  0.168358  0.094374  0.584404  0.541325  0.331532  0.414830  0.448244  0.545284  0.228675  0.278727  0.035622 0.0  0.283260  0.445940  0.355285  0.314341  0.095450  0.179490  0.527329  0.331705  0.691898  0.356372  0.392338  0.758788  0.346997  0.187643  0.356660 
15  0.239744  0.236757  0.494308  0.465342  0.472219  0.843254  0.248873  0.321837  0.234432  0.234082  0.093809  0.433602  0.174759  0.514991  0.283260 0.0  0.208038  0.540440  0.236641  0.295051  0.367492  0.892927  0.184829  0.498703  0.188593  0.171292  0.690572  0.000000  0.408747  0.134812 
16  0.215107  0.304154  0.437114  0.484338  0.318351  0.842714  0.327746  0.387052  0.211316  0.337460  0.160294  0.334785  0.160338  0.501684  0.445940  0.208038 0.0  0.471401  0.217488  0.286306  0.450248  0.777922  0.039824  0.677361  0.245942  0.162623  0.688691  0.081316  0.187409  0.187947 
17  0.512996  0.286739  0.573232  0.509717  0.465343  0.864091  0.295724  0.180490  0.444696  0.375636  0.474236  0.281746  0.495968  0.430135  0.355285  0.540440  0.471401 0.0  0.498871  0.374910  0.429799  0.806840  0.377953  0.914401  0.451942  0.488736  0.809470  0.360178  0.436172  0.508763 
18  0.234434  0.322693  0.367788  0.475075  0.463170  0.962100  0.321698  0.258772  0.167162  0.334800  0.149434  0.250212  0.139560  0.427515  0.314341  0.236641  0.217488  0.498871 0.0  0.391048  0.530629  0.787301  0.143197  0.615653  0.098271  0.171697  0.616021  0.232757  0.359077  0.233742 
19  0.226649  0.495999  0.172288  0.098873  0.181829  0.475410  0.427515  0.231622  0.334791  0.446655  0.518520  0.096648  0.360116  0.004737  0.095450  0.295051  0.286306  0.374910  0.391048 0.0  0.164005  0.559594  0.429046  0.745973  0.384283  0.308620  0.758501  0.225655  0.277651  0.368875 
20  0.336637  0.471897  0.167119  0.138439  0.126466  0.573477  0.434144  0.264466  0.381111  0.400594  0.433494  0.088117  0.351664  0.101171  0.179490  0.367492  0.450248  0.429799  0.530629  0.164005 0.0  0.519209  0.407611  0.829854  0.438791  0.401561  0.793324  0.369431  0.135343  0.344651 
21  0.723067  0.781124  0.572767  0.517824  0.676214  0.171917  0.832847  0.768486  0.872963  0.839899  0.867873  0.516216  0.736117  0.546622  0.527329  0.892927  0.777922  0.806840  0.787301  0.559594  0.519209 0.0  0.831082  0.832419  0.824018  0.902208  0.409558  0.728984  0.499458  0.848050 
22  0.095783  0.460145  0.401510  0.552434  0.334000  0.763709  0.478521  0.319021  0.165832  0.313739  0.186896  0.381846  0.183721  0.426168  0.331705  0.184829  0.039824  0.377953  0.143197  0.429046  0.407611  0.831082 0.0  0.476501  0.086990  0.106028  0.446023  0.208991  0.413813  0.164360 
23  0.579027  0.852507  1.000000  0.928022  0.818763  0.946918  0.801552  0.581919  0.634601  0.692918  0.543217  0.710781  0.541729  0.906611  0.691898  0.498703  0.677361  0.914401  0.615653  0.745973  0.829854  0.832419  0.476501 0.0  0.633026  0.525381  0.671193  0.467740  0.750893  0.686223 
24  0.102805  0.348828  0.420901  0.473429  0.393361  0.827188  0.381043  0.295929  0.178935  0.455927  0.076470  0.436737  0.359738  0.475708  0.356372  0.188593  0.245942  0.451942  0.098271  0.384283  0.438791  0.824018  0.086990  0.633026 0.0  0.121700  0.640432  0.125729  0.385854  0.200465 
25  0.222124  0.324254  0.514797  0.467247  0.328265  0.879161  0.366593  0.210404  0.090745  0.291880  0.084289  0.301471  0.145885  0.483619  0.392338  0.171292  0.162623  0.488736  0.171697  0.308620  0.401561  0.902208  0.106028  0.525381  0.121700 0.0  0.660418  0.044687  0.298457  0.232032 
26  0.565729  0.779444  0.839370  0.741543  0.782268  0.385052  0.863696  0.703560  0.653917  0.672860  0.418736  0.707816  0.648594  0.832976  0.758788  0.690572  0.688691  0.809470  0.616021  0.758501  0.793324  0.409558  0.446023  0.671193  0.640432  0.660418 0.0  0.471768  0.749450  0.657877 
27  0.106689  0.271578  0.362832  0.340528  0.407366  0.616881  0.261736  0.154405  0.124793  0.378389  0.167502  0.377907  0.000000  0.312100  0.346997  0.000000  0.081316  0.360178  0.232757  0.225655  0.369431  0.728984  0.208991  0.467740  0.125729  0.044687  0.471768 0.0  0.450144  0.000000 
28  0.264231  0.484128  0.125403  0.095928  0.189357  0.534629  0.404164  0.295619  0.452385  0.390103  0.402759  0.134815  0.365840  0.047162  0.187643  0.408747  0.187409  0.436172  0.359077  0.277651  0.135343  0.499458  0.413813  0.750893  0.385854  0.298457  0.749450  0.450144 0.0  0.268834 
29  0.113962  0.397026  0.390030  0.475375  0.344169  0.919717  0.423519  0.301266  0.184311  0.354920  0.130528  0.404930  0.157752  0.543497  0.356660  0.134812  0.187947  0.508763  0.233742  0.368875  0.344651  0.848050  0.164360  0.686223  0.200465  0.232032  0.657877  0.000000  0.268834 0.0 
