197
0 0.0  0.375643  0.326632  0.208651  0.186687  0.194099  0.196651  0.349987  0.417064  0.360769  0.707505  0.380568  0.340471  0.390264  0.470475  0.399240  0.346430  0.327638  0.238188  0.438388  0.318915  0.381929  0.438930  0.375460  0.643855  0.381894  0.448554  0.376974  0.593826  0.374134  0.388106  0.436792  0.607491  0.364896  0.234159  0.350899  0.351858  0.380446  0.462019  0.359826  0.374733  0.392769  0.345443  0.372762  0.418687  0.169287  0.362118  0.394363  0.246759  0.353988  0.496583  0.262292  0.487900  0.340453  0.196724  0.441860  0.382509  0.377372  0.352646  0.246927  0.400404  0.393843  0.401374  0.412903  0.374905  0.401959  0.401859  0.389969  0.334417  0.417345  0.417819  0.391802  0.229221  0.324840  0.410024  0.427405  0.350153  0.301900  0.437082  0.424593  0.407045  0.449390  0.299403  0.365710  0.363022  0.413230  0.414506  0.641817  0.385893  0.441415  0.408503  0.395170  0.371566  0.430166  0.407936  0.408100  0.161941  0.340156  0.422618  0.472770  0.432206  0.721720  0.631108  0.410185  0.380931  0.343858  0.392887  0.755532  0.364522  0.353076  0.373870  0.397877  0.347734  0.393294  0.411089  0.654662  0.431688  0.793367  0.344258  0.343502  0.338290  0.357836  0.741163  0.439089  0.400866  0.334241  0.421482  0.361435  0.389835  0.348692  0.403275  0.327800  0.403764  0.379353  0.390238  0.420537  0.436570  0.381034  0.158509  0.335599  0.347630  0.406261  0.431564  0.373813  0.438733  0.420021  0.341091  0.325699  0.355120  0.674539  0.866972  0.458801  0.520853  0.398521  0.643403  0.456107  0.427221  0.419417  0.389287  0.465640  0.396706  0.342950  0.427957  0.462595  0.414580  0.345964  0.343885  0.279710  0.656399  0.374622  0.436066  0.361342  0.684029  0.342097  0.439777  0.403788  0.394356  0.620089  0.365724  0.385080  0.435931  0.362498  0.403301  0.423788  0.710338  0.396738  0.372937  0.525189  0.593405  0.339400  0.560633  0.433099  0.361190  0.381194  0.328314  0.460577  0.433723 
1  0.375643 0.0  0.290463  0.320419  0.347181  0.340200  0.339053  0.310427  0.287871  0.391900  0.671266  0.333931  0.270065  0.273098  0.533175  0.328201  0.247861  0.272670  0.358675  0.527212  0.428564  0.248821  0.319175  0.323651  0.590771  0.344145  0.279735  0.327391  0.653125  0.393802  0.324366  0.328990  0.746519  0.406214  0.273098  0.250139  0.350205  0.386886  0.538238  0.346436  0.293816  0.448374  0.304584  0.375746  0.266348  0.382040  0.276866  0.330055  0.373908  0.309856  0.553358  0.365690  0.514113  0.290302  0.408096  0.394583  0.422293  0.225270  0.354929  0.375906  0.322063  0.337200  0.322639  0.311192  0.331016  0.281386  0.353472  0.255529  0.290627  0.486216  0.360293  0.265253  0.266835  0.331814  0.211725  0.294143  0.326518  0.363418  0.320784  0.299584  0.330823  0.320771  0.380840  0.425357  0.389303  0.274397  0.321864  0.615850  0.339255  0.310295  0.313121  0.262084  0.283918  0.313757  0.299416  0.333905  0.349878  0.364474  0.343696  0.327746  0.419812  0.688077  0.679318  0.419942  0.330468  0.312813  0.401664  0.729418  0.377987  0.393526  0.277274  0.360263  0.295085  0.277451  0.359677  0.790345  0.319718  0.676972  0.301783  0.325535  0.293577  0.408622  0.676745  0.329055  0.392745  0.374475  0.358517  0.432013  0.325390  0.393531  0.399352  0.393094  0.352641  0.564120  0.305391  0.405178  0.381279  0.240551  0.378045  0.298285  0.281610  0.383470  0.412213  0.293723  0.301249  0.370860  0.173165  0.192121  0.244664  0.578963  0.704903  0.346199  0.390154  0.302138  0.637465  0.378886  0.338537  0.347351  0.305129  0.336745  0.307565  0.288643  0.331042  0.290414  0.324512  0.279001  0.371510  0.388668  0.874210  0.374100  0.414563  0.337732  0.653539  0.353675  0.299544  0.307486  0.320371  0.510166  0.306567  0.280595  0.601106  0.253198  0.282339  0.402369  0.665372  0.330202  0.292050  0.559548  0.637567  0.360135  0.749398  0.381770  0.364599  0.368730  0.279445  0.539458  0.436003 
2  0.326632  0.290463 0.0  0.389155  0.395998  0.362161  0.348462  0.164027  0.193205  0.433416  0.694547  0.199425  0.255780  0.233236  0.477340  0.275017  0.225188  0.221485  0.419534  0.532819  0.459288  0.271844  0.246918  0.227466  0.673778  0.238537  0.227316  0.251248  0.630916  0.369424  0.295503  0.318164  0.676801  0.421023  0.306447  0.277096  0.388989  0.377697  0.525138  0.207084  0.253265  0.381075  0.252145  0.265204  0.293581  0.319506  0.282551  0.317136  0.387516  0.210445  0.508857  0.360308  0.428950  0.283261  0.353385  0.373657  0.329197  0.306290  0.356846  0.444676  0.236503  0.320891  0.242605  0.243190  0.262026  0.264356  0.255956  0.255170  0.315509  0.432026  0.299544  0.278513  0.303141  0.307226  0.300429  0.316681  0.424567  0.396385  0.300453  0.291723  0.282196  0.274367  0.340907  0.376643  0.413788  0.222184  0.256701  0.648807  0.306609  0.265082  0.241541  0.231415  0.274013  0.275366  0.301702  0.253981  0.431079  0.430958  0.258205  0.288147  0.382122  0.826090  0.787926  0.365434  0.229224  0.172218  0.435045  0.685087  0.341288  0.381953  0.250665  0.406687  0.197256  0.241078  0.313963  0.710508  0.309068  0.675715  0.162780  0.243619  0.258328  0.388013  0.754517  0.262774  0.304856  0.353717  0.314242  0.420217  0.227160  0.398658  0.333617  0.336454  0.240764  0.547001  0.250105  0.386578  0.270783  0.212012  0.420739  0.250783  0.169984  0.605777  0.274690  0.236301  0.299149  0.438090  0.290546  0.327990  0.253719  0.599963  0.661652  0.311407  0.274193  0.317313  0.577280  0.325230  0.279744  0.262264  0.339099  0.312049  0.255090  0.243156  0.303646  0.306758  0.308807  0.246881  0.327944  0.327431  0.722167  0.380972  0.270052  0.428759  0.609140  0.336241  0.290599  0.247011  0.257222  0.659933  0.193147  0.246890  0.519628  0.168306  0.287829  0.396495  0.741976  0.297276  0.239223  0.588616  0.678752  0.400133  0.624125  0.324916  0.402684  0.279013  0.293849  0.383878  0.333797 
3  0.208651  0.320419  0.389155 0.0  0.205897  0.207994  0.171408  0.398694  0.386181  0.518465  0.727356  0.365639  0.430907  0.414055  0.471255  0.414570  0.392274  0.366854  0.198200  0.498208  0.336055  0.358728  0.340787  0.420058  0.529955  0.369222  0.414272  0.415991  0.614767  0.348027  0.447945  0.406170  0.727302  0.384810  0.283830  0.420578  0.411427  0.409068  0.569110  0.377495  0.443808  0.481842  0.458515  0.472557  0.347380  0.202270  0.377286  0.492197  0.255542  0.467551  0.538090  0.320989  0.486482  0.315656  0.208489  0.407056  0.410922  0.424204  0.411252  0.259118  0.380187  0.434446  0.426155  0.451170  0.420711  0.399147  0.375610  0.342937  0.397799  0.439146  0.452499  0.379218  0.281272  0.387112  0.435479  0.407967  0.331932  0.415924  0.400606  0.458276  0.374074  0.415589  0.355059  0.329134  0.352382  0.345198  0.432491  0.584758  0.528112  0.456728  0.477146  0.346898  0.405918  0.453245  0.436352  0.492549  0.183801  0.399898  0.424809  0.438259  0.426410  0.777945  0.731257  0.464627  0.405853  0.386398  0.403734  0.582734  0.488234  0.450249  0.450039  0.412345  0.395725  0.434073  0.418173  0.712154  0.404887  0.712061  0.395460  0.460922  0.391922  0.411235  0.642214  0.461653  0.448481  0.457636  0.424896  0.455573  0.438229  0.290959  0.492887  0.404985  0.506629  0.517989  0.395427  0.447353  0.484835  0.406218  0.155383  0.392357  0.444861  0.417601  0.436958  0.424237  0.409698  0.477750  0.316191  0.385980  0.441638  0.620749  0.779934  0.492042  0.417738  0.445680  0.606826  0.450615  0.418259  0.411281  0.428717  0.535628  0.403114  0.372242  0.412027  0.426958  0.414606  0.406089  0.360377  0.320619  0.739735  0.380855  0.530342  0.380004  0.650122  0.408649  0.416489  0.445391  0.483365  0.584430  0.419591  0.360683  0.536019  0.363044  0.379166  0.433618  0.701132  0.477848  0.409047  0.519853  0.713749  0.414645  0.650546  0.373911  0.394182  0.388385  0.356445  0.454218  0.448253 
4  0.186687  0.347181  0.395998  0.205897 0.0  0.208739  0.178977  0.398736  0.420245  0.384305  0.673521  0.407097  0.431542  0.384879  0.582786  0.410635  0.337522  0.403787  0.213417  0.417899  0.321896  0.368892  0.393278  0.422651  0.577288  0.428600  0.458802  0.367631  0.534170  0.342717  0.466522  0.436572  0.776170  0.415904  0.271530  0.372359  0.422164  0.374757  0.569165  0.414475  0.414343  0.423208  0.350936  0.320207  0.405327  0.193066  0.311704  0.506603  0.255305  0.494993  0.495777  0.309816  0.484017  0.359746  0.204018  0.379123  0.395481  0.425732  0.417574  0.256255  0.378129  0.461213  0.349448  0.487796  0.422901  0.487819  0.422427  0.335829  0.354116  0.539870  0.480840  0.305304  0.282104  0.362686  0.447946  0.479796  0.356667  0.321491  0.467774  0.516461  0.475905  0.445070  0.366926  0.415590  0.407630  0.389031  0.346363  0.675234  0.393769  0.404436  0.379237  0.401717  0.501967  0.494454  0.472687  0.368315  0.234477  0.427505  0.447294  0.386520  0.511452  0.750927  0.674815  0.403274  0.380319  0.441915  0.394544  0.710389  0.384304  0.325304  0.436322  0.443946  0.378528  0.447556  0.411606  0.539384  0.505085  0.643508  0.419000  0.400377  0.376055  0.432139  0.644577  0.362602  0.549251  0.350693  0.478424  0.467860  0.431615  0.337137  0.551771  0.470992  0.516877  0.380377  0.407442  0.398707  0.406394  0.414103  0.192541  0.436438  0.366335  0.530301  0.326586  0.447838  0.358781  0.384543  0.372726  0.384207  0.349130  0.670162  0.760689  0.427835  0.384282  0.480574  0.553541  0.439884  0.471892  0.443346  0.461186  0.454907  0.413144  0.442946  0.490306  0.504043  0.545739  0.428067  0.376239  0.312733  0.802670  0.418402  0.425312  0.371853  0.640043  0.512533  0.470493  0.437337  0.455914  0.700679  0.378013  0.409081  0.499040  0.330742  0.448978  0.353195  0.652455  0.511801  0.374452  0.533888  0.616984  0.373215  0.613242  0.560158  0.332256  0.463408  0.411411  0.424114  0.522157 
5  0.194099  0.340200  0.362161  0.207994  0.208739 0.0  0.205103  0.377295  0.416529  0.397414  0.726227  0.410033  0.435873  0.409594  0.459504  0.404855  0.339428  0.355490  0.212039  0.465985  0.326557  0.343215  0.351355  0.332801  0.702639  0.352968  0.399190  0.359656  0.723708  0.400698  0.436947  0.467760  0.565194  0.466879  0.279490  0.390399  0.360545  0.365527  0.449210  0.360969  0.338167  0.408930  0.351922  0.385200  0.370979  0.192511  0.406242  0.475761  0.274271  0.333194  0.551027  0.281451  0.489780  0.388011  0.229036  0.417376  0.408062  0.348939  0.368220  0.275965  0.321669  0.451569  0.380066  0.377954  0.417156  0.421103  0.462966  0.428138  0.328010  0.487808  0.389671  0.377795  0.320153  0.317572  0.393211  0.481410  0.341038  0.353991  0.439594  0.413045  0.419872  0.403573  0.382105  0.343399  0.327710  0.392055  0.476026  0.661280  0.447766  0.435004  0.445979  0.337342  0.411681  0.372644  0.361242  0.381666  0.223210  0.388531  0.390450  0.459404  0.472873  0.614699  0.761168  0.358361  0.411816  0.382955  0.360511  0.656796  0.435609  0.409765  0.352588  0.421245  0.398612  0.460186  0.380576  0.624512  0.455274  0.604290  0.378965  0.386052  0.373742  0.318804  0.696064  0.471751  0.467997  0.314220  0.424779  0.482204  0.419278  0.322990  0.480619  0.396972  0.449144  0.485591  0.400399  0.339341  0.442001  0.353373  0.191857  0.348328  0.394802  0.406955  0.445276  0.315960  0.377722  0.414168  0.324742  0.365613  0.378488  0.674780  0.733565  0.430479  0.435009  0.374088  0.635274  0.403975  0.375049  0.456491  0.398304  0.445691  0.395120  0.334142  0.535294  0.443969  0.448917  0.369640  0.389452  0.370086  0.612708  0.348125  0.441135  0.325130  0.680339  0.436367  0.414677  0.382219  0.379524  0.728348  0.335524  0.345808  0.400826  0.386918  0.426753  0.314814  0.588446  0.437216  0.344313  0.481952  0.663844  0.335490  0.788654  0.499464  0.355224  0.469367  0.346703  0.412561  0.515581 
6  0.196651  0.339053  0.348462  0.171408  0.178977  0.205103 0.0  0.357403  0.414042  0.364418  0.703392  0.440910  0.373942  0.464857  0.524341  0.454129  0.358153  0.424838  0.179936  0.517718  0.398654  0.334918  0.398698  0.474334  0.604492  0.460737  0.479820  0.435662  0.573893  0.369161  0.498648  0.388700  0.627019  0.452575  0.249726  0.315375  0.365276  0.351733  0.514052  0.426077  0.355479  0.386465  0.372264  0.306465  0.312303  0.179073  0.365942  0.512105  0.264879  0.418699  0.544910  0.277200  0.556213  0.350312  0.194136  0.353248  0.419521  0.380307  0.368456  0.265596  0.371301  0.435690  0.411421  0.490566  0.364347  0.468006  0.427490  0.337930  0.461639  0.493860  0.479689  0.416755  0.274627  0.443933  0.377091  0.477421  0.374906  0.382604  0.427619  0.432413  0.484776  0.462497  0.363776  0.363839  0.406045  0.423042  0.447826  0.664640  0.445037  0.396112  0.461764  0.356045  0.459849  0.395947  0.457971  0.414727  0.191131  0.452137  0.462403  0.476383  0.451841  0.637459  0.777607  0.468021  0.371221  0.419544  0.466325  0.731598  0.421152  0.376102  0.434843  0.457945  0.411658  0.365469  0.416258  0.598349  0.416525  0.770067  0.345206  0.370011  0.392381  0.373892  0.633427  0.478430  0.471495  0.426302  0.489351  0.405965  0.417200  0.329186  0.457139  0.375701  0.402761  0.452367  0.438707  0.496821  0.508696  0.438537  0.178464  0.473436  0.424294  0.419824  0.398626  0.406337  0.403231  0.452658  0.340602  0.445632  0.388983  0.582561  0.718234  0.446356  0.498040  0.483840  0.655708  0.489719  0.399989  0.381325  0.465141  0.474512  0.402840  0.489217  0.467359  0.491023  0.454708  0.355081  0.369328  0.316668  0.691761  0.398057  0.501515  0.383695  0.616222  0.413240  0.398019  0.481972  0.497181  0.701478  0.389427  0.383095  0.521334  0.407741  0.457096  0.404689  0.722737  0.450161  0.435353  0.525940  0.687469  0.407231  0.729774  0.432017  0.368993  0.478173  0.375752  0.395876  0.474905 
7  0.349987  0.310427  0.164027  0.398694  0.398736  0.377295  0.357403 0.0  0.175306  0.340116  0.652168  0.216809  0.210506  0.232957  0.537495  0.248862  0.224540  0.228658  0.449062  0.553545  0.356738  0.223015  0.207520  0.214898  0.563166  0.228778  0.264883  0.256408  0.658877  0.336393  0.269433  0.273831  0.597992  0.314791  0.275790  0.240663  0.415285  0.397189  0.610816  0.222069  0.242257  0.345098  0.229871  0.281766  0.267557  0.429452  0.258270  0.281352  0.332547  0.179860  0.511044  0.316980  0.499963  0.240543  0.432021  0.301182  0.382332  0.291091  0.444717  0.331654  0.284891  0.287491  0.270555  0.274416  0.261612  0.279891  0.201472  0.238752  0.307383  0.477706  0.276161  0.244893  0.265937  0.264115  0.314420  0.325557  0.409599  0.383811  0.345483  0.301526  0.313964  0.311179  0.438853  0.409166  0.388346  0.254993  0.199102  0.512856  0.247017  0.218986  0.280501  0.210771  0.261334  0.285318  0.219860  0.256527  0.355266  0.349070  0.325154  0.254769  0.362371  0.717922  0.714394  0.422549  0.231071  0.183284  0.385067  0.680326  0.375150  0.368226  0.228324  0.402999  0.178703  0.215717  0.291610  0.657675  0.305337  0.726228  0.181715  0.199643  0.260781  0.334028  0.855613  0.298281  0.289354  0.351904  0.329528  0.399140  0.253940  0.431686  0.298838  0.386832  0.290127  0.530100  0.233263  0.395557  0.292108  0.230572  0.360971  0.267498  0.161451  0.510172  0.296084  0.258383  0.285717  0.364331  0.286491  0.330803  0.272321  0.679897  0.669413  0.311082  0.261896  0.319270  0.678157  0.273348  0.316447  0.251209  0.307565  0.291765  0.237585  0.268262  0.318359  0.302004  0.267329  0.243965  0.336415  0.362651  0.763447  0.388410  0.310470  0.394825  0.693738  0.306153  0.311329  0.312999  0.299442  0.634102  0.203825  0.205828  0.560379  0.191127  0.291913  0.379131  0.661484  0.232113  0.197968  0.533561  0.687422  0.428146  0.721250  0.319681  0.355144  0.302933  0.276723  0.380085  0.308792 
8  0.417064  0.287871  0.193205  0.386181  0.420245  0.416529  0.414042  0.175306 0.0  0.376885  0.640005  0.216383  0.213662  0.248890  0.556189  0.287559  0.301589  0.231848  0.370293  0.536794  0.426159  0.262109  0.214229  0.234089  0.724341  0.273888  0.260678  0.229124  0.681187  0.405449  0.315066  0.287396  0.735982  0.362200  0.308293  0.260447  0.429712  0.412312  0.605607  0.250406  0.256187  0.388541  0.207626  0.327049  0.296890  0.419586  0.298308  0.368107  0.362942  0.247355  0.499526  0.422171  0.527415  0.261250  0.339000  0.458364  0.435288  0.297122  0.377372  0.380439  0.267853  0.282970  0.249302  0.306928  0.276633  0.240071  0.237245  0.243445  0.311266  0.426769  0.313074  0.265505  0.324451  0.308418  0.330613  0.238213  0.436168  0.368070  0.288098  0.282242  0.306629  0.273709  0.416871  0.420101  0.374110  0.228680  0.266283  0.579856  0.290707  0.207350  0.236115  0.230741  0.294066  0.273969  0.281841  0.228033  0.388759  0.379392  0.293355  0.252645  0.420027  0.642801  0.736590  0.484376  0.207862  0.186688  0.363274  0.672759  0.369324  0.399142  0.240613  0.396896  0.199295  0.204963  0.252894  0.794561  0.311579  0.596754  0.173565  0.225267  0.241411  0.325802  0.673047  0.347448  0.282293  0.359284  0.290182  0.398860  0.253651  0.434795  0.314485  0.354606  0.279020  0.487435  0.214625  0.408273  0.335855  0.235910  0.394271  0.306860  0.209191  0.428604  0.286717  0.269636  0.330583  0.383338  0.313263  0.323758  0.288909  0.614669  0.659112  0.307978  0.306288  0.268994  0.655877  0.321691  0.308670  0.265982  0.262578  0.296452  0.240043  0.267952  0.300317  0.338960  0.236172  0.274999  0.365266  0.402498  0.731491  0.323360  0.272715  0.433390  0.693228  0.317431  0.277221  0.262360  0.284496  0.651020  0.211292  0.220407  0.543987  0.222215  0.313382  0.367410  0.706970  0.296497  0.242788  0.518998  0.693321  0.386505  0.735442  0.268687  0.379361  0.319807  0.259727  0.370827  0.313220 
9  0.360769  0.391900  0.433416  0.518465  0.384305  0.397414  0.364418  0.340116  0.376885 0.0  0.734180  0.303670  0.430349  0.431443  0.658120  0.428415  0.330717  0.422104  0.392707  0.534018  0.334169  0.399029  0.353471  0.385792  0.753448  0.368288  0.391549  0.420841  0.695856  0.338596  0.411596  0.500188  0.685778  0.231924  0.338838  0.403103  0.364727  0.384849  0.531409  0.401432  0.360947  0.305546  0.388881  0.330083  0.381578  0.412365  0.411431  0.458758  0.352657  0.408975  0.427811  0.431729  0.504060  0.316499  0.407974  0.224204  0.204314  0.321997  0.446577  0.409916  0.291001  0.349400  0.379602  0.468411  0.440825  0.422447  0.339480  0.317600  0.344927  0.548932  0.424803  0.291618  0.258720  0.343486  0.448503  0.439744  0.377468  0.352750  0.411847  0.376344  0.412308  0.444742  0.345698  0.391872  0.311232  0.428031  0.409053  0.566132  0.456195  0.383924  0.384814  0.352449  0.362378  0.424833  0.472367  0.402951  0.479500  0.214638  0.460511  0.414081  0.203319  0.763887  0.665453  0.208500  0.387858  0.363777  0.218185  0.683841  0.252520  0.183698  0.383609  0.190588  0.431811  0.407187  0.466612  0.789607  0.446410  0.806100  0.325282  0.399210  0.344014  0.417339  0.737937  0.470854  0.500968  0.311948  0.406045  0.165335  0.382344  0.340177  0.491350  0.197776  0.382649  0.521193  0.433131  0.188046  0.476464  0.357474  0.390961  0.362058  0.325602  0.524542  0.352543  0.394146  0.328494  0.205450  0.345599  0.355852  0.360148  0.577485  0.662641  0.448577  0.358260  0.465597  0.643318  0.488983  0.413670  0.427943  0.465882  0.416530  0.386526  0.331815  0.448834  0.387485  0.377026  0.373080  0.242018  0.354484  0.694132  0.345186  0.442910  0.368273  0.674985  0.383497  0.432176  0.411613  0.388181  0.596728  0.353527  0.351097  0.504363  0.387058  0.426225  0.236163  0.793473  0.490350  0.340181  0.598221  0.751423  0.321794  0.827083  0.444145  0.319255  0.450700  0.396448  0.220059  0.470756 
10  0.707505  0.671266  0.694547  0.727356  0.673521  0.726227  0.703392  0.652168  0.640005  0.734180 0.0  0.707281  0.623461  0.844978  0.650983  0.648316  0.847757  0.632335  0.689428  0.662877  0.642614  0.676910  0.760218  0.783897  0.478032  0.810211  0.877292  0.727148  0.409520  0.644934  0.846262  0.773648  0.486976  0.743006  0.586391  0.619507  0.725460  0.671956  0.760873  0.595718  0.767026  0.680564  0.737263  0.638952  0.690277  0.726583  0.767564  0.718889  0.709831  0.818584  0.789682  0.615067  0.715459  0.733028  0.638772  0.757831  0.729849  0.808723  0.645601  0.684988  0.775668  0.693879  0.580331  0.754606  0.708245  0.659739  0.731177  0.750020  0.644109  0.670348  0.865018  0.656052  0.741982  0.670200  0.665123  0.643811  0.627299  0.607424  0.707970  0.702010  0.700724  0.753855  0.610097  0.751848  0.706319  0.682139  0.711905  0.587803  0.702759  0.771847  0.802231  0.802610  0.814803  0.806700  0.919676  0.850728  0.660888  0.747242  0.805149  0.770231  0.631289  0.449675  0.151089  0.753928  0.701571  0.707653  0.700974  0.289343  0.720739  0.730943  0.744517  0.837965  0.646983  0.837306  0.716407  0.158412  0.742053  0.160767  0.822185  0.799864  0.549036  0.669924  0.815086  0.815506  0.814336  0.711398  0.716161  0.886467  0.761501  0.611058  0.801149  0.740863  0.779398  0.677961  0.770301  0.816318  0.812355  0.695691  0.709186  0.634637  0.613892  0.669713  0.912588  0.673195  0.820719  0.687427  0.655750  0.722166  0.746018  0.741511  0.617956  0.805966  0.717821  0.802748  0.589574  0.626585  0.874761  0.810458  0.761335  0.869226  0.713374  0.699249  0.853744  0.728482  0.831141  0.715898  0.807476  0.575163  0.292989  0.760873  0.843261  0.715886  0.208479  0.744774  0.772869  0.693348  0.754737  0.684292  0.787428  0.683383  0.753408  0.759650  0.849487  0.870227  0.149200  0.822174  0.732307  0.747562  0.491330  0.608231  0.165033  0.854493  0.706567  0.710467  0.688189  0.747034  0.838805 
11  0.380568  0.333931  0.199425  0.365639  0.407097  0.410033  0.440910  0.216809  0.216383  0.303670  0.707281 0.0  0.205702  0.208264  0.521207  0.228064  0.266867  0.187706  0.464227  0.474052  0.420294  0.263681  0.162793  0.217560  0.695051  0.203710  0.230375  0.184041  0.589828  0.372923  0.283231  0.264402  0.604508  0.385937  0.318835  0.273563  0.380419  0.406877  0.588275  0.190786  0.196098  0.410839  0.209115  0.269154  0.252620  0.404476  0.242917  0.312246  0.355936  0.168552  0.456441  0.358422  0.447090  0.247360  0.368889  0.366691  0.321341  0.302117  0.442100  0.380943  0.274851  0.263418  0.211513  0.214008  0.262856  0.227003  0.184917  0.264329  0.266980  0.479518  0.309335  0.232604  0.316746  0.289516  0.302859  0.288417  0.412979  0.389319  0.256576  0.267806  0.236758  0.264533  0.451076  0.421773  0.471271  0.202949  0.243325  0.628306  0.246905  0.206049  0.236755  0.175922  0.218785  0.264649  0.252082  0.173237  0.409743  0.402440  0.250605  0.231928  0.349876  0.779552  0.736637  0.360512  0.194303  0.197107  0.344851  0.695696  0.383854  0.360101  0.167631  0.393406  0.236647  0.207620  0.264066  0.634964  0.248794  0.851090  0.228646  0.190502  0.239526  0.354022  0.646715  0.223727  0.284474  0.350057  0.239294  0.386531  0.223701  0.410273  0.310573  0.393596  0.218418  0.478260  0.192782  0.348717  0.246082  0.221329  0.418957  0.250951  0.178416  0.468551  0.225429  0.200461  0.254169  0.351434  0.310903  0.306083  0.278372  0.595782  0.746883  0.274330  0.245667  0.230539  0.607132  0.269014  0.274329  0.248734  0.266216  0.271410  0.190145  0.197060  0.308157  0.282476  0.233977  0.199420  0.365579  0.370031  0.793234  0.409958  0.275828  0.368832  0.690501  0.249594  0.252557  0.244053  0.216278  0.586999  0.167725  0.245361  0.564961  0.207199  0.244286  0.340378  0.856280  0.265403  0.232952  0.566932  0.702881  0.438565  0.715470  0.295816  0.363928  0.336702  0.286808  0.408203  0.297627 
12  0.340471  0.270065  0.255780  0.430907  0.431542  0.435873  0.373942  0.210506  0.213662  0.430349  0.623461  0.205702 0.0  0.214951  0.551032  0.202653  0.300880  0.176845  0.485401  0.455685  0.422422  0.312680  0.203934  0.186049  0.660508  0.169326  0.156332  0.198853  0.646225  0.425377  0.228542  0.213761  0.604717  0.340670  0.331033  0.261738  0.414651  0.411392  0.587355  0.223759  0.193035  0.399494  0.199508  0.255895  0.299935  0.365611  0.278293  0.276375  0.370744  0.189073  0.545837  0.370151  0.509479  0.252944  0.379068  0.401318  0.381261  0.343695  0.362636  0.390358  0.289124  0.201422  0.201665  0.169832  0.190116  0.164796  0.201094  0.257056  0.285018  0.467067  0.205249  0.232746  0.319845  0.322834  0.294674  0.199026  0.367496  0.453600  0.187859  0.180264  0.225345  0.193275  0.392624  0.414067  0.414963  0.207468  0.182293  0.694306  0.255794  0.222019  0.191086  0.163708  0.162132  0.178816  0.214270  0.190619  0.430653  0.416861  0.194246  0.211314  0.475997  0.701354  0.739171  0.368101  0.191166  0.229211  0.352528  0.668712  0.424965  0.428268  0.190014  0.337751  0.240075  0.171933  0.221556  0.766637  0.246384  0.669281  0.263505  0.200615  0.255581  0.419647  0.619774  0.268876  0.256034  0.388194  0.240984  0.416941  0.199653  0.376005  0.235094  0.374632  0.266189  0.556938  0.191702  0.415803  0.239856  0.260528  0.383005  0.190748  0.219701  0.503723  0.252127  0.162471  0.342421  0.379546  0.285116  0.237466  0.265915  0.556962  0.826804  0.233084  0.228344  0.189536  0.570443  0.256774  0.207944  0.171220  0.224406  0.271390  0.178816  0.154491  0.262042  0.195992  0.249968  0.227960  0.340059  0.347515  0.710208  0.433809  0.294376  0.431992  0.696517  0.205465  0.192323  0.192205  0.160450  0.649006  0.255195  0.184812  0.592491  0.218904  0.203033  0.380151  0.803748  0.237579  0.217226  0.520178  0.731998  0.358844  0.685330  0.244153  0.424319  0.243318  0.372304  0.372243  0.225313 
13  0.390264  0.273098  0.233236  0.414055  0.384879  0.409594  0.464857  0.232957  0.248890  0.431443  0.844978  0.208264  0.214951 0.0  0.501187  0.165317  0.230289  0.241650  0.415849  0.532545  0.439999  0.310683  0.229674  0.224980  0.725446  0.204070  0.211233  0.260891  0.747708  0.448921  0.195083  0.190744  0.824859  0.350735  0.363635  0.313126  0.413056  0.531540  0.566248  0.220654  0.225662  0.417855  0.255364  0.293405  0.329973  0.409202  0.297323  0.240553  0.370568  0.201171  0.555228  0.432647  0.495496  0.258341  0.397206  0.324256  0.361842  0.317571  0.514057  0.480642  0.302125  0.211896  0.183663  0.183271  0.189712  0.181750  0.190877  0.305010  0.324832  0.513387  0.240034  0.261429  0.352321  0.360797  0.335755  0.182168  0.446121  0.434149  0.202877  0.168375  0.196420  0.207397  0.452734  0.432009  0.490061  0.196114  0.202420  0.525408  0.201083  0.193474  0.209050  0.200814  0.171058  0.179357  0.185405  0.218069  0.420251  0.426057  0.235924  0.202058  0.384764  0.795429  0.789815  0.343929  0.232480  0.229091  0.410767  0.835078  0.418619  0.396597  0.233992  0.360018  0.276154  0.193683  0.229231  0.783247  0.196018  0.766845  0.266126  0.216532  0.271476  0.429494  0.721376  0.199064  0.242741  0.409124  0.205953  0.400250  0.193971  0.479081  0.252123  0.330680  0.235721  0.522582  0.208473  0.379824  0.206820  0.248065  0.418700  0.171723  0.221864  0.523865  0.225873  0.212285  0.318014  0.327394  0.328415  0.299731  0.297979  0.601092  0.628253  0.211935  0.212869  0.191145  0.544746  0.254057  0.225463  0.183847  0.191361  0.267593  0.237845  0.238725  0.206065  0.216605  0.214092  0.182038  0.399975  0.330674  0.779282  0.444282  0.247166  0.437097  0.874854  0.205159  0.186616  0.190594  0.214868  0.584829  0.239977  0.244710  0.513629  0.238121  0.234101  0.377737  0.779676  0.251379  0.212927  0.629879  0.655329  0.427707  0.901768  0.274725  0.450798  0.209672  0.299614  0.363015  0.267797 
14  0.470475  0.533175  0.477340  0.471255  0.582786  0.459504  0.524341  0.537495  0.556189  0.658120  0.650983  0.521207  0.551032  0.501187 0.0  0.560230  0.543575  0.565634  0.390792  0.385115  0.569970  0.492606  0.560487  0.622931  0.741391  0.562129  0.550603  0.511587  0.783993  0.597370  0.566295  0.615083  0.724347  0.533385  0.430123  0.525250  0.459578  0.504758  0.347042  0.474349  0.529296  0.588576  0.480333  0.565783  0.461022  0.502352  0.501025  0.636326  0.422202  0.520940  0.418567  0.479288  0.426087  0.586835  0.486490  0.494811  0.585803  0.487056  0.463584  0.471052  0.551148  0.694641  0.543492  0.551717  0.527957  0.586804  0.623988  0.499128  0.570889  0.472939  0.563191  0.568039  0.457577  0.506041  0.491941  0.625835  0.477031  0.552399  0.610743  0.533457  0.585381  0.624277  0.487067  0.471171  0.525376  0.553306  0.526587  0.760271  0.562411  0.452179  0.637131  0.560866  0.590045  0.586871  0.651277  0.521976  0.505977  0.491410  0.413786  0.661863  0.624788  0.667952  0.782017  0.633113  0.517654  0.469455  0.582797  0.570656  0.486013  0.511727  0.565405  0.551328  0.509229  0.571481  0.543079  0.616727  0.612244  0.686579  0.541841  0.449624  0.615607  0.473352  0.787336  0.508918  0.643746  0.559713  0.644853  0.550317  0.577524  0.528543  0.530974  0.544384  0.596308  0.279663  0.540052  0.531514  0.601396  0.567331  0.481754  0.606137  0.554479  0.334609  0.603230  0.610946  0.479162  0.568986  0.568592  0.590759  0.518502  0.794467  0.861613  0.578333  0.564359  0.640756  0.710974  0.650722  0.544027  0.633589  0.570959  0.635129  0.575430  0.562024  0.613203  0.646823  0.670909  0.620006  0.490759  0.490005  0.519060  0.496766  0.589123  0.454626  0.667154  0.634153  0.521283  0.537019  0.575637  0.604538  0.587966  0.534246  0.188355  0.595442  0.667031  0.542899  0.719296  0.639002  0.552590  0.346640  0.752737  0.502296  0.777287  0.641535  0.435143  0.631535  0.506094  0.671036  0.565234 
15  0.399240  0.328201  0.275017  0.414570  0.410635  0.404855  0.454129  0.248862  0.287559  0.428415  0.648316  0.228064  0.202653  0.165317  0.560230 0.0  0.308075  0.218186  0.451544  0.587832  0.470997  0.338799  0.214339  0.276020  0.782276  0.209775  0.196323  0.240991  0.658658  0.461046  0.185139  0.198608  0.724597  0.431111  0.349890  0.341251  0.409308  0.473024  0.629052  0.216281  0.227938  0.462874  0.238232  0.361686  0.342869  0.413421  0.315062  0.218141  0.415657  0.254756  0.628338  0.445347  0.495073  0.333702  0.378848  0.430355  0.402811  0.306057  0.471394  0.456250  0.341147  0.205694  0.191005  0.182965  0.167329  0.160560  0.265382  0.290421  0.353629  0.421666  0.168222  0.320117  0.316977  0.374845  0.310666  0.189846  0.453420  0.421831  0.176632  0.159526  0.189237  0.159289  0.452870  0.391495  0.489686  0.229375  0.195177  0.598355  0.231463  0.224780  0.205380  0.206123  0.164569  0.174506  0.175925  0.230747  0.386134  0.401049  0.180697  0.220710  0.383197  0.736840  0.780810  0.446191  0.216691  0.266307  0.404498  0.708725  0.352485  0.421245  0.224671  0.358388  0.283348  0.200977  0.217296  0.747560  0.196230  0.564274  0.283729  0.257663  0.284051  0.528225  0.612492  0.250786  0.192938  0.490486  0.196279  0.405974  0.215063  0.459964  0.237252  0.379271  0.239569  0.494030  0.251274  0.354924  0.205557  0.277355  0.400320  0.164930  0.248314  0.613758  0.238971  0.205327  0.340838  0.417096  0.298152  0.353839  0.300035  0.609340  0.722055  0.170209  0.230510  0.179913  0.578911  0.253363  0.196168  0.164818  0.188750  0.283566  0.233206  0.211973  0.182060  0.211585  0.213032  0.229863  0.414277  0.404837  0.826102  0.437554  0.260468  0.463340  0.716679  0.172270  0.173293  0.168960  0.198005  0.687066  0.266079  0.241657  0.608949  0.249232  0.206924  0.388003  0.792249  0.236027  0.219695  0.574494  0.723980  0.419933  0.819767  0.223398  0.450444  0.215728  0.358452  0.432398  0.260910 
16  0.346430  0.247861  0.225188  0.392274  0.337522  0.339428  0.358153  0.224540  0.301589  0.330717  0.847757  0.266867  0.300880  0.230289  0.543575  0.308075 0.0  0.260766  0.387918  0.411737  0.352563  0.253245  0.280540  0.268045  0.627260  0.278698  0.281373  0.258099  0.679822  0.301917  0.313081  0.295857  0.598031  0.349460  0.271441  0.260981  0.319106  0.398894  0.437037  0.252819  0.297678  0.371874  0.232594  0.211125  0.288791  0.364211  0.244295  0.391293  0.354817  0.216260  0.481396  0.366122  0.436590  0.154624  0.386424  0.350871  0.290717  0.286082  0.412149  0.360817  0.181319  0.366625  0.285455  0.306440  0.330141  0.293389  0.246779  0.272589  0.215565  0.457917  0.283694  0.232763  0.257117  0.201555  0.264736  0.325381  0.395050  0.331552  0.335676  0.300403  0.276009  0.328668  0.334063  0.379826  0.391536  0.303196  0.260918  0.564709  0.271096  0.269396  0.285337  0.231622  0.311252  0.300359  0.306020  0.268020  0.360130  0.365833  0.400224  0.273534  0.393173  0.586372  0.624807  0.368512  0.312041  0.232663  0.332183  0.767197  0.297264  0.321881  0.239012  0.318982  0.232669  0.262073  0.356410  0.778822  0.333491  0.706702  0.284433  0.277036  0.236756  0.361125  0.674990  0.316032  0.367565  0.320810  0.351542  0.337540  0.304612  0.383613  0.331193  0.360270  0.318357  0.507919  0.265505  0.354851  0.286003  0.247967  0.318879  0.254537  0.268023  0.465745  0.370826  0.271689  0.236687  0.314087  0.241445  0.256956  0.290920  0.675425  0.629868  0.342957  0.326270  0.287193  0.561898  0.378933  0.378147  0.323898  0.363993  0.344468  0.305717  0.261198  0.326563  0.279215  0.349336  0.273309  0.347980  0.355552  0.631537  0.373476  0.361359  0.409270  0.787287  0.280125  0.355109  0.262675  0.295117  0.593706  0.221873  0.272092  0.560064  0.206781  0.305826  0.308221  0.625930  0.353347  0.253629  0.552273  0.693010  0.343657  0.732341  0.350412  0.366026  0.339314  0.271050  0.368909  0.355643 
17  0.327638  0.272670  0.221485  0.366854  0.403787  0.355490  0.424838  0.228658  0.231848  0.422104  0.632335  0.187706  0.176845  0.241650  0.565634  0.218186  0.260766 0.0  0.389410  0.497411  0.429290  0.281308  0.164890  0.204392  0.671867  0.223563  0.166456  0.177303  0.638276  0.443015  0.237726  0.226553  0.660330  0.394657  0.294632  0.249762  0.408628  0.446552  0.435909  0.215971  0.220147  0.392151  0.158090  0.260240  0.259238  0.384223  0.240012  0.273871  0.370439  0.172472  0.501299  0.310248  0.402913  0.251642  0.332779  0.362194  0.347960  0.304078  0.376742  0.388304  0.312599  0.210842  0.203816  0.207673  0.210925  0.195450  0.225710  0.284583  0.316439  0.541525  0.191570  0.286887  0.302124  0.324064  0.306626  0.225028  0.388354  0.397656  0.222793  0.232221  0.219220  0.203584  0.397473  0.371472  0.432729  0.242511  0.223376  0.614011  0.237065  0.233643  0.237617  0.125019  0.208810  0.219615  0.238666  0.202826  0.348066  0.419145  0.226281  0.211163  0.409721  0.695755  0.725508  0.408573  0.220825  0.230875  0.365465  0.657176  0.415131  0.402075  0.219312  0.358151  0.228268  0.183503  0.252796  0.805968  0.220113  0.748653  0.214940  0.189029  0.249831  0.440137  0.607513  0.253241  0.249100  0.366593  0.219107  0.455125  0.227260  0.410403  0.265897  0.386044  0.228443  0.466014  0.208692  0.389738  0.278231  0.222104  0.332837  0.183593  0.210234  0.441345  0.265154  0.178812  0.280327  0.443836  0.262728  0.257399  0.298949  0.568351  0.597766  0.229396  0.215555  0.199382  0.563032  0.273459  0.218498  0.197950  0.232095  0.271568  0.228194  0.150304  0.228532  0.210932  0.255315  0.222014  0.345613  0.337585  0.662159  0.415607  0.289558  0.417092  0.698559  0.224970  0.222535  0.221637  0.178562  0.633337  0.205823  0.167291  0.533025  0.187672  0.211286  0.382536  0.708928  0.238579  0.262606  0.550785  0.756611  0.366445  0.779917  0.266120  0.403854  0.265916  0.284417  0.423227  0.274159 
18  0.238188  0.358675  0.419534  0.198200  0.213417  0.212039  0.179936  0.449062  0.370293  0.392707  0.689428  0.464227  0.485401  0.415849  0.390792  0.451544  0.387918  0.389410 0.0  0.500840  0.412156  0.352037  0.414160  0.397873  0.691639  0.434463  0.388406  0.435534  0.700298  0.352613  0.482504  0.495084  0.676906  0.424882  0.275582  0.371665  0.359732  0.420457  0.424524  0.471630  0.448225  0.455856  0.370710  0.401411  0.305635  0.203320  0.323612  0.465873  0.292654  0.420135  0.530718  0.317904  0.542756  0.441691  0.217867  0.434735  0.470233  0.365829  0.400180  0.299785  0.405809  0.563982  0.444937  0.472940  0.478104  0.498504  0.416445  0.331267  0.334345  0.492044  0.494575  0.425223  0.268184  0.520668  0.435304  0.502421  0.476087  0.390162  0.527072  0.469388  0.467019  0.477343  0.348101  0.305102  0.364545  0.412779  0.388460  0.734584  0.477226  0.384560  0.480491  0.369444  0.487939  0.481739  0.499927  0.368073  0.217023  0.431012  0.470049  0.432413  0.456465  0.606199  0.706142  0.447343  0.397268  0.400589  0.457394  0.684766  0.415114  0.385092  0.442715  0.494277  0.424276  0.394279  0.417232  0.703578  0.507230  0.697211  0.432442  0.454566  0.383721  0.411494  0.710301  0.433575  0.472908  0.453231  0.482995  0.511382  0.439923  0.446485  0.425466  0.382576  0.466294  0.458786  0.484325  0.412802  0.447739  0.437900  0.213280  0.459563  0.406202  0.412096  0.512596  0.473663  0.419794  0.408748  0.438858  0.430660  0.363784  0.659189  0.752762  0.439709  0.498680  0.419326  0.630087  0.492557  0.421923  0.394394  0.447603  0.543950  0.444045  0.427340  0.486226  0.565361  0.432640  0.463180  0.384388  0.301915  0.660212  0.362077  0.426957  0.362368  0.583495  0.557291  0.492937  0.485697  0.434185  0.682156  0.410646  0.435482  0.554952  0.403435  0.568191  0.423396  0.646414  0.442556  0.434242  0.591233  0.553028  0.381422  0.673811  0.456087  0.336509  0.472505  0.392816  0.453056  0.491230 
19  0.438388  0.527212  0.532819  0.498208  0.417899  0.465985  0.517718  0.553545  0.536794  0.534018  0.662877  0.474052  0.455685  0.532545  0.385115  0.587832  0.411737  0.497411  0.500840 0.0  0.513204  0.518243  0.502647  0.572348  0.738298  0.593719  0.483554  0.456889  0.711096  0.442373  0.509409  0.466419  0.613297  0.544350  0.431258  0.501050  0.487979  0.438302  0.206039  0.513451  0.529573  0.583375  0.461819  0.511100  0.568067  0.466319  0.483061  0.580208  0.536461  0.512774  0.301089  0.457310  0.263387  0.524845  0.501662  0.514919  0.514333  0.625358  0.479262  0.527021  0.478043  0.495519  0.627872  0.549178  0.522367  0.540530  0.498413  0.519714  0.550593  0.544718  0.478209  0.541812  0.352436  0.429206  0.588812  0.547726  0.424141  0.510014  0.580436  0.490869  0.583507  0.606281  0.485651  0.471756  0.463200  0.618593  0.510842  0.639026  0.575590  0.609805  0.555855  0.516133  0.488811  0.502343  0.537827  0.625996  0.437570  0.533501  0.555438  0.519888  0.588384  0.698918  0.685114  0.591098  0.506465  0.569906  0.534437  0.679707  0.539536  0.578319  0.540955  0.569755  0.560115  0.501073  0.571829  0.722178  0.539998  0.611207  0.516316  0.460612  0.580970  0.571147  0.741048  0.579562  0.604133  0.543725  0.579628  0.510735  0.520490  0.512742  0.534450  0.501418  0.631148  0.239092  0.506709  0.522102  0.604826  0.570036  0.400929  0.465482  0.447085  0.208363  0.573369  0.479180  0.507569  0.631168  0.503917  0.486606  0.585318  0.595813  0.880528  0.611649  0.634945  0.564225  0.742998  0.571611  0.534526  0.576092  0.519768  0.668692  0.500280  0.481292  0.604340  0.541848  0.516243  0.543163  0.540073  0.552719  0.621530  0.504308  0.628568  0.532850  0.621718  0.565886  0.594926  0.606843  0.524524  0.658685  0.497660  0.519211  0.336151  0.457063  0.563704  0.518795  0.686907  0.540903  0.546412  0.259310  0.629167  0.500229  0.630503  0.543788  0.534738  0.538109  0.554781  0.521860  0.631869 
