197
0 0.0  0.432086  0.390832  0.179437  0.187991  0.207537  0.184332  0.343184  0.356842  0.431258  0.599557  0.352747  0.352915  0.425525  0.469409  0.349949  0.322437  0.363520  0.207343  0.480645  0.343379  0.409881  0.378730  0.354410  0.662496  0.451366  0.374099  0.367630  0.641910  0.383436  0.410657  0.392571  0.563285  0.384664  0.227464  0.348890  0.357551  0.334860  0.511043  0.396474  0.418496  0.368610  0.410189  0.381935  0.348414  0.186372  0.342347  0.469173  0.264088  0.336953  0.611745  0.258611  0.476351  0.393540  0.191158  0.453745  0.375343  0.418761  0.383787  0.260189  0.402550  0.450573  0.453035  0.414094  0.419681  0.367186  0.439577  0.390427  0.328390  0.505209  0.442445  0.426979  0.246155  0.336523  0.383013  0.477190  0.321315  0.323020  0.402492  0.337267  0.403169  0.438922  0.363959  0.323533  0.392895  0.349319  0.391264  0.618395  0.410103  0.352619  0.431652  0.383506  0.392897  0.400426  0.452381  0.356182  0.190305  0.422780  0.381960  0.416907  0.393143  0.689468  0.646437  0.429404  0.400262  0.391122  0.359276  0.667719  0.393136  0.400791  0.422876  0.406402  0.422864  0.376450  0.503060  0.598505  0.453493  0.674969  0.324719  0.385845  0.406451  0.364607  0.693197  0.397115  0.385745  0.346711  0.393923  0.458658  0.410720  0.378583  0.401194  0.449732  0.466273  0.369528  0.395651  0.424414  0.413678  0.420821  0.181909  0.421970  0.374474  0.438535  0.464940  0.375685  0.382914  0.407155  0.348143  0.324715  0.393372  0.663619  0.716406  0.374431  0.488358  0.425854  0.715182  0.509173  0.469708  0.375370  0.407063  0.406912  0.412938  0.378211  0.383098  0.375053  0.504254  0.393062  0.313570  0.315441  0.790416  0.440336  0.440413  0.335455  0.685243  0.424395  0.382759  0.409387  0.368662  0.575119  0.393268  0.388459  0.476099  0.349090  0.448510  0.459809  0.627341  0.444560  0.434713  0.440512  0.627099  0.333722  0.633782  0.460660  0.323597  0.407765  0.324377  0.401598  0.472050 
1  0.432086 0.0  0.319875  0.359054  0.359962  0.347096  0.416520  0.280497  0.350040  0.393677  0.704399  0.306095  0.294595  0.318972  0.554882  0.296548  0.245209  0.271297  0.358300  0.518949  0.368216  0.252773  0.291492  0.313645  0.780908  0.325209  0.295621  0.298551  0.658644  0.415825  0.322921  0.312193  0.627117  0.314697  0.259031  0.246214  0.383178  0.424470  0.536260  0.324986  0.378485  0.415998  0.344224  0.307399  0.277102  0.386862  0.260835  0.410975  0.354506  0.314380  0.537875  0.342307  0.471367  0.258666  0.319728  0.405592  0.349722  0.221172  0.404588  0.342487  0.296646  0.342638  0.338516  0.315736  0.327956  0.308938  0.349761  0.245489  0.296801  0.575012  0.318172  0.275402  0.284483  0.295413  0.228763  0.288747  0.387717  0.341408  0.318640  0.324155  0.354827  0.371978  0.377425  0.349494  0.369498  0.354772  0.346005  0.671521  0.374090  0.298026  0.334684  0.241117  0.355116  0.302423  0.293438  0.323467  0.346771  0.409533  0.283779  0.389779  0.448615  0.657053  0.709220  0.456701  0.277501  0.269278  0.386864  0.659589  0.383253  0.372540  0.353362  0.424270  0.329058  0.374190  0.367066  0.846162  0.317225  0.764821  0.284095  0.307474  0.318757  0.473195  0.579762  0.348522  0.339736  0.380208  0.346182  0.437520  0.343283  0.406651  0.377671  0.390955  0.369263  0.465497  0.294482  0.385995  0.353390  0.324829  0.375272  0.308023  0.339729  0.481241  0.405775  0.279973  0.285767  0.421829  0.184996  0.176110  0.265810  0.591092  0.689891  0.340056  0.349348  0.380731  0.671449  0.325451  0.296260  0.296455  0.321830  0.330068  0.359965  0.287890  0.356139  0.308990  0.346732  0.267647  0.329111  0.308664  0.675265  0.409160  0.370164  0.396282  0.674047  0.365189  0.312580  0.297742  0.259891  0.653763  0.313665  0.241149  0.498431  0.327387  0.374067  0.452162  0.704596  0.312033  0.326744  0.469917  0.658638  0.452302  0.842903  0.338252  0.424777  0.322846  0.321751  0.516745  0.377266 
2  0.390832  0.319875 0.0  0.412280  0.361326  0.365518  0.401746  0.178268  0.208853  0.345180  0.705348  0.207600  0.241574  0.253298  0.617906  0.291042  0.263028  0.216190  0.431807  0.539672  0.417656  0.279250  0.204769  0.240414  0.599120  0.265478  0.270247  0.230646  0.737666  0.331887  0.261616  0.298081  0.649205  0.393395  0.272292  0.320095  0.423680  0.361678  0.571127  0.236097  0.241941  0.443490  0.230137  0.297682  0.236119  0.417358  0.271069  0.382509  0.342011  0.217237  0.481976  0.380811  0.500254  0.291956  0.365516  0.364855  0.333466  0.269752  0.442091  0.392574  0.293792  0.301486  0.301538  0.274764  0.288543  0.262953  0.187409  0.237027  0.287011  0.500583  0.267763  0.243589  0.283179  0.242423  0.321220  0.295617  0.436313  0.380740  0.307610  0.302638  0.282667  0.285605  0.375382  0.389625  0.416354  0.216478  0.265238  0.653721  0.267858  0.271921  0.308958  0.252878  0.277788  0.282928  0.300939  0.240941  0.415879  0.425796  0.312792  0.254819  0.439330  0.760764  0.691419  0.365077  0.225242  0.195218  0.306900  0.677176  0.373031  0.369029  0.227292  0.421568  0.198862  0.250354  0.280442  0.690267  0.316128  0.660899  0.178614  0.238719  0.265995  0.436996  0.615369  0.294305  0.272898  0.375816  0.314729  0.428212  0.236158  0.418908  0.309858  0.388767  0.248698  0.498958  0.226850  0.435796  0.275979  0.206069  0.410758  0.301571  0.186112  0.475766  0.285146  0.264134  0.282917  0.385209  0.273825  0.291021  0.268373  0.669752  0.697085  0.297950  0.322871  0.353472  0.672176  0.307297  0.324395  0.259773  0.292718  0.300018  0.228135  0.247232  0.272210  0.318932  0.293428  0.248772  0.338506  0.323890  0.715833  0.444625  0.330995  0.425898  0.660084  0.319070  0.321410  0.307803  0.269352  0.609448  0.193997  0.224448  0.551141  0.182614  0.295671  0.423541  0.785253  0.308602  0.245059  0.499826  0.703420  0.426488  0.758135  0.331862  0.507295  0.294826  0.258868  0.430941  0.332685 
3  0.179437  0.359054  0.412280 0.0  0.218389  0.249924  0.176489  0.401930  0.466422  0.488492  0.647191  0.341429  0.431584  0.429124  0.510718  0.366674  0.414639  0.390414  0.210583  0.510186  0.358504  0.381249  0.456418  0.468576  0.773496  0.429489  0.448171  0.412857  0.589436  0.397479  0.421949  0.401635  0.706258  0.378002  0.287105  0.396900  0.419681  0.391151  0.606029  0.406643  0.439240  0.379268  0.473485  0.384697  0.393498  0.199332  0.336825  0.491909  0.280373  0.498284  0.511555  0.273266  0.602830  0.381638  0.216105  0.462785  0.481782  0.412135  0.414537  0.312733  0.455800  0.410011  0.390139  0.418000  0.379379  0.438748  0.449740  0.390438  0.417672  0.547713  0.435147  0.391117  0.264237  0.461952  0.440390  0.468464  0.364088  0.385554  0.414563  0.383103  0.411626  0.442814  0.368113  0.321276  0.387786  0.436347  0.453142  0.752590  0.469359  0.505013  0.464639  0.388780  0.437932  0.338570  0.386770  0.412758  0.182991  0.472140  0.440997  0.421261  0.534677  0.843852  0.717428  0.477172  0.411972  0.451427  0.390141  0.690675  0.411746  0.432384  0.421941  0.422265  0.407484  0.417252  0.483327  0.681387  0.400731  0.743045  0.333344  0.398869  0.428689  0.400579  0.666142  0.425169  0.419016  0.438906  0.459222  0.381595  0.411986  0.290787  0.448270  0.406639  0.496205  0.490003  0.459603  0.464397  0.428541  0.363789  0.164426  0.411199  0.434998  0.516936  0.431455  0.381073  0.307243  0.465966  0.391748  0.326376  0.357958  0.688386  0.805233  0.454060  0.435710  0.408582  0.526038  0.450456  0.441775  0.464486  0.392773  0.473367  0.348228  0.408358  0.453395  0.389909  0.455899  0.413140  0.329485  0.377144  0.737679  0.420267  0.545986  0.372784  0.714655  0.474547  0.417077  0.471854  0.402831  0.594287  0.422349  0.372217  0.416169  0.359666  0.472684  0.397029  0.654118  0.445661  0.382496  0.467831  0.659272  0.393111  0.757784  0.419469  0.375308  0.387170  0.389851  0.456639  0.519444 
4  0.187991  0.359962  0.361326  0.218389 0.0  0.217524  0.188275  0.337281  0.426440  0.426082  0.700346  0.367029  0.436435  0.455104  0.557933  0.468677  0.294669  0.451589  0.205461  0.527547  0.339889  0.390841  0.432948  0.394064  0.592628  0.444222  0.487919  0.414133  0.680860  0.394502  0.501335  0.385388  0.701621  0.393183  0.283106  0.340300  0.404042  0.359941  0.545721  0.401906  0.430183  0.406410  0.452759  0.325188  0.372563  0.163492  0.323749  0.369670  0.227316  0.429674  0.459434  0.313167  0.495007  0.306450  0.225419  0.370579  0.434941  0.359616  0.345182  0.270618  0.368640  0.467806  0.409593  0.446789  0.438890  0.381847  0.378540  0.394418  0.388080  0.536771  0.473566  0.324463  0.288144  0.406708  0.371659  0.481343  0.331047  0.356417  0.453553  0.422495  0.450376  0.417570  0.428788  0.308664  0.378275  0.455735  0.369913  0.624721  0.437524  0.452891  0.507958  0.430591  0.359308  0.447326  0.462014  0.394344  0.217880  0.389913  0.479819  0.467078  0.440848  0.759970  0.722217  0.424981  0.435118  0.420808  0.397552  0.701136  0.416603  0.381656  0.362921  0.441217  0.424151  0.463599  0.437089  0.755163  0.483002  0.683989  0.420674  0.388991  0.380108  0.353282  0.856861  0.488146  0.426668  0.377332  0.427386  0.434833  0.384037  0.416241  0.506477  0.371951  0.515301  0.457625  0.513617  0.398677  0.432833  0.444213  0.206324  0.424432  0.473342  0.525879  0.468313  0.436526  0.317023  0.407488  0.362469  0.412106  0.422581  0.758770  0.861404  0.432492  0.425654  0.506085  0.683904  0.464112  0.454598  0.433419  0.439326  0.518241  0.455471  0.426358  0.539755  0.427622  0.467217  0.402873  0.338615  0.302798  0.566657  0.355509  0.480574  0.378871  0.627560  0.512746  0.435982  0.406296  0.469193  0.579292  0.390281  0.348303  0.505525  0.331376  0.433590  0.397176  0.726257  0.523170  0.475010  0.568840  0.684886  0.404789  0.560188  0.396796  0.370779  0.491982  0.372536  0.406546  0.585065 
5  0.207537  0.347096  0.365518  0.249924  0.217524 0.0  0.208166  0.367137  0.325639  0.386250  0.616197  0.382258  0.458199  0.401798  0.472585  0.465943  0.403802  0.364615  0.220607  0.430939  0.366667  0.355816  0.378161  0.399844  0.626674  0.434535  0.440033  0.400829  0.763633  0.355797  0.491372  0.439878  0.628358  0.418275  0.310085  0.372201  0.358904  0.369859  0.533802  0.350403  0.414603  0.366495  0.309558  0.364182  0.397299  0.183760  0.359096  0.531736  0.278646  0.383119  0.429912  0.271215  0.535744  0.419965  0.244241  0.376091  0.436626  0.333653  0.401037  0.250813  0.330466  0.342162  0.417123  0.457281  0.385312  0.510296  0.411774  0.374484  0.335263  0.496850  0.442975  0.375138  0.280081  0.356903  0.419240  0.445682  0.316375  0.401823  0.429054  0.430717  0.381883  0.421188  0.332346  0.320686  0.372634  0.334874  0.378140  0.627095  0.399511  0.350952  0.393656  0.370650  0.410065  0.417244  0.463615  0.363640  0.234926  0.423256  0.443129  0.368321  0.453394  0.714557  0.727397  0.419945  0.375637  0.353070  0.371551  0.716082  0.369429  0.414740  0.423781  0.385086  0.330374  0.415516  0.400239  0.589588  0.427897  0.582713  0.326629  0.405824  0.382226  0.341047  0.803868  0.502877  0.474715  0.328809  0.469085  0.444571  0.400826  0.331096  0.405116  0.438023  0.444284  0.472774  0.322795  0.365026  0.439984  0.389637  0.216294  0.412588  0.393560  0.406789  0.386653  0.354607  0.326758  0.373779  0.384293  0.333965  0.333211  0.581624  0.764863  0.430169  0.449603  0.462626  0.636078  0.501267  0.436541  0.458724  0.434690  0.499396  0.389285  0.344007  0.447332  0.431689  0.377263  0.426683  0.414105  0.335214  0.620582  0.373110  0.457920  0.352407  0.649907  0.486552  0.506824  0.399408  0.413206  0.677427  0.342690  0.424680  0.422969  0.403105  0.393830  0.364343  0.637477  0.460592  0.381901  0.599286  0.719592  0.354546  0.799907  0.441798  0.334997  0.475304  0.344965  0.410778  0.417999 
6  0.184332  0.416520  0.401746  0.176489  0.188275  0.208166 0.0  0.343842  0.408295  0.470553  0.691265  0.351917  0.430575  0.391511  0.487169  0.466538  0.323350  0.424152  0.173957  0.500430  0.373267  0.382677  0.370094  0.418637  0.633088  0.377703  0.395519  0.421317  0.545285  0.364305  0.467610  0.475789  0.658776  0.402822  0.243180  0.388450  0.343149  0.338470  0.515436  0.430167  0.474937  0.426828  0.392392  0.390725  0.355922  0.187299  0.384769  0.481858  0.261367  0.445928  0.485546  0.321189  0.530712  0.359818  0.201102  0.435668  0.412135  0.363575  0.365027  0.302898  0.420262  0.460603  0.478474  0.428778  0.432327  0.411021  0.440058  0.353271  0.447687  0.472270  0.460114  0.372418  0.286922  0.391124  0.384230  0.494294  0.340154  0.441127  0.410030  0.460127  0.458320  0.438749  0.392839  0.345941  0.383734  0.400023  0.424139  0.625065  0.404175  0.407800  0.433665  0.413784  0.396591  0.430422  0.505194  0.490094  0.212939  0.374792  0.473004  0.448574  0.464778  0.683456  0.817779  0.414591  0.440868  0.358414  0.357992  0.792518  0.442795  0.421472  0.482542  0.483363  0.382841  0.460755  0.436070  0.677876  0.434016  0.721259  0.404388  0.473296  0.400679  0.357373  0.771590  0.551257  0.462852  0.451685  0.504536  0.393720  0.437618  0.445091  0.491253  0.401807  0.400947  0.538855  0.361308  0.415121  0.420749  0.350634  0.194811  0.375874  0.427277  0.509371  0.452556  0.472790  0.383625  0.435945  0.335745  0.435784  0.377016  0.719077  0.666180  0.472428  0.479639  0.434849  0.664313  0.412628  0.407947  0.427137  0.514198  0.566465  0.421485  0.421513  0.478315  0.427505  0.498611  0.454835  0.444234  0.312881  0.663699  0.410133  0.493796  0.343340  0.646334  0.495835  0.447437  0.390612  0.461524  0.653064  0.413084  0.360266  0.491092  0.395844  0.462125  0.347334  0.697068  0.446892  0.432520  0.590879  0.637902  0.396764  0.695826  0.435053  0.356249  0.416594  0.378116  0.417530  0.562115 
7  0.343184  0.280497  0.178268  0.401930  0.337281  0.367137  0.343842 0.0  0.177545  0.362639  0.809718  0.186893  0.215990  0.240711  0.506482  0.286131  0.266352  0.245520  0.441417  0.493650  0.395836  0.283577  0.218494  0.219716  0.740687  0.278681  0.252761  0.213719  0.495123  0.413688  0.262237  0.268349  0.625649  0.347949  0.271763  0.232121  0.396570  0.404777  0.621526  0.187584  0.259644  0.413138  0.273825  0.256753  0.266418  0.400310  0.249735  0.280216  0.319015  0.204041  0.505980  0.400695  0.551258  0.233172  0.348120  0.360664  0.345522  0.259373  0.426409  0.344808  0.312912  0.302944  0.255579  0.324598  0.328466  0.285516  0.191676  0.237329  0.326325  0.528200  0.295841  0.230631  0.298102  0.263250  0.304845  0.336260  0.439317  0.362763  0.291468  0.313771  0.295423  0.323334  0.401870  0.470570  0.387709  0.252298  0.258893  0.571356  0.301444  0.220024  0.256862  0.245375  0.242262  0.289924  0.309131  0.276577  0.371662  0.360107  0.345677  0.253588  0.379705  0.577039  0.778321  0.398711  0.189341  0.190170  0.348396  0.694495  0.386592  0.432086  0.248860  0.401299  0.196364  0.223423  0.263808  0.690895  0.328582  0.812349  0.180011  0.194795  0.264285  0.352259  0.642977  0.294745  0.303988  0.386449  0.342550  0.342304  0.258458  0.382868  0.320015  0.345095  0.259876  0.458163  0.204114  0.409753  0.282496  0.225934  0.406941  0.238701  0.159351  0.527235  0.288746  0.232662  0.274181  0.379884  0.299984  0.292523  0.299445  0.644685  0.681306  0.325439  0.285600  0.307168  0.745885  0.311338  0.313808  0.276914  0.312177  0.309976  0.225106  0.266787  0.272781  0.304944  0.290697  0.242205  0.398123  0.342470  0.787899  0.330995  0.306261  0.347016  0.785582  0.265741  0.305957  0.288448  0.267422  0.615421  0.202884  0.242027  0.439457  0.203752  0.286999  0.402319  0.833175  0.310283  0.226628  0.483837  0.653290  0.357058  0.660541  0.298155  0.399148  0.345987  0.280752  0.391530  0.341231 
8  0.356842  0.350040  0.208853  0.466422  0.426440  0.325639  0.408295  0.177545 0.0  0.410658  0.730652  0.241218  0.247199  0.251066  0.451597  0.267250  0.296416  0.255107  0.402936  0.600524  0.498479  0.279295  0.206743  0.243043  0.709825  0.271257  0.238842  0.205017  0.705834  0.334102  0.292514  0.339864  0.583383  0.397022  0.333907  0.255670  0.438622  0.414259  0.590177  0.226750  0.244485  0.408875  0.229308  0.322724  0.286851  0.348262  0.257408  0.291485  0.360469  0.274851  0.532449  0.344710  0.469525  0.278584  0.377944  0.370668  0.382281  0.296843  0.464984  0.349589  0.283209  0.285281  0.246977  0.318730  0.273468  0.254199  0.235298  0.228047  0.282333  0.440189  0.289309  0.289527  0.370808  0.292589  0.308373  0.280269  0.442669  0.435998  0.252622  0.326220  0.259164  0.266869  0.384406  0.425499  0.380152  0.234701  0.268114  0.585796  0.271068  0.258841  0.258414  0.232440  0.229143  0.273569  0.287497  0.276456  0.381141  0.380929  0.275399  0.271113  0.336479  0.643459  0.766111  0.453455  0.275507  0.179769  0.360714  0.697640  0.361297  0.365425  0.258476  0.335431  0.191494  0.279889  0.287517  0.702983  0.281049  0.745543  0.179521  0.216178  0.264501  0.387300  0.715780  0.301575  0.313700  0.412482  0.323939  0.497194  0.231908  0.356071  0.295706  0.430024  0.275962  0.502130  0.224922  0.407120  0.284618  0.212783  0.414231  0.309700  0.191286  0.540953  0.293680  0.251475  0.324137  0.479025  0.266808  0.321337  0.272969  0.712645  0.725874  0.262806  0.334720  0.291864  0.588156  0.296746  0.280179  0.260277  0.235283  0.289023  0.257605  0.205114  0.316864  0.290924  0.313004  0.239208  0.386094  0.382488  0.729987  0.419614  0.304291  0.463594  0.700399  0.273529  0.256878  0.257841  0.268006  0.642966  0.183552  0.211660  0.557166  0.225656  0.272534  0.396269  0.744991  0.323215  0.214366  0.541542  0.673246  0.457094  0.861835  0.324883  0.416733  0.304496  0.261050  0.382977  0.318383 
9  0.431258  0.393677  0.345180  0.488492  0.426082  0.386250  0.470553  0.362639  0.410658 0.0  0.738929  0.361709  0.396701  0.407387  0.512249  0.425686  0.319095  0.369922  0.441168  0.492847  0.303989  0.443466  0.371127  0.389488  0.612627  0.347404  0.430817  0.354409  0.603637  0.368676  0.419655  0.420240  0.650373  0.280770  0.262503  0.362567  0.337762  0.350736  0.535413  0.330568  0.408008  0.278755  0.482367  0.331379  0.360952  0.324972  0.409326  0.426668  0.311725  0.413277  0.444108  0.361641  0.487341  0.362610  0.380390  0.199055  0.193715  0.378923  0.461961  0.343831  0.365913  0.473296  0.455854  0.418400  0.466572  0.397349  0.431227  0.365639  0.357505  0.523585  0.460508  0.337331  0.395525  0.376395  0.394690  0.489421  0.296098  0.282202  0.485089  0.448317  0.449659  0.411010  0.377097  0.405676  0.399040  0.385075  0.444445  0.624064  0.359482  0.399721  0.443593  0.363205  0.416684  0.418122  0.444856  0.381219  0.358083  0.207068  0.405310  0.418296  0.226020  0.718712  0.818108  0.217394  0.326763  0.387828  0.202883  0.713115  0.209446  0.172611  0.329160  0.203191  0.379000  0.425024  0.469599  0.851920  0.440117  0.789049  0.366186  0.322787  0.383249  0.345672  0.689938  0.372669  0.486570  0.240977  0.456775  0.187324  0.374155  0.343778  0.544600  0.226289  0.529048  0.557723  0.385677  0.198785  0.502932  0.374935  0.417243  0.448127  0.396296  0.531353  0.453517  0.443647  0.343707  0.191285  0.418005  0.424044  0.352916  0.760021  0.687091  0.396289  0.367214  0.512570  0.638007  0.480541  0.437497  0.359754  0.487713  0.447690  0.389323  0.378660  0.422026  0.410160  0.493005  0.392731  0.295166  0.416227  0.912330  0.306556  0.423427  0.368542  0.656836  0.429905  0.392413  0.477296  0.419656  0.629405  0.368497  0.381535  0.536410  0.374992  0.445423  0.252308  0.717773  0.467314  0.353248  0.606106  0.673221  0.327429  0.653835  0.519677  0.362617  0.474973  0.382299  0.214846  0.448209 
10  0.599557  0.704399  0.705348  0.647191  0.700346  0.616197  0.691265  0.809718  0.730652  0.738929 0.0  0.815517  0.663838  0.827688  0.699066  0.780360  0.751714  0.740827  0.729288  0.748189  0.680344  0.726963  0.637082  0.764781  0.528368  0.651713  0.632709  0.803254  0.415259  0.690448  0.786953  0.926047  0.411364  0.650496  0.677320  0.742488  0.625934  0.681648  0.725168  0.764688  0.787544  0.662239  0.638022  0.683316  0.610508  0.665795  0.597672  0.803706  0.733910  0.746461  0.712186  0.518674  0.758355  0.616144  0.586951  0.735862  0.741151  0.708636  0.623542  0.770159  0.657501  0.815669  0.761768  0.751409  0.751089  0.756420  0.790991  0.655186  0.684548  0.720602  0.882884  0.698855  0.568914  0.697266  0.755514  0.786397  0.621920  0.657505  0.738698  0.734617  0.877969  0.806959  0.671584  0.630252  0.741426  0.805176  0.727561  0.635509  0.736780  0.825468  0.716873  0.827692  0.811349  0.750990  0.701234  0.731126  0.704515  0.783152  0.761769  0.784374  0.852033  0.483351  0.159003  0.742467  0.772364  0.680649  0.817384  0.265247  0.799216  0.723912  0.744642  0.816012  0.716259  0.746193  0.690116  0.170257  0.826803  0.154009  0.764026  0.771029  0.819107  0.674924  0.775224  0.888929  0.813362  0.626403  0.832405  0.772974  0.644522  0.585535  0.738279  0.778191  0.754544  0.651682  0.606525  0.797799  0.998251  0.670228  0.557390  0.794932  0.678030  0.685136  0.678172  0.751898  0.668435  0.816906  0.674267  0.804521  0.717866  0.589011  0.758588  0.828360  0.849767  0.914022  0.743956  0.857684  0.816269  0.718386  0.800315  0.714999  0.732190  0.743735  0.763835  0.761076  0.843741  0.704590  0.689508  0.700457  0.345449  0.673210  0.805447  0.579635  0.204784  0.789947  0.831544  0.798702  0.724909  0.744766  0.785529  0.617458  0.683169  0.558130  0.841364  0.832943  0.166643  0.821825  0.752487  0.737998  0.508180  0.587840  0.171291  0.843506  0.652189  0.854231  0.631046  0.938458  0.793734 
11  0.352747  0.306095  0.207600  0.341429  0.367029  0.382258  0.351917  0.186893  0.241218  0.361709  0.815517 0.0  0.194748  0.226452  0.578303  0.256714  0.246281  0.175606  0.400358  0.555001  0.383273  0.286545  0.166248  0.219561  0.731793  0.215019  0.231327  0.187312  0.645538  0.394182  0.268135  0.270711  0.774827  0.390473  0.288340  0.305961  0.382883  0.408220  0.456939  0.167027  0.215487  0.438601  0.175822  0.267299  0.274716  0.360761  0.243883  0.294877  0.345306  0.165797  0.469618  0.347911  0.518146  0.241641  0.406847  0.367646  0.303433  0.291314  0.423006  0.374905  0.224249  0.285711  0.209503  0.226191  0.272660  0.233180  0.170601  0.264865  0.304684  0.474770  0.258111  0.247511  0.305407  0.263505  0.327046  0.261830  0.413451  0.389322  0.236307  0.254797  0.278228  0.268064  0.499909  0.429055  0.421955  0.217195  0.216423  0.649780  0.223467  0.219450  0.232399  0.175993  0.233727  0.218495  0.278516  0.202164  0.380368  0.392249  0.271850  0.233838  0.453095  0.753658  0.658331  0.406111  0.181916  0.208664  0.363495  0.573158  0.387213  0.363011  0.181529  0.404970  0.230574  0.202976  0.253931  0.719001  0.301498  0.745239  0.228358  0.175474  0.241310  0.446555  0.559826  0.219354  0.300475  0.376278  0.308887  0.421066  0.192890  0.418737  0.294230  0.360593  0.221371  0.526942  0.172793  0.322511  0.240445  0.225250  0.423926  0.270985  0.180899  0.528716  0.272836  0.215763  0.267345  0.343485  0.353808  0.319962  0.294204  0.591645  0.621962  0.271370  0.253252  0.280369  0.604035  0.252927  0.287918  0.240551  0.243877  0.278512  0.217011  0.203276  0.260712  0.230875  0.269232  0.209278  0.374621  0.358529  0.636330  0.387967  0.210600  0.400263  0.721974  0.295899  0.269112  0.257502  0.224417  0.595583  0.185831  0.227227  0.472146  0.195540  0.247475  0.323543  0.663628  0.300938  0.208768  0.621703  0.830820  0.383817  0.716172  0.290733  0.432711  0.256274  0.306686  0.375476  0.291942 
12  0.352915  0.294595  0.241574  0.431584  0.436435  0.458199  0.430575  0.215990  0.247199  0.396701  0.663838  0.194748 0.0  0.190278  0.565065  0.204720  0.267628  0.171394  0.444021  0.477326  0.433641  0.301060  0.208129  0.196061  0.674087  0.172894  0.145964  0.199253  0.639600  0.461554  0.223600  0.221049  0.692044  0.395113  0.272706  0.311447  0.431617  0.449835  0.658397  0.194155  0.199803  0.404375  0.224247  0.303759  0.274661  0.381393  0.281252  0.271173  0.362358  0.211199  0.491134  0.449246  0.484034  0.292965  0.324318  0.363055  0.347175  0.357592  0.382667  0.406547  0.358830  0.203784  0.218170  0.193095  0.177937  0.193357  0.203784  0.247682  0.318654  0.509652  0.205381  0.278657  0.333742  0.298680  0.332940  0.229874  0.361326  0.440241  0.197322  0.199796  0.183873  0.182646  0.387576  0.482227  0.417981  0.210623  0.227486  0.619104  0.243284  0.187371  0.199599  0.163994  0.170855  0.197087  0.207161  0.189037  0.356227  0.333198  0.198220  0.238902  0.441571  0.829628  0.746996  0.428519  0.188830  0.240576  0.351050  0.608074  0.370570  0.400777  0.196233  0.367491  0.255818  0.172415  0.251816  0.703821  0.227585  0.707624  0.251868  0.199060  0.254548  0.417585  0.712958  0.271900  0.208956  0.386646  0.255780  0.451817  0.210190  0.396016  0.257161  0.334392  0.238198  0.516376  0.177649  0.432446  0.236972  0.262081  0.367537  0.171909  0.225874  0.425316  0.245566  0.157759  0.326880  0.395487  0.259211  0.270667  0.299321  0.588935  0.717386  0.212721  0.282370  0.216546  0.542662  0.249261  0.221215  0.182370  0.202644  0.298150  0.188826  0.171603  0.217534  0.212417  0.219764  0.213272  0.372114  0.355853  0.677264  0.436472  0.280798  0.385288  0.657915  0.195650  0.198798  0.201931  0.156413  0.662680  0.239648  0.199266  0.544781  0.223799  0.205500  0.381588  0.703218  0.232345  0.235691  0.498724  0.655196  0.374149  0.732864  0.232148  0.423694  0.231306  0.333301  0.409017  0.295732 
13  0.425525  0.318972  0.253298  0.429124  0.455104  0.401798  0.391511  0.240711  0.251066  0.407387  0.827688  0.226452  0.190278 0.0  0.534983  0.160553  0.256865  0.219223  0.493256  0.550335  0.433398  0.263455  0.228375  0.224583  0.668123  0.195549  0.216593  0.251112  0.599387  0.489546  0.210276  0.206782  0.787313  0.364196  0.336149  0.292054  0.478541  0.458848  0.605496  0.234722  0.222690  0.479427  0.251178  0.331182  0.257541  0.430775  0.299104  0.222895  0.407913  0.192538  0.587568  0.412841  0.537701  0.287885  0.442130  0.384794  0.384322  0.319827  0.427406  0.360275  0.316532  0.190544  0.164964  0.168404  0.191007  0.187338  0.204293  0.283111  0.322997  0.646491  0.206963  0.292476  0.385678  0.332330  0.326954  0.183969  0.377872  0.403507  0.190882  0.179115  0.191946  0.182543  0.480371  0.431489  0.498142  0.185131  0.191820  0.555731  0.206295  0.210856  0.192165  0.227703  0.187361  0.169135  0.175163  0.212374  0.405791  0.358971  0.260397  0.215600  0.369274  0.788029  0.789082  0.414436  0.221054  0.251711  0.411371  0.703284  0.426051  0.393538  0.210663  0.341362  0.279336  0.173142  0.265374  0.757392  0.240143  0.696901  0.230254  0.234444  0.278737  0.479403  0.580895  0.194532  0.212774  0.415705  0.206238  0.378241  0.210807  0.409601  0.226425  0.308829  0.205185  0.560180  0.216424  0.348496  0.194910  0.270777  0.391034  0.160407  0.216618  0.502424  0.220573  0.203093  0.303624  0.376624  0.317914  0.333478  0.303629  0.565235  0.692072  0.195595  0.243874  0.185162  0.580052  0.262009  0.207397  0.178593  0.199516  0.246540  0.223642  0.226526  0.222204  0.212996  0.211029  0.205214  0.428723  0.408610  0.623472  0.501168  0.260735  0.444263  0.715518  0.217534  0.211976  0.186211  0.207726  0.588120  0.250499  0.271126  0.538873  0.240966  0.248261  0.477690  0.685610  0.248544  0.211665  0.533355  0.730092  0.477059  0.698255  0.252331  0.434931  0.222460  0.373603  0.411415  0.245021 
14  0.469409  0.554882  0.617906  0.510718  0.557933  0.472585  0.487169  0.506482  0.451597  0.512249  0.699066  0.578303  0.565065  0.534983 0.0  0.604408  0.556980  0.526734  0.571347  0.343078  0.564231  0.525617  0.482243  0.532854  0.775682  0.515205  0.638640  0.598436  0.620596  0.571349  0.609267  0.804712  0.774933  0.512850  0.409013  0.571998  0.405383  0.432522  0.331084  0.529568  0.608735  0.521433  0.473099  0.489939  0.570928  0.464091  0.536343  0.646490  0.427251  0.536990  0.383654  0.591239  0.391804  0.545318  0.514793  0.576106  0.545977  0.587583  0.459911  0.501605  0.567398  0.640479  0.642829  0.562869  0.585315  0.640588  0.571435  0.547437  0.519652  0.468240  0.599457  0.551523  0.484548  0.604464  0.552822  0.483159  0.558004  0.471746  0.720344  0.679150  0.626197  0.597570  0.478426  0.511787  0.505208  0.552885  0.634808  0.737802  0.589913  0.521078  0.568024  0.500349  0.486997  0.592347  0.627935  0.483472  0.453492  0.574457  0.694090  0.528991  0.526944  0.825525  0.694758  0.602345  0.505255  0.601977  0.502812  0.577016  0.539998  0.611759  0.512129  0.557078  0.562147  0.572269  0.556029  0.613790  0.626359  0.775443  0.590976  0.659991  0.534158  0.515086  0.782803  0.640401  0.575231  0.536822  0.590543  0.597416  0.571851  0.484717  0.531432  0.527287  0.529374  0.336317  0.472505  0.566185  0.653648  0.572291  0.455039  0.668842  0.611571  0.325739  0.697972  0.461937  0.544160  0.542854  0.494410  0.494071  0.550569  0.729763  0.727057  0.637651  0.646573  0.595972  0.631230  0.641032  0.605568  0.600484  0.562405  0.647110  0.568490  0.561079  0.669312  0.653451  0.574859  0.584085  0.525600  0.518084  0.651524  0.513785  0.581003  0.517874  0.651101  0.633019  0.619207  0.563074  0.618437  0.732913  0.600685  0.624208  0.196201  0.591283  0.655468  0.483655  0.687111  0.647561  0.611316  0.369574  0.762801  0.510729  0.698897  0.633693  0.442235  0.617888  0.630016  0.588717  0.573716 
15  0.349949  0.296548  0.291042  0.366674  0.468677  0.465943  0.466538  0.286131  0.267250  0.425686  0.780360  0.256714  0.204720  0.160553  0.604408 0.0  0.326746  0.222377  0.445085  0.519416  0.397229  0.364968  0.252659  0.231304  0.747787  0.221060  0.190369  0.241569  0.776425  0.446251  0.177497  0.181295  0.717104  0.400270  0.356387  0.338253  0.520791  0.446239  0.647603  0.244346  0.217214  0.425831  0.247187  0.332479  0.291783  0.461269  0.340420  0.261442  0.391012  0.279078  0.545258  0.470237  0.555570  0.301818  0.482534  0.396889  0.411813  0.380342  0.465651  0.418128  0.349081  0.181245  0.206691  0.166315  0.176250  0.169120  0.263953  0.294241  0.358256  0.453611  0.195021  0.340627  0.351997  0.345847  0.372552  0.186709  0.384540  0.468842  0.167628  0.171045  0.185042  0.181328  0.421026  0.444709  0.384436  0.222536  0.216569  0.563458  0.242284  0.238265  0.210463  0.217460  0.168859  0.157025  0.170553  0.233346  0.420476  0.422646  0.206282  0.221327  0.406860  0.637483  0.807522  0.420176  0.237351  0.270027  0.469679  0.736917  0.394351  0.448414  0.268848  0.418568  0.268182  0.224135  0.239176  0.807876  0.203472  0.764627  0.262310  0.224511  0.291831  0.440598  0.613901  0.227581  0.201256  0.444120  0.191199  0.429353  0.207229  0.436999  0.247741  0.338974  0.233113  0.521680  0.253455  0.410071  0.225047  0.313798  0.384211  0.158350  0.271714  0.511291  0.243935  0.206573  0.375071  0.397693  0.323328  0.317738  0.316004  0.593155  0.702472  0.180672  0.242070  0.185247  0.563499  0.245410  0.179013  0.167243  0.174369  0.260178  0.228679  0.194783  0.184597  0.191089  0.201217  0.231482  0.413662  0.397816  0.757468  0.422073  0.263682  0.461229  0.720844  0.175446  0.159174  0.166655  0.171316  0.677806  0.268952  0.240151  0.588371  0.276146  0.202230  0.430095  0.887395  0.207290  0.218955  0.658468  0.743091  0.417578  0.779328  0.229738  0.400202  0.203020  0.323145  0.404581  0.245299 
16  0.322437  0.245209  0.263028  0.414639  0.294669  0.403802  0.323350  0.266352  0.296416  0.319095  0.751714  0.246281  0.267628  0.256865  0.556980  0.326746 0.0  0.300945  0.414406  0.513805  0.389586  0.227371  0.251536  0.275906  0.655527  0.265613  0.298795  0.262174  0.634923  0.363260  0.265608  0.336194  0.700982  0.275943  0.306986  0.273507  0.321659  0.424614  0.503502  0.306612  0.276564  0.362334  0.288679  0.236003  0.290006  0.336718  0.266871  0.357557  0.362936  0.231909  0.479136  0.327863  0.438140  0.166446  0.325696  0.359945  0.291522  0.236961  0.368936  0.349678  0.191582  0.314924  0.315848  0.303928  0.322105  0.333294  0.259458  0.244454  0.221793  0.568550  0.304351  0.242928  0.273255  0.227919  0.297879  0.312456  0.336767  0.296935  0.341833  0.287068  0.312293  0.304901  0.377420  0.431846  0.378445  0.261441  0.308708  0.716465  0.273975  0.274028  0.303609  0.233919  0.307047  0.301195  0.319491  0.222830  0.323979  0.358858  0.314741  0.279497  0.396870  0.654264  0.696096  0.418991  0.265606  0.270859  0.307696  0.756099  0.336937  0.304254  0.269916  0.366833  0.228371  0.259007  0.331619  0.700999  0.317495  0.768772  0.284114  0.263859  0.222855  0.385205  0.693485  0.309216  0.386921  0.318441  0.358143  0.351445  0.333529  0.381822  0.311657  0.307624  0.290736  0.421890  0.262718  0.352067  0.281039  0.264779  0.329469  0.268251  0.262755  0.470532  0.337412  0.300076  0.233130  0.305398  0.241716  0.246260  0.258225  0.692573  0.669195  0.286263  0.299817  0.324171  0.606040  0.378570  0.308251  0.307436  0.331779  0.340011  0.298467  0.258295  0.384712  0.329578  0.297971  0.313978  0.307419  0.368727  0.689311  0.385298  0.409301  0.368110  0.701997  0.323631  0.360026  0.314479  0.327819  0.641339  0.242022  0.260107  0.535453  0.268052  0.260388  0.313756  0.667548  0.354706  0.268741  0.496977  0.731173  0.368068  0.748558  0.367059  0.369316  0.303963  0.298164  0.370695  0.348860 
17  0.363520  0.271297  0.216190  0.390414  0.451589  0.364615  0.424152  0.245520  0.255107  0.369922  0.740827  0.175606  0.171394  0.219223  0.526734  0.222377  0.300945 0.0  0.471628  0.412014  0.475490  0.240338  0.171535  0.188195  0.651308  0.208992  0.174079  0.153347  0.611982  0.399289  0.224629  0.203869  0.707390  0.347728  0.326244  0.267773  0.346913  0.414438  0.553745  0.197183  0.243282  0.393162  0.174705  0.322858  0.258142  0.437281  0.271953  0.286823  0.407384  0.184152  0.543680  0.375245  0.462114  0.277182  0.360287  0.486405  0.431503  0.305301  0.362768  0.369954  0.307618  0.228866  0.247416  0.209248  0.205113  0.196143  0.219140  0.272066  0.275082  0.488895  0.221896  0.281469  0.316092  0.284599  0.278376  0.208287  0.386185  0.468269  0.236597  0.227187  0.201988  0.223011  0.382602  0.415893  0.416015  0.220903  0.218608  0.588297  0.235539  0.225173  0.254749  0.147605  0.194184  0.212692  0.212472  0.210041  0.356189  0.356401  0.186524  0.224841  0.410440  0.717053  0.711224  0.439264  0.199600  0.227675  0.414392  0.799212  0.339035  0.371511  0.219619  0.425377  0.227611  0.208364  0.285798  0.674051  0.237219  0.798644  0.228283  0.172185  0.241877  0.432581  0.694569  0.263316  0.269884  0.390644  0.243789  0.386797  0.215321  0.379976  0.297812  0.379130  0.285153  0.533097  0.205959  0.405334  0.252011  0.226032  0.352700  0.188589  0.206194  0.547791  0.266459  0.180730  0.318775  0.415976  0.243808  0.248468  0.267933  0.509292  0.730039  0.248711  0.254754  0.212214  0.607604  0.297319  0.211088  0.230053  0.202659  0.288059  0.211777  0.150493  0.212365  0.202203  0.230683  0.228042  0.385387  0.356217  0.613587  0.377586  0.264434  0.449367  0.675565  0.223212  0.231854  0.235600  0.172350  0.645491  0.233332  0.185539  0.511332  0.203062  0.216085  0.410940  0.739346  0.250783  0.205939  0.502774  0.646015  0.405518  0.751699  0.231421  0.405941  0.252141  0.276715  0.465623  0.282638 
18  0.207343  0.358300  0.431807  0.210583  0.205461  0.220607  0.173957  0.441417  0.402936  0.441168  0.729288  0.400358  0.444021  0.493256  0.571347  0.445085  0.414406  0.471628 0.0  0.440771  0.435751  0.371518  0.435811  0.468142  0.757014  0.510690  0.466460  0.390303  0.682053  0.364169  0.560019  0.492283  0.606972  0.448860  0.238563  0.345410  0.377453  0.397376  0.502517  0.330932  0.402921  0.470007  0.355276  0.346708  0.384843  0.207317  0.331403  0.513916  0.279683  0.436771  0.474044  0.314929  0.528320  0.397712  0.252886  0.415424  0.441608  0.390287  0.378120  0.291790  0.412328  0.452102  0.502704  0.414503  0.420108  0.464460  0.406105  0.328314  0.370294  0.433344  0.472556  0.348780  0.282405  0.419036  0.404874  0.481574  0.409491  0.399112  0.440063  0.384719  0.555530  0.437406  0.330219  0.373741  0.327705  0.453192  0.425184  0.571521  0.478932  0.359749  0.477858  0.467147  0.493795  0.500719  0.471726  0.503997  0.232606  0.445947  0.491425  0.474084  0.456517  0.534609  0.721429  0.445078  0.534387  0.434057  0.461301  0.673461  0.344049  0.400781  0.422376  0.470277  0.438691  0.458200  0.432072  0.693289  0.484280  0.729997  0.493370  0.396102  0.420430  0.387870  0.729169  0.434588  0.475661  0.435332  0.564217  0.498373  0.485682  0.418836  0.466550  0.416876  0.427306  0.531547  0.427235  0.468565  0.466188  0.433118  0.249405  0.425020  0.422582  0.464355  0.523960  0.470225  0.412190  0.434322  0.434572  0.427838  0.339587  0.622464  0.728694  0.474838  0.462563  0.506863  0.590975  0.513744  0.523066  0.455750  0.486727  0.458640  0.398542  0.433391  0.547860  0.468163  0.456582  0.370740  0.385553  0.339578  0.725446  0.343809  0.493344  0.389035  0.677678  0.512376  0.445355  0.446074  0.470827  0.583636  0.433249  0.387506  0.510750  0.393734  0.448211  0.457760  0.813957  0.535252  0.386328  0.602636  0.649789  0.349978  0.666167  0.544764  0.364698  0.507213  0.342438  0.414721  0.474790 
19  0.480645  0.518949  0.539672  0.510186  0.527547  0.430939  0.500430  0.493650  0.600524  0.492847  0.748189  0.555001  0.477326  0.550335  0.343078  0.519416  0.513805  0.412014  0.440771 0.0  0.503555  0.526475  0.502229  0.539125  0.710602  0.486559  0.542235  0.497559  0.558773  0.570148  0.564893  0.504244  0.696026  0.476583  0.415036  0.485292  0.526164  0.492902  0.207450  0.533053  0.646290  0.555418  0.556660  0.469382  0.459867  0.526251  0.467861  0.605886  0.571269  0.527145  0.314835  0.482151  0.262868  0.497247  0.536269  0.503115  0.556696  0.483780  0.574324  0.539937  0.507659  0.441999  0.620104  0.553187  0.550641  0.614111  0.559443  0.529914  0.619365  0.412544  0.626482  0.525362  0.447382  0.508938  0.558345  0.569431  0.489428  0.408711  0.610610  0.557555  0.552542  0.555362  0.420351  0.540726  0.395809  0.541711  0.618341  0.618197  0.502853  0.486471  0.531307  0.430496  0.501921  0.626551  0.513727  0.549041  0.464575  0.597046  0.502772  0.558492  0.540497  0.664371  0.580722  0.588301  0.517234  0.449381  0.556420  0.571397  0.528158  0.538478  0.407153  0.560253  0.565551  0.474084  0.600678  0.613077  0.516224  0.683988  0.496106  0.479973  0.541400  0.529969  0.772660  0.667968  0.446592  0.564926  0.570961  0.583567  0.607101  0.407334  0.568851  0.485392  0.526367  0.221081  0.522995  0.595180  0.523530  0.570883  0.471358  0.589952  0.551525  0.240385  0.569133  0.567611  0.563377  0.538484  0.489381  0.567209  0.508649  0.618270  0.682750  0.626474  0.661674  0.515079  0.632505  0.564178  0.594272  0.530024  0.460591  0.566231  0.561237  0.491104  0.634335  0.542695  0.583625  0.636165  0.519411  0.488177  0.735905  0.512393  0.778378  0.442726  0.624849  0.533076  0.600286  0.574038  0.381090  0.564109  0.556879  0.537404  0.308681  0.550220  0.550694  0.534793  0.681060  0.614867  0.567837  0.305545  0.820933  0.459749  0.643994  0.584544  0.504809  0.571675  0.463030  0.521716  0.587475 
