197
0 0.0  0.360859  0.343287  0.205468  0.241501  0.191524  0.198905  0.354458  0.415066  0.436637  0.722724  0.360586  0.323130  0.484507  0.495765  0.419006  0.284065  0.274884  0.236338  0.516215  0.342078  0.349656  0.390767  0.384542  0.571715  0.463079  0.411154  0.317981  0.641699  0.345731  0.441612  0.422476  0.753129  0.385342  0.268160  0.375378  0.348163  0.338812  0.429776  0.455476  0.411332  0.424022  0.349801  0.395456  0.389825  0.183179  0.365489  0.462250  0.272077  0.390001  0.440605  0.267364  0.479108  0.358923  0.191980  0.386085  0.375867  0.359046  0.337336  0.282260  0.375421  0.453720  0.419509  0.399635  0.429098  0.384639  0.448481  0.339415  0.368226  0.479273  0.486276  0.374716  0.270834  0.374155  0.424380  0.452989  0.351830  0.353276  0.372261  0.379442  0.428525  0.378906  0.347824  0.382537  0.367846  0.373475  0.387022  0.712571  0.467652  0.380799  0.381595  0.347343  0.402538  0.336899  0.438596  0.423095  0.197989  0.434977  0.417638  0.415452  0.447319  0.732368  0.695244  0.382901  0.382722  0.372911  0.408666  0.725891  0.354877  0.402879  0.457318  0.436503  0.422614  0.404259  0.373813  0.630736  0.384072  0.673384  0.362627  0.392465  0.356508  0.395472  0.694853  0.478805  0.432388  0.332816  0.423703  0.396798  0.354814  0.305520  0.431977  0.457106  0.469247  0.399729  0.349604  0.423752  0.424322  0.304901  0.170624  0.382619  0.374087  0.430930  0.478294  0.422692  0.365927  0.398861  0.305905  0.368842  0.323904  0.765451  0.738715  0.415696  0.461071  0.402965  0.565684  0.526543  0.444368  0.467105  0.459102  0.458165  0.395486  0.398340  0.420194  0.401577  0.404312  0.395476  0.347600  0.333848  0.692517  0.375719  0.414186  0.369500  0.620205  0.414596  0.493513  0.416302  0.414885  0.670002  0.374752  0.406205  0.473639  0.367417  0.429170  0.418103  0.671014  0.462004  0.334460  0.558953  0.781196  0.358045  0.574959  0.453195  0.415555  0.427934  0.398665  0.438248  0.456745 
1  0.360859 0.0  0.311421  0.328969  0.440872  0.388223  0.403085  0.276335  0.315545  0.451796  0.781290  0.349961  0.323280  0.322889  0.524394  0.334635  0.244155  0.272720  0.449921  0.546742  0.387276  0.297925  0.263724  0.324736  0.670874  0.310754  0.293977  0.347511  0.636255  0.425642  0.366064  0.314276  0.680321  0.387650  0.267465  0.273086  0.431677  0.344444  0.485730  0.328230  0.359772  0.404582  0.349793  0.295873  0.250438  0.350178  0.262303  0.353466  0.376375  0.308562  0.507094  0.433805  0.416409  0.273434  0.362630  0.393128  0.377758  0.216797  0.344365  0.377445  0.254852  0.344265  0.322632  0.310365  0.313268  0.301569  0.320913  0.279808  0.329587  0.445920  0.324316  0.262242  0.293712  0.310873  0.231235  0.309742  0.408798  0.332673  0.305346  0.339789  0.306024  0.340205  0.437871  0.384215  0.422737  0.343380  0.333210  0.695970  0.308135  0.306203  0.388298  0.282762  0.344879  0.320229  0.324164  0.307583  0.363831  0.407980  0.374368  0.319014  0.451829  0.739993  0.665167  0.447423  0.331937  0.280989  0.407661  0.620651  0.352309  0.401302  0.375720  0.352069  0.335264  0.343387  0.332377  0.681169  0.347229  0.704281  0.309734  0.351041  0.267831  0.427475  0.686395  0.339434  0.333613  0.411100  0.333880  0.378992  0.356192  0.348698  0.393080  0.364321  0.345659  0.510057  0.325919  0.380348  0.365286  0.310234  0.316068  0.293945  0.291776  0.442438  0.383393  0.313524  0.303903  0.408195  0.174850  0.175357  0.289216  0.662934  0.668604  0.321430  0.371794  0.316121  0.626319  0.412208  0.321262  0.304728  0.342456  0.395922  0.364075  0.283369  0.330694  0.319381  0.347230  0.282035  0.395750  0.355198  0.687613  0.385248  0.414665  0.433433  0.635100  0.316797  0.331245  0.353121  0.286168  0.670660  0.287863  0.263133  0.500493  0.307999  0.338631  0.428242  0.663464  0.284233  0.299400  0.494520  0.688327  0.378334  0.742382  0.360490  0.411453  0.359046  0.300443  0.421365  0.347609 
2  0.343287  0.311421 0.0  0.422092  0.422491  0.375996  0.351757  0.177186  0.198326  0.398255  0.717236  0.208877  0.272547  0.254451  0.524729  0.310157  0.247833  0.236720  0.487870  0.522942  0.361329  0.286746  0.227409  0.252858  0.664913  0.263052  0.253441  0.250430  0.656303  0.482649  0.320957  0.241175  0.636427  0.386904  0.343467  0.290853  0.450407  0.425674  0.531841  0.214013  0.260955  0.405239  0.238287  0.278193  0.268581  0.442762  0.286262  0.354564  0.339159  0.228699  0.548319  0.376053  0.456392  0.241430  0.327943  0.330135  0.383846  0.289167  0.432472  0.371101  0.291233  0.318971  0.269229  0.291684  0.252094  0.258692  0.235417  0.284452  0.261238  0.457815  0.302436  0.249074  0.324133  0.276736  0.282044  0.311935  0.340052  0.344801  0.309963  0.279244  0.297960  0.263514  0.341294  0.357049  0.357483  0.225646  0.261778  0.668786  0.265560  0.229648  0.287333  0.223065  0.275948  0.281444  0.271957  0.235801  0.339905  0.470577  0.250763  0.250715  0.474864  0.727293  0.766003  0.445281  0.216086  0.190886  0.344673  0.733013  0.372455  0.415594  0.257901  0.364568  0.175159  0.227643  0.258947  0.739280  0.284198  0.527428  0.209040  0.238110  0.250534  0.377813  0.628174  0.293255  0.316736  0.394808  0.296196  0.423564  0.293487  0.385146  0.354729  0.396049  0.249891  0.551120  0.241741  0.356239  0.286681  0.194178  0.368079  0.309577  0.189936  0.486920  0.251334  0.264242  0.257748  0.368736  0.337556  0.329745  0.263590  0.591341  0.720067  0.290412  0.305052  0.279722  0.656887  0.331847  0.339108  0.244565  0.313789  0.318292  0.275851  0.238529  0.317745  0.276847  0.253150  0.231129  0.394677  0.337782  0.555989  0.395135  0.309021  0.355817  0.864188  0.280919  0.351658  0.307526  0.281472  0.633079  0.197541  0.241920  0.528829  0.200903  0.263909  0.417935  0.655623  0.293812  0.203030  0.458711  0.801563  0.397556  0.793061  0.335281  0.391872  0.291943  0.268479  0.489094  0.350177 
3  0.205468  0.328969  0.422092 0.0  0.188432  0.201676  0.168693  0.375665  0.416484  0.431180  0.747095  0.415439  0.378414  0.460689  0.428563  0.471716  0.368163  0.345317  0.220825  0.451209  0.328462  0.368352  0.457539  0.470190  0.624573  0.424197  0.373254  0.446296  0.654570  0.420532  0.427008  0.476358  0.699884  0.470330  0.241097  0.391135  0.410321  0.410514  0.461827  0.410600  0.369845  0.379777  0.436897  0.414480  0.335673  0.201030  0.329603  0.552302  0.303235  0.402317  0.501692  0.260274  0.542674  0.351749  0.236436  0.349168  0.342328  0.412287  0.355407  0.293193  0.365739  0.451765  0.421107  0.392865  0.419304  0.435564  0.410681  0.352502  0.398478  0.396116  0.430526  0.381771  0.301781  0.411325  0.452331  0.465551  0.354967  0.463696  0.450323  0.505495  0.407665  0.437010  0.388550  0.381775  0.376595  0.426827  0.435595  0.660565  0.471325  0.410407  0.477174  0.426013  0.428229  0.458931  0.447507  0.465787  0.193383  0.502543  0.421203  0.421712  0.454612  0.814600  0.758154  0.404335  0.454421  0.415244  0.453512  0.698327  0.406193  0.445499  0.392739  0.418401  0.417652  0.507492  0.453927  0.602504  0.455706  0.766417  0.425858  0.385663  0.425502  0.388253  0.660844  0.479013  0.447042  0.452154  0.458191  0.501910  0.374615  0.375318  0.458066  0.339275  0.500139  0.581643  0.394329  0.471962  0.394343  0.414606  0.151525  0.365444  0.386129  0.478718  0.518080  0.453991  0.432869  0.414595  0.342551  0.396601  0.418980  0.640302  0.776338  0.453738  0.487143  0.411422  0.621904  0.474327  0.437325  0.416405  0.450710  0.438775  0.367107  0.365745  0.413537  0.425573  0.479039  0.378390  0.371620  0.348714  0.601516  0.370602  0.532192  0.394182  0.647845  0.369239  0.450456  0.458874  0.427957  0.669991  0.448461  0.326453  0.506017  0.440656  0.429696  0.459556  0.599645  0.356654  0.454743  0.627232  0.741352  0.395436  0.664337  0.523376  0.396061  0.460648  0.392446  0.464752  0.474263 
4  0.241501  0.440872  0.422491  0.188432 0.0  0.206646  0.169690  0.368741  0.387982  0.445956  0.674955  0.449555  0.400791  0.462338  0.553074  0.495005  0.379275  0.442001  0.202029  0.483878  0.367152  0.381324  0.405915  0.465926  0.659172  0.457323  0.433553  0.414171  0.594315  0.395910  0.436933  0.513022  0.623124  0.463737  0.265974  0.359942  0.422293  0.378308  0.519573  0.411359  0.503524  0.388745  0.336169  0.369883  0.356197  0.189045  0.297716  0.543034  0.225197  0.467253  0.554898  0.336657  0.476834  0.349655  0.221974  0.422849  0.381675  0.449120  0.464186  0.243845  0.371293  0.515988  0.521672  0.415112  0.452004  0.438932  0.448867  0.334550  0.339584  0.548104  0.420196  0.379154  0.269573  0.350981  0.394825  0.548806  0.398775  0.349701  0.491050  0.435102  0.459040  0.433304  0.366249  0.391897  0.417308  0.457014  0.452251  0.677429  0.454131  0.362263  0.479332  0.339989  0.395908  0.470623  0.468252  0.374667  0.207158  0.426359  0.408254  0.447863  0.443216  0.696928  0.731121  0.446284  0.396938  0.356329  0.388100  0.707866  0.390912  0.407979  0.376620  0.415675  0.456639  0.421808  0.415350  0.666809  0.490927  0.603745  0.388724  0.472754  0.381401  0.376312  0.680032  0.521308  0.515882  0.344220  0.540354  0.410793  0.451049  0.415746  0.461843  0.389186  0.485754  0.517106  0.443015  0.365750  0.422537  0.390155  0.168773  0.372421  0.383705  0.552856  0.477057  0.381117  0.357815  0.423844  0.346632  0.430858  0.354152  0.763044  0.722196  0.515904  0.453014  0.560709  0.593196  0.507836  0.511403  0.481122  0.459303  0.529633  0.396364  0.431084  0.531159  0.463026  0.435259  0.398100  0.354952  0.247608  0.679728  0.383234  0.547275  0.358088  0.750298  0.477921  0.490037  0.500139  0.358575  0.666317  0.393878  0.380285  0.542738  0.376048  0.548793  0.362351  0.695118  0.466552  0.465754  0.602431  0.731778  0.376315  0.688777  0.481279  0.426559  0.409689  0.389053  0.427905  0.485204 
5  0.191524  0.388223  0.375996  0.201676  0.206646 0.0  0.236310  0.401987  0.403751  0.392452  0.716726  0.376581  0.369163  0.408937  0.540534  0.368801  0.384304  0.417684  0.227223  0.545390  0.336053  0.385244  0.424929  0.409865  0.696676  0.458906  0.394096  0.376633  0.619911  0.373865  0.392248  0.413304  0.631380  0.380627  0.309896  0.334572  0.344563  0.381480  0.551515  0.395010  0.423830  0.377048  0.417782  0.374998  0.331935  0.205147  0.402851  0.452141  0.288234  0.401419  0.534859  0.279468  0.521970  0.401842  0.217910  0.393024  0.386318  0.317204  0.335161  0.277432  0.371337  0.454200  0.448607  0.453590  0.423615  0.462789  0.402363  0.354779  0.363485  0.554409  0.450504  0.383089  0.281062  0.379650  0.330674  0.486349  0.322345  0.350880  0.453698  0.407612  0.378608  0.425750  0.354110  0.332494  0.362485  0.404469  0.415197  0.645901  0.397482  0.366472  0.413183  0.389596  0.424637  0.441221  0.434448  0.386368  0.224018  0.430216  0.411292  0.437759  0.526812  0.625562  0.725194  0.388308  0.344318  0.406515  0.362182  0.773807  0.330117  0.387153  0.418376  0.374005  0.317339  0.390437  0.428127  0.602513  0.465000  0.646611  0.327584  0.384415  0.371861  0.327654  0.672975  0.479479  0.442806  0.364723  0.468206  0.433567  0.440460  0.336065  0.422840  0.427805  0.429544  0.462523  0.442922  0.446936  0.442203  0.392342  0.213231  0.430163  0.371363  0.502242  0.443118  0.419459  0.374125  0.452583  0.356323  0.399423  0.377293  0.595270  0.754927  0.522233  0.440796  0.463204  0.689607  0.429344  0.457321  0.489825  0.451572  0.385667  0.357858  0.370096  0.503378  0.509505  0.429099  0.389098  0.360405  0.372260  0.670364  0.297264  0.477116  0.375055  0.708905  0.445990  0.461168  0.465643  0.420876  0.678916  0.395148  0.346591  0.463162  0.372349  0.443768  0.362055  0.761235  0.455032  0.427398  0.525036  0.791977  0.354098  0.747733  0.409816  0.359829  0.458619  0.375868  0.359971  0.451354 
6  0.198905  0.403085  0.351757  0.168693  0.169690  0.236310 0.0  0.432993  0.398728  0.438651  0.758056  0.465489  0.424580  0.417922  0.487725  0.443262  0.336225  0.435478  0.177045  0.458365  0.380712  0.346450  0.396501  0.485303  0.662594  0.477546  0.469555  0.380541  0.701870  0.365477  0.437276  0.430522  0.600481  0.390321  0.263577  0.405418  0.382772  0.375980  0.491095  0.353573  0.377401  0.437409  0.436299  0.446248  0.361729  0.179204  0.345991  0.509959  0.255499  0.406810  0.557515  0.284545  0.482806  0.344689  0.214857  0.347062  0.392909  0.399910  0.329978  0.265557  0.381380  0.480525  0.454866  0.407735  0.437591  0.511382  0.424728  0.407601  0.391310  0.498825  0.434081  0.385640  0.275485  0.447203  0.420710  0.394464  0.352784  0.415490  0.444961  0.430182  0.428171  0.439165  0.332993  0.319032  0.367189  0.390421  0.434239  0.665328  0.465702  0.442477  0.420965  0.418752  0.451069  0.481659  0.486933  0.354357  0.203656  0.429146  0.519976  0.391785  0.410790  0.651920  0.745842  0.468223  0.428612  0.375905  0.378310  0.707439  0.444819  0.430089  0.454846  0.463234  0.407652  0.444988  0.491513  0.650833  0.519557  0.656125  0.413008  0.471295  0.394141  0.359317  0.778205  0.474106  0.463697  0.428684  0.482440  0.450581  0.430276  0.415779  0.475124  0.453398  0.423891  0.450672  0.355550  0.435199  0.457281  0.448049  0.200859  0.459744  0.331998  0.504843  0.488987  0.430042  0.345590  0.482462  0.414877  0.434077  0.391636  0.666052  0.689243  0.445943  0.505861  0.427574  0.663403  0.447801  0.441370  0.495725  0.410001  0.462625  0.414045  0.404973  0.516014  0.390946  0.439871  0.374692  0.414605  0.318133  0.781150  0.370546  0.547488  0.327987  0.655320  0.505160  0.416629  0.396559  0.417136  0.641805  0.357546  0.350817  0.460216  0.434768  0.448756  0.435105  0.716654  0.508816  0.420818  0.549533  0.689291  0.407063  0.717191  0.496421  0.397384  0.483259  0.374742  0.476308  0.431817 
7  0.354458  0.276335  0.177186  0.375665  0.368741  0.401987  0.432993 0.0  0.164428  0.409192  0.673778  0.207221  0.240497  0.256879  0.493407  0.275753  0.235289  0.224361  0.425227  0.532991  0.414647  0.278529  0.224703  0.214223  0.657515  0.242072  0.258652  0.219648  0.666581  0.405021  0.274053  0.317127  0.692073  0.412335  0.314714  0.277783  0.432393  0.407374  0.574913  0.221150  0.239506  0.374950  0.238043  0.267015  0.260717  0.391232  0.260986  0.355681  0.336013  0.208397  0.559500  0.413257  0.493996  0.200766  0.395722  0.379964  0.344065  0.307350  0.343252  0.365968  0.344110  0.293606  0.241622  0.240299  0.290360  0.290370  0.190656  0.285408  0.309896  0.473541  0.283175  0.220296  0.293236  0.281568  0.284388  0.284041  0.392084  0.307887  0.314222  0.271767  0.289271  0.245009  0.374282  0.363056  0.399285  0.265171  0.252998  0.487757  0.280334  0.201622  0.289945  0.204592  0.254472  0.280117  0.262985  0.231779  0.362382  0.351818  0.317689  0.239822  0.399703  0.673295  0.736722  0.313855  0.209707  0.191748  0.356612  0.681685  0.318920  0.353746  0.218068  0.380188  0.200563  0.242939  0.266792  0.730771  0.281263  0.713119  0.184346  0.219518  0.268231  0.396444  0.726885  0.288293  0.340973  0.391066  0.260621  0.419873  0.262298  0.418886  0.285972  0.429280  0.276630  0.475983  0.238572  0.337308  0.263685  0.205862  0.440259  0.244993  0.156838  0.495607  0.315389  0.255861  0.288706  0.443311  0.264646  0.279415  0.265267  0.647297  0.585863  0.295009  0.295692  0.266119  0.630514  0.325761  0.290874  0.272418  0.263686  0.299371  0.231067  0.219877  0.320852  0.256236  0.316104  0.235040  0.349055  0.332964  0.587108  0.492259  0.308563  0.369428  0.720999  0.312905  0.231606  0.311494  0.269160  0.562335  0.201503  0.244910  0.434143  0.192870  0.294559  0.350745  0.755911  0.255420  0.221279  0.587761  0.760766  0.355805  0.760379  0.301558  0.406450  0.325349  0.257100  0.371225  0.281385 
8  0.415066  0.315545  0.198326  0.416484  0.387982  0.403751  0.398728  0.164428 0.0  0.448976  0.742439  0.233658  0.255398  0.254423  0.613427  0.240126  0.278555  0.229457  0.387019  0.473737  0.377267  0.285534  0.200274  0.234210  0.596971  0.249922  0.254884  0.226614  0.711654  0.386857  0.306826  0.274696  0.827504  0.355005  0.305554  0.240951  0.360132  0.450843  0.596385  0.232155  0.266222  0.388273  0.232953  0.366993  0.282892  0.446862  0.279903  0.296217  0.349623  0.243595  0.527329  0.399663  0.515740  0.260326  0.351175  0.466987  0.398511  0.304828  0.321312  0.355917  0.323719  0.297340  0.265511  0.301888  0.287359  0.261099  0.236259  0.260465  0.333085  0.511857  0.286961  0.256255  0.352538  0.282912  0.296311  0.323418  0.385061  0.424799  0.298241  0.307616  0.303584  0.251729  0.381363  0.431084  0.375902  0.252321  0.218886  0.539286  0.235464  0.255589  0.215930  0.238852  0.252839  0.301288  0.280821  0.273087  0.399072  0.426998  0.260604  0.259462  0.390720  0.615284  0.636518  0.397490  0.234174  0.166455  0.392802  0.667694  0.370618  0.438479  0.267414  0.410836  0.180041  0.220102  0.269889  0.740767  0.339161  0.837001  0.191555  0.235385  0.238888  0.398793  0.700063  0.295389  0.284691  0.375102  0.303568  0.401685  0.282310  0.415777  0.347325  0.354491  0.235587  0.535076  0.224416  0.331905  0.303118  0.242297  0.457668  0.271032  0.192378  0.561107  0.295982  0.247121  0.312273  0.401677  0.263615  0.335718  0.282315  0.642206  0.765331  0.258171  0.288094  0.265066  0.644493  0.326093  0.325582  0.238883  0.285786  0.300220  0.251365  0.238128  0.303632  0.333547  0.289245  0.253712  0.398793  0.398100  0.639586  0.410598  0.302327  0.413725  0.843471  0.312912  0.245837  0.267648  0.257529  0.695257  0.196293  0.211774  0.599089  0.218825  0.320048  0.417247  0.744586  0.270324  0.216756  0.516926  0.685599  0.428276  0.596312  0.330943  0.301460  0.308956  0.286418  0.376490  0.278995 
9  0.436637  0.451796  0.398255  0.431180  0.445956  0.392452  0.438651  0.409192  0.448976 0.0  0.805987  0.446875  0.320175  0.414785  0.544261  0.447766  0.356212  0.440594  0.455925  0.512186  0.323016  0.419395  0.423624  0.380787  0.714775  0.397583  0.420334  0.411570  0.658408  0.358326  0.453785  0.454385  0.842994  0.208018  0.341405  0.377465  0.416808  0.341101  0.592546  0.382882  0.374918  0.330409  0.360719  0.330383  0.382139  0.371615  0.343571  0.493322  0.377566  0.409277  0.451069  0.403486  0.519379  0.372198  0.402702  0.223407  0.158573  0.359561  0.470956  0.424359  0.370228  0.403071  0.395443  0.476801  0.466106  0.454649  0.387275  0.340877  0.316808  0.488397  0.441242  0.398006  0.347220  0.330671  0.387586  0.429175  0.334122  0.286720  0.415734  0.448576  0.431724  0.408420  0.377587  0.513598  0.351488  0.378915  0.385691  0.580353  0.396013  0.389898  0.488250  0.457596  0.462864  0.473639  0.485971  0.387763  0.382443  0.217500  0.426890  0.408449  0.225310  0.696517  0.708929  0.180092  0.352589  0.374139  0.234429  0.874662  0.222957  0.174856  0.439573  0.212338  0.331265  0.385540  0.372890  0.777061  0.457982  0.663193  0.403371  0.353846  0.403105  0.385872  0.665556  0.406914  0.462726  0.261108  0.477926  0.180165  0.372865  0.335308  0.415727  0.209282  0.445476  0.544071  0.362135  0.173253  0.448344  0.404742  0.406906  0.423569  0.389264  0.539697  0.497431  0.341770  0.391596  0.196224  0.389829  0.407905  0.338618  0.632031  0.719573  0.445018  0.457501  0.430241  0.639757  0.465120  0.402502  0.398656  0.451569  0.458270  0.380363  0.392942  0.428303  0.373456  0.437576  0.405019  0.262939  0.406194  0.788129  0.358022  0.507330  0.365525  0.759176  0.400664  0.472611  0.459688  0.398818  0.641192  0.404269  0.382996  0.533762  0.434841  0.388085  0.249251  0.750896  0.437054  0.387767  0.566636  0.734101  0.294856  0.843978  0.491255  0.362337  0.468711  0.349792  0.220943  0.482483 
10  0.722724  0.781290  0.717236  0.747095  0.674955  0.716726  0.758056  0.673778  0.742439  0.805987 0.0  0.549568  0.793963  0.752874  0.670316  0.781059  0.744998  0.785356  0.746572  0.614674  0.676196  0.593290  0.622289  0.745535  0.473706  0.823822  0.794893  0.618657  0.456946  0.722640  0.867767  0.857598  0.386885  0.734008  0.563474  0.747994  0.639591  0.679306  0.862404  0.742790  0.734435  0.757037  0.750378  0.612486  0.657246  0.679503  0.815714  0.799294  0.712596  0.807655  0.696707  0.754787  0.702861  0.653337  0.705653  0.772371  0.719151  0.773198  0.639028  0.710959  0.766895  0.767980  0.786409  0.807470  0.838962  0.715197  0.738962  0.748708  0.693704  0.581562  0.695028  0.680650  0.686193  0.709033  0.752659  0.777464  0.877390  0.625493  0.814546  0.718765  0.631431  0.697690  0.577254  0.683334  0.659486  0.819388  0.831931  0.541201  0.675709  0.728667  0.854747  0.800738  0.732751  0.821499  0.987402  0.778790  0.781962  0.947455  0.749683  0.785772  0.773338  0.466996  0.168317  0.724666  0.734764  0.633563  0.748446  0.269966  0.807499  0.743950  0.712491  0.863575  0.711390  0.819197  0.722661  0.168876  0.798817  0.155443  0.728976  0.777747  0.880970  0.659469  0.784701  0.848362  0.933639  0.738468  0.795010  0.811050  0.872649  0.717223  0.744749  0.775545  0.738605  0.709655  0.743895  0.743194  0.876268  0.730583  0.666922  0.875320  0.763408  0.620116  0.967965  0.763812  0.815357  0.782252  0.686207  0.757990  0.636782  0.641404  0.617029  0.849423  0.887297  0.763936  0.609943  0.745100  0.814023  0.760602  0.775080  0.767555  0.790094  0.809817  0.886472  0.855744  0.870126  0.739031  0.634060  0.690933  0.398136  0.710363  0.977382  0.604101  0.208264  0.822007  0.716025  0.817898  0.686906  0.712946  0.758109  0.646398  0.544449  0.692616  0.749670  0.780574  0.171951  0.757522  0.671147  0.660487  0.426071  0.693035  0.174357  0.940703  0.728883  0.870728  0.654062  0.706971  0.766653 
11  0.360586  0.349961  0.208877  0.415439  0.449555  0.376581  0.465489  0.207221  0.233658  0.446875  0.549568 0.0  0.189946  0.223981  0.519786  0.252615  0.257072  0.174079  0.472315  0.463064  0.367649  0.262313  0.170232  0.213329  0.701559  0.228858  0.238678  0.188564  0.655852  0.387990  0.271200  0.264869  0.738461  0.451781  0.328760  0.299176  0.484294  0.438344  0.501505  0.202571  0.193668  0.440219  0.196632  0.268362  0.305835  0.404721  0.252290  0.318069  0.371826  0.182028  0.494005  0.407658  0.412729  0.278532  0.381269  0.334729  0.369418  0.339548  0.385423  0.383874  0.237665  0.271316  0.222532  0.219339  0.257239  0.267223  0.187025  0.262162  0.282428  0.461613  0.282749  0.258992  0.320332  0.271584  0.332824  0.263193  0.430853  0.435264  0.271314  0.230888  0.235945  0.281266  0.395682  0.441064  0.437633  0.232013  0.239992  0.617723  0.239845  0.214217  0.235016  0.180832  0.240394  0.264870  0.259425  0.203164  0.334539  0.422590  0.265072  0.213472  0.430037  0.604903  0.820911  0.429996  0.190059  0.230282  0.372757  0.581874  0.369154  0.340442  0.189002  0.439666  0.207701  0.159425  0.270126  0.698800  0.300929  0.740975  0.208776  0.166297  0.280906  0.451254  0.665413  0.285274  0.256212  0.380750  0.257217  0.403248  0.216205  0.442036  0.252617  0.368736  0.236720  0.524553  0.184889  0.356808  0.252097  0.221922  0.436526  0.244552  0.178631  0.497833  0.255733  0.205120  0.276129  0.394471  0.276760  0.269385  0.302743  0.679552  0.683782  0.273295  0.252641  0.225843  0.678097  0.292913  0.277430  0.241032  0.247228  0.281097  0.242893  0.205308  0.256382  0.260427  0.280123  0.206813  0.398594  0.382447  0.715357  0.422341  0.272573  0.449086  0.732851  0.262136  0.290381  0.273867  0.252316  0.606190  0.185824  0.204344  0.556901  0.219531  0.248613  0.387399  0.734005  0.229877  0.212354  0.617829  0.628848  0.381361  0.805131  0.311842  0.408723  0.274829  0.296004  0.418721  0.275662 
12  0.323130  0.323280  0.272547  0.378414  0.400791  0.369163  0.424580  0.240497  0.255398  0.320175  0.793963  0.189946 0.0  0.217159  0.565443  0.191689  0.298560  0.166589  0.402569  0.492692  0.409492  0.288662  0.174414  0.195644  0.685033  0.164998  0.150404  0.223298  0.669963  0.425739  0.213743  0.214210  0.673237  0.312205  0.320106  0.304821  0.394429  0.408565  0.559514  0.214696  0.200847  0.398696  0.228540  0.340738  0.283957  0.388032  0.299543  0.238316  0.423949  0.221413  0.501166  0.453977  0.531033  0.320342  0.386291  0.417010  0.376138  0.341566  0.385758  0.384956  0.316481  0.207415  0.223072  0.190475  0.186374  0.179400  0.212178  0.279567  0.341139  0.596101  0.196592  0.278255  0.277293  0.353779  0.349223  0.211935  0.360077  0.428593  0.226322  0.210404  0.187404  0.210186  0.373519  0.408263  0.439159  0.210756  0.206222  0.677759  0.221611  0.230315  0.188269  0.177126  0.166108  0.176676  0.201754  0.185636  0.366991  0.388745  0.187438  0.215183  0.392198  0.703904  0.713924  0.433653  0.176893  0.263683  0.346055  0.773668  0.387823  0.365557  0.207959  0.384037  0.271161  0.155831  0.281373  0.819596  0.207117  0.663955  0.235643  0.199120  0.269130  0.483966  0.603293  0.238974  0.253603  0.419925  0.227386  0.433613  0.194437  0.407248  0.240187  0.348882  0.230321  0.520922  0.182953  0.337179  0.197753  0.268338  0.399862  0.168763  0.243754  0.480330  0.255142  0.157223  0.296501  0.379681  0.278044  0.277576  0.291475  0.604553  0.740724  0.191033  0.242177  0.191664  0.686404  0.245859  0.207419  0.196117  0.222937  0.282729  0.202914  0.158985  0.219205  0.221102  0.252182  0.208260  0.365365  0.405768  0.730219  0.454003  0.255112  0.402313  0.869405  0.195303  0.223648  0.191112  0.178544  0.613204  0.239840  0.207288  0.475821  0.235506  0.190557  0.439903  0.719351  0.233034  0.222519  0.682383  0.683356  0.421594  0.774835  0.250207  0.429786  0.236306  0.319574  0.427977  0.228475 
13  0.484507  0.322889  0.254451  0.460689  0.462338  0.408937  0.417922  0.256879  0.254423  0.414785  0.752874  0.223981  0.217159 0.0  0.584659  0.160952  0.279732  0.233038  0.510027  0.531343  0.450446  0.322377  0.232481  0.212334  0.670961  0.203838  0.208013  0.269653  0.665369  0.492178  0.197541  0.178759  0.736627  0.373313  0.330765  0.293410  0.371137  0.519079  0.540618  0.193650  0.206843  0.425816  0.246628  0.336604  0.295007  0.388648  0.289286  0.257285  0.369629  0.206608  0.584097  0.422895  0.526177  0.287104  0.447996  0.374756  0.400154  0.309773  0.469870  0.448659  0.344335  0.216295  0.199799  0.188977  0.212152  0.193620  0.209112  0.305210  0.372440  0.527885  0.214931  0.296877  0.317996  0.296131  0.341619  0.202321  0.381462  0.431218  0.203100  0.179039  0.207923  0.175749  0.486302  0.405993  0.506683  0.181808  0.175932  0.550002  0.216782  0.197084  0.191000  0.251523  0.203662  0.191675  0.177695  0.212166  0.451932  0.387089  0.196268  0.211891  0.375809  0.829543  0.816690  0.408984  0.241015  0.255008  0.344566  0.684239  0.419077  0.390164  0.224859  0.419712  0.253353  0.215401  0.267079  0.755979  0.246421  0.723920  0.271607  0.227864  0.314480  0.437916  0.710578  0.189952  0.245186  0.363699  0.219035  0.374704  0.211730  0.502667  0.240757  0.352785  0.205590  0.508497  0.246752  0.360115  0.191608  0.225890  0.420123  0.185707  0.243897  0.495300  0.212186  0.245159  0.353667  0.366387  0.323183  0.372558  0.341593  0.602279  0.735354  0.216161  0.223688  0.215423  0.541123  0.244913  0.218389  0.186472  0.198038  0.243223  0.208096  0.223271  0.212766  0.214372  0.189141  0.219440  0.413475  0.370162  0.713535  0.448550  0.261766  0.409596  0.951187  0.207465  0.206466  0.187731  0.182712  0.706325  0.241848  0.251437  0.539187  0.251740  0.196572  0.452952  0.777386  0.276984  0.217003  0.514117  0.718075  0.390574  0.729650  0.214277  0.455603  0.212946  0.330439  0.374288  0.253315 
14  0.495765  0.524394  0.524729  0.428563  0.553074  0.540534  0.487725  0.493407  0.613427  0.544261  0.670316  0.519786  0.565443  0.584659 0.0  0.563201  0.526524  0.541470  0.556135  0.351866  0.507611  0.533060  0.502232  0.463805  0.659385  0.580285  0.653933  0.477182  0.733831  0.433663  0.659491  0.668539  0.575042  0.518445  0.411096  0.518604  0.443729  0.529569  0.367563  0.520750  0.487260  0.601205  0.527385  0.479765  0.485483  0.559408  0.485095  0.608057  0.438651  0.602190  0.420362  0.526809  0.423178  0.483011  0.457390  0.540106  0.567475  0.537213  0.518602  0.505224  0.516731  0.582343  0.578588  0.493650  0.513382  0.568497  0.613785  0.498497  0.484918  0.532807  0.628678  0.504660  0.397416  0.586423  0.551973  0.660470  0.544337  0.526173  0.533168  0.618581  0.607734  0.609594  0.486677  0.453138  0.589504  0.603396  0.571981  0.569661  0.665764  0.485445  0.507206  0.493092  0.599578  0.670387  0.574621  0.590473  0.539758  0.590525  0.572879  0.546851  0.572144  0.762280  0.575772  0.606430  0.488186  0.506785  0.492309  0.713782  0.638299  0.496911  0.486154  0.591536  0.468819  0.516051  0.574536  0.571454  0.560856  0.724368  0.510057  0.599748  0.563210  0.507402  0.880475  0.509331  0.542828  0.576625  0.615297  0.616523  0.575716  0.509163  0.681230  0.575543  0.561372  0.349514  0.591126  0.538055  0.617763  0.558967  0.532458  0.620459  0.474829  0.320854  0.509978  0.558730  0.495934  0.616848  0.542299  0.500537  0.554850  0.652680  0.752917  0.578248  0.577158  0.627687  0.665177  0.578789  0.640173  0.623282  0.590664  0.681668  0.507463  0.558323  0.479760  0.638601  0.658802  0.665124  0.583134  0.513412  0.656739  0.531175  0.651929  0.500026  0.606052  0.611595  0.671394  0.612947  0.553279  0.575806  0.587146  0.489814  0.212256  0.602966  0.635048  0.480156  0.733972  0.593775  0.536136  0.359257  0.715294  0.462176  0.694811  0.580619  0.539560  0.602419  0.447930  0.552742  0.632692 
15  0.419006  0.334635  0.310157  0.471716  0.495005  0.368801  0.443262  0.275753  0.240126  0.447766  0.781059  0.252615  0.191689  0.160952  0.563201 0.0  0.319305  0.241447  0.446440  0.607483  0.399232  0.321133  0.259510  0.227613  0.672064  0.216548  0.194954  0.259789  0.754731  0.511434  0.164197  0.180167  0.735886  0.411449  0.340544  0.346242  0.442482  0.478338  0.588278  0.280873  0.208057  0.472666  0.238945  0.305217  0.336169  0.465566  0.326779  0.236192  0.471754  0.284333  0.487058  0.391992  0.594806  0.312546  0.442418  0.428946  0.393676  0.344880  0.476769  0.411335  0.306377  0.188583  0.186683  0.168432  0.180322  0.164550  0.262753  0.309557  0.379844  0.557627  0.190938  0.292281  0.352694  0.330508  0.308705  0.186168  0.394325  0.413833  0.188851  0.174766  0.170582  0.168596  0.467647  0.427841  0.481110  0.251727  0.200005  0.563176  0.210871  0.220357  0.219278  0.217276  0.193691  0.143696  0.169135  0.221613  0.446693  0.418145  0.191282  0.222544  0.335941  0.642407  0.693537  0.436112  0.222910  0.266212  0.398558  0.764412  0.363854  0.400850  0.218578  0.381907  0.256107  0.206632  0.241070  0.784589  0.198727  0.803831  0.272059  0.259171  0.341082  0.469509  0.666215  0.229820  0.199534  0.462180  0.188703  0.420862  0.196282  0.449087  0.216791  0.374316  0.219498  0.556444  0.256053  0.384380  0.219828  0.289734  0.380477  0.153329  0.263361  0.553762  0.211788  0.221431  0.316009  0.360484  0.330568  0.290613  0.376777  0.588116  0.695345  0.164298  0.222516  0.175346  0.492059  0.239212  0.181091  0.182663  0.165564  0.236577  0.258924  0.219599  0.187934  0.166652  0.175354  0.216237  0.453384  0.376212  0.736597  0.417694  0.252321  0.445370  0.833325  0.163589  0.176677  0.158182  0.206856  0.589313  0.266627  0.222295  0.586933  0.252506  0.191584  0.391444  0.703854  0.226787  0.243936  0.599160  0.883047  0.447392  0.769547  0.208604  0.478901  0.206668  0.355315  0.417775  0.237573 
16  0.284065  0.244155  0.247833  0.368163  0.379275  0.384304  0.336225  0.235289  0.278555  0.356212  0.744998  0.257072  0.298560  0.279732  0.526524  0.319305 0.0  0.249988  0.452691  0.515434  0.343260  0.237762  0.249775  0.273223  0.541262  0.295316  0.334196  0.285356  0.696242  0.395599  0.353249  0.340611  0.752021  0.318367  0.297233  0.291847  0.388325  0.383499  0.524492  0.259739  0.259021  0.385993  0.274933  0.250276  0.276001  0.367412  0.258969  0.388136  0.362559  0.235831  0.489816  0.337961  0.438709  0.177074  0.418078  0.351736  0.299099  0.263483  0.410220  0.372561  0.172303  0.336080  0.307567  0.254873  0.302214  0.349124  0.273594  0.257921  0.210455  0.535599  0.279798  0.219304  0.316038  0.219547  0.271631  0.288391  0.440801  0.322647  0.334887  0.302935  0.320163  0.308247  0.381384  0.395901  0.369857  0.259510  0.294704  0.691909  0.314996  0.278611  0.305822  0.270033  0.348782  0.339119  0.310544  0.239845  0.355748  0.338838  0.368499  0.276485  0.351431  0.670037  0.758551  0.394514  0.241125  0.254199  0.312089  0.713568  0.332606  0.291131  0.267971  0.352671  0.250293  0.305606  0.358755  0.673518  0.368651  0.807258  0.296814  0.279293  0.274810  0.330070  0.686349  0.308606  0.365636  0.349612  0.344067  0.376525  0.274156  0.335466  0.337214  0.403473  0.337912  0.491008  0.271896  0.297055  0.337097  0.261385  0.349353  0.292256  0.276669  0.514557  0.284386  0.339020  0.220792  0.284528  0.235570  0.259477  0.263654  0.571954  0.638855  0.364471  0.301815  0.266157  0.569856  0.338293  0.323378  0.321935  0.341805  0.322619  0.289744  0.272655  0.353059  0.305365  0.344367  0.292041  0.290871  0.348412  0.868251  0.426721  0.316924  0.391531  0.772426  0.286334  0.289368  0.311617  0.323262  0.622065  0.232140  0.286781  0.472977  0.244221  0.313941  0.313802  0.792926  0.402738  0.262479  0.534293  0.789441  0.352428  0.759294  0.345503  0.389288  0.372888  0.260814  0.406099  0.374750 
17  0.274884  0.272720  0.236720  0.345317  0.442001  0.417684  0.435478  0.224361  0.229457  0.440594  0.785356  0.174079  0.166589  0.233038  0.541470  0.241447  0.249988 0.0  0.405125  0.494112  0.356654  0.290703  0.174499  0.205146  0.754783  0.212872  0.186041  0.172784  0.673425  0.436593  0.246615  0.229027  0.663305  0.448466  0.309145  0.282719  0.416809  0.409206  0.566011  0.202537  0.216854  0.432971  0.177520  0.301557  0.269698  0.368195  0.283826  0.302931  0.371493  0.170107  0.419572  0.389978  0.462643  0.263958  0.356338  0.393859  0.397072  0.333515  0.416402  0.357939  0.283381  0.218385  0.244540  0.198305  0.210573  0.217906  0.231610  0.251535  0.282668  0.485951  0.203780  0.294837  0.314210  0.289228  0.314756  0.245458  0.341501  0.399160  0.232169  0.222992  0.238488  0.205730  0.367117  0.413887  0.467588  0.212374  0.242944  0.631827  0.227892  0.247359  0.243228  0.144135  0.221761  0.220572  0.236087  0.201265  0.331565  0.400994  0.207876  0.264136  0.402301  0.694471  0.830945  0.388189  0.215244  0.214223  0.443653  0.639411  0.383947  0.416341  0.204386  0.417075  0.215443  0.181767  0.295391  0.606803  0.217280  0.751861  0.224227  0.179107  0.269191  0.427177  0.753513  0.274650  0.261717  0.443015  0.248259  0.430574  0.225348  0.440728  0.287073  0.328964  0.249829  0.537002  0.184329  0.355367  0.295215  0.242858  0.390619  0.179007  0.197877  0.456054  0.286464  0.165650  0.315324  0.377275  0.260008  0.288071  0.288334  0.677485  0.647547  0.249012  0.265262  0.175827  0.606714  0.307640  0.239941  0.217659  0.207251  0.291463  0.223099  0.155979  0.241547  0.212664  0.277825  0.237257  0.425924  0.383651  0.590468  0.401774  0.322623  0.439687  0.760687  0.222056  0.245675  0.222387  0.191427  0.549374  0.224224  0.186803  0.526895  0.163334  0.199100  0.384272  0.588274  0.274453  0.234586  0.556882  0.646027  0.369284  0.746581  0.260255  0.438899  0.232032  0.295345  0.467992  0.256216 
18  0.236338  0.449921  0.487870  0.220825  0.202029  0.227223  0.177045  0.425227  0.387019  0.455925  0.746572  0.472315  0.402569  0.510027  0.556135  0.446440  0.452691  0.405125 0.0  0.471254  0.407104  0.391152  0.422629  0.458361  0.572051  0.501615  0.419829  0.394409  0.640458  0.374923  0.555374  0.567365  0.570686  0.427253  0.280823  0.320649  0.431943  0.404210  0.484381  0.417906  0.403429  0.431910  0.384932  0.430909  0.384571  0.209874  0.362619  0.499468  0.254379  0.441566  0.564217  0.306041  0.549655  0.386532  0.248475  0.492060  0.437256  0.439274  0.395044  0.302744  0.444637  0.406711  0.444327  0.462038  0.450863  0.403191  0.426015  0.387537  0.442404  0.485422  0.515199  0.420961  0.291778  0.378468  0.473896  0.383191  0.406712  0.455315  0.495446  0.437547  0.433698  0.423535  0.381340  0.320732  0.359854  0.521865  0.405769  0.612017  0.464239  0.423194  0.413725  0.446388  0.460731  0.483916  0.441308  0.454630  0.260724  0.409892  0.469343  0.452310  0.453810  0.680719  0.577936  0.517250  0.416697  0.344401  0.394507  0.680200  0.513316  0.382478  0.435527  0.498475  0.411297  0.478066  0.467011  0.736799  0.441193  0.691606  0.441129  0.448623  0.427262  0.437484  0.838589  0.497465  0.566715  0.403720  0.478533  0.413395  0.398840  0.354850  0.506726  0.431847  0.425823  0.515095  0.412019  0.432137  0.464863  0.451749  0.229790  0.443998  0.405612  0.503187  0.592875  0.453482  0.433736  0.472280  0.383451  0.447991  0.397379  0.649819  0.717635  0.414352  0.534394  0.517972  0.647182  0.477275  0.459972  0.450094  0.426545  0.493461  0.368752  0.420538  0.518551  0.500395  0.505905  0.404791  0.373877  0.340659  0.698713  0.415298  0.508914  0.413362  0.668467  0.494522  0.442851  0.491306  0.357127  0.654432  0.400452  0.425078  0.522009  0.436493  0.485637  0.462215  0.685540  0.476327  0.370452  0.587414  0.623813  0.359558  0.753533  0.510100  0.428595  0.499464  0.409031  0.477610  0.485946 
19  0.516215  0.546742  0.522942  0.451209  0.483878  0.545390  0.458365  0.532991  0.473737  0.512186  0.614674  0.463064  0.492692  0.531343  0.351866  0.607483  0.515434  0.494112  0.471254 0.0  0.618450  0.477673  0.460942  0.591537  0.829897  0.487386  0.488678  0.563649  0.731070  0.534137  0.623243  0.530563  0.721608  0.503892  0.370569  0.578063  0.500634  0.521426  0.200379  0.596200  0.528019  0.607102  0.639458  0.476483  0.546400  0.582844  0.514581  0.604646  0.520877  0.550313  0.309963  0.448945  0.267217  0.501724  0.398624  0.557860  0.582361  0.514204  0.494853  0.469701  0.554862  0.576367  0.599516  0.519596  0.571646  0.525447  0.508493  0.504170  0.506154  0.554645  0.551378  0.571233  0.467003  0.487919  0.456848  0.614470  0.470139  0.475705  0.538142  0.544287  0.623850  0.534318  0.459167  0.483193  0.516820  0.556500  0.506897  0.693356  0.520699  0.507758  0.546762  0.437160  0.567567  0.554931  0.526607  0.534337  0.395906  0.445506  0.544161  0.544552  0.626968  0.652464  0.727745  0.579022  0.598812  0.545213  0.533761  0.677967  0.503922  0.489970  0.549648  0.585207  0.646359  0.573397  0.607512  0.779163  0.631887  0.696261  0.551582  0.508377  0.522721  0.590581  0.695329  0.699292  0.625266  0.487775  0.577341  0.569860  0.555327  0.481619  0.666148  0.509075  0.487259  0.224968  0.495793  0.694524  0.571283  0.550554  0.453452  0.547605  0.562596  0.227605  0.547591  0.618507  0.588311  0.557208  0.495874  0.496827  0.486606  0.714956  0.680616  0.446063  0.619430  0.523703  0.644865  0.557720  0.597546  0.568409  0.597324  0.568649  0.657546  0.568681  0.677204  0.550690  0.656872  0.572650  0.430335  0.483378  0.717165  0.469790  0.573317  0.498352  0.563525  0.635719  0.626834  0.525715  0.588109  0.592519  0.516759  0.435834  0.370764  0.574746  0.613401  0.510719  0.624466  0.633435  0.520905  0.281006  0.745416  0.489072  0.677755  0.593073  0.516273  0.545787  0.604443  0.599611  0.545476 
