197
0 0.0  0.411361  0.416766  0.186493  0.231391  0.232426  0.175842  0.369131  0.396407  0.351891  0.635971  0.353136  0.441397  0.413712  0.451722  0.404578  0.354091  0.348055  0.221134  0.414069  0.367211  0.343477  0.363368  0.411327  0.725309  0.345261  0.351227  0.342461  0.615053  0.328580  0.362970  0.452241  0.607375  0.316694  0.270158  0.440417  0.326919  0.386343  0.532408  0.388076  0.412130  0.345072  0.386778  0.334936  0.378359  0.192461  0.318339  0.480274  0.279275  0.388899  0.489212  0.302091  0.432435  0.398040  0.187776  0.403227  0.399145  0.435753  0.335979  0.268716  0.359054  0.499092  0.425716  0.440987  0.408003  0.404030  0.444897  0.383946  0.398695  0.400008  0.397846  0.346222  0.239828  0.335024  0.388342  0.487070  0.298753  0.312608  0.439486  0.357414  0.382113  0.431813  0.316458  0.382386  0.383409  0.413028  0.426269  0.648253  0.464976  0.451723  0.404648  0.337025  0.432189  0.378126  0.421530  0.335853  0.180267  0.435349  0.469656  0.435982  0.397935  0.724167  0.693405  0.432257  0.410602  0.336664  0.388106  0.670934  0.413716  0.354164  0.390684  0.415974  0.401878  0.332953  0.434172  0.622815  0.483185  0.816384  0.364060  0.368074  0.357402  0.421829  0.738823  0.441481  0.497252  0.326721  0.394265  0.423257  0.335759  0.354200  0.449716  0.402366  0.480146  0.488592  0.380799  0.381352  0.427799  0.325724  0.168391  0.415044  0.366679  0.427056  0.474486  0.336018  0.339841  0.384972  0.331423  0.426533  0.405078  0.601557  0.662125  0.478579  0.406840  0.403444  0.692594  0.396021  0.431881  0.379409  0.411703  0.455886  0.388388  0.303225  0.361856  0.504579  0.418628  0.398958  0.371055  0.313945  0.616054  0.352195  0.442477  0.351855  0.679150  0.469902  0.436769  0.425494  0.375683  0.607759  0.324244  0.378112  0.478377  0.308267  0.387837  0.335084  0.674806  0.436246  0.373612  0.495334  0.671012  0.337442  0.665125  0.459983  0.339427  0.451405  0.410569  0.432950  0.435060 
1  0.411361 0.0  0.310444  0.298256  0.367145  0.382831  0.379306  0.298925  0.301714  0.401398  0.534072  0.300436  0.300785  0.294882  0.515123  0.307489  0.282815  0.289494  0.415323  0.441426  0.429652  0.245463  0.303957  0.330428  0.672600  0.337945  0.327829  0.306264  0.672208  0.325529  0.344520  0.322170  0.705290  0.369445  0.290218  0.294551  0.443754  0.399291  0.539309  0.314769  0.294442  0.423836  0.325616  0.339575  0.250634  0.426946  0.243820  0.464031  0.331622  0.306710  0.446281  0.355679  0.457088  0.290925  0.376480  0.342471  0.394461  0.186446  0.386971  0.374401  0.309871  0.366917  0.364288  0.309263  0.328698  0.283748  0.314256  0.285637  0.297613  0.442326  0.321974  0.286465  0.265874  0.297518  0.196642  0.337442  0.347279  0.358098  0.338809  0.342117  0.307679  0.320805  0.369097  0.383031  0.408420  0.297138  0.346154  0.689270  0.335593  0.342714  0.374938  0.257317  0.335642  0.348347  0.328042  0.351636  0.350839  0.472811  0.333872  0.379425  0.411135  0.721820  0.754696  0.401109  0.310347  0.272886  0.398150  0.847135  0.405145  0.464464  0.341768  0.466719  0.304244  0.337203  0.338884  0.658240  0.345972  0.689264  0.304946  0.318752  0.306646  0.430624  0.702489  0.374805  0.332186  0.364160  0.382697  0.448536  0.328256  0.419997  0.425639  0.356016  0.378077  0.440629  0.341834  0.426175  0.302460  0.307264  0.325600  0.287421  0.285372  0.414809  0.390861  0.281919  0.298707  0.386050  0.174168  0.186163  0.303728  0.588140  0.726767  0.315970  0.400026  0.294352  0.701160  0.382388  0.307586  0.264483  0.304619  0.346798  0.342050  0.283571  0.333097  0.317392  0.365059  0.296195  0.381161  0.365141  0.728197  0.370760  0.341976  0.407107  0.688558  0.371706  0.357094  0.279266  0.288529  0.561169  0.299945  0.270338  0.474099  0.295760  0.262782  0.366024  0.610747  0.333725  0.316797  0.592011  0.613364  0.327997  0.720588  0.410078  0.352162  0.361482  0.296743  0.424635  0.393221 
2  0.416766  0.310444 0.0  0.392036  0.388243  0.349729  0.426913  0.152356  0.183136  0.403648  0.708399  0.225029  0.236439  0.249128  0.522340  0.259892  0.208662  0.233219  0.392561  0.463616  0.395831  0.270508  0.210451  0.246580  0.808003  0.240137  0.270757  0.205853  0.644809  0.401564  0.329249  0.308274  0.627170  0.403545  0.302664  0.290922  0.392157  0.382261  0.473635  0.239605  0.271965  0.388765  0.231910  0.289307  0.258490  0.394690  0.282267  0.345231  0.278658  0.217512  0.567598  0.359923  0.514567  0.239985  0.385361  0.364233  0.370583  0.281970  0.457259  0.360786  0.283361  0.289915  0.270762  0.248015  0.262885  0.311051  0.240701  0.264495  0.200552  0.495795  0.271888  0.254431  0.315154  0.265117  0.296089  0.316796  0.369080  0.365508  0.323389  0.242038  0.287188  0.281881  0.417467  0.416722  0.407357  0.261947  0.259942  0.552524  0.279789  0.242167  0.291499  0.221050  0.250444  0.274319  0.285843  0.222957  0.381224  0.404985  0.277738  0.265777  0.379329  0.701692  0.734260  0.408536  0.205134  0.194422  0.370870  0.794899  0.423461  0.421429  0.231916  0.399308  0.170939  0.248116  0.259122  0.710522  0.295816  0.750676  0.160460  0.219631  0.257169  0.375019  0.700260  0.277211  0.324670  0.374245  0.321648  0.386848  0.237443  0.427986  0.321201  0.356583  0.250782  0.527836  0.219666  0.419219  0.255826  0.186986  0.364426  0.260462  0.166513  0.509982  0.244468  0.256482  0.331431  0.397009  0.332513  0.224716  0.289867  0.591018  0.653306  0.256304  0.304888  0.312195  0.494672  0.320309  0.300907  0.291799  0.239871  0.298845  0.261547  0.229454  0.300545  0.294709  0.262990  0.271774  0.357941  0.353447  0.717055  0.384832  0.320073  0.376254  0.604369  0.282318  0.309451  0.261721  0.249329  0.634838  0.201510  0.234960  0.510603  0.191376  0.281787  0.379413  0.591724  0.317762  0.232105  0.554483  0.783632  0.374930  0.762855  0.365910  0.387722  0.297800  0.270139  0.464771  0.356044 
3  0.186493  0.298256  0.392036 0.0  0.194710  0.194564  0.182459  0.390193  0.407275  0.472932  0.715009  0.427803  0.395360  0.415616  0.561035  0.372656  0.345883  0.344784  0.226134  0.449498  0.353273  0.348112  0.400090  0.431077  0.676813  0.424577  0.394602  0.444338  0.657748  0.395562  0.484567  0.415405  0.665911  0.456336  0.285710  0.318223  0.366836  0.384831  0.509222  0.409017  0.408674  0.378423  0.508762  0.406171  0.309380  0.210173  0.347120  0.447625  0.291824  0.389873  0.539652  0.289651  0.586756  0.388254  0.232307  0.444187  0.417471  0.430845  0.402116  0.310520  0.419418  0.439618  0.397773  0.438836  0.401497  0.414562  0.456457  0.326406  0.453478  0.497913  0.390126  0.461127  0.332923  0.400194  0.422068  0.403530  0.339293  0.403379  0.404101  0.423926  0.469101  0.462646  0.331319  0.369331  0.353944  0.433266  0.401829  0.731232  0.512807  0.457076  0.483800  0.373221  0.416060  0.473270  0.446309  0.383526  0.194889  0.386243  0.403948  0.451955  0.425226  0.646498  0.792815  0.338939  0.391971  0.372694  0.427089  0.745560  0.417399  0.430594  0.398754  0.490656  0.396570  0.430899  0.380277  0.608998  0.420229  0.741083  0.347833  0.429873  0.408664  0.370484  0.655239  0.418531  0.520603  0.425509  0.432277  0.549042  0.447188  0.380780  0.473708  0.416095  0.442327  0.534732  0.425288  0.419968  0.501984  0.451401  0.150989  0.369262  0.384209  0.533579  0.405471  0.457430  0.415773  0.431485  0.338681  0.386394  0.327802  0.661422  0.818336  0.402727  0.465369  0.532552  0.638435  0.536805  0.417670  0.403932  0.355806  0.452696  0.384648  0.417929  0.389419  0.415457  0.445709  0.439053  0.335478  0.343915  0.709889  0.414987  0.509812  0.359575  0.690525  0.404869  0.442874  0.409451  0.403457  0.612700  0.350486  0.356350  0.614084  0.378387  0.431888  0.430551  0.713683  0.429323  0.470315  0.589843  0.650048  0.361596  0.646956  0.377746  0.390171  0.454377  0.377457  0.475010  0.483499 
4  0.231391  0.367145  0.388243  0.194710 0.0  0.242502  0.172286  0.321018  0.423683  0.463450  0.635869  0.423283  0.420210  0.444112  0.538388  0.444181  0.319391  0.462700  0.200163  0.569092  0.369251  0.417107  0.434249  0.425881  0.743319  0.482955  0.429602  0.378158  0.588019  0.374210  0.442715  0.508268  0.634489  0.409437  0.240696  0.434500  0.404759  0.391783  0.460036  0.423775  0.446204  0.494603  0.355768  0.327863  0.386513  0.187737  0.398477  0.506260  0.244038  0.430208  0.568540  0.336081  0.442751  0.393813  0.202107  0.383385  0.383716  0.440807  0.352703  0.290209  0.412929  0.448908  0.484941  0.469476  0.495135  0.502728  0.423952  0.357135  0.304991  0.482341  0.426941  0.363904  0.255631  0.319531  0.400637  0.476968  0.362775  0.323771  0.402518  0.456722  0.415755  0.460651  0.404021  0.368557  0.355208  0.394228  0.387827  0.573151  0.431289  0.419636  0.398511  0.325307  0.471542  0.492417  0.504170  0.396421  0.222205  0.374572  0.508113  0.439628  0.425928  0.719102  0.682328  0.438769  0.465644  0.408948  0.387466  0.778391  0.356557  0.431095  0.410164  0.411995  0.414639  0.439227  0.408075  0.680300  0.448447  0.735645  0.379466  0.389526  0.408141  0.392974  0.816188  0.470453  0.481352  0.405976  0.456383  0.477744  0.459117  0.374132  0.484057  0.446793  0.479298  0.530547  0.416713  0.338942  0.510494  0.379599  0.204933  0.461452  0.375573  0.565764  0.448946  0.445258  0.350185  0.397453  0.358398  0.376208  0.411688  0.711165  0.644599  0.527955  0.495064  0.510213  0.694405  0.535525  0.427613  0.487417  0.468907  0.421020  0.345768  0.413226  0.464459  0.436308  0.464005  0.388255  0.371603  0.312773  0.709836  0.436694  0.542539  0.378961  0.602692  0.446112  0.505824  0.443406  0.405424  0.669438  0.319984  0.398897  0.501275  0.389866  0.421155  0.374831  0.651839  0.424310  0.460145  0.474281  0.632612  0.361775  0.698074  0.442354  0.351441  0.595224  0.362399  0.415961  0.585852 
5  0.232426  0.382831  0.349729  0.194564  0.242502 0.0  0.229534  0.396972  0.361405  0.447352  0.694022  0.385225  0.350670  0.415864  0.496719  0.432268  0.364657  0.407382  0.241929  0.438920  0.331443  0.398326  0.352558  0.385220  0.660641  0.372751  0.408975  0.429741  0.643844  0.314581  0.481361  0.446581  0.574447  0.347343  0.313484  0.333674  0.390283  0.348677  0.446302  0.430131  0.421885  0.399279  0.362721  0.357950  0.358574  0.183338  0.387748  0.465778  0.283653  0.342710  0.502086  0.264200  0.568477  0.366016  0.232805  0.392040  0.380334  0.408443  0.375091  0.275912  0.410054  0.426728  0.407398  0.434306  0.366129  0.406918  0.361841  0.376860  0.358027  0.411410  0.425530  0.359508  0.266302  0.385035  0.306213  0.533870  0.299700  0.375220  0.409475  0.432482  0.402868  0.397047  0.350930  0.344131  0.310074  0.407847  0.414960  0.677729  0.445060  0.412420  0.399137  0.374005  0.370950  0.390337  0.420798  0.353472  0.225239  0.413053  0.449896  0.452413  0.437819  0.708846  0.621391  0.401113  0.336250  0.396787  0.360947  0.631292  0.403893  0.417773  0.407161  0.351045  0.382681  0.388071  0.502021  0.642748  0.448756  0.618741  0.396268  0.396772  0.375014  0.357757  0.733569  0.409610  0.483573  0.410027  0.443758  0.412545  0.410372  0.319388  0.429049  0.423096  0.398753  0.444447  0.391685  0.395336  0.527444  0.375793  0.211143  0.495395  0.404673  0.417605  0.452814  0.373888  0.395057  0.380865  0.367120  0.350779  0.371179  0.672465  0.626525  0.461280  0.400024  0.450271  0.715840  0.416992  0.486404  0.396468  0.444314  0.443028  0.360651  0.361929  0.380029  0.420336  0.412223  0.391911  0.387182  0.285025  0.677833  0.370205  0.511867  0.338683  0.655189  0.371050  0.472707  0.483437  0.327629  0.561940  0.431306  0.410080  0.412629  0.355847  0.433777  0.348773  0.671226  0.381208  0.391724  0.485506  0.691030  0.380024  0.705329  0.487980  0.309571  0.444370  0.406632  0.373555  0.464833 
6  0.175842  0.379306  0.426913  0.182459  0.172286  0.229534 0.0  0.377202  0.392449  0.416572  0.779589  0.362686  0.417639  0.402757  0.459233  0.450707  0.320936  0.391439  0.161041  0.482964  0.377721  0.322792  0.399076  0.433140  0.682058  0.470424  0.430757  0.398443  0.653895  0.365325  0.459961  0.493281  0.641723  0.434342  0.247516  0.337591  0.425809  0.339432  0.516586  0.395191  0.429825  0.403377  0.350924  0.409660  0.344357  0.185690  0.336595  0.528610  0.244189  0.355266  0.453825  0.313683  0.538659  0.340944  0.214881  0.355068  0.446400  0.428152  0.374559  0.278996  0.402512  0.482522  0.397962  0.449304  0.424857  0.437451  0.449056  0.379022  0.415920  0.459063  0.400966  0.397837  0.287353  0.403620  0.407326  0.460754  0.354428  0.336221  0.435085  0.431810  0.446384  0.456110  0.363445  0.363826  0.388558  0.416774  0.480072  0.632850  0.379930  0.434102  0.397579  0.471665  0.465176  0.453520  0.447701  0.419747  0.194412  0.398630  0.436333  0.467231  0.480277  0.829128  0.710592  0.440851  0.413237  0.390009  0.420507  0.630368  0.428678  0.415449  0.445511  0.422968  0.333669  0.495970  0.467077  0.727652  0.420783  0.690891  0.409148  0.386634  0.417515  0.445796  0.701465  0.517421  0.504147  0.420722  0.390324  0.451206  0.450703  0.397649  0.459919  0.384559  0.436772  0.476574  0.386935  0.411907  0.424882  0.438880  0.180632  0.475745  0.371997  0.469389  0.445028  0.405797  0.382607  0.391198  0.353752  0.413312  0.344851  0.705011  0.837196  0.482503  0.507453  0.410118  0.728127  0.513388  0.486845  0.417083  0.466358  0.439888  0.432687  0.381543  0.389348  0.438792  0.445093  0.413957  0.388267  0.314731  0.686718  0.362742  0.558981  0.363922  0.606632  0.429755  0.430181  0.408097  0.460314  0.633902  0.383811  0.359372  0.457684  0.398038  0.471718  0.405452  0.713253  0.519578  0.373712  0.452415  0.630042  0.410804  0.732250  0.526109  0.348067  0.539178  0.351844  0.426482  0.524268 
7  0.369131  0.298925  0.152356  0.390193  0.321018  0.396972  0.377202 0.0  0.158168  0.383301  0.783373  0.198652  0.256532  0.261295  0.578580  0.246923  0.223913  0.260061  0.427367  0.571305  0.388828  0.281346  0.223203  0.218574  0.745472  0.261980  0.273572  0.208021  0.682625  0.379973  0.291440  0.278147  0.680625  0.373927  0.327765  0.242408  0.399669  0.469631  0.583219  0.226620  0.244632  0.337712  0.226993  0.262296  0.286022  0.341575  0.236912  0.373274  0.343066  0.183600  0.419433  0.349155  0.467362  0.250016  0.387056  0.377062  0.448007  0.285900  0.427509  0.354361  0.258494  0.330968  0.248281  0.257042  0.281803  0.282070  0.192822  0.245550  0.277476  0.513038  0.236865  0.224988  0.287623  0.265151  0.333627  0.293949  0.387969  0.425066  0.291705  0.281336  0.283478  0.310972  0.426835  0.388325  0.348021  0.241545  0.245335  0.546080  0.232899  0.222189  0.254177  0.218162  0.264006  0.247873  0.261335  0.237490  0.369392  0.404080  0.310442  0.230495  0.394636  0.752492  0.560897  0.367147  0.201582  0.175890  0.367177  0.805213  0.394699  0.421144  0.247500  0.411776  0.187108  0.233880  0.281710  0.737183  0.307064  0.808662  0.178894  0.195701  0.237823  0.393175  0.748461  0.276607  0.308620  0.314574  0.347870  0.406839  0.267267  0.387688  0.312207  0.400361  0.249300  0.482203  0.185605  0.371013  0.293709  0.215816  0.366864  0.243073  0.165163  0.499036  0.344472  0.245235  0.292126  0.385225  0.283297  0.299565  0.269474  0.662671  0.598922  0.294902  0.302852  0.258088  0.611783  0.326391  0.300055  0.267930  0.297928  0.321516  0.245499  0.235903  0.324794  0.290130  0.261878  0.245204  0.364901  0.388108  0.767600  0.428597  0.299219  0.416778  0.789119  0.291333  0.299755  0.270021  0.256580  0.580495  0.210169  0.243652  0.491093  0.208179  0.246546  0.366645  0.685721  0.302609  0.219476  0.554733  0.638815  0.347264  0.751324  0.281107  0.449178  0.297876  0.285123  0.441646  0.337406 
8  0.396407  0.301714  0.183136  0.407275  0.423683  0.361405  0.392449  0.158168 0.0  0.429805  0.805584  0.205203  0.245979  0.264200  0.516998  0.258331  0.307603  0.211705  0.392985  0.512068  0.362610  0.295159  0.215014  0.222352  0.671601  0.272887  0.251179  0.211114  0.695989  0.414483  0.276678  0.322450  0.773555  0.386883  0.306438  0.237158  0.407107  0.394493  0.579333  0.230237  0.260862  0.406715  0.234265  0.373251  0.298262  0.404880  0.280802  0.326309  0.361854  0.234577  0.512572  0.393410  0.461402  0.266006  0.357169  0.420812  0.380556  0.287510  0.382206  0.400439  0.292157  0.308496  0.257773  0.244703  0.285304  0.237391  0.262235  0.279024  0.302809  0.508187  0.300190  0.258052  0.344770  0.279690  0.288047  0.310761  0.430550  0.447588  0.306587  0.251785  0.297534  0.249016  0.423431  0.337483  0.460955  0.256914  0.269769  0.631117  0.308171  0.235180  0.252172  0.241243  0.266877  0.266408  0.281290  0.284077  0.389363  0.434137  0.264532  0.233881  0.407149  0.716186  0.865920  0.459673  0.234796  0.166535  0.430275  0.697106  0.398745  0.377862  0.235575  0.445671  0.205787  0.266335  0.270290  0.692073  0.309842  0.757381  0.160042  0.212475  0.243888  0.430104  0.627446  0.283111  0.258069  0.411879  0.331523  0.362714  0.264626  0.422808  0.318076  0.346255  0.297691  0.494615  0.233221  0.416737  0.301600  0.176031  0.381818  0.291553  0.197735  0.446744  0.300372  0.242921  0.275715  0.402019  0.306469  0.287730  0.272136  0.634569  0.765660  0.293319  0.281013  0.265833  0.566831  0.298369  0.287636  0.280227  0.270618  0.306686  0.221858  0.229079  0.317439  0.303769  0.260865  0.197764  0.348249  0.361676  0.804548  0.340006  0.292976  0.409055  0.759476  0.292227  0.287973  0.237425  0.269879  0.544839  0.217604  0.191134  0.515368  0.218089  0.282521  0.379984  0.731139  0.307883  0.236328  0.549517  0.803193  0.379899  0.549803  0.332476  0.471971  0.294339  0.271594  0.382710  0.353670 
9  0.351891  0.401398  0.403648  0.472932  0.463450  0.447352  0.416572  0.383301  0.429805 0.0  0.721760  0.329523  0.424007  0.387776  0.568465  0.386002  0.334114  0.440639  0.394850  0.480954  0.317636  0.451128  0.436527  0.410682  0.728238  0.395610  0.407051  0.297878  0.686795  0.335677  0.460589  0.439787  0.695511  0.264251  0.289299  0.376087  0.352981  0.360883  0.641525  0.389522  0.459636  0.261398  0.398343  0.372872  0.362961  0.377376  0.341138  0.439320  0.341823  0.361299  0.471643  0.395192  0.437917  0.297483  0.369825  0.197353  0.184414  0.345705  0.430594  0.403508  0.318707  0.354269  0.417917  0.408017  0.357205  0.412305  0.374613  0.357257  0.406438  0.530184  0.392175  0.335588  0.294523  0.318883  0.361845  0.479440  0.350399  0.356474  0.425458  0.433997  0.425132  0.463054  0.345845  0.339010  0.381546  0.382492  0.360969  0.610436  0.403921  0.433634  0.389493  0.432690  0.399512  0.445010  0.470828  0.378604  0.417117  0.237236  0.472362  0.435087  0.224073  0.808010  0.708549  0.204007  0.429322  0.348965  0.221509  0.841030  0.252581  0.156895  0.290946  0.174337  0.404150  0.370298  0.436641  0.780279  0.450784  0.821459  0.356485  0.348073  0.310562  0.333031  0.747886  0.368854  0.432341  0.277674  0.477487  0.184658  0.396129  0.386684  0.416500  0.187228  0.437748  0.551455  0.451764  0.194043  0.449745  0.403252  0.371173  0.422496  0.349077  0.474146  0.434489  0.343112  0.317876  0.174604  0.375901  0.395689  0.343048  0.596565  0.613981  0.431984  0.413451  0.429297  0.602173  0.441987  0.430038  0.433836  0.453859  0.462173  0.374686  0.407534  0.408117  0.502244  0.448531  0.437347  0.277361  0.311789  0.665629  0.338251  0.483806  0.364480  0.744088  0.455685  0.348246  0.430749  0.424436  0.613878  0.314670  0.403919  0.514737  0.419647  0.445014  0.246458  0.688856  0.402337  0.334623  0.540261  0.667891  0.307779  0.751780  0.445316  0.331081  0.533407  0.383996  0.210306  0.479188 
10  0.635971  0.534072  0.708399  0.715009  0.635869  0.694022  0.779589  0.783373  0.805584  0.721760 0.0  0.695404  0.700080  0.676003  0.700197  0.802154  0.730918  0.663697  0.736955  0.636222  0.690034  0.550921  0.692042  0.773158  0.388539  0.799505  0.748609  0.692204  0.481372  0.575720  0.762394  0.879315  0.536608  0.778946  0.597664  0.675974  0.675908  0.799100  0.598957  0.706950  0.741142  0.734614  0.884708  0.693535  0.820203  0.711936  0.818947  0.819648  0.722639  0.765781  0.679656  0.705446  0.607231  0.667047  0.709647  0.741701  0.796266  0.818925  0.701770  0.618699  0.688598  0.778198  0.933953  0.833832  0.845132  0.857352  0.753013  0.623750  0.722999  0.835182  0.819163  0.659161  0.738226  0.809704  0.744979  0.777670  0.773471  0.503117  0.891222  0.874240  0.796683  0.709759  0.695094  0.626473  0.740158  0.823892  0.844358  0.690828  0.697092  0.690610  0.833296  0.589237  0.726238  0.793049  0.794134  0.647201  0.713488  0.667918  0.894398  0.813011  0.706344  0.396222  0.147975  0.779791  0.818130  0.656960  0.836534  0.319095  0.872056  0.644165  0.659345  0.710045  0.779291  0.756107  0.660785  0.158939  0.812137  0.130285  0.846384  0.726408  0.672789  0.589832  0.699453  0.753533  0.824013  0.657101  0.881912  0.773052  0.790551  0.713864  0.863664  0.780639  0.766539  0.716869  0.783256  0.766144  0.743648  0.671393  0.674120  0.913017  0.679911  0.582631  0.763200  0.769750  0.706500  0.823216  0.715697  0.769942  0.759441  0.590929  0.695133  0.875826  0.853543  0.812631  0.687376  0.871494  0.798882  0.766894  0.741796  0.983164  0.783483  0.545377  0.778827  0.922663  0.736585  0.616862  0.625257  0.648536  0.335097  0.609708  0.787278  0.570721  0.215883  0.753991  0.792990  0.855047  0.694198  0.667664  0.701847  0.762993  0.873612  0.751718  0.854466  0.707664  0.164868  0.729483  0.565309  0.680166  0.445628  0.742369  0.179326  0.830477  0.629401  0.895586  0.654130  0.743852  0.826517 
11  0.353136  0.300436  0.225029  0.427803  0.423283  0.385225  0.362686  0.198652  0.205203  0.329523  0.695404 0.0  0.197073  0.228648  0.457399  0.245112  0.255857  0.194679  0.407958  0.511350  0.459530  0.269730  0.164064  0.220095  0.601450  0.211465  0.205279  0.187193  0.677343  0.342967  0.278692  0.248728  0.700876  0.392553  0.327452  0.275510  0.417857  0.367905  0.570108  0.201708  0.214663  0.430661  0.177763  0.259801  0.298455  0.355725  0.244522  0.252567  0.339613  0.158196  0.472905  0.396381  0.466321  0.246483  0.361035  0.355468  0.364371  0.325395  0.328963  0.356107  0.294286  0.279580  0.175194  0.253087  0.251022  0.251306  0.186772  0.220972  0.285509  0.435956  0.263940  0.277057  0.308843  0.290856  0.326716  0.242593  0.480295  0.373142  0.263699  0.248014  0.241935  0.237647  0.434365  0.366967  0.408254  0.192846  0.244176  0.615762  0.252115  0.202918  0.243150  0.170359  0.212346  0.270560  0.233859  0.167430  0.405284  0.451986  0.242710  0.230753  0.379713  0.771429  0.809129  0.380308  0.181011  0.205021  0.365540  0.660257  0.366990  0.310749  0.190433  0.372427  0.233778  0.205521  0.266368  0.719338  0.267522  0.802527  0.221087  0.190455  0.229015  0.412909  0.745458  0.250171  0.282093  0.371995  0.299507  0.415527  0.198780  0.461379  0.296636  0.412825  0.234187  0.474002  0.172053  0.313355  0.244724  0.219780  0.396106  0.222076  0.175178  0.445641  0.272161  0.198847  0.296472  0.320649  0.310920  0.280541  0.276415  0.532860  0.668169  0.286423  0.247961  0.281749  0.688283  0.303795  0.279763  0.267775  0.257575  0.258835  0.212879  0.187989  0.316718  0.283235  0.268304  0.228105  0.362633  0.309299  0.805698  0.392663  0.266153  0.441059  0.762621  0.285336  0.259443  0.251257  0.261943  0.550981  0.193914  0.229600  0.555649  0.202293  0.240194  0.405680  0.813664  0.301095  0.201398  0.552204  0.665831  0.442430  0.877371  0.261258  0.431570  0.307815  0.290265  0.428717  0.281688 
12  0.441397  0.300785  0.236439  0.395360  0.420210  0.350670  0.417639  0.256532  0.245979  0.424007  0.700080  0.197073 0.0  0.197990  0.549567  0.197451  0.261064  0.163908  0.444063  0.511660  0.379061  0.266220  0.188464  0.181175  0.612766  0.156735  0.148124  0.214248  0.615688  0.482852  0.221293  0.215901  0.738965  0.334761  0.338902  0.274746  0.435740  0.443221  0.530241  0.192720  0.194648  0.447355  0.219175  0.315431  0.253447  0.466997  0.234112  0.272571  0.368632  0.193577  0.487379  0.397265  0.426546  0.300651  0.368359  0.348986  0.397534  0.298830  0.373357  0.438213  0.324704  0.221186  0.215850  0.202191  0.190430  0.194055  0.178487  0.239817  0.309245  0.474360  0.205339  0.254950  0.311555  0.306758  0.328602  0.221656  0.391594  0.411803  0.220811  0.182233  0.199253  0.191375  0.430610  0.470368  0.463610  0.225702  0.205913  0.567925  0.233160  0.196057  0.180372  0.162826  0.165807  0.178798  0.188370  0.185053  0.387056  0.365117  0.208166  0.209420  0.454160  0.676702  0.818451  0.451072  0.181744  0.253785  0.381023  0.844061  0.381656  0.389875  0.196163  0.359662  0.242098  0.163755  0.239733  0.702397  0.201382  0.709741  0.233710  0.201194  0.266819  0.430940  0.756930  0.247982  0.245510  0.350888  0.265714  0.385752  0.198578  0.390937  0.261125  0.385334  0.241292  0.518466  0.193700  0.366749  0.215927  0.252715  0.367338  0.192557  0.200684  0.493433  0.223074  0.160431  0.280763  0.388176  0.242628  0.282032  0.303348  0.571067  0.822610  0.210804  0.260766  0.213190  0.618424  0.225958  0.230218  0.186705  0.182041  0.242691  0.198379  0.150295  0.210999  0.215666  0.203666  0.203259  0.323820  0.375960  0.633024  0.426753  0.277986  0.435393  0.764329  0.193058  0.219116  0.187619  0.161835  0.656424  0.251161  0.205576  0.487439  0.204682  0.192717  0.378533  0.955878  0.241514  0.220137  0.598782  0.757075  0.429774  0.813784  0.237352  0.339344  0.231927  0.287917  0.357322  0.266577 
13  0.413712  0.294882  0.249128  0.415616  0.444112  0.415864  0.402757  0.261295  0.264200  0.387776  0.676003  0.228648  0.197990 0.0  0.564888  0.161533  0.238787  0.237672  0.497422  0.627203  0.533300  0.314841  0.224196  0.205826  0.734590  0.200757  0.208264  0.230207  0.709002  0.497571  0.195051  0.212846  0.734476  0.401173  0.348054  0.308484  0.440523  0.487235  0.571251  0.219609  0.215217  0.455906  0.230253  0.324826  0.343963  0.426723  0.317746  0.248434  0.428587  0.213644  0.586642  0.449750  0.493440  0.256952  0.404007  0.381610  0.435811  0.355360  0.450959  0.403443  0.315339  0.205664  0.176751  0.176214  0.183192  0.165432  0.201727  0.320241  0.354104  0.556659  0.211283  0.273811  0.401639  0.316458  0.329717  0.178822  0.489331  0.433815  0.192725  0.179336  0.198566  0.202347  0.456256  0.428879  0.454843  0.160743  0.202421  0.639271  0.195931  0.194884  0.200484  0.237991  0.227640  0.181866  0.182731  0.211359  0.371150  0.352599  0.221467  0.190847  0.403934  0.654677  0.770395  0.410488  0.216613  0.245394  0.417036  0.695551  0.447743  0.391523  0.219944  0.384460  0.251366  0.177288  0.248766  0.820951  0.229848  0.797427  0.272427  0.247947  0.282136  0.519880  0.648070  0.216798  0.210623  0.439106  0.224144  0.394974  0.217832  0.398597  0.231495  0.333628  0.236160  0.524916  0.212190  0.317980  0.167391  0.248046  0.454800  0.158889  0.207647  0.567939  0.226052  0.194223  0.319792  0.322695  0.307543  0.273355  0.311567  0.591443  0.659173  0.207278  0.201385  0.198686  0.650806  0.254093  0.215806  0.181992  0.187932  0.258515  0.218802  0.219510  0.245402  0.222718  0.191545  0.211091  0.412157  0.464084  0.762390  0.436524  0.253029  0.411133  0.782022  0.189220  0.196773  0.195154  0.201318  0.628337  0.248859  0.230264  0.504841  0.241108  0.210153  0.391127  0.820997  0.228450  0.193559  0.560864  0.719325  0.430668  0.734035  0.244659  0.447879  0.213942  0.345246  0.394494  0.222756 
14  0.451722  0.515123  0.522340  0.561035  0.538388  0.496719  0.459233  0.578580  0.516998  0.568465  0.700197  0.457399  0.549567  0.564888 0.0  0.533406  0.524446  0.541507  0.522956  0.323867  0.412657  0.477878  0.503800  0.558637  0.604185  0.582750  0.585955  0.521373  0.722955  0.396597  0.579808  0.534214  0.786923  0.497029  0.386946  0.597906  0.547059  0.509494  0.417749  0.606891  0.615119  0.476145  0.563864  0.486822  0.612713  0.474769  0.518044  0.607687  0.476372  0.571457  0.370850  0.513421  0.437462  0.572084  0.464371  0.558334  0.523684  0.525746  0.421173  0.513825  0.493780  0.678090  0.575172  0.528790  0.641397  0.581956  0.534865  0.478553  0.538370  0.523513  0.599883  0.467903  0.387292  0.547417  0.468538  0.647342  0.551664  0.561331  0.605770  0.596070  0.635975  0.695571  0.478183  0.535473  0.553961  0.570424  0.601864  0.621420  0.648286  0.577741  0.610815  0.494644  0.591228  0.507597  0.696872  0.519970  0.464545  0.572533  0.553989  0.546732  0.572995  0.709287  0.534559  0.603494  0.542239  0.620759  0.585899  0.749777  0.553405  0.558419  0.550455  0.463027  0.477886  0.563458  0.662223  0.649394  0.546635  0.812866  0.579876  0.446655  0.530248  0.550688  0.684900  0.578360  0.600823  0.548603  0.601290  0.621360  0.610772  0.474976  0.602252  0.577726  0.511936  0.321567  0.542493  0.548629  0.611426  0.520340  0.558842  0.621367  0.497162  0.342842  0.594595  0.617796  0.570853  0.658172  0.562097  0.527702  0.614477  0.614909  0.907420  0.667195  0.452381  0.645369  0.679678  0.614980  0.609115  0.659457  0.626952  0.606585  0.530248  0.543262  0.719155  0.549039  0.551397  0.512013  0.651188  0.464367  0.685656  0.467323  0.499625  0.494731  0.654619  0.538805  0.608520  0.620473  0.581250  0.560983  0.538000  0.570577  0.201939  0.581988  0.665957  0.564901  0.606094  0.570218  0.560511  0.384235  0.711695  0.494255  0.741853  0.628709  0.502554  0.572248  0.492457  0.577938  0.716896 
15  0.404578  0.307489  0.259892  0.372656  0.444181  0.432268  0.450707  0.246923  0.258331  0.386002  0.802154  0.245112  0.197451  0.161533  0.533406 0.0  0.337314  0.221717  0.483896  0.616366  0.506342  0.336487  0.210239  0.248111  0.675489  0.212445  0.220743  0.245962  0.848609  0.445059  0.173266  0.193445  0.788011  0.354715  0.380355  0.328193  0.441464  0.403453  0.708482  0.217772  0.201729  0.392399  0.287790  0.348029  0.342689  0.493699  0.274163  0.240555  0.422565  0.264186  0.493067  0.478922  0.524650  0.264721  0.433617  0.394567  0.404378  0.404625  0.453673  0.501012  0.294013  0.168493  0.196988  0.156813  0.181083  0.168800  0.230505  0.333421  0.354503  0.480999  0.183611  0.331242  0.371516  0.379046  0.361363  0.182418  0.416026  0.440275  0.155615  0.159480  0.176053  0.161341  0.479421  0.382883  0.493581  0.259327  0.205456  0.543791  0.247960  0.229127  0.209227  0.205573  0.180422  0.154447  0.172810  0.215037  0.479581  0.397573  0.192203  0.213227  0.365921  0.844345  0.704519  0.399479  0.236475  0.290403  0.397652  0.842209  0.411929  0.432369  0.235067  0.400119  0.248379  0.203711  0.266641  0.764139  0.218120  0.818345  0.262858  0.236355  0.284563  0.475165  0.667012  0.239637  0.194266  0.448501  0.201218  0.378503  0.218944  0.442174  0.228754  0.350918  0.196558  0.594767  0.244026  0.389489  0.221104  0.267665  0.458786  0.179106  0.234886  0.526523  0.236895  0.185284  0.350154  0.354454  0.294773  0.356634  0.333912  0.637532  0.743340  0.180229  0.209920  0.180913  0.595647  0.232817  0.182357  0.149465  0.150905  0.231968  0.210109  0.202203  0.175711  0.197959  0.205876  0.196586  0.442846  0.369584  0.795633  0.485981  0.253885  0.441083  0.786183  0.182034  0.154879  0.171416  0.172270  0.602556  0.279013  0.207428  0.536694  0.215322  0.185084  0.448350  0.789060  0.212205  0.233538  0.615232  0.705367  0.469186  0.750217  0.216650  0.449957  0.175937  0.349909  0.411401  0.234081 
16  0.354091  0.282815  0.208662  0.345883  0.319391  0.364657  0.320936  0.223913  0.307603  0.334114  0.730918  0.255857  0.261064  0.238787  0.524446  0.337314 0.0  0.239907  0.402647  0.501665  0.407902  0.260825  0.254104  0.291374  0.691723  0.243631  0.282293  0.273450  0.699984  0.354523  0.333405  0.275219  0.673774  0.343801  0.309661  0.320308  0.333864  0.358829  0.410494  0.267916  0.314303  0.403857  0.284422  0.212337  0.299352  0.349034  0.240985  0.320031  0.314693  0.220118  0.469707  0.359792  0.501147  0.179988  0.420101  0.355684  0.344437  0.265465  0.458990  0.369850  0.210157  0.317747  0.262410  0.308972  0.323212  0.315318  0.261399  0.240651  0.216089  0.562601  0.319444  0.276246  0.275704  0.188056  0.279271  0.289971  0.368947  0.365384  0.360324  0.307032  0.292511  0.314564  0.372933  0.391773  0.386717  0.283863  0.275489  0.641906  0.289054  0.303093  0.311799  0.243863  0.319683  0.334065  0.345835  0.271150  0.379794  0.363805  0.288128  0.267321  0.344418  0.654327  0.670595  0.364953  0.282447  0.255863  0.338428  0.791700  0.268343  0.313250  0.260223  0.346196  0.250767  0.273704  0.314049  0.736672  0.336676  0.735411  0.277988  0.295611  0.307324  0.332201  0.665061  0.345922  0.347094  0.352593  0.350216  0.317570  0.282249  0.346718  0.353672  0.390581  0.323103  0.441965  0.252974  0.355781  0.300504  0.246423  0.331924  0.310239  0.251522  0.490018  0.296297  0.330562  0.204284  0.359907  0.229290  0.234709  0.294199  0.669480  0.647171  0.323007  0.287090  0.360563  0.582939  0.315676  0.340209  0.285684  0.338449  0.297397  0.315013  0.281568  0.297616  0.276086  0.296244  0.295276  0.333502  0.349839  0.581942  0.381547  0.386923  0.438163  0.740563  0.291186  0.275455  0.298102  0.291144  0.515812  0.247524  0.273190  0.506047  0.260916  0.313813  0.353559  0.788593  0.360543  0.283761  0.597924  0.677251  0.391662  0.626568  0.366034  0.320934  0.353090  0.270138  0.383046  0.407594 
17  0.348055  0.289494  0.233219  0.344784  0.462700  0.407382  0.391439  0.260061  0.211705  0.440639  0.663697  0.194679  0.163908  0.237672  0.541507  0.221717  0.239907 0.0  0.476568  0.454098  0.421713  0.322540  0.165078  0.211174  0.739414  0.187099  0.171860  0.182703  0.581665  0.430967  0.272389  0.215933  0.675938  0.331067  0.313670  0.281789  0.484375  0.537092  0.530362  0.207879  0.226447  0.357458  0.189850  0.311062  0.279382  0.413737  0.270537  0.299594  0.361391  0.156703  0.477707  0.369547  0.487098  0.252651  0.364941  0.410391  0.397126  0.304214  0.363565  0.398966  0.290024  0.230729  0.250995  0.189004  0.199982  0.196792  0.228331  0.240274  0.319564  0.480683  0.208598  0.299695  0.274407  0.242443  0.315633  0.230135  0.335873  0.442850  0.243341  0.225170  0.222342  0.193167  0.400796  0.377688  0.416906  0.224204  0.248045  0.664962  0.255964  0.245258  0.237372  0.144588  0.206526  0.183875  0.228893  0.203209  0.389868  0.396062  0.205669  0.222113  0.397429  0.736859  0.790203  0.385488  0.209580  0.232856  0.299611  0.677015  0.387097  0.327231  0.208959  0.398641  0.221233  0.177876  0.278319  0.792727  0.221640  0.708488  0.231167  0.170511  0.270851  0.422089  0.708205  0.260225  0.242054  0.364440  0.223453  0.402493  0.224706  0.425292  0.249929  0.380996  0.246854  0.475544  0.195912  0.412981  0.245846  0.238551  0.333546  0.191187  0.202525  0.430307  0.286730  0.185164  0.306397  0.400767  0.229525  0.249166  0.299735  0.607081  0.606407  0.261824  0.272159  0.221049  0.607413  0.271038  0.202259  0.199105  0.220077  0.253776  0.200930  0.159115  0.247323  0.214136  0.234141  0.236249  0.397945  0.379491  0.729921  0.395551  0.328993  0.397319  0.771936  0.201484  0.226177  0.208736  0.198258  0.621482  0.214458  0.185192  0.426740  0.218739  0.204178  0.429583  0.710970  0.232692  0.211606  0.489314  0.631608  0.358055  0.595656  0.255443  0.433075  0.258837  0.273687  0.454884  0.245281 
18  0.221134  0.415323  0.392561  0.226134  0.200163  0.241929  0.161041  0.427367  0.392985  0.394850  0.736955  0.407958  0.444063  0.497422  0.522956  0.483896  0.402647  0.476568 0.0  0.522874  0.394000  0.432752  0.483472  0.474233  0.743115  0.412329  0.481684  0.423184  0.721311  0.390736  0.491890  0.476405  0.616509  0.418778  0.282536  0.345790  0.312579  0.450423  0.611344  0.409882  0.407653  0.431137  0.412929  0.407709  0.415041  0.206639  0.332679  0.543466  0.283825  0.481494  0.502215  0.342530  0.570962  0.347018  0.241435  0.361025  0.425060  0.365025  0.363371  0.292337  0.375578  0.468680  0.497329  0.452812  0.465982  0.475064  0.390990  0.415518  0.431647  0.535178  0.448715  0.312857  0.307607  0.416964  0.398694  0.441069  0.368704  0.453591  0.549586  0.453101  0.444579  0.473681  0.365946  0.297308  0.338556  0.446429  0.508909  0.603196  0.468210  0.429325  0.476567  0.408087  0.449514  0.492738  0.405585  0.411270  0.217200  0.394693  0.450289  0.446856  0.459793  0.675935  0.658267  0.415810  0.417169  0.484096  0.404574  0.670884  0.439503  0.393500  0.437800  0.407478  0.446054  0.436238  0.454061  0.733594  0.555009  0.672853  0.424912  0.387798  0.454827  0.425566  0.846080  0.505174  0.467899  0.350866  0.480446  0.467090  0.542035  0.415679  0.505739  0.352197  0.508657  0.537943  0.324496  0.429846  0.499205  0.432023  0.204958  0.507044  0.352326  0.539534  0.481152  0.503440  0.395991  0.418684  0.374609  0.391320  0.366700  0.690531  0.724934  0.525945  0.482831  0.502818  0.683780  0.527952  0.580907  0.513327  0.514025  0.498760  0.434161  0.481157  0.483994  0.425475  0.439878  0.374053  0.359988  0.318802  0.720049  0.410363  0.559969  0.393764  0.696784  0.409721  0.452618  0.415070  0.487667  0.613545  0.367414  0.426893  0.491762  0.396554  0.526377  0.475427  0.727761  0.513403  0.415391  0.544416  0.689082  0.316750  0.779374  0.509071  0.359722  0.542645  0.386992  0.435685  0.479856 
19  0.414069  0.441426  0.463616  0.449498  0.569092  0.438920  0.482964  0.571305  0.512068  0.480954  0.636222  0.511350  0.511660  0.627203  0.323867  0.616366  0.501665  0.454098  0.522874 0.0  0.498288  0.563964  0.533818  0.493376  0.698446  0.551418  0.519189  0.528007  0.805495  0.564674  0.611990  0.515709  0.553754  0.586692  0.421857  0.565230  0.432894  0.493033  0.202653  0.486589  0.615272  0.570025  0.515720  0.493154  0.531922  0.487401  0.430047  0.567569  0.542161  0.406362  0.255670  0.495259  0.337992  0.481087  0.526365  0.551060  0.568910  0.537492  0.500915  0.516420  0.517519  0.569172  0.524839  0.582713  0.535184  0.504892  0.493697  0.518100  0.498700  0.488073  0.479201  0.517084  0.411605  0.588071  0.572854  0.501676  0.539895  0.552529  0.459071  0.614965  0.535565  0.519981  0.429257  0.552440  0.534255  0.520164  0.438691  0.787938  0.594825  0.597034  0.594558  0.517670  0.576304  0.472156  0.572885  0.527143  0.426212  0.568231  0.564241  0.596126  0.425008  0.706261  0.599693  0.577323  0.609481  0.525172  0.500746  0.668491  0.515502  0.575424  0.568281  0.542917  0.521791  0.517577  0.591336  0.655076  0.644688  0.575138  0.529277  0.541271  0.524757  0.473960  0.790694  0.601336  0.581328  0.483775  0.591973  0.546548  0.598018  0.541857  0.621987  0.507505  0.557808  0.229986  0.544600  0.458727  0.536341  0.559423  0.456793  0.553740  0.519016  0.235980  0.631305  0.501806  0.483424  0.537574  0.525705  0.502440  0.484651  0.708698  0.907969  0.583773  0.594254  0.581040  0.640266  0.548967  0.499386  0.540346  0.567737  0.597058  0.562512  0.435925  0.541029  0.513043  0.527531  0.559580  0.505103  0.514786  0.694062  0.490881  0.567392  0.502642  0.627388  0.526601  0.603541  0.627514  0.571883  0.704027  0.609804  0.448313  0.301521  0.605089  0.540806  0.530144  0.574363  0.562063  0.581768  0.235391  0.663883  0.455276  0.627356  0.585059  0.433459  0.540812  0.508616  0.554678  0.559136 
