197
0 0.0  0.348934  0.433666  0.141745  0.276309  0.184665  0.257400  0.304402  0.355326  0.492767  0.815347  0.401285  0.479599  0.453147  0.557781  0.435319  0.328758  0.408243  0.270491  0.573014  0.349404  0.478686  0.425157  0.455236  0.762959  0.467707  0.463725  0.441259  0.659391  0.285936  0.534339  0.421269  0.809549  0.415872  0.406109  0.506093  0.375753  0.384517  0.581271  0.502628  0.470495  0.557071  0.391183  0.432089  0.413513  0.269287  0.389751  0.541737  0.258110  0.424546  0.611636  0.346942  0.502680  0.486929  0.172688  0.506570  0.502562  0.473170  0.404657  0.304080  0.491703  0.461127  0.477106  0.312936  0.473345  0.404923  0.445262  0.346182  0.366979  0.599345  0.363741  0.429511  0.338030  0.530671  0.425219  0.415537  0.496778  0.440890  0.496332  0.583132  0.494994  0.416219  0.364344  0.312814  0.413403  0.448617  0.488084  0.792666  0.398549  0.542387  0.489515  0.393159  0.456211  0.453810  0.466327  0.479260  0.201917  0.507492  0.445643  0.397621  0.501574  0.701027  0.661321  0.391885  0.301853  0.419418  0.445931  0.788404  0.504087  0.436379  0.529453  0.573278  0.402934  0.354640  0.491654  0.726324  0.474726  0.664628  0.343161  0.497011  0.473840  0.484296  0.785258  0.460888  0.560467  0.502875  0.566992  0.424350  0.561049  0.328756  0.383339  0.397782  0.517543  0.539474  0.487535  0.461325  0.416247  0.438396  0.146225  0.378418  0.432205  0.516536  0.589456  0.437384  0.409125  0.465348  0.332371  0.315260  0.392778  0.690504  0.697475  0.585243  0.518638  0.476151  0.645778  0.515532  0.461285  0.516576  0.566860  0.469038  0.446969  0.415191  0.506786  0.415291  0.419977  0.412801  0.273486  0.419353  0.770167  0.272188  0.581889  0.393930  0.724360  0.359055  0.541394  0.427014  0.467864  0.722958  0.542981  0.458118  0.417668  0.449516  0.559142  0.457768  0.639086  0.457639  0.508408  0.708164  0.650893  0.347707  0.703365  0.477048  0.441661  0.524445  0.477389  0.463868  0.478678 
1  0.348934 0.0  0.414873  0.494466  0.557485  0.328923  0.534197  0.263821  0.354196  0.328971  0.814431  0.328386  0.366912  0.256812  0.568608  0.331161  0.349784  0.399065  0.383829  0.529776  0.447730  0.221941  0.360618  0.354652  0.759792  0.305261  0.398237  0.249053  0.774282  0.472503  0.426944  0.464233  0.701280  0.395853  0.287655  0.313837  0.347334  0.490327  0.743849  0.369373  0.393869  0.588081  0.427095  0.287822  0.438142  0.453114  0.257463  0.367233  0.383224  0.358937  0.420452  0.352335  0.489861  0.289416  0.487816  0.420261  0.472526  0.308972  0.526781  0.490233  0.358031  0.356009  0.374731  0.320224  0.332955  0.312641  0.476996  0.264687  0.308342  0.478019  0.460751  0.273744  0.394593  0.392593  0.272319  0.429547  0.377701  0.375614  0.290448  0.286884  0.434796  0.357824  0.483072  0.536808  0.536999  0.322481  0.398223  0.709780  0.502124  0.426318  0.409047  0.333314  0.387042  0.362565  0.334455  0.372370  0.429451  0.552684  0.312410  0.397965  0.565922  0.781912  0.797843  0.414613  0.246897  0.392881  0.513287  0.841207  0.382344  0.498682  0.306942  0.537385  0.366327  0.373224  0.387434  0.819648  0.487132  0.648988  0.478195  0.394235  0.264364  0.547918  0.684424  0.414848  0.415253  0.473514  0.395251  0.525312  0.459201  0.498264  0.304574  0.425449  0.322934  0.488836  0.431129  0.587057  0.441143  0.392786  0.462062  0.397359  0.329881  0.569303  0.485158  0.382281  0.345803  0.499745  0.139478  0.206166  0.362870  0.521484  0.733369  0.383770  0.417769  0.354010  0.581347  0.498149  0.464148  0.412798  0.349601  0.452547  0.464727  0.406244  0.358505  0.343778  0.477947  0.393343  0.572105  0.409834  0.884991  0.527714  0.451630  0.441376  0.798929  0.361689  0.359937  0.341395  0.344773  0.696581  0.372634  0.354506  0.579126  0.391233  0.331081  0.438238  0.845790  0.435690  0.432648  0.596170  0.708679  0.420935  0.719133  0.413685  0.390048  0.429668  0.268829  0.453701  0.601644 
2  0.433666  0.414873 0.0  0.474742  0.476001  0.362251  0.391119  0.089831  0.222540  0.517240  0.678954  0.197543  0.218261  0.450140  0.617253  0.291084  0.217149  0.250704  0.567542  0.529678  0.508471  0.347203  0.335560  0.223489  0.556403  0.284188  0.292550  0.271642  0.655009  0.494932  0.401103  0.353477  0.802538  0.419023  0.371049  0.342558  0.525416  0.518992  0.626236  0.307416  0.220921  0.448612  0.289502  0.414855  0.285681  0.402690  0.339967  0.416547  0.410976  0.302786  0.585563  0.536284  0.599308  0.294084  0.444064  0.499892  0.393909  0.343974  0.529312  0.530324  0.345701  0.423155  0.319514  0.348152  0.295649  0.316923  0.200087  0.279152  0.329096  0.574691  0.350563  0.314240  0.385896  0.249890  0.389115  0.402850  0.460116  0.458979  0.350274  0.390594  0.320736  0.290791  0.493259  0.436737  0.455506  0.274390  0.299696  0.651911  0.323847  0.340595  0.264890  0.311554  0.226235  0.345781  0.349659  0.303511  0.441219  0.555471  0.306964  0.339410  0.591403  0.693458  0.837239  0.493371  0.290400  0.322692  0.360864  0.771174  0.406687  0.362452  0.299783  0.546411  0.136534  0.341432  0.362841  0.821139  0.251357  0.786402  0.176628  0.378084  0.349356  0.467485  0.748305  0.321304  0.320396  0.418240  0.372724  0.527775  0.263403  0.507776  0.262802  0.394734  0.312095  0.539132  0.329564  0.377349  0.366562  0.201499  0.444836  0.324528  0.192109  0.570697  0.325760  0.400927  0.286408  0.607958  0.378097  0.261303  0.436015  0.658708  0.760979  0.350626  0.425673  0.334858  0.605539  0.418646  0.364224  0.410803  0.366159  0.351253  0.254047  0.249517  0.375227  0.413257  0.292364  0.370463  0.457904  0.340144  0.719365  0.488942  0.379494  0.485653  0.759447  0.459278  0.380053  0.339282  0.328783  0.594754  0.231345  0.359687  0.555247  0.300476  0.262491  0.471764  0.812099  0.396746  0.223955  0.595502  0.705561  0.537455  0.799445  0.336320  0.445967  0.397198  0.374837  0.442929  0.330872 
3  0.141745  0.494466  0.474742 0.0  0.216002  0.252406  0.172587  0.521120  0.514056  0.522747  0.661288  0.463698  0.450210  0.484917  0.621989  0.541242  0.383480  0.455388  0.243285  0.465944  0.556176  0.455831  0.462218  0.559608  0.694513  0.614084  0.443294  0.484506  0.631812  0.339986  0.518109  0.528033  0.592051  0.526396  0.370787  0.368164  0.439691  0.439652  0.602063  0.416361  0.471355  0.399079  0.494229  0.346243  0.435056  0.181986  0.420280  0.517323  0.270729  0.496567  0.619012  0.242425  0.631123  0.431650  0.209702  0.453262  0.403357  0.464282  0.427286  0.308784  0.543367  0.495572  0.414384  0.470583  0.570114  0.483330  0.521607  0.409371  0.489927  0.690961  0.450372  0.489645  0.196104  0.542751  0.541369  0.465417  0.356711  0.499905  0.605625  0.578530  0.452116  0.465355  0.426506  0.400200  0.519343  0.475307  0.490652  0.698008  0.535284  0.372757  0.520484  0.456279  0.457630  0.569174  0.516767  0.539854  0.220884  0.561581  0.463049  0.495078  0.605282  0.687390  0.714077  0.666979  0.508662  0.401463  0.549908  0.877418  0.606982  0.611696  0.486204  0.512923  0.508834  0.435604  0.608471  0.811395  0.409924  0.682159  0.507181  0.487232  0.528208  0.391953  0.675102  0.579696  0.635720  0.574771  0.512504  0.564414  0.500632  0.449652  0.507029  0.506495  0.577006  0.561985  0.541526  0.435261  0.649450  0.456957  0.180916  0.490932  0.432121  0.483930  0.437912  0.361860  0.462145  0.595690  0.394989  0.456590  0.432065  0.595081  0.733839  0.557960  0.488447  0.425365  0.709858  0.566128  0.472275  0.466320  0.489118  0.514231  0.449431  0.405327  0.582352  0.453153  0.502900  0.565040  0.412572  0.307274  0.690541  0.484642  0.481402  0.465546  0.754241  0.497180  0.465644  0.437491  0.494589  0.722815  0.470060  0.401593  0.537162  0.365377  0.456906  0.477013  0.750292  0.478180  0.547549  0.632072  0.682863  0.523288  0.671299  0.533126  0.453690  0.471953  0.465609  0.522522  0.525339 
4  0.276309  0.557485  0.476001  0.216002 0.0  0.165409  0.334787  0.427860  0.523716  0.550428  0.729774  0.524543  0.459395  0.421807  0.649299  0.497526  0.373743  0.416430  0.299233  0.592757  0.396803  0.473734  0.475572  0.594338  0.663946  0.554814  0.555749  0.380652  0.628937  0.434815  0.434670  0.541715  0.807943  0.517390  0.274525  0.431325  0.397263  0.434294  0.606686  0.529126  0.624834  0.498178  0.527749  0.437000  0.470960  0.179998  0.351356  0.546132  0.362190  0.483793  0.600345  0.407471  0.584377  0.390238  0.247617  0.444094  0.421047  0.486270  0.346001  0.363594  0.379279  0.676834  0.486835  0.588933  0.432119  0.495764  0.533275  0.376612  0.376803  0.510774  0.476448  0.469972  0.291433  0.404199  0.413652  0.560172  0.499859  0.411479  0.557998  0.538835  0.546274  0.507653  0.263592  0.436691  0.546935  0.467319  0.493642  0.651535  0.538305  0.409913  0.480184  0.439169  0.467833  0.541397  0.559748  0.546775  0.249531  0.439012  0.517468  0.428516  0.520906  0.613608  0.710025  0.535151  0.345418  0.420835  0.546990  0.766145  0.513518  0.436098  0.476696  0.534414  0.465883  0.507689  0.520687  0.637706  0.636956  0.840208  0.497179  0.445674  0.476907  0.485693  0.803825  0.589395  0.593404  0.430223  0.604195  0.518767  0.410810  0.495974  0.645983  0.498197  0.552009  0.532588  0.566108  0.532524  0.514607  0.546139  0.284887  0.620949  0.290549  0.572363  0.596596  0.534178  0.429063  0.472320  0.532024  0.545647  0.463562  0.673437  0.790287  0.494644  0.536103  0.496969  0.660222  0.569636  0.443913  0.507040  0.520874  0.620280  0.517067  0.401828  0.619518  0.454923  0.508459  0.467210  0.413664  0.390224  0.867774  0.503923  0.606284  0.435288  0.720830  0.455402  0.549846  0.630005  0.420059  0.784427  0.403599  0.395174  0.588867  0.367357  0.635666  0.561087  0.826800  0.595814  0.522092  0.594907  0.737512  0.399307  0.710867  0.482948  0.597283  0.591431  0.536455  0.567646  0.519190 
5  0.184665  0.328923  0.362251  0.252406  0.165409 0.0  0.293334  0.366729  0.422168  0.531021  0.849617  0.438224  0.472885  0.584370  0.527364  0.413482  0.505462  0.423297  0.290038  0.635582  0.490268  0.432004  0.471428  0.535922  0.710125  0.538246  0.510139  0.397941  0.738500  0.241308  0.538108  0.493666  0.629610  0.423733  0.389364  0.293979  0.317743  0.409800  0.618664  0.495878  0.461514  0.477312  0.462970  0.448552  0.472235  0.291163  0.376137  0.519264  0.263752  0.420147  0.512401  0.254716  0.598058  0.493067  0.184703  0.540522  0.452409  0.433968  0.445543  0.308969  0.423983  0.565173  0.646928  0.449176  0.574043  0.524388  0.421934  0.395363  0.435596  0.628949  0.553371  0.376916  0.402709  0.412737  0.414385  0.609242  0.415371  0.535032  0.675445  0.518309  0.416503  0.392206  0.450234  0.395422  0.431965  0.587185  0.465605  0.661762  0.430538  0.482261  0.537779  0.414814  0.595862  0.435264  0.515337  0.547688  0.318090  0.444947  0.455182  0.448567  0.570941  0.700466  0.682989  0.524930  0.555121  0.508792  0.435201  0.783376  0.454214  0.440266  0.422621  0.468790  0.464128  0.383129  0.443987  0.640449  0.491149  0.693119  0.358854  0.476651  0.498167  0.428248  0.656435  0.476700  0.583813  0.373062  0.497110  0.574609  0.480502  0.490674  0.483884  0.594980  0.546862  0.575323  0.489234  0.395466  0.560723  0.408327  0.257095  0.386838  0.421943  0.475140  0.547435  0.439428  0.401143  0.411732  0.436914  0.485475  0.368027  0.672634  0.853248  0.410776  0.477895  0.421179  0.712127  0.436883  0.639386  0.618364  0.514111  0.457542  0.491518  0.446116  0.556287  0.499146  0.436053  0.399288  0.429713  0.352571  0.679827  0.389196  0.599834  0.270837  0.683468  0.691222  0.549075  0.466171  0.461368  0.653016  0.387674  0.447513  0.559666  0.365760  0.526975  0.489513  0.697935  0.474804  0.412441  0.543632  0.703071  0.380156  0.681150  0.536631  0.396913  0.555308  0.469380  0.498309  0.464420 
6  0.257400  0.534197  0.391119  0.172587  0.334787  0.293334 0.0  0.480299  0.468990  0.476060  0.689702  0.468821  0.556627  0.538428  0.525724  0.566759  0.388050  0.435376  0.190460  0.498898  0.393952  0.413252  0.443679  0.493650  0.696047  0.537180  0.491871  0.542814  0.732657  0.457432  0.525204  0.522516  0.690570  0.508495  0.309440  0.454013  0.530121  0.452100  0.599021  0.529953  0.510992  0.525478  0.480148  0.448081  0.382369  0.149381  0.436109  0.529434  0.395662  0.542443  0.505895  0.376674  0.494553  0.433285  0.220084  0.548171  0.521172  0.436762  0.533679  0.366000  0.396999  0.499128  0.444710  0.492283  0.443997  0.543249  0.483375  0.438718  0.435592  0.604099  0.541986  0.493377  0.345831  0.453534  0.639118  0.457287  0.358266  0.496582  0.581048  0.592774  0.525985  0.538230  0.341312  0.466043  0.467774  0.512519  0.511674  0.666629  0.531993  0.446501  0.479039  0.443291  0.574162  0.542219  0.573131  0.561682  0.219090  0.519344  0.494848  0.468381  0.550049  0.650287  0.613028  0.463437  0.419892  0.427756  0.450873  0.697521  0.439540  0.471831  0.422935  0.466659  0.500113  0.425350  0.578864  0.732588  0.633394  0.746008  0.411705  0.540638  0.487530  0.509965  0.760442  0.613737  0.504138  0.504490  0.575370  0.617465  0.576153  0.476652  0.583725  0.405410  0.515199  0.556502  0.478306  0.548935  0.380191  0.482580  0.320450  0.444713  0.461071  0.474292  0.447489  0.563988  0.404500  0.512120  0.394855  0.438343  0.429179  0.744824  0.793934  0.463914  0.594102  0.545082  0.637698  0.572102  0.544463  0.445769  0.519550  0.603716  0.514094  0.493811  0.548795  0.456875  0.592818  0.502267  0.499881  0.253681  0.649828  0.458179  0.628246  0.490793  0.860354  0.501979  0.504187  0.550608  0.495238  0.690536  0.553355  0.393640  0.608132  0.432136  0.397991  0.423512  0.694586  0.482228  0.614399  0.661661  0.662358  0.501161  0.692177  0.655856  0.450442  0.549797  0.465754  0.530336  0.502353 
7  0.304402  0.263821  0.089831  0.521120  0.427860  0.366729  0.480299 0.0  0.251689  0.352549  0.780073  0.227922  0.210694  0.262531  0.678980  0.338546  0.198093  0.223786  0.567634  0.584303  0.495551  0.246310  0.217610  0.209959  0.689371  0.325827  0.348975  0.311505  0.706030  0.455718  0.227142  0.317674  0.735180  0.449511  0.388336  0.274174  0.489432  0.498710  0.618172  0.194049  0.319683  0.466884  0.353403  0.424733  0.341198  0.391455  0.261125  0.517190  0.452175  0.113104  0.495254  0.483159  0.635148  0.374456  0.419129  0.468114  0.404557  0.445241  0.413115  0.397832  0.319568  0.332466  0.351384  0.330510  0.381283  0.305494  0.318405  0.352963  0.372193  0.499198  0.388306  0.277751  0.406482  0.309732  0.405956  0.311796  0.392790  0.482481  0.321177  0.320477  0.332286  0.332987  0.419202  0.488613  0.460832  0.332225  0.432533  0.645675  0.318604  0.179644  0.373526  0.200704  0.250562  0.272643  0.412332  0.251756  0.456662  0.448432  0.278247  0.272783  0.480629  0.718311  0.804696  0.457206  0.244407  0.143104  0.496235  0.756853  0.470740  0.339945  0.333822  0.472383  0.266900  0.242930  0.377438  0.764650  0.391000  0.727793  0.244519  0.244967  0.345513  0.496322  0.786094  0.360911  0.388794  0.432416  0.383036  0.484928  0.278608  0.443647  0.348676  0.442416  0.379782  0.636979  0.276230  0.394930  0.317941  0.269361  0.455520  0.343340  0.216734  0.618858  0.389311  0.290894  0.277824  0.346221  0.421950  0.362913  0.364131  0.768905  0.685943  0.365066  0.359790  0.411705  0.698027  0.398348  0.339244  0.340578  0.319708  0.324008  0.313843  0.277416  0.382555  0.290301  0.313169  0.393077  0.468019  0.496430  0.779253  0.479641  0.307982  0.439491  0.774369  0.320627  0.253295  0.295735  0.377999  0.628741  0.207084  0.247111  0.642798  0.266695  0.239697  0.304567  0.712601  0.399115  0.223410  0.603461  0.704875  0.503971  0.726573  0.349551  0.468622  0.386162  0.337081  0.467115  0.343006 
8  0.355326  0.354196  0.222540  0.514056  0.523716  0.422168  0.468990  0.251689 0.0  0.441513  0.779624  0.333365  0.213156  0.233932  0.552560  0.350864  0.222685  0.236716  0.385258  0.601875  0.444242  0.251745  0.178924  0.241938  0.717782  0.392250  0.310087  0.303545  0.782734  0.516494  0.298806  0.274349  0.733594  0.475953  0.367170  0.318588  0.538680  0.551251  0.556066  0.416556  0.403093  0.435391  0.283997  0.309928  0.413504  0.450575  0.373794  0.465909  0.422988  0.367990  0.564949  0.490291  0.588422  0.283304  0.440600  0.462955  0.555206  0.432180  0.461196  0.562110  0.413657  0.253002  0.301411  0.288578  0.408114  0.459804  0.294991  0.277085  0.438291  0.609380  0.340708  0.267078  0.414564  0.355970  0.389465  0.422052  0.490998  0.430148  0.335155  0.261040  0.222228  0.304718  0.384613  0.444713  0.392532  0.348105  0.329487  0.661971  0.401435  0.185962  0.316178  0.351746  0.300849  0.333005  0.405225  0.254121  0.332613  0.464544  0.320879  0.298780  0.557529  0.812956  0.770800  0.452381  0.343873  0.245936  0.473373  0.707139  0.331666  0.335433  0.387998  0.442382  0.275584  0.253371  0.388394  0.712728  0.346012  0.828590  0.182180  0.296607  0.276707  0.503542  0.803283  0.279866  0.354103  0.494214  0.369422  0.509521  0.279912  0.602218  0.343827  0.407356  0.417892  0.541127  0.267554  0.430304  0.411168  0.297610  0.491625  0.224165  0.307322  0.584114  0.401913  0.338082  0.406465  0.384457  0.370549  0.454681  0.391401  0.654884  0.849970  0.361761  0.305182  0.255151  0.717603  0.351044  0.353468  0.374916  0.298656  0.347032  0.276182  0.245985  0.497073  0.259354  0.346116  0.304952  0.425378  0.480203  0.796682  0.503537  0.407532  0.480881  0.787656  0.240010  0.360770  0.356663  0.337311  0.688040  0.276357  0.253188  0.692383  0.256028  0.303368  0.447986  0.778658  0.356570  0.283443  0.638516  0.685305  0.492699  0.824935  0.464160  0.512513  0.411285  0.275863  0.517710  0.350399 
9  0.492767  0.328971  0.517240  0.522747  0.550428  0.531021  0.476060  0.352549  0.441513 0.0  0.778081  0.389557  0.517211  0.422626  0.667664  0.504538  0.361466  0.395279  0.568207  0.649977  0.413660  0.437741  0.451390  0.508844  0.785094  0.488948  0.539146  0.536592  0.700288  0.414793  0.539732  0.564382  0.754053  0.458841  0.352924  0.410358  0.403056  0.415627  0.670934  0.487379  0.501151  0.427664  0.520870  0.467601  0.419498  0.423623  0.375193  0.527148  0.435680  0.470822  0.561658  0.468164  0.669955  0.517260  0.522106  0.219579  0.207697  0.470494  0.462321  0.456682  0.484387  0.555927  0.484629  0.502408  0.512708  0.574343  0.513622  0.528891  0.400652  0.548195  0.514257  0.387161  0.404481  0.470162  0.489428  0.512579  0.380471  0.441201  0.497570  0.509082  0.549686  0.396345  0.351527  0.491478  0.437073  0.551776  0.364803  0.653559  0.434055  0.480100  0.539066  0.471691  0.371717  0.448891  0.582827  0.446292  0.579114  0.086224  0.577496  0.476971  0.332815  0.762925  0.756249  0.288459  0.449134  0.491307  0.348058  0.901852  0.179307  0.295979  0.511112  0.260790  0.529284  0.487264  0.613663  0.863449  0.635241  0.899188  0.459171  0.490980  0.448070  0.500956  0.693004  0.505433  0.483364  0.346115  0.542552  0.160529  0.538330  0.546268  0.553921  0.160199  0.550511  0.590994  0.438210  0.285620  0.506192  0.465983  0.535483  0.482526  0.449450  0.479339  0.516116  0.466983  0.405276  0.221426  0.555952  0.494031  0.422118  0.693001  0.782944  0.460253  0.489225  0.572013  0.615668  0.467736  0.545814  0.402573  0.473648  0.577279  0.535006  0.549432  0.594260  0.450961  0.490700  0.470842  0.347892  0.476827  0.811976  0.446132  0.477500  0.374041  0.729628  0.432135  0.512778  0.530726  0.439447  0.652400  0.375969  0.470018  0.595408  0.504873  0.563758  0.367472  0.826284  0.500573  0.358981  0.623756  0.672799  0.412666  0.849777  0.597226  0.436470  0.574995  0.414695  0.386397  0.516149 
10  0.815347  0.814431  0.678954  0.661288  0.729774  0.849617  0.689702  0.780073  0.779624  0.778081 0.0  0.770945  0.813526  0.834108  0.675321  0.914039  0.724527  0.827435  0.680072  0.697751  0.666179  0.743360  0.757401  0.815753  0.523377  0.812489  0.895651  0.733163  0.524144  0.756611  0.818929  0.827648  0.501641  0.865067  0.561309  0.603774  0.706292  0.632081  0.791815  0.742193  0.797070  0.772856  0.828268  0.746626  0.830443  0.678194  0.684159  0.853934  0.598184  0.863647  0.667928  0.847035  0.755399  0.682657  0.641596  0.730946  0.797155  0.713817  0.718308  0.687274  0.700566  0.703823  0.794474  0.776568  0.743835  0.809485  0.660181  0.862177  0.724109  0.798185  0.907723  0.740740  0.696279  0.703836  0.758904  0.793609  0.730259  0.717716  0.806864  0.842863  0.804489  0.831959  0.697189  0.708317  0.780806  0.770197  0.941474  0.768694  0.851502  0.906202  0.899992  0.798128  0.774553  0.806941  0.791019  0.870961  0.665686  0.811126  0.784951  0.889631  0.964436  0.527165  0.162110  0.839933  0.758773  0.727901  0.696640  0.364623  0.769735  0.814321  0.796179  0.789352  0.812651  0.802680  0.844742  0.279965  0.938724  0.086224  0.757109  0.812020  0.738293  0.561840  0.753572  0.862687  0.853688  0.801579  0.852408  0.837224  0.766125  0.750354  0.928979  0.856127  0.824206  0.631638  0.840142  0.743016  0.872239  0.791168  0.660527  0.808363  0.745089  0.724885  0.802383  0.765795  0.775613  0.892646  0.787810  0.768104  0.816343  0.729907  0.656634  0.886640  0.789999  0.852972  0.639314  0.768640  0.784127  0.752359  0.659660  0.874700  0.768479  0.814142  0.865243  0.885299  0.857482  0.883318  0.764576  0.758036  0.369555  0.719967  0.929653  0.554993  0.156850  0.814410  0.744921  0.856277  0.757396  0.687038  0.757822  0.684516  0.673233  0.701900  0.799105  0.762488  0.144184  0.775633  0.814231  0.646565  0.518196  0.684850  0.210142  0.825569  0.746455  0.884039  0.614100  0.871293  0.936204 
11  0.401285  0.328386  0.197543  0.463698  0.524543  0.438224  0.468821  0.227922  0.333365  0.389557  0.770945 0.0  0.288528  0.282929  0.638416  0.309482  0.284322  0.142658  0.443257  0.615241  0.473028  0.389720  0.218654  0.210098  0.766207  0.146919  0.254791  0.219003  0.746483  0.479201  0.422875  0.295966  0.796577  0.445470  0.366976  0.326050  0.528293  0.462856  0.503954  0.252496  0.265257  0.517530  0.216671  0.245340  0.295962  0.398915  0.303437  0.310162  0.342707  0.133251  0.577880  0.555239  0.531055  0.292236  0.559209  0.373564  0.391392  0.416603  0.506051  0.505840  0.351671  0.402685  0.208876  0.367252  0.297009  0.226180  0.228700  0.298146  0.365792  0.530632  0.241483  0.398846  0.269832  0.327412  0.401314  0.312095  0.502954  0.478498  0.333077  0.334674  0.274383  0.305147  0.656706  0.550704  0.589194  0.223436  0.190445  0.535992  0.303203  0.249494  0.259398  0.195596  0.340178  0.295181  0.254639  0.318666  0.512952  0.509888  0.196731  0.152936  0.442044  0.815499  0.886408  0.461388  0.261553  0.275412  0.405349  0.863563  0.477252  0.438656  0.138980  0.381781  0.240099  0.248075  0.292477  0.821338  0.308539  0.724509  0.216394  0.140320  0.348027  0.553196  0.692675  0.179360  0.343900  0.465952  0.338132  0.427781  0.272311  0.566588  0.312888  0.461752  0.218825  0.629753  0.265708  0.550862  0.207903  0.279889  0.399782  0.202393  0.286930  0.616126  0.306321  0.289941  0.281562  0.494716  0.275822  0.378414  0.387512  0.636607  0.778538  0.352051  0.260958  0.243373  0.696334  0.356857  0.290803  0.313466  0.290790  0.279155  0.304338  0.262166  0.360371  0.258726  0.378039  0.296969  0.504294  0.426117  0.797529  0.465839  0.288987  0.432546  0.772063  0.228770  0.318774  0.344978  0.185185  0.680506  0.186143  0.328823  0.549014  0.202922  0.288502  0.432734  0.795415  0.285222  0.273703  0.614125  0.676112  0.438590  0.731121  0.386983  0.466065  0.399803  0.386995  0.569897  0.198849 
12  0.479599  0.366912  0.218261  0.450210  0.459395  0.472885  0.556627  0.210694  0.213156  0.517211  0.813526  0.288528 0.0  0.165832  0.564606  0.215777  0.320998  0.239349  0.493714  0.633559  0.511001  0.285291  0.161015  0.263312  0.723486  0.294267  0.258238  0.164541  0.785168  0.543098  0.356311  0.322362  0.770712  0.339419  0.274954  0.376571  0.549563  0.466945  0.654860  0.132919  0.325423  0.417675  0.358084  0.373835  0.237788  0.390314  0.278040  0.299399  0.411516  0.184402  0.548032  0.374433  0.581381  0.201065  0.502961  0.378276  0.383455  0.305125  0.422361  0.504639  0.327293  0.194638  0.296403  0.230398  0.251140  0.116983  0.197194  0.210555  0.403747  0.506830  0.259738  0.300781  0.334435  0.417490  0.305957  0.294534  0.483587  0.494039  0.338316  0.234365  0.271936  0.270006  0.545654  0.515458  0.489422  0.272763  0.307993  0.650167  0.335741  0.308827  0.257480  0.250217  0.213794  0.242163  0.209306  0.258602  0.394763  0.474155  0.168111  0.257070  0.530774  0.810799  0.728805  0.486339  0.212453  0.196790  0.466958  0.867000  0.472947  0.464916  0.285950  0.519558  0.342733  0.291259  0.243437  0.824949  0.274679  0.791029  0.131534  0.297101  0.346098  0.451264  0.646235  0.389607  0.333871  0.419788  0.347395  0.473432  0.086224  0.406338  0.273635  0.455494  0.286815  0.537935  0.194248  0.395638  0.299331  0.361608  0.294712  0.205790  0.332742  0.523324  0.367747  0.241177  0.364329  0.477104  0.343377  0.480244  0.347989  0.637591  0.685080  0.249143  0.257396  0.200715  0.709413  0.413168  0.382012  0.235817  0.264574  0.329865  0.279529  0.251532  0.184478  0.286773  0.263557  0.311135  0.444499  0.418369  0.815939  0.531927  0.471502  0.444247  0.810436  0.290778  0.232810  0.280009  0.086224  0.665588  0.296764  0.276667  0.557389  0.259672  0.187755  0.459801  0.842442  0.336900  0.268198  0.620846  0.699077  0.470090  0.826411  0.267676  0.515953  0.286174  0.457952  0.428489  0.298890 
13  0.453147  0.256812  0.450140  0.484917  0.421807  0.584370  0.538428  0.262531  0.233932  0.422626  0.834108  0.282929  0.165832 0.0  0.655855  0.204559  0.265681  0.306303  0.515124  0.483236  0.416158  0.343590  0.254747  0.306609  0.693149  0.223561  0.243679  0.306689  0.684865  0.444670  0.293780  0.243636  0.833979  0.532875  0.460689  0.403205  0.517465  0.558349  0.629331  0.248548  0.338479  0.528143  0.375642  0.263197  0.319599  0.377177  0.407065  0.236523  0.501551  0.282816  0.591096  0.395158  0.535890  0.356979  0.481180  0.441926  0.407593  0.378602  0.693233  0.405393  0.399286  0.288992  0.219217  0.201420  0.095551  0.173201  0.293645  0.298701  0.423055  0.626243  0.217921  0.376214  0.455544  0.407472  0.432873  0.249002  0.439095  0.582818  0.308660  0.138429  0.244313  0.259007  0.613592  0.516253  0.574492  0.145153  0.295000  0.547945  0.200570  0.244008  0.228311  0.332713  0.231462  0.226721  0.283266  0.275034  0.475206  0.536473  0.224255  0.172890  0.517747  0.769387  0.814232  0.427295  0.264579  0.265040  0.430108  0.906509  0.573154  0.476838  0.328642  0.494269  0.187666  0.188571  0.228712  0.874008  0.219846  0.919955  0.232493  0.342912  0.289012  0.563713  0.719381  0.204438  0.328216  0.388295  0.232046  0.428425  0.193246  0.571623  0.264986  0.443066  0.233547  0.554777  0.292731  0.449445  0.255886  0.304560  0.531910  0.183294  0.403605  0.619540  0.195728  0.368019  0.442418  0.437808  0.322963  0.398297  0.294881  0.586424  0.790866  0.236027  0.204446  0.195367  0.524205  0.280274  0.301072  0.182802  0.268748  0.246153  0.359305  0.299956  0.318622  0.324081  0.252275  0.238369  0.507377  0.485114  0.652180  0.502757  0.269549  0.434466  0.842534  0.232612  0.231754  0.285533  0.231894  0.575866  0.287817  0.435073  0.635241  0.228822  0.238677  0.522225  0.894473  0.209370  0.276965  0.600868  0.820176  0.464199  0.715517  0.317867  0.597114  0.308928  0.378181  0.409485  0.232597 
14  0.557781  0.568608  0.617253  0.621989  0.649299  0.527364  0.525724  0.678980  0.552560  0.667664  0.675321  0.638416  0.564606  0.655855 0.0  0.598830  0.556546  0.707487  0.493191  0.438674  0.547100  0.518042  0.640319  0.549264  0.840614  0.652760  0.693479  0.605822  0.654089  0.568076  0.695620  0.691465  0.690475  0.680158  0.492366  0.586482  0.583774  0.468020  0.460868  0.636300  0.653551  0.658035  0.601411  0.578426  0.680789  0.532241  0.609748  0.737596  0.545746  0.621084  0.435825  0.660553  0.501066  0.657289  0.587831  0.587171  0.661739  0.594855  0.540099  0.624847  0.577828  0.650099  0.705178  0.635840  0.625574  0.736962  0.725767  0.503368  0.529237  0.568044  0.638223  0.599265  0.642048  0.523583  0.601513  0.597008  0.606192  0.561356  0.668467  0.692866  0.614507  0.607024  0.448470  0.519454  0.500346  0.525710  0.540726  0.683666  0.691181  0.713342  0.643054  0.560296  0.661286  0.593064  0.617291  0.613879  0.577240  0.618749  0.638190  0.620111  0.653168  0.779828  0.693714  0.600894  0.655272  0.534053  0.596755  0.707461  0.639786  0.640266  0.610229  0.545160  0.620532  0.675254  0.574188  0.815742  0.768842  0.656420  0.618527  0.561844  0.624034  0.599658  0.867079  0.634279  0.732804  0.563981  0.707672  0.547922  0.559323  0.584392  0.704089  0.616200  0.699985  0.505642  0.599825  0.637316  0.678745  0.499306  0.572844  0.675716  0.606926  0.275872  0.722898  0.602553  0.637177  0.647863  0.573470  0.690353  0.695117  0.722044  0.758277  0.650467  0.662721  0.707212  0.629035  0.725149  0.732995  0.644496  0.622400  0.660480  0.668601  0.534048  0.582810  0.636035  0.621338  0.580804  0.598547  0.511872  0.721060  0.558147  0.663225  0.629015  0.751468  0.596557  0.678619  0.639642  0.742894  0.745815  0.566087  0.507801  0.164931  0.669231  0.630363  0.552333  0.772461  0.625968  0.642404  0.413211  0.688799  0.626252  0.701978  0.742747  0.552051  0.770723  0.629046  0.600955  0.682858 
15  0.435319  0.331161  0.291084  0.541242  0.497526  0.413482  0.566759  0.338546  0.350864  0.504538  0.914039  0.309482  0.215777  0.204559  0.598830 0.0  0.391529  0.246326  0.508811  0.642215  0.568170  0.464049  0.268340  0.342152  0.659431  0.254941  0.325123  0.340025  0.791781  0.545500  0.182282  0.134916  0.789151  0.411487  0.355554  0.382129  0.496387  0.568166  0.789468  0.267556  0.218363  0.478376  0.267071  0.427350  0.359135  0.522257  0.402592  0.303201  0.512749  0.374742  0.634035  0.375745  0.512390  0.482769  0.447457  0.454021  0.426039  0.432855  0.466011  0.449847  0.393257  0.190311  0.260980  0.207085  0.180266  0.251338  0.160409  0.302654  0.381955  0.601745  0.091773  0.432534  0.331825  0.421071  0.367558  0.196965  0.462425  0.408378  0.152464  0.170452  0.216498  0.288086  0.519248  0.603410  0.571642  0.409739  0.189575  0.720112  0.265066  0.323191  0.319292  0.304693  0.255336  0.187597  0.177534  0.207425  0.582519  0.413544  0.229783  0.261343  0.451341  0.840530  0.757956  0.601993  0.319336  0.241149  0.413484  0.844940  0.399415  0.544808  0.210505  0.427773  0.388451  0.241849  0.251473  0.909001  0.245267  0.823843  0.364272  0.230483  0.356148  0.568213  0.693186  0.241011  0.285286  0.463881  0.278094  0.559302  0.322915  0.540875  0.220085  0.303094  0.212722  0.589828  0.318088  0.367649  0.167109  0.383768  0.494128  0.308927  0.363275  0.531397  0.311595  0.204206  0.314550  0.556755  0.463812  0.194465  0.415518  0.615437  0.666262  0.223109  0.321373  0.213262  0.556851  0.245938  0.264518  0.149876  0.206406  0.340013  0.170224  0.259662  0.211716  0.234530  0.231304  0.272012  0.574231  0.446338  0.786709  0.529546  0.273165  0.565353  0.766671  0.303878  0.207923  0.129834  0.132161  0.648698  0.304684  0.346948  0.621487  0.378492  0.179315  0.510058  0.785417  0.221484  0.243667  0.620543  0.832903  0.475619  0.821484  0.274206  0.510026  0.214526  0.324761  0.431162  0.242872 
16  0.328758  0.349784  0.217149  0.383480  0.373743  0.505462  0.388050  0.198093  0.222685  0.361466  0.724527  0.284322  0.320998  0.265681  0.556546  0.391529 0.0  0.219164  0.495864  0.585166  0.461404  0.330672  0.312331  0.306682  0.671441  0.231935  0.340612  0.334314  0.618927  0.440247  0.327381  0.369934  0.686728  0.341772  0.425407  0.287692  0.348700  0.366025  0.504212  0.354753  0.403544  0.486129  0.432947  0.154394  0.440806  0.395096  0.291396  0.464333  0.434346  0.262871  0.570709  0.453976  0.526158  0.177564  0.478892  0.450728  0.372308  0.357957  0.481449  0.418877  0.210557  0.474695  0.369440  0.254750  0.364718  0.372623  0.203689  0.278823  0.273277  0.462710  0.336564  0.295575  0.412866  0.204886  0.327160  0.325515  0.452018  0.501363  0.402662  0.385940  0.383840  0.369398  0.471245  0.493460  0.490342  0.217422  0.369624  0.605770  0.378944  0.312576  0.329615  0.284655  0.326304  0.417051  0.414178  0.290920  0.459026  0.453018  0.357407  0.342140  0.476399  0.827029  0.777707  0.508529  0.310134  0.304387  0.394572  0.806449  0.255411  0.366592  0.289195  0.470792  0.339895  0.262571  0.402195  0.762536  0.423576  0.687974  0.202524  0.353723  0.355666  0.408561  0.737124  0.240733  0.316143  0.332407  0.398283  0.365848  0.335533  0.530174  0.382761  0.460908  0.318016  0.514268  0.275105  0.368380  0.407777  0.319689  0.441592  0.220512  0.270968  0.487263  0.406308  0.366357  0.233621  0.384337  0.279215  0.219980  0.377551  0.638875  0.667733  0.416692  0.437013  0.289001  0.765426  0.357464  0.496557  0.336064  0.395900  0.397404  0.346211  0.243384  0.308619  0.259699  0.301895  0.380399  0.406478  0.520156  0.721293  0.458798  0.479630  0.448565  0.754856  0.283083  0.429922  0.382302  0.316820  0.633924  0.363884  0.326965  0.423278  0.287236  0.328408  0.397858  0.725158  0.370854  0.267566  0.606781  0.659470  0.398415  0.755765  0.391395  0.401597  0.448630  0.389710  0.496146  0.312966 
17  0.408243  0.399065  0.250704  0.455388  0.416430  0.423297  0.435376  0.223786  0.236716  0.395279  0.827435  0.142658  0.239349  0.306303  0.707487  0.246326  0.219164 0.0  0.382615  0.581434  0.471486  0.270773  0.238551  0.181527  0.846305  0.239727  0.328513  0.201579  0.632348  0.494703  0.355537  0.332133  0.733253  0.479499  0.292675  0.336125  0.510497  0.555648  0.590239  0.240098  0.202617  0.508099  0.147776  0.370046  0.390451  0.404112  0.310111  0.374676  0.391306  0.172938  0.571295  0.450238  0.514779  0.293780  0.475068  0.478710  0.384039  0.383475  0.392143  0.429398  0.268700  0.219322  0.344559  0.227361  0.262108  0.138270  0.203124  0.216089  0.315744  0.630231  0.320639  0.316416  0.351452  0.307346  0.274891  0.439131  0.480593  0.431266  0.240426  0.326083  0.313513  0.296721  0.444159  0.503106  0.440819  0.311780  0.272260  0.639910  0.253965  0.203958  0.293649  0.274127  0.239157  0.297767  0.315198  0.305866  0.371455  0.551840  0.261585  0.294557  0.399755  0.736240  0.745580  0.377093  0.228358  0.300303  0.526474  0.742029  0.379304  0.524359  0.284929  0.436629  0.269970  0.248719  0.336289  0.758724  0.344735  0.807272  0.283232  0.301609  0.219757  0.585948  0.733086  0.276312  0.266304  0.478471  0.244461  0.459468  0.299367  0.417088  0.327032  0.409201  0.266308  0.555260  0.170702  0.398619  0.256982  0.293261  0.462927  0.263383  0.162015  0.444603  0.347310  0.308606  0.402606  0.486243  0.294539  0.246134  0.422132  0.604456  0.672320  0.228330  0.281860  0.168420  0.657359  0.415972  0.219172  0.258949  0.257990  0.363533  0.315909  0.253552  0.342415  0.302024  0.355990  0.347252  0.520721  0.486069  0.719111  0.573094  0.374977  0.426760  0.827443  0.248158  0.275225  0.229798  0.215624  0.649386  0.228831  0.249667  0.584492  0.158810  0.317039  0.635483  0.809350  0.348916  0.314226  0.621891  0.726259  0.413266  0.874396  0.286245  0.428636  0.297640  0.334477  0.533874  0.260804 
18  0.270491  0.383829  0.567542  0.243285  0.299233  0.290038  0.190460  0.567634  0.385258  0.568207  0.680072  0.443257  0.493714  0.515124  0.493191  0.508811  0.495864  0.382615 0.0  0.590263  0.453709  0.509915  0.471362  0.485245  0.736212  0.613967  0.473441  0.488778  0.623893  0.498732  0.484266  0.465790  0.723873  0.511532  0.226731  0.287113  0.533346  0.399101  0.666014  0.445672  0.609509  0.566961  0.604821  0.589155  0.403637  0.290418  0.442418  0.559020  0.364182  0.529223  0.670384  0.415862  0.566763  0.394903  0.364520  0.480360  0.433892  0.560759  0.355717  0.399994  0.531938  0.534637  0.554864  0.489502  0.463011  0.536127  0.429064  0.393077  0.508995  0.536399  0.539969  0.373865  0.289396  0.538017  0.472257  0.517755  0.493535  0.489931  0.557202  0.578423  0.522208  0.409105  0.389010  0.441624  0.505898  0.515758  0.475320  0.706634  0.482181  0.538140  0.429683  0.475415  0.469634  0.600645  0.573124  0.491821  0.263370  0.542911  0.486551  0.625392  0.520724  0.670406  0.785459  0.448895  0.543201  0.386805  0.520779  0.817945  0.469991  0.486048  0.560586  0.493327  0.583031  0.598099  0.466839  0.659159  0.522567  0.739513  0.531737  0.563041  0.490938  0.490323  0.670733  0.500457  0.615867  0.529741  0.528800  0.487978  0.480098  0.494830  0.518325  0.344074  0.508372  0.546153  0.434623  0.641746  0.572130  0.502179  0.270886  0.567614  0.410410  0.577399  0.518002  0.534229  0.328253  0.513149  0.357569  0.461112  0.455570  0.720330  0.752481  0.562867  0.628927  0.543477  0.794610  0.537054  0.417158  0.489611  0.423208  0.466373  0.551582  0.505359  0.425311  0.501978  0.456602  0.518980  0.450984  0.464553  0.845399  0.449759  0.522312  0.428318  0.703536  0.611216  0.485425  0.448437  0.502494  0.596432  0.486629  0.536520  0.609655  0.555684  0.471316  0.598863  0.748223  0.536733  0.454763  0.612559  0.705294  0.446666  0.795316  0.537327  0.449519  0.444481  0.383683  0.638993  0.525665 
19  0.573014  0.529776  0.529678  0.465944  0.592757  0.635582  0.498898  0.584303  0.601875  0.649977  0.697751  0.615241  0.633559  0.483236  0.438674  0.642215  0.585166  0.581434  0.590263 0.0  0.547120  0.544490  0.514213  0.542645  0.703241  0.619141  0.578585  0.554613  0.674763  0.532602  0.610662  0.622732  0.654691  0.575687  0.485032  0.533354  0.514803  0.555333  0.223544  0.536519  0.674267  0.590329  0.671493  0.557520  0.460306  0.558079  0.667129  0.578785  0.566274  0.622956  0.430674  0.556438  0.346285  0.412654  0.592422  0.586853  0.629827  0.627213  0.614381  0.503340  0.607492  0.590439  0.583698  0.598276  0.583083  0.759424  0.677267  0.553955  0.613148  0.544162  0.661784  0.700007  0.482888  0.512190  0.543794  0.737638  0.453996  0.581131  0.618369  0.680153  0.606937  0.548842  0.410048  0.594902  0.518259  0.501021  0.516008  0.561967  0.625923  0.591714  0.669984  0.547020  0.645300  0.621710  0.638409  0.516461  0.490983  0.533242  0.650547  0.480713  0.563413  0.599186  0.740655  0.642117  0.465430  0.483606  0.618648  0.714283  0.473539  0.692630  0.672667  0.635967  0.586994  0.674314  0.584408  0.677930  0.673383  0.750810  0.632469  0.475361  0.506925  0.627860  0.719799  0.666438  0.692681  0.612381  0.557875  0.557569  0.622278  0.527816  0.662187  0.557736  0.545872  0.327956  0.562580  0.563181  0.638131  0.590615  0.530162  0.603676  0.499240  0.282052  0.745193  0.599284  0.656010  0.640586  0.571275  0.490110  0.541990  0.668394  0.814934  0.733145  0.744545  0.487194  0.692788  0.666933  0.559885  0.573266  0.562887  0.687187  0.630756  0.587676  0.628677  0.562354  0.563383  0.614415  0.609131  0.509363  0.673008  0.618653  0.632783  0.614728  0.604349  0.521673  0.569011  0.584306  0.617359  0.680681  0.541157  0.571220  0.324888  0.565265  0.558372  0.601074  0.782604  0.558891  0.622042  0.180310  0.753933  0.629972  0.694844  0.722304  0.611693  0.565777  0.618113  0.691263  0.687368 
