197
0 0.0  0.497507  0.442995  0.222651  0.224730  0.303871  0.154538  0.368893  0.357334  0.582102  0.621638  0.414034  0.437356  0.428743  0.617973  0.470128  0.343137  0.327027  0.287079  0.488661  0.391122  0.517943  0.402022  0.501223  0.733494  0.498692  0.408917  0.443482  0.661968  0.382354  0.520540  0.395442  0.762029  0.411225  0.420566  0.294036  0.456604  0.416166  0.469724  0.306580  0.497445  0.427853  0.402735  0.484541  0.420401  0.202888  0.313175  0.560479  0.328923  0.457296  0.646759  0.414836  0.523967  0.400590  0.203040  0.502526  0.457428  0.423971  0.348884  0.289948  0.429040  0.499289  0.477166  0.523738  0.420610  0.563525  0.398039  0.377850  0.438801  0.538484  0.519971  0.373723  0.334384  0.472966  0.537805  0.420623  0.339185  0.352732  0.505446  0.457180  0.372740  0.410492  0.351828  0.428904  0.404447  0.476652  0.369831  0.587484  0.501671  0.389802  0.555076  0.415106  0.505446  0.399635  0.534938  0.400768  0.208959  0.505745  0.394921  0.413678  0.476925  0.734084  0.620924  0.471112  0.459918  0.336240  0.430174  0.770197  0.503247  0.495844  0.408444  0.464907  0.351948  0.395671  0.457481  0.645767  0.543676  0.704076  0.443164  0.300916  0.346824  0.458431  0.806208  0.514360  0.509452  0.296139  0.376160  0.465610  0.408136  0.385128  0.494016  0.462517  0.484929  0.407884  0.373152  0.396994  0.622972  0.462983  0.143687  0.529769  0.417037  0.547635  0.456088  0.468837  0.353485  0.322333  0.296974  0.353317  0.479292  0.690394  0.721944  0.568659  0.581375  0.507440  0.590473  0.494281  0.520163  0.492366  0.348680  0.461616  0.446128  0.393339  0.488918  0.443563  0.466407  0.538714  0.375098  0.244156  0.785478  0.418619  0.611552  0.404665  0.712260  0.392521  0.449725  0.528348  0.496415  0.596032  0.482483  0.276574  0.468878  0.418237  0.339977  0.540631  0.627066  0.422085  0.465937  0.593166  0.604174  0.390433  0.677214  0.588319  0.309720  0.475679  0.413678  0.497858  0.526355 
1  0.497507 0.0  0.328497  0.398920  0.381881  0.423627  0.431097  0.350902  0.349895  0.530543  0.690196  0.423075  0.418383  0.411216  0.588699  0.387965  0.290888  0.272184  0.368935  0.504437  0.519041  0.272375  0.461397  0.402815  0.761727  0.384286  0.365130  0.410067  0.606979  0.394557  0.362414  0.241942  0.792092  0.453621  0.264817  0.288830  0.478531  0.364058  0.548648  0.381999  0.424312  0.507174  0.342231  0.299043  0.347888  0.329100  0.308249  0.468809  0.373241  0.452895  0.581724  0.470592  0.426749  0.357806  0.466997  0.587087  0.465548  0.299094  0.446028  0.440878  0.366103  0.356636  0.370155  0.364929  0.304247  0.359204  0.437840  0.345084  0.418708  0.556238  0.381912  0.319992  0.312317  0.344725  0.219602  0.339063  0.504677  0.505311  0.428460  0.390899  0.459636  0.335168  0.418567  0.393421  0.515699  0.309831  0.284929  0.580570  0.356012  0.406126  0.395658  0.288368  0.461624  0.314826  0.353832  0.409370  0.369184  0.462944  0.345356  0.349043  0.558893  0.788295  0.789990  0.517116  0.386428  0.305899  0.530467  0.636883  0.461828  0.488834  0.436004  0.400015  0.407547  0.366012  0.326961  0.802645  0.423009  0.774217  0.318044  0.454644  0.445634  0.417889  0.583656  0.395426  0.408578  0.429216  0.358742  0.579783  0.434689  0.427218  0.394519  0.403693  0.415838  0.585888  0.290304  0.456820  0.469693  0.330330  0.578128  0.359864  0.316268  0.546562  0.497157  0.318249  0.311938  0.529181  0.195076  0.294616  0.402547  0.624557  0.772565  0.398753  0.395753  0.327627  0.639447  0.457353  0.354687  0.372399  0.352730  0.422009  0.491517  0.249431  0.347894  0.288164  0.325502  0.420176  0.440070  0.293085  0.699165  0.515287  0.446148  0.456648  0.777464  0.267171  0.391376  0.361526  0.302841  0.568872  0.323436  0.258095  0.443023  0.281973  0.371925  0.512836  0.676595  0.410912  0.320512  0.474958  0.743822  0.431636  0.807532  0.459459  0.484413  0.443942  0.439837  0.507528  0.425571 
2  0.442995  0.328497 0.0  0.471445  0.566688  0.503074  0.394911  0.207579  0.321116  0.499265  0.792791  0.319232  0.237472  0.223013  0.640576  0.373604  0.307541  0.236286  0.475803  0.507972  0.509296  0.313658  0.254769  0.285240  0.703503  0.288226  0.308887  0.268375  0.645454  0.502964  0.328794  0.269506  0.756562  0.488658  0.393525  0.303204  0.569735  0.449509  0.534905  0.318132  0.320788  0.482085  0.349266  0.348882  0.328719  0.426340  0.399745  0.381302  0.351105  0.280312  0.502877  0.558173  0.559027  0.226373  0.472670  0.399973  0.401273  0.411670  0.335067  0.447223  0.310749  0.300026  0.324692  0.269179  0.306574  0.401825  0.380612  0.284083  0.337228  0.542931  0.330051  0.229352  0.334993  0.312545  0.307525  0.350077  0.343813  0.527397  0.230113  0.307075  0.334596  0.379595  0.465403  0.446471  0.370330  0.362233  0.341813  0.496595  0.262094  0.352922  0.406466  0.272525  0.354666  0.301875  0.372734  0.394165  0.546288  0.461481  0.480307  0.241311  0.392510  0.729766  0.728096  0.457497  0.236071  0.340903  0.487053  0.799669  0.360318  0.449878  0.287428  0.475459  0.244770  0.212390  0.403386  0.738664  0.375508  0.721304  0.281546  0.282238  0.260144  0.452068  0.758366  0.210322  0.309507  0.369270  0.278886  0.463407  0.299188  0.457429  0.351664  0.474079  0.298079  0.591991  0.254475  0.461975  0.260934  0.246584  0.433588  0.254511  0.227460  0.566537  0.369576  0.349626  0.312015  0.508953  0.370147  0.376089  0.417816  0.632460  0.707654  0.330330  0.405428  0.257498  0.700387  0.167777  0.394437  0.362703  0.356392  0.351738  0.296695  0.236823  0.203370  0.295187  0.399778  0.303210  0.384907  0.329681  0.770488  0.457994  0.241304  0.511167  0.732523  0.262254  0.346629  0.401319  0.268776  0.628333  0.197898  0.287744  0.606887  0.174317  0.347605  0.512446  0.720051  0.342974  0.275871  0.570762  0.716193  0.502590  0.796466  0.308545  0.476676  0.376688  0.305739  0.535362  0.285276 
3  0.222651  0.398920  0.471445 0.0  0.187833  0.167394  0.241220  0.515743  0.551996  0.544974  0.641689  0.443369  0.428386  0.488931  0.607317  0.529072  0.466748  0.268624  0.210951  0.458430  0.417943  0.566682  0.494939  0.524308  0.621220  0.502362  0.503288  0.538482  0.729061  0.491485  0.539951  0.448661  0.745223  0.440016  0.351442  0.413438  0.469247  0.534224  0.678565  0.532988  0.522841  0.488042  0.469185  0.388645  0.427308  0.218934  0.476245  0.417177  0.235285  0.442692  0.534233  0.356919  0.556221  0.576482  0.292535  0.520904  0.577573  0.557381  0.482655  0.226649  0.521132  0.494753  0.526363  0.497728  0.401454  0.450924  0.435227  0.492392  0.408737  0.570723  0.425600  0.558170  0.424706  0.558593  0.508706  0.480819  0.273306  0.420761  0.609505  0.567466  0.399256  0.470425  0.506771  0.454043  0.518810  0.453582  0.468668  0.657197  0.423532  0.459741  0.508978  0.471489  0.445494  0.527757  0.655416  0.511558  0.256451  0.402021  0.440724  0.409875  0.468637  0.750920  0.762300  0.582384  0.456251  0.425197  0.461428  0.692894  0.484076  0.414730  0.440674  0.554439  0.368046  0.486025  0.384574  0.702131  0.543739  0.790048  0.370801  0.518620  0.483817  0.346448  0.792638  0.487662  0.488636  0.511950  0.621521  0.626096  0.527126  0.355172  0.466562  0.456507  0.512918  0.480565  0.391787  0.379347  0.658597  0.486195  0.270196  0.427016  0.478205  0.609768  0.497780  0.510040  0.499904  0.579160  0.513148  0.376523  0.360847  0.587549  0.728657  0.498708  0.452078  0.559880  0.721553  0.588706  0.424113  0.403815  0.478807  0.517658  0.483899  0.429376  0.434857  0.467025  0.495716  0.406220  0.446829  0.445458  0.715794  0.475481  0.609692  0.533169  0.699509  0.560490  0.515113  0.540040  0.562531  0.662667  0.459744  0.477912  0.579107  0.485285  0.516773  0.389184  0.699400  0.459660  0.472215  0.684374  0.738936  0.406683  0.687546  0.552105  0.515474  0.520536  0.464690  0.458976  0.534192 
4  0.224730  0.381881  0.566688  0.187833 0.0  0.287739  0.261812  0.437331  0.504928  0.440038  0.643545  0.500458  0.448258  0.416754  0.533030  0.454179  0.456059  0.393397  0.187401  0.537733  0.367341  0.427696  0.506067  0.448523  0.662748  0.498323  0.501246  0.431576  0.715653  0.484459  0.598530  0.660699  0.554213  0.426912  0.394691  0.396219  0.438839  0.387428  0.588218  0.492660  0.461259  0.426532  0.514666  0.382156  0.401122  0.200342  0.392401  0.627429  0.217636  0.441856  0.633310  0.283829  0.587817  0.449679  0.219112  0.531611  0.386850  0.427483  0.517411  0.395588  0.550413  0.498850  0.432200  0.502329  0.478396  0.467156  0.436887  0.372572  0.331799  0.553827  0.592595  0.451396  0.291334  0.400510  0.517718  0.603244  0.449707  0.347421  0.599359  0.581450  0.424461  0.452014  0.468317  0.447545  0.491582  0.482468  0.401451  0.741804  0.579183  0.462584  0.470812  0.448424  0.540994  0.465516  0.646950  0.540744  0.181126  0.458571  0.524149  0.496627  0.598708  0.742843  0.682257  0.407813  0.436664  0.478383  0.500780  0.697938  0.440725  0.480501  0.437615  0.529551  0.445527  0.484849  0.573769  0.644275  0.508733  0.697687  0.390499  0.525119  0.470699  0.304169  0.699642  0.632113  0.528168  0.399757  0.668034  0.571473  0.463175  0.394996  0.504645  0.422352  0.471228  0.572547  0.538958  0.466726  0.532296  0.437465  0.113274  0.568806  0.463760  0.517468  0.478564  0.473271  0.379451  0.539993  0.395442  0.556383  0.506203  0.658536  0.799880  0.536942  0.471922  0.537368  0.682887  0.546649  0.496497  0.619868  0.505607  0.585984  0.475308  0.497560  0.590293  0.451241  0.553089  0.441476  0.486837  0.437200  0.649851  0.410118  0.562950  0.225528  0.735348  0.572485  0.555139  0.552725  0.593789  0.592019  0.407124  0.467200  0.546249  0.417032  0.463052  0.491845  0.750001  0.498993  0.299533  0.562282  0.698846  0.413732  0.746686  0.397213  0.294595  0.650547  0.416078  0.546389  0.459926 
5  0.303871  0.423627  0.503074  0.167394  0.287739 0.0  0.317243  0.462018  0.429810  0.444628  0.733661  0.329733  0.434640  0.397711  0.606692  0.451013  0.429654  0.445118  0.311248  0.607263  0.419936  0.352334  0.412405  0.423314  0.696371  0.377499  0.462535  0.368021  0.792313  0.391268  0.477135  0.445916  0.585269  0.540670  0.376932  0.422421  0.336231  0.417191  0.507824  0.440422  0.422291  0.423774  0.301965  0.407546  0.538939  0.131006  0.420078  0.401022  0.346482  0.512594  0.584183  0.314988  0.599403  0.491826  0.292252  0.417715  0.516753  0.507379  0.408701  0.317518  0.367270  0.560080  0.474759  0.495557  0.516060  0.414652  0.514705  0.424452  0.389437  0.543426  0.505961  0.410656  0.310523  0.414340  0.484142  0.591993  0.349755  0.454809  0.526313  0.477921  0.519876  0.380363  0.508602  0.370291  0.371502  0.523053  0.518775  0.693268  0.369547  0.440758  0.531047  0.335305  0.562903  0.530743  0.600903  0.476070  0.270046  0.543118  0.472606  0.475264  0.493093  0.666029  0.756028  0.526029  0.428104  0.385974  0.493182  0.671901  0.397719  0.428672  0.446934  0.447160  0.423787  0.501959  0.552716  0.694062  0.551464  0.586060  0.438995  0.469238  0.388502  0.376406  0.739754  0.477104  0.506392  0.398938  0.481900  0.468248  0.420638  0.305772  0.554853  0.434010  0.390389  0.474392  0.358919  0.466962  0.520260  0.365273  0.263813  0.532373  0.431268  0.498014  0.426425  0.459242  0.374918  0.452338  0.441810  0.313651  0.431137  0.724840  0.765001  0.525027  0.498798  0.403956  0.585745  0.497202  0.562978  0.531780  0.515802  0.524498  0.413180  0.450997  0.537327  0.481073  0.454576  0.399893  0.410899  0.363790  0.795589  0.453039  0.472871  0.424803  0.733857  0.528099  0.492901  0.457187  0.470744  0.581639  0.409624  0.584825  0.570043  0.410027  0.534104  0.486285  0.804599  0.487219  0.439553  0.408314  0.713099  0.251938  0.779929  0.492571  0.411802  0.600811  0.449724  0.453989  0.450868 
6  0.154538  0.431097  0.394911  0.241220  0.261812  0.317243 0.0  0.479107  0.576628  0.573087  0.616618  0.498810  0.393911  0.470135  0.533854  0.571089  0.298446  0.407311  0.216013  0.587652  0.503458  0.349091  0.467727  0.506763  0.644122  0.500857  0.526006  0.593664  0.679795  0.456569  0.554947  0.561396  0.699493  0.458382  0.268009  0.384267  0.434567  0.470407  0.606251  0.418315  0.585415  0.503835  0.489864  0.396247  0.395072  0.217366  0.414305  0.513407  0.320292  0.391259  0.526440  0.386082  0.644361  0.432744  0.151529  0.495092  0.501310  0.552792  0.348530  0.383389  0.531435  0.488562  0.523700  0.520395  0.492218  0.421539  0.511433  0.495399  0.528876  0.553234  0.502331  0.429831  0.314048  0.458833  0.494775  0.504109  0.472485  0.494137  0.499299  0.510618  0.445114  0.546441  0.407121  0.408824  0.371896  0.505828  0.498847  0.643315  0.520384  0.435016  0.488033  0.537208  0.461850  0.493798  0.564897  0.523307  0.160405  0.468913  0.492026  0.479126  0.490334  0.651873  0.704384  0.511385  0.457291  0.481576  0.491902  0.646854  0.438154  0.506699  0.486347  0.505715  0.486400  0.494362  0.493085  0.706125  0.475620  0.713986  0.325090  0.405759  0.438938  0.443211  0.739462  0.552678  0.549659  0.575905  0.505081  0.568421  0.578938  0.421880  0.498408  0.459345  0.426069  0.534299  0.421577  0.542636  0.538302  0.395089  0.203564  0.555707  0.402496  0.479357  0.550339  0.502366  0.436215  0.583587  0.415261  0.545902  0.488619  0.646236  0.739783  0.466887  0.577311  0.480353  0.670711  0.532483  0.557456  0.438503  0.468681  0.553381  0.420006  0.462810  0.489789  0.505600  0.576703  0.364620  0.373607  0.389087  0.690467  0.455437  0.563525  0.345245  0.688453  0.518809  0.529168  0.515785  0.466151  0.636135  0.471061  0.529712  0.556583  0.449416  0.545936  0.507962  0.730992  0.458011  0.516302  0.634001  0.604664  0.398271  0.668822  0.613078  0.465876  0.540765  0.458122  0.500808  0.639740 
7  0.368893  0.350902  0.207579  0.515743  0.437331  0.462018  0.479107 0.0  0.281642  0.417669  0.719490  0.223773  0.234521  0.270349  0.684056  0.225005  0.295586  0.240462  0.482714  0.489856  0.491268  0.273277  0.216388  0.303947  0.651680  0.329725  0.318182  0.299910  0.624224  0.444561  0.380515  0.334133  0.756459  0.397905  0.363984  0.276278  0.502137  0.439027  0.667252  0.342524  0.332387  0.444564  0.267504  0.390073  0.315169  0.332858  0.143844  0.334490  0.354426  0.173788  0.510878  0.331184  0.614873  0.254530  0.337108  0.476525  0.331166  0.419705  0.444456  0.276333  0.303845  0.343579  0.256027  0.228155  0.306884  0.324263  0.325431  0.297503  0.285541  0.651139  0.232852  0.228920  0.319604  0.305867  0.322936  0.277360  0.483795  0.370686  0.311176  0.353451  0.294994  0.314348  0.502121  0.386586  0.464778  0.361378  0.248284  0.606175  0.358911  0.268342  0.356634  0.256872  0.331040  0.310598  0.438436  0.349771  0.506047  0.388263  0.309300  0.156838  0.414917  0.798537  0.631632  0.422253  0.313033  0.222627  0.487661  0.757547  0.421527  0.352561  0.080461  0.436639  0.291397  0.172100  0.359303  0.682993  0.358721  0.789300  0.313809  0.217208  0.290830  0.504618  0.757123  0.315979  0.370732  0.400397  0.297966  0.481190  0.271970  0.488757  0.372894  0.428883  0.341172  0.648547  0.268385  0.502061  0.396461  0.264928  0.445051  0.319564  0.310066  0.623375  0.261524  0.305483  0.285097  0.393979  0.295325  0.367726  0.402862  0.673079  0.609594  0.290595  0.337798  0.308404  0.673302  0.345668  0.217296  0.334231  0.367777  0.386099  0.338787  0.176743  0.357156  0.352010  0.307427  0.353367  0.397743  0.337992  0.703643  0.622292  0.331931  0.497100  0.883085  0.247243  0.353842  0.361737  0.213689  0.576972  0.209788  0.271278  0.593149  0.335106  0.416387  0.454866  0.751984  0.364570  0.271710  0.489919  0.805850  0.446795  0.655034  0.334781  0.454795  0.343960  0.358322  0.358367  0.377994 
8  0.357334  0.349895  0.321116  0.551996  0.504928  0.429810  0.576628  0.281642 0.0  0.454137  0.697763  0.249446  0.317606  0.187796  0.521438  0.174878  0.317068  0.248786  0.482737  0.594492  0.528440  0.361225  0.218604  0.232134  0.692000  0.346057  0.238682  0.331326  0.740756  0.493715  0.306428  0.315359  0.801635  0.495256  0.326536  0.286034  0.488206  0.438689  0.604166  0.397051  0.309303  0.418786  0.336876  0.318882  0.325114  0.439328  0.339478  0.421628  0.397140  0.242859  0.549019  0.369228  0.621537  0.372774  0.528244  0.435731  0.485552  0.400755  0.441536  0.325232  0.320635  0.334108  0.322271  0.267776  0.323821  0.295872  0.283245  0.199659  0.500374  0.474780  0.378524  0.383520  0.267711  0.403322  0.364842  0.402807  0.501780  0.403959  0.347420  0.241446  0.337969  0.395509  0.412623  0.349914  0.407766  0.247155  0.328105  0.684371  0.337011  0.326537  0.417709  0.230932  0.303721  0.305566  0.401514  0.314357  0.462870  0.538261  0.338251  0.378550  0.457608  0.808286  0.800446  0.478504  0.361971  0.216349  0.487364  0.618397  0.508853  0.506569  0.364256  0.507520  0.253194  0.287219  0.254579  0.823214  0.350850  0.757893  0.207757  0.232095  0.190237  0.520487  0.646380  0.357722  0.298250  0.312035  0.360095  0.496232  0.239461  0.495712  0.390079  0.387497  0.300535  0.527991  0.288830  0.522874  0.289192  0.281907  0.518524  0.386195  0.168246  0.517870  0.371872  0.232649  0.382910  0.467853  0.288690  0.298712  0.348363  0.652217  0.719727  0.348815  0.373698  0.342276  0.626290  0.375671  0.399222  0.263826  0.310842  0.243839  0.217277  0.210390  0.468430  0.313351  0.307121  0.295207  0.331881  0.420260  0.701717  0.493635  0.338588  0.463704  0.629896  0.342618  0.399780  0.280791  0.312922  0.660806  0.341386  0.194205  0.508319  0.306969  0.293346  0.401296  0.747115  0.350913  0.219096  0.568842  0.664271  0.408984  0.661725  0.357056  0.504126  0.259437  0.295107  0.445253  0.417752 
9  0.582102  0.530543  0.499265  0.544974  0.440038  0.444628  0.573087  0.417669  0.454137 0.0  0.837388  0.460911  0.413961  0.349438  0.585265  0.457693  0.384321  0.405887  0.389589  0.634866  0.359252  0.398202  0.503742  0.401063  0.726738  0.336377  0.417623  0.467664  0.708581  0.389860  0.501562  0.572362  0.849732  0.312279  0.428715  0.392341  0.444196  0.370700  0.627736  0.470663  0.569421  0.377298  0.460366  0.363985  0.413550  0.406733  0.393015  0.586734  0.433654  0.424317  0.598672  0.417244  0.615672  0.459321  0.369759  0.197274  0.268020  0.466258  0.543707  0.413575  0.467187  0.463955  0.512269  0.508883  0.389307  0.572319  0.449441  0.373879  0.320493  0.535726  0.429461  0.445043  0.321878  0.365283  0.495147  0.519185  0.501968  0.439354  0.610592  0.532527  0.491163  0.478017  0.368360  0.500563  0.457745  0.378952  0.512932  0.755438  0.526113  0.461923  0.504336  0.370930  0.472526  0.415974  0.368284  0.444373  0.439067  0.245046  0.468609  0.435266  0.166469  0.768316  0.748035  0.305227  0.429043  0.564990  0.318344  0.837188  0.289744  0.269480  0.581487  0.265870  0.425160  0.505076  0.508139  0.767837  0.502900  0.820750  0.421573  0.405073  0.447878  0.449687  0.822638  0.478641  0.457583  0.143002  0.669923  0.178000  0.508636  0.483252  0.558359  0.171428  0.593880  0.628484  0.539088  0.242820  0.537730  0.397238  0.557596  0.512269  0.483144  0.610304  0.517092  0.460432  0.380654  0.246212  0.380230  0.473460  0.300856  0.636446  0.750469  0.522080  0.493164  0.558671  0.535711  0.499220  0.550109  0.508614  0.532624  0.434655  0.430440  0.571782  0.600121  0.478542  0.524236  0.498921  0.300411  0.431987  0.816245  0.433668  0.515944  0.424913  0.729005  0.607384  0.569703  0.481831  0.499055  0.724227  0.471202  0.480151  0.677457  0.462519  0.453589  0.237611  0.800077  0.632112  0.483105  0.609765  0.717030  0.372948  0.932123  0.552228  0.409712  0.531979  0.555014  0.214503  0.627387 
10  0.621638  0.690196  0.792791  0.641689  0.643545  0.733661  0.616618  0.719490  0.697763  0.837388 0.0  0.814662  0.726689  0.800852  0.713510  0.832557  0.820462  0.698699  0.748961  0.651956  0.715467  0.703514  0.812457  0.745601  0.477699  0.845450  0.768439  0.685743  0.497007  0.639034  0.766223  0.857340  0.467924  0.738955  0.610215  0.709305  0.683272  0.582212  0.776477  0.731003  0.794236  0.714399  0.784013  0.697868  0.758927  0.704214  0.729380  0.904968  0.702364  0.706044  0.722539  0.723163  0.720186  0.688107  0.693148  0.814811  0.720337  0.705940  0.564432  0.831733  0.722440  0.768688  0.894519  0.804500  0.846347  0.845012  0.823778  0.684992  0.706869  0.780671  0.808165  0.783830  0.710848  0.823989  0.811992  0.794717  0.763210  0.623872  0.773858  0.992358  0.824723  0.819701  0.652374  0.667374  0.680272  0.784858  0.800259  0.752525  0.822295  0.812786  0.882089  0.746925  0.804177  0.820956  0.887171  0.750531  0.798935  0.862058  0.729129  0.810931  0.814713  0.468588  0.200320  0.730432  0.719241  0.705404  0.781151  0.279154  0.717750  0.899598  0.752290  0.922598  0.740453  0.840442  0.860558  0.164908  0.848414  0.164463  0.758383  0.831069  0.767120  0.679020  0.829729  0.783845  0.741783  0.774544  0.710361  0.820821  0.718936  0.678763  0.805548  0.810843  0.793182  0.731045  0.807085  0.847470  0.832413  0.853922  0.750252  0.922449  0.756126  0.693902  0.855753  0.720790  0.846044  0.779275  0.738567  0.702133  0.687708  0.629540  0.789268  0.930931  0.869766  0.804510  0.704570  0.862762  0.675601  0.878644  0.809172  0.894916  0.840818  0.792838  0.819946  0.825516  0.832911  0.731428  0.677241  0.586434  0.280927  0.641978  0.772333  0.732671  0.304698  0.776164  0.838713  0.819766  0.755923  0.712689  0.751926  0.818804  0.752807  0.756206  0.856067  0.821432  0.274151  0.845000  0.781625  0.747527  0.487795  0.667318  0.168767  0.873046  0.631849  0.868882  0.825792  0.780392  0.846131 
11  0.414034  0.423075  0.319232  0.443369  0.500458  0.329733  0.498810  0.223773  0.249446  0.460911  0.814662 0.0  0.146230  0.228531  0.700065  0.253541  0.291418  0.192818  0.478974  0.532929  0.498896  0.371081  0.242254  0.250821  0.810239  0.179895  0.249764  0.248879  0.802179  0.510882  0.285767  0.192369  0.796557  0.408604  0.392499  0.456728  0.479144  0.555711  0.631570  0.288754  0.400330  0.427974  0.180337  0.281121  0.348254  0.401092  0.205883  0.379675  0.394296  0.137865  0.492764  0.486400  0.585694  0.291454  0.416824  0.303783  0.409362  0.458128  0.516308  0.422358  0.222607  0.333148  0.286051  0.267454  0.190058  0.282111  0.161035  0.318142  0.329253  0.566728  0.285426  0.281091  0.383707  0.321187  0.381150  0.229641  0.441223  0.427349  0.347281  0.304399  0.224744  0.258671  0.552695  0.518622  0.488160  0.207627  0.152010  0.577425  0.338317  0.227061  0.175216  0.087624  0.360776  0.242130  0.264278  0.226159  0.437185  0.415733  0.301058  0.185623  0.488048  0.741965  0.838314  0.489418  0.293623  0.249499  0.523827  0.672510  0.321789  0.459654  0.211380  0.515381  0.232806  0.226982  0.333354  0.734711  0.277907  0.840875  0.277229  0.253267  0.231620  0.361869  0.712962  0.216211  0.318033  0.439881  0.348442  0.451842  0.208982  0.487078  0.121339  0.314257  0.167065  0.475328  0.185734  0.436234  0.361339  0.311895  0.429510  0.235947  0.199752  0.508469  0.190046  0.214564  0.280368  0.315505  0.262860  0.335647  0.385667  0.630829  0.667269  0.313837  0.265014  0.290735  0.588048  0.305383  0.246495  0.207376  0.321740  0.306054  0.230389  0.326552  0.290749  0.142998  0.317865  0.258337  0.483219  0.372089  0.703514  0.468590  0.252649  0.450850  0.709273  0.217659  0.267689  0.227849  0.251188  0.629655  0.264353  0.273600  0.585554  0.292025  0.225952  0.462836  0.732179  0.362525  0.208851  0.569503  0.704678  0.446066  0.812111  0.222721  0.454167  0.321714  0.306671  0.326583  0.374390 
12  0.437356  0.418383  0.237472  0.428386  0.448258  0.434640  0.393911  0.234521  0.317606  0.413961  0.726689  0.146230 0.0  0.279672  0.600478  0.139582  0.370934  0.281781  0.483156  0.440912  0.404601  0.370032  0.236446  0.304805  0.619746  0.162098  0.196652  0.252583  0.682837  0.447796  0.388200  0.233948  0.746860  0.492429  0.318748  0.330685  0.481634  0.514372  0.592824  0.244175  0.194071  0.450056  0.129368  0.358452  0.360727  0.404569  0.387752  0.197190  0.392616  0.127368  0.626783  0.566478  0.561975  0.404874  0.366558  0.430693  0.395662  0.378922  0.482266  0.475808  0.345148  0.220485  0.261591  0.187380  0.258388  0.296196  0.212916  0.327133  0.406116  0.478113  0.336012  0.279329  0.350874  0.342342  0.465269  0.338665  0.473033  0.477612  0.278899  0.289802  0.396797  0.245882  0.381634  0.462096  0.483515  0.233583  0.229431  0.641889  0.236574  0.316802  0.141568  0.231366  0.177129  0.113454  0.177077  0.119057  0.453873  0.413347  0.134667  0.193086  0.454232  0.754246  0.752787  0.491188  0.215651  0.297683  0.425735  0.793532  0.522326  0.601081  0.209599  0.394779  0.311725  0.188248  0.176229  0.835320  0.287807  0.851186  0.281826  0.165434  0.348149  0.460699  0.688986  0.318821  0.262566  0.425928  0.226428  0.419130  0.186930  0.440974  0.328330  0.435428  0.273773  0.536619  0.242481  0.484570  0.297756  0.249053  0.366706  0.290588  0.327159  0.594559  0.342764  0.238978  0.220908  0.553099  0.345101  0.399321  0.357401  0.721492  0.780419  0.189810  0.276812  0.282418  0.537485  0.262517  0.234213  0.137435  0.337718  0.307073  0.257315  0.241629  0.225929  0.184326  0.188947  0.268229  0.320627  0.430561  0.777195  0.394053  0.313994  0.522933  0.719887  0.253971  0.227067  0.239749  0.172572  0.476882  0.285526  0.239273  0.550796  0.243935  0.342751  0.435317  0.817776  0.319982  0.234223  0.662865  0.761736  0.425615  0.800343  0.279399  0.513533  0.369246  0.350792  0.451760  0.345982 
13  0.428743  0.411216  0.223013  0.488931  0.416754  0.397711  0.470135  0.270349  0.187796  0.349438  0.800852  0.228531  0.279672 0.0  0.645667  0.149394  0.366670  0.168198  0.504444  0.561532  0.529719  0.312698  0.213723  0.326119  0.803546  0.183838  0.266553  0.311255  0.736951  0.571971  0.184451  0.275088  0.858450  0.408260  0.412363  0.455330  0.477590  0.570193  0.618994  0.384222  0.235175  0.475078  0.267027  0.359484  0.403595  0.492048  0.420165  0.287142  0.543644  0.291468  0.627378  0.519356  0.485808  0.323041  0.372291  0.386930  0.343638  0.407197  0.547131  0.468773  0.424606  0.232259  0.211879  0.247665  0.207463  0.139921  0.275198  0.374964  0.302811  0.680289  0.250762  0.358569  0.408808  0.396879  0.290552  0.146018  0.495071  0.525948  0.152367  0.169580  0.308766  0.249820  0.462028  0.447799  0.599063  0.297632  0.254821  0.627465  0.176074  0.228316  0.247517  0.129208  0.257913  0.184651  0.165183  0.323308  0.509075  0.343305  0.194510  0.167035  0.405939  0.802566  0.801650  0.476173  0.222188  0.093609  0.497328  0.816492  0.387591  0.360302  0.221634  0.416834  0.285296  0.209958  0.230149  0.876756  0.310031  0.891041  0.324543  0.317278  0.363705  0.528719  0.667123  0.319959  0.275669  0.405805  0.219443  0.306314  0.341991  0.445147  0.207878  0.337577  0.260312  0.547974  0.235191  0.458505  0.217837  0.324130  0.490272  0.080617  0.283271  0.600290  0.271626  0.282591  0.442242  0.359434  0.430377  0.419669  0.495473  0.584113  0.718152  0.270595  0.154951  0.228891  0.651509  0.172265  0.162676  0.232603  0.398146  0.294171  0.166533  0.183012  0.265782  0.231600  0.198729  0.344968  0.475657  0.387979  0.720796  0.483847  0.302228  0.458949  0.857112  0.242254  0.185591  0.215866  0.192438  0.547674  0.217369  0.202919  0.593111  0.257516  0.130376  0.428299  0.685284  0.190062  0.377932  0.621266  0.784441  0.493920  0.726093  0.246005  0.429605  0.261329  0.433774  0.413846  0.275368 
14  0.617973  0.588699  0.640576  0.607317  0.533030  0.606692  0.533854  0.684056  0.521438  0.585265  0.713510  0.700065  0.600478  0.645667 0.0  0.642419  0.534640  0.578172  0.458064  0.462796  0.589173  0.563275  0.637643  0.686007  0.682680  0.641309  0.578703  0.563394  0.693840  0.577728  0.656178  0.826514  0.660491  0.689091  0.394164  0.603459  0.532935  0.591954  0.329053  0.495675  0.607956  0.653072  0.604194  0.626834  0.579218  0.717572  0.538540  0.582591  0.501392  0.637245  0.508610  0.651400  0.457272  0.668706  0.606529  0.655533  0.628603  0.527281  0.591180  0.513447  0.743116  0.721742  0.624583  0.611078  0.726449  0.700505  0.713069  0.598847  0.478607  0.471112  0.741865  0.714667  0.382375  0.662205  0.592232  0.649459  0.578634  0.523123  0.749382  0.660576  0.520314  0.663016  0.593429  0.568029  0.563472  0.583792  0.576113  0.768169  0.744014  0.609155  0.617916  0.532920  0.582510  0.724261  0.574074  0.601427  0.536973  0.613970  0.496977  0.568431  0.647462  0.704093  0.669396  0.535323  0.539603  0.647886  0.571782  0.617818  0.767293  0.579342  0.632372  0.593933  0.671336  0.540402  0.468398  0.736405  0.722372  0.757187  0.599063  0.487833  0.540726  0.593208  0.828248  0.652017  0.685248  0.627970  0.635329  0.683670  0.677532  0.528484  0.693778  0.600109  0.558820  0.345495  0.572355  0.520397  0.595157  0.648881  0.574442  0.646396  0.502999  0.341766  0.629341  0.549662  0.619628  0.583380  0.647566  0.585718  0.683126  0.770160  0.849099  0.717321  0.614986  0.587259  0.696542  0.754152  0.600099  0.698418  0.654892  0.773019  0.569466  0.506297  0.692224  0.727653  0.671213  0.691175  0.644616  0.465033  0.668815  0.508266  0.718896  0.473040  0.665500  0.691328  0.684911  0.714937  0.656370  0.655881  0.600596  0.557080  0.315839  0.625566  0.530775  0.569552  0.736661  0.656348  0.597657  0.384481  0.672728  0.589744  0.640382  0.653982  0.594998  0.642314  0.577173  0.616753  0.697866 
15  0.470128  0.387965  0.373604  0.529072  0.454179  0.451013  0.571089  0.225005  0.174878  0.457693  0.832557  0.253541  0.139582  0.149394  0.642419 0.0  0.358860  0.288762  0.534034  0.567593  0.591094  0.362117  0.252573  0.188363  0.731152  0.354425  0.164841  0.210129  0.603688  0.601149  0.147703  0.237716  0.813273  0.438164  0.334068  0.401255  0.514342  0.417565  0.552064  0.277040  0.300100  0.437996  0.258701  0.398542  0.319728  0.485453  0.289997  0.184698  0.410975  0.269231  0.664010  0.452734  0.548472  0.368787  0.504042  0.504321  0.440109  0.414751  0.456742  0.379183  0.391871  0.318182  0.286251  0.111832  0.265559  0.190483  0.261492  0.368218  0.504616  0.504500  0.228487  0.262330  0.390958  0.460461  0.404620  0.155299  0.440634  0.619597  0.234595  0.272547  0.138095  0.204632  0.522156  0.610231  0.527089  0.280397  0.287563  0.685649  0.304939  0.158714  0.249168  0.364823  0.308000  0.249098  0.274822  0.296031  0.516428  0.453418  0.207434  0.294489  0.506065  0.734452  0.788411  0.452762  0.185336  0.296902  0.510630  0.838235  0.431044  0.490670  0.321531  0.457616  0.351580  0.293096  0.314919  0.800772  0.283363  0.864230  0.272832  0.303111  0.348806  0.557119  0.598382  0.201944  0.136562  0.551764  0.198400  0.440294  0.229254  0.453143  0.260035  0.414314  0.245638  0.597402  0.328696  0.442958  0.263757  0.425912  0.496892  0.196420  0.251642  0.620565  0.240814  0.191573  0.373442  0.429611  0.453502  0.415648  0.496120  0.708487  0.719482  0.278918  0.179195  0.150831  0.460924  0.209912  0.252662  0.203036  0.250411  0.244367  0.300001  0.227881  0.193970  0.237478  0.275104  0.248749  0.437652  0.454448  0.882516  0.504971  0.263355  0.375611  0.808769  0.107731  0.201784  0.291976  0.246854  0.624278  0.337409  0.385283  0.560328  0.240086  0.214081  0.413523  0.866358  0.214422  0.286994  0.623331  0.789043  0.406644  0.782654  0.177642  0.627562  0.265143  0.456192  0.362477  0.358073 
16  0.343137  0.290888  0.307541  0.466748  0.456059  0.429654  0.298446  0.295586  0.317068  0.384321  0.820462  0.291418  0.370934  0.366670  0.534640  0.358860 0.0  0.342016  0.360365  0.578120  0.375444  0.339849  0.310035  0.345948  0.737104  0.325469  0.352237  0.375576  0.656566  0.425305  0.468396  0.345592  0.752453  0.493315  0.299863  0.259492  0.423894  0.521809  0.573327  0.282893  0.351099  0.416796  0.289341  0.188087  0.298652  0.266920  0.226455  0.362878  0.325788  0.150825  0.562538  0.400845  0.440310  0.146950  0.411934  0.406277  0.384164  0.386618  0.455103  0.452335  0.215514  0.288565  0.321543  0.199683  0.268782  0.325845  0.310467  0.404721  0.280839  0.610880  0.287331  0.267414  0.396323  0.289935  0.420799  0.343524  0.478849  0.401826  0.367630  0.300265  0.321843  0.378188  0.431531  0.422662  0.424858  0.318366  0.308426  0.586869  0.309600  0.330828  0.363438  0.274371  0.342671  0.480922  0.409374  0.286420  0.383559  0.440624  0.460888  0.205746  0.428677  0.839730  0.761606  0.390594  0.361334  0.250735  0.309023  0.778080  0.390489  0.346379  0.325893  0.361821  0.322895  0.348156  0.503277  0.807652  0.441011  0.750416  0.391706  0.275641  0.322203  0.500507  0.740961  0.392915  0.345293  0.392996  0.370295  0.406663  0.357210  0.324267  0.436191  0.313793  0.353040  0.600504  0.229275  0.438853  0.280952  0.435592  0.351909  0.368439  0.229768  0.561025  0.445866  0.311808  0.261600  0.399372  0.240846  0.243967  0.171048  0.637622  0.725525  0.333817  0.348443  0.322175  0.565039  0.511891  0.472355  0.347771  0.296372  0.374124  0.301854  0.327034  0.417444  0.272250  0.411762  0.249523  0.450032  0.391108  0.827763  0.473589  0.405962  0.450364  0.814634  0.291915  0.504464  0.345370  0.355081  0.585724  0.395012  0.227322  0.499095  0.344249  0.376886  0.384306  0.752612  0.450265  0.232372  0.613997  0.665112  0.378150  0.789879  0.343768  0.297062  0.278693  0.303508  0.490819  0.363386 
17  0.327027  0.272184  0.236286  0.268624  0.393397  0.445118  0.407311  0.240462  0.248786  0.405887  0.698699  0.192818  0.281781  0.168198  0.578172  0.288762  0.342016 0.0  0.437161  0.535730  0.520490  0.276181  0.213933  0.173175  0.613184  0.262791  0.219137  0.308452  0.690544  0.479849  0.302435  0.108775  0.762727  0.390860  0.352394  0.202159  0.395003  0.469855  0.554519  0.273411  0.315028  0.511020  0.174485  0.289726  0.242291  0.475251  0.212082  0.412544  0.340479  0.140617  0.484272  0.482922  0.520967  0.336061  0.402559  0.544803  0.426055  0.383972  0.467944  0.479594  0.353461  0.338040  0.276518  0.210047  0.244834  0.163040  0.226726  0.199413  0.279009  0.549640  0.143590  0.337861  0.388819  0.377203  0.442687  0.193609  0.520008  0.543997  0.274916  0.226571  0.239927  0.265361  0.435714  0.428323  0.551525  0.139456  0.243143  0.609004  0.192839  0.259410  0.316859  0.139601  0.207918  0.295577  0.248543  0.258909  0.437050  0.499422  0.152205  0.225105  0.438421  0.783938  0.776916  0.598214  0.225435  0.248996  0.407690  0.737623  0.406549  0.372348  0.194034  0.517644  0.177940  0.164196  0.254596  0.786933  0.236914  0.741199  0.211082  0.113240  0.270127  0.439509  0.628162  0.260617  0.250389  0.427634  0.154549  0.409879  0.261765  0.479504  0.234667  0.434726  0.290511  0.482998  0.257089  0.445597  0.302987  0.324810  0.461115  0.206873  0.220371  0.583785  0.255742  0.216471  0.271685  0.460332  0.407053  0.257087  0.381199  0.604013  0.724717  0.256252  0.397216  0.235774  0.653709  0.344628  0.283420  0.210008  0.294304  0.230566  0.282730  0.151876  0.306576  0.239263  0.318055  0.190760  0.490458  0.363131  0.745876  0.396185  0.324849  0.335271  0.750895  0.163081  0.296402  0.252363  0.223940  0.588019  0.239589  0.155471  0.503942  0.223549  0.256728  0.399249  0.718120  0.277428  0.220816  0.608397  0.724878  0.475559  0.813591  0.322978  0.398202  0.282522  0.337902  0.446237  0.198373 
18  0.287079  0.368935  0.475803  0.210951  0.187401  0.311248  0.216013  0.482714  0.482737  0.389589  0.748961  0.478974  0.483156  0.504444  0.458064  0.534034  0.360365  0.437161 0.0  0.521391  0.349974  0.321294  0.503686  0.451730  0.698746  0.509596  0.549612  0.569399  0.599922  0.448723  0.609231  0.524317  0.623197  0.485396  0.323548  0.423701  0.441048  0.457115  0.543664  0.457936  0.501570  0.502908  0.473298  0.474417  0.426799  0.276600  0.430106  0.582666  0.265999  0.643988  0.696040  0.411780  0.596860  0.479843  0.212363  0.413284  0.428562  0.409999  0.488735  0.363504  0.403291  0.494737  0.483160  0.479732  0.500873  0.550714  0.522120  0.418025  0.405425  0.560668  0.567817  0.606502  0.379837  0.593833  0.480334  0.542742  0.482641  0.353897  0.531528  0.485487  0.508111  0.561835  0.493356  0.363767  0.407502  0.487095  0.511163  0.628031  0.473990  0.467381  0.498402  0.496602  0.464543  0.481193  0.577878  0.470292  0.360952  0.474275  0.455604  0.534371  0.569534  0.783633  0.707276  0.513834  0.499256  0.461169  0.493414  0.663198  0.543111  0.485824  0.552805  0.430861  0.511690  0.572638  0.467870  0.700890  0.581711  0.793305  0.500773  0.575099  0.510119  0.439407  0.641345  0.514072  0.520494  0.594844  0.517217  0.469447  0.523399  0.386431  0.527384  0.515076  0.509095  0.501610  0.490476  0.533455  0.586726  0.472764  0.208506  0.603465  0.554404  0.510927  0.525510  0.492924  0.501539  0.532542  0.421982  0.473885  0.475415  0.693370  0.821618  0.465497  0.554919  0.516074  0.677313  0.456782  0.558423  0.565626  0.467925  0.588016  0.525231  0.471509  0.515540  0.454176  0.541458  0.536165  0.401342  0.337272  0.689815  0.490526  0.530610  0.435116  0.663873  0.524702  0.501211  0.446787  0.418963  0.622424  0.470726  0.415985  0.715689  0.502454  0.492687  0.482885  0.689024  0.478032  0.372510  0.579316  0.625688  0.429757  0.649520  0.627009  0.416964  0.469685  0.408399  0.550576  0.686311 
19  0.488661  0.504437  0.507972  0.458430  0.537733  0.607263  0.587652  0.489856  0.594492  0.634866  0.651956  0.532929  0.440912  0.561532  0.462796  0.567593  0.578120  0.535730  0.521391 0.0  0.454030  0.542776  0.579200  0.628056  0.653640  0.505149  0.558349  0.549464  0.770467  0.583741  0.711669  0.638471  0.662605  0.642427  0.415048  0.531838  0.577222  0.471019  0.190131  0.524439  0.548774  0.645704  0.522054  0.651263  0.586038  0.538413  0.562500  0.666866  0.524743  0.576969  0.388981  0.607220  0.421219  0.478959  0.550787  0.673618  0.570960  0.587307  0.484496  0.548139  0.574625  0.650984  0.561668  0.604287  0.620149  0.698426  0.606845  0.583517  0.515358  0.593321  0.625835  0.652110  0.563044  0.497576  0.576606  0.623343  0.516947  0.418710  0.578809  0.592629  0.592044  0.450830  0.532767  0.585785  0.590133  0.660110  0.544797  0.693105  0.700754  0.651441  0.547646  0.656027  0.587891  0.501147  0.589334  0.581329  0.539922  0.549468  0.633400  0.541894  0.642105  0.666773  0.645752  0.585903  0.583436  0.479071  0.664575  0.699658  0.584828  0.641474  0.635526  0.536069  0.546242  0.563014  0.606127  0.578395  0.624204  0.565721  0.574730  0.599228  0.600503  0.571001  0.913877  0.623994  0.635527  0.656959  0.672984  0.573172  0.625370  0.562681  0.676379  0.547809  0.661796  0.155616  0.582791  0.667970  0.564761  0.593945  0.457608  0.515861  0.488659  0.229731  0.578649  0.627067  0.559278  0.519861  0.493641  0.591477  0.467677  0.683243  0.797378  0.615245  0.716837  0.594127  0.637137  0.646631  0.767006  0.570693  0.596287  0.658943  0.571459  0.575340  0.691033  0.530695  0.606902  0.683527  0.628260  0.541449  0.689306  0.592947  0.788058  0.464851  0.679650  0.623202  0.650725  0.629187  0.606066  0.588657  0.640207  0.457976  0.453982  0.563076  0.500269  0.649392  0.745295  0.594260  0.598350  0.383935  0.707971  0.586807  0.744673  0.660644  0.556134  0.648320  0.470696  0.650872  0.721032 
