197
0 0.0  0.429923  0.434998  0.211771  0.194594  0.218740  0.202027  0.407726  0.385533  0.431048  0.711075  0.299644  0.356069  0.402100  0.488960  0.426150  0.336459  0.383144  0.188208  0.423493  0.333226  0.330445  0.357125  0.371564  0.566959  0.393906  0.377604  0.351129  0.657232  0.392204  0.465350  0.457651  0.700028  0.378999  0.255707  0.364391  0.409643  0.296485  0.492425  0.344711  0.337942  0.406188  0.362759  0.365773  0.330063  0.201022  0.410884  0.442439  0.272047  0.348238  0.449159  0.276704  0.446295  0.382375  0.189383  0.470669  0.431564  0.384130  0.322007  0.257301  0.279734  0.445863  0.444448  0.365128  0.361593  0.372224  0.342789  0.385947  0.395705  0.538923  0.450617  0.417604  0.262267  0.402138  0.404034  0.381735  0.361482  0.360756  0.486506  0.447346  0.450840  0.431969  0.385520  0.344413  0.364282  0.374066  0.364050  0.752289  0.379459  0.431558  0.379966  0.362424  0.357330  0.398118  0.364961  0.354471  0.188320  0.375664  0.443170  0.404627  0.510105  0.720183  0.679928  0.372982  0.393057  0.379025  0.400729  0.711331  0.406974  0.412989  0.417572  0.366171  0.408425  0.391714  0.436961  0.637503  0.375687  0.677677  0.340616  0.344308  0.334715  0.414327  0.720420  0.448795  0.417827  0.343256  0.463032  0.377233  0.374572  0.342865  0.488873  0.412869  0.439455  0.479622  0.339617  0.363373  0.408903  0.397180  0.185571  0.408054  0.379687  0.434473  0.500765  0.403211  0.364413  0.373862  0.287988  0.366701  0.359256  0.491374  0.703457  0.384004  0.449577  0.498522  0.671175  0.464075  0.428855  0.354761  0.459122  0.445387  0.380289  0.369497  0.428389  0.452439  0.392418  0.418022  0.376204  0.261368  0.631507  0.335309  0.485173  0.381626  0.739844  0.414638  0.436200  0.381525  0.348660  0.639665  0.381685  0.373250  0.361306  0.370398  0.351598  0.337053  0.620618  0.451844  0.399558  0.520811  0.604112  0.301475  0.651841  0.425987  0.360550  0.461890  0.389326  0.425588  0.432733 
1  0.429923 0.0  0.323856  0.315542  0.366610  0.377002  0.404835  0.304639  0.314868  0.376804  0.816032  0.291024  0.275961  0.323055  0.475424  0.332399  0.293405  0.255222  0.426851  0.557010  0.363422  0.273973  0.260526  0.334936  0.656836  0.316411  0.319006  0.308093  0.667887  0.477560  0.351340  0.297170  0.768111  0.372026  0.299251  0.289473  0.388655  0.402565  0.540508  0.341769  0.338908  0.402974  0.304787  0.325434  0.284294  0.346484  0.239081  0.364577  0.371389  0.303594  0.463037  0.406916  0.480703  0.269476  0.362839  0.371064  0.331757  0.223289  0.383661  0.335528  0.308861  0.343401  0.351021  0.303263  0.297616  0.307480  0.307309  0.236215  0.253553  0.452348  0.336159  0.271212  0.295034  0.259229  0.192507  0.367522  0.386085  0.349518  0.340277  0.384077  0.357029  0.351040  0.361012  0.402842  0.417504  0.310794  0.374648  0.651417  0.327031  0.315650  0.332223  0.272967  0.319207  0.330570  0.351802  0.368092  0.365319  0.379910  0.300047  0.339904  0.385869  0.639599  0.714727  0.465975  0.305058  0.275901  0.362639  0.709679  0.438392  0.346541  0.348232  0.409352  0.339198  0.317054  0.354451  0.683142  0.297886  0.771155  0.310761  0.322960  0.238463  0.450033  0.716477  0.373445  0.362896  0.370976  0.320131  0.373880  0.268639  0.337361  0.406292  0.418565  0.287928  0.497121  0.325913  0.364005  0.367735  0.278845  0.365497  0.297021  0.293644  0.486369  0.362668  0.314132  0.311209  0.409060  0.168336  0.183938  0.257926  0.631522  0.755318  0.339586  0.376242  0.345264  0.483540  0.346517  0.348167  0.307761  0.351348  0.353330  0.320200  0.283803  0.372213  0.337375  0.342396  0.335901  0.361301  0.389602  0.680678  0.432015  0.422153  0.368205  0.783673  0.343840  0.340263  0.368168  0.314204  0.545695  0.284682  0.243137  0.468566  0.291593  0.332299  0.380754  0.734450  0.355085  0.292575  0.555430  0.708911  0.382614  0.759544  0.348478  0.390192  0.308985  0.295870  0.440610  0.326571 
2  0.434998  0.323856 0.0  0.424627  0.388353  0.393291  0.388843  0.179890  0.208589  0.361370  0.732921  0.215287  0.264100  0.261939  0.492104  0.269196  0.242055  0.272535  0.420870  0.528116  0.390978  0.269146  0.220901  0.199984  0.662630  0.265104  0.272502  0.231854  0.712069  0.388469  0.242757  0.278869  0.761908  0.373386  0.321729  0.282102  0.425824  0.379701  0.449390  0.222131  0.258126  0.338591  0.215402  0.245819  0.268267  0.370294  0.281055  0.315847  0.313480  0.206873  0.461812  0.335820  0.498161  0.275078  0.380303  0.361032  0.351743  0.261576  0.384237  0.390016  0.292123  0.275356  0.231923  0.285083  0.278903  0.263364  0.226254  0.216719  0.298247  0.466932  0.290775  0.251598  0.331142  0.287707  0.275546  0.289978  0.413445  0.364593  0.318992  0.288987  0.293014  0.229007  0.411021  0.400422  0.450246  0.238396  0.237651  0.528892  0.284477  0.263759  0.301614  0.232629  0.271003  0.289577  0.276506  0.258162  0.392905  0.354976  0.291897  0.299918  0.402870  0.665778  0.711124  0.429630  0.253295  0.200110  0.363858  0.745683  0.392842  0.315936  0.235629  0.363075  0.186284  0.255507  0.259703  0.688141  0.335738  0.717291  0.182139  0.218385  0.256095  0.401190  0.664155  0.279116  0.312714  0.339535  0.293451  0.433833  0.250067  0.343485  0.341959  0.394614  0.251891  0.516176  0.250887  0.387784  0.292784  0.215937  0.426778  0.290139  0.177652  0.527985  0.316828  0.262044  0.283461  0.375415  0.355244  0.326787  0.267518  0.502392  0.679007  0.300649  0.296464  0.308008  0.639128  0.307393  0.305383  0.307597  0.266695  0.289562  0.234550  0.240906  0.317471  0.314137  0.311298  0.245398  0.361292  0.294886  0.486313  0.403204  0.293275  0.359583  0.738739  0.329722  0.313517  0.296229  0.259874  0.589777  0.203114  0.243603  0.496929  0.197538  0.282990  0.329951  0.685145  0.250526  0.240580  0.486765  0.653135  0.417270  0.630247  0.288453  0.402825  0.303796  0.234922  0.444052  0.313804 
3  0.211771  0.315542  0.424627 0.0  0.220521  0.211940  0.171910  0.402178  0.451429  0.471430  0.691369  0.382344  0.433839  0.421042  0.531022  0.358034  0.400869  0.409083  0.187532  0.435805  0.355215  0.388696  0.451562  0.392314  0.644185  0.438908  0.438564  0.412484  0.659827  0.407343  0.431599  0.356409  0.601844  0.373369  0.294705  0.360399  0.366408  0.410399  0.484190  0.397746  0.434789  0.391802  0.440468  0.411754  0.354775  0.199591  0.332843  0.469119  0.251886  0.416288  0.437834  0.301145  0.649294  0.406646  0.237161  0.393117  0.463158  0.437557  0.374987  0.292771  0.426080  0.401195  0.479786  0.426837  0.420368  0.399047  0.441461  0.364221  0.401303  0.438067  0.347244  0.408923  0.270565  0.420773  0.365605  0.429176  0.325972  0.362461  0.399233  0.419843  0.366473  0.399194  0.357166  0.405338  0.348637  0.386659  0.436394  0.563721  0.419646  0.399716  0.434723  0.358343  0.374740  0.375791  0.490827  0.424305  0.158248  0.420302  0.431535  0.407999  0.410533  0.706892  0.749859  0.397423  0.441026  0.389860  0.402667  0.619732  0.430023  0.468665  0.424827  0.469787  0.455703  0.494587  0.433619  0.661208  0.424993  0.679876  0.361180  0.414579  0.417668  0.412659  0.704654  0.481159  0.441415  0.409839  0.491454  0.460381  0.418224  0.376700  0.416222  0.384105  0.377021  0.470592  0.441501  0.384143  0.488033  0.433052  0.166751  0.433046  0.429368  0.470695  0.472930  0.414604  0.419985  0.430482  0.332942  0.368818  0.393679  0.667883  0.759133  0.458498  0.407400  0.330822  0.546546  0.447101  0.413677  0.414198  0.374566  0.460610  0.415505  0.349934  0.366934  0.409229  0.462032  0.402864  0.373481  0.318590  0.677061  0.364820  0.519938  0.404892  0.676024  0.432729  0.421683  0.400394  0.391346  0.583029  0.424842  0.346716  0.595325  0.354803  0.425281  0.335933  0.760836  0.387131  0.402224  0.514290  0.639602  0.382213  0.692494  0.459120  0.381747  0.435499  0.458160  0.505302  0.504400 
4  0.194594  0.366610  0.388353  0.220521 0.0  0.209304  0.196612  0.409199  0.437664  0.412273  0.643959  0.400290  0.469623  0.415762  0.544533  0.413121  0.357260  0.399974  0.225482  0.480081  0.348821  0.406941  0.420600  0.476994  0.613445  0.418622  0.461324  0.389912  0.637807  0.386434  0.414703  0.465786  0.654032  0.395540  0.254950  0.388038  0.396402  0.387513  0.541916  0.445415  0.392640  0.413426  0.370298  0.319941  0.357310  0.176760  0.324629  0.480660  0.273785  0.328011  0.534024  0.261071  0.522656  0.325153  0.208529  0.420877  0.373632  0.349904  0.360858  0.284574  0.371361  0.529960  0.376963  0.390608  0.461478  0.393796  0.387239  0.339191  0.340998  0.480824  0.496915  0.321365  0.286823  0.361603  0.359286  0.470343  0.344620  0.371922  0.439610  0.515227  0.399946  0.475361  0.383873  0.402922  0.363808  0.464638  0.385318  0.533798  0.474771  0.428622  0.428907  0.397549  0.441246  0.387418  0.523989  0.359086  0.212023  0.438713  0.408405  0.426428  0.437797  0.605042  0.673971  0.461209  0.426258  0.379312  0.387887  0.755797  0.365205  0.376616  0.363789  0.453073  0.454296  0.372068  0.478872  0.701945  0.501541  0.662917  0.428910  0.421095  0.362972  0.383442  0.718442  0.409315  0.491405  0.384290  0.359759  0.405955  0.415533  0.380998  0.446352  0.377824  0.445613  0.463268  0.409432  0.421425  0.479841  0.401318  0.200990  0.389598  0.334485  0.434016  0.455755  0.407959  0.353769  0.389803  0.373757  0.411156  0.386456  0.766983  0.645290  0.443938  0.514686  0.452429  0.662889  0.494904  0.439009  0.442375  0.447385  0.481519  0.426507  0.362706  0.441115  0.478930  0.410466  0.434729  0.358351  0.254582  0.694965  0.396930  0.564793  0.354556  0.715244  0.426721  0.464752  0.550123  0.404079  0.677515  0.375148  0.386417  0.499070  0.370803  0.452069  0.441289  0.756744  0.451251  0.460846  0.461746  0.639883  0.358926  0.667486  0.391308  0.374720  0.464913  0.356548  0.442133  0.440414 
5  0.218740  0.377002  0.393291  0.211940  0.209304 0.0  0.229943  0.376452  0.452136  0.392033  0.618472  0.398705  0.333790  0.440885  0.535141  0.482863  0.334875  0.401556  0.208141  0.455950  0.353474  0.389854  0.358917  0.471692  0.729541  0.416135  0.417241  0.401902  0.663011  0.302661  0.408112  0.499228  0.664006  0.418605  0.286654  0.356427  0.366014  0.361095  0.503236  0.378544  0.404431  0.389601  0.369515  0.332544  0.356491  0.197591  0.332145  0.395801  0.272355  0.351139  0.552580  0.295021  0.440267  0.365015  0.248522  0.372856  0.347658  0.407496  0.349637  0.245887  0.379777  0.441408  0.394610  0.421301  0.459677  0.366169  0.336486  0.394207  0.341686  0.461960  0.421592  0.351011  0.234143  0.370363  0.371027  0.421911  0.397069  0.345067  0.458797  0.405007  0.421374  0.426898  0.348515  0.391063  0.344525  0.341530  0.463343  0.466456  0.414192  0.377813  0.455524  0.346969  0.330315  0.454638  0.427438  0.427517  0.226033  0.378702  0.377240  0.372464  0.418111  0.693631  0.673299  0.412375  0.380233  0.346303  0.358636  0.728778  0.355552  0.359089  0.305935  0.407998  0.325970  0.387547  0.321226  0.642057  0.481203  0.750710  0.397329  0.351901  0.391975  0.350059  0.724493  0.469856  0.470893  0.365046  0.560299  0.373764  0.396887  0.332863  0.498922  0.479959  0.407497  0.435306  0.357320  0.368120  0.421968  0.348964  0.225704  0.443188  0.326734  0.465313  0.379787  0.384808  0.384725  0.398332  0.346732  0.316159  0.340170  0.601973  0.710222  0.447543  0.448755  0.447620  0.728844  0.492798  0.438940  0.461169  0.426768  0.472771  0.399155  0.330719  0.447526  0.441519  0.375427  0.424120  0.385622  0.278730  0.618568  0.370482  0.431038  0.323370  0.678894  0.445378  0.405249  0.427153  0.401217  0.655827  0.384959  0.334609  0.482499  0.360617  0.400264  0.388867  0.622281  0.432822  0.377483  0.524286  0.613144  0.361321  0.666108  0.392181  0.293769  0.422609  0.392443  0.389384  0.538063 
6  0.202027  0.404835  0.388843  0.171910  0.196612  0.229943 0.0  0.412790  0.368271  0.443129  0.655764  0.437156  0.430284  0.434979  0.435356  0.401505  0.294755  0.359351  0.167379  0.497485  0.396511  0.393203  0.421761  0.433562  0.637590  0.451547  0.467303  0.334722  0.639262  0.444212  0.465358  0.431293  0.656475  0.477413  0.284403  0.333942  0.386865  0.374290  0.537016  0.305598  0.443512  0.427300  0.380829  0.431836  0.333606  0.198235  0.343299  0.479612  0.268165  0.476572  0.450764  0.297958  0.480775  0.397255  0.217530  0.410250  0.403386  0.379771  0.323319  0.276825  0.381283  0.475984  0.444765  0.411586  0.393251  0.442517  0.416252  0.338681  0.357986  0.479036  0.469356  0.363586  0.245458  0.407740  0.389874  0.417517  0.394294  0.382452  0.465500  0.363853  0.489209  0.440831  0.365378  0.387323  0.386770  0.451241  0.401866  0.659827  0.471649  0.425816  0.444769  0.435531  0.383502  0.465535  0.413014  0.474406  0.197425  0.459127  0.461459  0.424119  0.457012  0.615823  0.724405  0.410073  0.386462  0.372762  0.420606  0.645786  0.422569  0.389831  0.414575  0.426560  0.360742  0.429443  0.471148  0.728655  0.439431  0.683876  0.434150  0.391978  0.404646  0.416065  0.663381  0.427750  0.453062  0.350430  0.469225  0.379943  0.402388  0.387372  0.420785  0.443346  0.449281  0.503167  0.397851  0.424779  0.491811  0.391148  0.187686  0.476690  0.391851  0.509584  0.428233  0.400674  0.360576  0.411292  0.415829  0.410067  0.391298  0.613948  0.712043  0.509083  0.455061  0.466471  0.575402  0.485724  0.445240  0.437020  0.389414  0.396676  0.423168  0.430720  0.415216  0.437835  0.475933  0.411316  0.312089  0.337315  0.639880  0.355936  0.503675  0.314279  0.551381  0.481178  0.445449  0.481266  0.470165  0.629726  0.394220  0.373738  0.508191  0.443544  0.404730  0.438403  0.672096  0.438742  0.419400  0.571406  0.694682  0.348365  0.634416  0.506557  0.375703  0.431347  0.380365  0.473347  0.554025 
7  0.407726  0.304639  0.179890  0.402178  0.409199  0.376452  0.412790 0.0  0.171090  0.417652  0.658166  0.191692  0.211569  0.259689  0.460193  0.340394  0.255770  0.225891  0.409736  0.564649  0.382318  0.303287  0.192178  0.215071  0.607626  0.255620  0.263905  0.208180  0.678197  0.389423  0.307749  0.312375  0.664531  0.402368  0.323035  0.264109  0.421780  0.427255  0.527282  0.227267  0.229332  0.404752  0.257611  0.273874  0.233931  0.364521  0.265281  0.310579  0.292580  0.218335  0.496640  0.395648  0.564089  0.252202  0.357796  0.335016  0.391953  0.286473  0.376763  0.361010  0.288251  0.331662  0.258910  0.276269  0.265436  0.279626  0.199794  0.237109  0.328780  0.475979  0.309562  0.231142  0.284485  0.258311  0.285854  0.297116  0.399835  0.363758  0.295994  0.308405  0.283615  0.265655  0.355122  0.370182  0.391708  0.243570  0.220234  0.603552  0.281143  0.237841  0.301894  0.223950  0.261125  0.303504  0.326097  0.278525  0.452343  0.312878  0.281302  0.228140  0.373847  0.606000  0.605044  0.405774  0.234471  0.174438  0.384199  0.823545  0.396473  0.360537  0.250869  0.403120  0.171650  0.221994  0.282784  0.631866  0.326484  0.748776  0.152835  0.222128  0.270311  0.386669  0.778045  0.272889  0.307679  0.343659  0.325463  0.475710  0.260820  0.313832  0.319923  0.408022  0.255942  0.469925  0.210528  0.372127  0.287890  0.214398  0.383399  0.249259  0.166058  0.466466  0.266299  0.237614  0.276857  0.376833  0.290497  0.340921  0.275869  0.677432  0.554021  0.283327  0.328077  0.312734  0.548716  0.293745  0.334096  0.314263  0.286982  0.285423  0.235542  0.249081  0.340324  0.286934  0.263133  0.246903  0.404999  0.379621  0.709240  0.421480  0.343438  0.446989  0.646535  0.291717  0.272483  0.319487  0.283678  0.627174  0.190714  0.228056  0.456555  0.205491  0.307261  0.333311  0.776952  0.320321  0.213834  0.503549  0.613827  0.385586  0.781100  0.317249  0.390292  0.281773  0.260843  0.389376  0.295976 
8  0.385533  0.314868  0.208589  0.451429  0.437664  0.452136  0.368271  0.171090 0.0  0.413280  0.696092  0.244105  0.245529  0.273413  0.587496  0.270551  0.281147  0.220317  0.312220  0.580035  0.417340  0.266896  0.219893  0.211685  0.667353  0.258973  0.244676  0.220563  0.735361  0.404139  0.300193  0.317925  0.639635  0.408269  0.267068  0.263028  0.387054  0.350193  0.553885  0.243024  0.227825  0.361074  0.199972  0.335672  0.261235  0.400682  0.294854  0.319854  0.360882  0.236726  0.448351  0.369211  0.544448  0.261655  0.341785  0.391950  0.368047  0.341375  0.432507  0.366340  0.283499  0.310134  0.285675  0.278514  0.265110  0.237552  0.206690  0.265521  0.276678  0.442706  0.288326  0.269994  0.291670  0.301392  0.301357  0.288693  0.396990  0.384142  0.287443  0.289761  0.261945  0.281744  0.367926  0.397666  0.414659  0.266813  0.234701  0.672689  0.314243  0.263179  0.264711  0.234113  0.254652  0.286026  0.272291  0.241931  0.387169  0.366282  0.263124  0.247668  0.408785  0.650433  0.787755  0.474939  0.218652  0.174309  0.359266  0.705875  0.359206  0.434579  0.256965  0.357823  0.196575  0.228729  0.252817  0.821873  0.280679  0.776751  0.166543  0.229172  0.262005  0.363536  0.672968  0.326679  0.328447  0.421592  0.310766  0.411009  0.240809  0.408936  0.292388  0.336079  0.270167  0.467007  0.219660  0.418448  0.301067  0.240083  0.411488  0.289448  0.205497  0.557747  0.277026  0.254709  0.339690  0.370443  0.291747  0.291808  0.239533  0.690505  0.733298  0.332262  0.278539  0.309800  0.611404  0.306911  0.267205  0.283983  0.298220  0.323959  0.258757  0.246095  0.293822  0.265157  0.264748  0.241414  0.367095  0.330529  0.678569  0.439768  0.277668  0.342767  0.661850  0.313996  0.243665  0.265472  0.257970  0.590858  0.196586  0.198322  0.532130  0.237878  0.275871  0.370033  0.618753  0.297844  0.229446  0.506708  0.674208  0.352004  0.682016  0.362133  0.378736  0.299131  0.300327  0.462626  0.295848 
9  0.431048  0.376804  0.361370  0.471430  0.412273  0.392033  0.443129  0.417652  0.413280 0.0  0.692550  0.347744  0.378498  0.372239  0.500744  0.443506  0.327154  0.364773  0.449409  0.500065  0.340451  0.364681  0.352051  0.380694  0.683693  0.394737  0.412614  0.401804  0.600369  0.314627  0.470983  0.421730  0.683840  0.246339  0.324613  0.277393  0.351160  0.357450  0.536596  0.387977  0.399096  0.313146  0.426168  0.363851  0.340556  0.342180  0.372560  0.432912  0.345819  0.341151  0.528907  0.377524  0.460570  0.372995  0.350382  0.194822  0.183489  0.364119  0.441863  0.318865  0.323573  0.503225  0.378283  0.416692  0.483156  0.379218  0.374938  0.364800  0.366293  0.485827  0.399709  0.311142  0.376747  0.392934  0.361320  0.441392  0.359866  0.357775  0.439864  0.458244  0.349941  0.410583  0.359582  0.431965  0.371213  0.386850  0.327820  0.700074  0.384170  0.420204  0.410175  0.394289  0.431312  0.442372  0.412508  0.351602  0.409383  0.217343  0.376384  0.414029  0.225524  0.663974  0.699091  0.219256  0.425457  0.401996  0.256756  0.713383  0.223194  0.197276  0.339472  0.193204  0.349247  0.388410  0.433327  0.703836  0.432199  0.688364  0.360662  0.357049  0.350333  0.341618  0.709136  0.407850  0.504926  0.268135  0.443801  0.180041  0.415427  0.408981  0.494628  0.168690  0.364408  0.494600  0.373852  0.179412  0.406722  0.397214  0.395610  0.358745  0.395803  0.532375  0.418510  0.428080  0.366332  0.208441  0.339109  0.353360  0.377981  0.627741  0.765687  0.433852  0.426298  0.492181  0.632569  0.439894  0.447263  0.420080  0.443723  0.408676  0.349740  0.451090  0.467223  0.429246  0.414480  0.448155  0.266653  0.345182  0.803017  0.350661  0.517833  0.373765  0.712681  0.421069  0.441282  0.476031  0.417169  0.618975  0.377535  0.353317  0.523268  0.434019  0.448108  0.255230  0.620720  0.435130  0.406681  0.441175  0.635065  0.318799  0.802564  0.455959  0.309661  0.415828  0.429811  0.245523  0.422779 
10  0.711075  0.816032  0.732921  0.691369  0.643959  0.618472  0.655764  0.658166  0.696092  0.692550 0.0  0.760580  0.652772  0.691927  0.720144  0.757131  0.671034  0.663236  0.737642  0.624865  0.590052  0.740315  0.731521  0.687799  0.490853  0.592490  0.763586  0.726339  0.402677  0.622682  0.830170  0.750531  0.479558  0.747394  0.647780  0.713461  0.633943  0.676661  0.720370  0.797184  0.763464  0.686483  0.655964  0.635719  0.693753  0.550463  0.621658  0.774348  0.659965  0.696397  0.640884  0.610033  0.655076  0.682751  0.639896  0.642398  0.629940  0.755228  0.556967  0.636748  0.722887  0.797185  0.778923  0.861022  0.745058  0.763935  0.700559  0.645747  0.641059  0.634496  0.813796  0.746165  0.538707  0.687033  0.867496  0.819253  0.606999  0.637302  0.824395  0.806286  0.732561  0.760690  0.675421  0.590307  0.733969  0.822704  0.739148  0.635448  0.784569  0.793124  0.704526  0.734972  0.799716  0.723404  0.799111  0.849712  0.735682  0.732389  0.670613  0.852193  0.822909  0.488267  0.150526  0.740085  0.681106  0.684080  0.741803  0.266679  0.708998  0.648291  0.800280  0.673881  0.666732  0.815097  0.623727  0.174331  0.744186  0.163776  0.771729  0.779907  0.587216  0.594469  0.744601  0.860312  0.725320  0.622209  0.735995  0.739696  0.903641  0.758500  0.771404  0.703731  0.813757  0.686347  0.700064  0.711924  0.720326  0.636532  0.578222  0.865039  0.672233  0.659910  0.708241  0.696671  0.693964  0.729076  0.615189  0.702634  0.686552  0.598650  0.647366  0.777876  0.828077  0.766520  0.676826  0.690725  0.779078  0.776171  0.787858  0.822659  0.715743  0.752501  0.826804  0.691598  0.802444  0.792977  0.630937  0.662586  0.309453  0.632938  0.889975  0.652599  0.209353  0.791373  0.710542  0.704029  0.764499  0.726683  0.725776  0.713283  0.730784  0.735340  0.805974  0.706951  0.164444  0.775542  0.783195  0.752852  0.408608  0.761718  0.171260  0.781881  0.709771  0.749046  0.709543  0.783035  0.875595 
11  0.299644  0.291024  0.215287  0.382344  0.400290  0.398705  0.437156  0.191692  0.244105  0.347744  0.760580 0.0  0.218811  0.227843  0.649353  0.215936  0.246244  0.199756  0.441503  0.504184  0.416561  0.284107  0.175531  0.200715  0.543318  0.217358  0.202953  0.205979  0.703049  0.448736  0.298325  0.242523  0.733131  0.387962  0.278859  0.287555  0.338173  0.460338  0.524853  0.202620  0.217681  0.388620  0.209028  0.281283  0.295531  0.345056  0.225284  0.282237  0.376471  0.177812  0.482574  0.378924  0.500711  0.282004  0.295946  0.507470  0.318962  0.338261  0.389830  0.402422  0.314696  0.255754  0.215272  0.229903  0.232962  0.231445  0.195438  0.234898  0.276706  0.461493  0.259422  0.294661  0.326385  0.243497  0.314412  0.269635  0.321626  0.416644  0.250174  0.253080  0.238863  0.265046  0.366612  0.419271  0.427046  0.216957  0.230497  0.659736  0.244280  0.211351  0.221932  0.176844  0.225535  0.242473  0.249784  0.188987  0.394683  0.338146  0.224628  0.217207  0.420334  0.698549  0.634681  0.363669  0.163355  0.227978  0.374529  0.638689  0.378823  0.356627  0.187656  0.398939  0.232459  0.183920  0.249283  0.698540  0.290776  0.776630  0.216848  0.199609  0.262107  0.435120  0.661404  0.260004  0.312556  0.410272  0.254870  0.452554  0.205308  0.396704  0.277076  0.391352  0.230765  0.507863  0.197915  0.371114  0.222747  0.232464  0.364471  0.219270  0.202021  0.518153  0.252302  0.229610  0.307086  0.394216  0.274063  0.270602  0.279290  0.696708  0.817229  0.263606  0.273150  0.271967  0.527393  0.305736  0.326500  0.247994  0.253681  0.253854  0.227538  0.207458  0.289626  0.253493  0.248429  0.227699  0.392502  0.328859  0.742531  0.439968  0.242684  0.382782  0.657117  0.260204  0.234604  0.266643  0.219182  0.587101  0.197896  0.225845  0.585521  0.203484  0.295898  0.359965  0.721071  0.288167  0.224944  0.483160  0.644490  0.426799  0.701038  0.294927  0.335848  0.275386  0.297066  0.380902  0.286954 
12  0.356069  0.275961  0.264100  0.433839  0.469623  0.333790  0.430284  0.211569  0.245529  0.378498  0.652772  0.218811 0.0  0.182496  0.419095  0.195283  0.250218  0.160807  0.450291  0.493099  0.438480  0.279004  0.201066  0.192147  0.582843  0.176734  0.154539  0.208603  0.672665  0.424978  0.197327  0.204647  0.674427  0.344044  0.298994  0.270204  0.458305  0.487600  0.544735  0.210298  0.206046  0.434581  0.227843  0.344864  0.283584  0.492418  0.282771  0.234782  0.329482  0.201546  0.489340  0.446288  0.384123  0.274699  0.356151  0.340583  0.326366  0.283879  0.434018  0.422087  0.297162  0.219646  0.221620  0.202620  0.210071  0.183547  0.198075  0.233688  0.330195  0.505915  0.224107  0.311917  0.315242  0.349729  0.303790  0.234854  0.334550  0.467354  0.196987  0.185074  0.186995  0.213677  0.408918  0.477763  0.457392  0.218244  0.191046  0.569248  0.252150  0.212752  0.185564  0.173846  0.168622  0.193095  0.230026  0.185818  0.346991  0.409461  0.211500  0.231112  0.385475  0.714976  0.857873  0.370298  0.190177  0.261722  0.404132  0.710944  0.375886  0.356028  0.204843  0.315646  0.265127  0.156352  0.265294  0.725688  0.245682  0.739468  0.258365  0.192956  0.257560  0.419010  0.718033  0.252320  0.221841  0.421649  0.199629  0.376321  0.198264  0.483769  0.263740  0.341454  0.259688  0.481271  0.195880  0.368046  0.213456  0.224317  0.381061  0.194707  0.231961  0.499010  0.249648  0.157236  0.313569  0.405647  0.289824  0.258667  0.327075  0.599592  0.722303  0.231370  0.257954  0.192151  0.635740  0.276779  0.228776  0.183015  0.198275  0.259899  0.199953  0.169160  0.242400  0.220996  0.238007  0.224075  0.374816  0.334514  0.706253  0.443667  0.250257  0.395887  0.753509  0.212953  0.203023  0.195060  0.160615  0.583177  0.230505  0.200547  0.529968  0.244451  0.192268  0.400221  0.736593  0.221679  0.229953  0.565477  0.686190  0.385845  0.796091  0.270379  0.408852  0.234843  0.292864  0.364082  0.247560 
13  0.402100  0.323055  0.261939  0.421042  0.415762  0.440885  0.434979  0.259689  0.273413  0.372239  0.691927  0.227843  0.182496 0.0  0.583312  0.163900  0.313616  0.257957  0.425354  0.512613  0.409871  0.326858  0.252769  0.222404  0.697507  0.208800  0.221471  0.235017  0.733605  0.424307  0.215489  0.216550  0.720595  0.388496  0.349623  0.302617  0.427259  0.489163  0.614694  0.223682  0.188744  0.459200  0.247336  0.338657  0.260575  0.439585  0.305811  0.250543  0.383964  0.195791  0.556404  0.397956  0.548373  0.267924  0.376462  0.350599  0.334059  0.328842  0.435212  0.465316  0.321615  0.205580  0.183699  0.180422  0.208764  0.186804  0.207600  0.291779  0.352647  0.512540  0.223762  0.306453  0.329925  0.291286  0.327255  0.179339  0.426537  0.423730  0.196273  0.174743  0.183777  0.201694  0.451176  0.438024  0.444990  0.193461  0.206181  0.536759  0.205606  0.213407  0.205437  0.225311  0.190631  0.177955  0.159387  0.233642  0.361291  0.432217  0.211225  0.202638  0.313909  0.637293  0.860772  0.390960  0.208216  0.236246  0.359584  0.669776  0.418226  0.317154  0.223493  0.361646  0.275889  0.197340  0.232885  0.824473  0.221305  0.760362  0.253588  0.248971  0.310497  0.385048  0.709933  0.185218  0.202384  0.338658  0.181376  0.382259  0.216013  0.473177  0.218804  0.366575  0.222199  0.549506  0.215114  0.334964  0.206552  0.243352  0.370509  0.165869  0.251914  0.516874  0.205815  0.208897  0.317518  0.295597  0.283961  0.304045  0.317883  0.531952  0.719236  0.192860  0.183793  0.200223  0.554386  0.227192  0.218515  0.176236  0.221612  0.259210  0.243728  0.225563  0.197143  0.220262  0.212901  0.222435  0.333768  0.334711  0.719823  0.429621  0.248222  0.422192  0.735677  0.210999  0.202951  0.190641  0.214016  0.533552  0.212665  0.236564  0.545697  0.244073  0.239642  0.380990  0.692220  0.253460  0.234136  0.511826  0.644315  0.444320  0.764536  0.237258  0.484485  0.258600  0.301775  0.422041  0.254452 
14  0.488960  0.475424  0.492104  0.531022  0.544533  0.535141  0.435356  0.460193  0.587496  0.500744  0.720144  0.649353  0.419095  0.583312 0.0  0.650014  0.519859  0.481573  0.441395  0.336054  0.513963  0.550582  0.549957  0.491058  0.653969  0.518602  0.633401  0.547706  0.613354  0.480321  0.706547  0.612380  0.572742  0.590214  0.457923  0.564597  0.451917  0.568330  0.343908  0.566268  0.475596  0.504268  0.511224  0.543190  0.516405  0.465725  0.529297  0.544209  0.430383  0.494844  0.373869  0.494884  0.436898  0.489017  0.581486  0.523208  0.549853  0.542869  0.517859  0.495197  0.526471  0.688369  0.571569  0.579586  0.587329  0.617710  0.521692  0.578341  0.453392  0.473079  0.579239  0.514901  0.403454  0.539617  0.576605  0.628499  0.527237  0.512491  0.572754  0.598220  0.588881  0.633953  0.478460  0.485587  0.557962  0.588819  0.630011  0.620133  0.537964  0.557446  0.627867  0.528510  0.537796  0.538942  0.559199  0.523838  0.558890  0.582742  0.496747  0.539384  0.499005  0.695948  0.735743  0.572162  0.520690  0.532172  0.572325  0.704263  0.512499  0.533820  0.486598  0.571526  0.450217  0.571696  0.570252  0.580742  0.632916  0.572888  0.508042  0.477114  0.543833  0.509750  0.793741  0.622509  0.623103  0.595107  0.584875  0.548576  0.572728  0.574958  0.644783  0.564848  0.587785  0.262204  0.488372  0.578775  0.635189  0.492055  0.496255  0.614729  0.510282  0.384313  0.582131  0.553922  0.508071  0.561834  0.434902  0.540823  0.456509  0.656135  0.762492  0.556248  0.638046  0.529013  0.569062  0.604930  0.507809  0.592649  0.536107  0.602275  0.553366  0.514261  0.557547  0.616750  0.548909  0.563403  0.490414  0.441291  0.695829  0.386448  0.603619  0.434570  0.752158  0.586532  0.642323  0.495947  0.642645  0.718324  0.473969  0.518586  0.193522  0.599973  0.613565  0.564647  0.653528  0.576671  0.441351  0.357977  0.684361  0.527721  0.611556  0.537625  0.487294  0.614613  0.466270  0.544981  0.692624 
15  0.426150  0.332399  0.269196  0.358034  0.413121  0.482863  0.401505  0.340394  0.270551  0.443506  0.757131  0.215936  0.195283  0.163900  0.650014 0.0  0.336521  0.216095  0.472329  0.534814  0.477156  0.312145  0.267557  0.254163  0.696353  0.231707  0.212360  0.289454  0.680658  0.438487  0.184901  0.199692  0.773187  0.366612  0.372300  0.307719  0.420648  0.396460  0.570650  0.238787  0.203981  0.427272  0.244622  0.306612  0.328475  0.406595  0.293388  0.229891  0.410524  0.251763  0.450286  0.439126  0.535693  0.347346  0.428200  0.384162  0.302109  0.377462  0.438291  0.437818  0.335957  0.183521  0.223685  0.177568  0.158978  0.165104  0.270726  0.332231  0.323144  0.564587  0.192745  0.311786  0.332285  0.330520  0.359842  0.178887  0.459049  0.426702  0.171623  0.170679  0.196707  0.165175  0.480405  0.434105  0.486984  0.219071  0.216351  0.673264  0.268305  0.236849  0.186292  0.217793  0.181030  0.167452  0.163145  0.219754  0.364808  0.382902  0.202808  0.232022  0.424255  0.804587  0.753027  0.421689  0.239335  0.288316  0.411478  0.621606  0.378845  0.466211  0.226001  0.393256  0.305701  0.225431  0.262566  0.691049  0.178104  0.777656  0.314117  0.238084  0.289951  0.468511  0.661168  0.241600  0.205945  0.425084  0.210054  0.431887  0.223343  0.478949  0.234808  0.371700  0.265794  0.453035  0.230323  0.427081  0.230638  0.260210  0.442084  0.167672  0.233722  0.522628  0.234951  0.204261  0.355052  0.433582  0.307968  0.305344  0.320463  0.543739  0.774731  0.196988  0.227048  0.182841  0.518932  0.245090  0.185871  0.162033  0.171702  0.254869  0.244109  0.219001  0.190866  0.206812  0.195551  0.216743  0.455071  0.367703  0.830883  0.507381  0.246261  0.372476  0.757995  0.184126  0.173005  0.183991  0.199412  0.643196  0.266355  0.217984  0.531081  0.297830  0.216836  0.386288  0.757310  0.229809  0.209167  0.672690  0.717703  0.420227  0.710653  0.243905  0.489873  0.193108  0.364822  0.419562  0.240003 
16  0.336459  0.293405  0.242055  0.400869  0.357260  0.334875  0.294755  0.255770  0.281147  0.327154  0.671034  0.246244  0.250218  0.313616  0.519859  0.336521 0.0  0.246436  0.375549  0.544689  0.373005  0.244396  0.257417  0.285106  0.626908  0.281563  0.285628  0.231113  0.580231  0.304071  0.355970  0.303447  0.734723  0.303936  0.296856  0.263116  0.387462  0.314459  0.527213  0.255858  0.319851  0.337027  0.271623  0.221005  0.263131  0.360920  0.240803  0.366504  0.331043  0.215215  0.444298  0.270126  0.479514  0.171079  0.380670  0.318873  0.295072  0.292970  0.377523  0.412466  0.198192  0.348392  0.310281  0.321547  0.337747  0.277973  0.260246  0.239285  0.231218  0.471022  0.323907  0.266665  0.314394  0.238836  0.270527  0.308450  0.382307  0.380278  0.321748  0.303171  0.309922  0.269689  0.359102  0.430647  0.387723  0.220455  0.303214  0.510833  0.278993  0.312152  0.320573  0.268399  0.327268  0.328706  0.306071  0.273272  0.325318  0.354869  0.298608  0.301401  0.347166  0.706358  0.728838  0.313014  0.273158  0.279638  0.280255  0.754581  0.314779  0.335769  0.249435  0.356827  0.236848  0.301838  0.314238  0.728036  0.355841  0.794584  0.267531  0.279003  0.237361  0.355577  0.720988  0.268202  0.358079  0.352911  0.335796  0.343400  0.264561  0.371563  0.351001  0.359682  0.326791  0.507376  0.287939  0.355865  0.300509  0.283800  0.318079  0.251738  0.268292  0.421830  0.320130  0.285308  0.239749  0.307459  0.245517  0.252642  0.269174  0.586497  0.720121  0.360131  0.309928  0.306508  0.559755  0.303557  0.339839  0.287046  0.356704  0.347811  0.307898  0.252909  0.332374  0.328126  0.338262  0.305660  0.363074  0.382322  0.687867  0.296575  0.408367  0.349611  0.646163  0.325761  0.318114  0.305136  0.304857  0.530533  0.259875  0.269187  0.479796  0.224374  0.321973  0.329252  0.605122  0.359070  0.258955  0.522999  0.700740  0.384784  0.699200  0.374701  0.338836  0.296026  0.260780  0.351691  0.377362 
17  0.383144  0.255222  0.272535  0.409083  0.399974  0.401556  0.359351  0.225891  0.220317  0.364773  0.663236  0.199756  0.160807  0.257957  0.481573  0.216095  0.246436 0.0  0.372269  0.457540  0.424812  0.275648  0.176328  0.211019  0.737756  0.199156  0.178946  0.161675  0.542494  0.442942  0.268124  0.228886  0.678794  0.383912  0.304618  0.279232  0.378478  0.466414  0.461690  0.229132  0.242859  0.386218  0.188409  0.291960  0.303784  0.345451  0.278176  0.298516  0.328031  0.168086  0.461732  0.374098  0.461427  0.302375  0.364322  0.425979  0.377649  0.335439  0.396118  0.357487  0.318959  0.248796  0.255967  0.199731  0.204215  0.204699  0.220011  0.228692  0.296877  0.456465  0.215619  0.307218  0.310873  0.306559  0.325323  0.245578  0.362317  0.312347  0.206791  0.250632  0.230890  0.211069  0.381177  0.330458  0.377256  0.224755  0.227762  0.566304  0.258217  0.235224  0.234931  0.155020  0.214242  0.221438  0.256123  0.206851  0.376598  0.409212  0.211629  0.213715  0.434090  0.583285  0.709119  0.443292  0.209588  0.220220  0.340524  0.792205  0.369082  0.413675  0.198828  0.427466  0.224767  0.204153  0.240852  0.672852  0.279249  0.731920  0.222539  0.188356  0.242963  0.470449  0.642519  0.270637  0.259543  0.404647  0.246836  0.487164  0.194200  0.373300  0.265805  0.359375  0.217604  0.506973  0.189875  0.392121  0.263737  0.249016  0.368043  0.210103  0.212090  0.563723  0.286321  0.184061  0.296297  0.373673  0.235511  0.235092  0.296622  0.558001  0.826936  0.254232  0.260992  0.236160  0.655604  0.298406  0.237586  0.217816  0.210653  0.316404  0.217166  0.171011  0.207840  0.242306  0.250688  0.224816  0.374333  0.331926  0.709773  0.370518  0.278372  0.419224  0.687150  0.235886  0.223957  0.214793  0.198286  0.615800  0.213873  0.174515  0.556099  0.183945  0.214266  0.419277  0.679038  0.238873  0.245048  0.529069  0.684861  0.430880  0.793870  0.264614  0.386093  0.273003  0.284737  0.385416  0.252601 
18  0.188208  0.426851  0.420870  0.187532  0.225482  0.208141  0.167379  0.409736  0.312220  0.449409  0.737642  0.441503  0.450291  0.425354  0.441395  0.472329  0.375549  0.372269 0.0  0.420728  0.346392  0.401363  0.404789  0.369746  0.629693  0.436045  0.477294  0.431718  0.610151  0.351850  0.473462  0.418413  0.742536  0.420010  0.279499  0.375150  0.352070  0.410659  0.528682  0.441174  0.436817  0.373867  0.372448  0.428751  0.363169  0.190583  0.312801  0.490965  0.239103  0.469453  0.550974  0.292025  0.507549  0.408375  0.209951  0.425679  0.399587  0.373853  0.349395  0.307626  0.408091  0.506592  0.426404  0.458755  0.508538  0.465956  0.440498  0.373963  0.421014  0.449638  0.476633  0.390862  0.306351  0.449698  0.407336  0.505145  0.405761  0.403107  0.505282  0.489833  0.486579  0.465588  0.401474  0.335886  0.375701  0.483681  0.461336  0.726915  0.441879  0.464342  0.463728  0.438254  0.426311  0.449927  0.504620  0.414591  0.225957  0.424536  0.452972  0.418018  0.449259  0.702605  0.717352  0.387603  0.425452  0.362490  0.426236  0.546430  0.483048  0.429994  0.414978  0.452349  0.417783  0.411344  0.463860  0.634656  0.496929  0.770923  0.462261  0.473677  0.400075  0.385925  0.723741  0.481978  0.494297  0.369314  0.469739  0.481457  0.403941  0.369241  0.547780  0.348812  0.435545  0.381316  0.391506  0.396619  0.417228  0.437972  0.209427  0.443224  0.408477  0.419908  0.525142  0.441353  0.472817  0.461269  0.448565  0.462154  0.364856  0.811760  0.752381  0.491118  0.500489  0.471000  0.688554  0.401125  0.539804  0.472438  0.415364  0.491232  0.424594  0.415708  0.418503  0.481416  0.461049  0.444563  0.416527  0.301990  0.632370  0.346575  0.469241  0.346653  0.613290  0.442536  0.473358  0.445172  0.492655  0.694346  0.397367  0.464905  0.586017  0.397929  0.480574  0.378388  0.650407  0.447549  0.369075  0.581945  0.490757  0.359652  0.558932  0.500539  0.471143  0.481877  0.367309  0.403794  0.559628 
19  0.423493  0.557010  0.528116  0.435805  0.480081  0.455950  0.497485  0.564649  0.580035  0.500065  0.624865  0.504184  0.493099  0.512613  0.336054  0.534814  0.544689  0.457540  0.420728 0.0  0.518534  0.549057  0.481407  0.603457  0.714257  0.522437  0.508407  0.409652  0.660443  0.579991  0.511556  0.530827  0.642215  0.488676  0.387109  0.639700  0.533348  0.511972  0.197130  0.614773  0.563805  0.552976  0.531184  0.515004  0.621629  0.479916  0.489483  0.477174  0.527036  0.483064  0.305283  0.487733  0.318091  0.489935  0.446350  0.522100  0.506582  0.515129  0.564496  0.403347  0.447975  0.600083  0.544146  0.582544  0.538145  0.518829  0.576491  0.559642  0.562301  0.524717  0.524226  0.513403  0.461094  0.502883  0.508823  0.525990  0.452316  0.503731  0.500236  0.510594  0.602459  0.560264  0.492037  0.401652  0.485023  0.561254  0.532895  0.745194  0.520747  0.470827  0.561189  0.394148  0.506921  0.597873  0.591641  0.431654  0.414307  0.514400  0.487818  0.593591  0.563512  0.768466  0.619345  0.555686  0.467479  0.460326  0.511600  0.721044  0.546710  0.555152  0.513445  0.502027  0.536658  0.478267  0.622811  0.728908  0.638022  0.672698  0.531720  0.559001  0.547900  0.462344  0.622398  0.562627  0.623550  0.530396  0.531587  0.559850  0.523751  0.353236  0.622749  0.578322  0.480134  0.205202  0.530829  0.489314  0.602831  0.520654  0.483303  0.549149  0.555700  0.197038  0.653977  0.501868  0.544171  0.555229  0.550222  0.451600  0.496473  0.693813  0.666435  0.579690  0.581601  0.515403  0.603014  0.491811  0.570914  0.565334  0.447930  0.624689  0.581250  0.523314  0.577703  0.439391  0.555405  0.494118  0.536119  0.517614  0.707214  0.523369  0.527286  0.554789  0.661046  0.552928  0.579726  0.571624  0.488508  0.622246  0.475562  0.514702  0.358769  0.493034  0.539980  0.487689  0.585763  0.555077  0.531422  0.286510  0.665594  0.462325  0.662555  0.518824  0.471933  0.594083  0.570069  0.563262  0.524078 
