197
0 0.0  0.482718  0.435221  0.309136  0.211515  0.264491  0.221352  0.354957  0.374255  0.506347  0.787435  0.462383  0.307101  0.505663  0.651923  0.476859  0.464764  0.437185  0.272143  0.504557  0.327256  0.418748  0.447242  0.445988  0.646799  0.418579  0.411042  0.475734  0.641654  0.469339  0.505502  0.501307  0.732547  0.396781  0.235768  0.345780  0.446118  0.425949  0.592473  0.459163  0.561912  0.413731  0.481339  0.453609  0.530679  0.081918  0.324513  0.436286  0.330207  0.328907  0.566600  0.388697  0.466908  0.493970  0.199291  0.508325  0.362110  0.489576  0.539402  0.311592  0.432730  0.445091  0.410843  0.416191  0.503106  0.366286  0.364063  0.447323  0.312023  0.525958  0.497099  0.503912  0.271401  0.459180  0.495902  0.556609  0.440716  0.424858  0.513492  0.441756  0.561632  0.590407  0.371416  0.405725  0.357748  0.473722  0.553049  0.658312  0.357274  0.520299  0.472385  0.374601  0.505237  0.576184  0.543467  0.560209  0.192644  0.472455  0.500465  0.488106  0.512506  0.715149  0.624919  0.478943  0.408369  0.463470  0.448121  0.692071  0.442540  0.418600  0.453535  0.536878  0.373627  0.387627  0.465510  0.652555  0.554292  0.866898  0.423847  0.462291  0.418668  0.439031  0.813097  0.428881  0.493654  0.441051  0.515775  0.476963  0.507882  0.398273  0.504691  0.475192  0.426508  0.538796  0.467213  0.519624  0.445552  0.398003  0.253814  0.484956  0.436847  0.389082  0.531643  0.562839  0.433161  0.429907  0.432019  0.402270  0.435107  0.728280  0.687738  0.532621  0.501190  0.437861  0.708652  0.517367  0.594604  0.482707  0.555241  0.439824  0.481679  0.414232  0.546532  0.477659  0.459614  0.409377  0.359111  0.449190  0.608068  0.445820  0.546776  0.344611  0.661468  0.468061  0.521407  0.495800  0.380296  0.620060  0.436681  0.444462  0.444883  0.456433  0.394943  0.469883  0.769946  0.538070  0.494539  0.559427  0.645341  0.412261  0.742653  0.456698  0.443236  0.576396  0.443549  0.509591  0.454915 
1  0.482718 0.0  0.383119  0.541972  0.475931  0.293366  0.384333  0.305016  0.318974  0.443270  0.715750  0.344429  0.395009  0.348397  0.710828  0.329431  0.310243  0.234326  0.395261  0.547516  0.522549  0.373980  0.277868  0.432241  0.751867  0.336505  0.380446  0.375992  0.705291  0.538700  0.452417  0.354461  0.725804  0.517989  0.307074  0.375517  0.412057  0.438355  0.677079  0.393720  0.402943  0.383310  0.317234  0.366988  0.362729  0.506535  0.229526  0.498061  0.484161  0.376165  0.583923  0.382410  0.601360  0.402670  0.366451  0.374168  0.436981  0.185851  0.439926  0.518340  0.393152  0.451341  0.411762  0.396600  0.344146  0.335588  0.402619  0.165783  0.350191  0.480439  0.427590  0.225772  0.295292  0.351681  0.236881  0.339665  0.421961  0.470730  0.452677  0.428583  0.361872  0.302831  0.410011  0.489353  0.540633  0.375770  0.386557  0.640791  0.356152  0.389371  0.448505  0.365491  0.400270  0.375239  0.323759  0.416797  0.358078  0.479952  0.395488  0.460303  0.482603  0.789306  0.801631  0.483810  0.388431  0.294861  0.465304  0.753022  0.612012  0.460644  0.426682  0.402062  0.451181  0.308206  0.346208  0.731327  0.394916  0.856540  0.331404  0.337120  0.347243  0.475229  0.746063  0.425518  0.329260  0.490618  0.333608  0.424325  0.551522  0.475150  0.367299  0.484396  0.386408  0.556436  0.392839  0.433549  0.488845  0.406882  0.528100  0.306980  0.434962  0.516733  0.440311  0.299416  0.493059  0.434433  0.208862  0.210934  0.426582  0.712711  0.863572  0.333314  0.487888  0.330943  0.575058  0.448698  0.395061  0.284250  0.340988  0.365947  0.432455  0.346400  0.384066  0.378116  0.362067  0.444959  0.371753  0.370469  0.664378  0.423047  0.363075  0.496662  0.688062  0.398198  0.395437  0.363372  0.450079  0.626552  0.350748  0.395161  0.611936  0.307255  0.390537  0.471722  0.694440  0.389062  0.278738  0.624228  0.753146  0.496412  0.778741  0.366709  0.474764  0.344227  0.285808  0.557481  0.458954 
2  0.435221  0.383119 0.0  0.454626  0.525250  0.341486  0.434166  0.233901  0.213418  0.438571  0.781383  0.278474  0.285036  0.308687  0.600573  0.458323  0.283332  0.353862  0.470620  0.574879  0.467625  0.395709  0.272622  0.293137  0.599513  0.243358  0.231150  0.254684  0.600831  0.408336  0.384967  0.345634  0.788688  0.362758  0.283712  0.364408  0.448517  0.453590  0.640099  0.358576  0.288115  0.428157  0.277377  0.365348  0.403078  0.490943  0.266703  0.406817  0.537706  0.253456  0.469481  0.405371  0.567592  0.244051  0.452028  0.385438  0.407848  0.252325  0.447207  0.422734  0.220647  0.312745  0.321139  0.350692  0.356389  0.337323  0.252646  0.267078  0.384743  0.500383  0.289266  0.340900  0.375926  0.292648  0.407474  0.305088  0.483218  0.437549  0.324987  0.401105  0.248994  0.376537  0.477411  0.522131  0.520597  0.276702  0.239684  0.667732  0.299773  0.316534  0.300384  0.293459  0.286455  0.290369  0.297912  0.290984  0.450351  0.501956  0.311241  0.135074  0.410413  0.909857  0.731856  0.434635  0.280311  0.190246  0.426387  0.823095  0.359159  0.456878  0.252987  0.536606  0.269116  0.226213  0.385180  0.798292  0.498112  0.764187  0.286843  0.298284  0.204935  0.529663  0.733132  0.327110  0.276344  0.389697  0.381706  0.498820  0.255046  0.524448  0.299705  0.338026  0.359717  0.574000  0.337641  0.422896  0.284751  0.377062  0.400917  0.323557  0.101621  0.514340  0.385094  0.265039  0.328844  0.462148  0.396146  0.364020  0.328582  0.671765  0.652753  0.476645  0.510126  0.348738  0.668730  0.353133  0.385806  0.321047  0.314719  0.286814  0.402381  0.275967  0.348182  0.328855  0.259345  0.381644  0.390794  0.480952  0.739316  0.553689  0.398240  0.516267  0.776576  0.395064  0.280294  0.297591  0.351243  0.555683  0.252579  0.309519  0.553674  0.286116  0.385421  0.404596  0.735018  0.270094  0.239326  0.694840  0.801403  0.474164  0.725429  0.459804  0.398850  0.373784  0.260474  0.558083  0.368560 
3  0.309136  0.541972  0.454626 0.0  0.174437  0.267710  0.244519  0.551314  0.439357  0.549719  0.677246  0.519063  0.527077  0.521904  0.550676  0.621518  0.450774  0.462646  0.329282  0.435870  0.422996  0.413518  0.553735  0.469110  0.558323  0.496266  0.424553  0.383388  0.601637  0.513834  0.491505  0.508632  0.805890  0.382086  0.310055  0.382885  0.475499  0.405107  0.543853  0.477966  0.437566  0.351084  0.427675  0.487587  0.362531  0.150119  0.492519  0.470496  0.226192  0.453812  0.584882  0.314351  0.555590  0.396641  0.211332  0.523577  0.605783  0.485460  0.454021  0.326750  0.554902  0.478430  0.479497  0.476812  0.500730  0.548382  0.496153  0.407322  0.426522  0.565170  0.492512  0.392009  0.357395  0.430086  0.532067  0.453413  0.359538  0.516142  0.577885  0.507426  0.552099  0.435854  0.522031  0.419082  0.464889  0.497170  0.458590  0.791872  0.423723  0.566400  0.533375  0.353639  0.451205  0.595634  0.420070  0.497586  0.322517  0.524636  0.470376  0.497222  0.623206  0.784482  0.704859  0.417193  0.448256  0.494701  0.488319  0.695319  0.481251  0.444615  0.503527  0.530136  0.462122  0.529607  0.598283  0.748337  0.460571  0.742247  0.496658  0.465662  0.451653  0.469771  0.851807  0.503666  0.422469  0.540256  0.546191  0.562744  0.457323  0.402177  0.464551  0.496247  0.519774  0.627463  0.518527  0.427707  0.567275  0.410204  0.202492  0.500004  0.437454  0.392392  0.603045  0.502124  0.427462  0.564400  0.459954  0.347988  0.595877  0.684701  0.692810  0.497795  0.550852  0.446185  0.688791  0.531364  0.574174  0.513923  0.429651  0.613324  0.629698  0.388334  0.427244  0.551680  0.400686  0.485378  0.469465  0.396937  0.747001  0.525401  0.546154  0.464306  0.719470  0.514952  0.545280  0.551967  0.470137  0.659900  0.345844  0.518591  0.594311  0.428869  0.489932  0.483834  0.885918  0.535206  0.444429  0.598422  0.664815  0.440638  0.773894  0.609747  0.449924  0.599953  0.412858  0.538346  0.551758 
4  0.211515  0.475931  0.525250  0.174437 0.0  0.273867  0.140408  0.386453  0.540826  0.499900  0.711651  0.589452  0.511194  0.445646  0.566186  0.557544  0.310511  0.560707  0.262336  0.588408  0.329257  0.474025  0.502116  0.461213  0.607332  0.472108  0.466514  0.539450  0.686121  0.361036  0.474510  0.466688  0.676376  0.405941  0.276991  0.342489  0.445331  0.433761  0.537086  0.491879  0.412620  0.420814  0.579977  0.453712  0.514274  0.184722  0.312256  0.477928  0.223120  0.431199  0.685792  0.408688  0.543701  0.401481  0.296757  0.446802  0.412404  0.501098  0.371323  0.326100  0.520522  0.495965  0.468365  0.532262  0.528863  0.471411  0.518118  0.432471  0.428085  0.596375  0.600508  0.431195  0.260547  0.499235  0.526907  0.484013  0.459374  0.365573  0.630952  0.575229  0.565152  0.505694  0.584474  0.436705  0.421088  0.406466  0.453885  0.678324  0.500644  0.474675  0.550856  0.562480  0.533459  0.460847  0.447494  0.555855  0.320124  0.339162  0.624823  0.494233  0.475957  0.724711  0.718237  0.512207  0.436079  0.488758  0.429788  0.772168  0.401908  0.437955  0.523471  0.531125  0.475879  0.434379  0.524765  0.620795  0.564253  0.763772  0.547477  0.527247  0.391359  0.469587  0.839713  0.557237  0.506002  0.520622  0.549018  0.509226  0.648621  0.408469  0.516010  0.503498  0.657004  0.560091  0.568554  0.434130  0.511315  0.529468  0.254106  0.471989  0.402766  0.534239  0.550664  0.477147  0.300361  0.466886  0.474673  0.484907  0.543035  0.683538  0.818594  0.527970  0.576515  0.596873  0.669751  0.593456  0.549901  0.578638  0.608906  0.559663  0.518848  0.512010  0.517829  0.439122  0.557448  0.541215  0.441087  0.400772  0.755686  0.460239  0.574592  0.366230  0.751810  0.475808  0.498743  0.498628  0.523477  0.664160  0.359790  0.545137  0.470723  0.515729  0.567371  0.440995  0.832366  0.650072  0.562076  0.546891  0.719745  0.420815  0.755002  0.427917  0.347902  0.604071  0.483929  0.534215  0.566005 
5  0.264491  0.293366  0.341486  0.267710  0.273867 0.0  0.273997  0.493416  0.457011  0.427509  0.629111  0.355195  0.493674  0.516803  0.531341  0.432215  0.440620  0.424874  0.330185  0.547103  0.456092  0.422917  0.449318  0.485928  0.756214  0.415784  0.380310  0.428359  0.732729  0.388993  0.525143  0.506112  0.653934  0.370339  0.402923  0.556795  0.382835  0.401641  0.607884  0.544020  0.605651  0.458061  0.406813  0.437381  0.445287  0.202680  0.396946  0.453179  0.265785  0.367769  0.573948  0.309676  0.655959  0.453569  0.268853  0.502426  0.436485  0.326033  0.316044  0.275035  0.498624  0.556546  0.455503  0.437612  0.502550  0.454972  0.400486  0.428011  0.405176  0.486531  0.435245  0.360593  0.332684  0.466514  0.403476  0.512974  0.303363  0.370449  0.447952  0.544734  0.393895  0.474346  0.368623  0.525491  0.422997  0.464013  0.431642  0.764045  0.475246  0.461666  0.519321  0.417253  0.470553  0.445608  0.584221  0.461898  0.275868  0.387531  0.470169  0.560033  0.359078  0.711430  0.656741  0.530239  0.440262  0.441443  0.496698  0.806953  0.440587  0.427695  0.440145  0.434015  0.487259  0.438012  0.500362  0.642155  0.534098  0.696065  0.548223  0.461928  0.487787  0.414635  0.748744  0.586779  0.509761  0.365356  0.446805  0.441629  0.437624  0.450463  0.552120  0.443477  0.562296  0.466409  0.471627  0.410940  0.530440  0.467870  0.269449  0.494987  0.468120  0.548768  0.413521  0.481924  0.545453  0.430566  0.450241  0.418483  0.467130  0.702185  0.803249  0.619645  0.423833  0.378528  0.741587  0.526308  0.464822  0.478131  0.459386  0.488115  0.439831  0.443942  0.508045  0.481394  0.514059  0.419677  0.512647  0.333445  0.697941  0.371398  0.481052  0.381525  0.730699  0.381994  0.464511  0.562222  0.510522  0.705218  0.380032  0.376366  0.644302  0.458253  0.433036  0.372282  0.674896  0.524199  0.353576  0.601902  0.694436  0.512568  0.744252  0.642928  0.442579  0.515245  0.420050  0.453099  0.542343 
6  0.221352  0.384333  0.434166  0.244519  0.140408  0.273997 0.0  0.426633  0.496010  0.558741  0.707583  0.456543  0.468009  0.541179  0.553469  0.617345  0.379112  0.349053  0.268779  0.487892  0.453729  0.416823  0.500596  0.554027  0.627319  0.503839  0.382385  0.490913  0.638571  0.388956  0.534573  0.513562  0.740652  0.441869  0.354650  0.451898  0.393267  0.517784  0.516726  0.520228  0.505737  0.492810  0.568304  0.435330  0.483602  0.169080  0.407505  0.642748  0.330080  0.464618  0.596010  0.335108  0.702701  0.379965  0.295411  0.357206  0.577166  0.396820  0.423791  0.288329  0.493921  0.566782  0.577378  0.506182  0.545985  0.424650  0.422920  0.425366  0.464210  0.599677  0.454359  0.468937  0.270186  0.418654  0.546090  0.510869  0.377668  0.395877  0.621996  0.563317  0.518194  0.500099  0.348177  0.414938  0.451109  0.494933  0.522100  0.712773  0.539118  0.417000  0.499488  0.451470  0.619077  0.484012  0.488137  0.505090  0.246551  0.476794  0.460069  0.403808  0.573272  0.653075  0.775601  0.463725  0.480390  0.385712  0.443879  0.681209  0.460292  0.464605  0.495746  0.449933  0.408965  0.486241  0.586223  0.752166  0.558481  0.742459  0.521481  0.470852  0.495932  0.480881  0.839454  0.509224  0.464018  0.413798  0.537344  0.656374  0.639955  0.436779  0.495571  0.493395  0.412091  0.593033  0.454193  0.486419  0.566445  0.485111  0.101588  0.397953  0.455668  0.441378  0.590888  0.434752  0.538849  0.445366  0.412159  0.510286  0.375416  0.716802  0.664072  0.526349  0.449121  0.541094  0.711109  0.501883  0.463826  0.551359  0.510266  0.555245  0.415928  0.565483  0.510571  0.530376  0.512201  0.531139  0.551764  0.403032  0.756533  0.332821  0.597556  0.364974  0.799365  0.456162  0.482989  0.520710  0.494141  0.688857  0.452730  0.436985  0.557040  0.524014  0.430174  0.478329  0.653482  0.527475  0.507900  0.584088  0.650421  0.443795  0.644976  0.568987  0.503215  0.482061  0.413784  0.474807  0.430070 
7  0.354957  0.305016  0.233901  0.551314  0.386453  0.493416  0.426633 0.0  0.248991  0.379016  0.723522  0.344037  0.331135  0.292764  0.531909  0.371666  0.288658  0.247150  0.517464  0.618921  0.458714  0.318507  0.199529  0.271423  0.640926  0.354811  0.330029  0.273984  0.709544  0.431654  0.364373  0.325585  0.779318  0.346360  0.319676  0.396438  0.549657  0.518231  0.676400  0.275287  0.190402  0.428880  0.370888  0.271291  0.349626  0.422594  0.219783  0.481028  0.395936  0.259723  0.460320  0.462089  0.519742  0.166974  0.322874  0.248614  0.357451  0.298928  0.399414  0.453772  0.350734  0.418441  0.285319  0.307801  0.297953  0.335637  0.264097  0.255290  0.389596  0.574721  0.370815  0.296821  0.286714  0.303486  0.344148  0.370918  0.482955  0.402828  0.325659  0.427730  0.266286  0.378503  0.459617  0.432647  0.472152  0.262583  0.306538  0.515152  0.267562  0.226475  0.252778  0.270858  0.354271  0.391768  0.317364  0.331794  0.392465  0.368281  0.406808  0.262657  0.519722  0.702776  0.753687  0.466469  0.253943  0.253963  0.399615  0.761833  0.422442  0.443198  0.296116  0.439510  0.192938  0.380247  0.284260  0.617585  0.361244  0.829538  0.285162  0.299046  0.196091  0.502074  0.700779  0.323642  0.377998  0.428392  0.468601  0.510343  0.338124  0.477518  0.384560  0.441752  0.333483  0.554807  0.205513  0.355838  0.397391  0.188975  0.472047  0.274254  0.228313  0.612185  0.255371  0.314281  0.319725  0.475828  0.338548  0.389955  0.457453  0.738227  0.746811  0.404949  0.328210  0.312995  0.660154  0.276531  0.263621  0.291907  0.383455  0.471687  0.296442  0.215315  0.294513  0.402258  0.477729  0.330997  0.351622  0.329372  0.736230  0.350619  0.425621  0.540836  0.794628  0.223775  0.356106  0.299950  0.300212  0.617772  0.192543  0.240881  0.555441  0.181141  0.397049  0.476654  0.848402  0.348038  0.266277  0.568617  0.690831  0.475605  0.715766  0.293317  0.413896  0.401178  0.308107  0.526430  0.321304 
8  0.374255  0.318974  0.213418  0.439357  0.540826  0.457011  0.496010  0.248991 0.0  0.500510  0.776501  0.363786  0.288943  0.250219  0.512178  0.301646  0.274793  0.343969  0.480546  0.517612  0.527048  0.306136  0.346497  0.350697  0.642714  0.263832  0.297809  0.292193  0.703616  0.449432  0.282613  0.387675  0.746136  0.505100  0.420025  0.318560  0.433503  0.484093  0.678393  0.140211  0.256112  0.488414  0.263606  0.356121  0.368468  0.480049  0.363297  0.405041  0.404040  0.326294  0.512524  0.302153  0.543045  0.360454  0.485468  0.486502  0.530244  0.309399  0.406100  0.421385  0.307890  0.309866  0.379416  0.338453  0.334083  0.361322  0.307095  0.395213  0.392495  0.555622  0.376717  0.226981  0.425358  0.363165  0.380710  0.316061  0.379201  0.458853  0.335263  0.276108  0.310799  0.382723  0.467003  0.414415  0.522684  0.272115  0.390324  0.507596  0.286305  0.325829  0.320946  0.277025  0.258226  0.183959  0.391521  0.410335  0.508363  0.492526  0.245335  0.360795  0.507359  0.609941  0.745450  0.547454  0.267614  0.207352  0.468449  0.814766  0.434451  0.482223  0.320790  0.484880  0.242076  0.304751  0.236665  0.788588  0.298185  0.749746  0.314535  0.244987  0.333940  0.499798  0.669230  0.342409  0.436530  0.484814  0.460876  0.627181  0.290085  0.520404  0.446635  0.452753  0.373833  0.578889  0.300409  0.469311  0.336703  0.322703  0.469126  0.315688  0.206314  0.540572  0.341209  0.280204  0.455985  0.455190  0.276584  0.401825  0.255787  0.624014  0.809650  0.289806  0.408334  0.359952  0.721563  0.367420  0.317162  0.277411  0.329407  0.382598  0.378769  0.185105  0.386358  0.395862  0.271069  0.276153  0.416164  0.499886  0.737672  0.536099  0.406604  0.437042  0.772521  0.258166  0.331400  0.315666  0.426779  0.612607  0.252666  0.344073  0.675769  0.276059  0.363680  0.531773  0.806745  0.344045  0.299626  0.601021  0.791913  0.513215  0.811413  0.280187  0.499612  0.354882  0.351627  0.487271  0.454451 
9  0.506347  0.443270  0.438571  0.549719  0.499900  0.427509  0.558741  0.379016  0.500510 0.0  0.933669  0.405639  0.440537  0.432112  0.614515  0.476774  0.376512  0.524811  0.510700  0.689760  0.410311  0.402761  0.457052  0.375730  0.739762  0.463266  0.498998  0.463437  0.778599  0.362700  0.555957  0.568475  0.819567  0.336577  0.426478  0.438363  0.416277  0.429020  0.551151  0.553779  0.531678  0.421988  0.512975  0.422450  0.416432  0.414106  0.473771  0.530397  0.497711  0.401708  0.562630  0.488988  0.552712  0.372850  0.469843  0.363047  0.221460  0.459502  0.589081  0.460099  0.519778  0.600198  0.526765  0.465344  0.454729  0.550670  0.462561  0.449266  0.393172  0.562809  0.522439  0.418404  0.501027  0.490589  0.515266  0.563173  0.425098  0.449776  0.512220  0.507823  0.480530  0.430878  0.499589  0.499529  0.480797  0.483285  0.547640  0.718420  0.522887  0.507656  0.437713  0.441006  0.477860  0.433950  0.458391  0.516155  0.489842  0.203163  0.565725  0.446805  0.322170  0.735162  0.758997  0.305728  0.552775  0.494591  0.345123  0.739318  0.291257  0.215970  0.511765  0.186278  0.487634  0.469117  0.448607  0.768638  0.539086  0.857873  0.527483  0.464131  0.405456  0.329069  0.845282  0.514483  0.531866  0.359514  0.560776  0.186520  0.525282  0.492980  0.686594  0.194576  0.540698  0.693553  0.576974  0.200486  0.543416  0.485442  0.439362  0.588093  0.402937  0.551878  0.468904  0.451383  0.418703  0.191003  0.413139  0.536818  0.480411  0.672955  0.613023  0.451693  0.568698  0.467580  0.803071  0.489999  0.530415  0.414148  0.532267  0.545443  0.429020  0.453623  0.632743  0.498265  0.506921  0.481663  0.264846  0.415000  0.824307  0.438676  0.548224  0.396485  0.831469  0.462350  0.450803  0.552785  0.460792  0.565978  0.512462  0.412584  0.662464  0.520828  0.565042  0.176526  0.842153  0.557296  0.501708  0.663970  0.663554  0.414596  0.887335  0.420229  0.404997  0.499093  0.569509  0.281276  0.521379 
10  0.787435  0.715750  0.781383  0.677246  0.711651  0.629111  0.707583  0.723522  0.776501  0.933669 0.0  0.841000  0.794189  0.788461  0.593983  0.769467  0.797269  0.826444  0.674110  0.771939  0.788965  0.814982  0.741095  0.794298  0.522143  0.806908  0.872511  0.779432  0.471301  0.691164  0.733618  0.834782  0.551120  0.713751  0.670329  0.663118  0.791922  0.677991  0.842317  0.876232  0.876815  0.857853  0.754017  0.660723  0.719346  0.666319  0.691725  0.896247  0.726239  0.775775  0.690051  0.902694  0.722976  0.687538  0.718412  0.893772  0.791441  0.701613  0.612741  0.669890  0.797077  0.853261  0.750838  0.847280  0.796127  0.780283  0.840222  0.833906  0.833303  0.692833  0.962147  0.716998  0.681379  0.814967  0.847274  0.730858  0.771685  0.629110  0.817968  0.857717  0.761623  0.811056  0.648667  0.670967  0.662283  0.719679  0.846708  0.728756  0.813382  0.797171  0.825719  0.875824  0.838378  0.910356  0.873036  0.849859  0.749428  0.763112  0.913077  0.902724  0.731638  0.541812  0.249877  0.777011  0.786554  0.756481  0.763459  0.332838  0.834790  0.814808  0.811164  0.876047  0.730475  0.854708  0.852225  0.257399  0.841202  0.177045  0.805725  0.827834  0.755596  0.641102  0.658612  0.737238  0.958353  0.772092  0.847467  0.834918  0.767464  0.759636  0.809390  0.774672  0.780062  0.714816  0.718768  0.679414  0.977236  0.768455  0.657785  0.812571  0.773661  0.761763  0.834754  0.824119  0.760219  0.836193  0.820367  0.914483  0.751929  0.567581  0.729441  0.751717  0.812553  0.919121  0.666969  0.856717  0.809800  0.771694  0.863593  0.909208  0.738438  0.817084  0.839306  0.781708  0.770845  0.805252  0.690748  0.661550  0.486686  0.830472  0.780730  0.744115  0.289551  0.847083  0.792231  0.838635  0.780600  0.773425  0.798855  0.776863  0.792303  0.710634  0.748197  0.753905  0.227627  0.848944  0.789031  0.735086  0.530046  0.738982  0.090138  0.809492  0.687704  0.849390  0.775610  0.939496  0.906105 
11  0.462383  0.344429  0.278474  0.519063  0.589452  0.355195  0.456543  0.344037  0.363786  0.405639  0.841000 0.0  0.266570  0.333104  0.645012  0.260521  0.285455  0.081918  0.419678  0.552679  0.525100  0.369658  0.213101  0.225843  0.771714  0.319845  0.182523  0.211401  0.683509  0.404602  0.343847  0.375253  0.699928  0.439353  0.373579  0.355075  0.492262  0.475862  0.622257  0.191183  0.231954  0.468700  0.165228  0.286595  0.285780  0.507631  0.295446  0.313435  0.441727  0.127530  0.542897  0.473207  0.544680  0.319813  0.389500  0.440182  0.409019  0.388601  0.451170  0.560268  0.425971  0.267270  0.186374  0.290068  0.262437  0.220528  0.236669  0.307089  0.403387  0.612040  0.311545  0.313051  0.341828  0.343212  0.325541  0.351450  0.543923  0.472113  0.362860  0.199887  0.362376  0.302271  0.519030  0.427602  0.521601  0.292354  0.293723  0.609165  0.312272  0.277928  0.169493  0.158048  0.294322  0.292032  0.351607  0.203152  0.443285  0.465667  0.270770  0.223386  0.558346  0.713541  0.786199  0.494583  0.143465  0.257685  0.521367  0.767883  0.488439  0.336901  0.279635  0.393865  0.266211  0.302813  0.337894  0.678900  0.387689  0.755230  0.236429  0.198492  0.233270  0.391076  0.723479  0.309040  0.256761  0.485334  0.346876  0.455291  0.251360  0.497932  0.288563  0.369332  0.217699  0.528782  0.173740  0.419174  0.199824  0.254789  0.536465  0.201152  0.148177  0.526689  0.260702  0.281876  0.336204  0.332570  0.355427  0.327049  0.331004  0.723664  0.735400  0.268629  0.198554  0.215605  0.751057  0.339942  0.294699  0.346510  0.280514  0.210133  0.166065  0.208354  0.283998  0.287005  0.274881  0.206694  0.435719  0.322108  0.693685  0.503755  0.430780  0.479431  0.867055  0.131543  0.424772  0.329873  0.221201  0.648246  0.313462  0.410230  0.593825  0.257509  0.310196  0.521426  0.803001  0.282816  0.208504  0.698671  0.771938  0.478243  0.723694  0.315865  0.475570  0.289322  0.357349  0.534685  0.344754 
12  0.307101  0.395009  0.285036  0.527077  0.511194  0.493674  0.468009  0.331135  0.288943  0.440537  0.794189  0.266570 0.0  0.284945  0.656578  0.252273  0.326763  0.175505  0.493739  0.601393  0.521452  0.252011  0.201190  0.219219  0.667792  0.232318  0.301787  0.308795  0.615021  0.539049  0.203776  0.466246  0.661587  0.439578  0.378726  0.312342  0.490090  0.561152  0.613625  0.303359  0.164137  0.552362  0.241926  0.493406  0.321929  0.503219  0.321496  0.320272  0.420346  0.202376  0.625584  0.430044  0.537091  0.320558  0.430274  0.392288  0.464331  0.439192  0.485302  0.406550  0.409139  0.213654  0.176364  0.245363  0.282761  0.189893  0.283969  0.382765  0.416960  0.582811  0.245505  0.448044  0.310975  0.413322  0.366165  0.257579  0.394640  0.507888  0.180517  0.135037  0.210528  0.210448  0.383707  0.448083  0.533843  0.141847  0.233399  0.720857  0.231042  0.216979  0.164911  0.131572  0.197432  0.208587  0.231303  0.250890  0.374407  0.323027  0.222969  0.305706  0.530848  0.758859  0.749813  0.517333  0.258597  0.283330  0.376394  0.792532  0.428548  0.509123  0.234726  0.394619  0.292883  0.153475  0.327845  0.740088  0.215466  0.720839  0.229743  0.216416  0.345670  0.482332  0.747193  0.427539  0.255302  0.465335  0.314151  0.400730  0.249654  0.614031  0.255653  0.522761  0.293089  0.444450  0.286552  0.454411  0.368665  0.313261  0.515071  0.122705  0.310127  0.538804  0.248267  0.226319  0.361578  0.438354  0.304319  0.385382  0.373616  0.600553  0.817065  0.260389  0.390621  0.290657  0.676718  0.274303  0.333482  0.179173  0.246582  0.263402  0.226822  0.231648  0.206796  0.268184  0.351212  0.209030  0.418313  0.470139  0.690707  0.457812  0.309266  0.539783  0.808200  0.341840  0.209060  0.184832  0.227480  0.652305  0.243113  0.254921  0.597989  0.206428  0.276556  0.490376  0.651164  0.277248  0.327810  0.597176  0.841686  0.485817  0.727912  0.255633  0.500520  0.250487  0.438348  0.518565  0.459337 
13  0.505663  0.348397  0.308687  0.521904  0.445646  0.516803  0.541179  0.292764  0.250219  0.432112  0.788461  0.333104  0.284945 0.0  0.634540  0.215931  0.307030  0.271191  0.571202  0.565632  0.479810  0.294962  0.266699  0.253451  0.775974  0.338665  0.253543  0.201101  0.760952  0.520941  0.297319  0.270055  0.716785  0.448202  0.404786  0.394031  0.597463  0.514901  0.678381  0.340863  0.207837  0.478720  0.252120  0.386898  0.244487  0.466519  0.372009  0.204083  0.424693  0.212504  0.664912  0.432005  0.528516  0.349442  0.448508  0.463754  0.417047  0.498351  0.429783  0.504918  0.318929  0.267182  0.162475  0.111803  0.105451  0.188539  0.212504  0.400991  0.435599  0.656085  0.377831  0.446455  0.422811  0.434326  0.449763  0.220043  0.483556  0.487513  0.185845  0.173949  0.250616  0.275635  0.576602  0.556281  0.495785  0.186811  0.303682  0.670049  0.259168  0.272745  0.265558  0.227608  0.244794  0.215503  0.238438  0.185245  0.450952  0.492975  0.182883  0.190515  0.393013  0.882172  0.819933  0.436401  0.312430  0.291212  0.484328  0.912947  0.420375  0.477138  0.325493  0.451943  0.298568  0.177851  0.283971  0.777466  0.301777  0.795280  0.308986  0.288219  0.373363  0.593014  0.614352  0.133620  0.399906  0.483369  0.222620  0.463301  0.244814  0.481506  0.292983  0.423360  0.348743  0.631988  0.269086  0.437824  0.214830  0.314613  0.436561  0.139950  0.256867  0.660470  0.287967  0.203326  0.396071  0.489464  0.366748  0.375523  0.334861  0.583486  0.768880  0.359182  0.233260  0.081918  0.572106  0.209709  0.294450  0.265199  0.269989  0.284486  0.296086  0.214380  0.184030  0.208985  0.239510  0.326776  0.535508  0.479640  0.760737  0.507667  0.235790  0.505068  0.910374  0.238318  0.121603  0.192751  0.209237  0.562546  0.232243  0.332383  0.573011  0.349397  0.200813  0.384669  0.813424  0.347086  0.310672  0.619218  0.804585  0.427467  0.978276  0.192517  0.566206  0.266239  0.287318  0.464712  0.255619 
14  0.651923  0.710828  0.600573  0.550676  0.566186  0.531341  0.553469  0.531909  0.512178  0.614515  0.593983  0.645012  0.656578  0.634540 0.0  0.640637  0.600830  0.614541  0.598091  0.491595  0.677936  0.648454  0.686122  0.620826  0.711740  0.614786  0.628388  0.646679  0.659235  0.452835  0.718352  0.673998  0.644924  0.590083  0.490656  0.610637  0.545115  0.593882  0.466248  0.597976  0.598895  0.590615  0.541179  0.592623  0.590780  0.643632  0.627165  0.635137  0.562695  0.574074  0.493656  0.544748  0.510997  0.597339  0.576752  0.676589  0.635748  0.529949  0.456079  0.532146  0.646592  0.693349  0.677415  0.594878  0.651204  0.765380  0.701369  0.617351  0.666858  0.518272  0.731110  0.641466  0.413449  0.584789  0.604379  0.655878  0.710873  0.471654  0.708120  0.673435  0.733999  0.659235  0.629519  0.564535  0.598168  0.538116  0.588282  0.730823  0.622098  0.614345  0.576817  0.513428  0.647893  0.724577  0.622810  0.665605  0.586503  0.676308  0.701697  0.597136  0.747177  0.680827  0.783859  0.518694  0.646117  0.441051  0.504831  0.693998  0.646594  0.577960  0.538717  0.609731  0.544661  0.719787  0.521494  0.689289  0.695049  0.645302  0.633535  0.582959  0.560485  0.634885  0.665852  0.713944  0.645874  0.585855  0.698726  0.627631  0.637165  0.554095  0.663067  0.615261  0.690618  0.301153  0.618026  0.593097  0.649198  0.530910  0.591870  0.674797  0.600317  0.453112  0.623413  0.588450  0.591462  0.681987  0.568468  0.611564  0.578931  0.664904  0.835610  0.642207  0.633391  0.679536  0.724286  0.585712  0.671373  0.719538  0.638936  0.644051  0.573593  0.582312  0.590951  0.770590  0.647916  0.614050  0.588394  0.501953  0.619825  0.586596  0.657956  0.600787  0.685406  0.700272  0.728465  0.679962  0.659158  0.700708  0.541692  0.625966  0.307332  0.533819  0.702530  0.642563  0.706056  0.729268  0.586005  0.391390  0.757960  0.551940  0.720557  0.710253  0.494027  0.721779  0.571960  0.640780  0.655418 
15  0.476859  0.329431  0.458323  0.621518  0.557544  0.432215  0.617345  0.371666  0.301646  0.476774  0.769467  0.260521  0.252273  0.215931  0.640637 0.0  0.370705  0.279347  0.537127  0.574264  0.599442  0.408681  0.294831  0.358709  0.780550  0.286831  0.105189  0.393845  0.769727  0.532577  0.202778  0.273465  0.685110  0.400681  0.407960  0.398676  0.479200  0.532780  0.648968  0.355169  0.339889  0.547780  0.225427  0.329550  0.400361  0.464028  0.445670  0.206992  0.452537  0.250651  0.574526  0.519474  0.534285  0.284519  0.478214  0.333261  0.462584  0.359145  0.589436  0.415302  0.484357  0.267526  0.267392  0.291176  0.276682  0.217489  0.363615  0.296304  0.441508  0.532728  0.165671  0.348706  0.393046  0.402366  0.344437  0.211575  0.454098  0.536556  0.255893  0.231862  0.277377  0.178245  0.515706  0.408666  0.481190  0.242797  0.188712  0.550013  0.199126  0.180343  0.268844  0.233686  0.251507  0.123028  0.164671  0.261500  0.670474  0.445385  0.270866  0.297744  0.510508  0.738600  0.830166  0.403357  0.352382  0.372387  0.440732  0.757487  0.538474  0.477768  0.321654  0.441346  0.381137  0.270870  0.349674  0.789013  0.148523  0.892322  0.405421  0.370559  0.379414  0.549835  0.668697  0.287573  0.192061  0.403003  0.219332  0.451922  0.215794  0.448638  0.241949  0.359071  0.240608  0.565568  0.360915  0.441752  0.251089  0.347335  0.381534  0.179382  0.299387  0.591522  0.245105  0.256131  0.291862  0.480704  0.437245  0.388970  0.302270  0.541125  0.696491  0.235395  0.230267  0.216814  0.646950  0.316089  0.270251  0.222379  0.236649  0.304793  0.346756  0.236515  0.198463  0.365574  0.259905  0.194647  0.523956  0.511986  0.881708  0.503118  0.343554  0.523117  0.788057  0.162278  0.239616  0.320927  0.154328  0.562504  0.335840  0.287199  0.528986  0.184066  0.250699  0.401785  0.882590  0.138842  0.296983  0.681879  0.842924  0.473846  0.829616  0.305260  0.518306  0.205213  0.389524  0.502058  0.324650 
16  0.464764  0.310243  0.283332  0.450774  0.310511  0.440620  0.379112  0.288658  0.274793  0.376512  0.797269  0.285455  0.326763  0.307030  0.600830  0.370705 0.0  0.248626  0.459683  0.394810  0.442990  0.397774  0.436482  0.275013  0.642204  0.231467  0.278529  0.370151  0.654841  0.450841  0.474922  0.290647  0.736346  0.346050  0.290252  0.339444  0.433220  0.464714  0.502067  0.329078  0.359428  0.368524  0.362837  0.342435  0.280328  0.328252  0.304331  0.486497  0.340302  0.218364  0.472448  0.308285  0.432231  0.206825  0.449187  0.535519  0.291493  0.469528  0.427912  0.395205  0.149326  0.437870  0.314485  0.389915  0.453400  0.333924  0.300106  0.324045  0.249095  0.603910  0.352684  0.285410  0.379847  0.156334  0.385492  0.378486  0.409608  0.385879  0.369282  0.326922  0.265915  0.303120  0.498820  0.530249  0.479028  0.260191  0.303924  0.640563  0.312757  0.295544  0.349527  0.346183  0.389225  0.321422  0.315653  0.382421  0.315487  0.360937  0.442786  0.336655  0.499845  0.824449  0.705188  0.428363  0.300073  0.264319  0.319123  0.808831  0.334560  0.337195  0.239913  0.399202  0.171356  0.319100  0.457745  0.699393  0.237884  0.820434  0.346879  0.364363  0.339070  0.490643  0.675194  0.365915  0.360082  0.289187  0.218045  0.453174  0.378143  0.341047  0.447165  0.438798  0.372492  0.547877  0.309203  0.376866  0.472843  0.226915  0.421728  0.226935  0.266424  0.492623  0.329029  0.387049  0.318586  0.292972  0.218224  0.326953  0.397563  0.680046  0.741983  0.327596  0.348052  0.369962  0.574480  0.455162  0.487016  0.408352  0.420413  0.352199  0.387519  0.373937  0.300744  0.306332  0.509162  0.465977  0.287922  0.411488  0.701667  0.398711  0.414085  0.502828  0.765781  0.374222  0.386924  0.401702  0.288340  0.505470  0.348959  0.313686  0.606069  0.256098  0.304814  0.351886  0.818101  0.463539  0.309623  0.506752  0.742546  0.416042  0.691299  0.343580  0.482125  0.465335  0.301212  0.430665  0.377573 
17  0.437185  0.234326  0.353862  0.462646  0.560707  0.424874  0.349053  0.247150  0.343969  0.524811  0.826444  0.081918  0.175505  0.271191  0.614541  0.279347  0.248626 0.0  0.428478  0.580725  0.495276  0.353961  0.188313  0.179885  0.697301  0.235810  0.230644  0.259145  0.694091  0.435915  0.392366  0.156232  0.764565  0.477841  0.333727  0.407143  0.367815  0.558770  0.588768  0.140040  0.279743  0.557247  0.212015  0.460228  0.289847  0.484933  0.302354  0.253232  0.389424  0.251149  0.507838  0.450258  0.391183  0.172236  0.470459  0.421798  0.381320  0.286979  0.552781  0.313410  0.392729  0.267321  0.325321  0.270113  0.325711  0.345094  0.101273  0.205339  0.386648  0.642746  0.307469  0.300913  0.409633  0.353581  0.451082  0.178802  0.458465  0.411034  0.206656  0.285559  0.274784  0.244296  0.479935  0.414015  0.394572  0.292474  0.215552  0.649014  0.262762  0.376372  0.195030  0.213277  0.221535  0.269088  0.231878  0.099623  0.500563  0.419946  0.252687  0.261953  0.499344  0.825858  0.817683  0.554926  0.250431  0.320178  0.424113  0.683816  0.445766  0.407414  0.364780  0.508610  0.274268  0.297409  0.418887  0.772184  0.232057  0.795140  0.305084  0.306055  0.167743  0.575600  0.580715  0.249952  0.358811  0.599867  0.251924  0.504921  0.267224  0.509305  0.428335  0.378613  0.272215  0.501654  0.096319  0.533464  0.341224  0.324225  0.338458  0.190605  0.201581  0.547851  0.326893  0.126516  0.311508  0.460725  0.314616  0.290376  0.365703  0.556712  0.696428  0.305176  0.343426  0.188688  0.582873  0.381939  0.293902  0.220023  0.232897  0.331363  0.233582  0.298774  0.273740  0.341565  0.310390  0.253052  0.456411  0.365388  0.609449  0.462094  0.324264  0.468522  0.714603  0.243103  0.255030  0.237074  0.265759  0.681278  0.249583  0.252113  0.540945  0.169614  0.249141  0.534280  0.756821  0.253730  0.264653  0.678823  0.724708  0.391095  0.814069  0.240117  0.502139  0.305858  0.345555  0.567318  0.254760 
18  0.272143  0.395261  0.470620  0.329282  0.262336  0.330185  0.268779  0.517464  0.480546  0.510700  0.674110  0.419678  0.493739  0.571202  0.598091  0.537127  0.459683  0.428478 0.0  0.563132  0.480772  0.370752  0.443701  0.505346  0.701226  0.489900  0.568573  0.462604  0.715231  0.536077  0.536727  0.606280  0.723138  0.495476  0.369732  0.485433  0.453510  0.492401  0.594793  0.511078  0.499541  0.534459  0.392338  0.539205  0.440861  0.103901  0.457091  0.521034  0.415771  0.541370  0.635979  0.367821  0.579579  0.339608  0.229742  0.594942  0.523053  0.514320  0.387001  0.373830  0.449639  0.565155  0.520762  0.568668  0.425846  0.586744  0.603660  0.376702  0.364597  0.614306  0.563629  0.535068  0.318149  0.371067  0.538080  0.536399  0.452835  0.432732  0.651904  0.485920  0.485314  0.474219  0.502967  0.324403  0.347577  0.477551  0.521304  0.622515  0.579859  0.485449  0.466940  0.515674  0.557086  0.507619  0.505697  0.487733  0.326648  0.511302  0.443660  0.473733  0.461038  0.702971  0.750220  0.504873  0.508852  0.435312  0.541576  0.750535  0.427471  0.477047  0.451412  0.490117  0.546657  0.580255  0.474439  0.688172  0.639082  0.771221  0.542394  0.446728  0.465455  0.627122  0.654036  0.536395  0.521689  0.519125  0.546484  0.614345  0.386542  0.456311  0.557261  0.480389  0.507464  0.618003  0.612087  0.468062  0.602624  0.431867  0.367832  0.601624  0.414392  0.592434  0.598113  0.489655  0.406132  0.488405  0.400423  0.531916  0.412917  0.638069  0.840441  0.418457  0.601632  0.627736  0.653869  0.554062  0.561916  0.448635  0.501344  0.594685  0.580062  0.485602  0.531745  0.595859  0.594284  0.451411  0.493906  0.332458  0.728720  0.527124  0.577644  0.397389  0.680962  0.556538  0.589358  0.492302  0.449343  0.641552  0.409078  0.449224  0.503066  0.482133  0.642327  0.513465  0.713988  0.544163  0.500685  0.560226  0.651871  0.469855  0.658107  0.622099  0.455901  0.556235  0.465466  0.446430  0.651088 
19  0.504557  0.547516  0.574879  0.435870  0.588408  0.547103  0.487892  0.618921  0.517612  0.689760  0.771939  0.552679  0.601393  0.565632  0.491595  0.574264  0.394810  0.580725  0.563132 0.0  0.508638  0.683708  0.475560  0.726664  0.737885  0.726995  0.641353  0.599051  0.671600  0.492714  0.679828  0.634907  0.656734  0.568616  0.542547  0.673322  0.574883  0.555051  0.169366  0.600267  0.596483  0.731751  0.472287  0.580297  0.518124  0.433510  0.517053  0.692779  0.597772  0.610916  0.402999  0.624765  0.410914  0.577117  0.500181  0.634918  0.632102  0.638393  0.538653  0.633119  0.607978  0.622203  0.540125  0.577179  0.516119  0.669311  0.583530  0.513270  0.577195  0.665306  0.647396  0.655758  0.516185  0.561703  0.538467  0.665830  0.464794  0.457019  0.623899  0.653809  0.667281  0.543993  0.516318  0.622522  0.545118  0.552039  0.646119  0.657960  0.645138  0.603205  0.622275  0.532796  0.590567  0.695355  0.539362  0.593034  0.478109  0.587491  0.582688  0.550841  0.629512  0.626553  0.796222  0.599695  0.541743  0.663955  0.673021  0.712894  0.574655  0.611662  0.577587  0.627984  0.599457  0.482337  0.556537  0.552833  0.590521  0.720179  0.531949  0.625510  0.508443  0.684533  0.750162  0.643089  0.640866  0.598805  0.655096  0.611156  0.604120  0.529501  0.607655  0.606588  0.647383  0.328128  0.658959  0.623120  0.712972  0.727854  0.546231  0.534498  0.681082  0.210123  0.654910  0.600681  0.647909  0.551085  0.587784  0.473126  0.615554  0.652430  0.761559  0.573757  0.660558  0.515751  0.707068  0.614128  0.680928  0.567184  0.550920  0.637071  0.638613  0.536428  0.698660  0.564811  0.614176  0.524295  0.614767  0.501028  0.656947  0.635531  0.588314  0.590837  0.726486  0.633657  0.604809  0.591402  0.589880  0.686062  0.574170  0.527396  0.424137  0.621309  0.648038  0.572259  0.669991  0.697998  0.602752  0.329287  0.714332  0.606651  0.699633  0.641192  0.622848  0.654526  0.525471  0.669555  0.698196 
