197
0 0.0  0.474101  0.426908  0.249790  0.259522  0.375376  0.248047  0.469309  0.512605  0.580147  0.722599  0.455160  0.468496  0.418308  0.528726  0.435714  0.328709  0.450808  0.319372  0.571082  0.437802  0.438922  0.424366  0.514119  0.679446  0.591514  0.528291  0.465539  0.716164  0.381356  0.467978  0.486552  0.747781  0.534122  0.265333  0.548010  0.430120  0.375193  0.549831  0.495716  0.526465  0.484111  0.377193  0.391283  0.495542  0.251016  0.374429  0.486711  0.290457  0.464412  0.526214  0.299028  0.577538  0.398491  0.204115  0.539109  0.534767  0.502166  0.498130  0.348623  0.460812  0.534022  0.421515  0.458332  0.472526  0.322226  0.435952  0.554179  0.511569  0.540373  0.423955  0.349454  0.229922  0.421073  0.438564  0.580302  0.414029  0.346462  0.533913  0.601869  0.450393  0.453572  0.352813  0.440940  0.473581  0.431666  0.469590  0.790526  0.537590  0.520390  0.479753  0.460145  0.555418  0.501630  0.492167  0.408213  0.301407  0.533169  0.532827  0.552965  0.594304  0.642818  0.652834  0.477468  0.372444  0.477188  0.515317  0.822199  0.425059  0.445016  0.467456  0.495857  0.458909  0.479355  0.537414  0.796494  0.482012  0.690756  0.425528  0.499263  0.381077  0.393524  0.802731  0.441676  0.502497  0.470408  0.450966  0.494581  0.446283  0.381825  0.395425  0.438446  0.523503  0.609168  0.356987  0.507574  0.534471  0.345013  0.114552  0.486691  0.410037  0.503911  0.521489  0.465096  0.385834  0.470305  0.394730  0.516677  0.441500  0.755707  0.862743  0.507904  0.530144  0.571133  0.686540  0.573178  0.455958  0.445208  0.445159  0.514032  0.452809  0.508757  0.474734  0.485648  0.389798  0.432104  0.394030  0.383972  0.759995  0.365212  0.561742  0.426210  0.673246  0.419592  0.429104  0.482887  0.531958  0.675273  0.455331  0.521191  0.382060  0.404763  0.525996  0.390894  0.649042  0.506832  0.513938  0.520162  0.601141  0.362784  0.650103  0.477227  0.484214  0.453652  0.480552  0.552841  0.491773 
1  0.474101 0.0  0.407709  0.393077  0.524937  0.426139  0.482851  0.436688  0.395053  0.464859  0.704978  0.392411  0.312816  0.358236  0.614042  0.330322  0.306693  0.306329  0.543878  0.520529  0.511535  0.340074  0.365319  0.372065  0.713316  0.469410  0.354872  0.439758  0.761893  0.475628  0.379229  0.368078  0.830756  0.390431  0.320687  0.274791  0.484380  0.441341  0.669262  0.361814  0.413730  0.407808  0.341916  0.389594  0.440591  0.475268  0.263054  0.465149  0.500768  0.341697  0.543572  0.420756  0.588879  0.364549  0.364250  0.375697  0.413859  0.273993  0.505740  0.426025  0.413795  0.438503  0.458574  0.403268  0.415366  0.395240  0.340971  0.394735  0.340504  0.635403  0.504208  0.303560  0.394735  0.376056  0.246535  0.437870  0.533554  0.429101  0.403937  0.420144  0.439583  0.399020  0.460817  0.386060  0.433156  0.388049  0.358904  0.541564  0.452932  0.348880  0.310509  0.349818  0.403146  0.406108  0.322845  0.442404  0.387176  0.453576  0.389915  0.411005  0.483639  0.715454  0.755464  0.495732  0.405498  0.472912  0.434093  0.800294  0.449463  0.460684  0.365680  0.645417  0.328596  0.457671  0.484148  0.724183  0.471356  0.660086  0.456557  0.512707  0.296492  0.515550  0.671325  0.364115  0.273046  0.519578  0.467302  0.503714  0.466743  0.400108  0.533278  0.454221  0.319688  0.510410  0.367776  0.548040  0.398862  0.430153  0.499287  0.419152  0.362216  0.599114  0.503154  0.302041  0.349651  0.366634  0.279504  0.356867  0.297870  0.569617  0.783552  0.398603  0.368382  0.327238  0.643301  0.500836  0.357288  0.320678  0.482775  0.389328  0.429341  0.435863  0.430737  0.400690  0.376703  0.301594  0.340656  0.430175  0.700743  0.438872  0.503055  0.552039  0.697068  0.359085  0.407668  0.390351  0.386597  0.658412  0.335935  0.342060  0.522822  0.392861  0.415765  0.500189  0.858759  0.386168  0.448275  0.557654  0.762045  0.449898  0.743302  0.503874  0.392800  0.554097  0.313662  0.506040  0.425253 
2  0.426908  0.407709 0.0  0.585383  0.486203  0.474197  0.499089  0.171212  0.229038  0.489936  0.769010  0.312944  0.266989  0.361827  0.605697  0.269831  0.302353  0.331324  0.494762  0.624127  0.540155  0.403683  0.268160  0.303219  0.555061  0.267217  0.322605  0.265509  0.702246  0.483195  0.264570  0.322867  0.689183  0.446411  0.273321  0.311437  0.420277  0.545094  0.535228  0.263969  0.412154  0.508238  0.285536  0.400666  0.444488  0.509361  0.278839  0.389839  0.430721  0.222995  0.533221  0.447027  0.530892  0.302148  0.500433  0.472102  0.441233  0.324713  0.500161  0.407324  0.265741  0.308486  0.381900  0.306351  0.339478  0.250425  0.305063  0.286171  0.296070  0.564163  0.398039  0.355086  0.365345  0.274461  0.429230  0.285778  0.517763  0.481135  0.412126  0.249071  0.291443  0.391755  0.498499  0.439743  0.473037  0.221082  0.298829  0.578026  0.259396  0.355239  0.316250  0.274206  0.310696  0.302079  0.401907  0.383893  0.467704  0.447322  0.353168  0.316244  0.520107  0.866899  0.786942  0.546847  0.216783  0.240341  0.396212  0.814347  0.482385  0.498262  0.283080  0.476753  0.223317  0.333580  0.399083  0.684114  0.398267  0.795067  0.235893  0.256047  0.168319  0.541099  0.651396  0.376284  0.413270  0.541990  0.328760  0.448449  0.350677  0.406165  0.381471  0.434693  0.316800  0.569388  0.221089  0.531313  0.230922  0.297091  0.433659  0.226087  0.202892  0.590137  0.371475  0.230864  0.376334  0.476762  0.474588  0.407648  0.363883  0.591141  0.680416  0.409405  0.425521  0.292464  0.634439  0.366215  0.265402  0.418895  0.385630  0.275061  0.289734  0.367050  0.351906  0.251130  0.275103  0.384935  0.510449  0.375073  0.731133  0.527247  0.320453  0.500559  0.667888  0.336154  0.356058  0.250668  0.281866  0.611654  0.265384  0.354996  0.488608  0.281882  0.322615  0.423307  0.770181  0.421368  0.236834  0.656971  0.755435  0.612937  0.811487  0.313186  0.509351  0.356031  0.331772  0.508680  0.360267 
3  0.249790  0.393077  0.585383 0.0  0.227442  0.323815  0.224033  0.477136  0.425220  0.653392  0.707300  0.450236  0.374965  0.528940  0.578360  0.530228  0.389656  0.613970  0.285923  0.563411  0.471105  0.498648  0.581713  0.621097  0.700954  0.578434  0.519036  0.429375  0.617599  0.492583  0.441997  0.460185  0.734977  0.601469  0.379414  0.466473  0.480576  0.533180  0.618049  0.460816  0.553431  0.499991  0.526328  0.406661  0.421014  0.342486  0.432489  0.461825  0.397160  0.498097  0.605856  0.446487  0.636192  0.488646  0.274709  0.546243  0.521529  0.492842  0.451023  0.374603  0.362210  0.495718  0.555561  0.509485  0.418244  0.514366  0.520915  0.408761  0.504755  0.758068  0.470851  0.458826  0.304867  0.552890  0.535385  0.531303  0.415068  0.492862  0.520142  0.388861  0.396015  0.595326  0.426521  0.444988  0.518439  0.452658  0.404637  0.722263  0.491195  0.518321  0.509114  0.453356  0.472139  0.489543  0.504754  0.577272  0.234612  0.560809  0.489242  0.437801  0.623197  0.567710  0.776290  0.480135  0.491353  0.474050  0.484059  0.764836  0.538860  0.548591  0.640075  0.525045  0.458976  0.436451  0.483917  0.722220  0.507571  0.742127  0.422910  0.438816  0.455399  0.482746  0.836288  0.637091  0.507933  0.519029  0.596261  0.581195  0.537833  0.380041  0.552567  0.492643  0.523788  0.564765  0.343788  0.456989  0.638477  0.470974  0.099898  0.460782  0.428312  0.499468  0.378634  0.476913  0.528710  0.443515  0.567129  0.508464  0.460642  0.726102  0.733551  0.431178  0.580423  0.474568  0.773467  0.583458  0.528116  0.545069  0.371956  0.473012  0.549088  0.508797  0.604208  0.532663  0.520403  0.508176  0.448625  0.270121  0.687273  0.421094  0.592654  0.369091  0.739994  0.451458  0.415788  0.493798  0.534193  0.649494  0.537920  0.403880  0.662435  0.472242  0.439398  0.560162  0.705524  0.488323  0.497467  0.660925  0.720991  0.407132  0.685425  0.518607  0.399580  0.440184  0.435806  0.527776  0.463030 
4  0.259522  0.524937  0.486203  0.227442 0.0  0.199568  0.289682  0.444992  0.590472  0.548390  0.823603  0.362493  0.514709  0.466572  0.598078  0.571444  0.448629  0.501250  0.225124  0.593217  0.399570  0.441394  0.476520  0.455342  0.696428  0.541602  0.492257  0.497670  0.672952  0.480238  0.565213  0.468426  0.751493  0.488849  0.350999  0.482684  0.584024  0.430478  0.518636  0.470819  0.656301  0.527505  0.532255  0.357603  0.473400  0.184655  0.448918  0.555203  0.264105  0.544150  0.461002  0.332063  0.581576  0.318510  0.265476  0.438209  0.513344  0.494141  0.489893  0.362282  0.413375  0.489804  0.584026  0.536174  0.486706  0.535081  0.500885  0.421307  0.365061  0.558372  0.576050  0.465711  0.285196  0.490242  0.448865  0.499771  0.454576  0.432067  0.544366  0.531951  0.510548  0.427597  0.441640  0.510525  0.429639  0.490983  0.489229  0.712942  0.591327  0.447780  0.485849  0.447256  0.491025  0.503851  0.520271  0.451917  0.306774  0.515013  0.478232  0.468190  0.488428  0.748079  0.666736  0.577605  0.472325  0.516669  0.411653  0.751568  0.467982  0.387888  0.388964  0.564120  0.430765  0.530860  0.593373  0.711586  0.474341  0.788915  0.443850  0.464543  0.525703  0.476275  0.793874  0.580220  0.576649  0.378551  0.495706  0.475555  0.513413  0.499942  0.648748  0.486508  0.571766  0.497314  0.457875  0.581211  0.473945  0.383079  0.256775  0.524753  0.485055  0.528843  0.472960  0.542931  0.415861  0.475026  0.475399  0.536259  0.448931  0.723050  0.739442  0.521900  0.516827  0.551325  0.604456  0.551322  0.557187  0.527580  0.631667  0.556013  0.473916  0.446130  0.611725  0.636609  0.451598  0.526189  0.485768  0.311120  0.583130  0.528467  0.617613  0.407304  0.691609  0.597995  0.528987  0.492120  0.499381  0.619866  0.492589  0.471312  0.594665  0.478040  0.622708  0.418997  0.660186  0.538570  0.450715  0.659893  0.683754  0.431420  0.645606  0.523287  0.339973  0.602988  0.357886  0.512877  0.493633 
5  0.375376  0.426139  0.474197  0.323815  0.199568 0.0  0.129788  0.558978  0.433386  0.399622  0.639105  0.452017  0.452432  0.599764  0.590270  0.456450  0.388979  0.469579  0.326617  0.509017  0.462660  0.395605  0.439856  0.488813  0.744707  0.485113  0.520098  0.552531  0.744802  0.424990  0.482701  0.542935  0.657737  0.429586  0.459687  0.418159  0.379444  0.415282  0.555348  0.488091  0.545175  0.372493  0.435229  0.367661  0.388106  0.125234  0.451910  0.505827  0.311392  0.513673  0.629840  0.343082  0.601949  0.499251  0.329297  0.570698  0.408663  0.438601  0.484971  0.295469  0.512915  0.651892  0.481023  0.442252  0.472939  0.530455  0.443973  0.408645  0.446639  0.519741  0.524757  0.391225  0.400546  0.431245  0.445702  0.467352  0.387960  0.543972  0.458964  0.606640  0.488671  0.460104  0.393642  0.463425  0.379140  0.515389  0.462858  0.635309  0.477750  0.432588  0.491986  0.384476  0.405122  0.409117  0.449560  0.376019  0.247953  0.422857  0.526815  0.427982  0.490299  0.759124  0.844528  0.487728  0.447355  0.439721  0.496717  0.735627  0.342403  0.372035  0.546996  0.550545  0.332105  0.513586  0.387994  0.719437  0.472642  0.749233  0.375885  0.396026  0.424759  0.393659  0.746995  0.488421  0.545316  0.455019  0.570544  0.572394  0.534625  0.405361  0.518301  0.424317  0.587363  0.568915  0.464225  0.455229  0.506742  0.357678  0.303795  0.488342  0.557466  0.527464  0.474588  0.439395  0.475674  0.547899  0.370121  0.473327  0.433927  0.746051  0.793699  0.551478  0.513026  0.406220  0.681947  0.626278  0.474693  0.544906  0.444571  0.530709  0.472017  0.477531  0.421937  0.419374  0.413484  0.489052  0.403229  0.386879  0.689156  0.479681  0.530973  0.405817  0.639879  0.550313  0.504618  0.507273  0.352583  0.675358  0.416334  0.301041  0.533882  0.385062  0.598872  0.426078  0.643698  0.356745  0.527424  0.541716  0.718912  0.393544  0.768428  0.582877  0.460960  0.391008  0.471784  0.487468  0.493057 
6  0.248047  0.482851  0.499089  0.224033  0.289682  0.129788 0.0  0.445842  0.556411  0.511400  0.735866  0.508869  0.535133  0.497035  0.591286  0.511143  0.452443  0.494776  0.277524  0.520179  0.459346  0.577191  0.491236  0.467646  0.779338  0.515072  0.540329  0.447553  0.675847  0.551298  0.504560  0.523679  0.676040  0.567891  0.339494  0.446773  0.460352  0.527626  0.631184  0.397173  0.553537  0.526430  0.486175  0.517840  0.487535  0.231655  0.435623  0.616494  0.252947  0.513118  0.529578  0.420423  0.675684  0.395042  0.208487  0.582513  0.490859  0.498721  0.405364  0.388008  0.442169  0.522066  0.429368  0.507771  0.481465  0.594677  0.510528  0.429581  0.451395  0.509701  0.501107  0.480853  0.379092  0.488306  0.483794  0.551007  0.411166  0.438118  0.545549  0.456404  0.537196  0.530528  0.399599  0.429128  0.437274  0.405829  0.592097  0.649870  0.570466  0.485774  0.508626  0.432341  0.581866  0.537097  0.494489  0.484924  0.222128  0.555827  0.455382  0.535952  0.482625  0.650587  0.755137  0.465291  0.509984  0.454530  0.535770  0.800325  0.572278  0.474515  0.453128  0.495745  0.526101  0.488845  0.474281  0.749937  0.478855  0.763282  0.521125  0.462615  0.402697  0.470831  0.725633  0.554727  0.552828  0.462501  0.404846  0.587051  0.532773  0.462043  0.634933  0.522710  0.482871  0.599546  0.352012  0.553431  0.564885  0.517350  0.239696  0.554403  0.577238  0.504739  0.459537  0.520589  0.401281  0.589273  0.492766  0.437250  0.442363  0.723734  0.742271  0.503783  0.545418  0.485903  0.718684  0.567313  0.570765  0.486563  0.518547  0.598528  0.460047  0.532001  0.560233  0.500733  0.533349  0.469420  0.437485  0.334363  0.650395  0.446501  0.524142  0.422862  0.731854  0.490828  0.548789  0.469168  0.490259  0.725804  0.517774  0.464792  0.539840  0.520676  0.554990  0.479323  0.769588  0.566418  0.441512  0.530324  0.659717  0.457793  0.717553  0.548125  0.491314  0.513943  0.490395  0.512320  0.505339 
7  0.469309  0.436688  0.171212  0.477136  0.444992  0.558978  0.445842 0.0  0.322463  0.489180  0.749558  0.283654  0.208986  0.328656  0.614504  0.359837  0.200223  0.330978  0.551609  0.540553  0.440066  0.310541  0.293878  0.335835  0.663906  0.248240  0.347792  0.243972  0.648889  0.433069  0.305937  0.375429  0.686735  0.521024  0.226602  0.256727  0.459408  0.473472  0.622767  0.241156  0.292669  0.467138  0.273962  0.348271  0.264604  0.422762  0.284473  0.352117  0.389536  0.290734  0.563693  0.439972  0.525989  0.263226  0.452658  0.578578  0.479802  0.361562  0.441506  0.349262  0.478945  0.319654  0.337180  0.312341  0.250100  0.325258  0.342592  0.322526  0.390395  0.501979  0.321681  0.416389  0.384812  0.346970  0.299741  0.327421  0.416787  0.366315  0.377897  0.353520  0.210200  0.305740  0.497561  0.516940  0.395133  0.261234  0.308724  0.682796  0.404637  0.315325  0.324527  0.339333  0.349144  0.321131  0.290645  0.239730  0.354102  0.389805  0.327335  0.222640  0.567800  0.806786  0.727340  0.508035  0.322375  0.198442  0.434280  0.794167  0.419880  0.372332  0.222753  0.493816  0.222526  0.273414  0.257758  0.746943  0.336655  0.764505  0.175107  0.378834  0.275593  0.424822  0.709591  0.280028  0.539047  0.424137  0.322271  0.487008  0.311956  0.447393  0.409876  0.414917  0.250322  0.591299  0.276948  0.400270  0.380481  0.237807  0.373162  0.248044  0.142627  0.530355  0.345846  0.356473  0.365331  0.412383  0.460326  0.321814  0.315581  0.531596  0.664769  0.275036  0.380988  0.309540  0.614084  0.294693  0.380127  0.360802  0.362781  0.397874  0.301299  0.295402  0.391376  0.456132  0.424847  0.309229  0.389235  0.509813  0.800692  0.629346  0.392465  0.415460  0.704169  0.414592  0.346077  0.340068  0.251247  0.584208  0.242774  0.313320  0.556007  0.219466  0.251908  0.518687  0.750880  0.367434  0.289659  0.613397  0.766562  0.386776  0.721433  0.481799  0.485913  0.435332  0.261229  0.563517  0.318062 
8  0.512605  0.395053  0.229038  0.425220  0.590472  0.433386  0.556411  0.322463 0.0  0.524429  0.649127  0.370105  0.305645  0.216040  0.544685  0.298190  0.419677  0.376301  0.390868  0.606664  0.471777  0.368354  0.222351  0.331147  0.719498  0.152855  0.250756  0.176912  0.701113  0.450933  0.398257  0.301190  0.730637  0.444174  0.443056  0.390318  0.455051  0.491404  0.641252  0.410722  0.311842  0.589315  0.320223  0.372948  0.384226  0.494736  0.315047  0.387025  0.421096  0.223556  0.508294  0.455723  0.572144  0.265849  0.515948  0.474189  0.527357  0.214739  0.515471  0.456012  0.350170  0.348178  0.376272  0.349779  0.375766  0.338751  0.344280  0.275191  0.387992  0.515035  0.343445  0.362303  0.453247  0.408662  0.316567  0.333935  0.528980  0.492384  0.324083  0.461129  0.328208  0.291288  0.478393  0.471961  0.528305  0.236123  0.316635  0.699493  0.371412  0.289069  0.326085  0.234223  0.413844  0.400037  0.387797  0.348987  0.473746  0.463082  0.346672  0.365376  0.419199  0.673488  0.773340  0.482822  0.296104  0.171734  0.474835  0.681938  0.461500  0.502701  0.345696  0.527074  0.192779  0.228647  0.382022  0.706349  0.428824  0.760164  0.128137  0.305819  0.254049  0.490921  0.773406  0.378699  0.364691  0.516686  0.342691  0.496838  0.314316  0.498181  0.405250  0.393164  0.410210  0.493888  0.302389  0.439239  0.381980  0.261296  0.465299  0.395149  0.208411  0.531772  0.363409  0.294043  0.399483  0.487816  0.343281  0.394474  0.360160  0.663997  0.891217  0.265692  0.357277  0.361219  0.752721  0.361314  0.186249  0.307200  0.361076  0.306396  0.241875  0.392221  0.263452  0.356067  0.379153  0.343725  0.469216  0.386280  0.839073  0.445992  0.302996  0.474602  0.765643  0.436792  0.279877  0.363505  0.376103  0.650588  0.251631  0.290497  0.655048  0.417100  0.354790  0.434598  0.830036  0.333515  0.245825  0.664521  0.683414  0.483956  0.760332  0.364353  0.371578  0.281067  0.321381  0.443447  0.441899 
9  0.580147  0.464859  0.489936  0.653392  0.548390  0.399622  0.511400  0.489180  0.524429 0.0  0.685525  0.457724  0.471185  0.474097  0.633887  0.583111  0.435167  0.509372  0.491366  0.625060  0.469410  0.483751  0.440164  0.387193  0.725021  0.479160  0.532890  0.499001  0.647142  0.428431  0.642446  0.557492  0.780931  0.262327  0.332357  0.496444  0.394053  0.426841  0.676415  0.523634  0.474228  0.379285  0.414230  0.463358  0.463738  0.455216  0.492172  0.516903  0.459293  0.529569  0.620774  0.454592  0.489518  0.330966  0.494219  0.188059  0.214427  0.458886  0.608520  0.489459  0.536472  0.481637  0.487225  0.574557  0.539958  0.529019  0.531265  0.427163  0.476281  0.669146  0.529147  0.405147  0.284443  0.455160  0.500409  0.660068  0.453480  0.432475  0.495004  0.485841  0.540732  0.547848  0.589755  0.549129  0.492662  0.546694  0.465056  0.731128  0.593346  0.547805  0.491779  0.484040  0.451496  0.514389  0.529205  0.380299  0.499453  0.306460  0.509645  0.533028  0.229602  0.747978  0.840788  0.360844  0.430461  0.560868  0.285268  0.883792  0.281834  0.196226  0.465601  0.241985  0.566178  0.390325  0.512776  0.855003  0.593557  0.880659  0.376070  0.391193  0.339777  0.384470  0.752066  0.568545  0.530788  0.362786  0.572828  0.211506  0.465610  0.453212  0.561756  0.269018  0.435673  0.615876  0.425004  0.214661  0.528002  0.483247  0.544252  0.511845  0.546953  0.462296  0.603306  0.453709  0.472673  0.222191  0.363431  0.393215  0.515966  0.650914  0.665914  0.587650  0.458465  0.558400  0.719495  0.581800  0.565978  0.541288  0.537621  0.548855  0.435440  0.423777  0.467579  0.553047  0.398388  0.451209  0.337670  0.448379  0.835566  0.408921  0.573700  0.427128  0.739309  0.516770  0.417717  0.542775  0.547276  0.719999  0.459139  0.341588  0.671584  0.480807  0.511609  0.217744  0.887850  0.524735  0.400578  0.458868  0.810038  0.253314  0.753988  0.645869  0.502151  0.538892  0.425524  0.295208  0.539364 
10  0.722599  0.704978  0.769010  0.707300  0.823603  0.639105  0.735866  0.749558  0.649127  0.685525 0.0  0.768766  0.763126  0.820872  0.704885  0.767999  0.930201  0.745597  0.687160  0.654271  0.808647  0.666791  0.717712  0.762151  0.556360  0.740825  0.877117  0.741773  0.460322  0.808618  0.826159  0.805886  0.558097  0.717795  0.608779  0.762459  0.765905  0.678117  0.887719  0.790034  0.893989  0.809813  0.749091  0.758731  0.770369  0.618669  0.734301  0.918912  0.741774  0.826701  0.695471  0.712528  0.854841  0.753493  0.820230  0.808615  0.808706  0.697684  0.619157  0.737619  0.801420  0.869216  0.747527  0.801935  0.849743  0.828019  0.793719  0.727195  0.776914  0.725459  0.823629  0.888509  0.578570  0.723496  0.871032  0.865248  0.631803  0.641880  0.880385  0.836249  0.811569  0.788959  0.692048  0.668157  0.802022  0.847907  0.750426  0.636623  0.865338  0.860481  0.777889  0.807878  0.872182  0.818046  0.803035  0.776392  0.786851  0.790111  0.868938  0.752968  0.755117  0.599795  0.125094  0.809307  0.814872  0.800200  0.796885  0.419748  0.796522  0.834317  0.899316  0.759078  0.725191  0.779565  0.788941  0.154144  0.823036  0.174411  0.796692  0.867510  0.728959  0.698079  0.708310  0.856808  0.837123  0.740289  0.880098  0.918275  0.840414  0.708415  0.911174  0.767189  0.750593  0.710258  0.771394  0.779551  0.861461  0.838535  0.676639  0.890351  0.826770  0.849094  0.827283  0.679006  0.734363  0.784051  0.721598  0.829956  0.757629  0.644217  0.772784  0.883936  0.855646  0.858432  0.809315  0.839490  0.826015  0.772550  0.821876  0.827969  0.699132  0.712453  0.828300  0.827360  0.895744  0.772937  0.767893  0.692063  0.406604  0.709202  0.986428  0.713458  0.296700  0.866093  0.858561  0.776483  0.797738  0.700589  0.831202  0.853062  0.843027  0.763418  0.886560  0.749174  0.094913  0.835835  0.706160  0.708705  0.493955  0.686046  0.178558  0.949301  0.725114  0.741777  0.811289  0.890133  0.972641 
11  0.455160  0.392411  0.312944  0.450236  0.362493  0.452017  0.508869  0.283654  0.370105  0.457724  0.768766 0.0  0.288935  0.364683  0.714146  0.241845  0.306607  0.260725  0.549861  0.609784  0.432794  0.459335  0.166766  0.167529  0.779016  0.219591  0.199965  0.213742  0.757065  0.427485  0.247998  0.331135  0.710727  0.388806  0.408906  0.336535  0.434815  0.594400  0.671307  0.221303  0.279894  0.393932  0.247094  0.321588  0.418301  0.491740  0.314983  0.335652  0.480845  0.184986  0.521194  0.523918  0.611458  0.189763  0.413095  0.461337  0.394366  0.323341  0.451758  0.451776  0.382110  0.276829  0.278000  0.243766  0.366224  0.287143  0.354465  0.361607  0.367389  0.549987  0.235464  0.365112  0.464521  0.398167  0.378855  0.322828  0.484260  0.362939  0.328628  0.348063  0.413403  0.319227  0.511030  0.447520  0.476834  0.262535  0.272937  0.754767  0.175842  0.249923  0.191732  0.160785  0.166674  0.378255  0.333195  0.226273  0.519070  0.460074  0.411713  0.204103  0.457085  0.702060  0.882898  0.461099  0.315362  0.291397  0.519931  0.806097  0.503193  0.459325  0.251692  0.576446  0.309030  0.231266  0.310468  0.735993  0.266905  0.840780  0.286908  0.212331  0.379007  0.545821  0.662498  0.259815  0.285510  0.447271  0.295760  0.535041  0.243820  0.510148  0.347391  0.525893  0.318908  0.638947  0.197491  0.486415  0.305331  0.264437  0.422171  0.332379  0.230819  0.538971  0.283111  0.310246  0.330859  0.350735  0.267525  0.454796  0.443171  0.682657  0.677394  0.362929  0.221153  0.275642  0.614008  0.432071  0.288921  0.382692  0.241766  0.385158  0.206592  0.183671  0.357573  0.251566  0.311487  0.235902  0.533055  0.337394  0.764641  0.528835  0.399604  0.482866  0.797750  0.363491  0.255936  0.235192  0.257049  0.514046  0.335813  0.417879  0.489795  0.165376  0.324901  0.583663  0.748420  0.340245  0.315003  0.659610  0.674937  0.438213  0.758231  0.245037  0.422614  0.394710  0.376144  0.473069  0.371726 
12  0.468496  0.312816  0.266989  0.374965  0.514709  0.452432  0.535133  0.208986  0.305645  0.471185  0.763126  0.288935 0.0  0.285422  0.565170  0.264368  0.294027  0.248885  0.578014  0.486308  0.538891  0.439114  0.290489  0.238145  0.632457  0.172360  0.222130  0.326583  0.639572  0.524475  0.327872  0.199008  0.709616  0.403069  0.326163  0.321533  0.433593  0.505567  0.584971  0.158028  0.273139  0.500177  0.270616  0.378541  0.260316  0.562452  0.295159  0.262909  0.459956  0.284539  0.619091  0.546662  0.552141  0.328079  0.402383  0.358122  0.403532  0.281838  0.438150  0.515619  0.503942  0.328303  0.271252  0.232800  0.245194  0.172021  0.250103  0.333992  0.456639  0.683473  0.296227  0.402110  0.375406  0.387433  0.315740  0.374934  0.502807  0.398550  0.302052  0.283005  0.313776  0.225499  0.493350  0.424550  0.464127  0.188378  0.230310  0.659483  0.203417  0.242130  0.208455  0.153458  0.196577  0.239943  0.262594  0.337725  0.424217  0.526552  0.353147  0.225049  0.423778  0.769374  0.728356  0.480463  0.217166  0.365734  0.552408  0.772989  0.508626  0.446441  0.263102  0.450623  0.351440  0.204153  0.261890  0.760938  0.310550  0.743205  0.328343  0.254249  0.349676  0.523215  0.796739  0.297056  0.313031  0.404589  0.322818  0.484371  0.202035  0.506490  0.259986  0.469866  0.277864  0.614572  0.160383  0.468689  0.376245  0.367360  0.429315  0.336368  0.376452  0.591111  0.316004  0.321995  0.265160  0.484971  0.339668  0.379866  0.386825  0.568955  0.850178  0.311106  0.281182  0.340675  0.667606  0.363502  0.287728  0.235841  0.315596  0.321119  0.195686  0.157720  0.241086  0.328388  0.249952  0.283127  0.396904  0.472116  0.834174  0.534835  0.429005  0.555980  0.811390  0.250757  0.360703  0.188447  0.170666  0.599739  0.293424  0.226868  0.572303  0.198751  0.295628  0.538513  0.790909  0.211114  0.322569  0.546557  0.786559  0.531365  0.647879  0.371487  0.425847  0.238559  0.422175  0.420686  0.322202 
13  0.418308  0.358236  0.361827  0.528940  0.466572  0.599764  0.497035  0.328656  0.216040  0.474097  0.820872  0.364683  0.285422 0.0  0.660979  0.247158  0.340269  0.274477  0.524444  0.515411  0.516899  0.425207  0.233703  0.206595  0.753035  0.158368  0.308085  0.281571  0.730677  0.625841  0.273401  0.186528  0.801390  0.521306  0.472912  0.326203  0.554718  0.579004  0.650094  0.292105  0.241182  0.475071  0.396007  0.392196  0.372363  0.513982  0.366119  0.300382  0.418421  0.188864  0.657875  0.383818  0.540062  0.298207  0.489760  0.399647  0.522339  0.463177  0.538259  0.484669  0.433643  0.193443  0.228077  0.213809  0.202432  0.391903  0.287685  0.455183  0.359976  0.672664  0.346300  0.389004  0.383448  0.407755  0.413069  0.243047  0.466165  0.580143  0.235904  0.143214  0.245843  0.288189  0.523398  0.549576  0.581425  0.290367  0.152627  0.601785  0.264337  0.249049  0.269227  0.184001  0.264241  0.319114  0.223231  0.289438  0.497380  0.605563  0.341416  0.169865  0.493520  0.820777  0.725700  0.489414  0.274653  0.349244  0.430811  0.802519  0.501255  0.483510  0.377139  0.479332  0.237035  0.221205  0.351993  0.805471  0.222459  0.782905  0.291061  0.298878  0.399874  0.570878  0.689938  0.189939  0.262214  0.460584  0.293542  0.425279  0.328962  0.523487  0.252998  0.413829  0.265009  0.602444  0.301752  0.326118  0.174254  0.285828  0.545558  0.196387  0.338466  0.570312  0.176484  0.391376  0.417857  0.523141  0.424250  0.483276  0.402908  0.691198  0.634771  0.158704  0.231750  0.166900  0.673124  0.285996  0.356270  0.250896  0.127686  0.263379  0.253698  0.247090  0.278055  0.273517  0.286225  0.256356  0.443024  0.480155  0.783181  0.537006  0.305508  0.588250  0.860566  0.283928  0.261102  0.187056  0.332659  0.577325  0.396695  0.303655  0.504019  0.264073  0.283489  0.550863  0.744937  0.209196  0.326655  0.555606  0.745758  0.533613  0.908696  0.313066  0.565518  0.275242  0.499833  0.440027  0.261388 
14  0.528726  0.614042  0.605697  0.578360  0.598078  0.590270  0.591286  0.614504  0.544685  0.633887  0.704885  0.714146  0.565170  0.660979 0.0  0.575264  0.587122  0.615843  0.550811  0.436810  0.607081  0.590549  0.623986  0.700505  0.768737  0.704731  0.539338  0.592607  0.734869  0.646413  0.661341  0.654439  0.767196  0.626649  0.410533  0.468199  0.520666  0.458251  0.317056  0.514833  0.597683  0.520208  0.565280  0.561412  0.559450  0.529083  0.579229  0.734633  0.521866  0.646769  0.526228  0.586946  0.554461  0.574137  0.568717  0.688497  0.619868  0.592970  0.500024  0.669567  0.578857  0.660690  0.586481  0.654360  0.684861  0.646092  0.630069  0.617285  0.615144  0.589358  0.608679  0.602199  0.421816  0.564599  0.594898  0.696321  0.504445  0.566426  0.678002  0.615383  0.651185  0.694984  0.597477  0.583449  0.609457  0.618708  0.574299  0.680167  0.657368  0.706744  0.551216  0.628854  0.721819  0.708697  0.618967  0.601341  0.620637  0.702129  0.629975  0.741454  0.645576  0.771093  0.640511  0.586581  0.666854  0.577377  0.578699  0.649426  0.563873  0.633105  0.584961  0.586407  0.569500  0.734973  0.658391  0.760113  0.720952  0.675508  0.698160  0.666162  0.657672  0.531054  0.875280  0.718169  0.708671  0.588825  0.613074  0.698506  0.669305  0.515247  0.669185  0.671383  0.671261  0.356404  0.585076  0.631903  0.593000  0.616979  0.672070  0.648567  0.656385  0.340672  0.662564  0.611130  0.730595  0.675416  0.624595  0.549217  0.539303  0.724764  0.862006  0.713480  0.761441  0.714888  0.720370  0.618356  0.692190  0.724188  0.635537  0.690477  0.732030  0.731091  0.704864  0.684771  0.686164  0.599790  0.628759  0.492618  0.654157  0.603739  0.624599  0.595402  0.705172  0.599029  0.573583  0.561596  0.578536  0.805363  0.626701  0.588902  0.327943  0.655080  0.655910  0.679584  0.691979  0.683488  0.525296  0.469351  0.603795  0.556706  0.687982  0.617033  0.621839  0.584483  0.586522  0.704931  0.769949 
15  0.435714  0.330322  0.269831  0.530228  0.571444  0.456450  0.511143  0.359837  0.298190  0.583111  0.767999  0.241845  0.264368  0.247158  0.575264 0.0  0.470591  0.243953  0.615838  0.544669  0.564651  0.428780  0.337986  0.246361  0.756739  0.350072  0.251909  0.212446  0.817386  0.610966  0.214929  0.220996  0.845770  0.431363  0.311142  0.377265  0.486796  0.498782  0.784027  0.369788  0.154541  0.546357  0.332432  0.357438  0.262734  0.552365  0.318796  0.278935  0.476018  0.214650  0.615221  0.488737  0.534323  0.375976  0.456304  0.456693  0.402372  0.334814  0.555490  0.530381  0.364476  0.267934  0.242448  0.229594  0.245692  0.186301  0.248045  0.388554  0.477859  0.533077  0.283616  0.401735  0.342498  0.443603  0.436961  0.205131  0.466480  0.539455  0.317424  0.270530  0.231803  0.260070  0.574197  0.550970  0.469276  0.211464  0.183443  0.649483  0.118283  0.353062  0.268193  0.277041  0.171004  0.223513  0.225353  0.252652  0.415949  0.560786  0.299157  0.228344  0.453546  0.787795  0.954640  0.425290  0.192006  0.314379  0.540909  0.735976  0.560687  0.573420  0.160000  0.467391  0.286525  0.365723  0.253529  0.886013  0.261131  0.784779  0.296668  0.236772  0.380905  0.550992  0.644762  0.306995  0.342413  0.545828  0.322586  0.511967  0.294825  0.405592  0.311560  0.416500  0.247498  0.604107  0.343189  0.332044  0.290769  0.314070  0.588514  0.151133  0.289019  0.532390  0.266218  0.276999  0.461983  0.528686  0.417473  0.428036  0.404021  0.538335  0.748462  0.194136  0.288433  0.214452  0.577464  0.393306  0.295909  0.207662  0.185699  0.349605  0.319803  0.272327  0.279972  0.213667  0.231758  0.225848  0.528536  0.488808  0.740280  0.558426  0.330953  0.467168  0.826029  0.284284  0.295761  0.208599  0.223858  0.725300  0.339330  0.328326  0.685513  0.258141  0.232687  0.373734  0.715602  0.318112  0.366112  0.674430  0.810394  0.526505  0.850077  0.158307  0.595247  0.274844  0.426757  0.534967  0.274379 
16  0.328709  0.306693  0.302353  0.389656  0.448629  0.388979  0.452443  0.200223  0.419677  0.435167  0.930201  0.306607  0.294027  0.340269  0.587122  0.470591 0.0  0.212316  0.519971  0.552769  0.454132  0.291910  0.358806  0.246535  0.674808  0.281041  0.302500  0.317517  0.718167  0.435809  0.365811  0.360366  0.667813  0.376918  0.386363  0.259506  0.494550  0.421877  0.548207  0.295722  0.415220  0.421748  0.314366  0.362022  0.291146  0.482492  0.353414  0.399726  0.361029  0.291958  0.528966  0.402071  0.503340  0.176206  0.530584  0.445405  0.467979  0.243572  0.537126  0.429936  0.206900  0.388665  0.272409  0.282624  0.421439  0.387548  0.241359  0.365937  0.257883  0.561356  0.440515  0.323418  0.323194  0.211700  0.306017  0.329493  0.503817  0.434856  0.422142  0.319151  0.411858  0.423550  0.438695  0.447761  0.416504  0.349315  0.318089  0.583727  0.328930  0.323909  0.316486  0.268123  0.423888  0.395513  0.403612  0.445934  0.367412  0.406150  0.323549  0.316567  0.473471  0.786943  0.800964  0.439759  0.232404  0.362478  0.360676  0.812752  0.453515  0.366969  0.275238  0.451501  0.233359  0.314642  0.505837  0.705183  0.359628  0.788502  0.282954  0.311330  0.300697  0.424721  0.768783  0.418692  0.386264  0.468817  0.438353  0.337559  0.395546  0.395718  0.399815  0.511529  0.387640  0.498237  0.230680  0.387886  0.307185  0.397768  0.494393  0.272167  0.247297  0.659993  0.390157  0.269939  0.182593  0.320846  0.196459  0.285691  0.321740  0.664301  0.744070  0.339602  0.428460  0.231981  0.645620  0.466258  0.421319  0.387430  0.267704  0.467727  0.384407  0.404140  0.515519  0.350390  0.366928  0.401328  0.437707  0.502910  0.755522  0.534571  0.481117  0.400661  0.778512  0.364346  0.419811  0.389220  0.239869  0.593167  0.345273  0.375157  0.558247  0.286236  0.292273  0.365308  0.838875  0.342731  0.356941  0.566308  0.696679  0.354854  0.832535  0.395767  0.347319  0.447570  0.296726  0.426304  0.328995 
17  0.450808  0.306329  0.331324  0.613970  0.501250  0.469579  0.494776  0.330978  0.376301  0.509372  0.745597  0.260725  0.248885  0.274477  0.615843  0.243953  0.212316 0.0  0.497009  0.513259  0.428315  0.257808  0.106174  0.224642  0.701582  0.300206  0.246522  0.276003  0.713012  0.451584  0.372708  0.256110  0.626672  0.451188  0.444290  0.264868  0.500081  0.478779  0.543514  0.203310  0.284875  0.440581  0.259303  0.375955  0.302100  0.359126  0.236798  0.279633  0.448809  0.261033  0.538639  0.624904  0.574519  0.337364  0.402891  0.408724  0.463561  0.316111  0.446841  0.459000  0.332372  0.296925  0.262821  0.231398  0.273601  0.344613  0.247387  0.264171  0.397956  0.517779  0.307214  0.348657  0.311092  0.353236  0.362203  0.145556  0.526452  0.531075  0.336480  0.247567  0.252299  0.136483  0.496390  0.484683  0.583895  0.114725  0.298061  0.599321  0.269351  0.259866  0.403102  0.168840  0.291524  0.172442  0.274489  0.355678  0.465899  0.486470  0.313653  0.289972  0.503112  0.723868  0.752426  0.628474  0.309582  0.188001  0.403648  0.790603  0.491830  0.498411  0.315276  0.542141  0.391021  0.214852  0.232243  0.810376  0.291170  0.841296  0.312600  0.187936  0.342214  0.450821  0.696527  0.201662  0.271164  0.527248  0.219089  0.409036  0.184519  0.427341  0.224278  0.368710  0.297063  0.561259  0.265818  0.468538  0.299706  0.268758  0.470583  0.243379  0.165677  0.469362  0.379920  0.283139  0.373840  0.404713  0.265501  0.325443  0.334543  0.539661  0.785125  0.291707  0.271330  0.242453  0.541714  0.431610  0.274773  0.312243  0.241344  0.290116  0.269898  0.108245  0.288103  0.190284  0.325896  0.241829  0.434248  0.405002  0.823516  0.467418  0.402132  0.492668  0.792029  0.283032  0.302451  0.345065  0.247356  0.616282  0.250547  0.159748  0.495987  0.235936  0.296343  0.456024  0.730135  0.312699  0.252186  0.591464  0.669398  0.443481  0.786438  0.306687  0.473320  0.303589  0.374821  0.587667  0.291862 
18  0.319372  0.543878  0.494762  0.285923  0.225124  0.326617  0.277524  0.551609  0.390868  0.491366  0.687160  0.549861  0.578014  0.524444  0.550811  0.615838  0.519971  0.497009 0.0  0.439594  0.533968  0.403027  0.409820  0.447166  0.761240  0.542634  0.513813  0.514413  0.683877  0.448507  0.507578  0.573869  0.747820  0.522893  0.358178  0.512373  0.471751  0.445090  0.592499  0.491612  0.518313  0.553393  0.432805  0.446781  0.422963  0.420840  0.474781  0.629833  0.381602  0.417487  0.579944  0.288960  0.519733  0.421322  0.301496  0.478992  0.409961  0.468210  0.468936  0.440453  0.430601  0.521731  0.425576  0.538254  0.548114  0.501673  0.552750  0.454359  0.450370  0.497688  0.545064  0.439887  0.422999  0.462973  0.473255  0.552907  0.383061  0.443102  0.474158  0.578318  0.576368  0.431170  0.407950  0.428923  0.440856  0.469971  0.587066  0.660707  0.539298  0.525632  0.560883  0.562164  0.508569  0.578640  0.568372  0.536163  0.200080  0.530697  0.417612  0.479048  0.588930  0.677232  0.729820  0.519556  0.531627  0.558477  0.517044  0.739422  0.471945  0.541760  0.534680  0.520453  0.540377  0.505623  0.487011  0.773270  0.560366  0.772083  0.500099  0.459385  0.443048  0.494650  0.711352  0.575225  0.715586  0.499822  0.534582  0.579396  0.589022  0.475970  0.661744  0.440270  0.588467  0.552867  0.511874  0.579953  0.587710  0.447219  0.257278  0.549041  0.402463  0.455218  0.525633  0.441581  0.427660  0.611446  0.487080  0.536074  0.471670  0.693649  0.701570  0.561746  0.513296  0.551223  0.643174  0.583923  0.508135  0.525919  0.510687  0.574728  0.572607  0.476251  0.602818  0.439608  0.477591  0.385489  0.557750  0.352785  0.711321  0.402037  0.557572  0.444591  0.746818  0.576243  0.535109  0.457201  0.622991  0.685475  0.471986  0.466067  0.524696  0.475834  0.525515  0.460515  0.713721  0.492563  0.545181  0.663127  0.570599  0.352759  0.740546  0.552009  0.468077  0.495269  0.432424  0.593301  0.603264 
19  0.571082  0.520529  0.624127  0.563411  0.593217  0.509017  0.520179  0.540553  0.606664  0.625060  0.654271  0.609784  0.486308  0.515411  0.436810  0.544669  0.552769  0.513259  0.439594 0.0  0.577383  0.609994  0.567235  0.589113  0.688470  0.641008  0.636656  0.543599  0.763048  0.617389  0.600970  0.703520  0.743220  0.680858  0.535596  0.555551  0.541979  0.440118  0.306924  0.584033  0.595490  0.589979  0.580572  0.549844  0.553300  0.635641  0.562550  0.676272  0.549129  0.616974  0.354816  0.628406  0.238438  0.455023  0.624969  0.567782  0.621193  0.639954  0.505719  0.705842  0.614294  0.611034  0.661120  0.608764  0.604027  0.625687  0.580211  0.583582  0.487694  0.596683  0.614551  0.621548  0.507974  0.634960  0.573655  0.592414  0.566499  0.533110  0.576407  0.588844  0.510052  0.643829  0.598462  0.681943  0.656331  0.575038  0.597406  0.680603  0.519076  0.601585  0.564336  0.436150  0.644032  0.722938  0.651339  0.574479  0.658195  0.651600  0.544719  0.534806  0.663214  0.769390  0.705865  0.575965  0.660978  0.521914  0.574740  0.761996  0.601813  0.614579  0.585300  0.678593  0.565952  0.520572  0.551109  0.717009  0.563044  0.652042  0.654093  0.480659  0.521758  0.649893  0.623902  0.776587  0.704663  0.685463  0.697086  0.619917  0.644468  0.549660  0.636871  0.527227  0.605109  0.247236  0.653598  0.582680  0.604275  0.603004  0.475735  0.697343  0.643163  0.210325  0.651857  0.556754  0.575874  0.570566  0.539457  0.451002  0.572609  0.735588  0.860465  0.672610  0.719421  0.737662  0.605804  0.636326  0.677738  0.610616  0.593802  0.697373  0.580443  0.644793  0.677478  0.676027  0.625856  0.593430  0.632743  0.588448  0.763091  0.614429  0.775414  0.540513  0.728045  0.639454  0.619513  0.660888  0.547955  0.601876  0.517062  0.681214  0.448285  0.539301  0.677121  0.584661  0.632328  0.570652  0.604111  0.332453  0.767011  0.525190  0.589663  0.588175  0.530845  0.633783  0.546520  0.615285  0.601455 
