197
0 0.0  0.403446  0.466778  0.239536  0.238937  0.195052  0.241742  0.381449  0.347294  0.443221  0.660695  0.412944  0.507536  0.408885  0.544953  0.517575  0.430795  0.417187  0.254169  0.514677  0.323861  0.443811  0.425498  0.350116  0.590077  0.390190  0.482374  0.422327  0.767098  0.397963  0.482074  0.416113  0.711679  0.311363  0.295212  0.434518  0.363115  0.372655  0.509159  0.443985  0.543631  0.513935  0.416625  0.429994  0.465757  0.284655  0.306064  0.479888  0.332339  0.335832  0.449270  0.364602  0.454971  0.482945  0.096371  0.469677  0.442934  0.510076  0.372247  0.305883  0.524676  0.409237  0.479225  0.404697  0.458094  0.384561  0.452660  0.336550  0.480661  0.594838  0.516867  0.491106  0.190490  0.454651  0.458973  0.439030  0.416897  0.451454  0.529479  0.378999  0.473737  0.419465  0.296412  0.445684  0.474368  0.508679  0.457429  0.657112  0.488545  0.453828  0.434639  0.432119  0.450168  0.344410  0.429599  0.463717  0.138545  0.419982  0.426527  0.397516  0.528339  0.724305  0.671337  0.515617  0.540491  0.382509  0.488937  0.727584  0.501288  0.498838  0.421747  0.510839  0.441922  0.469132  0.529247  0.735891  0.611841  0.687528  0.381243  0.296664  0.388120  0.378245  0.774846  0.492416  0.628267  0.502268  0.600182  0.517485  0.495047  0.327806  0.552260  0.531093  0.405617  0.463704  0.479824  0.430917  0.537428  0.372211  0.087325  0.347874  0.462111  0.527875  0.552317  0.420355  0.527695  0.489073  0.330047  0.389096  0.464033  0.751943  0.730650  0.490748  0.546415  0.364084  0.764982  0.532973  0.505832  0.520176  0.407779  0.495010  0.498096  0.465617  0.465996  0.334434  0.460281  0.386807  0.435763  0.425199  0.656159  0.294247  0.497965  0.335332  0.710295  0.503575  0.561089  0.598007  0.502791  0.723885  0.490932  0.361222  0.476759  0.422777  0.459811  0.451135  0.617781  0.486292  0.469404  0.573637  0.645964  0.441706  0.711605  0.471953  0.380954  0.478461  0.520954  0.379579  0.385449 
1  0.403446 0.0  0.380628  0.391761  0.484487  0.452541  0.462237  0.446348  0.309532  0.389556  0.739397  0.409242  0.221797  0.440194  0.635876  0.392136  0.261013  0.360279  0.412295  0.599473  0.466966  0.358792  0.268319  0.440394  0.658993  0.332726  0.300523  0.399938  0.694599  0.486566  0.443067  0.276112  0.677091  0.344709  0.339930  0.319429  0.427445  0.467887  0.550668  0.477519  0.430933  0.446847  0.352438  0.293169  0.271240  0.354793  0.243310  0.452889  0.452258  0.370274  0.487049  0.368320  0.520536  0.238315  0.443248  0.436354  0.407048  0.348618  0.575512  0.465694  0.332249  0.315650  0.324085  0.351990  0.366808  0.387671  0.376273  0.289680  0.333001  0.600525  0.474618  0.291635  0.299023  0.350332  0.294714  0.416186  0.442293  0.431827  0.414224  0.324893  0.371622  0.332112  0.537763  0.408862  0.467319  0.193046  0.338147  0.666237  0.503311  0.400220  0.445817  0.396855  0.405861  0.486397  0.363103  0.381160  0.413906  0.496660  0.365784  0.364951  0.487900  0.762944  0.767733  0.504503  0.389329  0.329668  0.457684  0.763478  0.490442  0.508538  0.467449  0.471128  0.404000  0.333176  0.364306  0.770174  0.326734  0.868346  0.350887  0.467397  0.445687  0.609638  0.639273  0.339610  0.379047  0.447815  0.363773  0.462350  0.358386  0.480125  0.435963  0.481846  0.385526  0.533927  0.362083  0.449760  0.565293  0.285181  0.435195  0.405131  0.402511  0.539230  0.437702  0.432300  0.236946  0.429788  0.215883  0.331675  0.327879  0.562683  0.786728  0.372724  0.523146  0.348122  0.602448  0.516854  0.412495  0.346533  0.330204  0.364067  0.382890  0.378599  0.378051  0.378501  0.310168  0.377903  0.404739  0.355761  0.758481  0.477284  0.479001  0.488989  0.819512  0.383405  0.390472  0.349709  0.255706  0.561015  0.405145  0.332840  0.557728  0.377194  0.425196  0.465735  0.703599  0.447810  0.366628  0.601700  0.719914  0.464047  0.815908  0.377682  0.450212  0.355920  0.290698  0.586295  0.443480 
2  0.466778  0.380628 0.0  0.498039  0.473486  0.474786  0.482589  0.172662  0.171665  0.472651  0.681998  0.294958  0.287959  0.327179  0.526207  0.286554  0.284971  0.177925  0.412040  0.457350  0.510398  0.247529  0.243833  0.258359  0.777726  0.359024  0.412130  0.306145  0.657916  0.391655  0.380862  0.332688  0.678157  0.471458  0.355382  0.341186  0.535969  0.379991  0.614916  0.366366  0.382477  0.387050  0.281184  0.367163  0.360150  0.471619  0.341040  0.286858  0.410694  0.221727  0.569100  0.416330  0.546289  0.327517  0.419595  0.435756  0.435133  0.355027  0.475476  0.391304  0.322957  0.345898  0.321202  0.315244  0.320440  0.329957  0.248591  0.359651  0.359326  0.525429  0.355404  0.340124  0.393036  0.233359  0.383742  0.347481  0.524147  0.443934  0.209491  0.325337  0.380428  0.344430  0.548714  0.441721  0.525333  0.363711  0.169726  0.583422  0.375752  0.350620  0.358573  0.296380  0.244181  0.426115  0.351722  0.315948  0.505134  0.371102  0.334417  0.405231  0.458635  0.721833  0.753462  0.443636  0.229721  0.135266  0.430225  0.729091  0.448427  0.468874  0.349587  0.447180  0.271435  0.229190  0.314017  0.728096  0.405342  0.755878  0.226486  0.267141  0.237570  0.393446  0.687599  0.329361  0.318508  0.480512  0.476278  0.526093  0.312014  0.438110  0.492269  0.394070  0.349395  0.487375  0.276416  0.433775  0.345962  0.300000  0.517782  0.361857  0.191142  0.513858  0.220507  0.356300  0.339244  0.376772  0.433177  0.383414  0.325443  0.702247  0.747111  0.357436  0.254290  0.298935  0.575078  0.359499  0.287372  0.342786  0.227805  0.343977  0.262155  0.321986  0.403314  0.317304  0.249614  0.458374  0.475550  0.433392  0.795280  0.572005  0.372937  0.388105  0.661994  0.351037  0.308996  0.330716  0.291061  0.628979  0.221824  0.355569  0.553037  0.281845  0.343021  0.434673  0.760639  0.329600  0.315946  0.552365  0.668176  0.525365  0.733916  0.438591  0.463011  0.268111  0.334614  0.474684  0.322792 
3  0.239536  0.391761  0.498039 0.0  0.344069  0.310180  0.229736  0.422816  0.470348  0.498183  0.756190  0.544158  0.486891  0.437759  0.544618  0.512680  0.512551  0.420357  0.216566  0.493218  0.473833  0.384964  0.618251  0.518621  0.547066  0.610478  0.547087  0.327765  0.573288  0.395034  0.532870  0.405202  0.572413  0.561637  0.343495  0.456067  0.525329  0.386358  0.565809  0.532463  0.489125  0.549155  0.399984  0.365006  0.464363  0.220942  0.365581  0.497434  0.332463  0.494587  0.654045  0.300874  0.631126  0.380591  0.233385  0.492081  0.583159  0.508230  0.452140  0.293076  0.515610  0.495091  0.456343  0.506306  0.378271  0.484138  0.476439  0.489387  0.432743  0.444196  0.540061  0.494931  0.344525  0.484863  0.518491  0.455818  0.351332  0.382319  0.614392  0.533195  0.460594  0.507952  0.479213  0.505153  0.540356  0.499471  0.423705  0.753057  0.475203  0.496706  0.641511  0.503211  0.465610  0.494208  0.478827  0.487324  0.247423  0.529904  0.457703  0.516778  0.572089  0.694898  0.732955  0.533201  0.558658  0.406025  0.580693  0.711907  0.543132  0.466842  0.507584  0.519484  0.413490  0.539483  0.442779  0.749462  0.514301  0.780490  0.559103  0.443564  0.477971  0.446347  0.787330  0.598689  0.519810  0.431449  0.433580  0.601424  0.555310  0.428508  0.464383  0.436916  0.495114  0.597137  0.345654  0.433312  0.476164  0.423778  0.161254  0.434044  0.459878  0.500507  0.536470  0.568960  0.487988  0.511080  0.405396  0.470383  0.455837  0.546841  0.687319  0.569632  0.527082  0.482797  0.582168  0.623245  0.548068  0.606924  0.458650  0.589421  0.581440  0.515623  0.432572  0.490415  0.464057  0.449282  0.489054  0.375265  0.514342  0.467185  0.534502  0.457776  0.774873  0.548001  0.510780  0.551414  0.478411  0.752474  0.410899  0.364273  0.584823  0.480771  0.466880  0.571621  0.723534  0.495984  0.543297  0.578644  0.620836  0.538397  0.762166  0.488834  0.388291  0.509182  0.496303  0.494707  0.401462 
4  0.238937  0.484487  0.473486  0.344069 0.0  0.189486  0.156111  0.342440  0.442666  0.479740  0.642818  0.444165  0.443021  0.530864  0.623180  0.483157  0.443590  0.612162  0.278536  0.524580  0.418651  0.583138  0.417356  0.472921  0.724283  0.480667  0.479793  0.459099  0.653623  0.598074  0.536582  0.504467  0.736659  0.427338  0.166215  0.366206  0.524647  0.401062  0.518386  0.448514  0.621889  0.415088  0.614074  0.404171  0.492036  0.142833  0.400326  0.592761  0.246284  0.396326  0.560638  0.364985  0.655312  0.421408  0.236963  0.485983  0.502077  0.482909  0.459634  0.280735  0.401073  0.495978  0.495005  0.503994  0.470013  0.539474  0.458847  0.406079  0.380314  0.547381  0.473118  0.460850  0.282178  0.414109  0.490476  0.605707  0.431756  0.453214  0.585633  0.516892  0.521508  0.437890  0.517095  0.432389  0.391823  0.467292  0.514256  0.636229  0.573564  0.485157  0.484821  0.505992  0.463011  0.442563  0.575809  0.608114  0.376838  0.434126  0.561833  0.508494  0.502449  0.624368  0.588882  0.433827  0.351003  0.500731  0.434140  0.777406  0.512013  0.447600  0.532021  0.476809  0.639795  0.541686  0.532076  0.687713  0.555917  0.753083  0.510058  0.488099  0.524299  0.463931  0.720586  0.501703  0.551621  0.372004  0.655970  0.484592  0.489145  0.307270  0.642433  0.540918  0.540818  0.473377  0.451259  0.450629  0.467973  0.482067  0.250505  0.521092  0.448922  0.532497  0.530551  0.545264  0.498520  0.582765  0.437753  0.450157  0.394980  0.679800  0.736622  0.602701  0.612591  0.573774  0.635321  0.542361  0.564538  0.503428  0.460629  0.618555  0.456277  0.490426  0.599723  0.639093  0.647709  0.554952  0.484432  0.428023  0.655019  0.604397  0.562044  0.356238  0.695266  0.558457  0.488464  0.527643  0.534125  0.646811  0.459295  0.429669  0.564772  0.452112  0.397320  0.448722  0.788373  0.507365  0.449515  0.546099  0.683647  0.469002  0.758268  0.606428  0.464646  0.467915  0.490000  0.538851  0.520744 
5  0.195052  0.452541  0.474786  0.310180  0.189486 0.0  0.179025  0.477251  0.392331  0.409818  0.717960  0.366084  0.477149  0.432941  0.559060  0.428802  0.377374  0.514609  0.378755  0.565796  0.410397  0.399533  0.503667  0.391104  0.713519  0.443328  0.429230  0.480324  0.712385  0.368017  0.456059  0.503579  0.677555  0.491151  0.308440  0.388494  0.406009  0.577050  0.597744  0.498068  0.523528  0.480226  0.512366  0.548185  0.422485  0.187215  0.387644  0.544990  0.312046  0.450423  0.601456  0.279201  0.548517  0.520399  0.308895  0.380088  0.518741  0.463043  0.305451  0.311835  0.481018  0.472781  0.508243  0.571566  0.473409  0.472856  0.419047  0.454600  0.404525  0.491388  0.536207  0.480722  0.359622  0.388027  0.377274  0.470496  0.312006  0.368380  0.518265  0.586850  0.470629  0.411559  0.461702  0.398550  0.412584  0.416809  0.528992  0.795200  0.380672  0.416420  0.513547  0.496398  0.455410  0.549332  0.598801  0.525418  0.165500  0.483784  0.476103  0.414211  0.515442  0.666519  0.758459  0.393755  0.479751  0.442205  0.466520  0.704943  0.430871  0.470075  0.473882  0.505551  0.444372  0.565791  0.426655  0.692693  0.549813  0.740770  0.357763  0.426951  0.450197  0.440909  0.796053  0.615544  0.489934  0.383729  0.476623  0.619438  0.413011  0.429989  0.472127  0.446082  0.425913  0.488277  0.495116  0.443646  0.491387  0.334730  0.156599  0.400200  0.383800  0.539404  0.495184  0.501928  0.420255  0.451601  0.451268  0.571540  0.382901  0.688333  0.800016  0.446063  0.531780  0.518066  0.719146  0.552740  0.534124  0.471290  0.490104  0.457102  0.549164  0.497673  0.514095  0.589383  0.589047  0.455519  0.401815  0.475273  0.672236  0.448423  0.529784  0.329302  0.674993  0.496862  0.456623  0.510829  0.483310  0.691984  0.464859  0.407245  0.539237  0.373497  0.544728  0.385297  0.710356  0.526179  0.478327  0.477983  0.734279  0.438853  0.780311  0.568615  0.420339  0.551172  0.376002  0.376502  0.508484 
6  0.241742  0.462237  0.482589  0.229736  0.156111  0.179025 0.0  0.477124  0.473092  0.581714  0.801600  0.467282  0.374323  0.511772  0.579666  0.485583  0.364798  0.494234  0.205483  0.503126  0.500690  0.551866  0.587765  0.521779  0.725209  0.438375  0.430670  0.466668  0.598601  0.542774  0.539582  0.517499  0.719443  0.445271  0.248499  0.394711  0.458489  0.469538  0.522064  0.505862  0.496067  0.533580  0.454301  0.452027  0.338517  0.268653  0.496584  0.414513  0.296967  0.493512  0.600747  0.373183  0.529383  0.417741  0.301486  0.507565  0.388210  0.473413  0.344433  0.301414  0.562099  0.416053  0.430050  0.586049  0.484403  0.450997  0.416453  0.410310  0.334007  0.514563  0.563771  0.491239  0.227107  0.393168  0.495646  0.564695  0.450195  0.571264  0.482017  0.611795  0.537765  0.480500  0.420909  0.332929  0.418102  0.557772  0.543612  0.590691  0.520979  0.363018  0.437428  0.534497  0.435742  0.438537  0.440485  0.428862  0.261723  0.426266  0.368714  0.517720  0.490307  0.731137  0.738541  0.515296  0.462113  0.508832  0.472785  0.671957  0.564186  0.565473  0.496920  0.446249  0.403153  0.509549  0.594010  0.628988  0.532407  0.706727  0.381322  0.489114  0.419335  0.428192  0.653733  0.566503  0.477919  0.456476  0.470013  0.501117  0.561564  0.453136  0.593623  0.488779  0.505806  0.571816  0.511830  0.539723  0.437993  0.486245  0.115002  0.489496  0.464476  0.501482  0.670240  0.482678  0.435462  0.516775  0.448406  0.469213  0.423566  0.707057  0.680160  0.528978  0.591047  0.419459  0.639442  0.502930  0.564510  0.612675  0.411110  0.493016  0.513378  0.488207  0.541491  0.611645  0.463129  0.479038  0.447603  0.263988  0.723536  0.489003  0.515224  0.379582  0.683183  0.495207  0.559283  0.431676  0.614778  0.653426  0.551918  0.419990  0.544367  0.430232  0.405969  0.619125  0.643657  0.564940  0.591883  0.675661  0.638478  0.558079  0.703643  0.502528  0.477658  0.580374  0.477864  0.477674  0.544264 
7  0.381449  0.446348  0.172662  0.422816  0.342440  0.477251  0.477124 0.0  0.247565  0.399449  0.662312  0.255928  0.291648  0.220384  0.568929  0.268948  0.259496  0.239495  0.467387  0.679647  0.416370  0.292202  0.205715  0.158536  0.679825  0.270748  0.154246  0.197143  0.564875  0.405978  0.374396  0.329751  0.669634  0.481937  0.314577  0.262884  0.440333  0.439875  0.637763  0.237171  0.330845  0.402134  0.330682  0.298365  0.408513  0.434096  0.205282  0.382221  0.386363  0.237655  0.549682  0.449441  0.595004  0.320186  0.361193  0.402890  0.427394  0.364055  0.459852  0.438240  0.353353  0.337523  0.328827  0.240224  0.309264  0.354386  0.309637  0.433421  0.363404  0.478050  0.299270  0.285682  0.287331  0.220424  0.363297  0.401034  0.397321  0.479768  0.312934  0.313836  0.297936  0.272215  0.420236  0.464531  0.509196  0.320332  0.394821  0.636874  0.281490  0.375550  0.394589  0.367373  0.288644  0.322619  0.349849  0.430699  0.408892  0.370458  0.304271  0.255012  0.428871  0.751816  0.738956  0.378051  0.269224  0.168969  0.485195  0.757225  0.468949  0.416415  0.302818  0.321191  0.136141  0.321464  0.242096  0.749813  0.342879  0.753837  0.153777  0.387797  0.346798  0.495823  0.722904  0.266106  0.318875  0.386570  0.341291  0.412686  0.382680  0.451754  0.400282  0.507269  0.305824  0.512448  0.266796  0.371980  0.341954  0.287815  0.449793  0.347437  0.150984  0.510204  0.310630  0.243325  0.333812  0.415440  0.307206  0.418691  0.347799  0.639911  0.733437  0.375346  0.353892  0.320483  0.697058  0.346934  0.392075  0.347800  0.316538  0.351246  0.257930  0.209342  0.357095  0.258903  0.411887  0.294868  0.372209  0.535091  0.789870  0.429877  0.413258  0.436746  0.808866  0.284332  0.309671  0.308669  0.318803  0.637305  0.220947  0.210402  0.578209  0.152798  0.318233  0.532501  0.820143  0.362751  0.273361  0.561455  0.620872  0.491983  0.794184  0.399043  0.439284  0.348282  0.368208  0.535926  0.353572 
8  0.347294  0.309532  0.171665  0.470348  0.442666  0.392331  0.473092  0.247565 0.0  0.525614  0.785171  0.333304  0.226165  0.165852  0.642602  0.322637  0.381100  0.342089  0.441944  0.507009  0.587660  0.372682  0.308269  0.277708  0.661961  0.294553  0.322639  0.212660  0.734145  0.392762  0.358145  0.325567  0.695356  0.432299  0.332204  0.255886  0.452704  0.442346  0.509169  0.267624  0.276012  0.467806  0.149636  0.307939  0.314757  0.542650  0.214762  0.423716  0.423967  0.352911  0.475828  0.430411  0.583382  0.255671  0.422701  0.510142  0.412059  0.401377  0.469947  0.515264  0.223423  0.360959  0.251110  0.334552  0.294705  0.301934  0.343309  0.252834  0.375437  0.575352  0.349680  0.312069  0.252996  0.383103  0.368380  0.293730  0.415004  0.475641  0.300797  0.345172  0.353047  0.303077  0.445976  0.379303  0.457351  0.316457  0.313967  0.684213  0.226041  0.329512  0.317430  0.311195  0.387641  0.248406  0.269001  0.328249  0.472125  0.549950  0.466895  0.241975  0.425910  0.734235  0.771237  0.486693  0.397371  0.273014  0.467300  0.743778  0.559133  0.384844  0.314423  0.423594  0.213564  0.308075  0.408517  0.795772  0.418566  0.786322  0.087325  0.234712  0.244854  0.377273  0.655872  0.371050  0.321066  0.481374  0.266639  0.497359  0.329087  0.522623  0.246353  0.489826  0.283172  0.475192  0.334956  0.404402  0.364823  0.236347  0.371893  0.287326  0.167420  0.554249  0.338437  0.331610  0.406663  0.475703  0.370974  0.271402  0.309627  0.723554  0.767566  0.342987  0.396473  0.331321  0.685785  0.300429  0.317610  0.259051  0.345937  0.414799  0.239379  0.318700  0.507701  0.373873  0.340216  0.240954  0.438753  0.379298  0.720845  0.507803  0.375263  0.513764  0.656909  0.373006  0.182297  0.268317  0.300703  0.634626  0.284564  0.211920  0.570302  0.270686  0.287604  0.466498  0.598975  0.314211  0.364642  0.645394  0.720398  0.427708  0.770478  0.396022  0.498914  0.343566  0.318395  0.495112  0.398032 
9  0.443221  0.389556  0.472651  0.498183  0.479740  0.409818  0.581714  0.399449  0.525614 0.0  0.904520  0.461223  0.553443  0.504848  0.666360  0.548843  0.407668  0.495724  0.530053  0.570450  0.464952  0.357688  0.414146  0.420630  0.682354  0.400134  0.508621  0.501895  0.737535  0.371372  0.519692  0.512136  0.794578  0.348299  0.398147  0.435205  0.433488  0.608400  0.644244  0.329197  0.490006  0.385275  0.492057  0.457497  0.451217  0.417579  0.336349  0.536881  0.500822  0.402304  0.659389  0.501531  0.591110  0.345397  0.431706  0.332542  0.241266  0.515691  0.562689  0.400579  0.345526  0.492417  0.434643  0.451845  0.469511  0.465129  0.424846  0.450023  0.440808  0.580485  0.587919  0.453516  0.421894  0.455428  0.439507  0.477399  0.359527  0.399727  0.501758  0.592891  0.532319  0.519947  0.463598  0.454504  0.416986  0.534722  0.358655  0.708195  0.519277  0.480744  0.482800  0.566510  0.431292  0.470062  0.489732  0.415088  0.389793  0.259109  0.569962  0.620522  0.336892  0.675596  0.789110  0.308398  0.457745  0.431078  0.262673  0.796147  0.352925  0.234622  0.478901  0.260234  0.543621  0.486480  0.577524  0.780093  0.505354  0.850450  0.523168  0.585107  0.498542  0.386981  0.751503  0.385939  0.493442  0.333564  0.512189  0.177026  0.439769  0.482642  0.591503  0.161294  0.546421  0.586128  0.435904  0.173753  0.598099  0.509579  0.479025  0.603582  0.437289  0.599336  0.513793  0.398687  0.334183  0.182918  0.403557  0.409807  0.364783  0.591625  0.656167  0.479448  0.538641  0.518549  0.662969  0.459525  0.482857  0.457474  0.539920  0.579024  0.498354  0.421262  0.689113  0.573924  0.395488  0.447308  0.298535  0.427029  0.763683  0.433079  0.596958  0.492464  0.676942  0.562623  0.492855  0.483531  0.538394  0.637731  0.332820  0.509245  0.594281  0.463734  0.438665  0.392096  0.725691  0.525860  0.504702  0.627573  0.756276  0.349008  0.841240  0.555294  0.489288  0.582181  0.430313  0.311755  0.429708 
10  0.660695  0.739397  0.681998  0.756190  0.642818  0.717960  0.801600  0.662312  0.785171  0.904520 0.0  0.799728  0.812906  0.862437  0.746196  0.703409  0.733440  0.737452  0.738325  0.648335  0.659289  0.673017  0.775898  0.804089  0.520295  0.805771  0.782528  0.710552  0.499590  0.744799  0.785749  0.785803  0.586339  0.811066  0.713045  0.800659  0.656840  0.683939  0.795506  0.846538  0.805936  0.812317  0.664760  0.757688  0.670001  0.673321  0.751544  0.957438  0.615464  0.834435  0.727567  0.796680  0.668620  0.731185  0.716768  0.751259  0.709343  0.783297  0.691040  0.776450  0.739272  0.916837  0.734686  0.729821  0.826163  0.905559  0.759103  0.764898  0.706632  0.766714  0.771830  0.809466  0.608096  0.666714  0.774745  0.853830  0.787122  0.619518  0.843916  0.837505  0.784391  0.741728  0.695835  0.694251  0.728060  0.759659  0.747319  0.717665  0.890175  0.759485  0.879272  0.713790  0.912015  0.914379  0.824912  0.729457  0.773761  0.780122  0.751588  0.690457  0.844813  0.496027  0.161852  0.836403  0.771782  0.733999  0.767653  0.419990  0.674447  0.814150  0.744771  0.788392  0.688138  0.811600  0.802093  0.153189  0.645428  0.087325  0.867874  0.739957  0.648467  0.701116  0.818513  0.905274  0.912613  0.760870  0.811258  0.810759  0.736918  0.710862  0.853544  0.659698  0.947881  0.724002  0.826451  0.814563  0.916426  0.643312  0.743201  0.796828  0.744636  0.727806  0.743611  0.669779  0.742838  0.848955  0.758265  0.826502  0.723176  0.657951  0.758898  0.803656  0.860910  0.808118  0.725464  0.807598  0.804318  0.786867  0.804699  0.835235  0.835824  0.786420  0.787139  0.835461  0.771021  0.780045  0.799592  0.658340  0.413224  0.771613  0.790739  0.616331  0.271026  0.839158  0.821059  0.809837  0.856131  0.623909  0.783439  0.824626  0.807175  0.683987  0.768513  0.724178  0.198012  0.872473  0.792230  0.755958  0.607877  0.648641  0.186420  0.844217  0.705875  0.917360  0.744141  0.859485  0.874966 
11  0.412944  0.409242  0.294958  0.544158  0.444165  0.366084  0.467282  0.255928  0.333304  0.461223  0.799728 0.0  0.262360  0.275181  0.574915  0.267861  0.288489  0.124480  0.504780  0.584725  0.494170  0.269544  0.188379  0.109636  0.621018  0.192413  0.150135  0.256186  0.622922  0.487105  0.262567  0.288227  0.638486  0.475152  0.301442  0.291198  0.492846  0.467639  0.600171  0.260809  0.262855  0.403276  0.180181  0.285118  0.393519  0.496611  0.309633  0.313656  0.409828  0.226692  0.538550  0.394375  0.525220  0.283819  0.412815  0.367320  0.387008  0.264150  0.462893  0.457411  0.326935  0.290639  0.250856  0.367305  0.271023  0.275096  0.189267  0.218352  0.331251  0.548982  0.305461  0.361672  0.347925  0.415165  0.419446  0.318560  0.521485  0.493615  0.235078  0.301120  0.363614  0.272543  0.582970  0.491709  0.554896  0.223910  0.320670  0.632697  0.230260  0.269401  0.298201  0.175174  0.197824  0.290632  0.298800  0.184006  0.445033  0.486921  0.257307  0.336110  0.479289  0.689263  0.772468  0.521825  0.191171  0.289867  0.450814  0.667293  0.439074  0.426930  0.156168  0.328687  0.289352  0.183933  0.295255  0.787887  0.321098  0.755600  0.308437  0.249295  0.382162  0.449422  0.723067  0.199716  0.310042  0.498467  0.291011  0.385214  0.347583  0.472346  0.320132  0.481931  0.240807  0.609684  0.219063  0.419504  0.258418  0.288852  0.448261  0.192383  0.145457  0.503644  0.281180  0.144555  0.327375  0.371204  0.376707  0.364204  0.203980  0.660785  0.773446  0.263058  0.226997  0.192719  0.652072  0.294779  0.350281  0.223929  0.317422  0.254494  0.195095  0.255292  0.326911  0.295710  0.378088  0.291655  0.508891  0.369512  0.678794  0.524749  0.337505  0.443896  0.804939  0.419424  0.326988  0.323436  0.338977  0.579762  0.167267  0.265515  0.487306  0.276284  0.201684  0.379142  0.799817  0.380165  0.209907  0.638048  0.688348  0.496397  0.816536  0.269463  0.446408  0.338141  0.412105  0.460984  0.310259 
12  0.507536  0.221797  0.287959  0.486891  0.443021  0.477149  0.374323  0.291648  0.226165  0.553443  0.812906  0.262360 0.0  0.311867  0.597652  0.226648  0.352578  0.213900  0.548301  0.540355  0.548707  0.245627  0.192874  0.145389  0.792659  0.226993  0.198958  0.154613  0.686003  0.528552  0.328978  0.238002  0.842087  0.412204  0.321093  0.342593  0.518755  0.419373  0.511765  0.239031  0.362499  0.512780  0.265207  0.321572  0.381206  0.545374  0.236802  0.328013  0.431788  0.261485  0.427096  0.502546  0.485937  0.294114  0.474913  0.421839  0.568238  0.338657  0.471789  0.474021  0.308354  0.178544  0.277622  0.218146  0.095083  0.202758  0.196233  0.344423  0.479910  0.656060  0.237001  0.360056  0.371227  0.354645  0.396283  0.133246  0.500692  0.436346  0.266915  0.184746  0.238554  0.287460  0.460125  0.567760  0.540339  0.237849  0.174740  0.683421  0.271401  0.341856  0.218004  0.280673  0.087325  0.261402  0.291935  0.174712  0.506145  0.567483  0.260664  0.258569  0.478008  0.756339  0.798052  0.443704  0.154454  0.233795  0.385122  0.748608  0.445944  0.407432  0.241545  0.444448  0.290280  0.159863  0.344566  0.770881  0.307195  0.793458  0.351682  0.189504  0.265845  0.515800  0.691962  0.206502  0.429036  0.479310  0.305186  0.480565  0.216189  0.494598  0.207780  0.331800  0.274239  0.597779  0.323394  0.434702  0.196464  0.305192  0.500654  0.221769  0.263331  0.483339  0.336289  0.223988  0.356031  0.533368  0.419820  0.327325  0.440511  0.644881  0.683111  0.227913  0.303142  0.348652  0.596263  0.256603  0.227202  0.273793  0.185924  0.288822  0.127902  0.312064  0.261888  0.336923  0.333372  0.266179  0.402271  0.459185  0.716303  0.454446  0.387947  0.526108  0.786239  0.289976  0.089108  0.205728  0.203182  0.677139  0.214247  0.263517  0.668147  0.297265  0.269322  0.425178  0.727656  0.339554  0.278141  0.539820  0.882054  0.470956  0.833763  0.223262  0.556082  0.228050  0.321878  0.427481  0.269515 
13  0.408885  0.440194  0.327179  0.437759  0.530864  0.432941  0.511772  0.220384  0.165852  0.504848  0.862437  0.275181  0.311867 0.0  0.687729  0.171054  0.264021  0.375646  0.499243  0.550547  0.583213  0.400030  0.297377  0.245541  0.667530  0.220705  0.200919  0.356530  0.664915  0.511751  0.252831  0.239233  0.764749  0.400176  0.439775  0.350496  0.539107  0.497847  0.637968  0.307186  0.249137  0.507330  0.256857  0.327455  0.347497  0.409360  0.290984  0.267899  0.437891  0.222416  0.677368  0.442715  0.574958  0.452042  0.452775  0.442588  0.496540  0.368324  0.552401  0.382134  0.381935  0.190629  0.294833  0.157855  0.256536  0.152949  0.211354  0.413531  0.398797  0.560916  0.270409  0.366031  0.296444  0.375703  0.467505  0.160840  0.564654  0.550640  0.290022  0.209020  0.233538  0.217757  0.513511  0.524720  0.580004  0.284746  0.247263  0.496301  0.379908  0.262588  0.319332  0.210225  0.231758  0.275507  0.169599  0.311646  0.486318  0.339296  0.276885  0.195092  0.457611  0.716474  0.773527  0.474125  0.222734  0.224570  0.472624  0.745840  0.358868  0.492264  0.200579  0.394054  0.424793  0.163898  0.202873  0.893283  0.205879  0.865416  0.353750  0.301045  0.293102  0.515482  0.632738  0.259899  0.198574  0.595242  0.279848  0.463602  0.329065  0.470297  0.218019  0.374406  0.332533  0.548912  0.239366  0.487551  0.220551  0.270022  0.464283  0.173503  0.186927  0.547574  0.321029  0.311475  0.381845  0.339169  0.469840  0.458965  0.447502  0.570950  0.702991  0.251714  0.220316  0.192811  0.547237  0.350095  0.263285  0.125471  0.185817  0.294387  0.335531  0.245092  0.264994  0.242364  0.261226  0.244899  0.521056  0.463166  0.753792  0.577717  0.211942  0.504377  0.727660  0.287152  0.183561  0.199136  0.343868  0.525054  0.243816  0.310413  0.609753  0.232825  0.266903  0.395298  0.844184  0.304539  0.241769  0.570624  0.709183  0.518662  0.780265  0.292522  0.569054  0.258107  0.361363  0.422393  0.246827 
14  0.544953  0.635876  0.526207  0.544618  0.623180  0.559060  0.579666  0.568929  0.642602  0.666360  0.746196  0.574915  0.597652  0.687729 0.0  0.651566  0.596637  0.609197  0.571533  0.385980  0.488090  0.567571  0.588986  0.686674  0.754104  0.591574  0.596926  0.573349  0.627416  0.521545  0.732912  0.721263  0.667651  0.674591  0.494361  0.623761  0.558144  0.501111  0.410142  0.567494  0.554606  0.599169  0.562111  0.708110  0.619683  0.620143  0.606892  0.668087  0.630682  0.525662  0.490455  0.583788  0.538721  0.589002  0.486978  0.590322  0.616482  0.577131  0.478418  0.598216  0.552493  0.584520  0.594506  0.739729  0.592176  0.675106  0.618261  0.573968  0.573270  0.505055  0.763055  0.622244  0.494413  0.592840  0.603775  0.652216  0.534569  0.538061  0.698063  0.699886  0.746466  0.679745  0.527590  0.515217  0.548485  0.656454  0.621290  0.601386  0.607925  0.579153  0.687813  0.548737  0.719950  0.700782  0.608715  0.650122  0.461366  0.617699  0.779467  0.682587  0.560465  0.794355  0.736431  0.691647  0.612726  0.593585  0.558060  0.716525  0.674645  0.674050  0.639178  0.623541  0.531711  0.611089  0.693463  0.745460  0.754178  0.707695  0.447428  0.583546  0.557242  0.650580  0.743795  0.692226  0.770373  0.572907  0.672630  0.610839  0.600769  0.601893  0.668696  0.726731  0.575333  0.382205  0.679863  0.630090  0.678134  0.570468  0.595844  0.731460  0.574747  0.406558  0.707806  0.619666  0.649393  0.597436  0.612085  0.656132  0.589058  0.671555  0.758449  0.770292  0.673347  0.644507  0.681437  0.715857  0.673218  0.687012  0.655285  0.649924  0.577999  0.575615  0.639407  0.661983  0.590334  0.650704  0.631276  0.500128  0.636274  0.542627  0.637259  0.502691  0.671082  0.623420  0.687163  0.700234  0.644707  0.797173  0.625567  0.619081  0.176898  0.655037  0.702793  0.547312  0.718995  0.654717  0.657789  0.528756  0.648375  0.593395  0.763442  0.722434  0.583603  0.678693  0.634306  0.644578  0.601799 
15  0.517575  0.392136  0.286554  0.512680  0.483157  0.428802  0.485583  0.268948  0.322637  0.548843  0.703409  0.267861  0.226648  0.171054  0.651566 0.0  0.246211  0.252820  0.540308  0.563037  0.616581  0.390236  0.287899  0.314919  0.687823  0.262101  0.232470  0.322225  0.723571  0.649363  0.165734  0.248737  0.746014  0.469504  0.353292  0.341718  0.515495  0.523099  0.646797  0.381441  0.314576  0.504793  0.223363  0.413577  0.414297  0.508698  0.305178  0.325546  0.381027  0.245485  0.675124  0.567899  0.543542  0.451188  0.482116  0.381917  0.393441  0.379670  0.444451  0.538626  0.366535  0.303761  0.172892  0.182561  0.278081  0.245571  0.325687  0.391269  0.430988  0.601944  0.247879  0.318336  0.387556  0.441937  0.469327  0.242150  0.399250  0.524232  0.169049  0.184982  0.304960  0.142361  0.567476  0.385574  0.526813  0.198513  0.334122  0.576004  0.284533  0.317982  0.289779  0.261914  0.233851  0.228166  0.250999  0.273713  0.503589  0.513038  0.332219  0.214666  0.519248  0.828802  0.828124  0.415728  0.218973  0.279666  0.495491  0.800808  0.557199  0.506181  0.274716  0.450437  0.321390  0.255169  0.283536  0.704553  0.324706  0.829996  0.198532  0.267132  0.348490  0.646447  0.767709  0.242916  0.266312  0.553813  0.224007  0.385152  0.328500  0.492690  0.262448  0.481401  0.285499  0.605177  0.247624  0.454476  0.216037  0.390904  0.444984  0.224905  0.239009  0.606705  0.221589  0.253152  0.289467  0.488655  0.484850  0.536790  0.345200  0.631598  0.674275  0.202054  0.219845  0.254167  0.680190  0.186604  0.348954  0.212974  0.228432  0.264412  0.292786  0.348760  0.260625  0.185006  0.241027  0.232326  0.504267  0.434940  0.781225  0.558859  0.315539  0.489393  0.884324  0.241785  0.192664  0.226637  0.150686  0.615395  0.219182  0.267643  0.622672  0.271055  0.280523  0.491572  0.815857  0.299391  0.280484  0.648535  0.782557  0.551307  0.901780  0.273569  0.507704  0.222378  0.369379  0.371457  0.305086 
16  0.430795  0.261013  0.284971  0.512551  0.443590  0.377374  0.364798  0.259496  0.381100  0.407668  0.733440  0.288489  0.352578  0.264021  0.596637  0.246211 0.0  0.342433  0.395098  0.529299  0.416018  0.318652  0.302849  0.341159  0.632376  0.321676  0.335660  0.158154  0.672349  0.438218  0.402244  0.380886  0.710495  0.446289  0.411675  0.201062  0.426416  0.526522  0.438300  0.316190  0.375471  0.406437  0.376338  0.268027  0.383934  0.423062  0.340693  0.371449  0.377714  0.184420  0.523226  0.392982  0.499999  0.174028  0.380374  0.514387  0.418227  0.246466  0.499719  0.428753  0.221824  0.384634  0.356696  0.396593  0.446071  0.296527  0.317987  0.380806  0.294938  0.512134  0.350219  0.354558  0.374076  0.316952  0.281163  0.351222  0.426848  0.386383  0.448360  0.464618  0.461129  0.341270  0.496595  0.424199  0.403194  0.308721  0.373250  0.597626  0.284830  0.334868  0.353784  0.370058  0.470980  0.267032  0.282575  0.348884  0.293674  0.352908  0.333660  0.277269  0.504169  0.783421  0.763656  0.427024  0.297964  0.357846  0.330990  0.727078  0.276225  0.426427  0.321125  0.369650  0.202248  0.278643  0.343420  0.683972  0.373938  0.800255  0.293935  0.222914  0.324309  0.424051  0.713320  0.350348  0.353159  0.415566  0.320195  0.341253  0.317144  0.361407  0.456321  0.458910  0.436317  0.509182  0.247072  0.437630  0.361743  0.262493  0.450587  0.165633  0.240926  0.497494  0.401371  0.253002  0.178532  0.349821  0.197844  0.198512  0.244362  0.669583  0.615384  0.442683  0.299147  0.277107  0.668029  0.427263  0.290423  0.314439  0.350295  0.513426  0.386756  0.348402  0.366825  0.357853  0.363909  0.296387  0.417947  0.386049  0.727647  0.544648  0.470909  0.518430  0.764831  0.333860  0.404453  0.336323  0.295808  0.588949  0.284352  0.326965  0.610754  0.328066  0.268930  0.259814  0.703238  0.373184  0.377427  0.546892  0.632013  0.407732  0.751091  0.462267  0.402051  0.343931  0.393749  0.429106  0.434437 
17  0.417187  0.360279  0.177925  0.420357  0.612162  0.514609  0.494234  0.239495  0.342089  0.495724  0.737452  0.124480  0.213900  0.375646  0.609197  0.252820  0.342433 0.0  0.480083  0.529734  0.519552  0.285683  0.156232  0.250562  0.652249  0.293241  0.143309  0.234836  0.693900  0.572859  0.343093  0.276314  0.711379  0.430072  0.356115  0.220943  0.550040  0.603590  0.553880  0.274313  0.215009  0.566069  0.192027  0.348161  0.383771  0.476776  0.226956  0.268999  0.361454  0.103508  0.558826  0.479894  0.448623  0.318996  0.393427  0.498252  0.418637  0.347196  0.473958  0.418594  0.375405  0.264388  0.306144  0.182623  0.269009  0.187201  0.188589  0.311086  0.396631  0.487784  0.196500  0.388414  0.395156  0.346050  0.388179  0.215426  0.439869  0.530388  0.344333  0.261091  0.204531  0.356862  0.486781  0.377480  0.487727  0.293152  0.241366  0.611500  0.218000  0.215293  0.329106  0.170948  0.263696  0.336533  0.310918  0.270613  0.409624  0.415881  0.254054  0.212147  0.640479  0.804917  0.744415  0.481914  0.208670  0.284987  0.456870  0.747063  0.467218  0.516771  0.354722  0.360368  0.230867  0.141058  0.447759  0.851796  0.298979  0.820102  0.215239  0.187346  0.395211  0.455433  0.716608  0.282921  0.280020  0.422842  0.306665  0.511015  0.241100  0.369908  0.348609  0.500518  0.252861  0.484019  0.200004  0.398916  0.240300  0.236175  0.266245  0.087325  0.115657  0.527772  0.296703  0.221193  0.352446  0.435651  0.370847  0.268204  0.378536  0.749769  0.689970  0.155963  0.247077  0.195113  0.622120  0.296809  0.244320  0.208365  0.243753  0.375558  0.225170  0.144258  0.288755  0.245786  0.307327  0.279437  0.387637  0.474152  0.681038  0.408718  0.392801  0.446227  0.704066  0.279354  0.307979  0.224014  0.222957  0.655163  0.402021  0.322608  0.488641  0.189329  0.355478  0.568409  0.675367  0.308713  0.243590  0.591556  0.733189  0.488277  0.695012  0.348601  0.479335  0.193985  0.354393  0.496372  0.304901 
18  0.254169  0.412295  0.412040  0.216566  0.278536  0.378755  0.205483  0.467387  0.441944  0.530053  0.738325  0.504780  0.548301  0.499243  0.571533  0.540308  0.395098  0.480083 0.0  0.610274  0.455646  0.498266  0.451604  0.489338  0.740858  0.634732  0.575115  0.396592  0.642295  0.512023  0.422452  0.632832  0.717779  0.471217  0.374815  0.386843  0.391123  0.525839  0.528441  0.553259  0.545275  0.524708  0.459684  0.498627  0.392113  0.240077  0.507694  0.591857  0.201295  0.487029  0.525944  0.424288  0.595107  0.430548  0.285588  0.517404  0.512385  0.441311  0.396038  0.332431  0.373373  0.538975  0.462412  0.479077  0.459322  0.543627  0.431740  0.414067  0.568899  0.530560  0.585164  0.426651  0.286367  0.493290  0.509480  0.516391  0.468915  0.452632  0.492051  0.568732  0.508925  0.527646  0.414673  0.353163  0.335026  0.483062  0.619746  0.676803  0.550786  0.591814  0.559987  0.537529  0.547735  0.496592  0.532521  0.566884  0.312792  0.502745  0.537335  0.512739  0.588180  0.660345  0.643349  0.505567  0.582824  0.383954  0.491565  0.783327  0.380760  0.464625  0.474900  0.536290  0.604173  0.493665  0.468042  0.811748  0.517139  0.703635  0.453754  0.455535  0.389779  0.457467  0.896553  0.568650  0.654411  0.457420  0.559968  0.584068  0.440808  0.456159  0.615050  0.476807  0.505706  0.437937  0.468785  0.503913  0.551331  0.552810  0.304758  0.567393  0.477266  0.501228  0.531207  0.499811  0.533796  0.513680  0.496922  0.530102  0.458004  0.668615  0.810651  0.417902  0.635869  0.600725  0.661412  0.497290  0.580472  0.568929  0.531592  0.487328  0.568278  0.631203  0.586956  0.520349  0.491324  0.439761  0.410401  0.378778  0.715950  0.359532  0.565366  0.519227  0.789737  0.565991  0.527721  0.499304  0.453433  0.660525  0.462201  0.453624  0.596338  0.491875  0.495262  0.551254  0.707799  0.475427  0.394964  0.603296  0.682597  0.434400  0.732940  0.595027  0.510083  0.499562  0.472515  0.449836  0.503781 
19  0.514677  0.599473  0.457350  0.493218  0.524580  0.565796  0.503126  0.679647  0.507009  0.570450  0.648335  0.584725  0.540355  0.550547  0.385980  0.563037  0.529299  0.529734  0.610274 0.0  0.573882  0.524816  0.517725  0.541527  0.739313  0.597227  0.584912  0.575752  0.684457  0.531380  0.652748  0.633482  0.760254  0.439020  0.388306  0.511864  0.576497  0.559944  0.271509  0.569211  0.695441  0.584407  0.535699  0.541378  0.603733  0.585341  0.508320  0.668388  0.427859  0.588411  0.322750  0.595892  0.333180  0.583830  0.603094  0.649472  0.560121  0.559523  0.530327  0.581332  0.548892  0.615532  0.573664  0.560281  0.557454  0.586418  0.598645  0.616742  0.587084  0.604682  0.623584  0.519115  0.467010  0.592744  0.554778  0.706426  0.600750  0.506955  0.657380  0.609601  0.629342  0.587584  0.603521  0.538834  0.564589  0.558870  0.542661  0.717370  0.631320  0.646850  0.627647  0.592204  0.709076  0.671613  0.572154  0.552584  0.587736  0.610844  0.739370  0.641049  0.678358  0.673167  0.666690  0.603481  0.517287  0.541112  0.617816  0.728957  0.547620  0.526874  0.565634  0.542827  0.559345  0.597753  0.650599  0.700565  0.631465  0.692611  0.525178  0.589266  0.498449  0.560134  0.739495  0.594107  0.518299  0.482783  0.563676  0.636012  0.541069  0.486995  0.619458  0.523945  0.566442  0.161853  0.611391  0.594350  0.616988  0.649816  0.495416  0.608895  0.545401  0.294893  0.741886  0.642986  0.506876  0.654875  0.615248  0.582251  0.556962  0.642462  0.874046  0.598406  0.707499  0.526690  0.681641  0.627778  0.641020  0.567141  0.509702  0.643219  0.691649  0.488373  0.618769  0.602582  0.587862  0.565257  0.651903  0.568227  0.646967  0.486952  0.744312  0.486267  0.616438  0.641986  0.543598  0.528468  0.570135  0.597463  0.633323  0.440358  0.436918  0.554259  0.636357  0.607019  0.659220  0.653437  0.635211  0.321199  0.803432  0.576478  0.689124  0.703259  0.485413  0.654927  0.403953  0.676831  0.717971 
