197
0 0.0  0.498024  0.540347  0.176367  0.247579  0.362380  0.229532  0.402552  0.472370  0.490064  0.752950  0.310568  0.388571  0.456937  0.477500  0.427960  0.422073  0.365489  0.390701  0.580248  0.401134  0.429421  0.452855  0.403504  0.716154  0.510162  0.417334  0.457940  0.692510  0.480303  0.435020  0.541825  0.720574  0.472806  0.217639  0.486523  0.347017  0.379079  0.490920  0.462569  0.530627  0.401784  0.444818  0.473101  0.510831  0.244064  0.389834  0.445017  0.353926  0.302518  0.403508  0.412514  0.587985  0.373653  0.145994  0.509744  0.468824  0.486347  0.428682  0.414144  0.490361  0.466979  0.445956  0.458801  0.493638  0.534647  0.391424  0.479009  0.354969  0.511743  0.536836  0.426394  0.273569  0.407765  0.557129  0.479751  0.415411  0.380746  0.460357  0.398882  0.409347  0.396578  0.464335  0.401384  0.418851  0.449149  0.470032  0.685135  0.578432  0.481218  0.436212  0.375381  0.530521  0.597396  0.514506  0.508143  0.269761  0.424543  0.530829  0.492926  0.527886  0.722984  0.722714  0.508517  0.448900  0.400882  0.420304  0.674429  0.452288  0.423386  0.526561  0.496782  0.309798  0.451366  0.472881  0.674384  0.547537  0.703769  0.452717  0.401785  0.497943  0.452630  0.743246  0.498042  0.489526  0.432441  0.480660  0.501286  0.522873  0.407307  0.493882  0.464032  0.472010  0.504022  0.485843  0.440025  0.464151  0.457878  0.200494  0.400501  0.419776  0.537354  0.556225  0.465966  0.457810  0.422488  0.381636  0.409682  0.476387  0.768036  0.825418  0.584793  0.502363  0.468326  0.730614  0.522079  0.540442  0.510209  0.502400  0.467552  0.484229  0.406614  0.495227  0.530326  0.434256  0.491435  0.328954  0.493450  0.658302  0.446316  0.615276  0.419251  0.743326  0.599692  0.515215  0.550706  0.583430  0.708650  0.567315  0.418447  0.456426  0.523959  0.503451  0.471720  0.692235  0.472565  0.521678  0.542405  0.733996  0.362197  0.711305  0.452896  0.492420  0.456289  0.440886  0.465836  0.465865 
1  0.498024 0.0  0.388226  0.393813  0.530522  0.504743  0.448998  0.374362  0.490292  0.401886  0.722381  0.324097  0.378016  0.318751  0.559003  0.429805  0.374524  0.163751  0.482907  0.576017  0.402777  0.287589  0.426094  0.436119  0.709152  0.335756  0.453302  0.401009  0.807443  0.547453  0.366238  0.416011  0.714784  0.482837  0.347065  0.235686  0.492626  0.561452  0.617485  0.505226  0.343833  0.612440  0.431677  0.333404  0.312764  0.467349  0.325893  0.433805  0.495331  0.275579  0.507921  0.376660  0.532969  0.391679  0.554037  0.438170  0.407024  0.386674  0.373466  0.431935  0.375978  0.393646  0.391550  0.345664  0.381091  0.334850  0.428350  0.328622  0.422703  0.590140  0.343657  0.249645  0.299083  0.431686  0.249766  0.446384  0.421009  0.531479  0.353622  0.377023  0.483606  0.348370  0.535547  0.560329  0.517091  0.451417  0.435861  0.663503  0.478059  0.467372  0.390218  0.400810  0.360882  0.401731  0.405505  0.424017  0.470994  0.455566  0.325089  0.447052  0.500329  0.700307  0.747681  0.515177  0.435065  0.276518  0.446437  0.758741  0.492967  0.480956  0.445768  0.502609  0.368050  0.374436  0.418850  0.776261  0.413097  0.739326  0.270496  0.427364  0.402779  0.564598  0.741174  0.454820  0.425271  0.492488  0.439592  0.474270  0.482535  0.407093  0.428789  0.437296  0.399089  0.581806  0.466756  0.500723  0.371857  0.522860  0.489481  0.304965  0.298923  0.481795  0.525069  0.389158  0.295786  0.604265  0.250617  0.257011  0.346103  0.606248  0.723471  0.369133  0.406943  0.381035  0.636792  0.444166  0.465560  0.345429  0.391592  0.386831  0.382282  0.280923  0.355835  0.330254  0.399791  0.432418  0.470129  0.455888  0.741080  0.446488  0.510593  0.434424  0.686948  0.446710  0.479345  0.407147  0.376525  0.584258  0.360554  0.388277  0.644321  0.356523  0.376516  0.528872  0.685634  0.426328  0.416542  0.538094  0.806682  0.589150  0.776213  0.438401  0.536700  0.450227  0.388354  0.518586  0.463456 
2  0.540347  0.388226 0.0  0.494379  0.479395  0.498998  0.538147  0.161907  0.265567  0.415991  0.713470  0.257003  0.353777  0.259371  0.603612  0.311564  0.223575  0.304108  0.464586  0.623986  0.443588  0.268942  0.253245  0.314774  0.718541  0.257625  0.280982  0.245353  0.669811  0.453548  0.382275  0.300427  0.782955  0.425013  0.405466  0.324077  0.556855  0.450559  0.585563  0.241357  0.279970  0.381568  0.327013  0.339791  0.391202  0.480253  0.421881  0.399872  0.473954  0.283613  0.553867  0.473968  0.633448  0.269115  0.490940  0.427021  0.341410  0.345704  0.459961  0.404135  0.327259  0.349049  0.262469  0.339992  0.414991  0.314755  0.331314  0.279029  0.348526  0.550671  0.368119  0.254035  0.543036  0.363997  0.248665  0.363542  0.490109  0.377954  0.312844  0.331419  0.327967  0.352945  0.413430  0.422665  0.487584  0.311625  0.329293  0.557013  0.374059  0.210865  0.361355  0.206012  0.300962  0.359684  0.333225  0.264919  0.487452  0.426768  0.301402  0.376622  0.532178  0.616024  0.736663  0.459597  0.314693  0.338840  0.391567  0.718792  0.396822  0.441162  0.212298  0.512589  0.256005  0.296224  0.328719  0.817506  0.299268  0.854626  0.249183  0.267571  0.360919  0.520052  0.814584  0.226468  0.287828  0.423518  0.400753  0.541487  0.428220  0.516311  0.372267  0.527387  0.317205  0.669354  0.301473  0.368927  0.315919  0.266735  0.479064  0.481098  0.216070  0.453971  0.205926  0.328097  0.295682  0.500187  0.457493  0.339139  0.396504  0.537043  0.635437  0.412627  0.221374  0.288439  0.722215  0.426471  0.304040  0.336882  0.481074  0.495044  0.303746  0.351193  0.395524  0.458808  0.295173  0.351496  0.434763  0.457413  0.772421  0.453095  0.343858  0.382997  0.846875  0.360663  0.391966  0.302789  0.245435  0.559829  0.178470  0.192459  0.506820  0.189637  0.343242  0.417926  0.770088  0.323014  0.307031  0.610906  0.683978  0.436781  0.796126  0.414702  0.478913  0.424500  0.332574  0.537078  0.348704 
3  0.176367  0.393813  0.494379 0.0  0.136300  0.273036  0.206124  0.440322  0.545893  0.551700  0.741597  0.587329  0.522809  0.572478  0.653329  0.527850  0.513349  0.474939  0.140731  0.588540  0.413120  0.454488  0.582030  0.495801  0.781595  0.548770  0.354021  0.476246  0.786031  0.436368  0.516672  0.408483  0.679942  0.535698  0.304551  0.394103  0.511533  0.459952  0.544889  0.470638  0.517163  0.441785  0.416268  0.554537  0.380606  0.179684  0.434699  0.509161  0.380493  0.431004  0.638455  0.343751  0.551867  0.409332  0.327813  0.581568  0.575563  0.539102  0.411175  0.330916  0.501382  0.516174  0.537216  0.484156  0.534347  0.449820  0.526060  0.462998  0.423683  0.544335  0.431084  0.519445  0.292751  0.419900  0.644442  0.479821  0.356185  0.414215  0.521836  0.476397  0.507119  0.573348  0.399910  0.503423  0.524276  0.568107  0.487633  0.697279  0.602411  0.538960  0.616540  0.491411  0.517089  0.482897  0.546397  0.544323  0.266379  0.632049  0.593620  0.432620  0.497895  0.757374  0.763344  0.510341  0.480925  0.423560  0.524536  0.844683  0.539549  0.547417  0.521219  0.467760  0.491873  0.464003  0.519763  0.685998  0.487506  0.715580  0.580128  0.420768  0.479924  0.476840  0.694355  0.597396  0.593627  0.499979  0.459464  0.594293  0.446384  0.429285  0.510833  0.523423  0.537614  0.576047  0.562836  0.512975  0.633381  0.425865  0.273687  0.505144  0.513250  0.543179  0.552509  0.425419  0.507021  0.537549  0.486740  0.465462  0.346173  0.634863  0.712303  0.504416  0.437169  0.478799  0.710953  0.544455  0.490797  0.527605  0.511489  0.643996  0.628773  0.490654  0.446113  0.448724  0.580817  0.440215  0.540752  0.465187  0.703196  0.476658  0.638414  0.428558  0.713181  0.512387  0.425209  0.527543  0.481611  0.690404  0.541306  0.436255  0.642927  0.427835  0.398330  0.564309  0.788178  0.485177  0.531850  0.571796  0.628010  0.472625  0.660559  0.523413  0.468867  0.551021  0.460018  0.528443  0.399382 
4  0.247579  0.530522  0.479395  0.136300 0.0  0.288484  0.300296  0.410287  0.390832  0.381172  0.758373  0.409743  0.470050  0.586803  0.498563  0.513743  0.335035  0.398641  0.249331  0.562507  0.408642  0.478878  0.634246  0.597558  0.591815  0.505961  0.467079  0.459920  0.594879  0.491870  0.611960  0.515200  0.691716  0.430557  0.210136  0.556790  0.446931  0.471293  0.601133  0.470560  0.558356  0.565329  0.370890  0.449598  0.399172  0.186094  0.457230  0.552256  0.347261  0.479778  0.559591  0.393655  0.625972  0.485785  0.278419  0.545373  0.576692  0.430371  0.489685  0.297550  0.550802  0.518880  0.536607  0.602259  0.577291  0.471284  0.391469  0.509422  0.452262  0.621920  0.657287  0.579548  0.195046  0.406251  0.491347  0.541431  0.434601  0.447055  0.631258  0.604738  0.573838  0.411856  0.401927  0.392039  0.528474  0.481376  0.328313  0.633193  0.501268  0.509895  0.540398  0.382160  0.569142  0.562828  0.582138  0.546016  0.317092  0.484914  0.485673  0.600682  0.549414  0.653939  0.731634  0.503173  0.554055  0.482513  0.506180  0.717423  0.429779  0.494849  0.478273  0.431903  0.558671  0.497140  0.457416  0.753424  0.357258  0.684952  0.399088  0.478247  0.457476  0.389599  0.784398  0.448703  0.507142  0.509253  0.563291  0.447696  0.541334  0.315929  0.605466  0.571122  0.624833  0.589962  0.567614  0.521008  0.635656  0.494118  0.205418  0.601327  0.467201  0.471179  0.459046  0.576738  0.403810  0.486897  0.502863  0.402032  0.465808  0.666612  0.747957  0.474934  0.535884  0.625501  0.712840  0.549623  0.508144  0.560049  0.485246  0.550332  0.464314  0.548382  0.588859  0.522005  0.510731  0.459622  0.537693  0.393174  0.689486  0.431618  0.571852  0.378642  0.698397  0.423192  0.501346  0.533248  0.459618  0.648047  0.406798  0.505320  0.610757  0.465996  0.600982  0.484594  0.654171  0.482958  0.392932  0.540829  0.771696  0.420005  0.803943  0.447258  0.499896  0.598911  0.487669  0.512072  0.605759 
5  0.362380  0.504743  0.498998  0.273036  0.288484 0.0  0.315500  0.487997  0.401360  0.396648  0.707355  0.502359  0.479091  0.510786  0.526227  0.465597  0.439095  0.510857  0.271776  0.669675  0.411307  0.501443  0.314914  0.392227  0.639771  0.440886  0.439015  0.407148  0.752125  0.439540  0.522979  0.496322  0.687770  0.476737  0.332521  0.424698  0.362514  0.449914  0.509886  0.489393  0.461372  0.348304  0.494180  0.477886  0.416263  0.210436  0.466659  0.480155  0.373285  0.462649  0.597333  0.334226  0.568648  0.417391  0.313457  0.385382  0.353686  0.407943  0.481996  0.384715  0.340751  0.447774  0.452009  0.529672  0.467338  0.387032  0.469411  0.408855  0.324010  0.574733  0.577511  0.405400  0.451868  0.436746  0.412664  0.560371  0.420322  0.499831  0.546512  0.501850  0.356047  0.448445  0.400115  0.382019  0.460699  0.504276  0.532928  0.700829  0.464409  0.501980  0.508166  0.411549  0.482207  0.493995  0.455562  0.481713  0.271884  0.375279  0.479269  0.485328  0.548695  0.737783  0.760792  0.566640  0.436443  0.448116  0.406295  0.788705  0.391260  0.377641  0.411842  0.459780  0.470615  0.489406  0.508763  0.697434  0.562181  0.775304  0.438834  0.443141  0.309626  0.342000  0.831374  0.462551  0.530287  0.459229  0.554137  0.458510  0.474692  0.460322  0.530277  0.491640  0.471657  0.573078  0.580063  0.626950  0.580339  0.417709  0.198218  0.584829  0.490462  0.534943  0.505580  0.375151  0.405465  0.498480  0.458496  0.308705  0.376202  0.713422  0.871226  0.506649  0.512828  0.577711  0.653660  0.537858  0.502670  0.485397  0.493398  0.511236  0.437246  0.432447  0.438157  0.563819  0.503721  0.528943  0.434878  0.319605  0.669434  0.430344  0.556096  0.424809  0.816569  0.534684  0.544162  0.469284  0.467517  0.701602  0.472844  0.471183  0.541240  0.474972  0.517887  0.499501  0.720516  0.499945  0.457842  0.574888  0.662245  0.343845  0.632567  0.471705  0.357015  0.620757  0.399706  0.440107  0.568871 
6  0.229532  0.448998  0.538147  0.206124  0.300296  0.315500 0.0  0.449454  0.413342  0.455645  0.693420  0.455868  0.573216  0.487733  0.603844  0.483567  0.387946  0.516841  0.295227  0.627194  0.412419  0.397384  0.495309  0.535189  0.713618  0.510628  0.495947  0.434308  0.631211  0.489092  0.643163  0.548138  0.674400  0.488639  0.330323  0.403495  0.437545  0.517882  0.474557  0.375632  0.452773  0.524559  0.528552  0.462394  0.412132  0.275086  0.434594  0.470332  0.374836  0.422050  0.546980  0.451557  0.641782  0.397424  0.313419  0.460062  0.454799  0.610178  0.413864  0.492543  0.532269  0.640032  0.439603  0.440207  0.505575  0.596261  0.490740  0.471818  0.541772  0.499683  0.526817  0.490273  0.411200  0.542194  0.534731  0.587518  0.448415  0.446997  0.577345  0.502713  0.598671  0.527984  0.371075  0.480488  0.507875  0.537959  0.452021  0.631912  0.471445  0.391404  0.506162  0.505179  0.554195  0.442606  0.564675  0.540419  0.246474  0.509484  0.491325  0.442778  0.583190  0.717512  0.683683  0.486177  0.554497  0.401855  0.523878  0.708580  0.514781  0.540727  0.534992  0.556687  0.446432  0.519472  0.492137  0.734290  0.495115  0.778307  0.474215  0.475330  0.535501  0.480950  0.651703  0.554437  0.556611  0.445253  0.606376  0.532809  0.553438  0.490545  0.460200  0.373563  0.460811  0.560762  0.521563  0.491749  0.594742  0.536698  0.244952  0.491663  0.413712  0.528755  0.563275  0.509713  0.461396  0.530477  0.495066  0.525968  0.365972  0.636833  0.787250  0.519821  0.515110  0.534898  0.761360  0.508174  0.471051  0.534896  0.548520  0.561724  0.549048  0.487895  0.467860  0.520022  0.493049  0.486939  0.542443  0.402250  0.732698  0.539686  0.539797  0.422373  0.692402  0.510337  0.562683  0.546375  0.500650  0.668358  0.488714  0.477304  0.606113  0.528908  0.473066  0.417135  0.670778  0.491032  0.520233  0.493000  0.697591  0.422292  0.769586  0.513159  0.412619  0.501284  0.473200  0.471787  0.428504 
7  0.402552  0.374362  0.161907  0.440322  0.410287  0.487997  0.449454 0.0  0.130791  0.527584  0.733703  0.289547  0.319503  0.331955  0.661035  0.369294  0.248035  0.247573  0.517467  0.523565  0.525594  0.381618  0.254352  0.201346  0.655762  0.291399  0.230429  0.149337  0.666075  0.434471  0.300018  0.347881  0.734926  0.514067  0.352186  0.289563  0.431909  0.421425  0.655147  0.201414  0.373622  0.424136  0.324173  0.320502  0.343984  0.524940  0.437892  0.310677  0.380847  0.271398  0.559917  0.384556  0.548444  0.208894  0.456612  0.493061  0.472994  0.344303  0.362270  0.483886  0.350253  0.409918  0.262038  0.302057  0.304768  0.382217  0.335597  0.287499  0.298797  0.517530  0.309189  0.255675  0.318394  0.329916  0.386502  0.295879  0.451396  0.414996  0.329040  0.364879  0.370702  0.323897  0.389586  0.423701  0.547804  0.360274  0.308266  0.676263  0.339635  0.202485  0.288998  0.240591  0.356678  0.406764  0.432572  0.223278  0.361335  0.406267  0.441036  0.348752  0.551257  0.760529  0.722712  0.478656  0.268172  0.231726  0.395638  0.831794  0.501246  0.373055  0.156957  0.430043  0.217715  0.314985  0.400775  0.701237  0.358684  0.733153  0.200650  0.294460  0.273907  0.504057  0.886781  0.284702  0.412608  0.435080  0.396843  0.458262  0.326666  0.520038  0.417971  0.455359  0.268339  0.519856  0.314458  0.328375  0.350767  0.270930  0.483449  0.313161  0.209728  0.508505  0.356042  0.292512  0.322652  0.470279  0.390155  0.405842  0.376499  0.568431  0.650233  0.420190  0.321393  0.271916  0.694714  0.404158  0.426787  0.242362  0.329630  0.372295  0.331700  0.288085  0.284385  0.386049  0.340773  0.357096  0.410836  0.457033  0.769302  0.579115  0.312495  0.367525  0.767250  0.344783  0.394128  0.298492  0.273275  0.690060  0.288707  0.306508  0.661082  0.134084  0.458979  0.476925  0.758410  0.355046  0.221327  0.508845  0.782510  0.427129  0.773156  0.405936  0.474581  0.373542  0.335464  0.435130  0.299030 
8  0.472370  0.490292  0.265567  0.545893  0.390832  0.401360  0.413342  0.130791 0.0  0.535655  0.713025  0.228194  0.292208  0.294845  0.648341  0.240492  0.340990  0.313680  0.431632  0.557933  0.513812  0.436823  0.301791  0.359533  0.749355  0.279846  0.257625  0.216333  0.739993  0.499533  0.343252  0.396923  0.752520  0.520111  0.382497  0.254155  0.443777  0.479332  0.581018  0.356942  0.338242  0.412440  0.212812  0.457414  0.426925  0.558292  0.316661  0.387664  0.414269  0.274612  0.478905  0.366362  0.588761  0.341505  0.599146  0.533107  0.494111  0.360292  0.449251  0.455324  0.371375  0.310548  0.333594  0.452982  0.343553  0.337452  0.325818  0.278047  0.519404  0.533755  0.431882  0.289681  0.356271  0.292211  0.252514  0.195586  0.410082  0.491686  0.261583  0.241609  0.327362  0.285112  0.516936  0.463873  0.451422  0.292928  0.386234  0.598714  0.432539  0.301006  0.350335  0.369031  0.305006  0.325227  0.279942  0.288688  0.473650  0.490004  0.294151  0.426167  0.492998  0.777752  0.812117  0.530126  0.334625  0.252434  0.409168  0.823208  0.430273  0.521480  0.241927  0.482257  0.267450  0.275160  0.295714  0.848717  0.397306  0.717551  0.211269  0.279276  0.363666  0.477965  0.720978  0.344932  0.347049  0.474699  0.370057  0.490853  0.373471  0.499730  0.419630  0.520439  0.243310  0.583735  0.245332  0.370386  0.381740  0.251285  0.477199  0.406015  0.309192  0.573718  0.425348  0.418243  0.377071  0.489947  0.413676  0.409018  0.340996  0.609122  0.728702  0.440478  0.314297  0.395509  0.722412  0.395220  0.393196  0.385535  0.387548  0.281967  0.256280  0.280970  0.356948  0.415153  0.411549  0.185742  0.537419  0.424760  0.744623  0.430455  0.471331  0.386886  0.718967  0.353847  0.403324  0.330877  0.337994  0.728605  0.327190  0.276013  0.574585  0.323362  0.445330  0.376163  0.794461  0.320590  0.301982  0.645641  0.830811  0.570870  0.811972  0.416953  0.435278  0.295735  0.309439  0.466890  0.484835 
9  0.490064  0.401886  0.415991  0.551700  0.381172  0.396648  0.455645  0.527584  0.535655 0.0  0.739843  0.425489  0.509162  0.619647  0.604977  0.587010  0.421620  0.408103  0.593925  0.598920  0.406392  0.397842  0.540352  0.574015  0.790750  0.454626  0.527706  0.506922  0.790832  0.345656  0.616239  0.503197  0.749996  0.306757  0.337885  0.394196  0.530476  0.465809  0.671167  0.444938  0.495164  0.325968  0.447867  0.504265  0.412070  0.466374  0.500929  0.488829  0.427825  0.408495  0.604800  0.509248  0.641391  0.513875  0.441014  0.272663  0.206493  0.548725  0.549847  0.501544  0.393490  0.479569  0.465112  0.484894  0.453503  0.464680  0.464128  0.405275  0.423889  0.557086  0.360427  0.468547  0.381179  0.369022  0.439605  0.527048  0.537389  0.373008  0.389386  0.476424  0.541671  0.539492  0.451518  0.503808  0.490845  0.453892  0.466643  0.702582  0.486583  0.534457  0.535937  0.486140  0.496446  0.546306  0.525629  0.546652  0.477276  0.279159  0.488566  0.592500  0.259216  0.827400  0.717557  0.244891  0.412737  0.532625  0.292168  0.881353  0.239786  0.200367  0.473075  0.300233  0.586478  0.536480  0.562380  0.813761  0.508951  0.900799  0.475232  0.451749  0.431335  0.409893  0.685172  0.572562  0.574786  0.280803  0.586213  0.234825  0.443546  0.430774  0.540846  0.305346  0.612029  0.593200  0.535590  0.332262  0.455754  0.636660  0.527882  0.533538  0.395447  0.579036  0.500303  0.396407  0.479879  0.291697  0.524264  0.420951  0.431088  0.630394  0.784637  0.451128  0.454869  0.547394  0.684026  0.545108  0.654103  0.503678  0.462081  0.488412  0.535334  0.566018  0.473886  0.435065  0.415682  0.461658  0.238094  0.534619  0.785612  0.506353  0.516672  0.540779  0.870424  0.615984  0.500693  0.512742  0.459578  0.695428  0.399235  0.366073  0.628844  0.520133  0.608356  0.331454  0.748356  0.559072  0.486086  0.670605  0.783274  0.493866  0.737187  0.536121  0.425573  0.527448  0.515814  0.242931  0.562811 
10  0.752950  0.722381  0.713470  0.741597  0.758373  0.707355  0.693420  0.733703  0.713025  0.739843 0.0  0.894470  0.805973  0.835575  0.631467  0.756490  0.792193  0.726234  0.672502  0.609613  0.764824  0.708921  0.764701  0.737862  0.489065  0.802964  0.883708  0.815852  0.539139  0.723913  0.875424  0.913556  0.447718  0.835134  0.728123  0.718720  0.737110  0.762628  0.783968  0.783458  0.873939  0.692526  0.732763  0.769732  0.793410  0.772285  0.608116  0.841252  0.757920  0.775059  0.706527  0.694618  0.697101  0.751381  0.685401  0.810081  0.781980  0.823727  0.697227  0.797999  0.807083  0.720472  0.793595  0.842172  0.753511  0.891604  0.729024  0.785641  0.747894  0.781757  0.845649  0.710379  0.684294  0.831310  0.728534  0.761137  0.728460  0.612527  0.834629  0.864585  0.847003  0.878262  0.654912  0.722403  0.817408  0.806070  0.758576  0.720621  0.869205  0.870420  0.958034  0.732436  0.849753  0.882149  0.898856  0.869364  0.669836  0.831483  0.763831  0.927514  0.872782  0.604477  0.200907  0.693436  0.841932  0.706790  0.844259  0.303838  0.831901  0.791188  0.833358  0.809802  0.833800  0.804361  0.771851  0.233702  0.735713  0.164459  0.744129  0.700393  0.687566  0.670340  0.874228  0.857184  0.839449  0.747830  0.829216  0.803507  0.731743  0.748422  0.891986  0.852817  0.787630  0.773633  0.858108  0.817270  0.869622  0.872725  0.767390  0.863346  0.717311  0.709498  0.862885  0.801596  0.689049  0.864710  0.843998  0.697297  0.757318  0.680535  0.771034  0.876082  1.000000  0.869771  0.801797  0.861211  0.911646  0.777194  0.730782  0.922938  0.767536  0.839124  0.952931  0.874795  0.897656  0.800128  0.742327  0.692500  0.390368  0.730606  0.911079  0.736956  0.200566  0.820920  0.852812  0.822449  0.901187  0.707410  0.789411  0.764696  0.692316  0.608786  0.894418  0.744918  0.149903  0.795291  0.751954  0.745171  0.592269  0.679410  0.214464  0.956931  0.686971  0.896311  0.784649  0.813571  0.883659 
11  0.310568  0.324097  0.257003  0.587329  0.409743  0.502359  0.455868  0.289547  0.228194  0.425489  0.894470 0.0  0.320573  0.291139  0.586354  0.300811  0.302186  0.290403  0.466690  0.598807  0.554386  0.384076  0.252633  0.247872  0.743248  0.235425  0.185758  0.188698  0.765260  0.422497  0.338004  0.292611  0.756477  0.414813  0.424061  0.297853  0.437785  0.445681  0.620001  0.333996  0.228292  0.502241  0.190643  0.410985  0.470796  0.425057  0.406486  0.341401  0.429333  0.106988  0.492920  0.470838  0.491392  0.256266  0.422031  0.418161  0.422869  0.351889  0.455028  0.480174  0.301751  0.341422  0.209372  0.259598  0.315792  0.326417  0.193114  0.242941  0.354806  0.611444  0.174096  0.292325  0.370971  0.251951  0.361797  0.348163  0.432247  0.486326  0.288134  0.320191  0.400002  0.336358  0.576933  0.494562  0.556982  0.161188  0.306478  0.514525  0.229339  0.310623  0.293780  0.135315  0.253837  0.357627  0.322436  0.245789  0.456104  0.577700  0.417586  0.254855  0.435663  0.894003  0.773185  0.523798  0.206750  0.291363  0.494434  0.818359  0.446044  0.454354  0.268652  0.458378  0.265995  0.188047  0.322758  0.712808  0.328161  0.803996  0.338891  0.236383  0.330095  0.508242  0.627848  0.240013  0.332888  0.491320  0.386507  0.462273  0.239230  0.514228  0.388023  0.421976  0.371566  0.506101  0.249189  0.509268  0.207797  0.334973  0.508929  0.258391  0.232117  0.596919  0.333150  0.278486  0.310776  0.475890  0.371398  0.313984  0.339751  0.752268  0.654866  0.329135  0.283312  0.201816  0.538653  0.225430  0.464942  0.399834  0.307390  0.310975  0.254528  0.147775  0.406151  0.278813  0.320551  0.301219  0.390768  0.423508  0.796267  0.548123  0.341453  0.474516  0.820617  0.292911  0.315615  0.374088  0.312289  0.703436  0.244693  0.375078  0.412415  0.310986  0.370459  0.345964  0.812121  0.321565  0.282619  0.589008  0.814368  0.438166  0.842420  0.372321  0.505804  0.357016  0.362940  0.561544  0.328615 
12  0.388571  0.378016  0.353777  0.522809  0.470050  0.479091  0.573216  0.319503  0.292208  0.509162  0.805973  0.320573 0.0  0.324969  0.617307  0.227243  0.311658  0.163293  0.515048  0.711125  0.574386  0.318732  0.237476  0.240497  0.779427  0.227578  0.172792  0.236370  0.680357  0.508402  0.231747  0.284359  0.762228  0.442481  0.233936  0.395258  0.513219  0.533388  0.635288  0.225302  0.279080  0.496830  0.297567  0.356978  0.479322  0.524843  0.273981  0.373096  0.436206  0.208213  0.575834  0.411442  0.541998  0.344883  0.543877  0.520519  0.496071  0.442648  0.577965  0.488499  0.311732  0.218586  0.216713  0.296263  0.214471  0.273225  0.271472  0.263686  0.349611  0.453380  0.308632  0.358695  0.308594  0.482709  0.323338  0.325686  0.556852  0.389695  0.303632  0.227221  0.223260  0.302385  0.502764  0.489500  0.541344  0.284926  0.290130  0.623646  0.278102  0.285546  0.213767  0.261925  0.184625  0.208780  0.247699  0.135555  0.483009  0.528900  0.349007  0.347717  0.587435  0.819189  0.763748  0.443070  0.211646  0.358523  0.370475  0.792795  0.455669  0.505208  0.276325  0.420048  0.408643  0.219314  0.396919  0.794363  0.305470  0.773813  0.259719  0.226321  0.328114  0.495587  0.824189  0.254002  0.391772  0.457635  0.349690  0.532274  0.154627  0.583930  0.349816  0.436107  0.251860  0.593168  0.199688  0.414514  0.261235  0.343215  0.503790  0.244423  0.315712  0.676349  0.381573  0.318240  0.357843  0.360423  0.287844  0.350297  0.420090  0.643292  0.785665  0.345680  0.316351  0.270191  0.614987  0.335287  0.323088  0.250301  0.283878  0.295119  0.229585  0.232455  0.238384  0.404505  0.191112  0.276268  0.457356  0.450645  0.736362  0.500563  0.417680  0.539810  0.785925  0.245940  0.226021  0.099429  0.170349  0.641458  0.340157  0.262384  0.587715  0.240694  0.319655  0.456109  0.742934  0.325953  0.171063  0.696042  0.783579  0.506356  0.820057  0.221801  0.566272  0.263291  0.328572  0.391617  0.332058 
13  0.456937  0.318751  0.259371  0.572478  0.586803  0.510786  0.487733  0.331955  0.294845  0.619647  0.835575  0.291139  0.324969 0.0  0.627605  0.156449  0.282393  0.306478  0.556978  0.566547  0.514743  0.424809  0.225024  0.406886  0.676059  0.339220  0.307049  0.266832  0.736834  0.544247  0.323515  0.179241  0.857486  0.452755  0.420855  0.335097  0.543628  0.500655  0.607551  0.278131  0.351513  0.541598  0.222727  0.419779  0.373185  0.418736  0.346809  0.259431  0.588446  0.287871  0.537575  0.507886  0.572877  0.357418  0.392634  0.548535  0.361572  0.439440  0.547687  0.480207  0.400715  0.296692  0.254348  0.274307  0.213566  0.181606  0.244925  0.334653  0.353420  0.525732  0.213318  0.355426  0.428960  0.468133  0.299741  0.195774  0.633556  0.569912  0.337653  0.225683  0.250639  0.273469  0.626622  0.492566  0.592640  0.223101  0.206313  0.557740  0.187593  0.254694  0.214289  0.173644  0.225100  0.168615  0.332388  0.208400  0.567095  0.408820  0.342291  0.174342  0.434997  0.816971  0.790388  0.440590  0.312939  0.266270  0.524493  0.825240  0.435833  0.533675  0.308761  0.465142  0.399740  0.252715  0.338557  0.836939  0.306675  0.847727  0.252208  0.240429  0.297420  0.533158  0.696218  0.161468  0.237039  0.552372  0.257726  0.469801  0.251922  0.560699  0.292342  0.445165  0.298526  0.590602  0.285415  0.396543  0.308044  0.228847  0.450664  0.165041  0.295803  0.596170  0.316743  0.265576  0.332174  0.500623  0.372713  0.459632  0.386153  0.479554  0.736783  0.255207  0.298800  0.278983  0.435423  0.301755  0.213908  0.254318  0.289537  0.368600  0.306097  0.203457  0.224002  0.230527  0.186315  0.246363  0.433275  0.535127  0.716216  0.552127  0.310940  0.498368  0.927683  0.104182  0.246476  0.171343  0.265100  0.637091  0.312523  0.337269  0.655685  0.347176  0.175645  0.456414  0.827950  0.185188  0.265981  0.666597  0.753127  0.508241  0.924284  0.315590  0.502181  0.302706  0.392604  0.462407  0.355025 
14  0.477500  0.559003  0.603612  0.653329  0.498563  0.526227  0.603844  0.661035  0.648341  0.604977  0.631467  0.586354  0.617307  0.627605 0.0  0.673540  0.628844  0.640977  0.641665  0.405755  0.510132  0.569207  0.587703  0.621405  0.724886  0.688106  0.645003  0.682498  0.731129  0.563471  0.612266  0.740019  0.736037  0.634644  0.509157  0.642673  0.562717  0.562343  0.447760  0.617937  0.583074  0.594910  0.646981  0.650979  0.488198  0.562990  0.639519  0.679681  0.538047  0.517724  0.434321  0.577173  0.468281  0.667719  0.608113  0.602842  0.653448  0.667899  0.638681  0.675488  0.525575  0.648390  0.742697  0.651516  0.595442  0.765772  0.654886  0.604821  0.569168  0.556349  0.752904  0.558647  0.571868  0.602183  0.580706  0.674282  0.524614  0.572136  0.708416  0.742432  0.577473  0.566054  0.604665  0.516726  0.501086  0.664339  0.642058  0.739644  0.667533  0.635762  0.682072  0.463251  0.642723  0.590664  0.731252  0.633051  0.558340  0.684693  0.654576  0.700013  0.690335  0.707241  0.754650  0.607012  0.647226  0.709635  0.591340  0.539043  0.677274  0.628788  0.678977  0.733827  0.487506  0.564566  0.646784  0.690547  0.662951  0.664879  0.574506  0.540759  0.586676  0.636868  0.782600  0.684781  0.698477  0.615466  0.661349  0.631942  0.613867  0.578920  0.669781  0.535356  0.669705  0.362227  0.453679  0.571763  0.594462  0.665816  0.556155  0.613874  0.668700  0.326230  0.632312  0.622817  0.631252  0.677838  0.711632  0.655648  0.645323  0.783392  0.743880  0.620875  0.717272  0.683770  0.701715  0.593223  0.597332  0.599362  0.709561  0.644109  0.508908  0.637938  0.663546  0.710887  0.642365  0.562560  0.695783  0.552900  0.783173  0.621217  0.643274  0.566561  0.734421  0.755817  0.686935  0.664021  0.650880  0.791435  0.593051  0.583735  0.294699  0.609639  0.633197  0.617201  0.754357  0.663110  0.578779  0.502567  0.708125  0.562252  0.688080  0.709162  0.638027  0.611729  0.597961  0.640102  0.685818 
15  0.427960  0.429805  0.311564  0.527850  0.513743  0.465597  0.483567  0.369294  0.240492  0.587010  0.756490  0.300811  0.227243  0.156449  0.673540 0.0  0.359175  0.286812  0.424079  0.523240  0.521308  0.446358  0.256511  0.273849  0.684660  0.321416  0.275601  0.307365  0.780505  0.580514  0.260199  0.227559  0.756467  0.494820  0.450507  0.394337  0.603996  0.494866  0.611556  0.291728  0.257600  0.512525  0.284863  0.420026  0.341641  0.467732  0.330508  0.233895  0.556305  0.364265  0.651015  0.552066  0.547008  0.364827  0.454862  0.485115  0.530234  0.309916  0.510971  0.568137  0.321149  0.253206  0.232826  0.321852  0.230051  0.252320  0.395750  0.385925  0.271396  0.596038  0.383563  0.396946  0.387082  0.489399  0.416077  0.160763  0.440624  0.589607  0.232532  0.197718  0.221719  0.210770  0.450808  0.539367  0.655266  0.166059  0.295533  0.563332  0.285124  0.295387  0.328748  0.247203  0.270728  0.228588  0.218538  0.328930  0.507973  0.474569  0.288435  0.257130  0.409203  0.847379  0.813635  0.508765  0.328567  0.309886  0.428260  0.907954  0.398594  0.501646  0.352184  0.388608  0.299169  0.203929  0.296235  0.919121  0.227460  0.927996  0.284653  0.365123  0.404170  0.647203  0.737758  0.238481  0.385341  0.453892  0.207987  0.490922  0.290293  0.478100  0.231458  0.472618  0.237005  0.666363  0.279065  0.349060  0.278584  0.259135  0.537732  0.142210  0.301485  0.605176  0.316767  0.222054  0.351844  0.566531  0.344784  0.371393  0.362840  0.652049  0.745077  0.238777  0.324282  0.210369  0.562641  0.260077  0.308607  0.242365  0.206335  0.289110  0.252934  0.305458  0.304113  0.241202  0.232469  0.224325  0.492877  0.481854  0.764057  0.620185  0.317640  0.505101  0.863999  0.219297  0.236606  0.217475  0.212671  0.598815  0.344965  0.253857  0.654788  0.370425  0.262706  0.424222  0.863819  0.262005  0.288440  0.617639  0.825163  0.442050  0.821504  0.244580  0.575968  0.185138  0.447047  0.503447  0.238491 
16  0.422073  0.374524  0.223575  0.513349  0.335035  0.439095  0.387946  0.248035  0.340990  0.421620  0.792193  0.302186  0.311658  0.282393  0.628844  0.359175 0.0  0.298144  0.372907  0.643842  0.438491  0.363900  0.355713  0.340572  0.580265  0.364108  0.357617  0.305123  0.691257  0.468655  0.426642  0.382538  0.674900  0.399673  0.303498  0.385369  0.449602  0.490921  0.572251  0.314232  0.346227  0.522417  0.301519  0.165988  0.342915  0.268186  0.286580  0.445866  0.441722  0.183415  0.614241  0.382099  0.381973  0.252327  0.503283  0.457537  0.346302  0.306831  0.485983  0.521782  0.185531  0.393697  0.350218  0.380994  0.453594  0.301502  0.295080  0.217562  0.356381  0.620715  0.372965  0.337244  0.289286  0.256297  0.321986  0.347554  0.399837  0.429571  0.415702  0.360370  0.461505  0.358201  0.483601  0.567808  0.537635  0.334907  0.458297  0.530214  0.327092  0.341715  0.341412  0.297772  0.343628  0.439456  0.368495  0.278195  0.494132  0.469623  0.465083  0.404290  0.443972  0.691624  0.699396  0.417710  0.388268  0.301798  0.351801  0.816639  0.329597  0.431300  0.340126  0.395420  0.287888  0.394259  0.363501  0.804825  0.465002  0.803879  0.232480  0.330557  0.337509  0.472478  0.647486  0.319377  0.329489  0.389739  0.354601  0.370689  0.414139  0.539987  0.413394  0.457585  0.302590  0.436569  0.374610  0.357972  0.399512  0.365643  0.351158  0.327313  0.309491  0.583973  0.311181  0.371629  0.300438  0.390674  0.338045  0.375658  0.265939  0.615727  0.643589  0.326367  0.387795  0.211264  0.576383  0.410776  0.455057  0.358465  0.462118  0.456425  0.398245  0.327162  0.437636  0.364162  0.278859  0.375046  0.317210  0.414733  0.778347  0.466127  0.502470  0.482747  0.819251  0.385348  0.425363  0.411967  0.351285  0.674007  0.275020  0.455950  0.636743  0.187153  0.358814  0.465514  0.744837  0.384568  0.309376  0.483377  0.827132  0.563022  0.638565  0.413035  0.526654  0.527094  0.335538  0.464624  0.330177 
17  0.365489  0.163751  0.304108  0.474939  0.398641  0.510857  0.516841  0.247573  0.313680  0.408103  0.726234  0.290403  0.163293  0.306478  0.640977  0.286812  0.298144 0.0  0.526165  0.506277  0.523367  0.327801  0.208007  0.240333  0.694011  0.299829  0.261549  0.171006  0.699079  0.457318  0.219821  0.257899  0.745916  0.346767  0.335410  0.337686  0.488122  0.507414  0.558253  0.339639  0.383380  0.499720  0.219575  0.280778  0.298098  0.495366  0.315676  0.392377  0.489626  0.224284  0.624369  0.419340  0.474677  0.278783  0.376927  0.376492  0.475105  0.358361  0.527258  0.497290  0.433175  0.295872  0.234201  0.267295  0.243219  0.278917  0.246662  0.377504  0.432321  0.578450  0.244867  0.308823  0.414699  0.376220  0.346410  0.225066  0.489681  0.565567  0.253784  0.228331  0.231602  0.236582  0.561982  0.462869  0.424738  0.316127  0.258000  0.725407  0.313072  0.292801  0.297524  0.247511  0.177542  0.224909  0.314249  0.117971  0.415092  0.497642  0.181708  0.324566  0.490619  0.744095  0.821654  0.387853  0.253657  0.240362  0.494872  0.708633  0.549766  0.424218  0.296225  0.454086  0.240592  0.247502  0.346895  0.747078  0.269340  0.821079  0.344999  0.185686  0.282831  0.438297  0.754226  0.265658  0.372649  0.577158  0.248918  0.495688  0.276143  0.498987  0.203244  0.359668  0.299009  0.613842  0.175901  0.469559  0.314161  0.220149  0.396729  0.281780  0.207455  0.532736  0.329934  0.263742  0.370952  0.456239  0.323115  0.357413  0.342103  0.614434  0.686856  0.346694  0.342234  0.343884  0.537932  0.331953  0.299418  0.243096  0.335029  0.445490  0.353596  0.156115  0.276255  0.252295  0.345965  0.365920  0.471427  0.418948  0.781126  0.435632  0.397468  0.576715  0.714321  0.177876  0.304891  0.216459  0.272945  0.639586  0.251693  0.244058  0.600345  0.143229  0.171994  0.425297  0.843950  0.312162  0.311504  0.717476  0.727323  0.502061  0.790452  0.265109  0.420853  0.322193  0.334763  0.420065  0.203155 
18  0.390701  0.482907  0.464586  0.140731  0.249331  0.271776  0.295227  0.517467  0.431632  0.593925  0.672502  0.466690  0.515048  0.556978  0.641665  0.424079  0.372907  0.526165 0.0  0.525449  0.485704  0.548881  0.430585  0.567840  0.612243  0.529293  0.531083  0.416512  0.707622  0.372038  0.603113  0.450126  0.676480  0.457441  0.343259  0.434820  0.492929  0.539685  0.655251  0.444681  0.590254  0.459963  0.465945  0.457458  0.464237  0.232197  0.464567  0.661069  0.420682  0.521294  0.580930  0.329979  0.676900  0.500507  0.180977  0.559687  0.569608  0.633368  0.481006  0.247424  0.452489  0.515316  0.569838  0.495350  0.450178  0.584593  0.603748  0.333445  0.612590  0.578738  0.579920  0.460989  0.295998  0.552636  0.579528  0.531420  0.466722  0.423024  0.573822  0.586979  0.594299  0.620933  0.468838  0.412636  0.474429  0.535970  0.537040  0.707760  0.469632  0.474499  0.504114  0.569287  0.485442  0.597685  0.533111  0.464238  0.304326  0.553517  0.534679  0.492786  0.544522  0.697995  0.721724  0.469086  0.518144  0.507440  0.457095  0.753459  0.540221  0.478135  0.611857  0.625297  0.508128  0.508182  0.496667  0.734673  0.668986  0.806946  0.447191  0.501950  0.505860  0.495359  0.686056  0.534174  0.514835  0.507212  0.567620  0.698166  0.423620  0.458669  0.556940  0.411308  0.473814  0.561621  0.537290  0.463955  0.505890  0.513086  0.346747  0.552323  0.606673  0.485359  0.526320  0.450461  0.423994  0.524755  0.534753  0.430922  0.420676  0.672037  0.771436  0.512098  0.608108  0.553974  0.647853  0.474935  0.637448  0.560405  0.512064  0.563217  0.519833  0.473025  0.575603  0.566612  0.585314  0.415634  0.449252  0.408513  0.653520  0.444037  0.657971  0.478777  0.672475  0.499899  0.567580  0.516158  0.513385  0.669195  0.521899  0.541772  0.700074  0.560766  0.563803  0.491274  0.788581  0.599236  0.389295  0.699662  0.619033  0.624700  0.702972  0.509243  0.491974  0.469278  0.484010  0.447189  0.463729 
19  0.580248  0.576017  0.623986  0.588540  0.562507  0.669675  0.627194  0.523565  0.557933  0.598920  0.609613  0.598807  0.711125  0.566547  0.405755  0.523240  0.643842  0.506277  0.525449 0.0  0.611455  0.550117  0.582537  0.566837  0.825715  0.656368  0.483613  0.471856  0.737380  0.608543  0.664615  0.697499  0.784408  0.552366  0.486668  0.548124  0.565069  0.650371  0.351418  0.540185  0.586241  0.633862  0.513895  0.529822  0.584225  0.627580  0.579742  0.698882  0.611750  0.564045  0.352461  0.499670  0.438978  0.487496  0.560868  0.707761  0.686969  0.607921  0.532629  0.623409  0.541296  0.639684  0.602483  0.593644  0.579664  0.682668  0.552451  0.568283  0.574770  0.499033  0.464185  0.701608  0.399144  0.578551  0.568833  0.556039  0.638673  0.634294  0.477951  0.632911  0.644634  0.613428  0.488500  0.628477  0.585331  0.672399  0.619606  0.721873  0.616788  0.669937  0.619284  0.498968  0.580778  0.537985  0.663338  0.661522  0.621583  0.679300  0.553240  0.624674  0.683884  0.756867  0.821828  0.555475  0.580099  0.520545  0.603504  0.749544  0.533817  0.599685  0.709026  0.620394  0.583471  0.594601  0.661154  0.763862  0.672140  0.781124  0.615652  0.537676  0.557287  0.586096  0.752819  0.630011  0.640901  0.646142  0.600496  0.578035  0.623190  0.612208  0.635264  0.564135  0.588074  0.313173  0.584073  0.654193  0.667108  0.639303  0.517282  0.615111  0.618276  0.253048  0.702089  0.580988  0.567190  0.579703  0.603517  0.597856  0.592944  0.695372  0.812325  0.743154  0.700424  0.633829  0.727355  0.652800  0.689352  0.486867  0.563405  0.580633  0.664374  0.491893  0.699996  0.653188  0.650316  0.602924  0.560747  0.559393  0.688927  0.573714  0.663595  0.546101  0.843309  0.566125  0.678852  0.591420  0.643956  0.659753  0.517703  0.574674  0.436440  0.511586  0.581115  0.653787  0.605360  0.591547  0.638186  0.248463  0.758886  0.499954  0.715199  0.676273  0.544104  0.599671  0.533997  0.699610  0.757740 
