197
0 0.0  0.343120  0.385193  0.188215  0.216006  0.204791  0.218598  0.357815  0.447575  0.380013  0.672686  0.374473  0.386977  0.398224  0.409571  0.403315  0.360368  0.360677  0.229618  0.390417  0.366652  0.364744  0.345833  0.374243  0.601336  0.394894  0.400036  0.419363  0.760424  0.398013  0.387420  0.421311  0.725217  0.375838  0.262609  0.390054  0.370470  0.347954  0.458941  0.403904  0.378756  0.408887  0.347806  0.362416  0.409773  0.187805  0.324398  0.479704  0.277868  0.343073  0.498669  0.322339  0.458081  0.367203  0.203598  0.400305  0.449466  0.404706  0.346481  0.282951  0.375227  0.403099  0.406436  0.459267  0.434592  0.364145  0.397315  0.375026  0.353134  0.530483  0.437614  0.398229  0.250764  0.352317  0.399080  0.468804  0.334724  0.413851  0.490115  0.398204  0.428037  0.439111  0.306017  0.362198  0.359252  0.393822  0.347002  0.658871  0.418366  0.383377  0.435310  0.353665  0.389400  0.367384  0.467095  0.374035  0.204351  0.378783  0.420920  0.408153  0.452767  0.707234  0.712690  0.431128  0.382962  0.409462  0.335083  0.791508  0.419831  0.370668  0.367001  0.446068  0.390545  0.392388  0.444208  0.577219  0.401325  0.672382  0.336750  0.410479  0.378085  0.405891  0.752797  0.395356  0.483015  0.315131  0.433343  0.450334  0.402545  0.371932  0.461093  0.424367  0.435877  0.422553  0.397719  0.381630  0.468020  0.345140  0.186857  0.410864  0.307038  0.460069  0.434315  0.375666  0.415133  0.347380  0.345682  0.325262  0.381418  0.675194  0.635765  0.415372  0.391130  0.441552  0.559414  0.446355  0.473571  0.458112  0.330051  0.440056  0.398743  0.367189  0.441653  0.463819  0.462276  0.362187  0.343363  0.338709  0.757152  0.420901  0.535904  0.340372  0.607928  0.467578  0.373339  0.439455  0.403398  0.714217  0.401010  0.386577  0.436343  0.410657  0.391924  0.394781  0.621574  0.388100  0.391950  0.493307  0.658630  0.340877  0.595222  0.393039  0.351997  0.404616  0.403122  0.416490  0.395268 
1  0.343120 0.0  0.318737  0.365661  0.358465  0.347703  0.427433  0.310307  0.327947  0.423042  0.597956  0.293975  0.307377  0.346594  0.590778  0.265120  0.276483  0.271781  0.328135  0.481819  0.378113  0.267440  0.300656  0.345296  0.738435  0.336030  0.335895  0.319360  0.649288  0.425776  0.378079  0.331913  0.742977  0.367717  0.245962  0.284340  0.377363  0.442504  0.552230  0.327769  0.328418  0.440229  0.272509  0.306722  0.276750  0.398216  0.263397  0.347964  0.366231  0.316165  0.459974  0.347302  0.502053  0.257517  0.363832  0.429846  0.407213  0.222927  0.389157  0.372101  0.283577  0.384093  0.327784  0.326624  0.306915  0.343785  0.358697  0.286024  0.327957  0.401893  0.329414  0.266670  0.297256  0.324098  0.235992  0.337797  0.440928  0.357904  0.332674  0.331491  0.285674  0.305819  0.372719  0.382917  0.391337  0.359290  0.293649  0.567911  0.349843  0.314282  0.337666  0.259800  0.283079  0.325263  0.344468  0.328573  0.341012  0.431370  0.313888  0.354959  0.423712  0.679324  0.805519  0.435691  0.300662  0.316661  0.379604  0.691330  0.415596  0.403711  0.273071  0.391387  0.326338  0.280820  0.371826  0.741264  0.332024  0.779305  0.357842  0.282456  0.306909  0.412004  0.778039  0.373406  0.302825  0.399568  0.281166  0.381551  0.333180  0.363272  0.343569  0.391601  0.279345  0.495626  0.319552  0.376379  0.360474  0.291695  0.355297  0.283716  0.303943  0.460404  0.395667  0.328105  0.268805  0.456771  0.192982  0.206144  0.275193  0.589391  0.689643  0.336795  0.361736  0.340791  0.552702  0.362716  0.315950  0.338661  0.287258  0.363774  0.322591  0.337437  0.334663  0.324830  0.351021  0.299463  0.375565  0.329281  0.759488  0.402238  0.396879  0.407808  0.810852  0.360619  0.326402  0.312553  0.323789  0.632720  0.305839  0.303176  0.489015  0.296981  0.305137  0.403165  0.589851  0.362104  0.311562  0.468162  0.670861  0.356388  0.778777  0.395396  0.399050  0.337852  0.271122  0.371879  0.371471 
2  0.385193  0.318737 0.0  0.439532  0.442924  0.256793  0.371589  0.164341  0.206479  0.425127  0.607830  0.239433  0.264788  0.238486  0.574142  0.277898  0.282589  0.251198  0.435357  0.558019  0.382941  0.284926  0.224029  0.227879  0.729436  0.249726  0.282339  0.247906  0.609889  0.377456  0.285468  0.303667  0.788266  0.358570  0.272970  0.309673  0.370839  0.347685  0.525842  0.218188  0.259199  0.412253  0.217863  0.289787  0.265791  0.406684  0.271774  0.358661  0.391810  0.209836  0.481053  0.333521  0.507687  0.246618  0.381589  0.402462  0.354055  0.299528  0.458641  0.378300  0.293963  0.267308  0.273341  0.289697  0.300695  0.318211  0.230708  0.232108  0.270637  0.470417  0.314184  0.265884  0.277839  0.321894  0.287910  0.274055  0.403992  0.440784  0.279204  0.306433  0.302697  0.294058  0.339014  0.413066  0.363844  0.236349  0.238552  0.642064  0.230873  0.236415  0.244633  0.214280  0.269547  0.271978  0.289504  0.227848  0.382447  0.432355  0.247466  0.258417  0.427965  0.769716  0.725344  0.424073  0.226304  0.201874  0.346642  0.696512  0.372024  0.370351  0.230366  0.381659  0.186994  0.234294  0.270551  0.767365  0.278159  0.722254  0.196580  0.264307  0.244929  0.398045  0.701961  0.299483  0.348622  0.311262  0.312907  0.391634  0.253973  0.385301  0.305342  0.420142  0.275675  0.529621  0.249608  0.384838  0.287553  0.187334  0.368813  0.272555  0.174293  0.476276  0.294591  0.260997  0.333337  0.352676  0.341488  0.341052  0.286076  0.579227  0.730548  0.261253  0.333787  0.325685  0.587603  0.341148  0.310646  0.272466  0.260545  0.292398  0.270027  0.225760  0.317220  0.305251  0.292594  0.243979  0.365844  0.355344  0.766848  0.405403  0.307126  0.369956  0.705809  0.336178  0.296141  0.328360  0.254994  0.484231  0.212377  0.241262  0.580132  0.187949  0.299080  0.371874  0.685988  0.345625  0.235035  0.552422  0.598201  0.330806  0.761634  0.283183  0.427519  0.318065  0.259415  0.383780  0.302156 
3  0.188215  0.365661  0.439532 0.0  0.204155  0.250814  0.194188  0.456440  0.507571  0.421522  0.591300  0.454409  0.345871  0.394591  0.510396  0.482091  0.374336  0.380235  0.221258  0.432059  0.420004  0.456329  0.378786  0.434367  0.683076  0.413957  0.384313  0.411072  0.688486  0.388468  0.486407  0.381712  0.662320  0.409904  0.263827  0.352782  0.420828  0.398558  0.456949  0.434969  0.424231  0.430898  0.370833  0.382960  0.355656  0.212661  0.323951  0.465230  0.257041  0.468922  0.562327  0.290251  0.531854  0.391792  0.214995  0.434893  0.408516  0.397373  0.385214  0.292749  0.447432  0.440829  0.382185  0.398242  0.402659  0.471091  0.431044  0.422776  0.425082  0.435594  0.424641  0.397912  0.268350  0.354523  0.401856  0.434713  0.330343  0.373009  0.371855  0.444357  0.395415  0.402708  0.395783  0.414310  0.390484  0.493337  0.450514  0.598772  0.375776  0.419326  0.447142  0.392162  0.367037  0.409802  0.406060  0.369197  0.191390  0.414995  0.391212  0.398363  0.390505  0.671651  0.740392  0.506280  0.398552  0.389642  0.443984  0.782569  0.396309  0.436671  0.392601  0.413729  0.390177  0.385485  0.392526  0.715507  0.421095  0.834314  0.388547  0.346356  0.450244  0.394279  0.739856  0.396650  0.524328  0.401186  0.467778  0.431190  0.403383  0.341484  0.489989  0.423907  0.374339  0.501213  0.462429  0.379159  0.426806  0.392730  0.153708  0.419183  0.405444  0.519790  0.415547  0.396142  0.381436  0.387855  0.423193  0.389126  0.412240  0.610210  0.644588  0.456910  0.454536  0.435632  0.612654  0.444924  0.499953  0.377569  0.413011  0.484620  0.424435  0.403070  0.481628  0.509185  0.442748  0.436020  0.385078  0.323723  0.735309  0.403443  0.461627  0.373992  0.702802  0.444297  0.495489  0.435191  0.358856  0.668466  0.376377  0.364776  0.494090  0.411189  0.386578  0.421684  0.537525  0.399712  0.431394  0.561147  0.623457  0.438904  0.673357  0.469152  0.326429  0.415292  0.413907  0.521694  0.445209 
4  0.216006  0.358465  0.442924  0.204155 0.0  0.240499  0.188516  0.414114  0.438680  0.396950  0.622027  0.386911  0.387148  0.441269  0.551145  0.457811  0.335708  0.413683  0.211846  0.551992  0.368877  0.415440  0.443817  0.414818  0.604520  0.402786  0.489662  0.384429  0.594435  0.406654  0.448284  0.463069  0.589820  0.421183  0.271718  0.419552  0.385496  0.371993  0.456815  0.457666  0.441405  0.386833  0.433881  0.279917  0.315129  0.187379  0.377573  0.486832  0.236746  0.435069  0.510488  0.328864  0.539246  0.322898  0.222089  0.383124  0.402893  0.417600  0.381929  0.261834  0.341065  0.421112  0.412283  0.416303  0.480211  0.505730  0.399995  0.350412  0.376881  0.468735  0.455754  0.328242  0.270946  0.371635  0.368096  0.469777  0.393037  0.351570  0.460112  0.443255  0.381559  0.402531  0.394569  0.374117  0.350496  0.397528  0.403454  0.656258  0.516877  0.455688  0.469010  0.400748  0.449301  0.474582  0.531093  0.459285  0.239363  0.435438  0.508576  0.462680  0.448621  0.696009  0.714135  0.430413  0.357522  0.415475  0.377619  0.451192  0.323929  0.385868  0.444080  0.401897  0.385814  0.426812  0.395561  0.568714  0.428180  0.818285  0.393828  0.463938  0.394015  0.401617  0.613954  0.491149  0.534282  0.376425  0.451912  0.404312  0.448814  0.354663  0.502484  0.374983  0.432165  0.453922  0.476888  0.400222  0.473491  0.435376  0.209313  0.479429  0.399091  0.461112  0.487276  0.493652  0.338960  0.402842  0.378814  0.415039  0.388366  0.726474  0.779401  0.498594  0.489666  0.528038  0.659464  0.540302  0.469451  0.438432  0.484835  0.526802  0.482782  0.438356  0.491229  0.445694  0.486695  0.388603  0.370270  0.336967  0.783547  0.398102  0.478584  0.365146  0.679793  0.570206  0.536835  0.469934  0.476022  0.639822  0.348875  0.404978  0.509665  0.409321  0.508771  0.422022  0.724207  0.417844  0.412378  0.483125  0.753945  0.380313  0.586446  0.442216  0.370660  0.467356  0.369871  0.432259  0.540531 
5  0.204791  0.347703  0.256793  0.250814  0.240499 0.0  0.242477  0.411420  0.389514  0.390074  0.759035  0.329903  0.354610  0.476771  0.441698  0.446885  0.387006  0.379653  0.217580  0.456824  0.361041  0.403391  0.349084  0.456089  0.730873  0.383060  0.425288  0.385471  0.718678  0.379525  0.417227  0.402579  0.485774  0.398785  0.259749  0.433890  0.441197  0.371532  0.533719  0.362886  0.412320  0.367588  0.375948  0.395057  0.366705  0.216314  0.421893  0.469776  0.256757  0.393969  0.574296  0.234574  0.411242  0.413382  0.231899  0.387043  0.393666  0.402215  0.345254  0.319503  0.425640  0.520830  0.432255  0.430489  0.520468  0.392360  0.399665  0.351903  0.428602  0.480596  0.389059  0.367581  0.292986  0.389579  0.383391  0.416678  0.355625  0.391343  0.506195  0.404628  0.363016  0.445120  0.352365  0.319239  0.379725  0.434029  0.451996  0.704362  0.400235  0.383348  0.397334  0.347785  0.408079  0.450481  0.493910  0.417095  0.234790  0.353847  0.451483  0.448221  0.401483  0.636651  0.588654  0.441597  0.375327  0.384410  0.362754  0.731212  0.366468  0.343821  0.375027  0.428511  0.400014  0.393517  0.381888  0.721304  0.428012  0.633573  0.361580  0.385899  0.391495  0.374278  0.771508  0.444184  0.462290  0.333538  0.510426  0.422354  0.382220  0.316388  0.482601  0.419318  0.473803  0.512479  0.394607  0.389396  0.437578  0.404602  0.219504  0.388796  0.395431  0.449664  0.381923  0.337766  0.357157  0.442249  0.399337  0.331759  0.412212  0.736986  0.709284  0.459992  0.416400  0.485763  0.656472  0.442872  0.409315  0.410745  0.381341  0.444613  0.453779  0.373026  0.400088  0.479184  0.361996  0.464689  0.358986  0.299081  0.654917  0.343488  0.461735  0.371834  0.674503  0.444426  0.367682  0.444071  0.468975  0.710704  0.367343  0.416749  0.445688  0.469628  0.454757  0.414602  0.733191  0.463366  0.332509  0.487432  0.693753  0.354144  0.668638  0.386111  0.352982  0.501830  0.378421  0.432841  0.526545 
6  0.218598  0.427433  0.371589  0.194188  0.188516  0.242477 0.0  0.449848  0.433901  0.504949  0.722788  0.436990  0.377328  0.406285  0.545660  0.470023  0.378282  0.392566  0.194333  0.453337  0.399899  0.459246  0.431336  0.460001  0.716686  0.434407  0.467271  0.402841  0.532097  0.379473  0.464415  0.426009  0.774519  0.425736  0.288164  0.379428  0.405916  0.395702  0.533408  0.367249  0.425744  0.432157  0.396418  0.393442  0.372969  0.202213  0.379518  0.472234  0.318779  0.436685  0.555522  0.287297  0.547896  0.353265  0.224666  0.427546  0.384899  0.389563  0.366979  0.298177  0.355465  0.460018  0.440954  0.486432  0.502738  0.445562  0.437873  0.404472  0.374544  0.432112  0.468211  0.363913  0.314853  0.416247  0.399055  0.489187  0.362593  0.396472  0.460139  0.415976  0.445188  0.457320  0.367597  0.366962  0.337002  0.386442  0.493762  0.590655  0.414233  0.416489  0.430808  0.378389  0.397338  0.442926  0.462803  0.448983  0.203472  0.499891  0.443967  0.422843  0.520975  0.773789  0.632871  0.395860  0.411827  0.355030  0.379903  0.672121  0.452078  0.399280  0.410644  0.445110  0.385605  0.422505  0.419991  0.582416  0.478215  0.713890  0.419087  0.411668  0.400443  0.372339  0.734374  0.421823  0.481322  0.492929  0.457937  0.529318  0.448717  0.389915  0.506055  0.422316  0.397146  0.519174  0.398187  0.413515  0.470040  0.421469  0.208838  0.460420  0.418155  0.479421  0.479907  0.388995  0.379540  0.409970  0.415297  0.375642  0.352357  0.650107  0.689637  0.420184  0.395894  0.463301  0.654282  0.499660  0.501711  0.401592  0.476296  0.436976  0.398132  0.447756  0.528985  0.415021  0.491189  0.397738  0.395659  0.331949  0.691431  0.369294  0.486474  0.337039  0.578725  0.445831  0.512717  0.420471  0.448588  0.698225  0.365844  0.381223  0.491116  0.453563  0.492457  0.379103  0.704718  0.426536  0.401194  0.548039  0.536612  0.376286  0.729481  0.440807  0.408067  0.462509  0.420078  0.360413  0.464009 
7  0.357815  0.310307  0.164341  0.456440  0.414114  0.411420  0.449848 0.0  0.178339  0.347772  0.736399  0.209861  0.234611  0.232959  0.567649  0.280041  0.236751  0.233947  0.403690  0.607797  0.451477  0.277212  0.224984  0.253760  0.601852  0.253686  0.306558  0.229705  0.659206  0.457091  0.302883  0.330109  0.660119  0.346942  0.279848  0.257833  0.405394  0.438251  0.533393  0.223651  0.258301  0.368768  0.254984  0.277680  0.238246  0.435106  0.247359  0.308335  0.360737  0.221278  0.471471  0.403937  0.506654  0.227773  0.372396  0.350605  0.381018  0.329450  0.401061  0.322049  0.314166  0.304680  0.203458  0.249062  0.310897  0.319953  0.206218  0.259306  0.303402  0.474701  0.308482  0.231274  0.318136  0.267115  0.313354  0.275100  0.446772  0.442748  0.333748  0.287796  0.304793  0.290965  0.385306  0.384683  0.383309  0.248753  0.242681  0.650128  0.287025  0.217572  0.282897  0.233975  0.281716  0.272904  0.284681  0.268298  0.389727  0.367500  0.283552  0.258737  0.464287  0.665966  0.762252  0.479061  0.230147  0.191413  0.368126  0.839782  0.363075  0.406787  0.278979  0.377929  0.189064  0.228349  0.327820  0.662566  0.323806  0.794448  0.195468  0.193423  0.253335  0.354794  0.670647  0.315880  0.312567  0.360954  0.296133  0.460639  0.296259  0.393914  0.319011  0.365381  0.288651  0.482235  0.228940  0.373766  0.289283  0.217602  0.401840  0.247646  0.157032  0.441781  0.340199  0.247875  0.290436  0.387197  0.290323  0.282819  0.309592  0.649106  0.575952  0.308743  0.279669  0.299227  0.658831  0.331387  0.324856  0.260317  0.283828  0.322199  0.241793  0.273907  0.287048  0.262381  0.283067  0.271034  0.325192  0.355688  0.753617  0.437966  0.281756  0.365576  0.695611  0.299456  0.258855  0.282832  0.268757  0.602876  0.213137  0.242660  0.548511  0.198376  0.312807  0.365390  0.715023  0.325880  0.210753  0.547551  0.714971  0.365177  0.770118  0.311857  0.353924  0.278650  0.263172  0.378356  0.322909 
8  0.447575  0.327947  0.206479  0.507571  0.438680  0.389514  0.433901  0.178339 0.0  0.400905  0.719524  0.244385  0.265838  0.266656  0.454703  0.289153  0.285246  0.241115  0.433199  0.619567  0.353896  0.277256  0.221300  0.267767  0.657229  0.239682  0.242444  0.252820  0.720388  0.321273  0.324705  0.310487  0.759581  0.401506  0.317065  0.300831  0.448674  0.413124  0.582606  0.248111  0.285511  0.408997  0.218770  0.294971  0.317872  0.405238  0.277607  0.320168  0.350737  0.267529  0.524510  0.420143  0.524670  0.242418  0.394877  0.411078  0.408120  0.275481  0.420902  0.439707  0.293872  0.299478  0.266434  0.323237  0.294979  0.304007  0.258807  0.277365  0.306308  0.441087  0.289184  0.233024  0.339094  0.330468  0.328748  0.277761  0.469754  0.466024  0.328908  0.289460  0.291232  0.252303  0.413338  0.355501  0.444264  0.239396  0.249234  0.587021  0.294687  0.228702  0.236202  0.253820  0.248889  0.329901  0.286069  0.245622  0.352436  0.384786  0.298764  0.267246  0.428592  0.590430  0.724328  0.379961  0.267980  0.171792  0.394338  0.859173  0.359413  0.354734  0.269682  0.365035  0.200273  0.257831  0.306556  0.759576  0.269671  0.830808  0.183657  0.253248  0.270897  0.465017  0.712254  0.260209  0.292960  0.429638  0.291575  0.493550  0.240925  0.404882  0.349807  0.372333  0.250638  0.496163  0.223024  0.361241  0.255280  0.232085  0.409005  0.305724  0.197230  0.534561  0.292125  0.253351  0.310101  0.357937  0.288482  0.340858  0.277678  0.680895  0.723926  0.305195  0.295562  0.287687  0.736846  0.303361  0.309714  0.318834  0.313956  0.302373  0.243129  0.260845  0.321485  0.307312  0.256795  0.271259  0.422245  0.367314  0.696184  0.400952  0.294440  0.421849  0.719623  0.317314  0.322354  0.284185  0.284847  0.623146  0.209787  0.240621  0.524615  0.227711  0.339314  0.408909  0.801269  0.326570  0.252675  0.497668  0.630406  0.419461  0.713959  0.372826  0.344057  0.288465  0.292088  0.440109  0.296684 
9  0.380013  0.423042  0.425127  0.421522  0.396950  0.390074  0.504949  0.347772  0.400905 0.0  0.730085  0.399859  0.384683  0.399657  0.464956  0.460456  0.311423  0.374861  0.441388  0.559881  0.322008  0.355034  0.376663  0.378308  0.659361  0.418707  0.375656  0.311005  0.791631  0.320782  0.434409  0.352399  0.820320  0.247364  0.333424  0.313910  0.367632  0.349747  0.672646  0.405755  0.385802  0.281757  0.398962  0.332060  0.340301  0.411983  0.323005  0.437820  0.435302  0.422531  0.537636  0.373313  0.500974  0.333621  0.323731  0.195699  0.188796  0.338900  0.429578  0.408025  0.345325  0.394573  0.396831  0.479437  0.445793  0.417070  0.413305  0.333184  0.412556  0.488533  0.410715  0.333097  0.301364  0.393921  0.379003  0.474611  0.360786  0.346397  0.458971  0.527248  0.390829  0.394075  0.337744  0.382221  0.369459  0.427310  0.388084  0.632618  0.452748  0.411119  0.376639  0.366531  0.363366  0.434025  0.424690  0.400686  0.424559  0.202411  0.445515  0.423618  0.197579  0.807588  0.672076  0.218500  0.379358  0.445746  0.238199  0.787916  0.242156  0.191834  0.356625  0.222434  0.380164  0.434582  0.456135  0.736087  0.523103  0.749096  0.406299  0.404879  0.449724  0.399326  0.652243  0.385137  0.449077  0.267790  0.468942  0.197285  0.306085  0.406036  0.483958  0.205259  0.452989  0.501818  0.415792  0.187691  0.418762  0.373974  0.431163  0.442226  0.410488  0.550200  0.483406  0.356319  0.330297  0.173411  0.352640  0.442607  0.356151  0.657940  0.744752  0.444548  0.451883  0.421981  0.642291  0.472286  0.410994  0.419590  0.391644  0.483352  0.398156  0.308939  0.419749  0.401831  0.482732  0.398258  0.270696  0.362851  0.754829  0.359558  0.502623  0.343671  0.673377  0.490744  0.356856  0.504657  0.409993  0.678001  0.368896  0.399737  0.605241  0.385317  0.437319  0.267230  0.726902  0.455252  0.335343  0.565368  0.617369  0.317373  0.834874  0.485165  0.283471  0.445173  0.362494  0.225985  0.458033 
10  0.672686  0.597956  0.607830  0.591300  0.622027  0.759035  0.722788  0.736399  0.719524  0.730085 0.0  0.800012  0.740876  0.788881  0.625772  0.693658  0.784579  0.722784  0.636670  0.713438  0.764159  0.677379  0.654165  0.665988  0.427739  0.837112  0.800918  0.649572  0.479765  0.637581  0.808011  0.692769  0.497210  0.756670  0.623946  0.803922  0.716379  0.632621  0.701029  0.722715  0.716686  0.616462  0.711761  0.749813  0.623734  0.666091  0.629203  0.733079  0.657182  0.755053  0.693303  0.752559  0.728488  0.750004  0.604035  0.685978  0.745453  0.707916  0.623429  0.599208  0.690613  0.856057  0.810111  0.761227  0.710145  0.820646  0.666941  0.668875  0.677284  0.715173  0.787407  0.728435  0.530418  0.807552  0.582682  0.721253  0.727691  0.645928  0.785006  0.783278  0.828033  0.785214  0.738113  0.623513  0.784747  0.710121  0.714500  0.664663  0.739439  0.712945  0.792022  0.660007  0.710450  0.721084  0.838490  0.737570  0.609521  0.725927  0.745372  0.741445  0.848066  0.458246  0.163417  0.614973  0.825335  0.583309  0.755903  0.298092  0.660895  0.669767  0.696938  0.734289  0.665515  0.730786  0.804896  0.198862  0.859473  0.178749  0.725579  0.744133  0.711133  0.646345  0.766090  0.798904  0.967309  0.673355  0.688712  0.877688  0.760184  0.622070  0.802047  0.717830  0.781935  0.667319  0.696999  0.831281  0.807493  0.699202  0.709206  0.688448  0.703670  0.736308  0.829769  0.798796  0.741028  0.752584  0.706149  0.657423  0.697778  0.621901  0.760236  0.826928  0.828988  0.864663  0.657273  0.843882  0.856768  0.840074  0.850815  0.765692  0.735687  0.786673  0.892056  0.717051  0.783341  0.808574  0.669230  0.696705  0.375203  0.699130  0.767861  0.694588  0.205722  0.814641  0.653296  0.773589  0.738687  0.617019  0.623801  0.685899  0.741472  0.711499  0.656151  0.764071  0.172576  0.755485  0.705818  0.691457  0.458765  0.715775  0.169912  0.944135  0.709915  0.790597  0.745414  0.714562  0.849871 
11  0.374473  0.293975  0.239433  0.454409  0.386911  0.329903  0.436990  0.209861  0.244385  0.399859  0.800012 0.0  0.232182  0.228632  0.503747  0.258543  0.256280  0.195304  0.431119  0.507930  0.387585  0.303379  0.166963  0.205307  0.577579  0.225735  0.208764  0.187355  0.650857  0.414702  0.289792  0.265799  0.672561  0.303766  0.292097  0.284378  0.395846  0.364289  0.518705  0.202361  0.220604  0.416213  0.192723  0.256792  0.289009  0.409638  0.258069  0.295384  0.371380  0.174247  0.489199  0.363025  0.456900  0.261228  0.366472  0.394319  0.327209  0.332838  0.417162  0.430514  0.283392  0.266539  0.227411  0.231881  0.283297  0.255437  0.188978  0.232597  0.273956  0.515410  0.272502  0.308013  0.309746  0.216214  0.326434  0.295505  0.426869  0.399434  0.254523  0.294099  0.265011  0.267018  0.447781  0.382253  0.443776  0.226519  0.244698  0.756550  0.260609  0.234236  0.260665  0.195007  0.243267  0.273032  0.295437  0.185696  0.367301  0.389732  0.291483  0.225133  0.366347  0.792488  0.857850  0.423098  0.201694  0.226269  0.343128  0.769762  0.387043  0.319702  0.175198  0.404939  0.231340  0.200774  0.255962  0.855901  0.253962  0.750541  0.241846  0.203053  0.272094  0.433941  0.640034  0.252705  0.308404  0.403289  0.288103  0.398639  0.218572  0.438236  0.295573  0.330423  0.243131  0.465695  0.200067  0.300141  0.240776  0.258133  0.418124  0.238594  0.177581  0.466736  0.276923  0.200111  0.263668  0.348022  0.293769  0.285302  0.290141  0.629344  0.670513  0.285105  0.247279  0.281652  0.579130  0.272583  0.278735  0.244215  0.240205  0.288366  0.211269  0.205934  0.253804  0.287284  0.276485  0.233688  0.445004  0.336235  0.741773  0.449231  0.331116  0.371988  0.699597  0.250919  0.253047  0.267196  0.240819  0.641619  0.190427  0.239958  0.451241  0.238896  0.266160  0.395334  0.661870  0.279747  0.223489  0.480198  0.695515  0.381150  0.638199  0.248759  0.399515  0.279585  0.296412  0.385072  0.263390 
12  0.386977  0.307377  0.264788  0.345871  0.387148  0.354610  0.377328  0.234611  0.265838  0.384683  0.740876  0.232182 0.0  0.208615  0.589977  0.181274  0.262870  0.167870  0.380554  0.508048  0.372052  0.278728  0.215575  0.172892  0.668555  0.194760  0.169029  0.208817  0.626529  0.462208  0.233044  0.218108  0.657821  0.396490  0.300226  0.306996  0.492334  0.417421  0.567295  0.205783  0.188174  0.423534  0.214661  0.349861  0.239922  0.425203  0.275978  0.254255  0.417896  0.207750  0.501095  0.400978  0.538093  0.285799  0.337555  0.387818  0.387812  0.294873  0.393802  0.399461  0.340598  0.203036  0.225640  0.196726  0.212520  0.191844  0.208805  0.264764  0.347698  0.550197  0.196887  0.293508  0.344323  0.303521  0.290658  0.232315  0.387960  0.455422  0.221084  0.213263  0.232472  0.214951  0.369892  0.411564  0.412702  0.223840  0.214432  0.653702  0.226413  0.227537  0.219988  0.171732  0.161858  0.218769  0.197089  0.183391  0.399107  0.448911  0.227694  0.230141  0.411245  0.706701  0.730461  0.350777  0.213466  0.250871  0.374644  0.722298  0.428122  0.429044  0.220091  0.351123  0.272279  0.168459  0.262103  0.592936  0.245977  0.828528  0.251447  0.193285  0.241835  0.428435  0.701675  0.289163  0.231684  0.387135  0.211829  0.443007  0.188022  0.443265  0.289063  0.351535  0.242924  0.491229  0.200262  0.416118  0.245901  0.262018  0.407328  0.202934  0.238997  0.482065  0.237490  0.166850  0.335478  0.426782  0.292187  0.285297  0.318802  0.526445  0.762006  0.228285  0.278962  0.224618  0.557821  0.271680  0.207004  0.201860  0.221970  0.271338  0.210875  0.153678  0.224615  0.217561  0.254912  0.218599  0.382638  0.399868  0.680179  0.428675  0.289356  0.464187  0.619056  0.218075  0.199877  0.211282  0.169897  0.562509  0.232484  0.195128  0.553071  0.239807  0.212313  0.413614  0.730916  0.222063  0.236799  0.560712  0.650062  0.455383  0.708273  0.240337  0.408390  0.217406  0.301630  0.460392  0.262806 
13  0.398224  0.346594  0.238486  0.394591  0.441269  0.476771  0.406285  0.232959  0.266656  0.399657  0.788881  0.228632  0.208615 0.0  0.596323  0.178016  0.284735  0.245461  0.508194  0.542080  0.426012  0.335329  0.226223  0.220653  0.790390  0.235829  0.210747  0.258978  0.650881  0.388006  0.210676  0.188794  0.672665  0.323499  0.330031  0.288545  0.479272  0.385197  0.682988  0.234878  0.215458  0.398059  0.237006  0.331021  0.281028  0.389572  0.333433  0.257778  0.365711  0.216808  0.553227  0.396230  0.645103  0.308854  0.462888  0.401016  0.363823  0.286111  0.519938  0.387267  0.322990  0.229185  0.208040  0.197654  0.185383  0.213654  0.213112  0.322649  0.286467  0.571596  0.217414  0.285459  0.339411  0.299211  0.302536  0.199010  0.450773  0.457611  0.200729  0.186879  0.213156  0.226317  0.463230  0.403089  0.412730  0.202178  0.177758  0.658701  0.225424  0.236076  0.190140  0.247793  0.208223  0.188285  0.183125  0.207564  0.435333  0.379256  0.224649  0.204752  0.361122  0.783610  0.705329  0.379147  0.217539  0.281258  0.420301  0.704950  0.404400  0.366657  0.234910  0.394211  0.261098  0.201988  0.232282  0.578571  0.228735  0.835043  0.287056  0.214971  0.303782  0.448789  0.689971  0.205710  0.211877  0.402848  0.225964  0.308150  0.215145  0.456872  0.244130  0.357550  0.207254  0.433097  0.235746  0.381944  0.202702  0.240544  0.415702  0.179224  0.220997  0.489174  0.260841  0.231801  0.323135  0.419304  0.329284  0.323096  0.324670  0.563569  0.606794  0.212223  0.196403  0.205996  0.500784  0.255845  0.217732  0.183681  0.222668  0.259116  0.230036  0.248843  0.235725  0.244085  0.219018  0.218973  0.389069  0.401122  0.752963  0.444172  0.253661  0.492109  0.722309  0.185246  0.216695  0.200189  0.225980  0.572049  0.215684  0.231092  0.557766  0.222954  0.214972  0.390278  0.772836  0.259724  0.194914  0.605229  0.829396  0.463234  0.736774  0.280529  0.395067  0.252522  0.354952  0.349683  0.252402 
14  0.409571  0.590778  0.574142  0.510396  0.551145  0.441698  0.545660  0.567649  0.454703  0.464956  0.625772  0.503747  0.589977  0.596323 0.0  0.485531  0.539711  0.569726  0.483413  0.332955  0.511830  0.488301  0.477216  0.578377  0.751355  0.607439  0.646432  0.510286  0.629379  0.489644  0.594015  0.650116  0.700600  0.617270  0.454118  0.496129  0.504500  0.487828  0.333277  0.551377  0.550700  0.477383  0.503921  0.483688  0.557634  0.525392  0.432840  0.620600  0.511844  0.500546  0.484406  0.513452  0.414442  0.614459  0.513450  0.535404  0.480643  0.565778  0.401177  0.531129  0.500125  0.561037  0.673204  0.499557  0.560586  0.597793  0.557589  0.508635  0.546013  0.475315  0.706500  0.526898  0.415223  0.541586  0.542021  0.579849  0.513620  0.517883  0.604371  0.596039  0.558150  0.511388  0.516850  0.486930  0.387988  0.463188  0.643166  0.702421  0.522765  0.539214  0.559222  0.537215  0.595059  0.614269  0.562609  0.473239  0.467552  0.549656  0.536122  0.634329  0.664308  0.720899  0.725811  0.584199  0.625463  0.552141  0.603896  0.650602  0.573761  0.518909  0.471863  0.486557  0.589922  0.506006  0.489001  0.673892  0.543652  0.699646  0.559855  0.500847  0.587687  0.519692  0.852166  0.570720  0.666217  0.570165  0.589412  0.560294  0.570073  0.559356  0.544331  0.630282  0.583803  0.348418  0.515980  0.558884  0.598587  0.531272  0.563824  0.590098  0.461828  0.345436  0.629192  0.621059  0.528191  0.486936  0.546324  0.466778  0.489677  0.693555  0.788662  0.688484  0.594883  0.633093  0.652092  0.695913  0.620434  0.528406  0.503916  0.656665  0.524175  0.626629  0.513090  0.574531  0.514889  0.550867  0.591008  0.479134  0.678471  0.519335  0.668690  0.522526  0.674395  0.572775  0.678208  0.582355  0.550897  0.751286  0.533537  0.532195  0.200959  0.521835  0.525642  0.539812  0.649421  0.652430  0.501218  0.340314  0.667499  0.546079  0.678355  0.632496  0.496577  0.565715  0.503819  0.649199  0.630736 
15  0.403315  0.265120  0.277898  0.482091  0.457811  0.446885  0.470023  0.280041  0.289153  0.460456  0.693658  0.258543  0.181274  0.178016  0.485531 0.0  0.330102  0.208430  0.499618  0.566458  0.486411  0.279765  0.239409  0.260959  0.776816  0.225417  0.189668  0.256716  0.692930  0.425311  0.186064  0.193616  0.805726  0.423972  0.390507  0.322225  0.450470  0.507390  0.611891  0.263095  0.195046  0.466250  0.268227  0.358632  0.327781  0.440480  0.320095  0.241109  0.430103  0.270255  0.551498  0.431880  0.463769  0.335096  0.394050  0.377086  0.396883  0.364165  0.438246  0.479470  0.345676  0.186852  0.215642  0.176164  0.163384  0.178967  0.254558  0.311046  0.358822  0.507327  0.186223  0.335257  0.355116  0.368906  0.386798  0.171792  0.404851  0.536053  0.188152  0.166382  0.179927  0.173048  0.472310  0.422647  0.456129  0.228365  0.210414  0.582331  0.236178  0.228843  0.189943  0.232824  0.186741  0.163193  0.175248  0.248198  0.445597  0.411106  0.208838  0.232957  0.389422  0.704730  0.869408  0.455336  0.273767  0.306690  0.404493  0.685355  0.492012  0.394371  0.236506  0.405263  0.295931  0.200796  0.254484  0.740668  0.199089  0.814297  0.272606  0.225380  0.266216  0.400778  0.617597  0.244288  0.213171  0.352041  0.217367  0.388719  0.205052  0.456087  0.238251  0.392630  0.273551  0.535194  0.258792  0.374170  0.252707  0.261775  0.390302  0.173640  0.293502  0.474418  0.246165  0.206842  0.373499  0.378850  0.311970  0.329525  0.311237  0.508317  0.738003  0.207927  0.232897  0.173652  0.564382  0.243946  0.185508  0.167457  0.180461  0.239737  0.261509  0.214186  0.218148  0.223716  0.209094  0.220665  0.380640  0.413127  0.754349  0.420776  0.239670  0.500714  0.775023  0.181007  0.156288  0.188625  0.194416  0.651162  0.241959  0.236180  0.501054  0.258094  0.223213  0.406144  0.780863  0.251043  0.214262  0.579827  0.800176  0.434306  0.733193  0.234732  0.491838  0.203703  0.351934  0.368686  0.230490 
16  0.360368  0.276483  0.282589  0.374336  0.335708  0.387006  0.378282  0.236751  0.285246  0.311423  0.784579  0.256280  0.262870  0.284735  0.539711  0.330102 0.0  0.253169  0.333135  0.498601  0.404623  0.259500  0.234272  0.291007  0.731352  0.307710  0.290868  0.276945  0.529372  0.384752  0.352240  0.323090  0.627827  0.350691  0.304563  0.256807  0.433891  0.398047  0.511947  0.290924  0.313160  0.343466  0.302851  0.226939  0.252745  0.346843  0.263180  0.389444  0.336889  0.213716  0.487333  0.375403  0.470675  0.175759  0.351471  0.337162  0.301870  0.308072  0.436631  0.395821  0.199625  0.337030  0.327253  0.305933  0.333948  0.339301  0.285631  0.253613  0.234162  0.537400  0.311884  0.216563  0.325944  0.217623  0.267936  0.295043  0.385518  0.352337  0.349154  0.279631  0.324145  0.348539  0.377675  0.405572  0.332260  0.312366  0.290342  0.659641  0.274385  0.252004  0.317632  0.271818  0.307526  0.274303  0.306440  0.265655  0.372843  0.317175  0.326078  0.266892  0.385903  0.780497  0.769331  0.405730  0.281733  0.253953  0.293276  0.723908  0.292476  0.273516  0.264909  0.315304  0.266514  0.270435  0.326214  0.610070  0.323977  0.697897  0.293210  0.271143  0.255929  0.415667  0.679162  0.283680  0.357608  0.339106  0.378387  0.345793  0.328197  0.322138  0.374870  0.356733  0.329360  0.448674  0.283095  0.310162  0.330861  0.279799  0.340149  0.307122  0.249378  0.513168  0.292250  0.302464  0.251717  0.314581  0.257879  0.243400  0.278911  0.595559  0.706799  0.329639  0.352065  0.288953  0.702272  0.356960  0.411412  0.300752  0.331750  0.395175  0.300515  0.279603  0.310854  0.323766  0.364150  0.330700  0.327678  0.321375  0.720543  0.370606  0.376994  0.389890  0.604292  0.327538  0.283019  0.324225  0.287155  0.687934  0.252154  0.307362  0.404395  0.275054  0.275574  0.359291  0.849585  0.349668  0.291780  0.572272  0.691232  0.341145  0.636950  0.358972  0.340542  0.297993  0.288621  0.369701  0.393152 
17  0.360677  0.271781  0.251198  0.380235  0.413683  0.379653  0.392566  0.233947  0.241115  0.374861  0.722784  0.195304  0.167870  0.245461  0.569726  0.208430  0.253169 0.0  0.524600  0.479522  0.447321  0.273727  0.167309  0.222483  0.631593  0.230494  0.177539  0.170431  0.663567  0.375204  0.234178  0.229857  0.671752  0.388614  0.313259  0.267262  0.397682  0.464203  0.479350  0.200405  0.249003  0.450487  0.179648  0.298023  0.297257  0.376240  0.231910  0.323278  0.426739  0.176820  0.490230  0.438386  0.499954  0.286953  0.371830  0.387171  0.391300  0.350393  0.375710  0.370479  0.306731  0.260362  0.265158  0.202486  0.226547  0.208200  0.202375  0.269649  0.331976  0.505584  0.244138  0.286412  0.306722  0.288564  0.280101  0.227686  0.361174  0.412157  0.246644  0.236983  0.244526  0.225269  0.431398  0.432797  0.432289  0.247229  0.233581  0.751311  0.236712  0.246186  0.240524  0.155623  0.214953  0.229674  0.231002  0.183287  0.303434  0.443282  0.212826  0.231931  0.384692  0.755586  0.622051  0.452955  0.237733  0.253918  0.326990  0.720951  0.441665  0.426309  0.218987  0.439147  0.260262  0.202751  0.307173  0.724464  0.267977  0.786629  0.243200  0.186076  0.250638  0.382081  0.702486  0.275188  0.259534  0.399859  0.231446  0.500659  0.227343  0.378935  0.227441  0.412444  0.262315  0.526991  0.206053  0.432819  0.276524  0.251055  0.360499  0.199027  0.195377  0.439610  0.278755  0.196879  0.309128  0.368563  0.248875  0.256616  0.273576  0.619357  0.678512  0.234743  0.265753  0.206929  0.593692  0.300642  0.257300  0.229124  0.217535  0.281830  0.235401  0.160248  0.233478  0.206068  0.275561  0.219485  0.324072  0.382756  0.638349  0.378948  0.249180  0.466432  0.614498  0.226619  0.233097  0.242020  0.202214  0.629298  0.225521  0.199886  0.500147  0.192716  0.230092  0.382344  0.811468  0.271239  0.204642  0.510232  0.671221  0.375183  0.674083  0.264276  0.427476  0.239454  0.296141  0.364523  0.286836 
18  0.229618  0.328135  0.435357  0.221258  0.211846  0.217580  0.194333  0.403690  0.433199  0.441388  0.636670  0.431119  0.380554  0.508194  0.483413  0.499618  0.333135  0.524600 0.0  0.494300  0.382162  0.369747  0.404581  0.497826  0.687443  0.375877  0.462499  0.446677  0.636883  0.370896  0.557839  0.500186  0.791779  0.394644  0.334182  0.355683  0.339342  0.402256  0.516319  0.441987  0.481949  0.449627  0.392616  0.410780  0.411490  0.231085  0.398539  0.393655  0.283051  0.371692  0.578571  0.302115  0.541393  0.440745  0.261807  0.449240  0.438054  0.404966  0.390832  0.297582  0.404680  0.514477  0.513960  0.409496  0.444700  0.488052  0.497688  0.331172  0.480799  0.444701  0.482456  0.382176  0.270284  0.392246  0.399612  0.505702  0.397762  0.366793  0.519909  0.417442  0.522895  0.395446  0.348872  0.348184  0.404002  0.439953  0.527697  0.605823  0.482516  0.394294  0.466581  0.490760  0.518601  0.453943  0.487596  0.447622  0.242843  0.383715  0.479689  0.372949  0.400204  0.776584  0.716381  0.440794  0.399296  0.400807  0.443757  0.658673  0.463948  0.444219  0.428159  0.422142  0.380458  0.365352  0.466854  0.763572  0.514321  0.722811  0.400635  0.427371  0.354083  0.341200  0.748854  0.437799  0.552919  0.413679  0.436877  0.503677  0.436237  0.384835  0.440785  0.456299  0.437515  0.542505  0.388899  0.371051  0.502857  0.426922  0.209920  0.489839  0.435449  0.486849  0.589633  0.418841  0.432981  0.462604  0.411881  0.393018  0.375975  0.739612  0.664562  0.477431  0.497391  0.545622  0.707764  0.514908  0.463733  0.402989  0.432943  0.486897  0.387009  0.391571  0.474123  0.468876  0.475906  0.389014  0.415371  0.310932  0.726031  0.370639  0.402672  0.428231  0.683126  0.503371  0.512245  0.463397  0.396052  0.719332  0.388152  0.441631  0.534896  0.457171  0.465326  0.407605  0.598821  0.484398  0.386854  0.554910  0.589968  0.399558  0.608193  0.498631  0.344825  0.489068  0.363802  0.475271  0.566717 
19  0.390417  0.481819  0.558019  0.432059  0.551992  0.456824  0.453337  0.607797  0.619567  0.559881  0.713438  0.507930  0.508048  0.542080  0.332955  0.566458  0.498601  0.479522  0.494300 0.0  0.472667  0.497291  0.501028  0.549223  0.667943  0.522356  0.520380  0.493737  0.708224  0.485913  0.472076  0.638443  0.732995  0.461744  0.396303  0.575544  0.448004  0.537951  0.194186  0.600092  0.539930  0.597655  0.519794  0.514255  0.548536  0.453446  0.537874  0.549347  0.500435  0.518561  0.309601  0.565940  0.288042  0.543304  0.576749  0.624307  0.555906  0.525152  0.455294  0.505529  0.512207  0.586826  0.588846  0.577069  0.547003  0.522378  0.578662  0.490287  0.486781  0.519104  0.518156  0.503219  0.471496  0.544370  0.548200  0.560651  0.560240  0.446174  0.528914  0.565139  0.642798  0.544069  0.525603  0.411914  0.522610  0.502847  0.543968  0.665512  0.549315  0.635095  0.568957  0.526850  0.636106  0.519954  0.496988  0.577033  0.479069  0.598944  0.574536  0.555129  0.599818  0.748742  0.732536  0.574676  0.625709  0.481510  0.492789  0.682340  0.541703  0.550427  0.515686  0.540287  0.551880  0.577167  0.523671  0.695475  0.464344  0.568270  0.500218  0.455251  0.547103  0.515871  0.801912  0.613800  0.530566  0.512626  0.522000  0.554578  0.627025  0.408641  0.557758  0.571157  0.579333  0.219314  0.558364  0.559551  0.532326  0.476596  0.462996  0.567200  0.518506  0.222763  0.584150  0.553554  0.479911  0.543340  0.439114  0.509184  0.520830  0.529850  0.816471  0.592210  0.564215  0.584288  0.636110  0.602205  0.548552  0.559423  0.523328  0.578163  0.529204  0.520659  0.552579  0.571559  0.507733  0.548908  0.529091  0.528662  0.707545  0.588350  0.673901  0.536519  0.681656  0.587958  0.593009  0.523616  0.501169  0.678904  0.454407  0.567230  0.395440  0.507615  0.613520  0.507670  0.614556  0.581093  0.480236  0.284111  0.656109  0.560158  0.617488  0.514964  0.471409  0.607005  0.541863  0.538229  0.590201 
