197
0 0.0  0.372513  0.347122  0.186527  0.214580  0.192018  0.178058  0.331129  0.368115  0.305612  0.556262  0.339507  0.387801  0.375258  0.498793  0.423656  0.340370  0.330120  0.208600  0.427170  0.325883  0.372638  0.326541  0.367895  0.740386  0.380058  0.342774  0.349757  0.566195  0.378837  0.479309  0.414169  0.657990  0.324166  0.243177  0.381703  0.377600  0.324021  0.435201  0.350569  0.364033  0.392537  0.366957  0.340275  0.349150  0.196276  0.334786  0.467844  0.227401  0.390763  0.426491  0.276384  0.468324  0.334098  0.184705  0.366022  0.369544  0.398876  0.323613  0.272139  0.360364  0.453129  0.403647  0.395516  0.373240  0.392714  0.426165  0.356351  0.324424  0.429544  0.383522  0.346534  0.220707  0.318840  0.403763  0.378710  0.319655  0.333607  0.417857  0.364220  0.375421  0.423765  0.340708  0.287994  0.347667  0.401004  0.417709  0.572771  0.417127  0.404462  0.378162  0.346972  0.414595  0.385601  0.446067  0.348574  0.187039  0.379437  0.405441  0.417160  0.409505  0.614845  0.657226  0.449744  0.388726  0.316408  0.364795  0.553529  0.398355  0.365894  0.340840  0.327240  0.368806  0.355749  0.427447  0.571235  0.414180  0.759923  0.359380  0.351378  0.330357  0.407223  0.651945  0.403476  0.358001  0.308419  0.414097  0.329575  0.373955  0.311418  0.403482  0.304167  0.437470  0.452493  0.412471  0.370126  0.395452  0.359112  0.150715  0.444247  0.429026  0.442854  0.455710  0.264922  0.426254  0.375169  0.321829  0.343722  0.331536  0.731996  0.688406  0.415381  0.406097  0.414835  0.657596  0.424935  0.397861  0.347875  0.378697  0.394089  0.361972  0.323496  0.397220  0.429634  0.452702  0.385603  0.337352  0.304895  0.678009  0.339570  0.453863  0.342853  0.617309  0.447976  0.448767  0.409752  0.401183  0.652561  0.377001  0.385998  0.396375  0.397790  0.388863  0.421331  0.621696  0.441857  0.409717  0.395757  0.662822  0.342406  0.676980  0.433926  0.319416  0.430491  0.411482  0.410924  0.356132 
1  0.372513 0.0  0.275790  0.355872  0.391276  0.339919  0.388479  0.338074  0.340619  0.389965  0.646272  0.301142  0.270300  0.269530  0.466885  0.290761  0.272250  0.247909  0.378901  0.435500  0.361074  0.224169  0.312268  0.304628  0.632499  0.339085  0.308568  0.320811  0.630382  0.345212  0.282241  0.339579  0.602850  0.367847  0.267515  0.235042  0.387613  0.370643  0.621076  0.297721  0.284172  0.457284  0.254225  0.271834  0.268973  0.386991  0.245316  0.400070  0.438411  0.334963  0.424263  0.304617  0.453697  0.248640  0.310637  0.366150  0.359780  0.216850  0.396900  0.374713  0.258521  0.303189  0.316648  0.292295  0.304772  0.293263  0.313152  0.218268  0.291140  0.498052  0.314859  0.223502  0.282691  0.317626  0.203195  0.278600  0.347848  0.378798  0.311331  0.314997  0.300354  0.300753  0.363495  0.426083  0.388112  0.306909  0.343711  0.592949  0.326871  0.302678  0.316919  0.262253  0.323542  0.294352  0.311779  0.375785  0.364722  0.362768  0.301566  0.266666  0.443113  0.696996  0.726327  0.430495  0.299088  0.281106  0.383772  0.697425  0.373006  0.374810  0.345432  0.404876  0.313557  0.342375  0.374184  0.750715  0.320699  0.840721  0.298590  0.280454  0.302748  0.360009  0.576909  0.324670  0.369025  0.327748  0.319332  0.369732  0.308278  0.393551  0.367793  0.397584  0.323397  0.459148  0.314268  0.360704  0.372080  0.293360  0.322621  0.310474  0.271500  0.523191  0.351022  0.287018  0.258526  0.456510  0.183883  0.200355  0.291174  0.596064  0.693649  0.374800  0.386025  0.292373  0.583095  0.373125  0.285520  0.289394  0.291040  0.397480  0.310003  0.265582  0.334732  0.307371  0.343483  0.269370  0.330926  0.363849  0.773717  0.386679  0.394616  0.376366  0.696805  0.340920  0.305409  0.294193  0.292189  0.550603  0.231868  0.271307  0.560783  0.294125  0.273626  0.414898  0.585110  0.368209  0.344887  0.503456  0.689500  0.383342  0.695408  0.353508  0.371773  0.349259  0.281240  0.407721  0.311681 
2  0.347122  0.275790 0.0  0.418645  0.347342  0.388223  0.421820  0.159791  0.171778  0.366868  0.564165  0.229354  0.197460  0.238697  0.556533  0.268936  0.241691  0.254112  0.400868  0.527932  0.334956  0.244922  0.212095  0.237554  0.634124  0.227302  0.241896  0.216148  0.693647  0.374360  0.278942  0.302029  0.643791  0.316044  0.252052  0.273958  0.339320  0.386209  0.624301  0.227142  0.266252  0.417905  0.208078  0.257738  0.252611  0.328969  0.237973  0.312927  0.368177  0.201297  0.494732  0.327974  0.567512  0.258510  0.363459  0.373756  0.357377  0.271814  0.313507  0.402562  0.248728  0.264037  0.247446  0.263077  0.253653  0.276316  0.220562  0.252011  0.243617  0.501075  0.263052  0.253821  0.298550  0.241543  0.301440  0.229300  0.355700  0.359237  0.279367  0.281459  0.300303  0.273098  0.354268  0.314243  0.415308  0.213454  0.262750  0.591720  0.253305  0.280449  0.288959  0.216113  0.221349  0.273044  0.307056  0.221670  0.396476  0.330364  0.296346  0.292546  0.437717  0.639200  0.685302  0.396245  0.220814  0.176400  0.370234  0.751697  0.366971  0.343503  0.233495  0.363271  0.178578  0.221320  0.241725  0.683385  0.283612  0.673428  0.158971  0.213024  0.239889  0.390628  0.702490  0.282990  0.304000  0.354420  0.326238  0.410454  0.274372  0.401110  0.263162  0.360027  0.235460  0.536672  0.221040  0.319413  0.242417  0.199442  0.376051  0.259665  0.175000  0.462192  0.276319  0.244370  0.282449  0.354811  0.278889  0.301116  0.256390  0.633827  0.675023  0.321212  0.284906  0.310644  0.695118  0.287582  0.276871  0.264755  0.275010  0.293886  0.227992  0.231756  0.294522  0.282587  0.272209  0.251307  0.312731  0.396599  0.608959  0.385309  0.337612  0.376779  0.778979  0.274465  0.274274  0.238065  0.264045  0.568859  0.189099  0.227669  0.565404  0.167403  0.302486  0.334046  0.762415  0.308554  0.231780  0.616924  0.502902  0.374539  0.754143  0.275839  0.445673  0.286870  0.249909  0.374972  0.286125 
3  0.186527  0.355872  0.418645 0.0  0.221722  0.229561  0.161928  0.391987  0.425219  0.471766  0.726440  0.431379  0.389018  0.431030  0.393454  0.362401  0.354986  0.396600  0.195819  0.468200  0.352524  0.353497  0.349921  0.427621  0.604757  0.430270  0.399189  0.397243  0.706743  0.363985  0.359013  0.420260  0.594436  0.445633  0.284080  0.326658  0.386524  0.399280  0.554221  0.371327  0.433902  0.404083  0.395102  0.375846  0.316647  0.176175  0.343800  0.457101  0.248842  0.411714  0.549382  0.277726  0.498197  0.360663  0.192811  0.335760  0.446134  0.409626  0.439200  0.294770  0.400498  0.440802  0.430496  0.361651  0.368950  0.429843  0.463222  0.396776  0.333218  0.550333  0.429501  0.391517  0.245353  0.373070  0.359802  0.437886  0.354838  0.340203  0.431762  0.477711  0.440842  0.358783  0.397134  0.375085  0.371838  0.422426  0.431790  0.649920  0.418858  0.442694  0.437555  0.358535  0.359628  0.435687  0.405655  0.489668  0.176961  0.419416  0.427162  0.392781  0.451838  0.643909  0.794370  0.442762  0.386382  0.410066  0.434018  0.689454  0.386063  0.426037  0.398192  0.408520  0.363186  0.426242  0.441299  0.699108  0.431737  0.630931  0.414977  0.345355  0.386807  0.364796  0.736443  0.481791  0.436879  0.430600  0.465843  0.484840  0.424963  0.329695  0.476486  0.373029  0.397914  0.538933  0.381636  0.398595  0.465393  0.349160  0.156012  0.370437  0.375195  0.513357  0.427047  0.417945  0.352440  0.390673  0.376690  0.363135  0.355386  0.534372  0.642773  0.445180  0.471375  0.324226  0.553025  0.492157  0.387829  0.430230  0.371695  0.560422  0.481191  0.329760  0.397468  0.428901  0.409497  0.357301  0.320410  0.313634  0.670993  0.403381  0.489708  0.408299  0.710239  0.458955  0.368876  0.508922  0.343403  0.683496  0.403047  0.359637  0.500174  0.364467  0.338763  0.375328  0.592165  0.389405  0.347235  0.591319  0.717716  0.303042  0.719900  0.482143  0.390283  0.401353  0.375359  0.473710  0.444404 
4  0.214580  0.391276  0.347342  0.221722 0.0  0.228674  0.182275  0.431722  0.375003  0.356978  0.639500  0.359396  0.417454  0.443936  0.493332  0.424419  0.311507  0.420542  0.171642  0.508175  0.384248  0.383209  0.389152  0.488048  0.643003  0.449391  0.458695  0.459802  0.588371  0.388723  0.411029  0.507017  0.581474  0.445890  0.225627  0.427583  0.357556  0.327063  0.459940  0.419324  0.393147  0.347639  0.371043  0.281012  0.340700  0.189356  0.381637  0.443993  0.207909  0.408359  0.482099  0.299965  0.495556  0.322015  0.220620  0.425809  0.386104  0.400298  0.357405  0.249729  0.344793  0.442980  0.488964  0.473409  0.447105  0.434982  0.414965  0.310440  0.351732  0.407529  0.427215  0.335360  0.260506  0.336820  0.345457  0.455147  0.359339  0.343020  0.474724  0.466964  0.434371  0.415998  0.349643  0.329449  0.371583  0.470186  0.438600  0.601675  0.449995  0.440673  0.408874  0.407759  0.421805  0.418651  0.495071  0.375993  0.204765  0.373217  0.393163  0.429794  0.441396  0.725282  0.589031  0.415064  0.346584  0.361557  0.365264  0.789595  0.399861  0.355726  0.391086  0.408880  0.319179  0.429525  0.356327  0.561635  0.461087  0.728406  0.441555  0.381862  0.396865  0.385910  0.604350  0.438763  0.520101  0.348511  0.435710  0.488477  0.441535  0.364025  0.451258  0.392627  0.444427  0.505187  0.363363  0.358206  0.463224  0.441059  0.182425  0.416324  0.339276  0.488524  0.424964  0.423177  0.360600  0.407435  0.409186  0.462161  0.351046  0.662388  0.777620  0.539932  0.431282  0.442966  0.662951  0.508437  0.369095  0.445417  0.472525  0.489593  0.422270  0.449405  0.486276  0.434974  0.480105  0.398565  0.320611  0.319435  0.592464  0.387589  0.387009  0.373086  0.602446  0.501329  0.435723  0.481915  0.398836  0.661398  0.344302  0.409504  0.509414  0.345405  0.436109  0.385108  0.651521  0.469811  0.455092  0.478526  0.645044  0.341107  0.714247  0.483104  0.388051  0.449162  0.371920  0.374896  0.464431 
5  0.192018  0.339919  0.388223  0.229561  0.228674 0.0  0.239699  0.384495  0.404487  0.343291  0.616850  0.442442  0.369804  0.440406  0.470054  0.379103  0.357909  0.366437  0.191293  0.456941  0.329695  0.372224  0.414674  0.363961  0.651541  0.360049  0.392996  0.348150  0.714799  0.315705  0.412175  0.405712  0.635772  0.349401  0.296119  0.333124  0.299827  0.335402  0.514859  0.392215  0.370247  0.380201  0.370553  0.356220  0.371146  0.180088  0.347693  0.430665  0.262226  0.356507  0.479407  0.255173  0.444713  0.373087  0.224926  0.327402  0.334706  0.319173  0.327277  0.245756  0.372186  0.436650  0.412087  0.336293  0.363947  0.439854  0.355779  0.349706  0.344625  0.543705  0.416905  0.311972  0.255892  0.353851  0.348429  0.397293  0.323553  0.332851  0.453220  0.406145  0.414377  0.448935  0.348357  0.327209  0.359144  0.377067  0.368028  0.598781  0.447912  0.380565  0.495925  0.337638  0.398019  0.396231  0.396724  0.355776  0.207402  0.352105  0.418601  0.400044  0.449472  0.620447  0.619575  0.427925  0.365930  0.329927  0.347169  0.671645  0.376688  0.347188  0.404740  0.415142  0.376055  0.413410  0.437937  0.678639  0.413238  0.672689  0.406389  0.355708  0.376654  0.298938  0.698672  0.408609  0.437235  0.391898  0.449149  0.426817  0.433661  0.340020  0.418472  0.373463  0.340739  0.417895  0.371142  0.316434  0.475953  0.344521  0.186442  0.386902  0.297373  0.449778  0.459709  0.449532  0.373679  0.452945  0.326428  0.376431  0.383650  0.631253  0.682735  0.414617  0.452413  0.443939  0.616981  0.448972  0.351206  0.461477  0.426064  0.450584  0.386021  0.330141  0.516705  0.441002  0.345794  0.385047  0.359598  0.312922  0.671517  0.339230  0.470656  0.323946  0.642180  0.434307  0.410761  0.431816  0.361137  0.645275  0.337313  0.341096  0.391409  0.327878  0.435388  0.384081  0.652296  0.419198  0.368459  0.438673  0.707814  0.291497  0.685281  0.400508  0.349487  0.422038  0.368992  0.394910  0.451018 
6  0.178058  0.388479  0.421820  0.161928  0.182275  0.239699 0.0  0.366528  0.385417  0.425852  0.678373  0.466072  0.413607  0.430513  0.506981  0.437601  0.363915  0.392379  0.166600  0.504647  0.333329  0.339975  0.401187  0.392614  0.637822  0.435243  0.430924  0.470023  0.652812  0.408018  0.473812  0.482733  0.624642  0.342231  0.282403  0.390082  0.375224  0.400878  0.527660  0.409559  0.411834  0.394022  0.336823  0.396495  0.335605  0.191709  0.363835  0.434083  0.233668  0.341854  0.446578  0.262771  0.504459  0.361424  0.203001  0.410096  0.378087  0.405981  0.345658  0.282470  0.379374  0.385213  0.409104  0.426285  0.419841  0.466638  0.385882  0.387870  0.300850  0.456067  0.419300  0.423821  0.250500  0.420990  0.423179  0.461309  0.342371  0.382698  0.482352  0.436432  0.462640  0.388382  0.362174  0.306028  0.359547  0.376370  0.443244  0.666687  0.395210  0.339525  0.373888  0.358847  0.428217  0.369579  0.489117  0.442362  0.196544  0.471889  0.444508  0.410041  0.473604  0.685256  0.601226  0.410867  0.410216  0.458160  0.421699  0.644174  0.455887  0.337971  0.419426  0.413846  0.356065  0.442135  0.395220  0.766835  0.493365  0.597206  0.408084  0.393058  0.390874  0.357625  0.565497  0.383285  0.433114  0.415009  0.510820  0.463297  0.406846  0.386716  0.450032  0.367428  0.452572  0.478452  0.359818  0.424317  0.461877  0.379126  0.191353  0.453778  0.348207  0.448570  0.412833  0.442081  0.361672  0.460426  0.323370  0.375907  0.298736  0.694177  0.750756  0.504138  0.421389  0.394556  0.632843  0.460603  0.460756  0.439661  0.426774  0.438830  0.386941  0.423008  0.393426  0.423096  0.494819  0.393454  0.360978  0.300180  0.641174  0.352653  0.447225  0.354634  0.615451  0.428193  0.427528  0.434338  0.399543  0.615496  0.359526  0.384384  0.492775  0.417890  0.480157  0.393191  0.611404  0.519551  0.387745  0.474766  0.563451  0.379649  0.656977  0.435921  0.356502  0.351657  0.360939  0.416085  0.481924 
7  0.331129  0.338074  0.159791  0.391987  0.431722  0.384495  0.366528 0.0  0.161601  0.360073  0.710023  0.217790  0.253737  0.211773  0.457610  0.254778  0.236355  0.225407  0.383181  0.474826  0.364323  0.272958  0.219196  0.197810  0.570314  0.228538  0.244669  0.218854  0.572918  0.351115  0.253092  0.285565  0.642993  0.316536  0.340607  0.240676  0.406085  0.417561  0.594160  0.198185  0.213505  0.308539  0.230281  0.289383  0.287416  0.356811  0.270208  0.301918  0.304837  0.210147  0.482420  0.362197  0.485372  0.229780  0.420535  0.368395  0.309652  0.308257  0.440602  0.402594  0.283873  0.304009  0.248752  0.272593  0.255313  0.224339  0.194846  0.250722  0.305256  0.439926  0.253295  0.223213  0.287609  0.237243  0.311322  0.283520  0.434610  0.347196  0.291384  0.280069  0.277683  0.265973  0.343782  0.318553  0.395468  0.242919  0.212925  0.572002  0.258615  0.217219  0.248307  0.229667  0.263834  0.231031  0.300718  0.256613  0.368909  0.351506  0.266425  0.232186  0.430673  0.662354  0.704137  0.390072  0.195835  0.151670  0.356683  0.714695  0.323618  0.314156  0.235204  0.379834  0.181822  0.219208  0.243968  0.689786  0.268972  0.714629  0.187781  0.201022  0.226791  0.343966  0.712970  0.253714  0.311704  0.382898  0.274874  0.380169  0.233576  0.376759  0.295303  0.332845  0.259160  0.498335  0.187558  0.328172  0.265475  0.197319  0.351696  0.270504  0.150401  0.414854  0.260955  0.243417  0.272599  0.318015  0.283729  0.267114  0.291664  0.486949  0.706102  0.258503  0.257324  0.270254  0.558323  0.303779  0.311372  0.242744  0.295875  0.297107  0.217031  0.247307  0.287732  0.290409  0.268450  0.247604  0.357163  0.360996  0.698798  0.475984  0.300844  0.386728  0.751495  0.236015  0.312780  0.298484  0.241188  0.607608  0.190469  0.220366  0.549684  0.200954  0.279802  0.402828  0.685329  0.283832  0.212686  0.478604  0.626098  0.355824  0.669972  0.269628  0.330364  0.306129  0.241737  0.366203  0.345799 
8  0.368115  0.340619  0.171778  0.425219  0.375003  0.404487  0.385417  0.161601 0.0  0.402349  0.761108  0.220577  0.238075  0.250054  0.501471  0.254150  0.230353  0.239261  0.393258  0.494097  0.385452  0.253756  0.203098  0.235653  0.562827  0.275491  0.261828  0.235529  0.654142  0.389687  0.310683  0.304619  0.627957  0.364469  0.280334  0.252711  0.348979  0.403365  0.496647  0.247402  0.240572  0.347889  0.207802  0.306508  0.230885  0.349836  0.302016  0.323047  0.333354  0.218482  0.495107  0.355233  0.477320  0.261497  0.333426  0.391455  0.339847  0.305806  0.406218  0.401792  0.299188  0.287842  0.294632  0.256684  0.267930  0.279989  0.214409  0.217068  0.308106  0.412332  0.302907  0.262108  0.298701  0.314238  0.287696  0.267819  0.404946  0.385948  0.258968  0.250035  0.294395  0.254471  0.383690  0.352499  0.377403  0.257442  0.247648  0.532782  0.246143  0.210669  0.223820  0.231394  0.271437  0.273554  0.281787  0.200168  0.311455  0.419637  0.262527  0.248181  0.418440  0.609412  0.713585  0.430438  0.243945  0.161879  0.294278  0.710413  0.400375  0.414320  0.249434  0.412740  0.186890  0.234663  0.310707  0.784087  0.333024  0.686654  0.161453  0.240454  0.243396  0.387327  0.665156  0.303810  0.301404  0.321661  0.302241  0.369380  0.241146  0.368228  0.296495  0.368900  0.275079  0.501834  0.205699  0.378903  0.254709  0.230836  0.445089  0.277000  0.207151  0.545475  0.290419  0.239022  0.330600  0.435502  0.303566  0.318178  0.231483  0.626963  0.737966  0.268535  0.287067  0.272958  0.663516  0.284004  0.282484  0.213382  0.266637  0.316190  0.242358  0.239724  0.280185  0.294404  0.308876  0.210913  0.365410  0.370605  0.676093  0.366348  0.280006  0.363570  0.657330  0.314242  0.264972  0.218008  0.266860  0.601940  0.206513  0.214874  0.485461  0.213499  0.262804  0.365476  0.615598  0.288535  0.220962  0.550360  0.681851  0.393781  0.852041  0.364988  0.317872  0.240292  0.253391  0.391536  0.316897 
9  0.305612  0.389965  0.366868  0.471766  0.356978  0.343291  0.425852  0.360073  0.402349 0.0  0.797321  0.314781  0.359824  0.395269  0.556752  0.391160  0.332410  0.404469  0.428866  0.568640  0.339694  0.352233  0.333194  0.381595  0.711642  0.408747  0.362874  0.379433  0.606821  0.291262  0.460146  0.354094  0.666363  0.254773  0.314499  0.338501  0.371344  0.343414  0.604306  0.362725  0.375596  0.282025  0.365084  0.369426  0.357249  0.333576  0.363804  0.478610  0.346726  0.365065  0.466798  0.404495  0.455751  0.344518  0.374296  0.212073  0.188175  0.360419  0.431101  0.390711  0.352728  0.427847  0.388850  0.445403  0.376066  0.385585  0.429704  0.350578  0.345788  0.415850  0.398648  0.359879  0.309757  0.317174  0.339007  0.474774  0.335885  0.348593  0.433372  0.379890  0.363499  0.403846  0.340979  0.378658  0.310836  0.373946  0.399858  0.722443  0.460455  0.421516  0.427604  0.444752  0.339607  0.372592  0.446713  0.376599  0.386701  0.210250  0.444535  0.427940  0.213860  0.725265  0.597605  0.194686  0.306551  0.382096  0.212181  0.688716  0.216040  0.181121  0.379756  0.189719  0.420398  0.337108  0.445675  0.705296  0.481115  0.673598  0.378681  0.314505  0.415782  0.353168  0.655003  0.400939  0.460443  0.230196  0.419311  0.164134  0.362889  0.317559  0.396360  0.192913  0.415486  0.497710  0.369790  0.182528  0.507412  0.390067  0.379642  0.416577  0.350710  0.478174  0.359357  0.481471  0.371523  0.186657  0.352290  0.387137  0.315195  0.552048  0.719024  0.411425  0.372898  0.438240  0.572653  0.441587  0.457718  0.404869  0.454641  0.451209  0.364478  0.427844  0.461874  0.407781  0.433911  0.391235  0.241468  0.399195  0.758013  0.335336  0.421119  0.363220  0.815790  0.377030  0.393752  0.409939  0.357606  0.623085  0.326404  0.367020  0.450941  0.361027  0.407876  0.241073  0.787411  0.443195  0.362716  0.510041  0.633827  0.299938  0.637065  0.489305  0.313584  0.465521  0.435586  0.211572  0.434960 
10  0.556262  0.646272  0.564165  0.726440  0.639500  0.616850  0.678373  0.710023  0.761108  0.797321 0.0  0.717895  0.720252  0.684242  0.702611  0.659781  0.596117  0.602917  0.689093  0.661290  0.582698  0.726640  0.667173  0.778776  0.447277  0.616751  0.913994  0.658880  0.414829  0.615944  0.879646  0.897996  0.432879  0.754408  0.646860  0.639791  0.503917  0.646572  0.697640  0.719554  0.754212  0.647020  0.629018  0.690560  0.640607  0.580749  0.677055  0.844322  0.546420  0.737793  0.743402  0.671749  0.724107  0.689777  0.596406  0.794484  0.812295  0.602416  0.613771  0.649145  0.750625  0.705195  0.756832  0.747010  0.790580  0.635969  0.759252  0.704532  0.728474  0.711223  0.716327  0.694236  0.640169  0.664878  0.721101  0.846064  0.724070  0.678221  0.743506  0.751216  0.664392  0.715743  0.642554  0.562034  0.674969  0.651659  0.689637  0.653320  0.713140  0.639112  0.862454  0.887838  0.723116  0.624597  0.699980  0.766165  0.649601  0.736478  0.656284  0.614674  0.769114  0.526105  0.146055  0.772680  0.752342  0.636965  0.607995  0.275543  0.838275  0.597447  0.664877  0.769462  0.758354  0.741231  0.633238  0.153857  0.862493  0.166974  0.709544  0.792230  0.653533  0.621903  0.689804  0.812302  0.766875  0.666917  0.721221  0.752915  0.771910  0.644420  0.747844  0.674020  0.754031  0.664049  0.620089  0.599762  0.825467  0.640771  0.678570  0.775060  0.722046  0.641708  0.671971  0.645448  0.643340  0.700552  0.745956  0.693352  0.639828  0.620999  0.716760  0.817874  0.741490  0.764199  0.729066  0.731600  0.779025  0.632752  0.733348  0.712026  0.734680  0.657191  0.757887  0.834970  0.616992  0.779685  0.680766  0.613511  0.281592  0.636972  0.874711  0.631853  0.207070  0.736181  0.597660  0.800127  0.630344  0.645369  0.673831  0.735366  0.667549  0.697583  0.722805  0.668939  0.153744  0.699784  0.689430  0.730027  0.439503  0.630990  0.162524  0.800875  0.634661  0.780690  0.575302  0.701216  0.857573 
11  0.339507  0.301142  0.229354  0.431379  0.359396  0.442442  0.466072  0.217790  0.220577  0.314781  0.717895 0.0  0.176282  0.218773  0.500930  0.225167  0.246961  0.182012  0.385526  0.498958  0.364093  0.264907  0.160618  0.206151  0.573344  0.209079  0.217891  0.176275  0.567091  0.366531  0.280458  0.253821  0.707956  0.378044  0.331616  0.275633  0.382547  0.411921  0.494436  0.177871  0.191278  0.426383  0.180368  0.240198  0.268465  0.311108  0.250234  0.251387  0.346124  0.157357  0.490890  0.420742  0.518958  0.263155  0.314690  0.369379  0.326270  0.354897  0.376301  0.372652  0.266838  0.250027  0.228295  0.241371  0.264122  0.232325  0.172080  0.248681  0.271472  0.484386  0.259993  0.254383  0.314229  0.225227  0.280586  0.272348  0.384461  0.400316  0.245619  0.255853  0.254444  0.220665  0.428523  0.400906  0.379084  0.228133  0.227157  0.520606  0.227447  0.216683  0.255022  0.179734  0.202307  0.235651  0.242406  0.177293  0.390565  0.396209  0.270516  0.209975  0.413658  0.695208  0.671673  0.346014  0.182866  0.246844  0.334189  0.710822  0.360406  0.327248  0.176306  0.337857  0.219845  0.184110  0.269115  0.686818  0.223124  0.745575  0.185115  0.185618  0.264194  0.405470  0.641572  0.281675  0.255285  0.401447  0.288394  0.371444  0.203897  0.370853  0.321946  0.364945  0.208254  0.524852  0.187627  0.317220  0.222816  0.208140  0.393720  0.218517  0.180419  0.493610  0.268724  0.208196  0.249358  0.377239  0.287204  0.310148  0.275638  0.518865  0.708069  0.257574  0.238394  0.254739  0.595262  0.257483  0.317358  0.226018  0.279272  0.269070  0.199541  0.194035  0.255776  0.233577  0.288210  0.217358  0.386732  0.340544  0.749253  0.354905  0.318347  0.368108  0.715950  0.240489  0.250865  0.230767  0.206001  0.613569  0.196588  0.235301  0.584202  0.205599  0.237021  0.386476  0.647315  0.235866  0.188376  0.560159  0.608280  0.369624  0.673707  0.244702  0.410863  0.305556  0.269589  0.356775  0.294378 
12  0.387801  0.270300  0.197460  0.389018  0.417454  0.369804  0.413607  0.253737  0.238075  0.359824  0.720252  0.176282 0.0  0.191847  0.580648  0.187826  0.266094  0.177139  0.394743  0.564593  0.459799  0.310413  0.182664  0.149680  0.746269  0.176747  0.143084  0.216319  0.692724  0.422316  0.221841  0.174677  0.576998  0.358269  0.267901  0.279233  0.433620  0.398798  0.543797  0.189392  0.169339  0.426534  0.175400  0.316875  0.273956  0.408620  0.295076  0.239009  0.368192  0.173349  0.435620  0.337015  0.468841  0.263673  0.368047  0.348838  0.341203  0.299828  0.435937  0.346821  0.315694  0.223882  0.214426  0.172333  0.196832  0.199420  0.194060  0.246291  0.314573  0.453789  0.189178  0.288051  0.315765  0.320994  0.305194  0.183503  0.349072  0.448578  0.192141  0.181719  0.203625  0.187261  0.361873  0.366561  0.438073  0.208462  0.186504  0.673825  0.243164  0.214818  0.203510  0.164915  0.162253  0.184218  0.214912  0.194701  0.430240  0.389161  0.209481  0.205757  0.385784  0.669053  0.586020  0.405648  0.187354  0.239842  0.341362  0.693732  0.330265  0.393846  0.186405  0.331031  0.231200  0.150939  0.243852  0.691784  0.196495  0.788589  0.251881  0.185506  0.255766  0.394441  0.642898  0.235177  0.213323  0.337222  0.238826  0.478936  0.170824  0.361023  0.246684  0.303990  0.221069  0.471795  0.181117  0.324901  0.220360  0.226670  0.362218  0.180747  0.205235  0.399673  0.210177  0.145676  0.337761  0.391981  0.241796  0.289776  0.286958  0.542536  0.644957  0.198264  0.222763  0.191348  0.557788  0.267005  0.192352  0.188511  0.196528  0.245142  0.194281  0.144470  0.233120  0.219310  0.231020  0.202192  0.340797  0.355468  0.698776  0.354860  0.273082  0.379105  0.670109  0.209764  0.190478  0.201830  0.132460  0.621776  0.216648  0.186458  0.476329  0.207721  0.199402  0.365633  0.687166  0.195834  0.206426  0.596650  0.709196  0.399130  0.693019  0.212572  0.433658  0.228603  0.322164  0.378817  0.238228 
13  0.375258  0.269530  0.238697  0.431030  0.443936  0.440406  0.430513  0.211773  0.250054  0.395269  0.684242  0.218773  0.191847 0.0  0.614430  0.161762  0.256199  0.227139  0.523525  0.555073  0.398414  0.255710  0.191950  0.193554  0.713827  0.202712  0.194880  0.225937  0.729235  0.461830  0.220704  0.203529  0.748963  0.375836  0.344131  0.293640  0.457648  0.410272  0.576268  0.235470  0.180592  0.387632  0.240252  0.246552  0.268142  0.455287  0.288588  0.212273  0.423629  0.201101  0.452123  0.427204  0.465536  0.278581  0.414949  0.317881  0.368166  0.258708  0.461762  0.421605  0.266837  0.209026  0.195411  0.182417  0.195821  0.182848  0.186700  0.285996  0.336069  0.567639  0.194228  0.269564  0.328107  0.270161  0.294147  0.188778  0.418948  0.383878  0.191283  0.172149  0.210860  0.216759  0.383304  0.390614  0.450803  0.182651  0.197629  0.586361  0.215168  0.210512  0.204114  0.216840  0.190215  0.172554  0.199648  0.192243  0.385702  0.368418  0.228586  0.197671  0.371815  0.691678  0.694501  0.378895  0.193587  0.249940  0.318965  0.579592  0.415261  0.393765  0.215252  0.334216  0.262964  0.190874  0.258472  0.643953  0.197770  0.785646  0.279221  0.220652  0.298540  0.480006  0.538457  0.187006  0.235252  0.402419  0.196471  0.418075  0.211119  0.415658  0.221820  0.356611  0.190253  0.544234  0.209083  0.313559  0.169469  0.216014  0.406577  0.165343  0.223659  0.509418  0.222108  0.192538  0.320075  0.333445  0.286008  0.344341  0.308309  0.569954  0.585101  0.206591  0.206527  0.180179  0.563184  0.232841  0.216192  0.140858  0.190670  0.235607  0.214728  0.202704  0.207975  0.201394  0.188176  0.215683  0.408872  0.429086  0.771363  0.431177  0.228349  0.336497  0.787463  0.187865  0.197339  0.183638  0.186158  0.603125  0.224520  0.245636  0.595150  0.224787  0.203964  0.402207  0.800331  0.239278  0.174606  0.492890  0.723259  0.422393  0.715396  0.252592  0.370398  0.243463  0.292650  0.403414  0.265543 
14  0.498793  0.466885  0.556533  0.393454  0.493332  0.470054  0.506981  0.457610  0.501471  0.556752  0.702611  0.500930  0.580648  0.614430 0.0  0.553493  0.554442  0.512536  0.511067  0.321327  0.514461  0.477363  0.576261  0.535614  0.625911  0.521237  0.563652  0.545054  0.630500  0.504031  0.537500  0.667538  0.612368  0.492099  0.379078  0.504954  0.473838  0.455419  0.311372  0.554301  0.459508  0.494443  0.568688  0.584560  0.538932  0.448807  0.552515  0.606835  0.411102  0.454644  0.416052  0.540231  0.426581  0.441863  0.461890  0.557365  0.568919  0.500202  0.476372  0.527243  0.535510  0.640681  0.521585  0.487002  0.627669  0.552383  0.558713  0.446842  0.474309  0.424158  0.507946  0.536091  0.419299  0.486021  0.538020  0.510599  0.461485  0.517964  0.574803  0.666952  0.600608  0.584819  0.514851  0.490966  0.487570  0.512370  0.532521  0.648863  0.582085  0.542946  0.624471  0.563532  0.579288  0.544472  0.599805  0.474205  0.462884  0.583379  0.500864  0.559153  0.534270  0.728804  0.541610  0.591208  0.511504  0.446087  0.493103  0.701615  0.544987  0.501219  0.466507  0.573517  0.515852  0.529218  0.564189  0.711219  0.665298  0.654186  0.487678  0.569241  0.448890  0.584074  0.843899  0.523379  0.633480  0.468742  0.589285  0.624463  0.623864  0.454826  0.413946  0.559316  0.520077  0.297535  0.538643  0.487808  0.608544  0.530211  0.456315  0.612766  0.497752  0.327611  0.630795  0.518645  0.496614  0.498530  0.478799  0.513462  0.476260  0.684142  0.826290  0.582862  0.533408  0.617590  0.547781  0.554446  0.587138  0.562174  0.599400  0.594363  0.547408  0.472341  0.584524  0.568327  0.537131  0.520923  0.522175  0.423146  0.619527  0.436624  0.572231  0.416475  0.697135  0.612173  0.567612  0.616269  0.603555  0.568448  0.533152  0.478314  0.196700  0.466958  0.616375  0.574650  0.782303  0.533786  0.580120  0.307585  0.703690  0.462594  0.665298  0.679030  0.529304  0.596967  0.543138  0.527611  0.611573 
15  0.423656  0.290761  0.268936  0.362401  0.424419  0.379103  0.437601  0.254778  0.254150  0.391160  0.659781  0.225167  0.187826  0.161762  0.553493 0.0  0.284244  0.193983  0.414319  0.537442  0.483449  0.304981  0.225553  0.198547  0.736151  0.214803  0.186277  0.239210  0.776586  0.480783  0.168408  0.181272  0.805333  0.399347  0.348319  0.309002  0.424737  0.451967  0.576890  0.245367  0.195061  0.484992  0.244738  0.347321  0.305811  0.423585  0.318319  0.240972  0.426404  0.249089  0.603725  0.444306  0.456791  0.317884  0.426908  0.375196  0.397694  0.323548  0.483380  0.379412  0.353851  0.167113  0.191273  0.164628  0.155221  0.175058  0.231543  0.286704  0.324953  0.589504  0.179015  0.273121  0.321625  0.377735  0.283161  0.183011  0.412490  0.406819  0.174546  0.167407  0.176162  0.173294  0.403721  0.371243  0.426303  0.206495  0.190235  0.557381  0.240527  0.210003  0.176346  0.227504  0.167589  0.157909  0.161576  0.219661  0.404406  0.344078  0.186233  0.212633  0.359024  0.717951  0.827597  0.394913  0.245320  0.243871  0.417490  0.718015  0.410940  0.390213  0.224734  0.379975  0.276289  0.212071  0.235753  0.785619  0.200414  0.711944  0.275579  0.237147  0.273390  0.452797  0.582118  0.225434  0.185962  0.407772  0.170799  0.374593  0.230223  0.413775  0.211554  0.349903  0.244372  0.509172  0.204083  0.395858  0.184006  0.235938  0.406027  0.154534  0.247191  0.599630  0.218191  0.198431  0.282907  0.387863  0.308722  0.331586  0.321918  0.523594  0.685452  0.167533  0.206487  0.159185  0.534456  0.234657  0.180037  0.169827  0.181442  0.241630  0.220406  0.183846  0.173838  0.201089  0.177020  0.207569  0.403654  0.493704  0.755805  0.484181  0.228811  0.406309  0.834825  0.168836  0.147008  0.183884  0.181862  0.602638  0.250045  0.223169  0.568503  0.290208  0.205945  0.414713  0.809999  0.214409  0.220833  0.560917  0.762449  0.403241  0.697562  0.224642  0.443528  0.203931  0.307626  0.360109  0.227925 
16  0.340370  0.272250  0.241691  0.354986  0.311507  0.357909  0.363915  0.236355  0.230353  0.332410  0.596117  0.246961  0.266094  0.256199  0.554442  0.284244 0.0  0.236781  0.363417  0.491207  0.321012  0.241049  0.242774  0.284759  0.646722  0.302865  0.256915  0.252888  0.618173  0.353448  0.311767  0.280736  0.690114  0.335872  0.277897  0.290314  0.340754  0.383635  0.472234  0.249302  0.295285  0.330585  0.261469  0.193551  0.249865  0.318723  0.216731  0.368482  0.309881  0.222013  0.426804  0.352377  0.407306  0.158554  0.402093  0.326306  0.285803  0.231673  0.367141  0.305273  0.179375  0.320671  0.277819  0.261889  0.334978  0.294446  0.277165  0.242209  0.206688  0.418455  0.271091  0.267965  0.299614  0.212787  0.262781  0.288260  0.326568  0.353875  0.296987  0.297564  0.290435  0.348529  0.376220  0.357965  0.401414  0.268572  0.265337  0.584643  0.298541  0.287539  0.285721  0.255093  0.305099  0.274958  0.320819  0.226497  0.279491  0.309365  0.300101  0.286737  0.398146  0.729114  0.683210  0.349143  0.265877  0.244294  0.278970  0.830833  0.307625  0.304673  0.230378  0.304163  0.227029  0.250467  0.266983  0.632279  0.324476  0.692485  0.243297  0.256462  0.258352  0.383201  0.670490  0.290249  0.376646  0.343385  0.305046  0.334276  0.308603  0.337800  0.336832  0.357980  0.304885  0.469178  0.235901  0.346344  0.282683  0.246369  0.366952  0.258819  0.234852  0.444312  0.329562  0.256867  0.212924  0.320120  0.229035  0.209853  0.270550  0.620605  0.638924  0.322664  0.339077  0.299041  0.640796  0.342949  0.303040  0.286880  0.306067  0.312324  0.292829  0.248322  0.287027  0.301373  0.272154  0.272103  0.316273  0.334221  0.634054  0.385701  0.339572  0.355223  0.603538  0.293112  0.280004  0.331119  0.267823  0.628100  0.219206  0.255439  0.501644  0.249238  0.309629  0.314449  0.698923  0.338965  0.252298  0.542082  0.645725  0.279491  0.664449  0.315284  0.347421  0.325901  0.228144  0.352653  0.346453 
17  0.330120  0.247909  0.254112  0.396600  0.420542  0.366437  0.392379  0.225407  0.239261  0.404469  0.602917  0.182012  0.177139  0.227139  0.512536  0.193983  0.236781 0.0  0.422277  0.446097  0.397080  0.317977  0.161052  0.195322  0.567702  0.188137  0.164742  0.166594  0.603857  0.373969  0.202049  0.220752  0.709939  0.395767  0.280100  0.242517  0.415519  0.442167  0.547031  0.200581  0.214600  0.390059  0.173248  0.275618  0.250050  0.392171  0.238412  0.261397  0.338269  0.148198  0.468672  0.365596  0.487486  0.247377  0.346306  0.434778  0.357218  0.330608  0.397286  0.372152  0.311482  0.214687  0.220411  0.196726  0.230982  0.178918  0.210616  0.255288  0.264667  0.514626  0.229282  0.246564  0.320966  0.260764  0.288577  0.222494  0.329423  0.416183  0.229189  0.198621  0.207768  0.210783  0.389084  0.411007  0.403989  0.210062  0.182666  0.566125  0.242105  0.228048  0.217460  0.144051  0.190466  0.209437  0.199335  0.179675  0.327881  0.416655  0.204524  0.233042  0.477871  0.680933  0.668860  0.443733  0.190529  0.212890  0.378476  0.688416  0.348504  0.397283  0.204662  0.390513  0.238903  0.166558  0.254267  0.681460  0.229627  0.687028  0.199810  0.185436  0.246187  0.421007  0.669411  0.293980  0.217837  0.323886  0.219694  0.476616  0.188876  0.418771  0.269795  0.363499  0.285455  0.452676  0.191517  0.418808  0.242225  0.212306  0.368381  0.194335  0.207003  0.489083  0.269287  0.191093  0.300042  0.404190  0.232877  0.233951  0.280527  0.598187  0.610946  0.223775  0.253092  0.208164  0.581813  0.270207  0.229846  0.178855  0.210169  0.306410  0.215706  0.152190  0.241931  0.248356  0.243757  0.223254  0.401837  0.352532  0.677918  0.393939  0.267149  0.415530  0.590741  0.217564  0.216454  0.204632  0.190895  0.624082  0.222175  0.168543  0.531805  0.183581  0.184812  0.400405  0.713436  0.207627  0.223131  0.541329  0.634692  0.387122  0.734038  0.240815  0.388229  0.222272  0.277589  0.342941  0.238796 
18  0.208600  0.378901  0.400868  0.195819  0.171642  0.191293  0.166600  0.383181  0.393258  0.428866  0.689093  0.385526  0.394743  0.523525  0.511067  0.414319  0.363417  0.422277 0.0  0.447098  0.352719  0.382034  0.395490  0.414495  0.590165  0.485380  0.485609  0.401654  0.644942  0.382342  0.462269  0.464708  0.740158  0.393903  0.322486  0.382689  0.335815  0.353506  0.448567  0.417142  0.506771  0.371573  0.381950  0.334859  0.364422  0.226812  0.353131  0.505889  0.240900  0.357462  0.584869  0.262685  0.615112  0.381661  0.262459  0.403726  0.399588  0.388829  0.388438  0.298218  0.346421  0.429903  0.395935  0.459880  0.456036  0.459892  0.419221  0.329927  0.372991  0.529848  0.408549  0.360431  0.273695  0.438249  0.375515  0.439733  0.416126  0.452551  0.453589  0.456097  0.415007  0.511789  0.383472  0.352486  0.367082  0.369099  0.353648  0.689556  0.494661  0.400278  0.362677  0.423713  0.458035  0.522608  0.483171  0.408281  0.215931  0.407228  0.437999  0.415344  0.378186  0.631689  0.769841  0.461805  0.401957  0.451520  0.371707  0.639328  0.436857  0.434311  0.446272  0.445962  0.471104  0.419338  0.475937  0.697697  0.495352  0.630422  0.414715  0.396798  0.386255  0.394497  0.671925  0.375236  0.521412  0.421500  0.482547  0.435172  0.395360  0.432905  0.419147  0.418950  0.471216  0.454074  0.387411  0.472015  0.462041  0.393227  0.179106  0.437031  0.327813  0.482158  0.487911  0.389211  0.427350  0.402633  0.447913  0.414038  0.374099  0.587903  0.636804  0.494249  0.436120  0.502992  0.672206  0.494316  0.435167  0.441480  0.503123  0.427207  0.411816  0.367400  0.452852  0.466446  0.493432  0.444252  0.342649  0.314760  0.737302  0.339158  0.462789  0.392366  0.688382  0.436448  0.482443  0.369760  0.397556  0.588750  0.424733  0.390047  0.563504  0.386477  0.428817  0.455394  0.744397  0.435488  0.364232  0.535630  0.647909  0.333809  0.535437  0.514692  0.314179  0.414091  0.368559  0.425431  0.522626 
19  0.427170  0.435500  0.527932  0.468200  0.508175  0.456941  0.504647  0.474826  0.494097  0.568640  0.661290  0.498958  0.564593  0.555073  0.321327  0.537442  0.491207  0.446097  0.447098 0.0  0.487292  0.539427  0.501300  0.518025  0.687272  0.604427  0.520397  0.546521  0.652277  0.455779  0.648984  0.551962  0.744637  0.494273  0.385249  0.430653  0.573159  0.433526  0.183016  0.495868  0.568489  0.544385  0.546225  0.500599  0.471494  0.521612  0.505158  0.629341  0.530253  0.500320  0.258252  0.488881  0.300523  0.555922  0.485914  0.462741  0.503907  0.510224  0.446587  0.455925  0.517010  0.564242  0.508545  0.505924  0.610743  0.490914  0.573296  0.432208  0.396547  0.465757  0.496253  0.555650  0.348749  0.455511  0.503109  0.522680  0.475954  0.449613  0.534784  0.501684  0.512092  0.581793  0.483829  0.474649  0.447416  0.559729  0.547447  0.693005  0.500622  0.520588  0.462197  0.413503  0.508028  0.584079  0.500673  0.512017  0.401680  0.522141  0.565184  0.515912  0.675915  0.590755  0.571646  0.528772  0.484057  0.473261  0.457954  0.661296  0.520459  0.538753  0.553902  0.479228  0.572140  0.540223  0.587007  0.761950  0.481462  0.651967  0.491132  0.472068  0.450071  0.494945  0.695394  0.598643  0.534380  0.421098  0.449066  0.538750  0.515195  0.416654  0.582547  0.459003  0.565710  0.224107  0.579571  0.526482  0.641919  0.535470  0.435295  0.544452  0.426516  0.212030  0.668376  0.509994  0.470463  0.491176  0.516131  0.467221  0.511077  0.571407  0.704323  0.579546  0.510606  0.499264  0.669430  0.535920  0.509747  0.473148  0.469817  0.646563  0.541057  0.506747  0.516322  0.501323  0.488951  0.527556  0.531934  0.540856  0.522380  0.536718  0.588792  0.474588  0.636693  0.543453  0.641810  0.606341  0.483035  0.642795  0.531660  0.490181  0.318006  0.513331  0.619822  0.508151  0.602544  0.573060  0.627959  0.259609  0.704717  0.520546  0.645827  0.553711  0.475213  0.546285  0.445720  0.545859  0.547849 
