197
0 0.0  0.403484  0.320098  0.205787  0.249454  0.241687  0.193681  0.427440  0.472589  0.424944  0.614918  0.368618  0.500821  0.414669  0.455260  0.393993  0.346961  0.374257  0.199723  0.505061  0.297093  0.429736  0.443261  0.495683  0.655418  0.419891  0.387375  0.342773  0.645141  0.404904  0.442048  0.491603  0.525440  0.483745  0.277884  0.466389  0.367125  0.398107  0.504766  0.440389  0.593662  0.404238  0.359661  0.408205  0.410554  0.142706  0.367012  0.493846  0.413158  0.370089  0.391553  0.367290  0.573589  0.352224  0.201879  0.423003  0.310756  0.463794  0.384755  0.368570  0.409736  0.478335  0.541038  0.444730  0.417624  0.477237  0.426741  0.345963  0.433956  0.519323  0.417032  0.381998  0.196364  0.456780  0.350100  0.496465  0.420468  0.428975  0.518260  0.435571  0.384714  0.377021  0.385791  0.479114  0.473825  0.485182  0.460793  0.657874  0.459997  0.517011  0.552516  0.419752  0.476611  0.525298  0.627077  0.382334  0.185632  0.435254  0.549130  0.557744  0.450750  0.641720  0.567865  0.517972  0.367316  0.437811  0.451076  0.759107  0.500307  0.363501  0.498480  0.461430  0.395356  0.497992  0.402962  0.578241  0.436625  0.788123  0.433209  0.552753  0.383450  0.457658  0.705363  0.456113  0.583518  0.413096  0.446437  0.462096  0.522785  0.383053  0.392217  0.432917  0.508054  0.474649  0.397035  0.447154  0.450417  0.407255  0.184675  0.531487  0.494514  0.540769  0.488879  0.496490  0.376533  0.420661  0.378674  0.479867  0.463995  0.624878  0.723432  0.414668  0.521034  0.350927  0.730417  0.393492  0.550171  0.443708  0.429720  0.549760  0.475949  0.375595  0.440581  0.422397  0.423882  0.360534  0.399286  0.406614  0.706185  0.472160  0.488866  0.395950  0.589422  0.350401  0.455568  0.366741  0.372883  0.586623  0.392760  0.421542  0.450548  0.451847  0.342665  0.355874  0.736573  0.496525  0.412204  0.528715  0.643245  0.346635  0.643849  0.424594  0.420068  0.404021  0.435059  0.490707  0.446643 
1  0.403484 0.0  0.415315  0.407921  0.399914  0.454593  0.427696  0.308857  0.383947  0.418458  0.699875  0.379534  0.343123  0.399820  0.660276  0.342031  0.397756  0.337818  0.380500  0.483602  0.504450  0.268017  0.388068  0.305792  0.730715  0.318381  0.334176  0.413889  0.613435  0.495922  0.401752  0.464871  0.685550  0.443895  0.425749  0.254678  0.415318  0.426832  0.569543  0.277257  0.356809  0.563333  0.382249  0.410615  0.365002  0.461139  0.288549  0.442937  0.367112  0.364752  0.505358  0.392410  0.512101  0.231611  0.359884  0.461046  0.446722  0.305123  0.460403  0.495122  0.370360  0.338920  0.381632  0.327387  0.321266  0.380148  0.394300  0.346818  0.272410  0.540935  0.347387  0.211449  0.298314  0.312397  0.145546  0.306025  0.472575  0.439638  0.477092  0.379953  0.391792  0.394014  0.409872  0.427959  0.425042  0.271639  0.355591  0.583896  0.289998  0.484583  0.383260  0.245259  0.461896  0.363230  0.328326  0.493509  0.400820  0.374613  0.323649  0.416608  0.438644  0.649997  0.742294  0.484312  0.334683  0.322656  0.428554  0.736667  0.431003  0.414155  0.369805  0.567522  0.438840  0.364271  0.412433  0.739768  0.460507  0.814352  0.433542  0.405281  0.333348  0.398025  0.619931  0.359983  0.400009  0.413935  0.508888  0.386051  0.399848  0.424094  0.375365  0.394183  0.311128  0.455299  0.391688  0.458683  0.325818  0.352030  0.345638  0.422692  0.403850  0.460504  0.390055  0.386877  0.247094  0.470411  0.076822  0.146647  0.275182  0.514149  0.588173  0.389206  0.419126  0.324760  0.649574  0.424502  0.408028  0.403343  0.485549  0.379570  0.397220  0.319438  0.431557  0.416932  0.423980  0.275064  0.401613  0.444705  0.634960  0.427719  0.351757  0.414827  0.700714  0.407534  0.403615  0.411848  0.346155  0.589592  0.332850  0.370171  0.612230  0.337073  0.374302  0.483598  0.685762  0.332237  0.396053  0.584066  0.709777  0.576313  0.680697  0.342820  0.528813  0.363216  0.393519  0.590895  0.467628 
2  0.320098  0.415315 0.0  0.485448  0.428265  0.358285  0.424346  0.169163  0.205076  0.441016  0.698824  0.155356  0.372469  0.275124  0.554647  0.398928  0.330206  0.226159  0.489318  0.542287  0.499849  0.323410  0.187971  0.274307  0.669494  0.200287  0.305857  0.369522  0.609588  0.367581  0.319644  0.319234  0.693080  0.395485  0.360069  0.283995  0.447191  0.487033  0.557735  0.269955  0.303308  0.514631  0.212127  0.287756  0.240675  0.378728  0.246398  0.459747  0.343180  0.293604  0.509515  0.376611  0.498754  0.224254  0.441959  0.396590  0.389450  0.323255  0.543319  0.419870  0.291808  0.335149  0.362131  0.200018  0.350903  0.242130  0.283687  0.244972  0.198063  0.487751  0.331208  0.310722  0.365055  0.260577  0.381983  0.375606  0.418558  0.544476  0.339246  0.198585  0.391829  0.288373  0.446003  0.456990  0.471828  0.255757  0.308296  0.609407  0.306566  0.310850  0.223166  0.261297  0.358846  0.295886  0.291476  0.251684  0.551186  0.491638  0.388980  0.324900  0.524853  0.788553  0.789433  0.356437  0.167932  0.318040  0.421572  0.617614  0.430635  0.449747  0.251657  0.398498  0.169124  0.308129  0.254813  0.657063  0.384349  0.733326  0.213480  0.427213  0.245256  0.496541  0.636691  0.290719  0.316247  0.464100  0.400689  0.432952  0.303520  0.524205  0.325073  0.349889  0.319490  0.529018  0.304829  0.324854  0.329655  0.337427  0.481069  0.328790  0.116751  0.561979  0.213466  0.248464  0.334446  0.420626  0.315361  0.287368  0.322965  0.605592  0.650002  0.448564  0.424917  0.399831  0.686936  0.302902  0.303227  0.294774  0.236518  0.318590  0.242913  0.292093  0.280844  0.368068  0.298090  0.339824  0.475679  0.375233  0.660917  0.401093  0.330781  0.510344  0.791577  0.266119  0.288977  0.423938  0.285502  0.619425  0.162172  0.360957  0.661876  0.209980  0.393945  0.463267  0.738148  0.430252  0.243387  0.466448  0.721495  0.480320  0.695549  0.315911  0.412472  0.284666  0.395297  0.448744  0.334524 
3  0.205787  0.407921  0.485448 0.0  0.258580  0.318096  0.243687  0.440211  0.445060  0.468821  0.708095  0.519064  0.442861  0.545399  0.584403  0.535810  0.330334  0.448371  0.131301  0.512312  0.476641  0.344374  0.434675  0.510009  0.695584  0.473784  0.456877  0.442933  0.621253  0.508910  0.377832  0.456742  0.593602  0.403587  0.274266  0.272282  0.429800  0.449949  0.627174  0.417732  0.492712  0.437913  0.362065  0.533710  0.463324  0.207385  0.429909  0.502193  0.211421  0.345712  0.636865  0.308681  0.556235  0.402614  0.211534  0.587935  0.471810  0.471026  0.462800  0.371823  0.489550  0.428522  0.485131  0.434593  0.451040  0.429891  0.433533  0.369677  0.402754  0.570171  0.569306  0.443682  0.159265  0.501046  0.453225  0.531800  0.310696  0.336704  0.520788  0.496202  0.430249  0.412815  0.522907  0.391473  0.459402  0.455038  0.432591  0.535040  0.432196  0.586823  0.526754  0.482066  0.491328  0.371474  0.532216  0.468320  0.238065  0.399548  0.425773  0.527731  0.646031  0.719990  0.691612  0.468811  0.423968  0.471547  0.435277  0.734567  0.408935  0.589268  0.447285  0.423026  0.430875  0.557766  0.416393  0.689656  0.434002  0.783870  0.500135  0.414679  0.410452  0.421642  0.692764  0.474048  0.530163  0.419215  0.474681  0.515979  0.503758  0.355528  0.506802  0.459491  0.423842  0.604698  0.470659  0.443063  0.462433  0.494274  0.160113  0.446616  0.446325  0.481869  0.423056  0.490338  0.421207  0.582453  0.364103  0.423987  0.401957  0.747863  0.781924  0.449251  0.485541  0.526333  0.576613  0.634810  0.350206  0.424732  0.499984  0.415822  0.483034  0.529919  0.546655  0.326132  0.442007  0.519664  0.388702  0.257995  0.654362  0.422355  0.463297  0.590558  0.715401  0.500296  0.450449  0.531527  0.360266  0.503753  0.511735  0.440027  0.589556  0.486838  0.361709  0.540490  0.609052  0.299371  0.420170  0.531040  0.709916  0.374412  0.669859  0.581882  0.481556  0.435070  0.550913  0.437602  0.448828 
4  0.249454  0.399914  0.428265  0.258580 0.0  0.220785  0.174963  0.450228  0.502989  0.514451  0.800056  0.447204  0.521236  0.405296  0.632630  0.499783  0.412920  0.466979  0.085197  0.606127  0.351789  0.461330  0.385198  0.485259  0.618785  0.574156  0.547927  0.472773  0.617078  0.382736  0.489151  0.441477  0.595728  0.445747  0.139362  0.401813  0.396409  0.492712  0.538776  0.496183  0.538918  0.439380  0.484935  0.281870  0.455297  0.213765  0.307152  0.479586  0.236113  0.530294  0.604095  0.376315  0.541367  0.337005  0.301868  0.482588  0.441484  0.475969  0.372462  0.234539  0.478261  0.509777  0.415926  0.460295  0.443809  0.533464  0.444590  0.465125  0.377083  0.542173  0.560152  0.391452  0.333010  0.467735  0.517427  0.512655  0.292106  0.403082  0.495863  0.478735  0.538692  0.483533  0.362377  0.403287  0.414233  0.535886  0.458976  0.620957  0.425174  0.440471  0.484287  0.355843  0.462734  0.499957  0.409054  0.538512  0.244632  0.484064  0.470121  0.623329  0.571627  0.707264  0.650583  0.483848  0.510569  0.409060  0.436424  0.715938  0.440311  0.454667  0.512583  0.482604  0.545493  0.501613  0.484839  0.648850  0.496634  0.751254  0.477154  0.461316  0.522206  0.480058  0.823162  0.606650  0.560603  0.391256  0.560811  0.572621  0.521979  0.362344  0.404485  0.462559  0.540630  0.518776  0.467066  0.529065  0.484901  0.510550  0.192164  0.428236  0.382337  0.533042  0.458079  0.534155  0.326977  0.556526  0.436148  0.402354  0.478020  0.621251  0.795391  0.550258  0.449417  0.436131  0.737699  0.533053  0.542821  0.480752  0.553578  0.463896  0.536524  0.408949  0.554375  0.416860  0.674763  0.528487  0.511368  0.282584  0.749526  0.511828  0.529833  0.334702  0.697913  0.409174  0.531589  0.433056  0.531976  0.592067  0.406728  0.473209  0.509965  0.443505  0.526517  0.486583  0.664491  0.464781  0.479079  0.545580  0.655484  0.314686  0.599822  0.481283  0.449731  0.432213  0.476587  0.552617  0.535452 
5  0.241687  0.454593  0.358285  0.318096  0.220785 0.0  0.241466  0.445448  0.344240  0.352021  0.761253  0.468865  0.433297  0.470669  0.589489  0.454350  0.444771  0.480399  0.175658  0.500600  0.548993  0.332968  0.491251  0.427712  0.728415  0.493300  0.498049  0.419083  0.719691  0.405978  0.389447  0.487087  0.738401  0.446420  0.329073  0.332509  0.380139  0.300092  0.461806  0.421412  0.437023  0.461276  0.449405  0.419973  0.390990  0.278688  0.529557  0.468227  0.326984  0.354153  0.492987  0.334385  0.474824  0.410494  0.219147  0.367432  0.440016  0.405040  0.365847  0.350506  0.396066  0.453256  0.423037  0.443138  0.499888  0.453081  0.475896  0.463241  0.362048  0.487446  0.451796  0.375658  0.285348  0.365305  0.360529  0.611121  0.390897  0.420005  0.502117  0.511026  0.455781  0.532507  0.415870  0.413687  0.434227  0.427103  0.296855  0.680258  0.437533  0.467497  0.580049  0.324292  0.406326  0.497980  0.454546  0.439174  0.262629  0.470275  0.410204  0.472627  0.388677  0.670661  0.837005  0.443653  0.486484  0.409929  0.443562  0.712046  0.476942  0.468464  0.457039  0.464972  0.378584  0.419091  0.525858  0.649820  0.456522  0.738122  0.383277  0.471436  0.400108  0.397024  0.693252  0.507609  0.525264  0.403026  0.443392  0.492309  0.400883  0.364693  0.441273  0.415311  0.505977  0.517088  0.434651  0.464002  0.519052  0.408459  0.282342  0.497457  0.448068  0.428330  0.414351  0.467727  0.382428  0.472186  0.381414  0.448349  0.367993  0.632834  0.685130  0.611007  0.385825  0.428706  0.585948  0.452252  0.538214  0.494645  0.367183  0.445726  0.447034  0.437026  0.518809  0.452974  0.495260  0.389024  0.454576  0.272109  0.658816  0.402155  0.428856  0.363612  0.643900  0.474334  0.480526  0.442223  0.486396  0.653566  0.445904  0.476693  0.466968  0.384965  0.538642  0.473682  0.682530  0.485281  0.387250  0.658223  0.758305  0.360101  0.749260  0.493436  0.360886  0.467574  0.437742  0.402482  0.483844 
6  0.193681  0.427696  0.424346  0.243687  0.174963  0.241466 0.0  0.434828  0.432969  0.452586  0.826781  0.458562  0.492179  0.430010  0.531137  0.498402  0.309723  0.413192  0.323620  0.504302  0.470500  0.450104  0.507744  0.533719  0.693704  0.538101  0.502708  0.426695  0.567322  0.457191  0.516359  0.508919  0.773092  0.468257  0.301966  0.435617  0.427319  0.537628  0.556980  0.503746  0.415973  0.520094  0.472230  0.552203  0.362525  0.253233  0.511516  0.538010  0.349103  0.541880  0.617540  0.296934  0.568289  0.387234  0.344144  0.435871  0.538573  0.529913  0.305314  0.318635  0.345721  0.539035  0.495292  0.506041  0.523122  0.482614  0.536786  0.472425  0.410160  0.620127  0.477147  0.489324  0.254157  0.390554  0.490570  0.572550  0.341410  0.501016  0.509050  0.526188  0.556425  0.503457  0.451753  0.396831  0.420454  0.488794  0.481182  0.611184  0.455047  0.356076  0.480221  0.416327  0.526728  0.503914  0.510801  0.503413  0.224895  0.513465  0.374377  0.508084  0.441079  0.619533  0.685889  0.441354  0.504938  0.384880  0.495932  0.729715  0.541468  0.437447  0.482821  0.496075  0.382911  0.467220  0.466089  0.639996  0.449220  0.815750  0.472200  0.419106  0.494373  0.475371  0.704627  0.528988  0.557114  0.461920  0.555885  0.507375  0.470730  0.455417  0.532907  0.459966  0.497513  0.421540  0.473892  0.436137  0.549970  0.459097  0.269684  0.348741  0.471185  0.569355  0.446675  0.454257  0.414676  0.605525  0.322978  0.394896  0.451905  0.685680  0.826932  0.479376  0.525676  0.508787  0.616945  0.607632  0.511631  0.417429  0.422696  0.478078  0.503723  0.469181  0.494800  0.552971  0.474991  0.377901  0.348596  0.247729  0.719068  0.432491  0.580921  0.371796  0.714018  0.422305  0.459297  0.563825  0.648538  0.628317  0.521533  0.495585  0.505979  0.487188  0.463493  0.488968  0.779048  0.482318  0.406616  0.654711  0.634914  0.439340  0.769336  0.472317  0.273168  0.469977  0.420535  0.455125  0.606346 
7  0.427440  0.308857  0.169163  0.440211  0.450228  0.445448  0.434828 0.0  0.146499  0.463238  0.753802  0.333107  0.335487  0.242944  0.584749  0.346412  0.233718  0.168004  0.469438  0.570457  0.484280  0.408904  0.195721  0.267013  0.528929  0.273809  0.259175  0.312234  0.556284  0.437373  0.297059  0.346915  0.601778  0.302158  0.301924  0.364469  0.453478  0.413479  0.688176  0.252939  0.319576  0.420455  0.318627  0.210819  0.387806  0.432117  0.271182  0.320686  0.291951  0.164115  0.621911  0.312442  0.602943  0.197660  0.440832  0.440298  0.354366  0.362549  0.389430  0.349428  0.269892  0.381189  0.302745  0.315589  0.239693  0.373242  0.300241  0.295393  0.309626  0.465283  0.394761  0.275879  0.341711  0.461679  0.305553  0.365229  0.437319  0.427399  0.267373  0.284260  0.324123  0.262575  0.398824  0.336859  0.414034  0.217206  0.245529  0.593975  0.249466  0.287853  0.334984  0.297494  0.317799  0.337317  0.366475  0.326039  0.429496  0.481260  0.303793  0.269550  0.500550  0.689600  0.752651  0.474050  0.398105  0.248248  0.474709  0.710539  0.463065  0.421836  0.245097  0.369018  0.294594  0.288006  0.346106  0.659487  0.372461  0.874903  0.258709  0.367957  0.324369  0.468092  0.757466  0.328510  0.410318  0.372924  0.325912  0.404669  0.236095  0.441801  0.340774  0.291781  0.339624  0.522459  0.238150  0.435706  0.337000  0.255394  0.452847  0.260362  0.146777  0.527691  0.333707  0.220373  0.242912  0.407327  0.368762  0.332607  0.364611  0.616938  0.738296  0.349896  0.358300  0.328397  0.682387  0.382904  0.363980  0.363141  0.299789  0.387654  0.327373  0.229552  0.290646  0.170699  0.352410  0.306388  0.436736  0.431664  0.815027  0.511233  0.414378  0.465038  0.759988  0.262106  0.374069  0.251293  0.350295  0.630860  0.272601  0.283958  0.512444  0.169160  0.249349  0.412319  0.671070  0.286250  0.240950  0.499124  0.682436  0.379959  0.698970  0.366257  0.453940  0.313041  0.304275  0.347207  0.320077 
8  0.472589  0.383947  0.205076  0.445060  0.502989  0.344240  0.432969  0.146499 0.0  0.459080  0.728020  0.194359  0.279103  0.256030  0.570832  0.253536  0.269438  0.337639  0.512672  0.491545  0.371495  0.322508  0.249793  0.283730  0.745427  0.308660  0.206569  0.157527  0.645916  0.426583  0.312710  0.266304  0.704202  0.411439  0.330238  0.279396  0.548462  0.466919  0.574196  0.181012  0.246039  0.463176  0.204354  0.389318  0.264590  0.521483  0.308355  0.327528  0.449645  0.310435  0.570278  0.389569  0.541170  0.229759  0.414447  0.552741  0.380715  0.343658  0.442865  0.247570  0.311484  0.220905  0.305684  0.264406  0.323960  0.372715  0.304317  0.351663  0.326762  0.555628  0.363178  0.296181  0.380895  0.397094  0.436123  0.335591  0.408726  0.436128  0.330371  0.267009  0.255267  0.307451  0.478149  0.376983  0.409083  0.343296  0.335866  0.612395  0.315471  0.264840  0.273944  0.257839  0.295566  0.253191  0.319663  0.345712  0.467579  0.493016  0.257102  0.359931  0.464059  0.730888  0.767078  0.532409  0.369528  0.235674  0.513415  0.716472  0.387894  0.402999  0.350536  0.442675  0.207383  0.291333  0.374201  0.679917  0.380365  0.676000  0.242382  0.281411  0.284327  0.455146  0.695506  0.411189  0.368078  0.453673  0.296767  0.551628  0.184162  0.499068  0.336747  0.451122  0.253108  0.435580  0.343479  0.311220  0.180018  0.239587  0.425265  0.381188  0.213101  0.561011  0.277525  0.300520  0.389605  0.495745  0.338681  0.408125  0.319745  0.658803  0.745849  0.346032  0.418111  0.285784  0.718062  0.322768  0.289824  0.301533  0.247322  0.408150  0.228963  0.315527  0.329887  0.299147  0.253454  0.223547  0.414915  0.386053  0.807703  0.525254  0.326156  0.386031  0.721100  0.352460  0.269001  0.230556  0.406024  0.572722  0.302276  0.219878  0.544639  0.182320  0.341964  0.511363  0.620680  0.236727  0.334079  0.508480  0.758326  0.508456  0.779962  0.364786  0.337455  0.308965  0.223041  0.542799  0.382565 
9  0.424944  0.418458  0.441016  0.468821  0.514451  0.352021  0.452586  0.463238  0.459080 0.0  0.801449  0.426738  0.437744  0.519932  0.656238  0.527437  0.272798  0.503523  0.518434  0.605292  0.431444  0.374862  0.380972  0.381531  0.612455  0.445278  0.399528  0.356532  0.675900  0.332931  0.403325  0.545416  0.710327  0.379232  0.473177  0.334107  0.454109  0.489802  0.648178  0.446384  0.437780  0.310464  0.502379  0.538590  0.413858  0.546845  0.497596  0.524142  0.371035  0.429252  0.566885  0.471369  0.539151  0.422603  0.427686  0.191592  0.124699  0.391441  0.462402  0.467316  0.438248  0.477562  0.469319  0.547184  0.520071  0.514881  0.424675  0.367837  0.379155  0.501524  0.458642  0.495854  0.338824  0.378401  0.402137  0.559365  0.380911  0.390965  0.476587  0.403668  0.430246  0.494394  0.406933  0.459807  0.434275  0.481577  0.531037  0.633237  0.502296  0.470726  0.450316  0.475629  0.498677  0.574499  0.533244  0.539945  0.462739  0.286825  0.423868  0.466011  0.109234  0.748212  0.730938  0.201003  0.377974  0.471074  0.259452  0.753874  0.340799  0.196594  0.409927  0.295999  0.484099  0.405680  0.535882  0.815846  0.645157  0.724567  0.453734  0.514808  0.557205  0.270748  0.669317  0.463204  0.505374  0.219796  0.575793  0.320582  0.464096  0.425847  0.543806  0.268783  0.585514  0.574241  0.480562  0.176669  0.471462  0.528100  0.452539  0.482293  0.412763  0.648521  0.492306  0.459662  0.352287  0.296187  0.418102  0.500923  0.351098  0.568264  0.705546  0.509269  0.486734  0.531043  0.633184  0.462807  0.491490  0.488169  0.555213  0.438918  0.524685  0.476670  0.571253  0.515186  0.557728  0.550820  0.344572  0.354553  0.689029  0.468906  0.573915  0.327167  0.743830  0.519008  0.552904  0.474883  0.349286  0.683617  0.396209  0.394434  0.496767  0.568212  0.401595  0.322445  0.730005  0.507289  0.502611  0.676579  0.665798  0.338873  0.790711  0.606950  0.446494  0.573349  0.398259  0.353356  0.473656 
10  0.614918  0.699875  0.698824  0.708095  0.800056  0.761253  0.826781  0.753802  0.728020  0.801449 0.0  0.739244  0.818654  0.827313  0.716139  0.704030  0.670836  0.828114  0.640046  0.750892  0.651801  0.729240  0.610307  0.758902  0.437472  0.828273  0.780347  0.691581  0.524562  0.639053  0.865471  0.840118  0.572101  0.727311  0.644466  0.701030  0.633401  0.678989  0.766888  0.719886  0.698189  0.718431  0.706029  0.667311  0.669799  0.679244  0.640837  0.749305  0.646185  0.807837  0.733583  0.728779  0.723099  0.604026  0.681682  0.773539  0.709129  0.665695  0.643573  0.703365  0.768226  0.702649  0.809463  0.654773  0.627181  0.819243  0.730115  0.821746  0.756787  0.631353  0.804252  0.637507  0.657638  0.735223  0.780886  0.781163  0.498602  0.644377  0.826806  0.812728  0.735499  0.753758  0.706293  0.700578  0.659661  0.752367  0.823780  0.615388  0.885120  0.893263  0.942111  0.804772  0.692819  0.804192  0.753182  0.733045  0.717055  0.767299  0.789773  0.784152  0.853254  0.579320  0.134403  0.732579  0.706916  0.805174  0.856763  0.270896  0.805875  0.721387  0.679629  0.836289  0.764402  0.805447  0.741277  0.243616  0.698935  0.161809  0.730484  0.778271  0.784210  0.704198  0.815472  0.768904  0.857569  0.784356  0.872565  0.837929  0.744768  0.714927  0.854114  0.675395  0.847444  0.588224  0.779922  0.751455  0.842525  0.791926  0.656761  0.758337  0.715579  0.684103  0.734950  0.671553  0.819272  0.867728  0.643000  0.783095  0.695619  0.634944  0.634720  0.715985  0.814762  0.864822  0.642527  0.837963  0.824283  0.801051  0.790063  0.776664  0.788047  0.688832  0.770450  0.775281  0.653564  0.747138  0.800108  0.692580  0.385178  0.744779  0.940652  0.620076  0.216558  0.734490  0.836627  0.837843  0.792309  0.668919  0.891021  0.823615  0.685598  0.799562  0.688643  0.688324  0.153341  0.796556  0.810615  0.701324  0.525224  0.776624  0.184749  0.853529  0.632577  0.799301  0.755360  0.823221  0.951682 
11  0.368618  0.379534  0.155356  0.519064  0.447204  0.468865  0.458562  0.333107  0.194359  0.426738  0.739244 0.0  0.225085  0.324134  0.677931  0.286491  0.302999  0.164476  0.463036  0.579233  0.427174  0.346371  0.184992  0.183414  0.659689  0.089493  0.173407  0.180126  0.630902  0.425504  0.277791  0.313230  0.752139  0.416102  0.360959  0.372821  0.449362  0.555798  0.439092  0.249149  0.216230  0.474574  0.253078  0.270419  0.346478  0.413165  0.236245  0.287557  0.379045  0.174744  0.562564  0.376907  0.585758  0.243290  0.422580  0.386598  0.261295  0.402198  0.461824  0.446888  0.412807  0.310817  0.276765  0.247259  0.354571  0.293356  0.211861  0.283234  0.352794  0.483450  0.218448  0.330559  0.375558  0.320382  0.441403  0.275536  0.443770  0.563927  0.336563  0.309121  0.277603  0.276436  0.550596  0.515768  0.526220  0.241205  0.306888  0.579520  0.336337  0.218029  0.164703  0.181137  0.307748  0.260111  0.309105  0.216829  0.496378  0.408844  0.282730  0.260196  0.391134  0.743179  0.751590  0.539215  0.214170  0.332061  0.348981  0.679404  0.343681  0.409787  0.138201  0.406788  0.300851  0.116832  0.286558  0.719917  0.211772  0.746022  0.144740  0.174045  0.289265  0.385132  0.626027  0.341236  0.243306  0.522036  0.380270  0.409640  0.272587  0.445873  0.345934  0.451344  0.290408  0.529231  0.174894  0.411186  0.219342  0.256144  0.451293  0.293697  0.229668  0.483707  0.314977  0.194867  0.183316  0.487150  0.308619  0.393476  0.339644  0.689628  0.614443  0.316777  0.235878  0.369969  0.683042  0.333944  0.357941  0.281583  0.329812  0.255220  0.242537  0.278071  0.197947  0.363618  0.321785  0.212155  0.396974  0.315988  0.653625  0.455018  0.276606  0.417434  0.760486  0.264703  0.277564  0.186321  0.237621  0.704325  0.207003  0.269545  0.630020  0.222006  0.340496  0.403168  0.734099  0.257060  0.211262  0.705908  0.712835  0.436241  0.739782  0.311535  0.470515  0.326504  0.332651  0.469626  0.341839 
12  0.500821  0.343123  0.372469  0.442861  0.521236  0.433297  0.492179  0.335487  0.279103  0.437744  0.818654  0.225085 0.0  0.238338  0.594890  0.181321  0.296814  0.187686  0.455832  0.572899  0.579610  0.297907  0.163436  0.162271  0.646931  0.157281  0.210618  0.184461  0.672521  0.487161  0.330514  0.149451  0.661665  0.359652  0.239082  0.357757  0.512611  0.552464  0.524339  0.270840  0.131551  0.447715  0.169091  0.426082  0.218540  0.427943  0.333065  0.228697  0.392777  0.198024  0.551156  0.399618  0.628919  0.380572  0.389250  0.492235  0.396590  0.422072  0.480813  0.457196  0.400030  0.283271  0.206554  0.213765  0.176958  0.191659  0.220345  0.295681  0.343175  0.580556  0.294261  0.279309  0.356090  0.375963  0.392580  0.264631  0.383081  0.441835  0.158877  0.168868  0.123423  0.254619  0.458470  0.517698  0.473498  0.188439  0.278232  0.642480  0.269625  0.281421  0.226660  0.224177  0.213852  0.297235  0.207282  0.146126  0.475184  0.340468  0.264517  0.182688  0.527774  0.836631  0.709432  0.511771  0.231024  0.333134  0.407584  0.733797  0.476978  0.428146  0.086715  0.398775  0.349449  0.122222  0.278921  0.703792  0.154331  0.711946  0.410754  0.231590  0.389417  0.385681  0.634531  0.328833  0.245987  0.525537  0.273381  0.513439  0.366882  0.429337  0.281256  0.384662  0.237996  0.514773  0.260021  0.470843  0.239835  0.317423  0.499343  0.247243  0.217149  0.553232  0.213023  0.158551  0.294797  0.489121  0.237307  0.386827  0.382865  0.601951  0.689713  0.235184  0.343438  0.181972  0.603726  0.288052  0.259743  0.257442  0.260836  0.275805  0.183845  0.222851  0.178062  0.193857  0.148902  0.327562  0.416222  0.439843  0.719015  0.434572  0.318053  0.537549  0.763382  0.285787  0.175986  0.179720  0.199865  0.732673  0.215930  0.302586  0.544509  0.212829  0.309446  0.455971  0.773295  0.269066  0.269900  0.666206  0.722538  0.491790  0.705904  0.236411  0.484636  0.219498  0.306090  0.467186  0.423512 
13  0.414669  0.399820  0.275124  0.545399  0.405296  0.470669  0.430010  0.242944  0.256030  0.519932  0.827313  0.324134  0.238338 0.0  0.611987  0.292409  0.298537  0.338344  0.452243  0.461167  0.448993  0.389240  0.259104  0.270199  0.707535  0.268644  0.198878  0.208362  0.716204  0.496700  0.257009  0.273117  0.748100  0.345076  0.305936  0.328778  0.495500  0.469417  0.570964  0.362909  0.230798  0.483044  0.255109  0.296721  0.314465  0.509169  0.359390  0.293370  0.415872  0.208579  0.536553  0.422081  0.524628  0.227975  0.411637  0.442153  0.425644  0.304816  0.457788  0.407342  0.248322  0.228173  0.145830  0.207486  0.175636  0.216320  0.219860  0.394454  0.321600  0.560914  0.183908  0.374060  0.288616  0.384557  0.332210  0.235283  0.585864  0.422000  0.207188  0.195335  0.251953  0.172120  0.614012  0.455143  0.556692  0.258564  0.184640  0.542008  0.138090  0.212340  0.239185  0.180998  0.189102  0.212728  0.157709  0.324698  0.539251  0.474353  0.231783  0.225716  0.485716  0.751013  0.791138  0.386267  0.263368  0.282640  0.521965  0.835744  0.445804  0.424682  0.140293  0.392118  0.362995  0.180866  0.218476  0.753404  0.230998  0.731978  0.363306  0.295213  0.395022  0.558547  0.691914  0.203203  0.196255  0.455345  0.289781  0.309090  0.242957  0.422463  0.226946  0.384062  0.237076  0.498851  0.199379  0.254308  0.241522  0.301166  0.537386  0.223603  0.288592  0.615129  0.314121  0.240761  0.347349  0.411375  0.415882  0.463719  0.346320  0.569625  0.730211  0.288481  0.304925  0.226745  0.593676  0.226099  0.348054  0.285650  0.218571  0.318255  0.274007  0.241694  0.295695  0.250729  0.254561  0.331774  0.423451  0.544756  0.807964  0.506739  0.288476  0.502291  0.781911  0.271066  0.232083  0.287249  0.248997  0.645854  0.250802  0.293427  0.550163  0.364445  0.320661  0.459048  0.703433  0.251666  0.312445  0.581823  0.761518  0.546481  0.748883  0.212924  0.564297  0.275208  0.393953  0.385537  0.297038 
14  0.455260  0.660276  0.554647  0.584403  0.632630  0.589489  0.531137  0.584749  0.570832  0.656238  0.716139  0.677931  0.594890  0.611987 0.0  0.685351  0.519619  0.605968  0.591864  0.408955  0.558591  0.596473  0.481639  0.517598  0.713515  0.647239  0.541009  0.634320  0.639645  0.479934  0.642367  0.600150  0.642931  0.660637  0.425396  0.579422  0.473883  0.420376  0.455137  0.620002  0.617604  0.548865  0.571995  0.548379  0.525732  0.509544  0.548463  0.687360  0.534089  0.599925  0.520125  0.596043  0.478533  0.609837  0.481029  0.683143  0.583200  0.581957  0.590406  0.572665  0.557465  0.616597  0.562600  0.702864  0.636108  0.639884  0.590271  0.636967  0.548552  0.526018  0.612264  0.536693  0.285580  0.599350  0.484018  0.590080  0.597898  0.529458  0.570598  0.638470  0.603657  0.706565  0.517431  0.601282  0.610159  0.557174  0.659612  0.713752  0.549155  0.644244  0.579826  0.485396  0.562641  0.514907  0.612855  0.547475  0.656192  0.473155  0.607927  0.497153  0.651710  0.774483  0.596963  0.663165  0.580847  0.607282  0.571365  0.689431  0.632741  0.698432  0.541278  0.554698  0.609113  0.609390  0.619694  0.648625  0.571223  0.693264  0.514795  0.520607  0.554922  0.570632  0.750782  0.640889  0.693992  0.565387  0.630421  0.678980  0.626641  0.598616  0.561749  0.736750  0.562990  0.387241  0.605995  0.644851  0.611458  0.549565  0.532264  0.646007  0.659007  0.336226  0.641156  0.606343  0.547401  0.558583  0.522470  0.672203  0.576238  0.695246  0.814561  0.648157  0.557943  0.637427  0.693079  0.689068  0.664076  0.640100  0.631020  0.648457  0.614831  0.560491  0.643904  0.624959  0.603369  0.582495  0.490405  0.497521  0.717134  0.576577  0.742672  0.464911  0.607398  0.631620  0.712442  0.627872  0.601186  0.712425  0.633576  0.588599  0.180440  0.624576  0.588935  0.594715  0.700367  0.677245  0.573700  0.389950  0.685156  0.532579  0.659410  0.729368  0.560005  0.567957  0.545996  0.742172  0.698386 
15  0.393993  0.342031  0.398928  0.535810  0.499783  0.454350  0.498402  0.346412  0.253536  0.527437  0.704030  0.286491  0.181321  0.292409  0.685351 0.0  0.303636  0.278648  0.584775  0.460842  0.592028  0.389974  0.334090  0.267374  0.760184  0.253760  0.142365  0.313690  0.685064  0.514516  0.214644  0.236277  0.844863  0.452743  0.384183  0.377923  0.488098  0.596984  0.689750  0.196144  0.247623  0.434590  0.217244  0.412323  0.410406  0.551305  0.403173  0.354717  0.499369  0.343845  0.587846  0.515724  0.448182  0.320341  0.451835  0.447741  0.522641  0.445574  0.480903  0.474996  0.255091  0.243058  0.166578  0.238037  0.118436  0.173508  0.251889  0.391044  0.285431  0.558734  0.253255  0.364888  0.391319  0.400121  0.313587  0.209811  0.464082  0.522462  0.101176  0.092486  0.201549  0.243021  0.515778  0.463170  0.577062  0.312182  0.292937  0.710870  0.199818  0.294553  0.189706  0.224440  0.246958  0.197720  0.253237  0.163443  0.608834  0.495996  0.289445  0.219771  0.348832  0.712780  0.782565  0.447559  0.201997  0.268533  0.479663  0.870393  0.359073  0.465630  0.326788  0.420065  0.327611  0.196329  0.269511  0.911327  0.156936  0.809320  0.312213  0.197268  0.304524  0.447079  0.609177  0.266820  0.233822  0.482385  0.128400  0.466742  0.273583  0.457060  0.215076  0.264136  0.193930  0.569787  0.215147  0.475630  0.201887  0.330689  0.570720  0.281285  0.291124  0.498335  0.262693  0.191768  0.323620  0.433293  0.485660  0.357064  0.347752  0.536370  0.709966  0.247671  0.278574  0.104261  0.617117  0.256576  0.256946  0.178048  0.172964  0.221506  0.232538  0.240725  0.076822  0.266866  0.263998  0.285301  0.474600  0.408747  0.758436  0.483839  0.309918  0.457345  0.856833  0.186735  0.271227  0.156100  0.201868  0.550986  0.242937  0.329346  0.607648  0.293667  0.323066  0.524439  0.784813  0.208121  0.198609  0.700158  0.674974  0.425583  0.920281  0.314758  0.497450  0.233385  0.361395  0.484664  0.356255 
16  0.346961  0.397756  0.330206  0.330334  0.412920  0.444771  0.309723  0.233718  0.269438  0.272798  0.670836  0.302999  0.296814  0.298537  0.519619  0.303636 0.0  0.237618  0.413259  0.562895  0.460590  0.291841  0.247379  0.227213  0.598025  0.197987  0.303584  0.384562  0.704155  0.390247  0.295955  0.286695  0.701216  0.312003  0.394464  0.307288  0.426865  0.520336  0.508387  0.338543  0.299051  0.384760  0.310305  0.223605  0.319565  0.347120  0.218274  0.384769  0.409191  0.303047  0.411686  0.491822  0.495169  0.166204  0.376499  0.413114  0.306828  0.210499  0.430941  0.473334  0.274453  0.384150  0.292679  0.264966  0.343373  0.433709  0.301845  0.284415  0.199636  0.488642  0.289043  0.265517  0.322500  0.272089  0.247579  0.390059  0.416208  0.357648  0.331509  0.445800  0.269322  0.386192  0.424760  0.338202  0.422594  0.281762  0.215825  0.569065  0.259911  0.275015  0.315944  0.270914  0.217029  0.427860  0.388690  0.252044  0.509484  0.375507  0.360465  0.349474  0.393006  0.737495  0.645418  0.360845  0.326806  0.371159  0.332801  0.696597  0.319595  0.301006  0.255527  0.403760  0.259650  0.239956  0.359304  0.708370  0.392970  0.744517  0.367682  0.293215  0.296670  0.371287  0.675382  0.260559  0.397491  0.341254  0.287600  0.434311  0.270373  0.395264  0.362691  0.307548  0.407476  0.584574  0.258460  0.285896  0.345545  0.296289  0.390936  0.215687  0.261294  0.489061  0.218116  0.282603  0.265417  0.344047  0.295983  0.203999  0.362587  0.649611  0.672715  0.383150  0.469556  0.287106  0.673819  0.437971  0.319008  0.261215  0.381092  0.342850  0.282605  0.448270  0.417023  0.292070  0.361632  0.344065  0.372614  0.395039  0.692329  0.468516  0.455652  0.398147  0.766682  0.338258  0.384369  0.323437  0.360246  0.603977  0.295938  0.304370  0.517256  0.274956  0.225703  0.275384  0.868081  0.264348  0.365997  0.573798  0.706027  0.403135  0.626417  0.390663  0.378911  0.368180  0.363138  0.406571  0.424118 
17  0.374257  0.337818  0.226159  0.448371  0.466979  0.480399  0.413192  0.168004  0.337639  0.503523  0.828114  0.164476  0.187686  0.338344  0.605968  0.278648  0.237618 0.0  0.489057  0.560063  0.464020  0.349474  0.197147  0.296913  0.762353  0.240405  0.230725  0.304743  0.669688  0.483144  0.222686  0.270172  0.687057  0.349300  0.410828  0.334509  0.440866  0.483190  0.591396  0.169152  0.216702  0.463571  0.166692  0.327476  0.358717  0.432009  0.300244  0.314725  0.376938  0.201625  0.489794  0.478489  0.597820  0.112066  0.447225  0.518553  0.406767  0.298636  0.464953  0.420718  0.305883  0.242576  0.270211  0.262009  0.200334  0.232529  0.267974  0.228281  0.303955  0.650318  0.275587  0.247061  0.320508  0.253285  0.371227  0.247547  0.420313  0.457099  0.176000  0.236613  0.204140  0.259924  0.472740  0.417548  0.466210  0.275380  0.212541  0.594192  0.186883  0.261125  0.296835  0.090690  0.188574  0.209431  0.244765  0.225433  0.471890  0.501056  0.233670  0.263874  0.532408  0.664519  0.735207  0.345900  0.307879  0.238492  0.366772  0.695732  0.458639  0.452499  0.313069  0.363678  0.236444  0.168834  0.333906  0.775347  0.446883  0.756344  0.238427  0.159663  0.334670  0.518281  0.579983  0.339480  0.300531  0.514705  0.201022  0.393139  0.306495  0.433070  0.228186  0.421976  0.244794  0.373285  0.142895  0.432009  0.324975  0.152735  0.350485  0.195167  0.240786  0.450087  0.249355  0.165037  0.393453  0.425625  0.291193  0.320892  0.308732  0.541723  0.748033  0.318013  0.328092  0.259305  0.665325  0.335828  0.200803  0.184453  0.264000  0.233320  0.459929  0.083752  0.221738  0.191213  0.337365  0.193809  0.419232  0.412621  0.745231  0.417619  0.377812  0.473670  0.773257  0.289650  0.354089  0.142222  0.272504  0.492855  0.261812  0.219514  0.541518  0.197384  0.205199  0.549552  0.690585  0.303251  0.240589  0.556396  0.700427  0.545788  0.704103  0.241232  0.365120  0.275549  0.381979  0.428564  0.197849 
18  0.199723  0.380500  0.489318  0.131301  0.085197  0.175658  0.323620  0.469438  0.512672  0.518434  0.640046  0.463036  0.455832  0.452243  0.591864  0.584775  0.413259  0.489057 0.0  0.574195  0.425591  0.520157  0.404328  0.496142  0.694115  0.471767  0.392686  0.580637  0.624617  0.462724  0.545152  0.536153  0.643790  0.423759  0.388193  0.387027  0.475683  0.549840  0.480249  0.473623  0.516010  0.450571  0.503359  0.408866  0.400987  0.298788  0.433432  0.611290  0.314658  0.498575  0.524493  0.450557  0.622821  0.435403  0.335711  0.415644  0.507288  0.447971  0.446103  0.297339  0.435508  0.558608  0.544592  0.499933  0.537182  0.554652  0.476103  0.427755  0.535258  0.572139  0.382408  0.438185  0.325018  0.468945  0.547039  0.437636  0.496370  0.454000  0.420138  0.442497  0.474150  0.488826  0.412661  0.415425  0.397907  0.560930  0.438015  0.572267  0.504702  0.460860  0.304873  0.570447  0.532205  0.468848  0.465465  0.464453  0.290697  0.439658  0.543446  0.442477  0.509142  0.545038  0.761387  0.473726  0.502861  0.446776  0.427293  0.745671  0.496033  0.536769  0.489999  0.425027  0.557907  0.498528  0.571681  0.723136  0.496644  0.679619  0.372245  0.514821  0.440443  0.401618  0.732438  0.450366  0.495848  0.500260  0.515057  0.536616  0.509944  0.390837  0.528580  0.336546  0.579351  0.562369  0.546998  0.398526  0.510696  0.469210  0.261917  0.516451  0.442295  0.567133  0.522928  0.482296  0.462802  0.573344  0.434153  0.455073  0.400172  0.732292  0.707692  0.531524  0.535998  0.492323  0.605242  0.601330  0.543017  0.513016  0.520629  0.595645  0.520207  0.510027  0.539836  0.511005  0.496007  0.337693  0.353403  0.306674  0.646643  0.380319  0.586643  0.482038  0.658592  0.563954  0.492577  0.544990  0.451700  0.734107  0.434848  0.457180  0.519506  0.538742  0.476383  0.544295  0.666326  0.425199  0.452289  0.684957  0.656924  0.471103  0.713696  0.494033  0.358141  0.483722  0.479261  0.424055  0.586621 
19  0.505061  0.483602  0.542287  0.512312  0.606127  0.500600  0.504302  0.570457  0.491545  0.605292  0.750892  0.579233  0.572899  0.461167  0.408955  0.460842  0.562895  0.560063  0.574195 0.0  0.609967  0.530325  0.584844  0.586352  0.716152  0.642828  0.635812  0.529478  0.721261  0.560156  0.574319  0.555872  0.721358  0.575227  0.556597  0.537210  0.547214  0.528915  0.264494  0.604140  0.592078  0.642577  0.521473  0.566576  0.584751  0.580007  0.524584  0.693098  0.541549  0.523202  0.338893  0.531643  0.284253  0.551441  0.504968  0.568611  0.607940  0.594711  0.614171  0.592431  0.599071  0.589794  0.489999  0.607339  0.507122  0.567301  0.559442  0.506853  0.578372  0.508685  0.492123  0.656056  0.515387  0.546389  0.504101  0.584470  0.578084  0.526585  0.544434  0.578498  0.531888  0.506841  0.619749  0.644061  0.486103  0.519064  0.675383  0.679584  0.740136  0.538482  0.598704  0.468931  0.552511  0.566941  0.633892  0.575486  0.507354  0.579905  0.539021  0.642356  0.514448  0.670178  0.740863  0.529163  0.622764  0.609727  0.639411  0.711034  0.460738  0.591005  0.538996  0.583499  0.625865  0.615243  0.602436  0.642238  0.722633  0.753614  0.575250  0.472444  0.570485  0.700602  0.683099  0.589895  0.546357  0.593985  0.556081  0.645825  0.533470  0.564061  0.600640  0.495959  0.552945  0.286173  0.592360  0.557031  0.630368  0.604871  0.588070  0.542401  0.510567  0.293360  0.632066  0.571752  0.530532  0.608117  0.465579  0.558368  0.589164  0.568072  0.778619  0.636961  0.623493  0.576313  0.707002  0.707811  0.551395  0.607898  0.679544  0.595596  0.588632  0.332030  0.639134  0.652093  0.616418  0.565049  0.489905  0.472978  0.638870  0.557489  0.609260  0.562546  0.773078  0.606881  0.612406  0.571697  0.569422  0.702920  0.620610  0.615486  0.431689  0.452661  0.632798  0.574584  0.636220  0.674635  0.588375  0.312813  0.660808  0.547537  0.667927  0.609536  0.579122  0.622950  0.648614  0.681295  0.619229 
