197
0 0.0  0.395022  0.423351  0.212629  0.217957  0.194619  0.196357  0.352901  0.382850  0.373302  0.696967  0.389471  0.394433  0.447119  0.518674  0.425939  0.342269  0.409261  0.241980  0.486885  0.357532  0.375456  0.372265  0.411506  0.639342  0.477164  0.377354  0.359034  0.654210  0.428086  0.418891  0.417754  0.698333  0.414763  0.269328  0.391675  0.317682  0.360910  0.520324  0.405182  0.402767  0.387464  0.419410  0.382874  0.402740  0.216134  0.346098  0.480835  0.276019  0.364011  0.423058  0.285012  0.485844  0.408337  0.220544  0.403975  0.359621  0.438702  0.373717  0.291834  0.457806  0.483421  0.400877  0.405128  0.442165  0.424158  0.428490  0.332822  0.372286  0.555535  0.414740  0.397282  0.245385  0.393269  0.354795  0.501392  0.353109  0.358931  0.427105  0.451079  0.427873  0.440001  0.307360  0.411342  0.350643  0.448654  0.403176  0.723850  0.407795  0.382847  0.382277  0.323363  0.374590  0.451715  0.432919  0.391992  0.193744  0.358287  0.384319  0.389856  0.479020  0.583914  0.677612  0.393682  0.365848  0.405471  0.398092  0.714444  0.373133  0.391837  0.361696  0.425045  0.413794  0.365556  0.433941  0.593907  0.418617  0.658549  0.341289  0.362277  0.435580  0.360431  0.836584  0.410677  0.483862  0.353258  0.447109  0.427453  0.409256  0.378147  0.420478  0.408112  0.476915  0.370255  0.389900  0.366771  0.385672  0.392643  0.177738  0.391012  0.371402  0.427974  0.492921  0.431431  0.380016  0.400986  0.339151  0.391786  0.389128  0.740819  0.773533  0.429797  0.468108  0.367124  0.625400  0.474478  0.479315  0.416756  0.457787  0.457840  0.407380  0.378448  0.471989  0.443644  0.395747  0.460646  0.331295  0.313333  0.822871  0.405691  0.402055  0.360751  0.667157  0.455291  0.437304  0.459876  0.418457  0.701922  0.372494  0.328612  0.386706  0.380996  0.415443  0.382907  0.660636  0.410087  0.390594  0.537232  0.650017  0.331576  0.677334  0.515267  0.380425  0.470559  0.402217  0.450073  0.480443 
1  0.395022 0.0  0.323442  0.367956  0.460874  0.311657  0.343059  0.312913  0.335382  0.406365  0.815313  0.306698  0.319122  0.373056  0.496527  0.302848  0.264894  0.275759  0.391275  0.473936  0.389505  0.275410  0.351436  0.363709  0.622115  0.319072  0.335960  0.314677  0.702439  0.393640  0.340718  0.362118  0.646285  0.368335  0.340504  0.289090  0.381070  0.350258  0.507101  0.308479  0.312596  0.458869  0.334984  0.294166  0.277741  0.406083  0.228505  0.410716  0.353674  0.327826  0.461156  0.371951  0.459958  0.282672  0.389911  0.391486  0.385843  0.236954  0.402094  0.367516  0.282443  0.357474  0.323706  0.320209  0.350757  0.327940  0.359910  0.247366  0.313606  0.468761  0.331812  0.288381  0.303471  0.271444  0.219650  0.350917  0.407638  0.369842  0.360019  0.343395  0.304039  0.339988  0.397867  0.454767  0.435754  0.367281  0.318241  0.520759  0.359670  0.346710  0.387243  0.294750  0.308678  0.308659  0.360765  0.338204  0.368198  0.412892  0.290306  0.309877  0.412076  0.631510  0.672601  0.419380  0.355603  0.351237  0.434726  0.640290  0.363676  0.390342  0.326074  0.454395  0.342674  0.383464  0.329556  0.724127  0.397124  0.767147  0.319477  0.321809  0.307687  0.481012  0.657524  0.381160  0.343822  0.383599  0.379159  0.424604  0.400914  0.364774  0.357805  0.456320  0.383216  0.488596  0.334882  0.413804  0.380473  0.315950  0.321586  0.322958  0.276556  0.477808  0.363201  0.339789  0.289850  0.411958  0.205434  0.193103  0.290642  0.669592  0.773669  0.339272  0.369092  0.352127  0.584309  0.387228  0.323713  0.302761  0.337156  0.392943  0.300502  0.312892  0.377004  0.304509  0.349424  0.298355  0.409689  0.370538  0.762936  0.345883  0.372385  0.375641  0.742824  0.331640  0.332241  0.347913  0.319800  0.686135  0.284241  0.289687  0.474896  0.273634  0.380087  0.373488  0.735325  0.362475  0.348525  0.623850  0.703889  0.390053  0.787971  0.360294  0.421819  0.303450  0.325956  0.400483  0.383838 
2  0.423351  0.323442 0.0  0.449798  0.417462  0.422729  0.421701  0.187652  0.236202  0.403987  0.729786  0.234376  0.238052  0.241494  0.602812  0.297994  0.223974  0.262309  0.401124  0.514000  0.371076  0.294665  0.236646  0.264776  0.730733  0.261468  0.289013  0.231243  0.623723  0.429344  0.306371  0.338674  0.667483  0.374852  0.280765  0.272485  0.351573  0.414002  0.524339  0.239969  0.294222  0.411209  0.242500  0.275136  0.274642  0.352558  0.286809  0.371179  0.371367  0.231113  0.528467  0.339711  0.523985  0.270689  0.378530  0.356701  0.326838  0.333000  0.416518  0.405214  0.299983  0.308898  0.275792  0.291702  0.283767  0.296980  0.270436  0.258120  0.339769  0.499484  0.292954  0.285574  0.322623  0.329727  0.323334  0.304000  0.421556  0.370526  0.286964  0.306281  0.304175  0.329531  0.358004  0.398243  0.336535  0.226466  0.296717  0.615379  0.257382  0.282179  0.322956  0.241896  0.288097  0.302140  0.292391  0.233591  0.398859  0.388143  0.302711  0.286715  0.500074  0.731068  0.671771  0.441285  0.247779  0.205507  0.441253  0.688499  0.393920  0.387297  0.265194  0.299733  0.187253  0.251372  0.269416  0.707450  0.286986  0.702110  0.188800  0.260837  0.258736  0.428298  0.719997  0.269427  0.346328  0.404590  0.313938  0.444873  0.271053  0.385024  0.313324  0.416158  0.260211  0.543363  0.263108  0.407334  0.302488  0.207758  0.417023  0.289692  0.169751  0.543911  0.303426  0.272791  0.298283  0.404425  0.323284  0.354102  0.252212  0.610957  0.756870  0.333444  0.291912  0.315805  0.557596  0.306579  0.313757  0.254540  0.318186  0.328072  0.291348  0.257152  0.312717  0.333562  0.293417  0.275748  0.409405  0.366588  0.684740  0.414542  0.329674  0.430231  0.667416  0.328599  0.292223  0.277111  0.278431  0.628851  0.202314  0.228349  0.519842  0.215328  0.291790  0.389052  0.798378  0.312115  0.245666  0.495542  0.686555  0.415591  0.687287  0.310885  0.396905  0.334315  0.304481  0.423669  0.312561 
3  0.212629  0.367956  0.449798 0.0  0.233160  0.247040  0.212179  0.402372  0.404673  0.429928  0.512793  0.412849  0.450153  0.474322  0.505238  0.422437  0.348456  0.436495  0.217878  0.437748  0.394870  0.342407  0.415592  0.428564  0.645570  0.394266  0.429126  0.456214  0.607945  0.425840  0.460411  0.464375  0.588893  0.446538  0.333993  0.350789  0.349431  0.425871  0.512507  0.441038  0.467234  0.439020  0.390507  0.413741  0.385648  0.219587  0.341501  0.518863  0.281551  0.436682  0.511432  0.346282  0.528260  0.380692  0.239178  0.387216  0.417156  0.354810  0.387434  0.261998  0.381423  0.456455  0.414357  0.410225  0.445313  0.453307  0.366318  0.362130  0.377194  0.525495  0.470195  0.392786  0.276625  0.417373  0.493895  0.456377  0.354121  0.397688  0.458890  0.422074  0.425410  0.428525  0.364678  0.361876  0.393264  0.438822  0.438248  0.690353  0.420463  0.368501  0.462979  0.411839  0.394221  0.355935  0.442434  0.465838  0.194289  0.441216  0.434130  0.450768  0.495963  0.631148  0.649217  0.519816  0.393065  0.389542  0.384276  0.670711  0.443326  0.459897  0.379666  0.489242  0.446120  0.365217  0.484890  0.831132  0.455892  0.806339  0.433956  0.389177  0.394493  0.362039  0.747019  0.411407  0.466953  0.409429  0.374609  0.482250  0.421540  0.373244  0.467878  0.392268  0.450646  0.501584  0.404580  0.388694  0.501230  0.407470  0.170899  0.416671  0.394743  0.429304  0.494760  0.463017  0.426111  0.481790  0.366117  0.424801  0.378841  0.466779  0.855026  0.496318  0.510852  0.417498  0.613567  0.496226  0.430012  0.418243  0.400878  0.515374  0.439120  0.394830  0.414547  0.465651  0.394619  0.433403  0.380532  0.349704  0.672284  0.452237  0.497819  0.369766  0.633499  0.374444  0.467161  0.415995  0.433214  0.631700  0.450509  0.389587  0.515723  0.415869  0.498340  0.361977  0.687876  0.403888  0.442878  0.594265  0.611371  0.390610  0.716453  0.475426  0.391215  0.450513  0.435464  0.414179  0.511361 
4  0.217957  0.460874  0.417462  0.233160 0.0  0.247516  0.191959  0.411397  0.420212  0.417775  0.666222  0.461499  0.480073  0.499483  0.611630  0.468385  0.332127  0.421019  0.206940  0.453002  0.382889  0.386493  0.385375  0.449959  0.689252  0.499992  0.480189  0.308522  0.623573  0.382433  0.452346  0.554001  0.699902  0.391314  0.260984  0.375764  0.426210  0.357481  0.536472  0.417220  0.479987  0.417154  0.435980  0.395279  0.317727  0.208374  0.339139  0.471508  0.255527  0.488893  0.541084  0.328255  0.528213  0.394891  0.226188  0.386135  0.435136  0.368609  0.385800  0.290994  0.338815  0.492558  0.415155  0.559919  0.446881  0.448194  0.411092  0.367122  0.384847  0.437395  0.439037  0.348126  0.262053  0.363710  0.399682  0.446814  0.384968  0.387380  0.487425  0.449700  0.476995  0.524769  0.377087  0.391268  0.392752  0.431813  0.355951  0.691284  0.475138  0.429217  0.433620  0.475379  0.416289  0.476086  0.503967  0.444665  0.213108  0.387387  0.442124  0.473387  0.503660  0.624720  0.680187  0.462342  0.463680  0.433057  0.393363  0.788580  0.442258  0.373696  0.445912  0.465456  0.498717  0.450803  0.464635  0.551660  0.470424  0.664965  0.408465  0.448146  0.365085  0.406952  0.667448  0.473716  0.551339  0.366579  0.432108  0.452015  0.495936  0.369493  0.518291  0.469510  0.466442  0.507374  0.465864  0.413500  0.431608  0.394771  0.216609  0.494277  0.387370  0.500953  0.462897  0.537720  0.330531  0.378508  0.363988  0.434317  0.357974  0.547476  0.965392  0.539267  0.462361  0.491141  0.554581  0.560762  0.454594  0.489602  0.436246  0.451980  0.487575  0.476870  0.469117  0.415568  0.496878  0.399325  0.415399  0.328999  0.695553  0.420628  0.551807  0.387482  0.713286  0.565132  0.469156  0.493003  0.486882  0.694088  0.341437  0.440333  0.525433  0.401521  0.441223  0.390482  0.763275  0.525625  0.437246  0.638458  0.605743  0.352480  0.658061  0.536250  0.328316  0.474380  0.348801  0.502796  0.515451 
5  0.194619  0.311657  0.422729  0.247040  0.247516 0.0  0.239678  0.327016  0.417615  0.495937  0.733027  0.380034  0.386593  0.437177  0.433243  0.434685  0.385357  0.400833  0.236713  0.445189  0.369585  0.382193  0.386920  0.421573  0.565865  0.425406  0.350076  0.350354  0.665741  0.364640  0.446796  0.452456  0.709723  0.426973  0.319369  0.361028  0.355310  0.415497  0.511329  0.387768  0.395105  0.448478  0.390316  0.429811  0.392764  0.221456  0.322471  0.448636  0.312431  0.377131  0.574212  0.266389  0.478933  0.357669  0.235956  0.367389  0.402587  0.389213  0.366002  0.270613  0.392918  0.456494  0.473767  0.445322  0.456880  0.433718  0.413540  0.347149  0.359529  0.529777  0.465831  0.349581  0.290786  0.411200  0.385321  0.470260  0.382821  0.380507  0.403724  0.385863  0.370000  0.440182  0.352883  0.371145  0.351612  0.431638  0.426072  0.611752  0.428409  0.419669  0.407696  0.373577  0.408917  0.469955  0.477900  0.403044  0.254803  0.405973  0.364019  0.477763  0.435116  0.629044  0.590459  0.410332  0.432284  0.397783  0.357280  0.677945  0.352830  0.369401  0.425462  0.394169  0.435833  0.402809  0.443562  0.648458  0.412419  0.661272  0.389561  0.403868  0.369811  0.397613  0.689894  0.501452  0.469575  0.347301  0.551742  0.444932  0.404759  0.365944  0.455792  0.410908  0.417195  0.479881  0.356709  0.421255  0.495582  0.348672  0.209161  0.441837  0.390776  0.522883  0.443727  0.405761  0.417251  0.396932  0.386887  0.391586  0.375516  0.759463  0.775756  0.451223  0.489377  0.419627  0.660443  0.487364  0.443066  0.408662  0.381436  0.546380  0.392749  0.370784  0.435492  0.478893  0.438498  0.421587  0.431769  0.320445  0.672621  0.399485  0.547447  0.365843  0.731385  0.441894  0.471161  0.415342  0.412320  0.698496  0.416763  0.354264  0.483641  0.365599  0.468864  0.368957  0.666404  0.457132  0.446159  0.502623  0.695576  0.371514  0.695130  0.466316  0.399292  0.504394  0.366276  0.416799  0.529648 
6  0.196357  0.343059  0.421701  0.212179  0.191959  0.239678 0.0  0.417114  0.363136  0.430858  0.672988  0.388513  0.417889  0.438306  0.468000  0.444665  0.390026  0.381490  0.178418  0.406743  0.444995  0.400262  0.393764  0.422968  0.619115  0.439144  0.465020  0.370742  0.648637  0.376883  0.489729  0.414749  0.579447  0.424740  0.273422  0.392090  0.363906  0.418158  0.528537  0.417681  0.409820  0.429207  0.402705  0.412770  0.357417  0.222970  0.350328  0.545304  0.259375  0.444707  0.586737  0.286647  0.477777  0.426142  0.214993  0.408098  0.464787  0.399188  0.414297  0.310308  0.417135  0.486357  0.477797  0.450639  0.471246  0.464666  0.459206  0.375480  0.419571  0.539407  0.402963  0.401787  0.299890  0.472505  0.468014  0.460642  0.454448  0.384697  0.485208  0.459058  0.479610  0.471157  0.374260  0.354385  0.360737  0.438780  0.475868  0.596141  0.506096  0.470738  0.447033  0.432229  0.498212  0.516381  0.448106  0.436796  0.201144  0.411758  0.442386  0.407342  0.502467  0.778352  0.605534  0.474259  0.442076  0.428718  0.485842  0.669287  0.406698  0.463186  0.540318  0.431423  0.386013  0.461761  0.417181  0.570648  0.427173  0.642027  0.524179  0.407778  0.407912  0.400352  0.647817  0.467936  0.512017  0.410242  0.454382  0.431845  0.456741  0.458559  0.483368  0.400435  0.437219  0.601474  0.419597  0.460429  0.441228  0.386261  0.200594  0.413814  0.437979  0.431733  0.434337  0.428565  0.353098  0.425185  0.375720  0.445576  0.408759  0.618646  0.792693  0.416876  0.439107  0.503286  0.705855  0.444175  0.443777  0.490089  0.437542  0.511681  0.400579  0.453930  0.436667  0.459370  0.399503  0.420942  0.462119  0.354630  0.734574  0.355412  0.440118  0.386616  0.682556  0.483414  0.393457  0.484122  0.452056  0.754940  0.432805  0.378708  0.583057  0.464598  0.446834  0.469326  0.734913  0.490446  0.369925  0.516680  0.632853  0.407154  0.664729  0.441745  0.417978  0.466674  0.429180  0.460369  0.542382 
7  0.352901  0.312913  0.187652  0.402372  0.411397  0.327016  0.417114 0.0  0.179113  0.341307  0.723895  0.241007  0.207658  0.227137  0.659351  0.299767  0.246191  0.239225  0.440333  0.548967  0.414226  0.275696  0.222340  0.230117  0.567738  0.285449  0.291596  0.261047  0.602518  0.395780  0.312525  0.305779  0.801157  0.361923  0.309403  0.267817  0.479601  0.400560  0.620705  0.236778  0.250673  0.361378  0.264156  0.317487  0.323870  0.354893  0.294088  0.299237  0.323382  0.232677  0.481420  0.369446  0.489984  0.266470  0.407621  0.393820  0.334226  0.335423  0.431496  0.392342  0.304832  0.303110  0.288265  0.271678  0.300930  0.271117  0.193642  0.260873  0.320765  0.564529  0.284975  0.269225  0.302091  0.276784  0.287257  0.283193  0.386776  0.411224  0.301085  0.300386  0.296129  0.312934  0.397566  0.394183  0.416717  0.254105  0.276909  0.609384  0.239791  0.255319  0.276623  0.230593  0.269300  0.311991  0.295695  0.271344  0.426001  0.383746  0.312064  0.252072  0.418686  0.789984  0.750047  0.447040  0.233745  0.190469  0.430645  0.770541  0.369905  0.385283  0.283339  0.400316  0.187322  0.271621  0.298422  0.660426  0.300675  0.881391  0.210822  0.242602  0.266638  0.405679  0.598778  0.336075  0.328762  0.355999  0.337877  0.430457  0.247922  0.397936  0.309126  0.442684  0.266807  0.550918  0.206223  0.391919  0.304185  0.205927  0.426833  0.240474  0.174492  0.457476  0.308860  0.263810  0.268550  0.401923  0.273088  0.348067  0.294823  0.696747  0.699781  0.283519  0.326188  0.309679  0.662135  0.355967  0.307477  0.301456  0.297190  0.336378  0.250884  0.262914  0.320797  0.318412  0.268390  0.232543  0.423468  0.349164  0.679968  0.423253  0.305305  0.401585  0.781389  0.321156  0.298315  0.299949  0.198393  0.652582  0.220258  0.237563  0.491581  0.217922  0.298247  0.361029  0.833915  0.323989  0.226616  0.498429  0.853423  0.378878  0.692904  0.346879  0.344557  0.321126  0.282140  0.416968  0.333619 
8  0.382850  0.335382  0.236202  0.404673  0.420212  0.417615  0.363136  0.179113 0.0  0.402685  0.816574  0.250879  0.258823  0.316427  0.627003  0.297407  0.280622  0.251735  0.418889  0.579329  0.392719  0.288367  0.214703  0.251762  0.584141  0.282201  0.231884  0.241192  0.567514  0.398712  0.338121  0.353471  0.681635  0.384509  0.323062  0.258366  0.454179  0.426610  0.585521  0.283257  0.280479  0.383510  0.221053  0.315939  0.276622  0.436051  0.292214  0.322810  0.392171  0.280736  0.458027  0.391616  0.496822  0.288294  0.396934  0.406949  0.410076  0.313389  0.431449  0.348819  0.299223  0.260684  0.258591  0.317090  0.296884  0.269501  0.245684  0.269608  0.318126  0.444152  0.305571  0.254067  0.342359  0.314535  0.314290  0.320904  0.346583  0.400731  0.288546  0.280771  0.299501  0.303156  0.391451  0.396897  0.450425  0.266628  0.288858  0.617409  0.290181  0.249365  0.257973  0.242031  0.282018  0.300907  0.296441  0.252295  0.418444  0.457381  0.247890  0.300642  0.413344  0.684442  0.764381  0.429598  0.240605  0.207208  0.395488  0.707589  0.456843  0.433441  0.255410  0.392187  0.200646  0.227027  0.301606  0.845584  0.304703  0.726212  0.191402  0.270480  0.286233  0.448762  0.632496  0.284308  0.293884  0.381064  0.331290  0.517489  0.235573  0.423715  0.299322  0.321840  0.281895  0.542155  0.195433  0.427003  0.325178  0.244639  0.402222  0.279225  0.224672  0.530574  0.331148  0.292800  0.300507  0.396131  0.316804  0.332630  0.286257  0.597975  0.678680  0.312198  0.307073  0.283140  0.606148  0.333732  0.309232  0.304766  0.299744  0.340532  0.251495  0.299656  0.275083  0.297850  0.285024  0.257705  0.369473  0.317707  0.745324  0.433386  0.270874  0.445734  0.729782  0.325420  0.276387  0.259144  0.280783  0.697326  0.215277  0.241536  0.597441  0.240081  0.333625  0.369417  0.743456  0.297689  0.201689  0.518760  0.730792  0.464265  0.694342  0.364014  0.474708  0.337745  0.298485  0.420413  0.325851 
9  0.373302  0.406365  0.403987  0.429928  0.417775  0.495937  0.430858  0.341307  0.402685 0.0  0.896225  0.372331  0.398278  0.376934  0.515968  0.473106  0.318077  0.427041  0.408963  0.551079  0.318155  0.406052  0.452414  0.343374  0.576035  0.463035  0.378838  0.422254  0.636565  0.367996  0.436928  0.453951  0.700125  0.242100  0.307507  0.381358  0.362400  0.433244  0.612605  0.405222  0.384667  0.297251  0.439651  0.384576  0.386582  0.395560  0.348544  0.503645  0.363330  0.371725  0.555123  0.417263  0.452788  0.338701  0.376447  0.226486  0.190534  0.380142  0.424527  0.427578  0.355919  0.447380  0.384700  0.424678  0.492148  0.390395  0.415341  0.357583  0.363663  0.478302  0.386568  0.401061  0.361340  0.362173  0.402393  0.457176  0.362928  0.351852  0.459140  0.472005  0.430436  0.391113  0.352980  0.443275  0.318589  0.365065  0.426909  0.597686  0.404407  0.368809  0.419607  0.409833  0.392664  0.398808  0.465679  0.393704  0.421656  0.257669  0.450546  0.417923  0.223006  0.725277  0.808584  0.255353  0.393281  0.467945  0.254602  0.864111  0.261864  0.198740  0.422088  0.231484  0.403930  0.362273  0.465457  0.690512  0.468357  0.727336  0.365439  0.418315  0.410216  0.354614  0.656900  0.361567  0.487893  0.284073  0.530399  0.213028  0.393487  0.370640  0.506297  0.229058  0.447452  0.532188  0.424876  0.198677  0.402322  0.447442  0.430282  0.475803  0.363230  0.477782  0.500199  0.391326  0.336910  0.191757  0.401567  0.423140  0.376567  0.730443  0.649957  0.429620  0.343163  0.451405  0.657327  0.482865  0.396554  0.437211  0.455292  0.455216  0.414787  0.403666  0.434210  0.402139  0.442122  0.447289  0.282095  0.389871  0.673200  0.371234  0.439482  0.328115  0.715360  0.455179  0.417630  0.419010  0.412898  0.609932  0.347386  0.370021  0.612985  0.427349  0.444175  0.228970  0.782712  0.461125  0.403229  0.610268  0.772475  0.348040  0.715244  0.447838  0.329568  0.456206  0.423073  0.247955  0.424724 
10  0.696967  0.815313  0.729786  0.512793  0.666222  0.733027  0.672988  0.723895  0.816574  0.896225 0.0  0.879185  0.741008  0.875967  0.620376  0.703633  0.692271  0.710356  0.737172  0.736618  0.693620  0.825683  0.830025  0.785953  0.456955  0.801838  0.746098  0.690427  0.492320  0.690079  0.881212  0.839300  0.422206  0.663064  0.609632  0.578181  0.667946  0.692159  0.799892  0.827751  0.703962  0.761695  0.684792  0.656088  0.753051  0.722670  0.771148  0.830278  0.745237  0.749183  0.712258  0.798391  0.755368  0.717713  0.662119  0.777344  0.861575  0.792141  0.609793  0.521087  0.676687  0.824550  0.858718  0.811799  0.782074  0.763816  0.726940  0.719233  0.765445  0.650376  0.827162  0.629020  0.596709  0.797821  0.728851  0.844349  0.637967  0.702642  0.735055  0.902774  0.633621  0.804596  0.628535  0.599267  0.711652  0.761413  0.727686  0.745685  0.618135  0.892970  0.841680  0.705973  0.683209  0.829785  0.739685  0.735575  0.615649  0.791353  0.672821  0.722252  0.812665  0.463963  0.163586  0.807964  0.703388  0.756134  0.720672  0.304681  0.687684  0.741555  0.775519  0.898268  0.540760  0.843378  0.704267  0.199264  0.902538  0.175986  0.717953  0.713325  0.682709  0.711156  0.692193  0.888544  0.772558  0.639028  0.882607  0.888214  0.728048  0.649158  0.790408  0.814468  0.707567  0.724447  0.725016  0.847078  0.830988  0.776952  0.663191  0.910286  0.731497  0.695167  0.784368  0.775110  0.799856  0.810673  0.660143  0.824870  0.602628  0.637943  0.673279  0.661181  0.857056  0.730335  0.678989  0.881886  0.850523  0.775590  0.790382  0.768113  0.799385  0.747001  0.874697  0.798377  0.758131  0.796591  0.631247  0.609452  0.379652  0.642664  0.909559  0.601089  0.230290  0.968919  0.737812  0.759519  0.819417  0.684711  0.710570  0.701408  0.714022  0.660675  0.893814  0.743008  0.192002  0.782119  0.769856  0.706084  0.529269  0.647449  0.183861  0.814292  0.654318  0.840968  0.773862  0.804452  0.854663 
11  0.389471  0.306698  0.234376  0.412849  0.461499  0.380034  0.388513  0.241007  0.250879  0.372331  0.879185 0.0  0.213366  0.227375  0.511987  0.244149  0.256811  0.210531  0.441535  0.555343  0.443634  0.339221  0.183611  0.224404  0.700184  0.225551  0.236336  0.193765  0.671071  0.457275  0.294564  0.274522  0.712315  0.384342  0.359952  0.246144  0.388162  0.331730  0.601885  0.211557  0.221815  0.398339  0.217602  0.300052  0.299493  0.402534  0.291479  0.272916  0.398218  0.183895  0.519944  0.356409  0.502978  0.286393  0.390819  0.392204  0.352643  0.348692  0.415017  0.397641  0.235414  0.275534  0.221499  0.255873  0.287272  0.225177  0.219394  0.248634  0.280583  0.504661  0.267518  0.288737  0.323998  0.253321  0.316989  0.266463  0.469371  0.435400  0.285466  0.303040  0.264769  0.260632  0.384678  0.417318  0.432726  0.235464  0.257310  0.716571  0.261822  0.211572  0.231114  0.194663  0.241807  0.263897  0.247611  0.206279  0.375988  0.384011  0.288954  0.261787  0.431700  0.652365  0.817838  0.427773  0.196330  0.246716  0.354620  0.775933  0.367738  0.376967  0.199204  0.418000  0.223594  0.214386  0.273636  0.659502  0.314103  0.730644  0.250960  0.191847  0.252996  0.409713  0.640300  0.280097  0.296110  0.362431  0.306846  0.401538  0.251478  0.449866  0.308528  0.366600  0.217375  0.466335  0.200938  0.374210  0.238983  0.242084  0.381710  0.220206  0.206868  0.624368  0.278327  0.248763  0.322831  0.437783  0.323319  0.337811  0.293116  0.558836  0.683172  0.297868  0.289572  0.296405  0.650576  0.306192  0.287531  0.297208  0.283855  0.293529  0.217380  0.221090  0.304089  0.259319  0.258287  0.223270  0.380382  0.367083  0.721275  0.447547  0.318077  0.439579  0.840717  0.290357  0.257023  0.262444  0.232037  0.604761  0.202040  0.213910  0.562305  0.221860  0.270606  0.375579  0.719743  0.273414  0.234195  0.517817  0.641052  0.384497  0.733856  0.350772  0.417277  0.276451  0.310574  0.395903  0.305206 
12  0.394433  0.319122  0.238052  0.450153  0.480073  0.386593  0.417889  0.207658  0.258823  0.398278  0.741008  0.213366 0.0  0.235732  0.592228  0.208380  0.298394  0.187980  0.487279  0.521469  0.512541  0.306552  0.204736  0.221382  0.672005  0.188581  0.161328  0.201232  0.720639  0.464855  0.246517  0.218337  0.684854  0.428964  0.310555  0.309222  0.394619  0.444658  0.608749  0.210643  0.202369  0.416354  0.210150  0.365675  0.309682  0.422778  0.321205  0.269377  0.351672  0.202639  0.478461  0.405045  0.524888  0.297191  0.412365  0.326829  0.410149  0.342198  0.451079  0.356894  0.296942  0.225987  0.233939  0.195381  0.195127  0.204789  0.210766  0.289813  0.360892  0.544457  0.204759  0.318594  0.340148  0.303541  0.335697  0.239706  0.317662  0.444426  0.210190  0.205313  0.212818  0.202512  0.417619  0.380498  0.445584  0.245444  0.231000  0.657489  0.254752  0.265701  0.245648  0.176552  0.175481  0.209777  0.230989  0.213729  0.391546  0.408602  0.242140  0.211107  0.449353  0.713928  0.840533  0.432765  0.211770  0.253964  0.361074  0.663340  0.443740  0.360941  0.203731  0.353555  0.295928  0.179701  0.253201  0.735857  0.236153  0.764328  0.243577  0.210059  0.291943  0.444358  0.567182  0.287877  0.239845  0.376133  0.268160  0.385381  0.177321  0.487404  0.298163  0.355976  0.270709  0.466080  0.190179  0.362608  0.231482  0.257697  0.399118  0.206191  0.207057  0.528567  0.232429  0.185288  0.299802  0.465947  0.253999  0.309449  0.298385  0.502436  0.739446  0.228908  0.286193  0.209649  0.711628  0.269335  0.232224  0.215841  0.228989  0.298832  0.173110  0.174715  0.248928  0.237997  0.240489  0.220958  0.386879  0.384993  0.690667  0.418749  0.236555  0.411845  0.762819  0.225328  0.208211  0.217097  0.161474  0.586806  0.248445  0.218965  0.469974  0.250052  0.229859  0.418668  0.728555  0.235438  0.234756  0.562213  0.666984  0.491865  0.761233  0.239584  0.481812  0.243795  0.308027  0.439171  0.302134 
13  0.447119  0.373056  0.241494  0.474322  0.499483  0.437177  0.438306  0.227137  0.316427  0.376934  0.875967  0.227375  0.235732 0.0  0.593297  0.177957  0.257446  0.251060  0.461045  0.543495  0.466117  0.355105  0.226429  0.225664  0.795584  0.221581  0.212205  0.269956  0.692855  0.446211  0.241070  0.211918  0.754079  0.397862  0.389989  0.276985  0.418291  0.473085  0.632139  0.269276  0.214693  0.386764  0.248094  0.332807  0.314347  0.448422  0.321330  0.212598  0.458834  0.210797  0.552258  0.410639  0.575352  0.294838  0.374337  0.391736  0.404669  0.353657  0.455517  0.393526  0.386389  0.218256  0.198044  0.183925  0.189248  0.194397  0.227816  0.302402  0.333270  0.485508  0.228265  0.251580  0.324977  0.330216  0.333954  0.238052  0.448077  0.498687  0.204986  0.201644  0.235900  0.208437  0.482984  0.448679  0.414970  0.214154  0.235886  0.534467  0.242383  0.226533  0.198477  0.236855  0.222928  0.189905  0.179257  0.232108  0.430481  0.368751  0.225801  0.217340  0.419323  0.837039  0.680552  0.388372  0.227502  0.297748  0.430929  0.716376  0.402877  0.439734  0.235474  0.395141  0.271837  0.230457  0.234077  0.750858  0.243860  0.863508  0.238487  0.251344  0.306851  0.448943  0.651307  0.211153  0.244634  0.429821  0.233942  0.337859  0.217213  0.451156  0.251887  0.373609  0.247030  0.441589  0.277377  0.395476  0.199769  0.303852  0.408172  0.197801  0.259591  0.545700  0.247531  0.207951  0.344516  0.399754  0.312679  0.325352  0.341348  0.602868  0.676210  0.227124  0.240587  0.200439  0.563692  0.262365  0.236022  0.200984  0.236116  0.254114  0.263872  0.240580  0.218131  0.228018  0.233168  0.222619  0.440943  0.414078  0.777648  0.449336  0.229351  0.447026  0.707636  0.217271  0.218771  0.197383  0.218610  0.548811  0.225094  0.271968  0.574271  0.264001  0.240145  0.402947  0.781901  0.242165  0.218561  0.520481  0.789398  0.502624  0.672370  0.255978  0.453673  0.249709  0.283175  0.368704  0.266925 
14  0.518674  0.496527  0.602812  0.505238  0.611630  0.433243  0.468000  0.659351  0.627003  0.515968  0.620376  0.511987  0.592228  0.593297 0.0  0.634551  0.510798  0.563611  0.502535  0.332319  0.608840  0.549069  0.512695  0.570171  0.676368  0.576936  0.573936  0.582791  0.633735  0.557487  0.631215  0.594491  0.598693  0.503234  0.405819  0.437934  0.480938  0.541685  0.373119  0.553464  0.554922  0.521497  0.575181  0.584687  0.558091  0.483583  0.487206  0.627463  0.489213  0.551142  0.465146  0.460876  0.434820  0.536170  0.531703  0.562509  0.611844  0.547051  0.511047  0.540179  0.596498  0.649264  0.597734  0.527331  0.532734  0.503323  0.563324  0.551583  0.522778  0.518363  0.503165  0.608640  0.463842  0.469509  0.543390  0.614666  0.513536  0.532592  0.601248  0.542011  0.640269  0.509988  0.475818  0.513306  0.506002  0.513879  0.551721  0.558951  0.655442  0.622659  0.632439  0.537893  0.511468  0.674888  0.590666  0.607501  0.523429  0.500496  0.510961  0.491086  0.521313  0.801902  0.744656  0.588780  0.575339  0.575220  0.549707  0.711201  0.536374  0.474690  0.581639  0.528805  0.581422  0.546075  0.547956  0.637223  0.639767  0.646123  0.562668  0.491636  0.536051  0.544441  0.622163  0.545706  0.583688  0.527597  0.543134  0.607543  0.627580  0.510105  0.540461  0.536314  0.557928  0.354771  0.557307  0.586772  0.569987  0.536328  0.480401  0.545929  0.532179  0.394296  0.581747  0.583788  0.524605  0.570906  0.582280  0.545052  0.556117  0.668391  0.777156  0.664400  0.661529  0.608696  0.707932  0.648712  0.575292  0.576633  0.599503  0.660257  0.626776  0.545613  0.629695  0.685178  0.523207  0.527861  0.478866  0.407369  0.635815  0.461961  0.653508  0.481717  0.732167  0.748652  0.677688  0.570768  0.597028  0.700949  0.541569  0.463019  0.226188  0.478621  0.570140  0.551230  0.666013  0.584046  0.613364  0.422268  0.719718  0.518060  0.710625  0.644394  0.505279  0.663629  0.478673  0.595503  0.644097 
15  0.425939  0.302848  0.297994  0.422437  0.468385  0.434685  0.444665  0.299767  0.297407  0.473106  0.703633  0.244149  0.208380  0.177957  0.634551 0.0  0.316601  0.250066  0.535408  0.578626  0.441423  0.352626  0.265889  0.258033  0.785489  0.219589  0.225588  0.247959  0.807838  0.462578  0.190382  0.205896  0.709224  0.394398  0.303093  0.369768  0.500163  0.428570  0.496506  0.257644  0.244796  0.444569  0.255586  0.364622  0.346800  0.460392  0.331574  0.268326  0.423006  0.279021  0.528616  0.399577  0.526948  0.303341  0.405931  0.411377  0.362144  0.368979  0.480523  0.462168  0.331253  0.190526  0.210869  0.191400  0.180736  0.194631  0.241352  0.309320  0.367557  0.542868  0.188859  0.319778  0.422497  0.370033  0.370664  0.194555  0.407709  0.455907  0.196644  0.185973  0.201336  0.174420  0.497085  0.474768  0.445784  0.220435  0.230341  0.555670  0.241973  0.252108  0.228642  0.216906  0.196843  0.179691  0.193948  0.249156  0.464947  0.432504  0.208238  0.237032  0.409978  0.713180  0.739484  0.356690  0.247664  0.284293  0.441141  0.837170  0.406776  0.418349  0.260290  0.382557  0.318897  0.224155  0.284853  0.765543  0.208914  0.792932  0.289963  0.253551  0.292487  0.449577  0.609103  0.241417  0.216926  0.454254  0.208342  0.437836  0.225077  0.442728  0.269603  0.410734  0.242257  0.512745  0.275961  0.446468  0.227869  0.285074  0.434279  0.174816  0.246910  0.510474  0.221222  0.219531  0.336177  0.351910  0.335860  0.280712  0.327833  0.583284  0.587521  0.199263  0.241787  0.198726  0.615751  0.227893  0.195719  0.185551  0.185394  0.276212  0.246456  0.228928  0.216723  0.194083  0.225433  0.225743  0.468942  0.389361  0.764515  0.453457  0.251072  0.445021  0.698002  0.194682  0.188652  0.197554  0.195633  0.639781  0.238436  0.266140  0.567463  0.286327  0.224761  0.446804  0.808364  0.246567  0.252547  0.637247  0.726473  0.425201  0.841673  0.264870  0.406842  0.218276  0.357137  0.410355  0.278032 
16  0.342269  0.264894  0.223974  0.348456  0.332127  0.385357  0.390026  0.246191  0.280622  0.318077  0.692271  0.256811  0.298394  0.257446  0.510798  0.316601 0.0  0.257584  0.418141  0.566847  0.363507  0.289047  0.276187  0.312256  0.589341  0.310609  0.305826  0.291332  0.649983  0.330140  0.336719  0.319305  0.697085  0.336771  0.301408  0.287650  0.376645  0.337122  0.457130  0.315919  0.310247  0.388596  0.293191  0.244055  0.295705  0.359061  0.256146  0.363838  0.322546  0.267076  0.475785  0.368217  0.381073  0.175233  0.320652  0.314969  0.348385  0.293900  0.413644  0.315363  0.208063  0.342522  0.319689  0.330585  0.333218  0.290652  0.271482  0.253024  0.213572  0.509962  0.338803  0.238738  0.304674  0.229344  0.263993  0.301665  0.415134  0.355691  0.343562  0.331062  0.315869  0.305984  0.361566  0.406118  0.395664  0.310935  0.325495  0.667083  0.315298  0.351186  0.329990  0.297765  0.305627  0.382839  0.341057  0.277795  0.331260  0.320253  0.366626  0.289224  0.429199  0.657307  0.674196  0.372901  0.305671  0.282865  0.320243  0.669600  0.293766  0.343477  0.253553  0.397164  0.272233  0.257395  0.328430  0.683818  0.363285  0.630130  0.264684  0.292874  0.267041  0.395376  0.678485  0.316790  0.347954  0.365362  0.329514  0.337718  0.271283  0.345382  0.405081  0.358282  0.324225  0.542757  0.286228  0.281356  0.287138  0.265875  0.316765  0.275303  0.260474  0.527628  0.337254  0.320505  0.243527  0.348508  0.282879  0.246690  0.264523  0.541651  0.661192  0.329367  0.335849  0.300678  0.529041  0.363084  0.333549  0.271809  0.334609  0.396126  0.309081  0.296426  0.348477  0.321423  0.352994  0.322440  0.345143  0.307237  0.685009  0.373792  0.418367  0.387495  0.666328  0.347360  0.357352  0.369627  0.288263  0.655247  0.273679  0.281631  0.490549  0.272618  0.339240  0.306937  0.536210  0.365897  0.303432  0.443808  0.592845  0.343310  0.706791  0.370652  0.325528  0.309326  0.267743  0.405166  0.379740 
17  0.409261  0.275759  0.262309  0.436495  0.421019  0.400833  0.381490  0.239225  0.251735  0.427041  0.710356  0.210531  0.187980  0.251060  0.563611  0.250066  0.257584 0.0  0.459555  0.491172  0.468422  0.291880  0.178935  0.223633  0.645947  0.224313  0.177971  0.194890  0.707302  0.466116  0.227585  0.227217  0.750660  0.411327  0.279411  0.281692  0.382206  0.422668  0.507506  0.226382  0.263967  0.435908  0.202360  0.303955  0.314146  0.404975  0.247642  0.305415  0.392813  0.177493  0.467210  0.389381  0.502178  0.261995  0.341939  0.459610  0.410061  0.346198  0.415761  0.355600  0.358563  0.243962  0.222134  0.215995  0.247532  0.223820  0.218180  0.263029  0.306568  0.511836  0.217877  0.275900  0.318656  0.303876  0.318786  0.252398  0.376782  0.412545  0.228440  0.237091  0.253906  0.217905  0.406265  0.387573  0.401259  0.264086  0.261499  0.638756  0.253310  0.269814  0.248354  0.169538  0.225075  0.217563  0.241406  0.204992  0.353358  0.392302  0.245449  0.231644  0.427074  0.703669  0.754369  0.439649  0.223295  0.244546  0.359629  0.718178  0.344707  0.471739  0.239665  0.389502  0.237998  0.227062  0.264247  0.701720  0.281798  0.832784  0.254011  0.206819  0.236480  0.440394  0.586530  0.267757  0.275169  0.407390  0.244072  0.449600  0.222528  0.409483  0.314505  0.371406  0.271188  0.545591  0.212768  0.412542  0.278049  0.258683  0.400168  0.219746  0.200303  0.534401  0.250636  0.181095  0.338260  0.386506  0.274508  0.235902  0.355834  0.568100  0.721324  0.264889  0.285677  0.231183  0.582564  0.282643  0.254259  0.201045  0.261256  0.294260  0.229929  0.182857  0.243314  0.220992  0.239564  0.249876  0.325625  0.368976  0.814964  0.410483  0.320788  0.382838  0.655820  0.230167  0.257846  0.251355  0.218243  0.675563  0.232687  0.194905  0.450872  0.214658  0.243359  0.405680  0.753733  0.237330  0.223727  0.590045  0.664450  0.405530  0.664947  0.268298  0.391404  0.255052  0.315933  0.356729  0.275026 
18  0.241980  0.391275  0.401124  0.217878  0.206940  0.236713  0.178418  0.440333  0.418889  0.408963  0.737172  0.441535  0.487279  0.461045  0.502535  0.535408  0.418141  0.459555 0.0  0.556737  0.419221  0.418151  0.408363  0.499823  0.624029  0.486938  0.492230  0.471230  0.648009  0.349509  0.496005  0.415085  0.777268  0.351070  0.311765  0.373236  0.442608  0.385951  0.519660  0.458190  0.419382  0.424278  0.450969  0.406508  0.372701  0.246449  0.388527  0.464292  0.267112  0.506076  0.558850  0.339535  0.565935  0.434474  0.253923  0.512129  0.430641  0.421283  0.344167  0.267540  0.343700  0.437864  0.409408  0.446651  0.487076  0.470787  0.496646  0.316674  0.394068  0.545880  0.503797  0.392941  0.290578  0.467693  0.482169  0.462670  0.401176  0.419135  0.467481  0.430799  0.553079  0.486042  0.389733  0.418501  0.404649  0.386487  0.437751  0.657307  0.434065  0.472956  0.468205  0.458373  0.487707  0.513894  0.476543  0.482915  0.257002  0.418961  0.555491  0.505141  0.491550  0.726771  0.675491  0.484439  0.426331  0.459498  0.405747  0.753352  0.394313  0.418587  0.432781  0.493583  0.473627  0.439914  0.494466  0.700076  0.463764  0.790920  0.470037  0.422087  0.393276  0.427678  0.866717  0.478485  0.486628  0.467972  0.484906  0.402718  0.463911  0.477565  0.545050  0.417932  0.504019  0.536005  0.432229  0.451550  0.506470  0.461108  0.226947  0.505526  0.458172  0.503130  0.588348  0.431733  0.381502  0.518594  0.409421  0.433843  0.392524  0.703193  0.796614  0.499974  0.479619  0.427641  0.694030  0.496251  0.467463  0.439115  0.499824  0.484209  0.430728  0.443820  0.504999  0.496985  0.490687  0.438953  0.391240  0.336594  0.813819  0.379546  0.468566  0.405590  0.645769  0.490698  0.557970  0.428490  0.472388  0.732283  0.360064  0.428183  0.546506  0.431135  0.468414  0.443454  0.658102  0.505698  0.410501  0.528420  0.740346  0.376662  0.671046  0.429995  0.433559  0.504305  0.398557  0.469109  0.526090 
19  0.486885  0.473936  0.514000  0.437748  0.453002  0.445189  0.406743  0.548967  0.579329  0.551079  0.736618  0.555343  0.521469  0.543495  0.332319  0.578626  0.566847  0.491172  0.556737 0.0  0.520299  0.415967  0.566647  0.605063  0.649394  0.579666  0.486258  0.577770  0.670641  0.453783  0.554438  0.473202  0.697426  0.551577  0.453245  0.574200  0.470759  0.473483  0.216819  0.479320  0.653959  0.588576  0.543483  0.528935  0.523320  0.569969  0.450312  0.725356  0.454343  0.468908  0.316333  0.434452  0.348852  0.510398  0.533047  0.569074  0.585379  0.622289  0.513268  0.489548  0.455109  0.579815  0.521026  0.565749  0.618132  0.536414  0.553093  0.540995  0.601116  0.497070  0.524972  0.487592  0.433449  0.530115  0.572255  0.507471  0.483327  0.440270  0.549955  0.570941  0.579849  0.610838  0.516049  0.476151  0.465476  0.546670  0.556388  0.683858  0.596231  0.486399  0.580494  0.464502  0.583454  0.514265  0.564156  0.524805  0.495970  0.529184  0.530242  0.565394  0.644173  0.670553  0.678116  0.654089  0.553985  0.468905  0.509296  0.602667  0.540134  0.551961  0.548484  0.606142  0.591073  0.565594  0.622055  0.695271  0.550584  0.770391  0.595940  0.579067  0.566969  0.555444  0.798478  0.579213  0.686346  0.520706  0.537134  0.631733  0.498970  0.546178  0.572058  0.570692  0.578772  0.219676  0.462415  0.489728  0.541663  0.582823  0.474089  0.576359  0.533267  0.254414  0.563551  0.568794  0.543879  0.568984  0.560743  0.460655  0.561462  0.644615  0.809946  0.608816  0.606006  0.540011  0.668521  0.568615  0.556289  0.529628  0.627480  0.560653  0.578054  0.514328  0.595881  0.564369  0.551247  0.450993  0.554222  0.481406  0.694746  0.511414  0.641149  0.428657  0.631823  0.597748  0.544470  0.573115  0.528546  0.694717  0.463159  0.524621  0.357475  0.570523  0.517019  0.560278  0.734976  0.575333  0.495005  0.287684  0.641666  0.516917  0.628490  0.600163  0.569242  0.579824  0.465051  0.544539  0.640879 
