30
0 0.0  0.747994  0.856975  0.772697  0.875409  0.874311  0.787969  0.874071  0.783207  0.771680  0.865545  0.777495  0.475548  0.809465  0.831000  0.927515  0.854041  0.850206  0.803854  0.765226  0.835649  0.693540  0.328767  0.885392  0.698932  0.777581  0.940526  0.748760  0.808032  0.477836 
1  0.747994 0.0  0.749627  0.815551  0.724371  0.637189  0.719957  0.752621  0.729554  0.846288  0.852871  0.850269  0.752618  0.846454  0.788603  0.678412  0.712388  0.714265  0.785406  0.700077  0.730527  0.597013  0.712428  0.792822  0.741701  0.729082  0.852504  0.712539  0.750817  0.870951 
2  0.856975  0.749627 0.0  0.870157  0.738827  0.411092  0.672497  0.798045  0.707684  0.831110  0.624790  0.603420  0.802100  0.823838  0.629315  0.534194  0.425610  0.743452  0.217807  0.882934  0.473352  0.607937  0.808317  0.913702  0.895142  0.518597  0.584187  0.484351  0.847925  0.878490 
3  0.772697  0.815551  0.870157 0.0  0.851892  0.862914  0.767872  0.761983  0.339776  0.913803  0.792640  0.785305  0.831443  0.396373  0.909270  0.811408  0.793717  0.867003  0.883579  0.723906  0.819197  0.761061  0.885234  0.930634  0.838256  0.790966  0.726385  0.841891  0.564648  0.818050 
4  0.875409  0.724371  0.738827  0.851892 0.0  0.729381  0.484728  0.868562  0.754732  0.924235  0.477090  0.307878  0.850881  0.746852  0.572392  0.702493  0.666830  0.846875  0.678479  0.704853  0.638044  0.672100  0.907838  0.919798  0.771557  0.540650  0.588604  0.650590  0.779789  0.790818 
5  0.874311  0.637189  0.411092  0.862914  0.729381 0.0  0.626032  0.782054  0.795476  0.832481  0.725471  0.653188  0.880501  0.872959  0.651510  0.628993  0.461895  0.809542  0.475713  0.781049  0.426352  0.719827  0.963962  0.784150  0.768914  0.397107  0.452616  0.436581  1.000000  0.823878 
6  0.787969  0.719957  0.672497  0.767872  0.484728  0.626032 0.0  0.848794  0.779747  0.833377  0.503566  0.390221  0.869670  0.878032  0.399580  0.670462  0.613971  0.791188  0.741864  0.721272  0.524515  0.744873  0.849487  0.848193  0.842734  0.615525  0.693755  0.608049  0.843988  0.892705 
7  0.874071  0.752621  0.798045  0.761983  0.868562  0.782054  0.848794 0.0  0.820462  0.519318  0.737608  0.837765  0.807110  0.857376  0.620200  0.782106  0.881243  0.334886  0.739419  0.511155  0.845862  0.748626  0.795276  0.764209  0.682356  0.877049  0.882788  0.847775  0.774356  0.830950 
8  0.783207  0.729554  0.707684  0.339776  0.754732  0.795476  0.779747  0.820462 0.0  0.821089  0.838708  0.799406  0.852912  0.365987  0.783123  0.872619  0.836748  0.738597  0.845839  0.840228  0.758753  0.730104  0.783905  0.876878  0.815631  0.820541  0.791059  0.841308  0.365705  0.912179 
9  0.771680  0.846288  0.831110  0.913803  0.924235  0.832481  0.833377  0.519318  0.821089 0.0  0.833380  0.743127  0.827809  0.844964  0.820939  0.789139  0.755764  0.512445  0.821113  0.679745  0.902875  0.745826  0.965937  0.840686  0.394791  0.786998  0.734752  0.822643  0.740624  0.792325 
10  0.865545  0.852871  0.624790  0.792640  0.477090  0.725471  0.503566  0.737608  0.838708  0.833380 0.0  0.573643  0.858646  0.869767  0.346232  0.559997  0.642696  0.700908  0.723696  0.831179  0.647953  0.695116  0.907107  0.844974  0.715636  0.602506  0.592245  0.574347  0.756410  0.853233 
11  0.777495  0.850269  0.603420  0.785305  0.307878  0.653188  0.390221  0.837765  0.799406  0.743127  0.573643 0.0  0.802501  0.840890  0.493488  0.775375  0.835590  0.936767  0.748879  0.716072  0.584677  0.637265  0.970318  0.933838  0.955242  0.538923  0.675757  0.644257  0.824787  0.878630 
12  0.475548  0.752618  0.802100  0.831443  0.850881  0.880501  0.869670  0.807110  0.852912  0.827809  0.858646  0.802501 0.0  0.858609  0.861215  0.928414  0.844219  0.820138  0.854507  0.855440  0.939725  0.650144  0.511037  0.758928  0.928879  0.840747  0.830922  0.822716  0.820959  0.520166 
13  0.809465  0.846454  0.823838  0.396373  0.746852  0.872959  0.878032  0.857376  0.365987  0.844964  0.869767  0.840890  0.858609 0.0  0.830930  0.705560  0.902717  0.703712  0.849773  0.916435  0.791777  0.592685  0.851215  0.802621  0.821609  0.898628  0.821640  0.758765  0.322337  0.886987 
14  0.831000  0.788603  0.629315  0.909270  0.572392  0.651510  0.399580  0.620200  0.783123  0.820939  0.346232  0.493488  0.861215  0.830930 0.0  0.787729  0.621582  0.577563  0.748093  0.845839  0.561293  0.721372  0.850409  0.821433  0.888254  0.671928  0.591575  0.576942  0.809784  0.872944 
15  0.927515  0.678412  0.534194  0.811408  0.702493  0.628993  0.670462  0.782106  0.872619  0.789139  0.559997  0.775375  0.928414  0.705560  0.787729 0.0  0.378544  0.905461  0.590322  0.839175  0.450489  0.651777  0.892033  0.896458  0.790120  0.412850  0.494825  0.400106  0.940297  0.857849 
16  0.854041  0.712388  0.425610  0.793717  0.666830  0.461895  0.613971  0.881243  0.836748  0.755764  0.642696  0.835590  0.844219  0.902717  0.621582  0.378544 0.0  0.817642  0.534017  0.840349  0.463676  0.634526  0.772391  0.928840  0.863405  0.451774  0.573010  0.529485  0.750684  0.755386 
17  0.850206  0.714265  0.743452  0.867003  0.846875  0.809542  0.791188  0.334886  0.738597  0.512445  0.700908  0.936767  0.820138  0.703712  0.577563  0.905461  0.817642 0.0  0.852338  0.422353  0.891521  0.689678  0.811528  0.866533  0.526498  0.876676  0.825208  0.802134  0.740493  0.876876 
18  0.803854  0.785406  0.217807  0.883579  0.678479  0.475713  0.741864  0.739419  0.845839  0.821113  0.723696  0.748879  0.854507  0.849773  0.748093  0.590322  0.534017  0.852338 0.0  0.686088  0.415752  0.677256  0.802174  0.894113  0.814676  0.331732  0.363608  0.377138  0.832016  0.909613 
19  0.765226  0.700077  0.882934  0.723906  0.704853  0.781049  0.721272  0.511155  0.840228  0.679745  0.831179  0.716072  0.855440  0.916435  0.845839  0.839175  0.840349  0.422353  0.686088 0.0  0.765377  0.646672  0.853927  0.849821  0.676645  0.802945  0.873180  0.800850  0.817989  0.846020 
20  0.835649  0.730527  0.473352  0.819197  0.638044  0.426352  0.524515  0.845862  0.758753  0.902875  0.647953  0.584677  0.939725  0.791777  0.561293  0.450489  0.463676  0.891521  0.415752  0.765377 0.0  0.619873  0.846076  0.814183  0.823996  0.405684  0.474244  0.539991  0.774834  0.854359 
21  0.693540  0.597013  0.607937  0.761061  0.672100  0.719827  0.744873  0.748626  0.730104  0.745826  0.695116  0.637265  0.650144  0.592685  0.721372  0.651777  0.634526  0.689678  0.677256  0.646672  0.619873 0.0  0.637886  0.747548  0.647459  0.693533  0.753577  0.612079  0.648017  0.707847 
22  0.328767  0.712428  0.808317  0.885234  0.907838  0.963962  0.849487  0.795276  0.783905  0.965937  0.907107  0.970318  0.511037  0.851215  0.850409  0.892033  0.772391  0.811528  0.802174  0.853927  0.846076  0.637886 0.0  0.850769  0.741276  0.761677  0.911841  0.785393  0.758310  0.349314 
23  0.885392  0.792822  0.913702  0.930634  0.919798  0.784150  0.848193  0.764209  0.876878  0.840686  0.844974  0.933838  0.758928  0.802621  0.821433  0.896458  0.928840  0.866533  0.894113  0.849821  0.814183  0.747548  0.850769 0.0  0.878889  0.824849  0.872647  0.873330  0.851700  0.846700 
24  0.698932  0.741701  0.895142  0.838256  0.771557  0.768914  0.842734  0.682356  0.815631  0.394791  0.715636  0.955242  0.928879  0.821609  0.888254  0.790120  0.863405  0.526498  0.814676  0.676645  0.823996  0.647459  0.741276  0.878889 0.0  0.878853  0.768911  0.804697  0.907282  0.867845 
25  0.777581  0.729082  0.518597  0.790966  0.540650  0.397107  0.615525  0.877049  0.820541  0.786998  0.602506  0.538923  0.840747  0.898628  0.671928  0.412850  0.451774  0.876676  0.331732  0.802945  0.405684  0.693533  0.761677  0.824849  0.878853 0.0  0.460178  0.451480  0.833092  0.839615 
26  0.940526  0.852504  0.584187  0.726385  0.588604  0.452616  0.693755  0.882788  0.791059  0.734752  0.592245  0.675757  0.830922  0.821640  0.591575  0.494825  0.573010  0.825208  0.363608  0.873180  0.474244  0.753577  0.911841  0.872647  0.768911  0.460178 0.0  0.439632  0.762297  0.897176 
27  0.748760  0.712539  0.484351  0.841891  0.650590  0.436581  0.608049  0.847775  0.841308  0.822643  0.574347  0.644257  0.822716  0.758765  0.576942  0.400106  0.529485  0.802134  0.377138  0.800850  0.539991  0.612079  0.785393  0.873330  0.804697  0.451480  0.439632 0.0  0.755059  0.866110 
28  0.808032  0.750817  0.847925  0.564648  0.779789  1.000000  0.843988  0.774356  0.365705  0.740624  0.756410  0.824787  0.820959  0.322337  0.809784  0.940297  0.750684  0.740493  0.832016  0.817989  0.774834  0.648017  0.758310  0.851700  0.907282  0.833092  0.762297  0.755059 0.0  0.870855 
29  0.477836  0.870951  0.878490  0.818050  0.790818  0.823878  0.892705  0.830950  0.912179  0.792325  0.853233  0.878630  0.520166  0.886987  0.872944  0.857849  0.755386  0.876876  0.909613  0.846020  0.854359  0.707847  0.349314  0.846700  0.867845  0.839615  0.897176  0.866110  0.870855 0.0 
