30
0 0.0  0.949856  0.827999  0.874242  0.555781  0.828408  0.846894  0.759684  0.652585  0.632108  0.534135  0.646354  0.561527  0.399567  0.803521  0.593430  0.761651  0.879949  0.882808  0.925256  0.467046  0.932566  0.962514  0.978364  0.545535  0.644229  0.846518  0.664745  0.356363  0.752217 
1  0.949856 0.0  0.905700  0.830706  0.871926  0.510169  0.865735  0.786402  0.826948  0.736689  0.967698  0.816264  0.848978  0.836954  0.767262  0.808256  0.915591  0.512194  0.417965  0.604444  0.836753  0.354977  0.882320  0.714188  0.798305  0.814361  0.860905  0.864247  0.798484  0.675916 
2  0.827999  0.905700 0.0  0.892733  0.854849  0.886086  0.467665  0.893306  0.981678  0.923046  0.856780  0.790636  0.911300  0.930019  0.830731  0.833558  0.973399  0.972677  0.883922  0.809712  0.819108  0.812326  0.886176  0.804509  0.843164  0.851012  0.774769  0.951410  0.852111  0.680690 
3  0.874242  0.830706  0.892733 0.0  0.857752  0.828385  0.783096  0.750246  0.916717  0.987715  0.879786  0.512384  0.848624  0.809777  0.956787  0.775952  0.706164  0.885686  0.781637  0.871725  0.834924  0.747817  0.769736  0.391736  0.967971  0.763262  0.594122  0.813668  0.882375  0.722425 
4  0.555781  0.871926  0.854849  0.857752 0.0  0.906627  0.914152  0.799248  0.426173  0.721339  0.577040  0.821964  0.530449  0.597495  0.950338  0.397657  0.700764  0.951448  0.829780  0.806535  0.485011  0.897610  0.910585  0.807440  0.405389  0.675950  0.861671  0.427712  0.505983  0.708972 
5  0.828408  0.510169  0.886086  0.828385  0.906627 0.0  0.992208  0.860651  0.973810  0.963424  0.940671  0.816465  0.927608  0.927647  0.894460  0.896728  0.908558  0.392659  0.480701  0.829203  0.933852  0.316544  0.945679  0.837530  0.862987  0.878559  0.771087  0.944367  0.914995  0.575009 
6  0.846894  0.865735  0.467665  0.783096  0.914152  0.992208 0.0  0.804958  0.956411  0.863585  0.804983  0.792030  0.905723  0.766593  0.743738  0.900268  0.830480  0.829965  0.819142  0.822907  0.934547  0.891979  0.932506  0.928754  0.786762  0.781089  0.789276  0.718510  0.795342  0.889634 
7  0.759684  0.786402  0.893306  0.750246  0.799248  0.860651  0.804958 0.0  0.865519  0.709520  0.742223  0.764817  0.885118  0.798086  0.842694  0.789399  0.810708  0.865431  0.647873  0.754976  0.819230  0.769634  0.881640  0.887524  0.689370  0.757381  0.836115  0.729125  0.777536  0.681466 
8  0.652585  0.826948  0.981678  0.916717  0.426173  0.973810  0.956411  0.865519 0.0  0.599166  0.536228  0.773346  0.485109  0.405254  0.822712  0.506121  0.688605  0.879082  0.797808  0.756720  0.493655  0.899544  0.886799  0.940099  0.471009  0.701673  0.833784  0.576012  0.372090  0.654439 
9  0.632108  0.736689  0.923046  0.987715  0.721339  0.963424  0.863585  0.709520  0.599166 0.0  0.757248  0.806601  0.650592  0.614891  0.872560  0.618206  0.581083  0.912239  0.992704  0.742971  0.797918  0.956226  0.929242  0.694493  0.727597  0.375255  0.881887  0.628438  0.564388  0.700484 
10  0.534135  0.967698  0.856780  0.879786  0.577040  0.940671  0.804983  0.742223  0.536228  0.757248 0.0  0.784411  0.426682  0.484107  0.812067  0.360646  0.631557  0.946007  0.917440  0.783863  0.597324  1.000000  0.884928  0.847593  0.404626  0.678832  0.810493  0.620171  0.460454  0.672822 
11  0.646354  0.816264  0.790636  0.512384  0.821964  0.816465  0.792030  0.764817  0.773346  0.806601  0.784411 0.0  0.786949  0.788978  0.868263  0.771160  0.800956  0.792966  0.889483  0.780236  0.735329  0.846177  0.787025  0.572785  0.887985  0.850391  0.591980  0.889452  0.841106  0.693361 
12  0.561527  0.848978  0.911300  0.848624  0.530449  0.927608  0.905723  0.885118  0.485109  0.650592  0.426682  0.786949 0.0  0.507983  0.826516  0.534607  0.652207  0.840272  0.758108  0.851530  0.427048  0.713551  0.958976  0.901021  0.510510  0.695258  0.880513  0.507831  0.456318  0.722193 
13  0.399567  0.836954  0.930019  0.809777  0.597495  0.927647  0.766593  0.798086  0.405254  0.614891  0.484107  0.788978  0.507983 0.0  0.848339  0.496048  0.666642  0.867459  0.814418  0.814242  0.520839  0.940785  0.893532  0.824262  0.465240  0.579244  0.882256  0.614296  0.417799  0.700628 
14  0.803521  0.767262  0.830731  0.956787  0.950338  0.894460  0.743738  0.842694  0.822712  0.872560  0.812067  0.868263  0.826516  0.848339 0.0  0.744764  0.790480  0.875714  0.738700  0.886579  0.810141  0.849922  0.598103  0.919983  0.929364  0.852694  0.619832  0.878429  0.739644  0.650226 
15  0.593430  0.808256  0.833558  0.775952  0.397657  0.896728  0.900268  0.789399  0.506121  0.618206  0.360646  0.771160  0.534607  0.496048  0.744764 0.0  0.578483  0.844503  0.792955  0.748347  0.409342  0.923842  0.850107  0.896323  0.364434  0.752562  0.819555  0.519745  0.357977  0.761365 
16  0.761651  0.915591  0.973399  0.706164  0.700764  0.908558  0.830480  0.810708  0.688605  0.581083  0.631557  0.800956  0.652207  0.666642  0.790480  0.578483 0.0  0.926823  0.985015  0.754985  0.707276  0.896961  0.929628  0.847005  0.707094  0.548750  0.773065  0.644649  0.579564  0.563448 
17  0.879949  0.512194  0.972677  0.885686  0.951448  0.392659  0.829965  0.865431  0.879082  0.912239  0.946007  0.792966  0.840272  0.867459  0.875714  0.844503  0.926823 0.0  0.358471  0.836975  0.959935  0.428925  0.921123  0.988394  0.931153  0.959141  0.926414  0.752206  0.738335  0.753997 
18  0.882808  0.417965  0.883922  0.781637  0.829780  0.480701  0.819142  0.647873  0.797808  0.992704  0.917440  0.889483  0.758108  0.814418  0.738700  0.792955  0.985015  0.358471 0.0  0.883332  0.924811  0.398233  0.870405  0.920131  0.892360  0.907059  0.911897  0.948509  0.949313  0.670506 
19  0.925256  0.604444  0.809712  0.871725  0.806535  0.829203  0.822907  0.754976  0.756720  0.742971  0.783863  0.780236  0.851530  0.814242  0.886579  0.748347  0.754985  0.836975  0.883332 0.0  0.782857  0.843957  0.730317  0.813547  0.857576  0.676857  0.830554  0.805488  0.796124  0.704629 
20  0.467046  0.836753  0.819108  0.834924  0.485011  0.933852  0.934547  0.819230  0.493655  0.797918  0.597324  0.735329  0.427048  0.520839  0.810141  0.409342  0.707276  0.959935  0.924811  0.782857 0.0  0.859359  0.854030  0.885092  0.465577  0.600574  0.874873  0.502670  0.381922  0.615701 
21  0.932566  0.354977  0.812326  0.747817  0.897610  0.316544  0.891979  0.769634  0.899544  0.956226  1.000000  0.846177  0.713551  0.940785  0.849922  0.923842  0.896961  0.428925  0.398233  0.843957  0.859359 0.0  0.850146  0.908888  0.941722  0.883420  0.844493  0.864545  0.843353  0.622628 
22  0.962514  0.882320  0.886176  0.769736  0.910585  0.945679  0.932506  0.881640  0.886799  0.929242  0.884928  0.787025  0.958976  0.893532  0.598103  0.850107  0.929628  0.921123  0.870405  0.730317  0.854030  0.850146 0.0  0.908610  0.896464  0.801597  0.813521  0.861711  0.900957  0.673134 
23  0.978364  0.714188  0.804509  0.391736  0.807440  0.837530  0.928754  0.887524  0.940099  0.694493  0.847593  0.572785  0.901021  0.824262  0.919983  0.896323  0.847005  0.988394  0.920131  0.813547  0.885092  0.908888  0.908610 0.0  0.780131  0.823332  0.695829  0.850774  0.852690  0.776396 
24  0.545535  0.798305  0.843164  0.967971  0.405389  0.862987  0.786762  0.689370  0.471009  0.727597  0.404626  0.887985  0.510510  0.465240  0.929364  0.364434  0.707094  0.931153  0.892360  0.857576  0.465577  0.941722  0.896464  0.780131 0.0  0.722099  0.863742  0.564525  0.417098  0.692692 
25  0.644229  0.814361  0.851012  0.763262  0.675950  0.878559  0.781089  0.757381  0.701673  0.375255  0.678832  0.850391  0.695258  0.579244  0.852694  0.752562  0.548750  0.959141  0.907059  0.676857  0.600574  0.883420  0.801597  0.823332  0.722099 0.0  0.908973  0.627431  0.603861  0.731133 
26  0.846518  0.860905  0.774769  0.594122  0.861671  0.771087  0.789276  0.836115  0.833784  0.881887  0.810493  0.591980  0.880513  0.882256  0.619832  0.819555  0.773065  0.926414  0.911897  0.830554  0.874873  0.844493  0.813521  0.695829  0.863742  0.908973 0.0  0.768817  0.889018  0.520621 
27  0.664745  0.864247  0.951410  0.813668  0.427712  0.944367  0.718510  0.729125  0.576012  0.628438  0.620171  0.889452  0.507831  0.614296  0.878429  0.519745  0.644649  0.752206  0.948509  0.805488  0.502670  0.864545  0.861711  0.850774  0.564525  0.627431  0.768817 0.0  0.438618  0.682515 
28  0.356363  0.798484  0.852111  0.882375  0.505983  0.914995  0.795342  0.777536  0.372090  0.564388  0.460454  0.841106  0.456318  0.417799  0.739644  0.357977  0.579564  0.738335  0.949313  0.796124  0.381922  0.843353  0.900957  0.852690  0.417098  0.603861  0.889018  0.438618 0.0  0.812734 
29  0.752217  0.675916  0.680690  0.722425  0.708972  0.575009  0.889634  0.681466  0.654439  0.700484  0.672822  0.693361  0.722193  0.700628  0.650226  0.761365  0.563448  0.753997  0.670506  0.704629  0.615701  0.622628  0.673134  0.776396  0.692692  0.731133  0.520621  0.682515  0.812734 0.0 
