30
0 0.0  0.794802  0.571152  0.849245  0.720940  0.712853  0.859911  0.816418  0.817082  0.867722  0.568533  0.814596  0.797518  0.860275  0.779464  0.787198  0.830107  0.872602  0.859839  0.862786  0.735310  0.814698  0.921432  0.799557  0.817345  0.795267  0.566527  0.787633  0.793602  0.847492 
1  0.794802 0.0  0.706617  0.770240  0.673178  0.496959  0.501451  0.481376  0.690715  0.858349  0.782779  0.504723  0.568989  0.787217  0.362053  0.815843  0.759989  0.870041  0.535158  0.556672  0.774504  0.439101  0.467285  0.831110  0.489958  0.731554  0.756847  0.788270  0.870099  0.366844 
2  0.571152  0.706617 0.0  0.828495  0.674631  0.815724  0.876112  0.861617  0.949187  0.781199  0.833479  0.763898  0.742682  0.840105  0.848532  0.776254  0.834792  0.835595  0.906310  0.737218  0.764324  0.872428  0.957431  0.750618  0.842399  0.855793  0.831131  0.826679  0.799879  0.866798 
3  0.849245  0.770240  0.828495 0.0  0.664106  0.911147  0.842505  0.789110  0.840608  0.498334  0.761616  0.841679  0.821637  0.837704  0.833541  0.308276  0.801155  0.739160  0.820317  0.823291  0.787007  0.811149  0.778840  0.879420  0.762797  0.850823  0.868690  0.693059  0.815392  0.789174 
4  0.720940  0.673178  0.674631  0.664106 0.0  0.538198  0.636112  0.689103  0.649364  0.647353  0.682697  0.641903  0.575592  0.665306  0.641379  0.498447  0.654787  0.658402  0.642039  0.640140  0.716628  0.701097  0.647493  0.733529  0.604727  0.641638  0.779816  0.675862  0.704958  0.605397 
5  0.712853  0.496959  0.815724  0.911147  0.538198 0.0  0.514407  0.484506  0.533648  0.846746  0.801658  0.433937  0.460413  0.758263  0.514947  0.844643  0.820093  0.690317  0.349079  0.532854  0.862335  0.559615  0.408502  0.874032  0.507336  0.657779  0.839378  0.849350  0.795461  0.357118 
6  0.859911  0.501451  0.876112  0.842505  0.636112  0.514407 0.0  0.610894  0.597786  0.809196  0.903067  0.528342  0.490075  0.869709  0.447982  0.784194  0.688359  0.917710  0.366468  0.689334  0.808512  0.440162  0.500395  0.839713  0.372566  0.737502  0.872878  0.772915  0.827878  0.438031 
7  0.816418  0.481376  0.861617  0.789110  0.689103  0.484506  0.610894 0.0  0.769160  0.850894  0.856106  0.487123  0.456112  0.758400  0.570687  0.758507  1.000000  0.921749  0.521390  0.667152  0.823741  0.363208  0.365110  0.916135  0.468426  0.723574  0.838333  0.959816  0.743546  0.506322 
8  0.817082  0.690715  0.949187  0.840608  0.649364  0.533648  0.597786  0.769160 0.0  0.705350  0.787909  0.548945  0.723148  0.876983  0.550808  0.839879  0.953349  0.991588  0.684364  0.545897  0.829624  0.649619  0.673698  0.874450  0.579681  0.492039  0.713460  0.899253  0.885541  0.525177 
9  0.867722  0.858349  0.781199  0.498334  0.647353  0.846746  0.809196  0.850894  0.705350 0.0  0.849537  0.818346  0.750588  0.776624  0.751918  0.508284  0.842776  0.806060  0.749175  0.861592  0.830581  0.762481  0.812292  0.711366  0.846313  0.732502  0.792121  0.807485  0.843160  0.747258 
10  0.568533  0.782779  0.833479  0.761616  0.682697  0.801658  0.903067  0.856106  0.787909  0.849537 0.0  0.872975  0.926651  0.800977  0.804868  0.887085  0.797254  0.824605  0.757809  0.900306  0.798405  0.762900  0.832857  0.750795  0.798855  0.845526  0.438828  0.739315  0.553880  0.871926 
11  0.814596  0.504723  0.763898  0.841679  0.641903  0.433937  0.528342  0.487123  0.548945  0.818346  0.872975 0.0  0.361210  0.845513  0.472740  0.779072  0.841287  0.989121  0.468792  0.655789  0.782173  0.389832  0.586493  0.922032  0.431765  0.630512  0.760616  0.940262  0.792997  0.377459 
12  0.797518  0.568989  0.742682  0.821637  0.575592  0.460413  0.490075  0.456112  0.723148  0.750588  0.926651  0.361210 0.0  0.853712  0.416153  0.824773  0.862484  0.905443  0.630476  0.613479  0.787340  0.498502  0.486644  0.823754  0.512830  0.686393  0.847772  0.826268  0.840296  0.412542 
13  0.860275  0.787217  0.840105  0.837704  0.665306  0.758263  0.869709  0.758400  0.876983  0.776624  0.800977  0.845513  0.853712 0.0  0.843852  0.802763  0.520325  0.502098  0.845423  0.761787  0.781005  0.900795  0.866924  0.405942  0.856543  0.797885  0.846531  0.341513  0.876294  0.851497 
14  0.779464  0.362053  0.848532  0.833541  0.641379  0.514947  0.447982  0.570687  0.550808  0.751918  0.804868  0.472740  0.416153  0.843852 0.0  0.920574  0.900354  0.921225  0.489364  0.526457  0.724719  0.517923  0.483244  0.839965  0.494056  0.661240  0.748432  0.769421  0.731777  0.310920 
15  0.787198  0.815843  0.776254  0.308276  0.498447  0.844643  0.784194  0.758507  0.839879  0.508284  0.887085  0.779072  0.824773  0.802763  0.920574 0.0  0.872195  0.873153  0.963804  0.802036  0.869167  0.937261  0.816163  0.760696  0.806911  0.654070  0.876221  0.872981  0.836920  0.803900 
16  0.830107  0.759989  0.834792  0.801155  0.654787  0.820093  0.688359  1.000000  0.953349  0.842776  0.797254  0.841287  0.862484  0.520325  0.900354  0.872195 0.0  0.552871  0.958568  0.833905  0.742743  0.873166  0.790389  0.510665  0.770859  0.888643  0.806180  0.616561  0.829472  0.715539 
17  0.872602  0.870041  0.835595  0.739160  0.658402  0.690317  0.917710  0.921749  0.991588  0.806060  0.824605  0.989121  0.905443  0.502098  0.921225  0.873153  0.552871 0.0  0.767394  0.874054  0.792121  0.879154  0.839182  0.494491  0.930691  0.949207  0.819845  0.284398  0.845650  0.848939 
18  0.859839  0.535158  0.906310  0.820317  0.642039  0.349079  0.366468  0.521390  0.684364  0.749175  0.757809  0.468792  0.630476  0.845423  0.489364  0.963804  0.958568  0.767394 0.0  0.713390  0.729500  0.515650  0.530589  0.874082  0.387397  0.620165  0.851677  0.799226  0.918518  0.475372 
19  0.862786  0.556672  0.737218  0.823291  0.640140  0.532854  0.689334  0.667152  0.545897  0.861592  0.900306  0.655789  0.613479  0.761787  0.526457  0.802036  0.833905  0.874054  0.713390 0.0  0.760552  0.650569  0.601051  0.817026  0.688971  0.465612  0.737024  0.918982  0.725484  0.577404 
20  0.735310  0.774504  0.764324  0.787007  0.716628  0.862335  0.808512  0.823741  0.829624  0.830581  0.798405  0.782173  0.787340  0.781005  0.724719  0.869167  0.742743  0.792121  0.729500  0.760552 0.0  0.782396  0.802701  0.798641  0.791662  0.768351  0.847490  0.849813  0.692087  0.737041 
21  0.814698  0.439101  0.872428  0.811149  0.701097  0.559615  0.440162  0.363208  0.649619  0.762481  0.762900  0.389832  0.498502  0.900795  0.517923  0.937261  0.873166  0.879154  0.515650  0.650569  0.782396 0.0  0.487472  0.834648  0.387276  0.581961  0.869951  0.873095  0.894766  0.353798 
22  0.921432  0.467285  0.957431  0.778840  0.647493  0.408502  0.500395  0.365110  0.673698  0.812292  0.832857  0.586493  0.486644  0.866924  0.483244  0.816163  0.790389  0.839182  0.530589  0.601051  0.802701  0.487472 0.0  0.801596  0.538163  0.672015  0.802728  0.932616  0.768572  0.383998 
23  0.799557  0.831110  0.750618  0.879420  0.733529  0.874032  0.839713  0.916135  0.874450  0.711366  0.750795  0.922032  0.823754  0.405942  0.839965  0.760696  0.510665  0.494491  0.874082  0.817026  0.798641  0.834648  0.801596 0.0  0.998309  0.834134  0.834031  0.343693  0.759680  0.808553 
24  0.817345  0.489958  0.842399  0.762797  0.604727  0.507336  0.372566  0.468426  0.579681  0.846313  0.798855  0.431765  0.512830  0.856543  0.494056  0.806911  0.770859  0.930691  0.387397  0.688971  0.791662  0.387276  0.538163  0.998309 0.0  0.635450  0.751647  0.943769  0.753385  0.331691 
25  0.795267  0.731554  0.855793  0.850823  0.641638  0.657779  0.737502  0.723574  0.492039  0.732502  0.845526  0.630512  0.686393  0.797885  0.661240  0.654070  0.888643  0.949207  0.620165  0.465612  0.768351  0.581961  0.672015  0.834134  0.635450 0.0  0.769961  0.804879  0.742643  0.555773 
26  0.566527  0.756847  0.831131  0.868690  0.779816  0.839378  0.872878  0.838333  0.713460  0.792121  0.438828  0.760616  0.847772  0.846531  0.748432  0.876221  0.806180  0.819845  0.851677  0.737024  0.847490  0.869951  0.802728  0.834031  0.751647  0.769961 0.0  0.863194  0.524982  0.770511 
27  0.787633  0.788270  0.826679  0.693059  0.675862  0.849350  0.772915  0.959816  0.899253  0.807485  0.739315  0.940262  0.826268  0.341513  0.769421  0.872981  0.616561  0.284398  0.799226  0.918982  0.849813  0.873095  0.932616  0.343693  0.943769  0.804879  0.863194 0.0  0.862865  0.867176 
28  0.793602  0.870099  0.799879  0.815392  0.704958  0.795461  0.827878  0.743546  0.885541  0.843160  0.553880  0.792997  0.840296  0.876294  0.731777  0.836920  0.829472  0.845650  0.918518  0.725484  0.692087  0.894766  0.768572  0.759680  0.753385  0.742643  0.524982  0.862865 0.0  0.796551 
29  0.847492  0.366844  0.866798  0.789174  0.605397  0.357118  0.438031  0.506322  0.525177  0.747258  0.871926  0.377459  0.412542  0.851497  0.310920  0.803900  0.715539  0.848939  0.475372  0.577404  0.737041  0.353798  0.383998  0.808553  0.331691  0.555773  0.770511  0.867176  0.796551 0.0 
