30
0 0.0  0.684328  0.628380  0.710832  0.613109  0.694788  0.666414  0.863839  0.691426  0.605600  0.696727  0.617195  0.708305  0.685482  0.683132  0.764134  0.684139  0.658254  0.621923  0.620857  0.634399  0.702189  0.638399  0.640493  0.665242  0.582343  0.621046  0.718342  0.636933  0.777960 
1  0.684328 0.0  0.384566  0.801286  0.937558  0.950897  0.879389  0.767575  0.774574  0.754949  0.807220  0.811036  0.862761  0.606179  0.957119  0.835458  0.781244  0.888363  0.874158  0.943838  0.764210  0.777789  0.868827  0.903803  0.918483  0.762163  0.774967  0.827773  0.778792  0.770280 
2  0.628380  0.384566 0.0  0.912191  1.000000  0.787852  0.811825  0.797767  0.779961  0.789883  0.874021  0.927057  0.799858  0.550941  0.853610  0.831305  0.938586  0.951295  0.806221  0.946272  0.780422  0.889762  0.841447  0.910014  0.808928  0.923707  0.746419  0.837406  0.899013  0.740282 
3  0.710832  0.801286  0.912191 0.0  0.800223  0.779544  0.840632  0.797320  0.898326  0.856680  0.806288  0.967692  0.872507  0.932802  0.856871  0.945729  0.761951  0.855769  0.787097  0.873586  0.832508  0.586422  0.835993  0.803190  0.793951  0.743153  0.782545  0.811514  0.849845  0.861511 
4  0.613109  0.937558  1.000000  0.800223 0.0  0.755719  0.889436  0.698623  0.901782  0.681188  0.884053  0.415652  0.399136  0.806718  0.694298  0.838995  0.545455  0.466425  0.392254  0.479935  0.936467  0.828980  0.418164  0.567269  0.778672  0.384784  0.719442  0.584879  0.587759  0.765145 
5  0.694788  0.950897  0.787852  0.779544  0.755719 0.0  0.664481  0.769559  0.538238  0.762454  0.953985  0.975716  0.852949  0.847696  0.653034  0.324483  0.805107  0.855449  0.672407  0.876570  0.878658  0.731745  0.787829  0.873357  0.805118  0.828718  0.706360  0.847631  0.952983  0.876936 
6  0.666414  0.879389  0.811825  0.840632  0.889436  0.664481 0.0  0.898500  0.527906  0.796094  0.771133  0.817413  0.779619  0.636272  0.780507  0.530325  0.780451  0.765247  0.847512  0.880123  0.758638  0.817949  0.752447  0.811445  0.767315  0.875636  0.956676  0.853420  0.847120  0.761703 
7  0.863839  0.767575  0.797767  0.797320  0.698623  0.769559  0.898500 0.0  0.915716  0.795728  0.546296  0.797136  0.802876  0.716697  0.759706  0.827192  0.769176  0.748164  0.811645  0.835025  0.388365  0.896733  0.858267  0.809434  0.275256  0.744777  0.792808  0.946947  0.781812  0.440160 
8  0.691426  0.774574  0.779961  0.898326  0.901782  0.538238  0.527906  0.915716 0.0  0.720439  0.802928  0.805870  0.812104  0.686383  0.842436  0.691032  0.799023  0.791191  0.913756  0.932623  0.749935  0.937195  0.726465  0.774185  0.921785  0.814347  0.763071  0.771419  0.829384  0.947753 
9  0.605600  0.754949  0.789883  0.856680  0.681188  0.762454  0.796094  0.795728  0.720439 0.0  0.770370  0.764436  0.789084  0.761002  0.714214  0.747797  0.651993  0.785126  0.888267  0.768367  0.844716  0.764422  0.748221  0.779987  0.730964  0.768348  0.782073  0.885538  0.624451  0.720965 
10  0.696727  0.807220  0.874021  0.806288  0.884053  0.953985  0.771133  0.546296  0.802928  0.770370 0.0  0.953702  0.846749  0.808708  0.877709  0.824224  0.967259  0.802406  0.848758  0.875361  0.412885  0.849297  0.882335  0.909241  0.385266  0.854310  0.830352  0.745961  0.919862  0.366843 
11  0.617195  0.811036  0.927057  0.967692  0.415652  0.975716  0.817413  0.797136  0.805870  0.764436  0.953702 0.0  0.508222  0.717388  0.722652  0.816575  0.321388  0.562527  0.482292  0.483413  0.818316  0.837958  0.539169  0.374718  0.757005  0.576908  0.864421  0.371464  0.491158  0.829311 
12  0.708305  0.862761  0.799858  0.872507  0.399136  0.852949  0.779619  0.802876  0.812104  0.789084  0.846749  0.508222 0.0  0.895327  0.604162  0.841787  0.418812  0.409372  0.396280  0.383085  0.821212  0.789363  0.445439  0.399050  0.822402  0.396364  0.724860  0.434614  0.453922  0.817755 
13  0.685482  0.606179  0.550941  0.932802  0.806718  0.847696  0.636272  0.716697  0.686383  0.761002  0.808708  0.717388  0.895327 0.0  0.899389  0.832259  0.806599  0.883213  0.820559  0.788389  0.790703  0.927181  0.793298  0.820507  0.831766  0.811777  0.859079  0.896015  0.805831  0.880495 
14  0.683132  0.957119  0.853610  0.856871  0.694298  0.653034  0.780507  0.759706  0.842436  0.714214  0.877709  0.722652  0.604162  0.899389 0.0  0.679044  0.662637  0.675602  0.627639  0.679633  0.808309  0.944516  0.643639  0.576433  0.941503  0.669637  0.772823  0.718307  0.704683  0.851999 
15  0.764134  0.835458  0.831305  0.945729  0.838995  0.324483  0.530325  0.827192  0.691032  0.747797  0.824224  0.816575  0.841787  0.832259  0.679044 0.0  0.849754  0.846747  0.879311  0.830080  0.908270  0.820370  0.752584  0.890647  0.826865  0.808296  0.728300  0.891926  0.841449  0.849618 
16  0.684139  0.781244  0.938586  0.761951  0.545455  0.805107  0.780451  0.769176  0.799023  0.651993  0.967259  0.321388  0.418812  0.806599  0.662637  0.849754 0.0  0.517246  0.375344  0.489683  0.855448  0.867598  0.506762  0.420500  0.797618  0.623662  0.872402  0.474754  0.539919  0.769329 
17  0.658254  0.888363  0.951295  0.855769  0.466425  0.855449  0.765247  0.748164  0.791191  0.785126  0.802406  0.562527  0.409372  0.883213  0.675602  0.846747  0.517246 0.0  0.453229  0.576258  0.778768  0.866239  0.407928  0.546263  0.733118  0.535975  0.812462  0.403870  0.501571  0.830043 
18  0.621923  0.874158  0.806221  0.787097  0.392254  0.672407  0.847512  0.811645  0.913756  0.888267  0.848758  0.482292  0.396280  0.820559  0.627639  0.879311  0.375344  0.453229 0.0  0.447678  0.850364  0.750674  0.457664  0.512410  0.798071  0.456740  0.799538  0.441412  0.562405  0.829532 
19  0.620857  0.943838  0.946272  0.873586  0.479935  0.876570  0.880123  0.835025  0.932623  0.768367  0.875361  0.483413  0.383085  0.788389  0.679633  0.830080  0.489683  0.576258  0.447678 0.0  0.967824  0.852621  0.521635  0.640814  0.841769  0.495773  0.752330  0.324749  0.492979  0.785738 
20  0.634399  0.764210  0.780422  0.832508  0.936467  0.878658  0.758638  0.388365  0.749935  0.844716  0.412885  0.818316  0.821212  0.790703  0.808309  0.908270  0.855448  0.778768  0.850364  0.967824 0.0  0.789398  0.822115  0.770686  0.286244  0.839810  0.772426  0.787180  0.895334  0.407498 
21  0.702189  0.777789  0.889762  0.586422  0.828980  0.731745  0.817949  0.896733  0.937195  0.764422  0.849297  0.837958  0.789363  0.927181  0.944516  0.820370  0.867598  0.866239  0.750674  0.852621  0.789398 0.0  0.879072  0.774274  0.904754  0.900007  0.766756  0.920278  0.819338  0.813138 
22  0.638399  0.868827  0.841447  0.835993  0.418164  0.787829  0.752447  0.858267  0.726465  0.748221  0.882335  0.539169  0.445439  0.793298  0.643639  0.752584  0.506762  0.407928  0.457664  0.521635  0.822115  0.879072 0.0  0.499656  0.916586  0.413870  0.766478  0.590525  0.528562  0.744072 
23  0.640493  0.903803  0.910014  0.803190  0.567269  0.873357  0.811445  0.809434  0.774185  0.779987  0.909241  0.374718  0.399050  0.820507  0.576433  0.890647  0.420500  0.546263  0.512410  0.640814  0.770686  0.774274  0.499656 0.0  0.851131  0.549427  0.641895  0.426895  0.528073  0.901013 
24  0.665242  0.918483  0.808928  0.793951  0.778672  0.805118  0.767315  0.275256  0.921785  0.730964  0.385266  0.757005  0.822402  0.831766  0.941503  0.826865  0.797618  0.733118  0.798071  0.841769  0.286244  0.904754  0.916586  0.851131 0.0  0.939931  0.754953  0.862665  0.805248  0.442669 
25  0.582343  0.762163  0.923707  0.743153  0.384784  0.828718  0.875636  0.744777  0.814347  0.768348  0.854310  0.576908  0.396364  0.811777  0.669637  0.808296  0.623662  0.535975  0.456740  0.495773  0.839810  0.900007  0.413870  0.549427  0.939931 0.0  0.803849  0.481020  0.525765  0.868300 
26  0.621046  0.774967  0.746419  0.782545  0.719442  0.706360  0.956676  0.792808  0.763071  0.782073  0.830352  0.864421  0.724860  0.859079  0.772823  0.728300  0.872402  0.812462  0.799538  0.752330  0.772426  0.766756  0.766478  0.641895  0.754953  0.803849 0.0  0.769338  0.755377  0.743641 
27  0.718342  0.827773  0.837406  0.811514  0.584879  0.847631  0.853420  0.946947  0.771419  0.885538  0.745961  0.371464  0.434614  0.896015  0.718307  0.891926  0.474754  0.403870  0.441412  0.324749  0.787180  0.920278  0.590525  0.426895  0.862665  0.481020  0.769338 0.0  0.512063  0.823139 
28  0.636933  0.778792  0.899013  0.849845  0.587759  0.952983  0.847120  0.781812  0.829384  0.624451  0.919862  0.491158  0.453922  0.805831  0.704683  0.841449  0.539919  0.501571  0.562405  0.492979  0.895334  0.819338  0.528562  0.528073  0.805248  0.525765  0.755377  0.512063 0.0  0.781166 
29  0.777960  0.770280  0.740282  0.861511  0.765145  0.876936  0.761703  0.440160  0.947753  0.720965  0.366843  0.829311  0.817755  0.880495  0.851999  0.849618  0.769329  0.830043  0.829532  0.785738  0.407498  0.813138  0.744072  0.901013  0.442669  0.868300  0.743641  0.823139  0.781166 0.0 
