99
0 0.0  0.190060  0.601928  0.490249  0.764186  0.509646  0.593041  0.445938  0.712041  0.711007  0.565149  0.756133  0.633562  0.612210  0.585837  0.075838  0.711293  0.612164  0.649722  0.238320  0.377734  0.654042  0.692201  0.736183  0.653996  0.642080  0.679411  0.878240  0.590160  0.719433  0.799350  0.679187  0.753288  0.743913  0.447804  0.541292  0.665175  0.711246  0.672692  0.733767  0.454040  0.441217  0.752933  0.737590  0.793065  0.506369  0.526435  0.646250  0.809610  0.438753  0.794118  0.610904  0.744067  0.726256  0.898391  0.760651  0.531484  0.768214  0.634352  0.487804  0.759128  0.696368  0.684271  0.740256  0.785677  0.283575  0.682573  0.658870  0.641625  0.737799  0.485124  0.710148  0.344201  0.720339  0.828056  0.421114  0.378294  0.741362  0.514154  0.675935  0.706821  0.593852  0.594874  0.728797  0.599778  0.386333  0.659913  0.650915  0.260755  0.649725  0.720461  0.757655  0.652743  0.710337  0.500727  0.678036  0.479323  0.682645  0.877418 
1  0.190060 0.0  0.608375  0.501512  0.703858  0.554611  0.550190  0.536568  0.756462  0.741742  0.626305  0.692700  0.725772  0.623248  0.458679  0.137023  0.663601  0.706022  0.501277  0.228275  0.391294  0.665374  0.680148  0.826052  0.571763  0.645281  0.724275  0.860033  0.463022  0.754481  0.838091  0.780479  0.749150  0.643011  0.500460  0.622511  0.796686  0.804286  0.768099  0.783111  0.477171  0.490752  0.752020  0.685081  0.897695  0.538901  0.649184  0.564446  0.875237  0.436178  0.953790  0.576863  0.731291  0.737116  0.869869  0.598176  0.487401  0.648261  0.696444  0.654830  0.686326  0.751724  0.738432  0.600479  0.853385  0.274310  0.723003  0.720538  0.602032  0.790647  0.421518  0.611170  0.464946  0.758761  0.682525  0.516133  0.443932  0.673952  0.458126  0.703535  0.699847  0.666031  0.494820  0.696913  0.756355  0.418120  0.655947  0.670317  0.266595  0.805253  0.734165  0.708052  0.593465  0.743101  0.522778  0.673852  0.421517  0.677103  0.858139 
2  0.601928  0.608375 0.0  0.484766  0.222781  0.435222  0.481754  0.534697  0.247603  0.235148  0.229777  0.184044  0.256925  0.148260  0.436462  0.690807  0.223240  0.315087  0.285179  0.670717  0.282136  0.222081  0.367488  0.304927  0.283197  0.354460  0.364884  0.178435  0.334356  0.290659  0.286285  0.222664  0.295002  0.229307  0.671910  0.225722  0.287985  0.285480  0.287924  0.207837  0.288730  0.477865  0.107716  0.204815  0.277386  0.223945  0.290852  0.534768  0.343010  0.722177  0.222172  0.176215  0.247773  0.252161  0.310394  0.230422  0.381429  0.231111  0.184714  0.120216  0.338508  0.406627  0.493926  0.342837  0.237001  0.377042  0.291193  0.330192  0.396609  0.260252  0.259972  0.176145  0.743075  0.216917  0.265316  0.391846  0.207296  0.290967  0.115355  0.253452  0.298917  0.184331  0.290741  0.342074  0.267526  0.471482  0.225885  0.272903  0.529626  0.253434  0.172119  0.266806  0.234607  0.336684  0.400031  0.655880  0.292187  0.295249  0.284521 
3  0.490249  0.501512  0.484766 0.0  0.494026  0.522604  0.374475  0.306998  0.459601  0.228225  0.460848  0.459955  0.309086  0.490242  0.521275  0.613076  0.536699  0.414817  0.590012  0.455601  0.502372  0.294789  0.512425  0.466864  0.496188  0.548493  0.577494  0.208308  0.530339  0.251859  0.316612  0.575946  0.287519  0.512893  0.614859  0.638032  0.512143  0.424418  0.522187  0.539984  0.573593  0.377069  0.428651  0.271187  0.288829  0.584289  0.527898  0.483214  0.328417  0.307859  0.253980  0.522999  0.512385  0.627064  0.344877  0.498328  0.642368  0.569418  0.413750  0.584424  0.627619  0.445408  0.308619  0.548409  0.296876  0.553607  0.515622  0.593958  0.188270  0.614545  0.543869  0.348289  0.271435  0.543375  0.323130  0.550343  0.518735  0.359495  0.520418  0.427846  0.388676  0.392757  0.550146  0.304530  0.266713  0.461301  0.525269  0.481949  0.708944  0.667099  0.506915  0.525739  0.454356  0.434567  0.540849  0.580081  0.502249  0.427521  0.249204 
4  0.764186  0.703858  0.222781  0.494026 0.0  0.377137  0.630749  0.440771  0.256737  0.227419  0.263352  0.323205  0.362472  0.379995  0.339471  0.759260  0.266435  0.268037  0.348309  0.724515  0.443717  0.273148  0.044219  0.235485  0.279593  0.199095  0.100291  0.320122  0.444699  0.463165  0.316841  0.239386  0.303829  0.160436  0.752626  0.395819  0.205945  0.344047  0.185630  0.224013  0.308171  0.472734  0.336770  0.364888  0.276459  0.470739  0.300821  0.347315  0.405552  0.723303  0.398370  0.236094  0.182533  0.152826  0.317831  0.288498  0.254835  0.218055  0.287993  0.385174  0.250358  0.092068  0.511575  0.292315  0.472185  0.462960  0.224998  0.031174  0.427774  0.151575  0.442051  0.318285  0.653498  0.186373  0.290777  0.488666  0.299314  0.404845  0.511982  0.323708  0.112109  0.243336  0.432702  0.368244  0.271898  0.437392  0.170311  0.219821  0.456815  0.160820  0.253769  0.193081  0.284093  0.173148  0.334597  0.365974  0.481556  0.216144  0.315529 
5  0.509646  0.554611  0.435222  0.522604  0.377137 0.0  0.498989  0.477197  0.405171  0.528586  0.489982  0.575371  0.593848  0.603027  0.314842  0.525817  0.412651  0.385338  0.632211  0.418699  0.571386  0.529145  0.354059  0.361772  0.430412  0.531511  0.283621  0.496321  0.574279  0.585531  0.486084  0.368106  0.525433  0.416688  0.638784  0.547754  0.382573  0.550310  0.373748  0.349024  0.562742  0.449906  0.540725  0.600596  0.560582  0.573440  0.389885  0.405303  0.512406  0.563700  0.540180  0.337440  0.333107  0.426183  0.536681  0.359795  0.199003  0.439102  0.485447  0.648410  0.474553  0.272751  0.463477  0.442242  0.530509  0.628682  0.325969  0.236571  0.466428  0.424155  0.616607  0.480048  0.519072  0.399002  0.524918  0.439305  0.546233  0.510958  0.696005  0.435946  0.542589  0.509254  0.481397  0.577109  0.551034  0.397328  0.455525  0.462206  0.486608  0.361668  0.398232  0.295854  0.540026  0.464085  0.357346  0.281003  0.676555  0.330002  0.489680 
6  0.593041  0.550190  0.481754  0.374475  0.630749  0.498989 0.0  0.471594  0.564276  0.344326  0.490453  0.336604  0.210911  0.474070  0.548796  0.541160  0.649387  0.472291  0.637653  0.486685  0.604859  0.361337  0.533336  0.624956  0.432411  0.585900  0.511429  0.400304  0.481053  0.363378  0.368921  0.467652  0.252368  0.473688  0.506664  0.574414  0.542190  0.363953  0.575790  0.556595  0.588709  0.336373  0.378004  0.316731  0.386760  0.575472  0.621381  0.617827  0.309751  0.271945  0.333052  0.439111  0.599805  0.482010  0.280452  0.610624  0.700817  0.605409  0.255333  0.514472  0.492296  0.586596  0.331645  0.529769  0.282621  0.595015  0.539148  0.544198  0.302928  0.543732  0.609261  0.303412  0.408458  0.596265  0.205256  0.413498  0.566527  0.322213  0.528811  0.394546  0.636108  0.550148  0.583251  0.301520  0.387519  0.399511  0.509206  0.428289  0.612776  0.646609  0.595659  0.495072  0.487900  0.500798  0.589854  0.567904  0.543453  0.636189  0.296986 
7  0.445938  0.536568  0.534697  0.306998  0.440771  0.477197  0.471594 0.0  0.509211  0.477097  0.403057  0.440014  0.293372  0.313541  0.489674  0.467266  0.450100  0.339246  0.347658  0.548303  0.480761  0.365941  0.377644  0.455959  0.542102  0.387469  0.556307  0.466282  0.400985  0.532490  0.407922  0.526736  0.409130  0.483257  0.437881  0.531768  0.467720  0.475037  0.500718  0.400506  0.375276  0.501458  0.430752  0.509080  0.405351  0.554482  0.495860  0.409010  0.573872  0.436662  0.417311  0.441408  0.350061  0.488111  0.467489  0.458922  0.498032  0.323690  0.459141  0.466224  0.545676  0.427137  0.338419  0.382003  0.497059  0.434631  0.543760  0.505026  0.452335  0.510121  0.502689  0.466290  0.524128  0.426865  0.508129  0.417724  0.544037  0.410061  0.484295  0.335024  0.452577  0.489405  0.505511  0.345682  0.388550  0.555475  0.422109  0.377652  0.444819  0.387500  0.531107  0.471556  0.455243  0.417078  0.436325  0.400766  0.462782  0.430058  0.439599 
8  0.712041  0.756462  0.247603  0.459601  0.256737  0.405171  0.564276  0.509211 0.0  0.304945  0.300613  0.384712  0.371232  0.250971  0.428115  0.646843  0.251250  0.187967  0.322869  0.651086  0.396546  0.294954  0.231170  0.162499  0.229608  0.182207  0.000000  0.358240  0.492003  0.394170  0.297800  0.221767  0.312159  0.209237  0.746139  0.307933  0.140977  0.421097  0.186822  0.250178  0.185818  0.562232  0.344550  0.302767  0.264104  0.473726  0.329696  0.360518  0.380705  0.706149  0.328321  0.352252  0.186214  0.101518  0.370876  0.141923  0.317246  0.249028  0.213410  0.384017  0.440237  0.177401  0.511564  0.247742  0.286872  0.583655  0.140619  0.034882  0.560599  0.181622  0.465238  0.352238  0.692364  0.112833  0.343638  0.450055  0.338208  0.445337  0.433360  0.325524  0.180294  0.239883  0.271596  0.363641  0.350994  0.389053  0.302876  0.239878  0.676249  0.209079  0.135842  0.163440  0.410210  0.150016  0.307814  0.485314  0.471133  0.124577  0.386081 
9  0.711007  0.741742  0.235148  0.228225  0.227419  0.528586  0.344326  0.477097  0.304945 0.0  0.212459  0.033161  0.132792  0.499181  0.566946  0.809798  0.329440  0.330595  0.240927  0.764150  0.322972  0.124127  0.297367  0.435017  0.295182  0.436730  0.323787  0.058167  0.404552  0.264296  0.164881  0.313039  0.099619  0.299840  0.768206  0.431763  0.374014  0.135986  0.251932  0.299337  0.270146  0.273935  0.061699  0.103921  0.114468  0.309612  0.290788  0.612331  0.093875  0.519330  0.011669  0.361977  0.246988  0.244557  0.150812  0.328146  0.487494  0.285870  0.162382  0.436081  0.297767  0.329060  0.313694  0.371707  0.150778  0.478315  0.315366  0.476135  0.225552  0.358539  0.260016  0.049800  0.453189  0.320707  0.010603  0.453354  0.364052  0.051723  0.400008  0.283888  0.373753  0.311305  0.454940  0.057752  0.051111  0.461207  0.432083  0.297558  0.620525  0.384691  0.309408  0.265192  0.346697  0.299306  0.450012  0.742683  0.358503  0.409600  0.067288 
10  0.565149  0.626305  0.229777  0.460848  0.263352  0.489982  0.490453  0.403057  0.300613  0.212459 0.0  0.277295  0.272701  0.306803  0.478893  0.697311  0.245976  0.259253  0.251393  0.702837  0.260060  0.203813  0.310507  0.344474  0.229805  0.166076  0.193347  0.190442  0.433539  0.290660  0.236036  0.295723  0.411095  0.214756  0.525393  0.202640  0.307031  0.232959  0.223845  0.248984  0.226380  0.382048  0.305472  0.329747  0.211068  0.290940  0.222737  0.478956  0.237425  0.589181  0.170092  0.198895  0.181748  0.138735  0.327308  0.146212  0.456314  0.288768  0.227807  0.295480  0.439351  0.229778  0.482182  0.232201  0.247488  0.460606  0.286724  0.271877  0.340448  0.261007  0.286407  0.304058  0.618417  0.188289  0.275199  0.493045  0.221447  0.216569  0.241913  0.245914  0.327126  0.291684  0.241341  0.171093  0.185850  0.402243  0.255541  0.244146  0.497971  0.193093  0.154997  0.269369  0.186694  0.326272  0.537783  0.581972  0.238188  0.339212  0.258091 
11  0.756133  0.692700  0.184044  0.459955  0.323205  0.575371  0.336604  0.440014  0.384712  0.033161  0.277295 0.0  0.001929  0.351691  0.439658  0.873621  0.379042  0.174866  0.397561  0.673956  0.263522  0.230655  0.320279  0.265094  0.148897  0.226697  0.498274  0.000000  0.470891  0.101343  0.000000  0.337482  0.100968  0.325450  0.753762  0.387297  0.273880  0.110553  0.228325  0.372887  0.481171  0.317423  0.203661  0.050538  0.110652  0.320521  0.371132  0.577812  0.138489  0.401935  0.084793  0.290433  0.332069  0.271143  0.044708  0.335293  0.626801  0.357569  0.229060  0.377750  0.317526  0.249216  0.238211  0.457348  0.174681  0.550850  0.413587  0.407531  0.289549  0.236274  0.301519  0.234928  0.449761  0.309667  0.264899  0.459717  0.277209  0.064415  0.259992  0.144644  0.357257  0.290586  0.358307  0.005384  0.127149  0.430334  0.278577  0.355704  0.539039  0.372980  0.298140  0.365830  0.288865  0.306362  0.446771  0.893456  0.352576  0.319359  0.087991 
12  0.633562  0.725772  0.256925  0.309086  0.362472  0.593848  0.210911  0.293372  0.371232  0.132792  0.272701  0.001929 0.0  0.392662  0.493041  0.762093  0.229890  0.194108  0.302880  0.677489  0.255384  0.009811  0.285398  0.354394  0.217563  0.305539  0.309497  0.093999  0.465743  0.044156  0.045290  0.282218  0.056460  0.354635  0.794309  0.400631  0.324150  0.149284  0.233971  0.357211  0.428813  0.167553  0.140917  0.016291  0.056587  0.369963  0.208783  0.647325  0.152955  0.490749  0.110440  0.284841  0.362571  0.293016  0.063848  0.308425  0.494765  0.276845  0.036168  0.391940  0.208189  0.332378  0.283959  0.433550  0.119720  0.623301  0.377152  0.319967  0.237161  0.392758  0.374946  0.111798  0.331140  0.311233  0.061893  0.353812  0.263082  0.116695  0.275813  0.330647  0.364193  0.134817  0.296224  0.015369  0.053710  0.511255  0.333480  0.267558  0.620711  0.292824  0.384921  0.283718  0.311818  0.262550  0.543266  0.787870  0.361235  0.346221  0.088776 
13  0.612210  0.623248  0.148260  0.490242  0.379995  0.603027  0.474070  0.313541  0.250971  0.499181  0.306803  0.351691  0.392662 0.0  0.605905  0.538740  0.413697  0.268461  0.097515  0.553088  0.235991  0.321350  0.151757  0.279010  0.265968  0.399716  0.338329  0.373517  0.425574  0.382418  0.310197  0.425970  0.348827  0.364309  0.583652  0.075669  0.337840  0.332078  0.317934  0.324462  0.152362  0.635418  0.403735  0.350086  0.460602  0.038311  0.149319  0.470483  0.346440  0.768312  0.400264  0.223109  0.399728  0.400177  0.357364  0.419306  0.588672  0.388686  0.483091  0.000000  0.389771  0.463675  0.501390  0.339368  0.349267  0.358240  0.475486  0.393510  0.552023  0.415000  0.174167  0.344837  0.671689  0.364657  0.385576  0.450162  0.073442  0.422987  0.087963  0.289426  0.381788  0.199960  0.122928  0.315666  0.293228  0.429852  0.368445  0.315794  0.242568  0.413663  0.317725  0.471822  0.116647  0.405419  0.564531  0.720857  0.116176  0.426430  0.414383 
14  0.585837  0.458679  0.436462  0.521275  0.339471  0.314842  0.548796  0.489674  0.428115  0.566946  0.478893  0.439658  0.493041  0.605905 0.0  0.572900  0.300374  0.574484  0.585892  0.450615  0.680661  0.533968  0.444878  0.333872  0.504944  0.399813  0.211407  0.606750  0.563687  0.659564  0.566669  0.385548  0.516573  0.414933  0.486074  0.668040  0.384114  0.559480  0.398586  0.288319  0.476344  0.552542  0.616466  0.489090  0.571140  0.622996  0.473163  0.346581  0.563612  0.501218  0.490859  0.356661  0.314734  0.496968  0.594434  0.445439  0.208605  0.409607  0.474282  0.626664  0.505196  0.467207  0.467436  0.375574  0.693622  0.509819  0.453594  0.334659  0.622696  0.346944  0.524224  0.552853  0.456223  0.478028  0.503108  0.458804  0.532564  0.562675  0.737903  0.473001  0.389445  0.472811  0.609836  0.478141  0.556606  0.403552  0.431388  0.395520  0.595541  0.328033  0.401602  0.464301  0.545281  0.328040  0.354602  0.141218  0.649140  0.365624  0.493082 
15  0.075838  0.137023  0.690807  0.613076  0.759260  0.525817  0.541160  0.467266  0.646843  0.809798  0.697311  0.873621  0.762093  0.538740  0.572900 0.0  0.724072  0.641860  0.422617  0.082654  0.392964  0.833866  0.676897  0.798834  0.660573  0.712264  0.857207  0.560380  0.522301  0.840458  0.805407  0.705849  0.692304  0.700632  0.473282  0.531083  0.684401  0.794138  0.693350  0.753710  0.565145  0.738022  0.764172  0.744055  0.670427  0.518174  0.478150  0.440283  0.821589  0.259858  0.709282  0.686620  0.724909  0.719926  0.730862  0.818500  0.616999  0.618768  0.814419  0.571994  0.872972  0.761040  0.618261  0.730664  0.758910  0.298191  0.789179  0.891216  0.639473  0.753378  0.315900  0.908012  0.397946  0.657140  0.871680  0.359328  0.456772  0.796766  0.439746  0.740126  0.754225  0.636040  0.487550  0.665168  0.698439  0.395936  0.727162  0.722655  0.380143  0.704154  0.807218  0.737700  0.485246  0.879778  0.475759  0.785473  0.492317  0.645835  0.760649 
16  0.711293  0.663601  0.223240  0.536699  0.266435  0.412651  0.649387  0.450100  0.251250  0.329440  0.245976  0.379042  0.229890  0.413697  0.300374  0.724072 0.0  0.241926  0.368905  0.719503  0.528970  0.448926  0.185464  0.210639  0.255237  0.149978  0.146407  0.380722  0.425422  0.313761  0.296603  0.190300  0.342855  0.169965  0.645322  0.347447  0.185232  0.408154  0.159539  0.257386  0.261076  0.469354  0.433850  0.298421  0.291912  0.458772  0.319979  0.366410  0.395914  0.779521  0.398302  0.322228  0.133499  0.296018  0.411977  0.196751  0.323330  0.133226  0.306431  0.374958  0.292293  0.269482  0.511762  0.163958  0.394229  0.562772  0.260582  0.056066  0.478476  0.215836  0.579723  0.267029  0.667786  0.255302  0.234481  0.389839  0.341954  0.313710  0.410330  0.244450  0.228358  0.294055  0.436994  0.427945  0.359705  0.426991  0.103027  0.298847  0.569892  0.167407  0.124487  0.186380  0.384348  0.198164  0.445320  0.369535  0.493544  0.138888  0.350565 
17  0.612164  0.706022  0.315087  0.414817  0.268037  0.385338  0.472291  0.339246  0.187967  0.330595  0.259253  0.174866  0.194108  0.268461  0.574484  0.641860  0.241926 0.0  0.371197  0.545672  0.229038  0.332503  0.290378  0.217734  0.239714  0.278693  0.176003  0.146528  0.382026  0.248357  0.179649  0.395105  0.206009  0.165233  0.626776  0.233867  0.386257  0.218719  0.213978  0.259651  0.250371  0.444225  0.182445  0.268325  0.283218  0.203960  0.259050  0.447141  0.225580  0.669101  0.257485  0.346976  0.186995  0.250847  0.308598  0.130510  0.414192  0.243936  0.263498  0.302726  0.350272  0.280705  0.478694  0.365518  0.248905  0.467271  0.158440  0.345216  0.365832  0.207743  0.271558  0.323815  0.624432  0.328907  0.196097  0.397452  0.357365  0.254117  0.235535  0.195015  0.438619  0.116594  0.164679  0.210557  0.260335  0.485192  0.230998  0.251608  0.394210  0.243993  0.259281  0.228233  0.272013  0.253420  0.428631  0.667174  0.223388  0.280216  0.278035 
18  0.649722  0.501277  0.285179  0.590012  0.348309  0.632211  0.637653  0.347658  0.322869  0.240927  0.251393  0.397561  0.302880  0.097515  0.585892  0.422617  0.368905  0.371197 0.0  0.566503  0.122398  0.196849  0.324184  0.332887  0.197425  0.341529  0.337066  0.452406  0.464382  0.345765  0.441883  0.274979  0.488562  0.256812  0.575520  0.151328  0.320488  0.352363  0.289537  0.329476  0.025440  0.456232  0.358392  0.294588  0.460015  0.008819  0.182312  0.455341  0.381824  0.870368  0.498385  0.270678  0.230862  0.264565  0.419782  0.245958  0.463095  0.363977  0.258776  0.133414  0.371498  0.281336  0.618153  0.398316  0.361936  0.263177  0.343737  0.270919  0.615199  0.341841  0.051463  0.390925  0.819082  0.305253  0.307798  0.405956  0.050108  0.360649  0.089591  0.295179  0.287700  0.241494  0.167761  0.404442  0.267012  0.416075  0.294492  0.283946  0.299240  0.330390  0.209227  0.192599  0.260540  0.373297  0.507444  0.760025  0.053731  0.257441  0.401432 
19  0.238320  0.228275  0.670717  0.455601  0.724515  0.418699  0.486685  0.548303  0.651086  0.764150  0.702837  0.673956  0.677489  0.553088  0.450615  0.082654  0.719503  0.545672  0.566503 0.0  0.476487  0.725683  0.658913  0.793891  0.717243  0.667437  0.696596  0.844700  0.375606  0.763331  1.000000  0.664010  0.856490  0.741078  0.559303  0.506100  0.687514  0.744359  0.701000  0.785398  0.424678  0.609626  0.781427  0.655801  0.848363  0.419474  0.591819  0.480518  0.836956  0.488831  0.854713  0.556057  0.714724  0.588180  0.852627  0.598087  0.532127  0.715218  0.675525  0.513708  0.639711  0.689295  0.529394  0.677544  0.886631  0.323694  0.778167  0.789735  0.682376  0.721712  0.507258  0.634519  0.363901  0.665167  0.645117  0.476441  0.361246  0.781667  0.386803  0.662233  0.726225  0.594891  0.616817  0.684026  0.742227  0.476316  0.694399  0.577422  0.395974  0.770928  0.786261  0.596317  0.656706  0.683536  0.486835  0.744692  0.448910  0.775909  0.901831 
20  0.377734  0.391294  0.282136  0.502372  0.443717  0.571386  0.604859  0.480761  0.396546  0.322972  0.260060  0.263522  0.255384  0.235991  0.680661  0.392964  0.528970  0.229038  0.122398  0.476487 0.0  0.360487  0.425948  0.394150  0.247103  0.385602  0.366091  0.271178  0.400941  0.410368  0.398563  0.469576  0.367352  0.474201  0.398122  0.145206  0.393046  0.345598  0.430208  0.416324  0.166980  0.428370  0.455042  0.257608  0.366169  0.224629  0.062062  0.628593  0.308726  0.691365  0.347831  0.304737  0.483706  0.508483  0.295700  0.535560  0.520256  0.388189  0.333130  0.078860  0.385009  0.475540  0.509337  0.476735  0.423169  0.454279  0.441573  0.342023  0.542901  0.447261  0.226864  0.269691  0.739190  0.460270  0.218908  0.448709  0.094772  0.449200  0.257518  0.323899  0.394490  0.197733  0.104843  0.289320  0.218882  0.444815  0.498711  0.290500  0.374664  0.446819  0.442977  0.494054  0.027143  0.383008  0.581486  0.839699  0.164006  0.402257  0.324725 
21  0.654042  0.665374  0.222081  0.294789  0.273148  0.529145  0.361337  0.365941  0.294954  0.124127  0.203813  0.230655  0.009811  0.321350  0.533968  0.833866  0.448926  0.332503  0.196849  0.725683  0.360487 0.0  0.353236  0.272810  0.231944  0.297898  0.379964  0.062721  0.433346  0.101014  0.000000  0.310141  0.000000  0.294760  0.731133  0.322386  0.412407  0.094821  0.314319  0.341880  0.582570  0.394672  0.125419  0.110746  0.122450  0.375533  0.350864  0.461435  0.086890  0.524458  0.006623  0.308342  0.329016  0.284349  0.145799  0.285906  0.694294  0.254312  0.320876  0.329547  0.360479  0.356853  0.233800  0.279145  0.119858  0.571672  0.282850  0.470257  0.293322  0.307509  0.338995  0.304519  0.557943  0.317285  0.124947  0.470119  0.335364  0.060177  0.310562  0.296200  0.353053  0.230299  0.367803  0.077519  0.117179  0.496142  0.306005  0.302356  0.569653  0.226408  0.358038  0.365188  0.315573  0.294458  0.544473  0.885066  0.331814  0.307427  0.038606 
22  0.692201  0.680148  0.367488  0.512425  0.044219  0.354059  0.533336  0.377644  0.231170  0.297367  0.310507  0.320279  0.285398  0.151757  0.444878  0.676897  0.185464  0.290378  0.324184  0.658913  0.425948  0.353236 0.0  0.133642  0.252895  0.174560  0.063980  0.292922  0.481586  0.476918  0.336548  0.190413  0.243752  0.223905  0.833893  0.419223  0.101358  0.420829  0.273357  0.230515  0.154335  0.501531  0.339482  0.367745  0.342688  0.425372  0.240072  0.422517  0.332051  0.708721  0.272495  0.255197  0.134482  0.300632  0.375837  0.190512  0.236038  0.171482  0.340806  0.410660  0.272604  0.158959  0.592279  0.170401  0.482979  0.641421  0.196966  0.000000  0.537436  0.035318  0.520450  0.243915  0.668995  0.200886  0.276652  0.525082  0.346984  0.365135  0.447148  0.316317  0.263334  0.212372  0.243969  0.351677  0.450224  0.454109  0.119125  0.288048  0.576185  0.187026  0.277707  0.281192  0.441017  0.238206  0.493473  0.504922  0.382825  0.115176  0.400167 
23  0.736183  0.826052  0.304927  0.466864  0.235485  0.361772  0.624956  0.455959  0.162499  0.435017  0.344474  0.265094  0.354394  0.279010  0.333872  0.798834  0.210639  0.217734  0.332887  0.793891  0.394150  0.272810  0.133642 0.0  0.239002  0.245378  0.000000  0.312621  0.434816  0.412921  0.362933  0.159135  0.297902  0.120663  0.757518  0.267184  0.179769  0.408254  0.179400  0.227527  0.368819  0.550635  0.373198  0.270496  0.337644  0.533409  0.352839  0.436667  0.343378  0.802398  0.331447  0.240393  0.134135  0.251160  0.385036  0.290016  0.297222  0.209096  0.351739  0.485054  0.213234  0.205293  0.621854  0.091505  0.357922  0.586858  0.179625  0.068333  0.452284  0.146092  0.445495  0.185632  0.695066  0.201781  0.337658  0.372601  0.357496  0.375527  0.411522  0.250404  0.200790  0.296477  0.347757  0.320960  0.279348  0.449126  0.232412  0.262811  0.551889  0.156169  0.125644  0.179201  0.240422  0.177769  0.309103  0.482274  0.430268  0.144532  0.355848 
24  0.653996  0.571763  0.283197  0.496188  0.279593  0.430412  0.432411  0.542102  0.229608  0.295182  0.229805  0.148897  0.217563  0.265968  0.504944  0.660573  0.255237  0.239714  0.197425  0.717243  0.247103  0.231944  0.252895  0.239002 0.0  0.198992  0.260732  0.289495  0.462206  0.145476  0.340377  0.196031  0.239030  0.301369  0.640331  0.330660  0.246856  0.346591  0.310257  0.240647  0.195223  0.457977  0.282485  0.201726  0.221601  0.360413  0.251687  0.522566  0.254399  0.696353  0.351290  0.270667  0.246731  0.318052  0.301946  0.284200  0.355401  0.204691  0.247492  0.223648  0.235723  0.099792  0.502149  0.113180  0.232777  0.499162  0.285335  0.292254  0.510302  0.304920  0.208694  0.263817  0.632895  0.201682  0.219694  0.459844  0.286600  0.228026  0.201190  0.304366  0.187025  0.250283  0.237849  0.240900  0.384482  0.542696  0.233400  0.170238  0.424839  0.242561  0.235137  0.398170  0.220755  0.208470  0.454234  0.634800  0.187377  0.271728  0.213071 
25  0.642080  0.645281  0.354460  0.548493  0.199095  0.531511  0.585900  0.387469  0.182207  0.436730  0.166076  0.226697  0.305539  0.399716  0.399813  0.712264  0.149978  0.278693  0.341529  0.667437  0.385602  0.297898  0.174560  0.245378  0.198992 0.0  0.142930  0.338480  0.497377  0.401621  0.414659  0.104433  0.319832  0.204912  0.779365  0.294614  0.261712  0.408002  0.184176  0.168808  0.303305  0.555452  0.342036  0.296099  0.400157  0.477497  0.268989  0.365147  0.358373  0.674811  0.310708  0.283070  0.207011  0.105012  0.417265  0.159149  0.214589  0.180818  0.198289  0.358125  0.268715  0.158763  0.415435  0.175339  0.372474  0.606851  0.163001  0.155275  0.525165  0.139846  0.382148  0.303664  0.663184  0.215429  0.281468  0.439331  0.321532  0.288728  0.446011  0.195040  0.166608  0.300471  0.319755  0.253761  0.357753  0.306924  0.165625  0.176769  0.675780  0.137234  0.275775  0.218824  0.295642  0.202543  0.365604  0.502124  0.424507  0.207422  0.329687 
26  0.679411  0.724275  0.364884  0.577494  0.100291  0.283621  0.511429  0.556307  0.000000  0.323787  0.193347  0.498274  0.309497  0.338329  0.211407  0.857207  0.146407  0.176003  0.337066  0.696596  0.366091  0.379964  0.063980  0.000000  0.260732  0.142930 0.0  0.226196  0.442795  0.388759  0.387999  0.105554  0.321138  0.054520  0.819514  0.387409  0.051674  0.407080  0.100861  0.023887  0.432461  0.602787  0.395856  0.326778  0.296906  0.320613  0.290502  0.302971  0.381182  0.750594  0.217451  0.211126  0.075499  0.192485  0.458228  0.116878  0.369548  0.000000  0.400953  0.422792  0.441508  0.018789  0.498593  0.111462  0.385764  0.508815  0.156366  0.193006  0.515616  0.025942  0.332748  0.436738  0.704803  0.049027  0.436672  0.480730  0.325032  0.436272  0.243485  0.251161  0.000000  0.236996  0.248741  0.289039  0.323528  0.480970  0.078956  0.336666  0.545878  0.036853  0.000000  0.149403  0.357284  0.013934  0.196653  0.604418  0.306977  0.107181  0.330354 
27  0.878240  0.860033  0.178435  0.208308  0.320122  0.496321  0.400304  0.466282  0.358240  0.058167  0.190442  0.000000  0.093999  0.373517  0.606750  0.560380  0.380722  0.146528  0.452406  0.844700  0.271178  0.062721  0.292922  0.312621  0.289495  0.338480  0.226196 0.0  0.535067  0.130219  0.146176  0.241094  0.277742  0.321425  0.730616  0.319363  0.359447  0.060491  0.200200  0.418231  0.246579  0.212936  0.145248  0.033652  0.179063  0.301472  0.443052  0.430152  0.087765  0.578937  0.129306  0.218818  0.290629  0.376740  0.216006  0.457300  0.667025  0.320707  0.188353  0.438421  0.256380  0.503364  0.333445  0.352032  0.145820  0.598255  0.226340  0.252419  0.499144  0.298671  0.308234  0.051968  0.572341  0.257876  0.126450  0.463078  0.307471  0.082207  0.269735  0.272494  0.296141  0.291648  0.503205  0.037841  0.000000  0.443143  0.345327  0.205118  0.567302  0.312311  0.365819  0.393588  0.496475  0.343846  0.604877  0.685226  0.296102  0.315556  0.205013 
28  0.590160  0.463022  0.334356  0.530339  0.444699  0.574279  0.481053  0.400985  0.492003  0.404552  0.433539  0.470891  0.465743  0.425574  0.563687  0.522301  0.425422  0.382026  0.464382  0.375606  0.400941  0.433346  0.481586  0.434816  0.462206  0.497377  0.442795  0.535067 0.0  0.436729  0.382878  0.407896  0.382434  0.368913  0.478640  0.361583  0.447288  0.507879  0.491957  0.470470  0.384565  0.530208  0.388299  0.462390  0.463823  0.397704  0.419270  0.430787  0.465738  0.407935  0.433530  0.424710  0.491033  0.422039  0.527132  0.362331  0.444142  0.366221  0.373428  0.441576  0.448677  0.559014  0.457886  0.488468  0.537758  0.519053  0.391946  0.412395  0.449951  0.345180  0.354394  0.440634  0.382386  0.407382  0.446535  0.426407  0.501955  0.457356  0.418610  0.478450  0.420930  0.451807  0.452309  0.388173  0.531073  0.456886  0.378824  0.494065  0.367814  0.470632  0.533336  0.419369  0.499784  0.410351  0.402042  0.428969  0.412350  0.437705  0.459524 
29  0.719433  0.754481  0.290659  0.251859  0.463165  0.585531  0.363378  0.532490  0.394170  0.264296  0.290660  0.101343  0.044156  0.382418  0.659564  0.840458  0.313761  0.248357  0.345765  0.763331  0.410368  0.101014  0.476918  0.412921  0.145476  0.401621  0.388759  0.130219  0.436729 0.0  0.003824  0.359202  0.122360  0.368806  0.857072  0.396795  0.403850  0.116785  0.406215  0.439250  0.379112  0.397909  0.029740  0.081875  0.084082  0.391261  0.389465  0.570306  0.330505  0.489635  0.165405  0.297355  0.329585  0.371360  0.162907  0.407297  0.490040  0.392221  0.065913  0.397092  0.319063  0.467845  0.249205  0.460174  0.202789  0.533331  0.361229  0.358887  0.335853  0.421482  0.420879  0.082073  0.542095  0.510031  0.174917  0.541665  0.423675  0.079456  0.378902  0.288161  0.409197  0.287333  0.322630  0.148779  0.140516  0.524637  0.422114  0.282510  0.549568  0.398763  0.395121  0.300866  0.420014  0.444622  0.507262  0.774494  0.448973  0.411880  0.141087 
30  0.799350  0.838091  0.286285  0.316612  0.316841  0.486084  0.368921  0.407922  0.297800  0.164881  0.236036  0.000000  0.045290  0.310197  0.566669  0.805407  0.296603  0.179649  0.441883  1.000000  0.398563  0.000000  0.336548  0.362933  0.340377  0.414659  0.387999  0.146176  0.382878  0.003824 0.0  0.270008  0.244736  0.241625  0.710609  0.476073  0.426045  0.133780  0.192976  0.311344  0.331275  0.190233  0.179066  0.015823  0.239315  0.421953  0.437824  0.517019  0.102589  0.618214  0.074873  0.271490  0.352916  0.332671  0.067521  0.275658  0.590684  0.250298  0.024985  0.370766  0.331526  0.368028  0.265856  0.395398  0.194569  0.635455  0.275384  0.405704  0.366638  0.328028  0.327391  0.117112  0.488235  0.281476  0.149960  0.390973  0.234608  0.151256  0.347526  0.358210  0.269888  0.279290  0.507050  0.065822  0.057728  0.389962  0.308715  0.239952  0.602210  0.336198  0.303439  0.295944  0.396992  0.468119  0.499611  0.719833  0.320480  0.309767  0.174041 
31  0.679187  0.780479  0.222664  0.575946  0.239386  0.368106  0.467652  0.526736  0.221767  0.313039  0.295723  0.337482  0.282218  0.425970  0.385548  0.705849  0.190300  0.395105  0.274979  0.664010  0.469576  0.310141  0.190413  0.159135  0.196031  0.104433  0.105554  0.241094  0.407896  0.359202  0.270008 0.0  0.257353  0.163765  0.751092  0.309014  0.199844  0.388814  0.204831  0.210612  0.284206  0.462819  0.337167  0.294930  0.301649  0.380917  0.366498  0.484978  0.406101  0.607915  0.315167  0.223704  0.232122  0.173119  0.313753  0.128960  0.298662  0.352497  0.326682  0.446101  0.356521  0.287785  0.480269  0.193057  0.319809  0.527387  0.057491  0.072223  0.598472  0.142226  0.426758  0.358278  0.724138  0.210511  0.255404  0.456288  0.303075  0.373130  0.457296  0.184955  0.078070  0.249222  0.319476  0.294837  0.339590  0.371123  0.123512  0.318559  0.701227  0.245845  0.246336  0.139342  0.337351  0.290802  0.426011  0.461241  0.466062  0.197173  0.340989 
32  0.753288  0.749150  0.295002  0.287519  0.303829  0.525433  0.252368  0.409130  0.312159  0.099619  0.411095  0.100968  0.056460  0.348827  0.516573  0.692304  0.342855  0.206009  0.488562  0.856490  0.367352  0.000000  0.243752  0.297902  0.239030  0.319832  0.321138  0.277742  0.382434  0.122360  0.244736  0.257353 0.0  0.399859  0.755972  0.420343  0.321964  0.149631  0.272063  0.361629  0.199176  0.297398  0.160932  0.007110  0.190894  0.279616  0.473022  0.520025  0.072535  0.630493  0.062781  0.330476  0.214905  0.310845  0.105340  0.256697  0.579313  0.237801  0.075444  0.424975  0.342986  0.294609  0.331361  0.313922  0.179684  0.733160  0.240472  0.304596  0.407112  0.346086  0.292507  0.162966  0.595341  0.289035  0.079454  0.477130  0.207261  0.176933  0.314336  0.257878  0.265701  0.284394  0.519197  0.062837  0.000994  0.366495  0.241530  0.266095  0.578110  0.357679  0.226536  0.286958  0.402096  0.310254  0.544251  0.673633  0.321119  0.374509  0.144165 
33  0.743913  0.643011  0.229307  0.512893  0.160436  0.416688  0.473688  0.483257  0.209237  0.299840  0.214756  0.325450  0.354635  0.364309  0.414933  0.700632  0.169965  0.165233  0.256812  0.741078  0.474201  0.294760  0.223905  0.120663  0.301369  0.204912  0.054520  0.321425  0.368913  0.368806  0.241625  0.163765  0.399859 0.0  0.722596  0.383788  0.133965  0.453329  0.129526  0.173414  0.378240  0.497026  0.282786  0.301934  0.364284  0.487782  0.337180  0.377809  0.344599  0.680140  0.442543  0.209371  0.220132  0.257461  0.441842  0.178686  0.297269  0.205547  0.302425  0.369646  0.258684  0.117851  0.415071  0.218739  0.347095  0.577972  0.177883  0.043013  0.575645  0.193201  0.412056  0.252752  0.729240  0.246363  0.225786  0.438560  0.295141  0.398243  0.459086  0.242688  0.273949  0.224230  0.377391  0.314969  0.257280  0.470010  0.103012  0.329478  0.691971  0.140615  0.209469  0.230024  0.313999  0.219528  0.432336  0.408935  0.411840  0.195712  0.365797 
34  0.447804  0.500460  0.671910  0.614859  0.752626  0.638784  0.506664  0.437881  0.746139  0.768206  0.525393  0.753762  0.794309  0.583652  0.486074  0.473282  0.645322  0.626776  0.575520  0.559303  0.398122  0.731133  0.833893  0.757518  0.640331  0.779365  0.819514  0.730616  0.478640  0.857072  0.710609  0.751092  0.755972  0.722596 0.0  0.452005  0.716232  0.682920  0.740814  0.689598  0.576046  0.597505  0.774856  0.810150  0.795801  0.486137  0.455358  0.606264  0.770162  0.833016  0.749909  0.632416  0.786775  0.829803  0.813335  0.704635  0.643982  0.712091  0.864689  0.478976  0.817008  0.682218  0.622811  0.728289  0.818246  0.403707  0.811563  0.823009  0.564060  0.692468  0.467325  0.813167  0.767576  0.805127  0.830897  0.492106  0.486222  0.904101  0.576843  0.662748  0.749310  0.653711  0.621191  0.702691  0.802158  0.337903  0.729078  0.717864  0.395043  0.774193  0.682833  0.738842  0.584365  0.835408  0.580791  0.400260  0.513463  0.703669  0.733398 
35  0.541292  0.622511  0.225722  0.638032  0.395819  0.547754  0.574414  0.531768  0.307933  0.431763  0.202640  0.387297  0.400631  0.075669  0.668040  0.531083  0.347447  0.233867  0.151328  0.506100  0.145206  0.322386  0.419223  0.267184  0.330660  0.294614  0.387409  0.319363  0.361583  0.396795  0.476073  0.309014  0.420343  0.383788  0.452005 0.0  0.405113  0.357585  0.394565  0.420297  0.051608  0.627365  0.422023  0.376495  0.292751  0.141833  0.135567  0.592085  0.376243  0.773271  0.393349  0.313555  0.515871  0.402928  0.308012  0.361364  0.600714  0.280755  0.383478  0.164314  0.384483  0.375289  0.618353  0.382836  0.254289  0.356273  0.303979  0.399260  0.535310  0.363497  0.031803  0.244973  0.713240  0.385996  0.353971  0.593837  0.017912  0.333628  0.197508  0.299846  0.439209  0.248505  0.127657  0.382680  0.381597  0.421096  0.311627  0.250188  0.283085  0.301464  0.421367  0.413424  0.148420  0.390738  0.534363  0.833067  0.184583  0.357402  0.330833 
36  0.665175  0.796686  0.287985  0.512143  0.205945  0.382573  0.542190  0.467720  0.140977  0.374014  0.307031  0.273880  0.324150  0.337840  0.384114  0.684401  0.185232  0.386257  0.320488  0.687514  0.393046  0.412407  0.101358  0.179769  0.246856  0.261712  0.051674  0.359447  0.447288  0.403850  0.426045  0.199844  0.321964  0.133965  0.716232  0.405113 0.0  0.416127  0.173092  0.295120  0.321774  0.464358  0.360610  0.383863  0.341096  0.428297  0.372718  0.333069  0.344256  0.645136  0.335709  0.192565  0.234253  0.160271  0.375686  0.199144  0.288418  0.181015  0.406117  0.325379  0.315899  0.211369  0.575428  0.207781  0.460400  0.647274  0.214753  0.113532  0.441609  0.181168  0.479861  0.335572  0.695750  0.180929  0.256341  0.507473  0.362548  0.465035  0.557710  0.326599  0.258741  0.229936  0.332634  0.284656  0.317691  0.408739  0.291118  0.352259  0.584286  0.205627  0.251051  0.172455  0.291609  0.236846  0.371054  0.485968  0.402842  0.203844  0.334683 
37  0.711246  0.804286  0.285480  0.424418  0.344047  0.550310  0.363953  0.475037  0.421097  0.135986  0.232959  0.110553  0.149284  0.332078  0.559480  0.794138  0.408154  0.218719  0.352363  0.744359  0.345598  0.094821  0.420829  0.408254  0.346591  0.408002  0.407080  0.060491  0.507879  0.116785  0.133780  0.388814  0.149631  0.453329  0.682920  0.357585  0.416127 0.0  0.377905  0.407510  0.313765  0.373556  0.223664  0.084159  0.200475  0.416570  0.391393  0.474068  0.053868  0.434597  0.198050  0.170427  0.331783  0.366297  0.127884  0.383397  0.639695  0.484028  0.129360  0.343019  0.519570  0.315846  0.411231  0.402811  0.129116  0.564107  0.384041  0.495715  0.393053  0.446559  0.418015  0.107811  0.594646  0.352515  0.202851  0.485023  0.311116  0.132168  0.378704  0.159288  0.320516  0.254541  0.472011  0.123968  0.069568  0.393741  0.378895  0.168889  0.620875  0.384592  0.471131  0.391919  0.359441  0.337298  0.682139  0.708964  0.352485  0.457398  0.181941 
38  0.672692  0.768099  0.287924  0.522187  0.185630  0.373748  0.575790  0.500718  0.186822  0.251932  0.223845  0.228325  0.233971  0.317934  0.398586  0.693350  0.159539  0.213978  0.289537  0.701000  0.430208  0.314319  0.273357  0.179400  0.310257  0.184176  0.100861  0.200200  0.491957  0.406215  0.192976  0.204831  0.272063  0.129526  0.740814  0.394565  0.173092  0.377905 0.0  0.218139  0.232182  0.430629  0.425877  0.283866  0.275939  0.388342  0.405672  0.353036  0.288572  0.726318  0.293116  0.259694  0.200942  0.240375  0.371649  0.162455  0.287409  0.206322  0.459243  0.418552  0.253642  0.128455  0.549892  0.157825  0.411120  0.565033  0.182857  0.001873  0.520499  0.119033  0.513985  0.292683  0.718912  0.197958  0.262730  0.405399  0.297338  0.307492  0.485430  0.268393  0.168447  0.233306  0.252738  0.368211  0.255387  0.494307  0.207797  0.303424  0.579682  0.117986  0.182925  0.191138  0.351065  0.208088  0.416603  0.461399  0.501146  0.226528  0.368623 
39  0.733767  0.783111  0.207837  0.539984  0.224013  0.349024  0.556595  0.400506  0.250178  0.299337  0.248984  0.372887  0.357211  0.324462  0.288319  0.753710  0.257386  0.259651  0.329476  0.785398  0.416324  0.341880  0.230515  0.227527  0.240647  0.168808  0.023887  0.418231  0.470470  0.439250  0.311344  0.210612  0.361629  0.173414  0.689598  0.420297  0.295120  0.407510  0.218139 0.0  0.299860  0.480614  0.375918  0.279639  0.339628  0.437570  0.323089  0.458957  0.434661  0.722224  0.290886  0.254255  0.060963  0.193920  0.450460  0.207182  0.244411  0.126500  0.302895  0.272165  0.317791  0.229522  0.569855  0.252615  0.348022  0.588218  0.156857  0.052624  0.606386  0.247955  0.500400  0.352395  0.630746  0.157588  0.365989  0.463285  0.274354  0.262021  0.493525  0.210194  0.131729  0.194889  0.248659  0.351115  0.330570  0.478097  0.136985  0.420606  0.448313  0.211987  0.257676  0.146865  0.234840  0.282216  0.411535  0.471290  0.427223  0.167748  0.378078 
