99
0 0.0  0.074269  0.371306  0.306515  0.323626  0.423091  0.506957  0.266691  0.363746  0.336383  0.029556  0.682502  0.336136  0.266177  0.237599  0.000000  0.410960  0.396065  0.331073  0.351520  0.610984  0.411520  0.142133  0.473882  0.310409  0.281055  0.325432  0.303681  0.323194  0.423569  0.371705  0.418673  0.538300  0.549580  0.466489  0.363867  0.170143  0.400026  0.305249  0.578816  0.008088  0.277426  0.420525  0.132149  0.348632  0.353305  0.414471  0.205072  0.359349  0.951694  0.354305  0.265586  0.204118  0.367254  0.516224  0.591190  0.371558  0.092512  0.366068  0.319322  0.315843  0.104023  0.341340  0.527459  0.417139  0.250995  0.366123  0.884268  0.493736  0.031898  0.431276  0.385133  0.265872  0.124631  0.308169  0.446476  0.786669  0.322530  0.442356  0.074392  0.225762  0.297820  0.638588  0.295192  0.029612  0.484282  0.740404  0.587410  0.784193  0.347972  0.064751  0.222381  0.760012  0.449214  0.356080  0.516072  0.435541  0.383774  0.316290 
1  0.074269 0.0  0.252316  0.305627  0.392415  0.223263  0.443879  0.409408  0.350446  0.288314  0.068690  0.487799  0.233640  0.384336  0.349202  0.028348  0.329072  0.234844  0.346666  0.339036  0.592843  0.282889  0.087094  0.592779  0.463091  0.275538  0.282920  0.302001  0.392534  0.469865  0.331544  0.540409  0.347821  0.574703  0.548115  0.436770  0.242685  0.407881  0.421949  0.511165  0.056334  0.530673  0.500926  0.131500  0.305950  0.267746  0.370254  0.303463  0.462824  0.630395  0.442236  0.241408  0.402093  0.271425  0.457059  0.420391  0.403463  0.080687  0.219440  0.234845  0.251903  0.143582  0.259889  0.294206  0.420923  0.508008  0.440894  0.729555  0.592619  0.070649  0.474424  0.364533  0.393548  0.130617  0.321995  0.340067  0.711350  0.446996  0.344698  0.075257  0.217740  0.398026  0.586476  0.244337  0.127224  0.327433  0.717342  0.631286  0.766977  0.442530  0.105033  0.103905  0.482338  0.331574  0.354166  0.451702  0.295707  0.372691  0.222381 
2  0.371306  0.252316 0.0  0.073645  0.127244  0.332284  0.408450  0.099102  0.297865  0.320803  0.538226  0.469370  0.255017  0.272118  0.194411  0.527825  0.110406  0.301179  0.207086  0.379037  0.844961  0.087020  0.375488  0.281044  0.386498  0.136782  0.305759  0.178999  0.319444  0.374583  0.120028  0.414135  0.234684  0.302600  0.320421  0.253775  0.303092  0.058537  0.476630  0.546249  0.521157  0.434385  0.386337  0.436177  0.289120  0.374619  0.368130  0.292687  0.367246  0.671452  0.340196  0.277269  0.123968  0.367345  0.790910  0.741513  0.315732  0.255506  0.077067  0.251735  0.170342  0.433455  0.204972  0.322149  0.337009  0.304410  0.543410  0.824596  0.709052  0.516499  0.445978  0.309499  0.000000  0.345743  0.109151  0.052205  0.587615  0.054207  0.392608  0.505848  0.243122  0.156425  0.428842  0.284155  0.412540  0.316751  0.577172  0.581255  0.324385  0.412825  0.410071  0.288740  0.822340  0.363311  0.182594  0.373751  0.346773  0.027150  0.125370 
3  0.306515  0.305627  0.073645 0.0  0.147490  0.502296  0.456946  0.111036  0.347836  0.464620  0.488585  0.622347  0.018070  0.480681  0.151516  0.339843  0.000000  0.308425  0.013658  0.505881  0.823696  0.098356  0.279999  0.358177  0.253253  0.123062  0.592184  0.047219  0.449036  0.302938  0.059929  0.369937  0.009144  0.394125  0.461830  0.316574  0.303250  0.190944  0.537143  0.643318  0.374288  0.355910  0.365863  0.388440  0.135845  0.308697  0.427329  0.225104  0.427810  0.719060  0.512825  0.268446  0.067527  0.379975  0.834437  0.704678  0.354117  0.376465  0.043104  0.072292  0.065839  0.436557  0.182219  0.382432  0.422098  0.378776  0.423269  0.722847  0.736672  0.286562  0.431202  0.086952  0.198559  0.468566  0.049579  0.187455  0.536251  0.170992  0.247826  0.389959  0.244668  0.074402  0.310082  0.089068  0.431636  0.310643  0.405762  0.519047  0.542460  0.483841  0.302906  0.292837  0.725830  0.379550  0.038307  0.349270  0.394991  0.099045  0.031175 
4  0.323626  0.392415  0.127244  0.147490 0.0  0.321046  0.431097  0.272453  0.257865  0.235938  0.393406  0.649266  0.238353  0.403332  0.279322  0.473602  0.053524  0.294209  0.195354  0.269672  0.799564  0.146759  0.450054  0.291804  0.381766  0.186817  0.272010  0.203654  0.409712  0.410154  0.137127  0.468354  0.000000  0.119663  0.282158  0.312620  0.409095  0.225587  0.623879  0.465962  0.444123  0.331930  0.487719  0.322592  0.116783  0.339308  0.398449  0.132146  0.448065  0.653839  0.273994  0.391518  0.232440  0.259231  0.709884  0.855277  0.429418  0.447402  0.118829  0.276814  0.188693  0.404709  0.225211  0.356038  0.310771  0.359246  0.407151  0.796615  0.732588  0.524828  0.615482  0.110235  0.149933  0.335299  0.136023  0.088535  0.615737  0.000000  0.349010  0.441669  0.247604  0.289625  0.456686  0.200712  0.310153  0.397770  0.609394  0.620294  0.323694  0.285352  0.451585  0.390593  0.665022  0.258295  0.151989  0.441103  0.295957  0.136862  0.087002 
5  0.423091  0.223263  0.332284  0.502296  0.321046 0.0  0.469044  0.368004  0.151116  0.205886  0.390632  0.264177  0.229856  0.003637  0.348043  0.366372  0.369922  0.200011  0.384623  0.177846  0.762704  0.369751  0.439066  0.581387  0.072417  0.328778  0.088685  0.264039  0.170421  0.124659  0.268379  0.463390  0.492655  0.530774  0.558798  0.085730  0.460814  0.448147  0.550231  0.273770  0.268058  0.058592  0.572482  0.334981  0.379441  0.342503  0.153044  0.119901  0.141248  0.604372  0.092072  0.310058  0.220482  0.113208  0.690475  0.882139  0.026693  0.417866  0.261390  0.301672  0.372053  0.409172  0.360251  0.215203  0.169451  0.000000  0.445899  0.555110  0.682185  0.358214  0.440241  0.294217  0.262799  0.398995  0.292948  0.349479  0.712212  0.444070  0.122372  0.397411  0.186640  0.326472  0.600056  0.242779  0.396431  0.179346  0.714097  0.323297  0.770175  0.079966  0.347195  0.553482  0.806000  0.141591  0.392968  0.181910  0.184928  0.323276  0.252889 
6  0.506957  0.443879  0.408450  0.456946  0.431097  0.469044 0.0  0.403971  0.415358  0.423253  0.459686  0.613531  0.494043  0.490600  0.419586  0.492702  0.512963  0.445273  0.467265  0.400610  0.524281  0.474377  0.465497  0.530734  0.436674  0.340643  0.434507  0.538643  0.481909  0.462061  0.390111  0.484112  0.531335  0.234097  0.428096  0.463874  0.397936  0.537955  0.509969  0.355593  0.432966  0.458747  0.452054  0.495918  0.575351  0.529251  0.461880  0.493755  0.427832  0.522951  0.499899  0.415322  0.478567  0.461618  0.471009  0.471058  0.462496  0.416823  0.434000  0.535246  0.499269  0.410983  0.488429  0.544398  0.446975  0.438713  0.539061  0.463400  0.443518  0.461665  0.454552  0.448285  0.517453  0.451478  0.512722  0.453990  0.507790  0.368824  0.431209  0.443284  0.442438  0.524147  0.452143  0.467759  0.565621  0.505760  0.453851  0.508747  0.488211  0.505355  0.489331  0.399514  0.414801  0.414397  0.506991  0.391917  0.405865  0.458052  0.425073 
7  0.266691  0.409408  0.099102  0.111036  0.272453  0.368004  0.403971 0.0  0.291872  0.341490  0.528980  0.485641  0.203223  0.348328  0.205799  0.618299  0.172721  0.263492  0.279733  0.312213  0.702223  0.175115  0.318754  0.255270  0.327692  0.155604  0.261269  0.208479  0.377790  0.466649  0.133744  0.455981  0.055107  0.294299  0.255142  0.347917  0.469683  0.118157  0.549009  0.640060  0.414274  0.338015  0.464900  0.330890  0.239965  0.321516  0.316130  0.220556  0.508699  0.707743  0.255200  0.231509  0.149939  0.304948  0.686052  0.806393  0.321639  0.406005  0.267504  0.207821  0.288113  0.369040  0.198983  0.313970  0.351903  0.253643  0.484757  0.685298  0.754894  0.509277  0.492635  0.191936  0.128073  0.414969  0.171854  0.176970  0.608521  0.098126  0.339823  0.515378  0.243668  0.170440  0.355129  0.223185  0.382078  0.209292  0.546426  0.601454  0.518020  0.279710  0.369311  0.384073  0.702961  0.326578  0.263296  0.390954  0.317577  0.207131  0.223938 
8  0.363746  0.350446  0.297865  0.347836  0.257865  0.151116  0.415358  0.291872 0.0  0.338029  0.257068  0.310428  0.284544  0.036613  0.344303  0.321390  0.380681  0.143855  0.290171  0.100639  0.902897  0.366700  0.597154  0.582096  0.195025  0.338127  0.000000  0.343942  0.122574  0.138601  0.356341  0.439977  0.469289  0.508880  0.479524  0.000000  0.457766  0.317839  0.670247  0.266081  0.350012  0.025720  0.552199  0.389685  0.414514  0.236866  0.062061  0.157228  0.047452  0.751357  0.025361  0.327857  0.360815  0.068240  0.724447  0.780292  0.000000  0.356051  0.272126  0.309250  0.412344  0.399344  0.267551  0.235343  0.146062  0.146628  0.488066  0.605016  0.771836  0.319743  0.453077  0.375709  0.401208  0.363563  0.306942  0.347161  0.724315  0.314509  0.133474  0.344341  0.219223  0.261702  0.506018  0.357747  0.441976  0.226422  0.682726  0.318750  0.816371  0.125523  0.312261  0.475887  0.823907  0.160194  0.388033  0.169763  0.200364  0.298141  0.394519 
9  0.336383  0.288314  0.320803  0.464620  0.235938  0.205886  0.423253  0.341490  0.338029 0.0  0.382110  0.752658  0.319105  0.574194  0.333061  0.373516  0.335908  0.314289  0.272404  0.506165  0.820467  0.285127  0.370493  0.594527  0.251216  0.354244  0.528244  0.327636  0.454341  0.475718  0.385893  0.418348  0.332357  0.640614  0.736292  0.310919  0.280798  0.327202  0.521000  0.748389  0.262858  0.333558  0.550727  0.516573  0.278330  0.247689  0.458944  0.280291  0.389809  0.717598  0.477861  0.286485  0.282498  0.373542  0.850577  0.800335  0.485203  0.411331  0.392429  0.368084  0.368923  0.347274  0.267398  0.416516  0.348484  0.292714  0.452592  0.797521  0.722116  0.269235  0.484461  0.320101  0.365574  0.429961  0.243651  0.480145  0.686076  0.375289  0.299260  0.198064  0.346929  0.322041  0.584627  0.351620  0.453914  0.311597  0.749991  0.655529  0.852387  0.352042  0.343513  0.290751  0.632095  0.284077  0.374526  0.286923  0.307763  0.283028  0.265476 
10  0.029556  0.068690  0.538226  0.488585  0.393406  0.390632  0.459686  0.528980  0.257068  0.382110 0.0  0.583735  0.543297  0.282944  0.353582  0.213494  0.450319  0.438194  0.516545  0.354249  0.513106  0.450497  0.063518  0.477439  0.386240  0.642301  0.308368  0.544164  0.348520  0.440090  0.540606  0.423981  0.399678  0.505331  0.592815  0.372867  0.064618  0.454295  0.276418  0.517647  0.259111  0.338218  0.561031  0.072626  0.425889  0.360781  0.304830  0.303646  0.445267  0.766541  0.303155  0.309852  0.548015  0.319701  0.388377  0.514381  0.353252  0.126251  0.468737  0.535839  0.398328  0.266759  0.266446  0.302838  0.457790  0.303074  0.456274  0.706475  0.497698  0.209234  0.511522  0.565638  0.367438  0.127492  0.411751  0.331999  0.965506  0.366930  0.366094  0.235491  0.260583  0.447998  0.608429  0.441683  0.096362  0.416137  0.817265  0.547904  0.729604  0.319342  0.221394  0.098605  0.441748  0.391542  0.418529  0.359854  0.362205  0.471619  0.401930 
11  0.682502  0.487799  0.469370  0.622347  0.649266  0.264177  0.613531  0.485641  0.310428  0.752658  0.583735 0.0  0.526823  0.387497  0.586690  0.474001  0.573707  0.500466  0.509136  0.348672  0.654275  0.421703  0.487442  0.718666  0.309084  0.613525  0.301691  0.507854  0.389492  0.318209  0.493575  0.540809  0.558452  0.701730  0.702357  0.252107  0.639456  0.632129  0.694090  0.404651  0.520049  0.282290  0.401074  0.532799  0.526011  0.393957  0.411965  0.504444  0.346797  0.329832  0.384031  0.430822  0.516917  0.181218  0.722111  0.506038  0.478667  0.519925  0.536028  0.391048  0.532823  0.541401  0.490169  0.279152  0.300005  0.346973  0.368506  0.313609  0.577163  0.567296  0.435275  0.563587  0.627637  0.652677  0.603601  0.685708  0.533395  0.690485  0.263796  0.529603  0.435613  0.693961  0.593427  0.668858  0.638635  0.270037  0.695384  0.362776  0.704300  0.296099  0.458634  0.581275  0.508581  0.257913  0.576740  0.276080  0.277917  0.516509  0.600399 
12  0.336136  0.233640  0.255017  0.018070  0.238353  0.229856  0.494043  0.203223  0.284544  0.319105  0.543297  0.526823 0.0  0.252191  0.213128  0.499561  0.154818  0.316257  0.166878  0.436072  0.766867  0.297758  0.411932  0.308430  0.289767  0.127584  0.340076  0.179428  0.386928  0.343287  0.257920  0.540933  0.068321  0.313180  0.278988  0.305463  0.464897  0.239960  0.531927  0.508475  0.521590  0.317603  0.449487  0.391919  0.347414  0.285680  0.364405  0.380672  0.420495  0.717589  0.337330  0.231039  0.224077  0.303008  0.721328  0.777007  0.334151  0.422544  0.198593  0.256646  0.237166  0.432257  0.243946  0.340958  0.414894  0.444496  0.400431  0.753800  0.792008  0.463559  0.537734  0.221573  0.000000  0.436620  0.000000  0.052047  0.662974  0.114417  0.314358  0.359260  0.287195  0.136783  0.392103  0.247102  0.297271  0.390508  0.724717  0.663020  0.481624  0.533955  0.442042  0.342894  0.806946  0.293931  0.128222  0.331844  0.345780  0.160399  0.131537 
13  0.266177  0.384336  0.272118  0.480681  0.403332  0.003637  0.490600  0.348328  0.036613  0.574194  0.282944  0.387497  0.252191 0.0  0.325514  0.390821  0.342637  0.293245  0.326785  0.273436  0.938289  0.331968  0.298284  0.614944  0.138933  0.325999  0.210801  0.380797  0.205947  0.086793  0.311955  0.444845  0.309986  0.695742  0.596142  0.013180  0.354228  0.338201  0.632771  0.412579  0.280956  0.000000  0.479493  0.240057  0.240984  0.332980  0.231809  0.250174  0.098520  0.486971  0.250975  0.279916  0.387140  0.101823  0.903469  0.846860  0.233304  0.309104  0.362095  0.346835  0.328449  0.406517  0.267148  0.150423  0.257535  0.075138  0.351665  0.453523  0.689353  0.270142  0.472888  0.395903  0.425334  0.522285  0.360740  0.551815  0.682702  0.439060  0.000000  0.409927  0.319759  0.312157  0.569610  0.289603  0.457987  0.127767  0.683866  0.458911  0.940321  0.045889  0.285092  0.336323  0.721893  0.018384  0.256009  0.169562  0.146697  0.389968  0.269124 
14  0.237599  0.349202  0.194411  0.151516  0.279322  0.348043  0.419586  0.205799  0.344303  0.333061  0.353582  0.586690  0.213128  0.325514 0.0  0.390264  0.191100  0.193883  0.261673  0.346091  0.847356  0.173860  0.297867  0.217586  0.294405  0.265535  0.347709  0.195881  0.445012  0.433129  0.284987  0.472348  0.199103  0.292736  0.332507  0.372651  0.380759  0.291475  0.574088  0.479174  0.493297  0.277078  0.456871  0.316388  0.138470  0.294411  0.342035  0.371929  0.381005  0.678493  0.270510  0.395061  0.187568  0.351256  0.672763  0.768730  0.479893  0.529170  0.140654  0.175938  0.193787  0.359656  0.291556  0.354580  0.341516  0.257990  0.384824  0.692215  0.843158  0.310683  0.476554  0.253442  0.114643  0.305347  0.000000  0.000000  0.589914  0.000000  0.260633  0.392716  0.347694  0.174547  0.324131  0.289479  0.236895  0.321675  0.716772  0.572933  0.515156  0.453660  0.442952  0.282303  0.791325  0.327406  0.237680  0.295205  0.276096  0.251642  0.201418 
15  0.000000  0.028348  0.527825  0.339843  0.473602  0.366372  0.492702  0.618299  0.321390  0.373516  0.213494  0.474001  0.499561  0.390821  0.390264 0.0  0.409583  0.117986  0.505134  0.335130  0.577033  0.349362  0.062164  0.588630  0.314539  0.384031  0.399419  0.520029  0.420776  0.366137  0.459320  0.474390  0.406598  0.615857  0.610427  0.358117  0.126041  0.429698  0.435562  0.490481  0.205775  0.311142  0.422745  0.039393  0.574611  0.268317  0.449270  0.308688  0.348884  0.708919  0.300667  0.339959  0.549512  0.243706  0.380048  0.537468  0.258334  0.089512  0.420390  0.400017  0.427858  0.106606  0.289078  0.403700  0.395188  0.293910  0.344769  0.742997  0.479085  0.224870  0.374137  0.576709  0.348017  0.174743  0.254131  0.322863  0.778939  0.320837  0.411784  0.282782  0.312490  0.478685  0.648004  0.516490  0.214301  0.318782  0.888942  0.656077  0.733262  0.306157  0.322052  0.044156  0.480093  0.306831  0.387780  0.265077  0.312635  0.476018  0.451024 
16  0.410960  0.329072  0.110406  0.000000  0.053524  0.369922  0.512963  0.172721  0.380681  0.335908  0.450319  0.573707  0.154818  0.342637  0.191100  0.409583 0.0  0.190969  0.114145  0.404462  0.779796  0.183303  0.294361  0.296940  0.366302  0.113260  0.412577  0.201032  0.397251  0.311886  0.179669  0.502536  0.054521  0.147707  0.261701  0.296398  0.478135  0.150658  0.575604  0.602979  0.357256  0.313966  0.465796  0.273961  0.234505  0.291701  0.437473  0.242181  0.450452  0.797654  0.356055  0.263534  0.164473  0.434006  0.756195  0.673867  0.284331  0.377717  0.212365  0.254143  0.322317  0.256240  0.171487  0.326589  0.259538  0.254444  0.527385  0.808517  0.691953  0.354859  0.454251  0.279994  0.000000  0.414993  0.028515  0.000000  0.685986  0.037905  0.366354  0.486328  0.323752  0.273937  0.464518  0.167940  0.308676  0.358832  0.643392  0.629312  0.528495  0.422709  0.478713  0.289194  0.646524  0.332304  0.182328  0.354138  0.296596  0.256651  0.178458 
17  0.396065  0.234844  0.301179  0.308425  0.294209  0.200011  0.445273  0.263492  0.143855  0.314289  0.438194  0.500466  0.316257  0.293245  0.193883  0.117986  0.190969 0.0  0.199198  0.204376  0.728191  0.180574  0.225717  0.401189  0.215290  0.350556  0.281029  0.303939  0.143884  0.271987  0.339877  0.578152  0.341336  0.436885  0.509183  0.267945  0.304424  0.312730  0.500608  0.535382  0.259309  0.272459  0.496099  0.219020  0.283411  0.220651  0.332598  0.322696  0.220127  0.664305  0.262974  0.291062  0.418709  0.233415  0.726538  0.640181  0.347003  0.376989  0.271878  0.263804  0.225380  0.197876  0.212958  0.190169  0.171587  0.190680  0.454506  0.660935  0.674053  0.417688  0.434664  0.304415  0.244964  0.250730  0.371767  0.312768  0.633639  0.356660  0.355933  0.229390  0.330540  0.324100  0.505080  0.315733  0.286200  0.247379  0.715300  0.429457  0.646866  0.236804  0.234426  0.142308  0.757466  0.277842  0.253984  0.112490  0.233531  0.206609  0.221931 
18  0.331073  0.346666  0.207086  0.013658  0.195354  0.384623  0.467265  0.279733  0.290171  0.272404  0.516545  0.509136  0.166878  0.326785  0.261673  0.505134  0.114145  0.199198 0.0  0.380242  0.817686  0.160272  0.267118  0.254159  0.339771  0.220669  0.406761  0.071719  0.343640  0.393674  0.158996  0.504468  0.034334  0.197904  0.175441  0.227254  0.428861  0.220005  0.642270  0.527253  0.443630  0.293430  0.459583  0.335728  0.097455  0.146648  0.323097  0.419509  0.349195  0.757906  0.400535  0.158553  0.236063  0.341785  0.679117  0.763448  0.406570  0.343935  0.177099  0.274573  0.139055  0.463120  0.334215  0.264529  0.371916  0.206738  0.361838  0.754989  0.660458  0.485368  0.410919  0.148318  0.038347  0.345986  0.189604  0.025878  0.574632  0.158447  0.449940  0.449625  0.235390  0.104758  0.461939  0.143928  0.414843  0.357374  0.577833  0.621472  0.540166  0.381340  0.435764  0.394719  0.830249  0.312958  0.229430  0.404990  0.342414  0.216734  0.219178 
19  0.351520  0.339036  0.379037  0.505881  0.269672  0.177846  0.400610  0.312213  0.100639  0.506165  0.354249  0.348672  0.436072  0.273436  0.346091  0.335130  0.404462  0.204376  0.380242 0.0  0.847068  0.289518  0.418336  0.600154  0.141055  0.373352  0.098123  0.277509  0.096072  0.069431  0.274296  0.609183  0.400862  0.711819  0.622271  0.190133  0.339858  0.369958  0.592655  0.379633  0.399240  0.064725  0.486737  0.377217  0.303262  0.291299  0.205441  0.242615  0.153521  0.548594  0.179664  0.275517  0.309502  0.067766  1.000000  0.694467  0.042630  0.428783  0.374571  0.332205  0.343610  0.339173  0.226071  0.096378  0.200775  0.152637  0.409699  0.546362  0.674479  0.339961  0.471981  0.259214  0.472787  0.496400  0.298580  0.489545  0.799468  0.421587  0.014648  0.484451  0.271321  0.324268  0.534907  0.276126  0.513277  0.098587  0.681998  0.359040  0.837094  0.109746  0.347286  0.344218  0.707177  0.140296  0.361013  0.036980  0.052238  0.329703  0.413175 
20  0.610984  0.592843  0.844961  0.823696  0.799564  0.762704  0.524281  0.702223  0.902897  0.820467  0.513106  0.654275  0.766867  0.938289  0.847356  0.577033  0.779796  0.728191  0.817686  0.847068 0.0  0.892308  0.565828  0.617322  0.744209  0.880661  0.832804  0.817023  0.717250  0.900245  0.729717  0.428826  0.901806  0.638720  0.723978  0.775231  0.524414  0.769924  0.243781  0.647753  0.599504  0.850336  0.573111  0.465521  0.884285  0.682501  0.743484  0.749654  0.810306  0.810969  0.817586  0.701394  0.777616  0.815341  0.520797  0.524831  0.920826  0.590977  0.779417  0.811186  0.806897  0.527362  0.683011  0.688372  0.760549  0.654720  0.436037  0.379194  0.529652  0.537513  0.475334  0.826117  0.795352  0.542745  0.814325  0.787448  0.773540  0.790341  0.795240  0.662384  0.691565  0.889174  0.640560  0.801398  0.482547  0.806033  0.399334  0.656421  0.383481  0.742357  0.518976  0.575417  0.567281  0.815270  0.806876  0.893804  0.870137  0.772371  0.863155 
21  0.411520  0.282889  0.087020  0.098356  0.146759  0.369751  0.474377  0.175115  0.366700  0.285127  0.450497  0.421703  0.297758  0.331968  0.173860  0.349362  0.183303  0.180574  0.160272  0.289518  0.892308 0.0  0.207048  0.365405  0.393008  0.109529  0.364719  0.144215  0.386027  0.458747  0.266073  0.484471  0.079293  0.312939  0.326403  0.329517  0.446994  0.131954  0.615552  0.431664  0.503995  0.250744  0.426844  0.255598  0.070045  0.270819  0.336719  0.270292  0.380581  0.711568  0.338517  0.115409  0.195857  0.410293  0.750080  0.796625  0.317640  0.435653  0.234191  0.114823  0.180739  0.372453  0.228034  0.273255  0.349888  0.209938  0.518588  0.801790  0.776048  0.526542  0.490466  0.206439  0.070719  0.408255  0.105690  0.062642  0.701684  0.088097  0.308621  0.479260  0.237838  0.256307  0.489609  0.269311  0.402103  0.281112  0.507492  0.665943  0.416570  0.399379  0.537918  0.354719  0.693188  0.296064  0.229310  0.301952  0.417948  0.234729  0.206201 
22  0.142133  0.087094  0.375488  0.279999  0.450054  0.439066  0.465497  0.318754  0.597154  0.370493  0.063518  0.487442  0.411932  0.298284  0.297867  0.062164  0.294361  0.225717  0.267118  0.418336  0.565828  0.207048 0.0  0.532781  0.396381  0.363105  0.448294  0.294705  0.402169  0.470878  0.366736  0.549115  0.450417  0.536850  0.436454  0.422664  0.000000  0.220279  0.377084  0.547806  0.110018  0.323824  0.413015  0.091665  0.258318  0.302038  0.379669  0.223919  0.461326  0.955187  0.308247  0.332269  0.333788  0.307834  0.505312  0.589340  0.207815  0.057373  0.198025  0.269524  0.354185  0.120860  0.183915  0.399157  0.399182  0.285302  0.554175  0.880414  0.402514  0.159030  0.517644  0.246729  0.288396  0.216062  0.325514  0.330308  0.716083  0.401456  0.450909  0.024857  0.206488  0.334568  0.432682  0.403254  0.000000  0.481131  0.791259  0.728466  0.639738  0.247058  0.072739  0.193454  0.673360  0.465920  0.257865  0.526216  0.480774  0.343428  0.424353 
23  0.473882  0.592779  0.281044  0.358177  0.291804  0.581387  0.530734  0.255270  0.582096  0.594527  0.477439  0.718666  0.308430  0.614944  0.217586  0.588630  0.296940  0.401189  0.254159  0.600154  0.617322  0.365405  0.532781 0.0  0.506951  0.305943  0.529911  0.244180  0.616733  0.700965  0.194475  0.454533  0.296123  0.393907  0.501916  0.508650  0.567160  0.306905  0.564604  0.622695  0.533215  0.497242  0.603095  0.545023  0.307203  0.436643  0.637635  0.566505  0.662173  0.478031  0.637471  0.449774  0.325169  0.590500  0.652221  0.529987  0.653557  0.635534  0.303272  0.307730  0.239061  0.622981  0.397677  0.547064  0.571223  0.590339  0.577081  0.507721  0.582013  0.510332  0.554673  0.247216  0.391965  0.612827  0.294522  0.388105  0.255331  0.328888  0.442443  0.635512  0.497613  0.299450  0.319325  0.271609  0.705719  0.521453  0.277262  0.562323  0.404511  0.462954  0.621198  0.462735  0.495422  0.559924  0.222430  0.566274  0.483745  0.277397  0.240122 
24  0.310409  0.463091  0.386498  0.253253  0.381766  0.072417  0.436674  0.327692  0.195025  0.251216  0.386240  0.309084  0.289767  0.138933  0.294405  0.314539  0.366302  0.215290  0.339771  0.141055  0.744209  0.393008  0.396381  0.506951 0.0  0.389211  0.091863  0.359130  0.037108  0.000000  0.228618  0.601624  0.373490  0.407848  0.503490  0.192038  0.393481  0.336699  0.560733  0.335005  0.308793  0.251800  0.518882  0.498305  0.275128  0.225637  0.103791  0.247398  0.187550  0.457102  0.030147  0.266847  0.344716  0.020638  0.776003  0.856040  0.106857  0.413940  0.286346  0.242068  0.178944  0.374305  0.219292  0.087105  0.104680  0.203559  0.504807  0.450194  0.741989  0.311720  0.400868  0.291228  0.318872  0.455074  0.332699  0.483590  0.730950  0.351117  0.065501  0.354147  0.256681  0.380943  0.583439  0.388105  0.389521  0.066219  0.686006  0.346157  0.718907  0.130893  0.390342  0.465022  0.764646  0.000000  0.329135  0.140992  0.127245  0.366060  0.353257 
25  0.281055  0.275538  0.136782  0.123062  0.186817  0.328778  0.340643  0.155604  0.338127  0.354244  0.642301  0.613525  0.127584  0.325999  0.265535  0.384031  0.113260  0.350556  0.220669  0.373352  0.880661  0.109529  0.363105  0.305943  0.389211 0.0  0.294074  0.155052  0.376467  0.335766  0.170813  0.520037  0.114638  0.247287  0.226879  0.358141  0.338423  0.145007  0.509547  0.630816  0.436274  0.358632  0.528435  0.271847  0.209743  0.289018  0.301562  0.283211  0.453853  0.726469  0.370560  0.295335  0.162716  0.317061  0.713548  0.728756  0.350985  0.185033  0.254237  0.165117  0.180484  0.377212  0.273078  0.372012  0.445637  0.298024  0.407213  0.666235  0.714887  0.456756  0.413737  0.212099  0.044826  0.365467  0.089970  0.062529  0.676480  0.046557  0.354702  0.451220  0.312362  0.141028  0.402654  0.172495  0.341945  0.368753  0.691369  0.598156  0.492653  0.429782  0.396708  0.398029  0.739039  0.372266  0.145230  0.267165  0.389529  0.290502  0.144298 
26  0.325432  0.282920  0.305759  0.592184  0.272010  0.088685  0.434507  0.261269  0.000000  0.528244  0.308368  0.301691  0.340076  0.210801  0.347709  0.399419  0.412577  0.281029  0.406761  0.098123  0.832804  0.364719  0.448294  0.529911  0.091863  0.294074 0.0  0.298980  0.159012  0.085525  0.357145  0.588577  0.371008  0.609970  0.651656  0.124193  0.417843  0.284976  0.668268  0.429979  0.372714  0.003193  0.537406  0.430361  0.445928  0.252225  0.176286  0.323213  0.109857  0.413096  0.217405  0.232454  0.396206  0.100693  0.864412  0.733227  0.168525  0.419919  0.304349  0.315383  0.220222  0.445529  0.242447  0.055748  0.239633  0.000000  0.572416  0.445333  0.757508  0.398259  0.531706  0.289300  0.388541  0.362171  0.196155  0.476792  0.788892  0.453328  0.111628  0.285150  0.292150  0.326108  0.550262  0.337201  0.569981  0.142789  0.676999  0.230855  0.816785  0.132848  0.381877  0.285962  0.780119  0.096954  0.277474  0.000000  0.130669  0.303172  0.339144 
27  0.303681  0.302001  0.178999  0.047219  0.203654  0.264039  0.538643  0.208479  0.343942  0.327636  0.544164  0.507854  0.179428  0.380797  0.195881  0.520029  0.201032  0.303939  0.071719  0.277509  0.817023  0.144215  0.294705  0.244180  0.359130  0.155052  0.298980 0.0  0.395194  0.253122  0.215953  0.413567  0.028613  0.444272  0.176271  0.417752  0.337837  0.170458  0.700793  0.572748  0.457593  0.349744  0.441819  0.332380  0.168204  0.309873  0.327393  0.233066  0.410851  0.726110  0.288293  0.231646  0.137351  0.316070  0.652659  0.790723  0.270920  0.242453  0.198918  0.141292  0.189117  0.268612  0.202154  0.339924  0.526359  0.354208  0.444411  0.751833  0.693525  0.531355  0.581696  0.220827  0.010759  0.420625  0.091185  0.067142  0.701698  0.017329  0.467092  0.523856  0.209332  0.135334  0.386868  0.096392  0.281257  0.370575  0.671750  0.579761  0.532388  0.279082  0.438289  0.270055  0.744811  0.362490  0.183761  0.328821  0.310430  0.108929  0.176838 
28  0.323194  0.392534  0.319444  0.449036  0.409712  0.170421  0.481909  0.377790  0.122574  0.454341  0.348520  0.389492  0.386928  0.205947  0.445012  0.420776  0.397251  0.143884  0.343640  0.096072  0.717250  0.386027  0.402169  0.616733  0.037108  0.376467  0.159012  0.395194 0.0  0.170057  0.443687  0.462578  0.437161  0.564299  0.630752  0.184054  0.363947  0.286674  0.633148  0.355560  0.478551  0.185896  0.457567  0.512690  0.293769  0.180443  0.120611  0.268624  0.184256  0.533141  0.054002  0.261393  0.395393  0.041722  0.820911  0.856499  0.156005  0.376861  0.435152  0.443124  0.451764  0.467012  0.265125  0.212294  0.123507  0.077910  0.446622  0.545239  0.704252  0.428041  0.438897  0.411900  0.427391  0.452638  0.318470  0.393453  0.817794  0.447180  0.143328  0.434298  0.216494  0.420550  0.608510  0.424860  0.351064  0.092916  0.752222  0.192956  0.839798  0.128441  0.289653  0.429941  0.689013  0.116611  0.310600  0.171132  0.249412  0.387464  0.524815 
29  0.423569  0.469865  0.374583  0.302938  0.410154  0.124659  0.462061  0.466649  0.138601  0.475718  0.440090  0.318209  0.343287  0.086793  0.433129  0.366137  0.311886  0.271987  0.393674  0.069431  0.900245  0.458747  0.470878  0.700965  0.000000  0.335766  0.085525  0.253122  0.170057 0.0  0.436979  0.386703  0.439706  0.629263  0.585589  0.111006  0.350521  0.470923  0.654557  0.390138  0.428552  0.148268  0.464511  0.373251  0.426862  0.269102  0.191105  0.328442  0.061261  0.490933  0.047125  0.206511  0.396319  0.098084  0.763487  0.899849  0.137899  0.505897  0.335222  0.357007  0.455530  0.389385  0.330424  0.102873  0.114191  0.092584  0.505689  0.588078  0.881733  0.469946  0.592122  0.357642  0.493689  0.432994  0.381807  0.501268  0.823106  0.329261  0.152213  0.390070  0.425689  0.421286  0.626214  0.382039  0.357196  0.198004  0.624053  0.284452  0.847790  0.125475  0.425386  0.416862  0.756130  0.053186  0.446024  0.100205  0.073777  0.295946  0.391537 
30  0.371705  0.331544  0.120028  0.059929  0.137127  0.268379  0.390111  0.133744  0.356341  0.385893  0.540606  0.493575  0.257920  0.311955  0.284987  0.459320  0.179669  0.339877  0.158996  0.274296  0.729717  0.266073  0.366736  0.194475  0.228618  0.170813  0.357145  0.215953  0.443687  0.436979 0.0  0.604714  0.006472  0.276949  0.243335  0.349724  0.393486  0.113900  0.494695  0.542125  0.508752  0.351568  0.505638  0.362535  0.145543  0.260957  0.324579  0.304374  0.399616  0.693684  0.384797  0.264586  0.252525  0.257288  0.722693  0.661502  0.417653  0.497399  0.094664  0.240680  0.240119  0.441127  0.283140  0.349160  0.411409  0.349001  0.466663  0.704428  0.706824  0.536754  0.538035  0.230341  0.118353  0.337429  0.057242  0.079522  0.605153  0.084478  0.416692  0.477737  0.220318  0.162873  0.387997  0.281780  0.332394  0.320134  0.553248  0.558981  0.445525  0.417384  0.535126  0.322409  0.701349  0.404358  0.241244  0.373283  0.409697  0.259812  0.193265 
31  0.418673  0.540409  0.414135  0.369937  0.468354  0.463390  0.484112  0.455981  0.439977  0.418348  0.423981  0.540809  0.540933  0.444845  0.472348  0.474390  0.502536  0.578152  0.504468  0.609183  0.428826  0.484471  0.549115  0.454533  0.601624  0.520037  0.588577  0.413567  0.462578  0.386703  0.604714 0.0  0.560425  0.608690  0.483850  0.513080  0.576584  0.485563  0.473513  0.524319  0.486928  0.538263  0.545953  0.445803  0.482700  0.479043  0.553895  0.376404  0.516376  0.320920  0.420051  0.483728  0.377654  0.337352  0.515231  0.476454  0.430387  0.529561  0.492591  0.409983  0.430358  0.514450  0.494946  0.510698  0.458335  0.476366  0.412959  0.341580  0.549815  0.460261  0.387878  0.557411  0.308209  0.581607  0.439152  0.375892  0.489306  0.381879  0.521107  0.453860  0.441805  0.337248  0.448223  0.429365  0.479542  0.519709  0.556005  0.528409  0.521769  0.474928  0.377211  0.466933  0.482549  0.475887  0.440389  0.482407  0.510652  0.430967  0.430731 
32  0.538300  0.347821  0.234684  0.009144  0.000000  0.492655  0.531335  0.055107  0.469289  0.332357  0.399678  0.558452  0.068321  0.309986  0.199103  0.406598  0.054521  0.341336  0.034334  0.400862  0.901806  0.079293  0.450417  0.296123  0.373490  0.114638  0.371008  0.028613  0.437161  0.439706  0.006472  0.560425 0.0  0.282396  0.280146  0.274404  0.431101  0.029240  0.558228  0.492099  0.360603  0.233568  0.510606  0.308629  0.010190  0.284645  0.274334  0.184002  0.406682  0.783226  0.237490  0.186983  0.078687  0.320060  0.658920  0.856553  0.249325  0.428325  0.021495  0.117594  0.000000  0.398568  0.302757  0.334286  0.368936  0.315173  0.423390  0.851295  0.725772  0.255261  0.559211  0.071888  0.045850  0.326484  0.025922  0.077654  0.518503  0.049478  0.428286  0.289969  0.224656  0.099011  0.253114  0.085594  0.239483  0.458420  0.497863  0.522513  0.423344  0.362048  0.269909  0.393575  0.817037  0.526830  0.084405  0.451065  0.515907  0.141641  0.042470 
33  0.549580  0.574703  0.302600  0.394125  0.119663  0.530774  0.234097  0.294299  0.508880  0.640614  0.505331  0.701730  0.313180  0.695742  0.292736  0.615857  0.147707  0.436885  0.197904  0.711819  0.638720  0.312939  0.536850  0.393907  0.407848  0.247287  0.609970  0.444272  0.564299  0.629263  0.276949  0.608690  0.282396 0.0  0.443138  0.555766  0.678181  0.265811  0.615140  0.796081  0.568407  0.599689  0.498790  0.574859  0.240260  0.561904  0.610917  0.583743  0.634464  0.580348  0.696221  0.477387  0.233749  0.497194  0.665252  0.586080  0.581824  0.593367  0.280333  0.321153  0.323495  0.576802  0.509285  0.621614  0.526139  0.517950  0.428250  0.556969  0.553355  0.535726  0.488111  0.205412  0.376589  0.689554  0.220638  0.296478  0.369226  0.430294  0.454136  0.525384  0.471684  0.323787  0.335607  0.310795  0.685116  0.524212  0.286350  0.569074  0.526690  0.564541  0.526612  0.537491  0.520603  0.542404  0.324865  0.495949  0.445327  0.210601  0.229324 
34  0.466489  0.548115  0.320421  0.461830  0.282158  0.558798  0.428096  0.255142  0.479524  0.736292  0.592815  0.702357  0.278988  0.596142  0.332507  0.610427  0.261701  0.509183  0.175441  0.622271  0.723978  0.326403  0.436454  0.501916  0.503490  0.226879  0.651656  0.176271  0.630752  0.585589  0.243335  0.483850  0.280146  0.443138 0.0  0.440709  0.610705  0.271527  0.592015  0.621379  0.477842  0.600824  0.428999  0.647316  0.345878  0.428945  0.622747  0.452799  0.580336  0.456014  0.719027  0.447843  0.175403  0.449618  0.724125  0.555609  0.665681  0.564656  0.183479  0.184118  0.211602  0.564904  0.569156  0.641442  0.557412  0.413747  0.492469  0.598980  0.536756  0.586432  0.413967  0.293016  0.443853  0.598503  0.222173  0.501511  0.156617  0.422709  0.494362  0.501965  0.495956  0.314615  0.296725  0.328636  0.555796  0.571051  0.230325  0.649090  0.306122  0.631740  0.480502  0.558839  0.539454  0.630408  0.321131  0.523137  0.656620  0.301122  0.217525 
35  0.363867  0.436770  0.253775  0.316574  0.312620  0.085730  0.463874  0.347917  0.000000  0.310919  0.372867  0.252107  0.305463  0.013180  0.372651  0.358117  0.296398  0.267945  0.227254  0.190133  0.775231  0.329517  0.422664  0.508650  0.192038  0.358141  0.124193  0.417752  0.184054  0.111006  0.349724  0.513080  0.274404  0.555766  0.440709 0.0  0.466035  0.369493  0.610964  0.289367  0.282105  0.206724  0.471455  0.495639  0.273403  0.263640  0.020544  0.332284  0.132447  0.425127  0.000000  0.195801  0.337030  0.046014  0.882536  0.733722  0.194753  0.364999  0.352017  0.264810  0.353810  0.373812  0.272152  0.000000  0.195218  0.098068  0.401262  0.448240  0.794587  0.380335  0.467376  0.288020  0.344180  0.369355  0.361135  0.283913  0.683491  0.319876  0.028681  0.288096  0.248749  0.323574  0.567878  0.282444  0.297091  0.093063  0.804896  0.293131  0.710325  0.053069  0.233187  0.288426  0.826950  0.159508  0.247525  0.179288  0.147268  0.300741  0.360683 
36  0.170143  0.242685  0.303092  0.303250  0.409095  0.460814  0.397936  0.469683  0.457766  0.280798  0.064618  0.639456  0.464897  0.354228  0.380759  0.126041  0.478135  0.304424  0.428861  0.339858  0.524414  0.446994  0.000000  0.567160  0.393481  0.338423  0.417843  0.337837  0.363947  0.350521  0.393486  0.576584  0.431101  0.678181  0.610705  0.466035 0.0  0.350741  0.285491  0.697381  0.156297  0.349147  0.431277  0.051247  0.462636  0.300552  0.381040  0.322376  0.505808  0.834088  0.420723  0.284053  0.391547  0.377018  0.556140  0.550805  0.366829  0.083231  0.326819  0.364935  0.408794  0.107217  0.233410  0.394018  0.406088  0.408600  0.460832  0.811119  0.523658  0.129409  0.505778  0.307173  0.407483  0.164314  0.371051  0.336139  0.828468  0.437400  0.420410  0.030046  0.180966  0.472703  0.564861  0.429022  0.127822  0.387376  0.811885  0.576623  0.730983  0.424903  0.167796  0.059830  0.518849  0.351629  0.425090  0.370731  0.366658  0.411851  0.388283 
37  0.400026  0.407881  0.058537  0.190944  0.225587  0.448147  0.537955  0.118157  0.317839  0.327202  0.454295  0.632129  0.239960  0.338201  0.291475  0.429698  0.150658  0.312730  0.220005  0.369958  0.769924  0.131954  0.220279  0.306905  0.336699  0.145007  0.284976  0.170458  0.286674  0.470923  0.113900  0.485563  0.029240  0.265811  0.271527  0.369493  0.350741 0.0  0.581817  0.602778  0.457523  0.305011  0.458273  0.249463  0.160714  0.247062  0.404767  0.325392  0.454098  0.731406  0.249963  0.294336  0.124167  0.415316  0.700369  0.738442  0.251544  0.421605  0.217125  0.294538  0.194358  0.322499  0.446474  0.336687  0.462587  0.220765  0.498680  0.719237  0.771817  0.516624  0.479176  0.099933  0.070190  0.474844  0.019526  0.139825  0.625323  0.000000  0.303932  0.456653  0.264087  0.131726  0.468335  0.100118  0.266866  0.214862  0.668333  0.577446  0.503186  0.327633  0.398793  0.291305  0.748398  0.300771  0.172599  0.333172  0.366976  0.237174  0.134577 
38  0.305249  0.421949  0.476630  0.537143  0.623879  0.550231  0.509969  0.549009  0.670247  0.521000  0.276418  0.694090  0.531927  0.632771  0.574088  0.435562  0.575604  0.500608  0.642270  0.592655  0.243781  0.615552  0.377084  0.564604  0.560733  0.509547  0.668268  0.700793  0.633148  0.654557  0.494695  0.473513  0.558228  0.615140  0.592015  0.610964  0.285491  0.581817 0.0  0.482747  0.325095  0.696470  0.506604  0.249308  0.560457  0.462519  0.582404  0.458095  0.512839  0.456619  0.622008  0.532755  0.626512  0.534100  0.355397  0.459212  0.567180  0.315126  0.612432  0.572337  0.573397  0.220202  0.421747  0.568836  0.564845  0.590163  0.543837  0.596322  0.374480  0.264509  0.416816  0.630319  0.627891  0.312964  0.616864  0.723636  0.571425  0.655959  0.621855  0.382718  0.439467  0.623207  0.593667  0.600636  0.385265  0.632935  0.528756  0.590006  0.606755  0.671320  0.369637  0.424103  0.364595  0.635552  0.540959  0.503293  0.610258  0.636466  0.643784 
39  0.578816  0.511165  0.546249  0.643318  0.465962  0.273770  0.355593  0.640060  0.266081  0.748389  0.517647  0.404651  0.508475  0.412579  0.479174  0.490481  0.602979  0.535382  0.527253  0.379633  0.647753  0.431664  0.547806  0.622695  0.335005  0.630816  0.429979  0.572748  0.355560  0.390138  0.542125  0.524319  0.492099  0.796081  0.621379  0.289367  0.697381  0.602778  0.482747 0.0  0.515326  0.303520  0.487823  0.546117  0.481182  0.548614  0.408559  0.556431  0.406129  0.230942  0.458175  0.409743  0.537352  0.316380  0.586468  0.510344  0.448098  0.520643  0.548628  0.531859  0.504374  0.719038  0.435751  0.367260  0.382329  0.194911  0.400980  0.300157  0.527354  0.544220  0.408601  0.456416  0.626746  0.574834  0.505428  0.666937  0.472245  0.710379  0.269919  0.502627  0.468573  0.585861  0.507407  0.583201  0.649024  0.318544  0.556074  0.348442  0.644657  0.386935  0.542440  0.525579  0.460972  0.338495  0.560642  0.216045  0.241663  0.530787  0.542900 
