99
0 0.0  0.263133  0.229341  0.500622  0.634495  0.262906  0.231835  0.232856  0.315820  0.448632  0.391015  0.196969  0.269793  0.507226  0.251657  0.674951  0.234962  0.189026  0.325101  0.355909  0.331212  0.297120  0.259517  0.362983  0.321467  0.810299  0.220045  0.434106  0.320718  0.271172  0.244494  0.301271  0.264904  0.346041  0.444593  0.467453  0.567457  0.296581  0.250929  0.364061  0.202430  0.270276  0.144495  0.264664  0.510033  0.410485  0.480411  0.207794  0.250609  0.234594  0.211177  0.164319  0.456918  0.284975  0.245148  0.264797  0.414414  0.241771  0.297720  0.215921  0.353741  0.376351  0.316790  0.334443  0.414797  0.268894  0.284568  0.230038  0.230473  0.334477  0.235879  0.273151  0.236310  0.205905  0.176888  0.291098  0.508119  0.269591  0.576433  0.301319  0.270772  0.318849  0.265404  0.296738  0.206525  0.272912  0.324224  0.234372  0.303470  0.591131  0.233391  0.688333  0.602658  0.234297  0.304246  0.516721  0.222361  0.193498  0.512383 
1  0.263133 0.0  0.481644  0.499029  0.803737  0.213011  0.189813  0.335147  0.253383  0.283969  0.522346  0.194992  0.038720  0.474966  0.266756  0.713920  0.423969  0.421903  0.204716  0.650524  0.141690  0.296486  0.255533  0.379321  0.268287  0.652885  0.006808  0.328555  0.418135  0.406469  0.270086  0.279112  0.239598  0.293022  0.456827  0.475002  0.832410  0.422924  0.314476  0.485527  0.340121  0.080491  0.181920  0.391533  0.452899  0.335271  0.485841  0.002887  0.237899  0.442461  0.360630  0.325706  0.382250  0.439609  0.500136  0.174312  0.389865  0.212286  0.363628  0.360474  0.300924  0.416182  0.350526  0.180378  0.577630  0.042566  0.231421  0.381733  0.472601  0.271955  0.326791  0.301564  0.182856  0.322214  0.366668  0.224477  0.424693  0.273853  0.638031  0.195426  0.451674  0.163740  0.404468  0.280687  0.337579  0.265171  0.193510  0.185656  0.475272  0.681558  0.251795  0.710351  0.684315  0.280822  0.000000  0.487367  0.429760  0.205051  0.553380 
2  0.229341  0.481644 0.0  0.334634  0.509017  0.402178  0.365007  0.141972  0.293759  0.554838  0.627140  0.407821  0.415247  0.313150  0.207967  0.801292  0.391945  0.418784  0.414202  0.553546  0.406635  0.323386  0.194401  0.433813  0.234890  0.359592  0.463518  0.451372  0.450943  0.156123  0.067057  0.057939  0.394508  0.347683  0.371905  0.421817  0.820537  0.118649  0.201130  0.500045  0.362725  0.437132  0.339849  0.304337  0.585138  0.546103  0.469910  0.287212  0.428112  0.068810  0.201652  0.175876  0.569677  0.390548  0.214874  0.312537  0.428010  0.423965  0.058628  0.437672  0.362648  0.084403  0.142238  0.338810  0.290044  0.462645  0.415190  0.341037  0.308311  0.104285  0.275600  0.388818  0.394540  0.219830  0.099551  0.282167  0.636333  0.339210  0.769538  0.447650  0.361070  0.370900  0.381507  0.276403  0.162713  0.387176  0.272503  0.283921  0.334306  0.559097  0.424580  0.846586  0.850067  0.412232  0.428707  0.477197  0.108779  0.440663  0.414459 
3  0.500622  0.499029  0.334634 0.0  0.275228  0.500623  0.530000  0.422899  0.287714  0.758167  0.459616  0.622530  0.763595  0.360256  0.376882  0.449291  0.617009  0.586200  0.605036  0.648456  0.559656  0.415375  0.182649  0.530209  0.393221  0.222909  0.655622  0.578502  0.541968  0.301586  0.413192  0.304612  0.525467  0.604864  0.598059  0.491589  0.587926  0.241759  0.445159  0.559383  0.511128  0.709235  0.474195  0.477810  0.573109  0.543922  0.369960  0.668347  0.526361  0.366773  0.234316  0.244245  0.613913  0.598704  0.338450  0.620709  0.443527  0.569772  0.205288  0.578913  0.422539  0.325474  0.371739  0.490539  0.392594  0.465546  0.563497  0.568110  0.427452  0.270731  0.627281  0.493442  0.556042  0.416409  0.292811  0.485872  0.518203  0.517999  0.604312  0.538666  0.544089  0.565488  0.638209  0.558602  0.320363  0.556474  0.394756  0.509892  0.629245  0.313175  0.513850  0.525824  0.511486  0.486651  0.791914  0.457419  0.252722  0.584359  0.305921 
4  0.634495  0.803737  0.509017  0.275228 0.0  0.781817  0.788597  0.651781  0.602469  0.591475  0.656044  0.814547  0.848739  0.313764  0.445071  0.743305  0.868261  0.736867  0.762114  0.555688  0.864469  0.851864  0.513082  0.849885  0.474648  0.041473  0.863442  0.709595  0.738479  0.507242  0.504266  0.683220  0.781026  0.756896  0.497339  0.506398  0.837034  0.510215  0.509551  0.448649  0.818060  0.878833  0.811016  0.610979  0.634488  0.642711  0.318479  0.807500  0.781446  0.535209  0.589842  0.486906  0.605929  0.839677  0.517113  0.754284  0.643711  0.817827  0.608517  0.813565  0.645930  0.375216  0.567909  0.791046  0.412418  0.862393  0.787880  0.705396  0.935109  0.567553  0.797379  0.837838  0.794781  0.593652  0.555205  0.626857  0.511251  0.760282  0.799914  0.814716  0.843435  0.730967  0.882203  0.717149  0.482317  0.815806  0.659875  0.893786  0.845265  0.574364  0.723004  0.889886  0.304042  0.838275  0.903156  0.515162  0.502958  0.730861  0.346495 
5  0.262906  0.213011  0.402178  0.500623  0.781817 0.0  0.235968  0.232939  0.351795  0.297376  0.478405  0.195031  0.046627  0.480554  0.345449  0.715524  0.446603  0.463895  0.157697  0.655405  0.216732  0.175700  0.316512  0.416352  0.275610  0.764916  0.190744  0.364155  0.385942  0.330995  0.325061  0.276118  0.235713  0.362456  0.478229  0.423729  0.543986  0.306444  0.373518  0.604804  0.335007  0.172983  0.235134  0.329861  0.405349  0.393192  0.493855  0.010457  0.101955  0.444492  0.280380  0.360264  0.393023  0.476918  0.343930  0.295346  0.363301  0.332098  0.339051  0.335632  0.274460  0.222874  0.327327  0.196523  0.555024  0.000000  0.155974  0.288232  0.524947  0.249185  0.321116  0.111568  0.144347  0.308713  0.267562  0.184610  0.440022  0.369418  0.684010  0.218400  0.460091  0.218964  0.404607  0.306250  0.319287  0.189544  0.318520  0.172003  0.377090  0.698009  0.198042  0.719010  0.607944  0.108100  0.032519  0.525471  0.342225  0.185936  0.663562 
6  0.231835  0.189813  0.365007  0.530000  0.788597  0.235968 0.0  0.313060  0.306881  0.386400  0.480254  0.135967  0.000000  0.488995  0.409554  0.720806  0.414109  0.366103  0.115226  0.462043  0.253198  0.227892  0.333672  0.363888  0.369130  0.771058  0.030345  0.401904  0.423603  0.308454  0.308806  0.439985  0.255997  0.261385  0.476637  0.351274  0.718894  0.391730  0.379220  0.525524  0.308629  0.056585  0.233724  0.258947  0.427252  0.375910  0.540797  0.113070  0.182797  0.417306  0.299934  0.268736  0.307222  0.360279  0.407744  0.230470  0.358418  0.199476  0.293138  0.316392  0.337189  0.215340  0.309655  0.172332  0.622801  0.104029  0.198992  0.370897  0.383671  0.339312  0.291023  0.190070  0.140387  0.286942  0.219787  0.230997  0.440618  0.393560  0.709077  0.284562  0.465370  0.040170  0.461708  0.246872  0.264046  0.139235  0.301168  0.212876  0.405508  0.723868  0.193690  0.592641  0.712360  0.190462  0.134486  0.536562  0.280672  0.089043  0.575059 
7  0.232856  0.335147  0.141972  0.422899  0.651781  0.232939  0.313060 0.0  0.269026  0.609208  0.572712  0.457267  0.496878  0.396788  0.246835  0.706013  0.334783  0.471031  0.398029  0.675240  0.346542  0.277531  0.070319  0.338759  0.171668  0.534796  0.481118  0.329699  0.306742  0.165258  0.307206  0.100878  0.248361  0.301588  0.513726  0.482943  0.828399  0.159780  0.095039  0.389868  0.351873  0.478700  0.276721  0.215471  0.557894  0.470519  0.440452  0.512043  0.347888  0.000000  0.075353  0.041767  0.631956  0.276826  0.245677  0.250314  0.325671  0.309356  0.055178  0.371486  0.293204  0.059153  0.189845  0.353683  0.450799  0.345740  0.290451  0.412775  0.289034  0.125306  0.295367  0.436474  0.335012  0.295545  0.099519  0.245754  0.489038  0.372586  0.805049  0.300052  0.450635  0.363730  0.329460  0.257395  0.106879  0.375954  0.263631  0.300496  0.361168  0.411634  0.442516  0.688702  0.676172  0.348390  0.496221  0.391753  0.000000  0.334351  0.293124 
8  0.315820  0.253383  0.293759  0.287714  0.602469  0.351795  0.306881  0.269026 0.0  0.524137  0.423033  0.450235  0.299641  0.490156  0.325287  0.668755  0.321075  0.250788  0.156091  0.548496  0.283478  0.238700  0.288202  0.203149  0.253833  0.626635  0.304683  0.274018  0.198437  0.365821  0.272177  0.219655  0.283288  0.282413  0.446857  0.528582  0.622420  0.271705  0.225094  0.403155  0.273237  0.266201  0.279329  0.264521  0.521278  0.454066  0.571583  0.245549  0.223630  0.281995  0.150568  0.294088  0.462112  0.193724  0.266580  0.278635  0.232759  0.279421  0.209026  0.302074  0.339392  0.316581  0.235890  0.166616  0.416224  0.358392  0.281322  0.213493  0.215312  0.255148  0.343724  0.333330  0.258102  0.261412  0.244851  0.285998  0.395318  0.321932  0.655202  0.244148  0.245033  0.318203  0.320095  0.233852  0.279062  0.165821  0.303197  0.272651  0.242082  0.643433  0.262007  0.642756  0.666342  0.194903  0.230764  0.485016  0.110172  0.261159  0.444023 
9  0.448632  0.283969  0.554838  0.758167  0.591475  0.297376  0.386400  0.609208  0.524137 0.0  0.311329  0.255371  0.408170  0.618517  0.585809  0.546360  0.698686  0.502330  0.207104  0.567640  0.186078  0.196665  0.387046  0.526666  0.713138  0.471323  0.360313  0.617242  0.608295  0.445121  0.682201  0.498753  0.231076  0.513174  0.409906  0.459266  0.483459  0.543258  0.628994  0.470882  0.452200  0.428669  0.338376  0.447824  0.222496  0.204346  0.510762  0.407930  0.355701  0.638094  0.539013  0.517917  0.304427  0.514939  0.663582  0.250579  0.585242  0.373356  0.662774  0.497417  0.388651  0.520480  0.758027  0.192447  0.546217  0.356587  0.360726  0.805689  0.471369  0.451125  0.568053  0.295393  0.252369  0.426930  0.508336  0.478079  0.348773  0.499268  0.732182  0.242720  0.582397  0.229296  0.488274  0.407927  0.540683  0.292942  0.515552  0.297371  0.485553  0.569802  0.242189  0.529978  0.148739  0.194647  0.379068  0.450921  0.586106  0.221510  0.639395 
10  0.391015  0.522346  0.627140  0.459616  0.656044  0.478405  0.480254  0.572712  0.423033  0.311329 0.0  0.350026  0.265646  0.615006  0.511916  0.489184  0.725014  0.596620  0.452212  0.494903  0.448383  0.385503  0.623556  0.484579  0.452707  0.468673  0.317350  0.627874  0.530787  0.466312  0.488095  0.630233  0.422717  0.450823  0.522522  0.473805  0.468239  0.557793  0.526350  0.411772  0.443181  0.290999  0.387338  0.515890  0.482782  0.293841  0.466989  0.324779  0.455168  0.607886  0.512449  0.596118  0.472270  0.712437  0.422847  0.489042  0.424005  0.360950  0.651111  0.562957  0.495747  0.596967  0.484630  0.381413  0.621115  0.232133  0.357359  0.553769  0.740280  0.564333  0.565160  0.328337  0.342843  0.516728  0.550725  0.550682  0.409304  0.571177  0.483612  0.321997  0.581388  0.365236  0.519469  0.458776  0.529315  0.316679  0.542607  0.375702  0.688139  0.466908  0.400538  0.450480  0.388946  0.583947  0.381652  0.492938  0.520351  0.494061  0.563784 
11  0.196969  0.194992  0.407821  0.622530  0.814547  0.195031  0.135967  0.457267  0.450235  0.255371  0.350026 0.0  0.035084  0.476656  0.256867  0.814540  0.547925  0.487464  0.085389  0.499707  0.243670  0.206248  0.280264  0.351277  0.298726  0.724381  0.023208  0.334990  0.419001  0.309566  0.337001  0.316915  0.218965  0.275501  0.424494  0.403644  0.830952  0.438590  0.356748  0.550066  0.314513  0.043626  0.311621  0.213368  0.438912  0.435254  0.434922  0.062731  0.280740  0.366228  0.238581  0.310706  0.410992  0.411498  0.242920  0.166511  0.262239  0.245175  0.264323  0.374036  0.227375  0.262528  0.362144  0.156385  0.697435  0.000000  0.060881  0.267558  0.486164  0.272333  0.283960  0.242622  0.207629  0.316182  0.324927  0.298628  0.430900  0.398103  0.714988  0.255045  0.515594  0.178922  0.275078  0.381844  0.251162  0.162448  0.178004  0.182004  0.392167  0.598817  0.183113  0.736940  0.601807  0.207284  0.026197  0.523128  0.377051  0.197932  0.548178 
12  0.269793  0.038720  0.415247  0.763595  0.848739  0.046627  0.000000  0.496878  0.299641  0.408170  0.265646  0.035084 0.0  0.638969  0.406815  0.676111  0.319618  0.318428  0.105222  0.545928  0.110097  0.054563  0.220698  0.375465  0.527957  0.803469  0.173495  0.292242  0.458955  0.421990  0.421698  0.407932  0.069422  0.387015  0.482468  0.405269  0.755019  0.324238  0.376395  0.463142  0.289430  0.126790  0.052542  0.258758  0.308641  0.281377  0.538103  0.184825  0.017897  0.294798  0.287860  0.348037  0.241283  0.373204  0.391367  0.042226  0.371827  0.069447  0.246942  0.338430  0.301776  0.291988  0.465518  0.000000  0.564734  0.020850  0.039482  0.463854  0.359010  0.344198  0.322725  0.010818  0.183933  0.245875  0.284938  0.210025  0.247683  0.452775  0.879531  0.098989  0.363009  0.005527  0.362529  0.296541  0.358088  0.031948  0.302010  0.121195  0.330184  0.710056  0.165343  0.696276  0.544950  0.104832  0.252750  0.444623  0.344682  0.138359  0.555870 
13  0.507226  0.474966  0.313150  0.360256  0.313764  0.480554  0.488995  0.396788  0.490156  0.618517  0.615006  0.476656  0.638969 0.0  0.381408  0.597673  0.573932  0.587849  0.531435  0.554867  0.568522  0.503371  0.294927  0.609295  0.450053  0.240893  0.614571  0.579427  0.539749  0.280538  0.346868  0.247108  0.516848  0.555730  0.417194  0.412546  0.461808  0.270535  0.326773  0.374615  0.434679  0.777348  0.533141  0.370704  0.530367  0.438680  0.431017  0.722057  0.574693  0.220579  0.158857  0.246161  0.599325  0.491760  0.348795  0.501972  0.560228  0.563741  0.245872  0.581746  0.583399  0.179363  0.399235  0.478905  0.196811  0.494035  0.531681  0.717988  0.487713  0.352081  0.483757  0.545605  0.478122  0.568035  0.323785  0.559119  0.584612  0.621384  0.582999  0.591918  0.529666  0.616763  0.582152  0.511003  0.230080  0.541705  0.435604  0.499449  0.553294  0.247193  0.578112  0.482012  0.533618  0.458211  0.607098  0.527283  0.291766  0.518015  0.357207 
14  0.251657  0.266756  0.207967  0.376882  0.445071  0.345449  0.409554  0.246835  0.325287  0.585809  0.511916  0.256867  0.406815  0.381408 0.0  0.746653  0.285225  0.422922  0.384511  0.521454  0.358207  0.366905  0.064281  0.337771  0.207801  0.466660  0.417986  0.321656  0.391502  0.079656  0.177570  0.022111  0.416747  0.363055  0.431608  0.504168  0.696949  0.030559  0.201278  0.448481  0.360536  0.397070  0.320705  0.232377  0.534547  0.531373  0.529675  0.449083  0.298393  0.158521  0.127993  0.070857  0.562291  0.330478  0.220016  0.429114  0.406410  0.289030  0.082282  0.316727  0.188244  0.101993  0.292537  0.270501  0.421654  0.312345  0.276450  0.437729  0.305522  0.084546  0.329005  0.239418  0.314983  0.352963  0.094980  0.393580  0.615355  0.393872  0.777854  0.372487  0.362302  0.363247  0.301634  0.331686  0.116912  0.371581  0.189817  0.271576  0.462784  0.510212  0.397795  0.736257  0.686386  0.349303  0.428634  0.440392  0.132655  0.308289  0.365896 
15  0.674951  0.713920  0.801292  0.449291  0.743305  0.715524  0.720806  0.706013  0.668755  0.546360  0.489184  0.814540  0.676111  0.597673  0.746653 0.0  0.502638  0.577338  0.735169  0.427657  0.708015  0.699632  0.751893  0.568225  0.765021  0.899535  0.697117  0.473358  0.565091  0.698663  0.848181  0.694053  0.823791  0.710430  0.506670  0.534257  0.088912  0.838146  0.831537  0.419521  0.477923  0.656246  0.768652  0.621898  0.423566  0.437957  0.521053  0.713427  0.693484  0.788812  0.846903  0.904125  0.593628  0.539927  0.598134  0.717609  0.615248  0.783499  0.901817  0.663423  0.534154  0.843217  0.734212  0.765592  0.691269  0.754134  0.662877  0.728847  0.405535  0.843830  0.599930  0.714282  0.640060  0.718343  0.892193  0.567675  0.474003  0.459906  0.054029  0.714377  0.491730  0.730032  0.580787  0.697406  0.697296  0.811740  0.679261  0.700654  0.559327  0.484988  0.793678  0.095210  0.743076  0.758463  0.741859  0.409294  0.828956  0.680205  0.583202 
16  0.234962  0.423969  0.391945  0.617009  0.868261  0.446603  0.414109  0.334783  0.321075  0.698686  0.725014  0.547925  0.319618  0.573932  0.285225  0.502638 0.0  0.128554  0.466250  0.363086  0.405587  0.473347  0.422106  0.051330  0.324498  0.723145  0.337389  0.248032  0.224308  0.431503  0.256844  0.408510  0.456124  0.252389  0.476691  0.443824  0.542863  0.355126  0.294182  0.484820  0.083914  0.337653  0.442848  0.252002  0.689136  0.664923  0.420880  0.439553  0.385038  0.374834  0.312315  0.354820  0.694161  0.200082  0.345732  0.488357  0.083592  0.408136  0.324876  0.027156  0.219840  0.329379  0.254285  0.468943  0.640924  0.269887  0.374133  0.260176  0.181760  0.253580  0.130404  0.468716  0.471142  0.242118  0.436993  0.343385  0.724225  0.097070  0.475529  0.365497  0.209908  0.446962  0.082602  0.315756  0.359462  0.449008  0.364762  0.449936  0.106575  0.769663  0.477167  0.541555  0.936988  0.513227  0.462040  0.519825  0.446771  0.454231  0.610154 
17  0.189026  0.421903  0.418784  0.586200  0.736867  0.463895  0.366103  0.471031  0.250788  0.502330  0.596620  0.487464  0.318428  0.587849  0.422922  0.577338  0.128554 0.0  0.485114  0.303582  0.574473  0.464993  0.406624  0.137753  0.347842  0.640733  0.380406  0.084856  0.072431  0.485988  0.307481  0.287091  0.401398  0.056744  0.473862  0.418123  0.500422  0.377133  0.482563  0.489845  0.045142  0.238864  0.405441  0.192397  0.604316  0.674450  0.329418  0.230693  0.421302  0.453344  0.449695  0.318339  0.765716  0.177303  0.382881  0.417422  0.106375  0.558618  0.414840  0.042052  0.219310  0.455009  0.317333  0.517081  0.567008  0.294724  0.467827  0.258372  0.132954  0.332252  0.064608  0.539478  0.401378  0.345760  0.385688  0.277652  0.645524  0.184462  0.485222  0.451868  0.273111  0.549992  0.000000  0.258496  0.381199  0.501575  0.425951  0.485650  0.163803  0.714640  0.558834  0.512821  0.853848  0.479685  0.254151  0.438893  0.344767  0.447606  0.674936 
18  0.325101  0.204716  0.414202  0.605036  0.762114  0.157697  0.115226  0.398029  0.156091  0.207104  0.452212  0.085389  0.105222  0.531435  0.384511  0.735169  0.466250  0.485114 0.0  0.568029  0.286098  0.287531  0.338998  0.352104  0.338855  0.649122  0.122146  0.413595  0.313522  0.471832  0.235158  0.294967  0.207019  0.363899  0.470347  0.474495  0.644958  0.366921  0.429740  0.519395  0.426180  0.160471  0.177924  0.310212  0.425661  0.364357  0.416378  0.108065  0.222921  0.428863  0.431294  0.359224  0.286403  0.443446  0.293381  0.198182  0.324550  0.064168  0.370828  0.329818  0.271819  0.309941  0.307660  0.212980  0.718947  0.044129  0.179869  0.403205  0.564945  0.348154  0.318889  0.316097  0.164068  0.285922  0.339370  0.227507  0.436329  0.392620  0.688798  0.201197  0.448615  0.185171  0.294634  0.353449  0.324361  0.230782  0.276750  0.157427  0.384101  0.751132  0.173037  0.746530  0.543690  0.185432  0.077785  0.569879  0.297878  0.163034  0.563193 
19  0.355909  0.650524  0.553546  0.648456  0.555688  0.655405  0.462043  0.675240  0.548496  0.567640  0.494903  0.499707  0.545928  0.554867  0.521454  0.427657  0.363086  0.303582  0.568029 0.0  0.510644  0.713202  0.628829  0.278591  0.611617  0.641984  0.545595  0.335494  0.261326  0.576239  0.482811  0.544183  0.587967  0.390673  0.490241  0.436315  0.374837  0.680671  0.565256  0.472639  0.384466  0.548793  0.687293  0.435597  0.566009  0.547317  0.553227  0.502637  0.596804  0.513916  0.501968  0.622926  0.606090  0.362774  0.663876  0.557487  0.296177  0.621124  0.600571  0.357310  0.524911  0.621950  0.619424  0.503374  0.614692  0.567336  0.645859  0.656060  0.327090  0.627328  0.331358  0.639113  0.686622  0.491509  0.639122  0.539523  0.671455  0.269110  0.329051  0.590534  0.362735  0.566770  0.282604  0.512376  0.588945  0.666851  0.476328  0.660286  0.402820  0.574625  0.489715  0.351940  0.597727  0.534843  0.682540  0.454263  0.591477  0.752802  0.600466 
20  0.331212  0.141690  0.406635  0.559656  0.864469  0.216732  0.253198  0.346542  0.283478  0.186078  0.448383  0.243670  0.110097  0.568522  0.358207  0.708015  0.405587  0.574473  0.286098  0.510644 0.0  0.092376  0.290121  0.461126  0.407058  0.718240  0.085076  0.373326  0.417940  0.433467  0.291602  0.282457  0.218317  0.308724  0.547033  0.449979  0.764492  0.249373  0.390818  0.373798  0.302697  0.074389  0.187010  0.203079  0.542672  0.408098  0.466819  0.088024  0.106763  0.400413  0.407233  0.392919  0.425285  0.526181  0.363898  0.184066  0.308140  0.118939  0.307014  0.279123  0.282058  0.407144  0.309592  0.209788  0.524495  0.038323  0.175517  0.203456  0.462984  0.342043  0.298693  0.222077  0.184396  0.150857  0.335707  0.289949  0.417667  0.405105  0.706145  0.232940  0.438454  0.218461  0.300227  0.242928  0.262959  0.081438  0.276089  0.256875  0.375828  0.660312  0.318708  0.738243  0.579057  0.158605  0.150894  0.546769  0.407998  0.158249  0.583307 
21  0.297120  0.296486  0.323386  0.415375  0.851864  0.175700  0.227892  0.277531  0.238700  0.196665  0.385503  0.206248  0.054563  0.503371  0.366905  0.699632  0.473347  0.464993  0.287531  0.713202  0.092376 0.0  0.272756  0.404351  0.276095  0.832827  0.082547  0.339496  0.481702  0.320386  0.315784  0.243212  0.179542  0.335604  0.432291  0.520625  0.643019  0.378099  0.411699  0.492040  0.285339  0.050067  0.096036  0.233221  0.351432  0.401576  0.519636  0.100365  0.241030  0.475176  0.314192  0.291661  0.377604  0.557594  0.367342  0.182572  0.346841  0.082273  0.249986  0.331537  0.182567  0.370374  0.267802  0.251691  0.601378  0.019088  0.174119  0.394678  0.422478  0.361697  0.377350  0.192470  0.163488  0.252887  0.397988  0.348185  0.353171  0.379341  0.677399  0.227525  0.428230  0.229820  0.206952  0.188877  0.359709  0.150226  0.225251  0.213564  0.479519  0.692494  0.138355  0.772115  0.617965  0.158194  0.000000  0.432960  0.314739  0.181569  0.588982 
22  0.259517  0.255533  0.194401  0.182649  0.513082  0.316512  0.333672  0.070319  0.288202  0.387046  0.623556  0.280264  0.220698  0.294927  0.064281  0.751893  0.422106  0.406624  0.338998  0.628829  0.290121  0.272756 0.0  0.365534  0.066171  0.439042  0.299335  0.356509  0.448085  0.195801  0.036212  0.190044  0.383719  0.294316  0.386550  0.342229  0.700048  0.094703  0.204394  0.464816  0.454431  0.331213  0.219025  0.282853  0.482307  0.569887  0.409652  0.374830  0.413639  0.163944  0.189310  0.006531  0.544480  0.295001  0.029535  0.343184  0.411934  0.372065  0.038941  0.387157  0.341838  0.128472  0.022126  0.357000  0.340664  0.277597  0.396997  0.426653  0.284566  0.025954  0.356841  0.305247  0.250199  0.368724  0.169114  0.243583  0.492951  0.400810  0.730714  0.337588  0.364369  0.305314  0.470534  0.248091  0.087990  0.322362  0.276502  0.316601  0.317265  0.505833  0.420816  0.695603  0.706590  0.376900  0.366781  0.527640  0.062645  0.281638  0.274923 
23  0.362983  0.379321  0.433813  0.530209  0.849885  0.416352  0.363888  0.338759  0.203149  0.526666  0.484579  0.351277  0.375465  0.609295  0.337771  0.568225  0.051330  0.137753  0.352104  0.278591  0.461126  0.404351  0.365534 0.0  0.312967  0.778327  0.331593  0.162760  0.070127  0.426805  0.302019  0.447991  0.260160  0.136891  0.472212  0.390419  0.519940  0.303600  0.389442  0.410882  0.024630  0.325681  0.265357  0.434909  0.535375  0.535059  0.470164  0.346708  0.331230  0.330007  0.366046  0.350692  0.626482  0.081437  0.362679  0.386875  0.057725  0.306087  0.385948  0.034709  0.253171  0.307629  0.403662  0.232749  0.602620  0.451073  0.297779  0.332269  0.125578  0.310949  0.089404  0.393455  0.250188  0.368317  0.253242  0.355468  0.490530  0.143900  0.546740  0.352529  0.027663  0.384834  0.018760  0.231569  0.364634  0.315405  0.305628  0.170251  0.235322  0.724696  0.411338  0.484413  0.669257  0.373955  0.281185  0.431190  0.340171  0.510587  0.626112 
24  0.321467  0.268287  0.234890  0.393221  0.474648  0.275610  0.369130  0.171668  0.253833  0.713138  0.452707  0.298726  0.527957  0.450053  0.207801  0.765021  0.324498  0.347842  0.338855  0.611617  0.407058  0.276095  0.066171  0.312967 0.0  0.498687  0.506721  0.362483  0.336025  0.108366  0.161650  0.078864  0.272373  0.296526  0.462976  0.455049  0.805431  0.082859  0.148068  0.452653  0.384733  0.436370  0.346901  0.248192  0.523683  0.495405  0.461057  0.495591  0.352828  0.153937  0.000000  0.112132  0.509511  0.294941  0.174154  0.334181  0.350724  0.344583  0.051223  0.348622  0.247557  0.038874  0.158562  0.287369  0.197623  0.302611  0.458305  0.449960  0.307032  0.093980  0.295299  0.253928  0.398044  0.193663  0.061328  0.257721  0.591657  0.448608  0.922289  0.405088  0.366102  0.328258  0.468846  0.275325  0.110089  0.226841  0.267817  0.332435  0.389443  0.405526  0.311141  0.672286  0.815439  0.357875  0.432917  0.456829  0.039594  0.314682  0.404803 
25  0.810299  0.652885  0.359592  0.222909  0.041473  0.764916  0.771058  0.534796  0.626635  0.471323  0.468673  0.724381  0.803469  0.240893  0.466660  0.899535  0.723145  0.640733  0.649122  0.641984  0.718240  0.832827  0.439042  0.778327  0.498687 0.0  0.888869  0.863718  0.878082  0.618492  0.379921  0.418305  0.708176  0.781000  0.388217  0.390894  0.709501  0.500226  0.539153  0.478484  0.829746  0.810526  0.790463  0.711633  0.559056  0.603578  0.502534  0.735912  0.727830  0.487609  0.449343  0.656886  0.479021  0.823572  0.492729  0.731945  0.831050  0.738283  0.575664  0.885503  0.701529  0.653197  0.566439  0.732350  0.294333  0.774042  0.819398  0.650125  0.835714  0.617048  0.793119  0.771758  0.832765  0.756912  0.421713  0.654467  0.520513  0.843701  0.755317  0.668960  0.870831  0.695842  0.806635  0.748565  0.534415  0.603381  0.622729  0.717590  0.727846  0.628897  0.774597  0.856786  0.304897  0.698179  0.740890  0.425903  0.597290  0.790072  0.291749 
26  0.220045  0.006808  0.463518  0.655622  0.863442  0.190744  0.030345  0.481118  0.304683  0.360313  0.317350  0.023208  0.173495  0.614571  0.417986  0.697117  0.337389  0.380406  0.122146  0.545595  0.085076  0.082547  0.299335  0.331593  0.506721  0.888869 0.0  0.424568  0.494189  0.416859  0.460587  0.442961  0.000000  0.297417  0.442888  0.531727  0.782351  0.254199  0.566711  0.466347  0.384575  0.239449  0.122220  0.241738  0.205615  0.178546  0.567451  0.247155  0.114545  0.404758  0.376267  0.284198  0.268802  0.342075  0.468063  0.081487  0.316588  0.048389  0.367495  0.277733  0.195833  0.306997  0.567952  0.000000  0.630567  0.000000  0.026204  0.319404  0.369394  0.343716  0.199612  0.100216  0.000000  0.298970  0.297276  0.276844  0.242508  0.414065  0.811470  0.065869  0.388417  0.161282  0.299050  0.264092  0.353080  0.072396  0.241756  0.000000  0.467991  0.652017  0.000000  0.833409  0.526214  0.080694  0.128605  0.406879  0.311359  0.035748  0.568085 
27  0.434106  0.328555  0.451372  0.578502  0.709595  0.364155  0.401904  0.329699  0.274018  0.617242  0.627874  0.334990  0.292242  0.579427  0.321656  0.473358  0.248032  0.084856  0.413595  0.335494  0.373326  0.339496  0.356509  0.162760  0.362483  0.863718  0.424568 0.0  0.188010  0.391176  0.429340  0.424212  0.415543  0.099482  0.436352  0.445068  0.573994  0.346881  0.401019  0.458079  0.110903  0.496494  0.394978  0.285421  0.634050  0.646850  0.587894  0.417936  0.371333  0.455202  0.424569  0.347609  0.657874  0.133406  0.381727  0.391656  0.286992  0.340277  0.415639  0.066904  0.197873  0.384664  0.450519  0.449211  0.619963  0.492275  0.471111  0.426486  0.125506  0.449567  0.129239  0.438202  0.399320  0.361207  0.397126  0.196370  0.622536  0.113373  0.528873  0.379837  0.000000  0.386633  0.107851  0.240289  0.425962  0.475496  0.321869  0.408633  0.164776  0.846912  0.355105  0.512386  0.827474  0.364666  0.317425  0.421985  0.319937  0.317129  0.606970 
28  0.320718  0.418135  0.450943  0.541968  0.738479  0.385942  0.423603  0.306742  0.198437  0.608295  0.530787  0.419001  0.458955  0.539749  0.391502  0.565091  0.224308  0.072431  0.313522  0.261326  0.417940  0.481702  0.448085  0.070127  0.336025  0.878082  0.494189  0.188010 0.0  0.450885  0.444319  0.348650  0.316537  0.122599  0.429132  0.362340  0.561248  0.440930  0.373684  0.528545  0.138412  0.375397  0.310547  0.210735  0.591943  0.512631  0.402375  0.409076  0.335184  0.401934  0.378830  0.396015  0.683905  0.172672  0.387507  0.305825  0.184893  0.390593  0.499399  0.116805  0.291723  0.442487  0.243409  0.328341  0.665334  0.309760  0.422445  0.403158  0.100180  0.388471  0.115443  0.236125  0.269403  0.224290  0.342891  0.415630  0.634246  0.145767  0.550571  0.360060  0.111580  0.416289  0.074244  0.246500  0.358908  0.295497  0.277256  0.326679  0.128757  0.777782  0.416845  0.512366  0.879821  0.344117  0.363870  0.466825  0.405000  0.369965  0.610094 
29  0.271172  0.406469  0.156123  0.301586  0.507242  0.330995  0.308454  0.165258  0.365821  0.445121  0.466312  0.309566  0.421990  0.280538  0.079656  0.698663  0.431503  0.485988  0.471832  0.576239  0.433467  0.320386  0.195801  0.426805  0.108366  0.618492  0.416859  0.391176  0.450885 0.0  0.114303  0.151334  0.335224  0.373173  0.476084  0.529658  0.835402  0.105424  0.170451  0.340843  0.366050  0.459645  0.401092  0.298445  0.654757  0.550661  0.507911  0.396311  0.541053  0.070845  0.187929  0.136359  0.603395  0.441982  0.078792  0.454083  0.500163  0.342623  0.085568  0.410826  0.165120  0.173827  0.220141  0.422993  0.334681  0.314747  0.388479  0.389342  0.368155  0.143032  0.415422  0.293405  0.403047  0.227811  0.185005  0.232588  0.676267  0.439088  0.696476  0.403928  0.439731  0.333265  0.416829  0.309910  0.187409  0.457410  0.272683  0.369614  0.349316  0.471412  0.436511  0.886334  0.759414  0.402620  0.415662  0.509000  0.144762  0.426966  0.265057 
30  0.244494  0.270086  0.067057  0.413192  0.504266  0.325061  0.308806  0.307206  0.272177  0.682201  0.488095  0.337001  0.421698  0.346868  0.177570  0.848181  0.256844  0.307481  0.235158  0.482811  0.291602  0.315784  0.036212  0.302019  0.161650  0.379921  0.460587  0.429340  0.444319  0.114303 0.0  0.099187  0.369471  0.348999  0.463331  0.435884  0.827617  0.137944  0.050506  0.600403  0.346839  0.459908  0.246705  0.339474  0.627953  0.509684  0.528702  0.410101  0.377988  0.170771  0.147571  0.150036  0.519398  0.353539  0.256503  0.339804  0.390455  0.329205  0.198998  0.303888  0.166920  0.015130  0.278371  0.402811  0.342965  0.351546  0.341927  0.548627  0.428493  0.164372  0.354353  0.329900  0.298340  0.266966  0.080622  0.225048  0.424451  0.383910  0.858737  0.303847  0.285967  0.377710  0.261271  0.268746  0.101680  0.361569  0.250838  0.385885  0.450595  0.438608  0.384591  0.742590  0.659675  0.276636  0.533522  0.510552  0.019778  0.270100  0.294226 
31  0.301271  0.279112  0.057939  0.304612  0.683220  0.276118  0.439985  0.100878  0.219655  0.498753  0.630233  0.316915  0.407932  0.247108  0.022111  0.694053  0.408510  0.287091  0.294967  0.544183  0.282457  0.243212  0.190044  0.447991  0.078864  0.418305  0.442961  0.424212  0.348650  0.151334  0.099187 0.0  0.328045  0.274514  0.631544  0.474136  0.699588  0.166448  0.144258  0.518440  0.379453  0.299670  0.356021  0.183568  0.531374  0.509121  0.265485  0.333064  0.267415  0.154407  0.144263  0.020642  0.597026  0.289568  0.039704  0.437364  0.293037  0.314994  0.078019  0.284001  0.216535  0.000000  0.053346  0.291466  0.369111  0.369807  0.399076  0.271504  0.294598  0.077512  0.264239  0.335396  0.337071  0.220286  0.103963  0.251018  0.580689  0.324994  0.744307  0.307299  0.391806  0.315283  0.443100  0.307510  0.144620  0.312049  0.293512  0.430635  0.382203  0.507985  0.372192  0.764901  0.709430  0.301829  0.318801  0.388810  0.030151  0.434682  0.320590 
32  0.264904  0.239598  0.394508  0.525467  0.781026  0.235713  0.255997  0.248361  0.283288  0.231076  0.422717  0.218965  0.069422  0.516848  0.416747  0.823791  0.456124  0.401398  0.207019  0.587967  0.218317  0.179542  0.383719  0.260160  0.272373  0.708176  0.000000  0.415543  0.316537  0.335224  0.369471  0.328045 0.0  0.316344  0.465557  0.482839  0.732423  0.343612  0.384401  0.349459  0.338610  0.097059  0.285261  0.338515  0.502245  0.398837  0.477935  0.064044  0.254415  0.399370  0.164996  0.301640  0.363453  0.517758  0.411400  0.146089  0.369303  0.179873  0.312216  0.389481  0.189594  0.387407  0.369696  0.273102  0.603013  0.204087  0.280277  0.334998  0.489531  0.198000  0.346348  0.193963  0.295057  0.284477  0.328608  0.278219  0.388947  0.375951  0.708115  0.188043  0.471668  0.215653  0.283059  0.334944  0.413906  0.214927  0.263025  0.225139  0.368671  0.773750  0.221706  0.737460  0.559885  0.191258  0.041962  0.475344  0.401752  0.125174  0.598330 
33  0.346041  0.293022  0.347683  0.604864  0.756896  0.362456  0.261385  0.301588  0.282413  0.513174  0.450823  0.275501  0.387015  0.555730  0.363055  0.710430  0.252389  0.056744  0.363899  0.390673  0.308724  0.335604  0.294316  0.136891  0.296526  0.781000  0.297417  0.099482  0.122599  0.373173  0.348999  0.274514  0.316344 0.0  0.354536  0.416488  0.378942  0.478942  0.302692  0.528123  0.213242  0.338808  0.402377  0.190637  0.581330  0.480316  0.478601  0.265082  0.403427  0.488937  0.358881  0.518869  0.426142  0.054266  0.406465  0.364647  0.266441  0.346840  0.430591  0.202791  0.372009  0.495848  0.378057  0.350032  0.619343  0.345908  0.281757  0.426061  0.002608  0.419685  0.184308  0.317867  0.438595  0.312684  0.342212  0.251602  0.476552  0.113834  0.485877  0.361953  0.019428  0.370352  0.294245  0.291093  0.437755  0.317554  0.279528  0.352934  0.167186  0.847581  0.211705  0.733562  0.713939  0.160573  0.334236  0.498473  0.379359  0.348788  0.542937 
34  0.444593  0.456827  0.371905  0.598059  0.497339  0.478229  0.476637  0.513726  0.446857  0.409906  0.522522  0.424494  0.482468  0.417194  0.431608  0.506670  0.476691  0.473862  0.470347  0.490241  0.547033  0.432291  0.386550  0.472212  0.462976  0.388217  0.442888  0.436352  0.429132  0.476084  0.463331  0.631544  0.465557  0.354536 0.0  0.395104  0.300226  0.465685  0.408383  0.527732  0.419824  0.510663  0.472412  0.434614  0.371449  0.518477  0.491640  0.482484  0.503634  0.375473  0.530113  0.380896  0.352902  0.427705  0.401184  0.502023  0.410861  0.624006  0.353879  0.590636  0.501346  0.463176  0.384553  0.392664  0.404397  0.515923  0.335535  0.486667  0.417756  0.486877  0.573003  0.464827  0.531128  0.550770  0.537699  0.400500  0.447131  0.495353  0.559499  0.486451  0.524096  0.492505  0.490609  0.418918  0.508843  0.555460  0.532997  0.464590  0.602641  0.574411  0.551021  0.419415  0.430345  0.419220  0.515035  0.404864  0.463841  0.390646  0.480428 
35  0.467453  0.475002  0.421817  0.491589  0.506398  0.423729  0.351274  0.482943  0.528582  0.459266  0.473805  0.403644  0.405269  0.412546  0.504168  0.534257  0.443824  0.418123  0.474495  0.436315  0.449979  0.520625  0.342229  0.390419  0.455049  0.390894  0.531727  0.445068  0.362340  0.529658  0.435884  0.474136  0.482839  0.416488  0.395104 0.0  0.447475  0.406077  0.512701  0.496320  0.518600  0.502314  0.530825  0.413815  0.374724  0.430250  0.427522  0.472866  0.548960  0.495562  0.550611  0.474068  0.535923  0.496478  0.459039  0.481483  0.615844  0.578121  0.356093  0.437192  0.521208  0.505622  0.412355  0.542925  0.568960  0.511614  0.456522  0.571737  0.507630  0.433612  0.532177  0.489407  0.444428  0.519947  0.426115  0.433463  0.469528  0.498387  0.406673  0.446828  0.463376  0.494637  0.496257  0.439364  0.459186  0.441904  0.507484  0.506124  0.488003  0.549666  0.434689  0.466887  0.448942  0.451846  0.465567  0.568545  0.464080  0.445673  0.565417 
36  0.567457  0.832410  0.820537  0.587926  0.837034  0.543986  0.718894  0.828399  0.622420  0.483459  0.468239  0.830952  0.755019  0.461808  0.696949  0.088912  0.542863  0.500422  0.644958  0.374837  0.764492  0.643019  0.700048  0.519940  0.805431  0.709501  0.782351  0.573994  0.561248  0.835402  0.827617  0.699588  0.732423  0.378942  0.300226  0.447475 0.0  0.734814  0.876964  0.588381  0.493349  0.773012  0.628440  0.650784  0.592088  0.466940  0.478125  0.696112  0.867330  0.857610  0.840322  0.772567  0.446455  0.465488  0.646306  0.739894  0.678054  0.688713  0.693741  0.465648  0.642295  0.794539  0.697918  0.654528  0.587497  0.945138  0.685780  0.853164  0.433433  0.811722  0.431173  0.763047  0.718412  0.716721  0.764301  0.737048  0.535489  0.496642  0.118073  0.807294  0.456757  0.658551  0.524189  0.642899  0.665944  0.793815  0.622476  0.728959  0.471759  0.358028  0.722075  0.151172  0.780724  0.692334  0.653739  0.513820  0.692819  0.715076  0.545778 
37  0.296581  0.422924  0.118649  0.241759  0.510215  0.306444  0.391730  0.159780  0.271705  0.543258  0.557793  0.438590  0.324238  0.270535  0.030559  0.838146  0.355126  0.377133  0.366921  0.680671  0.249373  0.378099  0.094703  0.303600  0.082859  0.500226  0.254199  0.346881  0.440930  0.105424  0.137944  0.166448  0.343612  0.478942  0.465685  0.406077  0.734814 0.0  0.059090  0.507177  0.457235  0.403774  0.354628  0.322051  0.509635  0.513466  0.417998  0.336600  0.388954  0.116280  0.016122  0.140797  0.645344  0.327496  0.148792  0.354319  0.449453  0.303681  0.126118  0.534101  0.279806  0.151009  0.055224  0.342160  0.323881  0.344150  0.272246  0.356016  0.256627  0.138371  0.514012  0.290152  0.336650  0.204310  0.260227  0.177944  0.530162  0.409682  0.726492  0.324133  0.307009  0.366566  0.426553  0.201131  0.128839  0.437982  0.169782  0.346540  0.392390  0.564740  0.343864  0.764176  0.846916  0.307737  0.340951  0.443032  0.170922  0.281707  0.273005 
38  0.250929  0.314476  0.201130  0.445159  0.509551  0.373518  0.379220  0.095039  0.225094  0.628994  0.526350  0.356748  0.376395  0.326773  0.201278  0.831537  0.294182  0.482563  0.429740  0.565256  0.390818  0.411699  0.204394  0.389442  0.148068  0.539153  0.566711  0.401019  0.373684  0.170451  0.050506  0.144258  0.384401  0.302692  0.408383  0.512701  0.876964  0.059090 0.0  0.508281  0.303047  0.318394  0.362241  0.165951  0.595490  0.501899  0.533175  0.383687  0.371772  0.219207  0.253981  0.149319  0.684965  0.416530  0.160267  0.410218  0.291671  0.374414  0.062239  0.336911  0.216350  0.132393  0.200603  0.445497  0.321102  0.295262  0.396340  0.411680  0.419619  0.069047  0.535563  0.465927  0.462811  0.252792  0.002360  0.205798  0.586436  0.414181  0.858928  0.502790  0.513963  0.445501  0.308533  0.197548  0.106946  0.438091  0.322654  0.418494  0.411721  0.482173  0.387721  0.731861  0.789665  0.289022  0.413833  0.402432  0.109361  0.392832  0.384597 
39  0.364061  0.485527  0.500045  0.559383  0.448649  0.604804  0.525524  0.389868  0.403155  0.470882  0.411772  0.550066  0.463142  0.374615  0.448481  0.419521  0.484820  0.489845  0.519395  0.472639  0.373798  0.492040  0.464816  0.410882  0.452653  0.478484  0.466347  0.458079  0.528545  0.340843  0.600403  0.518440  0.349459  0.528123  0.527732  0.496320  0.588381  0.507177  0.508281 0.0  0.384580  0.421144  0.491937  0.594719  0.570853  0.577797  0.540021  0.546386  0.414626  0.393093  0.542165  0.460707  0.474145  0.484962  0.544160  0.480322  0.502193  0.580457  0.491876  0.434949  0.511167  0.439438  0.462996  0.338662  0.482726  0.418212  0.501944  0.468662  0.567789  0.403840  0.423085  0.437275  0.472154  0.359766  0.487474  0.389961  0.409730  0.537541  0.426409  0.440629  0.468968  0.410804  0.471498  0.441189  0.411265  0.423963  0.408514  0.480048  0.467394  0.436718  0.459647  0.480211  0.609659  0.630851  0.472405  0.480106  0.468283  0.481243  0.441776 
