99
0 0.0  0.027600  0.424458  0.319391  0.112878  0.134150  0.549088  0.141629  0.594085  0.532884  0.281313  0.751685  0.285302  0.248180  0.508691  0.305038  0.339705  0.059688  0.363395  0.198404  0.496460  0.432980  0.404722  0.208502  0.434860  0.372450  0.310162  0.091472  0.687104  0.247514  0.341554  0.357812  0.385604  0.312629  0.529433  0.229830  0.384694  0.324050  0.358918  0.317572  0.576830  0.092851  0.346451  0.408203  0.383172  0.339514  0.485700  0.158712  0.237792  0.469002  0.348500  0.249197  0.541923  0.773197  0.349654  0.340851  0.332344  0.279011  0.347530  0.329313  0.408313  0.310252  0.243744  0.196569  0.433183  0.276511  0.417903  0.521547  0.211422  0.419663  0.190314  0.688276  0.376381  0.257677  0.276375  0.241749  0.160138  0.466078  0.198875  0.822679  0.399210  0.459964  0.370860  0.203249  0.249363  0.359022  0.033922  0.338541  0.386586  0.078047  0.343758  0.357013  0.439083  0.470529  0.866257  0.148925  0.347806  0.161478  0.325411 
1  0.027600 0.0  0.252663  0.443412  0.076281  0.130823  0.679702  0.301428  0.537544  0.624077  0.006145  0.659209  0.067132  0.068338  0.425058  0.252782  0.280056  0.088048  0.397699  0.154777  0.624827  0.661013  0.164441  0.043415  0.336308  0.369880  0.415210  0.091313  0.745682  0.127138  0.354383  0.427580  0.414838  0.463546  0.285265  0.313404  0.337001  0.467637  0.321970  0.278428  0.425598  0.097951  0.329482  0.364934  0.330563  0.509299  0.509944  0.110249  0.033082  0.580124  0.268188  0.371212  0.630468  0.746445  0.281296  0.495077  0.295514  0.335950  0.413541  0.041116  0.281300  0.342005  0.128624  0.115651  0.345003  0.190948  0.416459  0.410561  0.002780  0.366790  0.000000  0.692795  0.446616  0.000000  0.109403  0.283081  0.072454  0.291641  0.160545  0.868005  0.274758  0.325283  0.318983  0.111861  0.094156  0.216311  0.112775  0.379919  0.285784  0.231086  0.546274  0.266511  0.597914  0.411066  0.800868  0.075586  0.487820  0.188456  0.395448 
2  0.424458  0.252663 0.0  0.580386  0.278222  0.347619  0.335249  0.329788  0.246430  0.315458  0.382029  0.782536  0.326714  0.341944  0.514886  0.314551  0.238202  0.295339  0.323512  0.351551  0.533775  0.293698  0.051817  0.335294  0.345199  0.104488  0.159332  0.359310  0.767545  0.364124  0.358807  0.228214  0.401796  0.004711  0.395307  0.367237  0.085650  0.095613  0.086569  0.331030  0.498921  0.395056  0.062014  0.207157  0.102790  0.544106  0.497179  0.407144  0.286139  0.758032  0.549957  0.000000  0.656546  0.389411  0.542116  0.290905  0.094074  0.099706  0.455959  0.262202  0.200102  0.043906  0.258986  0.330589  0.334079  0.378948  0.079673  0.459222  0.318615  0.102753  0.432688  0.782190  0.087313  0.230887  0.347753  0.228485  0.282242  0.301191  0.397812  0.480706  0.584712  0.524015  0.084604  0.320289  0.319172  0.570712  0.284341  0.134197  0.302341  0.346907  0.240459  0.343324  0.724844  0.185252  0.804644  0.338067  0.036717  0.328199  0.066508 
3  0.319391  0.443412  0.580386 0.0  0.302062  0.325701  0.622575  0.405089  0.562657  0.527477  0.370102  0.553337  0.313837  0.245650  0.395534  0.353760  0.573517  0.187486  0.467053  0.270909  0.472596  0.595560  0.589878  0.223712  0.545081  0.590774  0.585961  0.376005  0.518276  0.198799  0.526689  0.631811  0.518948  0.654051  0.527494  0.410491  0.771788  0.508931  0.468052  0.550759  0.413696  0.324082  0.614079  0.595088  0.643097  0.443050  0.388737  0.285591  0.372977  0.514007  0.393623  0.622038  0.602342  0.679770  0.582124  0.695042  0.511313  0.629945  0.591293  0.279899  0.574066  0.600761  0.271745  0.327470  0.550212  0.304184  0.580503  0.623847  0.261488  0.616741  0.433746  0.553437  0.637093  0.120605  0.338774  0.468823  0.225725  0.495319  0.357648  0.571395  0.350155  0.264437  0.566219  0.373777  0.372314  0.229913  0.345789  0.507516  0.377791  0.340311  0.681966  0.507510  0.387670  0.709145  0.733460  0.205850  0.663994  0.260922  0.679406 
4  0.112878  0.076281  0.278222  0.302062 0.0  0.149425  0.495476  0.319988  0.514789  0.534377  0.221628  0.726002  0.202271  0.228730  0.540120  0.176527  0.186482  0.182003  0.370552  0.155268  0.487346  0.543603  0.439789  0.235931  0.491824  0.339070  0.280888  0.121341  0.705337  0.141559  0.329604  0.411376  0.305336  0.302775  0.522768  0.302382  0.428795  0.373104  0.303816  0.232163  0.540178  0.297216  0.317566  0.441636  0.482210  0.294832  0.483349  0.236727  0.194405  0.504415  0.392467  0.355878  0.636241  0.766031  0.394020  0.315669  0.309136  0.263307  0.381524  0.188031  0.334525  0.224337  0.238210  0.200613  0.498210  0.197130  0.389468  0.443066  0.179862  0.448611  0.095363  0.803496  0.404711  0.138553  0.164058  0.182709  0.178876  0.387295  0.090652  0.851018  0.423795  0.365266  0.281319  0.205358  0.193764  0.566800  0.052210  0.433622  0.260529  0.120718  0.372944  0.345440  0.438698  0.430181  0.893994  0.190304  0.270985  0.157125  0.382112 
5  0.134150  0.130823  0.347619  0.325701  0.149425 0.0  0.567644  0.336741  0.548464  0.568915  0.128771  0.862966  0.233802  0.073975  0.466550  0.233898  0.259449  0.220306  0.273423  0.234505  0.523470  0.549689  0.329026  0.246106  0.477221  0.275438  0.334044  0.095546  0.778373  0.238094  0.243218  0.400635  0.303201  0.323111  0.556406  0.216782  0.338075  0.316860  0.364467  0.164370  0.480034  0.291193  0.296853  0.416630  0.428164  0.359677  0.545312  0.129868  0.166127  0.513664  0.367921  0.250875  0.501395  0.786219  0.358664  0.497199  0.344832  0.323616  0.470790  0.139815  0.376514  0.393165  0.169255  0.217002  0.451448  0.177701  0.379650  0.399079  0.167499  0.209837  0.156790  0.682500  0.470884  0.090909  0.211187  0.222424  0.101811  0.442608  0.163011  0.845453  0.395525  0.411310  0.369651  0.177566  0.187357  0.395396  0.000000  0.395551  0.234734  0.046408  0.279643  0.292105  0.407123  0.331319  0.769143  0.269905  0.426134  0.139229  0.275804 
6  0.549088  0.679702  0.335249  0.622575  0.495476  0.567644 0.0  0.522692  0.250692  0.364457  0.540221  0.593050  0.559339  0.639132  0.390968  0.459719  0.417347  0.622970  0.641405  0.621160  0.456021  0.389969  0.326672  0.494369  0.584736  0.241666  0.356841  0.597164  0.523395  0.537846  0.548781  0.263085  0.677899  0.407949  0.584004  0.577368  0.152249  0.388269  0.258879  0.516118  0.435133  0.614059  0.360690  0.260646  0.297483  0.668372  0.490998  0.586552  0.632238  0.689027  0.557181  0.331676  0.543792  0.225323  0.662662  0.764437  0.260372  0.292949  0.710871  0.570764  0.198210  0.274810  0.566172  0.565537  0.493462  0.510993  0.439408  0.659067  0.570989  0.298285  0.461026  0.546516  0.420682  0.533896  0.557167  0.501891  0.480594  0.664431  0.475507  0.347982  0.706685  0.541902  0.398266  0.588514  0.642597  0.465800  0.646841  0.261492  0.536372  0.627314  0.625277  0.555204  0.670493  0.333596  0.452429  0.458882  0.416820  0.592546  0.398100 
7  0.141629  0.301428  0.329788  0.405089  0.319988  0.336741  0.522692 0.0  0.475894  0.390833  0.282483  0.799031  0.396357  0.280090  0.418065  0.283541  0.346209  0.283119  0.283512  0.381094  0.420255  0.498272  0.318407  0.347985  0.352759  0.277446  0.389742  0.297002  0.796489  0.267820  0.173193  0.324854  0.301623  0.188871  0.252937  0.200959  0.244101  0.223864  0.269293  0.283657  0.496860  0.263248  0.212243  0.245933  0.375672  0.513257  0.515504  0.326096  0.239900  0.748921  0.496391  0.319966  0.426807  0.593795  0.249445  0.249354  0.358431  0.208308  0.249635  0.352064  0.419198  0.362381  0.282377  0.404432  0.261472  0.212093  0.239208  0.306896  0.321757  0.376620  0.201219  0.669960  0.322762  0.331963  0.169563  0.303053  0.319388  0.171519  0.253715  0.772011  0.574709  0.496202  0.291581  0.313818  0.288782  0.324365  0.327465  0.266574  0.273962  0.329164  0.231137  0.281660  0.777154  0.324307  0.764485  0.360185  0.163412  0.293375  0.331385 
8  0.594085  0.537544  0.246430  0.562657  0.514789  0.548464  0.250692  0.475894 0.0  0.402458  0.646998  0.668545  0.494674  0.624467  0.538781  0.504686  0.508408  0.511139  0.675772  0.533227  0.470532  0.250818  0.437573  0.568673  0.514206  0.490615  0.366588  0.636685  0.524053  0.553338  0.757322  0.387871  0.604449  0.109820  0.537642  0.377496  0.511261  0.491235  0.455157  0.436499  0.461805  0.532032  0.345710  0.341955  0.412931  0.507188  0.475506  0.590031  0.543302  0.423691  0.578498  0.335872  0.629009  0.377824  0.557896  0.595635  0.417185  0.378791  0.568063  0.476466  0.338107  0.407959  0.528985  0.539459  0.454608  0.582463  0.356028  0.577764  0.574176  0.452664  0.643812  0.663158  0.298518  0.589629  0.388447  0.488517  0.530818  0.570210  0.504619  0.271878  0.563727  0.593752  0.386224  0.462169  0.625242  0.490183  0.503303  0.300294  0.589141  0.553008  0.454908  0.661314  0.611984  0.418784  0.619758  0.533477  0.286022  0.581374  0.309511 
9  0.532884  0.624077  0.315458  0.527477  0.534377  0.568915  0.364457  0.390833  0.402458 0.0  0.567214  0.592843  0.622317  0.642803  0.556166  0.516637  0.491745  0.669458  0.624136  0.544813  0.449486  0.314088  0.384588  0.546991  0.615265  0.368491  0.382848  0.526185  0.495279  0.674264  0.675579  0.392871  0.678012  0.367980  0.726611  0.492887  0.306434  0.347762  0.429576  0.518686  0.495780  0.595171  0.342867  0.399644  0.450403  0.448523  0.573452  0.620259  0.504815  0.592519  0.711596  0.314331  0.646277  0.441061  0.679076  0.613251  0.380735  0.390600  0.655058  0.560864  0.329365  0.323660  0.588264  0.486482  0.556550  0.582443  0.367519  0.566389  0.602511  0.235106  0.587500  0.581948  0.280083  0.646429  0.588994  0.545364  0.574141  0.586870  0.522167  0.277961  0.615979  0.669099  0.392246  0.629936  0.759269  0.511207  0.586690  0.351170  0.446369  0.544461  0.528998  0.610154  0.509224  0.317947  0.661407  0.703579  0.416422  0.584035  0.437499 
10  0.281313  0.006145  0.382029  0.370102  0.221628  0.128771  0.540221  0.282483  0.646998  0.567214 0.0  0.688806  0.120916  0.350886  0.432227  0.389644  0.253980  0.223393  0.258721  0.203804  0.462388  0.567227  0.311624  0.191585  0.501201  0.368984  0.378589  0.075894  0.728222  0.103600  0.245521  0.428942  0.355968  0.368538  0.423042  0.232765  0.224054  0.256023  0.245026  0.265961  0.564617  0.220906  0.289989  0.365329  0.405879  0.308823  0.592206  0.183150  0.198249  0.396868  0.418874  0.518623  0.562333  0.856183  0.280963  0.328174  0.370758  0.322519  0.506331  0.271390  0.368597  0.372697  0.153288  0.287879  0.489577  0.288973  0.359706  0.366111  0.220148  0.279140  0.144668  0.621990  0.344020  0.242685  0.180169  0.306152  0.195141  0.434107  0.164465  0.775062  0.370304  0.498453  0.424160  0.211312  0.145425  0.405507  0.030628  0.374042  0.314086  0.152040  0.431150  0.333278  0.485010  0.441313  0.863457  0.291269  0.301314  0.123223  0.297344 
11  0.751685  0.659209  0.782536  0.553337  0.726002  0.862966  0.593050  0.799031  0.668545  0.592843  0.688806 0.0  0.723990  0.780424  0.474190  0.771941  0.647507  0.772510  0.603995  0.789099  0.463227  0.607889  0.907833  0.707503  0.636362  0.937357  0.888593  0.785119  0.019948  0.703669  0.597911  0.843870  0.493726  0.686807  0.558255  0.658402  0.982770  0.915528  0.898880  0.669482  0.498019  0.809493  0.847102  0.829213  0.849261  0.631980  0.514341  0.715534  0.779294  0.820987  0.490087  0.898454  0.350409  0.929554  0.472330  0.739631  0.920709  0.878431  0.595068  0.758124  0.797681  0.765218  0.822210  0.755102  0.391454  0.770615  0.831774  0.612142  0.638397  0.921580  0.762532  0.202547  0.873215  0.741432  0.685229  0.675956  0.722914  0.435810  0.876379  0.755727  0.473103  0.564806  0.795105  0.785658  0.683788  0.442338  0.694531  0.768722  0.699525  0.621424  0.466499  0.605867  0.350329  0.777057  0.492856  0.806398  0.857305  0.663973  0.916093 
12  0.285302  0.067132  0.326714  0.313837  0.202271  0.233802  0.559339  0.396357  0.494674  0.622317  0.120916  0.723990 0.0  0.231742  0.482897  0.392459  0.206620  0.223058  0.264307  0.304610  0.410878  0.579943  0.382354  0.187896  0.519938  0.412032  0.430543  0.000000  0.825715  0.246282  0.416173  0.359937  0.364106  0.338282  0.520302  0.241295  0.300805  0.275834  0.521279  0.305676  0.552202  0.264934  0.330876  0.220782  0.332565  0.221069  0.479000  0.171782  0.133824  0.496622  0.454299  0.412436  0.671324  0.743542  0.422025  0.372970  0.234961  0.308296  0.350324  0.100987  0.343825  0.327164  0.240407  0.209885  0.433837  0.189415  0.524491  0.304909  0.193605  0.280097  0.219458  0.745644  0.284713  0.226134  0.203533  0.289145  0.216637  0.437434  0.252228  0.833502  0.430597  0.466351  0.369784  0.069552  0.219917  0.482652  0.000000  0.286688  0.184760  0.139198  0.322798  0.378329  0.488887  0.532611  0.737294  0.202830  0.371252  0.277904  0.350475 
13  0.248180  0.068338  0.341944  0.245650  0.228730  0.073975  0.639132  0.280090  0.624467  0.642803  0.350886  0.780424  0.231742 0.0  0.547855  0.280452  0.241298  0.100464  0.311045  0.304153  0.398888  0.582733  0.372198  0.203539  0.516251  0.388437  0.298417  0.188570  0.694946  0.200835  0.492839  0.403366  0.264977  0.333198  0.494970  0.297192  0.338226  0.314848  0.399947  0.243749  0.368211  0.192476  0.379415  0.345442  0.382449  0.287232  0.459141  0.235635  0.231213  0.498843  0.486781  0.395492  0.691502  0.732922  0.391440  0.286347  0.271384  0.360789  0.397401  0.249388  0.375052  0.238336  0.286543  0.195828  0.448880  0.141042  0.390554  0.391711  0.251588  0.395310  0.316995  0.790251  0.460874  0.310719  0.171681  0.273598  0.297984  0.501184  0.258761  0.787146  0.489583  0.459783  0.319647  0.312032  0.246972  0.469365  0.098570  0.290717  0.230026  0.025349  0.349990  0.383617  0.497553  0.423610  0.827472  0.282075  0.327399  0.209647  0.349132 
14  0.508691  0.425058  0.514886  0.395534  0.540120  0.466550  0.390968  0.418065  0.538781  0.556166  0.432227  0.474190  0.482897  0.547855 0.0  0.481013  0.471651  0.504484  0.415502  0.514746  0.433194  0.538481  0.573782  0.471888  0.454488  0.516671  0.660085  0.524879  0.560073  0.442229  0.469156  0.549874  0.457009  0.514669  0.440227  0.507395  0.591913  0.450604  0.499403  0.493158  0.429252  0.483432  0.576752  0.428073  0.459294  0.499836  0.615854  0.366846  0.426438  0.432758  0.473283  0.543620  0.491686  0.478532  0.433333  0.543312  0.393668  0.473688  0.480563  0.446655  0.429519  0.483031  0.488069  0.499944  0.357948  0.444381  0.469473  0.537834  0.430047  0.527279  0.443907  0.497544  0.341118  0.463097  0.434635  0.486200  0.391997  0.533569  0.617518  0.505524  0.448917  0.410517  0.459193  0.544755  0.496853  0.406271  0.574345  0.427855  0.475630  0.443156  0.471491  0.534937  0.507169  0.500530  0.474028  0.437780  0.370695  0.479485  0.503064 
15  0.305038  0.252782  0.314551  0.353760  0.176527  0.233898  0.459719  0.283541  0.504686  0.516637  0.389644  0.771941  0.392459  0.280452  0.481013 0.0  0.225875  0.352047  0.260921  0.314092  0.595840  0.421388  0.231178  0.308994  0.328570  0.231877  0.253116  0.248714  0.622421  0.269428  0.261502  0.294855  0.208082  0.236424  0.220001  0.227422  0.319424  0.244030  0.286541  0.368561  0.491482  0.229985  0.288566  0.245019  0.229452  0.492555  0.514466  0.153875  0.272642  0.703370  0.426489  0.258147  0.541466  0.751161  0.284134  0.264388  0.316983  0.246380  0.360980  0.361699  0.418546  0.278933  0.357731  0.279974  0.306378  0.249104  0.278858  0.279730  0.367938  0.251475  0.332799  0.643023  0.260973  0.332424  0.219378  0.361522  0.270600  0.324540  0.241444  0.677563  0.467625  0.543934  0.238243  0.295158  0.257298  0.502595  0.209207  0.247313  0.274489  0.220784  0.378915  0.091719  0.616125  0.330953  0.791756  0.241035  0.317388  0.320453  0.293491 
16  0.339705  0.280056  0.238202  0.573517  0.186482  0.259449  0.417347  0.346209  0.508408  0.491745  0.253980  0.647507  0.206620  0.241298  0.471651  0.225875 0.0  0.112316  0.256288  0.299604  0.419759  0.510483  0.247693  0.356812  0.130076  0.293555  0.220253  0.242178  0.736091  0.388891  0.269943  0.260380  0.308189  0.282651  0.300912  0.266084  0.210943  0.220170  0.271385  0.276022  0.451060  0.311394  0.221116  0.247894  0.301939  0.521672  0.421997  0.244558  0.316508  0.643720  0.476068  0.264514  0.423871  0.645920  0.237203  0.223620  0.321056  0.363328  0.153574  0.283169  0.289902  0.260394  0.318587  0.261692  0.339549  0.314902  0.305604  0.339639  0.274053  0.260125  0.224285  0.542244  0.254479  0.257595  0.281810  0.266911  0.341895  0.125752  0.206781  0.784381  0.449700  0.522792  0.260996  0.168984  0.252189  0.413643  0.142729  0.314761  0.266368  0.267889  0.200488  0.283417  0.634222  0.353244  0.654446  0.240300  0.182045  0.301065  0.228278 
17  0.059688  0.088048  0.295339  0.187486  0.182003  0.220306  0.622970  0.283119  0.511139  0.669458  0.223393  0.772510  0.223058  0.100464  0.504484  0.352047  0.112316 0.0  0.277349  0.270674  0.452778  0.557407  0.321137  0.180667  0.487513  0.208994  0.420086  0.111813  0.641339  0.254014  0.441493  0.409427  0.356465  0.351708  0.449281  0.321907  0.253321  0.513325  0.403346  0.299017  0.527257  0.287022  0.409175  0.361061  0.383906  0.279067  0.558185  0.147124  0.037216  0.622342  0.414756  0.317934  0.673156  0.829530  0.312166  0.473696  0.383232  0.188167  0.391878  0.218107  0.360807  0.384419  0.190868  0.355143  0.480630  0.129988  0.334378  0.409571  0.184917  0.330468  0.275941  0.801444  0.341477  0.229824  0.113261  0.266355  0.121534  0.558319  0.237442  0.786280  0.408293  0.475627  0.344480  0.214349  0.278028  0.379095  0.053711  0.314599  0.230190  0.063667  0.301104  0.336129  0.471743  0.377141  0.853462  0.219140  0.286985  0.203513  0.356380 
18  0.363395  0.397699  0.323512  0.467053  0.370552  0.273423  0.641405  0.283512  0.675772  0.624136  0.258721  0.603995  0.264307  0.311045  0.415502  0.260921  0.256288  0.277349 0.0  0.345291  0.523189  0.606733  0.484892  0.325084  0.086929  0.462010  0.418176  0.394330  0.457293  0.462317  0.230740  0.350809  0.163622  0.250167  0.139364  0.222925  0.447350  0.416866  0.543419  0.334832  0.594601  0.398183  0.503105  0.349933  0.376296  0.532522  0.471660  0.338719  0.408666  0.763292  0.583565  0.435776  0.341242  0.882215  0.002844  0.356005  0.478329  0.558056  0.086221  0.318321  0.434784  0.358688  0.310108  0.268712  0.005263  0.286018  0.377927  0.000000  0.263541  0.496909  0.304393  0.715149  0.451421  0.360231  0.231383  0.201682  0.320038  0.086760  0.426336  0.809486  0.539419  0.481044  0.387211  0.454027  0.332227  0.486435  0.392504  0.418182  0.205107  0.281387  0.003501  0.159804  0.712898  0.327098  0.525504  0.400435  0.399502  0.310012  0.316351 
19  0.198404  0.154777  0.351551  0.270909  0.155268  0.234505  0.621160  0.381094  0.533227  0.544813  0.203804  0.789099  0.304610  0.304153  0.514746  0.314092  0.299604  0.270674  0.345291 0.0  0.387939  0.556530  0.235555  0.171140  0.548765  0.286608  0.450526  0.023090  0.693819  0.208736  0.292165  0.453694  0.328832  0.325410  0.496527  0.338418  0.350409  0.191462  0.254358  0.334256  0.470077  0.103737  0.284196  0.345534  0.331026  0.276489  0.419831  0.163169  0.212450  0.477834  0.351398  0.379582  0.578626  0.681833  0.289326  0.354837  0.370278  0.408484  0.339264  0.156097  0.304018  0.315984  0.286548  0.162003  0.392521  0.207876  0.518018  0.356567  0.189075  0.378501  0.256605  0.784236  0.147296  0.287457  0.188342  0.233455  0.228125  0.582060  0.243231  0.775698  0.374903  0.376912  0.385316  0.203254  0.309034  0.499313  0.096830  0.303701  0.254824  0.156914  0.318383  0.296167  0.528413  0.384145  0.912248  0.347838  0.233717  0.231247  0.310190 
20  0.496460  0.624827  0.533775  0.472596  0.487346  0.523470  0.456021  0.420255  0.470532  0.449486  0.462388  0.463227  0.410878  0.398888  0.433194  0.595840  0.419759  0.452778  0.523189  0.387939 0.0  0.650859  0.495269  0.406443  0.398241  0.472486  0.505678  0.510121  0.496506  0.456345  0.504478  0.526053  0.431749  0.465156  0.545282  0.420985  0.425499  0.482411  0.518675  0.430063  0.552684  0.426694  0.454151  0.508410  0.473103  0.353375  0.359201  0.458094  0.480688  0.494307  0.545998  0.540550  0.538630  0.514174  0.464357  0.493831  0.401530  0.571264  0.495833  0.658211  0.356888  0.490743  0.476035  0.498338  0.424758  0.525693  0.513010  0.474000  0.445582  0.575781  0.508530  0.439533  0.456296  0.460600  0.397764  0.502887  0.494600  0.453760  0.566728  0.437601  0.503119  0.516900  0.440033  0.415695  0.467201  0.538050  0.443126  0.389062  0.464130  0.478072  0.534150  0.431457  0.537809  0.518500  0.533849  0.548698  0.515543  0.473640  0.608660 
21  0.432980  0.661013  0.293698  0.595560  0.543603  0.549689  0.389969  0.498272  0.250818  0.314088  0.567227  0.607889  0.579943  0.582733  0.538481  0.421388  0.510483  0.557407  0.606733  0.556530  0.650859 0.0  0.292964  0.524937  0.601424  0.303132  0.229534  0.562639  0.613334  0.538488  0.617140  0.386894  0.545329  0.463422  0.507782  0.621238  0.393699  0.313026  0.253375  0.405370  0.443433  0.494157  0.149547  0.310891  0.293870  0.703868  0.455099  0.489873  0.471974  0.717652  0.570479  0.199322  0.627298  0.389531  0.431881  0.583166  0.384278  0.248803  0.705629  0.488573  0.177649  0.282868  0.481653  0.528190  0.592873  0.552568  0.502630  0.601996  0.619328  0.197972  0.527697  0.603134  0.432521  0.529427  0.549298  0.487909  0.542816  0.574749  0.655913  0.279069  0.623173  0.588572  0.248009  0.512162  0.624531  0.622183  0.606798  0.325890  0.450510  0.616963  0.608644  0.616433  0.679565  0.309758  0.606055  0.549193  0.386963  0.537830  0.371869 
22  0.404722  0.164441  0.051817  0.589878  0.439789  0.329026  0.326672  0.318407  0.437573  0.384588  0.311624  0.907833  0.382354  0.372198  0.573782  0.231178  0.247693  0.321137  0.484892  0.235555  0.495269  0.292964 0.0  0.325216  0.340755  0.207849  0.276469  0.456475  0.759657  0.323738  0.498675  0.107111  0.402494  0.000000  0.289803  0.321905  0.232615  0.182900  0.248086  0.246410  0.596551  0.201480  0.239207  0.000000  0.138409  0.528344  0.559688  0.313358  0.346640  0.750681  0.610636  0.141952  0.642917  0.629328  0.330983  0.264286  0.317891  0.109209  0.366643  0.400642  0.000000  0.000000  0.385413  0.350145  0.401039  0.266556  0.053243  0.384522  0.278927  0.195587  0.225293  0.888943  0.097415  0.362874  0.373199  0.223005  0.303889  0.377175  0.405171  0.530374  0.552020  0.599731  0.218397  0.311110  0.486723  0.591685  0.341209  0.030099  0.288271  0.327413  0.264703  0.456723  0.786803  0.120806  0.715326  0.267318  0.094941  0.375776  0.118368 
23  0.208502  0.043415  0.335294  0.223712  0.235931  0.246106  0.494369  0.347985  0.568673  0.546991  0.191585  0.707503  0.187896  0.203539  0.471888  0.308994  0.356812  0.180667  0.325084  0.171140  0.406443  0.524937  0.325216 0.0  0.539072  0.187992  0.301930  0.070598  0.813291  0.195550  0.336231  0.369020  0.388078  0.494990  0.503543  0.243773  0.303944  0.277484  0.342524  0.161021  0.436818  0.333914  0.393452  0.272546  0.378100  0.405363  0.523059  0.295312  0.233234  0.440756  0.443990  0.402694  0.694251  0.772736  0.418617  0.328653  0.345845  0.450672  0.363119  0.119975  0.243623  0.331714  0.145462  0.194562  0.497455  0.173843  0.391626  0.438504  0.279824  0.401690  0.217016  0.729163  0.386544  0.109784  0.249604  0.217749  0.234061  0.502387  0.256247  0.914765  0.441388  0.331741  0.313435  0.174792  0.169252  0.443265  0.107426  0.405221  0.242116  0.107104  0.214151  0.345722  0.532322  0.350976  0.733086  0.188433  0.330565  0.235477  0.266125 
24  0.434860  0.336308  0.345199  0.545081  0.491824  0.477221  0.584736  0.352759  0.514206  0.615265  0.501201  0.636362  0.519938  0.516251  0.454488  0.328570  0.130076  0.487513  0.086929  0.548765  0.398241  0.601424  0.340755  0.539072 0.0  0.328017  0.401936  0.348713  0.492652  0.433833  0.099713  0.348676  0.056682  0.369522  0.207351  0.193777  0.277263  0.390192  0.292288  0.289159  0.418174  0.434026  0.140273  0.483377  0.375545  0.437563  0.549916  0.495942  0.541224  0.750042  0.688569  0.319412  0.281347  0.698253  0.093696  0.360457  0.490531  0.393969  0.113705  0.505033  0.267077  0.341359  0.564382  0.489456  0.134485  0.568479  0.297257  0.149984  0.477749  0.415498  0.362639  0.495808  0.297229  0.421822  0.424970  0.277591  0.573047  0.126727  0.527917  0.751972  0.658871  0.631061  0.291051  0.422248  0.390056  0.750034  0.405958  0.311525  0.251550  0.410159  0.077778  0.103960  0.886384  0.367393  0.557010  0.575811  0.249818  0.484819  0.399622 
25  0.372450  0.369880  0.104488  0.590774  0.339070  0.275438  0.241666  0.277446  0.490615  0.368491  0.368984  0.937357  0.412032  0.388437  0.516671  0.231877  0.293555  0.208994  0.462010  0.286608  0.472486  0.303132  0.207849  0.187992  0.328017 0.0  0.135915  0.411403  0.821522  0.411116  0.394772  0.131526  0.328624  0.000000  0.418046  0.370736  0.267262  0.203044  0.206853  0.341392  0.520509  0.352582  0.148160  0.030914  0.176266  0.677816  0.454984  0.301732  0.400268  0.740861  0.526766  0.120217  0.635185  0.553327  0.378959  0.390873  0.167891  0.211186  0.435352  0.351821  0.066419  0.023554  0.250344  0.372467  0.324172  0.444711  0.087922  0.406552  0.308002  0.219114  0.262496  0.852204  0.095439  0.411565  0.427065  0.310559  0.401425  0.283414  0.285597  0.531763  0.616030  0.595766  0.230460  0.363556  0.309765  0.540201  0.285414  0.037119  0.128379  0.266137  0.279233  0.418714  0.682853  0.159147  0.899320  0.375777  0.098445  0.333979  0.050106 
26  0.310162  0.415210  0.159332  0.585961  0.280888  0.334044  0.356841  0.389742  0.366588  0.382848  0.378589  0.888593  0.430543  0.298417  0.660085  0.253116  0.220253  0.420086  0.418176  0.450526  0.505678  0.229534  0.276469  0.301930  0.401936  0.135915 0.0  0.384565  0.715258  0.419363  0.546872  0.145944  0.353118  0.081358  0.297815  0.271084  0.264787  0.237920  0.232998  0.243532  0.430554  0.290784  0.173485  0.120568  0.176143  0.646381  0.378960  0.441903  0.324905  0.720412  0.577658  0.256407  0.457922  0.500833  0.325487  0.333974  0.201890  0.175373  0.355845  0.386103  0.000000  0.051004  0.386100  0.298726  0.411106  0.383982  0.103759  0.476395  0.287179  0.248124  0.329576  0.978400  0.093305  0.356177  0.433937  0.329926  0.294329  0.422040  0.381010  0.482399  0.523516  0.454247  0.307520  0.307524  0.400425  0.538103  0.400218  0.055238  0.351631  0.312604  0.284693  0.504592  0.726314  0.147657  0.799067  0.325480  0.052961  0.305134  0.084285 
27  0.091472  0.091313  0.359310  0.376005  0.121341  0.095546  0.597164  0.297002  0.636685  0.526185  0.075894  0.785119  0.000000  0.188570  0.524879  0.248714  0.242178  0.111813  0.394330  0.023090  0.510121  0.562639  0.456475  0.070598  0.348713  0.411403  0.384565 0.0  0.778165  0.043331  0.461041  0.420980  0.404622  0.431490  0.342035  0.289992  0.559108  0.594538  0.426971  0.237355  0.549521  0.133493  0.482496  0.417135  0.370018  0.195114  0.558112  0.045618  0.075891  0.482779  0.296483  0.614216  0.596624  0.902681  0.356994  0.426060  0.529932  0.397577  0.402512  0.081765  0.341630  0.315469  0.018549  0.137516  0.339918  0.024974  0.465926  0.341689  0.016128  0.479871  0.134132  0.916927  0.309059  0.057059  0.062216  0.221504  0.065840  0.296105  0.032979  0.848469  0.157643  0.300896  0.403352  0.000000  0.103007  0.238121  0.040008  0.310524  0.229802  0.081497  0.365182  0.434075  0.494065  0.449422  0.840304  0.023160  0.275526  0.103611  0.349489 
28  0.687104  0.745682  0.767545  0.518276  0.705337  0.778373  0.523395  0.796489  0.524053  0.495279  0.728222  0.019948  0.825715  0.694946  0.560073  0.622421  0.736091  0.641339  0.457293  0.693819  0.496506  0.613334  0.759657  0.813291  0.492652  0.821522  0.715258  0.778165 0.0  0.786346  0.396838  0.756858  0.490780  0.748981  0.496005  0.642801  0.701521  0.680397  0.768842  0.643862  0.392700  0.763927  0.814972  0.776418  0.785323  0.547917  0.417706  0.719377  0.771833  0.724301  0.462654  0.897018  0.163717  0.681605  0.452544  0.714175  0.803577  0.694259  0.581794  0.766317  0.725036  0.711531  0.878216  0.657840  0.487677  0.863282  0.761728  0.535109  0.771122  0.782557  0.792193  0.052900  0.760443  0.777026  0.770474  0.780917  0.686090  0.524208  0.756329  0.836909  0.605335  0.549451  0.686412  0.797775  0.718078  0.558489  0.787559  0.764878  0.680384  0.704317  0.658951  0.530137  0.428107  0.821811  0.614386  0.778414  0.857432  0.636713  0.688708 
29  0.247514  0.127138  0.364124  0.198799  0.141559  0.238094  0.537846  0.267820  0.553338  0.674264  0.103600  0.703669  0.246282  0.200835  0.442229  0.269428  0.388891  0.254014  0.462317  0.208736  0.456345  0.538488  0.323738  0.195550  0.433833  0.411116  0.419363  0.043331  0.786346 0.0  0.358156  0.368351  0.345568  0.390901  0.567065  0.270867  0.443185  0.315118  0.361514  0.248254  0.551219  0.333633  0.346673  0.337491  0.355892  0.117756  0.485880  0.219647  0.143028  0.521772  0.485318  0.302230  0.680797  0.713949  0.308004  0.375062  0.280252  0.341713  0.418895  0.229088  0.395409  0.258949  0.212953  0.177753  0.463719  0.285864  0.480327  0.362221  0.239607  0.404014  0.210660  0.752667  0.435726  0.300635  0.179665  0.272095  0.265067  0.443816  0.257746  0.808187  0.349899  0.351875  0.338684  0.249734  0.180072  0.390431  0.047027  0.409822  0.258531  0.000000  0.305639  0.339330  0.472906  0.287183  0.817089  0.324036  0.317407  0.092515  0.347945 
30  0.341554  0.354383  0.358807  0.526689  0.329604  0.243218  0.548781  0.173193  0.757322  0.675579  0.245521  0.597911  0.416173  0.492839  0.469156  0.261502  0.269943  0.441493  0.230740  0.292165  0.504478  0.617140  0.498675  0.336231  0.099713  0.394772  0.546872  0.461041  0.396838  0.358156 0.0  0.308759  0.056038  0.333332  0.000000  0.321379  0.503046  0.460355  0.468309  0.207259  0.526865  0.251859  0.514048  0.451615  0.354548  0.533116  0.374040  0.373013  0.389608  0.756426  0.539962  0.500669  0.374550  0.994446  0.044155  0.372398  0.571036  0.457990  0.158961  0.430780  0.369429  0.268768  0.433460  0.389982  0.000000  0.308141  0.423394  0.155176  0.398668  0.461837  0.312691  0.617320  0.270036  0.317823  0.336404  0.361922  0.388798  0.057242  0.347946  0.706165  0.584710  0.545038  0.491566  0.398116  0.352640  0.478740  0.332633  0.411417  0.377664  0.349906  0.127214  0.239959  0.798180  0.398855  0.580213  0.363295  0.381000  0.422756  0.330111 
31  0.357812  0.427580  0.228214  0.631811  0.411376  0.400635  0.263085  0.324854  0.387871  0.392871  0.428942  0.843870  0.359937  0.403366  0.549874  0.294855  0.260380  0.409427  0.350809  0.453694  0.526053  0.386894  0.107111  0.369020  0.348676  0.131526  0.145944  0.420980  0.756858  0.368351  0.308759 0.0  0.473713  0.203574  0.477536  0.309329  0.109954  0.258021  0.146301  0.340840  0.420607  0.318747  0.199677  0.137939  0.201195  0.587648  0.439869  0.448315  0.470334  0.828316  0.656297  0.007717  0.619628  0.488790  0.510960  0.377922  0.171767  0.132402  0.483284  0.382471  0.133300  0.183981  0.531100  0.306293  0.309783  0.365729  0.065219  0.379276  0.422882  0.184580  0.461098  0.872482  0.077761  0.432481  0.424133  0.351230  0.348665  0.383705  0.453419  0.677982  0.601508  0.584140  0.154615  0.372787  0.416681  0.708762  0.409434  0.187699  0.362551  0.352419  0.360271  0.446943  0.747966  0.039147  0.892839  0.369261  0.078833  0.342656  0.253321 
32  0.385604  0.414838  0.401796  0.518948  0.305336  0.303201  0.677899  0.301623  0.604449  0.678012  0.355968  0.493726  0.364106  0.264977  0.457009  0.208082  0.308189  0.356465  0.163622  0.328832  0.431749  0.545329  0.402494  0.388078  0.056682  0.328624  0.353118  0.404622  0.490780  0.345568  0.056038  0.473713 0.0  0.356749  0.000000  0.265703  0.346346  0.251513  0.392575  0.228936  0.485124  0.342307  0.342320  0.430300  0.372955  0.520452  0.475180  0.288681  0.345009  0.695173  0.666496  0.332430  0.323476  0.744629  0.252716  0.353828  0.299239  0.316961  0.064026  0.287794  0.527468  0.328578  0.459664  0.327563  0.008611  0.405348  0.450767  0.118262  0.389221  0.301902  0.379544  0.551227  0.278167  0.314625  0.376506  0.128892  0.291808  0.051387  0.441837  0.786264  0.554067  0.522423  0.326643  0.369487  0.425021  0.524656  0.342928  0.499199  0.163096  0.293826  0.038340  0.117794  0.680362  0.394567  0.437073  0.392447  0.400883  0.251738  0.387744 
33  0.312629  0.463546  0.004711  0.654051  0.302775  0.323111  0.407949  0.188871  0.109820  0.367980  0.368538  0.686807  0.338282  0.333198  0.514669  0.236424  0.282651  0.351708  0.250167  0.325410  0.465156  0.463422  0.000000  0.494990  0.369522  0.000000  0.081358  0.431490  0.748981  0.390901  0.333332  0.203574  0.356749 0.0  0.396395  0.234307  0.024437  0.069339  0.004219  0.204209  0.519668  0.430322  0.041250  0.068231  0.109520  0.696142  0.485820  0.324633  0.364671  0.913603  0.523564  0.101700  0.667342  0.533308  0.371407  0.355264  0.057797  0.065324  0.374699  0.430693  0.060365  0.137119  0.411536  0.331092  0.372625  0.272764  0.157191  0.332953  0.375881  0.089204  0.353771  0.824680  0.166229  0.417657  0.287564  0.346084  0.397329  0.337706  0.343316  0.665631  0.444056  0.528852  0.000000  0.358583  0.298163  0.536248  0.475310  0.105069  0.184691  0.467236  0.456298  0.257101  0.855452  0.183638  0.924778  0.366653  0.204087  0.339124  0.110190 
34  0.529433  0.285265  0.395307  0.527494  0.522768  0.556406  0.584004  0.252937  0.537642  0.726611  0.423042  0.558255  0.520302  0.494970  0.440227  0.220001  0.300912  0.449281  0.139364  0.496527  0.545282  0.507782  0.289803  0.503543  0.207351  0.418046  0.297815  0.342035  0.496005  0.567065  0.000000  0.477536  0.000000  0.396395 0.0  0.287318  0.309789  0.412024  0.394643  0.288459  0.460680  0.526135  0.339408  0.318032  0.257052  0.621055  0.585317  0.462928  0.455823  0.785885  0.704196  0.342973  0.509232  0.771787  0.031125  0.366374  0.236166  0.377738  0.164657  0.515517  0.300924  0.294689  0.523247  0.525684  0.143271  0.510415  0.353526  0.056429  0.331587  0.339351  0.548321  0.422065  0.423441  0.472216  0.500132  0.200644  0.421546  0.213874  0.421221  0.802240  0.625243  0.667596  0.509632  0.468209  0.518553  0.621096  0.355600  0.308961  0.126184  0.267002  0.047302  0.128348  0.791305  0.421717  0.542927  0.489123  0.308413  0.466648  0.406036 
35  0.229830  0.313404  0.367237  0.410491  0.302382  0.216782  0.577368  0.200959  0.377496  0.492887  0.232765  0.658402  0.241295  0.297192  0.507395  0.227422  0.266084  0.321907  0.222925  0.338418  0.420985  0.621238  0.321905  0.243773  0.193777  0.370736  0.271084  0.289992  0.642801  0.270867  0.321379  0.309329  0.265703  0.234307  0.287318 0.0  0.256525  0.234405  0.322743  0.289509  0.400949  0.223073  0.226313  0.308176  0.162712  0.432547  0.516687  0.207649  0.240067  0.711096  0.531535  0.256926  0.487294  0.667708  0.315001  0.266613  0.292021  0.312908  0.370264  0.216822  0.297432  0.269381  0.289655  0.275371  0.464195  0.270890  0.317600  0.388138  0.272131  0.268833  0.354768  0.595100  0.280030  0.314153  0.255473  0.304342  0.273503  0.269463  0.187251  0.722075  0.465392  0.416444  0.343150  0.148654  0.298325  0.526445  0.262604  0.241268  0.242460  0.368286  0.254689  0.229558  0.799101  0.284430  0.693223  0.244270  0.283307  0.319145  0.269814 
36  0.384694  0.337001  0.085650  0.771788  0.428795  0.338075  0.152249  0.244101  0.511261  0.306434  0.224054  0.982770  0.300805  0.338226  0.591913  0.319424  0.210943  0.253321  0.447350  0.350409  0.425499  0.393699  0.232615  0.303944  0.277263  0.267262  0.264787  0.559108  0.701521  0.443185  0.503046  0.109954  0.346346  0.024437  0.309789  0.256525 0.0  0.256919  0.158680  0.315816  0.512820  0.265199  0.233053  0.036968  0.094890  0.544865  0.512114  0.383462  0.277711  0.670572  0.514754  0.201379  0.583872  0.594849  0.327654  0.413100  0.217130  0.248258  0.314349  0.382668  0.005041  0.030502  0.355369  0.334813  0.416919  0.340743  0.054425  0.473072  0.257369  0.126215  0.431995  1.000000  0.155403  0.289302  0.270130  0.343980  0.433936  0.405855  0.399853  0.576831  0.483300  0.660354  0.257891  0.384026  0.326547  0.582047  0.377740  0.153555  0.325221  0.376355  0.330820  0.490073  0.743784  0.129459  0.885288  0.270551  0.127387  0.379982  0.092675 
37  0.324050  0.467637  0.095613  0.508931  0.373104  0.316860  0.388269  0.223864  0.491235  0.347762  0.256023  0.915528  0.275834  0.314848  0.450604  0.244030  0.220170  0.513325  0.416866  0.191462  0.482411  0.313026  0.182900  0.277484  0.390192  0.203044  0.237920  0.594538  0.680397  0.315118  0.460355  0.258021  0.251513  0.069339  0.412024  0.234405  0.256919 0.0  0.179749  0.337891  0.519078  0.549763  0.189638  0.083182  0.215054  0.590194  0.575497  0.412890  0.274421  0.743500  0.515610  0.151812  0.549167  0.658409  0.460738  0.342770  0.091654  0.194686  0.322784  0.333588  0.094861  0.120582  0.264845  0.337687  0.425765  0.407570  0.223548  0.354348  0.340767  0.191770  0.339785  0.866625  0.025774  0.455610  0.283087  0.300872  0.278334  0.344585  0.367982  0.618726  0.519404  0.500034  0.168572  0.444430  0.302606  0.580356  0.337408  0.019440  0.163483  0.364302  0.308521  0.485006  0.697386  0.093512  0.770837  0.363959  0.216722  0.328088  0.058722 
38  0.358918  0.321970  0.086569  0.468052  0.303816  0.364467  0.258879  0.269293  0.455157  0.429576  0.245026  0.898880  0.521279  0.399947  0.499403  0.286541  0.271385  0.403346  0.543419  0.254358  0.518675  0.253375  0.248086  0.342524  0.292288  0.206853  0.232998  0.426971  0.768842  0.361514  0.468309  0.146301  0.392575  0.004219  0.394643  0.322743  0.158680  0.179749 0.0  0.250040  0.542267  0.454343  0.153886  0.066436  0.181478  0.488948  0.550475  0.425081  0.419403  0.804677  0.620661  0.196641  0.605094  0.627294  0.308379  0.443298  0.223690  0.276864  0.414727  0.379052  0.065267  0.033658  0.294820  0.328772  0.310136  0.290432  0.226853  0.455694  0.363366  0.190318  0.346611  0.851674  0.082905  0.390272  0.463003  0.285144  0.240233  0.362960  0.318307  0.499615  0.630702  0.432497  0.170653  0.345053  0.261099  0.463047  0.334949  0.036230  0.264866  0.336819  0.290215  0.539150  0.725667  0.099400  0.889641  0.430955  0.000000  0.277111  0.034749 
39  0.317572  0.278428  0.331030  0.550759  0.232163  0.164370  0.516118  0.283657  0.436499  0.518686  0.265961  0.669482  0.305676  0.243749  0.493158  0.368561  0.276022  0.299017  0.334832  0.334256  0.430063  0.405370  0.246410  0.161021  0.289159  0.341392  0.243532  0.237355  0.643862  0.248254  0.207259  0.340840  0.228936  0.204209  0.288459  0.289509  0.315816  0.337891  0.250040 0.0  0.456002  0.274116  0.333916  0.285052  0.287404  0.610100  0.472887  0.218480  0.330085  0.753049  0.481043  0.249249  0.548700  0.513632  0.252090  0.237333  0.142465  0.299655  0.322896  0.242283  0.249359  0.257984  0.303194  0.281081  0.252250  0.314733  0.278974  0.369481  0.325333  0.289779  0.323801  0.712319  0.355584  0.208009  0.172033  0.264526  0.257970  0.287045  0.315808  0.685910  0.503884  0.575714  0.305706  0.387289  0.273416  0.528353  0.204215  0.364836  0.283166  0.191738  0.183071  0.267485  0.595963  0.300140  0.687058  0.259957  0.307059  0.301179  0.209611 
