99
0 0.0  0.469207  0.428638  0.407810  0.931066  0.421016  0.406068  0.427696  0.495198  0.121319  0.426807  0.728784  0.389486  0.203629  0.846819  0.389786  0.089931  0.361340  0.364500  0.415354  0.847837  0.418397  0.353848  0.748894  0.425053  0.533488  0.487167  0.150571  0.200426  0.317888  0.750554  0.422055  0.594182  0.166336  0.615951  0.212056  0.818177  0.291270  0.360848  0.667108  0.491803  0.343690  0.588751  0.333143  0.391474  0.486774  0.432112  0.028974  0.545765  0.315071  0.141064  0.365674  0.800189  0.465417  0.181783  0.348768  0.324739  0.175081  0.293170  0.385377  0.395595  0.417529  0.409341  0.875565  0.283633  0.429972  0.400386  0.349040  0.166155  0.429405  0.329434  0.262060  0.447773  0.678700  0.470938  0.389918  0.247137  0.453613  0.643256  0.217538  0.311935  0.300019  0.178167  0.348885  0.482292  0.532614  0.443426  0.108420  0.468514  0.425161  0.242109  0.555071  0.329498  0.381654  0.247674  0.468597  0.332650  0.360093  0.586339 
1  0.469207 0.0  0.043558  0.000000  0.520799  0.132502  0.521422  0.175359  0.497281  0.302276  0.495468  0.248704  0.068915  0.390679  0.554537  0.041314  0.219262  0.563755  0.427728  0.364312  0.853259  0.424992  0.000000  0.437073  0.391366  0.477872  0.428213  0.314276  0.422925  0.023282  0.861174  0.011513  0.380680  0.364194  0.514616  0.304129  0.746499  0.195452  0.384591  0.638519  0.487617  0.071633  0.756822  0.339867  0.087867  0.047083  0.412043  0.212839  0.364559  0.217232  0.399255  0.033326  0.613235  0.119030  0.399402  0.276904  0.239236  0.383680  0.217973  0.000000  0.035236  0.364793  0.327708  0.857506  0.302802  0.282480  0.141023  0.070908  0.169145  0.511153  0.068190  0.193700  0.591452  0.531220  0.310913  0.344619  0.399999  0.047578  0.716326  0.352420  0.305462  0.106009  0.451871  0.422099  0.482618  0.273120  0.043880  0.368041  0.463071  0.000000  0.292731  0.845823  0.680998  0.047310  0.222595  0.439052  0.264673  0.104962  0.527887 
2  0.428638  0.043558 0.0  0.132162  0.491372  0.152711  0.324872  0.000081  0.490935  0.308564  0.381051  0.370383  0.313323  0.561192  0.656225  0.085314  0.387230  0.299097  0.480486  0.394050  0.674231  0.437932  0.238288  0.696030  0.388752  0.521526  0.487562  0.320112  0.408667  0.136017  0.835125  0.290763  0.408219  0.432815  0.518608  0.273215  0.757660  0.146958  0.272071  0.586128  0.527383  0.224442  0.757486  0.287340  0.156166  0.313284  0.327201  0.580802  0.264434  0.304276  0.319440  0.217876  0.406926  0.145743  0.366016  0.386298  0.324604  0.346816  0.383011  0.167115  0.199447  0.281160  0.286462  0.818655  0.286083  0.402511  0.176145  0.284227  0.216065  0.451586  0.334105  0.286932  0.334433  0.591462  0.373433  0.313260  0.342749  0.263064  0.687237  0.377084  0.265393  0.356773  0.516653  0.393529  0.395756  0.454017  0.063538  0.338317  0.361246  0.225194  0.378592  0.740781  0.601891  0.237963  0.509203  0.440570  0.203752  0.278737  0.697503 
3  0.407810  0.000000  0.132162 0.0  0.462520  0.159218  0.405777  0.050472  0.446125  0.410216  0.411207  0.414996  0.121430  0.535409  0.544818  0.045749  0.380113  0.484646  0.408207  0.401245  0.874236  0.330993  0.242039  0.551187  0.218866  0.461089  0.440553  0.369887  0.286028  0.287017  0.939291  0.243177  0.393352  0.567052  0.555070  0.251460  0.850252  0.104475  0.392784  0.555497  0.538446  0.154614  0.745433  0.226102  0.250293  0.242520  0.350806  0.520727  0.282434  0.297295  0.297233  0.281677  0.581431  0.156522  0.214463  0.293656  0.317121  0.367968  0.368634  0.222291  0.205783  0.440527  0.315574  0.673684  0.265536  0.488506  0.157675  0.305496  0.200370  0.413410  0.231560  0.160305  0.328276  0.569589  0.335464  0.287191  0.385789  0.198393  0.733887  0.236982  0.262850  0.298210  0.393933  0.349239  0.285936  0.314047  0.220735  0.354878  0.357934  0.231983  0.436255  0.739942  0.680739  0.274698  0.493130  0.303528  0.275026  0.184063  0.562674 
4  0.931066  0.520799  0.491372  0.462520 0.0  0.522532  0.846826  0.479529  0.500009  0.778808  0.905788  0.235044  0.544920  0.738630  0.067942  0.435660  0.877934  0.889355  0.913320  0.832457  0.430759  0.694967  0.483445  0.535458  0.795947  0.402271  0.506983  0.745837  0.823002  0.391201  0.789180  0.455638  0.370016  0.699917  0.625648  0.610949  0.642754  0.367494  0.840591  0.624006  0.553340  0.536535  0.302324  0.594305  0.515373  0.501597  0.767458  0.714422  0.706609  0.648156  0.699143  0.436908  0.676265  0.366502  0.762632  0.743819  0.794929  0.802374  0.812540  0.525457  0.540489  0.735693  0.956769  0.874734  0.690067  0.849553  0.489516  0.527070  0.689252  0.867167  0.394994  0.489564  0.942406  0.659195  0.687282  0.762938  0.803087  0.470274  0.366052  0.795530  0.716892  0.708612  0.773449  0.871761  0.964862  0.188774  0.589313  0.628725  0.884981  0.466328  0.790251  0.392115  0.639744  0.620178  0.877059  0.886073  0.717383  0.387690  0.596711 
5  0.421016  0.132502  0.152711  0.159218  0.522532 0.0  0.440901  0.006859  0.428315  0.299753  0.433491  0.336986  0.122900  0.547183  0.615051  0.085371  0.258450  0.353741  0.494708  0.381385  0.715836  0.415618  0.228695  0.614950  0.305639  0.476713  0.438488  0.411454  0.464625  0.166242  0.777227  0.241450  0.380334  0.473876  0.403405  0.289852  0.777541  0.154874  0.376483  0.605471  0.466816  0.204413  0.744191  0.214712  0.274321  0.121582  0.338685  0.492428  0.487026  0.235786  0.368253  0.230436  0.524337  0.164839  0.375619  0.310521  0.238744  0.316890  0.328375  0.209640  0.113917  0.253881  0.324862  0.669326  0.206615  0.528431  0.143605  0.181295  0.278263  0.335717  0.259696  0.132096  0.411144  0.661342  0.405104  0.424573  0.403320  0.135064  0.652147  0.346180  0.253997  0.192487  0.447347  0.332253  0.340586  0.507483  0.319661  0.428445  0.302802  0.205943  0.395963  0.938493  0.620359  0.237858  0.433246  0.391433  0.248660  0.172320  0.581003 
6  0.406068  0.521422  0.324872  0.405777  0.846826  0.440901 0.0  0.358611  0.485017  0.455998  0.189984  0.622433  0.398607  0.442119  0.856510  0.421352  0.349844  0.184899  0.047634  0.222339  0.616302  0.176537  0.366404  0.848950  0.134883  0.458595  0.558922  0.325136  0.449294  0.406024  0.562707  0.331153  0.583624  0.364285  0.335979  0.247402  0.615021  0.463161  0.084386  0.351394  0.536121  0.466641  0.918126  0.297756  0.293499  0.392815  0.038257  0.355790  0.088037  0.419124  0.423330  0.327784  0.825774  0.350465  0.363407  0.119704  0.162654  0.311359  0.212686  0.383193  0.441884  0.100230  0.450215  0.493421  0.166794  0.121557  0.407296  0.382767  0.189686  0.222655  0.466819  0.508068  0.135412  0.378259  0.086133  0.136409  0.337974  0.266947  0.816821  0.423117  0.223948  0.264280  0.384598  0.077949  0.211517  0.614906  0.334831  0.364543  0.045101  0.387664  0.433605  0.796272  0.665145  0.398746  0.433316  0.139699  0.230483  0.335516  0.370092 
7  0.427696  0.175359  0.000081  0.050472  0.479529  0.006859  0.358611 0.0  0.597247  0.511730  0.409447  0.368507  0.000000  0.353094  0.564714  0.057216  0.250090  0.346257  0.349820  0.301302  0.856464  0.371361  0.047269  0.529671  0.414515  0.457879  0.471674  0.405989  0.511050  0.061749  0.770407  0.061350  0.412078  0.319746  0.618299  0.248840  0.933126  0.181109  0.419056  0.537024  0.423951  0.188351  0.885864  0.415617  0.000000  0.039002  0.608646  0.340471  0.491225  0.288057  0.602611  0.153405  0.560619  0.070461  0.443352  0.419342  0.430344  0.355323  0.441407  0.086425  0.000000  0.349627  0.369440  0.859564  0.253250  0.517509  0.123410  0.119704  0.209899  0.410942  0.033604  0.081051  0.332883  0.512032  0.433435  0.376562  0.417944  0.082287  0.832343  0.272646  0.226200  0.221885  0.312158  0.401376  0.248843  0.356350  0.090208  0.439487  0.377379  0.100956  0.422125  0.962038  0.615732  0.055771  0.438742  0.507916  0.231705  0.000000  0.523004 
8  0.495198  0.497281  0.490935  0.446125  0.500009  0.428315  0.485017  0.597247 0.0  0.442822  0.521047  0.497366  0.548554  0.537712  0.479196  0.507661  0.539916  0.525447  0.403000  0.405243  0.479616  0.557421  0.448306  0.452070  0.524582  0.435094  0.386372  0.438217  0.577406  0.542236  0.484514  0.516087  0.381592  0.465441  0.524587  0.424623  0.503227  0.372067  0.409687  0.543344  0.497303  0.427297  0.468897  0.479230  0.486372  0.540589  0.465560  0.315347  0.532103  0.445215  0.441756  0.551682  0.478314  0.432639  0.566939  0.493230  0.433182  0.522880  0.429194  0.485073  0.435996  0.465815  0.454351  0.499731  0.569068  0.490619  0.388971  0.556139  0.488688  0.488976  0.398563  0.404021  0.512869  0.534961  0.444602  0.470774  0.481672  0.448207  0.463722  0.461996  0.407769  0.369702  0.420338  0.493320  0.446119  0.449548  0.515862  0.502130  0.439104  0.371981  0.512985  0.509292  0.521655  0.497703  0.416631  0.535166  0.417356  0.484543  0.529973 
9  0.121319  0.302276  0.308564  0.410216  0.778808  0.299753  0.455998  0.511730  0.442822 0.0  0.349391  0.524128  0.383741  0.172807  0.809566  0.276056  0.152303  0.394647  0.339126  0.331222  0.867853  0.363006  0.364987  0.774200  0.437446  0.494109  0.504082  0.248395  0.021076  0.249986  0.887835  0.362477  0.503885  0.134292  0.587224  0.350824  0.911423  0.375334  0.380593  0.559808  0.432907  0.356258  0.581585  0.256952  0.247009  0.325913  0.461768  0.070450  0.581922  0.177876  0.222849  0.296948  0.809585  0.385501  0.217785  0.616311  0.435851  0.064330  0.468478  0.308250  0.366761  0.333807  0.333772  0.711102  0.317628  0.351357  0.350779  0.431510  0.271003  0.523142  0.171323  0.400957  0.376755  0.580252  0.445940  0.284573  0.225496  0.325238  0.608271  0.000000  0.166691  0.326856  0.051569  0.301241  0.380344  0.525392  0.374713  0.191329  0.297693  0.271407  0.037417  0.448396  0.292820  0.356580  0.070084  0.508842  0.383064  0.366508  0.648636 
10  0.426807  0.495468  0.381051  0.411207  0.905788  0.433491  0.189984  0.409447  0.521047  0.349391 0.0  0.476083  0.418185  0.385661  0.767659  0.289246  0.391146  0.229086  0.134391  0.053751  0.474774  0.035350  0.418686  0.734702  0.009272  0.511627  0.516934  0.402057  0.420332  0.359097  0.607215  0.313582  0.535442  0.295405  0.207393  0.173639  0.476216  0.325255  0.000000  0.498442  0.417355  0.320459  0.782899  0.360898  0.334964  0.305286  0.053126  0.339451  0.161014  0.276990  0.342645  0.354867  0.901129  0.365960  0.429898  0.096667  0.026159  0.257551  0.000000  0.403661  0.413641  0.000000  0.484383  0.518957  0.235411  0.137179  0.282365  0.443939  0.309663  0.194181  0.432087  0.385093  0.206538  0.404328  0.115791  0.058504  0.501294  0.276847  0.844654  0.347903  0.287752  0.356010  0.428155  0.097506  0.244192  0.562154  0.205144  0.356242  0.313703  0.290864  0.372501  0.846677  0.508536  0.393379  0.367804  0.144137  0.367638  0.368564  0.341314 
11  0.728784  0.248704  0.370383  0.414996  0.235044  0.336986  0.622433  0.368507  0.497366  0.524128  0.476083 0.0  0.510325  0.763740  0.327632  0.268299  0.652546  0.606908  0.680993  0.449710  0.531976  0.674139  0.428850  0.377268  0.486610  0.333335  0.509910  0.551937  0.603823  0.383495  0.570181  0.365623  0.442245  0.775194  0.535304  0.448485  0.551270  0.422518  0.517620  0.578283  0.454224  0.540043  0.486218  0.461746  0.486918  0.547168  0.496813  0.628072  0.505323  0.365717  0.527688  0.419288  0.368425  0.407466  0.605867  0.524869  0.614843  0.485534  0.599148  0.593553  0.328759  0.643163  0.554257  0.575406  0.386714  0.592859  0.387910  0.394526  0.521591  0.639886  0.418099  0.572549  0.602418  0.662905  0.588575  0.683490  0.494669  0.471223  0.466303  0.550043  0.459789  0.386261  0.707914  0.603908  0.573071  0.392355  0.498925  0.607207  0.559625  0.324356  0.576707  0.699530  0.500005  0.308214  0.577011  0.533414  0.375104  0.391452  0.537075 
12  0.389486  0.068915  0.313323  0.121430  0.544920  0.122900  0.398607  0.000000  0.548554  0.383741  0.418185  0.510325 0.0  0.418092  0.525829  0.026864  0.410616  0.330397  0.346694  0.368496  0.778783  0.453815  0.146636  0.698544  0.303446  0.492643  0.562990  0.343471  0.281747  0.194057  0.730957  0.164675  0.424424  0.452943  0.509734  0.161433  0.704666  0.159366  0.357290  0.557883  0.475383  0.265871  0.804241  0.207648  0.125788  0.204594  0.372893  0.403427  0.292175  0.213382  0.440980  0.282046  0.453242  0.201173  0.287141  0.330530  0.266574  0.368278  0.294561  0.174364  0.227110  0.401713  0.374575  0.786701  0.306910  0.388354  0.327944  0.166711  0.167558  0.375932  0.195404  0.198338  0.341901  0.640536  0.361042  0.424179  0.429496  0.250681  0.772430  0.255653  0.211259  0.247819  0.453834  0.319428  0.414465  0.350751  0.128238  0.360492  0.333380  0.190438  0.307675  0.797373  0.603871  0.200058  0.475884  0.325489  0.227184  0.154805  0.577418 
13  0.203629  0.390679  0.561192  0.535409  0.738630  0.547183  0.442119  0.353094  0.537712  0.172807  0.385661  0.763740  0.418092 0.0  0.877874  0.390702  0.000000  0.257793  0.415747  0.368222  0.764143  0.441439  0.513579  0.936447  0.256554  0.439466  0.497215  0.091503  0.036584  0.429837  0.882327  0.428155  0.721830  0.274543  0.487432  0.222478  0.770499  0.390051  0.276540  0.473999  0.476529  0.517081  0.572902  0.332680  0.458290  0.580418  0.436306  0.139381  0.375680  0.322158  0.000000  0.469529  0.731269  0.468770  0.000000  0.426992  0.231061  0.032273  0.396166  0.509906  0.432325  0.265953  0.341589  0.826806  0.278357  0.417286  0.502642  0.463921  0.285326  0.413704  0.467417  0.505502  0.370913  0.556986  0.411645  0.317861  0.130297  0.530985  0.477581  0.101008  0.294006  0.229120  0.230917  0.270464  0.460924  0.634331  0.503424  0.000000  0.417506  0.300458  0.134576  0.567313  0.324942  0.521081  0.236366  0.356781  0.216902  0.409210  0.598541 
14  0.846819  0.554537  0.656225  0.544818  0.067942  0.615051  0.856510  0.564714  0.479196  0.809566  0.767659  0.327632  0.525829  0.877874 0.0  0.539511  0.738997  0.631881  0.951208  0.731883  0.434302  0.811970  0.625619  0.549540  0.765488  0.382584  0.513062  0.720354  0.764976  0.645025  0.767787  0.711790  0.456831  0.837023  0.512766  0.809676  0.844383  0.666085  0.754047  0.519152  0.449299  0.686480  0.343929  0.652292  0.619620  0.592684  0.682543  0.964579  0.728899  0.714850  0.815344  0.538001  0.494234  0.763125  0.732022  0.757435  0.779441  0.755569  0.808310  0.592931  0.587713  0.722484  0.654277  0.687446  0.650121  0.769095  0.573808  0.663111  0.783836  0.797918  0.625382  0.697160  0.780009  0.612988  0.725687  0.724593  0.813488  0.672462  0.284173  0.816817  0.763074  0.689784  0.841867  0.786944  0.855856  0.445058  0.714793  0.811727  0.756105  0.643652  0.809184  0.327670  0.630598  0.652500  0.873758  0.772864  0.642742  0.601747  0.615473 
15  0.389786  0.041314  0.085314  0.045749  0.435660  0.085371  0.421352  0.057216  0.507661  0.276056  0.289246  0.268299  0.026864  0.390702  0.539511 0.0  0.335420  0.289469  0.397890  0.280883  0.770303  0.498341  0.007784  0.433057  0.293402  0.412090  0.552200  0.311062  0.266634  0.000000  0.881143  0.033790  0.415652  0.360079  0.548648  0.375650  0.818576  0.012174  0.397637  0.609340  0.507682  0.024592  0.811101  0.182270  0.052377  0.084321  0.299255  0.382859  0.363801  0.365015  0.362177  0.078871  0.461984  0.091768  0.328897  0.345433  0.352893  0.365144  0.396724  0.078437  0.000000  0.216899  0.211453  0.796171  0.322875  0.369506  0.009272  0.129900  0.247747  0.432510  0.146125  0.000000  0.297177  0.588273  0.413984  0.337828  0.378487  0.121875  0.700553  0.432471  0.273337  0.245744  0.336806  0.360459  0.336779  0.233785  0.000000  0.410231  0.317411  0.086880  0.506879  0.889038  0.620168  0.048810  0.337077  0.284978  0.250318  0.149017  0.619425 
16  0.089931  0.219262  0.387230  0.380113  0.877934  0.258450  0.349844  0.250090  0.539916  0.152303  0.391146  0.652546  0.410616  0.000000  0.738997  0.335420 0.0  0.331168  0.411388  0.313669  0.745317  0.383547  0.323514  0.822629  0.425840  0.467581  0.443232  0.061161  0.063727  0.400093  0.796685  0.388275  0.586373  0.074361  0.607417  0.255857  0.639840  0.375077  0.372020  0.544251  0.488104  0.391852  0.509272  0.295398  0.317346  0.346699  0.262905  0.095140  0.372274  0.291964  0.079720  0.338238  0.791414  0.496771  0.032740  0.301575  0.262061  0.166586  0.316958  0.264331  0.362939  0.448692  0.285320  0.756851  0.274432  0.430046  0.389077  0.271227  0.254801  0.475407  0.345667  0.361414  0.406297  0.707259  0.412168  0.338876  0.158937  0.280194  0.402983  0.254938  0.216142  0.251005  0.181200  0.434710  0.352813  0.478939  0.287848  0.101577  0.283905  0.342443  0.072056  0.388908  0.194160  0.396689  0.062327  0.254795  0.291204  0.353629  0.571258 
17  0.361340  0.563755  0.299097  0.484646  0.889355  0.353741  0.184899  0.346257  0.525447  0.394647  0.229086  0.606908  0.330397  0.257793  0.631881  0.289469  0.331168 0.0  0.208223  0.000000  0.464117  0.074054  0.349964  0.779945  0.030956  0.348582  0.549269  0.339874  0.449507  0.193386  0.592300  0.334635  0.554381  0.307805  0.293207  0.274160  0.522986  0.280370  0.065377  0.498713  0.470230  0.320669  0.717618  0.304590  0.269819  0.273702  0.056137  0.317403  0.022144  0.276112  0.386011  0.255195  0.869324  0.324429  0.255651  0.000000  0.065824  0.339604  0.000000  0.262270  0.404211  0.012330  0.478409  0.562333  0.241301  0.127924  0.328140  0.440968  0.238166  0.147953  0.364130  0.367977  0.155478  0.332600  0.005762  0.139871  0.406122  0.393858  0.770255  0.425052  0.431375  0.294853  0.355461  0.076885  0.270057  0.544132  0.388601  0.419768  0.248505  0.337614  0.529667  0.876305  0.565185  0.239719  0.244401  0.030406  0.218400  0.352431  0.298126 
18  0.364500  0.427728  0.480486  0.408207  0.913320  0.494708  0.047634  0.349820  0.403000  0.339126  0.134391  0.680993  0.346694  0.415747  0.951208  0.397890  0.411388  0.208223 0.0  0.123490  0.521645  0.143915  0.380139  0.937570  0.096471  0.517412  0.589709  0.402942  0.282988  0.365790  0.489084  0.459420  0.641884  0.383128  0.283981  0.132412  0.566308  0.461424  0.168828  0.282945  0.622652  0.438076  0.898705  0.225145  0.501655  0.432106  0.143739  0.418183  0.058534  0.279907  0.455336  0.352927  0.799366  0.383937  0.430867  0.198836  0.160468  0.466682  0.059612  0.445164  0.444170  0.026791  0.439002  0.433438  0.200772  0.121474  0.471475  0.447595  0.192993  0.082058  0.478347  0.336909  0.064155  0.318100  0.135431  0.165888  0.524515  0.381268  0.758013  0.445206  0.289755  0.262813  0.363470  0.105524  0.053135  0.553334  0.406933  0.485758  0.042628  0.498629  0.449178  0.889662  0.642006  0.465253  0.458974  0.033318  0.188518  0.520086  0.426217 
19  0.415354  0.364312  0.394050  0.401245  0.832457  0.381385  0.222339  0.301302  0.405243  0.331222  0.053751  0.449710  0.368496  0.368222  0.731883  0.280883  0.313669  0.000000  0.123490 0.0  0.546760  0.114558  0.422061  0.743603  0.000000  0.593061  0.409605  0.282893  0.387580  0.403929  0.496920  0.309285  0.535868  0.326716  0.263645  0.349637  0.515074  0.295647  0.002224  0.450331  0.502836  0.345020  0.889278  0.267346  0.332543  0.408254  0.005652  0.475814  0.083308  0.282669  0.365654  0.462382  0.677136  0.333620  0.356061  0.099844  0.127827  0.294050  0.045505  0.300351  0.265318  0.071792  0.271775  0.519376  0.241731  0.155071  0.363336  0.403961  0.214863  0.190709  0.269662  0.258597  0.101661  0.353060  0.185904  0.241955  0.372075  0.349563  0.802186  0.385914  0.231051  0.326620  0.298666  0.054819  0.034896  0.624170  0.316073  0.362121  0.081448  0.354982  0.369122  0.926716  0.616031  0.417281  0.447129  0.067716  0.268281  0.323744  0.437345 
20  0.847837  0.853259  0.674231  0.874236  0.430759  0.715836  0.616302  0.856464  0.479616  0.867853  0.474774  0.531976  0.778783  0.764143  0.434302  0.770303  0.745317  0.464117  0.521645  0.546760 0.0  0.549301  0.783993  0.674189  0.624915  0.482769  0.533252  0.883619  0.700648  0.724920  0.603234  0.728758  0.631308  0.834059  0.474670  0.657627  0.643468  0.660800  0.636546  0.255316  0.555242  0.743161  0.529937  0.725959  0.786465  0.784827  0.613895  0.635447  0.587751  0.660547  0.900736  0.799931  0.738076  0.840087  0.909163  0.650306  0.672442  0.754614  0.613655  0.839657  0.772723  0.468043  0.778497  0.507957  0.612315  0.567981  0.857407  0.793258  0.740314  0.549090  0.740417  0.662592  0.515026  0.251278  0.605628  0.465959  0.923110  0.741850  0.457031  0.690190  0.631800  0.783608  0.883026  0.493946  0.558219  0.563883  0.611968  0.834552  0.404182  0.827501  0.857171  0.381522  0.608097  0.768998  0.684432  0.534858  0.644483  0.808990  0.414246 
21  0.418397  0.424992  0.437932  0.330993  0.694967  0.415618  0.176537  0.371361  0.557421  0.363006  0.035350  0.674139  0.453815  0.441439  0.811970  0.498341  0.383547  0.074054  0.143915  0.114558  0.549301 0.0  0.417853  0.783050  0.066226  0.351485  0.446562  0.380616  0.376632  0.393737  0.648074  0.451390  0.648471  0.464483  0.359853  0.228812  0.566635  0.408800  0.082141  0.364224  0.386583  0.365637  0.817504  0.301499  0.416911  0.398816  0.192984  0.352495  0.166394  0.262732  0.420653  0.325529  0.781555  0.392476  0.373008  0.117375  0.088964  0.347331  0.052457  0.456243  0.483125  0.043340  0.396686  0.571467  0.283912  0.123666  0.457652  0.475621  0.301063  0.118319  0.372411  0.382034  0.160895  0.311911  0.079321  0.211634  0.379062  0.426513  0.764149  0.423253  0.306540  0.300336  0.336666  0.195538  0.163544  0.575053  0.450793  0.411133  0.068083  0.446309  0.393508  0.793626  0.624320  0.339746  0.464793  0.212292  0.472389  0.446606  0.332002 
22  0.353848  0.000000  0.238288  0.242039  0.483445  0.228695  0.366404  0.047269  0.448306  0.364987  0.418686  0.428850  0.146636  0.513579  0.625619  0.007784  0.323514  0.349964  0.380139  0.422061  0.783993  0.417853 0.0  0.468575  0.257198  0.528939  0.472663  0.295989  0.316991  0.147769  0.832906  0.191868  0.463239  0.472879  0.595674  0.199987  0.769250  0.192612  0.303664  0.503048  0.527436  0.381102  0.697169  0.308265  0.252303  0.258458  0.357464  0.464596  0.295211  0.244131  0.301539  0.208039  0.532083  0.234734  0.285988  0.340676  0.278980  0.409399  0.412394  0.121719  0.291886  0.333314  0.288565  0.773987  0.235829  0.436918  0.170147  0.317390  0.114130  0.378781  0.231957  0.186837  0.356968  0.720700  0.280154  0.314206  0.459066  0.143814  0.831962  0.237599  0.175214  0.218537  0.429402  0.335468  0.370570  0.483596  0.125593  0.308832  0.403075  0.137919  0.267298  0.798009  0.583320  0.073983  0.387203  0.408291  0.209445  0.315102  0.686283 
23  0.748894  0.437073  0.696030  0.551187  0.535458  0.614950  0.848950  0.529671  0.452070  0.774200  0.734702  0.377268  0.698544  0.936447  0.549540  0.433057  0.822629  0.779945  0.937570  0.743603  0.674189  0.783050  0.468575 0.0  0.755114  0.559025  0.497684  0.797772  0.730631  0.652530  0.386332  0.552868  0.453963  0.799509  0.492264  0.735199  0.339085  0.599031  0.726527  0.664258  0.473626  0.691233  0.760774  0.774347  0.704232  0.567776  0.753954  0.918794  0.796855  0.669773  0.765774  0.594701  0.073959  0.592761  0.703640  0.842499  0.672000  0.753067  0.800968  0.605628  0.645491  0.781707  0.745031  0.343235  0.695755  0.800165  0.604777  0.573243  0.671581  0.845243  0.603153  0.664793  0.846730  0.549703  0.734002  0.888569  0.738351  0.621452  0.705008  0.689712  0.570393  0.650207  0.874791  0.647584  0.746116  0.413247  0.664832  0.681843  0.736512  0.589798  0.715112  0.830922  0.682758  0.579520  0.930335  0.776842  0.500565  0.653057  0.576167 
24  0.425053  0.391366  0.388752  0.218866  0.795947  0.305639  0.134883  0.414515  0.524582  0.437446  0.009272  0.486610  0.303446  0.256554  0.765488  0.293402  0.425840  0.030956  0.096471  0.000000  0.624915  0.066226  0.257198  0.755114 0.0  0.498876  0.534874  0.436092  0.287135  0.294765  0.575472  0.198934  0.602469  0.415237  0.363860  0.250881  0.612183  0.409264  0.277545  0.280459  0.520666  0.332703  0.964529  0.223463  0.373166  0.478308  0.223839  0.305592  0.262296  0.246983  0.507144  0.202715  0.749271  0.441170  0.470878  0.257727  0.176856  0.249018  0.321300  0.318741  0.381055  0.195328  0.412085  0.328524  0.219986  0.092345  0.402851  0.331914  0.228227  0.176859  0.333456  0.256220  0.082903  0.300824  0.240339  0.109335  0.326484  0.350692  0.889784  0.445518  0.312716  0.210499  0.279384  0.087219  0.032608  0.562640  0.249732  0.466176  0.175600  0.342036  0.412733  0.854636  0.579903  0.472836  0.346961  0.303506  0.278247  0.379096  0.401636 
25  0.533488  0.477872  0.521526  0.461089  0.402271  0.476713  0.458595  0.457879  0.435094  0.494109  0.511627  0.333335  0.492643  0.439466  0.382584  0.412090  0.467581  0.348582  0.517412  0.593061  0.482769  0.351485  0.528939  0.559025  0.498876 0.0  0.475620  0.388389  0.429111  0.502914  0.518943  0.458255  0.448309  0.517294  0.462086  0.510382  0.458900  0.411738  0.436924  0.448137  0.482043  0.549973  0.419692  0.338207  0.487018  0.469186  0.416184  0.486020  0.561787  0.486317  0.483865  0.472210  0.423117  0.456625  0.478925  0.522092  0.543397  0.508492  0.483955  0.517734  0.490066  0.427644  0.434805  0.387891  0.522935  0.534181  0.424519  0.534313  0.505038  0.502077  0.419876  0.551157  0.407747  0.497760  0.497487  0.499771  0.521409  0.509509  0.392403  0.423286  0.446846  0.448779  0.477009  0.462402  0.517943  0.465198  0.526971  0.471909  0.534159  0.425994  0.538108  0.442111  0.498769  0.492675  0.587299  0.573614  0.471433  0.456688  0.479380 
26  0.487167  0.428213  0.487562  0.440553  0.506983  0.438488  0.558922  0.471674  0.386372  0.504082  0.516934  0.509910  0.562990  0.497215  0.513062  0.552200  0.443232  0.549269  0.589709  0.409605  0.533252  0.446562  0.472663  0.497684  0.534874  0.475620 0.0  0.452773  0.382215  0.404128  0.473200  0.571273  0.355130  0.448575  0.520113  0.473202  0.545258  0.403444  0.436266  0.490613  0.610835  0.595869  0.410171  0.445659  0.589096  0.476676  0.470224  0.423539  0.357730  0.539807  0.583537  0.571942  0.426517  0.585373  0.418026  0.487106  0.567238  0.495037  0.417408  0.473560  0.420010  0.529627  0.525393  0.546011  0.502589  0.557180  0.506966  0.559136  0.444314  0.532413  0.452518  0.491196  0.481310  0.480468  0.436462  0.486548  0.408515  0.520376  0.523146  0.593530  0.492495  0.524661  0.422793  0.557176  0.527754  0.509717  0.463860  0.369533  0.482013  0.450758  0.634862  0.421388  0.521366  0.337532  0.507859  0.503913  0.491162  0.584307  0.548958 
27  0.150571  0.314276  0.320112  0.369887  0.745837  0.411454  0.325136  0.405989  0.438217  0.248395  0.402057  0.551937  0.343471  0.091503  0.720354  0.311062  0.061161  0.339874  0.402942  0.282893  0.883619  0.380616  0.295989  0.797772  0.436092  0.388389  0.452773 0.0  0.100811  0.340430  0.747055  0.251011  0.567806  0.134090  0.662927  0.348444  0.933126  0.403651  0.487664  0.520749  0.431073  0.259001  0.627833  0.326125  0.429952  0.315414  0.482283  0.106889  0.514362  0.186977  0.158051  0.252799  0.829024  0.375294  0.158383  0.487857  0.545871  0.099537  0.389112  0.432574  0.363408  0.249178  0.334955  0.885956  0.189232  0.383855  0.187063  0.277786  0.182058  0.394797  0.280410  0.270677  0.289888  0.538608  0.432487  0.369269  0.130511  0.330762  0.661146  0.138219  0.320165  0.309404  0.097675  0.454279  0.349134  0.643336  0.451383  0.160828  0.383906  0.341397  0.093461  0.562510  0.308586  0.370364  0.111745  0.525321  0.342229  0.373240  0.543382 
28  0.200426  0.422925  0.408667  0.286028  0.823002  0.464625  0.449294  0.511050  0.577406  0.021076  0.420332  0.603823  0.281747  0.036584  0.764976  0.266634  0.063727  0.449507  0.282988  0.387580  0.700648  0.376632  0.316991  0.730631  0.287135  0.429111  0.382215  0.100811 0.0  0.455179  0.861532  0.355732  0.618123  0.153471  0.534128  0.286746  0.861876  0.343616  0.427469  0.784891  0.457509  0.453837  0.571846  0.334385  0.319830  0.343758  0.378483  0.063657  0.314048  0.327357  0.081125  0.328116  0.851802  0.327008  0.061276  0.399743  0.307132  0.093739  0.339532  0.281697  0.412644  0.291585  0.544391  0.865117  0.215919  0.441879  0.377263  0.404401  0.245791  0.441671  0.184262  0.227787  0.566220  0.535385  0.327381  0.289506  0.163813  0.378033  0.372888  0.000000  0.216045  0.314536  0.000000  0.424862  0.561739  0.578290  0.368314  0.017962  0.423821  0.383482  0.142576  0.635717  0.246965  0.430103  0.146148  0.386493  0.288131  0.391363  0.640987 
29  0.317888  0.023282  0.136017  0.287017  0.391201  0.166242  0.406024  0.061749  0.542236  0.249986  0.359097  0.383495  0.194057  0.429837  0.645025  0.000000  0.400093  0.193386  0.365790  0.403929  0.724920  0.393737  0.147769  0.652530  0.294765  0.502914  0.404128  0.340430  0.455179 0.0  0.827591  0.254986  0.455117  0.454877  0.566449  0.412023  0.729990  0.196015  0.295741  0.589264  0.483388  0.192749  0.706406  0.230071  0.173071  0.245873  0.262175  0.494335  0.391390  0.246823  0.407730  0.223180  0.421218  0.199484  0.333378  0.249951  0.384429  0.253105  0.296892  0.293586  0.192854  0.321861  0.254576  0.792926  0.243485  0.389050  0.160260  0.233397  0.205500  0.486999  0.151870  0.236484  0.372781  0.622068  0.234323  0.404541  0.372534  0.211365  0.704297  0.333302  0.331627  0.336837  0.489823  0.335406  0.355751  0.253032  0.150730  0.371688  0.309852  0.187737  0.471914  0.868110  0.565565  0.292681  0.440483  0.434052  0.188357  0.222594  0.537594 
30  0.750554  0.861174  0.835125  0.939291  0.789180  0.777227  0.562707  0.770407  0.484514  0.887835  0.607215  0.570181  0.730957  0.882327  0.767787  0.881143  0.796685  0.592300  0.489084  0.496920  0.603234  0.648074  0.832906  0.386332  0.575472  0.518943  0.473200  0.747055  0.861532  0.827591 0.0  0.813054  0.639610  0.774094  0.366470  0.779909  0.079672  0.781548  0.590119  0.259068  0.450568  0.808723  0.819451  0.694658  0.851897  0.882792  0.568742  0.707559  0.519792  0.652750  0.781190  0.858493  0.430514  0.988918  0.906641  0.433680  0.527617  0.866958  0.605097  0.782073  0.824594  0.486137  0.856873  0.125654  0.635508  0.627856  0.780770  0.783121  0.792445  0.529120  0.853814  0.795330  0.584323  0.263459  0.480514  0.574900  0.860700  0.857563  0.752778  0.829348  0.629449  0.694124  0.854140  0.497878  0.543339  0.612320  0.836809  0.770973  0.564881  0.905043  0.854957  0.847230  0.672501  0.747917  0.863133  0.580975  0.686694  0.836369  0.243635 
31  0.422055  0.011513  0.290763  0.243177  0.455638  0.241450  0.331153  0.061350  0.516087  0.362477  0.313582  0.365623  0.164675  0.428155  0.711790  0.033790  0.388275  0.334635  0.459420  0.309285  0.728758  0.451390  0.191868  0.552868  0.198934  0.458255  0.571273  0.251011  0.355732  0.254986  0.813054 0.0  0.369258  0.412226  0.491565  0.322407  0.833835  0.241004  0.212446  0.537688  0.505834  0.208044  0.892835  0.317328  0.246915  0.244513  0.288085  0.553980  0.394751  0.328804  0.403722  0.211846  0.446200  0.167671  0.429775  0.377826  0.330924  0.251442  0.279819  0.197755  0.145365  0.270967  0.374452  0.841834  0.316913  0.420287  0.242698  0.234036  0.413864  0.387820  0.236904  0.308219  0.370989  0.633486  0.310746  0.335530  0.379494  0.181135  0.820402  0.431070  0.245982  0.212100  0.594890  0.375048  0.388593  0.379147  0.189239  0.357580  0.335794  0.182643  0.338284  0.874128  0.665235  0.230072  0.507696  0.274054  0.248146  0.147727  0.672266 
32  0.594182  0.380680  0.408219  0.393352  0.370016  0.380334  0.583624  0.412078  0.381592  0.503885  0.535442  0.442245  0.424424  0.721830  0.456831  0.415652  0.586373  0.554381  0.641884  0.535868  0.631308  0.648471  0.463239  0.453963  0.602469  0.448309  0.355130  0.567806  0.618123  0.455117  0.639610  0.369258 0.0  0.634215  0.592034  0.467280  0.537447  0.409538  0.580961  0.639119  0.441990  0.379202  0.485142  0.531301  0.519244  0.350541  0.482876  0.672781  0.497987  0.557592  0.529852  0.416893  0.325328  0.400382  0.517563  0.502568  0.633828  0.410880  0.559738  0.381861  0.375788  0.659112  0.515611  0.530256  0.489180  0.647322  0.506082  0.446681  0.502321  0.590633  0.457021  0.365536  0.486434  0.632777  0.595806  0.547179  0.541310  0.325113  0.579613  0.594825  0.478977  0.420377  0.746541  0.574615  0.532259  0.341371  0.493960  0.466636  0.470415  0.489772  0.619987  0.546867  0.510128  0.421795  0.615950  0.429649  0.451777  0.429774  0.626661 
33  0.166336  0.364194  0.432815  0.567052  0.699917  0.473876  0.364285  0.319746  0.465441  0.134292  0.295405  0.775194  0.452943  0.274543  0.837023  0.360079  0.074361  0.307805  0.383128  0.326716  0.834059  0.464483  0.472879  0.799509  0.415237  0.517294  0.448575  0.134090  0.153471  0.454877  0.774094  0.412226  0.634215 0.0  0.586115  0.115999  0.795414  0.610383  0.330310  0.529650  0.493997  0.354149  0.380337  0.223891  0.465274  0.438031  0.358237  0.131397  0.315616  0.218169  0.078239  0.461496  0.791903  0.464863  0.125326  0.360086  0.187411  0.072491  0.308519  0.490592  0.465412  0.359188  0.393545  0.785862  0.205907  0.360452  0.485484  0.450546  0.330877  0.437039  0.350794  0.631813  0.443774  0.547707  0.331092  0.283477  0.089840  0.506188  0.415722  0.142337  0.259845  0.244716  0.134933  0.364960  0.332331  0.669083  0.359120  0.093096  0.330612  0.501906  0.117462  0.544759  0.321377  0.505992  0.214401  0.251341  0.363481  0.582605  0.630924 
34  0.615951  0.514616  0.518608  0.555070  0.625648  0.403405  0.335979  0.618299  0.524587  0.587224  0.207393  0.535304  0.509734  0.487432  0.512766  0.548648  0.607417  0.293207  0.283981  0.263645  0.474670  0.359853  0.595674  0.492264  0.363860  0.462086  0.520113  0.662927  0.534128  0.566449  0.366470  0.491565  0.592034  0.586115 0.0  0.465180  0.450217  0.597489  0.368751  0.372555  0.502484  0.595697  0.774821  0.486416  0.502609  0.461170  0.540683  0.577684  0.457884  0.526826  0.685243  0.539039  0.574617  0.494139  0.721893  0.451137  0.540900  0.486503  0.366475  0.482204  0.553293  0.405211  0.574745  0.291158  0.400134  0.304986  0.585718  0.546905  0.423889  0.368359  0.459760  0.604935  0.325466  0.290315  0.497518  0.250707  0.606824  0.566389  0.742633  0.551289  0.507603  0.487528  0.583744  0.378249  0.191640  0.526526  0.507577  0.563073  0.392331  0.569637  0.559910  0.703528  0.629870  0.543251  0.533765  0.295500  0.483746  0.507336  0.281588 
35  0.212056  0.304129  0.273215  0.251460  0.610949  0.289852  0.247402  0.248840  0.424623  0.350824  0.173639  0.448485  0.161433  0.222478  0.809676  0.375650  0.255857  0.274160  0.132412  0.349637  0.657627  0.228812  0.199987  0.735199  0.250881  0.510382  0.473202  0.348444  0.286746  0.412023  0.779909  0.322407  0.467280  0.115999  0.465180 0.0  0.668959  0.400380  0.290485  0.485379  0.520381  0.312415  0.739722  0.149667  0.295225  0.276425  0.259519  0.254365  0.228980  0.266268  0.244195  0.232060  0.637250  0.283552  0.306222  0.258488  0.323777  0.251962  0.185282  0.263248  0.349980  0.133749  0.349295  0.849379  0.348807  0.314188  0.150947  0.212010  0.206319  0.291326  0.287830  0.314555  0.287604  0.522509  0.131794  0.307352  0.259650  0.260084  0.706196  0.361352  0.145984  0.212746  0.250861  0.238740  0.263627  0.569946  0.296280  0.399824  0.217214  0.219132  0.299246  0.742865  0.464120  0.281865  0.344630  0.149414  0.237180  0.293251  0.489875 
36  0.818177  0.746499  0.757660  0.850252  0.642754  0.777541  0.615021  0.933126  0.503227  0.911423  0.476216  0.551270  0.704666  0.770499  0.844383  0.818576  0.639840  0.522986  0.566308  0.515074  0.643468  0.566635  0.769250  0.339085  0.612183  0.458900  0.545258  0.933126  0.861876  0.729990  0.079672  0.833835  0.537447  0.795414  0.450217  0.668959 0.0  0.859519  0.599074  0.387096  0.427701  0.751081  0.934033  0.694105  0.678517  0.727875  0.602432  0.887801  0.668158  0.772473  0.935216  0.843802  0.256138  0.750581  0.983712  0.629046  0.614944  0.756020  0.613348  0.832700  0.852206  0.424088  0.787588  0.086023  0.647067  0.454699  0.752836  0.873967  0.698435  0.581895  0.688395  0.725328  0.454085  0.453349  0.624184  0.499207  0.954383  0.736943  0.856887  0.840026  0.604491  0.690558  0.830963  0.485695  0.367470  0.532734  0.799483  0.821973  0.487235  0.740863  0.834156  0.863963  0.591645  0.853575  0.825551  0.680548  0.634130  0.735406  0.390849 
37  0.291270  0.195452  0.146958  0.104475  0.367494  0.154874  0.463161  0.181109  0.372067  0.375334  0.325255  0.422518  0.159366  0.390051  0.666085  0.012174  0.375077  0.280370  0.461424  0.295647  0.660800  0.408800  0.192612  0.599031  0.409264  0.411738  0.403444  0.403651  0.343616  0.196015  0.781548  0.241004  0.409538  0.610383  0.597489  0.400380  0.859519 0.0  0.266024  0.644337  0.471900  0.197855  0.719553  0.274774  0.225665  0.125594  0.361712  0.437346  0.356377  0.406556  0.228703  0.187898  0.450975  0.330811  0.446796  0.426772  0.347368  0.389251  0.323207  0.284057  0.222070  0.293651  0.409749  0.798583  0.329542  0.380395  0.261296  0.116907  0.369503  0.369918  0.220386  0.101806  0.307161  0.603795  0.409251  0.288288  0.384217  0.137111  0.857459  0.348334  0.198775  0.239683  0.496419  0.225477  0.297305  0.440107  0.163142  0.373870  0.419695  0.194447  0.364077  0.794236  0.649034  0.322513  0.444909  0.381176  0.352017  0.310928  0.596597 
38  0.360848  0.384591  0.272071  0.392784  0.840591  0.376483  0.084386  0.419056  0.409687  0.380593  0.000000  0.517620  0.357290  0.276540  0.754047  0.397637  0.372020  0.065377  0.168828  0.002224  0.636546  0.082141  0.303664  0.726527  0.277545  0.436924  0.436266  0.487664  0.427469  0.295741  0.590119  0.212446  0.580961  0.330310  0.368751  0.290485  0.599074  0.266024 0.0  0.317426  0.613879  0.383776  0.957851  0.171886  0.373277  0.408044  0.281686  0.412263  0.246655  0.349363  0.454481  0.317672  0.735716  0.271364  0.408104  0.243753  0.252212  0.406965  0.177660  0.471751  0.224132  0.123062  0.343968  0.330921  0.187315  0.166319  0.360997  0.370153  0.291975  0.100929  0.308463  0.401424  0.116900  0.319916  0.184199  0.115269  0.360516  0.360882  0.875738  0.381745  0.448651  0.300546  0.419513  0.135411  0.000000  0.505421  0.313521  0.368580  0.002620  0.378223  0.384952  0.764960  0.621952  0.383888  0.365311  0.179350  0.226935  0.385809  0.371768 
39  0.667108  0.638519  0.586128  0.555497  0.624006  0.605471  0.351394  0.537024  0.543344  0.559808  0.498442  0.578283  0.557883  0.473999  0.519152  0.609340  0.544251  0.498713  0.282945  0.450331  0.255316  0.364224  0.503048  0.664258  0.280459  0.448137  0.490613  0.520749  0.784891  0.589264  0.259068  0.537688  0.639119  0.529650  0.372555  0.485379  0.387096  0.644337  0.317426 0.0  0.499786  0.465085  0.621003  0.457421  0.503362  0.616586  0.256483  0.576571  0.287749  0.360936  0.472381  0.560888  0.727892  0.467561  0.549850  0.330515  0.315380  0.430568  0.241761  0.540797  0.564389  0.284993  0.740557  0.420243  0.519531  0.353930  0.533105  0.449013  0.463099  0.283954  0.581559  0.517942  0.326007  0.372196  0.317656  0.330392  0.648752  0.589435  0.626953  0.483962  0.452269  0.447057  0.576648  0.248633  0.373036  0.564143  0.610977  0.654611  0.322291  0.577581  0.677237  0.647185  0.673954  0.532822  0.585041  0.296993  0.399556  0.469816  0.307076 
