99
0 0.0  0.427733  0.358660  0.780172  0.377321  0.286316  0.203474  0.141687  0.414817  0.014377  0.301647  0.285781  0.298073  0.237872  0.294559  0.114980  0.297523  0.301980  0.247313  0.154072  0.436516  0.077068  0.349552  0.403520  0.346416  0.307675  0.311683  0.449377  0.220092  0.756939  0.277150  0.416678  0.154523  0.220485  0.316224  0.467206  0.367150  0.429385  0.748008  0.204123  0.396695  0.382989  0.242824  0.504329  0.435054  0.331746  0.193171  0.468893  0.329703  0.283527  0.418088  0.610896  0.300883  0.360803  0.371154  0.323832  0.414187  0.228293  0.226799  0.394041  0.015797  0.158078  0.446181  0.360935  0.287480  0.368258  0.312397  0.563901  0.320658  0.338037  0.276264  0.700487  0.521035  0.432338  0.230341  0.471247  0.329823  0.297449  0.367975  0.168024  0.829838  0.708301  0.185289  0.225600  0.492999  0.374626  0.310653  0.264553  0.335750  0.503766  0.250426  0.439906  0.389713  0.186942  0.195652  0.723193  0.178690  0.418248  0.692206 
1  0.427733 0.0  0.175973  0.666758  0.458371  0.199987  0.255044  0.256742  0.113276  0.330798  0.076428  0.099220  0.118926  0.293586  0.210098  0.259218  0.289494  0.399615  0.147172  0.409347  0.405435  0.279421  0.147195  0.062176  0.086776  0.351454  0.420583  0.372936  0.258009  0.582003  0.217748  0.244615  0.332602  0.352807  0.419303  0.440654  0.103751  0.146930  0.690631  0.253912  0.483817  0.177344  0.250892  0.193837  0.078277  0.340949  0.287763  0.502028  0.597867  0.212695  0.738247  0.401770  0.130603  0.242755  0.485133  0.163295  0.279753  0.410787  0.333348  0.365492  0.355533  0.369820  0.343231  0.216338  0.292328  0.105654  0.338720  0.441107  0.511785  0.164099  0.395644  0.937483  0.175666  0.506989  0.322553  0.758519  0.419432  0.000000  0.649207  0.384155  0.442422  0.721383  0.257754  0.316257  0.478113  0.410630  0.034845  0.295780  0.253061  0.242141  0.527571  0.401242  0.394004  0.323333  0.370111  0.884816  0.289942  0.374698  0.473332 
2  0.358660  0.175973 0.0  0.689817  0.486169  0.192851  0.398340  0.259411  0.022310  0.247470  0.191792  0.000000  0.061617  0.286794  0.142549  0.208281  0.345400  0.379655  0.225136  0.323293  0.326683  0.350256  0.220865  0.094507  0.017790  0.189551  0.382995  0.335707  0.318378  0.646347  0.248243  0.293046  0.358012  0.391338  0.421688  0.478985  0.259733  0.143843  0.785741  0.341533  0.425319  0.260728  0.325063  0.290300  0.231104  0.325432  0.311600  0.567555  0.433648  0.183239  0.749423  0.326905  0.031506  0.166402  0.435279  0.233807  0.345926  0.380192  0.275381  0.418416  0.421138  0.423048  0.350573  0.225563  0.444528  0.086117  0.274438  0.403074  0.547681  0.142420  0.424604  0.859317  0.225310  0.549472  0.280682  0.605682  0.504768  0.129106  0.472571  0.314375  0.571733  0.771593  0.353299  0.260520  0.252882  0.421395  0.135128  0.274972  0.267343  0.331328  0.467702  0.487061  0.422660  0.415985  0.257977  0.834881  0.232637  0.419456  0.580798 
3  0.780172  0.666758  0.689817 0.0  0.480907  0.645121  0.692378  0.773657  0.513542  0.687844  0.527671  0.556339  0.417568  0.669685  0.604631  0.724030  0.636603  0.700308  0.685989  0.744471  0.715258  0.685505  0.561046  0.565072  0.485748  0.811749  0.872277  0.730621  0.749906  0.523978  0.714621  0.618250  0.710953  0.820670  0.888848  0.373925  0.591656  0.626888  0.614323  0.656429  0.504398  0.630601  0.625204  0.703561  0.612842  0.730963  0.747895  0.436520  0.430538  0.630008  0.695998  0.369333  0.411162  0.502073  0.952001  0.675981  0.794040  0.807807  0.656360  0.739594  0.701065  0.766378  0.753213  0.519342  0.712438  0.554538  0.666352  0.463493  0.501409  0.683381  0.827835  0.898003  0.342652  0.913700  0.735260  0.345462  0.807114  0.457629  0.522952  0.713747  0.181820  0.654531  0.635526  0.766195  0.754158  0.850429  0.408238  0.646729  0.644761  0.292114  0.557512  0.484445  0.407617  0.709598  0.791857  0.812595  0.703619  0.818275  0.639594 
4  0.377321  0.458371  0.486169  0.480907 0.0  0.433046  0.328360  0.437924  0.552720  0.130032  0.567757  0.547617  0.544856  0.623083  0.512035  0.337072  0.477339  0.445567  0.482365  0.388289  0.627345  0.364156  0.482038  0.523587  0.457034  0.407285  0.444607  0.642728  0.447919  0.535590  0.612195  0.726925  0.358327  0.429388  0.569118  0.426082  0.466456  0.538768  0.462571  0.338910  0.396378  0.594440  0.450043  0.576685  0.526045  0.520466  0.526889  0.535399  0.210552  0.481605  0.213850  0.620061  0.531902  0.578545  0.442134  0.528230  0.707841  0.510717  0.424164  0.529261  0.311652  0.494982  0.770855  0.528864  0.610878  0.454930  0.360451  0.583871  0.276071  0.488090  0.445882  0.539140  0.523145  0.487195  0.486145  0.326333  0.539770  0.558039  0.475692  0.448664  0.665188  0.727462  0.430821  0.365339  0.688721  0.503084  0.652804  0.398601  0.497476  0.642870  0.263248  0.540685  0.414009  0.364134  0.367785  0.573297  0.410579  0.705075  0.499521 
5  0.286316  0.199987  0.192851  0.645121  0.433046 0.0  0.273010  0.194614  0.319679  0.226860  0.209587  0.273174  0.302218  0.202833  0.289141  0.223341  0.234633  0.205234  0.190188  0.312022  0.144152  0.297731  0.280884  0.253703  0.378576  0.301885  0.230747  0.266169  0.230832  0.744058  0.238943  0.343325  0.162008  0.252679  0.292147  0.586902  0.302388  0.252081  0.725134  0.219049  0.511998  0.270277  0.293427  0.256294  0.134195  0.173993  0.233714  0.439021  0.472591  0.425800  0.584366  0.458787  0.294438  0.289326  0.232660  0.278503  0.307091  0.294056  0.213164  0.191989  0.424275  0.331131  0.291382  0.309757  0.341853  0.132099  0.261360  0.381083  0.475720  0.224936  0.303638  0.706948  0.398553  0.254399  0.260568  0.591949  0.247154  0.163611  0.370465  0.286220  0.585476  0.717208  0.256559  0.254189  0.261297  0.313547  0.302945  0.173000  0.240298  0.515511  0.391257  0.454524  0.396902  0.227549  0.256091  0.565845  0.317315  0.277856  0.600747 
6  0.203474  0.255044  0.398340  0.692378  0.328360  0.273010 0.0  0.180484  0.256835  0.113952  0.333501  0.352578  0.253997  0.238800  0.412598  0.029507  0.229613  0.233769  0.201035  0.210320  0.501040  0.062194  0.330791  0.393485  0.294245  0.194338  0.502960  0.505518  0.133543  0.726949  0.267400  0.309967  0.195254  0.155502  0.366435  0.452940  0.299264  0.353547  0.740242  0.230373  0.429127  0.351094  0.271848  0.384769  0.261974  0.407862  0.229417  0.366800  0.299176  0.224273  0.506844  0.612322  0.325141  0.464023  0.378361  0.459606  0.380205  0.419638  0.123760  0.437650  0.128089  0.179086  0.425293  0.326814  0.338756  0.357394  0.231936  0.575785  0.267504  0.344955  0.235771  0.737392  0.546167  0.310116  0.211004  0.423684  0.339042  0.216590  0.444396  0.108820  0.774801  0.648308  0.235758  0.208362  0.496226  0.334010  0.337165  0.263923  0.229118  0.560049  0.221609  0.476274  0.504694  0.183835  0.162445  0.702498  0.112001  0.360557  0.781826 
7  0.141687  0.256742  0.259411  0.773657  0.437924  0.194614  0.180484 0.0  0.316015  0.064055  0.302584  0.358162  0.216279  0.290852  0.315251  0.001661  0.242885  0.320266  0.305922  0.173847  0.432683  0.080063  0.330187  0.412338  0.419983  0.141256  0.360112  0.469283  0.240694  0.635412  0.253170  0.308441  0.291276  0.181757  0.253391  0.479637  0.293965  0.365013  0.755104  0.128998  0.432781  0.270110  0.273955  0.412305  0.324528  0.294980  0.286081  0.449395  0.260805  0.358219  0.519208  0.563921  0.343925  0.381332  0.336537  0.384161  0.452228  0.149561  0.107962  0.432642  0.046905  0.106102  0.445348  0.224152  0.365233  0.391384  0.129693  0.495578  0.291158  0.272519  0.232935  0.673617  0.562690  0.326769  0.217988  0.473784  0.221792  0.365934  0.361087  0.241184  0.883098  0.748383  0.239101  0.090856  0.577514  0.326742  0.265420  0.177024  0.230185  0.647222  0.347235  0.381890  0.529585  0.166640  0.195937  0.704192  0.242642  0.279878  0.720135 
8  0.414817  0.113276  0.022310  0.513542  0.552720  0.319679  0.256835  0.316015 0.0  0.352983  0.025018  0.014547  0.210514  0.256037  0.037819  0.443237  0.268075  0.334053  0.107774  0.292399  0.315347  0.365693  0.187259  0.172664  0.076411  0.264907  0.337059  0.386991  0.425392  0.494355  0.338201  0.018767  0.435738  0.310748  0.217827  0.475731  0.018393  0.159965  0.743017  0.296558  0.522546  0.027279  0.338199  0.364715  0.155779  0.271156  0.397715  0.401923  0.402209  0.082653  0.706056  0.349239  0.000000  0.145536  0.290301  0.081561  0.344282  0.309885  0.216353  0.520883  0.299674  0.278993  0.424542  0.000937  0.246313  0.148983  0.190703  0.351100  0.571613  0.010396  0.298786  0.756115  0.298502  0.297129  0.378030  0.613766  0.317384  0.037781  0.570761  0.288407  0.560512  0.731764  0.418573  0.183802  0.333812  0.380168  0.105041  0.343858  0.339249  0.254849  0.605721  0.442845  0.414171  0.323464  0.355544  0.759795  0.356922  0.291090  0.547161 
9  0.014377  0.330798  0.247470  0.687844  0.130032  0.226860  0.113952  0.064055  0.352983 0.0  0.347720  0.517849  0.553975  0.251878  0.338401  0.315384  0.308100  0.449782  0.190820  0.183184  0.286529  0.258466  0.301358  0.465253  0.295673  0.121066  0.440309  0.332694  0.067471  0.618975  0.222397  0.299174  0.095100  0.080778  0.282635  0.464617  0.307849  0.366420  1.000000  0.000000  0.424043  0.352923  0.281731  0.232748  0.369066  0.424956  0.170559  0.515379  0.364616  0.306465  0.598410  0.611050  0.421454  0.414988  0.474637  0.380186  0.151072  0.000000  0.076442  0.370287  0.038567  0.126808  0.431387  0.502213  0.584898  0.455517  0.329086  0.515434  0.423353  0.427289  0.011448  0.761350  0.653948  0.396280  0.123331  0.552079  0.290838  0.272241  0.209182  0.065123  0.751515  0.739314  0.006650  0.000000  0.374658  0.291919  0.483732  0.031293  0.249948  0.559839  0.291464  0.529721  0.446372  0.036690  0.021045  0.673905  0.119165  0.409402  0.907221 
10  0.301647  0.076428  0.191792  0.527671  0.567757  0.209587  0.333501  0.302584  0.025018  0.347720 0.0  0.105135  0.103852  0.317660  0.067947  0.246708  0.213459  0.245717  0.234715  0.314631  0.299642  0.390710  0.038457  0.127822  0.334728  0.387076  0.447987  0.349963  0.374421  0.578981  0.326643  0.056736  0.305055  0.380613  0.379460  0.441709  0.066766  0.124791  0.792871  0.246031  0.448429  0.101441  0.325996  0.332076  0.031616  0.251079  0.315884  0.422988  0.465999  0.092245  0.620511  0.397030  0.165553  0.063536  0.332027  0.000000  0.343684  0.362757  0.337029  0.410324  0.425385  0.425759  0.426297  0.000586  0.395768  0.165910  0.195561  0.351814  0.541042  0.126183  0.274333  0.737133  0.276042  0.342883  0.361729  0.755994  0.428679  0.284802  0.564880  0.360619  0.413330  0.719387  0.382709  0.261932  0.300830  0.468343  0.120864  0.272718  0.263747  0.348608  0.485519  0.609091  0.418992  0.393917  0.371516  0.699916  0.281895  0.521609  0.421245 
11  0.285781  0.099220  0.000000  0.556339  0.547617  0.273174  0.352578  0.358162  0.014547  0.517849  0.105135 0.0  0.206349  0.232616  0.135337  0.529538  0.252124  0.386822  0.220307  0.360227  0.410485  0.425674  0.071809  0.157479  0.178406  0.329595  0.302669  0.232044  0.314104  0.508550  0.221207  0.069299  0.312112  0.370819  0.348442  0.564882  0.060727  0.096019  0.905865  0.381041  0.428588  0.031275  0.246717  0.326189  0.000000  0.420175  0.314130  0.475113  0.592187  0.107406  0.956094  0.323587  0.259938  0.139972  0.399514  0.077431  0.278226  0.355815  0.344083  0.439718  0.292662  0.397702  0.465879  0.165444  0.504289  0.204377  0.316462  0.330876  0.767570  0.052084  0.347875  0.708194  0.363862  0.308044  0.368110  0.922576  0.395252  0.138654  0.624217  0.298012  0.516585  0.769844  0.294794  0.301935  0.257518  0.339388  0.178031  0.408542  0.368446  0.409155  0.586940  0.463823  0.469177  0.377218  0.455270  0.568806  0.240912  0.427438  0.545917 
12  0.298073  0.118926  0.061617  0.417568  0.544856  0.302218  0.253997  0.216279  0.210514  0.553975  0.103852  0.206349 0.0  0.283864  0.096538  0.374185  0.161452  0.353944  0.270272  0.275232  0.350472  0.361776  0.018698  0.194714  0.085886  0.344500  0.391006  0.466634  0.374544  0.423125  0.163574  0.000000  0.352909  0.263415  0.235013  0.453745  0.033362  0.239596  0.781652  0.447055  0.493642  0.004009  0.289763  0.322375  0.070983  0.501399  0.214856  0.524733  0.702972  0.000000  0.848003  0.297406  0.257677  0.200611  0.338567  0.054539  0.377062  0.421385  0.263423  0.333067  0.367263  0.229825  0.434682  0.000000  0.452260  0.155438  0.284583  0.294754  0.668066  0.094422  0.260239  0.753025  0.301395  0.352231  0.291137  0.852668  0.301272  0.052858  0.532187  0.392796  0.476432  0.794057  0.341658  0.338440  0.385714  0.348590  0.258842  0.345209  0.209810  0.386283  0.687650  0.498613  0.439338  0.345233  0.342126  0.782286  0.420914  0.417664  0.464459 
13  0.237872  0.293586  0.286794  0.669685  0.623083  0.202833  0.238800  0.290852  0.256037  0.251878  0.317660  0.232616  0.283864 0.0  0.310608  0.271181  0.280763  0.300243  0.303599  0.199480  0.208684  0.273826  0.242650  0.243770  0.160849  0.294590  0.222719  0.288020  0.261820  0.604510  0.397103  0.276866  0.306863  0.209353  0.224427  0.469670  0.271724  0.261718  0.734815  0.298521  0.438645  0.299825  0.367382  0.258910  0.245226  0.272193  0.251170  0.383486  0.481942  0.202782  0.740352  0.401337  0.309732  0.291065  0.285118  0.281592  0.220909  0.278144  0.347576  0.152522  0.359081  0.183401  0.147400  0.296960  0.257815  0.356282  0.322664  0.454387  0.523433  0.164662  0.236954  0.708374  0.381442  0.272997  0.249976  0.600773  0.335296  0.234135  0.543499  0.352899  0.717226  0.614496  0.258751  0.393626  0.338987  0.243530  0.258630  0.187753  0.218741  0.448960  0.488165  0.445400  0.394044  0.256843  0.193162  0.687071  0.147629  0.255351  0.646400 
14  0.294559  0.210098  0.142549  0.604631  0.512035  0.289141  0.412598  0.315251  0.037819  0.338401  0.067947  0.135337  0.096538  0.310608 0.0  0.348073  0.249944  0.248562  0.274436  0.377608  0.289738  0.235980  0.079960  0.205118  0.049458  0.286142  0.439026  0.288903  0.370802  0.655018  0.271920  0.158658  0.357484  0.277799  0.469059  0.451145  0.212567  0.071168  0.737234  0.367465  0.461942  0.232977  0.251495  0.326076  0.245106  0.373893  0.327865  0.482501  0.582492  0.233604  0.710390  0.314457  0.128168  0.069021  0.510696  0.215160  0.253205  0.355033  0.267323  0.390974  0.338950  0.301823  0.415318  0.144316  0.378589  0.163442  0.239382  0.508415  0.612329  0.085983  0.373247  0.884371  0.229991  0.493613  0.360371  0.725882  0.386086  0.109005  0.450370  0.441509  0.556133  0.742252  0.314281  0.344789  0.313830  0.398638  0.005500  0.275732  0.310313  0.348959  0.468534  0.356721  0.442670  0.336746  0.274231  0.790710  0.246232  0.426755  0.550514 
15  0.114980  0.259218  0.208281  0.724030  0.337072  0.223341  0.029507  0.001661  0.443237  0.315384  0.246708  0.529538  0.374185  0.271181  0.348073 0.0  0.178650  0.468003  0.303566  0.115985  0.441673  0.112974  0.338103  0.389070  0.277897  0.000000  0.428805  0.305280  0.140728  0.748239  0.396480  0.330777  0.087081  0.003158  0.253682  0.472351  0.344067  0.418265  0.875918  0.054390  0.461931  0.322315  0.248783  0.337816  0.360934  0.436287  0.068577  0.501544  0.318611  0.401558  0.640663  0.576601  0.353513  0.331776  0.264302  0.351051  0.281829  0.052331  0.147405  0.406091  0.064236  0.018341  0.470088  0.280311  0.440084  0.423918  0.289696  0.598206  0.262355  0.257539  0.141496  0.752847  0.669461  0.345581  0.114184  0.633521  0.409202  0.339840  0.196002  0.000000  0.859122  0.816278  0.034317  0.045043  0.376962  0.423457  0.464473  0.072503  0.239965  0.687456  0.362442  0.585306  0.436020  0.000000  0.210467  0.692321  0.050152  0.305723  0.657014 
16  0.297523  0.289494  0.345400  0.636603  0.477339  0.234633  0.229613  0.242885  0.268075  0.308100  0.213459  0.252124  0.161452  0.280763  0.249944  0.178650 0.0  0.236357  0.364384  0.313752  0.236207  0.342563  0.251826  0.199913  0.221852  0.310991  0.276827  0.305290  0.249548  0.661300  0.359652  0.325004  0.263344  0.162820  0.274031  0.500481  0.342915  0.226464  0.675161  0.213799  0.443253  0.282856  0.203742  0.197687  0.328778  0.253071  0.314828  0.529386  0.442381  0.324484  0.671282  0.418916  0.327051  0.178448  0.374766  0.243726  0.175631  0.206143  0.334268  0.259910  0.281010  0.239162  0.189326  0.261610  0.277330  0.257010  0.266969  0.471385  0.523718  0.201631  0.282661  0.771253  0.443318  0.269256  0.203172  0.706724  0.336881  0.285975  0.538944  0.332497  0.702910  0.700494  0.237624  0.292562  0.252049  0.299817  0.262187  0.284414  0.286132  0.453584  0.446414  0.418840  0.449530  0.231428  0.296466  0.651233  0.335089  0.281185  0.572325 
17  0.301980  0.399615  0.379655  0.700308  0.445567  0.205234  0.233769  0.320266  0.334053  0.449782  0.245717  0.386822  0.353944  0.300243  0.248562  0.468003  0.236357 0.0  0.281421  0.276900  0.291826  0.421638  0.343991  0.357410  0.367125  0.420415  0.470189  0.348443  0.346900  0.700951  0.316527  0.274578  0.340109  0.362969  0.371234  0.446388  0.259728  0.373515  0.816370  0.282636  0.474175  0.359136  0.235672  0.257015  0.318505  0.414303  0.260315  0.483123  0.654561  0.282818  0.836514  0.613030  0.460578  0.321618  0.375005  0.380447  0.341866  0.200171  0.397248  0.301314  0.433622  0.283355  0.332315  0.331042  0.416341  0.492828  0.402003  0.588878  0.604097  0.308428  0.412790  0.732392  0.626382  0.385867  0.216463  0.859379  0.287191  0.365233  0.458321  0.424795  0.761691  0.759814  0.330574  0.389035  0.268394  0.354113  0.476736  0.231902  0.243035  0.598241  0.660494  0.469918  0.428354  0.281034  0.382432  0.788742  0.350016  0.360584  0.673478 
18  0.247313  0.147172  0.225136  0.685989  0.482365  0.190188  0.201035  0.305922  0.107774  0.190820  0.234715  0.220307  0.270272  0.303599  0.274436  0.303566  0.364384  0.281421 0.0  0.281770  0.184777  0.234862  0.304573  0.252153  0.174641  0.373641  0.363241  0.234576  0.345359  0.769808  0.221706  0.259352  0.266145  0.219374  0.240103  0.441468  0.255673  0.259885  0.668566  0.270653  0.495126  0.273285  0.240310  0.252782  0.359739  0.216930  0.266297  0.445328  0.475963  0.344899  0.606168  0.391915  0.300280  0.241434  0.301735  0.254014  0.211543  0.299227  0.274018  0.309501  0.215217  0.261389  0.242079  0.216077  0.140217  0.274357  0.292336  0.448851  0.462763  0.284433  0.270752  0.639501  0.371672  0.183928  0.204110  0.713877  0.226379  0.359699  0.449672  0.320840  0.660934  0.642579  0.270780  0.225514  0.234059  0.296096  0.221097  0.248380  0.170332  0.439608  0.555239  0.387781  0.539137  0.314121  0.259017  0.618535  0.298966  0.255120  0.733599 
19  0.154072  0.409347  0.323293  0.744471  0.388289  0.312022  0.210320  0.173847  0.292399  0.183184  0.314631  0.360227  0.275232  0.199480  0.377608  0.115985  0.313752  0.276900  0.281770 0.0  0.462069  0.084426  0.379839  0.354470  0.374000  0.129743  0.328505  0.430710  0.348103  0.651329  0.193568  0.285089  0.159761  0.274992  0.321435  0.343646  0.394869  0.510244  0.864320  0.123887  0.375952  0.385667  0.324778  0.385292  0.321739  0.283870  0.213632  0.521585  0.368343  0.318714  0.494388  0.563142  0.302862  0.425534  0.441337  0.284464  0.548005  0.305596  0.203121  0.417240  0.077067  0.103514  0.319640  0.288638  0.418825  0.489339  0.049595  0.405904  0.316185  0.294066  0.230639  0.761552  0.552929  0.304209  0.214916  0.531762  0.349620  0.318154  0.335080  0.099943  0.757893  0.682932  0.298785  0.268358  0.458185  0.474902  0.375117  0.163021  0.333422  0.567361  0.400120  0.492042  0.323793  0.143947  0.211468  0.858599  0.214431  0.360765  0.706315 
20  0.436516  0.405435  0.326683  0.715258  0.627345  0.144152  0.501040  0.432683  0.315347  0.286529  0.299642  0.410485  0.350472  0.208684  0.289738  0.441673  0.236207  0.291826  0.184777  0.462069 0.0  0.256031  0.233312  0.408252  0.263990  0.505907  0.177277  0.169641  0.502744  0.774768  0.327311  0.306558  0.489209  0.466705  0.000000  0.540107  0.355453  0.457644  0.436592  0.389459  0.462325  0.404259  0.315141  0.265862  0.278005  0.359110  0.445687  0.419305  0.640508  0.228034  0.749547  0.622425  0.437561  0.336862  0.000000  0.344082  0.170809  0.417314  0.404490  0.181344  0.373185  0.470242  0.139451  0.210868  0.073779  0.350273  0.245175  0.457125  0.630446  0.337645  0.388675  0.458631  0.453310  0.056222  0.478982  0.755765  0.112669  0.370637  0.625931  0.429578  0.814936  0.429070  0.525613  0.482727  0.316206  0.077850  0.299875  0.541286  0.240638  0.596997  0.509189  0.475450  0.501344  0.446538  0.467014  0.413843  0.384045  0.192384  0.735076 
21  0.077068  0.279421  0.350256  0.685505  0.364156  0.297731  0.062194  0.080063  0.365693  0.258466  0.390710  0.425674  0.361776  0.273826  0.235980  0.112974  0.342563  0.421638  0.234862  0.084426  0.256031 0.0  0.391773  0.438585  0.253161  0.071677  0.469389  0.349460  0.004351  0.649914  0.336541  0.313331  0.058836  0.135233  0.323579  0.437307  0.344738  0.408184  0.808811  0.082906  0.452581  0.277474  0.302983  0.399167  0.368702  0.402365  0.127303  0.570954  0.354667  0.327939  0.636349  0.557494  0.463952  0.393924  0.374881  0.355502  0.291884  0.058117  0.094598  0.324240  0.107285  0.110503  0.431111  0.355193  0.420814  0.424844  0.305225  0.463792  0.438616  0.391845  0.000000  0.748796  0.697822  0.378494  0.184833  0.548527  0.291651  0.310518  0.261430  0.044060  0.792925  0.730440  0.111660  0.000000  0.298617  0.311746  0.458314  0.000000  0.315200  0.610905  0.409059  0.427005  0.534899  0.000000  0.072176  0.826108  0.000000  0.419247  0.738905 
22  0.349552  0.147195  0.220865  0.561046  0.482038  0.280884  0.330791  0.330187  0.187259  0.301358  0.038457  0.071809  0.018698  0.242650  0.079960  0.338103  0.251826  0.343991  0.304573  0.379839  0.233312  0.391773 0.0  0.122147  0.085398  0.374689  0.523756  0.255997  0.304648  0.516254  0.246290  0.052655  0.319507  0.321129  0.298565  0.477258  0.000000  0.168771  0.684999  0.388780  0.488056  0.120309  0.271357  0.396669  0.083626  0.327504  0.331900  0.455183  0.488614  0.061158  0.767375  0.259911  0.106498  0.182012  0.349966  0.061029  0.393720  0.301112  0.407750  0.334463  0.259787  0.302534  0.362220  0.105870  0.320412  0.165374  0.205451  0.301678  0.556587  0.176997  0.361345  0.831716  0.318665  0.343150  0.357476  0.655765  0.282579  0.000000  0.596737  0.368622  0.522743  0.805504  0.210172  0.348505  0.441973  0.283931  0.063434  0.284571  0.301072  0.361353  0.504700  0.446648  0.519880  0.267118  0.426587  0.784543  0.299277  0.324568  0.512819 
23  0.403520  0.062176  0.094507  0.565072  0.523587  0.253703  0.393485  0.412338  0.172664  0.465253  0.127822  0.157479  0.194714  0.243770  0.205118  0.389070  0.199913  0.357410  0.252153  0.354470  0.408252  0.438585  0.122147 0.0  0.155270  0.369029  0.389068  0.275009  0.416862  0.587044  0.303552  0.211621  0.335555  0.379528  0.387227  0.413420  0.142778  0.203559  0.658593  0.370357  0.503847  0.013484  0.333328  0.406657  0.177985  0.444735  0.400065  0.448459  0.429368  0.071408  0.802118  0.259573  0.109766  0.265543  0.360789  0.083437  0.382491  0.353904  0.459127  0.329960  0.453415  0.371790  0.531340  0.036168  0.383247  0.111579  0.221014  0.314040  0.565700  0.156852  0.398112  0.823810  0.390234  0.489380  0.364915  0.858706  0.407252  0.138059  0.593500  0.283318  0.582342  0.805968  0.344357  0.448729  0.465775  0.360565  0.106817  0.394183  0.229229  0.297128  0.643635  0.448124  0.436850  0.310318  0.386718  0.803253  0.425522  0.430751  0.451872 
24  0.346416  0.086776  0.017790  0.485748  0.457034  0.378576  0.294245  0.419983  0.076411  0.295673  0.334728  0.178406  0.085886  0.160849  0.049458  0.277897  0.221852  0.367125  0.174641  0.374000  0.263990  0.253161  0.085398  0.155270 0.0  0.289220  0.376974  0.331249  0.293787  0.461860  0.339229  0.082398  0.357413  0.400381  0.346243  0.524533  0.057027  0.143253  0.639653  0.329012  0.491582  0.069433  0.332638  0.291361  0.158601  0.397667  0.454258  0.461939  0.497566  0.000000  0.734431  0.369334  0.192589  0.060189  0.272777  0.000000  0.278636  0.350358  0.327768  0.458580  0.321410  0.287641  0.366107  0.038453  0.239167  0.204217  0.290368  0.350164  0.473556  0.090537  0.313512  0.754356  0.239101  0.358034  0.372567  0.744730  0.346389  0.189721  0.574083  0.341360  0.553531  0.767015  0.328023  0.301201  0.353135  0.487170  0.120286  0.275052  0.319933  0.285924  0.510703  0.490400  0.389495  0.270757  0.258245  0.792281  0.288054  0.383405  0.425521 
25  0.307675  0.351454  0.189551  0.811749  0.407285  0.301885  0.194338  0.141256  0.264907  0.121066  0.387076  0.329595  0.344500  0.294590  0.286142  0.000000  0.310991  0.420415  0.373641  0.129743  0.505907  0.071677  0.374689  0.369029  0.289220 0.0  0.361014  0.510436  0.185385  0.644481  0.305928  0.251332  0.193480  0.228682  0.180290  0.417721  0.266999  0.298597  0.713791  0.208294  0.477661  0.331041  0.401052  0.444090  0.362083  0.340216  0.127065  0.401819  0.284816  0.301286  0.413396  0.635153  0.361899  0.480875  0.301591  0.203634  0.462365  0.150291  0.113462  0.417414  0.005624  0.158674  0.418756  0.276680  0.342344  0.333623  0.262484  0.574297  0.275735  0.259670  0.294293  0.671231  0.513981  0.366738  0.166476  0.466411  0.359234  0.292761  0.393280  0.152573  0.899524  0.752743  0.220362  0.288684  0.457725  0.328074  0.344722  0.227346  0.263181  0.616034  0.254651  0.447658  0.474968  0.364311  0.191909  0.810762  0.266219  0.374232  0.760165 
26  0.311683  0.420583  0.382995  0.872277  0.444607  0.230747  0.502960  0.360112  0.337059  0.440309  0.447987  0.302669  0.391006  0.222719  0.439026  0.428805  0.276827  0.470189  0.363241  0.328505  0.177277  0.469389  0.523756  0.389068  0.376974  0.361014 0.0  0.197791  0.399801  0.892579  0.247459  0.343136  0.511155  0.387346  0.166706  0.474272  0.415215  0.355886  0.585301  0.328422  0.396633  0.495230  0.247379  0.159500  0.313585  0.364305  0.428636  0.387004  0.632837  0.454074  0.742428  0.581934  0.389700  0.288035  0.132510  0.492651  0.173075  0.451664  0.410532  0.125467  0.406327  0.373814  0.150703  0.321392  0.088227  0.487272  0.316812  0.572849  0.638069  0.331696  0.462963  0.492117  0.597034  0.131285  0.410422  0.848887  0.151241  0.529889  0.587600  0.340588  0.816666  0.512120  0.385530  0.404907  0.035765  0.095906  0.325329  0.375184  0.390229  0.606349  0.618812  0.448317  0.463817  0.383789  0.458352  0.524505  0.378962  0.134344  0.776247 
27  0.449377  0.372936  0.335707  0.730621  0.642728  0.266169  0.505518  0.469283  0.386991  0.332694  0.349963  0.232044  0.466634  0.288020  0.288903  0.305280  0.305290  0.348443  0.234576  0.430710  0.169641  0.349460  0.255997  0.275009  0.331249  0.510436  0.197791 0.0  0.427103  0.678863  0.253680  0.418652  0.432617  0.485502  0.097666  0.400517  0.249287  0.490699  0.524222  0.465983  0.442598  0.392905  0.241486  0.180910  0.350253  0.380699  0.509949  0.470741  0.407341  0.306184  0.709363  0.695291  0.349371  0.498530  0.164757  0.336273  0.321475  0.474336  0.354096  0.102793  0.256772  0.466957  0.152909  0.324977  0.117963  0.460444  0.268458  0.579442  0.573484  0.414822  0.404314  0.492391  0.453034  0.106514  0.326906  0.714183  0.027435  0.346450  0.615213  0.446008  0.825182  0.566279  0.413853  0.398684  0.173948  0.000000  0.244115  0.498238  0.309302  0.567736  0.571519  0.463720  0.433386  0.464028  0.532963  0.523540  0.452215  0.134368  0.772644 
28  0.220092  0.258009  0.318378  0.749906  0.447919  0.230832  0.133543  0.240694  0.425392  0.067471  0.374421  0.314104  0.374544  0.261820  0.370802  0.140728  0.249548  0.346900  0.345359  0.348103  0.502744  0.004351  0.304648  0.416862  0.293787  0.185385  0.399801  0.427103 0.0  0.708952  0.283696  0.376371  0.154844  0.150611  0.310619  0.480113  0.364853  0.397647  0.753385  0.119219  0.390417  0.326667  0.273995  0.436883  0.394246  0.385546  0.170242  0.531723  0.181231  0.306843  0.519859  0.666591  0.371447  0.353355  0.347053  0.274768  0.425646  0.202098  0.254466  0.401960  0.026135  0.212409  0.412650  0.361416  0.358153  0.398207  0.220841  0.580707  0.144514  0.338385  0.133892  0.712432  0.557718  0.345301  0.209495  0.438332  0.257548  0.310573  0.455661  0.274668  0.812019  0.721495  0.159779  0.231711  0.436480  0.295408  0.293948  0.243300  0.222550  0.527624  0.235552  0.530090  0.505223  0.149583  0.237431  0.767208  0.136940  0.376406  0.776730 
29  0.756939  0.582003  0.646347  0.523978  0.535590  0.744058  0.726949  0.635412  0.494355  0.618975  0.578981  0.508550  0.423125  0.604510  0.655018  0.748239  0.661300  0.700951  0.769808  0.651329  0.774768  0.649914  0.516254  0.587044  0.461860  0.644481  0.892579  0.678863  0.708952 0.0  0.678573  0.580855  0.751514  0.733289  0.872568  0.535332  0.680530  0.615692  0.374222  0.677777  0.456366  0.659232  0.663421  0.690424  0.731238  0.700766  0.734066  0.528140  0.595295  0.605394  0.361286  0.365302  0.419448  0.538735  0.807646  0.502683  0.747249  0.719496  0.754603  0.756893  0.800614  0.689048  0.850593  0.527688  0.671149  0.564530  0.667248  0.397950  0.503993  0.661526  0.770701  0.501448  0.287190  0.901280  0.761815  0.624242  0.892808  0.421529  0.535241  0.708353  0.557641  0.173285  0.734334  0.740789  0.715829  0.741047  0.400369  0.602536  0.618131  0.354756  0.522565  0.446062  0.477937  0.678682  0.815915  0.387201  0.674206  0.726765  0.293901 
30  0.277150  0.217748  0.248243  0.714621  0.612195  0.238943  0.267400  0.253170  0.338201  0.222397  0.326643  0.221207  0.163574  0.397103  0.271920  0.396480  0.359652  0.316527  0.221706  0.193568  0.327311  0.336541  0.246290  0.303552  0.339229  0.305928  0.247459  0.253680  0.283696  0.678573 0.0  0.322130  0.249543  0.184224  0.267537  0.432649  0.232227  0.245308  0.642664  0.367747  0.518093  0.258416  0.216594  0.192029  0.426842  0.195957  0.324460  0.447706  0.431604  0.319305  0.754385  0.420454  0.194020  0.239683  0.322641  0.311936  0.269416  0.224263  0.233964  0.221940  0.227815  0.289619  0.217305  0.243233  0.358449  0.191752  0.308486  0.466814  0.477446  0.245914  0.370728  0.743489  0.457776  0.202794  0.207966  0.612097  0.224270  0.251608  0.466652  0.226540  0.734365  0.687738  0.319448  0.295023  0.220793  0.254765  0.230863  0.318014  0.235035  0.466514  0.537401  0.390474  0.519895  0.278986  0.234291  0.630969  0.284671  0.270621  0.692006 
31  0.416678  0.244615  0.293046  0.618250  0.726925  0.343325  0.309967  0.308441  0.018767  0.299174  0.056736  0.069299  0.000000  0.276866  0.158658  0.330777  0.325004  0.274578  0.259352  0.285089  0.306558  0.313331  0.052655  0.211621  0.082398  0.251332  0.343136  0.418652  0.376371  0.580855  0.322130 0.0  0.435806  0.392417  0.399420  0.583048  0.100737  0.030095  0.749420  0.320675  0.514993  0.176778  0.199743  0.450092  0.183945  0.377255  0.333117  0.498823  0.532367  0.223440  0.720090  0.433560  0.004184  0.105212  0.573458  0.126571  0.349342  0.207917  0.337433  0.515888  0.265073  0.301421  0.395286  0.198577  0.264985  0.057954  0.320215  0.448986  0.510399  0.291947  0.389781  0.867119  0.313906  0.544459  0.262845  0.785884  0.352863  0.098303  0.553772  0.211741  0.542692  0.719370  0.336723  0.276171  0.349012  0.307461  0.121470  0.362674  0.297978  0.361209  0.587380  0.305293  0.518895  0.243292  0.431381  0.747385  0.306866  0.347913  0.624123 
32  0.154523  0.332602  0.358012  0.710953  0.358327  0.162008  0.195254  0.291276  0.435738  0.095100  0.305055  0.312112  0.352909  0.306863  0.357484  0.087081  0.263344  0.340109  0.266145  0.159761  0.489209  0.058836  0.319507  0.335555  0.357413  0.193480  0.511155  0.432617  0.154844  0.751514  0.249543  0.435806 0.0  0.251204  0.317999  0.507364  0.273813  0.492947  0.677073  0.120843  0.448429  0.309280  0.253042  0.492910  0.312475  0.378453  0.166566  0.451518  0.271351  0.357725  0.521249  0.723896  0.415209  0.502615  0.300367  0.313301  0.466101  0.204279  0.221650  0.400207  0.058817  0.197570  0.329570  0.287467  0.284638  0.431674  0.292617  0.486142  0.335949  0.284968  0.219412  0.661342  0.598346  0.338615  0.247049  0.548045  0.292272  0.389896  0.425733  0.220198  0.741065  0.762048  0.230988  0.193219  0.450446  0.401186  0.408933  0.175453  0.317241  0.550834  0.284202  0.436127  0.396409  0.210186  0.216140  0.664335  0.118072  0.394324  0.727888 
33  0.220485  0.352807  0.391338  0.820670  0.429388  0.252679  0.155502  0.181757  0.310748  0.080778  0.380613  0.370819  0.263415  0.209353  0.277799  0.003158  0.162820  0.362969  0.219374  0.274992  0.466705  0.135233  0.321129  0.379528  0.400381  0.228682  0.387346  0.485502  0.150611  0.733289  0.184224  0.392417  0.251204 0.0  0.323309  0.448927  0.319419  0.309770  0.742106  0.194835  0.400227  0.226331  0.244761  0.383367  0.256849  0.341674  0.117191  0.466256  0.260753  0.352785  0.409515  0.621402  0.259395  0.445873  0.358500  0.329964  0.441461  0.253501  0.067052  0.376953  0.056859  0.136186  0.422415  0.295929  0.304642  0.333676  0.324105  0.452942  0.240501  0.327035  0.143529  0.702352  0.516670  0.301363  0.284527  0.443293  0.299729  0.422736  0.484807  0.146023  0.821199  0.831564  0.359010  0.165873  0.575979  0.333318  0.298186  0.129602  0.316973  0.511799  0.161024  0.443484  0.419596  0.239581  0.239204  0.749719  0.268477  0.384054  0.712930 
34  0.316224  0.419303  0.421688  0.888848  0.569118  0.292147  0.366435  0.253391  0.217827  0.282635  0.379460  0.348442  0.235013  0.224427  0.469059  0.253682  0.274031  0.371234  0.240103  0.321435  0.000000  0.323579  0.298565  0.387227  0.346243  0.180290  0.166706  0.097666  0.310619  0.872568  0.267537  0.399420  0.317999  0.323309 0.0  0.470977  0.422961  0.395875  0.369076  0.394810  0.423945  0.418201  0.282050  0.018626  0.476857  0.443131  0.353968  0.480366  0.569530  0.462891  0.711611  0.687959  0.435894  0.416208  0.208393  0.337159  0.103169  0.379202  0.280834  0.082481  0.353594  0.398518  0.104009  0.525620  0.008594  0.359572  0.251874  0.700935  0.596795  0.476237  0.348947  0.545483  0.478541  0.195817  0.411985  0.643096  0.263767  0.292274  0.625191  0.393677  0.905345  0.560483  0.320394  0.305893  0.008391  0.128073  0.294482  0.304395  0.229525  0.645273  0.492716  0.470040  0.368374  0.227734  0.375005  0.523953  0.268141  0.156502  0.893336 
35  0.467206  0.440654  0.478985  0.373925  0.426082  0.586902  0.452940  0.479637  0.475731  0.464617  0.441709  0.564882  0.453745  0.469670  0.451145  0.472351  0.500481  0.446388  0.441468  0.343646  0.540107  0.437307  0.477258  0.413420  0.524533  0.417721  0.474272  0.400517  0.480113  0.535332  0.432649  0.583048  0.507364  0.448927  0.470977 0.0  0.455651  0.521607  0.487782  0.472639  0.589238  0.415127  0.400826  0.464088  0.382234  0.482095  0.448553  0.373727  0.495052  0.483481  0.505949  0.542198  0.463571  0.576349  0.469022  0.527490  0.415077  0.431617  0.417636  0.440278  0.551276  0.370914  0.531746  0.471451  0.384927  0.480728  0.488802  0.576231  0.559924  0.348666  0.373902  0.447253  0.441435  0.485405  0.399508  0.455388  0.483700  0.462233  0.459539  0.484580  0.580213  0.586121  0.400975  0.571007  0.460291  0.401777  0.462445  0.365283  0.495313  0.495127  0.387519  0.406927  0.519411  0.459357  0.422345  0.396509  0.389236  0.340858  0.495914 
36  0.367150  0.103751  0.259733  0.591656  0.466456  0.302388  0.299264  0.293965  0.018393  0.307849  0.066766  0.060727  0.033362  0.271724  0.212567  0.344067  0.342915  0.259728  0.255673  0.394869  0.355453  0.344738  0.000000  0.142778  0.057027  0.266999  0.415215  0.249287  0.364853  0.680530  0.232227  0.100737  0.273813  0.319419  0.422961  0.455651 0.0  0.115807  0.794833  0.472457  0.399809  0.234637  0.227462  0.264446  0.131758  0.274281  0.367774  0.527842  0.574402  0.227617  0.728707  0.417352  0.037889  0.066079  0.445180  0.196789  0.291056  0.348688  0.333859  0.363313  0.396840  0.274748  0.337272  0.211181  0.238664  0.124625  0.203332  0.331096  0.534768  0.232331  0.280637  0.888456  0.253951  0.482532  0.371695  0.787861  0.442891  0.002767  0.575130  0.281615  0.608736  0.782369  0.467717  0.332091  0.264512  0.298185  0.128335  0.231572  0.231019  0.368000  0.612295  0.412789  0.427304  0.265611  0.309055  0.869084  0.448255  0.468585  0.600778 
37  0.429385  0.146930  0.143843  0.626888  0.538768  0.252081  0.353547  0.365013  0.159965  0.366420  0.124791  0.096019  0.239596  0.261718  0.071168  0.418265  0.226464  0.373515  0.259885  0.510244  0.457644  0.408184  0.168771  0.203559  0.143253  0.298597  0.355886  0.490699  0.397647  0.615692  0.245308  0.030095  0.492947  0.309770  0.395875  0.521607  0.115807 0.0  0.782665  0.408817  0.423263  0.255858  0.324548  0.462204  0.118795  0.468673  0.439383  0.463496  0.551272  0.070892  0.850898  0.241817  0.083813  0.061295  0.355307  0.115166  0.340940  0.300315  0.475591  0.375249  0.290258  0.435891  0.392776  0.178187  0.318698  0.054407  0.163498  0.239535  0.533697  0.101274  0.352335  0.759874  0.252712  0.488561  0.396523  0.730084  0.391560  0.158717  0.563380  0.466736  0.467932  0.739725  0.447140  0.388417  0.526981  0.374267  0.127954  0.435898  0.308398  0.157252  0.582785  0.565332  0.430167  0.439298  0.339803  0.776647  0.368716  0.354327  0.505059 
38  0.748008  0.690631  0.785741  0.614323  0.462571  0.725134  0.740242  0.755104  0.743017  1.000000  0.792871  0.905865  0.781652  0.734815  0.737234  0.875918  0.675161  0.816370  0.668566  0.864320  0.436592  0.808811  0.684999  0.658593  0.639653  0.713791  0.585301  0.524222  0.753385  0.374222  0.642664  0.749420  0.677073  0.742106  0.369076  0.487782  0.794833  0.782665 0.0  0.777244  0.435246  0.804953  0.702107  0.553394  0.731696  0.782134  0.600118  0.427418  0.751913  0.897193  0.390210  0.639737  0.826017  0.778886  0.560192  0.763368  0.363323  0.616739  0.755092  0.645738  0.811167  0.689407  0.510688  0.734772  0.622700  0.835255  0.701518  0.443323  0.667712  0.757349  0.769397  0.156139  0.559840  0.473056  0.711973  0.930601  0.454515  0.698104  0.584130  0.733806  0.741063  0.079455  0.758407  0.703722  0.604744  0.540355  0.780578  0.706000  0.685805  0.481997  0.692712  0.391742  0.474369  0.691252  0.720977  0.046461  0.740915  0.294535  0.395964 
39  0.204123  0.253912  0.341533  0.656429  0.338910  0.219049  0.230373  0.128998  0.296558  0.000000  0.246031  0.381041  0.447055  0.298521  0.367465  0.054390  0.213799  0.282636  0.270653  0.123887  0.389459  0.082906  0.388780  0.370357  0.329012  0.208294  0.328422  0.465983  0.119219  0.677777  0.367747  0.320675  0.120843  0.194835  0.394810  0.472639  0.472457  0.408817  0.777244 0.0  0.365376  0.313904  0.318498  0.453583  0.431509  0.367446  0.231357  0.506512  0.256232  0.407296  0.436438  0.576935  0.262533  0.406649  0.395398  0.296411  0.439331  0.203005  0.151679  0.384667  0.141573  0.228900  0.369830  0.268416  0.372984  0.355785  0.269210  0.591854  0.241516  0.440934  0.218935  0.707409  0.573401  0.419375  0.247595  0.469893  0.235177  0.294383  0.351968  0.312936  0.795617  0.717082  0.204524  0.129253  0.450862  0.378595  0.341558  0.187100  0.239054  0.532405  0.178471  0.423505  0.478159  0.109303  0.124765  0.716415  0.037957  0.319073  0.774533 
