99
0 0.0  0.316176  0.649194  0.417761  0.450446  0.410529  0.682186  0.622796  0.701162  0.626909  0.567674  0.566735  0.530250  0.376394  0.524245  0.268925  0.499120  0.474959  0.531174  0.593036  0.665271  0.398387  0.486553  0.395738  0.396359  0.340469  0.667017  0.583620  0.745326  0.598014  0.404143  0.645714  0.546754  0.414361  0.437145  0.485873  0.625347  0.269478  0.622781  0.474091  0.490733  0.569496  0.385436  0.458780  0.302774  0.632819  0.540554  0.722555  0.619642  0.507495  0.507557  0.362480  0.515043  0.396691  0.506278  0.631108  0.694063  0.519140  0.280527  0.290995  0.465357  0.552329  0.494712  0.476094  0.496034  0.405972  0.517221  0.411671  0.510600  0.409913  0.613504  0.398644  0.475370  0.591595  0.614126  0.583861  0.557853  0.512041  0.482511  0.341390  0.511350  0.627320  0.489545  0.597898  0.446275  0.655478  0.581765  0.495644  0.609554  0.539688  0.525341  0.482916  0.506571  0.307837  0.647172  0.432400  0.447843  0.532686  0.446666 
1  0.316176 0.0  0.318435  0.409322  0.224809  0.257057  0.205415  0.304403  0.280847  0.325378  0.323088  0.295102  0.524989  0.178500  0.679172  0.430306  0.262685  0.215847  0.441059  0.334906  0.315828  0.257368  0.200495  0.535994  0.371746  0.421221  0.655267  0.305975  0.278883  0.251564  0.165804  0.196409  0.509562  0.225131  0.328562  0.386909  0.173364  0.264038  0.330642  0.236228  0.184946  0.245399  0.252178  0.481467  0.456866  0.496930  0.628224  0.333834  0.181090  0.358937  0.496953  0.506598  0.340564  0.311542  0.293040  0.437666  0.278673  0.558915  0.306701  0.225929  0.761065  0.434022  0.279112  0.593725  0.301380  0.709915  0.254968  0.229715  0.278660  0.272686  0.321552  0.271541  0.308755  0.240684  0.284619  0.209502  0.245503  0.271139  0.207350  0.208921  0.287849  0.246260  0.507479  0.233014  0.123270  0.413167  0.702578  0.360683  0.131820  0.638845  0.306006  0.183511  0.283799  0.610352  0.354884  0.187638  0.169694  0.294122  0.294841 
2  0.649194  0.318435 0.0  0.278812  0.308930  0.210387  0.361638  0.017758  0.267630  0.383222  0.414993  0.333728  0.245962  0.325305  0.916048  0.529880  0.332129  0.217960  0.511812  0.365753  0.365737  0.362367  0.371751  0.591813  0.362309  0.215133  0.875608  0.416361  0.191170  0.497979  0.400302  0.163358  0.358149  0.332747  0.264324  0.199181  0.150568  0.358866  0.480283  0.164188  0.426995  0.329199  0.347415  0.468022  0.543643  0.647256  0.368053  0.392954  0.074096  0.261663  0.573204  0.516816  0.150085  0.288515  0.323559  0.466066  0.362548  0.435115  0.344323  0.410664  0.577735  0.289013  0.145920  0.553524  0.152797  0.696887  0.323318  0.401597  0.152392  0.243936  0.070308  0.396734  0.308265  0.286054  0.019135  0.380785  0.513394  0.068828  0.379787  0.276505  0.469092  0.172825  0.563877  0.505903  0.328766  0.670100  0.573052  0.300399  0.267000  0.696965  0.366626  0.009435  0.173928  0.508797  0.076859  0.351559  0.344023  0.074729  0.347646 
3  0.417761  0.409322  0.278812 0.0  0.213275  0.227279  0.417212  0.333428  0.438915  0.452841  0.272894  0.470110  0.542796  0.220705  0.903900  0.191386  0.185041  0.349990  0.389909  0.385600  0.336970  0.119027  0.338278  0.329648  0.131089  0.219735  0.960875  0.367200  0.397042  0.275736  0.159697  0.468985  0.400526  0.229882  0.335282  0.158239  0.376017  0.047481  0.527722  0.383746  0.246611  0.420269  0.207188  0.397752  0.251935  0.691259  0.771795  0.446391  0.258828  0.371893  0.487347  0.413363  0.409566  0.159211  0.267558  0.637941  0.400551  0.503804  0.045106  0.166639  0.748499  0.693205  0.301708  0.367173  0.315280  0.608989  0.193491  0.252468  0.465782  0.366624  0.427753  0.157955  0.294516  0.374759  0.221724  0.348012  0.372006  0.381440  0.314807  0.029771  0.435477  0.337907  0.588967  0.355371  0.185801  0.727902  0.740312  0.296086  0.393124  0.687300  0.321826  0.342163  0.394104  0.396998  0.458871  0.278315  0.198206  0.347005  0.195283 
4  0.450446  0.224809  0.308930  0.213275 0.0  0.203674  0.426973  0.317342  0.349688  0.574851  0.397682  0.447501  0.586953  0.157667  0.718546  0.331910  0.251134  0.228854  0.561982  0.356048  0.442140  0.198280  0.340834  0.374315  0.183798  0.198511  0.806750  0.299923  0.408901  0.270435  0.219215  0.472744  0.518277  0.119821  0.256835  0.320859  0.401164  0.086407  0.445763  0.305821  0.240649  0.301934  0.200883  0.508807  0.194482  0.610668  0.733612  0.602959  0.338610  0.355369  0.500542  0.454554  0.436513  0.134193  0.191346  0.638155  0.471492  0.471689  0.000000  0.232473  0.799876  0.538402  0.360306  0.449526  0.327666  0.620624  0.360001  0.305027  0.336228  0.197330  0.504328  0.122350  0.192026  0.310357  0.355554  0.332292  0.312024  0.270547  0.347800  0.102077  0.421062  0.261930  0.415688  0.336009  0.245006  0.604715  0.841496  0.239148  0.280606  0.833259  0.399254  0.306264  0.358474  0.414759  0.470596  0.299250  0.185843  0.352239  0.199618 
5  0.410529  0.257057  0.210387  0.227279  0.203674 0.0  0.344773  0.236845  0.377532  0.442281  0.220336  0.370261  0.510189  0.266365  0.760628  0.257761  0.147222  0.322643  0.494669  0.437040  0.598310  0.226477  0.379845  0.377472  0.143886  0.238188  0.780678  0.444522  0.229340  0.354953  0.213701  0.386388  0.605114  0.286341  0.297167  0.304168  0.470745  0.107672  0.419126  0.352287  0.166201  0.400147  0.243737  0.347894  0.327557  0.627174  0.708544  0.460925  0.343253  0.312372  0.419251  0.477670  0.359520  0.144784  0.120756  0.576699  0.510617  0.449556  0.065010  0.317675  0.697406  0.524778  0.285681  0.489874  0.347954  0.735483  0.217285  0.195851  0.335030  0.264610  0.364712  0.286415  0.347911  0.367662  0.381415  0.264557  0.365556  0.345278  0.299203  0.047770  0.533010  0.334831  0.486110  0.323103  0.090100  0.618373  0.817200  0.252323  0.277027  0.742154  0.256945  0.258847  0.364638  0.433229  0.422804  0.235436  0.164549  0.297629  0.152826 
6  0.682186  0.205415  0.361638  0.417212  0.426973  0.344773 0.0  0.367689  0.106222  0.124851  0.341946  0.149510  0.551356  0.364475  0.522656  0.592518  0.490449  0.288720  0.489969  0.144942  0.265303  0.441589  0.222521  0.699830  0.346680  0.443429  0.554931  0.164910  0.491164  0.039190  0.418983  0.465954  0.544033  0.469062  0.220299  0.219196  0.373248  0.352465  0.178237  0.315234  0.481243  0.312633  0.514795  0.624437  0.672458  0.372924  0.815625  0.110403  0.404648  0.367588  0.559369  0.466788  0.317881  0.528640  0.485584  0.572304  0.160169  0.488762  0.278524  0.536182  0.784908  0.534626  0.360232  0.697969  0.348938  0.849231  0.306611  0.444435  0.321108  0.259125  0.425009  0.321904  0.320785  0.318054  0.300334  0.101039  0.049641  0.378546  0.018984  0.341430  0.194847  0.301211  0.386575  0.097006  0.538597  0.339698  0.923719  0.233949  0.067906  0.698595  0.130079  0.329515  0.304944  0.664695  0.283611  0.305997  0.503992  0.305925  0.581999 
7  0.622796  0.304403  0.017758  0.333428  0.317342  0.236845  0.367689 0.0  0.374766  0.329265  0.301180  0.257294  0.417074  0.300687  0.705289  0.776705  0.379147  0.067307  0.453898  0.494002  0.346601  0.279377  0.426499  0.441607  0.377996  0.442827  0.859291  0.350319  0.198908  0.419603  0.312594  0.073196  0.273714  0.335128  0.350981  0.209960  0.081875  0.485780  0.378312  0.109144  0.339290  0.411805  0.335922  0.533757  0.735005  0.557989  0.618939  0.379938  0.229807  0.132143  0.383348  0.470452  0.000000  0.352905  0.247353  0.342521  0.408391  0.520341  0.550543  0.270675  0.441525  0.179979  0.139724  0.481903  0.068517  0.768546  0.353344  0.325184  0.073644  0.271704  0.159131  0.364123  0.404085  0.027103  0.000000  0.480453  0.318901  0.311761  0.348227  0.602736  0.406514  0.009677  0.428765  0.340472  0.343848  0.574305  0.572070  0.357909  0.390153  0.502723  0.339658  0.146034  0.188321  0.510840  0.101508  0.246446  0.360848  0.069551  0.274810 
8  0.701162  0.280847  0.267630  0.438915  0.349688  0.377532  0.106222  0.374766 0.0  0.182099  0.233832  0.230561  0.563641  0.506598  0.420683  0.611427  0.401562  0.324445  0.645736  0.070246  0.165461  0.495340  0.357591  0.679658  0.439271  0.430112  0.567218  0.102423  0.343117  0.020026  0.542839  0.376892  0.427170  0.540678  0.256676  0.320785  0.401850  0.316817  0.079082  0.374966  0.588239  0.400962  0.499075  0.706418  0.494804  0.364691  0.796940  0.254293  0.379046  0.323164  0.517961  0.594492  0.382988  0.572312  0.590731  0.561908  0.189076  0.388124  0.243180  0.558142  0.757441  0.628521  0.366606  0.667400  0.426631  0.798914  0.251463  0.455005  0.309958  0.253100  0.506785  0.458605  0.356668  0.292375  0.262744  0.143323  0.115105  0.294097  0.000000  0.243290  0.180507  0.235006  0.413015  0.047091  0.416371  0.343964  0.838988  0.345777  0.048951  0.722581  0.103461  0.321114  0.390040  0.564445  0.492414  0.311362  0.510153  0.265885  0.477721 
9  0.626909  0.325378  0.383222  0.452841  0.574851  0.442281  0.124851  0.329265  0.182099 0.0  0.401685  0.198004  0.532341  0.566404  0.554762  0.474161  0.436613  0.293563  0.520095  0.104321  0.138389  0.475824  0.323973  0.616033  0.550207  0.521188  0.423730  0.165639  0.398675  0.000000  0.380369  0.461433  0.568981  0.422483  0.348904  0.337901  0.355584  0.306285  0.062649  0.371513  0.444875  0.339477  0.404864  0.682220  0.591317  0.412161  0.794847  0.155291  0.286234  0.394044  0.510903  0.435949  0.349347  0.519382  0.456668  0.592662  0.239238  0.520258  0.223649  0.468408  0.735916  0.557014  0.271918  0.591669  0.337272  0.871437  0.252336  0.537291  0.387635  0.312269  0.372616  0.588821  0.183398  0.170972  0.378448  0.144861  0.108900  0.320168  0.084364  0.393478  0.000000  0.370046  0.493815  0.032928  0.564085  0.392476  0.737938  0.326192  0.045944  0.859972  0.106378  0.342065  0.317770  0.725747  0.356010  0.218384  0.484629  0.304925  0.492099 
10  0.567674  0.323088  0.414993  0.272894  0.397682  0.220336  0.341946  0.301180  0.233832  0.401685 0.0  0.272142  0.427920  0.365710  0.618017  0.403031  0.221840  0.260266  0.370834  0.355197  0.177607  0.278101  0.274520  0.363806  0.223424  0.223392  0.722265  0.254415  0.170516  0.283851  0.116459  0.273111  0.404837  0.152657  0.152868  0.294496  0.343994  0.241420  0.352247  0.314177  0.235265  0.247831  0.316650  0.488767  0.588665  0.499152  0.581728  0.197147  0.393718  0.147701  0.497670  0.472891  0.211855  0.227125  0.321756  0.526301  0.170405  0.384501  0.353743  0.305759  0.717229  0.434916  0.295933  0.486222  0.241860  0.687554  0.220426  0.360040  0.248690  0.364728  0.255075  0.305483  0.242876  0.237589  0.281295  0.250535  0.393095  0.240029  0.153814  0.401934  0.361584  0.289769  0.501700  0.190744  0.286807  0.475771  0.665711  0.202628  0.308699  0.736789  0.240253  0.296073  0.155049  0.446050  0.263421  0.237172  0.226102  0.338789  0.215459 
11  0.566735  0.295102  0.333728  0.470110  0.447501  0.370261  0.149510  0.257294  0.230561  0.198004  0.272142 0.0  0.517036  0.505880  0.518320  0.506005  0.575798  0.349640  0.483903  0.042925  0.160565  0.468414  0.371153  0.580623  0.519826  0.417600  0.589687  0.151114  0.393422  0.098781  0.459143  0.440619  0.432352  0.444871  0.307878  0.216464  0.376694  0.329030  0.128529  0.428776  0.441814  0.276851  0.535238  0.679957  0.478938  0.387419  0.710293  0.200609  0.359093  0.349164  0.477713  0.389896  0.334976  0.504152  0.444330  0.551776  0.243581  0.458773  0.315188  0.500837  0.718298  0.524976  0.374939  0.596925  0.381721  0.859019  0.256377  0.538411  0.279087  0.228959  0.460304  0.522074  0.289613  0.279979  0.306720  0.068843  0.103654  0.309070  0.153742  0.305143  0.244637  0.437057  0.488937  0.097123  0.288300  0.403705  0.800173  0.354194  0.000000  0.770588  0.021672  0.334325  0.380322  0.597226  0.489346  0.308099  0.322535  0.241671  0.509497 
12  0.530250  0.524989  0.245962  0.542796  0.586953  0.510189  0.551356  0.417074  0.563641  0.532341  0.427920  0.517036 0.0  0.437369  0.530122  0.729772  0.550995  0.262085  0.565582  0.666391  0.522682  0.555342  0.689014  0.469721  0.507645  0.529110  0.638077  0.662282  0.374858  0.574925  0.595130  0.334609  0.331857  0.620724  0.486970  0.495628  0.378936  0.652358  0.592545  0.318524  0.502266  0.683915  0.543079  0.493243  0.609523  0.654298  0.480791  0.475025  0.182037  0.368274  0.541715  0.427772  0.304985  0.474452  0.499412  0.416542  0.595299  0.514383  0.652531  0.481973  0.277407  0.347575  0.409940  0.589475  0.243766  0.599381  0.397422  0.499179  0.231062  0.473493  0.396663  0.608770  0.488156  0.313987  0.211057  0.799858  0.508940  0.461048  0.517514  0.636088  0.558957  0.307675  0.450457  0.520154  0.668031  0.646177  0.394666  0.513280  0.472815  0.243505  0.508859  0.437917  0.459118  0.536679  0.328495  0.434389  0.577661  0.344170  0.440015 
13  0.376394  0.178500  0.325305  0.220705  0.157667  0.266365  0.364475  0.300687  0.506598  0.566404  0.365710  0.505880  0.437369 0.0  0.711298  0.173468  0.197071  0.392433  0.478329  0.269553  0.458110  0.189258  0.277103  0.413812  0.325617  0.206125  0.824859  0.423138  0.532673  0.203850  0.173509  0.271930  0.564103  0.146087  0.254346  0.306865  0.479673  0.113124  0.359973  0.404210  0.173835  0.380063  0.190901  0.392318  0.307343  0.674922  0.678115  0.585340  0.389899  0.420725  0.350015  0.429082  0.399301  0.136601  0.242963  0.530140  0.449276  0.442580  0.071468  0.145885  0.866233  0.591791  0.314491  0.497093  0.361269  0.618024  0.240564  0.164038  0.332607  0.300190  0.343444  0.197126  0.259237  0.259192  0.392318  0.289976  0.286584  0.378711  0.318256  0.066957  0.350976  0.249723  0.469777  0.299665  0.264585  0.703391  0.773348  0.300663  0.430476  0.714686  0.372962  0.332992  0.342151  0.324469  0.388227  0.314071  0.196291  0.303005  0.262495 
14  0.524245  0.679172  0.916048  0.903900  0.718546  0.760628  0.522656  0.705289  0.420683  0.554762  0.618017  0.518320  0.530122  0.711298 0.0  0.427470  0.749944  0.864332  0.410697  0.573444  0.475854  0.709261  0.673442  0.662265  0.742864  0.849596  0.096789  0.483300  0.818028  0.530694  0.745253  0.831940  0.667936  0.705222  0.659315  0.754970  0.856811  0.825854  0.507191  0.877746  0.739253  0.700204  0.747822  0.455319  0.571822  0.374260  0.736271  0.605446  0.777479  0.847257  0.493520  0.457169  0.852956  0.638426  0.731153  0.638700  0.399886  0.559750  0.786099  0.730333  0.790808  0.714317  0.631406  0.600981  0.954096  0.820304  0.707971  0.805223  0.856127  0.577405  0.764429  0.748022  0.731582  0.847492  0.682243  0.543610  0.517867  0.761093  0.490629  0.701752  0.613781  0.729908  0.569157  0.591054  0.773463  0.321285  0.815132  0.692489  0.560630  0.528584  0.484428  0.657455  0.786245  0.518313  0.907997  0.661846  0.756229  0.789715  0.800185 
15  0.268925  0.430306  0.529880  0.191386  0.331910  0.257761  0.592518  0.776705  0.611427  0.474161  0.403031  0.506005  0.729772  0.173468  0.427470 0.0  0.321842  0.563197  0.481951  0.554486  0.584551  0.340217  0.825502  0.256383  0.303026  0.243081  0.640567  0.655039  0.547094  0.558900  0.234337  0.619792  0.521996  0.315861  0.458624  0.539152  0.661774  0.471724  0.518212  0.573752  0.293139  0.590959  0.266380  0.281562  0.354974  0.654951  0.699749  0.434290  0.509306  0.557294  0.412065  0.587777  0.442890  0.288306  0.255915  0.502235  0.458800  0.519284  0.333176  0.351648  0.536965  0.560580  0.731543  0.265396  0.621472  0.247299  0.438281  0.352953  0.499566  0.580661  0.698380  0.330338  0.548662  0.522622  0.486060  0.664668  0.453229  0.615558  0.554168  0.428117  0.645512  0.571907  0.535388  0.566887  0.194116  0.658552  0.629045  0.499670  0.581031  0.421667  0.483910  0.735656  0.623499  0.365528  0.566335  0.546405  0.192079  0.589651  0.394671 
16  0.499120  0.262685  0.332129  0.185041  0.251134  0.147222  0.490449  0.379147  0.401562  0.436613  0.221840  0.575798  0.550995  0.197071  0.749944  0.321842 0.0  0.382894  0.580430  0.543608  0.429759  0.180325  0.330699  0.392875  0.247636  0.243289  0.807863  0.494800  0.381653  0.279623  0.200131  0.443699  0.435625  0.153210  0.326106  0.201584  0.513354  0.020082  0.360482  0.334854  0.174938  0.272803  0.334255  0.528501  0.318824  0.553361  0.778218  0.508234  0.379306  0.359079  0.465750  0.457972  0.265802  0.241279  0.276193  0.707320  0.354593  0.476097  0.077529  0.172602  0.750522  0.551181  0.452699  0.520852  0.397042  0.478573  0.256239  0.232778  0.357547  0.332377  0.451055  0.076379  0.226475  0.401550  0.384299  0.339614  0.367231  0.326202  0.383484  0.081358  0.448372  0.518116  0.425903  0.307980  0.229100  0.589302  0.638074  0.231949  0.379304  0.728327  0.209309  0.241086  0.355111  0.503145  0.382435  0.210743  0.146440  0.336728  0.207171 
17  0.474959  0.215847  0.217960  0.349990  0.228854  0.322643  0.288720  0.067307  0.324445  0.293563  0.260266  0.349640  0.262085  0.392433  0.864332  0.563197  0.382894 0.0  0.455080  0.424606  0.448647  0.273935  0.376998  0.573545  0.277797  0.246921  0.674342  0.291650  0.094943  0.412081  0.379060  0.116966  0.480914  0.247978  0.344210  0.324338  0.179270  0.339407  0.389434  0.202967  0.347265  0.292978  0.353740  0.672993  0.555429  0.532088  0.533750  0.449711  0.036725  0.299924  0.517616  0.506250  0.178943  0.296836  0.324021  0.433342  0.446105  0.357581  0.388301  0.470305  0.509079  0.451899  0.120717  0.559882  0.240966  0.711384  0.168714  0.349876  0.260214  0.309955  0.069367  0.373661  0.300418  0.198455  0.103092  0.297597  0.493697  0.000000  0.327789  0.272739  0.398770  0.153554  0.553439  0.471423  0.352587  0.610524  0.658958  0.220653  0.419032  0.529876  0.386234  0.141092  0.194151  0.542248  0.094529  0.351756  0.276395  0.104319  0.345400 
18  0.531174  0.441059  0.511812  0.389909  0.561982  0.494669  0.489969  0.453898  0.645736  0.520095  0.370834  0.483903  0.565582  0.478329  0.410697  0.481951  0.580430  0.455080 0.0  0.392480  0.572187  0.458606  0.389627  0.482230  0.460853  0.453522  0.493547  0.374989  0.429702  0.402312  0.451034  0.422310  0.510898  0.402419  0.480496  0.342324  0.460891  0.511695  0.403599  0.534454  0.457448  0.549577  0.416390  0.398672  0.523480  0.422944  0.557751  0.412768  0.526473  0.471094  0.270884  0.410327  0.458099  0.507211  0.449365  0.455375  0.485223  0.526801  0.513791  0.528837  0.324680  0.458373  0.466420  0.458327  0.480957  0.428208  0.464823  0.409587  0.410676  0.474827  0.545859  0.384675  0.555335  0.403211  0.453008  0.568442  0.425212  0.417021  0.447178  0.512050  0.361013  0.491351  0.350708  0.388404  0.486730  0.532544  0.447565  0.565610  0.374865  0.471095  0.492537  0.569445  0.471128  0.417320  0.399425  0.420519  0.441319  0.398332  0.557956 
19  0.593036  0.334906  0.365753  0.385600  0.356048  0.437040  0.144942  0.494002  0.070246  0.104321  0.355197  0.042925  0.666391  0.269553  0.573444  0.554486  0.543608  0.424606  0.392480 0.0  0.093837  0.418243  0.335701  0.540993  0.462097  0.400722  0.454620  0.190998  0.403118  0.088205  0.368575  0.472062  0.609418  0.452023  0.379523  0.307042  0.476274  0.267688  0.266979  0.462759  0.468610  0.339931  0.330306  0.617191  0.618012  0.401110  0.877077  0.111083  0.415808  0.379925  0.510230  0.558147  0.437390  0.490954  0.371185  0.529088  0.201928  0.486976  0.504142  0.425441  0.823563  0.601970  0.332636  0.671372  0.394026  0.755196  0.267724  0.402493  0.485063  0.247478  0.302117  0.519938  0.237572  0.446246  0.372586  0.027555  0.105172  0.449612  0.234206  0.370699  0.154075  0.418384  0.454027  0.156867  0.418034  0.196899  0.779957  0.351767  0.163445  0.827905  0.107371  0.375305  0.308305  0.609799  0.392467  0.284381  0.436751  0.383440  0.331759 
20  0.665271  0.315828  0.365737  0.336970  0.442140  0.598310  0.265303  0.346601  0.165461  0.138389  0.177607  0.160565  0.522682  0.458110  0.475854  0.584551  0.429759  0.448647  0.572187  0.093837 0.0  0.488127  0.241968  0.741510  0.315810  0.460061  0.504849  0.171412  0.387497  0.082858  0.466939  0.475263  0.457646  0.520331  0.215054  0.225918  0.419184  0.262891  0.120835  0.291651  0.506569  0.367955  0.393331  0.618097  0.450327  0.381426  0.753819  0.070939  0.328942  0.289596  0.575135  0.535156  0.367638  0.398456  0.490506  0.642819  0.194391  0.443466  0.400541  0.538780  0.699637  0.507939  0.350671  0.621066  0.355047  0.910771  0.300705  0.431127  0.318105  0.218626  0.490698  0.386566  0.251590  0.432387  0.375530  0.021923  0.041717  0.341269  0.000000  0.326721  0.200853  0.409852  0.525614  0.031500  0.468301  0.403042  0.779010  0.251273  0.051988  0.673148  0.075768  0.397905  0.188380  0.712281  0.428528  0.260977  0.490305  0.355044  0.510166 
21  0.398387  0.257368  0.362367  0.119027  0.198280  0.226477  0.441589  0.279377  0.495340  0.475824  0.278101  0.468414  0.555342  0.189258  0.709261  0.340217  0.180325  0.273935  0.458606  0.418243  0.488127 0.0  0.336837  0.445008  0.180795  0.132643  0.784410  0.455024  0.379624  0.382930  0.113488  0.437087  0.551009  0.322922  0.360216  0.242558  0.448724  0.069297  0.399432  0.298767  0.221799  0.384387  0.188114  0.358334  0.229015  0.622324  0.779445  0.449127  0.168947  0.296735  0.579759  0.530347  0.319070  0.059186  0.199976  0.681188  0.383116  0.436389  0.083420  0.166752  0.710844  0.520861  0.339104  0.439154  0.361593  0.629032  0.178553  0.149442  0.262171  0.336090  0.326348  0.236974  0.263981  0.397108  0.515879  0.362671  0.273368  0.316123  0.240678  0.051725  0.328493  0.382339  0.465965  0.449668  0.239458  0.600097  0.858386  0.350114  0.290472  0.748770  0.473506  0.431565  0.379901  0.334480  0.360725  0.306391  0.136816  0.328963  0.089526 
22  0.486553  0.200495  0.371751  0.338278  0.340834  0.379845  0.222521  0.426499  0.357591  0.323973  0.274520  0.371153  0.689014  0.277103  0.673442  0.825502  0.330699  0.376998  0.389627  0.335701  0.241968  0.336837 0.0  0.563370  0.267435  0.260519  0.778582  0.421063  0.383173  0.458893  0.343483  0.332263  0.648868  0.434463  0.236432  0.371400  0.417791  0.533034  0.441135  0.378246  0.410179  0.212954  0.363669  0.620917  0.740814  0.652632  0.963586  0.286799  0.453931  0.308038  0.358935  0.607765  0.360993  0.485034  0.259500  0.558429  0.415655  0.389986  0.488780  0.335394  0.768516  0.583418  0.408820  0.484314  0.391865  0.754040  0.223972  0.304491  0.324667  0.480362  0.369739  0.390167  0.207118  0.214222  0.322467  0.476079  0.362599  0.473039  0.413581  0.384244  0.445978  0.283030  0.531363  0.398487  0.423882  0.702969  0.874879  0.300965  0.333499  0.627180  0.319775  0.500760  0.492186  0.564087  0.447841  0.187115  0.393115  0.264314  0.313660 
23  0.395738  0.535994  0.591813  0.329648  0.374315  0.377472  0.699830  0.441607  0.679658  0.616033  0.363806  0.580623  0.469721  0.413812  0.662265  0.256383  0.392875  0.573545  0.482230  0.540993  0.741510  0.445008  0.563370 0.0  0.404092  0.433939  0.542805  0.585100  0.674313  0.471583  0.421681  0.579037  0.611716  0.597241  0.539038  0.447565  0.677348  0.344572  0.648519  0.550032  0.440035  0.515035  0.278190  0.331788  0.312742  0.547679  0.710716  0.793996  0.427226  0.595481  0.455958  0.460651  0.547994  0.465683  0.572931  0.610272  0.782244  0.457136  0.244809  0.415329  0.550488  0.571099  0.498778  0.509089  0.594371  0.433311  0.430974  0.506956  0.647463  0.382609  0.661714  0.343490  0.419473  0.593419  0.532368  0.422641  0.486202  0.585325  0.523951  0.222589  0.670503  0.616692  0.494526  0.552189  0.453587  0.559131  0.553616  0.381000  0.480764  0.616301  0.626903  0.556143  0.474102  0.395004  0.550194  0.450989  0.386710  0.489378  0.479647 
24  0.396359  0.371746  0.362309  0.131089  0.183798  0.143886  0.346680  0.377996  0.439271  0.550207  0.223424  0.519826  0.507645  0.325617  0.742864  0.303026  0.247636  0.277797  0.460853  0.462097  0.315810  0.180795  0.267435  0.404092 0.0  0.307431  0.757411  0.482640  0.434187  0.276369  0.114397  0.326076  0.631147  0.150040  0.259283  0.269956  0.404246  0.000000  0.343674  0.336661  0.168429  0.376695  0.225855  0.504352  0.246336  0.595828  0.790231  0.488085  0.368227  0.309415  0.490246  0.526242  0.347095  0.244026  0.121017  0.557697  0.489513  0.368630  0.172416  0.198582  0.720631  0.501015  0.345381  0.442086  0.275122  0.581848  0.343962  0.257162  0.395384  0.290400  0.421729  0.261454  0.311320  0.378980  0.330877  0.261712  0.488025  0.397770  0.412699  0.129430  0.399859  0.304887  0.461681  0.402527  0.289102  0.612374  0.777080  0.319603  0.397800  0.684364  0.293866  0.261645  0.413754  0.486489  0.383289  0.335570  0.219119  0.433658  0.291824 
25  0.340469  0.421221  0.215133  0.219735  0.198511  0.238188  0.443429  0.442827  0.430112  0.521188  0.223392  0.417600  0.529110  0.206125  0.849596  0.243081  0.243289  0.246921  0.453522  0.400722  0.460061  0.132643  0.260519  0.433939  0.307431 0.0  0.887844  0.512814  0.385826  0.405465  0.140492  0.285897  0.547333  0.168948  0.211363  0.316385  0.431812  0.078395  0.319818  0.329437  0.281159  0.296166  0.124322  0.361392  0.282806  0.609876  0.738699  0.512573  0.268277  0.222157  0.508185  0.391456  0.369317  0.199853  0.185258  0.496816  0.515829  0.415447  0.061072  0.269504  0.782858  0.483049  0.345831  0.387486  0.314235  0.603499  0.307209  0.146098  0.385080  0.171508  0.354105  0.303137  0.281174  0.481880  0.301195  0.377175  0.342727  0.348717  0.422330  0.065664  0.358946  0.448894  0.456117  0.350171  0.218309  0.604148  0.835058  0.205886  0.319093  0.795581  0.248423  0.331280  0.272678  0.403038  0.407110  0.283033  0.193679  0.270655  0.243277 
26  0.667017  0.655267  0.875608  0.960875  0.806750  0.780678  0.554931  0.859291  0.567218  0.423730  0.722265  0.589687  0.638077  0.824859  0.096789  0.640567  0.807863  0.674342  0.493547  0.454620  0.504849  0.784410  0.778582  0.542805  0.757411  0.887844 0.0  0.482139  0.761033  0.632439  0.804617  0.792205  0.621098  0.899971  0.586915  0.755181  0.844758  0.841820  0.538316  0.781561  0.809216  0.883370  0.783618  0.709529  0.668018  0.390742  0.851313  0.583943  0.682083  0.694126  0.526194  0.340112  0.804484  0.792044  0.771291  0.597948  0.559047  0.521631  0.857737  0.857552  0.874369  0.637081  0.862258  0.525830  0.744776  0.773111  0.701324  0.832330  0.855512  0.664353  0.840446  0.769393  0.697729  0.807527  0.796750  0.521469  0.579082  0.872729  0.532396  0.871497  0.491070  0.728171  0.486856  0.447469  0.748936  0.269301  0.822505  0.672992  0.640144  0.510255  0.534634  0.799660  0.836015  0.633385  0.812567  0.736503  0.795259  0.841824  0.800227 
27  0.583620  0.305975  0.416361  0.367200  0.299923  0.444522  0.164910  0.350319  0.102423  0.165639  0.254415  0.151114  0.662282  0.423138  0.483300  0.655039  0.494800  0.291650  0.374989  0.190998  0.171412  0.455024  0.421063  0.585100  0.482640  0.512814  0.482139 0.0  0.435378  0.230313  0.379096  0.499035  0.541852  0.375851  0.378364  0.234882  0.479619  0.351021  0.144178  0.431974  0.371032  0.426932  0.363565  0.656604  0.677733  0.344167  0.966971  0.176961  0.376397  0.379551  0.555629  0.461318  0.412001  0.481676  0.421919  0.676881  0.047502  0.479892  0.368951  0.379026  0.745248  0.631749  0.371267  0.572164  0.456240  0.809141  0.335852  0.440707  0.298693  0.244400  0.422801  0.344025  0.228765  0.398891  0.381569  0.081443  0.165716  0.387835  0.039776  0.430756  0.136989  0.430837  0.494035  0.050812  0.282576  0.340123  0.900381  0.234532  0.115656  0.757358  0.196239  0.387943  0.524458  0.613357  0.431567  0.291114  0.468989  0.486031  0.413988 
28  0.745326  0.278883  0.191170  0.397042  0.408901  0.229340  0.491164  0.198908  0.343117  0.398675  0.170516  0.393422  0.374858  0.532673  0.818028  0.547094  0.381653  0.094943  0.429702  0.403118  0.387497  0.379624  0.383173  0.674313  0.434187  0.385826  0.761033  0.435378 0.0  0.494487  0.394577  0.079038  0.307898  0.332622  0.387217  0.281769  0.157416  0.318023  0.437116  0.084615  0.509097  0.375166  0.460321  0.721678  0.533267  0.572355  0.610041  0.359987  0.096728  0.139860  0.400446  0.348655  0.168355  0.407267  0.519416  0.349965  0.394993  0.393851  0.356800  0.439124  0.504981  0.355723  0.084197  0.597426  0.148127  0.887030  0.310700  0.451137  0.000000  0.241465  0.125587  0.421389  0.321840  0.148443  0.139781  0.396079  0.483614  0.206682  0.372482  0.502449  0.365845  0.231708  0.523026  0.361890  0.288628  0.605957  0.443147  0.301748  0.387878  0.633528  0.383312  0.039156  0.160096  0.682434  0.240649  0.263812  0.366379  0.067198  0.466195 
29  0.598014  0.251564  0.497979  0.275736  0.270435  0.354953  0.039190  0.419603  0.020026  0.000000  0.283851  0.098781  0.574925  0.203850  0.530694  0.558900  0.279623  0.412081  0.402312  0.088205  0.082858  0.382930  0.458893  0.471583  0.276369  0.405465  0.632439  0.230313  0.494487 0.0  0.305559  0.353144  0.626974  0.238145  0.264478  0.297900  0.401897  0.296210  0.110485  0.416756  0.392048  0.323596  0.348608  0.596070  0.560598  0.383574  0.755371  0.077084  0.373879  0.422369  0.426880  0.611900  0.563948  0.338116  0.304008  0.561811  0.051348  0.416777  0.268078  0.332970  0.944481  0.709630  0.360291  0.618543  0.382780  0.722834  0.246473  0.498919  0.479341  0.268478  0.400212  0.291449  0.288926  0.358454  0.496796  0.070006  0.261394  0.366196  0.060139  0.393982  0.194308  0.355605  0.464350  0.208855  0.255489  0.284175  0.982558  0.183665  0.068042  0.893438  0.113001  0.306994  0.317590  0.567438  0.410663  0.318418  0.401630  0.243449  0.398029 
30  0.404143  0.165804  0.400302  0.159697  0.219215  0.213701  0.418983  0.312594  0.542839  0.380369  0.116459  0.459143  0.595130  0.173509  0.745253  0.234337  0.200131  0.379060  0.451034  0.368575  0.466939  0.113488  0.343483  0.421681  0.114397  0.140492  0.804617  0.379096  0.394577  0.305559 0.0  0.434668  0.518134  0.293032  0.339388  0.276192  0.395204  0.045988  0.398202  0.298951  0.169841  0.342452  0.121736  0.417701  0.274480  0.681460  0.774783  0.495208  0.406644  0.341407  0.423185  0.520513  0.437978  0.271136  0.204225  0.527624  0.427515  0.358974  0.091880  0.206190  0.734113  0.561526  0.233087  0.336581  0.342278  0.607753  0.165092  0.118939  0.407884  0.214040  0.390698  0.270068  0.276908  0.272706  0.373507  0.392659  0.387400  0.269992  0.316358  0.080642  0.371692  0.338496  0.435185  0.392460  0.193226  0.776069  0.834622  0.411259  0.297925  0.755013  0.374439  0.328574  0.449250  0.436240  0.431323  0.311820  0.148977  0.328436  0.288771 
31  0.645714  0.196409  0.163358  0.468985  0.472744  0.386388  0.465954  0.073196  0.376892  0.461433  0.273111  0.440619  0.334609  0.271930  0.831940  0.619792  0.443699  0.116966  0.422310  0.472062  0.475263  0.437087  0.332263  0.579037  0.326076  0.285897  0.792205  0.499035  0.079038  0.353144  0.434668 0.0  0.349457  0.425839  0.349455  0.196731  0.240224  0.444590  0.450563  0.224722  0.294405  0.443773  0.376606  0.507286  0.569709  0.533853  0.583763  0.323684  0.178079  0.192639  0.530929  0.373016  0.048467  0.431457  0.403217  0.313343  0.484077  0.525628  0.291404  0.413008  0.545791  0.376115  0.106990  0.623394  0.109279  0.803989  0.299334  0.391169  0.192901  0.299038  0.122554  0.445785  0.354979  0.186427  0.166479  0.363699  0.391803  0.220183  0.366620  0.377473  0.389062  0.247569  0.557512  0.414062  0.326014  0.564862  0.610896  0.170215  0.310228  0.502109  0.240061  0.105839  0.107915  0.643404  0.064123  0.248049  0.427479  0.084763  0.449349 
32  0.546754  0.509562  0.358149  0.400526  0.518277  0.605114  0.544033  0.273714  0.427170  0.568981  0.404837  0.432352  0.331857  0.564103  0.667936  0.521996  0.435625  0.480914  0.510898  0.609418  0.457646  0.551009  0.648868  0.611716  0.631147  0.547333  0.621098  0.541852  0.307898  0.626974  0.518134  0.349457 0.0  0.630634  0.444275  0.456938  0.405677  0.412081  0.604948  0.420087  0.543095  0.654801  0.579419  0.615903  0.590029  0.683563  0.255137  0.543224  0.288425  0.499016  0.447054  0.393688  0.387645  0.640548  0.538472  0.288532  0.548099  0.367688  0.526681  0.610181  0.352424  0.391804  0.385189  0.605497  0.320775  0.505131  0.401428  0.566410  0.470806  0.473862  0.392340  0.526454  0.491255  0.410622  0.187093  0.618178  0.628107  0.203536  0.505001  0.504084  0.639226  0.240284  0.570319  0.642068  0.764926  0.542311  0.391535  0.442264  0.591480  0.412263  0.582017  0.241676  0.317410  0.525347  0.452361  0.410724  0.553777  0.228996  0.565087 
33  0.414361  0.225131  0.332747  0.229882  0.119821  0.286341  0.469062  0.335128  0.540678  0.422483  0.152657  0.444871  0.620724  0.146087  0.705222  0.315861  0.153210  0.247978  0.402419  0.452023  0.520331  0.322922  0.434463  0.597241  0.150040  0.168948  0.899971  0.375851  0.332622  0.238145  0.293032  0.425839  0.630634 0.0  0.240358  0.199547  0.489562  0.090530  0.390386  0.435637  0.166357  0.398148  0.123701  0.383492  0.224113  0.624368  0.797168  0.485630  0.195738  0.208262  0.519111  0.505722  0.336568  0.234657  0.194071  0.562523  0.483310  0.390462  0.144856  0.231067  0.750909  0.566213  0.303450  0.450898  0.329219  0.734645  0.285730  0.193317  0.339555  0.225542  0.468906  0.144697  0.305219  0.324529  0.363066  0.336167  0.307691  0.313634  0.210501  0.013846  0.464419  0.283248  0.491809  0.269128  0.177604  0.536990  0.816362  0.252669  0.316540  0.741312  0.247915  0.349005  0.342146  0.355325  0.288628  0.228959  0.219391  0.271832  0.155169 
34  0.437145  0.328562  0.264324  0.335282  0.256835  0.297167  0.220299  0.350981  0.256676  0.348904  0.152868  0.307878  0.486970  0.254346  0.659315  0.458624  0.326106  0.344210  0.480496  0.379523  0.215054  0.360216  0.236432  0.539038  0.259283  0.211363  0.586915  0.378364  0.387217  0.264478  0.339388  0.349455  0.444275  0.240358 0.0  0.218652  0.240703  0.281160  0.371944  0.217792  0.276706  0.255273  0.254570  0.542890  0.326537  0.513466  0.582224  0.291215  0.389155  0.309298  0.411269  0.380811  0.251285  0.234752  0.281845  0.626712  0.309953  0.459878  0.296524  0.306151  0.585972  0.445366  0.324387  0.553758  0.294704  0.761506  0.284544  0.300263  0.382043  0.179205  0.371014  0.221382  0.199490  0.149930  0.229873  0.240098  0.272240  0.278728  0.265052  0.304677  0.409164  0.198315  0.432648  0.154301  0.255233  0.404894  0.626176  0.276757  0.292637  0.602905  0.309639  0.318325  0.280438  0.516766  0.378256  0.327462  0.345225  0.245067  0.230149 
35  0.485873  0.386909  0.199181  0.158239  0.320859  0.304168  0.219196  0.209960  0.320785  0.337901  0.294496  0.216464  0.495628  0.306865  0.754970  0.539152  0.201584  0.324338  0.342324  0.307042  0.225918  0.242558  0.371400  0.447565  0.269956  0.316385  0.755181  0.234882  0.281769  0.297900  0.276192  0.196731  0.456938  0.199547  0.218652 0.0  0.270508  0.325201  0.307385  0.312352  0.232604  0.191250  0.336693  0.520163  0.518420  0.451492  0.760998  0.284293  0.382837  0.265352  0.501672  0.472694  0.236176  0.349129  0.257500  0.384320  0.118773  0.518382  0.316216  0.311346  0.540177  0.532072  0.268444  0.532156  0.338345  0.656495  0.352490  0.359497  0.273508  0.318354  0.278728  0.309394  0.382768  0.292528  0.295261  0.208926  0.257922  0.220736  0.371468  0.335007  0.341454  0.286401  0.485896  0.290139  0.304604  0.475526  0.679866  0.166974  0.259284  0.637987  0.277053  0.241185  0.211106  0.530238  0.376499  0.285069  0.237843  0.268760  0.302159 
36  0.625347  0.173364  0.150568  0.376017  0.401164  0.470745  0.373248  0.081875  0.401850  0.355584  0.343994  0.376694  0.378936  0.479673  0.856811  0.661774  0.513354  0.179270  0.460891  0.476274  0.419184  0.448724  0.417791  0.677348  0.404246  0.431812  0.844758  0.479619  0.157416  0.401897  0.395204  0.240224  0.405677  0.489562  0.240703  0.270508 0.0  0.422747  0.438382  0.137299  0.375164  0.430734  0.436461  0.584303  0.710016  0.537634  0.598732  0.358467  0.134701  0.120363  0.499013  0.392892  0.117772  0.443021  0.305518  0.328702  0.397665  0.494714  0.456979  0.463687  0.597675  0.366782  0.086407  0.553629  0.133788  0.822959  0.329031  0.504445  0.139214  0.257509  0.168884  0.429561  0.270050  0.176623  0.248554  0.443132  0.485259  0.109566  0.336171  0.426960  0.353110  0.136863  0.460130  0.429012  0.367405  0.616137  0.516837  0.204195  0.487329  0.613035  0.366345  0.156800  0.088387  0.543648  0.166378  0.229515  0.354560  0.151072  0.440553 
37  0.269478  0.264038  0.358866  0.047481  0.086407  0.107672  0.352465  0.485780  0.316817  0.306285  0.241420  0.329030  0.652358  0.113124  0.825854  0.471724  0.020082  0.339407  0.511695  0.267688  0.262891  0.069297  0.533034  0.344572  0.000000  0.078395  0.841820  0.351021  0.318023  0.296210  0.045988  0.444590  0.412081  0.090530  0.281160  0.325201  0.422747 0.0  0.384408  0.386308  0.069251  0.435165  0.000000  0.229279  0.351044  0.669720  0.913687  0.397899  0.312631  0.438392  0.407972  0.554173  0.285137  0.030267  0.073679  0.511451  0.325165  0.496427  0.295486  0.000000  0.896883  0.559372  0.469179  0.260193  0.359063  0.530800  0.374688  0.094062  0.294866  0.288070  0.405082  0.044175  0.384440  0.247476  0.325166  0.528894  0.238537  0.622619  0.358734  0.227057  0.349553  0.316157  0.479184  0.410405  0.000000  0.630025  0.809821  0.259433  0.396303  0.908991  0.315264  0.565758  0.520866  0.249762  0.416877  0.211590  0.000000  0.333650  0.091129 
38  0.622781  0.330642  0.480283  0.527722  0.445763  0.419126  0.178237  0.378312  0.079082  0.062649  0.352247  0.128529  0.592545  0.359973  0.507191  0.518212  0.360482  0.389434  0.403599  0.266979  0.120835  0.399432  0.441135  0.648519  0.343674  0.319818  0.538316  0.144178  0.437116  0.110485  0.398202  0.450563  0.604948  0.390386  0.371944  0.307385  0.438382  0.384408 0.0  0.279241  0.302761  0.419108  0.430654  0.567145  0.696458  0.287590  0.946028  0.039827  0.446391  0.392341  0.431992  0.443121  0.435809  0.508378  0.440824  0.586190  0.074848  0.574326  0.357613  0.374075  0.843153  0.675119  0.476969  0.544229  0.411404  0.748514  0.170177  0.409551  0.331745  0.236047  0.503161  0.491227  0.186966  0.363697  0.415160  0.112664  0.181415  0.479664  0.035169  0.394312  0.134638  0.524811  0.492484  0.169045  0.427283  0.369946  0.822228  0.356239  0.092308  0.702902  0.179483  0.450503  0.430287  0.531995  0.419319  0.349882  0.416072  0.391242  0.426863 
39  0.474091  0.236228  0.164188  0.383746  0.305821  0.352287  0.315234  0.109144  0.374966  0.371513  0.314177  0.428776  0.318524  0.404210  0.877746  0.573752  0.334854  0.202967  0.534454  0.462759  0.291651  0.298767  0.378246  0.550032  0.336661  0.329437  0.781561  0.431974  0.084615  0.416756  0.298951  0.224722  0.420087  0.435637  0.217792  0.312352  0.137299  0.386308  0.279241 0.0  0.248231  0.332779  0.319534  0.485139  0.679213  0.635238  0.395730  0.346186  0.055165  0.197529  0.430199  0.488317  0.227816  0.259679  0.406526  0.286612  0.175677  0.490000  0.323107  0.484034  0.625180  0.388526  0.089914  0.554664  0.169239  0.706484  0.274720  0.285940  0.270019  0.190370  0.098481  0.417420  0.209298  0.134270  0.000000  0.313019  0.297259  0.050932  0.375735  0.420981  0.374258  0.135169  0.469816  0.480261  0.382804  0.542967  0.529697  0.195495  0.320945  0.527828  0.319237  0.035391  0.059131  0.550093  0.108427  0.211389  0.377739  0.162875  0.438481 
