99
0 0.0  0.612902  0.981192  0.413941  0.565058  0.515481  0.555014  0.579515  0.515892  0.733090  0.855659  0.840450  0.412593  0.469338  0.904389  0.772053  0.688972  0.415479  0.475431  0.660111  0.479434  0.525315  0.365154  0.496212  0.868877  0.447339  0.465425  0.889513  0.516641  0.777626  0.863692  0.876286  0.740397  0.947006  0.766678  0.668851  0.658533  0.794535  0.861470  0.565696  0.788733  0.722608  0.878580  0.846412  0.781067  0.752033  0.827730  0.614456  0.754778  0.589500  0.822407  0.533947  0.822701  0.706190  0.912155  0.735434  0.539220  0.822025  0.405779  0.537245  0.830174  0.651233  0.755490  0.544422  0.850349  0.472566  0.557068  0.696445  0.740870  0.778918  0.547861  0.607738  0.834961  0.768571  0.561625  0.775850  0.756954  0.699650  0.746357  0.808009  0.596890  0.751748  0.805879  0.747442  0.417885  0.583668  0.732656  0.823958  0.754513  0.579885  0.760716  0.843692  0.946822  0.718779  0.886260  0.738099  0.584038  0.847302  0.480480 
1  0.612902 0.0  0.694292  0.703725  0.293956  0.677217  0.296689  0.454826  0.198516  0.299524  0.261070  0.219822  0.520646  0.558997  0.377621  0.300822  0.692935  0.679913  0.392083  0.524234  0.275266  0.228701  0.460553  0.194074  0.306445  0.247136  0.237248  0.241072  0.491223  0.351863  0.304988  0.333403  0.200806  0.289337  0.365541  0.211634  0.215186  0.246702  0.205719  0.198554  0.380801  0.266132  0.225467  0.285762  0.159580  0.159275  0.206106  0.530458  0.225193  0.183496  0.309406  0.768021  0.283676  0.250597  0.215144  0.229646  0.457877  0.235008  0.537757  0.262793  0.303300  0.385076  0.219636  0.223096  0.261684  0.572082  0.466279  0.194097  0.310148  0.227021  0.166942  0.195381  0.275331  0.283219  0.199937  0.185055  0.242025  0.284468  0.292602  0.290814  0.304437  0.358788  0.229540  0.663916  0.378713  0.718511  0.268665  0.296492  0.257014  0.314700  0.301628  0.340228  0.131297  0.304280  0.290722  0.202615  0.275806  0.266681  0.491492 
2  0.981192  0.694292 0.0  0.827279  0.736320  0.313552  0.807653  0.330526  0.678418  0.763273  0.539324  0.723709  0.656529  0.484221  0.686442  0.623411  0.383140  0.769963  0.476232  0.538831  0.917678  0.916998  0.531059  0.761454  0.764289  0.804878  0.859596  0.669047  0.402460  0.701208  0.687610  0.770659  0.734040  0.832664  0.636609  0.676381  0.702956  0.572768  0.831435  0.857236  0.661399  0.799598  0.533290  0.614471  0.604819  0.564762  0.802946  0.459846  0.688788  0.842724  0.666228  0.390086  0.653331  0.631229  0.581021  0.717202  0.330801  0.818285  0.548090  0.763741  0.622609  0.230557  0.535875  0.959604  0.546128  0.260251  0.349948  0.700647  0.625126  0.690118  0.797406  0.772863  0.600671  0.726394  0.702145  0.637204  0.759253  0.702968  0.672731  0.646760  0.902056  0.764071  0.661066  0.089031  0.482072  0.452074  0.646962  0.485703  0.432678  0.662062  0.584546  0.756382  0.824854  0.655332  0.751883  0.813521  0.708110  0.738335  0.596524 
3  0.413941  0.703725  0.827279 0.0  0.862166  0.745147  0.766950  0.419621  0.671547  0.565659  0.771311  0.785748  0.555498  0.523225  0.531851  0.355493  0.762970  0.348368  0.491119  0.226924  0.655735  0.840686  0.597607  0.684954  0.571725  0.708207  0.744477  0.734858  0.538530  0.782790  0.474830  0.583565  0.429189  0.471355  0.612018  0.733509  0.589254  0.745725  0.382125  0.766181  0.819759  0.517957  0.766264  0.733633  0.776899  0.517793  0.597351  0.600246  0.549884  0.781806  0.494282  0.685780  0.788244  0.583462  0.772826  0.557367  0.527522  0.591455  0.517155  0.895148  0.777221  0.621422  0.802733  0.754752  0.768925  0.699246  0.543210  0.683123  0.688419  0.784791  0.775660  0.689890  0.827101  0.432893  0.770544  0.836002  0.458414  0.591321  0.450804  0.644230  0.819996  0.457997  0.763941  0.953407  0.382467  0.856879  0.599812  0.850090  0.597152  0.785747  0.660653  0.483912  0.587420  0.586431  0.480140  0.574250  0.733977  0.522661  0.446966 
4  0.565058  0.293956  0.736320  0.862166 0.0  0.621229  0.087657  0.511091  0.009986  0.388537  0.454347  0.317755  0.385793  0.447362  0.400274  0.493877  0.658942  0.740334  0.534364  0.605475  0.070645  0.205328  0.334831  0.192142  0.432036  0.228755  0.273269  0.485427  0.601597  0.369664  0.388694  0.350231  0.485535  0.439488  0.318095  0.238581  0.310067  0.413725  0.399056  0.062934  0.445800  0.423244  0.332703  0.403529  0.270523  0.208465  0.473253  0.633268  0.250581  0.038200  0.444454  0.527812  0.319307  0.268860  0.442648  0.420955  0.517428  0.273872  0.578178  0.032881  0.329357  0.590660  0.458915  0.052307  0.461375  0.594527  0.587691  0.310810  0.367558  0.451174  0.149620  0.012799  0.412869  0.300350  0.179024  0.403093  0.439861  0.313037  0.325854  0.538483  0.150765  0.437134  0.409628  0.793019  0.467669  0.589422  0.234913  0.378975  0.397583  0.146093  0.415335  0.407594  0.511588  0.350882  0.250892  0.382192  0.138272  0.331474  0.369119 
5  0.515481  0.677217  0.313552  0.745147  0.621229 0.0  0.514402  0.515292  0.649278  0.859427  0.772377  0.676436  0.351085  0.529838  0.691933  0.815217  0.245274  0.759850  0.466993  0.695809  0.466140  0.514897  0.335908  0.548190  0.825418  0.585028  0.530776  0.733265  0.551059  0.676890  0.846117  0.807242  0.915365  0.897691  0.709849  0.634126  0.628397  0.764996  0.938427  0.409612  0.816304  0.894301  0.718780  0.733226  0.759036  0.548391  0.767209  0.533946  0.668377  0.625397  0.921341  0.063777  0.772564  0.824160  0.768762  0.765425  0.521387  0.713251  0.571026  0.379599  0.831226  0.515255  0.690346  0.465844  0.761588  0.443410  0.633138  0.521480  0.753006  0.712913  0.639315  0.573163  0.752980  0.792268  0.583896  0.793851  0.861731  0.638244  0.822703  0.826199  0.441162  0.914800  0.765639  0.371997  0.402175  0.045701  0.662432  0.760611  0.725191  0.567008  0.688559  0.712454  0.760782  0.680578  0.854871  0.812014  0.422226  0.779344  0.462505 
6  0.555014  0.296689  0.807653  0.766950  0.087657  0.514402 0.0  0.542666  0.048358  0.389135  0.409621  0.409332  0.344612  0.485672  0.383637  0.263878  0.577658  0.792078  0.542186  0.570249  0.175164  0.044111  0.408999  0.210200  0.279054  0.132667  0.137333  0.466664  0.651607  0.553687  0.409668  0.467659  0.464795  0.426709  0.240357  0.144001  0.262689  0.362806  0.419719  0.145830  0.333019  0.381278  0.399420  0.312498  0.410798  0.173533  0.421390  0.633430  0.218833  0.098017  0.507729  0.550833  0.354234  0.434571  0.402073  0.362620  0.615293  0.272790  0.396962  0.172519  0.248857  0.549206  0.416333  0.098817  0.391579  0.518034  0.617778  0.238248  0.221683  0.436309  0.063592  0.144022  0.327796  0.313295  0.202882  0.390600  0.276373  0.206338  0.493576  0.457295  0.035310  0.512547  0.377130  0.874761  0.410732  0.457236  0.211513  0.468963  0.531029  0.163552  0.521069  0.356977  0.370808  0.322677  0.332582  0.448536  0.103843  0.386480  0.531802 
7  0.579515  0.454826  0.330526  0.419621  0.511091  0.515292  0.542666 0.0  0.553733  0.566629  0.478438  0.394691  0.695837  0.538943  0.525860  0.472895  0.520016  0.343448  0.642719  0.535422  0.614186  0.750533  0.670515  0.500185  0.519243  0.667304  0.772990  0.426683  0.439290  0.458869  0.533181  0.541005  0.359743  0.671380  0.544139  0.437634  0.358528  0.431529  0.494232  0.682717  0.636479  0.580379  0.322299  0.456480  0.415297  0.600711  0.661429  0.434006  0.516158  0.526399  0.521937  0.625696  0.506325  0.569466  0.448493  0.492186  0.355924  0.567224  0.355699  0.505316  0.492764  0.363859  0.518820  0.664281  0.478022  0.284590  0.590090  0.444791  0.428245  0.429891  0.602719  0.507657  0.431866  0.456219  0.490375  0.349931  0.491125  0.443735  0.489227  0.349378  0.644554  0.486646  0.394726  0.291066  0.577577  0.546471  0.466819  0.264027  0.273491  0.564776  0.419439  0.557629  0.496490  0.489339  0.625907  0.429680  0.535939  0.554527  0.434215 
8  0.515892  0.198516  0.678418  0.671547  0.009986  0.649278  0.048358  0.553733 0.0  0.471912  0.279407  0.367794  0.355291  0.496429  0.249020  0.374690  0.563939  0.783853  0.592350  0.741036  0.017104  0.128006  0.419881  0.258920  0.433265  0.125758  0.065107  0.270716  0.521873  0.228622  0.335762  0.463740  0.443797  0.508556  0.319009  0.272129  0.235190  0.409540  0.436698  0.045326  0.305124  0.461239  0.307485  0.242002  0.303308  0.274233  0.358480  0.579144  0.334021  0.110036  0.399120  0.503455  0.461448  0.312313  0.414111  0.345576  0.427349  0.445445  0.525989  0.042758  0.291885  0.581668  0.361413  0.105913  0.437218  0.424178  0.517888  0.349843  0.326072  0.334623  0.065294  0.222549  0.283533  0.356936  0.097354  0.340816  0.589898  0.283906  0.312966  0.316355  0.134479  0.448520  0.361218  0.634009  0.409205  0.424745  0.258697  0.326973  0.287240  0.252988  0.303707  0.223136  0.373387  0.250412  0.489005  0.337065  0.117641  0.216106  0.486044 
9  0.733090  0.299524  0.763273  0.565659  0.388537  0.859427  0.389135  0.566629  0.471912 0.0  0.283708  0.303308  0.556904  0.560709  0.029399  0.015262  0.854196  0.739466  0.324651  0.389083  0.325048  0.344011  0.525334  0.491113  0.280368  0.299552  0.287937  0.291039  0.491518  0.336153  0.110858  0.210361  0.128669  0.200528  0.286332  0.283058  0.391468  0.360780  0.210306  0.342676  0.186337  0.181397  0.400643  0.368217  0.339634  0.190877  0.153332  0.593498  0.257108  0.343031  0.167702  0.724794  0.405642  0.079003  0.405134  0.133581  0.538370  0.000000  0.507136  0.303747  0.264515  0.469058  0.342166  0.306789  0.399702  0.466408  0.579919  0.188242  0.220064  0.394927  0.415979  0.503686  0.277840  0.036217  0.562080  0.231801  0.171433  0.219017  0.139486  0.409379  0.523390  0.106570  0.293511  0.762206  0.427133  0.752284  0.188108  0.287834  0.297049  0.436312  0.316051  0.098672  0.138460  0.119221  0.160091  0.168961  0.299937  0.098401  0.499972 
10  0.855659  0.261070  0.539324  0.771311  0.454347  0.772377  0.409621  0.478438  0.279407  0.283708 0.0  0.119426  0.610599  0.427485  0.108128  0.411156  0.794569  0.518244  0.617258  0.486736  0.407879  0.364774  0.514756  0.336869  0.257737  0.345521  0.580151  0.170785  0.468303  0.263370  0.301426  0.464402  0.403353  0.186563  0.194335  0.339968  0.370294  0.190697  0.201283  0.478057  0.310595  0.298593  0.107464  0.189887  0.249114  0.379952  0.400760  0.429259  0.211602  0.404364  0.249710  0.763832  0.208440  0.292706  0.139245  0.384152  0.428933  0.386144  0.494750  0.358411  0.179619  0.368498  0.181291  0.538747  0.218358  0.426782  0.438444  0.298583  0.275281  0.277577  0.274912  0.388194  0.248293  0.453052  0.301852  0.157753  0.397475  0.197273  0.300831  0.180833  0.466946  0.409542  0.183260  0.427042  0.510704  0.779978  0.202438  0.000000  0.056189  0.355375  0.210659  0.393080  0.312224  0.254604  0.396207  0.268490  0.436128  0.407087  0.528112 
11  0.840450  0.219822  0.723709  0.785748  0.317755  0.676436  0.409332  0.394691  0.367794  0.303308  0.119426 0.0  0.678811  0.429866  0.358025  0.288095  0.792379  0.518572  0.581458  0.502861  0.507768  0.477918  0.708485  0.324846  0.286288  0.433039  0.438652  0.130486  0.421511  0.223945  0.324863  0.394677  0.284914  0.342753  0.321978  0.307219  0.328947  0.191920  0.316833  0.529487  0.261425  0.354034  0.285385  0.244752  0.145425  0.282572  0.321962  0.349431  0.367538  0.452843  0.416911  0.761962  0.215210  0.390646  0.087243  0.414618  0.444579  0.405478  0.462658  0.381057  0.194145  0.248856  0.216926  0.583335  0.276408  0.201056  0.478726  0.294878  0.250789  0.189867  0.309547  0.474464  0.222172  0.346093  0.395768  0.305085  0.362860  0.202003  0.217087  0.212148  0.419248  0.239611  0.183046  0.497696  0.543278  0.665019  0.244266  0.031861  0.008927  0.382668  0.229595  0.314594  0.391676  0.238363  0.388452  0.316037  0.352373  0.311972  0.561297 
12  0.412593  0.520646  0.656529  0.555498  0.385793  0.351085  0.344612  0.695837  0.355291  0.556904  0.610599  0.678811 0.0  0.565247  0.612851  0.608079  0.367228  0.500992  0.643483  0.495034  0.334813  0.352500  0.336344  0.304573  0.680649  0.343436  0.389469  0.662537  0.566938  0.565117  0.607375  0.623628  0.570032  0.571467  0.369231  0.387687  0.482083  0.596248  0.705158  0.220422  0.552251  0.593478  0.633275  0.542056  0.590582  0.461106  0.510049  0.588757  0.449696  0.255415  0.702210  0.273190  0.504790  0.559942  0.551622  0.549011  0.564240  0.611479  0.487100  0.399840  0.627327  0.676952  0.534195  0.369863  0.613335  0.480543  0.534023  0.516049  0.443034  0.545634  0.312277  0.316686  0.618812  0.615593  0.325831  0.532009  0.651546  0.432704  0.604926  0.560694  0.386091  0.651725  0.600169  0.678829  0.458077  0.323359  0.375532  0.595550  0.705221  0.266781  0.609211  0.615110  0.703623  0.386635  0.560544  0.536864  0.362686  0.577542  0.459027 
13  0.469338  0.558997  0.484221  0.523225  0.447362  0.529838  0.485672  0.538943  0.496429  0.560709  0.427485  0.429866  0.565247 0.0  0.465052  0.581583  0.478567  0.419810  0.432719  0.502166  0.428037  0.497308  0.514963  0.512332  0.554777  0.469928  0.367828  0.440885  0.417289  0.468446  0.463264  0.469438  0.479780  0.483095  0.355687  0.460406  0.487896  0.441422  0.444858  0.523866  0.475663  0.493544  0.414153  0.466769  0.487742  0.507169  0.490002  0.499986  0.450079  0.427565  0.442744  0.536068  0.462360  0.447806  0.326115  0.408781  0.521657  0.487708  0.477356  0.525338  0.482636  0.470375  0.504422  0.506021  0.393917  0.474947  0.466171  0.422507  0.530521  0.471583  0.473580  0.571618  0.523489  0.427639  0.487881  0.508201  0.527301  0.451433  0.476202  0.468845  0.516971  0.428536  0.405113  0.491526  0.341346  0.508231  0.483250  0.454948  0.401460  0.515759  0.524877  0.370318  0.410704  0.335449  0.503061  0.464657  0.450294  0.528225  0.433288 
14  0.904389  0.377621  0.686442  0.531851  0.400274  0.691933  0.383637  0.525860  0.249020  0.029399  0.108128  0.358025  0.612851  0.465052 0.0  0.005251  0.745055  0.736729  0.206381  0.161510  0.295766  0.313502  0.602851  0.351793  0.140995  0.431080  0.299342  0.400967  0.531873  0.281037  0.067825  0.011408  0.138780  0.032584  0.344572  0.290763  0.238840  0.361603  0.005947  0.276030  0.300847  0.019682  0.268473  0.274811  0.287258  0.314025  0.078417  0.522326  0.236111  0.495873  0.038357  0.738274  0.298740  0.000000  0.321743  0.051044  0.492806  0.091035  0.443764  0.306017  0.324589  0.453601  0.210566  0.290612  0.406283  0.478133  0.585374  0.260401  0.279818  0.339379  0.292580  0.301162  0.369409  0.086644  0.389640  0.363724  0.051425  0.210529  0.199100  0.380805  0.330784  0.016602  0.292536  0.759241  0.534385  0.671454  0.181538  0.339826  0.315051  0.384916  0.343327  0.000000  0.094834  0.234953  0.090325  0.000000  0.312391  0.062829  0.486548 
15  0.772053  0.300822  0.623411  0.355493  0.493877  0.815217  0.263878  0.472895  0.374690  0.015262  0.411156  0.288095  0.608079  0.581583  0.005251 0.0  0.732679  0.869129  0.278700  0.274104  0.320178  0.301164  0.464084  0.269791  0.096917  0.422538  0.419257  0.333156  0.442004  0.269959  0.100206  0.083506  0.027587  0.000000  0.267463  0.296705  0.220897  0.390339  0.096472  0.338285  0.397815  0.095962  0.387258  0.348388  0.388236  0.300863  0.118379  0.560668  0.322384  0.357434  0.042473  0.751607  0.340055  0.000000  0.355637  0.028674  0.561084  0.046514  0.613485  0.224099  0.350465  0.601194  0.293990  0.318976  0.339295  0.464892  0.481858  0.257885  0.233391  0.342597  0.390438  0.363304  0.350184  0.247057  0.246938  0.377851  0.000000  0.257725  0.055029  0.339017  0.399516  0.097253  0.308755  0.647834  0.395838  0.781946  0.182829  0.319967  0.364117  0.404405  0.388258  0.031076  0.008504  0.243602  0.076071  0.042318  0.471989  0.062705  0.385092 
16  0.688972  0.692935  0.383140  0.762970  0.658942  0.245274  0.577658  0.520016  0.563939  0.854196  0.794569  0.792379  0.367228  0.478567  0.745055  0.732679 0.0  0.705623  0.533435  0.604129  0.554644  0.552153  0.410476  0.543118  0.762890  0.548918  0.449364  0.834394  0.544867  0.822526  0.702936  0.774872  0.928766  0.952044  0.697048  0.662191  0.628006  0.788579  0.845672  0.512818  0.723171  0.881156  0.757550  0.770902  0.725413  0.496494  0.791211  0.592487  0.659702  0.513766  0.868580  0.098260  0.675758  0.704974  0.819361  0.690033  0.446337  0.733038  0.427940  0.461579  0.707742  0.430541  0.617627  0.484633  0.807682  0.527641  0.616220  0.740151  0.782227  0.718548  0.583146  0.608436  0.812183  0.692127  0.546093  0.712840  1.000000  0.774797  0.791506  0.721424  0.571151  0.896641  0.749855  0.331288  0.468657  0.012958  0.803946  0.662944  0.712797  0.621776  0.751046  0.739180  0.735926  0.665967  0.775990  0.642231  0.542966  0.646577  0.541572 
17  0.415479  0.679913  0.769963  0.348368  0.740334  0.759850  0.792078  0.343448  0.783853  0.739466  0.518244  0.518572  0.500992  0.419810  0.736729  0.869129  0.705623 0.0  0.661581  0.600268  0.897621  0.894154  0.581330  0.699118  0.757740  0.731323  0.874223  0.730834  0.296345  0.643566  0.814386  0.819609  0.623073  0.800660  0.691662  0.731501  0.670362  0.476290  0.809407  0.808847  0.675208  0.823315  0.560782  0.604492  0.501656  0.700805  0.728286  0.462139  0.662590  0.862418  0.811825  0.907363  0.601994  0.773511  0.551688  0.740680  0.398886  0.661937  0.499515  0.673566  0.649435  0.350528  0.601963  0.991972  0.725729  0.288831  0.419043  0.677859  0.640616  0.642522  0.693310  0.760678  0.568201  0.636892  0.738118  0.551234  0.753604  0.637108  0.703596  0.706912  0.907789  0.718524  0.607722  0.345202  0.501487  0.708705  0.751392  0.487699  0.467755  0.837964  0.704321  0.720572  0.788265  0.696405  0.842261  0.779264  0.716978  0.675125  0.537483 
18  0.475431  0.392083  0.476232  0.491119  0.534364  0.466993  0.542186  0.642719  0.592350  0.324651  0.617258  0.581458  0.643483  0.432719  0.206381  0.278700  0.533435  0.661581 0.0  0.290446  0.599503  0.560224  0.614257  0.556143  0.258965  0.550440  0.561251  0.597102  0.505271  0.427639  0.168158  0.422985  0.282144  0.269198  0.478972  0.535460  0.445170  0.526382  0.355943  0.448862  0.763229  0.296275  0.625988  0.502146  0.437319  0.458218  0.353788  0.512808  0.430710  0.482951  0.248222  0.473420  0.558725  0.368153  0.545804  0.432520  0.533766  0.415418  0.436154  0.574069  0.563897  0.680589  0.505831  0.494681  0.467683  0.612645  0.629734  0.457247  0.461137  0.533543  0.513832  0.467285  0.467107  0.334408  0.548992  0.616677  0.302220  0.501391  0.221396  0.475536  0.718306  0.270895  0.586941  0.737232  0.480992  0.692545  0.482885  0.647908  0.635583  0.503016  0.482880  0.191421  0.354060  0.447650  0.166428  0.380368  0.627710  0.302238  0.546367 
19  0.660111  0.524234  0.538831  0.226924  0.605475  0.695809  0.570249  0.535422  0.741036  0.389083  0.486736  0.502861  0.495034  0.502166  0.161510  0.274104  0.604129  0.600268  0.290446 0.0  0.561265  0.559572  0.656600  0.709486  0.437216  0.600126  0.475303  0.638236  0.475694  0.496379  0.240289  0.317370  0.343297  0.445040  0.459674  0.485251  0.476798  0.593283  0.391736  0.497602  0.505639  0.444972  0.600540  0.565108  0.530506  0.440740  0.302373  0.505177  0.464608  0.551982  0.402869  0.582371  0.555966  0.254118  0.543362  0.141077  0.519740  0.355393  0.480437  0.529855  0.598360  0.488247  0.584895  0.558601  0.531996  0.570062  0.613951  0.527977  0.501687  0.567546  0.688117  0.625430  0.561138  0.146104  0.616906  0.543403  0.420333  0.421168  0.266867  0.544211  0.492515  0.415400  0.452376  0.464890  0.520344  0.536752  0.450957  0.531937  0.474755  0.610782  0.445617  0.302942  0.285897  0.562568  0.281751  0.246666  0.516916  0.244464  0.431747 
20  0.479434  0.275266  0.917678  0.655735  0.070645  0.466140  0.175164  0.614186  0.017104  0.325048  0.407879  0.507768  0.334813  0.428037  0.295766  0.320178  0.554644  0.897621  0.599503  0.561265 0.0  0.175542  0.484669  0.069027  0.347236  0.069907  0.166345  0.490963  0.844653  0.482494  0.310220  0.444817  0.304998  0.267045  0.237170  0.303355  0.202444  0.507795  0.410562  0.248187  0.390270  0.334766  0.385744  0.406132  0.457291  0.242041  0.333382  0.678635  0.331156  0.162081  0.458772  0.508118  0.432720  0.358238  0.441081  0.285323  0.446127  0.354581  0.552803  0.207865  0.604469  0.592614  0.452032  0.088868  0.489487  0.508464  0.669678  0.366127  0.279298  0.466546  0.076328  0.148021  0.526391  0.358317  0.080257  0.492176  0.384783  0.377377  0.387930  0.428678  0.115639  0.334471  0.440251  0.671450  0.487059  0.544981  0.319117  0.383444  0.380668  0.120598  0.377570  0.336938  0.294352  0.211021  0.314422  0.247246  0.124749  0.349532  0.450452 
21  0.525315  0.228701  0.916998  0.840686  0.205328  0.514897  0.044111  0.750533  0.128006  0.344011  0.364774  0.477918  0.352500  0.497308  0.313502  0.301164  0.552153  0.894154  0.560224  0.559572  0.175542 0.0  0.283913  0.177709  0.340714  0.156918  0.173395  0.473162  0.576221  0.429327  0.283834  0.391259  0.442600  0.383557  0.292490  0.223298  0.207026  0.490172  0.286232  0.142913  0.283158  0.356410  0.496500  0.492925  0.521566  0.211526  0.221338  0.712515  0.280827  0.224877  0.368569  0.448065  0.341289  0.255048  0.443009  0.300768  0.526027  0.392348  0.463762  0.086724  0.514507  0.596868  0.406100  0.149700  0.501903  0.581980  0.598344  0.241593  0.304264  0.420187  0.068106  0.140273  0.521851  0.258367  0.037016  0.437805  0.335053  0.323651  0.357842  0.396697  0.093241  0.333324  0.376959  0.728554  0.467862  0.410301  0.248541  0.432906  0.321943  0.045718  0.465382  0.292544  0.457066  0.325685  0.324483  0.285286  0.162990  0.359519  0.439651 
22  0.365154  0.460553  0.531059  0.597607  0.334831  0.335908  0.408999  0.670515  0.419881  0.525334  0.514756  0.708485  0.336344  0.514963  0.602851  0.464084  0.410476  0.581330  0.614257  0.656600  0.484669  0.283913 0.0  0.356088  0.648912  0.409890  0.434345  0.630747  0.608887  0.619550  0.579756  0.671093  0.571619  0.582626  0.431063  0.407487  0.427461  0.567632  0.669769  0.254865  0.635868  0.545030  0.565745  0.658971  0.513706  0.446436  0.616108  0.551270  0.492838  0.412820  0.655424  0.287063  0.616681  0.641967  0.700524  0.593293  0.545905  0.569822  0.414792  0.371007  0.681504  0.586623  0.632975  0.328710  0.601525  0.661478  0.614457  0.499410  0.394927  0.575702  0.361762  0.370469  0.679247  0.559170  0.311957  0.567380  0.687373  0.453480  0.646574  0.535499  0.327140  0.640420  0.627520  0.576437  0.486186  0.235817  0.472552  0.741514  0.589424  0.407919  0.399758  0.533166  0.657786  0.494925  0.679685  0.550217  0.315667  0.465183  0.365811 
23  0.496212  0.194074  0.761454  0.684954  0.192142  0.548190  0.210200  0.500185  0.258920  0.491113  0.336869  0.324846  0.304573  0.512332  0.351793  0.269791  0.543118  0.699118  0.556143  0.709486  0.069027  0.177709  0.356088 0.0  0.423923  0.114447  0.031514  0.285830  0.645207  0.278864  0.206932  0.430761  0.586079  0.435100  0.216028  0.346486  0.241388  0.384393  0.427795  0.031769  0.321446  0.365442  0.328263  0.370501  0.327722  0.375641  0.344402  0.521132  0.345137  0.110014  0.379541  0.551485  0.413385  0.392299  0.348070  0.380911  0.456736  0.227220  0.447384  0.174541  0.308672  0.684657  0.290975  0.093294  0.364752  0.544595  0.561441  0.289453  0.320849  0.192510  0.270271  0.158834  0.314305  0.375598  0.094259  0.283989  0.441598  0.285804  0.374427  0.310837  0.100920  0.417322  0.392870  0.760149  0.551365  0.435273  0.198766  0.267001  0.330849  0.167692  0.236562  0.209497  0.302491  0.202008  0.442411  0.290576  0.000000  0.392754  0.512231 
24  0.868877  0.306445  0.764289  0.571725  0.432036  0.825418  0.279054  0.519243  0.433265  0.280368  0.257737  0.286288  0.680649  0.554777  0.140995  0.096917  0.762890  0.757740  0.258965  0.437216  0.347236  0.340714  0.648912  0.423923 0.0  0.355430  0.376842  0.406888  0.464301  0.296547  0.000000  0.143215  0.194537  0.160892  0.273180  0.341152  0.376818  0.299858  0.189765  0.293043  0.357784  0.128156  0.427665  0.318850  0.252904  0.244567  0.116675  0.561369  0.279943  0.530466  0.228345  0.775284  0.329754  0.258203  0.361763  0.220982  0.477840  0.029255  0.462630  0.333069  0.420116  0.560315  0.348356  0.349682  0.420484  0.491755  0.456418  0.247898  0.250514  0.222893  0.476166  0.465366  0.399599  0.090583  0.486244  0.400122  0.319953  0.254868  0.001760  0.426109  0.458068  0.127212  0.407998  0.753761  0.355451  0.681293  0.231025  0.337324  0.339931  0.521124  0.280538  0.008965  0.157169  0.353007  0.323659  0.054568  0.290899  0.162826  0.374332 
25  0.447339  0.247136  0.804878  0.708207  0.228755  0.585028  0.132667  0.667304  0.125758  0.299552  0.345521  0.433039  0.343436  0.469928  0.431080  0.422538  0.548918  0.731323  0.550440  0.600126  0.069907  0.156918  0.409890  0.114447  0.355430 0.0  0.171572  0.326062  0.673989  0.381868  0.424673  0.334697  0.384412  0.338267  0.294872  0.188734  0.270823  0.463896  0.500118  0.053388  0.371053  0.362982  0.358817  0.408342  0.339710  0.244106  0.498352  0.681439  0.283093  0.059607  0.462096  0.464613  0.372983  0.365613  0.471374  0.414089  0.544008  0.314819  0.637675  0.139208  0.455037  0.519322  0.454471  0.065956  0.317953  0.520329  0.623734  0.225904  0.296357  0.379555  0.068694  0.104839  0.420501  0.364472  0.133714  0.462652  0.403684  0.402350  0.386413  0.491308  0.040146  0.352820  0.378169  0.850842  0.447544  0.508494  0.224486  0.417226  0.436140  0.103387  0.374357  0.322363  0.498788  0.230892  0.387608  0.523478  0.134811  0.429864  0.354658 
26  0.465425  0.237248  0.859596  0.744477  0.273269  0.530776  0.137333  0.772990  0.065107  0.287937  0.580151  0.438652  0.389469  0.367828  0.299342  0.419257  0.449364  0.874223  0.561251  0.475303  0.166345  0.173395  0.434345  0.031514  0.376842  0.171572 0.0  0.449879  0.825861  0.573829  0.312850  0.333138  0.440396  0.327460  0.282310  0.229851  0.285730  0.483223  0.324277  0.222078  0.415341  0.264679  0.420791  0.427148  0.505532  0.347313  0.371937  0.637195  0.241136  0.155810  0.298063  0.583734  0.437999  0.243613  0.505660  0.397044  0.452498  0.383711  0.381376  0.000000  0.451891  0.587125  0.430244  0.187012  0.472717  0.543345  0.749645  0.306355  0.226001  0.435667  0.088331  0.092574  0.563145  0.201282  0.181678  0.417011  0.327895  0.337785  0.315943  0.609601  0.140880  0.339346  0.553825  0.844034  0.538338  0.485387  0.314158  0.309587  0.467845  0.000000  0.437156  0.381709  0.307202  0.292989  0.344122  0.321940  0.087867  0.300675  0.403564 
27  0.889513  0.241072  0.669047  0.734858  0.485427  0.733265  0.466664  0.426683  0.270716  0.291039  0.170785  0.130486  0.662537  0.440885  0.400967  0.333156  0.834394  0.730834  0.597102  0.638236  0.490963  0.473162  0.630747  0.285830  0.406888  0.326062  0.449879 0.0  0.405664  0.203372  0.298498  0.483452  0.345020  0.256985  0.301003  0.277890  0.184818  0.275571  0.278923  0.514961  0.365464  0.324972  0.202695  0.204336  0.213303  0.256374  0.339200  0.379120  0.212391  0.353236  0.387184  0.736431  0.225731  0.293066  0.100294  0.364561  0.488750  0.348449  0.435964  0.358516  0.208027  0.330477  0.170363  0.489495  0.231343  0.312175  0.432314  0.266774  0.184111  0.160512  0.340127  0.347336  0.269979  0.281004  0.306423  0.216671  0.382637  0.277806  0.374191  0.245717  0.562825  0.413985  0.196276  0.467066  0.457755  0.876071  0.210737  0.063559  0.132147  0.334880  0.175683  0.315153  0.241775  0.278647  0.307802  0.354785  0.286665  0.357114  0.492784 
28  0.516641  0.491223  0.402460  0.538530  0.601597  0.551059  0.651607  0.439290  0.521873  0.491518  0.468303  0.421511  0.566938  0.417289  0.531873  0.442004  0.544867  0.296345  0.505271  0.475694  0.844653  0.576221  0.608887  0.645207  0.464301  0.673989  0.825861  0.405664 0.0  0.440367  0.509076  0.567824  0.616021  0.565527  0.498258  0.511672  0.412237  0.382486  0.470373  0.548949  0.648091  0.502774  0.495622  0.449744  0.319483  0.400605  0.546185  0.415006  0.432510  0.666336  0.400306  0.635682  0.487635  0.574900  0.396766  0.460091  0.506432  0.464721  0.577452  0.501225  0.342065  0.226487  0.423167  0.703141  0.391650  0.290925  0.395041  0.402239  0.380469  0.467084  0.602703  0.558025  0.420775  0.470662  0.455554  0.282604  0.509065  0.500813  0.430100  0.367227  0.690757  0.457940  0.386867  0.233379  0.532268  0.582560  0.448375  0.290018  0.281303  0.576147  0.426561  0.550940  0.481392  0.504871  0.516916  0.531530  0.579835  0.666847  0.473560 
29  0.777626  0.351863  0.701208  0.782790  0.369664  0.676890  0.553687  0.458869  0.228622  0.336153  0.263370  0.223945  0.565117  0.468446  0.281037  0.269959  0.822526  0.643566  0.427639  0.496379  0.482494  0.429327  0.619550  0.278864  0.296547  0.381868  0.573829  0.203372  0.440367 0.0  0.343031  0.407956  0.290703  0.242305  0.243510  0.224501  0.295678  0.167992  0.270589  0.412586  0.327832  0.365894  0.198418  0.258128  0.190312  0.269450  0.345701  0.382337  0.230633  0.405980  0.332535  0.720228  0.176109  0.358860  0.071671  0.372651  0.494685  0.346540  0.418273  0.308407  0.153647  0.322556  0.184123  0.416553  0.204077  0.297630  0.473393  0.331558  0.367256  0.175332  0.340051  0.335093  0.230032  0.350282  0.283379  0.230623  0.360880  0.308230  0.387530  0.265033  0.418287  0.298989  0.202965  0.460177  0.522450  0.763974  0.189754  0.052301  0.083240  0.286150  0.146446  0.376519  0.388750  0.381548  0.323871  0.311432  0.409277  0.312104  0.475790 
30  0.863692  0.304988  0.687610  0.474830  0.388694  0.846117  0.409668  0.533181  0.335762  0.110858  0.301426  0.324863  0.607375  0.463264  0.067825  0.100206  0.702936  0.814386  0.168158  0.240289  0.310220  0.283834  0.579756  0.206932  0.000000  0.424673  0.312850  0.298498  0.509076  0.343031 0.0  0.054340  0.110332  0.100645  0.232885  0.196624  0.282008  0.328297  0.083831  0.261747  0.394925  0.042066  0.358998  0.355707  0.326310  0.374363  0.041572  0.668365  0.131487  0.405754  0.158266  0.741768  0.331762  0.027148  0.364086  0.063472  0.405437  0.000000  0.405534  0.307536  0.287281  0.509608  0.301241  0.406281  0.346120  0.476897  0.514518  0.282484  0.285678  0.360059  0.351689  0.380187  0.379678  0.218891  0.392773  0.295795  0.020875  0.339153  0.000000  0.422189  0.402022  0.110958  0.382120  0.786795  0.497452  0.789271  0.397777  0.269027  0.383780  0.286216  0.389026  0.241140  0.222654  0.300805  0.145388  0.057490  0.370759  0.042723  0.385020 
31  0.876286  0.333403  0.770659  0.583565  0.350231  0.807242  0.467659  0.541005  0.463740  0.210361  0.464402  0.394677  0.623628  0.469438  0.011408  0.083506  0.774872  0.819609  0.422985  0.317370  0.444817  0.391259  0.671093  0.430761  0.143215  0.334697  0.333138  0.483452  0.567824  0.407956  0.054340 0.0  0.214658  0.098567  0.265025  0.214329  0.238401  0.410865  0.141419  0.426008  0.354100  0.076208  0.427367  0.317184  0.381761  0.197994  0.167728  0.515542  0.247661  0.446242  0.070927  0.897085  0.349383  0.107713  0.387985  0.159359  0.355595  0.230601  0.508565  0.435914  0.465370  0.573707  0.478811  0.619044  0.390396  0.640874  0.616922  0.279948  0.279176  0.276309  0.291679  0.345111  0.379040  0.105390  0.357954  0.396243  0.177594  0.241639  0.152247  0.456363  0.371108  0.202008  0.345317  0.733689  0.523372  0.780598  0.284739  0.334552  0.397858  0.454599  0.414916  0.165461  0.184414  0.276231  0.188931  0.185727  0.399670  0.135334  0.509737 
32  0.740397  0.200806  0.734040  0.429189  0.485535  0.915365  0.464795  0.359743  0.443797  0.128669  0.403353  0.284914  0.570032  0.479780  0.138780  0.027587  0.928766  0.623073  0.282144  0.343297  0.304998  0.442600  0.571619  0.586079  0.194537  0.384412  0.440396  0.345020  0.616021  0.290703  0.110332  0.214658 0.0  0.222509  0.204749  0.225614  0.382569  0.311611  0.257535  0.445663  0.280430  0.262753  0.418604  0.270621  0.237018  0.270740  0.030925  0.598627  0.276370  0.484825  0.179840  0.743229  0.388103  0.114077  0.353510  0.068832  0.466784  0.061718  0.433286  0.357390  0.359538  0.562755  0.315534  0.309209  0.270071  0.501314  0.494380  0.293487  0.292500  0.297930  0.383905  0.561637  0.293050  0.021165  0.456817  0.317818  0.164090  0.292322  0.074262  0.348863  0.365420  0.255311  0.459846  0.842602  0.547436  0.796519  0.298830  0.377868  0.305588  0.440885  0.317623  0.028298  0.126021  0.323673  0.162754  0.000000  0.321480  0.070659  0.487963 
33  0.947006  0.289337  0.832664  0.471355  0.439488  0.897691  0.426709  0.671380  0.508556  0.200528  0.186563  0.342753  0.571467  0.483095  0.032584  0.000000  0.952044  0.800660  0.269198  0.445040  0.267045  0.383557  0.582626  0.435100  0.160892  0.338267  0.327460  0.256985  0.565527  0.242305  0.100645  0.098567  0.222509 0.0  0.286489  0.216741  0.284645  0.269482  0.297939  0.297697  0.379865  0.099938  0.278045  0.301403  0.371513  0.245303  0.000000  0.607568  0.238704  0.439496  0.224695  0.794057  0.313661  0.047853  0.330033  0.144971  0.388206  0.000000  0.364237  0.265216  0.436043  0.577244  0.311281  0.347104  0.318803  0.570997  0.549406  0.307172  0.237078  0.332629  0.420005  0.434985  0.331649  0.018771  0.503267  0.353214  0.133193  0.282557  0.081926  0.428492  0.375962  0.269027  0.318799  0.704131  0.435248  0.720097  0.243833  0.455661  0.327055  0.560706  0.289056  0.117211  0.000000  0.223109  0.300380  0.149173  0.195840  0.023181  0.449963 
34  0.766678  0.365541  0.636609  0.612018  0.318095  0.709849  0.240357  0.544139  0.319009  0.286332  0.194335  0.321978  0.369231  0.355687  0.344572  0.267463  0.697048  0.691662  0.478972  0.459674  0.237170  0.292490  0.431063  0.216028  0.273180  0.294872  0.282310  0.301003  0.498258  0.243510  0.232885  0.265025  0.204749  0.286489 0.0  0.203487  0.264264  0.240492  0.324812  0.253041  0.271978  0.238740  0.265655  0.325392  0.275989  0.231746  0.243349  0.361380  0.300232  0.242162  0.267755  0.700918  0.308551  0.319125  0.227213  0.311229  0.493695  0.219858  0.441927  0.257033  0.297372  0.477121  0.388746  0.267084  0.282385  0.320297  0.513905  0.120786  0.318219  0.250154  0.374941  0.357585  0.183986  0.279712  0.347806  0.278003  0.218202  0.270335  0.224592  0.251753  0.251905  0.222587  0.264546  0.635118  0.404927  0.652200  0.320198  0.371389  0.238159  0.259297  0.215363  0.305597  0.293769  0.351720  0.265164  0.137478  0.273640  0.170193  0.424892 
35  0.668851  0.211634  0.676381  0.733509  0.238581  0.634126  0.144001  0.437634  0.272129  0.283058  0.339968  0.307219  0.387687  0.460406  0.290763  0.296705  0.662191  0.731501  0.535460  0.485251  0.303355  0.223298  0.407487  0.346486  0.341152  0.188734  0.229851  0.277890  0.511672  0.224501  0.196624  0.214329  0.225614  0.216741  0.203487 0.0  0.313050  0.251256  0.251777  0.233877  0.403140  0.190277  0.257080  0.240478  0.216898  0.329046  0.342545  0.368058  0.245372  0.249478  0.237507  0.656909  0.299385  0.300713  0.308226  0.371106  0.399866  0.208132  0.501722  0.268003  0.248884  0.453802  0.310104  0.352404  0.235945  0.430385  0.547074  0.241775  0.205260  0.155151  0.235912  0.220223  0.262778  0.347144  0.268226  0.183558  0.265783  0.228248  0.325026  0.290044  0.089389  0.202214  0.234829  0.688414  0.442336  0.620183  0.195586  0.197930  0.246244  0.187513  0.363686  0.223651  0.199256  0.178963  0.249419  0.306417  0.251098  0.222583  0.552071 
36  0.658533  0.215186  0.702956  0.589254  0.310067  0.628397  0.262689  0.358528  0.235190  0.391468  0.370294  0.328947  0.482083  0.487896  0.238840  0.220897  0.628006  0.670362  0.445170  0.476798  0.202444  0.207026  0.427461  0.241388  0.376818  0.270823  0.285730  0.184818  0.412237  0.295678  0.282008  0.238401  0.382569  0.284645  0.264264  0.313050 0.0  0.199528  0.302688  0.176714  0.235855  0.270712  0.373053  0.343737  0.237483  0.318750  0.211884  0.460292  0.289615  0.222310  0.367832  0.700813  0.219415  0.328003  0.300665  0.289049  0.441193  0.244933  0.495135  0.308175  0.259923  0.432899  0.273923  0.357239  0.196352  0.422360  0.523999  0.280499  0.219818  0.183182  0.262986  0.274762  0.262797  0.249073  0.271632  0.166577  0.320108  0.324134  0.189266  0.224364  0.224702  0.291899  0.231823  0.743204  0.445749  0.717267  0.231658  0.278456  0.247355  0.229269  0.288036  0.379875  0.219672  0.193945  0.216582  0.272485  0.349350  0.369053  0.495711 
37  0.794535  0.246702  0.572768  0.745725  0.413725  0.764996  0.362806  0.431529  0.409540  0.360780  0.190697  0.191920  0.596248  0.441422  0.361603  0.390339  0.788579  0.476290  0.526382  0.593283  0.507795  0.490172  0.567632  0.384393  0.299858  0.463896  0.483223  0.275571  0.382486  0.167992  0.328297  0.410865  0.311611  0.269482  0.240492  0.251256  0.199528 0.0  0.375051  0.377511  0.255485  0.409152  0.227631  0.300349  0.218752  0.259455  0.289381  0.305896  0.254087  0.386849  0.337700  0.695562  0.210692  0.291994  0.128063  0.287686  0.453746  0.271959  0.422210  0.440748  0.251462  0.192674  0.108634  0.597927  0.259625  0.282401  0.465700  0.236505  0.348933  0.226320  0.306077  0.316698  0.147346  0.417753  0.439379  0.147794  0.333879  0.269953  0.367595  0.226759  0.326154  0.321603  0.290828  0.521255  0.490725  0.628603  0.275358  0.079798  0.145446  0.338379  0.177828  0.325358  0.415806  0.286527  0.434245  0.346600  0.304067  0.303113  0.489967 
38  0.861470  0.205719  0.831435  0.382125  0.399056  0.938427  0.419719  0.494232  0.436698  0.210306  0.201283  0.316833  0.705158  0.444858  0.005947  0.096472  0.845672  0.809407  0.355943  0.391736  0.410562  0.286232  0.669769  0.427795  0.189765  0.500118  0.324277  0.278923  0.470373  0.270589  0.083831  0.141419  0.257535  0.297939  0.324812  0.251777  0.302688  0.375051 0.0  0.364421  0.362433  0.203801  0.219459  0.421697  0.411511  0.314944  0.093201  0.612491  0.273974  0.459479  0.264789  0.725286  0.259371  0.128011  0.324989  0.072187  0.458680  0.104549  0.384273  0.323598  0.370499  0.501387  0.252947  0.363443  0.461473  0.558321  0.516771  0.200507  0.234670  0.247898  0.488411  0.468633  0.342285  0.000000  0.532017  0.375156  0.139694  0.288784  0.057012  0.274082  0.328557  0.091981  0.304715  0.798132  0.335257  0.784905  0.361890  0.344364  0.379955  0.456473  0.277023  0.041826  0.097864  0.217027  0.166092  0.167989  0.355784  0.029773  0.414539 
39  0.565696  0.198554  0.857236  0.766181  0.062934  0.409612  0.145830  0.682717  0.045326  0.342676  0.478057  0.529487  0.220422  0.523866  0.276030  0.338285  0.512818  0.808847  0.448862  0.497602  0.248187  0.142913  0.254865  0.031769  0.293043  0.053388  0.222078  0.514961  0.548949  0.412586  0.261747  0.426008  0.445663  0.297697  0.253041  0.233877  0.176714  0.377511  0.364421 0.0  0.292469  0.306402  0.433366  0.424875  0.410050  0.360264  0.279880  0.645439  0.232601  0.128178  0.312262  0.550293  0.501218  0.207036  0.361678  0.360095  0.489261  0.349239  0.450694  0.110605  0.447502  0.627999  0.391533  0.202197  0.434228  0.545594  0.582280  0.252017  0.322647  0.435713  0.089019  0.125723  0.497468  0.317338  0.064398  0.357658  0.266540  0.325106  0.326817  0.502450  0.103274  0.345334  0.480024  0.777693  0.431532  0.448523  0.290559  0.415039  0.314492  0.019392  0.393614  0.301277  0.318177  0.327039  0.318568  0.325849  0.117535  0.368128  0.452452 
