99
0 0.0  0.354776  0.776898  0.777524  0.805002  0.510871  0.849090  0.471316  0.764723  0.842954  0.534554  0.785887  0.827180  0.622532  0.798639  0.249023  0.652034  0.722401  0.708937  0.428451  0.857722  0.600805  0.809610  0.825105  0.801709  0.571831  0.866767  0.731454  0.575631  0.650091  0.717725  0.872992  0.864033  0.803058  0.782522  0.687623  0.760327  0.536885  0.858044  0.574629  0.643092  0.796881  0.876215  0.700515  0.881304  0.903917  0.499778  0.800718  0.733902  0.855332  0.590988  0.834474  0.860640  0.848467  0.795533  0.857111  0.782015  0.753621  0.380775  0.781353  0.483980  0.886857  0.913248  0.602270  0.766748  0.747929  0.395756  0.516531  0.770541  0.661041  0.643120  0.625037  0.751283  0.477775  0.857484  0.688507  0.579064  0.479803  0.576580  0.843058  0.699438  0.348878  0.641626  0.409210  0.866056  0.861575  0.475639  0.441758  0.790781  0.678655  0.889416  0.867988  0.537869  0.748325  0.715555  0.574790  0.529583  0.537099  0.780527 
1  0.354776 0.0  0.571240  0.545979  0.638710  0.843370  0.964915  0.577460  0.619257  0.445384  0.841028  0.779176  0.394682  0.869500  0.570340  0.643929  0.624728  0.722177  0.707685  0.677467  0.453800  0.768547  0.548264  0.587891  0.476520  0.773046  0.540723  0.841127  0.783527  0.741945  0.770763  0.548384  0.555154  0.855901  0.535553  0.807359  0.705133  0.568107  0.851518  0.690002  0.854410  0.837726  0.560259  0.989474  0.954224  0.792313  0.831009  0.834277  0.692597  0.825099  0.847559  0.758900  0.601192  0.478766  0.809757  0.817811  0.800006  0.740494  0.129774  0.567085  0.478223  0.720542  0.918931  0.671378  0.545696  0.512699  0.521702  0.762783  0.527681  0.319779  0.604234  0.627177  0.778467  0.884846  0.426144  1.000000  0.691540  0.841771  0.691893  0.771193  0.622983  0.142482  0.373452  0.779793  0.815416  0.819116  0.773064  0.447956  0.525802  0.859608  0.774647  0.901523  0.566153  0.612539  0.718401  0.811217  0.770988  0.393238  0.577618 
2  0.776898  0.571240 0.0  0.054314  0.060427  0.252353  0.443214  0.472405  0.167269  0.024738  0.412766  0.771824  0.052825  0.243507  0.141570  0.623304  0.302200  0.294316  0.220010  0.619093  0.115194  0.698843  0.059845  0.158956  0.014236  0.358547  0.181457  0.307610  0.876979  0.297701  0.372837  0.262011  0.033202  0.409517  0.000000  0.261535  0.274431  0.532329  0.255198  0.488545  0.351479  0.280738  0.149922  0.369801  0.382096  0.363043  0.277097  0.293474  0.250766  0.316992  0.369938  0.342594  0.446753  0.000000  0.382950  0.394987  0.354029  0.393381  0.497178  0.129189  0.466078  0.338133  0.392795  0.341032  0.144771  0.049666  0.444037  0.775793  0.064157  0.329577  0.303781  0.368555  0.364645  0.358206  0.193297  0.272450  0.464328  0.419024  0.262628  0.675604  0.059181  0.461076  0.267265  0.333442  0.355669  0.313359  0.326384  0.451358  0.082712  0.307459  0.289932  0.365793  0.581408  0.256644  0.248200  0.467468  0.416235  0.497569  0.015077 
3  0.777524  0.545979  0.054314 0.0  0.000000  0.237491  0.425731  0.516724  0.071286  0.132165  0.459119  0.799675  0.174084  0.439152  0.260150  0.641734  0.219241  0.265124  0.407278  0.500762  0.120075  0.743063  0.196502  0.065431  0.002291  0.362106  0.183871  0.351769  0.941338  0.276188  0.383764  0.189562  0.250654  0.407117  0.004914  0.427308  0.329165  0.484306  0.437777  0.569825  0.255969  0.322224  0.128754  0.225352  0.370839  0.215109  0.370456  0.491954  0.187282  0.278645  0.411491  0.309473  0.580786  0.098815  0.332556  0.355011  0.435177  0.405868  0.511539  0.112250  0.569413  0.345265  0.251352  0.443316  0.057309  0.107759  0.528714  0.804600  0.141402  0.425391  0.213063  0.184060  0.282391  0.370758  0.064082  0.348580  0.318312  0.475014  0.409348  0.659779  0.217684  0.689781  0.214379  0.446210  0.325333  0.321569  0.390443  0.468703  0.219919  0.331306  0.281403  0.274217  0.581910  0.220856  0.309377  0.343354  0.402245  0.555804  0.025739 
4  0.805002  0.638710  0.060427  0.000000 0.0  0.398775  0.323731  0.457032  0.119971  0.044285  0.364923  0.791581  0.060136  0.236988  0.182730  0.637063  0.220625  0.268417  0.201673  0.674770  0.063123  0.706171  0.111708  0.000000  0.183982  0.336075  0.101657  0.303507  0.726494  0.219597  0.325037  0.147576  0.111006  0.299253  0.171812  0.356439  0.322240  0.463829  0.356900  0.506758  0.422617  0.484315  0.142205  0.261419  0.300042  0.324600  0.349072  0.306432  0.238346  0.319386  0.382984  0.381098  0.501259  0.176582  0.360160  0.377065  0.410623  0.322934  0.560990  0.114911  0.534602  0.401502  0.425813  0.299385  0.231347  0.219914  0.400826  0.698726  0.126960  0.268719  0.232654  0.246367  0.380456  0.280506  0.163870  0.314679  0.431011  0.274530  0.226853  0.781397  0.199022  0.487367  0.453568  0.438917  0.409977  0.308990  0.347272  0.432619  0.000000  0.308484  0.450226  0.435071  0.697106  0.264623  0.324068  0.331057  0.470997  0.569432  0.215119 
5  0.510871  0.843370  0.252353  0.237491  0.398775 0.0  0.451655  0.496326  0.357836  0.280392  0.044432  0.809335  0.296197  0.136737  0.462507  0.290277  0.292043  0.257163  0.259444  0.374761  0.258690  0.438164  0.270310  0.335284  0.288979  0.113325  0.400724  0.442465  0.581695  0.197289  0.497114  0.459838  0.362174  0.465850  0.350770  0.518206  0.463505  0.427042  0.462537  0.706829  0.200365  0.379612  0.427497  0.533477  0.357312  0.530560  0.174391  0.517857  0.377261  0.397941  0.237282  0.517480  0.736798  0.355764  0.480104  0.366828  0.420569  0.487836  0.735750  0.316129  0.494209  0.487625  0.424571  0.201468  0.352822  0.329852  0.445819  0.446580  0.331304  0.552160  0.210683  0.241788  0.508788  0.136322  0.452919  0.623758  0.127945  0.078773  0.393375  0.793876  0.353283  0.744844  0.609083  0.082754  0.368689  0.479582  0.145029  0.463744  0.317359  0.387146  0.394916  0.371997  0.546701  0.275938  0.241730  0.179119  0.206394  0.385834  0.176903 
6  0.849090  0.964915  0.443214  0.425731  0.323731  0.451655 0.0  0.578406  0.316806  0.296749  0.213305  0.491604  0.274718  0.235895  0.324427  0.619773  0.299513  0.221549  0.306042  0.608833  0.240651  0.751438  0.484365  0.372873  0.521727  0.508793  0.439287  0.096410  0.770023  0.239753  0.287591  0.465386  0.339515  0.190180  0.370752  0.289502  0.252555  0.500661  0.208250  0.432449  0.493116  0.136666  0.463039  0.141352  0.240574  0.239560  0.514215  0.226241  0.294045  0.191601  0.487632  0.259632  0.662596  0.390692  0.148154  0.207181  0.197043  0.282979  0.737203  0.387680  0.517859  0.184195  0.096080  0.275260  0.348163  0.390733  0.451929  0.820739  0.274732  0.448752  0.273549  0.219550  0.138329  0.208122  0.452454  0.255567  0.415591  0.362916  0.141903  0.641889  0.339138  0.669455  0.544861  0.403400  0.015563  0.206366  0.446763  0.461854  0.328794  0.227482  0.196734  0.124570  0.272265  0.352770  0.238139  0.442354  0.473256  0.496941  0.370577 
7  0.471316  0.577460  0.472405  0.516724  0.457032  0.496326  0.578406 0.0  0.535326  0.398225  0.447667  0.632063  0.512965  0.410875  0.562059  0.495262  0.412468  0.531235  0.565159  0.377841  0.398568  0.519901  0.494943  0.433505  0.528499  0.487816  0.526912  0.526981  0.395341  0.542288  0.561899  0.454513  0.417016  0.368140  0.528454  0.535276  0.355834  0.451242  0.345192  0.402591  0.447545  0.478117  0.477437  0.443826  0.437663  0.351001  0.473438  0.455121  0.510776  0.455774  0.424081  0.498018  0.520750  0.474804  0.436217  0.516137  0.612686  0.517131  0.495388  0.465829  0.389001  0.467074  0.451077  0.463021  0.315126  0.463548  0.388621  0.465790  0.613407  0.454885  0.465349  0.469156  0.505126  0.422837  0.448060  0.488987  0.523532  0.585614  0.510189  0.490192  0.394287  0.497424  0.474266  0.417879  0.448350  0.403280  0.400291  0.530408  0.389433  0.472517  0.471446  0.435887  0.432322  0.517990  0.451558  0.527188  0.467174  0.469971  0.417874 
8  0.764723  0.619257  0.167269  0.071286  0.119971  0.357836  0.316806  0.535326 0.0  0.146469  0.417191  0.811181  0.096661  0.350261  0.197270  0.574314  0.249322  0.355017  0.288760  0.616699  0.102369  0.920991  0.107151  0.034047  0.198445  0.487961  0.076871  0.425658  0.765298  0.178775  0.487088  0.218740  0.128502  0.427881  0.091394  0.361596  0.382868  0.491542  0.414393  0.578412  0.393436  0.255080  0.211997  0.388014  0.461033  0.481945  0.421164  0.446447  0.205230  0.453556  0.406006  0.362432  0.606945  0.245993  0.449522  0.401644  0.405316  0.474830  0.464047  0.157605  0.435120  0.443145  0.415567  0.355793  0.136176  0.264465  0.484027  0.856412  0.126041  0.406842  0.243435  0.275393  0.460235  0.390131  0.102218  0.357224  0.307030  0.315993  0.258032  0.800748  0.221168  0.488607  0.388934  0.394371  0.385761  0.368658  0.497989  0.582938  0.101274  0.426134  0.464228  0.381149  0.588195  0.408586  0.184977  0.452207  0.366648  0.417073  0.143252 
9  0.842954  0.445384  0.024738  0.132165  0.044285  0.280392  0.296749  0.398225  0.146469 0.0  0.472943  0.844075  0.251580  0.389389  0.163537  0.543957  0.154806  0.324628  0.187527  0.664946  0.182808  0.811275  0.111242  0.080102  0.150555  0.341714  0.150652  0.317492  0.833258  0.250619  0.286848  0.152170  0.316043  0.335102  0.000000  0.284714  0.259990  0.493325  0.320527  0.561929  0.239995  0.274775  0.156120  0.264905  0.293478  0.351130  0.435699  0.220653  0.355692  0.369589  0.384737  0.328583  0.563360  0.205167  0.307948  0.278376  0.272939  0.213972  0.363112  0.086226  0.391720  0.221821  0.322202  0.523100  0.007754  0.007811  0.381646  0.917109  0.246373  0.471508  0.259834  0.297655  0.358754  0.407306  0.041600  0.369360  0.328959  0.341690  0.280927  0.729962  0.169672  0.579888  0.334858  0.409261  0.332690  0.298471  0.371668  0.516705  0.215772  0.266183  0.355072  0.298539  0.531145  0.216311  0.397952  0.319496  0.348660  0.439332  0.051011 
10  0.534554  0.841028  0.412766  0.459119  0.364923  0.044432  0.213305  0.447667  0.417191  0.472943 0.0  0.714033  0.430671  0.298228  0.415559  0.381130  0.226982  0.229566  0.203142  0.407876  0.564973  0.538597  0.609054  0.299184  0.188799  0.118509  0.384719  0.289695  0.631691  0.376340  0.221480  0.314977  0.479793  0.328955  0.380233  0.358071  0.345309  0.492547  0.407178  0.539682  0.000000  0.334770  0.380618  0.503572  0.363854  0.260691  0.046234  0.317804  0.287651  0.333555  0.000000  0.302345  0.850651  0.616963  0.312949  0.358211  0.369498  0.337948  0.700431  0.307823  0.544317  0.333053  0.302855  0.284386  0.267176  0.276668  0.422409  0.512059  0.460285  0.675865  0.305785  0.176666  0.491336  0.190273  0.411800  0.408942  0.115762  0.218445  0.345386  0.698587  0.509023  0.980945  0.431840  0.180436  0.321548  0.397630  0.041076  0.611803  0.510453  0.313791  0.409677  0.276005  0.426371  0.275184  0.237397  0.066434  0.161030  0.441924  0.332736 
11  0.785887  0.779176  0.771824  0.799675  0.791581  0.809335  0.491604  0.632063  0.811181  0.844075  0.714033 0.0  0.751846  0.808170  0.772868  0.634027  0.673916  0.698482  0.704822  0.550419  0.893878  0.419543  0.713094  0.666528  0.905732  0.785306  0.727624  0.448536  0.326213  0.572631  0.500514  0.758608  0.710483  0.432251  0.663166  0.583813  0.410415  0.537653  0.419573  0.126765  0.735385  0.571639  0.765524  0.489703  0.486063  0.515101  0.777771  0.460663  0.686293  0.535089  0.838765  0.410471  0.310475  0.664710  0.517759  0.461325  0.545773  0.390143  0.809041  0.925287  0.405117  0.468271  0.485380  0.834997  0.761179  0.893318  0.486717  0.412154  0.808453  0.549755  0.628032  0.659493  0.465492  0.756114  0.773375  0.475279  0.834675  0.758905  0.556000  0.000000  0.788672  0.804805  0.741251  0.830410  0.582981  0.514036  0.768199  0.523765  0.769155  0.426064  0.531442  0.628437  0.487281  0.662905  0.736061  0.705681  0.765983  0.470063  0.916627 
12  0.827180  0.394682  0.052825  0.174084  0.060136  0.296197  0.274718  0.512965  0.096661  0.251580  0.430671  0.751846 0.0  0.429811  0.074884  0.610638  0.302212  0.374735  0.307162  0.531108  0.163687  0.679511  0.127467  0.040221  0.168827  0.302235  0.117685  0.384288  0.914193  0.327475  0.384092  0.222858  0.231114  0.377928  0.081408  0.402323  0.258143  0.557189  0.322227  0.577883  0.375166  0.411596  0.099695  0.326720  0.266600  0.357866  0.302758  0.328628  0.168515  0.302400  0.421448  0.351002  0.667765  0.228881  0.401160  0.409197  0.313137  0.327004  0.469072  0.204289  0.428485  0.298234  0.234012  0.584938  0.136856  0.076051  0.513716  0.905910  0.093740  0.456756  0.164759  0.189018  0.340142  0.519791  0.229685  0.327600  0.376836  0.438321  0.253055  0.690564  0.201776  0.641379  0.281102  0.384702  0.351033  0.368502  0.394768  0.431960  0.115564  0.514346  0.335059  0.260068  0.543545  0.250027  0.371037  0.342880  0.494827  0.627429  0.047479 
13  0.622532  0.869500  0.243507  0.439152  0.236988  0.136737  0.235895  0.410875  0.350261  0.389389  0.298228  0.808170  0.429811 0.0  0.372264  0.316109  0.304347  0.211866  0.221873  0.281395  0.513654  0.414601  0.504264  0.309493  0.245749  0.015977  0.353085  0.332327  0.623890  0.328582  0.285049  0.358286  0.460271  0.415095  0.448362  0.330013  0.349364  0.565691  0.375618  0.569662  0.072660  0.367187  0.382645  0.355359  0.406854  0.422653  0.000000  0.460124  0.237115  0.254425  0.037857  0.272101  0.998582  0.533910  0.431067  0.426336  0.334576  0.295844  0.674677  0.370719  0.484646  0.319701  0.355450  0.257460  0.259833  0.392351  0.478600  0.673083  0.508915  0.838261  0.214904  0.228580  0.375084  0.284261  0.395957  0.404002  0.118133  0.268817  0.228505  0.813830  0.469492  0.877045  0.556709  0.148172  0.441927  0.401730  0.000000  0.411739  0.456698  0.333098  0.296998  0.395365  0.520150  0.352448  0.267529  0.085518  0.073589  0.410303  0.397527 
14  0.798639  0.570340  0.141570  0.260150  0.182730  0.462507  0.324427  0.562059  0.197270  0.163537  0.415559  0.772868  0.074884  0.372264 0.0  0.532481  0.356338  0.235298  0.284338  0.583237  0.144964  0.675811  0.090776  0.078860  0.132468  0.447434  0.145113  0.395936  0.786913  0.271578  0.364185  0.105428  0.073738  0.423153  0.054381  0.463048  0.390528  0.540544  0.403075  0.526328  0.303342  0.465953  0.171698  0.383530  0.318901  0.347157  0.479205  0.502599  0.192174  0.352412  0.440035  0.436330  0.530963  0.212264  0.377152  0.392554  0.422638  0.431741  0.660883  0.021730  0.486039  0.371712  0.443882  0.318525  0.091285  0.058296  0.415192  0.826177  0.075774  0.370805  0.243234  0.318623  0.419886  0.431421  0.098997  0.454878  0.328823  0.359837  0.201861  0.718210  0.130948  0.433664  0.328587  0.282755  0.386818  0.355542  0.424873  0.408784  0.194204  0.504107  0.312228  0.284045  0.685914  0.354794  0.191716  0.460132  0.396439  0.494477  0.176643 
15  0.249023  0.643929  0.623304  0.641734  0.637063  0.290277  0.619773  0.495262  0.574314  0.543957  0.381130  0.634027  0.610638  0.316109  0.532481 0.0  0.406490  0.590686  0.515814  0.376937  0.644894  0.337602  0.614110  0.654835  0.614294  0.312538  0.528162  0.578908  0.451221  0.560319  0.625603  0.636389  0.613205  0.591795  0.688706  0.622667  0.615911  0.614159  0.688370  0.635670  0.333591  0.556268  0.524234  0.643524  0.608307  0.529912  0.373354  0.597261  0.539868  0.568664  0.365025  0.507737  0.599356  0.623245  0.723374  0.609622  0.554464  0.713230  0.609009  0.735221  0.434725  0.565584  0.642520  0.344706  0.709883  0.586636  0.507915  0.349625  0.683230  0.679402  0.445346  0.576606  0.638364  0.363332  0.522642  0.698983  0.332135  0.385006  0.366597  0.492150  0.647066  0.682921  0.681454  0.325864  0.509428  0.696541  0.270583  0.450957  0.632672  0.564496  0.629988  0.635989  0.678932  0.454077  0.538349  0.370356  0.347993  0.474938  0.563541 
16  0.652034  0.624728  0.302200  0.219241  0.220625  0.292043  0.299513  0.412468  0.249322  0.154806  0.226982  0.673916  0.302212  0.304347  0.356338  0.406490 0.0  0.248053  0.305989  0.566893  0.305147  0.613515  0.300860  0.175231  0.363534  0.286324  0.322557  0.325062  0.654237  0.295603  0.263183  0.242653  0.283201  0.392841  0.221921  0.191987  0.280122  0.502211  0.303058  0.554117  0.225778  0.225618  0.323913  0.323838  0.169687  0.240331  0.218486  0.397305  0.341682  0.218820  0.231348  0.274160  0.731337  0.287951  0.339918  0.419602  0.292202  0.357219  0.776073  0.234782  0.457054  0.214293  0.192263  0.159220  0.215994  0.280596  0.550411  0.718417  0.305118  0.514638  0.232541  0.248550  0.216350  0.292509  0.153092  0.271459  0.362026  0.238833  0.239187  0.707385  0.326833  0.646338  0.585492  0.347546  0.127119  0.237531  0.255898  0.395832  0.276512  0.273104  0.301767  0.233281  0.422440  0.327271  0.292019  0.211752  0.305382  0.461787  0.291260 
17  0.722401  0.722177  0.294316  0.265124  0.268417  0.257163  0.221549  0.531235  0.355017  0.324628  0.229566  0.698482  0.374735  0.211866  0.235298  0.590686  0.248053 0.0  0.345552  0.451688  0.328303  0.612090  0.274717  0.194336  0.278246  0.173494  0.316616  0.173490  0.639584  0.282718  0.298046  0.336531  0.294845  0.348136  0.298083  0.404521  0.162623  0.435948  0.282805  0.574551  0.245237  0.228578  0.178802  0.385333  0.286929  0.285167  0.365163  0.426477  0.303434  0.237048  0.239216  0.315265  0.676396  0.452733  0.308457  0.243464  0.347410  0.318815  0.644687  0.294118  0.524397  0.437610  0.169410  0.255348  0.237188  0.222485  0.526477  0.698014  0.241810  0.510467  0.244024  0.240907  0.208538  0.255689  0.218558  0.213882  0.231441  0.243069  0.344773  0.716171  0.256073  0.710896  0.434487  0.193063  0.317154  0.166157  0.230747  0.455803  0.182223  0.248382  0.304502  0.280329  0.453211  0.306555  0.222230  0.317869  0.276099  0.457960  0.285711 
18  0.708937  0.707685  0.220010  0.407278  0.201673  0.259444  0.306042  0.565159  0.288760  0.187527  0.203142  0.704822  0.307162  0.221873  0.284338  0.515814  0.305989  0.345552 0.0  0.474733  0.297691  0.728294  0.273985  0.263049  0.239782  0.300668  0.341561  0.286412  0.691098  0.278530  0.240072  0.248610  0.298735  0.246003  0.300715  0.289457  0.250260  0.412657  0.296176  0.519787  0.358399  0.293400  0.252686  0.104520  0.288071  0.246954  0.315075  0.205206  0.342839  0.354572  0.220693  0.264319  0.696893  0.257109  0.269573  0.245759  0.246783  0.215837  0.614420  0.299757  0.457923  0.254897  0.320769  0.305966  0.149283  0.289275  0.526665  0.633822  0.233875  0.411016  0.321910  0.237478  0.253265  0.327745  0.257432  0.305217  0.286848  0.267121  0.270508  0.667542  0.183552  0.741071  0.530139  0.359627  0.188492  0.340471  0.126513  0.498829  0.239002  0.271082  0.303511  0.205319  0.422689  0.305265  0.380491  0.231295  0.267520  0.485626  0.248654 
19  0.428451  0.677467  0.619093  0.500762  0.674770  0.374761  0.608833  0.377841  0.616699  0.664946  0.407876  0.550419  0.531108  0.281395  0.583237  0.376937  0.566893  0.451688  0.474733 0.0  0.566105  0.336575  0.611471  0.716358  0.566218  0.410608  0.703126  0.652916  0.345734  0.444225  0.574319  0.663342  0.595735  0.605313  0.669155  0.599567  0.636036  0.526045  0.486854  0.653652  0.327782  0.636161  0.629424  0.522800  0.577515  0.655367  0.404301  0.559198  0.556741  0.585505  0.270138  0.551761  0.650081  0.619411  0.697785  0.606798  0.660203  0.517922  0.651110  0.606381  0.345818  0.608709  0.601986  0.264039  0.603674  0.683759  0.442658  0.445112  0.650872  0.616172  0.422190  0.478660  0.642389  0.432663  0.652838  0.628544  0.373805  0.342895  0.373585  0.714071  0.673946  0.743541  0.657263  0.289108  0.529069  0.554601  0.331328  0.482318  0.600722  0.625829  0.702603  0.674986  0.720597  0.440764  0.494912  0.374821  0.394653  0.534667  0.706501 
20  0.857722  0.453800  0.115194  0.120075  0.063123  0.258690  0.240651  0.398568  0.102369  0.182808  0.564973  0.893878  0.163687  0.513654  0.144964  0.644894  0.305147  0.328303  0.297691  0.566105 0.0  0.728491  0.228941  0.040202  0.104807  0.376475  0.070620  0.320013  0.995512  0.313581  0.304288  0.060486  0.141142  0.373682  0.019102  0.315443  0.206118  0.413028  0.374034  0.522635  0.338752  0.347869  0.159796  0.272821  0.349737  0.367103  0.327973  0.397621  0.316306  0.384315  0.319040  0.272747  0.610174  0.205960  0.352238  0.408918  0.331394  0.304623  0.510203  0.109373  0.434354  0.354068  0.288393  0.492925  0.004736  0.112050  0.496534  0.844972  0.101194  0.496690  0.305789  0.275499  0.434493  0.500147  0.214359  0.310317  0.464123  0.464858  0.316714  0.757673  0.168369  0.481075  0.304750  0.412523  0.247778  0.299595  0.329538  0.479867  0.224694  0.305949  0.350091  0.306641  0.395480  0.179175  0.209930  0.315636  0.444921  0.549281  0.086182 
21  0.600805  0.768547  0.698843  0.743063  0.706171  0.438164  0.751438  0.519901  0.920991  0.811275  0.538597  0.419543  0.679511  0.414601  0.675811  0.337602  0.613515  0.612090  0.728294  0.336575  0.728491 0.0  0.775692  0.848575  0.765847  0.526254  0.918614  0.784945  0.152315  0.625282  0.744690  0.841831  0.626643  0.728933  0.735525  0.741087  0.903054  0.525562  0.696298  0.514993  0.444275  0.816796  0.915330  0.785916  0.718160  0.832556  0.560228  0.793880  0.637925  0.787221  0.462290  0.807410  0.308182  0.744444  0.849550  0.634372  0.762300  0.797869  0.839257  0.737492  0.490610  0.744888  0.714076  0.365715  0.715603  0.600054  0.449420  0.000000  0.730653  0.557294  0.748330  0.645117  0.773399  0.534289  0.791286  0.778085  0.618774  0.465863  0.664036  0.238800  0.695769  0.775306  0.547394  0.451720  0.834586  0.731232  0.519913  0.507008  0.681112  0.693264  0.838365  0.878489  0.646366  0.707777  0.705662  0.562952  0.574177  0.555095  0.772996 
22  0.809610  0.548264  0.059845  0.196502  0.111708  0.270310  0.484365  0.494943  0.107151  0.111242  0.609054  0.713094  0.127467  0.504264  0.090776  0.614110  0.300860  0.274717  0.273985  0.611471  0.228941  0.775692 0.0  0.098881  0.007547  0.278637  0.254806  0.374174  0.907756  0.260100  0.396558  0.215576  0.336107  0.354923  0.025595  0.345926  0.360034  0.554924  0.356937  0.646837  0.496741  0.421690  0.169666  0.438642  0.364094  0.297864  0.417694  0.374758  0.270908  0.337276  0.308094  0.284547  0.612706  0.246139  0.332840  0.377728  0.296989  0.412387  0.393532  0.052889  0.566665  0.443785  0.384577  0.421677  0.047338  0.111298  0.481849  0.875804  0.204277  0.344825  0.349029  0.347662  0.385491  0.419008  0.165787  0.377088  0.454946  0.530581  0.258129  0.701614  0.167324  0.680482  0.310059  0.500114  0.304366  0.380639  0.300194  0.500847  0.208406  0.385673  0.333163  0.368531  0.615172  0.193924  0.236296  0.177484  0.456664  0.521369  0.118370 
23  0.825105  0.587891  0.158956  0.065431  0.000000  0.335284  0.372873  0.433505  0.034047  0.080102  0.299184  0.666528  0.040221  0.309493  0.078860  0.654835  0.175231  0.194336  0.263049  0.716358  0.040202  0.848575  0.098881 0.0  0.113622  0.298486  0.076050  0.373979  0.715014  0.299640  0.274445  0.130763  0.059834  0.387484  0.130238  0.275009  0.300893  0.318795  0.250033  0.477250  0.305221  0.354379  0.148275  0.354698  0.368856  0.330846  0.511530  0.215004  0.262822  0.364736  0.330434  0.439601  0.510422  0.050226  0.367685  0.268811  0.353612  0.373603  0.434663  0.074201  0.519526  0.389383  0.269625  0.400860  0.109068  0.083502  0.508307  0.786891  0.010414  0.283019  0.237963  0.351127  0.365694  0.379411  0.085700  0.328757  0.327006  0.258577  0.225471  0.803082  0.001290  0.489077  0.305274  0.340528  0.295087  0.371973  0.272369  0.574207  0.101916  0.379925  0.472997  0.427954  0.645962  0.297805  0.183479  0.373776  0.478285  0.506240  0.000000 
24  0.801709  0.476520  0.014236  0.002291  0.183982  0.288979  0.521727  0.528499  0.198445  0.150555  0.188799  0.905732  0.168827  0.245749  0.132468  0.614294  0.363534  0.278246  0.239782  0.566218  0.104807  0.765847  0.007547  0.113622 0.0  0.389348  0.187531  0.278017  0.691266  0.209249  0.309390  0.110304  0.016913  0.368506  0.061467  0.275442  0.401061  0.564149  0.352971  0.513838  0.337975  0.463532  0.100039  0.436616  0.276428  0.413294  0.327772  0.431558  0.252186  0.454956  0.331660  0.297555  0.504549  0.134106  0.316835  0.298788  0.200064  0.262424  0.594402  0.264159  0.489747  0.347178  0.385039  0.301417  0.288393  0.249639  0.589126  0.878848  0.005710  0.403076  0.198428  0.229581  0.330007  0.223666  0.173745  0.381428  0.434487  0.323934  0.302458  0.764200  0.114532  0.408241  0.408288  0.328214  0.499036  0.346719  0.364203  0.499346  0.006114  0.290076  0.426112  0.387972  0.703713  0.202028  0.293805  0.332814  0.440314  0.470104  0.220246 
25  0.571831  0.773046  0.358547  0.362106  0.336075  0.113325  0.508793  0.487816  0.487961  0.341714  0.118509  0.785306  0.302235  0.015977  0.447434  0.312538  0.286324  0.173494  0.300668  0.410608  0.376475  0.526254  0.278637  0.298486  0.389348 0.0  0.305357  0.476229  0.600427  0.223137  0.553718  0.432792  0.272806  0.438036  0.264768  0.449226  0.430961  0.533551  0.504898  0.729100  0.252524  0.377676  0.488218  0.501991  0.372958  0.532181  0.281255  0.509810  0.314446  0.458533  0.162848  0.508002  0.693039  0.458352  0.451969  0.468205  0.569068  0.505792  0.846180  0.523537  0.497551  0.440744  0.378378  0.000000  0.474825  0.403692  0.411550  0.495064  0.411364  0.633443  0.228578  0.205184  0.535122  0.153006  0.398071  0.568776  0.096214  0.028888  0.325571  0.825391  0.309845  0.849343  0.582417  0.154548  0.264165  0.466008  0.199950  0.605158  0.341272  0.484340  0.501367  0.265103  0.516165  0.322765  0.267442  0.311520  0.115094  0.437283  0.266014 
26  0.866767  0.540723  0.181457  0.183871  0.101657  0.400724  0.439287  0.526912  0.076871  0.150652  0.384719  0.727624  0.117685  0.353085  0.145113  0.528162  0.322557  0.316616  0.341561  0.703126  0.070620  0.918614  0.254806  0.076050  0.187531  0.305357 0.0  0.453047  0.855793  0.387552  0.317991  0.100532  0.006907  0.325905  0.024660  0.358007  0.474987  0.438983  0.344533  0.559736  0.398911  0.459334  0.099611  0.470082  0.481743  0.426865  0.434872  0.334553  0.192169  0.426757  0.426580  0.363980  0.642973  0.176632  0.509260  0.436549  0.380089  0.429939  0.644783  0.000000  0.433410  0.423157  0.466441  0.386841  0.140100  0.133173  0.602612  0.831527  0.165251  0.280357  0.186295  0.291843  0.437853  0.423065  0.207921  0.330665  0.431782  0.469990  0.242276  0.876099  0.152230  0.634507  0.309445  0.493735  0.418770  0.491978  0.495950  0.437776  0.180552  0.320824  0.337960  0.332269  0.688951  0.251638  0.230281  0.464513  0.307841  0.486626  0.127344 
27  0.731454  0.841127  0.307610  0.351769  0.303507  0.442465  0.096410  0.526981  0.425658  0.317492  0.289695  0.448536  0.384288  0.332327  0.395936  0.578908  0.325062  0.173490  0.286412  0.652916  0.320013  0.784945  0.374174  0.373979  0.278017  0.476229  0.453047 0.0  0.686891  0.252943  0.189702  0.460259  0.388156  0.218057  0.324633  0.127646  0.247484  0.461049  0.305617  0.488700  0.457463  0.024024  0.420411  0.093877  0.238421  0.182033  0.484131  0.206403  0.311768  0.163318  0.514368  0.256288  0.805348  0.336805  0.205232  0.254469  0.153442  0.148339  0.781494  0.397787  0.494243  0.160786  0.134347  0.489469  0.361363  0.428178  0.396291  0.704316  0.355392  0.462586  0.376715  0.378411  0.271939  0.360217  0.386613  0.144743  0.415718  0.299372  0.288030  0.735222  0.255224  0.577815  0.522076  0.416598  0.051355  0.221207  0.554554  0.413144  0.323222  0.174763  0.256392  0.120912  0.300753  0.231361  0.375214  0.552028  0.492661  0.499079  0.343194 
28  0.575631  0.783527  0.876979  0.941338  0.726494  0.581695  0.770023  0.395341  0.765298  0.833258  0.631691  0.326213  0.914193  0.623890  0.786913  0.451221  0.654237  0.639584  0.691098  0.345734  0.995512  0.152315  0.907756  0.715014  0.691266  0.600427  0.855793  0.686891 0.0  0.741234  0.791865  0.873619  0.915066  0.712948  0.805263  0.708110  0.726625  0.514222  0.576651  0.605478  0.529820  0.784377  0.920656  0.770478  0.778707  0.662821  0.408732  0.752331  0.682707  0.785175  0.531392  0.788258  0.607516  0.868827  0.670937  0.712250  0.785883  0.823695  0.826176  0.678392  0.536709  0.801490  0.728370  0.606031  0.782029  0.745879  0.452892  0.242841  0.875686  0.626098  0.883369  0.656095  0.683141  0.576758  0.786477  0.842635  0.586713  0.550045  0.604664  0.396797  0.905031  0.936776  0.522612  0.563644  0.794950  0.818273  0.433794  0.590754  0.885424  0.776275  0.781271  0.650914  0.498392  0.594145  0.642446  0.460157  0.508506  0.439844  0.799162 
29  0.650091  0.741945  0.297701  0.276188  0.219597  0.197289  0.239753  0.542288  0.178775  0.250619  0.376340  0.572631  0.327475  0.328582  0.271578  0.560319  0.295603  0.282718  0.278530  0.444225  0.313581  0.625282  0.260100  0.299640  0.209249  0.223137  0.387552  0.252943  0.741234 0.0  0.348161  0.227190  0.230715  0.347004  0.302018  0.260191  0.365491  0.489200  0.244933  0.553228  0.230906  0.312548  0.305990  0.324081  0.244666  0.338914  0.305355  0.236295  0.242698  0.160674  0.340267  0.172717  0.702027  0.244041  0.238820  0.235079  0.285783  0.304240  0.646126  0.292209  0.392303  0.316864  0.290824  0.301323  0.281867  0.350664  0.554241  0.669164  0.235648  0.505879  0.239645  0.233408  0.173780  0.265645  0.275118  0.298497  0.274503  0.143106  0.256818  0.620002  0.215090  0.544528  0.494495  0.353051  0.237099  0.325918  0.213690  0.512447  0.276835  0.294106  0.253855  0.275727  0.577248  0.290721  0.330215  0.225074  0.247276  0.538827  0.183908 
30  0.717725  0.770763  0.372837  0.383764  0.325037  0.497114  0.287591  0.561899  0.487088  0.286848  0.221480  0.500514  0.384092  0.285049  0.364185  0.625603  0.263183  0.298046  0.240072  0.574319  0.304288  0.744690  0.396558  0.274445  0.309390  0.553718  0.317991  0.189702  0.791865  0.348161 0.0  0.358362  0.274391  0.212485  0.319061  0.220788  0.241178  0.571242  0.230268  0.363121  0.488433  0.030566  0.277968  0.345426  0.129754  0.176291  0.437538  0.199893  0.384418  0.258216  0.437372  0.248969  0.819519  0.284639  0.142902  0.182045  0.282207  0.091915  0.830097  0.302529  0.454163  0.209207  0.182936  0.436404  0.425859  0.455311  0.615868  0.676363  0.344524  0.634583  0.331576  0.199541  0.261329  0.371561  0.456278  0.152955  0.385583  0.335581  0.176161  0.563708  0.390607  0.689253  0.520789  0.495335  0.066014  0.198478  0.492540  0.468841  0.316927  0.246698  0.171567  0.000000  0.312875  0.410464  0.262505  0.422043  0.439464  0.574266  0.424009 
31  0.872992  0.548384  0.262011  0.189562  0.147576  0.459838  0.465386  0.454513  0.218740  0.152170  0.314977  0.758608  0.222858  0.358286  0.105428  0.636389  0.242653  0.336531  0.248610  0.663342  0.060486  0.841831  0.215576  0.130763  0.110304  0.432792  0.100532  0.460259  0.873619  0.227190  0.358362 0.0  0.165758  0.432714  0.057531  0.425796  0.412904  0.462521  0.503721  0.559191  0.411370  0.456779  0.195961  0.500515  0.460049  0.391552  0.336803  0.420902  0.345302  0.347221  0.375313  0.408195  0.527287  0.235706  0.327051  0.368821  0.441999  0.405890  0.502353  0.100595  0.550293  0.365421  0.493165  0.418774  0.158196  0.237114  0.454751  0.803038  0.120964  0.171704  0.314988  0.374033  0.346931  0.439409  0.113094  0.403291  0.453825  0.486190  0.375942  0.791356  0.195283  0.559677  0.319552  0.438002  0.381942  0.387694  0.432004  0.537661  0.198924  0.494568  0.402159  0.464263  0.655006  0.194406  0.181316  0.392667  0.482919  0.422124  0.110317 
32  0.864033  0.555154  0.033202  0.250654  0.111006  0.362174  0.339515  0.417016  0.128502  0.316043  0.479793  0.710483  0.231114  0.460271  0.073738  0.613205  0.283201  0.294845  0.298735  0.595735  0.141142  0.626643  0.336107  0.059834  0.016913  0.272806  0.006907  0.388156  0.915066  0.230715  0.274391  0.165758 0.0  0.388906  0.094023  0.412184  0.311892  0.446789  0.290043  0.657435  0.345276  0.215997  0.059634  0.354917  0.412763  0.376689  0.415716  0.428132  0.238872  0.359842  0.319768  0.263478  0.587247  0.092369  0.376067  0.320799  0.376406  0.261919  0.400091  0.060541  0.519148  0.303408  0.373745  0.420669  0.176215  0.000000  0.472871  0.919188  0.174271  0.235564  0.216504  0.289122  0.326539  0.413040  0.092697  0.262388  0.420237  0.451997  0.302371  0.699112  0.187520  0.626823  0.220406  0.501913  0.346854  0.335099  0.344385  0.475188  0.269921  0.307657  0.451987  0.206305  0.526015  0.203978  0.389204  0.468691  0.393809  0.487746  0.059829 
33  0.803058  0.855901  0.409517  0.407117  0.299253  0.465850  0.190180  0.368140  0.427881  0.335102  0.328955  0.432251  0.377928  0.415095  0.423153  0.591795  0.392841  0.348136  0.246003  0.605313  0.373682  0.728933  0.354923  0.387484  0.368506  0.438036  0.325905  0.218057  0.712948  0.347004  0.212485  0.432714  0.388906 0.0  0.347092  0.168166  0.247107  0.508037  0.235587  0.510065  0.613179  0.069320  0.346510  0.295132  0.167749  0.197342  0.498211  0.134687  0.240342  0.158253  0.454373  0.086683  0.729862  0.388714  0.171855  0.185415  0.156706  0.080378  0.750454  0.369575  0.439639  0.253774  0.251480  0.415492  0.296451  0.254169  0.433171  0.823973  0.301268  0.485405  0.289283  0.266811  0.350427  0.290492  0.413425  0.302652  0.514496  0.394993  0.291154  0.772273  0.331913  0.739992  0.600460  0.489844  0.153193  0.182568  0.411437  0.275173  0.240194  0.158408  0.239906  0.087700  0.224259  0.170884  0.330102  0.528292  0.431068  0.503433  0.401972 
34  0.782522  0.535553  0.000000  0.004914  0.171812  0.350770  0.370752  0.528454  0.091394  0.000000  0.380233  0.663166  0.081408  0.448362  0.054381  0.688706  0.221921  0.298083  0.300715  0.669155  0.019102  0.735525  0.025595  0.130238  0.061467  0.264768  0.024660  0.324633  0.805263  0.302018  0.319061  0.057531  0.094023  0.347092 0.0  0.319296  0.250720  0.429956  0.379968  0.489864  0.308447  0.351400  0.025460  0.266837  0.319500  0.278861  0.276125  0.280347  0.281136  0.268035  0.265978  0.356929  0.512859  0.062772  0.356757  0.446604  0.236131  0.375267  0.463327  0.000000  0.503397  0.334883  0.289455  0.286827  0.008054  0.114420  0.433573  0.775879  0.000000  0.294033  0.362061  0.461228  0.345173  0.358030  0.111947  0.249482  0.446556  0.395163  0.224356  0.903314  0.000000  0.501513  0.218518  0.374404  0.371742  0.328297  0.426361  0.475799  0.024824  0.408094  0.383552  0.424003  0.466645  0.394531  0.127243  0.263103  0.419192  0.372319  0.000000 
35  0.687623  0.807359  0.261535  0.427308  0.356439  0.518206  0.289502  0.535276  0.361596  0.284714  0.358071  0.583813  0.402323  0.330013  0.463048  0.622667  0.191987  0.404521  0.289457  0.599567  0.315443  0.741087  0.345926  0.275009  0.275442  0.449226  0.358007  0.127646  0.708110  0.260191  0.220788  0.425796  0.412184  0.168166  0.319296 0.0  0.254236  0.324881  0.260799  0.355415  0.457820  0.075735  0.320677  0.175663  0.273478  0.233401  0.480107  0.165817  0.332592  0.142299  0.465420  0.198069  0.724651  0.240582  0.209345  0.246284  0.245333  0.178824  0.779133  0.405413  0.413573  0.091309  0.176680  0.366929  0.242526  0.312410  0.473115  0.655073  0.448427  0.515328  0.318436  0.136828  0.215210  0.310608  0.411756  0.204398  0.472496  0.346965  0.398953  0.622086  0.332073  0.794021  0.622666  0.429371  0.088011  0.279288  0.521130  0.407355  0.318413  0.267635  0.174565  0.055712  0.304699  0.301729  0.312502  0.538251  0.357363  0.422630  0.384106 
36  0.760327  0.705133  0.274431  0.329165  0.322240  0.463505  0.252555  0.355834  0.382868  0.259990  0.345309  0.410415  0.258143  0.349364  0.390528  0.615911  0.280122  0.162623  0.250260  0.636036  0.206118  0.903054  0.360034  0.300893  0.401061  0.430961  0.474987  0.247484  0.726625  0.365491  0.241178  0.412904  0.311892  0.247107  0.250720  0.254236 0.0  0.504264  0.138784  0.359020  0.461446  0.121781  0.507054  0.110375  0.200839  0.194373  0.407434  0.295706  0.232415  0.118243  0.489867  0.180600  0.764719  0.344200  0.141335  0.157290  0.136162  0.135246  0.762014  0.359334  0.622769  0.214387  0.226020  0.301644  0.378924  0.402308  0.482947  0.610042  0.300223  0.524491  0.321093  0.179133  0.116069  0.339502  0.321659  0.311724  0.346886  0.322521  0.211671  0.636232  0.356044  0.807567  0.429787  0.449792  0.174507  0.297461  0.516353  0.491484  0.255523  0.119300  0.237449  0.003239  0.243788  0.134766  0.304972  0.407216  0.463711  0.453175  0.271661 
37  0.536885  0.568107  0.532329  0.484306  0.463829  0.427042  0.500661  0.451242  0.491542  0.493325  0.492547  0.537653  0.557189  0.565691  0.540544  0.614159  0.502211  0.435948  0.412657  0.526045  0.413028  0.525562  0.554924  0.318795  0.564149  0.533551  0.438983  0.461049  0.514222  0.489200  0.571242  0.462521  0.446789  0.508037  0.429956  0.324881  0.504264 0.0  0.574348  0.501749  0.567836  0.448331  0.423092  0.513575  0.449893  0.447701  0.543221  0.483636  0.496107  0.442228  0.431562  0.513600  0.456509  0.512788  0.498324  0.467631  0.551421  0.446060  0.516062  0.431908  0.385610  0.566883  0.430559  0.552550  0.592623  0.504793  0.460476  0.386377  0.482998  0.460801  0.446904  0.462123  0.408749  0.450759  0.440716  0.454768  0.515371  0.451699  0.426459  0.607124  0.471692  0.421217  0.362126  0.456597  0.454130  0.546680  0.522121  0.442971  0.445341  0.556874  0.482260  0.527181  0.455521  0.545339  0.444088  0.551131  0.528266  0.496328  0.572706 
38  0.858044  0.851518  0.255198  0.437777  0.356900  0.462537  0.208250  0.345192  0.414393  0.320527  0.407178  0.419573  0.322227  0.375618  0.403075  0.688370  0.303058  0.282805  0.296176  0.486854  0.374034  0.696298  0.356937  0.250033  0.352971  0.504898  0.344533  0.305617  0.576651  0.244933  0.230268  0.503721  0.290043  0.235587  0.379968  0.260799  0.138784  0.574348 0.0  0.345221  0.449155  0.096046  0.403602  0.159378  0.156087  0.174149  0.475145  0.194711  0.333870  0.241740  0.330993  0.199380  0.696015  0.303019  0.151238  0.102622  0.016719  0.194122  0.788215  0.297231  0.461760  0.295178  0.288120  0.349557  0.315644  0.367880  0.439776  0.856772  0.426919  0.529000  0.259238  0.252361  0.307952  0.395631  0.298688  0.224002  0.470071  0.303981  0.326275  0.660090  0.396891  0.751723  0.475927  0.432839  0.030905  0.156558  0.376710  0.389482  0.433139  0.137068  0.267644  0.107500  0.328299  0.300903  0.233806  0.446661  0.317873  0.469644  0.414175 
39  0.574629  0.690002  0.488545  0.569825  0.506758  0.706829  0.432449  0.402591  0.578412  0.561929  0.539682  0.126765  0.577883  0.569662  0.526328  0.635670  0.554117  0.574551  0.519787  0.653652  0.522635  0.514993  0.646837  0.477250  0.513838  0.729100  0.559736  0.488700  0.605478  0.553228  0.363121  0.559191  0.657435  0.510065  0.489864  0.355415  0.359020  0.501749  0.345221 0.0  0.651644  0.333712  0.630678  0.474052  0.517489  0.445591  0.736524  0.447904  0.447239  0.400575  0.635364  0.342049  0.502751  0.514829  0.547811  0.487759  0.361793  0.393842  0.560863  0.619873  0.410512  0.384554  0.365310  0.561040  0.571737  0.461902  0.469629  0.650796  0.511696  0.651084  0.483510  0.431628  0.445160  0.576564  0.630364  0.425155  0.640952  0.565014  0.407234  0.323525  0.504545  0.639065  0.534201  0.631756  0.364099  0.355252  0.776958  0.397389  0.477387  0.353272  0.478991  0.329759  0.236650  0.458348  0.530010  0.611288  0.609374  0.425235  0.531768 
