60
0 0.0  0.225137  0.381416  0.111246  0.221081  0.193320  0.287118  0.156738  0.105378  0.264866  0.261471  0.335315  0.230724  0.110683  0.136893  0.388793  0.753862  0.478197  0.102355  0.298388  0.434937  0.174569  0.194990  0.246716  0.817126  0.093978  0.157896  0.197832  0.329591  0.150238  0.186763  0.295207  0.162728  0.141233  0.139414  0.371844  0.153672  0.148174  0.281762  0.341717  0.374120  0.454065  0.264687  0.108296  0.134954  0.271562  0.129682  0.206671  0.216299  0.337322  0.110737  0.488151  0.102964  0.102746  0.358407  0.233978  0.119371  0.160690  0.231448  0.369789 
1  0.225137 0.0  0.262605  0.183836  0.231573  0.125541  0.183334  0.159671  0.240823  0.158962  0.292356  0.144608  0.246264  0.240766  0.153298  0.313684  0.673739  0.244157  0.253874  0.293489  0.364857  0.291131  0.235831  0.103291  0.551821  0.204905  0.277079  0.335188  0.213105  0.268168  0.167586  0.224432  0.300120  0.179556  0.205181  0.191614  0.280338  0.286348  0.290402  0.313410  0.265455  0.363450  0.202065  0.209879  0.274608  0.172274  0.279117  0.168479  0.170816  0.209858  0.250242  0.274772  0.231749  0.271823  0.219564  0.179190  0.293695  0.269865  0.101789  0.217608 
2  0.381416  0.262605 0.0  0.386549  0.452768  0.342593  0.239192  0.324924  0.397522  0.249265  0.454655  0.179005  0.419557  0.461904  0.384111  0.117907  0.449522  0.115912  0.421052  0.458241  0.131669  0.364514  0.383377  0.234882  0.312100  0.464791  0.485719  0.532065  0.163890  0.353251  0.354844  0.136191  0.426679  0.374259  0.371730  0.175354  0.410702  0.513567  0.489060  0.313463  0.132217  0.375936  0.289341  0.347882  0.465133  0.166530  0.466484  0.370285  0.260585  0.180367  0.459782  0.149431  0.416797  0.414068  0.204965  0.354185  0.456020  0.477588  0.199490  0.214782 
3  0.111246  0.183836  0.386549 0.0  0.191954  0.148472  0.282204  0.114447  0.113186  0.264351  0.229893  0.250483  0.222991  0.133063  0.116065  0.382475  0.795951  0.324224  0.130682  0.281151  0.450551  0.173683  0.159681  0.194972  0.627698  0.127125  0.169893  0.253240  0.334877  0.133965  0.178057  0.326897  0.171385  0.137921  0.114579  0.315441  0.164743  0.175158  0.248244  0.334686  0.390339  0.407913  0.234166  0.092800  0.174979  0.291364  0.169340  0.149690  0.200898  0.313950  0.146817  0.390904  0.094286  0.145916  0.271939  0.200710  0.153324  0.146236  0.203023  0.301627 
4  0.221081  0.231573  0.452768  0.191954 0.0  0.189066  0.335627  0.226869  0.171973  0.265986  0.126600  0.276608  0.103649  0.197530  0.189081  0.349988  0.791420  0.307431  0.211578  0.178679  0.424890  0.148219  0.101025  0.263187  0.773872  0.224984  0.297700  0.317550  0.324203  0.135140  0.278479  0.380461  0.197636  0.213990  0.150388  0.306556  0.163165  0.249981  0.176855  0.208548  0.399813  0.295243  0.188147  0.190499  0.258345  0.341814  0.217190  0.122666  0.177992  0.276472  0.234794  0.398683  0.181060  0.252068  0.303855  0.171073  0.180315  0.164176  0.272564  0.339100 
5  0.193320  0.125541  0.342593  0.148472  0.189066 0.0  0.245509  0.130234  0.186287  0.204710  0.222082  0.180477  0.204988  0.184753  0.117194  0.305797  0.638893  0.311021  0.191063  0.243343  0.353143  0.208417  0.186339  0.137328  0.664649  0.218365  0.247991  0.299282  0.270325  0.199413  0.161154  0.297948  0.254034  0.155638  0.175591  0.230999  0.208572  0.242156  0.291304  0.239206  0.304044  0.354438  0.166234  0.158459  0.247220  0.229373  0.242852  0.135059  0.132302  0.240611  0.230242  0.330370  0.167518  0.221169  0.258974  0.149325  0.229515  0.206128  0.130525  0.270685 
6  0.287118  0.183334  0.239192  0.282204  0.335627  0.245509 0.0  0.216147  0.305199  0.275932  0.351199  0.172862  0.364705  0.347654  0.259647  0.294212  0.578405  0.221795  0.320525  0.448183  0.210310  0.368635  0.335575  0.180465  0.526019  0.282590  0.392095  0.373463  0.245375  0.380296  0.190985  0.156082  0.302894  0.210370  0.301106  0.249637  0.388452  0.361494  0.430594  0.318346  0.200815  0.487452  0.300669  0.300533  0.369113  0.180055  0.347656  0.312700  0.265953  0.214169  0.297803  0.259916  0.267653  0.325875  0.305034  0.292589  0.335103  0.314281  0.183922  0.306474 
7  0.156738  0.159671  0.324924  0.114447  0.226869  0.130234  0.216147 0.0  0.164595  0.245892  0.254676  0.223494  0.242886  0.169421  0.098756  0.369413  0.669026  0.350861  0.178739  0.293300  0.413568  0.212443  0.177722  0.177826  0.567845  0.150669  0.194926  0.272908  0.331539  0.189961  0.145227  0.314656  0.231511  0.108605  0.169852  0.261739  0.192262  0.207228  0.266120  0.318637  0.283564  0.446712  0.211166  0.136783  0.201159  0.242974  0.182023  0.182519  0.176356  0.295184  0.186905  0.373027  0.139289  0.174722  0.290601  0.220800  0.207182  0.196674  0.177854  0.267178 
8  0.105378  0.240823  0.397522  0.113186  0.171973  0.186287  0.305199  0.164595 0.0  0.321548  0.247443  0.287682  0.210386  0.095650  0.151506  0.442483  0.834174  0.348920  0.110302  0.270319  0.508910  0.142790  0.149610  0.248884  0.633588  0.122839  0.154527  0.207729  0.405306  0.135824  0.189039  0.427222  0.136025  0.159355  0.111085  0.318747  0.123138  0.139878  0.299436  0.308495  0.415010  0.400398  0.214251  0.095101  0.146347  0.282119  0.128304  0.167547  0.215179  0.320276  0.114262  0.455527  0.094686  0.123546  0.383673  0.233339  0.120517  0.118434  0.250496  0.329636 
9  0.264866  0.158962  0.249265  0.264351  0.265986  0.204710  0.275932  0.245892  0.321548 0.0  0.245888  0.170011  0.233527  0.282421  0.225540  0.239504  0.566599  0.196476  0.303755  0.321641  0.278223  0.303031  0.256746  0.172826  0.558550  0.332503  0.427134  0.482238  0.152314  0.283352  0.253874  0.247396  0.329170  0.299051  0.261005  0.133271  0.309602  0.397118  0.273074  0.201380  0.269556  0.341598  0.145112  0.305954  0.410843  0.157253  0.362821  0.215861  0.175604  0.141544  0.340378  0.263501  0.270210  0.338767  0.141567  0.150173  0.297429  0.323772  0.164706  0.129676 
10  0.261471  0.292356  0.454655  0.229893  0.126600  0.222082  0.351199  0.254676  0.247443  0.245888 0.0  0.283080  0.116582  0.214210  0.232549  0.477381  0.777045  0.382945  0.226303  0.116008  0.521380  0.181863  0.160634  0.272892  0.845369  0.280958  0.322092  0.346712  0.343294  0.186400  0.356631  0.445949  0.182545  0.258466  0.190686  0.357429  0.188619  0.268871  0.125848  0.206180  0.459862  0.257831  0.181242  0.227217  0.273720  0.388592  0.284443  0.172217  0.178989  0.325709  0.266241  0.431526  0.248525  0.254651  0.370347  0.169825  0.245569  0.186663  0.239062  0.288337 
11  0.335315  0.144608  0.179005  0.250483  0.276608  0.180477  0.172862  0.223494  0.287682  0.170011  0.283080 0.0  0.301409  0.319028  0.217196  0.232003  0.580242  0.165055  0.306757  0.357913  0.214471  0.363300  0.279305  0.124242  0.462181  0.352953  0.380498  0.437930  0.162167  0.289749  0.218715  0.166563  0.352672  0.241178  0.286895  0.155547  0.298472  0.353339  0.364314  0.277563  0.198954  0.342157  0.186329  0.279176  0.329104  0.108074  0.360869  0.243401  0.209715  0.134655  0.299168  0.263894  0.247091  0.305365  0.148752  0.223278  0.355241  0.291304  0.127681  0.205080 
12  0.230724  0.246264  0.419557  0.222991  0.103649  0.204988  0.364705  0.242886  0.210386  0.233527  0.116582  0.301409 0.0  0.228893  0.208692  0.378515  0.688626  0.379304  0.241632  0.159757  0.400636  0.158914  0.127970  0.242495  0.538513  0.252174  0.309915  0.331993  0.302115  0.162382  0.307478  0.360909  0.207063  0.276821  0.174501  0.278009  0.173990  0.300118  0.158984  0.195233  0.475692  0.283566  0.156928  0.195243  0.232083  0.333451  0.270928  0.133760  0.155225  0.324822  0.263532  0.374072  0.195007  0.266612  0.308402  0.149242  0.256198  0.191882  0.242705  0.298859 
13  0.110683  0.240766  0.461904  0.133063  0.197530  0.184753  0.347654  0.169421  0.095650  0.282421  0.214210  0.319028  0.228893 0.0  0.172142  0.454321  0.837806  0.376683  0.091513  0.277976  0.446858  0.142227  0.165745  0.267630  0.687111  0.116803  0.150433  0.197157  0.373885  0.137333  0.217451  0.471412  0.140527  0.165947  0.122002  0.336597  0.123899  0.136782  0.329107  0.402107  0.384845  0.447910  0.253883  0.113209  0.117869  0.324213  0.118696  0.195408  0.235425  0.403970  0.097420  0.560020  0.117285  0.117929  0.344604  0.251161  0.106402  0.122208  0.273309  0.399660 
14  0.136893  0.153298  0.384111  0.116065  0.189081  0.117194  0.259647  0.098756  0.151506  0.225540  0.232549  0.217196  0.208692  0.172142 0.0  0.399136  0.708453  0.272508  0.179001  0.248084  0.443107  0.183562  0.139576  0.173793  0.662975  0.145050  0.201524  0.231950  0.256545  0.174172  0.163728  0.288934  0.207412  0.130036  0.134035  0.257598  0.180147  0.194931  0.322727  0.272054  0.303706  0.345947  0.198414  0.124115  0.212209  0.244528  0.203095  0.161360  0.164162  0.293923  0.182026  0.371442  0.123563  0.185440  0.288822  0.184025  0.198753  0.165670  0.169951  0.305490 
15  0.388793  0.313684  0.117907  0.382475  0.349988  0.305797  0.294212  0.369413  0.442483  0.239504  0.477381  0.232003  0.378515  0.454321  0.399136 0.0  0.394697  0.136452  0.490788  0.431194  0.130698  0.526394  0.417492  0.273895  0.376485  0.478953  0.516672  0.566183  0.175156  0.470989  0.405257  0.209458  0.450435  0.363780  0.456334  0.199471  0.482435  0.462353  0.448123  0.369442  0.167344  0.407165  0.311456  0.396621  0.545382  0.213468  0.508456  0.377939  0.330479  0.205162  0.437471  0.111929  0.460366  0.451675  0.192442  0.371036  0.515871  0.424070  0.278549  0.220516 
16  0.753862  0.673739  0.449522  0.795951  0.791420  0.638893  0.578405  0.669026  0.834174  0.566599  0.777045  0.580242  0.688626  0.837806  0.708453  0.394697 0.0  0.478206  0.548149  0.766126  0.380909  0.775615  0.784379  0.602100  0.133854  0.667434  0.735752  0.790386  0.485757  0.699546  0.738223  0.495691  0.801034  0.749551  0.706876  0.495083  0.775748  1.000000  0.691482  0.642476  0.429391  0.626794  0.672944  0.646156  0.806549  0.435439  0.883589  0.688835  0.698858  0.511065  0.664587  0.365568  0.820138  0.829430  0.518391  0.472780  0.742974  0.673034  0.528076  0.449153 
17  0.478197  0.244157  0.115912  0.324224  0.307431  0.311021  0.221795  0.350861  0.348920  0.196476  0.382945  0.165055  0.379304  0.376683  0.272508  0.136452  0.478206 0.0  0.387281  0.386189  0.166208  0.384429  0.355137  0.200509  0.406037  0.427268  0.401665  0.424645  0.130185  0.328888  0.277712  0.136913  0.451560  0.337080  0.338471  0.156088  0.409238  0.445863  0.456426  0.324510  0.135977  0.385316  0.278308  0.383503  0.418735  0.133969  0.461701  0.350523  0.257947  0.143399  0.404863  0.157793  0.368040  0.381790  0.154731  0.298955  0.380869  0.404308  0.227976  0.202916 
18  0.102355  0.253874  0.421052  0.130682  0.211578  0.191063  0.320525  0.178739  0.110302  0.303755  0.226303  0.306757  0.241632  0.091513  0.179001  0.490788  0.548149  0.387281 0.0  0.288660  0.472153  0.160782  0.180078  0.262750  0.632719  0.099480  0.141545  0.175848  0.426424  0.139060  0.228172  0.397522  0.127711  0.162736  0.140615  0.339803  0.140389  0.120050  0.292736  0.345109  0.393152  0.401521  0.271563  0.126732  0.112436  0.353307  0.106001  0.219132  0.246910  0.398366  0.088232  0.519455  0.114613  0.100064  0.353450  0.267180  0.100211  0.123105  0.249570  0.376126 
19  0.298388  0.293489  0.458241  0.281151  0.178679  0.243343  0.448183  0.293300  0.270319  0.321641  0.116008  0.357913  0.159757  0.277976  0.248084  0.431194  0.766126  0.386189  0.288660 0.0  0.537311  0.201920  0.188314  0.327928  0.774957  0.306312  0.322334  0.410591  0.313167  0.215977  0.388300  0.430635  0.221079  0.277982  0.260765  0.318670  0.237950  0.337318  0.090660  0.208032  0.444769  0.232406  0.211946  0.255541  0.314823  0.341308  0.301185  0.210837  0.205506  0.341660  0.296252  0.462225  0.242839  0.314406  0.332346  0.223937  0.274072  0.245522  0.340035  0.328445 
20  0.434937  0.364857  0.131669  0.450551  0.424890  0.353143  0.210310  0.413568  0.508910  0.278223  0.521380  0.214471  0.400636  0.446858  0.443107  0.130698  0.380909  0.166208  0.472153  0.537311 0.0  0.495662  0.410363  0.274169  0.280337  0.470454  0.581839  0.563237  0.233461  0.458621  0.398992  0.168921  0.534419  0.417162  0.404385  0.268920  0.452306  0.548790  0.488792  0.461134  0.163654  0.484964  0.370767  0.437551  0.551790  0.193266  0.546395  0.442606  0.394965  0.247818  0.505613  0.154890  0.522767  0.549515  0.243922  0.387870  0.486708  0.471176  0.250039  0.241089 
21  0.174569  0.291131  0.364514  0.173683  0.148219  0.208417  0.368635  0.212443  0.142790  0.303031  0.181863  0.363300  0.158914  0.142227  0.183562  0.526394  0.775615  0.384429  0.160782  0.201920  0.495662 0.0  0.129702  0.315117  0.754265  0.183721  0.239333  0.237811  0.337440  0.096286  0.252571  0.424892  0.120112  0.239149  0.127202  0.331522  0.106121  0.209742  0.238158  0.304987  0.384402  0.329034  0.223033  0.145010  0.162513  0.317092  0.172980  0.159605  0.181979  0.340990  0.166121  0.527409  0.142000  0.161999  0.351440  0.221044  0.145042  0.106849  0.241390  0.370989 
22  0.194990  0.235831  0.383377  0.159681  0.101025  0.186339  0.335575  0.177722  0.149610  0.256746  0.160634  0.279305  0.127970  0.165745  0.139576  0.417492  0.784379  0.355137  0.180078  0.188314  0.410363  0.129702 0.0  0.216544  0.624145  0.182694  0.253249  0.296519  0.352075  0.118229  0.256356  0.371183  0.158827  0.200010  0.122010  0.234954  0.145920  0.230214  0.222874  0.226016  0.369558  0.331230  0.186734  0.146695  0.217272  0.314519  0.193615  0.119156  0.156182  0.310931  0.194134  0.408076  0.155685  0.219518  0.339432  0.163032  0.196847  0.134309  0.200387  0.300105 
23  0.246716  0.103291  0.234882  0.194972  0.263187  0.137328  0.180465  0.177826  0.248884  0.172826  0.272892  0.124242  0.242495  0.267630  0.173793  0.273895  0.602100  0.200509  0.262750  0.327928  0.274169  0.315117  0.216544 0.0  0.558368  0.279032  0.355526  0.350757  0.189993  0.291682  0.196116  0.203535  0.341447  0.206256  0.252006  0.201198  0.307304  0.263853  0.326564  0.245406  0.210457  0.354834  0.180603  0.247622  0.302369  0.145974  0.313978  0.208255  0.178763  0.162931  0.312409  0.302420  0.245216  0.258569  0.179659  0.178115  0.272909  0.283563  0.090306  0.210466 
24  0.817126  0.551821  0.312100  0.627698  0.773872  0.664649  0.526019  0.567845  0.633588  0.558550  0.845369  0.462181  0.538513  0.687111  0.662975  0.376485  0.133854  0.406037  0.632719  0.774957  0.280337  0.754265  0.624145  0.558368 0.0  0.737521  0.725789  0.791090  0.500264  0.693787  0.610204  0.426575  0.789865  0.754146  0.679253  0.475228  0.731056  0.798818  0.716409  0.599957  0.318589  0.553544  0.620146  0.678216  0.740761  0.394526  0.778620  0.701602  0.486545  0.444565  0.847297  0.357359  0.736651  0.773412  0.433983  0.547793  0.663357  0.769365  0.507772  0.399598 
25  0.093978  0.204905  0.464791  0.127125  0.224984  0.218365  0.282590  0.150669  0.122839  0.332503  0.280958  0.352953  0.252174  0.116803  0.145050  0.478953  0.667434  0.427268  0.099480  0.306312  0.470454  0.183721  0.182694  0.279032  0.737521 0.0  0.125370  0.180638  0.365842  0.169826  0.206138  0.350219  0.164028  0.145069  0.140995  0.361151  0.154124  0.131996  0.320266  0.396804  0.418715  0.386970  0.254250  0.133483  0.129676  0.317387  0.112283  0.225148  0.244597  0.347668  0.116249  0.472550  0.113626  0.091580  0.394683  0.238765  0.121617  0.144104  0.246625  0.401792 
26  0.157896  0.277079  0.485719  0.169893  0.297700  0.247991  0.392095  0.194926  0.154527  0.427134  0.322092  0.380498  0.309915  0.150433  0.201524  0.516672  0.735752  0.401665  0.141545  0.322334  0.581839  0.239333  0.253249  0.355526  0.725789  0.125370 0.0  0.123986  0.416015  0.201192  0.231572  0.351735  0.196633  0.187564  0.174540  0.382294  0.177109  0.090351  0.360558  0.483087  0.481477  0.482877  0.290548  0.180669  0.114783  0.434655  0.109603  0.236808  0.272594  0.377916  0.132459  0.606417  0.177146  0.127296  0.464474  0.271817  0.151807  0.209930  0.313549  0.412895 
27  0.197832  0.335188  0.532065  0.253240  0.317550  0.299282  0.373463  0.272908  0.207729  0.482238  0.346712  0.437930  0.331993  0.197157  0.231950  0.566183  0.790386  0.424645  0.175848  0.410591  0.563237  0.237811  0.296519  0.350757  0.791090  0.180638  0.123986 0.0  0.461231  0.237868  0.277530  0.536963  0.215061  0.252310  0.253117  0.441000  0.232370  0.132130  0.414970  0.451003  0.474850  0.551105  0.397514  0.267023  0.160184  0.388054  0.156271  0.328404  0.301887  0.474133  0.185835  0.606413  0.225673  0.180628  0.544182  0.396955  0.217063  0.223161  0.360974  0.536264 
28  0.329591  0.213105  0.163890  0.334877  0.324203  0.270325  0.245375  0.331539  0.405306  0.152314  0.343294  0.162167  0.302115  0.373885  0.256545  0.175156  0.485757  0.130185  0.426424  0.313167  0.233461  0.337440  0.352075  0.189993  0.500264  0.365842  0.416015  0.461231 0.0  0.358747  0.283704  0.194292  0.367634  0.320161  0.383002  0.100755  0.405789  0.494465  0.374199  0.269117  0.229358  0.386491  0.227347  0.328677  0.335016  0.121222  0.402762  0.250947  0.255366  0.106404  0.333140  0.169070  0.282546  0.366069  0.102171  0.240836  0.363945  0.378950  0.197105  0.136929 
29  0.150238  0.268168  0.353251  0.133965  0.135140  0.199413  0.380296  0.189961  0.135824  0.283352  0.186400  0.289749  0.162382  0.137333  0.174172  0.470989  0.699546  0.328888  0.139060  0.215977  0.458621  0.096286  0.118229  0.291682  0.693787  0.169826  0.201192  0.237868  0.358747 0.0  0.243567  0.411317  0.115698  0.180106  0.101844  0.364411  0.107163  0.203472  0.236519  0.258099  0.379618  0.367166  0.233522  0.132305  0.172951  0.310025  0.185303  0.140726  0.172238  0.299794  0.149089  0.504991  0.130530  0.175620  0.353371  0.202176  0.131965  0.096242  0.268912  0.336359 
30  0.186763  0.167586  0.354844  0.178057  0.278479  0.161154  0.190985  0.145227  0.189039  0.253874  0.356631  0.218715  0.307478  0.217451  0.163728  0.405257  0.738223  0.277712  0.228172  0.388300  0.398992  0.252571  0.256356  0.196116  0.610204  0.206138  0.231572  0.277530  0.283704  0.243567 0.0  0.255535  0.269216  0.128114  0.210578  0.291049  0.251156  0.253213  0.362667  0.365699  0.294400  0.456104  0.260251  0.190411  0.238859  0.250748  0.246662  0.231569  0.221137  0.263992  0.242767  0.392822  0.209983  0.213932  0.266870  0.269857  0.250140  0.247380  0.183112  0.337080 
31  0.295207  0.224432  0.136191  0.326897  0.380461  0.297948  0.156082  0.314656  0.427222  0.247396  0.445949  0.166563  0.360909  0.471412  0.288934  0.209458  0.495691  0.136913  0.397522  0.430635  0.168921  0.424892  0.371183  0.203535  0.426575  0.350219  0.351735  0.536963  0.194292  0.411317  0.255535 0.0  0.350940  0.304925  0.366016  0.195037  0.458294  0.459160  0.471361  0.370896  0.102640  0.437076  0.294518  0.352177  0.451940  0.143080  0.408062  0.321046  0.282583  0.180444  0.412665  0.212274  0.321095  0.361716  0.234193  0.303459  0.431611  0.319005  0.237612  0.250487 
32  0.162728  0.300120  0.426679  0.171385  0.197636  0.254034  0.302894  0.231511  0.136025  0.329170  0.182545  0.352672  0.207063  0.140527  0.207412  0.450435  0.801034  0.451560  0.127711  0.221079  0.534419  0.120112  0.158827  0.341447  0.789865  0.164028  0.196633  0.215061  0.367634  0.115698  0.269216  0.350940 0.0  0.220072  0.151550  0.372639  0.095566  0.166379  0.277061  0.337125  0.485575  0.377576  0.229883  0.178030  0.138495  0.365192  0.142733  0.213779  0.246383  0.351566  0.136630  0.522731  0.154132  0.147449  0.407549  0.252627  0.118476  0.104864  0.281366  0.414043 
33  0.141233  0.179556  0.374259  0.137921  0.213990  0.155638  0.210370  0.108605  0.159355  0.299051  0.258466  0.241178  0.276821  0.165947  0.130036  0.363780  0.749551  0.337080  0.162736  0.277982  0.417162  0.239149  0.200010  0.206256  0.754146  0.145069  0.187564  0.252310  0.320161  0.180106  0.128114  0.304925  0.220072 0.0  0.168433  0.327246  0.217080  0.184366  0.357721  0.385051  0.299837  0.476663  0.238849  0.147985  0.197806  0.270222  0.191785  0.208645  0.223183  0.295603  0.190880  0.403140  0.147793  0.182900  0.284532  0.215746  0.194292  0.199970  0.202937  0.344116 
34  0.139414  0.205181  0.371730  0.114579  0.150388  0.175591  0.301106  0.169852  0.111085  0.261005  0.190686  0.286895  0.174501  0.122002  0.134035  0.456334  0.706876  0.338471  0.140615  0.260765  0.404385  0.127202  0.122010  0.252006  0.679253  0.140995  0.174540  0.253117  0.383002  0.101844  0.210578  0.366016  0.151550  0.168433 0.0  0.322084  0.129409  0.196722  0.237915  0.298483  0.342489  0.400507  0.198808  0.118863  0.176396  0.305829  0.171910  0.142307  0.165887  0.288206  0.144311  0.405477  0.118997  0.161021  0.305646  0.207220  0.159780  0.111474  0.241321  0.330525 
35  0.371844  0.191614  0.175354  0.315441  0.306556  0.230999  0.249637  0.261739  0.318747  0.133271  0.357429  0.155547  0.278009  0.336597  0.257598  0.199471  0.495083  0.156088  0.339803  0.318670  0.268920  0.331522  0.234954  0.201198  0.475228  0.361151  0.382294  0.441000  0.100755  0.364411  0.291049  0.195037  0.372639  0.327246  0.322084 0.0  0.362958  0.415822  0.384085  0.256245  0.212893  0.340760  0.202863  0.281003  0.394153  0.135116  0.397624  0.251795  0.250940  0.092967  0.387681  0.222250  0.317588  0.330738  0.097505  0.204299  0.377993  0.346071  0.188256  0.124205 
36  0.153672  0.280338  0.410702  0.164743  0.163165  0.208572  0.388452  0.192262  0.123138  0.309602  0.188619  0.298472  0.173990  0.123899  0.180147  0.482435  0.775748  0.409238  0.140389  0.237950  0.452306  0.106121  0.145920  0.307304  0.731056  0.154124  0.177109  0.232370  0.405789  0.107163  0.251156  0.458294  0.095566  0.217080  0.129409  0.362958 0.0  0.182203  0.277148  0.265238  0.480674  0.340517  0.248098  0.140257  0.153221  0.350500  0.145922  0.186269  0.229926  0.347399  0.134705  0.485051  0.147199  0.150917  0.382553  0.216908  0.128886  0.094970  0.256567  0.388340 
37  0.148174  0.286348  0.513567  0.175158  0.249981  0.242156  0.361494  0.207228  0.139878  0.397118  0.268871  0.353339  0.300118  0.136782  0.194931  0.462353  1.000000  0.445863  0.120050  0.337318  0.548790  0.209742  0.230214  0.263853  0.798818  0.131996  0.090351  0.132130  0.494465  0.203472  0.253213  0.459160  0.166379  0.184366  0.196722  0.415822  0.182203 0.0  0.329821  0.451494  0.418000  0.532929  0.309178  0.168616  0.102485  0.438983  0.098140  0.277191  0.300213  0.410461  0.121375  0.489170  0.166929  0.109143  0.404012  0.317663  0.123585  0.172536  0.271771  0.436777 
38  0.281762  0.290402  0.489060  0.248244  0.176855  0.291304  0.430594  0.266120  0.299436  0.273074  0.125848  0.364314  0.158984  0.329107  0.322727  0.448123  0.691482  0.456426  0.292736  0.090660  0.488792  0.238158  0.222874  0.326564  0.716409  0.320266  0.360558  0.414970  0.374199  0.236519  0.362667  0.471361  0.277061  0.357721  0.237915  0.384085  0.277148  0.329821 0.0  0.207923  0.398661  0.240940  0.216599  0.257735  0.318067  0.397177  0.296719  0.193002  0.218538  0.304242  0.314864  0.393851  0.292644  0.323174  0.310896  0.228670  0.268907  0.259158  0.297536  0.293087 
39  0.341717  0.313410  0.313463  0.334686  0.208548  0.239206  0.318346  0.318637  0.308495  0.201380  0.206180  0.277563  0.195233  0.402107  0.272054  0.369442  0.642476  0.324510  0.345109  0.208032  0.461134  0.304987  0.226016  0.245406  0.599957  0.396804  0.483087  0.451003  0.269117  0.258099  0.365699  0.370896  0.337125  0.385051  0.298483  0.256245  0.265238  0.451494  0.207923 0.0  0.356005  0.179033  0.182815  0.314983  0.335791  0.300739  0.379643  0.216198  0.207538  0.264486  0.404998  0.373784  0.336788  0.361313  0.220516  0.186479  0.405967  0.347198  0.262990  0.217547 
40  0.374120  0.265455  0.132217  0.390339  0.399813  0.304044  0.200815  0.283564  0.415010  0.269556  0.459862  0.198954  0.475692  0.384845  0.303706  0.167344  0.429391  0.135977  0.393152  0.444769  0.163654  0.384402  0.369558  0.210457  0.318589  0.418715  0.481477  0.474850  0.229358  0.379618  0.294400  0.102640  0.485575  0.299837  0.342489  0.212893  0.480674  0.418000  0.398661  0.356005 0.0  0.453907  0.330506  0.358638  0.387600  0.189953  0.453584  0.381646  0.319807  0.196871  0.393473  0.214108  0.404809  0.469181  0.241872  0.331762  0.424708  0.396460  0.244462  0.246611 
41  0.454065  0.363450  0.375936  0.407913  0.295243  0.354438  0.487452  0.446712  0.400398  0.341598  0.257831  0.342157  0.283566  0.447910  0.345947  0.407165  0.626794  0.385316  0.401521  0.232406  0.484964  0.329034  0.331230  0.354834  0.553544  0.386970  0.482877  0.551105  0.386491  0.367166  0.456104  0.437076  0.377576  0.476663  0.400507  0.340760  0.340517  0.532929  0.240940  0.179033  0.453907 0.0  0.269619  0.365378  0.504619  0.382047  0.502054  0.319732  0.335224  0.397214  0.435595  0.424846  0.357835  0.394585  0.355815  0.281369  0.432683  0.357540  0.413404  0.262354 
42  0.264687  0.202065  0.289341  0.234166  0.188147  0.166234  0.300669  0.211166  0.214251  0.145112  0.181242  0.186329  0.156928  0.253883  0.198414  0.311456  0.672944  0.278308  0.271563  0.211946  0.370767  0.223033  0.186734  0.180603  0.620146  0.254250  0.290548  0.397514  0.227347  0.233522  0.260251  0.294518  0.229883  0.238849  0.198808  0.202863  0.248098  0.309178  0.216599  0.182815  0.330506  0.269619 0.0  0.206817  0.284853  0.199829  0.329060  0.141409  0.100059  0.208256  0.286803  0.285559  0.236680  0.295806  0.216007  0.082225  0.259270  0.232398  0.198743  0.226941 
43  0.108296  0.209879  0.347882  0.092800  0.190499  0.158459  0.300533  0.136783  0.095101  0.305954  0.227217  0.279176  0.195243  0.113209  0.124115  0.396621  0.646156  0.383503  0.126732  0.255541  0.437551  0.145010  0.146695  0.247622  0.678216  0.133483  0.180669  0.267023  0.328677  0.132305  0.190411  0.352177  0.178030  0.147985  0.118863  0.281003  0.140257  0.168616  0.257735  0.314983  0.358638  0.365378  0.206817 0.0  0.154938  0.265268  0.171009  0.159506  0.179049  0.316500  0.135075  0.380890  0.088687  0.132780  0.311893  0.194202  0.141641  0.123882  0.200804  0.329173 
44  0.134954  0.274608  0.465133  0.174979  0.258345  0.247220  0.369113  0.201159  0.146347  0.410843  0.273720  0.329104  0.232083  0.117869  0.212209  0.545382  0.806549  0.418735  0.112436  0.314823  0.551790  0.162513  0.217272  0.302369  0.740761  0.129676  0.114783  0.160184  0.335016  0.172951  0.238859  0.451940  0.138495  0.197806  0.176396  0.394153  0.153221  0.102485  0.318067  0.335791  0.387600  0.504619  0.284853  0.154938 0.0  0.399766  0.093694  0.241039  0.290158  0.385835  0.103274  0.573671  0.145541  0.114012  0.360146  0.299512  0.102228  0.154102  0.332238  0.412032 
45  0.271562  0.172274  0.166530  0.291364  0.341814  0.229373  0.180055  0.242974  0.282119  0.157253  0.388592  0.108074  0.333451  0.324213  0.244528  0.213468  0.435439  0.133969  0.353307  0.341308  0.193266  0.317092  0.314519  0.145974  0.394526  0.317387  0.434655  0.388054  0.121222  0.310025  0.250748  0.143080  0.365192  0.270222  0.305829  0.135116  0.350500  0.438983  0.397177  0.300739  0.189953  0.382047  0.199829  0.265268  0.399766 0.0  0.395181  0.279023  0.248367  0.114976  0.349100  0.210711  0.292913  0.337499  0.149750  0.238621  0.333718  0.375332  0.160033  0.180523 
46  0.129682  0.279117  0.466484  0.169340  0.217190  0.242852  0.347656  0.182023  0.128304  0.362821  0.284443  0.360869  0.270928  0.118696  0.203095  0.508456  0.883589  0.461701  0.106001  0.301185  0.546395  0.172980  0.193615  0.313978  0.778620  0.112283  0.109603  0.156271  0.402762  0.185303  0.246662  0.408062  0.142733  0.191785  0.171910  0.397624  0.145922  0.098140  0.296719  0.379643  0.453584  0.502054  0.329060  0.171009  0.093694  0.395181 0.0  0.223538  0.293655  0.354606  0.101947  0.495313  0.157692  0.094627  0.420012  0.320492  0.110462  0.153427  0.326668  0.387647 
47  0.206671  0.168479  0.370285  0.149690  0.122666  0.135059  0.312700  0.182519  0.167547  0.215861  0.172217  0.243401  0.133760  0.195408  0.161360  0.377939  0.688835  0.350523  0.219132  0.210837  0.442606  0.159605  0.119156  0.208255  0.701602  0.225148  0.236808  0.328404  0.250947  0.140726  0.231569  0.321046  0.213779  0.208645  0.142307  0.251795  0.186269  0.277191  0.193002  0.216198  0.381646  0.319732  0.141409  0.159506  0.241039  0.279023  0.223538 0.0  0.115090  0.279093  0.209748  0.357570  0.172549  0.241776  0.279633  0.131912  0.223867  0.159041  0.184540  0.261887 
48  0.216299  0.170816  0.260585  0.200898  0.177992  0.132302  0.265953  0.176356  0.215179  0.175604  0.178989  0.209715  0.155225  0.235425  0.164162  0.330479  0.698858  0.257947  0.246910  0.205506  0.394965  0.181979  0.156182  0.178763  0.486545  0.244597  0.272594  0.301887  0.255366  0.172238  0.221137  0.282583  0.246383  0.223183  0.165887  0.250940  0.229926  0.300213  0.218538  0.207538  0.319807  0.335224  0.100059  0.179049  0.290158  0.248367  0.293655  0.115090 0.0  0.196609  0.268367  0.321896  0.195088  0.237194  0.216775  0.099494  0.234500  0.203422  0.185804  0.211176 
49  0.337322  0.209858  0.180367  0.313950  0.276472  0.240611  0.214169  0.295184  0.320276  0.141544  0.325709  0.134655  0.324822  0.403970  0.293923  0.205162  0.511065  0.143399  0.398366  0.341660  0.247818  0.340990  0.310931  0.162931  0.444565  0.347668  0.377916  0.474133  0.106404  0.299794  0.263992  0.180444  0.351566  0.295603  0.288206  0.092967  0.347399  0.410461  0.304242  0.264486  0.196871  0.397214  0.208256  0.316500  0.385835  0.114976  0.354606  0.279093  0.196609 0.0  0.367615  0.185505  0.297982  0.381058  0.124288  0.192680  0.381456  0.362317  0.165546  0.142589 
50  0.110737  0.250242  0.459782  0.146817  0.234794  0.230242  0.297803  0.186905  0.114262  0.340378  0.266241  0.299168  0.263532  0.097420  0.182026  0.437471  0.664587  0.404863  0.088232  0.296252  0.505613  0.166121  0.194134  0.312409  0.847297  0.116249  0.132459  0.185835  0.333140  0.149089  0.242767  0.412665  0.136630  0.190880  0.144311  0.387681  0.134705  0.121375  0.314864  0.404998  0.393473  0.435595  0.286803  0.135075  0.103274  0.349100  0.101947  0.209748  0.268367  0.367615 0.0  0.496648  0.129015  0.096844  0.416783  0.293532  0.091996  0.142385  0.283826  0.381951 
51  0.488151  0.274772  0.149431  0.390904  0.398683  0.330370  0.259916  0.373027  0.455527  0.263501  0.431526  0.263894  0.374072  0.560020  0.371442  0.111929  0.365568  0.157793  0.519455  0.462225  0.154890  0.527409  0.408076  0.302420  0.357359  0.472550  0.606417  0.606413  0.169070  0.504991  0.392822  0.212274  0.522731  0.403140  0.405477  0.222250  0.485051  0.489170  0.393851  0.373784  0.214108  0.424846  0.285559  0.380890  0.573671  0.210711  0.495313  0.357570  0.321896  0.185505  0.496648 0.0  0.456930  0.462552  0.216195  0.326990  0.474615  0.469329  0.271421  0.208913 
52  0.102964  0.231749  0.416797  0.094286  0.181060  0.167518  0.267653  0.139289  0.094686  0.270210  0.248525  0.247091  0.195007  0.117285  0.123563  0.460366  0.820138  0.368040  0.114613  0.242839  0.522767  0.142000  0.155685  0.245216  0.736651  0.113626  0.177146  0.225673  0.282546  0.130530  0.209983  0.321095  0.154132  0.147793  0.118997  0.317588  0.147199  0.166929  0.292644  0.336788  0.404809  0.357835  0.236680  0.088687  0.145541  0.292913  0.157692  0.172549  0.195088  0.297982  0.129015  0.456930 0.0  0.123607  0.317622  0.201950  0.118875  0.117892  0.218142  0.343952 
53  0.102746  0.271823  0.414068  0.145916  0.252068  0.221169  0.325875  0.174722  0.123546  0.338767  0.254651  0.305365  0.266612  0.117929  0.185440  0.451675  0.829430  0.381790  0.100064  0.314406  0.549515  0.161999  0.219518  0.258569  0.773412  0.091580  0.127296  0.180628  0.366069  0.175620  0.213932  0.361716  0.147449  0.182900  0.161021  0.330738  0.150917  0.109143  0.323174  0.361313  0.469181  0.394585  0.295806  0.132780  0.114012  0.337499  0.094627  0.241776  0.237194  0.381058  0.096844  0.462552  0.123607 0.0  0.405876  0.231462  0.115484  0.152648  0.268933  0.384383 
54  0.358407  0.219564  0.204965  0.271939  0.303855  0.258974  0.305034  0.290601  0.383673  0.141567  0.370347  0.148752  0.308402  0.344604  0.288822  0.192442  0.518391  0.154731  0.353450  0.332346  0.243922  0.351440  0.339432  0.179659  0.433983  0.394683  0.464474  0.544182  0.102171  0.353371  0.266870  0.234193  0.407549  0.284532  0.305646  0.097505  0.382553  0.404012  0.310896  0.220516  0.241872  0.355815  0.216007  0.311893  0.360146  0.149750  0.420012  0.279633  0.216775  0.124288  0.416783  0.216195  0.317622  0.405876 0.0  0.200163  0.420881  0.309351  0.187184  0.106753 
55  0.233978  0.179190  0.354185  0.200710  0.171073  0.149325  0.292589  0.220800  0.233339  0.150173  0.169825  0.223278  0.149242  0.251161  0.184025  0.371036  0.472780  0.298955  0.267180  0.223937  0.387870  0.221044  0.163032  0.178115  0.547793  0.238765  0.271817  0.396955  0.240836  0.202176  0.269857  0.303459  0.252627  0.215746  0.207220  0.204299  0.216908  0.317663  0.228670  0.186479  0.331762  0.281369  0.082225  0.194202  0.299512  0.238621  0.320492  0.131912  0.099494  0.192680  0.293532  0.326990  0.201950  0.231462  0.200163 0.0  0.256996  0.216138  0.159237  0.213994 
56  0.119371  0.293695  0.456020  0.153324  0.180315  0.229515  0.335103  0.207182  0.120517  0.297429  0.245569  0.355241  0.256198  0.106402  0.198753  0.515871  0.742974  0.380869  0.100211  0.274072  0.486708  0.145042  0.196847  0.272909  0.663357  0.121617  0.151807  0.217063  0.363945  0.131965  0.250140  0.431611  0.118476  0.194292  0.159780  0.377993  0.128886  0.123585  0.268907  0.405967  0.424708  0.432683  0.259270  0.141641  0.102228  0.333718  0.110462  0.223867  0.234500  0.381456  0.091996  0.474615  0.118875  0.115484  0.420881  0.256996 0.0  0.134143  0.302049  0.390431 
57  0.160690  0.269865  0.477588  0.146236  0.164176  0.206128  0.314281  0.196674  0.118434  0.323772  0.186663  0.291304  0.191882  0.122208  0.165670  0.424070  0.673034  0.404308  0.123105  0.245522  0.471176  0.106849  0.134309  0.283563  0.769365  0.144104  0.209930  0.223161  0.378950  0.096242  0.247380  0.319005  0.104864  0.199970  0.111474  0.346071  0.094970  0.172536  0.259158  0.347198  0.396460  0.357540  0.232398  0.123882  0.154102  0.375332  0.153427  0.159041  0.203422  0.362317  0.142385  0.469329  0.117892  0.152648  0.309351  0.216138  0.134143 0.0  0.243322  0.374223 
58  0.231448  0.101789  0.199490  0.203023  0.272564  0.130525  0.183922  0.177854  0.250496  0.164706  0.239062  0.127681  0.242705  0.273309  0.169951  0.278549  0.528076  0.227976  0.249570  0.340035  0.250039  0.241390  0.200387  0.090306  0.507772  0.246625  0.313549  0.360974  0.197105  0.268912  0.183112  0.237612  0.281366  0.202937  0.241321  0.188256  0.256567  0.271771  0.297536  0.262990  0.244462  0.413404  0.198743  0.200804  0.332238  0.160033  0.326668  0.184540  0.185804  0.165546  0.283826  0.271421  0.218142  0.268933  0.187184  0.159237  0.302049  0.243322 0.0  0.238319 
59  0.369789  0.217608  0.214782  0.301627  0.339100  0.270685  0.306474  0.267178  0.329636  0.129676  0.288337  0.205080  0.298859  0.399660  0.305490  0.220516  0.449153  0.202916  0.376126  0.328445  0.241089  0.370989  0.300105  0.210466  0.399598  0.401792  0.412895  0.536264  0.136929  0.336359  0.337080  0.250487  0.414043  0.344116  0.330525  0.124205  0.388340  0.436777  0.293087  0.217547  0.246611  0.262354  0.226941  0.329173  0.412032  0.180523  0.387647  0.261887  0.211176  0.142589  0.381951  0.208913  0.343952  0.384383  0.106753  0.213994  0.390431  0.374223  0.238319 0.0 
