60
0 0.0  0.227832  0.545964  0.088711  0.308681  0.217780  0.343819  0.232502  0.166822  0.179887  0.183479  0.360085  0.274622  0.233450  0.072229  0.467474  0.923935  0.326145  0.151941  0.338170  0.437216  0.166287  0.119692  0.247363  0.858773  0.125914  0.166894  0.135915  0.424572  0.176948  0.120794  0.410700  0.217993  0.181880  0.200562  0.309768  0.242556  0.142840  0.287729  0.379361  0.462889  0.486195  0.376248  0.079836  0.078357  0.292036  0.098246  0.197911  0.202628  0.232387  0.072229  0.517699  0.072229  0.072229  0.372139  0.211673  0.072229  0.072229  0.144965  0.330191 
1  0.227832 0.0  0.313378  0.289851  0.253087  0.176396  0.223823  0.188080  0.292690  0.316560  0.230696  0.072229  0.174969  0.273504  0.150962  0.258097  0.646379  0.275639  0.309450  0.442393  0.403948  0.314234  0.170713  0.083279  0.592600  0.192606  0.230455  0.392644  0.122631  0.292182  0.150648  0.216848  0.287368  0.159241  0.269405  0.201394  0.246393  0.356247  0.416956  0.334803  0.209631  0.534004  0.153928  0.308791  0.375838  0.218349  0.292837  0.148797  0.144934  0.074152  0.221169  0.249897  0.255517  0.305154  0.227685  0.157338  0.383180  0.386127  0.191941  0.287943 
2  0.545964  0.313378 0.0  0.461460  0.413768  0.241118  0.220219  0.474218  0.398460  0.114243  0.480307  0.352133  0.466114  0.522704  0.405269  0.159577  0.507085  0.072229  0.514961  0.565822  0.122379  0.576243  0.418244  0.215754  0.384606  0.518181  0.455655  0.682664  0.150110  0.449903  0.319442  0.158637  0.489937  0.472088  0.537747  0.155876  0.471726  0.478872  0.486608  0.321423  0.285561  0.477209  0.407997  0.380555  0.449180  0.240808  0.581225  0.408158  0.324410  0.187593  0.449139  0.235017  0.457196  0.421207  0.184350  0.351834  0.430896  0.497115  0.404206  0.201397 
3  0.088711  0.289851  0.461460 0.0  0.250361  0.160600  0.330808  0.137457  0.076206  0.320857  0.185275  0.356359  0.167785  0.217559  0.146304  0.396412  0.781240  0.381067  0.151617  0.348984  0.391122  0.186785  0.214614  0.206972  0.722605  0.208407  0.149516  0.208127  0.341584  0.127803  0.273907  0.352130  0.270465  0.144345  0.192112  0.405378  0.175072  0.158882  0.187094  0.425267  0.372944  0.387126  0.243535  0.072229  0.072229  0.279883  0.197773  0.262214  0.182468  0.361394  0.188992  0.464677  0.109535  0.128769  0.395011  0.310683  0.208857  0.215570  0.131871  0.373965 
4  0.308681  0.253087  0.413768  0.250361 0.0  0.265738  0.384048  0.229695  0.225694  0.395892  0.113762  0.273301  0.129447  0.291776  0.253131  0.510929  0.938186  0.412129  0.202265  0.072229  0.476298  0.174438  0.088816  0.302965  0.798794  0.176692  0.331459  0.287189  0.287132  0.240412  0.286410  0.485752  0.237133  0.239400  0.149192  0.283238  0.145450  0.264097  0.375949  0.237327  0.497643  0.351469  0.213835  0.132362  0.241054  0.447786  0.343521  0.116886  0.175283  0.359860  0.278921  0.478198  0.174359  0.222038  0.357923  0.145313  0.259133  0.076188  0.235664  0.283062 
5  0.217780  0.176396  0.241118  0.160600  0.265738 0.0  0.275069  0.205810  0.086836  0.248847  0.184035  0.111430  0.147494  0.083379  0.072229  0.328687  0.701889  0.261396  0.280839  0.210176  0.422725  0.220082  0.118225  0.172241  0.621611  0.289874  0.275276  0.404044  0.274573  0.145514  0.191638  0.315936  0.253733  0.155150  0.273337  0.269966  0.291754  0.284439  0.332476  0.307598  0.278676  0.529338  0.134607  0.105278  0.239481  0.238514  0.291382  0.080707  0.072229  0.218204  0.222091  0.460597  0.139083  0.226748  0.227240  0.206998  0.218292  0.271546  0.218358  0.236118 
6  0.343819  0.223823  0.220219  0.330808  0.384048  0.275069 0.0  0.134980  0.463196  0.292731  0.373968  0.120752  0.410762  0.323438  0.262307  0.294430  0.571405  0.216355  0.403564  0.472508  0.143202  0.280260  0.356336  0.239411  0.690683  0.357609  0.425813  0.460309  0.266846  0.243594  0.186698  0.138533  0.527086  0.228080  0.364062  0.185948  0.407306  0.258159  0.476315  0.375366  0.185184  0.556912  0.202852  0.305201  0.375774  0.219495  0.294436  0.235427  0.239798  0.234847  0.306203  0.335345  0.222670  0.301758  0.312345  0.295174  0.361044  0.444717  0.264463  0.231855 
7  0.232502  0.188080  0.474218  0.137457  0.229695  0.205810  0.134980 0.0  0.199098  0.248007  0.218141  0.259457  0.289683  0.096584  0.072229  0.441528  0.809366  0.390026  0.240315  0.313979  0.356325  0.252928  0.215033  0.247604  0.632359  0.291065  0.170298  0.337503  0.302419  0.225404  0.141681  0.302971  0.216407  0.138914  0.213830  0.381489  0.259564  0.149620  0.250064  0.312871  0.375211  0.430719  0.202978  0.173737  0.227417  0.260977  0.089826  0.294370  0.218283  0.272738  0.255965  0.443430  0.075338  0.243338  0.314150  0.251448  0.173354  0.246703  0.161310  0.303297 
8  0.166822  0.292690  0.398460  0.076206  0.225694  0.086836  0.463196  0.199098 0.0  0.369038  0.211375  0.329036  0.236196  0.121308  0.162231  0.550817  0.771668  0.552150  0.072229  0.255878  0.527748  0.125032  0.287913  0.218792  0.828125  0.117525  0.242783  0.159661  0.340073  0.128114  0.257192  0.337845  0.223905  0.130295  0.120018  0.455580  0.135945  0.167866  0.287404  0.406021  0.380623  0.551868  0.346727  0.153647  0.228772  0.429003  0.217225  0.160427  0.247009  0.321616  0.151039  0.420584  0.247049  0.227760  0.400786  0.217018  0.072229  0.072229  0.213387  0.328532 
9  0.179887  0.316560  0.114243  0.320857  0.395892  0.248847  0.292731  0.248007  0.369038 0.0  0.183655  0.150197  0.270087  0.268049  0.230498  0.300038  0.481560  0.154386  0.366791  0.335530  0.171164  0.346862  0.140968  0.256077  0.603552  0.489561  0.391644  0.447590  0.079376  0.359965  0.355491  0.260644  0.363664  0.336958  0.297271  0.072229  0.518861  0.529529  0.353757  0.303929  0.306972  0.327644  0.193539  0.337095  0.345820  0.180814  0.362636  0.145443  0.269785  0.144389  0.325402  0.181781  0.353777  0.370474  0.138744  0.175398  0.397606  0.359054  0.215983  0.087294 
10  0.183479  0.230696  0.480307  0.185275  0.113762  0.184035  0.373968  0.218141  0.211375  0.183655 0.0  0.374796  0.072229  0.337475  0.385879  0.451399  0.768848  0.429736  0.192744  0.086038  0.586178  0.199517  0.112394  0.363345  0.741308  0.289996  0.333165  0.260375  0.443832  0.266099  0.336787  0.468450  0.217754  0.270708  0.224177  0.333071  0.218719  0.346627  0.100642  0.332597  0.574038  0.382866  0.154587  0.217890  0.303035  0.259314  0.318237  0.216667  0.202818  0.410861  0.332507  0.460496  0.278457  0.425714  0.292533  0.132647  0.369014  0.181910  0.309255  0.354098 
11  0.360085  0.072229  0.352133  0.356359  0.273301  0.111430  0.120752  0.259457  0.329036  0.150197  0.374796 0.0  0.341124  0.268872  0.216206  0.217168  0.685495  0.120395  0.416035  0.430561  0.309814  0.333198  0.407406  0.187252  0.575233  0.310209  0.464870  0.412642  0.140707  0.412410  0.266146  0.167945  0.359014  0.208117  0.347782  0.140586  0.442431  0.432534  0.430397  0.304494  0.223768  0.380250  0.250349  0.294819  0.408322  0.120573  0.375255  0.103418  0.196641  0.183034  0.365407  0.295085  0.315681  0.305811  0.197612  0.374267  0.393728  0.361413  0.140776  0.215261 
12  0.274622  0.174969  0.466114  0.167785  0.129447  0.147494  0.410762  0.289683  0.236196  0.270087  0.072229  0.341124 0.0  0.266123  0.223042  0.465253  0.884778  0.442587  0.192683  0.194643  0.399669  0.072229  0.173746  0.238829  0.784701  0.252877  0.311828  0.460545  0.285178  0.168843  0.378533  0.362804  0.199540  0.266570  0.254312  0.202078  0.158902  0.311902  0.168835  0.331203  0.532155  0.327635  0.239957  0.233454  0.278688  0.299583  0.244368  0.072229  0.175767  0.259991  0.306289  0.531114  0.264840  0.179270  0.307936  0.097889  0.242277  0.147725  0.323244  0.298596 
13  0.233450  0.273504  0.522704  0.217559  0.291776  0.083379  0.323438  0.096584  0.121308  0.268049  0.337475  0.268872  0.266123 0.0  0.123189  0.578006  0.889112  0.434733  0.072229  0.314799  0.521056  0.118989  0.176292  0.240786  0.844158  0.095072  0.155626  0.224148  0.439573  0.175810  0.271351  0.408958  0.072229  0.165589  0.151883  0.311836  0.074464  0.186812  0.384142  0.380957  0.489563  0.495635  0.301271  0.091349  0.096898  0.336714  0.072229  0.092538  0.260791  0.331334  0.072229  0.455846  0.104356  0.116620  0.604368  0.197507  0.103915  0.187166  0.190701  0.507652 
14  0.072229  0.150962  0.405269  0.146304  0.253131  0.072229  0.262307  0.072229  0.162231  0.230498  0.385879  0.216206  0.223042  0.123189 0.0  0.464410  0.824000  0.321331  0.242838  0.189548  0.426214  0.261022  0.175775  0.180685  0.687347  0.112028  0.267165  0.345296  0.245264  0.155507  0.072229  0.341032  0.231199  0.140487  0.116831  0.307257  0.263197  0.256602  0.286264  0.308112  0.373686  0.427069  0.140699  0.240557  0.240470  0.257256  0.140319  0.098891  0.190772  0.251569  0.112064  0.430829  0.105764  0.261081  0.308714  0.298542  0.299678  0.104330  0.131157  0.217918 
15  0.467474  0.258097  0.159577  0.396412  0.510929  0.328687  0.294430  0.441528  0.550817  0.300038  0.451399  0.217168  0.465253  0.578006  0.464410 0.0  0.435835  0.274401  0.407621  0.428093  0.072229  0.508695  0.491865  0.338139  0.382533  0.521605  0.574631  0.575716  0.151309  0.428097  0.493165  0.196131  0.526888  0.479037  0.438655  0.156131  0.539368  0.577130  0.536449  0.315007  0.188000  0.333885  0.378487  0.555942  0.532501  0.077410  0.535348  0.429766  0.371192  0.151939  0.578689  0.074499  0.566712  0.478568  0.182597  0.330131  0.497116  0.483957  0.296951  0.161609 
16  0.923935  0.646379  0.507085  0.781240  0.938186  0.701889  0.571405  0.809366  0.771668  0.481560  0.768848  0.685495  0.884778  0.889112  0.824000  0.435835 0.0  0.489967  0.949645  0.813829  0.458661  0.952145  0.845452  0.644609  0.136580  0.782064  0.912201  1.000000  0.465972  0.871331  0.748334  0.559217  0.831361  0.710109  0.893543  0.598931  0.889657  0.919200  0.873841  0.775509  0.376485  0.804498  0.763214  0.739619  0.936878  0.578384  0.840984  0.867075  0.755308  0.639220  0.815231  0.348803  0.860808  0.867431  0.582570  0.610422  0.849505  0.809548  0.620365  0.538826 
17  0.326145  0.275639  0.072229  0.381067  0.412129  0.261396  0.216355  0.390026  0.552150  0.154386  0.429736  0.120395  0.442587  0.434733  0.321331  0.274401  0.489967 0.0  0.513725  0.438179  0.201911  0.519993  0.405546  0.134546  0.465156  0.456884  0.533677  0.477246  0.152378  0.399034  0.374790  0.178928  0.415965  0.289889  0.426903  0.173863  0.424095  0.518881  0.501337  0.300806  0.144383  0.545297  0.251816  0.382636  0.546493  0.169728  0.482692  0.330104  0.317750  0.166154  0.488826  0.223290  0.443042  0.481502  0.212995  0.381691  0.394974  0.348219  0.323169  0.240673 
18  0.151941  0.309450  0.514961  0.151617  0.202265  0.280839  0.403564  0.240315  0.072229  0.366791  0.192744  0.416035  0.192683  0.072229  0.242838  0.407621  0.949645  0.513725 0.0  0.341768  0.577295  0.217507  0.182347  0.253096  0.773164  0.086263  0.208391  0.140614  0.461615  0.196526  0.254742  0.456897  0.161055  0.193856  0.072229  0.437788  0.186799  0.153258  0.295433  0.461405  0.506276  0.508593  0.210071  0.072229  0.076451  0.357558  0.189925  0.180987  0.251906  0.439838  0.113076  0.594450  0.133096  0.163939  0.368758  0.326425  0.077422  0.154634  0.226725  0.395650 
19  0.338170  0.442393  0.565822  0.348984  0.072229  0.210176  0.472508  0.313979  0.255878  0.335530  0.086038  0.430561  0.194643  0.314799  0.189548  0.428093  0.813829  0.438179  0.341768 0.0  0.496424  0.295593  0.311851  0.255646  0.900150  0.343850  0.450539  0.375678  0.364563  0.149102  0.357137  0.435433  0.232442  0.464471  0.099216  0.322125  0.263799  0.474065  0.147201  0.197528  0.585298  0.197849  0.314232  0.283111  0.276489  0.413557  0.375943  0.114997  0.338451  0.409338  0.391839  0.464718  0.261825  0.277451  0.321729  0.195533  0.295394  0.205213  0.373240  0.326886 
20  0.437216  0.403948  0.122379  0.391122  0.476298  0.422725  0.143202  0.356325  0.527748  0.171164  0.586178  0.309814  0.399669  0.521056  0.426214  0.072229  0.458661  0.201911  0.577295  0.496424 0.0  0.527608  0.453509  0.344674  0.206441  0.473690  0.522378  0.607200  0.249637  0.629800  0.463551  0.072933  0.494728  0.323736  0.499345  0.239592  0.539789  0.612846  0.532065  0.466570  0.199916  0.544709  0.440811  0.466007  0.575936  0.199978  0.602347  0.410917  0.354074  0.299191  0.505993  0.142294  0.437368  0.580192  0.212999  0.458426  0.469125  0.683548  0.511579  0.284154 
21  0.166287  0.314234  0.576243  0.186785  0.174438  0.220082  0.280260  0.252928  0.125032  0.346862  0.199517  0.333198  0.072229  0.118989  0.261022  0.508695  0.952145  0.519993  0.217507  0.295593  0.527608 0.0  0.202318  0.242627  0.852234  0.190332  0.137244  0.224506  0.359593  0.072229  0.253812  0.452605  0.130274  0.225255  0.179343  0.461494  0.142628  0.299640  0.201752  0.377298  0.479523  0.391470  0.182958  0.167046  0.153553  0.386615  0.111082  0.189688  0.211862  0.353398  0.162103  0.533259  0.273614  0.098695  0.413911  0.239173  0.127866  0.163189  0.302145  0.315702 
22  0.119692  0.170713  0.418244  0.214614  0.088816  0.118225  0.356336  0.215033  0.287913  0.140968  0.112394  0.407406  0.173746  0.176292  0.175775  0.491865  0.845452  0.405546  0.182347  0.311851  0.453509  0.202318 0.0  0.307877  0.726599  0.379262  0.220871  0.401541  0.401771  0.244487  0.304411  0.419299  0.230497  0.222955  0.076870  0.347149  0.224201  0.378946  0.177344  0.336386  0.441786  0.389631  0.229888  0.230011  0.186436  0.274069  0.261355  0.185465  0.158871  0.287815  0.257481  0.393701  0.104971  0.178932  0.362896  0.341746  0.094896  0.184970  0.212082  0.352869 
23  0.247363  0.083279  0.215754  0.206972  0.302965  0.172241  0.239411  0.247604  0.218792  0.256077  0.363345  0.187252  0.238829  0.240786  0.180685  0.338139  0.644609  0.134546  0.253096  0.255646  0.344674  0.242627  0.307877 0.0  0.579815  0.340503  0.274941  0.489957  0.230750  0.268848  0.169504  0.197283  0.291820  0.150664  0.169030  0.172446  0.298264  0.270172  0.387366  0.305169  0.250796  0.373162  0.111145  0.188156  0.500658  0.252176  0.284298  0.198547  0.075962  0.166418  0.401798  0.336395  0.210791  0.335155  0.222572  0.186986  0.281485  0.390364  0.173829  0.258554 
24  0.858773  0.592600  0.384606  0.722605  0.798794  0.621611  0.690683  0.632359  0.828125  0.603552  0.741308  0.575233  0.784701  0.844158  0.687347  0.382533  0.136580  0.465156  0.773164  0.900150  0.206441  0.852234  0.726599  0.579815 0.0  0.764998  0.821965  0.895944  0.497664  0.894485  0.716443  0.465456  0.752021  0.707146  0.782804  0.458354  0.749377  0.823548  0.761053  0.759802  0.419732  0.750049  0.588295  0.780490  0.929352  0.599886  0.917999  0.618540  0.687895  0.398471  0.860893  0.446640  0.839623  0.876424  0.498634  0.670167  0.770095  0.770169  0.542516  0.438781 
25  0.125914  0.192606  0.518181  0.208407  0.176692  0.289874  0.357609  0.291065  0.117525  0.489561  0.289996  0.310209  0.252877  0.095072  0.112028  0.521605  0.782064  0.456884  0.086263  0.343850  0.473690  0.190332  0.379262  0.340503  0.764998 0.0  0.205629  0.156222  0.430296  0.312739  0.166454  0.272067  0.181028  0.226681  0.222115  0.388850  0.072229  0.142371  0.400835  0.460975  0.487472  0.447335  0.349099  0.072229  0.107330  0.348626  0.175255  0.160229  0.199421  0.515771  0.275156  0.524509  0.159456  0.072229  0.287290  0.259119  0.164469  0.072229  0.112518  0.469102 
26  0.166894  0.230455  0.455655  0.149516  0.331459  0.275276  0.425813  0.170298  0.242783  0.391644  0.333165  0.464870  0.311828  0.155626  0.267165  0.574631  0.912201  0.533677  0.208391  0.450539  0.522378  0.137244  0.220871  0.274941  0.821965  0.205629 0.0  0.183327  0.372843  0.171173  0.203559  0.356937  0.220747  0.190052  0.292630  0.498107  0.179139  0.100332  0.378992  0.495434  0.485034  0.548011  0.348105  0.121231  0.072229  0.407682  0.130794  0.267919  0.407870  0.431860  0.072229  0.574058  0.111390  0.113149  0.412427  0.295663  0.154868  0.225322  0.385108  0.433896 
27  0.135915  0.392644  0.682664  0.208127  0.287189  0.404044  0.460309  0.337503  0.159661  0.447590  0.260375  0.412642  0.460545  0.224148  0.345296  0.575716  1.000000  0.477246  0.140614  0.375678  0.607200  0.224506  0.401541  0.489957  0.895944  0.156222  0.183327 0.0  0.530792  0.338841  0.317456  0.454343  0.149078  0.213886  0.208486  0.463764  0.203373  0.204881  0.358622  0.534105  0.531251  0.616011  0.375833  0.187290  0.109594  0.476032  0.131602  0.366041  0.388737  0.399874  0.132522  0.612285  0.197208  0.181637  0.493582  0.410110  0.199665  0.261746  0.402829  0.600590 
28  0.424572  0.122631  0.150110  0.341584  0.287132  0.274573  0.266846  0.302419  0.340073  0.079376  0.443832  0.140707  0.285178  0.439573  0.245264  0.151309  0.465972  0.152378  0.461615  0.364563  0.249637  0.359593  0.401771  0.230750  0.497664  0.430296  0.372843  0.530792 0.0  0.311364  0.279925  0.172888  0.568928  0.281190  0.416442  0.117957  0.414934  0.521113  0.424353  0.316119  0.167294  0.394667  0.275146  0.330059  0.466282  0.126451  0.547099  0.244140  0.203862  0.182223  0.491353  0.188856  0.398953  0.412489  0.072229  0.135020  0.479972  0.453317  0.184602  0.072229 
29  0.176948  0.292182  0.449903  0.127803  0.240412  0.145514  0.243594  0.225404  0.128114  0.359965  0.266099  0.412410  0.168843  0.175810  0.155507  0.428097  0.871331  0.399034  0.196526  0.149102  0.629800  0.072229  0.244487  0.268848  0.894485  0.312739  0.171173  0.338841  0.311364 0.0  0.355102  0.555474  0.123545  0.293259  0.175540  0.406229  0.169539  0.205839  0.248190  0.287948  0.465593  0.335561  0.180963  0.212130  0.182963  0.362962  0.180173  0.129407  0.161171  0.351710  0.263028  0.377627  0.105706  0.193620  0.333518  0.167924  0.169497  0.157322  0.215980  0.374223 
30  0.120794  0.150648  0.319442  0.273907  0.286410  0.191638  0.186698  0.141681  0.257192  0.355491  0.336787  0.266146  0.378533  0.271351  0.072229  0.493165  0.748334  0.374790  0.254742  0.357137  0.463551  0.253812  0.304411  0.169504  0.716443  0.166454  0.203559  0.317456  0.279925  0.355102 0.0  0.211454  0.330195  0.079403  0.239755  0.262974  0.356633  0.367277  0.365917  0.487176  0.275951  0.393817  0.278668  0.100411  0.272427  0.263433  0.296710  0.253763  0.250603  0.198932  0.308797  0.374847  0.184487  0.296305  0.265889  0.315731  0.308321  0.289929  0.292807  0.419248 
31  0.410700  0.216848  0.158637  0.352130  0.485752  0.315936  0.138533  0.302971  0.337845  0.260644  0.468450  0.167945  0.362804  0.408958  0.341032  0.196131  0.559217  0.178928  0.456897  0.435433  0.072933  0.452605  0.419299  0.197283  0.465456  0.272067  0.356937  0.454343  0.172888  0.555474  0.211454 0.0  0.509076  0.289267  0.375950  0.206914  0.417110  0.482658  0.586844  0.446012  0.133195  0.547638  0.299538  0.399878  0.412094  0.131017  0.392041  0.249786  0.303162  0.213450  0.474677  0.261219  0.491349  0.557529  0.223876  0.462962  0.409267  0.471582  0.278891  0.187405 
32  0.217993  0.287368  0.489937  0.270465  0.237133  0.253733  0.527086  0.216407  0.223905  0.363664  0.217754  0.359014  0.199540  0.072229  0.231199  0.526888  0.831361  0.415965  0.161055  0.232442  0.494728  0.130274  0.230497  0.291820  0.752021  0.181028  0.220747  0.149078  0.568928  0.123545  0.330195  0.509076 0.0  0.244440  0.124574  0.439940  0.072229  0.122112  0.239202  0.375981  0.493183  0.520523  0.232197  0.168575  0.108318  0.427414  0.116692  0.236215  0.172077  0.424817  0.137496  0.475733  0.157617  0.201542  0.398419  0.336683  0.180263  0.126190  0.273271  0.412119 
33  0.181880  0.159241  0.472088  0.144345  0.239400  0.155150  0.228080  0.138914  0.130295  0.336958  0.270708  0.208117  0.266570  0.165589  0.140487  0.479037  0.710109  0.289889  0.193856  0.464471  0.323736  0.225255  0.222955  0.150664  0.707146  0.226681  0.190052  0.213886  0.281190  0.293259  0.079403  0.289267  0.244440 0.0  0.233565  0.347435  0.224267  0.220032  0.326399  0.234089  0.313273  0.480135  0.157847  0.079577  0.239620  0.283452  0.214110  0.186785  0.134751  0.359237  0.144451  0.372171  0.072229  0.112529  0.427884  0.184821  0.229271  0.137008  0.159694  0.457789 
34  0.200562  0.269405  0.537747  0.192112  0.149192  0.273337  0.364062  0.213830  0.120018  0.297271  0.224177  0.347782  0.254312  0.151883  0.116831  0.438655  0.893543  0.426903  0.072229  0.099216  0.499345  0.179343  0.076870  0.169030  0.782804  0.222115  0.292630  0.208486  0.416442  0.175540  0.239755  0.375950  0.124574  0.233565 0.0  0.355137  0.151388  0.095416  0.370189  0.249605  0.486642  0.440800  0.208062  0.072229  0.203314  0.279379  0.215864  0.182948  0.229757  0.327736  0.108914  0.537586  0.072229  0.187380  0.336564  0.252634  0.110165  0.112806  0.221580  0.323272 
35  0.309768  0.201394  0.155876  0.405378  0.283238  0.269966  0.185948  0.381489  0.455580  0.072229  0.333071  0.140586  0.202078  0.311836  0.307257  0.156131  0.598931  0.173863  0.437788  0.322125  0.239592  0.461494  0.347149  0.172446  0.458354  0.388850  0.498107  0.463764  0.117957  0.406229  0.262974  0.206914  0.439940  0.347435  0.355137 0.0  0.342140  0.525266  0.411583  0.318360  0.203174  0.356685  0.235383  0.372284  0.442978  0.076719  0.431080  0.235529  0.181839  0.072229  0.399757  0.261364  0.423834  0.381407  0.072229  0.188505  0.565942  0.419885  0.179650  0.176982 
36  0.242556  0.246393  0.471726  0.175072  0.145450  0.291754  0.407306  0.259564  0.135945  0.518861  0.218719  0.442431  0.158902  0.074464  0.263197  0.539368  0.889657  0.424095  0.186799  0.263799  0.539789  0.142628  0.224201  0.298264  0.749377  0.072229  0.179139  0.203373  0.414934  0.169539  0.356633  0.417110  0.072229  0.224267  0.151388  0.342140 0.0  0.269867  0.224410  0.308523  0.507915  0.569623  0.302934  0.072229  0.196743  0.403521  0.101645  0.099019  0.184845  0.395163  0.158033  0.549817  0.074063  0.116040  0.327589  0.178945  0.105895  0.072828  0.270650  0.377533 
37  0.142840  0.356247  0.478872  0.158882  0.264097  0.284439  0.258159  0.149620  0.167866  0.529529  0.346627  0.432534  0.311902  0.186812  0.256602  0.577130  0.919200  0.518881  0.153258  0.474065  0.612846  0.299640  0.378946  0.270172  0.823548  0.142371  0.100332  0.204881  0.521113  0.205839  0.367277  0.482658  0.122112  0.220032  0.095416  0.525266  0.269867 0.0  0.445768  0.391674  0.586881  0.612217  0.331664  0.171068  0.103701  0.413613  0.153848  0.347046  0.315828  0.461037  0.088378  0.620126  0.174159  0.120488  0.437707  0.309114  0.076885  0.232909  0.414932  0.394473 
38  0.287729  0.416956  0.486608  0.187094  0.375949  0.332476  0.476315  0.250064  0.287404  0.353757  0.100642  0.430397  0.168835  0.384142  0.286264  0.536449  0.873841  0.501337  0.295433  0.147201  0.532065  0.201752  0.177344  0.387366  0.761053  0.400835  0.378992  0.358622  0.424353  0.248190  0.365917  0.586844  0.239202  0.326399  0.370189  0.411583  0.224410  0.445768 0.0  0.246184  0.547872  0.229187  0.156655  0.227450  0.446530  0.352769  0.265093  0.191379  0.269140  0.331635  0.399194  0.559460  0.329494  0.475268  0.353907  0.142545  0.226117  0.266614  0.443395  0.380931 
39  0.379361  0.334803  0.321423  0.425267  0.237327  0.307598  0.375366  0.312871  0.406021  0.303929  0.332597  0.304494  0.331203  0.380957  0.308112  0.315007  0.775509  0.300806  0.461405  0.197528  0.466570  0.377298  0.336386  0.305169  0.759802  0.460975  0.495434  0.534105  0.316119  0.287948  0.487176  0.446012  0.375981  0.234089  0.249605  0.318360  0.308523  0.391674  0.246184 0.0  0.376196  0.258425  0.105704  0.279665  0.472981  0.263730  0.410964  0.283915  0.162101  0.263352  0.420086  0.449319  0.314322  0.504091  0.178827  0.202971  0.434159  0.444958  0.272578  0.237189 
40  0.462889  0.209631  0.285561  0.372944  0.497643  0.278676  0.185184  0.375211  0.380623  0.306972  0.574038  0.223768  0.532155  0.489563  0.373686  0.188000  0.376485  0.144383  0.506276  0.585298  0.199916  0.479523  0.441786  0.250796  0.419732  0.487472  0.485034  0.531251  0.167294  0.465593  0.275951  0.133195  0.493183  0.313273  0.486642  0.203174  0.507915  0.586881  0.547872  0.376196 0.0  0.655066  0.267647  0.376922  0.518435  0.179789  0.543059  0.386386  0.372715  0.223158  0.457134  0.168452  0.428203  0.427504  0.294532  0.283565  0.542325  0.450754  0.242150  0.238981 
41  0.486195  0.534004  0.477209  0.387126  0.351469  0.529338  0.556912  0.430719  0.551868  0.327644  0.382866  0.380250  0.327635  0.495635  0.427069  0.333885  0.804498  0.545297  0.508593  0.197849  0.544709  0.391470  0.389631  0.373162  0.750049  0.447335  0.548011  0.616011  0.394667  0.335561  0.393817  0.547638  0.520523  0.480135  0.440800  0.356685  0.569623  0.612217  0.229187  0.258425  0.655066 0.0  0.190925  0.439461  0.591316  0.422015  0.540020  0.375483  0.374143  0.395839  0.505590  0.532811  0.504145  0.414620  0.325031  0.219133  0.481266  0.504274  0.452753  0.373356 
42  0.376248  0.153928  0.407997  0.243535  0.213835  0.134607  0.202852  0.202978  0.346727  0.193539  0.154587  0.250349  0.239957  0.301271  0.140699  0.378487  0.763214  0.251816  0.210071  0.314232  0.440811  0.182958  0.229888  0.111145  0.588295  0.349099  0.348105  0.375833  0.275146  0.180963  0.278668  0.299538  0.232197  0.157847  0.208062  0.235383  0.302934  0.331664  0.156655  0.105704  0.267647  0.190925 0.0  0.221902  0.359337  0.239722  0.334375  0.102924  0.080508  0.220047  0.223213  0.351198  0.259693  0.328800  0.134052  0.110453  0.242663  0.245935  0.135281  0.240030 
43  0.079836  0.308791  0.380555  0.072229  0.132362  0.105278  0.305201  0.173737  0.153647  0.337095  0.217890  0.294819  0.233454  0.091349  0.240557  0.555942  0.739619  0.382636  0.072229  0.283111  0.466007  0.167046  0.230011  0.188156  0.780490  0.072229  0.121231  0.187290  0.330059  0.212130  0.100411  0.399878  0.168575  0.079577  0.072229  0.372284  0.072229  0.171068  0.227450  0.279665  0.376922  0.439461  0.221902 0.0  0.110780  0.255745  0.143936  0.273188  0.226217  0.333617  0.206617  0.537452  0.072229  0.112369  0.409838  0.221965  0.155196  0.107210  0.151087  0.421830 
44  0.078357  0.375838  0.449180  0.072229  0.241054  0.239481  0.375774  0.227417  0.228772  0.345820  0.303035  0.408322  0.278688  0.096898  0.240470  0.532501  0.936878  0.546493  0.076451  0.276489  0.575936  0.153553  0.186436  0.500658  0.929352  0.107330  0.072229  0.109594  0.466282  0.182963  0.272427  0.412094  0.108318  0.239620  0.203314  0.442978  0.196743  0.103701  0.446530  0.472981  0.518435  0.591316  0.359337  0.110780 0.0  0.379074  0.072229  0.188018  0.336565  0.369053  0.072229  0.637654  0.203740  0.170732  0.429058  0.322105  0.104571  0.096080  0.316714  0.514859 
45  0.292036  0.218349  0.240808  0.279883  0.447786  0.238514  0.219495  0.260977  0.429003  0.180814  0.259314  0.120573  0.299583  0.336714  0.257256  0.077410  0.578384  0.169728  0.357558  0.413557  0.199978  0.386615  0.274069  0.252176  0.599886  0.348626  0.407682  0.476032  0.126451  0.362962  0.263433  0.131017  0.427414  0.283452  0.279379  0.076719  0.403521  0.413613  0.352769  0.263730  0.179789  0.422015  0.239722  0.255745  0.379074 0.0  0.440586  0.372154  0.182746  0.232366  0.389880  0.274045  0.422383  0.502702  0.135573  0.206793  0.426541  0.373588  0.114517  0.153412 
46  0.098246  0.292837  0.581225  0.197773  0.343521  0.291382  0.294436  0.089826  0.217225  0.362636  0.318237  0.375255  0.244368  0.072229  0.140319  0.535348  0.840984  0.482692  0.189925  0.375943  0.602347  0.111082  0.261355  0.284298  0.917999  0.175255  0.130794  0.131602  0.547099  0.180173  0.296710  0.392041  0.116692  0.214110  0.215864  0.431080  0.101645  0.153848  0.265093  0.410964  0.543059  0.540020  0.334375  0.143936  0.072229  0.440586 0.0  0.244094  0.341477  0.525340  0.163765  0.587004  0.128292  0.110165  0.427128  0.355356  0.082983  0.104636  0.334101  0.303790 
47  0.197911  0.148797  0.408158  0.262214  0.116886  0.080707  0.235427  0.294370  0.160427  0.145443  0.216667  0.103418  0.072229  0.092538  0.098891  0.429766  0.867075  0.330104  0.180987  0.114997  0.410917  0.189688  0.185465  0.198547  0.618540  0.160229  0.267919  0.366041  0.244140  0.129407  0.253763  0.249786  0.236215  0.186785  0.182948  0.235529  0.099019  0.347046  0.191379  0.283915  0.386386  0.375483  0.102924  0.273188  0.188018  0.372154  0.244094 0.0  0.146045  0.209141  0.222343  0.430292  0.173403  0.246591  0.271459  0.122223  0.218734  0.111381  0.290690  0.290910 
48  0.202628  0.144934  0.324410  0.182468  0.175283  0.072229  0.239798  0.218283  0.247009  0.269785  0.202818  0.196641  0.175767  0.260791  0.190772  0.371192  0.755308  0.317750  0.251906  0.338451  0.354074  0.211862  0.158871  0.075962  0.687895  0.199421  0.407870  0.388737  0.203862  0.161171  0.250603  0.303162  0.172077  0.134751  0.229757  0.181839  0.184845  0.315828  0.269140  0.162101  0.372715  0.374143  0.080508  0.226217  0.336565  0.182746  0.341477  0.146045 0.0  0.149255  0.389409  0.525425  0.157916  0.254604  0.134964  0.079612  0.331535  0.126436  0.192714  0.243945 
49  0.232387  0.074152  0.187593  0.361394  0.359860  0.218204  0.234847  0.272738  0.321616  0.144389  0.410861  0.183034  0.259991  0.331334  0.251569  0.151939  0.639220  0.166154  0.439838  0.409338  0.299191  0.353398  0.287815  0.166418  0.398471  0.515771  0.431860  0.399874  0.182223  0.351710  0.198932  0.213450  0.424817  0.359237  0.327736  0.072229  0.395163  0.461037  0.331635  0.263352  0.223158  0.395839  0.220047  0.333617  0.369053  0.232366  0.525340  0.209141  0.149255 0.0  0.430355  0.197036  0.347951  0.338897  0.072229  0.113592  0.427298  0.456666  0.129159  0.239198 
50  0.072229  0.221169  0.449139  0.188992  0.278921  0.222091  0.306203  0.255965  0.151039  0.325402  0.332507  0.365407  0.306289  0.072229  0.112064  0.578689  0.815231  0.488826  0.113076  0.391839  0.505993  0.162103  0.257481  0.401798  0.860893  0.275156  0.072229  0.132522  0.491353  0.263028  0.308797  0.474677  0.137496  0.144451  0.108914  0.399757  0.158033  0.088378  0.399194  0.420086  0.457134  0.505590  0.223213  0.206617  0.072229  0.389880  0.163765  0.222343  0.389409  0.430355 0.0  0.495274  0.106140  0.135595  0.448187  0.181267  0.072229  0.140878  0.268501  0.387342 
51  0.517699  0.249897  0.235017  0.464677  0.478198  0.460597  0.335345  0.443430  0.420584  0.181781  0.460496  0.295085  0.531114  0.455846  0.430829  0.074499  0.348803  0.223290  0.594450  0.464718  0.142294  0.533259  0.393701  0.336395  0.446640  0.524509  0.574058  0.612285  0.188856  0.377627  0.374847  0.261219  0.475733  0.372171  0.537586  0.261364  0.549817  0.620126  0.559460  0.449319  0.168452  0.532811  0.351198  0.537452  0.637654  0.274045  0.587004  0.430292  0.525425  0.197036  0.495274 0.0  0.537185  0.566899  0.143933  0.410351  0.545506  0.508956  0.347387  0.278059 
52  0.072229  0.255517  0.457196  0.109535  0.174359  0.139083  0.222670  0.075338  0.247049  0.353777  0.278457  0.315681  0.264840  0.104356  0.105764  0.566712  0.860808  0.443042  0.133096  0.261825  0.437368  0.273614  0.104971  0.210791  0.839623  0.159456  0.111390  0.197208  0.398953  0.105706  0.184487  0.491349  0.157617  0.072229  0.072229  0.423834  0.074063  0.174159  0.329494  0.314322  0.428203  0.504145  0.259693  0.072229  0.203740  0.422383  0.128292  0.173403  0.157916  0.347951  0.106140  0.537185 0.0  0.081300  0.408136  0.221431  0.188014  0.072229  0.261983  0.388809 
53  0.072229  0.305154  0.421207  0.128769  0.222038  0.226748  0.301758  0.243338  0.227760  0.370474  0.425714  0.305811  0.179270  0.116620  0.261081  0.478568  0.867431  0.481502  0.163939  0.277451  0.580192  0.098695  0.178932  0.335155  0.876424  0.072229  0.113149  0.181637  0.412489  0.193620  0.296305  0.557529  0.201542  0.112529  0.187380  0.381407  0.116040  0.120488  0.475268  0.504091  0.427504  0.414620  0.328800  0.112369  0.170732  0.502702  0.110165  0.246591  0.254604  0.338897  0.135595  0.566899  0.081300 0.0  0.414642  0.362540  0.219406  0.094344  0.290668  0.361823 
54  0.372139  0.227685  0.184350  0.395011  0.357923  0.227240  0.312345  0.314150  0.400786  0.138744  0.292533  0.197612  0.307936  0.604368  0.308714  0.182597  0.582570  0.212995  0.368758  0.321729  0.212999  0.413911  0.362896  0.222572  0.498634  0.287290  0.412427  0.493582  0.072229  0.333518  0.265889  0.223876  0.398419  0.427884  0.336564  0.072229  0.327589  0.437707  0.353907  0.178827  0.294532  0.325031  0.134052  0.409838  0.429058  0.135573  0.427128  0.271459  0.134964  0.072229  0.448187  0.143933  0.408136  0.414642 0.0  0.215648  0.532912  0.383062  0.080342  0.099328 
55  0.211673  0.157338  0.351834  0.310683  0.145313  0.206998  0.295174  0.251448  0.217018  0.175398  0.132647  0.374267  0.097889  0.197507  0.298542  0.330131  0.610422  0.381691  0.326425  0.195533  0.458426  0.239173  0.341746  0.186986  0.670167  0.259119  0.295663  0.410110  0.135020  0.167924  0.315731  0.462962  0.336683  0.184821  0.252634  0.188505  0.178945  0.309114  0.142545  0.202971  0.283565  0.219133  0.110453  0.221965  0.322105  0.206793  0.355356  0.122223  0.079612  0.113592  0.181267  0.410351  0.221431  0.362540  0.215648 0.0  0.328801  0.233556  0.216616  0.138368 
56  0.072229  0.383180  0.430896  0.208857  0.259133  0.218292  0.361044  0.173354  0.072229  0.397606  0.369014  0.393728  0.242277  0.103915  0.299678  0.497116  0.849505  0.394974  0.077422  0.295394  0.469125  0.127866  0.094896  0.281485  0.770095  0.164469  0.154868  0.199665  0.479972  0.169497  0.308321  0.409267  0.180263  0.229271  0.110165  0.565942  0.105895  0.076885  0.226117  0.434159  0.542325  0.481266  0.242663  0.155196  0.104571  0.426541  0.082983  0.218734  0.331535  0.427298  0.072229  0.545506  0.188014  0.219406  0.532912  0.328801 0.0  0.195563  0.374974  0.467116 
57  0.072229  0.386127  0.497115  0.215570  0.076188  0.271546  0.444717  0.246703  0.072229  0.359054  0.181910  0.361413  0.147725  0.187166  0.104330  0.483957  0.809548  0.348219  0.154634  0.205213  0.683548  0.163189  0.184970  0.390364  0.770169  0.072229  0.225322  0.261746  0.453317  0.157322  0.289929  0.471582  0.126190  0.137008  0.112806  0.419885  0.072828  0.232909  0.266614  0.444958  0.450754  0.504274  0.245935  0.107210  0.096080  0.373588  0.104636  0.111381  0.126436  0.456666  0.140878  0.508956  0.072229  0.094344  0.383062  0.233556  0.195563 0.0  0.199458  0.252972 
58  0.144965  0.191941  0.404206  0.131871  0.235664  0.218358  0.264463  0.161310  0.213387  0.215983  0.309255  0.140776  0.323244  0.190701  0.131157  0.296951  0.620365  0.323169  0.226725  0.373240  0.511579  0.302145  0.212082  0.173829  0.542516  0.112518  0.385108  0.402829  0.184602  0.215980  0.292807  0.278891  0.273271  0.159694  0.221580  0.179650  0.270650  0.414932  0.443395  0.272578  0.242150  0.452753  0.135281  0.151087  0.316714  0.114517  0.334101  0.290690  0.192714  0.129159  0.268501  0.347387  0.261983  0.290668  0.080342  0.216616  0.374974  0.199458 0.0  0.118532 
59  0.330191  0.287943  0.201397  0.373965  0.283062  0.236118  0.231855  0.303297  0.328532  0.087294  0.354098  0.215261  0.298596  0.507652  0.217918  0.161609  0.538826  0.240673  0.395650  0.326886  0.284154  0.315702  0.352869  0.258554  0.438781  0.469102  0.433896  0.600590  0.072229  0.374223  0.419248  0.187405  0.412119  0.457789  0.323272  0.176982  0.377533  0.394473  0.380931  0.237189  0.238981  0.373356  0.240030  0.421830  0.514859  0.153412  0.303790  0.290910  0.243945  0.239198  0.387342  0.278059  0.388809  0.361823  0.099328  0.138368  0.467116  0.252972  0.118532 0.0 
