60
0 0.0  0.214462  0.449595  0.079719  0.311295  0.176684  0.331017  0.184619  0.082280  0.333828  0.250242  0.389495  0.260415  0.211649  0.223696  0.500958  0.927696  0.378520  0.093878  0.277209  0.521029  0.282034  0.247972  0.253892  0.680106  0.085723  0.155046  0.124229  0.324826  0.129013  0.195643  0.404163  0.309316  0.094471  0.071287  0.296112  0.111628  0.071287  0.338455  0.345669  0.387164  0.393027  0.324799  0.102129  0.132064  0.461878  0.113500  0.241806  0.221716  0.432134  0.113420  0.472131  0.132514  0.074971  0.428175  0.239160  0.099573  0.179503  0.250786  0.363195 
1  0.214462 0.0  0.262022  0.147175  0.267264  0.085336  0.230375  0.143884  0.330008  0.206512  0.211653  0.248974  0.295964  0.183581  0.079810  0.341785  0.634116  0.331103  0.224350  0.326308  0.344053  0.238723  0.281330  0.109482  0.521713  0.309606  0.246707  0.286510  0.287481  0.199500  0.071287  0.221595  0.295964  0.134153  0.237669  0.320571  0.269065  0.331936  0.477165  0.324761  0.306341  0.333902  0.199332  0.345277  0.372538  0.093070  0.327146  0.251499  0.071287  0.248918  0.257270  0.401986  0.116747  0.187535  0.153425  0.231842  0.353524  0.192907  0.078923  0.238532 
2  0.449595  0.262022 0.0  0.363908  0.448648  0.335469  0.310770  0.330552  0.441430  0.257008  0.597191  0.308193  0.424604  0.466259  0.384952  0.137264  0.487249  0.092348  0.573801  0.460645  0.214356  0.514885  0.488020  0.265566  0.435897  0.416628  0.471275  0.610179  0.238420  0.369884  0.292313  0.203782  0.592609  0.380699  0.477927  0.210811  0.406128  0.466121  0.533510  0.431774  0.106695  0.568763  0.402826  0.460702  0.522548  0.162103  0.477198  0.238188  0.383570  0.134316  0.522185  0.115624  0.515652  0.499687  0.122215  0.400431  0.526097  0.444333  0.402348  0.219409 
3  0.079719  0.147175  0.363908 0.0  0.326938  0.139989  0.290856  0.221929  0.071648  0.243943  0.233273  0.314832  0.192730  0.105439  0.103312  0.540011  0.841454  0.374971  0.229342  0.296055  0.499897  0.162348  0.179133  0.199402  0.781431  0.146827  0.293068  0.190213  0.448414  0.107664  0.180236  0.468164  0.262486  0.131794  0.128227  0.273802  0.228125  0.150910  0.209858  0.314119  0.414177  0.461780  0.225610  0.071287  0.141168  0.373994  0.237296  0.182303  0.295877  0.198558  0.149943  0.474874  0.071287  0.223195  0.315294  0.156376  0.071287  0.137203  0.137576  0.254286 
4  0.311295  0.267264  0.448648  0.326938 0.0  0.168042  0.419384  0.278935  0.160017  0.311714  0.141056  0.288236  0.101873  0.335843  0.231271  0.439493  0.896606  0.526893  0.217421  0.210055  0.498799  0.071287  0.115425  0.363299  0.724896  0.278125  0.409037  0.285737  0.367630  0.185801  0.390133  0.419081  0.251338  0.222074  0.192853  0.341282  0.199369  0.318446  0.148801  0.340751  0.448775  0.309911  0.247009  0.266693  0.192784  0.340297  0.292996  0.173486  0.148095  0.235565  0.240525  0.488289  0.209419  0.189997  0.341180  0.120716  0.170720  0.158474  0.234110  0.251083 
5  0.176684  0.085336  0.335469  0.139989  0.168042 0.0  0.251271  0.173241  0.154760  0.277278  0.225151  0.260591  0.254878  0.232763  0.093605  0.428592  0.807948  0.194266  0.222357  0.298315  0.434201  0.236261  0.071287  0.107412  0.570761  0.212150  0.262946  0.287055  0.260627  0.215512  0.141931  0.333538  0.142322  0.123107  0.171078  0.234596  0.171470  0.308825  0.227905  0.357597  0.261873  0.351912  0.204721  0.176290  0.314714  0.231152  0.296930  0.121115  0.158049  0.120346  0.364335  0.341452  0.100202  0.249612  0.170606  0.211305  0.283904  0.198536  0.103643  0.335723 
6  0.331017  0.230375  0.310770  0.290856  0.419384  0.251271 0.0  0.159946  0.456114  0.348216  0.364000  0.215428  0.295232  0.341335  0.303839  0.309980  0.658337  0.243681  0.309794  0.493883  0.328028  0.344123  0.392040  0.213316  0.560641  0.293856  0.395457  0.462761  0.246410  0.359486  0.166303  0.167230  0.434726  0.219742  0.342315  0.322150  0.539450  0.501586  0.469797  0.441272  0.135402  0.504470  0.297190  0.311165  0.348635  0.190721  0.340091  0.299892  0.214200  0.207036  0.434075  0.251780  0.245665  0.272694  0.277512  0.344402  0.401029  0.397900  0.121903  0.168158 
7  0.184619  0.143884  0.330552  0.221929  0.278935  0.173241  0.159946 0.0  0.248875  0.251168  0.341619  0.226058  0.336275  0.275543  0.131091  0.420107  0.764980  0.284921  0.222063  0.256283  0.438748  0.120943  0.248130  0.158535  0.625757  0.090475  0.228739  0.300567  0.297110  0.275101  0.161666  0.218147  0.188715  0.071287  0.179388  0.318409  0.107724  0.105833  0.382580  0.348592  0.350194  0.327120  0.185181  0.146388  0.277503  0.187651  0.138960  0.126635  0.232760  0.287120  0.200185  0.493152  0.134586  0.113149  0.287246  0.271669  0.195501  0.071287  0.287862  0.380039 
8  0.082280  0.330008  0.441430  0.071648  0.160017  0.154760  0.456114  0.248875 0.0  0.349657  0.242025  0.313643  0.165102  0.078730  0.161194  0.445167  0.826338  0.433291  0.071287  0.266676  0.517868  0.187218  0.269126  0.134635  0.778241  0.071287  0.190719  0.193690  0.462239  0.071287  0.278909  0.441175  0.158064  0.160074  0.136983  0.404144  0.225324  0.153102  0.258136  0.349512  0.407998  0.430525  0.322184  0.143950  0.124463  0.270222  0.250670  0.250634  0.239605  0.413769  0.123761  0.555404  0.144285  0.110867  0.329338  0.237389  0.106085  0.174877  0.211544  0.411982 
9  0.333828  0.206512  0.257008  0.243943  0.311714  0.277278  0.348216  0.251168  0.349657 0.0  0.274478  0.111408  0.227713  0.273499  0.314277  0.186112  0.647029  0.107743  0.362365  0.270201  0.422460  0.330014  0.143077  0.284400  0.592308  0.376876  0.474791  0.332672  0.098094  0.358518  0.218400  0.268414  0.411782  0.344263  0.326634  0.133922  0.374488  0.317546  0.317260  0.185664  0.270359  0.344629  0.071287  0.262005  0.267243  0.135578  0.322734  0.160647  0.150830  0.177914  0.366544  0.229312  0.393736  0.396089  0.121113  0.132051  0.462584  0.320758  0.191326  0.083039 
10  0.250242  0.211653  0.597191  0.233273  0.141056  0.225151  0.364000  0.341619  0.242025  0.274478 0.0  0.347448  0.123179  0.187554  0.316915  0.482263  0.905822  0.431899  0.284331  0.096158  0.458508  0.232196  0.210655  0.323659  0.799940  0.348040  0.405855  0.387633  0.499443  0.143456  0.300939  0.462159  0.231611  0.266724  0.189259  0.401423  0.271151  0.282705  0.120890  0.166041  0.399169  0.270454  0.193072  0.223518  0.267340  0.351928  0.386453  0.254454  0.089400  0.452288  0.321364  0.544701  0.278421  0.344839  0.380702  0.280112  0.294151  0.174432  0.258009  0.307137 
11  0.389495  0.248974  0.308193  0.314832  0.288236  0.260591  0.215428  0.226058  0.313643  0.111408  0.347448 0.0  0.371818  0.374547  0.161955  0.314324  0.543868  0.249812  0.312886  0.396399  0.162396  0.319772  0.297450  0.125236  0.603673  0.379838  0.527571  0.463687  0.166002  0.350750  0.226263  0.090368  0.391747  0.257178  0.251311  0.173482  0.400089  0.354333  0.448116  0.342399  0.224790  0.412538  0.202875  0.240653  0.508520  0.180228  0.356131  0.161369  0.124884  0.168251  0.366860  0.257981  0.276571  0.374519  0.134606  0.215967  0.273264  0.231223  0.071287  0.174309 
12  0.260415  0.295964  0.424604  0.192730  0.101873  0.254878  0.295232  0.336275  0.165102  0.227713  0.123179  0.371818 0.0  0.254012  0.228364  0.393004  0.765094  0.317835  0.294278  0.071287  0.500071  0.195309  0.108367  0.291195  0.683565  0.285067  0.280119  0.292236  0.294246  0.100661  0.289293  0.462180  0.220344  0.326051  0.170920  0.408851  0.155868  0.357637  0.164576  0.155297  0.347540  0.315909  0.267826  0.242230  0.261612  0.307484  0.240106  0.124169  0.222673  0.196095  0.216575  0.483582  0.288120  0.204634  0.301240  0.114648  0.299592  0.155101  0.253612  0.311987 
13  0.211649  0.183581  0.466259  0.105439  0.335843  0.232763  0.341335  0.275543  0.078730  0.273499  0.187554  0.374547  0.254012 0.0  0.223173  0.467249  0.892478  0.503945  0.109204  0.332334  0.560983  0.072913  0.180659  0.268172  0.744641  0.167048  0.180040  0.303246  0.483603  0.214296  0.205387  0.430084  0.097760  0.130725  0.189414  0.395947  0.086246  0.223732  0.295472  0.407115  0.468316  0.453597  0.273930  0.114665  0.135076  0.301851  0.227132  0.165851  0.126571  0.339316  0.159635  0.580969  0.071287  0.106417  0.400732  0.190284  0.071287  0.077351  0.380882  0.479672 
14  0.223696  0.079810  0.384952  0.103312  0.231271  0.093605  0.303839  0.131091  0.161194  0.314277  0.316915  0.161955  0.228364  0.223173 0.0  0.491857  0.747728  0.388959  0.142403  0.286350  0.440005  0.155631  0.117856  0.162639  0.773176  0.126996  0.210799  0.347743  0.293157  0.292230  0.225352  0.312224  0.202298  0.144245  0.174994  0.295239  0.206688  0.182254  0.314367  0.342852  0.366183  0.401348  0.210187  0.128538  0.176260  0.351402  0.164576  0.206500  0.215724  0.267814  0.199616  0.368642  0.090339  0.204873  0.258883  0.285238  0.164361  0.151882  0.195843  0.234304 
15  0.500958  0.341785  0.137264  0.540011  0.439493  0.428592  0.309980  0.420107  0.445167  0.186112  0.482263  0.314324  0.393004  0.467249  0.491857 0.0  0.516448  0.076369  0.605659  0.497510  0.072849  0.559350  0.516789  0.324303  0.291761  0.352433  0.557624  0.610601  0.295696  0.561352  0.455228  0.301442  0.576672  0.523951  0.518252  0.330871  0.617451  0.537294  0.491589  0.432124  0.156974  0.515718  0.437443  0.431239  0.517450  0.189667  0.451627  0.359021  0.495980  0.258610  0.432886  0.128821  0.468932  0.696390  0.136115  0.451512  0.492399  0.468058  0.311115  0.134821 
16  0.927696  0.634116  0.487249  0.841454  0.896606  0.807948  0.658337  0.764980  0.826338  0.647029  0.905822  0.543868  0.765094  0.892478  0.747728  0.516448 0.0  0.614814  0.873004  0.827868  0.338927  0.787938  0.830884  0.766572  0.175552  0.763980  0.882266  0.903473  0.513606  0.877432  0.842791  0.543685  0.756009  0.695828  0.789887  0.515097  0.999330  0.984154  0.885856  0.809972  0.514442  0.683336  0.559380  0.896375  1.000000  0.646332  0.866402  0.786867  0.718017  0.532215  0.922993  0.397232  0.777852  0.872476  0.633023  0.719321  0.885648  0.815691  0.727205  0.579008 
17  0.378520  0.331103  0.092348  0.374971  0.526893  0.194266  0.243681  0.284921  0.433291  0.107743  0.431899  0.249812  0.317835  0.503945  0.388959  0.076369  0.614814 0.0  0.359458  0.458508  0.255649  0.371397  0.457825  0.134491  0.467720  0.295143  0.649836  0.544722  0.108078  0.432121  0.348037  0.128386  0.431812  0.449992  0.246989  0.093120  0.500923  0.399728  0.565256  0.359551  0.108944  0.463314  0.340474  0.323918  0.378275  0.102818  0.507542  0.272267  0.216115  0.159094  0.490717  0.139044  0.391959  0.478971  0.134833  0.315972  0.395388  0.459329  0.229975  0.218862 
18  0.093878  0.224350  0.573801  0.229342  0.217421  0.222357  0.309794  0.222063  0.071287  0.362365  0.284331  0.312886  0.294278  0.109204  0.142403  0.605659  0.873004  0.359458 0.0  0.411039  0.597119  0.190883  0.181952  0.292742  0.753230  0.071287  0.119345  0.206154  0.449613  0.124765  0.277331  0.449276  0.097849  0.210513  0.152071  0.325871  0.188179  0.095922  0.279668  0.394044  0.430797  0.550320  0.300427  0.138653  0.096052  0.367842  0.071287  0.217883  0.258429  0.437668  0.071287  0.565341  0.146645  0.098082  0.369550  0.246741  0.135697  0.247769  0.325408  0.528253 
19  0.277209  0.326308  0.460645  0.296055  0.210055  0.298315  0.493883  0.256283  0.266676  0.270201  0.096158  0.396399  0.071287  0.332334  0.286350  0.497510  0.827868  0.458508  0.411039 0.0  0.569472  0.265016  0.283346  0.315533  0.813602  0.275257  0.397487  0.387043  0.332976  0.233314  0.377276  0.520889  0.242665  0.291006  0.365358  0.365645  0.292494  0.299791  0.071287  0.316863  0.547999  0.369939  0.267537  0.263877  0.299739  0.352985  0.369180  0.184706  0.299066  0.370662  0.292862  0.551305  0.246076  0.325263  0.346376  0.137603  0.237843  0.199257  0.339573  0.426782 
20  0.521029  0.344053  0.214356  0.499897  0.498799  0.434201  0.328028  0.438748  0.517868  0.422460  0.458508  0.162396  0.500071  0.560983  0.440005  0.072849  0.338927  0.255649  0.597119  0.569472 0.0  0.565729  0.506717  0.387820  0.379034  0.443228  0.473603  0.617842  0.227871  0.613432  0.524263  0.252879  0.682230  0.466046  0.619734  0.233086  0.525273  0.578716  0.544211  0.549809  0.132083  0.403148  0.377620  0.452515  0.568666  0.224276  0.541579  0.422027  0.415532  0.194885  0.536953  0.189255  0.581340  0.553587  0.314027  0.373793  0.460485  0.485145  0.311953  0.203126 
21  0.282034  0.238723  0.514885  0.162348  0.071287  0.236261  0.344123  0.120943  0.187218  0.330014  0.232196  0.319772  0.195309  0.072913  0.155631  0.559350  0.787938  0.371397  0.190883  0.265016  0.565729 0.0  0.220042  0.204385  0.872400  0.102094  0.130505  0.259647  0.391263  0.138082  0.338248  0.572299  0.137851  0.291803  0.071287  0.455384  0.113845  0.269057  0.209521  0.367048  0.513027  0.460479  0.203034  0.228700  0.140795  0.400028  0.248939  0.182422  0.071287  0.342428  0.244809  0.554158  0.191491  0.245343  0.516313  0.261057  0.178770  0.114242  0.335669  0.339225 
22  0.247972  0.281330  0.488020  0.179133  0.115425  0.071287  0.392040  0.248130  0.269126  0.143077  0.210655  0.297450  0.108367  0.180659  0.117856  0.516789  0.830884  0.457825  0.181952  0.283346  0.506717  0.220042 0.0  0.210874  0.748487  0.234795  0.283971  0.279860  0.261504  0.176017  0.219974  0.395108  0.175323  0.310533  0.102763  0.303149  0.216941  0.218469  0.182904  0.324953  0.460685  0.428365  0.172586  0.117464  0.203526  0.333875  0.233965  0.158428  0.126245  0.179412  0.187722  0.348938  0.100367  0.202596  0.390912  0.213599  0.124863  0.196171  0.245913  0.343074 
23  0.253892  0.109482  0.265566  0.199402  0.363299  0.107412  0.213316  0.158535  0.134635  0.284400  0.323659  0.125236  0.291195  0.268172  0.162639  0.324303  0.766572  0.134491  0.292742  0.315533  0.387820  0.204385  0.210874 0.0  0.584535  0.349134  0.297870  0.421662  0.236222  0.382026  0.172688  0.244309  0.330632  0.255719  0.305793  0.299117  0.441109  0.282367  0.424217  0.246919  0.180615  0.332607  0.164116  0.179113  0.340889  0.171405  0.314253  0.198355  0.177501  0.142797  0.353407  0.185446  0.314869  0.344854  0.176833  0.296097  0.468175  0.280321  0.134729  0.275795 
24  0.680106  0.521713  0.435897  0.781431  0.724896  0.570761  0.560641  0.625757  0.778241  0.592308  0.799940  0.603673  0.683565  0.744641  0.773176  0.291761  0.175552  0.467720  0.753230  0.813602  0.379034  0.872400  0.748487  0.584535 0.0  0.910467  0.982427  0.942248  0.483514  0.807624  0.598531  0.516398  0.851819  0.652392  0.743018  0.465637  0.801238  0.943067  0.840707  0.678383  0.498921  0.642766  0.602131  0.812086  0.900186  0.466868  0.811015  0.716234  0.691742  0.531548  0.796236  0.347291  0.873846  0.829652  0.533764  0.654810  0.881168  0.814897  0.542635  0.549298 
25  0.085723  0.309606  0.416628  0.146827  0.278125  0.212150  0.293856  0.090475  0.071287  0.376876  0.348040  0.379838  0.285067  0.167048  0.126996  0.352433  0.763980  0.295143  0.071287  0.275257  0.443228  0.102094  0.234795  0.349134  0.910467 0.0  0.155197  0.244580  0.350962  0.141659  0.213730  0.386811  0.145516  0.303707  0.109572  0.495319  0.168014  0.112043  0.207368  0.430130  0.395888  0.523358  0.248995  0.071287  0.089770  0.344496  0.074910  0.283984  0.300719  0.328117  0.160871  0.557852  0.084350  0.096851  0.401908  0.288919  0.099552  0.200553  0.337133  0.397028 
26  0.155046  0.246707  0.471275  0.293068  0.409037  0.262946  0.395457  0.228739  0.190719  0.474791  0.405855  0.527571  0.280119  0.180040  0.210799  0.557624  0.882266  0.649836  0.119345  0.397487  0.473603  0.130505  0.283971  0.297870  0.982427  0.155197 0.0  0.120409  0.416856  0.298392  0.164676  0.420063  0.163488  0.227178  0.304568  0.379599  0.280115  0.071287  0.435577  0.556892  0.457112  0.669362  0.355239  0.204382  0.071287  0.342152  0.199967  0.175928  0.312889  0.511894  0.177483  0.656030  0.216709  0.138693  0.500682  0.386303  0.157738  0.202167  0.359729  0.517215 
27  0.124229  0.286510  0.610179  0.190213  0.285737  0.287055  0.462761  0.300567  0.193690  0.332672  0.387633  0.463687  0.292236  0.303246  0.347743  0.610601  0.903473  0.544722  0.206154  0.387043  0.617842  0.259647  0.279860  0.421662  0.942248  0.244580  0.120409 0.0  0.605865  0.267033  0.322904  0.496472  0.195603  0.221049  0.337028  0.570568  0.288887  0.286523  0.505298  0.397486  0.590305  0.648164  0.402861  0.208441  0.211569  0.517824  0.084787  0.428475  0.426154  0.502459  0.146731  0.577344  0.284654  0.241318  0.568564  0.465305  0.190529  0.245324  0.404310  0.572429 
28  0.324826  0.287481  0.238420  0.448414  0.367630  0.260627  0.246410  0.297110  0.462239  0.098094  0.499443  0.166002  0.294246  0.483603  0.293157  0.295696  0.513606  0.108078  0.449613  0.332976  0.227871  0.391263  0.261504  0.236222  0.483514  0.350962  0.416856  0.605865 0.0  0.398309  0.324039  0.244809  0.468619  0.380978  0.337186  0.152056  0.563143  0.469577  0.388420  0.331907  0.096706  0.358084  0.330376  0.491652  0.482879  0.221744  0.393929  0.155281  0.205889  0.123921  0.334243  0.304554  0.386880  0.429613  0.104045  0.193697  0.483073  0.397737  0.118733  0.189786 
29  0.129013  0.199500  0.369884  0.107664  0.185801  0.215512  0.359486  0.275101  0.071287  0.358518  0.143456  0.350750  0.100661  0.214296  0.292230  0.561352  0.877432  0.432121  0.124765  0.233314  0.613432  0.138082  0.176017  0.382026  0.807624  0.141659  0.298392  0.267033  0.398309 0.0  0.283254  0.443168  0.093184  0.190077  0.220489  0.418330  0.151784  0.209106  0.238826  0.317747  0.511721  0.415495  0.123524  0.075464  0.183336  0.484264  0.131391  0.204376  0.204410  0.255195  0.097287  0.649328  0.087044  0.207041  0.393297  0.359181  0.130404  0.080080  0.315471  0.493857 
30  0.195643  0.071287  0.292313  0.180236  0.390133  0.141931  0.166303  0.161666  0.278909  0.218400  0.300939  0.226263  0.289293  0.205387  0.225352  0.455228  0.842791  0.348037  0.277331  0.377276  0.524263  0.338248  0.219974  0.172688  0.598531  0.213730  0.164676  0.322904  0.324039  0.283254 0.0  0.229490  0.384827  0.071881  0.184648  0.288721  0.301249  0.206704  0.448454  0.453929  0.282772  0.448395  0.224154  0.149299  0.255830  0.249995  0.260578  0.257907  0.192035  0.203879  0.352591  0.393336  0.199107  0.238988  0.353778  0.220688  0.289160  0.321989  0.203652  0.298716 
31  0.404163  0.221595  0.203782  0.468164  0.419081  0.333538  0.167230  0.218147  0.441175  0.268414  0.462159  0.090368  0.462180  0.430084  0.312224  0.301442  0.543685  0.128386  0.449276  0.520889  0.252879  0.572299  0.395108  0.244309  0.516398  0.386811  0.420063  0.496472  0.244809  0.443168  0.229490 0.0  0.541530  0.397474  0.397774  0.209388  0.436318  0.560463  0.558812  0.451033  0.141048  0.491783  0.367925  0.360239  0.497895  0.071287  0.456160  0.363101  0.253239  0.237332  0.355738  0.225654  0.375975  0.468518  0.328254  0.246452  0.402205  0.501092  0.341065  0.278473 
32  0.309316  0.295964  0.592609  0.262486  0.251338  0.142322  0.434726  0.188715  0.158064  0.411782  0.231611  0.391747  0.220344  0.097760  0.202298  0.576672  0.756009  0.431812  0.097849  0.242665  0.682230  0.137851  0.175323  0.330632  0.851819  0.145516  0.163488  0.195603  0.468619  0.093184  0.384827  0.541530 0.0  0.244467  0.171362  0.419849  0.080470  0.160908  0.316007  0.352493  0.523434  0.577190  0.258649  0.078647  0.265366  0.331828  0.124452  0.332899  0.215393  0.517469  0.223421  0.589225  0.143596  0.071287  0.525266  0.291111  0.114916  0.098382  0.421354  0.360430 
33  0.094471  0.134153  0.380699  0.131794  0.222074  0.123107  0.219742  0.071287  0.160074  0.344263  0.266724  0.257178  0.326051  0.130725  0.144245  0.523951  0.695828  0.449992  0.210513  0.291006  0.466046  0.291803  0.310533  0.255719  0.652392  0.303707  0.227178  0.221049  0.380978  0.190077  0.071881  0.397474  0.244467 0.0  0.117866  0.254044  0.308591  0.236605  0.342275  0.330009  0.383817  0.432983  0.273146  0.131910  0.228422  0.318912  0.223533  0.238128  0.190742  0.317888  0.163560  0.381716  0.120425  0.071287  0.294708  0.216848  0.198117  0.131490  0.282311  0.428800 
34  0.071287  0.237669  0.477927  0.128227  0.192853  0.171078  0.342315  0.179388  0.136983  0.326634  0.189259  0.251311  0.170920  0.189414  0.174994  0.518252  0.789887  0.246989  0.152071  0.365358  0.619734  0.071287  0.102763  0.305793  0.743018  0.109572  0.304568  0.337028  0.337186  0.220489  0.184648  0.397774  0.171362  0.117866 0.0  0.334649  0.191971  0.217824  0.148780  0.359472  0.507053  0.500358  0.160182  0.114737  0.213950  0.334807  0.127128  0.157056  0.090658  0.367132  0.071287  0.472433  0.112309  0.161368  0.255213  0.218785  0.116815  0.122221  0.261175  0.320644 
35  0.296112  0.320571  0.210811  0.273802  0.341282  0.234596  0.322150  0.318409  0.404144  0.133922  0.401423  0.173482  0.408851  0.395947  0.295239  0.330871  0.515097  0.093120  0.325871  0.365645  0.233086  0.455384  0.303149  0.299117  0.465637  0.495319  0.379599  0.570568  0.152056  0.418330  0.288721  0.209388  0.419849  0.254044  0.334649 0.0  0.291374  0.556839  0.390561  0.287414  0.184816  0.375482  0.169556  0.306916  0.521450  0.172564  0.416405  0.271985  0.342884  0.073530  0.437979  0.232840  0.254626  0.393530  0.094470  0.175244  0.347638  0.295915  0.144275  0.143111 
36  0.111628  0.269065  0.406128  0.228125  0.199369  0.171470  0.539450  0.107724  0.225324  0.374488  0.271151  0.400089  0.155868  0.086246  0.206688  0.617451  0.999330  0.500923  0.188179  0.292494  0.525273  0.113845  0.216941  0.441109  0.801238  0.168014  0.280115  0.288887  0.563143  0.151784  0.301249  0.436318  0.080470  0.308591  0.191971  0.291374 0.0  0.071287  0.243929  0.357592  0.459299  0.385598  0.261727  0.159067  0.128888  0.318535  0.231632  0.202597  0.283650  0.390588  0.123918  0.663346  0.130351  0.094148  0.391080  0.236209  0.071287  0.149922  0.273644  0.388602 
37  0.071287  0.331936  0.466121  0.150910  0.318446  0.308825  0.501586  0.105833  0.153102  0.317546  0.282705  0.354333  0.357637  0.223732  0.182254  0.537294  0.984154  0.399728  0.095922  0.299791  0.578716  0.269057  0.218469  0.282367  0.943067  0.112043  0.071287  0.286523  0.469577  0.209106  0.206704  0.560463  0.160908  0.236605  0.217824  0.556839  0.071287 0.0  0.352720  0.421900  0.507341  0.577659  0.432060  0.214513  0.071287  0.305243  0.084440  0.280018  0.177289  0.350582  0.071287  0.512493  0.216251  0.139503  0.420292  0.281123  0.120053  0.247050  0.353168  0.512024 
38  0.338455  0.477165  0.533510  0.209858  0.148801  0.227905  0.469797  0.382580  0.258136  0.317260  0.120890  0.448116  0.164576  0.295472  0.314367  0.491589  0.885856  0.565256  0.279668  0.071287  0.544211  0.209521  0.182904  0.424217  0.840707  0.207368  0.435577  0.505298  0.388420  0.238826  0.448454  0.558812  0.316007  0.342275  0.148780  0.390561  0.243929  0.352720 0.0  0.185328  0.543426  0.248601  0.228911  0.228089  0.388627  0.382419  0.348913  0.281898  0.211121  0.309012  0.372765  0.578995  0.268812  0.329010  0.330490  0.321097  0.194473  0.255898  0.324461  0.346347 
39  0.345669  0.324761  0.431774  0.314119  0.340751  0.357597  0.441272  0.348592  0.349512  0.185664  0.166041  0.342399  0.155297  0.407115  0.342852  0.432124  0.809972  0.359551  0.394044  0.316863  0.549809  0.367048  0.324953  0.246919  0.678383  0.430130  0.556892  0.397486  0.331907  0.317747  0.453929  0.451033  0.352493  0.330009  0.359472  0.287414  0.357592  0.421900  0.185328 0.0  0.460652  0.197315  0.193678  0.373904  0.388802  0.376258  0.441827  0.216027  0.345016  0.159513  0.429778  0.357705  0.379891  0.345220  0.243637  0.278560  0.375948  0.416825  0.403691  0.306561 
40  0.387164  0.306341  0.106695  0.414177  0.448775  0.261873  0.135402  0.350194  0.407998  0.270359  0.399169  0.224790  0.347540  0.468316  0.366183  0.156974  0.514442  0.108944  0.430797  0.547999  0.132083  0.513027  0.460685  0.180615  0.498921  0.395888  0.457112  0.590305  0.096706  0.511721  0.282772  0.141048  0.523434  0.383817  0.507053  0.184816  0.459299  0.507341  0.543426  0.460652 0.0  0.627876  0.260292  0.406239  0.532313  0.133049  0.457827  0.422633  0.409531  0.176631  0.502160  0.216259  0.395102  0.435200  0.253544  0.384379  0.491692  0.566020  0.269127  0.289238 
41  0.393027  0.333902  0.568763  0.461780  0.309911  0.351912  0.504470  0.327120  0.430525  0.344629  0.270454  0.412538  0.315909  0.453597  0.401348  0.515718  0.683336  0.463314  0.550320  0.369939  0.403148  0.460479  0.428365  0.332607  0.642766  0.523358  0.669362  0.648164  0.358084  0.415495  0.448395  0.491783  0.577190  0.432983  0.500358  0.375482  0.385598  0.577659  0.248601  0.197315  0.627876 0.0  0.286816  0.462212  0.539235  0.356200  0.477142  0.391295  0.275265  0.344491  0.465249  0.553634  0.408079  0.475201  0.427359  0.277705  0.528075  0.340116  0.399995  0.325207 
42  0.324799  0.199332  0.402826  0.225610  0.247009  0.204721  0.297190  0.185181  0.322184  0.071287  0.193072  0.202875  0.267826  0.273930  0.210187  0.437443  0.559380  0.340474  0.300427  0.267537  0.377620  0.203034  0.172586  0.164116  0.602131  0.248995  0.355239  0.402861  0.330376  0.123524  0.224154  0.367925  0.258649  0.273146  0.160182  0.169556  0.261727  0.432060  0.228911  0.193678  0.260292  0.286816 0.0  0.312817  0.318133  0.260284  0.281786  0.071287  0.115980  0.233947  0.279461  0.386677  0.161644  0.302744  0.071287  0.087764  0.410065  0.228043  0.192579  0.254598 
43  0.102129  0.345277  0.460702  0.071287  0.266693  0.176290  0.311165  0.146388  0.143950  0.262005  0.223518  0.240653  0.242230  0.114665  0.128538  0.431239  0.896375  0.323918  0.138653  0.263877  0.452515  0.228700  0.117464  0.179113  0.812086  0.071287  0.204382  0.208441  0.491652  0.075464  0.149299  0.360239  0.078647  0.131910  0.114737  0.306916  0.159067  0.214513  0.228089  0.373904  0.406239  0.462212  0.312817 0.0  0.200923  0.330292  0.119146  0.260669  0.247023  0.386260  0.246103  0.462956  0.095472  0.195920  0.222713  0.185348  0.216446  0.140023  0.173324  0.327735 
44  0.132064  0.372538  0.522548  0.141168  0.192784  0.314714  0.348635  0.277503  0.124463  0.267243  0.267340  0.508520  0.261612  0.135076  0.176260  0.517450  1.000000  0.378275  0.096052  0.299739  0.568666  0.140795  0.203526  0.340889  0.900186  0.089770  0.071287  0.211569  0.482879  0.183336  0.255830  0.497895  0.265366  0.228422  0.213950  0.521450  0.128888  0.071287  0.388627  0.388802  0.532313  0.539235  0.318133  0.200923 0.0  0.407214  0.071287  0.271199  0.280823  0.437272  0.206779  0.599837  0.181689  0.181347  0.422281  0.247518  0.222132  0.162367  0.296370  0.484080 
45  0.461878  0.093070  0.162103  0.373994  0.340297  0.231152  0.190721  0.187651  0.270222  0.135578  0.351928  0.180228  0.307484  0.301851  0.351402  0.189667  0.646332  0.102818  0.367842  0.352985  0.224276  0.400028  0.333875  0.171405  0.466868  0.344496  0.342152  0.517824  0.221744  0.484264  0.249995  0.071287  0.331828  0.318912  0.334807  0.172564  0.318535  0.305243  0.382419  0.376258  0.133049  0.356200  0.260284  0.330292  0.407214 0.0  0.327777  0.275048  0.131875  0.109873  0.370085  0.266494  0.295039  0.295209  0.071287  0.244379  0.374896  0.415210  0.219136  0.235196 
46  0.113500  0.327146  0.477198  0.237296  0.292996  0.296930  0.340091  0.138960  0.250670  0.322734  0.386453  0.356131  0.240106  0.227132  0.164576  0.451627  0.866402  0.507542  0.071287  0.369180  0.541579  0.248939  0.233965  0.314253  0.811015  0.074910  0.199967  0.084787  0.393929  0.131391  0.260578  0.456160  0.124452  0.223533  0.127128  0.416405  0.231632  0.084440  0.348913  0.441827  0.457827  0.477142  0.281786  0.119146  0.071287  0.327777 0.0  0.322471  0.335036  0.386349  0.071287  0.605292  0.071287  0.071287  0.366537  0.364288  0.136036  0.165262  0.338991  0.501270 
47  0.241806  0.251499  0.238188  0.182303  0.173486  0.121115  0.299892  0.126635  0.250634  0.160647  0.254454  0.161369  0.124169  0.165851  0.206500  0.359021  0.786867  0.272267  0.217883  0.184706  0.422027  0.182422  0.158428  0.198355  0.716234  0.283984  0.175928  0.428475  0.155281  0.204376  0.257907  0.363101  0.332899  0.238128  0.157056  0.271985  0.202597  0.280018  0.281898  0.216027  0.422633  0.391295  0.071287  0.260669  0.271199  0.275048  0.322471 0.0  0.071287  0.187947  0.208466  0.453421  0.171284  0.170912  0.297355  0.238325  0.207067  0.156316  0.193213  0.228222 
48  0.221716  0.071287  0.383570  0.295877  0.148095  0.158049  0.214200  0.232760  0.239605  0.150830  0.089400  0.124884  0.222673  0.126571  0.215724  0.495980  0.718017  0.216115  0.258429  0.299066  0.415532  0.071287  0.126245  0.177501  0.691742  0.300719  0.312889  0.426154  0.205889  0.204410  0.192035  0.253239  0.215393  0.190742  0.090658  0.342884  0.283650  0.177289  0.211121  0.345016  0.409531  0.275265  0.115980  0.247023  0.280823  0.131875  0.335036  0.071287 0.0  0.287352  0.306756  0.427157  0.119232  0.301905  0.262024  0.071287  0.297008  0.182294  0.123794  0.250124 
49  0.432134  0.248918  0.134316  0.198558  0.235565  0.120346  0.207036  0.287120  0.413769  0.177914  0.452288  0.168251  0.196095  0.339316  0.267814  0.258610  0.532215  0.159094  0.437668  0.370662  0.194885  0.342428  0.179412  0.142797  0.531548  0.328117  0.511894  0.502459  0.123921  0.255195  0.203879  0.237332  0.517469  0.317888  0.367132  0.073530  0.390588  0.350582  0.309012  0.159513  0.176631  0.344491  0.233947  0.386260  0.437272  0.109873  0.386349  0.187947  0.287352 0.0  0.466561  0.238310  0.401462  0.450487  0.099894  0.188036  0.425419  0.474310  0.277110  0.071287 
50  0.113420  0.257270  0.522185  0.149943  0.240525  0.364335  0.434075  0.200185  0.123761  0.366544  0.321364  0.366860  0.216575  0.159635  0.199616  0.432886  0.922993  0.490717  0.071287  0.292862  0.536953  0.244809  0.187722  0.353407  0.796236  0.160871  0.177483  0.146731  0.334243  0.097287  0.352591  0.355738  0.223421  0.163560  0.071287  0.437979  0.123918  0.071287  0.372765  0.429778  0.502160  0.465249  0.279461  0.246103  0.206779  0.370085  0.071287  0.208466  0.306756  0.466561 0.0  0.622114  0.176671  0.071287  0.566491  0.277726  0.082753  0.147291  0.244571  0.402574 
51  0.472131  0.401986  0.115624  0.474874  0.488289  0.341452  0.251780  0.493152  0.555404  0.229312  0.544701  0.257981  0.483582  0.580969  0.368642  0.128821  0.397232  0.139044  0.565341  0.551305  0.189255  0.554158  0.348938  0.185446  0.347291  0.557852  0.656030  0.577344  0.304554  0.649328  0.393336  0.225654  0.589225  0.381716  0.472433  0.232840  0.663346  0.512493  0.578995  0.357705  0.216259  0.553634  0.386677  0.462956  0.599837  0.266494  0.605292  0.453421  0.427157  0.238310  0.622114 0.0  0.524196  0.622365  0.277646  0.389792  0.609114  0.488020  0.269696  0.228638 
52  0.132514  0.116747  0.515652  0.071287  0.209419  0.100202  0.245665  0.134586  0.144285  0.393736  0.278421  0.276571  0.288120  0.071287  0.090339  0.468932  0.777852  0.391959  0.146645  0.246076  0.581340  0.191491  0.100367  0.314869  0.873846  0.084350  0.216709  0.284654  0.386880  0.087044  0.199107  0.375975  0.143596  0.120425  0.112309  0.254626  0.130351  0.216251  0.268812  0.379891  0.395102  0.408079  0.161644  0.095472  0.181689  0.295039  0.071287  0.171284  0.119232  0.401462  0.176671  0.524196 0.0  0.155996  0.349859  0.283605  0.159287  0.106905  0.230211  0.504395 
53  0.074971  0.187535  0.499687  0.223195  0.189997  0.249612  0.272694  0.113149  0.110867  0.396089  0.344839  0.374519  0.204634  0.106417  0.204873  0.696390  0.872476  0.478971  0.098082  0.325263  0.553587  0.245343  0.202596  0.344854  0.829652  0.096851  0.138693  0.241318  0.429613  0.207041  0.238988  0.468518  0.071287  0.071287  0.161368  0.393530  0.094148  0.139503  0.329010  0.345220  0.435200  0.475201  0.302744  0.195920  0.181347  0.295209  0.071287  0.170912  0.301905  0.450487  0.071287  0.622365  0.155996 0.0  0.335232  0.316208  0.106709  0.151961  0.267140  0.534043 
54  0.428175  0.153425  0.122215  0.315294  0.341180  0.170606  0.277512  0.287246  0.329338  0.121113  0.380702  0.134606  0.301240  0.400732  0.258883  0.136115  0.633023  0.134833  0.369550  0.346376  0.314027  0.516313  0.390912  0.176833  0.533764  0.401908  0.500682  0.568564  0.104045  0.393297  0.353778  0.328254  0.525266  0.294708  0.255213  0.094470  0.391080  0.420292  0.330490  0.243637  0.253544  0.427359  0.071287  0.222713  0.422281  0.071287  0.366537  0.297355  0.262024  0.099894  0.566491  0.277646  0.349859  0.335232 0.0  0.213776  0.515346  0.437354  0.084026  0.071287 
55  0.239160  0.231842  0.400431  0.156376  0.120716  0.211305  0.344402  0.271669  0.237389  0.132051  0.280112  0.215967  0.114648  0.190284  0.285238  0.451512  0.719321  0.315972  0.246741  0.137603  0.373793  0.261057  0.213599  0.296097  0.654810  0.288919  0.386303  0.465305  0.193697  0.359181  0.220688  0.246452  0.291111  0.216848  0.218785  0.175244  0.236209  0.281123  0.321097  0.278560  0.384379  0.277705  0.087764  0.185348  0.247518  0.244379  0.364288  0.238325  0.071287  0.188036  0.277726  0.389792  0.283605  0.316208  0.213776 0.0  0.267218  0.193776  0.231946  0.245006 
56  0.099573  0.353524  0.526097  0.071287  0.170720  0.283904  0.401029  0.195501  0.106085  0.462584  0.294151  0.273264  0.299592  0.071287  0.164361  0.492399  0.885648  0.395388  0.135697  0.237843  0.460485  0.178770  0.124863  0.468175  0.881168  0.099552  0.157738  0.190529  0.483073  0.130404  0.289160  0.402205  0.114916  0.198117  0.116815  0.347638  0.071287  0.120053  0.194473  0.375948  0.491692  0.528075  0.410065  0.216446  0.222132  0.374896  0.136036  0.207067  0.297008  0.425419  0.082753  0.609114  0.159287  0.106709  0.515346  0.267218 0.0  0.071287  0.294584  0.456577 
57  0.179503  0.192907  0.444333  0.137203  0.158474  0.198536  0.397900  0.071287  0.174877  0.320758  0.174432  0.231223  0.155101  0.077351  0.151882  0.468058  0.815691  0.459329  0.247769  0.199257  0.485145  0.114242  0.196171  0.280321  0.814897  0.200553  0.202167  0.245324  0.397737  0.080080  0.321989  0.501092  0.098382  0.131490  0.122221  0.295915  0.149922  0.247050  0.255898  0.416825  0.566020  0.340116  0.228043  0.140023  0.162367  0.415210  0.165262  0.156316  0.182294  0.474310  0.147291  0.488020  0.106905  0.151961  0.437354  0.193776  0.071287 0.0  0.328604  0.402148 
58  0.250786  0.078923  0.402348  0.137576  0.234110  0.103643  0.121903  0.287862  0.211544  0.191326  0.258009  0.071287  0.253612  0.380882  0.195843  0.311115  0.727205  0.229975  0.325408  0.339573  0.311953  0.335669  0.245913  0.134729  0.542635  0.337133  0.359729  0.404310  0.118733  0.315471  0.203652  0.341065  0.421354  0.282311  0.261175  0.144275  0.273644  0.353168  0.324461  0.403691  0.269127  0.399995  0.192579  0.173324  0.296370  0.219136  0.338991  0.193213  0.123794  0.277110  0.244571  0.269696  0.230211  0.267140  0.084026  0.231946  0.294584  0.328604 0.0  0.233225 
59  0.363195  0.238532  0.219409  0.254286  0.251083  0.335723  0.168158  0.380039  0.411982  0.083039  0.307137  0.174309  0.311987  0.479672  0.234304  0.134821  0.579008  0.218862  0.528253  0.426782  0.203126  0.339225  0.343074  0.275795  0.549298  0.397028  0.517215  0.572429  0.189786  0.493857  0.298716  0.278473  0.360430  0.428800  0.320644  0.143111  0.388602  0.512024  0.346347  0.306561  0.289238  0.325207  0.254598  0.327735  0.484080  0.235196  0.501270  0.228222  0.250124  0.071287  0.402574  0.228638  0.504395  0.534043  0.071287  0.245006  0.456577  0.402148  0.233225 0.0 
