60
0 0.0  0.235629  0.400705  0.165452  0.155815  0.089517  0.305028  0.131465  0.128656  0.309440  0.202546  0.451939  0.214377  0.075771  0.102133  0.508459  0.784951  0.431018  0.075771  0.257123  0.511369  0.152287  0.169984  0.207108  0.764331  0.075771  0.136162  0.225264  0.416876  0.093372  0.148216  0.371031  0.119056  0.204368  0.222276  0.324215  0.206362  0.146374  0.416158  0.292804  0.344143  0.512351  0.273719  0.218692  0.116955  0.246998  0.089436  0.262283  0.228061  0.427146  0.144702  0.519325  0.085902  0.143804  0.375933  0.246483  0.139579  0.121071  0.242673  0.426801 
1  0.235629 0.0  0.270656  0.149055  0.145328  0.229562  0.113422  0.265065  0.281930  0.164480  0.223400  0.191123  0.356811  0.213905  0.075771  0.272285  0.650081  0.293898  0.237942  0.393206  0.281030  0.322700  0.201618  0.075771  0.605727  0.233228  0.199823  0.479512  0.173066  0.213720  0.200707  0.273129  0.351832  0.228873  0.254310  0.194774  0.363641  0.320621  0.349074  0.224309  0.271927  0.360340  0.218552  0.156116  0.285894  0.187844  0.234182  0.192208  0.211202  0.237157  0.265412  0.359868  0.162207  0.210395  0.271810  0.120567  0.348728  0.322204  0.104836  0.167551 
2  0.400705  0.270656 0.0  0.319164  0.384653  0.293680  0.311812  0.394431  0.431846  0.228869  0.417062  0.171902  0.393201  0.433301  0.278492  0.212264  0.458198  0.160177  0.462324  0.525677  0.075771  0.581136  0.403722  0.238051  0.350988  0.506813  0.539576  0.583062  0.194790  0.504516  0.351539  0.083800  0.539343  0.475134  0.435101  0.129385  0.524977  0.514999  0.528309  0.407026  0.075771  0.505538  0.264765  0.361641  0.543464  0.287005  0.514577  0.397508  0.389352  0.153379  0.573741  0.106295  0.426304  0.486891  0.247959  0.401671  0.515707  0.513143  0.271847  0.254574 
3  0.165452  0.149055  0.319164 0.0  0.173525  0.190881  0.307961  0.191015  0.128953  0.205088  0.297520  0.187369  0.141980  0.075771  0.122269  0.490045  0.815414  0.358422  0.139718  0.257582  0.448864  0.196419  0.161540  0.262878  0.695007  0.115008  0.095423  0.211402  0.319252  0.162164  0.075771  0.414783  0.261815  0.155869  0.084526  0.274799  0.155285  0.212801  0.345646  0.419525  0.428661  0.446412  0.222814  0.194525  0.219457  0.218212  0.163168  0.134783  0.197110  0.320766  0.143768  0.456427  0.075771  0.125961  0.410841  0.221080  0.282499  0.126300  0.172626  0.281392 
4  0.155815  0.145328  0.384653  0.173525 0.0  0.260895  0.308269  0.169794  0.268183  0.236313  0.075771  0.347501  0.127661  0.206166  0.102174  0.489103  0.785664  0.505707  0.203625  0.164447  0.507040  0.089977  0.268936  0.165956  0.749320  0.238937  0.256651  0.359463  0.316185  0.120673  0.321403  0.402627  0.219588  0.219076  0.078035  0.305444  0.148296  0.356337  0.280233  0.237153  0.459685  0.235713  0.082967  0.201340  0.267449  0.364170  0.222222  0.172835  0.159855  0.360925  0.224093  0.444080  0.217516  0.197023  0.308234  0.205481  0.290648  0.217267  0.411042  0.317424 
5  0.089517  0.229562  0.293680  0.190881  0.260895 0.0  0.177972  0.107734  0.158381  0.232198  0.273735  0.153733  0.138819  0.249863  0.075771  0.346380  0.590317  0.401792  0.224548  0.192121  0.456152  0.322437  0.075771  0.152082  0.645369  0.220984  0.184572  0.336094  0.180508  0.238189  0.188961  0.310655  0.242566  0.235740  0.124334  0.236017  0.216606  0.269423  0.242922  0.314826  0.347224  0.328263  0.113050  0.196593  0.290893  0.337908  0.287170  0.137097  0.171712  0.295409  0.178827  0.320535  0.288698  0.174523  0.267639  0.252427  0.323160  0.143739  0.221309  0.330835 
6  0.305028  0.113422  0.311812  0.307961  0.308269  0.177972 0.0  0.200441  0.156537  0.171606  0.313157  0.204728  0.364575  0.310294  0.204235  0.295868  0.562713  0.172883  0.362883  0.466893  0.284511  0.405886  0.377496  0.242415  0.511409  0.426316  0.420589  0.403858  0.396531  0.370013  0.149513  0.163294  0.379238  0.209077  0.316546  0.299045  0.324209  0.352563  0.434281  0.421262  0.252203  0.508183  0.379678  0.248185  0.320022  0.218911  0.344021  0.161285  0.212841  0.173891  0.465193  0.343605  0.279927  0.420525  0.281295  0.320284  0.437933  0.402475  0.161331  0.349006 
7  0.131465  0.265065  0.394431  0.191015  0.169794  0.107734  0.200441 0.0  0.164475  0.223318  0.285200  0.243823  0.189806  0.175082  0.091453  0.461662  0.939151  0.264214  0.247588  0.236825  0.359231  0.261479  0.265469  0.078412  0.689824  0.197714  0.121793  0.343824  0.314501  0.194999  0.168030  0.269092  0.226073  0.154329  0.131606  0.281113  0.266568  0.211014  0.364848  0.348702  0.299819  0.404031  0.334603  0.175019  0.253543  0.238634  0.192646  0.136127  0.218433  0.285481  0.165732  0.400741  0.162038  0.207114  0.362064  0.172772  0.134949  0.193403  0.079452  0.199914 
8  0.128656  0.281930  0.431846  0.128953  0.268183  0.158381  0.156537  0.164475 0.0  0.300513  0.250388  0.323077  0.134819  0.075771  0.130345  0.490469  0.864054  0.381237  0.171202  0.262494  0.462639  0.075771  0.168104  0.306037  0.702250  0.097607  0.145148  0.213354  0.421283  0.075771  0.190402  0.363813  0.131615  0.203007  0.117768  0.311396  0.218932  0.202176  0.376669  0.402921  0.453745  0.355447  0.272463  0.075771  0.174992  0.360997  0.134091  0.181690  0.155745  0.432640  0.075771  0.388683  0.083831  0.223269  0.303553  0.303575  0.075771  0.125022  0.280195  0.380748 
9  0.309440  0.164480  0.228869  0.205088  0.236313  0.232198  0.171606  0.223318  0.300513 0.0  0.164941  0.085850  0.273259  0.335066  0.294997  0.242723  0.578024  0.198622  0.358192  0.224228  0.354174  0.313900  0.273221  0.242260  0.501013  0.317367  0.334344  0.508607  0.163598  0.301975  0.342102  0.264322  0.377490  0.349771  0.407574  0.075771  0.344718  0.387405  0.274721  0.298266  0.269660  0.313331  0.159110  0.236723  0.353943  0.209412  0.336849  0.142754  0.213407  0.102580  0.296474  0.253612  0.337302  0.276776  0.229265  0.205540  0.300272  0.362224  0.313727  0.175813 
10  0.202546  0.223400  0.417062  0.297520  0.075771  0.273735  0.313157  0.285200  0.250388  0.164941 0.0  0.381547  0.075771  0.206628  0.265331  0.408465  0.737510  0.387836  0.326452  0.139062  0.588487  0.246576  0.216126  0.332625  0.585295  0.216316  0.341911  0.395206  0.360344  0.233298  0.407023  0.452562  0.291438  0.213287  0.236299  0.447567  0.236247  0.257554  0.143014  0.208216  0.359317  0.263918  0.231718  0.159968  0.220059  0.253321  0.213477  0.087338  0.189970  0.354343  0.255609  0.526463  0.338758  0.256877  0.266852  0.258041  0.199611  0.172739  0.321235  0.301341 
11  0.451939  0.191123  0.171902  0.187369  0.347501  0.153733  0.204728  0.243823  0.323077  0.085850  0.381547 0.0  0.251431  0.342836  0.242550  0.198821  0.631145  0.269776  0.238641  0.382188  0.155833  0.406971  0.208330  0.135770  0.416534  0.330270  0.415003  0.458880  0.130333  0.233073  0.244703  0.195032  0.371629  0.203595  0.352611  0.160645  0.350839  0.406668  0.286308  0.307476  0.132117  0.406090  0.075771  0.276972  0.358324  0.128880  0.414835  0.290181  0.311121  0.078762  0.330291  0.159630  0.356468  0.395620  0.221390  0.166394  0.429364  0.324561  0.163784  0.160866 
12  0.214377  0.356811  0.393201  0.141980  0.127661  0.138819  0.364575  0.189806  0.134819  0.273259  0.075771  0.251431 0.0  0.144894  0.196439  0.427979  0.767993  0.375331  0.245324  0.075771  0.451372  0.146928  0.205141  0.366251  0.712367  0.362638  0.267564  0.380725  0.405499  0.163964  0.247867  0.383842  0.289385  0.236442  0.206911  0.375486  0.196848  0.284904  0.162795  0.082994  0.479653  0.373237  0.175986  0.165923  0.266026  0.397413  0.284302  0.122559  0.220982  0.382071  0.212077  0.415479  0.132597  0.285567  0.326320  0.137979  0.275843  0.289376  0.259667  0.279348 
13  0.075771  0.213905  0.433301  0.075771  0.206166  0.249863  0.310294  0.175082  0.075771  0.335066  0.206628  0.342836  0.144894 0.0  0.084033  0.514820  0.772298  0.388151  0.075771  0.251927  0.523585  0.091468  0.260785  0.284287  0.929275  0.132477  0.075771  0.239404  0.429951  0.078273  0.258580  0.405567  0.194250  0.154603  0.128103  0.359531  0.160401  0.108799  0.218907  0.333577  0.396662  0.491126  0.190558  0.147091  0.129548  0.442934  0.175045  0.310717  0.316992  0.363120  0.075771  0.567111  0.213359  0.075771  0.379053  0.183380  0.134901  0.075771  0.301335  0.444401 
14  0.102133  0.075771  0.278492  0.122269  0.102174  0.075771  0.204235  0.091453  0.130345  0.294997  0.265331  0.242550  0.196439  0.084033 0.0  0.443635  0.726611  0.301177  0.255944  0.317963  0.417805  0.197691  0.193352  0.089490  0.658840  0.129830  0.230431  0.236018  0.323921  0.183063  0.321525  0.305301  0.184022  0.203199  0.079969  0.258758  0.166166  0.149413  0.330573  0.249143  0.292597  0.440871  0.143468  0.168078  0.177466  0.371639  0.194470  0.180913  0.246758  0.194256  0.149068  0.392476  0.177036  0.275045  0.350280  0.097337  0.210760  0.195000  0.179870  0.255794 
15  0.508459  0.272285  0.212264  0.490045  0.489103  0.346380  0.295868  0.461662  0.490469  0.242723  0.408465  0.198821  0.427979  0.514820  0.443635 0.0  0.365876  0.218216  0.512565  0.530722  0.172139  0.524515  0.525610  0.241294  0.322101  0.576634  0.558329  0.578418  0.206330  0.440533  0.371466  0.197331  0.456946  0.417518  0.398459  0.177624  0.552954  0.591470  0.441801  0.356201  0.093476  0.491826  0.327193  0.483114  0.521772  0.229322  0.498269  0.355031  0.351690  0.222743  0.452141  0.140303  0.498114  0.518880  0.273003  0.391480  0.541011  0.477062  0.180768  0.124873 
16  0.784951  0.650081  0.458198  0.815414  0.785664  0.590317  0.562713  0.939151  0.864054  0.578024  0.737510  0.631145  0.767993  0.772298  0.726611  0.365876 0.0  0.452779  0.827461  0.860311  0.425238  0.787701  0.890185  0.664567  0.138675  0.807477  0.902038  1.000000  0.543748  0.844814  0.687847  0.600490  0.885139  0.746273  0.780387  0.544309  0.893628  0.875592  0.782468  0.733323  0.452897  0.764860  0.688548  0.848518  0.883406  0.600177  0.854515  0.681408  0.761976  0.609801  0.780873  0.401722  0.842728  0.778560  0.539866  0.690150  0.898574  0.813036  0.623963  0.558399 
17  0.431018  0.293898  0.160177  0.358422  0.505707  0.401792  0.172883  0.264214  0.381237  0.198622  0.387836  0.269776  0.375331  0.388151  0.301177  0.218216  0.452779 0.0  0.418282  0.505309  0.204782  0.507685  0.344117  0.202199  0.396924  0.423753  0.423258  0.505833  0.162980  0.441826  0.308334  0.077667  0.502092  0.278005  0.394646  0.221297  0.468476  0.499225  0.482827  0.350588  0.173387  0.487553  0.347025  0.487397  0.501223  0.149853  0.439676  0.406567  0.363610  0.186426  0.418482  0.171684  0.527505  0.424663  0.177057  0.381788  0.394695  0.454382  0.253721  0.246438 
18  0.075771  0.237942  0.462324  0.139718  0.203625  0.224548  0.362883  0.247588  0.171202  0.358192  0.326452  0.238641  0.245324  0.075771  0.255944  0.512565  0.827461  0.418282 0.0  0.328924  0.629597  0.230654  0.297288  0.325185  0.831093  0.091358  0.075771  0.311705  0.391277  0.162723  0.198653  0.401453  0.130511  0.092069  0.193435  0.340955  0.221074  0.075771  0.274784  0.374171  0.491208  0.453632  0.289716  0.147391  0.149808  0.366380  0.089162  0.184734  0.229548  0.484674  0.075771  0.480321  0.075771  0.085577  0.422471  0.179735  0.075771  0.075771  0.281632  0.371798 
19  0.257123  0.393206  0.525677  0.257582  0.164447  0.192121  0.466893  0.236825  0.262494  0.224228  0.139062  0.382188  0.075771  0.251927  0.317963  0.530722  0.860311  0.505309  0.328924 0.0  0.547541  0.203054  0.303065  0.265449  0.821877  0.286516  0.360487  0.442600  0.440226  0.284260  0.332625  0.546574  0.349576  0.332948  0.194518  0.349273  0.272951  0.355582  0.075771  0.238353  0.560294  0.249042  0.189889  0.320642  0.349901  0.423425  0.225360  0.191066  0.201583  0.315336  0.316763  0.387676  0.413193  0.222843  0.314321  0.194230  0.365716  0.268218  0.271921  0.356208 
20  0.511369  0.281030  0.075771  0.448864  0.507040  0.456152  0.284511  0.359231  0.462639  0.354174  0.588487  0.155833  0.451372  0.523585  0.417805  0.172139  0.425238  0.204782  0.629597  0.547541 0.0  0.550571  0.459464  0.376827  0.284969  0.489465  0.531407  0.616999  0.296851  0.524118  0.353711  0.321298  0.519540  0.422682  0.491644  0.284257  0.557892  0.533973  0.542567  0.521295  0.085324  0.589659  0.368021  0.431346  0.607152  0.196815  0.458787  0.492245  0.371707  0.326142  0.505184  0.100610  0.409917  0.648201  0.205636  0.386030  0.650608  0.538192  0.353323  0.337522 
21  0.152287  0.322700  0.581136  0.196419  0.089977  0.322437  0.405886  0.261479  0.075771  0.313900  0.246576  0.406971  0.146928  0.091468  0.197691  0.524515  0.787701  0.507685  0.230654  0.203054  0.550571 0.0  0.269691  0.326792  0.726665  0.253250  0.170488  0.208941  0.392866  0.115356  0.259372  0.458721  0.099420  0.199975  0.127880  0.409346  0.075771  0.171234  0.247111  0.354813  0.520159  0.311022  0.136284  0.184809  0.295465  0.334140  0.215927  0.104019  0.178046  0.401330  0.174613  0.574994  0.101119  0.075771  0.422672  0.208583  0.075771  0.102281  0.192809  0.409793 
22  0.169984  0.201618  0.403722  0.161540  0.268936  0.075771  0.377496  0.265469  0.168104  0.273221  0.216126  0.208330  0.205141  0.260785  0.193352  0.525610  0.890185  0.344117  0.297288  0.303065  0.459464  0.269691 0.0  0.340405  0.713927  0.195492  0.248559  0.278503  0.327517  0.162550  0.367683  0.337370  0.099493  0.190278  0.156444  0.397576  0.134877  0.198431  0.229238  0.314605  0.377450  0.315440  0.200040  0.197092  0.177090  0.299579  0.104071  0.166648  0.157968  0.212716  0.224173  0.367182  0.075771  0.156241  0.365977  0.280339  0.139352  0.144661  0.205842  0.392682 
23  0.207108  0.075771  0.238051  0.262878  0.165956  0.152082  0.242415  0.078412  0.306037  0.242260  0.332625  0.135770  0.366251  0.284287  0.089490  0.241294  0.664567  0.202199  0.325185  0.265449  0.376827  0.326792  0.340405 0.0  0.602544  0.389025  0.392857  0.336875  0.232786  0.299231  0.130401  0.204990  0.408842  0.203269  0.268738  0.203313  0.403017  0.344353  0.379795  0.315298  0.246418  0.383509  0.212617  0.307991  0.328379  0.185391  0.280595  0.268418  0.289026  0.207784  0.309453  0.379569  0.210565  0.330785  0.195161  0.181269  0.335153  0.277505  0.116272  0.233074 
24  0.764331  0.605727  0.350988  0.695007  0.749320  0.645369  0.511409  0.689824  0.702250  0.501013  0.585295  0.416534  0.712367  0.929275  0.658840  0.322101  0.138675  0.396924  0.831093  0.821877  0.284969  0.726665  0.713927  0.602544 0.0  0.781437  0.837688  0.951784  0.572838  0.754655  0.634869  0.463756  0.888982  0.621627  0.753952  0.513533  0.785475  0.885496  0.838660  0.680379  0.434137  0.729310  0.540911  0.678444  0.845286  0.452350  0.775335  0.729056  0.674657  0.545898  0.688339  0.344198  0.749515  0.805817  0.499507  0.553017  0.857511  0.758902  0.759897  0.415826 
25  0.075771  0.233228  0.506813  0.115008  0.238937  0.220984  0.426316  0.197714  0.097607  0.317367  0.216316  0.330270  0.362638  0.132477  0.129830  0.576634  0.807477  0.423753  0.091358  0.286516  0.489465  0.253250  0.195492  0.389025  0.781437 0.0  0.153590  0.119716  0.451152  0.231071  0.207103  0.453063  0.157993  0.099359  0.075771  0.331510  0.160081  0.133552  0.306347  0.466888  0.300324  0.512833  0.328954  0.179024  0.075771  0.367432  0.075771  0.153592  0.265541  0.368107  0.140946  0.492521  0.253567  0.080364  0.454078  0.321167  0.075771  0.199911  0.315978  0.325311 
26  0.136162  0.199823  0.539576  0.095423  0.256651  0.184572  0.420589  0.121793  0.145148  0.334344  0.341911  0.415003  0.267564  0.075771  0.230431  0.558329  0.902038  0.423258  0.075771  0.360487  0.531407  0.170488  0.248559  0.392857  0.837688  0.153590 0.0  0.134538  0.296218  0.262930  0.209950  0.549720  0.244351  0.179332  0.215727  0.439187  0.151829  0.128762  0.369774  0.425522  0.462472  0.523703  0.410555  0.122509  0.157443  0.442765  0.258589  0.280516  0.301377  0.506952  0.208862  0.588425  0.254272  0.183015  0.557427  0.283391  0.108832  0.156373  0.323139  0.511855 
27  0.225264  0.479512  0.583062  0.211402  0.359463  0.336094  0.403858  0.343824  0.213354  0.508607  0.395206  0.458880  0.380725  0.239404  0.236018  0.578418  1.000000  0.505833  0.311705  0.442600  0.616999  0.208941  0.278503  0.336875  0.951784  0.119716  0.134538 0.0  0.398702  0.333034  0.240615  0.465182  0.215597  0.254734  0.307821  0.489752  0.241594  0.098180  0.494541  0.529504  0.475886  0.571385  0.375015  0.233601  0.211275  0.450408  0.127050  0.366463  0.431072  0.514362  0.150390  0.655614  0.200440  0.204290  0.487243  0.302319  0.250897  0.229379  0.451498  0.448814 
28  0.416876  0.173066  0.194790  0.319252  0.316185  0.180508  0.396531  0.314501  0.421283  0.163598  0.360344  0.130333  0.405499  0.429951  0.323921  0.206330  0.543748  0.162980  0.391277  0.440226  0.296851  0.392866  0.327517  0.232786  0.572838  0.451152  0.296218  0.398702 0.0  0.342160  0.148336  0.149577  0.483026  0.331124  0.338177  0.082727  0.285114  0.549840  0.374983  0.374140  0.266439  0.494924  0.193221  0.324369  0.432562  0.167273  0.430698  0.292385  0.256829  0.075771  0.425951  0.301211  0.365415  0.454914  0.075771  0.228808  0.368093  0.375861  0.259574  0.157150 
29  0.093372  0.213720  0.504516  0.162164  0.120673  0.238189  0.370013  0.194999  0.075771  0.301975  0.233298  0.233073  0.163964  0.078273  0.183063  0.440533  0.844814  0.441826  0.162723  0.284260  0.524118  0.115356  0.162550  0.299231  0.754655  0.231071  0.262930  0.333034  0.342160 0.0  0.196377  0.496762  0.145138  0.154799  0.143802  0.342855  0.095401  0.307863  0.273856  0.269343  0.410170  0.468950  0.211871  0.075771  0.175353  0.279763  0.237753  0.194891  0.155091  0.421631  0.196011  0.456575  0.172769  0.179960  0.370744  0.276446  0.186953  0.075771  0.261919  0.336884 
30  0.148216  0.200707  0.351539  0.075771  0.321403  0.188961  0.149513  0.168030  0.190402  0.342102  0.407023  0.244703  0.247867  0.258580  0.321525  0.371466  0.687847  0.308334  0.198653  0.332625  0.353711  0.259372  0.367683  0.130401  0.634869  0.207103  0.209950  0.240615  0.148336  0.196377 0.0  0.251639  0.283387  0.200086  0.205720  0.323693  0.273464  0.140332  0.403325  0.379427  0.247996  0.558133  0.277843  0.265864  0.214649  0.325799  0.169502  0.349314  0.282933  0.280113  0.268638  0.329055  0.114141  0.130354  0.360406  0.306548  0.276398  0.243694  0.314669  0.257337 
31  0.371031  0.273129  0.083800  0.414783  0.402627  0.310655  0.163294  0.269092  0.363813  0.264322  0.452562  0.195032  0.383842  0.405567  0.305301  0.197331  0.600490  0.077667  0.401453  0.546574  0.321298  0.458721  0.337370  0.204990  0.463756  0.453063  0.549720  0.465182  0.149577  0.496762  0.251639 0.0  0.423153  0.287376  0.382585  0.241143  0.392678  0.394252  0.339170  0.446309  0.086003  0.585883  0.317539  0.388017  0.507670  0.197503  0.445830  0.365017  0.305114  0.173110  0.411559  0.181994  0.336901  0.324443  0.213974  0.294541  0.428571  0.410206  0.239204  0.293478 
32  0.119056  0.351832  0.539343  0.261815  0.219588  0.242566  0.379238  0.226073  0.131615  0.377490  0.291438  0.371629  0.289385  0.194250  0.184022  0.456946  0.885139  0.502092  0.130511  0.349576  0.519540  0.099420  0.099493  0.408842  0.888982  0.157993  0.244351  0.215597  0.483026  0.145138  0.283387  0.423153 0.0  0.240291  0.165118  0.408944  0.075771  0.181932  0.244996  0.255664  0.491712  0.488687  0.276255  0.189686  0.218444  0.466130  0.195060  0.202807  0.271132  0.409515  0.145994  0.651465  0.128756  0.109467  0.377169  0.256321  0.200482  0.105279  0.240312  0.302821 
33  0.204368  0.228873  0.475134  0.155869  0.219076  0.235740  0.209077  0.154329  0.203007  0.349771  0.213287  0.203595  0.236442  0.154603  0.203199  0.417518  0.746273  0.278005  0.092069  0.332948  0.422682  0.199975  0.190278  0.203269  0.621627  0.099359  0.179332  0.254734  0.331124  0.154799  0.200086  0.287376  0.240291 0.0  0.206552  0.266295  0.258269  0.250115  0.371077  0.427131  0.443179  0.458251  0.221325  0.128433  0.229484  0.302756  0.185841  0.244342  0.221118  0.306397  0.184338  0.465194  0.174237  0.179735  0.364502  0.217078  0.233658  0.132213  0.210517  0.386979 
34  0.222276  0.254310  0.435101  0.084526  0.078035  0.124334  0.316546  0.131606  0.117768  0.407574  0.236299  0.352611  0.206911  0.128103  0.079969  0.398459  0.780387  0.394646  0.193435  0.194518  0.491644  0.127880  0.156444  0.268738  0.753952  0.075771  0.215727  0.307821  0.338177  0.143802  0.205720  0.382585  0.165118  0.206552 0.0  0.256378  0.147020  0.210385  0.222511  0.431944  0.400589  0.383264  0.278424  0.150460  0.133848  0.300216  0.231405  0.129471  0.202568  0.419738  0.182360  0.543678  0.160724  0.167411  0.331651  0.204546  0.176939  0.184998  0.202715  0.324537 
35  0.324215  0.194774  0.129385  0.274799  0.305444  0.236017  0.299045  0.281113  0.311396  0.075771  0.447567  0.160645  0.375486  0.359531  0.258758  0.177624  0.544309  0.221297  0.340955  0.349273  0.284257  0.409346  0.397576  0.203313  0.513533  0.331510  0.439187  0.489752  0.082727  0.342855  0.323693  0.241143  0.408944  0.266295  0.256378 0.0  0.381344  0.452296  0.360911  0.298663  0.186633  0.396271  0.257667  0.248695  0.452148  0.127976  0.493726  0.209063  0.226452  0.145340  0.298645  0.251124  0.271602  0.449919  0.137148  0.200364  0.415102  0.374442  0.232224  0.139208 
36  0.206362  0.363641  0.524977  0.155285  0.148296  0.216606  0.324209  0.266568  0.218932  0.344718  0.236247  0.350839  0.196848  0.160401  0.166166  0.552954  0.893628  0.468476  0.221074  0.272951  0.557892  0.075771  0.134877  0.403017  0.785475  0.160081  0.151829  0.241594  0.285114  0.095401  0.273464  0.392678  0.075771  0.258269  0.147020  0.381344 0.0  0.075771  0.317475  0.430875  0.474412  0.389225  0.156775  0.075771  0.157732  0.330119  0.169887  0.137371  0.235585  0.333522  0.283410  0.495237  0.282218  0.075771  0.381011  0.317471  0.185586  0.168646  0.315366  0.319337 
37  0.146374  0.320621  0.514999  0.212801  0.356337  0.269423  0.352563  0.211014  0.202176  0.387405  0.257554  0.406668  0.284904  0.108799  0.149413  0.591470  0.875592  0.499225  0.075771  0.355582  0.533973  0.171234  0.198431  0.344353  0.885496  0.133552  0.128762  0.098180  0.549840  0.307863  0.140332  0.394252  0.181932  0.250115  0.210385  0.452296  0.075771 0.0  0.373149  0.500520  0.543568  0.459079  0.382717  0.238742  0.157890  0.288503  0.218153  0.189448  0.355921  0.447827  0.075771  0.619405  0.087262  0.086136  0.449165  0.251877  0.169782  0.148505  0.282915  0.463807 
38  0.416158  0.349074  0.528309  0.345646  0.280233  0.242922  0.434281  0.364848  0.376669  0.274721  0.143014  0.286308  0.162795  0.218907  0.330573  0.441801  0.782468  0.482827  0.274784  0.075771  0.542567  0.247111  0.229238  0.379795  0.838660  0.306347  0.369774  0.494541  0.374983  0.273856  0.403325  0.339170  0.244996  0.371077  0.222511  0.360911  0.317475  0.373149 0.0  0.184375  0.533631  0.213590  0.285973  0.351203  0.360172  0.344147  0.305105  0.147786  0.346211  0.436787  0.375786  0.482451  0.335118  0.376660  0.426310  0.351842  0.407094  0.290923  0.344574  0.376575 
39  0.292804  0.224309  0.407026  0.419525  0.237153  0.314826  0.421262  0.348702  0.402921  0.298266  0.208216  0.307476  0.082994  0.333577  0.249143  0.356201  0.733323  0.350588  0.374171  0.238353  0.521295  0.354813  0.314605  0.315298  0.680379  0.466888  0.425522  0.529504  0.374140  0.269343  0.379427  0.446309  0.255664  0.427131  0.431944  0.298663  0.430875  0.500520  0.184375 0.0  0.495377  0.249727  0.194883  0.320600  0.410729  0.305837  0.374624  0.238518  0.214910  0.298402  0.338521  0.330156  0.460354  0.437288  0.252178  0.165995  0.336366  0.396154  0.265775  0.171099 
40  0.344143  0.271927  0.075771  0.428661  0.459685  0.347224  0.252203  0.299819  0.453745  0.269660  0.359317  0.132117  0.479653  0.396662  0.292597  0.093476  0.452897  0.173387  0.491208  0.560294  0.085324  0.520159  0.377450  0.246418  0.434137  0.300324  0.462472  0.475886  0.266439  0.410170  0.247996  0.086003  0.491712  0.443179  0.400589  0.186633  0.474412  0.543568  0.533631  0.495377 0.0  0.525027  0.278725  0.407540  0.485234  0.181440  0.408303  0.464841  0.401093  0.215477  0.401739  0.123016  0.357688  0.476533  0.258335  0.426265  0.411737  0.388868  0.222902  0.313510 
41  0.512351  0.360340  0.505538  0.446412  0.235713  0.328263  0.508183  0.404031  0.355447  0.313331  0.263918  0.406090  0.373237  0.491126  0.440871  0.491826  0.764860  0.487553  0.453632  0.249042  0.589659  0.311022  0.315440  0.383509  0.729310  0.512833  0.523703  0.571385  0.494924  0.468950  0.558133  0.585883  0.488687  0.458251  0.383264  0.396271  0.389225  0.459079  0.213590  0.249727  0.525027 0.0  0.138890  0.484858  0.562073  0.351621  0.528044  0.223232  0.362930  0.410189  0.397061  0.404428  0.402533  0.429391  0.302513  0.359225  0.519769  0.357312  0.383876  0.267669 
42  0.273719  0.218552  0.264765  0.222814  0.082967  0.113050  0.379678  0.334603  0.272463  0.159110  0.231718  0.075771  0.175986  0.190558  0.143468  0.327193  0.688548  0.347025  0.289716  0.189889  0.368021  0.136284  0.200040  0.212617  0.540911  0.328954  0.410555  0.375015  0.193221  0.211871  0.277843  0.317539  0.276255  0.221325  0.278424  0.257667  0.156775  0.382717  0.285973  0.194883  0.278725  0.138890 0.0  0.213412  0.399541  0.222913  0.259896  0.172623  0.083192  0.261085  0.258193  0.389430  0.279924  0.295685  0.197699  0.095469  0.262466  0.238212  0.191569  0.221131 
43  0.218692  0.156116  0.361641  0.194525  0.201340  0.196593  0.248185  0.175019  0.075771  0.236723  0.159968  0.276972  0.165923  0.147091  0.168078  0.483114  0.848518  0.487397  0.147391  0.320642  0.431346  0.184809  0.197092  0.307991  0.678444  0.179024  0.122509  0.233601  0.324369  0.075771  0.265864  0.388017  0.189686  0.128433  0.150460  0.248695  0.075771  0.238742  0.351203  0.320600  0.407540  0.484858  0.213412 0.0  0.202682  0.431471  0.097054  0.205263  0.238453  0.315226  0.253735  0.533097  0.075771  0.075771  0.330236  0.162812  0.144237  0.172355  0.276933  0.311965 
44  0.116955  0.285894  0.543464  0.219457  0.267449  0.290893  0.320022  0.253543  0.174992  0.353943  0.220059  0.358324  0.266026  0.129548  0.177466  0.521772  0.883406  0.501223  0.149808  0.349901  0.607152  0.295465  0.177090  0.328379  0.845286  0.075771  0.157443  0.211275  0.432562  0.175353  0.214649  0.507670  0.218444  0.229484  0.133848  0.452148  0.157732  0.157890  0.360172  0.410729  0.485234  0.562073  0.399541  0.202682 0.0  0.496857  0.204027  0.224019  0.245530  0.407736  0.131819  0.605342  0.091458  0.132751  0.345082  0.258895  0.075771  0.213776  0.276037  0.429162 
45  0.246998  0.187844  0.287005  0.218212  0.364170  0.337908  0.218911  0.238634  0.360997  0.209412  0.253321  0.128880  0.397413  0.442934  0.371639  0.229322  0.600177  0.149853  0.366380  0.423425  0.196815  0.334140  0.299579  0.185391  0.452350  0.367432  0.442765  0.450408  0.167273  0.279763  0.325799  0.197503  0.466130  0.302756  0.300216  0.127976  0.330119  0.288503  0.344147  0.305837  0.181440  0.351621  0.222913  0.431471  0.496857 0.0  0.441711  0.333765  0.270665  0.199211  0.284885  0.250266  0.344912  0.366137  0.137056  0.100436  0.334953  0.412673  0.292213  0.138719 
46  0.089436  0.234182  0.514577  0.163168  0.222222  0.287170  0.344021  0.192646  0.134091  0.336849  0.213477  0.414835  0.284302  0.175045  0.194470  0.498269  0.854515  0.439676  0.089162  0.225360  0.458787  0.215927  0.104071  0.280595  0.775335  0.075771  0.258589  0.127050  0.430698  0.237753  0.169502  0.445830  0.195060  0.185841  0.231405  0.493726  0.169887  0.218153  0.305105  0.374624  0.408303  0.528044  0.259896  0.097054  0.204027  0.441711 0.0  0.217011  0.367856  0.427295  0.099594  0.551716  0.118408  0.129656  0.329672  0.474893  0.075771  0.145839  0.274248  0.502906 
47  0.262283  0.192208  0.397508  0.134783  0.172835  0.137097  0.161285  0.136127  0.181690  0.142754  0.087338  0.290181  0.122559  0.310717  0.180913  0.355031  0.681408  0.406567  0.184734  0.191066  0.492245  0.104019  0.166648  0.268418  0.729056  0.153592  0.280516  0.366463  0.292385  0.194891  0.349314  0.365017  0.202807  0.244342  0.129471  0.209063  0.137371  0.189448  0.147786  0.238518  0.464841  0.223232  0.172623  0.205263  0.224019  0.333765  0.217011 0.0  0.102923  0.344454  0.240695  0.464770  0.238167  0.198315  0.255056  0.076236  0.176203  0.220598  0.102028  0.169007 
48  0.228061  0.211202  0.389352  0.197110  0.159855  0.171712  0.212841  0.218433  0.155745  0.213407  0.189970  0.311121  0.220982  0.316992  0.246758  0.351690  0.761976  0.363610  0.229548  0.201583  0.371707  0.178046  0.157968  0.289026  0.674657  0.265541  0.301377  0.431072  0.256829  0.155091  0.282933  0.305114  0.271132  0.221118  0.202568  0.226452  0.235585  0.355921  0.346211  0.214910  0.401093  0.362930  0.083192  0.238453  0.245530  0.270665  0.367856  0.102923 0.0  0.211256  0.290010  0.426469  0.271009  0.261147  0.338569  0.188401  0.213477  0.283010  0.197345  0.258121 
49  0.427146  0.237157  0.153379  0.320766  0.360925  0.295409  0.173891  0.285481  0.432640  0.102580  0.354343  0.078762  0.382071  0.363120  0.194256  0.222743  0.609801  0.186426  0.484674  0.315336  0.326142  0.401330  0.212716  0.207784  0.545898  0.368107  0.506952  0.514362  0.075771  0.421631  0.280113  0.173110  0.409515  0.306397  0.419738  0.145340  0.333522  0.447827  0.436787  0.298402  0.215477  0.410189  0.261085  0.315226  0.407736  0.199211  0.427295  0.344454  0.211256 0.0  0.418973  0.262569  0.333448  0.401446  0.119884  0.186264  0.431859  0.351853  0.273278  0.166175 
50  0.144702  0.265412  0.573741  0.143768  0.224093  0.178827  0.465193  0.165732  0.075771  0.296474  0.255609  0.330291  0.212077  0.075771  0.149068  0.452141  0.780873  0.418482  0.075771  0.316763  0.505184  0.174613  0.224173  0.309453  0.688339  0.140946  0.208862  0.150390  0.425951  0.196011  0.268638  0.411559  0.145994  0.184338  0.182360  0.298645  0.283410  0.075771  0.375786  0.338521  0.401739  0.397061  0.258193  0.253735  0.131819  0.284885  0.099594  0.240695  0.290010  0.418973 0.0  0.572060  0.207376  0.134555  0.457553  0.258345  0.098342  0.181481  0.220174  0.409427 
51  0.519325  0.359868  0.106295  0.456427  0.444080  0.320535  0.343605  0.400741  0.388683  0.253612  0.526463  0.159630  0.415479  0.567111  0.392476  0.140303  0.401722  0.171684  0.480321  0.387676  0.100610  0.574994  0.367182  0.379569  0.344198  0.492521  0.588425  0.655614  0.301211  0.456575  0.329055  0.181994  0.651465  0.465194  0.543678  0.251124  0.495237  0.619405  0.482451  0.330156  0.123016  0.404428  0.389430  0.533097  0.605342  0.250266  0.551716  0.464770  0.426469  0.262569  0.572060 0.0  0.449454  0.603784  0.109306  0.361374  0.595752  0.513874  0.383812  0.245147 
52  0.085902  0.162207  0.426304  0.075771  0.217516  0.288698  0.279927  0.162038  0.083831  0.337302  0.338758  0.356468  0.132597  0.213359  0.177036  0.498114  0.842728  0.527505  0.075771  0.413193  0.409917  0.101119  0.075771  0.210565  0.749515  0.253567  0.254272  0.200440  0.365415  0.172769  0.114141  0.336901  0.128756  0.174237  0.160724  0.271602  0.282218  0.087262  0.335118  0.460354  0.357688  0.402533  0.279924  0.075771  0.091458  0.344912  0.118408  0.238167  0.271009  0.333448  0.207376  0.449454 0.0  0.116225  0.320743  0.209881  0.148294  0.169189  0.292421  0.356832 
53  0.143804  0.210395  0.486891  0.125961  0.197023  0.174523  0.420525  0.207114  0.223269  0.276776  0.256877  0.395620  0.285567  0.075771  0.275045  0.518880  0.778560  0.424663  0.085577  0.222843  0.648201  0.075771  0.156241  0.330785  0.805817  0.080364  0.183015  0.204290  0.454914  0.179960  0.130354  0.324443  0.109467  0.179735  0.167411  0.449919  0.075771  0.086136  0.376660  0.437288  0.476533  0.429391  0.295685  0.075771  0.132751  0.366137  0.129656  0.198315  0.261147  0.401446  0.134555  0.603784  0.116225 0.0  0.483894  0.280491  0.156077  0.075771  0.375679  0.299998 
54  0.375933  0.271810  0.247959  0.410841  0.308234  0.267639  0.281295  0.362064  0.303553  0.229265  0.266852  0.221390  0.326320  0.379053  0.350280  0.273003  0.539866  0.177057  0.422471  0.314321  0.205636  0.422672  0.365977  0.195161  0.499507  0.454078  0.557427  0.487243  0.075771  0.370744  0.360406  0.213974  0.377169  0.364502  0.331651  0.137148  0.381011  0.449165  0.426310  0.252178  0.258335  0.302513  0.197699  0.330236  0.345082  0.137056  0.329672  0.255056  0.338569  0.119884  0.457553  0.109306  0.320743  0.483894 0.0  0.278244  0.399994  0.367578  0.236016  0.083121 
55  0.246483  0.120567  0.401671  0.221080  0.205481  0.252427  0.320284  0.172772  0.303575  0.205540  0.258041  0.166394  0.137979  0.183380  0.097337  0.391480  0.690150  0.381788  0.179735  0.194230  0.386030  0.208583  0.280339  0.181269  0.553017  0.321167  0.283391  0.302319  0.228808  0.276446  0.306548  0.294541  0.256321  0.217078  0.204546  0.200364  0.317471  0.251877  0.351842  0.165995  0.426265  0.359225  0.095469  0.162812  0.258895  0.100436  0.474893  0.076236  0.188401  0.186264  0.258345  0.361374  0.209881  0.280491  0.278244 0.0  0.254527  0.156132  0.266665  0.216075 
56  0.139579  0.348728  0.515707  0.282499  0.290648  0.323160  0.437933  0.134949  0.075771  0.300272  0.199611  0.429364  0.275843  0.134901  0.210760  0.541011  0.898574  0.394695  0.075771  0.365716  0.650608  0.075771  0.139352  0.335153  0.857511  0.075771  0.108832  0.250897  0.368093  0.186953  0.276398  0.428571  0.200482  0.233658  0.176939  0.415102  0.185586  0.169782  0.407094  0.336366  0.411737  0.519769  0.262466  0.144237  0.075771  0.334953  0.075771  0.176203  0.213477  0.431859  0.098342  0.595752  0.148294  0.156077  0.399994  0.254527 0.0  0.075771  0.216650  0.368101 
57  0.121071  0.322204  0.513143  0.126300  0.217267  0.143739  0.402475  0.193403  0.125022  0.362224  0.172739  0.324561  0.289376  0.075771  0.195000  0.477062  0.813036  0.454382  0.075771  0.268218  0.538192  0.102281  0.144661  0.277505  0.758902  0.199911  0.156373  0.229379  0.375861  0.075771  0.243694  0.410206  0.105279  0.132213  0.184998  0.374442  0.168646  0.148505  0.290923  0.396154  0.388868  0.357312  0.238212  0.172355  0.213776  0.412673  0.145839  0.220598  0.283010  0.351853  0.181481  0.513874  0.169189  0.075771  0.367578  0.156132  0.075771 0.0  0.248781  0.434752 
58  0.242673  0.104836  0.271847  0.172626  0.411042  0.221309  0.161331  0.079452  0.280195  0.313727  0.321235  0.163784  0.259667  0.301335  0.179870  0.180768  0.623963  0.253721  0.281632  0.271921  0.353323  0.192809  0.205842  0.116272  0.759897  0.315978  0.323139  0.451498  0.259574  0.261919  0.314669  0.239204  0.240312  0.210517  0.202715  0.232224  0.315366  0.282915  0.344574  0.265775  0.222902  0.383876  0.191569  0.276933  0.276037  0.292213  0.274248  0.102028  0.197345  0.273278  0.220174  0.383812  0.292421  0.375679  0.236016  0.266665  0.216650  0.248781 0.0  0.323162 
59  0.426801  0.167551  0.254574  0.281392  0.317424  0.330835  0.349006  0.199914  0.380748  0.175813  0.301341  0.160866  0.279348  0.444401  0.255794  0.124873  0.558399  0.246438  0.371798  0.356208  0.337522  0.409793  0.392682  0.233074  0.415826  0.325311  0.511855  0.448814  0.157150  0.336884  0.257337  0.293478  0.302821  0.386979  0.324537  0.139208  0.319337  0.463807  0.376575  0.171099  0.313510  0.267669  0.221131  0.311965  0.429162  0.138719  0.502906  0.169007  0.258121  0.166175  0.409427  0.245147  0.356832  0.299998  0.083121  0.216075  0.368101  0.434752  0.323162 0.0 
