60
0 0.0  0.224241  0.476913  0.133063  0.230036  0.201559  0.284753  0.176014  0.121123  0.344448  0.268517  0.287904  0.250289  0.116207  0.158265  0.511415  0.842583  0.337427  0.115317  0.335135  0.525048  0.162557  0.212800  0.258736  0.723265  0.104980  0.153846  0.198473  0.363914  0.168754  0.200772  0.395465  0.173515  0.158161  0.161558  0.365805  0.169107  0.157911  0.286836  0.373210  0.405751  0.441467  0.299277  0.133873  0.144971  0.370209  0.140433  0.231211  0.248041  0.329892  0.124696  0.464631  0.116191  0.121100  0.339007  0.286796  0.148616  0.161000  0.242884  0.371240 
1  0.224241 0.0  0.252616  0.212814  0.258611  0.143029  0.208013  0.174518  0.237374  0.188462  0.271317  0.155891  0.246680  0.261798  0.174624  0.287782  0.618184  0.239864  0.282217  0.334410  0.325704  0.295059  0.227543  0.115531  0.538525  0.262694  0.319043  0.353413  0.223886  0.224014  0.191366  0.246592  0.313818  0.191153  0.221806  0.214163  0.273579  0.315218  0.327159  0.298975  0.255580  0.416674  0.216213  0.219431  0.284725  0.180851  0.297530  0.207043  0.197621  0.209183  0.276989  0.339622  0.224715  0.265370  0.221000  0.195628  0.280370  0.270142  0.113695  0.267145 
2  0.476913  0.252616 0.0  0.431291  0.467420  0.291394  0.233330  0.392286  0.406168  0.264157  0.457107  0.218732  0.346092  0.450947  0.370461  0.137580  0.454423  0.132143  0.448921  0.433049  0.141826  0.365020  0.340545  0.251421  0.374002  0.417385  0.509504  0.505593  0.185400  0.461940  0.334546  0.147266  0.418529  0.342394  0.431081  0.206498  0.427300  0.467607  0.448546  0.419297  0.148332  0.379353  0.337212  0.456416  0.543217  0.183222  0.521494  0.333097  0.334902  0.188906  0.427330  0.166872  0.388444  0.394468  0.202891  0.342668  0.371835  0.490583  0.276805  0.243323 
3  0.133063  0.212814  0.431291 0.0  0.193310  0.144438  0.275286  0.134385  0.120309  0.291987  0.294552  0.260150  0.216636  0.135773  0.129709  0.372297  0.754628  0.398305  0.151854  0.340241  0.385163  0.174966  0.161043  0.227309  0.577680  0.140235  0.210484  0.269362  0.399433  0.165369  0.196978  0.367345  0.193439  0.148217  0.135874  0.310504  0.173970  0.193604  0.336205  0.316606  0.410598  0.437669  0.234199  0.103817  0.189895  0.309380  0.191537  0.180273  0.208424  0.302768  0.171659  0.466684  0.109225  0.165389  0.312036  0.213950  0.158626  0.149368  0.208994  0.370777 
4  0.230036  0.258611  0.467420  0.193310 0.0  0.195502  0.364228  0.234625  0.190182  0.279692  0.126259  0.279253  0.112717  0.216201  0.191562  0.393932  0.814745  0.402935  0.212157  0.178917  0.465832  0.152588  0.117816  0.254369  0.606133  0.224047  0.301054  0.321619  0.338968  0.152621  0.320910  0.428010  0.186252  0.238641  0.167151  0.333384  0.184428  0.266359  0.188728  0.248591  0.429796  0.283585  0.179682  0.196586  0.264298  0.332157  0.235047  0.129547  0.158509  0.310892  0.219795  0.481113  0.203240  0.244527  0.344766  0.184542  0.202207  0.159840  0.257424  0.310549 
5  0.201559  0.143029  0.291394  0.144438  0.195502 0.0  0.242584  0.143265  0.211143  0.215552  0.239991  0.215198  0.210873  0.212392  0.129078  0.322465  0.714628  0.291393  0.223860  0.310507  0.390979  0.251961  0.176019  0.178741  0.658400  0.206944  0.250914  0.314305  0.277117  0.200558  0.196024  0.290429  0.222494  0.179355  0.194997  0.239089  0.197934  0.255635  0.292759  0.298228  0.344871  0.386822  0.188500  0.152711  0.273690  0.250378  0.267564  0.154138  0.166177  0.218019  0.224370  0.392391  0.188867  0.239543  0.265932  0.169001  0.241606  0.217649  0.163589  0.267330 
6  0.284753  0.208013  0.233330  0.275286  0.364228  0.242584 0.0  0.258239  0.319876  0.271151  0.454731  0.193469  0.362078  0.379531  0.264005  0.311404  0.556431  0.231128  0.306418  0.463747  0.276273  0.361897  0.326983  0.208620  0.519201  0.302627  0.381224  0.438146  0.259787  0.365402  0.201142  0.172408  0.418037  0.270470  0.356088  0.252309  0.385607  0.320446  0.393120  0.441511  0.184408  0.512915  0.240850  0.302387  0.324204  0.197165  0.364192  0.347266  0.306385  0.228411  0.384468  0.333889  0.309840  0.347618  0.280453  0.310085  0.342454  0.345914  0.186923  0.323949 
7  0.176014  0.174518  0.392286  0.134385  0.234625  0.143265  0.258239 0.0  0.176276  0.286559  0.228760  0.217845  0.243833  0.168360  0.111938  0.442385  0.684586  0.326091  0.175129  0.283723  0.403474  0.228222  0.212430  0.184773  0.500967  0.170082  0.241817  0.267653  0.333164  0.195675  0.152300  0.330521  0.245248  0.114307  0.164043  0.306341  0.215925  0.249870  0.342883  0.310933  0.360671  0.436610  0.216103  0.141767  0.217442  0.286297  0.193323  0.189369  0.188051  0.278905  0.201292  0.450780  0.154888  0.180964  0.297992  0.210864  0.202406  0.205980  0.197977  0.326705 
8  0.121123  0.237374  0.406168  0.120309  0.190182  0.211143  0.319876  0.176276 0.0  0.330187  0.248420  0.324437  0.224157  0.109514  0.150157  0.464772  0.826833  0.413629  0.118897  0.245674  0.518507  0.161237  0.157567  0.249790  0.815354  0.136387  0.181382  0.239925  0.318483  0.133562  0.227147  0.341712  0.158019  0.178106  0.124236  0.349757  0.144824  0.166720  0.336263  0.362622  0.436710  0.444940  0.245442  0.108251  0.151131  0.328863  0.157808  0.183692  0.204002  0.325680  0.131054  0.456183  0.106269  0.132495  0.342653  0.222842  0.134413  0.129852  0.251814  0.360877 
9  0.344448  0.188462  0.264157  0.291987  0.279692  0.215552  0.271151  0.286559  0.330187 0.0  0.257121  0.164449  0.255841  0.315367  0.253828  0.265471  0.605907  0.203574  0.339635  0.260178  0.300227  0.355406  0.275380  0.201729  0.553915  0.324063  0.383901  0.464477  0.155182  0.316308  0.256649  0.253264  0.364151  0.292312  0.269051  0.145001  0.341018  0.387035  0.327432  0.212609  0.243556  0.307335  0.163623  0.269198  0.314407  0.182835  0.330193  0.217327  0.206723  0.151589  0.340162  0.246804  0.298986  0.374876  0.138278  0.164190  0.293607  0.321355  0.183423  0.144246 
10  0.268517  0.271317  0.457107  0.294552  0.126259  0.239991  0.454731  0.228760  0.248420  0.257121 0.0  0.358772  0.124178  0.243839  0.273544  0.436827  0.815181  0.423901  0.258109  0.124871  0.478740  0.202535  0.164011  0.316053  0.674347  0.261047  0.366037  0.357644  0.365480  0.189178  0.306510  0.407199  0.230329  0.301446  0.213875  0.349881  0.233350  0.295971  0.149952  0.244666  0.458909  0.255487  0.180933  0.220007  0.315560  0.423750  0.299153  0.182198  0.207114  0.336190  0.302739  0.482549  0.249300  0.303038  0.305244  0.200179  0.250741  0.203872  0.283452  0.334095 
11  0.287904  0.155891  0.218732  0.260150  0.279253  0.215198  0.193469  0.217845  0.324437  0.164449  0.358772 0.0  0.299870  0.283209  0.229264  0.252605  0.530005  0.172243  0.324224  0.345760  0.256665  0.348723  0.282037  0.127370  0.602270  0.309782  0.353582  0.420084  0.166761  0.344098  0.242147  0.181227  0.343901  0.304307  0.264622  0.163224  0.349472  0.380998  0.403266  0.350396  0.196707  0.413802  0.221600  0.305761  0.368923  0.121114  0.345013  0.227805  0.254294  0.146189  0.382378  0.257274  0.266002  0.331939  0.178253  0.231693  0.353068  0.298010  0.141281  0.209525 
12  0.250289  0.246680  0.346092  0.216636  0.112717  0.210873  0.362078  0.243833  0.224157  0.255841  0.124178  0.299870 0.0  0.240129  0.199346  0.462936  0.792313  0.391618  0.278264  0.153308  0.507025  0.175247  0.138731  0.265212  0.765846  0.284032  0.346581  0.354839  0.312560  0.174177  0.260156  0.390299  0.215724  0.234194  0.179661  0.329178  0.225324  0.256299  0.191331  0.229017  0.401528  0.289782  0.166275  0.237617  0.250275  0.323859  0.288007  0.138307  0.155504  0.312415  0.244548  0.395108  0.222068  0.246243  0.342703  0.162643  0.264644  0.217156  0.236498  0.293374 
13  0.116207  0.261798  0.450947  0.135773  0.216201  0.212392  0.379531  0.168360  0.109514  0.315367  0.243839  0.283209  0.240129 0.0  0.188138  0.473987  0.769363  0.393207  0.103241  0.310967  0.431629  0.152747  0.170543  0.285140  0.729372  0.119824  0.165739  0.212822  0.376492  0.149335  0.242566  0.338034  0.142308  0.194515  0.132590  0.357784  0.128145  0.149700  0.297038  0.371180  0.428267  0.469064  0.269985  0.124286  0.140558  0.376132  0.133124  0.195639  0.263705  0.329884  0.111090  0.546288  0.119351  0.126092  0.388494  0.244492  0.116534  0.125538  0.262294  0.347965 
14  0.158265  0.174624  0.370461  0.129709  0.191562  0.129078  0.264005  0.111938  0.150157  0.253828  0.273544  0.229264  0.199346  0.188138 0.0  0.411518  0.691283  0.336633  0.181877  0.281737  0.425435  0.193402  0.166568  0.183013  0.557832  0.173384  0.249634  0.265629  0.269731  0.165406  0.177601  0.318514  0.215211  0.141422  0.144015  0.269343  0.195054  0.214557  0.283463  0.349127  0.372557  0.419278  0.178757  0.135208  0.208787  0.260527  0.203273  0.163394  0.180136  0.277849  0.196657  0.414815  0.140670  0.203019  0.301284  0.195180  0.192657  0.178374  0.200970  0.359071 
15  0.511415  0.287782  0.137580  0.372297  0.393932  0.322465  0.311404  0.442385  0.464772  0.265471  0.436827  0.252605  0.462936  0.473987  0.411518 0.0  0.434773  0.153642  0.500090  0.463539  0.142314  0.444632  0.435324  0.265631  0.348833  0.493879  0.466807  0.541611  0.202052  0.471279  0.355360  0.189420  0.559552  0.405162  0.467597  0.211041  0.481947  0.483576  0.465609  0.391042  0.187208  0.408731  0.329870  0.454581  0.550627  0.205622  0.485291  0.395320  0.330757  0.220915  0.522416  0.126032  0.455634  0.504782  0.212140  0.313734  0.589991  0.530420  0.251769  0.219964 
16  0.842583  0.618184  0.454423  0.754628  0.814745  0.714628  0.556431  0.684586  0.826833  0.605907  0.815181  0.530005  0.792313  0.769363  0.691283  0.434773 0.0  0.440599  0.895788  0.767087  0.387940  0.841377  0.714418  0.642389  0.141143  0.711456  0.802585  1.000000  0.544397  0.863892  0.751426  0.414371  0.833077  0.630769  0.803685  0.552138  0.769103  0.886801  0.780668  0.710538  0.411319  0.785110  0.636813  0.781663  0.783902  0.524915  0.716463  0.751794  0.584386  0.573460  0.764800  0.395440  0.816965  0.925852  0.543819  0.635915  0.872422  0.955672  0.566767  0.581453 
17  0.337427  0.239864  0.132143  0.398305  0.402935  0.291393  0.231128  0.326091  0.413629  0.203574  0.423901  0.172243  0.391618  0.393207  0.336633  0.153642  0.440599 0.0  0.386850  0.452908  0.177321  0.424750  0.359180  0.219682  0.502064  0.328158  0.451258  0.551292  0.154296  0.400313  0.323253  0.145617  0.459409  0.323227  0.402057  0.168615  0.383799  0.436391  0.443751  0.360859  0.154777  0.389978  0.282649  0.344095  0.471230  0.142298  0.435746  0.301369  0.274426  0.170245  0.459475  0.161261  0.402946  0.436757  0.173182  0.291299  0.396857  0.366767  0.233439  0.193130 
18  0.115317  0.282217  0.448921  0.151854  0.212157  0.223860  0.306418  0.175129  0.118897  0.339635  0.258109  0.324224  0.278264  0.103241  0.181877  0.500090  0.895788  0.386850 0.0  0.304030  0.473355  0.168574  0.199330  0.334124  0.681038  0.116056  0.156169  0.212287  0.384743  0.150361  0.196774  0.355192  0.142714  0.179622  0.146729  0.408593  0.143306  0.146781  0.286001  0.344094  0.456230  0.460870  0.278662  0.142493  0.125356  0.380804  0.119033  0.204464  0.220837  0.366090  0.100730  0.510044  0.129023  0.106405  0.419418  0.284881  0.112650  0.139537  0.270568  0.382998 
19  0.335135  0.334410  0.433049  0.340241  0.178917  0.310507  0.463747  0.283723  0.245674  0.260178  0.124871  0.345760  0.153308  0.310967  0.281737  0.463539  0.767087  0.452908  0.304030 0.0  0.415710  0.217466  0.211774  0.341548  0.734644  0.345348  0.417919  0.386891  0.369532  0.227892  0.370536  0.405656  0.282821  0.348766  0.236240  0.322066  0.238044  0.366536  0.104122  0.198261  0.506886  0.239846  0.228026  0.250233  0.329121  0.355155  0.348899  0.210148  0.236018  0.377755  0.273566  0.512333  0.293458  0.330995  0.324147  0.228789  0.262766  0.249201  0.274118  0.380266 
20  0.525048  0.325704  0.141826  0.385163  0.465832  0.390979  0.276273  0.403474  0.518507  0.300227  0.478740  0.256665  0.507025  0.431629  0.425435  0.142314  0.387940  0.177321  0.473355  0.415710 0.0  0.526382  0.420423  0.326402  0.313674  0.468850  0.551514  0.535622  0.251495  0.490405  0.339760  0.182169  0.581645  0.376622  0.496939  0.238359  0.428614  0.590279  0.458747  0.439187  0.171725  0.496991  0.386192  0.455576  0.491279  0.234961  0.564512  0.440087  0.393308  0.272876  0.481380  0.160983  0.472294  0.504605  0.268095  0.372200  0.504516  0.437389  0.291912  0.281973 
21  0.162557  0.295059  0.365020  0.174966  0.152588  0.251961  0.361897  0.228222  0.161237  0.355406  0.202535  0.348723  0.175247  0.152747  0.193402  0.444632  0.841377  0.424750  0.168574  0.217466  0.526382 0.0  0.137567  0.303309  0.696280  0.191522  0.234807  0.258429  0.393956  0.109052  0.265081  0.391991  0.130612  0.230453  0.130490  0.370109  0.112105  0.240137  0.223880  0.330102  0.457730  0.387742  0.211310  0.153404  0.186960  0.392051  0.178312  0.169847  0.202016  0.358977  0.184364  0.503808  0.179550  0.192402  0.355587  0.246327  0.165348  0.119957  0.276751  0.380910 
22  0.212800  0.227543  0.340545  0.161043  0.117816  0.176019  0.326983  0.212430  0.157567  0.275380  0.164011  0.282037  0.138731  0.170543  0.166568  0.435324  0.714418  0.359180  0.199330  0.211774  0.420423  0.137567 0.0  0.223833  0.724518  0.207548  0.262861  0.298115  0.318714  0.135596  0.255277  0.419676  0.172534  0.229302  0.128314  0.309124  0.163393  0.235590  0.233681  0.275940  0.474720  0.357128  0.195352  0.155383  0.213806  0.316321  0.235358  0.130566  0.157971  0.309323  0.197160  0.424251  0.168567  0.233595  0.329981  0.172110  0.197617  0.154644  0.249280  0.306862 
23  0.258736  0.115531  0.251421  0.227309  0.254369  0.178741  0.208620  0.184773  0.249790  0.201729  0.316053  0.127370  0.265212  0.285140  0.183013  0.265631  0.642389  0.219682  0.334124  0.341548  0.326402  0.303309  0.223833 0.0  0.596596  0.289744  0.349106  0.366198  0.222069  0.285754  0.217463  0.195248  0.300276  0.227269  0.256732  0.194231  0.327360  0.360270  0.370442  0.298812  0.221096  0.355747  0.197102  0.239290  0.348886  0.176799  0.284722  0.208945  0.180160  0.172198  0.328977  0.307594  0.246459  0.285621  0.222981  0.206031  0.283094  0.272144  0.100614  0.233245 
24  0.723265  0.538525  0.374002  0.577680  0.606133  0.658400  0.519201  0.500967  0.815354  0.553915  0.674347  0.602270  0.765846  0.729372  0.557832  0.348833  0.141143  0.502064  0.681038  0.734644  0.313674  0.696280  0.724518  0.596596 0.0  0.776153  0.819639  0.722842  0.436133  0.632973  0.661472  0.459658  0.744229  0.642073  0.709113  0.523724  0.712121  0.792915  0.735936  0.647636  0.420697  0.650668  0.650865  0.805017  0.711670  0.430435  0.818854  0.584335  0.688867  0.429033  0.821650  0.336588  0.701156  0.734719  0.544011  0.636888  0.834904  0.749186  0.540458  0.476856 
25  0.104980  0.262694  0.417385  0.140235  0.224047  0.206944  0.302627  0.170082  0.136387  0.324063  0.261047  0.309782  0.284032  0.119824  0.173384  0.493879  0.711456  0.328158  0.116056  0.345348  0.468850  0.191522  0.207548  0.289744  0.776153 0.0  0.141012  0.189327  0.395617  0.177554  0.216865  0.367088  0.184882  0.158747  0.167454  0.383832  0.166032  0.137408  0.365694  0.384593  0.412625  0.435980  0.284473  0.145560  0.136783  0.338326  0.121009  0.244082  0.280212  0.304873  0.122964  0.534692  0.134815  0.104339  0.377840  0.249994  0.135903  0.172920  0.266010  0.389242 
26  0.153846  0.319043  0.509504  0.210484  0.301054  0.250914  0.381224  0.241817  0.181382  0.383901  0.366037  0.353582  0.346581  0.165739  0.249634  0.466807  0.802585  0.451258  0.156169  0.417919  0.551514  0.234807  0.262861  0.349106  0.819639  0.141012 0.0  0.132985  0.413647  0.211162  0.273106  0.396088  0.192278  0.214072  0.233293  0.395739  0.195173  0.103143  0.332029  0.437593  0.496931  0.461800  0.329066  0.204295  0.132355  0.411885  0.120595  0.267258  0.294779  0.413719  0.143433  0.546909  0.181145  0.139992  0.431087  0.341522  0.163329  0.225795  0.364695  0.452689 
27  0.198473  0.353413  0.505593  0.269362  0.321619  0.314305  0.438146  0.267653  0.239925  0.464477  0.357644  0.420084  0.354839  0.212822  0.265629  0.541611  1.000000  0.551292  0.212287  0.386891  0.535622  0.258429  0.298115  0.366198  0.722842  0.189327  0.132985 0.0  0.559817  0.279123  0.284236  0.485477  0.212755  0.251385  0.231228  0.446641  0.241377  0.141585  0.440132  0.419984  0.447528  0.544588  0.379851  0.250862  0.183772  0.437208  0.151613  0.328774  0.369082  0.422990  0.194481  0.557913  0.234642  0.164597  0.510172  0.355894  0.210253  0.246020  0.434477  0.546888 
28  0.363914  0.223886  0.185400  0.399433  0.338968  0.277117  0.259787  0.333164  0.318483  0.155182  0.365480  0.166761  0.312560  0.376492  0.269731  0.202052  0.544397  0.154296  0.384743  0.369532  0.251495  0.393956  0.318714  0.222069  0.436133  0.395617  0.413647  0.559817 0.0  0.411034  0.304285  0.192689  0.433932  0.318209  0.385753  0.110867  0.394583  0.478637  0.351672  0.283726  0.212342  0.401695  0.253346  0.376888  0.385660  0.153128  0.434491  0.282554  0.275345  0.117814  0.376896  0.210201  0.335756  0.399275  0.114919  0.258483  0.418946  0.382982  0.233556  0.151831 
29  0.168754  0.224014  0.461940  0.165369  0.152621  0.200558  0.365402  0.195675  0.133562  0.316308  0.189178  0.344098  0.174177  0.149335  0.165406  0.471279  0.863892  0.400313  0.150361  0.227892  0.490405  0.109052  0.135596  0.285754  0.632973  0.177554  0.211162  0.279123  0.411034 0.0  0.236251  0.383946  0.137950  0.214072  0.120438  0.354446  0.116418  0.198986  0.230225  0.322011  0.450770  0.361690  0.227977  0.141508  0.192370  0.389918  0.191550  0.177731  0.209631  0.342796  0.164742  0.415270  0.149999  0.169376  0.409137  0.216273  0.165441  0.109281  0.236929  0.398864 
30  0.200772  0.191366  0.334546  0.196978  0.320910  0.196024  0.201142  0.152300  0.227147  0.256649  0.306510  0.242147  0.260156  0.242566  0.177601  0.355360  0.751426  0.323253  0.196774  0.370536  0.339760  0.265081  0.255277  0.217463  0.661472  0.216865  0.273106  0.284236  0.304285  0.236251 0.0  0.309769  0.261888  0.143074  0.220772  0.289290  0.274047  0.237506  0.402456  0.323931  0.293322  0.484784  0.263484  0.229999  0.279399  0.257295  0.241680  0.255772  0.244433  0.304989  0.217333  0.420599  0.197396  0.227757  0.345796  0.289902  0.257750  0.277300  0.198008  0.307064 
31  0.395465  0.246592  0.147266  0.367345  0.428010  0.290429  0.172408  0.330521  0.341712  0.253264  0.407199  0.181227  0.390299  0.338034  0.318514  0.189420  0.414371  0.145617  0.355192  0.405656  0.182169  0.391991  0.419676  0.195248  0.459658  0.367088  0.396088  0.485477  0.192689  0.383946  0.309769 0.0  0.464373  0.309991  0.360670  0.218725  0.442859  0.410396  0.448373  0.412948  0.117016  0.454172  0.307423  0.391786  0.466445  0.151733  0.440286  0.343328  0.276331  0.185806  0.395341  0.258090  0.396801  0.418587  0.220730  0.308051  0.411802  0.444868  0.213594  0.266033 
32  0.173515  0.313818  0.418529  0.193439  0.186252  0.222494  0.418037  0.245248  0.158019  0.364151  0.230329  0.343901  0.215724  0.142308  0.215211  0.559552  0.833077  0.459409  0.142714  0.282821  0.581645  0.130612  0.172534  0.300276  0.744229  0.184882  0.192278  0.212755  0.433932  0.137950  0.261888  0.464373 0.0  0.259801  0.156091  0.385848  0.110248  0.182561  0.291011  0.381911  0.465418  0.413072  0.274974  0.162427  0.158911  0.403186  0.159024  0.204615  0.261034  0.392557  0.140885  0.554688  0.179449  0.168667  0.418503  0.277530  0.127818  0.119710  0.292648  0.412665 
33  0.158161  0.191153  0.342394  0.148217  0.238641  0.179355  0.270470  0.114307  0.178106  0.292312  0.301446  0.304307  0.234194  0.194515  0.141422  0.405162  0.630769  0.323227  0.179622  0.348766  0.376622  0.230453  0.229302  0.227269  0.642073  0.158747  0.214072  0.251385  0.318209  0.214072  0.143074  0.309991  0.259801 0.0  0.189327  0.349439  0.230930  0.207987  0.360859  0.368684  0.326174  0.384852  0.227947  0.154428  0.218023  0.291830  0.185709  0.236164  0.216278  0.271184  0.209567  0.422403  0.158742  0.180945  0.363128  0.247691  0.210364  0.209191  0.202955  0.354660 
34  0.161558  0.221806  0.431081  0.135874  0.167151  0.194997  0.356088  0.164043  0.124236  0.269051  0.213875  0.264622  0.179661  0.132590  0.144015  0.467597  0.803685  0.402057  0.146729  0.236240  0.496939  0.130490  0.128314  0.256732  0.709113  0.167454  0.233293  0.231228  0.385753  0.120438  0.220772  0.360670  0.156091  0.189327 0.0  0.337536  0.150391  0.171031  0.259864  0.280929  0.396482  0.385563  0.218835  0.115562  0.195385  0.339290  0.193937  0.169030  0.199869  0.321533  0.165680  0.456660  0.130617  0.171151  0.301655  0.205678  0.166672  0.122466  0.245749  0.356479 
35  0.365805  0.214163  0.206498  0.310504  0.333384  0.239089  0.252309  0.306341  0.349757  0.145001  0.349881  0.163224  0.329178  0.357784  0.269343  0.211041  0.552138  0.168615  0.408593  0.322066  0.238359  0.370109  0.309124  0.194231  0.523724  0.383832  0.395739  0.446641  0.110867  0.354446  0.289290  0.218725  0.385848  0.349439  0.337536 0.0  0.390335  0.431531  0.365732  0.276770  0.233374  0.308054  0.230944  0.360631  0.360900  0.151580  0.387278  0.272939  0.209136  0.105845  0.393450  0.215109  0.340878  0.320913  0.107092  0.207938  0.465109  0.329006  0.183656  0.134598 
36  0.169107  0.273579  0.427300  0.173970  0.184428  0.197934  0.385607  0.215925  0.144824  0.341018  0.233350  0.349472  0.225324  0.128145  0.195054  0.481947  0.769103  0.383799  0.143306  0.238044  0.428614  0.112105  0.163393  0.327360  0.712121  0.166032  0.195173  0.241377  0.394583  0.116418  0.274047  0.442859  0.110248  0.230930  0.150391  0.390335 0.0  0.171927  0.253503  0.318801  0.361464  0.394903  0.266157  0.160253  0.167379  0.390444  0.159937  0.202013  0.252659  0.361087  0.148772  0.443804  0.160630  0.158651  0.388342  0.242461  0.134062  0.105439  0.322175  0.384539 
37  0.157911  0.315218  0.467607  0.193604  0.266359  0.255635  0.320446  0.249870  0.166720  0.387035  0.295971  0.380998  0.256299  0.149700  0.214557  0.483576  0.886801  0.436391  0.146781  0.366536  0.590279  0.240137  0.235590  0.360270  0.792915  0.137408  0.103143  0.141585  0.478637  0.198986  0.237506  0.410396  0.182561  0.207987  0.171031  0.431531  0.171927 0.0  0.390577  0.442858  0.476552  0.478312  0.340256  0.187061  0.113667  0.398278  0.107886  0.249981  0.293008  0.430862  0.134847  0.503931  0.181397  0.126030  0.450055  0.341881  0.137777  0.205735  0.354716  0.479888 
38  0.286836  0.327159  0.448546  0.336205  0.188728  0.292759  0.393120  0.342883  0.336263  0.327432  0.149952  0.403266  0.191331  0.297038  0.283463  0.465609  0.780668  0.443751  0.286001  0.104122  0.458747  0.223880  0.233681  0.370442  0.735936  0.365694  0.332029  0.440132  0.351672  0.230225  0.402456  0.448373  0.291011  0.360859  0.259864  0.365732  0.253503  0.390577 0.0  0.215570  0.465821  0.231548  0.237853  0.312200  0.338321  0.415501  0.335131  0.239717  0.226885  0.350899  0.362407  0.483845  0.327332  0.346106  0.413784  0.228179  0.322014  0.287103  0.366217  0.357058 
39  0.373210  0.298975  0.419297  0.316606  0.248591  0.298228  0.441511  0.310933  0.362622  0.212609  0.244666  0.350396  0.229017  0.371180  0.349127  0.391042  0.710538  0.360859  0.344094  0.198261  0.439187  0.330102  0.275940  0.298812  0.647636  0.384593  0.437593  0.419984  0.283726  0.322011  0.323931  0.412948  0.381911  0.368684  0.280929  0.276770  0.318801  0.442858  0.215570 0.0  0.416200  0.193554  0.217635  0.333627  0.414363  0.281461  0.388168  0.233943  0.212167  0.268897  0.408367  0.360661  0.339012  0.383544  0.270135  0.209463  0.351773  0.311875  0.263863  0.218309 
40  0.405751  0.255580  0.148332  0.410598  0.429796  0.344871  0.184408  0.360671  0.436710  0.243556  0.458909  0.196707  0.401528  0.428267  0.372557  0.187208  0.411319  0.154777  0.456230  0.506886  0.171725  0.457730  0.474720  0.221096  0.420697  0.412625  0.496931  0.447528  0.212342  0.450770  0.293322  0.117016  0.465418  0.326174  0.396482  0.233374  0.361464  0.476552  0.465821  0.416200 0.0  0.435327  0.357758  0.345047  0.447580  0.190628  0.476253  0.365916  0.351536  0.213742  0.463189  0.213055  0.393271  0.464371  0.236885  0.400095  0.431044  0.448146  0.222572  0.257563 
41  0.441467  0.416674  0.379353  0.437669  0.283585  0.386822  0.512915  0.436610  0.444940  0.307335  0.255487  0.413802  0.289782  0.469064  0.419278  0.408731  0.785110  0.389978  0.460870  0.239846  0.496991  0.387742  0.357128  0.355747  0.650668  0.435980  0.461800  0.544588  0.401695  0.361690  0.484784  0.454172  0.413072  0.384852  0.385563  0.308054  0.394903  0.478312  0.231548  0.193554  0.435327 0.0  0.297579  0.441065  0.458082  0.415607  0.511964  0.343535  0.278341  0.324959  0.470421  0.494789  0.377501  0.470820  0.337040  0.315550  0.500712  0.363745  0.360910  0.328621 
42  0.299277  0.216213  0.337212  0.234199  0.179682  0.188500  0.240850  0.216103  0.245442  0.163623  0.180933  0.221600  0.166275  0.269985  0.178757  0.329870  0.636813  0.282649  0.278662  0.228026  0.386192  0.211310  0.195352  0.197102  0.650865  0.284473  0.329066  0.379851  0.253346  0.227977  0.263484  0.307423  0.274974  0.227947  0.218835  0.230944  0.266157  0.340256  0.237853  0.217635  0.357758  0.297579 0.0  0.230260  0.353814  0.254051  0.324576  0.151655  0.112263  0.214572  0.287405  0.390075  0.273084  0.274316  0.229073  0.093268  0.275273  0.243751  0.187838  0.225062 
43  0.133873  0.219431  0.456416  0.103817  0.196586  0.152711  0.302387  0.141767  0.108251  0.269198  0.220007  0.305761  0.237617  0.124286  0.135208  0.454581  0.781663  0.344095  0.142493  0.250233  0.455576  0.153404  0.155383  0.239290  0.805017  0.145560  0.204295  0.250862  0.376888  0.141508  0.229999  0.391786  0.162427  0.154428  0.115562  0.360631  0.160253  0.187061  0.312200  0.333627  0.345047  0.441065  0.230260 0.0  0.175936  0.292167  0.165052  0.161040  0.201550  0.292530  0.144267  0.481957  0.098906  0.148945  0.308136  0.225435  0.150085  0.146508  0.227862  0.418437 
44  0.144971  0.284725  0.543217  0.189895  0.264298  0.273690  0.324204  0.217442  0.151131  0.314407  0.315560  0.368923  0.250275  0.140558  0.208787  0.550627  0.783902  0.471230  0.125356  0.329121  0.491279  0.186960  0.213806  0.348886  0.711670  0.136783  0.132355  0.183772  0.385660  0.192370  0.279399  0.466445  0.158911  0.218023  0.195385  0.360900  0.167379  0.113667  0.338321  0.414363  0.447580  0.458082  0.353814  0.175936 0.0  0.414772  0.106064  0.253894  0.272616  0.354536  0.111294  0.475170  0.168829  0.123908  0.392837  0.304666  0.115010  0.160928  0.329037  0.428383 
45  0.370209  0.180851  0.183222  0.309380  0.332157  0.250378  0.197165  0.286297  0.328863  0.182835  0.423750  0.121114  0.323859  0.376132  0.260527  0.205622  0.524915  0.142298  0.380804  0.355155  0.234961  0.392051  0.316321  0.176799  0.430435  0.338326  0.411885  0.437208  0.153128  0.389918  0.257295  0.151733  0.403186  0.291830  0.339290  0.151580  0.390444  0.398278  0.415501  0.281461  0.190628  0.415607  0.254051  0.292167  0.414772 0.0  0.383667  0.274362  0.231753  0.128127  0.335985  0.237453  0.292092  0.386453  0.170232  0.253969  0.387041  0.359175  0.170997  0.208642 
46  0.140433  0.297530  0.521494  0.191537  0.235047  0.267564  0.364192  0.193323  0.157808  0.330193  0.299153  0.345013  0.288007  0.133124  0.203273  0.485291  0.716463  0.435746  0.119033  0.348899  0.564512  0.178312  0.235358  0.284722  0.818854  0.121009  0.120595  0.151613  0.434491  0.191550  0.241680  0.440286  0.159024  0.185709  0.193937  0.387278  0.159937  0.107886  0.335131  0.388168  0.476253  0.511964  0.324576  0.165052  0.106064  0.383667 0.0  0.251452  0.263469  0.360274  0.107241  0.467590  0.155690  0.102633  0.459632  0.256743  0.123489  0.149877  0.269756  0.418204 
47  0.231211  0.207043  0.333097  0.180273  0.129547  0.154138  0.347266  0.189369  0.183692  0.217327  0.182198  0.227805  0.138307  0.195639  0.163394  0.395320  0.751794  0.301369  0.204464  0.210148  0.440087  0.169847  0.130566  0.208945  0.584335  0.244082  0.267258  0.328774  0.282554  0.177731  0.255772  0.343328  0.204615  0.236164  0.169030  0.272939  0.202013  0.249981  0.239717  0.233943  0.365916  0.343535  0.151655  0.161040  0.253894  0.274362  0.251452 0.0  0.126672  0.245067  0.240190  0.407975  0.176648  0.238553  0.262492  0.151683  0.213937  0.185652  0.202523  0.289374 
48  0.248041  0.197621  0.334902  0.208424  0.158509  0.166177  0.306385  0.188051  0.204002  0.206723  0.207114  0.254294  0.155504  0.263705  0.180136  0.330757  0.584386  0.274426  0.220837  0.236018  0.393308  0.202016  0.157971  0.180160  0.688867  0.280212  0.294779  0.369082  0.275345  0.209631  0.244433  0.276331  0.261034  0.216278  0.199869  0.209136  0.252659  0.293008  0.226885  0.212167  0.351536  0.278341  0.112263  0.201550  0.272616  0.231753  0.263469  0.126672 0.0  0.240012  0.232226  0.368587  0.212325  0.285915  0.217218  0.112609  0.256386  0.227818  0.181200  0.243811 
49  0.329892  0.209183  0.188906  0.302768  0.310892  0.218019  0.228411  0.278905  0.325680  0.151589  0.336190  0.146189  0.312415  0.329884  0.277849  0.220915  0.573460  0.170245  0.366090  0.377755  0.272876  0.358977  0.309323  0.172198  0.429033  0.304873  0.413719  0.422990  0.117814  0.342796  0.304989  0.185806  0.392557  0.271184  0.321533  0.105845  0.361087  0.430862  0.350899  0.268897  0.213742  0.324959  0.214572  0.292530  0.354536  0.128127  0.360274  0.245067  0.240012 0.0  0.349947  0.215111  0.362132  0.372442  0.126679  0.222513  0.376811  0.378248  0.167430  0.149326 
50  0.124696  0.276989  0.427330  0.171659  0.219795  0.224370  0.384468  0.201292  0.131054  0.340162  0.302739  0.382378  0.244548  0.111090  0.196657  0.522416  0.764800  0.459475  0.100730  0.273566  0.481380  0.184364  0.197160  0.328977  0.821650  0.122964  0.143433  0.194481  0.376896  0.164742  0.217333  0.395341  0.140885  0.209567  0.165680  0.393450  0.148772  0.134847  0.362407  0.408367  0.463189  0.470421  0.287405  0.144267  0.111294  0.335985  0.107241  0.240190  0.232226  0.349947 0.0  0.539442  0.138688  0.111862  0.427616  0.249439  0.103598  0.147519  0.283856  0.414191 
51  0.464631  0.339622  0.166872  0.466684  0.481113  0.392391  0.333889  0.450780  0.456183  0.246804  0.482549  0.257274  0.395108  0.546288  0.414815  0.126032  0.395440  0.161261  0.510044  0.512333  0.160983  0.503808  0.424251  0.307594  0.336588  0.534692  0.546909  0.557913  0.210201  0.415270  0.420599  0.258090  0.554688  0.422403  0.456660  0.215109  0.443804  0.503931  0.483845  0.360661  0.213055  0.494789  0.390075  0.481957  0.475170  0.237453  0.467590  0.407975  0.368587  0.215111  0.539442 0.0  0.438282  0.506448  0.230863  0.347102  0.504933  0.503896  0.318655  0.204575 
52  0.116191  0.224715  0.388444  0.109225  0.203240  0.188867  0.309840  0.154888  0.106269  0.298986  0.249300  0.266002  0.222068  0.119351  0.140670  0.455634  0.816965  0.402946  0.129023  0.293458  0.472294  0.179550  0.168567  0.246459  0.701156  0.134815  0.181145  0.234642  0.335756  0.149999  0.197396  0.396801  0.179449  0.158742  0.130617  0.340878  0.160630  0.181397  0.327332  0.339012  0.393271  0.377501  0.273084  0.098906  0.168829  0.292092  0.155690  0.176648  0.212325  0.362132  0.138688  0.438282 0.0  0.141694  0.292087  0.244219  0.150906  0.139730  0.223448  0.342070 
53  0.121100  0.265370  0.394468  0.165389  0.244527  0.239543  0.347618  0.180964  0.132495  0.374876  0.303038  0.331939  0.246243  0.126092  0.203019  0.504782  0.925852  0.436757  0.106405  0.330995  0.504605  0.192402  0.233595  0.285621  0.734719  0.104339  0.139992  0.164597  0.399275  0.169376  0.227757  0.418587  0.168667  0.180945  0.171151  0.320913  0.158651  0.126030  0.346106  0.383544  0.464371  0.470820  0.274316  0.148945  0.123908  0.386453  0.102633  0.238553  0.285915  0.372442  0.111862  0.506448  0.141694 0.0  0.375133  0.322179  0.126664  0.160162  0.265486  0.449564 
54  0.339007  0.221000  0.202891  0.312036  0.344766  0.265932  0.280453  0.297992  0.342653  0.138278  0.305244  0.178253  0.342703  0.388494  0.301284  0.212140  0.543819  0.173182  0.419418  0.324147  0.268095  0.355587  0.329981  0.222981  0.544011  0.377840  0.431087  0.510172  0.114919  0.409137  0.345796  0.220730  0.418503  0.363128  0.301655  0.107092  0.388342  0.450055  0.413784  0.270135  0.236885  0.337040  0.229073  0.308136  0.392837  0.170232  0.459632  0.262492  0.217218  0.126679  0.427616  0.230863  0.292087  0.375133 0.0  0.225342  0.468887  0.393819  0.194831  0.118582 
55  0.286796  0.195628  0.342668  0.213950  0.184542  0.169001  0.310085  0.210864  0.222842  0.164190  0.200179  0.231693  0.162643  0.244492  0.195180  0.313734  0.635915  0.291299  0.284881  0.228789  0.372200  0.246327  0.172110  0.206031  0.636888  0.249994  0.341522  0.355894  0.258483  0.216273  0.289902  0.308051  0.277530  0.247691  0.205678  0.207938  0.242461  0.341881  0.228179  0.209463  0.400095  0.315550  0.093268  0.225435  0.304666  0.253969  0.256743  0.151683  0.112609  0.222513  0.249439  0.347102  0.244219  0.322179  0.225342 0.0  0.261972  0.216395  0.195104  0.206065 
56  0.148616  0.280370  0.371835  0.158626  0.202207  0.241606  0.342454  0.202406  0.134413  0.293607  0.250741  0.353068  0.264644  0.116534  0.192657  0.589991  0.872422  0.396857  0.112650  0.262766  0.504516  0.165348  0.197617  0.283094  0.834904  0.135903  0.163329  0.210253  0.418946  0.165441  0.257750  0.411802  0.127818  0.210364  0.166672  0.465109  0.134062  0.137777  0.322014  0.351773  0.431044  0.500712  0.275273  0.150085  0.115010  0.387041  0.123489  0.213937  0.256386  0.376811  0.103598  0.504933  0.150906  0.126664  0.468887  0.261972 0.0  0.133417  0.316568  0.450641 
57  0.161000  0.270142  0.490583  0.149368  0.159840  0.217649  0.345914  0.205980  0.129852  0.321355  0.203872  0.298010  0.217156  0.125538  0.178374  0.530420  0.955672  0.366767  0.139537  0.249201  0.437389  0.119957  0.154644  0.272144  0.749186  0.172920  0.225795  0.246020  0.382982  0.109281  0.277300  0.444868  0.119710  0.209191  0.122466  0.329006  0.105439  0.205735  0.287103  0.311875  0.448146  0.363745  0.243751  0.146508  0.160928  0.359175  0.149877  0.185652  0.227818  0.378248  0.147519  0.503896  0.139730  0.160162  0.393819  0.216395  0.133417 0.0  0.264225  0.368230 
58  0.242884  0.113695  0.276805  0.208994  0.257424  0.163589  0.186923  0.197977  0.251814  0.183423  0.283452  0.141281  0.236498  0.262294  0.200970  0.251769  0.566767  0.233439  0.270568  0.274118  0.291912  0.276751  0.249280  0.100614  0.540458  0.266010  0.364695  0.434477  0.233556  0.236929  0.198008  0.213594  0.292648  0.202955  0.245749  0.183656  0.322175  0.354716  0.366217  0.263863  0.222572  0.360910  0.187838  0.227862  0.329037  0.170997  0.269756  0.202523  0.181200  0.167430  0.283856  0.318655  0.223448  0.265486  0.194831  0.195104  0.316568  0.264225 0.0  0.226584 
59  0.371240  0.267145  0.243323  0.370777  0.310549  0.267330  0.323949  0.326705  0.360877  0.144246  0.334095  0.209525  0.293374  0.347965  0.359071  0.219964  0.581453  0.193130  0.382998  0.380266  0.281973  0.380910  0.306862  0.233245  0.476856  0.389242  0.452689  0.546888  0.151831  0.398864  0.307064  0.266033  0.412665  0.354660  0.356479  0.134598  0.384539  0.479888  0.357058  0.218309  0.257563  0.328621  0.225062  0.418437  0.428383  0.208642  0.418204  0.289374  0.243811  0.149326  0.414191  0.204575  0.342070  0.449564  0.118582  0.206065  0.450641  0.368230  0.226584 0.0 
