60
0 0.0  0.201880  0.370046  0.121604  0.214404  0.185996  0.308728  0.135977  0.108830  0.319506  0.250918  0.272074  0.210197  0.108661  0.163229  0.422825  0.796401  0.400770  0.106127  0.299191  0.448515  0.161211  0.198480  0.257649  0.647768  0.096391  0.147796  0.209932  0.323133  0.157340  0.199519  0.413334  0.157826  0.142878  0.148058  0.335909  0.161398  0.143463  0.289012  0.402595  0.314438  0.463723  0.247939  0.116986  0.132786  0.323548  0.123645  0.195053  0.251756  0.342257  0.119916  0.506703  0.110411  0.115771  0.381471  0.242074  0.118846  0.147627  0.251721  0.360995 
1  0.201880 0.0  0.258551  0.197790  0.249074  0.130175  0.189088  0.160915  0.228068  0.190090  0.296648  0.154356  0.243733  0.248182  0.163497  0.291523  0.627244  0.233465  0.222686  0.287591  0.290117  0.253938  0.226499  0.112406  0.624902  0.232321  0.294035  0.328520  0.214677  0.236887  0.178261  0.227246  0.280595  0.188013  0.225869  0.199893  0.260444  0.307862  0.292756  0.306790  0.242330  0.400784  0.175246  0.235872  0.300666  0.184156  0.269272  0.203223  0.177278  0.193930  0.238358  0.293092  0.233538  0.253690  0.220170  0.173658  0.263190  0.260688  0.107147  0.246819 
2  0.370046  0.258551 0.0  0.351894  0.416744  0.340280  0.221591  0.319719  0.425069  0.263654  0.448901  0.199859  0.384589  0.407451  0.370187  0.134168  0.432633  0.113994  0.434386  0.463877  0.136459  0.412588  0.428869  0.283977  0.350255  0.428684  0.482105  0.568091  0.160738  0.429011  0.314578  0.148583  0.488456  0.293130  0.430625  0.197489  0.401967  0.451206  0.405284  0.350672  0.140077  0.445755  0.339798  0.449182  0.515430  0.177947  0.498331  0.390609  0.304272  0.169504  0.397616  0.151776  0.395363  0.428099  0.203822  0.319817  0.481965  0.451897  0.247826  0.226303 
3  0.121604  0.197790  0.351894 0.0  0.178851  0.137142  0.295855  0.126062  0.117623  0.267788  0.249512  0.260458  0.191473  0.129752  0.112991  0.421784  0.535897  0.368007  0.128191  0.250961  0.392234  0.158362  0.164251  0.205076  0.552575  0.126345  0.190097  0.229612  0.337452  0.157942  0.183480  0.351463  0.176495  0.143553  0.125166  0.310041  0.166762  0.161827  0.283958  0.307630  0.349744  0.327309  0.218568  0.095761  0.170527  0.284677  0.171844  0.173225  0.180270  0.272529  0.146810  0.395990  0.102223  0.151331  0.307315  0.197031  0.156706  0.145349  0.217092  0.356420 
4  0.214404  0.249074  0.416744  0.178851 0.0  0.202681  0.414224  0.213149  0.187622  0.252697  0.127456  0.294382  0.108190  0.196286  0.201681  0.449441  0.723314  0.365215  0.212908  0.169932  0.451257  0.148746  0.112780  0.274513  0.726909  0.226441  0.253047  0.331334  0.368769  0.153558  0.310925  0.401963  0.189129  0.244701  0.155113  0.273234  0.169598  0.311823  0.174566  0.246498  0.479403  0.288293  0.160016  0.175840  0.248094  0.340545  0.253456  0.137633  0.150712  0.291234  0.224255  0.397491  0.180639  0.232475  0.301427  0.186633  0.216966  0.156328  0.233388  0.287995 
5  0.185996  0.130175  0.340280  0.137142  0.202681 0.0  0.227061  0.135487  0.175613  0.210174  0.258905  0.201625  0.202682  0.188205  0.112715  0.388267  0.689385  0.296831  0.207923  0.247073  0.399616  0.235222  0.157996  0.160058  0.644817  0.220066  0.264198  0.321245  0.241650  0.210627  0.172327  0.311852  0.234253  0.142727  0.157935  0.226727  0.214921  0.247970  0.289721  0.256949  0.289025  0.338525  0.170960  0.145794  0.222774  0.224163  0.265264  0.159398  0.143317  0.239969  0.217877  0.350217  0.172241  0.206265  0.252965  0.155123  0.235676  0.218116  0.146015  0.262521 
6  0.308728  0.189088  0.221591  0.295855  0.414224  0.227061 0.0  0.232586  0.329315  0.264699  0.348272  0.177596  0.371689  0.350540  0.246031  0.311065  0.561241  0.223777  0.296713  0.397465  0.275506  0.345027  0.331430  0.179235  0.467040  0.316874  0.344261  0.387858  0.267289  0.342065  0.197254  0.171991  0.386845  0.243327  0.335449  0.223710  0.364081  0.346215  0.386742  0.410589  0.199076  0.482027  0.294057  0.294542  0.406038  0.180647  0.338363  0.330292  0.297493  0.207532  0.305210  0.310771  0.334449  0.344323  0.225450  0.296550  0.333241  0.335269  0.175815  0.271861 
7  0.135977  0.160915  0.319719  0.126062  0.213149  0.135487  0.232586 0.0  0.158774  0.240465  0.282404  0.223745  0.213738  0.183578  0.099599  0.369518  0.698620  0.311050  0.163080  0.275454  0.429804  0.208446  0.177406  0.177580  0.601717  0.156823  0.211358  0.245857  0.273770  0.186315  0.140963  0.253782  0.209435  0.111981  0.167965  0.240796  0.214576  0.235362  0.318211  0.324877  0.329507  0.435736  0.207690  0.129643  0.199842  0.276154  0.197709  0.184644  0.177765  0.275969  0.180778  0.407388  0.138299  0.184825  0.263769  0.206691  0.221096  0.201379  0.200641  0.366151 
8  0.108830  0.228068  0.425069  0.117623  0.187622  0.175613  0.329315  0.158774 0.0  0.282707  0.241073  0.326763  0.208061  0.100266  0.154112  0.487800  0.770774  0.381259  0.106771  0.244168  0.448662  0.144652  0.167952  0.236037  0.767757  0.124875  0.166534  0.228211  0.323259  0.136351  0.204574  0.396456  0.143702  0.169397  0.116297  0.348921  0.131529  0.161608  0.269876  0.328620  0.396537  0.437909  0.234775  0.100821  0.145753  0.325603  0.134884  0.169444  0.203559  0.302775  0.127342  0.528172  0.100717  0.132222  0.356181  0.233884  0.124365  0.119166  0.256432  0.343353 
9  0.319506  0.190090  0.263654  0.267788  0.252697  0.210174  0.264699  0.240465  0.282707 0.0  0.253933  0.163063  0.275480  0.315688  0.236845  0.250164  0.553300  0.218683  0.305004  0.314996  0.326038  0.322498  0.230104  0.183439  0.521052  0.327084  0.403849  0.449692  0.148734  0.316857  0.272926  0.261724  0.283972  0.308445  0.299851  0.144204  0.307849  0.412798  0.271956  0.204724  0.289270  0.299605  0.173539  0.285727  0.363451  0.158533  0.399693  0.187902  0.184940  0.141187  0.312132  0.248945  0.301377  0.367183  0.131779  0.157139  0.389030  0.293070  0.175064  0.129947 
10  0.250918  0.296648  0.448901  0.249512  0.127456  0.258905  0.348272  0.282404  0.241073  0.253933 0.0  0.303132  0.123611  0.250916  0.238179  0.445330  0.774211  0.405659  0.274335  0.126095  0.500419  0.174653  0.148546  0.275155  0.641703  0.255470  0.330549  0.366804  0.313156  0.182012  0.280227  0.381872  0.220849  0.282231  0.189262  0.356872  0.207754  0.332957  0.141655  0.221137  0.459117  0.311433  0.187207  0.218217  0.239381  0.362752  0.283798  0.163099  0.199111  0.318822  0.286190  0.401125  0.259360  0.302125  0.393759  0.216201  0.261116  0.221419  0.287708  0.303599 
11  0.272074  0.154356  0.199859  0.260458  0.294382  0.201625  0.177596  0.223745  0.326763  0.163063  0.303132 0.0  0.256416  0.331963  0.212344  0.213389  0.620148  0.177690  0.329001  0.379476  0.242776  0.298929  0.274354  0.123932  0.537252  0.268406  0.413483  0.394624  0.155946  0.262068  0.230853  0.174877  0.347144  0.241032  0.264264  0.144627  0.303293  0.355231  0.361902  0.277854  0.182787  0.426890  0.209213  0.270929  0.319308  0.116229  0.312538  0.236525  0.220824  0.133396  0.308417  0.236880  0.298955  0.320359  0.183232  0.190489  0.329608  0.350763  0.137941  0.213585 
12  0.210197  0.243733  0.384589  0.191473  0.108190  0.202682  0.371689  0.213738  0.208061  0.275480  0.123611  0.256416 0.0  0.211712  0.203739  0.333436  0.761057  0.358459  0.240010  0.158640  0.494308  0.170915  0.126978  0.264711  0.636587  0.231346  0.293119  0.346274  0.312635  0.157763  0.272432  0.346896  0.194005  0.218172  0.186065  0.291073  0.187494  0.286865  0.177074  0.208005  0.424102  0.311366  0.151047  0.189289  0.266344  0.333873  0.295060  0.132323  0.157699  0.323487  0.248090  0.420244  0.179059  0.249421  0.295235  0.161430  0.249387  0.190105  0.270799  0.291255 
13  0.108661  0.248182  0.407451  0.129752  0.196286  0.188205  0.350540  0.183578  0.100266  0.315688  0.250916  0.331963  0.211712 0.0  0.165283  0.570823  0.657624  0.402056  0.096510  0.258858  0.525967  0.138720  0.173054  0.299628  0.644924  0.114699  0.160286  0.211133  0.409576  0.138822  0.248040  0.480644  0.146687  0.174918  0.133157  0.330184  0.131370  0.143763  0.286593  0.427544  0.468695  0.379736  0.237255  0.119120  0.135378  0.333980  0.127151  0.182075  0.230252  0.344470  0.103894  0.486116  0.113665  0.115387  0.343647  0.263303  0.111515  0.120265  0.253269  0.359568 
14  0.163229  0.163497  0.370187  0.112991  0.201681  0.112715  0.246031  0.099599  0.154112  0.236845  0.238179  0.212344  0.203739  0.165283 0.0  0.390636  0.640011  0.288315  0.158147  0.288715  0.392921  0.190003  0.172448  0.189730  0.655247  0.147748  0.219899  0.226818  0.298029  0.175914  0.168511  0.337051  0.192137  0.140053  0.150643  0.249911  0.191873  0.220553  0.259694  0.271874  0.312189  0.387195  0.194820  0.126583  0.221104  0.220661  0.185271  0.145940  0.152329  0.261990  0.177438  0.357165  0.133743  0.196793  0.321648  0.186969  0.187724  0.166280  0.194589  0.309653 
15  0.422825  0.291523  0.134168  0.421784  0.449441  0.388267  0.311065  0.369518  0.487800  0.250164  0.445330  0.213389  0.333436  0.570823  0.390636 0.0  0.372784  0.134797  0.370892  0.463099  0.133348  0.501638  0.407823  0.287970  0.335907  0.488936  0.599678  0.545225  0.176239  0.459546  0.343822  0.193634  0.442071  0.361897  0.441267  0.205076  0.469202  0.462471  0.520536  0.343249  0.171448  0.403875  0.387946  0.355353  0.508655  0.211265  0.546012  0.348881  0.389788  0.174623  0.495475  0.108775  0.454920  0.550820  0.196598  0.309101  0.537248  0.426829  0.286214  0.225804 
16  0.796401  0.627244  0.432633  0.535897  0.723314  0.689385  0.561241  0.698620  0.770774  0.553300  0.774211  0.620148  0.761057  0.657624  0.640011  0.372784 0.0  0.408192  0.780907  0.778202  0.334834  0.868134  0.726311  0.646213  0.145936  0.759225  0.849317  0.878637  0.443708  0.774848  0.660611  0.498860  1.000000  0.657843  0.693143  0.497893  0.757091  0.905687  0.857359  0.697071  0.398410  0.626450  0.617871  0.738447  0.839301  0.518500  0.816319  0.745607  0.662653  0.532477  0.693008  0.346694  0.747675  0.778303  0.475103  0.612065  0.783815  0.709830  0.630502  0.555109 
17  0.400770  0.233465  0.113994  0.368007  0.365215  0.296831  0.223777  0.311050  0.381259  0.218683  0.405659  0.177690  0.358459  0.402056  0.288315  0.134797  0.408192 0.0  0.346267  0.341951  0.172211  0.428921  0.339386  0.214918  0.390939  0.440362  0.383098  0.563861  0.142994  0.407794  0.304985  0.141446  0.429481  0.330367  0.369016  0.154281  0.369557  0.353587  0.422726  0.377572  0.159727  0.421662  0.289982  0.384621  0.390620  0.140913  0.367507  0.286151  0.301459  0.148368  0.445599  0.162667  0.395296  0.418910  0.169545  0.294973  0.414518  0.392547  0.218180  0.203725 
18  0.106127  0.222686  0.434386  0.128191  0.212908  0.207923  0.296713  0.163080  0.106771  0.305004  0.274335  0.329001  0.240010  0.096510  0.158147  0.370892  0.780907  0.346267 0.0  0.273373  0.414305  0.157652  0.174971  0.311905  0.821606  0.103343  0.146086  0.212759  0.341295  0.143116  0.212028  0.369639  0.145242  0.168746  0.147969  0.334237  0.147323  0.131164  0.345275  0.332137  0.470953  0.415569  0.270095  0.126877  0.117943  0.330824  0.110638  0.215836  0.245421  0.325268  0.095479  0.539254  0.117989  0.099329  0.422568  0.264993  0.106682  0.134269  0.265871  0.438141 
19  0.299191  0.287591  0.463877  0.250961  0.169932  0.247073  0.397465  0.275454  0.244168  0.314996  0.126095  0.379476  0.158640  0.258858  0.288715  0.463099  0.778202  0.341951  0.273373 0.0  0.541262  0.230253  0.213139  0.361711  0.811141  0.290146  0.364974  0.386620  0.389434  0.233419  0.371201  0.433076  0.248578  0.318699  0.247664  0.397845  0.262329  0.366401  0.095857  0.196413  0.465850  0.239074  0.212241  0.262603  0.326400  0.343912  0.336348  0.207317  0.226643  0.315097  0.307793  0.444384  0.296605  0.340575  0.302351  0.235970  0.285748  0.190837  0.315115  0.304427 
20  0.448515  0.290117  0.136459  0.392234  0.451257  0.399616  0.275506  0.429804  0.448662  0.326038  0.500419  0.242776  0.494308  0.525967  0.392921  0.133348  0.334834  0.172211  0.414305  0.541262 0.0  0.572653  0.423878  0.290391  0.313634  0.480871  0.584810  0.529062  0.201835  0.473686  0.330223  0.192190  0.576438  0.385051  0.418854  0.220789  0.518529  0.507316  0.506331  0.409233  0.158992  0.553537  0.331874  0.469476  0.526449  0.204134  0.497763  0.360344  0.371812  0.225863  0.456981  0.140826  0.402130  0.498601  0.238716  0.310444  0.485568  0.445310  0.344416  0.267353 
21  0.161211  0.253938  0.412588  0.158362  0.148746  0.235222  0.345027  0.208446  0.144652  0.322498  0.174653  0.298929  0.170915  0.138720  0.190003  0.501638  0.868134  0.428921  0.157652  0.230253  0.572653 0.0  0.127968  0.256996  0.869135  0.185549  0.223505  0.258947  0.380837  0.101345  0.257192  0.405738  0.116886  0.225097  0.129048  0.384638  0.108797  0.199702  0.239582  0.249031  0.458813  0.401881  0.211273  0.158718  0.176137  0.401213  0.179324  0.175740  0.193846  0.324111  0.166395  0.525910  0.154131  0.179287  0.353800  0.222990  0.139773  0.106291  0.263171  0.364217 
22  0.198480  0.226499  0.428869  0.164251  0.112780  0.157996  0.331430  0.177406  0.167952  0.230104  0.148546  0.274354  0.126978  0.173054  0.172448  0.407823  0.726311  0.339386  0.174971  0.213139  0.423878  0.127968 0.0  0.211559  0.717093  0.175410  0.258942  0.333637  0.326350  0.125602  0.249945  0.357236  0.178913  0.227946  0.114670  0.309023  0.157877  0.217520  0.216267  0.235280  0.349146  0.342455  0.183235  0.158027  0.195227  0.307446  0.207616  0.126212  0.159294  0.268264  0.204101  0.447926  0.166063  0.195422  0.306091  0.172459  0.187089  0.145902  0.246034  0.352909 
23  0.257649  0.112406  0.283977  0.205076  0.274513  0.160058  0.179235  0.177580  0.236037  0.183439  0.275155  0.123932  0.264711  0.299628  0.189730  0.287970  0.646213  0.214918  0.311905  0.361711  0.290391  0.256996  0.211559 0.0  0.587645  0.291007  0.321321  0.387430  0.181262  0.271454  0.194964  0.202596  0.278984  0.235105  0.224067  0.201557  0.269772  0.305546  0.364527  0.267038  0.234719  0.351117  0.186866  0.224801  0.272841  0.144961  0.300817  0.218719  0.183444  0.162057  0.272938  0.286444  0.265853  0.286158  0.185910  0.181180  0.284827  0.310953  0.096955  0.206858 
24  0.647768  0.624902  0.350255  0.552575  0.726909  0.644817  0.467040  0.601717  0.767757  0.521052  0.641703  0.537252  0.636587  0.644924  0.655247  0.335907  0.145936  0.390939  0.821606  0.811141  0.313634  0.869135  0.717093  0.587645 0.0  0.756136  0.782012  0.766948  0.406433  0.765762  0.684907  0.427984  0.764799  0.568184  0.693397  0.448239  0.744718  0.685414  0.692133  0.675704  0.433002  0.712113  0.662732  0.712386  0.694893  0.476809  0.831337  0.695598  0.575559  0.499888  0.654455  0.328789  0.709482  0.712400  0.400530  0.671531  0.607095  0.792549  0.502149  0.420492 
25  0.096391  0.232321  0.428684  0.126345  0.226441  0.220066  0.316874  0.156823  0.124875  0.327084  0.255470  0.268406  0.231346  0.114699  0.147748  0.488936  0.759225  0.440362  0.103343  0.290146  0.480871  0.185549  0.175410  0.291007  0.756136 0.0  0.138277  0.177425  0.379624  0.172248  0.186983  0.324871  0.174078  0.163351  0.162820  0.350389  0.157251  0.131528  0.361357  0.379874  0.398309  0.457994  0.273245  0.127143  0.133958  0.368418  0.117892  0.239704  0.242465  0.356646  0.113322  0.457689  0.124308  0.098811  0.326462  0.290279  0.124755  0.159084  0.245252  0.357297 
26  0.147796  0.294035  0.482105  0.190097  0.253047  0.264198  0.344261  0.211358  0.166534  0.403849  0.330549  0.413483  0.293119  0.160286  0.219899  0.599678  0.849317  0.383098  0.146086  0.364974  0.584810  0.223505  0.258942  0.321321  0.782012  0.138277 0.0  0.121332  0.441694  0.204377  0.241186  0.433481  0.189646  0.186367  0.206223  0.391574  0.208358  0.096035  0.342968  0.416793  0.466339  0.488776  0.366940  0.189592  0.124610  0.425380  0.111894  0.271417  0.322672  0.387041  0.138411  0.462017  0.184690  0.124329  0.354555  0.329656  0.139600  0.193288  0.287455  0.482083 
27  0.209932  0.328520  0.568091  0.229612  0.331334  0.321245  0.387858  0.245857  0.228211  0.449692  0.366804  0.394624  0.346274  0.211133  0.226818  0.545225  0.878637  0.563861  0.212759  0.386620  0.529062  0.258947  0.333637  0.387430  0.766948  0.177425  0.121332 0.0  0.452875  0.291084  0.244385  0.486151  0.221670  0.238007  0.252367  0.502906  0.209142  0.146056  0.403298  0.418314  0.511127  0.496439  0.334597  0.204926  0.158036  0.358759  0.173502  0.326452  0.323392  0.474278  0.187748  0.516349  0.212927  0.174274  0.456144  0.327071  0.182511  0.240397  0.373301  0.460013 
28  0.323133  0.214677  0.160738  0.337452  0.368769  0.241650  0.267289  0.273770  0.323259  0.148734  0.313156  0.155946  0.312635  0.409576  0.298029  0.176239  0.443708  0.142994  0.341295  0.389434  0.201835  0.380837  0.326350  0.181262  0.406433  0.379624  0.441694  0.452875 0.0  0.349959  0.306219  0.191894  0.393637  0.277017  0.357631  0.101732  0.464775  0.409714  0.357643  0.239889  0.197957  0.335283  0.218529  0.324272  0.411763  0.140190  0.423610  0.295881  0.260152  0.114651  0.404043  0.205166  0.373955  0.385689  0.107325  0.222902  0.476520  0.351612  0.221897  0.129247 
29  0.157340  0.236887  0.429011  0.157942  0.153558  0.210627  0.342065  0.186315  0.136351  0.316857  0.182012  0.262068  0.157763  0.138822  0.175914  0.459546  0.774848  0.407794  0.143116  0.233419  0.473686  0.101345  0.125602  0.271454  0.765762  0.172248  0.204377  0.291084  0.349959 0.0  0.265312  0.346040  0.139601  0.205090  0.108579  0.336318  0.109322  0.196576  0.219388  0.294923  0.432582  0.423989  0.238418  0.138830  0.172090  0.350988  0.179775  0.166227  0.183677  0.351151  0.160969  0.463942  0.144985  0.174845  0.282247  0.221589  0.150389  0.101775  0.257841  0.358746 
30  0.199519  0.178261  0.314578  0.183480  0.310925  0.172327  0.197254  0.140963  0.204574  0.272926  0.280227  0.230853  0.272432  0.248040  0.168511  0.343822  0.660611  0.304985  0.212028  0.371201  0.330223  0.257192  0.249945  0.194964  0.684907  0.186983  0.241186  0.244385  0.306219  0.265312 0.0  0.251547  0.260847  0.125970  0.217263  0.285406  0.253051  0.255174  0.369099  0.387990  0.324065  0.476596  0.265226  0.191114  0.243671  0.248410  0.229228  0.257254  0.224664  0.265661  0.243138  0.388439  0.193823  0.202593  0.327929  0.263783  0.244672  0.251102  0.185367  0.330395 
31  0.413334  0.227246  0.148583  0.351463  0.401963  0.311852  0.171991  0.253782  0.396456  0.261724  0.381872  0.174877  0.346896  0.480644  0.337051  0.193634  0.498860  0.141446  0.369639  0.433076  0.192190  0.405738  0.357236  0.202596  0.427984  0.324871  0.433481  0.486151  0.191894  0.346040  0.251547 0.0  0.362879  0.299739  0.329825  0.209112  0.429380  0.364435  0.402509  0.344311  0.105910  0.504147  0.265383  0.343542  0.503558  0.145234  0.392054  0.323390  0.350706  0.195404  0.341919  0.205956  0.384061  0.360057  0.224555  0.259635  0.450810  0.352747  0.216857  0.239657 
32  0.157826  0.280595  0.488456  0.176495  0.189129  0.234253  0.386845  0.209435  0.143702  0.283972  0.220849  0.347144  0.194005  0.146687  0.192137  0.442071  1.000000  0.429481  0.145242  0.248578  0.576438  0.116886  0.178913  0.278984  0.764799  0.174078  0.189646  0.221670  0.393637  0.139601  0.260847  0.362879 0.0  0.220255  0.147573  0.381228  0.099815  0.175589  0.264965  0.372219  0.452003  0.433090  0.272113  0.157272  0.147957  0.353334  0.157443  0.211944  0.246977  0.360096  0.141462  0.514081  0.166057  0.155692  0.393432  0.267679  0.126447  0.118822  0.292767  0.391386 
33  0.142878  0.188013  0.293130  0.143553  0.244701  0.142727  0.243327  0.111981  0.169397  0.308445  0.282231  0.241032  0.218172  0.174918  0.140053  0.361897  0.657843  0.330367  0.168746  0.318699  0.385051  0.225097  0.227946  0.235105  0.568184  0.163351  0.186367  0.238007  0.277017  0.205090  0.125970  0.299739  0.220255 0.0  0.183272  0.307426  0.218186  0.191813  0.359817  0.364265  0.328760  0.431419  0.228476  0.157753  0.204773  0.279993  0.175115  0.213623  0.220519  0.281549  0.180657  0.393252  0.149513  0.181363  0.309511  0.202703  0.209787  0.186095  0.188226  0.271687 
34  0.148058  0.225869  0.430625  0.125166  0.155113  0.157935  0.335449  0.167965  0.116297  0.299851  0.189262  0.264264  0.186065  0.133157  0.150643  0.441267  0.693143  0.369016  0.147969  0.247664  0.418854  0.129048  0.114670  0.224067  0.693397  0.162820  0.206223  0.252367  0.357631  0.108579  0.217263  0.329825  0.147573  0.183272 0.0  0.298677  0.125194  0.193588  0.253492  0.301653  0.367214  0.372655  0.207390  0.116904  0.187580  0.330150  0.173611  0.141516  0.155332  0.307549  0.155861  0.476157  0.123487  0.173197  0.331965  0.202158  0.149573  0.116203  0.207986  0.370098 
35  0.335909  0.199893  0.197489  0.310041  0.273234  0.226727  0.223710  0.240796  0.348921  0.144204  0.356872  0.144627  0.291073  0.330184  0.249911  0.205076  0.497893  0.154281  0.334237  0.397845  0.220789  0.384638  0.309023  0.201557  0.448239  0.350389  0.391574  0.502906  0.101732  0.336318  0.285406  0.209112  0.381228  0.307426  0.298677 0.0  0.364877  0.405661  0.394663  0.267403  0.203989  0.357216  0.211307  0.293004  0.375896  0.141758  0.367026  0.257529  0.230502  0.097906  0.366677  0.235604  0.315790  0.387081  0.104238  0.203900  0.340749  0.339168  0.195495  0.135384 
36  0.161398  0.260444  0.401967  0.166762  0.169598  0.214921  0.364081  0.214576  0.131529  0.307849  0.207754  0.303293  0.187494  0.131370  0.191873  0.469202  0.757091  0.369557  0.147323  0.262329  0.518529  0.108797  0.157877  0.269772  0.744718  0.157251  0.208358  0.209142  0.464775  0.109322  0.253051  0.429380  0.099815  0.218186  0.125194  0.364877 0.0  0.162734  0.269992  0.327312  0.465734  0.369289  0.220208  0.150672  0.146458  0.400901  0.154803  0.189573  0.193180  0.312035  0.139411  0.575744  0.158613  0.156342  0.370398  0.248754  0.129543  0.098320  0.279018  0.438520 
37  0.143463  0.307862  0.451206  0.161827  0.311823  0.247970  0.346215  0.235362  0.161608  0.412798  0.332957  0.355231  0.286865  0.143763  0.220553  0.462471  0.905687  0.353587  0.131164  0.366401  0.507316  0.199702  0.217520  0.305546  0.685414  0.131528  0.096035  0.146056  0.409714  0.196576  0.255174  0.364435  0.175589  0.191813  0.193588  0.405661  0.162734 0.0  0.368486  0.422307  0.454718  0.442446  0.289643  0.188074  0.109435  0.373629  0.105125  0.279066  0.295478  0.416222  0.117346  0.495459  0.161135  0.118066  0.402607  0.314288  0.123181  0.177851  0.340690  0.432712 
38  0.289012  0.292756  0.405284  0.283958  0.174566  0.289721  0.386742  0.318211  0.269876  0.271956  0.141655  0.361902  0.177074  0.286593  0.259694  0.520536  0.857359  0.422726  0.345275  0.095857  0.506331  0.239582  0.216267  0.364527  0.692133  0.361357  0.342968  0.403298  0.357643  0.219388  0.369099  0.402509  0.264965  0.359817  0.253492  0.394663  0.269992  0.368486 0.0  0.222396  0.513455  0.239008  0.234817  0.257580  0.339403  0.402334  0.345448  0.219269  0.250184  0.384336  0.354800  0.499168  0.298210  0.334232  0.369478  0.246013  0.314402  0.281649  0.349276  0.296464 
39  0.402595  0.306790  0.350672  0.307630  0.246498  0.256949  0.410589  0.324877  0.328620  0.204724  0.221137  0.277854  0.208005  0.427544  0.271874  0.343249  0.697071  0.377572  0.332137  0.196413  0.409233  0.249031  0.235280  0.267038  0.675704  0.379874  0.416793  0.418314  0.239889  0.294923  0.387990  0.344311  0.372219  0.364265  0.301653  0.267403  0.327312  0.422307  0.222396 0.0  0.359790  0.163457  0.176323  0.320690  0.390345  0.284432  0.420608  0.264641  0.220797  0.258014  0.337257  0.338732  0.317418  0.373214  0.227992  0.189245  0.368614  0.300874  0.263161  0.195190 
40  0.314438  0.242330  0.140077  0.349744  0.479403  0.289025  0.199076  0.329507  0.396537  0.289270  0.459117  0.182787  0.424102  0.468695  0.312189  0.171448  0.398410  0.159727  0.470953  0.465850  0.158992  0.458813  0.349146  0.234719  0.433002  0.398309  0.466339  0.511127  0.197957  0.432582  0.324065  0.105910  0.452003  0.328760  0.367214  0.203989  0.465734  0.454718  0.513455  0.359790 0.0  0.479381  0.348124  0.370500  0.405269  0.172616  0.449538  0.308876  0.350751  0.211704  0.441138  0.205259  0.375126  0.407842  0.223004  0.299753  0.416369  0.457328  0.242838  0.277469 
41  0.463723  0.400784  0.445755  0.327309  0.288293  0.338525  0.482027  0.435736  0.437909  0.299605  0.311433  0.426890  0.311366  0.379736  0.387195  0.403875  0.626450  0.421662  0.415569  0.239074  0.553537  0.401881  0.342455  0.351117  0.712113  0.457994  0.488776  0.496439  0.335283  0.423989  0.476596  0.504147  0.433090  0.431419  0.372655  0.357216  0.369289  0.442446  0.239008  0.163457  0.479381 0.0  0.271751  0.401003  0.418606  0.376270  0.494993  0.296835  0.306132  0.350820  0.390113  0.441201  0.408356  0.413606  0.311627  0.287142  0.437467  0.414971  0.408309  0.278865 
42  0.247939  0.175246  0.339798  0.218568  0.160016  0.170960  0.294057  0.207690  0.234775  0.173539  0.187207  0.209213  0.151047  0.237255  0.194820  0.387946  0.617871  0.289982  0.270095  0.212241  0.331874  0.211273  0.183235  0.186866  0.662732  0.273245  0.366940  0.334597  0.218529  0.238418  0.265226  0.265383  0.272113  0.228476  0.207390  0.211307  0.220208  0.289643  0.234817  0.176323  0.348124  0.271751 0.0  0.223490  0.303460  0.207604  0.267938  0.138869  0.110632  0.204596  0.247135  0.388706  0.229041  0.293410  0.219265  0.086950  0.265569  0.255978  0.169657  0.198248 
43  0.116986  0.235872  0.449182  0.095761  0.175840  0.145794  0.294542  0.129643  0.100821  0.285727  0.218217  0.270929  0.189289  0.119120  0.126583  0.355353  0.738447  0.384621  0.126877  0.262603  0.469476  0.158718  0.158027  0.224801  0.712386  0.127143  0.189592  0.204926  0.324272  0.138830  0.191114  0.343542  0.157272  0.157753  0.116904  0.293004  0.150672  0.188074  0.257580  0.320690  0.370500  0.401003  0.223490 0.0  0.156191  0.287628  0.164953  0.160642  0.191600  0.317570  0.142353  0.483697  0.090963  0.141426  0.320924  0.200603  0.148267  0.133134  0.229358  0.357529 
44  0.132786  0.300666  0.515430  0.170527  0.248094  0.222774  0.406038  0.199842  0.145753  0.363451  0.239381  0.319308  0.266344  0.135378  0.221104  0.508655  0.839301  0.390620  0.117943  0.326400  0.526449  0.176137  0.195227  0.272841  0.694893  0.133958  0.124610  0.158036  0.411763  0.172090  0.243671  0.503558  0.147957  0.204773  0.187580  0.375896  0.146458  0.109435  0.339403  0.390345  0.405269  0.418606  0.303460  0.156191 0.0  0.358601  0.098519  0.258750  0.278060  0.412826  0.100683  0.507048  0.147667  0.107241  0.386702  0.290646  0.111096  0.150462  0.267088  0.446076 
45  0.323548  0.184156  0.177947  0.284677  0.340545  0.224163  0.180647  0.276154  0.325603  0.158533  0.362752  0.116229  0.333873  0.333980  0.220661  0.211265  0.518500  0.140913  0.330824  0.343912  0.204134  0.401213  0.307446  0.144961  0.476809  0.368418  0.425380  0.358759  0.140190  0.350988  0.248410  0.145234  0.353334  0.279993  0.330150  0.141758  0.400901  0.373629  0.402334  0.284432  0.172616  0.376270  0.207604  0.287628  0.358601 0.0  0.378512  0.303694  0.241445  0.117451  0.325547  0.199419  0.285457  0.370300  0.164153  0.249187  0.346301  0.304275  0.164418  0.188677 
46  0.123645  0.269272  0.498331  0.171844  0.253456  0.265264  0.338363  0.197709  0.134884  0.399693  0.283798  0.312538  0.295060  0.127151  0.185271  0.546012  0.816319  0.367507  0.110638  0.336348  0.497763  0.179324  0.207616  0.300817  0.831337  0.117892  0.111894  0.173502  0.423610  0.179775  0.229228  0.392054  0.157443  0.175115  0.173611  0.367026  0.154803  0.105125  0.345448  0.420608  0.449538  0.494993  0.267938  0.164953  0.098519  0.378512 0.0  0.241301  0.274338  0.347541  0.104401  0.571789  0.152532  0.097872  0.385102  0.298772  0.114406  0.150720  0.285073  0.413297 
47  0.195053  0.203223  0.390609  0.173225  0.137633  0.159398  0.330292  0.184644  0.169444  0.187902  0.163099  0.236525  0.132323  0.182075  0.145940  0.348881  0.745607  0.286151  0.215836  0.207317  0.360344  0.175740  0.126212  0.218719  0.695598  0.239704  0.271417  0.326452  0.295881  0.166227  0.257254  0.323390  0.211944  0.213623  0.141516  0.257529  0.189573  0.279066  0.219269  0.264641  0.308876  0.296835  0.138869  0.160642  0.258750  0.303694  0.241301 0.0  0.118497  0.271638  0.217570  0.462843  0.184037  0.224070  0.281167  0.134775  0.217455  0.168632  0.198244  0.257482 
48  0.251756  0.177278  0.304272  0.180270  0.150712  0.143317  0.297493  0.177765  0.203559  0.184940  0.199111  0.220824  0.157699  0.230252  0.152329  0.389788  0.662653  0.301459  0.245421  0.226643  0.371812  0.193846  0.159294  0.183444  0.575559  0.242465  0.322672  0.323392  0.260152  0.183677  0.224664  0.350706  0.246977  0.220519  0.155332  0.230502  0.193180  0.295478  0.250184  0.220797  0.350751  0.306132  0.110632  0.191600  0.278060  0.241445  0.274338  0.118497 0.0  0.222442  0.244706  0.345598  0.201353  0.262341  0.250166  0.104110  0.229174  0.234334  0.175275  0.231241 
49  0.342257  0.193930  0.169504  0.272529  0.291234  0.239969  0.207532  0.275969  0.302775  0.141187  0.318822  0.133396  0.323487  0.344470  0.261990  0.174623  0.532477  0.148368  0.325268  0.315097  0.225863  0.324111  0.268264  0.162057  0.499888  0.356646  0.387041  0.474278  0.114651  0.351151  0.265661  0.195404  0.360096  0.281549  0.307549  0.097906  0.312035  0.416222  0.384336  0.258014  0.211704  0.350820  0.204596  0.317570  0.412826  0.117451  0.347541  0.271638  0.222442 0.0  0.379483  0.211238  0.304643  0.334947  0.118241  0.234416  0.443269  0.339728  0.173890  0.148200 
50  0.119916  0.238358  0.397616  0.146810  0.224255  0.217877  0.305210  0.180778  0.127342  0.312132  0.286190  0.308417  0.248090  0.103894  0.177438  0.495475  0.693008  0.445599  0.095479  0.307793  0.456981  0.166395  0.204101  0.272938  0.654455  0.113322  0.138411  0.187748  0.404043  0.160969  0.243138  0.341919  0.141462  0.180657  0.155861  0.366677  0.139411  0.117346  0.354800  0.337257  0.441138  0.390113  0.247135  0.142353  0.100683  0.325547  0.104401  0.217570  0.244706  0.379483 0.0  0.489738  0.135540  0.103324  0.349561  0.276131  0.098119  0.144052  0.278803  0.419836 
51  0.506703  0.293092  0.151776  0.395990  0.397491  0.350217  0.310771  0.407388  0.528172  0.248945  0.401125  0.236880  0.420244  0.486116  0.357165  0.108775  0.346694  0.162667  0.539254  0.444384  0.140826  0.525910  0.447926  0.286444  0.328789  0.457689  0.462017  0.516349  0.205166  0.463942  0.388439  0.205956  0.514081  0.393252  0.476157  0.235604  0.575744  0.495459  0.499168  0.338732  0.205259  0.441201  0.388706  0.483697  0.507048  0.199419  0.571789  0.462843  0.345598  0.211238  0.489738 0.0  0.445088  0.536879  0.205416  0.323549  0.510046  0.425308  0.290970  0.223187 
52  0.110411  0.233538  0.395363  0.102223  0.180639  0.172241  0.334449  0.138299  0.100717  0.301377  0.259360  0.298955  0.179059  0.113665  0.133743  0.454920  0.747675  0.395296  0.117989  0.296605  0.402130  0.154131  0.166063  0.265853  0.709482  0.124308  0.184690  0.212927  0.373955  0.144985  0.193823  0.384061  0.166057  0.149513  0.123487  0.315790  0.158613  0.161135  0.298210  0.317418  0.375126  0.408356  0.229041  0.090963  0.147667  0.285457  0.152532  0.184037  0.201353  0.304643  0.135540  0.445088 0.0  0.132464  0.367551  0.228345  0.135197  0.137787  0.237672  0.328063 
53  0.115771  0.253690  0.428099  0.151331  0.232475  0.206265  0.344323  0.184825  0.132222  0.367183  0.302125  0.320359  0.249421  0.115387  0.196793  0.550820  0.778303  0.418910  0.099329  0.340575  0.498601  0.179287  0.195422  0.286158  0.712400  0.098811  0.124329  0.174274  0.385689  0.174845  0.202593  0.360057  0.155692  0.181363  0.173197  0.387081  0.156342  0.118066  0.334232  0.373214  0.407842  0.413606  0.293410  0.141426  0.107241  0.370300  0.097872  0.224070  0.262341  0.334947  0.103324  0.536879  0.132464 0.0  0.329261  0.271672  0.115295  0.154679  0.268238  0.442280 
54  0.381471  0.220170  0.203822  0.307315  0.301427  0.252965  0.225450  0.263769  0.356181  0.131779  0.393759  0.183232  0.295235  0.343647  0.321648  0.196598  0.475103  0.169545  0.422568  0.302351  0.238716  0.353800  0.306091  0.185910  0.400530  0.326462  0.354555  0.456144  0.107325  0.282247  0.327929  0.224555  0.393432  0.309511  0.331965  0.104238  0.370398  0.402607  0.369478  0.227992  0.223004  0.311627  0.219265  0.320924  0.386702  0.164153  0.385102  0.281167  0.250166  0.118241  0.349561  0.205416  0.367551  0.329261 0.0  0.219700  0.357537  0.335025  0.208474  0.114298 
55  0.242074  0.173658  0.319817  0.197031  0.186633  0.155123  0.296550  0.206691  0.233884  0.157139  0.216201  0.190489  0.161430  0.263303  0.186969  0.309101  0.612065  0.294973  0.264993  0.235970  0.310444  0.222990  0.172459  0.181180  0.671531  0.290279  0.329656  0.327071  0.222902  0.221589  0.263783  0.259635  0.267679  0.202703  0.202158  0.203900  0.248754  0.314288  0.246013  0.189245  0.299753  0.287142  0.086950  0.200603  0.290646  0.249187  0.298772  0.134775  0.104110  0.234416  0.276131  0.323549  0.228345  0.271672  0.219700 0.0  0.296415  0.195654  0.177398  0.242945 
56  0.118846  0.263190  0.481965  0.156706  0.216966  0.235676  0.333241  0.221096  0.124365  0.389030  0.261116  0.329608  0.249387  0.111515  0.187724  0.537248  0.783815  0.414518  0.106682  0.285748  0.485568  0.139773  0.187089  0.284827  0.607095  0.124755  0.139600  0.182511  0.476520  0.150389  0.244672  0.450810  0.126447  0.209787  0.149573  0.340749  0.129543  0.123181  0.314402  0.368614  0.416369  0.437467  0.265569  0.148267  0.111096  0.346301  0.114406  0.217455  0.229174  0.443269  0.098119  0.510046  0.135197  0.115295  0.357537  0.296415 0.0  0.131190  0.288727  0.312390 
57  0.147627  0.260688  0.451897  0.145349  0.156328  0.218116  0.335269  0.201379  0.119166  0.293070  0.221419  0.350763  0.190105  0.120265  0.166280  0.426829  0.709830  0.392547  0.134269  0.190837  0.445310  0.106291  0.145902  0.310953  0.792549  0.159084  0.193288  0.240397  0.351612  0.101775  0.251102  0.352747  0.118822  0.186095  0.116203  0.339168  0.098320  0.177851  0.281649  0.300874  0.457328  0.414971  0.255978  0.133134  0.150462  0.304275  0.150720  0.168632  0.234334  0.339728  0.144052  0.425308  0.137787  0.154679  0.335025  0.195654  0.131190 0.0  0.278153  0.340783 
58  0.251721  0.107147  0.247826  0.217092  0.233388  0.146015  0.175815  0.200641  0.256432  0.175064  0.287708  0.137941  0.270799  0.253269  0.194589  0.286214  0.630502  0.218180  0.265871  0.315115  0.344416  0.263171  0.246034  0.096955  0.502149  0.245252  0.287455  0.373301  0.221897  0.257841  0.185367  0.216857  0.292767  0.188226  0.207986  0.195495  0.279018  0.340690  0.349276  0.263161  0.242838  0.408309  0.169657  0.229358  0.267088  0.164418  0.285073  0.198244  0.175275  0.173890  0.278803  0.290970  0.237672  0.268238  0.208474  0.177398  0.288727  0.278153 0.0  0.243636 
59  0.360995  0.246819  0.226303  0.356420  0.287995  0.262521  0.271861  0.366151  0.343353  0.129947  0.303599  0.213585  0.291255  0.359568  0.309653  0.225804  0.555109  0.203725  0.438141  0.304427  0.267353  0.364217  0.352909  0.206858  0.420492  0.357297  0.482083  0.460013  0.129247  0.358746  0.330395  0.239657  0.391386  0.271687  0.370098  0.135384  0.438520  0.432712  0.296464  0.195190  0.277469  0.278865  0.198248  0.357529  0.446076  0.188677  0.413297  0.257482  0.231241  0.148200  0.419836  0.223187  0.328063  0.442280  0.114298  0.242945  0.312390  0.340783  0.243636 0.0 
