60
0 0.0  0.275290  0.428081  0.143723  0.248872  0.228300  0.276652  0.164645  0.128347  0.321288  0.303099  0.357714  0.266607  0.123607  0.166586  0.530068  0.782740  0.421602  0.123534  0.349943  0.515811  0.213509  0.192186  0.260400  0.864878  0.114474  0.167926  0.225472  0.454937  0.178125  0.237032  0.375422  0.197796  0.157328  0.163433  0.366822  0.177588  0.162040  0.356298  0.384325  0.406207  0.440931  0.288808  0.135752  0.152797  0.392276  0.144632  0.231706  0.266856  0.391976  0.135127  0.525355  0.128895  0.131761  0.395371  0.273113  0.146556  0.158352  0.280067  0.439073 
1  0.275290 0.0  0.273993  0.229526  0.299137  0.148518  0.207076  0.192997  0.239169  0.199682  0.314210  0.156427  0.302820  0.251840  0.171601  0.353043  0.579367  0.245363  0.300197  0.383784  0.370553  0.281297  0.249812  0.125833  0.624974  0.275753  0.349855  0.341630  0.240298  0.276895  0.186103  0.247284  0.326505  0.185043  0.240724  0.229021  0.324000  0.339818  0.340592  0.346131  0.309116  0.453015  0.216485  0.249350  0.284247  0.215408  0.297974  0.208756  0.208881  0.222541  0.288951  0.369383  0.239766  0.258168  0.272969  0.224979  0.280238  0.278013  0.119409  0.268333 
2  0.428081  0.273993 0.0  0.422747  0.431617  0.421943  0.244518  0.432333  0.454450  0.243336  0.461287  0.216779  0.479150  0.433006  0.380140  0.148784  0.498494  0.141062  0.471687  0.455213  0.150833  0.454048  0.471087  0.253652  0.371997  0.459217  0.528567  0.667562  0.213268  0.455037  0.406743  0.168636  0.565752  0.372192  0.409396  0.205878  0.525921  0.526979  0.568463  0.433936  0.156582  0.535017  0.373443  0.433167  0.459879  0.202508  0.491219  0.386479  0.337059  0.213109  0.544700  0.175821  0.472208  0.522093  0.243840  0.332177  0.537106  0.522110  0.281164  0.235473 
3  0.143723  0.229526  0.422747 0.0  0.201802  0.172374  0.331604  0.146422  0.128821  0.292085  0.256688  0.331118  0.239099  0.148279  0.131266  0.404247  0.819776  0.366063  0.156427  0.271423  0.469208  0.180263  0.170570  0.244578  0.714958  0.153950  0.211053  0.307631  0.352901  0.173244  0.191731  0.399031  0.191320  0.167434  0.142783  0.327568  0.186064  0.223108  0.327738  0.402876  0.425915  0.447702  0.231597  0.107845  0.189602  0.371499  0.177918  0.199803  0.213175  0.324972  0.179378  0.488193  0.114267  0.155802  0.375593  0.262721  0.200301  0.171285  0.223337  0.336427 
4  0.248872  0.299137  0.431617  0.201802 0.0  0.255273  0.432739  0.229012  0.205079  0.292412  0.145276  0.338508  0.126212  0.222289  0.241844  0.555632  0.806387  0.400195  0.252662  0.169531  0.532117  0.177326  0.135909  0.329486  0.791212  0.233397  0.299768  0.351007  0.355158  0.173199  0.330579  0.380524  0.213666  0.240346  0.165611  0.344168  0.180323  0.290311  0.193878  0.247498  0.447724  0.329282  0.191548  0.206223  0.285828  0.369985  0.257077  0.150645  0.184537  0.262515  0.253242  0.468649  0.212096  0.260570  0.384256  0.209505  0.242744  0.195690  0.298401  0.355212 
5  0.228300  0.148518  0.421943  0.172374  0.255273 0.0  0.251070  0.147481  0.198506  0.240597  0.256644  0.214513  0.204628  0.213002  0.136059  0.399447  0.761300  0.312899  0.225264  0.330027  0.396273  0.232993  0.200776  0.167172  0.723525  0.230141  0.299618  0.373954  0.266478  0.236890  0.209790  0.254971  0.246054  0.168390  0.192682  0.236872  0.235533  0.257915  0.330949  0.289574  0.363531  0.429162  0.185190  0.196158  0.261145  0.246946  0.287003  0.161346  0.153906  0.263053  0.248592  0.371236  0.183872  0.222881  0.254321  0.175053  0.260409  0.229226  0.156564  0.290087 
6  0.276652  0.207076  0.244518  0.331604  0.432739  0.251070 0.0  0.277338  0.327526  0.276471  0.440342  0.187807  0.401152  0.365792  0.257664  0.324745  0.670522  0.272357  0.374993  0.481993  0.274988  0.449103  0.335942  0.212442  0.590820  0.356081  0.379860  0.428817  0.295514  0.410763  0.207472  0.186605  0.460259  0.257493  0.330349  0.227615  0.409877  0.393388  0.500022  0.446770  0.210538  0.542432  0.318924  0.300438  0.413222  0.231376  0.371354  0.320852  0.352411  0.227468  0.327002  0.351434  0.313480  0.389187  0.293969  0.302475  0.414533  0.338760  0.212482  0.344334 
7  0.164645  0.192997  0.432333  0.146422  0.229012  0.147481  0.277338 0.0  0.171986  0.314660  0.307676  0.249626  0.222224  0.184679  0.129117  0.380132  0.684870  0.389249  0.194897  0.328614  0.344603  0.229440  0.187903  0.209358  0.699305  0.187495  0.239938  0.285299  0.350402  0.205201  0.164752  0.323291  0.254246  0.123837  0.180537  0.296181  0.202847  0.222942  0.359103  0.420305  0.344987  0.434557  0.247032  0.154829  0.238056  0.278594  0.219941  0.197692  0.220302  0.317365  0.227970  0.417841  0.160760  0.207699  0.365505  0.248641  0.226214  0.213476  0.214474  0.353040 
8  0.128347  0.239169  0.454450  0.128821  0.205079  0.198506  0.327526  0.171986 0.0  0.295808  0.246544  0.288582  0.229123  0.114590  0.171105  0.475190  0.848033  0.426214  0.133641  0.329440  0.562024  0.168217  0.181000  0.277763  0.626446  0.141044  0.199837  0.226065  0.375697  0.144376  0.245502  0.425723  0.158615  0.190782  0.132720  0.361490  0.151095  0.175785  0.314860  0.338655  0.440824  0.501581  0.269960  0.117060  0.168835  0.324768  0.175672  0.203504  0.237538  0.405088  0.137396  0.486102  0.112184  0.151753  0.406832  0.260686  0.136736  0.145683  0.277448  0.394887 
9  0.321288  0.199682  0.243336  0.292085  0.292412  0.240597  0.276471  0.314660  0.295808 0.0  0.300966  0.186456  0.262489  0.389955  0.262077  0.301268  0.651579  0.264388  0.337276  0.325053  0.314399  0.354261  0.250381  0.179287  0.576837  0.347154  0.429044  0.512548  0.173217  0.367301  0.261689  0.257807  0.409283  0.325981  0.318216  0.153574  0.352272  0.396064  0.342064  0.251235  0.262684  0.289520  0.195208  0.305622  0.348105  0.190599  0.372955  0.267720  0.199991  0.168240  0.396580  0.272585  0.360906  0.334919  0.146417  0.199620  0.382413  0.324449  0.198867  0.163074 
10  0.303099  0.314210  0.461287  0.256688  0.145276  0.256644  0.440342  0.307676  0.246544  0.300966 0.0  0.363157  0.133165  0.289744  0.292112  0.440882  0.965454  0.426614  0.289162  0.130075  0.519682  0.204515  0.172385  0.327075  0.828011  0.289869  0.341078  0.394813  0.343583  0.215642  0.369546  0.390195  0.245574  0.303317  0.216949  0.350375  0.239584  0.333802  0.157363  0.243680  0.428505  0.309508  0.191162  0.259899  0.290065  0.394682  0.314889  0.219019  0.222713  0.334394  0.300888  0.481490  0.249105  0.331615  0.337529  0.206607  0.265987  0.247874  0.305497  0.345592 
11  0.357714  0.156427  0.216779  0.331118  0.338508  0.214513  0.187807  0.249626  0.288582  0.186456  0.363157 0.0  0.313748  0.374247  0.220877  0.272009  0.600099  0.208766  0.325153  0.367793  0.303517  0.364057  0.278143  0.138948  0.500850  0.360255  0.388419  0.457783  0.208784  0.342163  0.256236  0.193520  0.425012  0.265143  0.344527  0.179349  0.376715  0.438066  0.399806  0.319440  0.226682  0.417117  0.232866  0.322473  0.354994  0.130478  0.390258  0.271585  0.222006  0.151269  0.384280  0.269555  0.328326  0.323166  0.196248  0.235286  0.355529  0.308596  0.145652  0.242103 
12  0.266607  0.302820  0.479150  0.239099  0.126212  0.204628  0.401152  0.222224  0.229123  0.262489  0.133165  0.313748 0.0  0.244750  0.221171  0.469303  0.756583  0.487126  0.265899  0.180458  0.510561  0.180957  0.150854  0.291533  0.758594  0.286903  0.354060  0.339744  0.318799  0.171586  0.339699  0.426155  0.257256  0.298488  0.167720  0.319769  0.212096  0.328252  0.199379  0.227726  0.417325  0.265549  0.175123  0.243491  0.270705  0.320697  0.307972  0.156195  0.177066  0.331429  0.318733  0.488917  0.226428  0.275445  0.333384  0.179569  0.243806  0.208276  0.283392  0.306958 
13  0.123607  0.251840  0.433006  0.148279  0.222289  0.213002  0.365792  0.184679  0.114590  0.389955  0.289744  0.374247  0.244750 0.0  0.189323  0.552084  0.827032  0.514885  0.108615  0.311887  0.594195  0.181795  0.184604  0.313410  0.740944  0.126452  0.181427  0.230435  0.426028  0.151780  0.245640  0.472223  0.150773  0.210246  0.156914  0.390980  0.136159  0.162729  0.261919  0.375213  0.480714  0.467410  0.308510  0.132615  0.145476  0.359993  0.144372  0.209706  0.230344  0.303793  0.118953  0.569527  0.129618  0.126364  0.406906  0.302608  0.128532  0.140170  0.289042  0.448825 
14  0.166586  0.171601  0.380140  0.131266  0.241844  0.136059  0.257664  0.129117  0.171105  0.262077  0.292112  0.220877  0.221171  0.189323 0.0  0.422932  0.758595  0.371474  0.197728  0.343653  0.446981  0.216977  0.181574  0.191094  0.643198  0.184744  0.257175  0.339215  0.320242  0.199489  0.189131  0.356868  0.230152  0.149021  0.158380  0.326912  0.223357  0.261118  0.315385  0.354965  0.363772  0.436551  0.207686  0.133909  0.242604  0.262356  0.210086  0.184932  0.185087  0.304248  0.204168  0.469372  0.136390  0.212855  0.292915  0.204520  0.224488  0.201164  0.207184  0.342788 
15  0.530068  0.353043  0.148784  0.404247  0.555632  0.399447  0.324745  0.380132  0.475190  0.301268  0.440882  0.272009  0.469303  0.552084  0.422932 0.0  0.463122  0.159979  0.492657  0.472403  0.151016  0.498535  0.537480  0.315253  0.364990  0.499301  0.542060  0.628114  0.204344  0.527424  0.438919  0.231195  0.618382  0.452087  0.414130  0.228276  0.568555  0.566470  0.542423  0.459595  0.191615  0.435595  0.382845  0.456493  0.518952  0.255197  0.612917  0.397787  0.358532  0.218180  0.508484  0.138215  0.418963  0.538480  0.202650  0.389879  0.514414  0.482449  0.301943  0.274660 
16  0.782740  0.579367  0.498494  0.819776  0.806387  0.761300  0.670522  0.684870  0.848033  0.651579  0.965454  0.600099  0.756583  0.827032  0.758595  0.463122 0.0  0.545449  0.842650  0.864821  0.324500  0.750143  0.885678  0.645717  0.151484  0.916040  0.886070  1.000000  0.450359  0.772586  0.839327  0.473168  0.872992  0.848296  0.778762  0.614433  0.861258  0.894208  0.906185  0.777372  0.447257  0.745627  0.771673  0.718525  0.929321  0.501453  0.860150  0.881535  0.710891  0.533118  0.783701  0.398744  0.777085  0.780084  0.548774  0.685484  0.923151  0.687910  0.707823  0.692282 
17  0.421602  0.245363  0.141062  0.366063  0.400195  0.312899  0.272357  0.389249  0.426214  0.264388  0.426614  0.208766  0.487126  0.514885  0.371474  0.159979  0.545449 0.0  0.417338  0.473989  0.185910  0.403234  0.409108  0.229100  0.410017  0.454472  0.485858  0.514639  0.149509  0.485259  0.314151  0.164583  0.428510  0.365353  0.413081  0.175075  0.380803  0.500346  0.374841  0.357222  0.169303  0.406249  0.287962  0.399187  0.502579  0.155283  0.414911  0.356149  0.347828  0.190998  0.433672  0.192669  0.407639  0.365782  0.185278  0.338326  0.473437  0.478381  0.241236  0.206392 
18  0.123534  0.300197  0.471687  0.156427  0.252662  0.225264  0.374993  0.194897  0.133641  0.337276  0.289162  0.325153  0.265899  0.108615  0.197728  0.492657  0.842650  0.417338 0.0  0.334391  0.520255  0.172231  0.194551  0.326346  0.802814  0.120355  0.163744  0.210536  0.394944  0.160923  0.237448  0.433580  0.159585  0.210103  0.158593  0.421445  0.151795  0.153886  0.308817  0.413135  0.450640  0.489019  0.280135  0.145611  0.125321  0.401175  0.126691  0.254059  0.256592  0.384850  0.108221  0.615804  0.135388  0.118627  0.370302  0.315073  0.123319  0.164043  0.324957  0.422240 
19  0.349943  0.383784  0.455213  0.271423  0.169531  0.330027  0.481993  0.328614  0.329440  0.325053  0.130075  0.367793  0.180458  0.311887  0.343653  0.472403  0.864821  0.473989  0.334391 0.0  0.521529  0.226954  0.222175  0.349115  0.845131  0.385383  0.428946  0.454408  0.427676  0.240630  0.455719  0.428450  0.287356  0.338572  0.272595  0.376655  0.296096  0.360522  0.108790  0.223735  0.500313  0.277661  0.223985  0.287895  0.368705  0.403471  0.345033  0.227905  0.255773  0.391308  0.364261  0.611699  0.294053  0.320583  0.415716  0.289411  0.282658  0.241028  0.320996  0.355032 
20  0.515811  0.370553  0.150833  0.469208  0.532117  0.396273  0.274988  0.344603  0.562024  0.314399  0.519682  0.303517  0.510561  0.594195  0.446981  0.151016  0.324500  0.185910  0.520255  0.521529 0.0  0.596844  0.535393  0.324252  0.340753  0.603023  0.442044  0.613364  0.233017  0.559105  0.419622  0.198764  0.572742  0.433811  0.519236  0.251566  0.533330  0.561997  0.578430  0.508852  0.191653  0.564335  0.438405  0.536214  0.576958  0.239556  0.600902  0.485383  0.370998  0.249493  0.559690  0.161348  0.432767  0.487512  0.277366  0.423574  0.449949  0.527092  0.357745  0.293943 
21  0.213509  0.281297  0.454048  0.180263  0.177326  0.232993  0.449103  0.229440  0.168217  0.354261  0.204515  0.364057  0.180957  0.181795  0.216977  0.498535  0.750143  0.403234  0.172231  0.226954  0.596844 0.0  0.141148  0.315909  0.751815  0.215515  0.234616  0.266099  0.417191  0.114784  0.279297  0.464030  0.141536  0.238393  0.148450  0.404731  0.123082  0.236255  0.245334  0.322080  0.444297  0.400257  0.275275  0.175113  0.204048  0.398035  0.204764  0.177019  0.242419  0.420234  0.185409  0.576254  0.192537  0.182605  0.441110  0.260103  0.178713  0.123732  0.318282  0.436958 
22  0.192186  0.249812  0.471087  0.170570  0.135909  0.200776  0.335942  0.187903  0.181000  0.250381  0.172385  0.278143  0.150854  0.184604  0.181574  0.537480  0.885678  0.409108  0.194551  0.222175  0.535393  0.141148 0.0  0.249752  0.693109  0.219223  0.283250  0.344936  0.303877  0.144020  0.270630  0.423146  0.191790  0.246513  0.146150  0.390585  0.161262  0.284435  0.216968  0.265681  0.408322  0.354560  0.195712  0.166944  0.253256  0.313765  0.228644  0.136619  0.173353  0.302554  0.255881  0.415098  0.192739  0.237477  0.352428  0.204841  0.216850  0.161752  0.260779  0.335510 
23  0.260400  0.125833  0.253652  0.244578  0.329486  0.167172  0.212442  0.209358  0.277763  0.179287  0.327075  0.138948  0.291533  0.313410  0.191094  0.315253  0.645717  0.229100  0.326346  0.349115  0.324252  0.315909  0.249752 0.0  0.507751  0.352788  0.380091  0.437648  0.209280  0.299446  0.215371  0.226687  0.335227  0.230920  0.280840  0.186272  0.315153  0.316194  0.376392  0.320687  0.256616  0.439154  0.213773  0.265616  0.316687  0.173738  0.312330  0.225821  0.190818  0.204850  0.294152  0.333483  0.259864  0.331812  0.239215  0.196640  0.353191  0.306013  0.109446  0.241767 
24  0.864878  0.624974  0.371997  0.714958  0.791212  0.723525  0.590820  0.699305  0.626446  0.576837  0.828011  0.500850  0.758594  0.740944  0.643198  0.364990  0.151484  0.410017  0.802814  0.845131  0.340753  0.751815  0.693109  0.507751 0.0  0.651481  0.879495  0.946492  0.446491  0.769277  0.647262  0.421896  0.893140  0.785948  0.812310  0.480701  0.699624  0.756509  0.898214  0.735444  0.413634  0.770677  0.628936  0.801118  0.928381  0.544203  0.775814  0.754156  0.758981  0.521509  0.774817  0.392772  0.703593  0.791753  0.518938  0.627731  0.894319  0.882786  0.604484  0.545091 
25  0.114474  0.275753  0.459217  0.153950  0.233397  0.230141  0.356081  0.187495  0.141044  0.347154  0.289869  0.360255  0.286903  0.126452  0.184744  0.499301  0.916040  0.454472  0.120355  0.385383  0.603023  0.215515  0.219223  0.352788  0.651481 0.0  0.171968  0.205853  0.378636  0.188480  0.217682  0.411919  0.194510  0.169652  0.164909  0.353380  0.190050  0.155241  0.368293  0.354738  0.471246  0.512810  0.299157  0.153677  0.143937  0.378363  0.130800  0.242246  0.263687  0.389731  0.124085  0.550533  0.135304  0.112094  0.440215  0.313225  0.157703  0.170099  0.284547  0.462172 
26  0.167926  0.349855  0.528567  0.211053  0.299768  0.299618  0.379860  0.239938  0.199837  0.429044  0.341078  0.388419  0.354060  0.181427  0.257175  0.542060  0.886070  0.485858  0.163744  0.428946  0.442044  0.234616  0.283250  0.380091  0.879495  0.171968 0.0  0.143953  0.455773  0.215944  0.286829  0.441020  0.209122  0.233417  0.218388  0.469145  0.228460  0.110343  0.440023  0.456942  0.433311  0.583751  0.381844  0.192474  0.138227  0.393655  0.127899  0.272544  0.343273  0.373746  0.167792  0.606569  0.195817  0.139858  0.420915  0.374292  0.151648  0.228859  0.344754  0.468352 
27  0.225472  0.341630  0.667562  0.307631  0.351007  0.373954  0.428817  0.285299  0.226065  0.512548  0.394813  0.457783  0.339744  0.230435  0.339215  0.628114  1.000000  0.514639  0.210536  0.454408  0.613364  0.266099  0.344936  0.437648  0.946492  0.205853  0.143953 0.0  0.543612  0.227731  0.319364  0.568840  0.249690  0.297853  0.295527  0.565445  0.254518  0.169020  0.517325  0.533200  0.519305  0.577579  0.434148  0.259544  0.181395  0.568761  0.178788  0.356627  0.353389  0.470059  0.191452  0.615469  0.232758  0.202746  0.557273  0.494862  0.219179  0.269722  0.423094  0.559254 
28  0.454937  0.240298  0.213268  0.352901  0.355158  0.266478  0.295514  0.350402  0.375697  0.173217  0.343583  0.208784  0.318799  0.426028  0.320242  0.204344  0.450359  0.149509  0.394944  0.427676  0.233017  0.417191  0.303877  0.209280  0.446491  0.378636  0.455773  0.543612 0.0  0.336725  0.384023  0.237159  0.512915  0.318981  0.378652  0.120120  0.468095  0.452150  0.437320  0.278982  0.228607  0.380550  0.269412  0.394636  0.479198  0.155076  0.493539  0.288666  0.265443  0.127401  0.407426  0.217871  0.363322  0.441624  0.120464  0.262524  0.460594  0.376799  0.226162  0.145707 
29  0.178125  0.276895  0.455037  0.173244  0.173199  0.236890  0.410763  0.205201  0.144376  0.367301  0.215642  0.342163  0.171586  0.151780  0.199489  0.527424  0.772586  0.485259  0.160923  0.240630  0.559105  0.114784  0.144020  0.299446  0.769277  0.188480  0.215944  0.227731  0.336725 0.0  0.265084  0.481324  0.151659  0.234248  0.122435  0.393336  0.131277  0.210123  0.250588  0.336725  0.428519  0.454505  0.252107  0.156632  0.192847  0.335490  0.198353  0.189224  0.216275  0.333195  0.180898  0.588791  0.168500  0.193131  0.360329  0.261380  0.171220  0.113328  0.317767  0.388913 
30  0.237032  0.186103  0.406743  0.191731  0.330579  0.209790  0.207472  0.164752  0.245502  0.261689  0.369546  0.256236  0.339699  0.245640  0.189131  0.438919  0.839327  0.314151  0.237448  0.455719  0.419622  0.279297  0.270630  0.215371  0.647262  0.217682  0.286829  0.319364  0.384023  0.265084 0.0  0.315552  0.332102  0.141952  0.222238  0.314231  0.310167  0.261197  0.435529  0.378282  0.312400  0.503299  0.279623  0.211554  0.302646  0.263921  0.276509  0.284894  0.261737  0.327822  0.245766  0.406987  0.231486  0.245832  0.310515  0.277341  0.294148  0.278794  0.204368  0.397365 
31  0.375422  0.247284  0.168636  0.399031  0.380524  0.254971  0.186605  0.323291  0.425723  0.257807  0.390195  0.193520  0.426155  0.472223  0.356868  0.231195  0.473168  0.164583  0.433580  0.428450  0.198764  0.464030  0.423146  0.226687  0.421896  0.411919  0.441020  0.568840  0.237159  0.481324  0.315552 0.0  0.455453  0.314967  0.372574  0.236632  0.459078  0.535245  0.411451  0.450889  0.122361  0.406637  0.329883  0.394981  0.441415  0.170633  0.460214  0.375852  0.397809  0.192801  0.382393  0.265090  0.381139  0.372795  0.265105  0.339047  0.492092  0.481745  0.238674  0.302199 
32  0.197796  0.326505  0.565752  0.191320  0.213666  0.246054  0.460259  0.254246  0.158615  0.409283  0.245574  0.425012  0.257256  0.150773  0.230152  0.618382  0.872992  0.428510  0.159585  0.287356  0.572742  0.141536  0.191790  0.335227  0.893140  0.194510  0.209122  0.249690  0.512915  0.151659  0.332102  0.455453 0.0  0.272233  0.160099  0.407145  0.116588  0.200726  0.307478  0.388506  0.534609  0.463868  0.311737  0.188482  0.165717  0.402264  0.192120  0.221022  0.266505  0.412202  0.162715  0.655455  0.173468  0.194995  0.460132  0.288538  0.139963  0.131514  0.308534  0.388868 
33  0.157328  0.185043  0.372192  0.167434  0.240346  0.168390  0.257493  0.123837  0.190782  0.325981  0.303317  0.265143  0.298488  0.210246  0.149021  0.452087  0.848296  0.365353  0.210103  0.338572  0.433811  0.238393  0.246513  0.230920  0.785948  0.169652  0.233417  0.297853  0.318981  0.234248  0.141952  0.314967  0.272233 0.0  0.226218  0.373438  0.226317  0.224550  0.396310  0.401896  0.412523  0.504269  0.300166  0.169484  0.210543  0.284435  0.230539  0.245402  0.242602  0.317984  0.208671  0.469394  0.160246  0.198900  0.354152  0.275420  0.229162  0.211969  0.224106  0.391147 
34  0.163433  0.240724  0.409396  0.142783  0.165611  0.192682  0.330349  0.180537  0.132720  0.318216  0.216949  0.344527  0.167720  0.156914  0.158380  0.414130  0.778762  0.413081  0.158593  0.272595  0.519236  0.148450  0.146150  0.280840  0.812310  0.164909  0.218388  0.295527  0.378652  0.122435  0.222238  0.372574  0.160099  0.226218 0.0  0.389967  0.155289  0.226670  0.267856  0.351903  0.446063  0.406141  0.234541  0.135629  0.192354  0.352323  0.198081  0.152089  0.206456  0.383457  0.182398  0.522412  0.147582  0.190389  0.378427  0.220220  0.172195  0.130288  0.281529  0.318575 
35  0.366822  0.229021  0.205878  0.327568  0.344168  0.236872  0.227615  0.296181  0.361490  0.153574  0.350375  0.179349  0.319769  0.390980  0.326912  0.228276  0.614433  0.175075  0.421445  0.376655  0.251566  0.404731  0.390585  0.186272  0.480701  0.353380  0.469145  0.565445  0.120120  0.393336  0.314231  0.236632  0.407145  0.373438  0.389967 0.0  0.460952  0.433714  0.451039  0.279602  0.235893  0.391428  0.219085  0.354628  0.432186  0.153992  0.437014  0.310032  0.236574  0.117655  0.398651  0.229560  0.366347  0.413407  0.119581  0.226781  0.407713  0.336734  0.198840  0.142062 
36  0.177588  0.324000  0.525921  0.186064  0.180323  0.235533  0.409877  0.202847  0.151095  0.352272  0.239584  0.376715  0.212096  0.136159  0.223357  0.568555  0.861258  0.380803  0.151795  0.296096  0.533330  0.123082  0.161262  0.315153  0.699624  0.190050  0.228460  0.254518  0.468095  0.131277  0.310167  0.459078  0.116588  0.226317  0.155289  0.460952 0.0  0.208678  0.284609  0.334203  0.411206  0.455422  0.267904  0.138710  0.165107  0.394516  0.193388  0.208241  0.274302  0.379406  0.159001  0.504149  0.158848  0.168233  0.437060  0.222374  0.144091  0.111509  0.301247  0.445380 
37  0.162040  0.339818  0.526979  0.223108  0.290311  0.257915  0.393388  0.222942  0.175785  0.396064  0.333802  0.438066  0.328252  0.162729  0.261118  0.566470  0.894208  0.500346  0.153886  0.360522  0.561997  0.236255  0.284435  0.316194  0.756509  0.155241  0.110343  0.169020  0.452150  0.210123  0.261197  0.535245  0.200726  0.224550  0.226670  0.433714  0.208678 0.0  0.434224  0.508500  0.579575  0.568814  0.349735  0.187817  0.124109  0.422340  0.121607  0.248935  0.325509  0.406442  0.138288  0.508276  0.193276  0.137355  0.480431  0.346234  0.150816  0.216233  0.301793  0.456036 
38  0.356298  0.340592  0.568463  0.327738  0.193878  0.330949  0.500022  0.359103  0.314860  0.342064  0.157363  0.399806  0.199379  0.261919  0.315385  0.542423  0.906185  0.374841  0.308817  0.108790  0.578430  0.245334  0.216968  0.376392  0.898214  0.368293  0.440023  0.517325  0.437320  0.250588  0.435529  0.411451  0.307478  0.396310  0.267856  0.451039  0.284609  0.434224 0.0  0.244915  0.479497  0.294787  0.278192  0.342819  0.350244  0.386800  0.361709  0.259609  0.271816  0.406081  0.334106  0.506808  0.316660  0.326473  0.385083  0.275864  0.341806  0.273924  0.358045  0.392885 
39  0.384325  0.346131  0.433936  0.402876  0.247498  0.289574  0.446770  0.420305  0.338655  0.251235  0.243680  0.319440  0.227726  0.375213  0.354965  0.459595  0.777372  0.357222  0.413135  0.223735  0.508852  0.322080  0.265681  0.320687  0.735444  0.354738  0.456942  0.533200  0.278982  0.336725  0.378282  0.450889  0.388506  0.401896  0.351903  0.279602  0.334203  0.508500  0.244915 0.0  0.485006  0.193775  0.217301  0.363592  0.422147  0.331350  0.392628  0.238212  0.238420  0.326775  0.411498  0.355897  0.363597  0.427147  0.260834  0.211433  0.454319  0.352649  0.306316  0.233920 
40  0.406207  0.309116  0.156582  0.425915  0.447724  0.363531  0.210538  0.344987  0.440824  0.262684  0.428505  0.226682  0.417325  0.480714  0.363772  0.191615  0.447257  0.169303  0.450640  0.500313  0.191653  0.444297  0.408322  0.256616  0.413634  0.471246  0.433311  0.519305  0.228607  0.428519  0.312400  0.122361  0.534609  0.412523  0.446063  0.235893  0.411206  0.579575  0.479497  0.485006 0.0  0.559431  0.368284  0.417761  0.542226  0.194429  0.424132  0.363936  0.397918  0.227284  0.556277  0.222502  0.432046  0.466254  0.263163  0.381247  0.433844  0.483184  0.288004  0.249622 
41  0.440931  0.453015  0.535017  0.447702  0.329282  0.429162  0.542432  0.434557  0.501581  0.289520  0.309508  0.417117  0.265549  0.467410  0.436551  0.435595  0.745627  0.406249  0.489019  0.277661  0.564335  0.400257  0.354560  0.439154  0.770677  0.512810  0.583751  0.577579  0.380550  0.454505  0.503299  0.406637  0.463868  0.504269  0.406141  0.391428  0.455422  0.568814  0.294787  0.193775  0.559431 0.0  0.362167  0.483953  0.514343  0.472332  0.422583  0.349604  0.361403  0.358872  0.484201  0.444141  0.411029  0.505064  0.411938  0.308867  0.485014  0.421463  0.388824  0.348565 
42  0.288808  0.216485  0.373443  0.231597  0.191548  0.185190  0.318924  0.247032  0.269960  0.195208  0.191162  0.232866  0.175123  0.308510  0.207686  0.382845  0.771673  0.287962  0.280135  0.223985  0.438405  0.275275  0.195712  0.213773  0.628936  0.299157  0.381844  0.434148  0.269412  0.252107  0.279623  0.329883  0.311737  0.300166  0.234541  0.219085  0.267904  0.349735  0.278192  0.217301  0.368284  0.362167 0.0  0.234145  0.354344  0.255850  0.340766  0.158289  0.120729  0.224436  0.347942  0.340772  0.258896  0.282002  0.261004  0.099824  0.311840  0.311440  0.195450  0.213770 
43  0.135752  0.249350  0.433167  0.107845  0.206223  0.196158  0.300438  0.154829  0.117060  0.305622  0.259899  0.322473  0.243491  0.132615  0.133909  0.456493  0.718525  0.399187  0.145611  0.287895  0.536214  0.175113  0.166944  0.265616  0.801118  0.153677  0.192474  0.259544  0.394636  0.156632  0.211554  0.394981  0.188482  0.169484  0.135629  0.354628  0.138710  0.187817  0.342819  0.363592  0.417761  0.483953  0.234145 0.0  0.187919  0.278750  0.170043  0.195259  0.217018  0.336588  0.152946  0.526483  0.105778  0.169835  0.360148  0.257697  0.161376  0.146936  0.248633  0.376207 
44  0.152797  0.284247  0.459879  0.189602  0.285828  0.261145  0.413222  0.238056  0.168835  0.348105  0.290065  0.354994  0.270705  0.145476  0.242604  0.518952  0.929321  0.502579  0.125321  0.368705  0.576958  0.204048  0.253256  0.316687  0.928381  0.143937  0.138227  0.181395  0.479198  0.192847  0.302646  0.441415  0.165717  0.210543  0.192354  0.432186  0.165107  0.124109  0.350244  0.422147  0.542226  0.514343  0.354344  0.187919 0.0  0.339615  0.113583  0.250210  0.293511  0.388330  0.119604  0.529731  0.166080  0.129613  0.449632  0.322567  0.124607  0.167642  0.368135  0.484067 
45  0.392276  0.215408  0.202508  0.371499  0.369985  0.246946  0.231376  0.278594  0.324768  0.190599  0.394682  0.130478  0.320697  0.359993  0.262356  0.255197  0.501453  0.155283  0.401175  0.403471  0.239556  0.398035  0.313765  0.173738  0.544203  0.378363  0.393655  0.568761  0.155076  0.335490  0.263921  0.170633  0.402264  0.284435  0.352323  0.153992  0.394516  0.422340  0.386800  0.331350  0.194429  0.472332  0.255850  0.278750  0.339615 0.0  0.414279  0.292038  0.262029  0.137477  0.390983  0.262706  0.318480  0.438725  0.177166  0.247484  0.389515  0.358902  0.176745  0.202272 
46  0.144632  0.297974  0.491219  0.177918  0.257077  0.287003  0.371354  0.219941  0.175672  0.372955  0.314889  0.390258  0.307972  0.144372  0.210086  0.612917  0.860150  0.414911  0.126691  0.345033  0.600902  0.204764  0.228644  0.312330  0.775814  0.130800  0.127899  0.178788  0.493539  0.198353  0.276509  0.460214  0.192120  0.230539  0.198081  0.437014  0.193388  0.121607  0.361709  0.392628  0.424132  0.422583  0.340766  0.170043  0.113583  0.414279 0.0  0.244752  0.275571  0.454158  0.121388  0.688726  0.168731  0.113227  0.516317  0.282246  0.133415  0.173136  0.351019  0.468941 
47  0.231706  0.208756  0.386479  0.199803  0.150645  0.161346  0.320852  0.197692  0.203504  0.267720  0.219019  0.271585  0.156195  0.209706  0.184932  0.397787  0.881535  0.356149  0.254059  0.227905  0.485383  0.177019  0.136619  0.225821  0.754156  0.242246  0.272544  0.356627  0.288666  0.189224  0.284894  0.375852  0.221022  0.245402  0.152089  0.310032  0.208241  0.248935  0.259609  0.238212  0.363936  0.349604  0.158289  0.195259  0.250210  0.292038  0.244752 0.0  0.139918  0.297958  0.253947  0.438702  0.182131  0.255858  0.311966  0.164410  0.208691  0.199422  0.247798  0.277985 
48  0.266856  0.208881  0.337059  0.213175  0.184537  0.153906  0.352411  0.220302  0.237538  0.199991  0.222713  0.222006  0.177066  0.230344  0.185087  0.358532  0.710891  0.347828  0.256592  0.255773  0.370998  0.242419  0.173353  0.190818  0.758981  0.263687  0.343273  0.353389  0.265443  0.216275  0.261737  0.397809  0.266505  0.242602  0.206456  0.236574  0.274302  0.325509  0.271816  0.238420  0.397918  0.361403  0.120729  0.217018  0.293511  0.262029  0.275571  0.139918 0.0  0.262409  0.269554  0.396975  0.224604  0.284582  0.300850  0.117347  0.293980  0.242952  0.195451  0.245008 
49  0.391976  0.222541  0.213109  0.324972  0.262515  0.263053  0.227468  0.317365  0.405088  0.168240  0.334394  0.151269  0.331429  0.303793  0.304248  0.218180  0.533118  0.190998  0.384850  0.391308  0.249493  0.420234  0.302554  0.204850  0.521509  0.389731  0.373746  0.470059  0.127401  0.333195  0.327822  0.192801  0.412202  0.317984  0.383457  0.117655  0.379406  0.406442  0.406081  0.326775  0.227284  0.358872  0.224436  0.336588  0.388330  0.137477  0.454158  0.297958  0.262409 0.0  0.378065  0.226500  0.314494  0.402899  0.136535  0.226474  0.362953  0.395035  0.215771  0.161294 
50  0.135127  0.288951  0.544700  0.179378  0.253242  0.248592  0.327002  0.227970  0.137396  0.396580  0.300888  0.384280  0.318733  0.118953  0.204168  0.508484  0.783701  0.433672  0.108221  0.364261  0.559690  0.185409  0.255881  0.294152  0.774817  0.124085  0.167792  0.191452  0.407426  0.180898  0.245766  0.382393  0.162715  0.208671  0.182398  0.398651  0.159001  0.138288  0.334106  0.411498  0.556277  0.484201  0.347942  0.152946  0.119604  0.390983  0.121388  0.253947  0.269554  0.378065 0.0  0.564602  0.147965  0.117933  0.462723  0.315033  0.110785  0.164185  0.300317  0.423216 
51  0.525355  0.369383  0.175821  0.488193  0.468649  0.371236  0.351434  0.417841  0.486102  0.272585  0.481490  0.269555  0.488917  0.569527  0.469372  0.138215  0.398744  0.192669  0.615804  0.611699  0.161348  0.576254  0.415098  0.333483  0.392772  0.550533  0.606569  0.615469  0.217871  0.588791  0.406987  0.265090  0.655455  0.469394  0.522412  0.229560  0.504149  0.508276  0.506808  0.355897  0.222502  0.444141  0.340772  0.526483  0.529731  0.262706  0.688726  0.438702  0.396975  0.226500  0.564602 0.0  0.499479  0.569529  0.218283  0.368077  0.607912  0.511073  0.361774  0.231405 
52  0.128895  0.239766  0.472208  0.114267  0.212096  0.183872  0.313480  0.160760  0.112184  0.360906  0.249105  0.328326  0.226428  0.129618  0.136390  0.418963  0.777085  0.407639  0.135388  0.294053  0.432767  0.192537  0.192739  0.259864  0.703593  0.135304  0.195817  0.232758  0.363322  0.168500  0.231486  0.381139  0.173468  0.160246  0.147582  0.366347  0.158848  0.193276  0.316660  0.363597  0.432046  0.411029  0.258896  0.105778  0.166080  0.318480  0.168731  0.182131  0.224604  0.314494  0.147965  0.499479 0.0  0.152645  0.389999  0.241045  0.170153  0.150860  0.251954  0.338303 
53  0.131761  0.258168  0.522093  0.155802  0.260570  0.222881  0.389187  0.207699  0.151753  0.334919  0.331615  0.323166  0.275445  0.126364  0.212855  0.538480  0.780084  0.365782  0.118627  0.320583  0.487512  0.182605  0.237477  0.331812  0.791753  0.112094  0.139858  0.202746  0.441624  0.193131  0.245832  0.372795  0.194995  0.198900  0.190389  0.413407  0.168233  0.137355  0.326473  0.427147  0.466254  0.505064  0.282002  0.169835  0.129613  0.438725  0.113227  0.255858  0.284582  0.402899  0.117933  0.569529  0.152645 0.0  0.415903  0.311615  0.126386  0.178367  0.280650  0.355465 
54  0.395371  0.272969  0.243840  0.375593  0.384256  0.254321  0.293969  0.365505  0.406832  0.146417  0.337529  0.196248  0.333384  0.406906  0.292915  0.202650  0.548774  0.185278  0.370302  0.415716  0.277366  0.441110  0.352428  0.239215  0.518938  0.440215  0.420915  0.557273  0.120464  0.360329  0.310515  0.265105  0.460132  0.354152  0.378427  0.119581  0.437060  0.480431  0.385083  0.260834  0.263163  0.411938  0.261004  0.360148  0.449632  0.177166  0.516317  0.311966  0.300850  0.136535  0.462723  0.218283  0.389999  0.415903 0.0  0.266351  0.407952  0.450924  0.236883  0.130531 
55  0.273113  0.224979  0.332177  0.262721  0.209505  0.175053  0.302475  0.248641  0.260686  0.199620  0.206607  0.235286  0.179569  0.302608  0.204520  0.389879  0.685484  0.338326  0.315073  0.289411  0.423574  0.260103  0.204841  0.196640  0.627731  0.313225  0.374292  0.494862  0.262524  0.261380  0.277341  0.339047  0.288538  0.275420  0.220220  0.226781  0.222374  0.346234  0.275864  0.211433  0.381247  0.308867  0.099824  0.257697  0.322567  0.247484  0.282246  0.164410  0.117347  0.226474  0.315033  0.368077  0.241045  0.311615  0.266351 0.0  0.300685  0.278781  0.199029  0.249877 
56  0.146556  0.280238  0.537106  0.200301  0.242744  0.260409  0.414533  0.226214  0.136736  0.382413  0.265987  0.355529  0.243806  0.128532  0.224488  0.514414  0.923151  0.473437  0.123319  0.282658  0.449949  0.178713  0.216850  0.353191  0.894319  0.157703  0.151648  0.219179  0.460594  0.171220  0.294148  0.492092  0.139963  0.229162  0.172195  0.407713  0.144091  0.150816  0.341806  0.454319  0.433844  0.485014  0.311840  0.161376  0.124607  0.389515  0.133415  0.208691  0.293980  0.362953  0.110785  0.607912  0.170153  0.126386  0.407952  0.300685 0.0  0.148721  0.348129  0.469382 
57  0.158352  0.278013  0.522110  0.171285  0.195690  0.229226  0.338760  0.213476  0.145683  0.324449  0.247874  0.308596  0.208276  0.140170  0.201164  0.482449  0.687910  0.478381  0.164043  0.241028  0.527092  0.123732  0.161752  0.306013  0.882786  0.170099  0.228859  0.269722  0.376799  0.113328  0.278794  0.481745  0.131514  0.211969  0.130288  0.336734  0.111509  0.216233  0.273924  0.352649  0.483184  0.421463  0.311440  0.146936  0.167642  0.358902  0.173136  0.199422  0.242952  0.395035  0.164185  0.511073  0.150860  0.178367  0.450924  0.278781  0.148721 0.0  0.302785  0.371575 
58  0.280067  0.119409  0.281164  0.223337  0.298401  0.156564  0.212482  0.214474  0.277448  0.198867  0.305497  0.145652  0.283392  0.289042  0.207184  0.301943  0.707823  0.241236  0.324957  0.320996  0.357745  0.318282  0.260779  0.109446  0.604484  0.284547  0.344754  0.423094  0.226162  0.317767  0.204368  0.238674  0.308534  0.224106  0.281529  0.198840  0.301247  0.301793  0.358045  0.306316  0.288004  0.388824  0.195450  0.248633  0.368135  0.176745  0.351019  0.247798  0.195451  0.215771  0.300317  0.361774  0.251954  0.280650  0.236883  0.199029  0.348129  0.302785 0.0  0.257415 
59  0.439073  0.268333  0.235473  0.336427  0.355212  0.290087  0.344334  0.353040  0.394887  0.163074  0.345592  0.242103  0.306958  0.448825  0.342788  0.274660  0.692282  0.206392  0.422240  0.355032  0.293943  0.436958  0.335510  0.241767  0.545091  0.462172  0.468352  0.559254  0.145707  0.388913  0.397365  0.302199  0.388868  0.391147  0.318575  0.142062  0.445380  0.456036  0.392885  0.233920  0.249622  0.348565  0.213770  0.376207  0.484067  0.202272  0.468941  0.277985  0.245008  0.161294  0.423216  0.231405  0.338303  0.355465  0.130531  0.249877  0.469382  0.371575  0.257415 0.0 
