60
0 0.0  0.258092  0.510844  0.235681  0.195385  0.219137  0.353286  0.144958  0.170258  0.289491  0.306818  0.264078  0.354589  0.180473  0.238703  0.545237  0.846336  0.371035  0.175976  0.254915  0.564861  0.300050  0.243066  0.291044  0.812126  0.117969  0.169750  0.240499  0.322008  0.157654  0.114624  0.352971  0.226195  0.120546  0.160010  0.401457  0.139035  0.139673  0.262628  0.401594  0.345608  0.574453  0.143576  0.163004  0.147994  0.375763  0.179290  0.226862  0.240274  0.374485  0.138484  0.487290  0.165975  0.090383  0.334112  0.213194  0.147580  0.141217  0.261003  0.424378 
1  0.258092 0.0  0.306756  0.157876  0.325920  0.155498  0.175054  0.104135  0.248842  0.177887  0.375228  0.133492  0.271009  0.288980  0.254362  0.312180  0.613547  0.301546  0.218232  0.410509  0.372464  0.259846  0.219944  0.144475  0.678488  0.304231  0.354963  0.289211  0.253774  0.259868  0.238600  0.228096  0.188612  0.177456  0.262599  0.205042  0.339681  0.211039  0.391929  0.307634  0.289197  0.441541  0.214707  0.220031  0.358992  0.087765  0.201421  0.232565  0.305925  0.269187  0.255266  0.287692  0.264126  0.297384  0.177225  0.211454  0.280024  0.314673  0.087765  0.255817 
2  0.510844  0.306756 0.0  0.362775  0.272290  0.234517  0.274175  0.374982  0.412585  0.276946  0.444116  0.217963  0.479008  0.485856  0.420569  0.215219  0.400626  0.157686  0.503108  0.606620  0.096407  0.428151  0.416274  0.233089  0.503663  0.397642  0.556790  0.639023  0.270139  0.361035  0.401520  0.159306  0.615907  0.433052  0.403809  0.233158  0.517681  0.546676  0.539029  0.282476  0.204745  0.539535  0.396285  0.348649  0.494808  0.318961  0.489537  0.449045  0.338720  0.236731  0.512073  0.113710  0.445487  0.468483  0.264270  0.360030  0.535374  0.421746  0.285808  0.204641 
3  0.235681  0.157876  0.362775 0.0  0.118224  0.215032  0.315845  0.173782  0.093855  0.326384  0.271315  0.210188  0.285788  0.166590  0.087765  0.330263  0.807086  0.373511  0.087765  0.263596  0.472014  0.148323  0.216702  0.126191  0.854094  0.200339  0.241391  0.280415  0.366815  0.125857  0.113027  0.427442  0.208856  0.087765  0.087765  0.407002  0.195512  0.257435  0.287638  0.360622  0.387119  0.522899  0.238361  0.087765  0.219678  0.378363  0.140176  0.191825  0.222338  0.386632  0.140560  0.583694  0.100402  0.238446  0.401806  0.240721  0.202132  0.271381  0.287680  0.399168 
4  0.195385  0.325920  0.272290  0.118224 0.0  0.232683  0.456255  0.202648  0.222747  0.211379  0.180907  0.291855  0.136366  0.330061  0.164851  0.375631  0.842744  0.376352  0.288243  0.187411  0.396212  0.210681  0.179576  0.327139  0.734303  0.244823  0.257640  0.378531  0.412982  0.216473  0.380368  0.561748  0.223295  0.208350  0.239398  0.452413  0.185447  0.211150  0.269894  0.280156  0.474649  0.281833  0.265346  0.297010  0.256172  0.265714  0.361393  0.146858  0.203372  0.287384  0.285098  0.541145  0.220178  0.235034  0.419254  0.183691  0.351667  0.267792  0.175508  0.446230 
5  0.219137  0.155498  0.234517  0.215032  0.232683 0.0  0.167988  0.168991  0.174554  0.250133  0.232352  0.197267  0.223097  0.276727  0.164914  0.432559  0.621506  0.239188  0.237003  0.308841  0.415722  0.237376  0.226908  0.087765  0.632324  0.247153  0.305685  0.260418  0.329303  0.166164  0.253148  0.268852  0.263746  0.125160  0.264377  0.281633  0.159245  0.256431  0.359925  0.300440  0.329614  0.345723  0.192564  0.118963  0.271724  0.231602  0.331593  0.110323  0.129618  0.304877  0.230306  0.438253  0.144408  0.265991  0.259353  0.167992  0.225671  0.194584  0.087765  0.393012 
6  0.353286  0.175054  0.274175  0.315845  0.456255  0.167988 0.0  0.216907  0.269557  0.301379  0.432741  0.243789  0.427917  0.320717  0.244027  0.215816  0.594709  0.253550  0.506443  0.444611  0.344999  0.409531  0.346980  0.235912  0.647855  0.367194  0.440378  0.442292  0.181768  0.227415  0.204279  0.126112  0.520785  0.302979  0.387481  0.298405  0.384195  0.320317  0.381235  0.495979  0.102417  0.460024  0.342227  0.320807  0.475613  0.190373  0.372825  0.297555  0.354804  0.226684  0.462485  0.320651  0.315080  0.330356  0.388601  0.263728  0.396155  0.376455  0.249155  0.247471 
7  0.144958  0.104135  0.374982  0.173782  0.202648  0.168991  0.216907 0.0  0.157294  0.302918  0.312123  0.171177  0.210960  0.216743  0.087765  0.430542  0.741530  0.456007  0.180389  0.361719  0.431906  0.176365  0.152182  0.263961  0.789688  0.131800  0.297624  0.204902  0.367503  0.087765  0.183519  0.279574  0.323995  0.144788  0.176594  0.268100  0.325646  0.327780  0.417965  0.318480  0.275495  0.443246  0.216213  0.087765  0.215930  0.245448  0.216834  0.216799  0.254160  0.310567  0.142579  0.493513  0.108467  0.152169  0.261545  0.276967  0.245800  0.280729  0.199533  0.393646 
8  0.170258  0.248842  0.412585  0.093855  0.222747  0.174554  0.269557  0.157294 0.0  0.377378  0.232918  0.334926  0.221970  0.123233  0.126796  0.493055  0.855089  0.444941  0.233087  0.260235  0.514917  0.134729  0.146373  0.270710  0.776510  0.108234  0.144639  0.210477  0.386970  0.095994  0.140524  0.408860  0.134862  0.211079  0.122358  0.444981  0.087765  0.208736  0.273392  0.361284  0.471117  0.513202  0.385245  0.160761  0.203127  0.359993  0.152786  0.087765  0.222173  0.395244  0.087765  0.571645  0.096411  0.140945  0.303695  0.299252  0.171617  0.163610  0.289959  0.323287 
9  0.289491  0.177887  0.276946  0.326384  0.211379  0.250133  0.301379  0.302918  0.377378 0.0  0.297005  0.147060  0.307704  0.404109  0.281419  0.311766  0.555826  0.132403  0.414678  0.214761  0.400908  0.377787  0.314362  0.217292  0.487163  0.386435  0.539484  0.533012  0.087765  0.334343  0.359710  0.234949  0.349661  0.198475  0.377517  0.125410  0.445986  0.412652  0.402956  0.213211  0.325869  0.284648  0.193687  0.358992  0.325308  0.143956  0.378231  0.208042  0.220344  0.214615  0.355016  0.306347  0.231440  0.333269  0.177173  0.205709  0.332715  0.278993  0.294248  0.243598 
10  0.306818  0.375228  0.444116  0.271315  0.180907  0.232352  0.432741  0.312123  0.232918  0.297005 0.0  0.341041  0.087765  0.259423  0.243178  0.548584  0.794619  0.495709  0.133519  0.176928  0.538137  0.202410  0.197933  0.341362  0.650623  0.340065  0.338844  0.481745  0.360408  0.212740  0.274257  0.464488  0.185114  0.409244  0.138481  0.362717  0.203935  0.342480  0.141794  0.210239  0.523042  0.360603  0.262939  0.337277  0.415937  0.411057  0.280460  0.231489  0.230614  0.290938  0.231460  0.470372  0.269132  0.352519  0.357513  0.136982  0.230290  0.190491  0.287433  0.432530 
11  0.264078  0.133492  0.217963  0.210188  0.291855  0.197267  0.243789  0.171177  0.334926  0.147060  0.341041 0.0  0.285469  0.270736  0.265742  0.198445  0.557741  0.173801  0.405830  0.437416  0.268485  0.316475  0.304412  0.087765  0.579350  0.406597  0.364943  0.412700  0.249785  0.346771  0.297275  0.109142  0.339901  0.231023  0.306791  0.168759  0.418452  0.415669  0.469468  0.360115  0.198722  0.343631  0.319561  0.341032  0.460837  0.101403  0.442541  0.279793  0.261477  0.185309  0.414566  0.317675  0.233189  0.435481  0.233059  0.233706  0.372786  0.385216  0.087765  0.331333 
12  0.354589  0.271009  0.479008  0.285788  0.136366  0.223097  0.427917  0.210960  0.221970  0.307704  0.087765  0.285469 0.0  0.179984  0.220016  0.481587  0.859094  0.377299  0.164292  0.187341  0.488797  0.154025  0.163782  0.257435  0.748488  0.320039  0.380534  0.411189  0.340803  0.166734  0.308668  0.489260  0.261593  0.278724  0.185579  0.243442  0.189020  0.271043  0.230007  0.271720  0.529282  0.313327  0.102699  0.207964  0.261349  0.274370  0.337046  0.183173  0.123345  0.320741  0.234335  0.456480  0.210976  0.248983  0.347685  0.281089  0.281293  0.145755  0.346879  0.352208 
13  0.180473  0.288980  0.485856  0.166590  0.330061  0.276727  0.320717  0.216743  0.123233  0.404109  0.259423  0.270736  0.179984 0.0  0.233471  0.412633  0.799379  0.448675  0.106225  0.339687  0.515091  0.106380  0.255658  0.301321  0.776132  0.161917  0.164719  0.238602  0.349745  0.132104  0.161816  0.409328  0.214991  0.134173  0.123409  0.435665  0.144669  0.215926  0.270959  0.313734  0.480663  0.420686  0.279834  0.111264  0.211383  0.436527  0.123663  0.320127  0.150873  0.361397  0.093523  0.511655  0.156903  0.108164  0.474159  0.177476  0.176085  0.161753  0.420553  0.430166 
14  0.238703  0.254362  0.420569  0.087765  0.164851  0.164914  0.244027  0.087765  0.126796  0.281419  0.243178  0.265742  0.220016  0.233471 0.0  0.399685  0.717135  0.353038  0.211783  0.214504  0.487331  0.327032  0.087765  0.168879  0.648614  0.293862  0.235422  0.291636  0.349847  0.087765  0.142715  0.300174  0.220597  0.089911  0.139979  0.269669  0.176897  0.309778  0.298534  0.380927  0.347252  0.459009  0.247342  0.143090  0.215902  0.276395  0.195854  0.260080  0.210334  0.305560  0.158124  0.539422  0.087765  0.172816  0.293745  0.270803  0.113940  0.331563  0.218505  0.322985 
15  0.545237  0.312180  0.215219  0.330263  0.375631  0.432559  0.215816  0.430542  0.493055  0.311766  0.548584  0.198445  0.481587  0.412633  0.399685 0.0  0.501441  0.198540  0.464598  0.497344  0.103369  0.602025  0.357597  0.251946  0.315743  0.483661  0.523074  0.569312  0.087765  0.491498  0.365747  0.248323  0.565821  0.474354  0.495619  0.315830  0.559778  0.655745  0.549540  0.434902  0.192019  0.382724  0.342441  0.462831  0.497999  0.199853  0.552311  0.431325  0.377571  0.175274  0.513413  0.096870  0.532090  0.438885  0.259136  0.331785  0.541878  0.494701  0.251588  0.332618 
16  0.846336  0.613547  0.400626  0.807086  0.842744  0.621506  0.594709  0.741530  0.855089  0.555826  0.794619  0.557741  0.859094  0.799379  0.717135  0.501441 0.0  0.480930  0.832639  0.881469  0.465613  0.889848  0.819798  0.648824  0.128486  0.888595  1.000000  0.878049  0.566875  0.957735  0.781949  0.542212  0.813213  0.765720  0.812310  0.552407  0.852750  0.906629  0.880281  0.719617  0.475134  0.688423  0.641933  0.959400  0.935996  0.508603  0.830938  0.848906  0.685281  0.488370  0.804020  0.506708  0.807879  0.889432  0.522489  0.728206  0.826308  0.784748  0.597603  0.501764 
17  0.371035  0.301546  0.157686  0.373511  0.376352  0.239188  0.253550  0.456007  0.444941  0.132403  0.495709  0.173801  0.377299  0.448675  0.353038  0.198540  0.480930 0.0  0.417651  0.560419  0.264709  0.456266  0.476339  0.108508  0.504333  0.428441  0.484902  0.507238  0.105971  0.414302  0.377670  0.157190  0.525953  0.306309  0.387248  0.165421  0.360181  0.451650  0.540241  0.342598  0.280988  0.451390  0.330281  0.441003  0.554275  0.095790  0.493302  0.289458  0.294179  0.087765  0.495936  0.114122  0.426268  0.337862  0.125847  0.297954  0.393286  0.380475  0.263812  0.173361 
18  0.175976  0.218232  0.503108  0.087765  0.288243  0.237003  0.506443  0.180389  0.233087  0.414678  0.133519  0.405830  0.164292  0.106225  0.211783  0.464598  0.832639  0.417651 0.0  0.317298  0.499150  0.127547  0.184784  0.246460  0.805362  0.105424  0.212143  0.211716  0.331198  0.234718  0.320801  0.520046  0.153319  0.189867  0.087765  0.409592  0.176836  0.164279  0.422669  0.501941  0.417342  0.504620  0.313793  0.190792  0.087765  0.356590  0.093865  0.144373  0.264987  0.452364  0.096112  0.486007  0.161849  0.087765  0.409222  0.334118  0.087765  0.190364  0.194987  0.356799 
19  0.254915  0.410509  0.606620  0.263596  0.187411  0.308841  0.444611  0.361719  0.260235  0.214761  0.176928  0.437416  0.187341  0.339687  0.214504  0.497344  0.881469  0.560419  0.317298 0.0  0.497230  0.294925  0.247703  0.306331  0.777476  0.331156  0.399749  0.418332  0.370710  0.235911  0.484970  0.437673  0.317498  0.326997  0.298161  0.322934  0.270220  0.289024  0.120595  0.280361  0.498084  0.155403  0.163958  0.145306  0.285301  0.437789  0.324719  0.289819  0.264358  0.394179  0.265613  0.501124  0.326468  0.344884  0.353857  0.264602  0.394101  0.332385  0.402497  0.356291 
20  0.564861  0.372464  0.096407  0.472014  0.396212  0.415722  0.344999  0.431906  0.514917  0.400908  0.538137  0.268485  0.488797  0.515091  0.487331  0.103369  0.465613  0.264709  0.499150  0.497230 0.0  0.548510  0.512825  0.330211  0.296534  0.538067  0.535678  0.580397  0.342577  0.458707  0.472002  0.259617  0.552570  0.409419  0.451150  0.179722  0.573433  0.564909  0.596715  0.481039  0.187352  0.572854  0.303187  0.448523  0.477130  0.107740  0.546440  0.536432  0.303575  0.308623  0.457923  0.216984  0.382995  0.552864  0.321792  0.474190  0.527429  0.608038  0.353122  0.222546 
21  0.300050  0.259846  0.428151  0.148323  0.210681  0.237376  0.409531  0.176365  0.134729  0.377787  0.202410  0.316475  0.154025  0.106380  0.327032  0.602025  0.889848  0.456266  0.127547  0.294925  0.548510 0.0  0.129958  0.268135  0.914400  0.154583  0.231178  0.290110  0.424842  0.122985  0.344575  0.493874  0.142039  0.198008  0.183223  0.382518  0.139954  0.185566  0.294547  0.441888  0.613147  0.405897  0.256124  0.227827  0.127372  0.323975  0.215897  0.150632  0.175686  0.323221  0.202676  0.461355  0.208098  0.219217  0.333867  0.206836  0.112546  0.087765  0.300851  0.357170 
22  0.243066  0.219944  0.416274  0.216702  0.179576  0.226908  0.346980  0.152182  0.146373  0.314362  0.197933  0.304412  0.163782  0.255658  0.087765  0.357597  0.819798  0.476339  0.184784  0.247703  0.512825  0.129958 0.0  0.330943  0.765901  0.210966  0.265048  0.335936  0.487966  0.219958  0.215923  0.421087  0.238236  0.361039  0.141216  0.391791  0.109910  0.178686  0.196961  0.236396  0.384952  0.303957  0.167908  0.214811  0.371957  0.436557  0.358944  0.087765  0.123198  0.245423  0.304621  0.532560  0.240950  0.216508  0.407115  0.210671  0.245990  0.134597  0.163946  0.241890 
23  0.291044  0.144475  0.233089  0.126191  0.327139  0.087765  0.235912  0.263961  0.270710  0.217292  0.341362  0.087765  0.257435  0.301321  0.168879  0.251946  0.648824  0.108508  0.246460  0.306331  0.330211  0.268135  0.330943 0.0  0.553153  0.302396  0.375626  0.296489  0.149525  0.343415  0.248665  0.259184  0.340558  0.220829  0.181232  0.216917  0.355712  0.289561  0.312234  0.240166  0.305629  0.366427  0.106692  0.293384  0.270449  0.175755  0.455428  0.270822  0.146651  0.087765  0.371469  0.317315  0.308229  0.333046  0.209122  0.185426  0.455872  0.316980  0.087765  0.313890 
24  0.812126  0.678488  0.503663  0.854094  0.734303  0.632324  0.647855  0.789688  0.776510  0.487163  0.650623  0.579350  0.748488  0.776132  0.648614  0.315743  0.128486  0.504333  0.805362  0.777476  0.296534  0.914400  0.765901  0.553153 0.0  0.844540  0.837285  0.997071  0.499441  0.722572  0.624415  0.559671  0.789995  0.704955  0.654206  0.488687  0.718313  0.815824  0.808466  0.767493  0.459850  0.751910  0.661471  0.822659  0.842037  0.480036  0.838493  0.770704  0.716532  0.463630  0.863310  0.348501  0.727808  0.800676  0.500172  0.647195  0.869618  0.844460  0.533653  0.488316 
25  0.117969  0.304231  0.397642  0.200339  0.244823  0.247153  0.367194  0.131800  0.108234  0.386435  0.340065  0.406597  0.320039  0.161917  0.293862  0.483661  0.888595  0.428441  0.105424  0.331156  0.538067  0.154583  0.210966  0.302396  0.844540 0.0  0.210078  0.241670  0.386880  0.133976  0.218131  0.516722  0.194747  0.295046  0.198506  0.364246  0.236820  0.206950  0.375618  0.497489  0.536062  0.456322  0.383958  0.131586  0.230323  0.374562  0.163808  0.306179  0.226141  0.370154  0.087765  0.527265  0.122399  0.108104  0.491426  0.327334  0.235087  0.127272  0.242502  0.563866 
26  0.169750  0.354963  0.556790  0.241391  0.257640  0.305685  0.440378  0.297624  0.144639  0.539484  0.338844  0.364943  0.380534  0.164719  0.235422  0.523074  1.000000  0.484902  0.212143  0.399749  0.535678  0.231178  0.265048  0.375626  0.837285  0.210078 0.0  0.132630  0.500067  0.228818  0.204728  0.431310  0.153745  0.219174  0.261457  0.373446  0.283259  0.087765  0.317495  0.505722  0.476472  0.556396  0.415944  0.168916  0.093653  0.424667  0.097024  0.342247  0.306340  0.335040  0.201546  0.560401  0.212635  0.100844  0.511097  0.235873  0.169714  0.211896  0.338549  0.543909 
27  0.240499  0.289211  0.639023  0.280415  0.378531  0.260418  0.442292  0.204902  0.210477  0.533012  0.481745  0.412700  0.411189  0.238602  0.291636  0.569312  0.878049  0.507238  0.211716  0.418332  0.580397  0.290110  0.335936  0.296489  0.997071  0.241670  0.132630 0.0  0.496888  0.319163  0.406760  0.427727  0.226395  0.131939  0.321131  0.533481  0.178679  0.137871  0.429597  0.566976  0.551756  0.606048  0.412084  0.191833  0.161033  0.485652  0.245572  0.385573  0.329163  0.489004  0.210662  0.695278  0.306473  0.277298  0.570274  0.388480  0.191222  0.300058  0.401213  0.478514 
28  0.322008  0.253774  0.270139  0.366815  0.412982  0.329303  0.181768  0.367503  0.386970  0.087765  0.360408  0.249785  0.340803  0.349745  0.349847  0.087765  0.566875  0.105971  0.331198  0.370710  0.342577  0.424842  0.487966  0.149525  0.499441  0.386880  0.500067  0.496888 0.0  0.411385  0.395716  0.163293  0.420988  0.332116  0.237672  0.088818  0.480693  0.515218  0.394943  0.323846  0.235809  0.444352  0.332744  0.271691  0.390154  0.202603  0.485719  0.355711  0.235278  0.137940  0.406600  0.252009  0.316414  0.440914  0.139532  0.375257  0.507605  0.337636  0.095722  0.155091 
29  0.157654  0.259868  0.361035  0.125857  0.216473  0.166164  0.227415  0.087765  0.095994  0.334343  0.212740  0.346771  0.166734  0.132104  0.087765  0.491498  0.957735  0.414302  0.234718  0.235911  0.458707  0.122985  0.219958  0.343415  0.722572  0.133976  0.228818  0.319163  0.411385 0.0  0.185068  0.472808  0.163481  0.237485  0.087765  0.404757  0.132429  0.226828  0.145241  0.395378  0.491067  0.347198  0.362274  0.104401  0.154492  0.337370  0.181130  0.132744  0.298383  0.330126  0.119074  0.597897  0.231202  0.187950  0.439725  0.211582  0.174133  0.159929  0.241239  0.415445 
30  0.114624  0.238600  0.401520  0.113027  0.380368  0.253148  0.204279  0.183519  0.140524  0.359710  0.274257  0.297275  0.308668  0.161816  0.142715  0.365747  0.781949  0.377670  0.320801  0.484970  0.472002  0.344575  0.215923  0.248665  0.624415  0.218131  0.204728  0.406760  0.395716  0.185068 0.0  0.324704  0.391996  0.228292  0.318022  0.206179  0.293503  0.235829  0.458810  0.348711  0.340491  0.484922  0.376300  0.204005  0.285385  0.264692  0.285123  0.235226  0.298520  0.317390  0.273000  0.489455  0.153297  0.167724  0.298787  0.387107  0.292967  0.289466  0.281118  0.467890 
31  0.352971  0.228096  0.159306  0.427442  0.561748  0.268852  0.126112  0.279574  0.408860  0.234949  0.464488  0.109142  0.489260  0.409328  0.300174  0.248323  0.542212  0.157190  0.520046  0.437673  0.259617  0.493874  0.421087  0.259184  0.559671  0.516722  0.431310  0.427727  0.163293  0.472808  0.324704 0.0  0.475472  0.318937  0.405368  0.120470  0.554698  0.470184  0.421317  0.444690  0.112029  0.526943  0.359113  0.393081  0.365306  0.162331  0.474201  0.300920  0.284790  0.257415  0.485667  0.301485  0.395911  0.339614  0.286838  0.412773  0.495062  0.509526  0.218617  0.312607 
32  0.226195  0.188612  0.615907  0.208856  0.223295  0.263746  0.520785  0.323995  0.134862  0.349661  0.185114  0.339901  0.261593  0.214991  0.220597  0.565821  0.813213  0.525953  0.153319  0.317498  0.552570  0.142039  0.238236  0.340558  0.789995  0.194747  0.153745  0.226395  0.420988  0.163481  0.391996  0.475472 0.0  0.233849  0.176164  0.419722  0.087765  0.252119  0.343152  0.371242  0.527797  0.450443  0.288775  0.087765  0.183587  0.387834  0.159156  0.203300  0.207516  0.398826  0.163494  0.567862  0.087765  0.224839  0.463581  0.317850  0.155304  0.136624  0.310885  0.414749 
33  0.120546  0.177456  0.433052  0.087765  0.208350  0.125160  0.302979  0.144788  0.211079  0.198475  0.409244  0.231023  0.278724  0.134173  0.089911  0.474354  0.765720  0.306309  0.189867  0.326997  0.409419  0.198008  0.361039  0.220829  0.704955  0.295046  0.219174  0.131939  0.332116  0.237485  0.228292  0.318937  0.233849 0.0  0.257380  0.386196  0.199280  0.162985  0.392942  0.507560  0.330408  0.347460  0.333770  0.194734  0.259327  0.316571  0.212688  0.106787  0.303215  0.296568  0.325310  0.422793  0.126206  0.204918  0.255625  0.242028  0.175178  0.192594  0.259405  0.511844 
34  0.160010  0.262599  0.403809  0.087765  0.239398  0.264377  0.387481  0.176594  0.122358  0.377517  0.138481  0.306791  0.185579  0.123409  0.139979  0.495619  0.812310  0.387248  0.087765  0.298161  0.451150  0.183223  0.141216  0.181232  0.654206  0.198506  0.261457  0.321131  0.237672  0.087765  0.318022  0.405368  0.176164  0.257380 0.0  0.330877  0.239725  0.157338  0.293876  0.392436  0.449569  0.368598  0.234180  0.143579  0.178546  0.341967  0.201281  0.270435  0.276467  0.309791  0.183400  0.375425  0.087765  0.149903  0.287719  0.261758  0.210677  0.148706  0.270400  0.443661 
35  0.401457  0.205042  0.233158  0.407002  0.452413  0.281633  0.298405  0.268100  0.444981  0.125410  0.362717  0.168759  0.243442  0.435665  0.269669  0.315830  0.552407  0.165421  0.409592  0.322934  0.179722  0.382518  0.391791  0.216917  0.488687  0.364246  0.373446  0.533481  0.088818  0.404757  0.206179  0.120470  0.419722  0.386196  0.330877 0.0  0.347884  0.458002  0.382191  0.205997  0.112461  0.345553  0.310206  0.390397  0.465533  0.179178  0.467596  0.300685  0.127347  0.119666  0.305121  0.256966  0.321715  0.361259  0.087765  0.237838  0.370101  0.432344  0.150081  0.141964 
36  0.139035  0.339681  0.517681  0.195512  0.185447  0.159245  0.384195  0.325646  0.087765  0.445986  0.203935  0.418452  0.189020  0.144669  0.176897  0.559778  0.852750  0.360181  0.176836  0.270220  0.573433  0.139954  0.109910  0.355712  0.718313  0.236820  0.283259  0.178679  0.480693  0.132429  0.293503  0.554698  0.087765  0.199280  0.239725  0.347884 0.0  0.229484  0.244609  0.373217  0.538104  0.463048  0.308490  0.087765  0.181101  0.344499  0.170032  0.181096  0.340033  0.438930  0.100140  0.576610  0.162937  0.250473  0.398943  0.290940  0.259173  0.087765  0.308089  0.288653 
37  0.139673  0.211039  0.546676  0.257435  0.211150  0.256431  0.320317  0.327780  0.208736  0.412652  0.342480  0.415669  0.271043  0.215926  0.309778  0.655745  0.906629  0.451650  0.164279  0.289024  0.564909  0.185566  0.178686  0.289561  0.815824  0.206950  0.087765  0.137871  0.515218  0.226828  0.235829  0.470184  0.252119  0.162985  0.157338  0.458002  0.229484 0.0  0.400482  0.477138  0.432294  0.631973  0.437623  0.255225  0.131527  0.328534  0.087765  0.228002  0.345094  0.382786  0.101391  0.615585  0.169482  0.088342  0.420587  0.451611  0.088884  0.239723  0.332480  0.504608 
38  0.262628  0.391929  0.539029  0.287638  0.269894  0.359925  0.381235  0.417965  0.273392  0.402956  0.141794  0.469468  0.230007  0.270959  0.298534  0.549540  0.880281  0.540241  0.422669  0.120595  0.596715  0.294547  0.196961  0.312234  0.808466  0.375618  0.317495  0.429597  0.394943  0.145241  0.458810  0.421317  0.343152  0.392942  0.293876  0.382191  0.244609  0.400482 0.0  0.163400  0.573013  0.199557  0.270649  0.222167  0.284692  0.461940  0.376432  0.219172  0.250190  0.371557  0.348289  0.457585  0.306088  0.264847  0.433658  0.245412  0.268016  0.277542  0.263413  0.363491 
39  0.401594  0.307634  0.282476  0.360622  0.280156  0.300440  0.495979  0.318480  0.361284  0.213211  0.210239  0.360115  0.271720  0.313734  0.380927  0.434902  0.719617  0.342598  0.501941  0.280361  0.481039  0.441888  0.236396  0.240166  0.767493  0.497489  0.505722  0.566976  0.323846  0.395378  0.348711  0.444690  0.371242  0.507560  0.392436  0.205997  0.373217  0.477138  0.163400 0.0  0.416223  0.191437  0.139986  0.365379  0.403302  0.392066  0.512988  0.175084  0.353535  0.327581  0.406523  0.333957  0.468138  0.396593  0.193416  0.251563  0.397265  0.334307  0.394406  0.239093 
40  0.345608  0.289197  0.204745  0.387119  0.474649  0.329614  0.102417  0.275495  0.471117  0.325869  0.523042  0.198722  0.529282  0.480663  0.347252  0.192019  0.475134  0.280988  0.417342  0.498084  0.187352  0.613147  0.384952  0.305629  0.459850  0.536062  0.476472  0.551756  0.235809  0.491067  0.340491  0.112029  0.527797  0.330408  0.449569  0.112461  0.538104  0.432294  0.573013  0.416223 0.0  0.565298  0.349623  0.357876  0.563332  0.270234  0.511789  0.384526  0.374142  0.189839  0.535451  0.303647  0.386002  0.488475  0.174987  0.382491  0.446125  0.418027  0.308244  0.313798 
41  0.574453  0.441541  0.539535  0.522899  0.281833  0.345723  0.460024  0.443246  0.513202  0.284648  0.360603  0.343631  0.313327  0.420686  0.459009  0.382724  0.688423  0.451390  0.504620  0.155403  0.572854  0.405897  0.303957  0.366427  0.751910  0.456322  0.556396  0.606048  0.444352  0.347198  0.484922  0.526943  0.450443  0.347460  0.368598  0.345553  0.463048  0.631973  0.199557  0.191437  0.565298 0.0  0.390366  0.463142  0.505710  0.384925  0.467012  0.278967  0.354192  0.324116  0.520766  0.344157  0.391493  0.571229  0.412475  0.339706  0.514395  0.496759  0.337011  0.326646 
42  0.143576  0.214707  0.396285  0.238361  0.265346  0.192564  0.342227  0.216213  0.385245  0.193687  0.262939  0.319561  0.102699  0.279834  0.247342  0.342441  0.641933  0.330281  0.313793  0.163958  0.303187  0.256124  0.167908  0.106692  0.661471  0.383958  0.415944  0.412084  0.332744  0.362274  0.376300  0.359113  0.288775  0.333770  0.234180  0.310206  0.308490  0.437623  0.270649  0.139986  0.349623  0.390366 0.0  0.234435  0.267811  0.247188  0.329684  0.132267  0.153019  0.268147  0.251665  0.344007  0.338074  0.276738  0.294777  0.212881  0.311851  0.169817  0.208164  0.311774 
43  0.163004  0.220031  0.348649  0.087765  0.297010  0.118963  0.320807  0.087765  0.160761  0.358992  0.337277  0.341032  0.207964  0.111264  0.143090  0.462831  0.959400  0.441003  0.190792  0.145306  0.448523  0.227827  0.214811  0.293384  0.822659  0.131586  0.168916  0.191833  0.271691  0.104401  0.204005  0.393081  0.087765  0.194734  0.143579  0.390397  0.087765  0.255225  0.222167  0.365379  0.357876  0.463142  0.234435 0.0  0.102630  0.408973  0.135793  0.145039  0.276112  0.266686  0.087765  0.426377  0.137296  0.128418  0.309388  0.327918  0.089159  0.216195  0.167495  0.379340 
44  0.147994  0.358992  0.494808  0.219678  0.256172  0.271724  0.475613  0.215930  0.203127  0.325308  0.415937  0.460837  0.261349  0.211383  0.215902  0.497999  0.935996  0.554275  0.087765  0.285301  0.477130  0.127372  0.371957  0.270449  0.842037  0.230323  0.093653  0.161033  0.390154  0.154492  0.285385  0.365306  0.183587  0.259327  0.178546  0.465533  0.181101  0.131527  0.284692  0.403302  0.563332  0.505710  0.267811  0.102630 0.0  0.408390  0.105558  0.244992  0.315433  0.421153  0.178321  0.620087  0.126956  0.178307  0.492504  0.241614  0.087765  0.171853  0.313824  0.556864 
45  0.375763  0.087765  0.318961  0.378363  0.265714  0.231602  0.190373  0.245448  0.359993  0.143956  0.411057  0.101403  0.274370  0.436527  0.276395  0.199853  0.508603  0.095790  0.356590  0.437789  0.107740  0.323975  0.436557  0.175755  0.480036  0.374562  0.424667  0.485652  0.202603  0.337370  0.264692  0.162331  0.387834  0.316571  0.341967  0.179178  0.344499  0.328534  0.461940  0.392066  0.270234  0.384925  0.247188  0.408973  0.408390 0.0  0.356654  0.245072  0.254342  0.140155  0.363181  0.271610  0.316983  0.352764  0.103486  0.316322  0.390803  0.367522  0.230626  0.196403 
46  0.179290  0.201421  0.489537  0.140176  0.361393  0.331593  0.372825  0.216834  0.152786  0.378231  0.280460  0.442541  0.337046  0.123663  0.195854  0.552311  0.830938  0.493302  0.093865  0.324719  0.546440  0.215897  0.358944  0.455428  0.838493  0.163808  0.097024  0.245572  0.485719  0.181130  0.285123  0.474201  0.159156  0.212688  0.201281  0.467596  0.170032  0.087765  0.376432  0.512988  0.511789  0.467012  0.329684  0.135793  0.105558  0.356654 0.0  0.280326  0.338181  0.396899  0.090903  0.607804  0.222907  0.216517  0.470462  0.291642  0.102355  0.220722  0.420468  0.465257 
47  0.226862  0.232565  0.449045  0.191825  0.146858  0.110323  0.297555  0.216799  0.087765  0.208042  0.231489  0.279793  0.183173  0.320127  0.260080  0.431325  0.848906  0.289458  0.144373  0.289819  0.536432  0.150632  0.087765  0.270822  0.770704  0.306179  0.342247  0.385573  0.355711  0.132744  0.235226  0.300920  0.203300  0.106787  0.270435  0.300685  0.181096  0.228002  0.219172  0.175084  0.384526  0.278967  0.132267  0.145039  0.244992  0.245072  0.280326 0.0  0.256309  0.252191  0.195776  0.517071  0.148686  0.246382  0.303649  0.193048  0.274557  0.276205  0.235358  0.347097 
48  0.240274  0.305925  0.338720  0.222338  0.203372  0.129618  0.354804  0.254160  0.222173  0.220344  0.230614  0.261477  0.123345  0.150873  0.210334  0.377571  0.685281  0.294179  0.264987  0.264358  0.303575  0.175686  0.123198  0.146651  0.716532  0.226141  0.306340  0.329163  0.235278  0.298383  0.298520  0.284790  0.207516  0.303215  0.276467  0.127347  0.340033  0.345094  0.250190  0.353535  0.374142  0.354192  0.153019  0.276112  0.315433  0.254342  0.338181  0.256309 0.0  0.223768  0.254483  0.352428  0.139282  0.278165  0.221916  0.126535  0.225122  0.235495  0.100560  0.184903 
49  0.374485  0.269187  0.236731  0.386632  0.287384  0.304877  0.226684  0.310567  0.395244  0.214615  0.290938  0.185309  0.320741  0.361397  0.305560  0.175274  0.488370  0.087765  0.452364  0.394179  0.308623  0.323221  0.245423  0.087765  0.463630  0.370154  0.335040  0.489004  0.137940  0.330126  0.317390  0.257415  0.398826  0.296568  0.309791  0.119666  0.438930  0.382786  0.371557  0.327581  0.189839  0.324116  0.268147  0.266686  0.421153  0.140155  0.396899  0.252191  0.223768 0.0  0.398071  0.181295  0.274984  0.388533  0.129516  0.179404  0.409090  0.381684  0.228306  0.132817 
50  0.138484  0.255266  0.512073  0.140560  0.285098  0.230306  0.462485  0.142579  0.087765  0.355016  0.231460  0.414566  0.234335  0.093523  0.158124  0.513413  0.804020  0.495936  0.096112  0.265613  0.457923  0.202676  0.304621  0.371469  0.863310  0.087765  0.201546  0.210662  0.406600  0.119074  0.273000  0.485667  0.163494  0.325310  0.183400  0.305121  0.100140  0.101391  0.348289  0.406523  0.535451  0.520766  0.251665  0.087765  0.178321  0.363181  0.090903  0.195776  0.254483  0.398071 0.0  0.548699  0.092466  0.098125  0.435350  0.311432  0.087765  0.176821  0.229086  0.520004 
51  0.487290  0.287692  0.113710  0.583694  0.541145  0.438253  0.320651  0.493513  0.571645  0.306347  0.470372  0.317675  0.456480  0.511655  0.539422  0.096870  0.506708  0.114122  0.486007  0.501124  0.216984  0.461355  0.532560  0.317315  0.348501  0.527265  0.560401  0.695278  0.252009  0.597897  0.489455  0.301485  0.567862  0.422793  0.375425  0.256966  0.576610  0.615585  0.457585  0.333957  0.303647  0.344157  0.344007  0.426377  0.620087  0.271610  0.607804  0.517071  0.352428  0.181295  0.548699 0.0  0.498349  0.598218  0.252509  0.392042  0.595276  0.538809  0.219981  0.227134 
52  0.165975  0.264126  0.445487  0.100402  0.220178  0.144408  0.315080  0.108467  0.096411  0.231440  0.269132  0.233189  0.210976  0.156903  0.087765  0.532090  0.807879  0.426268  0.161849  0.326468  0.382995  0.208098  0.240950  0.308229  0.727808  0.122399  0.212635  0.306473  0.316414  0.231202  0.153297  0.395911  0.087765  0.126206  0.087765  0.321715  0.162937  0.169482  0.306088  0.468138  0.386002  0.391493  0.338074  0.137296  0.126956  0.316983  0.222907  0.148686  0.139282  0.274984  0.092466  0.498349 0.0  0.233850  0.348974  0.313256  0.130325  0.138891  0.297129  0.338465 
53  0.090383  0.297384  0.468483  0.238446  0.235034  0.265991  0.330356  0.152169  0.140945  0.333269  0.352519  0.435481  0.248983  0.108164  0.172816  0.438885  0.889432  0.337862  0.087765  0.344884  0.552864  0.219217  0.216508  0.333046  0.800676  0.108104  0.100844  0.277298  0.440914  0.187950  0.167724  0.339614  0.224839  0.204918  0.149903  0.361259  0.250473  0.088342  0.264847  0.396593  0.488475  0.571229  0.276738  0.128418  0.178307  0.352764  0.216517  0.246382  0.278165  0.388533  0.098125  0.598218  0.233850 0.0  0.340721  0.291710  0.244177  0.253879  0.211569  0.434302 
54  0.334112  0.177225  0.264270  0.401806  0.419254  0.259353  0.388601  0.261545  0.303695  0.177173  0.357513  0.233059  0.347685  0.474159  0.293745  0.259136  0.522489  0.125847  0.409222  0.353857  0.321792  0.333867  0.407115  0.209122  0.500172  0.491426  0.511097  0.570274  0.139532  0.439725  0.298787  0.286838  0.463581  0.255625  0.287719  0.087765  0.398943  0.420587  0.433658  0.193416  0.174987  0.412475  0.294777  0.309388  0.492504  0.103486  0.470462  0.303649  0.221916  0.129516  0.435350  0.252509  0.348974  0.340721 0.0  0.272494  0.404949  0.322066  0.225342  0.156176 
55  0.213194  0.211454  0.360030  0.240721  0.183691  0.167992  0.263728  0.276967  0.299252  0.205709  0.136982  0.233706  0.281089  0.177476  0.270803  0.331785  0.728206  0.297954  0.334118  0.264602  0.474190  0.206836  0.210671  0.185426  0.647195  0.327334  0.235873  0.388480  0.375257  0.211582  0.387107  0.412773  0.317850  0.242028  0.261758  0.237838  0.290940  0.451611  0.245412  0.251563  0.382491  0.339706  0.212881  0.327918  0.241614  0.316322  0.291642  0.193048  0.126535  0.179404  0.311432  0.392042  0.313256  0.291710  0.272494 0.0  0.284775  0.330713  0.259227  0.297897 
56  0.147580  0.280024  0.535374  0.202132  0.351667  0.225671  0.396155  0.245800  0.171617  0.332715  0.230290  0.372786  0.281293  0.176085  0.113940  0.541878  0.826308  0.393286  0.087765  0.394101  0.527429  0.112546  0.245990  0.455872  0.869618  0.235087  0.169714  0.191222  0.507605  0.174133  0.292967  0.495062  0.155304  0.175178  0.210677  0.370101  0.259173  0.088884  0.268016  0.397265  0.446125  0.514395  0.311851  0.089159  0.087765  0.390803  0.102355  0.274557  0.225122  0.409090  0.087765  0.595276  0.130325  0.244177  0.404949  0.284775 0.0  0.158877  0.340139  0.393404 
57  0.141217  0.314673  0.421746  0.271381  0.267792  0.194584  0.376455  0.280729  0.163610  0.278993  0.190491  0.385216  0.145755  0.161753  0.331563  0.494701  0.784748  0.380475  0.190364  0.332385  0.608038  0.087765  0.134597  0.316980  0.844460  0.127272  0.211896  0.300058  0.337636  0.159929  0.289466  0.509526  0.136624  0.192594  0.148706  0.432344  0.087765  0.239723  0.277542  0.334307  0.418027  0.496759  0.169817  0.216195  0.171853  0.367522  0.220722  0.276205  0.235495  0.381684  0.176821  0.538809  0.138891  0.253879  0.322066  0.330713  0.158877 0.0  0.311241  0.441898 
58  0.261003  0.087765  0.285808  0.287680  0.175508  0.087765  0.249155  0.199533  0.289959  0.294248  0.287433  0.087765  0.346879  0.420553  0.218505  0.251588  0.597603  0.263812  0.194987  0.402497  0.353122  0.300851  0.163946  0.087765  0.533653  0.242502  0.338549  0.401213  0.095722  0.241239  0.281118  0.218617  0.310885  0.259405  0.270400  0.150081  0.308089  0.332480  0.263413  0.394406  0.308244  0.337011  0.208164  0.167495  0.313824  0.230626  0.420468  0.235358  0.100560  0.228306  0.229086  0.219981  0.297129  0.211569  0.225342  0.259227  0.340139  0.311241 0.0  0.163476 
59  0.424378  0.255817  0.204641  0.399168  0.446230  0.393012  0.247471  0.393646  0.323287  0.243598  0.432530  0.331333  0.352208  0.430166  0.322985  0.332618  0.501764  0.173361  0.356799  0.356291  0.222546  0.357170  0.241890  0.313890  0.488316  0.563866  0.543909  0.478514  0.155091  0.415445  0.467890  0.312607  0.414749  0.511844  0.443661  0.141964  0.288653  0.504608  0.363491  0.239093  0.313798  0.326646  0.311774  0.379340  0.556864  0.196403  0.465257  0.347097  0.184903  0.132817  0.520004  0.227134  0.338465  0.434302  0.156176  0.297897  0.393404  0.441898  0.163476 0.0 
