60
0 0.0  0.165664  0.513093  0.105790  0.343146  0.193214  0.358278  0.168884  0.086418  0.325216  0.328335  0.303303  0.293419  0.086418  0.090400  0.525667  0.827373  0.420611  0.086418  0.283827  0.553303  0.222996  0.218260  0.273511  0.843324  0.156700  0.086418  0.187537  0.472717  0.112560  0.273211  0.396539  0.192275  0.101703  0.226403  0.431323  0.188540  0.146769  0.379497  0.423618  0.333111  0.489096  0.340376  0.139526  0.097558  0.394727  0.246202  0.281831  0.219477  0.423062  0.142431  0.497806  0.086418  0.254890  0.562640  0.333059  0.124118  0.086418  0.219196  0.404684 
1  0.165664 0.0  0.271241  0.211440  0.258859  0.086418  0.268130  0.296164  0.281858  0.191539  0.333242  0.204876  0.269787  0.368091  0.175176  0.460803  0.726301  0.291029  0.335222  0.355762  0.386123  0.262297  0.310047  0.158563  0.571424  0.283490  0.376742  0.382832  0.209098  0.322016  0.190490  0.275466  0.267622  0.185503  0.159230  0.238367  0.291263  0.337889  0.294789  0.325274  0.223119  0.469305  0.225257  0.253752  0.342108  0.240149  0.287900  0.297904  0.193871  0.233984  0.329658  0.304081  0.133085  0.378641  0.163726  0.224199  0.335540  0.358700  0.086418  0.305608 
2  0.513093  0.271241 0.0  0.460762  0.523195  0.311506  0.245050  0.241135  0.427489  0.271051  0.520493  0.153667  0.480659  0.474784  0.333427  0.117759  0.383360  0.120206  0.449980  0.564098  0.135718  0.464845  0.549603  0.175629  0.446060  0.418745  0.510920  0.590958  0.242538  0.415155  0.320383  0.107477  0.467521  0.484954  0.431112  0.283991  0.608621  0.433588  0.487375  0.499860  0.086684  0.434194  0.359830  0.419015  0.584362  0.257645  0.520492  0.372317  0.341268  0.274138  0.440759  0.086418  0.629823  0.461924  0.136257  0.375814  0.419745  0.491188  0.336665  0.211649 
3  0.105790  0.211440  0.460762 0.0  0.129320  0.146064  0.337823  0.194346  0.162095  0.324465  0.304195  0.350133  0.202319  0.134629  0.126279  0.526421  0.759613  0.355198  0.114376  0.266052  0.512199  0.114512  0.276273  0.187319  0.790251  0.185489  0.143359  0.231022  0.290857  0.111517  0.283947  0.436698  0.173145  0.173803  0.129848  0.361524  0.199058  0.190757  0.347294  0.417060  0.385652  0.420539  0.121739  0.143092  0.299721  0.249546  0.248751  0.195484  0.133954  0.289382  0.150363  0.453231  0.086418  0.236471  0.366592  0.253551  0.116902  0.207053  0.324755  0.294149 
4  0.343146  0.258859  0.523195  0.129320 0.0  0.233610  0.350722  0.291115  0.182846  0.257206  0.086418  0.323981  0.086418  0.237635  0.164126  0.463713  0.808575  0.359349  0.359300  0.142112  0.579389  0.187125  0.109725  0.288439  0.821012  0.286897  0.393810  0.440751  0.333699  0.158759  0.388850  0.468475  0.262379  0.282269  0.190766  0.430979  0.198709  0.327555  0.318188  0.312273  0.239437  0.424805  0.200694  0.220076  0.195161  0.375696  0.260465  0.086418  0.256083  0.354681  0.319000  0.504078  0.277577  0.342169  0.357036  0.163936  0.239232  0.106412  0.278555  0.338782 
5  0.193214  0.086418  0.311506  0.146064  0.233610 0.0  0.235307  0.103818  0.127625  0.206061  0.210244  0.227677  0.196400  0.144060  0.086418  0.385400  0.763502  0.351953  0.150781  0.307239  0.449644  0.317576  0.188590  0.157554  0.745381  0.247229  0.208016  0.336547  0.223947  0.167771  0.259027  0.231737  0.262549  0.285159  0.266937  0.320651  0.250822  0.238318  0.248175  0.276639  0.282326  0.370646  0.293787  0.129235  0.240264  0.263239  0.321602  0.165992  0.240770  0.226986  0.260340  0.561728  0.171780  0.300350  0.228290  0.141910  0.253232  0.209291  0.086418  0.294325 
6  0.358278  0.268130  0.245050  0.337823  0.350722  0.235307 0.0  0.155343  0.450401  0.391880  0.440787  0.247003  0.357602  0.379510  0.255062  0.365644  0.574952  0.130375  0.392586  0.422732  0.334211  0.452864  0.446471  0.170902  0.553483  0.263942  0.365720  0.361773  0.389878  0.215617  0.186090  0.193053  0.494114  0.295214  0.295994  0.270288  0.391953  0.384956  0.385297  0.532601  0.193564  0.597558  0.371608  0.359657  0.350400  0.219184  0.318105  0.266733  0.293791  0.292138  0.408293  0.396001  0.173650  0.438024  0.217281  0.255687  0.432874  0.519989  0.207547  0.330828 
7  0.168884  0.296164  0.241135  0.194346  0.291115  0.103818  0.155343 0.0  0.110012  0.259324  0.272829  0.224972  0.313488  0.251408  0.086418  0.390714  0.767328  0.471393  0.086418  0.370596  0.378253  0.245256  0.251347  0.233822  0.845276  0.196323  0.326159  0.322685  0.312263  0.242554  0.178119  0.265985  0.259994  0.086418  0.176570  0.320081  0.201215  0.267694  0.464941  0.354101  0.276914  0.499549  0.189807  0.220147  0.430977  0.279557  0.145745  0.179597  0.184993  0.285713  0.343759  0.493178  0.190557  0.129996  0.269590  0.280874  0.281790  0.279026  0.138655  0.292200 
8  0.086418  0.281858  0.427489  0.162095  0.182846  0.127625  0.450401  0.110012 0.0  0.363810  0.279522  0.267522  0.221848  0.128679  0.231175  0.552948  0.898891  0.438994  0.086418  0.248294  0.522125  0.138679  0.120593  0.225743  0.750381  0.129238  0.086418  0.240002  0.386799  0.157649  0.210842  0.410952  0.086418  0.225475  0.157682  0.290736  0.086418  0.242669  0.302270  0.400012  0.420747  0.500074  0.290950  0.086418  0.209241  0.366734  0.275022  0.136979  0.273519  0.414808  0.154638  0.529506  0.152003  0.188462  0.357031  0.178836  0.140039  0.086418  0.396737  0.328187 
9  0.325216  0.191539  0.271051  0.324465  0.257206  0.206061  0.391880  0.259324  0.363810 0.0  0.317750  0.119476  0.320034  0.391792  0.317127  0.331304  0.574034  0.224450  0.425099  0.379227  0.314894  0.414237  0.268809  0.203886  0.546709  0.416928  0.439227  0.484429  0.134888  0.410143  0.374788  0.278682  0.306896  0.337999  0.379690  0.086418  0.417715  0.390592  0.263556  0.347140  0.199881  0.385291  0.210534  0.410264  0.403356  0.228865  0.454478  0.210483  0.264970  0.169249  0.341946  0.394396  0.395273  0.382251  0.101928  0.130483  0.441785  0.411833  0.144775  0.208089 
10  0.328335  0.333242  0.520493  0.304195  0.086418  0.210244  0.440787  0.272829  0.279522  0.317750 0.0  0.251323  0.086418  0.234165  0.229140  0.554754  0.867659  0.496877  0.254730  0.192894  0.446027  0.221232  0.153110  0.364337  0.841087  0.387349  0.344153  0.426280  0.410777  0.264487  0.435897  0.376936  0.288503  0.253363  0.224645  0.423616  0.310202  0.366248  0.139841  0.250104  0.400710  0.249663  0.196708  0.282242  0.298728  0.388157  0.350435  0.158622  0.105289  0.409101  0.266648  0.516045  0.277181  0.270295  0.252867  0.197601  0.219961  0.242583  0.368864  0.371272 
11  0.303303  0.204876  0.153667  0.350133  0.323981  0.227677  0.247003  0.224972  0.267522  0.119476  0.251323 0.0  0.231184  0.247726  0.187725  0.165230  0.681822  0.220334  0.356675  0.389219  0.369076  0.318883  0.372303  0.086418  0.612212  0.332623  0.489090  0.451280  0.206710  0.372927  0.248512  0.086418  0.386121  0.217512  0.344578  0.099307  0.306794  0.390037  0.407306  0.382471  0.201418  0.450762  0.225889  0.233512  0.400324  0.105021  0.266793  0.184058  0.256618  0.104498  0.393557  0.286052  0.223722  0.346684  0.163913  0.239005  0.445547  0.368313  0.227565  0.172961 
12  0.293419  0.269787  0.480659  0.202319  0.086418  0.196400  0.357602  0.313488  0.221848  0.320034  0.086418  0.231184 0.0  0.243479  0.239111  0.378717  0.812112  0.476483  0.276181  0.179022  0.484939  0.279822  0.145793  0.224721  0.794594  0.337062  0.303776  0.386840  0.420405  0.104444  0.295947  0.436722  0.273690  0.252097  0.292311  0.196760  0.364479  0.378436  0.103411  0.365911  0.495170  0.370866  0.107024  0.186991  0.273418  0.329805  0.318276  0.153457  0.182950  0.343940  0.290895  0.429333  0.167031  0.289285  0.276083  0.131086  0.184421  0.185499  0.209462  0.313170 
13  0.086418  0.368091  0.474784  0.134629  0.237635  0.144060  0.379510  0.251408  0.128679  0.391792  0.234165  0.247726  0.243479 0.0  0.184468  0.533545  0.889718  0.404071  0.111917  0.293073  0.400090  0.116346  0.220340  0.400701  0.718578  0.202283  0.090024  0.281466  0.497364  0.126110  0.197958  0.436970  0.086418  0.207826  0.124835  0.439936  0.103094  0.153791  0.382683  0.444787  0.458989  0.454718  0.350584  0.086418  0.128207  0.294029  0.086418  0.255887  0.332771  0.395044  0.086418  0.626044  0.118282  0.172580  0.452846  0.277407  0.086418  0.141227  0.238154  0.396866 
14  0.090400  0.175176  0.333427  0.126279  0.164126  0.086418  0.255062  0.086418  0.231175  0.317127  0.229140  0.187725  0.239111  0.184468 0.0  0.473862  0.858313  0.429539  0.230624  0.332810  0.440213  0.288555  0.086418  0.117881  0.774598  0.099877  0.213701  0.190826  0.368051  0.222282  0.195807  0.270305  0.268644  0.149995  0.131633  0.267170  0.261411  0.331127  0.316704  0.325812  0.315664  0.480061  0.266805  0.168819  0.256439  0.247266  0.230325  0.213072  0.162057  0.356713  0.284913  0.461189  0.120097  0.196780  0.222246  0.213781  0.355418  0.167385  0.139844  0.365596 
15  0.525667  0.460803  0.117759  0.526421  0.463713  0.385400  0.365644  0.390714  0.552948  0.331304  0.554754  0.165230  0.378717  0.533545  0.473862 0.0  0.495690  0.086418  0.511124  0.460575  0.106616  0.502122  0.555723  0.200545  0.471767  0.524814  0.559846  0.669039  0.205980  0.446979  0.411530  0.220277  0.594762  0.449636  0.412662  0.278279  0.495767  0.495120  0.445780  0.410071  0.204728  0.431783  0.247110  0.527739  0.608407  0.257926  0.663237  0.438430  0.422241  0.209615  0.419172  0.133407  0.516020  0.586826  0.175091  0.346536  0.517427  0.423296  0.415129  0.203906 
16  0.827373  0.726301  0.383360  0.759613  0.808575  0.763502  0.574952  0.767328  0.898891  0.574034  0.867659  0.681822  0.812112  0.889718  0.858313  0.495690 0.0  0.509017  0.909498  0.841639  0.378556  1.000000  0.797745  0.607702  0.225257  0.884711  0.956259  0.839391  0.489724  0.819149  0.745220  0.538475  0.953417  0.764536  0.783332  0.535983  0.956874  0.941961  0.977585  0.825822  0.529052  0.787647  0.818305  0.923162  0.883216  0.438835  0.848648  0.796123  0.724680  0.593461  0.954674  0.437854  0.866555  0.968328  0.644299  0.579516  0.878412  0.939074  0.566102  0.666658 
17  0.420611  0.291029  0.120206  0.355198  0.359349  0.351953  0.130375  0.471393  0.438994  0.224450  0.496877  0.220334  0.476483  0.404071  0.429539  0.086418  0.509017 0.0  0.542520  0.428628  0.086418  0.501520  0.460340  0.194322  0.444581  0.302936  0.533464  0.528064  0.172266  0.398253  0.487730  0.103769  0.495519  0.426273  0.386857  0.120355  0.517014  0.415227  0.515920  0.336596  0.135302  0.484549  0.206503  0.489554  0.613597  0.277320  0.600946  0.417750  0.216680  0.134664  0.531840  0.125709  0.425623  0.336326  0.116915  0.266340  0.485167  0.455097  0.277722  0.189488 
18  0.086418  0.335222  0.449980  0.114376  0.359300  0.150781  0.392586  0.086418  0.086418  0.425099  0.254730  0.356675  0.276181  0.111917  0.230624  0.511124  0.909498  0.542520 0.0  0.388917  0.483335  0.086418  0.323174  0.287051  0.881075  0.126935  0.192938  0.142754  0.477026  0.112554  0.327776  0.426644  0.189529  0.180904  0.086418  0.383499  0.109567  0.173086  0.356756  0.490723  0.481826  0.469131  0.356174  0.207599  0.105540  0.375802  0.156519  0.174906  0.208090  0.386850  0.086418  0.602825  0.086418  0.086418  0.346445  0.140575  0.135104  0.086418  0.370312  0.383892 
19  0.283827  0.355762  0.564098  0.266052  0.142112  0.307239  0.422732  0.370596  0.248294  0.379227  0.192894  0.389219  0.179022  0.293073  0.332810  0.460575  0.841639  0.428628  0.388917 0.0  0.563569  0.133594  0.190008  0.316284  0.733653  0.365493  0.447314  0.392508  0.333590  0.209791  0.264358  0.517982  0.349073  0.373054  0.259224  0.336426  0.251601  0.476956  0.149662  0.231165  0.508638  0.165487  0.335180  0.248097  0.307755  0.370437  0.422046  0.231700  0.212805  0.422906  0.380567  0.543379  0.314350  0.292979  0.477077  0.151266  0.317289  0.267323  0.388440  0.341880 
20  0.553303  0.386123  0.135718  0.512199  0.579389  0.449644  0.334211  0.378253  0.522125  0.314894  0.446027  0.369076  0.484939  0.400090  0.440213  0.106616  0.378556  0.086418  0.483335  0.563569 0.0  0.683776  0.488738  0.254533  0.501942  0.570089  0.611915  0.652224  0.307223  0.448786  0.403378  0.292205  0.636611  0.481646  0.408812  0.294719  0.598629  0.615808  0.637384  0.449623  0.189776  0.557022  0.379175  0.421748  0.555840  0.194169  0.578202  0.309990  0.410781  0.260355  0.582320  0.138574  0.467004  0.455470  0.271215  0.424587  0.574335  0.553588  0.289300  0.390010 
21  0.222996  0.262297  0.464845  0.114512  0.187125  0.317576  0.452864  0.245256  0.138679  0.414237  0.221232  0.318883  0.279822  0.116346  0.288555  0.502122  1.000000  0.501520  0.086418  0.133594  0.683776 0.0  0.108168  0.411647  0.881611  0.275354  0.166953  0.245138  0.463252  0.086418  0.241820  0.410614  0.111975  0.312830  0.211043  0.386418  0.145052  0.259164  0.240540  0.312733  0.504146  0.369020  0.316789  0.222990  0.220255  0.435286  0.150189  0.208641  0.232120  0.381443  0.124045  0.612360  0.191192  0.276464  0.458049  0.196428  0.271716  0.168826  0.338357  0.391997 
22  0.218260  0.310047  0.549603  0.276273  0.109725  0.188590  0.446471  0.251347  0.120593  0.268809  0.153110  0.372303  0.145793  0.220340  0.086418  0.555723  0.797745  0.460340  0.323174  0.190008  0.488738  0.108168 0.0  0.299036  0.716870  0.263242  0.357267  0.401389  0.332807  0.086418  0.231698  0.389201  0.233034  0.322140  0.106537  0.351394  0.099048  0.227113  0.225065  0.270819  0.402399  0.359016  0.145966  0.164302  0.198651  0.317226  0.197146  0.096658  0.299242  0.271487  0.166780  0.457569  0.225152  0.268577  0.387214  0.239335  0.317721  0.194086  0.344232  0.482223 
23  0.273511  0.158563  0.175629  0.187319  0.288439  0.157554  0.170902  0.233822  0.225743  0.203886  0.364337  0.086418  0.224721  0.400701  0.117881  0.200545  0.607702  0.194322  0.287051  0.316284  0.254533  0.411647  0.299036 0.0  0.664176  0.423484  0.276594  0.424959  0.086418  0.389904  0.185412  0.241721  0.336776  0.201502  0.258402  0.115979  0.405142  0.360815  0.461107  0.198798  0.180617  0.360862  0.260737  0.252157  0.314740  0.178727  0.385109  0.251903  0.248979  0.216454  0.293541  0.351227  0.347407  0.268767  0.260026  0.142568  0.309359  0.332662  0.086418  0.262127 
24  0.843324  0.571424  0.446060  0.790251  0.821012  0.745381  0.553483  0.845276  0.750381  0.546709  0.841087  0.612212  0.794594  0.718578  0.774598  0.471767  0.225257  0.444581  0.881075  0.733653  0.501942  0.881611  0.716870  0.664176 0.0  0.814319  0.947923  0.928143  0.388433  0.838460  0.758187  0.544374  0.910273  0.754598  0.838701  0.535353  0.888740  0.888163  0.962506  0.657420  0.478181  0.701574  0.623628  0.706964  0.933082  0.446398  0.962873  0.753230  0.756223  0.480767  0.718672  0.355750  0.777841  0.865349  0.566433  0.701869  0.823380  0.786719  0.622221  0.574135 
25  0.156700  0.283490  0.418745  0.185489  0.286897  0.247229  0.263942  0.196323  0.129238  0.416928  0.387349  0.332623  0.337062  0.202283  0.099877  0.524814  0.884711  0.302936  0.126935  0.365493  0.570089  0.275354  0.263242  0.423484  0.814319 0.0  0.147838  0.263376  0.407327  0.108901  0.275177  0.495683  0.138563  0.141679  0.150201  0.442865  0.189202  0.129705  0.371486  0.385417  0.481905  0.554397  0.359530  0.112292  0.086418  0.446536  0.129699  0.271175  0.282137  0.429517  0.086418  0.555693  0.197730  0.086418  0.426425  0.275297  0.129440  0.206515  0.334405  0.389323 
26  0.086418  0.376742  0.510920  0.143359  0.393810  0.208016  0.365720  0.326159  0.086418  0.439227  0.344153  0.489090  0.303776  0.090024  0.213701  0.559846  0.956259  0.533464  0.192938  0.447314  0.611915  0.166953  0.357267  0.276594  0.947923  0.147838 0.0  0.180844  0.565300  0.274695  0.168498  0.595483  0.199629  0.225813  0.162417  0.473522  0.194621  0.121110  0.356291  0.515133  0.585091  0.640610  0.364574  0.247395  0.262046  0.365095  0.111246  0.333011  0.412195  0.551595  0.137436  0.549299  0.172109  0.205748  0.490930  0.485468  0.159953  0.102722  0.412700  0.363498 
27  0.187537  0.382832  0.590958  0.231022  0.440751  0.336547  0.361773  0.322685  0.240002  0.484429  0.426280  0.451280  0.386840  0.281466  0.190826  0.669039  0.839391  0.528064  0.142754  0.392508  0.652224  0.245138  0.401389  0.424959  0.928143  0.263376  0.180844 0.0  0.483304  0.255230  0.182987  0.534398  0.208510  0.281865  0.241456  0.417934  0.377644  0.328302  0.546488  0.549806  0.541972  0.794915  0.352865  0.148602  0.179531  0.466809  0.246450  0.341856  0.308557  0.478866  0.205676  0.626028  0.219477  0.086418  0.614201  0.434464  0.320723  0.298296  0.429965  0.518871 
28  0.472717  0.209098  0.242538  0.290857  0.333699  0.223947  0.389878  0.312263  0.386799  0.134888  0.410777  0.206710  0.420405  0.497364  0.368051  0.205980  0.489724  0.172266  0.477026  0.333590  0.307223  0.463252  0.332807  0.086418  0.388433  0.407327  0.565300  0.483304 0.0  0.341036  0.403330  0.219707  0.519818  0.290130  0.343924  0.120993  0.441190  0.446223  0.443433  0.255291  0.251614  0.441263  0.216856  0.430042  0.461236  0.146547  0.422908  0.203596  0.367701  0.086418  0.473978  0.279635  0.377827  0.504920  0.144137  0.305814  0.470366  0.473587  0.225980  0.093114 
29  0.112560  0.322016  0.415155  0.111517  0.158759  0.167771  0.215617  0.242554  0.157649  0.410143  0.264487  0.372927  0.104444  0.126110  0.222282  0.446979  0.819149  0.398253  0.112554  0.209791  0.448786  0.086418  0.086418  0.389904  0.838460  0.108901  0.274695  0.255230  0.341036 0.0  0.219530  0.496499  0.233646  0.241341  0.104357  0.339406  0.115880  0.248398  0.271755  0.371363  0.492434  0.411658  0.178171  0.129075  0.176922  0.360986  0.120230  0.142728  0.274730  0.398691  0.131553  0.511367  0.155113  0.141483  0.431362  0.335431  0.086418  0.090396  0.274641  0.419799 
30  0.273211  0.190490  0.320383  0.283947  0.388850  0.259027  0.186090  0.178119  0.210842  0.374788  0.435897  0.248512  0.295947  0.197958  0.195807  0.411530  0.745220  0.487730  0.327776  0.264358  0.403378  0.241820  0.231698  0.185412  0.758187  0.275177  0.168498  0.182987  0.403330  0.219530 0.0  0.373527  0.356086  0.089988  0.341538  0.366069  0.326096  0.299909  0.393958  0.457916  0.335920  0.464960  0.243417  0.230490  0.232788  0.309962  0.193765  0.236461  0.220983  0.285443  0.332538  0.422552  0.230345  0.112686  0.256788  0.274346  0.426048  0.162993  0.141871  0.401758 
31  0.396539  0.275466  0.107477  0.436698  0.468475  0.231737  0.193053  0.265985  0.410952  0.278682  0.376936  0.086418  0.436722  0.436970  0.270305  0.220277  0.538475  0.103769  0.426644  0.517982  0.292205  0.410614  0.389201  0.241721  0.544374  0.495683  0.595483  0.534398  0.219707  0.496499  0.373527 0.0  0.478112  0.284701  0.397003  0.206309  0.398020  0.368355  0.383715  0.429734  0.151411  0.518225  0.343715  0.418827  0.363634  0.130016  0.409663  0.394217  0.243316  0.261936  0.310750  0.343784  0.406199  0.382882  0.209067  0.329853  0.481497  0.474240  0.247313  0.287058 
32  0.192275  0.267622  0.467521  0.173145  0.262379  0.262549  0.494114  0.259994  0.086418  0.306896  0.288503  0.386121  0.273690  0.086418  0.268644  0.594762  0.953417  0.495519  0.189529  0.349073  0.636611  0.111975  0.233034  0.336776  0.910273  0.138563  0.199629  0.208510  0.519818  0.233646  0.356086  0.478112 0.0  0.321109  0.086418  0.432833  0.086418  0.263249  0.343381  0.440174  0.486463  0.434547  0.188138  0.100142  0.086418  0.404198  0.134463  0.209178  0.229687  0.485640  0.192925  0.566336  0.170714  0.226098  0.502875  0.317852  0.086418  0.152129  0.338914  0.539003 
33  0.101703  0.185503  0.484954  0.173803  0.282269  0.285159  0.295214  0.086418  0.225475  0.337999  0.253363  0.217512  0.252097  0.207826  0.149995  0.449636  0.764536  0.426273  0.180904  0.373054  0.481646  0.312830  0.322140  0.201502  0.754598  0.141679  0.225813  0.281865  0.290130  0.241341  0.089988  0.284701  0.321109 0.0  0.138069  0.312875  0.193162  0.236992  0.346876  0.392144  0.334301  0.501170  0.201748  0.142257  0.200361  0.250499  0.177998  0.210407  0.321568  0.187474  0.093089  0.454431  0.244702  0.198585  0.350427  0.294605  0.274226  0.232293  0.226986  0.422270 
34  0.226403  0.159230  0.431112  0.129848  0.190766  0.266937  0.295994  0.176570  0.157682  0.379690  0.224645  0.344578  0.292311  0.124835  0.131633  0.412662  0.783332  0.386857  0.086418  0.259224  0.408812  0.211043  0.106537  0.258402  0.838701  0.150201  0.162417  0.241456  0.343924  0.104357  0.341538  0.397003  0.086418  0.138069 0.0  0.390123  0.126643  0.196200  0.206097  0.345171  0.461543  0.415444  0.128516  0.217273  0.253756  0.370646  0.211049  0.221194  0.245497  0.375837  0.199704  0.516775  0.138168  0.149924  0.499604  0.132219  0.094745  0.111630  0.219439  0.467181 
35  0.431323  0.238367  0.283991  0.361524  0.430979  0.320651  0.270288  0.320081  0.290736  0.086418  0.423616  0.099307  0.196760  0.439936  0.267170  0.278279  0.535983  0.120355  0.383499  0.336426  0.294719  0.386418  0.351394  0.115979  0.535353  0.442865  0.473522  0.417934  0.120993  0.339406  0.366069  0.206309  0.432833  0.312875  0.390123 0.0  0.485697  0.592042  0.379033  0.209281  0.226498  0.410037  0.207756  0.337291  0.460561  0.229709  0.362387  0.226567  0.193259  0.153399  0.438939  0.205860  0.330506  0.331926  0.157947  0.275971  0.307179  0.453816  0.241611  0.247167 
36  0.188540  0.291263  0.608621  0.199058  0.198709  0.250822  0.391953  0.201215  0.086418  0.417715  0.310202  0.306794  0.364479  0.103094  0.261411  0.495767  0.956874  0.517014  0.109567  0.251601  0.598629  0.145052  0.099048  0.405142  0.888740  0.189202  0.194621  0.377644  0.441190  0.115880  0.326096  0.398020  0.086418  0.193162  0.126643  0.485697 0.0  0.086418  0.309254  0.211193  0.529446  0.444100  0.267281  0.129042  0.281222  0.423931  0.180593  0.086418  0.366019  0.411773  0.086418  0.545632  0.086418  0.200309  0.486522  0.246258  0.145822  0.150721  0.321313  0.448231 
37  0.146769  0.337889  0.433588  0.190757  0.327555  0.238318  0.384956  0.267694  0.242669  0.390592  0.366248  0.390037  0.378436  0.153791  0.331127  0.495120  0.941961  0.415227  0.173086  0.476956  0.615808  0.259164  0.227113  0.360815  0.888163  0.129705  0.121110  0.328302  0.446223  0.248398  0.299909  0.368355  0.263249  0.236992  0.196200  0.592042  0.086418 0.0  0.499634  0.412336  0.496732  0.687029  0.286689  0.086418  0.086418  0.426157  0.086418  0.364839  0.364533  0.329204  0.113831  0.568115  0.125405  0.086418  0.414924  0.383156  0.157875  0.163757  0.344386  0.647168 
38  0.379497  0.294789  0.487375  0.347294  0.318188  0.248175  0.385297  0.464941  0.302270  0.263556  0.139841  0.407306  0.103411  0.382683  0.316704  0.445780  0.977585  0.515920  0.356756  0.149662  0.637384  0.240540  0.225065  0.461107  0.962506  0.371486  0.356291  0.546488  0.443433  0.271755  0.393958  0.383715  0.343381  0.346876  0.206097  0.379033  0.309254  0.499634 0.0  0.162966  0.536266  0.338820  0.302349  0.270328  0.440220  0.440898  0.326518  0.152846  0.323883  0.484668  0.189418  0.589716  0.269168  0.351608  0.390236  0.289116  0.367015  0.273205  0.270330  0.326322 
39  0.423618  0.325274  0.499860  0.417060  0.312273  0.276639  0.532601  0.354101  0.400012  0.347140  0.250104  0.382471  0.365911  0.444787  0.325812  0.410071  0.825822  0.336596  0.490723  0.231165  0.449623  0.312733  0.270819  0.198798  0.657420  0.385417  0.515133  0.549806  0.255291  0.371363  0.457916  0.429734  0.440174  0.392144  0.345171  0.209281  0.211193  0.412336  0.162966 0.0  0.418513  0.221946  0.186587  0.310505  0.403058  0.255823  0.457031  0.245635  0.373718  0.341855  0.341235  0.369462  0.409506  0.476690  0.285833  0.176953  0.521150  0.373898  0.354836  0.086418 
40  0.333111  0.223119  0.086684  0.385652  0.239437  0.282326  0.193564  0.276914  0.420747  0.199881  0.400710  0.201418  0.495170  0.458989  0.315664  0.204728  0.529052  0.135302  0.481826  0.508638  0.189776  0.504146  0.402399  0.180617  0.478181  0.481905  0.585091  0.541972  0.251614  0.492434  0.335920  0.151411  0.486463  0.334301  0.461543  0.226498  0.529446  0.496732  0.536266  0.418513 0.0  0.459162  0.348147  0.407153  0.465042  0.247639  0.502592  0.388826  0.372267  0.230487  0.411065  0.359070  0.498880  0.564892  0.251896  0.316696  0.547518  0.516722  0.370985  0.289337 
41  0.489096  0.469305  0.434194  0.420539  0.424805  0.370646  0.597558  0.499549  0.500074  0.385291  0.249663  0.450762  0.370866  0.454718  0.480061  0.431783  0.787647  0.484549  0.469131  0.165487  0.557022  0.369020  0.359016  0.360862  0.701574  0.554397  0.640610  0.794915  0.441263  0.411658  0.464960  0.518225  0.434547  0.501170  0.415444  0.410037  0.444100  0.687029  0.338820  0.221946  0.459162 0.0  0.166944  0.457982  0.477299  0.492591  0.486456  0.398162  0.422175  0.330566  0.618689  0.574912  0.479551  0.526012  0.397795  0.290969  0.529021  0.441512  0.440881  0.399958 
42  0.340376  0.225257  0.359830  0.121739  0.200694  0.293787  0.371608  0.189807  0.290950  0.210534  0.196708  0.225889  0.107024  0.350584  0.266805  0.247110  0.818305  0.206503  0.356174  0.335180  0.379175  0.316789  0.145966  0.260737  0.623628  0.359530  0.364574  0.352865  0.216856  0.178171  0.243417  0.343715  0.188138  0.201748  0.128516  0.207756  0.267281  0.286689  0.302349  0.186587  0.348147  0.166944 0.0  0.282277  0.318879  0.332094  0.304926  0.133226  0.193991  0.234050  0.403849  0.353961  0.314333  0.328805  0.274742  0.225844  0.459117  0.320279  0.219011  0.196489 
43  0.139526  0.253752  0.419015  0.143092  0.220076  0.129235  0.359657  0.220147  0.086418  0.410264  0.282242  0.233512  0.186991  0.086418  0.168819  0.527739  0.923162  0.489554  0.207599  0.248097  0.421748  0.222990  0.164302  0.252157  0.706964  0.112292  0.247395  0.148602  0.430042  0.129075  0.230490  0.418827  0.100142  0.142257  0.217273  0.337291  0.129042  0.086418  0.270328  0.310505  0.407153  0.457982  0.282277 0.0  0.210997  0.427619  0.199447  0.209778  0.155204  0.380931  0.115959  0.490553  0.168089  0.086418  0.363319  0.350066  0.219046  0.165650  0.250840  0.451575 
44  0.097558  0.342108  0.584362  0.299721  0.195161  0.240264  0.350400  0.430977  0.209241  0.403356  0.298728  0.400324  0.273418  0.128207  0.256439  0.608407  0.883216  0.613597  0.105540  0.307755  0.555840  0.220255  0.198651  0.314740  0.933082  0.086418  0.262046  0.179531  0.461236  0.176922  0.232788  0.363634  0.086418  0.200361  0.253756  0.460561  0.281222  0.086418  0.440220  0.403058  0.465042  0.477299  0.318879  0.210997 0.0  0.465790  0.102208  0.163635  0.403798  0.502411  0.087500  0.611449  0.304282  0.104634  0.474007  0.391877  0.260665  0.225130  0.274611  0.475377 
45  0.394727  0.240149  0.257645  0.249546  0.375696  0.263239  0.219184  0.279557  0.366734  0.228865  0.388157  0.105021  0.329805  0.294029  0.247266  0.257926  0.438835  0.277320  0.375802  0.370437  0.194169  0.435286  0.317226  0.178727  0.446398  0.446536  0.365095  0.466809  0.146547  0.360986  0.309962  0.130016  0.404198  0.250499  0.370646  0.229709  0.423931  0.426157  0.440898  0.255823  0.247639  0.492591  0.332094  0.427619  0.465790 0.0  0.308275  0.260318  0.248358  0.086418  0.434730  0.167751  0.339172  0.450532  0.176902  0.233901  0.416860  0.340696  0.226909  0.177748 
46  0.246202  0.287900  0.520492  0.248751  0.260465  0.321602  0.318105  0.145745  0.275022  0.454478  0.350435  0.266793  0.318276  0.086418  0.230325  0.663237  0.848648  0.600946  0.156519  0.422046  0.578202  0.150189  0.197146  0.385109  0.962873  0.129699  0.111246  0.246450  0.422908  0.120230  0.193765  0.409663  0.134463  0.177998  0.211049  0.362387  0.180593  0.086418  0.326518  0.457031  0.502592  0.486456  0.304926  0.199447  0.102208  0.308275 0.0  0.324403  0.292743  0.501005  0.200818  0.602615  0.086418  0.171970  0.522301  0.292944  0.086418  0.147029  0.279087  0.488585 
47  0.281831  0.297904  0.372317  0.195484  0.086418  0.165992  0.266733  0.179597  0.136979  0.210483  0.158622  0.184058  0.153457  0.255887  0.213072  0.438430  0.796123  0.417750  0.174906  0.231700  0.309990  0.208641  0.096658  0.251903  0.753230  0.271175  0.333011  0.341856  0.203596  0.142728  0.236461  0.394217  0.209178  0.210407  0.221194  0.226567  0.086418  0.364839  0.152846  0.245635  0.388826  0.398162  0.133226  0.209778  0.163635  0.260318  0.324403 0.0  0.143336  0.202944  0.201170  0.409875  0.197210  0.320997  0.348348  0.086418  0.238300  0.124210  0.276755  0.450897 
48  0.219477  0.193871  0.341268  0.133954  0.256083  0.240770  0.293791  0.184993  0.273519  0.264970  0.105289  0.256618  0.182950  0.332771  0.162057  0.422241  0.724680  0.216680  0.208090  0.212805  0.410781  0.232120  0.299242  0.248979  0.756223  0.282137  0.412195  0.308557  0.367701  0.274730  0.220983  0.243316  0.229687  0.321568  0.245497  0.193259  0.366019  0.364533  0.323883  0.373718  0.372267  0.422175  0.193991  0.155204  0.403798  0.248358  0.292743  0.143336 0.0  0.203825  0.354473  0.366294  0.170297  0.199592  0.237321  0.086418  0.166505  0.187501  0.183419  0.224501 
49  0.423062  0.233984  0.274138  0.289382  0.354681  0.226986  0.292138  0.285713  0.414808  0.169249  0.409101  0.104498  0.343940  0.395044  0.356713  0.209615  0.593461  0.134664  0.386850  0.422906  0.260355  0.381443  0.271487  0.216454  0.480767  0.429517  0.551595  0.478866  0.086418  0.398691  0.285443  0.261936  0.485640  0.187474  0.375837  0.153399  0.411773  0.329204  0.484668  0.341855  0.230487  0.330566  0.234050  0.380931  0.502411  0.086418  0.501005  0.202944  0.203825 0.0  0.432315  0.295082  0.402656  0.381301  0.086418  0.247492  0.485296  0.303074  0.266946  0.208899 
50  0.142431  0.329658  0.440759  0.150363  0.319000  0.260340  0.408293  0.343759  0.154638  0.341946  0.266648  0.393557  0.290895  0.086418  0.284913  0.419172  0.954674  0.531840  0.086418  0.380567  0.582320  0.124045  0.166780  0.293541  0.718672  0.086418  0.137436  0.205676  0.473978  0.131553  0.332538  0.310750  0.192925  0.093089  0.199704  0.438939  0.086418  0.113831  0.189418  0.341235  0.411065  0.618689  0.403849  0.115959  0.087500  0.434730  0.200818  0.201170  0.354473  0.432315 0.0  0.514605  0.102955  0.086418  0.325837  0.244444  0.086418  0.239790  0.310535  0.441151 
51  0.497806  0.304081  0.086418  0.453231  0.504078  0.561728  0.396001  0.493178  0.529506  0.394396  0.516045  0.286052  0.429333  0.626044  0.461189  0.133407  0.437854  0.125709  0.602825  0.543379  0.138574  0.612360  0.457569  0.351227  0.355750  0.555693  0.549299  0.626028  0.279635  0.511367  0.422552  0.343784  0.566336  0.454431  0.516775  0.205860  0.545632  0.568115  0.589716  0.369462  0.359070  0.574912  0.353961  0.490553  0.611449  0.167751  0.602615  0.409875  0.366294  0.295082  0.514605 0.0  0.487292  0.612667  0.275773  0.373225  0.655124  0.494210  0.269930  0.284068 
52  0.086418  0.133085  0.629823  0.086418  0.277577  0.171780  0.173650  0.190557  0.152003  0.395273  0.277181  0.223722  0.167031  0.118282  0.120097  0.516020  0.866555  0.425623  0.086418  0.314350  0.467004  0.191192  0.225152  0.347407  0.777841  0.197730  0.172109  0.219477  0.377827  0.155113  0.230345  0.406199  0.170714  0.244702  0.138168  0.330506  0.086418  0.125405  0.269168  0.409506  0.498880  0.479551  0.314333  0.168089  0.304282  0.339172  0.086418  0.197210  0.170297  0.402656  0.102955  0.487292 0.0  0.114923  0.343827  0.274991  0.175339  0.176273  0.277137  0.312486 
53  0.254890  0.378641  0.461924  0.236471  0.342169  0.300350  0.438024  0.129996  0.188462  0.382251  0.270295  0.346684  0.289285  0.172580  0.196780  0.586826  0.968328  0.336326  0.086418  0.292979  0.455470  0.276464  0.268577  0.268767  0.865349  0.086418  0.205748  0.086418  0.504920  0.141483  0.112686  0.382882  0.226098  0.198585  0.149924  0.331926  0.200309  0.086418  0.351608  0.476690  0.564892  0.526012  0.328805  0.086418  0.104634  0.450532  0.171970  0.320997  0.199592  0.381301  0.086418  0.612667  0.114923 0.0  0.322858  0.269121  0.102650  0.217920  0.294135  0.447160 
54  0.562640  0.163726  0.136257  0.366592  0.357036  0.228290  0.217281  0.269590  0.357031  0.101928  0.252867  0.163913  0.276083  0.452846  0.222246  0.175091  0.644299  0.116915  0.346445  0.477077  0.271215  0.458049  0.387214  0.260026  0.566433  0.426425  0.490930  0.614201  0.144137  0.431362  0.256788  0.209067  0.502875  0.350427  0.499604  0.157947  0.486522  0.414924  0.390236  0.285833  0.251896  0.397795  0.274742  0.363319  0.474007  0.176902  0.522301  0.348348  0.237321  0.086418  0.325837  0.275773  0.343827  0.322858 0.0  0.222712  0.460436  0.493095  0.155839  0.219387 
55  0.333059  0.224199  0.375814  0.253551  0.163936  0.141910  0.255687  0.280874  0.178836  0.130483  0.197601  0.239005  0.131086  0.277407  0.213781  0.346536  0.579516  0.266340  0.140575  0.151266  0.424587  0.196428  0.239335  0.142568  0.701869  0.275297  0.485468  0.434464  0.305814  0.335431  0.274346  0.329853  0.317852  0.294605  0.132219  0.275971  0.246258  0.383156  0.289116  0.176953  0.316696  0.290969  0.225844  0.350066  0.391877  0.233901  0.292944  0.086418  0.086418  0.247492  0.244444  0.373225  0.274991  0.269121  0.222712 0.0  0.252489  0.243606  0.192003  0.121621 
56  0.124118  0.335540  0.419745  0.116902  0.239232  0.253232  0.432874  0.281790  0.140039  0.441785  0.219961  0.445547  0.184421  0.086418  0.355418  0.517427  0.878412  0.485167  0.135104  0.317289  0.574335  0.271716  0.317721  0.309359  0.823380  0.129440  0.159953  0.320723  0.470366  0.086418  0.426048  0.481497  0.086418  0.274226  0.094745  0.307179  0.145822  0.157875  0.367015  0.521150  0.547518  0.529021  0.459117  0.219046  0.260665  0.416860  0.086418  0.238300  0.166505  0.485296  0.086418  0.655124  0.175339  0.102650  0.460436  0.252489 0.0  0.126282  0.360142  0.502005 
57  0.086418  0.358700  0.491188  0.207053  0.106412  0.209291  0.519989  0.279026  0.086418  0.411833  0.242583  0.368313  0.185499  0.141227  0.167385  0.423296  0.939074  0.455097  0.086418  0.267323  0.553588  0.168826  0.194086  0.332662  0.786719  0.206515  0.102722  0.298296  0.473587  0.090396  0.162993  0.474240  0.152129  0.232293  0.111630  0.453816  0.150721  0.163757  0.273205  0.373898  0.516722  0.441512  0.320279  0.165650  0.225130  0.340696  0.147029  0.124210  0.187501  0.303074  0.239790  0.494210  0.176273  0.217920  0.493095  0.243606  0.126282 0.0  0.311926  0.432591 
58  0.219196  0.086418  0.336665  0.324755  0.278555  0.086418  0.207547  0.138655  0.396737  0.144775  0.368864  0.227565  0.209462  0.238154  0.139844  0.415129  0.566102  0.277722  0.370312  0.388440  0.289300  0.338357  0.344232  0.086418  0.622221  0.334405  0.412700  0.429965  0.225980  0.274641  0.141871  0.247313  0.338914  0.226986  0.219439  0.241611  0.321313  0.344386  0.270330  0.354836  0.370985  0.440881  0.219011  0.250840  0.274611  0.226909  0.279087  0.276755  0.183419  0.266946  0.310535  0.269930  0.277137  0.294135  0.155839  0.192003  0.360142  0.311926 0.0  0.245774 
59  0.404684  0.305608  0.211649  0.294149  0.338782  0.294325  0.330828  0.292200  0.328187  0.208089  0.371272  0.172961  0.313170  0.396866  0.365596  0.203906  0.666658  0.189488  0.383892  0.341880  0.390010  0.391997  0.482223  0.262127  0.574135  0.389323  0.363498  0.518871  0.093114  0.419799  0.401758  0.287058  0.539003  0.422270  0.467181  0.247167  0.448231  0.647168  0.326322  0.086418  0.289337  0.399958  0.196489  0.451575  0.475377  0.177748  0.488585  0.450897  0.224501  0.208899  0.441151  0.284068  0.312486  0.447160  0.219387  0.121621  0.502005  0.432591  0.245774 0.0 
