60
0 0.0  0.167985  0.452991  0.069061  0.243536  0.108228  0.344016  0.138559  0.084647  0.289376  0.259762  0.256410  0.320869  0.069061  0.089270  0.512178  0.785615  0.402295  0.069061  0.293986  0.505657  0.108145  0.136866  0.233701  0.750309  0.115351  0.196912  0.292424  0.393937  0.237361  0.154079  0.265916  0.217425  0.110647  0.135581  0.228320  0.087776  0.247304  0.329692  0.325863  0.385092  0.391893  0.273070  0.123964  0.078441  0.303481  0.072551  0.180648  0.241057  0.422932  0.069061  0.540246  0.093810  0.069061  0.325337  0.276650  0.113808  0.103514  0.189674  0.423452 
1  0.167985 0.0  0.307812  0.114445  0.246753  0.141388  0.156076  0.146965  0.259903  0.127645  0.312498  0.166746  0.355950  0.272149  0.072667  0.272623  0.647951  0.250343  0.209124  0.383217  0.368881  0.213284  0.167232  0.099312  0.579083  0.317466  0.315078  0.203988  0.227534  0.249768  0.170974  0.300581  0.353068  0.129539  0.125081  0.292943  0.205821  0.347254  0.360381  0.300059  0.264934  0.425181  0.314239  0.273639  0.233503  0.200194  0.299834  0.178864  0.196756  0.268860  0.249480  0.335134  0.215889  0.388026  0.277493  0.144852  0.296392  0.276241  0.069061  0.200179 
2  0.452991  0.307812 0.0  0.322467  0.414801  0.203990  0.185830  0.384524  0.502498  0.233502  0.516133  0.129939  0.394391  0.408577  0.436900  0.130410  0.463283  0.125308  0.429902  0.335989  0.254093  0.461956  0.442965  0.205953  0.319383  0.490384  0.535086  0.524623  0.131164  0.470257  0.308472  0.087376  0.545864  0.364292  0.395980  0.311891  0.424817  0.541696  0.624135  0.371865  0.152140  0.474139  0.284648  0.331402  0.571292  0.078117  0.478137  0.398234  0.346930  0.203210  0.459320  0.109330  0.308450  0.472494  0.304193  0.339800  0.435340  0.496851  0.230119  0.236439 
3  0.069061  0.114445  0.322467 0.0  0.273833  0.238664  0.189802  0.155285  0.205135  0.356374  0.240229  0.286419  0.171748  0.197141  0.069061  0.365056  0.765438  0.350270  0.205542  0.405014  0.423307  0.303535  0.130120  0.282804  0.808118  0.204680  0.082131  0.162629  0.356032  0.195740  0.126908  0.420970  0.223894  0.117381  0.235148  0.270589  0.151672  0.200125  0.232121  0.317314  0.384784  0.420967  0.201376  0.123920  0.073826  0.311592  0.106955  0.141156  0.183247  0.336332  0.069061  0.386008  0.099365  0.135009  0.449633  0.112729  0.091233  0.142734  0.176091  0.314397 
4  0.243536  0.246753  0.414801  0.273833 0.0  0.170506  0.456789  0.189063  0.230412  0.195590  0.164953  0.314789  0.069061  0.180769  0.121206  0.479905  0.705781  0.454798  0.275512  0.188921  0.451198  0.150101  0.111663  0.308490  0.760577  0.089099  0.238822  0.392707  0.393669  0.186917  0.274334  0.339010  0.249731  0.239202  0.087573  0.312669  0.196603  0.299005  0.153096  0.225529  0.382250  0.337479  0.206664  0.226652  0.138731  0.338760  0.277737  0.069061  0.069061  0.294410  0.267964  0.515652  0.224471  0.225068  0.285175  0.070701  0.144128  0.132899  0.219742  0.304216 
5  0.108228  0.141388  0.203990  0.238664  0.170506 0.0  0.252667  0.147567  0.090931  0.280575  0.130538  0.221633  0.225870  0.193642  0.114756  0.383968  0.774059  0.239482  0.229788  0.317848  0.383295  0.109951  0.146981  0.147932  0.645370  0.214835  0.330914  0.287594  0.305138  0.148390  0.158280  0.221610  0.341310  0.199442  0.118794  0.220536  0.227807  0.327531  0.244141  0.282600  0.341283  0.422603  0.120646  0.168507  0.174311  0.149655  0.298347  0.069061  0.069061  0.163404  0.210317  0.471682  0.120561  0.295907  0.225244  0.207130  0.183011  0.158984  0.213833  0.190132 
6  0.344016  0.156076  0.185830  0.189802  0.456789  0.252667 0.0  0.298515  0.320570  0.236267  0.446591  0.135819  0.324828  0.254297  0.219646  0.248009  0.518439  0.249384  0.341968  0.468662  0.279657  0.390892  0.301275  0.203614  0.497323  0.307219  0.365077  0.372039  0.278726  0.378363  0.195094  0.165909  0.428444  0.202065  0.288758  0.246214  0.335509  0.360074  0.493194  0.327692  0.134622  0.502428  0.210793  0.233543  0.366696  0.223130  0.200948  0.358782  0.272729  0.221224  0.358452  0.319641  0.251661  0.419569  0.265499  0.255729  0.396478  0.332601  0.175400  0.272088 
7  0.138559  0.146965  0.384524  0.155285  0.189063  0.147567  0.298515 0.0  0.205886  0.285597  0.258206  0.218126  0.278845  0.136697  0.160530  0.376117  0.730946  0.317009  0.245209  0.304664  0.388360  0.097208  0.241155  0.229334  0.600299  0.156903  0.302299  0.202500  0.346916  0.136860  0.107714  0.279199  0.290359  0.094849  0.235254  0.192961  0.265628  0.179084  0.247673  0.335196  0.248031  0.485145  0.176447  0.208877  0.102452  0.342628  0.256521  0.192379  0.131235  0.200950  0.163091  0.404043  0.103783  0.302599  0.233095  0.266858  0.181885  0.196132  0.196114  0.283665 
8  0.084647  0.259903  0.502498  0.205135  0.230412  0.090931  0.320570  0.205886 0.0  0.324788  0.235260  0.337998  0.208791  0.069061  0.069061  0.512611  0.762422  0.366056  0.085577  0.400751  0.422310  0.218307  0.069061  0.307517  0.880938  0.114536  0.130668  0.201897  0.368442  0.185959  0.331950  0.426024  0.139013  0.197044  0.112102  0.421243  0.069061  0.074050  0.233681  0.353938  0.268521  0.544939  0.243250  0.161611  0.069061  0.451507  0.176711  0.200013  0.187983  0.400154  0.069061  0.647639  0.084300  0.082287  0.396320  0.231974  0.151648  0.129671  0.261453  0.356418 
9  0.289376  0.127645  0.233502  0.356374  0.195590  0.280575  0.236267  0.285597  0.324788 0.0  0.192346  0.122837  0.230675  0.364053  0.258365  0.194202  0.544677  0.283682  0.321155  0.237661  0.369130  0.342980  0.239726  0.186879  0.698897  0.348807  0.423893  0.516976  0.179657  0.271293  0.363521  0.355727  0.419289  0.267938  0.285233  0.071979  0.318498  0.362419  0.246930  0.273918  0.207838  0.276355  0.119187  0.351737  0.344143  0.121526  0.481136  0.256634  0.132811  0.088561  0.288030  0.219261  0.329663  0.412709  0.150699  0.199795  0.396561  0.283993  0.178269  0.092355 
10  0.259762  0.312498  0.516133  0.240229  0.164953  0.130538  0.446591  0.258206  0.235260  0.192346 0.0  0.278613  0.078603  0.209986  0.191899  0.482532  0.900628  0.496246  0.188097  0.175617  0.362707  0.177400  0.071929  0.327340  0.815832  0.277121  0.341695  0.413865  0.401958  0.179404  0.420218  0.468391  0.212230  0.400980  0.232195  0.281821  0.069061  0.327066  0.069061  0.223985  0.516721  0.277354  0.257264  0.335229  0.323708  0.349978  0.295006  0.297678  0.203728  0.396754  0.282612  0.491222  0.209035  0.287198  0.493351  0.259006  0.243076  0.236838  0.193463  0.270333 
11  0.256410  0.166746  0.129939  0.286419  0.314789  0.221633  0.135819  0.218126  0.337998  0.122837  0.278613 0.0  0.240077  0.333347  0.251408  0.155056  0.650783  0.069061  0.348901  0.434609  0.199725  0.394206  0.245906  0.136805  0.459683  0.311639  0.338514  0.393933  0.151490  0.247062  0.245266  0.107222  0.433398  0.270328  0.234471  0.145954  0.345875  0.371280  0.365950  0.291295  0.196233  0.397620  0.273872  0.186051  0.246844  0.146958  0.416117  0.295968  0.188745  0.091001  0.399293  0.224798  0.287458  0.317420  0.165149  0.163930  0.345588  0.402064  0.136306  0.218267 
12  0.320869  0.355950  0.394391  0.171748  0.069061  0.225870  0.324828  0.278845  0.208791  0.230675  0.078603  0.240077 0.0  0.145873  0.189733  0.478046  0.815774  0.386868  0.241276  0.099960  0.521619  0.125652  0.069061  0.357235  0.644735  0.252921  0.352813  0.308005  0.295643  0.094050  0.286601  0.324969  0.127697  0.210210  0.116307  0.311433  0.136204  0.349926  0.100988  0.127983  0.401102  0.269263  0.210569  0.226071  0.238864  0.307948  0.298604  0.069061  0.224014  0.288581  0.301351  0.426961  0.301272  0.173172  0.286562  0.262983  0.164289  0.199487  0.339346  0.276392 
13  0.069061  0.272149  0.408577  0.197141  0.180769  0.193642  0.254297  0.136697  0.069061  0.364053  0.209986  0.333347  0.145873 0.0  0.193936  0.388041  0.808121  0.434870  0.171313  0.171343  0.439025  0.182915  0.172981  0.342098  0.707603  0.069061  0.125070  0.161234  0.278618  0.145358  0.246708  0.453835  0.111255  0.158038  0.151563  0.440277  0.136089  0.158050  0.153849  0.465750  0.456087  0.398541  0.252998  0.254173  0.214850  0.411074  0.198232  0.225775  0.257432  0.408812  0.089189  0.441035  0.189631  0.112676  0.482435  0.310386  0.124042  0.099874  0.310825  0.353599 
14  0.089270  0.072667  0.436900  0.069061  0.121206  0.114756  0.219646  0.160530  0.069061  0.258365  0.191899  0.251408  0.189733  0.193936 0.0  0.415760  0.754148  0.337507  0.115576  0.237019  0.466883  0.242923  0.234311  0.121932  0.687944  0.215713  0.292087  0.186456  0.471017  0.179499  0.194085  0.370287  0.192980  0.161972  0.069061  0.228157  0.187573  0.209915  0.308817  0.381993  0.299424  0.433455  0.200753  0.137978  0.276848  0.229092  0.141474  0.146349  0.114405  0.314598  0.131324  0.439122  0.154810  0.136908  0.340354  0.261853  0.154248  0.217977  0.207904  0.281801 
15  0.512178  0.272623  0.130410  0.365056  0.479905  0.383968  0.248009  0.376117  0.512611  0.194202  0.482532  0.155056  0.478046  0.388041  0.415760 0.0  0.504305  0.157020  0.536812  0.399625  0.124187  0.473564  0.447306  0.196449  0.326636  0.468858  0.559711  0.674887  0.109511  0.603229  0.342497  0.172097  0.536606  0.396588  0.450912  0.207073  0.496954  0.484024  0.357630  0.423489  0.160815  0.354631  0.423188  0.409735  0.595519  0.164714  0.503305  0.395864  0.402406  0.174392  0.608285  0.101582  0.423922  0.578620  0.211590  0.381920  0.546334  0.480930  0.419229  0.224445 
16  0.785615  0.647951  0.463283  0.765438  0.705781  0.774059  0.518439  0.730946  0.762422  0.544677  0.900628  0.650783  0.815774  0.808121  0.754148  0.504305 0.0  0.569206  0.905249  0.787361  0.443746  0.779229  0.787707  0.680523  0.167682  0.823411  0.841056  0.902418  0.507705  0.808445  0.725162  0.541717  0.856556  0.813581  0.807570  0.616262  0.839602  1.000000  0.877875  0.617721  0.378174  0.783325  0.668333  0.791572  0.960441  0.621589  0.894329  0.826567  0.717978  0.647829  0.847374  0.432010  0.837457  0.899124  0.595154  0.721163  0.778270  0.821701  0.462845  0.641677 
17  0.402295  0.250343  0.125308  0.350270  0.454798  0.239482  0.249384  0.317009  0.366056  0.283682  0.496246  0.069061  0.386868  0.434870  0.337507  0.157020  0.569206 0.0  0.414193  0.339754  0.242065  0.468824  0.434358  0.249554  0.491883  0.388844  0.477933  0.644286  0.219843  0.379858  0.344767  0.187549  0.410674  0.312172  0.339395  0.172755  0.568218  0.389518  0.335676  0.305965  0.074292  0.486684  0.343190  0.386410  0.511128  0.215987  0.421200  0.324178  0.269440  0.099521  0.437575  0.265908  0.464793  0.453176  0.095041  0.281641  0.340114  0.491219  0.188990  0.230447 
18  0.069061  0.209124  0.429902  0.205542  0.275512  0.229788  0.341968  0.245209  0.085577  0.321155  0.188097  0.348901  0.241276  0.171313  0.115576  0.536812  0.905249  0.414193 0.0  0.293112  0.533406  0.090273  0.119996  0.209926  0.861252  0.069061  0.127430  0.297585  0.436199  0.197957  0.196815  0.394307  0.199285  0.211471  0.155598  0.413294  0.178338  0.069061  0.259245  0.355115  0.420490  0.541425  0.229342  0.142790  0.156689  0.353231  0.069061  0.147861  0.195813  0.383240  0.114916  0.557900  0.201730  0.069061  0.378926  0.305663  0.208789  0.189943  0.351820  0.421862 
19  0.293986  0.383217  0.335989  0.405014  0.188921  0.317848  0.468662  0.304664  0.400751  0.237661  0.175617  0.434609  0.099960  0.171343  0.237019  0.399625  0.787361  0.339754  0.293112 0.0  0.547963  0.209149  0.204042  0.391287  0.723583  0.381357  0.332178  0.407378  0.406095  0.199853  0.430085  0.466465  0.254682  0.327933  0.179174  0.466782  0.158487  0.381181  0.069061  0.150748  0.453297  0.350325  0.234085  0.300115  0.309048  0.388726  0.353109  0.118937  0.314184  0.352483  0.348301  0.449021  0.283469  0.372418  0.363348  0.206827  0.370325  0.234925  0.309486  0.358937 
20  0.505657  0.368881  0.254093  0.423307  0.451198  0.383295  0.279657  0.388360  0.422310  0.369130  0.362707  0.199725  0.521619  0.439025  0.466883  0.124187  0.443746  0.242065  0.533406  0.547963 0.0  0.567740  0.498228  0.288008  0.325682  0.418809  0.532211  0.490558  0.111754  0.611737  0.441133  0.170792  0.555601  0.420636  0.526692  0.254591  0.572985  0.530971  0.442395  0.355447  0.151485  0.476965  0.368436  0.410625  0.553587  0.190257  0.457165  0.557868  0.386617  0.179026  0.486541  0.166244  0.515639  0.455711  0.375063  0.361915  0.529780  0.473195  0.250892  0.227892 
21  0.108145  0.213284  0.461956  0.303535  0.150101  0.109951  0.390892  0.097208  0.218307  0.342980  0.177400  0.394206  0.125652  0.182915  0.242923  0.473564  0.779229  0.468824  0.090273  0.209149  0.567740 0.0  0.121027  0.376670  0.853769  0.148626  0.292243  0.336900  0.430867  0.116414  0.259654  0.480618  0.127108  0.149906  0.162186  0.330670  0.095237  0.160203  0.282176  0.239473  0.501781  0.423304  0.270188  0.319771  0.185842  0.363866  0.159927  0.302342  0.080730  0.380126  0.188844  0.463935  0.197014  0.193429  0.362138  0.201035  0.205122  0.080150  0.319369  0.334557 
22  0.136866  0.167232  0.442965  0.130120  0.111663  0.146981  0.301275  0.241155  0.069061  0.239726  0.071929  0.245906  0.069061  0.172981  0.234311  0.447306  0.787707  0.434358  0.119996  0.204042  0.498228  0.121027 0.0  0.233597  0.686094  0.284492  0.258320  0.353506  0.376520  0.075182  0.151123  0.266447  0.094597  0.223535  0.069061  0.323715  0.225675  0.329991  0.169383  0.225541  0.442336  0.323128  0.118513  0.211513  0.156770  0.259627  0.172733  0.069061  0.090137  0.258096  0.188316  0.514718  0.164995  0.258092  0.285441  0.270603  0.239786  0.116874  0.289945  0.442189 
23  0.233701  0.099312  0.205953  0.282804  0.308490  0.147932  0.203614  0.229334  0.307517  0.186879  0.327340  0.136805  0.357235  0.342098  0.121932  0.196449  0.680523  0.249554  0.209926  0.391287  0.288008  0.376670  0.233597 0.0  0.580778  0.345463  0.301119  0.357811  0.150565  0.344756  0.184982  0.241332  0.223649  0.214562  0.230723  0.227551  0.380121  0.271267  0.480979  0.353045  0.302737  0.513337  0.201595  0.198091  0.417412  0.069061  0.427098  0.298911  0.263433  0.138274  0.294093  0.323148  0.178123  0.291901  0.165190  0.117933  0.315767  0.266771  0.150197  0.165757 
24  0.750309  0.579083  0.319383  0.808118  0.760577  0.645370  0.497323  0.600299  0.880938  0.698897  0.815832  0.459683  0.644735  0.707603  0.687944  0.326636  0.167682  0.491883  0.861252  0.723583  0.325682  0.853769  0.686094  0.580778 0.0  0.777253  0.895884  0.915986  0.425698  0.705585  0.665669  0.460165  0.750265  0.635953  0.639225  0.490788  0.831200  0.687641  0.757525  0.618456  0.374169  0.770076  0.613920  0.843196  0.776590  0.466990  0.862619  0.636137  0.675537  0.558259  0.735390  0.437943  0.666255  0.799850  0.357161  0.635723  0.710447  0.740582  0.621822  0.360670 
25  0.115351  0.317466  0.490384  0.204680  0.089099  0.214835  0.307219  0.156903  0.114536  0.348807  0.277121  0.311639  0.252921  0.069061  0.215713  0.468858  0.823411  0.388844  0.069061  0.381357  0.418809  0.148626  0.284492  0.345463  0.777253 0.0  0.182606  0.075624  0.336739  0.130168  0.153399  0.372139  0.094563  0.182299  0.096526  0.341223  0.226965  0.069061  0.330471  0.433687  0.384468  0.564594  0.263325  0.126959  0.069061  0.263823  0.135189  0.171350  0.298097  0.455466  0.103691  0.482957  0.180161  0.154373  0.423881  0.332600  0.206556  0.145544  0.286510  0.503956 
26  0.196912  0.315078  0.535086  0.082131  0.238822  0.330914  0.365077  0.302299  0.130668  0.423893  0.341695  0.338514  0.352813  0.125070  0.292087  0.559711  0.841056  0.477933  0.127430  0.332178  0.532211  0.292243  0.258320  0.301119  0.895884  0.182606 0.0  0.124534  0.488953  0.273547  0.169339  0.400088  0.178822  0.276260  0.196154  0.441136  0.296908  0.106727  0.372355  0.503614  0.496021  0.475695  0.306816  0.173752  0.194187  0.463506  0.179125  0.351272  0.337845  0.383560  0.080019  0.535823  0.215702  0.150486  0.502375  0.340607  0.257855  0.223234  0.325112  0.509906 
27  0.292424  0.203988  0.524623  0.162629  0.392707  0.287594  0.372039  0.202500  0.201897  0.516976  0.413865  0.393933  0.308005  0.161234  0.186456  0.674887  0.902418  0.644286  0.297585  0.407378  0.490558  0.336900  0.353506  0.357811  0.915986  0.075624  0.124534 0.0  0.467765  0.153739  0.313674  0.476281  0.239273  0.239445  0.181161  0.587570  0.187995  0.079398  0.369258  0.581746  0.549249  0.604780  0.361273  0.201790  0.069061  0.446522  0.149749  0.376233  0.501538  0.635040  0.069061  0.543237  0.157580  0.159805  0.601752  0.321489  0.166843  0.337987  0.240331  0.532452 
28  0.393937  0.227534  0.131164  0.356032  0.393669  0.305138  0.278726  0.346916  0.368442  0.179657  0.401958  0.151490  0.295643  0.278618  0.471017  0.109511  0.507705  0.219843  0.436199  0.406095  0.111754  0.430867  0.376520  0.150565  0.425698  0.336739  0.488953  0.467765 0.0  0.401856  0.326777  0.194519  0.458746  0.339572  0.315830  0.069061  0.383620  0.429988  0.410128  0.304914  0.199759  0.272963  0.235628  0.339818  0.363773  0.085401  0.406195  0.333792  0.253567  0.097324  0.447547  0.152698  0.360620  0.414817  0.099683  0.185206  0.458204  0.421054  0.301580  0.242055 
29  0.237361  0.249768  0.470257  0.195740  0.186917  0.148390  0.378363  0.136860  0.185959  0.271293  0.179404  0.247062  0.094050  0.145358  0.179499  0.603229  0.808445  0.379858  0.197957  0.199853  0.611737  0.116414  0.075182  0.344756  0.705585  0.130168  0.273547  0.153739  0.401856 0.0  0.193145  0.369549  0.145023  0.279447  0.180150  0.275857  0.090211  0.255044  0.186061  0.287639  0.351695  0.395943  0.287883  0.099500  0.245593  0.372704  0.155243  0.171750  0.081632  0.423529  0.173377  0.392356  0.140055  0.244151  0.380258  0.208272  0.106016  0.069061  0.335254  0.325800 
30  0.154079  0.170974  0.308472  0.126908  0.274334  0.158280  0.195094  0.107714  0.331950  0.363521  0.420218  0.245266  0.286601  0.246708  0.194085  0.342497  0.725162  0.344767  0.196815  0.430085  0.441133  0.259654  0.151123  0.184982  0.665669  0.153399  0.169339  0.313674  0.326777  0.193145 0.0  0.229127  0.227811  0.123645  0.225458  0.352888  0.229984  0.282839  0.475812  0.360504  0.258867  0.408459  0.233924  0.134511  0.327051  0.276799  0.171326  0.180262  0.350183  0.318511  0.306330  0.376304  0.241893  0.251967  0.245741  0.211828  0.248901  0.189549  0.120996  0.370994 
31  0.265916  0.300581  0.087376  0.420970  0.339010  0.221610  0.165909  0.279199  0.426024  0.355727  0.468391  0.107222  0.324969  0.453835  0.370287  0.172097  0.541717  0.187549  0.394307  0.466465  0.170792  0.480618  0.266447  0.241332  0.460165  0.372139  0.400088  0.476281  0.194519  0.369549  0.229127 0.0  0.362708  0.280466  0.374044  0.263926  0.463268  0.445729  0.357265  0.401299  0.179594  0.477668  0.241214  0.263649  0.551115  0.171777  0.507899  0.398927  0.330822  0.165022  0.413874  0.178269  0.460865  0.324132  0.225730  0.300133  0.463980  0.442574  0.223012  0.291193 
32  0.217425  0.353068  0.545864  0.223894  0.249731  0.341310  0.428444  0.290359  0.139013  0.419289  0.212230  0.433398  0.127697  0.111255  0.192980  0.536606  0.856556  0.410674  0.199285  0.254682  0.555601  0.127108  0.094597  0.223649  0.750265  0.094563  0.178822  0.239273  0.458746  0.145023  0.227811  0.362708 0.0  0.252266  0.112822  0.462472  0.074704  0.239928  0.291256  0.397984  0.493991  0.507082  0.317953  0.122646  0.182718  0.340830  0.143918  0.184838  0.237643  0.271130  0.072272  0.556163  0.116381  0.183281  0.437751  0.295274  0.076093  0.069061  0.262837  0.401020 
33  0.110647  0.129539  0.364292  0.117381  0.239202  0.199442  0.202065  0.094849  0.197044  0.267938  0.400980  0.270328  0.210210  0.158038  0.161972  0.396588  0.813581  0.312172  0.211471  0.327933  0.420636  0.149906  0.223535  0.214562  0.635953  0.182299  0.276260  0.239445  0.339572  0.279447  0.123645  0.280466  0.252266 0.0  0.098582  0.349153  0.169479  0.294777  0.462607  0.350764  0.274895  0.517657  0.290505  0.112715  0.252158  0.280077  0.199643  0.238872  0.250600  0.253250  0.169873  0.414481  0.180645  0.203497  0.350298  0.206524  0.263057  0.223268  0.200190  0.414301 
34  0.135581  0.125081  0.395980  0.235148  0.087573  0.118794  0.288758  0.235254  0.112102  0.285233  0.232195  0.234471  0.116307  0.151563  0.069061  0.450912  0.807570  0.339395  0.155598  0.179174  0.526692  0.162186  0.069061  0.230723  0.639225  0.096526  0.196154  0.181161  0.315830  0.180150  0.225458  0.374044  0.112822  0.098582 0.0  0.387114  0.211506  0.113074  0.149783  0.281000  0.348669  0.454987  0.192179  0.069061  0.169807  0.329880  0.135172  0.181646  0.203220  0.406860  0.107537  0.416341  0.108815  0.130140  0.431620  0.278977  0.083640  0.069061  0.127550  0.282155 
35  0.228320  0.292943  0.311891  0.270589  0.312669  0.220536  0.246214  0.192961  0.421243  0.071979  0.281821  0.145954  0.311433  0.440277  0.228157  0.207073  0.616262  0.172755  0.413294  0.466782  0.254591  0.330670  0.323715  0.227551  0.490788  0.341223  0.441136  0.587570  0.069061  0.275857  0.352888  0.263926  0.462472  0.349153  0.387114 0.0  0.479571  0.569794  0.375396  0.150814  0.176246  0.333567  0.204969  0.408200  0.396507  0.149481  0.391472  0.316115  0.290247  0.069061  0.424101  0.080623  0.257730  0.282990  0.126135  0.177405  0.421249  0.362210  0.167074  0.163755 
36  0.087776  0.205821  0.424817  0.151672  0.196603  0.227807  0.335509  0.265628  0.069061  0.318498  0.069061  0.345875  0.136204  0.136089  0.187573  0.496954  0.839602  0.568218  0.178338  0.158487  0.572985  0.095237  0.225675  0.380121  0.831200  0.226965  0.296908  0.187995  0.383620  0.090211  0.229984  0.463268  0.074704  0.169479  0.211506  0.479571 0.0  0.114805  0.192445  0.287923  0.482644  0.475974  0.221484  0.128304  0.173725  0.408372  0.127260  0.186586  0.266735  0.268545  0.100001  0.525635  0.146404  0.187620  0.440232  0.230191  0.106092  0.160170  0.202191  0.397095 
37  0.247304  0.347254  0.541696  0.200125  0.299005  0.327531  0.360074  0.179084  0.074050  0.362419  0.327066  0.371280  0.349926  0.158050  0.209915  0.484024  1.000000  0.389518  0.069061  0.381181  0.530971  0.160203  0.329991  0.271267  0.687641  0.069061  0.106727  0.079398  0.429988  0.255044  0.282839  0.445729  0.239928  0.294777  0.113074  0.569794  0.114805 0.0  0.395335  0.505226  0.451769  0.407196  0.340632  0.207469  0.069061  0.312984  0.069061  0.255655  0.248238  0.441860  0.188434  0.571800  0.210427  0.191704  0.471079  0.322503  0.180551  0.257208  0.248071  0.372275 
38  0.329692  0.360381  0.624135  0.232121  0.153096  0.244141  0.493194  0.247673  0.233681  0.246930  0.069061  0.365950  0.100988  0.153849  0.308817  0.357630  0.877875  0.335676  0.259245  0.069061  0.442395  0.282176  0.169383  0.480979  0.757525  0.330471  0.372355  0.369258  0.410128  0.186061  0.475812  0.357265  0.291256  0.462607  0.149783  0.375396  0.192445  0.395335 0.0  0.284707  0.508314  0.282825  0.271281  0.202678  0.274001  0.452816  0.325069  0.297883  0.133497  0.327683  0.385373  0.491252  0.399514  0.341131  0.369999  0.180921  0.334981  0.292199  0.330290  0.353380 
39  0.325863  0.300059  0.371865  0.317314  0.225529  0.282600  0.327692  0.335196  0.353938  0.273918  0.223985  0.291295  0.127983  0.465750  0.381993  0.423489  0.617721  0.305965  0.355115  0.150748  0.355447  0.239473  0.225541  0.353045  0.618456  0.433687  0.503614  0.581746  0.304914  0.287639  0.360504  0.401299  0.397984  0.350764  0.281000  0.150814  0.287923  0.505226  0.284707 0.0  0.388231  0.275256  0.187668  0.312781  0.377524  0.281533  0.298916  0.143555  0.170615  0.298027  0.271522  0.364578  0.302867  0.401919  0.300006  0.193303  0.387526  0.334473  0.345410  0.301911 
40  0.385092  0.264934  0.152140  0.384784  0.382250  0.341283  0.134622  0.248031  0.268521  0.207838  0.516721  0.196233  0.401102  0.456087  0.299424  0.160815  0.378174  0.074292  0.420490  0.453297  0.151485  0.501781  0.442336  0.302737  0.374169  0.384468  0.496021  0.549249  0.199759  0.351695  0.258867  0.179594  0.493991  0.274895  0.348669  0.176246  0.482644  0.451769  0.508314  0.388231 0.0  0.480122  0.352803  0.366922  0.448199  0.229257  0.473614  0.452551  0.296857  0.278029  0.513533  0.108214  0.395991  0.350962  0.159557  0.444724  0.513129  0.461147  0.282943  0.245460 
41  0.391893  0.425181  0.474139  0.420967  0.337479  0.422603  0.502428  0.485145  0.544939  0.276355  0.277354  0.397620  0.269263  0.398541  0.433455  0.354631  0.783325  0.486684  0.541425  0.350325  0.476965  0.423304  0.323128  0.513337  0.770076  0.564594  0.475695  0.604780  0.272963  0.395943  0.408459  0.477668  0.507082  0.517657  0.454987  0.333567  0.475974  0.407196  0.282825  0.275256  0.480122 0.0  0.321152  0.556683  0.515964  0.374605  0.474450  0.286360  0.426457  0.434061  0.536497  0.412981  0.346682  0.488292  0.365564  0.341595  0.442810  0.396511  0.317801  0.327946 
42  0.273070  0.314239  0.284648  0.201376  0.206664  0.120646  0.210793  0.176447  0.243250  0.119187  0.257264  0.273872  0.210569  0.252998  0.200753  0.423188  0.668333  0.343190  0.229342  0.234085  0.368436  0.270188  0.118513  0.201595  0.613920  0.263325  0.306816  0.361273  0.235628  0.287883  0.233924  0.241214  0.317953  0.290505  0.192179  0.204969  0.221484  0.340632  0.271281  0.187668  0.352803  0.321152 0.0  0.225415  0.391512  0.264296  0.216688  0.147680  0.079590  0.189021  0.279726  0.400435  0.259624  0.284191  0.147429  0.087465  0.185269  0.245106  0.091921  0.152948 
43  0.123964  0.273639  0.331402  0.123920  0.226652  0.168507  0.233543  0.208877  0.161611  0.351737  0.335229  0.186051  0.226071  0.254173  0.137978  0.409735  0.791572  0.386410  0.142790  0.300115  0.410625  0.319771  0.211513  0.198091  0.843196  0.126959  0.173752  0.201790  0.339818  0.099500  0.134511  0.263649  0.122646  0.112715  0.069061  0.408200  0.128304  0.207469  0.202678  0.312781  0.366922  0.556683  0.225415 0.0  0.175572  0.371454  0.149218  0.142483  0.107462  0.256939  0.265806  0.449213  0.069061  0.178145  0.372326  0.249699  0.143793  0.069061  0.279154  0.364084 
44  0.078441  0.233503  0.571292  0.073826  0.138731  0.174311  0.366696  0.102452  0.069061  0.344143  0.323708  0.246844  0.238864  0.214850  0.276848  0.595519  0.960441  0.511128  0.156689  0.309048  0.553587  0.185842  0.156770  0.417412  0.776590  0.069061  0.194187  0.069061  0.363773  0.245593  0.327051  0.551115  0.182718  0.252158  0.169807  0.396507  0.173725  0.069061  0.274001  0.377524  0.448199  0.515964  0.391512  0.175572 0.0  0.404343  0.069061  0.279694  0.339105  0.474744  0.088086  0.599079  0.069061  0.190933  0.456203  0.263976  0.135248  0.084607  0.370632  0.498936 
45  0.303481  0.200194  0.078117  0.311592  0.338760  0.149655  0.223130  0.342628  0.451507  0.121526  0.349978  0.146958  0.307948  0.411074  0.229092  0.164714  0.621589  0.215987  0.353231  0.388726  0.190257  0.363866  0.259627  0.069061  0.466990  0.263823  0.463506  0.446522  0.085401  0.372704  0.276799  0.171777  0.340830  0.280077  0.329880  0.149481  0.408372  0.312984  0.452816  0.281533  0.229257  0.374605  0.264296  0.371454  0.404343 0.0  0.342958  0.246888  0.202291  0.069974  0.529227  0.142901  0.229812  0.348142  0.206045  0.250858  0.446173  0.404734  0.158569  0.263656 
46  0.072551  0.299834  0.478137  0.106955  0.277737  0.298347  0.200948  0.256521  0.176711  0.481136  0.295006  0.416117  0.298604  0.198232  0.141474  0.503305  0.894329  0.421200  0.069061  0.353109  0.457165  0.159927  0.172733  0.427098  0.862619  0.135189  0.179125  0.149749  0.406195  0.155243  0.171326  0.507899  0.143918  0.199643  0.135172  0.391472  0.127260  0.069061  0.325069  0.298916  0.473614  0.474450  0.216688  0.149218  0.069061  0.342958 0.0  0.259498  0.322992  0.402606  0.089742  0.542597  0.133433  0.135340  0.355454  0.311527  0.110650  0.170424  0.259198  0.415735 
47  0.180648  0.178864  0.398234  0.141156  0.069061  0.069061  0.358782  0.192379  0.200013  0.256634  0.297678  0.295968  0.069061  0.225775  0.146349  0.395864  0.826567  0.324178  0.147861  0.118937  0.557868  0.302342  0.069061  0.298911  0.636137  0.171350  0.351272  0.376233  0.333792  0.171750  0.180262  0.398927  0.184838  0.238872  0.181646  0.316115  0.186586  0.255655  0.297883  0.143555  0.452551  0.286360  0.147680  0.142483  0.279694  0.246888  0.259498 0.0  0.140160  0.388205  0.216133  0.459251  0.212544  0.218944  0.331211  0.106525  0.235485  0.202218  0.152472  0.211227 
48  0.241057  0.196756  0.346930  0.183247  0.069061  0.069061  0.272729  0.131235  0.187983  0.132811  0.203728  0.188745  0.224014  0.257432  0.114405  0.402406  0.717978  0.269440  0.195813  0.314184  0.386617  0.080730  0.090137  0.263433  0.675537  0.298097  0.337845  0.501538  0.253567  0.081632  0.350183  0.330822  0.237643  0.250600  0.203220  0.290247  0.266735  0.248238  0.133497  0.170615  0.296857  0.426457  0.079590  0.107462  0.339105  0.202291  0.322992  0.140160 0.0  0.170715  0.311284  0.317419  0.209076  0.169627  0.236342  0.125293  0.288787  0.184474  0.174919  0.300583 
49  0.422932  0.268860  0.203210  0.336332  0.294410  0.163404  0.221224  0.200950  0.400154  0.088561  0.396754  0.091001  0.288581  0.408812  0.314598  0.174392  0.647829  0.099521  0.383240  0.352483  0.179026  0.380126  0.258096  0.138274  0.558259  0.455466  0.383560  0.635040  0.097324  0.423529  0.318511  0.165022  0.271130  0.253250  0.406860  0.069061  0.268545  0.441860  0.327683  0.298027  0.278029  0.434061  0.189021  0.256939  0.474744  0.069974  0.402606  0.388205  0.170715 0.0  0.393576  0.209635  0.305307  0.413692  0.147434  0.123462  0.341275  0.379056  0.107741  0.178377 
50  0.069061  0.249480  0.459320  0.069061  0.267964  0.210317  0.358452  0.163091  0.069061  0.288030  0.282612  0.399293  0.301351  0.089189  0.131324  0.608285  0.847374  0.437575  0.114916  0.348301  0.486541  0.188844  0.188316  0.294093  0.735390  0.103691  0.080019  0.069061  0.447547  0.173377  0.306330  0.413874  0.072272  0.169873  0.107537  0.424101  0.100001  0.188434  0.385373  0.271522  0.513533  0.536497  0.279726  0.265806  0.088086  0.529227  0.089742  0.216133  0.311284  0.393576 0.0  0.520100  0.150232  0.092027  0.459864  0.311980  0.184487  0.141069  0.307824  0.431902 
51  0.540246  0.335134  0.109330  0.386008  0.515652  0.471682  0.319641  0.404043  0.647639  0.219261  0.491222  0.224798  0.426961  0.441035  0.439122  0.101582  0.432010  0.265908  0.557900  0.449021  0.166244  0.463935  0.514718  0.323148  0.437943  0.482957  0.535823  0.543237  0.152698  0.392356  0.376304  0.178269  0.556163  0.414481  0.416341  0.080623  0.525635  0.571800  0.491252  0.364578  0.108214  0.412981  0.400435  0.449213  0.599079  0.142901  0.542597  0.459251  0.317419  0.209635  0.520100 0.0  0.491785  0.587741  0.340396  0.288892  0.539216  0.481176  0.332748  0.303883 
52  0.093810  0.215889  0.308450  0.099365  0.224471  0.120561  0.251661  0.103783  0.084300  0.329663  0.209035  0.287458  0.301272  0.189631  0.154810  0.423922  0.837457  0.464793  0.201730  0.283469  0.515639  0.197014  0.164995  0.178123  0.666255  0.180161  0.215702  0.157580  0.360620  0.140055  0.241893  0.460865  0.116381  0.180645  0.108815  0.257730  0.146404  0.210427  0.399514  0.302867  0.395991  0.346682  0.259624  0.069061  0.069061  0.229812  0.133433  0.212544  0.209076  0.305307  0.150232  0.491785 0.0  0.117971  0.415870  0.249556  0.069061  0.095487  0.308043  0.377609 
53  0.069061  0.388026  0.472494  0.135009  0.225068  0.295907  0.419569  0.302599  0.082287  0.412709  0.287198  0.317420  0.173172  0.112676  0.136908  0.578620  0.899124  0.453176  0.069061  0.372418  0.455711  0.193429  0.258092  0.291901  0.799850  0.154373  0.150486  0.159805  0.414817  0.244151  0.251967  0.324132  0.183281  0.203497  0.130140  0.282990  0.187620  0.191704  0.341131  0.401919  0.350962  0.488292  0.284191  0.178145  0.190933  0.348142  0.135340  0.218944  0.169627  0.413692  0.092027  0.587741  0.117971 0.0  0.462309  0.272469  0.097058  0.123475  0.390201  0.449253 
54  0.325337  0.277493  0.304193  0.449633  0.285175  0.225244  0.265499  0.233095  0.396320  0.150699  0.493351  0.165149  0.286562  0.482435  0.340354  0.211590  0.595154  0.095041  0.378926  0.363348  0.375063  0.362138  0.285441  0.165190  0.357161  0.423881  0.502375  0.601752  0.099683  0.380258  0.245741  0.225730  0.437751  0.350298  0.431620  0.126135  0.440232  0.471079  0.369999  0.300006  0.159557  0.365564  0.147429  0.372326  0.456203  0.206045  0.355454  0.331211  0.236342  0.147434  0.459864  0.340396  0.415870  0.462309 0.0  0.212067  0.397131  0.301079  0.165175  0.127479 
55  0.276650  0.144852  0.339800  0.112729  0.070701  0.207130  0.255729  0.266858  0.231974  0.199795  0.259006  0.163930  0.262983  0.310386  0.261853  0.381920  0.721163  0.281641  0.305663  0.206827  0.361915  0.201035  0.270603  0.117933  0.635723  0.332600  0.340607  0.321489  0.185206  0.208272  0.211828  0.300133  0.295274  0.206524  0.278977  0.177405  0.230191  0.322503  0.180921  0.193303  0.444724  0.341595  0.087465  0.249699  0.263976  0.250858  0.311527  0.106525  0.125293  0.123462  0.311980  0.288892  0.249556  0.272469  0.212067 0.0  0.281251  0.266675  0.262445  0.211516 
56  0.113808  0.296392  0.435340  0.091233  0.144128  0.183011  0.396478  0.181885  0.151648  0.396561  0.243076  0.345588  0.164289  0.124042  0.154248  0.546334  0.778270  0.340114  0.208789  0.370325  0.529780  0.205122  0.239786  0.315767  0.710447  0.206556  0.257855  0.166843  0.458204  0.106016  0.248901  0.463980  0.076093  0.263057  0.083640  0.421249  0.106092  0.180551  0.334981  0.387526  0.513129  0.442810  0.185269  0.143793  0.135248  0.446173  0.110650  0.235485  0.288787  0.341275  0.184487  0.539216  0.069061  0.097058  0.397131  0.281251 0.0  0.242790  0.293377  0.463015 
57  0.103514  0.276241  0.496851  0.142734  0.132899  0.158984  0.332601  0.196132  0.129671  0.283993  0.236838  0.402064  0.199487  0.099874  0.217977  0.480930  0.821701  0.491219  0.189943  0.234925  0.473195  0.080150  0.116874  0.266771  0.740582  0.145544  0.223234  0.337987  0.421054  0.069061  0.189549  0.442574  0.069061  0.223268  0.069061  0.362210  0.160170  0.257208  0.292199  0.334473  0.461147  0.396511  0.245106  0.069061  0.084607  0.404734  0.170424  0.202218  0.184474  0.379056  0.141069  0.481176  0.095487  0.123475  0.301079  0.266675  0.242790 0.0  0.214146  0.435826 
58  0.189674  0.069061  0.230119  0.176091  0.219742  0.213833  0.175400  0.196114  0.261453  0.178269  0.193463  0.136306  0.339346  0.310825  0.207904  0.419229  0.462845  0.188990  0.351820  0.309486  0.250892  0.319369  0.289945  0.150197  0.621822  0.286510  0.325112  0.240331  0.301580  0.335254  0.120996  0.223012  0.262837  0.200190  0.127550  0.167074  0.202191  0.248071  0.330290  0.345410  0.282943  0.317801  0.091921  0.279154  0.370632  0.158569  0.259198  0.152472  0.174919  0.107741  0.307824  0.332748  0.308043  0.390201  0.165175  0.262445  0.293377  0.214146 0.0  0.228420 
59  0.423452  0.200179  0.236439  0.314397  0.304216  0.190132  0.272088  0.283665  0.356418  0.092355  0.270333  0.218267  0.276392  0.353599  0.281801  0.224445  0.641677  0.230447  0.421862  0.358937  0.227892  0.334557  0.442189  0.165757  0.360670  0.503956  0.509906  0.532452  0.242055  0.325800  0.370994  0.291193  0.401020  0.414301  0.282155  0.163755  0.397095  0.372275  0.353380  0.301911  0.245460  0.327946  0.152948  0.364084  0.498936  0.263656  0.415735  0.211227  0.300583  0.178377  0.431902  0.303883  0.377609  0.449253  0.127479  0.211516  0.463015  0.435826  0.228420 0.0 
