60
0 0.0  0.258552  0.464388  0.122621  0.226788  0.217196  0.309003  0.153920  0.109786  0.313744  0.259609  0.285605  0.270145  0.108337  0.156546  0.419683  0.784259  0.462989  0.097174  0.304078  0.473662  0.189141  0.164242  0.250513  0.621254  0.089479  0.157134  0.203151  0.378590  0.161175  0.205887  0.427752  0.156756  0.148314  0.152572  0.350746  0.160126  0.137414  0.328010  0.291546  0.380394  0.519472  0.267407  0.119808  0.144815  0.373854  0.123491  0.181662  0.238324  0.354185  0.113796  0.554726  0.104260  0.106415  0.388009  0.258365  0.134382  0.160953  0.264135  0.389030 
1  0.258552 0.0  0.285826  0.214079  0.274487  0.124814  0.189385  0.165155  0.263289  0.194287  0.285106  0.152110  0.253023  0.296643  0.150474  0.294262  0.712528  0.253648  0.282201  0.312292  0.336840  0.276135  0.257137  0.102932  0.653971  0.236181  0.353083  0.364329  0.232938  0.283449  0.168931  0.262829  0.324731  0.173656  0.213663  0.174059  0.283095  0.339164  0.365038  0.301444  0.268373  0.436449  0.185718  0.195498  0.323336  0.178059  0.284681  0.217236  0.204401  0.202761  0.297556  0.300021  0.238752  0.256090  0.236510  0.190945  0.288457  0.256917  0.100997  0.276775 
2  0.464388  0.285826 0.0  0.396214  0.455439  0.325229  0.240035  0.260799  0.517645  0.250410  0.485042  0.212736  0.434272  0.559129  0.391566  0.131514  0.449960  0.114084  0.470243  0.451894  0.123841  0.569810  0.439749  0.260670  0.391520  0.492125  0.459639  0.583466  0.187344  0.518950  0.338271  0.145944  0.574705  0.386954  0.385351  0.204703  0.530929  0.489162  0.482592  0.360035  0.127400  0.466042  0.308785  0.358368  0.479920  0.177527  0.501786  0.347911  0.368254  0.160562  0.465447  0.157640  0.430644  0.471281  0.200982  0.348417  0.456415  0.458873  0.263737  0.217322 
3  0.122621  0.214079  0.396214 0.0  0.184276  0.154320  0.302161  0.118130  0.116056  0.276340  0.231286  0.300617  0.206299  0.124751  0.116923  0.400656  0.765317  0.361374  0.136452  0.328173  0.480350  0.160926  0.153252  0.240293  0.703619  0.133891  0.199555  0.263338  0.340008  0.139615  0.179260  0.396936  0.182099  0.118242  0.128810  0.331482  0.172411  0.192378  0.300571  0.319407  0.395568  0.421975  0.217243  0.086569  0.183308  0.304247  0.165840  0.159912  0.193799  0.315794  0.154446  0.533748  0.091369  0.149287  0.346429  0.230167  0.136237  0.163210  0.223002  0.367712 
4  0.226788  0.274487  0.455439  0.184276 0.0  0.196476  0.358769  0.225261  0.191155  0.291237  0.125963  0.332640  0.100353  0.215846  0.197082  0.515308  0.822218  0.426887  0.237568  0.161115  0.469468  0.149632  0.111067  0.266730  0.761451  0.239369  0.274604  0.317113  0.297660  0.146109  0.300734  0.435378  0.213103  0.236674  0.144592  0.374044  0.180660  0.272192  0.186784  0.229412  0.419163  0.343640  0.184712  0.189664  0.257808  0.374059  0.241322  0.131411  0.170062  0.325681  0.254798  0.478382  0.203773  0.249105  0.349100  0.186350  0.233396  0.179313  0.254334  0.368882 
5  0.217196  0.124814  0.325229  0.154320  0.196476 0.0  0.254456  0.139762  0.197993  0.205721  0.246293  0.219894  0.205055  0.223781  0.110844  0.346052  0.758964  0.285118  0.196394  0.328334  0.341428  0.237670  0.175441  0.162032  0.606514  0.210765  0.289386  0.358971  0.257720  0.219170  0.197960  0.279585  0.245165  0.153730  0.187516  0.225687  0.229139  0.237041  0.303841  0.309823  0.325297  0.380899  0.150157  0.149414  0.259952  0.243410  0.215728  0.150970  0.149540  0.231316  0.247743  0.364379  0.161363  0.233786  0.259791  0.150188  0.248298  0.203893  0.140564  0.290814 
6  0.309003  0.189385  0.240035  0.302161  0.358769  0.254456 0.0  0.218501  0.296786  0.318288  0.381842  0.196917  0.409278  0.374593  0.292299  0.280037  0.665021  0.219642  0.346133  0.445769  0.273572  0.353589  0.299188  0.209022  0.512976  0.333792  0.412972  0.374387  0.239072  0.407198  0.191414  0.151270  0.384976  0.259753  0.364318  0.268650  0.340409  0.419515  0.524002  0.405301  0.217039  0.550176  0.286068  0.395747  0.381985  0.192114  0.362978  0.348321  0.260709  0.231790  0.362761  0.316818  0.312744  0.353701  0.294254  0.274313  0.443734  0.374173  0.201921  0.291283 
7  0.153920  0.165155  0.260799  0.118130  0.225261  0.139762  0.218501 0.0  0.147405  0.278950  0.262642  0.264683  0.247227  0.171312  0.101791  0.449243  0.830062  0.327018  0.164386  0.342667  0.422003  0.216012  0.196975  0.201756  0.761922  0.167423  0.227888  0.264125  0.283178  0.193382  0.156126  0.305310  0.214122  0.106655  0.167209  0.357878  0.237613  0.219603  0.331227  0.379218  0.339380  0.434745  0.218418  0.142129  0.203696  0.234165  0.207249  0.163199  0.198828  0.259641  0.198850  0.452680  0.136120  0.184473  0.324216  0.216173  0.210991  0.179518  0.179564  0.314483 
8  0.109786  0.263289  0.517645  0.116056  0.191155  0.197993  0.296786  0.147405 0.0  0.299173  0.231817  0.351976  0.210967  0.089686  0.148351  0.459947  0.794280  0.426356  0.108840  0.280663  0.457547  0.150985  0.159796  0.270408  0.690896  0.117076  0.175206  0.176513  0.414178  0.123213  0.209040  0.407738  0.144154  0.175663  0.112631  0.393405  0.132889  0.149847  0.257024  0.370088  0.442184  0.454601  0.249974  0.094375  0.150656  0.337464  0.137614  0.205536  0.232350  0.370944  0.116178  0.421873  0.095623  0.133751  0.397062  0.236609  0.120717  0.117006  0.241582  0.359169 
9  0.313744  0.194287  0.250410  0.276340  0.291237  0.205721  0.318288  0.278950  0.299173 0.0  0.286519  0.163748  0.239406  0.314688  0.245290  0.260186  0.670317  0.249580  0.362973  0.311113  0.292218  0.325254  0.289230  0.193085  0.539448  0.324472  0.459569  0.453608  0.143404  0.311327  0.237120  0.265548  0.357500  0.307175  0.307785  0.134473  0.365931  0.424975  0.347440  0.175776  0.266566  0.304288  0.165217  0.267501  0.361826  0.176589  0.315595  0.233295  0.206079  0.150352  0.360884  0.282042  0.306734  0.378176  0.125992  0.171082  0.399176  0.316995  0.173766  0.132890 
10  0.259609  0.285106  0.485042  0.231286  0.125963  0.246293  0.381842  0.262642  0.231817  0.286519 0.0  0.307290  0.118362  0.251444  0.270454  0.469893  1.000000  0.395741  0.244318  0.125545  0.569682  0.199765  0.165499  0.296143  0.697549  0.318554  0.361827  0.417830  0.362824  0.186328  0.364075  0.430676  0.255142  0.322970  0.197711  0.384463  0.220936  0.357940  0.126209  0.205439  0.435162  0.319156  0.204708  0.218291  0.314682  0.389091  0.344140  0.142865  0.194793  0.328085  0.303819  0.459632  0.247871  0.303093  0.339952  0.226333  0.258263  0.233269  0.311006  0.326779 
11  0.285605  0.152110  0.212736  0.300617  0.332640  0.219894  0.196917  0.264683  0.351976  0.163748  0.307290 0.0  0.308542  0.319396  0.235319  0.264823  0.591854  0.195231  0.309852  0.360133  0.260175  0.359595  0.280988  0.118130  0.460466  0.261295  0.417505  0.393737  0.151943  0.353684  0.248789  0.188062  0.339571  0.272604  0.335130  0.147136  0.384247  0.386958  0.382527  0.328357  0.193476  0.421240  0.216250  0.317286  0.413063  0.110010  0.348192  0.271637  0.231917  0.134813  0.351100  0.287265  0.294126  0.326125  0.166669  0.217814  0.376610  0.337782  0.126879  0.188529 
12  0.270145  0.253023  0.434272  0.206299  0.100353  0.205055  0.409278  0.247227  0.210967  0.239406  0.118362  0.308542 0.0  0.209932  0.210086  0.453496  0.693724  0.386093  0.272852  0.178995  0.482593  0.177310  0.121417  0.240576  0.681099  0.257031  0.318946  0.310919  0.337250  0.177445  0.314448  0.369093  0.225608  0.259052  0.159184  0.340709  0.178462  0.283240  0.181272  0.231616  0.431268  0.267601  0.161306  0.210543  0.273154  0.294612  0.266758  0.130285  0.149890  0.296570  0.258034  0.433882  0.210113  0.262612  0.298158  0.160155  0.248846  0.166128  0.278976  0.323115 
13  0.108337  0.296643  0.559129  0.124751  0.215846  0.223781  0.374593  0.171312  0.089686  0.314688  0.251444  0.319396  0.209932 0.0  0.144970  0.483398  0.876511  0.464149  0.086524  0.299009  0.512949  0.152132  0.177123  0.283251  0.723576  0.113309  0.148915  0.196191  0.406788  0.122438  0.221700  0.454180  0.133919  0.167333  0.128313  0.414265  0.124256  0.155244  0.304110  0.355878  0.445266  0.457301  0.251317  0.117414  0.123015  0.369164  0.118306  0.197626  0.251577  0.380367  0.100732  0.605215  0.110906  0.110374  0.457069  0.265388  0.101437  0.111663  0.244417  0.415485 
14  0.156546  0.150474  0.391566  0.116923  0.197082  0.110844  0.292299  0.101791  0.148351  0.245290  0.270454  0.235319  0.210086  0.144970 0.0  0.384161  0.773127  0.314838  0.162181  0.291215  0.403938  0.210452  0.157080  0.217452  0.805722  0.187876  0.227058  0.282338  0.342323  0.169884  0.164138  0.342655  0.194460  0.138220  0.146384  0.285539  0.205013  0.235129  0.279025  0.310834  0.342660  0.401579  0.204954  0.119709  0.219270  0.277935  0.184156  0.150231  0.162242  0.295062  0.184406  0.398530  0.138743  0.185739  0.326036  0.185897  0.194668  0.198811  0.191121  0.304780 
15  0.419683  0.294262  0.131514  0.400656  0.515308  0.346052  0.280037  0.449243  0.459947  0.260186  0.469893  0.264823  0.453496  0.483398  0.384161 0.0  0.410286  0.132159  0.587658  0.447208  0.117653  0.565023  0.443622  0.276917  0.391658  0.469689  0.588932  0.608360  0.199348  0.534290  0.386795  0.201398  0.533955  0.446024  0.430373  0.189709  0.595061  0.539183  0.513354  0.353282  0.195291  0.401757  0.331289  0.511682  0.532615  0.203579  0.520171  0.398027  0.360601  0.202180  0.546173  0.114839  0.497291  0.561072  0.215203  0.376546  0.474322  0.478346  0.307275  0.257626 
16  0.784259  0.712528  0.449960  0.765317  0.822218  0.758964  0.665021  0.830062  0.794280  0.670317  1.000000  0.591854  0.693724  0.876511  0.773127  0.410286 0.0  0.467267  0.799940  0.885955  0.395479  0.842289  0.757424  0.642930  0.143320  0.764534  0.945942  0.865322  0.549201  0.776368  0.662241  0.525284  0.824463  0.648516  0.868210  0.492401  0.783068  0.817713  0.859512  0.769041  0.463158  0.544478  0.737400  0.776301  0.999276  0.517694  0.843726  0.811352  0.800724  0.619898  0.683169  0.403380  0.890497  0.771425  0.563759  0.649838  0.853069  0.687727  0.691812  0.579180 
17  0.462989  0.253648  0.114084  0.361374  0.426887  0.285118  0.219642  0.327018  0.426356  0.249580  0.395741  0.195231  0.386093  0.464149  0.314838  0.132159  0.467267 0.0  0.440141  0.471649  0.151923  0.484224  0.377380  0.200342  0.380877  0.417513  0.511543  0.502277  0.142795  0.400980  0.322712  0.153512  0.503611  0.352333  0.456873  0.162045  0.390701  0.423602  0.468110  0.380647  0.161781  0.450837  0.276897  0.445065  0.468609  0.145562  0.458187  0.378439  0.287520  0.151589  0.457946  0.167870  0.408518  0.514938  0.171666  0.355244  0.475030  0.451382  0.231491  0.197596 
18  0.097174  0.282201  0.470243  0.136452  0.237568  0.196394  0.346133  0.164386  0.108840  0.362973  0.244318  0.309852  0.272852  0.086524  0.162181  0.587658  0.799940  0.440141 0.0  0.331697  0.519446  0.161650  0.191662  0.250922  0.823198  0.104882  0.149061  0.194532  0.430886  0.157761  0.219171  0.423550  0.147301  0.189296  0.146135  0.395050  0.131857  0.138935  0.319387  0.354843  0.418562  0.471336  0.234236  0.133875  0.116498  0.411326  0.112150  0.224796  0.258742  0.383025  0.090342  0.527800  0.120360  0.098390  0.380809  0.269823  0.100832  0.139944  0.290756  0.384798 
19  0.304078  0.312292  0.451894  0.328173  0.161115  0.328334  0.445769  0.342667  0.280663  0.311113  0.125545  0.360133  0.178995  0.299009  0.291215  0.447208  0.885955  0.471649  0.331697 0.0  0.480053  0.208967  0.192924  0.303948  0.821996  0.374808  0.374968  0.370523  0.351996  0.180925  0.386700  0.508845  0.259702  0.349951  0.256815  0.389563  0.236171  0.351306  0.084972  0.207525  0.519540  0.246436  0.255042  0.299312  0.325231  0.383781  0.273994  0.221625  0.201506  0.389218  0.328864  0.521617  0.283661  0.319195  0.364740  0.216474  0.327309  0.283997  0.353110  0.408080 
20  0.473662  0.336840  0.123841  0.480350  0.469468  0.341428  0.273572  0.422003  0.457547  0.292218  0.569682  0.260175  0.482593  0.512949  0.403938  0.117653  0.395479  0.151923  0.519446  0.480053 0.0  0.526209  0.524342  0.323274  0.376810  0.530248  0.577293  0.613209  0.222084  0.569475  0.414200  0.189992  0.636667  0.395024  0.540443  0.261302  0.674646  0.529456  0.446245  0.414922  0.173598  0.416522  0.381147  0.439012  0.551904  0.247621  0.593725  0.416014  0.379722  0.249065  0.454322  0.166578  0.535919  0.513583  0.280025  0.458896  0.568461  0.540510  0.337892  0.292909 
21  0.189141  0.276135  0.569810  0.160926  0.149632  0.237670  0.353589  0.216012  0.150985  0.325254  0.199765  0.359595  0.177310  0.152132  0.210452  0.565023  0.842289  0.484224  0.161650  0.208967  0.526209 0.0  0.127141  0.339405  0.989117  0.171428  0.219491  0.265538  0.428070  0.092313  0.276746  0.444295  0.114600  0.249850  0.131271  0.455912  0.107110  0.191406  0.229118  0.303494  0.468448  0.426814  0.211276  0.144060  0.190074  0.328581  0.171039  0.170563  0.218642  0.336938  0.162787  0.545398  0.157730  0.187681  0.426638  0.249717  0.154781  0.101850  0.321521  0.351466 
22  0.164242  0.257137  0.439749  0.153252  0.111067  0.175441  0.299188  0.196975  0.159796  0.289230  0.165499  0.280988  0.121417  0.177123  0.157080  0.443622  0.757424  0.377380  0.191662  0.192924  0.524342  0.127141 0.0  0.233706  0.748251  0.209235  0.294241  0.311840  0.399736  0.123249  0.293767  0.376987  0.157541  0.215665  0.116099  0.350188  0.146041  0.221935  0.220182  0.260688  0.432213  0.362908  0.187918  0.150988  0.211268  0.326604  0.239476  0.116214  0.163037  0.316468  0.196818  0.403428  0.158402  0.172391  0.325691  0.180158  0.185960  0.144617  0.247722  0.309100 
23  0.250513  0.102932  0.260670  0.240293  0.266730  0.162032  0.209022  0.201756  0.270408  0.193085  0.296143  0.118130  0.240576  0.283251  0.217452  0.276917  0.642930  0.200342  0.250922  0.303948  0.323274  0.339405  0.233706 0.0  0.578807  0.280166  0.305707  0.405660  0.189601  0.299190  0.174509  0.216524  0.330581  0.195503  0.252830  0.184838  0.313972  0.367315  0.355882  0.323556  0.224232  0.406987  0.178114  0.260392  0.315223  0.162848  0.306793  0.230695  0.205234  0.171512  0.314678  0.348730  0.284163  0.322590  0.194701  0.186224  0.290457  0.326371  0.087284  0.228811 
24  0.621254  0.653971  0.391520  0.703619  0.761451  0.606514  0.512976  0.761922  0.690896  0.539448  0.697549  0.460466  0.681099  0.723576  0.805722  0.391658  0.143320  0.380877  0.823198  0.821996  0.376810  0.989117  0.748251  0.578807 0.0  0.727975  0.819314  0.898989  0.471650  0.749386  0.738722  0.411935  0.794946  0.692063  0.920456  0.559709  0.727719  0.965816  0.819242  0.665235  0.426555  0.710879  0.697237  0.826491  0.961052  0.440601  0.733540  0.704859  0.653661  0.500329  0.675494  0.397703  0.706886  0.844408  0.456101  0.605808  0.886575  0.912970  0.594909  0.539407 
25  0.089479  0.236181  0.492125  0.133891  0.239369  0.210765  0.333792  0.167423  0.117076  0.324472  0.318554  0.261295  0.257031  0.113309  0.187876  0.469689  0.764534  0.417513  0.104882  0.374808  0.530248  0.171428  0.209235  0.280166  0.727975 0.0  0.133888  0.194382  0.350042  0.175294  0.195510  0.424752  0.168611  0.156841  0.159301  0.402280  0.166447  0.135329  0.370468  0.438522  0.422645  0.460340  0.261203  0.129951  0.130413  0.414634  0.104406  0.224959  0.252586  0.330831  0.106611  0.516512  0.113412  0.087001  0.459799  0.312549  0.125297  0.154742  0.279264  0.422507 
26  0.157134  0.353083  0.459639  0.199555  0.274604  0.289386  0.412972  0.227888  0.175206  0.459569  0.361827  0.417505  0.318946  0.148915  0.227058  0.588932  0.945942  0.511543  0.149061  0.374968  0.577293  0.219491  0.294241  0.305707  0.819314  0.133888 0.0  0.134029  0.498846  0.226880  0.264425  0.401490  0.205439  0.215489  0.184269  0.474629  0.203541  0.091514  0.354149  0.411781  0.502528  0.543045  0.351938  0.183173  0.116086  0.429855  0.110280  0.280403  0.308935  0.428536  0.135290  0.522050  0.193622  0.116998  0.526868  0.347347  0.150319  0.183902  0.320728  0.454503 
27  0.203151  0.364329  0.583466  0.263338  0.317113  0.358971  0.374387  0.264125  0.176513  0.453608  0.417830  0.393737  0.310919  0.196191  0.282338  0.608360  0.865322  0.502277  0.194532  0.370523  0.613209  0.265538  0.311840  0.405660  0.898989  0.194382  0.134029 0.0  0.580441  0.269773  0.292244  0.524556  0.231900  0.243471  0.293865  0.509449  0.248842  0.143621  0.404462  0.554288  0.440349  0.652379  0.382156  0.260207  0.152568  0.537239  0.166478  0.362308  0.348764  0.432939  0.191915  0.573128  0.232601  0.198237  0.601157  0.416328  0.197334  0.253729  0.428787  0.555977 
28  0.378590  0.232938  0.187344  0.340008  0.297660  0.257720  0.239072  0.283178  0.414178  0.143404  0.362824  0.151943  0.337250  0.406788  0.342323  0.199348  0.549201  0.142795  0.430886  0.351996  0.222084  0.428070  0.399736  0.189601  0.471650  0.350042  0.498846  0.580441 0.0  0.432059  0.327651  0.195946  0.496427  0.363926  0.380551  0.093927  0.353300  0.524355  0.423460  0.287709  0.217100  0.368495  0.228674  0.377288  0.391588  0.139446  0.421768  0.299047  0.274826  0.102675  0.420884  0.195560  0.403259  0.436147  0.100777  0.243319  0.490522  0.435199  0.215009  0.122835 
29  0.161175  0.283449  0.518950  0.139615  0.146109  0.219170  0.407198  0.193382  0.123213  0.311327  0.186328  0.353684  0.177445  0.122438  0.169884  0.534290  0.776368  0.400980  0.157761  0.180925  0.569475  0.092313  0.123249  0.299190  0.749386  0.175294  0.226880  0.269773  0.432059 0.0  0.256959  0.443187  0.126915  0.200671  0.104836  0.366586  0.102559  0.197295  0.217247  0.317079  0.519691  0.364297  0.229092  0.128590  0.187063  0.337926  0.184466  0.162953  0.175475  0.388479  0.136139  0.463798  0.133181  0.192829  0.336508  0.194344  0.144904  0.089973  0.296712  0.381117 
30  0.205887  0.168931  0.338271  0.179260  0.300734  0.197960  0.191414  0.156126  0.209040  0.237120  0.364075  0.248789  0.314448  0.221700  0.164138  0.386795  0.662241  0.322712  0.219171  0.386700  0.414200  0.276746  0.293767  0.174509  0.738722  0.195510  0.264425  0.292244  0.327651  0.256959 0.0  0.254650  0.338275  0.129774  0.229816  0.293554  0.264806  0.239089  0.437422  0.372872  0.308078  0.503530  0.284847  0.209429  0.257695  0.270542  0.250736  0.264135  0.282189  0.293893  0.248635  0.386402  0.187735  0.234112  0.346262  0.295998  0.243448  0.266003  0.198670  0.314969 
31  0.427752  0.262829  0.145944  0.396936  0.435378  0.279585  0.151270  0.305310  0.407738  0.265548  0.430676  0.188062  0.369093  0.454180  0.342655  0.201398  0.525284  0.153512  0.423550  0.508845  0.189992  0.444295  0.376987  0.216524  0.411935  0.424752  0.401490  0.524556  0.195946  0.443187  0.254650 0.0  0.425779  0.276441  0.387022  0.201650  0.455309  0.509228  0.541149  0.425532  0.107520  0.488900  0.341733  0.378540  0.482086  0.147770  0.415003  0.347398  0.348214  0.201119  0.502483  0.261094  0.368826  0.466844  0.208665  0.360199  0.497092  0.430370  0.212939  0.240804 
32  0.156756  0.324731  0.574705  0.182099  0.213103  0.245165  0.384976  0.214122  0.144154  0.357500  0.255142  0.339571  0.225608  0.133919  0.194460  0.533955  0.824463  0.503611  0.147301  0.259702  0.636667  0.114600  0.157541  0.330581  0.794946  0.168611  0.205439  0.231900  0.496427  0.126915  0.338275  0.425779 0.0  0.213749  0.158448  0.484554  0.095383  0.161771  0.285724  0.343176  0.518507  0.447511  0.286597  0.162569  0.155759  0.412606  0.159820  0.209824  0.260232  0.401469  0.135155  0.543252  0.143770  0.169133  0.442564  0.280824  0.129742  0.107520  0.361388  0.508277 
33  0.148314  0.173656  0.386954  0.118242  0.236674  0.153730  0.259753  0.106655  0.175663  0.307175  0.322970  0.272604  0.259052  0.167333  0.138220  0.446024  0.648516  0.352333  0.189296  0.349951  0.395024  0.249850  0.215665  0.195503  0.692063  0.156841  0.215489  0.243471  0.363926  0.200671  0.129774  0.276441  0.213749 0.0  0.191771  0.290979  0.214219  0.200868  0.388690  0.377126  0.357205  0.529949  0.246330  0.157721  0.193040  0.279638  0.195771  0.219337  0.232701  0.299926  0.198914  0.456096  0.158714  0.178124  0.332745  0.249214  0.214628  0.219124  0.215877  0.325534 
34  0.152572  0.213663  0.385351  0.128810  0.144592  0.187516  0.364318  0.167209  0.112631  0.307785  0.197711  0.335130  0.159184  0.128313  0.146384  0.430373  0.868210  0.456873  0.146135  0.256815  0.540443  0.131271  0.116099  0.252830  0.920456  0.159301  0.184269  0.293865  0.380551  0.104836  0.229816  0.387022  0.158448  0.191771 0.0  0.376385  0.125567  0.197539  0.284465  0.320212  0.458494  0.419190  0.201285  0.105917  0.170823  0.355264  0.175025  0.136426  0.191572  0.338297  0.161310  0.542452  0.113156  0.145209  0.324291  0.201784  0.148224  0.109703  0.271806  0.363043 
35  0.350746  0.174059  0.204703  0.331482  0.374044  0.225687  0.268650  0.357878  0.393405  0.134473  0.384463  0.147136  0.340709  0.414265  0.285539  0.189709  0.492401  0.162045  0.395050  0.389563  0.261302  0.455912  0.350188  0.184838  0.559709  0.402280  0.474629  0.509449  0.093927  0.366586  0.293554  0.201650  0.484554  0.290979  0.376385 0.0  0.399448  0.503506  0.421136  0.295395  0.237447  0.354084  0.210932  0.377800  0.454410  0.134153  0.458233  0.280433  0.260467  0.092277  0.435437  0.189008  0.346694  0.429796  0.097773  0.199038  0.365055  0.367071  0.202952  0.120609 
36  0.160126  0.283095  0.530929  0.172411  0.180660  0.229139  0.340409  0.237613  0.132889  0.365931  0.220936  0.384247  0.178462  0.124256  0.205013  0.595061  0.783068  0.390701  0.131857  0.236171  0.674646  0.107110  0.146041  0.313972  0.727719  0.166447  0.203541  0.248842  0.353300  0.102559  0.264806  0.455309  0.095383  0.214219  0.125567  0.399448 0.0  0.187303  0.269002  0.395672  0.459865  0.462386  0.269255  0.157673  0.152478  0.408641  0.162146  0.197962  0.232178  0.350080  0.141571  0.543811  0.146663  0.152182  0.391047  0.231344  0.117935  0.090226  0.262367  0.415547 
37  0.137414  0.339164  0.489162  0.192378  0.272192  0.237041  0.419515  0.219603  0.149847  0.424975  0.357940  0.386958  0.283240  0.155244  0.235129  0.539183  0.817713  0.423602  0.138935  0.351306  0.529456  0.191406  0.221935  0.367315  0.965816  0.135329  0.091514  0.143621  0.524355  0.197295  0.239089  0.509228  0.161771  0.200868  0.197539  0.503506  0.187303 0.0  0.328350  0.461308  0.510957  0.594159  0.353642  0.181527  0.099366  0.422254  0.101092  0.293422  0.280353  0.428555  0.114671  0.631206  0.161828  0.108398  0.463126  0.273046  0.136158  0.185275  0.346054  0.544918 
38  0.328010  0.365038  0.482592  0.300571  0.186784  0.303841  0.524002  0.331227  0.257024  0.347440  0.126209  0.382527  0.181272  0.304110  0.279025  0.513354  0.859512  0.468110  0.319387  0.084972  0.446245  0.229118  0.220182  0.355882  0.819242  0.370468  0.354149  0.404462  0.423460  0.217247  0.437422  0.541149  0.285724  0.388690  0.284465  0.421136  0.269002  0.328350 0.0  0.222937  0.491824  0.257313  0.260093  0.309044  0.330389  0.448562  0.363315  0.213174  0.209577  0.361434  0.345673  0.597554  0.326823  0.304044  0.391088  0.244121  0.307823  0.250894  0.323070  0.317206 
39  0.291546  0.301444  0.360035  0.319407  0.229412  0.309823  0.405301  0.379218  0.370088  0.175776  0.205439  0.328357  0.231616  0.355878  0.310834  0.353282  0.769041  0.380647  0.354843  0.207525  0.414922  0.303494  0.260688  0.323556  0.665235  0.438522  0.411781  0.554288  0.287709  0.317079  0.372872  0.425532  0.343176  0.377126  0.320212  0.295395  0.395672  0.461308  0.222937 0.0  0.428675  0.172445  0.190136  0.333252  0.427492  0.300418  0.407165  0.230724  0.267128  0.306050  0.408573  0.448951  0.333721  0.399542  0.235955  0.201617  0.387124  0.308990  0.315494  0.237495 
40  0.380394  0.268373  0.127400  0.395568  0.419163  0.325297  0.217039  0.339380  0.442184  0.266566  0.435162  0.193476  0.431268  0.445266  0.342660  0.195291  0.463158  0.161781  0.418562  0.519540  0.173598  0.468448  0.432213  0.224232  0.426555  0.422645  0.502528  0.440349  0.217100  0.519691  0.308078  0.107520  0.518507  0.357205  0.458494  0.237447  0.459865  0.510957  0.491824  0.428675 0.0  0.539382  0.373927  0.419986  0.428891  0.171896  0.538611  0.404626  0.365321  0.206346  0.537754  0.201024  0.433079  0.511143  0.249422  0.346388  0.407025  0.476231  0.235490  0.318368 
41  0.519472  0.436449  0.466042  0.421975  0.343640  0.380899  0.550176  0.434745  0.454601  0.304288  0.319156  0.421240  0.267601  0.457301  0.401579  0.401757  0.544478  0.450837  0.471336  0.246436  0.416522  0.426814  0.362908  0.406987  0.710879  0.460340  0.543045  0.652379  0.368495  0.364297  0.503530  0.488900  0.447511  0.529949  0.419190  0.354084  0.462386  0.594159  0.257313  0.172445  0.539382 0.0  0.276529  0.412512  0.552705  0.413317  0.434528  0.315718  0.318117  0.373526  0.475617  0.486111  0.444913  0.433597  0.317379  0.353926  0.457758  0.357014  0.363823  0.318077 
42  0.267407  0.185718  0.308785  0.217243  0.184712  0.150157  0.286068  0.218418  0.249974  0.165217  0.204708  0.216250  0.161306  0.251317  0.204954  0.331289  0.737400  0.276897  0.234236  0.255042  0.381147  0.211276  0.187918  0.178114  0.697237  0.261203  0.351938  0.382156  0.228674  0.229092  0.284847  0.341733  0.286597  0.246330  0.201285  0.210932  0.269255  0.353642  0.260093  0.190136  0.373927  0.276529 0.0  0.233320  0.299996  0.255979  0.313270  0.156333  0.103690  0.216026  0.321859  0.389516  0.245705  0.304855  0.216131  0.078204  0.281810  0.230011  0.191039  0.228771 
43  0.119808  0.195498  0.358368  0.086569  0.189664  0.149414  0.395747  0.142129  0.094375  0.267501  0.218291  0.317286  0.210543  0.117414  0.119709  0.511682  0.776301  0.445065  0.133875  0.299312  0.439012  0.144060  0.150988  0.260392  0.826491  0.129951  0.183173  0.260207  0.377288  0.128590  0.209429  0.378540  0.162569  0.157721  0.105917  0.377800  0.157673  0.181527  0.309044  0.333252  0.419986  0.412512  0.233320 0.0  0.174636  0.352682  0.164060  0.165785  0.219547  0.363496  0.131710  0.403870  0.083280  0.137229  0.319768  0.207837  0.134813  0.119350  0.233797  0.370688 
44  0.144815  0.323336  0.479920  0.183308  0.257808  0.259952  0.381985  0.203696  0.150656  0.361826  0.314682  0.413063  0.273154  0.123015  0.219270  0.532615  0.999276  0.468609  0.116498  0.325231  0.551904  0.190074  0.211268  0.315223  0.961052  0.130413  0.116086  0.152568  0.391588  0.187063  0.257695  0.482086  0.155759  0.193040  0.170823  0.454410  0.152478  0.099366  0.330389  0.427492  0.428891  0.552705  0.299996  0.174636 0.0  0.375508  0.092889  0.254848  0.279874  0.446404  0.104642  0.503848  0.163688  0.110054  0.447449  0.291629  0.104473  0.162990  0.305220  0.441314 
45  0.373854  0.178059  0.177527  0.304247  0.374059  0.243410  0.192114  0.234165  0.337464  0.176589  0.389091  0.110010  0.294612  0.369164  0.277935  0.203579  0.517694  0.145562  0.411326  0.383781  0.247621  0.328581  0.326604  0.162848  0.440601  0.414634  0.429855  0.537239  0.139446  0.337926  0.270542  0.147770  0.412606  0.279638  0.355264  0.134153  0.408641  0.422254  0.448562  0.300418  0.171896  0.413317  0.255979  0.352682  0.375508 0.0  0.391862  0.290008  0.264907  0.116022  0.368947  0.245887  0.353736  0.350785  0.146623  0.221276  0.376266  0.375746  0.155392  0.186625 
46  0.123491  0.284681  0.501786  0.165840  0.241322  0.215728  0.362978  0.207249  0.137614  0.315595  0.344140  0.348192  0.266758  0.118306  0.184156  0.520171  0.843726  0.458187  0.112150  0.273994  0.593725  0.171039  0.239476  0.306793  0.733540  0.104406  0.110280  0.166478  0.421768  0.184466  0.250736  0.415003  0.159820  0.195771  0.175025  0.458233  0.162146  0.101092  0.363315  0.407165  0.538611  0.434528  0.313270  0.164060  0.092889  0.391862 0.0  0.236217  0.262644  0.460438  0.095033  0.624730  0.150854  0.090158  0.404859  0.294482  0.111722  0.169085  0.285994  0.498095 
47  0.181662  0.217236  0.347911  0.159912  0.131411  0.150970  0.348321  0.163199  0.205536  0.233295  0.142865  0.271637  0.130285  0.197626  0.150231  0.398027  0.811352  0.378439  0.224796  0.221625  0.416014  0.170563  0.116214  0.230695  0.704859  0.224959  0.280403  0.362308  0.299047  0.162953  0.264135  0.347398  0.209824  0.219337  0.136426  0.280433  0.197962  0.293422  0.213174  0.230724  0.404626  0.315718  0.156333  0.165785  0.254848  0.290008  0.236217 0.0  0.109176  0.285427  0.212182  0.412669  0.183391  0.226444  0.320669  0.138323  0.212223  0.174941  0.207840  0.241115 
48  0.238324  0.204401  0.368254  0.193799  0.170062  0.149540  0.260709  0.198828  0.232350  0.206079  0.194793  0.231917  0.149890  0.251577  0.162242  0.360601  0.800724  0.287520  0.258742  0.201506  0.379722  0.218642  0.163037  0.205234  0.653661  0.252586  0.308935  0.348764  0.274826  0.175475  0.282189  0.348214  0.260232  0.232701  0.191572  0.260467  0.232178  0.280353  0.209577  0.267128  0.365321  0.318117  0.103690  0.219547  0.279874  0.264907  0.262644  0.109176 0.0  0.253414  0.266801  0.382068  0.232353  0.260708  0.232426  0.101452  0.254158  0.196184  0.170905  0.258085 
49  0.354185  0.202761  0.160562  0.315794  0.325681  0.231316  0.231790  0.259641  0.370944  0.150352  0.328085  0.134813  0.296570  0.380367  0.295062  0.202180  0.619898  0.151589  0.383025  0.389218  0.249065  0.336938  0.316468  0.171512  0.500329  0.330831  0.428536  0.432939  0.102675  0.388479  0.293893  0.201119  0.401469  0.299926  0.338297  0.092277  0.350080  0.428555  0.361434  0.306050  0.206346  0.373526  0.216026  0.363496  0.446404  0.116022  0.460438  0.285427  0.253414 0.0  0.418195  0.197092  0.381245  0.362783  0.122439  0.247736  0.417763  0.380605  0.165679  0.135983 
50  0.113796  0.297556  0.465447  0.154446  0.254798  0.247743  0.362761  0.198850  0.116178  0.360884  0.303819  0.351100  0.258034  0.100732  0.184406  0.546173  0.683169  0.457946  0.090342  0.328864  0.454322  0.162787  0.196818  0.314678  0.675494  0.106611  0.135290  0.191915  0.420884  0.136139  0.248635  0.502483  0.135155  0.198914  0.161310  0.435437  0.141571  0.114671  0.345673  0.408573  0.537754  0.475617  0.321859  0.131710  0.104642  0.368947  0.095033  0.212182  0.266801  0.418195 0.0  0.522731  0.128217  0.099666  0.458123  0.269194  0.091841  0.125439  0.265676  0.463260 
51  0.554726  0.300021  0.157640  0.533748  0.478382  0.364379  0.316818  0.452680  0.421873  0.282042  0.459632  0.287265  0.433882  0.605215  0.398530  0.114839  0.403380  0.167870  0.527800  0.521617  0.166578  0.545398  0.403428  0.348730  0.397703  0.516512  0.522050  0.573128  0.195560  0.463798  0.386402  0.261094  0.543252  0.456096  0.542452  0.189008  0.543811  0.631206  0.597554  0.448951  0.201024  0.486111  0.389516  0.403870  0.503848  0.245887  0.624730  0.412669  0.382068  0.197092  0.522731 0.0  0.462372  0.536169  0.224241  0.388027  0.531046  0.540379  0.320001  0.224841 
52  0.104260  0.238752  0.430644  0.091369  0.203773  0.161363  0.312744  0.136120  0.095623  0.306734  0.247871  0.294126  0.210113  0.110906  0.138743  0.497291  0.890497  0.408518  0.120360  0.283661  0.535919  0.157730  0.158402  0.284163  0.706886  0.113412  0.193622  0.232601  0.403259  0.133181  0.187735  0.368826  0.143770  0.158714  0.113156  0.346694  0.146663  0.161828  0.326823  0.333721  0.433079  0.444913  0.245705  0.083280  0.163688  0.353736  0.150854  0.183391  0.232353  0.381245  0.128217  0.462372 0.0  0.127274  0.382731  0.251232  0.132910  0.134890  0.232996  0.410356 
53  0.106415  0.256090  0.471281  0.149287  0.249105  0.233786  0.353701  0.184473  0.133751  0.378176  0.303093  0.326125  0.262612  0.110374  0.185739  0.561072  0.771425  0.514938  0.098390  0.319195  0.513583  0.187681  0.172391  0.322590  0.844408  0.087001  0.116998  0.198237  0.436147  0.192829  0.234112  0.466844  0.169133  0.178124  0.145209  0.429796  0.152182  0.108398  0.304044  0.399542  0.511143  0.433597  0.304855  0.137229  0.110054  0.350785  0.090158  0.226444  0.260708  0.362783  0.099666  0.536169  0.127274 0.0  0.408992  0.316665  0.116062  0.163927  0.312983  0.487767 
54  0.388009  0.236510  0.200982  0.346429  0.349100  0.259791  0.294254  0.324216  0.397062  0.125992  0.339952  0.166669  0.298158  0.457069  0.326036  0.215203  0.563759  0.171666  0.380809  0.364740  0.280025  0.426638  0.325691  0.194701  0.456101  0.459799  0.526868  0.601157  0.100777  0.336508  0.346262  0.208665  0.442564  0.332745  0.324291  0.097773  0.391047  0.463126  0.391088  0.235955  0.249422  0.317379  0.216131  0.319768  0.447449  0.146623  0.404859  0.320669  0.232426  0.122439  0.458123  0.224241  0.382731  0.408992 0.0  0.208875  0.418949  0.385251  0.214805  0.107838 
55  0.258365  0.190945  0.348417  0.230167  0.186350  0.150188  0.274313  0.216173  0.236609  0.171082  0.226333  0.217814  0.160155  0.265388  0.185897  0.376546  0.649838  0.355244  0.269823  0.216474  0.458896  0.249717  0.180158  0.186224  0.605808  0.312549  0.347347  0.416328  0.243319  0.194344  0.295998  0.360199  0.280824  0.249214  0.201784  0.199038  0.231344  0.273046  0.244121  0.201617  0.346388  0.353926  0.078204  0.207837  0.291629  0.221276  0.294482  0.138323  0.101452  0.247736  0.269194  0.388027  0.251232  0.316665  0.208875 0.0  0.300456  0.272542  0.164451  0.233817 
56  0.134382  0.288457  0.456415  0.136237  0.233396  0.248298  0.443734  0.210991  0.120717  0.399176  0.258263  0.376610  0.248846  0.101437  0.194668  0.474322  0.853069  0.475030  0.100832  0.327309  0.568461  0.154781  0.185960  0.290457  0.886575  0.125297  0.150319  0.197334  0.490522  0.144904  0.243448  0.497092  0.129742  0.214628  0.148224  0.365055  0.117935  0.136158  0.307823  0.387124  0.407025  0.457758  0.281810  0.134813  0.104473  0.376266  0.111722  0.212223  0.254158  0.417763  0.091841  0.531046  0.132910  0.116062  0.418949  0.300456 0.0  0.129685  0.299868  0.443851 
57  0.160953  0.256917  0.458873  0.163210  0.179313  0.203893  0.374173  0.179518  0.117006  0.316995  0.233269  0.337782  0.166128  0.111663  0.198811  0.478346  0.687727  0.451382  0.139944  0.283997  0.540510  0.101850  0.144617  0.326371  0.912970  0.154742  0.183902  0.253729  0.435199  0.089973  0.266003  0.430370  0.107520  0.219124  0.109703  0.367071  0.090226  0.185275  0.250894  0.308990  0.476231  0.357014  0.230011  0.119350  0.162990  0.375746  0.169085  0.174941  0.196184  0.380605  0.125439  0.540379  0.134890  0.163927  0.385251  0.272542  0.129685 0.0  0.266211  0.413461 
58  0.264135  0.100997  0.263737  0.223002  0.254334  0.140564  0.201921  0.179564  0.241582  0.173766  0.311006  0.126879  0.278976  0.244417  0.191121  0.307275  0.691812  0.231491  0.290756  0.353110  0.337892  0.321521  0.247722  0.087284  0.594909  0.279264  0.320728  0.428787  0.215009  0.296712  0.198670  0.212939  0.361388  0.215877  0.271806  0.202952  0.262367  0.346054  0.323070  0.315494  0.235490  0.363823  0.191039  0.233797  0.305220  0.155392  0.285994  0.207840  0.170905  0.165679  0.265676  0.320001  0.232996  0.312983  0.214805  0.164451  0.299868  0.266211 0.0  0.219490 
59  0.389030  0.276775  0.217322  0.367712  0.368882  0.290814  0.291283  0.314483  0.359169  0.132890  0.326779  0.188529  0.323115  0.415485  0.304780  0.257626  0.579180  0.197596  0.384798  0.408080  0.292909  0.351466  0.309100  0.228811  0.539407  0.422507  0.454503  0.555977  0.122835  0.381117  0.314969  0.240804  0.508277  0.325534  0.363043  0.120609  0.415547  0.544918  0.317206  0.237495  0.318368  0.318077  0.228771  0.370688  0.441314  0.186625  0.498095  0.241115  0.258085  0.135983  0.463260  0.224841  0.410356  0.487767  0.107838  0.233817  0.443851  0.413461  0.219490 0.0 
