60
0 0.0  0.235766  0.447130  0.168644  0.321023  0.202867  0.314801  0.127895  0.143600  0.233207  0.313595  0.394524  0.312360  0.134673  0.279701  0.526393  0.947100  0.398023  0.172097  0.303099  0.481157  0.198478  0.296819  0.288467  0.781178  0.094012  0.239316  0.276978  0.378380  0.156967  0.172277  0.354274  0.170509  0.094012  0.142592  0.404098  0.172360  0.137524  0.399896  0.437438  0.422904  0.530446  0.417870  0.110918  0.128378  0.341416  0.095210  0.224843  0.303338  0.331159  0.131752  0.420802  0.115808  0.234582  0.474416  0.293042  0.235840  0.175530  0.328890  0.426016 
1  0.235766 0.0  0.310825  0.179950  0.189304  0.119652  0.227916  0.125259  0.147619  0.155869  0.321490  0.184076  0.353330  0.264674  0.263298  0.307128  0.643954  0.219249  0.339872  0.455788  0.446381  0.302924  0.241625  0.155135  0.632652  0.282813  0.348149  0.350874  0.332177  0.246170  0.196342  0.246402  0.394816  0.408142  0.239760  0.306451  0.360030  0.363415  0.354445  0.346071  0.472210  0.469470  0.184644  0.208201  0.361821  0.175672  0.281331  0.192749  0.209891  0.201665  0.273025  0.424205  0.213271  0.432102  0.223899  0.182125  0.185383  0.337627  0.134158  0.365978 
2  0.447130  0.310825 0.0  0.391480  0.540075  0.458353  0.242724  0.450092  0.464933  0.315471  0.541897  0.327498  0.446382  0.516134  0.320133  0.137480  0.482374  0.169658  0.560707  0.477995  0.094012  0.412464  0.525076  0.243243  0.472607  0.435050  0.516323  0.556211  0.175361  0.449035  0.293608  0.231505  0.516313  0.376149  0.483825  0.235214  0.534615  0.428796  0.544568  0.405421  0.117643  0.523560  0.207793  0.507124  0.700297  0.212098  0.501316  0.402343  0.300654  0.153975  0.462245  0.170854  0.402087  0.514530  0.145738  0.382105  0.467206  0.520968  0.314356  0.254756 
3  0.168644  0.179950  0.391480 0.0  0.145944  0.206898  0.425915  0.228577  0.247902  0.313519  0.186178  0.328280  0.270994  0.216164  0.170679  0.497908  0.932438  0.499643  0.161392  0.274341  0.610330  0.159474  0.124166  0.285561  0.753502  0.231076  0.155534  0.214030  0.324307  0.153422  0.199887  0.398075  0.238029  0.195452  0.254296  0.306428  0.149590  0.225184  0.425460  0.341244  0.362560  0.458654  0.212455  0.094012  0.213849  0.363521  0.155229  0.197751  0.225676  0.307153  0.265547  0.453227  0.094012  0.183080  0.454464  0.102611  0.172570  0.139556  0.262269  0.399543 
4  0.321023  0.189304  0.540075  0.145944 0.0  0.271590  0.395815  0.282058  0.170107  0.361990  0.206608  0.261688  0.098894  0.199131  0.292119  0.446271  0.740364  0.365490  0.281286  0.106054  0.550060  0.187958  0.094012  0.288734  0.732120  0.172250  0.348741  0.444390  0.400217  0.158920  0.233435  0.454452  0.114439  0.295237  0.231435  0.309959  0.189536  0.325107  0.197225  0.326041  0.395201  0.438780  0.218232  0.242145  0.280721  0.395141  0.224113  0.118591  0.136964  0.302661  0.385035  0.488794  0.200362  0.294711  0.297992  0.272462  0.167108  0.275230  0.334613  0.393030 
5  0.202867  0.119652  0.458353  0.206898  0.271590 0.0  0.337576  0.227438  0.217146  0.325492  0.168498  0.189182  0.239892  0.139322  0.133388  0.394196  0.709818  0.298783  0.254943  0.289785  0.366356  0.142101  0.170912  0.094012  0.673114  0.261707  0.287522  0.479077  0.316966  0.213895  0.104465  0.177610  0.237669  0.216343  0.259176  0.250564  0.277135  0.199506  0.346217  0.323146  0.263295  0.373850  0.183667  0.110483  0.341768  0.160547  0.335394  0.194999  0.210131  0.244795  0.237892  0.343650  0.129634  0.347692  0.296097  0.277618  0.365859  0.248849  0.171052  0.272690 
6  0.314801  0.227916  0.242724  0.425915  0.395815  0.337576 0.0  0.397906  0.372907  0.302211  0.405556  0.239727  0.320332  0.310130  0.233540  0.339536  0.677294  0.178543  0.436108  0.472444  0.285044  0.508616  0.436071  0.199100  0.517833  0.424072  0.405457  0.394080  0.296597  0.417331  0.170950  0.143209  0.410604  0.276160  0.269935  0.288017  0.395578  0.471362  0.554644  0.345148  0.118883  0.578404  0.368846  0.300440  0.491428  0.308602  0.391690  0.300076  0.346608  0.283503  0.434419  0.564709  0.289782  0.303910  0.218288  0.327567  0.429640  0.526916  0.125059  0.349994 
7  0.127895  0.125259  0.450092  0.228577  0.282058  0.227438  0.397906 0.0  0.208361  0.257077  0.289105  0.294051  0.242457  0.220785  0.094012  0.466423  0.833858  0.463590  0.145023  0.228491  0.451743  0.355438  0.141175  0.233689  0.801356  0.169239  0.319232  0.294235  0.308808  0.275544  0.297793  0.313913  0.208866  0.099970  0.163584  0.330864  0.256848  0.267583  0.316925  0.467439  0.294838  0.522587  0.205634  0.118534  0.179542  0.272806  0.266570  0.175490  0.203633  0.317853  0.160317  0.447557  0.109939  0.238522  0.312210  0.257369  0.267968  0.184928  0.237656  0.361403 
8  0.143600  0.147619  0.464933  0.247902  0.170107  0.217146  0.372907  0.208361 0.0  0.403915  0.264259  0.305602  0.148608  0.094012  0.186212  0.516454  0.850104  0.314427  0.202089  0.347786  0.503122  0.234280  0.142073  0.214885  0.849825  0.106317  0.206321  0.266928  0.405202  0.191662  0.211513  0.373458  0.167219  0.252081  0.120003  0.400982  0.190457  0.144842  0.306543  0.354928  0.412766  0.450330  0.250897  0.115652  0.166920  0.319515  0.157818  0.161668  0.347422  0.289028  0.135498  0.422252  0.109457  0.134346  0.429933  0.289702  0.139846  0.118635  0.256558  0.333782 
9  0.233207  0.155869  0.315471  0.313519  0.361990  0.325492  0.302211  0.257077  0.403915 0.0  0.256430  0.269499  0.267074  0.296589  0.260111  0.260548  0.664172  0.147301  0.375939  0.362255  0.296201  0.397921  0.267986  0.250210  0.645199  0.358879  0.389835  0.518223  0.172159  0.420212  0.339761  0.208023  0.289385  0.313951  0.228683  0.312613  0.313269  0.382644  0.306341  0.282963  0.213800  0.421119  0.266947  0.295794  0.412679  0.160772  0.372901  0.191760  0.258063  0.094012  0.483654  0.202201  0.316198  0.424326  0.172749  0.213274  0.309491  0.302188  0.300410  0.187641 
10  0.313595  0.321490  0.541897  0.186178  0.206608  0.168498  0.405556  0.289105  0.264259  0.256430 0.0  0.300695  0.173717  0.258480  0.262576  0.454243  0.758816  0.434305  0.328566  0.106508  0.575325  0.170684  0.225121  0.317268  0.762872  0.257141  0.334949  0.426248  0.413707  0.231166  0.229484  0.467392  0.235226  0.315524  0.139420  0.350196  0.262547  0.362054  0.159784  0.271568  0.453895  0.409114  0.243462  0.229979  0.465304  0.423335  0.358929  0.164330  0.281130  0.225532  0.403301  0.601039  0.241429  0.343321  0.385479  0.264604  0.169447  0.103449  0.283282  0.341324 
11  0.394524  0.184076  0.327498  0.328280  0.261688  0.189182  0.239727  0.294051  0.305602  0.269499  0.300695 0.0  0.236100  0.466691  0.391980  0.361542  0.628734  0.248724  0.363303  0.498446  0.213497  0.302831  0.326716  0.125848  0.503761  0.382350  0.458287  0.478933  0.094012  0.345267  0.251363  0.274910  0.342538  0.246877  0.224986  0.176829  0.312278  0.405794  0.406069  0.417080  0.130459  0.359429  0.302240  0.338834  0.470757  0.094012  0.366819  0.263637  0.198083  0.175621  0.324310  0.207720  0.287565  0.405758  0.192972  0.208691  0.391430  0.383798  0.106192  0.206367 
12  0.312360  0.353330  0.446382  0.270994  0.098894  0.239892  0.320332  0.242457  0.148608  0.267074  0.173717  0.236100 0.0  0.232085  0.174032  0.490373  0.746253  0.296954  0.191871  0.281307  0.503875  0.221681  0.183153  0.215819  0.831188  0.163103  0.288906  0.428035  0.410844  0.185651  0.331725  0.431122  0.223473  0.309134  0.217990  0.325474  0.203357  0.337842  0.275647  0.303083  0.470201  0.305104  0.164156  0.254248  0.339789  0.436834  0.205073  0.094976  0.194507  0.445431  0.289208  0.359865  0.211733  0.276610  0.460670  0.094012  0.319135  0.224727  0.301133  0.389851 
13  0.134673  0.264674  0.516134  0.216164  0.199131  0.139322  0.310130  0.220785  0.094012  0.296589  0.258480  0.466691  0.232085 0.0  0.196610  0.489529  0.817257  0.474848  0.094012  0.370248  0.683197  0.104508  0.260748  0.368554  0.862490  0.094012  0.253225  0.269618  0.420451  0.286791  0.265491  0.442949  0.166632  0.330072  0.121338  0.411725  0.094012  0.109372  0.348848  0.385796  0.416464  0.578793  0.172786  0.204070  0.164401  0.383267  0.132565  0.196385  0.255129  0.427794  0.164816  0.622951  0.179225  0.094012  0.303166  0.292910  0.176475  0.226440  0.290559  0.445488 
14  0.279701  0.263298  0.320133  0.170679  0.292119  0.133388  0.233540  0.094012  0.186212  0.260111  0.262576  0.391980  0.174032  0.196610 0.0  0.472187  0.845935  0.479487  0.296906  0.140005  0.362338  0.195829  0.166276  0.094012  0.720754  0.303777  0.200526  0.373122  0.397399  0.255535  0.126613  0.322084  0.217075  0.113141  0.177845  0.408788  0.297850  0.236313  0.443042  0.367616  0.443264  0.492015  0.219261  0.140157  0.311928  0.312665  0.234480  0.222980  0.236203  0.268026  0.147228  0.475983  0.094012  0.263342  0.363102  0.227525  0.207683  0.237912  0.252162  0.391791 
15  0.526393  0.307128  0.137480  0.497908  0.446271  0.394196  0.339536  0.466423  0.516454  0.260548  0.454243  0.361542  0.490373  0.489529  0.472187 0.0  0.422355  0.169316  0.585410  0.576230  0.127660  0.628728  0.477347  0.302815  0.403108  0.515498  0.591745  0.572688  0.190655  0.574153  0.450912  0.267995  0.574451  0.570373  0.426671  0.216977  0.499257  0.542264  0.402206  0.395474  0.264166  0.429258  0.405648  0.418477  0.582475  0.306557  0.552884  0.574494  0.276084  0.189024  0.563561  0.094012  0.569959  0.490576  0.193593  0.458131  0.569398  0.497232  0.335888  0.307471 
16  0.947100  0.643954  0.482374  0.932438  0.740364  0.709818  0.677294  0.833858  0.850104  0.664172  0.758816  0.628734  0.746253  0.817257  0.845935  0.422355 0.0  0.570045  0.876350  0.923397  0.370980  0.856049  0.829370  0.685087  0.178047  0.884731  0.932755  0.937146  0.559720  0.798819  0.802847  0.511682  0.848888  0.756038  0.798459  0.553442  0.786925  0.904832  0.903766  0.778559  0.491779  0.816411  0.644955  0.802120  1.000000  0.570702  0.900881  0.796695  0.708205  0.553786  0.889464  0.439227  0.828199  0.940556  0.702423  0.707764  0.918346  0.864445  0.575033  0.620012 
17  0.398023  0.219249  0.169658  0.499643  0.365490  0.298783  0.178543  0.463590  0.314427  0.147301  0.434305  0.248724  0.296954  0.474848  0.479487  0.169316  0.570045 0.0  0.461044  0.536227  0.238179  0.378549  0.355180  0.199977  0.457180  0.317586  0.575812  0.537917  0.192574  0.581268  0.220287  0.136677  0.576073  0.460846  0.422369  0.158898  0.428093  0.493696  0.479219  0.407711  0.094012  0.382194  0.325993  0.327663  0.444134  0.255760  0.519544  0.268731  0.349026  0.271669  0.452003  0.143635  0.526106  0.430732  0.166814  0.315548  0.415357  0.556978  0.185754  0.202277 
18  0.172097  0.339872  0.560707  0.161392  0.281286  0.254943  0.436108  0.145023  0.202089  0.375939  0.328566  0.363303  0.191871  0.094012  0.296906  0.585410  0.876350  0.461044 0.0  0.306927  0.425366  0.121485  0.154451  0.362035  0.934908  0.094012  0.177064  0.284850  0.504852  0.177124  0.257515  0.454725  0.156142  0.234721  0.195961  0.340294  0.225820  0.221587  0.338507  0.476253  0.434959  0.426996  0.381697  0.171899  0.094012  0.397675  0.100393  0.326315  0.301537  0.462924  0.094012  0.602431  0.135779  0.204315  0.399562  0.373762  0.141150  0.231182  0.365324  0.451686 
19  0.303099  0.455788  0.477995  0.274341  0.106054  0.289785  0.472444  0.228491  0.347786  0.362255  0.106508  0.498446  0.281307  0.370248  0.140005  0.576230  0.923397  0.536227  0.306927 0.0  0.694530  0.324295  0.266934  0.443527  0.961738  0.235923  0.390065  0.411392  0.456876  0.330020  0.423081  0.518487  0.372663  0.464163  0.344225  0.395783  0.242314  0.316883  0.134734  0.183382  0.630567  0.258400  0.280850  0.291933  0.309363  0.393935  0.426716  0.293853  0.227488  0.354141  0.339599  0.464259  0.385354  0.351492  0.463549  0.211183  0.342022  0.258280  0.368372  0.315517 
20  0.481157  0.446381  0.094012  0.610330  0.550060  0.366356  0.285044  0.451743  0.503122  0.296201  0.575325  0.213497  0.503875  0.683197  0.362338  0.127660  0.370980  0.238179  0.425366  0.694530 0.0  0.598097  0.476663  0.276618  0.416415  0.535869  0.603689  0.712187  0.261457  0.595081  0.407117  0.187174  0.586164  0.401558  0.468944  0.350996  0.597374  0.461378  0.591443  0.548784  0.209923  0.537566  0.346314  0.535801  0.638192  0.223230  0.510072  0.419445  0.394811  0.187913  0.486520  0.185216  0.592205  0.528291  0.299942  0.402741  0.524812  0.536500  0.278394  0.332057 
21  0.198478  0.302924  0.412464  0.159474  0.187958  0.142101  0.508616  0.355438  0.234280  0.397921  0.170684  0.302831  0.221681  0.104508  0.195829  0.628728  0.856049  0.378549  0.121485  0.324295  0.598097 0.0  0.124269  0.297185  0.859056  0.333891  0.324692  0.241526  0.471063  0.190929  0.369252  0.442281  0.213209  0.198502  0.100990  0.316234  0.110914  0.117886  0.165237  0.240469  0.556770  0.436398  0.255939  0.200908  0.157397  0.355685  0.252009  0.226215  0.299254  0.332804  0.100858  0.517720  0.152553  0.227768  0.393682  0.307515  0.102859  0.193854  0.364138  0.395125 
22  0.296819  0.241625  0.525076  0.124166  0.094012  0.170912  0.436071  0.141175  0.142073  0.267986  0.225121  0.326716  0.183153  0.260748  0.166276  0.477347  0.829370  0.355180  0.154451  0.266934  0.476663  0.124269 0.0  0.167805  0.813264  0.118082  0.291610  0.273552  0.307079  0.094012  0.272662  0.432499  0.180718  0.222792  0.115356  0.273594  0.224373  0.347024  0.358144  0.319438  0.479426  0.404736  0.239513  0.098331  0.140621  0.306459  0.292773  0.094012  0.226272  0.397321  0.273641  0.465609  0.159182  0.195479  0.357796  0.211702  0.196506  0.094012  0.298321  0.321949 
23  0.288467  0.155135  0.243243  0.285561  0.288734  0.094012  0.199100  0.233689  0.214885  0.250210  0.317268  0.125848  0.215819  0.368554  0.094012  0.302815  0.685087  0.199977  0.362035  0.443527  0.276618  0.297185  0.167805 0.0  0.545270  0.252967  0.307401  0.467550  0.202943  0.287088  0.145987  0.176684  0.405680  0.187446  0.306014  0.171641  0.249058  0.323512  0.379515  0.306076  0.296118  0.513070  0.172278  0.368330  0.400268  0.139546  0.442832  0.148935  0.225618  0.260461  0.459887  0.298949  0.241943  0.375916  0.222001  0.240434  0.374681  0.340060  0.094012  0.200648 
24  0.781178  0.632652  0.472607  0.753502  0.732120  0.673114  0.517833  0.801356  0.849825  0.645199  0.762872  0.503761  0.831188  0.862490  0.720754  0.403108  0.178047  0.457180  0.934908  0.961738  0.416415  0.859056  0.813264  0.545270 0.0  0.778361  0.880524  0.958797  0.455966  0.726092  0.737787  0.414580  0.940733  0.597330  0.706122  0.508090  0.744249  0.871077  0.796662  0.621387  0.425780  0.779168  0.737293  0.752221  0.814737  0.558203  0.813169  0.744571  0.759919  0.468097  0.853865  0.350190  0.730390  0.832939  0.483021  0.656219  0.714595  0.803254  0.641644  0.591546 
25  0.094012  0.282813  0.435050  0.231076  0.172250  0.261707  0.424072  0.169239  0.106317  0.358879  0.257141  0.382350  0.163103  0.094012  0.303777  0.515498  0.884731  0.317586  0.094012  0.235923  0.535869  0.333891  0.118082  0.252967  0.778361 0.0  0.136053  0.171100  0.496862  0.178788  0.220490  0.444148  0.130995  0.293340  0.189926  0.503942  0.270443  0.131202  0.388982  0.458856  0.547284  0.463621  0.344207  0.134980  0.140836  0.380925  0.117335  0.292403  0.248235  0.347393  0.141694  0.542000  0.174572  0.094012  0.450065  0.218197  0.300573  0.231403  0.406655  0.426462 
26  0.239316  0.348149  0.516323  0.155534  0.348741  0.287522  0.405457  0.319232  0.206321  0.389835  0.334949  0.458287  0.288906  0.253225  0.200526  0.591745  0.932755  0.575812  0.177064  0.390065  0.603689  0.324692  0.291610  0.307401  0.880524  0.136053 0.0  0.110455  0.527085  0.329439  0.337591  0.341283  0.246818  0.263128  0.242196  0.459359  0.159800  0.178111  0.442388  0.539393  0.519762  0.585569  0.450564  0.156196  0.140667  0.407531  0.119423  0.287398  0.334449  0.364968  0.107559  0.679038  0.148158  0.113240  0.522479  0.492500  0.146678  0.262510  0.327559  0.562813 
27  0.276978  0.350874  0.556211  0.214030  0.444390  0.479077  0.394080  0.294235  0.266928  0.518223  0.426248  0.478933  0.428035  0.269618  0.373122  0.572688  0.937146  0.537917  0.284850  0.411392  0.712187  0.241526  0.273552  0.467550  0.958797  0.171100  0.110455 0.0  0.377691  0.296681  0.438918  0.526999  0.229484  0.265294  0.231918  0.534463  0.216833  0.166371  0.512992  0.589518  0.506405  0.663908  0.477265  0.204353  0.134403  0.493466  0.227466  0.440331  0.457624  0.691124  0.312769  0.648654  0.273599  0.195235  0.448823  0.339956  0.255224  0.162695  0.388238  0.505558 
28  0.378380  0.332177  0.175361  0.324307  0.400217  0.316966  0.296597  0.308808  0.405202  0.172159  0.413707  0.094012  0.410844  0.420451  0.397399  0.190655  0.559720  0.192574  0.504852  0.456876  0.261457  0.471063  0.307079  0.202943  0.455966  0.496862  0.527085  0.377691 0.0  0.422032  0.283862  0.236229  0.563843  0.317487  0.359060  0.209428  0.451782  0.475593  0.468975  0.282325  0.350963  0.361673  0.339635  0.363354  0.518045  0.282660  0.465091  0.336662  0.248057  0.193242  0.553958  0.213135  0.475078  0.397986  0.178467  0.159112  0.460802  0.362056  0.128275  0.133591 
29  0.156967  0.246170  0.449035  0.153422  0.158920  0.213895  0.417331  0.275544  0.191662  0.420212  0.231166  0.345267  0.185651  0.286791  0.255535  0.574153  0.798819  0.581268  0.177124  0.330020  0.595081  0.190929  0.094012  0.287088  0.726092  0.178788  0.329439  0.296681  0.422032 0.0  0.322218  0.421013  0.166136  0.210068  0.094012  0.341886  0.094012  0.248513  0.355728  0.279321  0.472532  0.421449  0.308071  0.140932  0.211247  0.371650  0.187627  0.230403  0.290003  0.493520  0.207103  0.542719  0.192233  0.193446  0.285852  0.191477  0.172978  0.121858  0.175958  0.439714 
30  0.172277  0.196342  0.293608  0.199887  0.233435  0.104465  0.170950  0.297793  0.211513  0.339761  0.229484  0.251363  0.331725  0.265491  0.126613  0.450912  0.802847  0.220287  0.257515  0.423081  0.407117  0.369252  0.272662  0.145987  0.737787  0.220490  0.337591  0.438918  0.283862  0.322218 0.0  0.303272  0.224746  0.094012  0.176372  0.315123  0.295072  0.212068  0.478189  0.401431  0.160210  0.638747  0.325913  0.282810  0.274642  0.211008  0.266693  0.392275  0.271442  0.226022  0.328781  0.481861  0.215014  0.246269  0.282280  0.341094  0.222910  0.246443  0.200041  0.405577 
31  0.354274  0.246402  0.231505  0.398075  0.454452  0.177610  0.143209  0.313913  0.373458  0.208023  0.467392  0.274910  0.431122  0.442949  0.322084  0.267995  0.511682  0.136677  0.454725  0.518487  0.187174  0.442281  0.432499  0.176684  0.414580  0.444148  0.341283  0.526999  0.236229  0.421013  0.303272 0.0  0.478643  0.353230  0.495155  0.227289  0.486734  0.581041  0.572002  0.516501  0.223519  0.494653  0.293885  0.369247  0.406759  0.273370  0.369364  0.380207  0.398211  0.127039  0.417808  0.300982  0.557614  0.433709  0.147628  0.310824  0.538498  0.416377  0.274992  0.390505 
32  0.170509  0.394816  0.516313  0.238029  0.114439  0.237669  0.410604  0.208866  0.167219  0.289385  0.235226  0.342538  0.223473  0.166632  0.217075  0.574451  0.848888  0.576073  0.156142  0.372663  0.586164  0.213209  0.180718  0.405680  0.940733  0.130995  0.246818  0.229484  0.563843  0.166136  0.224746  0.478643 0.0  0.320890  0.124875  0.499857  0.099202  0.181429  0.246467  0.530434  0.555475  0.626583  0.282127  0.141544  0.207672  0.441641  0.226817  0.360922  0.278656  0.415262  0.216407  0.541397  0.216416  0.196233  0.469706  0.259141  0.158271  0.123782  0.278122  0.432956 
33  0.094012  0.408142  0.376149  0.195452  0.295237  0.216343  0.276160  0.099970  0.252081  0.313951  0.315524  0.246877  0.309134  0.330072  0.113141  0.570373  0.756038  0.460846  0.234721  0.464163  0.401558  0.198502  0.222792  0.187446  0.597330  0.293340  0.263128  0.265294  0.317487  0.210068  0.094012  0.353230  0.320890 0.0  0.133919  0.401328  0.134228  0.254611  0.424376  0.404510  0.395738  0.524487  0.314929  0.102215  0.295627  0.303802  0.262509  0.280288  0.232747  0.423119  0.263956  0.433915  0.142288  0.112851  0.371231  0.197699  0.313548  0.194400  0.201235  0.265156 
34  0.142592  0.239760  0.483825  0.254296  0.231435  0.259176  0.269935  0.163584  0.120003  0.228683  0.139420  0.224986  0.217990  0.121338  0.177845  0.426671  0.798459  0.422369  0.195961  0.344225  0.468944  0.100990  0.115356  0.306014  0.706122  0.189926  0.242196  0.231918  0.359060  0.094012  0.176372  0.495155  0.124875  0.133919 0.0  0.367567  0.094250  0.219533  0.203069  0.424199  0.469622  0.391951  0.169166  0.094012  0.223699  0.389035  0.260123  0.173704  0.227764  0.386350  0.182538  0.451129  0.094012  0.161480  0.449867  0.313376  0.274127  0.103925  0.334103  0.397979 
35  0.404098  0.306451  0.235214  0.306428  0.309959  0.250564  0.288017  0.330864  0.400982  0.312613  0.350196  0.176829  0.325474  0.411725  0.408788  0.216977  0.553442  0.158898  0.340294  0.395783  0.350996  0.316234  0.273594  0.171641  0.508090  0.503942  0.459359  0.534463  0.209428  0.341886  0.315123  0.227289  0.499857  0.401328  0.367567 0.0  0.408514  0.435185  0.325237  0.224718  0.256944  0.459278  0.322867  0.321856  0.504010  0.163534  0.375125  0.320779  0.274972  0.233129  0.386037  0.310357  0.200319  0.401977  0.094763  0.252402  0.431550  0.402196  0.146976  0.264254 
36  0.172360  0.360030  0.534615  0.149590  0.189536  0.277135  0.395578  0.256848  0.190457  0.313269  0.262547  0.312278  0.203357  0.094012  0.297850  0.499257  0.786925  0.428093  0.225820  0.242314  0.597374  0.110914  0.224373  0.249058  0.744249  0.270443  0.159800  0.216833  0.451782  0.094012  0.295072  0.486734  0.099202  0.134228  0.094250  0.408514 0.0  0.094012  0.374458  0.374282  0.611751  0.409046  0.350372  0.138902  0.221581  0.464832  0.252197  0.188053  0.291449  0.366776  0.120322  0.508987  0.229638  0.171787  0.490482  0.266723  0.155639  0.094012  0.414968  0.362929 
37  0.137524  0.363415  0.428796  0.225184  0.325107  0.199506  0.471362  0.267583  0.144842  0.382644  0.362054  0.405794  0.337842  0.109372  0.236313  0.542264  0.904832  0.493696  0.221587  0.316883  0.461378  0.117886  0.347024  0.323512  0.871077  0.131202  0.178111  0.166371  0.475593  0.248513  0.212068  0.581041  0.181429  0.254611  0.219533  0.435185  0.094012 0.0  0.428578  0.546378  0.535807  0.498378  0.384294  0.215872  0.185435  0.354556  0.147174  0.191081  0.353811  0.407477  0.101800  0.638669  0.201687  0.094012  0.433088  0.435688  0.151753  0.123071  0.430914  0.482655 
38  0.399896  0.354445  0.544568  0.425460  0.197225  0.346217  0.554644  0.316925  0.306543  0.306341  0.159784  0.406069  0.275647  0.348848  0.443042  0.402206  0.903766  0.479219  0.338507  0.134734  0.591443  0.165237  0.358144  0.379515  0.796662  0.388982  0.442388  0.512992  0.468975  0.355728  0.478189  0.572002  0.246467  0.424376  0.203069  0.325237  0.374458  0.428578 0.0  0.189949  0.527938  0.224646  0.353610  0.318271  0.352039  0.430471  0.295102  0.297612  0.306235  0.445783  0.304908  0.534789  0.423477  0.307486  0.427572  0.213975  0.332073  0.218233  0.360798  0.392598 
39  0.437438  0.346071  0.405421  0.341244  0.326041  0.323146  0.345148  0.467439  0.354928  0.282963  0.271568  0.417080  0.303083  0.385796  0.367616  0.395474  0.778559  0.407711  0.476253  0.183382  0.548784  0.240469  0.319438  0.306076  0.621387  0.458856  0.539393  0.589518  0.282325  0.279321  0.401431  0.516501  0.530434  0.404510  0.424199  0.224718  0.374282  0.546378  0.189949 0.0  0.491438  0.157344  0.120275  0.444997  0.441497  0.385222  0.464038  0.244563  0.326126  0.271699  0.324323  0.435135  0.285869  0.505398  0.285964  0.227933  0.569469  0.418939  0.328557  0.258473 
40  0.422904  0.472210  0.117643  0.362560  0.395201  0.263295  0.118883  0.294838  0.412766  0.213800  0.453895  0.130459  0.470201  0.416464  0.443264  0.264166  0.491779  0.094012  0.434959  0.630567  0.209923  0.556770  0.479426  0.296118  0.425780  0.547284  0.519762  0.506405  0.350963  0.472532  0.160210  0.223519  0.555475  0.395738  0.469622  0.256944  0.611751  0.535807  0.527938  0.491438 0.0  0.623260  0.353482  0.549824  0.422950  0.169704  0.530978  0.349185  0.491858  0.265424  0.469967  0.148481  0.482526  0.526582  0.296298  0.483866  0.501878  0.520954  0.251829  0.293424 
41  0.530446  0.469470  0.523560  0.458654  0.438780  0.373850  0.578404  0.522587  0.450330  0.421119  0.409114  0.359429  0.305104  0.578793  0.492015  0.429258  0.816411  0.382194  0.426996  0.258400  0.537566  0.436398  0.404736  0.513070  0.779168  0.463621  0.585569  0.663908  0.361673  0.421449  0.638747  0.494653  0.626583  0.524487  0.391951  0.459278  0.409046  0.498378  0.224646  0.157344  0.623260 0.0  0.266338  0.488250  0.522173  0.437223  0.601215  0.321819  0.326854  0.420800  0.562863  0.495187  0.478725  0.604126  0.328402  0.287571  0.415889  0.405189  0.443513  0.244344 
42  0.417870  0.184644  0.207793  0.212455  0.218232  0.183667  0.368846  0.205634  0.250897  0.266947  0.243462  0.302240  0.164156  0.172786  0.219261  0.405648  0.644955  0.325993  0.381697  0.280850  0.346314  0.255939  0.239513  0.172278  0.737293  0.344207  0.450564  0.477265  0.339635  0.308071  0.325913  0.293885  0.282127  0.314929  0.169166  0.322867  0.350372  0.384294  0.353610  0.120275  0.353482  0.266338 0.0  0.290586  0.361937  0.179447  0.321814  0.199880  0.132798  0.226951  0.336191  0.470621  0.185201  0.301867  0.228115  0.151501  0.292379  0.276827  0.122035  0.150633 
43  0.110918  0.208201  0.507124  0.094012  0.242145  0.110483  0.300440  0.118534  0.115652  0.295794  0.229979  0.338834  0.254248  0.204070  0.140157  0.418477  0.802120  0.327663  0.171899  0.291933  0.535801  0.200908  0.098331  0.368330  0.752221  0.134980  0.156196  0.204353  0.363354  0.140932  0.282810  0.369247  0.141544  0.102215  0.094012  0.321856  0.138902  0.215872  0.318271  0.444997  0.549824  0.488250  0.290586 0.0  0.174960  0.434716  0.211212  0.135972  0.223009  0.348219  0.094012  0.521964  0.120513  0.094012  0.312407  0.198654  0.186399  0.157716  0.205133  0.410974 
44  0.128378  0.361821  0.700297  0.213849  0.280721  0.341768  0.491428  0.179542  0.166920  0.412679  0.465304  0.470757  0.339789  0.164401  0.311928  0.582475  1.000000  0.444134  0.094012  0.309363  0.638192  0.157397  0.140621  0.400268  0.814737  0.140836  0.140667  0.134403  0.518045  0.211247  0.274642  0.406759  0.207672  0.295627  0.223699  0.504010  0.221581  0.185435  0.352039  0.441497  0.422950  0.522173  0.361937  0.174960 0.0  0.492974  0.142897  0.319745  0.359012  0.429973  0.094012  0.542184  0.141799  0.278017  0.381572  0.405475  0.192687  0.141386  0.425466  0.454690 
45  0.341416  0.175672  0.212098  0.363521  0.395141  0.160547  0.308602  0.272806  0.319515  0.160772  0.423335  0.094012  0.436834  0.383267  0.312665  0.306557  0.570702  0.255760  0.397675  0.393935  0.223230  0.355685  0.306459  0.139546  0.558203  0.380925  0.407531  0.493466  0.282660  0.371650  0.211008  0.273370  0.441641  0.303802  0.389035  0.163534  0.464832  0.354556  0.430471  0.385222  0.169704  0.437223  0.179447  0.434716  0.492974 0.0  0.459002  0.283647  0.353746  0.145072  0.427546  0.204127  0.403159  0.342539  0.094012  0.301441  0.459650  0.448460  0.094012  0.323492 
46  0.095210  0.281331  0.501316  0.155229  0.224113  0.335394  0.391690  0.266570  0.157818  0.372901  0.358929  0.366819  0.205073  0.132565  0.234480  0.552884  0.900881  0.519544  0.100393  0.426716  0.510072  0.252009  0.292773  0.442832  0.813169  0.117335  0.119423  0.227466  0.465091  0.187627  0.266693  0.369364  0.226817  0.262509  0.260123  0.375125  0.252197  0.147174  0.295102  0.464038  0.530978  0.601215  0.321814  0.211212  0.142897  0.459002 0.0  0.336176  0.381049  0.427132  0.094012  0.595942  0.182318  0.132079  0.508514  0.375996  0.102846  0.144207  0.309297  0.438318 
47  0.224843  0.192749  0.402343  0.197751  0.118591  0.194999  0.300076  0.175490  0.161668  0.191760  0.164330  0.263637  0.094976  0.196385  0.222980  0.574494  0.796695  0.268731  0.326315  0.293853  0.419445  0.226215  0.094012  0.148935  0.744571  0.292403  0.287398  0.440331  0.336662  0.230403  0.392275  0.380207  0.360922  0.280288  0.173704  0.320779  0.188053  0.191081  0.297612  0.244563  0.349185  0.321819  0.199880  0.135972  0.319745  0.283647  0.336176 0.0  0.121052  0.258889  0.309972  0.510020  0.270554  0.336830  0.390576  0.124781  0.245209  0.202682  0.107031  0.410734 
48  0.303338  0.209891  0.300654  0.225676  0.136964  0.210131  0.346608  0.203633  0.347422  0.258063  0.281130  0.198083  0.194507  0.255129  0.236203  0.276084  0.708205  0.349026  0.301537  0.227488  0.394811  0.299254  0.226272  0.225618  0.759919  0.248235  0.334449  0.457624  0.248057  0.290003  0.271442  0.398211  0.278656  0.232747  0.227764  0.274972  0.291449  0.353811  0.306235  0.326126  0.491858  0.326854  0.132798  0.223009  0.359012  0.353746  0.381049  0.121052 0.0  0.237680  0.234189  0.483252  0.252353  0.283966  0.192084  0.094012  0.383979  0.265754  0.239772  0.198664 
49  0.331159  0.201665  0.153975  0.307153  0.302661  0.244795  0.283503  0.317853  0.289028  0.094012  0.225532  0.175621  0.445431  0.427794  0.268026  0.189024  0.553786  0.271669  0.462924  0.354141  0.187913  0.332804  0.397321  0.260461  0.468097  0.347393  0.364968  0.691124  0.193242  0.493520  0.226022  0.127039  0.415262  0.423119  0.386350  0.233129  0.366776  0.407477  0.445783  0.271699  0.265424  0.420800  0.226951  0.348219  0.429973  0.145072  0.427132  0.258889  0.237680 0.0  0.367883  0.182859  0.365021  0.421784  0.193181  0.212928  0.415879  0.331815  0.166357  0.094012 
50  0.131752  0.273025  0.462245  0.265547  0.385035  0.237892  0.434419  0.160317  0.135498  0.483654  0.403301  0.324310  0.289208  0.164816  0.147228  0.563561  0.889464  0.452003  0.094012  0.339599  0.486520  0.100858  0.273641  0.459887  0.853865  0.141694  0.107559  0.312769  0.553958  0.207103  0.328781  0.417808  0.216407  0.263956  0.182538  0.386037  0.120322  0.101800  0.304908  0.324323  0.469967  0.562863  0.336191  0.094012  0.094012  0.427546  0.094012  0.309972  0.234189  0.367883 0.0  0.499633  0.151427  0.094012  0.492972  0.319218  0.095661  0.221159  0.300619  0.515966 
51  0.420802  0.424205  0.170854  0.453227  0.488794  0.343650  0.564709  0.447557  0.422252  0.202201  0.601039  0.207720  0.359865  0.622951  0.475983  0.094012  0.439227  0.143635  0.602431  0.464259  0.185216  0.517720  0.465609  0.298949  0.350190  0.542000  0.679038  0.648654  0.213135  0.542719  0.481861  0.300982  0.541397  0.433915  0.451129  0.310357  0.508987  0.638669  0.534789  0.435135  0.148481  0.495187  0.470621  0.521964  0.542184  0.204127  0.595942  0.510020  0.483252  0.182859  0.499633 0.0  0.577028  0.596748  0.278056  0.323769  0.558372  0.557432  0.391618  0.219574 
52  0.115808  0.213271  0.402087  0.094012  0.200362  0.129634  0.289782  0.109939  0.109457  0.316198  0.241429  0.287565  0.211733  0.179225  0.094012  0.569959  0.828199  0.526106  0.135779  0.385354  0.592205  0.152553  0.159182  0.241943  0.730390  0.174572  0.148158  0.273599  0.475078  0.192233  0.215014  0.557614  0.216416  0.142288  0.094012  0.200319  0.229638  0.201687  0.423477  0.285869  0.482526  0.478725  0.185201  0.120513  0.141799  0.403159  0.182318  0.270554  0.252353  0.365021  0.151427  0.577028 0.0  0.100838  0.347159  0.314412  0.157578  0.123104  0.281753  0.310929 
53  0.234582  0.432102  0.514530  0.183080  0.294711  0.347692  0.303910  0.238522  0.134346  0.424326  0.343321  0.405758  0.276610  0.094012  0.263342  0.490576  0.940556  0.430732  0.204315  0.351492  0.528291  0.227768  0.195479  0.375916  0.832939  0.094012  0.113240  0.195235  0.397986  0.193446  0.246269  0.433709  0.196233  0.112851  0.161480  0.401977  0.171787  0.094012  0.307486  0.505398  0.526582  0.604126  0.301867  0.094012  0.278017  0.342539  0.132079  0.336830  0.283966  0.421784  0.094012  0.596748  0.100838 0.0  0.442808  0.264712  0.094012  0.224697  0.330870  0.311190 
54  0.474416  0.223899  0.145738  0.454464  0.297992  0.296097  0.218288  0.312210  0.429933  0.172749  0.385479  0.192972  0.460670  0.303166  0.363102  0.193593  0.702423  0.166814  0.399562  0.463549  0.299942  0.393682  0.357796  0.222001  0.483021  0.450065  0.522479  0.448823  0.178467  0.285852  0.282280  0.147628  0.469706  0.371231  0.449867  0.094763  0.490482  0.433088  0.427572  0.285964  0.296298  0.328402  0.228115  0.312407  0.381572  0.094012  0.508514  0.390576  0.192084  0.193181  0.492972  0.278056  0.347159  0.442808 0.0  0.162450  0.417650  0.465531  0.234043  0.169920 
55  0.293042  0.182125  0.382105  0.102611  0.272462  0.277618  0.327567  0.257369  0.289702  0.213274  0.264604  0.208691  0.094012  0.292910  0.227525  0.458131  0.707764  0.315548  0.373762  0.211183  0.402741  0.307515  0.211702  0.240434  0.656219  0.218197  0.492500  0.339956  0.159112  0.191477  0.341094  0.310824  0.259141  0.197699  0.313376  0.252402  0.266723  0.435688  0.213975  0.227933  0.483866  0.287571  0.151501  0.198654  0.405475  0.301441  0.375996  0.124781  0.094012  0.212928  0.319218  0.323769  0.314412  0.264712  0.162450 0.0  0.355701  0.292091  0.212818  0.251396 
56  0.235840  0.185383  0.467206  0.172570  0.167108  0.365859  0.429640  0.267968  0.139846  0.309491  0.169447  0.391430  0.319135  0.176475  0.207683  0.569398  0.918346  0.415357  0.141150  0.342022  0.524812  0.102859  0.196506  0.374681  0.714595  0.300573  0.146678  0.255224  0.460802  0.172978  0.222910  0.538498  0.158271  0.313548  0.274127  0.431550  0.155639  0.151753  0.332073  0.569469  0.501878  0.415889  0.292379  0.186399  0.192687  0.459650  0.102846  0.245209  0.383979  0.415879  0.095661  0.558372  0.157578  0.094012  0.417650  0.355701 0.0  0.094012  0.402545  0.449221 
57  0.175530  0.337627  0.520968  0.139556  0.275230  0.248849  0.526916  0.184928  0.118635  0.302188  0.103449  0.383798  0.224727  0.226440  0.237912  0.497232  0.864445  0.556978  0.231182  0.258280  0.536500  0.193854  0.094012  0.340060  0.803254  0.231403  0.262510  0.162695  0.362056  0.121858  0.246443  0.416377  0.123782  0.194400  0.103925  0.402196  0.094012  0.123071  0.218233  0.418939  0.520954  0.405189  0.276827  0.157716  0.141386  0.448460  0.144207  0.202682  0.265754  0.331815  0.221159  0.557432  0.123104  0.224697  0.465531  0.292091  0.094012 0.0  0.242007  0.393027 
58  0.328890  0.134158  0.314356  0.262269  0.334613  0.171052  0.125059  0.237656  0.256558  0.300410  0.283282  0.106192  0.301133  0.290559  0.252162  0.335888  0.575033  0.185754  0.365324  0.368372  0.278394  0.364138  0.298321  0.094012  0.641644  0.406655  0.327559  0.388238  0.128275  0.175958  0.200041  0.274992  0.278122  0.201235  0.334103  0.146976  0.414968  0.430914  0.360798  0.328557  0.251829  0.443513  0.122035  0.205133  0.425466  0.094012  0.309297  0.107031  0.239772  0.166357  0.300619  0.391618  0.281753  0.330870  0.234043  0.212818  0.402545  0.242007 0.0  0.274091 
59  0.426016  0.365978  0.254756  0.399543  0.393030  0.272690  0.349994  0.361403  0.333782  0.187641  0.341324  0.206367  0.389851  0.445488  0.391791  0.307471  0.620012  0.202277  0.451686  0.315517  0.332057  0.395125  0.321949  0.200648  0.591546  0.426462  0.562813  0.505558  0.133591  0.439714  0.405577  0.390505  0.432956  0.265156  0.397979  0.264254  0.362929  0.482655  0.392598  0.258473  0.293424  0.244344  0.150633  0.410974  0.454690  0.323492  0.438318  0.410734  0.198664  0.094012  0.515966  0.219574  0.310929  0.311190  0.169920  0.251396  0.449221  0.393027  0.274091 0.0 
