60
0 0.0  0.217728  0.461753  0.139142  0.208360  0.237706  0.327625  0.171043  0.129262  0.354308  0.290996  0.346637  0.272562  0.127947  0.175577  0.408894  0.813667  0.379373  0.119194  0.268772  0.460686  0.204383  0.207866  0.257871  0.822626  0.111273  0.179130  0.218819  0.369670  0.180804  0.206578  0.403954  0.184519  0.175668  0.165415  0.402061  0.178566  0.168101  0.355484  0.420828  0.517176  0.468420  0.291165  0.127520  0.144423  0.344552  0.153344  0.246947  0.257405  0.281253  0.134666  0.484475  0.124251  0.129710  0.403306  0.257202  0.154334  0.173915  0.260138  0.412753 
1  0.217728 0.0  0.266568  0.212124  0.271969  0.152285  0.206955  0.172000  0.265561  0.202359  0.284605  0.181846  0.298156  0.257744  0.192076  0.325655  0.554324  0.267270  0.252406  0.352693  0.350743  0.321915  0.258983  0.131252  0.494794  0.294619  0.348226  0.326207  0.252954  0.286463  0.163334  0.258889  0.319959  0.218346  0.235587  0.244608  0.289910  0.365224  0.351161  0.315784  0.293251  0.371882  0.209356  0.224456  0.310866  0.192101  0.313990  0.209141  0.194350  0.217338  0.331595  0.324792  0.241336  0.283700  0.272380  0.222799  0.289885  0.280884  0.120024  0.259056 
2  0.461753  0.266568 0.0  0.340238  0.469088  0.311176  0.233749  0.357819  0.485264  0.260923  0.430931  0.232177  0.421454  0.476331  0.369669  0.145449  0.475885  0.124857  0.500007  0.464220  0.158116  0.455381  0.431388  0.244487  0.376567  0.391954  0.464547  0.527562  0.171574  0.489347  0.375474  0.170700  0.446448  0.334440  0.480772  0.230294  0.508914  0.490872  0.503472  0.403181  0.147423  0.534815  0.332024  0.381100  0.455130  0.192131  0.542562  0.359025  0.360666  0.196099  0.480694  0.184754  0.458190  0.425789  0.203851  0.355598  0.459871  0.453005  0.291186  0.240272 
3  0.139142  0.212124  0.340238 0.0  0.208270  0.169772  0.328103  0.144816  0.129532  0.259422  0.223977  0.230395  0.223829  0.141855  0.133467  0.521326  0.856762  0.316864  0.172546  0.282999  0.482746  0.182349  0.191869  0.265726  0.683141  0.154671  0.208314  0.284093  0.370734  0.168333  0.190130  0.323923  0.201505  0.161418  0.146755  0.322984  0.185181  0.209815  0.336686  0.392434  0.376880  0.419259  0.260634  0.113216  0.195029  0.340992  0.185252  0.176872  0.206264  0.325760  0.176535  0.495683  0.116009  0.163109  0.350227  0.242547  0.180440  0.174800  0.216433  0.369547 
4  0.208360  0.271969  0.469088  0.208270 0.0  0.206727  0.371571  0.227727  0.190462  0.269270  0.138134  0.330430  0.117101  0.218770  0.198523  0.454960  0.830521  0.400488  0.240172  0.191270  0.482531  0.174020  0.132978  0.302436  0.697340  0.263822  0.345765  0.315123  0.365535  0.159146  0.296268  0.407767  0.191788  0.251062  0.168498  0.299277  0.189278  0.266366  0.176305  0.270954  0.445146  0.319411  0.205394  0.200640  0.249430  0.346398  0.258032  0.143458  0.188329  0.354957  0.244771  0.492594  0.222930  0.255127  0.314811  0.187477  0.231747  0.188999  0.276673  0.308161 
5  0.237706  0.152285  0.311176  0.169772  0.206727 0.0  0.284669  0.140067  0.193134  0.204089  0.265058  0.227090  0.209839  0.238295  0.135167  0.346509  0.676387  0.305099  0.213803  0.286501  0.387462  0.237565  0.192943  0.180539  0.615604  0.233161  0.321647  0.321548  0.259111  0.226268  0.192709  0.243155  0.244287  0.171299  0.200347  0.273320  0.235547  0.283173  0.311597  0.270239  0.355789  0.433669  0.183709  0.188056  0.259950  0.241446  0.252000  0.171306  0.166650  0.260499  0.214060  0.426529  0.184156  0.253358  0.287634  0.179320  0.240304  0.214267  0.154616  0.304738 
6  0.327625  0.206955  0.233749  0.328103  0.371571  0.284669 0.0  0.261165  0.364110  0.303168  0.401959  0.199960  0.403618  0.320732  0.279520  0.289164  0.582577  0.242962  0.406089  0.445802  0.271154  0.442100  0.287756  0.224295  0.541171  0.314804  0.416117  0.404613  0.242061  0.414609  0.215323  0.202153  0.388251  0.250536  0.356126  0.249099  0.367378  0.382844  0.487288  0.441184  0.198532  0.547809  0.303541  0.282641  0.382212  0.212391  0.412743  0.370945  0.345123  0.240667  0.363451  0.330950  0.322507  0.334085  0.275738  0.269957  0.385425  0.411466  0.211016  0.335522 
7  0.171043  0.172000  0.357819  0.144816  0.227727  0.140067  0.261165 0.0  0.169899  0.287777  0.262252  0.248058  0.251125  0.199195  0.124349  0.420135  0.589730  0.320141  0.203990  0.304780  0.438812  0.233569  0.209976  0.211355  0.776451  0.180143  0.220376  0.258250  0.338282  0.212268  0.178839  0.345287  0.246790  0.130453  0.187141  0.324278  0.232055  0.238033  0.395231  0.314030  0.307264  0.428685  0.234465  0.156273  0.219370  0.300138  0.202907  0.202711  0.217943  0.317295  0.217252  0.428790  0.175183  0.201836  0.303420  0.218440  0.215869  0.192465  0.188554  0.356702 
8  0.129262  0.265561  0.485264  0.129532  0.190462  0.193134  0.364110  0.169899 0.0  0.321714  0.245260  0.318824  0.209226  0.113396  0.158714  0.516154  0.807855  0.411074  0.127741  0.298350  0.493324  0.160948  0.167929  0.264177  0.767168  0.134575  0.209158  0.253487  0.321303  0.137146  0.224309  0.443328  0.159988  0.192670  0.132211  0.359086  0.149041  0.158331  0.310887  0.350642  0.454135  0.421938  0.239402  0.118555  0.169659  0.317871  0.148639  0.204523  0.227143  0.353383  0.147177  0.521825  0.110990  0.154053  0.336686  0.248911  0.145563  0.136537  0.281103  0.369887 
9  0.354308  0.202359  0.260923  0.259422  0.269270  0.204089  0.303168  0.287777  0.321714 0.0  0.273181  0.178853  0.276751  0.383547  0.241281  0.299327  0.579354  0.213837  0.332838  0.324239  0.304521  0.341090  0.299447  0.186231  0.584948  0.326463  0.434304  0.460307  0.177577  0.335794  0.333584  0.282029  0.380341  0.275312  0.309907  0.158169  0.322684  0.344021  0.339607  0.236529  0.299814  0.322971  0.183676  0.283345  0.379807  0.192479  0.365916  0.241762  0.199749  0.158955  0.341612  0.301273  0.295693  0.376202  0.140348  0.196209  0.344815  0.347641  0.187051  0.148642 
10  0.290996  0.284605  0.430931  0.223977  0.138134  0.265058  0.401959  0.262252  0.245260  0.273181 0.0  0.360626  0.133108  0.292301  0.275493  0.470021  0.643506  0.456720  0.277501  0.132332  0.540790  0.203615  0.172790  0.318756  0.814046  0.333552  0.356919  0.378554  0.350860  0.200964  0.353347  0.401952  0.228721  0.294390  0.223208  0.349416  0.231828  0.349979  0.154206  0.235899  0.522225  0.273370  0.230170  0.282574  0.292571  0.381880  0.297559  0.191187  0.220193  0.338548  0.288130  0.500495  0.270818  0.317043  0.380707  0.236322  0.281537  0.235228  0.325703  0.329585 
11  0.346637  0.181846  0.232177  0.230395  0.330430  0.227090  0.199960  0.248058  0.318824  0.178853  0.360626 0.0  0.334459  0.318162  0.272290  0.285290  0.464090  0.191818  0.388786  0.363580  0.242434  0.287036  0.306018  0.136723  0.492192  0.320459  0.309735  0.446081  0.180057  0.300345  0.249124  0.176523  0.392057  0.266088  0.253833  0.173518  0.302953  0.372421  0.412338  0.265529  0.216519  0.420627  0.229875  0.282523  0.413527  0.130946  0.386444  0.275169  0.227053  0.145819  0.377234  0.293399  0.266178  0.437687  0.177564  0.236110  0.385379  0.352176  0.145087  0.225125 
12  0.272562  0.298156  0.421454  0.223829  0.117101  0.209839  0.403618  0.251125  0.209226  0.276751  0.133108  0.334459 0.0  0.239354  0.232344  0.389755  0.756001  0.374746  0.245849  0.164953  0.479823  0.179252  0.151360  0.268420  0.758770  0.290188  0.309121  0.405043  0.370997  0.190488  0.276112  0.393150  0.239508  0.253534  0.190864  0.324756  0.207650  0.308755  0.191783  0.226303  0.414225  0.295004  0.179035  0.214729  0.280923  0.315898  0.266804  0.148068  0.163361  0.321284  0.286249  0.421461  0.218571  0.263255  0.308153  0.192442  0.265467  0.197263  0.242734  0.295724 
13  0.127947  0.257744  0.476331  0.141855  0.218770  0.238295  0.320732  0.199195  0.113396  0.383547  0.292301  0.318162  0.239354 0.0  0.189995  0.402108  0.912557  0.366863  0.110938  0.302278  0.484511  0.171154  0.204110  0.280075  0.727966  0.132354  0.182822  0.217164  0.380088  0.147216  0.223476  0.400301  0.145315  0.187258  0.146771  0.318143  0.149998  0.160775  0.334489  0.428493  0.462604  0.489499  0.328747  0.134191  0.133845  0.295583  0.139187  0.224813  0.254287  0.392582  0.121069  0.429449  0.125740  0.127475  0.368929  0.274256  0.128174  0.140202  0.262805  0.376642 
14  0.175577  0.192076  0.369669  0.133467  0.198523  0.135167  0.279520  0.124349  0.158714  0.241281  0.275493  0.272290  0.232344  0.189995 0.0  0.380356  0.771588  0.367444  0.206043  0.296817  0.454746  0.180880  0.183184  0.217798  0.604564  0.192106  0.255918  0.285385  0.312543  0.183221  0.190598  0.328274  0.219242  0.155602  0.158439  0.295244  0.213165  0.253686  0.346105  0.341019  0.383583  0.376258  0.220123  0.149556  0.222043  0.281601  0.210835  0.172508  0.189674  0.286818  0.211875  0.418679  0.146620  0.190986  0.326671  0.205178  0.224328  0.200484  0.180893  0.310310 
15  0.408894  0.325655  0.145449  0.521326  0.454960  0.346509  0.289164  0.420135  0.516154  0.299327  0.470021  0.285290  0.389755  0.402108  0.380356 0.0  0.462742  0.160084  0.482642  0.431898  0.154934  0.469691  0.503580  0.291976  0.362439  0.522150  0.572682  0.501956  0.201471  0.431030  0.407057  0.222652  0.539688  0.399292  0.433053  0.239123  0.541667  0.503488  0.534866  0.361255  0.189508  0.538109  0.367745  0.505648  0.531961  0.229579  0.516979  0.442289  0.376199  0.220032  0.605208  0.134925  0.447633  0.519446  0.225724  0.367277  0.573178  0.477367  0.304078  0.241205 
16  0.813667  0.554324  0.475885  0.856762  0.830521  0.676387  0.582577  0.589730  0.807855  0.579354  0.643506  0.464090  0.756001  0.912557  0.771588  0.462742 0.0  0.477458  0.836340  0.803658  0.429871  0.819663  0.808878  0.666944  0.146398  0.727111  0.897512  0.947245  0.529458  0.869427  0.738759  0.579614  0.882196  0.870964  0.851294  0.545557  0.833047  0.813167  0.865215  0.630909  0.501056  0.777176  0.763109  0.855179  1.000000  0.609523  0.791421  0.721847  0.715410  0.526811  0.778610  0.428974  0.854986  0.892819  0.580782  0.643163  0.923692  0.759184  0.560335  0.566497 
17  0.379373  0.267270  0.124857  0.316864  0.400488  0.305099  0.242962  0.320141  0.411074  0.213837  0.456720  0.191818  0.374746  0.366863  0.367444  0.160084  0.477458 0.0  0.459963  0.432534  0.203462  0.478661  0.385932  0.212885  0.443946  0.331900  0.457718  0.589178  0.159651  0.398437  0.358549  0.169845  0.481048  0.342185  0.377179  0.174867  0.479157  0.454236  0.453099  0.360929  0.181498  0.423033  0.321849  0.369262  0.487035  0.152446  0.448096  0.354080  0.275088  0.151920  0.447670  0.198481  0.396898  0.429209  0.183258  0.331312  0.518834  0.457618  0.236803  0.223529 
18  0.119194  0.252406  0.500007  0.172546  0.240172  0.213803  0.406089  0.203990  0.127741  0.332838  0.277501  0.388786  0.245849  0.110938  0.206043  0.482642  0.836340  0.459963 0.0  0.310564  0.530987  0.171788  0.206192  0.286000  0.811772  0.123818  0.163846  0.226805  0.386256  0.171156  0.240247  0.401109  0.167640  0.203701  0.161634  0.399044  0.160001  0.146574  0.321882  0.417058  0.491681  0.407368  0.263642  0.140690  0.138720  0.414495  0.128136  0.215369  0.271662  0.310402  0.109732  0.589425  0.129234  0.119105  0.371508  0.281154  0.122554  0.146258  0.313159  0.337176 
19  0.268772  0.352693  0.464220  0.282999  0.191270  0.286501  0.445802  0.304780  0.298350  0.324239  0.132332  0.363580  0.164953  0.302278  0.296817  0.431898  0.803658  0.432534  0.310564 0.0  0.532141  0.243315  0.231224  0.342564  0.857154  0.301868  0.351236  0.407425  0.350917  0.243409  0.365922  0.423311  0.274661  0.370351  0.258271  0.378534  0.287911  0.363504  0.110982  0.255845  0.483506  0.264305  0.248153  0.276212  0.330114  0.392145  0.351891  0.215345  0.251115  0.358922  0.321227  0.466553  0.307153  0.358943  0.334771  0.236186  0.295537  0.260840  0.318522  0.359669 
20  0.460686  0.350743  0.158116  0.482746  0.482531  0.387462  0.271154  0.438812  0.493324  0.304521  0.540790  0.242434  0.479823  0.484511  0.454746  0.154934  0.429871  0.203462  0.530987  0.532141 0.0  0.554212  0.472089  0.318729  0.326351  0.505140  0.617075  0.623813  0.251524  0.512339  0.388011  0.195535  0.628844  0.394478  0.473446  0.292647  0.502566  0.473402  0.409253  0.414002  0.182118  0.457083  0.403884  0.506734  0.480233  0.239325  0.549035  0.546615  0.396691  0.239400  0.533894  0.184763  0.519650  0.499616  0.294836  0.384605  0.461864  0.537942  0.338583  0.306073 
21  0.204383  0.321915  0.455381  0.182349  0.174020  0.237565  0.442100  0.233569  0.160948  0.341090  0.203615  0.287036  0.179252  0.171154  0.180880  0.469691  0.819663  0.478661  0.171788  0.243315  0.554212 0.0  0.149524  0.335495  0.808438  0.209548  0.214218  0.256873  0.431380  0.119409  0.313237  0.472296  0.139992  0.256257  0.140761  0.392081  0.121035  0.233577  0.260530  0.319637  0.475664  0.373077  0.247095  0.165745  0.206147  0.390095  0.200893  0.195860  0.230707  0.385762  0.182634  0.618948  0.171717  0.194815  0.442188  0.250772  0.168924  0.123952  0.335670  0.427984 
22  0.207866  0.258983  0.431388  0.191869  0.132978  0.192943  0.287756  0.209976  0.167929  0.299447  0.172790  0.306018  0.151360  0.204110  0.183184  0.503580  0.808878  0.385932  0.206192  0.231224  0.472089  0.149524 0.0  0.225099  0.662429  0.211213  0.269217  0.285470  0.357265  0.142682  0.298552  0.371252  0.195855  0.218153  0.140939  0.320074  0.169412  0.260687  0.224798  0.307568  0.436967  0.379144  0.202166  0.164786  0.233215  0.353971  0.219668  0.136018  0.167969  0.308878  0.196735  0.441697  0.174073  0.218015  0.328535  0.184129  0.196225  0.164357  0.255077  0.357173 
23  0.257871  0.131252  0.244487  0.265726  0.302436  0.180539  0.224295  0.211355  0.264177  0.186231  0.318756  0.136723  0.268420  0.280075  0.217798  0.291976  0.666944  0.212885  0.286000  0.342564  0.318729  0.335495  0.225099 0.0  0.491658  0.282418  0.378693  0.336731  0.201847  0.306470  0.193849  0.210798  0.316971  0.216237  0.263108  0.201681  0.351034  0.344913  0.327476  0.299753  0.281660  0.432321  0.206081  0.221296  0.367208  0.175206  0.306248  0.216948  0.213146  0.190117  0.281987  0.309410  0.266141  0.308945  0.207949  0.198517  0.303198  0.328703  0.110337  0.247658 
24  0.822626  0.494794  0.376567  0.683141  0.697340  0.615604  0.541171  0.776451  0.767168  0.584948  0.814046  0.492192  0.758770  0.727966  0.604564  0.362439  0.146398  0.443946  0.811772  0.857154  0.326351  0.808438  0.662429  0.491658 0.0  0.764416  0.871523  0.786565  0.501083  0.761352  0.603047  0.399672  0.896768  0.630200  0.745750  0.521219  0.655986  0.753719  0.862152  0.592307  0.454048  0.733980  0.658150  0.682837  0.744661  0.531487  0.692488  0.690840  0.640223  0.531604  0.706026  0.378232  0.766283  0.801297  0.530226  0.610099  0.790609  0.750300  0.570266  0.451937 
25  0.111273  0.294619  0.391954  0.154671  0.263822  0.233161  0.314804  0.180143  0.134575  0.326463  0.333552  0.320459  0.290188  0.132354  0.192106  0.522150  0.727111  0.331900  0.123818  0.301868  0.505140  0.209548  0.211213  0.282418  0.764416 0.0  0.145800  0.192555  0.457082  0.185556  0.217023  0.464394  0.176541  0.170116  0.180937  0.386106  0.182872  0.149027  0.382018  0.393574  0.452415  0.512660  0.310416  0.138524  0.143586  0.336903  0.129120  0.228938  0.273229  0.369471  0.132378  0.542280  0.147351  0.115195  0.400713  0.286032  0.146387  0.172890  0.266984  0.364712 
26  0.179130  0.348226  0.464547  0.208314  0.345765  0.321647  0.416117  0.220376  0.209158  0.434304  0.356919  0.309735  0.309121  0.182822  0.255918  0.572682  0.897512  0.457718  0.163846  0.351236  0.617075  0.214218  0.269217  0.378693  0.871523  0.145800 0.0  0.149683  0.459846  0.230550  0.252946  0.424230  0.179124  0.244084  0.252515  0.408605  0.211101  0.110636  0.397553  0.513229  0.499498  0.550266  0.344946  0.230935  0.134707  0.405963  0.132780  0.267739  0.351267  0.450813  0.146302  0.427556  0.184487  0.142170  0.399829  0.362243  0.160018  0.222328  0.326405  0.424736 
27  0.218819  0.326207  0.527562  0.284093  0.315123  0.321548  0.404613  0.258250  0.253487  0.460307  0.378554  0.446081  0.405043  0.217164  0.285385  0.501956  0.947245  0.589178  0.226805  0.407425  0.623813  0.256873  0.285470  0.336731  0.786565  0.192555  0.149683 0.0  0.519997  0.279903  0.324213  0.533258  0.233500  0.286905  0.261989  0.508478  0.289642  0.161123  0.440954  0.518899  0.593605  0.661095  0.386460  0.241710  0.169240  0.477593  0.180338  0.360156  0.374587  0.492954  0.202490  0.608919  0.239719  0.201234  0.496395  0.425029  0.219103  0.266295  0.373394  0.476962 
28  0.369670  0.252954  0.171574  0.370734  0.365535  0.259111  0.242061  0.338282  0.321303  0.177577  0.350860  0.180057  0.370997  0.380088  0.312543  0.201471  0.529458  0.159651  0.386256  0.350917  0.251524  0.431380  0.357265  0.201847  0.501083  0.457082  0.459846  0.519997 0.0  0.397915  0.318288  0.219932  0.348040  0.309279  0.384701  0.117849  0.398739  0.496268  0.379040  0.261973  0.234927  0.362245  0.242353  0.323735  0.450120  0.166863  0.415868  0.306191  0.264091  0.126698  0.428007  0.238153  0.390528  0.427586  0.121682  0.248080  0.481693  0.377537  0.232792  0.150752 
29  0.180804  0.286463  0.489347  0.168333  0.159146  0.226268  0.414609  0.212268  0.137146  0.335794  0.200964  0.300345  0.190488  0.147216  0.183221  0.431030  0.869427  0.398437  0.171156  0.243409  0.512339  0.119409  0.142682  0.306470  0.761352  0.185556  0.230550  0.279903  0.397915 0.0  0.268027  0.491950  0.151463  0.245053  0.123027  0.383084  0.124184  0.214149  0.245120  0.321877  0.425771  0.379477  0.272171  0.152108  0.187571  0.380129  0.208979  0.181130  0.233140  0.373104  0.169090  0.506847  0.160906  0.195166  0.376502  0.246046  0.173965  0.115780  0.253008  0.307330 
30  0.206578  0.163334  0.375474  0.190130  0.296268  0.192709  0.215323  0.178839  0.224309  0.333584  0.353347  0.249124  0.276112  0.223476  0.190598  0.407057  0.738759  0.358549  0.240247  0.365922  0.388011  0.313237  0.298552  0.193849  0.603047  0.217023  0.252946  0.324213  0.318288  0.268027 0.0  0.272622  0.308496  0.143593  0.224353  0.276428  0.253497  0.282094  0.434283  0.353483  0.340486  0.502626  0.279979  0.217904  0.295754  0.272215  0.255604  0.268614  0.270829  0.273270  0.256869  0.417359  0.210596  0.215834  0.329947  0.287633  0.282089  0.267723  0.195987  0.333414 
31  0.403954  0.258889  0.170700  0.323923  0.407767  0.243155  0.202153  0.345287  0.443328  0.282029  0.401952  0.176523  0.393150  0.400301  0.328274  0.222652  0.579614  0.169845  0.401109  0.423311  0.195535  0.472296  0.371252  0.210798  0.399672  0.464394  0.424230  0.533258  0.219932  0.491950  0.272622 0.0  0.453064  0.341908  0.349619  0.214159  0.464198  0.435627  0.499395  0.429077  0.127086  0.406674  0.308775  0.373136  0.449744  0.160561  0.489082  0.380831  0.339449  0.213585  0.441901  0.228192  0.403860  0.399206  0.247508  0.393839  0.421228  0.386083  0.237777  0.265508 
32  0.184519  0.319959  0.446448  0.201505  0.191788  0.244287  0.388251  0.246790  0.159988  0.380341  0.228721  0.392057  0.239508  0.145315  0.219242  0.539688  0.882196  0.481048  0.167640  0.274661  0.628844  0.139992  0.195855  0.316971  0.896768  0.176541  0.179124  0.233500  0.348040  0.151463  0.308496  0.453064 0.0  0.271242  0.170315  0.388390  0.117275  0.186420  0.294334  0.336679  0.488642  0.456307  0.269117  0.177878  0.169402  0.410548  0.170507  0.230404  0.294204  0.410088  0.166464  0.538438  0.179228  0.200169  0.365604  0.260903  0.142560  0.131509  0.361348  0.405111 
33  0.175668  0.218346  0.334440  0.161418  0.251062  0.171299  0.250536  0.130453  0.192670  0.275312  0.294390  0.266088  0.253534  0.187258  0.155602  0.399292  0.870964  0.342185  0.203701  0.370351  0.394478  0.256257  0.218153  0.216237  0.630200  0.170116  0.244084  0.286905  0.309279  0.245053  0.143593  0.341908  0.271242 0.0  0.205255  0.308634  0.240595  0.223876  0.365537  0.373266  0.369433  0.443304  0.263730  0.174142  0.225963  0.270358  0.192818  0.229982  0.239871  0.350414  0.191397  0.516404  0.166624  0.186764  0.318841  0.220027  0.187266  0.208314  0.222430  0.353869 
34  0.165415  0.235587  0.480772  0.146755  0.168498  0.200347  0.356126  0.187141  0.132211  0.309907  0.223208  0.253833  0.190864  0.146771  0.158439  0.433053  0.851294  0.377179  0.161634  0.258271  0.473446  0.140761  0.140939  0.263108  0.745750  0.180937  0.252515  0.261989  0.384701  0.123027  0.224353  0.349619  0.170315  0.205255 0.0  0.365828  0.153266  0.217243  0.266087  0.373309  0.464009  0.380139  0.205262  0.128705  0.171019  0.360841  0.197139  0.157698  0.195307  0.348496  0.179405  0.497548  0.138057  0.163983  0.317073  0.228812  0.179393  0.126757  0.274497  0.383350 
35  0.402061  0.244608  0.230294  0.322984  0.299277  0.273320  0.249099  0.324278  0.359086  0.158169  0.349416  0.173518  0.324756  0.318143  0.295244  0.239123  0.545557  0.174867  0.399044  0.378534  0.292647  0.392081  0.320074  0.201681  0.521219  0.386106  0.408605  0.508478  0.117849  0.383084  0.276428  0.214159  0.388390  0.308634  0.365828 0.0  0.353589  0.397433  0.347888  0.280608  0.215801  0.343207  0.203733  0.347638  0.365130  0.147396  0.391977  0.267665  0.243276  0.115425  0.349567  0.252192  0.341506  0.391740  0.116819  0.219910  0.384944  0.397272  0.191675  0.145882 
36  0.178566  0.289910  0.508914  0.185181  0.189278  0.235547  0.367378  0.232055  0.149041  0.322684  0.231828  0.302953  0.207650  0.149998  0.213165  0.541667  0.833047  0.479157  0.160001  0.287911  0.502566  0.121035  0.169412  0.351034  0.655986  0.182872  0.211101  0.289642  0.398739  0.124184  0.253497  0.464198  0.117275  0.240595  0.153266  0.353589 0.0  0.190695  0.283222  0.327723  0.475803  0.439539  0.268793  0.160456  0.159271  0.453443  0.173714  0.217558  0.268739  0.384896  0.156163  0.599794  0.168186  0.183665  0.454558  0.279414  0.157002  0.112852  0.339668  0.416653 
37  0.168101  0.365224  0.490872  0.209815  0.266366  0.283173  0.382844  0.238033  0.158331  0.344021  0.349979  0.372421  0.308755  0.160775  0.253686  0.503488  0.813167  0.454236  0.146574  0.363504  0.473402  0.233577  0.260687  0.344913  0.753719  0.149027  0.110636  0.161123  0.496268  0.214149  0.282094  0.435627  0.186420  0.223876  0.217243  0.397433  0.190695 0.0  0.361355  0.419160  0.527255  0.497719  0.337838  0.197342  0.122828  0.446613  0.115846  0.279253  0.321341  0.412976  0.139947  0.591445  0.176370  0.128477  0.429254  0.317882  0.157257  0.208891  0.303248  0.492801 
38  0.355484  0.351161  0.503472  0.336686  0.176305  0.311597  0.487288  0.395231  0.310887  0.339607  0.154206  0.412338  0.191783  0.334489  0.346105  0.534866  0.865215  0.453099  0.321882  0.110982  0.409253  0.260530  0.224798  0.327476  0.862152  0.382018  0.397553  0.440954  0.379040  0.245120  0.434283  0.499395  0.294334  0.365537  0.266087  0.347888  0.283222  0.361355 0.0  0.232626  0.515875  0.259133  0.261184  0.338287  0.357295  0.393877  0.364340  0.231851  0.210076  0.391603  0.337902  0.499287  0.337525  0.326730  0.389089  0.275960  0.362965  0.285406  0.305926  0.358280 
39  0.420828  0.315784  0.403181  0.392434  0.270954  0.270239  0.441184  0.314030  0.350642  0.236529  0.235899  0.265529  0.226303  0.428493  0.341019  0.361255  0.630909  0.360929  0.417058  0.255845  0.414002  0.319637  0.307568  0.299753  0.592307  0.393574  0.513229  0.518899  0.261973  0.321877  0.353483  0.429077  0.336679  0.373266  0.373309  0.280608  0.327723  0.419160  0.232626 0.0  0.382806  0.198279  0.236752  0.361145  0.429899  0.364792  0.487924  0.246169  0.235614  0.302552  0.365036  0.418981  0.381807  0.398838  0.251673  0.210678  0.391039  0.322393  0.297849  0.253249 
40  0.517176  0.293251  0.147423  0.376880  0.445146  0.355789  0.198532  0.307264  0.454135  0.299814  0.522225  0.216519  0.414225  0.462604  0.383583  0.189508  0.501056  0.181498  0.491681  0.483506  0.182118  0.475664  0.436967  0.281660  0.454048  0.452415  0.499498  0.593605  0.234927  0.425771  0.340486  0.127086  0.488642  0.369433  0.464009  0.215801  0.475803  0.527255  0.515875  0.382806 0.0  0.512652  0.316597  0.372029  0.453646  0.183728  0.413695  0.425079  0.382867  0.219217  0.431747  0.249400  0.411743  0.410709  0.252186  0.328045  0.484707  0.398282  0.252805  0.249248 
41  0.468420  0.371882  0.534815  0.419259  0.319411  0.433669  0.547809  0.428685  0.421938  0.322971  0.273370  0.420627  0.295004  0.489499  0.376258  0.538109  0.777176  0.423033  0.407368  0.264305  0.457083  0.373077  0.379144  0.432321  0.733980  0.512660  0.550266  0.661095  0.362245  0.379477  0.502626  0.406674  0.456307  0.443304  0.380139  0.343207  0.439539  0.497719  0.259133  0.198279  0.512652 0.0  0.295709  0.389277  0.444929  0.439907  0.475203  0.350236  0.320535  0.361354  0.508862  0.404388  0.425081  0.480561  0.316100  0.324216  0.430789  0.378430  0.310311  0.307761 
42  0.291165  0.209356  0.332024  0.260634  0.205394  0.183709  0.303541  0.234465  0.239402  0.183676  0.230170  0.229875  0.179035  0.328747  0.220123  0.367745  0.763109  0.321849  0.263642  0.248153  0.403884  0.247095  0.202166  0.206081  0.658150  0.310416  0.344946  0.386460  0.242353  0.272171  0.279979  0.308775  0.269117  0.263730  0.205262  0.203733  0.268793  0.337838  0.261184  0.236752  0.316597  0.295709 0.0  0.245893  0.306378  0.245757  0.323725  0.161046  0.124945  0.249797  0.278210  0.328852  0.277072  0.301838  0.234862  0.101681  0.320294  0.253369  0.203266  0.221936 
43  0.127520  0.224456  0.381100  0.113216  0.200640  0.188056  0.282641  0.156273  0.118555  0.283345  0.282574  0.282523  0.214729  0.134191  0.149556  0.505648  0.855179  0.369262  0.140690  0.276212  0.506734  0.165745  0.164786  0.221296  0.682837  0.138524  0.230935  0.241710  0.323735  0.152108  0.217904  0.373136  0.177878  0.174142  0.128705  0.347638  0.160456  0.197342  0.338287  0.361145  0.372029  0.389277  0.245893 0.0  0.179240  0.357832  0.174810  0.196200  0.191229  0.352385  0.154264  0.574658  0.106015  0.154492  0.398302  0.250099  0.168569  0.151570  0.275962  0.359397 
44  0.144423  0.310866  0.455130  0.195029  0.249430  0.259950  0.382212  0.219370  0.169659  0.379807  0.292571  0.413527  0.280923  0.133845  0.222043  0.531961  1.000000  0.487035  0.138720  0.330114  0.480233  0.206147  0.233215  0.367208  0.744661  0.143586  0.134707  0.169240  0.450120  0.187571  0.295754  0.449744  0.169402  0.225963  0.171019  0.365130  0.159271  0.122828  0.357295  0.429899  0.453646  0.444929  0.306378  0.179240 0.0  0.361039  0.110747  0.242063  0.287803  0.390354  0.118731  0.580917  0.175813  0.126307  0.431765  0.285346  0.119416  0.184091  0.328359  0.417292 
45  0.344552  0.192101  0.192131  0.340992  0.346398  0.241446  0.212391  0.300138  0.317871  0.192479  0.381880  0.130946  0.315898  0.295583  0.281601  0.229579  0.609523  0.152446  0.414495  0.392145  0.239325  0.390095  0.353971  0.175206  0.531487  0.336903  0.405963  0.477593  0.166863  0.380129  0.272215  0.160561  0.410548  0.270358  0.360841  0.147396  0.453443  0.446613  0.393877  0.364792  0.183728  0.439907  0.245757  0.357832  0.361039 0.0  0.402550  0.250557  0.255375  0.135954  0.385425  0.234776  0.319015  0.334298  0.178004  0.256189  0.429516  0.377593  0.178284  0.203016 
46  0.153344  0.313990  0.542562  0.185252  0.258032  0.252000  0.412743  0.202907  0.148639  0.365916  0.297559  0.386444  0.266804  0.139187  0.210835  0.516979  0.791421  0.448096  0.128136  0.351891  0.549035  0.200893  0.219668  0.306248  0.692488  0.129120  0.132780  0.180338  0.415868  0.208979  0.255604  0.489082  0.170507  0.192818  0.197139  0.391977  0.173714  0.115846  0.364340  0.487924  0.413695  0.475203  0.323725  0.174810  0.110747  0.402550 0.0  0.282091  0.262273  0.418491  0.121402  0.523455  0.176252  0.112781  0.490182  0.259859  0.134562  0.172763  0.289266  0.430140 
47  0.246947  0.209141  0.359025  0.176872  0.143458  0.171306  0.370945  0.202711  0.204523  0.241762  0.191187  0.275169  0.148068  0.224813  0.172508  0.442289  0.721847  0.354080  0.215369  0.215345  0.546615  0.195860  0.136018  0.216948  0.690840  0.228938  0.267739  0.360156  0.306191  0.181130  0.268614  0.380831  0.230404  0.229982  0.157698  0.267665  0.217558  0.279253  0.231851  0.246169  0.425079  0.350236  0.161046  0.196200  0.242063  0.250557  0.282091 0.0  0.130507  0.277023  0.280102  0.384955  0.195657  0.248114  0.324811  0.159168  0.243658  0.197431  0.217480  0.301208 
48  0.257405  0.194350  0.360666  0.206264  0.188329  0.166650  0.345123  0.217943  0.227143  0.199749  0.220193  0.227053  0.163361  0.254287  0.189674  0.376199  0.715410  0.275088  0.271662  0.251115  0.396691  0.230707  0.167969  0.213146  0.640223  0.273229  0.351267  0.374587  0.264091  0.233140  0.270829  0.339449  0.294204  0.239871  0.195307  0.243276  0.268739  0.321341  0.210076  0.235614  0.382867  0.320535  0.124945  0.191229  0.287803  0.255375  0.262273  0.130507 0.0  0.253610  0.289865  0.320239  0.250789  0.274495  0.240210  0.118874  0.257910  0.220282  0.200628  0.260697 
49  0.281253  0.217338  0.196099  0.325760  0.354957  0.260499  0.240667  0.317295  0.353383  0.158955  0.338548  0.145819  0.321284  0.392582  0.286818  0.220032  0.526811  0.151920  0.310402  0.358922  0.239400  0.385762  0.308878  0.190117  0.531604  0.369471  0.450813  0.492954  0.126698  0.373104  0.273270  0.213585  0.410088  0.350414  0.348496  0.115425  0.384896  0.412976  0.391603  0.302552  0.219217  0.361354  0.249797  0.352385  0.390354  0.135954  0.418491  0.277023  0.253610 0.0  0.398724  0.223795  0.346708  0.395371  0.137826  0.262415  0.485446  0.366175  0.188140  0.168318 
50  0.134666  0.331595  0.480694  0.176535  0.244771  0.214060  0.363451  0.217252  0.147177  0.341612  0.288130  0.377234  0.286249  0.121069  0.211875  0.605208  0.778610  0.447670  0.109732  0.321227  0.533894  0.182634  0.196735  0.281987  0.706026  0.132378  0.146302  0.202490  0.428007  0.169090  0.256869  0.441901  0.166464  0.191397  0.179405  0.349567  0.156163  0.139947  0.337902  0.365036  0.431747  0.508862  0.278210  0.154264  0.118731  0.385425  0.121402  0.280102  0.289865  0.398724 0.0  0.575330  0.154710  0.121351  0.456844  0.294402  0.114040  0.158712  0.301137  0.373581 
51  0.484475  0.324792  0.184754  0.495683  0.492594  0.426529  0.330950  0.428790  0.521825  0.301273  0.500495  0.293399  0.421461  0.429449  0.418679  0.134925  0.428974  0.198481  0.589425  0.466553  0.184763  0.618948  0.441697  0.309410  0.378232  0.542280  0.427556  0.608919  0.238153  0.506847  0.417359  0.228192  0.538438  0.516404  0.497548  0.252192  0.599794  0.591445  0.499287  0.418981  0.249400  0.404388  0.328852  0.574658  0.580917  0.234776  0.523455  0.384955  0.320239  0.223795  0.575330 0.0  0.532128  0.462194  0.221770  0.380398  0.587059  0.487091  0.305877  0.257689 
52  0.124251  0.241336  0.458190  0.116009  0.222930  0.184156  0.322507  0.175183  0.110990  0.295693  0.270818  0.266178  0.218571  0.125740  0.146620  0.447633  0.854986  0.396898  0.129234  0.307153  0.519650  0.171717  0.174073  0.266141  0.766283  0.147351  0.184487  0.239719  0.390528  0.160906  0.210596  0.403860  0.179228  0.166624  0.138057  0.341506  0.168186  0.176370  0.337525  0.381807  0.411743  0.425081  0.277072  0.106015  0.175813  0.319015  0.176252  0.195657  0.250789  0.346708  0.154710  0.532128 0.0  0.145578  0.394755  0.255161  0.158334  0.154301  0.263186  0.373419 
53  0.129710  0.283700  0.425789  0.163109  0.255127  0.253358  0.334085  0.201836  0.154053  0.376202  0.317043  0.437687  0.263255  0.127475  0.190986  0.519446  0.892819  0.429209  0.119105  0.358943  0.499616  0.194815  0.218015  0.308945  0.801297  0.115195  0.142170  0.201234  0.427586  0.195166  0.215834  0.399206  0.200169  0.186764  0.163983  0.391740  0.183665  0.128477  0.326730  0.398838  0.410709  0.480561  0.301838  0.154492  0.126307  0.334298  0.112781  0.248114  0.274495  0.395371  0.121351  0.462194  0.145578 0.0  0.399296  0.292394  0.132048  0.180190  0.278372  0.453264 
54  0.403306  0.272380  0.203851  0.350227  0.314811  0.287634  0.275738  0.303420  0.336686  0.140348  0.380707  0.177564  0.308153  0.368929  0.326671  0.225724  0.580782  0.183258  0.371508  0.334771  0.294836  0.442188  0.328535  0.207949  0.530226  0.400713  0.399829  0.496395  0.121682  0.376502  0.329947  0.247508  0.365604  0.318841  0.317073  0.116819  0.454558  0.429254  0.389089  0.251673  0.252186  0.316100  0.234862  0.398302  0.431765  0.178004  0.490182  0.324811  0.240210  0.137826  0.456844  0.221770  0.394755  0.399296 0.0  0.232623  0.414671  0.401547  0.228498  0.127101 
55  0.257202  0.222799  0.355598  0.242547  0.187477  0.179320  0.269957  0.218440  0.248911  0.196209  0.236322  0.236110  0.192442  0.274256  0.205178  0.367277  0.643163  0.331312  0.281154  0.236186  0.384605  0.250772  0.184129  0.198517  0.610099  0.286032  0.362243  0.425029  0.248080  0.246046  0.287633  0.393839  0.260903  0.220027  0.228812  0.219910  0.279414  0.317882  0.275960  0.210678  0.328045  0.324216  0.101681  0.250099  0.285346  0.256189  0.259859  0.159168  0.118874  0.262415  0.294402  0.380398  0.255161  0.292394  0.232623 0.0  0.286185  0.285841  0.184767  0.255667 
56  0.154334  0.289885  0.459871  0.180440  0.231747  0.240304  0.385425  0.215869  0.145563  0.344815  0.281537  0.385379  0.265467  0.128174  0.224328  0.573178  0.923692  0.518834  0.122554  0.295537  0.461864  0.168924  0.196225  0.303198  0.790609  0.146387  0.160018  0.219103  0.481693  0.173965  0.282089  0.421228  0.142560  0.187266  0.179393  0.384944  0.157002  0.157257  0.362965  0.391039  0.484707  0.430789  0.320294  0.168569  0.119416  0.429516  0.134562  0.243658  0.257910  0.485446  0.114040  0.587059  0.158334  0.132048  0.414671  0.286185 0.0  0.144849  0.309503  0.377888 
57  0.173915  0.280884  0.453005  0.174800  0.188999  0.214267  0.411466  0.192465  0.136537  0.347641  0.235228  0.352176  0.197263  0.140202  0.200484  0.477367  0.759184  0.457618  0.146258  0.260840  0.537942  0.123952  0.164357  0.328703  0.750300  0.172890  0.222328  0.266295  0.377537  0.115780  0.267723  0.386083  0.131509  0.208314  0.126757  0.397272  0.112852  0.208891  0.285406  0.322393  0.398282  0.378430  0.253369  0.151570  0.184091  0.377593  0.172763  0.197431  0.220282  0.366175  0.158712  0.487091  0.154301  0.180190  0.401547  0.285841  0.144849 0.0  0.312358  0.370835 
58  0.260138  0.120024  0.291186  0.216433  0.276673  0.154616  0.211016  0.188554  0.281103  0.187051  0.325703  0.145087  0.242734  0.262805  0.180893  0.304078  0.560335  0.236803  0.313159  0.318522  0.338583  0.335670  0.255077  0.110337  0.570266  0.266984  0.326405  0.373394  0.232792  0.253008  0.195987  0.237777  0.361348  0.222430  0.274497  0.191675  0.339668  0.303248  0.305926  0.297849  0.252805  0.310311  0.203266  0.275962  0.328359  0.178284  0.289266  0.217480  0.200628  0.188140  0.301137  0.305877  0.263186  0.278372  0.228498  0.184767  0.309503  0.312358 0.0  0.246604 
59  0.412753  0.259056  0.240272  0.369547  0.308161  0.304738  0.335522  0.356702  0.369887  0.148642  0.329585  0.225125  0.295724  0.376642  0.310310  0.241205  0.566497  0.223529  0.337176  0.359669  0.306073  0.427984  0.357173  0.247658  0.451937  0.364712  0.424736  0.476962  0.150752  0.307330  0.333414  0.265508  0.405111  0.353869  0.383350  0.145882  0.416653  0.492801  0.358280  0.253249  0.249248  0.307761  0.221936  0.359397  0.417292  0.203016  0.430140  0.301208  0.260697  0.168318  0.373581  0.257689  0.373419  0.453264  0.127101  0.255667  0.377888  0.370835  0.246604 0.0 
