60
0 0.0  0.265907  0.484279  0.130723  0.234166  0.211979  0.342745  0.150550  0.118489  0.332339  0.278256  0.321008  0.261204  0.118373  0.177536  0.483124  0.757645  0.432008  0.114443  0.366016  0.450508  0.174353  0.211727  0.292756  0.727945  0.103809  0.175762  0.225335  0.441165  0.163596  0.209934  0.434952  0.184654  0.158268  0.164677  0.379966  0.181975  0.150563  0.305261  0.361507  0.381844  0.522028  0.263262  0.126690  0.137902  0.319921  0.138551  0.212641  0.223126  0.399954  0.130461  0.583194  0.113710  0.122669  0.394912  0.264728  0.148261  0.165327  0.266192  0.385231 
1  0.265907 0.0  0.290615  0.200070  0.253596  0.144504  0.205093  0.159325  0.257287  0.198006  0.306460  0.158305  0.282861  0.294791  0.165149  0.324905  0.672764  0.258951  0.269847  0.318553  0.338215  0.282212  0.240153  0.121617  0.542566  0.261661  0.332813  0.371316  0.240959  0.277815  0.186779  0.273198  0.293446  0.199235  0.253373  0.241073  0.318478  0.293320  0.363973  0.333173  0.275955  0.407064  0.208885  0.231390  0.320659  0.187569  0.311366  0.231476  0.202537  0.191714  0.284923  0.352059  0.220608  0.276255  0.254908  0.206403  0.300659  0.280541  0.107957  0.253880 
2  0.484279  0.290615 0.0  0.395005  0.372891  0.367969  0.250644  0.371715  0.500789  0.298393  0.430017  0.226993  0.458664  0.457780  0.385796  0.129624  0.429095  0.131187  0.503302  0.467049  0.130083  0.512407  0.460607  0.292701  0.438150  0.526234  0.613164  0.555604  0.176405  0.441366  0.359022  0.157050  0.555002  0.343465  0.465454  0.207342  0.545889  0.546467  0.550501  0.368601  0.148796  0.407287  0.329026  0.449404  0.525623  0.187572  0.492363  0.366892  0.405798  0.193991  0.504573  0.171024  0.443417  0.518111  0.234249  0.348448  0.509994  0.448664  0.265233  0.241241 
3  0.130723  0.200070  0.395005 0.0  0.195407  0.178886  0.318064  0.126349  0.121615  0.335511  0.232408  0.320600  0.246129  0.148987  0.123198  0.419340  0.853972  0.404959  0.147847  0.300602  0.513420  0.202591  0.181760  0.233684  0.764508  0.149501  0.206435  0.281653  0.414695  0.157001  0.198846  0.380230  0.196151  0.150089  0.138656  0.333993  0.169208  0.205528  0.352433  0.330141  0.444218  0.445833  0.229254  0.105562  0.191078  0.332953  0.184494  0.178338  0.212741  0.353861  0.167705  0.563405  0.109306  0.163889  0.318509  0.243289  0.172654  0.155697  0.230175  0.345421 
4  0.234166  0.253596  0.372891  0.195407 0.0  0.208507  0.364199  0.256077  0.215816  0.261687  0.137564  0.304103  0.115817  0.204891  0.189881  0.459086  0.697835  0.364513  0.238718  0.195853  0.566073  0.163800  0.128128  0.293368  0.765482  0.277636  0.299228  0.401631  0.393065  0.162790  0.275461  0.402837  0.215660  0.262268  0.161421  0.341021  0.194289  0.296743  0.195406  0.261044  0.422048  0.352637  0.172178  0.190130  0.271949  0.342010  0.267952  0.144183  0.190242  0.299853  0.250222  0.508836  0.195126  0.268933  0.339067  0.211964  0.234852  0.181558  0.298483  0.359106 
5  0.211979  0.144504  0.367969  0.178886  0.208507 0.0  0.265984  0.134793  0.204427  0.245919  0.275776  0.209777  0.230983  0.235454  0.133414  0.390521  0.722712  0.281832  0.250118  0.341384  0.410522  0.226191  0.179787  0.166354  0.683090  0.207169  0.309328  0.284230  0.273988  0.190080  0.214924  0.317000  0.270910  0.183059  0.186261  0.272296  0.285992  0.331238  0.334425  0.333639  0.306820  0.425237  0.192437  0.173500  0.275113  0.256722  0.244431  0.164143  0.158063  0.266684  0.240650  0.367192  0.190923  0.234785  0.291817  0.184947  0.243198  0.224974  0.152544  0.278743 
6  0.342745  0.205093  0.250644  0.318064  0.364199  0.265984 0.0  0.275680  0.354846  0.285619  0.436592  0.197948  0.353276  0.322239  0.269368  0.329666  0.591979  0.255504  0.317044  0.436357  0.311094  0.394214  0.323252  0.194406  0.541826  0.322708  0.411743  0.432326  0.281903  0.381490  0.216946  0.179781  0.422475  0.272932  0.311568  0.269984  0.389788  0.391939  0.517249  0.428722  0.216060  0.589264  0.316741  0.317491  0.386247  0.205760  0.387724  0.377802  0.327911  0.229937  0.338561  0.369489  0.308835  0.304316  0.335764  0.348137  0.417571  0.409865  0.210030  0.309271 
7  0.150550  0.159325  0.371715  0.126349  0.256077  0.134793  0.275680 0.0  0.189151  0.302102  0.289854  0.248017  0.264154  0.192253  0.115491  0.468996  0.764787  0.398785  0.209802  0.306708  0.451173  0.201116  0.198888  0.203883  0.787556  0.185444  0.236695  0.319017  0.263669  0.202079  0.152120  0.303737  0.228364  0.118464  0.169686  0.311065  0.251185  0.235143  0.319204  0.367671  0.339458  0.447157  0.211821  0.159604  0.224963  0.327194  0.201592  0.191660  0.207490  0.312267  0.223138  0.437787  0.152424  0.213200  0.345434  0.221238  0.207629  0.193672  0.170780  0.331910 
8  0.118489  0.257287  0.500789  0.121615  0.215816  0.204427  0.354846  0.189151 0.0  0.319903  0.245188  0.300212  0.211441  0.105915  0.179165  0.443863  0.830936  0.413081  0.118926  0.287452  0.567461  0.160482  0.160658  0.287459  0.804226  0.136547  0.184007  0.226595  0.338179  0.138204  0.216913  0.435263  0.166459  0.178758  0.135819  0.339106  0.140671  0.172937  0.274190  0.396164  0.481153  0.422777  0.277420  0.109042  0.171465  0.380314  0.156399  0.228581  0.232506  0.390548  0.130847  0.569788  0.105435  0.142713  0.377884  0.239849  0.134451  0.127135  0.269012  0.434268 
9  0.332339  0.198006  0.298393  0.335511  0.261687  0.245919  0.285619  0.302102  0.319903 0.0  0.290012  0.181830  0.261179  0.322070  0.281458  0.244396  0.625525  0.240933  0.347549  0.337448  0.348560  0.335051  0.296946  0.193505  0.580754  0.313322  0.428862  0.571068  0.155696  0.290584  0.322226  0.270765  0.420472  0.304386  0.302254  0.152611  0.361789  0.445184  0.305302  0.220737  0.284641  0.316617  0.184057  0.349854  0.435903  0.178821  0.342435  0.245355  0.196359  0.157667  0.417305  0.308913  0.306025  0.390014  0.142885  0.190937  0.412518  0.358030  0.179629  0.148994 
10  0.278256  0.306460  0.430017  0.232408  0.137564  0.275776  0.436592  0.289854  0.245188  0.290012 0.0  0.331696  0.128153  0.240089  0.264651  0.523421  0.854373  0.438803  0.304035  0.136963  0.581040  0.195487  0.196732  0.349566  0.896572  0.269977  0.318218  0.382279  0.396475  0.194987  0.384988  0.466633  0.237725  0.334731  0.209948  0.322765  0.233138  0.346941  0.150261  0.220359  0.481137  0.310560  0.218828  0.240833  0.300055  0.394750  0.358399  0.192333  0.202785  0.396512  0.289672  0.449147  0.241072  0.274056  0.364535  0.215171  0.276749  0.225279  0.346267  0.340335 
11  0.321008  0.158305  0.226993  0.320600  0.304103  0.209777  0.197948  0.248017  0.300212  0.181830  0.331696 0.0  0.318863  0.340862  0.251181  0.240678  0.571802  0.183072  0.327159  0.365755  0.254692  0.394017  0.303096  0.133561  0.522623  0.375924  0.399553  0.470712  0.181878  0.370333  0.231388  0.197439  0.394986  0.262064  0.314390  0.180990  0.378523  0.434399  0.440035  0.306779  0.221736  0.464984  0.213553  0.320666  0.394500  0.128193  0.339995  0.227972  0.228392  0.153466  0.361620  0.239166  0.270439  0.381728  0.180945  0.240775  0.378709  0.335848  0.136300  0.195514 
12  0.261204  0.282861  0.458664  0.246129  0.115817  0.230983  0.353276  0.264154  0.211441  0.261179  0.128153  0.318863 0.0  0.230856  0.230195  0.435740  0.872661  0.427618  0.254790  0.173939  0.438298  0.172329  0.137241  0.275528  0.640284  0.240503  0.331069  0.356807  0.349562  0.187114  0.338411  0.452454  0.204120  0.277608  0.186661  0.334166  0.227408  0.329064  0.188954  0.217831  0.428635  0.300944  0.181172  0.206334  0.301431  0.342184  0.292855  0.139815  0.167230  0.296108  0.261160  0.464158  0.212627  0.253104  0.344659  0.175049  0.240062  0.227834  0.275372  0.295987 
13  0.118373  0.294791  0.457780  0.148987  0.204891  0.235454  0.322239  0.192253  0.105915  0.322070  0.240089  0.340862  0.230856 0.0  0.189009  0.519530  0.911047  0.392673  0.104202  0.325716  0.522252  0.155317  0.173004  0.312491  0.778404  0.128069  0.173070  0.227850  0.403339  0.147482  0.242512  0.454413  0.152064  0.183195  0.141881  0.404051  0.142271  0.151948  0.318079  0.387986  0.412210  0.479567  0.281978  0.123488  0.137236  0.366236  0.146371  0.214654  0.247803  0.406652  0.112747  0.519925  0.123657  0.128752  0.455615  0.290960  0.111478  0.125704  0.282376  0.411834 
14  0.177536  0.165149  0.385796  0.123198  0.189881  0.133414  0.269368  0.115491  0.179165  0.281458  0.264651  0.251181  0.230195  0.189009 0.0  0.462532  0.700167  0.382637  0.176168  0.283617  0.454974  0.218029  0.189829  0.230322  0.614974  0.177473  0.226532  0.292969  0.353648  0.178948  0.194194  0.323483  0.233561  0.134193  0.159949  0.317841  0.218227  0.248953  0.280613  0.353239  0.371381  0.437862  0.206862  0.138124  0.250262  0.265654  0.206988  0.145356  0.178500  0.259557  0.188946  0.411749  0.140988  0.200525  0.317684  0.220919  0.222497  0.194049  0.198497  0.308493 
15  0.483124  0.324905  0.129624  0.419340  0.459086  0.390521  0.329666  0.468996  0.443863  0.244396  0.523421  0.240678  0.435740  0.519530  0.462532 0.0  0.510825  0.141515  0.455443  0.550163  0.147372  0.494819  0.449793  0.306309  0.387377  0.472947  0.536413  0.616001  0.196169  0.525601  0.427117  0.194765  0.554610  0.426695  0.486762  0.185052  0.641669  0.538710  0.551256  0.409190  0.209042  0.419241  0.418695  0.437584  0.596236  0.212672  0.543559  0.407074  0.382285  0.211038  0.493510  0.128007  0.449217  0.567575  0.229903  0.387009  0.537783  0.565555  0.311137  0.242543 
16  0.757645  0.672764  0.429095  0.853972  0.697835  0.722712  0.591979  0.764787  0.830936  0.625525  0.854373  0.571802  0.872661  0.911047  0.700167  0.510825 0.0  0.607981  0.729509  0.879519  0.433530  0.921572  0.864767  0.803502  0.156440  0.891208  1.000000  0.920373  0.579054  0.868051  0.869332  0.571608  0.921552  0.755544  0.915305  0.579225  0.887303  0.937656  0.962181  0.641562  0.480086  0.724375  0.705018  0.903460  0.975281  0.591667  0.733730  0.860734  0.759054  0.651315  0.799562  0.383149  0.866013  0.952747  0.546436  0.666324  0.733513  0.915312  0.686592  0.604106 
17  0.432008  0.258951  0.131187  0.404959  0.364513  0.281832  0.255504  0.398785  0.413081  0.240933  0.438803  0.183072  0.427618  0.392673  0.382637  0.141515  0.607981 0.0  0.437879  0.469568  0.163275  0.477128  0.468789  0.249990  0.432639  0.454664  0.531361  0.534193  0.152562  0.418287  0.357483  0.164797  0.473522  0.355748  0.456132  0.167276  0.433151  0.452231  0.481791  0.361344  0.159501  0.411017  0.311980  0.409911  0.560315  0.162406  0.476037  0.349387  0.314044  0.158861  0.467603  0.181106  0.415311  0.498415  0.163047  0.324682  0.561348  0.402225  0.249941  0.203805 
18  0.114443  0.269847  0.503302  0.147847  0.238718  0.250118  0.317044  0.209802  0.118926  0.347549  0.304035  0.327159  0.254790  0.104202  0.176168  0.455443  0.729509  0.437879 0.0  0.336013  0.571177  0.183914  0.196734  0.300081  0.864432  0.118736  0.160030  0.215522  0.412241  0.169903  0.241190  0.461561  0.156160  0.184572  0.149068  0.371866  0.158714  0.153033  0.295067  0.399206  0.450921  0.548805  0.302328  0.141790  0.129951  0.368435  0.122159  0.225922  0.284353  0.404116  0.100459  0.439679  0.134563  0.110286  0.389655  0.273447  0.111989  0.142828  0.243756  0.443067 
19  0.366016  0.318553  0.467049  0.300602  0.195853  0.341384  0.436357  0.306708  0.287452  0.337448  0.136963  0.365755  0.173939  0.325716  0.283617  0.550163  0.879519  0.469568  0.336013 0.0  0.626036  0.230398  0.223503  0.409221  0.658530  0.342290  0.391262  0.487052  0.452352  0.257510  0.435587  0.503659  0.281898  0.355397  0.271470  0.375601  0.248663  0.353460  0.101273  0.215222  0.546853  0.237373  0.232315  0.282132  0.356573  0.380840  0.352459  0.231200  0.234471  0.392179  0.348467  0.474825  0.304870  0.328860  0.375128  0.258507  0.319858  0.313728  0.371473  0.338295 
20  0.450508  0.338215  0.130083  0.513420  0.566073  0.410522  0.311094  0.451173  0.567461  0.348560  0.581040  0.254692  0.438298  0.522252  0.454974  0.147372  0.433530  0.163275  0.571177  0.626036 0.0  0.551007  0.481369  0.292602  0.330229  0.431791  0.645155  0.660177  0.215735  0.571435  0.473938  0.208525  0.587047  0.455718  0.564336  0.281060  0.571642  0.563589  0.547373  0.485813  0.179177  0.604399  0.331374  0.451458  0.663645  0.224436  0.563639  0.504573  0.398603  0.240467  0.576533  0.169561  0.493133  0.564071  0.274190  0.381984  0.564477  0.519542  0.325295  0.272711 
21  0.174353  0.282212  0.512407  0.202591  0.163800  0.226191  0.394214  0.201116  0.160482  0.335051  0.195487  0.394017  0.172329  0.155317  0.218029  0.494819  0.921572  0.477128  0.183914  0.230398  0.551007 0.0  0.141443  0.316378  0.787516  0.198506  0.212561  0.305291  0.408394  0.110363  0.333595  0.449017  0.134478  0.252932  0.148432  0.341052  0.117168  0.228446  0.257721  0.358191  0.491076  0.411090  0.262606  0.149890  0.190884  0.366586  0.216375  0.172193  0.239190  0.356433  0.189588  0.570642  0.183539  0.210816  0.413501  0.258145  0.155278  0.114668  0.322792  0.420660 
22  0.211727  0.240153  0.460607  0.181760  0.128128  0.179787  0.323252  0.198888  0.160658  0.296946  0.196732  0.303096  0.137241  0.173004  0.189829  0.449793  0.864767  0.468789  0.196734  0.223503  0.481369  0.141443 0.0  0.287849  0.804485  0.222211  0.277642  0.277670  0.353543  0.137033  0.235847  0.395913  0.195236  0.228972  0.128232  0.305414  0.169189  0.276694  0.269283  0.281594  0.415431  0.365648  0.182382  0.165579  0.234220  0.355076  0.246591  0.131548  0.181208  0.309255  0.239599  0.404287  0.171372  0.234595  0.380226  0.171689  0.207414  0.149648  0.261760  0.357126 
23  0.292756  0.121617  0.292701  0.233684  0.293368  0.166354  0.194406  0.203883  0.287459  0.193505  0.349566  0.133561  0.275528  0.312491  0.230322  0.306309  0.803502  0.249990  0.300081  0.409221  0.292602  0.316378  0.287849 0.0  0.551478  0.272984  0.358778  0.375082  0.224484  0.285131  0.210421  0.219836  0.317086  0.232438  0.268445  0.197233  0.309613  0.357355  0.388566  0.369730  0.268776  0.411967  0.199892  0.252423  0.331721  0.164660  0.356313  0.255611  0.214757  0.180967  0.330464  0.306600  0.287199  0.316556  0.220122  0.198988  0.324610  0.306768  0.102831  0.234321 
24  0.727945  0.542566  0.438150  0.764508  0.765482  0.683090  0.541826  0.787556  0.804226  0.580754  0.896572  0.522623  0.640284  0.778404  0.614974  0.387377  0.156440  0.432639  0.864432  0.658530  0.330229  0.787516  0.804485  0.551478 0.0  0.870759  0.890816  0.870391  0.499008  0.798826  0.581255  0.453201  0.726488  0.806676  0.835632  0.476533  0.788140  0.861336  0.764024  0.701241  0.423987  0.745454  0.683095  0.712138  0.995553  0.498485  0.750870  0.643916  0.650431  0.483821  0.892019  0.352673  0.762233  0.717012  0.542325  0.741287  0.751235  0.820698  0.633641  0.524928 
25  0.103809  0.261661  0.526234  0.149501  0.277636  0.207169  0.322708  0.185444  0.136547  0.313322  0.269977  0.375924  0.240503  0.128069  0.177473  0.472947  0.891208  0.454664  0.118736  0.342290  0.431791  0.198506  0.222211  0.272984  0.870759 0.0  0.156729  0.204904  0.450762  0.182523  0.204084  0.411240  0.177156  0.175669  0.183532  0.369051  0.179090  0.141947  0.404633  0.383289  0.463899  0.494795  0.317001  0.144792  0.147775  0.406510  0.119632  0.285085  0.278128  0.413126  0.123995  0.490091  0.138152  0.105441  0.376080  0.256088  0.137285  0.166808  0.326084  0.426901 
26  0.175762  0.332813  0.613164  0.206435  0.299228  0.309328  0.411743  0.236695  0.184007  0.428862  0.318218  0.399553  0.331069  0.173070  0.226532  0.536413  1.000000  0.531361  0.160030  0.391262  0.645155  0.212561  0.277642  0.358778  0.890816  0.156729 0.0  0.137475  0.439382  0.232271  0.242820  0.421187  0.192667  0.229828  0.217145  0.387355  0.225823  0.103517  0.380102  0.480746  0.590930  0.553662  0.338688  0.200596  0.128742  0.393645  0.123497  0.308749  0.384974  0.439426  0.148984  0.608495  0.190118  0.135933  0.539863  0.369560  0.167309  0.218247  0.301183  0.441848 
27  0.225335  0.371316  0.555604  0.281653  0.401631  0.284230  0.432326  0.319017  0.226595  0.571068  0.382279  0.470712  0.356807  0.227850  0.292969  0.616001  0.920373  0.534193  0.215522  0.487052  0.660177  0.305291  0.277670  0.375082  0.870391  0.204904  0.137475 0.0  0.540300  0.303126  0.291201  0.501132  0.243471  0.301804  0.271423  0.478114  0.254498  0.143886  0.439956  0.513050  0.561919  0.496562  0.455572  0.287597  0.173752  0.475809  0.171193  0.345611  0.360793  0.481440  0.199955  0.635489  0.237193  0.180055  0.585571  0.419943  0.232750  0.268222  0.336104  0.525903 
28  0.441165  0.240959  0.176405  0.414695  0.393065  0.273988  0.281903  0.263669  0.338179  0.155696  0.396475  0.181878  0.349562  0.403339  0.353648  0.196169  0.579054  0.152562  0.412241  0.452352  0.215735  0.408394  0.353543  0.224484  0.499008  0.450762  0.439382  0.540300 0.0  0.372336  0.332669  0.217812  0.472604  0.350100  0.427077  0.111915  0.419867  0.545181  0.398692  0.289615  0.226462  0.376539  0.263927  0.358092  0.469695  0.152603  0.467925  0.271487  0.248542  0.121466  0.431022  0.218544  0.420075  0.504509  0.115259  0.235804  0.452068  0.412217  0.234836  0.149214 
29  0.163596  0.277815  0.441366  0.157001  0.162790  0.190080  0.381490  0.202079  0.138204  0.290584  0.194987  0.370333  0.187114  0.147482  0.178948  0.525601  0.868051  0.418287  0.169903  0.257510  0.571435  0.110363  0.137033  0.285131  0.798826  0.182523  0.232271  0.303126  0.372336 0.0  0.271887  0.411199  0.132029  0.247720  0.120629  0.409189  0.122337  0.207671  0.278427  0.341331  0.422715  0.394543  0.252798  0.153757  0.187391  0.401817  0.205349  0.178913  0.224298  0.404731  0.170468  0.533976  0.151059  0.203901  0.404047  0.248353  0.152411  0.106379  0.258325  0.340570 
30  0.209934  0.186779  0.359022  0.198846  0.275461  0.214924  0.216946  0.152120  0.216913  0.322226  0.384988  0.231388  0.338411  0.242512  0.194194  0.427117  0.869332  0.357483  0.241190  0.435587  0.473938  0.333595  0.235847  0.210421  0.581255  0.204084  0.242820  0.291201  0.332669  0.271887 0.0  0.272896  0.278884  0.140356  0.239821  0.330138  0.268307  0.265747  0.399011  0.451382  0.330932  0.508543  0.322715  0.208740  0.283238  0.270575  0.238159  0.293993  0.280069  0.290998  0.242895  0.358502  0.202188  0.250034  0.380831  0.289060  0.248084  0.254303  0.200673  0.354932 
31  0.434952  0.273198  0.157050  0.380230  0.402837  0.317000  0.179781  0.303737  0.435263  0.270765  0.466633  0.197439  0.452454  0.454413  0.323483  0.194765  0.571608  0.164797  0.461561  0.503659  0.208525  0.449017  0.395913  0.219836  0.453201  0.411240  0.421187  0.501132  0.217812  0.411199  0.272896 0.0  0.496343  0.329999  0.431226  0.237239  0.458524  0.489502  0.553249  0.417161  0.118628  0.491495  0.330572  0.320820  0.423391  0.179945  0.431865  0.448262  0.328318  0.209612  0.465692  0.233887  0.391797  0.475960  0.243581  0.324284  0.535519  0.485403  0.234212  0.270511 
32  0.184654  0.293446  0.555002  0.196151  0.215660  0.270910  0.422475  0.228364  0.166459  0.420472  0.237725  0.394986  0.204120  0.152064  0.233561  0.554610  0.921552  0.473522  0.156160  0.281898  0.587047  0.134478  0.195236  0.317086  0.726488  0.177156  0.192667  0.243471  0.472604  0.132029  0.278884  0.496343 0.0  0.248174  0.159655  0.421201  0.111443  0.192796  0.300929  0.403772  0.481827  0.410593  0.289855  0.170699  0.150012  0.403150  0.182933  0.239353  0.267467  0.385072  0.145473  0.573172  0.182465  0.168655  0.510123  0.283548  0.131877  0.127966  0.307172  0.451601 
33  0.158268  0.199235  0.343465  0.150089  0.262268  0.183059  0.272932  0.118464  0.178758  0.304386  0.334731  0.262064  0.277608  0.183195  0.134193  0.426695  0.755544  0.355748  0.184572  0.355397  0.455718  0.252932  0.228972  0.232438  0.806676  0.175669  0.229828  0.301804  0.350100  0.247720  0.140356  0.329999  0.248174 0.0  0.189512  0.349931  0.226771  0.219601  0.358542  0.338858  0.359966  0.466315  0.280239  0.164869  0.231196  0.299332  0.207181  0.221513  0.236722  0.354578  0.221186  0.424832  0.159463  0.196647  0.356582  0.256404  0.228764  0.221787  0.197456  0.331264 
34  0.164677  0.253373  0.465454  0.138656  0.161421  0.186261  0.311568  0.169686  0.135819  0.302254  0.209948  0.314390  0.186661  0.141881  0.159949  0.486762  0.915305  0.456132  0.149068  0.271470  0.564336  0.148432  0.128232  0.268445  0.835632  0.183532  0.217145  0.271423  0.427077  0.120629  0.239821  0.431226  0.159655  0.189512 0.0  0.346762  0.133597  0.211746  0.285085  0.297486  0.436195  0.463410  0.232034  0.121008  0.190326  0.355573  0.195488  0.154049  0.187826  0.350062  0.164782  0.520516  0.127749  0.170012  0.394172  0.220933  0.162188  0.122830  0.249188  0.423810 
35  0.379966  0.241073  0.207342  0.333993  0.341021  0.272296  0.269984  0.311065  0.339106  0.152611  0.322765  0.180990  0.334166  0.404051  0.317841  0.185052  0.579225  0.167276  0.371866  0.375601  0.281060  0.341052  0.305414  0.197233  0.476533  0.369051  0.387355  0.478114  0.111915  0.409189  0.330138  0.237239  0.421201  0.349931  0.346762 0.0  0.348338  0.517581  0.389391  0.312329  0.232890  0.342599  0.223885  0.343952  0.410581  0.161393  0.428087  0.320938  0.241902  0.106659  0.359698  0.216643  0.361769  0.429262  0.110670  0.215796  0.333019  0.386464  0.211152  0.143686 
36  0.181975  0.318478  0.545889  0.169208  0.194289  0.285992  0.389788  0.251185  0.140671  0.361789  0.233138  0.378523  0.227408  0.142271  0.218227  0.641669  0.887303  0.433151  0.158714  0.248663  0.571642  0.117168  0.169189  0.309613  0.788140  0.179090  0.225823  0.254498  0.419867  0.122337  0.268307  0.458524  0.111443  0.226771  0.133597  0.348338 0.0  0.182523  0.291823  0.373050  0.492663  0.473664  0.261716  0.166298  0.173642  0.379981  0.164117  0.199206  0.234945  0.406774  0.159634  0.608722  0.162321  0.166457  0.436990  0.256690  0.143357  0.100057  0.319422  0.404044 
37  0.150563  0.293320  0.546467  0.205528  0.296743  0.331238  0.391939  0.235143  0.172937  0.445184  0.346941  0.434399  0.329064  0.151948  0.248953  0.538710  0.937656  0.452231  0.153033  0.353460  0.563589  0.228446  0.276694  0.357355  0.861336  0.141947  0.103517  0.143886  0.545181  0.207671  0.265747  0.489502  0.192796  0.219601  0.211746  0.517581  0.182523 0.0  0.403391  0.421131  0.510143  0.662206  0.338652  0.209886  0.117717  0.428526  0.108744  0.299776  0.340254  0.402354  0.133038  0.652964  0.192258  0.132711  0.465267  0.307219  0.146951  0.200692  0.325486  0.473975 
38  0.305261  0.363973  0.550501  0.352433  0.195406  0.334425  0.517249  0.319204  0.274190  0.305302  0.150261  0.440035  0.188954  0.318079  0.280613  0.551256  0.962181  0.481791  0.295067  0.101273  0.547373  0.257721  0.269283  0.388566  0.764024  0.404633  0.380102  0.439956  0.398692  0.278427  0.399011  0.553249  0.300929  0.358542  0.285085  0.389391  0.291823  0.403391 0.0  0.237777  0.591635  0.260709  0.260553  0.329163  0.387642  0.359930  0.331966  0.268570  0.265379  0.442958  0.296925  0.519738  0.312529  0.318701  0.408399  0.261968  0.308207  0.288569  0.316470  0.381215 
39  0.361507  0.333173  0.368601  0.330141  0.261044  0.333639  0.428722  0.367671  0.396164  0.220737  0.220359  0.306779  0.217831  0.387986  0.353239  0.409190  0.641562  0.361344  0.399206  0.215222  0.485813  0.358191  0.281594  0.369730  0.701241  0.383289  0.480746  0.513050  0.289615  0.341331  0.451382  0.417161  0.403772  0.338858  0.297486  0.312329  0.373050  0.421131  0.237777 0.0  0.417631  0.202174  0.202220  0.363440  0.429312  0.306720  0.426231  0.276969  0.219357  0.317703  0.422257  0.360056  0.390815  0.463587  0.261331  0.202667  0.371394  0.385516  0.332617  0.264437 
40  0.381844  0.275955  0.148796  0.444218  0.422048  0.306820  0.216060  0.339458  0.481153  0.284641  0.481137  0.221736  0.428635  0.412210  0.371381  0.209042  0.480086  0.159501  0.450921  0.546853  0.179177  0.491076  0.415431  0.268776  0.423987  0.463899  0.590930  0.561919  0.226462  0.422715  0.330932  0.118628  0.481827  0.359966  0.436195  0.232890  0.492663  0.510143  0.591635  0.417631 0.0  0.492086  0.388282  0.416309  0.487225  0.185576  0.530135  0.370777  0.410751  0.201147  0.509041  0.259048  0.429670  0.461511  0.280044  0.362761  0.514405  0.482299  0.258675  0.304029 
41  0.522028  0.407064  0.407287  0.445833  0.352637  0.425237  0.589264  0.447157  0.422777  0.316617  0.310560  0.464984  0.300944  0.479567  0.437862  0.419241  0.724375  0.411017  0.548805  0.237373  0.604399  0.411090  0.365648  0.411967  0.745454  0.494795  0.553662  0.496562  0.376539  0.394543  0.508543  0.491495  0.410593  0.466315  0.463410  0.342599  0.473664  0.662206  0.260709  0.202174  0.492086 0.0  0.285176  0.465184  0.501966  0.386339  0.545753  0.352071  0.294618  0.379860  0.489203  0.438532  0.507243  0.525612  0.414230  0.311413  0.448444  0.429896  0.400516  0.294636 
42  0.263262  0.208885  0.329026  0.229254  0.172178  0.192437  0.316741  0.211821  0.277420  0.184057  0.218828  0.213553  0.181172  0.281978  0.206862  0.418695  0.705018  0.311980  0.302328  0.232315  0.331374  0.262606  0.182382  0.199892  0.683095  0.317001  0.338688  0.455572  0.263927  0.252798  0.322715  0.330572  0.289855  0.280239  0.232034  0.223885  0.261716  0.338652  0.260553  0.202220  0.388282  0.285176 0.0  0.227707  0.328015  0.231348  0.309186  0.167170  0.115326  0.216404  0.324917  0.380298  0.260527  0.298978  0.229785  0.092301  0.286131  0.276659  0.194841  0.233188 
43  0.126690  0.231390  0.449404  0.105562  0.190130  0.173500  0.317491  0.159604  0.109042  0.349854  0.240833  0.320666  0.206334  0.123488  0.138124  0.437584  0.903460  0.409911  0.141790  0.282132  0.451458  0.149890  0.165579  0.252423  0.712138  0.144792  0.200596  0.287597  0.358092  0.153757  0.208740  0.320820  0.170699  0.164869  0.121008  0.343952  0.166298  0.209886  0.329163  0.363440  0.416309  0.465184  0.227707 0.0  0.202286  0.321957  0.169610  0.178795  0.210912  0.355068  0.159096  0.505128  0.100725  0.154964  0.374881  0.214111  0.153311  0.141197  0.250637  0.364165 
44  0.137902  0.320659  0.525623  0.191078  0.271949  0.275113  0.386247  0.224963  0.171465  0.435903  0.300055  0.394500  0.301431  0.137236  0.250262  0.596236  0.975281  0.560315  0.129951  0.356573  0.663645  0.190884  0.234220  0.331721  0.995553  0.147775  0.128742  0.173752  0.469695  0.187391  0.283238  0.423391  0.150012  0.231196  0.190326  0.410581  0.173642  0.117717  0.387642  0.429312  0.487225  0.501966  0.328015  0.202286 0.0  0.419596  0.107002  0.247683  0.323481  0.395993  0.112421  0.614657  0.176149  0.120818  0.462958  0.316354  0.115155  0.155831  0.334949  0.472351 
45  0.319921  0.187569  0.187572  0.332953  0.342010  0.256722  0.205760  0.327194  0.380314  0.178821  0.394750  0.128193  0.342184  0.366236  0.265654  0.212672  0.591667  0.162406  0.368435  0.380840  0.224436  0.366586  0.355076  0.164660  0.498485  0.406510  0.393645  0.475809  0.152603  0.401817  0.270575  0.179945  0.403150  0.299332  0.355573  0.161393  0.379981  0.428526  0.359930  0.306720  0.185576  0.386339  0.231348  0.321957  0.419596 0.0  0.330483  0.291753  0.276200  0.132456  0.418036  0.235481  0.296336  0.440226  0.160526  0.234482  0.395523  0.347534  0.183211  0.218050 
46  0.138551  0.311366  0.492363  0.184494  0.267952  0.244431  0.387724  0.201592  0.156399  0.342435  0.358399  0.339995  0.292855  0.146371  0.206988  0.543559  0.733730  0.476037  0.122159  0.352459  0.563639  0.216375  0.246591  0.356313  0.750870  0.119632  0.123497  0.171193  0.467925  0.205349  0.238159  0.431865  0.182933  0.207181  0.195488  0.428087  0.164117  0.108744  0.331966  0.426231  0.530135  0.545753  0.309186  0.169610  0.107002  0.330483 0.0  0.251549  0.293074  0.437216  0.111297  0.501914  0.160346  0.107443  0.449023  0.301355  0.129315  0.185147  0.316537  0.492920 
47  0.212641  0.231476  0.366892  0.178338  0.144183  0.164143  0.377802  0.191660  0.228581  0.245355  0.192333  0.227972  0.139815  0.214654  0.145356  0.407074  0.860734  0.349387  0.225922  0.231200  0.504573  0.172193  0.131548  0.255611  0.643916  0.285085  0.308749  0.345611  0.271487  0.178913  0.293993  0.448262  0.239353  0.221513  0.154049  0.320938  0.199206  0.299776  0.268570  0.276969  0.370777  0.352071  0.167170  0.178795  0.247683  0.291753  0.251549 0.0  0.125249  0.255850  0.211530  0.532992  0.200875  0.266976  0.276083  0.159452  0.239010  0.195196  0.229686  0.311491 
48  0.223126  0.202537  0.405798  0.212741  0.190242  0.158063  0.327911  0.207490  0.232506  0.196359  0.202785  0.228392  0.167230  0.247803  0.178500  0.382285  0.759054  0.314044  0.284353  0.234471  0.398603  0.239190  0.181208  0.214757  0.650431  0.278128  0.384974  0.360793  0.248542  0.224298  0.280069  0.328318  0.267467  0.236722  0.187826  0.241902  0.234945  0.340254  0.265379  0.219357  0.410751  0.294618  0.115326  0.210912  0.323481  0.276200  0.293074  0.125249 0.0  0.261958  0.277601  0.370720  0.208083  0.271839  0.261745  0.112341  0.291525  0.244119  0.206060  0.277277 
49  0.399954  0.191714  0.193991  0.353861  0.299853  0.266684  0.229937  0.312267  0.390548  0.157667  0.396512  0.153466  0.296108  0.406652  0.259557  0.211038  0.651315  0.158861  0.404116  0.392179  0.240467  0.356433  0.309255  0.180967  0.483821  0.413126  0.439426  0.481440  0.121466  0.404731  0.290998  0.209612  0.385072  0.354578  0.350062  0.106659  0.406774  0.402354  0.442958  0.317703  0.201147  0.379860  0.216404  0.355068  0.395993  0.132456  0.437216  0.255850  0.261958 0.0  0.402868  0.238027  0.370285  0.425377  0.131636  0.224548  0.419570  0.373048  0.194270  0.159917 
50  0.130461  0.284923  0.504573  0.167705  0.250222  0.240650  0.338561  0.223138  0.130847  0.417305  0.289672  0.361620  0.261160  0.112747  0.188946  0.493510  0.799562  0.467603  0.100459  0.348467  0.576533  0.189588  0.239599  0.330464  0.892019  0.123995  0.148984  0.199955  0.431022  0.170468  0.242895  0.465692  0.145473  0.221186  0.164782  0.359698  0.159634  0.133038  0.296925  0.422257  0.509041  0.489203  0.324917  0.159096  0.112421  0.418036  0.111297  0.211530  0.277601  0.402868 0.0  0.638410  0.154100  0.112993  0.437526  0.305586  0.104795  0.150233  0.314316  0.422339 
51  0.583194  0.352059  0.171024  0.563405  0.508836  0.367192  0.369489  0.437787  0.569788  0.308913  0.449147  0.239166  0.464158  0.519925  0.411749  0.128007  0.383149  0.181106  0.439679  0.474825  0.169561  0.570642  0.404287  0.306600  0.352673  0.490091  0.608495  0.635489  0.218544  0.533976  0.358502  0.233887  0.573172  0.424832  0.520516  0.216643  0.608722  0.652964  0.519738  0.360056  0.259048  0.438532  0.380298  0.505128  0.614657  0.235481  0.501914  0.532992  0.370720  0.238027  0.638410 0.0  0.530587  0.645563  0.247179  0.391057  0.621149  0.480842  0.352947  0.232124 
52  0.113710  0.220608  0.443417  0.109306  0.195126  0.190923  0.308835  0.152424  0.105435  0.306025  0.241072  0.270439  0.212627  0.123657  0.140988  0.449217  0.866013  0.415311  0.134563  0.304870  0.493133  0.183539  0.171372  0.287199  0.762233  0.138152  0.190118  0.237193  0.420075  0.151059  0.202188  0.391797  0.182465  0.159463  0.127749  0.361769  0.162321  0.192258  0.312529  0.390815  0.429670  0.507243  0.260527  0.100725  0.176149  0.296336  0.160346  0.200875  0.208083  0.370285  0.154100  0.530587 0.0  0.137628  0.385286  0.230232  0.152676  0.134659  0.214659  0.321545 
53  0.122669  0.276255  0.518111  0.163889  0.268933  0.234785  0.304316  0.213200  0.142713  0.390014  0.274056  0.381728  0.253104  0.128752  0.200525  0.567575  0.952747  0.498415  0.110286  0.328860  0.564071  0.210816  0.234595  0.316556  0.717012  0.105441  0.135933  0.180055  0.504509  0.203901  0.250034  0.475960  0.168655  0.196647  0.170012  0.429262  0.166457  0.132711  0.318701  0.463587  0.461511  0.525612  0.298978  0.154964  0.120818  0.440226  0.107443  0.266976  0.271839  0.425377  0.112993  0.645563  0.137628 0.0  0.420930  0.317741  0.126741  0.161429  0.266915  0.406677 
54  0.394912  0.254908  0.234249  0.318509  0.339067  0.291817  0.335764  0.345434  0.377884  0.142885  0.364535  0.180945  0.344659  0.455615  0.317684  0.229903  0.546436  0.163047  0.389655  0.375128  0.274190  0.413501  0.380226  0.220122  0.542325  0.376080  0.539863  0.585571  0.115259  0.404047  0.380831  0.243581  0.510123  0.356582  0.394172  0.110670  0.436990  0.465267  0.408399  0.261331  0.280044  0.414230  0.229785  0.374881  0.462958  0.160526  0.449023  0.276083  0.261745  0.131636  0.437526  0.247179  0.385286  0.420930 0.0  0.202972  0.493513  0.421487  0.220325  0.120675 
55  0.264728  0.206403  0.348448  0.243289  0.211964  0.184947  0.348137  0.221238  0.239849  0.190937  0.215171  0.240775  0.175049  0.290960  0.220919  0.387009  0.666324  0.324682  0.273447  0.258507  0.381984  0.258145  0.171689  0.198988  0.741287  0.256088  0.369560  0.419943  0.235804  0.248353  0.289060  0.324284  0.283548  0.256404  0.220933  0.215796  0.256690  0.307219  0.261968  0.202667  0.362761  0.311413  0.092301  0.214111  0.316354  0.234482  0.301355  0.159452  0.112341  0.224548  0.305586  0.391057  0.230232  0.317741  0.202972 0.0  0.296876  0.283889  0.204307  0.262835 
56  0.148261  0.300659  0.509994  0.172654  0.234852  0.243198  0.417571  0.207629  0.134451  0.412518  0.276749  0.378709  0.240062  0.111478  0.222497  0.537783  0.733513  0.561348  0.111989  0.319858  0.564477  0.155278  0.207414  0.324610  0.751235  0.137285  0.167309  0.232750  0.452068  0.152411  0.248084  0.535519  0.131877  0.228764  0.162188  0.333019  0.143357  0.146951  0.308207  0.371394  0.514405  0.448444  0.286131  0.153311  0.115155  0.395523  0.129315  0.239010  0.291525  0.419570  0.104795  0.621149  0.152676  0.126741  0.493513  0.296876 0.0  0.143633  0.324905  0.453511 
57  0.165327  0.280541  0.448664  0.155697  0.181558  0.224974  0.409865  0.193672  0.127135  0.358030  0.225279  0.335848  0.227834  0.125704  0.194049  0.565555  0.915312  0.402225  0.142828  0.313728  0.519542  0.114668  0.149648  0.306768  0.820698  0.166808  0.218247  0.268222  0.412217  0.106379  0.254303  0.485403  0.127966  0.221787  0.122830  0.386464  0.100057  0.200692  0.288569  0.385516  0.482299  0.429896  0.276659  0.141197  0.155831  0.347534  0.185147  0.195196  0.244119  0.373048  0.150233  0.480842  0.134659  0.161429  0.421487  0.283889  0.143633 0.0  0.306068  0.440232 
58  0.266192  0.107957  0.265233  0.230175  0.298483  0.152544  0.210030  0.170780  0.269012  0.179629  0.346267  0.136300  0.275372  0.282376  0.198497  0.311137  0.686592  0.249941  0.243756  0.371473  0.325295  0.322792  0.261760  0.102831  0.633641  0.326084  0.301183  0.336104  0.234836  0.258325  0.200673  0.234212  0.307172  0.197456  0.249188  0.211152  0.319422  0.325486  0.316470  0.332617  0.258675  0.400516  0.194841  0.250637  0.334949  0.183211  0.316537  0.229686  0.206060  0.194270  0.314316  0.352947  0.214659  0.266915  0.220325  0.204307  0.324905  0.306068 0.0  0.244919 
59  0.385231  0.253880  0.241241  0.345421  0.359106  0.278743  0.309271  0.331910  0.434268  0.148994  0.340335  0.195514  0.295987  0.411834  0.308493  0.242543  0.604106  0.203805  0.443067  0.338295  0.272711  0.420660  0.357126  0.234321  0.524928  0.426901  0.441848  0.525903  0.149214  0.340570  0.354932  0.270511  0.451601  0.331264  0.423810  0.143686  0.404044  0.473975  0.381215  0.264437  0.304029  0.294636  0.233188  0.364165  0.472351  0.218050  0.492920  0.311491  0.277277  0.159917  0.422339  0.232124  0.321545  0.406677  0.120675  0.262835  0.453511  0.440232  0.244919 0.0 
