60
0 0.0  0.231327  0.413200  0.123985  0.234726  0.200117  0.352622  0.158274  0.114589  0.354387  0.268402  0.298395  0.235027  0.115434  0.161708  0.469475  0.775798  0.421622  0.110297  0.313732  0.508553  0.181341  0.199394  0.235262  0.786084  0.099502  0.152308  0.184428  0.383040  0.168682  0.199306  0.386876  0.176060  0.155555  0.152174  0.356565  0.163137  0.146322  0.318125  0.277597  0.362314  0.460800  0.291463  0.121057  0.144026  0.332796  0.127327  0.214476  0.228201  0.319801  0.127806  0.472969  0.106517  0.109827  0.343743  0.243830  0.133468  0.160784  0.260794  0.361290 
1  0.231327 0.0  0.303553  0.197842  0.269262  0.135867  0.195649  0.159148  0.249908  0.214065  0.329938  0.153474  0.219627  0.251684  0.169540  0.325558  0.670284  0.263298  0.274131  0.297652  0.342454  0.252149  0.218391  0.113668  0.615883  0.255715  0.319103  0.381882  0.230347  0.222725  0.168048  0.249446  0.333840  0.168009  0.212168  0.227398  0.273853  0.323921  0.307670  0.303432  0.239842  0.379938  0.194217  0.224888  0.275166  0.191760  0.263672  0.216627  0.164818  0.198345  0.230247  0.358889  0.212305  0.254741  0.223802  0.194731  0.267893  0.252659  0.101956  0.234852 
2  0.413200  0.303553 0.0  0.427879  0.333316  0.316614  0.218076  0.338186  0.406895  0.259066  0.405660  0.197871  0.430400  0.483765  0.382474  0.127619  0.383540  0.123417  0.446699  0.530674  0.129278  0.490310  0.404765  0.228052  0.379001  0.452888  0.502118  0.513351  0.175570  0.485613  0.360474  0.143454  0.543206  0.379698  0.496956  0.186433  0.514904  0.506898  0.472012  0.288633  0.126116  0.442185  0.347226  0.405941  0.549967  0.177016  0.461242  0.364424  0.346716  0.176787  0.520010  0.154218  0.397480  0.486297  0.195988  0.311796  0.472102  0.417678  0.242255  0.196074 
3  0.123985  0.197842  0.427879 0.0  0.180840  0.157532  0.326691  0.133873  0.111375  0.294851  0.235735  0.277452  0.205020  0.124367  0.116377  0.425179  0.809741  0.352731  0.133787  0.297020  0.459391  0.174281  0.148617  0.207346  0.680326  0.143320  0.217765  0.254060  0.307490  0.153789  0.175294  0.331215  0.174298  0.142644  0.125309  0.297549  0.157422  0.168640  0.302582  0.286924  0.353293  0.406335  0.229582  0.096311  0.179557  0.346195  0.174727  0.172015  0.192169  0.299160  0.148347  0.440864  0.099774  0.146832  0.322141  0.236222  0.157629  0.148692  0.222930  0.266822 
4  0.234726  0.269262  0.333316  0.180840 0.0  0.197383  0.309961  0.201286  0.176618  0.251977  0.124085  0.304139  0.105038  0.212340  0.203926  0.453826  0.684191  0.386462  0.223249  0.166376  0.489822  0.150859  0.113126  0.265845  0.690351  0.253386  0.266205  0.314357  0.307347  0.141751  0.252421  0.399100  0.173283  0.242458  0.148938  0.317322  0.176007  0.267696  0.195584  0.215181  0.405307  0.354920  0.184251  0.180408  0.226008  0.324604  0.262063  0.133570  0.173257  0.311474  0.241186  0.428536  0.191762  0.246978  0.304034  0.190866  0.218956  0.168226  0.259407  0.354456 
5  0.200117  0.135867  0.316614  0.157532  0.197383 0.0  0.242512  0.138015  0.182231  0.195236  0.237893  0.189517  0.198894  0.192619  0.115912  0.378644  0.652585  0.281325  0.216365  0.282717  0.396863  0.207960  0.186456  0.160552  0.514517  0.237309  0.260022  0.309431  0.264379  0.182374  0.191859  0.286909  0.209157  0.163853  0.159609  0.216182  0.191020  0.279371  0.354138  0.309641  0.317255  0.337192  0.162169  0.177316  0.247008  0.220667  0.237329  0.147796  0.147640  0.226097  0.213644  0.397618  0.185683  0.212164  0.293681  0.156707  0.219352  0.210709  0.143527  0.244427 
6  0.352622  0.195649  0.218076  0.326691  0.309961  0.242512 0.0  0.257878  0.301347  0.275145  0.411254  0.181807  0.338153  0.346836  0.253405  0.323298  0.608189  0.225586  0.312375  0.482415  0.284798  0.440693  0.308870  0.187431  0.601542  0.285359  0.363542  0.425009  0.254428  0.361484  0.162070  0.177903  0.443710  0.232541  0.334682  0.226679  0.359472  0.404195  0.483841  0.344508  0.179114  0.501567  0.272921  0.313416  0.413042  0.195878  0.331666  0.300420  0.313873  0.210507  0.378185  0.308499  0.298220  0.347721  0.285547  0.285593  0.347833  0.354772  0.199467  0.299586 
7  0.158274  0.159148  0.338186  0.133873  0.201286  0.138015  0.257878 0.0  0.154883  0.234682  0.292589  0.243345  0.254931  0.185258  0.112151  0.354667  0.615729  0.303592  0.175457  0.287468  0.398712  0.221125  0.202811  0.169512  0.598850  0.172278  0.208157  0.262886  0.272494  0.194929  0.151477  0.277575  0.226302  0.116076  0.157696  0.293817  0.218883  0.206627  0.295888  0.364190  0.342101  0.357474  0.244587  0.138043  0.218762  0.249466  0.202146  0.186006  0.190919  0.246583  0.184875  0.421286  0.148818  0.178431  0.312636  0.214656  0.185571  0.213769  0.188802  0.338059 
8  0.114589  0.249908  0.406895  0.111375  0.176618  0.182231  0.301347  0.154883 0.0  0.333316  0.230014  0.353785  0.205429  0.099284  0.150451  0.409404  0.870081  0.374558  0.110222  0.272020  0.501456  0.152104  0.158198  0.260723  0.645518  0.122414  0.175690  0.225344  0.339680  0.125753  0.229601  0.357768  0.146705  0.169128  0.118329  0.350992  0.131174  0.151631  0.246783  0.333794  0.469896  0.426549  0.244135  0.110084  0.131317  0.353107  0.135577  0.193163  0.222954  0.369933  0.123346  0.593839  0.100477  0.127168  0.316440  0.220619  0.132201  0.121832  0.244390  0.391514 
9  0.354387  0.214065  0.259066  0.294851  0.251977  0.195236  0.275145  0.234682  0.333316 0.0  0.260685  0.183165  0.246215  0.308716  0.259042  0.243984  0.642734  0.204884  0.270636  0.295077  0.297472  0.322928  0.271113  0.176167  0.532416  0.305787  0.443757  0.497090  0.171192  0.296858  0.267670  0.253126  0.364025  0.288082  0.248599  0.134346  0.376900  0.421525  0.278158  0.229857  0.280076  0.271503  0.166876  0.292854  0.406504  0.191041  0.353546  0.228385  0.211724  0.140975  0.279218  0.268139  0.338898  0.335062  0.130614  0.165462  0.318998  0.355192  0.162651  0.134636 
10  0.268402  0.329938  0.405660  0.235735  0.124085  0.237893  0.411254  0.292589  0.230014  0.260685 0.0  0.332050  0.114158  0.247013  0.256114  0.468600  0.708398  0.456895  0.269536  0.124152  0.537621  0.183934  0.158058  0.309096  0.729944  0.286523  0.305501  0.347790  0.341533  0.205187  0.383381  0.457423  0.222894  0.287605  0.199148  0.325512  0.208200  0.276485  0.136548  0.220492  0.466140  0.282218  0.211175  0.211895  0.241396  0.386446  0.284226  0.161833  0.200522  0.333513  0.225295  0.413113  0.213587  0.298517  0.320426  0.191739  0.288903  0.215350  0.288476  0.309881 
11  0.298395  0.153474  0.197871  0.277452  0.304139  0.189517  0.181807  0.243345  0.353785  0.183165  0.332050 0.0  0.278298  0.353999  0.233656  0.225433  0.530683  0.187896  0.347058  0.320433  0.264161  0.344314  0.281462  0.136035  0.619830  0.298662  0.373619  0.458096  0.174437  0.319331  0.207958  0.175114  0.389456  0.262326  0.300090  0.152455  0.356091  0.343361  0.423644  0.324932  0.198461  0.363324  0.220379  0.291706  0.373321  0.116162  0.388825  0.246073  0.214061  0.142027  0.335873  0.258796  0.259182  0.265003  0.173481  0.234282  0.299098  0.297941  0.140970  0.198707 
12  0.235027  0.219627  0.430400  0.205020  0.105038  0.198894  0.338153  0.254931  0.205429  0.246215  0.114158  0.278298 0.0  0.212743  0.187087  0.434413  0.717502  0.362132  0.244241  0.168714  0.485372  0.164198  0.134569  0.257369  0.591284  0.216451  0.310858  0.320900  0.329022  0.176971  0.286717  0.370422  0.217618  0.239092  0.178524  0.288470  0.214038  0.271923  0.182280  0.235017  0.379381  0.314571  0.180310  0.213677  0.264585  0.367538  0.257802  0.137480  0.155092  0.312038  0.247893  0.445676  0.235440  0.244222  0.314099  0.164742  0.231254  0.209490  0.248449  0.317095 
13  0.115434  0.251684  0.483765  0.124367  0.212340  0.192619  0.346836  0.185258  0.099284  0.308716  0.247013  0.353999  0.212743 0.0  0.158241  0.526129  0.726265  0.387432  0.099662  0.277105  0.455649  0.143459  0.161712  0.260496  0.714854  0.116301  0.149046  0.193007  0.349825  0.135980  0.223215  0.329709  0.142884  0.174321  0.138072  0.351754  0.138203  0.143079  0.278976  0.390347  0.423143  0.441700  0.255096  0.119745  0.131426  0.341310  0.124660  0.194915  0.236183  0.289669  0.109250  0.487377  0.119305  0.122168  0.365149  0.262883  0.116875  0.121940  0.275184  0.302762 
14  0.161708  0.169540  0.382474  0.116377  0.203926  0.115912  0.253405  0.112151  0.150451  0.259042  0.256114  0.233656  0.187087  0.158241 0.0  0.426509  0.603566  0.318780  0.192053  0.296047  0.374784  0.185324  0.185032  0.194547  0.741665  0.188414  0.200161  0.285370  0.304547  0.173938  0.179401  0.240521  0.203376  0.138384  0.144234  0.256753  0.191927  0.221464  0.259573  0.310999  0.314884  0.465057  0.190615  0.140665  0.215821  0.267120  0.179091  0.161669  0.162696  0.263251  0.188273  0.354631  0.136142  0.191946  0.312892  0.193576  0.210111  0.170733  0.176164  0.297783 
15  0.469475  0.325558  0.127619  0.425179  0.453826  0.378644  0.323298  0.354667  0.409404  0.243984  0.468600  0.225433  0.434413  0.526129  0.426509 0.0  0.426505  0.151464  0.528833  0.441642  0.132132  0.511658  0.445874  0.285030  0.370343  0.461254  0.514951  0.476588  0.202027  0.479365  0.350737  0.207801  0.589370  0.391329  0.460321  0.200533  0.484805  0.474619  0.470491  0.379232  0.180764  0.466595  0.339079  0.432824  0.592417  0.189240  0.498439  0.358672  0.358482  0.215191  0.490740  0.114922  0.451087  0.470956  0.191184  0.343198  0.473659  0.415931  0.296846  0.228714 
16  0.775798  0.670284  0.383540  0.809741  0.684191  0.652585  0.608189  0.615729  0.870081  0.642734  0.708398  0.530683  0.717502  0.726265  0.603566  0.426505 0.0  0.482557  0.843146  0.749636  0.419746  0.933020  0.716557  0.648427  0.140050  0.755394  0.779132  0.880062  0.511958  0.680678  0.649722  0.438943  0.808169  0.666005  0.743921  0.515180  0.857037  0.863899  0.705541  0.854525  0.478828  0.666078  0.510193  0.802796  0.893989  0.554888  0.795685  0.676892  0.665396  0.599326  0.894847  0.395610  0.771679  0.745377  0.457281  0.737835  0.863752  0.774174  0.566936  0.576845 
17  0.421622  0.263298  0.123417  0.352731  0.386462  0.281325  0.225586  0.303592  0.374558  0.204884  0.456895  0.187896  0.362132  0.387432  0.318780  0.151464  0.482557 0.0  0.415563  0.403664  0.166815  0.415379  0.392973  0.204442  0.417497  0.385158  0.529822  0.485946  0.128255  0.455633  0.308292  0.144371  0.447662  0.283794  0.393861  0.148244  0.447174  0.522126  0.467323  0.335754  0.155050  0.409129  0.313622  0.410558  0.482552  0.141728  0.472257  0.285084  0.255517  0.152451  0.426482  0.163507  0.379909  0.394516  0.172806  0.293481  0.509410  0.406108  0.240141  0.186888 
18  0.110297  0.274131  0.446699  0.133787  0.223249  0.216365  0.312375  0.175457  0.110222  0.270636  0.269536  0.347058  0.244241  0.099662  0.192053  0.528833  0.843146  0.415563 0.0  0.299497  0.458148  0.164317  0.180027  0.299230  0.707502  0.106734  0.154117  0.191072  0.382700  0.154566  0.223364  0.383847  0.151136  0.175979  0.146386  0.328256  0.142277  0.136473  0.319839  0.359519  0.399965  0.404908  0.283940  0.126853  0.123245  0.331091  0.109512  0.231590  0.245837  0.371646  0.097815  0.491899  0.130133  0.108913  0.374577  0.249509  0.111136  0.142081  0.265644  0.418557 
19  0.313732  0.297652  0.530674  0.297020  0.166376  0.282717  0.482415  0.287468  0.272020  0.295077  0.124152  0.320433  0.168714  0.277105  0.296047  0.441642  0.749636  0.403664  0.299497 0.0  0.465319  0.235641  0.192524  0.386941  0.740569  0.294422  0.375017  0.428425  0.362082  0.232377  0.381676  0.398922  0.249439  0.328316  0.227532  0.379553  0.233087  0.345767  0.097422  0.212248  0.490206  0.248819  0.200976  0.265326  0.333479  0.347866  0.336662  0.231067  0.206662  0.353065  0.297563  0.463734  0.261146  0.299290  0.327027  0.202927  0.310258  0.246859  0.332650  0.297167 
20  0.508553  0.342454  0.129278  0.459391  0.489822  0.396863  0.284798  0.398712  0.501456  0.297472  0.537621  0.264161  0.485372  0.455649  0.374784  0.132132  0.419746  0.166815  0.458148  0.465319 0.0  0.475158  0.518708  0.291149  0.310443  0.507052  0.522325  0.520288  0.207577  0.521701  0.354565  0.179748  0.526192  0.405765  0.486973  0.260256  0.521219  0.494364  0.547680  0.440889  0.160841  0.510876  0.348719  0.438474  0.538186  0.235911  0.545774  0.449173  0.425268  0.215781  0.491992  0.144688  0.500448  0.519184  0.222770  0.391177  0.460473  0.471588  0.317889  0.279256 
21  0.181341  0.252149  0.490310  0.174281  0.150859  0.207960  0.440693  0.221125  0.152104  0.322928  0.183934  0.344314  0.164198  0.143459  0.185324  0.511658  0.933020  0.415379  0.164317  0.235641  0.475158 0.0  0.137465  0.306429  0.861602  0.185496  0.199631  0.277921  0.411045  0.099505  0.255518  0.382396  0.120920  0.228794  0.130535  0.340174  0.108022  0.212370  0.232140  0.288051  0.438912  0.339029  0.243923  0.164418  0.195427  0.367349  0.190935  0.178533  0.222165  0.367353  0.161936  0.520431  0.170865  0.168482  0.404789  0.223171  0.158478  0.109753  0.281782  0.365671 
22  0.199394  0.218391  0.404765  0.148617  0.113126  0.186456  0.308870  0.202811  0.158198  0.271113  0.158058  0.281462  0.134569  0.161712  0.185032  0.445874  0.716557  0.392973  0.180027  0.192524  0.518708  0.137465 0.0  0.263200  0.694996  0.190307  0.271102  0.333404  0.334952  0.132217  0.272622  0.372040  0.168972  0.207460  0.123120  0.312303  0.154532  0.251805  0.212436  0.264236  0.406869  0.327550  0.181054  0.152795  0.218632  0.370849  0.220643  0.117802  0.164670  0.377023  0.179566  0.422024  0.169544  0.199739  0.339769  0.184238  0.200292  0.135997  0.215584  0.324488 
23  0.235262  0.113668  0.228052  0.207346  0.265845  0.160552  0.187431  0.169512  0.260723  0.176167  0.309096  0.136035  0.257369  0.260496  0.194547  0.285030  0.648427  0.204442  0.299230  0.386941  0.291149  0.306429  0.263200 0.0  0.552239  0.260095  0.359987  0.361009  0.188268  0.256638  0.189078  0.202676  0.343134  0.198683  0.243846  0.188887  0.288637  0.303773  0.326034  0.270204  0.238362  0.418093  0.192306  0.230209  0.301341  0.158239  0.294544  0.193245  0.176241  0.168028  0.340450  0.297824  0.224956  0.301062  0.178622  0.167694  0.280767  0.323794  0.097343  0.202487 
24  0.786084  0.615883  0.379001  0.680326  0.690351  0.514517  0.601542  0.598850  0.645518  0.532416  0.729944  0.619830  0.591284  0.714854  0.741665  0.370343  0.140050  0.417497  0.707502  0.740569  0.310443  0.861602  0.694996  0.552239 0.0  0.776463  0.871161  0.969062  0.437689  0.740844  0.645187  0.413297  0.813323  0.581943  0.638463  0.458614  0.716732  0.789614  0.814116  0.584568  0.358697  0.513670  0.575601  0.637855  1.000000  0.499797  0.685030  0.634125  0.591799  0.446482  0.737452  0.334380  0.827888  0.713290  0.392284  0.638824  0.833924  0.734583  0.592983  0.458323 
25  0.099502  0.255715  0.452888  0.143320  0.253386  0.237309  0.285359  0.172278  0.122414  0.305787  0.286523  0.298662  0.216451  0.116301  0.188414  0.461254  0.755394  0.385158  0.106734  0.294422  0.507052  0.185496  0.190307  0.260095  0.776463 0.0  0.133576  0.192201  0.391281  0.169952  0.189637  0.345070  0.168086  0.157869  0.165539  0.370072  0.175186  0.134868  0.344233  0.329468  0.378764  0.427738  0.276199  0.131115  0.129556  0.326362  0.118056  0.236175  0.241668  0.297344  0.120256  0.513462  0.117620  0.100641  0.391869  0.272477  0.130459  0.159981  0.276981  0.381900 
26  0.152308  0.319103  0.502118  0.217765  0.266205  0.260022  0.363542  0.208157  0.175690  0.443757  0.305501  0.373619  0.310858  0.149046  0.200161  0.514951  0.779132  0.529822  0.154117  0.375017  0.522325  0.199631  0.271102  0.359987  0.871161  0.133576 0.0  0.136514  0.484021  0.216926  0.261713  0.457200  0.186977  0.209611  0.187500  0.366522  0.172808  0.097029  0.394211  0.440752  0.450960  0.492305  0.361341  0.188028  0.117051  0.421513  0.111558  0.266054  0.293128  0.426465  0.140484  0.561260  0.161884  0.139842  0.440760  0.310034  0.161329  0.191173  0.271304  0.459893 
27  0.184428  0.381882  0.513351  0.254060  0.314357  0.309431  0.425009  0.262886  0.225344  0.497090  0.347790  0.458096  0.320900  0.193007  0.285370  0.476588  0.880062  0.485946  0.191072  0.428425  0.520288  0.277921  0.333404  0.361009  0.969062  0.192201  0.136514 0.0  0.453443  0.250289  0.312091  0.485402  0.209121  0.259456  0.231699  0.544022  0.232128  0.144750  0.375640  0.557693  0.443900  0.626715  0.356701  0.250003  0.175475  0.383536  0.175719  0.306322  0.377858  0.451340  0.182206  0.643867  0.237043  0.170567  0.541935  0.353385  0.178936  0.253735  0.437736  0.458697 
28  0.383040  0.230347  0.175570  0.307490  0.307347  0.264379  0.254428  0.272494  0.339680  0.171192  0.341533  0.174437  0.329022  0.349825  0.304547  0.202027  0.511958  0.128255  0.382700  0.362082  0.207577  0.411045  0.334952  0.188268  0.437689  0.391281  0.484021  0.453443 0.0  0.367430  0.300159  0.213645  0.411170  0.333387  0.393782  0.103955  0.320599  0.442218  0.376050  0.298680  0.207280  0.362887  0.248301  0.353577  0.449040  0.148719  0.425395  0.300443  0.281096  0.113998  0.372708  0.211219  0.381741  0.382885  0.102608  0.234516  0.427487  0.388589  0.220769  0.131631 
29  0.168682  0.222725  0.485613  0.153789  0.141751  0.182374  0.361484  0.194929  0.125753  0.296858  0.205187  0.319331  0.176971  0.135980  0.173938  0.479365  0.680678  0.455633  0.154566  0.232377  0.521701  0.099505  0.132217  0.256638  0.740844  0.169952  0.216926  0.250289  0.367430 0.0  0.257745  0.450275  0.124893  0.230257  0.112142  0.351674  0.110512  0.197210  0.266737  0.291762  0.440136  0.397989  0.245927  0.133342  0.180997  0.324529  0.176204  0.157297  0.194020  0.371244  0.155613  0.482903  0.146547  0.169872  0.382844  0.201718  0.158752  0.102576  0.271279  0.324789 
30  0.199306  0.168048  0.360474  0.175294  0.252421  0.191859  0.162070  0.151477  0.229601  0.267670  0.383381  0.207958  0.286717  0.223215  0.179401  0.350737  0.649722  0.308292  0.223364  0.381676  0.354565  0.255518  0.272622  0.189078  0.645187  0.189637  0.261713  0.312091  0.300159  0.257745 0.0  0.242444  0.317749  0.128663  0.232290  0.306707  0.261954  0.234961  0.378044  0.385508  0.296718  0.471848  0.253421  0.197349  0.235907  0.254250  0.228626  0.249049  0.252940  0.307937  0.231704  0.422291  0.203664  0.216611  0.294889  0.261392  0.257732  0.262060  0.177082  0.313803 
31  0.386876  0.249446  0.143454  0.331215  0.399100  0.286909  0.177903  0.277575  0.357768  0.253126  0.457423  0.175114  0.370422  0.329709  0.240521  0.207801  0.438943  0.144371  0.383847  0.398922  0.179748  0.382396  0.372040  0.202676  0.413297  0.345070  0.457200  0.485402  0.213645  0.450275  0.242444 0.0  0.442294  0.342858  0.376782  0.204554  0.428603  0.463430  0.497805  0.376108  0.109487  0.485789  0.321248  0.401179  0.399288  0.144235  0.396668  0.323859  0.339785  0.193655  0.415807  0.290263  0.325866  0.389874  0.216811  0.279995  0.506427  0.451680  0.239152  0.283543 
32  0.176060  0.333840  0.543206  0.174298  0.173283  0.209157  0.443710  0.226302  0.146705  0.364025  0.222894  0.389456  0.217618  0.142884  0.203376  0.589370  0.808169  0.447662  0.151136  0.249439  0.526192  0.120920  0.168972  0.343134  0.813323  0.168086  0.186977  0.209121  0.411170  0.124893  0.317749  0.442294 0.0  0.192835  0.149006  0.361894  0.103129  0.160291  0.270770  0.333122  0.439377  0.378562  0.302451  0.168965  0.148953  0.448228  0.174320  0.215823  0.264203  0.397281  0.138885  0.573105  0.156591  0.165323  0.392610  0.259833  0.137222  0.114301  0.322446  0.409497 
33  0.155555  0.168009  0.379698  0.142644  0.242458  0.163853  0.232541  0.116076  0.169128  0.288082  0.287605  0.262326  0.239092  0.174321  0.138384  0.391329  0.666005  0.283794  0.175979  0.328316  0.405765  0.228794  0.207460  0.198683  0.581943  0.157869  0.209611  0.259456  0.333387  0.230257  0.128663  0.342858  0.192835 0.0  0.178001  0.313227  0.201980  0.212470  0.319388  0.318169  0.340783  0.456374  0.248992  0.157050  0.209273  0.248419  0.179160  0.181553  0.227998  0.326853  0.184885  0.400950  0.153327  0.177388  0.317632  0.266533  0.201232  0.204830  0.232284  0.377275 
34  0.152174  0.212168  0.496956  0.125309  0.148938  0.159609  0.334682  0.157696  0.118329  0.248599  0.199148  0.300090  0.178524  0.138072  0.144234  0.460321  0.743921  0.393861  0.146386  0.227532  0.486973  0.130535  0.123120  0.243846  0.638463  0.165539  0.187500  0.231699  0.393782  0.112142  0.232290  0.376782  0.149006  0.178001 0.0  0.310840  0.134889  0.218880  0.236840  0.280275  0.434805  0.440324  0.220108  0.117352  0.179423  0.362003  0.193978  0.142683  0.199311  0.367376  0.160607  0.413064  0.123728  0.182428  0.333934  0.203518  0.153015  0.118050  0.238755  0.313629 
35  0.356565  0.227398  0.186433  0.297549  0.317322  0.216182  0.226679  0.293817  0.350992  0.134346  0.325512  0.152455  0.288470  0.351754  0.256753  0.200533  0.515180  0.148244  0.328256  0.379553  0.260256  0.340174  0.312303  0.188887  0.458614  0.370072  0.366522  0.544022  0.103955  0.351674  0.306707  0.204554  0.361894  0.313227  0.310840 0.0  0.389138  0.452499  0.335720  0.233889  0.228413  0.293587  0.211681  0.313561  0.426769  0.145554  0.427257  0.260307  0.235746  0.100056  0.421829  0.235116  0.319973  0.435680  0.104474  0.214723  0.393634  0.314034  0.189915  0.130798 
36  0.163137  0.273853  0.514904  0.157422  0.176007  0.191020  0.359472  0.218883  0.131174  0.376900  0.208200  0.356091  0.214038  0.138203  0.191927  0.484805  0.857037  0.447174  0.142277  0.233087  0.521219  0.108022  0.154532  0.288637  0.716732  0.175186  0.172808  0.232128  0.320599  0.110512  0.261954  0.428603  0.103129  0.201980  0.134889  0.389138 0.0  0.176400  0.256532  0.369610  0.471908  0.397020  0.214067  0.145386  0.154143  0.408904  0.162483  0.184277  0.210741  0.404564  0.155993  0.566197  0.156692  0.170874  0.367182  0.286941  0.134613  0.096386  0.267518  0.408812 
37  0.146322  0.323921  0.506898  0.168640  0.267696  0.279371  0.404195  0.206627  0.151631  0.421525  0.276485  0.343361  0.271923  0.143079  0.221464  0.474619  0.863899  0.522126  0.136473  0.345767  0.494364  0.212370  0.251805  0.303773  0.789614  0.134868  0.097029  0.144750  0.442218  0.197210  0.234961  0.463430  0.160291  0.212470  0.218880  0.452499  0.176400 0.0  0.362838  0.402358  0.453394  0.503650  0.351534  0.197147  0.107501  0.336255  0.105015  0.270592  0.318355  0.375548  0.124272  0.523745  0.167971  0.115471  0.433808  0.309834  0.127075  0.190881  0.312783  0.490894 
38  0.318125  0.307670  0.472012  0.302582  0.195584  0.354138  0.483841  0.295888  0.246783  0.278158  0.136548  0.423644  0.182280  0.278976  0.259573  0.470491  0.705541  0.467323  0.319839  0.097422  0.547680  0.232140  0.212436  0.326034  0.814116  0.344233  0.394211  0.375640  0.376050  0.266737  0.378044  0.497805  0.270770  0.319388  0.236840  0.335720  0.256532  0.362838 0.0  0.228306  0.475494  0.234566  0.267432  0.329202  0.374190  0.426370  0.356266  0.251632  0.245460  0.370534  0.362034  0.526673  0.315411  0.336179  0.341541  0.234885  0.253042  0.250481  0.312001  0.347479 
39  0.277597  0.303432  0.288633  0.286924  0.215181  0.309641  0.344508  0.364190  0.333794  0.229857  0.220492  0.324932  0.235017  0.390347  0.310999  0.379232  0.854525  0.335754  0.359519  0.212248  0.440889  0.288051  0.264236  0.270204  0.584568  0.329468  0.440752  0.557693  0.298680  0.291762  0.385508  0.376108  0.333122  0.318169  0.280275  0.233889  0.369610  0.402358  0.228306 0.0  0.387562  0.187143  0.195513  0.322992  0.417415  0.350632  0.368442  0.250842  0.210730  0.240794  0.375562  0.339691  0.298841  0.382499  0.227340  0.189991  0.364205  0.308416  0.265270  0.216835 
40  0.362314  0.239842  0.126116  0.353293  0.405307  0.317255  0.179114  0.342101  0.469896  0.280076  0.466140  0.198461  0.379381  0.423143  0.314884  0.180764  0.478828  0.155050  0.399965  0.490206  0.160841  0.438912  0.406869  0.238362  0.358697  0.378764  0.450960  0.443900  0.207280  0.440136  0.296718  0.109487  0.439377  0.340783  0.434805  0.228413  0.471908  0.453394  0.475494  0.387562 0.0  0.467375  0.336338  0.432220  0.411586  0.187808  0.486854  0.378102  0.311821  0.188716  0.423679  0.245208  0.385371  0.364357  0.238859  0.313616  0.452410  0.458045  0.240314  0.278684 
41  0.460800  0.379938  0.442185  0.406335  0.354920  0.337192  0.501567  0.357474  0.426549  0.271503  0.282218  0.363324  0.314571  0.441700  0.465057  0.466595  0.666078  0.409129  0.404908  0.248819  0.510876  0.339029  0.327550  0.418093  0.513670  0.427738  0.492305  0.626715  0.362887  0.397989  0.471848  0.485789  0.378562  0.456374  0.440324  0.293587  0.397020  0.503650  0.234566  0.187143  0.467375 0.0  0.321991  0.420539  0.431406  0.435924  0.434576  0.330125  0.302458  0.347492  0.404002  0.458017  0.419475  0.485835  0.333544  0.249716  0.382013  0.381198  0.371348  0.281376 
42  0.291463  0.194217  0.347226  0.229582  0.184251  0.162169  0.272921  0.244587  0.244135  0.166876  0.211175  0.220379  0.180310  0.255096  0.190615  0.339079  0.510193  0.313622  0.283940  0.200976  0.348719  0.243923  0.181054  0.192306  0.575601  0.276199  0.361341  0.356701  0.248301  0.245927  0.253421  0.321248  0.302451  0.248992  0.220108  0.211681  0.214067  0.351534  0.267432  0.195513  0.336338  0.321991 0.0  0.217888  0.302986  0.243299  0.323785  0.143049  0.109001  0.196973  0.243323  0.334758  0.244985  0.290402  0.221680  0.087337  0.277915  0.233043  0.156242  0.206017 
43  0.121057  0.224888  0.405941  0.096311  0.180408  0.177316  0.313416  0.138043  0.110084  0.292854  0.211895  0.291706  0.213677  0.119745  0.140665  0.432824  0.802796  0.410558  0.126853  0.265326  0.438474  0.164418  0.152795  0.230209  0.637855  0.131115  0.188028  0.250003  0.353577  0.133342  0.197349  0.401179  0.168965  0.157050  0.117352  0.313561  0.145386  0.197147  0.329202  0.322992  0.432220  0.420539  0.217888 0.0  0.160103  0.353097  0.156298  0.157935  0.200784  0.312010  0.153247  0.451436  0.093290  0.138624  0.295052  0.221332  0.151063  0.138705  0.208376  0.328842 
44  0.144026  0.275166  0.549967  0.179557  0.226008  0.247008  0.413042  0.218762  0.131317  0.406504  0.241396  0.373321  0.264585  0.131426  0.215821  0.592417  0.893989  0.482552  0.123245  0.333479  0.538186  0.195427  0.218632  0.301341  1.000000  0.129556  0.117051  0.175475  0.449040  0.180997  0.235907  0.399288  0.148953  0.209273  0.179423  0.426769  0.154143  0.107501  0.374190  0.417415  0.411586  0.431406  0.302986  0.160103 0.0  0.421502  0.099968  0.285715  0.265726  0.391501  0.109476  0.513199  0.152031  0.116035  0.468333  0.349660  0.107590  0.159491  0.268102  0.444384 
45  0.332796  0.191760  0.177016  0.346195  0.324604  0.220667  0.195878  0.249466  0.353107  0.191041  0.386446  0.116162  0.367538  0.341310  0.267120  0.189240  0.554888  0.141728  0.331091  0.347866  0.235911  0.367349  0.370849  0.158239  0.499797  0.326362  0.421513  0.383536  0.148719  0.324529  0.254250  0.144235  0.448228  0.248419  0.362003  0.145554  0.408904  0.336255  0.426370  0.350632  0.187808  0.435924  0.243299  0.353097  0.421502 0.0  0.373799  0.275100  0.247212  0.119005  0.367841  0.221540  0.344470  0.378582  0.159250  0.235467  0.323052  0.366601  0.173146  0.201999 
46  0.127327  0.263672  0.461242  0.174727  0.262063  0.237329  0.331666  0.202146  0.135577  0.353546  0.284226  0.388825  0.257802  0.124660  0.179091  0.498439  0.795685  0.472257  0.109512  0.336662  0.545774  0.190935  0.220643  0.294544  0.685030  0.118056  0.111558  0.175719  0.425395  0.176204  0.228626  0.396668  0.174320  0.179160  0.193978  0.427257  0.162483  0.105015  0.356266  0.368442  0.486854  0.434576  0.323785  0.156298  0.099968  0.373799 0.0  0.228157  0.275748  0.393784  0.104796  0.460040  0.143341  0.100271  0.434582  0.294323  0.115488  0.165053  0.271620  0.363277 
47  0.214476  0.216627  0.364424  0.172015  0.133570  0.147796  0.300420  0.186006  0.193163  0.228385  0.161833  0.246073  0.137480  0.194915  0.161669  0.358672  0.676892  0.285084  0.231590  0.231067  0.449173  0.178533  0.117802  0.193245  0.634125  0.236175  0.266054  0.306322  0.300443  0.157297  0.249049  0.323859  0.215823  0.181553  0.142683  0.260307  0.184277  0.270592  0.251632  0.250842  0.378102  0.330125  0.143049  0.157935  0.285715  0.275100  0.228157 0.0  0.116184  0.248798  0.223624  0.388916  0.174915  0.211883  0.276761  0.137753  0.218239  0.191453  0.195709  0.294082 
48  0.228201  0.164818  0.346716  0.192169  0.173257  0.147640  0.313873  0.190919  0.222954  0.211724  0.200522  0.214061  0.155092  0.236183  0.162696  0.358482  0.665396  0.255517  0.245837  0.206662  0.425268  0.222165  0.164670  0.176241  0.591799  0.241668  0.293128  0.377858  0.281096  0.194020  0.252940  0.339785  0.264203  0.227998  0.199311  0.235746  0.210741  0.318355  0.245460  0.210730  0.311821  0.302458  0.109001  0.200784  0.265726  0.247212  0.275748  0.116184 0.0  0.235194  0.256428  0.390532  0.211060  0.260220  0.233632  0.102595  0.265156  0.223980  0.169729  0.204471 
49  0.319801  0.198345  0.176787  0.299160  0.311474  0.226097  0.210507  0.246583  0.369933  0.140975  0.333513  0.142027  0.312038  0.289669  0.263251  0.215191  0.599326  0.152451  0.371646  0.353065  0.215781  0.367353  0.377023  0.168028  0.446482  0.297344  0.426465  0.451340  0.113998  0.371244  0.307937  0.193655  0.397281  0.326853  0.367376  0.100056  0.404564  0.375548  0.370534  0.240794  0.188716  0.347492  0.196973  0.312010  0.391501  0.119005  0.393784  0.248798  0.235194 0.0  0.358148  0.209008  0.292239  0.365287  0.126859  0.224618  0.362800  0.355313  0.168588  0.147511 
50  0.127806  0.230247  0.520010  0.148347  0.241186  0.213644  0.378185  0.184875  0.123346  0.279218  0.225295  0.335873  0.247893  0.109250  0.188273  0.490740  0.894847  0.426482  0.097815  0.297563  0.491992  0.161936  0.179566  0.340450  0.737452  0.120256  0.140484  0.182206  0.372708  0.155613  0.231704  0.415807  0.138885  0.184885  0.160607  0.421829  0.155993  0.124272  0.362034  0.375562  0.423679  0.404002  0.243323  0.153247  0.109476  0.367841  0.104796  0.223624  0.256428  0.358148 0.0  0.460885  0.138465  0.105688  0.427574  0.304051  0.097424  0.132095  0.240735  0.466850 
51  0.472969  0.358889  0.154218  0.440864  0.428536  0.397618  0.308499  0.421286  0.593839  0.268139  0.413113  0.258796  0.445676  0.487377  0.354631  0.114922  0.395610  0.163507  0.491899  0.463734  0.144688  0.520431  0.422024  0.297824  0.334380  0.513462  0.561260  0.643867  0.211219  0.482903  0.422291  0.290263  0.573105  0.400950  0.413064  0.235116  0.566197  0.523745  0.526673  0.339691  0.245208  0.458017  0.334758  0.451436  0.513199  0.221540  0.460040  0.388916  0.390532  0.209008  0.460885 0.0  0.372364  0.484439  0.216835  0.347301  0.537410  0.437086  0.317350  0.220515 
52  0.106517  0.212305  0.397480  0.099774  0.191762  0.185683  0.298220  0.148818  0.100477  0.338898  0.213587  0.259182  0.235440  0.119305  0.136142  0.451087  0.771679  0.379909  0.130133  0.261146  0.500448  0.170865  0.169544  0.224956  0.827888  0.117620  0.161884  0.237043  0.381741  0.146547  0.203664  0.325866  0.156591  0.153327  0.123728  0.319973  0.156692  0.167971  0.315411  0.298841  0.385371  0.419475  0.244985  0.093290  0.152031  0.344470  0.143341  0.174915  0.211060  0.292239  0.138465  0.372364 0.0  0.131530  0.313023  0.250648  0.145981  0.138087  0.231142  0.306505 
53  0.109827  0.254741  0.486297  0.146832  0.246978  0.212164  0.347721  0.178431  0.127168  0.335062  0.298517  0.265003  0.244222  0.122168  0.191946  0.470956  0.745377  0.394516  0.108913  0.299290  0.519184  0.168482  0.199739  0.301062  0.713290  0.100641  0.139842  0.170567  0.382885  0.169872  0.216611  0.389874  0.165323  0.177388  0.182428  0.435680  0.170874  0.115471  0.336179  0.382499  0.364357  0.485835  0.290402  0.138624  0.116035  0.378582  0.100271  0.211883  0.260220  0.365287  0.105688  0.484439  0.131530 0.0  0.382437  0.317572  0.115285  0.162433  0.272577  0.342983 
54  0.343743  0.223802  0.195988  0.322141  0.304034  0.293681  0.285547  0.312636  0.316440  0.130614  0.320426  0.173481  0.314099  0.365149  0.312892  0.191184  0.457281  0.172806  0.374577  0.327027  0.222770  0.404789  0.339769  0.178622  0.392284  0.391869  0.440760  0.541935  0.102608  0.382844  0.294889  0.216811  0.392610  0.317632  0.333934  0.104474  0.367182  0.433808  0.341541  0.227340  0.238859  0.333544  0.221680  0.295052  0.468333  0.159250  0.434582  0.276761  0.233632  0.126859  0.427574  0.216835  0.313023  0.382437 0.0  0.237709  0.386790  0.388039  0.204876  0.114374 
55  0.243830  0.194731  0.311796  0.236222  0.190866  0.156707  0.285593  0.214656  0.220619  0.165462  0.191739  0.234282  0.164742  0.262883  0.193576  0.343198  0.737835  0.293481  0.249509  0.202927  0.391177  0.223171  0.184238  0.167694  0.638824  0.272477  0.310034  0.353385  0.234516  0.201718  0.261392  0.279995  0.259833  0.266533  0.203518  0.214723  0.286941  0.309834  0.234885  0.189991  0.313616  0.249716  0.087337  0.221332  0.349660  0.235467  0.294323  0.137753  0.102595  0.224618  0.304051  0.347301  0.250648  0.317572  0.237709 0.0  0.273043  0.261416  0.188684  0.205500 
56  0.133468  0.267893  0.472102  0.157629  0.218956  0.219352  0.347833  0.185571  0.132201  0.318998  0.288903  0.299098  0.231254  0.116875  0.210111  0.473659  0.863752  0.509410  0.111136  0.310258  0.460473  0.158478  0.200292  0.280767  0.833924  0.130459  0.161329  0.178936  0.427487  0.158752  0.257732  0.506427  0.137222  0.201232  0.153015  0.393634  0.134613  0.127075  0.253042  0.364205  0.452410  0.382013  0.277915  0.151063  0.107590  0.323052  0.115488  0.218239  0.265156  0.362800  0.097424  0.537410  0.145981  0.115285  0.386790  0.273043 0.0  0.136547  0.322501  0.438429 
57  0.160784  0.252659  0.417678  0.148692  0.168226  0.210709  0.354772  0.213769  0.121832  0.355192  0.215350  0.297941  0.209490  0.121940  0.170733  0.415931  0.774174  0.406108  0.142081  0.246859  0.471588  0.109753  0.135997  0.323794  0.734583  0.159981  0.191173  0.253735  0.388589  0.102576  0.262060  0.451680  0.114301  0.204830  0.118050  0.314034  0.096386  0.190881  0.250481  0.308416  0.458045  0.381198  0.233043  0.138705  0.159491  0.366601  0.165053  0.191453  0.223980  0.355313  0.132095  0.437086  0.138087  0.162433  0.388039  0.261416  0.136547 0.0  0.238348  0.400114 
58  0.260794  0.101956  0.242255  0.222930  0.259407  0.143527  0.199467  0.188802  0.244390  0.162651  0.288476  0.140970  0.248449  0.275184  0.176164  0.296846  0.566936  0.240141  0.265644  0.332650  0.317889  0.281782  0.215584  0.097343  0.592983  0.276981  0.271304  0.437736  0.220769  0.271279  0.177082  0.239152  0.322446  0.232284  0.238755  0.189915  0.267518  0.312783  0.312001  0.265270  0.240314  0.371348  0.156242  0.208376  0.268102  0.173146  0.271620  0.195709  0.169729  0.168588  0.240735  0.317350  0.231142  0.272577  0.204876  0.188684  0.322501  0.238348 0.0  0.247853 
59  0.361290  0.234852  0.196074  0.266822  0.354456  0.244427  0.299586  0.338059  0.391514  0.134636  0.309881  0.198707  0.317095  0.302762  0.297783  0.228714  0.576845  0.186888  0.418557  0.297167  0.279256  0.365671  0.324488  0.202487  0.458323  0.381900  0.459893  0.458697  0.131631  0.324789  0.313803  0.283543  0.409497  0.377275  0.313629  0.130798  0.408812  0.490894  0.347479  0.216835  0.278684  0.281376  0.206017  0.328842  0.444384  0.201999  0.363277  0.294082  0.204471  0.147511  0.466850  0.220515  0.306505  0.342983  0.114374  0.205500  0.438429  0.400114  0.247853 0.0 
