60
0 0.0  0.280173  0.456300  0.131541  0.258590  0.206829  0.317502  0.163337  0.120500  0.348437  0.287477  0.289620  0.256331  0.118798  0.170326  0.491974  0.612039  0.475103  0.117756  0.326115  0.517346  0.204927  0.197512  0.289466  0.765674  0.104165  0.161109  0.252502  0.371645  0.182273  0.210589  0.400461  0.196221  0.147216  0.161219  0.419177  0.165857  0.163260  0.381120  0.399222  0.408079  0.501760  0.304571  0.129177  0.155139  0.333815  0.131065  0.200295  0.266948  0.407117  0.131910  0.587455  0.112549  0.113173  0.454336  0.283632  0.138469  0.162157  0.270185  0.343100 
1  0.280173 0.0  0.288277  0.220632  0.288983  0.139053  0.187267  0.166269  0.243869  0.213082  0.292505  0.166788  0.261154  0.277658  0.194730  0.322198  0.679097  0.268314  0.273736  0.391292  0.383480  0.298547  0.261693  0.116454  0.586952  0.264658  0.338768  0.369491  0.260608  0.298215  0.179743  0.267162  0.323988  0.193205  0.259304  0.233617  0.373234  0.328406  0.365725  0.326106  0.283954  0.452715  0.217425  0.229270  0.309677  0.198057  0.289236  0.194423  0.208357  0.209865  0.340703  0.382904  0.231093  0.307929  0.235672  0.222878  0.314072  0.302382  0.109507  0.277510 
2  0.456300  0.288277 0.0  0.413761  0.389204  0.345789  0.252477  0.418149  0.520778  0.268518  0.479980  0.218312  0.397395  0.463760  0.450481  0.140563  0.472927  0.124535  0.507528  0.450861  0.148794  0.516126  0.481385  0.279425  0.450771  0.511570  0.523630  0.579389  0.209293  0.487024  0.394219  0.159057  0.435632  0.413802  0.403527  0.207946  0.445448  0.452397  0.511317  0.370838  0.153131  0.476785  0.337800  0.419994  0.588259  0.194572  0.508322  0.426062  0.412650  0.178905  0.436566  0.193842  0.442814  0.450630  0.210237  0.331787  0.539750  0.418456  0.295882  0.273997 
3  0.131541  0.220632  0.413761 0.0  0.224867  0.178244  0.318510  0.139892  0.126650  0.346366  0.293684  0.300183  0.227152  0.137509  0.120172  0.489622  0.742636  0.398907  0.148217  0.307558  0.475751  0.173852  0.175684  0.247084  0.772553  0.139401  0.202206  0.295262  0.409593  0.159712  0.182375  0.337800  0.199934  0.139674  0.131482  0.348985  0.181198  0.203192  0.323708  0.370790  0.420251  0.488577  0.252457  0.102018  0.176964  0.363770  0.195491  0.168537  0.207540  0.310393  0.164127  0.498661  0.104355  0.148498  0.357277  0.235793  0.178130  0.173245  0.216108  0.377868 
4  0.258590  0.288983  0.389204  0.224867 0.0  0.234194  0.349527  0.230692  0.210239  0.270938  0.129460  0.367451  0.110673  0.244599  0.249920  0.534741  0.898021  0.434217  0.241328  0.176031  0.550079  0.162262  0.121151  0.286774  0.772112  0.249409  0.282874  0.359528  0.414708  0.167697  0.298919  0.401439  0.205897  0.260622  0.165210  0.303006  0.181385  0.293173  0.191221  0.288135  0.512948  0.370707  0.193469  0.214332  0.264824  0.340735  0.264316  0.148298  0.180647  0.379306  0.266806  0.455349  0.222766  0.238300  0.336233  0.182616  0.258786  0.186461  0.262061  0.344413 
5  0.206829  0.139053  0.345789  0.178244  0.234194 0.0  0.254336  0.148561  0.184112  0.240769  0.279801  0.225898  0.218862  0.231457  0.130768  0.306289  0.665469  0.310032  0.265133  0.307167  0.454002  0.241075  0.190277  0.183282  0.653954  0.198733  0.279800  0.336945  0.261481  0.221281  0.179888  0.311334  0.234306  0.164247  0.199259  0.262920  0.259133  0.257677  0.334424  0.365102  0.345139  0.439296  0.169897  0.191761  0.308844  0.233712  0.249512  0.157192  0.145699  0.267554  0.226438  0.442414  0.187479  0.247193  0.272212  0.163270  0.268921  0.215697  0.153317  0.292388 
6  0.317502  0.187267  0.252477  0.318510  0.349527  0.254336 0.0  0.239052  0.391420  0.290440  0.435530  0.210509  0.412314  0.332536  0.315529  0.321105  0.661129  0.229783  0.353935  0.488357  0.335543  0.439647  0.329710  0.202666  0.644751  0.318410  0.396210  0.449299  0.277552  0.400689  0.208908  0.180353  0.431248  0.238947  0.354457  0.282078  0.338711  0.384660  0.454133  0.428726  0.220962  0.580730  0.349935  0.328603  0.437077  0.209891  0.354810  0.339811  0.328133  0.256595  0.394562  0.387507  0.295717  0.427826  0.290107  0.304772  0.336198  0.448144  0.229764  0.316672 
7  0.163337  0.166269  0.418149  0.139892  0.230692  0.148561  0.239052 0.0  0.171829  0.281907  0.298541  0.240964  0.278201  0.210058  0.113448  0.427656  0.684682  0.364076  0.204647  0.348287  0.479773  0.268758  0.231974  0.205025  0.605982  0.181284  0.263311  0.300268  0.362465  0.229232  0.160552  0.351338  0.269633  0.118491  0.163835  0.332017  0.234974  0.207148  0.359671  0.385389  0.349560  0.462694  0.207463  0.154474  0.217004  0.320510  0.185804  0.180986  0.206027  0.273486  0.206368  0.409008  0.151689  0.213008  0.350697  0.224083  0.223815  0.228142  0.205846  0.336267 
8  0.120500  0.243869  0.520778  0.126650  0.210239  0.184112  0.391420  0.171829 0.0  0.323688  0.241360  0.288739  0.235830  0.104445  0.164143  0.488691  0.861021  0.435272  0.115679  0.299432  0.508639  0.164553  0.166270  0.282663  0.911735  0.142774  0.199137  0.249605  0.416174  0.142403  0.242406  0.369489  0.149590  0.165723  0.126764  0.355443  0.133730  0.168372  0.299842  0.320415  0.452036  0.440320  0.245919  0.106829  0.152453  0.361328  0.146271  0.185825  0.240847  0.407099  0.133911  0.482407  0.102825  0.138741  0.423128  0.280752  0.137206  0.130095  0.270024  0.421542 
9  0.348437  0.213082  0.268518  0.346366  0.270938  0.240769  0.290440  0.281907  0.323688 0.0  0.328406  0.181567  0.304309  0.369752  0.284621  0.300948  0.729598  0.246165  0.343204  0.274436  0.334780  0.372769  0.271168  0.169985  0.570813  0.383949  0.476066  0.431062  0.177161  0.304354  0.310019  0.288649  0.376758  0.309379  0.350116  0.139077  0.312819  0.365269  0.329272  0.250090  0.310871  0.330765  0.162187  0.315412  0.397683  0.197380  0.372507  0.243348  0.207001  0.161848  0.330803  0.302048  0.317640  0.403856  0.158450  0.180458  0.335072  0.356644  0.191548  0.141548 
10  0.287477  0.292505  0.479980  0.293684  0.129460  0.279801  0.435530  0.298541  0.241360  0.328406 0.0  0.374095  0.133615  0.262288  0.254480  0.424450  0.911677  0.435882  0.250192  0.125228  0.600976  0.189425  0.168329  0.321865  0.826189  0.345979  0.338417  0.345668  0.393509  0.215234  0.366253  0.519434  0.264759  0.305283  0.203485  0.363302  0.218766  0.297731  0.152586  0.244364  0.463228  0.334500  0.205084  0.252285  0.308645  0.338624  0.338367  0.188704  0.217990  0.389409  0.290247  0.511818  0.248071  0.330802  0.368644  0.221954  0.271819  0.201410  0.308176  0.349586 
11  0.289620  0.166788  0.218312  0.300183  0.367451  0.225898  0.210509  0.240964  0.288739  0.181567  0.374095 0.0  0.328328  0.330247  0.281273  0.243642  0.584547  0.185873  0.371780  0.382569  0.253570  0.381516  0.299209  0.128196  0.540637  0.335725  0.412096  0.416715  0.177707  0.376097  0.222059  0.207641  0.453520  0.263361  0.296904  0.155979  0.388874  0.453680  0.467968  0.289802  0.242801  0.451092  0.214671  0.344737  0.380922  0.125540  0.360986  0.256100  0.225083  0.144271  0.400285  0.305650  0.265445  0.394335  0.201356  0.257366  0.409814  0.324477  0.137027  0.227267 
12  0.256331  0.261154  0.397395  0.227152  0.110673  0.218862  0.412314  0.278201  0.235830  0.304309  0.133615  0.328328 0.0  0.211761  0.232378  0.535880  0.874632  0.418788  0.265791  0.155557  0.602581  0.194014  0.138385  0.284077  0.578481  0.284669  0.324554  0.396804  0.370926  0.186083  0.309661  0.400606  0.212852  0.260569  0.196931  0.347497  0.212200  0.313954  0.189378  0.249978  0.479851  0.306732  0.176675  0.200094  0.254301  0.332446  0.233838  0.150797  0.149903  0.318324  0.263071  0.509889  0.218272  0.290506  0.347765  0.178801  0.257332  0.203176  0.237525  0.314477 
13  0.118798  0.277658  0.463760  0.137509  0.244599  0.231457  0.332536  0.210058  0.104445  0.369752  0.262288  0.330247  0.211761 0.0  0.175538  0.472097  0.978806  0.456494  0.099713  0.317790  0.500999  0.169004  0.179596  0.346594  0.828697  0.125338  0.183295  0.246904  0.426699  0.146593  0.262230  0.396683  0.158670  0.182851  0.133401  0.439835  0.133930  0.166478  0.327883  0.360777  0.470558  0.488500  0.285666  0.133188  0.132543  0.429793  0.123953  0.208489  0.275313  0.376691  0.116643  0.504180  0.120923  0.118025  0.423992  0.288844  0.114915  0.133653  0.286196  0.397596 
14  0.170326  0.194730  0.450481  0.120172  0.249920  0.130768  0.315529  0.113448  0.164143  0.284621  0.254480  0.281273  0.232378  0.175538 0.0  0.448030  0.773058  0.361275  0.197725  0.293320  0.448690  0.201925  0.166610  0.200950  0.615433  0.180345  0.247412  0.289736  0.286608  0.176736  0.148399  0.348381  0.232450  0.145187  0.145567  0.321435  0.203143  0.243230  0.342014  0.324116  0.388700  0.518120  0.237728  0.140771  0.225971  0.283260  0.226171  0.161852  0.180868  0.261609  0.211360  0.404508  0.154319  0.213142  0.308178  0.214098  0.216574  0.212101  0.194834  0.349228 
15  0.491974  0.322198  0.140563  0.489622  0.534741  0.306289  0.321105  0.427656  0.488691  0.300948  0.424450  0.243642  0.535880  0.472097  0.448030 0.0  0.461421  0.160997  0.533941  0.433701  0.140083  0.566623  0.450572  0.304708  0.378887  0.467309  0.598248  0.602572  0.195482  0.565093  0.442512  0.201157  0.542686  0.486917  0.399913  0.243370  0.564581  0.476442  0.505656  0.420536  0.185598  0.439798  0.349726  0.458550  0.573957  0.239388  0.639056  0.406603  0.406543  0.223344  0.561413  0.125901  0.443857  0.553055  0.222157  0.360721  0.570205  0.439023  0.358568  0.249438 
16  0.612039  0.679097  0.472927  0.742636  0.898021  0.665469  0.661129  0.684682  0.861021  0.729598  0.911677  0.584547  0.874632  0.978806  0.773058  0.461421 0.0  0.525213  0.981322  0.768234  0.484982  0.872268  0.869341  0.673294  0.154630  0.892444  1.000000  0.890346  0.578114  0.919800  0.788996  0.547949  0.860481  0.784403  0.878113  0.556710  0.977419  0.884762  0.838121  0.777752  0.519963  0.757527  0.821642  0.884826  0.984024  0.590183  0.886472  0.899982  0.693977  0.617988  0.831521  0.421725  0.761087  0.968248  0.596568  0.622608  0.774023  0.818094  0.740045  0.558026 
17  0.475103  0.268314  0.124535  0.398907  0.434217  0.310032  0.229783  0.364076  0.435272  0.246165  0.435882  0.185873  0.418788  0.456494  0.361275  0.160997  0.525213 0.0  0.469164  0.419910  0.195105  0.412432  0.398617  0.236160  0.442148  0.445385  0.506557  0.594934  0.153246  0.360997  0.334407  0.165739  0.464778  0.372839  0.418010  0.171917  0.495739  0.577322  0.523624  0.336009  0.161887  0.433470  0.315867  0.434128  0.449795  0.142264  0.418477  0.365265  0.311442  0.165156  0.501836  0.189596  0.456402  0.458796  0.169216  0.297541  0.502361  0.514663  0.226238  0.194046 
18  0.117756  0.273736  0.507528  0.148217  0.241328  0.265133  0.353935  0.204647  0.115679  0.343204  0.250192  0.371780  0.265791  0.099713  0.197725  0.533941  0.981322  0.469164 0.0  0.336133  0.589149  0.164084  0.220038  0.311352  0.878083  0.115058  0.153332  0.188740  0.457122  0.171357  0.252304  0.455164  0.144684  0.198125  0.171153  0.422976  0.153315  0.135052  0.292655  0.360066  0.417951  0.502961  0.329579  0.138610  0.127337  0.415795  0.123070  0.213806  0.251832  0.422543  0.097100  0.563034  0.123451  0.107860  0.466285  0.280698  0.112540  0.141546  0.326656  0.431617 
19  0.326115  0.391292  0.450861  0.307558  0.176031  0.307167  0.488357  0.348287  0.299432  0.274436  0.125228  0.382569  0.155557  0.317790  0.293320  0.433701  0.768234  0.419910  0.336133 0.0  0.693663  0.199643  0.241610  0.416968  0.687559  0.322666  0.408104  0.388402  0.367631  0.239211  0.399442  0.453380  0.261700  0.328300  0.263635  0.354922  0.258736  0.364301  0.101142  0.218291  0.505090  0.258226  0.218592  0.296999  0.336534  0.466719  0.364330  0.255135  0.236562  0.323901  0.312368  0.480458  0.310264  0.354763  0.289394  0.259281  0.305564  0.279980  0.338125  0.297270 
20  0.517346  0.383480  0.148794  0.475751  0.550079  0.454002  0.335543  0.479773  0.508639  0.334780  0.600976  0.253570  0.602581  0.500999  0.448690  0.140083  0.484982  0.195105  0.589149  0.693663 0.0  0.544120  0.385289  0.348103  0.355442  0.526845  0.587922  0.758269  0.228808  0.489735  0.387738  0.208741  0.592061  0.477894  0.502302  0.289330  0.573280  0.566397  0.551272  0.507749  0.173159  0.532015  0.463259  0.393501  0.550022  0.240074  0.606933  0.467848  0.458575  0.254098  0.558859  0.178046  0.586650  0.604670  0.281968  0.426811  0.460975  0.606559  0.333871  0.309051 
21  0.204927  0.298547  0.516126  0.173852  0.162262  0.241075  0.439647  0.268758  0.164553  0.372769  0.189425  0.381516  0.194014  0.169004  0.201925  0.566623  0.872268  0.412432  0.164084  0.199643  0.544120 0.0  0.138889  0.331283  0.749729  0.208894  0.250060  0.288008  0.415275  0.105829  0.304795  0.435155  0.128331  0.236043  0.149659  0.388382  0.110149  0.206001  0.250847  0.398898  0.490630  0.397071  0.255744  0.154955  0.179965  0.400998  0.192882  0.191167  0.201398  0.416829  0.176951  0.544226  0.173094  0.197134  0.347096  0.258093  0.161264  0.116701  0.238987  0.392685 
22  0.197512  0.261693  0.481385  0.175684  0.121151  0.190277  0.329710  0.231974  0.166270  0.271168  0.168329  0.299209  0.138385  0.179596  0.166610  0.450572  0.869341  0.398617  0.220038  0.241610  0.385289  0.138889 0.0  0.261953  0.800475  0.212725  0.260865  0.291753  0.364804  0.134802  0.294019  0.435608  0.196348  0.227976  0.132509  0.352206  0.176153  0.266879  0.234928  0.264118  0.401336  0.411268  0.219520  0.183498  0.259146  0.349562  0.267301  0.130224  0.158888  0.397639  0.214589  0.409397  0.175411  0.238034  0.311480  0.183110  0.182132  0.154168  0.274023  0.349824 
23  0.289466  0.116454  0.279425  0.247084  0.286774  0.183282  0.202666  0.205025  0.282663  0.169985  0.321865  0.128196  0.284077  0.346594  0.200950  0.304708  0.673294  0.236160  0.311352  0.416968  0.348103  0.331283  0.261953 0.0  0.523587  0.281441  0.418662  0.426804  0.231066  0.322355  0.212055  0.234430  0.349921  0.224476  0.297301  0.189825  0.323247  0.390738  0.357298  0.312607  0.264052  0.438332  0.200109  0.262528  0.340769  0.165426  0.371422  0.247001  0.201798  0.190150  0.352973  0.319833  0.275098  0.267785  0.222440  0.192102  0.343178  0.341057  0.098899  0.232593 
24  0.765674  0.586952  0.450771  0.772553  0.772112  0.653954  0.644751  0.605982  0.911735  0.570813  0.826189  0.540637  0.578481  0.828697  0.615433  0.378887  0.154630  0.442148  0.878083  0.687559  0.355442  0.749729  0.800475  0.523587 0.0  0.686747  0.801925  0.881615  0.517946  0.759612  0.773090  0.543210  0.813136  0.680287  0.759235  0.507961  0.778868  0.872760  0.912903  0.714195  0.461580  0.649480  0.563660  0.815182  0.890262  0.463178  0.709618  0.679468  0.746496  0.487892  0.827587  0.350818  0.793434  0.721363  0.465376  0.672463  0.897392  0.845826  0.620336  0.607277 
25  0.104165  0.264658  0.511570  0.139401  0.249409  0.198733  0.318410  0.181284  0.142774  0.383949  0.345979  0.335725  0.284669  0.125338  0.180345  0.467309  0.892444  0.445385  0.115058  0.322666  0.526845  0.208894  0.212725  0.281441  0.686747 0.0  0.158320  0.186994  0.409520  0.193489  0.228760  0.388375  0.172946  0.174367  0.170519  0.389008  0.174991  0.132939  0.366977  0.367846  0.407818  0.476639  0.306958  0.145120  0.138436  0.332545  0.118690  0.233419  0.276327  0.466102  0.124972  0.574969  0.134822  0.104694  0.416287  0.323105  0.144516  0.160489  0.290296  0.474461 
26  0.161109  0.338768  0.523630  0.202206  0.282874  0.279800  0.396210  0.263311  0.199137  0.476066  0.338417  0.412096  0.324554  0.183295  0.247412  0.598248  1.000000  0.506557  0.153332  0.408104  0.587922  0.250060  0.260865  0.418662  0.801925  0.158320 0.0  0.146770  0.391087  0.221960  0.266827  0.478426  0.203673  0.214336  0.225732  0.462667  0.203580  0.100574  0.460271  0.505076  0.511056  0.593445  0.370059  0.203439  0.128691  0.479195  0.118223  0.312266  0.355874  0.374040  0.160231  0.611529  0.217232  0.133696  0.535991  0.395435  0.146021  0.228556  0.377789  0.533418 
27  0.252502  0.369491  0.579389  0.295262  0.359528  0.336945  0.449299  0.300268  0.249605  0.431062  0.345668  0.416715  0.396804  0.246904  0.289736  0.602572  0.890346  0.594934  0.188740  0.388402  0.758269  0.288008  0.291753  0.426804  0.881615  0.186994  0.146770 0.0  0.573900  0.286201  0.305320  0.596543  0.241442  0.248684  0.325245  0.497401  0.245946  0.143506  0.414377  0.509495  0.607326  0.600328  0.389753  0.282553  0.180486  0.475420  0.182757  0.330339  0.404570  0.499573  0.201426  0.664335  0.272555  0.211836  0.580381  0.375700  0.224241  0.299055  0.439282  0.557364 
28  0.371645  0.260608  0.209293  0.409593  0.414708  0.261481  0.277552  0.362465  0.416174  0.177161  0.393509  0.177707  0.370926  0.426699  0.286608  0.195482  0.578114  0.153246  0.457122  0.367631  0.228808  0.415275  0.364804  0.231066  0.517946  0.409520  0.391087  0.573900 0.0  0.420710  0.312424  0.235189  0.428526  0.327505  0.410938  0.104053  0.398806  0.474406  0.438865  0.289040  0.205908  0.356122  0.310127  0.343997  0.457112  0.160259  0.434596  0.297715  0.303499  0.118267  0.479919  0.233702  0.437398  0.423061  0.108952  0.265015  0.436500  0.392357  0.233211  0.151405 
29  0.182273  0.298215  0.487024  0.159712  0.167697  0.221281  0.400689  0.229232  0.142403  0.304354  0.215234  0.376097  0.186083  0.146593  0.176736  0.565093  0.919800  0.360997  0.171357  0.239211  0.489735  0.105829  0.134802  0.322355  0.759612  0.193489  0.221960  0.286201  0.420710 0.0  0.282250  0.434750  0.128214  0.242430  0.117781  0.413942  0.115343  0.237627  0.252092  0.382345  0.448673  0.449403  0.236171  0.141667  0.196121  0.331638  0.188827  0.181133  0.217334  0.353189  0.156651  0.567298  0.155887  0.173801  0.424207  0.258015  0.156548  0.111819  0.285351  0.424400 
30  0.210589  0.179743  0.394219  0.182375  0.298919  0.179888  0.208908  0.160552  0.242406  0.310019  0.366253  0.222059  0.309661  0.262230  0.148399  0.442512  0.788996  0.334407  0.252304  0.399442  0.387738  0.304795  0.294019  0.212055  0.773090  0.228760  0.266827  0.305320  0.312424  0.282250 0.0  0.309217  0.317137  0.137950  0.253690  0.299073  0.310950  0.277832  0.440658  0.420409  0.333628  0.554212  0.295559  0.226862  0.273608  0.277350  0.262274  0.257679  0.265670  0.319979  0.277662  0.420748  0.214307  0.183584  0.368415  0.291312  0.263006  0.308511  0.222466  0.397887 
31  0.400461  0.267162  0.159057  0.337800  0.401439  0.311334  0.180353  0.351338  0.369489  0.288649  0.519434  0.207641  0.400606  0.396683  0.348381  0.201157  0.547949  0.165739  0.455164  0.453380  0.208741  0.435155  0.435608  0.234430  0.543210  0.388375  0.478426  0.596543  0.235189  0.434750  0.309217 0.0  0.465716  0.308108  0.473052  0.232949  0.482795  0.529128  0.502143  0.429162  0.115156  0.538161  0.364505  0.396020  0.449290  0.163794  0.527448  0.387512  0.261167  0.200785  0.466973  0.255139  0.398137  0.448419  0.245075  0.359905  0.438952  0.393220  0.244946  0.260936 
32  0.196221  0.323988  0.435632  0.199934  0.205897  0.234306  0.431248  0.269633  0.149590  0.376758  0.264759  0.453520  0.212852  0.158670  0.232450  0.542686  0.860481  0.464778  0.144684  0.261700  0.592061  0.128331  0.196348  0.349921  0.813136  0.172946  0.203673  0.241442  0.428526  0.128214  0.317137  0.465716 0.0  0.257066  0.166125  0.402918  0.102477  0.189472  0.268759  0.367021  0.518803  0.500598  0.339040  0.188055  0.153519  0.457110  0.176639  0.230909  0.257228  0.433764  0.155268  0.622927  0.181242  0.154893  0.437169  0.323699  0.136392  0.121645  0.349945  0.507273 
33  0.147216  0.193205  0.413802  0.139674  0.260622  0.164247  0.238947  0.118491  0.165723  0.309379  0.305283  0.263361  0.260569  0.182851  0.145187  0.486917  0.784403  0.372839  0.198125  0.328300  0.477894  0.236043  0.227976  0.224476  0.680287  0.174367  0.214336  0.248684  0.327505  0.242430  0.137950  0.308108  0.257066 0.0  0.196788  0.332833  0.257025  0.219142  0.422984  0.350724  0.383697  0.485429  0.263246  0.165392  0.216704  0.297319  0.177486  0.253329  0.230012  0.305529  0.201269  0.482620  0.165338  0.187980  0.284974  0.267577  0.224815  0.205771  0.231566  0.395089 
34  0.161219  0.259304  0.403527  0.131482  0.165210  0.199259  0.354457  0.163835  0.126764  0.350116  0.203485  0.296904  0.196931  0.133401  0.145567  0.399913  0.878113  0.418010  0.171153  0.263635  0.502302  0.149659  0.132509  0.297301  0.759235  0.170519  0.225732  0.325245  0.410938  0.117781  0.253690  0.473052  0.166125  0.196788 0.0  0.368245  0.140029  0.245227  0.315044  0.319193  0.472662  0.397059  0.216238  0.118936  0.226704  0.337459  0.190187  0.157843  0.199735  0.343261  0.173928  0.458132  0.135802  0.187099  0.376546  0.234748  0.170582  0.130338  0.267950  0.410754 
35  0.419177  0.233617  0.207946  0.348985  0.303006  0.262920  0.282078  0.332017  0.355443  0.139077  0.363302  0.155979  0.347497  0.439835  0.321435  0.243370  0.556710  0.171917  0.422976  0.354922  0.289330  0.388382  0.352206  0.189825  0.507961  0.389008  0.462667  0.497401  0.104053  0.413942  0.299073  0.232949  0.402918  0.332833  0.368245 0.0  0.427416  0.543495  0.449805  0.273959  0.251416  0.323916  0.228930  0.348355  0.438329  0.152447  0.456146  0.293031  0.269650  0.105060  0.437730  0.249949  0.353797  0.417726  0.103795  0.197465  0.451319  0.390207  0.192837  0.131777 
36  0.165857  0.373234  0.445448  0.181198  0.181385  0.259133  0.338711  0.234974  0.133730  0.312819  0.218766  0.388874  0.212200  0.133930  0.203143  0.564581  0.977419  0.495739  0.153315  0.258736  0.573280  0.110149  0.176153  0.323247  0.778868  0.174991  0.203580  0.245946  0.398806  0.115343  0.310950  0.482795  0.102477  0.257025  0.140029  0.427416 0.0  0.190808  0.285434  0.367125  0.479367  0.443545  0.300317  0.161262  0.176924  0.334132  0.178480  0.207567  0.272624  0.401927  0.146338  0.610568  0.157877  0.175368  0.458145  0.281478  0.142294  0.102121  0.306071  0.424578 
37  0.163260  0.328406  0.452397  0.203192  0.293173  0.257677  0.384660  0.207148  0.168372  0.365269  0.297731  0.453680  0.313954  0.166478  0.243230  0.476442  0.884762  0.577322  0.135052  0.364301  0.566397  0.206001  0.266879  0.390738  0.872760  0.132939  0.100574  0.143506  0.474406  0.237627  0.277832  0.529128  0.189472  0.219142  0.245227  0.543495  0.190808 0.0  0.397601  0.407289  0.519490  0.613791  0.341118  0.186244  0.110517  0.439348  0.109394  0.277898  0.318252  0.488103  0.132667  0.529804  0.193162  0.129230  0.436728  0.315038  0.140452  0.189748  0.355225  0.467884 
38  0.381120  0.365725  0.511317  0.323708  0.191221  0.334424  0.454133  0.359671  0.299842  0.329272  0.152586  0.467968  0.189378  0.327883  0.342014  0.505656  0.838121  0.523624  0.292655  0.101142  0.551272  0.250847  0.234928  0.357298  0.912903  0.366977  0.460271  0.414377  0.438865  0.252092  0.440658  0.502143  0.268759  0.422984  0.315044  0.449805  0.285434  0.397601 0.0  0.210551  0.498904  0.270661  0.271232  0.265244  0.372543  0.426926  0.376445  0.274917  0.259324  0.449240  0.381875  0.481211  0.323849  0.356802  0.375070  0.258488  0.352263  0.283784  0.420424  0.357024 
39  0.399222  0.326106  0.370838  0.370790  0.288135  0.365102  0.428726  0.385389  0.320415  0.250090  0.244364  0.289802  0.249978  0.360777  0.324116  0.420536  0.777752  0.336009  0.360066  0.218291  0.507749  0.398898  0.264118  0.312607  0.714195  0.367846  0.505076  0.509495  0.289040  0.382345  0.420409  0.429162  0.367021  0.350724  0.319193  0.273959  0.367125  0.407289  0.210551 0.0  0.417743  0.179211  0.218317  0.346616  0.477959  0.322133  0.419875  0.256269  0.255538  0.315972  0.408985  0.347557  0.335647  0.382836  0.269558  0.217465  0.398151  0.356657  0.348570  0.236134 
40  0.408079  0.283954  0.153131  0.420251  0.512948  0.345139  0.220962  0.349560  0.452036  0.310871  0.463228  0.242801  0.479851  0.470558  0.388700  0.185598  0.519963  0.161887  0.417951  0.505090  0.173159  0.490630  0.401336  0.264052  0.461580  0.407818  0.511056  0.607326  0.205908  0.448673  0.333628  0.115156  0.518803  0.383697  0.472662  0.251416  0.479367  0.519490  0.498904  0.417743 0.0  0.497165  0.347868  0.473495  0.498105  0.201272  0.452263  0.404041  0.420115  0.217857  0.502535  0.229515  0.419020  0.438716  0.218312  0.345241  0.478014  0.480961  0.252100  0.300281 
41  0.501760  0.452715  0.476785  0.488577  0.370707  0.439296  0.580730  0.462694  0.440320  0.330765  0.334500  0.451092  0.306732  0.488500  0.518120  0.439798  0.757527  0.433470  0.502961  0.258226  0.532015  0.397071  0.411268  0.438332  0.649480  0.476639  0.593445  0.600328  0.356122  0.449403  0.554212  0.538161  0.500598  0.485429  0.397059  0.323916  0.443545  0.613791  0.270661  0.179211  0.497165 0.0  0.338071  0.459826  0.563166  0.363669  0.477914  0.415413  0.327119  0.397933  0.530330  0.442916  0.507249  0.519775  0.373894  0.341449  0.507194  0.413020  0.424511  0.348023 
42  0.304571  0.217425  0.337800  0.252457  0.193469  0.169897  0.349935  0.207463  0.245919  0.162187  0.205084  0.214671  0.176675  0.285666  0.237728  0.349726  0.821642  0.315867  0.329579  0.218592  0.463259  0.255744  0.219520  0.200109  0.563660  0.306958  0.370059  0.389753  0.310127  0.236171  0.295559  0.364505  0.339040  0.263246  0.216238  0.228930  0.300317  0.341118  0.271232  0.218317  0.347868  0.338071 0.0  0.258126  0.390564  0.236691  0.347345  0.153993  0.117237  0.213066  0.300044  0.365095  0.258140  0.306783  0.222739  0.089078  0.316202  0.246268  0.221389  0.228090 
43  0.129177  0.229270  0.419994  0.102018  0.214332  0.191761  0.328603  0.154474  0.106829  0.315412  0.252285  0.344737  0.200094  0.133188  0.140771  0.458550  0.884826  0.434128  0.138610  0.296999  0.393501  0.154955  0.183498  0.262528  0.815182  0.145120  0.203439  0.282553  0.343997  0.141667  0.226862  0.396020  0.188055  0.165392  0.118936  0.348355  0.161262  0.186244  0.265244  0.346616  0.473495  0.459826  0.258126 0.0  0.171092  0.346516  0.166293  0.185909  0.228036  0.348316  0.161314  0.498978  0.094214  0.168391  0.391102  0.241958  0.165429  0.130974  0.240627  0.374033 
44  0.155139  0.309677  0.588259  0.176964  0.264824  0.308844  0.437077  0.217004  0.152453  0.397683  0.308645  0.380922  0.254301  0.132543  0.225971  0.573957  0.984024  0.449795  0.127337  0.336534  0.550022  0.179965  0.259146  0.340769  0.890262  0.138436  0.128691  0.180486  0.457112  0.196121  0.273608  0.449290  0.153519  0.216704  0.226704  0.438329  0.176924  0.110517  0.372543  0.477959  0.498105  0.563166  0.390564  0.171092 0.0  0.374911  0.099998  0.283908  0.296017  0.472921  0.110555  0.586635  0.166141  0.116544  0.447727  0.328974  0.111703  0.178163  0.345425  0.436570 
45  0.333815  0.198057  0.194572  0.363770  0.340735  0.233712  0.209891  0.320510  0.361328  0.197380  0.338624  0.125540  0.332446  0.429793  0.283260  0.239388  0.590183  0.142264  0.415795  0.466719  0.240074  0.400998  0.349562  0.165426  0.463178  0.332545  0.479195  0.475420  0.160259  0.331638  0.277350  0.163794  0.457110  0.297319  0.337459  0.152447  0.334132  0.439348  0.426926  0.322133  0.201272  0.363669  0.236691  0.346516  0.374911 0.0  0.398930  0.295206  0.257411  0.128286  0.392866  0.276340  0.301858  0.381864  0.172530  0.273766  0.365896  0.386881  0.172544  0.219060 
46  0.131065  0.289236  0.508322  0.195491  0.264316  0.249512  0.354810  0.185804  0.146271  0.372507  0.338367  0.360986  0.233838  0.123953  0.226171  0.639056  0.886472  0.418477  0.123070  0.364330  0.606933  0.192882  0.267301  0.371422  0.709618  0.118690  0.118223  0.182757  0.434596  0.188827  0.262274  0.527448  0.176639  0.177486  0.190187  0.456146  0.178480  0.109394  0.376445  0.419875  0.452263  0.477914  0.347345  0.166293  0.099998  0.398930 0.0  0.259389  0.290119  0.427437  0.112940  0.553165  0.154607  0.102576  0.527738  0.339175  0.123345  0.176332  0.300420  0.452944 
47  0.200295  0.194423  0.426062  0.168537  0.148298  0.157192  0.339811  0.180986  0.185825  0.243348  0.188704  0.256100  0.150797  0.208489  0.161852  0.406603  0.899982  0.365265  0.213806  0.255135  0.467848  0.191167  0.130224  0.247001  0.679468  0.233419  0.312266  0.330339  0.297715  0.181133  0.257679  0.387512  0.230909  0.253329  0.157843  0.293031  0.207567  0.277898  0.274917  0.256269  0.404041  0.415413  0.153993  0.185909  0.283908  0.295206  0.259389 0.0  0.130800  0.309112  0.215713  0.453167  0.200287  0.226485  0.292267  0.149186  0.237379  0.190854  0.194868  0.282893 
48  0.266948  0.208357  0.412650  0.207540  0.180647  0.145699  0.328133  0.206027  0.240847  0.207001  0.217990  0.225083  0.149903  0.275313  0.180868  0.406543  0.693977  0.311442  0.251832  0.236562  0.458575  0.201398  0.158888  0.201798  0.746496  0.276327  0.355874  0.404570  0.303499  0.217334  0.265670  0.261167  0.257228  0.230012  0.199735  0.269650  0.272624  0.318252  0.259324  0.255538  0.420115  0.327119  0.117237  0.228036  0.296017  0.257411  0.290119  0.130800 0.0  0.245349  0.301185  0.418156  0.218422  0.296278  0.269498  0.107879  0.292235  0.244715  0.202567  0.251424 
49  0.407117  0.209865  0.178905  0.310393  0.379306  0.267554  0.256595  0.273486  0.407099  0.161848  0.389409  0.144271  0.318324  0.376691  0.261609  0.223344  0.617988  0.165156  0.422543  0.323901  0.254098  0.416829  0.397639  0.190150  0.487892  0.466102  0.374040  0.499573  0.118267  0.353189  0.319979  0.200785  0.433764  0.305529  0.343261  0.105060  0.401927  0.488103  0.449240  0.315972  0.217857  0.397933  0.213066  0.348316  0.472921  0.128286  0.427437  0.309112  0.245349 0.0  0.425594  0.221091  0.385253  0.433278  0.135456  0.246252  0.440766  0.443891  0.201075  0.166302 
50  0.131910  0.340703  0.436566  0.164127  0.266806  0.226438  0.394562  0.206368  0.133911  0.330803  0.290247  0.400285  0.263071  0.116643  0.211360  0.561413  0.831521  0.501836  0.097100  0.312368  0.558859  0.176951  0.214589  0.352973  0.827587  0.124972  0.160231  0.201426  0.479919  0.156651  0.277662  0.466973  0.155268  0.201269  0.173928  0.437730  0.146338  0.132667  0.381875  0.408985  0.502535  0.530330  0.300044  0.161314  0.110555  0.392866  0.112940  0.215713  0.301185  0.425594 0.0  0.543529  0.157112  0.108752  0.487089  0.301967  0.106868  0.149851  0.374342  0.499630 
51  0.587455  0.382904  0.193842  0.498661  0.455349  0.442414  0.387507  0.409008  0.482407  0.302048  0.511818  0.305650  0.509889  0.504180  0.404508  0.125901  0.421725  0.189596  0.563034  0.480458  0.178046  0.544226  0.409397  0.319833  0.350818  0.574969  0.611529  0.664335  0.233702  0.567298  0.420748  0.255139  0.622927  0.482620  0.458132  0.249949  0.610568  0.529804  0.481211  0.347557  0.229515  0.442916  0.365095  0.498978  0.586635  0.276340  0.553165  0.453167  0.418156  0.221091  0.543529 0.0  0.503290  0.648009  0.195412  0.388869  0.609246  0.492490  0.296503  0.263190 
52  0.112549  0.231093  0.442814  0.104355  0.222766  0.187479  0.295717  0.151689  0.102825  0.317640  0.248071  0.265445  0.218272  0.120923  0.154319  0.443857  0.761087  0.456402  0.123451  0.310264  0.586650  0.173094  0.175411  0.275098  0.793434  0.134822  0.217232  0.272555  0.437398  0.155887  0.214307  0.398137  0.181242  0.165338  0.135802  0.353797  0.157877  0.193162  0.323849  0.335647  0.419020  0.507249  0.258140  0.094214  0.166141  0.301858  0.154607  0.200287  0.218422  0.385253  0.157112  0.503290 0.0  0.155505  0.356949  0.251822  0.152775  0.145430  0.242957  0.376504 
53  0.113173  0.307929  0.450630  0.148498  0.238300  0.247193  0.427826  0.213008  0.138741  0.403856  0.330802  0.394335  0.290506  0.118025  0.213142  0.553055  0.968248  0.458796  0.107860  0.354763  0.604670  0.197134  0.238034  0.267785  0.721363  0.104694  0.133696  0.211836  0.423061  0.173801  0.183584  0.448419  0.154893  0.187980  0.187099  0.417726  0.175368  0.129230  0.356802  0.382836  0.438716  0.519775  0.306783  0.168391  0.116544  0.381864  0.102576  0.226485  0.296278  0.433278  0.108752  0.648009  0.155505 0.0  0.475149  0.313701  0.124015  0.161970  0.299328  0.459343 
54  0.454336  0.235672  0.210237  0.357277  0.336233  0.272212  0.290107  0.350697  0.423128  0.158450  0.368644  0.201356  0.347765  0.423992  0.308178  0.222157  0.596568  0.169216  0.466285  0.289394  0.281968  0.347096  0.311480  0.222440  0.465376  0.416287  0.535991  0.580381  0.108952  0.424207  0.368415  0.245075  0.437169  0.284974  0.376546  0.103795  0.458145  0.436728  0.375070  0.269558  0.218312  0.373894  0.222739  0.391102  0.447727  0.172530  0.527738  0.292267  0.269498  0.135456  0.487089  0.195412  0.356949  0.475149 0.0  0.232417  0.384593  0.429157  0.232911  0.116050 
55  0.283632  0.222878  0.331787  0.235793  0.182616  0.163270  0.304772  0.224083  0.280752  0.180458  0.221954  0.257366  0.178801  0.288844  0.214098  0.360721  0.622608  0.297541  0.280698  0.259281  0.426811  0.258093  0.183110  0.192102  0.672463  0.323105  0.395435  0.375700  0.265015  0.258015  0.291312  0.359905  0.323699  0.267577  0.234748  0.197465  0.281478  0.315038  0.258488  0.217465  0.345241  0.341449  0.089078  0.241958  0.328974  0.273766  0.339175  0.149186  0.107879  0.246252  0.301967  0.388869  0.251822  0.313701  0.232417 0.0  0.281734  0.243217  0.206010  0.228985 
56  0.138469  0.314072  0.539750  0.178130  0.258786  0.268921  0.336198  0.223815  0.137206  0.335072  0.271819  0.409814  0.257332  0.114915  0.216574  0.570205  0.774023  0.502361  0.112540  0.305564  0.460975  0.161264  0.182132  0.343178  0.897392  0.144516  0.146021  0.224241  0.436500  0.156548  0.263006  0.438952  0.136392  0.224815  0.170582  0.451319  0.142294  0.140452  0.352263  0.398151  0.478014  0.507194  0.316202  0.165429  0.111703  0.365896  0.123345  0.237379  0.292235  0.440766  0.106868  0.609246  0.152775  0.124015  0.384593  0.281734 0.0  0.150974  0.291854  0.433291 
57  0.162157  0.302382  0.418456  0.173245  0.186461  0.215697  0.448144  0.228142  0.130095  0.356644  0.201410  0.324477  0.203176  0.133653  0.212101  0.439023  0.818094  0.514663  0.141546  0.279980  0.606559  0.116701  0.154168  0.341057  0.845826  0.160489  0.228556  0.299055  0.392357  0.111819  0.308511  0.393220  0.121645  0.205771  0.130338  0.390207  0.102121  0.189748  0.283784  0.356657  0.480961  0.413020  0.246268  0.130974  0.178163  0.386881  0.176332  0.190854  0.244715  0.443891  0.149851  0.492490  0.145430  0.161970  0.429157  0.243217  0.150974 0.0  0.329073  0.426025 
58  0.270185  0.109507  0.295882  0.216108  0.262061  0.153317  0.229764  0.205846  0.270024  0.191548  0.308176  0.137027  0.237525  0.286196  0.194834  0.358568  0.740045  0.226238  0.326656  0.338125  0.333871  0.238987  0.274023  0.098899  0.620336  0.290296  0.377789  0.439282  0.233211  0.285351  0.222466  0.244946  0.349945  0.231566  0.267950  0.192837  0.306071  0.355225  0.420424  0.348570  0.252100  0.424511  0.221389  0.240627  0.345425  0.172544  0.300420  0.194868  0.202567  0.201075  0.374342  0.296503  0.242957  0.299328  0.232911  0.206010  0.291854  0.329073 0.0  0.258885 
59  0.343100  0.277510  0.273997  0.377868  0.344413  0.292388  0.316672  0.336267  0.421542  0.141548  0.349586  0.227267  0.314477  0.397596  0.349228  0.249438  0.558026  0.194046  0.431617  0.297270  0.309051  0.392685  0.349824  0.232593  0.607277  0.474461  0.533418  0.557364  0.151405  0.424400  0.397887  0.260936  0.507273  0.395089  0.410754  0.131777  0.424578  0.467884  0.357024  0.236134  0.300281  0.348023  0.228090  0.374033  0.436570  0.219060  0.452944  0.282893  0.251424  0.166302  0.499630  0.263190  0.376504  0.459343  0.116050  0.228985  0.433291  0.426025  0.258885 0.0 
