60
0 0.0  0.259409  0.417518  0.081548  0.245721  0.185629  0.279514  0.094258  0.226177  0.362144  0.301705  0.324713  0.281067  0.137100  0.207325  0.584465  0.813824  0.447262  0.081548  0.331438  0.572224  0.185946  0.174382  0.401605  0.785394  0.158845  0.152940  0.109490  0.465644  0.196870  0.240513  0.442553  0.205614  0.187313  0.106773  0.337080  0.183337  0.173217  0.406394  0.268538  0.574002  0.632709  0.312664  0.081548  0.140169  0.376645  0.112546  0.166248  0.217380  0.277111  0.081548  0.481421  0.143155  0.175182  0.443892  0.307842  0.081548  0.113819  0.225200  0.485186 
1  0.259409 0.0  0.370107  0.147369  0.265287  0.243517  0.342341  0.102667  0.291699  0.313903  0.339809  0.144213  0.348195  0.194303  0.179869  0.308543  0.743122  0.220697  0.253908  0.355502  0.203001  0.359002  0.281151  0.113385  0.644518  0.324637  0.282256  0.358610  0.242272  0.275737  0.176141  0.292988  0.305784  0.081548  0.356986  0.294413  0.252525  0.300551  0.372016  0.293707  0.369338  0.386668  0.325413  0.262534  0.250534  0.125972  0.292164  0.180053  0.255248  0.326649  0.288796  0.338391  0.206257  0.320325  0.242914  0.107152  0.352611  0.213434  0.081548  0.297093 
2  0.417518  0.370107 0.0  0.481869  0.390396  0.368289  0.178145  0.352137  0.417200  0.249781  0.474629  0.214154  0.353932  0.466636  0.307176  0.176560  0.465458  0.101514  0.487154  0.362149  0.157769  0.542574  0.561375  0.355632  0.297238  0.427921  0.487144  0.585901  0.293169  0.442482  0.413337  0.187046  0.592628  0.360934  0.432962  0.140606  0.470587  0.539647  0.562689  0.458971  0.138632  0.401989  0.258772  0.469746  0.604836  0.139605  0.545926  0.420652  0.337910  0.228444  0.507753  0.111781  0.514707  0.510992  0.263078  0.370205  0.587080  0.458873  0.354352  0.263127 
3  0.081548  0.147369  0.481869 0.0  0.166066  0.095124  0.312518  0.147724  0.171557  0.356272  0.144297  0.300782  0.222172  0.262920  0.179024  0.486406  0.899666  0.494648  0.103117  0.388187  0.535145  0.157087  0.192197  0.271976  0.775503  0.081548  0.246994  0.263074  0.331467  0.225744  0.130336  0.341566  0.290530  0.174392  0.171274  0.298486  0.123562  0.304791  0.314560  0.381606  0.399857  0.464804  0.215106  0.084616  0.273917  0.285922  0.117431  0.217354  0.211652  0.439805  0.156692  0.522128  0.081548  0.144475  0.285930  0.237186  0.156810  0.122346  0.246647  0.326049 
4  0.245721  0.265287  0.390396  0.166066 0.0  0.251703  0.461912  0.167265  0.155002  0.344952  0.160252  0.468393  0.081548  0.274680  0.223063  0.531788  0.855907  0.399030  0.219047  0.081548  0.571217  0.162223  0.087815  0.320644  0.817014  0.143330  0.309010  0.366910  0.274318  0.085400  0.313865  0.406226  0.182323  0.208555  0.081548  0.402151  0.153067  0.287916  0.253173  0.323466  0.491368  0.338346  0.158424  0.321727  0.224550  0.286574  0.275002  0.122260  0.243441  0.359115  0.243123  0.585310  0.130966  0.294736  0.367368  0.214901  0.258341  0.207092  0.207549  0.418720 
5  0.185629  0.243517  0.368289  0.095124  0.251703 0.0  0.206895  0.229320  0.162178  0.183918  0.264839  0.179422  0.187861  0.250585  0.130821  0.385166  0.747781  0.263645  0.358258  0.294123  0.372767  0.268165  0.236108  0.234149  0.732049  0.268654  0.320800  0.362639  0.172042  0.150019  0.172063  0.201040  0.305068  0.164638  0.203947  0.202692  0.246721  0.239542  0.279770  0.384375  0.422248  0.410177  0.172603  0.246295  0.276421  0.176814  0.301983  0.135469  0.168550  0.309016  0.237669  0.369811  0.222102  0.234091  0.204276  0.166346  0.225065  0.257847  0.081548  0.280352 
6  0.279514  0.342341  0.178145  0.312518  0.461912  0.206895 0.0  0.204775  0.346507  0.246719  0.370872  0.121432  0.379701  0.402173  0.342638  0.255945  0.609382  0.265066  0.404953  0.459887  0.343361  0.363109  0.438411  0.243195  0.582357  0.365629  0.391293  0.385979  0.199966  0.378679  0.171063  0.168013  0.438942  0.328088  0.391224  0.182998  0.365467  0.302622  0.438078  0.457341  0.174167  0.519087  0.255675  0.386335  0.449769  0.307278  0.432635  0.300414  0.348737  0.116456  0.445791  0.386373  0.240895  0.349405  0.212239  0.259678  0.367723  0.343518  0.264269  0.307134 
7  0.094258  0.102667  0.352137  0.147724  0.167265  0.229320  0.204775 0.0  0.191655  0.315599  0.357198  0.354764  0.277295  0.166150  0.157367  0.461090  0.764635  0.344196  0.194657  0.371474  0.431634  0.284510  0.146402  0.238543  0.761009  0.159012  0.160241  0.309877  0.256950  0.181966  0.121927  0.287980  0.132916  0.159552  0.153235  0.332919  0.187289  0.211603  0.399120  0.276559  0.419431  0.541979  0.187396  0.217836  0.116657  0.263154  0.307899  0.193077  0.202652  0.304433  0.221335  0.417622  0.184956  0.087983  0.294708  0.275028  0.140621  0.264328  0.231753  0.369661 
8  0.226177  0.291699  0.417200  0.171557  0.155002  0.162178  0.346507  0.191655 0.0  0.213375  0.215020  0.258392  0.168219  0.081548  0.101039  0.541617  0.929422  0.498925  0.127026  0.253642  0.432352  0.081548  0.146902  0.338458  0.775068  0.135844  0.251145  0.304547  0.534018  0.081548  0.328432  0.458321  0.127477  0.119609  0.207869  0.385372  0.191549  0.139272  0.309307  0.336710  0.478035  0.402062  0.258290  0.081548  0.210434  0.359010  0.182755  0.183591  0.220127  0.316495  0.110132  0.491776  0.140672  0.094105  0.395615  0.309185  0.141155  0.081548  0.266194  0.367929 
9  0.362144  0.313903  0.249781  0.356272  0.344952  0.183918  0.246719  0.315599  0.213375 0.0  0.347339  0.174632  0.332140  0.351257  0.269179  0.253769  0.712050  0.140910  0.320796  0.314784  0.207218  0.490245  0.262453  0.209976  0.566041  0.316919  0.506622  0.524088  0.081548  0.408198  0.296801  0.296680  0.393166  0.328726  0.288041  0.114748  0.403325  0.380311  0.211983  0.241893  0.390986  0.401237  0.156034  0.295562  0.448207  0.267531  0.421742  0.218092  0.126333  0.224031  0.344819  0.258695  0.291783  0.388390  0.222922  0.266884  0.376334  0.353960  0.187377  0.194241 
10  0.301705  0.339809  0.474629  0.144297  0.160252  0.264839  0.370872  0.357198  0.215020  0.347339 0.0  0.357838  0.264127  0.264992  0.328176  0.580438  0.912184  0.377971  0.246602  0.120168  0.580242  0.161158  0.191039  0.340538  0.741410  0.271820  0.334512  0.332756  0.386926  0.123133  0.479543  0.450660  0.248385  0.282583  0.250603  0.370323  0.284568  0.259078  0.189624  0.239018  0.582890  0.223873  0.175083  0.210452  0.314945  0.454860  0.316312  0.212599  0.102939  0.361174  0.270426  0.483530  0.330242  0.297399  0.328354  0.168840  0.304802  0.120608  0.249390  0.388789 
11  0.324713  0.144213  0.214154  0.300782  0.468393  0.179422  0.121432  0.354764  0.258392  0.174632  0.357838 0.0  0.206283  0.353681  0.134494  0.356076  0.711101  0.127414  0.444472  0.328682  0.223170  0.375691  0.264832  0.081548  0.579958  0.393324  0.446033  0.403493  0.081548  0.411057  0.181310  0.236100  0.437385  0.258446  0.311917  0.147944  0.357584  0.361018  0.381245  0.269462  0.176448  0.290544  0.175197  0.382619  0.386372  0.081548  0.343872  0.350494  0.255024  0.173702  0.423080  0.255122  0.365054  0.281465  0.133887  0.319643  0.445083  0.431702  0.110719  0.212107 
12  0.281067  0.348195  0.353932  0.222172  0.081548  0.187861  0.379701  0.277295  0.168219  0.332140  0.264127  0.206283 0.0  0.226147  0.333158  0.547218  0.803581  0.424306  0.204278  0.239814  0.569594  0.140296  0.125830  0.333558  0.873011  0.277778  0.329512  0.402871  0.373839  0.111098  0.301956  0.425219  0.125761  0.292979  0.142915  0.282340  0.269872  0.365305  0.117776  0.352393  0.444561  0.292413  0.266234  0.257963  0.269122  0.253177  0.293813  0.085918  0.166685  0.438307  0.306578  0.377249  0.174778  0.245540  0.314454  0.184219  0.232741  0.325466  0.390738  0.333103 
13  0.137100  0.194303  0.466636  0.262920  0.274680  0.250585  0.402173  0.166150  0.081548  0.351257  0.264992  0.353681  0.226147 0.0  0.224330  0.709403  0.870697  0.405806  0.081548  0.308380  0.519670  0.089089  0.218984  0.380041  1.000000  0.153837  0.208747  0.333734  0.445587  0.081548  0.208727  0.414902  0.123879  0.290909  0.107477  0.342368  0.148101  0.147896  0.327965  0.426898  0.427671  0.569557  0.345056  0.081548  0.083807  0.374618  0.081548  0.108351  0.259300  0.357837  0.081548  0.514428  0.081548  0.187244  0.408545  0.265389  0.081548  0.081548  0.401738  0.316192 
14  0.207325  0.179869  0.307176  0.179024  0.223063  0.130821  0.342638  0.157367  0.101039  0.269179  0.328176  0.134494  0.333158  0.224330 0.0  0.512490  0.822870  0.358026  0.203860  0.294671  0.410506  0.147846  0.256949  0.099984  0.801307  0.175108  0.224563  0.265262  0.410993  0.227676  0.208516  0.270849  0.183094  0.243170  0.081548  0.353971  0.284810  0.317226  0.285073  0.360766  0.248137  0.478841  0.291707  0.090631  0.239993  0.253791  0.181793  0.172319  0.250050  0.281276  0.201104  0.484978  0.103665  0.257809  0.301384  0.160283  0.216057  0.251376  0.180950  0.209784 
15  0.584465  0.308543  0.176560  0.486406  0.531788  0.385166  0.255945  0.461090  0.541617  0.253769  0.580438  0.356076  0.547218  0.709403  0.512490 0.0  0.479076  0.154576  0.440629  0.545024  0.137425  0.427300  0.525635  0.435572  0.356081  0.531613  0.560906  0.564670  0.180962  0.500296  0.465621  0.130357  0.449493  0.368901  0.471996  0.224559  0.579622  0.634120  0.377828  0.454417  0.262994  0.453962  0.465368  0.487525  0.549404  0.191766  0.656205  0.418321  0.369642  0.223277  0.570802  0.081548  0.577791  0.495612  0.175403  0.307054  0.524932  0.561543  0.374675  0.274684 
16  0.813824  0.743122  0.465458  0.899666  0.855907  0.747781  0.609382  0.764635  0.929422  0.712050  0.912184  0.711101  0.803581  0.870697  0.822870  0.479076 0.0  0.548446  0.861345  0.888411  0.491021  0.930451  0.795962  0.680711  0.089519  0.867094  0.875760  0.946605  0.588325  0.908647  0.704564  0.591552  0.862274  0.785658  0.901965  0.561615  0.915275  0.954176  0.886343  0.725386  0.508396  0.752991  0.794702  0.805463  0.939228  0.461495  0.769221  0.834570  0.779281  0.573988  0.969273  0.346820  0.830589  0.805737  0.482568  0.735827  0.871628  0.890608  0.675515  0.662119 
17  0.447262  0.220697  0.101514  0.494648  0.399030  0.263645  0.265066  0.344196  0.498925  0.140910  0.377971  0.127414  0.424306  0.405806  0.358026  0.154576  0.548446 0.0  0.516410  0.414890  0.081548  0.458582  0.471128  0.121071  0.507556  0.499387  0.540095  0.508929  0.135930  0.448641  0.150976  0.158444  0.588950  0.395195  0.382980  0.206895  0.523243  0.549964  0.520539  0.342478  0.153738  0.435879  0.309092  0.417429  0.372712  0.180561  0.477742  0.304826  0.294841  0.152579  0.504070  0.115063  0.418822  0.410330  0.213679  0.289466  0.464843  0.561297  0.245124  0.182630 
18  0.081548  0.253908  0.487154  0.103117  0.219047  0.358258  0.404953  0.194657  0.127026  0.320796  0.246602  0.444472  0.204278  0.081548  0.203860  0.440629  0.861345  0.516410 0.0  0.374528  0.522750  0.207704  0.269613  0.419081  0.764959  0.143172  0.136676  0.217668  0.449961  0.129544  0.255435  0.534964  0.085769  0.274888  0.092032  0.442763  0.179868  0.188443  0.317396  0.381190  0.491208  0.503046  0.160378  0.110515  0.145165  0.352660  0.081548  0.206668  0.192691  0.373387  0.081548  0.484749  0.192615  0.081548  0.378993  0.316810  0.114325  0.081548  0.341614  0.479734 
19  0.331438  0.355502  0.362149  0.388187  0.081548  0.294123  0.459887  0.371474  0.253642  0.314784  0.120168  0.328682  0.239814  0.308380  0.294671  0.545024  0.888411  0.414890  0.374528 0.0  0.609505  0.201451  0.220991  0.449270  0.811688  0.273049  0.450091  0.341501  0.462444  0.345257  0.417198  0.462644  0.235113  0.380636  0.439854  0.359940  0.311767  0.451407  0.081548  0.208903  0.513426  0.223407  0.277049  0.223779  0.293132  0.401625  0.375281  0.196897  0.255472  0.332113  0.309871  0.560132  0.265185  0.396033  0.294137  0.254788  0.285042  0.225518  0.382524  0.344186 
20  0.572224  0.203001  0.157769  0.535145  0.571217  0.372767  0.343361  0.431634  0.432352  0.207218  0.580242  0.223170  0.569594  0.519670  0.410506  0.137425  0.491021  0.081548  0.522750  0.609505 0.0  0.566502  0.587478  0.383301  0.354254  0.624223  0.532039  0.649858  0.159490  0.577644  0.375868  0.270466  0.580566  0.550932  0.464760  0.338358  0.511812  0.574021  0.549776  0.401092  0.220999  0.473473  0.371733  0.581759  0.479777  0.197772  0.497487  0.495247  0.385592  0.211912  0.578228  0.190071  0.439206  0.541580  0.205390  0.496774  0.466863  0.599991  0.374482  0.271408 
21  0.185946  0.359002  0.542574  0.157087  0.162223  0.268165  0.363109  0.284510  0.081548  0.490245  0.161158  0.375691  0.140296  0.089089  0.147846  0.427300  0.930451  0.458582  0.207704  0.201451  0.566502 0.0  0.173799  0.333428  0.689288  0.292625  0.253090  0.301498  0.456716  0.081548  0.223996  0.357708  0.090105  0.327399  0.123884  0.354600  0.098052  0.193915  0.240138  0.288584  0.509771  0.397334  0.132449  0.206399  0.211452  0.323427  0.315880  0.209207  0.206692  0.368773  0.279614  0.604677  0.204245  0.176393  0.384337  0.200478  0.201814  0.089578  0.269888  0.453599 
22  0.174382  0.281151  0.561375  0.192197  0.087815  0.236108  0.438411  0.146402  0.146902  0.262453  0.191039  0.264832  0.125830  0.218984  0.256949  0.525635  0.795962  0.471128  0.269613  0.220991  0.587478  0.173799 0.0  0.212811  0.834426  0.136107  0.241678  0.265845  0.314862  0.137721  0.237033  0.465144  0.235631  0.192010  0.081548  0.390507  0.137934  0.183721  0.249451  0.204318  0.461724  0.429875  0.182092  0.273140  0.326555  0.452096  0.209001  0.081548  0.112895  0.466478  0.168767  0.496031  0.287028  0.205328  0.447077  0.210152  0.194185  0.273818  0.263162  0.412759 
23  0.401605  0.113385  0.355632  0.271976  0.320644  0.234149  0.243195  0.238543  0.338458  0.209976  0.340538  0.081548  0.333558  0.380041  0.099984  0.435572  0.680711  0.121071  0.419081  0.449270  0.383301  0.333428  0.212811 0.0  0.602659  0.364583  0.325650  0.480749  0.224611  0.243005  0.190879  0.108603  0.330326  0.122860  0.293047  0.081548  0.291871  0.302353  0.424949  0.380104  0.255563  0.310584  0.210925  0.174169  0.464276  0.249854  0.408298  0.337677  0.199965  0.237989  0.322036  0.275856  0.305606  0.374224  0.188300  0.271428  0.310181  0.353970  0.081548  0.241711 
24  0.785394  0.644518  0.297238  0.775503  0.817014  0.732049  0.582357  0.761009  0.775068  0.566041  0.741410  0.579958  0.873011  1.000000  0.801307  0.356081  0.089519  0.507556  0.764959  0.811688  0.354254  0.689288  0.834426  0.602659 0.0  0.824378  0.882828  0.925034  0.508213  0.742372  0.778369  0.516121  0.814687  0.765646  0.735494  0.498121  0.785561  0.892561  0.871847  0.759931  0.346920  0.762357  0.704207  0.876481  0.830682  0.551072  0.816091  0.770781  0.621806  0.480535  0.782787  0.451557  0.730838  0.942524  0.532539  0.668849  0.745378  0.758277  0.750097  0.601426 
25  0.158845  0.324637  0.427921  0.081548  0.143330  0.268654  0.365629  0.159012  0.135844  0.316919  0.271820  0.393324  0.277778  0.153837  0.175108  0.531613  0.867094  0.499387  0.143172  0.273049  0.624223  0.292625  0.136107  0.364583  0.824378 0.0  0.281714  0.205898  0.407224  0.201569  0.171914  0.506312  0.215863  0.173195  0.143962  0.383152  0.171714  0.127317  0.409935  0.323916  0.381119  0.487562  0.312994  0.187504  0.168560  0.418188  0.176593  0.269567  0.147280  0.281765  0.123066  0.650855  0.167414  0.103771  0.423781  0.333727  0.168270  0.130636  0.322845  0.268832 
26  0.152940  0.282256  0.487144  0.246994  0.309010  0.320800  0.391293  0.160241  0.251145  0.506622  0.334512  0.446033  0.329512  0.208747  0.224563  0.560906  0.875760  0.540095  0.136676  0.450091  0.532039  0.253090  0.241678  0.325650  0.882828  0.281714 0.0  0.214222  0.530981  0.239956  0.298018  0.509822  0.151487  0.183754  0.312634  0.463032  0.174361  0.081548  0.418354  0.470102  0.553555  0.542653  0.311361  0.160515  0.192146  0.356666  0.131108  0.275935  0.248662  0.458301  0.128096  0.620026  0.231647  0.143172  0.435264  0.396752  0.237747  0.104951  0.349307  0.434484 
27  0.109490  0.358610  0.585901  0.263074  0.366910  0.362639  0.385979  0.309877  0.304547  0.524088  0.332756  0.403493  0.402871  0.333734  0.265262  0.564670  0.946605  0.508929  0.217668  0.341501  0.649858  0.301498  0.265845  0.480749  0.925034  0.205898  0.214222 0.0  0.458354  0.365098  0.411224  0.574201  0.304289  0.299051  0.327798  0.505272  0.340508  0.118462  0.377472  0.492302  0.638871  0.629241  0.414354  0.315054  0.260816  0.590115  0.182663  0.500053  0.273339  0.546291  0.161653  0.618981  0.344592  0.223819  0.430256  0.446926  0.155004  0.235150  0.350834  0.543430 
28  0.465644  0.242272  0.293169  0.331467  0.274318  0.172042  0.199966  0.256950  0.534018  0.081548  0.386926  0.081548  0.373839  0.445587  0.410993  0.180962  0.588325  0.135930  0.449961  0.462444  0.159490  0.456716  0.314862  0.224611  0.508213  0.407224  0.530981  0.458354 0.0  0.428187  0.384295  0.266713  0.431478  0.383101  0.478603  0.099286  0.469750  0.512053  0.420607  0.377339  0.328694  0.396454  0.280301  0.345791  0.467897  0.081548  0.477472  0.264714  0.121079  0.144675  0.496788  0.100655  0.345911  0.346915  0.242572  0.274709  0.488810  0.403990  0.257920  0.116912 
29  0.196870  0.275737  0.442482  0.225744  0.085400  0.150019  0.378679  0.181966  0.081548  0.408198  0.123133  0.411057  0.111098  0.081548  0.227676  0.500296  0.908647  0.448641  0.129544  0.345257  0.577644  0.081548  0.137721  0.243005  0.742372  0.201569  0.239956  0.365098  0.428187 0.0  0.254120  0.431812  0.081548  0.170610  0.081548  0.438315  0.130604  0.111734  0.253708  0.263152  0.476451  0.355001  0.190994  0.088748  0.255287  0.372719  0.092882  0.081548  0.133714  0.275137  0.081548  0.556279  0.129734  0.175048  0.364357  0.244076  0.249018  0.231297  0.358359  0.467990 
30  0.240513  0.176141  0.413337  0.130336  0.313865  0.172063  0.171063  0.121927  0.328432  0.296801  0.479543  0.181310  0.301956  0.208727  0.208516  0.465621  0.704564  0.150976  0.255435  0.417198  0.375868  0.223996  0.237033  0.190879  0.778369  0.171914  0.298018  0.411224  0.384295  0.254120 0.0  0.345795  0.370858  0.172669  0.218021  0.316932  0.267961  0.225114  0.420500  0.309821  0.422758  0.464812  0.328046  0.175181  0.194460  0.198539  0.311296  0.238456  0.358296  0.298995  0.181159  0.291809  0.167344  0.197617  0.400796  0.296501  0.212605  0.224174  0.125490  0.359664 
31  0.442553  0.292988  0.187046  0.341566  0.406226  0.201040  0.168013  0.287980  0.458321  0.296680  0.450660  0.236100  0.425219  0.414902  0.270849  0.130357  0.591552  0.158444  0.534964  0.462644  0.270466  0.357708  0.465144  0.108603  0.516121  0.506312  0.509822  0.574201  0.266713  0.431812  0.345795 0.0  0.490842  0.372101  0.453137  0.081548  0.506904  0.507714  0.537960  0.422494  0.157352  0.420071  0.385347  0.378312  0.460787  0.213776  0.480725  0.334070  0.320735  0.081548  0.483874  0.283213  0.525420  0.438111  0.271932  0.216215  0.440386  0.585063  0.181838  0.298392 
32  0.205614  0.305784  0.592628  0.290530  0.182323  0.305068  0.438942  0.132916  0.127477  0.393166  0.248385  0.437385  0.125761  0.123879  0.183094  0.449493  0.862274  0.588950  0.085769  0.235113  0.580566  0.090105  0.235631  0.330326  0.814687  0.215863  0.151487  0.304289  0.431478  0.081548  0.370858  0.490842 0.0  0.217345  0.151347  0.420321  0.200744  0.104123  0.202826  0.367059  0.471191  0.377650  0.207041  0.141448  0.192648  0.418842  0.298887  0.270500  0.284509  0.480097  0.232092  0.604212  0.132608  0.332369  0.407352  0.167518  0.095293  0.223331  0.256453  0.369489 
33  0.187313  0.081548  0.360934  0.174392  0.208555  0.164638  0.328088  0.159552  0.119609  0.328726  0.282583  0.258446  0.292979  0.290909  0.243170  0.368901  0.785658  0.395195  0.274888  0.380636  0.550932  0.327399  0.192010  0.122860  0.765646  0.173195  0.183754  0.299051  0.383101  0.170610  0.172669  0.372101  0.217345 0.0  0.162502  0.421658  0.303833  0.081548  0.378499  0.368831  0.279525  0.550810  0.255157  0.081548  0.256560  0.287020  0.269934  0.227557  0.235270  0.303883  0.249467  0.410933  0.081548  0.241791  0.465357  0.135261  0.244130  0.125947  0.142608  0.382754 
34  0.106773  0.356986  0.432962  0.171274  0.081548  0.203947  0.391224  0.153235  0.207869  0.288041  0.250603  0.311917  0.142915  0.107477  0.081548  0.471996  0.901965  0.382980  0.092032  0.439854  0.464760  0.123884  0.081548  0.293047  0.735494  0.143962  0.312634  0.327798  0.478603  0.081548  0.218021  0.453137  0.151347  0.162502 0.0  0.252715  0.156327  0.201292  0.183853  0.339946  0.387495  0.446046  0.283044  0.166674  0.131521  0.313419  0.223961  0.185602  0.204307  0.286401  0.081548  0.517959  0.102719  0.224485  0.436311  0.308836  0.212686  0.169140  0.285611  0.400860 
35  0.337080  0.294413  0.140606  0.298486  0.402151  0.202692  0.182998  0.332919  0.385372  0.114748  0.370323  0.147944  0.282340  0.342368  0.353971  0.224559  0.561615  0.206895  0.442763  0.359940  0.338358  0.354600  0.390507  0.081548  0.498121  0.383152  0.463032  0.505272  0.099286  0.438315  0.316932  0.081548  0.420321  0.421658  0.252715 0.0  0.447290  0.485067  0.345520  0.260422  0.170561  0.402170  0.137178  0.270058  0.458915  0.265069  0.400701  0.200185  0.318385  0.081548  0.536568  0.220995  0.324320  0.370832  0.141602  0.134954  0.403970  0.411639  0.170940  0.081548 
36  0.183337  0.252525  0.470587  0.123562  0.153067  0.246721  0.365467  0.187289  0.191549  0.403325  0.284568  0.357584  0.269872  0.148101  0.284810  0.579622  0.915275  0.523243  0.179868  0.311767  0.511812  0.098052  0.137934  0.291871  0.785561  0.171714  0.174361  0.340508  0.469750  0.130604  0.267961  0.506904  0.200744  0.303833  0.156327  0.447290 0.0  0.132218  0.351749  0.308330  0.446145  0.358892  0.318787  0.186848  0.236275  0.432865  0.246890  0.133367  0.314662  0.363849  0.187556  0.563227  0.114910  0.103015  0.505441  0.353128  0.215809  0.131240  0.282897  0.462661 
37  0.173217  0.300551  0.539647  0.304791  0.287916  0.239542  0.302622  0.211603  0.139272  0.380311  0.259078  0.361018  0.365305  0.147896  0.317226  0.634120  0.954176  0.549964  0.188443  0.451407  0.574021  0.193915  0.183721  0.302353  0.892561  0.127317  0.081548  0.118462  0.512053  0.111734  0.225114  0.507714  0.104123  0.081548  0.201292  0.485067  0.132218 0.0  0.443168  0.456575  0.498099  0.390449  0.294782  0.183921  0.216497  0.446785  0.166149  0.223557  0.287983  0.410921  0.117433  0.621305  0.171618  0.158603  0.413080  0.407390  0.113708  0.263320  0.381333  0.551901 
38  0.406394  0.372016  0.562689  0.314560  0.253173  0.279770  0.438078  0.399120  0.309307  0.211983  0.189624  0.381245  0.117776  0.327965  0.285073  0.377828  0.886343  0.520539  0.317396  0.081548  0.549776  0.240138  0.249451  0.424949  0.871847  0.409935  0.418354  0.377472  0.420607  0.253708  0.420500  0.537960  0.202826  0.378499  0.183853  0.345520  0.351749  0.443168 0.0  0.192160  0.513396  0.243322  0.154905  0.305842  0.342308  0.488458  0.291239  0.235825  0.329954  0.370547  0.359576  0.438162  0.417347  0.429637  0.376311  0.302373  0.281188  0.283180  0.419476  0.403285 
39  0.268538  0.293707  0.458971  0.381606  0.323466  0.384375  0.457341  0.276559  0.336710  0.241893  0.239018  0.269462  0.352393  0.426898  0.360766  0.454417  0.725386  0.342478  0.381190  0.208903  0.401092  0.288584  0.204318  0.380104  0.759931  0.323916  0.470102  0.492302  0.377339  0.263152  0.309821  0.422494  0.367059  0.368831  0.339946  0.260422  0.308330  0.456575  0.192160 0.0  0.518105  0.296014  0.183280  0.342816  0.406745  0.357672  0.397405  0.366045  0.239692  0.377076  0.404514  0.335393  0.403869  0.472534  0.281735  0.215314  0.411601  0.222427  0.271202  0.194664 
40  0.574002  0.369338  0.138632  0.399857  0.491368  0.422248  0.174167  0.419431  0.478035  0.390986  0.582890  0.176448  0.444561  0.427671  0.248137  0.262994  0.508396  0.153738  0.491208  0.513426  0.220999  0.509771  0.461724  0.255563  0.346920  0.381119  0.553555  0.638871  0.328694  0.476451  0.422758  0.157352  0.471191  0.279525  0.387495  0.170561  0.446145  0.498099  0.513396  0.518105 0.0  0.515181  0.361867  0.417382  0.538740  0.224375  0.468339  0.384669  0.426033  0.298894  0.518615  0.140544  0.439415  0.473133  0.144153  0.344236  0.493625  0.541218  0.291723  0.278096 
41  0.632709  0.386668  0.401989  0.464804  0.338346  0.410177  0.519087  0.541979  0.402062  0.401237  0.223873  0.290544  0.292413  0.569557  0.478841  0.453962  0.752991  0.435879  0.503046  0.223407  0.473473  0.397334  0.429875  0.310584  0.762357  0.487562  0.542653  0.629241  0.396454  0.355001  0.464812  0.420071  0.377650  0.550810  0.446046  0.402170  0.358892  0.390449  0.243322  0.296014  0.515181 0.0  0.305808  0.376425  0.477191  0.341540  0.530244  0.362040  0.331265  0.336171  0.499205  0.561493  0.362060  0.457948  0.372597  0.267579  0.523128  0.411238  0.508357  0.289915 
42  0.312664  0.325413  0.258772  0.215106  0.158424  0.172603  0.255675  0.187396  0.258290  0.156034  0.175083  0.175197  0.266234  0.345056  0.291707  0.465368  0.794702  0.309092  0.160378  0.277049  0.371733  0.132449  0.182092  0.210925  0.704207  0.312994  0.311361  0.414354  0.280301  0.190994  0.328046  0.385347  0.207041  0.255157  0.283044  0.137178  0.318787  0.294782  0.154905  0.183280  0.361867  0.305808 0.0  0.316104  0.374563  0.173117  0.261023  0.219456  0.145785  0.185024  0.301481  0.392711  0.252178  0.275959  0.153572  0.081548  0.271344  0.210053  0.103461  0.313556 
43  0.081548  0.262534  0.469746  0.084616  0.321727  0.246295  0.386335  0.217836  0.081548  0.295562  0.210452  0.382619  0.257963  0.081548  0.090631  0.487525  0.805463  0.417429  0.110515  0.223779  0.581759  0.206399  0.273140  0.174169  0.876481  0.187504  0.160515  0.315054  0.345791  0.088748  0.175181  0.378312  0.141448  0.081548  0.166674  0.270058  0.186848  0.183921  0.305842  0.342816  0.417382  0.376425  0.316104 0.0  0.246044  0.331658  0.182742  0.081548  0.152030  0.304941  0.140096  0.467876  0.084402  0.123830  0.427523  0.150207  0.129557  0.185495  0.177082  0.336145 
44  0.140169  0.250534  0.604836  0.273917  0.224550  0.276421  0.449769  0.116657  0.210434  0.448207  0.314945  0.386372  0.269122  0.083807  0.239993  0.549404  0.939228  0.372712  0.145165  0.293132  0.479777  0.211452  0.326555  0.464276  0.830682  0.168560  0.192146  0.260816  0.467897  0.255287  0.194460  0.460787  0.192648  0.256560  0.131521  0.458915  0.236275  0.216497  0.342308  0.406745  0.538740  0.477191  0.374563  0.246044 0.0  0.448059  0.118167  0.166108  0.240892  0.274289  0.081548  0.732839  0.203746  0.116553  0.462044  0.322683  0.098112  0.194533  0.306909  0.507667 
45  0.376645  0.125972  0.139605  0.285922  0.286574  0.176814  0.307278  0.263154  0.359010  0.267531  0.454860  0.081548  0.253177  0.374618  0.253791  0.191766  0.461495  0.180561  0.352660  0.401625  0.197772  0.323427  0.452096  0.249854  0.551072  0.418188  0.356666  0.590115  0.081548  0.372719  0.198539  0.213776  0.418842  0.287020  0.313419  0.265069  0.432865  0.446785  0.488458  0.357672  0.224375  0.341540  0.173117  0.331658  0.448059 0.0  0.369286  0.302223  0.241000  0.176870  0.380572  0.223163  0.351638  0.409895  0.084871  0.250457  0.388462  0.454235  0.159572  0.168910 
46  0.112546  0.292164  0.545926  0.117431  0.275002  0.301983  0.432635  0.307899  0.182755  0.421742  0.316312  0.343872  0.293813  0.081548  0.181793  0.656205  0.769221  0.477742  0.081548  0.375281  0.497487  0.315880  0.209001  0.408298  0.816091  0.176593  0.131108  0.182663  0.477472  0.092882  0.311296  0.480725  0.298887  0.269934  0.223961  0.400701  0.246890  0.166149  0.291239  0.397405  0.468339  0.530244  0.261023  0.182742  0.118167  0.369286 0.0  0.252353  0.299195  0.473436  0.152701  0.565847  0.124819  0.081548  0.458926  0.302736  0.119099  0.236990  0.243883  0.397543 
47  0.166248  0.180053  0.420652  0.217354  0.122260  0.135469  0.300414  0.193077  0.183591  0.218092  0.212599  0.350494  0.085918  0.108351  0.172319  0.418321  0.834570  0.304826  0.206668  0.196897  0.495247  0.209207  0.081548  0.337677  0.770781  0.269567  0.275935  0.500053  0.264714  0.081548  0.238456  0.334070  0.270500  0.227557  0.185602  0.200185  0.133367  0.223557  0.235825  0.366045  0.384669  0.362040  0.219456  0.081548  0.166108  0.302223  0.252353 0.0  0.098866  0.258592  0.195050  0.468889  0.108297  0.341773  0.319855  0.186968  0.238160  0.227486  0.239179  0.335076 
48  0.217380  0.255248  0.337910  0.211652  0.243441  0.168550  0.348737  0.202652  0.220127  0.126333  0.102939  0.255024  0.166685  0.259300  0.250050  0.369642  0.779281  0.294841  0.192691  0.255472  0.385592  0.206692  0.112895  0.199965  0.621806  0.147280  0.248662  0.273339  0.121079  0.133714  0.358296  0.320735  0.284509  0.235270  0.204307  0.318385  0.314662  0.287983  0.329954  0.239692  0.426033  0.331265  0.145785  0.152030  0.240892  0.241000  0.299195  0.098866 0.0  0.267117  0.376724  0.475163  0.156017  0.293396  0.110475  0.081548  0.146592  0.241837  0.195681  0.328798 
49  0.277111  0.326649  0.228444  0.439805  0.359115  0.309016  0.116456  0.304433  0.316495  0.224031  0.361174  0.173702  0.438307  0.357837  0.281276  0.223277  0.573988  0.152579  0.373387  0.332113  0.211912  0.368773  0.466478  0.237989  0.480535  0.281765  0.458301  0.546291  0.144675  0.275137  0.298995  0.081548  0.480097  0.303883  0.286401  0.081548  0.363849  0.410921  0.370547  0.377076  0.298894  0.336171  0.185024  0.304941  0.274289  0.176870  0.473436  0.258592  0.267117 0.0  0.470606  0.136238  0.257712  0.378074  0.097284  0.246654  0.310413  0.391366  0.238133  0.112013 
50  0.081548  0.288796  0.507753  0.156692  0.243123  0.237669  0.445791  0.221335  0.110132  0.344819  0.270426  0.423080  0.306578  0.081548  0.201104  0.570802  0.969273  0.504070  0.081548  0.309871  0.578228  0.279614  0.168767  0.322036  0.782787  0.123066  0.128096  0.161653  0.496788  0.081548  0.181159  0.483874  0.232092  0.249467  0.081548  0.536568  0.187556  0.117433  0.359576  0.404514  0.518615  0.499205  0.301481  0.140096  0.081548  0.380572  0.152701  0.195050  0.376724  0.470606 0.0  0.667949  0.149527  0.081548  0.443061  0.392450  0.081548  0.081548  0.340881  0.255919 
51  0.481421  0.338391  0.111781  0.522128  0.585310  0.369811  0.386373  0.417622  0.491776  0.258695  0.483530  0.255122  0.377249  0.514428  0.484978  0.081548  0.346820  0.115063  0.484749  0.560132  0.190071  0.604677  0.496031  0.275856  0.451557  0.650855  0.620026  0.618981  0.100655  0.556279  0.291809  0.283213  0.604212  0.410933  0.517959  0.220995  0.563227  0.621305  0.438162  0.335393  0.140544  0.561493  0.392711  0.467876  0.732839  0.223163  0.565847  0.468889  0.475163  0.136238  0.667949 0.0  0.469999  0.519793  0.192139  0.490161  0.547823  0.626581  0.330772  0.204198 
52  0.143155  0.206257  0.514707  0.081548  0.130966  0.222102  0.240895  0.184956  0.140672  0.291783  0.330242  0.365054  0.174778  0.081548  0.103665  0.577791  0.830589  0.418822  0.192615  0.265185  0.439206  0.204245  0.287028  0.305606  0.730838  0.167414  0.231647  0.344592  0.345911  0.129734  0.167344  0.525420  0.132608  0.081548  0.102719  0.324320  0.114910  0.171618  0.417347  0.403869  0.439415  0.362060  0.252178  0.084402  0.203746  0.351638  0.124819  0.108297  0.156017  0.257712  0.149527  0.469999 0.0  0.081548  0.309313  0.246286  0.130174  0.152838  0.342572  0.291117 
53  0.175182  0.320325  0.510992  0.144475  0.294736  0.234091  0.349405  0.087983  0.094105  0.388390  0.297399  0.281465  0.245540  0.187244  0.257809  0.495612  0.805737  0.410330  0.081548  0.396033  0.541580  0.176393  0.205328  0.374224  0.942524  0.103771  0.143172  0.223819  0.346915  0.175048  0.197617  0.438111  0.332369  0.241791  0.224485  0.370832  0.103015  0.158603  0.429637  0.472534  0.473133  0.457948  0.275959  0.123830  0.116553  0.409895  0.081548  0.341773  0.293396  0.378074  0.081548  0.519793  0.081548 0.0  0.509589  0.337055  0.128180  0.315158  0.201347  0.428923 
54  0.443892  0.242914  0.263078  0.285930  0.367368  0.204276  0.212239  0.294708  0.395615  0.222922  0.328354  0.133887  0.314454  0.408545  0.301384  0.175403  0.482568  0.213679  0.378993  0.294137  0.205390  0.384337  0.447077  0.188300  0.532539  0.423781  0.435264  0.430256  0.242572  0.364357  0.400796  0.271932  0.407352  0.465357  0.436311  0.141602  0.505441  0.413080  0.376311  0.281735  0.144153  0.372597  0.153572  0.427523  0.462044  0.084871  0.458926  0.319855  0.110475  0.097284  0.443061  0.192139  0.309313  0.509589 0.0  0.348261  0.369528  0.316915  0.351888  0.081548 
55  0.307842  0.107152  0.370205  0.237186  0.214901  0.166346  0.259678  0.275028  0.309185  0.266884  0.168840  0.319643  0.184219  0.265389  0.160283  0.307054  0.735827  0.289466  0.316810  0.254788  0.496774  0.200478  0.210152  0.271428  0.668849  0.333727  0.396752  0.446926  0.274709  0.244076  0.296501  0.216215  0.167518  0.135261  0.308836  0.134954  0.353128  0.407390  0.302373  0.215314  0.344236  0.267579  0.081548  0.150207  0.322683  0.250457  0.302736  0.186968  0.081548  0.246654  0.392450  0.490161  0.246286  0.337055  0.348261 0.0  0.313263  0.211568  0.240764  0.215503 
56  0.081548  0.352611  0.587080  0.156810  0.258341  0.225065  0.367723  0.140621  0.141155  0.376334  0.304802  0.445083  0.232741  0.081548  0.216057  0.524932  0.871628  0.464843  0.114325  0.285042  0.466863  0.201814  0.194185  0.310181  0.745378  0.168270  0.237747  0.155004  0.488810  0.249018  0.212605  0.440386  0.095293  0.244130  0.212686  0.403970  0.215809  0.113708  0.281188  0.411601  0.493625  0.523128  0.271344  0.129557  0.098112  0.388462  0.119099  0.238160  0.146592  0.310413  0.081548  0.547823  0.130174  0.128180  0.369528  0.313263 0.0  0.178151  0.497407  0.476659 
57  0.113819  0.213434  0.458873  0.122346  0.207092  0.257847  0.343518  0.264328  0.081548  0.353960  0.120608  0.431702  0.325466  0.081548  0.251376  0.561543  0.890608  0.561297  0.081548  0.225518  0.599991  0.089578  0.273818  0.353970  0.758277  0.130636  0.104951  0.235150  0.403990  0.231297  0.224174  0.585063  0.223331  0.125947  0.169140  0.411639  0.131240  0.263320  0.283180  0.222427  0.541218  0.411238  0.210053  0.185495  0.194533  0.454235  0.236990  0.227486  0.241837  0.391366  0.081548  0.626581  0.152838  0.315158  0.316915  0.211568  0.178151 0.0  0.282275  0.483725 
58  0.225200  0.081548  0.354352  0.246647  0.207549  0.081548  0.264269  0.231753  0.266194  0.187377  0.249390  0.110719  0.390738  0.401738  0.180950  0.374675  0.675515  0.245124  0.341614  0.382524  0.374482  0.269888  0.263162  0.081548  0.750097  0.322845  0.349307  0.350834  0.257920  0.358359  0.125490  0.181838  0.256453  0.142608  0.285611  0.170940  0.282897  0.381333  0.419476  0.271202  0.291723  0.508357  0.103461  0.177082  0.306909  0.159572  0.243883  0.239179  0.195681  0.238133  0.340881  0.330772  0.342572  0.201347  0.351888  0.240764  0.497407  0.282275 0.0  0.248923 
59  0.485186  0.297093  0.263127  0.326049  0.418720  0.280352  0.307134  0.369661  0.367929  0.194241  0.388789  0.212107  0.333103  0.316192  0.209784  0.274684  0.662119  0.182630  0.479734  0.344186  0.271408  0.453599  0.412759  0.241711  0.601426  0.268832  0.434484  0.543430  0.116912  0.467990  0.359664  0.298392  0.369489  0.382754  0.400860  0.081548  0.462661  0.551901  0.403285  0.194664  0.278096  0.289915  0.313556  0.336145  0.507667  0.168910  0.397543  0.335076  0.328798  0.112013  0.255919  0.204198  0.291117  0.428923  0.081548  0.215503  0.476659  0.483725  0.248923 0.0 
