60
0 0.0  0.252978  0.429225  0.127697  0.224054  0.186523  0.321390  0.165176  0.113328  0.343519  0.252146  0.321724  0.249302  0.123762  0.162900  0.500068  0.814947  0.339608  0.113828  0.310939  0.459195  0.190566  0.193688  0.255225  0.588787  0.101488  0.169094  0.205039  0.335721  0.172032  0.200173  0.324202  0.167491  0.149081  0.156158  0.343898  0.165273  0.149321  0.311077  0.353583  0.355556  0.414967  0.214120  0.123716  0.142571  0.312510  0.127005  0.196696  0.254691  0.331285  0.120721  0.431017  0.111079  0.114664  0.344659  0.226590  0.129096  0.158877  0.259204  0.373178 
1  0.252978 0.0  0.286604  0.181901  0.268791  0.124707  0.179537  0.153322  0.225027  0.202370  0.297893  0.152819  0.237012  0.240649  0.157301  0.296557  0.521488  0.270577  0.256799  0.285925  0.333089  0.293821  0.193911  0.111990  0.532090  0.250528  0.310740  0.308740  0.244914  0.260254  0.178559  0.252214  0.313943  0.166403  0.222090  0.207218  0.259436  0.297617  0.361928  0.274706  0.271026  0.351141  0.173006  0.214070  0.307722  0.170279  0.293027  0.202951  0.194365  0.184878  0.272592  0.299787  0.197771  0.261888  0.262507  0.186945  0.282189  0.253274  0.101546  0.265777 
2  0.429225  0.286604 0.0  0.441920  0.406859  0.306332  0.244301  0.348905  0.431483  0.265403  0.466944  0.207614  0.434125  0.420894  0.362718  0.127612  0.391722  0.120239  0.468200  0.510233  0.132749  0.495029  0.402502  0.228697  0.381979  0.414190  0.550482  0.500424  0.181468  0.405675  0.313428  0.145741  0.480463  0.351615  0.471987  0.167461  0.448633  0.503996  0.489514  0.428843  0.130478  0.461391  0.292013  0.362987  0.394494  0.180213  0.485788  0.404300  0.354232  0.189862  0.466863  0.163860  0.383591  0.491744  0.204062  0.332394  0.505821  0.359509  0.284514  0.240058 
3  0.127697  0.181901  0.441920 0.0  0.189478  0.156614  0.287760  0.126981  0.112466  0.285849  0.250022  0.263266  0.208752  0.136206  0.118991  0.397148  0.734209  0.382858  0.145668  0.301174  0.430402  0.180030  0.161694  0.211743  0.647589  0.137766  0.197063  0.255033  0.311491  0.160339  0.165409  0.337739  0.173799  0.131401  0.131581  0.312759  0.171202  0.210342  0.286368  0.335232  0.421066  0.414260  0.221984  0.097003  0.183940  0.318654  0.167767  0.176917  0.188740  0.327656  0.150414  0.467307  0.103993  0.160207  0.341260  0.221090  0.151880  0.141289  0.215842  0.356435 
4  0.224054  0.268791  0.406859  0.189478 0.0  0.196827  0.349724  0.209774  0.183728  0.285310  0.127038  0.314203  0.106998  0.202178  0.210675  0.445543  0.800345  0.313614  0.193256  0.160438  0.396026  0.152508  0.110309  0.263706  0.723344  0.258640  0.292351  0.309147  0.363070  0.157276  0.265141  0.327055  0.183498  0.229782  0.154834  0.319730  0.174996  0.294227  0.186410  0.235655  0.456322  0.278229  0.200287  0.194723  0.250724  0.330219  0.238951  0.140085  0.172664  0.307164  0.241642  0.402565  0.202369  0.205620  0.311238  0.181343  0.226070  0.183740  0.278949  0.324118 
5  0.186523  0.124707  0.306332  0.156614  0.196827 0.0  0.233771  0.130807  0.191114  0.235827  0.260438  0.215014  0.187463  0.193832  0.118727  0.325161  0.654722  0.258753  0.234540  0.294911  0.385186  0.197709  0.162989  0.154319  0.589825  0.216185  0.265035  0.318178  0.240336  0.191589  0.178809  0.295622  0.236289  0.158308  0.177052  0.217505  0.218183  0.234062  0.306627  0.262810  0.318771  0.386510  0.167131  0.180739  0.271001  0.250210  0.236233  0.149658  0.159949  0.220666  0.206553  0.359683  0.167563  0.204518  0.238796  0.161176  0.222171  0.198882  0.151210  0.269112 
6  0.321390  0.179537  0.244301  0.287760  0.349724  0.233771 0.0  0.262510  0.340238  0.312858  0.407250  0.175343  0.367467  0.319330  0.273116  0.250734  0.518718  0.221142  0.330747  0.377342  0.282244  0.343677  0.342730  0.175922  0.503560  0.311550  0.379829  0.381443  0.257357  0.345519  0.189570  0.172050  0.395421  0.231997  0.339215  0.269409  0.365406  0.335244  0.404691  0.393425  0.183719  0.509823  0.289069  0.261526  0.322734  0.207431  0.342832  0.311527  0.310809  0.235708  0.331005  0.333515  0.317857  0.335328  0.247797  0.299219  0.327611  0.319809  0.191883  0.312244 
7  0.165176  0.153322  0.348905  0.126981  0.209774  0.130807  0.262510 0.0  0.165324  0.231440  0.280528  0.223848  0.197488  0.180073  0.106030  0.368419  0.621369  0.325952  0.178540  0.318250  0.430628  0.214688  0.209355  0.169893  0.566026  0.168535  0.223976  0.251519  0.281912  0.208746  0.147953  0.301922  0.224685  0.112927  0.158040  0.248085  0.188054  0.226601  0.358096  0.341164  0.323457  0.449217  0.230858  0.144428  0.225904  0.268883  0.193265  0.176501  0.199509  0.306636  0.195190  0.385131  0.146307  0.172407  0.318606  0.216697  0.216085  0.167448  0.187292  0.279339 
8  0.113328  0.225027  0.431483  0.112466  0.183728  0.191114  0.340238  0.165324 0.0  0.330512  0.228661  0.299825  0.222116  0.102068  0.142875  0.397669  0.654332  0.452547  0.109661  0.266338  0.534710  0.154640  0.154264  0.271219  0.701061  0.123196  0.172531  0.273145  0.315639  0.134427  0.196032  0.376371  0.145520  0.169304  0.114369  0.328057  0.135210  0.153673  0.248569  0.323109  0.399333  0.456711  0.257078  0.102937  0.152188  0.320027  0.139750  0.184433  0.187105  0.322784  0.121746  0.500445  0.101042  0.135814  0.364610  0.261242  0.133659  0.124983  0.244025  0.372931 
9  0.343519  0.202370  0.265403  0.285849  0.285310  0.235827  0.312858  0.231440  0.330512 0.0  0.283448  0.169425  0.241791  0.358895  0.260903  0.250532  0.578025  0.205325  0.356482  0.263563  0.286356  0.289069  0.260870  0.173401  0.486879  0.291154  0.370172  0.462344  0.170620  0.313760  0.287292  0.251204  0.284505  0.239861  0.291339  0.132210  0.330744  0.381269  0.308843  0.218900  0.271665  0.304668  0.158660  0.294470  0.360599  0.198695  0.301191  0.229351  0.190134  0.136258  0.373055  0.225726  0.296840  0.305394  0.146133  0.172913  0.356395  0.293242  0.172903  0.145156 
10  0.252146  0.297893  0.466944  0.250022  0.127038  0.260438  0.407250  0.280528  0.228661  0.283448 0.0  0.355438  0.118736  0.254652  0.260710  0.456888  0.677336  0.382932  0.248012  0.122591  0.541455  0.192696  0.158866  0.274680  0.661712  0.287916  0.354425  0.383602  0.346740  0.171948  0.291783  0.403920  0.220480  0.275643  0.176546  0.330195  0.214896  0.353353  0.141256  0.212306  0.464263  0.323080  0.197134  0.227235  0.288910  0.393869  0.265355  0.172434  0.177160  0.334095  0.265260  0.461552  0.248397  0.265483  0.311613  0.193163  0.244300  0.193793  0.269990  0.351276 
11  0.321724  0.152819  0.207614  0.263266  0.314203  0.215014  0.175343  0.223848  0.299825  0.169425  0.355438 0.0  0.313951  0.286213  0.243663  0.229592  0.491344  0.176359  0.313218  0.338841  0.261168  0.307087  0.309686  0.121731  0.548188  0.309319  0.398205  0.451062  0.163588  0.323070  0.245342  0.175234  0.381774  0.265375  0.271068  0.156692  0.372665  0.358571  0.307169  0.259432  0.191418  0.348693  0.236276  0.258327  0.355947  0.111150  0.297698  0.207919  0.180381  0.136183  0.348453  0.243806  0.296894  0.336177  0.171436  0.211209  0.348081  0.304655  0.139525  0.218036 
12  0.249302  0.237012  0.434125  0.208752  0.106998  0.187463  0.367467  0.197488  0.222116  0.241791  0.118736  0.313951 0.0  0.213376  0.198190  0.390725  0.693801  0.351638  0.230812  0.166182  0.416618  0.180279  0.129715  0.235069  0.770495  0.269584  0.339454  0.360229  0.316950  0.161548  0.267104  0.432943  0.217171  0.269301  0.177889  0.312049  0.196681  0.304007  0.153269  0.227512  0.416746  0.269929  0.164771  0.203951  0.306630  0.298222  0.253581  0.134897  0.150439  0.320839  0.225991  0.449444  0.216277  0.252160  0.323572  0.155124  0.231089  0.193345  0.246434  0.290275 
13  0.123762  0.240649  0.420894  0.136206  0.202178  0.193832  0.319330  0.180073  0.102068  0.358895  0.254652  0.286213  0.213376 0.0  0.159808  0.417252  0.813429  0.437127  0.096226  0.295825  0.457340  0.159728  0.184158  0.284687  0.799640  0.119897  0.158249  0.188563  0.398759  0.142165  0.216143  0.416129  0.136703  0.178320  0.133411  0.366988  0.131298  0.153073  0.327006  0.338429  0.418209  0.428625  0.225415  0.127237  0.126325  0.358944  0.127159  0.203716  0.239312  0.345545  0.111230  0.621719  0.119532  0.115911  0.312572  0.279225  0.111856  0.124590  0.274858  0.380132 
14  0.162900  0.157301  0.362718  0.118991  0.210675  0.118727  0.273116  0.106030  0.142875  0.260903  0.260710  0.243663  0.198190  0.159808 0.0  0.402129  0.713012  0.306913  0.189082  0.257993  0.374773  0.210428  0.166854  0.184942  0.666697  0.160513  0.222280  0.290614  0.307775  0.177601  0.177328  0.340205  0.219378  0.132108  0.144122  0.282285  0.193511  0.215873  0.296041  0.298557  0.344527  0.418552  0.192344  0.136121  0.228023  0.247390  0.219067  0.152467  0.180343  0.290289  0.193288  0.393862  0.139161  0.191251  0.310769  0.186299  0.180483  0.190657  0.187538  0.309597 
15  0.500068  0.296557  0.127612  0.397148  0.445543  0.325161  0.250734  0.368419  0.397669  0.250532  0.456888  0.229592  0.390725  0.417252  0.402129 0.0  0.450043  0.144412  0.489309  0.490203  0.137315  0.444687  0.401106  0.277926  0.315768  0.433722  0.563532  0.546939  0.191068  0.451300  0.362684  0.215511  0.479059  0.392458  0.406659  0.216246  0.484843  0.541755  0.540018  0.382246  0.183717  0.455632  0.352164  0.450246  0.485508  0.210934  0.472516  0.403973  0.372609  0.199758  0.416767  0.118774  0.393140  0.476410  0.196728  0.356927  0.521069  0.475208  0.255052  0.225386 
16  0.814947  0.521488  0.391722  0.734209  0.800345  0.654722  0.518718  0.621369  0.654332  0.578025  0.677336  0.491344  0.693801  0.813429  0.713012  0.450043 0.0  0.488753  0.845735  0.700427  0.363422  0.786185  0.723975  0.596741  0.135213  0.806784  0.788168  0.921702  0.424587  0.818903  0.690265  0.465824  0.687445  0.767632  0.778938  0.508466  0.670013  0.727470  0.824222  0.651192  0.429921  0.718823  0.652433  0.691470  1.000000  0.502263  0.809048  0.739439  0.705561  0.529233  0.688060  0.363191  0.790828  0.863165  0.503443  0.710074  0.891190  0.828932  0.611434  0.443003 
17  0.339608  0.270577  0.120239  0.382858  0.313614  0.258753  0.221142  0.325952  0.452547  0.205325  0.382932  0.176359  0.351638  0.437127  0.306913  0.144412  0.488753 0.0  0.330995  0.446849  0.171217  0.409816  0.425678  0.211660  0.369880  0.409601  0.392810  0.484725  0.136454  0.424767  0.309159  0.159573  0.449291  0.357955  0.349943  0.156241  0.419875  0.438198  0.442728  0.293404  0.163344  0.368218  0.278381  0.333447  0.423970  0.151606  0.414069  0.333021  0.295693  0.155369  0.431257  0.153902  0.400279  0.440273  0.167000  0.292474  0.414586  0.413188  0.215305  0.202636 
18  0.113828  0.256799  0.468200  0.145668  0.193256  0.234540  0.330747  0.178540  0.109661  0.356482  0.248012  0.313218  0.230812  0.096226  0.189082  0.489309  0.845735  0.330995 0.0  0.277122  0.461706  0.165141  0.172973  0.286061  0.704821  0.110439  0.155086  0.188541  0.404049  0.151328  0.244434  0.381602  0.140618  0.164065  0.146619  0.411275  0.143237  0.131013  0.305161  0.394788  0.500876  0.420640  0.269063  0.134671  0.114876  0.330357  0.111863  0.182587  0.226412  0.379864  0.095029  0.556095  0.127011  0.103478  0.303245  0.271235  0.109538  0.146577  0.276367  0.433552 
19  0.310939  0.285925  0.510233  0.301174  0.160438  0.294911  0.377342  0.318250  0.266338  0.263563  0.122591  0.338841  0.166182  0.295825  0.257993  0.490203  0.700427  0.446849  0.277122 0.0  0.439962  0.218842  0.209636  0.327508  0.727524  0.324363  0.372281  0.439383  0.387138  0.214645  0.410928  0.405064  0.257992  0.358147  0.233065  0.327145  0.241127  0.326441  0.098410  0.184132  0.458955  0.280602  0.219038  0.326762  0.278860  0.353612  0.300040  0.220167  0.236112  0.338761  0.313762  0.566426  0.299119  0.309188  0.361597  0.220404  0.305655  0.251762  0.311142  0.319188 
20  0.459195  0.333089  0.132749  0.430402  0.396026  0.385186  0.282244  0.430628  0.534710  0.286356  0.541455  0.261168  0.416618  0.457340  0.374773  0.137315  0.363422  0.171217  0.461706  0.439962 0.0  0.444551  0.479005  0.339314  0.306367  0.527347  0.503739  0.606883  0.261787  0.480687  0.378738  0.188504  0.595309  0.341118  0.442301  0.244215  0.530450  0.532130  0.500094  0.405918  0.159284  0.543181  0.437341  0.456388  0.452714  0.210876  0.491159  0.460080  0.372662  0.262538  0.550343  0.163657  0.457999  0.502780  0.254124  0.347104  0.474587  0.497051  0.341055  0.261023 
21  0.190566  0.293821  0.495029  0.180030  0.152508  0.197709  0.343677  0.214688  0.154640  0.289069  0.192696  0.307087  0.180279  0.159728  0.210428  0.444687  0.786185  0.409816  0.165141  0.218842  0.444551 0.0  0.139447  0.311283  0.800944  0.183972  0.202630  0.300842  0.385790  0.105326  0.254957  0.447602  0.127491  0.213221  0.129910  0.350281  0.108844  0.215900  0.252506  0.294483  0.405313  0.389322  0.218753  0.166875  0.175459  0.364487  0.183545  0.178767  0.208497  0.351481  0.164429  0.444370  0.152284  0.191620  0.378918  0.235248  0.158279  0.107311  0.284678  0.385307 
22  0.193688  0.193911  0.402502  0.161694  0.110309  0.162989  0.342730  0.209355  0.154264  0.260870  0.158866  0.309686  0.129715  0.184158  0.166854  0.401106  0.723975  0.425678  0.172973  0.209636  0.479005  0.139447 0.0  0.260982  0.773750  0.183519  0.248308  0.316645  0.291105  0.125574  0.250640  0.376374  0.168404  0.234947  0.118072  0.310485  0.151262  0.230374  0.198155  0.241082  0.415937  0.379401  0.175351  0.145712  0.198897  0.319284  0.228733  0.120595  0.152875  0.294801  0.197589  0.395114  0.168304  0.207788  0.337465  0.164395  0.180534  0.136493  0.221716  0.314903 
23  0.255225  0.111990  0.228697  0.211743  0.263706  0.154319  0.175922  0.169893  0.271219  0.173401  0.274680  0.121731  0.235069  0.284687  0.184942  0.277926  0.596741  0.211660  0.286061  0.327508  0.339314  0.311283  0.260982 0.0  0.455635  0.314054  0.318122  0.350831  0.209926  0.256918  0.207930  0.229657  0.325457  0.201984  0.235189  0.180618  0.260852  0.327517  0.345136  0.281177  0.247007  0.399680  0.177997  0.241095  0.320231  0.148058  0.329613  0.213715  0.190671  0.161977  0.273268  0.301569  0.211999  0.302923  0.198498  0.191755  0.300094  0.297591  0.095501  0.232339 
24  0.588787  0.532090  0.381979  0.647589  0.723344  0.589825  0.503560  0.566026  0.701061  0.486879  0.661712  0.548188  0.770495  0.799640  0.666697  0.315768  0.135213  0.369880  0.704821  0.727524  0.306367  0.800944  0.773750  0.455635 0.0  0.683603  0.705883  0.614931  0.422002  0.733003  0.580003  0.415735  0.672278  0.585802  0.729036  0.470627  0.745984  0.746555  0.742865  0.723118  0.363070  0.665135  0.616530  0.641176  0.717569  0.463922  0.818541  0.575665  0.610351  0.497866  0.758277  0.345424  0.759665  0.714428  0.417426  0.440450  0.694475  0.804839  0.550305  0.412956 
25  0.101488  0.250528  0.414190  0.137766  0.258640  0.216185  0.311550  0.168535  0.123196  0.291154  0.287916  0.309319  0.269584  0.119897  0.160513  0.433722  0.806784  0.409601  0.110439  0.324363  0.527347  0.183972  0.183519  0.314054  0.683603 0.0  0.139328  0.191864  0.373785  0.174513  0.199726  0.373497  0.170207  0.157115  0.168025  0.349455  0.152251  0.133244  0.310322  0.389399  0.338256  0.445612  0.275903  0.127196  0.124202  0.374816  0.115029  0.227530  0.257778  0.367425  0.115153  0.486478  0.121194  0.100320  0.371753  0.276305  0.134975  0.163370  0.274990  0.369693 
26  0.169094  0.310740  0.550482  0.197063  0.292351  0.265035  0.379829  0.223976  0.172531  0.370172  0.354425  0.398205  0.339454  0.158249  0.222280  0.563532  0.788168  0.392810  0.155086  0.372281  0.503739  0.202630  0.248308  0.318122  0.705883  0.139328 0.0  0.131204  0.415125  0.227657  0.224098  0.375674  0.184766  0.221630  0.214405  0.398339  0.192977  0.096800  0.381079  0.431023  0.457525  0.452602  0.304589  0.211258  0.121273  0.400802  0.111295  0.236784  0.300768  0.471550  0.136105  0.598351  0.199230  0.126967  0.449969  0.340633  0.158913  0.194447  0.287343  0.453179 
27  0.205039  0.308740  0.500424  0.255033  0.309147  0.318178  0.381443  0.251519  0.273145  0.462344  0.383602  0.451062  0.360229  0.188563  0.290614  0.546939  0.921702  0.484725  0.188541  0.439383  0.606883  0.300842  0.316645  0.350831  0.614931  0.191864  0.131204 0.0  0.515472  0.248951  0.318317  0.518367  0.215183  0.266806  0.259143  0.469406  0.237356  0.144839  0.401585  0.505256  0.492933  0.520586  0.421938  0.234534  0.167374  0.443548  0.157676  0.334137  0.299456  0.466333  0.183120  0.608862  0.225854  0.166619  0.537000  0.405471  0.193284  0.258927  0.342712  0.537202 
28  0.335721  0.244914  0.181468  0.311491  0.363070  0.240336  0.257357  0.281912  0.315639  0.170620  0.346740  0.163588  0.316950  0.398759  0.307775  0.191068  0.424587  0.136454  0.404049  0.387138  0.261787  0.385790  0.291105  0.209926  0.422002  0.373785  0.415125  0.515472 0.0  0.361637  0.327528  0.194186  0.386732  0.337343  0.352705  0.102466  0.382652  0.500270  0.386554  0.267608  0.197689  0.354827  0.235312  0.347072  0.354066  0.135009  0.454454  0.285385  0.251762  0.111744  0.404229  0.203365  0.377728  0.399557  0.103571  0.250323  0.455823  0.374494  0.204953  0.140962 
29  0.172032  0.260254  0.405675  0.160339  0.157276  0.191589  0.345519  0.208746  0.134427  0.313760  0.171948  0.323070  0.161548  0.142165  0.177601  0.451300  0.818903  0.424767  0.151328  0.214645  0.480687  0.105326  0.125574  0.256918  0.733003  0.174513  0.227657  0.248951  0.361637 0.0  0.208097  0.399782  0.130016  0.191119  0.112356  0.371195  0.108454  0.211955  0.233191  0.292265  0.454212  0.432010  0.216525  0.141691  0.177062  0.335358  0.177748  0.159090  0.205758  0.320685  0.162407  0.457469  0.138854  0.170663  0.385651  0.240718  0.147696  0.102809  0.256255  0.385909 
30  0.200173  0.178559  0.313428  0.165409  0.265141  0.178809  0.189570  0.147953  0.196032  0.287292  0.291783  0.245342  0.267104  0.216143  0.177328  0.362684  0.690265  0.309159  0.244434  0.410928  0.378738  0.254957  0.250640  0.207930  0.580003  0.199726  0.224098  0.318317  0.327528  0.208097 0.0  0.284920  0.248144  0.134320  0.232437  0.263424  0.245871  0.222268  0.436967  0.340322  0.274891  0.458173  0.241308  0.216306  0.258271  0.254441  0.203904  0.235121  0.248106  0.272726  0.211834  0.421528  0.197555  0.210763  0.343120  0.235398  0.255242  0.262067  0.199016  0.270262 
31  0.324202  0.252214  0.145741  0.337739  0.327055  0.295622  0.172050  0.301922  0.376371  0.251204  0.403920  0.175234  0.432943  0.416129  0.340205  0.215511  0.465824  0.159573  0.381602  0.405064  0.188504  0.447602  0.376374  0.229657  0.415735  0.373497  0.375674  0.518367  0.194186  0.399782  0.284920 0.0  0.464566  0.331449  0.364374  0.206949  0.420915  0.426437  0.564102  0.347280  0.113109  0.449283  0.323742  0.337249  0.417888  0.149593  0.395623  0.361073  0.326814  0.184319  0.423105  0.229049  0.383721  0.443141  0.222118  0.301846  0.392434  0.445426  0.218760  0.261809 
32  0.167491  0.313943  0.480463  0.173799  0.183498  0.236289  0.395421  0.224685  0.145520  0.284505  0.220480  0.381774  0.217171  0.136703  0.219378  0.479059  0.687445  0.449291  0.140618  0.257992  0.595309  0.127491  0.168404  0.325457  0.672278  0.170207  0.184766  0.215183  0.386732  0.130016  0.248144  0.464566 0.0  0.212197  0.151000  0.358818  0.105702  0.178090  0.295996  0.375939  0.490083  0.417402  0.237298  0.171391  0.150548  0.400850  0.159866  0.206957  0.242963  0.425027  0.146867  0.570737  0.178825  0.155792  0.348738  0.265459  0.126814  0.116934  0.261587  0.409423 
33  0.149081  0.166403  0.351615  0.131401  0.229782  0.158308  0.231997  0.112927  0.169304  0.239861  0.275643  0.265375  0.269301  0.178320  0.132108  0.392458  0.767632  0.357955  0.164065  0.358147  0.341118  0.213221  0.234947  0.201984  0.585802  0.157115  0.221630  0.266806  0.337343  0.191119  0.134320  0.331449  0.212197 0.0  0.178628  0.302694  0.215398  0.196726  0.373051  0.362505  0.306134  0.430866  0.270707  0.148776  0.181763  0.261953  0.183831  0.236794  0.205915  0.302219  0.192252  0.450715  0.144841  0.183083  0.327179  0.215928  0.206322  0.210443  0.198774  0.346029 
34  0.156158  0.222090  0.471987  0.131581  0.154834  0.177052  0.339215  0.158040  0.114369  0.291339  0.176546  0.271068  0.177889  0.133411  0.144122  0.406659  0.778938  0.349943  0.146619  0.233065  0.442301  0.129910  0.118072  0.235189  0.729036  0.168025  0.214405  0.259143  0.352705  0.112356  0.232437  0.364374  0.151000  0.178628 0.0  0.344213  0.131179  0.222258  0.259617  0.321082  0.413990  0.383203  0.204809  0.118468  0.178727  0.298721  0.183879  0.158259  0.186639  0.325959  0.159551  0.456406  0.124062  0.172217  0.344179  0.216010  0.163510  0.119569  0.233690  0.352408 
35  0.343898  0.207218  0.167461  0.312759  0.319730  0.217505  0.269409  0.248085  0.328057  0.132210  0.330195  0.156692  0.312049  0.366988  0.282285  0.216246  0.508466  0.156241  0.411275  0.327145  0.244215  0.350281  0.310485  0.180618  0.470627  0.349455  0.398339  0.469406  0.102466  0.371195  0.263424  0.206949  0.358818  0.302694  0.344213 0.0  0.369508  0.367096  0.393149  0.246171  0.228193  0.359951  0.203859  0.317774  0.453881  0.146243  0.462916  0.267127  0.230825  0.104720  0.330306  0.223333  0.328230  0.419799  0.103449  0.214261  0.382708  0.387907  0.207622  0.126359 
36  0.165273  0.259436  0.448633  0.171202  0.174996  0.218183  0.365406  0.188054  0.135210  0.330744  0.214896  0.372665  0.196681  0.131298  0.193511  0.484843  0.670013  0.419875  0.143237  0.241127  0.530450  0.108844  0.151262  0.260852  0.745984  0.152251  0.192977  0.237356  0.382652  0.108454  0.245871  0.420915  0.105702  0.215398  0.131179  0.369508 0.0  0.175801  0.237110  0.317406  0.394134  0.390896  0.233291  0.148370  0.158245  0.379291  0.160995  0.194494  0.226990  0.355636  0.142003  0.534057  0.153736  0.160318  0.338580  0.256306  0.136001  0.099802  0.273625  0.351217 
37  0.149321  0.297617  0.503996  0.210342  0.294227  0.234062  0.335244  0.226601  0.153673  0.381269  0.353353  0.358571  0.304007  0.153073  0.215873  0.541755  0.727470  0.438198  0.131013  0.326441  0.532130  0.215900  0.230374  0.327517  0.746555  0.133244  0.096800  0.144839  0.500270  0.211955  0.222268  0.426437  0.178090  0.196726  0.222258  0.367096  0.175801 0.0  0.387067  0.405510  0.453880  0.538064  0.368658  0.168177  0.107657  0.344625  0.106287  0.230555  0.266047  0.424578  0.126932  0.594863  0.187780  0.112892  0.433537  0.257245  0.135865  0.161505  0.322914  0.434853 
38  0.311077  0.361928  0.489514  0.286368  0.186410  0.306627  0.404691  0.358096  0.248569  0.308843  0.141256  0.307169  0.153269  0.327006  0.296041  0.540018  0.824222  0.442728  0.305161  0.098410  0.500094  0.252506  0.198155  0.345136  0.742865  0.310322  0.381079  0.401585  0.386554  0.233191  0.436967  0.564102  0.295996  0.373051  0.259617  0.393149  0.237110  0.387067 0.0  0.212362  0.485176  0.259562  0.239827  0.287842  0.300873  0.365114  0.318231  0.236382  0.238457  0.397494  0.316935  0.527046  0.287745  0.340018  0.348524  0.238954  0.320612  0.231570  0.346832  0.325344 
39  0.353583  0.274706  0.428843  0.335232  0.235655  0.262810  0.393425  0.341164  0.323109  0.218900  0.212306  0.259432  0.227512  0.338429  0.298557  0.382246  0.651192  0.293404  0.394788  0.184132  0.405918  0.294483  0.241082  0.281177  0.723118  0.389399  0.431023  0.505256  0.267608  0.292265  0.340322  0.347280  0.375939  0.362505  0.321082  0.246171  0.317406  0.405510  0.212362 0.0  0.405317  0.184023  0.181266  0.310122  0.475516  0.337009  0.391148  0.238536  0.222734  0.267251  0.423647  0.304362  0.340419  0.334479  0.238157  0.198503  0.401158  0.316163  0.270831  0.217284 
40  0.355556  0.271026  0.130478  0.421066  0.456322  0.318771  0.183719  0.323457  0.399333  0.271665  0.464263  0.191418  0.416746  0.418209  0.344527  0.183717  0.429921  0.163344  0.500876  0.458955  0.159284  0.405313  0.415937  0.247007  0.363070  0.338256  0.457525  0.492933  0.197689  0.454212  0.274891  0.113109  0.490083  0.306134  0.413990  0.228193  0.394134  0.453880  0.485176  0.405317 0.0  0.513854  0.338653  0.417439  0.485934  0.158801  0.436990  0.364587  0.326141  0.192743  0.444874  0.234036  0.357947  0.444911  0.204016  0.330121  0.420363  0.408418  0.269147  0.270136 
41  0.414967  0.351141  0.461391  0.414260  0.278229  0.386510  0.509823  0.449217  0.456711  0.304668  0.323080  0.348693  0.269929  0.428625  0.418552  0.455632  0.718823  0.368218  0.420640  0.280602  0.543181  0.389322  0.379401  0.399680  0.665135  0.445612  0.452602  0.520586  0.354827  0.432010  0.458173  0.449283  0.417402  0.430866  0.383203  0.359951  0.390896  0.538064  0.259562  0.184023  0.513854 0.0  0.302042  0.367886  0.492816  0.409631  0.458277  0.335203  0.283006  0.339545  0.460924  0.431785  0.412333  0.480759  0.314040  0.270482  0.458879  0.410636  0.336250  0.290300 
42  0.214120  0.173006  0.292013  0.221984  0.200287  0.167131  0.289069  0.230858  0.257078  0.158660  0.197134  0.236276  0.164771  0.225415  0.192344  0.352164  0.652433  0.278381  0.269063  0.219038  0.437341  0.218753  0.175351  0.177997  0.616530  0.275903  0.304589  0.421938  0.235312  0.216525  0.241308  0.323742  0.237298  0.270707  0.204809  0.203859  0.233291  0.368658  0.239827  0.181266  0.338653  0.302042 0.0  0.234147  0.268161  0.243295  0.273252  0.153332  0.113690  0.222442  0.253520  0.343946  0.223713  0.309763  0.214227  0.088301  0.282444  0.233658  0.181402  0.217813 
43  0.123716  0.214070  0.362987  0.097003  0.194723  0.180739  0.261526  0.144428  0.102937  0.294470  0.227235  0.258327  0.203951  0.127237  0.136121  0.450246  0.691470  0.333447  0.134671  0.326762  0.456388  0.166875  0.145712  0.241095  0.641176  0.127196  0.211258  0.234534  0.347072  0.141691  0.216306  0.337249  0.171391  0.148776  0.118468  0.317774  0.148370  0.168177  0.287842  0.310122  0.417439  0.367886  0.234147 0.0  0.176552  0.309643  0.144592  0.165425  0.190243  0.294481  0.143502  0.477670  0.094552  0.140680  0.334995  0.204914  0.152587  0.135794  0.218699  0.308784 
44  0.142571  0.307722  0.394494  0.183940  0.250724  0.271001  0.322734  0.225904  0.152188  0.360599  0.288910  0.355947  0.306630  0.126325  0.228023  0.485508  1.000000  0.423970  0.114876  0.278860  0.452714  0.175459  0.198897  0.320231  0.717569  0.124202  0.121273  0.167374  0.354066  0.177062  0.258271  0.417888  0.150548  0.181763  0.178727  0.453881  0.158245  0.107657  0.300873  0.475516  0.485934  0.492816  0.268161  0.176552 0.0  0.413658  0.103165  0.244191  0.289902  0.437379  0.110117  0.489893  0.169694  0.111020  0.474906  0.309532  0.108287  0.151319  0.289754  0.428487 
45  0.312510  0.170279  0.180213  0.318654  0.330219  0.250210  0.207431  0.268883  0.320027  0.198695  0.393869  0.111150  0.298222  0.358944  0.247390  0.210934  0.502263  0.151606  0.330357  0.353612  0.210876  0.364487  0.319284  0.148058  0.463922  0.374816  0.400802  0.443548  0.135009  0.335358  0.254441  0.149593  0.400850  0.261953  0.298721  0.146243  0.379291  0.344625  0.365114  0.337009  0.158801  0.409631  0.243295  0.309643  0.413658 0.0  0.363112  0.281821  0.248267  0.128427  0.366368  0.230640  0.301098  0.319624  0.156732  0.247846  0.337269  0.403104  0.175232  0.207150 
46  0.127005  0.293027  0.485788  0.167767  0.238951  0.236233  0.342832  0.193265  0.139750  0.301191  0.265355  0.297698  0.253581  0.127159  0.219067  0.472516  0.809048  0.414069  0.111863  0.300040  0.491159  0.183545  0.228733  0.329613  0.818541  0.115029  0.111295  0.157676  0.454454  0.177748  0.203904  0.395623  0.159866  0.183831  0.183879  0.462916  0.160995  0.106287  0.318231  0.391148  0.436990  0.458277  0.273252  0.144592  0.103165  0.363112 0.0  0.223466  0.238917  0.425919  0.106150  0.563831  0.154879  0.100837  0.470239  0.291643  0.120547  0.168866  0.302037  0.425403 
47  0.196696  0.202951  0.404300  0.176917  0.140085  0.149658  0.311527  0.176501  0.184433  0.229351  0.172434  0.207919  0.134897  0.203716  0.152467  0.403973  0.739439  0.333021  0.182587  0.220167  0.460080  0.178767  0.120595  0.213715  0.575665  0.227530  0.236784  0.334137  0.285385  0.159090  0.235121  0.361073  0.206957  0.236794  0.158259  0.267127  0.194494  0.230555  0.236382  0.238536  0.364587  0.335203  0.153332  0.165425  0.244191  0.281821  0.223466 0.0  0.121578  0.279544  0.223535  0.375710  0.187428  0.235097  0.304234  0.138518  0.210665  0.189843  0.188305  0.265623 
48  0.254691  0.194365  0.354232  0.188740  0.172664  0.159949  0.310809  0.199509  0.187105  0.190134  0.177160  0.180381  0.150439  0.239312  0.180343  0.372609  0.705561  0.295693  0.226412  0.236112  0.372662  0.208497  0.152875  0.190671  0.610351  0.257778  0.300768  0.299456  0.251762  0.205758  0.248106  0.326814  0.242963  0.205915  0.186639  0.230825  0.226990  0.266047  0.238457  0.222734  0.326141  0.283006  0.113690  0.190243  0.289902  0.248267  0.238917  0.121578 0.0  0.214573  0.252318  0.370682  0.184962  0.259196  0.249761  0.105469  0.261628  0.211153  0.174715  0.237225 
49  0.331285  0.184878  0.189862  0.327656  0.307164  0.220666  0.235708  0.306636  0.322784  0.136258  0.334095  0.136183  0.320839  0.345545  0.290289  0.199758  0.529233  0.155369  0.379864  0.338761  0.262538  0.351481  0.294801  0.161977  0.497866  0.367425  0.471550  0.466333  0.111744  0.320685  0.272726  0.184319  0.425027  0.302219  0.325959  0.104720  0.355636  0.424578  0.397494  0.267251  0.192743  0.339545  0.222442  0.294481  0.437379  0.128427  0.425919  0.279544  0.214573 0.0  0.354610  0.238456  0.291951  0.363641  0.116632  0.212199  0.389785  0.326926  0.166474  0.135965 
50  0.120721  0.272592  0.466863  0.150414  0.241642  0.206553  0.331005  0.195190  0.121746  0.373055  0.265260  0.348453  0.225991  0.111230  0.193288  0.416767  0.688060  0.431257  0.095029  0.313762  0.550343  0.164429  0.197589  0.273268  0.758277  0.115153  0.136105  0.183120  0.404229  0.162407  0.211834  0.423105  0.146867  0.192252  0.159551  0.330306  0.142003  0.126932  0.316935  0.423647  0.444874  0.460924  0.253520  0.143502  0.110117  0.366368  0.106150  0.223535  0.252318  0.354610 0.0  0.570279  0.132498  0.103597  0.382039  0.284459  0.099690  0.148812  0.325785  0.445752 
51  0.431017  0.299787  0.163860  0.467307  0.402565  0.359683  0.333515  0.385131  0.500445  0.225726  0.461552  0.243806  0.449444  0.621719  0.393862  0.118774  0.363191  0.153902  0.556095  0.566426  0.163657  0.444370  0.395114  0.301569  0.345424  0.486478  0.598351  0.608862  0.203365  0.457469  0.421528  0.229049  0.570737  0.450715  0.456406  0.223333  0.534057  0.594863  0.527046  0.304362  0.234036  0.431785  0.343946  0.477670  0.489893  0.230640  0.563831  0.375710  0.370682  0.238456  0.570279 0.0  0.410243  0.499662  0.176321  0.296437  0.528026  0.476747  0.276761  0.225922 
52  0.111079  0.197771  0.383591  0.103993  0.202369  0.167563  0.317857  0.146307  0.101042  0.296840  0.248397  0.296894  0.216277  0.119532  0.139161  0.393140  0.790828  0.400279  0.127011  0.299119  0.457999  0.152284  0.168304  0.211999  0.759665  0.121194  0.199230  0.225854  0.377728  0.138854  0.197555  0.383721  0.178825  0.144841  0.124062  0.328230  0.153736  0.187780  0.287745  0.340419  0.357947  0.412333  0.223713  0.094552  0.169694  0.301098  0.154879  0.187428  0.184962  0.291951  0.132498  0.410243 0.0  0.134528  0.340664  0.234133  0.134982  0.147682  0.244695  0.359051 
53  0.114664  0.261888  0.491744  0.160207  0.205620  0.204518  0.335328  0.172407  0.135814  0.305394  0.265483  0.336177  0.252160  0.115911  0.191251  0.476410  0.863165  0.440273  0.103478  0.309188  0.502780  0.191620  0.207788  0.302923  0.714428  0.100320  0.126967  0.166619  0.399557  0.170663  0.210763  0.443141  0.155792  0.183083  0.172217  0.419799  0.160318  0.112892  0.340018  0.334479  0.444911  0.480759  0.309763  0.140680  0.111020  0.319624  0.100837  0.235097  0.259196  0.363641  0.103597  0.499662  0.134528 0.0  0.439401  0.306424  0.119931  0.169837  0.286976  0.438976 
54  0.344659  0.262507  0.204062  0.341260  0.311238  0.238796  0.247797  0.318606  0.364610  0.146133  0.311613  0.171436  0.323572  0.312572  0.310769  0.196728  0.503443  0.167000  0.303245  0.361597  0.254124  0.378918  0.337465  0.198498  0.417426  0.371753  0.449969  0.537000  0.103571  0.385651  0.343120  0.222118  0.348738  0.327179  0.344179  0.103449  0.338580  0.433537  0.348524  0.238157  0.204016  0.314040  0.214227  0.334995  0.474906  0.156732  0.470239  0.304234  0.249761  0.116632  0.382039  0.176321  0.340664  0.439401 0.0  0.231075  0.410287  0.341619  0.209799  0.114083 
55  0.226590  0.186945  0.332394  0.221090  0.181343  0.161176  0.299219  0.216697  0.261242  0.172913  0.193163  0.211209  0.155124  0.279225  0.186299  0.356927  0.710074  0.292474  0.271235  0.220404  0.347104  0.235248  0.164395  0.191755  0.440450  0.276305  0.340633  0.405471  0.250323  0.240718  0.235398  0.301846  0.265459  0.215928  0.216010  0.214261  0.256306  0.257245  0.238954  0.198503  0.330121  0.270482  0.088301  0.204914  0.309532  0.247846  0.291643  0.138518  0.105469  0.212199  0.284459  0.296437  0.234133  0.306424  0.231075 0.0  0.277178  0.241205  0.182900  0.237011 
56  0.129096  0.282189  0.505821  0.151880  0.226070  0.222171  0.327611  0.216085  0.133659  0.356395  0.244300  0.348081  0.231089  0.111856  0.180483  0.521069  0.891190  0.414586  0.109538  0.305655  0.474587  0.158279  0.180534  0.300094  0.694475  0.134975  0.158913  0.193284  0.455823  0.147696  0.255242  0.392434  0.126814  0.206322  0.163510  0.382708  0.136001  0.135865  0.320612  0.401158  0.420363  0.458879  0.282444  0.152587  0.108287  0.337269  0.120547  0.210665  0.261628  0.389785  0.099690  0.528026  0.134982  0.119931  0.410287  0.277178 0.0  0.134979  0.298173  0.472256 
57  0.158877  0.253274  0.359509  0.141289  0.183740  0.198882  0.319809  0.167448  0.124983  0.293242  0.193793  0.304655  0.193345  0.124590  0.190657  0.475208  0.828932  0.413188  0.146577  0.251762  0.497051  0.107311  0.136493  0.297591  0.804839  0.163370  0.194447  0.258927  0.374494  0.102809  0.262067  0.445426  0.116934  0.210443  0.119569  0.387907  0.099802  0.161505  0.231570  0.316163  0.408418  0.410636  0.233658  0.135794  0.151319  0.403104  0.168866  0.189843  0.211153  0.326926  0.148812  0.476747  0.147682  0.169837  0.341619  0.241205  0.134979 0.0  0.281037  0.352558 
58  0.259204  0.101546  0.284514  0.215842  0.278949  0.151210  0.191883  0.187292  0.244025  0.172903  0.269990  0.139525  0.246434  0.274858  0.187538  0.255052  0.611434  0.215305  0.276367  0.311142  0.341055  0.284678  0.221716  0.095501  0.550305  0.274990  0.287343  0.342712  0.204953  0.256255  0.199016  0.218760  0.261587  0.198774  0.233690  0.207622  0.273625  0.322914  0.346832  0.270831  0.269147  0.336250  0.181402  0.218699  0.289754  0.175232  0.302037  0.188305  0.174715  0.166474  0.325785  0.276761  0.244695  0.286976  0.209799  0.182900  0.298173  0.281037 0.0  0.218216 
59  0.373178  0.265777  0.240058  0.356435  0.324118  0.269112  0.312244  0.279339  0.372931  0.145156  0.351276  0.218036  0.290275  0.380132  0.309597  0.225386  0.443003  0.202636  0.433552  0.319188  0.261023  0.385307  0.314903  0.232339  0.412956  0.369693  0.453179  0.537202  0.140962  0.385909  0.270262  0.261809  0.409423  0.346029  0.352408  0.126359  0.351217  0.434853  0.325344  0.217284  0.270136  0.290300  0.217813  0.308784  0.428487  0.207150  0.425403  0.265623  0.237225  0.135965  0.445752  0.225922  0.359051  0.438976  0.114083  0.237011  0.472256  0.352558  0.218216 0.0 
