31
0 0.0  0.909820  0.536014  0.961486  0.881931  0.665801  0.850380  0.611306  0.549592  0.343304  0.836743  0.673932  0.747645  0.517256  0.901534  0.694104  0.675441  0.386694  0.331166  0.866897  0.440384  0.818084  0.837755  0.623091  0.825654  0.874441  0.375087  0.814790  0.770010  1.000000  0.455554 
1  0.909820 0.0  0.774898  0.368024  0.534118  0.720298  0.823666  0.713187  0.797256  0.660724  0.580348  0.782995  0.763187  0.822009  0.946645  0.766117  0.835999  0.764533  0.804382  0.791109  0.760366  0.569535  0.619466  0.761646  0.636883  0.812947  0.740155  0.738082  0.875110  0.537247  0.799173 
2  0.536014  0.774898 0.0  0.762042  0.798524  0.567360  0.752799  0.388025  0.426125  0.302072  0.463330  0.739431  0.770692  0.347440  0.674321  0.772823  0.442795  0.471580  0.447008  0.786017  0.336585  0.567658  0.653210  0.549820  0.665481  0.751314  0.376930  0.690429  0.792728  0.742932  0.439208 
3  0.961486  0.368024  0.762042 0.0  0.225519  0.701867  0.869899  0.727153  0.737475  0.755490  0.627781  0.883717  0.815954  0.728428  0.796998  0.793590  0.724890  0.757930  0.726178  0.894775  0.845177  0.600195  0.714977  0.678037  0.680321  0.663683  0.812138  0.794352  0.773434  0.461300  0.827252 
4  0.881931  0.534118  0.798524  0.225519 0.0  0.725327  0.834986  0.791375  0.840660  0.746708  0.697697  0.854858  0.788545  0.735180  0.908353  0.773195  0.820276  0.852654  0.850656  0.762166  0.712576  0.669831  0.688041  0.677212  0.659761  0.746019  0.712454  0.674516  0.920265  0.345554  0.585188 
5  0.665801  0.720298  0.567360  0.701867  0.725327 0.0  0.898072  0.349436  0.377769  0.528415  0.553171  0.896003  0.777227  0.534882  0.925231  0.733016  0.464539  0.551929  0.396090  0.714185  0.636920  0.610233  0.649018  0.434514  0.678914  0.753042  0.526887  0.897201  0.821845  0.851802  0.668343 
6  0.850380  0.823666  0.752799  0.869899  0.834986  0.898072 0.0  0.671302  0.842012  0.795724  0.866634  0.368469  0.761148  0.786407  0.259120  0.659115  0.771422  0.697233  0.713315  0.833557  0.764901  0.744546  0.939155  0.910920  0.795304  0.871239  0.799328  0.684286  0.232230  0.803086  0.718852 
7  0.611306  0.713187  0.388025  0.727153  0.791375  0.349436  0.671302 0.0  0.482495  0.429649  0.464772  0.664076  0.689495  0.249765  0.757428  0.778016  0.392906  0.508385  0.442733  0.626832  0.458730  0.552622  0.738838  0.449689  0.733660  0.685167  0.310221  0.760626  0.870818  0.639986  0.340842 
8  0.549592  0.797256  0.426125  0.737475  0.840660  0.377769  0.842012  0.482495 0.0  0.558713  0.635467  0.799210  0.690320  0.431323  0.891594  0.805565  0.383344  0.493509  0.468266  0.704656  0.412618  0.661676  0.791249  0.562670  0.747701  0.718691  0.436558  0.846152  0.742038  0.714204  0.558831 
9  0.343304  0.660724  0.302072  0.755490  0.746708  0.528415  0.795724  0.429649  0.558713 0.0  0.625678  0.731699  0.782269  0.374377  0.791544  0.750771  0.536640  0.257017  0.331035  0.671419  0.434461  0.612063  0.773763  0.452549  0.802477  0.767180  0.298958  0.773469  0.812739  0.879686  0.376046 
10  0.836743  0.580348  0.463330  0.627781  0.697697  0.553171  0.866634  0.464772  0.635467  0.625678 0.0  0.825471  0.613444  0.501495  0.832590  0.804226  0.498959  0.564402  0.585541  0.579948  0.514475  0.599237  0.544320  0.379954  0.693390  0.693362  0.608102  0.777906  0.744019  0.843750  0.468116 
11  0.673932  0.782995  0.739431  0.883717  0.854858  0.896003  0.368469  0.664076  0.799210  0.731699  0.825471 0.0  0.843422  0.822452  0.427967  0.583578  0.776986  0.801313  0.706229  0.871260  0.814905  0.754344  0.828959  0.908216  0.818893  0.827416  0.808961  0.753769  0.444260  0.911938  0.910532 
12  0.747645  0.763187  0.770692  0.815954  0.788545  0.777227  0.761148  0.689495  0.690320  0.782269  0.613444  0.843422 0.0  0.733581  0.717398  0.621528  0.751016  0.922924  0.802971  0.838992  0.742023  0.907496  0.539101  0.834772  0.740554  0.812575  0.741579  0.488699  0.600067  0.809460  0.780063 
13  0.517256  0.822009  0.347440  0.728428  0.735180  0.534882  0.786407  0.249765  0.431323  0.374377  0.501495  0.822452  0.733581 0.0  0.910603  0.789677  0.406089  0.489113  0.384523  0.683815  0.411755  0.696062  0.763567  0.561905  0.759086  0.738061  0.394327  0.778959  0.861092  0.856366  0.436656 
14  0.901534  0.946645  0.674321  0.796998  0.908353  0.925231  0.259120  0.757428  0.891594  0.791544  0.832590  0.427967  0.717398  0.910603 0.0  0.574038  0.912012  0.746801  0.818402  0.857272  0.807369  0.727877  0.892512  0.897260  0.859918  0.941497  0.785893  0.689743  0.281530  0.751943  0.765704 
15  0.694104  0.766117  0.772823  0.793590  0.773195  0.733016  0.659115  0.778016  0.805565  0.750771  0.804226  0.583578  0.621528  0.789677  0.574038 0.0  0.751049  0.851868  0.841633  0.793185  0.851445  0.768520  0.643987  0.758225  0.644187  0.914143  0.762559  0.606388  0.665051  0.730280  0.840315 
16  0.675441  0.835999  0.442795  0.724890  0.820276  0.464539  0.771422  0.392906  0.383344  0.536640  0.498959  0.776986  0.751016  0.406089  0.912012  0.751049 0.0  0.540947  0.558995  0.730722  0.496539  0.732531  0.772318  0.489331  0.752966  0.695938  0.509867  0.859235  0.865005  0.688404  0.437647 
17  0.386694  0.764533  0.471580  0.757930  0.852654  0.551929  0.697233  0.508385  0.493509  0.257017  0.564402  0.801313  0.922924  0.489113  0.746801  0.851868  0.540947 0.0  0.363196  0.743291  0.393355  0.610802  0.606130  0.365747  0.691414  0.938281  0.331257  0.764538  0.887030  0.776084  0.373693 
18  0.331166  0.804382  0.447008  0.726178  0.850656  0.396090  0.713315  0.442733  0.468266  0.331035  0.585541  0.706229  0.802971  0.384523  0.818402  0.841633  0.558995  0.363196 0.0  0.705288  0.331975  0.573325  0.722017  0.473792  0.772268  0.831574  0.365915  0.712105  0.882705  0.808907  0.486262 
19  0.866897  0.791109  0.786017  0.894775  0.762166  0.714185  0.833557  0.626832  0.704656  0.671419  0.579948  0.871260  0.838992  0.683815  0.857272  0.793185  0.730722  0.743291  0.705288 0.0  0.671182  0.630723  0.687572  0.743133  0.421145  0.432471  0.765200  0.800038  0.867510  0.747566  0.784005 
20  0.440384  0.760366  0.336585  0.845177  0.712576  0.636920  0.764901  0.458730  0.412618  0.434461  0.514475  0.814905  0.742023  0.411755  0.807369  0.851445  0.496539  0.393355  0.331975  0.671182 0.0  0.573301  0.754193  0.419456  0.664390  0.679754  0.400578  0.780681  0.825849  0.703874  0.479660 
21  0.818084  0.569535  0.567658  0.600195  0.669831  0.610233  0.744546  0.552622  0.661676  0.612063  0.599237  0.754344  0.907496  0.696062  0.727877  0.768520  0.732531  0.610802  0.573325  0.630723  0.573301 0.0  0.675325  0.623926  0.694302  0.695313  0.563444  0.823437  0.703860  0.664750  0.701540 
22  0.837755  0.619466  0.653210  0.714977  0.688041  0.649018  0.939155  0.738838  0.791249  0.773763  0.544320  0.828959  0.539101  0.763567  0.892512  0.643987  0.772318  0.606130  0.722017  0.687572  0.754193  0.675325 0.0  0.511615  0.812041  0.661471  0.808336  0.651841  0.999464  0.761792  0.782739 
23  0.623091  0.761646  0.549820  0.678037  0.677212  0.434514  0.910920  0.449689  0.562670  0.452549  0.379954  0.908216  0.834772  0.561905  0.897260  0.758225  0.489331  0.365747  0.473792  0.743133  0.419456  0.623926  0.511615 0.0  0.660166  0.625896  0.404657  0.788342  0.841867  0.731736  0.606778 
24  0.825654  0.636883  0.665481  0.680321  0.659761  0.678914  0.795304  0.733660  0.747701  0.802477  0.693390  0.818893  0.740554  0.759086  0.859918  0.644187  0.752966  0.691414  0.772268  0.421145  0.664390  0.694302  0.812041  0.660166 0.0  0.278650  0.767309  0.844472  0.778585  0.678094  0.675671 
25  0.874441  0.812947  0.751314  0.663683  0.746019  0.753042  0.871239  0.685167  0.718691  0.767180  0.693362  0.827416  0.812575  0.738061  0.941497  0.914143  0.695938  0.938281  0.831574  0.432471  0.679754  0.695313  0.661471  0.625896  0.278650 0.0  0.773629  0.852640  0.935119  0.781043  0.920815 
26  0.375087  0.740155  0.376930  0.812138  0.712454  0.526887  0.799328  0.310221  0.436558  0.298958  0.608102  0.808961  0.741579  0.394327  0.785893  0.762559  0.509867  0.331257  0.365915  0.765200  0.400578  0.563444  0.808336  0.404657  0.767309  0.773629 0.0  0.781955  0.812761  0.692239  0.526957 
27  0.814790  0.738082  0.690429  0.794352  0.674516  0.897201  0.684286  0.760626  0.846152  0.773469  0.777906  0.753769  0.488699  0.778959  0.689743  0.606388  0.859235  0.764538  0.712105  0.800038  0.780681  0.823437  0.651841  0.788342  0.844472  0.852640  0.781955 0.0  0.608113  0.751217  0.742082 
28  0.770010  0.875110  0.792728  0.773434  0.920265  0.821845  0.232230  0.870818  0.742038  0.812739  0.744019  0.444260  0.600067  0.861092  0.281530  0.665051  0.865005  0.887030  0.882705  0.867510  0.825849  0.703860  0.999464  0.841867  0.778585  0.935119  0.812761  0.608113 0.0  0.762524  0.901214 
29  1.000000  0.537247  0.742932  0.461300  0.345554  0.851802  0.803086  0.639986  0.714204  0.879686  0.843750  0.911938  0.809460  0.856366  0.751943  0.730280  0.688404  0.776084  0.808907  0.747566  0.703874  0.664750  0.761792  0.731736  0.678094  0.781043  0.692239  0.751217  0.762524 0.0  0.586929 
30  0.455554  0.799173  0.439208  0.827252  0.585188  0.668343  0.718852  0.340842  0.558831  0.376046  0.468116  0.910532  0.780063  0.436656  0.765704  0.840315  0.437647  0.373693  0.486262  0.784005  0.479660  0.701540  0.782739  0.606778  0.675671  0.920815  0.526957  0.742082  0.901214  0.586929 0.0 
