31
0 0.0  0.889067  0.511358  0.796336  0.867044  0.401981  0.848363  0.667056  0.732833  0.791056  0.861722  0.822272  0.937444  0.767552  0.577832  0.588912  0.678579  0.786882  0.803004  0.581345  0.800644  0.733352  0.554514  0.840252  0.837683  0.848232  0.808353  0.677274  0.806987  0.747137  0.769113 
1  0.889067 0.0  0.730048  0.488461  0.751763  0.835739  0.882450  0.623849  0.583997  0.861538  0.376469  0.314262  0.517455  0.624828  0.845774  0.468924  0.663822  0.494657  0.257511  0.833356  0.518157  0.726140  0.734900  0.351795  0.499356  0.303598  0.591318  0.625758  0.734016  0.829756  0.825947 
2  0.511358  0.730048 0.0  0.607800  0.796884  0.562292  0.702549  0.471097  0.776505  0.669504  0.717052  0.745146  0.923719  0.723956  0.458016  0.929077  0.515943  0.684069  0.636561  0.775177  0.764649  0.818726  0.397705  0.803553  0.851336  0.796194  0.814822  0.497278  0.730806  0.652652  0.745413 
3  0.796336  0.488461  0.607800 0.0  0.812601  0.703488  0.765881  0.605364  0.471974  0.921891  0.499970  0.552270  0.646055  0.800182  0.643394  0.859120  0.649118  0.463244  0.484743  0.781240  0.664332  0.831622  0.622329  0.373989  0.414367  0.486211  0.407123  0.654266  0.799530  0.729082  0.795595 
4  0.867044  0.751763  0.796884  0.812601 0.0  0.796393  0.710534  0.729560  0.769256  0.749854  0.875483  0.756119  0.944543  0.726803  0.749129  0.831709  0.652831  0.788343  0.737968  0.657472  0.769233  0.863647  0.681855  0.671375  0.645538  0.669662  0.757528  0.508972  0.313252  0.392911  0.770551 
5  0.401981  0.835739  0.562292  0.703488  0.796393 0.0  0.861264  0.686731  0.718243  0.719761  0.876425  0.876251  0.856053  0.873383  0.619503  0.648192  0.697737  0.841203  0.833651  0.644325  0.845783  0.806494  0.486513  0.717176  0.981112  0.826048  0.830540  0.681484  0.766047  0.914985  0.766451 
6  0.848363  0.882450  0.702549  0.765881  0.710534  0.861264 0.0  0.769651  0.777995  0.735247  0.796536  0.728558  0.894906  0.424324  0.741100  0.781054  0.712775  0.791169  0.751303  0.834853  0.757130  0.770407  0.833737  0.683702  0.670664  0.639002  0.793475  0.573350  0.746805  0.835493  0.387484 
7  0.667056  0.623849  0.471097  0.605364  0.729560  0.686731  0.769651 0.0  0.737018  0.749185  0.587550  0.575291  0.753314  0.711238  0.437850  0.883333  0.231614  0.663643  0.612973  0.722813  0.642622  0.681642  0.545016  0.771517  0.599425  0.552516  0.747165  0.628865  0.657882  0.716838  0.649106 
8  0.732833  0.583997  0.776505  0.471974  0.769256  0.718243  0.777995  0.737018 0.0  0.868299  0.510099  0.646951  0.562026  0.829883  0.691079  0.424480  0.697712  0.537120  0.644272  0.841372  0.392298  0.751758  0.813376  0.460747  0.455956  0.571671  0.453481  0.578107  0.718043  0.669840  0.729369 
9  0.791056  0.861538  0.669504  0.921891  0.749854  0.719761  0.735247  0.749185  0.868299 0.0  0.854517  0.850042  0.900690  0.859949  0.861418  0.687019  0.648902  0.769411  1.000000  0.290909  0.991017  0.753709  0.757256  0.875460  0.936287  0.867073  0.838790  0.699804  0.667431  0.872482  0.911695 
10  0.861722  0.376469  0.717052  0.499970  0.875483  0.876425  0.796536  0.587550  0.510099  0.854517 0.0  0.344094  0.354546  0.716686  0.755426  0.796462  0.534711  0.439564  0.352796  0.805598  0.427417  0.772274  0.662562  0.227389  0.476224  0.414940  0.563689  0.737154  0.920169  0.702455  0.850813 
11  0.822272  0.314262  0.745146  0.552270  0.756119  0.876251  0.728558  0.575291  0.646951  0.850042  0.344094 0.0  0.557870  0.707906  0.732523  0.629656  0.688659  0.510626  0.314601  0.852011  0.522817  0.792740  0.711642  0.383906  0.490085  0.364928  0.620591  0.687973  0.678340  0.827221  0.673544 
12  0.937444  0.517455  0.923719  0.646055  0.944543  0.856053  0.894906  0.753314  0.562026  0.900690  0.354546  0.557870 0.0  0.749343  0.879501  0.695565  0.766386  0.384214  0.570535  0.844939  0.641033  0.621170  0.830222  0.441897  0.657111  0.589805  0.505101  0.805939  0.928367  0.950577  0.929693 
13  0.767552  0.624828  0.723956  0.800182  0.726803  0.873383  0.424324  0.711238  0.829883  0.859949  0.716686  0.707906  0.749343 0.0  0.653434  0.654854  0.731587  0.737494  0.652217  0.949648  0.746353  0.822224  0.656240  0.766512  0.613590  0.922973  0.758649  0.590497  0.625675  0.765581  0.522046 
14  0.577832  0.845774  0.458016  0.643394  0.749129  0.619503  0.741100  0.437850  0.691079  0.861418  0.755426  0.732523  0.879501  0.653434 0.0  0.844960  0.450363  0.809960  0.807011  0.837618  0.763774  0.850749  0.417690  0.547031  0.800196  0.768645  0.712605  0.555690  0.719395  0.719968  0.788806 
15  0.588912  0.468924  0.929077  0.859120  0.831709  0.648192  0.781054  0.883333  0.424480  0.687019  0.796462  0.629656  0.695565  0.654854  0.844960 0.0  0.836779  0.696164  0.627346  0.780918  0.562470  0.870120  0.846824  0.667023  0.600072  0.683020  0.514638  0.711418  0.746219  0.877004  0.720317 
16  0.678579  0.663822  0.515943  0.649118  0.652831  0.697737  0.712775  0.231614  0.697712  0.648902  0.534711  0.688659  0.766386  0.731587  0.450363  0.836779 0.0  0.628523  0.630620  0.758244  0.737090  0.760199  0.509158  0.658589  0.665744  0.584312  0.759633  0.605728  0.835796  0.707027  0.743256 
17  0.786882  0.494657  0.684069  0.463244  0.788343  0.841203  0.791169  0.663643  0.537120  0.769411  0.439564  0.510626  0.384214  0.737494  0.809960  0.696164  0.628523 0.0  0.432888  0.887854  0.399430  0.767728  0.770657  0.304906  0.319812  0.341533  0.372639  0.628776  0.857153  0.776010  0.783051 
18  0.803004  0.257511  0.636561  0.484743  0.737968  0.833651  0.751303  0.612973  0.644272  1.000000  0.352796  0.314601  0.570535  0.652217  0.807011  0.627346  0.630620  0.432888 0.0  0.960904  0.364983  0.851448  0.798149  0.315237  0.595468  0.311070  0.557026  0.598577  0.734096  0.745291  0.641391 
19  0.581345  0.833356  0.775177  0.781240  0.657472  0.644325  0.834853  0.722813  0.841372  0.290909  0.805598  0.852011  0.844939  0.949648  0.837618  0.780918  0.758244  0.887854  0.960904 0.0  0.932531  0.881717  0.678167  0.811667  0.975653  0.880668  0.758855  0.786861  0.687204  0.852275  0.823225 
20  0.800644  0.518157  0.764649  0.664332  0.769233  0.845783  0.757130  0.642622  0.392298  0.991017  0.427417  0.522817  0.641033  0.746353  0.763774  0.562470  0.737090  0.399430  0.364983  0.932531 0.0  0.920557  0.732299  0.377326  0.504775  0.519220  0.620365  0.644173  0.834691  0.694269  0.829286 
21  0.733352  0.726140  0.818726  0.831622  0.863647  0.806494  0.770407  0.681642  0.751758  0.753709  0.772274  0.792740  0.621170  0.822224  0.850749  0.870120  0.760199  0.767728  0.851448  0.881717  0.920557 0.0  0.753143  0.767416  0.779225  0.862478  0.806563  0.711968  0.897468  0.960609  0.835695 
22  0.554514  0.734900  0.397705  0.622329  0.681855  0.486513  0.833737  0.545016  0.813376  0.757256  0.662562  0.711642  0.830222  0.656240  0.417690  0.846824  0.509158  0.770657  0.798149  0.678167  0.732299  0.753143 0.0  0.736535  0.705279  0.742792  0.739085  0.550486  0.666227  0.716015  0.779036 
23  0.840252  0.351795  0.803553  0.373989  0.671375  0.717176  0.683702  0.771517  0.460747  0.875460  0.227389  0.383906  0.441897  0.766512  0.547031  0.667023  0.658589  0.304906  0.315237  0.811667  0.377326  0.767416  0.736535 0.0  0.458282  0.308492  0.479608  0.545068  0.821487  0.712118  0.695042 
24  0.837683  0.499356  0.851336  0.414367  0.645538  0.981112  0.670664  0.599425  0.455956  0.936287  0.476224  0.490085  0.657111  0.613590  0.800196  0.600072  0.665744  0.319812  0.595468  0.975653  0.504775  0.779225  0.705279  0.458282 0.0  0.414645  0.449963  0.688984  0.779487  0.796933  0.740292 
25  0.848232  0.303598  0.796194  0.486211  0.669662  0.826048  0.639002  0.552516  0.571671  0.867073  0.414940  0.364928  0.589805  0.922973  0.768645  0.683020  0.584312  0.341533  0.311070  0.880668  0.519220  0.862478  0.742792  0.308492  0.414645 0.0  0.620861  0.645363  0.739590  0.820122  0.821780 
26  0.808353  0.591318  0.814822  0.407123  0.757528  0.830540  0.793475  0.747165  0.453481  0.838790  0.563689  0.620591  0.505101  0.758649  0.712605  0.514638  0.759633  0.372639  0.557026  0.758855  0.620365  0.806563  0.739085  0.479608  0.449963  0.620861 0.0  0.860551  0.824675  0.727977  0.670238 
27  0.677274  0.625758  0.497278  0.654266  0.508972  0.681484  0.573350  0.628865  0.578107  0.699804  0.737154  0.687973  0.805939  0.590497  0.555690  0.711418  0.605728  0.628776  0.598577  0.786861  0.644173  0.711968  0.550486  0.545068  0.688984  0.645363  0.860551 0.0  0.670353  0.588043  0.586161 
28  0.806987  0.734016  0.730806  0.799530  0.313252  0.766047  0.746805  0.657882  0.718043  0.667431  0.920169  0.678340  0.928367  0.625675  0.719395  0.746219  0.835796  0.857153  0.734096  0.687204  0.834691  0.897468  0.666227  0.821487  0.779487  0.739590  0.824675  0.670353 0.0  0.441801  0.700288 
29  0.747137  0.829756  0.652652  0.729082  0.392911  0.914985  0.835493  0.716838  0.669840  0.872482  0.702455  0.827221  0.950577  0.765581  0.719968  0.877004  0.707027  0.776010  0.745291  0.852275  0.694269  0.960609  0.716015  0.712118  0.796933  0.820122  0.727977  0.588043  0.441801 0.0  0.621363 
30  0.769113  0.825947  0.745413  0.795595  0.770551  0.766451  0.387484  0.649106  0.729369  0.911695  0.850813  0.673544  0.929693  0.522046  0.788806  0.720317  0.743256  0.783051  0.641391  0.823225  0.829286  0.835695  0.779036  0.695042  0.740292  0.821780  0.670238  0.586161  0.700288  0.621363 0.0 
