31
0 0.0  0.580399  0.963040  0.667728  0.840385  1.000000  0.325048  0.892283  0.816388  0.530844  0.768182  0.708994  0.812820  0.909061  0.927906  0.424031  0.905827  0.756602  0.792075  0.682611  0.737250  0.822457  0.900840  0.833751  0.625493  0.776403  0.630476  0.802781  0.692058  0.811198  0.635875 
1  0.580399 0.0  0.817224  0.734810  0.918441  0.882615  0.686643  0.750120  0.811266  0.872248  0.788520  0.620354  0.747783  0.929188  0.806643  0.599257  0.789880  0.304602  0.866483  0.704981  0.892315  0.842519  0.752624  0.888752  0.310827  0.751033  0.370414  0.675922  0.687642  0.772635  0.715805 
2  0.963040  0.817224 0.0  0.740945  0.665234  0.831277  0.835397  0.662874  0.797841  0.791247  0.675876  0.724343  0.771465  0.706100  0.767125  0.771195  0.855326  0.869589  0.584915  0.647333  0.692781  0.584323  0.814949  0.679484  0.994518  0.722143  0.829939  0.724133  0.668894  0.734096  0.843244 
3  0.667728  0.734810  0.740945 0.0  0.424901  0.698374  0.642197  0.620540  0.593935  0.765635  0.843884  0.979742  0.503868  0.730548  0.606208  0.832553  0.636299  0.655514  0.754853  0.740420  0.461988  0.604528  0.626269  0.555257  0.681652  0.863838  0.781035  0.847668  0.822536  0.414081  0.786846 
4  0.840385  0.918441  0.665234  0.424901 0.0  0.521344  0.889572  0.441542  0.409914  0.927112  0.751290  0.840753  0.394631  0.478270  0.376449  0.682855  0.542417  0.833175  0.578671  0.624083  0.524901  0.544815  0.603881  0.312509  0.881190  0.723057  0.824843  0.619441  0.735122  0.493199  0.857920 
5  1.000000  0.882615  0.831277  0.698374  0.521344 0.0  0.892995  0.431409  0.552030  0.837694  0.749451  0.904919  0.456939  0.288804  0.448710  0.666318  0.246454  0.882801  0.677237  0.698479  0.455346  0.581633  0.373958  0.510527  0.917575  0.725852  0.733156  0.636952  0.729151  0.534163  0.841751 
6  0.325048  0.686643  0.835397  0.642197  0.889572  0.892995 0.0  0.783835  0.806362  0.445031  0.740330  0.789320  0.654715  0.735331  0.789787  0.528915  0.747654  0.710436  0.824400  0.782128  0.844518  0.811166  0.800034  0.881677  0.690946  0.812625  0.760623  0.701666  0.841243  0.795807  0.671605 
7  0.892283  0.750120  0.662874  0.620540  0.441542  0.431409  0.783835 0.0  0.553538  0.731850  0.720461  0.679335  0.434952  0.286696  0.374203  0.691756  0.252735  0.823355  0.759175  0.566537  0.539576  0.635427  0.338877  0.524273  0.915901  0.799736  0.737824  0.627448  0.770958  0.440743  0.780268 
8  0.816388  0.811266  0.797841  0.593935  0.409914  0.552030  0.806362  0.553538 0.0  0.832006  0.454563  0.724268  0.688867  0.536538  0.594529  0.750008  0.595328  0.909777  0.508018  0.603965  0.674836  0.326287  0.518896  0.500247  0.942133  0.633518  0.867538  0.695297  0.699262  0.641265  0.779643 
9  0.530844  0.872248  0.791247  0.765635  0.927112  0.837694  0.445031  0.731850  0.832006 0.0  0.707088  0.925525  0.877460  0.772067  0.738112  0.467765  0.844640  0.866220  0.896366  0.701421  0.893290  0.779520  0.694519  0.815984  0.862581  0.905395  0.903269  0.713166  0.790977  0.782379  0.793365 
10  0.768182  0.788520  0.675876  0.843884  0.751290  0.749451  0.740330  0.720461  0.454563  0.707088 0.0  0.691031  0.839341  0.655534  0.675237  0.654216  0.707397  0.747947  0.767423  0.215425  0.845823  0.678028  0.626774  0.676759  0.810788  0.707876  0.672826  0.481170  0.723355  0.886681  0.615995 
11  0.708994  0.620354  0.724343  0.979742  0.840753  0.904919  0.789320  0.679335  0.724268  0.925525  0.691031 0.0  0.889178  0.743368  0.683773  0.728307  0.697807  0.614019  0.658007  0.766353  0.849398  0.787087  0.728954  0.797968  0.643552  0.461300  0.666642  0.686956  0.226934  0.952233  0.916401 
12  0.812820  0.747783  0.771465  0.503868  0.394631  0.456939  0.654715  0.434952  0.688867  0.877460  0.839341  0.889178 0.0  0.449776  0.605485  0.796960  0.507755  0.756420  0.803188  0.732337  0.611621  0.744969  0.641732  0.481550  0.782434  0.729238  0.719996  0.943387  0.677955  0.485103  0.801951 
13  0.909061  0.929188  0.706100  0.730548  0.478270  0.288804  0.735331  0.286696  0.536538  0.772067  0.655534  0.743368  0.449776 0.0  0.423815  0.679766  0.281234  0.736934  0.833054  0.717590  0.428547  0.512855  0.385261  0.573672  0.845677  0.822793  0.781427  0.687684  0.955583  0.482282  0.983790 
14  0.927906  0.806643  0.767125  0.606208  0.376449  0.448710  0.789787  0.374203  0.594529  0.738112  0.675237  0.683773  0.605485  0.423815 0.0  0.706327  0.488196  0.836448  0.753334  0.711997  0.219958  0.393364  0.488303  0.388561  0.847563  0.745177  0.957500  0.617349  0.837382  0.424732  0.933393 
15  0.424031  0.599257  0.771195  0.832553  0.682855  0.666318  0.528915  0.691756  0.750008  0.467765  0.654216  0.728307  0.796960  0.679766  0.706327 0.0  0.594847  0.611175  0.685725  0.541657  0.800539  0.665481  0.581726  0.700258  0.670467  0.720207  0.750026  0.495846  0.727502  0.702484  0.748309 
16  0.905827  0.789880  0.855326  0.636299  0.542417  0.246454  0.747654  0.252735  0.595328  0.844640  0.707397  0.697807  0.507755  0.281234  0.488196  0.594847 0.0  0.945318  0.793691  0.788956  0.584810  0.376261  0.392308  0.541840  0.850822  0.761199  0.779067  0.634213  0.684460  0.523286  0.746181 
17  0.756602  0.304602  0.869589  0.655514  0.833175  0.882801  0.710436  0.823355  0.909777  0.866220  0.747947  0.614019  0.756420  0.736934  0.836448  0.611175  0.945318 0.0  0.763068  0.813536  0.889887  0.853555  0.801219  0.778412  0.325866  0.719752  0.341105  0.697615  0.672488  0.937139  0.752553 
18  0.792075  0.866483  0.584915  0.754853  0.578671  0.677237  0.824400  0.759175  0.508018  0.896366  0.767423  0.658007  0.803188  0.833054  0.753334  0.685725  0.793691  0.763068 0.0  0.621768  0.855787  0.802851  0.661654  0.648590  0.822330  0.728025  0.776177  0.686476  0.823615  0.753604  0.789552 
19  0.682611  0.704981  0.647333  0.740420  0.624083  0.698479  0.782128  0.566537  0.603965  0.701421  0.215425  0.766353  0.732337  0.717590  0.711997  0.541657  0.788956  0.813536  0.621768 0.0  0.711665  0.700803  0.765242  0.737954  0.834808  0.693814  0.806134  0.517471  0.569307  0.737377  0.555768 
20  0.737250  0.892315  0.692781  0.461988  0.524901  0.455346  0.844518  0.539576  0.674836  0.893290  0.845823  0.849398  0.611621  0.428547  0.219958  0.800539  0.584810  0.889887  0.855787  0.711665 0.0  0.464063  0.641643  0.407901  0.832966  0.823673  0.798181  0.664235  0.877311  0.521221  0.859087 
21  0.822457  0.842519  0.584323  0.604528  0.544815  0.581633  0.811166  0.635427  0.326287  0.779520  0.678028  0.787087  0.744969  0.512855  0.393364  0.665481  0.376261  0.853555  0.802851  0.700803  0.464063 0.0  0.455665  0.498800  0.857958  0.828567  0.901328  0.677822  0.876822  0.421211  0.767091 
22  0.900840  0.752624  0.814949  0.626269  0.603881  0.373958  0.800034  0.338877  0.518896  0.694519  0.626774  0.728954  0.641732  0.385261  0.488303  0.581726  0.392308  0.801219  0.661654  0.765242  0.641643  0.455665 0.0  0.536238  0.864133  0.758639  0.951562  0.614075  0.785809  0.608149  0.747954 
23  0.833751  0.888752  0.679484  0.555257  0.312509  0.510527  0.881677  0.524273  0.500247  0.815984  0.676759  0.797968  0.481550  0.573672  0.388561  0.700258  0.541840  0.778412  0.648590  0.737954  0.407901  0.498800  0.536238 0.0  0.758947  0.732904  0.917412  0.655887  0.695884  0.246058  0.847100 
24  0.625493  0.310827  0.994518  0.681652  0.881190  0.917575  0.690946  0.915901  0.942133  0.862581  0.810788  0.643552  0.782434  0.845677  0.847563  0.670467  0.850822  0.325866  0.822330  0.834808  0.832966  0.857958  0.864133  0.758947 0.0  0.765277  0.304228  0.640490  0.698620  0.781351  0.615701 
25  0.776403  0.751033  0.722143  0.863838  0.723057  0.725852  0.812625  0.799736  0.633518  0.905395  0.707876  0.461300  0.729238  0.822793  0.745177  0.720207  0.761199  0.719752  0.728025  0.693814  0.823673  0.828567  0.758639  0.732904  0.765277 0.0  0.810293  0.672862  0.249820  0.779746  0.913943 
26  0.630476  0.370414  0.829939  0.781035  0.824843  0.733156  0.760623  0.737824  0.867538  0.903269  0.672826  0.666642  0.719996  0.781427  0.957500  0.750026  0.779067  0.341105  0.776177  0.806134  0.798181  0.901328  0.951562  0.917412  0.304228  0.810293 0.0  0.754205  0.669235  0.862893  0.641273 
27  0.802781  0.675922  0.724133  0.847668  0.619441  0.636952  0.701666  0.627448  0.695297  0.713166  0.481170  0.686956  0.943387  0.687684  0.617349  0.495846  0.634213  0.697615  0.686476  0.517471  0.664235  0.677822  0.614075  0.655887  0.640490  0.672862  0.754205 0.0  0.720178  0.743313  0.663045 
28  0.692058  0.687642  0.668894  0.822536  0.735122  0.729151  0.841243  0.770958  0.699262  0.790977  0.723355  0.226934  0.677955  0.955583  0.837382  0.727502  0.684460  0.672488  0.823615  0.569307  0.877311  0.876822  0.785809  0.695884  0.698620  0.249820  0.669235  0.720178 0.0  0.738224  0.806658 
29  0.811198  0.772635  0.734096  0.414081  0.493199  0.534163  0.795807  0.440743  0.641265  0.782379  0.886681  0.952233  0.485103  0.482282  0.424732  0.702484  0.523286  0.937139  0.753604  0.737377  0.521221  0.421211  0.608149  0.246058  0.781351  0.779746  0.862893  0.743313  0.738224 0.0  0.699721 
30  0.635875  0.715805  0.843244  0.786846  0.857920  0.841751  0.671605  0.780268  0.779643  0.793365  0.615995  0.916401  0.801951  0.983790  0.933393  0.748309  0.746181  0.752553  0.789552  0.555768  0.859087  0.767091  0.747954  0.847100  0.615701  0.913943  0.641273  0.663045  0.806658  0.699721 0.0 
