31
0 0.0  0.633793  0.620543  0.871241  0.534458  0.532103  0.557814  0.403611  0.659185  0.603114  0.583156  0.778989  0.637292  0.695709  0.725884  0.731067  0.469202  0.576841  0.737707  0.726526  0.765590  0.681350  0.623235  0.688984  0.485498  0.640139  0.755996  0.849381  0.639520  0.670825  0.689878 
1  0.633793 0.0  0.825809  0.576106  0.307966  0.519127  0.481343  0.592258  0.891722  0.666177  0.464274  0.691673  0.587511  0.748111  0.928663  0.728349  0.828817  0.558537  0.477728  0.387521  0.823145  0.620767  0.572616  0.886302  0.843683  0.616021  0.930717  0.836390  0.499470  0.937784  0.538479 
2  0.620543  0.825809 0.0  0.709259  0.820404  0.917769  0.820858  0.780315  0.700942  0.670469  0.708502  0.807578  0.753071  0.414827  0.700022  0.842518  0.858443  0.808550  0.770549  0.844012  0.723343  0.871357  0.737837  0.774943  0.956457  0.693354  0.325635  0.859463  0.706841  0.313106  0.811463 
3  0.871241  0.576106  0.709259 0.0  0.603865  0.693373  0.569903  0.789729  0.867757  0.811781  0.541558  0.827443  0.580551  0.807783  0.906501  0.373323  0.953690  0.610726  0.605466  0.467794  0.874463  0.554024  0.909704  0.939999  0.969938  0.643109  0.884317  0.667256  0.641970  0.888148  0.561671 
4  0.534458  0.307966  0.820404  0.603865 0.0  0.523145  0.431083  0.746925  0.622418  0.740852  0.594724  0.843439  0.497926  0.738107  0.809224  0.650854  0.845720  0.380183  0.138270  0.447660  0.787103  0.301204  0.763557  0.828076  0.887763  0.593092  0.759327  0.860240  0.497669  0.790064  0.382589 
5  0.532103  0.519127  0.917769  0.693373  0.523145 0.0  0.555533  0.632730  0.737181  0.709161  0.540026  0.877785  0.518062  0.707783  0.822864  0.725693  0.840328  0.332624  0.491575  0.579303  0.819368  0.648511  0.672594  0.857635  0.827023  0.464796  0.730017  0.862949  0.603656  0.791267  0.516001 
6  0.557814  0.481343  0.820858  0.569903  0.431083  0.555533 0.0  0.690141  0.702485  0.634718  0.482958  0.810539  0.640579  0.806732  0.744162  0.652296  0.851360  0.575981  0.599399  0.417790  0.755358  0.698385  0.807289  0.955650  0.919391  0.395237  0.863351  0.880946  0.472755  0.726962  0.635078 
7  0.403611  0.592258  0.780315  0.789729  0.746925  0.632730  0.690141 0.0  0.717006  0.541760  0.722946  0.632414  0.691184  0.741084  0.711082  0.791044  0.777963  0.593118  0.612618  0.746123  0.719441  0.841206  0.539364  0.645463  0.816291  0.617862  0.723487  0.630801  0.707480  0.740273  0.671111 
8  0.659185  0.891722  0.700942  0.867757  0.622418  0.737181  0.702485  0.717006 0.0  0.761081  0.682013  0.840719  0.767031  0.752304  0.889044  0.768071  0.853246  0.752162  0.770463  0.722112  0.543593  0.817677  0.626710  0.819042  0.878470  0.679519  0.726928  0.820149  0.739634  0.768195  0.671346 
9  0.603114  0.666177  0.670469  0.811781  0.740852  0.709161  0.634718  0.541760  0.761081 0.0  0.783600  0.648719  0.653624  0.741995  0.827461  0.867419  0.730627  0.785985  0.712552  0.761853  0.614410  0.808567  0.364016  0.723085  0.789988  0.623329  0.784487  0.619827  0.838260  0.804189  0.722353 
10  0.583156  0.464274  0.708502  0.541558  0.594724  0.540026  0.482958  0.722946  0.682013  0.783600 0.0  0.824980  0.499106  0.688688  0.981068  0.450972  0.944926  0.591141  0.554002  0.328138  0.626434  0.674232  0.611548  0.740445  0.927518  0.629508  0.822330  0.767078  0.474736  0.762485  0.407503 
11  0.778989  0.691673  0.807578  0.827443  0.843439  0.877785  0.810539  0.632414  0.840719  0.648719  0.824980 0.0  0.906431  0.915734  0.757022  0.779464  0.637663  0.835732  0.790326  0.842120  0.773788  0.837414  0.476960  0.716401  0.724240  0.787586  0.870871  0.614058  0.864545  0.747315  0.863230 
12  0.637292  0.587511  0.753071  0.580551  0.497926  0.518062  0.640579  0.691184  0.767031  0.653624  0.499106  0.906431 0.0  0.693321  0.969431  0.518010  0.937701  0.529814  0.369266  0.604125  0.746856  0.565879  0.775224  0.831431  0.875674  0.469778  0.736024  0.803542  0.567013  0.712364  0.324464 
13  0.695709  0.748111  0.414827  0.807783  0.738107  0.707783  0.806732  0.741084  0.752304  0.741995  0.688688  0.915734  0.693321 0.0  0.730949  0.891724  0.849172  0.828804  0.866460  0.803812  0.794550  0.884593  0.650844  0.849868  0.776006  0.899928  0.460505  0.816380  0.722720  0.281763  0.719896 
14  0.725884  0.928663  0.700022  0.906501  0.809224  0.822864  0.744162  0.711082  0.889044  0.827461  0.981068  0.757022  0.969431  0.730949 0.0  0.823576  0.713012  0.856006  0.868599  0.862964  0.883792  0.847253  0.853254  0.221038  0.585146  0.795837  0.737180  0.653694  0.973449  0.685847  0.899406 
15  0.731067  0.728349  0.842518  0.373323  0.650854  0.725693  0.652296  0.791044  0.768071  0.867419  0.450972  0.779464  0.518010  0.891724  0.823576 0.0  0.775344  0.788123  0.771986  0.439975  0.785066  0.603844  0.711351  0.735136  0.753271  0.607515  0.794440  0.893767  0.487502  0.887322  0.599570 
16  0.469202  0.828817  0.858443  0.953690  0.845720  0.840328  0.851360  0.777963  0.853246  0.730627  0.944926  0.637663  0.937701  0.849172  0.713012  0.775344 0.0  0.852238  0.851732  0.813582  0.870592  0.849902  0.622632  0.683809  0.384702  0.798859  0.781282  0.777386  0.769717  0.894973  0.826404 
17  0.576841  0.558537  0.808550  0.610726  0.380183  0.332624  0.575981  0.593118  0.752162  0.785985  0.591141  0.835732  0.529814  0.828804  0.856006  0.788123  0.852238 0.0  0.343680  0.500207  0.878732  0.429791  0.844421  0.854710  0.877596  0.463415  0.812276  0.872396  0.547001  0.757766  0.461994 
18  0.737707  0.477728  0.770549  0.605466  0.138270  0.491575  0.599399  0.612618  0.770463  0.712552  0.554002  0.790326  0.369266  0.866460  0.868599  0.771986  0.851732  0.343680 0.0  0.425403  0.776054  0.521777  0.763454  0.903378  0.882749  0.612835  0.770237  0.738238  0.489562  0.885519  0.182532 
19  0.726526  0.387521  0.844012  0.467794  0.447660  0.579303  0.417790  0.746123  0.722112  0.761853  0.328138  0.842120  0.604125  0.803812  0.862964  0.439975  0.813582  0.500207  0.425403 0.0  0.703917  0.567685  0.781291  0.871988  0.899794  0.665527  0.757035  0.830320  0.328853  0.779096  0.656994 
20  0.765590  0.823145  0.723343  0.874463  0.787103  0.819368  0.755358  0.719441  0.543593  0.614410  0.626434  0.773788  0.746856  0.794550  0.883792  0.785066  0.870592  0.878732  0.776054  0.703917 0.0  0.900049  0.642018  0.923336  0.859656  0.789819  0.676660  0.906803  0.811984  0.689567  0.690073 
21  0.681350  0.620767  0.871357  0.554024  0.301204  0.648511  0.698385  0.841206  0.817677  0.808567  0.674232  0.837414  0.565879  0.884593  0.847253  0.603844  0.849902  0.429791  0.521777  0.567685  0.900049 0.0  0.856424  0.868274  0.953156  0.696106  0.856805  0.746304  0.653110  0.991507  0.412878 
22  0.623235  0.572616  0.737837  0.909704  0.763557  0.672594  0.807289  0.539364  0.626710  0.364016  0.611548  0.476960  0.775224  0.650844  0.853254  0.711351  0.622632  0.844421  0.763454  0.781291  0.642018  0.856424 0.0  0.783147  0.831876  0.616437  0.659666  0.626127  0.787416  0.591995  0.700331 
23  0.688984  0.886302  0.774943  0.939999  0.828076  0.857635  0.955650  0.645463  0.819042  0.723085  0.740445  0.716401  0.831431  0.849868  0.221038  0.735136  0.683809  0.854710  0.903378  0.871988  0.923336  0.868274  0.783147 0.0  0.804841  0.839602  0.671065  0.756782  0.818690  0.818780  0.830069 
24  0.485498  0.843683  0.956457  0.969938  0.887763  0.827023  0.919391  0.816291  0.878470  0.789988  0.927518  0.724240  0.875674  0.776006  0.585146  0.753271  0.384702  0.877596  0.882749  0.899794  0.859656  0.953156  0.831876  0.804841 0.0  0.887608  0.900813  0.626262  0.835988  0.777976  0.847404 
25  0.640139  0.616021  0.693354  0.643109  0.593092  0.464796  0.395237  0.617862  0.679519  0.623329  0.629508  0.787586  0.469778  0.899928  0.795837  0.607515  0.798859  0.463415  0.612835  0.665527  0.789819  0.696106  0.616437  0.839602  0.887608 0.0  0.689112  1.000000  0.568294  0.712046  0.600847 
26  0.755996  0.930717  0.325635  0.884317  0.759327  0.730017  0.863351  0.723487  0.726928  0.784487  0.822330  0.870871  0.736024  0.460505  0.737180  0.794440  0.781282  0.812276  0.770237  0.757035  0.676660  0.856805  0.659666  0.671065  0.900813  0.689112 0.0  0.718747  0.810929  0.543139  0.711214 
27  0.849381  0.836390  0.859463  0.667256  0.860240  0.862949  0.880946  0.630801  0.820149  0.619827  0.767078  0.614058  0.803542  0.816380  0.653694  0.893767  0.777386  0.872396  0.738238  0.830320  0.906803  0.746304  0.626127  0.756782  0.626262  1.000000  0.718747 0.0  0.738186  0.726817  0.889613 
28  0.639520  0.499470  0.706841  0.641970  0.497669  0.603656  0.472755  0.707480  0.739634  0.838260  0.474736  0.864545  0.567013  0.722720  0.973449  0.487502  0.769717  0.547001  0.489562  0.328853  0.811984  0.653110  0.787416  0.818690  0.835988  0.568294  0.810929  0.738186 0.0  0.854794  0.538570 
29  0.670825  0.937784  0.313106  0.888148  0.790064  0.791267  0.726962  0.740273  0.768195  0.804189  0.762485  0.747315  0.712364  0.281763  0.685847  0.887322  0.894973  0.757766  0.885519  0.779096  0.689567  0.991507  0.591995  0.818780  0.777976  0.712046  0.543139  0.726817  0.854794 0.0  0.743177 
30  0.689878  0.538479  0.811463  0.561671  0.382589  0.516001  0.635078  0.671111  0.671346  0.722353  0.407503  0.863230  0.324464  0.719896  0.899406  0.599570  0.826404  0.461994  0.182532  0.656994  0.690073  0.412878  0.700331  0.830069  0.847404  0.600847  0.711214  0.889613  0.538570  0.743177 0.0 
