31
0 0.0  0.883630  0.748228  0.878671  0.747581  0.806034  0.776391  0.413083  0.818555  0.825242  0.888820  0.743227  0.927962  0.848089  0.820067  0.736671  0.774710  0.807980  0.433083  0.739180  0.468711  0.751215  0.749728  0.693896  0.755459  0.496549  0.699528  0.662621  0.793923  0.785108  0.679797 
1  0.883630 0.0  0.632762  0.606892  0.378450  0.524346  0.528703  0.790466  0.505391  0.625834  0.559849  0.821277  0.786002  0.727215  0.684028  0.728727  0.477802  0.462129  0.883094  0.730122  0.887158  0.597344  0.757968  0.607897  0.733218  0.797086  0.477863  0.464591  0.697300  0.868823  0.872829 
2  0.748228  0.632762 0.0  0.310804  0.594488  0.611557  0.439699  0.790907  0.319280  0.475923  0.504000  0.757480  0.923515  0.880881  0.757986  0.716295  0.364726  0.441478  0.683498  0.716120  0.664963  0.279679  0.836752  0.356188  0.734434  0.784625  0.213715  0.428021  0.714664  0.882629  0.642026 
3  0.878671  0.606892  0.310804 0.0  0.485277  0.554338  0.521345  0.625401  0.418338  0.568635  0.585710  0.743535  0.947342  0.907610  0.867416  0.687864  0.424081  0.391837  0.754144  0.712464  0.700855  0.459562  0.855791  0.480431  0.756876  0.728436  0.401829  0.616293  0.739506  0.792006  0.622964 
4  0.747581  0.378450  0.594488  0.485277 0.0  0.464157  0.414288  0.763440  0.473379  0.504722  0.452843  0.859278  0.757312  0.870902  0.849328  0.682516  0.483863  0.482379  0.558828  0.668145  0.856469  0.388378  0.806547  0.489135  0.640616  0.813908  0.472240  0.612958  0.775091  0.975327  0.686725 
5  0.806034  0.524346  0.611557  0.554338  0.464157 0.0  0.681587  0.690658  0.587910  0.708828  0.530838  0.849901  0.770621  0.719357  0.725994  0.671988  0.595050  0.717441  0.824745  0.794453  0.878071  0.658712  0.842949  0.700059  0.806511  0.909832  0.633278  0.642578  0.944624  0.756190  0.889187 
6  0.776391  0.528703  0.439699  0.521345  0.414288  0.681587 0.0  0.776393  0.389001  0.513959  0.624276  0.759001  0.716424  0.830064  0.892830  0.660320  0.435840  0.451742  0.739015  0.643822  0.838582  0.387604  0.769032  0.621567  0.559926  0.825613  0.420094  0.472299  0.776071  0.981769  0.751309 
7  0.413083  0.790466  0.790907  0.625401  0.763440  0.690658  0.776393 0.0  0.876916  0.877933  0.892843  0.882699  0.860184  0.686026  0.813321  0.718584  0.736270  0.840752  0.528612  0.707664  0.414956  0.739199  0.873025  0.740193  0.698457  0.448452  0.760770  0.712264  0.696725  0.693436  0.853286 
8  0.818555  0.505391  0.319280  0.418338  0.473379  0.587910  0.389001  0.876916 0.0  0.460318  0.491517  0.782681  0.779767  0.854997  0.810134  0.790736  0.368394  0.363572  0.832550  0.789560  0.828022  0.360259  0.808833  0.478493  0.592928  0.923988  0.146438  0.346967  0.696824  0.876306  0.796977 
9  0.825242  0.625834  0.475923  0.568635  0.504722  0.708828  0.513959  0.877933  0.460318 0.0  0.637903  0.871611  0.863312  0.845198  0.816443  0.837170  0.433657  0.379819  0.692481  0.738440  0.741440  0.406013  0.770639  0.427302  0.501556  0.781138  0.372760  0.282705  0.815633  0.757961  0.670168 
10  0.888820  0.559849  0.504000  0.585710  0.452843  0.530838  0.624276  0.892843  0.491517  0.637903 0.0  0.700292  0.812895  0.985320  0.843993  0.757124  0.645671  0.646085  0.871628  0.880893  0.848390  0.634230  0.720035  0.742367  0.775670  0.831749  0.621672  0.673633  0.759375  0.957621  0.741286 
11  0.743227  0.821277  0.757480  0.743535  0.859278  0.849901  0.759001  0.882699  0.782681  0.871611  0.700292 0.0  0.754259  0.783030  0.748816  0.613086  0.795136  0.661508  0.701173  0.536403  0.706885  0.784625  0.560738  0.747398  0.696556  0.841711  0.883189  0.893167  0.902485  0.721110  0.901765 
12  0.927962  0.786002  0.923515  0.947342  0.757312  0.770621  0.716424  0.860184  0.779767  0.863312  0.812895  0.754259 0.0  0.700961  0.240175  0.806353  0.694631  0.834620  0.669278  0.748356  0.905796  0.821997  0.600913  0.633543  0.462389  0.827618  0.929080  0.858902  0.918792  0.736868  0.809436 
13  0.848089  0.727215  0.880881  0.907610  0.870902  0.719357  0.830064  0.686026  0.854997  0.845198  0.985320  0.783030  0.700961 0.0  0.576220  0.786295  0.750995  0.869592  0.855737  0.718259  0.675030  0.776801  0.849023  0.792777  0.700562  0.686356  0.971578  0.984951  1.000000  0.343395  0.904454 
14  0.820067  0.684028  0.757986  0.867416  0.849328  0.725994  0.892830  0.813321  0.810134  0.816443  0.843993  0.748816  0.240175  0.576220 0.0  0.696132  0.744318  0.818074  0.922930  0.914362  0.887896  0.799247  0.354909  0.868457  0.598539  0.770618  0.879173  0.814482  0.874707  0.590889  0.757698 
15  0.736671  0.728727  0.716295  0.687864  0.682516  0.671988  0.660320  0.718584  0.790736  0.837170  0.757124  0.613086  0.806353  0.786295  0.696132 0.0  0.674085  0.603743  0.673299  0.508080  0.840514  0.668835  0.733400  0.747414  0.543416  0.765668  0.622344  0.767387  0.756292  0.738924  0.633246 
16  0.774710  0.477802  0.364726  0.424081  0.483863  0.595050  0.435840  0.736270  0.368394  0.433657  0.645671  0.795136  0.694631  0.750995  0.744318  0.674085 0.0  0.387528  0.714923  0.785373  0.843420  0.397932  0.762022  0.390622  0.603643  0.830190  0.281750  0.388721  0.795867  0.681146  0.755598 
17  0.807980  0.462129  0.441478  0.391837  0.482379  0.717441  0.451742  0.840752  0.363572  0.379819  0.646085  0.661508  0.834620  0.869592  0.818074  0.603743  0.387528 0.0  0.859370  0.679325  0.708812  0.322035  0.722627  0.425486  0.687004  0.710091  0.362499  0.414040  0.776836  0.852811  0.782523 
18  0.433083  0.883094  0.683498  0.754144  0.558828  0.824745  0.739015  0.528612  0.832550  0.692481  0.871628  0.701173  0.669278  0.855737  0.922930  0.673299  0.714923  0.859370 0.0  0.814148  0.444641  0.821336  0.911968  0.731857  0.678546  0.390368  0.837771  0.727694  0.767922  0.662173  0.743319 
19  0.739180  0.730122  0.716120  0.712464  0.668145  0.794453  0.643822  0.707664  0.789560  0.738440  0.880893  0.536403  0.748356  0.718259  0.914362  0.508080  0.785373  0.679325  0.814148 0.0  0.627601  0.552431  0.803319  0.754461  0.704625  0.614710  0.717625  0.684392  0.717700  0.826102  0.862727 
20  0.468711  0.887158  0.664963  0.700855  0.856469  0.878071  0.838582  0.414956  0.828022  0.741440  0.848390  0.706885  0.905796  0.675030  0.887896  0.840514  0.843420  0.708812  0.444641  0.627601 0.0  0.703345  0.836573  0.694147  0.719258  0.294102  0.866247  0.855608  0.753628  0.650904  0.810032 
21  0.751215  0.597344  0.279679  0.459562  0.388378  0.658712  0.387604  0.739199  0.360259  0.406013  0.634230  0.784625  0.821997  0.776801  0.799247  0.668835  0.397932  0.322035  0.821336  0.552431  0.703345 0.0  0.847886  0.415780  0.684531  0.826168  0.335045  0.402856  0.803081  0.787763  0.798551 
22  0.749728  0.757968  0.836752  0.855791  0.806547  0.842949  0.769032  0.873025  0.808833  0.770639  0.720035  0.560738  0.600913  0.849023  0.354909  0.733400  0.762022  0.722627  0.911968  0.803319  0.836573  0.847886 0.0  0.790270  0.450907  0.815474  0.782436  0.873126  0.864878  0.828806  0.945786 
23  0.693896  0.607897  0.356188  0.480431  0.489135  0.700059  0.621567  0.740193  0.478493  0.427302  0.742367  0.747398  0.633543  0.792777  0.868457  0.747414  0.390622  0.425486  0.731857  0.754461  0.694147  0.415780  0.790270 0.0  0.611438  0.661230  0.337803  0.278062  0.782451  0.919303  0.797191 
24  0.755459  0.733218  0.734434  0.756876  0.640616  0.806511  0.559926  0.698457  0.592928  0.501556  0.775670  0.696556  0.462389  0.700562  0.598539  0.543416  0.603643  0.687004  0.678546  0.704625  0.719258  0.684531  0.450907  0.611438 0.0  0.754921  0.658709  0.694744  0.780457  0.632191  0.764333 
25  0.496549  0.797086  0.784625  0.728436  0.813908  0.909832  0.825613  0.448452  0.923988  0.781138  0.831749  0.841711  0.827618  0.686356  0.770618  0.765668  0.830190  0.710091  0.390368  0.614710  0.294102  0.826168  0.815474  0.661230  0.754921 0.0  0.867551  0.796673  0.770551  0.796151  0.723886 
26  0.699528  0.477863  0.213715  0.401829  0.472240  0.633278  0.420094  0.760770  0.146438  0.372760  0.621672  0.883189  0.929080  0.971578  0.879173  0.622344  0.281750  0.362499  0.837771  0.717625  0.866247  0.335045  0.782436  0.337803  0.658709  0.867551 0.0  0.327635  0.754796  0.813295  0.771114 
27  0.662621  0.464591  0.428021  0.616293  0.612958  0.642578  0.472299  0.712264  0.346967  0.282705  0.673633  0.893167  0.858902  0.984951  0.814482  0.767387  0.388721  0.414040  0.727694  0.684392  0.855608  0.402856  0.873126  0.278062  0.694744  0.796673  0.327635 0.0  0.711657  0.924010  0.723464 
28  0.793923  0.697300  0.714664  0.739506  0.775091  0.944624  0.776071  0.696725  0.696824  0.815633  0.759375  0.902485  0.918792  1.000000  0.874707  0.756292  0.795867  0.776836  0.767922  0.717700  0.753628  0.803081  0.864878  0.782451  0.780457  0.770551  0.754796  0.711657 0.0  0.892359  0.492237 
29  0.785108  0.868823  0.882629  0.792006  0.975327  0.756190  0.981769  0.693436  0.876306  0.757961  0.957621  0.721110  0.736868  0.343395  0.590889  0.738924  0.681146  0.852811  0.662173  0.826102  0.650904  0.787763  0.828806  0.919303  0.632191  0.796151  0.813295  0.924010  0.892359 0.0  0.917823 
30  0.679797  0.872829  0.642026  0.622964  0.686725  0.889187  0.751309  0.853286  0.796977  0.670168  0.741286  0.901765  0.809436  0.904454  0.757698  0.633246  0.755598  0.782523  0.743319  0.862727  0.810032  0.798551  0.945786  0.797191  0.764333  0.723886  0.771114  0.723464  0.492237  0.917823 0.0 
