31
0 0.0  0.803529  0.841554  0.456393  0.477626  0.675186  0.555626  0.851780  0.882350  0.351419  0.550389  0.426182  0.817053  0.716820  0.785044  0.739480  0.410537  0.718615  0.424376  0.857182  0.768474  0.400592  0.754601  0.816589  0.787462  0.471324  0.406149  0.778314  0.423176  0.550764  0.645856 
1  0.803529 0.0  0.571925  0.897296  0.856170  0.626393  0.662760  0.714797  0.835161  0.877896  0.769134  0.879945  0.870615  0.757423  0.719500  0.607723  0.811996  0.852148  0.865004  0.676287  0.635067  0.899257  0.407622  0.641549  0.459270  0.771669  0.728444  0.601230  0.897081  0.960903  0.728923 
2  0.841554  0.571925 0.0  0.873128  0.850448  0.755538  0.898096  0.387460  0.873637  0.886400  0.851984  0.837987  0.833631  0.711965  0.543300  0.627146  0.959123  0.701388  0.926983  0.360096  0.715219  0.911207  0.652955  0.423010  0.724343  0.811712  0.803099  0.726375  0.800407  0.869161  0.775923 
3  0.456393  0.897296  0.873128 0.0  0.436391  0.754977  0.591987  0.735982  0.894468  0.334509  0.389426  0.277814  0.747335  0.653467  0.796732  0.783114  0.429194  0.786741  0.307932  0.829651  0.795073  0.274146  0.812020  0.786003  0.684694  0.489735  0.256937  0.841254  0.522152  0.482810  0.579585 
4  0.477626  0.856170  0.850448  0.436391 0.0  0.856080  0.724624  0.866779  0.929481  0.296111  0.593310  0.469525  0.855884  0.735223  0.843565  0.931483  0.423366  0.838843  0.435358  1.000000  0.778375  0.405144  0.750445  0.846039  0.836046  0.543135  0.422920  0.773021  0.584534  0.550098  0.878486 
5  0.675186  0.626393  0.755538  0.754977  0.856080 0.0  0.925561  0.646233  0.928129  0.714664  0.934282  0.732484  0.919420  0.758102  0.331136  0.758375  0.759853  0.903953  0.814267  0.729789  0.262420  0.860103  0.669858  0.681478  0.772124  0.798784  0.845008  0.695316  0.684402  0.794179  0.737281 
6  0.555626  0.662760  0.898096  0.591987  0.724624  0.925561 0.0  0.850321  0.558878  0.542938  0.406423  0.444468  0.694833  0.599256  0.852820  0.599267  0.553022  0.791845  0.545841  0.814227  0.815474  0.642249  0.768477  0.934863  0.547488  0.557303  0.675280  0.808030  0.574892  0.657408  0.552031 
7  0.851780  0.714797  0.387460  0.735982  0.866779  0.646233  0.850321 0.0  0.743383  0.999054  0.829085  0.891500  0.922311  0.849469  0.598981  0.878010  0.814294  0.711960  0.883738  0.335339  0.640009  0.894351  0.596697  0.407314  0.730445  0.906450  0.748182  0.684764  0.810589  0.905407  0.748484 
8  0.882350  0.835161  0.873637  0.894468  0.929481  0.928129  0.558878  0.743383 0.0  0.880523  0.739756  0.698294  0.748576  0.807914  0.841520  0.713824  0.854407  0.436682  0.881626  0.765675  0.744669  0.813768  0.892394  0.679060  0.781172  0.794026  0.792813  0.816127  0.735688  0.832031  0.574607 
9  0.351419  0.877896  0.886400  0.334509  0.296111  0.714664  0.542938  0.999054  0.880523 0.0  0.411309  0.361998  0.725295  0.607995  0.829205  0.693897  0.393145  0.772821  0.320018  0.996219  0.738132  0.330174  0.730780  0.880978  0.631460  0.398362  0.128682  0.711517  0.398044  0.582940  0.539516 
10  0.550389  0.769134  0.851984  0.389426  0.593310  0.934282  0.406423  0.829085  0.739756  0.411309 0.0  0.531679  0.585069  0.702292  0.844110  0.591104  0.491165  0.758907  0.577970  0.921663  0.909536  0.435908  0.861051  0.665538  0.728431  0.495714  0.390489  0.886411  0.704032  0.554783  0.534875 
11  0.426182  0.879945  0.837987  0.277814  0.469525  0.732484  0.444468  0.891500  0.698294  0.361998  0.531679 0.0  0.846022  0.694853  0.864714  0.770403  0.321870  0.765940  0.377825  0.884003  0.778907  0.391016  0.881068  0.698579  0.810064  0.628011  0.449286  0.804476  0.368720  0.491120  0.665349 
12  0.817053  0.870615  0.833631  0.747335  0.855884  0.919420  0.694833  0.922311  0.748576  0.725295  0.585069  0.846022 0.0  0.782682  0.857348  0.647224  0.814447  0.653282  0.837465  0.895923  0.991341  0.774137  0.806656  0.861378  0.679747  0.782505  0.656155  0.832796  0.808308  0.820014  0.477610 
13  0.716820  0.757423  0.711965  0.653467  0.735223  0.758102  0.599256  0.849469  0.807914  0.607995  0.702292  0.694853  0.782682 0.0  0.611950  0.745177  0.649348  0.966128  0.760537  0.759417  0.782026  0.724541  0.650851  0.801508  0.761464  0.475960  0.648105  0.694786  0.575971  0.566000  0.732276 
14  0.785044  0.719500  0.543300  0.796732  0.843565  0.331136  0.852820  0.598981  0.841520  0.829205  0.844110  0.864714  0.857348  0.611950 0.0  0.836094  0.760322  0.863013  0.840528  0.672730  0.317463  0.775966  0.690630  0.640604  0.767588  0.858514  0.795560  0.677827  0.672507  0.942957  0.629237 
15  0.739480  0.607723  0.627146  0.783114  0.931483  0.758375  0.599267  0.878010  0.713824  0.693897  0.591104  0.770403  0.647224  0.745177  0.836094 0.0  0.782461  0.676150  0.868788  0.731651  0.755446  0.737067  0.532679  0.802164  0.388627  0.755853  0.714717  0.715163  0.833200  0.898964  0.680116 
16  0.410537  0.811996  0.959123  0.429194  0.423366  0.759853  0.553022  0.814294  0.854407  0.393145  0.491165  0.321870  0.814447  0.649348  0.760322  0.782461 0.0  0.807243  0.344201  0.907922  0.669761  0.410284  0.734847  0.947611  0.772272  0.517785  0.397458  0.858924  0.484478  0.572841  0.692256 
17  0.718615  0.852148  0.701388  0.786741  0.838843  0.903953  0.791845  0.711960  0.436682  0.772821  0.758907  0.765940  0.653282  0.966128  0.863013  0.676150  0.807243 0.0  0.789676  0.777788  0.947073  0.669293  0.845298  0.662619  0.741759  0.741734  0.810953  0.784872  0.796884  0.824448  0.587699 
18  0.424376  0.865004  0.926983  0.307932  0.435358  0.814267  0.545841  0.883738  0.881626  0.320018  0.577970  0.377825  0.837465  0.760537  0.840528  0.868788  0.344201  0.789676 0.0  0.893951  0.808567  0.416021  0.858174  0.914212  0.786440  0.532878  0.311907  0.831501  0.471215  0.488092  0.767500 
19  0.857182  0.676287  0.360096  0.829651  1.000000  0.729789  0.814227  0.335339  0.765675  0.996219  0.921663  0.884003  0.895923  0.759417  0.672730  0.731651  0.907922  0.777788  0.893951 0.0  0.740626  0.904563  0.643718  0.369831  0.800201  0.807088  0.824768  0.756542  0.830245  0.823544  0.804105 
20  0.768474  0.635067  0.715219  0.795073  0.778375  0.262420  0.815474  0.640009  0.744669  0.738132  0.909536  0.778907  0.991341  0.782026  0.317463  0.755446  0.669761  0.947073  0.808567  0.740626 0.0  0.763417  0.610397  0.778601  0.763203  0.648563  0.769462  0.602086  0.750635  0.752808  0.769284 
21  0.400592  0.899257  0.911207  0.274146  0.405144  0.860103  0.642249  0.894351  0.813768  0.330174  0.435908  0.391016  0.774137  0.724541  0.775966  0.737067  0.410284  0.669293  0.416021  0.904563  0.763417 0.0  0.812202  0.862877  0.732585  0.355428  0.446266  0.874487  0.545876  0.488961  0.637700 
22  0.754601  0.407622  0.652955  0.812020  0.750445  0.669858  0.768477  0.596697  0.892394  0.730780  0.861051  0.881068  0.806656  0.650851  0.690630  0.532679  0.734847  0.845298  0.858174  0.643718  0.610397  0.812202 0.0  0.664848  0.540558  0.800818  0.768279  0.634161  0.781352  0.767957  0.679174 
23  0.816589  0.641549  0.423010  0.786003  0.846039  0.681478  0.934863  0.407314  0.679060  0.880978  0.665538  0.698579  0.861378  0.801508  0.640604  0.802164  0.947611  0.662619  0.914212  0.369831  0.778601  0.862877  0.664848 0.0  0.910717  0.901679  0.840643  0.612945  0.827728  0.878448  0.763739 
24  0.787462  0.459270  0.724343  0.684694  0.836046  0.772124  0.547488  0.730445  0.781172  0.631460  0.728431  0.810064  0.679747  0.761464  0.767588  0.388627  0.772272  0.741759  0.786440  0.800201  0.763203  0.732585  0.540558  0.910717 0.0  0.717624  0.631984  0.652756  0.836556  0.848076  0.693804 
25  0.471324  0.771669  0.811712  0.489735  0.543135  0.798784  0.557303  0.906450  0.794026  0.398362  0.495714  0.628011  0.782505  0.475960  0.858514  0.755853  0.517785  0.741734  0.532878  0.807088  0.648563  0.355428  0.800818  0.901679  0.717624 0.0  0.453140  0.826300  0.392155  0.468186  0.644191 
26  0.406149  0.728444  0.803099  0.256937  0.422920  0.845008  0.675280  0.748182  0.792813  0.128682  0.390489  0.449286  0.656155  0.648105  0.795560  0.714717  0.397458  0.810953  0.311907  0.824768  0.769462  0.446266  0.768279  0.840643  0.631984  0.453140 0.0  0.821820  0.523640  0.573241  0.531818 
27  0.778314  0.601230  0.726375  0.841254  0.773021  0.695316  0.808030  0.684764  0.816127  0.711517  0.886411  0.804476  0.832796  0.694786  0.677827  0.715163  0.858924  0.784872  0.831501  0.756542  0.602086  0.874487  0.634161  0.612945  0.652756  0.826300  0.821820 0.0  0.894477  0.844451  0.720753 
28  0.423176  0.897081  0.800407  0.522152  0.584534  0.684402  0.574892  0.810589  0.735688  0.398044  0.704032  0.368720  0.808308  0.575971  0.672507  0.833200  0.484478  0.796884  0.471215  0.830245  0.750635  0.545876  0.781352  0.827728  0.836556  0.392155  0.523640  0.894477 0.0  0.541937  0.634521 
29  0.550764  0.960903  0.869161  0.482810  0.550098  0.794179  0.657408  0.905407  0.832031  0.582940  0.554783  0.491120  0.820014  0.566000  0.942957  0.898964  0.572841  0.824448  0.488092  0.823544  0.752808  0.488961  0.767957  0.878448  0.848076  0.468186  0.573241  0.844451  0.541937 0.0  0.631798 
30  0.645856  0.728923  0.775923  0.579585  0.878486  0.737281  0.552031  0.748484  0.574607  0.539516  0.534875  0.665349  0.477610  0.732276  0.629237  0.680116  0.692256  0.587699  0.767500  0.804105  0.769284  0.637700  0.679174  0.763739  0.693804  0.644191  0.531818  0.720753  0.634521  0.631798 0.0 
