31
0 0.0  0.908497  0.919142  0.695441  0.915240  0.553989  0.784204  0.861086  0.786176  0.655793  0.511163  0.470909  0.764189  0.764332  0.901402  0.918541  0.379098  0.804714  0.816244  0.672274  0.781155  0.807887  0.915766  0.849205  0.871431  0.497668  0.906325  0.716103  0.896215  0.805732  0.536621 
1  0.908497 0.0  0.403688  0.756449  0.745436  0.836781  0.832072  0.773982  0.713925  0.752097  0.668033  0.850624  0.665050  0.693980  0.808971  0.535468  0.642682  0.638879  0.773055  0.747965  0.670872  0.741865  0.704090  0.729508  0.394251  0.794741  0.688598  0.673095  0.383960  0.874004  0.908315 
2  0.919142  0.403688 0.0  0.701741  0.794280  0.820198  0.919926  0.796537  0.640087  0.715694  0.736471  0.857095  0.620739  0.631112  0.688122  0.317994  0.723750  0.814303  0.572324  0.769384  0.785069  0.823291  0.709714  0.672644  0.479261  0.637610  0.758529  0.634367  0.422817  0.882988  0.770321 
3  0.695441  0.756449  0.701741 0.0  0.808478  0.594151  0.799521  0.848914  0.707907  0.619270  0.373388  0.485867  0.588758  0.681130  0.966672  0.741417  0.576052  0.898585  0.761675  0.460753  0.902506  0.726887  0.664231  0.672401  0.705905  0.281569  0.637393  0.423278  0.761296  0.758350  0.531634 
4  0.915240  0.745436  0.794280  0.808478 0.0  0.892161  0.765338  0.542593  0.687371  0.816710  0.821059  0.956122  0.656789  0.481764  0.655689  0.804136  0.785566  0.683450  0.540093  0.716752  0.714831  0.492900  0.497472  0.577702  0.662111  0.905465  0.879233  0.768054  0.864067  0.553250  0.903023 
5  0.553989  0.836781  0.820198  0.594151  0.892161 0.0  0.853899  0.858375  0.778952  0.608197  0.436951  0.577175  0.691121  0.839513  0.785616  0.803631  0.399057  0.812630  0.636416  0.698533  0.975838  0.733739  0.773040  0.734223  0.714888  0.548036  0.771973  0.580031  0.802323  0.749942  0.397565 
6  0.784204  0.832072  0.919926  0.799521  0.765338  0.853899 0.0  0.764214  0.865380  0.845585  0.910057  0.861293  0.783887  0.888255  0.836864  0.939536  0.779572  0.820384  0.678678  0.872219  0.796610  0.644685  0.724258  0.785946  0.857732  0.765580  0.982825  0.794955  0.928001  0.502454  0.722888 
7  0.861086  0.773982  0.796537  0.848914  0.542593  0.858375  0.764214 0.0  0.664090  0.746335  0.820398  0.752576  0.827747  0.732084  0.764021  0.727151  0.777550  0.690219  0.566024  0.700540  0.818616  0.597484  0.585199  0.528834  0.735342  0.828007  0.911566  0.772363  0.692725  0.628488  0.768005 
8  0.786176  0.713925  0.640087  0.707907  0.687371  0.778952  0.865380  0.664090 0.0  0.724257  0.766884  0.722531  0.665605  0.522717  0.648196  0.738414  0.539019  0.794846  0.455198  0.856203  0.683193  0.683371  0.485146  0.566522  0.825009  0.575856  0.715665  0.761321  0.704968  0.824197  0.690604 
9  0.655793  0.752097  0.715694  0.619270  0.816710  0.608197  0.845585  0.746335  0.724257 0.0  0.620812  0.545068  0.726032  0.695308  0.902530  0.826812  0.489571  0.917145  0.595725  0.758396  0.887952  0.715413  0.752339  0.660908  0.755426  0.486269  0.792675  0.458260  0.821058  0.758998  0.547878 
10  0.511163  0.668033  0.736471  0.373388  0.821059  0.436951  0.910057  0.820398  0.766884  0.620812 0.0  0.553203  0.671064  0.772186  0.781483  0.811375  0.522818  0.890179  0.710430  0.680249  0.816600  0.863290  0.535652  0.538378  0.801005  0.516677  0.856011  0.383314  0.751519  0.936652  0.435958 
11  0.470909  0.850624  0.857095  0.485867  0.956122  0.577175  0.861293  0.752576  0.722531  0.545068  0.553203 0.0  0.723041  0.917208  0.892992  0.796203  0.611624  0.841005  0.863334  0.509782  0.883880  0.781922  0.759114  0.819470  0.801530  0.421510  0.710307  0.527646  0.950896  0.867548  0.471268 
12  0.764189  0.665050  0.620739  0.588758  0.656789  0.691121  0.783887  0.827747  0.665605  0.726032  0.671064  0.723041 0.0  0.680519  0.708985  0.660838  0.607294  0.770932  0.659791  0.712689  0.829787  0.745556  0.599400  0.676327  0.707820  0.584634  0.715058  0.643603  0.463235  0.753764  0.644637 
13  0.764332  0.693980  0.631112  0.681130  0.481764  0.839513  0.888255  0.732084  0.522717  0.695308  0.772186  0.917208  0.680519 0.0  0.909553  0.737561  0.779341  0.893606  0.551940  0.865526  0.769493  0.640540  0.471920  0.400626  0.669049  0.829583  0.730407  0.640801  0.811134  0.734946  0.717311 
14  0.901402  0.808971  0.688122  0.966672  0.655689  0.785616  0.836864  0.764021  0.648196  0.902530  0.781483  0.892992  0.708985  0.909553 0.0  0.869507  0.916056  0.373649  0.776857  0.670170  0.327077  0.732121  0.900978  0.810054  0.620148  0.905655  1.000000  0.832399  0.720284  0.756949  0.888570 
15  0.918541  0.535468  0.317994  0.741417  0.804136  0.803631  0.939536  0.727151  0.738414  0.826812  0.811375  0.796203  0.660838  0.737561  0.869507 0.0  0.787792  0.751699  0.665311  0.842193  0.675094  0.803626  0.664855  0.650586  0.437955  0.811354  0.771665  0.829249  0.555673  0.949394  0.739115 
16  0.379098  0.642682  0.723750  0.576052  0.785566  0.399057  0.779572  0.777550  0.539019  0.489571  0.522818  0.611624  0.607294  0.779341  0.916056  0.787792 0.0  0.879833  0.677862  0.559920  0.782862  0.854326  0.739616  0.876396  0.850853  0.524808  0.741153  0.546194  0.756929  0.784993  0.432977 
17  0.804714  0.638879  0.814303  0.898585  0.683450  0.812630  0.820384  0.690219  0.794846  0.917145  0.890179  0.841005  0.770932  0.893606  0.373649  0.751699  0.879833 0.0  0.930459  0.778344  0.285092  0.730938  0.859195  0.792280  0.646106  0.800378  0.783571  0.755010  0.647155  0.796779  0.949573 
18  0.816244  0.773055  0.572324  0.761675  0.540093  0.636416  0.678678  0.566024  0.455198  0.595725  0.710430  0.863334  0.659791  0.551940  0.776857  0.665311  0.677862  0.930459 0.0  0.778622  0.756634  0.530604  0.411984  0.242444  0.696797  0.650916  0.692825  0.669866  0.687806  0.725546  0.740533 
19  0.672274  0.747965  0.769384  0.460753  0.716752  0.698533  0.872219  0.700540  0.856203  0.758396  0.680249  0.509782  0.712689  0.865526  0.670170  0.842193  0.559920  0.778344  0.778622 0.0  0.797324  0.933666  0.831705  0.762581  0.847014  0.502341  0.810988  0.426173  0.802093  0.765345  0.750207 
20  0.781155  0.670872  0.785069  0.902506  0.714831  0.975838  0.796610  0.818616  0.683193  0.887952  0.816600  0.883880  0.829787  0.769493  0.327077  0.675094  0.782862  0.285092  0.756634  0.797324 0.0  0.778128  0.847208  0.817700  0.718439  0.958457  0.853629  0.870206  0.772402  0.720987  0.777572 
21  0.807887  0.741865  0.823291  0.726887  0.492900  0.733739  0.644685  0.597484  0.683371  0.715413  0.863290  0.781922  0.745556  0.640540  0.732121  0.803626  0.854326  0.730938  0.530604  0.933666  0.778128 0.0  0.539813  0.705651  0.776716  0.839162  0.800239  0.850108  0.802613  0.703179  0.823769 
22  0.915766  0.704090  0.709714  0.664231  0.497472  0.773040  0.724258  0.585199  0.485146  0.752339  0.535652  0.759114  0.599400  0.471920  0.900978  0.664855  0.739616  0.859195  0.411984  0.831705  0.847208  0.539813 0.0  0.445207  0.714000  0.763228  0.626669  0.799090  0.790641  0.829532  0.833517 
23  0.849205  0.729508  0.672644  0.672401  0.577702  0.734223  0.785946  0.528834  0.566522  0.660908  0.538378  0.819470  0.676327  0.400626  0.810054  0.650586  0.876396  0.792280  0.242444  0.762581  0.817700  0.705651  0.445207 0.0  0.836241  0.794630  0.729939  0.709950  0.732967  0.746769  0.807130 
24  0.871431  0.394251  0.479261  0.705905  0.662111  0.714888  0.857732  0.735342  0.825009  0.755426  0.801005  0.801530  0.707820  0.669049  0.620148  0.437955  0.850853  0.646106  0.696797  0.847014  0.718439  0.776716  0.714000  0.836241 0.0  0.863206  0.817312  0.714382  0.289239  0.889981  0.812393 
25  0.497668  0.794741  0.637610  0.281569  0.905465  0.548036  0.765580  0.828007  0.575856  0.486269  0.516677  0.421510  0.584634  0.829583  0.905655  0.811354  0.524808  0.800378  0.650916  0.502341  0.958457  0.839162  0.763228  0.794630  0.863206 0.0  0.729913  0.322383  0.753781  0.775096  0.448401 
26  0.906325  0.688598  0.758529  0.637393  0.879233  0.771973  0.982825  0.911566  0.715665  0.792675  0.856011  0.710307  0.715058  0.730407  1.000000  0.771665  0.741153  0.783571  0.692825  0.810988  0.853629  0.800239  0.626669  0.729939  0.817312  0.729913 0.0  0.534677  0.780159  0.927544  0.815834 
27  0.716103  0.673095  0.634367  0.423278  0.768054  0.580031  0.794955  0.772363  0.761321  0.458260  0.383314  0.527646  0.643603  0.640801  0.832399  0.829249  0.546194  0.755010  0.669866  0.426173  0.870206  0.850108  0.799090  0.709950  0.714382  0.322383  0.534677 0.0  0.684807  0.970623  0.478711 
28  0.896215  0.383960  0.422817  0.761296  0.864067  0.802323  0.928001  0.692725  0.704968  0.821058  0.751519  0.950896  0.463235  0.811134  0.720284  0.555673  0.756929  0.647155  0.687806  0.802093  0.772402  0.802613  0.790641  0.732967  0.289239  0.753781  0.780159  0.684807 0.0  0.850512  0.743717 
29  0.805732  0.874004  0.882988  0.758350  0.553250  0.749942  0.502454  0.628488  0.824197  0.758998  0.936652  0.867548  0.753764  0.734946  0.756949  0.949394  0.784993  0.796779  0.725546  0.765345  0.720987  0.703179  0.829532  0.746769  0.889981  0.775096  0.927544  0.970623  0.850512 0.0  0.757552 
30  0.536621  0.908315  0.770321  0.531634  0.903023  0.397565  0.722888  0.768005  0.690604  0.547878  0.435958  0.471268  0.644637  0.717311  0.888570  0.739115  0.432977  0.949573  0.740533  0.750207  0.777572  0.823769  0.833517  0.807130  0.812393  0.448401  0.815834  0.478711  0.743717  0.757552 0.0 
