31
0 0.0  0.427234  0.426724  0.408108  0.305553  0.375315  0.851026  0.259713  0.680547  0.374752  0.000000  0.935217  0.073189  0.704413  0.121559  0.095199  0.118134  0.729013  0.691859  0.776827  0.203323  0.123422  0.262558  0.680216  0.131355  0.293887  0.767504  0.276116  0.357501  0.494790  0.043953 
1  0.427234 0.0  0.595945  0.455515  0.514430  0.532250  0.752460  0.443043  0.542782  0.278615  0.240378  0.685418  0.265534  0.529109  0.314508  0.171734  0.289006  0.496461  0.429760  0.551429  0.482498  0.362448  0.512441  0.586598  0.261711  0.482338  0.524464  0.519073  0.562081  0.655326  0.227936 
2  0.426724  0.595945 0.0  0.369402  0.384454  0.423725  0.576997  0.452277  0.727287  0.579829  0.346309  0.536449  0.336710  0.812811  0.271954  0.317508  0.318698  0.643470  0.937618  0.659367  0.571848  0.295441  0.279249  0.776436  0.333352  0.355992  0.674814  0.458452  0.336239  0.553289  0.333193 
3  0.408108  0.455515  0.369402 0.0  0.238378  0.104256  0.768718  0.345736  0.551202  0.566359  0.568612  0.760563  0.277669  0.570305  0.496740  0.479054  0.497378  0.599774  0.750967  0.694559  0.383243  0.279223  0.338181  0.629847  0.458275  0.308097  0.506844  0.005138  0.423992  0.374708  0.465127 
4  0.305553  0.514430  0.384454  0.238378 0.0  0.060588  0.707107  0.347736  0.521094  0.660496  0.477801  0.793458  0.478092  0.597314  0.272699  0.547658  0.486052  0.682290  0.762640  0.509629  0.395616  0.187828  0.327033  0.629718  0.489441  0.323183  0.685617  0.140399  0.515842  0.295429  0.549188 
5  0.375315  0.532250  0.423725  0.104256  0.060588 0.0  0.853278  0.276238  0.444751  0.677619  0.366193  0.787544  0.443815  0.442614  0.527182  0.334401  0.400689  0.619556  0.778502  0.685981  0.394511  0.334618  0.255784  0.540496  0.422677  0.296396  0.442158  0.238239  0.324466  0.273653  0.334095 
6  0.851026  0.752460  0.576997  0.768718  0.707107  0.853278 0.0  0.849457  0.835422  0.640789  0.834153  0.151836  0.774674  0.352313  0.766124  0.769729  0.763184  0.225521  0.438971  0.195453  0.831439  0.807515  0.673522  0.337467  0.701340  0.687577  0.318252  0.745972  0.811729  0.766926  0.779424 
7  0.259713  0.443043  0.452277  0.345736  0.347736  0.276238  0.849457 0.0  0.790360  0.445386  0.210392  0.830244  0.077609  0.647553  0.226910  0.129189  0.110302  0.686118  0.587534  0.689314  0.137254  0.068978  0.298630  0.727623  0.132374  0.387140  0.656851  0.369793  0.297948  0.429824  0.024040 
8  0.680547  0.542782  0.727287  0.551202  0.521094  0.444751  0.835422  0.790360 0.0  0.625736  0.773673  0.806753  0.790633  0.475525  0.731695  0.665727  0.786608  0.642631  0.720576  0.924662  0.783295  0.827048  0.709173  0.470703  0.709779  0.681795  0.446284  0.408656  0.790541  0.675623  0.747196 
9  0.374752  0.278615  0.579829  0.566359  0.660496  0.677619  0.640789  0.445386  0.625736 0.0  0.251782  0.544698  0.358640  0.645832  0.377703  0.271381  0.348669  0.500397  0.401208  0.482382  0.288882  0.434379  0.540644  0.527200  0.363719  0.461354  0.668352  0.668934  0.578555  0.654349  0.382298 
10  0.000000  0.240378  0.346309  0.568612  0.477801  0.366193  0.834153  0.210392  0.773673  0.251782 0.0  0.749523  0.139418  1.000000  0.124024  0.082093  0.216587  0.623541  0.416842  0.700916  0.000000  0.087765  0.252968  0.899391  0.240452  0.245673  0.890956  0.322896  0.542048  0.329994  0.131101 
11  0.935217  0.685418  0.536449  0.760563  0.793458  0.787544  0.151836  0.830244  0.806753  0.544698  0.749523 0.0  0.698942  0.242680  0.753026  0.737125  0.781789  0.330000  0.384645  0.293370  0.861364  0.744636  0.808169  0.308669  0.781154  0.749329  0.324386  0.820012  0.775435  0.914341  0.810498 
12  0.073189  0.265534  0.336710  0.277669  0.478092  0.443815  0.774674  0.077609  0.790633  0.358640  0.139418  0.698942 0.0  0.891977  0.077762  0.254132  0.200501  0.649073  0.451569  0.606872  0.175492  0.041058  0.347353  0.892931  0.313054  0.194447  0.851522  0.323807  0.446073  0.378324  0.148973 
13  0.704413  0.529109  0.812811  0.570305  0.597314  0.442614  0.352313  0.647553  0.475525  0.645832  1.000000  0.242680  0.891977 0.0  0.827201  0.895359  0.923663  0.359482  0.271483  0.260273  0.756266  0.784102  0.795988  0.147609  0.934575  0.743598  0.081157  0.469349  0.894171  0.774066  0.845889 
14  0.121559  0.314508  0.271954  0.496740  0.272699  0.527182  0.766124  0.226910  0.731695  0.377703  0.124024  0.753026  0.077762  0.827201 0.0  0.005744  0.103662  0.720394  0.533490  0.747630  0.220115  0.091129  0.202656  0.845148  0.102507  0.330708  0.855609  0.392033  0.449405  0.494360  0.144179 
15  0.095199  0.171734  0.317508  0.479054  0.547658  0.334401  0.769729  0.129189  0.665727  0.271381  0.082093  0.737125  0.254132  0.895359  0.005744 0.0  0.238989  0.676711  0.486524  0.693407  0.133324  0.010109  0.338498  0.943319  0.104796  0.286319  0.902586  0.472655  0.512256  0.292513  0.200867 
16  0.118134  0.289006  0.318698  0.497378  0.486052  0.400689  0.763184  0.110302  0.786608  0.348669  0.216587  0.781789  0.200501  0.923663  0.103662  0.238989 0.0  0.811868  0.548027  0.762752  0.103623  0.101367  0.288633  0.979127  0.216663  0.355843  0.892683  0.293839  0.523112  0.448101  0.121881 
17  0.729013  0.496461  0.643470  0.599774  0.682290  0.619556  0.225521  0.686118  0.642631  0.500397  0.623541  0.330000  0.649073  0.359482  0.720394  0.676711  0.811868 0.0  0.232509  0.175156  0.660409  0.817106  0.774122  0.215919  0.659411  0.761668  0.269198  0.653425  0.649136  0.755240  0.677764 
18  0.691859  0.429760  0.937618  0.750967  0.762640  0.778502  0.438971  0.587534  0.720576  0.401208  0.416842  0.384645  0.451569  0.271483  0.533490  0.486524  0.548027  0.232509 0.0  0.237990  0.603924  0.519468  0.712853  0.323302  0.466654  0.681162  0.292493  0.812752  0.732596  0.814156  0.527624 
19  0.776827  0.551429  0.659367  0.694559  0.509629  0.685981  0.195453  0.689314  0.924662  0.482382  0.700916  0.293370  0.606872  0.260273  0.747630  0.693407  0.762752  0.175156  0.237990 0.0  0.683762  0.762212  0.814033  0.258347  0.735347  0.675760  0.225021  0.653660  0.646321  0.733508  0.730711 
20  0.203323  0.482498  0.571848  0.383243  0.395616  0.394511  0.831439  0.137254  0.783295  0.288882  0.000000  0.861364  0.175492  0.756266  0.220115  0.133324  0.103623  0.660409  0.603924  0.683762 0.0  0.044781  0.278337  0.659096  0.002675  0.335886  0.681116  0.356939  0.202100  0.442495  0.022402 
21  0.123422  0.362448  0.295441  0.279223  0.187828  0.334618  0.807515  0.068978  0.827048  0.434379  0.087765  0.744636  0.041058  0.784102  0.091129  0.010109  0.101367  0.817106  0.519468  0.762212  0.044781 0.0  0.395650  0.757420  0.011062  0.332796  0.707213  0.354312  0.350150  0.472324  0.149019 
22  0.262558  0.512441  0.279249  0.338181  0.327033  0.255784  0.673522  0.298630  0.709173  0.540644  0.252968  0.808169  0.347353  0.795988  0.202656  0.338498  0.288633  0.774122  0.712853  0.814033  0.278337  0.395650 0.0  0.665343  0.211205  0.282857  0.736760  0.202880  0.226842  0.254142  0.340677 
23  0.680216  0.586598  0.776436  0.629847  0.629718  0.540496  0.337467  0.727623  0.470703  0.527200  0.899391  0.308669  0.892931  0.147609  0.845148  0.943319  0.979127  0.215919  0.323302  0.258347  0.659096  0.757420  0.665343 0.0  0.968716  0.649193  0.234813  0.531755  0.861653  0.865954  0.976251 
24  0.131355  0.261711  0.333352  0.458275  0.489441  0.422677  0.701340  0.132374  0.709779  0.363719  0.240452  0.781154  0.313054  0.934575  0.102507  0.104796  0.216663  0.659411  0.466654  0.735347  0.002675  0.011062  0.211205  0.968716 0.0  0.198592  0.852399  0.356853  0.440007  0.375504  0.117397 
25  0.293887  0.482338  0.355992  0.308097  0.323183  0.296396  0.687577  0.387140  0.681795  0.461354  0.245673  0.749329  0.194447  0.743598  0.330708  0.286319  0.355843  0.761668  0.681162  0.675760  0.335886  0.332796  0.282857  0.649193  0.198592 0.0  0.675454  0.141120  0.169615  0.218685  0.300090 
26  0.767504  0.524464  0.674814  0.506844  0.685617  0.442158  0.318252  0.656851  0.446284  0.668352  0.890956  0.324386  0.851522  0.081157  0.855609  0.902586  0.892683  0.269198  0.292493  0.225021  0.681116  0.707213  0.736760  0.234813  0.852399  0.675454 0.0  0.450578  0.817288  0.733897  0.906309 
27  0.276116  0.519073  0.458452  0.005138  0.140399  0.238239  0.745972  0.369793  0.408656  0.668934  0.322896  0.820012  0.323807  0.469349  0.392033  0.472655  0.293839  0.653425  0.812752  0.653660  0.356939  0.354312  0.202880  0.531755  0.356853  0.141120  0.450578 0.0  0.290588  0.318676  0.373599 
28  0.357501  0.562081  0.336239  0.423992  0.515842  0.324466  0.811729  0.297948  0.790541  0.578555  0.542048  0.775435  0.446073  0.894171  0.449405  0.512256  0.523112  0.649136  0.732596  0.646321  0.202100  0.350150  0.226842  0.861653  0.440007  0.169615  0.817288  0.290588 0.0  0.156584  0.529063 
29  0.494790  0.655326  0.553289  0.374708  0.295429  0.273653  0.766926  0.429824  0.675623  0.654349  0.329994  0.914341  0.378324  0.774066  0.494360  0.292513  0.448101  0.755240  0.814156  0.733508  0.442495  0.472324  0.254142  0.865954  0.375504  0.218685  0.733897  0.318676  0.156584 0.0  0.312065 
30  0.043953  0.227936  0.333193  0.465127  0.549188  0.334095  0.779424  0.024040  0.747196  0.382298  0.131101  0.810498  0.148973  0.845889  0.144179  0.200867  0.121881  0.677764  0.527624  0.730711  0.022402  0.149019  0.340677  0.976251  0.117397  0.300090  0.906309  0.373599  0.529063  0.312065 0.0 
