31
0 0.0  0.520350  0.200053  0.542784  0.661935  0.495172  0.735831  0.360620  0.710259  0.094046  0.490378  0.652631  0.805526  0.760951  0.534238  0.263364  0.688664  0.582507  0.376996  0.663897  0.806349  0.498197  0.282340  0.143749  0.754154  0.653021  0.650525  0.486158  0.431230  0.451192  0.455458 
1  0.520350 0.0  0.520049  0.423894  0.626673  0.619149  0.879144  0.768781  0.910715  0.491176  0.633575  0.714936  0.399260  0.730562  0.566724  0.277699  0.288763  0.500046  0.877043  0.916799  0.844057  0.757814  0.745364  0.693372  0.570369  0.740247  0.853739  0.403689  0.609363  0.827651  0.511233 
2  0.200053  0.520049 0.0  0.606849  0.765975  0.496961  0.746757  0.442115  0.729863  0.172192  0.416882  0.563301  0.904818  0.701766  0.523806  0.473549  0.682262  0.556828  0.303818  0.754973  0.814980  0.472969  0.341239  0.351681  0.581454  0.718618  0.667076  0.452499  0.437857  0.397146  0.460134 
3  0.542784  0.423894  0.606849 0.0  0.233080  0.066342  0.274526  0.863784  0.320967  0.623570  0.092496  0.091591  0.878095  0.343626  0.059623  0.463442  0.784433  0.161092  0.794781  0.325484  0.513979  0.057861  0.700995  0.650213  0.240221  0.321151  0.375991  0.104891  0.059282  0.732234  0.085602 
4  0.661935  0.626673  0.765975  0.233080 0.0  0.311977  0.085106  0.687588  0.112587  0.707800  0.440421  0.240584  0.681915  0.084462  0.261932  0.460722  0.609774  0.339918  0.462729  0.140282  0.238742  0.393425  0.469419  0.642840  0.333739  0.467817  0.140251  0.214463  0.350352  0.532686  0.412129 
5  0.495172  0.619149  0.496961  0.066342  0.311977 0.0  0.388707  0.725610  0.385410  0.394744  0.135803  0.244768  0.824509  0.354920  0.166795  0.301028  0.814011  0.061021  0.954662  0.417306  0.336977  0.102086  0.825604  0.725140  0.048800  0.299852  0.436850  0.087494  0.193092  0.900702  0.108692 
6  0.735831  0.879144  0.746757  0.274526  0.085106  0.388707 0.0  0.688831  0.256089  0.708131  0.521517  0.259539  0.766537  0.063952  0.467544  0.445839  0.559371  0.230109  0.626668  0.150623  0.390487  0.462727  0.624848  0.647857  0.416019  0.334388  0.182037  0.370791  0.401548  0.587323  0.357736 
7  0.360620  0.768781  0.442115  0.863784  0.687588  0.725610  0.688831 0.0  0.715361  0.493197  0.625042  0.604102  0.581635  0.690009  0.781244  0.639808  0.688255  0.844957  0.332379  0.723361  0.569598  0.708448  0.403481  0.215067  0.870206  0.494574  0.688819  0.704299  0.694773  0.435803  0.691783 
8  0.710259  0.910715  0.729863  0.320967  0.112587  0.385410  0.256089  0.715361 0.0  0.768632  0.354596  0.380151  0.640966  0.061553  0.463968  0.441090  0.527226  0.331342  0.627992  0.283522  0.390640  0.524350  0.661470  0.640303  0.352975  0.289213  0.194587  0.395444  0.355880  0.572873  0.349396 
9  0.094046  0.491176  0.172192  0.623570  0.707800  0.394744  0.708131  0.493197  0.768632 0.0  0.446870  0.678046  0.798035  0.779919  0.401271  0.265763  0.761447  0.614872  0.377515  0.723232  0.991892  0.395906  0.260665  0.245718  0.554084  0.776548  0.584856  0.537849  0.544368  0.310546  0.464566 
10  0.490378  0.633575  0.416882  0.092496  0.440421  0.135803  0.521517  0.625042  0.354596  0.446870 0.0  0.439938  0.782437  0.250847  0.156240  0.408932  0.685409  0.038764  0.884173  0.530461  0.274918  0.154471  0.807006  0.668431  0.066913  0.279912  0.506222  0.000000  0.155661  0.829950  0.117322 
11  0.652631  0.714936  0.563301  0.091591  0.240584  0.244768  0.259539  0.604102  0.380151  0.678046  0.439938 0.0  0.617004  0.267369  0.371608  0.392103  0.579857  0.197333  0.854974  0.288859  0.289565  0.340564  0.686357  0.700544  0.147233  0.181866  0.280505  0.131233  0.384202  0.697448  0.267627 
12  0.805526  0.399260  0.904818  0.878095  0.681915  0.824509  0.766537  0.581635  0.640966  0.798035  0.782437  0.617004 0.0  0.633606  0.775049  0.716848  0.294695  0.731159  0.799968  0.688588  0.595206  0.743918  0.753164  0.704649  0.875964  0.532297  0.706109  0.745953  0.696818  0.725494  0.878127 
13  0.760951  0.730562  0.701766  0.343626  0.084462  0.354920  0.063952  0.690009  0.061553  0.779919  0.250847  0.267369  0.633606 0.0  0.438064  0.510914  0.418200  0.314680  0.519973  0.086635  0.276499  0.317352  0.410421  0.622169  0.263001  0.357664  0.035841  0.450900  0.204207  0.544272  0.452404 
14  0.534238  0.566724  0.523806  0.059623  0.261932  0.166795  0.467544  0.781244  0.463968  0.401271  0.156240  0.371608  0.775049  0.438064 0.0  0.302108  0.727068  0.027463  0.787972  0.474772  0.377356  0.302146  0.821481  0.712840  0.176468  0.259007  0.408438  0.063786  0.141178  0.927975  0.044036 
15  0.263364  0.277699  0.473549  0.463442  0.460722  0.301028  0.445839  0.639808  0.441090  0.265763  0.408932  0.392103  0.716848  0.510914  0.302108 0.0  0.611762  0.375832  0.557139  0.434022  0.733137  0.312391  0.616931  0.390190  0.424312  0.593132  0.572260  0.289105  0.330745  0.578513  0.151768 
16  0.688664  0.288763  0.682262  0.784433  0.609774  0.814011  0.559371  0.688255  0.527226  0.761447  0.685409  0.579857  0.294695  0.418200  0.727068  0.611762 0.0  0.729382  0.462723  0.491560  0.733488  0.729811  0.461995  0.692001  0.809443  0.816504  0.445506  0.764385  0.856009  0.498234  0.724740 
17  0.582507  0.500046  0.556828  0.161092  0.339918  0.061021  0.230109  0.844957  0.331342  0.614872  0.038764  0.197333  0.731159  0.314680  0.027463  0.375832  0.729382 0.0  0.743043  0.376965  0.422368  0.017201  0.681607  0.728706  0.239961  0.378147  0.200710  0.095849  0.002517  0.737963  0.047064 
18  0.376996  0.877043  0.303818  0.794781  0.462729  0.954662  0.626668  0.332379  0.627992  0.377515  0.884173  0.854974  0.799968  0.519973  0.787972  0.557139  0.462723  0.743043 0.0  0.601052  0.667169  0.864632  0.234418  0.246002  0.777851  0.712698  0.573797  0.741806  0.863476  0.185892  0.746839 
19  0.663897  0.916799  0.754973  0.325484  0.140282  0.417306  0.150623  0.723361  0.283522  0.723232  0.530461  0.288859  0.688588  0.086635  0.474772  0.434022  0.491560  0.376965  0.601052 0.0  0.394042  0.490736  0.607844  0.697116  0.432683  0.312536  0.160526  0.198731  0.469816  0.656004  0.344759 
20  0.806349  0.844057  0.814980  0.513979  0.238742  0.336977  0.390487  0.569598  0.390640  0.991892  0.274918  0.289565  0.595206  0.276499  0.377356  0.733137  0.733488  0.422368  0.667169  0.394042 0.0  0.344938  0.809046  0.697499  0.446385  0.044301  0.374459  0.320576  0.368992  0.720163  0.289491 
21  0.498197  0.757814  0.472969  0.057861  0.393425  0.102086  0.462727  0.708448  0.524350  0.395906  0.154471  0.340564  0.743918  0.317352  0.302146  0.312391  0.729811  0.017201  0.864632  0.490736  0.344938 0.0  0.880828  0.735638  0.055708  0.250941  0.475136  0.162422  0.210953  0.852596  0.000000 
22  0.282340  0.745364  0.341239  0.700995  0.469419  0.825604  0.624848  0.403481  0.661470  0.260665  0.807006  0.686357  0.753164  0.410421  0.821481  0.616931  0.461995  0.681607  0.234418  0.607844  0.809046  0.880828 0.0  0.345647  0.718346  0.883726  0.632151  0.724088  1.000000  0.281957  0.671338 
23  0.143749  0.693372  0.351681  0.650213  0.642840  0.725140  0.647857  0.215067  0.640303  0.245718  0.668431  0.700544  0.704649  0.622169  0.712840  0.390190  0.692001  0.728706  0.246002  0.697116  0.697499  0.735638  0.345647 0.0  0.669135  0.710846  0.651990  0.745327  0.682059  0.243431  0.629470 
24  0.754154  0.570369  0.581454  0.240221  0.333739  0.048800  0.416019  0.870206  0.352975  0.554084  0.066913  0.147233  0.875964  0.263001  0.176468  0.424312  0.809443  0.239961  0.777851  0.432683  0.446385  0.055708  0.718346  0.669135 0.0  0.300593  0.409242  0.130456  0.045549  0.742930  0.068065 
25  0.653021  0.740247  0.718618  0.321151  0.467817  0.299852  0.334388  0.494574  0.289213  0.776548  0.279912  0.181866  0.532297  0.357664  0.259007  0.593132  0.816504  0.378147  0.712698  0.312536  0.044301  0.250941  0.883726  0.710846  0.300593 0.0  0.410968  0.304604  0.377663  0.803286  0.298658 
26  0.650525  0.853739  0.667076  0.375991  0.140251  0.436850  0.182037  0.688819  0.194587  0.584856  0.506222  0.280505  0.706109  0.035841  0.408438  0.572260  0.445506  0.200710  0.573797  0.160526  0.374459  0.475136  0.632151  0.651990  0.409242  0.410968 0.0  0.323345  0.453237  0.507146  0.254399 
27  0.486158  0.403689  0.452499  0.104891  0.214463  0.087494  0.370791  0.704299  0.395444  0.537849  0.000000  0.131233  0.745953  0.450900  0.063786  0.289105  0.764385  0.095849  0.741806  0.198731  0.320576  0.162422  0.724088  0.745327  0.130456  0.304604  0.323345 0.0  0.101806  0.770068  0.236333 
28  0.431230  0.609363  0.437857  0.059282  0.350352  0.193092  0.401548  0.694773  0.355880  0.544368  0.155661  0.384202  0.696818  0.204207  0.141178  0.330745  0.856009  0.002517  0.863476  0.469816  0.368992  0.210953  1.000000  0.682059  0.045549  0.377663  0.453237  0.101806 0.0  0.927367  0.058281 
29  0.451192  0.827651  0.397146  0.732234  0.532686  0.900702  0.587323  0.435803  0.572873  0.310546  0.829950  0.697448  0.725494  0.544272  0.927975  0.578513  0.498234  0.737963  0.185892  0.656004  0.720163  0.852596  0.281957  0.243431  0.742930  0.803286  0.507146  0.770068  0.927367 0.0  0.688404 
30  0.455458  0.511233  0.460134  0.085602  0.412129  0.108692  0.357736  0.691783  0.349396  0.464566  0.117322  0.267627  0.878127  0.452404  0.044036  0.151768  0.724740  0.047064  0.746839  0.344759  0.289491  0.000000  0.671338  0.629470  0.068065  0.298658  0.254399  0.236333  0.058281  0.688404 0.0 
