31
0 0.0  0.249230  0.831555  0.665171  0.389296  0.796028  0.847631  0.318383  0.801422  0.815594  0.854320  0.744061  0.965832  0.736273  0.816394  0.773566  0.492814  0.756031  0.734491  0.410339  0.205614  0.749206  0.778355  0.780702  0.721696  0.877806  0.875899  0.794499  0.515276  0.893607  0.622847 
1  0.249230 0.0  0.791752  0.610139  0.275189  0.730967  0.917883  0.410718  0.697003  0.772259  0.962632  0.899755  0.888975  0.684505  0.763182  0.799068  0.475568  0.656197  0.774116  0.343948  0.282401  0.790666  0.686720  0.796785  0.681639  0.692440  0.862515  0.754637  0.465648  0.885928  0.675331 
2  0.831555  0.791752 0.0  0.293946  0.671058  0.654286  0.816058  1.000000  0.535411  0.881255  0.728167  0.948495  0.427568  0.424468  0.525628  0.774198  0.430382  0.673595  0.749156  0.827510  0.642634  0.500572  0.923030  0.825865  0.795527  0.588557  0.709221  0.690645  0.484699  0.584111  0.726217 
3  0.665171  0.610139  0.293946 0.0  0.442738  0.383694  0.675936  0.608881  0.363386  0.520908  0.427221  0.594724  0.434503  0.632309  0.359129  0.669590  0.339814  0.317529  0.706241  0.654035  0.385091  0.423026  0.595236  0.639436  0.599205  0.386029  0.615426  0.280038  0.409611  0.395059  0.603836 
4  0.389296  0.275189  0.671058  0.442738 0.0  0.727868  0.686844  0.220295  0.742215  0.695595  0.743585  0.602584  0.613472  0.710753  0.732367  0.697947  0.255456  0.673491  0.688600  0.258426  0.216823  0.719082  0.670105  0.723134  0.673404  0.699953  0.742968  0.772516  0.308797  0.667371  0.575466 
5  0.796028  0.730967  0.654286  0.383694  0.727868 0.0  0.369821  0.939887  0.077337  0.469727  0.331189  0.489699  0.021123  0.767159  0.156255  0.508010  0.532135  0.212735  0.220321  0.784772  0.673381  0.015570  0.561187  0.317762  0.582193  0.333044  0.298572  0.185390  0.536350  0.016122  0.383521 
6  0.847631  0.917883  0.816058  0.675936  0.686844  0.369821 0.0  0.610058  0.481425  0.055497  0.440576  0.079696  0.358236  0.858239  0.481687  0.081852  0.870827  0.288293  0.183176  0.520633  0.821101  0.333744  0.234638  0.161284  0.246618  0.540982  0.232332  0.448614  0.810287  0.453597  0.337196 
7  0.318383  0.410718  1.000000  0.608881  0.220295  0.939887  0.610058 0.0  0.905935  0.768633  0.903842  0.576017  0.782421  0.760186  0.864611  0.470208  0.414527  0.956970  0.540764  0.152623  0.316928  0.704854  0.635118  0.478218  0.657903  0.889648  0.734420  0.966156  0.384245  0.808335  0.747366 
8  0.801422  0.697003  0.535411  0.363386  0.742215  0.077337  0.481425  0.905935 0.0  0.466394  0.170342  0.493493  0.114941  0.705995  0.137771  0.473700  0.525748  0.190130  0.214170  0.974366  0.701162  0.112289  0.482929  0.440429  0.482551  0.138586  0.384930  0.087348  0.549719  0.177423  0.361989 
9  0.815594  0.772259  0.881255  0.520908  0.695595  0.469727  0.055497  0.768633  0.466394 0.0  0.330229  0.248796  0.271123  0.877348  0.435186  0.240323  0.845729  0.541721  0.100859  0.545875  0.701696  0.409910  0.137482  0.121600  0.293419  0.555587  0.401901  0.492015  0.793502  0.333346  0.427690 
10  0.854320  0.962632  0.728167  0.427221  0.743585  0.331189  0.440576  0.903842  0.170342  0.330229 0.0  0.366463  0.138914  0.802202  0.079597  0.367277  0.707650  0.190698  0.514783  0.881753  0.710364  0.108562  0.450755  0.398840  0.361692  0.122964  0.409378  0.258363  0.585009  0.113879  0.395914 
11  0.744061  0.899755  0.948495  0.594724  0.602584  0.489699  0.079696  0.576017  0.493493  0.248796  0.366463 0.0  0.335679  0.633668  0.435103  0.218113  0.719867  0.508514  0.032826  0.647696  0.752276  0.372938  0.168203  0.072991  0.205252  0.534645  0.313262  0.583056  0.817412  0.427538  0.259334 
12  0.965832  0.888975  0.427568  0.434503  0.613472  0.021123  0.358236  0.782421  0.114941  0.271123  0.138914  0.335679 0.0  0.828649  0.116758  0.338179  0.542724  0.062427  0.380239  0.802079  0.807657  0.025692  0.363224  0.365786  0.305731  0.000000  0.384472  0.125174  0.698056  0.299477  0.508171 
13  0.736273  0.684505  0.424468  0.632309  0.710753  0.767159  0.858239  0.760186  0.705995  0.877348  0.802202  0.633668  0.828649 0.0  0.848091  0.841789  0.851040  0.755444  0.768691  0.797266  0.714310  0.790265  0.876029  0.759743  0.694830  0.621835  0.816904  0.840258  0.967009  0.930577  0.675988 
14  0.816394  0.763182  0.525628  0.359129  0.732367  0.156255  0.481687  0.864611  0.137771  0.435186  0.079597  0.435103  0.116758  0.848091 0.0  0.444259  0.515543  0.203450  0.232650  0.859778  0.792795  0.055324  0.432375  0.385521  0.507861  0.163007  0.255443  0.317055  0.579005  0.042943  0.286449 
15  0.773566  0.799068  0.774198  0.669590  0.697947  0.508010  0.081852  0.470208  0.473700  0.240323  0.367277  0.218113  0.338179  0.841789  0.444259 0.0  0.769873  0.522163  0.026308  0.688041  0.716803  0.389863  0.216925  0.000000  0.134631  0.488712  0.267008  0.369300  0.734232  0.311110  0.361323 
16  0.492814  0.475568  0.430382  0.339814  0.255456  0.532135  0.870827  0.414527  0.525748  0.845729  0.707650  0.719867  0.542724  0.851040  0.515543  0.769873 0.0  0.539290  0.759306  0.385621  0.301533  0.630775  0.750940  0.797023  0.734180  0.452221  0.942492  0.474763  0.062564  0.663259  0.830736 
17  0.756031  0.656197  0.673595  0.317529  0.673491  0.212735  0.288293  0.956970  0.190130  0.541721  0.190698  0.508514  0.062427  0.755444  0.203450  0.522163  0.539290 0.0  0.361576  0.903182  0.629971  0.056701  0.581624  0.422412  0.416763  0.242412  0.395082  0.289789  0.464548  0.000000  0.255418 
18  0.734491  0.774116  0.749156  0.706241  0.688600  0.220321  0.183176  0.540764  0.214170  0.100859  0.514783  0.032826  0.380239  0.768691  0.232650  0.026308  0.759306  0.361576 0.0  0.480621  0.756596  0.329596  0.166947  0.224284  0.092686  0.378890  0.351552  0.348314  0.736186  0.438811  0.300366 
19  0.410339  0.343948  0.827510  0.654035  0.258426  0.784772  0.520633  0.152623  0.974366  0.545875  0.881753  0.647696  0.802079  0.797266  0.859778  0.688041  0.385621  0.903182  0.480621 0.0  0.266273  0.758202  0.690717  0.620968  0.538776  0.940675  0.722290  0.807696  0.238589  0.722936  0.749343 
20  0.205614  0.282401  0.642634  0.385091  0.216823  0.673381  0.821101  0.316928  0.701162  0.701696  0.710364  0.752276  0.807657  0.714310  0.792795  0.716803  0.301533  0.629971  0.756596  0.266273 0.0  0.658911  0.685487  0.650239  0.776886  0.640474  0.742842  0.666204  0.259181  0.668887  0.734311 
21  0.749206  0.790666  0.500572  0.423026  0.719082  0.015570  0.333744  0.704854  0.112289  0.409910  0.108562  0.372938  0.025692  0.790265  0.055324  0.389863  0.630775  0.056701  0.329596  0.758202  0.658911 0.0  0.403770  0.413262  0.435397  0.069328  0.300751  0.176334  0.466411  0.000000  0.293928 
22  0.778355  0.686720  0.923030  0.595236  0.670105  0.561187  0.234638  0.635118  0.482929  0.137482  0.450755  0.168203  0.363224  0.876029  0.432375  0.216925  0.750940  0.581624  0.166947  0.690717  0.685487  0.403770 0.0  0.000000  0.126792  0.580328  0.277545  0.476220  0.798702  0.502321  0.287944 
23  0.780702  0.796785  0.825865  0.639436  0.723134  0.317762  0.161284  0.478218  0.440429  0.121600  0.398840  0.072991  0.365786  0.759743  0.385521  0.000000  0.797023  0.422412  0.224284  0.620968  0.650239  0.413262  0.000000 0.0  0.134954  0.324722  0.383764  0.305720  0.893312  0.402998  0.332769 
24  0.721696  0.681639  0.795527  0.599205  0.673404  0.582193  0.246618  0.657903  0.482551  0.293419  0.361692  0.205252  0.305731  0.694830  0.507861  0.134631  0.734180  0.416763  0.092686  0.538776  0.776886  0.435397  0.126792  0.134954 0.0  0.514314  0.334429  0.385591  0.863796  0.236809  0.439807 
25  0.877806  0.692440  0.588557  0.386029  0.699953  0.333044  0.540982  0.889648  0.138586  0.555587  0.122964  0.534645  0.000000  0.621835  0.163007  0.488712  0.452221  0.242412  0.378890  0.940675  0.640474  0.069328  0.580328  0.324722  0.514314 0.0  0.403648  0.196483  0.429793  0.142385  0.331569 
26  0.875899  0.862515  0.709221  0.615426  0.742968  0.298572  0.232332  0.734420  0.384930  0.401901  0.409378  0.313262  0.384472  0.816904  0.255443  0.267008  0.942492  0.395082  0.351552  0.722290  0.742842  0.300751  0.277545  0.383764  0.334429  0.403648 0.0  0.335396  0.962608  0.577531  0.619790 
27  0.794499  0.754637  0.690645  0.280038  0.772516  0.185390  0.448614  0.966156  0.087348  0.492015  0.258363  0.583056  0.125174  0.840258  0.317055  0.369300  0.474763  0.289789  0.348314  0.807696  0.666204  0.176334  0.476220  0.305720  0.385591  0.196483  0.335396 0.0  0.467410  0.100930  0.359526 
28  0.515276  0.465648  0.484699  0.409611  0.308797  0.536350  0.810287  0.384245  0.549719  0.793502  0.585009  0.817412  0.698056  0.967009  0.579005  0.734232  0.062564  0.464548  0.736186  0.238589  0.259181  0.466411  0.798702  0.893312  0.863796  0.429793  0.962608  0.467410 0.0  0.712479  0.846763 
29  0.893607  0.885928  0.584111  0.395059  0.667371  0.016122  0.453597  0.808335  0.177423  0.333346  0.113879  0.427538  0.299477  0.930577  0.042943  0.311110  0.663259  0.000000  0.438811  0.722936  0.668887  0.000000  0.502321  0.402998  0.236809  0.142385  0.577531  0.100930  0.712479 0.0  0.524063 
30  0.622847  0.675331  0.726217  0.603836  0.575466  0.383521  0.337196  0.747366  0.361989  0.427690  0.395914  0.259334  0.508171  0.675988  0.286449  0.361323  0.830736  0.255418  0.300366  0.749343  0.734311  0.293928  0.287944  0.332769  0.439807  0.331569  0.619790  0.359526  0.846763  0.524063 0.0 
