31
0 0.0  0.349081  0.559469  0.321115  0.395213  0.541131  0.782850  0.158163  0.126087  0.869719  0.324390  0.420779  0.016928  0.837402  0.379467  0.353307  0.313946  0.803890  0.912421  0.331281  0.276221  0.417976  0.322449  0.373665  0.227406  0.666330  0.084409  0.314610  0.399342  0.306025  0.323693 
1  0.349081 0.0  0.373614  0.063354  0.353035  0.104172  0.607919  0.478437  0.258917  0.701731  0.007265  0.160897  0.262148  0.753176  0.357891  0.000000  0.426665  0.559532  0.696268  0.125659  0.151764  0.729890  0.000000  0.153976  0.249623  0.836558  0.262373  0.178792  0.192718  0.044140  0.051024 
2  0.559469  0.373614 0.0  0.152303  0.465183  0.309813  0.387978  0.551056  0.456614  0.429795  0.281870  0.232367  0.594631  0.658451  0.577158  0.316187  0.655362  0.376131  0.515311  0.334346  0.383491  0.627211  0.240233  0.336308  0.415740  0.650739  0.579881  0.420348  0.358498  0.386044  0.343144 
3  0.321115  0.063354  0.152303 0.0  0.205027  0.043942  0.518570  0.312187  0.430198  0.531625  0.068329  0.161192  0.378806  0.798965  0.434071  0.207897  0.304674  0.494337  0.727952  0.250844  0.178764  0.877103  0.142226  0.249184  0.303223  0.673401  0.422972  0.146569  0.050321  0.209434  0.145778 
4  0.395213  0.353035  0.465183  0.205027 0.0  0.239446  0.738610  0.205909  0.265240  0.729596  0.238539  0.320450  0.239989  0.784211  0.261734  0.260630  0.326326  0.673179  0.743850  0.204378  0.246097  0.656913  0.274199  0.172196  0.244811  0.607486  0.225982  0.252505  0.297052  0.272262  0.308678 
5  0.541131  0.104172  0.309813  0.043942  0.239446 0.0  0.489951  0.404841  0.284073  0.366964  0.034678  0.122267  0.276158  0.802157  0.371366  0.021476  0.282380  0.510393  0.889408  0.110309  0.058786  0.765656  0.110211  0.100203  0.245125  0.733313  0.409577  0.083040  0.115148  0.055302  0.105762 
6  0.782850  0.607919  0.387978  0.518570  0.738610  0.489951 0.0  0.825925  0.705057  0.204251  0.533966  0.490125  0.734954  0.455036  0.742023  0.533216  0.844433  0.140467  0.355472  0.463905  0.512754  0.352725  0.416175  0.501910  0.556146  0.543116  0.784257  0.596110  0.627173  0.447848  0.404331 
7  0.158163  0.478437  0.551056  0.312187  0.205909  0.404841  0.825925 0.0  0.115968  0.777966  0.351258  0.346778  0.000292  0.838245  0.422616  0.423820  0.503304  0.870855  0.670690  0.491420  0.392095  0.623229  0.494441  0.360315  0.236044  0.918755  0.035718  0.357486  0.524410  0.415855  0.432805 
8  0.126087  0.258917  0.456614  0.430198  0.265240  0.284073  0.705057  0.115968 0.0  0.737279  0.330193  0.448137  0.177127  0.828968  0.419327  0.536098  0.437749  0.736084  0.723179  0.332137  0.405461  0.612900  0.325968  0.526809  0.350492  0.691317  0.253136  0.384858  0.326901  0.463386  0.521771 
9  0.869719  0.701731  0.429795  0.531625  0.729596  0.366964  0.204251  0.777966  0.737279 0.0  0.486169  0.556146  0.727630  0.379450  0.675078  0.510082  0.962980  0.295763  0.304320  0.481660  0.520580  0.375655  0.350634  0.353252  0.667408  0.485451  0.754672  0.626730  0.550404  0.546155  0.448187 
10  0.324390  0.007265  0.281870  0.068329  0.238539  0.034678  0.533966  0.351258  0.330193  0.486169 0.0  0.064074  0.397772  0.900585  0.364743  0.000000  0.283090  0.438951  0.758135  0.073406  0.074921  0.767313  0.192455  0.070078  0.210573  0.700727  0.330687  0.080035  0.010865  0.000000  0.150293 
11  0.420779  0.160897  0.232367  0.161192  0.320450  0.122267  0.490125  0.346778  0.448137  0.556146  0.064074 0.0  0.339547  0.763873  0.434370  0.284854  0.245955  0.502371  0.666534  0.197879  0.157002  0.955098  0.157095  0.256046  0.277960  0.703447  0.444270  0.083725  0.043110  0.200138  0.188630 
12  0.016928  0.262148  0.594631  0.378806  0.239989  0.276158  0.734954  0.000292  0.177127  0.727630  0.397772  0.339547 0.0  0.657314  0.267888  0.372322  0.309176  0.903012  0.698214  0.414893  0.434583  0.467150  0.511997  0.242015  0.329150  0.731040  0.000000  0.324254  0.359747  0.407778  0.365903 
13  0.837402  0.753176  0.658451  0.798965  0.784211  0.802157  0.455036  0.838245  0.828968  0.379450  0.900585  0.763873  0.657314 0.0  0.713784  0.790882  0.518721  0.363007  0.145758  0.720926  0.773342  0.361061  0.811931  0.769766  0.573242  0.080412  0.717571  0.837446  0.822982  0.686341  0.723981 
14  0.379467  0.357891  0.577158  0.434071  0.261734  0.371366  0.742023  0.422616  0.419327  0.675078  0.364743  0.434370  0.267888  0.713784 0.0  0.407617  0.397622  0.724601  0.727636  0.487299  0.577721  0.895575  0.391140  0.432625  0.343325  0.804526  0.505000  0.365486  0.323503  0.561889  0.474669 
15  0.353307  0.000000  0.316187  0.207897  0.260630  0.021476  0.533216  0.423820  0.536098  0.510082  0.000000  0.284854  0.372322  0.790882  0.407617 0.0  0.403980  0.360549  0.715370  0.198283  0.241536  0.876525  0.014804  0.267046  0.236965  0.666701  0.556800  0.092030  0.000000  0.262503  0.231142 
16  0.313946  0.426665  0.655362  0.304674  0.326326  0.282380  0.844433  0.503304  0.437749  0.962980  0.283090  0.245955  0.309176  0.518721  0.397622  0.403980 0.0  0.834251  0.549257  0.402146  0.288863  0.739943  0.302277  0.335976  0.201480  0.643682  0.258099  0.470562  0.418393  0.327501  0.412600 
17  0.803890  0.559532  0.376131  0.494337  0.673179  0.510393  0.140467  0.870855  0.736084  0.295763  0.438951  0.502371  0.903012  0.363007  0.724601  0.360549  0.834251 0.0  0.407053  0.387620  0.546843  0.199555  0.619518  0.484332  0.726152  0.437848  0.799240  0.525306  0.631942  0.482344  0.474341 
18  0.912421  0.696268  0.515311  0.727952  0.743850  0.889408  0.355472  0.670690  0.723179  0.304320  0.758135  0.666534  0.698214  0.145758  0.727636  0.715370  0.549257  0.407053 0.0  0.714887  0.830938  0.251806  0.739177  0.748134  0.632777  0.160869  0.773194  0.779260  0.773082  0.739342  0.683345 
19  0.331281  0.125659  0.334346  0.250844  0.204378  0.110309  0.463905  0.491420  0.332137  0.481660  0.073406  0.197879  0.414893  0.720926  0.487299  0.198283  0.402146  0.387620  0.714887 0.0  0.099050  0.912815  0.000000  0.198579  0.326003  0.588602  0.459597  0.125941  0.005160  0.118937  0.104692 
20  0.276221  0.151764  0.383491  0.178764  0.246097  0.058786  0.512754  0.392095  0.405461  0.520580  0.074921  0.157002  0.434583  0.773342  0.577721  0.241536  0.288863  0.546843  0.830938  0.099050 0.0  1.000000  0.146694  0.302647  0.398073  0.838078  0.553242  0.058929  0.069360  0.267710  0.224739 
21  0.417976  0.729890  0.627211  0.877103  0.656913  0.765656  0.352725  0.623229  0.612900  0.375655  0.767313  0.955098  0.467150  0.361061  0.895575  0.876525  0.739943  0.199555  0.251806  0.912815  1.000000 0.0  0.775490  0.755158  0.680152  0.407320  0.529248  0.738145  0.780511  0.859199  0.819847 
22  0.322449  0.000000  0.240233  0.142226  0.274199  0.110211  0.416175  0.494441  0.325968  0.350634  0.192455  0.157095  0.511997  0.811931  0.391140  0.014804  0.302277  0.619518  0.739177  0.000000  0.146694  0.775490 0.0  0.011851  0.184825  0.740510  0.413413  0.021817  0.037927  0.000000  0.029947 
23  0.373665  0.153976  0.336308  0.249184  0.172196  0.100203  0.501910  0.360315  0.526809  0.353252  0.070078  0.256046  0.242015  0.769766  0.432625  0.267046  0.335976  0.484332  0.748134  0.198579  0.302647  0.755158  0.011851 0.0  0.294298  0.862570  0.464215  0.037566  0.032877  0.196204  0.172061 
24  0.227406  0.249623  0.415740  0.303223  0.244811  0.245125  0.556146  0.236044  0.350492  0.667408  0.210573  0.277960  0.329150  0.573242  0.343325  0.236965  0.201480  0.726152  0.632777  0.326003  0.398073  0.680152  0.184825  0.294298 0.0  0.707107  0.276333  0.230782  0.273695  0.313340  0.350045 
25  0.666330  0.836558  0.650739  0.673401  0.607486  0.733313  0.543116  0.918755  0.691317  0.485451  0.700727  0.703447  0.731040  0.080412  0.804526  0.666701  0.643682  0.437848  0.160869  0.588602  0.838078  0.407320  0.740510  0.862570  0.707107 0.0  0.694927  0.770937  0.936900  0.863293  0.824887 
26  0.084409  0.262373  0.579881  0.422972  0.225982  0.409577  0.784257  0.035718  0.253136  0.754672  0.330687  0.444270  0.000000  0.717571  0.505000  0.556800  0.258099  0.799240  0.773194  0.459597  0.553242  0.529248  0.413413  0.464215  0.276333  0.694927 0.0  0.381205  0.355937  0.471421  0.527221 
27  0.314610  0.178792  0.420348  0.146569  0.252505  0.083040  0.596110  0.357486  0.384858  0.626730  0.080035  0.083725  0.324254  0.837446  0.365486  0.092030  0.470562  0.525306  0.779260  0.125941  0.058929  0.738145  0.021817  0.037566  0.230782  0.770937  0.381205 0.0  0.229158  0.132666  0.025296 
28  0.399342  0.192718  0.358498  0.050321  0.297052  0.115148  0.627173  0.524410  0.326901  0.550404  0.010865  0.043110  0.359747  0.822982  0.323503  0.000000  0.418393  0.631942  0.773082  0.005160  0.069360  0.780511  0.037927  0.032877  0.273695  0.936900  0.355937  0.229158 0.0  0.043602  0.049546 
29  0.306025  0.044140  0.386044  0.209434  0.272262  0.055302  0.447848  0.415855  0.463386  0.546155  0.000000  0.200138  0.407778  0.686341  0.561889  0.262503  0.327501  0.482344  0.739342  0.118937  0.267710  0.859199  0.000000  0.196204  0.313340  0.863293  0.471421  0.132666  0.043602 0.0  0.218555 
30  0.323693  0.051024  0.343144  0.145778  0.308678  0.105762  0.404331  0.432805  0.521771  0.448187  0.150293  0.188630  0.365903  0.723981  0.474669  0.231142  0.412600  0.474341  0.683345  0.104692  0.224739  0.819847  0.029947  0.172061  0.350045  0.824887  0.527221  0.025296  0.049546  0.218555 0.0 
