31
0 0.0  0.217249  0.195404  0.284615  0.639905  0.463267  0.081790  0.895809  0.648804  0.548804  0.082564  0.032057  0.386824  0.075693  0.704874  0.367841  0.448713  0.223167  0.550847  0.294987  0.399253  0.429349  0.445536  0.157821  0.428077  0.688922  0.472463  0.203181  0.530184  0.415649  0.121273 
1  0.217249 0.0  0.182187  0.393640  0.556159  0.468085  0.067484  0.917989  0.677561  0.496494  0.000000  0.016872  0.474062  0.081743  0.680728  0.343233  0.368792  0.167041  0.599951  0.337370  0.488501  0.526349  0.381757  0.177713  0.410042  0.593495  0.348480  0.264170  0.434119  0.430171  0.055673 
2  0.195404  0.182187 0.0  0.325647  0.618138  0.491694  0.135511  0.802501  0.864089  0.499770  0.063076  0.064523  0.462668  0.087576  0.776231  0.330188  0.331055  0.233436  0.568060  0.183989  0.455489  0.358396  0.426716  0.153752  0.482246  0.669005  0.378980  0.294155  0.468256  0.461765  0.087247 
3  0.284615  0.393640  0.325647 0.0  0.841400  0.076861  0.386742  0.462356  0.584574  0.093809  0.348775  0.342906  0.072350  0.476915  0.794246  0.524809  0.480438  0.297708  0.275465  0.198355  0.128069  0.031765  0.137863  0.307701  0.707900  0.637137  0.047461  0.124250  0.091243  0.083401  0.368878 
4  0.639905  0.556159  0.618138  0.841400 0.0  0.767291  0.285406  0.895111  0.405670  0.812534  0.516054  0.491897  1.000000  0.475083  0.417848  0.704191  0.688648  0.557240  0.610704  0.740698  0.912054  0.877085  0.830069  0.603948  0.567243  0.330681  0.795516  0.731691  0.781723  0.787793  0.424364 
5  0.463267  0.468085  0.491694  0.076861  0.767291 0.0  0.294945  0.614800  0.493432  0.138247  0.472360  0.296651  0.194412  0.302767  0.652647  0.274556  0.300718  0.427425  0.257200  0.045682  0.198507  0.198430  0.285124  0.477897  0.743453  0.660239  0.048623  0.032298  0.087395  0.294662  0.300142 
6  0.081790  0.067484  0.135511  0.386742  0.285406  0.294945 0.0  0.621841  0.701406  0.288120  0.042042  0.060666  0.400288  0.132506  0.669643  0.335788  0.240510  0.113430  0.573769  0.488957  0.306981  0.297996  0.387800  0.000000  0.381326  0.670288  0.500718  0.270544  0.317791  0.317512  0.072066 
7  0.895809  0.917989  0.802501  0.462356  0.895111  0.614800  0.621841 0.0  0.444286  0.648270  0.663868  0.817922  0.533623  0.803333  0.800668  0.696215  0.813974  0.819199  0.324469  0.450035  0.640892  0.629895  0.603032  0.899499  0.347745  0.639293  0.571429  0.429739  0.486627  0.475830  0.668405 
8  0.648804  0.677561  0.864089  0.584574  0.405670  0.493432  0.701406  0.444286 0.0  0.408446  0.789572  0.728727  0.440025  0.697481  0.183638  0.885006  0.945139  0.729243  0.260055  0.441463  0.542659  0.476757  0.372391  0.782929  0.781696  0.287396  0.559902  0.471277  0.493220  0.418667  0.690179 
9  0.548804  0.496494  0.499770  0.093809  0.812534  0.138247  0.288120  0.648270  0.408446 0.0  0.378197  0.297030  0.201299  0.310273  0.740092  0.292151  0.407170  0.366861  0.322550  0.028104  0.119005  0.267264  0.209882  0.391148  0.712862  0.709414  0.102051  0.000000  0.185407  0.226373  0.250838 
10  0.082564  0.000000  0.063076  0.348775  0.516054  0.472360  0.042042  0.663868  0.789572  0.378197 0.0  0.197514  0.372415  0.170187  0.908423  0.355742  0.392595  0.153529  0.703994  0.344198  0.425107  0.409637  0.376465  0.109058  0.637690  0.597068  0.356653  0.433837  0.297849  0.404889  0.181283 
11  0.032057  0.016872  0.064523  0.342906  0.491897  0.296651  0.060666  0.817922  0.728727  0.297030  0.197514 0.0  0.298917  0.044479  0.809139  0.346873  0.258622  0.095044  0.612260  0.228726  0.183448  0.330613  0.263853  0.141487  0.628818  0.707765  0.404646  0.461563  0.342985  0.351460  0.129973 
12  0.386824  0.474062  0.462668  0.072350  1.000000  0.194412  0.400288  0.533623  0.440025  0.201299  0.372415  0.298917 0.0  0.363549  0.811867  0.331275  0.264648  0.462570  0.406253  0.088202  0.096855  0.149926  0.274732  0.418022  0.770712  0.674343  0.061724  0.000000  0.153534  0.076941  0.359212 
13  0.075693  0.081743  0.087576  0.476915  0.475083  0.302767  0.132506  0.803333  0.697481  0.310273  0.170187  0.044479  0.363549 0.0  0.774958  0.442907  0.519212  0.005301  0.545862  0.439210  0.468722  0.489800  0.409737  0.250241  0.496327  0.650993  0.334005  0.445037  0.456869  0.439226  0.163572 
14  0.704874  0.680728  0.776231  0.794246  0.417848  0.652647  0.669643  0.800668  0.183638  0.740092  0.908423  0.809139  0.811867  0.774958 0.0  0.463904  0.784109  0.691152  0.591770  0.695236  0.701898  0.834063  0.804434  0.750097  0.799458  0.273694  0.846948  0.908442  0.736965  0.606151  0.845900 
15  0.367841  0.343233  0.330188  0.524809  0.704191  0.274556  0.335788  0.696215  0.885006  0.292151  0.355742  0.346873  0.331275  0.442907  0.463904 0.0  0.564620  0.434838  0.503251  0.347136  0.291453  0.252795  0.365738  0.372724  0.675783  0.680495  0.366110  0.276984  0.319619  0.331192  0.405738 
16  0.448713  0.368792  0.331055  0.480438  0.688648  0.300718  0.240510  0.813974  0.945139  0.407170  0.392595  0.258622  0.264648  0.519212  0.784109  0.564620 0.0  0.338874  0.597654  0.310387  0.334818  0.382257  0.377737  0.398212  0.762955  0.710214  0.308981  0.285094  0.367973  0.322419  0.269258 
17  0.223167  0.167041  0.233436  0.297708  0.557240  0.427425  0.113430  0.819199  0.729243  0.366861  0.153529  0.095044  0.462570  0.005301  0.691152  0.434838  0.338874 0.0  0.599913  0.529389  0.270063  0.380803  0.467565  0.142373  0.447776  0.639654  0.405893  0.217655  0.603675  0.513350  0.000302 
18  0.550847  0.599951  0.568060  0.275465  0.610704  0.257200  0.573769  0.324469  0.260055  0.322550  0.703994  0.612260  0.406253  0.545862  0.591770  0.503251  0.597654  0.599913 0.0  0.255371  0.446164  0.325199  0.317897  0.565265  0.635346  0.390464  0.277385  0.302492  0.365392  0.372749  0.686408 
19  0.294987  0.337370  0.183989  0.198355  0.740698  0.045682  0.488957  0.450035  0.441463  0.028104  0.344198  0.228726  0.088202  0.439210  0.695236  0.347136  0.310387  0.529389  0.255371 0.0  0.152524  0.054134  0.000000  0.308666  0.601829  0.590912  0.067209  0.064112  0.023225  0.050626  0.334003 
20  0.399253  0.488501  0.455489  0.128069  0.912054  0.198507  0.306981  0.640892  0.542659  0.119005  0.425107  0.183448  0.096855  0.468722  0.701898  0.291453  0.334818  0.270063  0.446164  0.152524 0.0  0.284198  0.209788  0.564547  0.633996  0.659215  0.174072  0.072126  0.254215  0.095674  0.236149 
21  0.429349  0.526349  0.358396  0.031765  0.877085  0.198430  0.297996  0.629895  0.476757  0.267264  0.409637  0.330613  0.149926  0.489800  0.834063  0.252795  0.382257  0.380803  0.325199  0.054134  0.284198 0.0  0.209095  0.484232  0.689018  0.712549  0.116983  0.050281  0.221462  0.228329  0.319682 
22  0.445536  0.381757  0.426716  0.137863  0.830069  0.285124  0.387800  0.603032  0.372391  0.209882  0.376465  0.263853  0.274732  0.409737  0.804434  0.365738  0.377737  0.467565  0.317897  0.000000  0.209788  0.209095 0.0  0.338045  0.777298  0.664432  0.216574  0.014532  0.247794  0.299660  0.346657 
23  0.157821  0.177713  0.153752  0.307701  0.603948  0.477897  0.000000  0.899499  0.782929  0.391148  0.109058  0.141487  0.418022  0.250241  0.750097  0.372724  0.398212  0.142373  0.565265  0.308666  0.564547  0.484232  0.338045 0.0  0.446811  0.630441  0.404799  0.199003  0.503830  0.439122  0.063897 
24  0.428077  0.410042  0.482246  0.707900  0.567243  0.743453  0.381326  0.347745  0.781696  0.712862  0.637690  0.628818  0.770712  0.496327  0.799458  0.675783  0.762955  0.447776  0.635346  0.601829  0.633996  0.689018  0.777298  0.446811 0.0  0.641710  0.741316  0.854618  0.652481  0.789512  0.582159 
25  0.688922  0.593495  0.669005  0.637137  0.330681  0.660239  0.670288  0.639293  0.287396  0.709414  0.597068  0.707765  0.674343  0.650993  0.273694  0.680495  0.710214  0.639654  0.390464  0.590912  0.659215  0.712549  0.664432  0.630441  0.641710 0.0  0.595317  0.712093  0.682788  0.606130  0.681413 
26  0.472463  0.348480  0.378980  0.047461  0.795516  0.048623  0.500718  0.571429  0.559902  0.102051  0.356653  0.404646  0.061724  0.334005  0.846948  0.366110  0.308981  0.405893  0.277385  0.067209  0.174072  0.116983  0.216574  0.404799  0.741316  0.595317 0.0  0.269047  0.175038  0.157359  0.445239 
27  0.203181  0.264170  0.294155  0.124250  0.731691  0.032298  0.270544  0.429739  0.471277  0.000000  0.433837  0.461563  0.000000  0.445037  0.908442  0.276984  0.285094  0.217655  0.302492  0.064112  0.072126  0.050281  0.014532  0.199003  0.854618  0.712093  0.269047 0.0  0.110724  0.107289  0.510034 
28  0.530184  0.434119  0.468256  0.091243  0.781723  0.087395  0.317791  0.486627  0.493220  0.185407  0.297849  0.342985  0.153534  0.456869  0.736965  0.319619  0.367973  0.603675  0.365392  0.023225  0.254215  0.221462  0.247794  0.503830  0.652481  0.682788  0.175038  0.110724 0.0  0.255193  0.344146 
29  0.415649  0.430171  0.461765  0.083401  0.787793  0.294662  0.317512  0.475830  0.418667  0.226373  0.404889  0.351460  0.076941  0.439226  0.606151  0.331192  0.322419  0.513350  0.372749  0.050626  0.095674  0.228329  0.299660  0.439122  0.789512  0.606130  0.157359  0.107289  0.255193 0.0  0.240076 
30  0.121273  0.055673  0.087247  0.368878  0.424364  0.300142  0.072066  0.668405  0.690179  0.250838  0.181283  0.129973  0.359212  0.163572  0.845900  0.405738  0.269258  0.000302  0.686408  0.334003  0.236149  0.319682  0.346657  0.063897  0.582159  0.681413  0.445239  0.510034  0.344146  0.240076 0.0 
