31
0 0.0  0.362533  0.340424  0.071131  0.001051  0.372956  0.338067  0.645814  0.024027  0.102596  0.361131  0.783856  0.385862  0.287389  0.469981  0.767380  0.023072  0.108801  0.470836  0.290658  0.668133  0.483416  0.446114  0.278355  0.502882  0.766167  0.521732  0.493815  0.368221  0.355187  0.692786 
1  0.362533 0.0  0.222452  0.418924  0.462831  0.000000  0.367816  0.577105  0.522468  0.462570  0.261277  0.496924  0.269047  0.125341  0.961559  0.702332  0.430434  0.352605  0.827447  0.307060  0.732152  0.101208  0.860398  0.228734  0.802312  0.654978  0.771487  0.050252  0.045563  0.151468  0.785423 
2  0.340424  0.222452 0.0  0.377212  0.386708  0.121359  0.250906  0.392949  0.498263  0.543601  0.264639  0.477805  0.323547  0.030937  0.877976  0.764350  0.404925  0.375813  0.752098  0.243392  0.568490  0.029049  0.837373  0.168631  0.679227  0.776596  0.746372  0.102780  0.105232  0.227891  0.752683 
3  0.071131  0.418924  0.377212 0.0  0.232642  0.444696  0.280443  0.740973  0.185594  0.168003  0.374842  0.806958  0.338449  0.391837  0.570090  0.817339  0.047287  0.117490  0.523215  0.319428  0.829925  0.449137  0.539862  0.310976  0.434897  0.816887  0.486451  0.331394  0.310080  0.431401  0.858303 
4  0.001051  0.462831  0.386708  0.232642 0.0  0.399114  0.332188  0.779600  0.107511  0.254515  0.426875  0.702149  0.263254  0.280757  0.597105  0.738018  0.303512  0.036061  0.679635  0.348149  0.774154  0.267373  0.592519  0.460401  0.417590  0.739182  0.611658  0.419796  0.409659  0.503273  0.692903 
5  0.372956  0.000000  0.121359  0.444696  0.399114 0.0  0.356878  0.509047  0.326395  0.288881  0.000000  0.440959  0.271691  0.164961  0.689232  0.765926  0.317967  0.489704  0.722320  0.240978  0.846108  0.099511  0.826672  0.047325  0.807173  0.709117  0.746754  0.057820  0.092508  0.088587  0.739103 
6  0.338067  0.367816  0.250906  0.280443  0.332188  0.356878 0.0  0.633540  0.289942  0.327648  0.240939  0.676825  0.270885  0.232720  0.707564  0.714262  0.227651  0.276403  0.613843  0.213479  0.715610  0.173466  0.614107  0.321460  0.600575  0.725815  0.657020  0.328220  0.276346  0.289534  0.564482 
7  0.645814  0.577105  0.392949  0.740973  0.779600  0.509047  0.633540 0.0  0.692897  0.812405  0.475444  0.144252  0.837715  0.660840  0.263866  0.211588  0.621754  0.725501  0.267189  0.659939  0.443610  0.576974  0.278984  0.468382  0.685928  0.471486  0.366835  0.548870  0.534220  0.488123  0.845108 
8  0.024027  0.522468  0.498263  0.185594  0.107511  0.326395  0.289942  0.692897 0.0  0.082990  0.418440  0.686333  0.278260  0.355070  0.573865  0.693689  0.199197  0.009982  0.589043  0.260683  0.740346  0.246747  0.623565  0.480702  0.446820  0.694205  0.571333  0.362976  0.339581  0.402460  0.711906 
9  0.102596  0.462570  0.543601  0.168003  0.254515  0.288881  0.327648  0.812405  0.082990 0.0  0.420863  0.686929  0.347118  0.386549  0.508582  0.803047  0.269326  0.042742  0.612676  0.308367  0.740705  0.475244  0.636011  0.543046  0.399872  0.752041  0.568870  0.309622  0.360257  0.446165  0.773990 
10  0.361131  0.261277  0.264639  0.374842  0.426875  0.000000  0.240939  0.475444  0.418440  0.420863 0.0  0.430497  0.391998  0.117391  0.833475  0.641412  0.443474  0.278045  0.924552  0.304146  0.794353  0.052873  0.825762  0.118925  0.685540  0.741873  0.869840  0.121146  0.085207  0.195505  0.680012 
11  0.783856  0.496924  0.477805  0.806958  0.702149  0.440959  0.676825  0.144252  0.686333  0.686929  0.430497 0.0  0.740305  0.577737  0.242357  0.346260  0.741715  0.606137  0.347069  0.712221  0.378875  0.371600  0.359943  0.553252  0.695991  0.414070  0.314391  0.459575  0.606008  0.444161  0.919823 
12  0.385862  0.269047  0.323547  0.338449  0.263254  0.271691  0.270885  0.837715  0.278260  0.347118  0.391998  0.740305 0.0  0.469959  0.735307  0.567378  0.278641  0.320151  0.714249  0.195507  0.488247  0.292252  0.688104  0.282825  0.710040  0.632520  0.690999  0.305505  0.354420  0.285567  0.486634 
13  0.287389  0.125341  0.030937  0.391837  0.280757  0.164961  0.232720  0.660840  0.355070  0.386549  0.117391  0.577737  0.469959 0.0  0.608801  0.754212  0.321738  0.359228  0.741614  0.288065  0.747010  0.031349  0.730015  0.019821  0.695804  0.815991  0.823443  0.000000  0.098636  0.115290  0.812806 
14  0.469981  0.961559  0.877976  0.570090  0.597105  0.689232  0.707564  0.263866  0.573865  0.508582  0.833475  0.242357  0.735307  0.608801 0.0  0.284148  0.489466  0.463084  0.217341  0.701003  0.343757  0.743902  0.303431  0.865408  0.451275  0.346983  0.204747  0.730979  0.799860  0.829455  0.766603 
15  0.767380  0.702332  0.764350  0.817339  0.738018  0.765926  0.714262  0.211588  0.693689  0.803047  0.641412  0.346260  0.567378  0.754212  0.284148 0.0  0.696256  1.000000  0.337456  0.636458  0.133749  0.788524  0.329477  0.753895  0.904681  0.167794  0.336715  0.740825  0.844811  0.765136  0.478706 
16  0.023072  0.430434  0.404925  0.047287  0.303512  0.317967  0.227651  0.621754  0.199197  0.269326  0.443474  0.741715  0.278641  0.321738  0.489466  0.696256 0.0  0.135851  0.602440  0.250664  0.805671  0.309137  0.626187  0.378381  0.412590  0.760227  0.550279  0.305030  0.487310  0.351451  0.756309 
17  0.108801  0.352605  0.375813  0.117490  0.036061  0.489704  0.276403  0.725501  0.009982  0.042742  0.278045  0.606137  0.320151  0.359228  0.463084  1.000000  0.135851 0.0  0.448555  0.269078  0.764142  0.256934  0.477224  0.271227  0.731302  0.693460  0.489361  0.453445  0.467773  0.352984  0.792303 
18  0.470836  0.827447  0.752098  0.523215  0.679635  0.722320  0.613843  0.267189  0.589043  0.612676  0.924552  0.347069  0.714249  0.741614  0.217341  0.337456  0.602440  0.448555 0.0  0.666371  0.438042  0.732447  0.134952  0.881163  0.540951  0.328277  0.269503  0.769897  0.777408  0.885766  0.699295 
19  0.290658  0.307060  0.243392  0.319428  0.348149  0.240978  0.213479  0.659939  0.260683  0.308367  0.304146  0.712221  0.195507  0.288065  0.701003  0.636458  0.250664  0.269078  0.666371 0.0  0.722223  0.190445  0.739808  0.305426  0.717541  0.538988  0.668983  0.217837  0.248422  0.282022  0.582920 
20  0.668133  0.732152  0.568490  0.829925  0.774154  0.846108  0.715610  0.443610  0.740346  0.740705  0.794353  0.378875  0.488247  0.747010  0.343757  0.133749  0.805671  0.764142  0.438042  0.722223 0.0  0.631270  0.368584  0.866121  0.863968  0.122543  0.410140  0.667943  0.943324  0.772665  0.462814 
21  0.483416  0.101208  0.029049  0.449137  0.267373  0.099511  0.173466  0.576974  0.246747  0.475244  0.052873  0.371600  0.292252  0.031349  0.743902  0.788524  0.309137  0.256934  0.732447  0.190445  0.631270 0.0  0.678403  0.118995  0.678570  0.792061  0.722848  0.241774  0.220496  0.000000  0.704293 
22  0.446114  0.860398  0.837373  0.539862  0.592519  0.826672  0.614107  0.278984  0.623565  0.636011  0.825762  0.359943  0.688104  0.730015  0.303431  0.329477  0.626187  0.477224  0.134952  0.739808  0.368584  0.678403 0.0  0.902332  0.558980  0.324225  0.190737  0.724447  0.775629  0.782382  0.777226 
23  0.278355  0.228734  0.168631  0.310976  0.460401  0.047325  0.321460  0.468382  0.480702  0.543046  0.118925  0.553252  0.282825  0.019821  0.865408  0.753895  0.378381  0.271227  0.881163  0.305426  0.866121  0.118995  0.902332 0.0  0.633422  0.670738  0.823846  0.084641  0.201871  0.237066  0.686800 
24  0.502882  0.802312  0.679227  0.434897  0.417590  0.807173  0.600575  0.685928  0.446820  0.399872  0.685540  0.695991  0.710040  0.695804  0.451275  0.904681  0.412590  0.731302  0.540951  0.717541  0.863968  0.678570  0.558980  0.633422 0.0  0.669690  0.433081  0.770825  0.715230  0.725516  0.378466 
25  0.766167  0.654978  0.776596  0.816887  0.739182  0.709117  0.725815  0.471486  0.694205  0.752041  0.741873  0.414070  0.632520  0.815991  0.346983  0.167794  0.760227  0.693460  0.328277  0.538988  0.122543  0.792061  0.324225  0.670738  0.669690 0.0  0.312800  0.760631  0.801404  0.641240  0.651097 
26  0.521732  0.771487  0.746372  0.486451  0.611658  0.746754  0.657020  0.366835  0.571333  0.568870  0.869840  0.314391  0.690999  0.823443  0.204747  0.336715  0.550279  0.489361  0.269503  0.668983  0.410140  0.722848  0.190737  0.823846  0.433081  0.312800 0.0  0.640044  0.806911  0.806714  0.699764 
27  0.493815  0.050252  0.102780  0.331394  0.419796  0.057820  0.328220  0.548870  0.362976  0.309622  0.121146  0.459575  0.305505  0.000000  0.730979  0.740825  0.305030  0.453445  0.769897  0.217837  0.667943  0.241774  0.724447  0.084641  0.770825  0.760631  0.640044 0.0  0.148326  0.044938  0.675437 
28  0.368221  0.045563  0.105232  0.310080  0.409659  0.092508  0.276346  0.534220  0.339581  0.360257  0.085207  0.606008  0.354420  0.098636  0.799860  0.844811  0.487310  0.467773  0.777408  0.248422  0.943324  0.220496  0.775629  0.201871  0.715230  0.801404  0.806911  0.148326 0.0  0.188517  0.755226 
29  0.355187  0.151468  0.227891  0.431401  0.503273  0.088587  0.289534  0.488123  0.402460  0.446165  0.195505  0.444161  0.285567  0.115290  0.829455  0.765136  0.351451  0.352984  0.885766  0.282022  0.772665  0.000000  0.782382  0.237066  0.725516  0.641240  0.806714  0.044938  0.188517 0.0  0.780995 
30  0.692786  0.785423  0.752683  0.858303  0.692903  0.739103  0.564482  0.845108  0.711906  0.773990  0.680012  0.919823  0.486634  0.812806  0.766603  0.478706  0.756309  0.792303  0.699295  0.582920  0.462814  0.704293  0.777226  0.686800  0.378466  0.651097  0.699764  0.675437  0.755226  0.780995 0.0 
