31
0 0.0  0.793930  0.712390  0.261098  0.490688  0.420787  0.360016  0.337178  0.115779  0.374592  0.474405  0.286160  0.708244  0.344417  0.203623  0.072585  0.825803  0.390512  0.507663  0.415400  0.363296  0.057731  0.044552  0.203425  0.772425  0.626111  0.817939  0.431935  0.237750  0.905423  0.789567 
1  0.793930 0.0  0.711426  0.801663  0.329670  0.672064  0.759205  0.755622  0.705157  0.786111  0.709769  0.973051  0.316295  0.767421  0.843296  0.870573  0.520499  0.772459  0.483745  0.761775  0.851789  0.760031  0.887966  0.668687  0.290308  0.233108  0.592131  0.373749  0.671497  0.164728  0.033549 
2  0.712390  0.711426 0.0  0.662286  0.412362  0.803142  0.702740  0.679143  0.639618  0.814421  0.579037  0.830119  0.638143  0.774909  0.763461  0.540093  0.693564  0.710742  0.999205  0.903988  0.797027  0.485068  0.419446  0.530593  0.764992  0.624780  0.873255  0.459243  0.602225  0.777433  0.895858 
3  0.261098  0.801663  0.662286 0.0  0.710075  0.245097  0.291598  0.113024  0.322646  0.198000  0.269272  0.053126  0.695720  0.149753  0.039473  0.431725  0.536817  0.069433  0.273561  0.166228  0.084494  0.392788  0.350589  0.305288  0.701315  0.790279  0.512819  0.782287  0.405290  0.658995  0.843599 
4  0.490688  0.329670  0.412362  0.710075 0.0  0.702278  0.799191  0.912083  0.498861  0.949508  0.627752  0.882656  0.338847  1.000000  0.897265  0.555218  0.226876  0.838994  0.860676  0.830259  0.808527  0.563969  0.637913  0.502890  0.377646  0.218156  0.347441  0.168022  0.389685  0.234099  0.542436 
5  0.420787  0.672064  0.803142  0.245097  0.702278 0.0  0.298869  0.458519  0.388220  0.319856  0.585948  0.581697  0.584566  0.452718  0.394871  0.425411  0.958885  0.431408  0.154626  0.363402  0.479457  0.219851  0.296692  0.265771  0.573883  0.669698  0.857245  0.788686  0.242767  0.702573  0.557588 
6  0.360016  0.759205  0.702740  0.291598  0.799191  0.298869 0.0  0.026292  0.350434  0.017187  0.080728  0.021242  0.708366  0.121987  0.067972  0.501452  0.455480  0.000000  0.280852  0.026531  0.063876  0.538727  0.330033  0.528815  0.748306  0.715338  0.459905  0.839316  0.297034  0.712930  0.754413 
7  0.337178  0.755622  0.679143  0.113024  0.912083  0.458519  0.026292 0.0  0.321121  0.148243  0.268702  0.167359  0.674508  0.143459  0.177392  0.385357  0.615289  0.267379  0.332907  0.190383  0.092948  0.456313  0.411539  0.206331  0.786054  0.657388  0.452782  0.881891  0.357197  0.806549  0.756677 
8  0.115779  0.705157  0.639618  0.322646  0.498861  0.388220  0.350434  0.321121 0.0  0.295480  0.474866  0.304662  0.776956  0.385509  0.382938  0.045456  0.895572  0.288028  0.443349  0.356981  0.349752  0.042290  0.067282  0.299469  0.782970  0.625139  0.845886  0.552628  0.263662  0.844274  0.826545 
9  0.374592  0.786111  0.814421  0.198000  0.949508  0.319856  0.017187  0.148243  0.295480 0.0  0.374373  0.078739  0.673592  0.227388  0.213201  0.362892  0.490152  0.176721  0.440551  0.179010  0.002619  0.428255  0.442791  0.410804  0.740114  0.707800  0.674669  0.934425  0.316035  0.790794  0.825152 
10  0.474405  0.709769  0.579037  0.269272  0.627752  0.585948  0.080728  0.268702  0.474866  0.374373 0.0  0.468093  0.622049  0.278622  0.277033  0.628689  0.334337  0.208405  0.584159  0.265435  0.410819  0.547561  0.465115  0.642746  0.721621  0.545686  0.470818  0.618039  0.675873  0.567527  0.560059 
11  0.286160  0.973051  0.830119  0.053126  0.882656  0.581697  0.021242  0.167359  0.304662  0.078739  0.468093 0.0  0.460819  0.071736  0.000000  0.386924  0.565202  0.011839  0.336451  0.014150  0.125901  0.408253  0.377217  0.372178  0.936935  0.591039  0.612837  0.910005  0.362021  0.896256  0.651232 
12  0.708244  0.316295  0.638143  0.695720  0.338847  0.584566  0.708366  0.674508  0.776956  0.673592  0.622049  0.460819 0.0  0.665481  0.703252  0.750800  0.288318  0.705373  0.829236  0.687291  0.742805  0.736163  0.713410  0.706870  0.231436  0.291946  0.352016  0.303244  0.721076  0.226406  0.290080 
13  0.344417  0.767421  0.774909  0.149753  1.000000  0.452718  0.121987  0.143459  0.385509  0.227388  0.278622  0.071736  0.665481 0.0  0.238799  0.408784  0.489886  0.197893  0.296881  0.268296  0.080666  0.502826  0.398406  0.440761  0.828499  0.694505  0.410437  0.946593  0.229659  0.744201  0.801490 
14  0.203623  0.843296  0.763461  0.039473  0.897265  0.394871  0.067972  0.177392  0.382938  0.213201  0.277033  0.000000  0.703252  0.238799 0.0  0.418963  0.441172  0.224556  0.399825  0.199610  0.134291  0.520932  0.414505  0.460677  0.792806  0.723001  0.531913  0.897950  0.362214  0.711413  0.771645 
15  0.072585  0.870573  0.540093  0.431725  0.555218  0.425411  0.501452  0.385357  0.045456  0.362892  0.628689  0.386924  0.750800  0.408784  0.418963 0.0  0.811216  0.425478  0.422231  0.413579  0.398536  0.110575  0.153746  0.130738  0.847866  0.705981  0.800805  0.554651  0.000000  0.845760  0.816881 
16  0.825803  0.520499  0.693564  0.536817  0.226876  0.958885  0.455480  0.615289  0.895572  0.490152  0.334337  0.565202  0.288318  0.489886  0.441172  0.811216 0.0  0.490200  0.716599  0.500811  0.586074  0.786375  0.770436  0.720462  0.500053  0.316661  0.146351  0.385417  0.777068  0.395836  0.331992 
17  0.390512  0.772459  0.710742  0.069433  0.838994  0.431408  0.000000  0.267379  0.288028  0.176721  0.208405  0.011839  0.705373  0.197893  0.224556  0.425478  0.490200 0.0  0.334426  0.188208  0.015135  0.431863  0.438611  0.341595  0.795676  0.601661  0.568759  0.881519  0.389171  0.785895  0.809795 
18  0.507663  0.483745  0.999205  0.273561  0.860676  0.154626  0.280852  0.332907  0.443349  0.440551  0.584159  0.336451  0.829236  0.296881  0.399825  0.422231  0.716599  0.334426 0.0  0.390236  0.223728  0.385655  0.351345  0.415990  0.381249  0.748496  0.814897  0.807094  0.493201  0.519745  0.689382 
19  0.415400  0.761775  0.903988  0.166228  0.830259  0.363402  0.026531  0.190383  0.356981  0.179010  0.265435  0.014150  0.687291  0.268296  0.199610  0.413579  0.500811  0.188208  0.390236 0.0  0.123309  0.525140  0.477647  0.234095  0.669817  0.656076  0.507083  0.991190  0.324617  0.779853  0.763636 
20  0.363296  0.851789  0.797027  0.084494  0.808527  0.479457  0.063876  0.092948  0.349752  0.002619  0.410819  0.125901  0.742805  0.080666  0.134291  0.398536  0.586074  0.015135  0.223728  0.123309 0.0  0.345185  0.281203  0.457925  0.936914  0.709964  0.587755  0.776497  0.297177  0.901862  0.646439 
21  0.057731  0.760031  0.485068  0.392788  0.563969  0.219851  0.538727  0.456313  0.042290  0.428255  0.547561  0.408253  0.736163  0.502826  0.520932  0.110575  0.786375  0.431863  0.385655  0.525140  0.345185 0.0  0.254763  0.103149  0.668589  0.574421  0.844723  0.681308  0.055087  0.736941  0.782833 
22  0.044552  0.887966  0.419446  0.350589  0.637913  0.296692  0.330033  0.411539  0.067282  0.442791  0.465115  0.377217  0.713410  0.398406  0.414505  0.153746  0.770436  0.438611  0.351345  0.477647  0.281203  0.254763 0.0  0.022454  0.764991  0.724931  0.773487  0.614976  0.034254  0.717165  0.724981 
23  0.203425  0.668687  0.530593  0.305288  0.502890  0.265771  0.528815  0.206331  0.299469  0.410804  0.642746  0.372178  0.706870  0.440761  0.460677  0.130738  0.720462  0.341595  0.415990  0.234095  0.457925  0.103149  0.022454 0.0  0.757343  0.708691  0.759323  0.465223  0.188227  0.751353  0.908290 
24  0.772425  0.290308  0.764992  0.701315  0.377646  0.573883  0.748306  0.786054  0.782970  0.740114  0.721621  0.936935  0.231436  0.828499  0.792806  0.847866  0.500053  0.795676  0.381249  0.669817  0.936914  0.668589  0.764991  0.757343 0.0  0.358875  0.497859  0.331952  0.622310  0.232721  0.069252 
25  0.626111  0.233108  0.624780  0.790279  0.218156  0.669698  0.715338  0.657388  0.625139  0.707800  0.545686  0.591039  0.291946  0.694505  0.723001  0.705981  0.316661  0.601661  0.748496  0.656076  0.709964  0.574421  0.724931  0.708691  0.358875 0.0  0.321337  0.317102  0.687343  0.349521  0.309742 
26  0.817939  0.592131  0.873255  0.512819  0.347441  0.857245  0.459905  0.452782  0.845886  0.674669  0.470818  0.612837  0.352016  0.410437  0.531913  0.800805  0.146351  0.568759  0.814897  0.507083  0.587755  0.844723  0.773487  0.759323  0.497859  0.321337 0.0  0.241237  0.728665  0.439006  0.352700 
27  0.431935  0.373749  0.459243  0.782287  0.168022  0.788686  0.839316  0.881891  0.552628  0.934425  0.618039  0.910005  0.303244  0.946593  0.897950  0.554651  0.385417  0.881519  0.807094  0.991190  0.776497  0.681308  0.614976  0.465223  0.331952  0.317102  0.241237 0.0  0.497199  0.420344  0.312724 
28  0.237750  0.671497  0.602225  0.405290  0.389685  0.242767  0.297034  0.357197  0.263662  0.316035  0.675873  0.362021  0.721076  0.229659  0.362214  0.000000  0.777068  0.389171  0.493201  0.324617  0.297177  0.055087  0.034254  0.188227  0.622310  0.687343  0.728665  0.497199 0.0  0.772029  0.879740 
29  0.905423  0.164728  0.777433  0.658995  0.234099  0.702573  0.712930  0.806549  0.844274  0.790794  0.567527  0.896256  0.226406  0.744201  0.711413  0.845760  0.395836  0.785895  0.519745  0.779853  0.901862  0.736941  0.717165  0.751353  0.232721  0.349521  0.439006  0.420344  0.772029 0.0  0.068894 
30  0.789567  0.033549  0.895858  0.843599  0.542436  0.557588  0.754413  0.756677  0.826545  0.825152  0.560059  0.651232  0.290080  0.801490  0.771645  0.816881  0.331992  0.809795  0.689382  0.763636  0.646439  0.782833  0.724981  0.908290  0.069252  0.309742  0.352700  0.312724  0.879740  0.068894 0.0 
