31
0 0.0  0.710463  0.590271  0.829674  0.266071  0.515791  0.522253  0.347888  0.398890  0.476152  0.439011  0.364855  0.355325  0.849137  0.278778  0.424920  0.728807  0.552240  0.736038  0.995960  0.394318  0.465147  0.325515  0.799264  0.314864  0.413218  0.664507  0.642438  0.807969  0.057142  0.468257 
1  0.710463 0.0  0.660119  0.450552  0.758798  0.895680  0.895625  0.833311  0.806203  0.817292  0.773381  0.852522  0.921477  0.256579  0.953414  0.705726  1.000000  0.686434  0.120854  0.818570  0.682195  0.788223  0.837207  0.047154  0.663881  0.867063  0.320483  0.258030  0.158978  0.786058  0.716175 
2  0.590271  0.660119 0.0  0.728807  0.518042  0.356820  0.527224  0.356755  0.485338  0.316191  0.678739  0.576719  0.619556  0.337515  0.578205  0.460218  0.724623  0.468995  0.588957  0.346572  0.522166  0.375795  0.515594  0.652422  0.517071  0.637820  0.511441  0.384771  0.628176  0.698854  0.376015 
3  0.829674  0.450552  0.728807 0.0  0.664985  0.956451  0.598689  0.733748  0.985903  0.860578  0.593534  0.525886  0.561489  0.388076  0.441229  0.872050  0.504555  0.942697  0.351845  0.906507  0.827865  0.948742  0.776340  0.365738  0.758982  0.412108  0.262903  0.285373  0.307542  0.841861  0.597482 
4  0.266071  0.758798  0.518042  0.664985 0.0  0.261116  0.307247  0.374919  0.203862  0.311052  0.175612  0.317851  0.279348  0.757324  0.372167  0.108358  0.634325  0.388761  0.723898  0.853194  0.332047  0.390481  0.398111  0.654299  0.190991  0.322725  0.823658  0.674991  0.639621  0.221978  0.256101 
5  0.515791  0.895680  0.356820  0.956451  0.261116 0.0  0.460801  0.033151  0.218629  0.097462  0.457404  0.260371  0.403154  0.572835  0.278001  0.220232  0.835575  0.244160  0.651966  0.622232  0.274136  0.176820  0.209906  0.819799  0.381868  0.414888  0.629345  0.694028  0.850882  0.441077  0.109252 
6  0.522253  0.895625  0.527224  0.598689  0.307247  0.460801 0.0  0.356141  0.489483  0.670618  0.203520  0.035913  0.192597  0.782699  0.049528  0.439273  0.500227  0.474840  0.847728  0.883255  0.269840  0.517329  0.309904  0.785751  0.349914  0.047711  0.667662  0.774346  0.648945  0.321336  0.437712 
7  0.347888  0.833311  0.356755  0.733748  0.374919  0.033151  0.356141 0.0  0.135121  0.000000  0.214619  0.333863  0.510939  0.538236  0.494182  0.074071  0.918054  0.059594  0.835919  0.532685  0.522566  0.042690  0.248159  0.822569  0.227802  0.472560  0.775078  0.830321  0.755904  0.512411  0.148610 
8  0.398890  0.806203  0.485338  0.985903  0.203862  0.218629  0.489483  0.135121 0.0  0.221021  0.539734  0.322218  0.362330  0.456808  0.395929  0.109573  0.873135  0.172401  0.678430  0.654414  0.287252  0.326045  0.232800  0.725011  0.356853  0.356019  0.780162  0.711348  0.837758  0.430725  0.050947 
9  0.476152  0.817292  0.316191  0.860578  0.311052  0.097462  0.670618  0.000000  0.221021 0.0  0.523790  0.383392  0.293408  0.522931  0.266819  0.207081  0.783020  0.229954  0.690252  0.745452  0.313925  0.174344  0.264963  0.745543  0.321908  0.278378  0.793947  0.729428  0.808507  0.276529  0.154243 
10  0.439011  0.773381  0.678739  0.593534  0.175612  0.457404  0.203520  0.214619  0.539734  0.523790 0.0  0.137732  0.056272  0.834446  0.022199  0.513660  0.453922  0.441615  0.866818  0.831630  0.411971  0.594000  0.312415  0.795503  0.460756  0.101112  0.669325  0.703521  0.766445  0.262140  0.389463 
11  0.364855  0.852522  0.576719  0.525886  0.317851  0.260371  0.035913  0.333863  0.322218  0.383392  0.137732 0.0  0.070034  0.737058  0.065901  0.380305  0.338881  0.447643  0.803643  0.768713  0.331713  0.338895  0.394544  0.811858  0.208281  0.050442  0.624909  0.704868  0.819915  0.266068  0.375899 
12  0.355325  0.921477  0.619556  0.561489  0.279348  0.403154  0.192597  0.510939  0.362330  0.293408  0.056272  0.070034 0.0  0.733927  0.275814  0.411905  0.622629  0.322202  0.912505  0.693563  0.428771  0.337442  0.429586  0.741397  0.296526  0.221626  0.714973  0.662902  0.769911  0.263204  0.312270 
13  0.849137  0.256579  0.337515  0.388076  0.757324  0.572835  0.782699  0.538236  0.456808  0.522931  0.834446  0.737058  0.733927 0.0  0.737868  0.495830  0.769106  0.575033  0.404290  0.497440  0.782947  0.492769  0.786181  0.457983  0.686446  0.824977  0.223396  0.259474  0.620376  0.902983  0.724937 
14  0.278778  0.953414  0.578205  0.441229  0.372167  0.278001  0.049528  0.494182  0.395929  0.266819  0.022199  0.065901  0.275814  0.737868 0.0  0.403237  0.612115  0.382607  0.960998  0.748938  0.499999  0.467828  0.231676  0.825815  0.220779  0.245581  0.732299  0.744234  0.762688  0.356175  0.352575 
15  0.424920  0.705726  0.460218  0.872050  0.108358  0.220232  0.439273  0.074071  0.109573  0.207081  0.513660  0.380305  0.411905  0.495830  0.403237 0.0  0.748448  0.206736  0.739682  0.643961  0.393350  0.166770  0.142974  0.835959  0.376441  0.362986  0.668710  0.630091  0.830288  0.272552  0.117741 
16  0.728807  1.000000  0.724623  0.504555  0.634325  0.835575  0.500227  0.918054  0.873135  0.783020  0.453922  0.338881  0.622629  0.769106  0.612115  0.748448 0.0  0.758977  0.897258  0.454658  0.914310  0.849213  0.713477  0.787578  0.604474  0.730078  0.744431  0.639756  0.721310  0.776316  0.796217 
17  0.552240  0.686434  0.468995  0.942697  0.388761  0.244160  0.474840  0.059594  0.172401  0.229954  0.441615  0.447643  0.322202  0.575033  0.382607  0.206736  0.758977 0.0  0.769110  0.711925  0.380180  0.240240  0.333592  0.832994  0.255063  0.301104  0.591558  0.611633  0.814370  0.223637  0.034454 
18  0.736038  0.120854  0.588957  0.351845  0.723898  0.651966  0.847728  0.835919  0.678430  0.690252  0.866818  0.803643  0.912505  0.404290  0.960998  0.739682  0.897258  0.769110 0.0  0.742985  0.726454  0.747715  0.595290  0.013673  0.583760  0.942201  0.263896  0.212704  0.030018  0.731224  0.853131 
19  0.995960  0.818570  0.346572  0.906507  0.853194  0.622232  0.883255  0.532685  0.654414  0.745452  0.831630  0.768713  0.693563  0.497440  0.748938  0.643961  0.454658  0.711925  0.742985 0.0  0.851913  0.605520  0.748187  0.820664  0.787252  0.703253  0.768791  0.692190  0.683084  0.862689  0.592075 
20  0.394318  0.682195  0.522166  0.827865  0.332047  0.274136  0.269840  0.522566  0.287252  0.313925  0.411971  0.331713  0.428771  0.782947  0.499999  0.393350  0.914310  0.380180  0.726454  0.851913 0.0  0.331180  0.164842  0.469472  0.164697  0.535268  0.691246  0.755869  0.552163  0.359973  0.372482 
21  0.465147  0.788223  0.375795  0.948742  0.390481  0.176820  0.517329  0.042690  0.326045  0.174344  0.594000  0.338895  0.337442  0.492769  0.467828  0.166770  0.849213  0.240240  0.747715  0.605520  0.331180 0.0  0.270845  0.772171  0.392422  0.347225  0.650723  0.681185  0.802032  0.301263  0.171616 
22  0.325515  0.837207  0.515594  0.776340  0.398111  0.209906  0.309904  0.248159  0.232800  0.264963  0.312415  0.394544  0.429586  0.786181  0.231676  0.142974  0.713477  0.333592  0.595290  0.748187  0.164842  0.270845 0.0  0.707640  0.345003  0.289083  0.617857  0.842081  0.699857  0.314323  0.298629 
23  0.799264  0.047154  0.652422  0.365738  0.654299  0.819799  0.785751  0.822569  0.725011  0.745543  0.795503  0.811858  0.741397  0.457983  0.825815  0.835959  0.787578  0.832994  0.013673  0.820664  0.469472  0.772171  0.707640 0.0  0.619338  0.829407  0.321724  0.237878  0.268809  0.903946  0.946510 
24  0.314864  0.663881  0.517071  0.758982  0.190991  0.381868  0.349914  0.227802  0.356853  0.321908  0.460756  0.208281  0.296526  0.686446  0.220779  0.376441  0.604474  0.255063  0.583760  0.787252  0.164697  0.392422  0.345003  0.619338 0.0  0.342139  0.713304  0.910629  0.628097  0.241080  0.134239 
25  0.413218  0.867063  0.637820  0.412108  0.322725  0.414888  0.047711  0.472560  0.356019  0.278378  0.101112  0.050442  0.221626  0.824977  0.245581  0.362986  0.730078  0.301104  0.942201  0.703253  0.535268  0.347225  0.289083  0.829407  0.342139 0.0  0.692220  0.718498  0.698872  0.303593  0.356115 
26  0.664507  0.320483  0.511441  0.262903  0.823658  0.629345  0.667662  0.775078  0.780162  0.793947  0.669325  0.624909  0.714973  0.223396  0.732299  0.668710  0.744431  0.591558  0.263896  0.768791  0.691246  0.650723  0.617857  0.321724  0.713304  0.692220 0.0  0.280413  0.316870  0.710693  0.753220 
27  0.642438  0.258030  0.384771  0.285373  0.674991  0.694028  0.774346  0.830321  0.711348  0.729428  0.703521  0.704868  0.662902  0.259474  0.744234  0.630091  0.639756  0.611633  0.212704  0.692190  0.755869  0.681185  0.842081  0.237878  0.910629  0.718498  0.280413 0.0  0.221499  0.741728  0.699411 
28  0.807969  0.158978  0.628176  0.307542  0.639621  0.850882  0.648945  0.755904  0.837758  0.808507  0.766445  0.819915  0.769911  0.620376  0.762688  0.830288  0.721310  0.814370  0.030018  0.683084  0.552163  0.802032  0.699857  0.268809  0.628097  0.698872  0.316870  0.221499 0.0  0.960618  0.901986 
29  0.057142  0.786058  0.698854  0.841861  0.221978  0.441077  0.321336  0.512411  0.430725  0.276529  0.262140  0.266068  0.263204  0.902983  0.356175  0.272552  0.776316  0.223637  0.731224  0.862689  0.359973  0.301263  0.314323  0.903946  0.241080  0.303593  0.710693  0.741728  0.960618 0.0  0.538287 
30  0.468257  0.716175  0.376015  0.597482  0.256101  0.109252  0.437712  0.148610  0.050947  0.154243  0.389463  0.375899  0.312270  0.724937  0.352575  0.117741  0.796217  0.034454  0.853131  0.592075  0.372482  0.171616  0.298629  0.946510  0.134239  0.356115  0.753220  0.699411  0.901986  0.538287 0.0 
