31
0 0.0  0.047822  0.449113  0.380368  0.293433  0.755282  0.143988  0.259369  0.238945  0.623630  0.431715  0.456515  0.563061  0.252243  0.672960  0.312041  0.780469  0.648807  0.678584  0.601379  0.274202  0.059010  0.199810  0.362785  0.246254  0.947881  0.413909  0.441498  0.422491  0.317156  0.451338 
1  0.047822 0.0  0.355946  0.247482  0.074524  0.723385  0.087331  0.011959  0.007620  0.638823  0.374181  0.388851  0.504548  0.433738  0.676188  0.331611  0.856071  0.928912  0.724260  0.473798  0.108982  0.200700  0.099801  0.425092  0.117662  0.798241  0.318120  0.498273  0.401588  0.300671  0.318494 
2  0.449113  0.355946 0.0  0.134060  0.420004  0.745024  0.469743  0.559372  0.389724  0.357223  0.185922  0.143107  0.252892  0.150425  0.672066  0.075523  0.703938  0.696097  0.397480  0.798038  0.318589  0.387327  0.602654  0.000000  0.521082  0.696004  0.486039  0.094963  0.195948  0.301248  0.329446 
3  0.380368  0.247482  0.134060 0.0  0.488662  0.744220  0.485762  0.474071  0.445212  0.324828  0.238708  0.249792  0.278185  0.000000  0.637613  0.032474  0.747951  0.815889  0.406401  0.836833  0.324512  0.343708  0.474559  0.080715  0.502689  0.657877  0.509950  0.009537  0.258911  0.300050  0.290541 
4  0.293433  0.074524  0.420004  0.488662 0.0  0.736530  0.245467  0.232137  0.291920  0.625698  0.602030  0.380949  0.537484  0.304113  0.659858  0.298578  0.814855  0.686665  0.663290  0.506755  0.256258  0.086434  0.240689  0.322303  0.257546  0.770409  0.509518  0.275125  0.484069  0.323627  0.429051 
5  0.755282  0.723385  0.745024  0.744220  0.736530 0.0  0.742760  0.779050  0.814545  0.524605  0.733709  0.646250  0.587983  0.814449  0.217301  0.785272  0.222810  0.000000  0.580377  0.309933  0.768167  0.692923  0.732265  0.883811  0.738899  0.793982  0.864878  0.675570  0.767522  0.683466  0.755209 
6  0.143988  0.087331  0.469743  0.485762  0.245467  0.742760 0.0  0.175150  0.332600  0.665837  0.461832  0.401280  0.380575  0.322977  0.609705  0.324645  0.693857  0.641179  0.764142  0.658578  0.398358  0.092099  0.211421  0.327441  0.206188  0.893619  0.455475  0.247181  0.512202  0.200109  0.419176 
7  0.259369  0.011959  0.559372  0.474071  0.232137  0.779050  0.175150 0.0  0.093403  0.642549  0.464655  0.582337  0.571453  0.323078  0.677153  0.280127  0.787708  0.839528  0.775097  0.624992  0.307966  0.126457  0.144405  0.322752  0.071079  0.826233  0.512387  0.364285  0.409511  0.296893  0.401164 
8  0.238945  0.007620  0.389724  0.445212  0.291920  0.814545  0.332600  0.093403 0.0  0.623620  0.450817  0.422408  0.624161  0.331589  0.593840  0.326149  0.708153  0.710846  0.787758  0.594187  0.407936  0.077402  0.254017  0.459357  0.195905  0.965278  0.392219  0.364427  0.433371  0.298215  0.488442 
9  0.623630  0.638823  0.357223  0.324828  0.625698  0.524605  0.665837  0.642549  0.623620 0.0  0.371743  0.285240  0.309775  0.305555  0.432556  0.297185  0.597125  0.605517  0.432290  0.664792  0.417007  0.594058  0.535539  0.337905  0.640273  0.397962  0.523826  0.469810  0.369411  0.407919  0.377621 
10  0.431715  0.374181  0.185922  0.238708  0.602030  0.733709  0.461832  0.464655  0.450817  0.371743 0.0  0.176635  0.277888  0.017988  0.681806  0.067504  0.754013  0.761215  0.525070  0.889171  0.355819  0.428177  0.485790  0.076288  0.436864  0.645039  0.525515  0.004314  0.135644  0.330378  0.155825 
11  0.456515  0.388851  0.143107  0.249792  0.380949  0.646250  0.401280  0.582337  0.422408  0.285240  0.176635 0.0  0.229522  0.180552  0.667433  0.000000  0.764406  0.914310  0.507285  0.862620  0.243651  0.320242  0.382712  0.103001  0.429578  0.665316  0.526353  0.036536  0.174705  0.288147  0.272034 
12  0.563061  0.504548  0.252892  0.278185  0.537484  0.587983  0.380575  0.571453  0.624161  0.309775  0.277888  0.229522 0.0  0.440048  0.480223  0.261493  0.660828  0.539870  0.404680  0.552158  0.413800  0.516938  0.609843  0.461955  0.514825  0.282160  0.530788  0.280276  0.329067  0.385720  0.311433 
13  0.252243  0.433738  0.150425  0.000000  0.304113  0.814449  0.322977  0.323078  0.331589  0.305555  0.017988  0.180552  0.440048 0.0  0.679915  0.034928  0.879839  0.802270  0.661927  0.755480  0.175952  0.374693  0.283654  0.230264  0.258892  0.508540  0.387640  0.118515  0.102939  0.258248  0.040290 
14  0.672960  0.676188  0.672066  0.637613  0.659858  0.217301  0.609705  0.677153  0.593840  0.432556  0.681806  0.667433  0.480223  0.679915 0.0  0.677760  0.333237  0.227154  0.204698  0.235392  0.627854  0.588498  0.732667  0.767162  0.759590  0.718858  0.661117  0.681840  0.643169  0.736595  0.717427 
15  0.312041  0.331611  0.075523  0.032474  0.298578  0.785272  0.324645  0.280127  0.326149  0.297185  0.067504  0.000000  0.261493  0.034928  0.677760 0.0  0.726801  0.774309  0.385208  0.645402  0.254758  0.331031  0.397897  0.070481  0.286427  0.397164  0.292520  0.024297  0.000000  0.251532  0.013812 
16  0.780469  0.856071  0.703938  0.747951  0.814855  0.222810  0.693857  0.787708  0.708153  0.597125  0.754013  0.764406  0.660828  0.879839  0.333237  0.726801 0.0  0.044565  0.487015  0.321099  0.711694  0.839041  0.743472  0.843719  0.774255  0.727549  0.692449  0.752362  0.725508  0.650923  0.727976 
17  0.648807  0.928912  0.696097  0.815889  0.686665  0.000000  0.641179  0.839528  0.710846  0.605517  0.761215  0.914310  0.539870  0.802270  0.227154  0.774309  0.044565 0.0  0.306421  0.266029  0.579863  0.764243  0.841268  0.763188  0.733474  0.733903  0.758063  0.973028  0.661383  0.710888  0.747792 
18  0.678584  0.724260  0.397480  0.406401  0.663290  0.580377  0.764142  0.775097  0.787758  0.432290  0.525070  0.507285  0.404680  0.661927  0.204698  0.385208  0.487015  0.306421 0.0  0.384353  0.632551  0.812550  0.704945  0.567601  0.865416  0.499969  0.745212  0.476731  0.543489  0.614072  0.407762 
19  0.601379  0.473798  0.798038  0.836833  0.506755  0.309933  0.658578  0.624992  0.594187  0.664792  0.889171  0.862620  0.552158  0.755480  0.235392  0.645402  0.321099  0.266029  0.384353 0.0  0.688226  0.504063  0.624584  0.754496  0.720941  0.864608  0.872774  0.678115  1.000000  0.708482  0.801047 
20  0.274202  0.108982  0.318589  0.324512  0.256258  0.768167  0.398358  0.307966  0.407936  0.417007  0.355819  0.243651  0.413800  0.175952  0.627854  0.254758  0.711694  0.579863  0.632551  0.688226 0.0  0.245442  0.322430  0.209418  0.286815  0.664313  0.334149  0.196853  0.512451  0.326656  0.260895 
21  0.059010  0.200700  0.387327  0.343708  0.086434  0.692923  0.092099  0.126457  0.077402  0.594058  0.428177  0.320242  0.516938  0.374693  0.588498  0.331031  0.839041  0.764243  0.812550  0.504063  0.245442 0.0  0.000000  0.295345  0.111434  0.743921  0.245857  0.414671  0.358594  0.338292  0.278982 
22  0.199810  0.099801  0.602654  0.474559  0.240689  0.732265  0.211421  0.144405  0.254017  0.535539  0.485790  0.382712  0.609843  0.283654  0.732667  0.397897  0.743472  0.841268  0.704945  0.624584  0.322430  0.000000 0.0  0.413043  0.169633  0.772823  0.501325  0.347316  0.392858  0.234266  0.571718 
23  0.362785  0.425092  0.000000  0.080715  0.322303  0.883811  0.327441  0.322752  0.459357  0.337905  0.076288  0.103001  0.461955  0.230264  0.767162  0.070481  0.843719  0.763188  0.567601  0.754496  0.209418  0.295345  0.413043 0.0  0.337302  0.423170  0.333986  0.000000  0.138936  0.211022  0.153005 
24  0.246254  0.117662  0.521082  0.502689  0.257546  0.738899  0.206188  0.071079  0.195905  0.640273  0.436864  0.429578  0.514825  0.258892  0.759590  0.286427  0.774255  0.733474  0.865416  0.720941  0.286815  0.111434  0.169633  0.337302 0.0  0.923780  0.373114  0.379314  0.381493  0.262682  0.507060 
25  0.947881  0.798241  0.696004  0.657877  0.770409  0.793982  0.893619  0.826233  0.965278  0.397962  0.645039  0.665316  0.282160  0.508540  0.718858  0.397164  0.727549  0.733903  0.499969  0.864608  0.664313  0.743921  0.772823  0.423170  0.923780 0.0  0.863770  0.473317  0.597561  0.636903  0.559635 
26  0.413909  0.318120  0.486039  0.509950  0.509518  0.864878  0.455475  0.512387  0.392219  0.523826  0.525515  0.526353  0.530788  0.387640  0.661117  0.292520  0.692449  0.758063  0.745212  0.872774  0.334149  0.245857  0.501325  0.333986  0.373114  0.863770 0.0  0.237059  0.482262  0.251834  0.521755 
27  0.441498  0.498273  0.094963  0.009537  0.275125  0.675570  0.247181  0.364285  0.364427  0.469810  0.004314  0.036536  0.280276  0.118515  0.681840  0.024297  0.752362  0.973028  0.476731  0.678115  0.196853  0.414671  0.347316  0.000000  0.379314  0.473317  0.237059 0.0  0.025117  0.331478  0.151807 
28  0.422491  0.401588  0.195948  0.258911  0.484069  0.767522  0.512202  0.409511  0.433371  0.369411  0.135644  0.174705  0.329067  0.102939  0.643169  0.000000  0.725508  0.661383  0.543489  1.000000  0.512451  0.358594  0.392858  0.138936  0.381493  0.597561  0.482262  0.025117 0.0  0.226352  0.147233 
29  0.317156  0.300671  0.301248  0.300050  0.323627  0.683466  0.200109  0.296893  0.298215  0.407919  0.330378  0.288147  0.385720  0.258248  0.736595  0.251532  0.650923  0.710888  0.614072  0.708482  0.326656  0.338292  0.234266  0.211022  0.262682  0.636903  0.251834  0.331478  0.226352 0.0  0.280376 
30  0.451338  0.318494  0.329446  0.290541  0.429051  0.755209  0.419176  0.401164  0.488442  0.377621  0.155825  0.272034  0.311433  0.040290  0.717427  0.013812  0.727976  0.747792  0.407762  0.801047  0.260895  0.278982  0.571718  0.153005  0.507060  0.559635  0.521755  0.151807  0.147233  0.280376 0.0 
