31
0 0.0  0.279279  0.545209  0.195271  0.782906  0.180297  0.156608  0.363214  0.300494  0.780258  0.226371  0.808685  0.246436  0.855507  0.310611  0.354446  0.833961  0.296184  0.478120  0.944419  0.370069  0.836736  0.309902  0.303221  0.883512  0.355593  0.873451  0.510922  0.202980  0.170105  0.090606 
1  0.279279 0.0  0.543663  0.277553  0.665215  0.285420  0.103633  0.372816  0.209915  0.628541  0.263349  0.827455  0.128069  0.808288  0.167615  0.399176  0.788300  0.107489  0.623191  0.867568  0.402642  0.849230  0.378503  0.348985  0.901452  0.309624  0.900409  0.438537  0.119093  0.109247  0.138860 
2  0.545209  0.543663 0.0  0.392228  0.757793  0.516223  0.427000  0.067960  0.387854  0.639663  0.446957  0.970935  0.453043  0.728307  0.359021  0.106215  0.869638  0.478737  0.225704  0.705407  0.041503  0.834008  0.653642  0.389360  0.673869  0.062523  0.634460  0.293852  0.495882  0.336620  0.347672 
3  0.195271  0.277553  0.392228 0.0  0.655788  0.353201  0.271417  0.354259  0.289927  0.821359  0.297468  0.715279  0.111026  0.655679  0.277811  0.238012  0.676098  0.206428  0.213514  0.779564  0.271288  0.707012  0.431581  0.359848  0.787898  0.430053  0.774917  0.327454  0.280362  0.331857  0.302591 
4  0.782906  0.665215  0.757793  0.655788 0.0  0.770352  0.866484  0.696166  0.775870  0.310729  0.749416  0.558069  0.773213  0.011331  0.707805  0.989452  0.000000  0.735935  0.777241  0.338981  0.994081  0.220112  0.669928  0.681889  0.358560  0.975558  0.346361  0.841054  0.757865  0.716411  0.821825 
5  0.180297  0.285420  0.516223  0.353201  0.770352 0.0  0.177246  0.403596  0.234372  0.756063  0.228566  0.828062  0.188118  0.725743  0.242534  0.356478  0.887101  0.277766  0.515939  0.963679  0.386450  0.752472  0.334340  0.188649  0.812514  0.333636  0.993592  0.475088  0.269366  0.000000  0.173330 
6  0.156608  0.103633  0.427000  0.271417  0.866484  0.177246 0.0  0.427408  0.040811  0.703481  0.020030  0.918663  0.158723  0.808723  0.240510  0.427720  0.818198  0.131925  0.396742  0.837829  0.401684  0.990845  0.341104  0.299290  0.863185  0.460725  0.897286  0.427672  0.109647  0.226710  0.076953 
7  0.363214  0.372816  0.067960  0.354259  0.696166  0.403596  0.427408 0.0  0.378640  0.812722  0.490645  0.755769  0.313465  0.758857  0.468783  0.143546  0.868022  0.321091  0.088051  0.491474  0.012687  0.638355  0.652305  0.403210  0.505810  0.072545  0.508439  0.018368  0.271078  0.328910  0.329962 
8  0.300494  0.209915  0.387854  0.289927  0.775870  0.234372  0.040811  0.378640 0.0  0.590452  0.103464  0.657197  0.256414  0.866676  0.365698  0.379947  0.701172  0.155595  0.502422  0.906679  0.399305  0.823823  0.305140  0.421104  0.986020  0.361016  0.916250  0.476507  0.218914  0.117602  0.000000 
9  0.780258  0.628541  0.639663  0.821359  0.310729  0.756063  0.703481  0.812722  0.590452 0.0  0.712357  0.756789  0.753658  0.260960  0.706088  0.713070  0.340545  0.773126  0.627400  0.195142  0.736316  0.161133  0.475021  0.702053  0.307215  0.730989  0.342914  0.786239  0.750349  0.827766  0.662056 
10  0.226371  0.263349  0.446957  0.297468  0.749416  0.228566  0.020030  0.490645  0.103464  0.712357 0.0  0.759805  0.179951  0.873169  0.235544  0.486850  0.824122  0.235557  0.532751  0.994832  0.488456  0.877324  0.347311  0.320490  0.961057  0.401304  0.924412  0.518775  0.224447  0.054692  0.026257 
11  0.808685  0.827455  0.970935  0.715279  0.558069  0.828062  0.918663  0.755769  0.657197  0.756789  0.759805 0.0  0.809406  0.702451  0.786802  0.808581  0.628444  0.805614  0.804299  0.839395  0.800424  0.405757  0.635167  0.507840  0.835056  0.858049  0.835765  0.788116  0.816313  0.897929  0.915019 
12  0.246436  0.128069  0.453043  0.111026  0.773213  0.188118  0.158723  0.313465  0.256414  0.753658  0.179951  0.809406 0.0  0.715228  0.297944  0.331222  0.814452  0.150920  0.527800  0.913187  0.427805  0.883968  0.360021  0.290038  0.954995  0.345796  0.859143  0.492120  0.209392  0.128211  0.040852 
13  0.855507  0.808288  0.728307  0.655679  0.011331  0.725743  0.808723  0.758857  0.866676  0.260960  0.873169  0.702451  0.715228 0.0  0.655626  0.806238  0.199622  0.784981  0.803877  0.388225  0.856204  0.115838  0.607975  0.438566  0.273373  0.770271  0.400267  0.845606  0.850093  0.993498  0.911287 
14  0.310611  0.167615  0.359021  0.277811  0.707805  0.242534  0.240510  0.468783  0.365698  0.706088  0.235544  0.786802  0.297944  0.655626 0.0  0.301867  0.643968  0.181882  0.367751  0.709650  0.357968  0.835536  0.494914  0.325302  0.747208  0.316105  0.723841  0.324994  0.358383  0.398008  0.325489 
15  0.354446  0.399176  0.106215  0.238012  0.989452  0.356478  0.427720  0.143546  0.379947  0.713070  0.486850  0.808581  0.331222  0.806238  0.301867 0.0  0.801826  0.386011  0.059571  0.589480  0.174084  0.983280  0.596538  0.470581  0.578246  0.213598  0.448192  0.206107  0.323852  0.388113  0.314312 
16  0.833961  0.788300  0.869638  0.676098  0.000000  0.887101  0.818198  0.868022  0.701172  0.340545  0.824122  0.628444  0.814452  0.199622  0.643968  0.801826 0.0  0.774325  0.832924  0.373906  0.789987  0.074870  0.737031  0.432393  0.378560  0.787195  0.312760  0.826793  0.680592  0.911191  0.983392 
17  0.296184  0.107489  0.478737  0.206428  0.735935  0.277766  0.131925  0.321091  0.155595  0.773126  0.235557  0.805614  0.150920  0.784981  0.181882  0.386011  0.774325 0.0  0.448268  0.829161  0.330966  0.682052  0.337234  0.421650  0.925372  0.409784  0.971249  0.467356  0.201062  0.075227  0.055474 
18  0.478120  0.623191  0.225704  0.213514  0.777241  0.515939  0.396742  0.088051  0.502422  0.627400  0.532751  0.804299  0.527800  0.803877  0.367751  0.059571  0.832924  0.448268 0.0  0.675000  0.067373  0.860801  0.649343  0.353851  0.542595  0.000000  0.699351  0.097950  0.466991  0.195449  0.432362 
19  0.944419  0.867568  0.705407  0.779564  0.338981  0.963679  0.837829  0.491474  0.906679  0.195142  0.994832  0.839395  0.913187  0.388225  0.709650  0.589480  0.373906  0.829161  0.675000 0.0  0.452276  0.398662  0.572822  0.692249  0.228525  0.507519  0.223965  0.609809  0.940936  0.862481  0.767467 
20  0.370069  0.402642  0.041503  0.271288  0.994081  0.386450  0.401684  0.012687  0.399305  0.736316  0.488456  0.800424  0.427805  0.856204  0.357968  0.174084  0.789987  0.330966  0.067373  0.452276 0.0  0.957260  0.698681  0.595085  0.574724  0.278936  0.605756  0.032059  0.461895  0.416302  0.349974 
21  0.836736  0.849230  0.834008  0.707012  0.220112  0.752472  0.990845  0.638355  0.823823  0.161133  0.877324  0.405757  0.883968  0.115838  0.835536  0.983280  0.074870  0.682052  0.860801  0.398662  0.957260 0.0  0.622907  0.567177  0.374756  1.000000  0.389384  0.743632  0.813484  0.740555  0.677868 
22  0.309902  0.378503  0.653642  0.431581  0.669928  0.334340  0.341104  0.652305  0.305140  0.475021  0.347311  0.635167  0.360021  0.607975  0.494914  0.596538  0.737031  0.337234  0.649343  0.572822  0.698681  0.622907 0.0  0.607562  0.586164  0.650682  0.525974  0.620357  0.450422  0.294305  0.392321 
23  0.303221  0.348985  0.389360  0.359848  0.681889  0.188649  0.299290  0.403210  0.421104  0.702053  0.320490  0.507840  0.290038  0.438566  0.325302  0.470581  0.432393  0.421650  0.353851  0.692249  0.595085  0.567177  0.607562 0.0  0.740075  0.510272  0.826202  0.269710  0.376206  0.324724  0.345203 
24  0.883512  0.901452  0.673869  0.787898  0.358560  0.812514  0.863185  0.505810  0.986020  0.307215  0.961057  0.835056  0.954995  0.273373  0.747208  0.578246  0.378560  0.925372  0.542595  0.228525  0.574724  0.374756  0.586164  0.740075 0.0  0.601875  0.238842  0.771977  0.903571  0.885625  0.738600 
25  0.355593  0.309624  0.062523  0.430053  0.975558  0.333636  0.460725  0.072545  0.361016  0.730989  0.401304  0.858049  0.345796  0.770271  0.316105  0.213598  0.787195  0.409784  0.000000  0.507519  0.278936  1.000000  0.650682  0.510272  0.601875 0.0  0.372305  0.084367  0.392160  0.348395  0.365646 
26  0.873451  0.900409  0.634460  0.774917  0.346361  0.993592  0.897286  0.508439  0.916250  0.342914  0.924412  0.835765  0.859143  0.400267  0.723841  0.448192  0.312760  0.971249  0.699351  0.223965  0.605756  0.389384  0.525974  0.826202  0.238842  0.372305 0.0  0.723518  0.951911  0.718251  0.833708 
27  0.510922  0.438537  0.293852  0.327454  0.841054  0.475088  0.427672  0.018368  0.476507  0.786239  0.518775  0.788116  0.492120  0.845606  0.324994  0.206107  0.826793  0.467356  0.097950  0.609809  0.032059  0.743632  0.620357  0.269710  0.771977  0.084367  0.723518 0.0  0.533045  0.279649  0.280866 
28  0.202980  0.119093  0.495882  0.280362  0.757865  0.269366  0.109647  0.271078  0.218914  0.750349  0.224447  0.816313  0.209392  0.850093  0.358383  0.323852  0.680592  0.201062  0.466991  0.940936  0.461895  0.813484  0.450422  0.376206  0.903571  0.392160  0.951911  0.533045 0.0  0.123557  0.060193 
29  0.170105  0.109247  0.336620  0.331857  0.716411  0.000000  0.226710  0.328910  0.117602  0.827766  0.054692  0.897929  0.128211  0.993498  0.398008  0.388113  0.911191  0.075227  0.195449  0.862481  0.416302  0.740555  0.294305  0.324724  0.885625  0.348395  0.718251  0.279649  0.123557 0.0  0.225079 
30  0.090606  0.138860  0.347672  0.302591  0.821825  0.173330  0.076953  0.329962  0.000000  0.662056  0.026257  0.915019  0.040852  0.911287  0.325489  0.314312  0.983392  0.055474  0.432362  0.767467  0.349974  0.677868  0.392321  0.345203  0.738600  0.365646  0.833708  0.280866  0.060193  0.225079 0.0 
