31
0 0.0  0.408221  0.483559  0.320023  0.760845  0.307343  0.148204  1.000000  0.385357  0.545463  0.304115  0.225491  0.324263  0.000000  0.469750  0.551284  0.120536  0.493272  0.188376  0.934201  0.546273  0.941322  0.810121  0.716762  0.443891  0.290813  0.052439  0.480871  0.199629  0.376154  0.351149 
1  0.408221 0.0  0.071668  0.011854  0.798968  0.065310  0.430803  0.732783  0.282135  0.820350  0.342825  0.504756  0.629914  0.308974  0.000000  0.238461  0.404674  0.268749  0.474110  0.629179  0.219564  0.806532  0.849889  0.680368  0.848401  0.228682  0.329441  0.816963  0.468490  0.868762  0.007539 
2  0.483559  0.071668 0.0  0.223248  0.736314  0.042087  0.252686  0.432768  0.617647  0.754498  0.441797  0.302813  0.621016  0.374131  0.255595  0.006276  0.461611  0.000000  0.440380  0.475581  0.128294  0.924999  0.737596  0.691936  0.736773  0.305395  0.360602  0.782715  0.405473  0.691865  0.193383 
3  0.320023  0.011854  0.223248 0.0  0.776661  0.060339  0.348187  0.564923  0.435599  0.797375  0.424738  0.370856  0.602129  0.321270  0.187689  0.062680  0.517700  0.126256  0.430703  0.599687  0.132445  0.861711  0.862950  0.638932  0.744582  0.249066  0.329840  0.770999  0.388263  0.771851  0.145628 
4  0.760845  0.798968  0.736314  0.776661 0.0  0.749244  0.829547  0.758241  0.493712  0.976628  0.906777  0.675538  0.689800  0.899303  0.796491  0.750084  0.777994  0.810781  0.694746  0.906091  0.697067  0.600353  0.687971  0.720409  0.365672  0.773905  0.945700  0.928327  0.796239  0.994014  0.781278 
5  0.307343  0.065310  0.042087  0.060339  0.749244 0.0  0.340450  0.593680  0.350283  0.706634  0.286460  0.361371  0.593345  0.488983  0.012436  0.010265  0.331843  0.089632  0.386899  0.457639  0.011940  0.803192  0.729974  0.687047  0.746259  0.254184  0.296291  0.643889  0.498789  0.642704  0.115898 
6  0.148204  0.430803  0.252686  0.348187  0.829547  0.340450 0.0  0.829401  0.378365  0.406407  0.501149  0.152746  0.203869  0.056197  0.396897  0.696581  0.089778  0.505865  0.130918  0.999118  0.528203  0.768469  0.730895  0.723517  0.513411  0.288016  0.083127  0.458317  0.100425  0.576564  0.348248 
7  1.000000  0.732783  0.432768  0.564923  0.758241  0.593680  0.829401 0.0  0.738704  0.422603  0.833024  0.854125  0.539144  0.739206  0.533921  0.586229  0.778243  0.553492  0.886199  0.288967  0.613464  0.219615  0.352485  0.175252  0.717860  0.712942  0.854518  0.355907  0.916289  0.363303  0.572599 
8  0.385357  0.282135  0.617647  0.435599  0.493712  0.350283  0.378365  0.738704 0.0  0.685354  0.303414  0.263537  0.547521  0.330285  0.476238  0.453090  0.420261  0.372393  0.430308  0.750178  0.359366  0.775645  0.387641  0.678977  0.785178  0.219466  0.261160  0.820056  0.429214  0.875917  0.343902 
9  0.545463  0.820350  0.754498  0.797375  0.976628  0.706634  0.406407  0.422603  0.685354 0.0  0.966388  0.421066  0.430800  0.712542  0.710674  0.754084  0.605344  0.780223  0.460041  0.433043  0.826902  0.397555  0.550731  0.259376  0.514172  0.662692  0.571680  0.259049  0.488737  0.251843  0.875780 
10  0.304115  0.342825  0.441797  0.424738  0.906777  0.286460  0.501149  0.833024  0.303414  0.966388 0.0  0.405895  0.635359  0.582227  0.270112  0.301320  0.321223  0.430334  0.329143  0.666855  0.402700  0.860321  0.846443  0.684449  0.970446  0.231342  0.520483  0.948108  0.373127  0.965040  0.380471 
11  0.225491  0.504756  0.302813  0.370856  0.675538  0.361371  0.152746  0.854125  0.263537  0.421066  0.405895 0.0  0.267611  0.123008  0.391435  0.576492  0.148761  0.520693  0.232749  0.994090  0.401773  0.841439  0.788762  0.732020  0.554079  0.218963  0.142539  0.500666  0.246707  0.469349  0.422764 
12  0.324263  0.629914  0.621016  0.602129  0.689800  0.593345  0.203869  0.539144  0.547521  0.430800  0.635359  0.267611 0.0  0.415615  0.560193  0.560182  0.324877  0.587406  0.367235  0.647137  0.604261  0.572249  0.669646  0.474713  0.393647  0.639275  0.460911  0.366989  0.319851  0.480726  0.611554 
13  0.000000  0.308974  0.374131  0.321270  0.899303  0.488983  0.056197  0.739206  0.330285  0.712542  0.582227  0.123008  0.415615 0.0  0.343965  0.471097  0.000000  0.363941  0.000000  0.788492  0.433458  0.956870  0.896014  0.774809  0.668756  0.204919  0.286023  0.713024  0.049949  0.669171  0.387200 
14  0.469750  0.000000  0.255595  0.187689  0.796491  0.012436  0.396897  0.533921  0.476238  0.710674  0.270112  0.391435  0.560193  0.343965 0.0  0.000000  0.567299  0.099628  0.462685  0.437805  0.154735  0.909809  0.860577  0.775259  0.824903  0.242139  0.420646  0.757503  0.293786  0.872783  0.186453 
15  0.551284  0.238461  0.006276  0.062680  0.750084  0.010265  0.696581  0.586229  0.453090  0.754084  0.301320  0.576492  0.560182  0.471097  0.000000 0.0  0.410815  0.188882  0.526357  0.599487  0.216435  0.791213  0.763492  0.612891  0.795096  0.258730  0.256843  0.824961  0.539378  0.735225  0.110173 
16  0.120536  0.404674  0.461611  0.517700  0.777994  0.331843  0.089778  0.778243  0.420261  0.605344  0.321223  0.148761  0.324877  0.000000  0.567299  0.410815 0.0  0.445532  0.184717  0.726788  0.267041  0.915370  0.833156  0.615888  0.534463  0.343622  0.076202  0.443342  0.067008  0.520370  0.563290 
17  0.493272  0.268749  0.000000  0.126256  0.810781  0.089632  0.505865  0.553492  0.372393  0.780223  0.430334  0.520693  0.587406  0.363941  0.099628  0.188882  0.445532 0.0  0.437300  0.774805  0.147488  0.774747  0.744352  0.629950  0.780147  0.319064  0.268648  0.791858  0.594350  0.775619  0.023788 
18  0.188376  0.474110  0.440380  0.430703  0.694746  0.386899  0.130918  0.886199  0.430308  0.460041  0.329143  0.232749  0.367235  0.000000  0.462685  0.526357  0.184717  0.437300 0.0  0.994166  0.534207  0.998050  0.774191  0.729769  0.622453  0.326139  0.000000  0.531603  0.126243  0.569135  0.374226 
19  0.934201  0.629179  0.475581  0.599687  0.906091  0.457639  0.999118  0.288967  0.750178  0.433043  0.666855  0.994090  0.647137  0.788492  0.437805  0.599487  0.726788  0.774805  0.994166 0.0  0.697664  0.412062  0.381568  0.186106  0.756900  0.659121  0.813488  0.218773  0.945156  0.448518  0.440031 
20  0.546273  0.219564  0.128294  0.132445  0.697067  0.011940  0.528203  0.613464  0.359366  0.826902  0.402700  0.401773  0.604261  0.433458  0.154735  0.216435  0.267041  0.147488  0.534207  0.697664 0.0  0.718922  0.830769  0.758447  0.822892  0.264986  0.349603  0.701631  0.492315  0.779022  0.000000 
21  0.941322  0.806532  0.924999  0.861711  0.600353  0.803192  0.768469  0.219615  0.775645  0.397555  0.860321  0.841439  0.572249  0.956870  0.909809  0.791213  0.915370  0.774747  0.998050  0.412062  0.718922 0.0  0.003065  0.280070  0.787440  0.668917  0.755269  0.325495  0.823797  0.298904  0.941069 
22  0.810121  0.849889  0.737596  0.862950  0.687971  0.729974  0.730895  0.352485  0.387641  0.550731  0.846443  0.788762  0.669646  0.896014  0.860577  0.763492  0.833156  0.744352  0.774191  0.381568  0.830769  0.003065 0.0  0.161494  0.804727  0.643161  0.852833  0.372187  0.845999  0.474805  0.768455 
23  0.716762  0.680368  0.691936  0.638932  0.720409  0.687047  0.723517  0.175252  0.678977  0.259376  0.684449  0.732020  0.474713  0.774809  0.775259  0.612891  0.615888  0.629950  0.729769  0.186106  0.758447  0.280070  0.161494 0.0  0.643047  0.686031  0.798253  0.265471  0.739169  0.314415  0.709843 
24  0.443891  0.848401  0.736773  0.744582  0.365672  0.746259  0.513411  0.717860  0.785178  0.514172  0.970446  0.554079  0.393647  0.668756  0.824903  0.795096  0.534463  0.780147  0.622453  0.756900  0.822892  0.787440  0.804727  0.643047 0.0  0.739817  0.716889  0.557505  0.444433  0.729074  0.744797 
25  0.290813  0.228682  0.305395  0.249066  0.773905  0.254184  0.288016  0.712942  0.219466  0.662692  0.231342  0.218963  0.639275  0.204919  0.242139  0.258730  0.343622  0.319064  0.326139  0.659121  0.264986  0.668917  0.643161  0.686031  0.739817 0.0  0.178358  0.698214  0.379493  0.612155  0.284985 
26  0.052439  0.329441  0.360602  0.329840  0.945700  0.296291  0.083127  0.854518  0.261160  0.571680  0.520483  0.142539  0.460911  0.286023  0.420646  0.256843  0.076202  0.268648  0.000000  0.813488  0.349603  0.755269  0.852833  0.798253  0.716889  0.178358 0.0  0.624540  0.000000  0.561531  0.308650 
27  0.480871  0.816963  0.782715  0.770999  0.928327  0.643889  0.458317  0.355907  0.820056  0.259049  0.948108  0.500666  0.366989  0.713024  0.757503  0.824961  0.443342  0.791858  0.531603  0.218773  0.701631  0.325495  0.372187  0.265471  0.557505  0.698214  0.624540 0.0  0.488392  0.195072  0.782177 
28  0.199629  0.468490  0.405473  0.388263  0.796239  0.498789  0.100425  0.916289  0.429214  0.488737  0.373127  0.246707  0.319851  0.049949  0.293786  0.539378  0.067008  0.594350  0.126243  0.945156  0.492315  0.823797  0.845999  0.739169  0.444433  0.379493  0.000000  0.488392 0.0  0.474948  0.300554 
29  0.376154  0.868762  0.691865  0.771851  0.994014  0.642704  0.576564  0.363303  0.875917  0.251843  0.965040  0.469349  0.480726  0.669171  0.872783  0.735225  0.520370  0.775619  0.569135  0.448518  0.779022  0.298904  0.474805  0.314415  0.729074  0.612155  0.561531  0.195072  0.474948 0.0  0.872193 
30  0.351149  0.007539  0.193383  0.145628  0.781278  0.115898  0.348248  0.572599  0.343902  0.875780  0.380471  0.422764  0.611554  0.387200  0.186453  0.110173  0.563290  0.023788  0.374226  0.440031  0.000000  0.941069  0.768455  0.709843  0.744797  0.284985  0.308650  0.782177  0.300554  0.872193 0.0 
