197
0 0.0  0.625893  0.744580  0.455010  0.520848  0.274923  0.380856  0.828900  0.647427  0.675204  0.601097  0.754772  0.818119  0.679293  0.563323  0.843884  0.658322  0.725628  0.478565  0.551852  0.489035  0.604596  0.775722  0.800887  0.646667  0.706018  0.746867  0.584838  0.631092  0.541566  0.768223  0.779698  0.523994  0.826184  0.610196  0.648853  0.540887  0.624741  0.694280  0.675428  0.748353  0.757942  0.738661  0.617035  0.631446  0.370675  0.618075  0.820057  0.542426  0.671474  0.654455  0.542032  0.705470  0.612188  0.564475  0.712917  0.675289  0.765731  0.536863  0.504733  0.660434  0.846033  0.738008  0.795121  0.787794  0.800128  0.771315  0.613710  0.687859  0.629474  0.868309  0.590758  0.602803  0.675399  0.645708  0.749423  0.553628  0.617821  0.855064  0.788589  0.693514  0.737574  0.478551  0.545079  0.505574  0.603090  0.734404  0.866216  0.731617  0.620090  0.900930  0.547402  0.816260  0.652645  0.898968  0.742454  0.546151  0.613366  0.710807  0.722812  0.862020  0.464087  0.673888  0.728476  0.656034  0.608093  0.723066  0.513812  0.824708  0.734279  0.693233  0.751441  0.680680  0.697680  0.763217  0.518968  0.727579  0.703392  0.671264  0.617394  0.734467  0.552564  0.890852  0.831120  0.869048  0.692764  0.680446  0.675367  0.723936  0.567365  0.946472  0.817561  0.773231  0.658841  0.682215  0.775539  0.888829  0.583654  0.522547  0.764185  0.694014  0.828472  0.766667  0.752418  0.673454  0.734980  0.644319  0.611082  0.575692  0.817402  0.740741  0.888351  0.727929  0.886091  0.685956  0.833398  0.901138  0.784918  0.790552  0.849475  0.683770  0.657676  0.763846  0.729490  0.802152  0.639322  0.636763  0.506656  0.571635  0.573851  0.892045  0.487294  0.599063  0.739556  0.799285  0.703498  0.754984  0.783899  0.690076  0.747854  0.547773  0.618376  0.812274  0.787506  0.631308  0.941143  0.682826  0.709189  0.370767  0.618134  0.475546  0.792640  0.611012  0.840034  0.659394  0.701848  0.811648 
1  0.625893 0.0  0.378622  0.647890  0.557373  0.649727  0.593624  0.431082  0.458530  0.562971  0.685705  0.541212  0.723373  0.772758  0.787532  0.626603  0.418899  0.392906  0.719565  0.743949  0.761039  0.517670  0.452089  0.711688  0.580934  0.668013  0.660764  0.527024  0.563160  0.603330  0.763753  0.844849  0.618430  0.607005  0.683070  0.398779  0.647091  0.624569  0.751791  0.592696  0.683509  0.574210  0.575232  0.598362  0.395317  0.730137  0.468808  0.874840  0.541302  0.531327  0.563030  0.656106  0.628520  0.451766  0.625978  0.588727  0.539582  0.366688  0.673232  0.528381  0.531215  0.848352  0.743666  0.706582  0.798255  0.779325  0.625510  0.260912  0.336454  0.624533  0.717887  0.131296  0.656303  0.417559  0.319748  0.693182  0.468102  0.713474  0.818016  0.836607  0.733484  0.681440  0.654982  0.672264  0.621245  0.599761  0.697604  0.677425  0.684875  0.640657  0.786648  0.518331  0.665838  0.659210  0.637623  0.653653  0.558174  0.661730  0.738112  0.650490  0.823697  0.689793  0.702830  0.612335  0.535754  0.445054  0.612249  0.737511  0.565002  0.672658  0.610360  0.695224  0.398125  0.672948  0.876899  0.622133  0.821117  0.789420  0.417312  0.591504  0.542887  0.563332  0.591208  0.746058  0.853683  0.427004  0.767294  0.705713  0.710826  0.752884  0.746369  0.710367  0.640535  0.697580  0.531660  0.462617  0.727252  0.325084  0.562700  0.763077  0.552395  0.769235  0.780638  0.654958  0.419182  0.724399  0.322998  0.286037  0.458352  0.751004  0.750420  0.805622  0.818707  0.788430  0.855308  0.809265  0.683022  0.664617  0.733771  0.817870  0.559686  0.633214  0.740542  0.793600  0.700576  0.634992  0.567340  0.734726  0.691049  0.591267  0.794472  0.475359  0.698960  0.829052  0.766558  0.676691  0.737073  0.656394  0.396843  0.476042  0.841973  0.464107  0.848262  0.593669  0.677729  0.759882  0.710196  0.750767  0.624844  0.572135  0.759502  0.760309  0.604227  0.746384  0.551061  0.788877  0.788410 
2  0.744580  0.378622 0.0  0.601483  0.638427  0.758068  0.593710  0.169242  0.291703  0.538578  0.724651  0.482739  0.519031  0.652740  0.665905  0.878980  0.484589  0.393196  0.657581  0.808998  0.618384  0.586190  0.447607  0.678932  0.621898  0.548947  0.692655  0.416343  0.611380  0.664899  0.897742  0.762504  0.772279  0.518573  0.788698  0.491884  0.596564  0.654993  0.701381  0.666811  0.666418  0.470014  0.355344  0.569643  0.466846  0.648873  0.512478  0.732627  0.623775  0.481924  0.436594  0.565652  0.486625  0.569281  0.608548  0.497332  0.523449  0.388718  0.654989  0.527313  0.422482  0.761595  0.724393  0.750262  0.739356  0.736411  0.652828  0.533887  0.528301  0.466874  0.767253  0.377329  0.763794  0.267030  0.501251  0.706855  0.589292  0.683518  0.828512  0.857508  0.726738  0.768435  0.615915  0.678309  0.610508  0.654479  0.696578  0.657293  0.757871  0.649098  0.624734  0.348118  0.662745  0.627142  0.709252  0.549318  0.668640  0.609055  0.723622  0.731784  0.700371  0.726765  0.681234  0.699483  0.647304  0.169237  0.427127  0.628989  0.540810  0.607340  0.445323  0.612735  0.273868  0.573541  0.784348  0.697082  0.773480  0.782909  0.283499  0.470916  0.390994  0.489871  0.704202  0.928767  0.862396  0.506204  0.832565  0.611274  0.651229  0.623694  0.734708  0.588400  0.779434  0.913496  0.610342  0.522975  0.852548  0.335652  0.606540  0.681283  0.206762  0.844942  0.857517  0.620854  0.555166  0.602524  0.545653  0.525156  0.559966  0.733174  0.697513  0.702432  0.822675  0.836208  0.731651  0.813179  0.838391  0.740804  0.816772  0.745230  0.660852  0.593252  0.777674  0.733631  0.702385  0.720233  0.516882  0.604827  0.721473  0.748248  0.882191  0.679127  0.764796  0.691035  0.761578  0.753861  0.624301  0.596398  0.298079  0.499802  0.733036  0.450171  0.788809  0.403215  0.770282  0.673222  0.572505  0.774633  0.601876  0.612417  0.765971  0.793796  0.646890  0.760790  0.632444  0.680947  0.835054 
3  0.455010  0.647890  0.601483 0.0  0.442623  0.591481  0.473705  0.596904  0.661797  0.739954  0.634143  0.678932  0.810949  0.782633  0.658936  0.690875  0.684825  0.661365  0.470513  0.728937  0.544030  0.501669  0.640253  0.672972  0.510403  0.770461  0.797993  0.634029  0.678591  0.545487  0.779479  0.779891  0.643609  0.753472  0.553415  0.551474  0.575329  0.521529  0.716198  0.724647  0.820178  0.629019  0.623382  0.575094  0.549939  0.461226  0.603967  0.913202  0.373375  0.687203  0.575864  0.524799  0.728474  0.577067  0.352220  0.751717  0.572388  0.529065  0.543807  0.445911  0.611788  0.837095  0.772238  0.850694  0.743659  0.818420  0.681477  0.645034  0.533708  0.548123  0.714749  0.680908  0.645490  0.565582  0.608977  0.761548  0.459057  0.588605  0.845483  0.800776  0.760447  0.792017  0.600826  0.586992  0.483749  0.856445  0.763980  0.787122  0.686016  0.791887  0.721699  0.659991  0.776950  0.794721  0.895184  0.676065  0.370912  0.733159  0.732934  0.770988  0.693294  0.496486  0.647557  0.748409  0.693865  0.701590  0.702175  0.647066  0.677269  0.748100  0.642009  0.775461  0.670639  0.727048  0.684411  0.514684  0.832465  0.704314  0.633023  0.724222  0.540229  0.626743  0.779041  0.842907  0.752085  0.649105  0.828622  0.767906  0.760099  0.606401  0.804748  0.742215  0.752285  0.753118  0.658509  0.778810  0.791612  0.599316  0.432285  0.773442  0.590340  0.678816  0.852343  0.726316  0.617031  0.773292  0.551100  0.582388  0.548869  0.749625  0.851227  0.770355  0.878992  0.780781  0.759198  0.777413  0.898247  0.794509  0.759697  0.802252  0.702894  0.656332  0.796449  0.777710  0.764261  0.825514  0.660319  0.631147  0.647582  0.549524  0.901122  0.478112  0.667256  0.860832  0.860000  0.719691  0.642748  0.776774  0.647128  0.620146  0.625562  0.499295  0.783686  0.704652  0.671205  0.879563  0.685550  0.725317  0.484261  0.587828  0.770283  0.777936  0.561997  0.799721  0.599986  0.745840  0.796327 
4  0.520848  0.557373  0.638427  0.442623 0.0  0.551692  0.571961  0.633313  0.510580  0.700658  0.475347  0.530480  0.739390  0.935951  0.750340  0.710569  0.672916  0.675138  0.634900  0.668425  0.237027  0.505803  0.526477  0.720709  0.427699  0.765464  0.627808  0.647662  0.453820  0.314944  0.889071  0.845906  0.574260  0.818877  0.575010  0.537763  0.538465  0.273430  0.593051  0.687440  0.794401  0.559329  0.689353  0.549280  0.551268  0.558288  0.547073  0.874226  0.450201  0.607927  0.682372  0.412918  0.602044  0.717837  0.508948  0.725723  0.751518  0.545942  0.614313  0.519293  0.559962  0.833340  0.768484  0.827281  0.725788  0.865002  0.724092  0.639097  0.695862  0.536305  0.773601  0.566715  0.496565  0.610209  0.697238  0.803701  0.229150  0.526257  0.848904  0.719372  0.789850  0.786922  0.495572  0.503300  0.498698  0.821453  0.778366  0.745435  0.801757  0.747927  0.761188  0.606333  0.785263  0.847586  0.865463  0.766966  0.472129  0.667919  0.855443  0.825199  0.705835  0.563306  0.614556  0.755883  0.813406  0.613491  0.557465  0.652477  0.646950  0.709739  0.765603  0.740601  0.663958  0.779826  0.774130  0.527074  0.824259  0.678386  0.674830  0.633513  0.630226  0.429577  0.664019  0.866340  0.781731  0.570387  0.819113  0.734227  0.726264  0.341631  0.782284  0.800129  0.818436  0.725880  0.757029  0.725151  0.800437  0.492914  0.505620  0.662490  0.702137  0.692737  0.764405  0.783809  0.542337  0.779444  0.559171  0.699922  0.653278  0.824529  0.759752  0.895908  0.750793  0.722405  0.845961  0.822625  0.745596  0.674576  0.743692  0.850764  0.679588  0.653984  0.762469  0.828308  0.805697  0.782674  0.615396  0.458440  0.477243  0.517015  0.896801  0.549254  0.646969  0.835231  0.785094  0.797882  0.859525  0.790135  0.550612  0.633553  0.751195  0.666230  0.857344  0.576997  0.676760  0.829283  0.716693  0.725265  0.623348  0.376207  0.595389  0.839280  0.378428  0.720273  0.419182  0.729802  0.847700 
5  0.274923  0.649727  0.758068  0.591481  0.551692 0.0  0.404790  0.637384  0.662133  0.739264  0.691508  0.708700  0.705314  0.786862  0.504339  0.750136  0.687775  0.705245  0.420377  0.685974  0.652795  0.713565  0.699820  0.730758  0.682343  0.748107  0.657075  0.792856  0.564183  0.464784  0.824937  0.850819  0.541012  0.731054  0.593331  0.682542  0.486325  0.610463  0.651099  0.685379  0.700987  0.673413  0.585186  0.631841  0.661327  0.149368  0.681041  0.846329  0.512710  0.645544  0.728558  0.694592  0.638129  0.657261  0.558407  0.701880  0.736695  0.658762  0.518030  0.581896  0.601584  0.776403  0.770338  0.838149  0.711840  0.791428  0.641329  0.680864  0.617789  0.738498  0.808587  0.670653  0.627986  0.773947  0.726282  0.734991  0.571735  0.649391  0.765188  0.868304  0.784010  0.899499  0.594299  0.500785  0.608154  0.723124  0.747954  0.718105  0.804898  0.685126  0.735198  0.591750  0.797316  0.708236  0.759783  0.763731  0.544059  0.650252  0.691243  0.770829  0.761391  0.497639  0.676404  0.729189  0.746722  0.638129  0.599683  0.546794  0.808227  0.680134  0.777660  0.672814  0.687390  0.735399  0.836664  0.474784  0.733001  0.646549  0.729221  0.677829  0.666909  0.689212  0.757938  0.806450  0.827148  0.720275  0.791734  0.817750  0.781776  0.520903  0.846031  0.741892  0.807065  0.681319  0.783678  0.755850  0.691871  0.686234  0.554300  0.665635  0.691503  0.634115  0.822330  0.729685  0.679723  0.802000  0.624170  0.661888  0.640383  0.823396  0.844898  0.756734  0.825644  0.822499  0.799018  0.857611  0.919302  0.778735  0.906302  0.838118  0.691373  0.683945  0.860049  0.767011  0.708172  0.725197  0.644549  0.590603  0.529710  0.513895  0.749822  0.523166  0.665376  0.958838  0.704764  0.879237  0.662134  0.776040  0.679618  0.633897  0.629614  0.762526  0.819468  0.759540  0.563206  0.937550  0.814388  0.600812  0.426420  0.697864  0.659217  0.919560  0.604494  0.802022  0.707770  0.616866  0.784441 
6  0.380856  0.593624  0.593710  0.473705  0.571961  0.404790 0.0  0.682664  0.631715  0.678939  0.571781  0.670169  0.738814  0.801249  0.672274  0.863762  0.719396  0.573029  0.348048  0.695849  0.491361  0.647022  0.604536  0.790453  0.580870  0.730708  0.707091  0.641091  0.647595  0.585660  0.746932  0.855556  0.486119  0.761344  0.475241  0.668980  0.458622  0.492354  0.683472  0.644691  0.898043  0.700034  0.689212  0.589362  0.722830  0.521237  0.680738  0.716296  0.455807  0.744028  0.671547  0.635526  0.784151  0.632632  0.470932  0.752647  0.662928  0.547718  0.600642  0.498758  0.627136  0.803426  0.831055  0.757058  0.711035  0.814009  0.694224  0.686808  0.557545  0.704244  0.786656  0.603001  0.683818  0.707978  0.721712  0.778214  0.491586  0.569295  0.775107  0.835594  0.865211  0.835388  0.444345  0.527971  0.464288  0.732674  0.657831  0.731270  0.853996  0.731403  0.796460  0.690246  0.752741  0.747394  0.765397  0.698839  0.515013  0.706405  0.755570  0.720055  0.762329  0.467172  0.600067  0.810641  0.721064  0.616584  0.715525  0.524416  0.666807  0.585933  0.815048  0.806872  0.730652  0.877201  0.751349  0.470443  0.895981  0.702370  0.679683  0.810297  0.669023  0.499278  0.700398  0.837158  0.836604  0.667195  0.842364  0.777349  0.709131  0.479130  0.830774  0.695112  0.692305  0.649901  0.724254  0.545511  0.733496  0.659636  0.522349  0.873143  0.756799  0.752838  0.778697  0.761012  0.611412  0.801335  0.579339  0.707486  0.573741  0.795879  0.712755  0.739058  0.916532  0.787254  0.823766  0.835480  0.799126  0.782354  0.782203  0.772012  0.701651  0.697606  0.834526  0.784095  0.846155  0.676247  0.674127  0.557881  0.700414  0.563107  0.832539  0.553269  0.727431  0.713984  0.734960  0.891893  0.679354  0.759364  0.590397  0.634917  0.555207  0.674345  0.644995  0.674893  0.660003  0.938802  0.722983  0.646006  0.455361  0.494854  0.588317  0.815137  0.552644  0.862609  0.530754  0.729530  0.783018 
7  0.828900  0.431082  0.169242  0.596904  0.633313  0.637384  0.682664 0.0  0.291623  0.479695  0.649229  0.360745  0.631564  0.642060  0.754758  0.668457  0.453505  0.536300  0.719593  0.773510  0.662506  0.492521  0.443806  0.589337  0.586608  0.595206  0.600299  0.504973  0.528605  0.634935  0.767165  0.903257  0.698129  0.625480  0.728277  0.513376  0.696631  0.675889  0.736993  0.581238  0.536294  0.589840  0.456025  0.690598  0.448709  0.756350  0.550871  0.816904  0.578875  0.438952  0.552866  0.524706  0.460597  0.454288  0.656561  0.592314  0.551444  0.327578  0.683365  0.589932  0.478423  0.708408  0.733819  0.634931  0.702100  0.813171  0.620855  0.451063  0.348927  0.493854  0.703932  0.534695  0.651312  0.280552  0.511432  0.824683  0.509586  0.707460  0.723490  0.703708  0.781438  0.690475  0.649595  0.653636  0.538148  0.629474  0.697264  0.645489  0.678577  0.635845  0.758800  0.392458  0.678606  0.648260  0.739618  0.593070  0.588097  0.671979  0.715540  0.749939  0.761745  0.790832  0.718808  0.741668  0.639917  0.156380  0.448782  0.740419  0.588483  0.594945  0.594578  0.704852  0.270897  0.660324  0.683768  0.595812  0.836130  0.705631  0.138211  0.439662  0.333371  0.631433  0.675051  0.699504  0.734752  0.601685  0.738319  0.735440  0.588987  0.571233  0.780241  0.618031  0.783662  0.752475  0.680833  0.534196  0.719643  0.339217  0.643567  0.711701  0.116003  0.829146  0.719176  0.630690  0.672661  0.594381  0.550647  0.385737  0.585696  0.650559  0.790639  0.765722  0.821827  0.653121  0.555606  0.765782  0.803433  0.705125  0.640332  0.803492  0.637364  0.491503  0.718719  0.654300  0.651238  0.741674  0.594027  0.562119  0.737019  0.670328  0.776637  0.685974  0.757455  0.760370  0.652423  0.788736  0.677605  0.692199  0.388947  0.399901  0.729814  0.480177  0.649669  0.602496  0.611115  0.953782  0.739920  0.737161  0.713116  0.634034  0.762540  0.779140  0.596678  0.755491  0.585597  0.800652  0.766120 
8  0.647427  0.458530  0.291703  0.661797  0.510580  0.662133  0.631715  0.291623 0.0  0.477824  0.821921  0.357805  0.622784  0.745387  0.826480  0.862876  0.450051  0.409786  0.657346  0.706554  0.624931  0.449686  0.333817  0.605024  0.632245  0.652807  0.703388  0.386164  0.544815  0.627363  0.749787  0.676123  0.658896  0.641811  0.687502  0.551729  0.610611  0.589453  0.631159  0.656286  0.699352  0.531958  0.539626  0.570854  0.450566  0.578229  0.539813  0.760551  0.669265  0.415017  0.495934  0.565688  0.551302  0.577619  0.654331  0.504871  0.502794  0.422037  0.706008  0.641958  0.443690  0.859636  0.718982  0.733798  0.531349  0.733340  0.613120  0.464143  0.335471  0.548333  0.758930  0.406268  0.671580  0.241651  0.493737  0.655485  0.681290  0.721044  0.822772  0.703209  0.713580  0.732563  0.667505  0.640110  0.612201  0.622441  0.710965  0.702861  0.778570  0.694970  0.767244  0.338153  0.629865  0.717839  0.765472  0.620127  0.674932  0.681357  0.810919  0.705571  0.698899  0.730421  0.675484  0.747143  0.684580  0.120856  0.550865  0.741195  0.571475  0.556414  0.683603  0.664116  0.237328  0.660124  0.813615  0.797861  0.778672  0.771548  0.353266  0.414794  0.332088  0.657652  0.731070  0.744879  0.837667  0.404684  0.752287  0.760146  0.667515  0.579490  0.884421  0.657410  0.754619  0.691398  0.590434  0.663856  0.831676  0.443745  0.573552  0.742884  0.236711  0.672684  0.639516  0.633384  0.487298  0.571437  0.543565  0.487878  0.624434  0.730365  0.700515  0.783405  0.850970  0.713870  0.618189  0.798771  0.726670  0.755090  0.711362  0.866110  0.711810  0.699190  0.700855  0.780810  0.761037  0.668160  0.431767  0.691835  0.706464  0.722488  0.766991  0.700631  0.755580  0.684840  0.742697  0.675253  0.694816  0.718413  0.422885  0.410366  0.618249  0.432220  0.756728  0.413464  0.666211  0.855360  0.695855  0.813201  0.641772  0.626655  0.690094  0.719342  0.568283  0.797086  0.675052  0.662518  0.868895 
9  0.675204  0.562971  0.538578  0.739954  0.700658  0.739264  0.678939  0.479695  0.477824 0.0  0.680297  0.432241  0.500976  0.679299  0.685823  0.715761  0.558562  0.575316  0.620443  0.816405  0.721343  0.530885  0.456245  0.426431  0.683900  0.567301  0.659482  0.511707  0.643132  0.752717  0.784188  0.778483  0.713211  0.551294  0.869914  0.588543  0.835400  0.713249  0.750724  0.501403  0.631026  0.483394  0.500718  0.693692  0.644980  0.758203  0.593609  0.779829  0.748263  0.506731  0.484237  0.689410  0.519489  0.544044  0.689004  0.527787  0.454046  0.637192  0.711688  0.650255  0.605467  0.766277  0.593181  0.746663  0.755793  0.704326  0.555867  0.626706  0.544468  0.626649  0.683562  0.520916  0.830169  0.542888  0.564608  0.800702  0.508726  0.698907  0.735013  0.752434  0.743366  0.771410  0.656040  0.695501  0.632915  0.595777  0.665022  0.738613  0.712945  0.628222  0.565471  0.579442  0.628990  0.755162  0.714613  0.535941  0.674790  0.607915  0.661881  0.714627  0.704490  0.619835  0.749721  0.598212  0.522343  0.529315  0.621418  0.761187  0.523883  0.459172  0.617208  0.607586  0.536703  0.635416  0.705149  0.744223  0.792472  0.824234  0.574761  0.481430  0.535992  0.744096  0.689895  0.822920  0.766171  0.523227  0.675453  0.698332  0.600284  0.669875  0.824889  0.571966  0.723709  0.787653  0.580283  0.528002  0.728683  0.425136  0.680913  0.632580  0.568090  0.749757  0.783756  0.665650  0.561829  0.647852  0.546071  0.596033  0.613906  0.696627  0.615623  0.725909  0.698667  0.741986  0.676901  0.866901  0.846769  0.734428  0.716209  0.705930  0.509842  0.514322  0.797873  0.772605  0.787592  0.689088  0.579923  0.577463  0.764022  0.703001  0.817007  0.754183  0.784366  0.646342  0.693531  0.745098  0.747534  0.721648  0.674387  0.485839  0.782411  0.494098  0.651163  0.579928  0.700287  0.683697  0.690116  0.773769  0.726645  0.689849  0.718157  0.717339  0.648236  0.884599  0.448030  0.613178  0.768312 
10  0.601097  0.685705  0.724651  0.634143  0.475347  0.691508  0.571781  0.649229  0.821921  0.680297 0.0  0.644566  0.777229  0.802143  0.633034  0.761714  0.646763  0.652548  0.589755  0.602990  0.655191  0.634851  0.807967  0.812545  0.609060  0.860005  0.726413  0.742097  0.701678  0.535374  0.768102  0.840814  0.580154  0.708113  0.406116  0.610210  0.497033  0.548122  0.497566  0.753476  0.859359  0.710376  0.684555  0.639350  0.706222  0.546934  0.626955  0.851847  0.654420  0.696559  0.747735  0.527882  0.778023  0.686057  0.733699  0.882300  0.790285  0.755147  0.623679  0.657073  0.690688  0.749023  0.691484  0.793509  0.864046  0.812217  0.797206  0.702625  0.652895  0.627341  0.861640  0.597266  0.471943  0.726811  0.715885  0.778982  0.640802  0.606599  0.786563  0.862064  0.817217  0.784892  0.370127  0.551239  0.598295  0.704219  0.851327  0.812648  0.857439  0.741109  0.795227  0.583665  0.871023  0.876105  0.865711  0.719101  0.617421  0.767925  0.835522  0.813722  0.763983  0.539767  0.453633  0.781310  0.750473  0.631121  0.705753  0.567587  0.864306  0.746277  0.710761  0.860050  0.633673  0.745167  0.738014  0.410456  0.825467  0.649568  0.720025  0.769287  0.761063  0.543947  0.785067  0.785624  0.835085  0.688485  0.908839  0.827946  0.784914  0.590766  0.823036  0.752965  0.700477  0.704406  0.714165  0.810670  0.867991  0.726408  0.568023  0.739863  0.719486  0.645698  0.734607  0.800232  0.757021  0.908487  0.664147  0.651484  0.721719  0.722732  0.767293  0.743196  0.717327  0.804642  0.776499  0.829627  0.769815  0.761997  0.789468  0.832009  0.807825  0.737890  0.813726  0.932111  0.738613  0.862516  0.813698  0.536911  0.499031  0.555391  0.892651  0.497749  0.548421  0.812598  0.792078  0.765145  0.705116  0.838794  0.687246  0.751928  0.711678  0.838009  0.827792  0.601874  0.559666  0.804941  0.629780  0.685999  0.464254  0.680341  0.426124  0.851279  0.694839  0.776012  0.722216  0.801088  0.880468 
11  0.754772  0.541212  0.482739  0.678932  0.530480  0.708700  0.670169  0.360745  0.357805  0.432241  0.644566 0.0  0.637974  0.687073  0.766782  0.665316  0.496899  0.344105  0.657314  0.737948  0.615100  0.542320  0.343197  0.586453  0.740182  0.643917  0.659892  0.462576  0.562046  0.619529  0.788490  0.749523  0.670313  0.571923  0.642085  0.508420  0.685346  0.642555  0.780669  0.509911  0.718172  0.485483  0.299225  0.522291  0.517166  0.637961  0.436294  0.727782  0.638466  0.379635  0.417740  0.593309  0.601686  0.576763  0.670064  0.543270  0.569833  0.586465  0.764773  0.671596  0.584041  0.693315  0.678827  0.706070  0.663259  0.731261  0.614746  0.411913  0.480864  0.462331  0.789971  0.534391  0.782296  0.477368  0.479293  0.909593  0.686034  0.655706  0.685779  0.736606  0.714456  0.829233  0.702360  0.625945  0.689444  0.615376  0.706100  0.652052  0.683423  0.643186  0.674621  0.329745  0.684106  0.737778  0.775272  0.545484  0.638359  0.568519  0.827651  0.835034  0.741671  0.687904  0.797891  0.606054  0.600160  0.598786  0.577312  0.772558  0.621497  0.566131  0.660186  0.616321  0.409738  0.689983  0.717604  0.641838  0.610687  0.658571  0.351560  0.436552  0.424619  0.733710  0.758301  0.841280  0.749073  0.500371  0.547840  0.707149  0.539552  0.652237  0.749028  0.611218  0.610948  0.782618  0.498431  0.561941  0.872511  0.406873  0.626857  0.684298  0.497375  0.757082  0.760450  0.729334  0.610909  0.572107  0.452275  0.364853  0.501854  0.833760  0.659770  0.839312  0.733247  0.781075  0.726643  0.732772  0.708411  0.613716  0.681258  0.717903  0.580606  0.614523  0.741719  0.707357  0.733565  0.680368  0.464980  0.694409  0.784728  0.717889  0.776382  0.764333  0.763933  0.702377  0.584472  0.790347  0.619212  0.785953  0.451491  0.362755  0.841695  0.256785  0.818659  0.627600  0.663555  0.781918  0.662161  0.699349  0.697656  0.623325  0.707564  0.784722  0.653200  0.770306  0.526108  0.691212  0.832519 
12  0.818119  0.723373  0.519031  0.810949  0.739390  0.705314  0.738814  0.631564  0.622784  0.500976  0.777229  0.637974 0.0  0.631494  0.734184  0.636360  0.625913  0.584964  0.760887  0.725715  0.603769  0.658032  0.539356  0.398710  0.614069  0.430830  0.624985  0.630344  0.572100  0.687884  0.604044  0.698302  0.759659  0.518910  0.740767  0.643062  0.643178  0.711054  0.705628  0.585948  0.542372  0.619264  0.510952  0.739568  0.632969  0.682215  0.647483  0.754316  0.644470  0.549366  0.655786  0.665548  0.583045  0.785394  0.679170  0.559234  0.584691  0.680740  0.751304  0.663979  0.693405  0.775141  0.609040  0.644436  0.701290  0.581104  0.589146  0.593421  0.730042  0.705837  0.731207  0.760516  0.747504  0.636797  0.614204  0.817438  0.838212  0.773913  0.701112  0.710976  0.657460  0.645178  0.724306  0.663609  0.720460  0.457513  0.622338  0.735569  0.637813  0.515979  0.654987  0.633765  0.664142  0.568951  0.772711  0.358537  0.701627  0.611865  0.636192  0.635241  0.627379  0.729997  0.724257  0.597437  0.549193  0.585656  0.592519  0.802332  0.624525  0.483079  0.469981  0.576163  0.529775  0.575061  0.747341  0.798202  0.665197  0.839623  0.533705  0.532070  0.541037  0.705215  0.711822  0.741786  0.774712  0.455509  0.662805  0.631202  0.611264  0.645995  0.786839  0.503385  0.658269  0.762853  0.551479  0.493755  0.728754  0.707995  0.710013  0.677235  0.658030  0.831321  0.742276  0.435723  0.674080  0.552363  0.684107  0.651742  0.667373  0.740259  0.649368  0.718790  0.651063  0.719787  0.692210  0.890620  0.718251  0.675914  0.595816  0.790507  0.434774  0.425369  0.728009  0.693050  0.632209  0.601121  0.577113  0.815077  0.798708  0.751071  0.774767  0.782440  0.732143  0.723630  0.668127  0.759444  0.687453  0.700282  0.735448  0.556121  0.739013  0.667302  0.674496  0.730923  0.814221  0.773601  0.582697  0.762758  0.691481  0.789401  0.733142  0.788716  0.716525  0.697135  0.541700  0.610266  0.738025 
13  0.679293  0.772758  0.652740  0.782633  0.935951  0.786862  0.801249  0.642060  0.745387  0.679299  0.802143  0.687073  0.631494 0.0  0.780309  0.316636  0.722480  0.710812  0.769520  0.855609  0.703967  0.585140  0.802447  0.631627  0.786944  0.674181  0.629130  0.745633  0.725289  0.796162  0.528687  0.589361  0.730356  0.634750  0.750131  0.665402  0.764265  0.762243  0.863670  0.710301  0.547761  0.735558  0.739825  0.695018  0.660818  0.772146  0.715842  0.775389  0.679259  0.659107  0.692805  0.880383  0.736738  0.660706  0.662780  0.627226  0.582013  0.681058  0.672877  0.715932  0.861761  0.555427  0.641675  0.424860  0.522568  0.505401  0.603457  0.678225  0.597045  0.661131  0.725692  0.694576  0.852016  0.720486  0.692401  0.625504  0.561624  0.730196  0.795904  0.656923  0.597550  0.594036  0.734770  0.873041  0.784739  0.719669  0.633446  0.635426  0.626070  0.707595  0.660498  0.756773  0.508245  0.525753  0.636530  0.569954  0.826601  0.523308  0.691117  0.608999  0.439076  0.844426  0.843243  0.457081  0.741816  0.628835  0.707726  0.881073  0.685430  0.593820  0.642208  0.567518  0.667381  0.654184  0.766892  0.722925  0.793572  0.922630  0.803557  0.695796  0.644632  0.699484  0.616586  0.627114  0.735728  0.681878  0.662899  0.460651  0.401217  0.682326  0.767877  0.686327  0.717759  0.925713  0.579644  0.562782  0.533327  0.719307  0.682640  0.552228  0.669779  0.960121  0.697576  0.650363  0.701793  0.526739  0.676545  0.703954  0.675718  0.604680  0.697019  0.648169  0.621529  0.742810  0.565015  0.798579  0.767681  0.469840  0.395759  0.713783  0.554264  0.686840  0.650732  0.683822  0.563605  0.705861  0.709629  0.726483  0.774958  0.908453  0.718250  0.790732  0.748051  0.731569  0.408129  0.635538  0.611803  0.628605  0.798613  0.704984  0.794399  0.736858  0.708172  0.665122  0.794011  0.823218  0.676217  0.848503  0.688261  0.784247  0.765666  0.759692  0.709611  0.680917  0.829040  0.464873  0.762855 
14  0.563323  0.787532  0.665905  0.658936  0.750340  0.504339  0.672274  0.754758  0.826480  0.685823  0.633034  0.766782  0.734184  0.780309 0.0  0.902058  0.804958  0.863342  0.532143  0.409993  0.721579  0.734185  0.749101  0.797917  0.657282  0.780880  0.796712  0.829240  0.735822  0.604472  0.760082  0.875084  0.671851  0.721439  0.639845  0.681537  0.557365  0.661641  0.473854  0.869082  0.773284  0.718193  0.704270  0.675861  0.840522  0.558328  0.676253  0.922244  0.677107  0.769753  0.812328  0.646995  0.759351  0.641488  0.771608  0.690401  0.810698  0.700971  0.623528  0.632078  0.765646  0.883686  0.726160  0.719476  0.793580  0.838455  0.698402  0.713742  0.790700  0.769499  0.737946  0.689789  0.618829  0.714886  0.751580  0.897095  0.730626  0.737729  0.823011  0.882119  0.699140  0.883796  0.640915  0.623571  0.626198  0.787959  0.886894  0.836076  0.853130  0.785380  0.820743  0.697381  0.792569  0.853156  0.809303  0.767751  0.659101  0.807279  0.794020  0.802935  0.848261  0.625918  0.476768  0.844903  0.774410  0.644106  0.671332  0.520297  0.770405  0.735184  0.814766  0.765589  0.740756  0.808380  0.747834  0.633112  0.824934  0.528191  0.784220  0.714448  0.745450  0.662125  0.770464  0.777226  0.862994  0.712114  0.877133  0.858114  0.826731  0.641499  0.877662  0.773070  0.768572  0.569168  0.625203  0.777252  0.790059  0.671997  0.703959  0.807468  0.655433  0.490599  0.847369  0.810738  0.770799  0.828183  0.724750  0.812759  0.764580  0.859823  0.825561  0.869167  0.879216  0.791801  0.795006  0.830483  0.872001  0.833103  0.732885  0.830463  0.831013  0.759118  0.859497  0.811317  0.744730  0.881476  0.681070  0.695461  0.576754  0.728646  0.984491  0.620351  0.315056  0.943374  0.747879  0.898583  0.894718  0.735409  0.766171  0.801676  0.459152  0.718537  0.772237  0.754802  0.449197  0.805375  0.738120  0.537398  0.577059  0.735017  0.569959  0.956212  0.589966  0.814107  0.742157  0.742541  0.776606 
15  0.843884  0.626603  0.878980  0.690875  0.710569  0.750136  0.863762  0.668457  0.862876  0.715761  0.761714  0.665316  0.636360  0.316636  0.902058 0.0  0.676711  0.655162  0.760593  0.841891  0.721958  0.775173  0.782535  0.715031  0.776330  0.636968  0.627061  0.783004  0.729678  0.753551  0.628890  0.670268  0.738151  0.723149  0.814611  0.750613  0.811720  0.766565  0.889657  0.649617  0.650360  0.690922  0.784994  0.828798  0.828830  0.771932  0.751951  0.671775  0.770329  0.700097  0.659732  0.635158  0.644376  0.791930  0.769240  0.648197  0.687715  0.746963  0.777084  0.696119  0.703743  0.662222  0.667300  0.429585  0.622568  0.563954  0.687146  0.741144  0.720453  0.787216  0.614960  0.710508  0.916367  0.728236  0.810124  0.642185  0.765617  0.784067  0.584040  0.594737  0.635577  0.445218  0.837869  0.821491  0.759245  0.643682  0.594973  0.648609  0.712871  0.749740  0.594453  0.649512  0.418435  0.468948  0.552285  0.619857  0.766372  0.509607  0.699368  0.600412  0.423566  0.766349  0.730545  0.554540  0.630536  0.689780  0.834855  0.792248  0.757168  0.579798  0.727835  0.564165  0.603449  0.626385  0.706053  0.739011  0.693640  0.835555  0.791402  0.628928  0.720716  0.827787  0.674449  0.680932  0.787001  0.720375  0.670439  0.416979  0.568968  0.751157  0.928354  0.621178  0.778035  0.828805  0.600754  0.590000  0.683761  0.720203  0.725536  0.413749  0.718901  0.849067  0.712387  0.685522  0.724276  0.471794  0.774484  0.792835  0.696288  0.571507  0.637763  0.642786  0.775853  0.647520  0.548804  0.694817  0.660906  0.374313  0.360522  0.714769  0.639862  0.669548  0.648060  0.644836  0.585577  0.666003  0.776802  0.746976  0.832919  0.781922  0.767763  0.841951  0.760879  0.700860  0.402889  0.651886  0.655011  0.668132  0.710038  0.672123  0.843473  0.690440  0.652751  0.692166  0.752008  0.809353  0.733426  0.750711  0.815832  0.710000  0.740401  0.829315  0.702719  0.759662  0.759095  0.476619  0.736788 
16  0.658322  0.418899  0.484589  0.684825  0.672916  0.687775  0.719396  0.453505  0.450051  0.558562  0.646763  0.496899  0.625913  0.722480  0.804958  0.676711 0.0  0.601123  0.516544  0.683408  0.551575  0.409628  0.485906  0.620154  0.541573  0.690649  0.666889  0.618827  0.588767  0.673681  0.805240  0.779183  0.665179  0.525629  0.669391  0.522316  0.627159  0.621623  0.749727  0.690338  0.669397  0.577152  0.640928  0.490541  0.434491  0.712879  0.491349  0.802480  0.620792  0.559410  0.394092  0.599922  0.531290  0.166762  0.661032  0.643717  0.509917  0.517790  0.741804  0.576599  0.162166  0.759253  0.625834  0.708961  0.697370  0.736560  0.678553  0.520974  0.509957  0.533978  0.791238  0.565380  0.641733  0.518498  0.572033  0.753173  0.496974  0.674465  0.800910  0.752218  0.740629  0.746092  0.676999  0.635661  0.555599  0.581671  0.774530  0.669517  0.776910  0.721646  0.670099  0.603055  0.768414  0.695798  0.795284  0.665988  0.540646  0.627686  0.802492  0.877753  0.774849  0.704245  0.655058  0.708994  0.658763  0.445520  0.592519  0.753443  0.594925  0.569494  0.728628  0.653291  0.498607  0.667450  0.817057  0.699142  0.782968  0.647376  0.441158  0.500853  0.491006  0.566949  0.773398  0.794114  0.756926  0.393774  0.788993  0.652019  0.679316  0.593741  0.871591  0.598098  0.715724  0.702234  0.706125  0.685406  0.827632  0.544811  0.657958  0.839801  0.532048  0.832101  0.660342  0.697310  0.395498  0.666178  0.535047  0.402974  0.433273  0.618449  0.702280  0.848230  0.902084  0.730061  0.715756  0.824003  0.706823  0.850709  0.775785  0.746001  0.693079  0.609357  0.702776  0.751341  0.732420  0.698041  0.548750  0.643525  0.634119  0.618054  0.851518  0.698327  0.792148  0.696984  0.722426  0.719073  0.715014  0.726000  0.526531  0.462065  0.652839  0.612982  0.767554  0.490771  0.689946  0.784750  0.738072  0.715272  0.738966  0.602019  0.668346  0.781642  0.622957  0.773611  0.486254  0.654961  0.887926 
17  0.725628  0.392906  0.393196  0.661365  0.675138  0.705245  0.573029  0.536300  0.409786  0.575316  0.652548  0.344105  0.584964  0.710812  0.863342  0.655162  0.601123 0.0  0.667169  0.683198  0.699976  0.515941  0.216920  0.675757  0.565462  0.726854  0.722529  0.311381  0.676813  0.668856  0.874354  0.734331  0.753690  0.612776  0.733689  0.472314  0.686033  0.628707  0.820190  0.537901  0.636541  0.452989  0.007370  0.598601  0.567917  0.588509  0.432939  0.746380  0.584718  0.521300  0.531271  0.595996  0.614666  0.431239  0.665363  0.632145  0.472658  0.450053  0.597502  0.508879  0.538325  0.770740  0.763428  0.756078  0.675582  0.706205  0.681339  0.452322  0.582573  0.443159  0.759390  0.409632  0.747022  0.485663  0.427828  0.765506  0.609450  0.795108  0.635751  0.710344  0.779120  0.750679  0.744485  0.672585  0.607514  0.689097  0.658284  0.744623  0.795137  0.564038  0.622112  0.248731  0.712535  0.700027  0.696621  0.547517  0.634150  0.587886  0.728557  0.580895  0.626290  0.711814  0.752730  0.604548  0.549071  0.400026  0.491781  0.665388  0.635067  0.500173  0.606008  0.624791  0.535649  0.582437  0.726231  0.619173  0.798161  0.629179  0.439219  0.468738  0.499939  0.704413  0.683401  0.875328  0.692691  0.432123  0.788310  0.633382  0.611649  0.582185  0.674858  0.568271  0.756726  0.671901  0.580843  0.568198  0.666179  0.520039  0.679649  0.758735  0.454313  0.666770  0.704132  0.665536  0.486397  0.700528  0.302727  0.401763  0.555031  0.704707  0.720595  0.776914  0.777260  0.735948  0.760466  0.866759  0.721522  0.706778  0.646263  0.805542  0.640968  0.564932  0.827078  0.618848  0.707276  0.563324  0.641132  0.659487  0.651135  0.679819  0.781071  0.729704  0.728422  0.715571  0.669477  0.756273  0.689472  0.655145  0.513830  0.462265  0.791736  0.352315  0.815478  0.639859  0.627869  0.789923  0.678463  0.736929  0.684458  0.688119  0.720825  0.846945  0.674115  0.800990  0.599185  0.670302  0.790218 
18  0.478565  0.719565  0.657581  0.470513  0.634900  0.420377  0.348048  0.719593  0.657346  0.620443  0.589755  0.657314  0.760887  0.769520  0.532143  0.760593  0.516544  0.667169 0.0  0.548360  0.583308  0.655132  0.599863  0.730765  0.719290  0.701114  0.858391  0.661427  0.553223  0.533136  0.779138  0.875599  0.471567  0.606911  0.587383  0.656866  0.597221  0.384596  0.670538  0.715288  0.658756  0.600069  0.734705  0.596065  0.710657  0.382119  0.615034  0.788943  0.476550  0.812886  0.684244  0.619159  0.616329  0.565031  0.508210  0.726552  0.658593  0.651582  0.488925  0.571020  0.538636  0.822201  0.808830  0.768703  0.861362  0.834815  0.766461  0.699086  0.689707  0.538134  0.793359  0.651123  0.585293  0.609960  0.644257  0.884415  0.403109  0.582370  0.872111  0.713212  0.759745  0.773739  0.530319  0.440508  0.612911  0.831343  0.717791  0.749388  0.781334  0.704447  0.851199  0.695707  0.686247  0.810985  0.834351  0.841207  0.548895  0.711591  0.815857  0.803149  0.765259  0.525688  0.616190  0.869635  0.759631  0.617150  0.616857  0.563360  0.644650  0.732603  0.688455  0.736088  0.642910  0.783726  0.722523  0.522424  0.812552  0.633672  0.721770  0.670787  0.663400  0.570841  0.735687  0.915480  0.885553  0.757055  0.816368  0.840687  0.772686  0.566336  0.870119  0.761686  0.822086  0.718203  0.716155  0.694348  0.800458  0.734933  0.587373  0.877967  0.718041  0.697489  0.725949  0.671211  0.589743  0.745443  0.641421  0.632316  0.697710  0.744632  0.824640  0.916978  0.842703  0.898042  0.869897  0.813136  0.803558  0.731490  0.929438  0.815086  0.784994  0.730933  0.786451  0.667349  0.765104  0.704725  0.677858  0.453385  0.668582  0.501360  0.843163  0.602762  0.527838  0.854208  0.782522  0.804961  0.784356  0.717268  0.665790  0.702657  0.561866  0.741777  0.766469  0.720034  0.550415  0.765246  0.714588  0.637693  0.315830  0.527083  0.659493  0.827327  0.504644  0.861265  0.605843  0.822285  0.950449 
19  0.551852  0.743949  0.808998  0.728937  0.668425  0.685974  0.695849  0.773510  0.706554  0.816405  0.602990  0.737948  0.725715  0.855609  0.409993  0.841891  0.683408  0.683198  0.548360 0.0  0.682081  0.778621  0.804077  0.812833  0.749449  0.768766  0.817596  0.702268  0.763733  0.702472  0.823320  0.814123  0.598248  0.733770  0.742443  0.763012  0.767953  0.561593  0.316105  0.778289  0.818341  0.840528  0.660842  0.740895  0.647566  0.642501  0.688048  0.846075  0.729458  0.677406  0.719187  0.753049  0.736037  0.703347  0.742824  0.748919  0.792969  0.732954  0.609496  0.703496  0.784092  0.788831  0.824621  0.927492  0.731150  0.919815  0.792551  0.851472  0.727637  0.725853  0.896966  0.808219  0.627228  0.649391  0.723120  0.842909  0.632348  0.656556  0.890152  0.802293  0.768802  0.894964  0.611170  0.579286  0.614593  0.720178  0.814054  0.763588  0.771711  0.703909  0.818609  0.723180  0.700314  0.753494  0.831720  0.869842  0.608864  0.795224  0.761518  0.785754  0.879958  0.502533  0.505254  0.688766  0.860851  0.672890  0.771521  0.660920  0.668404  0.765247  0.786760  0.739240  0.801983  0.748102  0.747832  0.542559  0.841324  0.351897  0.821885  0.773722  0.879099  0.633827  0.783995  0.808862  0.774973  0.685594  0.872136  0.917259  0.849790  0.616119  0.871000  0.722346  0.793621  0.468953  0.799105  0.811858  0.833739  0.739355  0.728185  0.788540  0.873088  0.543158  0.859309  0.832527  0.731935  0.811507  0.765444  0.623116  0.760079  0.858540  0.849823  0.821269  0.863703  0.805160  0.772614  0.940539  0.836605  0.905711  0.890699  0.888823  0.757633  0.739940  0.826711  0.804662  0.785008  0.797481  0.737817  0.601142  0.593101  0.560925  0.851872  0.665681  0.535671  0.761765  0.741437  0.818167  0.903678  0.870078  0.802521  0.728323  0.489576  0.763650  0.877850  0.770342  0.594257  0.874051  0.826888  0.479400  0.577483  0.692577  0.442527  0.923793  0.578652  0.949548  0.719881  0.825854  0.894475 
