197
0 0.0  0.556056  0.645646  0.426509  0.517526  0.325152  0.361018  0.554451  0.651155  0.731790  0.593526  0.678686  0.807773  0.791536  0.627588  0.859430  0.629145  0.686280  0.443072  0.604564  0.603146  0.692014  0.583307  0.725022  0.658034  0.791944  0.681164  0.622134  0.481967  0.558608  0.764444  0.814438  0.458254  0.680269  0.604479  0.660839  0.552440  0.549334  0.578685  0.623131  0.687371  0.717098  0.609846  0.561617  0.645541  0.236269  0.649664  0.858115  0.515897  0.711573  0.567147  0.695995  0.629733  0.614853  0.513279  0.703668  0.711777  0.564792  0.513574  0.635690  0.672760  0.879290  0.824657  0.823248  0.727244  0.749605  0.830633  0.570386  0.740579  0.647845  0.712941  0.657892  0.559446  0.707370  0.652054  0.762881  0.484581  0.606054  0.775109  0.861051  0.722421  0.751192  0.523106  0.479978  0.570275  0.733403  0.816143  0.798909  0.684376  0.816568  0.800864  0.646196  0.844600  0.728316  0.902745  0.764446  0.595405  0.710371  0.850457  0.830810  0.759014  0.530023  0.575231  0.708225  0.619967  0.683497  0.731822  0.614138  0.841124  0.674401  0.717340  0.710105  0.624771  0.770157  0.764294  0.534744  0.773459  0.686997  0.592520  0.623757  0.798839  0.602350  0.757233  0.825304  0.798453  0.706128  0.896621  0.815175  0.784245  0.551481  0.853027  0.622501  0.796143  0.642316  0.745545  0.763578  0.788292  0.630394  0.474047  0.772315  0.710139  0.550047  0.899188  0.701981  0.623973  0.811377  0.574102  0.628818  0.657838  0.682408  0.765493  0.810562  0.874492  0.727647  0.734526  0.806685  0.808809  0.755162  0.787306  0.770318  0.627142  0.738016  0.822490  0.833861  0.808589  0.763205  0.642434  0.434754  0.631561  0.540258  0.765366  0.633766  0.688950  0.796149  0.787994  0.704719  0.797146  0.726434  0.740130  0.639508  0.613511  0.539956  0.779557  0.593516  0.575873  0.872370  0.696547  0.605758  0.461871  0.634095  0.637504  0.834127  0.571330  0.716679  0.676026  0.900142  0.800462 
1  0.556056 0.0  0.402224  0.608479  0.667735  0.646034  0.572043  0.370335  0.478713  0.591350  0.698716  0.487619  0.602680  0.660273  0.745104  0.667255  0.509254  0.456723  0.563769  0.756885  0.665474  0.368393  0.464004  0.610130  0.597904  0.625778  0.715829  0.489442  0.460414  0.709409  0.753638  0.822825  0.647241  0.684697  0.621646  0.332002  0.635282  0.582961  0.636144  0.565906  0.682572  0.639493  0.429802  0.512086  0.440103  0.639042  0.326677  0.806437  0.594524  0.559068  0.541933  0.512168  0.493296  0.541058  0.523602  0.577732  0.648102  0.416637  0.735418  0.486330  0.422327  0.707214  0.761981  0.713884  0.769660  0.722180  0.640861  0.265582  0.321563  0.446419  0.711098  0.184145  0.662797  0.414357  0.480050  0.852950  0.620217  0.659435  0.722884  0.700738  0.794616  0.815294  0.669752  0.587492  0.522278  0.623086  0.807878  0.691895  0.717971  0.565966  0.786967  0.442759  0.744465  0.837970  0.773050  0.631373  0.575996  0.634396  0.672415  0.719997  0.750833  0.725550  0.698078  0.728461  0.540508  0.432902  0.485291  0.757237  0.563926  0.596591  0.621709  0.652121  0.419342  0.617081  0.685519  0.682835  0.787029  0.698339  0.364791  0.554248  0.549473  0.617654  0.776106  0.870918  0.720995  0.437641  0.708011  0.729744  0.608933  0.548503  0.789670  0.618426  0.768290  0.795050  0.633559  0.570790  0.770895  0.350945  0.622176  0.693908  0.414418  0.802991  0.779252  0.704442  0.507189  0.713887  0.310677  0.351586  0.366919  0.758877  0.744474  0.759506  0.763428  0.699467  0.721951  0.790319  0.891410  0.733105  0.755698  0.749977  0.693695  0.568832  0.857458  0.733716  0.755573  0.693798  0.614085  0.664684  0.789305  0.507857  0.778613  0.691488  0.790100  0.762658  0.720065  0.624858  0.718553  0.802160  0.483499  0.454345  0.761659  0.499182  0.772813  0.525177  0.720981  0.665751  0.666362  0.798290  0.641050  0.506815  0.678525  0.852243  0.641893  0.849532  0.527471  0.750663  0.861400 
2  0.645646  0.402224 0.0  0.632749  0.575253  0.677065  0.662605  0.345219  0.218385  0.508845  0.673900  0.495723  0.644661  0.707047  0.737913  0.679347  0.515838  0.384389  0.671184  0.625757  0.592482  0.529768  0.371660  0.631119  0.555331  0.711014  0.771546  0.537714  0.636469  0.661733  0.750977  0.659174  0.767071  0.526813  0.639702  0.491159  0.673616  0.622223  0.737652  0.677143  0.673430  0.427102  0.433515  0.708402  0.451378  0.694789  0.453358  0.734609  0.574157  0.495351  0.431726  0.736757  0.533052  0.447732  0.573449  0.565477  0.505485  0.494939  0.719413  0.478787  0.562591  0.744132  0.635066  0.683396  0.780421  0.686574  0.671095  0.502682  0.398472  0.516130  0.810230  0.370184  0.714447  0.208399  0.471440  0.832949  0.633634  0.663790  0.737323  0.737343  0.644683  0.773643  0.612903  0.723136  0.671235  0.594436  0.673103  0.704541  0.806213  0.692018  0.682326  0.432685  0.680145  0.694471  0.804055  0.475390  0.546008  0.584965  0.691821  0.723713  0.742462  0.741237  0.653778  0.755164  0.547603  0.277580  0.434999  0.677279  0.532471  0.570963  0.547610  0.626830  0.381579  0.585036  0.749504  0.693154  0.764121  0.710358  0.251798  0.502291  0.366125  0.757810  0.748879  0.799980  0.782805  0.463336  0.658532  0.699584  0.707478  0.632542  0.853887  0.656863  0.810884  0.789620  0.611592  0.557917  0.736439  0.343588  0.612495  0.677962  0.404364  0.649893  0.781977  0.654985  0.586792  0.692370  0.492708  0.507184  0.563108  0.733015  0.675352  0.769490  0.732110  0.854498  0.723206  0.946715  0.803065  0.683829  0.625940  0.786326  0.615735  0.599196  0.796772  0.707893  0.824968  0.784523  0.467023  0.619134  0.709261  0.677151  0.800273  0.685334  0.651985  0.759388  0.645187  0.661776  0.606301  0.706714  0.345670  0.409751  0.671680  0.409162  0.754252  0.584795  0.739539  0.717104  0.665275  0.765127  0.603104  0.616268  0.726211  0.857593  0.634555  0.941985  0.510691  0.794526  0.813276 
3  0.426509  0.608479  0.632749 0.0  0.514817  0.452438  0.368823  0.728903  0.640366  0.691900  0.579314  0.556975  0.777682  0.787056  0.618757  0.849922  0.579505  0.597224  0.483054  0.737632  0.471601  0.580881  0.534856  0.811201  0.571219  0.635474  0.628962  0.645349  0.604206  0.557134  0.787002  0.825847  0.648245  0.638694  0.581664  0.613546  0.532207  0.408960  0.688223  0.768825  0.609596  0.696318  0.600627  0.630561  0.615139  0.446840  0.517853  0.873067  0.371822  0.606193  0.636706  0.540472  0.636068  0.669021  0.418915  0.696587  0.669820  0.633757  0.630756  0.420167  0.516088  0.803710  0.844575  0.761521  0.806739  0.763326  0.673513  0.518076  0.557842  0.624102  0.706677  0.642538  0.600619  0.665022  0.665412  0.730496  0.552358  0.588276  0.863281  0.835607  0.855620  0.753003  0.632001  0.643696  0.551707  0.667644  0.692766  0.818719  0.683796  0.640238  0.685506  0.608367  0.762982  0.699151  0.870930  0.735053  0.518863  0.676884  0.825264  0.745991  0.771873  0.593234  0.640102  0.668836  0.668478  0.722252  0.694098  0.571818  0.677595  0.691555  0.775855  0.775688  0.661663  0.690546  0.781075  0.503578  0.849262  0.697012  0.753830  0.598171  0.670942  0.475091  0.739314  0.751181  0.850690  0.723186  0.851104  0.725313  0.693020  0.424882  0.818926  0.726876  0.793114  0.613672  0.692864  0.651807  0.806730  0.636282  0.386967  0.856716  0.659609  0.711391  0.832840  0.738307  0.473395  0.803626  0.682288  0.606485  0.641925  0.708158  0.760219  0.726866  0.803799  0.806291  0.722047  0.819869  0.720931  0.779437  0.692212  0.919048  0.651087  0.591135  0.836659  0.738930  0.809010  0.711563  0.725826  0.566457  0.718825  0.508324  0.746420  0.587218  0.658511  0.808921  0.710565  0.806829  0.791102  0.731471  0.697047  0.630721  0.628948  0.693600  0.765130  0.800968  0.713591  0.832339  0.737931  0.752659  0.528441  0.481268  0.549514  0.859849  0.570295  0.861659  0.484136  0.888506  0.806027 
4  0.517526  0.667735  0.575253  0.514817 0.0  0.601040  0.535851  0.735519  0.715748  0.809191  0.601783  0.650957  0.729673  0.689912  0.686750  0.807689  0.592828  0.491137  0.536259  0.546144  0.199401  0.671668  0.658071  0.772373  0.632817  0.727458  0.715179  0.667296  0.401340  0.450100  0.852009  0.700102  0.564634  0.656814  0.509130  0.621121  0.549314  0.366904  0.760220  0.705648  0.731373  0.686229  0.551917  0.516800  0.604463  0.476652  0.517187  0.871638  0.466870  0.536833  0.647913  0.555915  0.683450  0.650473  0.443132  0.699458  0.731631  0.690689  0.572789  0.486968  0.591656  0.792876  0.787013  0.821427  0.717946  0.772273  0.744096  0.665008  0.497251  0.643475  0.713883  0.538585  0.522971  0.663635  0.621474  0.705810  0.218361  0.554378  0.679870  0.700350  0.790076  0.731819  0.618739  0.511048  0.386973  0.807924  0.771361  0.800630  0.815071  0.600410  0.845551  0.730614  0.732545  0.688814  0.869222  0.754270  0.452325  0.671903  0.768054  0.823067  0.757963  0.699126  0.656248  0.765014  0.629246  0.703383  0.614928  0.612718  0.626756  0.689129  0.680529  0.710248  0.655761  0.805561  0.732633  0.453100  0.768567  0.667030  0.618576  0.674551  0.655190  0.488851  0.835658  0.856265  0.806261  0.594835  0.801328  0.783447  0.647644  0.377402  0.720832  0.617187  0.632685  0.729217  0.682238  0.827548  0.863352  0.645105  0.372197  0.827899  0.594858  0.670196  0.850795  0.770529  0.599491  0.684156  0.667782  0.573167  0.439339  0.826760  0.712965  0.766874  0.839115  0.795561  0.715521  0.886984  0.866253  0.743648  0.827421  0.854010  0.687516  0.679291  0.848099  0.816498  0.773936  0.657034  0.621636  0.456958  0.712838  0.479051  0.815386  0.577134  0.534260  0.911404  0.770975  0.746756  0.733153  0.709095  0.501986  0.663145  0.771113  0.550075  0.866440  0.667169  0.648407  0.740276  0.661082  0.707135  0.563289  0.378457  0.529086  0.906757  0.399666  0.833949  0.544154  0.729198  0.899935 
5  0.325152  0.646034  0.677065  0.452438  0.601040 0.0  0.458205  0.779867  0.733632  0.641796  0.610015  0.648602  0.763629  0.790960  0.668135  0.727314  0.631050  0.764994  0.398315  0.592421  0.540430  0.707404  0.600240  0.744467  0.602790  0.752751  0.923368  0.709215  0.639836  0.587568  0.829128  0.800696  0.463294  0.694689  0.572599  0.697418  0.572367  0.644277  0.692936  0.708045  0.803195  0.662388  0.639129  0.652259  0.655225  0.208354  0.666148  0.843961  0.523996  0.710077  0.674024  0.523792  0.781755  0.684847  0.521807  0.754353  0.629258  0.743021  0.420015  0.505960  0.713437  0.798471  0.831797  0.746073  0.811312  0.771972  0.636101  0.675163  0.654685  0.585794  0.774617  0.760957  0.652197  0.709031  0.639660  0.886415  0.511940  0.757491  0.755696  0.688988  0.789831  0.811600  0.507517  0.406165  0.570132  0.610735  0.721329  0.819432  0.705471  0.839113  0.801597  0.673390  0.669044  0.765044  0.830289  0.717726  0.591610  0.848531  0.643122  0.753762  0.808405  0.580564  0.610095  0.840570  0.775402  0.753589  0.753198  0.545960  0.748532  0.640845  0.731233  0.805460  0.688768  0.813966  0.661488  0.418083  0.720477  0.598691  0.558199  0.620283  0.647525  0.501970  0.736926  0.822826  0.789758  0.676207  0.856937  0.714645  0.817805  0.624296  0.824753  0.719530  0.726043  0.665417  0.789578  0.853101  0.702779  0.738480  0.436386  0.788797  0.651829  0.757065  0.767200  0.781802  0.621994  0.706490  0.559445  0.616063  0.592240  0.708533  0.884149  0.750104  0.732402  0.769501  0.762288  0.691588  0.811987  0.832624  0.816592  0.855119  0.826174  0.692130  0.836220  0.843716  0.822759  0.743436  0.624667  0.381237  0.643448  0.616689  0.772822  0.478378  0.614628  0.692433  0.795265  0.745407  0.704556  0.670448  0.709395  0.678595  0.651656  0.749495  0.918225  0.677059  0.480208  0.908798  0.632451  0.657446  0.484524  0.517422  0.589004  0.835625  0.548232  0.848247  0.593368  0.726536  0.828622 
6  0.361018  0.572043  0.662605  0.368823  0.535851  0.458205 0.0  0.561944  0.675378  0.552325  0.630322  0.684053  0.759792  0.653355  0.588861  0.673135  0.632795  0.676346  0.412832  0.479877  0.497427  0.616189  0.671158  0.792572  0.617034  0.700657  0.754297  0.779753  0.615369  0.582926  0.908916  0.758089  0.497913  0.669082  0.593409  0.506974  0.506703  0.439163  0.634626  0.733801  0.670195  0.628085  0.653988  0.626421  0.623177  0.408542  0.583739  0.829364  0.559024  0.657996  0.580999  0.577489  0.569037  0.630767  0.471487  0.676222  0.650850  0.612765  0.455583  0.547587  0.647753  0.840519  0.765215  0.949711  0.787793  0.766991  0.684391  0.673649  0.663540  0.629126  0.883706  0.694755  0.513843  0.580491  0.734942  0.869124  0.493223  0.607299  0.802368  0.776099  0.715203  0.851593  0.532794  0.544171  0.534239  0.777256  0.849682  0.885821  0.800251  0.751404  0.839406  0.619816  0.805117  0.827826  0.841012  0.769216  0.549316  0.698186  0.705582  0.707760  0.757118  0.564781  0.707654  0.742420  0.755190  0.680186  0.688319  0.662243  0.707853  0.674402  0.734542  0.729780  0.734344  0.704891  0.751764  0.448070  0.850297  0.645995  0.647902  0.780782  0.653498  0.536497  0.734668  0.832037  0.783643  0.666918  0.755896  0.738030  0.706731  0.539406  0.764577  0.692379  0.688831  0.830223  0.718300  0.738566  0.874274  0.730832  0.539316  0.826739  0.646403  0.665534  0.774360  0.687589  0.567960  0.757257  0.625649  0.619207  0.681852  0.751392  0.878974  0.755658  0.711954  0.839444  0.759039  0.804509  0.782817  0.697801  0.742950  0.798930  0.601246  0.631044  0.710492  0.802051  0.820758  0.606891  0.547250  0.377360  0.664545  0.604662  0.789667  0.578518  0.668210  0.851528  0.787974  0.710780  0.866907  0.741420  0.683739  0.627510  0.659667  0.598664  0.818294  0.670521  0.607457  0.751274  0.706371  0.798185  0.465776  0.545234  0.509611  0.765169  0.495288  0.808896  0.643135  0.745487  0.911582 
7  0.554451  0.370335  0.345219  0.728903  0.735519  0.779867  0.561944 0.0  0.329685  0.550812  0.578218  0.314687  0.641771  0.674906  0.750181  0.688932  0.492007  0.382365  0.667142  0.717684  0.768688  0.527846  0.419502  0.608328  0.596576  0.580543  0.651650  0.359149  0.643108  0.600084  0.725584  0.711375  0.611762  0.636995  0.660232  0.516107  0.613240  0.664625  0.734225  0.615389  0.658289  0.546794  0.386420  0.622199  0.454272  0.607966  0.461819  0.723694  0.570869  0.365918  0.454177  0.623796  0.501114  0.487867  0.559407  0.595167  0.499651  0.440254  0.705253  0.707513  0.496858  0.813553  0.704620  0.740250  0.702204  0.873540  0.687411  0.551106  0.361047  0.576010  0.654545  0.478180  0.620083  0.254565  0.435402  0.733234  0.660922  0.659396  0.682557  0.753951  0.726568  0.708873  0.662319  0.696695  0.716987  0.647769  0.598285  0.650124  0.787094  0.615931  0.578419  0.323684  0.674475  0.793458  0.751705  0.608542  0.666071  0.651509  0.727745  0.727268  0.701271  0.759443  0.795063  0.715605  0.632698  0.164951  0.452927  0.667622  0.509916  0.447766  0.661612  0.611425  0.248109  0.586995  0.773411  0.825879  0.767702  0.724976  0.147682  0.369188  0.299940  0.650287  0.817325  0.790831  0.807732  0.457041  0.732512  0.641129  0.679112  0.624308  0.723287  0.625086  0.827199  0.795570  0.525755  0.610033  0.750687  0.448860  0.579987  0.756993  0.225845  0.799466  0.832748  0.691733  0.436419  0.688478  0.479998  0.482180  0.479062  0.775890  0.741829  0.715495  0.814259  0.770293  0.675635  0.738804  0.822833  0.834957  0.746615  0.797814  0.584382  0.658024  0.805670  0.813072  0.688137  0.659800  0.392691  0.589653  0.708363  0.581881  0.981670  0.607722  0.663089  0.678477  0.647035  0.755470  0.757291  0.718337  0.438470  0.431138  0.717355  0.337254  0.758852  0.435200  0.770684  0.827714  0.706790  0.751501  0.611464  0.624944  0.709280  0.746259  0.641124  0.848758  0.586505  0.729430  0.746055 
8  0.651155  0.478713  0.218385  0.640366  0.715748  0.733632  0.675378  0.329685 0.0  0.565120  0.696062  0.416632  0.519164  0.691663  0.863619  0.605883  0.555371  0.402923  0.575939  0.763267  0.626647  0.469689  0.528250  0.727592  0.550741  0.637653  0.642417  0.413924  0.533067  0.676143  0.807474  0.776344  0.619387  0.487744  0.600462  0.436813  0.632987  0.645584  0.634193  0.533418  0.638079  0.436052  0.396385  0.444515  0.457681  0.697787  0.480677  0.682923  0.607603  0.441468  0.367967  0.456209  0.557294  0.537860  0.606286  0.591653  0.632125  0.483362  0.648944  0.540685  0.415932  0.846947  0.743033  0.805909  0.737695  0.822953  0.700442  0.487978  0.413479  0.533145  0.819288  0.313399  0.664823  0.371780  0.318701  0.713246  0.512982  0.704441  0.832008  0.783748  0.714440  0.621330  0.630791  0.817106  0.649037  0.709413  0.671847  0.826019  0.684126  0.754006  0.797448  0.363798  0.665349  0.757923  0.836298  0.583753  0.506072  0.679584  0.602677  0.768830  0.682109  0.787966  0.795184  0.756688  0.478971  0.279637  0.417093  0.827287  0.525057  0.706079  0.578060  0.713282  0.158706  0.695523  0.759305  0.582902  0.728430  0.751538  0.179597  0.554952  0.415661  0.491473  0.751478  0.747733  0.667515  0.392042  0.792983  0.790030  0.683273  0.626342  0.792110  0.660746  0.734896  0.688104  0.545777  0.557158  0.808767  0.399563  0.622168  0.709031  0.313112  0.730726  0.796830  0.651581  0.478315  0.625774  0.500349  0.451831  0.448037  0.705621  0.812186  0.722154  0.681163  0.713124  0.742508  0.873383  0.760397  0.656952  0.893574  0.742845  0.781910  0.610034  0.738655  0.715529  0.767375  0.523017  0.625708  0.652350  0.732719  0.636790  0.831070  0.737218  0.661301  0.723585  0.602017  0.606444  0.714410  0.638452  0.286440  0.442997  0.644391  0.394894  0.730269  0.498032  0.701811  0.785937  0.568969  0.812548  0.658429  0.618503  0.731893  0.792883  0.677906  0.765800  0.606883  0.812707  0.781015 
9  0.731790  0.591350  0.508845  0.691900  0.809191  0.641796  0.552325  0.550812  0.565120 0.0  0.815339  0.383977  0.528445  0.747842  0.698106  0.665119  0.626622  0.550745  0.703752  0.830522  0.679967  0.567769  0.451517  0.487510  0.608898  0.588451  0.559756  0.602739  0.635403  0.598557  0.787969  0.799324  0.694115  0.528464  0.719827  0.528130  0.709898  0.672678  0.834561  0.500706  0.573566  0.538525  0.536792  0.634319  0.511550  0.681145  0.400873  0.787255  0.697901  0.439454  0.588726  0.546723  0.520158  0.624362  0.816832  0.465285  0.493766  0.540869  0.676516  0.560702  0.533245  0.679263  0.645412  0.746925  0.669861  0.639252  0.640704  0.528894  0.643410  0.663086  0.650721  0.601292  0.679018  0.434823  0.640422  0.672310  0.589173  0.743540  0.669218  0.786274  0.707978  0.684159  0.640879  0.718966  0.685146  0.552730  0.665053  0.666007  0.735943  0.550394  0.739426  0.644256  0.669707  0.721779  0.760010  0.537086  0.702362  0.641463  0.728269  0.698555  0.708239  0.727327  0.794815  0.591742  0.551550  0.580030  0.558709  0.727411  0.649183  0.400365  0.523519  0.670225  0.549142  0.614936  0.641639  0.726631  0.775915  0.898623  0.482417  0.365570  0.605346  0.683044  0.665839  0.747965  0.737748  0.629039  0.885949  0.719052  0.651618  0.633138  0.789109  0.520557  0.729896  0.795898  0.537337  0.586545  0.799352  0.616953  0.813949  0.680793  0.528382  0.749334  0.660706  0.630419  0.600717  0.547273  0.623422  0.511003  0.676339  0.592724  0.670039  0.794689  0.840537  0.848373  0.782451  0.867117  0.701242  0.747290  0.742440  0.701237  0.518849  0.460254  0.621375  0.763325  0.755148  0.590444  0.638294  0.735892  0.643680  0.727505  0.761577  0.760855  0.805549  0.698793  0.694886  0.657878  0.700265  0.700876  0.464794  0.431727  0.754700  0.552185  0.692625  0.536583  0.598004  0.783444  0.620560  0.661359  0.733641  0.677266  0.722536  0.854679  0.702682  0.817841  0.554960  0.589030  0.785630 
10  0.593526  0.698716  0.673900  0.579314  0.601783  0.610015  0.630322  0.578218  0.696062  0.815339 0.0  0.694209  0.706827  0.838479  0.495689  0.805114  0.654080  0.773178  0.471816  0.622841  0.559399  0.697487  0.711347  0.823673  0.575797  0.737234  0.882349  0.696895  0.588353  0.509498  0.914769  0.742875  0.626584  0.648201  0.422094  0.804389  0.610733  0.547471  0.594164  0.753574  0.745252  0.674224  0.709411  0.748921  0.729179  0.614742  0.593983  0.797774  0.587891  0.632869  0.701842  0.624253  0.677929  0.615830  0.598502  0.695665  0.718325  0.693896  0.585052  0.675669  0.645180  0.773402  0.782174  0.846214  0.794857  0.755690  0.738641  0.733152  0.650471  0.723401  0.889955  0.673488  0.596849  0.632468  0.679616  0.778833  0.595329  0.551546  0.734585  0.867267  0.849174  0.764837  0.508199  0.554043  0.635198  0.731235  0.902490  0.772443  0.733770  0.756655  0.720179  0.794301  0.680574  0.827251  0.864656  0.733591  0.596554  0.672400  0.718635  0.764806  0.862896  0.567650  0.444314  0.900307  0.720267  0.716609  0.728553  0.597954  0.637531  0.790110  0.755224  0.837492  0.669795  0.689423  0.746062  0.543685  0.879860  0.541992  0.598067  0.668626  0.759410  0.553223  0.788312  0.733487  0.838576  0.744941  0.849824  0.679258  0.768275  0.499640  0.827686  0.845984  0.771621  0.599903  0.718454  0.790411  0.848887  0.727180  0.599153  0.871818  0.794104  0.591813  0.882215  0.786251  0.642589  0.855209  0.743566  0.686234  0.616217  0.784624  0.741969  0.837872  0.776764  0.771741  0.860112  0.862337  0.892188  0.877747  0.741285  0.841783  0.778904  0.803583  0.810821  0.844296  0.805492  0.818457  0.675289  0.411695  0.560237  0.522752  0.793787  0.464771  0.647563  0.824355  0.778629  0.803692  0.865340  0.775388  0.596702  0.690835  0.579000  0.713467  0.957160  0.722326  0.689613  0.795590  0.778005  0.603999  0.485884  0.581229  0.658206  0.830078  0.560647  0.765172  0.597009  0.650015  0.794254 
11  0.678686  0.487619  0.495723  0.556975  0.650957  0.648602  0.684053  0.314687  0.416632  0.383977  0.694209 0.0  0.657788  0.661555  0.648846  0.641376  0.676204  0.305422  0.713718  0.688511  0.640103  0.552646  0.212112  0.574433  0.524118  0.595799  0.775699  0.406324  0.568304  0.627511  0.746617  0.757420  0.670627  0.629511  0.662704  0.596202  0.684706  0.549277  0.773161  0.503469  0.610234  0.589375  0.321717  0.514750  0.517519  0.721549  0.531882  0.797995  0.664973  0.333246  0.539891  0.638399  0.562115  0.528676  0.531441  0.508584  0.565497  0.532343  0.597118  0.557452  0.507720  0.759051  0.641274  0.713653  0.648733  0.689042  0.591143  0.416941  0.512500  0.478898  0.831705  0.501201  0.665905  0.533517  0.501589  0.746087  0.517952  0.721661  0.821671  0.877922  0.798591  0.678191  0.682509  0.648465  0.594689  0.509746  0.575949  0.664397  0.740738  0.624726  0.733335  0.402708  0.675203  0.742922  0.653811  0.589846  0.579156  0.718369  0.643978  0.730405  0.716646  0.797751  0.705321  0.696780  0.607557  0.458066  0.347989  0.704037  0.618738  0.539108  0.532802  0.714815  0.422113  0.646016  0.736053  0.639476  0.895807  0.732106  0.443873  0.351411  0.400644  0.612622  0.696960  0.712113  0.710041  0.619567  0.754849  0.677627  0.652339  0.699349  0.903460  0.599577  0.784448  0.717999  0.561945  0.598611  0.773008  0.384628  0.683643  0.735165  0.352693  0.795862  0.681658  0.668565  0.624897  0.612057  0.452926  0.313948  0.461021  0.745359  0.696999  0.795753  0.817428  0.597472  0.662680  0.802922  0.776597  0.668004  0.736744  0.748165  0.610418  0.565870  0.772820  0.873929  0.791493  0.643010  0.493179  0.733892  0.736424  0.737885  0.825278  0.851224  0.619803  0.764710  0.722714  0.693189  0.655564  0.728139  0.614715  0.339706  0.848663  0.296414  0.823514  0.547764  0.711945  0.802499  0.669120  0.793965  0.668814  0.547033  0.731869  0.908098  0.657691  0.758393  0.550959  0.625177  0.855100 
12  0.807773  0.602680  0.644661  0.777682  0.729673  0.763629  0.759792  0.641771  0.519164  0.528445  0.706827  0.657788 0.0  0.711738  0.725016  0.623008  0.694615  0.664674  0.716781  0.756546  0.641501  0.650279  0.515771  0.396243  0.629205  0.519106  0.594241  0.662577  0.611398  0.757071  0.698072  0.663418  0.731494  0.612027  0.666310  0.694608  0.547566  0.729349  0.760350  0.485444  0.504155  0.664731  0.650698  0.825284  0.590778  0.737182  0.614682  0.767957  0.657998  0.495322  0.648903  0.793092  0.512484  0.650643  0.643335  0.564745  0.554026  0.676119  0.787548  0.722869  0.728897  0.709889  0.612395  0.653662  0.648732  0.655377  0.617805  0.541049  0.710159  0.605529  0.750915  0.739232  0.721169  0.599475  0.681322  0.760904  0.732708  0.710986  0.676068  0.649453  0.674167  0.729827  0.666473  0.729706  0.693549  0.476774  0.656678  0.766240  0.711675  0.652726  0.758079  0.625907  0.526066  0.752798  0.769120  0.434893  0.741294  0.610268  0.614633  0.573956  0.583147  0.819628  0.666679  0.573470  0.416918  0.514557  0.627106  0.754132  0.537932  0.479973  0.407057  0.533997  0.583878  0.416952  0.649918  0.746630  0.800071  0.760840  0.494970  0.573812  0.632270  0.817401  0.659364  0.695302  0.692690  0.662795  0.768146  0.578448  0.580594  0.714083  0.782600  0.462055  0.596869  0.734198  0.552656  0.391220  0.690495  0.435561  0.637358  0.584376  0.660165  0.729445  0.829234  0.569388  0.611559  0.615304  0.602849  0.660520  0.651120  0.730947  0.638048  0.663477  0.741982  0.730883  0.678294  0.838491  0.759110  0.579689  0.763710  0.689338  0.341747  0.570585  0.791312  0.821538  0.752137  0.479058  0.500569  0.725268  0.777579  0.726290  0.726340  0.686638  0.747736  0.679765  0.694164  0.613050  0.609110  0.743162  0.663761  0.593033  0.738697  0.545712  0.717150  0.625181  0.773316  0.803131  0.488377  0.807311  0.782960  0.702024  0.741956  0.849054  0.686924  0.704618  0.713242  0.664708  0.838658 
13  0.791536  0.660273  0.707047  0.787056  0.689912  0.790960  0.653355  0.674906  0.691663  0.747842  0.838479  0.661555  0.711738 0.0  0.634810  0.343369  0.721063  0.643893  0.895604  0.730932  0.773652  0.678500  0.761894  0.708311  0.634012  0.635059  0.623798  0.802310  0.626245  0.858200  0.580992  0.731035  0.822936  0.594451  0.737353  0.716739  0.657827  0.724141  0.814337  0.616269  0.545259  0.677879  0.802959  0.707246  0.725702  0.845652  0.705917  0.777889  0.662363  0.800623  0.724315  0.865391  0.690724  0.628985  0.822119  0.636689  0.547405  0.620610  0.681381  0.738252  0.802158  0.755754  0.621165  0.552958  0.576440  0.639580  0.743370  0.718511  0.797843  0.759271  0.605339  0.716478  0.788715  0.628748  0.706139  0.657499  0.655077  0.799478  0.724500  0.676483  0.727767  0.519521  0.754388  0.827964  0.675133  0.809102  0.594174  0.626505  0.772030  0.663315  0.722256  0.684412  0.456370  0.559401  0.697138  0.528482  0.691676  0.684999  0.612280  0.533794  0.407252  0.863920  0.880180  0.529717  0.645610  0.697981  0.673369  0.719074  0.730853  0.683212  0.666504  0.434516  0.658776  0.583562  0.721543  0.754621  0.756370  0.778835  0.705642  0.594595  0.747163  0.717578  0.661127  0.721998  0.704594  0.640383  0.683705  0.420621  0.595656  0.919950  0.786628  0.618069  0.692089  0.785314  0.709199  0.528186  0.706305  0.792721  0.843082  0.517444  0.608019  0.836299  0.720597  0.630125  0.715104  0.559568  0.860175  0.703607  0.736209  0.650789  0.686848  0.574360  0.551694  0.535966  0.600317  0.805719  0.704195  0.565904  0.541077  0.676740  0.590973  0.664072  0.583418  0.717572  0.551490  0.550870  0.678973  0.777360  0.745735  0.745691  0.714449  0.800889  0.818244  0.623644  0.392503  0.632302  0.536841  0.719901  0.724948  0.634088  0.862685  0.723770  0.633846  0.730001  0.796289  0.779716  0.626201  0.760218  0.823650  0.794711  0.774187  0.728120  0.677028  0.710975  0.720927  0.436672  0.741016 
14  0.627588  0.745104  0.737913  0.618757  0.686750  0.668135  0.588861  0.750181  0.863619  0.698106  0.495689  0.648846  0.725016  0.634810 0.0  0.688502  0.760178  0.729306  0.591556  0.432274  0.737925  0.773787  0.793543  0.712203  0.645274  0.874331  0.907830  0.755596  0.570609  0.651808  0.723644  0.694756  0.514500  0.686619  0.578791  0.803098  0.565066  0.704270  0.382383  0.801292  0.806687  0.787682  0.742869  0.740262  0.787482  0.575677  0.691307  0.881460  0.696676  0.769902  0.715496  0.670233  0.722894  0.773499  0.661438  0.752443  0.646775  0.718055  0.673025  0.694493  0.666489  0.794317  0.789779  0.798618  0.789678  0.741686  0.685555  0.770026  0.692228  0.571879  0.814722  0.806860  0.572874  0.716613  0.668030  0.770343  0.650094  0.711451  0.827867  0.828539  0.747359  0.816631  0.629038  0.578488  0.687380  0.797149  0.866493  0.877371  0.802947  0.754779  0.851202  0.852485  0.872511  0.841825  0.840515  0.762258  0.655598  0.706783  0.759586  0.776635  0.903410  0.572783  0.473186  0.847203  0.780721  0.717642  0.841609  0.493523  0.571236  0.877759  0.796718  0.806896  0.691090  0.803511  0.797300  0.557401  0.724741  0.410170  0.702185  0.685905  0.772601  0.650807  0.713996  0.771292  0.802693  0.658315  0.921048  0.827455  0.772372  0.536250  0.906806  0.808058  0.843776  0.506740  0.769069  0.663090  0.869325  0.715651  0.575105  0.785499  0.693079  0.562315  0.806765  0.737920  0.634789  0.755403  0.670269  0.683432  0.837947  0.813000  0.824968  0.908801  0.893915  0.852235  0.776637  0.865803  0.856442  0.855789  0.809683  0.857086  0.716156  0.683158  0.885398  0.761812  0.864930  0.808919  0.673953  0.606710  0.516572  0.683166  0.792511  0.640750  0.462969  0.850265  0.808141  0.815617  0.830901  0.711086  0.785668  0.807245  0.475309  0.669258  0.979655  0.764993  0.411427  0.849913  0.780861  0.527010  0.671759  0.618678  0.405787  0.896345  0.486988  0.836661  0.732764  0.832966  0.753612 
15  0.859430  0.667255  0.679347  0.849922  0.807689  0.727314  0.673135  0.688932  0.605883  0.665119  0.805114  0.641376  0.623008  0.343369  0.688502 0.0  0.764703  0.830704  0.763068  0.706662  0.626784  0.828026  0.775601  0.804626  0.845759  0.571612  0.524386  0.798674  0.797382  0.740415  0.601464  0.646991  0.819556  0.684614  0.789715  0.766712  0.685894  0.838142  0.752969  0.699557  0.635522  0.654620  0.612562  0.763959  0.709388  0.790396  0.721434  0.711060  0.761358  0.723025  0.705110  0.837042  0.613481  0.734266  0.594523  0.684976  0.668058  0.772347  0.695322  0.702599  0.666024  0.594113  0.576964  0.387141  0.527628  0.442373  0.766585  0.726685  0.676112  0.561506  0.732636  0.700007  0.765259  0.789669  0.689562  0.706780  0.747639  0.758323  0.564312  0.678113  0.632357  0.397451  0.835711  0.813440  0.735420  0.674309  0.691936  0.544799  0.628002  0.660064  0.605848  0.759368  0.414243  0.564076  0.573509  0.601435  0.730337  0.602462  0.627679  0.585548  0.529788  0.697474  0.805050  0.500490  0.614478  0.589125  0.718271  0.851818  0.589116  0.649851  0.713267  0.479877  0.608358  0.570597  0.628757  0.828095  0.619466  0.737751  0.824083  0.630975  0.711336  0.791980  0.593008  0.712363  0.610482  0.705471  0.622199  0.448893  0.692910  0.883379  0.855412  0.558103  0.670837  0.781133  0.803504  0.580572  0.705147  0.634542  0.731171  0.397398  0.555253  0.916938  0.645610  0.536764  0.662349  0.566946  0.761135  0.785563  0.639279  0.640846  0.532227  0.712884  0.680895  0.677193  0.613294  0.771248  0.525170  0.400553  0.410861  0.793231  0.654970  0.691079  0.576701  0.708642  0.545143  0.720402  0.733610  0.684285  0.864404  0.712141  0.686310  0.794556  0.770637  0.682933  0.348406  0.644586  0.435188  0.625435  0.805687  0.643798  0.736748  0.646816  0.702394  0.635949  0.770918  0.743180  0.667323  0.754931  0.796325  0.693538  0.863859  0.711132  0.696550  0.766592  0.863701  0.547127  0.789512 
16  0.629145  0.509254  0.515838  0.579505  0.592828  0.631050  0.632795  0.492007  0.555371  0.626622  0.654080  0.676204  0.694615  0.721063  0.760178  0.764703 0.0  0.606084  0.721616  0.709319  0.620778  0.486373  0.441227  0.697656  0.535503  0.631315  0.744387  0.541868  0.503559  0.560071  0.656825  0.670612  0.632483  0.642312  0.671999  0.406755  0.659028  0.602705  0.742686  0.596556  0.656281  0.497759  0.479792  0.640234  0.496530  0.629919  0.593013  0.744658  0.517815  0.520729  0.396482  0.682949  0.666075  0.172812  0.493749  0.641590  0.511872  0.606453  0.736352  0.631640  0.248888  0.844032  0.756371  0.925215  0.797462  0.715601  0.595193  0.503255  0.472877  0.514633  0.775054  0.449722  0.529555  0.393287  0.470248  0.784062  0.502089  0.718711  0.825319  0.739852  0.800729  0.787046  0.638549  0.764880  0.547384  0.668257  0.729870  0.748409  0.656304  0.672114  0.652595  0.490323  0.709157  0.727302  0.818220  0.626611  0.568426  0.650107  0.782795  0.636737  0.714742  0.604385  0.600351  0.722161  0.644802  0.607240  0.474756  0.630205  0.572482  0.656953  0.629100  0.571055  0.475279  0.661110  0.737517  0.730934  0.817699  0.665405  0.529432  0.582891  0.539527  0.571498  0.605842  0.780058  0.812079  0.485705  0.758700  0.702255  0.708290  0.610340  0.839526  0.621523  0.693792  0.730188  0.535043  0.581410  0.760417  0.482126  0.601940  0.757786  0.417523  0.701606  0.676165  0.657689  0.552043  0.647844  0.524218  0.481899  0.508952  0.668262  0.729829  0.767830  0.819931  0.807727  0.721035  0.817802  0.821461  0.716449  0.784421  0.894845  0.607950  0.512434  0.808032  0.818894  0.799261  0.576032  0.442360  0.631623  0.672934  0.598442  0.906655  0.600375  0.782118  0.680989  0.834196  0.763854  0.687839  0.752069  0.367874  0.601223  0.762681  0.482182  0.849958  0.606650  0.716629  0.791500  0.536138  0.666110  0.623457  0.573407  0.677601  0.843308  0.693894  0.728362  0.466674  0.582451  0.892393 
17  0.686280  0.456723  0.384389  0.597224  0.491137  0.764994  0.676346  0.382365  0.402923  0.550745  0.773178  0.305422  0.664674  0.643893  0.729306  0.830704  0.606084 0.0  0.699508  0.751989  0.644581  0.505253  0.255205  0.625238  0.593157  0.560134  0.680498  0.297620  0.491883  0.587433  0.868034  0.852787  0.711418  0.574918  0.577856  0.385703  0.723131  0.548597  0.700630  0.527561  0.589021  0.394854  0.201525  0.542000  0.489608  0.715717  0.430829  0.818256  0.613590  0.415077  0.647689  0.695890  0.598159  0.493480  0.691631  0.532753  0.626034  0.366199  0.637838  0.635370  0.514780  0.687669  0.650363  0.723935  0.837374  0.686095  0.572117  0.490097  0.446256  0.419905  0.706252  0.337199  0.818187  0.479784  0.358195  0.840453  0.650977  0.636159  0.755714  0.731989  0.682884  0.802607  0.656427  0.649474  0.563065  0.578369  0.608564  0.719370  0.764987  0.613668  0.689254  0.264632  0.702828  0.687889  0.713590  0.590402  0.669715  0.629689  0.688574  0.728388  0.710068  0.669752  0.672090  0.639651  0.612599  0.457963  0.600226  0.750961  0.529405  0.513395  0.598075  0.648075  0.408860  0.711152  0.819318  0.766604  0.742191  0.740403  0.413187  0.432843  0.447085  0.777615  0.816195  0.763034  0.803289  0.567072  0.809632  0.713700  0.594271  0.641346  0.762476  0.655759  0.702485  0.693704  0.681595  0.638642  0.783251  0.449929  0.555579  0.792986  0.469296  0.786044  0.749234  0.635395  0.522414  0.681939  0.429733  0.450859  0.600991  0.799729  0.667040  0.797192  0.852056  0.759208  0.749571  0.875808  0.713443  0.709696  0.693125  0.739451  0.683775  0.517086  0.762944  0.748645  0.762341  0.621883  0.514883  0.694444  0.741058  0.680235  0.827218  0.774665  0.700600  0.791995  0.713012  0.768055  0.702012  0.665198  0.483706  0.408818  0.685072  0.407832  0.770029  0.558292  0.748401  0.775809  0.616503  0.753939  0.638739  0.666187  0.808688  0.685269  0.580178  0.812612  0.546703  0.658864  0.806394 
18  0.443072  0.563769  0.671184  0.483054  0.536259  0.398315  0.412832  0.667142  0.575939  0.703752  0.471816  0.713718  0.716781  0.895604  0.591556  0.763068  0.721616  0.699508 0.0  0.617390  0.529651  0.588028  0.661315  0.790371  0.588437  0.703736  0.776087  0.572960  0.610284  0.584031  0.732425  0.827482  0.466349  0.729246  0.571891  0.659300  0.515102  0.558438  0.609161  0.698305  0.809398  0.728041  0.670887  0.643820  0.671023  0.404372  0.575976  0.840182  0.561750  0.676762  0.721419  0.695408  0.672073  0.607362  0.490262  0.659561  0.717220  0.572649  0.559477  0.615730  0.631469  0.797515  0.679893  0.770592  0.689517  0.734047  0.764726  0.562278  0.658055  0.662763  0.785753  0.695705  0.598233  0.658124  0.658360  0.812259  0.551585  0.668729  0.763326  0.833483  0.757668  0.678704  0.467367  0.527364  0.550088  0.721775  0.730351  0.788047  0.833362  0.772025  0.821172  0.576691  0.746958  0.768379  0.852731  0.714141  0.563492  0.703842  0.721774  0.794941  0.785446  0.484309  0.601772  0.757323  0.731512  0.723264  0.670560  0.674392  0.671524  0.824153  0.693464  0.797594  0.696769  0.679115  0.695147  0.447824  0.749026  0.725396  0.745347  0.755464  0.665746  0.611945  0.858565  0.898420  0.822950  0.644142  0.779922  0.813398  0.836303  0.548643  0.905124  0.707777  0.769888  0.659712  0.741294  0.684822  0.844453  0.618837  0.561806  0.703612  0.653761  0.593320  0.778186  0.792572  0.641569  0.774588  0.743208  0.654618  0.521384  0.881739  0.841775  0.864952  0.860877  0.784958  0.786644  0.817789  0.693327  0.880438  0.772697  0.746748  0.741132  0.787102  0.801650  0.749806  0.772302  0.799875  0.713870  0.513968  0.697688  0.413022  0.895850  0.615315  0.527580  0.906831  0.777020  0.746881  0.722622  0.781840  0.553013  0.654530  0.574079  0.614687  0.811215  0.749217  0.530218  0.724583  0.740791  0.663194  0.383328  0.637614  0.625932  0.900112  0.476379  0.745857  0.638256  0.774052  0.857094 
19  0.604564  0.756885  0.625757  0.737632  0.546144  0.592421  0.479877  0.717684  0.763267  0.830522  0.622841  0.688511  0.756546  0.730932  0.432274  0.706662  0.709319  0.751989  0.617390 0.0  0.702909  0.782024  0.766003  0.690901  0.709216  0.791006  0.789311  0.802956  0.612409  0.676255  0.780420  0.878263  0.643197  0.648606  0.683785  0.678292  0.767337  0.646692  0.293232  0.821368  0.912122  0.711816  0.707203  0.653589  0.816397  0.564094  0.641964  0.893492  0.702698  0.721454  0.816973  0.630309  0.753712  0.691119  0.734189  0.665670  0.734040  0.663262  0.604655  0.603147  0.745890  0.818244  0.813830  0.750107  0.695340  0.796767  0.764026  0.771063  0.832497  0.682569  0.876036  0.774953  0.657458  0.716183  0.822629  0.825152  0.681171  0.487530  0.853755  0.846877  0.741633  0.927432  0.604694  0.542003  0.634996  0.852684  0.847604  0.857839  0.785589  0.735572  0.805687  0.749167  0.833855  0.756158  0.876029  0.773763  0.644329  0.762083  0.801994  0.837889  0.779810  0.583193  0.592972  0.856369  0.743389  0.748132  0.784833  0.569665  0.901018  0.718934  0.809785  0.627185  0.731947  0.776785  0.867736  0.629481  0.879213  0.373128  0.706642  0.807799  0.707577  0.625632  0.844476  0.903748  0.938971  0.740312  0.840233  0.903833  0.742039  0.651925  0.803573  0.679636  0.803785  0.543191  0.753435  0.724374  0.796191  0.693384  0.580416  0.834368  0.697502  0.362255  0.879960  0.866792  0.659367  0.738400  0.667925  0.671495  0.755995  0.841944  0.742097  0.908031  0.856356  0.829902  0.771973  0.823420  0.801705  0.672071  0.823119  0.852808  0.658963  0.793021  0.902459  0.939758  0.789152  0.829341  0.792450  0.636914  0.564881  0.734231  0.848040  0.575697  0.388151  0.905018  0.847234  0.804664  0.828646  0.795598  0.721896  0.772904  0.424824  0.810688  0.766615  0.822847  0.469480  0.838114  0.802065  0.402901  0.640112  0.707834  0.583314  0.849207  0.754655  0.754942  0.767552  0.809806  0.943657 
