197
0 0.0  0.630017  0.632970  0.405278  0.500119  0.375770  0.390081  0.570632  0.660101  0.714017  0.597324  0.604171  0.722850  0.731016  0.632881  0.786765  0.630335  0.682928  0.459268  0.622077  0.577151  0.549786  0.682608  0.718040  0.437530  0.727760  0.695624  0.694114  0.629207  0.343719  0.735990  0.655390  0.530746  0.670529  0.459247  0.558691  0.508788  0.456049  0.543659  0.539612  0.709396  0.651966  0.658375  0.492324  0.650334  0.283007  0.679127  0.692040  0.501864  0.606451  0.622368  0.533631  0.665678  0.660579  0.497254  0.636942  0.606938  0.596582  0.384484  0.540888  0.620467  0.741143  0.771732  0.779259  0.771417  0.855467  0.667071  0.568418  0.583233  0.611473  0.744531  0.686649  0.520146  0.650635  0.635940  0.774401  0.535503  0.552505  0.752691  0.720892  0.727406  0.768331  0.562777  0.471288  0.588584  0.600363  0.703737  0.803781  0.847545  0.746149  0.766593  0.649598  0.716147  0.731732  0.693350  0.643877  0.498556  0.724738  0.845266  0.838002  0.703571  0.500983  0.634152  0.723743  0.661770  0.727696  0.665173  0.562796  0.602061  0.637849  0.720484  0.750141  0.663434  0.637230  0.780426  0.549230  0.746450  0.598519  0.558620  0.692333  0.675862  0.673608  0.794501  0.776623  0.881613  0.614834  0.767083  0.805718  0.695491  0.510363  0.694751  0.731852  0.724478  0.596922  0.617075  0.716088  0.792269  0.565609  0.422272  0.657654  0.619752  0.657597  0.825430  0.604947  0.648306  0.708173  0.531428  0.567131  0.607444  0.680594  0.681107  0.778824  0.756447  0.807587  0.644042  0.780090  0.761450  0.732119  0.686710  0.715132  0.725943  0.698586  0.817139  0.779983  0.678449  0.742914  0.603964  0.389516  0.627005  0.572404  0.840782  0.436119  0.523165  0.686760  0.782283  0.714977  0.742238  0.658325  0.569399  0.680604  0.614951  0.660952  0.708022  0.613457  0.501878  0.710868  0.639233  0.610265  0.337367  0.580870  0.513168  0.839645  0.486091  0.825150  0.579370  0.857026  0.821121 
1  0.630017 0.0  0.444170  0.665540  0.577231  0.595194  0.594021  0.410035  0.466722  0.514876  0.602475  0.449347  0.558896  0.617804  0.660221  0.703553  0.484439  0.302097  0.606336  0.703444  0.473298  0.371478  0.448180  0.514055  0.507288  0.605269  0.602863  0.414703  0.561350  0.623547  0.743196  0.741457  0.637942  0.581847  0.599163  0.434261  0.590038  0.644423  0.653763  0.598612  0.608632  0.454645  0.412774  0.555804  0.373775  0.574324  0.424435  0.768664  0.567755  0.516205  0.405867  0.504016  0.548828  0.354613  0.530576  0.498628  0.491662  0.352749  0.709115  0.534225  0.562702  0.810581  0.684031  0.616120  0.729153  0.746681  0.663129  0.314794  0.296249  0.428892  0.665562  0.133298  0.644356  0.389365  0.229611  0.733089  0.596901  0.581638  0.701017  0.708645  0.655090  0.679893  0.630026  0.631136  0.566477  0.642794  0.674361  0.691245  0.707958  0.652474  0.554845  0.401100  0.648578  0.597336  0.758258  0.632378  0.499000  0.600607  0.632295  0.637879  0.769892  0.650127  0.653491  0.679007  0.475868  0.430780  0.471003  0.662647  0.480448  0.587340  0.545081  0.657262  0.443116  0.588342  0.646805  0.649699  0.704328  0.675741  0.465326  0.455464  0.433377  0.621075  0.640273  0.668565  0.697749  0.479953  0.693635  0.632778  0.645677  0.528782  0.822622  0.603454  0.737673  0.702857  0.619313  0.550907  0.620771  0.253024  0.505547  0.663805  0.389004  0.739660  0.783137  0.463707  0.483434  0.620133  0.331059  0.438201  0.401579  0.718278  0.720419  0.723767  0.756991  0.694760  0.625275  0.925011  0.809101  0.692109  0.638124  0.737094  0.685484  0.494585  0.712308  0.698028  0.752361  0.610698  0.499017  0.494121  0.631037  0.573620  0.775059  0.589510  0.703798  0.726818  0.674391  0.809670  0.643961  0.722621  0.344624  0.550322  0.710048  0.463107  0.746966  0.561194  0.698140  0.692409  0.663322  0.583248  0.572449  0.537567  0.641840  0.701563  0.584832  0.773342  0.343444  0.721228  0.685935 
2  0.632970  0.444170 0.0  0.572592  0.562751  0.554886  0.639698  0.258658  0.097853  0.527580  0.610930  0.459692  0.559147  0.644065  0.737496  0.667689  0.470015  0.421474  0.630405  0.704188  0.513836  0.489696  0.329111  0.627872  0.465555  0.523814  0.605473  0.434802  0.453104  0.670377  0.798578  0.647825  0.671905  0.674739  0.621573  0.443182  0.647559  0.548037  0.633009  0.580302  0.615983  0.399435  0.442596  0.547410  0.401983  0.660757  0.512047  0.793336  0.574510  0.408084  0.411922  0.560837  0.456380  0.408352  0.645680  0.603087  0.524870  0.436806  0.649599  0.464925  0.459080  0.716086  0.675220  0.722951  0.738249  0.593508  0.584626  0.490235  0.311197  0.523509  0.711613  0.451929  0.647983  0.241393  0.455699  0.864089  0.583247  0.610134  0.707170  0.759168  0.605999  0.755787  0.687376  0.679647  0.671287  0.624458  0.654123  0.652479  0.684695  0.599987  0.639508  0.387154  0.694459  0.743126  0.743254  0.573190  0.625859  0.579674  0.637321  0.791455  0.689958  0.609225  0.779729  0.592582  0.469917  0.261877  0.523782  0.691743  0.446353  0.589404  0.638812  0.609529  0.316652  0.669261  0.742348  0.669230  0.712983  0.689768  0.216490  0.449519  0.347762  0.563781  0.689791  0.689063  0.714507  0.352501  0.662065  0.700824  0.571519  0.480468  0.648833  0.636814  0.693383  0.723766  0.552626  0.550997  0.821421  0.319426  0.619577  0.771172  0.277759  0.659654  0.706072  0.613709  0.458592  0.672926  0.431119  0.578727  0.512447  0.663421  0.627989  0.752672  0.650676  0.727229  0.709968  0.760286  0.756468  0.642367  0.638419  0.696227  0.614734  0.488428  0.658812  0.671858  0.646704  0.595857  0.424865  0.646133  0.705551  0.580505  0.786310  0.562323  0.729939  0.713825  0.678602  0.614380  0.629987  0.704745  0.307194  0.499665  0.726686  0.391240  0.701860  0.496206  0.693250  0.782122  0.706282  0.674562  0.626983  0.532153  0.672062  0.677229  0.638278  0.811051  0.557229  0.734492  0.700989 
3  0.405278  0.665540  0.572592 0.0  0.375662  0.590270  0.424110  0.578425  0.524906  0.569737  0.651729  0.579478  0.689389  0.695203  0.600500  0.737527  0.591304  0.605550  0.529623  0.536356  0.520361  0.630967  0.615018  0.682216  0.584939  0.632439  0.715151  0.510410  0.539637  0.461059  0.754718  0.676548  0.616115  0.678606  0.629230  0.571533  0.523575  0.409481  0.603080  0.696664  0.703295  0.615358  0.719727  0.583016  0.559951  0.392743  0.511299  0.782838  0.440325  0.646287  0.592606  0.437668  0.715360  0.629169  0.345284  0.655043  0.645466  0.465787  0.569492  0.534035  0.444699  0.752135  0.653220  0.747191  0.684399  0.792653  0.663925  0.560961  0.592686  0.502770  0.752798  0.542289  0.622291  0.586473  0.531735  0.731003  0.508046  0.533148  0.663289  0.749918  0.768113  0.692350  0.490505  0.559061  0.550064  0.581070  0.629487  0.623348  0.691172  0.695280  0.780436  0.515561  0.818458  0.579392  0.771971  0.742373  0.415585  0.773428  0.839222  0.727433  0.712585  0.594719  0.517026  0.694062  0.689573  0.617347  0.633850  0.521299  0.673102  0.662967  0.716583  0.648714  0.647819  0.643422  0.723173  0.566997  0.854355  0.544355  0.687488  0.607227  0.553402  0.562142  0.754962  0.615817  0.784684  0.619307  0.848032  0.683635  0.690884  0.404542  0.754794  0.768996  0.738720  0.651717  0.764503  0.604000  0.785676  0.480709  0.430079  0.769489  0.661965  0.756009  0.684056  0.736989  0.604912  0.771992  0.570207  0.530057  0.558676  0.640339  0.833627  0.841004  0.700619  0.728314  0.737423  0.734427  0.705781  0.755899  0.746118  0.754996  0.646334  0.520435  0.753419  0.706288  0.617466  0.697194  0.590497  0.537376  0.559144  0.475238  0.808687  0.555989  0.574916  0.781559  0.745632  0.722968  0.686172  0.830878  0.634641  0.646396  0.560608  0.528372  0.653320  0.643359  0.622006  0.732859  0.625263  0.555057  0.560794  0.512608  0.556672  0.775056  0.397342  0.814442  0.663087  0.642012  0.669772 
4  0.500119  0.577231  0.562751  0.375662 0.0  0.542915  0.474541  0.584328  0.529452  0.625657  0.494422  0.603747  0.612667  0.703074  0.703225  0.719740  0.594868  0.638900  0.491378  0.653986  0.196925  0.572885  0.509405  0.637728  0.439671  0.723996  0.678804  0.536348  0.491047  0.412458  0.738940  0.728964  0.520127  0.665614  0.518716  0.621029  0.457316  0.296401  0.648044  0.657914  0.696226  0.629845  0.570931  0.515962  0.501791  0.637816  0.608414  0.661875  0.485741  0.698407  0.659110  0.517651  0.584407  0.547390  0.395598  0.655648  0.565210  0.572855  0.634886  0.519927  0.386860  0.782216  0.775626  0.651254  0.784463  0.685479  0.670614  0.619486  0.603914  0.639453  0.701546  0.490494  0.432959  0.648772  0.613945  0.751410  0.265710  0.522773  0.825422  0.788659  0.664059  0.809735  0.548235  0.614626  0.399742  0.615641  0.772188  0.627795  0.667886  0.665975  0.740942  0.595733  0.758104  0.702302  0.791557  0.584021  0.470362  0.681701  0.741653  0.744669  0.747211  0.573499  0.584009  0.683667  0.743550  0.608952  0.599565  0.632925  0.582489  0.651588  0.807063  0.744217  0.639838  0.727288  0.713739  0.607040  0.804122  0.684873  0.584336  0.645760  0.611843  0.408225  0.740335  0.816839  0.819668  0.596014  0.689710  0.717140  0.673549  0.306824  0.703210  0.621423  0.745478  0.712592  0.701830  0.667779  0.749116  0.548192  0.528251  0.675262  0.682002  0.660060  0.690368  0.712421  0.468583  0.727752  0.541743  0.575416  0.497436  0.664834  0.759115  0.700409  0.780217  0.781529  0.733268  0.755882  0.682423  0.779966  0.812270  0.838568  0.609326  0.646897  0.772237  0.732579  0.794217  0.651723  0.565391  0.545581  0.548849  0.451571  0.796588  0.558872  0.631490  0.744621  0.656913  0.722675  0.703619  0.693279  0.606156  0.546153  0.678837  0.561412  0.813944  0.674444  0.603670  0.676758  0.631416  0.593864  0.611168  0.264936  0.614776  0.891885  0.403222  0.704329  0.481716  0.748196  0.815769 
5  0.375770  0.595194  0.554886  0.590270  0.542915 0.0  0.368607  0.593225  0.633654  0.651763  0.593299  0.741602  0.642726  0.777204  0.580487  0.728100  0.670692  0.713385  0.410844  0.614736  0.563904  0.559517  0.692961  0.662480  0.557360  0.691394  0.814667  0.617957  0.689276  0.547675  0.666948  0.694110  0.427444  0.736580  0.616179  0.697843  0.602755  0.613883  0.563575  0.698457  0.705554  0.609297  0.607623  0.622174  0.604256  0.132998  0.655470  0.812639  0.593092  0.656230  0.569092  0.565777  0.627209  0.579312  0.465273  0.617012  0.628974  0.726257  0.290860  0.513903  0.706708  0.764220  0.712288  0.793853  0.740611  0.700075  0.728745  0.669429  0.625159  0.615832  0.787425  0.600738  0.597856  0.655980  0.568551  0.692513  0.546616  0.574665  0.789440  0.770775  0.748851  0.764481  0.437204  0.499557  0.510443  0.661991  0.818020  0.767956  0.711616  0.602410  0.682850  0.616197  0.726139  0.808156  0.821204  0.740516  0.510418  0.689855  0.741898  0.707514  0.820087  0.427939  0.570765  0.742781  0.588435  0.654936  0.630781  0.479699  0.568212  0.612435  0.672403  0.667719  0.614430  0.760906  0.741793  0.481249  0.763261  0.615033  0.617716  0.579427  0.663651  0.562504  0.662598  0.674529  0.811817  0.739263  0.837560  0.788658  0.637909  0.550929  0.770380  0.835723  0.778361  0.690292  0.603811  0.725555  0.869106  0.566455  0.444724  0.834549  0.645752  0.568236  0.753458  0.622547  0.592046  0.806716  0.539111  0.574697  0.513055  0.860967  0.722789  0.733916  0.734227  0.753413  0.795025  0.755318  0.737920  0.870699  0.757375  0.838391  0.682775  0.666622  0.738807  0.707044  0.669794  0.742473  0.655097  0.450765  0.600696  0.525032  0.804906  0.507868  0.562503  0.719780  0.655648  0.723077  0.658775  0.694426  0.705681  0.655841  0.635374  0.604323  0.831143  0.649305  0.502948  0.861351  0.743884  0.732847  0.433864  0.615615  0.619943  0.775841  0.601473  0.727166  0.575412  0.586216  0.770038 
6  0.390081  0.594021  0.639698  0.424110  0.474541  0.368607 0.0  0.636029  0.628825  0.725527  0.618600  0.557378  0.637096  0.786475  0.576554  0.696311  0.680832  0.585679  0.249299  0.621058  0.572317  0.624344  0.667951  0.664656  0.593651  0.682572  0.757108  0.682268  0.595911  0.479825  0.822216  0.721112  0.453042  0.701641  0.582022  0.629819  0.426784  0.402908  0.626643  0.603677  0.606819  0.555183  0.664945  0.592037  0.589388  0.389561  0.601021  0.761054  0.476146  0.756549  0.563716  0.482211  0.669513  0.703587  0.418315  0.594942  0.577936  0.628087  0.485720  0.609844  0.626796  0.767309  0.713590  0.706741  0.726433  0.811198  0.694325  0.598548  0.618759  0.595327  0.687212  0.694371  0.499771  0.643383  0.538621  0.762732  0.592128  0.558157  0.766113  0.794372  0.742352  0.681836  0.481915  0.548201  0.447305  0.779283  0.693037  0.793787  0.631376  0.640450  0.663321  0.560804  0.800041  0.710579  0.758044  0.743723  0.488395  0.729384  0.734666  0.662264  0.738242  0.480875  0.515027  0.699427  0.691998  0.714791  0.584006  0.515162  0.614620  0.664197  0.627002  0.793191  0.617432  0.710774  0.707917  0.504230  0.812852  0.582161  0.524528  0.638033  0.664147  0.427581  0.643499  0.669312  0.861468  0.611958  0.787592  0.759251  0.667661  0.551051  0.815495  0.719118  0.737892  0.592888  0.716917  0.648916  0.796514  0.520457  0.463167  0.677890  0.600474  0.747450  0.752491  0.709925  0.589461  0.663517  0.579470  0.626541  0.563648  0.694718  0.697764  0.851627  0.709929  0.789620  0.734921  0.721047  0.780804  0.763010  0.668896  0.688323  0.656291  0.686058  0.766392  0.822223  0.759406  0.707417  0.679517  0.526607  0.548973  0.431345  0.830410  0.563878  0.537523  0.692136  0.784213  0.693036  0.693736  0.688918  0.628948  0.550486  0.606117  0.635436  0.723483  0.731528  0.549361  0.701840  0.685754  0.691945  0.429142  0.529320  0.556484  0.773582  0.485087  0.786943  0.497352  0.840265  0.803418 
7  0.570632  0.410035  0.258658  0.578425  0.584328  0.593225  0.636029 0.0  0.257425  0.450056  0.706778  0.381664  0.657185  0.608049  0.678860  0.566962  0.548546  0.441836  0.644494  0.609195  0.678273  0.666569  0.373644  0.672061  0.564032  0.605912  0.552614  0.458643  0.541517  0.557938  0.645280  0.770568  0.748689  0.573856  0.639918  0.479675  0.563996  0.571185  0.690420  0.614231  0.569819  0.512458  0.415768  0.491103  0.459447  0.654104  0.482261  0.672454  0.569639  0.426229  0.388455  0.586275  0.523169  0.491179  0.608317  0.445270  0.478171  0.448715  0.634229  0.470677  0.573880  0.674882  0.705157  0.649777  0.658284  0.683609  0.631807  0.417498  0.394298  0.554953  0.719512  0.298507  0.585137  0.231232  0.545293  0.675705  0.515366  0.627884  0.662565  0.679321  0.722830  0.684959  0.635468  0.727413  0.603714  0.592467  0.745212  0.615571  0.715149  0.408854  0.829043  0.438179  0.695746  0.694420  0.767195  0.613620  0.555652  0.669647  0.696982  0.748979  0.796689  0.715564  0.683593  0.676337  0.489656  0.028028  0.475089  0.754415  0.509918  0.511470  0.541758  0.546212  0.158162  0.625261  0.742873  0.665876  0.792316  0.679180  0.179670  0.431972  0.446773  0.634709  0.662245  0.793850  0.663146  0.442629  0.693994  0.854865  0.510849  0.646730  0.732957  0.632212  0.672394  0.794852  0.602782  0.541726  0.726012  0.440970  0.484500  0.703022  0.180811  0.812918  0.704622  0.585990  0.597255  0.545095  0.426778  0.481581  0.536343  0.622752  0.613930  0.792292  0.776964  0.693438  0.586285  0.706669  0.731445  0.666264  0.653456  0.716962  0.571681  0.538213  0.788162  0.799859  0.659898  0.657399  0.473694  0.670002  0.655277  0.588048  0.806292  0.578627  0.575673  0.734252  0.671352  0.644340  0.711026  0.708751  0.385891  0.387146  0.738423  0.323097  0.589309  0.499253  0.719089  0.662099  0.570697  0.676302  0.718179  0.488805  0.680424  0.747714  0.602641  0.734267  0.452119  0.528170  0.745648 
8  0.660101  0.466722  0.097853  0.524906  0.529452  0.633654  0.628825  0.257425 0.0  0.553793  0.593484  0.436117  0.539299  0.551192  0.651923  0.622728  0.376843  0.326955  0.592313  0.841246  0.643163  0.463928  0.265815  0.568879  0.604113  0.610292  0.719292  0.499410  0.528918  0.628874  0.633257  0.744569  0.494567  0.438909  0.529847  0.490744  0.696207  0.599946  0.635172  0.450506  0.606968  0.431582  0.431963  0.522921  0.494927  0.633550  0.436095  0.701196  0.660239  0.415607  0.387314  0.584207  0.509355  0.431154  0.606422  0.508912  0.508528  0.472015  0.724311  0.611402  0.510743  0.696130  0.625057  0.616623  0.710298  0.667993  0.557372  0.392446  0.375149  0.503555  0.808816  0.424188  0.639120  0.250151  0.375913  0.758742  0.538376  0.625900  0.691789  0.670812  0.635671  0.675268  0.574517  0.680275  0.517400  0.586693  0.647833  0.732250  0.723471  0.648346  0.580406  0.342453  0.697945  0.725348  0.646893  0.593505  0.606425  0.517446  0.629039  0.664716  0.726175  0.628545  0.607001  0.630054  0.548093  0.151544  0.431647  0.661160  0.475696  0.544700  0.504084  0.648192  0.126861  0.695423  0.770799  0.619691  0.709908  0.777484  0.173461  0.546031  0.348853  0.627652  0.700218  0.734598  0.809451  0.443626  0.768581  0.621340  0.653596  0.623742  0.766917  0.676556  0.634136  0.702196  0.539866  0.472623  0.601088  0.368795  0.564655  0.683649  0.269476  0.670615  0.692503  0.611993  0.501390  0.559509  0.421161  0.442753  0.474906  0.658886  0.695113  0.732544  0.677412  0.753963  0.654847  0.875208  0.796012  0.627746  0.735264  0.697665  0.645197  0.506767  0.732231  0.806566  0.723566  0.596610  0.463095  0.598105  0.740021  0.670120  0.679415  0.563693  0.544745  0.733899  0.608341  0.777950  0.611662  0.708196  0.316272  0.287391  0.703582  0.356189  0.748285  0.570058  0.648047  0.850659  0.652145  0.702759  0.617901  0.594231  0.696476  0.732477  0.652330  0.714466  0.537614  0.687022  0.745738 
9  0.714017  0.514876  0.527580  0.569737  0.625657  0.651763  0.725527  0.450056  0.553793 0.0  0.658528  0.424196  0.429823  0.692027  0.713315  0.554712  0.563907  0.551300  0.648038  0.626060  0.580783  0.512993  0.452371  0.517447  0.604063  0.545965  0.597489  0.414380  0.618557  0.651869  0.674479  0.637582  0.666899  0.548444  0.727888  0.476827  0.683978  0.548601  0.670279  0.483387  0.608174  0.520762  0.452135  0.633107  0.513004  0.636266  0.591252  0.671504  0.660615  0.276809  0.560249  0.719998  0.536659  0.552264  0.635120  0.521586  0.476385  0.575778  0.586075  0.667390  0.550494  0.729478  0.597835  0.695433  0.704446  0.757070  0.534102  0.569867  0.601081  0.609716  0.682079  0.531576  0.577485  0.488454  0.504811  0.680520  0.625209  0.641941  0.644203  0.712224  0.691894  0.583616  0.623619  0.772461  0.558925  0.545807  0.572480  0.652134  0.585924  0.578939  0.725977  0.559170  0.570448  0.524936  0.622808  0.491452  0.638783  0.556492  0.699297  0.664150  0.581978  0.761657  0.716633  0.573612  0.361890  0.440768  0.491879  0.679567  0.496888  0.397660  0.438736  0.474425  0.553213  0.591973  0.637680  0.654893  0.696730  0.710175  0.463633  0.360825  0.519106  0.674348  0.676908  0.617745  0.658730  0.490589  0.699383  0.634838  0.657748  0.688792  0.715747  0.543222  0.649968  0.762538  0.477343  0.508816  0.772794  0.518049  0.591889  0.568808  0.494344  0.824174  0.744386  0.510040  0.662237  0.595403  0.550082  0.468994  0.562593  0.629793  0.676315  0.750056  0.665186  0.692294  0.738628  0.659265  0.699527  0.636389  0.742898  0.680777  0.446737  0.448253  0.701180  0.723542  0.819400  0.602063  0.551918  0.721779  0.699499  0.729783  0.727804  0.661098  0.618706  0.791840  0.672756  0.605840  0.621576  0.637222  0.542358  0.378635  0.664137  0.378731  0.590647  0.472854  0.652217  0.707887  0.595046  0.733590  0.723420  0.722411  0.631492  0.648883  0.660619  0.729253  0.576251  0.569472  0.850141 
10  0.597324  0.602475  0.610930  0.651729  0.494422  0.593299  0.618600  0.706778  0.593484  0.658528 0.0  0.646638  0.727826  0.753687  0.582781  0.755069  0.644329  0.711471  0.431324  0.598245  0.609218  0.665560  0.674426  0.697033  0.732702  0.695177  0.699917  0.657604  0.598234  0.515211  0.654456  0.689301  0.461401  0.694404  0.517084  0.606321  0.567647  0.541777  0.535041  0.741323  0.688647  0.747969  0.631459  0.584140  0.627689  0.483885  0.646868  0.799597  0.589546  0.694555  0.644948  0.633951  0.690489  0.620762  0.687764  0.696147  0.688397  0.694537  0.587446  0.625698  0.647064  0.810635  0.679166  0.732809  0.756789  0.823851  0.688990  0.595818  0.585459  0.596577  0.762408  0.597064  0.447548  0.599037  0.570900  0.784583  0.501006  0.575801  0.753955  0.731504  0.838860  0.784462  0.425560  0.480525  0.577698  0.702386  0.765391  0.792871  0.778704  0.683467  0.745376  0.634722  0.646896  0.680749  0.795661  0.677784  0.645650  0.699065  0.697629  0.856799  0.720403  0.557237  0.438537  0.724092  0.794318  0.641041  0.673190  0.483810  0.643549  0.745459  0.694167  0.726182  0.646121  0.747282  0.718161  0.472127  0.815244  0.485537  0.618968  0.570644  0.613965  0.542000  0.641582  0.901381  0.740040  0.684481  0.704247  0.859739  0.622614  0.572308  0.799981  0.741931  0.677407  0.591550  0.752333  0.712822  0.764270  0.680194  0.625455  0.811797  0.662358  0.543710  0.760478  0.628805  0.588044  0.746086  0.701618  0.674487  0.653666  0.788285  0.730787  0.751018  0.746522  0.826414  0.678142  0.715946  0.822265  0.803911  0.800519  0.714061  0.663750  0.699556  0.752796  0.781981  0.841443  0.710184  0.673899  0.456188  0.444680  0.458306  0.826264  0.355479  0.606507  0.742725  0.740854  0.794193  0.840993  0.756985  0.642848  0.596977  0.456904  0.674381  0.851538  0.677169  0.557893  0.762403  0.671913  0.574713  0.490547  0.622322  0.421676  0.746221  0.414447  0.619105  0.608759  0.816432  0.806904 
11  0.604171  0.449347  0.459692  0.579478  0.603747  0.741602  0.557378  0.381664  0.436117  0.424196  0.646638 0.0  0.556940  0.614660  0.724162  0.616906  0.469920  0.307971  0.642692  0.730068  0.598217  0.523110  0.321823  0.620869  0.634553  0.514853  0.589778  0.417400  0.531941  0.598922  0.720391  0.700359  0.710431  0.501012  0.721162  0.501013  0.555796  0.579414  0.678291  0.497525  0.606078  0.469017  0.287610  0.626119  0.485398  0.703410  0.478999  0.671842  0.687053  0.252813  0.455357  0.547081  0.499284  0.497142  0.624638  0.586447  0.531224  0.374038  0.653423  0.554313  0.472905  0.667879  0.638979  0.620736  0.650266  0.732967  0.672659  0.596736  0.534533  0.430433  0.691395  0.406655  0.642800  0.460266  0.507950  0.709679  0.618777  0.647468  0.671337  0.686537  0.678502  0.689251  0.645434  0.647674  0.617815  0.528633  0.695712  0.645197  0.655831  0.522374  0.689217  0.355391  0.665886  0.650962  0.681960  0.590461  0.546034  0.629763  0.705148  0.634203  0.669886  0.707008  0.633337  0.709923  0.529828  0.468362  0.518251  0.674060  0.573407  0.509755  0.589495  0.717887  0.312567  0.627399  0.600216  0.741211  0.681995  0.783659  0.414892  0.391775  0.469558  0.616889  0.671669  0.736244  0.769047  0.473753  0.746886  0.696778  0.666301  0.606517  0.758376  0.606080  0.734430  0.724604  0.643005  0.630234  0.705332  0.414554  0.558221  0.779662  0.433590  0.733669  0.673439  0.627970  0.586115  0.485132  0.383681  0.451678  0.517225  0.712075  0.813969  0.808654  0.692395  0.664038  0.751040  0.796606  0.759627  0.660109  0.841063  0.745901  0.629509  0.548985  0.601571  0.818617  0.730427  0.610464  0.554971  0.575387  0.693999  0.630318  0.669843  0.605875  0.708065  0.669294  0.797866  0.636492  0.654142  0.647199  0.535335  0.246512  0.737568  0.290042  0.690110  0.567561  0.762856  0.653030  0.568920  0.708793  0.708772  0.583064  0.773166  0.735903  0.636926  0.728747  0.613219  0.650449  0.743906 
12  0.722850  0.558896  0.559147  0.689389  0.612667  0.642726  0.637096  0.657185  0.539299  0.429823  0.727826  0.556940 0.0  0.510194  0.788533  0.507007  0.660019  0.456938  0.727961  0.722827  0.594261  0.621862  0.559117  0.499488  0.599281  0.361664  0.446267  0.508513  0.561017  0.713628  0.742151  0.707606  0.682891  0.503367  0.690775  0.541815  0.736336  0.549759  0.781142  0.529918  0.522888  0.551528  0.560147  0.679524  0.608740  0.612498  0.606490  0.715931  0.615874  0.515929  0.510715  0.599556  0.610190  0.656069  0.662480  0.500315  0.550522  0.606705  0.743655  0.586029  0.543626  0.716940  0.600467  0.625779  0.668529  0.602662  0.522793  0.623707  0.580341  0.554628  0.591895  0.506782  0.684139  0.592986  0.612654  0.685690  0.730382  0.613518  0.693267  0.603747  0.568660  0.636687  0.717848  0.794413  0.656737  0.521138  0.646170  0.750709  0.576434  0.533783  0.642473  0.522534  0.661869  0.501095  0.639287  0.315001  0.628441  0.559130  0.698196  0.548706  0.595895  0.734120  0.667063  0.534853  0.536483  0.599555  0.604494  0.672921  0.488908  0.422735  0.383204  0.478243  0.704680  0.455473  0.697229  0.714240  0.782913  0.677966  0.541943  0.494972  0.517565  0.661927  0.612081  0.679820  0.676052  0.566674  0.663561  0.562602  0.601114  0.677461  0.780451  0.595615  0.569427  0.821733  0.489309  0.417144  0.635116  0.511365  0.702440  0.542238  0.524174  0.762011  0.649140  0.335324  0.576521  0.472689  0.614464  0.609860  0.674900  0.684288  0.548015  0.675370  0.694596  0.606020  0.581577  0.704320  0.726228  0.616317  0.608203  0.745318  0.411946  0.505475  0.617578  0.618153  0.654648  0.518934  0.558218  0.776092  0.689748  0.666334  0.686019  0.665169  0.680732  0.633750  0.522236  0.686761  0.620978  0.646763  0.566222  0.576675  0.716517  0.517765  0.709756  0.594467  0.690701  0.703414  0.516866  0.745753  0.664508  0.687172  0.733750  0.753969  0.561396  0.654813  0.608555  0.609690  0.739465 
13  0.731016  0.617804  0.644065  0.695203  0.703074  0.777204  0.786475  0.608049  0.551192  0.692027  0.753687  0.614660  0.510194 0.0  0.799667  0.356600  0.624606  0.664008  0.766990  0.794817  0.753262  0.769767  0.789267  0.621365  0.683474  0.634346  0.706923  0.637197  0.720340  0.782642  0.682122  0.781877  0.846532  0.655294  0.625018  0.601101  0.663484  0.764499  0.666341  0.646754  0.518992  0.683395  0.559085  0.620515  0.632570  0.770803  0.680095  0.667553  0.740204  0.647143  0.680958  0.710813  0.545710  0.626496  0.735225  0.648691  0.586671  0.669922  0.776589  0.756500  0.733519  0.600517  0.558782  0.463439  0.551900  0.568829  0.626524  0.532484  0.609588  0.717764  0.695156  0.774560  0.741793  0.751838  0.702304  0.579220  0.783644  0.676630  0.514067  0.567178  0.586961  0.587771  0.860093  0.737865  0.710975  0.535789  0.634575  0.602420  0.660580  0.701363  0.588324  0.678454  0.443330  0.416723  0.577892  0.586538  0.685419  0.582520  0.659991  0.625716  0.272514  0.696235  0.777420  0.465997  0.665212  0.561040  0.705955  0.796644  0.606412  0.625531  0.655746  0.543479  0.758300  0.521954  0.681418  0.681772  0.597602  0.832782  0.564043  0.583166  0.701933  0.713263  0.579869  0.689177  0.774566  0.566378  0.605429  0.325697  0.446636  0.655364  0.627479  0.500933  0.684506  0.741572  0.604940  0.469419  0.670580  0.735389  0.697412  0.422730  0.681059  0.672546  0.624369  0.646145  0.617653  0.572415  0.691450  0.695162  0.700434  0.577975  0.571533  0.609304  0.640714  0.587361  0.573860  0.663366  0.645972  0.570840  0.464547  0.751217  0.585367  0.637664  0.543997  0.672360  0.536229  0.674322  0.695329  0.722913  0.705827  0.643248  0.778964  0.670148  0.795455  0.617265  0.395327  0.522800  0.509204  0.612619  0.647673  0.624117  0.852890  0.589933  0.676327  0.597701  0.754697  0.717118  0.607362  0.797545  0.679691  0.784429  0.815816  0.787459  0.624510  0.660498  0.686139  0.352414  0.699755 
14  0.632881  0.660221  0.737496  0.600500  0.703225  0.580487  0.576554  0.678860  0.651923  0.713315  0.582781  0.724162  0.788533  0.799667 0.0  0.699978  0.692408  0.678334  0.495038  0.432715  0.592027  0.609586  0.643745  0.784808  0.697345  0.696774  0.734275  0.790915  0.702779  0.584474  0.691848  0.874938  0.544486  0.798016  0.556301  0.707857  0.592552  0.663134  0.507023  0.678402  0.700647  0.698278  0.708623  0.735098  0.624190  0.676895  0.647171  0.677691  0.676236  0.737215  0.781307  0.683668  0.650493  0.680660  0.706550  0.778309  0.762431  0.670017  0.515946  0.630106  0.585620  0.770336  0.695407  0.703749  0.690429  0.786437  0.644633  0.720304  0.662368  0.660788  0.718089  0.714569  0.629531  0.641325  0.684449  0.770561  0.611102  0.711276  0.845673  0.750055  0.771708  0.723031  0.653116  0.563658  0.620562  0.704363  0.726143  0.709910  0.775229  0.759874  0.868059  0.694571  0.836982  0.743528  0.841845  0.810123  0.594600  0.714357  0.745520  0.796147  0.803844  0.515455  0.482214  0.815006  0.710334  0.748796  0.668973  0.460576  0.685854  0.753399  0.689534  0.708829  0.666140  0.813117  0.759714  0.502160  0.815821  0.500080  0.723114  0.662065  0.593165  0.579541  0.757504  0.667725  0.781839  0.706336  0.693742  0.777262  0.833928  0.709381  0.811354  0.789790  0.778662  0.508045  0.754095  0.803466  0.714217  0.686355  0.536852  0.741423  0.739904  0.463617  0.690207  0.731580  0.641610  0.765716  0.680449  0.702432  0.637488  0.739191  0.709225  0.819765  0.900555  0.735799  0.723542  0.806560  0.863287  0.781430  0.837475  0.827071  0.782934  0.740753  0.758110  0.754431  0.798001  0.622969  0.676497  0.519712  0.536333  0.552366  0.764679  0.610500  0.325749  0.829684  0.695180  0.805463  0.706571  0.823948  0.647514  0.520373  0.367542  0.744985  0.749226  0.726282  0.461468  0.791731  0.663746  0.453016  0.526996  0.540308  0.518517  0.809354  0.710986  0.890838  0.576029  0.807686  0.762027 
15  0.786765  0.703553  0.667689  0.737527  0.719740  0.728100  0.696311  0.566962  0.622728  0.554712  0.755069  0.616906  0.507007  0.356600  0.699978 0.0  0.660177  0.564977  0.771715  0.773080  0.750245  0.664286  0.679008  0.549325  0.700738  0.584114  0.569874  0.665655  0.680542  0.699440  0.557069  0.618917  0.664538  0.645062  0.650656  0.698072  0.680451  0.692296  0.879319  0.605922  0.404180  0.696738  0.635641  0.759288  0.648521  0.772106  0.683178  0.651205  0.622332  0.655037  0.626799  0.752166  0.593994  0.715148  0.739489  0.581655  0.638486  0.713982  0.728695  0.656189  0.661672  0.637100  0.386436  0.362788  0.551867  0.531593  0.604738  0.653286  0.654173  0.811319  0.665222  0.705332  0.742771  0.751059  0.748129  0.569843  0.726402  0.661930  0.678256  0.686133  0.623252  0.466246  0.656299  0.776918  0.712919  0.653725  0.585411  0.514693  0.570284  0.634821  0.666347  0.720421  0.526845  0.476866  0.680822  0.655636  0.565937  0.591943  0.586640  0.657714  0.395146  0.731224  0.777888  0.422215  0.584081  0.647538  0.676742  0.750318  0.678143  0.686783  0.588031  0.564705  0.660557  0.609911  0.682685  0.692673  0.630278  0.884507  0.738184  0.684259  0.660726  0.687971  0.616839  0.682115  0.737900  0.686712  0.697911  0.342572  0.590988  0.694645  0.697682  0.472109  0.696726  0.739708  0.611598  0.531214  0.584631  0.647652  0.743387  0.332982  0.674574  0.824431  0.729233  0.678493  0.794624  0.580263  0.607575  0.635962  0.748713  0.604703  0.558011  0.711296  0.643570  0.657372  0.692077  0.666606  0.530924  0.432076  0.509746  0.688847  0.651531  0.643979  0.633565  0.776315  0.509541  0.688295  0.719578  0.682030  0.719967  0.755036  0.656703  0.797324  0.759235  0.584813  0.336077  0.529932  0.575195  0.571249  0.593722  0.619923  0.841587  0.669879  0.641293  0.571600  0.756926  0.682383  0.620618  0.784425  0.795765  0.663136  0.818210  0.669426  0.750155  0.607227  0.681933  0.541119  0.761008 
16  0.630335  0.484439  0.470015  0.591304  0.594868  0.670692  0.680832  0.548546  0.376843  0.563907  0.644329  0.469920  0.660019  0.624606  0.692408  0.660177 0.0  0.510794  0.520241  0.711263  0.613387  0.456816  0.556866  0.625273  0.576366  0.591513  0.611347  0.497085  0.468725  0.545638  0.747623  0.664343  0.688311  0.503355  0.543000  0.473036  0.505074  0.664229  0.700467  0.662978  0.629214  0.513535  0.553908  0.492451  0.478754  0.636842  0.593418  0.711751  0.607095  0.621223  0.312771  0.545599  0.483803  0.232830  0.538810  0.464616  0.489054  0.496646  0.622346  0.568855  0.269449  0.676589  0.685986  0.783460  0.645856  0.722062  0.595694  0.490875  0.409323  0.477259  0.711256  0.419401  0.640454  0.465675  0.493248  0.746703  0.564873  0.492703  0.708932  0.737560  0.680502  0.620364  0.588426  0.616292  0.501036  0.628747  0.675894  0.614167  0.772795  0.663952  0.685472  0.622076  0.669214  0.751204  0.705823  0.643408  0.510192  0.619937  0.766725  0.713282  0.736193  0.701429  0.631324  0.684764  0.634355  0.530667  0.569444  0.675462  0.628509  0.542185  0.557907  0.616047  0.468865  0.673658  0.637457  0.663390  0.749356  0.751733  0.421243  0.482719  0.502870  0.610598  0.671575  0.701260  0.768596  0.467535  0.718665  0.736977  0.630921  0.520073  0.679854  0.593103  0.690213  0.782575  0.605003  0.610138  0.731932  0.470064  0.592505  0.701430  0.566276  0.758098  0.695683  0.604207  0.501607  0.576839  0.430806  0.494975  0.476169  0.655466  0.659349  0.680556  0.715386  0.721873  0.589658  0.709124  0.740872  0.750101  0.616848  0.764750  0.643913  0.600650  0.785800  0.818720  0.786321  0.621897  0.383042  0.675426  0.730622  0.621180  0.701236  0.609679  0.604897  0.736622  0.730618  0.740520  0.744772  0.652341  0.465149  0.497220  0.607396  0.450922  0.778394  0.517619  0.644222  0.758418  0.593095  0.810597  0.584115  0.534279  0.581108  0.759671  0.527792  0.820252  0.576549  0.754217  0.758784 
17  0.682928  0.302097  0.421474  0.605550  0.638900  0.713385  0.585679  0.441836  0.326955  0.551300  0.711471  0.307971  0.456938  0.664008  0.678334  0.564977  0.510794 0.0  0.764534  0.759823  0.622251  0.479692  0.099318  0.572731  0.409605  0.612680  0.708735  0.342039  0.530912  0.643441  0.654650  0.739771  0.588152  0.487131  0.614697  0.460814  0.664255  0.597503  0.760542  0.594970  0.575961  0.565935  0.157888  0.620034  0.492545  0.572041  0.432910  0.717411  0.454960  0.443743  0.514199  0.533350  0.520001  0.601534  0.522819  0.561777  0.543200  0.297461  0.623248  0.491732  0.644659  0.678851  0.719906  0.624399  0.719124  0.726485  0.558669  0.361784  0.473590  0.441438  0.690637  0.372977  0.724932  0.440614  0.370792  0.701876  0.581228  0.720711  0.678880  0.700330  0.685538  0.712368  0.658988  0.569892  0.564247  0.607305  0.566496  0.630390  0.700859  0.615023  0.669486  0.220194  0.677097  0.709991  0.641058  0.635957  0.555436  0.551403  0.674579  0.635560  0.642288  0.740842  0.748854  0.686922  0.545984  0.343754  0.507347  0.608271  0.638017  0.677081  0.592883  0.606556  0.390043  0.561959  0.665817  0.688877  0.623964  0.643917  0.423137  0.391974  0.491791  0.631281  0.634941  0.747436  0.689958  0.544981  0.807503  0.592270  0.645427  0.583698  0.688328  0.710580  0.622410  0.743044  0.681200  0.561456  0.678609  0.459733  0.600496  0.669527  0.366517  0.695789  0.687728  0.557891  0.503445  0.609486  0.345154  0.357910  0.487731  0.725149  0.722178  0.714237  0.702660  0.747159  0.696830  0.778459  0.795110  0.665469  0.664305  0.789479  0.664683  0.603350  0.662780  0.837009  0.645661  0.529652  0.562114  0.589635  0.709339  0.556786  0.682405  0.596509  0.653355  0.774603  0.765021  0.675149  0.655989  0.620844  0.449664  0.412867  0.685049  0.388888  0.747992  0.551180  0.723503  0.796694  0.526836  0.695582  0.622497  0.507432  0.722771  0.734775  0.585376  0.734003  0.554391  0.645804  0.677555 
18  0.459268  0.606336  0.630405  0.529623  0.491378  0.410844  0.249299  0.644494  0.592313  0.648038  0.431324  0.642692  0.727961  0.766990  0.495038  0.771715  0.520241  0.764534 0.0  0.560820  0.440885  0.658807  0.705716  0.684567  0.571852  0.704751  0.752404  0.627494  0.638593  0.470943  0.686006  0.757219  0.354063  0.613927  0.578778  0.585555  0.443414  0.488015  0.684100  0.716711  0.672058  0.680378  0.634309  0.576502  0.638332  0.385067  0.600867  0.887839  0.463280  0.714834  0.699089  0.521384  0.643648  0.687635  0.522425  0.758278  0.687925  0.625077  0.449586  0.654650  0.623362  0.686643  0.779707  0.771704  0.740648  0.758144  0.634083  0.617354  0.644944  0.585194  0.791394  0.611420  0.551323  0.632296  0.595521  0.722070  0.594053  0.533606  0.808086  0.824420  0.628664  0.666090  0.370862  0.455064  0.569421  0.778587  0.670711  0.734162  0.795431  0.808282  0.738624  0.634095  0.769665  0.800486  0.835377  0.683852  0.496095  0.749062  0.613456  0.736992  0.721631  0.470405  0.547900  0.742065  0.710006  0.676944  0.607914  0.607984  0.523081  0.613078  0.789087  0.631312  0.686454  0.583277  0.776986  0.394509  0.689233  0.575197  0.738641  0.603336  0.754567  0.480046  0.768360  0.673355  0.738413  0.800622  0.809547  0.755828  0.723904  0.464221  0.710785  0.704395  0.652528  0.582682  0.600618  0.713834  0.827252  0.700022  0.521169  0.710683  0.582230  0.725387  0.782079  0.667329  0.519899  0.696481  0.688371  0.691221  0.555383  0.741698  0.753889  0.816928  0.756365  0.668517  0.727402  0.793668  0.676268  0.777091  0.698224  0.757798  0.778498  0.629273  0.750058  0.738486  0.760882  0.698241  0.619715  0.527690  0.611273  0.449114  0.746574  0.487825  0.551869  0.915335  0.735587  0.739902  0.672901  0.798917  0.584919  0.663642  0.561225  0.634301  0.778994  0.668624  0.586485  0.742765  0.758607  0.625743  0.309236  0.588551  0.621437  0.802562  0.454389  0.829183  0.562729  0.717572  0.858776 
19  0.622077  0.703444  0.704188  0.536356  0.653986  0.614736  0.621058  0.609195  0.841246  0.626060  0.598245  0.730068  0.722827  0.794817  0.432715  0.773080  0.711263  0.759823  0.560820 0.0  0.637262  0.675062  0.744016  0.687884  0.638210  0.670464  0.791474  0.740511  0.592357  0.752478  0.787646  0.817424  0.622243  0.702846  0.679824  0.759116  0.591709  0.681544  0.415649  0.734298  0.777880  0.714585  0.663486  0.678783  0.746287  0.539736  0.752239  0.818014  0.655250  0.696736  0.637464  0.685281  0.629519  0.631107  0.668091  0.693933  0.750811  0.621027  0.571054  0.622687  0.758009  0.775105  0.700992  0.798557  0.846321  0.677150  0.773217  0.682583  0.683950  0.706392  0.858874  0.696380  0.656926  0.711283  0.715572  0.815761  0.666299  0.565550  0.812476  0.836458  0.713485  0.710688  0.582183  0.662325  0.698164  0.747513  0.792967  0.734609  0.789987  0.648326  0.617115  0.658387  0.747670  0.753244  0.804921  0.777625  0.568085  0.709111  0.770373  0.727161  0.750028  0.509752  0.406646  0.823433  0.769310  0.659148  0.676584  0.407586  0.834774  0.735889  0.806402  0.716524  0.741199  0.694294  0.783999  0.580368  0.799409  0.329882  0.748279  0.756401  0.703266  0.606832  0.851641  0.817559  0.805993  0.711848  0.775348  0.768973  0.695079  0.603419  0.740684  0.776517  0.822535  0.380751  0.771394  0.658658  0.835273  0.631957  0.753129  0.788877  0.742127  0.338108  0.719480  0.645167  0.617731  0.711676  0.751448  0.715672  0.657716  0.617030  0.783876  0.854380  0.754337  0.710812  0.771334  0.811853  0.711844  0.890654  0.798351  0.718155  0.746172  0.633622  0.724102  0.944682  0.679160  0.591502  0.750442  0.478243  0.527670  0.602230  0.763766  0.496965  0.494860  0.848390  0.851909  0.767454  0.809418  0.743186  0.740788  0.719656  0.496684  0.758148  0.766278  0.688752  0.552684  0.791562  0.680607  0.446576  0.672871  0.561540  0.498367  0.749693  0.683277  0.922320  0.655506  0.761506  0.800219 
