197
0 0.0  0.638668  0.604500  0.470780  0.643923  0.307354  0.392349  0.717891  0.664404  0.602471  0.445074  0.609722  0.711188  0.744607  0.586720  0.742650  0.726151  0.633664  0.544464  0.602161  0.591926  0.661885  0.651401  0.724660  0.632014  0.817581  0.735542  0.621054  0.699737  0.552175  0.770913  0.715087  0.592765  0.701259  0.580456  0.641206  0.648384  0.552348  0.582281  0.705990  0.779975  0.639527  0.624738  0.622422  0.659699  0.324787  0.765700  0.867579  0.512979  0.533933  0.614056  0.551496  0.675488  0.638157  0.491430  0.671413  0.631089  0.626340  0.402530  0.528854  0.656721  0.817441  0.742430  0.769714  0.741012  0.655510  0.631613  0.641700  0.625226  0.641569  0.731580  0.670097  0.569362  0.661052  0.606249  0.795460  0.617987  0.469262  0.789850  0.732168  0.810070  0.760309  0.497063  0.496445  0.602716  0.770358  0.728926  0.828170  0.736513  0.590131  0.751372  0.626149  0.785037  0.774722  0.734041  0.702623  0.555184  0.720489  0.871234  0.924417  0.746457  0.592315  0.651939  0.805965  0.726355  0.717774  0.689528  0.669781  0.687333  0.669704  0.667445  0.735316  0.662293  0.714814  0.805208  0.527091  0.771040  0.629280  0.601553  0.632415  0.643274  0.496037  0.738694  0.796543  0.807942  0.678801  0.718912  0.711251  0.766069  0.517151  0.693816  0.659763  0.797537  0.734664  0.755656  0.673181  0.766724  0.694106  0.482076  0.715914  0.698726  0.618505  0.744002  0.687063  0.572829  0.826382  0.565450  0.631633  0.653105  0.678741  0.689565  0.850078  0.855961  0.782783  0.765958  0.789955  0.709491  0.717619  0.673888  0.797655  0.678037  0.655648  0.805554  0.802749  0.782292  0.739225  0.721157  0.454526  0.616132  0.549565  0.755286  0.510950  0.664476  0.762448  0.712823  0.770186  0.712395  0.699860  0.662782  0.592758  0.619482  0.576198  0.798018  0.726547  0.583257  0.732374  0.789065  0.726024  0.458168  0.533783  0.563820  0.803070  0.539369  0.812315  0.597841  0.654628  0.807163 
1  0.638668 0.0  0.459724  0.619750  0.612224  0.639860  0.622309  0.430513  0.494974  0.567356  0.590384  0.352915  0.620148  0.771856  0.663172  0.631233  0.576625  0.395538  0.692062  0.758094  0.628645  0.369554  0.374662  0.625682  0.678401  0.624773  0.715546  0.463566  0.504308  0.653744  0.789166  0.748553  0.714248  0.561108  0.686508  0.376109  0.605078  0.540311  0.779642  0.592738  0.676009  0.563144  0.337675  0.579250  0.471905  0.553770  0.332923  0.826932  0.543540  0.569828  0.465329  0.514826  0.562059  0.443240  0.603601  0.631256  0.468757  0.364514  0.717927  0.472307  0.488403  0.784303  0.689065  0.701411  0.611500  0.728768  0.651372  0.257415  0.288216  0.351054  0.671289  0.207462  0.608819  0.494207  0.197182  0.782936  0.624925  0.609584  0.743435  0.702160  0.681740  0.664335  0.623169  0.683429  0.718377  0.598257  0.673206  0.631547  0.764948  0.653195  0.583198  0.461489  0.697962  0.769737  0.621406  0.655338  0.595327  0.640290  0.790807  0.701487  0.749171  0.712737  0.691509  0.646102  0.477508  0.427805  0.572306  0.722082  0.486403  0.675261  0.571191  0.671978  0.433208  0.637435  0.746867  0.650569  0.691011  0.736716  0.383758  0.554823  0.482038  0.589656  0.760720  0.750185  0.881181  0.475973  0.834786  0.670499  0.691787  0.643484  0.816415  0.664729  0.754146  0.726950  0.525725  0.634197  0.753557  0.213140  0.493509  0.690365  0.382220  0.736361  0.696154  0.613146  0.496398  0.670279  0.249443  0.420164  0.479642  0.720032  0.752986  0.774954  0.703964  0.787855  0.673536  0.749258  0.731820  0.596540  0.704978  0.835463  0.651239  0.657246  0.644447  0.766071  0.622261  0.689400  0.627547  0.730481  0.689645  0.709423  0.803543  0.636400  0.704293  0.800956  0.814905  0.700812  0.630816  0.801594  0.370494  0.570679  0.634219  0.405085  0.761928  0.605162  0.666114  0.858602  0.633855  0.633989  0.725110  0.636865  0.691493  0.788515  0.666308  0.796810  0.433923  0.816568  0.778737 
2  0.604500  0.459724 0.0  0.630094  0.703759  0.712688  0.601935  0.360610  0.215156  0.633465  0.644273  0.420761  0.580093  0.686910  0.905662  0.763790  0.431432  0.403203  0.632346  0.747251  0.552322  0.500811  0.387888  0.541270  0.651277  0.699984  0.695504  0.527564  0.519345  0.566524  0.852633  0.796869  0.579599  0.642353  0.638168  0.486816  0.641967  0.531420  0.759838  0.611636  0.681594  0.477664  0.447100  0.483819  0.341571  0.678217  0.481575  0.755475  0.610881  0.412209  0.465948  0.617444  0.583793  0.476172  0.625962  0.619609  0.555990  0.496816  0.670997  0.659998  0.465819  0.681318  0.715090  0.585864  0.723486  0.641699  0.605189  0.304368  0.354631  0.555990  0.635184  0.409349  0.740686  0.349135  0.463017  0.703149  0.623683  0.664846  0.787821  0.662048  0.799247  0.785627  0.714004  0.770078  0.727519  0.649785  0.739238  0.685492  0.674196  0.586777  0.680340  0.321136  0.671385  0.676023  0.733305  0.604267  0.563051  0.687758  0.708634  0.657778  0.601060  0.563409  0.640679  0.653246  0.585305  0.252504  0.420296  0.592237  0.557103  0.609209  0.690640  0.662007  0.199049  0.666023  0.694958  0.660728  0.770836  0.788072  0.214930  0.410075  0.256627  0.764016  0.673991  0.765333  0.904590  0.415958  0.738403  0.809103  0.685096  0.541946  0.776344  0.594571  0.801682  0.688245  0.522380  0.632874  0.705158  0.388806  0.577054  0.712400  0.221097  0.807255  0.788226  0.592788  0.469582  0.622494  0.476304  0.467597  0.411971  0.682867  0.770349  0.747529  0.679701  0.694833  0.707125  0.816927  0.746458  0.660906  0.674082  0.823847  0.691156  0.578049  0.632744  0.650291  0.726711  0.619859  0.395851  0.628624  0.703604  0.678367  0.772069  0.612537  0.727270  0.596696  0.662138  0.678987  0.617449  0.716253  0.356622  0.380916  0.598448  0.435104  0.766199  0.612516  0.679044  0.722498  0.716446  0.824944  0.646052  0.591483  0.609613  0.732603  0.570763  0.756199  0.467922  0.707729  0.788674 
3  0.470780  0.619750  0.630094 0.0  0.456433  0.547592  0.416393  0.638748  0.603912  0.637755  0.665411  0.570891  0.737370  0.743210  0.651916  0.738009  0.606866  0.653560  0.562343  0.719701  0.522736  0.552421  0.593525  0.772389  0.554311  0.696179  0.731400  0.616728  0.460558  0.442404  0.819044  0.798885  0.568823  0.572049  0.572707  0.525360  0.596197  0.430982  0.644902  0.560632  0.772880  0.647035  0.663474  0.627112  0.544942  0.382592  0.572957  0.777590  0.427715  0.677720  0.664494  0.463304  0.616326  0.619923  0.376637  0.646419  0.710641  0.691714  0.554770  0.414072  0.624571  0.690011  0.761994  0.746439  0.756853  0.877104  0.700080  0.656384  0.550871  0.578738  0.757039  0.573676  0.535809  0.675147  0.598805  0.823734  0.509356  0.571549  0.786574  0.787242  0.721663  0.710230  0.498988  0.549677  0.486387  0.643448  0.731926  0.738681  0.769563  0.606122  0.761477  0.662381  0.683139  0.801928  0.803382  0.662503  0.328160  0.599392  0.695856  0.774955  0.693085  0.610705  0.680026  0.792735  0.674318  0.595485  0.661373  0.651263  0.721511  0.680108  0.640867  0.778942  0.649309  0.761756  0.755432  0.632367  0.805897  0.628087  0.562178  0.585485  0.653393  0.597627  0.849744  0.753179  0.813905  0.668019  0.750860  0.731617  0.754737  0.408122  0.773862  0.707162  0.703116  0.622424  0.606249  0.784716  0.755348  0.654316  0.323894  0.697960  0.625302  0.646044  0.816359  0.649786  0.582366  0.599798  0.547081  0.448003  0.570196  0.792818  0.797141  0.769107  0.694164  0.770312  0.668396  0.780957  0.758269  0.735699  0.719040  0.737501  0.706662  0.594452  0.829369  0.773891  0.777828  0.676526  0.638722  0.599111  0.667461  0.485391  0.751106  0.606952  0.537295  0.758430  0.787066  0.772969  0.716974  0.814013  0.582456  0.596218  0.695618  0.678678  0.747954  0.679951  0.581425  0.801236  0.693110  0.707113  0.437144  0.462426  0.604730  0.835930  0.461608  0.823968  0.564241  0.792760  0.811048 
4  0.643923  0.612224  0.703759  0.456433 0.0  0.681076  0.512762  0.626592  0.607074  0.735261  0.584212  0.657939  0.638740  0.740472  0.638612  0.811424  0.636843  0.609919  0.535410  0.600958  0.187094  0.597937  0.624104  0.652984  0.607345  0.613868  0.690548  0.600010  0.386225  0.350258  0.802441  0.789902  0.668218  0.724424  0.389894  0.607450  0.495097  0.299340  0.696297  0.667117  0.760529  0.666675  0.639123  0.582432  0.585915  0.558845  0.643261  0.768050  0.550592  0.646293  0.640688  0.489759  0.745798  0.599002  0.477513  0.660604  0.580282  0.601316  0.614521  0.444947  0.567386  0.742242  0.700227  0.770912  0.767594  0.803502  0.696127  0.676397  0.590660  0.579720  0.732264  0.612403  0.448260  0.605293  0.587653  0.808903  0.249930  0.522939  0.815456  0.876212  0.756648  0.766668  0.508800  0.552253  0.311751  0.647643  0.780238  0.750498  0.798083  0.667820  0.734385  0.606462  0.751238  0.726097  0.953360  0.707772  0.386203  0.755794  0.822659  0.728668  0.606397  0.647009  0.546231  0.747441  0.611129  0.603509  0.662494  0.602308  0.618707  0.638263  0.685688  0.604616  0.708447  0.581924  0.690079  0.592565  0.675981  0.630232  0.531858  0.561696  0.605129  0.529626  0.659383  0.725447  0.739255  0.625981  0.770096  0.837269  0.656348  0.373921  0.714268  0.718497  0.582381  0.697259  0.774847  0.654466  0.764487  0.678026  0.404558  0.761398  0.536340  0.581490  0.801866  0.679893  0.509099  0.711427  0.608212  0.608353  0.541025  0.719809  0.780265  0.780668  0.832636  0.781306  0.686858  0.736052  0.880825  0.807121  0.788064  0.626708  0.675400  0.741721  0.785079  0.737453  0.692687  0.718345  0.648213  0.636900  0.621008  0.488802  0.759105  0.528245  0.543739  0.777978  0.654765  0.746821  0.790452  0.696467  0.558987  0.702733  0.689503  0.681529  0.759447  0.660759  0.657340  0.840479  0.716211  0.558662  0.523706  0.300356  0.611818  0.862553  0.402550  0.771859  0.534101  0.699194  0.891203 
5  0.307354  0.639860  0.712688  0.547592  0.681076 0.0  0.398865  0.625211  0.661268  0.652991  0.581812  0.776432  0.707963  0.653033  0.654654  0.800702  0.611684  0.757683  0.348757  0.658115  0.568211  0.678211  0.624987  0.692843  0.634624  0.651523  0.835769  0.691151  0.596025  0.628565  0.787343  0.854400  0.504095  0.725606  0.572564  0.650929  0.514036  0.601018  0.669550  0.626988  0.755250  0.669728  0.590175  0.557556  0.570637  0.072181  0.755156  0.824654  0.495523  0.692316  0.676656  0.460711  0.690873  0.675443  0.487000  0.744164  0.756343  0.648960  0.468318  0.572021  0.688524  0.806838  0.736438  0.823883  0.823797  0.688883  0.692131  0.545537  0.674146  0.578499  0.757483  0.623742  0.632063  0.678895  0.692772  0.750042  0.602851  0.628107  0.725439  0.862181  0.766124  0.854661  0.450722  0.412962  0.517574  0.588509  0.656418  0.803187  0.728485  0.748332  0.825809  0.699516  0.777525  0.717650  0.669916  0.786396  0.648037  0.734782  0.686687  0.766544  0.686102  0.467671  0.692546  0.658379  0.672111  0.536459  0.678306  0.542572  0.608703  0.753194  0.674850  0.709527  0.570191  0.679418  0.695022  0.457011  0.891276  0.695458  0.695866  0.644341  0.672627  0.566899  0.727311  0.853814  0.741543  0.621940  0.794973  0.856166  0.723120  0.579733  0.782824  0.665077  0.698154  0.703516  0.754717  0.796245  0.768517  0.664475  0.654203  0.748493  0.658243  0.643733  0.822769  0.758873  0.610446  0.776965  0.668734  0.508729  0.607771  0.721371  0.647285  0.739860  0.847130  0.786839  0.847792  0.789320  0.706797  0.776377  0.804135  0.807402  0.762300  0.753906  0.763971  0.854853  0.859054  0.687814  0.736743  0.515906  0.494204  0.493394  0.797521  0.542050  0.562963  0.799611  0.689958  0.748613  0.710091  0.807418  0.691226  0.693464  0.542985  0.696467  0.771077  0.645096  0.552154  0.837819  0.682282  0.621484  0.418526  0.592172  0.581965  0.943740  0.552124  0.814193  0.692730  0.730707  0.724239 
6  0.392349  0.622309  0.601935  0.416393  0.512762  0.398865 0.0  0.702360  0.730853  0.610308  0.386376  0.627084  0.735309  0.702704  0.625610  0.711420  0.643765  0.675704  0.400111  0.660782  0.479598  0.591668  0.619035  0.713393  0.488382  0.686858  0.771362  0.617031  0.666432  0.481732  0.756408  0.803950  0.427418  0.762368  0.649889  0.558808  0.382545  0.413430  0.742155  0.744708  0.772936  0.678374  0.626861  0.620527  0.637316  0.512796  0.505757  0.725520  0.488833  0.710200  0.648020  0.482317  0.624211  0.678790  0.433409  0.641173  0.671962  0.636693  0.563644  0.535610  0.710140  0.747480  0.769687  0.767325  0.805971  0.742718  0.615281  0.563138  0.612252  0.580703  0.809241  0.598285  0.657007  0.602996  0.646443  0.797973  0.377599  0.580429  0.752222  0.794467  0.805122  0.844107  0.460224  0.551437  0.620254  0.704894  0.872942  0.735136  0.832578  0.699266  0.701356  0.576065  0.674710  0.829558  0.779945  0.701367  0.515874  0.828729  0.805082  0.677239  0.747330  0.532744  0.459215  0.774480  0.719441  0.669652  0.716223  0.592957  0.665262  0.756692  0.681839  0.749713  0.681566  0.720556  0.809698  0.380665  0.789951  0.644463  0.696916  0.705240  0.654612  0.452472  0.745062  0.775351  0.788786  0.739866  0.747468  0.732797  0.717151  0.537245  0.839881  0.658576  0.862726  0.567884  0.870123  0.729036  0.775252  0.659029  0.494748  0.744292  0.629537  0.669583  0.737056  0.674365  0.609587  0.707719  0.782912  0.600020  0.624575  0.761912  0.866809  0.768347  0.701431  0.765468  0.714409  0.748397  0.706524  0.656182  0.779233  0.768485  0.703712  0.624721  0.753422  0.803056  0.812497  0.689720  0.754277  0.564129  0.503946  0.507618  0.868447  0.557654  0.569124  0.796761  0.890887  0.727229  0.734549  0.768831  0.593436  0.616408  0.683161  0.673303  0.789361  0.549667  0.533160  0.889365  0.654767  0.585233  0.381825  0.576567  0.704728  0.788452  0.510474  0.893367  0.564733  0.688137  0.840917 
7  0.717891  0.430513  0.360610  0.638748  0.626592  0.625211  0.702360 0.0  0.349793  0.479968  0.674506  0.402865  0.519195  0.804478  0.716005  0.773345  0.427145  0.615352  0.614844  0.706709  0.571490  0.438351  0.370754  0.596510  0.538993  0.544327  0.673063  0.467613  0.590089  0.635579  0.733698  0.807506  0.692101  0.529032  0.650787  0.422492  0.563592  0.713917  0.774153  0.596033  0.627469  0.420219  0.414155  0.588573  0.432645  0.721617  0.589127  0.787127  0.597624  0.367049  0.385959  0.611496  0.532002  0.510170  0.552178  0.495782  0.543806  0.536520  0.624855  0.533741  0.574763  0.736055  0.678342  0.739364  0.646951  0.845247  0.592470  0.507489  0.464247  0.481863  0.758681  0.449927  0.655781  0.282580  0.430485  0.752705  0.647388  0.616646  0.668882  0.711506  0.721884  0.779981  0.637213  0.695990  0.676348  0.593731  0.839932  0.800110  0.728145  0.688030  0.745218  0.441180  0.736140  0.759464  0.773529  0.622219  0.544754  0.604298  0.560929  0.633647  0.725511  0.684491  0.712560  0.603612  0.531872  0.016876  0.480715  0.751898  0.505619  0.468313  0.548136  0.626751  0.241637  0.628019  0.725506  0.686339  0.829522  0.683044  0.196739  0.400874  0.374898  0.652022  0.686587  0.838147  0.756022  0.471574  0.742633  0.690793  0.789339  0.573629  0.835086  0.532691  0.704535  0.760979  0.645926  0.630088  0.727576  0.314393  0.629599  0.636345  0.108700  0.824519  0.720480  0.566451  0.483882  0.665234  0.484993  0.556434  0.515464  0.704228  0.721184  0.858821  0.685632  0.707229  0.633745  0.810183  0.666456  0.627313  0.753306  0.866765  0.598652  0.545277  0.814404  0.740105  0.705321  0.567863  0.437191  0.597958  0.703029  0.737818  0.755506  0.569229  0.723187  0.812317  0.747019  0.633707  0.592601  0.653055  0.416876  0.437533  0.702244  0.294164  0.805189  0.521202  0.798601  0.799152  0.647117  0.814262  0.617678  0.606672  0.783396  0.716175  0.653507  0.685533  0.528610  0.755423  0.899284 
8  0.664404  0.494974  0.215156  0.603912  0.607074  0.661268  0.730853  0.349793 0.0  0.697400  0.669710  0.468162  0.589187  0.754908  0.684321  0.689874  0.507939  0.453711  0.652443  0.708648  0.633598  0.449848  0.365158  0.590358  0.533769  0.650469  0.621882  0.449348  0.542480  0.656634  0.692995  0.628303  0.689589  0.644364  0.595874  0.438992  0.569495  0.674135  0.703634  0.512436  0.553462  0.411724  0.382653  0.597150  0.419002  0.663281  0.477015  0.668077  0.548706  0.440007  0.361745  0.596763  0.511692  0.397227  0.592325  0.617201  0.502054  0.408495  0.708959  0.482336  0.463704  0.846013  0.691160  0.737186  0.712141  0.643280  0.547540  0.436880  0.396069  0.545888  0.747017  0.354759  0.637785  0.201598  0.472427  0.704839  0.568282  0.659155  0.714278  0.752106  0.740682  0.691359  0.770350  0.700436  0.661023  0.650628  0.679681  0.673101  0.733847  0.708597  0.798312  0.360404  0.576433  0.739876  0.888332  0.559462  0.488796  0.530935  0.670058  0.642521  0.721870  0.645119  0.593381  0.514381  0.664401  0.142498  0.462780  0.738852  0.570062  0.544870  0.576657  0.557652  0.257667  0.604613  0.738741  0.735189  0.815187  0.735215  0.149949  0.431284  0.378166  0.659290  0.773077  0.763773  0.715448  0.501344  0.752846  0.670566  0.653825  0.558746  0.796495  0.703616  0.644958  0.707094  0.573623  0.575174  0.771594  0.330980  0.498364  0.698260  0.252040  0.734344  0.742935  0.653252  0.562963  0.652921  0.478835  0.420073  0.458810  0.731396  0.648404  0.686300  0.737560  0.755320  0.557546  0.796772  0.807778  0.724417  0.544709  0.726449  0.638078  0.599798  0.841818  0.743313  0.684497  0.669932  0.480654  0.731845  0.759681  0.590117  0.678037  0.570874  0.628321  0.751129  0.704139  0.676377  0.745494  0.682850  0.331843  0.371485  0.777393  0.341752  0.784873  0.534680  0.772066  0.751961  0.653610  0.726146  0.757051  0.616778  0.721755  0.783593  0.610940  0.830451  0.545641  0.723183  0.756596 
9  0.602471  0.567356  0.633465  0.637755  0.735261  0.652991  0.610308  0.479968  0.697400 0.0  0.650523  0.421993  0.496892  0.675475  0.751509  0.697227  0.502145  0.527219  0.707369  0.628069  0.692126  0.565113  0.555187  0.609198  0.731557  0.550976  0.601712  0.575122  0.620334  0.661738  0.764648  0.741151  0.754579  0.642658  0.667053  0.521182  0.630508  0.632149  0.642626  0.440479  0.500033  0.573265  0.586241  0.660152  0.561725  0.755981  0.511196  0.709724  0.466585  0.358015  0.532873  0.646525  0.573105  0.542923  0.618346  0.510911  0.542495  0.557579  0.625410  0.631309  0.576851  0.754627  0.654411  0.696565  0.765291  0.602360  0.556055  0.513323  0.573178  0.527126  0.719587  0.578860  0.654265  0.511453  0.430256  0.688231  0.654571  0.720604  0.754073  0.723271  0.663476  0.576510  0.680849  0.717806  0.672249  0.725953  0.686981  0.714636  0.705491  0.592152  0.701681  0.595439  0.722879  0.636475  0.794831  0.622765  0.649447  0.533745  0.691818  0.704041  0.728997  0.751086  0.681952  0.557604  0.391170  0.528357  0.496730  0.714256  0.579658  0.545788  0.518134  0.608553  0.471578  0.670263  0.680143  0.733892  0.758616  0.663539  0.505160  0.366538  0.523737  0.710571  0.669095  0.673887  0.604520  0.589065  0.753079  0.560639  0.471035  0.733091  0.795256  0.582131  0.681592  0.767106  0.468279  0.494426  0.747928  0.464001  0.618041  0.639103  0.459847  0.704803  0.772779  0.638068  0.551710  0.572517  0.586522  0.471514  0.572215  0.639722  0.723074  0.635037  0.740512  0.716675  0.768222  0.804774  0.756412  0.599781  0.612743  0.867909  0.589368  0.633194  0.653948  0.681140  0.778335  0.534437  0.561801  0.728324  0.815813  0.646234  0.749352  0.724526  0.780305  0.731297  0.669525  0.629277  0.756331  0.718960  0.591511  0.374551  0.773593  0.424378  0.656113  0.467199  0.805815  0.721713  0.582146  0.640518  0.707439  0.716492  0.662324  0.754263  0.643666  0.717828  0.743848  0.619060  0.743575 
10  0.445074  0.590384  0.644273  0.665411  0.584212  0.581812  0.386376  0.674506  0.669710  0.650523 0.0  0.641163  0.725137  0.841319  0.561694  0.845178  0.689129  0.700331  0.537753  0.540406  0.578049  0.571588  0.686284  0.737670  0.651844  0.845157  0.793646  0.713557  0.665974  0.551802  0.796865  0.825478  0.486064  0.777594  0.604492  0.606746  0.489188  0.689860  0.652788  0.765207  0.748735  0.710383  0.768627  0.674117  0.633026  0.674736  0.610397  0.910248  0.683711  0.779465  0.558987  0.549079  0.640547  0.688517  0.580445  0.710293  0.687654  0.744484  0.572485  0.628845  0.668147  0.769139  0.733574  0.763706  0.705328  0.832741  0.669148  0.735503  0.464557  0.582562  0.703075  0.624181  0.574606  0.745193  0.682976  0.769478  0.498430  0.594430  0.739165  0.830291  0.763956  0.689886  0.329408  0.574065  0.506708  0.815922  0.686843  0.721361  0.795215  0.633296  0.802073  0.650570  0.796091  0.714120  0.832599  0.631525  0.661034  0.725593  0.757476  0.808590  0.810783  0.481690  0.454697  0.763438  0.667926  0.805361  0.777937  0.646237  0.721489  0.707749  0.727472  0.812251  0.644128  0.831985  0.759652  0.427917  0.895181  0.551725  0.693521  0.702085  0.688490  0.573430  0.784250  0.916841  0.834032  0.620051  0.874302  0.669959  0.727433  0.588311  0.901638  0.740492  0.882348  0.717039  0.849557  0.712465  0.793709  0.648843  0.566550  0.757973  0.555041  0.590768  0.851418  0.746459  0.594065  0.696798  0.598228  0.692540  0.581748  0.842761  0.816372  0.814428  0.797141  0.745032  0.724921  0.729176  0.825783  0.785983  0.629002  0.899433  0.725926  0.827450  0.788167  0.846804  0.753675  0.749885  0.636733  0.451835  0.530557  0.412243  0.791362  0.383391  0.489382  0.810767  0.797031  0.688862  0.666225  0.697660  0.574635  0.702642  0.408589  0.676267  0.685572  0.720897  0.462766  0.856156  0.835388  0.658550  0.548580  0.566806  0.438638  0.841699  0.653271  0.757318  0.701030  0.825868  0.852631 
11  0.609722  0.352915  0.420761  0.570891  0.657939  0.776432  0.627084  0.402865  0.468162  0.421993  0.641163 0.0  0.643027  0.688201  0.853814  0.718997  0.523914  0.376794  0.639392  0.598909  0.638592  0.468095  0.262932  0.531417  0.622974  0.525776  0.573574  0.481285  0.554129  0.657676  0.724621  0.843588  0.669086  0.585904  0.722484  0.449693  0.751874  0.640475  0.700861  0.481633  0.615836  0.464575  0.328697  0.606701  0.513468  0.565399  0.582333  0.856715  0.542925  0.336582  0.492012  0.645526  0.585842  0.506998  0.624088  0.723816  0.484721  0.443255  0.763790  0.491595  0.515074  0.822166  0.693026  0.614553  0.784010  0.644058  0.556856  0.507113  0.568692  0.649698  0.743504  0.399242  0.724782  0.509261  0.344766  0.782701  0.646070  0.613051  0.734924  0.670432  0.626579  0.723743  0.602772  0.663563  0.656157  0.677023  0.676912  0.605555  0.701683  0.586444  0.773293  0.370524  0.689082  0.649248  0.834810  0.595346  0.608855  0.602668  0.695107  0.667715  0.643687  0.654582  0.633816  0.680123  0.486060  0.469055  0.572213  0.764722  0.601295  0.556534  0.539438  0.590202  0.437034  0.623360  0.763912  0.788325  0.752100  0.670668  0.402338  0.353825  0.411925  0.678764  0.627525  0.752454  0.697023  0.517022  0.731120  0.723049  0.683125  0.575543  0.787810  0.593368  0.688565  0.717144  0.563527  0.631432  0.666982  0.443597  0.687021  0.747554  0.363621  0.691091  0.689129  0.589348  0.592145  0.603503  0.532290  0.406193  0.484878  0.760854  0.641322  0.761818  0.894239  0.751971  0.661772  0.835215  0.703936  0.737137  0.685234  0.821127  0.582003  0.553771  0.818999  0.799803  0.773694  0.579884  0.441795  0.717014  0.773130  0.641742  0.740920  0.818955  0.716998  0.822114  0.740322  0.701235  0.723681  0.726259  0.474522  0.399622  0.651788  0.283963  0.740866  0.530791  0.668455  0.742799  0.556584  0.671710  0.677683  0.620782  0.716052  0.715326  0.686339  0.688284  0.525100  0.665850  0.775439 
12  0.711188  0.620148  0.580093  0.737370  0.638740  0.707963  0.735309  0.519195  0.589187  0.496892  0.725137  0.643027 0.0  0.676000  0.828093  0.831619  0.449319  0.523581  0.726736  0.698071  0.632657  0.670360  0.603924  0.373438  0.656821  0.374067  0.542764  0.630549  0.664995  0.692802  0.711254  0.655277  0.707977  0.650190  0.765402  0.706768  0.621687  0.667076  0.833097  0.601611  0.437604  0.537584  0.648244  0.619393  0.662382  0.613079  0.569039  0.809406  0.730238  0.542886  0.668333  0.659167  0.555858  0.631990  0.747437  0.479701  0.486885  0.626299  0.715738  0.639150  0.710669  0.655540  0.686785  0.581229  0.578778  0.706941  0.568428  0.602050  0.655491  0.609293  0.740103  0.659016  0.594084  0.611844  0.648242  0.746973  0.581586  0.620563  0.704045  0.633006  0.606963  0.635111  0.633874  0.718199  0.741697  0.521259  0.655254  0.593893  0.672449  0.502639  0.636978  0.486266  0.550453  0.646982  0.699780  0.222494  0.659553  0.484617  0.673054  0.582921  0.561916  0.745304  0.684705  0.526626  0.537035  0.602054  0.558959  0.619206  0.564233  0.489188  0.413147  0.558988  0.607478  0.422346  0.675491  0.710478  0.683157  0.736119  0.648218  0.432287  0.541752  0.728732  0.614965  0.658052  0.694865  0.536181  0.709628  0.661036  0.584958  0.718324  0.727283  0.559944  0.739384  0.769724  0.457101  0.440260  0.726104  0.652743  0.647542  0.573395  0.492958  0.746347  0.665059  0.405237  0.649104  0.539134  0.525229  0.742582  0.653672  0.593577  0.664880  0.796382  0.709793  0.630098  0.593804  0.722811  0.619409  0.504030  0.498148  0.660222  0.474151  0.535045  0.565637  0.626730  0.662704  0.631696  0.474461  0.774310  0.758795  0.704293  0.788186  0.666140  0.760417  0.753757  0.726206  0.700777  0.639403  0.646054  0.549633  0.631642  0.774671  0.526631  0.770388  0.617463  0.700268  0.645484  0.603057  0.767166  0.686726  0.737720  0.771193  0.690317  0.668578  0.692194  0.676717  0.566728  0.673393 
13  0.744607  0.771856  0.686910  0.743210  0.740472  0.653033  0.702704  0.804478  0.754908  0.675475  0.841319  0.688201  0.676000 0.0  0.695197  0.275037  0.666891  0.620500  0.744235  0.823039  0.733712  0.668549  0.678946  0.549729  0.716001  0.494997  0.695144  0.679212  0.689161  0.621936  0.484139  0.638590  0.593982  0.627352  0.742226  0.687263  0.746937  0.784347  0.755480  0.657994  0.577737  0.683035  0.704347  0.791858  0.685820  0.641190  0.662472  0.769813  0.784901  0.598149  0.709277  0.732772  0.716138  0.620800  0.763746  0.491119  0.614334  0.731390  0.857346  0.705289  0.558430  0.516701  0.553865  0.504233  0.422428  0.501209  0.579453  0.664461  0.705439  0.690033  0.684307  0.671673  0.654774  0.736455  0.739320  0.546532  0.630089  0.651623  0.583051  0.607566  0.613654  0.465390  0.747820  0.809879  0.724077  0.595544  0.498449  0.655024  0.660134  0.708862  0.608352  0.662702  0.383138  0.446090  0.551193  0.561651  0.683800  0.650723  0.680384  0.735871  0.415368  0.778224  0.729167  0.442246  0.757778  0.597315  0.682220  0.765861  0.636770  0.725549  0.615762  0.557426  0.596619  0.470099  0.707859  0.735005  0.732667  0.728733  0.671098  0.658129  0.600167  0.808022  0.631325  0.654602  0.743318  0.615166  0.723631  0.366067  0.448730  0.773899  0.629472  0.455920  0.641185  0.965399  0.581445  0.497476  0.656851  0.681243  0.822964  0.461779  0.546872  0.753762  0.680946  0.594781  0.706859  0.559346  0.750586  0.742090  0.770116  0.640718  0.649697  0.573782  0.682151  0.594297  0.556162  0.757447  0.673656  0.507222  0.393553  0.731707  0.685309  0.600434  0.603310  0.661029  0.439083  0.776101  0.652071  0.773499  0.794643  0.732860  0.705498  0.817458  0.793905  0.637214  0.507415  0.727191  0.566150  0.595876  0.699684  0.787741  0.739615  0.667728  0.693389  0.600818  0.780510  0.663173  0.690789  0.792236  0.727514  0.741718  0.893152  0.747458  0.878043  0.787545  0.655759  0.328499  0.720154 
14  0.586720  0.663172  0.905662  0.651916  0.638612  0.654654  0.625610  0.716005  0.684321  0.751509  0.561694  0.853814  0.828093  0.695197 0.0  0.834703  0.703532  0.760771  0.667606  0.422756  0.652098  0.731651  0.584140  0.754254  0.626814  0.824266  0.774071  0.790911  0.726204  0.651097  0.839873  0.805073  0.657956  0.627305  0.635605  0.665840  0.595328  0.574030  0.434412  0.649956  0.717875  0.687580  0.694988  0.635432  0.582413  0.625974  0.708872  0.785742  0.547043  0.722874  0.626806  0.691229  0.744484  0.780934  0.615987  0.686541  0.667036  0.660182  0.567524  0.694319  0.682965  0.853087  0.808746  0.759256  0.807806  0.814259  0.791496  0.665855  0.651092  0.648467  0.761629  0.711497  0.590144  0.714448  0.702257  0.646369  0.686404  0.670763  0.781920  0.680353  0.885115  0.788112  0.661269  0.669129  0.669689  0.749937  0.771214  0.856079  0.798910  0.637469  0.762776  0.660170  0.778653  0.694233  0.862918  0.794425  0.607222  0.716424  0.727532  0.818833  0.803726  0.680845  0.551866  0.683466  0.800802  0.578055  0.659137  0.433144  0.743322  0.694821  0.840923  0.707625  0.756859  0.848210  0.792812  0.556647  0.873542  0.505468  0.554619  0.804689  0.787951  0.573475  0.705676  0.833335  0.894839  0.703924  0.746205  0.850554  0.813977  0.701821  0.836557  0.770098  0.706184  0.594323  0.693784  0.752058  0.898926  0.675201  0.607555  0.862742  0.781992  0.513551  0.773446  0.693441  0.628703  0.722171  0.622722  0.664902  0.756259  0.735779  0.845458  0.863349  0.882034  0.819893  0.779587  0.813248  0.757729  0.804875  0.818218  0.812400  0.742450  0.775162  0.766025  0.876896  0.810012  0.769929  0.616843  0.604854  0.612195  0.578214  0.878127  0.507981  0.346087  0.872519  0.811392  0.798884  0.820873  0.841513  0.759582  0.690871  0.293456  0.701610  0.793931  0.766530  0.562426  0.859818  0.659837  0.502959  0.669158  0.719488  0.498218  0.861386  0.644707  0.863098  0.721929  0.723882  0.914908 
15  0.742650  0.631233  0.763790  0.738009  0.811424  0.800702  0.711420  0.773345  0.689874  0.697227  0.845178  0.718997  0.831619  0.275037  0.834703 0.0  0.652536  0.618597  0.812727  0.813352  0.718996  0.748939  0.672076  0.544539  0.728521  0.601403  0.573012  0.637054  0.749749  0.746619  0.584368  0.664359  0.901270  0.597935  0.821726  0.747126  0.746905  0.708508  0.773743  0.620950  0.615680  0.627772  0.726146  0.849355  0.645330  0.744899  0.797552  0.747191  0.749937  0.759350  0.692808  0.656484  0.627426  0.678541  0.714581  0.666747  0.699325  0.660757  0.680144  0.780627  0.711064  0.670439  0.644628  0.418496  0.508159  0.472167  0.708009  0.659655  0.710436  0.540262  0.765181  0.741634  0.786187  0.557987  0.712522  0.610783  0.737263  0.612959  0.646331  0.559674  0.588185  0.399136  0.787546  0.781021  0.753357  0.665087  0.642891  0.557681  0.690760  0.581762  0.600600  0.672472  0.413611  0.511523  0.606456  0.623548  0.702727  0.571739  0.716866  0.590730  0.379259  0.745076  0.820376  0.411962  0.740507  0.621336  0.653530  0.823334  0.683705  0.633979  0.714691  0.559522  0.721201  0.575122  0.625186  0.739936  0.568902  0.806441  0.640486  0.685097  0.690836  0.822605  0.559134  0.714790  0.576293  0.697346  0.726608  0.464537  0.474407  0.719073  0.717037  0.604560  0.595524  0.631593  0.730677  0.601423  0.657099  0.674516  0.632397  0.448568  0.598613  0.755553  0.652409  0.596895  0.686254  0.579923  0.697859  0.661929  0.754018  0.716411  0.651268  0.652008  0.737665  0.549588  0.646581  0.780873  0.570030  0.544673  0.447286  0.732318  0.623767  0.686895  0.594088  0.763253  0.451468  0.660770  0.726994  0.750026  0.845118  0.679389  0.767108  0.795385  0.746537  0.632051  0.182425  0.597651  0.631706  0.514673  0.728004  0.627017  0.750202  0.688253  0.603262  0.635255  0.669623  0.781935  0.671077  0.878884  0.796234  0.751617  0.845825  0.708575  0.653535  0.618231  0.798531  0.480696  0.734020 
16  0.726151  0.576625  0.431432  0.606866  0.636843  0.611684  0.643765  0.427145  0.507939  0.502145  0.689129  0.523914  0.449319  0.666891  0.703532  0.652536 0.0  0.543710  0.680201  0.713790  0.497063  0.459776  0.515263  0.640745  0.590650  0.656165  0.795248  0.479601  0.449723  0.642733  0.832098  0.832906  0.766177  0.524643  0.656557  0.477368  0.583800  0.654292  0.684882  0.555507  0.589719  0.499220  0.551790  0.441813  0.394834  0.682503  0.555097  0.667552  0.619838  0.501006  0.451762  0.562720  0.633532  0.209367  0.608717  0.626645  0.598224  0.543506  0.772964  0.659838  0.232707  0.814017  0.640049  0.776540  0.747948  0.696406  0.655575  0.485684  0.370003  0.604970  0.725403  0.573982  0.621027  0.450389  0.529545  0.812286  0.617372  0.664997  0.720420  0.660369  0.724085  0.687169  0.637081  0.605354  0.743355  0.658390  0.691565  0.671247  0.828223  0.633649  0.744049  0.531893  0.637118  0.705914  0.698259  0.529086  0.497761  0.514265  0.749108  0.761830  0.710138  0.607717  0.665527  0.819979  0.595200  0.551545  0.462403  0.719422  0.566594  0.650824  0.629902  0.753850  0.401364  0.539798  0.742319  0.629395  0.722101  0.710764  0.485897  0.544120  0.470316  0.492169  0.762831  0.732568  0.778170  0.508531  0.747360  0.784328  0.632557  0.509701  0.676624  0.586049  0.653970  0.749768  0.635916  0.633405  0.846609  0.516086  0.557346  0.785678  0.542109  0.763837  0.733696  0.673690  0.458703  0.659943  0.558083  0.563939  0.469132  0.727883  0.729993  0.719166  0.734715  0.644171  0.746396  0.891175  0.723064  0.776186  0.770329  0.745606  0.672276  0.568045  0.667979  0.783241  0.678961  0.712761  0.598032  0.675197  0.677230  0.717587  0.807964  0.617802  0.702680  0.735264  0.684785  0.772649  0.722960  0.686019  0.394649  0.583311  0.665317  0.508745  0.796332  0.553358  0.631269  0.782625  0.657134  0.726604  0.728694  0.537373  0.657800  0.795701  0.680201  0.733411  0.460489  0.692696  0.906416 
17  0.633664  0.395538  0.403203  0.653560  0.609919  0.757683  0.675704  0.615352  0.453711  0.527219  0.700331  0.376794  0.523581  0.620500  0.760771  0.618597  0.543710 0.0  0.746420  0.802281  0.663231  0.494611  0.180395  0.545494  0.654049  0.614642  0.724147  0.278986  0.440552  0.700541  0.748162  0.740335  0.656715  0.565192  0.662318  0.402200  0.610011  0.554123  0.858774  0.567757  0.642843  0.563499  0.211793  0.560717  0.477606  0.647205  0.502069  0.767561  0.642489  0.426661  0.481580  0.623752  0.589859  0.587578  0.517474  0.538987  0.496865  0.336197  0.667094  0.488065  0.508016  0.766250  0.767449  0.732735  0.784925  0.687169  0.606817  0.425003  0.423551  0.446696  0.799209  0.542795  0.648713  0.531213  0.379882  0.674710  0.548697  0.586505  0.735006  0.710369  0.683056  0.707669  0.608768  0.662187  0.662798  0.650242  0.630098  0.708795  0.679590  0.476052  0.790376  0.275950  0.733977  0.723192  0.730161  0.553544  0.677909  0.581043  0.745468  0.682502  0.638100  0.736369  0.678906  0.636968  0.506540  0.364976  0.547014  0.689576  0.531298  0.590810  0.643384  0.601346  0.411923  0.596286  0.666628  0.756767  0.792525  0.805759  0.313836  0.422066  0.457020  0.700302  0.711768  0.754506  0.698753  0.481999  0.854893  0.733587  0.638323  0.585704  0.696227  0.659410  0.757100  0.695223  0.644833  0.586601  0.750718  0.400553  0.630969  0.705407  0.540196  0.746968  0.686966  0.643883  0.539710  0.682375  0.494341  0.335739  0.496918  0.678171  0.715340  0.803278  0.682140  0.763997  0.763579  0.792870  0.601976  0.711022  0.671925  0.833391  0.541649  0.463423  0.723288  0.746506  0.731175  0.714758  0.532323  0.644678  0.714370  0.697366  0.780970  0.622483  0.653018  0.651907  0.709094  0.767577  0.641849  0.782284  0.562430  0.453636  0.679812  0.366772  0.652738  0.552873  0.678674  0.736700  0.661299  0.723917  0.694330  0.704589  0.741304  0.794704  0.645425  0.679175  0.446840  0.652068  0.822722 
18  0.544464  0.692062  0.632346  0.562343  0.535410  0.348757  0.400111  0.614844  0.652443  0.707369  0.537753  0.639392  0.726736  0.744235  0.667606  0.812727  0.680201  0.746420 0.0  0.546932  0.576921  0.625358  0.754332  0.652277  0.513634  0.783214  0.743837  0.606394  0.518593  0.478461  0.758094  0.835962  0.441258  0.721321  0.533216  0.713357  0.537922  0.536485  0.737630  0.759172  0.632645  0.657540  0.681590  0.618523  0.554446  0.454355  0.622329  0.794297  0.627663  0.601978  0.654998  0.555812  0.764222  0.605905  0.432647  0.666532  0.638283  0.677365  0.509286  0.634214  0.737964  0.843904  0.901973  0.749393  0.677185  0.661735  0.660469  0.664526  0.674169  0.688929  0.781684  0.688195  0.604048  0.636952  0.663507  0.802964  0.540233  0.556442  0.776379  0.742315  0.827136  0.740471  0.410480  0.506863  0.552418  0.851703  0.730597  0.710439  0.717096  0.660742  0.758884  0.619623  0.855854  0.700414  0.771803  0.769266  0.405800  0.789896  0.672075  0.728212  0.837321  0.519578  0.612500  0.751872  0.701544  0.543937  0.624067  0.562259  0.749942  0.702530  0.652241  0.785780  0.625933  0.777492  0.742584  0.325088  0.850293  0.777961  0.596322  0.637123  0.699763  0.464960  0.709564  0.802985  0.836015  0.775574  0.810906  0.763528  0.691915  0.632809  0.759931  0.560008  0.769904  0.659842  0.647409  0.763956  0.766026  0.714332  0.506847  0.681470  0.764551  0.691870  0.796732  0.659483  0.627544  0.669951  0.729494  0.574974  0.602714  0.793138  0.749656  0.792093  0.780331  0.682729  0.716556  0.721660  0.814749  0.730464  0.650345  0.854287  0.768146  0.688693  0.804313  0.943879  0.721723  0.740356  0.713319  0.506070  0.599687  0.446863  0.801441  0.435118  0.587472  0.810976  0.726254  0.763781  0.636055  0.809496  0.605560  0.639978  0.532615  0.692446  0.785903  0.712728  0.491342  0.815211  0.721058  0.614657  0.385143  0.577182  0.543579  0.732311  0.436234  0.791825  0.609245  0.735670  0.826204 
19  0.602161  0.758094  0.747251  0.719701  0.600958  0.658115  0.660782  0.706709  0.708648  0.628069  0.540406  0.598909  0.698071  0.823039  0.422756  0.813352  0.713790  0.802281  0.546932 0.0  0.694975  0.785425  0.651439  0.744580  0.736896  0.757768  0.637838  0.763346  0.621219  0.640612  0.762654  0.849684  0.664347  0.842957  0.665647  0.784904  0.601202  0.670233  0.376680  0.780005  0.814217  0.581290  0.815445  0.729099  0.595026  0.650170  0.756705  0.801434  0.656350  0.637262  0.570482  0.664221  0.701556  0.638755  0.648717  0.786889  0.744274  0.737941  0.583931  0.726435  0.664816  0.667085  0.846869  0.723528  0.708240  0.798376  0.783324  0.593346  0.667469  0.668082  0.911208  0.726027  0.676750  0.784966  0.673004  0.842013  0.601933  0.664618  0.807902  0.846271  0.728058  0.748283  0.606177  0.576156  0.673590  0.767831  0.805413  0.872787  0.789405  0.739342  0.762675  0.701044  0.802456  0.712063  0.768441  0.750884  0.557854  0.682175  0.822233  0.767469  0.718107  0.515628  0.527226  0.744957  0.803472  0.787696  0.689488  0.446274  0.698474  0.734060  0.756161  0.730934  0.813445  0.801198  0.746538  0.621508  0.813967  0.262724  0.663674  0.792125  0.677066  0.613135  0.795319  0.806840  0.841134  0.716545  0.727096  0.740392  0.798212  0.615485  0.833301  0.709543  0.800110  0.509040  0.774438  0.846867  0.857128  0.765033  0.671718  0.829752  0.747416  0.516481  0.764139  0.848072  0.723899  0.749234  0.730521  0.703981  0.761797  0.792042  0.802807  0.854496  0.806715  0.813018  0.774328  0.808664  0.852135  0.720475  0.792763  0.741780  0.746344  0.697554  0.947031  0.772790  0.868900  0.784050  0.836352  0.646344  0.510321  0.717815  0.743116  0.508712  0.448243  0.777060  0.839900  0.848608  0.809298  0.763473  0.696858  0.623107  0.436787  0.639217  0.825680  0.786410  0.528996  0.752733  0.723487  0.575818  0.671250  0.650090  0.510592  0.893581  0.578621  0.851326  0.589282  0.869365  0.794168 
