197
0 0.0  0.616044  0.613562  0.468918  0.500398  0.185987  0.371718  0.630674  0.520486  0.744853  0.559502  0.511692  0.635196  0.852751  0.615385  0.856691  0.607899  0.690407  0.493275  0.584632  0.486679  0.570897  0.624480  0.738535  0.644155  0.659130  0.828950  0.618669  0.649823  0.586744  0.856756  0.866983  0.434578  0.722752  0.654692  0.573271  0.522831  0.478361  0.644619  0.710236  0.663091  0.756284  0.628292  0.636467  0.696520  0.221914  0.672180  0.764453  0.526560  0.666725  0.695847  0.473236  0.613394  0.655885  0.485721  0.683305  0.740622  0.578132  0.540885  0.634577  0.562322  0.891963  0.818460  0.791498  0.804120  0.748847  0.753649  0.617929  0.637919  0.671068  0.737670  0.669573  0.564028  0.574655  0.708454  0.799870  0.518906  0.629071  0.904284  0.756285  0.646275  0.873689  0.520516  0.566495  0.598566  0.847695  0.785009  0.805930  0.733679  0.736347  0.681104  0.748634  0.653290  0.789041  0.869220  0.806409  0.512861  0.796519  0.694816  0.701347  0.697824  0.612035  0.474231  0.676250  0.736330  0.648076  0.697505  0.669179  0.637275  0.760130  0.735936  0.734891  0.674975  0.812693  0.740157  0.440384  0.931171  0.696119  0.694811  0.621626  0.685432  0.615904  0.813818  0.827511  0.913894  0.719380  0.837937  0.729317  0.684649  0.560063  0.867756  0.751170  0.673255  0.637807  0.586291  0.748575  0.667880  0.691619  0.491513  0.748273  0.621548  0.674605  0.859028  0.777368  0.552722  0.711404  0.689883  0.641848  0.622227  0.806682  0.748293  0.898894  0.794750  0.821239  0.790870  0.780148  0.741527  0.636964  0.796442  0.874554  0.690351  0.672514  0.843629  0.811625  0.875442  0.833183  0.749207  0.531590  0.560191  0.549579  0.876045  0.474280  0.609473  0.839135  0.760732  0.783525  0.728884  0.782307  0.615164  0.684373  0.607253  0.699309  0.799013  0.631567  0.584889  0.937366  0.716164  0.757115  0.513421  0.593811  0.543605  0.869327  0.496196  0.835889  0.570502  0.669029  0.783625 
1  0.616044 0.0  0.437482  0.573378  0.556957  0.622460  0.592081  0.374100  0.450527  0.533117  0.673130  0.514755  0.553112  0.777604  0.744257  0.740115  0.517348  0.293589  0.611130  0.771737  0.547059  0.448960  0.418551  0.721148  0.569176  0.651631  0.660388  0.553290  0.476967  0.516611  0.853214  0.727986  0.637088  0.672401  0.700429  0.545434  0.590370  0.586279  0.696828  0.590990  0.663765  0.546960  0.436691  0.495528  0.395623  0.669443  0.423544  0.823468  0.643082  0.421914  0.443338  0.536324  0.581586  0.528575  0.592993  0.557925  0.616483  0.406914  0.638284  0.550160  0.525602  0.689358  0.667770  0.607219  0.762946  0.728672  0.623303  0.280786  0.323894  0.442569  0.679232  0.127217  0.628036  0.439283  0.371338  0.690973  0.490015  0.697648  0.662522  0.723372  0.742159  0.715962  0.709393  0.661708  0.587715  0.579353  0.674442  0.793154  0.683651  0.676234  0.784730  0.427852  0.721786  0.719729  0.765164  0.624276  0.585005  0.605426  0.625262  0.661266  0.620460  0.738433  0.779860  0.679211  0.573820  0.495483  0.519183  0.747384  0.666000  0.482616  0.611791  0.588714  0.337645  0.658556  0.746749  0.644704  0.662538  0.801819  0.343203  0.508613  0.491662  0.663441  0.737793  0.804417  0.806269  0.554129  0.866498  0.744554  0.643546  0.591632  0.840192  0.683026  0.749190  0.768703  0.669977  0.735482  0.762840  0.223169  0.518523  0.775496  0.441204  0.789138  0.751706  0.632533  0.452015  0.626896  0.354215  0.358708  0.372896  0.664654  0.638691  0.748553  0.754970  0.792312  0.831274  0.801071  0.726979  0.688325  0.784946  0.790618  0.643041  0.598159  0.797914  0.739881  0.609752  0.739446  0.484255  0.615330  0.677598  0.506078  0.783069  0.630815  0.855335  0.696131  0.800644  0.826975  0.750013  0.721126  0.384956  0.403226  0.731222  0.517231  0.691386  0.611203  0.620474  0.696617  0.709438  0.676985  0.544901  0.587030  0.811380  0.820597  0.700581  0.691431  0.403759  0.677764  0.684787 
2  0.613562  0.437482 0.0  0.658684  0.570252  0.618531  0.600400  0.355939  0.223032  0.562336  0.667521  0.481939  0.577198  0.667867  0.780333  0.698569  0.358424  0.451254  0.643066  0.788004  0.579658  0.508706  0.449941  0.589335  0.593578  0.668814  0.711804  0.548932  0.646519  0.639416  0.857576  0.768358  0.686917  0.539326  0.839549  0.447428  0.677019  0.624901  0.794237  0.578807  0.653160  0.435155  0.433284  0.555710  0.355457  0.588543  0.523343  0.865700  0.668172  0.530657  0.326620  0.522323  0.497213  0.381709  0.669099  0.484233  0.471121  0.487170  0.628471  0.497029  0.519995  0.747440  0.790252  0.735784  0.761842  0.812453  0.656986  0.394815  0.305471  0.516575  0.776137  0.414277  0.694698  0.251004  0.410390  0.804755  0.637738  0.650552  0.785563  0.685640  0.661385  0.755054  0.665655  0.744449  0.689551  0.576754  0.687655  0.653914  0.820074  0.585209  0.657894  0.546682  0.598882  0.734761  0.689286  0.570809  0.652383  0.610999  0.730378  0.812710  0.772147  0.638090  0.652678  0.624041  0.591814  0.201972  0.341820  0.671406  0.543296  0.630550  0.644430  0.578596  0.275275  0.631344  0.702842  0.635011  0.923945  0.781454  0.258322  0.547244  0.454484  0.547473  0.733230  0.740272  0.802807  0.420867  0.816593  0.678805  0.639892  0.651757  0.674820  0.679387  0.724499  0.727273  0.664505  0.580677  0.718400  0.299009  0.569845  0.669514  0.293479  0.655638  0.733506  0.630476  0.572431  0.657314  0.390453  0.347148  0.575567  0.705806  0.714540  0.795793  0.727800  0.758099  0.613091  0.844868  0.768733  0.714266  0.664517  0.744124  0.673058  0.645018  0.793640  0.851591  0.620696  0.647133  0.413013  0.742428  0.767862  0.628706  0.831814  0.749399  0.725336  0.752020  0.707747  0.746426  0.677058  0.730713  0.288506  0.447750  0.694447  0.294264  0.677781  0.551216  0.785916  0.800198  0.598101  0.701758  0.630270  0.715081  0.700601  0.888387  0.663419  0.760868  0.617612  0.772391  0.801923 
3  0.468918  0.573378  0.658684 0.0  0.487973  0.478361  0.423187  0.513008  0.717417  0.617156  0.610615  0.586254  0.653384  0.782497  0.572940  0.769539  0.633264  0.591179  0.487346  0.754977  0.424443  0.624921  0.683373  0.642926  0.524817  0.667466  0.712582  0.605541  0.640601  0.477778  0.869239  0.902185  0.606866  0.828769  0.631015  0.576095  0.493595  0.449761  0.731507  0.645090  0.791353  0.659025  0.595832  0.643395  0.541150  0.407738  0.515909  0.737126  0.325504  0.597851  0.719408  0.364362  0.626178  0.619448  0.321216  0.812898  0.726949  0.493365  0.558371  0.528558  0.626908  0.778620  0.746939  0.764741  0.793170  0.835673  0.687109  0.658257  0.559617  0.716033  0.701244  0.539022  0.586059  0.526004  0.533130  0.722645  0.450140  0.649975  0.869110  0.834038  0.771233  0.756718  0.529311  0.533295  0.484361  0.743444  0.639788  0.706588  0.787515  0.648296  0.729030  0.649796  0.717089  0.719226  0.784758  0.728721  0.386686  0.774580  0.706645  0.696646  0.765861  0.591310  0.598153  0.726569  0.704049  0.667230  0.483999  0.689065  0.626165  0.699323  0.760546  0.768709  0.639259  0.625782  0.672786  0.524116  0.884090  0.749331  0.740459  0.671056  0.610586  0.481609  0.801810  0.800214  0.748717  0.613875  0.728225  0.769764  0.640148  0.576097  0.821008  0.788473  0.707785  0.641004  0.635076  0.718612  0.852383  0.626849  0.419462  0.718170  0.684891  0.700099  0.811298  0.708974  0.598184  0.787256  0.591735  0.656059  0.746216  0.761039  0.722621  0.847056  0.771939  0.791921  0.604684  0.802248  0.769265  0.822100  0.720778  0.767962  0.720206  0.691227  0.679190  0.785025  0.730804  0.755595  0.629272  0.435304  0.662543  0.472882  0.742410  0.642638  0.660376  0.813186  0.707422  0.725617  0.743849  0.719962  0.640129  0.657518  0.642776  0.573966  0.763019  0.657225  0.542076  0.739789  0.814173  0.682473  0.438659  0.644375  0.666927  0.801804  0.516399  0.746662  0.560225  0.727862  0.848771 
4  0.500398  0.556957  0.570252  0.487973 0.0  0.577520  0.589851  0.628002  0.615958  0.666124  0.559316  0.640529  0.667599  0.738938  0.679049  0.713124  0.739138  0.582509  0.542140  0.637008  0.242798  0.583660  0.719939  0.619894  0.479188  0.768699  0.705181  0.737395  0.482647  0.327342  0.675831  0.724021  0.647542  0.724265  0.579306  0.629807  0.523623  0.413430  0.731789  0.729755  0.718148  0.639044  0.662585  0.547077  0.600222  0.644807  0.648248  0.735587  0.459884  0.618707  0.535230  0.495499  0.544039  0.644147  0.445623  0.711169  0.642491  0.583574  0.513244  0.565341  0.548139  0.862356  0.738244  0.824124  0.675916  0.719625  0.607259  0.464479  0.507220  0.569982  0.814356  0.615999  0.477040  0.690239  0.640047  0.703742  0.300371  0.491673  0.724174  0.698453  0.615731  0.771244  0.472005  0.615684  0.466239  0.748438  0.677602  0.701352  0.777366  0.854677  0.799924  0.609836  0.834210  0.736715  0.804131  0.749516  0.524883  0.725325  0.720727  0.731426  0.686828  0.673767  0.690323  0.675714  0.641597  0.656115  0.644599  0.682193  0.684726  0.711398  0.617186  0.695446  0.633433  0.692909  0.841948  0.507814  0.785396  0.639324  0.601638  0.748974  0.651453  0.396838  0.807029  0.803514  0.674458  0.578406  0.842462  0.748453  0.658443  0.293174  0.732919  0.734793  0.815433  0.748987  0.730382  0.778519  0.871414  0.569568  0.424897  0.787909  0.522139  0.792187  0.742926  0.831788  0.469435  0.705376  0.543183  0.543068  0.607555  0.811531  0.725473  0.898515  0.740799  0.734522  0.755982  0.867335  0.860972  0.809997  0.838571  0.852093  0.614654  0.621676  0.721864  0.819709  0.729063  0.774494  0.638988  0.593737  0.602752  0.450469  0.743174  0.469818  0.610775  0.841329  0.728979  0.796616  0.736189  0.677891  0.566224  0.762754  0.714347  0.634504  0.813756  0.591405  0.667928  0.825457  0.847812  0.740139  0.564402  0.455015  0.724265  0.713501  0.473234  0.820636  0.488006  0.809054  0.820754 
5  0.185987  0.622460  0.618531  0.478361  0.577520 0.0  0.453588  0.650462  0.594488  0.768432  0.635745  0.578583  0.723918  0.731983  0.549440  0.727684  0.608247  0.716509  0.529226  0.510265  0.688172  0.681843  0.674695  0.646416  0.736991  0.731254  0.695802  0.624383  0.675957  0.602585  0.857507  0.850344  0.412567  0.670095  0.661648  0.633621  0.645487  0.554847  0.652445  0.677911  0.787966  0.683950  0.630275  0.599776  0.693043  0.081525  0.558954  0.924785  0.550519  0.680812  0.677291  0.633199  0.705385  0.562429  0.504154  0.617415  0.721568  0.623649  0.381481  0.626947  0.670632  0.795957  0.812396  0.736493  0.777538  0.683454  0.724865  0.656481  0.712742  0.660011  0.779843  0.652911  0.608939  0.660878  0.723279  0.679480  0.635557  0.639995  0.785910  0.851345  0.709058  0.712288  0.585868  0.511092  0.533560  0.777598  0.786830  0.792665  0.749306  0.669751  0.769613  0.536343  0.695140  0.736930  0.747357  0.759054  0.512745  0.759574  0.715925  0.834384  0.785680  0.579295  0.586358  0.771934  0.645238  0.733699  0.651397  0.547149  0.618554  0.662989  0.645851  0.756976  0.692682  0.862148  0.808536  0.436775  0.766822  0.561990  0.680859  0.772364  0.705546  0.587684  0.805921  0.872193  0.768978  0.733575  0.828611  0.749635  0.848196  0.596669  0.769656  0.800116  0.696000  0.710444  0.675141  0.721028  0.787238  0.583597  0.503493  0.850694  0.567324  0.635604  0.796475  0.662868  0.664571  0.769386  0.698644  0.635636  0.577221  0.797383  0.678047  0.745456  0.771050  0.779527  0.833989  0.814840  0.831788  0.843366  0.788835  0.783500  0.647965  0.675422  0.864092  0.846975  0.795196  0.817760  0.721573  0.633987  0.626072  0.539077  0.709819  0.619605  0.681687  0.824651  0.790581  0.721935  0.586694  0.770006  0.672415  0.692736  0.646897  0.675883  0.759034  0.685129  0.504423  0.627587  0.747511  0.581405  0.438466  0.608028  0.709351  0.852929  0.547586  0.768502  0.629303  0.703820  0.735426 
6  0.371718  0.592081  0.600400  0.423187  0.589851  0.453588 0.0  0.664131  0.614250  0.626668  0.536792  0.639369  0.697498  0.680374  0.617229  0.668404  0.591303  0.666520  0.352747  0.647846  0.599021  0.531735  0.647559  0.691029  0.557158  0.683030  0.768203  0.608880  0.540127  0.490619  0.856881  0.802658  0.451388  0.674501  0.573607  0.731228  0.546051  0.563173  0.564635  0.576880  0.734806  0.542338  0.649512  0.625426  0.657903  0.415311  0.670755  0.820114  0.421826  0.625804  0.686336  0.583439  0.710280  0.606127  0.494200  0.723521  0.712275  0.607897  0.480015  0.555913  0.541807  0.864982  0.715427  0.717735  0.734763  0.801426  0.816359  0.580575  0.652140  0.625484  0.785303  0.598945  0.575509  0.660666  0.643689  0.806900  0.667535  0.630035  0.798111  0.793037  0.835060  0.834902  0.406445  0.355574  0.495633  0.803648  0.852773  0.734993  0.715575  0.763415  0.709550  0.556486  0.840981  0.775634  0.818258  0.790770  0.415477  0.731266  0.752345  0.791315  0.776185  0.537965  0.582892  0.694275  0.672751  0.629044  0.749210  0.609385  0.766480  0.718229  0.694385  0.676823  0.671772  0.798872  0.707942  0.533535  0.800890  0.696746  0.688445  0.654855  0.624099  0.492616  0.837744  0.856213  0.722476  0.595536  0.690570  0.744433  0.711469  0.551967  0.760470  0.756533  0.689600  0.675824  0.719831  0.767256  0.770817  0.685104  0.472733  0.754181  0.643775  0.739672  0.694663  0.659508  0.524502  0.708866  0.571564  0.552387  0.614958  0.837494  0.711629  0.681172  0.752449  0.686087  0.741237  0.854167  0.770574  0.801116  0.760775  0.738813  0.666195  0.715401  0.866987  0.789390  0.840331  0.777332  0.721392  0.470376  0.675076  0.351227  0.763399  0.497012  0.685075  0.846684  0.732964  0.786943  0.596937  0.670151  0.611347  0.655566  0.643667  0.691156  0.708584  0.758015  0.514700  0.708243  0.717256  0.754561  0.277198  0.491222  0.612813  0.747113  0.496429  0.822779  0.593683  0.758587  0.941754 
7  0.630674  0.374100  0.355939  0.513008  0.628002  0.650462  0.664131 0.0  0.265389  0.479778  0.675281  0.397052  0.496180  0.694870  0.677308  0.755350  0.584907  0.411680  0.690373  0.562509  0.589279  0.406802  0.313389  0.591459  0.566210  0.547747  0.597134  0.400771  0.584236  0.636943  0.653281  0.697580  0.757656  0.614068  0.733740  0.503116  0.647557  0.596883  0.736249  0.607692  0.703762  0.463012  0.493224  0.598641  0.481785  0.643266  0.457866  0.730488  0.657753  0.460851  0.384600  0.652687  0.581079  0.492609  0.545137  0.550797  0.510239  0.446964  0.645763  0.598611  0.544846  0.827165  0.748856  0.624235  0.679560  0.786294  0.617135  0.502651  0.440398  0.550089  0.671528  0.410888  0.602681  0.332054  0.477382  0.751143  0.513528  0.687081  0.712810  0.669123  0.667867  0.708072  0.680377  0.599183  0.626124  0.652086  0.685039  0.679599  0.754333  0.588152  0.827233  0.471508  0.632702  0.730161  0.727487  0.655849  0.728886  0.598060  0.753402  0.680448  0.698918  0.721195  0.630197  0.606000  0.576038  0.161217  0.535643  0.800493  0.466054  0.554607  0.674140  0.659887  0.160691  0.594338  0.706108  0.701200  0.710572  0.883091  0.085805  0.434766  0.359799  0.593731  0.753995  0.682307  0.826805  0.583668  0.820944  0.618256  0.667820  0.660169  0.697175  0.566793  0.677195  0.726030  0.552335  0.545536  0.777710  0.395081  0.663404  0.664749  0.215099  0.727056  0.826378  0.724675  0.489817  0.623232  0.489092  0.517404  0.513996  0.574723  0.771137  0.797519  0.783803  0.730545  0.774114  0.798660  0.765972  0.726465  0.744706  0.793853  0.632667  0.574347  0.673564  0.776455  0.687826  0.667165  0.363900  0.621038  0.793987  0.685970  0.763539  0.757979  0.718155  0.769388  0.693862  0.815493  0.714345  0.642003  0.361893  0.429708  0.665822  0.279850  0.617259  0.531310  0.750792  0.758142  0.589365  0.793304  0.611065  0.585604  0.803557  0.772128  0.614475  0.826573  0.530729  0.683613  0.704875 
8  0.520486  0.450527  0.223032  0.717417  0.615958  0.594488  0.614250  0.265389 0.0  0.529615  0.665489  0.449135  0.622753  0.744800  0.714736  0.633225  0.508449  0.398160  0.623887  0.695432  0.628823  0.515765  0.458423  0.555881  0.579951  0.662087  0.717076  0.467049  0.486151  0.558039  0.682212  0.757169  0.597019  0.613891  0.635926  0.375869  0.686446  0.714656  0.601265  0.588093  0.667039  0.560710  0.425931  0.639553  0.472761  0.703880  0.573070  0.845106  0.641646  0.422584  0.417759  0.586722  0.494383  0.358111  0.595802  0.570593  0.557437  0.388507  0.696174  0.529990  0.396825  0.805261  0.718750  0.788055  0.761777  0.765675  0.605414  0.375283  0.501514  0.492925  0.751403  0.431802  0.613151  0.364597  0.421492  0.764798  0.605227  0.731060  0.790503  0.774186  0.689883  0.752165  0.638173  0.733801  0.625193  0.627087  0.689219  0.607222  0.765587  0.655592  0.747933  0.385309  0.686647  0.678320  0.844803  0.518976  0.616984  0.605580  0.685826  0.712796  0.650456  0.720674  0.602472  0.662803  0.517149  0.097793  0.432387  0.641802  0.547782  0.553612  0.481982  0.545369  0.157707  0.704774  0.716514  0.556714  0.761248  0.717861  0.062549  0.460366  0.364648  0.635953  0.634569  0.686076  0.735743  0.409637  0.793920  0.706319  0.696732  0.708154  0.786562  0.614263  0.729086  0.755750  0.549596  0.609334  0.827636  0.447464  0.613497  0.730601  0.218336  0.828524  0.729888  0.761158  0.519039  0.595324  0.401241  0.373928  0.535444  0.725568  0.698597  0.872247  0.776307  0.755652  0.797194  0.810565  0.654248  0.613047  0.740733  0.785906  0.576960  0.579894  0.784284  0.824134  0.772090  0.610598  0.476219  0.603823  0.693080  0.622673  0.754342  0.740462  0.686201  0.738813  0.807643  0.797666  0.734978  0.710315  0.367296  0.430781  0.745101  0.333015  0.606885  0.553135  0.684515  0.694582  0.651768  0.749799  0.689611  0.547330  0.737328  0.854382  0.633416  0.763473  0.497592  0.683091  0.755779 
9  0.744853  0.533117  0.562336  0.617156  0.666124  0.768432  0.626668  0.479778  0.529615 0.0  0.750968  0.507921  0.414376  0.701441  0.751898  0.738079  0.589553  0.453043  0.734957  0.687613  0.649501  0.581584  0.471825  0.508828  0.606456  0.629934  0.663987  0.524449  0.563241  0.654260  0.661745  0.766737  0.701445  0.527045  0.742408  0.647352  0.623838  0.645450  0.834065  0.503392  0.625088  0.660530  0.507514  0.603635  0.686025  0.642304  0.504995  0.638925  0.624184  0.482036  0.560593  0.535402  0.525201  0.591940  0.613418  0.543982  0.415617  0.539366  0.815211  0.586033  0.566373  0.722257  0.771092  0.586754  0.703530  0.675255  0.650794  0.477277  0.554277  0.645056  0.760059  0.549437  0.737050  0.467758  0.559133  0.708755  0.686637  0.696242  0.778173  0.663183  0.606914  0.633567  0.712736  0.724820  0.748261  0.603329  0.643604  0.732919  0.668017  0.535906  0.665044  0.435726  0.611681  0.697468  0.703281  0.515187  0.575355  0.658582  0.701126  0.540710  0.726942  0.710648  0.648708  0.569238  0.458963  0.579238  0.448253  0.774176  0.454044  0.495390  0.584089  0.542453  0.444466  0.605652  0.734908  0.751681  0.687896  0.891161  0.567802  0.337237  0.378713  0.695373  0.707303  0.839759  0.847683  0.556194  0.831785  0.514543  0.673778  0.654066  0.849611  0.686080  0.728529  0.758358  0.419638  0.574170  0.629283  0.542673  0.698699  0.685887  0.605810  0.703551  0.646383  0.600945  0.583571  0.654043  0.538517  0.575582  0.584803  0.645463  0.777816  0.788776  0.688321  0.624535  0.671725  0.713745  0.762191  0.705433  0.657801  0.771308  0.534178  0.565238  0.666990  0.690368  0.689306  0.489092  0.560086  0.700377  0.710568  0.602042  0.820726  0.807480  0.758343  0.790538  0.566685  0.682089  0.668379  0.699438  0.518461  0.440239  0.699602  0.486225  0.711854  0.654801  0.803011  0.743471  0.572816  0.854696  0.716848  0.686712  0.727423  0.808242  0.695345  0.758421  0.629496  0.772377  0.728977 
10  0.559502  0.673130  0.667521  0.610615  0.559316  0.635745  0.536792  0.675281  0.665489  0.750968 0.0  0.688544  0.609774  0.844554  0.534526  0.819226  0.723473  0.636214  0.561937  0.577595  0.616879  0.615289  0.604327  0.771929  0.626626  0.808885  0.805306  0.679964  0.618770  0.661914  0.705977  0.927539  0.474873  0.764430  0.538567  0.661098  0.502451  0.530522  0.609892  0.724491  0.678266  0.799084  0.705224  0.625259  0.716842  0.591752  0.759657  0.835521  0.581963  0.820068  0.723655  0.681245  0.591529  0.665726  0.603907  0.710046  0.671617  0.738727  0.570668  0.677198  0.755791  0.824074  0.846270  0.763400  0.758377  0.790760  0.716345  0.705797  0.765994  0.689532  0.799708  0.761917  0.554530  0.662010  0.646997  0.746552  0.649646  0.594210  0.837410  0.799437  0.840824  0.779227  0.476756  0.629018  0.558205  0.635608  0.681870  0.859679  0.775854  0.758542  0.843357  0.798542  0.791773  0.773660  0.682434  0.767966  0.552666  0.769548  0.840325  0.941344  0.810422  0.547251  0.464387  0.810275  0.743731  0.741598  0.607699  0.535616  0.768982  0.748089  0.730566  0.767421  0.827950  0.918409  0.762363  0.504476  0.877640  0.585414  0.764754  0.709558  0.785263  0.503113  0.842940  0.951658  0.876578  0.613389  0.824161  0.763756  0.728233  0.463995  0.880459  0.869791  0.825154  0.611507  0.775361  0.753334  0.748469  0.708626  0.662510  0.701618  0.647609  0.607977  0.884548  0.788055  0.716819  0.831824  0.627603  0.660540  0.594027  0.871879  0.770870  0.783823  0.768747  0.850002  0.802547  0.844249  0.794851  0.765622  0.884771  0.767837  0.760142  0.673720  0.832626  0.758365  0.792588  0.806019  0.738565  0.453977  0.555588  0.556416  0.865114  0.451677  0.585883  0.906541  0.737222  0.754241  0.670234  0.696829  0.691768  0.659761  0.549962  0.671991  0.702517  0.688268  0.618604  0.804616  0.632448  0.648739  0.643787  0.639763  0.604375  0.807994  0.591009  0.884173  0.502845  0.783357  0.871345 
11  0.511692  0.514755  0.481939  0.586254  0.640529  0.578583  0.639369  0.397052  0.449135  0.507921  0.688544 0.0  0.582229  0.693419  0.712551  0.767482  0.494180  0.402267  0.623189  0.728891  0.704795  0.545155  0.286256  0.690352  0.505665  0.681181  0.700605  0.389789  0.490525  0.755458  0.781360  0.803340  0.661748  0.620098  0.774682  0.434106  0.666555  0.598828  0.753043  0.497957  0.682012  0.596972  0.296346  0.552423  0.509359  0.742546  0.590590  0.736143  0.718353  0.445485  0.449491  0.528515  0.581839  0.632542  0.617259  0.521389  0.588873  0.394833  0.811488  0.661885  0.615058  0.802639  0.890833  0.745473  0.670489  0.755236  0.615367  0.549017  0.468905  0.524272  0.622016  0.497050  0.586295  0.461380  0.460968  0.738952  0.565110  0.740110  0.736205  0.759755  0.678316  0.639856  0.731114  0.731214  0.647071  0.564488  0.674483  0.757133  0.741818  0.587870  0.698108  0.416407  0.599946  0.670690  0.696988  0.527405  0.660755  0.628082  0.760310  0.642682  0.625473  0.788741  0.576686  0.578412  0.519586  0.335336  0.463914  0.665000  0.457816  0.526700  0.559451  0.700405  0.404399  0.682515  0.693574  0.721425  0.768615  0.786551  0.433800  0.372789  0.461007  0.599836  0.753353  0.737774  0.759270  0.593478  0.800227  0.672669  0.692089  0.636132  0.804549  0.683339  0.666413  0.767688  0.627660  0.663413  0.829374  0.509409  0.624802  0.764831  0.427726  0.663404  0.758267  0.556941  0.614911  0.686866  0.524412  0.520632  0.644619  0.635368  0.696761  0.797689  0.744284  0.673682  0.851469  0.830498  0.822804  0.725073  0.757127  0.756903  0.550169  0.478926  0.772640  0.821197  0.755581  0.670348  0.500937  0.706524  0.675691  0.686852  0.763066  0.641117  0.753390  0.828500  0.738614  0.724761  0.645118  0.692994  0.505005  0.360167  0.670355  0.261686  0.750914  0.567482  0.726962  0.777844  0.564659  0.873047  0.774334  0.601562  0.756559  0.754302  0.716114  0.810768  0.588935  0.746413  0.741085 
12  0.635196  0.553112  0.577198  0.653384  0.667599  0.723918  0.697498  0.496180  0.622753  0.414376  0.609774  0.582229 0.0  0.585129  0.754134  0.622354  0.650496  0.621522  0.641952  0.710280  0.613895  0.576257  0.628727  0.476846  0.765850  0.477560  0.567537  0.622117  0.703914  0.741468  0.561512  0.719421  0.683589  0.617708  0.636827  0.544021  0.708236  0.649967  0.815328  0.545756  0.546093  0.518782  0.588719  0.731305  0.664774  0.732990  0.596331  0.714394  0.636194  0.553524  0.688592  0.673018  0.597694  0.568911  0.673230  0.519149  0.567542  0.476505  0.792773  0.679183  0.584681  0.709842  0.502575  0.664067  0.699083  0.616739  0.639381  0.626531  0.644086  0.647822  0.543932  0.612199  0.677181  0.640260  0.565727  0.669923  0.742329  0.748354  0.814902  0.656577  0.559528  0.612061  0.805907  0.733665  0.650838  0.571793  0.605187  0.703877  0.720550  0.610374  0.682055  0.653127  0.532153  0.601013  0.820031  0.458114  0.635138  0.551937  0.769306  0.621824  0.624853  0.796042  0.810948  0.651448  0.507478  0.587749  0.611899  0.771950  0.501234  0.548852  0.377877  0.446826  0.543997  0.434056  0.506665  0.683830  0.682567  0.743413  0.525427  0.564050  0.526749  0.777748  0.743139  0.701992  0.732519  0.675269  0.838634  0.652182  0.479591  0.704225  0.724594  0.590277  0.639509  0.745737  0.502754  0.492636  0.748215  0.632376  0.589947  0.672654  0.589465  0.709007  0.625424  0.450149  0.677499  0.546881  0.716935  0.566505  0.585926  0.720561  0.656346  0.756882  0.720056  0.725302  0.756943  0.823212  0.585031  0.635087  0.609509  0.793824  0.418025  0.484661  0.649361  0.700703  0.653502  0.497286  0.668403  0.700813  0.677296  0.765637  0.653300  0.741539  0.763032  0.841464  0.649179  0.615734  0.662544  0.728020  0.684257  0.504874  0.795017  0.598451  0.766292  0.598245  0.839548  0.774221  0.528403  0.741689  0.699591  0.693262  0.764762  0.814056  0.692557  0.747472  0.670462  0.525009  0.735573 
13  0.852751  0.777604  0.667867  0.782497  0.738938  0.731983  0.680374  0.694870  0.744800  0.701441  0.844554  0.693419  0.585129 0.0  0.771889  0.262770  0.741804  0.609959  0.817047  0.829171  0.810313  0.671169  0.706409  0.721543  0.689821  0.615951  0.648200  0.780365  0.846793  0.773488  0.675336  0.644977  0.700825  0.599857  0.791743  0.675302  0.703748  0.607472  0.675817  0.701193  0.560289  0.688538  0.642215  0.701037  0.734951  0.761224  0.632591  0.744459  0.740568  0.751437  0.713089  0.714117  0.738055  0.689429  0.744400  0.628932  0.692483  0.696669  0.841776  0.701438  0.764894  0.667363  0.536369  0.411056  0.556281  0.514895  0.577934  0.652678  0.629431  0.743566  0.726028  0.667997  0.836586  0.783600  0.776125  0.518692  0.674793  0.747899  0.709386  0.695337  0.769325  0.618319  0.715991  0.722943  0.763319  0.731770  0.581362  0.622359  0.649730  0.684790  0.794266  0.507017  0.438538  0.543683  0.632168  0.553475  0.776096  0.569813  0.677212  0.628664  0.386965  0.747298  0.791544  0.524997  0.654752  0.634766  0.704602  0.824342  0.677974  0.586097  0.688508  0.505822  0.691119  0.601470  0.663926  0.909406  0.634932  0.786518  0.718673  0.601750  0.703482  0.801828  0.608843  0.677144  0.726939  0.648740  0.603799  0.297052  0.578899  0.828343  0.646150  0.602613  0.849299  0.838481  0.724094  0.529418  0.629210  0.720936  0.767588  0.551413  0.649309  0.868260  0.665475  0.618536  0.630543  0.592858  0.745859  0.790857  0.708220  0.752354  0.617046  0.622582  0.581109  0.712702  0.575721  0.759237  0.647453  0.590729  0.379741  0.690574  0.588464  0.668283  0.725596  0.753017  0.607926  0.648641  0.662329  0.718796  0.787128  0.656137  0.715719  0.801521  0.843169  0.550064  0.433241  0.643401  0.558826  0.634830  0.700887  0.740833  0.792348  0.668531  0.703147  0.648623  0.849106  0.793162  0.754355  0.843182  0.780515  0.749217  0.916244  0.767611  0.827529  0.647440  0.615443  0.394715  0.808377 
14  0.615385  0.744257  0.780333  0.572940  0.679049  0.549440  0.617229  0.677308  0.714736  0.751898  0.534526  0.712551  0.754134  0.771889 0.0  0.743921  0.842308  0.703455  0.624584  0.371229  0.706368  0.769193  0.707834  0.721615  0.723708  0.763170  0.824574  0.704765  0.677534  0.601688  0.851360  0.744295  0.620953  0.705826  0.558744  0.657558  0.530623  0.685118  0.527271  0.839061  0.690751  0.756215  0.744348  0.649167  0.749545  0.615632  0.760587  0.859954  0.682770  0.893826  0.705525  0.701950  0.723358  0.654341  0.649887  0.807757  0.740056  0.628215  0.658151  0.711057  0.734590  0.864835  0.830129  0.797879  0.763146  0.808293  0.679914  0.650254  0.700705  0.671684  0.755706  0.715238  0.539100  0.794090  0.775915  0.747395  0.665731  0.687683  0.836077  0.967016  0.743681  0.828182  0.641734  0.582640  0.483412  0.763624  0.728963  0.937095  0.730843  0.716472  0.851285  0.755421  0.775791  0.741249  0.891233  0.750218  0.681032  0.758976  0.841949  0.905833  0.780690  0.591360  0.570408  0.840265  0.741300  0.750764  0.803553  0.517142  0.732948  0.724937  0.697026  0.870957  0.769817  0.816367  0.804686  0.547365  0.907984  0.424907  0.802002  0.849709  0.696959  0.641522  0.708653  0.730311  0.855264  0.708229  0.819844  0.735348  0.702122  0.658078  0.882871  0.794007  0.923867  0.408051  0.723583  0.736848  0.878020  0.728552  0.658298  0.643287  0.750220  0.562704  0.784821  0.829142  0.544812  0.836516  0.757313  0.806157  0.707191  0.776820  0.824251  0.960302  0.849449  0.863765  0.706315  0.758500  0.898484  0.849006  0.718838  0.833680  0.712150  0.752203  0.727544  0.828948  0.790192  0.824526  0.747783  0.572976  0.567974  0.537697  0.846415  0.512581  0.378972  0.885296  0.784743  0.878204  0.811376  0.770083  0.699119  0.706961  0.492467  0.661383  0.823780  0.680107  0.516136  0.873076  0.878078  0.470081  0.627332  0.577455  0.578752  0.850522  0.543917  0.757286  0.626161  0.778668  0.778300 
15  0.856691  0.740115  0.698569  0.769539  0.713124  0.727684  0.668404  0.755350  0.633225  0.738079  0.819226  0.767482  0.622354  0.262770  0.743921 0.0  0.815624  0.731157  0.736920  0.908561  0.728580  0.665771  0.676601  0.629619  0.765780  0.567881  0.478591  0.634433  0.684383  0.778683  0.540192  0.722504  0.825610  0.646011  0.726734  0.732571  0.816456  0.718317  0.782636  0.682653  0.597173  0.731925  0.690564  0.757870  0.766289  0.810881  0.702130  0.694886  0.738282  0.671914  0.711826  0.690387  0.655882  0.678989  0.752976  0.655881  0.631873  0.811527  0.867861  0.830581  0.803578  0.573084  0.554588  0.390930  0.504782  0.433432  0.673290  0.695917  0.770939  0.737775  0.619522  0.614105  0.807169  0.716248  0.691325  0.544063  0.799589  0.763036  0.701931  0.518348  0.568266  0.468036  0.761857  0.900164  0.731515  0.670807  0.509700  0.549838  0.723402  0.624469  0.633578  0.682189  0.530587  0.514494  0.502575  0.601331  0.678140  0.637775  0.699356  0.593467  0.435467  0.746390  0.825908  0.421536  0.636935  0.698229  0.513554  0.857467  0.664884  0.675069  0.547854  0.581721  0.638754  0.673972  0.624648  0.827372  0.705361  0.719880  0.659517  0.765634  0.771712  0.774656  0.648747  0.747792  0.702117  0.730455  0.672014  0.383088  0.446400  0.720415  0.843355  0.652595  0.725464  0.843755  0.577650  0.535601  0.715189  0.779415  0.863426  0.402684  0.619843  0.730414  0.643215  0.576232  0.769128  0.620470  0.776576  0.762627  0.726925  0.601014  0.699453  0.671801  0.528280  0.552665  0.667440  0.729248  0.644723  0.352786  0.490781  0.735828  0.621067  0.623473  0.614238  0.719295  0.526174  0.644330  0.695248  0.823470  0.867967  0.749709  0.753907  0.843808  0.732070  0.757638  0.322684  0.670279  0.588339  0.507893  0.699689  0.748178  0.745541  0.707858  0.633109  0.579216  0.864982  0.745234  0.771432  0.848653  0.775342  0.758213  0.751342  0.728784  0.759288  0.590947  0.676039  0.534530  0.671201 
16  0.607899  0.517348  0.358424  0.633264  0.739138  0.608247  0.591303  0.584907  0.508449  0.589553  0.723473  0.494180  0.650496  0.741804  0.842308  0.815624 0.0  0.520519  0.650687  0.771503  0.572637  0.466395  0.430620  0.735110  0.495250  0.673261  0.626080  0.582105  0.484137  0.670669  0.720698  0.698372  0.708589  0.621214  0.645300  0.571524  0.598677  0.653570  0.771230  0.687115  0.674536  0.493416  0.547303  0.448995  0.552308  0.708601  0.493557  0.903396  0.541489  0.530947  0.456663  0.559349  0.601509  0.352750  0.591851  0.494035  0.551966  0.597970  0.734760  0.622255  0.294977  0.787545  0.640418  0.778740  0.678625  0.622015  0.733371  0.402887  0.401932  0.530105  0.773251  0.532634  0.622647  0.517939  0.530751  0.729277  0.653103  0.612447  0.751470  0.758125  0.718054  0.751686  0.632487  0.691852  0.701712  0.544192  0.719092  0.672165  0.788675  0.762737  0.775106  0.492480  0.669936  0.708737  0.713007  0.703376  0.590474  0.573127  0.713612  0.795892  0.766577  0.727027  0.631085  0.709645  0.652553  0.461181  0.500557  0.665737  0.543969  0.633240  0.812362  0.778922  0.561125  0.655026  0.745546  0.779836  0.792527  0.724300  0.496848  0.568141  0.625389  0.614238  0.704515  0.859282  0.732216  0.385815  0.829379  0.707995  0.577349  0.615347  0.820020  0.609780  0.723971  0.680257  0.702086  0.574411  0.789654  0.480403  0.571176  0.672689  0.534060  0.807952  0.740353  0.628660  0.468950  0.477275  0.663988  0.523148  0.443082  0.810647  0.762365  0.797139  0.740067  0.841609  0.631317  0.819312  0.656219  0.688372  0.582461  0.824596  0.682834  0.577133  0.718259  0.748793  0.754881  0.678492  0.447963  0.660615  0.691369  0.548126  0.783766  0.620111  0.763218  0.781618  0.834412  0.729514  0.716768  0.737498  0.462549  0.444458  0.682160  0.506814  0.803800  0.447314  0.697395  0.741739  0.620301  0.810412  0.680639  0.566914  0.668691  0.837420  0.598460  0.916702  0.619753  0.676279  0.714962 
17  0.690407  0.293589  0.451254  0.591179  0.582509  0.716509  0.666520  0.411680  0.398160  0.453043  0.636214  0.402267  0.621522  0.609959  0.703455  0.731157  0.520519 0.0  0.756086  0.613388  0.616558  0.511050  0.143965  0.665843  0.668871  0.590303  0.583176  0.403292  0.618731  0.610962  0.793647  0.691785  0.704360  0.644754  0.704769  0.410967  0.720367  0.661644  0.705664  0.525693  0.605724  0.547272  0.263432  0.702920  0.609912  0.583235  0.468281  0.728010  0.564842  0.378586  0.526723  0.576401  0.533639  0.533612  0.585986  0.553742  0.620942  0.299813  0.635571  0.478194  0.517904  0.729793  0.694119  0.700917  0.792074  0.644428  0.712719  0.372751  0.471964  0.465855  0.698146  0.393313  0.585004  0.447028  0.328199  0.679440  0.557617  0.652715  0.763157  0.740567  0.713969  0.718951  0.605967  0.599266  0.649229  0.623432  0.641906  0.685227  0.797840  0.596185  0.714710  0.236197  0.654144  0.742059  0.737454  0.608483  0.451811  0.457143  0.767295  0.760500  0.590263  0.726259  0.619849  0.731248  0.652228  0.486665  0.524140  0.688732  0.561231  0.485048  0.533992  0.553238  0.386613  0.601231  0.569870  0.705087  0.775996  0.726888  0.491043  0.426743  0.511776  0.605991  0.781300  0.737714  0.738043  0.392946  0.794191  0.679695  0.622318  0.554527  0.795076  0.630647  0.722203  0.788272  0.521104  0.581464  0.759918  0.399556  0.592170  0.767354  0.413994  0.644503  0.667383  0.672142  0.619617  0.685901  0.473696  0.398755  0.474038  0.758781  0.753900  0.728320  0.666072  0.782008  0.786045  0.731431  0.845084  0.677397  0.714407  0.886391  0.685730  0.559975  0.822603  0.810063  0.732630  0.663260  0.551680  0.678191  0.739489  0.670307  0.670505  0.723386  0.600783  0.765593  0.623040  0.674123  0.815397  0.699760  0.457001  0.388220  0.645367  0.384660  0.902116  0.664072  0.790791  0.681844  0.604243  0.782070  0.636119  0.516818  0.692487  0.808494  0.646055  0.775716  0.468701  0.696993  0.788154 
18  0.493275  0.611130  0.643066  0.487346  0.542140  0.529226  0.352747  0.690373  0.623887  0.734957  0.561937  0.623189  0.641952  0.817047  0.624584  0.736920  0.650687  0.756086 0.0  0.626121  0.550545  0.655703  0.650175  0.741551  0.527489  0.766463  0.764861  0.593540  0.591971  0.546194  0.817535  0.786208  0.489141  0.762062  0.673027  0.452336  0.517601  0.478016  0.572954  0.737950  0.713124  0.699725  0.619188  0.605439  0.609563  0.384784  0.555932  0.825041  0.503140  0.759975  0.652558  0.578153  0.707785  0.629351  0.564736  0.704496  0.658023  0.715126  0.371134  0.482896  0.604230  0.849300  0.815210  0.812460  0.700116  0.761619  0.782060  0.676212  0.618713  0.590637  0.811874  0.579125  0.683252  0.645844  0.684193  0.803317  0.583322  0.640630  0.747116  0.784851  0.757385  0.815687  0.376200  0.476830  0.598415  0.736140  0.873923  0.815969  0.750383  0.651181  0.801160  0.590596  0.829486  0.838210  0.756413  0.701815  0.573572  0.803487  0.794636  0.850319  0.843977  0.562732  0.660116  0.641147  0.707493  0.713362  0.740003  0.620867  0.688132  0.654954  0.742200  0.706497  0.724506  0.730089  0.661943  0.526920  0.785676  0.658177  0.637911  0.748987  0.640207  0.605046  0.718472  0.787973  0.785719  0.562450  0.774288  0.795796  0.753630  0.469099  0.826767  0.812557  0.701242  0.629250  0.638113  0.848968  0.716334  0.562182  0.517269  0.678943  0.606769  0.687913  0.787105  0.677158  0.636682  0.726705  0.625845  0.598483  0.585510  0.738801  0.661953  0.859961  0.818242  0.776471  0.788335  0.796435  0.823369  0.728351  0.858737  0.877171  0.643047  0.638571  0.841426  0.816465  0.819102  0.699286  0.626048  0.465807  0.600458  0.498433  0.753630  0.530175  0.684109  0.758067  0.777524  0.820938  0.781317  0.803526  0.591080  0.735968  0.567905  0.529273  0.771956  0.692891  0.575769  0.786434  0.667975  0.701500  0.299677  0.620618  0.625815  0.853232  0.506269  0.759675  0.629700  0.803492  0.832853 
19  0.584632  0.771737  0.788004  0.754977  0.637008  0.510265  0.647846  0.562509  0.695432  0.687613  0.577595  0.728891  0.710280  0.829171  0.371229  0.908561  0.771503  0.613388  0.626121 0.0  0.559980  0.659901  0.763986  0.653664  0.658625  0.685975  0.827884  0.711235  0.791264  0.608901  0.744072  0.793979  0.603544  0.802204  0.506802  0.631721  0.632120  0.741938  0.360655  0.715485  0.731349  0.672209  0.744795  0.694658  0.746016  0.758932  0.614514  0.825864  0.692973  0.784427  0.766328  0.655746  0.703972  0.725097  0.646927  0.758572  0.797538  0.752396  0.704771  0.666497  0.663945  0.942970  0.711282  0.809151  0.844359  0.851989  0.775952  0.736762  0.697959  0.761408  0.784363  0.730739  0.606555  0.734012  0.672927  0.743996  0.665933  0.657487  0.913848  0.794185  0.849315  0.771541  0.550178  0.541847  0.652313  0.778182  0.851760  0.802529  0.890001  0.810607  0.784870  0.673721  0.832351  0.768378  0.843747  0.799189  0.663640  0.745307  0.793513  0.820904  0.640789  0.525119  0.498414  0.725350  0.765361  0.654721  0.749170  0.601403  0.764608  0.677373  0.739692  0.730574  0.826657  0.781439  0.724711  0.635096  0.934220  0.450342  0.732759  0.722547  0.666506  0.624972  0.867153  0.804436  0.840899  0.733497  0.881583  0.809360  0.766412  0.645880  0.871762  0.782992  0.770791  0.494807  0.869609  0.767822  0.803936  0.791288  0.684702  0.786714  0.751172  0.474350  0.915395  0.895990  0.765975  0.759609  0.817167  0.677681  0.698256  0.825372  0.848527  0.819667  0.848746  0.805282  0.888733  0.932851  0.816086  0.887930  0.811107  0.856148  0.725502  0.680940  0.739158  0.803693  0.910435  0.756014  0.728182  0.549889  0.512139  0.664453  0.825040  0.560856  0.565839  0.815120  0.767292  0.811873  0.710178  0.896719  0.804315  0.801195  0.557695  0.686237  0.884081  0.832085  0.505953  0.756253  0.776155  0.424206  0.566442  0.774584  0.584527  0.871733  0.633652  0.875275  0.747977  0.852723  0.812611 
