197
0 0.0  0.697032  0.643678  0.382960  0.544743  0.260218  0.483569  0.626431  0.624036  0.655020  0.533044  0.617893  0.648460  0.812714  0.772971  0.730319  0.690724  0.611665  0.426077  0.518998  0.592802  0.600298  0.654656  0.690342  0.574268  0.651692  0.702893  0.660806  0.640721  0.551962  0.855066  0.856116  0.445221  0.693596  0.527521  0.564924  0.505547  0.541188  0.664326  0.681803  0.761797  0.608512  0.689074  0.552972  0.586732  0.323161  0.604789  0.821882  0.609357  0.596531  0.557280  0.573266  0.814232  0.618754  0.570414  0.788662  0.682944  0.603115  0.483424  0.556058  0.686556  0.697431  0.695140  0.820652  0.917952  0.794407  0.687017  0.602029  0.610227  0.578791  0.757295  0.537906  0.689521  0.623648  0.633989  0.744276  0.597994  0.577271  0.755313  0.706621  0.807301  0.735791  0.459528  0.450234  0.633705  0.741703  0.728400  0.759403  0.812008  0.740990  0.824829  0.777884  0.700990  0.727387  0.856014  0.653332  0.537524  0.626764  0.754396  0.802811  0.693726  0.369547  0.667226  0.711039  0.686690  0.620156  0.671299  0.498420  0.635664  0.672348  0.782896  0.742707  0.662637  0.645830  0.725805  0.415224  0.841141  0.667124  0.535536  0.689082  0.586207  0.544361  0.742916  0.824620  0.776664  0.782523  0.816619  0.843015  0.670470  0.485923  0.678884  0.708574  0.801520  0.592650  0.571819  0.671103  0.845909  0.653259  0.472218  0.737771  0.513973  0.630739  0.700105  0.820126  0.575370  0.700901  0.593312  0.616998  0.599965  0.746120  0.840947  0.798972  0.840670  0.883568  0.749468  0.824859  0.781521  0.835396  0.794899  0.822957  0.743732  0.600373  0.775423  0.719455  0.781030  0.711432  0.548432  0.480880  0.625441  0.515494  0.772226  0.586582  0.660825  0.763196  0.761082  0.807153  0.676511  0.760280  0.630065  0.759812  0.426826  0.659735  0.843788  0.739578  0.464409  0.787112  0.698531  0.689431  0.458879  0.414655  0.525630  0.848303  0.593921  0.757008  0.539417  0.817477  0.774580 
1  0.697032 0.0  0.307702  0.611998  0.593607  0.620863  0.754451  0.425341  0.312907  0.551617  0.583681  0.368240  0.669204  0.672724  0.787670  0.628305  0.422489  0.441689  0.546644  0.763750  0.664441  0.389452  0.436726  0.702986  0.613992  0.680429  0.691551  0.429765  0.537532  0.477852  0.692859  0.773599  0.718971  0.633861  0.664967  0.398456  0.617926  0.544250  0.734069  0.596932  0.691709  0.521493  0.345598  0.512637  0.366441  0.478043  0.431823  0.730415  0.508384  0.585273  0.366925  0.528639  0.554904  0.437670  0.568365  0.630522  0.503566  0.347898  0.624767  0.453143  0.439514  0.633621  0.694532  0.772121  0.613556  0.688779  0.678020  0.304222  0.365521  0.441367  0.649211  0.217549  0.574240  0.466519  0.399686  0.759735  0.538614  0.585070  0.736079  0.816358  0.612416  0.669054  0.648297  0.712903  0.646386  0.644386  0.658236  0.730640  0.709570  0.639994  0.733643  0.206929  0.623448  0.762570  0.671835  0.562376  0.542325  0.647793  0.664197  0.673021  0.785904  0.674523  0.724827  0.647928  0.593603  0.414978  0.585829  0.665167  0.630699  0.629005  0.549129  0.689952  0.311156  0.703167  0.677185  0.587924  0.800725  0.794009  0.398544  0.571321  0.557988  0.508224  0.773813  0.795870  0.828023  0.501936  0.698833  0.579235  0.539118  0.577223  0.758578  0.684055  0.714178  0.647714  0.668075  0.678834  0.731550  0.205261  0.670663  0.721917  0.473332  0.759808  0.783203  0.630549  0.590641  0.628190  0.381795  0.248244  0.361479  0.725559  0.666626  0.661501  0.662951  0.735252  0.718334  0.686463  0.722483  0.725613  0.631880  0.762236  0.613140  0.507848  0.709155  0.833513  0.840313  0.691491  0.521102  0.633551  0.602329  0.589841  0.783716  0.584020  0.656479  0.751603  0.796292  0.685417  0.728056  0.732968  0.509175  0.413211  0.708212  0.407138  0.633710  0.634576  0.803045  0.751094  0.638965  0.669470  0.643101  0.609958  0.663276  0.902726  0.622964  0.890466  0.465951  0.681612  0.800142 
2  0.643678  0.307702 0.0  0.611114  0.641997  0.603333  0.737726  0.238512  0.129637  0.503077  0.725808  0.401237  0.502485  0.626658  0.711571  0.582205  0.449225  0.411033  0.583365  0.792758  0.568606  0.515022  0.364587  0.602656  0.665530  0.571298  0.616322  0.505587  0.591383  0.684802  0.608916  0.749753  0.702657  0.606988  0.606515  0.392441  0.578101  0.614974  0.740669  0.519406  0.645221  0.471611  0.329189  0.526834  0.466972  0.636378  0.442493  0.784865  0.632186  0.512143  0.424748  0.654886  0.434516  0.426591  0.537680  0.560394  0.493496  0.497101  0.680099  0.529337  0.576935  0.814448  0.694010  0.701102  0.699047  0.687369  0.654536  0.368748  0.451774  0.511240  0.750980  0.458729  0.668461  0.113687  0.487840  0.680713  0.642450  0.684248  0.614543  0.801989  0.686130  0.715027  0.572851  0.649678  0.591604  0.577101  0.570533  0.669947  0.715580  0.585837  0.605715  0.310870  0.549366  0.683952  0.645078  0.548943  0.684846  0.705924  0.780122  0.637258  0.750056  0.612670  0.572414  0.697865  0.540255  0.317473  0.497020  0.723101  0.524489  0.465869  0.593862  0.602152  0.356586  0.597579  0.697882  0.658832  0.643280  0.705426  0.235919  0.430264  0.422417  0.627840  0.684665  0.764915  0.806504  0.468829  0.755538  0.751435  0.710304  0.591985  0.830727  0.584481  0.697430  0.681408  0.673251  0.608251  0.701134  0.378475  0.574949  0.675390  0.237249  0.811430  0.734143  0.476836  0.537415  0.625665  0.495986  0.526268  0.524201  0.766950  0.681625  0.775141  0.693763  0.700429  0.671660  0.798505  0.750882  0.710906  0.655983  0.729560  0.689278  0.620193  0.761291  0.758632  0.664460  0.661749  0.441276  0.610801  0.707849  0.604603  0.739695  0.641575  0.749637  0.695489  0.732377  0.664920  0.581125  0.708396  0.327902  0.364420  0.597943  0.437800  0.711742  0.595308  0.689086  0.701963  0.580030  0.556473  0.647460  0.631041  0.761796  0.800156  0.669160  0.694879  0.563853  0.623236  0.652371 
3  0.382960  0.611998  0.611114 0.0  0.456841  0.481005  0.415645  0.570242  0.642009  0.669714  0.575261  0.664987  0.639333  0.779317  0.627321  0.739613  0.736171  0.685262  0.450495  0.631744  0.505361  0.520155  0.700607  0.685616  0.476209  0.695186  0.790100  0.651823  0.536568  0.464748  0.755257  0.807573  0.546720  0.705973  0.661156  0.514931  0.510176  0.443379  0.605327  0.650566  0.732826  0.723933  0.549628  0.519637  0.683236  0.493900  0.522361  0.761425  0.361569  0.672101  0.644210  0.464782  0.593279  0.604573  0.357354  0.697947  0.642791  0.595113  0.588068  0.494445  0.611297  0.752388  0.680929  0.757407  0.761979  0.767187  0.749616  0.584278  0.639798  0.542344  0.918537  0.464704  0.530372  0.551518  0.651173  0.807850  0.577153  0.612863  0.715719  0.780828  0.776872  0.684608  0.518484  0.557262  0.532077  0.746080  0.749514  0.744681  0.808870  0.626920  0.745836  0.644291  0.713753  0.806776  0.807823  0.682381  0.366673  0.725510  0.689812  0.717550  0.698482  0.572213  0.544110  0.745413  0.677781  0.639131  0.717582  0.528912  0.615631  0.689419  0.725113  0.774265  0.577906  0.749935  0.809243  0.452695  0.738195  0.709822  0.649184  0.609259  0.601068  0.570793  0.684915  0.759542  0.866699  0.596794  0.723153  0.618349  0.760452  0.433814  0.771342  0.633023  0.788272  0.644727  0.707717  0.664274  0.822520  0.543099  0.378300  0.768043  0.599417  0.693664  0.754455  0.739487  0.562469  0.695534  0.495137  0.616353  0.560920  0.830969  0.810932  0.781573  0.831233  0.748385  0.812217  0.826581  0.728317  0.741247  0.838861  0.769613  0.619571  0.554497  0.782198  0.790939  0.690501  0.694463  0.646355  0.521042  0.629731  0.493880  0.723074  0.508151  0.538855  0.887597  0.716008  0.818103  0.703515  0.668562  0.565075  0.591634  0.685160  0.691697  0.841253  0.680768  0.605795  0.840139  0.756809  0.658355  0.457554  0.519061  0.573361  0.793173  0.590473  0.782398  0.502859  0.751743  0.676673 
4  0.544743  0.593607  0.641997  0.456841 0.0  0.586223  0.602424  0.523354  0.693649  0.753395  0.580133  0.636897  0.702764  0.816584  0.616628  0.708975  0.638333  0.545577  0.572757  0.628662  0.194011  0.533363  0.534308  0.676321  0.449409  0.660916  0.754631  0.611235  0.417671  0.467257  0.821725  0.906183  0.580147  0.684128  0.544798  0.596863  0.480118  0.302524  0.593875  0.719217  0.642960  0.619976  0.640819  0.529534  0.550589  0.527279  0.569366  0.893856  0.601145  0.496161  0.631408  0.455706  0.620521  0.546891  0.511439  0.763126  0.619725  0.656357  0.679678  0.523960  0.604569  0.747486  0.810686  0.690942  0.764753  0.695190  0.727773  0.496322  0.614742  0.624841  0.788179  0.584085  0.516429  0.502928  0.594517  0.832714  0.321091  0.428300  0.747187  0.741725  0.675671  0.727310  0.583380  0.639426  0.374333  0.710059  0.633244  0.759154  0.686261  0.605682  0.674688  0.531846  0.636517  0.731935  0.743197  0.763681  0.516109  0.658716  0.739529  0.652073  0.686561  0.611527  0.616443  0.681803  0.722976  0.706124  0.587442  0.579718  0.739310  0.654986  0.712049  0.709516  0.543890  0.683888  0.719854  0.684121  0.749752  0.761816  0.622156  0.544614  0.687702  0.367090  0.643158  0.834898  0.759065  0.598954  0.685459  0.662850  0.723616  0.194768  0.730181  0.711977  0.841796  0.688932  0.668582  0.662075  0.862887  0.641631  0.448093  0.720891  0.621849  0.631217  0.754410  0.636186  0.576668  0.697527  0.592111  0.616718  0.580412  0.673613  0.764475  0.830523  0.784356  0.804231  0.712421  0.759436  0.723375  0.751961  0.752030  0.756615  0.624166  0.656799  0.798718  0.826078  0.805202  0.697901  0.658019  0.521683  0.620688  0.503011  0.845589  0.536460  0.646677  0.808564  0.657203  0.711080  0.749365  0.709392  0.652604  0.629370  0.599231  0.645832  0.800698  0.577873  0.568265  0.804427  0.724105  0.668384  0.570716  0.335615  0.512539  0.765986  0.419993  0.837796  0.452260  0.639864  0.839288 
5  0.260218  0.620863  0.603333  0.481005  0.586223 0.0  0.402049  0.601049  0.588856  0.656824  0.628920  0.612439  0.710793  0.787778  0.620154  0.869397  0.698134  0.753347  0.488291  0.691162  0.605024  0.671185  0.671099  0.628069  0.528317  0.768767  0.782633  0.582540  0.500760  0.492501  0.782863  0.867140  0.523207  0.691352  0.582582  0.702629  0.503277  0.566689  0.547996  0.731011  0.717525  0.676047  0.640644  0.569747  0.583523  0.175028  0.601355  0.807388  0.470030  0.670928  0.652230  0.497545  0.703980  0.717504  0.547228  0.618611  0.640767  0.592300  0.487056  0.567055  0.665908  0.668797  0.795613  0.801664  0.794743  0.780441  0.728560  0.690271  0.773348  0.599337  0.791458  0.602046  0.538228  0.660001  0.608965  0.862410  0.578350  0.641753  0.787553  0.731159  0.765485  0.783317  0.505291  0.370255  0.502217  0.654021  0.696038  0.794688  0.720867  0.663444  0.822090  0.727796  0.768722  0.656029  0.736718  0.720413  0.583201  0.636072  0.669481  0.770724  0.757929  0.461544  0.611245  0.826712  0.661860  0.738927  0.629913  0.566614  0.708875  0.696982  0.717599  0.608907  0.608362  0.748910  0.683661  0.459414  0.845906  0.667698  0.547306  0.576062  0.608771  0.554368  0.785210  0.836922  0.833954  0.768718  0.767534  0.762301  0.743158  0.503437  0.743662  0.728086  0.692791  0.645074  0.633257  0.841208  0.778121  0.727054  0.478444  0.713354  0.608681  0.708991  0.703686  0.738180  0.574769  0.793452  0.682108  0.670035  0.556150  0.866609  0.762877  0.903685  0.642061  0.848122  0.797095  0.684077  0.739766  0.769026  0.757784  0.798002  0.736759  0.603343  0.757253  0.729898  0.786402  0.672336  0.571767  0.508289  0.697075  0.469697  0.735306  0.433430  0.599044  0.733167  0.726979  0.871792  0.680913  0.818626  0.667375  0.642633  0.451989  0.583348  0.879953  0.633654  0.458647  0.814749  0.680758  0.677589  0.419650  0.609146  0.490730  0.702457  0.509719  0.857604  0.632865  0.744952  0.818695 
6  0.483569  0.754451  0.737726  0.415645  0.602424  0.402049 0.0  0.702857  0.678079  0.658766  0.567957  0.689123  0.652974  0.676589  0.577808  0.768881  0.568848  0.575565  0.270955  0.591853  0.462927  0.607726  0.598407  0.737957  0.579071  0.683391  0.710887  0.623226  0.496813  0.651589  0.708994  0.740948  0.568713  0.737007  0.610051  0.595280  0.557810  0.489311  0.702472  0.782317  0.723180  0.640603  0.636259  0.587233  0.595016  0.397446  0.593544  0.782237  0.487805  0.721652  0.698443  0.570447  0.689503  0.711822  0.524345  0.528292  0.744103  0.575000  0.537297  0.562292  0.464979  0.752801  0.723878  0.723415  0.829745  0.744734  0.730461  0.593035  0.540696  0.602706  0.697393  0.586324  0.610337  0.548608  0.677566  0.776421  0.564363  0.560878  0.773837  0.792466  0.674475  0.791810  0.474558  0.603860  0.466434  0.738735  0.717709  0.707589  0.744532  0.622871  0.787539  0.680966  0.758892  0.661177  0.850413  0.726322  0.513000  0.798402  0.738316  0.649118  0.707189  0.628680  0.606965  0.670321  0.600283  0.669103  0.638619  0.607627  0.661947  0.775157  0.692442  0.701315  0.607769  0.749311  0.755434  0.513736  0.867022  0.635118  0.636461  0.741191  0.630277  0.589712  0.747917  0.760577  0.781441  0.629902  0.896853  0.844805  0.631368  0.554472  0.730813  0.711888  0.726282  0.693757  0.748174  0.751515  0.751096  0.621741  0.476264  0.713631  0.592867  0.598307  0.712284  0.700545  0.626510  0.757839  0.560027  0.529794  0.531566  0.786093  0.746469  0.741304  0.689893  0.810493  0.811903  0.736368  0.840877  0.738460  0.779280  0.790757  0.670435  0.697146  0.837736  0.694173  0.812618  0.811915  0.703404  0.580402  0.475701  0.440827  0.864793  0.545284  0.687127  0.726917  0.763742  0.781879  0.695602  0.861271  0.566328  0.599618  0.681563  0.671037  0.775824  0.632930  0.594415  0.782214  0.659861  0.488059  0.363685  0.560883  0.550664  0.811133  0.584385  0.694498  0.642018  0.679266  0.766346 
7  0.626431  0.425341  0.238512  0.570242  0.523354  0.601049  0.702857 0.0  0.093004  0.486426  0.672800  0.556992  0.603680  0.557348  0.769398  0.663332  0.532385  0.449896  0.705217  0.757727  0.550972  0.370499  0.288361  0.515844  0.571942  0.559696  0.743430  0.507278  0.505178  0.542950  0.791584  0.770500  0.721604  0.561607  0.635791  0.546502  0.635537  0.649971  0.683136  0.557102  0.706508  0.498891  0.449848  0.543381  0.543442  0.676154  0.474522  0.652964  0.635889  0.463587  0.325648  0.513533  0.403534  0.524660  0.534590  0.612421  0.495980  0.504284  0.693871  0.478323  0.616748  0.799180  0.777200  0.682598  0.688882  0.791104  0.612235  0.421029  0.509171  0.553267  0.685190  0.422613  0.664835  0.311834  0.345868  0.753898  0.609636  0.627334  0.706140  0.701625  0.839341  0.688612  0.601045  0.718127  0.594495  0.638874  0.648191  0.708511  0.783591  0.675272  0.680214  0.422504  0.681332  0.685041  0.617268  0.648200  0.612726  0.602412  0.623064  0.730875  0.758847  0.640655  0.785922  0.632458  0.647580  0.090354  0.482994  0.771434  0.542357  0.569296  0.592008  0.545959  0.146868  0.639571  0.684919  0.694309  0.741615  0.689674  0.109381  0.471026  0.299120  0.645662  0.571695  0.792563  0.735392  0.382973  0.789726  0.758391  0.658139  0.575232  0.718930  0.631529  0.673828  0.705370  0.553265  0.567671  0.720216  0.419409  0.584180  0.649430  0.209831  0.817899  0.722823  0.618042  0.543215  0.626934  0.606614  0.383563  0.402537  0.630228  0.745794  0.713371  0.748696  0.702959  0.719237  0.829506  0.735262  0.646123  0.728276  0.765248  0.612426  0.579441  0.685441  0.658713  0.813498  0.667280  0.418214  0.697756  0.731503  0.633865  0.679301  0.676570  0.677062  0.735661  0.642435  0.710407  0.709038  0.640331  0.288258  0.311372  0.743244  0.375827  0.609954  0.694435  0.645192  0.723082  0.644012  0.731725  0.689456  0.537374  0.652899  0.872769  0.602826  0.734375  0.593513  0.651131  0.775107 
8  0.624036  0.312907  0.129637  0.642009  0.693649  0.588856  0.678079  0.093004 0.0  0.537947  0.737130  0.416090  0.631909  0.619607  0.705798  0.700565  0.460195  0.441599  0.636456  0.693727  0.609022  0.446260  0.329299  0.539760  0.702562  0.666822  0.695864  0.520178  0.604866  0.519295  0.757921  0.666632  0.584804  0.560404  0.662085  0.339246  0.557525  0.537272  0.709927  0.582870  0.600666  0.533680  0.448578  0.481510  0.452540  0.650256  0.563280  0.821744  0.559433  0.362938  0.376555  0.537258  0.386122  0.551855  0.543020  0.531008  0.545179  0.539843  0.620465  0.538597  0.510618  0.659242  0.638807  0.743839  0.657401  0.681090  0.570566  0.406745  0.415257  0.592976  0.714815  0.418962  0.635288  0.282188  0.396250  0.799059  0.560671  0.668689  0.699513  0.751294  0.667065  0.699753  0.617732  0.624522  0.544725  0.619188  0.647375  0.631604  0.641855  0.696059  0.663951  0.483752  0.536939  0.656838  0.752304  0.549841  0.545622  0.596336  0.751871  0.718485  0.635227  0.625720  0.639453  0.622785  0.529487  0.260096  0.447415  0.729805  0.551330  0.574000  0.640989  0.655244  0.202508  0.494825  0.705828  0.693997  0.698971  0.713841  0.220700  0.559809  0.380347  0.738026  0.717612  0.788370  0.763950  0.466089  0.720691  0.674983  0.684450  0.589590  0.784224  0.682806  0.735340  0.791138  0.579598  0.623517  0.722421  0.438554  0.652345  0.678911  0.242556  0.669131  0.752463  0.718924  0.513901  0.584073  0.468166  0.548760  0.400550  0.735972  0.769593  0.722352  0.716847  0.678604  0.740322  0.770609  0.772236  0.704828  0.714964  0.856497  0.540543  0.615714  0.806060  0.774277  0.635635  0.659176  0.425270  0.645121  0.665773  0.623689  0.749873  0.690768  0.776860  0.778619  0.811645  0.721535  0.682592  0.729595  0.421021  0.380507  0.607990  0.352577  0.687960  0.651955  0.659655  0.664153  0.587077  0.820466  0.703533  0.495366  0.650613  0.848705  0.603464  0.734811  0.654694  0.659773  0.804239 
9  0.655020  0.551617  0.503077  0.669714  0.753395  0.656824  0.658766  0.486426  0.537947 0.0  0.698901  0.522868  0.496661  0.605478  0.712254  0.721423  0.589661  0.641019  0.802241  0.751183  0.593831  0.643018  0.520398  0.519402  0.573169  0.630167  0.668165  0.437908  0.507504  0.758985  0.763666  0.671604  0.567695  0.584666  0.687845  0.519255  0.633212  0.653310  0.707033  0.565494  0.649675  0.525549  0.488996  0.520454  0.650240  0.725104  0.561316  0.721681  0.639708  0.452696  0.469483  0.585252  0.606473  0.533049  0.752632  0.531069  0.478728  0.653656  0.752696  0.596230  0.468491  0.726611  0.654776  0.704984  0.647914  0.614366  0.570582  0.610596  0.499621  0.543652  0.704731  0.465638  0.700958  0.410694  0.483268  0.633529  0.637823  0.660731  0.665519  0.608295  0.648794  0.761810  0.695267  0.703661  0.603288  0.542889  0.769168  0.552444  0.648931  0.601991  0.692373  0.595999  0.582152  0.690525  0.581558  0.446999  0.651863  0.569748  0.726601  0.655522  0.547187  0.708759  0.714090  0.593433  0.472411  0.540780  0.619918  0.661023  0.630041  0.461368  0.491439  0.591540  0.509942  0.617553  0.651212  0.635464  0.735520  0.722468  0.525572  0.407398  0.533122  0.604193  0.695237  0.711281  0.705558  0.498067  0.737572  0.701756  0.574503  0.606480  0.851414  0.541131  0.710620  0.703458  0.415919  0.538966  0.631512  0.498689  0.655857  0.629877  0.465364  0.670667  0.667600  0.594095  0.562933  0.537103  0.537378  0.527408  0.578666  0.751152  0.675181  0.612141  0.801666  0.717139  0.628398  0.745928  0.646448  0.655544  0.707287  0.630665  0.488983  0.571198  0.806427  0.729479  0.652163  0.635557  0.588531  0.668065  0.631462  0.568592  0.865787  0.605745  0.739307  0.786612  0.576725  0.633442  0.689090  0.615154  0.562121  0.453987  0.669946  0.393915  0.657029  0.573685  0.729609  0.725004  0.579809  0.660143  0.559622  0.748199  0.624717  0.748974  0.591528  0.696367  0.608531  0.700874  0.768665 
10  0.533044  0.583681  0.725808  0.575261  0.580133  0.628920  0.567957  0.672800  0.737130  0.698901 0.0  0.739202  0.751073  0.875527  0.533648  0.665987  0.516318  0.558031  0.513410  0.619092  0.734474  0.623189  0.604344  0.761481  0.565572  0.715871  0.766900  0.650079  0.702838  0.500308  0.921398  0.849919  0.546256  0.687889  0.480216  0.634405  0.432404  0.511862  0.600814  0.718091  0.728595  0.698778  0.758279  0.674816  0.699850  0.567345  0.651737  0.809225  0.588876  0.815606  0.733242  0.510844  0.670349  0.658294  0.568277  0.737942  0.703499  0.660818  0.566275  0.590310  0.606037  0.723667  0.813100  0.702804  0.788290  0.730659  0.745435  0.753766  0.802837  0.592187  0.754436  0.675239  0.466600  0.704387  0.661884  0.837777  0.465397  0.517292  0.856678  0.826537  0.701906  0.774309  0.501961  0.576051  0.524892  0.712377  0.867769  0.768298  0.743117  0.789463  0.839870  0.739451  0.698175  0.701696  0.769334  0.670249  0.613124  0.822695  0.728427  0.771471  0.777480  0.566339  0.535355  0.690807  0.720729  0.667972  0.651959  0.581980  0.743229  0.640621  0.826132  0.713502  0.647301  0.815668  0.794551  0.491733  0.786841  0.547242  0.617479  0.757670  0.611028  0.525123  0.771668  0.786483  0.742454  0.732143  0.777312  0.776681  0.733218  0.526398  0.825858  0.766063  0.751710  0.511003  0.654669  0.764285  0.771358  0.625300  0.579551  0.820145  0.482896  0.613322  0.738700  0.781325  0.606493  0.742683  0.732970  0.652603  0.676497  0.761814  0.762273  0.852783  0.843956  0.791544  0.619947  0.843956  0.842853  0.740170  0.832825  0.777584  0.815062  0.713581  0.782714  0.686760  0.798462  0.834822  0.711168  0.481503  0.468044  0.541760  0.799366  0.354390  0.502086  0.769713  0.792997  0.753192  0.668681  0.798492  0.652539  0.782130  0.529188  0.739463  0.741557  0.673745  0.509104  0.837828  0.669014  0.584785  0.476191  0.585781  0.356231  0.815085  0.559766  0.799722  0.590803  0.737200  0.777434 
11  0.617893  0.368240  0.401237  0.664987  0.636897  0.612439  0.689123  0.556992  0.416090  0.522868  0.739202 0.0  0.574365  0.742965  0.660145  0.640881  0.538461  0.448343  0.652562  0.811669  0.676861  0.619681  0.275792  0.493208  0.640360  0.527489  0.719574  0.403701  0.510143  0.560521  0.746256  0.701935  0.634527  0.721613  0.675526  0.476058  0.720395  0.596136  0.664009  0.485727  0.726919  0.495838  0.335527  0.604612  0.496376  0.595187  0.469510  0.724348  0.578430  0.407581  0.448704  0.512746  0.448515  0.526050  0.546970  0.542162  0.483017  0.481943  0.686490  0.521342  0.501584  0.771559  0.624015  0.642333  0.635768  0.683026  0.568232  0.534858  0.456271  0.519160  0.677187  0.438142  0.645771  0.559997  0.458484  0.728743  0.666319  0.730276  0.725752  0.735351  0.742600  0.661873  0.608230  0.605718  0.607445  0.615574  0.569163  0.743104  0.630194  0.608421  0.642463  0.388486  0.662535  0.683025  0.711158  0.546411  0.655825  0.618297  0.744071  0.723307  0.693257  0.634046  0.701528  0.712344  0.539250  0.399371  0.409719  0.765466  0.544595  0.577872  0.549682  0.644444  0.414605  0.543213  0.614158  0.657206  0.708373  0.697653  0.477090  0.493217  0.433399  0.602479  0.754535  0.776498  0.684923  0.527667  0.698278  0.678714  0.591825  0.552454  0.826925  0.595211  0.724049  0.719920  0.572837  0.576732  0.708214  0.443910  0.638684  0.675330  0.534370  0.703750  0.852773  0.533074  0.531020  0.638419  0.525567  0.400557  0.426130  0.770289  0.685618  0.672247  0.779177  0.735597  0.694631  0.774244  0.688899  0.766049  0.724766  0.778625  0.579839  0.407716  0.825543  0.796638  0.744755  0.634563  0.516347  0.620439  0.694166  0.676224  0.771364  0.576636  0.658477  0.730326  0.707318  0.623716  0.528201  0.650963  0.452366  0.258820  0.634769  0.303510  0.756847  0.540978  0.707044  0.814219  0.508051  0.720339  0.641736  0.637500  0.718925  0.739193  0.698656  0.704189  0.568147  0.677903  0.681203 
12  0.648460  0.669204  0.502485  0.639333  0.702764  0.710793  0.652974  0.603680  0.631909  0.496661  0.751073  0.574365 0.0  0.631308  0.803552  0.617877  0.604091  0.585848  0.778095  0.818464  0.808488  0.552827  0.517480  0.401861  0.680842  0.434788  0.562551  0.696140  0.695394  0.691034  0.626801  0.748823  0.792542  0.498795  0.761227  0.644023  0.728419  0.687638  0.791763  0.482951  0.574563  0.609722  0.535556  0.645895  0.704943  0.715330  0.475496  0.680806  0.475921  0.712571  0.580411  0.627109  0.592057  0.574223  0.712199  0.550427  0.516287  0.623152  0.817754  0.655251  0.544735  0.638602  0.552213  0.689231  0.569505  0.716794  0.577026  0.615425  0.581142  0.560895  0.723436  0.573028  0.837736  0.592764  0.639592  0.677310  0.779163  0.689959  0.670755  0.667804  0.618279  0.630430  0.880249  0.660359  0.666499  0.493532  0.545867  0.744745  0.671306  0.663743  0.604811  0.577640  0.571735  0.525210  0.610648  0.363138  0.699269  0.495983  0.590823  0.583874  0.604998  0.624215  0.660584  0.544451  0.479332  0.517925  0.512704  0.755561  0.635389  0.430745  0.494228  0.474292  0.628206  0.471276  0.694184  0.706206  0.695446  0.714843  0.620519  0.450360  0.582091  0.749661  0.662298  0.563788  0.783035  0.537826  0.690612  0.658897  0.568147  0.650010  0.793023  0.429150  0.661274  0.827402  0.555586  0.475828  0.611436  0.711745  0.641537  0.535317  0.628688  0.770718  0.704306  0.500398  0.660409  0.506427  0.641255  0.665023  0.566273  0.649899  0.626701  0.646044  0.795989  0.584585  0.702071  0.712053  0.609614  0.619808  0.650777  0.671366  0.395618  0.479406  0.706697  0.645938  0.622294  0.513077  0.532533  0.711655  0.719949  0.669023  0.768062  0.659621  0.757973  0.756152  0.768053  0.624523  0.594695  0.646996  0.664651  0.493003  0.795531  0.531384  0.626676  0.541488  0.740819  0.698186  0.584406  0.706613  0.704853  0.649467  0.812795  0.713452  0.684846  0.754836  0.649250  0.530028  0.847593 
13  0.812714  0.672724  0.626658  0.779317  0.816584  0.787778  0.676589  0.557348  0.619607  0.605478  0.875527  0.742965  0.631308 0.0  0.750262  0.413548  0.801731  0.751702  0.772776  0.697899  0.718596  0.660158  0.686402  0.609029  0.756219  0.561940  0.545305  0.735867  0.703894  0.682683  0.604878  0.661261  0.880194  0.733252  0.662072  0.831396  0.694749  0.765176  0.822186  0.668371  0.478887  0.681493  0.751145  0.708784  0.773367  0.822443  0.766907  0.661144  0.766333  0.715743  0.670285  0.746112  0.633974  0.841736  0.810151  0.636733  0.575423  0.699980  0.705023  0.740425  0.588083  0.653246  0.643062  0.422289  0.608755  0.459240  0.720406  0.689578  0.700431  0.709835  0.688552  0.623044  0.684131  0.675627  0.696763  0.550787  0.736146  0.768782  0.634681  0.650702  0.551712  0.460554  0.769129  0.747426  0.810108  0.744863  0.617094  0.523808  0.674425  0.562903  0.598825  0.621911  0.495863  0.596613  0.576611  0.592652  0.656435  0.578161  0.612089  0.665679  0.337757  0.676123  0.741294  0.488733  0.653148  0.756961  0.668617  0.856039  0.637205  0.694672  0.593632  0.563196  0.626057  0.533712  0.680769  0.775507  0.613630  0.770143  0.670536  0.627483  0.656726  0.780264  0.614169  0.686686  0.650647  0.594429  0.638418  0.300835  0.531522  0.814445  0.748337  0.463043  0.614939  0.795750  0.675622  0.612646  0.606714  0.663042  0.724753  0.490903  0.641896  0.859426  0.675255  0.560799  0.682784  0.561530  0.724161  0.602483  0.634608  0.635093  0.715665  0.583154  0.623846  0.565357  0.590011  0.582422  0.478558  0.456296  0.529463  0.816251  0.599891  0.574883  0.637457  0.634059  0.478362  0.700842  0.552369  0.669818  0.777305  0.698959  0.852442  0.733598  0.721910  0.577907  0.320898  0.596526  0.546835  0.588763  0.699443  0.597787  0.821668  0.670423  0.718246  0.673985  0.830836  0.654689  0.706530  0.627815  0.685520  0.776289  0.768941  0.761071  0.759779  0.513736  0.755392  0.478096  0.790888 
14  0.772971  0.787670  0.711571  0.627321  0.616628  0.620154  0.577808  0.769398  0.705798  0.712254  0.533648  0.660145  0.803552  0.750262 0.0  0.720453  0.660165  0.730268  0.597278  0.401524  0.606279  0.666665  0.665705  0.686866  0.679392  0.739395  0.788942  0.733590  0.618577  0.646147  0.904599  0.871688  0.653484  0.733859  0.586594  0.707879  0.634588  0.595090  0.444441  0.751806  0.699824  0.750525  0.771686  0.618031  0.649884  0.662883  0.654720  0.852320  0.677498  0.808037  0.685763  0.665494  0.787408  0.689993  0.653711  0.728258  0.709539  0.691515  0.569651  0.670719  0.572874  0.790197  0.770933  0.728706  0.734132  0.628566  0.796047  0.686988  0.653077  0.725566  0.751246  0.655614  0.602052  0.686724  0.660688  0.829874  0.684661  0.704765  0.751296  0.810350  0.721889  0.879011  0.653610  0.597466  0.692383  0.766402  0.741726  0.755217  0.759585  0.668479  0.721822  0.671730  0.725501  0.752742  0.789752  0.720939  0.560512  0.770799  0.732235  0.692830  0.724693  0.567073  0.545540  0.657937  0.858973  0.741358  0.741877  0.496779  0.689266  0.670618  0.762616  0.826822  0.731746  0.726163  0.776080  0.464653  0.817689  0.530270  0.714267  0.704448  0.681993  0.537447  0.861799  0.780829  0.865315  0.756106  0.910982  0.725608  0.668115  0.705278  0.752319  0.767839  0.759132  0.470151  0.750263  0.720288  0.782407  0.795700  0.672115  0.776419  0.712862  0.454766  0.795581  0.722287  0.619800  0.713026  0.797460  0.666950  0.691005  0.708774  0.803773  0.832810  0.820044  0.731787  0.657779  0.873435  0.776057  0.775640  0.841143  0.858897  0.780586  0.713287  0.842332  0.824111  0.832589  0.770776  0.716975  0.673866  0.504841  0.568348  0.945267  0.588505  0.356040  0.794423  0.779409  0.756434  0.742879  0.787870  0.641984  0.703258  0.437955  0.707836  0.700198  0.740868  0.405042  0.858264  0.724820  0.557167  0.590494  0.754030  0.481561  0.856502  0.535353  0.783358  0.679623  0.811787  0.964643 
15  0.730319  0.628305  0.582205  0.739613  0.708975  0.869397  0.768881  0.663332  0.700565  0.721423  0.665987  0.640881  0.617877  0.413548  0.720453 0.0  0.725315  0.698805  0.751740  0.754311  0.685896  0.759610  0.580249  0.532766  0.724849  0.614827  0.618388  0.645801  0.673873  0.806200  0.564826  0.679193  0.753049  0.640094  0.752096  0.594494  0.868392  0.741847  0.784996  0.620273  0.494114  0.708266  0.657615  0.752648  0.688942  0.836256  0.808097  0.607187  0.745617  0.683791  0.698994  0.632839  0.689501  0.765495  0.814202  0.692497  0.666542  0.688385  0.705721  0.624391  0.716150  0.569880  0.557217  0.503767  0.592830  0.404448  0.580267  0.702287  0.663184  0.693296  0.658223  0.650855  0.833510  0.663779  0.693747  0.512714  0.666263  0.768667  0.568492  0.584366  0.564859  0.518876  0.723877  0.838536  0.789203  0.574270  0.608544  0.539791  0.704780  0.698348  0.634983  0.743485  0.415706  0.570647  0.539852  0.552384  0.693766  0.591347  0.572975  0.712460  0.402634  0.673121  0.781232  0.397182  0.588577  0.674211  0.783207  0.766553  0.603856  0.632543  0.724214  0.507415  0.715562  0.561658  0.724645  0.761279  0.602752  0.697915  0.612187  0.693155  0.660579  0.724663  0.572972  0.675785  0.563165  0.687967  0.613405  0.443274  0.446232  0.693972  0.736255  0.579338  0.715393  0.754818  0.633970  0.628369  0.659938  0.635787  0.762887  0.568241  0.709014  0.884360  0.633244  0.566797  0.709902  0.577360  0.690406  0.727988  0.645577  0.663502  0.606147  0.629808  0.681995  0.627333  0.612272  0.641263  0.571605  0.394130  0.547081  0.795886  0.647094  0.701673  0.543320  0.738025  0.524042  0.581176  0.597634  0.705813  0.722122  0.683083  0.617675  0.652720  0.749069  0.616158  0.314754  0.626884  0.574904  0.591529  0.706567  0.731505  0.771834  0.695747  0.653829  0.672866  0.878106  0.589217  0.693939  0.824466  0.737416  0.718727  0.819550  0.806449  0.718768  0.696155  0.731281  0.418111  0.669242 
16  0.690724  0.422489  0.449225  0.736171  0.638333  0.698134  0.568848  0.532385  0.460195  0.589661  0.516318  0.538461  0.604091  0.801731  0.660165  0.725315 0.0  0.573742  0.652616  0.773191  0.597583  0.430196  0.627631  0.634458  0.541182  0.742448  0.613505  0.570453  0.483017  0.629690  0.832709  0.756822  0.632516  0.548540  0.636673  0.566246  0.633321  0.651778  0.659786  0.615130  0.589308  0.489665  0.588233  0.469571  0.481589  0.539229  0.493581  0.665896  0.506632  0.589895  0.283201  0.559862  0.489544  0.255765  0.635470  0.576117  0.483725  0.434482  0.653637  0.569360  0.267668  0.746727  0.631883  0.666820  0.720274  0.716260  0.612149  0.433151  0.498226  0.464853  0.798302  0.488345  0.570379  0.431375  0.454758  0.787687  0.657052  0.504735  0.804468  0.759615  0.712204  0.648298  0.634618  0.674540  0.529969  0.717485  0.677014  0.604869  0.744147  0.695354  0.683640  0.484872  0.658265  0.668969  0.710562  0.477514  0.579361  0.493239  0.755754  0.674183  0.560636  0.591396  0.755102  0.658840  0.582688  0.477876  0.468906  0.695882  0.517912  0.627579  0.729770  0.606940  0.355211  0.679590  0.776781  0.676424  0.822791  0.795876  0.503089  0.482759  0.532431  0.524844  0.700721  0.825076  0.726202  0.446446  0.734614  0.596371  0.685469  0.495037  0.817792  0.637944  0.718286  0.736184  0.632005  0.656273  0.637383  0.444123  0.581988  0.792457  0.459236  0.708794  0.744476  0.757495  0.420381  0.660998  0.466462  0.502571  0.519641  0.655125  0.644274  0.793331  0.686164  0.746009  0.631075  0.766734  0.760113  0.697593  0.762562  0.729091  0.644847  0.532727  0.715887  0.680538  0.684858  0.734754  0.484176  0.715038  0.722960  0.610555  0.721324  0.749661  0.736494  0.675107  0.691398  0.727432  0.715832  0.636209  0.380092  0.460870  0.734180  0.520524  0.781890  0.588827  0.658410  0.826095  0.632344  0.627524  0.592295  0.460685  0.766081  0.837462  0.563769  0.768106  0.587858  0.761410  0.804312 
17  0.611665  0.441689  0.411033  0.685262  0.545577  0.753347  0.575565  0.449896  0.441599  0.641019  0.558031  0.448343  0.585848  0.751702  0.730268  0.698805  0.573742 0.0  0.738669  0.660998  0.643298  0.495598  0.237986  0.631581  0.653462  0.568921  0.622305  0.288163  0.616462  0.627454  0.715280  0.660690  0.726485  0.499650  0.648286  0.373010  0.696543  0.654792  0.707407  0.613016  0.639544  0.588467  0.155399  0.502350  0.495997  0.718690  0.470372  0.819591  0.541823  0.391851  0.422382  0.515294  0.584173  0.447668  0.583125  0.592127  0.533271  0.425432  0.698642  0.606134  0.525321  0.668567  0.721199  0.602966  0.793688  0.714405  0.555484  0.441547  0.406362  0.534928  0.617889  0.486976  0.689863  0.469499  0.355735  0.740577  0.583352  0.725352  0.753496  0.710646  0.675569  0.673236  0.670660  0.635478  0.603428  0.654617  0.667838  0.677063  0.721680  0.610546  0.669506  0.372716  0.632534  0.751441  0.724786  0.636711  0.533298  0.648227  0.736651  0.637546  0.690003  0.691310  0.808217  0.685769  0.515894  0.371447  0.438434  0.770233  0.597653  0.531408  0.423205  0.727665  0.449694  0.635868  0.705934  0.695709  0.714963  0.743646  0.359441  0.481735  0.522606  0.708521  0.642896  0.826750  0.653759  0.502241  0.744148  0.680878  0.689803  0.587856  0.889136  0.695886  0.740116  0.824018  0.540290  0.586626  0.679328  0.430528  0.638113  0.656751  0.495305  0.629321  0.761512  0.720968  0.539373  0.670148  0.330847  0.424891  0.397665  0.753550  0.641840  0.681410  0.725915  0.800341  0.668580  0.782690  0.719355  0.808136  0.669420  0.706591  0.591735  0.544000  0.628184  0.762095  0.696729  0.681574  0.602054  0.655519  0.682036  0.639512  0.721070  0.602103  0.650025  0.769301  0.711512  0.610786  0.611130  0.638309  0.477902  0.350063  0.709637  0.369132  0.623148  0.578792  0.841280  0.695963  0.589522  0.726302  0.652471  0.548952  0.669811  0.758524  0.718141  0.731122  0.554132  0.690860  0.802747 
18  0.426077  0.546644  0.583365  0.450495  0.572757  0.488291  0.270955  0.705217  0.636456  0.802241  0.513410  0.652562  0.778095  0.772776  0.597278  0.751740  0.652616  0.738669 0.0  0.751232  0.529294  0.444019  0.662644  0.720945  0.473952  0.788207  0.709458  0.667679  0.553291  0.465657  0.775330  0.689076  0.420133  0.673340  0.473211  0.671600  0.589010  0.425162  0.582393  0.709817  0.738161  0.641972  0.571361  0.472189  0.533341  0.371279  0.524144  0.765568  0.432034  0.539723  0.573344  0.486552  0.750328  0.636025  0.494566  0.706362  0.638082  0.656545  0.498210  0.478874  0.604303  0.787023  0.798461  0.721436  0.822373  0.731239  0.613372  0.648825  0.627002  0.552994  0.832311  0.610849  0.463100  0.605891  0.693812  0.812826  0.477013  0.581373  0.759573  0.740085  0.769399  0.730508  0.374424  0.470075  0.590215  0.760211  0.802384  0.675083  0.875210  0.717901  0.800731  0.712841  0.634102  0.763428  0.777254  0.663770  0.392488  0.737083  0.827655  0.833216  0.731831  0.439381  0.673358  0.732777  0.758965  0.647815  0.711608  0.567894  0.632271  0.758740  0.712718  0.717882  0.740821  0.652358  0.811388  0.509040  0.723117  0.632085  0.635235  0.726870  0.689632  0.523171  0.788991  0.843904  0.776726  0.628447  0.840665  0.843667  0.766384  0.445858  0.857377  0.680903  0.767607  0.589476  0.606002  0.750241  0.857540  0.597390  0.608271  0.728282  0.644305  0.621432  0.787476  0.750242  0.579357  0.703209  0.669140  0.649653  0.551001  0.750796  0.757444  0.790533  0.840091  0.751740  0.812931  0.818816  0.894664  0.774725  0.794883  0.797800  0.698235  0.699341  0.801349  0.698409  0.741523  0.683402  0.637634  0.522263  0.505579  0.497766  0.761570  0.524052  0.590458  0.813084  0.803663  0.776184  0.746534  0.817978  0.588156  0.704505  0.706085  0.672064  0.722345  0.737376  0.618694  0.698586  0.722104  0.584526  0.347968  0.599478  0.630824  0.835310  0.536253  0.791919  0.604633  0.760859  0.779388 
19  0.518998  0.763750  0.792758  0.631744  0.628662  0.691162  0.591853  0.757727  0.693727  0.751183  0.619092  0.811669  0.818464  0.697899  0.401524  0.754311  0.773191  0.660998  0.751232 0.0  0.674791  0.642430  0.795849  0.621277  0.762675  0.834770  0.806823  0.652525  0.651851  0.631142  0.843531  0.746661  0.588890  0.784706  0.611142  0.725125  0.584283  0.719562  0.351508  0.727331  0.739400  0.645171  0.698735  0.638001  0.660097  0.624617  0.766528  0.901188  0.660552  0.783916  0.721050  0.653232  0.807054  0.724625  0.626454  0.615376  0.792461  0.666542  0.657631  0.742860  0.693511  0.734669  0.699463  0.847821  0.699557  0.732269  0.843393  0.733309  0.746954  0.761348  0.858989  0.700068  0.623598  0.793833  0.730092  0.738763  0.742125  0.674123  0.813814  0.720991  0.798812  0.778055  0.534840  0.632334  0.712925  0.738034  0.870875  0.759806  0.843725  0.747101  0.769320  0.742575  0.724007  0.908098  0.825594  0.679209  0.621514  0.703187  0.744623  0.762351  0.750595  0.612528  0.529190  0.794658  0.661555  0.744058  0.805950  0.529163  0.662158  0.790944  0.768284  0.822479  0.706424  0.856541  0.760960  0.595508  0.829220  0.273321  0.652089  0.701858  0.745531  0.582120  0.848079  0.802076  0.869295  0.754267  0.860565  0.694135  0.711637  0.713138  0.810559  0.868529  0.761872  0.419545  0.705956  0.891097  0.934145  0.687738  0.658428  0.859519  0.729584  0.475962  0.823239  0.746633  0.600586  0.799010  0.739813  0.680366  0.783162  0.945659  0.694713  0.781419  0.791590  0.795430  0.786516  0.863251  0.756371  0.774629  0.760326  0.826753  0.733096  0.636612  0.823451  0.854817  0.854189  0.874490  0.688051  0.576497  0.558104  0.604497  0.800515  0.593765  0.537776  0.798376  0.868133  0.794211  0.765052  0.721901  0.702466  0.768054  0.413195  0.743012  0.768476  0.634755  0.544779  0.893616  0.801302  0.347703  0.537966  0.650573  0.555131  0.845805  0.704813  0.804446  0.600192  0.856486  0.813155 
